0,0,11.073185765070631,3.025707108583636,1.0,0.0,0.0,1.0,0.0,0.0
1,0,5.060170836052354,7.988834612420118,1.0,1.0,0.0,1.0,0.0,1.0
2,0,3.93842243747965,0.0,0.0,0.0,0.0,1.0,1.0,0.0
3,0,3.9857957384668583,6.012726256760515,0.0,0.0,0.0,0.0,0.0,1.0
4,0,11.950645520346466,11.023181761668091,1.0,1.0,1.0,0.0,1.0,1.0
5,0,3.0727609027229787,9.031805106933994,0.0,1.0,0.0,1.0,1.0,0.0
6,0,6.960524430616656,1.9705005397649789,0.0,0.0,0.0,0.0,1.0,1.0
7,0,11.004094681271203,10.08201320333677,0.0,0.0,0.0,1.0,0.0,0.0
8,0,8.978595446201133,2.035232801943432,0.0,1.0,0.0,0.0,0.0,0.0
9,0,9.020725812363244,10.054667426671864,0.0,0.0,0.0,0.0,1.0,0.0
10,0,1.031165374631719,5.051380204024739,0.0,0.0,1.0,1.0,0.0,0.0
11,0,8.928169547427013,5.031799706262787,1.0,1.0,0.0,0.0,1.0,1.0
12,0,8.978480987461923,0.0471022072671453,0.0,1.0,1.0,0.0,0.0,0.0
13,0,1.9712065101750889,0.0,1.0,0.0,0.0,0.0,1.0,0.0
14,0,10.98326520227129,4.016906033569826,0.0,0.0,1.0,0.0,1.0,0.0
15,0,4.99618038107814,5.922557154536266,1.0,1.0,0.0,1.0,1.0,0.0
16,0,0.0517799885015193,3.014176999786989,0.0,0.0,0.0,1.0,0.0,1.0
17,0,0.0256451268801463,12.0,0.0,0.0,1.0,0.0,1.0,1.0
18,0,0.0508376955450455,0.0036153599578244,0.0,0.0,1.0,1.0,0.0,1.0
19,0,5.936381653616844,4.987146791177451,0.0,1.0,0.0,0.0,0.0,1.0
0,5,11.136847101099912,3.0467491222580705,1.0,0.0,0.0,1.0,0.0,0.0
1,5,5.135286861226991,7.973574247287612,1.0,1.0,0.0,1.0,0.0,1.0
2,5,3.889410169647116,0.0,0.0,0.0,0.0,1.0,1.0,0.0
3,5,3.964731323784034,6.031387508118118,0.0,0.0,0.0,0.0,0.0,1.0
4,5,11.92334286184477,11.035596673072366,1.0,1.0,1.0,0.0,1.0,1.0
5,5,3.1282445855212053,9.05491317593351,0.0,1.0,0.0,1.0,1.0,0.0
6,5,6.919079231402021,1.937767993776025,0.0,0.0,0.0,0.0,1.0,1.0
7,5,11.00913696480284,10.158033724192045,0.0,0.0,0.0,1.0,0.0,0.0
8,5,8.95980834384727,2.066910447322172,0.0,1.0,0.0,0.0,0.0,0.0
9,5,9.048470967870928,10.131528817247204,0.0,0.0,0.0,0.0,1.0,0.0
10,5,1.0631307209575311,5.100340978753184,0.0,0.0,1.0,1.0,0.0,0.0
11,5,8.86888420699262,5.05907178808166,1.0,1.0,0.0,0.0,1.0,1.0
12,5,8.953957530032907,0.1007955499934245,0.0,1.0,1.0,0.0,0.0,0.0
13,5,1.9358547671966264,0.0,1.0,0.0,0.0,0.0,1.0,0.0
14,5,10.964419494191258,4.036014280521721,0.0,0.0,1.0,0.0,1.0,0.0
15,5,4.991555055415068,5.843690376594025,1.0,1.0,0.0,1.0,1.0,0.0
16,5,0.0898036460579627,3.02481124739686,0.0,0.0,0.0,1.0,0.0,1.0
17,5,0.0571205650014112,12.0,0.0,0.0,1.0,0.0,1.0,1.0
18,5,0.1285831481503674,0.0122503728631639,0.0,0.0,1.0,1.0,0.0,1.0
19,5,5.869075323624774,4.97396022207285,0.0,1.0,0.0,0.0,0.0,1.0
0,10,11.210054689523744,3.070911430649956,1.0,0.0,0.0,1.0,0.0,0.0
1,10,5.219515401929755,7.955853195690197,1.0,1.0,0.0,1.0,0.0,1.0
2,10,3.833762077946228,0.0,0.0,0.0,0.0,1.0,1.0,0.0
3,10,3.939494888919803,6.054031125154417,0.0,0.0,0.0,0.0,0.0,1.0
4,10,11.899900081788973,11.046247324118696,1.0,1.0,1.0,0.0,1.0,1.0
5,10,3.18215291069884,9.077806595499084,0.0,1.0,0.0,1.0,1.0,0.0
6,10,6.893345450753477,1.918408909816186,0.0,0.0,0.0,0.0,1.0,1.0
7,10,11.013839509230062,10.237742400940489,0.0,0.0,0.0,1.0,0.0,0.0
8,10,8.94512951191963,2.091660141717671,0.0,1.0,0.0,0.0,0.0,0.0
9,10,9.070795230502588,10.197286643672353,0.0,0.0,0.0,0.0,1.0,0.0
10,10,1.108688778974325,5.169408933749649,0.0,0.0,1.0,1.0,0.0,0.0
11,10,8.803588231127286,5.089986057246367,1.0,1.0,0.0,0.0,1.0,1.0
12,10,8.933491660572258,0.1477362104749041,0.0,1.0,1.0,0.0,0.0,0.0
13,10,1.908596753048579,0.0,1.0,0.0,0.0,0.0,1.0,0.0
14,10,10.957840474579228,4.042918425298472,0.0,0.0,1.0,0.0,1.0,0.0
15,10,4.924580185982665,5.846465129066593,1.0,1.0,0.0,1.0,1.0,0.0
16,10,0.11761640241959,3.0323211265627505,0.0,0.0,0.0,1.0,0.0,1.0
17,10,0.0975112142199045,12.0,0.0,0.0,1.0,0.0,1.0,1.0
18,10,0.1983960789091599,0.0191039154537517,0.0,0.0,1.0,1.0,0.0,1.0
19,10,5.7984924466089725,4.9600688213740405,0.0,1.0,0.0,0.0,0.0,1.0
0,15,11.277106370159954,3.092168766252378,1.0,0.0,0.0,1.0,0.0,0.0
1,15,5.301645989791002,7.935681774158665,1.0,1.0,0.0,1.0,0.0,1.0
2,15,3.778150425349472,0.0,0.0,0.0,0.0,1.0,1.0,0.0
3,15,3.905176820449064,6.082799120484291,0.0,0.0,0.0,0.0,0.0,1.0
4,15,11.888649130085446,11.051195807035167,1.0,1.0,1.0,0.0,1.0,1.0
5,15,3.2366503849061723,9.102639161468888,0.0,1.0,0.0,1.0,1.0,0.0
6,15,6.907222958914929,1.899264804030455,0.0,0.0,0.0,0.0,1.0,1.0
7,15,11.016975833027844,10.306839833289608,0.0,0.0,0.0,1.0,0.0,0.0
8,15,8.92182461817577,2.130582024761292,0.0,1.0,0.0,0.0,0.0,0.0
9,15,9.098744174209326,10.276051256275904,0.0,0.0,0.0,0.0,1.0,0.0
10,15,1.1521671818533052,5.238657056379033,0.0,0.0,1.0,1.0,0.0,0.0
11,15,8.738670949227314,5.122367466565221,1.0,1.0,0.0,0.0,1.0,1.0
12,15,8.91218156895509,0.1991839017558369,0.0,1.0,1.0,0.0,0.0,0.0
13,15,1.8933943601526764,0.0,1.0,0.0,0.0,0.0,1.0,0.0
14,15,10.938606486734482,4.06362216886718,0.0,0.0,1.0,0.0,1.0,0.0
15,15,4.868971008550343,5.847980308753855,1.0,1.0,0.0,1.0,1.0,0.0
16,15,0.1440508818705727,3.039386646698108,0.0,0.0,0.0,1.0,0.0,1.0
17,15,0.139895173837485,12.0,0.0,0.0,1.0,0.0,1.0,1.0
18,15,0.2615484046945542,0.0255925769199649,0.0,0.0,1.0,1.0,0.0,1.0
19,15,5.7276071708046725,4.946051381848224,0.0,1.0,0.0,0.0,0.0,1.0
0,20,11.33207256956798,3.109308871088871,1.0,0.0,0.0,1.0,0.0,0.0
1,20,5.367862289379713,7.919362595175254,1.0,1.0,0.0,1.0,0.0,1.0
2,20,3.719086808636975,0.0,0.0,0.0,0.0,1.0,1.0,0.0
3,20,3.8707234870442617,6.113222171943138,0.0,0.0,0.0,0.0,0.0,1.0
4,20,11.85201683944273,11.06802392945598,1.0,1.0,1.0,0.0,1.0,1.0
5,20,3.2842237974661206,9.124425061386564,0.0,1.0,0.0,1.0,1.0,0.0
6,20,6.925596949969907,1.8744205019689917,0.0,0.0,0.0,0.0,1.0,1.0
7,20,11.01951173761391,10.39007687625049,0.0,0.0,0.0,1.0,0.0,0.0
8,20,8.880229952850945,2.106290726701281,0.0,1.0,0.0,0.0,0.0,0.0
9,20,9.126502499358732,10.358989819439364,0.0,0.0,0.0,0.0,1.0,0.0
10,20,1.2080314122644782,5.324522510237276,0.0,0.0,1.0,1.0,0.0,0.0
11,20,8.661905076975863,5.160427902007721,1.0,1.0,0.0,0.0,1.0,1.0
12,20,8.886805530121855,0.2582551619150943,0.0,1.0,1.0,0.0,0.0,0.0
13,20,1.889972129605998,0.0,1.0,0.0,0.0,0.0,1.0,0.0
14,20,10.927838158528308,4.075846954504197,0.0,0.0,1.0,0.0,1.0,0.0
15,20,4.8033628015755685,5.850643610668968,1.0,1.0,0.0,1.0,1.0,0.0
16,20,0.1677603804393546,3.046102690163823,0.0,0.0,0.0,1.0,0.0,1.0
17,20,0.1861833828870016,12.0,0.0,0.0,1.0,0.0,1.0,1.0
18,20,0.3097784877854516,0.0310687172546971,0.0,0.0,1.0,1.0,0.0,1.0
19,20,5.674786928397098,4.936074664203919,0.0,1.0,0.0,0.0,0.0,1.0
0,25,11.386341880281185,3.125076798270127,1.0,0.0,0.0,1.0,0.0,0.0
1,25,5.432658796320736,7.902844655891636,1.0,1.0,0.0,1.0,0.0,1.0
2,25,3.646605870871052,0.0,0.0,0.0,0.0,1.0,1.0,0.0
3,25,3.83144755686391,6.148620416042693,0.0,0.0,0.0,0.0,0.0,1.0
4,25,11.810516686907691,11.086884764356462,1.0,1.0,1.0,0.0,1.0,1.0
5,25,3.332215845204211,9.145896474620134,0.0,1.0,0.0,1.0,1.0,0.0
6,25,6.946805504257861,1.8462939931212212,0.0,0.0,0.0,0.0,1.0,1.0
7,25,11.021627258884944,10.459902051318933,0.0,0.0,0.0,1.0,0.0,0.0
8,25,8.832158988992619,2.0783422223791947,0.0,1.0,0.0,0.0,0.0,0.0
9,25,9.15490308750836,10.449409015784394,0.0,0.0,0.0,0.0,1.0,0.0
10,25,1.2549298899202703,5.392983429414498,0.0,0.0,1.0,1.0,0.0,0.0
11,25,8.59570831973129,5.192966261050778,1.0,1.0,0.0,0.0,1.0,1.0
12,25,8.859164796351322,0.3211878943177842,0.0,1.0,1.0,0.0,0.0,0.0
13,25,1.9002584474862416,0.0058718017856263,1.0,0.0,0.0,0.0,1.0,0.0
14,25,10.910814300187608,4.095979969507423,0.0,0.0,1.0,0.0,1.0,0.0
15,25,4.724399346455504,5.851622668529501,1.0,1.0,0.0,1.0,1.0,0.0
16,25,0.1842694078208216,3.0501019455428287,0.0,0.0,0.0,1.0,0.0,1.0
17,25,0.2364563355645155,12.0,0.0,0.0,1.0,0.0,1.0,1.0
18,25,0.3707775781216127,0.0362838272757906,0.0,0.0,1.0,1.0,0.0,1.0
19,25,5.616655982744945,4.925115177709441,0.0,1.0,0.0,0.0,0.0,1.0
0,30,11.448808599529215,3.1425756993098126,1.0,0.0,0.0,1.0,0.0,0.0
1,30,5.4936006086521365,7.886846626394032,1.0,1.0,0.0,1.0,0.0,1.0
2,30,3.573558853357287,0.0,0.0,0.0,0.0,1.0,1.0,0.0
3,30,3.779528321898845,6.194065346360638,0.0,0.0,0.0,0.0,0.0,1.0
4,30,11.777982780674096,11.101816419685028,1.0,1.0,1.0,0.0,1.0,1.0
5,30,3.381934549554429,9.167896106622626,0.0,1.0,0.0,1.0,1.0,0.0
6,30,6.96138627726773,1.825950564474034,0.0,0.0,0.0,0.0,1.0,1.0
7,30,11.022334462839632,10.51067303480943,0.0,0.0,0.0,1.0,0.0,0.0
8,30,8.795546317083328,2.056801154106327,0.0,1.0,0.0,0.0,0.0,0.0
9,30,9.061338553642695,10.4779043858489,0.0,0.0,0.0,0.0,1.0,0.0
10,30,1.2957116381224003,5.456674783256995,0.0,0.0,1.0,1.0,0.0,0.0
11,30,8.535264819449818,5.22028650196602,1.0,1.0,0.0,0.0,1.0,1.0
12,30,8.83450179124106,0.3750314908431794,0.0,1.0,1.0,0.0,0.0,0.0
13,30,1.917312846593864,0.0158529376732095,1.0,0.0,0.0,0.0,1.0,0.0
14,30,10.889058939486778,4.120894436481153,0.0,0.0,1.0,0.0,1.0,0.0
15,30,4.671315103009326,5.851855694574135,1.0,1.0,0.0,1.0,1.0,0.0
16,30,0.1939299797470098,3.0524774520861704,0.0,0.0,0.0,1.0,0.0,1.0
17,30,0.2998794308284842,12.0,0.0,0.0,1.0,0.0,1.0,1.0
18,30,0.4367085203668855,0.0397822806168856,0.0,0.0,1.0,1.0,0.0,1.0
19,30,5.569494507871664,4.914726328893204,0.0,1.0,0.0,0.0,0.0,1.0
0,35,11.499656259248685,3.157838662544414,1.0,0.0,0.0,1.0,0.0,0.0
1,35,5.511527570452478,7.959837080003174,1.0,1.0,0.0,1.0,0.0,1.0
2,35,3.4766892506639846,0.0,0.0,0.0,0.0,1.0,1.0,0.0
3,35,3.720179044347704,6.244215337851533,0.0,0.0,0.0,0.0,0.0,1.0
4,35,11.73822015408499,11.120472386562732,1.0,1.0,1.0,0.0,1.0,1.0
5,35,3.428961202225264,9.18962706146075,0.0,1.0,0.0,1.0,1.0,0.0
6,35,6.968782893073955,1.8154034422357976,0.0,0.0,0.0,0.0,1.0,1.0
7,35,11.022975279819253,10.567876860939034,0.0,0.0,0.0,1.0,0.0,0.0
8,35,8.779490778718133,2.046747803980881,0.0,1.0,0.0,0.0,0.0,0.0
9,35,8.95389554880105,10.506666510893083,0.0,0.0,0.0,0.0,1.0,0.0
10,35,1.3362553480311858,5.514191091396919,0.0,0.0,1.0,1.0,0.0,0.0
11,35,8.487596644303316,5.243314780591394,1.0,1.0,0.0,0.0,1.0,1.0
12,35,8.80916378077944,0.4295473993754647,0.0,1.0,1.0,0.0,0.0,0.0
13,35,1.9044632602109983,0.0085944652402481,1.0,0.0,0.0,0.0,1.0,0.0
14,35,10.875024451069471,4.136849840809839,0.0,0.0,1.0,0.0,1.0,0.0
15,35,4.670596848520276,5.909735653176957,1.0,1.0,0.0,1.0,1.0,0.0
16,35,0.2082524591539151,3.056374453126677,0.0,0.0,0.0,1.0,0.0,1.0
17,35,0.3704417612269905,12.0,0.0,0.0,1.0,0.0,1.0,1.0
18,35,0.4848752859761748,0.0413267096618228,0.0,0.0,1.0,1.0,0.0,1.0
19,35,5.5261163935231865,4.905022467696934,0.0,1.0,0.0,0.0,0.0,1.0
0,40,11.549925156285962,3.17482672061118,1.0,0.0,0.0,1.0,0.0,0.0
1,40,5.528568573597035,8.0277547725635,1.0,1.0,0.0,1.0,0.0,1.0
2,40,3.383784319337483,0.0,0.0,0.0,0.0,1.0,1.0,0.0
3,40,3.65178363154589,6.301419564025788,0.0,0.0,0.0,0.0,0.0,1.0
4,40,11.69290882738836,11.142900517982008,1.0,1.0,1.0,0.0,1.0,1.0
5,40,3.4912387160551,9.2176655739237,0.0,1.0,0.0,1.0,1.0,0.0
6,40,6.973457844706682,1.809055469753136,0.0,0.0,0.0,0.0,1.0,1.0
7,40,11.02349835182314,10.613683587035636,0.0,0.0,0.0,1.0,0.0,0.0
8,40,8.752154586096458,2.028574438756528,0.0,1.0,0.0,0.0,0.0,0.0
9,40,8.832847966997585,10.537326658136184,0.0,0.0,0.0,0.0,1.0,0.0
10,40,1.3912171578117096,5.59126758754836,0.0,0.0,1.0,1.0,0.0,0.0
11,40,8.440327645317026,5.265403708415647,1.0,1.0,0.0,0.0,1.0,1.0
12,40,8.787606801070874,0.4748759174175707,0.0,1.0,1.0,0.0,0.0,0.0
13,40,1.8751045328220923,0.0,1.0,0.0,0.0,0.0,1.0,0.0
14,40,10.857521669230334,4.157382778770672,0.0,0.0,1.0,0.0,1.0,0.0
15,40,4.670513168576528,5.9546118570410815,1.0,1.0,0.0,1.0,1.0,0.0
16,40,0.2149532691088619,3.058083392019616,0.0,0.0,0.0,1.0,0.0,1.0
17,40,0.4423706379565395,12.0,0.0,0.0,1.0,0.0,1.0,1.0
18,40,0.5187338815815543,0.0425238477698012,0.0,0.0,1.0,1.0,0.0,1.0
19,40,5.46660598819404,4.891834552686731,0.0,1.0,0.0,0.0,0.0,1.0
0,45,11.625579730852053,3.198818471180186,1.0,0.0,0.0,1.0,0.0,0.0
1,45,5.543602690420414,8.093104017060192,1.0,1.0,0.0,1.0,0.0,1.0
2,45,3.2869878869762936,0.0,0.0,0.0,0.0,1.0,1.0,0.0
3,45,3.596862948460993,6.346310829923024,0.0,0.0,0.0,0.0,0.0,1.0
4,45,11.65564167063942,11.161347412628,1.0,1.0,1.0,0.0,1.0,1.0
5,45,3.549368876159832,9.24222757318339,0.0,1.0,0.0,1.0,1.0,0.0
6,45,6.967910946989576,1.816539078865496,0.0,0.0,0.0,0.0,1.0,1.0
7,45,11.02508497663577,10.67085771543255,0.0,0.0,0.0,1.0,0.0,0.0
8,45,8.714775301036322,2.0029446917590046,0.0,1.0,0.0,0.0,0.0,0.0
9,45,8.707938497697338,10.568575905024248,0.0,0.0,0.0,0.0,1.0,0.0
10,45,1.4439009590875844,5.666107965505543,0.0,0.0,1.0,1.0,0.0,0.0
11,45,8.390457565398146,5.289438224945084,1.0,1.0,0.0,0.0,1.0,1.0
12,45,8.749956446258809,0.5553985940144047,0.0,1.0,1.0,0.0,0.0,0.0
13,45,1.8338358473545888,0.0,1.0,0.0,0.0,0.0,1.0,0.0
14,45,10.842237712159893,4.176095615371268,0.0,0.0,1.0,0.0,1.0,0.0
15,45,4.670281164849357,5.988151257543353,1.0,1.0,0.0,1.0,1.0,0.0
16,45,0.2028388203416618,3.0547989946451506,0.0,0.0,0.0,1.0,0.0,1.0
17,45,0.5127431877001313,12.0,0.0,0.0,1.0,0.0,1.0,1.0
18,45,0.5748758461813486,0.0457795170673057,0.0,0.0,1.0,1.0,0.0,1.0
19,45,5.389503463268221,4.877287794111688,0.0,1.0,0.0,0.0,0.0,1.0
0,50,11.690608774485426,3.2200078240420305,1.0,0.0,0.0,1.0,0.0,0.0
1,50,5.562043325003373,8.162246266086179,1.0,1.0,0.0,1.0,0.0,1.0
2,50,3.20870231988655,0.0,0.0,0.0,0.0,1.0,1.0,0.0
3,50,3.551735235380272,6.3830978418584605,0.0,0.0,0.0,0.0,0.0,1.0
4,50,11.595588622545083,11.19022236310515,1.0,1.0,1.0,0.0,1.0,1.0
5,50,3.623275040189311,9.275275513529271,0.0,1.0,0.0,1.0,1.0,0.0
6,50,6.955159253362006,1.834738244511644,0.0,0.0,0.0,0.0,1.0,1.0
7,50,11.025909141395216,10.741811729996847,0.0,0.0,0.0,1.0,0.0,0.0
8,50,8.684872633239232,1.9825701068295492,0.0,1.0,0.0,0.0,0.0,0.0
9,50,8.578228338952785,10.602333653280654,0.0,0.0,0.0,0.0,1.0,0.0
10,50,1.501169054882952,5.749185049225776,0.0,0.0,1.0,1.0,0.0,0.0
11,50,8.332387311583254,5.316847002191681,1.0,1.0,0.0,0.0,1.0,1.0
12,50,8.708347226726698,0.6480497641206313,0.0,1.0,1.0,0.0,0.0,0.0
13,50,1.8041895860686783,0.0,1.0,0.0,0.0,0.0,1.0,0.0
14,50,10.825285672296191,4.196624405942955,0.0,0.0,1.0,0.0,1.0,0.0
15,50,4.671235202437121,6.039298640429584,1.0,1.0,0.0,1.0,1.0,0.0
16,50,0.211334589846507,3.056972744534109,0.0,0.0,0.0,1.0,0.0,1.0
17,50,0.5888539765906882,12.0,0.0,0.0,1.0,0.0,1.0,1.0
18,50,0.6429191390762425,0.0498097956351873,0.0,0.0,1.0,1.0,0.0,1.0
19,50,5.287594781555395,4.859331610349999,0.0,1.0,0.0,0.0,0.0,1.0
0,55,11.739698499840054,3.2363641379149946,1.0,0.0,0.0,1.0,0.0,0.0
1,55,5.579503342526483,8.228540090525147,1.0,1.0,0.0,1.0,0.0,1.0
2,55,3.121679453791964,0.0,0.0,0.0,0.0,1.0,1.0,0.0
3,55,3.499550641015318,6.424007493948667,0.0,0.0,0.0,0.0,0.0,1.0
4,55,11.544694756771667,11.21371731286697,1.0,1.0,1.0,0.0,1.0,1.0
5,55,3.689671281963671,9.304506425184274,0.0,1.0,0.0,1.0,1.0,0.0
6,55,6.944330613421762,1.850750988420213,0.0,0.0,0.0,0.0,1.0,1.0
7,55,11.026267282880193,10.809590251604,0.0,0.0,0.0,1.0,0.0,0.0
8,55,8.634803244552408,1.949666794691904,0.0,1.0,0.0,0.0,0.0,0.0
9,55,8.464524581869817,10.629804080936056,0.0,0.0,0.0,0.0,1.0,0.0
10,55,1.5749138809440997,5.850722329445545,0.0,0.0,1.0,1.0,0.0,0.0
11,55,8.265424996265258,5.347823303894908,1.0,1.0,0.0,0.0,1.0,1.0
12,55,8.660763350315152,0.7461237952437185,0.0,1.0,1.0,0.0,0.0,0.0
13,55,1.767044344768471,0.0,1.0,0.0,0.0,0.0,1.0,0.0
14,55,10.81896518274278,4.204669957134012,0.0,0.0,1.0,0.0,1.0,0.0
15,55,4.671880368705699,6.068464633099455,1.0,1.0,0.0,1.0,1.0,0.0
16,55,0.1936340464378049,3.0520955113321824,0.0,0.0,0.0,1.0,0.0,1.0
17,55,0.6581396115815246,12.0,0.0,0.0,1.0,0.0,1.0,1.0
18,55,0.705702054276708,0.0517795617731687,0.0,0.0,1.0,1.0,0.0,1.0
19,55,5.185184511502992,4.841475661910811,0.0,1.0,0.0,0.0,0.0,1.0
0,60,11.790426816761975,3.2527752721542087,1.0,0.0,0.0,1.0,0.0,0.0
1,60,5.595551984584833,8.293882447285556,1.0,1.0,0.0,1.0,0.0,1.0
2,60,3.044248552921479,0.0,0.0,0.0,0.0,1.0,1.0,0.0
3,60,3.4529539681588397,6.460154009571121,0.0,0.0,0.0,0.0,0.0,1.0
4,60,11.496288369169784,11.234216971714028,1.0,1.0,1.0,0.0,1.0,1.0
5,60,3.761568579409117,9.33682939972739,0.0,1.0,0.0,1.0,1.0,0.0
6,60,6.941330960410113,1.8549494248456893,0.0,0.0,0.0,0.0,1.0,1.0
7,60,11.027402416228304,10.88747760521724,0.0,0.0,0.0,1.0,0.0,0.0
8,60,8.575028976646415,1.9104121423271236,0.0,1.0,0.0,0.0,0.0,0.0
9,60,8.358309610621056,10.65593807091361,0.0,0.0,0.0,0.0,1.0,0.0
10,60,1.6528965898832106,5.962383558263849,0.0,0.0,1.0,1.0,0.0,0.0
11,60,8.210712499648565,5.372255893375222,1.0,1.0,0.0,0.0,1.0,1.0
12,60,8.61086992356956,0.8434611745468339,0.0,1.0,1.0,0.0,0.0,0.0
13,60,1.7452152365535172,0.0,1.0,0.0,0.0,0.0,1.0,0.0
14,60,10.811121221272805,4.215101336369418,0.0,0.0,1.0,0.0,1.0,0.0
15,60,4.673131357791251,6.095048296179552,1.0,1.0,0.0,1.0,1.0,0.0
16,60,0.1993448300785788,3.0534893437279287,0.0,0.0,0.0,1.0,0.0,1.0
17,60,0.73072430491319,12.0,0.0,0.0,1.0,0.0,1.0,1.0
18,60,0.7675775621055454,0.0522622976991371,0.0,0.0,1.0,1.0,0.0,1.0
19,60,5.101917664339787,4.8282994262559935,0.0,1.0,0.0,0.0,0.0,1.0
0,65,11.830318664702984,3.266283866263958,1.0,0.0,0.0,1.0,0.0,0.0
1,65,5.614558511754317,8.368836553804694,1.0,1.0,0.0,1.0,0.0,1.0
2,65,2.963159451807219,0.0,0.0,0.0,0.0,1.0,1.0,0.0
3,65,3.392550308053465,6.506091925181528,0.0,0.0,0.0,0.0,0.0,1.0
4,65,11.425094476650033,11.26523210329804,1.0,1.0,1.0,0.0,1.0,1.0
5,65,3.834152424603389,9.372170378999831,0.0,1.0,0.0,1.0,1.0,0.0
6,65,6.93816654112208,1.859386410558885,0.0,0.0,0.0,0.0,1.0,1.0
7,65,11.028182984921749,10.949855620326286,0.0,0.0,0.0,1.0,0.0,0.0
8,65,8.501577367749368,1.862054619937904,0.0,1.0,0.0,0.0,0.0,0.0
9,65,8.244015836409085,10.687204335206324,0.0,0.0,0.0,0.0,1.0,0.0
10,65,1.7360780533465177,6.082026371474269,0.0,0.0,1.0,1.0,0.0,0.0
11,65,8.154040103527725,5.3979805601711055,1.0,1.0,0.0,0.0,1.0,1.0
12,65,8.562522642048654,0.9384792585538022,0.0,1.0,1.0,0.0,0.0,0.0
13,65,1.7240930008711353,0.0,1.0,0.0,0.0,0.0,1.0,0.0
14,65,10.798680091655708,4.231758539787925,0.0,0.0,1.0,0.0,1.0,0.0
15,65,4.673886736851095,6.1304155271034375,1.0,1.0,0.0,1.0,1.0,0.0
16,65,0.1903186080019207,3.051432986437297,0.0,0.0,0.0,1.0,0.0,1.0
17,65,0.7936491586021003,12.0,0.0,0.0,1.0,0.0,1.0,1.0
18,65,0.8300741397456726,0.0542416081542149,0.0,0.0,1.0,1.0,0.0,1.0
19,65,5.015351673144588,4.816326024487531,0.0,1.0,0.0,0.0,0.0,1.0
0,70,11.881551013805565,3.2840399769298374,1.0,0.0,0.0,1.0,0.0,0.0
1,70,5.629969108939974,8.431263999317547,1.0,1.0,0.0,1.0,0.0,1.0
2,70,2.8716244704792198,0.0,0.0,0.0,0.0,1.0,1.0,0.0
3,70,3.3472830402655167,6.540093432699964,0.0,0.0,0.0,0.0,0.0,1.0
4,70,11.375161878049148,11.286706497853531,1.0,1.0,1.0,0.0,1.0,1.0
5,70,3.88452278028589,9.39754666365948,0.0,1.0,0.0,1.0,1.0,0.0
6,70,6.949861440387656,1.8433196833305487,0.0,0.0,0.0,0.0,1.0,1.0
7,70,11.03094172776204,11.043011281261602,0.0,0.0,0.0,1.0,0.0,0.0
8,70,8.418636065307163,1.805968593214448,0.0,1.0,0.0,0.0,0.0,0.0
9,70,8.130373088258848,10.714285518423209,0.0,0.0,0.0,0.0,1.0,0.0
10,70,1.818117400077772,6.201171082953539,0.0,0.0,1.0,1.0,0.0,0.0
11,70,8.103148899143227,5.420271594851785,1.0,1.0,0.0,0.0,1.0,1.0
12,70,8.519423824415377,1.0250149520940983,0.0,1.0,1.0,0.0,0.0,0.0
13,70,1.7203887315032589,0.0,1.0,0.0,0.0,0.0,1.0,0.0
14,70,10.793267417746726,4.2394798321913,0.0,0.0,1.0,0.0,1.0,0.0
15,70,4.674599778328211,6.15822518732017,1.0,1.0,0.0,1.0,1.0,0.0
16,70,0.178060118135963,3.0490069571838823,0.0,0.0,0.0,1.0,0.0,1.0
17,70,0.8554218987067232,12.0,0.0,0.0,1.0,0.0,1.0,1.0
18,70,0.8830572541228268,0.0561994969495935,0.0,0.0,1.0,1.0,0.0,1.0
19,70,4.922255066962757,4.804208553484881,0.0,1.0,0.0,0.0,0.0,1.0
0,75,11.93230751867864,3.299879007607624,1.0,0.0,0.0,1.0,0.0,0.0
1,75,5.642706302226039,8.477797472421187,1.0,1.0,0.0,1.0,0.0,1.0
2,75,2.7777501421533866,0.0,0.0,0.0,0.0,1.0,1.0,0.0
3,75,3.2921735741396163,6.582227252843646,0.0,0.0,0.0,0.0,0.0,1.0
4,75,11.319127192735005,11.310735640944422,1.0,1.0,1.0,0.0,1.0,1.0
5,75,3.9348694676781166,9.425314573283494,0.0,1.0,0.0,1.0,1.0,0.0
6,75,6.957394853724745,1.8327415012811872,0.0,0.0,0.0,0.0,1.0,1.0
7,75,11.032396051327076,11.138423665462746,0.0,0.0,0.0,1.0,0.0,0.0
8,75,8.33351164013989,1.7494592573985848,0.0,1.0,0.0,0.0,0.0,0.0
9,75,8.005993954818875,10.743378352762996,0.0,0.0,0.0,0.0,1.0,0.0
10,75,1.8873228185503976,6.3047523351520045,0.0,0.0,1.0,1.0,0.0,0.0
11,75,8.042329757788641,5.448296408617884,1.0,1.0,0.0,0.0,1.0,1.0
12,75,8.483989085755484,1.104730086775961,0.0,1.0,1.0,0.0,0.0,0.0
13,75,1.7111721717255084,0.0,1.0,0.0,0.0,0.0,1.0,0.0
14,75,10.794831007850792,4.237349382096118,0.0,0.0,1.0,0.0,1.0,0.0
15,75,4.675119940993186,6.171431338235166,1.0,1.0,0.0,1.0,1.0,0.0
16,75,0.1685463067060491,3.047181486463445,0.0,0.0,0.0,1.0,0.0,1.0
17,75,0.9176297414144748,12.0,0.0,0.0,1.0,0.0,1.0,1.0
18,75,0.9606310085248606,0.0590682795434707,0.0,0.0,1.0,1.0,0.0,1.0
19,75,4.807915184352496,4.789028582970982,0.0,1.0,0.0,0.0,0.0,1.0
0,80,11.985949601335223,3.318251042367398,1.0,0.0,0.0,1.0,0.0,0.0
1,80,5.654286441437223,8.520258714708559,1.0,1.0,0.0,1.0,0.0,1.0
2,80,2.676053297830194,0.0,0.0,0.0,0.0,1.0,1.0,0.0
3,80,3.245991859047053,6.616240148876924,0.0,0.0,0.0,0.0,0.0,1.0
4,80,11.259682678959182,11.335239153843196,1.0,1.0,1.0,0.0,1.0,1.0
5,80,3.994253449777909,9.460056888796322,0.0,1.0,0.0,1.0,1.0,0.0
6,80,6.96894280885012,1.817217355637354,0.0,0.0,0.0,0.0,1.0,1.0
7,80,11.037054793281571,11.237481734738717,0.0,0.0,0.0,1.0,0.0,0.0
8,80,8.25279622113584,1.6966700423673418,0.0,1.0,0.0,0.0,0.0,0.0
9,80,7.880722358516589,10.770888897618772,0.0,0.0,0.0,0.0,1.0,0.0
10,80,1.9514363164269823,6.39554844830672,0.0,0.0,1.0,1.0,0.0,0.0
11,80,8.002553170589955,5.465741524315003,1.0,1.0,0.0,0.0,1.0,1.0
12,80,8.455307117567761,1.1676313942589558,0.0,1.0,1.0,0.0,0.0,0.0
13,80,1.7112855718946771,5.963454820861625e-05,1.0,0.0,0.0,0.0,1.0,0.0
14,80,10.790082496451264,4.243691579897186,0.0,0.0,1.0,0.0,1.0,0.0
15,80,4.676782017489554,6.202752156577567,1.0,1.0,0.0,1.0,1.0,0.0
16,80,0.1847290431755488,3.0503015740275123,0.0,0.0,0.0,1.0,0.0,1.0
17,80,0.9585631747557638,12.0,0.0,0.0,1.0,0.0,1.0,1.0
18,80,1.0161993785741203,0.0605413950599269,0.0,0.0,1.0,1.0,0.0,1.0
19,80,4.705482939038963,4.776352059321157,0.0,1.0,0.0,0.0,0.0,1.0
0,85,12.0,3.3349070874732227,1.0,0.0,0.0,1.0,0.0,0.0
1,85,5.663381751156283,8.553947063233045,1.0,1.0,0.0,1.0,0.0,1.0
2,85,2.570844423938292,0.0,0.0,0.0,0.0,1.0,1.0,0.0
3,85,3.1996694153041783,6.651112609191258,0.0,0.0,0.0,0.0,0.0,1.0
4,85,11.210449825472269,11.35493141208115,1.0,1.0,1.0,0.0,1.0,1.0
5,85,4.044807082023451,9.49010278962034,0.0,1.0,0.0,1.0,1.0,0.0
6,85,6.978514923177436,1.80474314303438,0.0,0.0,0.0,0.0,1.0,1.0
7,85,11.038691005413568,11.35812414032237,0.0,0.0,0.0,1.0,0.0,0.0
8,85,8.182887097590092,1.8015734883103167,0.0,1.0,0.0,0.0,0.0,0.0
9,85,7.779089882573948,10.79132354681807,0.0,0.0,0.0,0.0,1.0,0.0
10,85,2.0103980562731225,6.480081720570064,0.0,0.0,1.0,1.0,0.0,0.0
11,85,7.988291346439934,5.472137559675084,1.0,1.0,0.0,0.0,1.0,1.0
12,85,8.431715719505938,1.2209859211825105,0.0,1.0,1.0,0.0,0.0,0.0
13,85,1.714356117389063,0.0016003411184863,1.0,0.0,0.0,0.0,1.0,0.0
14,85,10.783882609929409,4.251658618501208,0.0,0.0,1.0,0.0,1.0,0.0
15,85,4.677870391633794,6.239736920532591,1.0,1.0,0.0,1.0,1.0,0.0
16,85,0.1826408843361154,3.0498619859657063,0.0,0.0,0.0,1.0,0.0,1.0
17,85,1.0099425351127984,12.0,0.0,0.0,1.0,0.0,1.0,1.0
18,85,1.074655876489261,0.0635695698779917,0.0,0.0,1.0,1.0,0.0,1.0
19,85,4.597687250322827,4.760028193457909,0.0,1.0,0.0,0.0,0.0,1.0
0,90,12.0,3.3511389553893918,1.0,0.0,0.0,1.0,0.0,0.0
1,90,5.675150127174955,8.598942164970214,1.0,1.0,0.0,1.0,0.0,1.0
2,90,2.441149147889416,0.0,0.0,0.0,0.0,1.0,1.0,0.0
3,90,3.157967488686607,6.680857359532717,0.0,0.0,0.0,0.0,0.0,1.0
4,90,11.166171685992722,11.37096293355203,1.0,1.0,1.0,0.0,1.0,1.0
5,90,4.104888577255542,9.52476707323562,0.0,1.0,0.0,1.0,1.0,0.0
6,90,6.974696130261608,1.8097665123626645,0.0,0.0,0.0,0.0,1.0,1.0
7,90,11.040341190939548,11.484071289165216,0.0,0.0,0.0,1.0,0.0,0.0
8,90,8.1122403612277,1.9067776403555847,0.0,1.0,0.0,0.0,0.0,0.0
9,90,7.686931474635189,10.809533341085707,0.0,0.0,0.0,0.0,1.0,0.0
10,90,2.066757374464701,6.559263280083093,0.0,0.0,1.0,1.0,0.0,0.0
11,90,7.980383465859491,5.475780257419246,1.0,1.0,0.0,0.0,1.0,1.0
12,90,8.400705422628155,1.291112210137077,0.0,1.0,1.0,0.0,0.0,0.0
13,90,1.7246277684949536,0.0064593391945243,1.0,0.0,0.0,0.0,1.0,0.0
14,90,10.78103329009146,4.255305048467871,0.0,0.0,1.0,0.0,1.0,0.0
15,90,4.677136300625646,6.294435760162768,1.0,1.0,0.0,1.0,1.0,0.0
16,90,0.1820060477250115,3.049734139020447,0.0,0.0,0.0,1.0,0.0,1.0
17,90,1.068096741155424,12.0,0.0,0.0,1.0,0.0,1.0,1.0
18,90,1.12673471956769,0.065997234794422,0.0,0.0,1.0,1.0,0.0,1.0
19,90,4.510396140545293,4.745073858013956,0.0,1.0,0.0,0.0,0.0,1.0
0,95,12.0,3.365444201107598,1.0,0.0,0.0,1.0,0.0,0.0
1,95,5.6879679337497,8.651352551698215,1.0,1.0,0.0,1.0,0.0,1.0
2,95,2.2894802938655783,0.0,0.0,0.0,0.0,1.0,1.0,0.0
3,95,3.09566797605232,6.724144157678437,0.0,0.0,0.0,0.0,0.0,1.0
4,95,11.121672428996886,11.386254106514412,1.0,1.0,1.0,0.0,1.0,1.0
5,95,4.154882561451776,9.555270516837824,0.0,1.0,0.0,1.0,1.0,0.0
6,95,6.9625230058218905,1.82649712311934,0.0,0.0,0.0,0.0,1.0,1.0
7,95,11.0406470185849,11.600892720448025,0.0,0.0,0.0,1.0,0.0,0.0
8,95,8.053325686963014,1.995875715834968,0.0,1.0,0.0,0.0,0.0,0.0
9,95,7.580169697809968,10.831912673744748,0.0,0.0,0.0,0.0,1.0,0.0
10,95,2.120521368488592,6.633427325489905,0.0,0.0,1.0,1.0,0.0,0.0
11,95,7.9796272179368755,5.476124214683143,1.0,1.0,0.0,0.0,1.0,1.0
12,95,8.369139040423176,1.3627135116961586,0.0,1.0,1.0,0.0,0.0,0.0
13,95,1.7302274922650136,0.009059767188984,1.0,0.0,0.0,0.0,1.0,0.0
14,95,10.784091115037734,4.2515077579652845,0.0,0.0,1.0,0.0,1.0,0.0
15,95,4.676338989085938,6.369782632872051,1.0,1.0,0.0,1.0,1.0,0.0
16,95,0.1947265180445201,3.0526560970230903,0.0,0.0,0.0,1.0,0.0,1.0
17,95,1.1384429236818645,12.0,0.0,0.0,1.0,0.0,1.0,1.0
18,95,1.1325659437222009,0.0662378419456829,0.0,0.0,1.0,1.0,0.0,1.0
19,95,4.418367509847344,4.73030092127893,0.0,1.0,0.0,0.0,0.0,1.0
0,100,12.0,3.3781568084938507,1.0,0.0,0.0,1.0,0.0,0.0
1,100,5.698648124822954,8.696752571814045,1.0,1.0,0.0,1.0,0.0,1.0
2,100,2.1250572219939343,0.0,0.0,0.0,0.0,1.0,1.0,0.0
3,100,3.041184169704122,6.761672388718598,0.0,0.0,0.0,0.0,0.0,1.0
4,100,11.061817297349362,11.40774538398164,1.0,1.0,1.0,0.0,1.0,1.0
5,100,4.20796694735165,9.586645821642485,0.0,1.0,0.0,1.0,1.0,0.0
6,100,6.937744887564928,1.8593974429821991,0.0,0.0,0.0,0.0,1.0,1.0
7,100,11.042518870217796,11.716233516308296,0.0,0.0,0.0,1.0,0.0,0.0
8,100,7.986251337069453,2.092986476184492,0.0,1.0,0.0,0.0,0.0,0.0
9,100,7.468707690163807,10.85533086375549,0.0,0.0,0.0,0.0,1.0,0.0
10,100,2.1814412561556344,6.712671944707897,0.0,0.0,1.0,1.0,0.0,0.0
11,100,7.969859916416926,5.480300391073262,1.0,1.0,0.0,0.0,1.0,1.0
12,100,8.339718595558699,1.4293854769420231,0.0,1.0,1.0,0.0,0.0,0.0
13,100,1.7451223498856725,0.0161970303183969,1.0,0.0,0.0,0.0,1.0,0.0
14,100,10.795037421841355,4.23814758378943,0.0,0.0,1.0,0.0,1.0,0.0
15,100,4.675898888156893,6.447312630614921,1.0,1.0,0.0,1.0,1.0,0.0
16,100,0.2251968509448105,3.0601115271517103,0.0,0.0,0.0,1.0,0.0,1.0
17,100,1.2149541775643409,12.0,0.0,0.0,1.0,0.0,1.0,1.0
18,100,1.1590745814927617,0.0670209306870174,0.0,0.0,1.0,1.0,0.0,1.0
19,100,4.347371859109882,4.720275416298432,0.0,1.0,0.0,0.0,0.0,1.0
0,105,12.0,3.383366087726239,1.0,0.0,0.0,1.0,0.0,0.0
1,105,5.707908154720515,8.737283252774827,1.0,1.0,0.0,1.0,0.0,1.0
2,105,1.9563899042702235,0.0,0.0,0.0,0.0,1.0,1.0,0.0
3,105,2.969967873655864,6.809075235318147,0.0,0.0,0.0,0.0,0.0,1.0
4,105,10.999290076622025,11.429234934114463,1.0,1.0,1.0,0.0,1.0,1.0
5,105,4.278850812027068,9.62700084409303,0.0,1.0,0.0,1.0,1.0,0.0
6,105,6.909879320413184,1.8952316956641968,0.0,0.0,0.0,0.0,1.0,1.0
7,105,11.04557337458866,11.821219148756834,0.0,0.0,0.0,1.0,0.0,0.0
8,105,7.924180481299985,2.17872322670568,0.0,1.0,0.0,0.0,0.0,0.0
9,105,7.365827888557776,10.876053333759794,0.0,0.0,0.0,0.0,1.0,0.0
10,105,2.224753185751028,6.768001290035964,0.0,0.0,1.0,1.0,0.0,0.0
11,105,7.942535592744728,5.492240210954437,1.0,1.0,0.0,0.0,1.0,1.0
12,105,8.316770073698725,1.4837865526370733,0.0,1.0,1.0,0.0,0.0,0.0
13,105,1.7568708638700825,0.0214572564243023,1.0,0.0,0.0,0.0,1.0,0.0
14,105,10.795319290181306,4.237803119282165,0.0,0.0,1.0,0.0,1.0,0.0
15,105,4.598289974602055,6.447727100209141,1.0,1.0,0.0,1.0,1.0,0.0
16,105,0.2624223016691157,3.0689010132002315,0.0,0.0,0.0,1.0,0.0,1.0
17,105,1.2818680066675792,12.0,0.0,0.0,1.0,0.0,1.0,1.0
18,105,1.2193275527256398,0.0696696062744599,0.0,0.0,1.0,1.0,0.0,1.0
19,105,4.264130402117966,4.706608804670669,0.0,1.0,0.0,0.0,0.0,1.0
0,110,11.988345826230749,3.378793270232599,1.0,0.0,0.0,1.0,0.0,0.0
1,110,5.7205044559963145,8.785521548123006,1.0,1.0,0.0,1.0,0.0,1.0
2,110,1.785317082530121,0.0,0.0,0.0,0.0,1.0,1.0,0.0
3,110,2.894017209696795,6.861709433631864,0.0,0.0,0.0,0.0,0.0,1.0
4,110,10.9333071579195,11.451893075712444,1.0,1.0,1.0,0.0,1.0,1.0
5,110,4.350857869445616,9.668569515843176,0.0,1.0,0.0,1.0,1.0,0.0
6,110,6.879225137325466,1.935139005093457,0.0,0.0,0.0,0.0,1.0,1.0
7,110,11.049132326294847,11.930825912137111,0.0,0.0,0.0,1.0,0.0,0.0
8,110,7.868219231474044,2.256225590162221,0.0,1.0,0.0,0.0,0.0,0.0
9,110,7.259311203195996,10.899940208119649,0.0,0.0,0.0,0.0,1.0,0.0
10,110,2.263796587644423,6.821142962755032,0.0,0.0,1.0,1.0,0.0,0.0
11,110,7.893421733344178,5.514358946439064,1.0,1.0,0.0,0.0,1.0,1.0
12,110,8.290303445141408,1.5462994286848946,0.0,1.0,1.0,0.0,0.0,0.0
13,110,1.7805588412303492,0.0320089483831073,1.0,0.0,0.0,0.0,1.0,0.0
14,110,10.804924200789683,4.226613310765166,0.0,0.0,1.0,0.0,1.0,0.0
15,110,4.53315237966954,6.448084591428076,1.0,1.0,0.0,1.0,1.0,0.0
16,110,0.3000827845001551,3.076969553448979,0.0,0.0,0.0,1.0,0.0,1.0
17,110,1.3560896491873844,12.0,0.0,0.0,1.0,0.0,1.0,1.0
18,110,1.2848192313252955,0.0726958789349092,0.0,0.0,1.0,1.0,0.0,1.0
19,110,4.188466860954605,4.6955699069305545,0.0,1.0,0.0,0.0,0.0,1.0
0,115,11.985678626473527,3.377817640277578,1.0,0.0,0.0,1.0,0.0,0.0
1,115,5.732458053742283,8.826529389824579,1.0,1.0,0.0,1.0,0.0,1.0
2,115,1.6304742739933475,0.0,0.0,0.0,0.0,1.0,1.0,0.0
3,115,2.823006611247306,6.911560495122548,0.0,0.0,0.0,0.0,0.0,1.0
4,115,10.858070153912688,11.478503722545554,1.0,1.0,1.0,0.0,1.0,1.0
5,115,4.456256588976582,9.73129808371801,0.0,1.0,0.0,1.0,1.0,0.0
6,115,6.849409101695973,1.973828889659326,0.0,0.0,0.0,0.0,1.0,1.0
7,115,11.049679883447208,12.0,0.0,0.0,0.0,1.0,0.0,0.0
8,115,7.810695863842134,2.335463882247457,0.0,1.0,0.0,0.0,0.0,0.0
9,115,7.148521976171026,10.922955751496945,0.0,0.0,0.0,0.0,1.0,0.0
10,115,2.309409169446801,6.8806929396461785,0.0,0.0,1.0,1.0,0.0,0.0
11,115,7.831752855541739,5.542993231049739,1.0,1.0,0.0,0.0,1.0,1.0
12,115,8.266119481803669,1.6119506420168064,0.0,1.0,1.0,0.0,0.0,0.0
13,115,1.8180204190010063,0.0495355965638862,1.0,0.0,0.0,0.0,1.0,0.0
14,115,10.800656753851626,4.231584434183763,0.0,0.0,1.0,0.0,1.0,0.0
15,115,4.46857575222705,6.448428377031582,1.0,1.0,0.0,1.0,1.0,0.0
16,115,0.3276648024847148,3.081948990752076,0.0,0.0,0.0,1.0,0.0,1.0
17,115,1.4240418902231686,12.0,0.0,0.0,1.0,0.0,1.0,1.0
18,115,1.354554461653627,0.0749206455564538,0.0,0.0,1.0,1.0,0.0,1.0
19,115,4.120223658738769,4.684525404782477,0.0,1.0,0.0,0.0,0.0,1.0
0,120,11.998815617336422,3.3823779215404466,1.0,0.0,0.0,1.0,0.0,0.0
1,120,5.742306868134056,8.863800934207651,1.0,1.0,0.0,1.0,0.0,1.0
2,120,1.458586067932369,0.0,0.0,0.0,0.0,1.0,1.0,0.0
3,120,2.7354819968256945,6.976631176722156,0.0,0.0,0.0,0.0,0.0,1.0
4,120,10.775434879908286,11.506623735755127,1.0,1.0,1.0,0.0,1.0,1.0
5,120,4.532150871066593,9.775468115913592,0.0,1.0,0.0,1.0,1.0,0.0
6,120,6.839763186231704,1.9858249760544384,0.0,0.0,0.0,0.0,1.0,1.0
7,120,11.053199489328607,12.0,0.0,0.0,0.0,1.0,0.0,0.0
8,120,7.756500345153426,2.410165877559492,0.0,1.0,0.0,0.0,0.0,0.0
9,120,7.023121135323745,10.95101196791276,0.0,0.0,0.0,0.0,1.0,0.0
10,120,2.3597570355423483,6.945778650765845,0.0,0.0,1.0,1.0,0.0,0.0
11,120,7.772756637053097,5.570835244592188,1.0,1.0,0.0,0.0,1.0,1.0
12,120,8.24662366785271,1.6661758230275856,0.0,1.0,1.0,0.0,0.0,0.0
13,120,1.8686273232690889,0.0728731002970406,1.0,0.0,0.0,0.0,1.0,0.0
14,120,10.782105002043956,4.254018079416297,0.0,0.0,1.0,0.0,1.0,0.0
15,120,4.420292479983324,6.448059679688258,1.0,1.0,0.0,1.0,1.0,0.0
16,120,0.3435068195531483,3.085266419918331,0.0,0.0,0.0,1.0,0.0,1.0
17,120,1.4833598419814351,12.0,0.0,0.0,1.0,0.0,1.0,1.0
18,120,1.276966822412651,0.0721107935750812,0.0,0.0,1.0,1.0,0.0,1.0
19,120,4.047822286390654,4.670251309062193,0.0,1.0,0.0,0.0,0.0,1.0
0,125,12.0,3.3842362144250235,1.0,0.0,0.0,1.0,0.0,0.0
1,125,5.754009064982239,8.907678335953678,1.0,1.0,0.0,1.0,0.0,1.0
2,125,1.2955280190214342,0.0,0.0,0.0,0.0,1.0,1.0,0.0
3,125,2.643699054351098,7.046563265720521,0.0,0.0,0.0,0.0,0.0,1.0
4,125,10.689230111409357,11.534978311137625,1.0,1.0,1.0,0.0,1.0,1.0
5,125,4.607298150176513,9.819978675010328,0.0,1.0,0.0,1.0,1.0,0.0
6,125,6.812848579182622,2.019558490907257,0.0,0.0,0.0,0.0,1.0,1.0
7,125,11.057880297320295,12.0,0.0,0.0,0.0,1.0,0.0,0.0
8,125,7.698180111276911,2.4908884549210697,0.0,1.0,0.0,0.0,0.0,0.0
9,125,6.928798079142063,10.968763240853368,0.0,0.0,0.0,0.0,1.0,0.0
10,125,2.4037199059255614,7.003050929120214,0.0,0.0,1.0,1.0,0.0,0.0
11,125,7.697939873350712,5.604212066428564,1.0,1.0,0.0,0.0,1.0,1.0
12,125,8.233685953625141,1.7023907866308357,0.0,1.0,1.0,0.0,0.0,0.0
13,125,1.9298564120398805,0.0979943171889991,1.0,0.0,0.0,0.0,1.0,0.0
14,125,10.765133171744273,4.274849311797227,0.0,0.0,1.0,0.0,1.0,0.0
15,125,4.36740124350928,6.447991879083902,1.0,1.0,0.0,1.0,1.0,0.0
16,125,0.3725664697547054,3.090589120504441,0.0,0.0,0.0,1.0,0.0,1.0
17,125,1.5525671558019825,12.0,0.0,0.0,1.0,0.0,1.0,1.0
18,125,1.1993325484048094,0.0679546283646888,0.0,0.0,1.0,1.0,0.0,1.0
19,125,3.970076987781147,4.654489000475291,0.0,1.0,0.0,0.0,0.0,1.0
0,130,12.0,3.392756020688753,1.0,0.0,0.0,1.0,0.0,0.0
1,130,5.7659335623918215,8.951896269843937,1.0,1.0,0.0,1.0,0.0,1.0
2,130,1.1232547393727834,0.0,0.0,0.0,0.0,1.0,1.0,0.0
3,130,2.542948716873931,7.125918552255615,0.0,0.0,0.0,0.0,0.0,1.0
4,130,10.594170782337653,11.566769785310353,1.0,1.0,1.0,0.0,1.0,1.0
5,130,4.684363017810508,9.864991899914855,0.0,1.0,0.0,1.0,1.0,0.0
6,130,6.787117815454158,2.051592109090782,0.0,0.0,0.0,0.0,1.0,1.0
7,130,11.063972370419537,12.0,0.0,0.0,0.0,1.0,0.0,0.0
8,130,7.641718996808184,2.5640514623547603,0.0,1.0,0.0,0.0,0.0,0.0
9,130,6.828955552049226,10.985167371849782,0.0,0.0,0.0,0.0,1.0,0.0
10,130,2.4603062821130224,7.078771084984612,0.0,0.0,1.0,1.0,0.0,0.0
11,130,7.615519746951619,5.640565464480662,1.0,1.0,0.0,0.0,1.0,1.0
12,130,8.219278301955168,1.741947854847384,0.0,1.0,1.0,0.0,0.0,0.0
13,130,1.9920427140142036,0.1213209821064549,1.0,0.0,0.0,0.0,1.0,0.0
14,130,10.7530654277395,4.289116011972243,0.0,0.0,1.0,0.0,1.0,0.0
15,130,4.314102493639583,6.448159504947833,1.0,1.0,0.0,1.0,1.0,0.0
16,130,0.3774618188618427,3.062086584038605,0.0,0.0,0.0,1.0,0.0,1.0
17,130,1.631981782485992,12.0,0.0,0.0,1.0,0.0,1.0,1.0
18,130,1.111268359209169,0.0656772652604523,0.0,0.0,1.0,1.0,0.0,1.0
19,130,3.8769406485704874,4.632958180982026,0.0,1.0,0.0,0.0,0.0,1.0
0,135,12.0,3.4057994625945334,1.0,0.0,0.0,1.0,0.0,0.0
1,135,5.774315728565687,8.98171890643854,1.0,1.0,0.0,1.0,0.0,1.0
2,135,0.9511426802967922,0.0,0.0,0.0,0.0,1.0,1.0,0.0
3,135,2.4494059408190134,7.202884486234028,0.0,0.0,0.0,0.0,0.0,1.0
4,135,10.497267240475818,11.600230365655396,1.0,1.0,1.0,0.0,1.0,1.0
5,135,4.752124242222056,9.90675996764714,0.0,1.0,0.0,1.0,1.0,0.0
6,135,6.7405070287687465,2.11240091496109,0.0,0.0,0.0,0.0,1.0,1.0
7,135,11.066585336500896,12.0,0.0,0.0,0.0,1.0,0.0,0.0
8,135,7.577030565602873,2.649221496249797,0.0,1.0,0.0,0.0,0.0,0.0
9,135,6.7256287732085935,11.00243495834271,0.0,0.0,0.0,0.0,1.0,0.0
10,135,2.530699930720774,7.16371819168167,0.0,0.0,1.0,1.0,0.0,0.0
11,135,7.518505511448192,5.680851862144874,1.0,1.0,0.0,0.0,1.0,1.0
12,135,8.202477442108915,1.7882035218370214,0.0,1.0,1.0,0.0,0.0,0.0
13,135,2.034745597080696,0.1367828869981119,1.0,0.0,0.0,0.0,1.0,0.0
14,135,10.725621586637786,4.321748775499533,0.0,0.0,1.0,0.0,1.0,0.0
15,135,4.256180121155296,6.447095211894816,1.0,1.0,0.0,1.0,1.0,0.0
16,135,0.3836067418663699,3.0283595668326764,0.0,0.0,0.0,1.0,0.0,1.0
17,135,1.704140243192655,12.0,0.0,0.0,1.0,0.0,1.0,1.0
18,135,1.027254840525159,0.0656635628092852,0.0,0.0,1.0,1.0,0.0,1.0
19,135,3.770294076920608,4.610046177200018,0.0,1.0,0.0,0.0,0.0,1.0
0,140,12.0,3.4076876733379438,1.0,0.0,0.0,1.0,0.0,0.0
1,140,5.779105094395524,8.998173181840048,1.0,1.0,0.0,1.0,0.0,1.0
2,140,0.7901612510743734,0.0,0.0,0.0,0.0,1.0,1.0,0.0
3,140,2.347445764083889,7.284354932321426,0.0,0.0,0.0,0.0,0.0,1.0
4,140,10.394676028443088,11.633868123050735,1.0,1.0,1.0,0.0,1.0,1.0
5,140,4.814436301302337,9.946481082558458,0.0,1.0,0.0,1.0,1.0,0.0
6,140,6.692758406805793,2.1746616433387,0.0,0.0,0.0,0.0,1.0,1.0
7,140,11.066822396970764,12.0,0.0,0.0,0.0,1.0,0.0,0.0
8,140,7.520695026894067,2.7262279085177985,0.0,1.0,0.0,0.0,0.0,0.0
9,140,6.625629616243255,11.02047458063774,0.0,0.0,0.0,0.0,1.0,0.0
10,140,2.587348866461097,7.229928103157842,0.0,0.0,1.0,1.0,0.0,0.0
11,140,7.407479327343664,5.726897683036494,1.0,1.0,0.0,0.0,1.0,1.0
12,140,8.18380314031479,1.8398824368070297,0.0,1.0,1.0,0.0,0.0,0.0
13,140,2.06636014140511,0.1469619923149103,1.0,0.0,0.0,0.0,1.0,0.0
14,140,10.706158786816369,4.345459290520119,0.0,0.0,1.0,0.0,1.0,0.0
15,140,4.215695743448542,6.447062718691302,1.0,1.0,0.0,1.0,1.0,0.0
16,140,0.3883564745530236,2.997128920023348,0.0,0.0,0.0,1.0,0.0,1.0
17,140,1.77684060381462,12.0,0.0,0.0,1.0,0.0,1.0,1.0
18,140,0.9640035424986898,0.0666421956157464,0.0,0.0,1.0,1.0,0.0,1.0
19,140,3.687131356222873,4.59342256473862,0.0,1.0,0.0,0.0,0.0,1.0
0,145,12.0,3.412959680701734,1.0,0.0,0.0,1.0,0.0,0.0
1,145,5.783571529387785,9.013511751713631,1.0,1.0,0.0,1.0,0.0,1.0
2,145,0.6021078904937381,0.0,0.0,0.0,0.0,1.0,1.0,0.0
3,145,2.2349887905143406,7.373799973384222,0.0,0.0,0.0,0.0,0.0,1.0
4,145,10.283454732089302,11.67196517596405,1.0,1.0,1.0,0.0,1.0,1.0
5,145,4.881237279236825,9.990511866121084,0.0,1.0,0.0,1.0,1.0,0.0
6,145,6.655619508199443,2.2234038039123694,0.0,0.0,0.0,0.0,1.0,1.0
7,145,11.065128729763666,12.0,0.0,0.0,0.0,1.0,0.0,0.0
8,145,7.457795828666442,2.813703906176793,0.0,1.0,0.0,0.0,0.0,0.0
9,145,6.526195344549422,11.03825294770932,0.0,0.0,0.0,0.0,1.0,0.0
10,145,2.642951585867778,7.29041857079414,0.0,0.0,1.0,1.0,0.0,0.0
11,145,7.33150188351629,5.760865644693851,1.0,1.0,0.0,0.0,1.0,1.0
12,145,8.16452785047752,1.8919728561016225,0.0,1.0,1.0,0.0,0.0,0.0
13,145,2.0666033982736294,0.147048240640474,1.0,0.0,0.0,0.0,1.0,0.0
14,145,10.67318505923232,4.384785837842567,0.0,0.0,1.0,0.0,1.0,0.0
15,145,4.177644614781977,6.44796650593546,1.0,1.0,0.0,1.0,1.0,0.0
16,145,0.3932126286583279,2.9615598898899105,0.0,0.0,0.0,1.0,0.0,1.0
17,145,1.856797832249688,12.0,0.0,0.0,1.0,0.0,1.0,1.0
18,145,0.9081996564787824,0.0666512590034173,0.0,0.0,1.0,1.0,0.0,1.0
19,145,3.6004924070612567,4.574611602566933,0.0,1.0,0.0,0.0,0.0,1.0
0,150,12.0,3.413807713014467,1.0,0.0,0.0,1.0,0.0,0.0
1,150,5.7896822525266485,9.031839844013597,1.0,1.0,0.0,1.0,0.0,1.0
2,150,0.4289982184814891,0.0,0.0,0.0,0.0,1.0,1.0,0.0
3,150,2.1324064613071534,7.456914798403583,0.0,0.0,0.0,0.0,0.0,1.0
4,150,10.16590422079394,11.713760703753984,1.0,1.0,1.0,0.0,1.0,1.0
5,150,4.964103058858838,10.045462088507758,0.0,1.0,0.0,1.0,1.0,0.0
6,150,6.618061166220426,2.274896762745194,0.0,0.0,0.0,0.0,1.0,1.0
7,150,11.064642607230375,12.0,0.0,0.0,0.0,1.0,0.0,0.0
8,150,7.388931900794316,2.9147450367622394,0.0,1.0,0.0,0.0,0.0,0.0
9,150,6.425337353652943,11.05827153525484,0.0,0.0,0.0,0.0,1.0,0.0
10,150,2.703679578479125,7.357996094027559,0.0,0.0,1.0,1.0,0.0,0.0
11,150,7.278393063587496,5.7815388445177565,1.0,1.0,0.0,0.0,1.0,1.0
12,150,8.15132990970721,1.928894116122645,0.0,1.0,1.0,0.0,0.0,0.0
13,150,2.064770341750901,0.1463859923640075,1.0,0.0,0.0,0.0,1.0,0.0
14,150,10.648216856010048,4.414516635486373,0.0,0.0,1.0,0.0,1.0,0.0
15,150,4.151193484428132,6.44818453131408,1.0,1.0,0.0,1.0,1.0,0.0
16,150,0.3944893037838579,2.9513683220351634,0.0,0.0,0.0,1.0,0.0,1.0
17,150,1.9434938913459316,12.0,0.0,0.0,1.0,0.0,1.0,1.0
18,150,0.8633176999737635,0.0668204879154911,0.0,0.0,1.0,1.0,0.0,1.0
19,150,3.511144962728533,4.550663181774102,0.0,1.0,0.0,0.0,0.0,1.0
0,155,11.99777566592546,3.4128814954559394,1.0,0.0,0.0,1.0,0.0,0.0
1,155,5.800086585681268,9.062924055395674,1.0,1.0,0.0,1.0,0.0,1.0
2,155,0.2524746024482617,0.0,0.0,0.0,0.0,1.0,1.0,0.0
3,155,2.0265118167918152,7.545407647241035,0.0,0.0,0.0,0.0,0.0,1.0
4,155,10.047981040576015,11.758246879038474,1.0,1.0,1.0,0.0,1.0,1.0
5,155,5.039371602464724,10.096096523213296,0.0,1.0,0.0,1.0,1.0,0.0
6,155,6.571732869882393,2.337705434213559,0.0,0.0,0.0,0.0,1.0,1.0
7,155,11.059853940789216,12.0,0.0,0.0,0.0,1.0,0.0,0.0
8,155,7.327248795152703,3.0016016107453742,0.0,1.0,0.0,0.0,0.0,0.0
9,155,6.305099746679296,11.08235433647612,0.0,0.0,0.0,0.0,1.0,0.0
10,155,2.7465354924166228,7.404093801240606,0.0,0.0,1.0,1.0,0.0,0.0
11,155,7.218072685567653,5.804712471283762,1.0,1.0,0.0,0.0,1.0,1.0
12,155,8.131724397654162,1.984280564256169,0.0,1.0,1.0,0.0,0.0,0.0
13,155,2.044944199084728,0.1395570531617685,1.0,0.0,0.0,0.0,1.0,0.0
14,155,10.635858986620851,4.430428296128813,0.0,0.0,1.0,0.0,1.0,0.0
15,155,4.123618360233801,6.447485757873948,1.0,1.0,0.0,1.0,1.0,0.0
16,155,0.3958833430988012,2.939280133853303,0.0,0.0,0.0,1.0,0.0,1.0
17,155,2.01800508886544,12.0,0.0,0.0,1.0,0.0,1.0,1.0
18,155,0.8171083120246165,0.0658961654291205,0.0,0.0,1.0,1.0,0.0,1.0
19,155,3.4318142202865105,4.528138614076763,0.0,1.0,0.0,0.0,0.0,1.0
0,160,11.98707363631969,3.4084600441839967,1.0,0.0,0.0,1.0,0.0,0.0
1,160,5.810046260561865,9.093669055413654,1.0,1.0,0.0,1.0,0.0,1.0
2,160,0.08254295094839,0.0,0.0,0.0,0.0,1.0,1.0,0.0
3,160,1.942449546836496,7.615015377763772,0.0,0.0,0.0,0.0,0.0,1.0
4,160,9.917862127969654,11.806283156872,1.0,1.0,1.0,0.0,1.0,1.0
5,160,5.130777502441644,10.158084215302264,0.0,1.0,0.0,1.0,1.0,0.0
6,160,6.519674566293975,2.410759396395455,0.0,0.0,0.0,0.0,1.0,1.0
7,160,11.050673655764742,12.0,0.0,0.0,0.0,1.0,0.0,0.0
8,160,7.247570877043334,3.113975502828939,0.0,1.0,0.0,0.0,0.0,0.0
9,160,6.1818773838925125,11.109405180208975,0.0,0.0,0.0,0.0,1.0,0.0
10,160,2.777594558960399,7.437214536202931,0.0,0.0,1.0,1.0,0.0,0.0
11,160,7.1634698357287965,5.826546077376896,1.0,1.0,0.0,0.0,1.0,1.0
12,160,8.09079810586992,1.9704661789251623,0.0,1.0,1.0,0.0,0.0,0.0
13,160,2.049224444324697,0.1410180148570763,1.0,0.0,0.0,0.0,1.0,0.0
14,160,10.609912202514968,4.409376852331481,0.0,0.0,1.0,0.0,1.0,0.0
15,160,4.0953647850777575,6.447088696658653,1.0,1.0,0.0,1.0,1.0,0.0
16,160,0.397500544715893,2.927189884886506,0.0,0.0,0.0,1.0,0.0,1.0
17,160,2.115935601685146,12.0,0.0,0.0,1.0,0.0,1.0,1.0
18,160,0.7842267307679421,0.0652892543203486,0.0,0.0,1.0,1.0,0.0,1.0
19,160,3.3354220499451985,4.49992232085298,0.0,1.0,0.0,0.0,0.0,1.0
0,165,11.973297154340672,3.40312155681158,1.0,0.0,0.0,1.0,0.0,0.0
1,165,5.828980055988036,9.147333373467458,1.0,1.0,0.0,1.0,0.0,1.0
2,165,0.0,0.0,0.0,0.0,0.0,1.0,1.0,0.0
3,165,1.8625267709659232,7.683487818642896,0.0,0.0,0.0,0.0,0.0,1.0
4,165,9.774221120861716,11.859494778719824,1.0,1.0,1.0,0.0,1.0,1.0
5,165,5.229363863259553,10.225713576052296,0.0,1.0,0.0,1.0,1.0,0.0
6,165,6.460469755414106,2.489125750989301,0.0,0.0,0.0,0.0,1.0,1.0
7,165,11.038674620777732,12.0,0.0,0.0,0.0,1.0,0.0,0.0
8,165,7.16067952302051,3.2347397899044696,0.0,1.0,0.0,0.0,0.0,0.0
9,165,6.062401098597097,11.137621949259238,0.0,0.0,0.0,0.0,1.0,0.0
10,165,2.820811170731083,7.4840637884282195,0.0,0.0,1.0,1.0,0.0,0.0
11,165,7.105694633557441,5.848684748890153,1.0,1.0,0.0,0.0,1.0,1.0
12,165,8.035192573503044,1.9518639027712996,0.0,1.0,1.0,0.0,0.0,0.0
13,165,2.060479154462109,0.145153962387453,1.0,0.0,0.0,0.0,1.0,0.0
14,165,10.573035435669995,4.378867775123437,0.0,0.0,1.0,0.0,1.0,0.0
15,165,4.054395987306522,6.445395396891288,1.0,1.0,0.0,1.0,1.0,0.0
16,165,0.3963280687604338,2.936925191555592,0.0,0.0,0.0,1.0,0.0,1.0
17,165,2.206685096900804,12.0,0.0,0.0,1.0,0.0,1.0,1.0
18,165,0.736618243717121,0.0630600106806062,0.0,0.0,1.0,1.0,0.0,1.0
19,165,3.2226480839656526,4.46717452794511,0.0,1.0,0.0,0.0,0.0,1.0
0,170,11.96547609596763,3.4002481968075107,1.0,0.0,0.0,1.0,0.0,0.0
1,170,5.850228709175178,9.203863918946851,1.0,1.0,0.0,1.0,0.0,1.0
2,170,0.0,0.0,0.0,0.0,0.0,1.0,1.0,0.0
3,170,1.7659186421193902,7.765018174512843,0.0,0.0,0.0,0.0,0.0,1.0
4,170,9.625857170271404,11.914058657180194,1.0,1.0,1.0,0.0,1.0,1.0
5,170,5.318156384722869,10.289982981928455,0.0,1.0,0.0,1.0,1.0,0.0
6,170,6.404139955271563,2.562532714921434,0.0,0.0,0.0,0.0,1.0,1.0
7,170,11.026470497299146,12.0,0.0,0.0,0.0,1.0,0.0,0.0
8,170,7.079557209013119,3.3510618618187373,0.0,1.0,0.0,0.0,0.0,0.0
9,170,5.9753041505359965,11.160376718159204,0.0,0.0,0.0,0.0,1.0,0.0
10,170,2.866301778160868,7.533567028257886,0.0,0.0,1.0,1.0,0.0,0.0
11,170,7.061833105970348,5.865739059861106,1.0,1.0,0.0,0.0,1.0,1.0
12,170,7.989703395905267,1.9367535551819093,0.0,1.0,1.0,0.0,0.0,0.0
13,170,2.060344252136624,0.1455590986218501,1.0,0.0,0.0,0.0,1.0,0.0
14,170,10.506785607841897,4.322211492446551,0.0,0.0,1.0,0.0,1.0,0.0
15,170,4.005329067964361,6.440991980157514,1.0,1.0,0.0,1.0,1.0,0.0
16,170,0.3932627334293342,2.957819589638868,0.0,0.0,0.0,1.0,0.0,1.0
17,170,2.305733622831565,12.0,0.0,0.0,1.0,0.0,1.0,1.0
18,170,0.6795054409626112,0.0599112937869176,0.0,0.0,1.0,1.0,0.0,1.0
19,170,3.133797762566775,4.443070398631718,0.0,1.0,0.0,0.0,0.0,1.0
0,175,11.965364591380506,3.400208663882495,1.0,0.0,0.0,1.0,0.0,0.0
1,175,5.870439997079567,9.255330238337192,1.0,1.0,0.0,1.0,0.0,1.0
2,175,0.0,0.0,0.0,0.0,0.0,1.0,1.0,0.0
3,175,1.649405612042502,7.860472880213008,0.0,0.0,0.0,0.0,0.0,1.0
4,175,9.500940004623452,11.960112222636589,1.0,1.0,1.0,0.0,1.0,1.0
5,175,5.3920560007907605,10.338839136500434,0.0,1.0,0.0,1.0,1.0,0.0
6,175,6.342371997247651,2.6416784405412166,0.0,0.0,0.0,0.0,1.0,1.0
7,175,11.014709473466713,12.0,0.0,0.0,0.0,1.0,0.0,0.0
8,175,7.006590774435416,3.4615264407691546,0.0,1.0,0.0,0.0,0.0,0.0
9,175,5.888370841532053,11.183527167848668,0.0,0.0,0.0,0.0,1.0,0.0
10,175,2.910054398794653,7.58232653155776,0.0,0.0,1.0,1.0,0.0,0.0
11,175,7.00307166362401,5.888838954822036,1.0,1.0,0.0,0.0,1.0,1.0
12,175,7.961593617559949,1.9266301605066585,0.0,1.0,1.0,0.0,0.0,0.0
13,175,2.0584408809623245,0.1516833567633162,1.0,0.0,0.0,0.0,1.0,0.0
14,175,10.427689586942416,4.258074478177577,0.0,0.0,1.0,0.0,1.0,0.0
15,175,3.960477717341609,6.43672070525774,1.0,1.0,0.0,1.0,1.0,0.0
16,175,0.3889760652370003,2.9876430514709478,0.0,0.0,0.0,1.0,0.0,1.0
17,175,2.4073113569454594,12.0,0.0,0.0,1.0,0.0,1.0,1.0
18,175,0.6382898473893454,0.0581101113141825,0.0,0.0,1.0,1.0,0.0,1.0
19,175,3.031812412724543,4.415044480082583,0.0,1.0,0.0,0.0,0.0,1.0
0,180,11.948445910879316,3.3935814045245745,1.0,0.0,0.0,1.0,0.0,0.0
1,180,5.89400893901412,9.31304764749337,1.0,1.0,0.0,1.0,0.0,1.0
2,180,0.0,0.0,0.0,0.0,0.0,1.0,1.0,0.0
3,180,1.7495245319867956,7.980384142490095,0.0,0.0,0.0,0.0,0.0,1.0
4,180,9.35043121567494,12.0,1.0,1.0,1.0,0.0,1.0,1.0
5,180,5.464734435289186,10.386624343660102,0.0,1.0,0.0,1.0,1.0,0.0
6,180,6.277215470079747,2.7225842026436924,0.0,0.0,0.0,0.0,1.0,1.0
7,180,11.00058521403728,12.0,0.0,0.0,0.0,1.0,0.0,0.0
8,180,6.93141199055332,3.578747822649904,0.0,1.0,0.0,0.0,0.0,0.0
9,180,5.7980338575206805,11.206012813144792,0.0,0.0,0.0,0.0,1.0,0.0
10,180,2.9443977585162164,7.622359870159989,0.0,0.0,1.0,1.0,0.0,0.0
11,180,6.938651422143771,5.91257704281852,1.0,1.0,0.0,0.0,1.0,1.0
12,180,7.939423566491346,1.917703124041933,0.0,1.0,1.0,0.0,0.0,0.0
13,180,2.0530686649309327,0.1687563337425686,1.0,0.0,0.0,0.0,1.0,0.0
14,180,10.361317530601362,4.205804888988364,0.0,0.0,1.0,0.0,1.0,0.0
15,180,3.9259338940494346,6.432920562917145,1.0,1.0,0.0,1.0,1.0,0.0
16,180,0.3846425593049573,3.022298742601691,0.0,0.0,0.0,1.0,0.0,1.0
17,180,2.5095467851688498,12.0,0.0,0.0,1.0,0.0,1.0,1.0
18,180,0.6180317342494861,0.0572413801571912,0.0,0.0,1.0,1.0,0.0,1.0
19,180,2.9248635198835515,4.386278610378849,0.0,1.0,0.0,0.0,0.0,1.0
0,185,11.920967444025434,3.382406239553746,1.0,0.0,0.0,1.0,0.0,0.0
1,185,5.9172996853922655,9.369991468427642,1.0,1.0,0.0,1.0,0.0,1.0
2,185,0.0,0.0,0.0,0.0,0.0,1.0,1.0,0.0
3,185,1.8507868857918948,8.109109344975604,0.0,0.0,0.0,0.0,0.0,1.0
4,185,9.2079317924473,12.0,1.0,1.0,1.0,0.0,1.0,1.0
5,185,5.5494111937421575,10.442214423668128,0.0,1.0,0.0,1.0,1.0,0.0
6,185,6.202636924958488,2.8146719261083244,0.0,0.0,0.0,0.0,1.0,1.0
7,185,10.987249867273668,12.0,0.0,0.0,0.0,1.0,0.0,0.0
8,185,6.853091702432588,3.696456818651869,0.0,1.0,0.0,0.0,0.0,0.0
9,185,5.732276633295359,11.218895836149429,0.0,0.0,0.0,0.0,1.0,0.0
10,185,2.9632531311743238,7.644479258001355,0.0,0.0,1.0,1.0,0.0,0.0
11,185,6.88068240665903,5.9317392340782815,1.0,1.0,0.0,0.0,1.0,1.0
12,185,7.929999865230706,1.9138395210413917,0.0,1.0,1.0,0.0,0.0,0.0
13,185,2.0472764666368053,0.1881136129101149,1.0,0.0,0.0,0.0,1.0,0.0
14,185,10.305526669538615,4.161720748224394,0.0,0.0,1.0,0.0,1.0,0.0
15,185,3.8898759040388975,6.428879585195623,1.0,1.0,0.0,1.0,1.0,0.0
16,185,0.3813871710053551,3.0454174983739155,0.0,0.0,0.0,1.0,0.0,1.0
17,185,2.614792536273977,12.0,0.0,0.0,1.0,0.0,1.0,1.0
18,185,0.6187728469444973,0.0572621166200847,0.0,0.0,1.0,1.0,0.0,1.0
19,185,2.8243095338186177,4.361373769159232,0.0,1.0,0.0,0.0,0.0,1.0
0,190,11.911897327096248,3.378601670818134,1.0,0.0,0.0,1.0,0.0,0.0
1,190,5.9440078402207925,9.434799654578589,1.0,1.0,0.0,1.0,0.0,1.0
2,190,0.0,0.0,0.0,0.0,0.0,1.0,1.0,0.0
3,190,1.943481760222208,8.225504046165161,0.0,0.0,0.0,0.0,0.0,1.0
4,190,9.058080122883569,12.0,1.0,1.0,1.0,0.0,1.0,1.0
5,190,5.64163186444193,10.503356852403217,0.0,1.0,0.0,1.0,1.0,0.0
6,190,6.122061657591252,2.911951688855568,0.0,0.0,0.0,0.0,1.0,1.0
7,190,10.97327923425797,12.0,0.0,0.0,0.0,1.0,0.0,0.0
8,190,6.791306264702697,3.7883758791765536,0.0,1.0,0.0,0.0,0.0,0.0
9,190,5.662195597919606,11.232719805544422,0.0,0.0,0.0,0.0,1.0,0.0
10,190,2.9981212577805167,7.684634823695199,0.0,0.0,1.0,1.0,0.0,0.0
11,190,6.816115058771625,5.950922596194328,1.0,1.0,0.0,0.0,1.0,1.0
12,190,7.924461005992914,1.911770715286684,0.0,1.0,1.0,0.0,0.0,0.0
13,190,2.0383119217745533,0.2171586040977933,1.0,0.0,0.0,0.0,1.0,0.0
14,190,10.264118462698342,4.130146138810343,0.0,0.0,1.0,0.0,1.0,0.0
15,190,3.865235050878652,6.425883744344379,1.0,1.0,0.0,1.0,1.0,0.0
16,190,0.3799422125976194,3.056374560227276,0.0,0.0,0.0,1.0,0.0,1.0
17,190,2.7207140324872348,12.0,0.0,0.0,1.0,0.0,1.0,1.0
18,190,0.6444041313671405,0.0576692733843668,0.0,0.0,1.0,1.0,0.0,1.0
19,190,2.7191162730870317,4.334397257336946,0.0,1.0,0.0,0.0,0.0,1.0
0,195,11.893082366080003,3.370582734492597,1.0,0.0,0.0,1.0,0.0,0.0
1,195,5.965815103846689,9.489563646258665,1.0,1.0,0.0,1.0,0.0,1.0
2,195,0.0,0.0,0.0,0.0,0.0,1.0,1.0,0.0
3,195,2.0540655193557766,8.358549897969207,0.0,0.0,0.0,0.0,0.0,1.0
4,195,8.915249942200779,12.0,1.0,1.0,1.0,0.0,1.0,1.0
5,195,5.74709474321056,10.570404004251502,0.0,1.0,0.0,1.0,1.0,0.0
6,195,6.034358547293267,3.01925274613068,0.0,0.0,0.0,0.0,1.0,1.0
7,195,10.958597508046337,12.0,0.0,0.0,0.0,1.0,0.0,0.0
8,195,6.726061886971368,3.893174585513714,0.0,1.0,0.0,0.0,0.0,0.0
9,195,5.592673480770133,11.248569371058542,0.0,0.0,0.0,0.0,1.0,0.0
10,195,3.0274800666505275,7.716789399223503,0.0,0.0,1.0,1.0,0.0,0.0
11,195,6.760420743058233,5.967295894903239,1.0,1.0,0.0,0.0,1.0,1.0
12,195,7.938087751346749,1.9166738695752812,0.0,1.0,1.0,0.0,0.0,0.0
13,195,2.038039980979221,0.2180037873840313,1.0,0.0,0.0,0.0,1.0,0.0
14,195,10.238755518722956,4.110702824747966,0.0,0.0,1.0,0.0,1.0,0.0
15,195,3.846692445659468,6.423945383809137,1.0,1.0,0.0,1.0,1.0,0.0
16,195,0.3773089212610958,3.0825021844661378,0.0,0.0,0.0,1.0,0.0,1.0
17,195,2.81198437254008,12.0,0.0,0.0,1.0,0.0,1.0,1.0
18,195,0.6873495257684862,0.0568892921012303,0.0,0.0,1.0,1.0,0.0,1.0
19,195,2.6184828569864043,4.307217671297073,0.0,1.0,0.0,0.0,0.0,1.0
0,200,11.870839827461143,3.3608449506455136,1.0,0.0,0.0,1.0,0.0,0.0
1,200,5.980983035943218,9.528563629533204,1.0,1.0,0.0,1.0,0.0,1.0
2,200,0.0,0.0,0.0,0.0,0.0,1.0,1.0,0.0
3,200,2.1690927290794635,8.505479106947062,0.0,0.0,0.0,0.0,0.0,1.0
4,200,8.757337347055103,12.0,1.0,1.0,1.0,0.0,1.0,1.0
5,200,5.8332661642237325,10.630018413664022,0.0,1.0,0.0,1.0,1.0,0.0
6,200,5.93991557554529,3.1314075754360493,0.0,0.0,0.0,0.0,1.0,1.0
7,200,10.943424682098115,12.0,0.0,0.0,0.0,1.0,0.0,0.0
8,200,6.656390475105352,4.003344052409924,0.0,1.0,0.0,0.0,0.0,0.0
9,200,5.530281035022054,11.263436340742276,0.0,0.0,0.0,0.0,1.0,0.0
10,200,3.060302844603989,7.753087788903302,0.0,0.0,1.0,1.0,0.0,0.0
11,200,6.6890844110244645,5.988752520658144,1.0,1.0,0.0,0.0,1.0,1.0
12,200,7.953382274172399,1.922857408426976,0.0,1.0,1.0,0.0,0.0,0.0
13,200,2.039521152499496,0.2128851898443064,1.0,0.0,0.0,0.0,1.0,0.0
14,200,10.22143036807639,4.097130628674407,0.0,0.0,1.0,0.0,1.0,0.0
15,200,3.811557331547791,6.420758446661677,1.0,1.0,0.0,1.0,1.0,0.0
16,200,0.3760839315187491,3.095744671229195,0.0,0.0,0.0,1.0,0.0,1.0
17,200,2.8861883517571694,12.0,0.0,0.0,1.0,0.0,1.0,1.0
18,200,0.736688424359614,0.0560383638652019,0.0,0.0,1.0,1.0,0.0,1.0
19,200,2.543173201257094,4.288095619234831,0.0,1.0,0.0,0.0,0.0,1.0
0,205,11.84819321085379,3.350719533591925,1.0,0.0,0.0,1.0,0.0,0.0
1,205,6.003472510317481,9.589090581217125,1.0,1.0,0.0,1.0,0.0,1.0
2,205,0.0,0.0,0.0,0.0,0.0,1.0,1.0,0.0
3,205,2.277306369979259,8.64786399767999,0.0,0.0,0.0,0.0,0.0,1.0
4,205,8.590403520980683,12.0,1.0,1.0,1.0,0.0,1.0,1.0
5,205,5.91295134300134,10.686670041500305,0.0,1.0,0.0,1.0,1.0,0.0
6,205,5.838928598712181,3.2482882760734797,0.0,0.0,0.0,0.0,1.0,1.0
7,205,10.929074759227392,12.0,0.0,0.0,0.0,1.0,0.0,0.0
8,205,6.585108434973117,4.111673683253514,0.0,1.0,0.0,0.0,0.0,0.0
9,205,5.465496767577744,11.279729318653196,0.0,0.0,0.0,0.0,1.0,0.0
10,205,3.113726018987846,7.813152805777939,0.0,0.0,1.0,1.0,0.0,0.0
11,205,6.60762377925854,6.014709120601643,1.0,1.0,0.0,0.0,1.0,1.0
12,205,7.9571720950241875,1.9244349923462605,0.0,1.0,1.0,0.0,0.0,0.0
13,205,2.039257897118488,0.2137812842506189,1.0,0.0,0.0,0.0,1.0,0.0
14,205,10.193869508139802,4.075094456397728,0.0,0.0,1.0,0.0,1.0,0.0
15,205,3.770494079906208,6.417979151689487,1.0,1.0,0.0,1.0,1.0,0.0
16,205,0.3741589230251457,3.1141478576793333,0.0,0.0,0.0,1.0,0.0,1.0
17,205,2.956440888924061,12.0,0.0,0.0,1.0,0.0,1.0,1.0
18,205,0.7776403884473284,0.056168456167039,0.0,0.0,1.0,1.0,0.0,1.0
19,205,2.4635678017570624,4.269978081483876,0.0,1.0,0.0,0.0,0.0,1.0
0,210,11.800803492299757,3.330142795549018,1.0,0.0,0.0,1.0,0.0,0.0
1,210,6.018810075850312,9.627167083487452,1.0,1.0,0.0,1.0,0.0,1.0
2,210,0.0,0.0,0.0,0.0,0.0,1.0,1.0,0.0
3,210,2.389388528171063,8.805237995745276,0.0,0.0,0.0,0.0,0.0,1.0
4,210,8.419725131853683,12.0,1.0,1.0,1.0,0.0,1.0,1.0
5,210,5.996272739769214,10.743487829049998,0.0,1.0,0.0,1.0,1.0,0.0
6,210,5.741020410749333,3.360633429040231,0.0,0.0,0.0,0.0,1.0,1.0
7,210,10.9198701311139,12.0,0.0,0.0,0.0,1.0,0.0,0.0
8,210,6.517572005082474,4.215238193972898,0.0,1.0,0.0,0.0,0.0,0.0
9,210,5.388526655040954,11.301114529993027,0.0,0.0,0.0,0.0,1.0,0.0
10,210,3.164030441031973,7.766836521910198,0.0,0.0,1.0,1.0,0.0,0.0
11,210,6.540302961647069,6.037824123956455,1.0,1.0,0.0,0.0,1.0,1.0
12,210,7.963604634620232,1.9270865919096465,0.0,1.0,1.0,0.0,0.0,0.0
13,210,2.0418399118148582,0.205063384367836,1.0,0.0,0.0,0.0,1.0,0.0
14,210,10.15599044111362,4.046605975666811,0.0,0.0,1.0,0.0,1.0,0.0
15,210,3.716913017524493,6.414805825345678,1.0,1.0,0.0,1.0,1.0,0.0
16,210,0.3738740551705772,3.119377479000052,0.0,0.0,0.0,1.0,0.0,1.0
17,210,3.036640060525853,12.0,0.0,0.0,1.0,0.0,1.0,1.0
18,210,0.8143326527107144,0.0561623936768452,0.0,0.0,1.0,1.0,0.0,1.0
19,210,2.3785084686843607,4.251823836417601,0.0,1.0,0.0,0.0,0.0,1.0
0,215,11.76543546861464,3.3147534500153686,1.0,0.0,0.0,1.0,0.0,0.0
1,215,6.029221031693443,9.650712380650058,1.0,1.0,0.0,1.0,0.0,1.0
2,215,0.0,0.0,0.0,0.0,0.0,1.0,1.0,0.0
3,215,2.497497927554446,8.956598633263882,0.0,0.0,0.0,0.0,0.0,1.0
4,215,8.239793690968527,12.0,1.0,1.0,1.0,0.0,1.0,1.0
5,215,6.097426804247137,10.807268502490318,0.0,1.0,0.0,1.0,1.0,0.0
6,215,5.655103928038289,3.459749846200838,0.0,0.0,0.0,0.0,1.0,1.0
7,215,10.914063553955655,12.0,0.0,0.0,0.0,1.0,0.0,0.0
8,215,6.407517890118757,4.142466828881662,0.0,1.0,0.0,0.0,0.0,0.0
9,215,5.307008658746954,11.325497236304122,0.0,0.0,0.0,0.0,1.0,0.0
10,215,3.206297217470472,7.727810029838263,0.0,0.0,1.0,1.0,0.0,0.0
11,215,6.477428806779834,6.059192879328128,1.0,1.0,0.0,0.0,1.0,1.0
12,215,7.97909832022838,1.933535998997944,0.0,1.0,1.0,0.0,0.0,0.0
13,215,2.04354171911922,0.1994325255416671,1.0,0.0,0.0,0.0,1.0,0.0
14,215,10.103305344886149,4.009037399230402,0.0,0.0,1.0,0.0,1.0,0.0
15,215,3.670243286137661,6.41112841310447,1.0,1.0,0.0,1.0,1.0,0.0
16,215,0.3725297861566777,3.1395943812078024,0.0,0.0,0.0,1.0,0.0,1.0
17,215,3.1215341768296745,12.0,0.0,0.0,1.0,0.0,1.0,1.0
18,215,0.8694881949905632,0.0563883734666717,0.0,0.0,1.0,1.0,0.0,1.0
19,215,2.30534936374556,4.235864328631863,0.0,1.0,0.0,0.0,0.0,1.0
0,220,11.709908976082051,3.289474497474069,1.0,0.0,0.0,1.0,0.0,0.0
1,220,6.041724249104648,9.67922343399998,1.0,1.0,0.0,1.0,0.0,1.0
2,220,0.0,0.0,0.0,0.0,0.0,1.0,1.0,0.0
3,220,2.610378669234505,9.114292818984158,0.0,0.0,0.0,0.0,0.0,1.0
4,220,8.051185777810637,12.0,1.0,1.0,1.0,0.0,1.0,1.0
5,220,6.20640271665003,10.879379965927663,0.0,1.0,0.0,1.0,1.0,0.0
6,220,5.582490088067802,3.5439774703495743,0.0,0.0,0.0,0.0,1.0,1.0
7,220,10.908324911999076,12.0,0.0,0.0,0.0,1.0,0.0,0.0
8,220,6.285545278243223,4.062879995480071,0.0,1.0,0.0,0.0,0.0,0.0
9,220,5.225451595476227,11.348398701909634,0.0,0.0,0.0,0.0,1.0,0.0
10,220,3.2611894179371643,7.679096245907609,0.0,0.0,1.0,1.0,0.0,0.0
11,220,6.408045055598694,6.081271051537687,1.0,1.0,0.0,0.0,1.0,1.0
12,220,7.996345758910746,1.940345988310892,0.0,1.0,1.0,0.0,0.0,0.0
13,220,2.0482628994832845,0.1829638079217627,1.0,0.0,0.0,0.0,1.0,0.0
14,220,10.052387697832703,3.971735228997545,0.0,0.0,1.0,0.0,1.0,0.0
15,220,3.614551867445511,6.405706812186719,1.0,1.0,0.0,1.0,1.0,0.0
16,220,0.3711700233651796,3.158785995272348,0.0,0.0,0.0,1.0,0.0,1.0
17,220,3.199278509778622,12.0,0.0,0.0,1.0,0.0,1.0,1.0
18,220,0.9282929605177088,0.0556219501404792,0.0,0.0,1.0,1.0,0.0,1.0
19,220,2.235015457055632,4.220821055127669,0.0,1.0,0.0,0.0,0.0,1.0
0,225,11.658651248552829,3.2638062568243096,1.0,0.0,0.0,1.0,0.0,0.0
1,225,6.064166054371766,9.732536284397035,1.0,1.0,0.0,1.0,0.0,1.0
2,225,0.0,0.0,0.0,0.0,0.0,1.0,1.0,0.0
3,225,2.728321934581574,9.278948459318604,0.0,0.0,0.0,0.0,0.0,1.0
4,225,7.863284525346607,12.0,1.0,1.0,1.0,0.0,1.0,1.0
5,225,6.309152903164141,10.949684419180697,0.0,1.0,0.0,1.0,1.0,0.0
6,225,5.491961898888594,3.645385266326677,0.0,0.0,0.0,0.0,1.0,1.0
7,225,10.89922682913016,12.0,0.0,0.0,0.0,1.0,0.0,0.0
8,225,6.164609692606086,3.986616459841179,0.0,1.0,0.0,0.0,0.0,0.0
9,225,5.141527214800012,11.372238538213445,0.0,0.0,0.0,0.0,1.0,0.0
10,225,3.30342575102745,7.641595601839708,0.0,0.0,1.0,1.0,0.0,0.0
11,225,6.345178798685867,6.102006691464478,1.0,1.0,0.0,0.0,1.0,1.0
12,225,8.026751460756941,1.9524225786713407,0.0,1.0,1.0,0.0,0.0,0.0
13,225,2.0507189486391093,0.1733004565554076,1.0,0.0,0.0,0.0,1.0,0.0
14,225,10.019727664781644,3.949193961919834,0.0,0.0,1.0,0.0,1.0,0.0
15,225,3.6105233953379687,6.451406707268679,1.0,1.0,0.0,1.0,1.0,0.0
16,225,0.3709070281712756,3.161575260379505,0.0,0.0,0.0,1.0,0.0,1.0
17,225,3.26521956191662,12.0,0.0,0.0,1.0,0.0,1.0,1.0
18,225,0.9559603417713832,0.0554665430916364,0.0,0.0,1.0,1.0,0.0,1.0
19,225,2.1556683283654445,4.201924432202153,0.0,1.0,0.0,0.0,0.0,1.0
0,230,11.588768369190149,3.229148032127798,1.0,0.0,0.0,1.0,0.0,0.0
1,230,6.090025571004601,9.788419313951287,1.0,1.0,0.0,1.0,0.0,1.0
2,230,0.0,0.0,0.0,0.0,0.0,1.0,1.0,0.0
3,230,2.8537120119233177,9.457871110449483,0.0,0.0,0.0,0.0,0.0,1.0
4,230,7.674385749088016,12.0,1.0,1.0,1.0,0.0,1.0,1.0
5,230,6.419133361349799,11.026287623878089,0.0,1.0,0.0,1.0,1.0,0.0
6,230,5.403963788905845,3.743474691133825,0.0,0.0,0.0,0.0,1.0,1.0
7,230,10.894520620744666,12.0,0.0,0.0,0.0,1.0,0.0,0.0
8,230,6.040532199781002,3.910372714518076,0.0,1.0,0.0,0.0,0.0,0.0
9,230,5.052728142366649,11.396677287069808,0.0,0.0,0.0,0.0,1.0,0.0
10,230,3.3358324469703806,7.611897832351336,0.0,0.0,1.0,1.0,0.0,0.0
11,230,6.3009796169562575,6.116448254022312,1.0,1.0,0.0,0.0,1.0,1.0
12,230,8.054554464616617,1.963358044854268,0.0,1.0,1.0,0.0,0.0,0.0
13,230,2.053859427389734,0.1610951020602769,1.0,0.0,0.0,0.0,1.0,0.0
14,230,9.958078845802516,3.906462914321997,0.0,0.0,1.0,0.0,1.0,0.0
15,230,3.60791857595305,6.501042112228847,1.0,1.0,0.0,1.0,1.0,0.0
16,230,0.3707483100633162,3.162991973424608,0.0,0.0,0.0,1.0,0.0,1.0
17,230,3.331443097506296,12.0,0.0,0.0,1.0,0.0,1.0,1.0
18,230,0.978902214825624,0.0553775952538261,0.0,0.0,1.0,1.0,0.0,1.0
19,230,2.037733611398919,4.176079380329004,0.0,1.0,0.0,0.0,0.0,1.0
0,235,11.50077842631226,3.18370056128847,1.0,0.0,0.0,1.0,0.0,0.0
1,235,6.115374552822459,9.847151045816362,1.0,1.0,0.0,1.0,0.0,1.0
2,235,0.0,0.0,0.0,0.0,0.0,1.0,1.0,0.0
3,235,2.97505397328128,9.62112492884556,0.0,0.0,0.0,0.0,0.0,1.0
4,235,7.47529745882698,12.0,1.0,1.0,1.0,0.0,1.0,1.0
5,235,6.533029895578086,11.107140355838103,0.0,1.0,0.0,1.0,1.0,0.0
6,235,5.323159729759653,3.841887304265215,0.0,0.0,0.0,0.0,1.0,1.0
7,235,10.884887794887742,12.0,0.0,0.0,0.0,1.0,0.0,0.0
8,235,5.909063249754986,3.8362308454047462,0.0,1.0,0.0,0.0,0.0,0.0
9,235,4.960863808013562,11.422669767500867,0.0,0.0,0.0,0.0,1.0,0.0
10,235,3.363301375838985,7.585114273779572,0.0,0.0,1.0,1.0,0.0,0.0
11,235,6.261769300088986,6.129723882548447,1.0,1.0,0.0,0.0,1.0,1.0
12,235,8.099007940901823,1.9800193739658116,0.0,1.0,1.0,0.0,0.0,0.0
13,235,2.054199276508072,0.1597202993750927,1.0,0.0,0.0,0.0,1.0,0.0
14,235,9.90814749880785,3.870871330747598,0.0,0.0,1.0,0.0,1.0,0.0
15,235,3.654408777373004,6.502891955701135,1.0,1.0,0.0,1.0,1.0,0.0
16,235,0.3725059488496578,3.1473786576950333,0.0,0.0,0.0,1.0,0.0,1.0
17,235,3.411105946740143,12.0,0.0,0.0,1.0,0.0,1.0,1.0
18,235,0.9942030300870828,0.0550544194063813,0.0,0.0,1.0,1.0,0.0,1.0
19,235,1.9171136006239824,4.152919506407882,0.0,1.0,0.0,0.0,0.0,1.0
0,240,11.404688348270016,3.1379251271259383,1.0,0.0,0.0,1.0,0.0,0.0
1,240,6.143467810822175,9.913796121498642,1.0,1.0,0.0,1.0,0.0,1.0
2,240,0.0,0.0,0.0,0.0,0.0,1.0,1.0,0.0
3,240,3.103763579661059,9.78967616222952,0.0,0.0,0.0,0.0,0.0,1.0
4,240,7.274260852867233,12.0,1.0,1.0,1.0,0.0,1.0,1.0
5,240,6.660046279122135,11.198792041206014,0.0,1.0,0.0,1.0,1.0,0.0
6,240,5.230026384648592,3.958976646906854,0.0,0.0,0.0,0.0,1.0,1.0
7,240,10.87492585442884,12.0,0.0,0.0,0.0,1.0,0.0,0.0
8,240,5.774980372048011,3.758598061281207,0.0,1.0,0.0,0.0,0.0,0.0
9,240,4.863569522085529,11.448657575926788,0.0,0.0,0.0,0.0,1.0,0.0
10,240,3.388734513387722,7.5599231194765855,0.0,0.0,1.0,1.0,0.0,0.0
11,240,6.218696952284902,6.145332968229669,1.0,1.0,0.0,0.0,1.0,1.0
12,240,8.138146353622819,1.993849226061172,0.0,1.0,1.0,0.0,0.0,0.0
13,240,2.0558502698989987,0.1508755017901422,1.0,0.0,0.0,0.0,1.0,0.0
14,240,9.852510153540498,3.832021430816936,0.0,0.0,1.0,0.0,1.0,0.0
15,240,3.725047529489879,6.505376726122548,1.0,1.0,0.0,1.0,1.0,0.0
16,240,0.3727899158359271,3.145245145033837,0.0,0.0,0.0,1.0,0.0,1.0
17,240,3.495133355556701,12.0,0.0,0.0,1.0,0.0,1.0,1.0
18,240,0.9942496830317484,0.0563051098389065,0.0,0.0,1.0,1.0,0.0,1.0
19,240,1.8003015072757922,4.133400561280743,0.0,1.0,0.0,0.0,0.0,1.0
0,245,11.302409428924538,3.088044276791517,1.0,0.0,0.0,1.0,0.0,0.0
1,245,6.167083981713184,9.969846429524852,1.0,1.0,0.0,1.0,0.0,1.0
2,245,0.0,0.0,0.0,0.0,0.0,1.0,1.0,0.0
3,245,3.2457551466743264,9.974921426691498,0.0,0.0,0.0,0.0,0.0,1.0
4,245,7.086761671431018,12.0,1.0,1.0,1.0,0.0,1.0,1.0
5,245,6.794544970076689,11.298072088665169,0.0,1.0,0.0,1.0,1.0,0.0
6,245,5.13061329045791,4.078659038393916,0.0,0.0,0.0,0.0,1.0,1.0
7,245,10.868371375831591,12.0,0.0,0.0,0.0,1.0,0.0,0.0
8,245,5.655789199562998,3.689241579602836,0.0,1.0,0.0,0.0,0.0,0.0
9,245,4.7758376517769925,11.47317219886241,0.0,0.0,0.0,0.0,1.0,0.0
10,245,3.3945562042651005,7.554035992956069,0.0,0.0,1.0,1.0,0.0,0.0
11,245,6.171232193932328,6.163167556143921,1.0,1.0,0.0,0.0,1.0,1.0
12,245,8.18994836034372,2.013835670537216,0.0,1.0,1.0,0.0,0.0,0.0
13,245,2.051866910472318,0.1735778555518952,1.0,0.0,0.0,0.0,1.0,0.0
14,245,9.80514126326073,3.799471566936033,0.0,0.0,1.0,0.0,1.0,0.0
15,245,3.7863543317555752,6.507529695475988,1.0,1.0,0.0,1.0,1.0,0.0
16,245,0.3724137638173797,3.1479099120023672,0.0,0.0,0.0,1.0,0.0,1.0
17,245,3.5689348074168823,12.0,0.0,0.0,1.0,0.0,1.0,1.0
18,245,0.9946953204444912,0.0632506391066724,0.0,0.0,1.0,1.0,0.0,1.0
19,245,1.6583071957899744,4.1029071069426575,0.0,1.0,0.0,0.0,0.0,1.0
0,250,11.203245382411666,3.036978094644693,1.0,0.0,0.0,1.0,0.0,0.0
1,250,6.191230181146032,10.025089273423966,1.0,1.0,0.0,1.0,0.0,1.0
2,250,0.0,0.0,0.0,0.0,0.0,1.0,1.0,0.0
3,250,3.400016295455178,10.176045286304852,0.0,0.0,0.0,0.0,0.0,1.0
4,250,6.903830410061456,12.0,1.0,1.0,1.0,0.0,1.0,1.0
5,250,6.937210972817582,11.395196982841686,0.0,1.0,0.0,1.0,1.0,0.0
6,250,4.981576584418611,3.957653811873589,0.0,0.0,0.0,0.0,1.0,1.0
7,250,10.862780849503432,12.0,0.0,0.0,0.0,1.0,0.0,0.0
8,250,5.537995674174543,3.620605545741317,0.0,1.0,0.0,0.0,0.0,0.0
9,250,4.680555144306696,11.502463028735315,0.0,0.0,0.0,0.0,1.0,0.0
10,250,3.3965808763716963,7.551899003452346,0.0,0.0,1.0,1.0,0.0,0.0
11,250,6.124907672421667,6.180103664485017,1.0,1.0,0.0,0.0,1.0,1.0
12,250,8.257147766768716,2.0386772660116605,0.0,1.0,1.0,0.0,0.0,0.0
13,250,2.0461804080164354,0.2161185363030659,1.0,0.0,0.0,0.0,1.0,0.0
14,250,9.738721564135409,3.756716236558263,0.0,0.0,1.0,0.0,1.0,0.0
15,250,3.8585211488341336,6.508394213116462,1.0,1.0,0.0,1.0,1.0,0.0
16,250,0.3702208119674096,3.1621100114931173,0.0,0.0,0.0,1.0,0.0,1.0
17,250,3.649214463145441,12.0,0.0,0.0,1.0,0.0,1.0,1.0
18,250,0.9952127905248692,0.0699029590892763,0.0,0.0,1.0,1.0,0.0,1.0
19,250,1.5178556896452795,4.066840215495455,0.0,1.0,0.0,0.0,0.0,1.0
0,255,11.10214271573071,2.9855405384255445,1.0,0.0,0.0,1.0,0.0,0.0
1,255,6.216218376959175,10.084756482454033,1.0,1.0,0.0,1.0,0.0,1.0
2,255,0.0,0.0,0.0,0.0,0.0,1.0,1.0,0.0
3,255,3.5621998560115813,10.390287042783854,0.0,0.0,0.0,0.0,0.0,1.0
4,255,6.745157686110761,12.0,1.0,1.0,1.0,0.0,1.0,1.0
5,255,7.069104397985716,11.480230213290945,0.0,1.0,0.0,1.0,1.0,0.0
6,255,4.842113245779416,3.837774750331424,0.0,0.0,0.0,0.0,1.0,1.0
7,255,10.858323456421369,12.0,0.0,0.0,0.0,1.0,0.0,0.0
8,255,5.419714024319854,3.5498013712791785,0.0,1.0,0.0,0.0,0.0,0.0
9,255,4.561314933619288,11.538484715308211,0.0,0.0,0.0,0.0,1.0,0.0
10,255,3.403624236240166,7.54435013687587,0.0,0.0,1.0,1.0,0.0,0.0
11,255,6.071279937720389,6.199305463035135,1.0,1.0,0.0,0.0,1.0,1.0
12,255,8.324277353543572,2.065157556764177,0.0,1.0,1.0,0.0,0.0,0.0
13,255,2.0403134711096422,0.2608478336425832,1.0,0.0,0.0,0.0,1.0,0.0
14,255,9.688339610093117,3.722075774855161,0.0,0.0,1.0,0.0,1.0,0.0
15,255,3.9101914136482097,6.507201562899099,1.0,1.0,0.0,1.0,1.0,0.0
16,255,0.3659141063145418,3.1937934006004784,0.0,0.0,0.0,1.0,0.0,1.0
17,255,3.741619948660803,12.0,0.0,0.0,1.0,0.0,1.0,1.0
18,255,0.9949775197196212,0.0668176963169992,0.0,0.0,1.0,1.0,0.0,1.0
19,255,1.3626113292914055,4.027680427349493,0.0,1.0,0.0,0.0,0.0,1.0
0,260,10.98962839564632,2.9303134229526955,1.0,0.0,0.0,1.0,0.0,0.0
1,260,6.237271356876114,10.136218823640933,1.0,1.0,0.0,1.0,0.0,1.0
2,260,0.0,0.0,0.0,0.0,0.0,1.0,1.0,0.0
3,260,3.730906138758,10.606040618811628,0.0,0.0,0.0,0.0,0.0,1.0
4,260,6.58717689301381,12.0,1.0,1.0,1.0,0.0,1.0,1.0
5,260,7.195155638845397,11.562112010690416,0.0,1.0,0.0,1.0,1.0,0.0
6,260,4.711718345494779,3.7247296523865625,0.0,0.0,0.0,0.0,1.0,1.0
7,260,10.85057722137361,12.0,0.0,0.0,0.0,1.0,0.0,0.0
8,260,5.313628284648373,3.489761401539746,0.0,1.0,0.0,0.0,0.0,0.0
9,260,4.462387395644162,11.566687365065548,0.0,0.0,0.0,0.0,1.0,0.0
10,260,3.4076011641611044,7.540280591645899,0.0,0.0,1.0,1.0,0.0,0.0
11,260,6.022090948940256,6.216006779089214,1.0,1.0,0.0,0.0,1.0,1.0
12,260,8.392041688815661,2.093171975842236,0.0,1.0,1.0,0.0,0.0,0.0
13,260,2.035463640212482,0.3015166702079633,1.0,0.0,0.0,0.0,1.0,0.0
14,260,9.641127515557308,3.6890752144710697,0.0,0.0,1.0,0.0,1.0,0.0
15,260,3.9554719286694855,6.507433006392916,1.0,1.0,0.0,1.0,1.0,0.0
16,260,0.3638368918625367,3.205836326253566,0.0,0.0,0.0,1.0,0.0,1.0
17,260,3.832882550772611,12.0,0.0,0.0,1.0,0.0,1.0,1.0
18,260,0.9928633233431712,0.0424173447785618,0.0,0.0,1.0,1.0,0.0,1.0
19,260,1.219285074901369,3.99122761826101,0.0,1.0,0.0,0.0,0.0,1.0
0,265,10.862136356471098,2.868420285812094,1.0,0.0,0.0,1.0,0.0,0.0
1,265,6.25454925455079,10.180340971003918,1.0,1.0,0.0,1.0,0.0,1.0
2,265,0.0,0.0,0.0,0.0,0.0,1.0,1.0,0.0
3,265,3.8887151603741295,10.812956895754496,0.0,0.0,0.0,0.0,0.0,1.0
4,265,6.437599315591255,12.0,1.0,1.0,1.0,0.0,1.0,1.0
5,265,7.302459835430523,11.632269930883512,0.0,1.0,0.0,1.0,1.0,0.0
6,265,4.568753195872636,3.6063527240239255,0.0,0.0,0.0,0.0,1.0,1.0
7,265,10.84806513021286,12.0,0.0,0.0,0.0,1.0,0.0,0.0
8,265,5.18431325529748,3.4182791002307518,0.0,1.0,0.0,0.0,0.0,0.0
9,265,4.359731799760711,11.59522276344716,0.0,0.0,0.0,0.0,1.0,0.0
10,265,3.398822306013535,7.549092538722654,0.0,0.0,1.0,1.0,0.0,0.0
11,265,5.960179189614172,6.238134088090953,1.0,1.0,0.0,0.0,1.0,1.0
12,265,8.440796791199785,2.113968281623142,0.0,1.0,1.0,0.0,0.0,0.0
13,265,2.0304098953927308,0.3497597741120603,1.0,0.0,0.0,0.0,1.0,0.0
14,265,9.58648154608158,3.650785536132751,0.0,0.0,1.0,0.0,1.0,0.0
15,265,3.967330266107364,6.507324862748917,1.0,1.0,0.0,1.0,1.0,0.0
16,265,0.360847372075596,3.2246003424683254,0.0,0.0,0.0,1.0,0.0,1.0
17,265,3.924193023331164,12.0,0.0,0.0,1.0,0.0,1.0,1.0
18,265,0.9915749327297588,0.0241312071784926,0.0,0.0,1.0,1.0,0.0,1.0
19,265,1.06886491114752,3.955195661340783,0.0,1.0,0.0,0.0,0.0,1.0
0,270,10.799424131336076,3.0005718403575807,1.0,0.0,0.0,1.0,0.0,0.0
1,270,6.26855617612546,10.216372278948285,1.0,1.0,0.0,1.0,0.0,1.0
2,270,0.0,0.0,0.0,0.0,0.0,1.0,1.0,0.0
3,270,4.038905134640487,11.015355583046484,0.0,0.0,0.0,0.0,0.0,1.0
4,270,6.280525939913409,12.0,1.0,1.0,1.0,0.0,1.0,1.0
5,270,7.403621621517305,11.700860010485526,0.0,1.0,0.0,1.0,1.0,0.0
6,270,4.434674244638303,3.500103126411078,0.0,0.0,0.0,0.0,1.0,1.0
7,270,10.847744377039684,12.0,0.0,0.0,0.0,1.0,0.0,0.0
8,270,5.04210695568584,3.340352637125028,0.0,1.0,0.0,0.0,0.0,0.0
9,270,4.257859875789327,11.620863536452562,0.0,0.0,0.0,0.0,1.0,0.0
10,270,3.402769096932161,7.54513137032338,0.0,0.0,1.0,1.0,0.0,0.0
11,270,5.842482491456211,6.279038181331734,1.0,1.0,0.0,0.0,1.0,1.0
12,270,8.47802285940163,2.1296200280084805,0.0,1.0,1.0,0.0,0.0,0.0
13,270,2.0223683915655277,0.4197779266918177,1.0,0.0,0.0,0.0,1.0,0.0
14,270,9.548085851734808,3.6241792462454847,0.0,0.0,1.0,0.0,1.0,0.0
15,270,3.967810189467055,6.507340301816403,1.0,1.0,0.0,1.0,1.0,0.0
16,270,0.3549773047460569,3.2591128499652537,0.0,0.0,0.0,1.0,0.0,1.0
17,270,4.014411423687183,12.0,0.0,0.0,1.0,0.0,1.0,1.0
18,270,0.9911634643320886,0.0158471773996483,0.0,0.0,1.0,1.0,0.0,1.0
19,270,0.9198784222510742,3.918786081986528,0.0,1.0,0.0,0.0,0.0,1.0
0,275,10.742598119131456,3.127105294001518,1.0,0.0,0.0,1.0,0.0,0.0
1,275,6.282966278128633,10.25214303619418,1.0,1.0,0.0,1.0,0.0,1.0
2,275,0.0,0.0,0.0,0.0,0.0,1.0,1.0,0.0
3,275,4.205649543843748,11.23537656287711,0.0,0.0,0.0,0.0,0.0,1.0
4,275,6.115586779938039,12.0,1.0,1.0,1.0,0.0,1.0,1.0
5,275,7.518036757667969,11.77571396757154,0.0,1.0,0.0,1.0,1.0,0.0
6,275,4.304639791602932,3.4008542133924773,0.0,0.0,0.0,0.0,1.0,1.0
7,275,10.852362816438442,12.0,0.0,0.0,0.0,1.0,0.0,0.0
8,275,4.914361676748796,3.2727950648261115,0.0,1.0,0.0,0.0,0.0,0.0
9,275,4.13783626554022,11.651698044997492,0.0,0.0,0.0,0.0,1.0,0.0
10,275,3.405866486506657,7.541930198910971,0.0,0.0,1.0,1.0,0.0,0.0
11,275,5.7231141653170114,6.31933432058556,1.0,1.0,0.0,0.0,1.0,1.0
12,275,8.523718011844059,2.1484063369190785,0.0,1.0,1.0,0.0,0.0,0.0
13,275,2.0103084432507354,0.4966274445557992,1.0,0.0,0.0,0.0,1.0,0.0
14,275,9.495555142295595,3.5876785081139,0.0,0.0,1.0,0.0,1.0,0.0
15,275,3.993526344794612,6.509359062910074,1.0,1.0,0.0,1.0,1.0,0.0
16,275,0.3488910708043047,3.298401106074163,0.0,0.0,0.0,1.0,0.0,1.0
17,275,4.114042526213333,12.0,0.0,0.0,1.0,0.0,1.0,1.0
18,275,0.9911810665621528,0.0162395072666599,0.0,0.0,1.0,1.0,0.0,1.0
19,275,0.7509779388703658,3.879519569669394,0.0,1.0,0.0,0.0,0.0,1.0
0,280,10.674311347045633,3.2862819658285365,1.0,0.0,0.0,1.0,0.0,0.0
1,280,6.302131840554212,10.301259365313548,1.0,1.0,0.0,1.0,0.0,1.0
2,280,0.0,0.0,0.0,0.0,0.0,1.0,1.0,0.0
3,280,4.357914892614705,11.435236314065168,0.0,0.0,0.0,0.0,0.0,1.0
4,280,5.961754889140245,12.0,1.0,1.0,1.0,0.0,1.0,1.0
5,280,7.626704443051536,11.853083814086617,0.0,1.0,0.0,1.0,1.0,0.0
6,280,4.17318810873274,3.30062991046117,0.0,0.0,0.0,0.0,1.0,1.0
7,280,10.854299421449698,12.0,0.0,0.0,0.0,1.0,0.0,0.0
8,280,4.78937444621634,3.2032767313713606,0.0,1.0,0.0,0.0,0.0,0.0
9,280,4.014112629751527,11.68950285037848,0.0,0.0,0.0,0.0,1.0,0.0
10,280,3.413443411919621,7.5338048355014,0.0,0.0,1.0,1.0,0.0,0.0
11,280,5.621257568989897,6.353621361486899,1.0,1.0,0.0,0.0,1.0,1.0
12,280,8.541962324225162,2.1555308747378827,0.0,1.0,1.0,0.0,0.0,0.0
13,280,1.9943354715185664,0.5875477155328925,1.0,0.0,0.0,0.0,1.0,0.0
14,280,9.416887979016073,3.5328897794566623,0.0,0.0,1.0,0.0,1.0,0.0
15,280,4.013212361931376,6.511138168044706,1.0,1.0,0.0,1.0,1.0,0.0
16,280,0.3441865207802443,3.332076893169153,0.0,0.0,0.0,1.0,0.0,1.0
17,280,4.21962272915128,12.0,0.0,0.0,1.0,0.0,1.0,1.0
18,280,0.9908084837268064,0.0052641272703739,0.0,0.0,1.0,1.0,0.0,1.0
19,280,0.5879009652312426,3.8383230109917306,0.0,1.0,0.0,0.0,0.0,1.0
0,285,10.594527614062464,3.459038830349024,1.0,0.0,0.0,1.0,0.0,0.0
1,285,6.326018782881736,10.3655954711687,1.0,1.0,0.0,1.0,0.0,1.0
2,285,0.0,0.0,0.0,0.0,0.0,1.0,1.0,0.0
3,285,4.518624847539694,11.649200742240412,0.0,0.0,0.0,0.0,0.0,1.0
4,285,5.7986236802253925,12.0,1.0,1.0,1.0,0.0,1.0,1.0
5,285,7.738596479307354,11.93527987902342,0.0,1.0,0.0,1.0,1.0,0.0
6,285,4.050052009862737,3.199530364131421,0.0,0.0,0.0,0.0,1.0,1.0
7,285,10.850665986816043,12.0,0.0,0.0,0.0,1.0,0.0,0.0
8,285,4.673365269255405,3.1404346139943864,0.0,1.0,0.0,0.0,0.0,0.0
9,285,3.8861046881781545,11.727998545285764,0.0,0.0,0.0,0.0,1.0,0.0
10,285,3.427010513104757,7.518157114230392,0.0,0.0,1.0,1.0,0.0,0.0
11,285,5.495607716623793,6.396101937395461,1.0,1.0,0.0,0.0,1.0,1.0
12,285,8.574963462599376,2.169535366563254,0.0,1.0,1.0,0.0,0.0,0.0
13,285,1.9765820546544275,0.6779798558044966,1.0,0.0,0.0,0.0,1.0,0.0
14,285,9.33761716054725,3.4787416588704807,0.0,0.0,1.0,0.0,1.0,0.0
15,285,4.039462930556158,6.513546823024394,1.0,1.0,0.0,1.0,1.0,0.0
16,285,0.3387530922934045,3.368342124957396,0.0,0.0,0.0,1.0,0.0,1.0
17,285,4.337288881512015,11.90671745068311,0.0,0.0,1.0,0.0,1.0,1.0
18,285,0.9898603705658776,0.0,0.0,0.0,1.0,1.0,0.0,1.0
19,285,0.4252508215637778,3.799005386723618,0.0,1.0,0.0,0.0,0.0,1.0
0,290,10.528615342402848,3.6156618363509376,1.0,0.0,0.0,1.0,0.0,0.0
1,290,6.342895087128461,10.410979994409232,1.0,1.0,0.0,1.0,0.0,1.0
2,290,0.0,0.0,0.0,0.0,0.0,1.0,1.0,0.0
3,290,4.681323858503818,11.863417611413007,0.0,0.0,0.0,0.0,0.0,1.0
4,290,5.643204315171008,12.0,1.0,1.0,1.0,0.0,1.0,1.0
5,290,7.844661362916183,12.0,0.0,1.0,0.0,1.0,1.0,0.0
6,290,3.9123575055699824,3.0859720120353664,0.0,0.0,0.0,0.0,1.0,1.0
7,290,10.851157489827289,12.0,0.0,0.0,0.0,1.0,0.0,0.0
8,290,4.5438091191930186,3.064955510347528,0.0,1.0,0.0,0.0,0.0,0.0
9,290,3.7543279035092936,11.763488356075412,0.0,0.0,0.0,0.0,1.0,0.0
10,290,3.4424432589140816,7.500893233249565,0.0,0.0,1.0,1.0,0.0,0.0
11,290,5.361072709035643,6.440767154704735,1.0,1.0,0.0,0.0,1.0,1.0
12,290,8.617367122087156,2.186615753659058,0.0,1.0,1.0,0.0,0.0,0.0
13,290,1.9625233330805252,0.7525425717560812,1.0,0.0,0.0,0.0,1.0,0.0
14,290,9.387001965671187,3.4047231157409694,0.0,0.0,1.0,0.0,1.0,0.0
15,290,4.066762387630769,6.515863909975241,1.0,1.0,0.0,1.0,1.0,0.0
16,290,0.3362809826874793,3.3836165256335,0.0,0.0,0.0,1.0,0.0,1.0
17,290,4.445317787846367,11.817497090372466,0.0,0.0,1.0,0.0,1.0,1.0
18,290,0.9889807936527842,0.0,0.0,0.0,1.0,1.0,0.0,1.0
19,290,0.2646074094675499,3.758914723472701,0.0,1.0,0.0,0.0,0.0,1.0
0,295,10.461978616509928,3.7676162522876298,1.0,0.0,0.0,1.0,0.0,0.0
1,295,6.36181357969812,10.466801246602609,1.0,1.0,0.0,1.0,0.0,1.0
2,295,0.0,0.0,0.0,0.0,0.0,1.0,1.0,0.0
3,295,4.847299281629304,12.0,0.0,0.0,0.0,0.0,0.0,1.0
4,295,5.477876149413118,12.0,1.0,1.0,1.0,0.0,1.0,1.0
5,295,7.947780697823771,12.0,0.0,1.0,0.0,1.0,1.0,0.0
6,295,3.7825328488294745,2.970456444792879,0.0,0.0,0.0,0.0,1.0,1.0
7,295,10.853885650761072,12.0,0.0,0.0,0.0,1.0,0.0,0.0
8,295,4.418390236050724,2.9951611028353247,0.0,1.0,0.0,0.0,0.0,0.0
9,295,3.7894229384531095,11.89609749981278,0.0,0.0,0.0,0.0,1.0,0.0
10,295,3.445680941618281,7.497332212263059,0.0,0.0,1.0,1.0,0.0,0.0
11,295,5.239660804832012,6.480796261703236,1.0,1.0,0.0,0.0,1.0,1.0
12,295,8.654196780625096,2.201648616507515,0.0,1.0,1.0,0.0,0.0,0.0
13,295,1.9459396169936996,0.8412475223790679,1.0,0.0,0.0,0.0,1.0,0.0
14,295,9.434835734256142,3.333545653617046,0.0,0.0,1.0,0.0,1.0,0.0
15,295,4.092040749174409,6.51858219489271,1.0,1.0,0.0,1.0,1.0,0.0
16,295,0.3337776205634722,3.4001861797996336,0.0,0.0,0.0,1.0,0.0,1.0
17,295,4.549479505458301,11.729565144517506,0.0,0.0,1.0,0.0,1.0,1.0
18,295,0.9885364136969396,0.0,0.0,0.0,1.0,1.0,0.0,1.0
19,295,0.1068564126982684,3.716205520553558,0.0,1.0,0.0,0.0,0.0,1.0
