0,0,6.992363303041904,10.966420425467948,0.0,0.0,0.0,0.0,1.0,1.0
1,0,11.044435073950956,3.952563434614329,0.0,0.0,0.0,0.0,1.0,1.0
2,0,12.0,10.99549209200934,0.0,0.0,0.0,1.0,1.0,0.0
3,0,4.944852354504538,11.964531835585833,0.0,1.0,0.0,1.0,1.0,0.0
4,0,7.9544883213083715,0.9890845396312384,1.0,1.0,0.0,0.0,0.0,1.0
5,0,5.062021809810728,2.995849365441209,0.0,0.0,1.0,0.0,1.0,1.0
6,0,6.945152259732532,2.055487814462543,1.0,0.0,0.0,0.0,0.0,0.0
7,0,7.992668193616237,2.944685583850283,1.0,0.0,0.0,0.0,1.0,1.0
8,0,8.95702179011845,11.017782932839005,1.0,1.0,0.0,1.0,1.0,0.0
9,0,6.990006599690998,1.0463657155632176,0.0,0.0,0.0,0.0,0.0,1.0
10,0,12.0,6.995326893150203,1.0,0.0,1.0,1.0,0.0,0.0
11,0,10.997542472627051,2.9362314519126143,0.0,0.0,0.0,1.0,1.0,1.0
12,0,4.015653184932421,5.959182633131384,0.0,1.0,1.0,0.0,0.0,0.0
13,0,6.947804781924292,0.0177568182764472,0.0,1.0,0.0,0.0,0.0,1.0
14,0,7.019033452690664,7.031647540226607,0.0,0.0,1.0,0.0,0.0,0.0
15,0,1.9681815660178423,2.0579432550343464,1.0,0.0,1.0,0.0,0.0,0.0
16,0,4.04536791702684,6.961577483513816,0.0,0.0,1.0,0.0,0.0,0.0
17,0,6.050619510069047,6.998446189172762,1.0,0.0,1.0,0.0,0.0,0.0
18,0,4.9745608209445455,5.966001513083786,0.0,0.0,0.0,1.0,0.0,1.0
19,0,2.011256077321933,11.047036728184857,0.0,1.0,0.0,1.0,0.0,0.0
0,5,6.986378658923495,10.939146229798745,0.0,0.0,0.0,0.0,1.0,1.0
1,5,11.097425422196684,3.897566497072159,0.0,0.0,0.0,0.0,1.0,1.0
2,5,12.0,10.992888985580736,0.0,0.0,0.0,1.0,1.0,0.0
3,5,4.897383786819294,11.93301494430509,0.0,1.0,0.0,1.0,1.0,0.0
4,5,7.906904406323695,0.9781203581112544,1.0,1.0,0.0,0.0,0.0,1.0
5,5,5.141954425592124,2.9872853347205406,0.0,0.0,1.0,0.0,1.0,1.0
6,5,6.88722786339676,2.1146510087179715,1.0,0.0,0.0,0.0,0.0,0.0
7,5,7.985262308879973,2.898280442156872,1.0,0.0,0.0,0.0,1.0,1.0
8,5,8.895434717893243,11.044934041699516,1.0,1.0,0.0,1.0,1.0,0.0
9,5,6.977590797838521,1.100584350636125,0.0,0.0,0.0,0.0,0.0,1.0
10,5,12.0,6.989813413781905,1.0,0.0,1.0,1.0,0.0,0.0
11,5,10.996200139439804,2.8632176236961,0.0,0.0,0.0,1.0,1.0,1.0
12,5,4.037735366085761,5.906670667740629,0.0,1.0,1.0,0.0,0.0,0.0
13,5,6.922906719879951,0.0264361100761818,0.0,1.0,0.0,0.0,0.0,1.0
14,5,7.037598131702565,7.061502256531532,0.0,0.0,1.0,0.0,0.0,0.0
15,5,1.9356495262524016,2.1187349125720583,1.0,0.0,1.0,0.0,0.0,0.0
16,5,4.100852607908181,6.913997506226677,0.0,0.0,1.0,0.0,0.0,0.0
17,5,6.112013450191074,6.996872004670772,1.0,0.0,1.0,0.0,0.0,0.0
18,5,4.957977140665287,5.942555888520175,0.0,0.0,0.0,1.0,0.0,1.0
19,5,2.0177882113105614,11.07812699183982,0.0,1.0,0.0,1.0,0.0,0.0
0,10,6.9793185897389,10.91196315952014,0.0,0.0,0.0,0.0,1.0,1.0
1,10,11.143327425204784,3.847760294368785,0.0,0.0,0.0,0.0,1.0,1.0
2,10,12.0,10.989580835669493,0.0,0.0,0.0,1.0,1.0,0.0
3,10,4.849164034444509,11.901815760525151,0.0,1.0,0.0,1.0,1.0,0.0
4,10,7.877015566992481,0.9710103686252348,1.0,1.0,0.0,0.0,0.0,1.0
5,10,5.231650467058035,2.978269715804656,0.0,0.0,1.0,0.0,1.0,1.0
6,10,6.825204925343418,2.174719629135516,1.0,0.0,0.0,0.0,0.0,0.0
7,10,7.978424251310733,2.8553485347957497,1.0,0.0,0.0,0.0,1.0,1.0
8,10,8.836124395205488,11.0700916321518,1.0,1.0,0.0,1.0,1.0,0.0
9,10,7.020996354350916,1.1106270956483215,0.0,0.0,0.0,0.0,0.0,1.0
10,10,12.0,6.984867425595772,1.0,0.0,1.0,1.0,0.0,0.0
11,10,10.99536128612868,2.788467239457214,0.0,0.0,0.0,1.0,1.0,1.0
12,10,4.067354765779437,5.836904918277716,0.0,1.0,1.0,0.0,0.0,0.0
13,10,6.910680609141024,0.0311576242247084,0.0,1.0,0.0,0.0,0.0,1.0
14,10,7.046768532683711,7.076488539609598,0.0,0.0,1.0,0.0,0.0,0.0
15,10,1.9062631797731515,2.169001299814576,1.0,0.0,1.0,0.0,0.0,0.0
16,10,4.148145781718623,6.873889126709692,0.0,0.0,1.0,0.0,0.0,0.0
17,10,6.194837539291606,6.992358686707671,1.0,0.0,1.0,0.0,0.0,0.0
18,10,4.944602263992605,5.92345764919589,0.0,0.0,0.0,1.0,0.0,1.0
19,10,2.023044125578894,11.101653754210592,0.0,1.0,0.0,1.0,0.0,0.0
0,15,6.962933915021936,10.851580067949127,0.0,0.0,0.0,0.0,1.0,1.0
1,15,11.184166513832816,3.8049403870856007,0.0,0.0,0.0,0.0,1.0,1.0
2,15,12.0,10.984055716795888,0.0,0.0,0.0,1.0,1.0,0.0
3,15,4.817278947007943,11.88105891289006,0.0,1.0,0.0,1.0,1.0,0.0
4,15,7.854470044252841,0.9654986343245536,1.0,1.0,0.0,0.0,0.0,1.0
5,15,5.331560691740326,2.967517743387256,0.0,0.0,1.0,0.0,1.0,1.0
6,15,6.761951604974103,2.2358486732934386,1.0,0.0,0.0,0.0,0.0,0.0
7,15,7.972944454610313,2.8259234794555272,1.0,0.0,0.0,0.0,1.0,1.0
8,15,8.773665396476245,11.097245368313514,1.0,1.0,0.0,1.0,1.0,0.0
9,15,7.073082398500782,1.121423100884776,0.0,0.0,0.0,0.0,0.0,1.0
10,15,12.0,6.981426416736451,1.0,0.0,1.0,1.0,0.0,0.0
11,15,10.994535954849296,2.7221223536546555,0.0,0.0,0.0,1.0,1.0,1.0
12,15,4.100433991349166,5.760884763612816,0.0,1.0,1.0,0.0,0.0,0.0
13,15,6.909833818993,0.0314963461706876,0.0,1.0,0.0,0.0,0.0,1.0
14,15,7.064827001581802,7.10892184716598,0.0,0.0,1.0,0.0,0.0,0.0
15,15,1.88201197217568,2.211246355546736,1.0,0.0,1.0,0.0,0.0,0.0
16,15,4.211599789459163,6.818503796737851,0.0,0.0,1.0,0.0,0.0,0.0
17,15,6.198862752741795,7.07905931174574,1.0,0.0,1.0,0.0,0.0,0.0
18,15,4.9301685714813965,5.9034827847436695,0.0,0.0,0.0,1.0,0.0,1.0
19,15,2.032998623934391,11.149932967631983,0.0,1.0,0.0,1.0,0.0,0.0
0,20,6.941941706184919,10.772034020633514,0.0,0.0,0.0,0.0,1.0,1.0
1,20,11.217658550057148,3.7690687350089433,0.0,0.0,0.0,0.0,1.0,1.0
2,20,12.0,10.976369865487332,0.0,0.0,0.0,1.0,1.0,0.0
3,20,4.78766696007137,11.860888966751933,0.0,1.0,0.0,1.0,1.0,0.0
4,20,7.819483456838661,0.9582814792462844,1.0,1.0,0.0,0.0,0.0,1.0
5,20,5.441459785607313,2.953552705325024,0.0,0.0,1.0,0.0,1.0,1.0
6,20,6.704009748680365,2.2925499332218804,1.0,0.0,0.0,0.0,0.0,0.0
7,20,7.968338723128733,2.800134129761484,1.0,0.0,0.0,0.0,1.0,1.0
8,20,8.692182493015753,11.131641483198166,1.0,1.0,0.0,1.0,1.0,0.0
9,20,7.128370842834234,1.1320482246248411,0.0,0.0,0.0,0.0,0.0,1.0
10,20,12.0,6.978738278517857,1.0,0.0,1.0,1.0,0.0,0.0
11,20,10.994020569833426,2.6355608735659866,0.0,0.0,0.0,1.0,1.0,1.0
12,20,4.131712419300418,5.683770148965767,0.0,1.0,1.0,0.0,0.0,0.0
13,20,6.8893345339148215,0.0391488607534144,0.0,1.0,0.0,0.0,0.0,1.0
14,20,7.082780658168284,7.142556928092919,0.0,0.0,1.0,0.0,0.0,0.0
15,20,1.8563268347995316,2.257190243807627,1.0,0.0,1.0,0.0,0.0,0.0
16,20,4.269824192564596,6.768386803231431,0.0,0.0,1.0,0.0,0.0,0.0
17,20,6.199777943276102,7.150229293304025,1.0,0.0,1.0,0.0,0.0,0.0
18,20,4.909726385847745,5.872767118226609,0.0,0.0,0.0,1.0,0.0,1.0
19,20,2.037649694002787,11.17551649426361,0.0,1.0,0.0,1.0,0.0,0.0
0,25,6.923141030695164,10.700287871464424,0.0,0.0,0.0,0.0,1.0,1.0
1,25,11.241940220734962,3.741065151372597,0.0,0.0,0.0,0.0,1.0,1.0
2,25,12.0,10.972298486647054,0.0,0.0,0.0,1.0,1.0,0.0
3,25,4.759033420379156,11.841379771479447,0.0,1.0,0.0,1.0,1.0,0.0
4,25,7.774811169911139,0.949439916424466,1.0,1.0,0.0,0.0,0.0,1.0
5,25,5.561511509792725,2.9364080545310998,0.0,0.0,1.0,0.0,1.0,1.0
6,25,6.642252308086448,2.3509982666339884,1.0,0.0,0.0,0.0,0.0,0.0
7,25,7.961808410563292,2.7602660046487237,1.0,0.0,0.0,0.0,1.0,1.0
8,25,8.60249070068442,11.171352593452816,1.0,1.0,0.0,1.0,1.0,0.0
9,25,7.172005193706566,1.1405084625195363,0.0,0.0,0.0,0.0,0.0,1.0
10,25,12.0,6.974932372550396,1.0,0.0,1.0,1.0,0.0,0.0
11,25,10.992939598880191,2.560531133850471,0.0,0.0,0.0,1.0,1.0,1.0
12,25,4.156286817371885,5.620442921781024,0.0,1.0,1.0,0.0,0.0,0.0
13,25,6.874620501848607,0.0449993399551578,0.0,1.0,0.0,0.0,0.0,1.0
14,25,7.108822567751324,7.189382174320379,0.0,0.0,1.0,0.0,0.0,0.0
15,25,1.8384641104359072,2.2890673580977405,1.0,0.0,1.0,0.0,0.0,0.0
16,25,4.332049413224113,6.714652779566131,0.0,0.0,1.0,0.0,0.0,0.0
17,25,6.200215759269597,7.223230648006654,1.0,0.0,1.0,0.0,0.0,0.0
18,25,4.880159604750803,5.826033813484376,0.0,0.0,0.0,1.0,0.0,1.0
19,25,2.043043264288835,11.201678913738592,0.0,1.0,0.0,1.0,0.0,0.0
0,30,6.904886571972072,10.634440679896416,0.0,0.0,0.0,0.0,1.0,1.0
1,30,11.251726433576255,3.7287252736633256,0.0,0.0,0.0,0.0,1.0,1.0
2,30,12.0,10.969766430120751,0.0,0.0,0.0,1.0,1.0,0.0
3,30,4.731756811775384,11.822735021360735,0.0,1.0,0.0,1.0,1.0,0.0
4,30,7.742949471719068,0.9441197895915954,1.0,1.0,0.0,0.0,0.0,1.0
5,30,5.670917661188168,2.9210462468430527,0.0,0.0,1.0,0.0,1.0,1.0
6,30,6.590305789894225,2.4000035355204927,1.0,0.0,0.0,0.0,0.0,0.0
7,30,7.956282227392606,2.7188317960168065,1.0,0.0,0.0,0.0,1.0,1.0
8,30,8.493738484659849,11.220201012631817,1.0,1.0,0.0,1.0,1.0,0.0
9,30,7.2210394069557,1.1493679871246991,0.0,0.0,0.0,0.0,0.0,1.0
10,30,12.0,6.971315154630075,1.0,0.0,1.0,1.0,0.0,0.0
11,30,10.98998158979998,2.4606761992644928,0.0,0.0,0.0,1.0,1.0,1.0
12,30,4.185205635727115,5.544328750685952,0.0,1.0,1.0,0.0,0.0,0.0
13,30,6.864652433935093,0.0486547994441742,0.0,1.0,0.0,0.0,0.0,1.0
14,30,7.131721150718353,7.230940453076349,0.0,0.0,1.0,0.0,0.0,0.0
15,30,1.830090755341225,2.3029840324496,1.0,0.0,1.0,0.0,0.0,0.0
16,30,4.386899888981019,6.666769229571193,0.0,0.0,1.0,0.0,0.0,0.0
17,30,6.199648312997857,7.287219901107077,1.0,0.0,1.0,0.0,0.0,0.0
18,30,4.854793141732451,5.784588897445367,0.0,0.0,0.0,1.0,0.0,1.0
19,30,2.0464228899705788,11.217353892393827,0.0,1.0,0.0,1.0,0.0,0.0
0,35,6.892354086648052,10.586115663740305,0.0,0.0,0.0,0.0,1.0,1.0
1,35,11.256577846943898,3.7224640803130646,0.0,0.0,0.0,0.0,1.0,1.0
2,35,12.0,10.967911567711386,0.0,0.0,0.0,1.0,1.0,0.0
3,35,4.709959768253745,11.855012296093047,0.0,1.0,0.0,1.0,1.0,0.0
4,35,7.713761538654582,0.9390986091116692,1.0,1.0,0.0,0.0,0.0,1.0
5,35,5.7662777617416205,2.907385710910866,0.0,0.0,1.0,0.0,1.0,1.0
6,35,6.531414677901523,2.4544633263762345,1.0,0.0,0.0,0.0,0.0,0.0
7,35,7.951885709327762,2.681111691895586,1.0,0.0,0.0,0.0,1.0,1.0
8,35,8.387364425515475,11.26910369659764,1.0,1.0,0.0,1.0,1.0,0.0
9,35,7.243394602599133,1.1536170344591192,0.0,0.0,0.0,0.0,0.0,1.0
10,35,12.0,6.966276838900844,1.0,0.0,1.0,1.0,0.0,0.0
11,35,10.98754371854113,2.3812134577755697,0.0,0.0,0.0,1.0,1.0,1.0
12,35,4.207088315599414,5.490313737769965,0.0,1.0,1.0,0.0,0.0,0.0
13,35,6.869665221489916,0.0468851675964452,0.0,1.0,0.0,0.0,0.0,1.0
14,35,7.165807584644799,7.292042565208449,0.0,0.0,1.0,0.0,0.0,0.0
15,35,1.8108242407793635,2.3340624902935057,1.0,0.0,1.0,0.0,0.0,0.0
16,35,4.435438574512712,6.627412799382083,0.0,0.0,1.0,0.0,0.0,0.0
17,35,6.20040946159881,7.372745655942236,1.0,0.0,1.0,0.0,0.0,0.0
18,35,4.8288779912584685,5.742512110306532,0.0,0.0,0.0,1.0,0.0,1.0
19,35,2.048982812992822,11.229821557636274,0.0,1.0,0.0,1.0,0.0,0.0
0,40,6.880469624823018,10.543760375818264,0.0,0.0,0.0,0.0,1.0,1.0
1,40,11.251061917090595,3.729675349622628,0.0,0.0,0.0,0.0,1.0,1.0
2,40,11.97852931849249,10.971344441161737,0.0,0.0,0.0,1.0,1.0,0.0
3,40,4.692262322029023,11.880114870102382,0.0,1.0,0.0,1.0,1.0,0.0
4,40,7.686590801562981,0.9340336331053962,1.0,1.0,0.0,0.0,0.0,1.0
5,40,5.857782156546848,2.889926070587962,0.0,0.0,1.0,0.0,1.0,1.0
6,40,6.480632450260565,2.501318996876839,1.0,0.0,0.0,0.0,0.0,0.0
7,40,7.94724340000576,2.6493208528761274,1.0,0.0,0.0,0.0,1.0,1.0
8,40,8.271912296641542,11.32346104740025,1.0,1.0,0.0,1.0,1.0,0.0
9,40,7.277095757047046,1.1606591084153264,0.0,0.0,0.0,0.0,0.0,1.0
10,40,12.0,6.960186098762043,1.0,0.0,1.0,1.0,0.0,0.0
11,40,10.988102439942214,2.288070870188484,0.0,0.0,0.0,1.0,1.0,1.0
12,40,4.230553783352943,5.431767432973027,0.0,1.0,1.0,0.0,0.0,0.0
13,40,6.873780439717163,0.0453411682875142,0.0,1.0,0.0,0.0,0.0,1.0
14,40,7.217272602548444,7.378199670440842,0.0,0.0,1.0,0.0,0.0,0.0
15,40,1.79598104892495,2.357938665530973,1.0,0.0,1.0,0.0,0.0,0.0
16,40,4.504871328554691,6.5708870039873375,0.0,0.0,1.0,0.0,0.0,0.0
17,40,6.200908517554333,7.459557240432241,1.0,0.0,1.0,0.0,0.0,0.0
18,40,4.807794162486888,5.708987310841106,0.0,0.0,0.0,1.0,0.0,1.0
19,40,2.055651266776412,11.261199933074426,0.0,1.0,0.0,1.0,0.0,0.0
0,45,6.863144936455155,10.482507834868096,0.0,0.0,0.0,0.0,1.0,1.0
1,45,11.25035292803238,3.730603092659173,0.0,0.0,0.0,0.0,1.0,1.0
2,45,11.97191284020203,10.926937578559963,0.0,0.0,0.0,1.0,1.0,0.0
3,45,4.681480015915838,11.895097809306185,0.0,1.0,0.0,1.0,1.0,0.0
4,45,7.680777415469234,0.9330480066088556,1.0,1.0,0.0,0.0,0.0,1.0
5,45,5.940389843109469,2.8749124189842044,0.0,0.0,1.0,0.0,1.0,1.0
6,45,6.429856072349044,2.5501330858106863,1.0,0.0,0.0,0.0,0.0,0.0
7,45,7.941921246245032,2.609468999812417,1.0,0.0,0.0,0.0,1.0,1.0
8,45,8.165437652418158,11.374318495734537,1.0,1.0,0.0,1.0,1.0,0.0
9,45,7.316293925446525,1.1686738929722529,0.0,0.0,0.0,0.0,0.0,1.0
10,45,12.0,6.955514826298934,1.0,0.0,1.0,1.0,0.0,0.0
11,45,10.985852602916603,2.2001666545129384,0.0,0.0,0.0,1.0,1.0,1.0
12,45,4.258596301863128,5.362571000160687,0.0,1.0,1.0,0.0,0.0,0.0
13,45,6.882976913196484,0.0420010138613621,0.0,1.0,0.0,0.0,0.0,1.0
14,45,7.272365685735479,7.477432456494589,0.0,0.0,1.0,0.0,0.0,0.0
15,45,1.7835130272739113,2.378350765917028,1.0,0.0,1.0,0.0,0.0,0.0
16,45,4.567057941019292,6.519304283739058,0.0,0.0,1.0,0.0,0.0,0.0
17,45,6.20156408979858,7.538704162590123,1.0,0.0,1.0,0.0,0.0,0.0
18,45,4.787274697063462,5.677386399354607,0.0,0.0,0.0,1.0,0.0,1.0
19,45,2.062210884076502,11.297507110889017,0.0,1.0,0.0,1.0,0.0,0.0
0,50,6.843836206108528,10.415126089676605,0.0,0.0,0.0,0.0,1.0,1.0
1,50,11.25029895897126,3.730672382546762,0.0,0.0,0.0,0.0,1.0,1.0
2,50,11.964301095024837,10.862931497280094,0.0,0.0,0.0,1.0,1.0,0.0
3,50,4.6658969732567295,11.917540928815628,0.0,1.0,0.0,1.0,1.0,0.0
4,50,7.68131382225784,0.9331531047214704,1.0,1.0,0.0,0.0,0.0,1.0
5,50,6.020132757912686,2.8616065721576893,0.0,0.0,1.0,0.0,1.0,1.0
6,50,6.393613814978079,2.5849745861495603,1.0,0.0,0.0,0.0,0.0,0.0
7,50,7.936434759224799,2.566152041650114,1.0,0.0,0.0,0.0,1.0,1.0
8,50,8.071897342213353,11.4182743065007,1.0,1.0,0.0,1.0,1.0,0.0
9,50,7.34984362840395,1.1758157789213406,0.0,0.0,0.0,0.0,0.0,1.0
10,50,12.0,6.950440784123543,1.0,0.0,1.0,1.0,0.0,0.0
11,50,10.981970022908722,2.0841413960142288,0.0,0.0,0.0,1.0,1.0,1.0
12,50,4.2799529526002535,5.3041122340133136,0.0,1.0,1.0,0.0,0.0,0.0
13,50,6.900530110770229,0.0355836317950357,0.0,1.0,0.0,0.0,0.0,1.0
14,50,7.324013517908068,7.576913893516627,0.0,0.0,1.0,0.0,0.0,0.0
15,50,1.7678375100066792,2.4039241292849347,1.0,0.0,1.0,0.0,0.0,0.0
16,50,4.6202230213473845,6.474904510903694,0.0,0.0,1.0,0.0,0.0,0.0
17,50,6.201509136177524,7.611860777409885,1.0,0.0,1.0,0.0,0.0,0.0
18,50,4.760197859443863,5.634466016882058,0.0,0.0,0.0,1.0,0.0,1.0
19,50,2.06554134367252,11.31702378377262,0.0,1.0,0.0,1.0,0.0,0.0
0,55,6.825454271763731,10.350077263227496,0.0,0.0,0.0,0.0,1.0,1.0
1,55,11.246125631380508,3.736119169649133,0.0,0.0,0.0,0.0,1.0,1.0
2,55,11.953088106676857,10.787501584566508,0.0,0.0,0.0,1.0,1.0,0.0
3,55,4.649475691512136,11.940756066371064,0.0,1.0,0.0,1.0,1.0,0.0
4,55,7.697502538831021,0.9364655454943306,1.0,1.0,0.0,0.0,0.0,1.0
5,55,6.078029351552166,2.8517177756639445,0.0,0.0,1.0,0.0,1.0,1.0
6,55,6.367759062264057,2.6103974003240022,1.0,0.0,0.0,0.0,0.0,0.0
7,55,7.933188818238108,2.542346116647527,1.0,0.0,0.0,0.0,1.0,1.0
8,55,7.990301870753282,11.457161556208815,1.0,1.0,0.0,1.0,1.0,0.0
9,55,7.389451037719444,1.1833888387320408,0.0,0.0,0.0,0.0,0.0,1.0
10,55,12.0,6.944724196010259,1.0,0.0,1.0,1.0,0.0,0.0
11,55,10.9796702318522,1.9561845053607985,0.0,0.0,0.0,1.0,1.0,1.0
12,55,4.30550799666079,5.232847406334585,0.0,1.0,1.0,0.0,0.0,0.0
13,55,6.916360810553704,0.0296573614108203,0.0,1.0,0.0,0.0,0.0,1.0
14,55,7.373279483239471,7.678082601587952,0.0,0.0,1.0,0.0,0.0,0.0
15,55,1.752652658921247,2.4291205231278954,1.0,0.0,1.0,0.0,0.0,0.0
16,55,4.666336336581442,6.43606214812896,0.0,0.0,1.0,0.0,0.0,0.0
17,55,6.201247633239792,7.687303769536939,1.0,0.0,1.0,0.0,0.0,0.0
18,55,4.726579970635325,5.580148387330095,0.0,0.0,0.0,1.0,0.0,1.0
19,55,2.072480004914638,11.365676884952496,0.0,1.0,0.0,1.0,0.0,0.0
0,60,6.806655543202569,10.272905271062736,0.0,0.0,0.0,0.0,1.0,1.0
1,60,11.248960705457437,3.7323421242876895,0.0,0.0,0.0,0.0,1.0,1.0
2,60,11.945997134479835,10.732813507092844,0.0,0.0,0.0,1.0,1.0,0.0
3,60,4.627747881474069,11.97236218367571,0.0,1.0,0.0,1.0,1.0,0.0
4,60,7.721508601659762,0.9413646792535308,1.0,1.0,0.0,0.0,0.0,1.0
5,60,6.135859256623255,2.841346142615315,0.0,0.0,1.0,0.0,1.0,1.0
6,60,6.336163600010593,2.640204319678021,1.0,0.0,0.0,0.0,0.0,0.0
7,60,7.931559752316395,2.530984051583744,1.0,0.0,0.0,0.0,1.0,1.0
8,60,7.908825174088759,11.494932664722208,1.0,1.0,0.0,1.0,1.0,0.0
9,60,7.446005458217399,1.1938478695904895,0.0,0.0,0.0,0.0,0.0,1.0
10,60,12.0,6.937482237099502,1.0,0.0,1.0,1.0,0.0,0.0
11,60,10.979519429617078,1.8070218393100708,0.0,0.0,0.0,1.0,1.0,1.0
12,60,4.335338247192893,5.150301672828453,0.0,1.0,1.0,0.0,0.0,0.0
13,60,6.928876841019542,0.0254275066643199,0.0,1.0,0.0,0.0,0.0,1.0
14,60,7.420932086633607,7.773195994096593,0.0,0.0,1.0,0.0,0.0,0.0
15,60,1.736300616784232,2.4552530518812308,1.0,0.0,1.0,0.0,0.0,0.0
16,60,4.715529193703423,6.395356277465003,0.0,0.0,1.0,0.0,0.0,0.0
17,60,6.20218918799683,7.762073937184469,1.0,0.0,1.0,0.0,0.0,0.0
18,60,4.68499389185686,5.514582844421017,0.0,0.0,0.0,1.0,0.0,1.0
19,60,2.0810762632043027,11.42775610205152,0.0,1.0,0.0,1.0,0.0,0.0
0,65,6.784492601163696,10.18781109831494,0.0,0.0,0.0,0.0,1.0,1.0
1,65,11.2583693506726,3.72029317238238,0.0,0.0,0.0,0.0,1.0,1.0
2,65,11.94262813378196,10.70833945722573,0.0,0.0,0.0,1.0,1.0,0.0
3,65,4.599703233406411,12.0,0.0,1.0,0.0,1.0,1.0,0.0
4,65,7.748119208915462,0.9460401245748448,1.0,1.0,0.0,0.0,0.0,1.0
5,65,6.188622425249688,2.832515431758215,0.0,0.0,1.0,0.0,1.0,1.0
6,65,6.303331290204025,2.672171637898088,1.0,0.0,0.0,0.0,0.0,0.0
7,65,7.928449078467398,2.5087222218776577,1.0,0.0,0.0,0.0,1.0,1.0
8,65,7.827266932918588,11.531616717620093,1.0,1.0,0.0,1.0,1.0,0.0
9,65,7.518053769864444,1.206721054600871,0.0,0.0,0.0,0.0,0.0,1.0
10,65,12.0,6.926644439623226,1.0,0.0,1.0,1.0,0.0,0.0
11,65,10.986303170562255,1.6446229879291123,0.0,0.0,0.0,1.0,1.0,1.0
12,65,4.36142866370115,5.07744665511254,0.0,1.0,1.0,0.0,0.0,0.0
13,65,6.939632754476001,0.0216429734084116,0.0,1.0,0.0,0.0,0.0,1.0
14,65,7.48422062989313,7.893666355974221,0.0,0.0,1.0,0.0,0.0,0.0
15,65,1.7216846637338503,2.478848319358057,1.0,0.0,1.0,0.0,0.0,0.0
16,65,4.762075059090657,6.356673179055125,0.0,0.0,1.0,0.0,0.0,0.0
17,65,6.20344808413347,7.81528049156008,1.0,0.0,1.0,0.0,0.0,0.0
18,65,4.657081261004508,5.468717670430072,0.0,0.0,0.0,1.0,0.0,1.0
19,65,2.0910296326237607,11.510034176417586,0.0,1.0,0.0,1.0,0.0,0.0
0,70,6.7527943360757,10.076506613241165,0.0,0.0,0.0,0.0,1.0,1.0
1,70,11.266858646835624,3.7093647566536703,0.0,0.0,0.0,0.0,1.0,1.0
2,70,11.943080126691276,10.711948508829671,0.0,0.0,0.0,1.0,1.0,0.0
3,70,4.559937189952882,12.0,0.0,1.0,0.0,1.0,1.0,0.0
4,70,7.776137718732064,0.9514127556596844,1.0,1.0,0.0,0.0,0.0,1.0
5,70,6.248300220473285,2.8224548306204613,0.0,0.0,1.0,0.0,1.0,1.0
6,70,6.271789868349343,2.703280470833708,1.0,0.0,0.0,0.0,0.0,0.0
7,70,7.924377530832991,2.482480763502473,1.0,0.0,0.0,0.0,1.0,1.0
8,70,7.736746222952512,11.570899639730422,1.0,1.0,0.0,1.0,1.0,0.0
9,70,7.585050961604735,1.2203689187799345,0.0,0.0,0.0,0.0,0.0,1.0
10,70,12.0,6.9139961546304,1.0,0.0,1.0,1.0,0.0,0.0
11,70,10.996788387331682,1.481710476717617,0.0,0.0,0.0,1.0,1.0,1.0
12,70,4.390095671228821,4.996461289598721,0.0,1.0,1.0,0.0,0.0,0.0
13,70,6.960273304923296,0.0135002596656817,0.0,1.0,0.0,0.0,0.0,1.0
14,70,7.545474322784792,8.00590078541764,0.0,0.0,1.0,0.0,0.0,0.0
15,70,1.6919951365310557,2.525854005951918,1.0,0.0,1.0,0.0,0.0,0.0
16,70,4.787041593375356,6.33602738909529,0.0,0.0,1.0,0.0,0.0,0.0
17,70,6.203762864653521,7.851168230175184,1.0,0.0,1.0,0.0,0.0,0.0
18,70,4.627253221099127,5.421068197398333,0.0,0.0,0.0,1.0,0.0,1.0
19,70,2.102187305835682,11.607072738874717,0.0,1.0,0.0,1.0,0.0,0.0
0,75,6.721593004735141,9.967549690024663,0.0,0.0,0.0,0.0,1.0,1.0
1,75,11.276468541686125,3.697896424079394,0.0,0.0,0.0,0.0,1.0,1.0
2,75,11.943753635026065,10.719744273693436,0.0,0.0,0.0,1.0,1.0,0.0
3,75,4.524804792219384,12.0,0.0,1.0,0.0,1.0,1.0,0.0
4,75,7.801065007268576,0.9566365755963048,1.0,1.0,0.0,0.0,0.0,1.0
5,75,6.280669071219332,2.816722101949672,0.0,0.0,1.0,0.0,1.0,1.0
6,75,6.255681517137498,2.7198094407157702,1.0,0.0,0.0,0.0,0.0,0.0
7,75,7.921601880379787,2.46533131189177,1.0,0.0,0.0,0.0,1.0,1.0
8,75,7.624071192739088,11.62042921029968,1.0,1.0,0.0,1.0,1.0,0.0
9,75,7.631822490307832,1.2307704054919444,0.0,0.0,0.0,0.0,0.0,1.0
10,75,12.0,6.904219396316066,1.0,0.0,1.0,1.0,0.0,0.0
11,75,11.00609812642154,1.3183221100694522,0.0,0.0,0.0,1.0,1.0,1.0
12,75,4.427063375680501,4.894540431371028,0.0,1.0,1.0,0.0,0.0,0.0
13,75,6.99527545128878,0.0001276387778818,0.0,1.0,0.0,0.0,0.0,1.0
14,75,7.620871492650482,8.142771894234242,0.0,0.0,1.0,0.0,0.0,0.0
15,75,1.660696887155665,2.574999065217186,1.0,0.0,1.0,0.0,0.0,0.0
16,75,4.816700573188364,6.310618192217014,0.0,0.0,1.0,0.0,0.0,0.0
17,75,6.20318051836597,7.8769894488025,1.0,0.0,1.0,0.0,0.0,0.0
18,75,4.616159348845684,5.40376725220338,0.0,0.0,0.0,1.0,0.0,1.0
19,75,2.1117202349249125,11.7041397217421,0.0,1.0,0.0,1.0,0.0,0.0
0,80,6.691796641440795,9.859114611033084,0.0,0.0,0.0,0.0,1.0,1.0
1,80,11.290385770998803,3.680486088989363,0.0,0.0,0.0,0.0,1.0,1.0
2,80,11.942710942998591,10.707629996001067,0.0,0.0,0.0,1.0,1.0,0.0
3,80,4.49629924472028,12.0,0.0,1.0,0.0,1.0,1.0,0.0
4,80,7.808924527779055,0.9585204221882122,1.0,1.0,0.0,0.0,0.0,1.0
5,80,6.306195303915957,2.8111577122004463,0.0,0.0,1.0,0.0,1.0,1.0
6,80,6.225179869669212,2.752529675328154,1.0,0.0,0.0,0.0,0.0,0.0
7,80,7.91933853414602,2.4503502787901628,1.0,0.0,0.0,0.0,1.0,1.0
8,80,7.51895008187932,11.665248755672406,1.0,1.0,0.0,1.0,1.0,0.0
9,80,7.689339154790256,1.244948071465357,0.0,0.0,0.0,0.0,0.0,1.0
10,80,12.0,6.894516053943447,1.0,0.0,1.0,1.0,0.0,0.0
11,80,11.011969919631271,1.1523769377390645,0.0,0.0,0.0,1.0,1.0,1.0
12,80,4.465645133154592,4.792595288816823,0.0,1.0,1.0,0.0,0.0,0.0
13,80,7.028380031607949,0.0,0.0,1.0,0.0,0.0,0.0,1.0
14,80,7.692651158240359,8.276460920256941,0.0,0.0,1.0,0.0,0.0,0.0
15,80,1.643811222559464,2.6027308591914458,1.0,0.0,1.0,0.0,0.0,0.0
16,80,4.843732949105488,6.289936757111739,0.0,0.0,1.0,0.0,0.0,0.0
17,80,6.202455879012847,7.903644295529458,1.0,0.0,1.0,0.0,0.0,0.0
18,80,4.604012456660848,5.385354424940384,0.0,0.0,0.0,1.0,0.0,1.0
19,80,2.121005588946406,11.81372309494602,0.0,1.0,0.0,1.0,0.0,0.0
0,85,6.666692520077146,9.752366135918258,0.0,0.0,0.0,0.0,1.0,1.0
1,85,11.29513856598865,3.674736223076483,0.0,0.0,0.0,0.0,1.0,1.0
2,85,11.941611796554447,10.694253396258386,0.0,0.0,0.0,1.0,1.0,0.0
3,85,4.458563559901093,12.0,0.0,1.0,0.0,1.0,1.0,0.0
4,85,7.852888775712212,0.9685068729159932,1.0,1.0,0.0,0.0,0.0,1.0
5,85,6.33485094790122,2.8043079045661705,0.0,0.0,1.0,0.0,1.0,1.0
6,85,6.184816696624831,2.794273990194364,1.0,0.0,0.0,0.0,0.0,0.0
7,85,7.916621897787323,2.4281371499451385,1.0,0.0,0.0,0.0,1.0,1.0
8,85,7.42959748723353,11.704129728356977,1.0,1.0,0.0,1.0,1.0,0.0
9,85,7.748511260376627,1.2611112313946409,0.0,0.0,0.0,0.0,0.0,1.0
10,85,12.0,6.881971449369129,1.0,0.0,1.0,1.0,0.0,0.0
11,85,11.018205549989206,0.9831580746409778,0.0,0.0,0.0,1.0,1.0,1.0
12,85,4.508898656677834,4.680101847202383,0.0,1.0,1.0,0.0,0.0,0.0
13,85,7.057773056365252,0.0,0.0,1.0,0.0,0.0,0.0,1.0
14,85,7.767687225639765,8.4113420425615,0.0,0.0,1.0,0.0,0.0,0.0
15,85,1.6340945143226535,2.618564657885058,1.0,0.0,1.0,0.0,0.0,0.0
16,85,4.871223481118275,6.2683090965718575,0.0,0.0,1.0,0.0,0.0,0.0
17,85,6.201762817592918,7.923465735218767,1.0,0.0,1.0,0.0,0.0,0.0
18,85,4.5863587996762165,5.35852669350613,0.0,0.0,0.0,1.0,0.0,1.0
19,85,2.1275276132658605,11.919261166689616,0.0,1.0,0.0,1.0,0.0,0.0
0,90,6.64378397694593,9.645811110482192,0.0,0.0,0.0,0.0,1.0,1.0
1,90,11.303183552618568,3.665041603372383,0.0,0.0,0.0,0.0,1.0,1.0
2,90,11.941014483198762,10.68750670722572,0.0,0.0,0.0,1.0,1.0,0.0
3,90,4.417887680211703,12.0,0.0,1.0,0.0,1.0,1.0,0.0
4,90,7.902752112289085,0.9804768533464464,1.0,1.0,0.0,0.0,0.0,1.0
5,90,6.3418744242207845,2.8312287895161607,0.0,0.0,1.0,0.0,1.0,1.0
6,90,6.153881200629307,2.8257596498165576,1.0,0.0,0.0,0.0,0.0,0.0
7,90,7.91537452162006,2.414788327684886,1.0,0.0,0.0,0.0,1.0,1.0
8,90,7.336419605764517,11.748931492190474,1.0,1.0,0.0,1.0,1.0,0.0
9,90,7.810940787515583,1.2773975250073564,0.0,0.0,0.0,0.0,0.0,1.0
10,90,12.0,6.872749134126971,1.0,0.0,1.0,1.0,0.0,0.0
11,90,11.030102845220537,0.8019456330039844,0.0,0.0,0.0,1.0,1.0,1.0
12,90,4.551969084019225,4.5540965911640665,0.0,1.0,1.0,0.0,0.0,0.0
13,90,7.096503305735324,0.0,0.0,1.0,0.0,0.0,0.0,1.0
14,90,7.836881532136293,8.531052919356116,0.0,0.0,1.0,0.0,0.0,0.0
15,90,1.628255834890949,2.62865895255047,1.0,0.0,1.0,0.0,0.0,0.0
16,90,4.897630944297403,6.248076988335723,0.0,0.0,1.0,0.0,0.0,0.0
17,90,6.199745198789084,7.96369063328974,1.0,0.0,1.0,0.0,0.0,0.0
18,90,4.572546264497957,5.337835878675359,0.0,0.0,0.0,1.0,0.0,1.0
19,90,2.132776375176037,12.0,0.0,1.0,0.0,1.0,0.0,0.0
0,95,6.619679100893417,9.531772075731975,0.0,0.0,0.0,0.0,1.0,1.0
1,95,11.310100609013046,3.65728158752144,0.0,0.0,0.0,0.0,1.0,1.0
2,95,11.93871029912374,10.658442367215272,0.0,0.0,0.0,1.0,1.0,0.0
3,95,4.389985102704918,12.0,0.0,1.0,0.0,1.0,1.0,0.0
4,95,7.943522228098742,0.989526776239912,1.0,1.0,0.0,0.0,0.0,1.0
5,95,6.322045639478418,2.836820507524449,0.0,0.0,1.0,0.0,1.0,1.0
6,95,6.117542666963536,2.8618259962829087,1.0,0.0,0.0,0.0,0.0,0.0
7,95,7.912923681313453,2.391830570758811,1.0,0.0,0.0,0.0,1.0,1.0
8,95,7.251465985730304,11.78794281619385,1.0,1.0,0.0,1.0,1.0,0.0
9,95,7.863363907145989,1.290807167717825,0.0,0.0,0.0,0.0,0.0,1.0
10,95,12.0,6.865556348837318,1.0,0.0,1.0,1.0,0.0,0.0
11,95,11.049448845474608,0.6101703086178683,0.0,0.0,0.0,1.0,1.0,1.0
12,95,4.579383650560211,4.464240356023357,0.0,1.0,1.0,0.0,0.0,0.0
13,95,7.145139856152682,0.0,0.0,1.0,0.0,0.0,0.0,1.0
14,95,7.901343824586214,8.645034855325388,0.0,0.0,1.0,0.0,0.0,0.0
15,95,1.6276574552286085,2.629643697600873,1.0,0.0,1.0,0.0,0.0,0.0
16,95,4.936937477319534,6.218136746624409,0.0,0.0,1.0,0.0,0.0,0.0
17,95,6.198766671297548,7.997488041198506,1.0,0.0,1.0,0.0,0.0,0.0
18,95,4.562972365274548,5.322420517684958,0.0,0.0,0.0,1.0,0.0,1.0
19,95,2.139385293243226,12.0,0.0,1.0,0.0,1.0,0.0,0.0
0,100,6.601985962686388,9.429407794045442,0.0,0.0,0.0,0.0,1.0,1.0
1,100,11.319323172479464,3.646906059203375,0.0,0.0,0.0,0.0,1.0,1.0
2,100,11.936942800484422,10.626599878998812,0.0,0.0,0.0,1.0,1.0,0.0
3,100,4.354524060512341,12.0,0.0,1.0,0.0,1.0,1.0,0.0
4,100,7.997680707312769,1.0012042154150995,1.0,1.0,0.0,0.0,0.0,1.0
5,100,6.309086964606595,2.8404909022701217,0.0,0.0,1.0,0.0,1.0,1.0
6,100,6.084514855065777,2.8945042007108355,1.0,0.0,0.0,0.0,0.0,0.0
7,100,7.913476874422997,2.396253842917261,1.0,0.0,0.0,0.0,1.0,1.0
8,100,7.162328703358988,11.831466907816012,1.0,1.0,0.0,1.0,1.0,0.0
9,100,7.935494050913229,1.3109181375687562,0.0,0.0,0.0,0.0,0.0,1.0
10,100,12.0,6.8615503974641054,1.0,0.0,1.0,1.0,0.0,0.0
11,100,11.06454193210086,0.4205499159917155,0.0,0.0,0.0,1.0,1.0,1.0
12,100,4.607108995692316,4.372656347945892,0.0,1.0,1.0,0.0,0.0,0.0
13,100,7.204224718674881,0.0,0.0,1.0,0.0,0.0,0.0,1.0
14,100,7.957588870436189,8.751115370431311,0.0,0.0,1.0,0.0,0.0,0.0
15,100,1.628330922975023,2.6285290434580086,1.0,0.0,1.0,0.0,0.0,0.0
16,100,4.974502224199624,6.1891958115102135,0.0,0.0,1.0,0.0,0.0,0.0
17,100,6.198555582231051,8.045866324911353,1.0,0.0,1.0,0.0,0.0,0.0
18,100,4.561531261330113,5.320274005604678,0.0,0.0,0.0,1.0,0.0,1.0
19,100,2.144176623336067,12.0,0.0,1.0,0.0,1.0,0.0,0.0
0,105,6.584926695138388,9.311404136648136,0.0,0.0,0.0,0.0,1.0,1.0
1,105,11.33607377863756,3.6276992803830894,0.0,0.0,0.0,0.0,1.0,1.0
2,105,11.934187828329634,10.580211752806292,0.0,0.0,0.0,1.0,1.0,0.0
3,105,4.31027875734829,12.0,0.0,1.0,0.0,1.0,1.0,0.0
4,105,7.989797455024455,1.04078721542784,1.0,1.0,0.0,0.0,0.0,1.0
5,105,6.279123493828075,2.849345606908705,0.0,0.0,1.0,0.0,1.0,1.0
6,105,6.05233669386438,2.926530120905932,1.0,0.0,0.0,0.0,0.0,0.0
7,105,7.915997290964423,2.415534124103018,1.0,0.0,0.0,0.0,1.0,1.0
8,105,7.047903754618481,11.886853364420396,1.0,1.0,0.0,1.0,1.0,0.0
9,105,8.002101053934952,1.331031461029902,0.0,0.0,0.0,0.0,0.0,1.0
10,105,12.0,6.857939338931593,1.0,0.0,1.0,1.0,0.0,0.0
11,105,11.079637644327178,0.2318915570628075,0.0,0.0,0.0,1.0,1.0,1.0
12,105,4.6365111484925725,4.277433317950922,0.0,1.0,1.0,0.0,0.0,0.0
13,105,7.254321351175821,0.0,0.0,1.0,0.0,0.0,0.0,1.0
14,105,8.020597776238233,8.866644570428615,0.0,0.0,1.0,0.0,0.0,0.0
15,105,1.6245877383637242,2.634635970403276,1.0,0.0,1.0,0.0,0.0,0.0
16,105,4.98698516910111,6.179253075486416,0.0,0.0,1.0,0.0,0.0,0.0
17,105,6.199364179214749,8.115166224153198,1.0,0.0,1.0,0.0,0.0,0.0
18,105,4.557994614738435,5.314556077572427,0.0,0.0,0.0,1.0,0.0,1.0
19,105,2.1477819297853102,12.0,0.0,1.0,0.0,1.0,0.0,0.0
0,110,6.563895485332549,9.177363685571024,0.0,0.0,0.0,0.0,1.0,1.0
1,110,11.34892442455315,3.6127346430191984,0.0,0.0,0.0,0.0,1.0,1.0
2,110,11.93042647342994,10.528613425550242,0.0,0.0,0.0,1.0,1.0,0.0
3,110,4.252793257985698,12.0,0.0,1.0,0.0,1.0,1.0,0.0
4,110,7.979858057160359,1.0951754203139352,1.0,1.0,0.0,0.0,0.0,1.0
5,110,6.21685257732195,2.8680639314702274,0.0,0.0,1.0,0.0,1.0,1.0
6,110,6.014237407454028,2.963977212791251,1.0,0.0,0.0,0.0,0.0,0.0
7,110,7.919150189188794,2.4382522722276274,1.0,0.0,0.0,0.0,1.0,1.0
8,110,6.933220353338062,11.942530551505843,1.0,1.0,0.0,1.0,1.0,0.0
9,110,8.077077178882801,1.3536879155131616,0.0,0.0,0.0,0.0,0.0,1.0
10,110,12.0,6.852659344565111,1.0,0.0,1.0,1.0,0.0,0.0
11,110,11.091970739481324,0.0437371461679606,0.0,0.0,0.0,1.0,1.0,1.0
12,110,4.6684363356735545,4.177397463528834,0.0,1.0,1.0,0.0,0.0,0.0
13,110,7.309215869426239,0.0,0.0,1.0,0.0,0.0,0.0,1.0
14,110,8.094079038374971,9.00341178720089,0.0,0.0,1.0,0.0,0.0,0.0
15,110,1.6128024399447762,2.653664386764676,1.0,0.0,1.0,0.0,0.0,0.0
16,110,5.007969250430521,6.16327338437041,0.0,0.0,1.0,0.0,0.0,0.0
17,110,6.199644045956863,8.183844886041213,1.0,0.0,1.0,0.0,0.0,0.0
18,110,4.552492441820709,5.305325823785938,0.0,0.0,0.0,1.0,0.0,1.0
19,110,2.1474451929436245,12.0,0.0,1.0,0.0,1.0,0.0,0.0
0,115,6.5399131507752575,9.010254372559052,0.0,0.0,0.0,0.0,1.0,1.0
1,115,11.355487052030336,3.605323709047437,0.0,0.0,0.0,0.0,1.0,1.0
2,115,11.92774850375031,10.489989686630414,0.0,0.0,0.0,1.0,1.0,0.0
3,115,4.202865299983305,12.0,0.0,1.0,0.0,1.0,1.0,0.0
4,115,7.969452963418521,1.1429493246146134,1.0,1.0,0.0,0.0,0.0,1.0
5,115,6.150895113795037,2.887326241400784,0.0,0.0,1.0,0.0,1.0,1.0
6,115,5.9772724478796215,2.99922849223842,1.0,0.0,0.0,0.0,0.0,0.0
7,115,7.925053963060018,2.469725522084403,1.0,0.0,0.0,0.0,1.0,1.0
8,115,6.813623830507101,11.999925668057609,1.0,1.0,0.0,1.0,1.0,0.0
9,115,8.158584964552269,1.3788989802138147,0.0,0.0,0.0,0.0,0.0,1.0
10,115,12.0,6.847668077486685,1.0,0.0,1.0,1.0,0.0,0.0
11,115,11.10139746878763,0.0,0.0,0.0,0.0,1.0,1.0,1.0
12,115,4.700382853540972,4.0710251684029375,0.0,1.0,1.0,0.0,0.0,0.0
13,115,7.3824832229849315,0.0,0.0,1.0,0.0,0.0,0.0,1.0
14,115,8.163362147548925,9.132514301367102,0.0,0.0,1.0,0.0,0.0,0.0
15,115,1.6010963378280358,2.671908695938234,1.0,0.0,1.0,0.0,0.0,0.0
16,115,5.04354376232877,6.13724171104421,0.0,0.0,1.0,0.0,0.0,0.0
17,115,6.200498715559575,8.24291310994592,1.0,0.0,1.0,0.0,0.0,0.0
18,115,4.550138073031115,5.301493973045669,0.0,0.0,0.0,1.0,0.0,1.0
19,115,2.1460098817094,12.0,0.0,1.0,0.0,1.0,0.0,0.0
0,120,6.519735791525459,8.871535654549909,0.0,0.0,0.0,0.0,1.0,1.0
1,120,11.35994244211059,3.600491994274107,0.0,0.0,0.0,0.0,1.0,1.0
2,120,11.92480121321614,10.431144076988192,0.0,0.0,0.0,1.0,1.0,0.0
3,120,4.145729558784783,12.0,0.0,1.0,0.0,1.0,1.0,0.0
4,120,7.962217380733942,1.177834535941062,1.0,1.0,0.0,0.0,0.0,1.0
5,120,6.06780066470912,2.9100190540223294,0.0,0.0,1.0,0.0,1.0,1.0
6,120,5.944873111360952,3.030728820134107,1.0,0.0,0.0,0.0,0.0,0.0
7,120,7.935395922492535,2.521656373407438,1.0,0.0,0.0,0.0,1.0,1.0
8,120,6.683449792606806,12.0,1.0,1.0,0.0,1.0,1.0,0.0
9,120,8.208305787531435,1.3948631346658389,0.0,0.0,0.0,0.0,0.0,1.0
10,120,12.0,6.842813052783368,1.0,0.0,1.0,1.0,0.0,0.0
11,120,11.114786345768533,0.0,0.0,0.0,0.0,1.0,1.0,1.0
12,120,4.726023955047947,3.980912995729422,0.0,1.0,1.0,0.0,0.0,0.0
13,120,7.435622884425033,0.0,0.0,1.0,0.0,0.0,0.0,1.0
14,120,8.230751192233187,9.25159562424468,0.0,0.0,1.0,0.0,0.0,0.0
15,120,1.5903030277329553,2.688238197453633,1.0,0.0,1.0,0.0,0.0,0.0
16,120,5.053262859326618,6.130011917564836,0.0,0.0,1.0,0.0,0.0,0.0
17,120,6.202759607873768,8.318305195858896,1.0,0.0,1.0,0.0,0.0,0.0
18,120,4.538781211107125,5.282567434893306,0.0,0.0,0.0,1.0,0.0,1.0
19,120,2.1463917247045745,12.0,0.0,1.0,0.0,1.0,0.0,0.0
0,125,6.4964080496830725,8.730439664715268,0.0,0.0,0.0,0.0,1.0,1.0
1,125,11.376940526107669,3.5822776796751463,0.0,0.0,0.0,0.0,1.0,1.0
2,125,11.920469162811184,10.350458775235278,0.0,0.0,0.0,1.0,1.0,0.0
3,125,4.081611161502622,12.0,0.0,1.0,0.0,1.0,1.0,0.0
4,125,7.949475369036569,1.2359815076929237,1.0,1.0,0.0,0.0,0.0,1.0
5,125,5.986596879618139,2.931383358673457,0.0,0.0,1.0,0.0,1.0,1.0
6,125,5.905599309670033,3.0685966105980094,1.0,0.0,0.0,0.0,0.0,0.0
7,125,7.947001488889218,2.5782623450808764,1.0,0.0,0.0,0.0,1.0,1.0
8,125,6.544036617284297,12.0,1.0,1.0,0.0,1.0,1.0,0.0
9,125,8.245407096706522,1.406651128243677,0.0,0.0,0.0,0.0,0.0,1.0
10,125,12.0,6.840717612780351,1.0,0.0,1.0,1.0,0.0,0.0
11,125,11.128115542158357,0.0,0.0,0.0,0.0,1.0,1.0,1.0
12,125,4.795309943973996,4.000929415093756,0.0,1.0,1.0,0.0,0.0,0.0
13,125,7.493274933790526,0.0,0.0,1.0,0.0,0.0,0.0,1.0
14,125,8.305554656593308,9.38173595605728,0.0,0.0,1.0,0.0,0.0,0.0
15,125,1.5788458579827225,2.7065461563722097,1.0,0.0,1.0,0.0,0.0,0.0
16,125,5.0511768950995375,6.1315352824657605,0.0,0.0,1.0,0.0,0.0,0.0
17,125,6.204931065557219,8.384406014495047,1.0,0.0,1.0,0.0,0.0,0.0
18,125,4.527015340227793,5.262129590003271,0.0,0.0,0.0,1.0,0.0,1.0
19,125,2.147014250986143,12.0,0.0,1.0,0.0,1.0,0.0,0.0
0,130,6.474046128654272,8.582140912169129,0.0,0.0,0.0,0.0,1.0,1.0
1,130,11.399760614769916,3.5566567194563863,0.0,0.0,0.0,0.0,1.0,1.0
2,130,11.91663422528816,10.270388783891416,0.0,0.0,0.0,1.0,1.0,0.0
3,130,4.017771184888191,12.0,0.0,1.0,0.0,1.0,1.0,0.0
4,130,7.936533406220088,1.2871716961596786,1.0,1.0,0.0,0.0,0.0,1.0
5,130,5.902877080204312,2.955646821125913,0.0,0.0,1.0,0.0,1.0,1.0
6,130,5.867291353501603,3.106990550519574,1.0,0.0,0.0,0.0,0.0,0.0
7,130,7.958037000068682,2.6303623894214194,1.0,0.0,0.0,0.0,1.0,1.0
8,130,6.403230521485345,12.0,1.0,1.0,0.0,1.0,1.0,0.0
9,130,8.28273183781854,1.4196745822565149,0.0,0.0,0.0,0.0,0.0,1.0
10,130,12.0,6.8379976874362605,1.0,0.0,1.0,1.0,0.0,0.0
11,130,11.139280007406498,0.0,0.0,0.0,0.0,1.0,1.0,1.0
12,130,4.851058401540414,4.017512010954249,0.0,1.0,1.0,0.0,0.0,0.0
13,130,7.471328564826225,0.0,0.0,1.0,0.0,0.0,0.0,1.0
14,130,8.376696064548359,9.49993711846454,0.0,0.0,1.0,0.0,0.0,0.0
15,130,1.5635101257542974,2.7315315508426736,1.0,0.0,1.0,0.0,0.0,0.0
16,130,5.0404614929118985,6.1391864867826325,0.0,0.0,1.0,0.0,0.0,0.0
17,130,6.207412753430506,8.450818992303471,1.0,0.0,1.0,0.0,0.0,0.0
18,130,4.530865310527595,5.268980808295736,0.0,0.0,0.0,1.0,0.0,1.0
19,130,2.146417429024654,12.0,0.0,1.0,0.0,1.0,0.0,0.0
0,135,6.4546447441030175,8.446675507318677,0.0,0.0,0.0,0.0,1.0,1.0
1,135,11.424936364291472,3.527211499693288,0.0,0.0,0.0,0.0,1.0,1.0
2,135,11.910682806914586,10.182088882402107,0.0,0.0,0.0,1.0,1.0,0.0
3,135,3.960481789165389,12.0,0.0,1.0,0.0,1.0,1.0,0.0
4,135,7.92080545227187,1.3439143251320478,1.0,1.0,0.0,0.0,0.0,1.0
5,135,5.833460883272943,2.975399603388547,0.0,0.0,1.0,0.0,1.0,1.0
6,135,5.826807812941619,3.1472411475510853,1.0,0.0,0.0,0.0,0.0,0.0
7,135,7.97255583252221,2.6967342546879567,1.0,0.0,0.0,0.0,1.0,1.0
8,135,6.265016767518374,12.0,1.0,1.0,0.0,1.0,1.0,0.0
9,135,8.329761406834415,1.436128576045148,0.0,0.0,0.0,0.0,0.0,1.0
10,135,12.0,6.835003249350162,1.0,0.0,1.0,1.0,0.0,0.0
11,135,11.149956152840884,0.0,0.0,0.0,0.0,1.0,1.0,1.0
12,135,4.895862004274127,4.031660138941819,0.0,1.0,1.0,0.0,0.0,0.0
13,135,7.453755523742052,0.0,0.0,1.0,0.0,0.0,0.0,1.0
14,135,8.441833552500047,9.606769918739694,0.0,0.0,1.0,0.0,0.0,0.0
15,135,1.5446674636221682,2.760429838444272,1.0,0.0,1.0,0.0,0.0,0.0
16,135,5.027459859501554,6.148256974000422,0.0,0.0,1.0,0.0,0.0,0.0
17,135,6.20801368407944,8.49993776507022,1.0,0.0,1.0,0.0,0.0,0.0
18,135,4.54439453562016,5.292194518609662,0.0,0.0,0.0,1.0,0.0,1.0
19,135,2.1465847874429667,12.0,0.0,1.0,0.0,1.0,0.0,0.0
0,140,6.435162018506702,8.318533677505702,0.0,0.0,0.0,0.0,1.0,1.0
1,140,11.457170566958228,3.4869477949508854,0.0,0.0,0.0,0.0,1.0,1.0
2,140,11.904351788764306,10.109138689486649,0.0,0.0,0.0,1.0,1.0,0.0
3,140,3.8987218441280302,12.0,0.0,1.0,0.0,1.0,1.0,0.0
4,140,7.905690028843228,1.3948066012509917,1.0,1.0,0.0,0.0,0.0,1.0
5,140,5.743387071350453,3.000174343975072,0.0,0.0,1.0,0.0,1.0,1.0
6,140,5.800069947501942,3.174916370592532,1.0,0.0,0.0,0.0,0.0,0.0
7,140,7.986776857311667,2.757744774024726,1.0,0.0,0.0,0.0,1.0,1.0
8,140,6.111504919812759,12.0,1.0,1.0,0.0,1.0,1.0,0.0
9,140,8.390088351002005,1.4595179085512509,0.0,0.0,0.0,0.0,0.0,1.0
10,140,12.0,6.832313980833016,1.0,0.0,1.0,1.0,0.0,0.0
11,140,11.158526331781694,0.0,0.0,0.0,0.0,1.0,1.0,1.0
12,140,4.883939696402221,4.069235547177216,0.0,1.0,1.0,0.0,0.0,0.0
13,140,7.435932381861396,0.0,0.0,1.0,0.0,0.0,0.0,1.0
14,140,8.502215154242155,9.712466842115717,0.0,0.0,1.0,0.0,0.0,0.0
15,140,1.513769029809223,2.80371263798741,1.0,0.0,1.0,0.0,0.0,0.0
16,140,5.000289782186573,6.166964500287957,0.0,0.0,1.0,0.0,0.0,0.0
17,140,6.20818177950612,8.532509806267436,1.0,0.0,1.0,0.0,0.0,0.0
18,140,4.562233470195543,5.321255312719864,0.0,0.0,0.0,1.0,0.0,1.0
19,140,2.1470196677145283,12.0,0.0,1.0,0.0,1.0,0.0,0.0
0,145,6.415130758619257,8.185823116615742,0.0,0.0,0.0,0.0,1.0,1.0
1,145,11.504617549969938,3.430170021895476,0.0,0.0,0.0,0.0,1.0,1.0
2,145,11.897820164983347,10.032381582195644,0.0,0.0,0.0,1.0,1.0,0.0
3,145,3.847994521937972,12.0,0.0,1.0,0.0,1.0,1.0,0.0
4,145,7.891728508408557,1.4427861201030916,1.0,1.0,0.0,0.0,0.0,1.0
5,145,5.626291343592195,3.0344053295145645,0.0,0.0,1.0,0.0,1.0,1.0
6,145,5.787614218423663,3.187426348884816,1.0,0.0,0.0,0.0,0.0,0.0
7,145,7.998108466034619,2.80174635668732,1.0,0.0,0.0,0.0,1.0,1.0
8,145,5.960381309639836,12.0,1.0,1.0,0.0,1.0,1.0,0.0
9,145,8.444962359327253,1.480693678799661,0.0,0.0,0.0,0.0,0.0,1.0
10,145,12.0,6.827758647325448,1.0,0.0,1.0,1.0,0.0,0.0
11,145,11.170929680808024,0.0,0.0,0.0,0.0,1.0,1.0,1.0
12,145,4.869631175077452,4.113987049820627,0.0,1.0,1.0,0.0,0.0,0.0
13,145,7.4160634092059325,0.0,0.0,1.0,0.0,0.0,0.0,1.0
14,145,8.566251828571188,9.821796883084769,0.0,0.0,1.0,0.0,0.0,0.0
15,145,1.4839838104973886,2.846577192959351,1.0,0.0,1.0,0.0,0.0,0.0
16,145,4.965775629308434,6.189810360094135,0.0,0.0,1.0,0.0,0.0,0.0
17,145,6.254756708339406,8.532098050797547,1.0,0.0,1.0,0.0,0.0,0.0
18,145,4.580197632160994,5.352184646895502,0.0,0.0,0.0,1.0,0.0,1.0
19,145,2.1470401217470565,12.0,0.0,1.0,0.0,1.0,0.0,0.0
0,150,6.394067550914116,8.0627912905143,0.0,0.0,0.0,0.0,1.0,1.0
1,150,11.570198092281538,3.3510619934382704,0.0,0.0,0.0,0.0,1.0,1.0
2,150,11.890772381422128,9.94078528340714,0.0,0.0,0.0,1.0,1.0,0.0
3,150,3.801194495847338,12.0,0.0,1.0,0.0,1.0,1.0,0.0
4,150,7.879284591512963,1.4804144705140252,1.0,1.0,0.0,0.0,0.0,1.0
5,150,5.494512631230281,3.072132957103319,0.0,0.0,1.0,0.0,1.0,1.0
6,150,5.765082453408702,3.2083711045220715,1.0,0.0,0.0,0.0,0.0,0.0
7,150,8.010196386234071,2.8480455593887064,1.0,0.0,0.0,0.0,1.0,1.0
8,150,5.807550797965182,12.0,1.0,1.0,0.0,1.0,1.0,0.0
9,150,8.515596414299761,1.5081893250475205,0.0,0.0,0.0,0.0,0.0,1.0
10,150,12.0,6.820991171529325,1.0,0.0,1.0,1.0,0.0,0.0
11,150,11.180169477704723,0.0,0.0,0.0,0.0,1.0,1.0,1.0
12,150,4.8607311876574295,4.144828793175177,0.0,1.0,1.0,0.0,0.0,0.0
13,150,7.391698618187527,0.0,0.0,1.0,0.0,0.0,0.0,1.0
14,150,8.635408374246571,9.936726900545738,0.0,0.0,1.0,0.0,0.0,0.0
15,150,1.448174200769342,2.8989021296642954,1.0,0.0,1.0,0.0,0.0,0.0
16,150,4.933580314072614,6.21246627244781,0.0,0.0,1.0,0.0,0.0,0.0
17,150,6.31068607621499,8.532048101343378,1.0,0.0,1.0,0.0,0.0,0.0
18,150,4.584159363650032,5.359161199807708,0.0,0.0,0.0,1.0,0.0,1.0
19,150,2.147565062046627,12.0,0.0,1.0,0.0,1.0,0.0,0.0
0,155,6.368241343480416,7.931394199830841,0.0,0.0,0.0,0.0,1.0,1.0
1,155,11.636909844661458,3.2715369393132385,0.0,0.0,0.0,0.0,1.0,1.0
2,155,11.88263441653627,9.858057206951283,0.0,0.0,0.0,1.0,1.0,0.0
3,155,3.756867351855539,12.0,0.0,1.0,0.0,1.0,1.0,0.0
4,155,7.872838844950203,1.5012734000293528,1.0,1.0,0.0,0.0,0.0,1.0
5,155,5.332773141345119,3.1213297530384287,0.0,0.0,1.0,0.0,1.0,1.0
6,155,5.738816724591693,3.232478149458934,1.0,0.0,0.0,0.0,0.0,0.0
7,155,8.025349498495913,2.9129515228816274,1.0,0.0,0.0,0.0,1.0,1.0
8,155,5.663156387678848,12.0,1.0,1.0,0.0,1.0,1.0,0.0
9,155,8.571329715776526,1.5290667233910749,0.0,0.0,0.0,0.0,0.0,1.0
10,155,12.0,6.813545192027887,1.0,0.0,1.0,1.0,0.0,0.0
11,155,11.19667754576058,0.0,0.0,0.0,0.0,1.0,1.0,1.0
12,155,4.849089538188155,4.188416076726295,0.0,1.0,1.0,0.0,0.0,0.0
13,155,7.36495364828908,0.0,0.0,1.0,0.0,0.0,0.0,1.0
14,155,8.700567433540565,10.04228191821366,0.0,0.0,1.0,0.0,0.0,0.0
15,155,1.4017820163682548,2.968313943868061,1.0,0.0,1.0,0.0,0.0,0.0
16,155,4.904551736566188,6.232537610983686,0.0,0.0,1.0,0.0,0.0,0.0
17,155,6.381152499762616,8.532245871480626,1.0,0.0,1.0,0.0,0.0,0.0
18,155,4.585751596070157,5.362016180054769,0.0,0.0,0.0,1.0,0.0,1.0
19,155,2.147616813673681,12.0,0.0,1.0,0.0,1.0,0.0,0.0
0,160,6.344898585714788,7.809269337817549,0.0,0.0,0.0,0.0,1.0,1.0
1,160,11.705259093377576,3.189937619339171,0.0,0.0,0.0,0.0,1.0,1.0
2,160,11.949711979216069,9.849317633992476,0.0,0.0,0.0,1.0,1.0,0.0
3,160,3.712225171512944,12.0,0.0,1.0,0.0,1.0,1.0,0.0
4,160,7.864041918356204,1.5299159356318988,1.0,1.0,0.0,0.0,0.0,1.0
5,160,5.148485405181484,3.179747797510976,0.0,0.0,1.0,0.0,1.0,1.0
6,160,5.727291999704233,3.243593470180925,1.0,0.0,0.0,0.0,0.0,0.0
7,160,7.97888453609027,2.9227127816773946,1.0,0.0,0.0,0.0,1.0,1.0
8,160,5.499429566864673,12.0,1.0,1.0,0.0,1.0,1.0,0.0
9,160,8.615472119613479,1.5437871778490877,0.0,0.0,0.0,0.0,0.0,1.0
10,160,12.0,6.804915374371576,1.0,0.0,1.0,1.0,0.0,0.0
11,160,11.364470100056494,0.0115926552824439,0.0,0.0,0.0,1.0,1.0,1.0
12,160,4.839624828150015,4.219689969462803,0.0,1.0,1.0,0.0,0.0,0.0
13,160,7.337644173820189,0.0,0.0,1.0,0.0,0.0,0.0,1.0
14,160,8.749744066490958,10.12063015540746,0.0,0.0,1.0,0.0,0.0,0.0
15,160,1.3505310293568336,3.0404672116957694,1.0,0.0,1.0,0.0,0.0,0.0
16,160,4.858721682966865,6.26325586684701,0.0,0.0,1.0,0.0,0.0,0.0
17,160,6.449010253657346,8.532897132053188,1.0,0.0,1.0,0.0,0.0,0.0
18,160,4.588535607073298,5.367149513636455,0.0,0.0,0.0,1.0,0.0,1.0
19,160,2.1490015608184003,12.0,0.0,1.0,0.0,1.0,0.0,0.0
0,165,6.317549547181674,7.670922403196452,0.0,0.0,0.0,0.0,1.0,1.0
1,165,11.769208106695809,3.113517644008149,0.0,0.0,0.0,0.0,1.0,1.0
2,165,12.0,9.840438956738865,0.0,0.0,0.0,1.0,1.0,0.0
3,165,3.6641814378945567,12.0,0.0,1.0,0.0,1.0,1.0,0.0
4,165,7.846351382344575,1.5897785889110172,1.0,1.0,0.0,0.0,0.0,1.0
5,165,4.977955696207576,3.230196802261434,0.0,0.0,1.0,0.0,1.0,1.0
6,165,5.697233004028652,3.2737160722138205,1.0,0.0,0.0,0.0,0.0,0.0
7,165,7.963400932304478,2.9257295366857816,1.0,0.0,0.0,0.0,1.0,1.0
8,165,5.310058250743957,12.0,1.0,1.0,0.0,1.0,1.0,0.0
9,165,8.650919031293084,1.5557336080766038,0.0,0.0,0.0,0.0,0.0,1.0
10,165,12.0,6.79490110199762,1.0,0.0,1.0,1.0,0.0,0.0
11,165,11.523036438889433,0.0186588750036051,0.0,0.0,0.0,1.0,1.0,1.0
12,165,4.823396311295149,4.271372813796444,0.0,1.0,1.0,0.0,0.0,0.0
13,165,7.313548959951102,0.0,0.0,1.0,0.0,0.0,0.0,1.0
14,165,8.657982403668472,10.17753511219792,0.0,0.0,1.0,0.0,0.0,0.0
15,165,1.2975200153315831,3.114458390566484,1.0,0.0,1.0,0.0,0.0,0.0
16,165,4.820141117878382,6.290810167067996,0.0,0.0,1.0,0.0,0.0,0.0
17,165,6.537899059282248,8.532083438511647,1.0,0.0,1.0,0.0,0.0,0.0
18,165,4.604709775230605,5.396124361230907,0.0,0.0,0.0,1.0,0.0,1.0
19,165,2.152378774919808,12.0,0.0,1.0,0.0,1.0,0.0,0.0
0,170,6.286272094518965,7.514242410814518,0.0,0.0,0.0,0.0,1.0,1.0
1,170,11.818857862705354,3.0540752292953,0.0,0.0,0.0,0.0,1.0,1.0
2,170,12.0,9.834134356386636,0.0,0.0,0.0,1.0,1.0,0.0
3,170,3.615371481289796,12.0,0.0,1.0,0.0,1.0,1.0,0.0
4,170,7.8181100648317505,1.6692332519983952,1.0,1.0,0.0,0.0,0.0,1.0
5,170,4.7934030647433605,3.282443962663585,0.0,0.0,1.0,0.0,1.0,1.0
6,170,5.684696028297252,3.2866363057630137,1.0,0.0,0.0,0.0,0.0,0.0
7,170,7.944641326201905,2.9290947211314475,1.0,0.0,0.0,0.0,1.0,1.0
8,170,5.122003738599921,12.0,1.0,1.0,0.0,1.0,1.0,0.0
9,170,8.671418919796672,1.5619430990703926,0.0,0.0,0.0,0.0,0.0,1.0
10,170,12.0,6.784547807499415,1.0,0.0,1.0,1.0,0.0,0.0
11,170,11.70016745727306,0.0287576326005356,0.0,0.0,0.0,1.0,1.0,1.0
12,170,4.809146456085292,4.319843490212874,0.0,1.0,1.0,0.0,0.0,0.0
13,170,7.2868629290120515,0.0,0.0,1.0,0.0,0.0,0.0,1.0
14,170,8.554344533543526,10.238735451424096,0.0,0.0,1.0,0.0,0.0,0.0
15,170,1.2568472921023222,3.172752403314238,1.0,0.0,1.0,0.0,0.0,0.0
16,170,4.792862110076031,6.310138525401296,0.0,0.0,1.0,0.0,0.0,0.0
17,170,6.632122647063223,8.529435734333937,1.0,0.0,1.0,0.0,0.0,0.0
18,170,4.612513744491015,5.410572318117165,0.0,0.0,0.0,1.0,0.0,1.0
19,170,2.157308411224251,12.0,0.0,1.0,0.0,1.0,0.0,0.0
0,175,6.253898795796135,7.3534568070721615,0.0,0.0,0.0,0.0,1.0,1.0
1,175,11.881635356429136,2.9800693824262225,0.0,0.0,0.0,0.0,1.0,1.0
2,175,12.0,9.830387345891488,0.0,0.0,0.0,1.0,1.0,0.0
3,175,3.566353914733826,12.0,0.0,1.0,0.0,1.0,1.0,0.0
4,175,7.789175943788821,1.7522900528679528,1.0,1.0,0.0,0.0,0.0,1.0
5,175,4.607385382025869,3.334064907797628,0.0,0.0,1.0,0.0,1.0,1.0
6,175,5.666763201261866,3.305858469297062,1.0,0.0,0.0,0.0,0.0,0.0
7,175,7.9127390499588035,2.935058465350983,1.0,0.0,0.0,0.0,1.0,1.0
8,175,4.92032157918169,12.0,1.0,1.0,0.0,1.0,1.0,0.0
9,175,8.686886022228101,1.5667691462844495,0.0,0.0,0.0,0.0,0.0,1.0
10,175,12.0,6.773896357393208,1.0,0.0,1.0,1.0,0.0,0.0
11,175,11.881261479979097,0.040900010983302,0.0,0.0,0.0,1.0,1.0,1.0
12,175,4.793360773409512,4.372421886636044,0.0,1.0,1.0,0.0,0.0,0.0
13,175,7.261146764436391,0.0,0.0,1.0,0.0,0.0,0.0,1.0
14,175,8.452822727655255,10.295353002085076,0.0,0.0,1.0,0.0,0.0,0.0
15,175,1.193137186171663,3.2623043322819005,1.0,0.0,1.0,0.0,0.0,0.0
16,175,4.770874473864003,6.325253169657872,0.0,0.0,1.0,0.0,0.0,0.0
17,175,6.712575042010359,8.526504291303105,1.0,0.0,1.0,0.0,0.0,0.0
18,175,4.620006808275609,5.423426733594509,0.0,0.0,0.0,1.0,0.0,1.0
19,175,2.1618942084242,12.0,0.0,1.0,0.0,1.0,0.0,0.0
0,180,6.218870869609258,7.177097160672249,0.0,0.0,0.0,0.0,1.0,1.0
1,180,11.937678404219488,2.912006910729707,0.0,0.0,0.0,0.0,1.0,1.0
2,180,12.0,9.827768916631705,0.0,0.0,0.0,1.0,1.0,0.0
3,180,3.5249454139773917,12.0,0.0,1.0,0.0,1.0,1.0,0.0
4,180,7.76813702519046,1.814122345614168,1.0,1.0,0.0,0.0,0.0,1.0
5,180,4.416728922123064,3.39242347250626,0.0,0.0,1.0,0.0,1.0,1.0
6,180,5.6454208538265,3.328200962200313,1.0,0.0,0.0,0.0,0.0,0.0
7,180,7.919853154953845,2.9337019658580763,1.0,0.0,0.0,0.0,1.0,1.0
8,180,4.7247274519356735,12.0,1.0,1.0,0.0,1.0,1.0,0.0
9,180,8.708032468591922,1.5740757996892023,0.0,0.0,0.0,0.0,0.0,1.0
10,180,12.0,6.76263558374227,1.0,0.0,1.0,1.0,0.0,0.0
11,180,12.0,0.0516626263675583,0.0,0.0,0.0,1.0,1.0,1.0
12,180,4.778279087357912,4.42289958013498,0.0,1.0,1.0,0.0,0.0,0.0
13,180,7.235490777247509,0.0,0.0,1.0,0.0,0.0,0.0,1.0
14,180,8.343034553095519,10.353671436904662,0.0,0.0,1.0,0.0,0.0,0.0
15,180,1.134009147598348,3.3499617875143004,1.0,0.0,1.0,0.0,0.0,0.0
16,180,4.761650696666069,6.331662595594526,0.0,0.0,1.0,0.0,0.0,0.0
17,180,6.81376063766176,8.524495263563548,1.0,0.0,1.0,0.0,0.0,0.0
18,180,4.623476360794799,5.429048746558904,0.0,0.0,0.0,1.0,0.0,1.0
19,180,2.1677248174759263,12.0,0.0,1.0,0.0,1.0,0.0,0.0
0,185,6.184380724370081,6.99452752382085,0.0,0.0,0.0,0.0,1.0,1.0
1,185,11.99657767816011,2.84005841951056,0.0,0.0,0.0,0.0,1.0,1.0
2,185,12.0,9.825857277434624,0.0,0.0,0.0,1.0,1.0,0.0
3,185,3.482633915231617,12.0,0.0,1.0,0.0,1.0,1.0,0.0
4,185,7.745417911741173,1.8755974305774517,1.0,1.0,0.0,0.0,0.0,1.0
5,185,4.242603878218462,3.4418290999012053,0.0,0.0,1.0,0.0,1.0,1.0
6,185,5.612471139556647,3.362019115309628,1.0,0.0,0.0,0.0,0.0,0.0
7,185,7.925557290661424,2.932667661612534,1.0,0.0,0.0,0.0,1.0,1.0
8,185,4.540404765268352,12.0,1.0,1.0,0.0,1.0,1.0,0.0
9,185,8.737497890660192,1.5841377643364876,0.0,0.0,0.0,0.0,0.0,1.0
10,185,12.0,6.74964556743728,1.0,0.0,1.0,1.0,0.0,0.0
11,185,12.0,0.0659071745748584,0.0,0.0,0.0,1.0,1.0,1.0
12,185,4.758901434087135,4.48556418795385,0.0,1.0,1.0,0.0,0.0,0.0
13,185,7.204249754150472,0.0,0.0,1.0,0.0,0.0,0.0,1.0
14,185,8.230147601680995,10.411303340940629,0.0,0.0,1.0,0.0,0.0,0.0
15,185,1.0613335200172007,3.457796796471547,1.0,0.0,1.0,0.0,0.0,0.0
16,185,4.75703532924072,6.334868282652229,0.0,0.0,1.0,0.0,0.0,0.0
17,185,6.907874063579491,8.523349652607287,1.0,0.0,1.0,0.0,0.0,0.0
18,185,4.623436015231203,5.428984942551984,0.0,0.0,0.0,1.0,0.0,1.0
19,185,2.174717022152952,12.0,0.0,1.0,0.0,1.0,0.0,0.0
0,190,6.150210328097363,6.810401983931267,0.0,0.0,0.0,0.0,1.0,1.0
1,190,12.0,2.7493486379481515,0.0,0.0,0.0,0.0,1.0,1.0
2,190,12.0,9.82550393057004,0.0,0.0,0.0,1.0,1.0,0.0
3,190,3.4349940883793195,12.0,0.0,1.0,0.0,1.0,1.0,0.0
4,190,7.732455252365367,1.914633812171018,1.0,1.0,0.0,0.0,0.0,1.0
5,190,4.065437299604835,3.4951114659351274,0.0,0.0,1.0,0.0,1.0,1.0
6,190,5.567162244741594,3.4120734040042797,1.0,0.0,0.0,0.0,0.0,0.0
7,190,7.945236676646453,2.928794846426089,1.0,0.0,0.0,0.0,1.0,1.0
8,190,4.370063400815188,12.0,1.0,1.0,0.0,1.0,1.0,0.0
9,190,8.788642479182943,1.6028856699297471,0.0,0.0,0.0,0.0,0.0,1.0
10,190,12.0,6.737310035427102,1.0,0.0,1.0,1.0,0.0,0.0
11,190,12.0,0.0782282313340362,0.0,0.0,0.0,1.0,1.0,1.0
12,190,4.734878359188167,4.563019355465535,0.0,1.0,1.0,0.0,0.0,0.0
13,190,7.169538979312899,0.0,0.0,1.0,0.0,0.0,0.0,1.0
14,190,8.107125421534992,10.477881341697778,0.0,0.0,1.0,0.0,0.0,0.0
15,190,0.9987532938212876,3.547013387119281,1.0,0.0,1.0,0.0,0.0,0.0
16,190,4.782007525842952,6.31767493725901,0.0,0.0,1.0,0.0,0.0,0.0
17,190,7.012808257510154,8.527051880752024,1.0,0.0,1.0,0.0,0.0,0.0
18,190,4.621302461914176,5.425419532247529,0.0,0.0,0.0,1.0,0.0,1.0
19,190,2.180273035997492,12.0,0.0,1.0,0.0,1.0,0.0,0.0
0,195,6.121904739468322,6.644369920572761,0.0,0.0,0.0,0.0,1.0,1.0
1,195,12.0,2.647268314794446,0.0,0.0,0.0,0.0,1.0,1.0
2,195,11.995638331833144,9.82579066529484,0.0,0.0,0.0,1.0,1.0,0.0
3,195,3.3719654762370763,12.0,0.0,1.0,0.0,1.0,1.0,0.0
4,195,7.708088739449433,1.989168320996174,1.0,1.0,0.0,0.0,0.0,1.0
5,195,3.902793409799303,3.5409217102321686,0.0,0.0,1.0,0.0,1.0,1.0
6,195,5.534585447448003,3.4480979916786154,1.0,0.0,0.0,0.0,0.0,0.0
7,195,7.97566265564524,2.9235947200586225,1.0,0.0,0.0,0.0,1.0,1.0
8,195,4.201697069322263,12.0,1.0,1.0,0.0,1.0,1.0,0.0
9,195,8.849648446147269,1.6247177155542447,0.0,0.0,0.0,0.0,0.0,1.0
10,195,12.0,6.719534313388807,1.0,0.0,1.0,1.0,0.0,0.0
11,195,12.0,0.0928049160425535,0.0,0.0,0.0,1.0,1.0,1.0
12,195,4.704809938996832,4.6517351511553855,0.0,1.0,1.0,0.0,0.0,0.0
13,195,7.134366265608099,0.0,0.0,1.0,0.0,0.0,0.0,1.0
14,195,7.984187700936211,10.541624355359811,0.0,0.0,1.0,0.0,0.0,0.0
15,195,0.9343823391916388,3.634684885026669,1.0,0.0,1.0,0.0,0.0,0.0
16,195,4.790631264032948,6.311487588688015,0.0,0.0,1.0,0.0,0.0,0.0
17,195,7.114884277661213,8.52956089395359,1.0,0.0,1.0,0.0,0.0,0.0
18,195,4.614887987408781,5.414256140560026,0.0,0.0,0.0,1.0,0.0,1.0
19,195,2.185794209397246,12.0,0.0,1.0,0.0,1.0,0.0,0.0
0,200,6.091572096768369,6.490741873906052,0.0,0.0,0.0,0.0,1.0,1.0
1,200,12.0,2.533636972278237,0.0,0.0,0.0,0.0,1.0,1.0
2,200,11.993699640303136,9.825926308342808,0.0,0.0,0.0,1.0,1.0,0.0
3,200,3.3103466134064257,12.0,0.0,1.0,0.0,1.0,1.0,0.0
4,200,7.683380850812202,2.0750540600541965,1.0,1.0,0.0,0.0,0.0,1.0
5,200,3.761797771113927,3.580192231698415,0.0,0.0,1.0,0.0,1.0,1.0
6,200,5.498251372882455,3.4892142800111814,1.0,0.0,0.0,0.0,0.0,0.0
7,200,8.000516598501541,2.919312768717681,1.0,0.0,0.0,0.0,1.0,1.0
8,200,4.010282649026292,12.0,1.0,1.0,0.0,1.0,1.0,0.0
9,200,8.901324884739559,1.6429191670829613,0.0,0.0,0.0,0.0,0.0,1.0
10,200,12.0,6.69889329872836,1.0,0.0,1.0,1.0,0.0,0.0
11,200,12.0,0.1108154957791225,0.0,0.0,0.0,1.0,1.0,1.0
12,200,4.677460447120541,4.736414876440095,0.0,1.0,1.0,0.0,0.0,0.0
13,200,7.10711493491765,0.0,0.0,1.0,0.0,0.0,0.0,1.0
14,200,7.852888616395506,10.607861091337798,0.0,0.0,1.0,0.0,0.0,0.0
15,200,0.8716045272021188,3.716803635914915,1.0,0.0,1.0,0.0,0.0,0.0
16,200,4.791290499188445,6.310985312130311,0.0,0.0,1.0,0.0,0.0,0.0
17,200,7.205405808969955,8.534101771078241,1.0,0.0,1.0,0.0,0.0,0.0
18,200,4.616554182219999,5.417247380697492,0.0,0.0,0.0,1.0,0.0,1.0
19,200,2.1940645253702025,12.0,0.0,1.0,0.0,1.0,0.0,0.0
0,205,6.056399600837355,6.331134126492168,0.0,0.0,0.0,0.0,1.0,1.0
1,205,12.0,2.4116588894966364,0.0,0.0,0.0,0.0,1.0,1.0
2,205,12.0,9.82498271312532,0.0,0.0,0.0,1.0,1.0,0.0
3,205,3.2492517827449,12.0,0.0,1.0,0.0,1.0,1.0,0.0
4,205,7.654470366343201,2.165700100570725,1.0,1.0,0.0,0.0,0.0,1.0
5,205,3.625338618907427,3.616925151078495,0.0,0.0,1.0,0.0,1.0,1.0
6,205,5.472670824807695,3.5188102564034938,1.0,0.0,0.0,0.0,0.0,0.0
7,205,8.049596587121073,2.910356605140747,1.0,0.0,0.0,0.0,1.0,1.0
8,205,3.8440845098948446,12.0,1.0,1.0,0.0,1.0,1.0,0.0
9,205,8.966380685007781,1.6674057144417973,0.0,0.0,0.0,0.0,0.0,1.0
10,205,12.0,6.673770950738518,1.0,0.0,1.0,1.0,0.0,0.0
11,205,12.0,0.133664364117813,0.0,0.0,0.0,1.0,1.0,1.0
12,205,4.6544036144998495,4.816391474520673,0.0,1.0,1.0,0.0,0.0,0.0
13,205,7.087103320523735,0.0,0.0,1.0,0.0,0.0,0.0,1.0
14,205,7.730424686994512,10.666024923134026,0.0,0.0,1.0,0.0,0.0,0.0
15,205,0.8009138811817371,3.808797717198178,1.0,0.0,1.0,0.0,0.0,0.0
16,205,4.799747123925941,6.304567878729517,0.0,0.0,1.0,0.0,0.0,0.0
17,205,7.296587002540054,8.53873830573051,1.0,0.0,1.0,0.0,0.0,0.0
18,205,4.619337128891509,5.422122956176304,0.0,0.0,0.0,1.0,0.0,1.0
19,205,2.1994630866764173,12.0,0.0,1.0,0.0,1.0,0.0,0.0
0,210,6.02307815970635,6.178103022811049,0.0,0.0,0.0,0.0,1.0,1.0
1,210,12.0,2.303122632062001,0.0,0.0,0.0,0.0,1.0,1.0
2,210,11.99249895628393,9.825661218967443,0.0,0.0,0.0,1.0,1.0,0.0
3,210,3.187784636284459,12.0,0.0,1.0,0.0,1.0,1.0,0.0
4,210,7.621834121809626,2.264416961942979,1.0,1.0,0.0,0.0,0.0,1.0
5,210,3.4921217694457303,3.652841926135462,0.0,0.0,1.0,0.0,1.0,1.0
6,210,5.454345684845416,3.540021533676156,1.0,0.0,0.0,0.0,0.0,0.0
7,210,8.115620138893034,2.8975213848663883,1.0,0.0,0.0,0.0,1.0,1.0
8,210,3.6851347077003034,12.0,1.0,1.0,0.0,1.0,1.0,0.0
9,210,9.046191862840814,1.6964561271620435,0.0,0.0,0.0,0.0,0.0,1.0
10,210,12.0,6.645162887697528,1.0,0.0,1.0,1.0,0.0,0.0
11,210,12.0,0.1616304503412695,0.0,0.0,0.0,1.0,1.0,1.0
12,210,4.638333982021868,4.879574203485112,0.0,1.0,1.0,0.0,0.0,0.0
13,210,7.060152004085973,0.0,0.0,1.0,0.0,0.0,0.0,1.0
14,210,7.595751066154357,10.729933431664628,0.0,0.0,1.0,0.0,0.0,0.0
15,210,0.7358132422977275,3.893908779815268,1.0,0.0,1.0,0.0,0.0,0.0
16,210,4.806754724857082,6.2992406795086175,0.0,0.0,1.0,0.0,0.0,0.0
17,210,7.385390710107626,8.541608895366554,1.0,0.0,1.0,0.0,0.0,0.0
18,210,4.623609980867264,5.429442397668624,0.0,0.0,0.0,1.0,0.0,1.0
19,210,2.20446900928054,12.0,0.0,1.0,0.0,1.0,0.0,0.0
0,215,5.989311393970284,6.011209625700252,0.0,0.0,0.0,0.0,1.0,1.0
1,215,12.0,2.2111332289857493,0.0,0.0,0.0,0.0,1.0,1.0
2,215,11.967118772490704,9.827425563570674,0.0,0.0,0.0,1.0,1.0,0.0
3,215,3.1185219086301634,12.0,0.0,1.0,0.0,1.0,1.0,0.0
4,215,7.599166286315511,2.335094582605393,1.0,1.0,0.0,0.0,0.0,1.0
5,215,3.384255589685476,3.682574987370583,0.0,0.0,1.0,0.0,1.0,1.0
6,215,5.419889397972245,3.5788840859127204,1.0,0.0,0.0,0.0,0.0,0.0
7,215,8.184215762607307,2.8856451546240924,1.0,0.0,0.0,0.0,1.0,1.0
8,215,3.527606466169237,12.0,1.0,1.0,0.0,1.0,1.0,0.0
9,215,9.143844884205285,1.729243093115912,0.0,0.0,0.0,0.0,0.0,1.0
10,215,12.0,6.614334115631899,1.0,0.0,1.0,1.0,0.0,0.0
11,215,12.0,0.1903275292255589,0.0,0.0,0.0,1.0,1.0,1.0
12,215,4.6218604347886325,4.943641665141027,0.0,1.0,1.0,0.0,0.0,0.0
13,215,7.034997773787212,0.0,0.0,1.0,0.0,0.0,0.0,1.0
14,215,7.444636242688632,10.802915505909068,0.0,0.0,1.0,0.0,0.0,0.0
15,215,0.6839648470362929,3.9627488562747137,1.0,0.0,1.0,0.0,0.0,0.0
16,215,4.804909319359591,6.300625698694142,0.0,0.0,1.0,0.0,0.0,0.0
17,215,7.480243135516499,8.545396887421472,1.0,0.0,1.0,0.0,0.0,0.0
18,215,4.642732142950557,5.461688918688549,0.0,0.0,0.0,1.0,0.0,1.0
19,215,2.2105572933896043,12.0,0.0,1.0,0.0,1.0,0.0,0.0
0,220,5.952772128328362,5.833660713776466,0.0,0.0,0.0,0.0,1.0,1.0
1,220,12.0,2.118192443830935,0.0,0.0,0.0,0.0,1.0,1.0
2,220,11.945239976469658,9.828643330347887,0.0,0.0,0.0,1.0,1.0,0.0
3,220,3.04068212520896,12.0,0.0,1.0,0.0,1.0,1.0,0.0
4,220,7.574042737172438,2.4106038238469725,1.0,1.0,0.0,0.0,0.0,1.0
5,220,3.255142227605765,3.7222411761884486,0.0,0.0,1.0,0.0,1.0,1.0
6,220,5.376498748512718,3.6264955825576233,1.0,0.0,0.0,0.0,0.0,0.0
7,220,8.254188896376945,2.87634282063718,1.0,0.0,0.0,0.0,1.0,1.0
8,220,3.38517407582583,12.0,1.0,1.0,0.0,1.0,1.0,0.0
9,220,9.257790683653116,1.7700396442443038,0.0,0.0,0.0,0.0,0.0,1.0
10,220,12.0,6.576005765990161,1.0,0.0,1.0,1.0,0.0,0.0
11,220,12.0,0.2098069075820191,0.0,0.0,0.0,1.0,1.0,1.0
12,220,4.608724604803169,4.9955990787785245,0.0,1.0,1.0,0.0,0.0,0.0
13,220,7.004598106004634,0.0,0.0,1.0,0.0,0.0,0.0,1.0
14,220,7.291785724398037,10.880669812305918,0.0,0.0,1.0,0.0,0.0,0.0
15,220,0.6330112031462464,4.032491710523147,1.0,0.0,1.0,0.0,0.0,0.0
16,220,4.780027643549645,6.3190875413371375,0.0,0.0,1.0,0.0,0.0,0.0
17,220,7.554914577956598,8.548295341998537,1.0,0.0,1.0,0.0,0.0,0.0
18,220,4.656790865473102,5.486061000178158,0.0,0.0,0.0,1.0,0.0,1.0
19,220,2.215173959946098,12.0,0.0,1.0,0.0,1.0,0.0,0.0
0,225,5.907262538870928,5.629214706986084,0.0,0.0,0.0,0.0,1.0,1.0
1,225,12.0,2.0369386369565534,0.0,0.0,0.0,0.0,1.0,1.0
2,225,11.917883919920396,9.83085072668261,0.0,0.0,0.0,1.0,1.0,0.0
3,225,2.957039176069151,12.0,0.0,1.0,0.0,1.0,1.0,0.0
4,225,7.547219348099214,2.497265251796676,1.0,1.0,0.0,0.0,0.0,1.0
5,225,3.1140726268219314,3.7648138641971993,0.0,0.0,1.0,0.0,1.0,1.0
6,225,5.3222017202710274,3.6874332892474544,1.0,0.0,0.0,0.0,0.0,0.0
7,225,8.319771773922193,2.8701044266916886,1.0,0.0,0.0,0.0,1.0,1.0
8,225,3.2386358561776785,12.0,1.0,1.0,0.0,1.0,1.0,0.0
9,225,9.37839190142181,1.813361153207409,0.0,0.0,0.0,0.0,0.0,1.0
10,225,12.0,6.538767689675098,1.0,0.0,1.0,1.0,0.0,0.0
11,225,12.0,0.2301993463607838,0.0,0.0,0.0,1.0,1.0,1.0
12,225,4.5989514274481005,5.03506244770163,0.0,1.0,1.0,0.0,0.0,0.0
13,225,7.064534308904241,0.0,0.0,1.0,0.0,0.0,0.0,1.0
14,225,7.1323587935814645,10.967887058615409,0.0,0.0,1.0,0.0,0.0,0.0
15,225,0.5902967823744674,4.093348787307553,1.0,0.0,1.0,0.0,0.0,0.0
16,225,4.745726758236209,6.3444464562660965,0.0,0.0,1.0,0.0,0.0,0.0
17,225,7.627996839235843,8.549688441286513,1.0,0.0,1.0,0.0,0.0,0.0
18,225,4.675653986031253,5.520018040381598,0.0,0.0,0.0,1.0,0.0,1.0
19,225,2.217650299030621,12.0,0.0,1.0,0.0,1.0,0.0,0.0
0,230,5.8650031912949725,5.450184753288812,0.0,0.0,0.0,0.0,1.0,1.0
1,230,12.0,1.9547052095969557,0.0,0.0,0.0,0.0,1.0,1.0
2,230,11.917205913337597,9.830915710173292,0.0,0.0,0.0,1.0,1.0,0.0
3,230,2.8811480780901237,12.0,0.0,1.0,0.0,1.0,1.0,0.0
4,230,7.515579502852935,2.5966880217980064,1.0,1.0,0.0,0.0,0.0,1.0
5,230,2.980288041166167,3.804796109039137,0.0,0.0,1.0,0.0,1.0,1.0
6,230,5.271078824710138,3.747875019409622,1.0,0.0,0.0,0.0,0.0,0.0
7,230,8.379498620608045,2.8648122988955333,1.0,0.0,0.0,0.0,1.0,1.0
8,230,3.0905153934359624,12.0,1.0,1.0,0.0,1.0,1.0,0.0
9,230,9.4957089897666,1.8509647981949584,0.0,0.0,0.0,0.0,0.0,1.0
10,230,12.0,6.49657880248951,1.0,0.0,1.0,1.0,0.0,0.0
11,230,12.0,0.2455293227214997,0.0,0.0,0.0,1.0,1.0,1.0
12,230,4.588088244803354,5.0812294186449005,0.0,1.0,1.0,0.0,0.0,0.0
13,230,7.134521672799612,0.0,0.0,1.0,0.0,0.0,0.0,1.0
14,230,6.990480582338491,11.047448947218529,0.0,0.0,1.0,0.0,0.0,0.0
15,230,0.5388207639058418,4.166675840748144,1.0,0.0,1.0,0.0,0.0,0.0
16,230,4.708624288971492,6.370721233711061,0.0,0.0,1.0,0.0,0.0,0.0
17,230,7.680798729900281,8.55092165488199,1.0,0.0,1.0,0.0,0.0,0.0
18,230,4.703119853187729,5.570545211554872,0.0,0.0,0.0,1.0,0.0,1.0
19,230,2.2219709725515986,12.0,0.0,1.0,0.0,1.0,0.0,0.0
0,235,5.816642408277422,5.275792362474965,0.0,0.0,0.0,0.0,1.0,1.0
1,235,12.0,1.869402133956672,0.0,0.0,0.0,0.0,1.0,1.0
2,235,11.905058147883535,9.832047577843127,0.0,0.0,0.0,1.0,1.0,0.0
3,235,2.8062645137126085,12.0,0.0,1.0,0.0,1.0,1.0,0.0
4,235,7.486188742010302,2.683575739137749,1.0,1.0,0.0,0.0,0.0,1.0
5,235,2.846234178064325,3.84775011508223,0.0,0.0,1.0,0.0,1.0,1.0
6,235,5.222113506359071,3.8048283320232943,1.0,0.0,0.0,0.0,0.0,0.0
7,235,8.445346122125345,2.8590920816977223,1.0,0.0,0.0,0.0,1.0,1.0
8,235,2.9486659914835225,12.0,1.0,1.0,0.0,1.0,1.0,0.0
9,235,9.625899040448544,1.8930285480184803,0.0,0.0,0.0,0.0,0.0,1.0
10,235,12.0,6.453038235691043,1.0,0.0,1.0,1.0,0.0,0.0
11,235,12.0,0.2588545346965197,0.0,0.0,0.0,1.0,1.0,1.0
12,235,4.575552017985244,5.139927734520176,0.0,1.0,1.0,0.0,0.0,0.0
13,235,7.186788580873177,0.0,0.0,1.0,0.0,0.0,0.0,1.0
14,235,6.843454263450765,11.134026262066302,0.0,0.0,1.0,0.0,0.0,0.0
15,235,0.4869463841397159,4.240147652595739,1.0,0.0,1.0,0.0,0.0,0.0
16,235,4.681747339665878,6.389762013519708,0.0,0.0,1.0,0.0,0.0,0.0
17,235,7.720913701136904,8.551787506456657,1.0,0.0,1.0,0.0,0.0,0.0
18,235,4.740840396762426,5.63913156399397,0.0,0.0,0.0,1.0,0.0,1.0
19,235,2.228159027843073,12.0,0.0,1.0,0.0,1.0,0.0,0.0
0,240,5.77017906450377,5.090224207268745,0.0,0.0,0.0,0.0,1.0,1.0
1,240,12.0,1.777205864766357,0.0,0.0,0.0,0.0,1.0,1.0
2,240,11.893511863753831,9.83305723347204,0.0,0.0,0.0,1.0,1.0,0.0
3,240,2.7353909374277263,12.0,0.0,1.0,0.0,1.0,1.0,0.0
4,240,7.464749130400996,2.751246539335628,1.0,1.0,0.0,0.0,0.0,1.0
5,240,2.715780184034428,3.891570596576281,0.0,0.0,1.0,0.0,1.0,1.0
6,240,5.1813398494286425,3.849718429527418,1.0,0.0,0.0,0.0,0.0,0.0
7,240,8.523409955902059,2.852071205428066,1.0,0.0,0.0,0.0,1.0,1.0
8,240,2.8100987821293977,12.0,1.0,1.0,0.0,1.0,1.0,0.0
9,240,9.764455661616552,1.9403723377132127,0.0,0.0,0.0,0.0,0.0,1.0
10,240,12.0,6.409576848728341,1.0,0.0,1.0,1.0,0.0,0.0
11,240,12.0,0.2707239736043179,0.0,0.0,0.0,1.0,1.0,1.0
12,240,4.559881969570514,5.219071672238811,0.0,1.0,1.0,0.0,0.0,0.0
13,240,7.222403025894203,0.0,0.0,1.0,0.0,0.0,0.0,1.0
14,240,6.696403074261607,11.216729242725926,0.0,0.0,1.0,0.0,0.0,0.0
15,240,0.4309099002316451,4.31944468326018,1.0,0.0,1.0,0.0,0.0,0.0
16,240,4.657030302081913,6.406925909265065,0.0,0.0,1.0,0.0,0.0,0.0
17,240,7.759955687152348,8.552548988680794,1.0,0.0,1.0,0.0,0.0,0.0
18,240,4.781934359239942,5.71492114451776,0.0,0.0,0.0,1.0,0.0,1.0
19,240,2.234409151462376,12.0,0.0,1.0,0.0,1.0,0.0,0.0
0,245,5.720928960380268,4.899383350320488,0.0,0.0,0.0,0.0,1.0,1.0
1,245,12.0,1.6903785645127107,0.0,0.0,0.0,0.0,1.0,1.0
2,245,11.89233700245121,9.833141485412996,0.0,0.0,0.0,1.0,1.0,0.0
3,245,2.6651970747981077,12.0,0.0,1.0,0.0,1.0,1.0,0.0
4,245,7.446778425049777,2.810560811149769,1.0,1.0,0.0,0.0,0.0,1.0
5,245,2.591690964801285,3.931831469834149,0.0,0.0,1.0,0.0,1.0,1.0
6,245,5.149564155816775,3.885903886073703,1.0,0.0,0.0,0.0,0.0,0.0
7,245,8.593819884123175,2.8465325966989283,1.0,0.0,0.0,0.0,1.0,1.0
8,245,2.6828217290237344,12.0,1.0,1.0,0.0,1.0,1.0,0.0
9,245,9.904825009682758,1.9864791622849127,0.0,0.0,0.0,0.0,0.0,1.0
10,245,12.0,6.366659619079394,1.0,0.0,1.0,1.0,0.0,0.0
11,245,12.0,0.2788992108776872,0.0,0.0,0.0,1.0,1.0,1.0
12,245,4.54832211882802,5.271090110024386,0.0,1.0,1.0,0.0,0.0,0.0
13,245,7.238420796447716,0.0,0.0,1.0,0.0,0.0,0.0,1.0
14,245,6.547284417062032,11.299211098306914,0.0,0.0,1.0,0.0,0.0,0.0
15,245,0.3797361608170654,4.393241735350306,1.0,0.0,1.0,0.0,0.0,0.0
16,245,4.629163417705841,6.426547534361943,0.0,0.0,1.0,0.0,0.0,0.0
17,245,7.807852438620993,8.552603308457586,1.0,0.0,1.0,0.0,0.0,0.0
18,245,4.819862401335933,5.785660782842311,0.0,0.0,0.0,1.0,0.0,1.0
19,245,2.2377791138927097,12.0,0.0,1.0,0.0,1.0,0.0,0.0
0,250,5.676546164479051,4.720661866302697,0.0,0.0,0.0,0.0,1.0,1.0
1,250,12.0,1.586056233316387,0.0,0.0,0.0,0.0,1.0,1.0
2,250,11.876833160657704,9.835005347323875,0.0,0.0,0.0,1.0,1.0,0.0
3,250,2.5871951357721445,12.0,0.0,1.0,0.0,1.0,1.0,0.0
4,250,7.428171742578833,2.876838950347058,1.0,1.0,0.0,0.0,0.0,1.0
5,250,2.4865761611197,3.9664471286902336,0.0,0.0,1.0,0.0,1.0,1.0
6,250,5.1198672482534,3.918990457150676,1.0,0.0,0.0,0.0,0.0,0.0
7,250,8.661895700652366,2.8391620388196954,1.0,0.0,0.0,0.0,1.0,1.0
8,250,2.5512571447307493,12.0,1.0,1.0,0.0,1.0,1.0,0.0
9,250,10.02748804136629,2.0248253465456925,0.0,0.0,0.0,0.0,0.0,1.0
10,250,12.0,6.318469157707215,1.0,0.0,1.0,1.0,0.0,0.0
11,250,12.0,0.2923413968547458,0.0,0.0,0.0,1.0,1.0,1.0
12,250,4.537651730637507,5.320175126537671,0.0,1.0,1.0,0.0,0.0,0.0
13,250,7.257127317900797,0.0,0.0,1.0,0.0,0.0,0.0,1.0
14,250,6.402655986828529,11.383655757584524,0.0,0.0,1.0,0.0,0.0,0.0
15,250,0.3319020994022152,4.461736587048207,1.0,0.0,1.0,0.0,0.0,0.0
16,250,4.616325200005875,6.435790311705018,0.0,0.0,1.0,0.0,0.0,0.0
17,250,7.845522910973854,8.5535266143665,1.0,0.0,1.0,0.0,0.0,0.0
18,250,4.85464283523675,5.847027632524562,0.0,0.0,0.0,1.0,0.0,1.0
19,250,2.241252568323353,12.0,0.0,1.0,0.0,1.0,0.0,0.0
0,255,5.633046083960879,4.54407557650295,0.0,0.0,0.0,0.0,1.0,1.0
1,255,12.0,1.484953249442972,0.0,0.0,0.0,0.0,1.0,1.0
2,255,11.8732549278404,9.835492000500873,0.0,0.0,0.0,1.0,1.0,0.0
3,255,2.5095997009941438,12.0,0.0,1.0,0.0,1.0,1.0,0.0
4,255,7.411331857859597,2.935467371293407,1.0,1.0,0.0,0.0,0.0,1.0
5,255,2.3928082538553643,3.997410610733424,0.0,0.0,1.0,0.0,1.0,1.0
6,255,5.090205838185508,3.952503140270697,1.0,0.0,0.0,0.0,0.0,0.0
7,255,8.73618957494511,2.8308298488978503,1.0,0.0,0.0,0.0,1.0,1.0
8,255,2.4194476861515346,12.0,1.0,1.0,0.0,1.0,1.0,0.0
9,255,10.150712547505758,2.063592670866648,0.0,0.0,0.0,0.0,0.0,1.0
10,255,12.0,6.266288325866222,1.0,0.0,1.0,1.0,0.0,0.0
11,255,12.0,0.3074723348257796,0.0,0.0,0.0,1.0,1.0,1.0
12,255,4.524825621871078,5.379267219964011,0.0,1.0,1.0,0.0,0.0,0.0
13,255,7.278115600242695,0.0,0.0,1.0,0.0,0.0,0.0,1.0
14,255,6.2658975936926655,11.45863883563378,0.0,0.0,1.0,0.0,0.0,0.0
15,255,0.2770964283833983,4.5427657896321145,1.0,0.0,1.0,0.0,0.0,0.0
16,255,4.613585352554254,6.437903490750361,0.0,0.0,1.0,0.0,0.0,0.0
17,255,7.891252995956361,8.555305034254111,1.0,0.0,1.0,0.0,0.0,0.0
18,255,4.896082598985045,5.916381956898914,0.0,0.0,0.0,1.0,0.0,1.0
19,255,2.243648790497651,12.0,0.0,1.0,0.0,1.0,0.0,0.0
0,260,5.599503061768317,4.394239415029893,0.0,0.0,0.0,0.0,1.0,1.0
1,260,12.0,1.3881835339557052,0.0,0.0,0.0,0.0,1.0,1.0
2,260,11.877976596059163,9.83489246556477,0.0,0.0,0.0,1.0,1.0,0.0
3,260,2.435502715378564,12.0,0.0,1.0,0.0,1.0,1.0,0.0
4,260,7.397332542293688,2.98114269493574,1.0,1.0,0.0,0.0,0.0,1.0
5,260,2.2887702358659165,4.031299272807619,0.0,0.0,1.0,0.0,1.0,1.0
6,260,5.06264763297822,3.9857543414330254,1.0,0.0,0.0,0.0,0.0,0.0
7,260,8.816615434580703,2.8226676891285574,1.0,0.0,0.0,0.0,1.0,1.0
8,260,2.274610877886824,12.0,1.0,1.0,0.0,1.0,1.0,0.0
9,260,10.280545920160272,2.107159016382795,0.0,0.0,0.0,0.0,0.0,1.0
10,260,12.0,6.212322046097604,1.0,0.0,1.0,1.0,0.0,0.0
11,260,12.0,0.3249379925985241,0.0,0.0,0.0,1.0,1.0,1.0
12,260,4.511015577758499,5.438784443526158,0.0,1.0,1.0,0.0,0.0,0.0
13,260,7.302908583163801,0.0,0.0,1.0,0.0,0.0,0.0,1.0
14,260,6.134188748748547,11.533548504276292,0.0,0.0,1.0,0.0,0.0,0.0
15,260,0.2291924645154021,4.615026362687354,1.0,0.0,1.0,0.0,0.0,0.0
16,260,4.61440607464205,6.437297678979189,0.0,0.0,1.0,0.0,0.0,0.0
17,260,7.916651923288485,8.5563563119471,1.0,0.0,1.0,0.0,0.0,0.0
18,260,4.927739789498018,5.970828454737018,0.0,0.0,0.0,1.0,0.0,1.0
19,260,2.246181197085538,12.0,0.0,1.0,0.0,1.0,0.0,0.0
0,265,5.564543491228124,4.237834291164262,0.0,0.0,0.0,0.0,1.0,1.0
1,265,12.0,1.2712031818198597,0.0,0.0,0.0,0.0,1.0,1.0
2,265,11.877615430181622,9.83493864785159,0.0,0.0,0.0,1.0,1.0,0.0
3,265,2.3625856759548984,12.0,0.0,1.0,0.0,1.0,1.0,0.0
4,265,7.380871354560117,3.0321224363698858,1.0,1.0,0.0,0.0,0.0,1.0
5,265,2.163133064652795,4.066367689874689,0.0,0.0,1.0,0.0,1.0,1.0
6,265,5.031937368383287,4.022360999546352,1.0,0.0,0.0,0.0,0.0,0.0
7,265,8.904110848792655,2.8130102237107453,1.0,0.0,0.0,0.0,1.0,1.0
8,265,2.1178046851735983,12.0,1.0,1.0,0.0,1.0,1.0,0.0
9,265,10.41408802230734,2.1522409923735277,0.0,0.0,0.0,0.0,0.0,1.0
10,265,12.0,6.150651682224703,1.0,0.0,1.0,1.0,0.0,0.0
11,265,12.0,0.3419913631776732,0.0,0.0,0.0,1.0,1.0,1.0
12,265,4.496224998310357,5.506862575677189,0.0,1.0,1.0,0.0,0.0,0.0
13,265,7.330342935715995,0.0,0.0,1.0,0.0,0.0,0.0,1.0
14,265,6.017899115835496,11.603517619351894,0.0,0.0,1.0,0.0,0.0,0.0
15,265,0.1680781950937554,4.708835533773843,1.0,0.0,1.0,0.0,0.0,0.0
16,265,4.618503694597685,6.434161264904118,0.0,0.0,1.0,0.0,0.0,0.0
17,265,7.932675373180481,8.557331650891514,1.0,0.0,1.0,0.0,0.0,0.0
18,265,4.97315795472022,6.049028904903242,0.0,0.0,0.0,1.0,0.0,1.0
19,265,2.2460722660123325,11.999154834669955,0.0,1.0,0.0,1.0,0.0,0.0
0,270,5.532042641637534,4.095427981909997,0.0,0.0,0.0,0.0,1.0,1.0
1,270,12.0,1.1648366153213137,0.0,0.0,0.0,0.0,1.0,1.0
2,270,11.873311315333924,9.83537797425838,0.0,0.0,0.0,1.0,1.0,0.0
3,270,2.2798823204835945,12.0,0.0,1.0,0.0,1.0,1.0,0.0
4,270,7.359567828733902,3.1001344498789223,1.0,1.0,0.0,0.0,0.0,1.0
5,270,2.023114682965703,4.105020275536545,0.0,0.0,1.0,0.0,1.0,1.0
6,270,5.001673804207775,4.057349366874456,1.0,0.0,0.0,0.0,0.0,0.0
7,270,8.98922839285585,2.8038626493233005,1.0,0.0,0.0,0.0,1.0,1.0
8,270,1.9630107404342605,12.0,1.0,1.0,0.0,1.0,1.0,0.0
9,270,10.553680208736976,2.199867880783179,0.0,0.0,0.0,0.0,0.0,1.0
10,270,12.0,6.086489559546552,1.0,0.0,1.0,1.0,0.0,0.0
11,270,12.0,0.3599085678331841,0.0,0.0,0.0,1.0,1.0,1.0
12,270,4.4761301821786725,5.600189622301217,0.0,1.0,1.0,0.0,0.0,0.0
13,270,7.362951171963181,0.0,0.0,1.0,0.0,0.0,0.0,1.0
14,270,5.894102599853691,11.677861968610264,0.0,0.0,1.0,0.0,0.0,0.0
15,270,0.1036259752866249,4.807882282729409,1.0,0.0,1.0,0.0,0.0,0.0
16,270,4.6292171534920215,6.426228853863669,0.0,0.0,1.0,0.0,0.0,0.0
17,270,7.974181248493605,8.559675163692633,1.0,0.0,1.0,0.0,0.0,0.0
18,270,5.054255654150215,6.004318734296318,0.0,0.0,0.0,1.0,0.0,1.0
19,270,2.2459231487222486,11.99812004184423,0.0,1.0,0.0,1.0,0.0,0.0
0,275,5.501613183209342,3.952991478235734,0.0,0.0,0.0,0.0,1.0,1.0
1,275,12.0,1.080305501483385,0.0,0.0,0.0,0.0,1.0,1.0
2,275,11.861965957244374,9.836348652972427,0.0,0.0,0.0,1.0,1.0,0.0
3,275,2.19334460495105,12.0,0.0,1.0,0.0,1.0,1.0,0.0
4,275,7.343714938508942,3.1551243653639776,1.0,1.0,0.0,0.0,0.0,1.0
5,275,1.874238201314993,4.146346634868078,0.0,0.0,1.0,0.0,1.0,1.0
6,275,4.977725509998154,4.085086803188923,1.0,0.0,0.0,0.0,0.0,0.0
7,275,9.076302086069685,2.794706467296608,1.0,0.0,0.0,0.0,1.0,1.0
8,275,1.8397905356894773,12.0,1.0,1.0,0.0,1.0,1.0,0.0
9,275,10.718404974553204,2.2506102214347123,0.0,0.0,0.0,0.0,0.0,1.0
10,275,12.0,6.024796449779316,1.0,0.0,1.0,1.0,0.0,0.0
11,275,12.0,0.3731498667712101,0.0,0.0,0.0,1.0,1.0,1.0
12,275,4.454958668604551,5.700603534309594,0.0,1.0,1.0,0.0,0.0,0.0
13,275,7.3966225843501245,0.0,0.0,1.0,0.0,0.0,0.0,1.0
14,275,5.785909859454401,11.742994724078528,0.0,0.0,1.0,0.0,0.0,0.0
15,275,0.0313638877451557,4.918145975675372,1.0,0.0,1.0,0.0,0.0,0.0
16,275,4.628327707201003,6.426871578109448,0.0,0.0,1.0,0.0,0.0,0.0
17,275,8.02623297764151,8.561517705006,1.0,0.0,1.0,0.0,0.0,0.0
18,275,5.154873694905135,5.951230655614155,0.0,0.0,0.0,1.0,0.0,1.0
19,275,2.2461439258769405,11.999844155966686,0.0,1.0,0.0,1.0,0.0,0.0
0,280,5.464131148101741,3.8114735368643577,0.0,0.0,0.0,0.0,1.0,1.0
1,280,12.0,1.0058122657316444,0.0,0.0,0.0,0.0,1.0,1.0
2,280,11.841642287093876,9.838440012551986,0.0,0.0,0.0,1.0,1.0,0.0
3,280,2.1106261111139157,12.0,0.0,1.0,0.0,1.0,1.0,0.0
4,280,7.326251105033931,3.217308952367114,1.0,1.0,0.0,0.0,0.0,1.0
5,280,1.7354847843794867,4.18634800065945,0.0,0.0,1.0,0.0,1.0,1.0
6,280,4.979737264717286,4.082687721989096,1.0,0.0,0.0,0.0,0.0,0.0
7,280,9.14496116971219,2.7891599387701795,1.0,0.0,0.0,0.0,1.0,1.0
8,280,1.7506154343278792,12.0,1.0,1.0,0.0,1.0,1.0,0.0
9,280,10.869102460993377,2.297792243893332,0.0,0.0,0.0,0.0,0.0,1.0
10,280,12.0,5.951255884775154,1.0,0.0,1.0,1.0,0.0,0.0
11,280,12.0,0.3942844513624964,0.0,0.0,0.0,1.0,1.0,1.0
12,280,4.4342487088006655,5.807578744470712,0.0,1.0,1.0,0.0,0.0,0.0
13,280,7.4205049391382865,0.0,0.0,1.0,0.0,0.0,0.0,1.0
14,280,5.662233211503817,11.811222111415958,0.0,0.0,1.0,0.0,0.0,0.0
15,280,0.0,5.029696120592884,1.0,0.0,1.0,0.0,0.0,0.0
16,280,4.616859649900966,6.435212261899389,0.0,0.0,1.0,0.0,0.0,0.0
17,280,8.075879014249406,8.56378921362974,1.0,0.0,1.0,0.0,0.0,0.0
18,280,5.234121097499915,5.910319506696426,0.0,0.0,0.0,1.0,0.0,1.0
19,280,2.247176802184274,12.0,0.0,1.0,0.0,1.0,0.0,0.0
0,285,5.429163841240865,3.663342244084187,0.0,0.0,0.0,0.0,1.0,1.0
1,285,12.0,0.9241335494254996,0.0,0.0,0.0,0.0,1.0,1.0
2,285,11.818133285468956,9.840434537827802,0.0,0.0,0.0,1.0,1.0,0.0
3,285,2.0301674129857656,12.0,0.0,1.0,0.0,1.0,1.0,0.0
4,285,7.305016431546339,3.2923480341757614,1.0,1.0,0.0,0.0,0.0,1.0
5,285,1.59283259691767,4.221692876487089,0.0,0.0,1.0,0.0,1.0,1.0
6,285,4.985456475303565,4.07585207121122,1.0,0.0,0.0,0.0,0.0,0.0
7,285,9.206875605514004,2.782932684242694,1.0,0.0,0.0,0.0,1.0,1.0
8,285,1.642733538371105,12.0,1.0,1.0,0.0,1.0,1.0,0.0
9,285,11.03377019343802,2.3492449614596778,0.0,0.0,0.0,0.0,0.0,1.0
10,285,12.0,5.883481367691141,1.0,0.0,1.0,1.0,0.0,0.0
11,285,12.0,0.4138880699096295,0.0,0.0,0.0,1.0,1.0,1.0
12,285,4.411496086773371,5.931284193352477,0.0,1.0,1.0,0.0,0.0,0.0
13,285,7.44625359053817,0.0,0.0,1.0,0.0,0.0,0.0,1.0
14,285,5.53515726831381,11.879886212673345,0.0,0.0,1.0,0.0,0.0,0.0
15,285,0.0,5.155518019323897,1.0,0.0,1.0,0.0,0.0,0.0
16,285,4.596036766774577,6.450851092397748,0.0,0.0,1.0,0.0,0.0,0.0
17,285,8.136213011970911,8.565402726479588,1.0,0.0,1.0,0.0,0.0,0.0
18,285,5.31838520763018,5.866411684940047,0.0,0.0,0.0,1.0,0.0,1.0
19,285,2.2464265987541383,11.994960497922651,0.0,1.0,0.0,1.0,0.0,0.0
0,290,5.394299488398456,3.5111482358309325,0.0,0.0,0.0,0.0,1.0,1.0
1,290,12.0,0.869729029405344,0.0,0.0,0.0,0.0,1.0,1.0
2,290,11.770379658618952,9.842952990088856,0.0,0.0,0.0,1.0,1.0,0.0
3,290,1.946314804632847,12.0,0.0,1.0,0.0,1.0,1.0,0.0
4,290,7.284340338199904,3.3653524038693883,1.0,1.0,0.0,0.0,0.0,1.0
5,290,1.4591345092465633,4.253201098039354,0.0,0.0,1.0,0.0,1.0,1.0
6,290,4.996463788825873,4.062727731169613,1.0,0.0,0.0,0.0,0.0,0.0
7,290,9.260052916319266,2.777842203670545,1.0,0.0,0.0,0.0,1.0,1.0
8,290,1.5321453394794156,12.0,1.0,1.0,0.0,1.0,1.0,0.0
9,290,11.188702865619872,2.396397141214824,0.0,0.0,0.0,0.0,0.0,1.0
10,290,12.0,5.819599702272344,1.0,0.0,1.0,1.0,0.0,0.0
11,290,12.0,0.4344124942894619,0.0,0.0,0.0,1.0,1.0,1.0
12,290,4.393450906734969,6.026705472750491,0.0,1.0,1.0,0.0,0.0,0.0
13,290,7.491786900202776,0.0,0.0,1.0,0.0,0.0,0.0,1.0
14,290,5.396022503455866,11.95069457890119,0.0,0.0,1.0,0.0,0.0,0.0
15,290,0.0,5.292621753214246,1.0,0.0,1.0,0.0,0.0,0.0
16,290,4.584942046904937,6.458773049249559,0.0,0.0,1.0,0.0,0.0,0.0
17,290,8.185288723830988,8.568650115512083,1.0,0.0,1.0,0.0,0.0,0.0
18,290,5.4018822650162495,5.820425395531412,0.0,0.0,0.0,1.0,0.0,1.0
19,290,2.2452772130980443,11.987360684640294,0.0,1.0,0.0,1.0,0.0,0.0
0,295,5.359585528731664,3.359074386258233,0.0,0.0,0.0,0.0,1.0,1.0
1,295,12.0,0.8233989680367296,0.0,0.0,0.0,0.0,1.0,1.0
2,295,11.72646095366756,9.846029485226955,0.0,0.0,0.0,1.0,1.0,0.0
3,295,1.861776704029244,12.0,0.0,1.0,0.0,1.0,1.0,0.0
4,295,7.265919406285281,3.431493952210108,1.0,1.0,0.0,0.0,0.0,1.0
5,295,1.3152545607985608,4.284431268430451,0.0,0.0,1.0,0.0,1.0,1.0
6,295,4.994407738895244,4.065187335303821,1.0,0.0,0.0,0.0,0.0,0.0
7,295,9.313381903099812,2.7741457203254303,1.0,0.0,0.0,0.0,1.0,1.0
8,295,1.419334339688162,12.0,1.0,1.0,0.0,1.0,1.0,0.0
9,295,11.33091151842453,2.439587711697279,0.0,0.0,0.0,0.0,0.0,1.0
10,295,12.0,5.763361676505661,1.0,0.0,1.0,1.0,0.0,0.0
11,295,12.0,0.4548545516253526,0.0,0.0,0.0,1.0,1.0,1.0
12,295,4.3731727844943205,6.121725513688469,0.0,1.0,1.0,0.0,0.0,0.0
13,295,7.521223266842482,0.0,0.0,1.0,0.0,0.0,0.0,1.0
14,295,5.26067200350076,12.0,0.0,0.0,1.0,0.0,0.0,0.0
15,295,0.0,5.4255130421541775,1.0,0.0,1.0,0.0,0.0,0.0
16,295,4.588281431472707,6.45631360700428,0.0,0.0,1.0,0.0,0.0,0.0
17,295,8.235051328437699,8.571656876828046,1.0,0.0,1.0,0.0,0.0,0.0
18,295,5.490002481949273,5.773178492014634,0.0,0.0,0.0,1.0,0.0,1.0
19,295,2.242249232129385,11.96710174825948,0.0,1.0,0.0,1.0,0.0,0.0
