0,0,0.0,7.960800117805619,0.0,1.0,0.0,1.0,0.0,0.0
1,0,9.024504289004492,6.929138107094087,0.0,1.0,0.0,0.0,0.0,0.0
2,0,6.974883904187167,9.036030405841425,0.0,0.0,0.0,1.0,1.0,1.0
3,0,8.935991478393813,7.042135670493674,1.0,1.0,0.0,0.0,1.0,1.0
4,0,10.008138764795492,4.966458894620376,0.0,0.0,0.0,0.0,0.0,1.0
5,0,3.0253278610524674,6.949060566561773,0.0,0.0,0.0,0.0,0.0,0.0
6,0,0.9897214565412494,9.04440966391985,0.0,0.0,0.0,0.0,1.0,0.0
7,0,0.0657659389262796,12.0,0.0,0.0,0.0,0.0,1.0,0.0
8,0,0.9717653667068988,9.061809627479418,1.0,0.0,0.0,1.0,1.0,0.0
9,0,6.046391930330883,3.0115548019442278,1.0,0.0,1.0,0.0,1.0,0.0
10,0,1.01779477662502,2.0792147426158207,0.0,0.0,1.0,0.0,0.0,1.0
11,0,7.953938270750438,6.051366088981126,1.0,1.0,1.0,1.0,1.0,0.0
12,0,7.010889694571839,2.0289166834255306,0.0,1.0,0.0,0.0,1.0,0.0
13,0,8.003799521980637,10.04517364142156,1.0,1.0,1.0,0.0,0.0,0.0
14,0,2.9879567396326827,8.9519609622658,0.0,0.0,1.0,0.0,0.0,0.0
15,0,6.030148126670837,4.05221510292093,0.0,0.0,0.0,0.0,0.0,0.0
16,0,9.042768363277068,1.95240417119384,0.0,0.0,1.0,1.0,0.0,0.0
17,0,0.0148913411592351,6.023228546992437,1.0,0.0,1.0,0.0,1.0,0.0
18,0,10.046640514668118,9.001745465110668,1.0,0.0,0.0,0.0,0.0,0.0
19,0,7.938755873661057,9.999833933683854,0.0,0.0,0.0,0.0,0.0,1.0
0,5,0.0,7.919950551997604,0.0,1.0,0.0,1.0,0.0,0.0
1,5,9.04532313749093,6.866131620536162,0.0,1.0,0.0,0.0,0.0,0.0
2,5,6.947028748661154,9.072804960237285,0.0,0.0,0.0,1.0,1.0,1.0
3,5,8.891676736268291,7.070280706357616,1.0,1.0,0.0,0.0,1.0,1.0
4,5,10.014239953127005,4.942696933205761,0.0,0.0,0.0,0.0,0.0,1.0
5,5,3.0384976968071054,6.922873805155632,0.0,0.0,0.0,0.0,0.0,0.0
6,5,0.978571565897976,9.093118671977974,0.0,0.0,0.0,0.0,1.0,0.0
7,5,0.1314251988004298,12.0,0.0,0.0,0.0,0.0,1.0,0.0
8,5,0.9483537748777566,9.114738889678032,1.0,0.0,0.0,1.0,1.0,0.0
9,5,6.094107039049743,3.0232827015689736,1.0,0.0,1.0,0.0,1.0,0.0
10,5,1.0323833788188124,2.160874188113184,0.0,0.0,1.0,0.0,0.0,1.0
11,5,7.915066401995619,6.09544441396133,1.0,1.0,1.0,1.0,1.0,0.0
12,5,7.019259745827361,2.048647292665544,0.0,1.0,0.0,0.0,1.0,0.0
13,5,8.007039382319379,10.086445607394234,1.0,1.0,1.0,0.0,0.0,0.0
14,5,2.973591464870798,8.89354837743986,0.0,0.0,1.0,0.0,0.0,0.0
15,5,6.0509783511551465,4.087407989152536,0.0,0.0,0.0,0.0,0.0,0.0
16,5,9.081667703949448,1.907825574167153,0.0,0.0,1.0,1.0,0.0,0.0
17,5,0.0397359818627128,6.062399448291181,1.0,0.0,1.0,0.0,1.0,0.0
18,5,10.076662454441612,9.002229820302997,1.0,0.0,0.0,0.0,0.0,0.0
19,5,7.88517569058012,9.999394053581891,0.0,0.0,0.0,0.0,0.0,1.0
0,10,0.0,7.88505826576717,0.0,1.0,0.0,1.0,0.0,0.0
1,10,9.064230714340722,6.8108361567405495,0.0,1.0,0.0,0.0,0.0,0.0
2,10,6.91649607662696,9.112700124398312,0.0,0.0,0.0,1.0,1.0,1.0
3,10,8.850923475579103,7.096922644578176,1.0,1.0,0.0,0.0,1.0,1.0
4,10,10.018631738474506,4.925724551230043,0.0,0.0,0.0,0.0,0.0,1.0
5,10,3.048395055010982,6.903539229986862,0.0,0.0,0.0,0.0,0.0,0.0
6,10,0.9647961476287326,9.15735040998261,0.0,0.0,0.0,0.0,1.0,0.0
7,10,0.1976480491194928,12.0,0.0,0.0,0.0,0.0,1.0,0.0
8,10,0.920079083588952,9.176542864385206,1.0,0.0,0.0,1.0,1.0,0.0
9,10,6.161384333080073,3.0402974746152,1.0,0.0,1.0,0.0,1.0,0.0
10,10,1.0501026786121497,2.2716565692647595,0.0,0.0,1.0,0.0,0.0,1.0
11,10,7.870971949732941,6.1443287836185,1.0,1.0,1.0,1.0,1.0,0.0
12,10,7.022607854235338,2.056332338265481,0.0,1.0,0.0,0.0,1.0,0.0
13,10,8.014405355377553,10.146197022135834,1.0,1.0,1.0,0.0,0.0,0.0
14,10,2.9657030654236367,8.864939589301898,0.0,0.0,1.0,0.0,0.0,0.0
15,10,6.078662644369714,4.134056438313344,0.0,0.0,0.0,0.0,0.0,0.0
16,10,9.11919551453361,1.8661861486870048,0.0,0.0,1.0,1.0,0.0,0.0
17,10,0.0628322967760736,6.096207824451593,1.0,0.0,1.0,0.0,1.0,0.0
18,10,10.115039158923128,9.002425114318998,1.0,0.0,0.0,0.0,0.0,0.0
19,10,7.817364949056473,9.997055742602848,0.0,0.0,0.0,0.0,0.0,1.0
0,15,0.0,7.880511553611616,0.0,1.0,0.0,1.0,0.0,0.0
1,15,9.088331986148903,6.744253491561794,0.0,1.0,0.0,0.0,0.0,0.0
2,15,6.886884464787138,9.153002420116882,0.0,0.0,0.0,1.0,1.0,1.0
3,15,8.807561197288539,7.12260445874862,1.0,1.0,0.0,0.0,1.0,1.0
4,15,10.01986652079554,4.920977498379262,0.0,0.0,0.0,0.0,0.0,1.0
5,15,3.048677505116825,6.903002439034024,0.0,0.0,0.0,0.0,0.0,0.0
6,15,0.957454259777706,9.1912441978868,0.0,0.0,0.0,0.0,1.0,0.0
7,15,0.2432896777583629,12.0,0.0,0.0,0.0,0.0,1.0,0.0
8,15,0.8857838624456372,9.251279849120316,1.0,0.0,0.0,1.0,1.0,0.0
9,15,6.220827281161109,3.0572159764158897,1.0,0.0,1.0,0.0,1.0,0.0
10,15,1.069421361485675,2.392191023819578,0.0,0.0,1.0,0.0,0.0,1.0
11,15,7.827109258270655,6.195049159718702,1.0,1.0,1.0,1.0,1.0,0.0
12,15,7.026380683243839,2.064852898401461,0.0,1.0,0.0,0.0,1.0,0.0
13,15,8.021817371086312,10.208210428380026,1.0,1.0,1.0,0.0,0.0,0.0
14,15,2.9635522082675845,8.857899452301906,0.0,0.0,1.0,0.0,0.0,0.0
15,15,6.104723548133153,4.179274962598583,0.0,0.0,0.0,0.0,0.0,0.0
16,15,9.144692808152929,1.8376383427336995,0.0,0.0,1.0,1.0,0.0,0.0
17,15,0.0845835322660272,6.129748698570544,1.0,0.0,1.0,0.0,1.0,0.0
18,15,10.16550518117227,9.001983117222581,1.0,0.0,0.0,0.0,0.0,0.0
19,15,7.7605892149917395,9.996101314440196,0.0,0.0,0.0,0.0,0.0,1.0
0,20,0.0,7.879510065502962,0.0,1.0,0.0,1.0,0.0,0.0
1,20,9.119321174312551,6.655716803366387,0.0,1.0,0.0,0.0,0.0,0.0
2,20,6.852132942141324,9.198327328198513,0.0,0.0,0.0,1.0,1.0,1.0
3,20,8.745997443404116,7.157988289248977,1.0,1.0,0.0,0.0,1.0,1.0
4,20,10.019962686983517,4.920597715798857,0.0,0.0,0.0,0.0,0.0,1.0
5,20,3.0529630408466404,6.894549187067192,0.0,0.0,0.0,0.0,0.0,0.0
6,20,0.9539567414548727,9.207216557310495,0.0,0.0,0.0,0.0,1.0,0.0
7,20,0.2934558640603357,12.0,0.0,0.0,0.0,0.0,1.0,0.0
8,20,0.8505082897006369,9.334052670562253,1.0,0.0,0.0,1.0,1.0,0.0
9,20,6.288013674390308,3.0755397117245384,1.0,0.0,1.0,0.0,1.0,0.0
10,20,1.089369232615521,2.523019812212279,0.0,0.0,1.0,0.0,0.0,1.0
11,20,7.789920392413478,6.238296850609732,1.0,1.0,1.0,1.0,1.0,0.0
12,20,7.03816380474036,2.091935719000696,0.0,1.0,0.0,0.0,1.0,0.0
13,20,8.030255238265942,10.278265557011323,1.0,1.0,1.0,0.0,0.0,0.0
14,20,2.962859900400741,8.855721503073456,0.0,0.0,1.0,0.0,0.0,0.0
15,20,6.1288786893616765,4.2250946041366735,0.0,0.0,0.0,0.0,0.0,0.0
16,20,9.16280913332354,1.8179910125170344,0.0,0.0,1.0,1.0,0.0,0.0
17,20,0.118163501174021,6.181735135301947,1.0,0.0,1.0,0.0,1.0,0.0
18,20,10.228137448344189,9.002525767558755,1.0,0.0,0.0,0.0,0.0,0.0
19,20,7.688910282459112,9.994810133321266,0.0,0.0,0.0,0.0,0.0,1.0
0,25,0.0,7.872487487499707,0.0,1.0,0.0,1.0,0.0,0.0
1,25,9.1459387399623,6.580468310219865,0.0,1.0,0.0,0.0,0.0,0.0
2,25,6.811992822041009,9.167870959594062,0.0,0.0,0.0,1.0,1.0,1.0
3,25,8.716291816898654,7.17435759553291,1.0,1.0,0.0,0.0,1.0,1.0
4,25,10.0200282186401,4.920325460005373,0.0,0.0,0.0,0.0,0.0,1.0
5,25,3.059140336263016,6.8811699273536,0.0,0.0,0.0,0.0,0.0,0.0
6,25,0.950742583141436,9.22291361804104,0.0,0.0,0.0,0.0,1.0,0.0
7,25,0.3374104246207201,12.0,0.0,0.0,0.0,0.0,1.0,0.0
8,25,0.8030311967742851,9.435765586414844,1.0,0.0,0.0,1.0,1.0,0.0
9,25,6.344863854530697,3.090586711010897,1.0,0.0,1.0,0.0,1.0,0.0
10,25,1.1089494506346986,2.6344333156248934,0.0,0.0,1.0,0.0,0.0,1.0
11,25,7.76232859097472,6.268528310315729,1.0,1.0,1.0,1.0,1.0,0.0
12,25,7.050255456028832,2.12015945853306,0.0,1.0,0.0,0.0,1.0,0.0
13,25,8.039097874696399,10.34399999617225,1.0,1.0,1.0,0.0,0.0,0.0
14,25,2.9601058206632787,8.847595530640154,0.0,0.0,1.0,0.0,0.0,0.0
15,25,6.152748983194416,4.269803220959052,0.0,0.0,0.0,0.0,0.0,0.0
16,25,9.175350383666112,1.8052853508478288,0.0,0.0,1.0,1.0,0.0,0.0
17,25,0.1542524513861065,6.23687967887946,1.0,0.0,1.0,0.0,1.0,0.0
18,25,10.28027545478086,9.002389948654447,1.0,0.0,0.0,0.0,0.0,0.0
19,25,7.603051004305419,9.994198549428932,0.0,0.0,0.0,0.0,0.0,1.0
0,30,0.0,7.85288595483101,0.0,1.0,0.0,1.0,0.0,0.0
1,30,9.174355263534917,6.505492025206903,0.0,1.0,0.0,0.0,0.0,0.0
2,30,6.757930296667445,9.126073793970823,0.0,0.0,0.0,1.0,1.0,1.0
3,30,8.678908164668895,7.194814508207218,1.0,1.0,0.0,0.0,1.0,1.0
4,30,10.002867341131733,4.916013661652451,0.0,0.0,0.0,0.0,0.0,1.0
5,30,3.0679144470058155,6.86386239766131,0.0,0.0,0.0,0.0,0.0,0.0
6,30,0.9469364488379842,9.241378304518223,0.0,0.0,0.0,0.0,1.0,0.0
7,30,0.396243175333613,12.0,0.0,0.0,0.0,0.0,1.0,0.0
8,30,0.751297532479427,9.54036689933951,1.0,0.0,0.0,1.0,1.0,0.0
9,30,6.383673290036796,3.1017817954496048,1.0,0.0,1.0,0.0,1.0,0.0
10,30,1.1283594143276845,2.732486797621987,0.0,0.0,1.0,0.0,0.0,1.0
11,30,7.735775998050338,6.296759105305693,1.0,1.0,1.0,1.0,1.0,0.0
12,30,7.068171270884475,2.1594008059525263,0.0,1.0,0.0,0.0,1.0,0.0
13,30,8.045019144373244,10.38877903305662,1.0,1.0,1.0,0.0,0.0,0.0
14,30,2.955943159443845,8.835953834819309,0.0,0.0,1.0,0.0,0.0,0.0
15,30,6.175992893213055,4.315216421207011,0.0,0.0,0.0,0.0,0.0,0.0
16,30,9.193101104268012,1.787028237708672,0.0,0.0,1.0,1.0,0.0,0.0
17,30,0.1857148354127175,6.28727328671524,1.0,0.0,1.0,0.0,1.0,0.0
18,30,10.3193458099876,9.00236870042978,1.0,0.0,0.0,0.0,0.0,0.0
19,30,7.508221755433351,9.991791680704956,0.0,0.0,0.0,0.0,0.0,1.0
0,35,0.0,7.825579678308413,0.0,1.0,0.0,1.0,0.0,0.0
1,35,9.206896904503616,6.4258285682633085,0.0,1.0,0.0,0.0,0.0,0.0
2,35,6.686867909532015,9.070649959902894,0.0,0.0,0.0,1.0,1.0,1.0
3,35,8.62568090434812,7.222738427322059,1.0,1.0,0.0,0.0,1.0,1.0
4,35,9.980602069184098,4.911104304785004,0.0,0.0,0.0,0.0,0.0,1.0
5,35,3.082044043626716,6.837833936598481,0.0,0.0,0.0,0.0,0.0,0.0
6,35,0.9454630652328184,9.247705471511708,0.0,0.0,0.0,0.0,1.0,0.0
7,35,0.4634565944739056,12.0,0.0,0.0,0.0,0.0,1.0,0.0
8,35,0.6972993943580443,9.652668272688237,1.0,0.0,0.0,1.0,1.0,0.0
9,35,6.442077115436721,3.1215076871138847,1.0,0.0,1.0,0.0,1.0,0.0
10,35,1.1468201128044135,2.824393887256387,0.0,0.0,1.0,0.0,0.0,1.0
11,35,7.726824179840186,6.306280312599405,1.0,1.0,1.0,1.0,1.0,0.0
12,35,7.080574591630541,2.1860321605313344,0.0,1.0,0.0,0.0,1.0,0.0
13,35,8.053734341190847,10.45705883310242,1.0,1.0,1.0,0.0,0.0,0.0
14,35,2.953617900877664,8.829516794865237,0.0,0.0,1.0,0.0,0.0,0.0
15,35,6.20643970973385,4.374247558305929,0.0,0.0,0.0,0.0,0.0,0.0
16,35,9.21999211642408,1.7588063078148053,0.0,0.0,1.0,1.0,0.0,0.0
17,35,0.2189994080311941,6.340546835879084,1.0,0.0,1.0,0.0,1.0,0.0
18,35,10.351428083675753,9.002425322098084,1.0,0.0,0.0,0.0,0.0,0.0
19,35,7.4112047625418205,9.988790418270524,0.0,0.0,0.0,0.0,0.0,1.0
0,40,0.0,7.800301741612797,0.0,1.0,0.0,1.0,0.0,0.0
1,40,9.232502092901724,6.36149694965219,0.0,1.0,0.0,0.0,0.0,0.0
2,40,6.627629812734067,9.023399646362654,0.0,0.0,0.0,1.0,1.0,1.0
3,40,8.570783261466639,7.252949773880729,1.0,1.0,0.0,0.0,1.0,1.0
4,40,9.978181400917771,4.910537675597404,0.0,0.0,0.0,0.0,0.0,1.0
5,40,3.0970288234706325,6.810909352305941,0.0,0.0,0.0,0.0,0.0,0.0
6,40,0.9433401443777856,9.257071617675168,0.0,0.0,0.0,0.0,1.0,0.0
7,40,0.5303683483350977,12.0,0.0,0.0,0.0,0.0,1.0,0.0
8,40,0.6378346206745975,9.767116234589666,1.0,0.0,0.0,1.0,1.0,0.0
9,40,6.4800196999589526,3.135047646573759,1.0,0.0,1.0,0.0,1.0,0.0
10,40,1.168932588929852,2.926149911733261,0.0,0.0,1.0,0.0,0.0,1.0
11,40,7.70456019246118,6.330158300377562,1.0,1.0,1.0,1.0,1.0,0.0
12,40,7.086383938902606,2.1987005762597804,0.0,1.0,0.0,0.0,1.0,0.0
13,40,8.063148432981295,10.527798214961525,1.0,1.0,1.0,0.0,0.0,0.0
14,40,2.948609972077627,8.814731190079739,0.0,0.0,1.0,0.0,0.0,0.0
15,40,6.238195946018193,4.433571703979523,0.0,0.0,0.0,0.0,0.0,0.0
16,40,9.252238272871503,1.7250279310732448,0.0,0.0,1.0,1.0,0.0,0.0
17,40,0.2588296599533149,6.405221759689329,1.0,0.0,1.0,0.0,1.0,0.0
18,40,10.361252864196432,9.002593690252814,1.0,0.0,0.0,0.0,0.0,0.0
19,40,7.298515587531752,9.986714200632129,0.0,0.0,0.0,0.0,0.0,1.0
0,45,0.0,7.777032650906912,0.0,1.0,0.0,1.0,0.0,0.0
1,45,9.267607938923806,6.26920536560953,0.0,1.0,0.0,0.0,0.0,0.0
2,45,6.575475295117806,8.982034956677953,0.0,0.0,0.0,1.0,1.0,1.0
3,45,8.510357579010602,7.284198950601163,1.0,1.0,0.0,0.0,1.0,1.0
4,45,9.999205385797817,4.915820221254682,0.0,0.0,0.0,0.0,0.0,1.0
5,45,3.100644686079017,6.804060609488514,0.0,0.0,0.0,0.0,0.0,0.0
6,45,0.9418444927085132,9.263636153304782,0.0,0.0,0.0,0.0,1.0,0.0
7,45,0.5791832352260768,12.0,0.0,0.0,0.0,0.0,1.0,0.0
8,45,0.5823845929931382,9.872974466910792,1.0,0.0,0.0,1.0,1.0,0.0
9,45,6.516335577897406,3.14838922708802,1.0,0.0,1.0,0.0,1.0,0.0
10,45,1.1912236300840082,3.024171073521908,0.0,0.0,1.0,0.0,0.0,1.0
11,45,7.683597486825799,6.353401132151364,1.0,1.0,1.0,1.0,1.0,0.0
12,45,7.0878081651384885,2.201602099052141,0.0,1.0,0.0,0.0,1.0,0.0
13,45,8.07383184942947,10.59718746968821,1.0,1.0,1.0,0.0,0.0,0.0
14,45,2.941407353986352,8.793412459496773,0.0,0.0,1.0,0.0,0.0,0.0
15,45,6.262369675818993,4.47869985235515,0.0,0.0,0.0,0.0,0.0,0.0
16,45,9.287667569854165,1.6897340637688183,0.0,0.0,1.0,1.0,0.0,0.0
17,45,0.2927616265520698,6.458918194913333,1.0,0.0,1.0,0.0,1.0,0.0
18,45,10.35563955381582,9.002452048009587,1.0,0.0,0.0,0.0,0.0,0.0
19,45,7.176534625706476,9.980676095062137,0.0,0.0,0.0,0.0,0.0,1.0
0,50,0.0,7.755386642785798,0.0,1.0,0.0,1.0,0.0,0.0
1,50,9.30853274395808,6.1578603705603845,0.0,1.0,0.0,0.0,0.0,0.0
2,50,6.519954286437081,8.941209123492877,0.0,0.0,0.0,1.0,1.0,1.0
3,50,8.47344267280136,7.3015814652291455,1.0,1.0,0.0,0.0,1.0,1.0
4,50,10.016977704757284,4.921162601454503,0.0,0.0,0.0,0.0,0.0,1.0
5,50,3.09919702431872,6.806863483923105,0.0,0.0,0.0,0.0,0.0,0.0
6,50,0.9419123025592986,9.26333739051015,0.0,0.0,0.0,0.0,1.0,0.0
7,50,0.6176344988313822,12.0,0.0,0.0,0.0,0.0,1.0,0.0
8,50,0.5379192331738446,9.957120658726376,1.0,0.0,0.0,1.0,1.0,0.0
9,50,6.544082270213483,3.158570755985158,1.0,0.0,1.0,0.0,1.0,0.0
10,50,1.2157051378135837,3.1275158583349465,0.0,0.0,1.0,0.0,0.0,1.0
11,50,7.662475197366852,6.377766047324344,1.0,1.0,1.0,1.0,1.0,0.0
12,50,7.096916963747487,2.2193940683176923,0.0,1.0,0.0,0.0,1.0,0.0
13,50,8.083760206248435,10.668841089089405,1.0,1.0,1.0,0.0,0.0,0.0
14,50,2.934063076153153,8.771674613084983,0.0,0.0,1.0,0.0,0.0,0.0
15,50,6.282111483161234,4.515068697789955,0.0,0.0,0.0,0.0,0.0,0.0
16,50,9.332717656735174,1.645478400944456,0.0,0.0,1.0,1.0,0.0,0.0
17,50,0.3224726294230841,6.506039741092946,1.0,0.0,1.0,0.0,1.0,0.0
18,50,10.33810720555471,9.001736167591126,1.0,0.0,0.0,0.0,0.0,0.0
19,50,7.060703031005405,9.977779410548044,0.0,0.0,0.0,0.0,0.0,1.0
0,55,0.0,7.73735606339987,0.0,1.0,0.0,1.0,0.0,0.0
1,55,9.339734030467964,6.078698086091527,0.0,1.0,0.0,0.0,0.0,0.0
2,55,6.4693694048072325,8.903200923997614,0.0,0.0,0.0,1.0,1.0,1.0
3,55,8.441180019869895,7.316364394486897,1.0,1.0,0.0,0.0,1.0,1.0
4,55,10.036724544555636,4.927016465375359,0.0,0.0,0.0,0.0,0.0,1.0
5,55,3.100701252186988,6.803877355315539,0.0,0.0,0.0,0.0,0.0,0.0
6,55,0.9464190476416976,9.244037761034477,0.0,0.0,0.0,0.0,1.0,0.0
7,55,0.6273078438215475,12.0,0.0,0.0,0.0,0.0,1.0,0.0
8,55,0.4952013390576023,10.035705701332532,1.0,0.0,0.0,1.0,1.0,0.0
9,55,6.57672040019338,3.1692448767780164,1.0,0.0,1.0,0.0,1.0,0.0
10,55,1.2376537099509617,3.2199507615790037,0.0,0.0,1.0,0.0,0.0,1.0
11,55,7.620531539825461,6.424134824806424,1.0,1.0,1.0,1.0,1.0,0.0
12,55,7.115983465879863,2.2553342991909187,0.0,1.0,0.0,0.0,1.0,0.0
13,55,8.088648982864777,10.70633007885468,1.0,1.0,1.0,0.0,0.0,0.0
14,55,2.925597760040812,8.745533925903265,0.0,0.0,1.0,0.0,0.0,0.0
15,55,6.299087387724657,4.5470618474735005,0.0,0.0,0.0,0.0,0.0,0.0
16,55,9.37912615869578,1.6001386337862709,0.0,0.0,1.0,1.0,0.0,0.0
17,55,0.3624969749552389,6.57280908419949,1.0,0.0,1.0,0.0,1.0,0.0
18,55,10.342686936495912,9.001882345741521,1.0,0.0,0.0,0.0,0.0,0.0
19,55,6.934775105224424,9.977282335486928,0.0,0.0,0.0,0.0,0.0,1.0
0,60,0.0,7.722763569041723,0.0,1.0,0.0,1.0,0.0,0.0
1,60,9.369119588156584,6.004647091866584,0.0,1.0,0.0,0.0,0.0,0.0
2,60,6.422741944727861,8.86875109252068,0.0,0.0,0.0,1.0,1.0,1.0
3,60,8.427515348187944,7.323021397093917,1.0,1.0,0.0,0.0,1.0,1.0
4,60,10.05283662553398,4.931618415614121,0.0,0.0,0.0,0.0,0.0,1.0
5,60,3.1013508665626435,6.802594108955938,0.0,0.0,0.0,0.0,0.0,0.0
6,60,0.9502915982213914,9.225410288334626,0.0,0.0,0.0,0.0,1.0,0.0
7,60,0.638089158287253,12.0,0.0,0.0,0.0,0.0,1.0,0.0
8,60,0.4422212880060732,10.12689475685788,1.0,0.0,0.0,1.0,1.0,0.0
9,60,6.610455512989781,3.181138250079274,1.0,0.0,1.0,0.0,1.0,0.0
10,60,1.261336532011858,3.324173737764329,0.0,0.0,1.0,0.0,0.0,1.0
11,60,7.588672970771681,6.457841800875757,1.0,1.0,1.0,1.0,1.0,0.0
12,60,7.127975393197202,2.277712558480069,0.0,1.0,0.0,0.0,1.0,0.0
13,60,8.09505608897765,10.756512153421813,1.0,1.0,1.0,0.0,0.0,0.0
14,60,2.91571688749873,8.7143937252247,0.0,0.0,1.0,0.0,0.0,0.0
15,60,6.329319058369231,4.602466725969603,0.0,0.0,0.0,0.0,0.0,0.0
16,60,9.415151996815853,1.5664038110792438,0.0,0.0,1.0,1.0,0.0,0.0
17,60,0.400370460855756,6.634118202677164,1.0,0.0,1.0,0.0,1.0,0.0
18,60,10.362105976223734,9.002507995237304,1.0,0.0,0.0,0.0,0.0,0.0
19,60,6.811590144339081,9.976563771041516,0.0,0.0,0.0,0.0,0.0,1.0
0,65,0.0,7.6973899775433265,0.0,1.0,0.0,1.0,0.0,0.0
1,65,9.403420924339676,5.915951852157399,0.0,1.0,0.0,0.0,0.0,0.0
2,65,6.357266680278012,8.820400415377211,0.0,0.0,0.0,1.0,1.0,1.0
3,65,8.40663498860215,7.332860630915167,1.0,1.0,0.0,0.0,1.0,1.0
4,65,10.077857646536026,4.938861296711761,0.0,0.0,0.0,0.0,0.0,1.0
5,65,3.094786653309705,6.815409418275341,0.0,0.0,0.0,0.0,0.0,0.0
6,65,0.9577501039210946,9.189794071182115,0.0,0.0,0.0,0.0,1.0,0.0
7,65,0.6289639285925228,11.997387552955782,0.0,0.0,0.0,0.0,1.0,0.0
8,65,0.382872449144673,10.23408858609778,1.0,0.0,0.0,1.0,1.0,0.0
9,65,6.633835264039516,3.189900029555481,1.0,0.0,1.0,0.0,1.0,0.0
10,65,1.284569141929192,3.4233115201833018,0.0,0.0,1.0,0.0,0.0,1.0
11,65,7.546074844575176,6.504093491885961,1.0,1.0,1.0,1.0,1.0,0.0
12,65,7.134807959185893,2.290077400913153,0.0,1.0,0.0,0.0,1.0,0.0
13,65,8.098916615668816,10.794738246220405,1.0,1.0,1.0,0.0,0.0,0.0
14,65,2.9053601349747504,8.682538941785602,0.0,0.0,1.0,0.0,0.0,0.0
15,65,6.364254869337357,4.669953447156558,0.0,0.0,0.0,0.0,0.0,0.0
16,65,9.456576740030876,1.5285331361910586,0.0,0.0,1.0,1.0,0.0,0.0
17,65,0.4329808004127224,6.685084976661106,1.0,0.0,1.0,0.0,1.0,0.0
18,65,10.390910250835034,9.003818058218654,1.0,0.0,0.0,0.0,0.0,0.0
19,65,6.684487673631634,9.973571094511296,0.0,0.0,0.0,0.0,0.0,1.0
0,70,0.0,7.655782452466833,0.0,1.0,0.0,1.0,0.0,0.0
1,70,9.43497932967032,5.8339067648128,0.0,1.0,0.0,0.0,0.0,0.0
2,70,6.276732335967968,8.758684333576984,0.0,0.0,0.0,1.0,1.0,1.0
3,70,8.414355927994265,7.32947290638793,1.0,1.0,0.0,0.0,1.0,1.0
4,70,10.103798229481956,4.946609155884658,0.0,0.0,0.0,0.0,0.0,1.0
5,70,3.089464374235825,6.825834651430699,0.0,0.0,0.0,0.0,0.0,0.0
6,70,0.964257956764312,9.153794320631688,0.0,0.0,0.0,0.0,1.0,0.0
7,70,0.6080822826438705,11.991301686852808,0.0,0.0,0.0,0.0,1.0,0.0
8,70,0.3162353508243949,10.34979882648313,1.0,0.0,0.0,1.0,1.0,0.0
9,70,6.6492228195598,3.1953841007828307,1.0,0.0,1.0,0.0,1.0,0.0
10,70,1.3064473591251324,3.511201437335959,0.0,0.0,1.0,0.0,0.0,1.0
11,70,7.513455930463262,6.539110870849006,1.0,1.0,1.0,1.0,1.0,0.0
12,70,7.153207173710206,2.3227749641642474,0.0,1.0,0.0,0.0,1.0,0.0
13,70,8.101597200481864,10.817506153805263,1.0,1.0,1.0,0.0,0.0,0.0
14,70,2.8976695538113044,8.657214147784106,0.0,0.0,1.0,0.0,0.0,0.0
15,70,6.3980942419027125,4.733533643095525,0.0,0.0,0.0,0.0,0.0,0.0
16,70,9.494093783416709,1.494801297347066,0.0,0.0,1.0,1.0,0.0,0.0
17,70,0.4596536453917749,6.727194653640032,1.0,0.0,1.0,0.0,1.0,0.0
18,70,10.44151304721532,9.006110259919133,1.0,0.0,0.0,0.0,0.0,0.0
19,70,6.5399141121473,9.971725441197036,0.0,0.0,0.0,0.0,0.0,1.0
0,75,0.0,7.614467694020049,0.0,1.0,0.0,1.0,0.0,0.0
1,75,9.46735776738556,5.74880608297178,0.0,1.0,0.0,0.0,0.0,0.0
2,75,6.193243158388976,8.693260846130014,0.0,0.0,0.0,1.0,1.0,1.0
3,75,8.435403455493965,7.320590866659451,1.0,1.0,0.0,0.0,1.0,1.0
4,75,10.14467092454143,4.959929654047792,0.0,0.0,0.0,0.0,0.0,1.0
5,75,3.0775758656108803,6.848665898508277,0.0,0.0,0.0,0.0,0.0,0.0
6,75,0.9710593155272228,9.116357980260956,0.0,0.0,0.0,0.0,1.0,0.0
7,75,0.5960795406223794,11.987707803756235,0.0,0.0,0.0,0.0,1.0,0.0
8,75,0.2499623212354016,10.46488112178689,1.0,0.0,0.0,1.0,1.0,0.0
9,75,6.673268899374476,3.2037683052641035,1.0,0.0,1.0,0.0,1.0,0.0
10,75,1.3313111603310228,3.617518388797772,0.0,0.0,1.0,0.0,0.0,1.0
11,75,7.4737196757046975,6.581377198765917,1.0,1.0,1.0,1.0,1.0,0.0
12,75,7.181766112717519,2.3735410867223568,0.0,1.0,0.0,0.0,1.0,0.0
13,75,8.104900182071123,10.849007396197312,1.0,1.0,1.0,0.0,0.0,0.0
14,75,2.888755376335927,8.630742628828873,0.0,0.0,1.0,0.0,0.0,0.0
15,75,6.4423344522592885,4.817066907190609,0.0,0.0,0.0,0.0,0.0,0.0
16,75,9.522364842914005,1.4693757058104189,0.0,0.0,1.0,1.0,0.0,0.0
17,75,0.4783719073031474,6.757877280450613,1.0,0.0,1.0,0.0,1.0,0.0
18,75,10.493947588496416,9.008934425865055,1.0,0.0,0.0,0.0,0.0,0.0
19,75,6.414897791180685,9.971417629510327,0.0,0.0,0.0,0.0,0.0,1.0
0,80,0.0,7.561220644828839,0.0,1.0,0.0,1.0,0.0,0.0
1,80,9.552574396786934,5.782626725511301,0.0,1.0,0.0,0.0,0.0,0.0
2,80,6.086019771329871,8.61466124066174,0.0,0.0,0.0,1.0,1.0,1.0
3,80,8.45730920980476,7.311263510618516,1.0,1.0,0.0,0.0,1.0,1.0
4,80,10.181741108201376,4.972570452797957,0.0,0.0,0.0,0.0,0.0,1.0
5,80,3.067350827370571,6.868368585354981,0.0,0.0,0.0,0.0,0.0,0.0
6,80,0.9766317367499684,9.084615782696217,0.0,0.0,0.0,0.0,1.0,0.0
7,80,0.5795435235719222,11.983401101800542,0.0,0.0,0.0,0.0,1.0,0.0
8,80,0.1953876225090976,10.56068386857628,1.0,0.0,0.0,1.0,1.0,0.0
9,80,6.6846185869888055,3.2077907130129133,1.0,0.0,1.0,0.0,1.0,0.0
10,80,1.3513781889379604,3.7170627901751336,0.0,0.0,1.0,0.0,0.0,1.0
11,80,7.440213900824739,6.619093383329676,1.0,1.0,1.0,1.0,1.0,0.0
12,80,7.20369213956837,2.4143657906228397,0.0,1.0,0.0,0.0,1.0,0.0
13,80,8.107413109972157,10.87542413314648,1.0,1.0,1.0,0.0,0.0,0.0
14,80,2.8811470436741877,8.606278121350597,0.0,0.0,1.0,0.0,0.0,0.0
15,80,6.483183684157934,4.897220046744888,0.0,0.0,0.0,0.0,0.0,0.0
16,80,9.547019300028762,1.446173248072549,0.0,0.0,1.0,1.0,0.0,0.0
17,80,0.4997366709051793,6.792348040452023,1.0,0.0,1.0,0.0,1.0,0.0
18,80,10.557291744290442,9.011234308672416,1.0,0.0,0.0,0.0,0.0,0.0
19,80,6.287614562455915,9.96703158154342,0.0,0.0,0.0,0.0,0.0,1.0
0,85,0.0,7.510606976042277,0.0,1.0,0.0,1.0,0.0,0.0
1,85,9.61200446178762,5.806536683846932,0.0,1.0,0.0,0.0,0.0,0.0
2,85,5.9781852180350405,8.536769847789538,0.0,0.0,0.0,1.0,1.0,1.0
3,85,8.50109244169978,7.29286235284266,1.0,1.0,0.0,0.0,1.0,1.0
4,85,10.213179979195427,4.983063872621469,0.0,0.0,0.0,0.0,0.0,1.0
5,85,3.057834753351332,6.88540282203361,0.0,0.0,0.0,0.0,0.0,0.0
6,85,0.9803713523783556,9.064120828374415,0.0,0.0,0.0,0.0,1.0,0.0
7,85,0.5485113039027598,11.975648192504936,0.0,0.0,0.0,0.0,1.0,0.0
8,85,0.1428555083162877,10.650933589739443,1.0,0.0,0.0,1.0,1.0,0.0
9,85,6.685331093265941,3.208038480628536,1.0,0.0,1.0,0.0,1.0,0.0
10,85,1.374881215409937,3.8289873050532153,0.0,0.0,1.0,0.0,0.0,1.0
11,85,7.41355168547263,6.649332655869971,1.0,1.0,1.0,1.0,1.0,0.0
12,85,7.219660094932114,2.444076955092847,0.0,1.0,0.0,0.0,1.0,0.0
13,85,8.112495530027372,10.922736874978709,1.0,1.0,1.0,0.0,0.0,0.0
14,85,2.8741885166442818,8.582585190946169,0.0,0.0,1.0,0.0,0.0,0.0
15,85,6.511000508746161,4.9514709513626105,0.0,0.0,0.0,0.0,0.0,0.0
16,85,9.568886929213988,1.426457132077657,0.0,0.0,1.0,1.0,0.0,0.0
17,85,0.5144881836699075,6.815771271245565,1.0,0.0,1.0,0.0,1.0,0.0
18,85,10.605730641116368,9.013394678419576,1.0,0.0,0.0,0.0,0.0,0.0
19,85,6.142401603298421,9.960709555164891,0.0,0.0,0.0,0.0,0.0,1.0
0,90,0.0,7.474533350548773,0.0,1.0,0.0,1.0,0.0,0.0
1,90,9.67884392542559,5.8326634597193205,0.0,1.0,0.0,0.0,0.0,0.0
2,90,5.864395869905308,8.452990860418995,0.0,0.0,0.0,1.0,1.0,1.0
3,90,8.548116295351551,7.273794140810602,1.0,1.0,0.0,0.0,1.0,1.0
4,90,10.249851621426636,4.994912327427064,0.0,0.0,0.0,0.0,0.0,1.0
5,90,3.0479876635061425,6.903969713823721,0.0,0.0,0.0,0.0,0.0,0.0
6,90,0.9849057147488932,9.043729374906397,0.0,0.0,0.0,0.0,1.0,0.0
7,90,0.5330365175381079,12.0,0.0,0.0,0.0,0.0,1.0,0.0
8,90,0.0825081975019373,10.755310971766056,1.0,0.0,0.0,1.0,1.0,0.0
9,90,6.6817108049612255,3.206751629597665,1.0,0.0,1.0,0.0,1.0,0.0
10,90,1.4010922444615626,3.96268311699176,0.0,0.0,1.0,0.0,0.0,1.0
11,90,7.373549511881918,6.692003873391213,1.0,1.0,1.0,1.0,1.0,0.0
12,90,7.228245533551945,2.45939614909885,0.0,1.0,0.0,0.0,1.0,0.0
13,90,8.119442335986092,10.970888086315052,1.0,1.0,1.0,0.0,0.0,0.0
14,90,2.868030485705224,8.561352271765065,0.0,0.0,1.0,0.0,0.0,0.0
15,90,6.5410707964860375,5.0105740562930405,0.0,0.0,0.0,0.0,0.0,0.0
16,90,9.605923666713018,1.3926305392002103,0.0,0.0,1.0,1.0,0.0,0.0
17,90,0.5275722682473731,6.837576769004458,1.0,0.0,1.0,0.0,1.0,0.0
18,90,10.65804142917805,9.01542747362121,1.0,0.0,0.0,0.0,0.0,0.0
19,90,6.001184825973736,9.952858932340217,0.0,0.0,0.0,0.0,0.0,1.0
0,95,0.0,7.431781866845467,0.0,1.0,0.0,1.0,0.0,0.0
1,95,9.723553738555898,5.85039350997519,0.0,1.0,0.0,0.0,0.0,0.0
2,95,5.741132338382808,8.364595347883947,0.0,0.0,0.0,1.0,1.0,1.0
3,95,8.584944240988335,7.25700898355338,1.0,1.0,0.0,0.0,1.0,1.0
4,95,10.291495406988703,5.0073296057973655,0.0,0.0,0.0,0.0,0.0,1.0
5,95,3.022842534986782,6.950628834279585,0.0,0.0,0.0,0.0,0.0,0.0
6,95,0.9907741415730302,9.018559217479275,0.0,0.0,0.0,0.0,1.0,0.0
7,95,0.5168146140218993,12.0,0.0,0.0,0.0,0.0,1.0,0.0
8,95,0.0083326338951505,10.884664688493732,1.0,0.0,0.0,1.0,1.0,0.0
9,95,6.701405517783607,3.21381552257691,1.0,0.0,1.0,0.0,1.0,0.0
10,95,1.428256590317342,4.10623170402574,0.0,0.0,1.0,0.0,0.0,1.0
11,95,7.334294919103572,6.735724359826959,1.0,1.0,1.0,1.0,1.0,0.0
12,95,7.239607097225375,2.4797303119755263,0.0,1.0,0.0,0.0,1.0,0.0
13,95,8.125547377464217,11.010070359700002,1.0,1.0,1.0,0.0,0.0,0.0
14,95,2.8611815192050107,8.537860978154562,0.0,0.0,1.0,0.0,0.0,0.0
15,95,6.564684946385023,5.0577259494358175,0.0,0.0,0.0,0.0,0.0,0.0
16,95,9.643885720306503,1.3593204858860155,0.0,0.0,1.0,1.0,0.0,0.0
17,95,0.532360856325198,6.8450411150456505,1.0,0.0,1.0,0.0,1.0,0.0
18,95,10.741444192307789,9.020691703772505,1.0,0.0,0.0,0.0,0.0,0.0
19,95,5.860840538381446,9.943415066030235,0.0,0.0,0.0,0.0,0.0,1.0
0,100,0.0,7.378755144398984,0.0,1.0,0.0,1.0,0.0,0.0
1,100,9.774869206920629,5.869787849873833,0.0,1.0,0.0,0.0,0.0,0.0
2,100,5.614189764230822,8.275685267020087,0.0,0.0,0.0,1.0,1.0,1.0
3,100,8.608579849573525,7.2457995577912,1.0,1.0,0.0,0.0,1.0,1.0
4,100,10.274384243945857,5.057075921011369,0.0,0.0,0.0,0.0,0.0,1.0
5,100,2.997151732364709,6.997833470887308,0.0,0.0,0.0,0.0,0.0,0.0
6,100,0.9934256362031408,9.006134449338676,0.0,0.0,0.0,0.0,1.0,0.0
7,100,0.4977211524940948,12.0,0.0,0.0,0.0,0.0,1.0,0.0
8,100,0.0,11.016801748745523,1.0,0.0,0.0,1.0,1.0,0.0
9,100,6.723503224392896,3.222805312738688,1.0,0.0,1.0,0.0,1.0,0.0
10,100,1.4568735056427295,4.239321018981752,0.0,0.0,1.0,0.0,0.0,1.0
11,100,7.294123346362168,6.780449102277259,1.0,1.0,1.0,1.0,1.0,0.0
12,100,7.243581935489106,2.487267010377023,0.0,1.0,0.0,0.0,1.0,0.0
13,100,8.137709637871088,11.079842707741,1.0,1.0,1.0,0.0,0.0,0.0
14,100,2.8529146284352054,8.510495255320645,0.0,0.0,1.0,0.0,0.0,0.0
15,100,6.587036468482318,5.103585932765021,0.0,0.0,0.0,0.0,0.0,0.0
16,100,9.678307425675907,1.3294486682452344,0.0,0.0,1.0,1.0,0.0,0.0
17,100,0.5369528566994939,6.851994669699296,1.0,0.0,1.0,0.0,1.0,0.0
18,100,10.836633039655874,9.025835873817496,1.0,0.0,0.0,0.0,0.0,0.0
19,100,5.71691660708115,9.93771532582126,0.0,0.0,0.0,0.0,0.0,1.0
0,105,0.0,7.324864796292233,0.0,1.0,0.0,1.0,0.0,0.0
1,105,9.84244501455405,5.895075783618146,0.0,1.0,0.0,0.0,0.0,0.0
2,105,5.476621771198033,8.173114232043854,0.0,0.0,0.0,1.0,1.0,1.0
3,105,8.623484853682715,7.239124529276847,1.0,1.0,0.0,0.0,1.0,1.0
4,105,10.257421070682753,5.106463428469868,0.0,0.0,0.0,0.0,0.0,1.0
5,105,2.9815923227723373,7.0274152736486855,0.0,0.0,0.0,0.0,0.0,0.0
6,105,0.9928707712844818,9.00890706677335,0.0,0.0,0.0,0.0,1.0,0.0
7,105,0.4717462297490843,12.0,0.0,0.0,0.0,0.0,1.0,0.0
8,105,0.0,11.153134795965649,1.0,0.0,0.0,1.0,1.0,0.0
9,105,6.752466212441774,3.235013250730405,1.0,0.0,1.0,0.0,1.0,0.0
10,105,1.4886693212816793,4.371803069451372,0.0,0.0,1.0,0.0,0.0,1.0
11,105,7.2731319976284095,6.802981777021679,1.0,1.0,1.0,1.0,1.0,0.0
12,105,7.249674475279642,2.4994253174374137,0.0,1.0,0.0,0.0,1.0,0.0
13,105,8.152969665010033,11.166809023928264,1.0,1.0,1.0,0.0,0.0,0.0
14,105,2.84516752124716,8.48314572366047,0.0,0.0,1.0,0.0,0.0,0.0
15,105,6.616893055552304,5.168779794466123,0.0,0.0,0.0,0.0,0.0,0.0
16,105,9.71555342785635,1.2979267125059777,0.0,0.0,1.0,1.0,0.0,0.0
17,105,0.5323981418474086,6.845428309001453,1.0,0.0,1.0,0.0,1.0,0.0
18,105,10.897691875517694,9.029560716514393,1.0,0.0,0.0,0.0,0.0,0.0
19,105,5.569267208397544,9.933788844527712,0.0,0.0,0.0,0.0,0.0,1.0
0,110,0.0,7.277219289578202,0.0,1.0,0.0,1.0,0.0,0.0
1,110,9.892717014153614,5.917344120278761,0.0,1.0,0.0,0.0,0.0,0.0
2,110,5.337941676187249,8.064779282127224,0.0,0.0,0.0,1.0,1.0,1.0
3,110,8.630519001079488,7.235912098488525,1.0,1.0,0.0,0.0,1.0,1.0
4,110,10.241311643471308,5.151570002086018,0.0,0.0,0.0,0.0,0.0,1.0
5,110,2.960653600827393,7.066841908957037,0.0,0.0,0.0,0.0,0.0,0.0
6,110,0.9922931822213702,9.011944756076064,0.0,0.0,0.0,0.0,1.0,0.0
7,110,0.4448726493921673,12.0,0.0,0.0,0.0,0.0,1.0,0.0
8,110,0.0,11.298466945442229,1.0,0.0,0.0,1.0,1.0,0.0
9,110,6.793872726124661,3.252535388082441,1.0,0.0,1.0,0.0,1.0,0.0
10,110,1.5187617324211151,4.507766085618966,0.0,0.0,1.0,0.0,0.0,1.0
11,110,7.237637213965619,6.843621616289549,1.0,1.0,1.0,1.0,1.0,0.0
12,110,7.251402370828158,2.5028906778733924,0.0,1.0,0.0,0.0,1.0,0.0
13,110,8.170329305481951,11.262577481313528,1.0,1.0,1.0,0.0,0.0,0.0
14,110,2.833122759841912,8.440260040300057,0.0,0.0,1.0,0.0,0.0,0.0
15,110,6.644390341901291,5.228224487961493,0.0,0.0,0.0,0.0,0.0,0.0
16,110,9.753756565361336,1.2640209013009884,0.0,0.0,1.0,1.0,0.0,0.0
17,110,0.5234995472164525,6.83281398902087,1.0,0.0,1.0,0.0,1.0,0.0
18,110,10.976347469032206,9.037458474936784,1.0,0.0,0.0,0.0,0.0,0.0
19,110,5.409389333534206,9.930408115304186,0.0,0.0,0.0,0.0,0.0,1.0
0,115,0.0,7.216393044970768,0.0,1.0,0.0,1.0,0.0,0.0
1,115,9.872980238739164,5.962161568247836,0.0,1.0,0.0,0.0,0.0,0.0
2,115,5.203078110515402,7.967709611755661,0.0,0.0,0.0,1.0,1.0,1.0
3,115,8.66374934696331,7.220334917479252,1.0,1.0,0.0,0.0,1.0,1.0
4,115,10.227372773161235,5.1910752637134205,0.0,0.0,0.0,0.0,0.0,1.0
5,115,2.938276784355568,7.111068219258455,0.0,0.0,0.0,0.0,0.0,0.0
6,115,0.9891790967496864,9.028510525377,0.0,0.0,0.0,0.0,1.0,0.0
7,115,0.4228443794900291,12.0,0.0,0.0,0.0,0.0,1.0,0.0
8,115,0.0,11.44633975221062,1.0,0.0,0.0,1.0,1.0,0.0
9,115,6.835822963034842,3.2715733469164365,1.0,0.0,1.0,0.0,1.0,0.0
10,115,1.5450970224850782,4.617335068019822,0.0,0.0,1.0,0.0,0.0,1.0
11,115,7.201745999172008,6.887887268491853,1.0,1.0,1.0,1.0,1.0,0.0
12,115,7.258158041367145,2.5168335443433967,0.0,1.0,0.0,0.0,1.0,0.0
13,115,8.184280830741134,11.344955176663229,1.0,1.0,1.0,0.0,0.0,0.0
14,115,2.823133602827002,8.406383158366591,0.0,0.0,1.0,0.0,0.0,0.0
15,115,6.676982078214227,5.299071608142915,0.0,0.0,0.0,0.0,0.0,0.0
16,115,9.789938081909744,1.2303048828438652,0.0,0.0,1.0,1.0,0.0,0.0
17,115,0.5115016093069806,6.816032109461964,1.0,0.0,1.0,0.0,1.0,0.0
18,115,11.05883367010508,9.046051920709566,1.0,0.0,0.0,0.0,0.0,0.0
19,115,5.238914213513017,9.928478740693588,0.0,0.0,0.0,0.0,0.0,1.0
0,120,0.0,7.152086703283215,0.0,1.0,0.0,1.0,0.0,0.0
1,120,9.864578596223252,5.98109299960911,0.0,1.0,0.0,0.0,0.0,0.0
2,120,5.064325280374966,7.865447884251043,0.0,0.0,0.0,1.0,1.0,1.0
3,120,8.69428253036571,7.205584168458227,1.0,1.0,0.0,0.0,1.0,1.0
4,120,10.216674445413732,5.222777147132836,0.0,0.0,0.0,0.0,0.0,1.0
5,120,2.918244494197201,7.151138492839822,0.0,0.0,0.0,0.0,0.0,0.0
6,120,0.985196489832504,9.050442921863803,0.0,0.0,0.0,0.0,1.0,0.0
7,120,0.3971353857092741,12.0,0.0,0.0,0.0,0.0,1.0,0.0
8,120,0.0,11.58981531393272,1.0,0.0,0.0,1.0,1.0,0.0
9,120,6.884582359738789,3.294128686809858,1.0,0.0,1.0,0.0,1.0,0.0
10,120,1.5734799725513966,4.721882947895681,0.0,0.0,1.0,0.0,0.0,1.0
11,120,7.155704782871489,6.946323137323905,1.0,1.0,1.0,1.0,1.0,0.0
12,120,7.26133562219865,2.5231828416817703,0.0,1.0,0.0,0.0,1.0,0.0
13,120,8.085771947165867,11.359951183540746,1.0,1.0,1.0,0.0,0.0,0.0
14,120,2.81393633884877,8.373229100492352,0.0,0.0,1.0,0.0,0.0,0.0
15,120,6.717481832588545,5.384844622422608,0.0,0.0,0.0,0.0,0.0,0.0
16,120,9.844145198302185,1.179729872150634,0.0,0.0,1.0,1.0,0.0,0.0
17,120,0.4910361670673196,6.788283510715205,1.0,0.0,1.0,0.0,1.0,0.0
18,120,11.109553964244018,9.050043553275884,1.0,0.0,0.0,0.0,0.0,0.0
19,120,5.063522597913395,9.92734862108365,0.0,0.0,0.0,0.0,0.0,1.0
0,125,0.0,7.090781823743496,0.0,1.0,0.0,1.0,0.0,0.0
1,125,9.8503365968375,6.016015457153667,0.0,1.0,0.0,0.0,0.0,0.0
2,125,4.920745815959392,7.768127963339521,0.0,0.0,0.0,1.0,1.0,1.0
3,125,8.729937445689776,7.187917034546743,1.0,1.0,0.0,0.0,1.0,1.0
4,125,10.201694373830604,5.26683534209785,0.0,0.0,0.0,0.0,0.0,1.0
5,125,2.8904198346976084,7.208967670558762,0.0,0.0,0.0,0.0,0.0,0.0
6,125,0.981088900500587,9.073392977773198,0.0,0.0,0.0,0.0,1.0,0.0
7,125,0.3684060486000727,12.0,0.0,0.0,0.0,0.0,1.0,0.0
8,125,0.0,11.73578368117196,1.0,0.0,0.0,1.0,1.0,0.0
9,125,6.946846265834386,3.3237098679434105,1.0,0.0,1.0,0.0,1.0,0.0
10,125,1.6021587739056105,4.823882398816539,0.0,0.0,1.0,0.0,0.0,1.0
11,125,7.100535035738144,7.016986056867735,1.0,1.0,1.0,1.0,1.0,0.0
12,125,7.253341603335196,2.5073586385576787,0.0,1.0,0.0,0.0,1.0,0.0
13,125,7.9930073385747,11.375356547908522,1.0,1.0,1.0,0.0,0.0,0.0
14,125,2.8019701988316306,8.327265505366508,0.0,0.0,1.0,0.0,0.0,0.0
15,125,6.756554946431198,5.47329990760754,0.0,0.0,0.0,0.0,0.0,0.0
16,125,9.911160569748128,1.118591366117479,0.0,0.0,1.0,1.0,0.0,0.0
17,125,0.4861826929036038,6.78130268796193,1.0,0.0,1.0,0.0,1.0,0.0
18,125,11.165695019289572,9.053016387214171,1.0,0.0,0.0,0.0,0.0,0.0
19,125,4.9036670195606025,9.924013107901573,0.0,0.0,0.0,0.0,0.0,1.0
0,130,0.0,7.02002961180537,0.0,1.0,0.0,1.0,0.0,0.0
1,130,9.842434620851268,6.035770244998512,0.0,1.0,0.0,0.0,0.0,0.0
2,130,4.775634206407379,7.666926827361821,0.0,0.0,0.0,1.0,1.0,1.0
3,130,8.776077103421784,7.16428975085096,1.0,1.0,0.0,0.0,1.0,1.0
4,130,10.184827566844312,5.30906563558859,0.0,0.0,0.0,0.0,0.0,1.0
5,130,2.8563727056427526,7.280350567212048,0.0,0.0,0.0,0.0,0.0,0.0
6,130,0.9772930958590628,9.100045627984557,0.0,0.0,0.0,0.0,1.0,0.0
7,130,0.3398530461625175,12.0,0.0,0.0,0.0,0.0,1.0,0.0
8,130,0.0,11.883113025231106,1.0,0.0,0.0,1.0,1.0,0.0
9,130,7.025872904113571,3.360811797250661,1.0,0.0,1.0,0.0,1.0,0.0
10,130,1.6277848309378822,4.920727805217662,0.0,0.0,1.0,0.0,0.0,1.0
11,130,7.050052371428445,7.080637054670632,1.0,1.0,1.0,1.0,1.0,0.0
12,130,7.2422096428804785,2.485229404414399,0.0,1.0,0.0,0.0,1.0,0.0
13,130,7.904812721153959,11.389504098786702,1.0,1.0,1.0,0.0,0.0,0.0
14,130,2.787448222729557,8.274435209841679,0.0,0.0,1.0,0.0,0.0,0.0
15,130,6.8050349416404,5.579298866889688,0.0,0.0,0.0,0.0,0.0,0.0
16,130,9.981553929641336,1.057386633062866,0.0,0.0,1.0,1.0,0.0,0.0
17,130,0.4821169934566788,6.775369458080265,1.0,0.0,1.0,0.0,1.0,0.0
18,130,11.202712430034136,9.055701834935933,1.0,0.0,0.0,0.0,0.0,0.0
19,130,4.753249331432542,9.919026418066784,0.0,0.0,0.0,0.0,0.0,1.0
0,135,0.0,6.9438747200992434,0.0,1.0,0.0,1.0,0.0,0.0
1,135,9.826997316431424,6.077449897698181,0.0,1.0,0.0,0.0,0.0,0.0
2,135,4.629991255873326,7.564540014352008,0.0,0.0,0.0,1.0,1.0,1.0
3,135,8.826133974286853,7.139119161316156,1.0,1.0,0.0,0.0,1.0,1.0
4,135,10.161081931697694,5.364456554723603,0.0,0.0,0.0,0.0,0.0,1.0
5,135,2.8331431787717767,7.331875861864168,0.0,0.0,0.0,0.0,0.0,0.0
6,135,0.970828738483298,9.142398945185604,0.0,0.0,0.0,0.0,1.0,0.0
7,135,0.3055928244243248,12.0,0.0,0.0,0.0,0.0,1.0,0.0
8,135,0.0,12.0,1.0,0.0,0.0,1.0,1.0,0.0
9,135,7.095655814319889,3.3939767262335665,1.0,0.0,1.0,0.0,1.0,0.0
10,135,1.653384503928492,5.0063461952207895,0.0,0.0,1.0,0.0,0.0,1.0
11,135,7.009999975843006,7.1311413115465765,1.0,1.0,1.0,1.0,1.0,0.0
12,135,7.227551338967471,2.455179270226484,0.0,1.0,0.0,0.0,1.0,0.0
13,135,7.811873137716305,11.40152262375836,1.0,1.0,1.0,0.0,0.0,0.0
14,135,2.778630422909959,8.241490064062631,0.0,0.0,1.0,0.0,0.0,0.0
15,135,6.848611387654687,5.679933126107425,0.0,0.0,0.0,0.0,0.0,0.0
16,135,10.07165816361274,0.9834017715271856,0.0,0.0,1.0,1.0,0.0,0.0
17,135,0.4767788901796306,6.767221924306382,1.0,0.0,1.0,0.0,1.0,0.0
18,135,11.258451205037533,9.059420223615174,1.0,0.0,0.0,0.0,0.0,0.0
19,135,4.592987383427748,9.908447751156752,0.0,0.0,0.0,0.0,0.0,1.0
0,140,0.0,6.857650503006378,0.0,1.0,0.0,1.0,0.0,0.0
1,140,9.81842646045372,6.099611343470428,0.0,1.0,0.0,0.0,0.0,0.0
2,140,4.4946278567468845,7.4680959172091965,0.0,0.0,0.0,1.0,1.0,1.0
3,140,8.865379588759717,7.120046706130937,1.0,1.0,0.0,0.0,1.0,1.0
4,140,10.138678208134712,5.423802798844536,0.0,0.0,0.0,0.0,0.0,1.0
5,140,2.818252364073114,7.364826573475224,0.0,0.0,0.0,0.0,0.0,0.0
6,140,0.963773614129518,9.193673702435191,0.0,0.0,0.0,0.0,1.0,0.0
7,140,0.2678280028006667,12.0,0.0,0.0,0.0,0.0,1.0,0.0
8,140,0.0,12.0,1.0,0.0,0.0,1.0,1.0,0.0
9,140,7.172280537017215,3.4350173778313646,1.0,0.0,1.0,0.0,1.0,0.0
10,140,1.675273425940629,5.082297412525855,0.0,0.0,1.0,0.0,0.0,1.0
11,140,6.968833322905284,7.184070331122012,1.0,1.0,1.0,1.0,1.0,0.0
12,140,7.203243638914549,2.40875306821763,0.0,1.0,0.0,0.0,1.0,0.0
13,140,7.704036804406475,11.41437727859634,1.0,1.0,1.0,0.0,0.0,0.0
14,140,2.774761452555734,8.227868075608361,0.0,0.0,1.0,0.0,0.0,0.0
15,140,6.882412846367552,5.759623476532736,0.0,0.0,0.0,0.0,0.0,0.0
16,140,10.159906341495356,0.9111776639248697,0.0,0.0,1.0,1.0,0.0,0.0
17,140,0.4667200255121069,6.752563511519604,1.0,0.0,1.0,0.0,1.0,0.0
18,140,11.308270983165494,9.06268056400705,1.0,0.0,0.0,0.0,0.0,0.0
19,140,4.435783329183197,9.895449340055112,0.0,0.0,0.0,0.0,0.0,1.0
0,145,0.0,6.7645681265941615,0.0,1.0,0.0,1.0,0.0,0.0
1,145,9.80448104500642,6.1372807844811454,0.0,1.0,0.0,0.0,0.0,0.0
2,145,4.362234324180848,7.372534911568388,0.0,0.0,0.0,1.0,1.0,1.0
3,145,8.905955550085386,7.099904955562693,1.0,1.0,0.0,0.0,1.0,1.0
4,145,10.12286806034483,5.469471376512998,0.0,0.0,0.0,0.0,0.0,1.0
5,145,2.798228669139866,7.40742570555619,0.0,0.0,0.0,0.0,0.0,0.0
6,145,0.9584892345192804,9.2367167900421,0.0,0.0,0.0,0.0,1.0,0.0
7,145,0.2279000544048776,12.0,0.0,0.0,0.0,0.0,1.0,0.0
8,145,0.0,12.0,1.0,0.0,0.0,1.0,1.0,0.0
9,145,7.24593495668772,3.475843801010949,1.0,0.0,1.0,0.0,1.0,0.0
10,145,1.6900459471696336,5.135181927497598,0.0,0.0,1.0,0.0,0.0,1.0
11,145,6.9235749763520325,7.239185143226369,1.0,1.0,1.0,1.0,1.0,0.0
12,145,7.178676584598427,2.363572754243853,0.0,1.0,0.0,0.0,1.0,0.0
13,145,7.592279756480338,11.42874881176623,1.0,1.0,1.0,0.0,0.0,0.0
14,145,2.7754935282769373,8.230396738131057,0.0,0.0,1.0,0.0,0.0,0.0
15,145,6.923533639674437,5.859970173904371,0.0,0.0,0.0,0.0,0.0,0.0
16,145,10.239199910554866,0.8440327952485129,0.0,0.0,1.0,1.0,0.0,0.0
17,145,0.4610764494611997,6.744497790431372,1.0,0.0,1.0,0.0,1.0,0.0
18,145,11.378305596319969,9.0681710184102,1.0,0.0,0.0,0.0,0.0,0.0
19,145,4.262101159519281,9.88449016087642,0.0,0.0,0.0,0.0,0.0,1.0
0,150,0.0,6.666586650859942,0.0,1.0,0.0,1.0,0.0,0.0
1,150,9.78826445020523,6.180818994047924,0.0,1.0,0.0,0.0,0.0,0.0
2,150,4.2282249116279385,7.275869018696087,0.0,0.0,0.0,1.0,1.0,1.0
3,150,8.936884751883767,7.083954382689957,1.0,1.0,0.0,0.0,1.0,1.0
4,150,10.105135074228793,5.5253696251533855,0.0,0.0,0.0,0.0,0.0,1.0
5,150,2.7775377600032063,7.450287299734061,0.0,0.0,0.0,0.0,0.0,0.0
6,150,0.9529167679807286,9.278049867568232,0.0,0.0,0.0,0.0,1.0,0.0
7,150,0.1930046078565594,12.0,0.0,0.0,0.0,0.0,1.0,0.0
8,150,0.0,12.0,1.0,0.0,0.0,1.0,1.0,0.0
9,150,7.32668252133731,3.5201471197447733,1.0,0.0,1.0,0.0,1.0,0.0
10,150,1.70508664942833,5.191153054221533,0.0,0.0,1.0,0.0,0.0,1.0
11,150,6.863865500624561,7.317542954662604,1.0,1.0,1.0,1.0,1.0,0.0
12,150,7.15591537871448,2.319555970758637,0.0,1.0,0.0,0.0,1.0,0.0
13,150,7.509176902878916,11.44091488548103,1.0,1.0,1.0,0.0,0.0,0.0
14,150,2.7775221077401246,8.237300757826258,0.0,0.0,1.0,0.0,0.0,0.0
15,150,6.96151282892741,5.956041602104451,0.0,0.0,0.0,0.0,0.0,0.0
16,150,10.3144028579968,0.7818037159145296,0.0,0.0,1.0,1.0,0.0,0.0
17,150,0.4530953621061184,6.732361689605394,1.0,0.0,1.0,0.0,1.0,0.0
18,150,11.428104232557036,9.071239122274203,1.0,0.0,0.0,0.0,0.0,0.0
19,150,4.085867024886928,9.8712188596682,0.0,0.0,0.0,0.0,0.0,1.0
0,155,0.0,6.5661640272616015,0.0,1.0,0.0,1.0,0.0,0.0
1,155,9.7731352643042,6.218119803855307,0.0,1.0,0.0,0.0,0.0,0.0
2,155,4.0862896279319125,7.174107677527518,0.0,0.0,0.0,1.0,1.0,1.0
3,155,8.972205302874894,7.067529828129167,1.0,1.0,0.0,0.0,1.0,1.0
4,155,10.087570725155024,5.583017192706159,0.0,0.0,0.0,0.0,0.0,1.0
5,155,2.7695905866025554,7.466519143751356,0.0,0.0,0.0,0.0,0.0,0.0
6,155,0.945732055650332,9.330062358155669,0.0,0.0,0.0,0.0,1.0,0.0
7,155,0.1505017030003279,12.0,0.0,0.0,0.0,0.0,1.0,0.0
8,155,0.0,12.0,1.0,0.0,0.0,1.0,1.0,0.0
9,155,7.402431364879249,3.5640089695296653,1.0,0.0,1.0,0.0,1.0,0.0
10,155,1.720828212157803,5.243257848518229,0.0,0.0,1.0,0.0,0.0,1.0
11,155,6.811824735425761,7.384831129683339,1.0,1.0,1.0,1.0,1.0,0.0
12,155,7.132043149433878,2.272108109883793,0.0,1.0,0.0,0.0,1.0,0.0
13,155,7.410770188208926,11.45415338053283,1.0,1.0,1.0,0.0,0.0,0.0
14,155,2.7809305550093635,8.249383098104948,0.0,0.0,1.0,0.0,0.0,0.0
15,155,6.99764673377656,6.03917664054992,0.0,0.0,0.0,0.0,0.0,0.0
16,155,10.386262992721608,0.7263059759550076,0.0,0.0,1.0,1.0,0.0,0.0
17,155,0.44143988547051,6.715272688525976,1.0,0.0,1.0,0.0,1.0,0.0
18,155,11.470290060216517,9.073461430343617,1.0,0.0,0.0,0.0,0.0,0.0
19,155,3.896612467803996,9.8563822509815,0.0,0.0,0.0,0.0,0.0,1.0
0,160,0.1062706208663705,6.461662739763526,0.0,1.0,0.0,1.0,0.0,0.0
1,160,9.758054500979544,6.258365064249347,0.0,1.0,0.0,0.0,0.0,0.0
2,160,3.961126087357129,7.087066775418553,0.0,0.0,0.0,1.0,1.0,1.0
3,160,9.020747697145136,7.045114682108414,1.0,1.0,0.0,0.0,1.0,1.0
4,160,10.063547519428582,5.66108936848188,0.0,0.0,0.0,0.0,0.0,1.0
5,160,2.763935569623888,7.478616585680608,0.0,0.0,0.0,0.0,0.0,0.0
6,160,0.9388852852123688,9.384560001427849,0.0,0.0,0.0,0.0,1.0,0.0
7,160,0.1023846375472474,12.0,0.0,0.0,0.0,0.0,1.0,0.0
8,160,0.0,12.0,1.0,0.0,0.0,1.0,1.0,0.0
9,160,7.47770047152723,3.6094414993145154,1.0,0.0,1.0,0.0,1.0,0.0
10,160,1.7288094750317526,5.269616435506631,0.0,0.0,1.0,0.0,0.0,1.0
11,160,6.766450439846835,7.4444015130723615,1.0,1.0,1.0,1.0,1.0,0.0
12,160,7.1004512656025085,2.2135456616287583,0.0,1.0,0.0,0.0,1.0,0.0
13,160,7.300256960262712,11.466131642017306,1.0,1.0,1.0,0.0,0.0,0.0
14,160,2.7856556951826934,8.267223231818257,0.0,0.0,1.0,0.0,0.0,0.0
15,160,7.04079338709596,6.146629338694531,0.0,0.0,0.0,0.0,0.0,0.0
16,160,10.461339474089108,0.667507563320482,0.0,0.0,1.0,1.0,0.0,0.0
17,160,0.42091008477423,6.685587406245815,1.0,0.0,1.0,0.0,1.0,0.0
18,160,11.508232659941568,9.076367669438469,1.0,0.0,0.0,0.0,0.0,0.0
19,160,3.730890620757565,9.843334274799275,0.0,0.0,0.0,0.0,0.0,1.0
0,165,0.2063083153834547,6.364728870808574,0.0,1.0,0.0,1.0,0.0,0.0
1,165,9.74448687803263,6.295659460905521,0.0,1.0,0.0,0.0,0.0,0.0
2,165,3.8710591210484337,7.215014409209831,0.0,0.0,0.0,1.0,1.0,1.0
3,165,9.072529621850718,7.021209842751417,1.0,1.0,0.0,0.0,1.0,1.0
4,165,10.040133026208824,5.7363786216865,0.0,0.0,0.0,0.0,0.0,1.0
5,165,2.751121844910954,7.505010512833703,0.0,0.0,0.0,0.0,0.0,0.0
6,165,0.9924780571890438,9.392498473537094,0.0,0.0,0.0,0.0,1.0,0.0
7,165,0.0510090963902236,12.0,0.0,0.0,0.0,0.0,1.0,0.0
8,165,0.0,12.0,1.0,0.0,0.0,1.0,1.0,0.0
9,165,7.561762022823806,3.656308361838974,1.0,0.0,1.0,0.0,1.0,0.0
10,165,1.7354082688238062,5.2921606365261,0.0,0.0,1.0,0.0,0.0,1.0
11,165,6.733763339931326,7.487758377781868,1.0,1.0,1.0,1.0,1.0,0.0
12,165,7.064578468182782,2.144985662533081,0.0,1.0,0.0,0.0,1.0,0.0
13,165,7.186119605859348,11.475572406418712,1.0,1.0,1.0,0.0,0.0,0.0
14,165,2.754850114554249,8.275411634315326,0.0,0.0,1.0,0.0,0.0,0.0
15,165,7.082697197010496,6.254565176769605,0.0,0.0,0.0,0.0,0.0,0.0
16,165,10.543921495735647,0.6019067182551479,0.0,0.0,1.0,1.0,0.0,0.0
17,165,0.3910777662097414,6.64291422361408,1.0,0.0,1.0,0.0,1.0,0.0
18,165,11.5400397517776,9.078839387545129,1.0,0.0,0.0,0.0,0.0,0.0
19,165,3.5576299979245847,9.82847378681404,0.0,0.0,0.0,0.0,0.0,1.0
0,170,0.302651412500442,6.276989993343593,0.0,1.0,0.0,1.0,0.0,0.0
1,170,9.72438525035083,6.351673328588712,0.0,1.0,0.0,0.0,0.0,0.0
2,170,3.7556678994260073,7.3663263729511055,0.0,0.0,0.0,1.0,1.0,1.0
3,170,9.11480924755701,7.002369354063305,1.0,1.0,0.0,0.0,1.0,1.0
4,170,10.019684318650391,5.803762210652954,0.0,0.0,0.0,0.0,0.0,1.0
5,170,2.7333932175070155,7.539006543725153,0.0,0.0,0.0,0.0,0.0,0.0
6,170,1.0504811561137977,9.401678262559225,0.0,0.0,0.0,0.0,1.0,0.0
7,170,0.0,12.0,0.0,0.0,0.0,0.0,1.0,0.0
8,170,0.0,12.0,1.0,0.0,0.0,1.0,1.0,0.0
9,170,7.6456862731125135,3.702442300746896,1.0,0.0,1.0,0.0,1.0,0.0
10,170,1.7426261889200936,5.315051267412188,0.0,0.0,1.0,0.0,0.0,1.0
11,170,6.701136549951896,7.532817856702777,1.0,1.0,1.0,1.0,1.0,0.0
12,170,7.034456344882375,2.083030373949621,0.0,1.0,0.0,0.0,1.0,0.0
13,170,7.0884368558841215,11.484630083286234,1.0,1.0,1.0,0.0,0.0,0.0
14,170,2.7266192561708853,8.28247772071681,0.0,0.0,1.0,0.0,0.0,0.0
15,170,7.12446586844366,6.356806306516949,0.0,0.0,0.0,0.0,0.0,0.0
16,170,10.621742628114951,0.5405366597573836,0.0,0.0,1.0,1.0,0.0,0.0
17,170,0.3768594955473053,6.622060437137142,1.0,0.0,1.0,0.0,1.0,0.0
18,170,11.577482730849905,9.082238631379097,1.0,0.0,0.0,0.0,0.0,0.0
19,170,3.391067556635284,9.815244614094992,0.0,0.0,0.0,0.0,0.0,1.0
0,175,0.3915525714238981,6.201284174286856,0.0,1.0,0.0,1.0,0.0,0.0
1,175,9.698376919653548,6.422698263935043,0.0,1.0,0.0,0.0,0.0,0.0
2,175,3.645652612244972,7.507930421621588,0.0,0.0,0.0,1.0,1.0,1.0
3,175,9.163378532199372,6.979817959506706,1.0,1.0,0.0,0.0,1.0,1.0
4,175,9.996353920222688,5.877499112427407,0.0,0.0,0.0,0.0,0.0,1.0
5,175,2.712785160877436,7.579058388755026,0.0,0.0,0.0,0.0,0.0,0.0
6,175,1.1010365224007068,9.410806516290542,0.0,0.0,0.0,0.0,1.0,0.0
7,175,0.0,12.0,0.0,0.0,0.0,0.0,1.0,0.0
8,175,0.0,12.0,1.0,0.0,0.0,1.0,1.0,0.0
9,175,7.714095365692178,3.741153694263284,1.0,0.0,1.0,0.0,1.0,0.0
10,175,1.746939041792778,5.32916612796777,0.0,0.0,1.0,0.0,0.0,1.0
11,175,6.658610141019277,7.590278134889041,1.0,1.0,1.0,1.0,1.0,0.0
12,175,6.9980956901265,2.011187742020892,0.0,1.0,0.0,0.0,1.0,0.0
13,175,6.989349363432455,11.494162142077736,1.0,1.0,1.0,0.0,0.0,0.0
14,175,2.721865823315745,8.283867555618468,0.0,0.0,1.0,0.0,0.0,0.0
15,175,7.170660978054613,6.473011028632338,0.0,0.0,0.0,0.0,0.0,0.0
16,175,10.718042026097717,0.4613443955801881,0.0,0.0,1.0,1.0,0.0,0.0
17,175,0.3528966205549917,6.586326878600954,1.0,0.0,1.0,0.0,1.0,0.0
18,175,11.613001868563233,9.085656036648704,1.0,0.0,0.0,0.0,0.0,0.0
19,175,3.2098017338409304,9.803762581816825,0.0,0.0,0.0,0.0,0.0,1.0
0,180,0.4670917159798513,6.135520376664222,0.0,1.0,0.0,1.0,0.0,0.0
1,180,9.671753633732068,6.4967614336364345,0.0,1.0,0.0,0.0,0.0,0.0
2,180,3.5393926208564435,7.641089968910966,0.0,0.0,0.0,1.0,1.0,1.0
3,180,9.220106580611905,6.952256031811208,1.0,1.0,0.0,0.0,1.0,1.0
4,180,9.97670459719196,5.935297808150852,0.0,0.0,0.0,0.0,0.0,1.0
5,180,2.697966909346157,7.606678813190197,0.0,0.0,0.0,0.0,0.0,0.0
6,180,1.1490239873174648,9.419273653967023,0.0,0.0,0.0,0.0,1.0,0.0
7,180,0.0,12.0,0.0,0.0,0.0,0.0,1.0,0.0
8,180,0.0,12.0,1.0,0.0,0.0,1.0,1.0,0.0
9,180,7.778671819975036,3.778544377956778,1.0,0.0,1.0,0.0,1.0,0.0
10,180,1.7484236927225685,5.334039373566302,0.0,0.0,1.0,0.0,0.0,1.0
11,180,6.61535956988052,7.653706605308466,1.0,1.0,1.0,1.0,1.0,0.0
12,180,6.9593873823865415,1.9251944814744195,0.0,1.0,0.0,0.0,1.0,0.0
13,180,6.8881417572153705,11.503005370258329,1.0,1.0,1.0,0.0,0.0,0.0
14,180,2.7151871128780667,8.28566421085943,0.0,0.0,1.0,0.0,0.0,0.0
15,180,7.221449580661555,6.596581765859242,0.0,0.0,0.0,0.0,0.0,0.0
16,180,10.827311345412475,0.3714361406404646,0.0,0.0,1.0,1.0,0.0,0.0
17,180,0.3303985309291188,6.553530878236217,1.0,0.0,1.0,0.0,1.0,0.0
18,180,11.637717907186168,9.087473529743502,1.0,0.0,0.0,0.0,0.0,0.0
19,180,3.0160006708224483,9.792188804402372,0.0,0.0,0.0,0.0,0.0,1.0
0,185,0.5388491606219198,6.074041440756563,0.0,1.0,0.0,1.0,0.0,0.0
1,185,9.642478937373276,6.574044989160753,0.0,1.0,0.0,0.0,0.0,0.0
2,185,3.428976584438485,7.792109090191444,0.0,0.0,0.0,1.0,1.0,1.0
3,185,9.29246114320864,6.916747402441052,1.0,1.0,0.0,0.0,1.0,1.0
4,185,9.952684525721692,6.001397235146593,0.0,0.0,0.0,0.0,0.0,1.0
5,185,2.6852497689594785,7.628753900073592,0.0,0.0,0.0,0.0,0.0,0.0
6,185,1.197462617167061,9.42938456335172,0.0,0.0,0.0,0.0,1.0,0.0
7,185,0.0,12.0,0.0,0.0,0.0,0.0,1.0,0.0
8,185,0.0,12.0,1.0,0.0,0.0,1.0,1.0,0.0
9,185,7.829546558852936,3.808827750572258,1.0,0.0,1.0,0.0,1.0,0.0
10,185,1.7517773100046758,5.345505750605076,0.0,0.0,1.0,0.0,0.0,1.0
11,185,6.573104599389506,7.713978224061564,1.0,1.0,1.0,1.0,1.0,0.0
12,185,6.9202917854842045,1.8402505156327007,0.0,1.0,0.0,0.0,1.0,0.0
13,185,6.769770506924672,11.514691181489251,1.0,1.0,1.0,0.0,0.0,0.0
14,185,2.708022458890326,8.287631061011377,0.0,0.0,1.0,0.0,0.0,0.0
15,185,7.269753897921926,6.714241477343188,0.0,0.0,0.0,0.0,0.0,0.0
16,185,10.938499243568636,0.2746052326737662,0.0,0.0,1.0,1.0,0.0,0.0
17,185,0.2969924046500402,6.503024312335935,1.0,0.0,1.0,0.0,1.0,0.0
18,185,11.664326710798315,9.089226926780416,1.0,0.0,0.0,0.0,0.0,0.0
19,185,2.820452350478677,9.782828771917425,0.0,0.0,0.0,0.0,0.0,1.0
0,190,0.6247911781110644,6.000341421908439,0.0,1.0,0.0,1.0,0.0,0.0
1,190,9.618987558843628,6.6332300772073305,0.0,1.0,0.0,0.0,0.0,0.0
2,190,3.314364746962751,7.9511410866708765,0.0,0.0,0.0,1.0,1.0,1.0
3,190,9.373221181309978,6.875862985558876,1.0,1.0,0.0,0.0,1.0,1.0
4,190,9.928341304016044,6.073599414731572,0.0,0.0,0.0,0.0,0.0,1.0
5,190,2.6623840734905198,7.667265243589483,0.0,0.0,0.0,0.0,0.0,0.0
6,190,1.2644167260544046,9.444518351764655,0.0,0.0,0.0,0.0,1.0,0.0
7,190,0.0,12.0,0.0,0.0,0.0,0.0,1.0,0.0
8,190,0.0,12.0,1.0,0.0,0.0,1.0,1.0,0.0
9,190,7.863227636273211,3.827223399841495,1.0,0.0,1.0,0.0,1.0,0.0
10,190,1.7479670224753348,5.330632037773201,0.0,0.0,1.0,0.0,0.0,1.0
11,190,6.527720044546999,7.781042349214297,1.0,1.0,1.0,1.0,1.0,0.0
12,190,6.869870759432635,1.7284236748835275,0.0,1.0,0.0,0.0,1.0,0.0
13,190,6.783548584679979,11.625204409237814,1.0,1.0,1.0,0.0,0.0,0.0
14,190,2.6809763602177106,8.295972299300164,0.0,0.0,1.0,0.0,0.0,0.0
15,190,7.311462241369464,6.827301388326883,0.0,0.0,0.0,0.0,0.0,0.0
16,190,11.046668684622109,0.1760172330050385,0.0,0.0,1.0,1.0,0.0,0.0
17,190,0.2618396522751609,6.450015981037426,1.0,0.0,1.0,0.0,1.0,0.0
18,190,11.69172613565335,9.090310506221982,1.0,0.0,0.0,0.0,0.0,0.0
19,190,2.5883985158718987,9.774509040131274,0.0,0.0,0.0,0.0,0.0,1.0
0,195,0.7160329650300604,5.9202075483087375,0.0,1.0,0.0,1.0,0.0,0.0
1,195,9.595746412900894,6.692688244973342,0.0,1.0,0.0,0.0,0.0,0.0
2,195,3.1881439451866624,8.110942724196564,0.0,0.0,0.0,1.0,1.0,1.0
3,195,9.313509459111035,6.905512891007049,1.0,1.0,0.0,0.0,1.0,1.0
4,195,9.89868096001596,6.16314323145585,0.0,0.0,0.0,0.0,0.0,1.0
5,195,2.632114531284769,7.718024725939068,0.0,0.0,0.0,0.0,0.0,0.0
6,195,1.322052680293725,9.458932052344192,0.0,0.0,0.0,0.0,1.0,0.0
7,195,0.0,12.0,0.0,0.0,0.0,0.0,1.0,0.0
8,195,0.0,12.0,1.0,0.0,0.0,1.0,1.0,0.0
9,195,7.889185732729403,3.8420610592079454,1.0,0.0,1.0,0.0,1.0,0.0
10,195,1.7487141737624112,5.330442437428673,0.0,0.0,1.0,0.0,0.0,1.0
11,195,6.48296711826462,7.84599254810133,1.0,1.0,1.0,1.0,1.0,0.0
12,195,6.822529952233616,1.6309354525508395,0.0,1.0,0.0,0.0,1.0,0.0
13,195,6.798653968197264,11.747667259000048,1.0,1.0,1.0,0.0,0.0,0.0
14,195,2.654198490771713,8.304192079172166,0.0,0.0,1.0,0.0,0.0,0.0
15,195,7.350986276247391,6.93059502158365,0.0,0.0,0.0,0.0,0.0,0.0
16,195,11.146311387743877,0.0845149773145162,0.0,0.0,1.0,1.0,0.0,0.0
17,195,0.243121767375579,6.423062648611562,1.0,0.0,1.0,0.0,1.0,0.0
18,195,11.708970837236777,9.09092033716164,1.0,0.0,0.0,0.0,0.0,0.0
19,195,2.340727064567996,9.76992035028318,0.0,0.0,0.0,0.0,0.0,1.0
0,200,0.8155629867499922,5.836888310753079,0.0,1.0,0.0,1.0,0.0,0.0
1,200,9.564109353711894,6.773298021652876,0.0,1.0,0.0,0.0,0.0,0.0
2,200,3.058662697450893,8.266039880945156,0.0,0.0,0.0,1.0,1.0,1.0
3,200,9.253085797470312,6.936040260186,1.0,1.0,0.0,0.0,1.0,1.0
4,200,9.864956503446384,6.26664326012587,0.0,0.0,0.0,0.0,0.0,1.0
5,200,2.588940286674765,7.692018675732124,0.0,0.0,0.0,0.0,0.0,0.0
6,200,1.3789627675223568,9.471365247539854,0.0,0.0,0.0,0.0,1.0,0.0
7,200,0.0,12.0,0.0,0.0,0.0,0.0,1.0,0.0
8,200,0.0,12.0,1.0,0.0,0.0,1.0,1.0,0.0
9,200,7.915706153269309,3.857154691796658,1.0,0.0,1.0,0.0,1.0,0.0
10,200,1.7307943819448386,5.335042572212721,0.0,0.0,1.0,0.0,0.0,1.0
11,200,6.437987216556003,7.91364803146937,1.0,1.0,1.0,1.0,1.0,0.0
12,200,6.770481504071046,1.5298559962603944,0.0,1.0,0.0,0.0,1.0,0.0
13,200,6.811568236400512,11.890650592461595,1.0,1.0,1.0,0.0,0.0,0.0
14,200,2.632623752861956,8.311719837182858,0.0,0.0,1.0,0.0,0.0,0.0
15,200,7.390554968212683,7.046014680136868,0.0,0.0,0.0,0.0,0.0,0.0
16,200,11.240138747797651,0.0,0.0,0.0,1.0,1.0,0.0,0.0
17,200,0.2234367920683998,6.396190257767879,1.0,0.0,1.0,0.0,1.0,0.0
18,200,11.723518259752415,9.091371189241144,1.0,0.0,0.0,0.0,0.0,0.0
19,200,2.091227788589393,9.76555520885645,0.0,0.0,0.0,0.0,0.0,1.0
0,205,0.9116230425303335,5.75588534824912,0.0,1.0,0.0,1.0,0.0,0.0
1,205,9.525078760795871,6.878207008406339,0.0,1.0,0.0,0.0,0.0,0.0
2,205,2.9239497589033423,8.431024381901663,0.0,0.0,0.0,1.0,1.0,1.0
3,205,9.208847879086877,6.957880104631804,1.0,1.0,0.0,0.0,1.0,1.0
4,205,9.833893827598054,6.370917230196195,0.0,0.0,0.0,0.0,0.0,1.0
5,205,2.554142169252967,7.671627291469341,0.0,0.0,0.0,0.0,0.0,0.0
6,205,1.4393711230591983,9.483909805014282,0.0,0.0,0.0,0.0,1.0,0.0
7,205,0.0,12.0,0.0,0.0,0.0,0.0,1.0,0.0
8,205,0.0,12.0,1.0,0.0,0.0,1.0,1.0,0.0
9,205,7.938669420809873,3.8701333649659984,1.0,0.0,1.0,0.0,1.0,0.0
10,205,1.7082045126866323,5.341072738468167,0.0,0.0,1.0,0.0,0.0,1.0
11,205,6.382648507394743,7.995178525030057,1.0,1.0,1.0,1.0,1.0,0.0
12,205,6.715159024573027,1.4247137905145193,0.0,1.0,0.0,0.0,1.0,0.0
13,205,6.820164332324253,12.0,1.0,1.0,1.0,0.0,0.0,0.0
14,205,2.6104208376699813,8.31934683997309,0.0,0.0,1.0,0.0,0.0,0.0
15,205,7.435082666755502,7.160019552925873,0.0,0.0,0.0,0.0,0.0,0.0
16,205,11.323055485143056,0.0,0.0,0.0,1.0,1.0,0.0,0.0
17,205,0.1899983021425918,6.353511283448937,1.0,0.0,1.0,0.0,1.0,0.0
18,205,11.749870176624624,9.091507181134473,1.0,0.0,0.0,0.0,0.0,0.0
19,205,1.8406519546678088,9.765813136337522,0.0,0.0,0.0,0.0,0.0,1.0
0,210,1.0065320662797208,5.672531107085825,0.0,1.0,0.0,1.0,0.0,0.0
1,210,9.48973605658716,6.977075345418075,0.0,1.0,0.0,0.0,0.0,0.0
2,210,2.7636637067929954,8.618825797841884,0.0,0.0,0.0,1.0,1.0,1.0
3,210,9.15182043767934,6.985918394720499,1.0,1.0,0.0,0.0,1.0,1.0
4,210,9.8036893498326,6.478411585869033,0.0,0.0,0.0,0.0,0.0,1.0
5,210,2.531970271898865,7.658806069246624,0.0,0.0,0.0,0.0,0.0,0.0
6,210,1.4848647054071094,9.494213659215845,0.0,0.0,0.0,0.0,1.0,0.0
7,210,0.0,12.0,0.0,0.0,0.0,0.0,1.0,0.0
8,210,0.0,12.0,1.0,0.0,0.0,1.0,1.0,0.0
9,210,7.96598294355959,3.886687930516953,1.0,0.0,1.0,0.0,1.0,0.0
10,210,1.6753640434532309,5.349002326027407,0.0,0.0,1.0,0.0,0.0,1.0
11,210,6.325180987222304,8.081810925299694,1.0,1.0,1.0,1.0,1.0,0.0
12,210,6.647406314480007,1.2964751898628806,0.0,1.0,0.0,0.0,1.0,0.0
13,210,6.828602797135513,12.0,1.0,1.0,1.0,0.0,0.0,0.0
14,210,2.5736278180988377,8.333091663457282,0.0,0.0,1.0,0.0,0.0,0.0
15,210,7.481945799806215,7.272150180267191,0.0,0.0,0.0,0.0,0.0,0.0
16,210,11.406844393472085,0.0,0.0,0.0,1.0,1.0,0.0,0.0
17,210,0.1446773212174441,6.294095265882781,1.0,0.0,1.0,0.0,1.0,0.0
18,210,11.77405240474264,9.092055204747751,1.0,0.0,0.0,0.0,0.0,0.0
19,210,1.5835004614482633,9.76845182020768,0.0,0.0,0.0,0.0,0.0,1.0
0,215,1.1151021533270131,5.575116114733997,0.0,1.0,0.0,1.0,0.0,0.0
1,215,9.452382107038783,7.079637861527897,0.0,1.0,0.0,0.0,0.0,0.0
2,215,2.622259632032105,8.790562204547609,0.0,0.0,0.0,1.0,1.0,1.0
3,215,9.093684169184575,7.014494760090311,1.0,1.0,0.0,0.0,1.0,1.0
4,215,9.672386051344487,6.444710497414478,0.0,0.0,0.0,0.0,0.0,1.0
5,215,2.4969990647049958,7.638417471940545,0.0,0.0,0.0,0.0,0.0,0.0
6,215,1.545047101882678,9.5073136711521,0.0,0.0,0.0,0.0,1.0,0.0
7,215,0.0,12.0,0.0,0.0,0.0,0.0,1.0,0.0
8,215,0.0,12.0,1.0,0.0,0.0,1.0,1.0,0.0
9,215,7.99054571164652,3.901978697398943,1.0,0.0,1.0,0.0,1.0,0.0
10,215,1.649728161776573,5.3549551833171565,0.0,0.0,1.0,0.0,0.0,1.0
11,215,6.277747372206528,8.15391218410232,1.0,1.0,1.0,1.0,1.0,0.0
12,215,6.58182036846375,1.1752777567622623,0.0,1.0,0.0,0.0,1.0,0.0
13,215,6.835978087285565,12.0,1.0,1.0,1.0,0.0,0.0,0.0
14,215,2.5712333729728183,8.333977986491075,0.0,0.0,1.0,0.0,0.0,0.0
15,215,7.524730512668731,7.373259004817392,0.0,0.0,0.0,0.0,0.0,0.0
16,215,11.498728566803496,0.0,0.0,0.0,1.0,1.0,0.0,0.0
17,215,0.1012411966824409,6.237223870162674,1.0,0.0,1.0,0.0,1.0,0.0
18,215,11.817793005828683,9.093940796466867,1.0,0.0,0.0,0.0,0.0,0.0
19,215,1.3215409051236768,9.7764342294168,0.0,0.0,0.0,0.0,0.0,1.0
0,220,1.231378095795292,5.476463079695376,0.0,1.0,0.0,1.0,0.0,0.0
1,220,9.404675886722618,7.196921402589469,0.0,1.0,0.0,0.0,0.0,0.0
2,220,2.46641198537539,8.990006641785344,0.0,0.0,0.0,1.0,1.0,1.0
3,220,9.019513279717922,7.049441952398582,1.0,1.0,0.0,0.0,1.0,1.0
4,220,9.532561361253746,6.409481183459605,0.0,0.0,0.0,0.0,0.0,1.0
5,220,2.495058080074112,7.637261842232167,0.0,0.0,0.0,0.0,0.0,0.0
6,220,1.5869400231238124,9.51676489215444,0.0,0.0,0.0,0.0,1.0,0.0
7,220,0.0,12.0,0.0,0.0,0.0,0.0,1.0,0.0
8,220,0.0,12.0,1.0,0.0,0.0,1.0,1.0,0.0
9,220,8.025235658317447,3.925156910934074,1.0,0.0,1.0,0.0,1.0,0.0
10,220,1.6141927324740264,5.363302642551702,0.0,0.0,1.0,0.0,0.0,1.0
11,220,6.21578734350053,8.253203534489396,1.0,1.0,1.0,1.0,1.0,0.0
12,220,6.515523275792991,1.050288328359233,0.0,1.0,0.0,0.0,1.0,0.0
13,220,6.841266080455666,12.0,1.0,1.0,1.0,0.0,0.0,0.0
14,220,2.5653727852221566,8.336171360077081,0.0,0.0,1.0,0.0,0.0,0.0
15,220,7.567753994689856,7.473148145126676,0.0,0.0,0.0,0.0,0.0,0.0
16,220,11.593902641069926,0.0,0.0,0.0,1.0,1.0,0.0,0.0
17,220,0.0569897219199991,6.178594866416692,1.0,0.0,1.0,0.0,1.0,0.0
18,220,11.840182108236966,9.094914176793624,1.0,0.0,0.0,0.0,0.0,0.0
19,220,1.0476385502656491,9.779775770526593,0.0,0.0,0.0,0.0,0.0,1.0
0,225,1.3530024953627942,5.37507604597207,0.0,1.0,0.0,1.0,0.0,0.0
1,225,9.36004301525582,7.311796642986275,0.0,1.0,0.0,0.0,0.0,0.0
2,225,2.3028053504189003,9.198425964484354,0.0,0.0,0.0,1.0,1.0,1.0
3,225,8.951697689795218,7.083402278390498,1.0,1.0,0.0,0.0,1.0,1.0
4,225,9.39598374724612,6.37041234604044,0.0,0.0,0.0,0.0,0.0,1.0
5,225,2.4912067281179904,7.635083920568757,0.0,0.0,0.0,0.0,0.0,0.0
6,225,1.62920148845834,9.5260412282911,0.0,0.0,0.0,0.0,1.0,0.0
7,225,0.0,12.0,0.0,0.0,0.0,0.0,1.0,0.0
8,225,0.0,12.0,1.0,0.0,0.0,1.0,1.0,0.0
9,225,8.074995532731629,3.9602499150207335,1.0,0.0,1.0,0.0,1.0,0.0
10,225,1.5994673866643787,5.366867385031713,0.0,0.0,1.0,0.0,0.0,1.0
11,225,6.143835791289902,8.37324612443398,1.0,1.0,1.0,1.0,1.0,0.0
12,225,6.427272273045311,0.880754548621774,0.0,1.0,0.0,0.0,1.0,0.0
13,225,6.847782759761665,12.0,1.0,1.0,1.0,0.0,0.0,0.0
14,225,2.570959695480806,8.334153300700049,0.0,0.0,1.0,0.0,0.0,0.0
15,225,7.60795980380582,7.570377617642189,0.0,0.0,0.0,0.0,0.0,0.0
16,225,11.690919780564563,0.0,0.0,0.0,1.0,1.0,0.0,0.0
17,225,0.0136480952600557,6.121510807562848,1.0,0.0,1.0,0.0,1.0,0.0
18,225,11.858559252832816,9.095896686782185,1.0,0.0,0.0,0.0,0.0,0.0
19,225,0.7459684818786041,9.78757663241884,0.0,0.0,0.0,0.0,0.0,1.0
0,230,1.4640170480875438,5.286462367203132,0.0,1.0,0.0,1.0,0.0,0.0
1,230,9.3097564091453,7.449428541218975,0.0,1.0,0.0,0.0,0.0,0.0
2,230,2.168984589992405,9.372128316039758,0.0,0.0,0.0,1.0,1.0,1.0
3,230,8.88095652334748,7.119585487741597,1.0,1.0,0.0,0.0,1.0,1.0
4,230,9.256292952053428,6.327852179139817,0.0,0.0,0.0,0.0,0.0,1.0
5,230,2.5131406726670167,7.646977712244077,0.0,0.0,0.0,0.0,0.0,0.0
6,230,1.6968320919532107,9.54161093350399,0.0,0.0,0.0,0.0,1.0,0.0
7,230,0.0,12.0,0.0,0.0,0.0,0.0,1.0,0.0
8,230,0.0,12.0,1.0,0.0,0.0,1.0,1.0,0.0
9,230,8.122646821940796,3.995595115776312,1.0,0.0,1.0,0.0,1.0,0.0
10,230,1.58289973085006,5.37156553576428,0.0,0.0,1.0,0.0,0.0,1.0
11,230,6.079577622994854,8.4795522292663,1.0,1.0,1.0,1.0,1.0,0.0
12,230,6.343835073514163,0.7146414578332532,0.0,1.0,0.0,0.0,1.0,0.0
13,230,6.857202943582689,12.0,1.0,1.0,1.0,0.0,0.0,0.0
14,230,2.589272155558463,8.327716711462815,0.0,0.0,1.0,0.0,0.0,0.0
15,230,7.647600036906469,7.660579747259738,0.0,0.0,0.0,0.0,0.0,0.0
16,230,11.787727757138658,0.0,0.0,0.0,1.0,1.0,0.0,0.0
17,230,0.0,6.051966434694033,1.0,0.0,1.0,0.0,1.0,0.0
18,230,11.852875744752469,9.095545124596017,1.0,0.0,0.0,0.0,0.0,0.0
19,230,0.4299607390497005,9.796163063566958,0.0,0.0,0.0,0.0,0.0,1.0
0,235,1.5855531612115654,5.187250912354516,0.0,1.0,0.0,1.0,0.0,0.0
1,235,9.25704420291291,7.604737018132421,0.0,1.0,0.0,0.0,0.0,0.0
2,235,2.0364596366254006,9.546449138942736,0.0,0.0,0.0,1.0,1.0,1.0
3,235,8.828120465911406,7.1464078744559405,1.0,1.0,0.0,0.0,1.0,1.0
4,235,9.108845128692344,6.282269531836931,0.0,0.0,0.0,0.0,0.0,1.0
5,235,2.538606708163133,7.66137704731185,0.0,0.0,0.0,0.0,0.0,0.0
6,235,1.7660413313478545,9.558186519355496,0.0,0.0,0.0,0.0,1.0,0.0
7,235,0.0,12.0,0.0,0.0,0.0,0.0,1.0,0.0
8,235,0.0,12.0,1.0,0.0,0.0,1.0,1.0,0.0
9,235,8.157664023001226,4.0214467413470665,1.0,0.0,1.0,0.0,1.0,0.0
10,235,1.5505889762226384,5.380909518635028,0.0,0.0,1.0,0.0,0.0,1.0
11,235,6.024421187110797,8.570047117172905,1.0,1.0,1.0,1.0,1.0,0.0
12,235,6.257315672207368,0.5380081214052268,0.0,1.0,0.0,0.0,1.0,0.0
13,235,6.867087912391142,12.0,1.0,1.0,1.0,0.0,0.0,0.0
14,235,2.627463028881066,8.313148261990337,0.0,0.0,1.0,0.0,0.0,0.0
15,235,7.684479988130834,7.735282095912997,0.0,0.0,0.0,0.0,0.0,0.0
16,235,11.886256267379386,0.0,0.0,0.0,1.0,1.0,0.0,0.0
17,235,0.0,5.977073591262341,1.0,0.0,1.0,0.0,1.0,0.0
18,235,11.853953550321425,9.095599029375338,1.0,0.0,0.0,0.0,0.0,0.0
19,235,0.1002004284706724,9.813550477010306,0.0,0.0,0.0,0.0,0.0,1.0
0,240,1.6868154008065,5.100943119425468,0.0,1.0,0.0,1.0,0.0,0.0
1,240,9.195293306563832,7.783633520863832,0.0,1.0,0.0,0.0,0.0,0.0
2,240,1.9054412967501844,9.721693436535308,0.0,0.0,0.0,1.0,1.0,1.0
3,240,8.755844620045004,7.186030336007672,1.0,1.0,0.0,0.0,1.0,1.0
4,240,8.950306955960244,6.235573982700903,0.0,0.0,0.0,0.0,0.0,1.0
5,240,2.5775134723974715,7.684587581964751,0.0,0.0,0.0,0.0,0.0,0.0
6,240,1.8525869839485,9.581239519225775,0.0,0.0,0.0,0.0,1.0,0.0
7,240,0.0,12.0,0.0,0.0,0.0,0.0,1.0,0.0
8,240,0.0,12.0,1.0,0.0,0.0,1.0,1.0,0.0
9,240,8.195505161403336,4.0479074904338885,1.0,0.0,1.0,0.0,1.0,0.0
10,240,1.5087548458331037,5.393200881174419,0.0,0.0,1.0,0.0,0.0,1.0
11,240,5.973095993503722,8.654366390382652,1.0,1.0,1.0,1.0,1.0,0.0
12,240,6.172391049387364,0.359965620591627,0.0,1.0,0.0,0.0,1.0,0.0
13,240,6.875242851212257,12.0,1.0,1.0,1.0,0.0,0.0,0.0
14,240,2.633114799912288,8.31100400285002,0.0,0.0,1.0,0.0,0.0,0.0
15,240,7.727525748625133,7.822202809314349,0.0,0.0,0.0,0.0,0.0,0.0
16,240,11.978751358558094,0.0,0.0,0.0,1.0,1.0,0.0,0.0
17,240,0.0,5.901192699262083,1.0,0.0,1.0,0.0,1.0,0.0
18,240,11.86340307084181,9.095746901539751,1.0,0.0,0.0,0.0,0.0,0.0
19,240,0.0,9.833395825457712,0.0,0.0,0.0,0.0,0.0,1.0
0,245,1.7786465238790117,5.0202590354989605,0.0,1.0,0.0,1.0,0.0,0.0
1,245,9.131386159106944,7.95936923210605,0.0,1.0,0.0,0.0,0.0,0.0
2,245,1.784618020733163,9.897791226300775,0.0,0.0,0.0,1.0,1.0,1.0
3,245,8.671967671499544,7.233910141896375,1.0,1.0,0.0,0.0,1.0,1.0
4,245,8.8169947567841,6.196458649185421,0.0,0.0,0.0,0.0,0.0,1.0
5,245,2.624120734297032,7.713036679531565,0.0,0.0,0.0,0.0,0.0,0.0
6,245,1.8682281666280585,9.525126175377506,0.0,0.0,0.0,0.0,1.0,0.0
7,245,0.0,12.0,0.0,0.0,0.0,0.0,1.0,0.0
8,245,0.0,12.0,1.0,0.0,0.0,1.0,1.0,0.0
9,245,8.237773348043866,4.076491090410944,1.0,0.0,1.0,0.0,1.0,0.0
10,245,1.4894425989503264,5.398474704292692,0.0,0.0,1.0,0.0,0.0,1.0
11,245,5.899591368348207,8.612414772232777,1.0,1.0,1.0,1.0,1.0,0.0
12,245,6.080448479594174,0.1594141690020824,0.0,1.0,0.0,0.0,1.0,0.0
13,245,6.884370767777335,12.0,1.0,1.0,1.0,0.0,0.0,0.0
14,245,2.628228884601153,8.312805803742732,0.0,0.0,1.0,0.0,0.0,0.0
15,245,7.776243108667032,7.920923671153643,0.0,0.0,0.0,0.0,0.0,0.0
16,245,12.0,0.0,0.0,0.0,1.0,1.0,0.0,0.0
17,245,0.0,5.814130447567111,1.0,0.0,1.0,0.0,1.0,0.0
18,245,11.87018441384657,9.09574713901816,1.0,0.0,0.0,0.0,0.0,0.0
19,245,0.0,9.854180296694224,0.0,0.0,0.0,0.0,0.0,1.0
0,250,1.867336442425103,4.947451210112124,0.0,1.0,0.0,1.0,0.0,0.0
1,250,9.07548228829678,8.117263541164691,0.0,1.0,0.0,0.0,0.0,0.0
2,250,1.6624405552522563,10.069112180775496,0.0,0.0,0.0,1.0,1.0,1.0
3,250,8.574808649534752,7.292129147918539,1.0,1.0,0.0,0.0,1.0,1.0
4,250,8.677579878268913,6.153318541220672,0.0,0.0,0.0,0.0,0.0,1.0
5,250,2.6799288369708547,7.74628767752185,0.0,0.0,0.0,0.0,0.0,0.0
6,250,1.8829441719210591,9.47235570400506,0.0,0.0,0.0,0.0,1.0,0.0
7,250,0.0,12.0,0.0,0.0,0.0,0.0,1.0,0.0
8,250,0.0,12.0,1.0,0.0,0.0,1.0,1.0,0.0
9,250,8.268244031013664,4.0976120821485935,1.0,0.0,1.0,0.0,1.0,0.0
10,250,1.471490085157914,5.403224788438322,0.0,0.0,1.0,0.0,0.0,1.0
11,250,5.856036697754869,8.588423241227366,1.0,1.0,1.0,1.0,1.0,0.0
12,250,5.991712688449955,0.0,0.0,1.0,0.0,0.0,1.0,0.0
13,250,6.891685814738603,12.0,1.0,1.0,1.0,0.0,0.0,0.0
14,250,2.624908487567865,8.314026859198488,0.0,0.0,1.0,0.0,0.0,0.0
15,250,7.82063701340231,8.015308638043713,0.0,0.0,0.0,0.0,0.0,0.0
16,250,12.0,0.0,0.0,0.0,1.0,1.0,0.0,0.0
17,250,0.0,5.736577222585975,1.0,0.0,1.0,0.0,1.0,0.0
18,250,11.872636521848143,9.095748831655484,1.0,0.0,0.0,0.0,0.0,0.0
19,250,0.0,9.874132958478304,0.0,0.0,0.0,0.0,0.0,1.0
0,255,1.9651222839775604,4.8720953289504765,0.0,1.0,0.0,1.0,0.0,0.0
1,255,9.021435954179688,8.274757974181783,0.0,1.0,0.0,0.0,0.0,0.0
2,255,1.5289476273390896,10.251650868596508,0.0,0.0,0.0,1.0,1.0,1.0
3,255,8.48872821014986,7.343146286560361,1.0,1.0,0.0,0.0,1.0,1.0
4,255,8.540277838453953,6.114179611319027,0.0,0.0,0.0,0.0,0.0,1.0
5,255,2.734736120054136,7.777799260842215,0.0,0.0,0.0,0.0,0.0,0.0
6,255,1.8990652012660512,9.413099680287484,0.0,0.0,0.0,0.0,1.0,0.0
7,255,0.0,12.0,0.0,0.0,0.0,0.0,1.0,0.0
8,255,0.0,12.0,1.0,0.0,0.0,1.0,1.0,0.0
9,255,8.306355120838395,4.122918623422957,1.0,0.0,1.0,0.0,1.0,0.0
10,255,1.45920319304144,5.406385858612297,0.0,0.0,1.0,0.0,0.0,1.0
11,255,5.822202229087966,8.569529535403555,1.0,1.0,1.0,1.0,1.0,0.0
12,255,5.911162589956415,0.0,0.0,1.0,0.0,0.0,1.0,0.0
13,255,6.8991785260827205,12.0,1.0,1.0,1.0,0.0,0.0,0.0
14,255,2.619672117242382,8.315943157858102,0.0,0.0,1.0,0.0,0.0,0.0
15,255,7.861963780811899,8.102906250654724,0.0,0.0,0.0,0.0,0.0,0.0
16,255,12.0,0.0,0.0,0.0,1.0,1.0,0.0,0.0
17,255,0.0,5.662634577003834,1.0,0.0,1.0,0.0,1.0,0.0
18,255,11.883556847453674,9.095348300548972,1.0,0.0,0.0,0.0,0.0,0.0
19,255,0.0,9.896881377644258,0.0,0.0,0.0,0.0,0.0,1.0
0,260,2.05944206872156,4.79817107111954,0.0,1.0,0.0,1.0,0.0,0.0
1,260,8.96903959997675,8.42285332625986,0.0,1.0,0.0,0.0,0.0,0.0
2,260,1.3909105807770694,10.434910574614468,0.0,0.0,0.0,1.0,1.0,1.0
3,260,8.405920363790235,7.391629696891171,1.0,1.0,0.0,0.0,1.0,1.0
4,260,8.402341600887675,6.07481480328876,0.0,0.0,0.0,0.0,0.0,1.0
5,260,2.7731099928980742,7.799547639523819,0.0,0.0,0.0,0.0,0.0,0.0
6,260,1.91338660089078,9.362279072841805,0.0,0.0,0.0,0.0,1.0,0.0
7,260,0.0,12.0,0.0,0.0,0.0,0.0,1.0,0.0
8,260,0.0,12.0,1.0,0.0,0.0,1.0,1.0,0.0
9,260,8.330204809422227,4.13821687790992,1.0,0.0,1.0,0.0,1.0,0.0
10,260,1.4817462425181367,5.400796334287612,0.0,0.0,1.0,0.0,0.0,1.0
11,260,5.797183806830534,8.555333829189792,1.0,1.0,1.0,1.0,1.0,0.0
12,260,5.826271146388642,0.0,0.0,1.0,0.0,0.0,1.0,0.0
13,260,7.015447834562536,11.993238893032094,1.0,1.0,1.0,0.0,0.0,0.0
14,260,2.608318880268542,8.319989807093222,0.0,0.0,1.0,0.0,0.0,0.0
15,260,7.899273950097783,8.182475089968381,0.0,0.0,0.0,0.0,0.0,0.0
16,260,12.0,0.0,0.0,0.0,1.0,1.0,0.0,0.0
17,260,0.0,5.5752580935958695,1.0,0.0,1.0,0.0,1.0,0.0
18,260,11.903464564410758,9.095169954387156,1.0,0.0,0.0,0.0,0.0,0.0
19,260,0.0,9.913657266694011,0.0,0.0,0.0,0.0,0.0,1.0
0,265,2.1546926074628368,4.724165327116017,0.0,1.0,0.0,1.0,0.0,0.0
1,265,8.925539002199493,8.554377511485141,0.0,1.0,0.0,0.0,0.0,0.0
2,265,1.252609177155589,10.599801985213324,0.0,0.0,0.0,1.0,1.0,1.0
3,265,8.32717305180883,7.435938251650198,1.0,1.0,0.0,0.0,1.0,1.0
4,265,8.254326194357988,6.029481113249146,0.0,0.0,0.0,0.0,0.0,1.0
5,265,2.810430986030493,7.82095778433321,0.0,0.0,0.0,0.0,0.0,0.0
6,265,1.9292071286453616,9.310040722927306,0.0,0.0,0.0,0.0,1.0,0.0
7,265,0.0,12.0,0.0,0.0,0.0,0.0,1.0,0.0
8,265,0.0,12.0,1.0,0.0,0.0,1.0,1.0,0.0
9,265,8.343355307271729,4.14652429149956,1.0,0.0,1.0,0.0,1.0,0.0
10,265,1.4956571281970603,5.397362209688059,0.0,0.0,1.0,0.0,0.0,1.0
11,265,5.762236350965596,8.535276140083605,1.0,1.0,1.0,1.0,1.0,0.0
12,265,5.740150011562007,0.0,0.0,1.0,0.0,0.0,1.0,0.0
13,265,7.120973883394815,11.988496457949198,1.0,1.0,1.0,0.0,0.0,0.0
14,265,2.6050163897861536,8.32114801306395,0.0,0.0,1.0,0.0,0.0,0.0
15,265,7.930565784538957,8.248667001962376,0.0,0.0,0.0,0.0,0.0,0.0
16,265,12.0,0.0,0.0,0.0,1.0,1.0,0.0,0.0
17,265,0.0,5.499673457578621,1.0,0.0,1.0,0.0,1.0,0.0
18,265,11.92670998281535,9.094102300946684,1.0,0.0,0.0,0.0,0.0,0.0
19,265,0.0,9.928022722961105,0.0,0.0,0.0,0.0,0.0,1.0
0,270,2.2474347874458567,4.650008920847615,0.0,1.0,0.0,1.0,0.0,0.0
1,270,9.044076558415655,8.600121001379586,0.0,1.0,0.0,0.0,0.0,0.0
2,270,1.1113856057767726,10.775893237094571,0.0,0.0,0.0,1.0,1.0,1.0
3,270,8.247169799469013,7.482629335419117,1.0,1.0,0.0,0.0,1.0,1.0
4,270,8.128597109247469,5.9952404889719,0.0,0.0,0.0,0.0,0.0,1.0
5,270,2.8626555833651235,7.852563836000297,0.0,0.0,0.0,0.0,0.0,0.0
6,270,1.9497879536612384,9.24414062328469,0.0,0.0,0.0,0.0,1.0,0.0
7,270,0.0,12.0,0.0,0.0,0.0,0.0,1.0,0.0
8,270,0.0,12.0,1.0,0.0,0.0,1.0,1.0,0.0
9,270,8.384705552073992,4.172982635102964,1.0,0.0,1.0,0.0,1.0,0.0
10,270,1.513522872487258,5.392811693900464,0.0,0.0,1.0,0.0,0.0,1.0
11,270,5.735659365144237,8.51985237519141,1.0,1.0,1.0,1.0,1.0,0.0
12,270,5.663306309590722,0.0,0.0,1.0,0.0,0.0,1.0,0.0
13,270,7.243216427901623,11.98081255258582,1.0,1.0,1.0,0.0,0.0,0.0
14,270,2.5982079916048177,8.323582801791117,0.0,0.0,1.0,0.0,0.0,0.0
15,270,7.970028867690839,8.333732268990973,0.0,0.0,0.0,0.0,0.0,0.0
16,270,12.0,0.0,0.0,0.0,1.0,1.0,0.0,0.0
17,270,0.0,5.422079844804156,1.0,0.0,1.0,0.0,1.0,0.0
18,270,11.942590801490107,9.093341258546086,1.0,0.0,0.0,0.0,0.0,0.0
19,270,0.0,9.936150857119411,0.0,0.0,0.0,0.0,0.0,1.0
0,275,2.331831819029836,4.580431323783968,0.0,1.0,0.0,1.0,0.0,0.0
1,275,9.161817749165484,8.647751488454873,0.0,1.0,0.0,0.0,0.0,0.0
2,275,0.9661040228648016,10.943372904202583,0.0,0.0,0.0,1.0,1.0,1.0
3,275,8.182566784699333,7.521065546710832,1.0,1.0,0.0,0.0,1.0,1.0
4,275,8.019925919018975,5.961501111545515,0.0,0.0,0.0,0.0,0.0,1.0
5,275,2.9204580243257783,7.888539298511239,0.0,0.0,0.0,0.0,0.0,0.0
6,275,1.9702002431273853,9.176279586860224,0.0,0.0,0.0,0.0,1.0,0.0
7,275,0.0,12.0,0.0,0.0,0.0,0.0,1.0,0.0
8,275,0.0,12.0,1.0,0.0,0.0,1.0,1.0,0.0
9,275,8.43081322244101,4.201170776062723,1.0,0.0,1.0,0.0,1.0,0.0
10,275,1.5402421949834884,5.385532785239706,0.0,0.0,1.0,0.0,0.0,1.0
11,275,5.70734909519575,8.503462648145131,1.0,1.0,1.0,1.0,1.0,0.0
12,275,5.579352896885539,0.0,0.0,1.0,0.0,0.0,1.0,0.0
13,275,7.35537029992491,11.972154880362734,1.0,1.0,1.0,0.0,0.0,0.0
14,275,2.5737830718722847,8.332612640046387,0.0,0.0,1.0,0.0,0.0,0.0
15,275,8.007023257077053,8.408992368696486,0.0,0.0,0.0,0.0,0.0,0.0
16,275,12.0,0.0,0.0,0.0,1.0,1.0,0.0,0.0
17,275,0.0,5.3254280366819176,1.0,0.0,1.0,0.0,1.0,0.0
18,275,11.950272128982736,9.092737046461531,1.0,0.0,0.0,0.0,0.0,0.0
19,275,0.0,9.943369270719144,0.0,0.0,0.0,0.0,0.0,1.0
0,280,2.435864259602861,4.5004393366974185,0.0,1.0,0.0,1.0,0.0,0.0
1,280,9.281490405045163,8.69556534284203,0.0,1.0,0.0,0.0,0.0,0.0
2,280,0.8112843871784196,11.120251173849985,0.0,0.0,0.0,1.0,1.0,1.0
3,280,8.107040795494914,7.568895342033206,1.0,1.0,0.0,0.0,1.0,1.0
4,280,7.933918513272165,5.932754943175249,0.0,0.0,0.0,0.0,0.0,1.0
5,280,2.975947894495345,7.922981124084532,0.0,0.0,0.0,0.0,0.0,0.0
6,280,1.9866742106685749,9.121866491892144,0.0,0.0,0.0,0.0,1.0,0.0
7,280,0.0,12.0,0.0,0.0,0.0,0.0,1.0,0.0
8,280,0.0,12.0,1.0,0.0,0.0,1.0,1.0,0.0
9,280,8.497229528808626,4.243652617055158,1.0,0.0,1.0,0.0,1.0,0.0
10,280,1.564960836159582,5.378356356053486,0.0,0.0,1.0,0.0,0.0,1.0
11,280,5.681030635574031,8.488260515778936,1.0,1.0,1.0,1.0,1.0,0.0
12,280,5.498698053837535,0.0,0.0,1.0,0.0,0.0,1.0,0.0
13,280,7.478375710523851,11.961529488611696,1.0,1.0,1.0,0.0,0.0,0.0
14,280,2.5432976276878687,8.343942033293363,0.0,0.0,1.0,0.0,0.0,0.0
15,280,8.058318630012751,8.505716386702103,0.0,0.0,0.0,0.0,0.0,0.0
16,280,12.0,0.0,0.0,0.0,1.0,1.0,0.0,0.0
17,280,0.0,5.21908048955302,1.0,0.0,1.0,0.0,1.0,0.0
18,280,11.958277679507246,9.092154363880825,1.0,0.0,0.0,0.0,0.0,0.0
19,280,0.0,9.942418536257692,0.0,0.0,0.0,0.0,0.0,1.0
0,285,2.5478084927202524,4.412404531656762,0.0,1.0,0.0,1.0,0.0,0.0
1,285,9.396189740397372,8.74059192056749,0.0,1.0,0.0,0.0,0.0,0.0
2,285,0.6466962384564496,11.313327546863764,0.0,0.0,0.0,1.0,1.0,1.0
3,285,8.0224982029679,7.619758529181355,1.0,1.0,0.0,0.0,1.0,1.0
4,285,7.824289373529702,5.899196930965654,0.0,0.0,0.0,0.0,0.0,1.0
5,285,3.0224669269685656,7.950625837557077,0.0,0.0,0.0,0.0,0.0,0.0
6,285,2.005888209250398,9.059085803808198,0.0,0.0,0.0,0.0,1.0,0.0
7,285,0.0,12.0,0.0,0.0,0.0,0.0,1.0,0.0
8,285,0.0,12.0,1.0,0.0,0.0,1.0,1.0,0.0
9,285,8.563835920390623,4.286554316009476,1.0,0.0,1.0,0.0,1.0,0.0
10,285,1.596882088861285,5.368769771882411,0.0,0.0,1.0,0.0,0.0,1.0
11,285,5.6548279520755385,8.47333721073479,1.0,1.0,1.0,1.0,1.0,0.0
12,285,5.417112026958786,0.0,0.0,1.0,0.0,0.0,1.0,0.0
13,285,7.576476123901645,11.954780706025277,1.0,1.0,1.0,0.0,0.0,0.0
14,285,2.516108735715499,8.353498649164449,0.0,0.0,1.0,0.0,0.0,0.0
15,285,8.112028359556886,8.608031025994798,0.0,0.0,0.0,0.0,0.0,0.0
16,285,12.0,0.0,0.0,0.0,1.0,1.0,0.0,0.0
17,285,0.0,5.121626376593083,1.0,0.0,1.0,0.0,1.0,0.0
18,285,11.962966545677762,9.091805229298206,1.0,0.0,0.0,0.0,0.0,0.0
19,285,0.0,9.938779909993976,0.0,0.0,0.0,0.0,0.0,1.0
0,290,2.667796711613771,4.322353033342144,0.0,1.0,0.0,1.0,0.0,0.0
1,290,9.521040405271052,8.789818719714164,0.0,1.0,0.0,0.0,0.0,0.0
2,290,0.4789629619224677,11.511221471374045,0.0,0.0,0.0,1.0,1.0,1.0
3,290,7.936528710520659,7.670057309353282,1.0,1.0,0.0,0.0,1.0,1.0
4,290,7.72353530015807,5.866471113357307,0.0,0.0,0.0,0.0,0.0,1.0
5,290,3.0678780979890443,7.977742509884502,0.0,0.0,0.0,0.0,0.0,0.0
6,290,2.024304519207281,9.001839391978404,0.0,0.0,0.0,0.0,1.0,0.0
7,290,0.0,12.0,0.0,0.0,0.0,0.0,1.0,0.0
8,290,0.0,12.0,1.0,0.0,0.0,1.0,1.0,0.0
9,290,8.632930755381665,4.330293188611615,1.0,0.0,1.0,0.0,1.0,0.0
10,290,1.6335875125531116,5.357685204325622,0.0,0.0,1.0,0.0,0.0,1.0
11,290,5.622197278837302,8.45430920077502,1.0,1.0,1.0,1.0,1.0,0.0
12,290,5.32910086772864,0.0,0.0,1.0,0.0,0.0,1.0,0.0
13,290,7.689870319329277,11.945424511053762,1.0,1.0,1.0,0.0,0.0,0.0
14,290,2.5031282042957548,8.35769968249385,0.0,0.0,1.0,0.0,0.0,0.0
15,290,8.160864099548535,8.706275567343795,0.0,0.0,0.0,0.0,0.0,0.0
16,290,12.0,0.0,0.0,0.0,1.0,1.0,0.0,0.0
17,290,0.0,5.01479665512022,1.0,0.0,1.0,0.0,1.0,0.0
18,290,11.964374460267836,9.091700532269234,1.0,0.0,0.0,0.0,0.0,0.0
19,290,0.0,9.938999996436028,0.0,0.0,0.0,0.0,0.0,1.0
0,295,2.7707335818766867,4.243448453190855,0.0,1.0,0.0,1.0,0.0,0.0
1,295,9.652167254479156,8.844216195157788,0.0,1.0,0.0,0.0,0.0,0.0
2,295,0.3106290830405648,11.70662986699248,0.0,0.0,0.0,1.0,1.0,1.0
3,295,7.843788360000933,7.723981437430585,1.0,1.0,0.0,0.0,1.0,1.0
4,295,7.623209075156016,5.834891338286552,0.0,0.0,0.0,0.0,0.0,1.0
5,295,3.112682418249173,8.004080756919077,0.0,0.0,0.0,0.0,0.0,0.0
6,295,2.041286119405473,8.942515683778336,0.0,0.0,0.0,0.0,1.0,0.0
7,295,0.0,12.0,0.0,0.0,0.0,0.0,1.0,0.0
8,295,0.0,12.0,1.0,0.0,0.0,1.0,1.0,0.0
9,295,8.69864420664155,4.370635583219876,1.0,0.0,1.0,0.0,1.0,0.0
10,295,1.6617137743417598,5.349550216039475,0.0,0.0,1.0,0.0,0.0,1.0
11,295,5.601792718222594,8.44185654286057,1.0,1.0,1.0,1.0,1.0,0.0
12,295,5.238891108297673,0.0,0.0,1.0,0.0,0.0,1.0,0.0
13,295,7.8130290873845745,11.937993234344198,1.0,1.0,1.0,0.0,0.0,0.0
14,295,2.483778049416764,8.364391153237744,0.0,0.0,1.0,0.0,0.0,0.0
15,295,8.205199016895444,8.793517271190494,0.0,0.0,0.0,0.0,0.0,0.0
16,295,12.0,0.0,0.0,0.0,1.0,1.0,0.0,0.0
17,295,0.0,4.927435079847618,1.0,0.0,1.0,0.0,1.0,0.0
18,295,11.937555862852696,9.093777551656432,1.0,0.0,0.0,0.0,0.0,0.0
19,295,0.0,9.93557744222179,0.0,0.0,0.0,0.0,0.0,1.0
