0,0,6.017152572450397,3.043220482477993,0.0,0.0,1.0,0.0,0.0,0.0
1,0,5.94850858342911,5.012359290600502,1.0,0.0,0.0,1.0,0.0,1.0
2,0,6.053930895453278,2.9752156992384884,1.0,1.0,0.0,0.0,0.0,0.0
3,0,0.0,1.963741657780407,1.0,0.0,0.0,1.0,0.0,1.0
4,0,2.0606468457920437,7.968378639291781,0.0,0.0,0.0,0.0,0.0,1.0
5,0,11.948582655407275,8.04045574650205,0.0,0.0,0.0,0.0,0.0,0.0
6,0,1.9921783218942275,9.957646767795842,1.0,0.0,0.0,1.0,1.0,0.0
7,0,3.9671529369886778,11.032370573686332,0.0,1.0,0.0,1.0,0.0,1.0
8,0,0.0,10.978312383078933,1.0,0.0,1.0,1.0,1.0,0.0
9,0,9.994556388592777,0.9542852675347376,0.0,1.0,0.0,0.0,1.0,0.0
10,0,7.963819941938327,9.064213353252176,1.0,1.0,0.0,1.0,0.0,0.0
11,0,12.0,11.99395354782555,0.0,1.0,0.0,0.0,0.0,0.0
12,0,5.956947051253239,9.035143939859994,0.0,0.0,0.0,1.0,1.0,0.0
13,0,11.978076153766898,12.0,0.0,0.0,1.0,0.0,0.0,1.0
14,0,3.9561071857384977,6.994324268951075,0.0,0.0,1.0,1.0,0.0,1.0
15,0,0.0,10.963101211313903,0.0,1.0,0.0,0.0,0.0,1.0
16,0,3.088104573413008,4.979914435207142,0.0,0.0,0.0,0.0,1.0,1.0
17,0,10.004734562034336,0.0675462278613561,0.0,1.0,1.0,0.0,0.0,0.0
18,0,11.949802626417316,4.964765127564623,0.0,0.0,1.0,0.0,1.0,1.0
19,0,3.9800938834898103,4.039742672725737,0.0,0.0,1.0,1.0,0.0,0.0
0,5,6.035262974442388,3.090657477533512,0.0,0.0,1.0,0.0,0.0,0.0
1,5,5.88360853929874,5.027026896511663,1.0,0.0,0.0,1.0,0.0,1.0
2,5,6.110198129861883,2.9514863085749963,1.0,1.0,0.0,0.0,0.0,0.0
3,5,0.0,1.9328052283631392,1.0,0.0,0.0,1.0,0.0,1.0
4,5,2.122926893011316,7.935046197222884,0.0,0.0,0.0,0.0,0.0,1.0
5,5,11.870160178928204,8.107777530011067,0.0,0.0,0.0,0.0,0.0,0.0
6,5,2.020251371535401,9.95326106372361,1.0,0.0,0.0,1.0,1.0,0.0
7,5,3.933810556301809,11.064617901354293,0.0,1.0,0.0,1.0,0.0,1.0
8,5,0.0,10.960480003947028,1.0,0.0,1.0,1.0,1.0,0.0
9,5,9.989575563722632,0.906227561532118,0.0,1.0,0.0,0.0,1.0,0.0
10,5,7.926051104033291,9.12691018103483,1.0,1.0,0.0,1.0,0.0,0.0
11,5,12.0,11.987964179255668,0.0,1.0,0.0,0.0,0.0,0.0
12,5,5.938670594036746,9.050155630481669,0.0,0.0,0.0,1.0,1.0,0.0
13,5,11.957011199842446,12.0,0.0,0.0,1.0,0.0,0.0,1.0
14,5,3.894378707092779,6.986544991470304,0.0,0.0,1.0,1.0,0.0,1.0
15,5,0.0,10.915855946226062,0.0,1.0,0.0,0.0,0.0,1.0
16,5,3.1721702205713065,4.9613736190117335,0.0,0.0,0.0,0.0,1.0,1.0
17,5,10.010350708309918,0.1293164483912108,0.0,1.0,1.0,0.0,0.0,0.0
18,5,11.902011228960149,4.931309018496408,0.0,0.0,1.0,0.0,1.0,1.0
19,5,3.960421970374952,4.0789263013021495,0.0,0.0,1.0,1.0,0.0,0.0
0,10,6.057288197793186,3.150212884630208,0.0,0.0,1.0,0.0,0.0,0.0
1,10,5.808967077649245,5.044236266915612,1.0,0.0,0.0,1.0,0.0,1.0
2,10,6.1676787722435975,2.9261625925855568,1.0,1.0,0.0,0.0,0.0,0.0
3,10,0.0,1.9062402486034355,1.0,0.0,0.0,1.0,0.0,1.0
4,10,2.1970084172873308,7.8961977622128225,0.0,0.0,0.0,0.0,0.0,1.0
5,10,11.79018107805352,8.171921481996282,0.0,0.0,0.0,0.0,0.0,0.0
6,10,2.042684285102053,9.949877090985543,1.0,0.0,0.0,1.0,1.0,0.0
7,10,3.900341946316364,11.09740594974562,0.0,1.0,0.0,1.0,0.0,1.0
8,10,0.0,10.93930233520815,1.0,0.0,1.0,1.0,1.0,0.0
9,10,9.983252982894289,0.8480783976513994,0.0,1.0,0.0,0.0,1.0,0.0
10,10,7.878965338143349,9.201770484254636,1.0,1.0,0.0,1.0,0.0,0.0
11,10,12.0,11.981391926319262,0.0,1.0,0.0,0.0,0.0,0.0
12,10,5.920245623162032,9.064727351821212,0.0,0.0,0.0,1.0,1.0,0.0
13,10,11.94329637885548,12.0,0.0,0.0,1.0,0.0,0.0,1.0
14,10,3.8209898554858,6.976991810714801,0.0,0.0,1.0,1.0,0.0,1.0
15,10,0.0,10.866618872566304,0.0,1.0,0.0,0.0,0.0,1.0
16,10,3.255253612382885,4.941746922196224,0.0,0.0,0.0,0.0,1.0,1.0
17,10,10.015103168272615,0.1837348303981558,0.0,1.0,1.0,0.0,0.0,0.0
18,10,11.848450495599572,4.894034920943229,0.0,0.0,1.0,0.0,1.0,1.0
19,10,3.9378179447425192,4.125212921870677,0.0,0.0,1.0,1.0,0.0,0.0
0,15,6.083150962073849,3.219454023189168,0.0,0.0,1.0,0.0,0.0,0.0
1,15,5.7445623855637455,5.057967176715265,1.0,0.0,0.0,1.0,0.0,1.0
2,15,6.219013330801051,2.9031698409294004,1.0,1.0,0.0,0.0,0.0,0.0
3,15,0.0,1.8973806670768685,1.0,0.0,0.0,1.0,0.0,1.0
4,15,2.264503460309192,7.861841544223198,0.0,0.0,0.0,0.0,0.0,1.0
5,15,11.71064031583387,8.235077463868906,0.0,0.0,0.0,0.0,0.0,0.0
6,15,2.0762656242467976,9.943597241719562,1.0,0.0,0.0,1.0,1.0,0.0
7,15,3.893998422685649,11.103970258698377,0.0,1.0,0.0,1.0,0.0,1.0
8,15,0.0,10.908741220908428,1.0,0.0,1.0,1.0,1.0,0.0
9,15,9.979895255870147,0.8075139318434233,0.0,1.0,0.0,0.0,1.0,0.0
10,15,7.830226176518899,9.28106466765462,1.0,1.0,0.0,1.0,0.0,0.0
11,15,12.0,11.978002442173482,0.0,1.0,0.0,0.0,0.0,0.0
12,15,5.898112820924705,9.082148412395536,0.0,0.0,0.0,1.0,1.0,0.0
13,15,11.928611357550624,12.0,0.0,0.0,1.0,0.0,0.0,1.0
14,15,3.750510649481895,6.966469351591416,0.0,0.0,1.0,1.0,0.0,1.0
15,15,0.0,10.812657732513346,0.0,1.0,0.0,0.0,0.0,1.0
16,15,3.314779328490244,4.929273919408934,0.0,0.0,0.0,0.0,1.0,1.0
17,15,10.021258433001618,0.2539605468654997,0.0,1.0,1.0,0.0,0.0,0.0
18,15,11.774842437463429,4.842384120684572,0.0,0.0,1.0,0.0,1.0,1.0
19,15,3.9228857738992224,4.156079172918401,0.0,0.0,1.0,1.0,0.0,0.0
0,20,6.113413238704576,3.3018126693631964,0.0,0.0,1.0,0.0,0.0,0.0
1,20,5.689364021634283,5.067494509119829,1.0,0.0,0.0,1.0,0.0,1.0
2,20,6.276888284688912,2.876480203492018,1.0,1.0,0.0,0.0,0.0,0.0
3,20,0.0008139971916766,1.9001488325323048,1.0,0.0,0.0,1.0,0.0,1.0
4,20,2.3327807608093774,7.829272356185567,0.0,0.0,0.0,0.0,0.0,1.0
5,20,11.645846336137684,8.287116976028228,0.0,0.0,0.0,0.0,0.0,0.0
6,20,2.077527386364261,9.943352167408255,1.0,0.0,0.0,1.0,1.0,0.0
7,20,3.899693332089476,11.098004286974604,0.0,1.0,0.0,1.0,0.0,1.0
8,20,0.0,10.880956018511656,1.0,0.0,1.0,1.0,1.0,0.0
9,20,9.97705791331798,0.7671482591285472,0.0,1.0,0.0,0.0,1.0,0.0
10,20,7.791503861216664,9.34234394633821,1.0,1.0,0.0,1.0,0.0,0.0
11,20,12.0,11.974414232675867,0.0,1.0,0.0,0.0,0.0,0.0
12,20,5.884383987329431,9.09246897366826,0.0,0.0,0.0,1.0,1.0,0.0
13,20,11.91108721885526,12.0,0.0,0.0,1.0,0.0,0.0,1.0
14,20,3.6681450042611297,6.953803927750915,0.0,0.0,1.0,1.0,0.0,1.0
15,20,0.0,10.741894022419183,0.0,1.0,0.0,0.0,0.0,1.0
16,20,3.390762069012468,4.914133740598413,0.0,0.0,0.0,0.0,1.0,1.0
17,20,10.027313548596062,0.3255431336339993,0.0,1.0,1.0,0.0,0.0,0.0
18,20,11.692754425928488,4.789466733388867,0.0,0.0,1.0,0.0,1.0,1.0
19,20,3.9173995187477706,4.1668741362800255,0.0,0.0,1.0,1.0,0.0,0.0
0,25,6.150679325142509,3.4011136254022563,0.0,0.0,1.0,0.0,0.0,0.0
1,25,5.651947093981829,5.073789395482661,1.0,0.0,0.0,1.0,0.0,1.0
2,25,6.332224220028545,2.850576747254924,1.0,1.0,0.0,0.0,0.0,0.0
3,25,0.0,1.8872535452434775,1.0,0.0,0.0,1.0,0.0,1.0
4,25,2.404298087951008,7.794044239360278,0.0,0.0,0.0,0.0,0.0,1.0
5,25,11.592133473156029,8.330322502234065,0.0,0.0,0.0,0.0,0.0,0.0
6,25,2.0958378423788644,9.93987155966154,1.0,0.0,0.0,1.0,1.0,0.0
7,25,3.89581584043006,11.102091425760335,0.0,1.0,0.0,1.0,0.0,1.0
8,25,0.0,10.85121341819939,1.0,0.0,1.0,1.0,1.0,0.0
9,25,9.975590220379354,0.7432130798801722,0.0,1.0,0.0,0.0,1.0,0.0
10,25,7.762984368689108,9.385543004545756,1.0,1.0,0.0,1.0,0.0,0.0
11,25,12.0,11.97349666935586,0.0,1.0,0.0,0.0,0.0,0.0
12,25,5.871019715384288,9.101794087359112,0.0,0.0,0.0,1.0,1.0,0.0
13,25,11.895412627146978,12.0,0.0,0.0,1.0,0.0,0.0,1.0
14,25,3.588280130206318,6.9380409642514485,0.0,0.0,1.0,1.0,0.0,1.0
15,25,0.0,10.649641077634506,0.0,1.0,0.0,0.0,0.0,1.0
16,25,3.4870097800639512,4.891783751914631,0.0,0.0,0.0,0.0,1.0,1.0
17,25,10.03268241096752,0.3854494995780342,0.0,1.0,1.0,0.0,0.0,0.0
18,25,11.60847292762796,4.735609878124368,0.0,0.0,1.0,0.0,1.0,1.0
19,25,3.9174381003814567,4.166796828969464,0.0,0.0,1.0,1.0,0.0,0.0
0,30,6.194071014716407,3.517524997098622,0.0,0.0,1.0,0.0,0.0,0.0
1,30,5.612749288900685,5.078937673678056,1.0,0.0,0.0,1.0,0.0,1.0
2,30,6.407925200910989,2.817352422895501,1.0,1.0,0.0,0.0,0.0,0.0
3,30,3.816710976668054e-05,1.8873838059630104,1.0,0.0,0.0,1.0,0.0,1.0
4,30,2.474490464457986,7.760887267636234,0.0,0.0,0.0,0.0,0.0,1.0
5,30,11.535599414375197,8.378118086839761,0.0,0.0,0.0,0.0,0.0,0.0
6,30,2.087653183767666,9.941423528383725,1.0,0.0,0.0,1.0,1.0,0.0
7,30,3.886226386112457,11.112074816623974,0.0,1.0,0.0,1.0,0.0,1.0
8,30,0.0,10.820711663966335,1.0,0.0,1.0,1.0,1.0,0.0
9,30,9.97414556849798,0.7212626942907135,0.0,1.0,0.0,0.0,1.0,0.0
10,30,7.728846426884169,9.437669636809304,1.0,1.0,0.0,1.0,0.0,0.0
11,30,11.994845630680958,11.974299966972875,0.0,1.0,0.0,0.0,0.0,0.0
12,30,5.8549461499549365,9.11354600751086,0.0,0.0,0.0,1.0,1.0,0.0
13,30,11.887315211421845,12.0,0.0,0.0,1.0,0.0,0.0,1.0
14,30,3.511362507914713,6.9234700047996585,0.0,0.0,1.0,1.0,0.0,1.0
15,30,0.0,10.567321499488068,0.0,1.0,0.0,0.0,0.0,1.0
16,30,3.577875943121079,4.869464930228497,0.0,0.0,0.0,0.0,1.0,1.0
17,30,10.037321889786265,0.4419158591548864,0.0,1.0,1.0,0.0,0.0,0.0
18,30,11.537966224786004,4.691273117513032,0.0,0.0,1.0,0.0,1.0,1.0
19,30,3.917652440187805,4.1663741840048125,0.0,0.0,1.0,1.0,0.0,0.0
0,35,6.241254144535445,3.639603004444104,0.0,0.0,1.0,0.0,0.0,0.0
1,35,5.578351312138034,5.083499428632583,1.0,0.0,0.0,1.0,0.0,1.0
2,35,6.492109001033193,2.7817707680996007,1.0,1.0,0.0,0.0,0.0,0.0
3,35,0.0,1.882034825092074,1.0,0.0,0.0,1.0,0.0,1.0
4,35,2.532337870600912,7.731537058238933,0.0,0.0,0.0,0.0,0.0,1.0
5,35,11.488936884707648,8.418538350837158,0.0,0.0,0.0,0.0,0.0,0.0
6,35,2.0843189668363773,9.942052483644128,1.0,0.0,0.0,1.0,1.0,0.0
7,35,3.8751229320203255,11.123498087542734,0.0,1.0,0.0,1.0,0.0,1.0
8,35,0.0,10.784957048779573,1.0,0.0,1.0,1.0,1.0,0.0
9,35,9.973979389877236,0.7166767865796482,0.0,1.0,0.0,0.0,1.0,0.0
10,35,7.6984630082059695,9.483673171344984,1.0,1.0,0.0,1.0,0.0,0.0
11,35,11.978663719552154,11.976597726078678,0.0,1.0,0.0,0.0,0.0,0.0
12,35,5.834678721937087,9.128090453017226,0.0,0.0,0.0,1.0,1.0,0.0
13,35,11.872875198771927,12.0,0.0,0.0,1.0,0.0,0.0,1.0
14,35,3.423878793386779,6.9050556591547565,0.0,0.0,1.0,1.0,0.0,1.0
15,35,0.0,10.48313126178002,0.0,1.0,0.0,0.0,0.0,1.0
16,35,3.6981087117329294,4.837918400260449,0.0,0.0,0.0,0.0,1.0,1.0
17,35,10.0410092215344,0.4786242767869419,0.0,1.0,1.0,0.0,0.0,0.0
18,35,11.460475042498274,4.642612988043123,0.0,0.0,1.0,0.0,1.0,1.0
19,35,3.920287184045194,4.160999955834905,0.0,0.0,1.0,1.0,0.0,0.0
0,40,6.28324557087989,3.7527234483200327,0.0,0.0,1.0,0.0,0.0,0.0
1,40,5.574789228678332,5.055690636601196,1.0,0.0,0.0,1.0,0.0,1.0
2,40,6.555614587869769,2.754336895728584,1.0,1.0,0.0,0.0,0.0,0.0
3,40,0.0,1.8644425585425084,1.0,0.0,0.0,1.0,0.0,1.0
4,40,2.582176136410039,7.707202149703811,0.0,0.0,0.0,0.0,0.0,1.0
5,40,11.43808146532406,8.462485094359979,0.0,0.0,0.0,0.0,0.0,0.0
6,40,2.079081849486252,9.942919607925443,1.0,0.0,0.0,1.0,1.0,0.0
7,40,3.861946370767963,11.13764480644603,0.0,1.0,0.0,1.0,0.0,1.0
8,40,0.0,10.747707512790155,1.0,0.0,1.0,1.0,1.0,0.0
9,40,9.974344118067425,0.7302965038082956,0.0,1.0,0.0,0.0,1.0,0.0
10,40,7.651106841169648,9.557141777476348,1.0,1.0,0.0,1.0,0.0,0.0
11,40,11.961525915682016,11.978895247565768,0.0,1.0,0.0,0.0,0.0,0.0
12,40,5.823437587302204,9.135660581167777,0.0,0.0,0.0,1.0,1.0,0.0
13,40,11.853321241745643,12.0,0.0,0.0,1.0,0.0,0.0,1.0
14,40,3.3242608821500674,6.888012992870761,0.0,0.0,1.0,1.0,0.0,1.0
15,40,0.0,10.408591078956515,0.0,1.0,0.0,0.0,0.0,1.0
16,40,3.813586603008264,4.804888751860121,0.0,0.0,0.0,0.0,1.0,1.0
17,40,10.044947925343193,0.5198658062953831,0.0,1.0,1.0,0.0,0.0,0.0
18,40,11.375045238996083,4.590057481265654,0.0,0.0,1.0,0.0,1.0,1.0
19,40,3.9154895218454855,4.17087191512329,0.0,0.0,1.0,1.0,0.0,0.0
0,45,6.328073180414121,3.8836213692043855,0.0,0.0,1.0,0.0,0.0,0.0
1,45,5.570320226073811,5.025248848624797,1.0,0.0,0.0,1.0,0.0,1.0
2,45,6.603764850426149,2.7354599940203936,1.0,1.0,0.0,0.0,0.0,0.0
3,45,0.0,1.8425172003650985,1.0,0.0,0.0,1.0,0.0,1.0
4,45,2.623640550541332,7.686728742458969,0.0,0.0,0.0,0.0,0.0,1.0
5,45,11.380009870639304,8.514295154227499,0.0,0.0,0.0,0.0,0.0,0.0
6,45,2.072681167201807,9.944044985293909,1.0,0.0,0.0,1.0,1.0,0.0
7,45,3.84753024518903,11.125160123683887,0.0,1.0,0.0,1.0,0.0,1.0
8,45,0.0,10.711025587210866,1.0,0.0,1.0,1.0,1.0,0.0
9,45,9.974276167246126,0.7248423369245948,0.0,1.0,0.0,0.0,1.0,0.0
10,45,7.602525752733868,9.629717199406574,1.0,1.0,0.0,1.0,0.0,0.0
11,45,11.930568827079282,11.983034115834348,0.0,1.0,0.0,0.0,0.0,0.0
12,45,5.80186607935327,9.150494118918145,0.0,0.0,0.0,1.0,1.0,0.0
13,45,11.83159279902041,12.0,0.0,0.0,1.0,0.0,0.0,1.0
14,45,3.213062186518628,6.868823632697139,0.0,0.0,1.0,1.0,0.0,1.0
15,45,0.0,10.323915401666094,0.0,1.0,0.0,0.0,0.0,1.0
16,45,3.922630232088028,4.767737550836763,0.0,0.0,0.0,0.0,1.0,1.0
17,45,10.047892849740975,0.546045599990054,0.0,1.0,1.0,0.0,0.0,0.0
18,45,11.306439706739589,4.544491812638766,0.0,0.0,1.0,0.0,1.0,1.0
19,45,3.895626128710764,4.161228005633679,0.0,0.0,1.0,1.0,0.0,0.0
0,50,6.373331244983179,4.023843968902802,0.0,0.0,1.0,0.0,0.0,0.0
1,50,5.566427822712469,5.003964570238905,1.0,0.0,0.0,1.0,0.0,1.0
2,50,6.634271944102127,2.723956169386322,1.0,1.0,0.0,0.0,0.0,0.0
3,50,0.0,1.832120187213976,1.0,0.0,0.0,1.0,0.0,1.0
4,50,2.660374241476009,7.6690344584363315,0.0,0.0,0.0,0.0,0.0,1.0
5,50,11.322449360212024,8.565562243276823,0.0,0.0,0.0,0.0,0.0,0.0
6,50,2.0641839885929034,9.945505572057725,1.0,0.0,0.0,1.0,1.0,0.0
7,50,3.8327596685951386,11.112307323257458,0.0,1.0,0.0,1.0,0.0,1.0
8,50,0.0,10.66838928625822,1.0,0.0,1.0,1.0,1.0,0.0
9,50,9.974088583199672,0.7167523420252133,0.0,1.0,0.0,0.0,1.0,0.0
10,50,7.550497243470063,9.712631891656876,1.0,1.0,0.0,1.0,0.0,0.0
11,50,11.908139323904612,11.986256012039364,0.0,1.0,0.0,0.0,0.0,0.0
12,50,5.782061691417718,9.163976897311914,0.0,0.0,0.0,1.0,1.0,0.0
13,50,11.812101391216189,12.0,0.0,0.0,1.0,0.0,0.0,1.0
14,50,3.1054628703109253,6.848196762240019,0.0,0.0,1.0,1.0,0.0,1.0
15,50,0.0,10.231180865552124,0.0,1.0,0.0,0.0,0.0,1.0
16,50,4.040567578484261,4.726092740790353,0.0,0.0,0.0,0.0,1.0,1.0
17,50,10.051459063919944,0.575897159128401,0.0,1.0,1.0,0.0,0.0,0.0
18,50,11.237022407742172,4.499138978885461,0.0,0.0,1.0,0.0,1.0,1.0
19,50,3.867254573657013,4.146376663095356,0.0,0.0,1.0,1.0,0.0,0.0
0,55,6.41615914153222,4.166356245498756,0.0,0.0,1.0,0.0,0.0,0.0
1,55,5.562898900852449,4.984143796120206,1.0,0.0,0.0,1.0,0.0,1.0
2,55,6.629798393986219,2.725723418846718,1.0,1.0,0.0,0.0,0.0,0.0
3,55,0.0036884422599294,1.8438804788088063,1.0,0.0,0.0,1.0,0.0,1.0
4,55,2.7026466650412453,7.646887719658339,0.0,0.0,0.0,0.0,0.0,1.0
5,55,11.265087357606513,8.614984689139789,0.0,0.0,0.0,0.0,0.0,0.0
6,55,2.043717417336823,9.949175703823126,1.0,0.0,0.0,1.0,1.0,0.0
7,55,3.813142299340764,11.09508903151174,0.0,1.0,0.0,1.0,0.0,1.0
8,55,0.0,10.622741600263478,1.0,0.0,1.0,1.0,1.0,0.0
9,55,9.972595500712178,0.6753730038407297,0.0,1.0,0.0,0.0,1.0,0.0
10,55,7.497934565710757,9.794522340134348,1.0,1.0,0.0,1.0,0.0,0.0
11,55,11.86045725761734,11.993858502163292,0.0,1.0,0.0,0.0,0.0,0.0
12,55,5.757731221188067,9.181382928027183,0.0,0.0,0.0,1.0,1.0,0.0
13,55,11.795270714224827,12.0,0.0,0.0,1.0,0.0,0.0,1.0
14,55,3.002930329085471,6.828171586007384,0.0,0.0,1.0,1.0,0.0,1.0
15,55,0.0,10.130880989527766,0.0,1.0,0.0,0.0,0.0,1.0
16,55,4.155297443826366,4.68643078395987,0.0,0.0,0.0,0.0,1.0,1.0
17,55,10.05407336798613,0.6020609630959168,0.0,1.0,1.0,0.0,0.0,0.0
18,55,11.180321264862156,4.462061564155208,0.0,0.0,1.0,0.0,1.0,1.0
19,55,3.822398655383616,4.122567988205496,0.0,0.0,1.0,1.0,0.0,0.0
0,60,6.462965821987074,4.322499453510547,0.0,0.0,1.0,0.0,0.0,0.0
1,60,5.561264430572251,4.973883887216649,1.0,0.0,0.0,1.0,0.0,1.0
2,60,6.627268212419166,2.726702038157694,1.0,1.0,0.0,0.0,0.0,0.0
3,60,0.0038687935736888,1.8444692859023424,1.0,0.0,0.0,1.0,0.0,1.0
4,60,2.740391126352305,7.6279228756726996,0.0,0.0,0.0,0.0,0.0,1.0
5,60,11.210321057937357,8.660646634789545,0.0,0.0,0.0,0.0,0.0,0.0
6,60,2.0127249705218784,9.95543311474594,1.0,0.0,0.0,1.0,1.0,0.0
7,60,3.801059322775559,11.084105055408724,0.0,1.0,0.0,1.0,0.0,1.0
8,60,0.0,10.57604379064951,1.0,0.0,1.0,1.0,1.0,0.0
9,60,9.96948002187564,0.622842595834826,0.0,1.0,0.0,0.0,1.0,0.0
10,60,7.440299551352956,9.885120038588052,1.0,1.0,0.0,1.0,0.0,0.0
11,60,11.8140580621976,12.0,0.0,1.0,0.0,0.0,0.0,0.0
12,60,5.723652796876698,9.205507010932246,0.0,0.0,0.0,1.0,1.0,0.0
13,60,11.78409591549318,12.0,0.0,0.0,1.0,0.0,0.0,1.0
14,60,2.915398793121948,6.813367981386756,0.0,0.0,1.0,1.0,0.0,1.0
15,60,0.0,10.018655770073924,0.0,1.0,0.0,0.0,0.0,1.0
16,60,4.268835746360435,4.6461368976930855,0.0,0.0,0.0,0.0,1.0,1.0
17,60,10.056368512030026,0.6273247377607156,0.0,1.0,1.0,0.0,0.0,0.0
18,60,11.121848111229475,4.423877654612443,0.0,0.0,1.0,0.0,1.0,1.0
19,60,3.783559481969644,4.103312215353418,0.0,0.0,1.0,1.0,0.0,0.0
0,65,6.513527142085982,4.493053666237675,0.0,0.0,1.0,0.0,0.0,0.0
1,65,5.559177710989708,4.961306788090568,1.0,0.0,0.0,1.0,0.0,1.0
2,65,6.63699313909119,2.723048402791196,1.0,1.0,0.0,0.0,0.0,0.0
3,65,0.0015045022364685,1.8359708655569984,1.0,0.0,0.0,1.0,0.0,1.0
4,65,2.7837637780902087,7.607391256009674,0.0,0.0,0.0,0.0,0.0,1.0
5,65,11.151132468615426,8.707052520391233,0.0,0.0,0.0,0.0,0.0,0.0
6,65,1.9663474835954176,9.964786332053896,1.0,0.0,0.0,1.0,1.0,0.0
7,65,3.78133945847628,11.06660946212933,0.0,1.0,0.0,1.0,0.0,1.0
8,65,0.0,10.531955034775931,1.0,0.0,1.0,1.0,1.0,0.0
9,65,9.965261417344356,0.5574915109650805,0.0,1.0,0.0,0.0,1.0,0.0
10,65,7.380473140050656,9.98112561440613,1.0,1.0,0.0,1.0,0.0,0.0
11,65,11.772180736715049,12.0,0.0,1.0,0.0,0.0,0.0,0.0
12,65,5.689688888059142,9.228823147644157,0.0,0.0,0.0,1.0,1.0,0.0
13,65,11.775432754964568,12.0,0.0,0.0,1.0,0.0,0.0,1.0
14,65,2.82483198500456,6.797170638696969,0.0,0.0,1.0,1.0,0.0,1.0
15,65,0.0,9.913991362449265,0.0,1.0,0.0,0.0,0.0,1.0
16,65,4.380000644856183,4.604921030203719,0.0,0.0,0.0,0.0,1.0,1.0
17,65,10.059728374540096,0.6627684929697151,0.0,1.0,1.0,0.0,0.0,0.0
18,65,11.059844997224005,4.381939854927459,0.0,0.0,1.0,0.0,1.0,1.0
19,65,3.7202803080581535,4.071913892816246,0.0,0.0,1.0,1.0,0.0,0.0
0,70,6.564463629871353,4.6537322900157125,0.0,0.0,1.0,0.0,0.0,0.0
1,70,5.5578244918951984,4.952902950403895,1.0,0.0,0.0,1.0,0.0,1.0
2,70,6.632473839182945,2.724671741466529,1.0,1.0,0.0,0.0,0.0,0.0
3,70,0.0,1.826839384199722,1.0,0.0,0.0,1.0,0.0,1.0
4,70,2.825389548042601,7.587210996069937,0.0,0.0,0.0,0.0,0.0,1.0
5,70,11.095465074479202,8.749885447213721,0.0,0.0,0.0,0.0,0.0,0.0
6,70,1.930991712062438,9.973072340112076,1.0,0.0,0.0,1.0,1.0,0.0
7,70,3.761710468891616,11.049125976508988,0.0,1.0,0.0,1.0,0.0,1.0
8,70,0.0,10.483102266333203,1.0,0.0,1.0,1.0,1.0,0.0
9,70,9.961334300462354,0.4881893930895676,0.0,1.0,0.0,0.0,1.0,0.0
10,70,7.318726163170653,10.08249844300411,1.0,1.0,0.0,1.0,0.0,0.0
11,70,11.74982279118397,12.0,0.0,1.0,0.0,0.0,0.0,0.0
12,70,5.660775656461778,9.247606858840896,0.0,0.0,0.0,1.0,1.0,0.0
13,70,11.7598184292796,12.0,0.0,0.0,1.0,0.0,0.0,1.0
14,70,2.742346929205796,6.779195787983737,0.0,0.0,1.0,1.0,0.0,1.0
15,70,0.0,9.798614268812722,0.0,1.0,0.0,0.0,0.0,1.0
16,70,4.511588610366921,4.553663155439788,0.0,0.0,0.0,0.0,1.0,1.0
17,70,10.062672142759656,0.6953205338404305,0.0,1.0,1.0,0.0,0.0,0.0
18,70,10.998833170195926,4.340376849721051,0.0,0.0,1.0,0.0,1.0,1.0
19,70,3.689385659752844,4.057100168599465,0.0,0.0,1.0,1.0,0.0,0.0
0,75,6.614184809347268,4.814882056456147,0.0,0.0,1.0,0.0,0.0,0.0
1,75,5.555265518172088,4.937303616860628,1.0,0.0,0.0,1.0,0.0,1.0
2,75,6.623505217476107,2.7278898444070783,1.0,1.0,0.0,0.0,0.0,0.0
3,75,0.0030243918922266,1.837495576822861,1.0,0.0,0.0,1.0,0.0,1.0
4,75,2.870497886607917,7.5649292471303236,0.0,0.0,0.0,0.0,0.0,1.0
5,75,11.039255031487729,8.790420681979816,0.0,0.0,0.0,0.0,0.0,0.0
6,75,1.8800124106650935,9.98614645929815,1.0,0.0,0.0,1.0,1.0,0.0
7,75,3.754143505487023,11.042458860292168,0.0,1.0,0.0,1.0,0.0,1.0
8,75,0.0,10.433530842245585,1.0,0.0,1.0,1.0,1.0,0.0
9,75,9.957442520170805,0.4252831309801304,0.0,1.0,0.0,0.0,1.0,0.0
10,75,7.252793171672448,10.191877594857518,1.0,1.0,0.0,1.0,0.0,0.0
11,75,11.71291683191436,12.0,0.0,1.0,0.0,0.0,0.0,0.0
12,75,5.636938420464806,9.262506033818688,0.0,0.0,0.0,1.0,1.0,0.0
13,75,11.756339869998628,12.0,0.0,0.0,1.0,0.0,0.0,1.0
14,75,2.6654761381403347,6.760622832027139,0.0,0.0,1.0,1.0,0.0,1.0
15,75,0.0,9.675290311443778,0.0,1.0,0.0,0.0,0.0,1.0
16,75,4.643597461891013,4.506217615523812,0.0,0.0,0.0,0.0,1.0,1.0
17,75,10.064506708160591,0.7144001148192762,0.0,1.0,1.0,0.0,0.0,0.0
18,75,10.938311287890354,4.301372907195403,0.0,0.0,1.0,0.0,1.0,1.0
19,75,3.669820014334797,4.047031619118869,0.0,0.0,1.0,1.0,0.0,0.0
0,80,6.659878711301247,4.966222993673238,0.0,0.0,1.0,0.0,0.0,0.0
1,80,5.554327739135084,4.931259374569683,1.0,0.0,0.0,1.0,0.0,1.0
2,80,6.627145803557209,2.7265779959661085,1.0,1.0,0.0,0.0,0.0,0.0
3,80,0.0054194903595042,1.845825533438065,1.0,0.0,0.0,1.0,0.0,1.0
4,80,2.905760905390818,7.547834259593854,0.0,0.0,0.0,0.0,0.0,1.0
5,80,10.977191021389292,8.834553942900936,0.0,0.0,0.0,0.0,0.0,0.0
6,80,1.8206536213704352,10.00039630151753,1.0,0.0,0.0,1.0,1.0,0.0
7,80,3.7389154619432095,11.029132725478815,0.0,1.0,0.0,1.0,0.0,1.0
8,80,0.0,10.379298786411674,1.0,0.0,1.0,1.0,1.0,0.0
9,80,9.954766688897628,0.3520724935288769,0.0,1.0,0.0,0.0,1.0,0.0
10,80,7.1857594575826615,10.298855003013822,1.0,1.0,0.0,1.0,0.0,0.0
11,80,11.6860358186892,12.0,0.0,1.0,0.0,0.0,0.0,0.0
12,80,5.600943553612783,9.28351327428205,0.0,0.0,0.0,1.0,1.0,0.0
13,80,11.754690568725422,12.0,0.0,0.0,1.0,0.0,0.0,1.0
14,80,2.550422757783012,6.728637773678564,0.0,0.0,1.0,1.0,0.0,1.0
15,80,0.0,9.553007171363245,0.0,1.0,0.0,0.0,0.0,1.0
16,80,4.780147195167002,4.457109488746831,0.0,0.0,0.0,0.0,1.0,1.0
17,80,10.06817689815876,0.7500171765626304,0.0,1.0,1.0,0.0,0.0,0.0
18,80,10.89300500533936,4.273381333287696,0.0,0.0,1.0,0.0,1.0,1.0
19,80,3.63801265008143,4.030592006879108,0.0,0.0,1.0,1.0,0.0,0.0
0,85,6.709070413736367,5.136065849700458,0.0,0.0,1.0,0.0,0.0,0.0
1,85,5.551086162943568,4.907493836706302,1.0,0.0,0.0,1.0,0.0,1.0
2,85,6.644965848971859,2.720256084903685,1.0,1.0,0.0,0.0,0.0,0.0
3,85,0.0105699018270162,1.8612545729973065,1.0,0.0,0.0,1.0,0.0,1.0
4,85,2.9503144429848525,7.527186002213267,0.0,0.0,0.0,0.0,0.0,1.0
5,85,10.930045126253455,8.867615785668622,0.0,0.0,0.0,0.0,0.0,0.0
6,85,1.765085989656737,10.013348713901202,1.0,0.0,0.0,1.0,1.0,0.0
7,85,3.697815898664045,10.991852250231949,0.0,1.0,0.0,1.0,0.0,1.0
8,85,0.0,10.325199879227847,1.0,0.0,1.0,1.0,1.0,0.0
9,85,9.951407298760143,0.268021504392489,0.0,1.0,0.0,0.0,1.0,0.0
10,85,7.10865580193474,10.420609791563557,1.0,1.0,0.0,1.0,0.0,0.0
11,85,11.653956616323622,12.0,0.0,1.0,0.0,0.0,0.0,0.0
12,85,5.56644127988524,9.302695713334248,0.0,0.0,0.0,1.0,1.0,0.0
13,85,11.749112732825758,12.0,0.0,0.0,1.0,0.0,0.0,1.0
14,85,2.437491860673723,6.695391387072112,0.0,0.0,1.0,1.0,0.0,1.0
15,85,0.0,9.426317677056334,0.0,1.0,0.0,0.0,0.0,1.0
16,85,4.939595515159346,4.401835879639046,0.0,0.0,0.0,0.0,1.0,1.0
17,85,10.072223744324978,0.7993616368961857,0.0,1.0,1.0,0.0,0.0,0.0
18,85,10.848363071524364,4.24627636590138,0.0,0.0,1.0,0.0,1.0,1.0
19,85,3.612151910340909,4.01734645944073,0.0,0.0,1.0,1.0,0.0,0.0
0,90,6.750782758977749,5.290560475435533,0.0,0.0,1.0,0.0,0.0,0.0
1,90,5.550922364311501,4.906561793045565,1.0,0.0,0.0,1.0,0.0,1.0
2,90,6.658867548667455,2.71501510447586,1.0,1.0,0.0,0.0,0.0,0.0
3,90,0.0088926455397924,1.856019411423817,1.0,0.0,0.0,1.0,0.0,1.0
4,90,2.9782324331332863,7.514327586751315,0.0,0.0,0.0,0.0,0.0,1.0
5,90,10.872775689747716,8.907151219494692,0.0,0.0,0.0,0.0,0.0,0.0
6,90,1.7337689777016774,10.021164908864373,1.0,0.0,0.0,1.0,1.0,0.0
7,90,3.659635872721529,10.959193404154746,0.0,1.0,0.0,1.0,0.0,1.0
8,90,0.0,10.267289324058629,1.0,0.0,1.0,1.0,1.0,0.0
9,90,9.948357000743954,0.187959250723235,0.0,1.0,0.0,0.0,1.0,0.0
10,90,7.028739530514567,10.540540188974326,1.0,1.0,0.0,1.0,0.0,0.0
11,90,11.616753279837296,12.0,0.0,1.0,0.0,0.0,0.0,0.0
12,90,5.553379302603442,9.310005173700674,0.0,0.0,0.0,1.0,1.0,0.0
13,90,11.746037837439836,12.0,0.0,0.0,1.0,0.0,0.0,1.0
14,90,2.2977241261354258,6.656535517569656,0.0,0.0,1.0,1.0,0.0,1.0
15,90,0.0,9.285914343399522,0.0,1.0,0.0,0.0,0.0,1.0
16,90,5.120729618919988,4.343433268759648,0.0,0.0,0.0,0.0,1.0,1.0
17,90,10.075476166955871,0.8545910645089069,0.0,1.0,1.0,0.0,0.0,0.0
18,90,10.788965241338175,4.209544463552731,0.0,0.0,1.0,0.0,1.0,1.0
19,90,3.58765134725903,4.005026415344302,0.0,0.0,1.0,1.0,0.0,0.0
0,95,6.7972842788446215,5.453400395855264,0.0,0.0,1.0,0.0,0.0,0.0
1,95,5.548785916626899,4.892623668279259,1.0,0.0,0.0,1.0,0.0,1.0
2,95,6.686130459549977,2.70505339091611,1.0,1.0,0.0,0.0,0.0,0.0
3,95,0.0024641626807629,1.837768221916881,1.0,0.0,0.0,1.0,0.0,1.0
4,95,3.0158015270008893,7.497550565337677,0.0,0.0,0.0,0.0,0.0,1.0
5,95,10.803026611572074,8.956189605886667,0.0,0.0,0.0,0.0,0.0,0.0
6,95,1.7138856601766888,10.025541649760012,1.0,0.0,0.0,1.0,1.0,0.0
7,95,3.627865845921392,10.933333638514446,0.0,1.0,0.0,1.0,0.0,1.0
8,95,0.0,10.196624088511886,1.0,0.0,1.0,1.0,1.0,0.0
9,95,9.947246020522472,0.1136230220372271,0.0,1.0,0.0,0.0,1.0,0.0
10,95,6.948545231569721,10.657892846487387,1.0,1.0,0.0,1.0,0.0,0.0
11,95,11.59402011149684,12.0,0.0,1.0,0.0,0.0,0.0,0.0
12,95,5.563772697989506,9.304276177539712,0.0,0.0,0.0,1.0,1.0,0.0
13,95,11.754159884259506,11.982084249542217,0.0,0.0,1.0,0.0,0.0,1.0
14,95,2.1728597640166494,6.621267965332153,0.0,0.0,1.0,1.0,0.0,1.0
15,95,0.0,9.1447981975276,0.0,1.0,0.0,0.0,0.0,1.0
16,95,5.309941282669514,4.2867899410187205,0.0,0.0,0.0,0.0,1.0,1.0
17,95,10.08034522891767,0.9362087906423736,0.0,1.0,1.0,0.0,0.0,0.0
18,95,10.751069348180726,4.184765770766138,0.0,0.0,1.0,0.0,1.0,1.0
19,95,3.5821878426249185,4.002530024051388,0.0,0.0,1.0,1.0,0.0,0.0
0,100,6.844105829970838,5.623325110455658,0.0,0.0,1.0,0.0,0.0,0.0
1,100,5.54522618117735,4.870202126039692,1.0,0.0,0.0,1.0,0.0,1.0
2,100,6.697714637936993,2.7006018119567514,1.0,1.0,0.0,0.0,0.0,0.0
3,100,0.0,1.8189621010104824,1.0,0.0,0.0,1.0,0.0,1.0
4,100,3.0410429718146808,7.486767281496786,0.0,0.0,0.0,0.0,0.0,1.0
5,100,10.724956497548222,9.008833503720048,0.0,0.0,0.0,0.0,0.0,0.0
6,100,1.7134841413547393,10.025636580358034,1.0,0.0,0.0,1.0,1.0,0.0
7,100,3.5977530615684143,10.90947915523735,0.0,1.0,0.0,1.0,0.0,1.0
8,100,0.0,10.12044209153119,1.0,0.0,1.0,1.0,1.0,0.0
9,100,9.945085847283748,0.04856367739534,0.0,1.0,0.0,0.0,1.0,0.0
10,100,6.884360613894627,10.75244673834866,1.0,1.0,0.0,1.0,0.0,0.0
11,100,11.553233346609456,12.0,0.0,1.0,0.0,0.0,0.0,0.0
12,100,5.5428098412914295,9.316353561609455,0.0,0.0,0.0,1.0,1.0,0.0
13,100,11.764177764444325,11.960280755573992,0.0,0.0,1.0,0.0,0.0,1.0
14,100,2.049390320257413,6.588232492765824,0.0,0.0,1.0,1.0,0.0,1.0
15,100,0.0,9.00306461365687,0.0,1.0,0.0,0.0,0.0,1.0
16,100,5.516587100943768,4.220513718151695,0.0,0.0,0.0,0.0,1.0,1.0
17,100,10.081161694533906,0.9756523904575792,0.0,1.0,1.0,0.0,0.0,0.0
18,100,10.697046115411595,4.149829669304332,0.0,0.0,1.0,0.0,1.0,1.0
19,100,3.590795401125204,4.006403368909964,0.0,0.0,1.0,1.0,0.0,0.0
0,105,6.890010527062865,5.780120437788747,0.0,0.0,1.0,0.0,0.0,0.0
1,105,5.542835641298182,4.851655031029906,1.0,0.0,0.0,1.0,0.0,1.0
2,105,6.700414043014463,2.699550306478655,1.0,1.0,0.0,0.0,0.0,0.0
3,105,0.0,1.813783029001354,1.0,0.0,0.0,1.0,0.0,1.0
4,105,3.0787374516755355,7.47034436086591,0.0,0.0,0.0,0.0,0.0,1.0
5,105,10.63173205415411,9.071349140452746,0.0,0.0,0.0,0.0,0.0,0.0
6,105,1.7310520351582004,10.021415347899248,1.0,0.0,0.0,1.0,1.0,0.0
7,105,3.547529711578825,10.86897104872012,0.0,1.0,0.0,1.0,0.0,1.0
8,105,0.0,10.04188597722947,1.0,0.0,1.0,1.0,1.0,0.0
9,105,9.943294359027236,0.0,0.0,1.0,0.0,0.0,1.0,0.0
10,105,6.8314145410111005,10.83172546054188,1.0,1.0,0.0,1.0,0.0,0.0
11,105,11.542213710909518,11.949739822969056,0.0,1.0,0.0,0.0,0.0,0.0
12,105,5.515046845394819,9.332394358467374,0.0,0.0,0.0,1.0,1.0,0.0
13,105,11.7677022741706,11.952399782470666,0.0,0.0,1.0,0.0,0.0,1.0
14,105,1.9417118618631688,6.559325103289277,0.0,0.0,1.0,1.0,0.0,1.0
15,105,0.0,8.866102814716607,0.0,1.0,0.0,0.0,0.0,1.0
16,105,5.721257800303862,4.157457199680304,0.0,0.0,0.0,0.0,1.0,1.0
17,105,10.0822607277573,1.0183220616787425,0.0,1.0,1.0,0.0,0.0,0.0
18,105,10.676391648990815,4.136421840285818,0.0,0.0,1.0,0.0,1.0,1.0
19,105,3.5998565563207547,4.010418139139127,0.0,0.0,1.0,1.0,0.0,0.0
0,110,6.931973589366346,5.916654467714492,0.0,0.0,1.0,0.0,0.0,0.0
1,110,5.540858014222455,4.838514351063844,1.0,0.0,0.0,1.0,0.0,1.0
2,110,6.699574361305295,2.699880844970108,1.0,1.0,0.0,0.0,0.0,0.0
3,110,0.0024807524454024,1.8206897541612896,1.0,0.0,0.0,1.0,0.0,1.0
4,110,3.104744746619994,7.45905417762002,0.0,0.0,0.0,0.0,0.0,1.0
5,110,10.549142105232146,9.126461767335302,0.0,0.0,0.0,0.0,0.0,0.0
6,110,1.7225569991578054,10.02342479728627,1.0,0.0,0.0,1.0,1.0,0.0
7,110,3.5085236653841934,10.836646399576384,0.0,1.0,0.0,1.0,0.0,1.0
8,110,0.0,9.95618009128848,1.0,0.0,1.0,1.0,1.0,0.0
9,110,9.941481996592684,0.0,0.0,1.0,0.0,0.0,1.0,0.0
10,110,6.783624591783919,10.903518744836765,1.0,1.0,0.0,1.0,0.0,0.0
11,110,11.530725153060576,11.89194144234316,0.0,1.0,0.0,0.0,0.0,0.0
12,110,5.490548450130183,9.345798071084465,0.0,0.0,0.0,1.0,1.0,0.0
13,110,11.761965345705486,11.96605570440425,0.0,0.0,1.0,0.0,0.0,1.0
14,110,1.8380916503099844,6.533061736812602,0.0,0.0,1.0,1.0,0.0,1.0
15,110,0.0,8.737456343358597,0.0,1.0,0.0,0.0,0.0,1.0
16,110,5.94715486879396,4.094767004771908,0.0,0.0,0.0,0.0,1.0,1.0
17,110,10.083865942613643,1.0542934994826658,0.0,1.0,1.0,0.0,0.0,0.0
18,110,10.66179098280472,4.127126740223962,0.0,0.0,1.0,0.0,1.0,1.0
19,110,3.640974705382998,4.028051464660467,0.0,0.0,1.0,1.0,0.0,0.0
0,115,6.987594528855851,6.091426717999959,0.0,0.0,1.0,0.0,0.0,0.0
1,115,5.537341166946222,4.816427801777032,1.0,0.0,0.0,1.0,0.0,1.0
2,115,6.697953544627263,2.700518316845969,1.0,1.0,0.0,0.0,0.0,0.0
3,115,0.0029220806186905,1.8218548156394776,1.0,0.0,0.0,1.0,0.0,1.0
4,115,3.130793566781807,7.4480098954736995,0.0,0.0,0.0,0.0,0.0,1.0
5,115,10.46597334856242,9.182267112727413,0.0,0.0,0.0,0.0,0.0,0.0
6,115,1.7092988799529008,10.02630957526586,1.0,0.0,0.0,1.0,1.0,0.0
7,115,3.474896013509856,10.809038707557267,0.0,1.0,0.0,1.0,0.0,1.0
8,115,0.0,9.867514524298567,1.0,0.0,1.0,1.0,1.0,0.0
9,115,9.940151919973738,0.0,0.0,1.0,0.0,0.0,1.0,0.0
10,115,6.749054901458661,10.954917568705982,1.0,1.0,0.0,1.0,0.0,0.0
11,115,11.519419196647076,11.829653322051602,0.0,1.0,0.0,0.0,0.0,0.0
12,115,5.4541669580236665,9.366587842066709,0.0,0.0,0.0,1.0,1.0,0.0
13,115,11.787687718741482,11.976588078584342,0.0,0.0,1.0,0.0,0.0,1.0
14,115,1.8033757507960448,6.65132853670093,0.0,0.0,1.0,1.0,0.0,1.0
15,115,0.0,8.607572801008793,0.0,1.0,0.0,0.0,0.0,1.0
16,115,6.179424181417604,4.023483281167062,0.0,0.0,0.0,0.0,1.0,1.0
17,115,10.086596282330763,1.1075507453606863,0.0,1.0,1.0,0.0,0.0,0.0
18,115,10.663861062342583,4.128434474710819,0.0,0.0,1.0,0.0,1.0,1.0
19,115,3.6667916112449626,4.038818093202399,0.0,0.0,1.0,1.0,0.0,0.0
0,120,7.038989287076453,6.250121640035262,0.0,0.0,1.0,0.0,0.0,0.0
1,120,5.53775123494005,4.819095313815221,1.0,0.0,0.0,1.0,0.0,1.0
2,120,6.69022348895757,2.703602998163946,1.0,1.0,0.0,0.0,0.0,0.0
3,120,5.891187115591697e-05,1.8149710255493523,1.0,0.0,0.0,1.0,0.0,1.0
4,120,3.1557373474854646,7.437692537209124,0.0,0.0,0.0,0.0,0.0,1.0
5,120,10.40029626296327,9.225226010035206,0.0,0.0,0.0,0.0,0.0,0.0
6,120,1.6759400338320034,10.03211818144785,1.0,0.0,0.0,1.0,1.0,0.0
7,120,3.423826769738296,10.76535724637288,0.0,1.0,0.0,1.0,0.0,1.0
8,120,0.0,9.775585720521622,1.0,0.0,1.0,1.0,1.0,0.0
9,120,9.939489176793602,0.0,0.0,1.0,0.0,0.0,1.0,0.0
10,120,6.693447188410601,11.03254786140844,1.0,1.0,0.0,1.0,0.0,0.0
11,120,11.510146055488596,11.781555193937391,0.0,1.0,0.0,0.0,0.0,0.0
12,120,5.4270210590909045,9.381895158375768,0.0,0.0,0.0,1.0,1.0,0.0
13,120,11.818160645196343,11.98763973858927,0.0,0.0,1.0,0.0,0.0,1.0
14,120,1.7687982883640412,6.7614694095081,0.0,0.0,1.0,1.0,0.0,1.0
15,120,0.0,8.468694556357319,0.0,1.0,0.0,0.0,0.0,1.0
16,120,6.420506095606681,3.956034911727861,0.0,0.0,0.0,0.0,1.0,1.0
17,120,10.08872996702026,1.1552502912766842,0.0,1.0,1.0,0.0,0.0,0.0
18,120,10.673601472236143,4.134881859828766,0.0,0.0,1.0,0.0,1.0,1.0
19,120,3.651900998876693,4.032836683652633,0.0,0.0,1.0,1.0,0.0,0.0
0,125,7.091683029577725,6.409126159790271,0.0,0.0,1.0,0.0,0.0,0.0
1,125,5.540677797886394,4.835997893794486,1.0,0.0,0.0,1.0,0.0,1.0
2,125,6.711622937450186,2.694785257566122,1.0,1.0,0.0,0.0,0.0,0.0
3,125,0.0,1.8048923822493552,1.0,0.0,0.0,1.0,0.0,1.0
4,125,3.169837109320988,7.431779342763698,0.0,0.0,0.0,0.0,0.0,1.0
5,125,10.31883491646012,9.277501961375114,0.0,0.0,0.0,0.0,0.0,0.0
6,125,1.6263129067483306,10.039367996272158,1.0,0.0,0.0,1.0,1.0,0.0
7,125,3.37684051710939,10.723333595476118,0.0,1.0,0.0,1.0,0.0,1.0
8,125,0.0,9.68093879687715,1.0,0.0,1.0,1.0,1.0,0.0
9,125,9.93804758713855,0.0,0.0,1.0,0.0,0.0,1.0,0.0
10,125,6.637109024908267,11.112375670482454,1.0,1.0,0.0,1.0,0.0,0.0
11,125,11.477305855024648,11.787640969770278,0.0,1.0,0.0,0.0,0.0,0.0
12,125,5.387374998617415,9.402642696788488,0.0,0.0,0.0,1.0,1.0,0.0
13,125,11.850381454286676,11.99887489625542,0.0,0.0,1.0,0.0,0.0,1.0
14,125,1.7315149853581224,6.883310433428483,0.0,0.0,1.0,1.0,0.0,1.0
15,125,0.0,8.331079657150031,0.0,1.0,0.0,0.0,0.0,1.0
16,125,6.649185135930482,3.895924857458182,0.0,0.0,0.0,0.0,1.0,1.0
17,125,10.09015350341274,1.1905068804885215,0.0,1.0,1.0,0.0,0.0,0.0
18,125,10.693928474178522,4.147600651194914,0.0,0.0,1.0,0.0,1.0,1.0
19,125,3.6347145782611943,4.025698190626805,0.0,0.0,1.0,1.0,0.0,0.0
0,130,7.147647646100971,6.5777756891493455,0.0,0.0,1.0,0.0,0.0,0.0
1,130,5.542764768614719,4.849012532742389,1.0,0.0,0.0,1.0,0.0,1.0
2,130,6.740066492766343,2.6824617598820155,1.0,1.0,0.0,0.0,0.0,0.0
3,130,0.0,1.789020871702104,1.0,0.0,0.0,1.0,0.0,1.0
4,130,3.205580748674318,7.415677946505559,0.0,0.0,0.0,0.0,0.0,1.0
5,130,10.239193692999134,9.33019943500866,0.0,0.0,0.0,0.0,0.0,0.0
6,130,1.598560798780788,10.043251113593216,1.0,0.0,0.0,1.0,1.0,0.0
7,130,3.327756101542485,10.679254134235933,0.0,1.0,0.0,1.0,0.0,1.0
8,130,0.0,9.583396698735012,1.0,0.0,1.0,1.0,1.0,0.0
9,130,9.936568193618532,0.0,0.0,1.0,0.0,0.0,1.0,0.0
10,130,6.588794394291635,11.182253603514337,1.0,1.0,0.0,1.0,0.0,0.0
11,130,11.438839043053571,11.794481786894549,0.0,1.0,0.0,0.0,0.0,0.0
12,130,5.352076566790279,9.421139663566192,0.0,0.0,0.0,1.0,1.0,0.0
13,130,11.879889784094033,12.0,0.0,0.0,1.0,0.0,0.0,1.0
14,130,1.693249817386069,7.020632974205877,0.0,0.0,1.0,1.0,0.0,1.0
15,130,0.0,8.189890496624356,0.0,1.0,0.0,0.0,0.0,1.0
16,130,6.855402501391877,3.842782225006205,0.0,0.0,0.0,0.0,1.0,1.0
17,130,10.091634458256951,1.2101670159694775,0.0,1.0,1.0,0.0,0.0,0.0
18,130,10.707562900098608,4.156453694109342,0.0,0.0,1.0,0.0,1.0,1.0
19,130,3.603583860381217,4.012725646458436,0.0,0.0,1.0,1.0,0.0,0.0
0,135,7.1935997914349565,6.713774932973609,0.0,0.0,1.0,0.0,0.0,0.0
1,135,5.546070379484483,4.871800204656046,1.0,0.0,0.0,1.0,0.0,1.0
2,135,6.7606789301661045,2.6743480495054164,1.0,1.0,0.0,0.0,0.0,0.0
3,135,0.0,1.761961250628442,1.0,0.0,0.0,1.0,0.0,1.0
4,135,3.2437747548932103,7.397824545379184,0.0,0.0,0.0,0.0,0.0,1.0
5,135,10.15022022433617,9.390083965151293,0.0,0.0,0.0,0.0,0.0,0.0
6,135,1.585642896227425,10.044833739975926,1.0,0.0,0.0,1.0,1.0,0.0
7,135,3.271778167146802,10.630780131358952,0.0,1.0,0.0,1.0,0.0,1.0
8,135,0.0,9.481390948483607,1.0,0.0,1.0,1.0,1.0,0.0
9,135,9.936004335940172,0.0,0.0,1.0,0.0,0.0,1.0,0.0
10,135,6.530665211341158,11.267832292914305,1.0,1.0,0.0,1.0,0.0,0.0
11,135,11.394528975781622,11.802487144163669,0.0,1.0,0.0,0.0,0.0,0.0
12,135,5.315642756247698,9.440506215945176,0.0,0.0,0.0,1.0,1.0,0.0
13,135,11.92758918144395,12.0,0.0,0.0,1.0,0.0,0.0,1.0
14,135,1.6505849075665855,7.160824370698092,0.0,0.0,1.0,1.0,0.0,1.0
15,135,0.0,8.043823414648715,0.0,1.0,0.0,0.0,0.0,1.0
16,135,7.05955548393433,3.78980452868879,0.0,0.0,0.0,0.0,1.0,1.0
17,135,10.093115519807313,1.2359226126992524,0.0,1.0,1.0,0.0,0.0,0.0
18,135,10.710731484494833,4.158474766202663,0.0,0.0,1.0,0.0,1.0,1.0
19,135,3.5764260139686046,4.00260905117292,0.0,0.0,1.0,1.0,0.0,0.0
0,140,7.234140974107049,6.829271827497418,0.0,0.0,1.0,0.0,0.0,0.0
1,140,5.549627502472875,4.8952092416498285,1.0,0.0,0.0,1.0,0.0,1.0
2,140,6.772989807747773,2.66955437063128,1.0,1.0,0.0,0.0,0.0,0.0
3,140,0.0,1.733069385098423,1.0,0.0,0.0,1.0,0.0,1.0
4,140,3.273326884981608,7.384369864702125,0.0,0.0,0.0,0.0,0.0,1.0
5,140,10.067919677379178,9.448117713654128,0.0,0.0,0.0,0.0,0.0,0.0
6,140,1.572146107241,10.046171738319382,1.0,0.0,0.0,1.0,1.0,0.0
7,140,3.2139467470171845,10.583282989987426,0.0,1.0,0.0,1.0,0.0,1.0
8,140,0.0,9.374028927849045,1.0,0.0,1.0,1.0,1.0,0.0
9,140,9.935880129689146,0.0,0.0,1.0,0.0,0.0,1.0,0.0
10,140,6.469401591386463,11.35449455260268,1.0,1.0,0.0,1.0,0.0,0.0
11,140,11.368036020368214,11.806820828805568,0.0,1.0,0.0,0.0,0.0,0.0
12,140,5.292548121486642,9.452301399446824,0.0,0.0,0.0,1.0,1.0,0.0
13,140,11.96574479186346,12.0,0.0,0.0,1.0,0.0,0.0,1.0
14,140,1.605803125608924,7.303447263505827,0.0,0.0,1.0,1.0,0.0,1.0
15,140,0.0,7.886848368746464,0.0,1.0,0.0,0.0,0.0,1.0
16,140,7.254275317003359,3.7388734602034215,0.0,0.0,0.0,0.0,1.0,1.0
17,140,10.095280215509955,1.2838858567598583,0.0,1.0,1.0,0.0,0.0,0.0
18,140,10.7149586910102,4.161092952610254,0.0,0.0,1.0,0.0,1.0,1.0
19,140,3.5581512703001907,3.995248448494413,0.0,0.0,1.0,1.0,0.0,0.0
0,145,7.269369333594705,6.934764530630311,0.0,0.0,1.0,0.0,0.0,0.0
1,145,5.556583467797831,4.946421909105623,1.0,0.0,0.0,1.0,0.0,1.0
2,145,6.799475815634311,2.6597083741742127,1.0,1.0,0.0,0.0,0.0,0.0
3,145,0.0,1.69602697809175,1.0,0.0,0.0,1.0,0.0,1.0
4,145,3.2881864256225506,7.377446354179756,0.0,0.0,0.0,0.0,0.0,1.0
5,145,9.99396521092695,9.504299063663789,0.0,0.0,0.0,0.0,0.0,0.0
6,145,1.560863337827237,10.047383272009355,1.0,0.0,0.0,1.0,1.0,0.0
7,145,3.1311649232389978,10.517736684185287,0.0,1.0,0.0,1.0,0.0,1.0
8,145,0.0,9.270536466628505,1.0,0.0,1.0,1.0,1.0,0.0
9,145,9.935691333887474,0.0,0.0,1.0,0.0,0.0,1.0,0.0
10,145,6.407574231548444,11.445724965025176,1.0,1.0,0.0,1.0,0.0,0.0
11,145,11.315496119107928,11.815490694999616,0.0,1.0,0.0,0.0,0.0,0.0
12,145,5.252805040015762,9.473588458962103,0.0,0.0,0.0,1.0,1.0,0.0
13,145,12.0,12.0,0.0,0.0,1.0,0.0,0.0,1.0
14,145,1.560516767987273,7.454320335047226,0.0,0.0,1.0,1.0,0.0,1.0
15,145,0.0,7.724541980306507,0.0,1.0,0.0,0.0,0.0,1.0
16,145,7.429449685268098,3.690474291668472,0.0,0.0,0.0,0.0,1.0,1.0
17,145,10.09994071861095,1.363707188413916,0.0,1.0,1.0,0.0,0.0,0.0
18,145,10.71512620493198,4.161193945630944,0.0,0.0,1.0,0.0,1.0,1.0
19,145,3.541538102990196,3.9890103213579975,0.0,0.0,1.0,1.0,0.0,0.0
0,150,7.304086656688458,7.042447048184776,0.0,0.0,1.0,0.0,0.0,0.0
1,150,5.5609255216032265,4.982581136142297,1.0,0.0,0.0,1.0,0.0,1.0
2,150,6.81815853794699,2.6523755763753964,1.0,1.0,0.0,0.0,0.0,0.0
3,150,0.0,1.7099725234365404,1.0,0.0,0.0,1.0,0.0,1.0
4,150,3.3046452361336693,7.369934804880676,0.0,0.0,0.0,0.0,0.0,1.0
5,150,9.92143738009426,9.560746283913971,0.0,0.0,0.0,0.0,0.0,0.0
6,150,1.559430893382718,10.047558992720196,1.0,0.0,0.0,1.0,1.0,0.0
7,150,3.046548350785204,10.450524382795656,0.0,1.0,0.0,1.0,0.0,1.0
8,150,0.0,9.150954408476055,1.0,0.0,1.0,1.0,1.0,0.0
9,150,9.935056968972278,0.0,0.0,1.0,0.0,0.0,1.0,0.0
10,150,6.348902001995808,11.53718116707563,1.0,1.0,0.0,1.0,0.0,0.0
11,150,11.266256457424914,11.823343488604594,0.0,1.0,0.0,0.0,0.0,0.0
12,150,5.206005074047589,9.500039239177529,0.0,0.0,0.0,1.0,1.0,0.0
13,150,12.0,12.0,0.0,0.0,1.0,0.0,0.0,1.0
14,150,1.516312115952238,7.609428403275007,0.0,0.0,1.0,1.0,0.0,1.0
15,150,0.0,7.553145928690441,0.0,1.0,0.0,0.0,0.0,1.0
16,150,7.629932342090463,3.635220044154067,0.0,0.0,0.0,0.0,1.0,1.0
17,150,10.104278216346538,1.4310134164443564,0.0,1.0,1.0,0.0,0.0,0.0
18,150,10.72416041709882,4.166953363375903,0.0,0.0,1.0,0.0,1.0,1.0
19,150,3.510144406241499,3.975910789683928,0.0,0.0,1.0,1.0,0.0,0.0
0,155,7.33980983619354,7.150504869124762,0.0,0.0,1.0,0.0,0.0,0.0
1,155,5.563789123742931,5.012488271256893,1.0,0.0,0.0,1.0,0.0,1.0
2,155,6.8396402787781945,2.643464944926716,1.0,1.0,0.0,0.0,0.0,0.0
3,155,0.0,1.7164661790789255,1.0,0.0,0.0,1.0,0.0,1.0
4,155,3.327584220032626,7.359028358816999,0.0,0.0,0.0,0.0,0.0,1.0
5,155,9.831398300090171,9.632711091866662,0.0,0.0,0.0,0.0,0.0,0.0
6,155,1.552558959189685,10.048219390919904,1.0,0.0,0.0,1.0,1.0,0.0
7,155,2.94729832679983,10.36799506893599,0.0,1.0,0.0,1.0,0.0,1.0
8,155,0.0,9.032272216215848,1.0,0.0,1.0,1.0,1.0,0.0
9,155,9.934542283439182,0.0,0.0,1.0,0.0,0.0,1.0,0.0
10,155,6.279801919666845,11.641315527361924,1.0,1.0,0.0,1.0,0.0,0.0
11,155,11.198241805840937,11.835761890949488,0.0,1.0,0.0,0.0,0.0,0.0
12,155,5.15915071308878,9.52739312855155,0.0,0.0,0.0,1.0,1.0,0.0
13,155,12.0,12.0,0.0,0.0,1.0,0.0,0.0,1.0
14,155,1.4664841271552649,7.7729587775659,0.0,0.0,1.0,1.0,0.0,1.0
15,155,0.0,7.369872119936373,0.0,1.0,0.0,0.0,0.0,1.0
16,155,7.838213822853627,3.573628165255644,0.0,0.0,0.0,0.0,1.0,1.0
17,155,10.109649591311303,1.5080719355072447,0.0,1.0,1.0,0.0,0.0,0.0
18,155,10.744888696214412,4.180700344779456,0.0,0.0,1.0,0.0,1.0,1.0
19,155,3.487546952556116,3.9656993300590537,0.0,0.0,1.0,1.0,0.0,0.0
0,160,7.377386229756686,7.255570970717898,0.0,0.0,1.0,0.0,0.0,0.0
1,160,5.566152511976669,5.037745369868675,1.0,0.0,0.0,1.0,0.0,1.0
2,160,6.853495767687956,2.6377346305456544,1.0,1.0,0.0,0.0,0.0,0.0
3,160,0.0,1.7177956119251987,1.0,0.0,0.0,1.0,0.0,1.0
4,160,3.345020862600852,7.350471502541352,0.0,0.0,0.0,0.0,0.0,1.0
5,160,9.726345253929942,9.717423310819887,0.0,0.0,0.0,0.0,0.0,0.0
6,160,1.5409020094084132,10.049304491474429,1.0,0.0,0.0,1.0,1.0,0.0
7,160,2.856566187954647,10.290530448418869,0.0,1.0,0.0,1.0,0.0,1.0
8,160,0.0,8.906869871545874,1.0,0.0,1.0,1.0,1.0,0.0
9,160,9.934349181392504,0.0,0.0,1.0,0.0,0.0,1.0,0.0
10,160,6.218485296403182,11.73314257256274,1.0,1.0,0.0,1.0,0.0,0.0
11,160,11.1333409946458,11.849167165663088,0.0,1.0,0.0,0.0,0.0,0.0
12,160,5.119750305760507,9.550821571096233,0.0,0.0,0.0,1.0,1.0,0.0
13,160,12.0,12.0,0.0,0.0,1.0,0.0,0.0,1.0
14,160,1.4085519854217916,7.945067347041905,0.0,0.0,1.0,1.0,0.0,1.0
15,160,0.0,7.182424213797203,0.0,1.0,0.0,0.0,0.0,1.0
16,160,8.03627026754249,3.515839470658369,0.0,0.0,0.0,0.0,1.0,1.0
17,160,10.11623324401028,1.596453792037034,0.0,1.0,1.0,0.0,0.0,0.0
18,160,10.761712888102895,4.192017917386174,0.0,0.0,1.0,0.0,1.0,1.0
19,160,3.478731903004474,3.961749625262796,0.0,0.0,1.0,1.0,0.0,0.0
0,165,7.413348109656029,7.35925975050381,0.0,0.0,1.0,0.0,0.0,0.0
1,165,5.567664461248088,5.051749610044889,1.0,0.0,0.0,1.0,0.0,1.0
2,165,6.864595529976127,2.6331672575741365,1.0,1.0,0.0,0.0,0.0,0.0
3,165,0.0,1.7201299737134936,1.0,0.0,0.0,1.0,0.0,1.0
4,165,3.3509301726514376,7.347351496554754,0.0,0.0,0.0,0.0,0.0,1.0
5,165,9.625082379553666,9.79771441847126,0.0,0.0,0.0,0.0,0.0,0.0
6,165,1.530728522123941,10.05032002874211,1.0,0.0,0.0,1.0,1.0,0.0
7,165,2.733602691973866,10.185509978553824,0.0,1.0,0.0,1.0,0.0,1.0
8,165,0.0,8.792843735974401,1.0,0.0,1.0,1.0,1.0,0.0
9,165,9.93434791887219,0.0,0.0,1.0,0.0,0.0,1.0,0.0
10,165,6.164513306967655,11.810147284282142,1.0,1.0,0.0,1.0,0.0,0.0
11,165,11.0913812050018,11.857421614180533,0.0,1.0,0.0,0.0,0.0,0.0
12,165,5.0752849248711565,9.575995753668384,0.0,0.0,0.0,1.0,1.0,0.0
13,165,12.0,12.0,0.0,0.0,1.0,0.0,0.0,1.0
14,165,1.353856270027612,8.105457443527378,0.0,0.0,1.0,1.0,0.0,1.0
15,165,0.0,6.990640382604024,0.0,1.0,0.0,0.0,0.0,1.0
16,165,8.221734765685904,3.457609924587308,0.0,0.0,0.0,0.0,1.0,1.0
17,165,10.121815920550707,1.6833534105193733,0.0,1.0,1.0,0.0,0.0,0.0
18,165,10.786276018712002,4.208879104731548,0.0,0.0,1.0,0.0,1.0,1.0
19,165,3.45887578513801,3.952889462052337,0.0,0.0,1.0,1.0,0.0,0.0
0,170,7.446760695355407,7.45365876599185,0.0,0.0,1.0,0.0,0.0,0.0
1,170,5.571724694020216,5.080176451072124,1.0,0.0,0.0,1.0,0.0,1.0
2,170,6.879547182576349,2.62708025670138,1.0,1.0,0.0,0.0,0.0,0.0
3,170,0.0005838194240642,1.719952488741525,1.0,0.0,0.0,1.0,0.0,1.0
4,170,3.354066807009226,7.345718400663565,0.0,0.0,0.0,0.0,0.0,1.0
5,170,9.525092183240975,9.884478579409462,0.0,0.0,0.0,0.0,0.0,0.0
6,170,1.507782569788427,10.05240950814787,1.0,0.0,0.0,1.0,1.0,0.0
7,170,2.6198363646945038,10.08996314612232,0.0,1.0,0.0,1.0,0.0,1.0
8,170,0.0,8.684577361758045,1.0,0.0,1.0,1.0,1.0,0.0
9,170,9.93432024635306,0.0,0.0,1.0,0.0,0.0,1.0,0.0
10,170,6.116164323116644,11.878586409394876,1.0,1.0,0.0,1.0,0.0,0.0
11,170,11.035068096380147,11.868040080416886,0.0,1.0,0.0,0.0,0.0,0.0
12,170,5.039364601374421,9.596425606215512,0.0,0.0,0.0,1.0,1.0,0.0
13,170,12.0,12.0,0.0,0.0,1.0,0.0,0.0,1.0
14,170,1.2924177069024396,8.274274161335242,0.0,0.0,1.0,1.0,0.0,1.0
15,170,0.0,6.804298624702468,0.0,1.0,0.0,0.0,0.0,1.0
16,170,8.402582280459916,3.4028596188855467,0.0,0.0,0.0,0.0,1.0,1.0
17,170,10.125008496819875,1.7639086356128093,0.0,1.0,1.0,0.0,0.0,0.0
18,170,10.809803911341596,4.225281210556865,0.0,0.0,1.0,0.0,1.0,1.0
19,170,3.414108212712136,3.93253268509231,0.0,0.0,1.0,1.0,0.0,0.0
0,175,7.475425348682105,7.5363551018739425,0.0,0.0,1.0,0.0,0.0,0.0
1,175,5.575994002705832,5.105970894694908,1.0,0.0,0.0,1.0,0.0,1.0
2,175,6.9072540727012095,2.615206709676132,1.0,1.0,0.0,0.0,0.0,0.0
3,175,0.0,1.7251299846025567,1.0,0.0,0.0,1.0,0.0,1.0
4,175,3.3600014378618863,7.342443552254925,0.0,0.0,0.0,0.0,0.0,1.0
5,175,9.427439838198705,9.971392489526991,0.0,0.0,0.0,0.0,0.0,0.0
6,175,1.453369530125962,10.057587744022252,1.0,0.0,0.0,1.0,1.0,0.0
7,175,2.5164439786328003,10.00186109126448,0.0,1.0,0.0,1.0,0.0,1.0
8,175,0.0,8.573823194653393,1.0,0.0,1.0,1.0,1.0,0.0
9,175,9.934680650371472,0.0,0.0,1.0,0.0,0.0,1.0,0.0
10,175,6.068292606367611,11.95167314980032,1.0,1.0,0.0,1.0,0.0,0.0
11,175,10.97770329113779,11.878730714683732,0.0,1.0,0.0,0.0,0.0,0.0
12,175,4.997292933945721,9.62123645100938,0.0,0.0,0.0,1.0,1.0,0.0
13,175,12.0,12.0,0.0,0.0,1.0,0.0,0.0,1.0
14,175,1.2379733861580435,8.440186031802698,0.0,0.0,1.0,1.0,0.0,1.0
15,175,0.0,6.591852395177739,0.0,1.0,0.0,0.0,0.0,1.0
16,175,8.566064590060888,3.3582635490913044,0.0,0.0,0.0,0.0,1.0,1.0
17,175,10.129794590949604,1.8707734789970745,0.0,1.0,1.0,0.0,0.0,0.0
18,175,10.784013219544423,4.260822701671359,0.0,0.0,1.0,0.0,1.0,1.0
19,175,3.360978704507537,3.9059280441051087,0.0,0.0,1.0,1.0,0.0,0.0
0,180,7.497065817262972,7.593026958744683,0.0,0.0,1.0,0.0,0.0,0.0
1,180,5.5801868857134185,5.130332161485581,1.0,0.0,0.0,1.0,0.0,1.0
2,180,6.944554981905578,2.598038683865552,1.0,1.0,0.0,0.0,0.0,0.0
3,180,0.0,1.7296978396495652,1.0,0.0,0.0,1.0,0.0,1.0
4,180,3.379207183052389,7.332092465620843,0.0,0.0,0.0,0.0,0.0,1.0
5,180,9.330991677283832,10.056423326188948,0.0,0.0,0.0,0.0,0.0,0.0
6,180,1.4106259757829591,10.061512790805851,1.0,0.0,0.0,1.0,1.0,0.0
7,180,2.408697226487314,9.910897943634584,0.0,1.0,0.0,1.0,0.0,1.0
8,180,0.0,8.46493868953816,1.0,0.0,1.0,1.0,1.0,0.0
9,180,9.935345872486142,0.0,0.0,1.0,0.0,0.0,1.0,0.0
10,180,6.011319020773021,12.0,1.0,1.0,0.0,1.0,0.0,0.0
11,180,10.935312786083845,11.886097424694364,0.0,1.0,0.0,0.0,0.0,0.0
12,180,4.944298745894177,9.65119465363897,0.0,0.0,0.0,1.0,1.0,0.0
13,180,12.0,12.0,0.0,0.0,1.0,0.0,0.0,1.0
14,180,1.189139055464454,8.581288728554107,0.0,0.0,1.0,1.0,0.0,1.0
15,180,0.0,6.391788158887015,0.0,1.0,0.0,0.0,0.0,1.0
16,180,8.769846864983322,3.304049609537006,0.0,0.0,0.0,0.0,1.0,1.0
17,180,10.13589076010602,1.961242027201108,0.0,1.0,1.0,0.0,0.0,0.0
18,180,10.75012827250793,4.305987256177607,0.0,0.0,1.0,0.0,1.0,1.0
19,180,3.293670271050874,3.871704829399176,0.0,0.0,1.0,1.0,0.0,0.0
0,185,7.52299221237708,7.657079439337904,0.0,0.0,1.0,0.0,0.0,0.0
1,185,5.582808231926018,5.144799821397602,1.0,0.0,0.0,1.0,0.0,1.0
2,185,6.972152363642087,2.585385751236408,1.0,1.0,0.0,0.0,0.0,0.0
3,185,0.0,1.7390084047530523,1.0,0.0,0.0,1.0,0.0,1.0
4,185,3.387088607627096,7.327716020465063,0.0,0.0,0.0,0.0,0.0,1.0
5,185,9.235957211260867,10.142879363871083,0.0,0.0,0.0,0.0,0.0,0.0
6,185,1.3394974310247647,10.068184029142827,1.0,0.0,0.0,1.0,1.0,0.0
7,185,2.322241048394348,9.840522932598288,0.0,1.0,0.0,1.0,0.0,1.0
8,185,0.0,8.37445310261912,1.0,0.0,1.0,1.0,1.0,0.0
9,185,9.935572901438372,0.0,0.0,1.0,0.0,0.0,1.0,0.0
10,185,5.955126335097509,12.0,1.0,1.0,0.0,1.0,0.0,0.0
11,185,10.920667275234438,11.889006975136835,0.0,1.0,0.0,0.0,0.0,0.0
12,185,4.878744480918744,9.69050475902058,0.0,0.0,0.0,1.0,1.0,0.0
13,185,12.0,12.0,0.0,0.0,1.0,0.0,0.0,1.0
14,185,1.138936807603348,8.731895527800022,0.0,0.0,1.0,1.0,0.0,1.0
15,185,0.0,6.208035170649743,0.0,1.0,0.0,0.0,0.0,1.0
16,185,8.993027877303609,3.2429373104970773,0.0,0.0,0.0,0.0,1.0,1.0
17,185,10.143615201179664,2.051448232740207,0.0,1.0,1.0,0.0,0.0,0.0
18,185,10.715378100421496,4.3490609120129005,0.0,0.0,1.0,0.0,1.0,1.0
19,185,3.243521511483737,3.84627048594567,0.0,0.0,1.0,1.0,0.0,0.0
0,190,7.546115891764761,7.710721018568917,0.0,0.0,1.0,0.0,0.0,0.0
1,190,5.585295138707277,5.155883447016323,1.0,0.0,0.0,1.0,0.0,1.0
2,190,7.010111468541687,2.5686694227239006,1.0,1.0,0.0,0.0,0.0,0.0
3,190,0.0,1.7504162931843397,1.0,0.0,0.0,1.0,0.0,1.0
4,190,3.3965662720261207,7.322342771485912,0.0,0.0,0.0,0.0,0.0,1.0
5,190,9.150948287733328,10.224120919892137,0.0,0.0,0.0,0.0,0.0,0.0
6,190,1.2791769130697177,10.072619695189912,1.0,0.0,0.0,1.0,1.0,0.0
7,190,2.2408376726952826,9.772926869176125,0.0,1.0,0.0,1.0,0.0,1.0
8,190,0.0,8.284542928468026,1.0,0.0,1.0,1.0,1.0,0.0
9,190,9.935664316763628,0.0102189504113187,0.0,1.0,0.0,0.0,1.0,0.0
10,190,5.881481767164042,12.0,1.0,1.0,0.0,1.0,0.0,0.0
11,190,10.910164642932225,11.890880622755851,0.0,1.0,0.0,0.0,0.0,0.0
12,190,4.828757522637061,9.720948092822065,0.0,0.0,0.0,1.0,1.0,0.0
13,190,12.0,12.0,0.0,0.0,1.0,0.0,0.0,1.0
14,190,1.080454703114296,8.890045607893823,0.0,0.0,1.0,1.0,0.0,1.0
15,190,0.0,6.027124477200924,0.0,1.0,0.0,0.0,0.0,1.0
16,190,9.210756946315836,3.18181628430478,0.0,0.0,0.0,0.0,1.0,1.0
17,190,10.153133623918166,2.153517108775622,0.0,1.0,1.0,0.0,0.0,0.0
18,190,10.67539683258765,4.400311308373677,0.0,0.0,1.0,0.0,1.0,1.0
19,190,3.184332586410457,3.8166340564935872,0.0,0.0,1.0,1.0,0.0,0.0
0,195,7.56984398022912,7.771818381268534,0.0,0.0,1.0,0.0,0.0,0.0
1,195,5.587788998712487,5.167073214333758,1.0,0.0,0.0,1.0,0.0,1.0
2,195,7.026136241191206,2.56161935263264,1.0,1.0,0.0,0.0,0.0,0.0
3,195,0.0,1.7597763515944918,1.0,0.0,0.0,1.0,0.0,1.0
4,195,3.389246462624572,7.326548372322871,0.0,0.0,0.0,0.0,0.0,1.0
5,195,9.043024048092656,10.328037846315937,0.0,0.0,0.0,0.0,0.0,0.0
6,195,1.2105273869701074,10.07736527140015,1.0,0.0,0.0,1.0,1.0,0.0
7,195,2.1554196073633127,9.70048831798117,0.0,1.0,0.0,1.0,0.0,1.0
8,195,0.0,8.201553630263954,1.0,0.0,1.0,1.0,1.0,0.0
9,195,9.93566323994062,0.0093881608442897,0.0,1.0,0.0,0.0,1.0,0.0
10,195,5.810551838311965,12.0,1.0,1.0,0.0,1.0,0.0,0.0
11,195,10.896568286524484,11.89332590716228,0.0,1.0,0.0,0.0,0.0,0.0
12,195,4.765292576076293,9.763177051091487,0.0,0.0,0.0,1.0,1.0,0.0
13,195,12.0,12.0,0.0,0.0,1.0,0.0,0.0,1.0
14,195,1.0228689771419743,9.051664353182352,0.0,0.0,1.0,1.0,0.0,1.0
15,195,0.0,5.862172657466069,0.0,1.0,0.0,0.0,0.0,1.0
16,195,9.41757139622604,3.1217203572366827,0.0,0.0,0.0,0.0,1.0,1.0
17,195,10.16715954067099,2.277026341033962,0.0,1.0,1.0,0.0,0.0,0.0
18,195,10.646865799072836,4.438302303630879,0.0,0.0,1.0,0.0,1.0,1.0
19,195,3.1220338501764737,3.7850134331030696,0.0,0.0,1.0,1.0,0.0,0.0
0,200,7.593381370498731,7.832866980322721,0.0,0.0,1.0,0.0,0.0,0.0
1,200,5.593794313470871,5.193669596220272,1.0,0.0,0.0,1.0,0.0,1.0
2,200,7.028991490878131,2.5602635711044064,1.0,1.0,0.0,0.0,0.0,0.0
3,200,0.0,1.7661477288934992,1.0,0.0,0.0,1.0,0.0,1.0
4,200,3.397272967854484,7.321912543324347,0.0,0.0,0.0,0.0,0.0,1.0
5,200,8.93175838642387,10.430603495326515,0.0,0.0,0.0,0.0,0.0,0.0
6,200,1.1411040021623993,10.080030401956424,1.0,0.0,0.0,1.0,1.0,0.0
7,200,2.068230579931841,9.626943008827093,0.0,1.0,0.0,1.0,0.0,1.0
8,200,0.0,8.118500846019305,1.0,0.0,1.0,1.0,1.0,0.0
9,200,9.935808640188094,0.0207296152687681,0.0,1.0,0.0,0.0,1.0,0.0
10,200,5.719629945821759,12.0,1.0,1.0,0.0,1.0,0.0,0.0
11,200,10.88080819305101,11.89578330175145,0.0,1.0,0.0,0.0,0.0,0.0
12,200,4.707360520843641,9.803522367110803,0.0,0.0,0.0,1.0,1.0,0.0
13,200,12.0,12.0,0.0,0.0,1.0,0.0,0.0,1.0
14,200,0.967521679985661,9.20556618364001,0.0,0.0,1.0,1.0,0.0,1.0
15,200,0.0,5.697979696424438,0.0,1.0,0.0,0.0,0.0,1.0
16,200,9.610356125097484,3.065180910443394,0.0,0.0,0.0,0.0,1.0,1.0
17,200,10.182219343715603,2.4115839835453934,0.0,1.0,1.0,0.0,0.0,0.0
18,200,10.602282574476511,4.49321346472471,0.0,0.0,1.0,0.0,1.0,1.0
19,200,3.049888777484218,3.7458219055653066,0.0,0.0,1.0,1.0,0.0,0.0
0,205,7.619655018017753,7.900060362137821,0.0,0.0,1.0,0.0,0.0,0.0
1,205,5.601062974717252,5.227171713454951,1.0,0.0,0.0,1.0,0.0,1.0
2,205,7.047468316027972,2.552025688811902,1.0,1.0,0.0,0.0,0.0,0.0
3,205,0.0,1.7743805017095349,1.0,0.0,0.0,1.0,0.0,1.0
4,205,3.4157590371356163,7.310644090582257,0.0,0.0,0.0,0.0,0.0,1.0
5,205,8.815981355431397,10.540593015140017,0.0,0.0,0.0,0.0,0.0,0.0
6,205,1.0791573904935094,10.080700405097312,1.0,0.0,0.0,1.0,1.0,0.0
7,205,1.9826260006587744,9.555778904685504,0.0,1.0,0.0,1.0,0.0,1.0
8,205,0.0,8.03817195876715,1.0,0.0,1.0,1.0,1.0,0.0
9,205,9.935845774702832,0.0232405437619761,0.0,1.0,0.0,0.0,1.0,0.0
10,205,5.6477655018529855,12.0,1.0,1.0,0.0,1.0,0.0,0.0
11,205,10.869339225967709,11.897502181608884,0.0,1.0,0.0,0.0,0.0,0.0
12,205,4.64879327738471,9.842752002565357,0.0,0.0,0.0,1.0,1.0,0.0
13,205,12.0,12.0,0.0,0.0,1.0,0.0,0.0,1.0
14,205,0.9084535796645072,9.3670200029235,0.0,0.0,1.0,1.0,0.0,1.0
15,205,0.0,5.513885361699224,0.0,1.0,0.0,0.0,0.0,1.0
16,205,9.80571852765296,3.010367988982729,0.0,0.0,0.0,0.0,1.0,1.0
17,205,10.199252625115967,2.5339113779445728,0.0,1.0,1.0,0.0,0.0,0.0
18,205,10.572822883316784,4.529894819941251,0.0,0.0,1.0,0.0,1.0,1.0
19,205,2.9777810904959043,3.704790811230172,0.0,0.0,1.0,1.0,0.0,0.0
0,210,7.636080111691176,7.941685715453224,0.0,0.0,1.0,0.0,0.0,0.0
1,210,5.602798827043056,5.235938497767849,1.0,0.0,0.0,1.0,0.0,1.0
2,210,7.050172026409364,2.5507493428058408,1.0,1.0,0.0,0.0,0.0,0.0
3,210,0.0,1.7765153862598118,1.0,0.0,0.0,1.0,0.0,1.0
4,210,3.432635374284541,7.300627798582441,0.0,0.0,0.0,0.0,0.0,1.0
5,210,8.705872568588841,10.653463806629096,0.0,0.0,0.0,0.0,0.0,0.0
6,210,1.0046638286918996,10.083702165458716,1.0,0.0,0.0,1.0,1.0,0.0
7,210,1.8820351523264152,9.474222184302691,0.0,1.0,0.0,1.0,0.0,1.0
8,210,0.0,7.955188911825206,1.0,0.0,1.0,1.0,1.0,0.0
9,210,9.935926984320512,0.0301263982830299,0.0,1.0,0.0,0.0,1.0,0.0
10,210,5.580391832217417,12.0,1.0,1.0,0.0,1.0,0.0,0.0
11,210,10.86039990811863,11.8989413477885,0.0,1.0,0.0,0.0,0.0,0.0
12,210,4.576672845289409,9.890326339711365,0.0,0.0,0.0,1.0,1.0,0.0
13,210,12.0,12.0,0.0,0.0,1.0,0.0,0.0,1.0
14,210,0.8364308468733124,9.550762322371869,0.0,0.0,1.0,1.0,0.0,1.0
15,210,0.0,5.310735570430207,0.0,1.0,0.0,0.0,0.0,1.0
16,210,9.985961400302337,2.9577140498059324,0.0,0.0,0.0,0.0,1.0,1.0
17,210,10.217674855075076,2.651017422513657,0.0,1.0,1.0,0.0,0.0,0.0
18,210,10.54358785914334,4.566138058500432,0.0,0.0,1.0,0.0,1.0,1.0
19,210,2.913636212488933,3.66759549549723,0.0,0.0,1.0,1.0,0.0,0.0
0,215,7.65025917228102,7.979570592245248,0.0,0.0,1.0,0.0,0.0,0.0
1,215,5.605054372318532,5.247995721181069,1.0,0.0,0.0,1.0,0.0,1.0
2,215,7.03987280389156,2.5557909877283467,1.0,1.0,0.0,0.0,0.0,0.0
3,215,0.0,1.7802789728904602,1.0,0.0,0.0,1.0,0.0,1.0
4,215,3.4583284675772856,7.286027933218282,0.0,0.0,0.0,0.0,0.0,1.0
5,215,8.597030907855812,10.765349644669357,0.0,0.0,0.0,0.0,0.0,0.0
6,215,0.951994580847395,10.085363851644855,1.0,0.0,0.0,1.0,1.0,0.0
7,215,1.7775417511227458,9.392592579898768,0.0,1.0,0.0,1.0,0.0,1.0
8,215,0.0,7.868815399269695,1.0,0.0,1.0,1.0,1.0,0.0
9,215,9.93612378607555,0.0566742507522638,0.0,1.0,0.0,0.0,1.0,0.0
10,215,5.525297919295251,12.0,1.0,1.0,0.0,1.0,0.0,0.0
11,215,10.84488382592196,11.901321477344409,0.0,1.0,0.0,0.0,0.0,0.0
12,215,4.489029147542992,9.944738881366805,0.0,0.0,0.0,1.0,1.0,0.0
13,215,12.0,12.0,0.0,0.0,1.0,0.0,0.0,1.0
14,215,0.7664827813802383,9.733246414290486,0.0,0.0,1.0,1.0,0.0,1.0
15,215,0.0,5.101557564544302,0.0,1.0,0.0,0.0,0.0,1.0
16,215,10.15350736971278,2.908594360942822,0.0,0.0,0.0,0.0,1.0,1.0
17,215,10.236410808447236,2.793569661132125,0.0,1.0,1.0,0.0,0.0,0.0
18,215,10.511824974748205,4.604623797458787,0.0,0.0,1.0,0.0,1.0,1.0
19,215,2.855125128503179,3.635154607235617,0.0,0.0,1.0,1.0,0.0,0.0
0,220,7.665129254756617,8.018881564210567,0.0,0.0,1.0,0.0,0.0,0.0
1,220,5.607897085784038,5.263267817438122,1.0,0.0,0.0,1.0,0.0,1.0
2,220,7.021267769427201,2.56469809169908,1.0,1.0,0.0,0.0,0.0,0.0
3,220,0.0,1.7873676390912203,1.0,0.0,0.0,1.0,0.0,1.0
4,220,3.4935958836608214,7.264720703601832,0.0,0.0,0.0,0.0,0.0,1.0
5,220,8.483904040220546,10.883225773176015,0.0,0.0,0.0,0.0,0.0,0.0
6,220,0.8953251361756122,10.086592827277345,1.0,0.0,0.0,1.0,1.0,0.0
7,220,1.671625287751182,9.30306478435388,0.0,1.0,0.0,1.0,0.0,1.0
8,220,0.0,7.791952267352806,1.0,0.0,1.0,1.0,1.0,0.0
9,220,9.936149489481352,0.0733992918694769,0.0,1.0,0.0,0.0,1.0,0.0
10,220,5.473133626734241,12.0,1.0,1.0,0.0,1.0,0.0,0.0
11,220,10.822234413397911,11.905167853963608,0.0,1.0,0.0,0.0,0.0,0.0
12,220,4.392600585575619,10.010280558004238,0.0,0.0,0.0,1.0,1.0,0.0
13,220,12.0,12.0,0.0,0.0,1.0,0.0,0.0,1.0
14,220,0.6986542634582433,9.911174172792895,0.0,0.0,1.0,1.0,0.0,1.0
15,220,0.0,4.883606761088193,0.0,1.0,0.0,0.0,0.0,1.0
16,220,10.340090576837891,2.851757038947061,0.0,0.0,0.0,0.0,1.0,1.0
17,220,10.25738888640782,2.948043307123913,0.0,1.0,1.0,0.0,0.0,0.0
18,220,10.486325247922572,4.636426392089728,0.0,0.0,1.0,0.0,1.0,1.0
19,220,2.77932388342552,3.5933252024659934,0.0,0.0,1.0,1.0,0.0,0.0
0,225,7.67519788349131,8.045462750999755,0.0,0.0,1.0,0.0,0.0,0.0
1,225,5.6061504283745816,5.254324191623389,1.0,0.0,0.0,1.0,0.0,1.0
2,225,7.009046510988484,2.5704656279180007,1.0,1.0,0.0,0.0,0.0,0.0
3,225,0.0131230498342529,1.7844405048954637,1.0,0.0,0.0,1.0,0.0,1.0
4,225,3.533712516671301,7.242170912622377,0.0,0.0,0.0,0.0,0.0,1.0
5,225,8.365673560617624,11.01036894369203,0.0,0.0,0.0,0.0,0.0,0.0
6,225,0.8331668441465447,10.088503491800063,1.0,0.0,0.0,1.0,1.0,0.0
7,225,1.5587221882229405,9.200892445295644,0.0,1.0,0.0,1.0,0.0,1.0
8,225,0.0,7.719935888033488,1.0,0.0,1.0,1.0,1.0,0.0
9,225,9.936646236493251,0.0859060077470783,0.0,1.0,0.0,0.0,1.0,0.0
10,225,5.430640184986499,12.0,1.0,1.0,0.0,1.0,0.0,0.0
11,225,10.775275010809114,11.911640601885413,0.0,1.0,0.0,0.0,0.0,0.0
12,225,4.285947505059302,10.08023048927724,0.0,0.0,0.0,1.0,1.0,0.0
13,225,12.0,12.0,0.0,0.0,1.0,0.0,0.0,1.0
14,225,0.6271330057036199,10.102796111142478,0.0,0.0,1.0,1.0,0.0,1.0
15,225,0.0,4.664993705639649,0.0,1.0,0.0,0.0,0.0,1.0
16,225,10.524804994671308,2.794591234386572,0.0,0.0,0.0,0.0,1.0,1.0
17,225,10.273676580319288,3.0681646435692542,0.0,1.0,1.0,0.0,0.0,0.0
18,225,10.447986133780196,4.67975604857928,0.0,0.0,1.0,0.0,1.0,1.0
19,225,2.683846308752583,3.539549513483977,0.0,0.0,1.0,1.0,0.0,0.0
0,230,7.690532669405743,8.089152065382033,0.0,0.0,1.0,0.0,0.0,0.0
1,230,5.604146688194833,5.24320744251717,1.0,0.0,0.0,1.0,0.0,1.0
2,230,6.999885187249388,2.5743356409282674,1.0,1.0,0.0,0.0,0.0,0.0
3,230,0.0228999802857174,1.7820204570758422,1.0,0.0,0.0,1.0,0.0,1.0
4,230,3.56891421024799,7.221840672006646,0.0,0.0,0.0,0.0,0.0,1.0
5,230,8.253357522311694,11.131234259597692,0.0,0.0,0.0,0.0,0.0,0.0
6,230,0.7630235366185304,10.09022208957131,1.0,0.0,0.0,1.0,1.0,0.0
7,230,1.450698307714614,9.103107877560088,0.0,1.0,0.0,1.0,0.0,1.0
8,230,0.0,7.652610973674522,1.0,0.0,1.0,1.0,1.0,0.0
9,230,9.936640758264804,0.0857843150332892,0.0,1.0,0.0,0.0,1.0,0.0
10,230,5.395055476820012,12.0,1.0,1.0,0.0,1.0,0.0,0.0
11,230,10.729810613411578,11.917555245314723,0.0,1.0,0.0,0.0,0.0,0.0
12,230,4.18988986568032,10.145121434006647,0.0,0.0,0.0,1.0,1.0,0.0
13,230,12.0,12.0,0.0,0.0,1.0,0.0,0.0,1.0
14,230,0.5533441260446578,10.304869787919037,0.0,0.0,1.0,1.0,0.0,1.0
15,230,0.0,4.438810380587154,0.0,1.0,0.0,0.0,0.0,1.0
16,230,10.702975138767448,2.7402744527423204,0.0,0.0,0.0,0.0,1.0,1.0
17,230,10.292633125633223,3.199313188841304,0.0,1.0,1.0,0.0,0.0,0.0
18,230,10.413353050507514,4.718632926641518,0.0,0.0,1.0,0.0,1.0,1.0
19,230,2.578939623533357,3.483925440060578,0.0,0.0,1.0,1.0,0.0,0.0
0,235,7.696414054540588,8.105319836573724,0.0,0.0,1.0,0.0,0.0,0.0
1,235,5.600340636282402,5.225371193697896,1.0,0.0,0.0,1.0,0.0,1.0
2,235,6.963608865772716,2.5901019064779973,1.0,1.0,0.0,0.0,0.0,0.0
3,235,0.0217615609914977,1.7822836990540365,1.0,0.0,0.0,1.0,0.0,1.0
4,235,3.590571409229781,7.209488887494466,0.0,0.0,0.0,0.0,0.0,1.0
5,235,8.134411062987647,11.262677139147865,0.0,0.0,0.0,0.0,0.0,0.0
6,235,0.6984729073833497,10.092456511973928,1.0,0.0,0.0,1.0,1.0,0.0
7,235,1.3328378589255991,8.99859649157283,0.0,1.0,0.0,1.0,0.0,1.0
8,235,0.0,7.582857453505351,1.0,0.0,1.0,1.0,1.0,0.0
9,235,9.936825531799109,0.08968980709917,0.0,1.0,0.0,0.0,1.0,0.0
10,235,5.35422176694382,12.0,1.0,1.0,0.0,1.0,0.0,0.0
11,235,10.65846340055132,11.927513087973448,0.0,1.0,0.0,0.0,0.0,0.0
12,235,4.067307326569848,10.224706237921076,0.0,0.0,0.0,1.0,1.0,0.0
13,235,12.0,12.0,0.0,0.0,1.0,0.0,0.0,1.0
14,235,0.4814994201374298,10.50061528446648,0.0,0.0,1.0,1.0,0.0,1.0
15,235,0.0,4.216781816061022,0.0,1.0,0.0,0.0,0.0,1.0
16,235,10.897923809066032,2.6850999731457974,0.0,0.0,0.0,0.0,1.0,1.0
17,235,10.174953286986277,3.2153544097580427,0.0,1.0,1.0,0.0,0.0,0.0
18,235,10.386239602926173,4.749296360761159,0.0,0.0,1.0,0.0,1.0,1.0
19,235,2.452108692425674,3.419180621064442,0.0,0.0,1.0,1.0,0.0,0.0
0,240,7.704669643307831,8.127757715477165,0.0,0.0,1.0,0.0,0.0,0.0
1,240,5.599012132028762,5.219321146731927,1.0,0.0,0.0,1.0,0.0,1.0
2,240,6.940503459041309,2.601004974056596,1.0,1.0,0.0,0.0,0.0,0.0
3,240,0.0270280556273354,1.7811754300180835,1.0,0.0,0.0,1.0,0.0,1.0
4,240,3.617074193172731,7.193367363271134,0.0,0.0,0.0,0.0,0.0,1.0
5,240,8.010257238596946,11.39309223820138,0.0,0.0,0.0,0.0,0.0,0.0
6,240,0.6029377211154465,10.095666414393529,1.0,0.0,0.0,1.0,1.0,0.0
7,240,1.2287897178217084,8.899926275331513,0.0,1.0,0.0,1.0,0.0,1.0
8,240,0.0,7.504214817758717,1.0,0.0,1.0,1.0,1.0,0.0
9,240,9.936321939716956,0.0818823417770735,0.0,1.0,0.0,0.0,1.0,0.0
10,240,5.3106590743846365,12.0,1.0,1.0,0.0,1.0,0.0,0.0
11,240,10.574398685281327,11.937936504679568,0.0,1.0,0.0,0.0,0.0,0.0
12,240,3.9418226561851366,10.305897047923404,0.0,0.0,0.0,1.0,1.0,0.0
13,240,12.0,12.0,0.0,0.0,1.0,0.0,0.0,1.0
14,240,0.4145367331821706,10.690906062612296,0.0,0.0,1.0,1.0,0.0,1.0
15,240,0.0,3.99247246432658,0.0,1.0,0.0,0.0,0.0,1.0
16,240,11.107999338736242,2.6231365179600714,0.0,0.0,0.0,0.0,1.0,1.0
17,240,10.077958206811507,3.2316487882083127,0.0,1.0,1.0,0.0,0.0,0.0
18,240,10.36562244373258,4.7728599893430985,0.0,0.0,1.0,0.0,1.0,1.0
19,240,2.3208996115183407,3.354748557733816,0.0,0.0,1.0,1.0,0.0,0.0
0,245,7.702959541682998,8.123332824499839,0.0,0.0,1.0,0.0,0.0,0.0
1,245,5.593460072966896,5.194224161041618,1.0,0.0,0.0,1.0,0.0,1.0
2,245,6.925605033111598,2.607792019443881,1.0,1.0,0.0,0.0,0.0,0.0
3,245,0.0214725554123796,1.7823197167228713,1.0,0.0,0.0,1.0,0.0,1.0
4,245,3.637898164377434,7.180807751580522,0.0,0.0,0.0,0.0,0.0,1.0
5,245,7.897398875042548,11.50967117312177,0.0,0.0,0.0,0.0,0.0,0.0
6,245,0.5007566921317063,10.101176524385751,1.0,0.0,0.0,1.0,1.0,0.0
7,245,1.1335387022475918,8.80873322079141,0.0,1.0,0.0,1.0,0.0,1.0
8,245,0.0,7.429211134283284,1.0,0.0,1.0,1.0,1.0,0.0
9,245,9.935698632874283,0.0623195951786374,0.0,1.0,0.0,0.0,1.0,0.0
10,245,5.259415264420958,12.0,1.0,1.0,0.0,1.0,0.0,0.0
11,245,10.497124299324794,11.944920593947437,0.0,1.0,0.0,0.0,0.0,0.0
12,245,3.8104491202929966,10.392397229462247,0.0,0.0,0.0,1.0,1.0,0.0
13,245,12.0,12.0,0.0,0.0,1.0,0.0,0.0,1.0
14,245,0.3435292264667378,10.874510400392236,0.0,0.0,1.0,1.0,0.0,1.0
15,245,0.0,3.757851609210467,0.0,1.0,0.0,0.0,0.0,1.0
16,245,11.338322942145242,2.560962149183219,0.0,0.0,0.0,0.0,1.0,1.0
17,245,9.982111370074197,3.248359052242007,0.0,1.0,1.0,0.0,0.0,0.0
18,245,10.362032210310565,4.776971214078144,0.0,0.0,1.0,0.0,1.0,1.0
19,245,2.2073656393127394,3.292341046331112,0.0,0.0,1.0,1.0,0.0,0.0
0,250,7.698830139083203,8.112322337718242,0.0,0.0,1.0,0.0,0.0,0.0
1,250,5.58501263004696,5.1523495083664805,1.0,0.0,0.0,1.0,0.0,1.0
2,250,6.91058308541407,2.614569157414752,1.0,1.0,0.0,0.0,0.0,0.0
3,250,0.0114678268097784,1.784252720444615,1.0,0.0,0.0,1.0,0.0,1.0
4,250,3.6618908189457686,7.166984958179687,0.0,0.0,0.0,0.0,0.0,1.0
5,250,7.777812385932174,11.64383030268102,0.0,0.0,0.0,0.0,0.0,0.0
6,250,0.4913067363971601,9.9916109942721,1.0,0.0,0.0,1.0,1.0,0.0
7,250,1.0133628184727173,8.691332840073828,0.0,1.0,0.0,1.0,0.0,1.0
8,250,0.0,7.359028858833478,1.0,0.0,1.0,1.0,1.0,0.0
9,250,9.934864679566944,0.0407413571911432,0.0,1.0,0.0,0.0,1.0,0.0
10,250,5.208105945914934,12.0,1.0,1.0,0.0,1.0,0.0,0.0
11,250,10.42110754762674,11.949748451989144,0.0,1.0,0.0,0.0,0.0,0.0
12,250,3.674890275156376,10.486140568860074,0.0,0.0,0.0,1.0,1.0,0.0
13,250,12.0,12.0,0.0,0.0,1.0,0.0,0.0,1.0
14,250,0.271246581038539,11.064494221535064,0.0,0.0,1.0,1.0,0.0,1.0
15,250,0.0,3.515924498055327,0.0,1.0,0.0,0.0,0.0,1.0
16,250,11.563194018642085,2.508160570889825,0.0,0.0,0.0,0.0,1.0,1.0
17,250,9.884138174709731,3.262163787860131,0.0,1.0,1.0,0.0,0.0,0.0
18,250,10.359729708426173,4.779549342433143,0.0,0.0,1.0,0.0,1.0,1.0
19,250,2.091584379748289,3.2266843624792627,0.0,0.0,1.0,1.0,0.0,0.0
0,255,7.698619795319557,8.111780571809168,0.0,0.0,1.0,0.0,0.0,0.0
1,255,5.573244202993212,5.090049184065863,1.0,0.0,0.0,1.0,0.0,1.0
2,255,6.903510043421382,2.6179555040997373,1.0,1.0,0.0,0.0,0.0,0.0
3,255,0.0072058001263312,1.7850707966618042,1.0,0.0,0.0,1.0,0.0,1.0
4,255,3.68729260350835,7.153119866454023,0.0,0.0,0.0,0.0,0.0,1.0
5,255,7.666426003974552,11.776657646835972,0.0,0.0,0.0,0.0,0.0,0.0
6,255,0.4834427685245188,9.88744280648251,1.0,0.0,0.0,1.0,1.0,0.0
7,255,0.8898093423903107,8.572909596995794,0.0,1.0,0.0,1.0,0.0,1.0
8,255,0.0,7.301636411483779,1.0,0.0,1.0,1.0,1.0,0.0
9,255,9.934507221009127,0.0213559017444607,0.0,1.0,0.0,0.0,1.0,0.0
10,255,5.16231777849927,12.0,1.0,1.0,0.0,1.0,0.0,0.0
11,255,10.34969460605094,11.951778234091249,0.0,1.0,0.0,0.0,0.0,0.0
12,255,3.537113989089617,10.57929762149556,0.0,0.0,0.0,1.0,1.0,0.0
13,255,12.0,12.0,0.0,0.0,1.0,0.0,0.0,1.0
14,255,0.1848995935312938,11.269042655414085,0.0,0.0,1.0,1.0,0.0,1.0
15,255,0.0,3.269465850731159,0.0,1.0,0.0,0.0,0.0,1.0
16,255,11.784309702252028,2.452044352499548,0.0,0.0,0.0,0.0,1.0,1.0
17,255,9.776587955651625,3.2808366653359977,0.0,1.0,1.0,0.0,0.0,0.0
18,255,10.366353694755883,4.77249802159554,0.0,0.0,1.0,0.0,1.0,1.0
19,255,1.9963501879282468,3.1720874368401963,0.0,0.0,1.0,1.0,0.0,0.0
0,260,7.698813610118336,8.112287151377615,0.0,0.0,1.0,0.0,0.0,0.0
1,260,5.559255941181279,5.014619653332964,1.0,0.0,0.0,1.0,0.0,1.0
2,260,6.878670639216357,2.629396852432401,1.0,1.0,0.0,0.0,0.0,0.0
3,260,0.0037825373970055,1.7856840884882976,1.0,0.0,0.0,1.0,0.0,1.0
4,260,3.71308057080362,7.139303919532948,0.0,0.0,0.0,0.0,0.0,1.0
5,260,7.559341732632214,11.909128702804823,0.0,0.0,0.0,0.0,0.0,0.0
6,260,0.4746800134079643,9.781965941944904,1.0,0.0,0.0,1.0,1.0,0.0
7,260,0.7825225761295435,8.47439586325174,0.0,1.0,0.0,1.0,0.0,1.0
8,260,0.0,7.232467598457975,1.0,0.0,1.0,1.0,1.0,0.0
9,260,9.935179351636602,0.0,0.0,1.0,0.0,0.0,1.0,0.0
10,260,5.109640773062302,12.0,1.0,1.0,0.0,1.0,0.0,0.0
11,260,10.273297855538573,11.954350203177212,0.0,1.0,0.0,0.0,0.0,0.0
12,260,3.392604979637167,10.67611338987637,0.0,0.0,0.0,1.0,1.0,0.0
13,260,12.0,12.0,0.0,0.0,1.0,0.0,0.0,1.0
14,260,0.0982000516358189,11.48940857975211,0.0,0.0,1.0,1.0,0.0,1.0
15,260,0.0,3.0161859876448385,0.0,1.0,0.0,0.0,0.0,1.0
16,260,12.0,2.389317312921304,0.0,0.0,0.0,0.0,1.0,1.0
17,260,9.674070553292443,3.296440351509985,0.0,1.0,1.0,0.0,0.0,0.0
18,260,10.36304560422588,4.776045070924842,0.0,0.0,1.0,0.0,1.0,1.0
19,260,1.9264413748749467,3.1338160409669173,0.0,0.0,1.0,1.0,0.0,0.0
0,265,7.702133940157409,8.121204161787595,0.0,0.0,1.0,0.0,0.0,0.0
1,265,5.546629903125173,4.951729685628583,1.0,0.0,0.0,1.0,0.0,1.0
2,265,6.856936090516761,2.6397931947676216,1.0,1.0,0.0,0.0,0.0,0.0
3,265,0.0070806187164722,1.7851502306199192,1.0,0.0,0.0,1.0,0.0,1.0
4,265,3.738850803375414,7.125300907739929,0.0,0.0,0.0,0.0,0.0,1.0
5,265,7.440475115125514,12.0,0.0,0.0,0.0,0.0,0.0,0.0
6,265,0.4671060034734069,9.687680392542328,1.0,0.0,0.0,1.0,1.0,0.0
7,265,0.6803414003774104,8.375452196511038,0.0,1.0,0.0,1.0,0.0,1.0
8,265,0.0,7.156943015354323,1.0,0.0,1.0,1.0,1.0,0.0
9,265,9.936433666374066,0.0,0.0,1.0,0.0,0.0,1.0,0.0
10,265,5.052337053091823,12.0,1.0,1.0,0.0,1.0,0.0,0.0
11,265,10.178729532339675,11.957401398619048,0.0,1.0,0.0,0.0,0.0,0.0
12,265,3.26874810397706,10.7613228098506,0.0,0.0,0.0,1.0,1.0,0.0
13,265,12.0,12.0,0.0,0.0,1.0,0.0,0.0,1.0
14,265,0.005148676686051,11.720277965836514,0.0,0.0,1.0,1.0,0.0,1.0
15,265,0.0,2.7645369178149783,0.0,1.0,0.0,0.0,0.0,1.0
16,265,12.0,2.312152973972271,0.0,0.0,0.0,0.0,1.0,1.0
17,265,9.592007745104628,3.30892550707266,0.0,1.0,1.0,0.0,0.0,0.0
18,265,10.362168046405667,4.777041039118569,0.0,0.0,1.0,0.0,1.0,1.0
19,265,1.8425747844873064,3.086206916896744,0.0,0.0,1.0,1.0,0.0,0.0
0,270,7.708280562492994,8.137236023000984,0.0,0.0,1.0,0.0,0.0,0.0
1,270,5.540897421766408,4.920942833532584,1.0,0.0,0.0,1.0,0.0,1.0
2,270,6.847194522582368,2.6446440705036918,1.0,1.0,0.0,0.0,0.0,0.0
3,270,0.0192011469209119,1.7833248785146194,1.0,0.0,0.0,1.0,0.0,1.0
4,270,3.781896931550509,7.101407847558686,0.0,0.0,0.0,0.0,0.0,1.0
5,270,7.324773975944037,12.0,0.0,0.0,0.0,0.0,0.0,0.0
6,270,0.4583389879690744,9.59802697736678,1.0,0.0,0.0,1.0,1.0,0.0
7,270,0.5750505207538723,8.277833942958383,0.0,1.0,0.0,1.0,0.0,1.0
8,270,0.0,7.066867467610273,1.0,0.0,1.0,1.0,1.0,0.0
9,270,9.9372524369341,0.0,0.0,1.0,0.0,0.0,1.0,0.0
10,270,5.008266706880316,12.0,1.0,1.0,0.0,1.0,0.0,0.0
11,270,10.086641547119502,11.960541321519994,0.0,1.0,0.0,0.0,0.0,0.0
12,270,3.133112825788756,10.855858126228496,0.0,0.0,0.0,1.0,1.0,0.0
13,270,12.0,12.0,0.0,0.0,1.0,0.0,0.0,1.0
14,270,0.0,11.94428390161464,0.0,0.0,1.0,1.0,0.0,1.0
15,270,0.0,2.502753020026627,0.0,1.0,0.0,0.0,0.0,1.0
16,270,12.0,2.2359007960197776,0.0,0.0,0.0,0.0,1.0,1.0
17,270,9.532545905781507,3.319122864687453,0.0,1.0,1.0,0.0,0.0,0.0
18,270,10.367533159042354,4.770863087232066,0.0,0.0,1.0,0.0,1.0,1.0
19,270,1.75849145194008,3.03844335919048,0.0,0.0,1.0,1.0,0.0,0.0
0,275,7.718459314094037,8.165164303107723,0.0,0.0,1.0,0.0,0.0,0.0
1,275,5.535586227515185,4.894221580031077,1.0,0.0,0.0,1.0,0.0,1.0
2,275,6.830959207157672,2.652894457601403,1.0,1.0,0.0,0.0,0.0,0.0
3,275,0.0181287404738684,1.783483550460778,1.0,0.0,0.0,1.0,0.0,1.0
4,275,3.8267950867383296,7.07595248267004,0.0,0.0,0.0,0.0,0.0,1.0
5,275,7.206767039095924,12.0,0.0,0.0,0.0,0.0,0.0,0.0
6,275,0.4487127521838058,9.516945263263803,1.0,0.0,0.0,1.0,1.0,0.0
7,275,0.47433707603644,8.185023250588216,0.0,1.0,0.0,1.0,0.0,1.0
8,275,0.0,6.978437458852579,1.0,0.0,1.0,1.0,1.0,0.0
9,275,9.937430382747,0.0,0.0,1.0,0.0,0.0,1.0,0.0
10,275,4.959360528387269,12.0,1.0,1.0,0.0,1.0,0.0,0.0
11,275,9.984246440721629,11.963077755492408,0.0,1.0,0.0,0.0,0.0,0.0
12,275,2.98319059659833,10.960301677395906,0.0,0.0,0.0,1.0,1.0,0.0
13,275,12.0,12.0,0.0,0.0,1.0,0.0,0.0,1.0
14,275,0.0,12.0,0.0,0.0,1.0,1.0,0.0,1.0
15,275,0.0,2.242012349852589,0.0,1.0,0.0,0.0,0.0,1.0
16,275,12.0,2.1491069669450926,0.0,0.0,0.0,0.0,1.0,1.0
17,275,9.481162465195007,3.3293495937230118,0.0,1.0,1.0,0.0,0.0,0.0
18,275,10.36396365045245,4.775144958683298,0.0,0.0,1.0,0.0,1.0,1.0
19,275,1.6864780402417892,2.9976884538588204,0.0,0.0,1.0,1.0,0.0,0.0
0,280,7.726715434555792,8.188753210099932,0.0,0.0,1.0,0.0,0.0,0.0
1,280,5.5298219706971405,4.867238378653387,1.0,0.0,0.0,1.0,0.0,1.0
2,280,6.834362425248789,2.6511275146162685,1.0,1.0,0.0,0.0,0.0,0.0
3,280,0.0039906724418763,1.7852053967151775,1.0,0.0,0.0,1.0,0.0,1.0
4,280,3.875952439900974,7.049795188920396,0.0,0.0,0.0,0.0,0.0,1.0
5,280,7.078318588170267,12.0,0.0,0.0,0.0,0.0,0.0,0.0
6,280,0.4347780015097552,9.4125313344474,1.0,0.0,0.0,1.0,1.0,0.0
7,280,0.5804179437826524,8.080298850986559,0.0,1.0,0.0,1.0,0.0,1.0
8,280,0.0,6.88560888034278,1.0,0.0,1.0,1.0,1.0,0.0
9,280,9.93787617351336,0.0,0.0,1.0,0.0,0.0,1.0,0.0
10,280,4.908633316046598,12.0,1.0,1.0,0.0,1.0,0.0,0.0
11,280,9.901150358169131,11.96309310775108,0.0,1.0,0.0,0.0,0.0,0.0
12,280,2.8239862875872825,11.067708031833412,0.0,0.0,0.0,1.0,1.0,0.0
13,280,12.0,12.0,0.0,0.0,1.0,0.0,0.0,1.0
14,280,0.0,12.0,0.0,0.0,1.0,1.0,0.0,1.0
15,280,0.0,1.9807765049847688,0.0,1.0,0.0,0.0,0.0,1.0
16,280,12.0,2.065081512206676,0.0,0.0,0.0,0.0,1.0,1.0
17,280,9.43981412951229,3.3365434296829752,0.0,1.0,1.0,0.0,0.0,0.0
18,280,10.366125040664262,4.77245680729221,0.0,0.0,1.0,0.0,1.0,1.0
19,280,1.6226689507618692,2.961142538503853,0.0,0.0,1.0,1.0,0.0,0.0
0,285,7.734192039079797,8.210581166746282,0.0,0.0,1.0,0.0,0.0,0.0
1,285,5.527412982064875,4.854655665063047,1.0,0.0,0.0,1.0,0.0,1.0
2,285,6.839732854755111,2.648469823294049,1.0,1.0,0.0,0.0,0.0,0.0
3,285,0.0,1.788178848606836,1.0,0.0,0.0,1.0,0.0,1.0
4,285,3.9228925300537902,7.024456803132502,0.0,0.0,0.0,0.0,0.0,1.0
5,285,6.956365584950663,12.0,0.0,0.0,0.0,0.0,0.0,0.0
6,285,0.4181162914583074,9.282858767790378,1.0,0.0,0.0,1.0,1.0,0.0
7,285,0.6890527143533194,7.975785967878212,0.0,1.0,0.0,1.0,0.0,1.0
8,285,0.0,6.799664511840813,1.0,0.0,1.0,1.0,1.0,0.0
9,285,9.938704316975237,0.0,0.0,1.0,0.0,0.0,1.0,0.0
10,285,4.850757784062889,12.0,1.0,1.0,0.0,1.0,0.0,0.0
11,285,9.828204787136208,11.962114558490574,0.0,1.0,0.0,0.0,0.0,0.0
12,285,2.6490950445722152,11.18845194400181,0.0,0.0,0.0,1.0,1.0,0.0
13,285,12.0,12.0,0.0,0.0,1.0,0.0,0.0,1.0
14,285,0.0,12.0,0.0,0.0,1.0,1.0,0.0,1.0
15,285,0.0,1.7176924475487665,0.0,1.0,0.0,0.0,0.0,1.0
16,285,12.0,1.97906036297784,0.0,0.0,0.0,0.0,1.0,1.0
17,285,9.42340023434,3.339021348655697,0.0,1.0,1.0,0.0,0.0,0.0
18,285,10.351753905070316,4.789951114381868,0.0,0.0,1.0,0.0,1.0,1.0
19,285,1.5352409152822937,2.909235505570594,0.0,0.0,1.0,1.0,0.0,0.0
0,290,7.744667970418651,8.241996104613659,0.0,0.0,1.0,0.0,0.0,0.0
1,290,5.524598664917106,4.840616351753924,1.0,0.0,0.0,1.0,0.0,1.0
2,290,6.8417542441653705,2.6475594627781818,1.0,1.0,0.0,0.0,0.0,0.0
3,290,0.0,1.7894621342595702,1.0,0.0,0.0,1.0,0.0,1.0
4,290,3.984076226181989,6.990817530606131,0.0,0.0,0.0,0.0,0.0,1.0
5,290,6.8422284126448085,12.0,0.0,0.0,0.0,0.0,0.0,0.0
6,290,0.4006365143384149,9.161236010383687,1.0,0.0,0.0,1.0,1.0,0.0
7,290,0.7944090376791738,7.875557155196833,0.0,1.0,0.0,1.0,0.0,1.0
8,290,0.0,6.712117448052832,1.0,0.0,1.0,1.0,1.0,0.0
9,290,9.938889635124708,0.0,0.0,1.0,0.0,0.0,1.0,0.0
10,290,4.791597641391928,12.0,1.0,1.0,0.0,1.0,0.0,0.0
11,290,9.75645161975008,11.959792424838078,0.0,1.0,0.0,0.0,0.0,0.0
12,290,2.482879544009265,11.301317114502982,0.0,0.0,0.0,1.0,1.0,0.0
13,290,12.0,12.0,0.0,0.0,1.0,0.0,0.0,1.0
14,290,0.0,12.0,0.0,0.0,1.0,1.0,0.0,1.0
15,290,0.0,1.4641155580623484,0.0,1.0,0.0,0.0,0.0,1.0
16,290,12.0,1.8940073957089465,0.0,0.0,0.0,0.0,1.0,1.0
17,290,9.386246982592768,3.344288953084399,0.0,1.0,1.0,0.0,0.0,0.0
18,290,10.351878250913572,4.789790283774055,0.0,0.0,1.0,0.0,1.0,1.0
19,290,1.4422051871090693,2.847817567592113,0.0,0.0,1.0,1.0,0.0,0.0
0,295,7.751446185966152,8.261539953980597,0.0,0.0,1.0,0.0,0.0,0.0
1,295,5.5223387306064105,4.828033283740221,1.0,0.0,0.0,1.0,0.0,1.0
2,295,6.828154433877113,2.6540225343351147,1.0,1.0,0.0,0.0,0.0,0.0
3,295,0.0,1.7923369985445328,1.0,0.0,0.0,1.0,0.0,1.0
4,295,4.040438122748822,6.961700820284837,0.0,0.0,0.0,0.0,0.0,1.0
5,295,6.71554874260193,12.0,0.0,0.0,0.0,0.0,0.0,0.0
6,295,0.3833052088533789,9.027251465810208,1.0,0.0,0.0,1.0,1.0,0.0
7,295,0.9043006057128992,7.768508264197178,0.0,1.0,0.0,1.0,0.0,1.0
8,295,0.0,6.597275466555998,1.0,0.0,1.0,1.0,1.0,0.0
9,295,9.939757509608803,0.0,0.0,1.0,0.0,0.0,1.0,0.0
10,295,4.731942764698955,12.0,1.0,1.0,0.0,1.0,0.0,0.0
11,295,9.671653441788026,11.956281291330496,0.0,1.0,0.0,0.0,0.0,0.0
12,295,2.3165195184203085,11.412860700070995,0.0,0.0,0.0,1.0,1.0,0.0
13,295,12.0,12.0,0.0,0.0,1.0,0.0,0.0,1.0
14,295,0.0,12.0,0.0,0.0,1.0,1.0,0.0,1.0
15,295,0.0,1.2137957128035848,0.0,1.0,0.0,0.0,0.0,1.0
16,295,12.0,1.8063551655993988,0.0,0.0,0.0,0.0,1.0,1.0
17,295,9.344600785971872,3.350066248412067,0.0,1.0,1.0,0.0,0.0,0.0
18,295,10.36880625699634,4.766684600915911,0.0,0.0,1.0,0.0,1.0,1.0
19,295,1.3603905732745774,2.795814112360099,0.0,0.0,1.0,1.0,0.0,0.0
