0,0,3.0589125258463565,7.011656532643626,0.0,0.0,0.0,0.0,1.0,0.0
1,0,11.966497123297112,10.035452393480004,0.0,0.0,0.0,0.0,0.0,0.0
2,0,10.936886423796158,6.940097772303431,0.0,1.0,1.0,0.0,1.0,1.0
3,0,4.993806980023613,4.941152431586107,0.0,0.0,1.0,1.0,1.0,0.0
4,0,7.954021919903361,4.968437199892472,0.0,1.0,1.0,1.0,0.0,1.0
5,0,9.933550621678092,1.9451084588387573,1.0,1.0,1.0,0.0,1.0,1.0
6,0,4.0539796085544735,1.0334731045742922,0.0,0.0,0.0,0.0,0.0,0.0
7,0,4.054144107906265,8.99763978506278,0.0,1.0,1.0,1.0,0.0,1.0
8,0,1.0529436938159806,5.9768670430262025,0.0,1.0,0.0,0.0,0.0,0.0
9,0,3.0356532430375984,3.062325216676157,1.0,1.0,0.0,1.0,0.0,0.0
10,0,5.0297818077304255,9.970018845522103,1.0,0.0,0.0,1.0,1.0,1.0
11,0,4.009316210152515,5.065291445761514,0.0,0.0,0.0,1.0,1.0,1.0
12,0,10.9668602054561,10.062775691183598,0.0,0.0,0.0,1.0,0.0,1.0
13,0,9.988806759433295,3.060497960490002,1.0,0.0,0.0,0.0,0.0,0.0
14,0,1.943628140538348,2.9969126613233383,1.0,0.0,1.0,1.0,0.0,0.0
15,0,3.956598758592433,9.028547366766498,1.0,0.0,0.0,1.0,0.0,1.0
16,0,0.9624929774846004,1.0132698006345902,0.0,1.0,0.0,1.0,0.0,1.0
17,0,0.9475960702193958,2.009959402641837,0.0,0.0,0.0,1.0,0.0,1.0
18,0,8.00695061246791,1.0661880419451546,1.0,0.0,0.0,0.0,1.0,1.0
19,0,5.028623845166755,5.025438032336796,0.0,0.0,0.0,0.0,1.0,1.0
0,5,3.129191257027964,7.027124337928076,0.0,0.0,0.0,0.0,1.0,0.0
1,5,11.920815926249356,10.086928072483015,0.0,0.0,0.0,0.0,0.0,0.0
2,5,10.862828482889384,6.869526796394232,0.0,1.0,1.0,0.0,1.0,1.0
3,5,4.990128219553196,4.893375331473267,0.0,0.0,1.0,1.0,1.0,0.0
4,5,7.901636140985766,4.932725857732796,0.0,1.0,1.0,1.0,0.0,1.0
5,5,9.885172348007794,1.9058897683667024,1.0,1.0,1.0,0.0,1.0,1.0
6,5,4.101883092837502,1.0625595481205967,0.0,0.0,0.0,0.0,0.0,0.0
7,5,4.114809078281996,8.99412611402477,0.0,1.0,1.0,1.0,0.0,1.0
8,5,1.0995802414186822,5.9562015736553855,0.0,1.0,0.0,0.0,0.0,0.0
9,5,3.0773129160621893,3.13500968193986,1.0,1.0,0.0,1.0,0.0,0.0
10,5,5.062506757987692,9.938124384002768,1.0,0.0,0.0,1.0,1.0,1.0
11,5,4.023158851741429,5.156802874247681,0.0,0.0,0.0,1.0,1.0,1.0
12,5,10.936175071535768,10.124653763814088,0.0,0.0,0.0,1.0,0.0,1.0
13,5,9.97810920985037,3.1200405231175963,1.0,0.0,0.0,0.0,0.0,0.0
14,5,1.8575485175273017,2.991894426982963,1.0,0.0,1.0,1.0,0.0,0.0
15,5,3.910499210132704,9.058024987046227,1.0,0.0,0.0,1.0,0.0,1.0
16,5,0.9167727707165522,1.0290363141848082,0.0,1.0,0.0,1.0,0.0,1.0
17,5,0.9052703049848678,2.0180031664654625,0.0,0.0,0.0,1.0,0.0,1.0
18,5,8.013460491871397,1.134561969309026,1.0,0.0,0.0,0.0,1.0,1.0
19,5,5.061685835074553,5.0545508054713615,0.0,0.0,0.0,0.0,1.0,1.0
0,10,3.175846241557436,7.037489667006869,0.0,0.0,0.0,0.0,1.0,0.0
1,10,11.866440105490456,10.146638375990197,0.0,0.0,0.0,0.0,0.0,0.0
2,10,10.80282099245404,6.80925367907142,0.0,1.0,1.0,0.0,1.0,1.0
3,10,4.986914825638212,4.848587315267509,0.0,0.0,1.0,1.0,1.0,0.0
4,10,7.851185135661139,4.898026019900345,0.0,1.0,1.0,1.0,0.0,1.0
5,10,9.842823261560982,1.8724061321220664,1.0,1.0,1.0,0.0,1.0,1.0
6,10,4.144421068596243,1.088213347067098,0.0,0.0,0.0,0.0,0.0,0.0
7,10,4.185870061662228,8.989924285762363,0.0,1.0,1.0,1.0,0.0,1.0
8,10,1.1480081782884304,5.934699864931872,0.0,1.0,0.0,0.0,0.0,0.0
9,10,3.118865800708274,3.2074736820656944,1.0,1.0,0.0,1.0,0.0,0.0
10,10,5.092538755610639,9.909131889985984,1.0,0.0,0.0,1.0,1.0,1.0
11,10,4.038757794220768,5.268596572403465,0.0,0.0,0.0,1.0,1.0,1.0
12,10,10.898799258438096,10.201091345555264,0.0,0.0,0.0,1.0,0.0,1.0
13,10,9.967449895672456,3.174763355831426,1.0,0.0,0.0,0.0,0.0,0.0
14,10,1.7716645660719883,2.987176072141561,1.0,0.0,1.0,1.0,0.0,0.0
15,10,3.8869799143046966,9.072590816381036,1.0,0.0,0.0,1.0,0.0,1.0
16,10,0.8789033122000622,1.041628731499726,0.0,1.0,0.0,1.0,0.0,1.0
17,10,0.8641278210399496,2.02564029708506,0.0,0.0,0.0,1.0,0.0,1.0
18,10,8.017337681351854,1.1799740627743016,1.0,0.0,0.0,0.0,1.0,1.0
19,10,5.083989743713459,5.074252933752785,0.0,0.0,0.0,0.0,1.0,1.0
0,15,3.222628010566541,7.048550865468896,0.0,0.0,0.0,0.0,1.0,0.0
1,15,11.816746822782036,10.203528107356478,0.0,0.0,0.0,0.0,0.0,0.0
2,15,10.747306979857877,6.75301740525501,0.0,1.0,1.0,0.0,1.0,1.0
3,15,4.986090868415123,4.836445922393934,0.0,0.0,1.0,1.0,1.0,0.0
4,15,7.795828547751463,4.861307720245217,0.0,1.0,1.0,1.0,0.0,1.0
5,15,9.797087523403029,1.838619774237262,1.0,1.0,1.0,0.0,1.0,1.0
6,15,4.189030934392047,1.1151259344501412,0.0,0.0,0.0,0.0,0.0,0.0
7,15,4.25636419280235,8.985777832708434,0.0,1.0,1.0,1.0,0.0,1.0
8,15,1.1833545976120354,5.9196758645296805,0.0,1.0,0.0,0.0,0.0,0.0
9,15,3.1653542808602944,3.2861926230215754,1.0,1.0,0.0,1.0,0.0,0.0
10,15,5.11389066321925,9.889661542061123,1.0,0.0,0.0,1.0,1.0,1.0
11,15,4.048781958583211,5.376785314388589,0.0,0.0,0.0,1.0,1.0,1.0
12,15,10.86005152931614,10.278037383099552,0.0,0.0,0.0,1.0,0.0,1.0
13,15,9.9558612630584,3.23107475781038,1.0,0.0,0.0,0.0,0.0,0.0
14,15,1.7025805978225688,2.9836320366796296,1.0,0.0,1.0,1.0,0.0,0.0
15,15,3.86549359122783,9.086867515380954,1.0,0.0,0.0,1.0,0.0,1.0
16,15,0.8365127272022455,1.0551689320260282,0.0,1.0,0.0,1.0,0.0,1.0
17,15,0.8294953459290745,2.03053184191683,0.0,0.0,0.0,1.0,0.0,1.0
18,15,8.02129126229162,1.2272308763983006,1.0,0.0,0.0,0.0,1.0,1.0
19,15,5.104408569001852,5.092246367845405,0.0,0.0,0.0,0.0,1.0,1.0
0,20,3.254069421599066,7.055939528061709,0.0,0.0,0.0,0.0,1.0,0.0
1,20,11.76658722351934,10.258746009518529,0.0,0.0,0.0,0.0,0.0,0.0
2,20,10.690094369618796,6.69865652986522,0.0,1.0,1.0,0.0,1.0,1.0
3,20,4.984163506842168,4.801867891737801,0.0,0.0,1.0,1.0,1.0,0.0
4,20,7.740565556084338,4.823684874917574,0.0,1.0,1.0,1.0,0.0,1.0
5,20,9.739536574016672,1.7949789942914578,1.0,1.0,1.0,0.0,1.0,1.0
6,20,4.247381738191777,1.150268470908102,0.0,0.0,0.0,0.0,0.0,0.0
7,20,4.331525835215318,8.983561143602145,0.0,1.0,1.0,1.0,0.0,1.0
8,20,1.213376568651455,5.905894570921092,0.0,1.0,0.0,0.0,0.0,0.0
9,20,3.2146820766037845,3.370222372216632,1.0,1.0,0.0,1.0,0.0,0.0
10,20,5.140370373231198,9.86557678258379,1.0,0.0,0.0,1.0,1.0,1.0
11,20,4.059977268487536,5.471935996510255,0.0,0.0,0.0,1.0,1.0,1.0
12,20,10.81436031593438,10.369795841355538,0.0,0.0,0.0,1.0,0.0,1.0
13,20,9.941422502855575,3.296919891225745,1.0,0.0,0.0,0.0,0.0,0.0
14,20,1.651550498823223,2.979134724635982,1.0,0.0,1.0,1.0,0.0,0.0
15,20,3.859247167605821,9.090907021931647,1.0,0.0,0.0,1.0,0.0,1.0
16,20,0.8044595044681772,1.0642987083665707,0.0,1.0,0.0,1.0,0.0,1.0
17,20,0.7979368965208015,2.0349863681532714,0.0,0.0,0.0,1.0,0.0,1.0
18,20,8.02656068228107,1.2754757451005556,1.0,0.0,0.0,0.0,1.0,1.0
19,20,5.132807353703379,5.116112876100387,0.0,0.0,0.0,0.0,1.0,1.0
0,25,3.305058226716824,7.067274998990705,0.0,0.0,0.0,0.0,1.0,0.0
1,25,11.719623917999948,10.310553224046515,0.0,0.0,0.0,0.0,0.0,0.0
2,25,10.640215426588163,6.649510105607833,0.0,1.0,1.0,0.0,1.0,1.0
3,25,4.984496065354907,4.810571091630476,0.0,0.0,1.0,1.0,1.0,0.0
4,25,7.684225780512786,4.786798785354978,0.0,1.0,1.0,1.0,0.0,1.0
5,25,9.672415416092376,1.7455744172062424,1.0,1.0,1.0,0.0,1.0,1.0
6,25,4.29231222600976,1.1772850210676438,0.0,0.0,0.0,0.0,0.0,0.0
7,25,4.418101566910203,8.982638863545368,0.0,1.0,1.0,1.0,0.0,1.0
8,25,1.2295706299120035,5.898671246817994,0.0,1.0,0.0,0.0,0.0,0.0
9,25,3.2711635732959707,3.466848881665109,1.0,1.0,0.0,1.0,0.0,0.0
10,25,5.171067918319995,9.83680975828224,1.0,0.0,0.0,1.0,1.0,1.0
11,25,4.070282267364114,5.5601554437580525,0.0,0.0,0.0,1.0,1.0,1.0
12,25,10.76996553098119,10.46069393029475,0.0,0.0,0.0,1.0,0.0,1.0
13,25,9.92536764586116,3.3759076722557286,1.0,0.0,0.0,0.0,0.0,0.0
14,25,1.6132936279131518,2.9750566405533947,1.0,0.0,1.0,1.0,0.0,0.0
15,25,3.8464983392281633,9.099098806327524,1.0,0.0,0.0,1.0,0.0,1.0
16,25,0.7747366344595922,1.072678876447157,0.0,1.0,0.0,1.0,0.0,1.0
17,25,0.7543378088747035,2.040627565206396,0.0,0.0,0.0,1.0,0.0,1.0
18,25,8.032658289120404,1.331348837049822,1.0,0.0,0.0,0.0,1.0,1.0
19,25,5.178794054859723,5.154518494300731,0.0,0.0,0.0,0.0,1.0,1.0
0,30,3.378195186617176,7.083218699435485,0.0,0.0,0.0,0.0,1.0,0.0
1,30,11.671743130100154,10.3632510872835,0.0,0.0,0.0,0.0,0.0,0.0
2,30,10.56276040881854,6.574656140558576,0.0,1.0,1.0,0.0,1.0,1.0
3,30,4.984684889831688,4.819325868772495,0.0,0.0,1.0,1.0,1.0,0.0
4,30,7.630397013587809,4.750523801947198,0.0,1.0,1.0,1.0,0.0,1.0
5,30,9.623295546395626,1.709718484607399,1.0,1.0,1.0,0.0,1.0,1.0
6,30,4.3554076668717,1.216926923134081,0.0,0.0,0.0,0.0,0.0,0.0
7,30,4.486459456941576,8.981474217176373,0.0,1.0,1.0,1.0,0.0,1.0
8,30,1.247121456117823,5.89166076369548,0.0,1.0,0.0,0.0,0.0,0.0
9,30,3.3319757880114005,3.5716313653240817,1.0,1.0,0.0,1.0,0.0,0.0
10,30,5.202416472807135,9.806852499958222,1.0,0.0,0.0,1.0,1.0,1.0
11,30,4.0778714330402925,5.644737850127546,0.0,0.0,0.0,1.0,1.0,1.0
12,30,10.722705753386998,10.56673404961508,0.0,0.0,0.0,1.0,0.0,1.0
13,30,9.908755595288126,3.461273407927677,1.0,0.0,0.0,0.0,0.0,0.0
14,30,1.5855002953175137,2.972076000938586,1.0,0.0,1.0,1.0,0.0,0.0
15,30,3.850132201315255,9.09667560534294,1.0,0.0,0.0,1.0,0.0,1.0
16,30,0.7473635059889101,1.0801065847233424,0.0,1.0,0.0,1.0,0.0,1.0
17,30,0.7097689543273407,2.045521106146389,0.0,0.0,0.0,1.0,0.0,1.0
18,30,8.037664909201384,1.3838279194423333,1.0,0.0,0.0,0.0,1.0,1.0
19,30,5.2247621749468935,5.192444261172193,0.0,0.0,0.0,0.0,1.0,1.0
0,35,3.4461154109307484,7.096184900489588,0.0,0.0,0.0,0.0,1.0,0.0
1,35,11.623726166630336,10.414269522092535,0.0,0.0,0.0,0.0,0.0,0.0
2,35,10.484269286146846,6.497859688216295,0.0,1.0,1.0,0.0,1.0,1.0
3,35,4.9841547965242015,4.802437794588996,0.0,0.0,1.0,1.0,1.0,0.0
4,35,7.578067938731114,4.717030313866227,0.0,1.0,1.0,1.0,0.0,1.0
5,35,9.57071775817426,1.6728145193587594,1.0,1.0,1.0,0.0,1.0,1.0
6,35,4.41674759882177,1.2554205616460414,0.0,0.0,0.0,0.0,0.0,0.0
7,35,4.564062680396834,8.980888935748645,0.0,1.0,1.0,1.0,0.0,1.0
8,35,1.2809966086001254,5.877529839119785,0.0,1.0,0.0,0.0,0.0,0.0
9,35,3.392732928587728,3.676462792376236,1.0,1.0,0.0,1.0,0.0,0.0
10,35,5.233653429554586,9.77766687677594,1.0,0.0,0.0,1.0,1.0,1.0
11,35,4.086645655425031,5.726058579982536,0.0,0.0,0.0,1.0,1.0,1.0
12,35,10.67644788944472,10.673734651124166,0.0,0.0,0.0,1.0,0.0,1.0
13,35,9.898530004045336,3.522479008506783,1.0,0.0,0.0,0.0,0.0,0.0
14,35,1.5644272191540067,2.9697311504845385,1.0,0.0,1.0,1.0,0.0,0.0
15,35,3.8244223775358233,9.11364312381014,1.0,0.0,0.0,1.0,0.0,1.0
16,35,0.69156435169595,1.094324219539317,0.0,1.0,0.0,1.0,0.0,1.0
17,35,0.6782733701149971,2.048761899468365,0.0,0.0,0.0,1.0,0.0,1.0
18,35,8.040741975709254,1.4253475188583165,1.0,0.0,0.0,0.0,1.0,1.0
19,35,5.278424788598645,5.236078550663256,0.0,0.0,0.0,0.0,1.0,1.0
0,40,3.510115778664349,7.107454382117275,0.0,0.0,0.0,0.0,1.0,0.0
1,40,11.567272698198774,10.473948525917512,0.0,0.0,0.0,0.0,0.0,0.0
2,40,10.413327145217604,6.426833457081329,0.0,1.0,1.0,0.0,1.0,1.0
3,40,4.983328831276521,4.782026478979407,0.0,0.0,1.0,1.0,1.0,0.0
4,40,7.534682572015837,4.688762772147183,0.0,1.0,1.0,1.0,0.0,1.0
5,40,9.549657942737474,1.6576929886262408,1.0,1.0,1.0,0.0,1.0,1.0
6,40,4.497770380942739,1.3084314256750744,0.0,0.0,0.0,0.0,0.0,0.0
7,40,4.643656004765417,8.98114162005033,0.0,1.0,1.0,1.0,0.0,1.0
8,40,1.3117552409403503,5.864998240766946,0.0,1.0,0.0,0.0,0.0,0.0
9,40,3.4442332746173023,3.7682949996810646,1.0,1.0,0.0,1.0,0.0,0.0
10,40,5.276078900566913,9.738803823328158,1.0,0.0,0.0,1.0,1.0,1.0
11,40,4.0930518522852,5.807231759494298,0.0,0.0,0.0,1.0,1.0,1.0
12,40,10.639386194542544,10.7675174991782,0.0,0.0,0.0,1.0,0.0,1.0
13,40,9.889360154003958,3.579909591235462,1.0,0.0,0.0,0.0,0.0,0.0
14,40,1.5556696489826982,2.968961854812313,1.0,0.0,1.0,1.0,0.0,0.0
15,40,3.8028218925228185,9.127522228445985,1.0,0.0,0.0,1.0,0.0,1.0
16,40,0.647754845372944,1.1067415204085642,0.0,1.0,0.0,1.0,0.0,1.0
17,40,0.6336370757272689,2.0528768718551427,0.0,0.0,0.0,1.0,0.0,1.0
18,40,8.045935806337994,1.485038462789935,1.0,0.0,0.0,0.0,1.0,1.0
19,40,5.337924773534396,5.282701588191468,0.0,0.0,0.0,0.0,1.0,1.0
0,45,3.5806490375041338,7.121172989719798,0.0,0.0,0.0,0.0,1.0,0.0
1,45,11.502987455043884,10.546209380040631,0.0,0.0,0.0,0.0,0.0,0.0
2,45,10.351430220393787,6.3655436330678175,0.0,1.0,1.0,0.0,1.0,1.0
3,45,4.982890911530277,4.75623897090192,0.0,0.0,1.0,1.0,1.0,0.0
4,45,7.495628255483243,4.664632686676729,0.0,1.0,1.0,1.0,0.0,1.0
5,45,9.558980594211333,1.6649031109525798,1.0,1.0,1.0,0.0,1.0,1.0
6,45,4.579744303940538,1.3617068547543665,0.0,0.0,0.0,0.0,0.0,0.0
7,45,4.728765210274863,8.982735730617382,0.0,1.0,1.0,1.0,0.0,1.0
8,45,1.3547240094159836,5.846504908203923,0.0,1.0,0.0,0.0,0.0,0.0
9,45,3.338587116838826,3.829228087025164,1.0,1.0,0.0,1.0,0.0,0.0
10,45,5.330241447009834,9.69008987802575,1.0,0.0,0.0,1.0,1.0,1.0
11,45,4.098337309201332,5.871809135442414,0.0,0.0,0.0,1.0,1.0,1.0
12,45,10.600795252590354,10.868575730506246,0.0,0.0,0.0,1.0,0.0,1.0
13,45,9.878040447610376,3.644778727565616,1.0,0.0,0.0,0.0,0.0,0.0
14,45,1.533618440525228,2.966787046363624,1.0,0.0,1.0,1.0,0.0,0.0
15,45,3.795029392057862,9.13280923900149,1.0,0.0,0.0,1.0,0.0,1.0
16,45,0.6117186073055576,1.1171961547753806,0.0,1.0,0.0,1.0,0.0,1.0
17,45,0.6083770777089949,2.0548667203574644,0.0,0.0,0.0,1.0,0.0,1.0
18,45,8.050619938019679,1.538692570218408,1.0,0.0,0.0,0.0,1.0,1.0
19,45,5.414330091113247,5.344992154511419,0.0,0.0,0.0,0.0,1.0,1.0
0,50,3.625123373979099,7.129993842383481,0.0,0.0,0.0,0.0,1.0,0.0
1,50,11.460700170447597,10.594953998131713,0.0,0.0,0.0,0.0,0.0,0.0
2,50,10.27131219165006,6.283801642524719,0.0,1.0,1.0,0.0,1.0,1.0
3,50,4.982500339902181,4.734834244578183,0.0,0.0,1.0,1.0,1.0,0.0
4,50,7.459386768470308,4.643018297797887,0.0,1.0,1.0,1.0,0.0,1.0
5,50,9.575419235651465,1.677814114796396,1.0,1.0,1.0,0.0,1.0,1.0
6,50,4.656298086492779,1.4098444888314674,0.0,0.0,0.0,0.0,0.0,0.0
7,50,4.812411072376065,8.986357226214556,0.0,1.0,1.0,1.0,0.0,1.0
8,50,1.3995484951972677,5.826381595342915,0.0,1.0,0.0,0.0,0.0,0.0
9,50,3.236348344718261,3.8899738601040776,1.0,1.0,0.0,1.0,0.0,0.0
10,50,5.383502999560785,9.643224729175246,1.0,0.0,0.0,1.0,1.0,1.0
11,50,4.102303776315813,5.919075574726765,0.0,0.0,0.0,1.0,1.0,1.0
12,50,10.56532972731508,10.963670704415138,0.0,0.0,0.0,1.0,0.0,1.0
13,50,9.86928840947368,3.7018602975860473,1.0,0.0,0.0,0.0,0.0,0.0
14,50,1.556064060827178,2.969223364087494,1.0,0.0,1.0,1.0,0.0,0.0
15,50,3.766927882443992,9.15214102995752,1.0,0.0,0.0,1.0,0.0,1.0
16,50,0.586407502752557,1.1243022524222142,0.0,1.0,0.0,1.0,0.0,1.0
17,50,0.5895461759100526,2.056880878573598,0.0,0.0,0.0,1.0,0.0,1.0
18,50,8.05583983198618,1.593740861360207,1.0,0.0,0.0,0.0,1.0,1.0
19,50,5.501069622286712,5.414521745169387,0.0,0.0,0.0,0.0,1.0,1.0
0,55,3.6871529513724592,7.142340077716781,0.0,0.0,0.0,0.0,1.0,0.0
1,55,11.42050512245681,10.642357737513205,0.0,0.0,0.0,0.0,0.0,0.0
2,55,10.178166398339329,6.189102287267731,0.0,1.0,1.0,0.0,1.0,1.0
3,55,4.982519265382432,4.731126266616001,0.0,0.0,1.0,1.0,1.0,0.0
4,55,7.432190739795336,4.626185397967161,0.0,1.0,1.0,1.0,0.0,1.0
5,55,9.578019352948855,1.6798476120463677,1.0,1.0,1.0,0.0,1.0,1.0
6,55,4.724757437837456,1.4536846560698982,0.0,0.0,0.0,0.0,0.0,0.0
7,55,4.889300540287794,8.989076721823643,0.0,1.0,1.0,1.0,0.0,1.0
8,55,1.4048603694900892,5.823993696493413,0.0,1.0,0.0,0.0,0.0,0.0
9,55,3.1128640715935725,3.9629542915715295,1.0,1.0,0.0,1.0,0.0,0.0
10,55,5.423469650880557,9.60954416964356,1.0,0.0,0.0,1.0,1.0,1.0
11,55,4.10609439572823,5.964129541519574,0.0,0.0,0.0,1.0,1.0,1.0
12,55,10.52497318386327,11.07543210255692,0.0,0.0,0.0,1.0,0.0,1.0
13,55,9.85807533125166,3.767413041204645,1.0,0.0,0.0,0.0,0.0,0.0
14,55,1.5775181247365782,2.971429452197873,1.0,0.0,1.0,1.0,0.0,0.0
15,55,3.726873383898173,9.179543606073638,1.0,0.0,0.0,1.0,0.0,1.0
16,55,0.5440662967043515,1.1359627787403523,0.0,1.0,0.0,1.0,0.0,1.0
17,55,0.5947617321187663,2.0562721884482555,0.0,0.0,0.0,1.0,0.0,1.0
18,55,8.064175578340873,1.6603625871954562,1.0,0.0,0.0,0.0,1.0,1.0
19,55,5.5806353174087056,5.474172847156162,0.0,0.0,0.0,0.0,1.0,1.0
0,60,3.746615142874953,7.153135102794296,0.0,0.0,0.0,0.0,1.0,0.0
1,60,11.381342963615312,10.689271998308625,0.0,0.0,0.0,0.0,0.0,0.0
2,60,10.077117804806306,6.086353611883781,0.0,1.0,1.0,0.0,1.0,1.0
3,60,4.982454090357468,4.706687572291815,0.0,0.0,1.0,1.0,1.0,0.0
4,60,7.411079102759016,4.613220348530654,0.0,1.0,1.0,1.0,0.0,1.0
5,60,9.561908991224293,1.6670009356430722,1.0,1.0,1.0,0.0,1.0,1.0
6,60,4.803869941386846,1.5060469909936147,0.0,0.0,0.0,0.0,0.0,0.0
7,60,4.9700073508920415,8.992826245759534,0.0,1.0,1.0,1.0,0.0,1.0
8,60,1.4168399559064018,5.818390288134549,0.0,1.0,0.0,0.0,0.0,0.0
9,60,3.007090476707561,4.023352337456073,1.0,1.0,0.0,1.0,0.0,0.0
10,60,5.462668321820888,9.57459358370736,1.0,0.0,0.0,1.0,1.0,1.0
11,60,4.109077601337469,5.992790532861447,0.0,0.0,0.0,1.0,1.0,1.0
12,60,10.648710919112512,11.11827407030545,0.0,0.0,0.0,1.0,0.0,1.0
13,60,9.849888277645796,3.821569548265097,1.0,0.0,0.0,0.0,0.0,0.0
14,60,1.6044188286021297,2.974296953311518,1.0,0.0,1.0,1.0,0.0,0.0
15,60,3.662125262841663,9.225773357941868,1.0,0.0,0.0,1.0,0.0,1.0
16,60,0.482289690058736,1.1506741119598816,0.0,1.0,0.0,1.0,0.0,1.0
17,60,0.6022088550524792,2.05527253021173,0.0,0.0,0.0,1.0,0.0,1.0
18,60,8.074345595068994,1.7412106221765844,1.0,0.0,0.0,0.0,1.0,1.0
19,60,5.658353441472854,5.535902948768171,0.0,0.0,0.0,0.0,1.0,1.0
0,65,3.8190532553915553,7.166600833185768,0.0,0.0,0.0,0.0,1.0,0.0
1,65,11.343115071428638,10.731902800696218,0.0,0.0,0.0,0.0,0.0,0.0
2,65,9.962420284243343,5.968288884424584,0.0,1.0,1.0,0.0,1.0,1.0
3,65,4.9830107030171895,4.666086171197434,0.0,0.0,1.0,1.0,1.0,0.0
4,65,7.41332489088344,4.614563312773577,0.0,1.0,1.0,1.0,0.0,1.0
5,65,9.572988419549986,1.675737277695249,1.0,1.0,1.0,0.0,1.0,1.0
6,65,4.872014993823383,1.5496891743213412,0.0,0.0,0.0,0.0,0.0,0.0
7,65,4.973344918575562,8.886402735984758,0.0,1.0,1.0,1.0,0.0,1.0
8,65,1.4467550294057192,5.803516818450806,0.0,1.0,0.0,0.0,0.0,0.0
9,65,2.90025961906616,4.087507166787117,1.0,1.0,0.0,1.0,0.0,0.0
10,65,5.494815759433596,9.548309822192254,1.0,0.0,0.0,1.0,1.0,1.0
11,65,4.112440098831953,6.023370851748732,0.0,0.0,0.0,1.0,1.0,1.0
12,65,10.775565989495655,11.16479028365941,0.0,0.0,0.0,1.0,0.0,1.0
13,65,9.841573999992058,3.879275928227501,1.0,0.0,0.0,0.0,0.0,0.0
14,65,1.6326394157592905,2.9771638044850923,1.0,0.0,1.0,1.0,0.0,0.0
15,65,3.600135414586079,9.269236977166056,1.0,0.0,0.0,1.0,0.0,1.0
16,65,0.4053950790010584,1.1671326341237882,0.0,1.0,0.0,1.0,0.0,1.0
17,65,0.6183719908085321,2.053312169530084,0.0,0.0,0.0,1.0,0.0,1.0
18,65,8.009059220723241,1.7485593813521347,1.0,0.0,0.0,0.0,1.0,1.0
19,65,5.734052229755772,5.598342143230187,0.0,0.0,0.0,0.0,1.0,1.0
0,70,3.899725829574117,7.181774755839286,0.0,0.0,0.0,0.0,1.0,0.0
1,70,11.29922890861483,10.77908712123825,0.0,0.0,0.0,0.0,0.0,0.0
2,70,9.840501534818106,5.845490373996474,0.0,1.0,1.0,0.0,1.0,1.0
3,70,4.984362208430394,4.621065983622138,0.0,0.0,1.0,1.0,1.0,0.0
4,70,7.41226231319146,4.613922848414444,0.0,1.0,1.0,1.0,0.0,1.0
5,70,9.583158283046144,1.6836572006088522,1.0,1.0,1.0,0.0,1.0,1.0
6,70,4.921341941965101,1.580372645169475,0.0,0.0,0.0,0.0,0.0,0.0
7,70,4.97706536368544,8.790674224333326,0.0,1.0,1.0,1.0,0.0,1.0
8,70,1.4981180163171075,5.779573716141796,0.0,1.0,0.0,0.0,0.0,0.0
9,70,2.775324081878031,4.162738742578534,1.0,1.0,0.0,1.0,0.0,0.0
10,70,5.53214562203008,9.51767655835484,1.0,0.0,0.0,1.0,1.0,1.0
11,70,4.115403724029638,6.047760205826547,0.0,0.0,0.0,1.0,1.0,1.0
12,70,10.733943053313611,11.291801324145414,0.0,0.0,0.0,1.0,0.0,1.0
13,70,9.749897145928465,3.866585433039029,1.0,0.0,0.0,0.0,0.0,0.0
14,70,1.6609986894240811,2.9800844298287443,1.0,0.0,1.0,1.0,0.0,0.0
15,70,3.5334027130689454,9.315033377435626,1.0,0.0,0.0,1.0,0.0,1.0
16,70,0.331365368274632,1.1843259827720238,0.0,1.0,0.0,1.0,0.0,1.0
17,70,0.6392982414512737,2.0503945508591177,0.0,0.0,0.0,1.0,0.0,1.0
18,70,7.959590758994763,1.7553455063100376,1.0,0.0,0.0,0.0,1.0,1.0
19,70,5.806757741030003,5.660735105869454,0.0,0.0,0.0,0.0,1.0,1.0
0,75,3.971337966084298,7.193153868639353,0.0,0.0,0.0,0.0,1.0,0.0
1,75,11.258022299997162,10.822147749957086,0.0,0.0,0.0,0.0,0.0,0.0
2,75,9.709437506881716,5.712555405606021,0.0,1.0,1.0,0.0,1.0,1.0
3,75,4.988479636121794,4.56388013880833,0.0,0.0,1.0,1.0,1.0,0.0
4,75,7.401626754919456,4.607746198694824,0.0,1.0,1.0,1.0,0.0,1.0
5,75,9.600260605359065,1.6975068135981282,1.0,1.0,1.0,0.0,1.0,1.0
6,75,4.963656631279647,1.6060022729662828,0.0,0.0,0.0,0.0,0.0,0.0
7,75,4.98045630002369,8.69011647262386,0.0,1.0,1.0,1.0,0.0,1.0
8,75,1.5526677760641203,5.753924804888979,0.0,1.0,0.0,0.0,0.0,0.0
9,75,2.666202645653015,4.225649168577617,1.0,1.0,0.0,1.0,0.0,0.0
10,75,5.552078854059216,9.501403906203109,1.0,0.0,0.0,1.0,1.0,1.0
11,75,4.118322112493042,6.074368941388372,0.0,0.0,0.0,1.0,1.0,1.0
12,75,10.69143517699093,11.424029875442317,0.0,0.0,0.0,1.0,0.0,1.0
13,75,9.648569929574558,3.855474800427644,1.0,0.0,0.0,0.0,0.0,0.0
14,75,1.6958868395013722,2.984567833643677,1.0,0.0,1.0,1.0,0.0,0.0
15,75,3.465117683422825,9.361477810759975,1.0,0.0,0.0,1.0,0.0,1.0
16,75,0.259441411212514,1.201580666917522,0.0,1.0,0.0,1.0,0.0,1.0
17,75,0.6649806413963093,2.0473299751138287,0.0,0.0,0.0,1.0,0.0,1.0
18,75,7.902231695710934,1.763193609763762,1.0,0.0,0.0,0.0,1.0,1.0
19,75,5.874968099849695,5.717766703011559,0.0,0.0,0.0,0.0,1.0,1.0
0,80,4.036463414566566,7.205372857849742,0.0,0.0,0.0,0.0,1.0,0.0
1,80,11.213765730278029,10.869357586451455,0.0,0.0,0.0,0.0,0.0,0.0
2,80,9.57857164443627,5.573559286311429,0.0,1.0,1.0,0.0,1.0,1.0
3,80,4.9955833016260645,4.482590174778366,0.0,0.0,1.0,1.0,1.0,0.0
4,80,7.386115100405785,4.598276407786373,0.0,1.0,1.0,1.0,0.0,1.0
5,80,9.615935359238584,1.7103362886009572,1.0,1.0,1.0,0.0,1.0,1.0
6,80,5.01376194039177,1.6347016926508515,0.0,0.0,0.0,0.0,0.0,0.0
7,80,4.983562473967297,8.600765316579091,0.0,1.0,1.0,1.0,0.0,1.0
8,80,1.6139652810072966,5.723306200744427,0.0,1.0,0.0,0.0,0.0,0.0
9,80,2.5526299526469094,4.294217566410736,1.0,1.0,0.0,1.0,0.0,0.0
10,80,5.590369464194959,9.46956896604625,1.0,0.0,0.0,1.0,1.0,1.0
11,80,4.121751580305401,6.103246021320678,0.0,0.0,0.0,1.0,1.0,1.0
12,80,10.644445027637554,11.56497562956846,0.0,0.0,0.0,1.0,0.0,1.0
13,80,9.551347008393211,3.844848364842473,1.0,0.0,0.0,0.0,0.0,0.0
14,80,1.7515873453016857,2.9907944801123216,1.0,0.0,1.0,1.0,0.0,0.0
15,80,3.398418837732431,9.405316758948567,1.0,0.0,0.0,1.0,0.0,1.0
16,80,0.1751186916162076,1.2210923432005665,0.0,1.0,0.0,1.0,0.0,1.0
17,80,0.6647140698911201,2.047368726878504,0.0,0.0,0.0,1.0,0.0,1.0
18,80,7.831047749401706,1.773519300105269,1.0,0.0,0.0,0.0,1.0,1.0
19,80,5.956470679717964,5.788356490789733,0.0,0.0,0.0,0.0,1.0,1.0
0,85,4.121361191241124,7.21953499250747,0.0,0.0,0.0,0.0,1.0,0.0
1,85,11.173641864638356,10.909996705618374,0.0,0.0,0.0,0.0,0.0,0.0
2,85,9.439142114932364,5.424034574527068,0.0,1.0,1.0,0.0,1.0,1.0
3,85,5.001993774952932,4.406711616439779,0.0,0.0,1.0,1.0,1.0,0.0
4,85,7.3690145511761855,4.587700604622301,0.0,1.0,1.0,1.0,0.0,1.0
5,85,9.620790060402332,1.7144067713737938,1.0,1.0,1.0,0.0,1.0,1.0
6,85,5.068324624575616,1.6658546744356002,0.0,0.0,0.0,0.0,0.0,0.0
7,85,4.985878477881911,8.521605171364309,0.0,1.0,1.0,1.0,0.0,1.0
8,85,1.6760327848254375,5.694457872043477,0.0,1.0,0.0,0.0,0.0,0.0
9,85,2.422314137629148,4.373365585876326,1.0,1.0,0.0,1.0,0.0,0.0
10,85,5.605976713123806,9.45599914300273,1.0,0.0,0.0,1.0,1.0,1.0
11,85,4.126837955568869,6.148027828941529,0.0,0.0,0.0,1.0,1.0,1.0
12,85,10.598896842470849,11.706131856579706,0.0,0.0,0.0,1.0,0.0,1.0
13,85,9.44505327375594,3.834175130384792,1.0,0.0,0.0,0.0,0.0,0.0
14,85,1.7976184075641273,2.9960279017686395,1.0,0.0,1.0,1.0,0.0,0.0
15,85,3.3441455106467712,9.440097915114023,1.0,0.0,0.0,1.0,0.0,1.0
16,85,0.0848590961233375,1.241583678909464,0.0,1.0,0.0,1.0,0.0,1.0
17,85,0.6429830235228847,2.050754695184424,0.0,0.0,0.0,1.0,0.0,1.0
18,85,7.753478279930277,1.785162474324477,1.0,0.0,0.0,0.0,1.0,1.0
19,85,6.042715751335729,5.861450996465439,0.0,0.0,0.0,0.0,1.0,1.0
0,90,4.202800115349898,7.232009668241266,0.0,0.0,0.0,0.0,1.0,0.0
1,90,11.13065447275232,10.955148590591032,0.0,0.0,0.0,0.0,0.0,0.0
2,90,9.298273331817978,5.268810852366936,0.0,1.0,1.0,0.0,1.0,1.0
3,90,5.007405354048568,4.346121829252709,0.0,0.0,1.0,1.0,1.0,0.0
4,90,7.36116654477869,4.582831005410594,0.0,1.0,1.0,1.0,0.0,1.0
5,90,9.640258362309371,1.7311021729971925,1.0,1.0,1.0,0.0,1.0,1.0
6,90,5.132312677819157,1.7043628186181607,0.0,0.0,0.0,0.0,0.0,0.0
7,90,4.988222680399562,8.438039753759348,0.0,1.0,1.0,1.0,0.0,1.0
8,90,1.7321876683107655,5.667200311510665,0.0,1.0,0.0,0.0,0.0,0.0
9,90,2.281852566785265,4.462162621805405,1.0,1.0,0.0,1.0,0.0,0.0
10,90,5.618926626189205,9.444229792476955,1.0,0.0,0.0,1.0,1.0,1.0
11,90,4.12998509527274,6.17612352772302,0.0,0.0,0.0,1.0,1.0,1.0
12,90,10.552034297849472,11.844387394594564,0.0,0.0,0.0,1.0,0.0,1.0
13,90,9.318488680497053,3.820206653647625,1.0,0.0,0.0,0.0,0.0,0.0
14,90,1.8433369683904,3.001242549953412,1.0,0.0,1.0,1.0,0.0,0.0
15,90,3.307010096529404,9.462989498655292,1.0,0.0,0.0,1.0,0.0,1.0
16,90,0.0174447719536497,1.2566310278012818,0.0,1.0,0.0,1.0,0.0,1.0
17,90,0.6322758877733169,2.0525563781582687,0.0,0.0,0.0,1.0,0.0,1.0
18,90,7.710466199058216,1.7918657662810211,1.0,0.0,0.0,0.0,1.0,1.0
19,90,6.124140324062487,5.927531182696655,0.0,0.0,0.0,0.0,1.0,1.0
0,95,4.271123809548453,7.242445945316342,0.0,0.0,0.0,0.0,1.0,0.0
1,95,11.08940426032574,10.997080226519754,0.0,0.0,0.0,0.0,0.0,0.0
2,95,9.151356276949816,5.404414601663595,0.0,1.0,1.0,0.0,1.0,1.0
3,95,5.017007218352638,4.276663864457452,0.0,0.0,1.0,1.0,1.0,0.0
4,95,7.355621203285946,4.579366787181942,0.0,1.0,1.0,1.0,0.0,1.0
5,95,9.645660910682048,1.735809072289237,1.0,1.0,1.0,0.0,1.0,1.0
6,95,5.188802211177372,1.7399318609008432,0.0,0.0,0.0,0.0,0.0,0.0
7,95,4.992066158682286,8.350749712196968,0.0,1.0,1.0,1.0,0.0,1.0
8,95,1.804862200020771,5.632175919793529,0.0,1.0,0.0,0.0,0.0,0.0
9,95,2.139416379852475,4.55144438916436,1.0,1.0,0.0,1.0,0.0,0.0
10,95,5.641824247237256,9.42254148020451,1.0,0.0,0.0,1.0,1.0,1.0
11,95,4.131331974903158,6.188709019025678,0.0,0.0,0.0,1.0,1.0,1.0
12,95,10.50639198926456,11.981764361524329,0.0,0.0,0.0,1.0,0.0,1.0
13,95,9.212253525031835,3.805540091634229,1.0,0.0,0.0,0.0,0.0,0.0
14,95,1.8950401192104944,3.007019581247476,1.0,0.0,1.0,1.0,0.0,0.0
15,95,3.276178018601609,9.481614399334518,1.0,0.0,0.0,1.0,0.0,1.0
16,95,0.0,1.2721856284596351,0.0,1.0,0.0,1.0,0.0,1.0
17,95,0.6329340550601142,2.0524723057072976,0.0,0.0,0.0,1.0,0.0,1.0
18,95,7.650566902551713,1.8006130216096667,1.0,0.0,0.0,0.0,1.0,1.0
19,95,6.209226790016659,5.999612129996642,0.0,0.0,0.0,0.0,1.0,1.0
0,100,4.352530338744137,7.255034123804573,0.0,0.0,0.0,0.0,1.0,0.0
1,100,11.041547144692192,11.043336120391263,0.0,0.0,0.0,0.0,0.0,0.0
2,100,8.998246593527314,5.549649685715869,0.0,1.0,1.0,0.0,1.0,1.0
3,100,5.026110132772852,4.203202632715426,0.0,0.0,1.0,1.0,1.0,0.0
4,100,7.348035429994385,4.57464701498304,0.0,1.0,1.0,1.0,0.0,1.0
5,100,9.658571006580194,1.7473371393033934,1.0,1.0,1.0,0.0,1.0,1.0
6,100,5.260985461587501,1.7847866628620004,0.0,0.0,0.0,0.0,0.0,0.0
7,100,4.993799011105637,8.267088653913051,0.0,1.0,1.0,1.0,0.0,1.0
8,100,1.8613896956636289,5.605107951293091,0.0,1.0,0.0,0.0,0.0,0.0
9,100,2.007097600290324,4.639880131289568,1.0,1.0,0.0,1.0,0.0,0.0
10,100,5.658117480781165,9.406770067770484,1.0,0.0,0.0,1.0,1.0,1.0
11,100,4.133418798952237,6.208790005426405,0.0,0.0,0.0,1.0,1.0,1.0
12,100,10.461492800904368,12.0,0.0,0.0,0.0,1.0,0.0,1.0
13,100,9.199037114628398,3.912951170464279,1.0,0.0,0.0,0.0,0.0,0.0
14,100,1.9610922546014724,3.012632178251036,1.0,0.0,1.0,1.0,0.0,0.0
15,100,3.218936286253641,9.51329674710551,1.0,0.0,0.0,1.0,0.0,1.0
16,100,0.0,1.287405249032595,0.0,1.0,0.0,1.0,0.0,1.0
17,100,0.6416091836753676,2.051413692048977,0.0,0.0,0.0,1.0,0.0,1.0
18,100,7.595957234903971,1.8086690940616343,1.0,0.0,0.0,0.0,1.0,1.0
19,100,6.297249028785032,6.071401783141136,0.0,0.0,0.0,0.0,1.0,1.0
0,105,4.430486924548082,7.26638282652652,0.0,0.0,0.0,0.0,1.0,0.0
1,105,10.978821112246315,11.106277001586866,0.0,0.0,0.0,0.0,0.0,0.0
2,105,8.865412683962516,5.677891487271849,0.0,1.0,1.0,0.0,1.0,1.0
3,105,5.0322327596296725,4.144445334686067,0.0,0.0,1.0,1.0,1.0,0.0
4,105,7.344598333828733,4.572405124431361,0.0,1.0,1.0,1.0,0.0,1.0
5,105,9.685975611723808,1.7716378367342889,1.0,1.0,1.0,0.0,1.0,1.0
6,105,5.326647628061545,1.8243523814443825,0.0,0.0,0.0,0.0,0.0,0.0
7,105,4.995670052741223,8.163802915746114,0.0,1.0,1.0,1.0,0.0,1.0
8,105,1.9276328751055056,5.572501700534662,0.0,1.0,0.0,0.0,0.0,0.0
9,105,1.866384468897216,4.732764652991623,1.0,1.0,0.0,1.0,0.0,0.0
10,105,5.64061824912872,9.42287406201949,1.0,0.0,0.0,1.0,1.0,1.0
11,105,4.133828826877441,6.214292619604967,0.0,0.0,0.0,1.0,1.0,1.0
12,105,10.410917454167816,12.0,0.0,0.0,0.0,1.0,0.0,1.0
13,105,9.18571078413452,4.015592471807995,1.0,0.0,0.0,0.0,0.0,0.0
14,105,2.027650894264921,3.0185879614309488,1.0,0.0,1.0,1.0,0.0,0.0
15,105,3.158940478974664,9.54713328131124,1.0,0.0,0.0,1.0,0.0,1.0
16,105,0.0,1.300298616824212,0.0,1.0,0.0,1.0,0.0,1.0
17,105,0.6517545803940209,2.050453556473368,0.0,0.0,0.0,1.0,0.0,1.0
18,105,7.549430845345102,1.815070205414969,1.0,0.0,0.0,0.0,1.0,1.0
19,105,6.394051509945061,6.153288511698577,0.0,0.0,0.0,0.0,1.0,1.0
0,110,4.515903441777898,7.279452619146904,0.0,0.0,0.0,0.0,1.0,0.0
1,110,10.9162414527471,11.170087385933032,0.0,0.0,0.0,0.0,0.0,0.0
2,110,8.718243044631423,5.820322748580174,0.0,1.0,1.0,0.0,1.0,1.0
3,110,5.039217091601429,4.086174326362193,0.0,0.0,1.0,1.0,1.0,0.0
4,110,7.345020978796458,4.572666543712296,0.0,1.0,1.0,1.0,0.0,1.0
5,110,9.726926907284556,1.8077732750993367,1.0,1.0,1.0,0.0,1.0,1.0
6,110,5.4164862781547845,1.8750860158423608,0.0,0.0,0.0,0.0,0.0,0.0
7,110,5.001542050712368,8.047312483657368,0.0,1.0,1.0,1.0,0.0,1.0
8,110,1.9885751669272,5.542040062377773,0.0,1.0,0.0,0.0,0.0,0.0
9,110,1.7337600829332067,4.823886839518587,1.0,1.0,0.0,1.0,0.0,0.0
10,110,5.607392133704404,9.453572237130096,1.0,0.0,0.0,1.0,1.0,1.0
11,110,4.132669754961926,6.201921233147037,0.0,0.0,0.0,1.0,1.0,1.0
12,110,10.367587064247369,12.0,0.0,0.0,0.0,1.0,0.0,1.0
13,110,9.17397133331868,4.100777991367837,1.0,0.0,0.0,0.0,0.0,0.0
14,110,2.083016446606088,3.0238939576827337,1.0,0.0,1.0,1.0,0.0,0.0
15,110,3.1010125007267297,9.5805671438957,1.0,0.0,0.0,1.0,0.0,1.0
16,110,0.0,1.31886439826032,0.0,1.0,0.0,1.0,0.0,1.0
17,110,0.6592098068802478,2.049721403902621,0.0,0.0,0.0,1.0,0.0,1.0
18,110,7.51089793851321,1.820825175511887,1.0,0.0,0.0,0.0,1.0,1.0
19,110,6.499308977510917,6.241668860788025,0.0,0.0,0.0,0.0,1.0,1.0
0,115,4.535577052067384,7.158739765399366,0.0,0.0,0.0,0.0,1.0,0.0
1,115,10.870996122560618,11.218989576350756,0.0,0.0,0.0,0.0,0.0,0.0
2,115,8.585296346069686,5.950853986278377,0.0,1.0,1.0,0.0,1.0,1.0
3,115,5.047422348301256,4.001028266770161,0.0,0.0,1.0,1.0,1.0,0.0
4,115,7.36267070201753,4.583324377362069,0.0,1.0,1.0,1.0,0.0,1.0
5,115,9.767781803908418,1.844130554378573,1.0,1.0,1.0,0.0,1.0,1.0
6,115,5.498831399704833,1.92031033083201,0.0,0.0,0.0,0.0,0.0,0.0
7,115,5.004340040104513,7.9430945924372915,0.0,1.0,1.0,1.0,0.0,1.0
8,115,2.032139146410583,5.519857273710058,0.0,1.0,0.0,0.0,0.0,0.0
9,115,1.5846753029772778,4.924583239667324,1.0,1.0,0.0,1.0,0.0,0.0
10,115,5.583120318214716,9.475826379057128,1.0,0.0,0.0,1.0,1.0,1.0
11,115,4.131815636596967,6.193345169141481,0.0,0.0,0.0,1.0,1.0,1.0
12,115,10.328151990791026,12.0,0.0,0.0,0.0,1.0,0.0,1.0
13,115,9.161435064407142,4.1977620146151535,1.0,0.0,0.0,0.0,0.0,0.0
14,115,2.14687907091367,3.032739381452534,1.0,0.0,1.0,1.0,0.0,0.0
15,115,3.031441656115752,9.621949278348502,1.0,0.0,0.0,1.0,0.0,1.0
16,115,0.0,1.3335831772023077,0.0,1.0,0.0,1.0,0.0,1.0
17,115,0.6706006393635324,2.0486424868256874,0.0,0.0,0.0,1.0,0.0,1.0
18,115,7.463863692505483,1.8275028056069067,1.0,0.0,0.0,0.0,1.0,1.0
19,115,6.606172505428343,6.337035623518784,0.0,0.0,0.0,0.0,1.0,1.0
0,120,4.558731483489924,7.0291643620795305,0.0,0.0,0.0,0.0,1.0,0.0
1,120,10.816763699792672,11.28158407489957,0.0,0.0,0.0,0.0,0.0,0.0
2,120,8.443180944999515,6.086989795774005,0.0,1.0,1.0,0.0,1.0,1.0
3,120,5.053301565972212,3.905034324237147,0.0,0.0,1.0,1.0,1.0,0.0
4,120,7.374433962779051,4.590535492699848,0.0,1.0,1.0,1.0,0.0,1.0
5,120,9.793716855932452,1.8674728642735297,1.0,1.0,1.0,0.0,1.0,1.0
6,120,5.564644131939313,1.9574851641966549,0.0,0.0,0.0,0.0,0.0,0.0
7,120,5.004506200726983,7.83169108266384,0.0,1.0,1.0,1.0,0.0,1.0
8,120,2.077431894662083,5.496642133697607,0.0,1.0,0.0,0.0,0.0,0.0
9,120,1.4496860920857575,5.012465863036137,1.0,1.0,0.0,1.0,0.0,0.0
10,120,5.550071128658213,9.505574541301115,1.0,0.0,0.0,1.0,1.0,1.0
11,120,4.129351485122944,6.16672098836055,0.0,0.0,0.0,1.0,1.0,1.0
12,120,10.28797293453684,12.0,0.0,0.0,0.0,1.0,0.0,1.0
13,120,9.15235839368953,4.264015183227617,1.0,0.0,0.0,0.0,0.0,0.0
14,120,2.2059120534078978,3.0405173320452312,1.0,0.0,1.0,1.0,0.0,0.0
15,120,2.962745946483712,9.66494941714618,1.0,0.0,0.0,1.0,0.0,1.0
16,120,0.0,1.3485880613033217,0.0,1.0,0.0,1.0,0.0,1.0
17,120,0.6644561579955576,2.049392053428407,0.0,0.0,0.0,1.0,0.0,1.0
18,120,7.417817849473637,1.833504292031236,1.0,0.0,0.0,0.0,1.0,1.0
19,120,6.703435092850543,6.421413904884301,0.0,0.0,0.0,0.0,1.0,1.0
0,125,4.5811982792299295,6.90996594025966,0.0,0.0,0.0,0.0,1.0,0.0
1,125,10.754216312751227,11.352447943469535,0.0,0.0,0.0,0.0,0.0,0.0
2,125,8.293281060634964,6.22511590971966,0.0,1.0,1.0,0.0,1.0,1.0
3,125,5.060482565194046,3.801285794828961,0.0,0.0,1.0,1.0,1.0,0.0
4,125,7.408870845434239,4.61118784465012,0.0,1.0,1.0,1.0,0.0,1.0
5,125,9.813174909104122,1.8849264010524829,1.0,1.0,1.0,0.0,1.0,1.0
6,125,5.619882863999022,1.988643886816069,0.0,0.0,0.0,0.0,0.0,0.0
7,125,5.006995759477299,7.769630717592854,0.0,1.0,1.0,1.0,0.0,1.0
8,125,2.072865747126076,5.487294172402661,0.0,1.0,0.0,0.0,0.0,0.0
9,125,1.3007478078937114,5.1026975142276045,1.0,1.0,0.0,1.0,0.0,0.0
10,125,5.512576337686457,9.54059976082666,1.0,0.0,0.0,1.0,1.0,1.0
11,125,4.126302216294422,6.128667629014048,0.0,0.0,0.0,1.0,1.0,1.0
12,125,10.241755912491351,12.0,0.0,0.0,0.0,1.0,0.0,1.0
13,125,9.145221159800098,4.326538683608782,1.0,0.0,0.0,0.0,0.0,0.0
14,125,2.265460285217031,3.0485643313532886,1.0,0.0,1.0,1.0,0.0,0.0
15,125,2.878325116373839,9.716950132426946,1.0,0.0,0.0,1.0,0.0,1.0
16,125,0.0,1.3654418405687765,0.0,1.0,0.0,1.0,0.0,1.0
17,125,0.6588491857630148,2.04996111084555,0.0,0.0,0.0,1.0,0.0,1.0
18,125,7.378992210560118,1.8393982962028297,1.0,0.0,0.0,0.0,1.0,1.0
19,125,6.782447864859752,6.487911314715266,0.0,0.0,0.0,0.0,1.0,1.0
0,130,4.606795722485904,6.787557567572671,0.0,0.0,0.0,0.0,1.0,0.0
1,130,10.696428630454111,11.419194281726597,0.0,0.0,0.0,0.0,0.0,0.0
2,130,8.14891196940639,6.362859930466459,0.0,1.0,1.0,0.0,1.0,1.0
3,130,5.069129234223366,3.682230684635872,0.0,0.0,1.0,1.0,1.0,0.0
4,130,7.437194552547665,4.628783045987004,0.0,1.0,1.0,1.0,0.0,1.0
5,130,9.844217705510882,1.9124262849205813,1.0,1.0,1.0,0.0,1.0,1.0
6,130,5.683140650721896,2.026936103358317,0.0,0.0,0.0,0.0,0.0,0.0
7,130,5.007576251099328,7.725936625889808,0.0,1.0,1.0,1.0,0.0,1.0
8,130,2.07559605883474,5.493635328370025,0.0,1.0,0.0,0.0,0.0,0.0
9,130,1.1360782600830932,5.20430630735882,1.0,1.0,0.0,1.0,0.0,0.0
10,130,5.443202251718139,9.602666932434571,1.0,0.0,0.0,1.0,1.0,1.0
11,130,4.124430945851392,6.0969799899229,0.0,0.0,0.0,1.0,1.0,1.0
12,130,10.190908878148294,12.0,0.0,0.0,0.0,1.0,0.0,1.0
13,130,9.138482103145693,4.390581442816731,1.0,0.0,0.0,0.0,0.0,0.0
14,130,2.3236004350533275,3.0574150097960047,1.0,0.0,1.0,1.0,0.0,0.0
15,130,2.8014210372473456,9.762619356830545,1.0,0.0,0.0,1.0,0.0,1.0
16,130,0.0,1.3803882685153783,0.0,1.0,0.0,1.0,0.0,1.0
17,130,0.6441671458191404,2.05165760352091,0.0,0.0,0.0,1.0,0.0,1.0
18,130,7.338775577371645,1.84536582875622,1.0,0.0,0.0,0.0,1.0,1.0
19,130,6.868119951956331,6.561463935387147,0.0,0.0,0.0,0.0,1.0,1.0
0,135,4.628225136848417,6.666079316789851,0.0,0.0,0.0,0.0,1.0,0.0
1,135,10.74912762879069,11.4625203842267,0.0,0.0,0.0,0.0,0.0,0.0
2,135,8.012395082527286,6.489335729571666,0.0,1.0,1.0,0.0,1.0,1.0
3,135,5.074260199234542,3.563094114038236,0.0,0.0,1.0,1.0,1.0,0.0
4,135,7.466117318979221,4.645247656515664,0.0,1.0,1.0,1.0,0.0,1.0
5,135,9.861568516481654,1.9274808864923436,1.0,1.0,1.0,0.0,1.0,1.0
6,135,5.753235657956212,2.068518563619387,0.0,0.0,0.0,0.0,0.0,0.0
7,135,5.007563539571868,7.712782171469205,0.0,1.0,1.0,1.0,0.0,1.0
8,135,2.077596607498184,5.498360482767071,0.0,1.0,0.0,0.0,0.0,0.0
9,135,0.9844281175336704,5.303020394305849,1.0,1.0,0.0,1.0,0.0,0.0
10,135,5.377245567117316,9.659403186088898,1.0,0.0,0.0,1.0,1.0,1.0
11,135,4.121101515232114,6.030948607705798,0.0,0.0,0.0,1.0,1.0,1.0
12,135,10.142422808489314,12.0,0.0,0.0,0.0,1.0,0.0,1.0
13,135,9.13377686050536,4.439769618663437,1.0,0.0,0.0,0.0,0.0,0.0
14,135,2.373732614213468,3.064104074135028,1.0,0.0,1.0,1.0,0.0,0.0
15,135,2.717026185798963,9.816570034330995,1.0,0.0,0.0,1.0,0.0,1.0
16,135,0.0,1.3986146364408036,0.0,1.0,0.0,1.0,0.0,1.0
17,135,0.6490020485040294,2.0511195656155867,0.0,0.0,0.0,1.0,0.0,1.0
18,135,7.299341541662221,1.851959783179244,1.0,0.0,0.0,0.0,1.0,1.0
19,135,6.939633314531576,6.624051750560653,0.0,0.0,0.0,0.0,1.0,1.0
0,140,4.648476586909612,6.557522984281992,0.0,0.0,0.0,0.0,1.0,0.0
1,140,10.797214337054154,11.502941411268996,0.0,0.0,0.0,0.0,0.0,0.0
2,140,7.871710751328019,6.619925572112227,0.0,1.0,1.0,0.0,1.0,1.0
3,140,5.081104392479481,3.424573879212692,0.0,0.0,1.0,1.0,1.0,0.0
4,140,7.487332446614603,4.656378414352019,0.0,1.0,1.0,1.0,0.0,1.0
5,140,9.885764515569306,1.9495828694758028,1.0,1.0,1.0,0.0,1.0,1.0
6,140,5.82056734727945,2.1093225255686185,0.0,0.0,0.0,0.0,0.0,0.0
7,140,5.007584179229259,7.71453085477982,0.0,1.0,1.0,1.0,0.0,1.0
8,140,2.0823112688374934,5.510157304301911,0.0,1.0,0.0,0.0,0.0,0.0
9,140,0.8440289252110723,5.400331489837228,1.0,1.0,0.0,1.0,0.0,0.0
10,140,5.304140254776254,9.720371390655355,1.0,0.0,0.0,1.0,1.0,1.0
11,140,4.117232323105672,5.956434284693452,0.0,0.0,0.0,1.0,1.0,1.0
12,140,10.095849336963015,12.0,0.0,0.0,0.0,1.0,0.0,1.0
13,140,9.13042534778861,4.468650647487076,1.0,0.0,0.0,0.0,0.0,0.0
14,140,2.420535801841302,3.0712523734124546,1.0,0.0,1.0,1.0,0.0,0.0
15,140,2.635917977842724,9.866953372106492,1.0,0.0,0.0,1.0,0.0,1.0
16,140,0.0,1.4154803714926705,0.0,1.0,0.0,1.0,0.0,1.0
17,140,0.6489706364743596,2.051124579472294,0.0,0.0,0.0,1.0,0.0,1.0
18,140,7.235120074065113,1.8617755375784024,1.0,0.0,0.0,0.0,1.0,1.0
19,140,7.026255843168211,6.700345806092707,0.0,0.0,0.0,0.0,1.0,1.0
0,145,4.670822053604652,6.430697149913355,0.0,0.0,0.0,0.0,1.0,0.0
1,145,10.843858729651688,11.542445999728844,0.0,0.0,0.0,0.0,0.0,0.0
2,145,7.731026979057259,6.74807496268588,0.0,1.0,1.0,0.0,1.0,1.0
3,145,5.086802738003662,3.2835216342037445,0.0,0.0,1.0,1.0,1.0,0.0
4,145,7.496735806951189,4.661380103582619,0.0,1.0,1.0,1.0,0.0,1.0
5,145,9.90979112766644,1.971250425120971,1.0,1.0,1.0,0.0,1.0,1.0
6,145,5.88618188001263,2.148100730614998,0.0,0.0,0.0,0.0,0.0,0.0
7,145,5.007898466113136,7.7325963249806575,0.0,1.0,1.0,1.0,0.0,1.0
8,145,2.082899089675456,5.511627591720696,0.0,1.0,0.0,0.0,0.0,0.0
9,145,0.6931365144745285,5.506007216828227,1.0,1.0,0.0,1.0,0.0,0.0
10,145,5.232907181449815,9.781215068714609,1.0,0.0,0.0,1.0,1.0,1.0
11,145,4.113591554299198,5.874557018159776,0.0,0.0,0.0,1.0,1.0,1.0
12,145,10.054290655680107,12.0,0.0,0.0,0.0,1.0,0.0,1.0
13,145,9.127318658195447,4.499988977394366,1.0,0.0,0.0,0.0,0.0,0.0
14,145,2.4689737831863234,3.078820438018635,1.0,0.0,1.0,1.0,0.0,0.0
15,145,2.549195922325457,9.921561700360172,1.0,0.0,0.0,1.0,0.0,1.0
16,145,0.0,1.4334229703520391,0.0,1.0,0.0,1.0,0.0,1.0
17,145,0.6472111466163819,2.0513935389769413,0.0,0.0,0.0,1.0,0.0,1.0
18,145,7.224253308644396,1.7867646260734713,1.0,0.0,0.0,0.0,1.0,1.0
19,145,7.106737242986839,6.766768975313085,0.0,0.0,0.0,0.0,1.0,1.0
0,150,4.691230319239541,6.305003777029723,0.0,0.0,0.0,0.0,1.0,0.0
1,150,10.881136570483422,11.57354871433842,0.0,0.0,0.0,0.0,0.0,0.0
2,150,7.591081524817786,6.879644072175075,0.0,1.0,1.0,0.0,1.0,1.0
3,150,5.092084556483176,3.1428241021461325,0.0,0.0,1.0,1.0,1.0,0.0
4,150,7.511377988853128,4.66891951912486,0.0,1.0,1.0,1.0,0.0,1.0
5,150,9.92033431666536,1.980474432417557,1.0,1.0,1.0,0.0,1.0,1.0
6,150,5.96254372096219,2.1941972467962683,0.0,0.0,0.0,0.0,0.0,0.0
7,150,5.00790878883599,7.73294943110292,0.0,1.0,1.0,1.0,0.0,1.0
8,150,2.095460009209474,5.542480213170013,0.0,1.0,0.0,0.0,0.0,0.0
9,150,0.5477388886363893,5.606250249442931,1.0,1.0,0.0,1.0,0.0,0.0
10,150,5.157217114700803,9.845263958384091,1.0,0.0,0.0,1.0,1.0,1.0
11,150,4.111561976165746,5.80057067136618,0.0,0.0,0.0,1.0,1.0,1.0
12,150,10.011574914780065,12.0,0.0,0.0,0.0,1.0,0.0,1.0
13,150,9.123082136317889,4.536266352106212,1.0,0.0,0.0,0.0,0.0,0.0
14,150,2.5076019569826378,3.086402057286565,1.0,0.0,1.0,1.0,0.0,0.0
15,150,2.4456764296741995,9.982675006321108,1.0,0.0,0.0,1.0,0.0,1.0
16,150,0.0,1.4499049864372189,0.0,1.0,0.0,1.0,0.0,1.0
17,150,0.6593198553282202,2.049576291043689,0.0,0.0,0.0,1.0,0.0,1.0
18,150,7.214950485476628,1.7361860474991255,1.0,0.0,0.0,0.0,1.0,1.0
19,150,7.171633947275846,6.819872450850721,0.0,0.0,0.0,0.0,1.0,1.0
0,155,4.714585064942173,6.18575829046076,0.0,0.0,0.0,0.0,1.0,0.0
1,155,10.901775963757926,11.590653191677593,0.0,0.0,0.0,0.0,0.0,0.0
2,155,7.432592976638753,7.026211998266707,0.0,1.0,1.0,0.0,1.0,1.0
3,155,5.096546756798846,3.0109533944308287,0.0,0.0,1.0,1.0,1.0,0.0
4,155,7.54737118056437,4.686759202561663,0.0,1.0,1.0,1.0,0.0,1.0
5,155,9.932861947273638,1.9912026431873855,1.0,1.0,1.0,0.0,1.0,1.0
6,155,6.039645046049871,2.2425169613014684,0.0,0.0,0.0,0.0,0.0,0.0
7,155,5.008653137864204,7.765055112291341,0.0,1.0,1.0,1.0,0.0,1.0
8,155,2.102789077802468,5.561139448994909,0.0,1.0,0.0,0.0,0.0,0.0
9,155,0.3756803733973227,5.717083756169966,1.0,1.0,0.0,1.0,0.0,0.0
10,155,5.059267046212843,9.926905771449425,1.0,0.0,0.0,1.0,1.0,1.0
11,155,4.107377063176072,5.709462832086703,0.0,0.0,0.0,1.0,1.0,1.0
12,155,9.97357539827377,12.0,0.0,0.0,0.0,1.0,0.0,1.0
13,155,9.117492811601997,4.57948870134068,1.0,0.0,0.0,0.0,0.0,0.0
14,155,2.5651270139484104,3.098270598465645,1.0,0.0,1.0,1.0,0.0,0.0
15,155,2.353021843597466,10.035018943416736,1.0,0.0,0.0,1.0,0.0,1.0
16,155,0.0,1.465409321035302,0.0,1.0,0.0,1.0,0.0,1.0
17,155,0.6795325116121808,2.046566527881795,0.0,0.0,0.0,1.0,0.0,1.0
18,155,7.2064985169834035,1.6857769644486955,1.0,0.0,0.0,0.0,1.0,1.0
19,155,7.256069905562684,6.888536730017563,0.0,0.0,0.0,0.0,1.0,1.0
0,160,4.741092787093493,6.060623553700878,0.0,0.0,0.0,0.0,1.0,0.0
1,160,10.921234606050266,11.608290805317411,0.0,0.0,0.0,0.0,0.0,0.0
2,160,7.262838159654776,7.187388154040193,0.0,1.0,1.0,0.0,1.0,1.0
3,160,5.1025846132124695,2.886810605280541,0.0,0.0,1.0,1.0,1.0,0.0
4,160,7.55502790143686,4.690251292847755,0.0,1.0,1.0,1.0,0.0,1.0
5,160,9.939328977844404,1.9970194130587584,1.0,1.0,1.0,0.0,1.0,1.0
6,160,6.107683276233141,2.286456253881931,0.0,0.0,0.0,0.0,0.0,0.0
7,160,5.009927652796605,7.800025697119536,0.0,1.0,1.0,1.0,0.0,1.0
8,160,2.118941136354304,5.603731017552566,0.0,1.0,0.0,0.0,0.0,0.0
9,160,0.2199410299376885,5.823280971328853,1.0,1.0,0.0,1.0,0.0,0.0
10,160,4.978130128754613,9.993450964249348,1.0,0.0,0.0,1.0,1.0,1.0
11,160,4.103449985386817,5.641909225074877,0.0,0.0,0.0,1.0,1.0,1.0
12,160,9.94293263104897,12.0,0.0,0.0,0.0,1.0,0.0,1.0
13,160,9.1128243882073,4.6108844907703,1.0,0.0,0.0,0.0,0.0,0.0
14,160,2.6283874338126862,3.1104605293064687,1.0,0.0,1.0,1.0,0.0,0.0
15,160,2.26906381442068,10.080216687962622,1.0,0.0,0.0,1.0,0.0,1.0
16,160,0.0,1.478642731739692,0.0,1.0,0.0,1.0,0.0,1.0
17,160,0.7003905528408504,2.042888981865841,0.0,0.0,0.0,1.0,0.0,1.0
18,160,7.19718321579576,1.6310114355086234,1.0,0.0,0.0,0.0,1.0,1.0
19,160,7.337384547968901,6.952552637557102,0.0,0.0,0.0,0.0,1.0,1.0
0,165,4.766592136573126,5.94722546175032,0.0,0.0,0.0,0.0,1.0,0.0
1,165,10.94591255731954,11.630818186230073,0.0,0.0,0.0,0.0,0.0,0.0
2,165,7.093143461253338,7.359073863132827,0.0,1.0,1.0,0.0,1.0,1.0
3,165,5.108280373316094,2.76030350511932,0.0,0.0,1.0,1.0,1.0,0.0
4,165,7.566800185068226,4.6960344476223215,0.0,1.0,1.0,1.0,0.0,1.0
5,165,9.944804281424148,2.002253157131178,1.0,1.0,1.0,0.0,1.0,1.0
6,165,6.166781784315711,2.325877772811104,0.0,0.0,0.0,0.0,0.0,0.0
7,165,5.010471269538273,7.822752621511357,0.0,1.0,1.0,1.0,0.0,1.0
8,165,2.133961400133393,5.642292163424653,0.0,1.0,0.0,0.0,0.0,0.0
9,165,0.057922763131479,5.929513029285866,1.0,1.0,0.0,1.0,0.0,0.0
10,165,4.895294388205817,10.05898250467176,1.0,0.0,0.0,1.0,1.0,1.0
11,165,4.097360820470771,5.538126311947686,0.0,0.0,0.0,1.0,1.0,1.0
12,165,9.916121881033131,12.0,0.0,0.0,0.0,1.0,0.0,1.0
13,165,9.101745645198877,4.675060155647456,1.0,0.0,0.0,0.0,0.0,0.0
14,165,2.7153104436246163,3.1289367526784604,1.0,0.0,1.0,1.0,0.0,0.0
15,165,2.180035693556572,10.13018772069527,1.0,0.0,0.0,1.0,0.0,1.0
16,165,0.0,1.4958038814420695,0.0,1.0,0.0,1.0,0.0,1.0
17,165,0.7215963560317584,2.0397026832657343,0.0,0.0,0.0,1.0,0.0,1.0
18,165,7.18615036412326,1.577556544357312,1.0,0.0,0.0,0.0,1.0,1.0
19,165,7.42071819883227,7.022864970940179,0.0,0.0,0.0,0.0,1.0,1.0
0,170,4.7901471187757,5.8393299522873,0.0,0.0,0.0,0.0,1.0,0.0
1,170,10.96368370174661,11.64717133252353,0.0,0.0,0.0,0.0,0.0,0.0
2,170,6.9326576719073,7.521593655906155,0.0,1.0,1.0,0.0,1.0,1.0
3,170,5.115578148421189,2.638334677171424,0.0,0.0,1.0,1.0,1.0,0.0
4,170,7.580367295148123,4.702575831867092,0.0,1.0,1.0,1.0,0.0,1.0
5,170,9.959663253042878,2.0166632634988275,1.0,1.0,1.0,0.0,1.0,1.0
6,170,6.236414695254625,2.372639495844706,0.0,0.0,0.0,0.0,0.0,0.0
7,170,5.010557906043466,7.826752742110012,0.0,1.0,1.0,1.0,0.0,1.0
8,170,2.1436452169735736,5.666896576606135,0.0,1.0,0.0,0.0,0.0,0.0
9,170,0.0,6.044378360739962,1.0,1.0,0.0,1.0,0.0,0.0
10,170,4.79351266254353,10.13840107919226,1.0,0.0,0.0,1.0,1.0,1.0
11,170,4.086912638305292,5.426642475500752,0.0,0.0,0.0,1.0,1.0,1.0
12,170,9.883449538568804,12.0,0.0,0.0,0.0,1.0,0.0,1.0
13,170,9.091767155075948,4.731692799491769,1.0,0.0,0.0,0.0,0.0,0.0
14,170,2.820210188185441,3.1516960613308718,1.0,0.0,1.0,1.0,0.0,0.0
15,170,2.081415462881222,10.18378201763642,1.0,0.0,0.0,1.0,0.0,1.0
16,170,0.0,1.510497237759475,0.0,1.0,0.0,1.0,0.0,1.0
17,170,0.724876056740683,2.0391913190928928,0.0,0.0,0.0,1.0,0.0,1.0
18,170,7.174253869704766,1.5265364813189306,1.0,0.0,0.0,0.0,1.0,1.0
19,170,7.509806756452304,7.095961258892505,0.0,0.0,0.0,0.0,1.0,1.0
0,175,4.81540613033301,5.726048532826509,0.0,0.0,0.0,0.0,1.0,0.0
1,175,10.98666090345188,11.667653951131705,0.0,0.0,0.0,0.0,0.0,0.0
2,175,6.765240491656676,7.687926379326234,0.0,1.0,1.0,0.0,1.0,1.0
3,175,5.122849511904112,2.5290243299219664,0.0,0.0,1.0,1.0,1.0,0.0
4,175,7.578855099653967,4.701813281446144,0.0,1.0,1.0,1.0,0.0,1.0
5,175,9.982909703817064,2.039909959488556,1.0,1.0,1.0,0.0,1.0,1.0
6,175,6.318170770897511,2.428402232047146,0.0,0.0,0.0,0.0,0.0,0.0
7,175,5.009685722491195,7.802819380407644,0.0,1.0,1.0,1.0,0.0,1.0
8,175,2.155794015236116,5.698926955944368,0.0,1.0,0.0,0.0,0.0,0.0
9,175,0.0,6.1632418089844805,1.0,1.0,0.0,1.0,0.0,0.0
10,175,4.678813938424907,10.221309039679056,1.0,0.0,0.0,1.0,1.0,1.0
11,175,4.075460207802924,5.318002613396709,0.0,0.0,0.0,1.0,1.0,1.0
12,175,9.852211971161433,12.0,0.0,0.0,0.0,1.0,0.0,1.0
13,175,9.082096462675697,4.786557302640448,1.0,0.0,0.0,0.0,0.0,0.0
14,175,2.911079095153792,3.1692303301122537,1.0,0.0,1.0,1.0,0.0,0.0
15,175,1.9838644197642608,10.238147205663566,1.0,0.0,0.0,1.0,0.0,1.0
16,175,0.0,1.5229981376927535,0.0,1.0,0.0,1.0,0.0,1.0
17,175,0.7329793596300913,2.0378115993437507,0.0,0.0,0.0,1.0,0.0,1.0
18,175,7.162396838415848,1.478131023481288,1.0,0.0,0.0,0.0,1.0,1.0
19,175,7.609111971209684,7.179439783035189,0.0,0.0,0.0,0.0,1.0,1.0
0,180,4.837552453464768,5.6045253547395415,0.0,0.0,0.0,0.0,1.0,0.0
1,180,11.0236462818679,11.699882378606102,0.0,0.0,0.0,0.0,0.0,0.0
2,180,6.583600229429186,7.852569539335419,0.0,1.0,1.0,0.0,1.0,1.0
3,180,5.128972329792447,2.423966744570858,0.0,0.0,1.0,1.0,1.0,0.0
4,180,7.575980391678476,4.700338454903853,0.0,1.0,1.0,1.0,0.0,1.0
5,180,10.013214018961456,2.071479053647997,1.0,1.0,1.0,0.0,1.0,1.0
6,180,6.392872104726456,2.478829270285193,0.0,0.0,0.0,0.0,0.0,0.0
7,180,5.009093984476857,7.783238063879117,0.0,1.0,1.0,1.0,0.0,1.0
8,180,2.1667122172834103,5.725001042943943,0.0,1.0,0.0,0.0,0.0,0.0
9,180,0.0,6.266057101223125,1.0,1.0,0.0,1.0,0.0,0.0
10,180,4.55690588938683,10.31704769920166,1.0,0.0,0.0,1.0,1.0,1.0
11,180,4.06101158043544,5.189788549008394,0.0,0.0,0.0,1.0,1.0,1.0
12,180,9.816314636563703,12.0,0.0,0.0,0.0,1.0,0.0,1.0
13,180,9.073952118214327,4.830011253356547,1.0,0.0,0.0,0.0,0.0,0.0
14,180,3.006594515192215,3.186691299673655,1.0,0.0,1.0,1.0,0.0,0.0
15,180,1.8734329270923464,10.297111000796054,1.0,0.0,0.0,1.0,0.0,1.0
16,180,0.0,1.5400285778943754,0.0,1.0,0.0,1.0,0.0,1.0
17,180,0.7408516602172418,2.036518752688302,0.0,0.0,0.0,1.0,0.0,1.0
18,180,7.14845080601772,1.4157731450056026,1.0,0.0,0.0,0.0,1.0,1.0
19,180,7.696061872337735,7.253282158649089,0.0,0.0,0.0,0.0,1.0,1.0
0,185,4.863048594633142,5.472696714472293,0.0,0.0,0.0,0.0,1.0,0.0
1,185,11.07798417199717,11.74639527681267,0.0,0.0,0.0,0.0,0.0,0.0
2,185,6.395159850429147,8.028196878577367,0.0,1.0,1.0,0.0,1.0,1.0
3,185,5.134738623689263,2.3274116349232625,0.0,0.0,1.0,1.0,1.0,0.0
4,185,7.585239907591002,4.705282086859419,0.0,1.0,1.0,1.0,0.0,1.0
5,185,10.040775818655774,2.100603350116468,1.0,1.0,1.0,0.0,1.0,1.0
6,185,6.480352046821719,2.53923975506646,0.0,0.0,0.0,0.0,0.0,0.0
7,185,5.0078961025618405,7.753905947639619,0.0,1.0,1.0,1.0,0.0,1.0
8,185,2.175569997733509,5.746322052198988,0.0,1.0,0.0,0.0,0.0,0.0
9,185,0.0,6.35819601776682,1.0,1.0,0.0,1.0,0.0,0.0
10,185,4.413831257178314,10.425273223877053,1.0,0.0,0.0,1.0,1.0,1.0
11,185,4.049207198765715,5.087819577917763,0.0,0.0,0.0,1.0,1.0,1.0
12,185,9.78799587798766,12.0,0.0,0.0,0.0,1.0,0.0,1.0
13,185,9.069271605329202,4.858657177110378,1.0,0.0,0.0,0.0,0.0,0.0
14,185,3.104900247292514,3.2079172882384324,1.0,0.0,1.0,1.0,0.0,0.0
15,185,1.7581077148922477,10.35648987944402,1.0,0.0,0.0,1.0,0.0,1.0
16,185,0.0,1.558617149990092,0.0,1.0,0.0,1.0,0.0,1.0
17,185,0.7630078074550458,2.0318929906561856,0.0,0.0,0.0,1.0,0.0,1.0
18,185,7.13492106495677,1.358636629087765,1.0,0.0,0.0,0.0,1.0,1.0
19,185,7.787693194937837,7.333962738091909,0.0,0.0,0.0,0.0,1.0,1.0
0,190,4.89236772713774,5.307364014592777,0.0,0.0,0.0,0.0,1.0,0.0
1,190,11.137109372228103,11.796985908767535,0.0,0.0,0.0,0.0,0.0,0.0
2,190,6.213022131332719,8.184913642777182,0.0,1.0,1.0,0.0,1.0,1.0
3,190,5.140382111071484,2.235639479624448,0.0,0.0,1.0,1.0,1.0,0.0
4,190,7.603185676505695,4.71523956256475,0.0,1.0,1.0,1.0,0.0,1.0
5,190,10.088915084411903,2.149350173287391,1.0,1.0,1.0,0.0,1.0,1.0
6,190,6.596510260703493,2.6181501242177387,0.0,0.0,0.0,0.0,0.0,0.0
7,190,5.007036024035259,7.732144241870086,0.0,1.0,1.0,1.0,0.0,1.0
8,190,2.188022683357567,5.778199873004765,0.0,1.0,0.0,0.0,0.0,0.0
9,190,0.0,6.461204274227804,1.0,1.0,0.0,1.0,0.0,0.0
10,190,4.248046695686706,10.546820782079886,1.0,0.0,0.0,1.0,1.0,1.0
11,190,4.035452587343091,4.973396868766923,0.0,0.0,0.0,1.0,1.0,1.0
12,190,9.761626814381382,12.0,0.0,0.0,0.0,1.0,0.0,1.0
13,190,9.06369524795927,4.890005469650956,1.0,0.0,0.0,0.0,0.0,0.0
14,190,3.213868545032124,3.2289308574582725,1.0,0.0,1.0,1.0,0.0,0.0
15,190,1.6279115395307364,10.423510472006406,1.0,0.0,0.0,1.0,0.0,1.0
16,190,0.0,1.5800831947486116,0.0,1.0,0.0,1.0,0.0,1.0
17,190,0.7746658960119442,2.0293587655635728,0.0,0.0,0.0,1.0,0.0,1.0
18,190,7.118972612415311,1.2972724582719768,1.0,0.0,0.0,0.0,1.0,1.0
19,190,7.890755067726839,7.418834216985409,0.0,0.0,0.0,0.0,1.0,1.0
0,195,4.914678669410312,5.153489268049349,0.0,0.0,0.0,0.0,1.0,0.0
1,195,11.182516980763848,11.833917993256316,0.0,0.0,0.0,0.0,0.0,0.0
2,195,6.03407526727697,8.342582843795345,0.0,1.0,1.0,0.0,1.0,1.0
3,195,5.145917022481292,2.147543927417744,0.0,0.0,1.0,1.0,1.0,0.0
4,195,7.627275485619388,4.727714705524857,0.0,1.0,1.0,1.0,0.0,1.0
5,195,10.132015526831744,2.1901324945049025,1.0,1.0,1.0,0.0,1.0,1.0
6,195,6.713714351651079,2.692011843085492,0.0,0.0,0.0,0.0,0.0,0.0
7,195,5.005739069984359,7.692207226505572,0.0,1.0,1.0,1.0,0.0,1.0
8,195,2.1942171134049016,5.793808039804286,0.0,1.0,0.0,0.0,0.0,0.0
9,195,0.0,6.563860292713613,1.0,1.0,0.0,1.0,0.0,0.0
10,195,4.084938903227735,10.66206203217089,1.0,0.0,0.0,1.0,1.0,1.0
11,195,4.023024132861371,4.864210321922013,0.0,0.0,0.0,1.0,1.0,1.0
12,195,9.736009931308764,12.0,0.0,0.0,0.0,1.0,0.0,1.0
13,195,9.059118339079822,4.914759337553029,1.0,0.0,0.0,0.0,0.0,0.0
14,195,3.3320042739943605,3.25078121078148,1.0,0.0,1.0,1.0,0.0,0.0
15,195,1.4976429607505386,10.490744957264802,1.0,0.0,0.0,1.0,0.0,1.0
16,195,0.0,1.5981487980369316,0.0,1.0,0.0,1.0,0.0,1.0
17,195,0.785818276110763,2.027054593777022,0.0,0.0,0.0,1.0,0.0,1.0
18,195,7.104999119485335,1.242431881007194,1.0,0.0,0.0,0.0,1.0,1.0
19,195,7.990138927846621,7.5015268375605775,0.0,0.0,0.0,0.0,1.0,1.0
0,200,4.931847592300704,5.014281662083299,0.0,0.0,0.0,0.0,1.0,0.0
1,200,11.231424702754111,11.87440992179588,0.0,0.0,0.0,0.0,0.0,0.0
2,200,5.856088364109928,8.494597355663515,0.0,1.0,1.0,0.0,1.0,1.0
3,200,5.154542264992767,2.048675660923423,0.0,0.0,1.0,1.0,1.0,0.0
4,200,7.672377866729708,4.750618804506138,0.0,1.0,1.0,1.0,0.0,1.0
5,200,10.180251550388109,2.2368369887146,1.0,1.0,1.0,0.0,1.0,1.0
6,200,6.829833003742593,2.7670628823110937,0.0,0.0,0.0,0.0,0.0,0.0
7,200,5.05460580921771,7.689646697333681,0.0,1.0,1.0,1.0,0.0,1.0
8,200,2.1974104612695164,5.801541152701134,0.0,1.0,0.0,0.0,0.0,0.0
9,200,0.0,6.664983399875939,1.0,1.0,0.0,1.0,0.0,0.0
10,200,3.932316637888953,10.762236054891764,1.0,0.0,0.0,1.0,1.0,1.0
11,200,4.010068326793101,4.73488354837129,0.0,0.0,0.0,1.0,1.0,1.0
12,200,9.717271861833478,12.0,0.0,0.0,0.0,1.0,0.0,1.0
13,200,9.05523948324962,4.933740115100068,1.0,0.0,0.0,0.0,0.0,0.0
14,200,3.4519306620724817,3.274571830311398,1.0,0.0,1.0,1.0,0.0,0.0
15,200,1.3508343294871563,10.56334031415778,1.0,0.0,0.0,1.0,0.0,1.0
16,200,0.0,1.6166967142155966,0.0,1.0,0.0,1.0,0.0,1.0
17,200,0.7979603190873539,2.024413324415724,0.0,0.0,0.0,1.0,0.0,1.0
18,200,7.091033710192881,1.186858105737387,1.0,0.0,0.0,0.0,1.0,1.0
19,200,8.08533464763203,7.579306954169113,0.0,0.0,0.0,0.0,1.0,1.0
0,205,4.943968039244934,4.894471498742695,0.0,0.0,0.0,0.0,1.0,0.0
1,205,11.273824106440946,11.91036776823942,0.0,0.0,0.0,0.0,0.0,0.0
2,205,5.67427007391461,8.655901649344777,0.0,1.0,1.0,0.0,1.0,1.0
3,205,5.161978303775514,1.9544673052092731,0.0,0.0,1.0,1.0,1.0,0.0
4,205,7.723866094624002,4.7777249174138445,0.0,1.0,1.0,1.0,0.0,1.0
5,205,10.21912333016377,2.275184086604962,1.0,1.0,1.0,0.0,1.0,1.0
6,205,6.940080624917335,2.839843865181761,0.0,0.0,0.0,0.0,0.0,0.0
7,205,5.116723036593045,7.686042160456798,0.0,1.0,1.0,1.0,0.0,1.0
8,205,2.1982168318140776,5.803613935063987,0.0,1.0,0.0,0.0,0.0,0.0
9,205,0.0,6.769720462193747,1.0,1.0,0.0,1.0,0.0,0.0
10,205,3.8077456714645135,10.83721891395585,1.0,0.0,0.0,1.0,1.0,1.0
11,205,3.9981662950977226,4.592706579283234,0.0,0.0,0.0,1.0,1.0,1.0
12,205,9.697885822244622,12.0,0.0,0.0,0.0,1.0,0.0,1.0
13,205,9.05277522735714,4.946578909194106,1.0,0.0,0.0,0.0,0.0,0.0
14,205,3.587101715635333,3.2975068283106603,1.0,0.0,1.0,1.0,0.0,0.0
15,205,1.189532972110522,10.6464658736866,1.0,0.0,0.0,1.0,0.0,1.0
16,205,0.0,1.6320907699868936,0.0,1.0,0.0,1.0,0.0,1.0
17,205,0.8144591659678164,2.020407876304364,0.0,0.0,0.0,1.0,0.0,1.0
18,205,7.075166799150633,1.1256271648984315,1.0,0.0,0.0,0.0,1.0,1.0
19,205,8.197787877850253,7.6665456116632225,0.0,0.0,0.0,0.0,1.0,1.0
0,210,4.957281853377386,4.770241545638479,0.0,0.0,0.0,0.0,1.0,0.0
1,210,11.331039807311454,11.956407537840528,0.0,0.0,0.0,0.0,0.0,0.0
2,210,5.501387427084425,8.805323357646976,0.0,1.0,1.0,0.0,1.0,1.0
3,210,5.171756749941702,1.849827852130406,0.0,0.0,1.0,1.0,1.0,0.0
4,210,7.774589921716013,4.803167148838361,0.0,1.0,1.0,1.0,0.0,1.0
5,210,10.236519459037044,2.292754784241656,1.0,1.0,1.0,0.0,1.0,1.0
6,210,7.056592147896409,2.9134769544317893,0.0,0.0,0.0,0.0,0.0,0.0
7,210,5.158046640093866,7.683109368589254,0.0,1.0,1.0,1.0,0.0,1.0
8,210,2.1958486826844315,5.797555697849694,0.0,1.0,0.0,0.0,0.0,0.0
9,210,0.0,6.879323430400583,1.0,1.0,0.0,1.0,0.0,0.0
10,210,3.7029641944694514,10.895301153014705,1.0,0.0,0.0,1.0,1.0,1.0
11,210,3.982749713522116,4.427509740449023,0.0,0.0,0.0,1.0,1.0,1.0
12,210,9.683404488964946,12.0,0.0,0.0,0.0,1.0,0.0,1.0
13,210,9.049388315518794,4.962483892426543,1.0,0.0,0.0,0.0,0.0,0.0
14,210,3.7269115959154657,3.324098036720695,1.0,0.0,1.0,1.0,0.0,0.0
15,210,1.0319402003952078,10.728048864855504,1.0,0.0,0.0,1.0,0.0,1.0
16,210,0.0,1.646066315963829,0.0,1.0,0.0,1.0,0.0,1.0
17,210,0.835940439028601,2.0154452541505163,0.0,0.0,0.0,1.0,0.0,1.0
18,210,7.060519040464199,1.0665626776618424,1.0,0.0,0.0,0.0,1.0,1.0
19,210,8.315260522445483,7.759487978288686,0.0,0.0,0.0,0.0,1.0,1.0
0,215,4.975046624825582,4.629738337314442,0.0,0.0,0.0,0.0,1.0,0.0
1,215,11.376610954493575,11.992565223439556,0.0,0.0,0.0,0.0,0.0,0.0
2,215,5.32735321481647,8.950242665001188,0.0,1.0,1.0,0.0,1.0,1.0
3,215,5.182324307185036,1.7364494008640845,0.0,0.0,1.0,1.0,1.0,0.0
4,215,7.826542846294984,4.828912555055735,0.0,1.0,1.0,1.0,0.0,1.0
5,215,10.219510478933229,2.3097437348564647,1.0,1.0,1.0,0.0,1.0,1.0
6,215,7.1679934897243935,2.986927356423164,0.0,0.0,0.0,0.0,0.0,0.0
7,215,5.222051094575506,7.678432194437388,0.0,1.0,1.0,1.0,0.0,1.0
8,215,2.192802974733666,5.790195044240698,0.0,1.0,0.0,0.0,0.0,0.0
9,215,0.0,6.999126884301297,1.0,1.0,0.0,1.0,0.0,0.0
10,215,3.6159011766664646,10.942246969641172,1.0,0.0,0.0,1.0,1.0,1.0
11,215,3.968468299466055,4.280732039854072,0.0,0.0,0.0,1.0,1.0,1.0
12,215,9.67270690313186,12.0,0.0,0.0,0.0,1.0,0.0,1.0
13,215,9.045930544810345,4.9789837364026654,1.0,0.0,0.0,0.0,0.0,0.0
14,215,3.880306447849604,3.353027425070578,1.0,0.0,1.0,1.0,0.0,0.0
15,215,0.8462997115098965,10.818122820154812,1.0,0.0,0.0,1.0,0.0,1.0
16,215,0.0,1.6557998591461212,0.0,1.0,0.0,1.0,0.0,1.0
17,215,0.8463841454537115,2.013264573741666,0.0,0.0,0.0,1.0,0.0,1.0
18,215,7.042027299299333,0.9986949643299012,1.0,0.0,0.0,0.0,1.0,1.0
19,215,8.43990374590888,7.861901998118816,0.0,0.0,0.0,0.0,1.0,1.0
0,220,4.992946440821344,4.481063919643179,0.0,0.0,0.0,0.0,1.0,0.0
1,220,11.424917684660787,12.0,0.0,0.0,0.0,0.0,0.0,0.0
2,220,5.148747439223837,9.098709000064096,0.0,1.0,1.0,0.0,1.0,1.0
3,220,5.1927998426225175,1.6216339242658224,0.0,0.0,1.0,1.0,1.0,0.0
4,220,7.867048947124764,4.848564444908902,0.0,1.0,1.0,1.0,0.0,1.0
5,220,10.206349348249862,2.3231967080216016,1.0,1.0,1.0,0.0,1.0,1.0
6,220,7.281431698497693,3.060702628294936,0.0,0.0,0.0,0.0,0.0,0.0
7,220,5.265543617243444,7.675457121504076,0.0,1.0,1.0,1.0,0.0,1.0
8,220,2.189848328526216,5.783474360468978,0.0,1.0,0.0,0.0,0.0,0.0
9,220,0.0,7.122015843014643,1.0,1.0,0.0,1.0,0.0,0.0
10,220,3.5200120617992803,10.9956293916333,1.0,0.0,0.0,1.0,1.0,1.0
11,220,3.9601759643800927,4.158231019908047,0.0,0.0,0.0,1.0,1.0,1.0
12,220,9.662599638808416,12.0,0.0,0.0,0.0,1.0,0.0,1.0
13,220,9.040344998254367,5.002510311679857,1.0,0.0,0.0,0.0,0.0,0.0
14,220,4.017459261044039,3.386220589561776,1.0,0.0,1.0,1.0,0.0,0.0
15,220,0.6535072584224022,10.912856558730164,1.0,0.0,0.0,1.0,0.0,1.0
16,220,0.0,1.667136835518523,0.0,1.0,0.0,1.0,0.0,1.0
17,220,0.8571774297319288,2.010930141014657,0.0,0.0,0.0,1.0,0.0,1.0
18,220,7.02314882851711,0.9320327649814312,1.0,0.0,0.0,0.0,1.0,1.0
19,220,8.562990435652976,7.961553648320197,0.0,0.0,0.0,0.0,1.0,1.0
0,225,5.011708564193262,4.348180958857401,0.0,0.0,0.0,0.0,1.0,0.0
1,225,11.48040001428942,12.0,0.0,0.0,0.0,0.0,0.0,0.0
2,225,4.963992245318996,9.26007153132936,0.0,1.0,1.0,0.0,1.0,1.0
3,225,5.200092146664734,1.5137545813249356,0.0,0.0,1.0,1.0,1.0,0.0
4,225,7.9205633161988835,4.873424088557228,0.0,1.0,1.0,1.0,0.0,1.0
5,225,10.191359929437423,2.337278292012387,1.0,1.0,1.0,0.0,1.0,1.0
6,225,7.406919579983088,3.1436251048339563,0.0,0.0,0.0,0.0,0.0,0.0
7,225,5.277618703594976,7.674779999999628,0.0,1.0,1.0,1.0,0.0,1.0
8,225,2.172765456841605,5.747682367534188,0.0,1.0,0.0,0.0,0.0,0.0
9,225,0.0,7.240307799739258,1.0,1.0,0.0,1.0,0.0,0.0
10,225,3.40799122852176,11.056077546990274,1.0,0.0,0.0,1.0,1.0,1.0
11,225,3.952387668504968,4.034510775063865,0.0,0.0,0.0,1.0,1.0,1.0
12,225,9.660633316246145,12.0,0.0,0.0,0.0,1.0,0.0,1.0
13,225,9.03361749781562,5.030504448117455,1.0,0.0,0.0,0.0,0.0,0.0
14,225,4.168329245960141,3.4199576058692447,1.0,0.0,1.0,1.0,0.0,0.0
15,225,0.4527823455304018,11.006086725934972,1.0,0.0,0.0,1.0,0.0,1.0
16,225,0.0,1.681194866546609,0.0,1.0,0.0,1.0,0.0,1.0
17,225,0.8546773596503344,2.0115192243929,0.0,0.0,0.0,1.0,0.0,1.0
18,225,7.0042827951358495,0.8686804790004006,1.0,0.0,0.0,0.0,1.0,1.0
19,225,8.666514372494841,8.049256786831414,0.0,0.0,0.0,0.0,1.0,1.0
0,230,5.028867604385432,4.196136606287348,0.0,0.0,0.0,0.0,1.0,0.0
1,230,11.527722481445153,12.0,0.0,0.0,0.0,0.0,0.0,0.0
2,230,4.785788613357772,9.4206277803818,0.0,1.0,1.0,0.0,1.0,1.0
3,230,5.204303311612375,1.4011372253114285,0.0,0.0,1.0,1.0,1.0,0.0
4,230,7.959155220576195,4.891272839272896,0.0,1.0,1.0,1.0,0.0,1.0
5,230,10.169439003009671,2.358286231395239,1.0,1.0,1.0,0.0,1.0,1.0
6,230,7.538542114891652,3.232314502728836,0.0,0.0,0.0,0.0,0.0,0.0
7,230,5.296644911808442,7.673616796901546,0.0,1.0,1.0,1.0,0.0,1.0
8,230,2.1612747738179747,5.723192940613928,0.0,1.0,0.0,0.0,0.0,0.0
9,230,0.0,7.351316354810275,1.0,1.0,0.0,1.0,0.0,0.0
10,230,3.29682506445235,11.112284173314585,1.0,0.0,0.0,1.0,1.0,1.0
11,230,3.9423367777470766,3.902825739590751,0.0,0.0,0.0,1.0,1.0,1.0
12,230,9.645647304597505,11.99568569392654,0.0,0.0,0.0,1.0,0.0,1.0
13,230,9.026811242725866,5.058789549703313,1.0,0.0,0.0,0.0,0.0,0.0
14,230,4.344797531909754,3.463008544747104,1.0,0.0,1.0,1.0,0.0,0.0
15,230,0.2695649924775546,11.091528937285942,1.0,0.0,0.0,1.0,0.0,1.0
16,230,0.0,1.697145443024404,0.0,1.0,0.0,1.0,0.0,1.0
17,230,0.8432433871507623,2.014253522697867,0.0,0.0,0.0,1.0,0.0,1.0
18,230,6.98148405011593,0.7941925573582357,1.0,0.0,0.0,0.0,1.0,1.0
19,230,8.763237624846228,8.133442142103151,0.0,0.0,0.0,0.0,1.0,1.0
0,235,5.043308515141905,4.052966524667311,0.0,0.0,0.0,0.0,1.0,0.0
1,235,11.585811988276127,12.0,0.0,0.0,0.0,0.0,0.0,0.0
2,235,4.608709828598451,9.58481529877366,0.0,1.0,1.0,0.0,1.0,1.0
3,235,5.210200729871883,1.2786188113642225,0.0,0.0,1.0,1.0,1.0,0.0
4,235,7.98589436278893,4.90299535506172,0.0,1.0,1.0,1.0,0.0,1.0
5,235,10.140747356881102,2.386673148733517,1.0,1.0,1.0,0.0,1.0,1.0
6,235,7.696356713262595,3.334723258185599,0.0,0.0,0.0,0.0,0.0,0.0
7,235,5.295598660375304,7.673678768357569,0.0,1.0,1.0,1.0,0.0,1.0
8,235,2.146250594921665,5.690041049218343,0.0,1.0,0.0,0.0,0.0,0.0
9,235,0.0,7.473632966632933,1.0,1.0,0.0,1.0,0.0,0.0
10,235,3.176301444986031,11.172772167486537,1.0,0.0,0.0,1.0,1.0,1.0
11,235,3.9335492512882455,3.774974453324442,0.0,0.0,0.0,1.0,1.0,1.0
12,235,9.6389272274447,11.993745391773666,0.0,0.0,0.0,1.0,0.0,1.0
13,235,9.018165673735254,5.098130239398272,1.0,0.0,0.0,0.0,0.0,0.0
14,235,4.516424141005443,3.5015573511158986,1.0,0.0,1.0,1.0,0.0,0.0
15,235,0.0796649270110038,11.176759622806136,1.0,0.0,0.0,1.0,0.0,1.0
16,235,0.0,1.717599876975923,0.0,1.0,0.0,1.0,0.0,1.0
17,235,0.8196883980862298,2.019926380246509,0.0,0.0,0.0,1.0,0.0,1.0
18,235,6.966204497928052,0.7462272922712702,1.0,0.0,0.0,0.0,1.0,1.0
19,235,8.840685191730865,8.204683704816636,0.0,0.0,0.0,0.0,1.0,1.0
0,240,5.059493122032003,3.920690309482677,0.0,0.0,0.0,0.0,1.0,0.0
1,240,11.631991821519115,12.0,0.0,0.0,0.0,0.0,0.0,0.0
2,240,4.440693652930573,9.73761066630508,0.0,1.0,1.0,0.0,1.0,1.0
3,240,5.215666258649437,1.1634363789155375,0.0,0.0,1.0,1.0,1.0,0.0
4,240,8.018273997225918,4.917520691522797,0.0,1.0,1.0,1.0,0.0,1.0
5,240,10.119181641816253,2.407295954103,1.0,1.0,1.0,0.0,1.0,1.0
6,240,7.872194502513697,3.453771647722037,0.0,0.0,0.0,0.0,0.0,0.0
7,240,5.2930838425783575,7.673811600669009,0.0,1.0,1.0,1.0,0.0,1.0
8,240,2.125968287498741,5.648011003312208,0.0,1.0,0.0,0.0,0.0,0.0
9,240,0.0,7.579670392285811,1.0,1.0,0.0,1.0,0.0,0.0
10,240,3.0609644206906244,11.234541655127854,1.0,0.0,0.0,1.0,1.0,1.0
11,240,3.924220598414814,3.641796825868603,0.0,0.0,0.0,1.0,1.0,1.0
12,240,9.639307216949025,11.993859657343576,0.0,0.0,0.0,1.0,0.0,1.0
13,240,9.007366331348486,5.145651323802818,1.0,0.0,0.0,0.0,0.0,0.0
14,240,4.668339185820034,3.532169826908633,1.0,0.0,1.0,1.0,0.0,0.0
15,240,0.0,11.255316052391349,1.0,0.0,0.0,1.0,0.0,1.0
16,240,0.0,1.7413883049312862,0.0,1.0,0.0,1.0,0.0,1.0
17,240,0.8142212356634868,2.0212689684340304,0.0,0.0,0.0,1.0,0.0,1.0
18,240,6.948250570933597,0.6910434038109697,1.0,0.0,0.0,0.0,1.0,1.0
19,240,8.900062495325214,8.260004018647821,0.0,0.0,0.0,0.0,1.0,1.0
0,245,5.077444623002076,3.786677540682241,0.0,0.0,0.0,0.0,1.0,0.0
1,245,11.67699068759848,12.0,0.0,0.0,0.0,0.0,0.0,0.0
2,245,4.263558647524732,9.89340003883438,0.0,1.0,1.0,0.0,1.0,1.0
3,245,5.090786440399728,1.156972521227284,0.0,0.0,1.0,1.0,1.0,0.0
4,245,8.031896679594702,4.923532472886532,0.0,1.0,1.0,1.0,0.0,1.0
5,245,10.11781840407517,2.408647734805163,1.0,1.0,1.0,0.0,1.0,1.0
6,245,8.054789490911105,3.580171007322324,0.0,0.0,0.0,0.0,0.0,0.0
7,245,5.279147351373306,7.675020662975442,0.0,1.0,1.0,1.0,0.0,1.0
8,245,2.1099842353435374,5.614736829351558,0.0,1.0,0.0,0.0,0.0,0.0
9,245,0.0,7.681842711893346,1.0,1.0,0.0,1.0,0.0,0.0
10,245,2.937383818077202,11.301561049127988,1.0,0.0,0.0,1.0,1.0,1.0
11,245,3.915302999364737,3.517739295553215,0.0,0.0,0.0,1.0,1.0,1.0
12,245,9.64509629396329,11.995576095353783,0.0,0.0,0.0,1.0,0.0,1.0
13,245,8.996605436380566,5.19786329512783,1.0,0.0,0.0,0.0,0.0,0.0
14,245,4.810948609070435,3.563685934459813,1.0,0.0,1.0,1.0,0.0,0.0
15,245,0.0,11.320876277824746,1.0,0.0,0.0,1.0,0.0,1.0
16,245,0.0,1.7685491419538686,0.0,1.0,0.0,1.0,0.0,1.0
17,245,0.8167708904017981,2.0206557230428066,0.0,0.0,0.0,1.0,0.0,1.0
18,245,6.931572747725337,0.6396128116665448,1.0,0.0,0.0,0.0,1.0,1.0
19,245,8.943432988343512,8.30215763322602,0.0,0.0,0.0,0.0,1.0,1.0
0,250,5.096935711000703,3.656462315064642,0.0,0.0,0.0,0.0,1.0,0.0
1,250,11.708965982187094,12.0,0.0,0.0,0.0,0.0,0.0,0.0
2,250,4.094467280804071,10.04655410223805,0.0,1.0,1.0,0.0,1.0,1.0
3,250,4.970978393306044,1.1521471351666863,0.0,0.0,1.0,1.0,1.0,0.0
4,250,8.038523355225662,4.926484529927047,0.0,1.0,1.0,1.0,0.0,1.0
5,250,10.120614828148144,2.405862100145544,1.0,1.0,1.0,0.0,1.0,1.0
6,250,8.263728772294781,3.72466479810428,0.0,0.0,0.0,0.0,0.0,0.0
7,250,5.280719660226235,7.674862660113528,0.0,1.0,1.0,1.0,0.0,1.0
8,250,2.0654863701189266,5.635713462727793,0.0,1.0,0.0,0.0,0.0,0.0
9,250,0.0,7.779044149909351,1.0,1.0,0.0,1.0,0.0,0.0
10,250,2.801324825818088,11.372564896565429,1.0,0.0,0.0,1.0,1.0,1.0
11,250,3.906461479381206,3.4058951388320757,0.0,0.0,0.0,1.0,1.0,1.0
12,250,9.67287631968137,12.0,0.0,0.0,0.0,1.0,0.0,1.0
13,250,8.984199665786777,5.255610756715497,1.0,0.0,0.0,0.0,0.0,0.0
14,250,4.950513859957503,3.5959532786489223,1.0,0.0,1.0,1.0,0.0,0.0
15,250,0.0,11.389052879471157,1.0,0.0,0.0,1.0,0.0,1.0
16,250,0.0,1.7944273728657516,0.0,1.0,0.0,1.0,0.0,1.0
17,250,0.8181156950678073,2.020367495758953,0.0,0.0,0.0,1.0,0.0,1.0
18,250,6.912678745877625,0.5815895740552106,1.0,0.0,0.0,0.0,1.0,1.0
19,250,9.001789492494021,8.358382226275452,0.0,0.0,0.0,0.0,1.0,1.0
0,255,5.123265311125397,3.51626934977352,0.0,0.0,0.0,0.0,1.0,0.0
1,255,11.76328205603883,12.0,0.0,0.0,0.0,0.0,0.0,0.0
2,255,3.918365100187974,10.197309140469462,0.0,1.0,1.0,0.0,1.0,1.0
3,255,4.8564331065198925,1.1447316214463903,0.0,0.0,1.0,1.0,1.0,0.0
4,255,8.030861280491719,4.923054058260814,0.0,1.0,1.0,1.0,0.0,1.0
5,255,10.12445194971396,2.4021882043915364,1.0,1.0,1.0,0.0,1.0,1.0
6,255,8.48396747193822,3.880421158705743,0.0,0.0,0.0,0.0,0.0,0.0
7,255,5.264901708848474,7.675985274542789,0.0,1.0,1.0,1.0,0.0,1.0
8,255,2.03843526973534,5.648996700957471,0.0,1.0,0.0,0.0,0.0,0.0
9,255,0.0,7.882397388657905,1.0,1.0,0.0,1.0,0.0,0.0
10,255,2.6654547639652475,11.442219904471028,1.0,0.0,0.0,1.0,1.0,1.0
11,255,3.892459362846916,3.2678845256358544,0.0,0.0,0.0,1.0,1.0,1.0
12,255,9.702801668422806,12.0,0.0,0.0,0.0,1.0,0.0,1.0
13,255,8.968416256440221,5.320750910897381,1.0,0.0,0.0,0.0,0.0,0.0
14,255,5.086826932757343,3.6232025656138096,1.0,0.0,1.0,1.0,0.0,0.0
15,255,0.0,11.462510197097192,1.0,0.0,0.0,1.0,0.0,1.0
16,255,0.0,1.8227626300949216,0.0,1.0,0.0,1.0,0.0,1.0
17,255,0.819087973527842,2.0201409764199507,0.0,0.0,0.0,1.0,0.0,1.0
18,255,6.893535543728724,0.5232291482968774,1.0,0.0,0.0,0.0,1.0,1.0
19,255,9.062396898462888,8.419165875837681,0.0,0.0,0.0,0.0,1.0,1.0
0,260,5.1539394702505,3.3548948979446203,0.0,0.0,0.0,0.0,1.0,0.0
1,260,11.811346176485255,12.0,0.0,0.0,0.0,0.0,0.0,0.0
2,260,3.727480869402552,10.364564739973222,0.0,1.0,1.0,0.0,1.0,1.0
3,260,4.748496702044472,1.14053009738637,0.0,0.0,1.0,1.0,1.0,0.0
4,260,8.012947096052114,4.914844080327189,0.0,1.0,1.0,1.0,0.0,1.0
5,260,10.13084060034952,2.396372313333037,1.0,1.0,1.0,0.0,1.0,1.0
6,260,8.696270354895264,4.034377298231484,0.0,0.0,0.0,0.0,0.0,0.0
7,260,5.265068287177264,7.675976921603085,0.0,1.0,1.0,1.0,0.0,1.0
8,260,1.9986100216196951,5.669500497992253,0.0,1.0,0.0,0.0,0.0,0.0
9,260,0.0,7.979715099771861,1.0,1.0,0.0,1.0,0.0,0.0
10,260,2.551216572428186,11.49847199804003,1.0,0.0,0.0,1.0,1.0,1.0
11,260,3.8812604592452646,3.1579524363433094,0.0,0.0,0.0,1.0,1.0,1.0
12,260,9.722450617223624,12.0,0.0,0.0,0.0,1.0,0.0,1.0
13,260,8.948361828224053,5.404686573800039,1.0,0.0,0.0,0.0,0.0,0.0
14,260,5.235510422447824,3.651747476382451,1.0,0.0,1.0,1.0,0.0,0.0
15,260,0.0,11.532255496246668,1.0,0.0,0.0,1.0,0.0,1.0
16,260,0.0,1.8474778896252615,0.0,1.0,0.0,1.0,0.0,1.0
17,260,0.806244278949706,2.022951390341076,0.0,0.0,0.0,1.0,0.0,1.0
18,260,6.868326725834888,0.4436297521481799,1.0,0.0,0.0,0.0,1.0,1.0
19,260,9.125551755217376,8.48272299899098,0.0,0.0,0.0,0.0,1.0,1.0
0,265,5.178966799279788,3.212683705848238,0.0,0.0,0.0,0.0,1.0,0.0
1,265,11.86501329648279,12.0,0.0,0.0,0.0,0.0,0.0,0.0
2,265,3.530173664569431,10.535406641058254,0.0,1.0,1.0,0.0,1.0,1.0
3,265,4.632870892311568,1.1368577159499276,0.0,0.0,1.0,1.0,1.0,0.0
4,265,7.992329357122888,4.905746534265104,0.0,1.0,1.0,1.0,0.0,1.0
5,265,10.137651829189968,2.3901045736916746,1.0,1.0,1.0,0.0,1.0,1.0
6,265,8.920307211907625,4.201384721568629,0.0,0.0,0.0,0.0,0.0,0.0
7,265,5.271443799258119,7.675606988836795,0.0,1.0,1.0,1.0,0.0,1.0
8,265,1.9515932183734876,5.694095844907412,0.0,1.0,0.0,0.0,0.0,0.0
9,265,0.0,8.09426690914801,1.0,1.0,0.0,1.0,0.0,0.0
10,265,2.418816509799798,11.56186837677713,1.0,0.0,0.0,1.0,1.0,1.0
11,265,3.8691038941908458,3.0576429887681167,0.0,0.0,0.0,1.0,1.0,1.0
12,265,9.755805131929293,12.0,0.0,0.0,0.0,1.0,0.0,1.0
13,265,8.934976906943465,5.46059279743776,1.0,0.0,0.0,0.0,0.0,0.0
14,265,5.379400509100315,3.678632273573632,1.0,0.0,1.0,1.0,0.0,0.0
15,265,0.0,11.607305024300794,1.0,0.0,0.0,1.0,0.0,1.0
16,265,0.0,1.7088146050273672,0.0,1.0,0.0,1.0,0.0,1.0
17,265,0.7936955262296775,2.0256148643995364,0.0,0.0,0.0,1.0,0.0,1.0
18,265,6.843900705260928,0.3729087018639378,1.0,0.0,0.0,0.0,1.0,1.0
19,265,9.188923268358971,8.546522486185067,0.0,0.0,0.0,0.0,1.0,1.0
0,270,5.198691146737801,3.0649198867259524,0.0,0.0,0.0,0.0,1.0,0.0
1,270,11.913574800184271,12.0,0.0,0.0,0.0,0.0,0.0,0.0
2,270,3.326146641306782,10.709518674980073,0.0,1.0,1.0,0.0,1.0,1.0
3,270,4.515942989727061,1.135284268435945,0.0,0.0,1.0,1.0,1.0,0.0
4,270,7.9889455341322915,4.904312234882682,0.0,1.0,1.0,1.0,0.0,1.0
5,270,10.141772116382038,2.386384996918584,1.0,1.0,1.0,0.0,1.0,1.0
6,270,9.153485473386867,4.377336868376607,0.0,0.0,0.0,0.0,0.0,0.0
7,270,5.279573566197395,7.675106658860872,0.0,1.0,1.0,1.0,0.0,1.0
8,270,1.9115997414498835,5.714889615416562,0.0,1.0,0.0,0.0,0.0,0.0
9,270,0.0,8.208026289580497,1.0,1.0,0.0,1.0,0.0,0.0
10,270,2.2690119778554707,11.630861418961446,1.0,0.0,0.0,1.0,1.0,1.0
11,270,3.858378712164981,2.9551061649859443,0.0,0.0,0.0,1.0,1.0,1.0
12,270,9.764467192927512,12.0,0.0,0.0,0.0,1.0,0.0,1.0
13,270,8.919551559472705,5.519611640471232,1.0,0.0,0.0,0.0,0.0,0.0
14,270,5.531219042873499,3.708202907477184,1.0,0.0,1.0,1.0,0.0,0.0
15,270,0.0,11.682894684149357,1.0,0.0,0.0,1.0,0.0,1.0
16,270,0.0,1.5738344233945765,0.0,1.0,0.0,1.0,0.0,1.0
17,270,0.7861386252074374,2.027394145649496,0.0,0.0,0.0,1.0,0.0,1.0
18,270,6.822177660209043,0.3081317856427834,1.0,0.0,0.0,0.0,1.0,1.0
19,270,9.256342969627342,8.615075233414256,0.0,0.0,0.0,0.0,1.0,1.0
0,275,5.221710643963976,2.897244562336976,0.0,0.0,0.0,0.0,1.0,0.0
1,275,11.989377323884389,12.0,0.0,0.0,0.0,0.0,0.0,0.0
2,275,3.112913956320294,10.89844663858024,0.0,1.0,1.0,0.0,1.0,1.0
3,275,4.403618304158049,1.134155559334362,0.0,0.0,1.0,1.0,1.0,0.0
4,275,7.967565291097848,4.895232197514673,0.0,1.0,1.0,1.0,0.0,1.0
5,275,10.155360771897731,2.3744501798375306,1.0,1.0,1.0,0.0,1.0,1.0
6,275,9.376586117349428,4.546631485209421,0.0,0.0,0.0,0.0,0.0,0.0
7,275,5.29346510668308,7.674007660004651,0.0,1.0,1.0,1.0,0.0,1.0
8,275,1.8780451833492933,5.731576262091498,0.0,1.0,0.0,0.0,0.0,0.0
9,275,0.0,8.314805337888847,1.0,1.0,0.0,1.0,0.0,0.0
10,275,2.13120242571543,11.694702272871249,1.0,0.0,0.0,1.0,1.0,1.0
11,275,3.848695594313802,2.8377033734999944,0.0,0.0,0.0,1.0,1.0,1.0
12,275,9.781308875729124,12.0,0.0,0.0,0.0,1.0,0.0,1.0
13,275,8.902486947243258,5.579268655161171,1.0,0.0,0.0,0.0,0.0,0.0
14,275,5.563379728713168,3.541887271083675,1.0,0.0,1.0,1.0,0.0,0.0
15,275,0.0,11.75909756717984,1.0,0.0,0.0,1.0,0.0,1.0
16,275,0.0,1.4229847389867851,0.0,1.0,0.0,1.0,0.0,1.0
17,275,0.7907688303410658,2.0262964383711557,0.0,0.0,0.0,1.0,0.0,1.0
18,275,6.798404578875269,0.241594003675308,1.0,0.0,0.0,0.0,1.0,1.0
19,275,9.307926165180763,8.667700455808577,0.0,0.0,0.0,0.0,1.0,1.0
0,280,5.253073280536909,2.721275887388953,0.0,0.0,0.0,0.0,1.0,0.0
1,280,12.0,12.0,0.0,0.0,0.0,0.0,0.0,0.0
2,280,2.906165192428188,11.073130805314468,0.0,1.0,1.0,0.0,1.0,1.0
3,280,4.29402631963515,1.1302842183395387,0.0,0.0,1.0,1.0,1.0,0.0
4,280,7.946450678600943,4.886486550333446,0.0,1.0,1.0,1.0,0.0,1.0
5,280,10.169049391140872,2.362336399696222,1.0,1.0,1.0,0.0,1.0,1.0
6,280,9.586990031404758,4.721157321318906,0.0,0.0,0.0,0.0,0.0,0.0
7,280,5.29668538986811,7.673716912161002,0.0,1.0,1.0,1.0,0.0,1.0
8,280,1.83132401923175,5.753295821482054,0.0,1.0,0.0,0.0,0.0,0.0
9,280,0.0,8.417383818628235,1.0,1.0,0.0,1.0,0.0,0.0
10,280,1.997293787975429,11.758595232103524,1.0,0.0,0.0,1.0,1.0,1.0
11,280,3.84239333669636,2.744413538827576,0.0,0.0,0.0,1.0,1.0,1.0
12,280,9.76658061541402,11.99446870469479,0.0,0.0,0.0,1.0,0.0,1.0
13,280,8.886300289210897,5.6354924831296485,1.0,0.0,0.0,0.0,0.0,0.0
14,280,5.588509484769925,3.389633649782866,1.0,0.0,1.0,1.0,0.0,0.0
15,280,0.0,11.828521851812932,1.0,0.0,0.0,1.0,0.0,1.0
16,280,0.0,1.2784435762581647,0.0,1.0,0.0,1.0,0.0,1.0
17,280,0.7863882782612798,2.027220672037989,0.0,0.0,0.0,1.0,0.0,1.0
18,280,6.783400367221546,0.1954971702612184,1.0,0.0,0.0,0.0,1.0,1.0
19,280,9.342406036194056,8.703727087380475,0.0,0.0,0.0,0.0,1.0,1.0
0,285,5.285973715637278,2.546841839512776,0.0,0.0,0.0,0.0,1.0,0.0
1,285,12.0,12.0,0.0,0.0,0.0,0.0,0.0,0.0
2,285,2.7068215254488983,11.23264580118604,0.0,1.0,1.0,0.0,1.0,1.0
3,285,4.187007161654517,1.1251765949796697,0.0,0.0,1.0,1.0,1.0,0.0
4,285,7.919113216260222,4.875508551463937,0.0,1.0,1.0,1.0,0.0,1.0
5,285,10.182311168125686,2.351006824750032,1.0,1.0,1.0,0.0,1.0,1.0
6,285,9.80085144307326,4.888075022587612,0.0,0.0,0.0,0.0,0.0,0.0
7,285,5.298772640275774,7.673506770458881,0.0,1.0,1.0,1.0,0.0,1.0
8,285,1.7839934340790855,5.774701922119744,0.0,1.0,0.0,0.0,0.0,0.0
9,285,0.0,8.525363457934478,1.0,1.0,0.0,1.0,0.0,0.0
10,285,1.8637387274362989,11.823665555899243,1.0,0.0,0.0,1.0,1.0,1.0
11,285,3.834300312820561,2.655525181240704,0.0,0.0,0.0,1.0,1.0,1.0
12,285,9.763822063070084,11.99349633568768,0.0,0.0,0.0,1.0,0.0,1.0
13,285,8.868971725819032,5.697522038918301,1.0,0.0,0.0,0.0,0.0,0.0
14,285,5.746145179705973,3.414735598953264,1.0,0.0,1.0,1.0,0.0,0.0
15,285,0.0,11.899164597337752,1.0,0.0,0.0,1.0,0.0,1.0
16,285,0.0,1.1332096485378036,0.0,1.0,0.0,1.0,0.0,1.0
17,285,0.7899823054416264,2.026523276200024,0.0,0.0,0.0,1.0,0.0,1.0
18,285,6.764800639689674,0.1344373887638669,1.0,0.0,0.0,0.0,1.0,1.0
19,285,9.352603951977464,8.714543214118457,0.0,0.0,0.0,0.0,1.0,1.0
0,290,5.318284942821955,2.3767210211420835,0.0,0.0,0.0,0.0,1.0,0.0
1,290,11.934345148729548,12.0,0.0,0.0,0.0,0.0,0.0,0.0
2,290,2.520328724663268,11.37803769476272,0.0,1.0,1.0,0.0,1.0,1.0
3,290,4.076967184629214,1.1210728264032594,0.0,0.0,1.0,1.0,1.0,0.0
4,290,7.888916628844885,4.863886112294922,0.0,1.0,1.0,1.0,0.0,1.0
5,290,10.193775974844078,2.3409130085634984,1.0,1.0,1.0,0.0,1.0,1.0
6,290,10.018090990272032,5.055304432867727,0.0,0.0,0.0,0.0,0.0,0.0
7,290,5.305931008228899,7.673050938617086,0.0,1.0,1.0,1.0,0.0,1.0
8,290,1.7312693877457412,5.800094509248309,0.0,1.0,0.0,0.0,0.0,0.0
9,290,0.0,8.631975086369007,1.0,1.0,0.0,1.0,0.0,0.0
10,290,1.737814012286178,11.88644967207814,1.0,0.0,0.0,1.0,1.0,1.0
11,290,3.827411759797144,2.58633352729024,0.0,0.0,0.0,1.0,1.0,1.0
12,290,9.759647178111257,11.991911679331125,0.0,0.0,0.0,1.0,0.0,1.0
13,290,8.855637346956863,5.748294453471623,1.0,0.0,0.0,0.0,0.0,0.0
14,290,5.9024117190452365,3.443602708211719,1.0,0.0,1.0,1.0,0.0,0.0
15,290,0.0,11.969267193090165,1.0,0.0,0.0,1.0,0.0,1.0
16,290,0.0,1.0047442532307107,0.0,1.0,0.0,1.0,0.0,1.0
17,290,0.7998427918722062,2.02482149565775,0.0,0.0,0.0,1.0,0.0,1.0
18,290,6.7404120043153135,0.0546042990754326,1.0,0.0,0.0,0.0,1.0,1.0
19,290,9.372595041664905,8.73562853849537,0.0,0.0,0.0,0.0,1.0,1.0
0,295,5.34723882109219,2.216178939678127,0.0,0.0,0.0,0.0,1.0,0.0
1,295,11.881077685223085,12.0,0.0,0.0,0.0,0.0,0.0,0.0
2,295,2.3622179633302163,11.504052656073162,0.0,1.0,1.0,0.0,1.0,1.0
3,295,4.082447263235974,1.0066963115323406,0.0,0.0,1.0,1.0,1.0,0.0
4,295,7.850558460151001,4.851125478835546,0.0,1.0,1.0,1.0,0.0,1.0
5,295,10.200299709986272,2.3491305659194115,1.0,1.0,1.0,0.0,1.0,1.0
6,295,10.22927602550908,5.218673514085309,0.0,0.0,0.0,0.0,0.0,0.0
7,295,5.302479675326778,7.673294460090911,0.0,1.0,1.0,1.0,0.0,1.0
8,295,1.683661966216523,5.824217461621885,0.0,1.0,0.0,0.0,0.0,0.0
9,295,0.0,8.735057153045501,1.0,1.0,0.0,1.0,0.0,0.0
10,295,1.6255484961784306,11.942187319029848,1.0,0.0,0.0,1.0,1.0,1.0
11,295,3.819804954299952,2.5160992015998778,0.0,0.0,0.0,1.0,1.0,1.0
12,295,9.757068372926035,11.990969680871627,0.0,0.0,0.0,1.0,0.0,1.0
13,295,8.84542660015093,5.789951979790891,1.0,0.0,0.0,0.0,0.0,0.0
14,295,6.07626540472423,3.471122406043248,1.0,0.0,1.0,1.0,0.0,0.0
15,295,0.0,12.0,1.0,0.0,0.0,1.0,0.0,1.0
16,295,0.0,0.8829950382977835,0.0,1.0,0.0,1.0,0.0,1.0
17,295,0.8111676795899075,2.0227893777785075,0.0,0.0,0.0,1.0,0.0,1.0
18,295,6.716926952391816,0.0,1.0,0.0,0.0,0.0,1.0,1.0
19,295,9.402548045327428,8.769567097010798,0.0,0.0,0.0,0.0,1.0,1.0
