0,0,12.0,5.0178754489360085,0.0,0.0,1.0,0.0,0.0,1.0
1,0,10.98668535730442,4.046212642177722,1.0,0.0,1.0,1.0,0.0,1.0
2,0,9.011950806302885,1.0756787602926714,1.0,0.0,1.0,1.0,1.0,1.0
3,0,1.978230630715084,8.01377010870729,0.0,0.0,0.0,0.0,0.0,1.0
4,0,8.954634435008195,8.958802938091814,1.0,0.0,0.0,0.0,0.0,0.0
5,0,0.0245102414935768,8.940095973516149,1.0,0.0,1.0,1.0,1.0,0.0
6,0,8.006133153566667,8.955187878507703,1.0,0.0,0.0,1.0,0.0,0.0
7,0,6.048787053070472,0.0,0.0,0.0,0.0,1.0,0.0,0.0
8,0,6.025222248255189,11.97646620186284,1.0,0.0,0.0,0.0,0.0,1.0
9,0,0.9527643261198312,11.952815500823386,0.0,1.0,0.0,1.0,1.0,0.0
10,0,9.953285033287887,4.065797986603779,0.0,1.0,0.0,0.0,0.0,0.0
11,0,4.981128308084993,0.0117085028691525,1.0,1.0,0.0,0.0,1.0,1.0
12,0,0.0,5.941202637085223,0.0,0.0,0.0,0.0,1.0,0.0
13,0,5.012581985631149,12.0,0.0,1.0,1.0,0.0,0.0,1.0
14,0,9.038090591629892,6.9925418821962815,0.0,1.0,0.0,0.0,0.0,0.0
15,0,2.032486781894032,11.98256818116075,0.0,0.0,0.0,0.0,1.0,0.0
16,0,5.965515968993361,11.9497739495762,0.0,0.0,1.0,0.0,1.0,0.0
17,0,9.005025747388588,1.9702487826004915,0.0,1.0,1.0,1.0,0.0,0.0
18,0,10.049902301573791,8.013613060267755,0.0,0.0,0.0,0.0,0.0,1.0
19,0,10.989462202659784,2.0427525535686204,0.0,0.0,0.0,1.0,0.0,0.0
0,5,12.0,5.033246652369371,0.0,0.0,1.0,0.0,0.0,1.0
1,5,10.978740179666689,4.072791451168516,1.0,0.0,1.0,1.0,0.0,1.0
2,5,9.022985152197837,1.145022142788484,1.0,0.0,1.0,1.0,1.0,1.0
3,5,1.9599488726571903,8.026123570875676,0.0,0.0,0.0,0.0,0.0,1.0
4,5,8.92343670899777,8.993092163241922,1.0,0.0,0.0,0.0,0.0,0.0
5,5,0.0508555420974341,8.878065803098464,1.0,0.0,1.0,1.0,1.0,0.0
6,5,8.011292207881098,8.90100771306362,1.0,0.0,0.0,1.0,0.0,0.0
7,5,6.092687985344898,0.0,0.0,0.0,0.0,1.0,0.0,0.0
8,5,6.060284127542728,11.94419065842876,1.0,0.0,0.0,0.0,0.0,1.0
9,5,0.900303305021855,11.90238548786989,0.0,1.0,0.0,1.0,1.0,0.0
10,5,9.922827431707194,4.110174450278276,0.0,1.0,0.0,0.0,0.0,0.0
11,5,4.953199711244251,0.0283060833764722,1.0,1.0,0.0,0.0,1.0,1.0
12,5,0.0,5.876063900366551,0.0,0.0,0.0,0.0,1.0,0.0
13,5,5.027824185015972,12.0,0.0,1.0,1.0,0.0,0.0,1.0
14,5,9.090540523495768,6.982965844482267,0.0,1.0,0.0,0.0,0.0,0.0
15,5,2.0666619823372065,11.964785259941964,0.0,0.0,0.0,0.0,1.0,0.0
16,5,5.935205640292963,11.903559485637894,0.0,0.0,1.0,0.0,1.0,0.0
17,5,9.01525809878785,1.9070017409055608,0.0,1.0,1.0,1.0,0.0,0.0
18,5,10.096355982096268,8.025457448890892,0.0,0.0,0.0,0.0,0.0,1.0
19,5,10.9792939340274,2.0860281770966687,0.0,0.0,0.0,1.0,0.0,0.0
0,10,12.0,5.050072044705133,0.0,0.0,1.0,0.0,0.0,1.0
1,10,10.96339233591532,4.119745635831689,1.0,0.0,1.0,1.0,0.0,1.0
2,10,9.03184954608482,1.2113830863198136,1.0,0.0,1.0,1.0,1.0,1.0
3,10,1.9590433889036725,8.026764188793582,0.0,0.0,0.0,0.0,0.0,1.0
4,10,8.89481258053231,9.024466964239112,1.0,0.0,0.0,0.0,0.0,0.0
5,10,0.0759779744882868,8.813857692104635,1.0,0.0,1.0,1.0,1.0,0.0
6,10,8.015465003658043,8.859802300844287,1.0,0.0,0.0,1.0,0.0,0.0
7,10,6.144649135542252,0.0,0.0,0.0,0.0,1.0,0.0,0.0
8,10,6.086714250225458,11.920381193421028,1.0,0.0,0.0,0.0,0.0,1.0
9,10,0.8372616191500757,11.843963682939377,0.0,1.0,0.0,1.0,1.0,0.0
10,10,9.890931756217704,4.157409067364665,0.0,1.0,0.0,0.0,0.0,0.0
11,10,4.9392254191470375,0.036308545452787,1.0,1.0,0.0,0.0,1.0,1.0
12,10,0.0,5.817977485588107,0.0,0.0,0.0,0.0,1.0,0.0
13,10,5.045870638102884,12.0,0.0,1.0,1.0,0.0,0.0,1.0
14,10,9.145243086429383,6.971690551431462,0.0,1.0,0.0,0.0,0.0,0.0
15,10,2.08653636095232,11.953927877285825,0.0,0.0,0.0,0.0,1.0,0.0
16,10,5.89489407838573,11.840425004802375,0.0,0.0,1.0,0.0,1.0,0.0
17,10,9.02524930295833,1.8422794065885733,0.0,1.0,1.0,1.0,0.0,0.0
18,10,10.161574175819508,8.042421781742584,0.0,0.0,0.0,0.0,0.0,1.0
19,10,10.96821359090197,2.131662424005522,0.0,0.0,0.0,1.0,0.0,0.0
0,15,12.0,5.069107789799496,0.0,0.0,1.0,0.0,0.0,1.0
1,15,10.948976778099038,4.168778351787793,1.0,0.0,1.0,1.0,0.0,1.0
2,15,9.040716993257195,1.2715773802209538,1.0,0.0,1.0,1.0,1.0,1.0
3,15,1.9591569824977288,8.026684593224344,0.0,0.0,0.0,0.0,0.0,1.0
4,15,8.855605380956595,9.06456864613389,1.0,0.0,0.0,0.0,0.0,0.0
5,15,0.1074931826898921,8.733165169195585,1.0,0.0,1.0,1.0,1.0,0.0
6,15,8.01926166820886,8.82234701947202,1.0,0.0,0.0,1.0,0.0,0.0
7,15,6.193703915688674,0.0,0.0,0.0,0.0,1.0,0.0,0.0
8,15,6.102892882447796,11.905451506799125,1.0,0.0,0.0,0.0,0.0,1.0
9,15,0.791322553765437,11.801306541784408,0.0,1.0,0.0,1.0,1.0,0.0
10,15,9.860567173376673,4.2053232048791696,0.0,1.0,0.0,0.0,0.0,0.0
11,15,4.917346670119751,0.0490469648478612,1.0,1.0,0.0,0.0,1.0,1.0
12,15,0.0,5.765937563261191,0.0,0.0,0.0,0.0,1.0,0.0
13,15,5.062598777215355,12.0,0.0,1.0,1.0,0.0,0.0,1.0
14,15,9.183045061081517,6.965008945272207,0.0,1.0,0.0,0.0,0.0,0.0
15,15,2.108984054619069,11.942265186769763,0.0,0.0,0.0,0.0,1.0,0.0
16,15,5.850033051335572,11.7726596488789,0.0,0.0,1.0,0.0,1.0,0.0
17,15,9.032977414597852,1.7803105728712898,0.0,1.0,1.0,1.0,0.0,0.0
18,15,10.216877775126251,8.05694504045597,0.0,0.0,0.0,0.0,0.0,1.0
19,15,10.947189720082074,2.2126042839442985,0.0,0.0,0.0,1.0,0.0,0.0
0,20,12.0,5.086654878837717,0.0,0.0,1.0,0.0,0.0,1.0
1,20,10.932953527976633,4.2262990674138,1.0,0.0,1.0,1.0,0.0,1.0
2,20,9.049579008992737,1.3329518472607136,1.0,0.0,1.0,1.0,1.0,1.0
3,20,1.9615950602529435,8.025012632545943,0.0,0.0,0.0,0.0,0.0,1.0
4,20,8.819789981992754,9.099919788101758,1.0,0.0,0.0,0.0,0.0,0.0
5,20,0.1410954913556751,8.648778269308732,1.0,0.0,1.0,1.0,1.0,0.0
6,20,8.021974868447678,8.783285042458068,1.0,0.0,0.0,1.0,0.0,0.0
7,20,6.253172289133794,0.0,0.0,0.0,0.0,1.0,0.0,0.0
8,20,6.1212015079135975,11.888848853119844,1.0,0.0,0.0,0.0,0.0,1.0
9,20,0.7530193472181703,11.765325648882731,0.0,1.0,0.0,1.0,1.0,0.0
10,20,9.82075178817629,4.269201320936165,0.0,1.0,0.0,0.0,0.0,0.0
11,20,4.896953982825647,0.06117564335341,1.0,1.0,0.0,0.0,1.0,1.0
12,20,0.0,5.714073067212508,0.0,0.0,0.0,0.0,1.0,0.0
13,20,5.0828774760671545,12.0,0.0,1.0,1.0,0.0,0.0,1.0
14,20,9.203778600086348,6.961009828797356,0.0,1.0,0.0,0.0,0.0,0.0
15,20,2.122409028733595,11.934833197871583,0.0,0.0,0.0,0.0,1.0,0.0
16,20,5.790562896440916,11.68487444873816,0.0,0.0,1.0,0.0,1.0,0.0
17,20,9.038782246067724,1.737024371147155,0.0,1.0,1.0,1.0,0.0,0.0
18,20,10.282663560537024,8.074246852772992,0.0,0.0,0.0,0.0,0.0,1.0
19,20,10.93399768565777,2.264009256507694,0.0,0.0,0.0,1.0,0.0,0.0
0,25,12.0,5.106121527204462,0.0,0.0,1.0,0.0,0.0,1.0
1,25,10.917056630566371,4.281585667861954,1.0,0.0,1.0,1.0,0.0,1.0
2,25,9.056193966259508,1.3816556659846593,1.0,0.0,1.0,1.0,1.0,1.0
3,25,1.9478862316577363,8.033860376792234,0.0,0.0,0.0,0.0,0.0,1.0
4,25,8.78250777113948,9.13718141740869,1.0,0.0,0.0,0.0,0.0,0.0
5,25,0.1781933976369737,8.55572502666237,1.0,0.0,1.0,1.0,1.0,0.0
6,25,8.026832054186695,8.732725523169787,1.0,0.0,0.0,1.0,0.0,0.0
7,25,6.324077114477795,0.0,0.0,0.0,0.0,1.0,0.0,0.0
8,25,6.12986063854738,11.88101317600957,1.0,0.0,0.0,0.0,0.0,1.0
9,25,0.7029673593119868,11.715909373180162,0.0,1.0,0.0,1.0,1.0,0.0
10,25,9.772784479777131,4.349466056561927,0.0,1.0,0.0,0.0,0.0,0.0
11,25,4.8930362177956,0.0636722103123655,1.0,1.0,0.0,0.0,1.0,1.0
12,25,0.0,5.670570915095354,0.0,0.0,0.0,0.0,1.0,0.0
13,25,5.1030802124487336,12.0,0.0,1.0,1.0,0.0,0.0,1.0
14,25,9.22284578508179,6.957456639621945,0.0,1.0,0.0,0.0,0.0,0.0
15,25,2.1456321358967374,11.922195048494965,0.0,0.0,0.0,0.0,1.0,0.0
16,25,5.737851281739257,11.604539144286964,0.0,0.0,1.0,0.0,1.0,0.0
17,25,9.043830984455123,1.7042232447444063,0.0,1.0,1.0,1.0,0.0,0.0
18,25,10.342834976256023,8.090834014326989,0.0,0.0,0.0,0.0,0.0,1.0
19,25,10.922050817008612,2.3050660645998926,0.0,0.0,0.0,1.0,0.0,0.0
0,30,12.0,5.12964222892555,0.0,0.0,1.0,0.0,0.0,1.0
1,30,10.89826333449708,4.351623723549438,1.0,0.0,1.0,1.0,0.0,1.0
2,30,9.059656117831926,1.4086647903109388,1.0,0.0,1.0,1.0,1.0,1.0
3,30,1.9139383848626148,8.055362754974688,0.0,0.0,0.0,0.0,0.0,1.0
4,30,8.747816969037922,9.171193229955376,1.0,0.0,0.0,0.0,0.0,0.0
5,30,0.2169699313807421,8.460521023225631,1.0,0.0,1.0,1.0,1.0,0.0
6,30,8.027971320407698,8.718665808348064,1.0,0.0,0.0,1.0,0.0,0.0
7,30,6.358431717371728,0.0,0.0,0.0,0.0,1.0,0.0,0.0
8,30,6.152350858844544,11.86106764782966,1.0,0.0,0.0,0.0,0.0,1.0
9,30,0.6536990103997053,11.668494524124254,0.0,1.0,0.0,1.0,1.0,0.0
10,30,9.730215885962052,4.414973945581543,0.0,1.0,0.0,0.0,0.0,0.0
11,30,4.8789676080836175,0.0725540988169086,1.0,1.0,0.0,0.0,1.0,1.0
12,30,0.0,5.6394601403996365,0.0,0.0,0.0,0.0,1.0,0.0
13,30,5.119528503063272,12.0,0.0,1.0,1.0,0.0,0.0,1.0
14,30,9.227111265346974,6.956638327276701,0.0,1.0,0.0,0.0,0.0,0.0
15,30,2.172852192354332,11.90738371534749,0.0,0.0,0.0,0.0,1.0,0.0
16,30,5.704744306932114,11.554601782621368,0.0,0.0,1.0,0.0,1.0,0.0
17,30,9.048211694077882,1.672610303099812,0.0,1.0,1.0,1.0,0.0,0.0
18,30,10.373699663415907,8.099105345447018,0.0,0.0,0.0,0.0,0.0,1.0
19,30,10.919847643716151,2.312606855410311,0.0,0.0,0.0,1.0,0.0,0.0
0,35,12.0,5.161651270062546,0.0,0.0,1.0,0.0,0.0,1.0
1,35,10.884423640429471,4.407253012157762,1.0,0.0,1.0,1.0,0.0,1.0
2,35,9.062579143711456,1.4326280873961486,1.0,0.0,1.0,1.0,1.0,1.0
3,35,1.8871307592788955,8.07202210510994,0.0,0.0,0.0,0.0,0.0,1.0
4,35,8.72262019917909,9.196140572201704,1.0,0.0,0.0,0.0,0.0,0.0
5,35,0.2653921206537701,8.337261637836358,1.0,0.0,1.0,1.0,1.0,0.0
6,35,8.027534529509314,8.724463308890302,1.0,0.0,0.0,1.0,0.0,0.0
7,35,6.394531468756086,0.0,0.0,0.0,0.0,1.0,0.0,0.0
8,35,6.173503842130752,11.842012853173708,1.0,0.0,0.0,0.0,0.0,1.0
9,35,0.6084435133475906,11.62393157098366,0.0,1.0,0.0,1.0,1.0,0.0
10,35,9.68471946909879,4.488032143360944,0.0,1.0,0.0,0.0,0.0,0.0
11,35,4.859931224733884,0.0838715855842182,1.0,1.0,0.0,0.0,1.0,1.0
12,35,0.0,5.611774719012878,0.0,0.0,0.0,0.0,1.0,0.0
13,35,5.1366220741381206,12.0,0.0,1.0,1.0,0.0,0.0,1.0
14,35,9.253199585847709,6.951501825902589,0.0,1.0,0.0,0.0,0.0,0.0
15,35,2.192166529973375,11.89728047394652,0.0,0.0,0.0,0.0,1.0,0.0
16,35,5.677649581545101,11.514589237740688,0.0,0.0,1.0,0.0,1.0,0.0
17,35,9.052995339256482,1.6330114669457991,0.0,1.0,1.0,1.0,0.0,0.0
18,35,10.432456179577228,8.115335752508336,0.0,0.0,0.0,0.0,0.0,1.0
19,35,10.918479554460877,2.317274372765953,0.0,0.0,0.0,1.0,0.0,0.0
0,40,12.0,5.191668076585794,0.0,0.0,1.0,0.0,0.0,1.0
1,40,10.874993374864992,4.446660290030587,1.0,0.0,1.0,1.0,0.0,1.0
2,40,9.065446085772091,1.4545217325035384,1.0,0.0,1.0,1.0,1.0,1.0
3,40,1.8548790582719965,8.018908476607795,0.0,0.0,0.0,0.0,0.0,1.0
4,40,8.69188616304781,9.226728021927633,1.0,0.0,0.0,0.0,0.0,0.0
5,40,0.3190921065926298,8.203710522119316,1.0,0.0,1.0,1.0,1.0,0.0
6,40,8.026101310682751,8.742898129067978,1.0,0.0,0.0,1.0,0.0,0.0
7,40,6.444743463715732,0.0,0.0,0.0,0.0,1.0,0.0,0.0
8,40,6.20221419098821,11.817384157724096,1.0,0.0,0.0,0.0,0.0,1.0
9,40,0.5563983893933285,11.572978410544575,0.0,1.0,0.0,1.0,1.0,0.0
10,40,9.646734767632005,4.550049932156964,0.0,1.0,0.0,0.0,0.0,0.0
11,40,4.841092885091336,0.096025265054254,1.0,1.0,0.0,0.0,1.0,1.0
12,40,0.0233306184320096,5.597104917721945,0.0,0.0,0.0,0.0,1.0,0.0
13,40,5.16136946086092,12.0,0.0,1.0,1.0,0.0,0.0,1.0
14,40,9.268351111393809,6.948488234827889,0.0,1.0,0.0,0.0,0.0,0.0
15,40,2.2225883622143447,11.881161901556606,0.0,0.0,0.0,0.0,1.0,0.0
16,40,5.656824875750815,11.483683772157573,0.0,0.0,1.0,0.0,1.0,0.0
17,40,9.056440500296036,1.6100899408309224,0.0,1.0,1.0,1.0,0.0,0.0
18,40,10.499435912834524,8.134774534155436,0.0,0.0,0.0,0.0,0.0,1.0
19,40,10.913156864918804,2.3365442875612765,0.0,0.0,0.0,1.0,0.0,0.0
0,45,12.0,5.229226980785924,0.0,0.0,1.0,0.0,0.0,1.0
1,45,10.868666368942565,4.473290441320108,1.0,0.0,1.0,1.0,0.0,1.0
2,45,9.06668570262434,1.4655208092633556,1.0,0.0,1.0,1.0,1.0,1.0
3,45,1.825078415789251,7.970282357484862,0.0,0.0,0.0,0.0,0.0,1.0
4,45,8.661736996595923,9.256444343867294,1.0,0.0,0.0,0.0,0.0,0.0
5,45,0.3659057200858659,8.089127186194709,1.0,0.0,1.0,1.0,1.0,0.0
6,45,8.024543627052635,8.770405601625892,1.0,0.0,0.0,1.0,0.0,0.0
7,45,6.48430586419713,0.0,0.0,0.0,0.0,1.0,0.0,0.0
8,45,6.233280607930249,11.790870603902436,1.0,0.0,0.0,0.0,0.0,1.0
9,45,0.608924998431033,11.518603046015484,0.0,1.0,0.0,1.0,1.0,0.0
10,45,9.595326367479426,4.519412382879959,0.0,1.0,0.0,0.0,0.0,0.0
11,45,4.8032895913658535,0.1218235928855949,1.0,1.0,0.0,0.0,1.0,1.0
12,45,0.0419752400192211,5.584914852032004,0.0,0.0,0.0,0.0,1.0,0.0
13,45,5.187010213999304,12.0,0.0,1.0,1.0,0.0,0.0,1.0
14,45,9.289437143890591,6.944761093400107,0.0,1.0,0.0,0.0,0.0,0.0
15,45,2.245698577854672,11.868209804144511,0.0,0.0,0.0,0.0,1.0,0.0
16,45,5.629856371257106,11.443161495403594,0.0,0.0,1.0,0.0,1.0,0.0
17,45,9.060878241387634,1.584031323123955,0.0,1.0,1.0,1.0,0.0,0.0
18,45,10.559798552498885,8.152720429870728,0.0,0.0,0.0,0.0,0.0,1.0
19,45,10.908531389936105,2.354853756018295,0.0,0.0,0.0,1.0,0.0,0.0
0,50,12.0,5.275404586066911,0.0,0.0,1.0,0.0,0.0,1.0
1,50,10.862420220478043,4.501277328135002,1.0,0.0,1.0,1.0,0.0,1.0
2,50,9.067262878796935,1.4712168300866897,1.0,0.0,1.0,1.0,1.0,1.0
3,50,1.789126229244566,7.911976811056752,0.0,0.0,0.0,0.0,0.0,1.0
4,50,8.634784092538665,9.283681520318634,1.0,0.0,0.0,0.0,0.0,0.0
5,50,0.4160347527681581,7.9660856846625,1.0,0.0,1.0,1.0,1.0,0.0
6,50,8.022666148852817,8.796072822021175,1.0,0.0,0.0,1.0,0.0,0.0
7,50,6.538941615825455,0.0,0.0,0.0,0.0,1.0,0.0,0.0
8,50,6.26093142406496,11.76676147635128,1.0,0.0,0.0,0.0,0.0,1.0
9,50,0.6760732978229201,11.445061710323886,0.0,1.0,0.0,1.0,1.0,0.0
10,50,9.553965151030372,4.494653992683888,0.0,1.0,0.0,0.0,0.0,0.0
11,50,4.763596781641191,0.1479708897224837,1.0,1.0,0.0,0.0,1.0,1.0
12,50,0.0414921648522179,5.585225967352415,0.0,0.0,0.0,0.0,1.0,0.0
13,50,5.212537183043003,12.0,0.0,1.0,1.0,0.0,0.0,1.0
14,50,9.318285051912664,6.939775622975342,0.0,1.0,0.0,0.0,0.0,0.0
15,50,2.253127077032516,11.864022863354595,0.0,0.0,0.0,0.0,1.0,0.0
16,50,5.609430319106297,11.412230810460722,0.0,0.0,1.0,0.0,1.0,0.0
17,50,9.064786472464474,1.559774044274295,0.0,1.0,1.0,1.0,0.0,0.0
18,50,10.619739620144166,8.170037804081343,0.0,0.0,0.0,0.0,0.0,1.0
19,50,10.906899385610142,2.3614537047019013,0.0,0.0,0.0,1.0,0.0,0.0
0,55,12.0,5.316246781978406,0.0,0.0,1.0,0.0,0.0,1.0
1,55,10.85592582627836,4.529933579827281,1.0,0.0,1.0,1.0,0.0,1.0
2,55,9.068440841263277,1.4822661972989284,1.0,0.0,1.0,1.0,1.0,1.0
3,55,1.7568285877006395,7.858120598244752,0.0,0.0,0.0,0.0,0.0,1.0
4,55,8.617441439984061,9.30121645367363,1.0,0.0,0.0,0.0,0.0,0.0
5,55,0.4613377961136982,7.849970002815549,1.0,0.0,1.0,1.0,1.0,0.0
6,55,8.022270464047313,8.80384984682445,1.0,0.0,0.0,1.0,0.0,0.0
7,55,6.611954654322389,0.0,0.0,0.0,0.0,1.0,0.0,0.0
8,55,6.289250980961855,11.742046903321995,1.0,0.0,0.0,0.0,0.0,1.0
9,55,0.7273476018854583,11.388787131940742,0.0,1.0,0.0,1.0,1.0,0.0
10,55,9.517385877415483,4.472458329136544,0.0,1.0,0.0,0.0,0.0,0.0
11,55,4.7316509592349725,0.1694460235199416,1.0,1.0,0.0,0.0,1.0,1.0
12,55,0.0365473046769417,5.588049772989095,0.0,0.0,0.0,0.0,1.0,0.0
13,55,5.2346328038024,12.0,0.0,1.0,1.0,0.0,0.0,1.0
14,55,9.336925109224511,6.935657035888773,0.0,1.0,0.0,0.0,0.0,0.0
15,55,2.2535350283498565,11.863797292589256,0.0,0.0,0.0,0.0,1.0,0.0
16,55,5.590840119302039,11.38458720085792,0.0,0.0,1.0,0.0,1.0,0.0
17,55,9.071363289415777,1.5244959496850825,0.0,1.0,1.0,1.0,0.0,0.0
18,55,10.648822339579556,8.17853789809303,0.0,0.0,0.0,0.0,0.0,1.0
19,55,10.905754316876052,2.365858630092797,0.0,0.0,0.0,1.0,0.0,0.0
0,60,12.0,5.364167487475455,0.0,0.0,1.0,0.0,0.0,1.0
1,60,10.851154527989287,4.554647010955859,1.0,0.0,1.0,1.0,0.0,1.0
2,60,9.069866651370797,1.503207872978914,1.0,0.0,1.0,1.0,1.0,1.0
3,60,1.7228293457836543,7.802600828339821,0.0,0.0,0.0,0.0,0.0,1.0
4,60,8.60035682538599,9.318663859929329,1.0,0.0,0.0,0.0,0.0,0.0
5,60,0.503720286757973,7.741089590545389,1.0,0.0,1.0,1.0,1.0,0.0
6,60,8.022513084848958,8.80041759109564,1.0,0.0,0.0,1.0,0.0,0.0
7,60,6.67797827913451,0.0,0.0,0.0,0.0,1.0,0.0,0.0
8,60,6.318094638203059,11.714654327362217,1.0,0.0,0.0,0.0,0.0,1.0
9,60,0.7701982010323922,11.341977612618862,0.0,1.0,0.0,1.0,1.0,0.0
10,60,9.47889754831124,4.44762799440642,0.0,1.0,0.0,0.0,0.0,0.0
11,60,4.68259633308403,0.2040307691547114,1.0,1.0,0.0,0.0,1.0,1.0
12,60,0.0402523167100017,5.585929685190493,0.0,0.0,0.0,0.0,1.0,0.0
13,60,5.253780902028223,12.0,0.0,1.0,1.0,0.0,0.0,1.0
14,60,9.357239873278612,6.931505500378247,0.0,1.0,0.0,0.0,0.0,0.0
15,60,2.2609179528572168,11.859591665172069,0.0,0.0,0.0,0.0,1.0,0.0
16,60,5.573117993846448,11.357821204987149,0.0,0.0,1.0,0.0,1.0,0.0
17,60,9.080830847267196,1.4750386045076882,0.0,1.0,1.0,1.0,0.0,0.0
18,60,10.677598862175268,8.186441561391856,0.0,0.0,0.0,0.0,0.0,1.0
19,60,10.898581486688038,2.395064874841872,0.0,0.0,0.0,1.0,0.0,0.0
0,65,12.0,5.405417779974785,0.0,0.0,1.0,0.0,0.0,1.0
1,65,10.843880745265228,4.589621386795678,1.0,0.0,1.0,1.0,0.0,1.0
2,65,9.070667005603578,1.5171492016898434,1.0,0.0,1.0,1.0,1.0,1.0
3,65,1.6974022122789296,7.761776595364306,0.0,0.0,0.0,0.0,0.0,1.0
4,65,8.567845279665955,9.352734032158653,1.0,0.0,0.0,0.0,0.0,0.0
5,65,0.5572913347663951,7.609677676308706,1.0,0.0,1.0,1.0,1.0,0.0
6,65,8.024300467612912,8.780456388676877,1.0,0.0,0.0,1.0,0.0,0.0
7,65,6.728195893600814,0.0,0.0,0.0,0.0,1.0,0.0,0.0
8,65,6.354468123820354,11.68214212168528,1.0,0.0,0.0,0.0,0.0,1.0
9,65,0.8038154565911134,11.306109600207536,0.0,1.0,0.0,1.0,1.0,0.0
10,65,9.465872369355893,4.438890790910762,0.0,1.0,0.0,0.0,0.0,0.0
11,65,4.636374021938398,0.23647614277835,1.0,1.0,0.0,0.0,1.0,1.0
12,65,0.0376295855224213,5.587378091024899,0.0,0.0,0.0,0.0,1.0,0.0
13,65,5.275734675394733,12.0,0.0,1.0,1.0,0.0,0.0,1.0
14,65,9.374040904570965,6.928240875944788,0.0,1.0,0.0,0.0,0.0,0.0
15,65,2.275211483652007,11.851728871585706,0.0,0.0,0.0,0.0,1.0,0.0
16,65,5.562983934078597,11.343068023849511,0.0,0.0,1.0,0.0,1.0,0.0
17,65,9.09042275492707,1.4272591230170082,0.0,1.0,1.0,1.0,0.0,0.0
18,65,10.69062940719193,8.190309263669967,0.0,0.0,0.0,0.0,0.0,1.0
19,65,10.888733723352688,2.429939706303358,0.0,0.0,0.0,1.0,0.0,0.0
0,70,12.0,5.4527965539313765,0.0,0.0,1.0,0.0,0.0,1.0
1,70,10.83716335947302,4.620336540330872,1.0,0.0,1.0,1.0,0.0,1.0
2,70,9.07076548594884,1.5188655184002615,1.0,0.0,1.0,1.0,1.0,1.0
3,70,1.6645162004636291,7.708980440191524,0.0,0.0,0.0,0.0,0.0,1.0
4,70,8.528918710859475,9.39378621410468,1.0,0.0,0.0,0.0,0.0,0.0
5,70,0.6197993033246666,7.467368985750106,1.0,0.0,1.0,1.0,1.0,0.0
6,70,8.024364670398278,8.779809617732663,1.0,0.0,0.0,1.0,0.0,0.0
7,70,6.758269164991857,0.0,0.0,0.0,0.0,1.0,0.0,0.0
8,70,6.37274253217682,11.666073150358423,1.0,0.0,0.0,0.0,0.0,1.0
9,70,0.8345676590479724,11.27327585514148,0.0,1.0,0.0,1.0,1.0,0.0
10,70,9.452367240609387,4.430141446470199,0.0,1.0,0.0,0.0,0.0,0.0
11,70,4.60280059459622,0.2598577585445515,1.0,1.0,0.0,0.0,1.0,1.0
12,70,0.0469993119529573,5.582247647217583,0.0,0.0,0.0,0.0,1.0,0.0
13,70,5.299458045623132,12.0,0.0,1.0,1.0,0.0,0.0,1.0
14,70,9.375677821880076,6.927950766350266,0.0,1.0,0.0,0.0,0.0,0.0
15,70,2.2881941913315638,11.84436715323562,0.0,0.0,0.0,0.0,1.0,0.0
16,70,5.563801659946092,11.34421181566658,0.0,0.0,1.0,0.0,1.0,0.0
17,70,9.09943814387804,1.3862379400977023,0.0,1.0,1.0,1.0,0.0,0.0
18,70,10.7153916116,8.197898804354447,0.0,0.0,0.0,0.0,0.0,1.0
19,70,10.873916676365482,2.4775824951314718,0.0,0.0,0.0,1.0,0.0,0.0
0,75,11.94815023869342,5.533359728459592,0.0,0.0,1.0,0.0,0.0,1.0
1,75,10.832171359413346,4.64204516712405,1.0,0.0,1.0,1.0,0.0,1.0
2,75,9.07129352019221,1.5273132077889688,1.0,0.0,1.0,1.0,1.0,1.0
3,75,1.6239403748296517,7.643727211868001,0.0,0.0,0.0,0.0,0.0,1.0
4,75,8.475133499608328,9.453000501506317,1.0,0.0,0.0,0.0,0.0,0.0
5,75,0.6906320235446949,7.301300145237145,1.0,0.0,1.0,1.0,1.0,0.0
6,75,8.025076977324877,8.765256922266852,1.0,0.0,0.0,1.0,0.0,0.0
7,75,6.79646051956661,0.0,0.0,0.0,0.0,1.0,0.0,0.0
8,75,6.383722049655637,11.656860995281852,1.0,0.0,0.0,0.0,0.0,1.0
9,75,0.861474907427384,11.24530539764869,0.0,1.0,0.0,1.0,1.0,0.0
10,75,9.445005387224642,4.425513084445456,0.0,1.0,0.0,0.0,0.0,0.0
11,75,4.581597909454771,0.2742487953023941,1.0,1.0,0.0,0.0,1.0,1.0
12,75,0.0653994744817697,5.572465450667159,0.0,0.0,0.0,0.0,1.0,0.0
13,75,5.319152652615868,12.0,0.0,1.0,1.0,0.0,0.0,1.0
14,75,9.385112941380514,6.926308953410641,0.0,1.0,0.0,0.0,0.0,0.0
15,75,2.3092237014013413,11.832885936988456,0.0,0.0,0.0,0.0,1.0,0.0
16,75,5.580325314090319,11.366816932638242,0.0,0.0,1.0,0.0,1.0,0.0
17,75,9.104849798378156,1.3596863100579075,0.0,1.0,1.0,1.0,0.0,0.0
18,75,10.762849338649746,8.213677974394875,0.0,0.0,0.0,0.0,0.0,1.0
19,75,10.860926974762071,2.518587122367825,0.0,0.0,0.0,1.0,0.0,0.0
0,80,11.900424448037434,5.612647990709674,0.0,0.0,1.0,0.0,0.0,1.0
1,80,10.826830050082965,4.666348174875735,1.0,0.0,1.0,1.0,0.0,1.0
2,80,9.0721990082823,1.5427807784415652,1.0,0.0,1.0,1.0,1.0,1.0
3,80,1.586611447995835,7.583516483096823,0.0,0.0,0.0,0.0,0.0,1.0
4,80,8.426053737115124,9.504346679436246,1.0,0.0,0.0,0.0,0.0,0.0
5,80,0.7582976788689679,7.137506627520226,1.0,0.0,1.0,1.0,1.0,0.0
6,80,8.026291479054818,8.742399577074519,1.0,0.0,0.0,1.0,0.0,0.0
7,80,6.834797142071297,0.0,0.0,0.0,0.0,1.0,0.0,0.0
8,80,6.415757235111853,11.628518406317143,1.0,0.0,0.0,0.0,0.0,1.0
9,80,0.9024870344788608,11.20078858503702,0.0,1.0,0.0,1.0,1.0,0.0
10,80,9.45033282571229,4.428953206221639,0.0,1.0,0.0,0.0,0.0,0.0
11,80,4.5484586830646165,0.2972380520724361,1.0,1.0,0.0,0.0,1.0,1.0
12,80,0.1154091569432518,5.545613668490394,0.0,0.0,0.0,0.0,1.0,0.0
13,80,5.335072041073297,12.0,0.0,1.0,1.0,0.0,0.0,1.0
14,80,9.40027667503905,6.9240899957762005,0.0,1.0,0.0,0.0,0.0,0.0
15,80,2.337213931993684,11.817972839095852,0.0,0.0,0.0,0.0,1.0,0.0
16,80,5.59275994489321,11.383675534972207,0.0,0.0,1.0,0.0,1.0,0.0
17,80,9.104716081207096,1.3602997448897498,0.0,1.0,1.0,1.0,0.0,0.0
18,80,10.821130716514332,8.232707285591163,0.0,0.0,0.0,0.0,0.0,1.0
19,80,10.850658406573915,2.549615852220883,0.0,0.0,0.0,1.0,0.0,0.0
0,85,11.988007167974754,5.666372846649887,0.0,0.0,1.0,0.0,0.0,1.0
1,85,10.824815728871563,4.675037249375489,1.0,0.0,1.0,1.0,0.0,1.0
2,85,9.072985955645098,1.5553650104453876,1.0,0.0,1.0,1.0,1.0,1.0
3,85,1.5501797016960794,7.524642801933106,0.0,0.0,0.0,0.0,0.0,1.0
4,85,8.388757916978149,9.544921857825535,1.0,0.0,0.0,0.0,0.0,0.0
5,85,0.8302831094219026,6.968513817242843,1.0,0.0,1.0,1.0,1.0,0.0
6,85,8.027367955052316,8.729469966469011,1.0,0.0,0.0,1.0,0.0,0.0
7,85,6.892393475883977,0.0,0.0,0.0,0.0,1.0,0.0,0.0
8,85,6.449647468471165,11.599636937136422,1.0,0.0,0.0,0.0,0.0,1.0
9,85,0.9484522422200334,11.15104733741377,0.0,1.0,0.0,1.0,1.0,0.0
10,85,9.463804281382348,4.437839782795925,0.0,1.0,0.0,0.0,0.0,0.0
11,85,4.530920358666415,0.3102657946489108,1.0,1.0,0.0,0.0,1.0,1.0
12,85,0.1687811816758647,5.516670297166436,0.0,0.0,0.0,0.0,1.0,0.0
13,85,5.348960742677915,12.0,0.0,1.0,1.0,0.0,0.0,1.0
14,85,9.408693878360744,6.922758907333884,0.0,1.0,0.0,0.0,0.0,0.0
15,85,2.354444865369022,11.80898724043331,0.0,0.0,0.0,0.0,1.0,0.0
16,85,5.601161623095977,11.3945943569033,0.0,0.0,1.0,0.0,1.0,0.0
17,85,9.10521501356753,1.3577973657831768,0.0,1.0,1.0,1.0,0.0,0.0
18,85,10.893643631219735,8.256065540757298,0.0,0.0,0.0,0.0,0.0,1.0
19,85,10.837496954048088,2.587973255862804,0.0,0.0,0.0,1.0,0.0,0.0
0,90,12.0,5.714115673048627,0.0,0.0,1.0,0.0,0.0,1.0
1,90,10.820275292434774,4.698138324490347,1.0,0.0,1.0,1.0,0.0,1.0
2,90,9.073443894650564,1.5665040082598274,1.0,0.0,1.0,1.0,1.0,1.0
3,90,1.5101882897958854,7.461027003163038,0.0,0.0,0.0,0.0,0.0,1.0
4,90,8.366621297919277,9.570531236662866,1.0,0.0,0.0,0.0,0.0,0.0
5,90,0.9052395888364604,6.794865537868121,1.0,0.0,1.0,1.0,1.0,0.0
6,90,8.029517178190686,8.707174795853591,1.0,0.0,0.0,1.0,0.0,0.0
7,90,6.950950157288736,0.0,0.0,0.0,0.0,1.0,0.0,0.0
8,90,6.467629764377062,11.585087316081022,1.0,0.0,0.0,0.0,0.0,1.0
9,90,0.9974094401169646,11.097623381672676,0.0,1.0,0.0,1.0,1.0,0.0
10,90,9.458454964856871,4.43434116772737,0.0,1.0,0.0,0.0,0.0,0.0
11,90,4.500703677635219,0.3318557785179457,1.0,1.0,0.0,0.0,1.0,1.0
12,90,0.2259215594592994,5.487158042857574,0.0,0.0,0.0,0.0,1.0,0.0
13,90,5.361289504317173,12.0,0.0,1.0,1.0,0.0,0.0,1.0
14,90,9.419531363877152,6.921431018015828,0.0,1.0,0.0,0.0,0.0,0.0
15,90,2.3839747826765643,11.79429394362582,0.0,0.0,0.0,0.0,1.0,0.0
16,90,5.600087534739508,11.393198109646343,0.0,0.0,1.0,0.0,1.0,0.0
17,90,9.105233414407712,1.3576901871133578,0.0,1.0,1.0,1.0,0.0,0.0
18,90,10.96089023422939,8.277906925754563,0.0,0.0,0.0,0.0,0.0,1.0
19,90,10.818588942046498,2.6403231949489028,0.0,0.0,0.0,1.0,0.0,0.0
0,95,12.0,5.765136178816123,0.0,0.0,1.0,0.0,0.0,1.0
1,95,10.818853765513127,4.707412218862023,1.0,0.0,1.0,1.0,0.0,1.0
2,95,9.073264505393274,1.5633024262180255,1.0,0.0,1.0,1.0,1.0,1.0
3,95,1.4726000167854691,7.402312227762799,0.0,0.0,0.0,0.0,0.0,1.0
4,95,8.339417318541303,9.603711124341848,1.0,0.0,0.0,0.0,0.0,0.0
5,95,0.9872881282512596,6.606026416867569,1.0,0.0,1.0,1.0,1.0,0.0
6,95,8.030695698726452,8.693262356395142,1.0,0.0,0.0,1.0,0.0,0.0
7,95,7.014208380316265,0.0,0.0,0.0,0.0,1.0,0.0,0.0
8,95,6.480509254490568,11.574509178369528,1.0,0.0,0.0,0.0,0.0,1.0
9,95,1.044128069413926,11.047887888727733,0.0,1.0,0.0,1.0,1.0,0.0
10,95,9.448426433008205,4.427525624513916,0.0,1.0,0.0,0.0,0.0,0.0
11,95,4.47063782653963,0.3535287586696164,1.0,1.0,0.0,0.0,1.0,1.0
12,95,0.2698922207333899,5.463728734808173,0.0,0.0,0.0,0.0,1.0,0.0
13,95,5.371653850357473,12.0,0.0,1.0,1.0,0.0,0.0,1.0
14,95,9.450050161643077,6.917202312342798,0.0,1.0,0.0,0.0,0.0,0.0
15,95,2.4104802822993183,11.781414542956217,0.0,0.0,0.0,0.0,1.0,0.0
16,95,5.612299803936844,11.40970059971083,0.0,0.0,1.0,0.0,1.0,0.0
17,95,9.107819393912733,1.3427024964544592,0.0,1.0,1.0,1.0,0.0,0.0
18,95,11.024049502062152,8.297883173686587,0.0,0.0,0.0,0.0,0.0,1.0
19,95,10.79724663182987,2.70029966555233,0.0,0.0,0.0,1.0,0.0,0.0
0,100,12.0,5.811993913981487,0.0,0.0,1.0,0.0,0.0,1.0
1,100,10.82056593731457,4.697591781238123,1.0,0.0,1.0,1.0,0.0,1.0
2,100,9.074842433731472,1.5859458848511123,1.0,0.0,1.0,1.0,1.0,1.0
3,100,1.4408893704449726,7.353004387349345,0.0,0.0,0.0,0.0,0.0,1.0
4,100,8.320526567237101,9.626485601836723,1.0,0.0,0.0,0.0,0.0,0.0
5,100,1.0571883762481775,6.437309955406565,1.0,0.0,1.0,1.0,1.0,0.0
6,100,8.032145852573182,8.676222519106526,1.0,0.0,0.0,1.0,0.0,0.0
7,100,7.106372186371691,0.0,0.0,0.0,0.0,1.0,0.0,0.0
8,100,6.496196201945498,11.561250540151775,1.0,0.0,0.0,0.0,0.0,1.0
9,100,1.1007884956504648,10.985728768877314,0.0,1.0,0.0,1.0,1.0,0.0
10,100,9.443230479962246,4.423926866964841,0.0,1.0,0.0,0.0,0.0,0.0
11,100,4.438132885323095,0.3760699845779772,1.0,1.0,0.0,0.0,1.0,1.0
12,100,0.327242637452665,5.433998639326592,0.0,0.0,0.0,0.0,1.0,0.0
13,100,5.382066440592461,12.0,0.0,1.0,1.0,0.0,0.0,1.0
14,100,9.474894132005264,6.914078849827894,0.0,1.0,0.0,0.0,0.0,0.0
15,100,2.4478835745772334,11.764225848061075,0.0,0.0,0.0,0.0,1.0,0.0
16,100,5.631091506727698,11.43491225992207,0.0,0.0,1.0,0.0,1.0,0.0
17,100,9.113833003562585,1.3070980624891,0.0,1.0,1.0,1.0,0.0,0.0
18,100,11.102680724928444,8.324504741610422,0.0,0.0,0.0,0.0,0.0,1.0
19,100,10.768246286208417,2.780288004598213,0.0,0.0,0.0,1.0,0.0,0.0
0,105,12.0,5.870935682828619,0.0,0.0,1.0,0.0,0.0,1.0
1,105,10.824430169142987,4.675978884524204,1.0,0.0,1.0,1.0,0.0,1.0
2,105,9.076952991397365,1.6127943818554482,1.0,0.0,1.0,1.0,1.0,1.0
3,105,1.3964363310119825,7.2879075050649345,0.0,0.0,0.0,0.0,0.0,1.0
4,105,8.298101743242832,9.65327152642861,1.0,0.0,0.0,0.0,0.0,0.0
5,105,1.126391263610672,6.269281288222273,1.0,0.0,1.0,1.0,1.0,0.0
6,105,8.0350179836868,8.650181869990915,1.0,0.0,0.0,1.0,0.0,0.0
7,105,7.197316565952184,0.0,0.0,0.0,0.0,1.0,0.0,0.0
8,105,6.513732547383502,11.546584779121872,1.0,0.0,0.0,0.0,0.0,1.0
9,105,1.1633472148795352,10.91538006233741,0.0,1.0,0.0,1.0,1.0,0.0
10,105,9.428318239221062,4.413140210429874,0.0,1.0,0.0,0.0,0.0,0.0
11,105,4.397454588361369,0.405067428135996,1.0,1.0,0.0,0.0,1.0,1.0
12,105,0.3877035340440097,5.399994514989909,0.0,0.0,0.0,0.0,1.0,0.0
13,105,5.389806483698364,12.0,0.0,1.0,1.0,0.0,0.0,1.0
14,105,9.480916601554506,6.913388147604383,0.0,1.0,0.0,0.0,0.0,0.0
15,105,2.472229447195262,11.753407482644628,0.0,0.0,0.0,0.0,1.0,0.0
16,105,5.650435892274759,11.45967155953824,0.0,0.0,1.0,0.0,1.0,0.0
17,105,9.122056865215892,1.2562671449521496,0.0,1.0,1.0,1.0,0.0,0.0
18,105,11.198652767246834,8.356189274697781,0.0,0.0,0.0,0.0,0.0,1.0
19,105,10.74431963639843,2.846876725103813,0.0,0.0,0.0,1.0,0.0,0.0
0,110,12.0,5.939437223495767,0.0,0.0,1.0,0.0,0.0,1.0
1,110,10.828945273478311,4.650394490580683,1.0,0.0,1.0,1.0,0.0,1.0
2,110,9.079661587029465,1.6638304063255782,1.0,0.0,1.0,1.0,1.0,1.0
3,110,1.3527305734448007,7.223020256336084,0.0,0.0,0.0,0.0,0.0,1.0
4,110,8.286204181396698,9.667783969302809,1.0,0.0,0.0,0.0,0.0,0.0
5,110,1.1926516962098652,6.110262487553866,1.0,0.0,1.0,1.0,1.0,0.0
6,110,8.037260737493739,8.631426612055837,1.0,0.0,0.0,1.0,0.0,0.0
7,110,7.280767832359175,0.0,0.0,0.0,0.0,1.0,0.0,0.0
8,110,6.528697947076161,11.53403205298518,1.0,0.0,0.0,0.0,0.0,1.0
9,110,1.2375237571469784,10.826692090114635,0.0,1.0,0.0,1.0,1.0,0.0
10,110,9.411832737579134,4.401073533648727,0.0,1.0,0.0,0.0,0.0,0.0
11,110,4.366819373061665,0.4268093160608672,1.0,1.0,0.0,0.0,1.0,1.0
12,110,0.4399518189166443,5.370735129230625,0.0,0.0,0.0,0.0,1.0,0.0
13,110,5.329925546044331,12.0,0.0,1.0,1.0,0.0,0.0,1.0
14,110,9.494281640617135,6.91201136462298,0.0,1.0,0.0,0.0,0.0,0.0
15,110,2.490065852958212,11.745696317298254,0.0,0.0,0.0,0.0,1.0,0.0
16,110,5.669457013079373,11.483470549192836,0.0,0.0,1.0,0.0,1.0,0.0
17,110,9.131062954116766,1.1973103553748936,0.0,1.0,1.0,1.0,0.0,0.0
18,110,11.303669006557543,8.395704410517299,0.0,0.0,0.0,0.0,0.0,1.0
19,110,10.715780403383748,2.9244996584786067,0.0,0.0,0.0,1.0,0.0,0.0
0,115,12.0,6.004452207489752,0.0,0.0,1.0,0.0,0.0,1.0
1,115,10.83176976444132,4.633035785099435,1.0,0.0,1.0,1.0,0.0,1.0
2,115,9.083478548011676,1.7298596997794768,1.0,0.0,1.0,1.0,1.0,1.0
3,115,1.3029468253600331,7.148881339274279,0.0,0.0,0.0,0.0,0.0,1.0
4,115,8.285765226221315,9.668319017113731,1.0,0.0,0.0,0.0,0.0,0.0
5,115,1.3592963418648714,6.185016905561671,1.0,0.0,1.0,1.0,1.0,0.0
6,115,8.042303864945373,8.574153767154554,1.0,0.0,0.0,1.0,0.0,0.0
7,115,7.357254834542296,0.0,0.0,0.0,0.0,1.0,0.0,0.0
8,115,6.555014372213016,11.510675147568762,1.0,0.0,0.0,0.0,0.0,1.0
9,115,1.3039534346501214,10.750322356266942,0.0,1.0,0.0,1.0,1.0,0.0
10,115,9.38281689866318,4.381603626628801,0.0,1.0,0.0,0.0,0.0,0.0
11,115,4.323127420773977,0.4593679344229745,1.0,1.0,0.0,0.0,1.0,1.0
12,115,0.495513646280662,5.340246520293168,0.0,0.0,0.0,0.0,1.0,0.0
13,115,5.299419663688255,12.0,0.0,1.0,1.0,0.0,0.0,1.0
14,115,9.489443174581318,6.912424813994207,0.0,1.0,0.0,0.0,0.0,0.0
15,115,2.4826792212967512,11.72688590040588,0.0,0.0,0.0,0.0,1.0,0.0
16,115,5.693872245910587,11.51291001515749,0.0,0.0,1.0,0.0,1.0,0.0
17,115,9.141793498551785,1.1299253297047676,0.0,1.0,1.0,1.0,0.0,0.0
18,115,11.390315293380247,8.429278200823305,0.0,0.0,0.0,0.0,0.0,1.0
19,115,10.687560102074404,3.0014424702061957,0.0,0.0,0.0,1.0,0.0,0.0
0,120,12.0,6.080576112804268,0.0,0.0,1.0,0.0,0.0,1.0
1,120,10.835668923023643,4.605825928678516,1.0,0.0,1.0,1.0,0.0,1.0
2,120,9.0848879476859,1.7569871932981955,1.0,0.0,1.0,1.0,1.0,1.0
3,120,1.262421457077518,7.089412760052095,0.0,0.0,0.0,0.0,0.0,1.0
4,120,8.284276148165326,9.670089633213736,1.0,0.0,0.0,0.0,0.0,0.0
5,120,1.5368321305467807,6.264664247459744,1.0,0.0,1.0,1.0,1.0,0.0
6,120,8.049880457620917,8.475815384659587,1.0,0.0,0.0,1.0,0.0,0.0
7,120,7.43739291246492,0.0,0.0,0.0,0.0,1.0,0.0,0.0
8,120,6.581110408816515,11.48804765961246,1.0,0.0,0.0,0.0,0.0,1.0
9,120,1.3823825017625515,10.65801012139678,0.0,1.0,0.0,1.0,1.0,0.0
10,120,9.364708251921586,4.3696384249161335,0.0,1.0,0.0,0.0,0.0,0.0
11,120,4.26780792013877,0.5002905405372708,1.0,1.0,0.0,0.0,1.0,1.0
12,120,0.5415295204257077,5.316016287132083,0.0,0.0,0.0,0.0,1.0,0.0
13,120,5.264129081446999,12.0,0.0,1.0,1.0,0.0,0.0,1.0
14,120,9.486547471960325,6.912600359279216,0.0,1.0,0.0,0.0,0.0,0.0
15,120,2.480629839974964,11.721827234469975,0.0,0.0,0.0,0.0,1.0,0.0
16,120,5.723204463601145,11.488041267588462,0.0,0.0,1.0,0.0,1.0,0.0
17,120,9.155132376491048,1.0630303262879146,0.0,1.0,1.0,1.0,0.0,0.0
18,120,11.480287548598213,8.462987851168846,0.0,0.0,0.0,0.0,0.0,1.0
19,120,10.660040506391974,3.074380247942752,0.0,0.0,0.0,1.0,0.0,0.0
0,125,12.0,6.144840125471528,0.0,0.0,1.0,0.0,0.0,1.0
1,125,10.838689356578971,4.584940023612014,1.0,0.0,1.0,1.0,0.0,1.0
2,125,9.086812428499249,1.785391577463839,1.0,0.0,1.0,1.0,1.0,1.0
3,125,1.2223483730224511,7.03207901279847,0.0,0.0,0.0,0.0,0.0,1.0
4,125,8.270352827719249,9.686623381142624,1.0,0.0,0.0,0.0,0.0,0.0
5,125,1.7219452635893602,6.3422100607669165,1.0,0.0,1.0,1.0,1.0,0.0
6,125,8.055608425035036,8.34706858272786,1.0,0.0,0.0,1.0,0.0,0.0
7,125,7.519402554321952,0.0,0.0,0.0,0.0,1.0,0.0,0.0
8,125,6.610689865271223,11.461500055652898,1.0,0.0,0.0,0.0,0.0,1.0
9,125,1.4668799562050046,10.557023183502862,0.0,1.0,0.0,1.0,1.0,0.0
10,125,9.33526276258218,4.349261649514566,0.0,1.0,0.0,0.0,0.0,0.0
11,125,4.195420367547908,0.5547546151451408,1.0,1.0,0.0,0.0,1.0,1.0
12,125,0.5990740304148849,5.283952153067482,0.0,0.0,0.0,0.0,1.0,0.0
13,125,5.231261657203589,12.0,0.0,1.0,1.0,0.0,0.0,1.0
14,125,9.486859355196746,6.912581245783811,0.0,1.0,0.0,0.0,0.0,0.0
15,125,2.472006977736304,11.6994193854225,0.0,0.0,0.0,0.0,1.0,0.0
16,125,5.765233866943339,11.453044794254764,0.0,0.0,1.0,0.0,1.0,0.0
17,125,9.17255450236644,0.9740461394309587,0.0,1.0,1.0,1.0,0.0,0.0
18,125,11.574786107081104,8.496358516051735,0.0,0.0,0.0,0.0,0.0,1.0
19,125,10.647887189383336,3.107746579564325,0.0,0.0,0.0,1.0,0.0,0.0
0,130,12.0,6.2000655366824855,0.0,0.0,1.0,0.0,0.0,1.0
1,130,10.840806978278886,4.569248735190328,1.0,0.0,1.0,1.0,0.0,1.0
2,130,9.089408416942389,1.814782143677253,1.0,0.0,1.0,1.0,1.0,1.0
3,130,1.1808675622060036,6.972103531817587,0.0,0.0,0.0,0.0,0.0,1.0
4,130,8.271218137940929,9.685586780769292,1.0,0.0,0.0,0.0,0.0,0.0
5,130,1.891970791052462,6.408205648989048,1.0,0.0,1.0,1.0,1.0,0.0
6,130,8.062850192013448,8.229978078441604,1.0,0.0,0.0,1.0,0.0,0.0
7,130,7.58863109368676,0.0,0.0,0.0,0.0,1.0,0.0,0.0
8,130,6.642392174327804,11.432822845859302,1.0,0.0,0.0,0.0,0.0,1.0
9,130,1.5526515589012346,10.46116838172581,0.0,1.0,0.0,1.0,1.0,0.0
10,130,9.302074946086972,4.328096385638253,0.0,1.0,0.0,0.0,0.0,0.0
11,130,4.140999926625338,0.5944140350827503,1.0,1.0,0.0,0.0,1.0,1.0
12,130,0.663642041768389,5.244861417174843,0.0,0.0,0.0,0.0,1.0,0.0
13,130,5.20456121609941,12.0,0.0,1.0,1.0,0.0,0.0,1.0
14,130,9.479657398487786,6.913079881521623,0.0,1.0,0.0,0.0,0.0,0.0
15,130,2.466507287203104,11.685143592509691,0.0,0.0,0.0,0.0,1.0,0.0
16,130,5.8097934231230575,11.416822899688784,0.0,0.0,1.0,0.0,1.0,0.0
17,130,9.19463622957593,0.8712774921223607,0.0,1.0,1.0,1.0,0.0,0.0
18,130,11.64391292648084,8.520356822313957,0.0,0.0,0.0,0.0,0.0,1.0
19,130,10.63914155782157,3.133773341134634,0.0,0.0,0.0,1.0,0.0,0.0
0,135,12.0,6.253120396584579,0.0,0.0,1.0,0.0,0.0,1.0
1,135,10.843432501077908,4.548421028413608,1.0,0.0,1.0,1.0,0.0,1.0
2,135,9.091307195919828,1.8335341574683663,1.0,0.0,1.0,1.0,1.0,1.0
3,135,1.146745383222158,6.920425863105419,0.0,0.0,0.0,0.0,0.0,1.0
4,135,8.280890484971811,9.67441244986382,1.0,0.0,0.0,0.0,0.0,0.0
5,135,2.065746044097592,6.478305275954793,1.0,0.0,1.0,1.0,1.0,0.0
6,135,8.070310531426985,8.110777936599767,1.0,0.0,0.0,1.0,0.0,0.0
7,135,7.632980635405512,0.0,0.0,0.0,0.0,1.0,0.0,0.0
8,135,6.677943670005766,11.403278810037715,1.0,0.0,0.0,0.0,0.0,1.0
9,135,1.6370383126414911,10.368996738917094,0.0,1.0,0.0,1.0,1.0,0.0
10,135,9.2659837395075,4.305735289068742,0.0,1.0,0.0,0.0,0.0,0.0
11,135,4.090081971864437,0.6317906193831698,1.0,1.0,0.0,0.0,1.0,1.0
12,135,0.7280894080812266,5.20609611676767,0.0,0.0,0.0,0.0,1.0,0.0
13,135,5.194693710284336,12.0,0.0,1.0,1.0,0.0,0.0,1.0
14,135,9.466434652128669,6.914140229867756,0.0,1.0,0.0,0.0,0.0,0.0
15,135,2.459902833668672,11.667522754769116,0.0,0.0,0.0,0.0,1.0,0.0
16,135,5.863545615735319,11.374926826347131,0.0,0.0,1.0,0.0,1.0,0.0
17,135,9.216514449069148,0.772274290719661,0.0,1.0,1.0,1.0,0.0,0.0
18,135,11.73683446413467,8.550794832469403,0.0,0.0,0.0,0.0,0.0,1.0
19,135,10.62702005471825,3.166571698120513,0.0,0.0,0.0,1.0,0.0,0.0
0,140,12.0,6.3044245881584535,0.0,0.0,1.0,0.0,0.0,1.0
1,140,10.842934515345185,4.551999318950579,1.0,0.0,1.0,1.0,0.0,1.0
2,140,9.090818578439682,1.8278981094145577,1.0,0.0,1.0,1.0,1.0,1.0
3,140,1.1215514221506884,6.87970682082653,0.0,0.0,0.0,0.0,0.0,1.0
4,140,8.291797952335616,9.66193347581286,1.0,0.0,0.0,0.0,0.0,0.0
5,140,2.239847454286151,6.550299002576133,1.0,0.0,1.0,1.0,1.0,0.0
6,140,8.077135421532487,8.01200484016269,1.0,0.0,0.0,1.0,0.0,0.0
7,140,7.684848877630262,0.0,0.0,0.0,0.0,1.0,0.0,0.0
8,140,6.706235786929384,11.378938209682207,1.0,0.0,0.0,0.0,0.0,1.0
9,140,1.7112681585186686,10.286754289907346,0.0,1.0,0.0,1.0,1.0,0.0
10,140,9.247173211060542,4.293248194999887,0.0,1.0,0.0,0.0,0.0,0.0
11,140,4.044457819248037,0.6656539029688125,1.0,1.0,0.0,0.0,1.0,1.0
12,140,0.7616135658792524,5.186249430323856,0.0,0.0,0.0,0.0,1.0,0.0
13,140,5.178862596472473,12.0,0.0,1.0,1.0,0.0,0.0,1.0
14,140,9.437861853999902,6.916952925302426,0.0,1.0,0.0,0.0,0.0,0.0
15,140,2.445111412352199,11.628816420379652,0.0,0.0,0.0,0.0,1.0,0.0
16,140,5.922043186677041,11.330085018165784,0.0,0.0,1.0,0.0,1.0,0.0
17,140,9.23635638534406,0.6857291166091443,0.0,1.0,1.0,1.0,0.0,0.0
18,140,11.83759063341546,8.585189979966938,0.0,0.0,0.0,0.0,0.0,1.0
19,140,10.608440990396758,3.218943501814083,0.0,0.0,0.0,1.0,0.0,0.0
0,145,12.0,6.364864511252929,0.0,0.0,1.0,0.0,0.0,1.0
1,145,10.842215385073075,4.556476753329712,1.0,0.0,1.0,1.0,0.0,1.0
2,145,9.092165966163344,1.8476123307072605,1.0,0.0,1.0,1.0,1.0,1.0
3,145,1.1091504924836546,6.8574286363253325,0.0,0.0,0.0,0.0,0.0,1.0
4,145,8.303782541342253,9.647834998952028,1.0,0.0,0.0,0.0,0.0,0.0
5,145,2.431748708070902,6.629785945213022,1.0,0.0,1.0,1.0,1.0,0.0
6,145,8.083888568042207,7.922490016666382,1.0,0.0,0.0,1.0,0.0,0.0
7,145,7.741485222687368,0.0,0.0,0.0,0.0,1.0,0.0,0.0
8,145,6.7279595665998,11.360339018515306,1.0,0.0,0.0,0.0,0.0,1.0
9,145,1.7996269323067349,10.194833113430963,0.0,1.0,0.0,1.0,1.0,0.0
10,145,9.228557646312147,4.280820971735143,0.0,1.0,0.0,0.0,0.0,0.0
11,145,4.002408931096558,0.6966731586974151,1.0,1.0,0.0,0.0,1.0,1.0
12,145,0.7874155611312017,5.171846724834748,0.0,0.0,0.0,0.0,1.0,0.0
13,145,5.164789466461474,12.0,0.0,1.0,1.0,0.0,0.0,1.0
14,145,9.408563523480092,6.920297446892997,0.0,1.0,0.0,0.0,0.0,0.0
15,145,2.434490642237173,11.60029281694545,0.0,0.0,0.0,0.0,1.0,0.0
16,145,6.00198039583392,11.26793200767881,0.0,0.0,1.0,0.0,1.0,0.0
17,145,9.25198844292079,0.6123087294249215,0.0,1.0,1.0,1.0,0.0,0.0
18,145,11.941545494307428,8.619979563162579,0.0,0.0,0.0,0.0,0.0,1.0
19,145,10.579983973898804,3.293611433450287,0.0,0.0,0.0,1.0,0.0,0.0
0,150,12.0,6.428571684891825,0.0,0.0,1.0,0.0,0.0,1.0
1,150,10.84239925104099,4.555320792463531,1.0,0.0,1.0,1.0,0.0,1.0
2,150,9.093127576200672,1.860811597370746,1.0,0.0,1.0,1.0,1.0,1.0
3,150,1.0954140549554825,6.833470935800428,0.0,0.0,0.0,0.0,0.0,1.0
4,150,8.316647161871767,9.631223731015748,1.0,0.0,0.0,0.0,0.0,0.0
5,150,2.62524975696996,6.706859864346529,1.0,0.0,1.0,1.0,1.0,0.0
6,150,8.091190660989513,7.838696291455748,1.0,0.0,0.0,1.0,0.0,0.0
7,150,7.801632331969666,0.0,0.0,0.0,0.0,1.0,0.0,0.0
8,150,6.759196513277417,11.334060879409543,1.0,0.0,0.0,0.0,0.0,1.0
9,150,1.879328576572308,10.107797352601018,0.0,1.0,0.0,1.0,1.0,0.0
10,150,9.23056594660072,4.282126516789576,0.0,1.0,0.0,0.0,0.0,0.0
11,150,3.963535914511018,0.7259160599983693,1.0,1.0,0.0,0.0,1.0,1.0
12,150,0.8011409894568092,5.164745447336909,0.0,0.0,0.0,0.0,1.0,0.0
13,150,5.155345244766778,12.0,0.0,1.0,1.0,0.0,0.0,1.0
14,150,9.39547039381706,6.921939158462575,0.0,1.0,0.0,0.0,0.0,0.0
15,150,2.4215651371723914,11.565920856433875,0.0,0.0,0.0,0.0,1.0,0.0
16,150,6.100585021182583,11.192469264953486,0.0,0.0,1.0,0.0,1.0,0.0
17,150,9.270514247969423,0.5285776144759537,0.0,1.0,1.0,1.0,0.0,0.0
18,150,12.0,8.652802700015023,0.0,0.0,0.0,0.0,0.0,1.0
19,150,10.552070251904308,3.3665540032968466,0.0,0.0,0.0,1.0,0.0,0.0
0,155,12.0,6.488675690253054,0.0,0.0,1.0,0.0,0.0,1.0
1,155,10.844202361416714,4.5431028947817325,1.0,0.0,1.0,1.0,0.0,1.0
2,155,9.09367227233052,1.8719478602455064,1.0,0.0,1.0,1.0,1.0,1.0
3,155,1.081181224528655,6.806027305583419,0.0,0.0,0.0,0.0,0.0,1.0
4,155,8.337295141067342,9.60482730916591,1.0,0.0,0.0,0.0,0.0,0.0
5,155,2.832045772665088,6.791613041069123,1.0,0.0,1.0,1.0,1.0,0.0
6,155,8.097504569120076,7.757265484043389,1.0,0.0,0.0,1.0,0.0,0.0
7,155,7.862775877404784,0.0,0.0,0.0,0.0,1.0,0.0,0.0
8,155,6.784264491873663,11.312243243379454,1.0,0.0,0.0,0.0,0.0,1.0
9,155,1.9583114133870223,10.02394979384008,0.0,1.0,0.0,1.0,1.0,0.0
10,155,9.244354747035748,4.291374466208924,0.0,1.0,0.0,0.0,0.0,0.0
11,155,3.92658312105932,0.7542272189843131,1.0,1.0,0.0,0.0,1.0,1.0
12,155,0.8006678412185255,5.1649926727861954,0.0,0.0,0.0,0.0,1.0,0.0
13,155,5.13890052022878,12.0,0.0,1.0,1.0,0.0,0.0,1.0
14,155,9.373693194683431,6.924635866653807,0.0,1.0,0.0,0.0,0.0,0.0
15,155,2.41354136001718,11.54458436899272,0.0,0.0,0.0,0.0,1.0,0.0
16,155,6.19698228097877,11.120731798150734,0.0,0.0,1.0,0.0,1.0,0.0
17,155,9.28937176837892,0.4451725755842945,0.0,1.0,1.0,1.0,0.0,0.0
18,155,12.0,8.688170338181381,0.0,0.0,0.0,0.0,0.0,1.0
19,155,10.523789226812031,3.4427128775707394,0.0,0.0,0.0,1.0,0.0,0.0
0,160,12.0,6.547677116548316,0.0,0.0,1.0,0.0,0.0,1.0
1,160,10.846963512669738,4.524861447050438,1.0,0.0,1.0,1.0,0.0,1.0
2,160,9.094219830499908,1.882585922517099,1.0,0.0,1.0,1.0,1.0,1.0
3,160,1.0630293852167916,6.770424801269339,0.0,0.0,0.0,0.0,0.0,1.0
4,160,8.367675794511936,9.566855760089757,1.0,0.0,0.0,0.0,0.0,0.0
5,160,3.015800384970281,6.862240103555272,1.0,0.0,1.0,1.0,1.0,0.0
6,160,8.10420617948392,7.6748301492350866,1.0,0.0,0.0,1.0,0.0,0.0
7,160,7.912162288658083,0.0,0.0,0.0,0.0,1.0,0.0,0.0
8,160,6.819363165820739,11.28240737893248,1.0,0.0,0.0,0.0,0.0,1.0
9,160,2.04333938610394,9.936616716578245,0.0,1.0,0.0,1.0,1.0,0.0
10,160,9.26749754389925,4.307471355476748,0.0,1.0,0.0,0.0,0.0,0.0
11,160,3.875893127070672,0.7945005104928724,1.0,1.0,0.0,0.0,1.0,1.0
12,160,0.8071690245465246,5.161823350166,0.0,0.0,0.0,0.0,1.0,0.0
13,160,5.127871552641346,12.0,0.0,1.0,1.0,0.0,0.0,1.0
14,160,9.339828205836534,6.930278376110016,0.0,1.0,0.0,0.0,0.0,0.0
15,160,2.412121839204386,11.540980500226931,0.0,0.0,0.0,0.0,1.0,0.0
16,160,6.29320402433429,11.050268468140748,0.0,0.0,1.0,0.0,1.0,0.0
17,160,9.305840109066976,0.3707359577000344,0.0,1.0,1.0,1.0,0.0,0.0
18,160,12.0,8.725557843032055,0.0,0.0,0.0,0.0,0.0,1.0
19,160,10.492148887102248,3.5182864471859343,0.0,0.0,0.0,1.0,0.0,0.0
0,165,12.0,6.607305567728361,0.0,0.0,1.0,0.0,0.0,1.0
1,165,10.851993494214874,4.491979280452671,1.0,0.0,1.0,1.0,0.0,1.0
2,165,9.095613992563331,1.9064440194747996,1.0,0.0,1.0,1.0,1.0,1.0
3,165,1.0503235261652493,6.74516741499906,0.0,0.0,0.0,0.0,0.0,1.0
4,165,8.400829395965939,9.522898080617928,1.0,0.0,0.0,0.0,0.0,0.0
5,165,3.2236076487010545,6.945935114793696,1.0,0.0,1.0,1.0,1.0,0.0
6,165,8.107584738651214,7.600157159589023,1.0,0.0,0.0,1.0,0.0,0.0
7,165,7.972968727799402,0.0,0.0,0.0,0.0,1.0,0.0,0.0
8,165,6.845611621494923,11.260135885432366,1.0,0.0,0.0,0.0,0.0,1.0
9,165,2.125823613924163,9.847715585043368,0.0,1.0,0.0,1.0,1.0,0.0
10,165,9.288451485488396,4.321643224931004,0.0,1.0,0.0,0.0,0.0,0.0
11,165,3.835705155703612,0.8260699947872605,1.0,1.0,0.0,0.0,1.0,1.0
12,165,0.8087611615060091,5.161051775946172,0.0,0.0,0.0,0.0,1.0,0.0
13,165,5.1297826076023165,11.999857269233225,0.0,1.0,1.0,0.0,0.0,1.0
14,165,9.286466531832776,6.938418891524748,0.0,1.0,0.0,0.0,0.0,0.0
15,165,2.414996601516831,11.548406810750256,0.0,0.0,0.0,0.0,1.0,0.0
16,165,6.401287459984862,10.97050320462273,0.0,0.0,1.0,0.0,1.0,0.0
17,165,9.323605893646905,0.2828050214867363,0.0,1.0,1.0,1.0,0.0,0.0
18,165,12.0,8.760182817000024,0.0,0.0,0.0,0.0,0.0,1.0
19,165,10.460939352537006,3.594655175391175,0.0,0.0,0.0,1.0,0.0,0.0
0,170,12.0,6.673271415255857,0.0,0.0,1.0,0.0,0.0,1.0
1,170,10.853216723314016,4.482997364403475,1.0,0.0,1.0,1.0,0.0,1.0
2,170,9.09846789292608,1.9449226331029252,1.0,0.0,1.0,1.0,1.0,1.0
3,170,1.0346375586763814,6.714774695405145,0.0,0.0,0.0,0.0,0.0,1.0
4,170,8.44174169140373,9.469232843222825,1.0,0.0,0.0,0.0,0.0,0.0
5,170,3.398342757010624,7.019771441745383,1.0,0.0,1.0,1.0,1.0,0.0
6,170,8.109855175434761,7.545746567890886,1.0,0.0,0.0,1.0,0.0,0.0
7,170,8.043642925623148,0.0,0.0,0.0,0.0,1.0,0.0,0.0
8,170,6.860448304968783,11.247098865694724,1.0,0.0,0.0,0.0,0.0,1.0
9,170,2.199245363907754,9.767302050133656,0.0,1.0,0.0,1.0,1.0,0.0
10,170,9.313118042444795,4.338443385064983,0.0,1.0,0.0,0.0,0.0,0.0
11,170,3.783574074646999,0.867166157105897,1.0,1.0,0.0,0.0,1.0,1.0
12,170,0.8035267496071556,5.1498691601811775,0.0,0.0,0.0,0.0,1.0,0.0
13,170,5.154311606373415,11.998523610048773,0.0,1.0,1.0,0.0,0.0,1.0
14,170,9.224756587673053,6.948968985350457,0.0,1.0,0.0,0.0,0.0,0.0
15,170,2.4173842684875875,11.554521547405974,0.0,0.0,0.0,0.0,1.0,0.0
16,170,6.513490615664645,10.88512143080828,0.0,0.0,1.0,0.0,1.0,0.0
17,170,9.344094404618566,0.1864832172074008,0.0,1.0,1.0,1.0,0.0,0.0
18,170,12.0,8.787078385722724,0.0,0.0,0.0,0.0,0.0,1.0
19,170,10.426668640855532,3.679207120905056,0.0,0.0,0.0,1.0,0.0,0.0
0,175,12.0,6.748456429827546,0.0,0.0,1.0,0.0,0.0,1.0
1,175,10.85867303683936,4.448202934632032,1.0,0.0,1.0,1.0,0.0,1.0
2,175,9.102649434141252,2.008214000000832,1.0,0.0,1.0,1.0,1.0,1.0
3,175,1.0309839497312785,6.707685479266195,0.0,0.0,0.0,0.0,0.0,1.0
4,175,8.470065441236082,9.432768955418824,1.0,0.0,0.0,0.0,0.0,0.0
5,175,3.5694301822306977,7.091890170605775,1.0,0.0,1.0,1.0,1.0,0.0
6,175,8.109847344116833,7.493899892370371,1.0,0.0,0.0,1.0,0.0,0.0
7,175,8.100305286837136,0.0,0.0,0.0,0.0,1.0,0.0,0.0
8,175,6.867677718990442,11.24032732281403,1.0,0.0,0.0,0.0,0.0,1.0
9,175,2.274548600791501,9.683188328162595,0.0,1.0,0.0,1.0,1.0,0.0
10,175,9.33797040137787,4.354538408835519,0.0,1.0,0.0,0.0,0.0,0.0
11,175,3.730039824390641,0.9115823034895691,1.0,1.0,0.0,0.0,1.0,1.0
12,175,0.8035368301419038,5.149890431505653,0.0,0.0,0.0,0.0,1.0,0.0
13,175,5.201786787606684,11.99519694307057,0.0,1.0,1.0,0.0,0.0,1.0
14,175,9.152734776312776,6.961849887863868,0.0,1.0,0.0,0.0,0.0,0.0
15,175,2.426649247048521,11.580760900090397,0.0,0.0,0.0,0.0,1.0,0.0
16,175,6.627817181003406,10.794569596197649,0.0,0.0,1.0,0.0,1.0,0.0
17,175,9.360283057827802,0.0986211669014487,0.0,1.0,1.0,1.0,0.0,0.0
18,175,12.0,8.810025709131187,0.0,0.0,0.0,0.0,0.0,1.0
19,175,10.392569636142426,3.766234917046163,0.0,0.0,0.0,1.0,0.0,0.0
0,180,12.0,6.6240164101528105,0.0,0.0,1.0,0.0,0.0,1.0
1,180,10.861067217128111,4.430534229415716,1.0,0.0,1.0,1.0,0.0,1.0
2,180,9.108922843661755,2.0844933759150748,1.0,0.0,1.0,1.0,1.0,1.0
3,180,1.017824985798986,6.682069313329998,0.0,0.0,0.0,0.0,0.0,1.0
4,180,8.492090784261729,9.404504898545088,1.0,0.0,0.0,0.0,0.0,0.0
5,180,3.710648020165944,7.153905532746764,1.0,0.0,1.0,1.0,1.0,0.0
6,180,8.109569400789546,7.441020859012356,1.0,0.0,0.0,1.0,0.0,0.0
7,180,8.172644845023898,0.0,0.0,0.0,0.0,1.0,0.0,0.0
8,180,6.866610170686812,11.241350801889933,1.0,0.0,0.0,0.0,0.0,1.0
9,180,2.3625393303579285,9.581948953521572,0.0,1.0,0.0,1.0,1.0,0.0
10,180,9.362088540951325,4.370445287545063,0.0,1.0,0.0,0.0,0.0,0.0
11,180,3.6814230200124354,0.9528917247646228,1.0,1.0,0.0,0.0,1.0,1.0
12,180,0.7972476184404743,5.136101822605123,0.0,0.0,0.0,0.0,1.0,0.0
13,180,5.242839193631815,11.99195244621224,0.0,1.0,1.0,0.0,0.0,1.0
14,180,9.07295749600862,6.977809477481999,0.0,1.0,0.0,0.0,0.0,0.0
15,180,2.4413293238461047,11.625448932064064,0.0,0.0,0.0,0.0,1.0,0.0
16,180,6.739162800973207,10.70497780566131,0.0,0.0,1.0,0.0,1.0,0.0
17,180,9.377948434557135,0.0119339467911682,0.0,1.0,1.0,1.0,0.0,0.0
18,180,12.0,8.829845655100138,0.0,0.0,0.0,0.0,0.0,1.0
19,180,10.35513739309538,3.853140454106167,0.0,0.0,0.0,1.0,0.0,0.0
0,185,12.0,6.510577211116391,0.0,0.0,1.0,0.0,0.0,1.0
1,185,10.863416144449896,4.41431538344933,1.0,0.0,1.0,1.0,0.0,1.0
2,185,9.1117246002695,2.1195465177782453,1.0,0.0,1.0,1.0,1.0,1.0
3,185,1.005125083021973,6.656260901779816,0.0,0.0,0.0,0.0,0.0,1.0
4,185,8.51003085115672,9.381959625024027,1.0,0.0,0.0,0.0,0.0,0.0
5,185,3.8382211415003353,7.209136712946492,1.0,0.0,1.0,1.0,1.0,0.0
6,185,8.109708391459957,7.416340184740205,1.0,0.0,0.0,1.0,0.0,0.0
7,185,8.218061230658074,0.0,0.0,0.0,0.0,1.0,0.0,0.0
8,185,6.849056917530611,11.257833952886614,1.0,0.0,0.0,0.0,0.0,1.0
9,185,2.439941661601494,9.485614509138106,0.0,1.0,0.0,1.0,1.0,0.0
10,185,9.386001179239772,4.38596316222486,0.0,1.0,0.0,0.0,0.0,0.0
11,185,3.6283343624119055,0.9966411864767412,1.0,1.0,0.0,0.0,1.0,1.0
12,185,0.79443778226977,5.130357475304852,0.0,0.0,0.0,0.0,1.0,0.0
13,185,5.257814965658857,11.991224118817184,0.0,1.0,1.0,0.0,0.0,1.0
14,185,8.982763618392973,6.994833119587536,0.0,1.0,0.0,0.0,0.0,0.0
15,185,2.4543152818024603,11.661873558431646,0.0,0.0,0.0,0.0,1.0,0.0
16,185,6.863779815634304,10.60715911881296,0.0,0.0,1.0,0.0,1.0,0.0
17,185,9.393232653729642,0.0,0.0,1.0,1.0,1.0,0.0,0.0
18,185,12.0,8.846647157485156,0.0,0.0,0.0,0.0,0.0,1.0
19,185,10.321843771758084,3.927277666471439,0.0,0.0,0.0,1.0,0.0,0.0
0,190,12.0,6.393623837550915,0.0,0.0,1.0,0.0,0.0,1.0
1,190,10.863835518144375,4.411231954232632,1.0,0.0,1.0,1.0,0.0,1.0
2,190,9.113387486124989,2.134520788419277,1.0,0.0,1.0,1.0,1.0,1.0
3,190,0.9915029208780456,6.626704753870567,0.0,0.0,0.0,0.0,0.0,1.0
4,190,8.53154422068122,9.354809295265062,1.0,0.0,0.0,0.0,0.0,0.0
5,190,3.9406564224598815,7.252675821238844,1.0,0.0,1.0,1.0,1.0,0.0
6,190,8.109611937675227,7.401202351523016,1.0,0.0,0.0,1.0,0.0,0.0
7,190,8.25066312834183,0.0,0.0,0.0,0.0,1.0,0.0,0.0
8,190,6.828744797122461,11.277686425632242,1.0,0.0,0.0,0.0,0.0,1.0
9,190,2.5184870505106054,9.386230695147512,0.0,1.0,0.0,1.0,1.0,0.0
10,190,9.413801555598337,4.404122048494901,0.0,1.0,0.0,0.0,0.0,0.0
11,190,3.5844082363897685,1.0340547283797723,1.0,1.0,0.0,0.0,1.0,1.0
12,190,0.7941351338390616,5.129728889887125,0.0,0.0,0.0,0.0,1.0,0.0
13,190,5.26504746972256,11.99099088252557,0.0,1.0,1.0,0.0,0.0,1.0
14,190,8.866489171035521,7.018819540499078,0.0,1.0,0.0,0.0,0.0,0.0
15,190,2.462975668821484,11.686661307947228,0.0,0.0,0.0,0.0,1.0,0.0
16,190,6.974220816507954,10.522031009505817,0.0,0.0,1.0,0.0,1.0,0.0
17,190,9.410331445307843,0.0,0.0,1.0,1.0,1.0,0.0,0.0
18,190,12.0,8.859121824931217,0.0,0.0,0.0,0.0,0.0,1.0
19,190,10.28641865395495,4.001963395007215,0.0,0.0,0.0,1.0,0.0,0.0
0,195,12.0,6.29007869536302,0.0,0.0,1.0,0.0,0.0,1.0
1,195,10.866740197356886,4.389322965476211,1.0,0.0,1.0,1.0,0.0,1.0
2,195,9.114671867403567,2.1490660038456437,1.0,0.0,1.0,1.0,1.0,1.0
3,195,0.9731764291890076,6.588240446218965,0.0,0.0,0.0,0.0,0.0,1.0
4,195,8.542494638930352,9.340561994691944,1.0,0.0,0.0,0.0,0.0,0.0
5,195,4.057437850536649,7.298334214417105,1.0,0.0,1.0,1.0,1.0,0.0
6,195,8.109391280084672,7.355821197186912,1.0,0.0,0.0,1.0,0.0,0.0
7,195,8.273641315529312,0.0,0.0,0.0,0.0,1.0,0.0,0.0
8,195,6.792824225139054,11.313035103396713,1.0,0.0,0.0,0.0,0.0,1.0
9,195,2.5957332135727045,9.287767368520814,0.0,1.0,0.0,1.0,1.0,0.0
10,195,9.445432707410442,4.424617766448026,0.0,1.0,0.0,0.0,0.0,0.0
11,195,3.5578583453117805,1.0574018709437232,1.0,1.0,0.0,0.0,1.0,1.0
12,195,0.7906437510633582,5.1222031849555645,0.0,0.0,0.0,0.0,1.0,0.0
13,195,5.2493963935210886,11.991940131779414,0.0,1.0,1.0,0.0,0.0,1.0
14,195,8.736861827391516,7.049151641241578,0.0,1.0,0.0,0.0,0.0,0.0
15,195,2.475186576018693,11.722463389003892,0.0,0.0,0.0,0.0,1.0,0.0
16,195,7.088057740327991,10.43254970030923,0.0,0.0,1.0,0.0,1.0,0.0
17,195,9.427060936353506,0.0,0.0,1.0,1.0,1.0,0.0,0.0
18,195,12.0,8.867771602415525,0.0,0.0,0.0,0.0,0.0,1.0
19,195,10.256868996753797,4.061444075620548,0.0,0.0,0.0,1.0,0.0,0.0
0,200,12.0,6.195063612202527,0.0,0.0,1.0,0.0,0.0,1.0
1,200,10.866765506243889,4.389155552342237,1.0,0.0,1.0,1.0,0.0,1.0
2,200,9.116272861849165,2.169067709562296,1.0,0.0,1.0,1.0,1.0,1.0
3,200,0.9648672608074196,6.569957249760614,0.0,0.0,0.0,0.0,0.0,1.0
4,200,8.567863251993666,9.308566926092036,1.0,0.0,0.0,0.0,0.0,0.0
5,200,4.181936149553465,7.347789526845466,1.0,0.0,1.0,1.0,1.0,0.0
6,200,8.10936090827364,7.309502435303824,1.0,0.0,0.0,1.0,0.0,0.0
7,200,8.278381823770593,0.0,0.0,0.0,0.0,1.0,0.0,0.0
8,200,6.74993145423564,11.353849085425006,1.0,0.0,0.0,0.0,0.0,1.0
9,200,2.6678421165062414,9.200892482325736,0.0,1.0,0.0,1.0,1.0,0.0
10,200,9.466853009419347,4.4386419242028845,0.0,1.0,0.0,0.0,0.0,0.0
11,200,3.517151183435001,1.0924195430631762,1.0,1.0,0.0,0.0,1.0,1.0
12,200,0.784068205514938,5.107814997590387,0.0,0.0,0.0,0.0,1.0,0.0
13,200,5.259749649033824,11.991335644609247,0.0,1.0,1.0,0.0,0.0,1.0
14,200,8.615309534635564,7.080826001410714,0.0,1.0,0.0,0.0,0.0,0.0
15,200,2.4900715163540768,11.759691812843736,0.0,0.0,0.0,0.0,1.0,0.0
16,200,7.201852742881194,10.346986827508417,0.0,0.0,1.0,0.0,1.0,0.0
17,200,9.443973572568126,0.0,0.0,1.0,1.0,1.0,0.0,0.0
18,200,12.0,8.872581078685098,0.0,0.0,0.0,0.0,0.0,1.0
19,200,10.228274522489151,4.117905423984536,0.0,0.0,0.0,1.0,0.0,0.0
0,205,12.0,6.110689859152429,0.0,0.0,1.0,0.0,0.0,1.0
1,205,10.86704899255364,4.387288555554358,1.0,0.0,1.0,1.0,0.0,1.0
2,205,9.119128139226548,2.2062489296716707,1.0,0.0,1.0,1.0,1.0,1.0
3,205,0.963237243552656,6.566623442238145,0.0,0.0,0.0,0.0,0.0,1.0
4,205,8.592349507696522,9.278413657956351,1.0,0.0,0.0,0.0,0.0,0.0
5,205,4.327602029307765,7.407579419120463,1.0,0.0,1.0,1.0,1.0,0.0
6,205,8.108851339995375,7.252781158770819,1.0,0.0,0.0,1.0,0.0,0.0
7,205,8.277495485803056,0.0001436464069274,0.0,0.0,0.0,1.0,0.0,0.0
8,205,6.709720279830492,11.393265283215776,1.0,0.0,0.0,0.0,0.0,1.0
9,205,2.7472050040137748,9.104550323289256,0.0,1.0,0.0,1.0,1.0,0.0
10,205,9.500042813266733,4.461752246885222,0.0,1.0,0.0,0.0,0.0,0.0
11,205,3.478990708370394,1.1253636735871295,1.0,1.0,0.0,0.0,1.0,1.0
12,205,0.7810377295191091,5.101410591747224,0.0,0.0,0.0,0.0,1.0,0.0
13,205,5.2668065528116985,11.990799224975538,0.0,1.0,1.0,0.0,0.0,1.0
14,205,8.51059915154969,7.110042051503355,0.0,1.0,0.0,0.0,0.0,0.0
15,205,2.50456485489448,11.793225461194204,0.0,0.0,0.0,0.0,1.0,0.0
16,205,7.313366069245543,10.262824362655786,0.0,0.0,1.0,0.0,1.0,0.0
17,205,9.463177121724868,0.0,0.0,1.0,1.0,1.0,0.0,0.0
18,205,12.0,8.880478820507243,0.0,0.0,0.0,0.0,0.0,1.0
19,205,10.195536257732709,4.183791407571269,0.0,0.0,0.0,1.0,0.0,0.0
0,210,12.0,6.066608652267699,0.0,0.0,1.0,0.0,0.0,1.0
1,210,10.863940894841909,4.4088590410292525,1.0,0.0,1.0,1.0,0.0,1.0
2,210,9.11953709712035,2.2107508647485616,1.0,0.0,1.0,1.0,1.0,1.0
3,210,0.9702187094541436,6.57973562279294,0.0,0.0,0.0,0.0,0.0,1.0
4,210,8.633199334165433,9.226546593581226,1.0,0.0,0.0,0.0,0.0,0.0
5,210,4.472696913406779,7.465938217150328,1.0,0.0,1.0,1.0,1.0,0.0
6,210,8.107898142262087,7.210478707761968,1.0,0.0,0.0,1.0,0.0,0.0
7,210,8.254215683321096,0.003561994757278,0.0,0.0,0.0,1.0,0.0,0.0
8,210,6.668223347851142,11.431472337100589,1.0,0.0,0.0,0.0,0.0,1.0
9,210,2.8342567604001387,9.000762008288687,0.0,1.0,0.0,1.0,1.0,0.0
10,210,9.528808474575229,4.482770557346593,0.0,1.0,0.0,0.0,0.0,0.0
11,210,3.4407416203140198,1.1579823330630432,1.0,1.0,0.0,0.0,1.0,1.0
12,210,0.7757523610307571,5.090669207602591,0.0,0.0,0.0,0.0,1.0,0.0
13,210,5.285019772990362,11.989150094151524,0.0,1.0,1.0,0.0,0.0,1.0
14,210,8.36976082680278,7.148454286331239,0.0,1.0,0.0,0.0,0.0,0.0
15,210,2.5174377432343995,11.823555864179724,0.0,0.0,0.0,0.0,1.0,0.0
16,210,7.425091495472436,10.180982724568072,0.0,0.0,1.0,0.0,1.0,0.0
17,210,9.490729569498056,0.0,0.0,1.0,1.0,1.0,0.0,0.0
18,210,12.0,8.888929025483996,0.0,0.0,0.0,0.0,0.0,1.0
19,210,10.167053510368344,4.243674227002177,0.0,0.0,0.0,1.0,0.0,0.0
0,215,12.0,6.013381486740669,0.0,0.0,1.0,0.0,0.0,1.0
1,215,10.862950206788828,4.416475774699302,1.0,0.0,1.0,1.0,0.0,1.0
2,215,9.120218029368456,2.220221415558,1.0,0.0,1.0,1.0,1.0,1.0
3,215,0.986937834823438,6.570957463218015,0.0,0.0,0.0,0.0,0.0,1.0
4,215,8.682492771258204,9.162792861387896,1.0,0.0,0.0,0.0,0.0,0.0
5,215,4.630893748308652,7.528619368450852,1.0,0.0,1.0,1.0,1.0,0.0
6,215,8.10830745396423,7.154116945262358,1.0,0.0,0.0,1.0,0.0,0.0
7,215,8.231482757548756,0.0065322148596656,0.0,0.0,0.0,1.0,0.0,0.0
8,215,6.626703135308938,11.469840353728856,1.0,0.0,0.0,0.0,0.0,1.0
9,215,2.928407887816828,8.886018031194517,0.0,1.0,0.0,1.0,1.0,0.0
10,215,9.590657899897128,4.529368392523875,0.0,1.0,0.0,0.0,0.0,0.0
11,215,3.410030854037792,1.1850368485149478,1.0,1.0,0.0,0.0,1.0,1.0
12,215,0.7625557750741452,5.064539035350621,0.0,0.0,0.0,0.0,1.0,0.0
13,215,5.317972648895182,11.986020662513525,0.0,1.0,1.0,0.0,0.0,1.0
14,215,8.241380322196125,7.185402231433625,0.0,1.0,0.0,0.0,0.0,0.0
15,215,2.523741869183205,11.83724351665187,0.0,0.0,0.0,0.0,1.0,0.0
16,215,7.534838235597045,10.101123310859135,0.0,0.0,1.0,0.0,1.0,0.0
17,215,9.523071060198912,0.0,0.0,1.0,1.0,1.0,0.0,0.0
18,215,12.0,8.892658502441625,0.0,0.0,0.0,0.0,0.0,1.0
19,215,10.149841468073536,4.278302184115822,0.0,0.0,0.0,1.0,0.0,0.0
0,220,12.0,5.961015420908284,0.0,0.0,1.0,0.0,0.0,1.0
1,220,10.86188313408076,4.42433331609151,1.0,0.0,1.0,1.0,0.0,1.0
2,220,9.120551222660051,2.2256735461517736,1.0,0.0,1.0,1.0,1.0,1.0
3,220,0.9920452047828696,6.568231559958761,0.0,0.0,0.0,0.0,0.0,1.0
4,220,8.739347261865783,9.089717498807302,1.0,0.0,0.0,0.0,0.0,0.0
5,220,4.770686717239272,7.585170688913179,1.0,0.0,1.0,1.0,1.0,0.0
6,220,8.106752718040621,7.074199973046057,1.0,0.0,0.0,1.0,0.0,0.0
7,220,8.221717791336168,0.0078122632297074,0.0,0.0,0.0,1.0,0.0,0.0
8,220,6.592728226339185,11.500606859341769,1.0,0.0,0.0,0.0,0.0,1.0
9,220,3.0323769410170747,8.760113124377753,0.0,1.0,0.0,1.0,1.0,0.0
10,220,9.654540022075546,4.579653527487458,0.0,1.0,0.0,0.0,0.0,0.0
11,220,3.370074348914573,1.2218935539997469,1.0,1.0,0.0,0.0,1.0,1.0
12,220,0.7478255165622645,5.033639826264137,0.0,0.0,0.0,0.0,1.0,0.0
13,220,5.330976676517929,11.984647023864769,0.0,1.0,1.0,0.0,0.0,1.0
14,220,8.12683237166942,7.21695597615444,0.0,1.0,0.0,0.0,0.0,0.0
15,220,2.527571006819215,11.845924989726122,0.0,0.0,0.0,0.0,1.0,0.0
16,220,7.6479570253889,10.019946930388112,0.0,0.0,1.0,0.0,1.0,0.0
17,220,9.553494253741563,0.0,0.0,1.0,1.0,1.0,0.0,0.0
18,220,12.0,8.896758457738228,0.0,0.0,0.0,0.0,0.0,1.0
19,220,10.141275806597742,4.294512587423494,0.0,0.0,0.0,1.0,0.0,0.0
0,225,12.0,5.887012694427409,0.0,0.0,1.0,0.0,0.0,1.0
1,225,10.86840969815366,4.425099411233598,1.0,0.0,1.0,1.0,0.0,1.0
2,225,9.120927932165609,2.2315337800690527,1.0,0.0,1.0,1.0,1.0,1.0
3,225,1.0102215067840292,6.558299126522382,0.0,0.0,0.0,0.0,0.0,1.0
4,225,8.783738220791871,9.036649552136655,1.0,0.0,0.0,0.0,0.0,0.0
5,225,4.915726691938104,7.643797841070332,1.0,0.0,1.0,1.0,1.0,0.0
6,225,8.106135179758526,7.0100555769850015,1.0,0.0,0.0,1.0,0.0,0.0
7,225,8.195911835455293,0.0110558215714376,0.0,0.0,0.0,1.0,0.0,0.0
8,225,6.56288323588942,11.526805798318888,1.0,0.0,0.0,0.0,0.0,1.0
9,225,3.1428798351655023,8.625426235169927,0.0,1.0,0.0,1.0,1.0,0.0
10,225,9.712862973730823,4.626818177442063,0.0,1.0,0.0,0.0,0.0,0.0
11,225,3.356644929471818,1.2337988667722195,1.0,1.0,0.0,0.0,1.0,1.0
12,225,0.7287148088533777,4.993399017528931,0.0,0.0,0.0,0.0,1.0,0.0
13,225,5.343229446088492,11.98318168417623,0.0,1.0,1.0,0.0,0.0,1.0
14,225,8.027330207983004,7.246558866829037,0.0,1.0,0.0,0.0,0.0,0.0
15,225,2.5208407074417822,11.83062455816156,0.0,0.0,0.0,0.0,1.0,0.0
16,225,7.732400152037522,9.95688577557948,0.0,0.0,1.0,0.0,1.0,0.0
17,225,9.58473975012398,0.0,0.0,1.0,1.0,1.0,0.0,0.0
18,225,11.988476105126184,8.893630228900129,0.0,0.0,0.0,0.0,0.0,1.0
19,225,10.134665034349082,4.30753404300543,0.0,0.0,0.0,1.0,0.0,0.0
0,230,12.0,5.824200538976801,0.0,0.0,1.0,0.0,0.0,1.0
1,230,10.883022052712471,4.42676771101378,1.0,0.0,1.0,1.0,0.0,1.0
2,230,9.121552692783414,2.2394869674766484,1.0,0.0,1.0,1.0,1.0,1.0
3,230,1.018631830805467,6.553749804856474,0.0,0.0,0.0,0.0,0.0,1.0
4,230,8.81301838965388,9.002044193051736,1.0,0.0,0.0,0.0,0.0,0.0
5,230,5.078058851037108,7.713264104356975,1.0,0.0,1.0,1.0,1.0,0.0
6,230,8.104187027595374,6.923349637426083,1.0,0.0,0.0,1.0,0.0,0.0
7,230,8.180784615484733,0.0128284918584974,0.0,0.0,0.0,1.0,0.0,0.0
8,230,6.53412731788917,11.551876396577144,1.0,0.0,0.0,0.0,0.0,1.0
9,230,3.262076918194241,8.48957892055228,0.0,1.0,0.0,1.0,1.0,0.0
10,230,9.761076766216556,4.6641702557629685,0.0,1.0,0.0,0.0,0.0,0.0
11,230,3.337710205886634,1.2494397022159467,1.0,1.0,0.0,0.0,1.0,1.0
12,230,0.7120388909923528,4.959444561124949,0.0,0.0,0.0,0.0,1.0,0.0
13,230,5.3432295107910335,11.983181675544316,0.0,1.0,1.0,0.0,0.0,1.0
14,230,7.939777995590595,7.274138748135189,0.0,1.0,0.0,0.0,0.0,0.0
15,230,2.513989039946401,11.815025114147938,0.0,0.0,0.0,0.0,1.0,0.0
16,230,7.823037707012643,9.88814407290055,0.0,0.0,1.0,0.0,1.0,0.0
17,230,9.610616838622162,0.0,0.0,1.0,1.0,1.0,0.0,0.0
18,230,11.974803751842712,8.890040263327501,0.0,0.0,0.0,0.0,0.0,1.0
19,230,10.140442332870656,4.295655925782007,0.0,0.0,0.0,1.0,0.0,0.0
0,235,12.0,5.769701891400732,0.0,0.0,1.0,0.0,0.0,1.0
1,235,10.884937432120577,4.427008702471611,1.0,0.0,1.0,1.0,0.0,1.0
2,235,9.123415035465973,2.265112914266386,1.0,0.0,1.0,1.0,1.0,1.0
3,235,1.009131542402171,6.559075887241527,0.0,0.0,0.0,0.0,0.0,1.0
4,235,8.843291901617032,8.967407711892474,1.0,0.0,0.0,0.0,0.0,0.0
5,235,5.249915329557618,7.782703526684981,1.0,0.0,1.0,1.0,1.0,0.0
6,235,8.101401171722095,6.841266431409652,1.0,0.0,0.0,1.0,0.0,0.0
7,235,8.182132682597782,0.0220510900018226,0.0,0.0,0.0,1.0,0.0,0.0
8,235,6.494282698505654,11.586896776742195,1.0,0.0,0.0,0.0,0.0,1.0
9,235,3.364518018270512,8.372691359484786,0.0,1.0,0.0,1.0,1.0,0.0
10,235,9.819984184803586,4.709691470040218,0.0,1.0,0.0,0.0,0.0,0.0
11,235,3.3209059185197822,1.2624707727011093,1.0,1.0,0.0,0.0,1.0,1.0
12,235,0.7005467780301025,4.935000766622791,0.0,0.0,0.0,0.0,1.0,0.0
13,235,5.333066684707792,11.9843822500204,0.0,1.0,1.0,0.0,0.0,1.0
14,235,7.837323948261302,7.304485458949587,0.0,1.0,0.0,0.0,0.0,0.0
15,235,2.49534826558762,11.770999437330117,0.0,0.0,0.0,0.0,1.0,0.0
16,235,7.907884304456998,9.821527460952884,0.0,0.0,1.0,0.0,1.0,0.0
17,235,9.64024182986964,0.0,0.0,1.0,1.0,1.0,0.0,0.0
18,235,11.962117374596032,8.886369571877164,0.0,0.0,0.0,0.0,0.0,1.0
19,235,10.150264784384378,4.2765419681123,0.0,0.0,0.0,1.0,0.0,0.0
0,240,12.0,5.719904237216878,0.0,0.0,1.0,0.0,0.0,1.0
1,240,10.903066048354551,4.429467844230707,1.0,0.0,1.0,1.0,0.0,1.0
2,240,9.124164466369676,2.282582018657925,1.0,0.0,1.0,1.0,1.0,1.0
3,240,0.9899450951405044,6.569245251596082,0.0,0.0,0.0,0.0,0.0,1.0
4,240,8.860744221907744,8.947858136571037,1.0,0.0,0.0,0.0,0.0,0.0
5,240,5.425697072048163,7.849890087638192,1.0,0.0,1.0,1.0,1.0,0.0
6,240,8.096625498884235,6.762713859993464,1.0,0.0,0.0,1.0,0.0,0.0
7,240,8.186216613560415,0.0537346744588276,0.0,0.0,0.0,1.0,0.0,0.0
8,240,6.46362143612918,11.612624431213163,1.0,0.0,0.0,0.0,0.0,1.0
9,240,3.458549822240919,8.259995343692111,0.0,1.0,0.0,1.0,1.0,0.0
10,240,9.880749008101386,4.757976036612847,0.0,1.0,0.0,0.0,0.0,0.0
11,240,3.29828764073391,1.279921701231723,1.0,1.0,0.0,0.0,1.0,1.0
12,240,0.6792856428246838,4.891396004552437,0.0,0.0,0.0,0.0,1.0,0.0
13,240,5.323452304678274,11.985684596322518,0.0,1.0,1.0,0.0,0.0,1.0
14,240,7.748865230424982,7.329151907627551,0.0,1.0,0.0,0.0,0.0,0.0
15,240,2.4695592150091823,11.709610163279876,0.0,0.0,0.0,0.0,1.0,0.0
16,240,7.978496047874167,9.766016502430674,0.0,0.0,1.0,0.0,1.0,0.0
17,240,9.67473134240379,0.0,0.0,1.0,1.0,1.0,0.0,0.0
18,240,11.94991975462833,8.883124123694573,0.0,0.0,0.0,0.0,0.0,1.0
19,240,10.162050258433284,4.254932822722117,0.0,0.0,0.0,1.0,0.0,0.0
0,245,12.0,5.6838591041655455,0.0,0.0,1.0,0.0,0.0,1.0
1,245,10.907809354260774,4.430137645609828,1.0,0.0,1.0,1.0,0.0,1.0
2,245,9.124712540197562,2.293966719578333,1.0,0.0,1.0,1.0,1.0,1.0
3,245,0.9721439771785968,6.57870586723782,0.0,0.0,0.0,0.0,0.0,1.0
4,245,8.868329831178016,8.939442225423928,1.0,0.0,0.0,0.0,0.0,0.0
5,245,5.587662253992087,7.913081253040287,1.0,0.0,1.0,1.0,1.0,0.0
6,245,8.092204165475437,6.690595813812541,1.0,0.0,0.0,1.0,0.0,0.0
7,245,8.189263650745637,0.0776033913703434,0.0,0.0,0.0,1.0,0.0,0.0
8,245,6.430317353211922,11.63958449313695,1.0,0.0,0.0,0.0,0.0,1.0
9,245,3.558364797851273,8.141566045204414,0.0,1.0,0.0,1.0,1.0,0.0
10,245,9.91506159858398,4.785979313113551,0.0,1.0,0.0,0.0,0.0,0.0
11,245,3.265490848915383,1.3056223870761705,1.0,1.0,0.0,0.0,1.0,1.0
12,245,0.6469040807112778,4.820696887201726,0.0,0.0,0.0,0.0,1.0,0.0
13,245,5.328933344219051,11.98488608898413,0.0,1.0,1.0,0.0,0.0,1.0
14,245,7.628335498404238,7.363007522838163,0.0,1.0,0.0,0.0,0.0,0.0
15,245,2.4480693902880333,11.660507905969704,0.0,0.0,0.0,0.0,1.0,0.0
16,245,8.054023359298629,9.703584051116977,0.0,0.0,1.0,0.0,1.0,0.0
17,245,9.7048036800747,0.0,0.0,1.0,1.0,1.0,0.0,0.0
18,245,11.924087590115295,8.876403764223236,0.0,0.0,0.0,0.0,0.0,1.0
19,245,10.177580358918304,4.22551745210428,0.0,0.0,0.0,1.0,0.0,0.0
0,250,12.0,5.642536812531664,0.0,0.0,1.0,0.0,0.0,1.0
1,250,10.919356758629412,4.43201539366754,1.0,0.0,1.0,1.0,0.0,1.0
2,250,9.126813556711166,2.3222364058141345,1.0,0.0,1.0,1.0,1.0,1.0
3,250,0.9517793496083414,6.5887798290858,0.0,0.0,0.0,0.0,0.0,1.0
4,250,8.878981220138048,8.927075661720195,1.0,0.0,0.0,0.0,0.0,0.0
5,250,5.741954624307489,7.96927085002136,1.0,0.0,1.0,1.0,1.0,0.0
6,250,8.087316644318891,6.617806444223218,1.0,0.0,0.0,1.0,0.0,0.0
7,250,8.190659210828493,0.0877748236918142,0.0,0.0,0.0,1.0,0.0,0.0
8,250,6.400350892856125,11.663409885381968,1.0,0.0,0.0,0.0,0.0,1.0
9,250,3.657860635248527,8.024464451684413,0.0,1.0,0.0,1.0,1.0,0.0
10,250,9.942266221904005,4.808332270929812,0.0,1.0,0.0,0.0,0.0,0.0
11,250,3.246995008385172,1.3197788007111029,1.0,1.0,0.0,0.0,1.0,1.0
12,250,0.6225168316857516,4.766360792858818,0.0,0.0,0.0,0.0,1.0,0.0
13,250,5.338972070030519,11.983495264036216,0.0,1.0,1.0,0.0,0.0,1.0
14,250,7.498865496929836,7.399772974431942,0.0,1.0,0.0,0.0,0.0,0.0
15,250,2.4203995009944475,11.591903306574356,0.0,0.0,0.0,0.0,1.0,0.0
16,250,8.110152255746323,9.656887260316992,0.0,0.0,1.0,0.0,1.0,0.0
17,250,9.73231888588898,0.0,0.0,1.0,1.0,1.0,0.0,0.0
18,250,11.877925963946982,8.865096401219747,0.0,0.0,0.0,0.0,0.0,1.0
19,250,10.199966196507877,4.181615865817796,0.0,0.0,0.0,1.0,0.0,0.0
0,255,12.0,5.575189215417784,0.0,0.0,1.0,0.0,0.0,1.0
1,255,10.92640221976352,4.433240215374035,1.0,0.0,1.0,1.0,0.0,1.0
2,255,9.127550846438815,2.332440467668594,1.0,0.0,1.0,1.0,1.0,1.0
3,255,0.929115290057382,6.599713707817968,0.0,0.0,0.0,0.0,0.0,1.0
4,255,8.881451317670656,8.924205075251095,1.0,0.0,0.0,0.0,0.0,0.0
5,255,5.881680458686668,8.02258574319253,1.0,0.0,1.0,1.0,1.0,0.0
6,255,8.08329194373845,6.56207142578863,1.0,0.0,0.0,1.0,0.0,0.0
7,255,8.191750986969444,0.0997493981842887,0.0,0.0,0.0,1.0,0.0,0.0
8,255,6.362851010419416,11.69358434840951,1.0,0.0,0.0,0.0,0.0,1.0
9,255,3.749443911747788,7.918927809122578,0.0,1.0,0.0,1.0,1.0,0.0
10,255,9.981981005686697,4.841333231250833,0.0,1.0,0.0,0.0,0.0,0.0
11,255,3.2215277393214508,1.3407316564963492,1.0,1.0,0.0,0.0,1.0,1.0
12,255,0.5908376641396499,4.694786437650051,0.0,0.0,0.0,0.0,1.0,0.0
13,255,5.369964213567104,11.979069558183776,0.0,1.0,1.0,0.0,0.0,1.0
14,255,7.367703736277527,7.438251054181868,0.0,1.0,0.0,0.0,0.0,0.0
15,255,2.393592311698993,11.526551091349637,0.0,0.0,0.0,0.0,1.0,0.0
16,255,8.188634234557432,9.59258547611141,0.0,0.0,1.0,0.0,1.0,0.0
17,255,9.757920776716244,0.0,0.0,1.0,1.0,1.0,0.0,0.0
18,255,11.817815915996071,8.85022167063897,0.0,0.0,0.0,0.0,0.0,1.0
19,255,10.219782125121474,4.145567082424383,0.0,0.0,0.0,1.0,0.0,0.0
0,260,12.0,5.5018903086078685,0.0,0.0,1.0,0.0,0.0,1.0
1,260,10.933684378044982,4.434534058056993,1.0,0.0,1.0,1.0,0.0,1.0
2,260,9.12822142230896,2.3420889001973286,1.0,0.0,1.0,1.0,1.0,1.0
3,260,0.9052020843428183,6.610961969265604,0.0,0.0,0.0,0.0,0.0,1.0
4,260,8.889053317981885,8.91570747039265,1.0,0.0,0.0,0.0,0.0,0.0
5,260,6.011547543604192,8.07597539099602,1.0,0.0,1.0,1.0,1.0,0.0
6,260,8.078957188796354,6.498265287229351,1.0,0.0,0.0,1.0,0.0,0.0
7,260,8.195688541257068,0.1255980982929907,0.0,0.0,0.0,1.0,0.0,0.0
8,260,6.320245185532689,11.727974116792025,1.0,0.0,0.0,0.0,0.0,1.0
9,260,3.838088030527877,7.820793088195442,0.0,1.0,0.0,1.0,1.0,0.0
10,260,10.033148577934668,4.885543517687147,0.0,1.0,0.0,0.0,0.0,0.0
11,260,3.18222262497724,1.374759199142758,1.0,1.0,0.0,0.0,1.0,1.0
12,260,0.5466155440721528,4.600331577735798,0.0,0.0,0.0,0.0,1.0,0.0
13,260,5.408050986472349,11.97480274965074,0.0,1.0,1.0,0.0,0.0,1.0
14,260,7.234273743467058,7.475023742289083,0.0,1.0,0.0,0.0,0.0,0.0
15,260,2.3638308874994958,11.453196790101275,0.0,0.0,0.0,0.0,1.0,0.0
16,260,8.270374894634818,9.522300635317542,0.0,0.0,1.0,0.0,1.0,0.0
17,260,9.786235819002654,0.0,0.0,1.0,1.0,1.0,0.0,0.0
18,260,11.766510659966547,8.837977777550508,0.0,0.0,0.0,0.0,0.0,1.0
19,260,10.242099806492732,4.105102706789341,0.0,0.0,0.0,1.0,0.0,0.0
0,265,12.0,5.422513986263357,0.0,0.0,1.0,0.0,0.0,1.0
1,265,10.941060243121864,4.435661092412493,1.0,0.0,1.0,1.0,0.0,1.0
2,265,9.128900310711336,2.352404298692383,1.0,0.0,1.0,1.0,1.0,1.0
3,265,0.8765746166903423,6.624592859387779,0.0,0.0,0.0,0.0,0.0,1.0
4,265,8.890542743724087,8.914096961629909,1.0,0.0,0.0,0.0,0.0,0.0
5,265,6.1449895153836405,8.133204933766924,1.0,0.0,1.0,1.0,1.0,0.0
6,265,8.07858603364027,6.4292509644429705,1.0,0.0,0.0,1.0,0.0,0.0
7,265,8.200026633400858,0.1635639377732626,0.0,0.0,0.0,1.0,0.0,0.0
8,265,6.288596389462658,11.75406100258098,1.0,0.0,0.0,0.0,0.0,1.0
9,265,3.9411061916879495,7.702946013131208,0.0,1.0,0.0,1.0,1.0,0.0
10,265,10.091662760513854,4.936280654884483,0.0,1.0,0.0,0.0,0.0,0.0
11,265,3.155982703929323,1.398545069611448,1.0,1.0,0.0,0.0,1.0,1.0
12,265,0.5051353225702205,4.515088042703965,0.0,0.0,0.0,0.0,1.0,0.0
13,265,5.462050887027023,11.968147099965142,0.0,1.0,1.0,0.0,0.0,1.0
14,265,7.080557273689523,7.516179282030431,0.0,1.0,0.0,0.0,0.0,0.0
15,265,2.339857634890204,11.39069155207362,0.0,0.0,0.0,0.0,1.0,0.0
16,265,8.34155004628796,9.459592322040544,0.0,0.0,1.0,0.0,1.0,0.0
17,265,9.809254253426127,0.0,0.0,1.0,1.0,1.0,0.0,0.0
18,265,11.72312151453037,8.82853213591886,0.0,0.0,0.0,0.0,0.0,1.0
19,265,10.253893490020651,4.082664614655505,0.0,0.0,0.0,1.0,0.0,0.0
0,270,12.0,5.3234202746370585,0.0,0.0,1.0,0.0,0.0,1.0
1,270,10.93517084866198,4.434658181447821,1.0,0.0,1.0,1.0,0.0,1.0
2,270,9.129927252551328,2.3697430299654942,1.0,0.0,1.0,1.0,1.0,1.0
3,270,0.8605482169056584,6.632481114247152,0.0,0.0,0.0,0.0,0.0,1.0
4,270,8.90317184040583,8.899539244024401,1.0,0.0,0.0,0.0,0.0,0.0
5,270,6.206560586092829,7.985865090991465,1.0,0.0,1.0,1.0,1.0,0.0
6,270,8.080224865245619,6.345498237094046,1.0,0.0,0.0,1.0,0.0,0.0
7,270,8.205692160382833,0.2167439254088834,0.0,0.0,0.0,1.0,0.0,0.0
8,270,6.253913769963459,11.783028734727637,1.0,0.0,0.0,0.0,0.0,1.0
9,270,4.045305610753249,7.577309495056168,0.0,1.0,0.0,1.0,1.0,0.0
10,270,10.164326349302971,4.996502801892916,0.0,1.0,0.0,0.0,0.0,0.0
11,270,3.1202046023898884,1.4295369628023629,1.0,1.0,0.0,0.0,1.0,1.0
12,270,0.4713688546415607,4.442143924886882,0.0,0.0,0.0,0.0,1.0,0.0
13,270,5.494478446403328,11.964733899049849,0.0,1.0,1.0,0.0,0.0,1.0
14,270,6.9383665795606415,7.556083273864149,0.0,1.0,0.0,0.0,0.0,0.0
15,270,2.321329529210914,11.341562349488814,0.0,0.0,0.0,0.0,1.0,0.0
16,270,8.397387484359395,9.411992122717487,0.0,0.0,1.0,0.0,1.0,0.0
17,270,9.830518669726914,0.0,0.0,1.0,1.0,1.0,0.0,0.0
18,270,11.695225923795777,8.821667574131965,0.0,0.0,0.0,0.0,0.0,1.0
19,270,10.268545569180544,4.053265234500357,0.0,0.0,0.0,1.0,0.0,0.0
0,275,12.0,5.219864469452432,0.0,0.0,1.0,0.0,0.0,1.0
1,275,10.938029344797645,4.4352210370012735,1.0,0.0,1.0,1.0,0.0,1.0
2,275,9.131428368930088,2.3909144513877822,1.0,0.0,1.0,1.0,1.0,1.0
3,275,0.84632109541268,6.639558029812035,0.0,0.0,0.0,0.0,0.0,1.0
4,275,8.911712166337141,8.889835298213338,1.0,0.0,0.0,0.0,0.0,0.0
5,275,6.281845373103072,7.815116689679174,1.0,0.0,1.0,1.0,1.0,0.0
6,275,8.078951524343049,6.247413685265876,1.0,0.0,0.0,1.0,0.0,0.0
7,275,8.213235921685289,0.2760945788296676,0.0,0.0,0.0,1.0,0.0,0.0
8,275,6.221100381377689,11.8111358484252,1.0,0.0,0.0,0.0,0.0,1.0
9,275,4.156606062503524,7.453027078087122,0.0,1.0,0.0,1.0,1.0,0.0
10,275,10.233941105510704,5.052792478622157,0.0,1.0,0.0,0.0,0.0,0.0
11,275,3.0862339868944555,1.4596528928644965,1.0,1.0,0.0,0.0,1.0,1.0
12,275,0.4382849740910433,4.369270971976592,0.0,0.0,0.0,0.0,1.0,0.0
13,275,5.540272824345875,11.96050603127871,0.0,1.0,1.0,0.0,0.0,1.0
14,275,6.7956948225768885,7.599283205967379,0.0,1.0,0.0,0.0,0.0,0.0
15,275,2.3102429912960627,11.30996599669144,0.0,0.0,0.0,0.0,1.0,0.0
16,275,8.46061522962269,9.357840563607954,0.0,0.0,1.0,0.0,1.0,0.0
17,275,9.851132349144224,0.0,0.0,1.0,1.0,1.0,0.0,0.0
18,275,11.678769552940263,8.817459074910344,0.0,0.0,0.0,0.0,0.0,1.0
19,275,10.286730841741443,4.016022066785416,0.0,0.0,0.0,1.0,0.0,0.0
0,280,12.0,5.143076736926578,0.0,0.0,1.0,0.0,0.0,1.0
1,280,10.929366360681662,4.433565508849436,1.0,0.0,1.0,1.0,0.0,1.0
2,280,9.132787409877691,2.408481564203886,1.0,0.0,1.0,1.0,1.0,1.0
3,280,0.8366407727106504,6.644217282490356,0.0,0.0,0.0,0.0,0.0,1.0
4,280,8.920366263527235,8.880184637245286,1.0,0.0,0.0,0.0,0.0,0.0
5,280,6.36007487586527,7.646178096840915,1.0,0.0,1.0,1.0,1.0,0.0
6,280,8.078865383690438,6.13714317679922,1.0,0.0,0.0,1.0,0.0,0.0
7,280,8.22233764505872,0.3577468568672262,0.0,0.0,0.0,1.0,0.0,0.0
8,280,6.192559639485458,11.835389643888051,1.0,0.0,0.0,0.0,0.0,1.0
9,280,4.274641384451743,7.3174747883635485,0.0,1.0,0.0,1.0,1.0,0.0
10,280,10.306022296130593,5.10941497457818,0.0,1.0,0.0,0.0,0.0,0.0
11,280,3.062266803456391,1.4798628099774855,1.0,1.0,0.0,0.0,1.0,1.0
12,280,0.4124980957932567,4.31014258917322,0.0,0.0,0.0,0.0,1.0,0.0
13,280,5.5983276669262505,11.955732362641667,0.0,1.0,1.0,0.0,0.0,1.0
14,280,6.6336987934244185,7.648935490497,0.0,1.0,0.0,0.0,0.0,0.0
15,280,2.301460873760653,11.283116327064556,0.0,0.0,0.0,0.0,1.0,0.0
16,280,8.522951027053535,9.30468400897289,0.0,0.0,1.0,0.0,1.0,0.0
17,280,9.769269761538403,0.0,0.0,1.0,1.0,1.0,0.0,0.0
18,280,11.660137599777975,8.813252326102672,0.0,0.0,0.0,0.0,0.0,1.0
19,280,10.304477413912531,3.9796445229691857,0.0,0.0,0.0,1.0,0.0,0.0
0,285,12.0,5.0740271274136015,0.0,0.0,1.0,0.0,0.0,1.0
1,285,10.914787032835363,4.430685529505073,1.0,0.0,1.0,1.0,0.0,1.0
2,285,9.133819379477858,2.4211233881353595,1.0,0.0,1.0,1.0,1.0,1.0
3,285,0.8257963367790457,6.649420384161831,0.0,0.0,0.0,0.0,0.0,1.0
4,285,8.935169688636607,8.863914499752022,1.0,0.0,0.0,0.0,0.0,0.0
5,285,6.434109886180511,7.490462288288169,1.0,0.0,1.0,1.0,1.0,0.0
6,285,8.073386646102147,6.005173759563393,1.0,0.0,0.0,1.0,0.0,0.0
7,285,8.231451407428072,0.440645745461265,0.0,0.0,0.0,1.0,0.0,0.0
8,285,6.1599333037420605,11.863910028430752,1.0,0.0,0.0,0.0,0.0,1.0
9,285,4.390475432063781,7.190291063019069,0.0,1.0,0.0,1.0,1.0,0.0
10,285,10.386990832675265,5.172490480424885,0.0,1.0,0.0,0.0,0.0,0.0
11,285,3.049916532160695,1.4905054599718013,1.0,1.0,0.0,0.0,1.0,1.0
12,285,0.3844483630506345,4.24772160120438,0.0,0.0,0.0,0.0,1.0,0.0
13,285,5.66407860440299,11.9519900531283,0.0,1.0,1.0,0.0,0.0,1.0
14,285,6.477145085856285,7.697245849982786,0.0,1.0,0.0,0.0,0.0,0.0
15,285,2.292134359405385,11.25646086649261,0.0,0.0,0.0,0.0,1.0,0.0
16,285,8.557678309896348,9.274477838007927,0.0,0.0,1.0,0.0,1.0,0.0
17,285,9.689192711151197,0.0,0.0,1.0,1.0,1.0,0.0,0.0
18,285,11.631964387005464,8.806891792751523,0.0,0.0,0.0,0.0,0.0,1.0
19,285,10.328060040929318,3.930881186508562,0.0,0.0,0.0,1.0,0.0,0.0
0,290,12.0,4.998845673079494,0.0,0.0,1.0,0.0,0.0,1.0
1,290,10.90670692246603,4.429001451276631,1.0,0.0,1.0,1.0,0.0,1.0
2,290,9.136546403578814,2.4681139736909383,1.0,0.0,1.0,1.0,1.0,1.0
3,290,0.8141155908334957,6.655046505332783,0.0,0.0,0.0,0.0,0.0,1.0
4,290,8.961761186855567,8.835910118817173,1.0,0.0,0.0,0.0,0.0,0.0
5,290,6.512160688907112,7.335193749444881,1.0,0.0,1.0,1.0,1.0,0.0
6,290,8.066561124625997,5.8788077786829485,1.0,0.0,0.0,1.0,0.0,0.0
7,290,8.243629284232444,0.5303436987484219,0.0,0.0,0.0,1.0,0.0,0.0
8,290,6.12671595301039,11.893144322105464,1.0,0.0,0.0,0.0,0.0,1.0
9,290,4.515955506287936,7.054048884509017,0.0,1.0,0.0,1.0,1.0,0.0
10,290,10.473077529145325,5.242793153396609,0.0,1.0,0.0,0.0,0.0,0.0
11,290,3.0478469625331788,1.4923656222008013,1.0,1.0,0.0,0.0,1.0,1.0
12,290,0.3554596168050365,4.1837770298174,0.0,0.0,0.0,0.0,1.0,0.0
13,290,5.731308628708075,11.94804303688971,0.0,1.0,1.0,0.0,0.0,1.0
14,290,6.310884407217915,7.75184509831517,0.0,1.0,0.0,0.0,0.0,0.0
15,290,2.2866978080568394,11.242166298349035,0.0,0.0,0.0,0.0,1.0,0.0
16,290,8.619219872365797,9.219916862180687,0.0,0.0,1.0,0.0,1.0,0.0
17,290,9.593296281625603,0.0,0.0,1.0,1.0,1.0,0.0,0.0
18,290,11.589877128892985,8.796830606903915,0.0,0.0,0.0,0.0,0.0,1.0
19,290,10.355469682859027,3.871569183802536,0.0,0.0,0.0,1.0,0.0,0.0
0,295,12.0,4.919083827116425,0.0,0.0,1.0,0.0,0.0,1.0
1,295,10.903341589691118,4.428192736602441,1.0,0.0,1.0,1.0,0.0,1.0
2,295,9.139735583664548,2.5480256997667823,1.0,0.0,1.0,1.0,1.0,1.0
3,295,0.7973459990339199,6.663027613485463,0.0,0.0,0.0,0.0,0.0,1.0
4,295,8.983159427052449,8.813961346204994,1.0,0.0,0.0,0.0,0.0,0.0
5,295,6.59478479486511,7.175675762446724,1.0,0.0,1.0,1.0,1.0,0.0
6,295,8.057843299136277,5.725047494473369,1.0,0.0,0.0,1.0,0.0,0.0
7,295,8.256030790347578,0.6151881882126613,0.0,0.0,0.0,1.0,0.0,0.0
8,295,6.096101915630669,11.920261099062094,1.0,0.0,0.0,0.0,0.0,1.0
9,295,4.649417889543907,6.908280654632708,0.0,1.0,0.0,1.0,1.0,0.0
10,295,10.559287870184429,5.316901375351347,0.0,1.0,0.0,0.0,0.0,0.0
11,295,3.032006707071892,1.5061972376040331,1.0,1.0,0.0,0.0,1.0,1.0
12,295,0.3159971423420843,4.097227091988606,0.0,0.0,0.0,0.0,1.0,0.0
13,295,5.797877190763174,11.944600332045717,0.0,1.0,1.0,0.0,0.0,1.0
14,295,6.141485109820719,7.804678574689424,0.0,1.0,0.0,0.0,0.0,0.0
15,295,2.2818259433282986,11.228730457886655,0.0,0.0,0.0,0.0,1.0,0.0
16,295,8.693484391673048,9.152344064266815,0.0,0.0,1.0,0.0,1.0,0.0
17,295,9.495344557922698,0.0,0.0,1.0,1.0,1.0,0.0,0.0
18,295,11.52729029467882,8.78070169336278,0.0,0.0,0.0,0.0,0.0,1.0
19,295,10.379716689329822,3.823074700561055,0.0,0.0,0.0,1.0,0.0,0.0
