0,0,1.0539978018676088,0.0419377238474122,0.0,0.0,0.0,1.0,1.0,0.0
1,0,5.055733348258548,0.9638697160079016,1.0,0.0,0.0,0.0,1.0,1.0
2,0,2.058671975814957,4.970402502133564,0.0,1.0,1.0,0.0,1.0,0.0
3,0,6.94673648797491,11.040355846983864,0.0,1.0,1.0,0.0,1.0,0.0
4,0,10.948783870925682,11.956493215784512,0.0,0.0,0.0,1.0,0.0,1.0
5,0,8.952743102587924,2.986037123365486,0.0,1.0,0.0,0.0,0.0,0.0
6,0,8.026608980097066,6.080689642321448,1.0,0.0,0.0,0.0,0.0,0.0
7,0,2.002342148755589,10.944733770366302,0.0,0.0,1.0,1.0,1.0,0.0
8,0,9.975168670011518,5.076911726935451,0.0,0.0,1.0,0.0,0.0,0.0
9,0,2.005264175168729,8.935628808920665,0.0,1.0,0.0,1.0,0.0,0.0
10,0,1.0346584179548288,0.9703017370007424,0.0,0.0,0.0,1.0,0.0,0.0
11,0,6.037594997788898,8.030709713676032,0.0,0.0,0.0,0.0,0.0,1.0
12,0,0.0553084065792853,6.96489761735925,1.0,1.0,1.0,1.0,0.0,1.0
13,0,11.03915860400294,5.043858891389943,1.0,1.0,1.0,0.0,1.0,1.0
14,0,5.982131310604249,8.931234028125639,0.0,0.0,1.0,1.0,0.0,1.0
15,0,1.972449639099789,9.958334920657016,0.0,0.0,0.0,0.0,0.0,0.0
16,0,1.0091672261680418,7.057058560187032,1.0,0.0,0.0,0.0,0.0,1.0
17,0,5.970945314067474,11.03505627500576,0.0,0.0,0.0,1.0,0.0,1.0
18,0,0.9600934036038636,3.9589428423633697,0.0,0.0,0.0,0.0,1.0,1.0
19,0,6.9899866172725975,0.0,1.0,1.0,0.0,1.0,1.0,1.0
0,5,1.099290375774351,0.0760995458499482,0.0,0.0,0.0,1.0,1.0,0.0
1,5,5.114796250689917,0.926485112680785,1.0,0.0,0.0,0.0,1.0,1.0
2,5,2.0964284433841844,4.949911048405671,0.0,1.0,1.0,0.0,1.0,0.0
3,5,6.880454820166028,11.087015177373766,0.0,1.0,1.0,0.0,1.0,0.0
4,5,10.889277501631868,11.902176823722517,0.0,0.0,0.0,1.0,0.0,1.0
5,5,8.917420539805999,2.975908095149152,0.0,1.0,0.0,0.0,0.0,0.0
6,5,8.054648413149577,6.161027809256937,1.0,0.0,0.0,0.0,0.0,0.0
7,5,2.0051671555625474,10.872263283014542,0.0,0.0,1.0,1.0,1.0,0.0
8,5,9.949493376311024,5.160153289360983,0.0,0.0,1.0,0.0,0.0,0.0
9,5,2.011976535783913,8.86485203991025,0.0,1.0,0.0,1.0,0.0,0.0
10,5,1.0799697577712624,0.9322293650570308,0.0,0.0,0.0,1.0,0.0,0.0
11,5,6.0769514919545164,8.062515909976726,0.0,0.0,0.0,0.0,0.0,1.0
12,5,0.0969403246090608,6.939143433245786,1.0,1.0,1.0,1.0,0.0,1.0
13,5,11.09024347059705,5.098965293484702,1.0,1.0,1.0,0.0,1.0,1.0
14,5,5.963416536684398,8.859908916097238,0.0,0.0,1.0,1.0,0.0,1.0
15,5,1.946937143745896,9.9196214978845,0.0,0.0,0.0,0.0,0.0,0.0
16,5,1.017107825385959,7.110826920831352,1.0,0.0,0.0,0.0,0.0,1.0
17,5,5.937540162168129,11.075372279949114,0.0,0.0,0.0,1.0,0.0,1.0
18,5,0.9142186783047258,3.912012857875397,0.0,0.0,0.0,0.0,1.0,1.0
19,5,6.9807519904512185,0.0,1.0,1.0,0.0,1.0,1.0,1.0
0,10,1.1425726239100278,0.1073522468471769,0.0,0.0,0.0,1.0,1.0,0.0
1,10,5.190214150607584,0.8805147568900925,1.0,0.0,0.0,0.0,1.0,1.0
2,10,2.122687991075333,4.9363000292969685,0.0,1.0,1.0,0.0,1.0,0.0
3,10,6.813148145048571,11.133405220778394,0.0,1.0,1.0,0.0,1.0,0.0
4,10,10.831591025942412,11.850560802494314,0.0,0.0,0.0,1.0,0.0,1.0
5,10,8.890519540482607,2.968012635705517,0.0,1.0,0.0,0.0,0.0,0.0
6,10,8.083876264616112,6.243702481669706,1.0,0.0,0.0,0.0,0.0,0.0
7,10,2.008429866842656,10.808692771264598,0.0,0.0,1.0,1.0,1.0,0.0
8,10,9.926717539133035,5.2371078542414,0.0,0.0,1.0,0.0,0.0,0.0
9,10,2.018350885905027,8.782999529240616,0.0,1.0,0.0,1.0,0.0,0.0
10,10,1.1230944450216556,0.8952215828320147,0.0,0.0,0.0,1.0,0.0,0.0
11,10,6.109312240442728,8.08923197930388,0.0,0.0,0.0,0.0,0.0,1.0
12,10,0.1464545156290027,6.9070389540940775,1.0,1.0,1.0,1.0,0.0,1.0
13,10,11.142680672542989,5.153114336725647,1.0,1.0,1.0,0.0,1.0,1.0
14,10,5.941196091411416,8.77765480289368,0.0,0.0,1.0,1.0,0.0,1.0
15,10,1.9224905961639251,9.880778178788608,0.0,0.0,0.0,0.0,0.0,0.0
16,10,1.0519461971307682,7.104733899646743,1.0,0.0,0.0,0.0,0.0,1.0
17,10,5.907320826975397,11.10909428505756,0.0,0.0,0.0,1.0,0.0,1.0
18,10,0.8699271183744808,3.8674376904608234,0.0,0.0,0.0,0.0,1.0,1.0
19,10,6.973546404228591,0.0,1.0,1.0,0.0,1.0,1.0,1.0
0,15,1.1786451382593808,0.1331823694088591,0.0,0.0,0.0,1.0,1.0,0.0
1,15,5.276565695892717,0.8262503098443313,1.0,0.0,0.0,0.0,1.0,1.0
2,15,2.1503373758684643,4.921331078090151,0.0,1.0,1.0,0.0,1.0,0.0
3,15,6.72771423981838,11.188452415171795,0.0,1.0,1.0,0.0,1.0,0.0
4,15,10.771050565170054,11.797367687151386,0.0,0.0,0.0,1.0,0.0,1.0
5,15,8.837037733408742,2.950841775161719,0.0,1.0,0.0,0.0,0.0,0.0
6,15,8.11761896564433,6.338870340234463,1.0,0.0,0.0,0.0,0.0,0.0
7,15,2.010528082204432,10.752251860764064,0.0,0.0,1.0,1.0,1.0,0.0
8,15,9.89991832913384,5.331235602242851,0.0,0.0,1.0,0.0,0.0,0.0
9,15,2.022153446548408,8.71335124556514,0.0,1.0,0.0,1.0,0.0,0.0
10,15,1.1712184830384256,0.8541046607914726,0.0,0.0,0.0,1.0,0.0,0.0
11,15,6.140927547325766,8.115509950017385,0.0,0.0,0.0,0.0,0.0,1.0
12,15,0.1905943404745302,6.878558760986588,1.0,1.0,1.0,1.0,0.0,1.0
13,15,11.190132494126788,5.2049403296747805,1.0,1.0,1.0,0.0,1.0,1.0
14,15,5.9206116325627685,8.697439170770677,0.0,0.0,1.0,1.0,0.0,1.0
15,15,1.907909440607085,9.857578907199088,0.0,0.0,0.0,0.0,0.0,0.0
16,15,1.0886199419475298,7.098186051809037,1.0,0.0,0.0,0.0,0.0,1.0
17,15,5.8623787951164585,11.158339684492914,0.0,0.0,0.0,1.0,0.0,1.0
18,15,0.8243052139149594,3.821176424806594,0.0,0.0,0.0,0.0,1.0,1.0
19,15,6.967655216407081,0.0,1.0,1.0,0.0,1.0,1.0,1.0
0,20,1.196739782106264,0.1462228794646323,0.0,0.0,0.0,1.0,1.0,0.0
1,20,5.355919793218786,0.7776353376744629,1.0,0.0,0.0,0.0,1.0,1.0
2,20,2.186214787591636,4.901928038537254,0.0,1.0,1.0,0.0,1.0,0.0
3,20,6.621227955551274,11.255683263325922,0.0,1.0,1.0,0.0,1.0,0.0
4,20,10.714280826971656,11.747857979014926,0.0,0.0,0.0,1.0,0.0,1.0
5,20,8.7563899831812,2.923390945093132,0.0,1.0,0.0,0.0,0.0,0.0
6,20,8.151919110571853,6.437713063837381,1.0,0.0,0.0,0.0,0.0,0.0
7,20,2.0138506228151862,10.69795714762986,0.0,0.0,1.0,1.0,1.0,0.0
8,20,9.881397725438015,5.401750441226145,0.0,0.0,1.0,0.0,0.0,0.0
9,20,2.028778473186817,8.620655510904305,0.0,1.0,0.0,1.0,0.0,0.0
10,20,1.2100359005028467,0.8195478789025668,0.0,0.0,0.0,1.0,0.0,0.0
11,20,6.170791351889361,8.141683050211485,0.0,0.0,0.0,0.0,0.0,1.0
12,20,0.2230187724877246,6.857527238741012,1.0,1.0,1.0,1.0,0.0,1.0
13,20,11.233840323661164,5.253260927866264,1.0,1.0,1.0,0.0,1.0,1.0
14,20,5.897734243073641,8.617702916494574,0.0,0.0,1.0,1.0,0.0,1.0
15,20,1.903988759745309,9.851319638676364,0.0,0.0,0.0,0.0,0.0,0.0
16,20,1.1395645080164074,7.089597430031449,1.0,0.0,0.0,0.0,0.0,1.0
17,20,5.808286342128221,11.219538352184614,0.0,0.0,0.0,1.0,0.0,1.0
18,20,0.7654004805915993,3.765999550857053,0.0,0.0,0.0,0.0,1.0,1.0
19,20,6.963769422388714,0.0,1.0,1.0,0.0,1.0,1.0,1.0
0,25,1.2194645955246677,0.1629719974152589,0.0,0.0,0.0,1.0,1.0,0.0
1,25,5.442275161954936,0.7246163746482364,1.0,0.0,0.0,0.0,1.0,1.0
2,25,2.2334769905438723,4.874424464710455,0.0,1.0,1.0,0.0,1.0,0.0
3,25,6.519163984233,11.323089245034652,0.0,1.0,1.0,0.0,1.0,0.0
4,25,10.661003556421798,11.699058026002746,0.0,0.0,0.0,1.0,0.0,1.0
5,25,8.69882568563565,2.9042673293066774,0.0,1.0,0.0,0.0,0.0,0.0
6,25,8.1845868875392,6.526031248844156,1.0,0.0,0.0,0.0,0.0,0.0
7,25,2.017361209529508,10.633835903817369,0.0,0.0,1.0,1.0,1.0,0.0
8,25,9.861742980008536,5.478470278026038,0.0,0.0,1.0,0.0,0.0,0.0
9,25,2.0365917459908918,8.524196532148945,0.0,1.0,0.0,1.0,0.0,0.0
10,25,1.2330723181697292,0.7998534308459545,0.0,0.0,0.0,1.0,0.0,0.0
11,25,6.211166396163675,8.176764388331442,0.0,0.0,0.0,0.0,0.0,1.0
12,25,0.2497210924609841,6.839329773667783,1.0,1.0,1.0,1.0,0.0,1.0
13,25,11.281954210086232,5.304762514017393,1.0,1.0,1.0,0.0,1.0,1.0
14,25,5.878015028374265,8.546188515191533,0.0,0.0,1.0,1.0,0.0,1.0
15,25,1.8987021101026744,9.842825023474564,0.0,0.0,0.0,0.0,0.0,0.0
16,25,1.178007698978567,7.083704836089174,1.0,0.0,0.0,0.0,0.0,1.0
17,25,5.754195281470831,11.285603122674065,0.0,0.0,0.0,1.0,0.0,1.0
18,25,0.7113209470286014,3.716284811359915,0.0,0.0,0.0,0.0,1.0,1.0
19,25,6.962237026732387,0.0,1.0,1.0,0.0,1.0,1.0,1.0
0,30,1.2228625805040427,0.1655237196659392,0.0,0.0,0.0,1.0,1.0,0.0
1,30,5.533178042299082,0.672594452790725,1.0,0.0,0.0,0.0,1.0,1.0
2,30,2.2801489935534582,4.848628701843968,0.0,1.0,1.0,0.0,1.0,0.0
3,30,6.447167778776861,11.373155386038947,0.0,1.0,1.0,0.0,1.0,0.0
4,30,10.591770047261054,11.634716174989975,0.0,0.0,0.0,1.0,0.0,1.0
5,30,8.647643115141598,2.885749649124435,0.0,1.0,0.0,0.0,0.0,0.0
6,30,8.228672039144536,6.638038689527691,1.0,0.0,0.0,0.0,0.0,0.0
7,30,2.022102134636463,10.551386046574445,0.0,0.0,1.0,1.0,1.0,0.0
8,30,9.83996716842682,5.553500998829266,0.0,0.0,1.0,0.0,0.0,0.0
9,30,2.043467091604014,8.455288842520757,0.0,1.0,0.0,1.0,0.0,0.0
10,30,1.2490837771988783,0.7863013215958534,0.0,0.0,0.0,1.0,0.0,0.0
11,30,6.255750425728004,8.214249562361767,0.0,0.0,0.0,0.0,0.0,1.0
12,30,0.2732192829450433,6.823378285946596,1.0,1.0,1.0,1.0,0.0,1.0
13,30,11.340989179625874,5.368846175586897,1.0,1.0,1.0,0.0,1.0,1.0
14,30,5.863137603203214,8.492270122359024,0.0,0.0,1.0,1.0,0.0,1.0
15,30,1.8858676372514225,9.82241847000803,0.0,0.0,0.0,0.0,0.0,0.0
16,30,1.2074355738012743,7.07878927957075,1.0,0.0,0.0,0.0,0.0,1.0
17,30,5.695618072971056,11.35431329097886,0.0,0.0,0.0,1.0,0.0,1.0
18,30,0.653490591684929,3.664007498826348,0.0,0.0,0.0,0.0,1.0,1.0
19,30,6.962049750900642,0.0,1.0,1.0,0.0,1.0,1.0,1.0
0,35,1.2257438506854157,0.1678078331129349,0.0,0.0,0.0,1.0,1.0,0.0
1,35,5.628197420662112,0.6182517477170153,1.0,0.0,0.0,0.0,1.0,1.0
2,35,2.3212352744299287,4.825204065073578,0.0,1.0,1.0,0.0,1.0,0.0
3,35,6.372741549882388,11.42501286410432,0.0,1.0,1.0,0.0,1.0,0.0
4,35,10.529850264741668,11.577383668029846,0.0,0.0,0.0,1.0,0.0,1.0
5,35,8.617177062376534,2.874994421805982,0.0,1.0,0.0,0.0,0.0,0.0
6,35,8.279149993559145,6.765707998861034,1.0,0.0,0.0,0.0,0.0,0.0
7,35,2.027544377893483,10.462771619101964,0.0,0.0,1.0,1.0,1.0,0.0
8,35,9.824983700453682,5.605182037952725,0.0,0.0,1.0,0.0,0.0,0.0
9,35,2.0526318601529407,8.384559906505528,0.0,1.0,0.0,1.0,0.0,0.0
10,35,1.253299554331185,0.7825278042927323,0.0,0.0,0.0,1.0,0.0,0.0
11,35,6.298705975386228,8.250032703156151,0.0,0.0,0.0,0.0,0.0,1.0
12,35,0.3092764985359448,6.800030717391653,1.0,1.0,1.0,1.0,0.0,1.0
13,35,11.404522443410048,5.434314753389947,1.0,1.0,1.0,0.0,1.0,1.0
14,35,5.846805055086796,8.427372018475516,0.0,0.0,1.0,1.0,0.0,1.0
15,35,1.893979124537762,9.835490756047989,0.0,0.0,0.0,0.0,0.0,0.0
16,35,1.2481953856070704,7.072411683900133,1.0,0.0,0.0,0.0,0.0,1.0
17,35,5.627647669484667,11.434340977092967,0.0,0.0,0.0,1.0,0.0,1.0
18,35,0.6075208975792227,3.622015907741259,0.0,0.0,0.0,0.0,1.0,1.0
19,35,6.961595425448848,0.0,1.0,1.0,0.0,1.0,1.0,1.0
0,40,1.2311280699557372,0.1720028694641247,0.0,0.0,0.0,1.0,1.0,0.0
1,40,5.71238940435492,0.5690553570598649,1.0,0.0,0.0,0.0,1.0,1.0
2,40,2.3678261666896634,4.797880213646304,0.0,1.0,1.0,0.0,1.0,0.0
3,40,6.301753210257933,11.473568281885392,0.0,1.0,1.0,0.0,1.0,0.0
4,40,10.456758051394536,11.509403798532698,0.0,0.0,0.0,1.0,0.0,1.0
5,40,8.578411577768208,2.861016999072253,0.0,1.0,0.0,0.0,0.0,0.0
6,40,8.339171154627328,6.908498329589756,1.0,0.0,0.0,0.0,0.0,0.0
7,40,2.03221449536997,10.377046823524712,0.0,0.0,1.0,1.0,1.0,0.0
8,40,9.817525801871843,5.631498170218109,0.0,0.0,1.0,0.0,0.0,0.0
9,40,2.060592631449341,8.319490844584864,0.0,1.0,0.0,1.0,0.0,0.0
10,40,1.2820357597505394,0.7581207790296606,0.0,0.0,0.0,1.0,0.0,0.0
11,40,6.320512164509205,8.268622242747423,0.0,0.0,0.0,0.0,0.0,1.0
12,40,0.363101305955757,6.763212784611385,1.0,1.0,1.0,1.0,0.0,1.0
13,40,11.457235115630445,5.490804690596092,1.0,1.0,1.0,0.0,1.0,1.0
14,40,5.831196346190639,8.362590259088973,0.0,0.0,1.0,1.0,0.0,1.0
15,40,1.906796262519648,9.857170866177896,0.0,0.0,0.0,0.0,0.0,0.0
16,40,1.28892499438215,7.066440227841406,1.0,0.0,0.0,0.0,0.0,1.0
17,40,5.560129982718391,11.510410282421429,0.0,0.0,0.0,1.0,0.0,1.0
18,40,0.5618498923440962,3.581775481120808,0.0,0.0,0.0,0.0,1.0,1.0
19,40,6.958662897765716,0.0,1.0,1.0,0.0,1.0,1.0,1.0
0,45,1.2403755308435631,0.1790665656230095,0.0,0.0,0.0,1.0,1.0,0.0
1,45,5.7835742512876935,0.5257980851980025,1.0,0.0,0.0,0.0,1.0,1.0
2,45,2.4091358910002203,4.773227821933494,0.0,1.0,1.0,0.0,1.0,0.0
3,45,6.247419899969171,11.511589435746938,0.0,1.0,1.0,0.0,1.0,0.0
4,45,10.387865005549251,11.445814223880287,0.0,0.0,0.0,1.0,0.0,1.0
5,45,8.510930845518326,2.8368680683705687,0.0,1.0,0.0,0.0,0.0,0.0
6,45,8.393369206937015,7.039234474612077,1.0,0.0,0.0,0.0,0.0,0.0
7,45,2.035339613602787,10.296546088178353,0.0,0.0,1.0,1.0,1.0,0.0
8,45,9.811311494533642,5.656914576597484,0.0,0.0,1.0,0.0,0.0,0.0
9,45,2.068844734531963,8.254720318630843,0.0,1.0,0.0,1.0,0.0,0.0
10,45,1.3086596814219775,0.7367403119815052,0.0,0.0,0.0,1.0,0.0,0.0
11,45,6.341142088604276,8.286232376919951,0.0,0.0,0.0,0.0,0.0,1.0
12,45,0.4051123749977101,6.735356131434694,1.0,1.0,1.0,1.0,0.0,1.0
13,45,11.509769538878013,5.550187320216319,1.0,1.0,1.0,0.0,1.0,1.0
14,45,5.817771772121222,8.301877230898032,0.0,0.0,1.0,1.0,0.0,1.0
15,45,1.9203473735926608,9.880103592893478,0.0,0.0,0.0,0.0,0.0,0.0
16,45,1.3439320961865673,7.058396385614673,1.0,0.0,0.0,0.0,0.0,1.0
17,45,5.485230299144561,11.598612785110753,0.0,0.0,0.0,1.0,0.0,1.0
18,45,0.5239897017608631,3.548646402545103,0.0,0.0,0.0,0.0,1.0,1.0
19,45,6.962231837440192,0.0192091496594731,1.0,1.0,0.0,1.0,1.0,1.0
0,50,1.2372726506490566,0.1766987387147987,0.0,0.0,0.0,1.0,1.0,0.0
1,50,5.846804211813614,0.4890053249518972,1.0,0.0,0.0,0.0,1.0,1.0
2,50,2.446084596347049,4.750953789778103,0.0,1.0,1.0,0.0,1.0,0.0
3,50,6.191379822361532,11.55359710163872,0.0,1.0,1.0,0.0,1.0,0.0
4,50,10.307966507067666,11.371716194713226,0.0,0.0,0.0,1.0,0.0,1.0
5,50,8.422773290018828,2.8045116099626544,0.0,1.0,0.0,0.0,0.0,0.0
6,50,8.438656248104515,7.154442432659582,1.0,0.0,0.0,0.0,0.0,0.0
7,50,2.0373234152283155,10.211931772962954,0.0,0.0,1.0,1.0,1.0,0.0
8,50,9.80107985628578,5.696477556771249,0.0,0.0,1.0,0.0,0.0,0.0
9,50,2.0751660773389093,8.207763702127586,0.0,1.0,0.0,1.0,0.0,0.0
10,50,1.3290327479685788,0.7199607882614232,0.0,0.0,0.0,1.0,0.0,0.0
11,50,6.353759992692456,8.296663084571312,0.0,0.0,0.0,0.0,0.0,1.0
12,50,0.4484774925302821,6.706297858737998,1.0,1.0,1.0,1.0,0.0,1.0
13,50,11.570841681614247,5.622727151299412,1.0,1.0,1.0,0.0,1.0,1.0
14,50,5.807905032442887,8.253300310142022,0.0,0.0,1.0,1.0,0.0,1.0
15,50,1.91810923150581,9.876292576074755,0.0,0.0,0.0,0.0,0.0,0.0
16,50,1.39169324077131,7.050611460590741,1.0,0.0,0.0,0.0,0.0,1.0
17,50,5.411124899211812,11.67853495640827,0.0,0.0,0.0,1.0,0.0,1.0
18,50,0.4779102505905847,3.510018075981704,0.0,0.0,0.0,0.0,1.0,1.0
19,50,6.965422304616049,0.036192350937616,1.0,1.0,0.0,1.0,1.0,1.0
0,55,1.2397484959357736,0.178742105504387,0.0,0.0,0.0,1.0,1.0,0.0
1,55,5.925471141296512,0.4437040092484282,1.0,0.0,0.0,0.0,1.0,1.0
2,55,2.4757285651193843,4.733157131280807,0.0,1.0,1.0,0.0,1.0,0.0
3,55,6.140880854715167,11.59393229969917,0.0,1.0,1.0,0.0,1.0,0.0
4,55,10.238982459747,11.308820579629016,0.0,0.0,0.0,1.0,0.0,1.0
5,55,8.3379259977406,2.773090405577625,0.0,1.0,0.0,0.0,0.0,0.0
6,55,8.49331873723955,7.298795549897648,1.0,0.0,0.0,0.0,0.0,0.0
7,55,2.0418185040868173,10.11802568620827,0.0,0.0,1.0,1.0,1.0,0.0
8,55,9.799071908452294,5.7045187893549,0.0,0.0,1.0,0.0,0.0,0.0
9,55,2.0821754883411776,8.16113225726233,0.0,1.0,0.0,1.0,0.0,0.0
10,55,1.360983682764993,0.6944762542632166,0.0,0.0,0.0,1.0,0.0,0.0
11,55,6.352076029552349,8.295258145621386,0.0,0.0,0.0,0.0,0.0,1.0
12,55,0.4774607851147288,6.688767830104794,1.0,1.0,1.0,1.0,0.0,1.0
13,55,11.616228830399086,5.67679111040536,1.0,1.0,1.0,0.0,1.0,1.0
14,55,5.793180244213185,8.183508494100314,0.0,0.0,1.0,1.0,0.0,1.0
15,55,1.9235972937060004,9.885477752020083,0.0,0.0,0.0,0.0,0.0,0.0
16,55,1.44908940005523,7.03954977412826,1.0,0.0,0.0,0.0,0.0,1.0
17,55,5.334944740051171,11.760883669205011,0.0,0.0,0.0,1.0,0.0,1.0
18,55,0.4182583967811664,3.4585232470129625,0.0,0.0,0.0,0.0,1.0,1.0
19,55,6.9681443380019,0.0500143413157985,1.0,1.0,0.0,1.0,1.0,1.0
0,60,1.2538064441552588,0.1907586109732054,0.0,0.0,0.0,1.0,1.0,0.0
1,60,5.998850587208507,0.3986084982581067,1.0,0.0,0.0,0.0,1.0,1.0
2,60,2.504357477497876,4.716893698803027,0.0,1.0,1.0,0.0,1.0,0.0
3,60,6.0832954295054975,11.6381894656428,0.0,1.0,1.0,0.0,1.0,0.0
4,60,10.183495479923826,11.257987076045142,0.0,0.0,0.0,1.0,0.0,1.0
5,60,8.274480369751984,2.751778318278468,0.0,1.0,0.0,0.0,0.0,0.0
6,60,8.545611068841103,7.432886086031406,1.0,0.0,0.0,0.0,0.0,0.0
7,60,2.0461469300320894,10.007716747915518,0.0,0.0,1.0,1.0,1.0,0.0
8,60,9.799332280255726,5.7034514478468905,0.0,0.0,1.0,0.0,0.0,0.0
9,60,2.0864129920361667,8.13413084170319,0.0,1.0,0.0,1.0,0.0,0.0
10,60,1.3856490813736704,0.6751445401045801,0.0,0.0,0.0,1.0,0.0,0.0
11,60,6.339556723995174,8.310371750823556,0.0,0.0,0.0,0.0,0.0,1.0
12,60,0.5129951687167615,6.666108696136839,1.0,1.0,1.0,1.0,0.0,1.0
13,60,11.662406605572665,5.730460455859281,1.0,1.0,1.0,0.0,1.0,1.0
14,60,5.778881688922301,8.115611969723822,0.0,0.0,1.0,1.0,0.0,1.0
15,60,1.9310981470294672,9.89792783630943,0.0,0.0,0.0,0.0,0.0,0.0
16,60,1.488323993978666,7.032463074352035,1.0,0.0,0.0,0.0,0.0,1.0
17,60,5.271412160501251,11.830478634535488,0.0,0.0,0.0,1.0,0.0,1.0
18,60,0.3680620204437328,3.41484128674884,0.0,0.0,0.0,0.0,1.0,1.0
19,60,6.9716068675139855,0.0675922258924814,1.0,1.0,0.0,1.0,1.0,1.0
0,65,1.2582929679983408,0.1945385332314209,0.0,0.0,0.0,1.0,1.0,0.0
1,65,6.050007884354279,0.3662483989772035,1.0,0.0,0.0,0.0,1.0,1.0
2,65,2.514258594643895,4.711220016679316,0.0,1.0,1.0,0.0,1.0,0.0
3,65,6.032236180909702,11.678841971284692,0.0,1.0,1.0,0.0,1.0,0.0
4,65,10.119354444452387,11.200675882110025,0.0,0.0,0.0,1.0,0.0,1.0
5,65,8.213392664180548,2.7317407843646784,0.0,1.0,0.0,0.0,0.0,0.0
6,65,8.590348419583572,7.5603167302870276,1.0,0.0,0.0,0.0,0.0,0.0
7,65,2.0493643622092863,9.932541669132226,0.0,0.0,1.0,1.0,1.0,0.0
8,65,9.792508737544647,5.730857571185027,0.0,0.0,1.0,0.0,0.0,0.0
9,65,2.0887132909568056,8.11991463149838,0.0,1.0,0.0,1.0,0.0,0.0
10,65,1.4190182569187204,0.6491535128726541,0.0,0.0,0.0,1.0,0.0,0.0
11,65,6.33286705457828,8.318257791900088,0.0,0.0,0.0,0.0,0.0,1.0
12,65,0.5474630484833855,6.644391210841416,1.0,1.0,1.0,1.0,0.0,1.0
13,65,11.708788778136167,5.782802243582489,1.0,1.0,1.0,0.0,1.0,1.0
14,65,5.7627006895279695,8.052567953106106,0.0,0.0,1.0,1.0,0.0,1.0
15,65,1.9387501600096675,9.910661343888853,0.0,0.0,0.0,0.0,0.0,0.0
16,65,1.5227486838479287,7.02599099899384,1.0,0.0,0.0,0.0,0.0,1.0
17,65,5.202415705795175,11.90585434646122,0.0,0.0,0.0,1.0,0.0,1.0
18,65,0.3061750749041237,3.3578919904953257,0.0,0.0,0.0,0.0,1.0,1.0
19,65,6.975800769977994,0.0875145226472353,1.0,1.0,0.0,1.0,1.0,1.0
0,70,1.2781519659530212,0.2108438219987488,0.0,0.0,0.0,1.0,1.0,0.0
1,70,6.094836619348792,0.3365502049006335,1.0,0.0,0.0,0.0,1.0,1.0
2,70,2.523589441190445,4.705537189094795,0.0,1.0,1.0,0.0,1.0,0.0
3,70,5.988254449144717,11.712144184756664,0.0,1.0,1.0,0.0,1.0,0.0
4,70,10.036772272749602,11.128068478856108,0.0,0.0,0.0,1.0,0.0,1.0
5,70,8.143935368289554,2.708126507252655,0.0,1.0,0.0,0.0,0.0,0.0
6,70,8.635050569450394,7.685661624331999,1.0,0.0,0.0,0.0,0.0,0.0
7,70,2.053704498321133,9.833259269907613,0.0,0.0,1.0,1.0,1.0,0.0
8,70,9.783113861071737,5.7695040846005625,0.0,0.0,1.0,0.0,0.0,0.0
9,70,2.094907577742368,8.086181727882842,0.0,1.0,0.0,1.0,0.0,0.0
10,70,1.467797426445823,0.6128413995806622,0.0,0.0,0.0,1.0,0.0,0.0
11,70,6.306430041527316,8.34836854116491,0.0,0.0,0.0,0.0,0.0,1.0
12,70,0.5878211637446016,6.618249581309004,1.0,1.0,1.0,1.0,0.0,1.0
13,70,11.763228225699836,5.844698967418888,1.0,1.0,1.0,0.0,1.0,1.0
14,70,5.744575513367622,7.983059981808224,0.0,0.0,1.0,1.0,0.0,1.0
15,70,1.950283056806363,9.930266825666386,0.0,0.0,0.0,0.0,0.0,0.0
16,70,1.5283244583670097,7.024935939309284,1.0,0.0,0.0,0.0,0.0,1.0
17,70,5.136475727673293,11.978453422423271,0.0,0.0,0.0,1.0,0.0,1.0
18,70,0.2542286865075465,3.3097612748579075,0.0,0.0,0.0,0.0,1.0,1.0
19,70,6.980298668528516,0.1107670007087781,1.0,1.0,0.0,1.0,1.0,1.0
0,75,1.3053738013007368,0.2335532523029167,0.0,0.0,0.0,1.0,1.0,0.0
1,75,6.144359075253833,0.3049044548113711,1.0,0.0,0.0,0.0,1.0,1.0
2,75,2.553700999125485,4.687441512324678,0.0,1.0,1.0,0.0,1.0,0.0
3,75,5.945202105751636,11.746940019376607,0.0,1.0,1.0,0.0,1.0,0.0
4,75,9.98107869731197,11.077283228779502,0.0,0.0,0.0,1.0,0.0,1.0
5,75,8.079107474145573,2.686158674488723,0.0,1.0,0.0,0.0,0.0,0.0
6,75,8.677315383765606,7.795879232252928,1.0,0.0,0.0,0.0,0.0,0.0
7,75,2.0571183327602163,9.726753657922703,0.0,0.0,1.0,1.0,1.0,0.0
8,75,9.773026172124098,5.8079329781156055,0.0,0.0,1.0,0.0,0.0,0.0
9,75,2.101772189695716,8.045235554599833,0.0,1.0,0.0,1.0,0.0,0.0
10,75,1.5206753185513713,0.5710751818741981,0.0,0.0,0.0,1.0,0.0,0.0
11,75,6.289408197502332,8.367873211719376,0.0,0.0,0.0,0.0,0.0,1.0
12,75,0.6203611709173251,6.597749707528977,1.0,1.0,1.0,1.0,0.0,1.0
13,75,11.819601944413352,5.905302705245244,1.0,1.0,1.0,0.0,1.0,1.0
14,75,5.728376597185663,7.918714270207355,0.0,0.0,1.0,1.0,0.0,1.0
15,75,1.960090575076946,9.947614191201591,0.0,0.0,0.0,0.0,0.0,0.0
16,75,1.555293394225442,7.019608053715278,1.0,0.0,0.0,0.0,0.0,1.0
17,75,5.090768905393292,12.0,0.0,0.0,0.0,1.0,0.0,1.0
18,75,0.2057477699047268,3.2629794967345087,0.0,0.0,0.0,0.0,1.0,1.0
19,75,6.983894836708506,0.1296401956044454,1.0,1.0,0.0,1.0,1.0,1.0
0,80,1.3424254484029756,0.2637026883242524,0.0,0.0,0.0,1.0,1.0,0.0
1,80,6.205372069527065,0.2672060270564445,1.0,0.0,0.0,0.0,1.0,1.0
2,80,2.5922089042147927,4.663150519358377,0.0,1.0,1.0,0.0,1.0,0.0
3,80,5.899281423092753,11.782987893609146,0.0,1.0,1.0,0.0,1.0,0.0
4,80,9.93980018558094,11.04280861875574,0.0,0.0,0.0,1.0,0.0,1.0
5,80,8.031667075167073,2.669329426030925,0.0,1.0,0.0,0.0,0.0,0.0
6,80,8.7172837611598,7.892307240033889,1.0,0.0,0.0,0.0,0.0,0.0
7,80,2.0592953322963754,9.61450206307576,0.0,0.0,1.0,1.0,1.0,0.0
8,80,9.761761665271502,5.846099997204538,0.0,0.0,1.0,0.0,0.0,0.0
9,80,2.1067282490891683,8.016452550732835,0.0,1.0,0.0,1.0,0.0,0.0
10,80,1.575027215081465,0.53064625406693,0.0,0.0,0.0,1.0,0.0,0.0
11,80,6.275037961456876,8.384595362077572,0.0,0.0,0.0,0.0,0.0,1.0
12,80,0.6436455247149405,6.582487214375442,1.0,1.0,1.0,1.0,0.0,1.0
13,80,11.863167460638993,5.953405349740874,1.0,1.0,1.0,0.0,1.0,1.0
14,80,5.715508249541018,7.864766447102414,0.0,0.0,1.0,1.0,0.0,1.0
15,80,1.9781743192101868,9.97839776003661,0.0,0.0,0.0,0.0,0.0,0.0
16,80,1.578912122762004,7.015455989202035,1.0,0.0,0.0,0.0,0.0,1.0
17,80,5.045415131289924,12.0,0.0,0.0,0.0,1.0,0.0,1.0
18,80,0.1637597277382439,3.224762444141663,0.0,0.0,0.0,0.0,1.0,1.0
19,80,6.984701291541231,0.1343775933045648,1.0,1.0,0.0,1.0,1.0,1.0
0,85,1.3832901342963058,0.2952440933329743,0.0,0.0,0.0,1.0,1.0,0.0
1,85,6.282179939407463,0.2195442106821561,1.0,0.0,0.0,0.0,1.0,1.0
2,85,2.624363720717652,4.641671226937849,0.0,1.0,1.0,0.0,1.0,0.0
3,85,5.860700796666996,11.81406385781318,0.0,1.0,1.0,0.0,1.0,0.0
4,85,9.893812736933407,11.00448323838846,0.0,0.0,0.0,1.0,0.0,1.0
5,85,7.988782969085491,2.6541810367762397,0.0,1.0,0.0,0.0,0.0,0.0
6,85,8.762105648343761,8.001405377909576,1.0,0.0,0.0,0.0,0.0,0.0
7,85,2.060533704589054,9.505044569149153,0.0,0.0,1.0,1.0,1.0,0.0
8,85,9.749709451057155,5.882946297709299,0.0,0.0,1.0,0.0,0.0,0.0
9,85,2.087504381125278,8.013306058646899,0.0,1.0,0.0,1.0,0.0,0.0
10,85,1.63941188546776,0.4830968229723668,0.0,0.0,0.0,1.0,0.0,0.0
11,85,6.27415719728647,8.385560881824398,0.0,0.0,0.0,0.0,0.0,1.0
12,85,0.6559344275205969,6.574708838140401,1.0,1.0,1.0,1.0,0.0,1.0
13,85,11.911859309010222,6.00651602307482,1.0,1.0,1.0,0.0,1.0,1.0
14,85,5.7034283450217815,7.814948992012228,0.0,0.0,1.0,1.0,0.0,1.0
15,85,1.9972835650291096,10.010641705832988,0.0,0.0,0.0,0.0,0.0,0.0
16,85,1.6104168653546391,7.010011245112199,1.0,0.0,0.0,0.0,0.0,1.0
17,85,4.9932543605407735,12.0,0.0,0.0,0.0,1.0,0.0,1.0
18,85,0.1384883454454351,3.201757187422176,0.0,0.0,0.0,0.0,1.0,1.0
19,85,6.9849932639742,0.1359458561071408,1.0,1.0,0.0,1.0,1.0,1.0
0,90,1.4437164027725733,0.339985875813811,0.0,0.0,0.0,1.0,1.0,0.0
1,90,6.35784542409815,0.172444999713259,1.0,0.0,0.0,0.0,1.0,1.0
2,90,2.6512029034498714,4.623228052874078,0.0,1.0,1.0,0.0,1.0,0.0
3,90,5.809766339770104,11.852971085263068,0.0,1.0,1.0,0.0,1.0,0.0
4,90,9.855366427041265,10.972531767309736,0.0,0.0,0.0,1.0,0.0,1.0
5,90,7.950445456338345,2.640495637344901,0.0,1.0,0.0,0.0,0.0,0.0
6,90,8.812500164640614,8.114225418860986,1.0,0.0,0.0,0.0,0.0,0.0
7,90,2.061442369898849,9.38497689129493,0.0,0.0,1.0,1.0,1.0,0.0
8,90,9.73361738124021,5.929918193623765,0.0,0.0,1.0,0.0,0.0,0.0
9,90,2.0732771249917983,8.010995044875646,0.0,1.0,0.0,1.0,0.0,0.0
10,90,1.698900601774165,0.4390124120713811,0.0,0.0,0.0,1.0,0.0,0.0
11,90,6.275467210505703,8.384131264511426,0.0,0.0,0.0,0.0,0.0,1.0
12,90,0.6906496932255215,6.554211603141096,1.0,1.0,1.0,1.0,0.0,1.0
13,90,11.968799665760097,6.069017313167027,1.0,1.0,1.0,0.0,1.0,1.0
14,90,5.690738585789372,7.764028680956394,0.0,0.0,1.0,1.0,0.0,1.0
15,90,2.0163396419095427,10.043966440254726,0.0,0.0,0.0,0.0,0.0,0.0
16,90,1.6314227031341515,7.006335815227476,1.0,0.0,0.0,0.0,0.0,1.0
17,90,4.944664476915367,12.0,0.0,0.0,0.0,1.0,0.0,1.0
18,90,0.1066291699369179,3.173272600051676,0.0,0.0,0.0,0.0,1.0,1.0
19,90,6.980187674187016,0.114512290992972,1.0,1.0,0.0,1.0,1.0,1.0
0,95,1.522068341710034,0.3974318363493767,0.0,0.0,0.0,1.0,1.0,0.0
1,95,6.449727273385436,0.1134519558701843,1.0,0.0,0.0,0.0,1.0,1.0
2,95,2.6833278667894387,4.602338312502606,0.0,1.0,1.0,0.0,1.0,0.0
3,95,5.761097288727381,11.888856126609458,0.0,1.0,1.0,0.0,1.0,0.0
4,95,9.8202308381527,10.943800425832777,0.0,0.0,0.0,1.0,0.0,1.0
5,95,7.925016685841276,2.631862244310104,0.0,1.0,0.0,0.0,0.0,0.0
6,95,8.857704154608292,8.217087603444412,1.0,0.0,0.0,0.0,0.0,0.0
7,95,2.066875461526887,9.266897358823178,0.0,0.0,1.0,1.0,1.0,0.0
8,95,9.712837972204142,5.993491840145803,0.0,0.0,1.0,0.0,0.0,0.0
9,95,2.0855445823977394,8.012930104148156,0.0,1.0,0.0,1.0,0.0,0.0
10,95,1.7557524543810432,0.3978590963368191,0.0,0.0,0.0,1.0,0.0,0.0
11,95,6.2838193868606105,8.374976119508302,0.0,0.0,0.0,0.0,0.0,1.0
12,95,0.737904061315832,6.526771992349092,1.0,1.0,1.0,1.0,0.0,1.0
13,95,12.0,6.134315664529961,1.0,1.0,1.0,0.0,1.0,1.0
14,95,5.674721141316252,7.692494095978421,0.0,0.0,1.0,1.0,0.0,1.0
15,95,2.0392079514956585,10.08443213069934,0.0,0.0,0.0,0.0,0.0,0.0
16,95,1.6442351767354988,7.004107096444223,1.0,0.0,0.0,0.0,0.0,1.0
17,95,4.876908025458575,12.0,0.0,0.0,0.0,1.0,0.0,1.0
18,95,0.0668427980280817,3.1385618141412968,0.0,0.0,0.0,0.0,1.0,1.0
19,95,6.97368065277444,0.0879847411420679,1.0,1.0,0.0,1.0,1.0,1.0
0,100,1.6038416039242651,0.4537387560319141,0.0,0.0,0.0,1.0,1.0,0.0
1,100,6.53554323274702,0.056123567597828,1.0,0.0,0.0,0.0,1.0,1.0
2,100,2.697512416240047,4.592769420413229,0.0,1.0,1.0,0.0,1.0,0.0
3,100,5.70640102353894,11.92818029117511,0.0,1.0,1.0,0.0,1.0,0.0
4,100,9.79078455779952,10.92079214999209,0.0,0.0,0.0,1.0,0.0,1.0
5,100,7.907738633486213,2.62570977320133,0.0,1.0,0.0,0.0,0.0,0.0
6,100,8.907538480166743,8.333637039959765,1.0,0.0,0.0,0.0,0.0,0.0
7,100,2.07422241363472,9.155519317376914,0.0,0.0,1.0,1.0,1.0,0.0
8,100,9.696781814899396,6.0446318702660005,0.0,0.0,1.0,0.0,0.0,0.0
9,100,2.0927174059197955,8.01417439755828,0.0,1.0,0.0,1.0,0.0,0.0
10,100,1.8010552469199574,0.3633870802369081,0.0,0.0,0.0,1.0,0.0,0.0
11,100,6.294154533553136,8.363155950033821,0.0,0.0,0.0,0.0,0.0,1.0
12,100,0.779572766711176,6.504514314722076,1.0,1.0,1.0,1.0,0.0,1.0
13,100,12.0,6.203969587408882,1.0,1.0,1.0,0.0,1.0,1.0
14,100,5.656161263652854,7.616267295197836,0.0,0.0,1.0,1.0,0.0,1.0
15,100,2.0484520611603934,10.10089313245774,0.0,0.0,0.0,0.0,0.0,0.0
16,100,1.6570648515396522,7.001806943375392,1.0,0.0,0.0,0.0,0.0,1.0
17,100,4.812833820367964,12.0,0.0,0.0,0.0,1.0,0.0,1.0
18,100,0.03338329249381,3.1099965963377274,0.0,0.0,0.0,0.0,1.0,1.0
19,100,6.972143034498575,0.0815131480204086,1.0,1.0,0.0,1.0,1.0,1.0
0,105,1.686203550594028,0.5083632441620871,0.0,0.0,0.0,1.0,1.0,0.0
1,105,6.621729307589184,0.0055104064407366,1.0,0.0,0.0,0.0,1.0,1.0
2,105,2.695104509061727,4.594489500799685,0.0,1.0,1.0,0.0,1.0,0.0
3,105,5.64988768652558,11.967271924892838,0.0,1.0,1.0,0.0,1.0,0.0
4,105,9.760517695519882,10.897513099415429,0.0,0.0,0.0,1.0,0.0,1.0
5,105,7.862378248060972,2.609737490191791,0.0,1.0,0.0,0.0,0.0,0.0
6,105,8.976340870637111,8.476996583260114,1.0,0.0,0.0,0.0,0.0,0.0
7,105,2.0830231570800577,9.034576130746489,0.0,0.0,1.0,1.0,1.0,0.0
8,105,9.687085625189644,6.075082325334897,0.0,0.0,1.0,0.0,0.0,0.0
9,105,2.1166315124006383,8.01807686436026,0.0,1.0,0.0,1.0,0.0,0.0
10,105,1.852181534772004,0.3248618021265156,0.0,0.0,0.0,1.0,0.0,0.0
11,105,6.298971842539263,8.357957285012976,0.0,0.0,0.0,0.0,0.0,1.0
12,105,0.8311485660296033,6.478175766105153,1.0,1.0,1.0,1.0,0.0,1.0
13,105,12.0,6.2712616319654,1.0,1.0,1.0,0.0,1.0,1.0
14,105,5.640788181626842,7.545435288393309,0.0,0.0,1.0,1.0,0.0,1.0
15,105,2.0649650176374097,10.1297349484262,0.0,0.0,0.0,0.0,0.0,0.0
16,105,1.674150573972936,6.998403490597375,1.0,0.0,0.0,0.0,0.0,1.0
17,105,4.743258635452994,12.0,0.0,0.0,0.0,1.0,0.0,1.0
18,105,0.0,3.0698472048593133,0.0,0.0,0.0,0.0,1.0,1.0
19,105,6.975863940564197,0.0997019144276642,1.0,1.0,0.0,1.0,1.0,1.0
0,110,1.75223322496003,0.5517068025766139,0.0,0.0,0.0,1.0,1.0,0.0
1,110,6.707864257062416,0.0,1.0,0.0,0.0,0.0,1.0,1.0
2,110,2.661634450302377,4.6181555562211,0.0,1.0,1.0,0.0,1.0,0.0
3,110,5.6007923136393485,12.0,0.0,1.0,1.0,0.0,1.0,0.0
4,110,9.73464315131824,10.877333904835227,0.0,0.0,0.0,1.0,0.0,1.0
5,110,7.818660560117002,2.592606669628546,0.0,1.0,0.0,0.0,0.0,0.0
6,110,9.04365012629863,8.627362495069741,1.0,0.0,0.0,0.0,0.0,0.0
7,110,2.092271641314808,8.906985103032467,0.0,0.0,1.0,1.0,1.0,0.0
8,110,9.681456318928522,6.092045853940988,0.0,0.0,1.0,0.0,0.0,0.0
9,110,2.143472390861993,8.022430177056,0.0,1.0,0.0,1.0,0.0,0.0
10,110,1.896742689713605,0.2914178226763996,0.0,0.0,0.0,1.0,0.0,0.0
11,110,6.297707242794734,8.359369765204407,0.0,0.0,0.0,0.0,0.0,1.0
12,110,0.8938922128451975,6.446541126369073,1.0,1.0,1.0,1.0,0.0,1.0
13,110,12.0,6.329742223963343,1.0,1.0,1.0,0.0,1.0,1.0
14,110,5.624154299729247,7.472226382181238,0.0,0.0,1.0,1.0,0.0,1.0
15,110,2.0814733440417754,10.15705889780735,0.0,0.0,0.0,0.0,0.0,0.0
16,110,1.6925849933498405,6.994652270833306,1.0,0.0,0.0,0.0,0.0,1.0
17,110,4.663543775554155,12.0,0.0,0.0,0.0,1.0,0.0,1.0
18,110,0.0,3.029979259974521,0.0,0.0,0.0,0.0,1.0,1.0
19,110,6.978306641526783,0.1121878655692083,1.0,1.0,0.0,1.0,1.0,1.0
0,115,1.821074674585093,0.5952141511254732,0.0,0.0,0.0,1.0,1.0,0.0
1,115,6.80032756504857,0.0,1.0,0.0,0.0,0.0,1.0,1.0
2,115,2.613632427025069,4.650404468500941,0.0,1.0,1.0,0.0,1.0,0.0
3,115,5.558678137408925,12.0,0.0,1.0,1.0,0.0,1.0,0.0
4,115,9.723972652733528,10.86878195606987,0.0,0.0,0.0,1.0,0.0,1.0
5,115,7.790629977148603,2.581273722431939,0.0,1.0,0.0,0.0,0.0,0.0
6,115,9.107132117856434,8.774871310729205,1.0,0.0,0.0,0.0,0.0,0.0
7,115,2.099978438442704,8.790630127891667,0.0,0.0,1.0,1.0,1.0,0.0
8,115,9.672663465495088,6.118562166778049,0.0,0.0,1.0,0.0,0.0,0.0
9,115,2.1384115884403783,8.058576156135892,0.0,1.0,0.0,1.0,0.0,0.0
10,115,1.945389491959396,0.2571894493954855,0.0,0.0,0.0,1.0,0.0,0.0
11,115,6.302889531452384,8.353405554433435,0.0,0.0,0.0,0.0,0.0,1.0
12,115,0.9595750308509984,6.412111036085506,1.0,1.0,1.0,1.0,0.0,1.0
13,115,12.0,6.374652692747109,1.0,1.0,1.0,0.0,1.0,1.0
14,115,5.604973547795267,7.388777737018449,0.0,0.0,1.0,1.0,0.0,1.0
15,115,2.082137950243419,10.158217672956962,0.0,0.0,0.0,0.0,0.0,0.0
16,115,1.6968079154353288,6.993865559743963,1.0,0.0,0.0,0.0,0.0,1.0
17,115,4.577689145771377,12.0,0.0,0.0,0.0,1.0,0.0,1.0
18,115,0.0,2.9885274940207727,0.0,0.0,0.0,0.0,1.0,1.0
19,115,6.9832164900618405,0.1358498209270086,1.0,1.0,0.0,1.0,1.0,1.0
0,120,1.8829049348175544,0.6342924017779054,0.0,0.0,0.0,1.0,1.0,0.0
1,120,6.875270140278918,0.0,1.0,0.0,0.0,0.0,1.0,1.0
2,120,2.566230572343093,4.681239907450979,0.0,1.0,1.0,0.0,1.0,0.0
3,120,5.5186525544981535,12.0,0.0,1.0,1.0,0.0,1.0,0.0
4,120,9.73157942258684,10.874575590696912,0.0,0.0,0.0,1.0,0.0,1.0
5,120,7.755197832777304,2.566629742318252,0.0,1.0,0.0,0.0,0.0,0.0
6,120,9.173456868094242,8.926038564610252,1.0,0.0,0.0,0.0,0.0,0.0
7,120,2.108670117015284,8.675757563621021,0.0,0.0,1.0,1.0,1.0,0.0
8,120,9.657011160878948,6.16648615072608,0.0,0.0,1.0,0.0,0.0,0.0
9,120,2.138538437762456,8.057769207347581,0.0,1.0,0.0,1.0,0.0,0.0
10,120,1.9855282381125867,0.2285133101985109,0.0,0.0,0.0,1.0,0.0,0.0
11,120,6.322125611543166,8.3309191336167,0.0,0.0,0.0,0.0,0.0,1.0
12,120,1.0305427390391328,6.378389379561166,1.0,1.0,1.0,1.0,0.0,1.0
13,120,12.0,6.421561580050128,1.0,1.0,1.0,0.0,1.0,1.0
14,120,5.583373925079612,7.304387474884367,0.0,0.0,1.0,1.0,0.0,1.0
15,120,2.082811826428254,10.159367880093532,0.0,0.0,0.0,0.0,0.0,0.0
16,120,1.7118591939469403,6.991156553556508,1.0,0.0,0.0,0.0,0.0,1.0
17,120,4.487692659413481,12.0,0.0,0.0,0.0,1.0,0.0,1.0
18,120,0.0,2.9606660973988785,0.0,0.0,0.0,0.0,1.0,1.0
19,120,6.99389368947938,0.1846483993628797,1.0,1.0,0.0,1.0,1.0,1.0
0,125,1.9480425439076952,0.6732680301604914,0.0,0.0,0.0,1.0,1.0,0.0
1,125,6.946599298870155,0.0,1.0,0.0,0.0,0.0,1.0,1.0
2,125,2.5105097207032703,4.717272797147341,0.0,1.0,1.0,0.0,1.0,0.0
3,125,5.494211649547804,12.0,0.0,1.0,1.0,0.0,1.0,0.0
4,125,9.754096885740523,10.891779988914502,0.0,0.0,0.0,1.0,0.0,1.0
5,125,7.738713743979047,2.559302207783115,0.0,1.0,0.0,0.0,0.0,0.0
6,125,9.239575614682346,9.08350071149277,1.0,0.0,0.0,0.0,0.0,0.0
7,125,2.1143064890088814,8.571105237108227,0.0,0.0,1.0,1.0,1.0,0.0
8,125,9.639749671386236,6.221831672612507,0.0,0.0,1.0,0.0,0.0,0.0
9,125,2.1390884866726494,8.053515058181349,0.0,1.0,0.0,1.0,0.0,0.0
10,125,2.0109624628649048,0.2100966812720608,0.0,0.0,0.0,1.0,0.0,0.0
11,125,6.342585446968495,8.30646512972937,0.0,0.0,0.0,0.0,0.0,1.0
12,125,1.0810891936484597,6.353169834802755,1.0,1.0,1.0,1.0,0.0,1.0
13,125,12.0,6.480888207777784,1.0,1.0,1.0,0.0,1.0,1.0
14,125,5.565066372489688,7.2297319464523,0.0,0.0,1.0,1.0,0.0,1.0
15,125,2.092317787046265,10.175084384569422,0.0,0.0,0.0,0.0,0.0,0.0
16,125,1.7280563117161305,6.988408087065076,1.0,0.0,0.0,0.0,0.0,1.0
17,125,4.4111884508536265,12.0,0.0,0.0,0.0,1.0,0.0,1.0
18,125,0.0,2.9239506894153093,0.0,0.0,0.0,0.0,1.0,1.0
19,125,7.002990194729625,0.2255480960192805,1.0,1.0,0.0,1.0,1.0,1.0
0,130,2.0021130709989308,0.7060136210156623,0.0,0.0,0.0,1.0,1.0,0.0
1,130,7.017047616826638,0.0,1.0,0.0,0.0,0.0,1.0,1.0
2,130,2.449391284945531,4.7534248149939184,0.0,1.0,1.0,0.0,1.0,0.0
3,130,5.473949151347593,12.0,0.0,1.0,1.0,0.0,1.0,0.0
4,130,9.758336615134535,10.89497149834597,0.0,0.0,0.0,1.0,0.0,1.0
5,130,7.728807155990727,2.555065470492309,0.0,1.0,0.0,0.0,0.0,0.0
6,130,9.308330319157172,9.244409326372448,1.0,0.0,0.0,0.0,0.0,0.0
7,130,2.117689402940317,8.49717257745017,0.0,0.0,1.0,1.0,1.0,0.0
8,130,9.616240227663289,6.290149751210853,0.0,0.0,1.0,0.0,0.0,0.0
9,130,2.1384728157245565,8.058874589832923,0.0,1.0,0.0,1.0,0.0,0.0
10,130,2.02155975154877,0.2021420125107826,0.0,0.0,0.0,1.0,0.0,0.0
11,130,6.374664403483594,8.26826781923996,0.0,0.0,0.0,0.0,0.0,1.0
12,130,1.1458612094114455,6.321799844512936,1.0,1.0,1.0,1.0,0.0,1.0
13,130,12.0,6.540790152393698,1.0,1.0,1.0,0.0,1.0,1.0
14,130,5.544382592163824,7.143017898170491,0.0,0.0,1.0,1.0,0.0,1.0
15,130,2.101466372925863,10.189300574484486,0.0,0.0,0.0,0.0,0.0,0.0
16,130,1.7412761138330974,6.985980858639489,1.0,0.0,0.0,0.0,0.0,1.0
17,130,4.32439150890105,12.0,0.0,0.0,0.0,1.0,0.0,1.0
18,130,0.0,2.8804368771246214,0.0,0.0,0.0,0.0,1.0,1.0
19,130,7.019513929108231,0.2907891639161967,1.0,1.0,0.0,1.0,1.0,1.0
0,135,2.0561921148741584,0.737513643497498,0.0,0.0,0.0,1.0,1.0,0.0
1,135,7.090316405281331,0.0,1.0,0.0,0.0,0.0,1.0,1.0
2,135,2.3829706773835246,4.791687590847587,0.0,1.0,1.0,0.0,1.0,0.0
3,135,5.452386785597358,12.0,0.0,1.0,1.0,0.0,1.0,0.0
4,135,9.78150569152764,10.913156180759977,0.0,0.0,0.0,1.0,0.0,1.0
5,135,7.73076180348425,2.555950286877849,0.0,1.0,0.0,0.0,0.0,0.0
6,135,9.371145209071983,9.394906955533052,1.0,0.0,0.0,0.0,0.0,0.0
7,135,2.121737320380312,8.398715815280884,0.0,0.0,1.0,1.0,1.0,0.0
8,135,9.556213082654365,6.270167177923219,0.0,0.0,1.0,0.0,0.0,0.0
9,135,2.1366638758784977,8.072729226843542,0.0,1.0,0.0,1.0,0.0,0.0
10,135,2.033916941916249,0.1924109825264742,0.0,0.0,0.0,1.0,0.0,0.0
11,135,6.418514003958327,8.21580882436692,0.0,0.0,0.0,0.0,0.0,1.0
12,135,1.2016958303015652,6.294338293148095,1.0,1.0,1.0,1.0,0.0,1.0
13,135,12.0,6.605167663393477,1.0,1.0,1.0,0.0,1.0,1.0
14,135,5.5252263197362845,7.069184713199019,0.0,0.0,1.0,1.0,0.0,1.0
15,135,2.1119317738240397,10.205754993913764,0.0,0.0,0.0,0.0,0.0,0.0
16,135,1.7666588930813325,6.980453804440797,1.0,0.0,0.0,0.0,0.0,1.0
17,135,4.238080953359568,12.0,0.0,0.0,0.0,1.0,0.0,1.0
18,135,0.0,2.839236063526556,0.0,0.0,0.0,0.0,1.0,1.0
19,135,7.037845132544147,0.3643563727375939,1.0,1.0,0.0,1.0,1.0,1.0
0,140,2.0935930527070385,0.7584045452482805,0.0,0.0,0.0,1.0,1.0,0.0
1,140,7.16839507953754,0.0,1.0,0.0,0.0,0.0,1.0,1.0
2,140,2.322427251640664,4.827488768774789,0.0,1.0,1.0,0.0,1.0,0.0
3,140,5.429120734562229,12.0,0.0,1.0,1.0,0.0,1.0,0.0
4,140,9.819900543087767,10.94204494516191,0.0,0.0,0.0,1.0,0.0,1.0
5,140,7.732866091268026,2.556915445813688,0.0,1.0,0.0,0.0,0.0,0.0
6,140,9.422805181039168,9.52332363658905,1.0,0.0,0.0,0.0,0.0,0.0
7,140,2.1253499163155203,8.291256883632412,0.0,0.0,1.0,1.0,1.0,0.0
8,140,9.506733143998929,6.253412584111518,0.0,0.0,1.0,0.0,0.0,0.0
9,140,2.131837986699909,8.10025357494847,0.0,1.0,0.0,1.0,0.0,0.0
10,140,2.0546356765306,0.176604167681065,0.0,0.0,0.0,1.0,0.0,0.0
11,140,6.457902880782922,8.167360763973749,0.0,0.0,0.0,0.0,0.0,1.0
12,140,1.2709874232186809,6.258333182259556,1.0,1.0,1.0,1.0,0.0,1.0
13,140,12.0,6.677518157285642,1.0,1.0,1.0,0.0,1.0,1.0
14,140,5.504887310832041,6.992335696667824,0.0,0.0,1.0,1.0,0.0,1.0
15,140,2.1302108878608887,10.233050081102766,0.0,0.0,0.0,0.0,0.0,0.0
16,140,1.7450595847681358,6.985357609664454,1.0,0.0,0.0,0.0,0.0,1.0
17,140,4.142068297298696,12.0,0.0,0.0,0.0,1.0,0.0,1.0
18,140,0.0,2.811816290242581,0.0,0.0,0.0,0.0,1.0,1.0
19,140,7.0530452107143145,0.4267845774722533,1.0,1.0,0.0,1.0,1.0,1.0
0,145,2.11892865768934,0.7724013244232452,0.0,0.0,0.0,1.0,1.0,0.0
1,145,7.257850824995586,0.0,1.0,0.0,0.0,0.0,1.0,1.0
2,145,2.25451912290377,4.866930025816236,0.0,1.0,1.0,0.0,1.0,0.0
3,145,5.408102783620025,12.0,0.0,1.0,1.0,0.0,1.0,0.0
4,145,9.8505208856188,10.965467566518235,0.0,0.0,0.0,1.0,0.0,1.0
5,145,7.755898695842442,2.5669011486917563,0.0,1.0,0.0,0.0,0.0,0.0
6,145,9.476279969705228,9.648498299249924,1.0,0.0,0.0,0.0,0.0,0.0
7,145,2.130237953401445,8.167191477991118,0.0,0.0,1.0,1.0,1.0,0.0
8,145,9.434905125379847,6.229690739852906,0.0,0.0,1.0,0.0,0.0,0.0
9,145,2.1279848345055123,8.123414545680195,0.0,1.0,0.0,1.0,0.0,0.0
10,145,2.051575475538163,0.1789447481344818,0.0,0.0,0.0,1.0,0.0,0.0
11,145,6.502026619778841,8.115574505874214,0.0,0.0,0.0,0.0,0.0,1.0
12,145,1.3471204262142669,6.21777063270431,1.0,1.0,1.0,1.0,0.0,1.0
13,145,12.0,6.759728937738764,1.0,1.0,1.0,0.0,1.0,1.0
14,145,5.479151853577411,6.894975382335983,0.0,0.0,1.0,1.0,0.0,1.0
15,145,2.1479136188889285,10.259071197838368,0.0,0.0,0.0,0.0,0.0,0.0
16,145,1.7138367108222317,6.991892943516211,1.0,0.0,0.0,0.0,0.0,1.0
17,145,4.043899454031131,12.0,0.0,0.0,0.0,1.0,0.0,1.0
18,145,0.0,2.7985337600457734,0.0,0.0,0.0,0.0,1.0,1.0
19,145,7.063944475256813,0.4719226817707337,1.0,1.0,0.0,1.0,1.0,1.0
0,150,2.1427715139236576,0.7856915336526833,0.0,0.0,0.0,1.0,1.0,0.0
1,150,7.339336933437056,0.0,1.0,0.0,0.0,0.0,1.0,1.0
2,150,2.18525944978492,4.906752983826382,0.0,1.0,1.0,0.0,1.0,0.0
3,150,5.383053350766687,12.0,0.0,1.0,1.0,0.0,1.0,0.0
4,150,9.8861883005938,10.99377944500254,0.0,0.0,0.0,1.0,0.0,1.0
5,150,7.768992580179649,2.5725028817491875,0.0,1.0,0.0,0.0,0.0,0.0
6,150,9.527015976462993,9.776309897058312,1.0,0.0,0.0,0.0,0.0,0.0
7,150,2.1359788773362025,8.061165507404551,0.0,0.0,1.0,1.0,1.0,0.0
8,150,9.379898002508938,6.209503195660948,0.0,0.0,1.0,0.0,0.0,0.0
9,150,2.124050847539258,8.151807075312611,0.0,1.0,0.0,1.0,0.0,0.0
10,150,2.0494283661421173,0.1805756627634467,0.0,0.0,0.0,1.0,0.0,0.0
11,150,6.546981525185143,8.063110730593316,0.0,0.0,0.0,0.0,0.0,1.0
12,150,1.424193626536895,6.177982751920233,1.0,1.0,1.0,1.0,0.0,1.0
13,150,12.0,6.832451156085449,1.0,1.0,1.0,0.0,1.0,1.0
14,150,5.45237286432049,6.791700189742995,0.0,0.0,1.0,1.0,0.0,1.0
15,150,2.161120361279925,10.278150070084187,0.0,0.0,0.0,0.0,0.0,0.0
16,150,1.6905963196417528,6.997492946090005,1.0,0.0,0.0,0.0,0.0,1.0
17,150,3.929325305213608,12.0,0.0,0.0,0.0,1.0,0.0,1.0
18,150,0.002100953738817,2.800129283509065,0.0,0.0,0.0,0.0,1.0,1.0
19,150,7.073406643737238,0.51162078939375,1.0,1.0,0.0,1.0,1.0,1.0
0,155,2.146474584540019,0.7877882907907128,0.0,0.0,0.0,1.0,1.0,0.0
1,155,7.439203115389737,0.0,1.0,0.0,0.0,0.0,1.0,1.0
2,155,2.138790312525643,4.935179241058835,0.0,1.0,1.0,0.0,1.0,0.0
3,155,5.350282793347552,12.0,0.0,1.0,1.0,0.0,1.0,0.0
4,155,9.917760962066376,11.01924604133116,0.0,0.0,0.0,1.0,0.0,1.0
5,155,7.794778103185289,2.583810794763856,0.0,1.0,0.0,0.0,0.0,0.0
6,155,9.580831311911655,9.91269445477143,1.0,0.0,0.0,0.0,0.0,0.0
7,155,2.1402390879549924,7.969750880320147,0.0,0.0,1.0,1.0,1.0,0.0
8,155,9.326202140434026,6.1908668233619375,0.0,0.0,1.0,0.0,0.0,0.0
9,155,2.117488291424501,8.200687935497223,0.0,1.0,0.0,1.0,0.0,0.0
10,155,2.0287699630172127,0.196584361966806,0.0,0.0,0.0,1.0,0.0,0.0
11,155,6.590243513098034,8.013424709861349,0.0,0.0,0.0,0.0,0.0,1.0
12,155,1.4842118594574447,6.146987251261733,1.0,1.0,1.0,1.0,0.0,1.0
13,155,12.0,6.911406884413161,1.0,1.0,1.0,0.0,1.0,1.0
14,155,5.422536787962584,6.674911754455065,0.0,0.0,1.0,1.0,0.0,1.0
15,155,2.172448062543605,10.293953093014103,0.0,0.0,0.0,0.0,0.0,0.0
16,155,1.6801281986664185,6.9999817644304105,1.0,0.0,0.0,0.0,0.0,1.0
17,155,3.8081401309207497,12.0,0.0,0.0,0.0,1.0,0.0,1.0
18,155,0.0063822823470389,2.803514393020834,0.0,0.0,0.0,0.0,1.0,1.0
19,155,7.08381266230793,0.5537976841650107,1.0,1.0,0.0,1.0,1.0,1.0
0,160,2.151137922557485,0.7903617970985273,0.0,0.0,0.0,1.0,1.0,0.0
1,160,7.531025403329182,0.0,1.0,0.0,0.0,0.0,1.0,1.0
2,160,2.090109919892852,4.965041620563342,0.0,1.0,1.0,0.0,1.0,0.0
3,160,5.311536965550628,12.0,0.0,1.0,1.0,0.0,1.0,0.0
4,160,9.953578176882008,11.04765454997579,0.0,0.0,0.0,1.0,0.0,1.0
5,160,7.819445991322734,2.5941895497766767,0.0,1.0,0.0,0.0,0.0,0.0
6,160,9.63455330723452,10.059066407321104,1.0,0.0,0.0,0.0,0.0,0.0
7,160,2.1435889078084798,7.879873721533,0.0,0.0,1.0,1.0,1.0,0.0
8,160,9.26646206773588,6.171157579805831,0.0,0.0,1.0,0.0,0.0,0.0
9,160,2.1102761938193404,8.2581488442242,0.0,1.0,0.0,1.0,0.0,0.0
10,160,2.0186025995298915,0.2049297492790956,0.0,0.0,0.0,1.0,0.0,0.0
11,160,6.645333910738238,7.9524414290282595,0.0,0.0,0.0,0.0,0.0,1.0
12,160,1.5242975302232489,6.125240739618152,1.0,1.0,1.0,1.0,0.0,1.0
13,160,12.0,6.979715750344583,1.0,1.0,1.0,0.0,1.0,1.0
14,160,5.398128793962552,6.573021853392496,0.0,0.0,1.0,1.0,0.0,1.0
15,160,2.1821284137859998,10.30715278063468,0.0,0.0,0.0,0.0,0.0,0.0
16,160,1.6775247145081404,7.000460798454986,1.0,0.0,0.0,0.0,0.0,1.0
17,160,3.680776772476802,12.0,0.0,0.0,0.0,1.0,0.0,1.0
18,160,0.0043754946169526,2.801927074426921,0.0,0.0,0.0,0.0,1.0,1.0
19,160,7.091690787216709,0.5835988731524655,1.0,1.0,0.0,1.0,1.0,1.0
0,165,2.142985509400628,0.7859703939908504,0.0,0.0,0.0,1.0,1.0,0.0
1,165,7.623142393503377,0.0,1.0,0.0,0.0,0.0,1.0,1.0
2,165,2.0406677331766354,4.994862985782738,0.0,1.0,1.0,0.0,1.0,0.0
3,165,5.280040411984349,12.0,0.0,1.0,1.0,0.0,1.0,0.0
4,165,9.983743995239792,11.071566216335755,0.0,0.0,0.0,1.0,0.0,1.0
5,165,7.845053764669568,2.6052467393710246,0.0,1.0,0.0,0.0,0.0,0.0
6,165,9.694801685739762,10.213664576189396,1.0,0.0,0.0,0.0,0.0,0.0
7,165,2.1480690599822707,7.794031989321804,0.0,0.0,1.0,1.0,1.0,0.0
8,165,9.200390705804976,6.150070398793351,0.0,0.0,1.0,0.0,0.0,0.0
9,165,2.1050193637943253,8.308542710173334,0.0,1.0,0.0,1.0,0.0,0.0
10,165,2.002100246163652,0.2185277631448293,0.0,0.0,0.0,1.0,0.0,0.0
11,165,6.709323475591292,7.881171090128211,0.0,0.0,0.0,0.0,0.0,1.0
12,165,1.578232762661474,6.096598623745469,1.0,1.0,1.0,1.0,0.0,1.0
13,165,12.0,7.050284873797445,1.0,1.0,1.0,0.0,1.0,1.0
14,165,5.374400358712522,6.469152958464397,0.0,0.0,1.0,1.0,0.0,1.0
15,165,2.199968523618622,10.330809794977863,0.0,0.0,0.0,0.0,0.0,0.0
16,165,1.668718026908634,7.0020302952791145,1.0,0.0,0.0,0.0,0.0,1.0
17,165,3.5578120882038333,12.0,0.0,0.0,0.0,1.0,0.0,1.0
18,165,0.0,2.7966826424411173,0.0,0.0,0.0,0.0,1.0,1.0
19,165,7.098742757368155,0.6079135194666863,1.0,1.0,0.0,1.0,1.0,1.0
0,170,2.1107218795474822,0.7680701666148568,0.0,0.0,0.0,1.0,1.0,0.0
1,170,7.705157378398455,0.0,1.0,0.0,0.0,0.0,1.0,1.0
2,170,2.016165554619489,5.01017542334665,0.0,1.0,1.0,0.0,1.0,0.0
3,170,5.2567392071880805,12.0,0.0,1.0,1.0,0.0,1.0,0.0
4,170,9.993899660629443,11.079611093964084,0.0,0.0,0.0,1.0,0.0,1.0
5,170,7.864301216195398,2.6143375319378905,0.0,1.0,0.0,0.0,0.0,0.0
6,170,9.75193937902298,10.357209020645357,1.0,0.0,0.0,0.0,0.0,0.0
7,170,2.151834336542559,7.736447031304867,0.0,0.0,1.0,1.0,1.0,0.0
8,170,9.125283122664095,6.128389134459404,0.0,0.0,1.0,0.0,0.0,0.0
9,170,2.100188010683845,8.378624528438468,0.0,1.0,0.0,1.0,0.0,0.0
10,170,1.9756799694349911,0.239689814354265,0.0,0.0,0.0,1.0,0.0,0.0
11,170,6.7837137736514,7.79791849090975,0.0,0.0,0.0,0.0,0.0,1.0
12,170,1.6445683749718565,6.062156996954372,1.0,1.0,1.0,1.0,0.0,1.0
13,170,12.0,7.120081698492286,1.0,1.0,1.0,0.0,1.0,1.0
14,170,5.349838813471033,6.335235142908128,0.0,0.0,1.0,1.0,0.0,1.0
15,170,2.2082912427714727,10.341466798383005,0.0,0.0,0.0,0.0,0.0,0.0
16,170,1.675143378905202,7.000898912108952,1.0,0.0,0.0,0.0,0.0,1.0
17,170,3.4457548805148037,12.0,0.0,0.0,0.0,1.0,0.0,1.0
18,170,0.0,2.7930093964423657,0.0,0.0,0.0,0.0,1.0,1.0
19,170,7.105990360661147,0.6354447168727649,1.0,1.0,0.0,1.0,1.0,1.0
0,175,2.066442438351982,0.7444629886703937,0.0,0.0,0.0,1.0,1.0,0.0
1,175,7.793540323182761,0.0,1.0,0.0,0.0,0.0,1.0,1.0
2,175,2.008797689114921,5.014962123251207,0.0,1.0,1.0,0.0,1.0,0.0
3,175,5.230244702015454,12.0,0.0,1.0,1.0,0.0,1.0,0.0
4,175,10.002390439170004,11.086184429790354,0.0,0.0,0.0,1.0,0.0,1.0
5,175,7.879464470588118,2.6215616276748674,0.0,1.0,0.0,0.0,0.0,0.0
6,175,9.812521317301762,10.498898547398715,1.0,0.0,0.0,0.0,0.0,0.0
7,175,2.1577059473991835,7.661235889203613,0.0,0.0,1.0,1.0,1.0,0.0
8,175,9.03973147178588,6.103905362145172,0.0,0.0,1.0,0.0,0.0,0.0
9,175,2.0950676971714066,8.445135009041255,0.0,1.0,0.0,1.0,0.0,0.0
10,175,1.961041185567812,0.251329281832073,0.0,0.0,0.0,1.0,0.0,0.0
11,175,6.852787838705334,7.716328867918111,0.0,0.0,0.0,0.0,0.0,1.0
12,175,1.713103160827631,6.027125742283582,1.0,1.0,1.0,1.0,0.0,1.0
13,175,12.0,7.198468452270684,1.0,1.0,1.0,0.0,1.0,1.0
14,175,5.327616200967075,6.20199455494646,0.0,0.0,1.0,1.0,0.0,1.0
15,175,2.2117760874322565,10.346027659990302,0.0,0.0,0.0,0.0,0.0,0.0
16,175,1.6710245943730149,7.001610517524054,1.0,0.0,0.0,0.0,0.0,1.0
17,175,3.3240502998430554,12.0,0.0,0.0,0.0,1.0,0.0,1.0
18,175,0.0,2.7779496080086745,0.0,0.0,0.0,0.0,1.0,1.0
19,175,7.10479680011901,0.6308531889824944,1.0,1.0,0.0,1.0,1.0,1.0
0,180,2.025319238322709,0.7219105057456606,0.0,0.0,0.0,1.0,1.0,0.0
1,180,7.902500661928231,0.0,1.0,0.0,0.0,0.0,1.0,1.0
2,180,2.0182593919307865,5.008724709090903,0.0,1.0,1.0,0.0,1.0,0.0
3,180,5.197669656254,12.0,0.0,1.0,1.0,0.0,1.0,0.0
4,180,10.01463278274118,11.095705964091527,0.0,0.0,0.0,1.0,0.0,1.0
5,180,7.9026463879250946,2.6323877739973107,0.0,1.0,0.0,0.0,0.0,0.0
6,180,9.871278009284117,10.63891871012054,1.0,0.0,0.0,0.0,0.0,0.0
7,180,2.164304302715837,7.589449849311803,0.0,0.0,1.0,1.0,1.0,0.0
8,180,8.960354364071863,6.080213593446891,0.0,0.0,1.0,0.0,0.0,0.0
9,180,2.08806198571706,8.521031810994584,0.0,1.0,0.0,1.0,0.0,0.0
10,180,1.9468037661812396,0.2627182285521546,0.0,0.0,0.0,1.0,0.0,0.0
11,180,6.939556952464176,7.611694027150807,0.0,0.0,0.0,0.0,0.0,1.0
12,180,1.814038148972828,5.974653535053768,1.0,1.0,1.0,1.0,0.0,1.0
13,180,12.0,7.285343810420249,1.0,1.0,1.0,0.0,1.0,1.0
14,180,5.306881503704024,6.080348087708249,0.0,0.0,1.0,1.0,0.0,1.0
15,180,2.2265681376457014,10.365478779732388,0.0,0.0,0.0,0.0,0.0,0.0
16,180,1.6516340623234245,7.0053129750816,1.0,0.0,0.0,0.0,0.0,1.0
17,180,3.1986554289435563,12.0,0.0,0.0,0.0,1.0,0.0,1.0
18,180,0.0,2.752223131319562,0.0,0.0,0.0,0.0,1.0,1.0
19,180,7.108294685793421,0.6441334435647084,1.0,1.0,0.0,1.0,1.0,1.0
0,185,1.983358732937039,0.7000308493876074,0.0,0.0,0.0,1.0,1.0,0.0
1,185,8.00928064341422,0.0,1.0,0.0,0.0,0.0,1.0,1.0
2,185,2.013287671302601,5.01186968189084,0.0,1.0,1.0,0.0,1.0,0.0
3,185,5.155772529248846,12.0,0.0,1.0,1.0,0.0,1.0,0.0
4,185,10.01109583564224,11.093035756648248,0.0,0.0,0.0,1.0,0.0,1.0
5,185,7.929176298951176,2.6439521799673127,0.0,1.0,0.0,0.0,0.0,0.0
6,185,9.924394479265452,10.771411817532483,1.0,0.0,0.0,0.0,0.0,0.0
7,185,2.168565951950615,7.534634526589459,0.0,0.0,1.0,1.0,1.0,0.0
8,185,8.865460021597505,6.052804719901438,0.0,0.0,1.0,0.0,0.0,0.0
9,185,2.0798948772759336,8.595554825052728,0.0,1.0,0.0,1.0,0.0,0.0
10,185,1.9399330509123331,0.2683902270975969,0.0,0.0,0.0,1.0,0.0,0.0
11,185,7.026437230943683,7.507521668512821,0.0,0.0,0.0,0.0,0.0,1.0
12,185,1.915648845785132,5.920382369176355,1.0,1.0,1.0,1.0,0.0,1.0
13,185,12.0,7.371099043954965,1.0,1.0,1.0,0.0,1.0,1.0
14,185,5.285830649687999,5.9605043893570855,0.0,0.0,1.0,1.0,0.0,1.0
15,185,2.234320873514365,10.37523623861705,0.0,0.0,0.0,0.0,0.0,0.0
16,185,1.6078874018145182,7.013370897576341,1.0,0.0,0.0,0.0,0.0,1.0
17,185,3.070517200155308,12.0,0.0,0.0,0.0,1.0,0.0,1.0
18,185,0.0,2.7331294819790286,0.0,0.0,0.0,0.0,1.0,1.0
19,185,7.110716401282407,0.6540621327048547,1.0,1.0,0.0,1.0,1.0,1.0
0,190,1.9618674400202152,0.6891850352330212,0.0,0.0,0.0,1.0,1.0,0.0
1,190,8.128844769507282,0.0,1.0,0.0,0.0,0.0,1.0,1.0
2,190,2.0204674904387656,5.007136114566511,0.0,1.0,1.0,0.0,1.0,0.0
3,190,5.117018615536582,12.0,0.0,1.0,1.0,0.0,1.0,0.0
4,190,10.005979233367189,11.089250488483058,0.0,0.0,0.0,1.0,0.0,1.0
5,190,7.957169169465716,2.656354386766882,0.0,1.0,0.0,0.0,0.0,0.0
6,190,9.98433012669904,10.910308484174088,1.0,0.0,0.0,0.0,0.0,0.0
7,190,2.1737328784645324,7.48721696846257,0.0,0.0,1.0,1.0,1.0,0.0
8,190,8.791857297854389,6.033567214897034,0.0,0.0,1.0,0.0,0.0,0.0
9,190,2.071904031503104,8.650808521679116,0.0,1.0,0.0,1.0,0.0,0.0
10,190,1.913377472457138,0.2889754788071854,0.0,0.0,0.0,1.0,0.0,0.0
11,190,7.10889421845121,7.406496354432216,0.0,0.0,0.0,0.0,0.0,1.0
12,190,2.0128793039995205,5.868506657562688,1.0,1.0,1.0,1.0,0.0,1.0
13,190,12.0,7.462110256352725,1.0,1.0,1.0,0.0,1.0,1.0
14,190,5.265307545287832,5.858014546120232,0.0,0.0,1.0,1.0,0.0,1.0
15,190,2.2367624525567726,10.37860486543197,0.0,0.0,0.0,0.0,0.0,0.0
16,190,1.5767910779019878,7.018746562143436,1.0,0.0,0.0,0.0,0.0,1.0
17,190,2.9460069531365938,12.0,0.0,0.0,0.0,1.0,0.0,1.0
18,190,0.0,2.725448282096678,0.0,0.0,0.0,0.0,1.0,1.0
19,190,7.112012585026005,0.6590820890876985,1.0,1.0,0.0,1.0,1.0,1.0
0,195,1.92619194748581,0.670044805274886,0.0,0.0,0.0,1.0,1.0,0.0
1,195,8.240323693828046,0.0,1.0,0.0,0.0,0.0,1.0,1.0
2,195,2.0417583283320084,4.994176914755499,0.0,1.0,1.0,0.0,1.0,0.0
3,195,5.080558264787952,12.0,0.0,1.0,1.0,0.0,1.0,0.0
4,195,10.021227468345549,11.100901060613246,0.0,0.0,0.0,1.0,0.0,1.0
5,195,7.973732868962366,2.6632912445930343,0.0,1.0,0.0,0.0,0.0,0.0
6,195,10.035778518485476,11.027732689809504,1.0,0.0,0.0,0.0,0.0,0.0
7,195,2.1803827214967617,7.418363239357045,0.0,0.0,1.0,1.0,1.0,0.0
8,195,8.721987894575719,6.015827242162162,0.0,0.0,1.0,0.0,0.0,0.0
9,195,2.0649818756550906,8.692622797621118,0.0,1.0,0.0,1.0,0.0,0.0
10,195,1.8924525265355256,0.3065223546770894,0.0,0.0,0.0,1.0,0.0,0.0
11,195,7.1869223684647885,7.308659380364559,0.0,0.0,0.0,0.0,0.0,1.0
12,195,2.1011864493083183,5.819844523766108,1.0,1.0,1.0,1.0,0.0,1.0
13,195,12.0,7.549190828646889,1.0,1.0,1.0,0.0,1.0,1.0
14,195,5.245505547948093,5.746468185729508,0.0,0.0,1.0,1.0,0.0,1.0
15,195,2.2444625518273544,10.388986562782804,0.0,0.0,0.0,0.0,0.0,0.0
16,195,1.5373316881069534,7.0246824597646444,1.0,0.0,0.0,0.0,0.0,1.0
17,195,2.834028887749003,12.0,0.0,0.0,0.0,1.0,0.0,1.0
18,195,0.0,2.7150000260235285,0.0,0.0,0.0,0.0,1.0,1.0
19,195,7.115247553203764,0.6711240199477514,1.0,1.0,0.0,1.0,1.0,1.0
0,200,1.9055441041050063,0.6588788268808651,0.0,0.0,0.0,1.0,1.0,0.0
1,200,8.346390670320618,0.0,1.0,0.0,0.0,0.0,1.0,1.0
2,200,2.055293585443394,4.985920065901643,0.0,1.0,1.0,0.0,1.0,0.0
3,200,5.065527524678417,12.0,0.0,1.0,1.0,0.0,1.0,0.0
4,200,10.059382405128428,11.129911488454448,0.0,0.0,0.0,1.0,0.0,1.0
5,200,8.01778608374548,2.6821957215323406,0.0,1.0,0.0,0.0,0.0,0.0
6,200,10.077568617831258,11.121659135395552,1.0,0.0,0.0,0.0,0.0,0.0
7,200,2.1897291986109138,7.323752893467027,0.0,0.0,1.0,1.0,1.0,0.0
8,200,8.658997010361594,5.998876660622787,0.0,0.0,1.0,0.0,0.0,0.0
9,200,2.061922287836192,8.71351668900414,0.0,1.0,0.0,1.0,0.0,0.0
10,200,1.873288787678512,0.3225539817043075,0.0,0.0,0.0,1.0,0.0,0.0
11,200,7.259470475654748,7.222996003212483,0.0,0.0,0.0,0.0,0.0,1.0
12,200,2.19441778746443,5.770109029670596,1.0,1.0,1.0,1.0,0.0,1.0
13,200,12.0,7.638358692668405,1.0,1.0,1.0,0.0,1.0,1.0
14,200,5.223173808311764,5.613402136299061,0.0,0.0,1.0,1.0,0.0,1.0
15,200,2.2508870728162544,10.39790416905726,0.0,0.0,0.0,0.0,0.0,0.0
16,200,1.5094404521903118,7.027828197393682,1.0,0.0,0.0,0.0,0.0,1.0
17,200,2.7321377519548533,12.0,0.0,0.0,0.0,1.0,0.0,1.0
18,200,0.0011735314954635,2.715897445204309,0.0,0.0,0.0,0.0,1.0,1.0
19,200,7.119907665449817,0.6894052010278688,1.0,1.0,0.0,1.0,1.0,1.0
0,205,1.885112516247398,0.6482396374765357,0.0,0.0,0.0,1.0,1.0,0.0
1,205,8.458042214725424,0.0,1.0,0.0,0.0,0.0,1.0,1.0
2,205,2.0634070564480385,4.980986366133868,0.0,1.0,1.0,0.0,1.0,0.0
3,205,5.049325258364207,12.0,0.0,1.0,1.0,0.0,1.0,0.0
4,205,10.0939614231948,11.155710480157063,0.0,0.0,0.0,1.0,0.0,1.0
5,205,8.071773600929316,2.7053053288748643,0.0,1.0,0.0,0.0,0.0,0.0
6,205,10.113771835487157,11.206676759062429,1.0,0.0,0.0,0.0,0.0,0.0
7,205,2.198611298301054,7.218904637139434,0.0,0.0,1.0,1.0,1.0,0.0
8,205,8.612164355484868,5.985734561611516,0.0,0.0,1.0,0.0,0.0,0.0
9,205,2.059671280959805,8.730806170636313,0.0,1.0,0.0,1.0,0.0,0.0
10,205,1.8507450274749009,0.3402511081310558,0.0,0.0,0.0,1.0,0.0,0.0
11,205,7.337142546566038,7.1322545720659525,0.0,0.0,0.0,0.0,0.0,1.0
12,205,2.284537945466773,5.723669244432033,1.0,1.0,1.0,1.0,0.0,1.0
13,205,12.0,7.739830876627574,1.0,1.0,1.0,0.0,1.0,1.0
14,205,5.2022223935676974,5.478792200863898,0.0,0.0,1.0,1.0,0.0,1.0
15,205,2.254901364644191,10.40357358816543,0.0,0.0,0.0,0.0,0.0,0.0
16,205,1.5066095141923228,7.004656542193751,1.0,0.0,0.0,0.0,0.0,1.0
17,205,2.63637025361433,12.0,0.0,0.0,0.0,1.0,0.0,1.0
18,205,0.0231898856876692,2.7321222953530366,0.0,0.0,0.0,0.0,1.0,1.0
19,205,7.122662534184792,0.700074570669469,1.0,1.0,0.0,1.0,1.0,1.0
0,210,1.8688949844487217,0.6398343731489107,0.0,0.0,0.0,1.0,1.0,0.0
1,210,8.55613606896987,0.0,1.0,0.0,0.0,0.0,1.0,1.0
2,210,2.0802474961940423,4.97041625812121,0.0,1.0,1.0,0.0,1.0,0.0
3,210,5.049829286434854,11.999759028942034,0.0,1.0,1.0,0.0,1.0,0.0
4,210,10.119099065477718,11.174141898705583,0.0,0.0,0.0,1.0,0.0,1.0
5,210,8.091514719063662,2.7134609599132307,0.0,1.0,0.0,0.0,0.0,0.0
6,210,10.14892116108949,11.28554526095438,1.0,0.0,0.0,0.0,0.0,0.0
7,210,2.207076032177264,7.119204990654419,0.0,0.0,1.0,1.0,1.0,0.0
8,210,8.578025060637042,5.977380726752937,0.0,0.0,1.0,0.0,0.0,0.0
9,210,2.05927418104689,8.734184314479684,0.0,1.0,0.0,1.0,0.0,0.0
10,210,1.8226153414545327,0.3619906774554708,0.0,0.0,0.0,1.0,0.0,0.0
11,210,7.432926148172105,7.027486188733056,0.0,0.0,0.0,0.0,0.0,1.0
12,210,2.378923044468056,5.6754625141708095,1.0,1.0,1.0,1.0,0.0,1.0
13,210,12.0,7.835805845043214,1.0,1.0,1.0,0.0,1.0,1.0
14,210,5.178904724930722,5.352048726749221,0.0,0.0,1.0,1.0,0.0,1.0
15,210,2.252555651112617,10.400386154071455,0.0,0.0,0.0,0.0,0.0,0.0
16,210,1.4979405979319829,6.959260032500783,1.0,0.0,0.0,0.0,0.0,1.0
17,210,2.531439673057029,12.0,0.0,0.0,0.0,1.0,0.0,1.0
18,210,0.0385080576035157,2.7428366053028777,0.0,0.0,0.0,0.0,1.0,1.0
19,210,7.123437379474875,0.7035100938324222,1.0,1.0,0.0,1.0,1.0,1.0
0,215,1.8484403935947948,0.6293048913486374,0.0,0.0,0.0,1.0,1.0,0.0
1,215,8.660043356125078,0.0,1.0,0.0,0.0,0.0,1.0,1.0
2,215,2.109305729183023,4.95317505375271,0.0,1.0,1.0,0.0,1.0,0.0
3,215,5.049956214843018,11.999694724562964,0.0,1.0,1.0,0.0,1.0,0.0
4,215,10.13807974677638,11.188027024483567,0.0,0.0,0.0,1.0,0.0,1.0
5,215,8.100023322752639,2.716890682122472,0.0,1.0,0.0,0.0,0.0,0.0
6,215,10.188694565166111,11.37838268856083,1.0,0.0,0.0,0.0,0.0,0.0
7,215,2.214952813625878,7.037948846213358,0.0,0.0,1.0,1.0,1.0,0.0
8,215,8.561861208947887,5.973367901912301,0.0,0.0,1.0,0.0,0.0,0.0
9,215,2.060285621526433,8.72510058810577,0.0,1.0,0.0,1.0,0.0,0.0
10,215,1.8143111730092825,0.3682438477427425,0.0,0.0,0.0,1.0,0.0,0.0
11,215,7.521979953689281,6.929902784195079,0.0,0.0,0.0,0.0,0.0,1.0
12,215,2.494649275033217,5.61986974933608,1.0,1.0,1.0,1.0,0.0,1.0
13,215,12.0,7.922709815363473,1.0,1.0,1.0,0.0,1.0,1.0
14,215,5.154883916696612,5.216547393887293,0.0,0.0,1.0,1.0,0.0,1.0
15,215,2.250385023187809,10.397347232791974,0.0,0.0,0.0,0.0,0.0,0.0
16,215,1.4876382440977045,6.906892744829232,1.0,0.0,0.0,0.0,0.0,1.0
17,215,2.433366914392535,12.0,0.0,0.0,0.0,1.0,0.0,1.0
18,215,0.0511465374491993,2.7520162538188924,0.0,0.0,0.0,0.0,1.0,1.0
19,215,7.126565844626363,0.7179619565745795,1.0,1.0,0.0,1.0,1.0,1.0
0,220,1.8427599273366693,0.6261590226179422,0.0,0.0,0.0,1.0,1.0,0.0
1,220,8.764776236567549,0.0,1.0,0.0,0.0,0.0,1.0,1.0
2,220,2.1197183149386003,4.947079831606395,0.0,1.0,1.0,0.0,1.0,0.0
3,220,5.052723793326702,11.998240226252507,0.0,1.0,1.0,0.0,1.0,0.0
4,220,10.143235038971392,11.191775003272133,0.0,0.0,0.0,1.0,0.0,1.0
5,220,8.112584731889875,2.7219998336635274,0.0,1.0,0.0,0.0,0.0,0.0
6,220,10.227826507329132,11.46937145626266,1.0,0.0,0.0,0.0,0.0,0.0
7,220,2.221618529714372,6.962724371026145,0.0,0.0,1.0,1.0,1.0,0.0
8,220,8.52779001666812,5.966042258369701,0.0,0.0,1.0,0.0,0.0,0.0
9,220,2.060619461012217,8.721483816974379,0.0,1.0,0.0,1.0,0.0,0.0
10,220,1.820154899125428,0.3638688784328411,0.0,0.0,0.0,1.0,0.0,0.0
11,220,7.60924845795744,6.832004091650893,0.0,0.0,0.0,0.0,0.0,1.0
12,220,2.585265023061608,5.578927175026611,1.0,1.0,1.0,1.0,0.0,1.0
13,220,12.0,8.018458828548697,1.0,1.0,1.0,0.0,1.0,1.0
14,220,5.138447859522338,5.0891181740183695,0.0,0.0,1.0,1.0,0.0,1.0
15,220,2.250448048167042,10.397433070483771,0.0,0.0,0.0,0.0,0.0,0.0
16,220,1.4768593623288804,6.8447008454450815,1.0,0.0,0.0,0.0,0.0,1.0
17,220,2.3348633773829173,12.0,0.0,0.0,0.0,1.0,0.0,1.0
18,220,0.0653257384143815,2.7621563598153105,0.0,0.0,0.0,0.0,1.0,1.0
19,220,7.125311754712878,0.7123742660843742,1.0,1.0,0.0,1.0,1.0,1.0
0,225,1.849017073580833,0.6295803778804645,0.0,0.0,0.0,1.0,1.0,0.0
1,225,8.851432601288508,0.0,1.0,0.0,0.0,0.0,1.0,1.0
2,225,2.1318146070351296,4.939551518684893,0.0,1.0,1.0,0.0,1.0,0.0
3,225,5.052051053215125,11.998590950199134,0.0,1.0,1.0,0.0,1.0,0.0
4,225,10.159119391347094,11.203859177150198,0.0,0.0,0.0,1.0,0.0,1.0
5,225,8.11759523142809,2.723976635220809,0.0,1.0,0.0,0.0,0.0,0.0
6,225,10.26718306374333,11.55902564107086,1.0,0.0,0.0,0.0,0.0,0.0
7,225,2.227232120011972,6.884508635331635,0.0,0.0,1.0,1.0,1.0,0.0
8,225,8.478860974441725,5.954590729466842,0.0,0.0,1.0,0.0,0.0,0.0
9,225,2.0613092488602334,8.71206838291636,0.0,1.0,0.0,1.0,0.0,0.0
10,225,1.8247558815351252,0.3605560487417025,0.0,0.0,0.0,1.0,0.0,0.0
11,225,7.701297805189616,6.72279252029145,0.0,0.0,0.0,0.0,0.0,1.0
12,225,2.673581116557674,5.54186270042494,1.0,1.0,1.0,1.0,0.0,1.0
13,225,12.0,8.118122121641491,1.0,1.0,1.0,0.0,1.0,1.0
14,225,5.124393618764739,4.960227452670502,0.0,0.0,1.0,1.0,0.0,1.0
15,225,2.25544458778527,10.404173761851508,0.0,0.0,0.0,0.0,0.0,0.0
16,225,1.464101598701385,6.775640800117815,1.0,0.0,0.0,0.0,0.0,1.0
17,225,2.2323976655761166,12.0,0.0,0.0,0.0,1.0,0.0,1.0
18,225,0.0733490678129278,2.767678435298661,0.0,0.0,0.0,0.0,1.0,1.0
19,225,7.126637268896059,0.7186197233528584,1.0,1.0,0.0,1.0,1.0,1.0
0,230,1.8443324659975309,0.6270574286012236,0.0,0.0,0.0,1.0,1.0,0.0
1,230,8.926839977677128,0.0,1.0,0.0,0.0,0.0,1.0,1.0
2,230,2.136597772894344,4.936595998662768,0.0,1.0,1.0,0.0,1.0,0.0
3,230,5.047833449708253,12.0,0.0,1.0,1.0,0.0,1.0,0.0
4,230,10.169717823754976,11.212127492028602,0.0,0.0,0.0,1.0,0.0,1.0
5,230,8.152999411700353,2.737523649600668,0.0,1.0,0.0,0.0,0.0,0.0
6,230,10.308662481992894,11.661313306481391,1.0,0.0,0.0,0.0,0.0,0.0
7,230,2.2355066795430645,6.773581556014703,0.0,0.0,1.0,1.0,1.0,0.0
8,230,8.414878816522094,5.941208660781839,0.0,0.0,1.0,0.0,0.0,0.0
9,230,2.0620442703951456,8.69922725693349,0.0,1.0,0.0,1.0,0.0,0.0
10,230,1.8314150020254047,0.3555389043382897,0.0,0.0,0.0,1.0,0.0,0.0
11,230,7.810360825603433,6.59565918472134,0.0,0.0,0.0,0.0,0.0,1.0
12,230,2.778285895180611,5.50143500135619,1.0,1.0,1.0,1.0,0.0,1.0
13,230,12.0,8.191494697476744,1.0,1.0,1.0,0.0,1.0,1.0
14,230,5.110390255680601,4.8236872344729385,0.0,0.0,1.0,1.0,0.0,1.0
15,230,2.243466896928185,10.3881672529614,0.0,0.0,0.0,0.0,0.0,0.0
16,230,1.3570637277108843,6.797208565208607,1.0,0.0,0.0,0.0,0.0,1.0
17,230,2.1284386111373856,12.0,0.0,0.0,0.0,1.0,0.0,1.0
18,230,0.0861892928333801,2.775922947155855,0.0,0.0,0.0,0.0,1.0,1.0
19,230,7.123617662963298,0.7015922959562954,1.0,1.0,0.0,1.0,1.0,1.0
0,235,1.8498324795093493,0.6299117582096336,0.0,0.0,0.0,1.0,1.0,0.0
1,235,9.01913883552835,0.0,1.0,0.0,0.0,0.0,1.0,1.0
2,235,2.117542658595959,4.948917744349895,0.0,1.0,1.0,0.0,1.0,0.0
3,235,5.05776272457241,11.994213361913284,0.0,1.0,1.0,0.0,1.0,0.0
4,235,10.178607696133618,11.218836947276184,0.0,0.0,0.0,1.0,0.0,1.0
5,235,8.134834615819393,2.786093871074625,0.0,1.0,0.0,0.0,0.0,0.0
6,235,10.359448042028404,11.786176504541238,1.0,0.0,0.0,0.0,0.0,0.0
7,235,2.245013146031729,6.653347202665881,0.0,0.0,1.0,1.0,1.0,0.0
8,235,8.34181147142034,5.925284584889416,0.0,0.0,1.0,0.0,0.0,0.0
9,235,2.0620338305550225,8.699346020860872,0.0,1.0,0.0,1.0,0.0,0.0
10,235,1.8571595299030907,0.3363136618677306,0.0,0.0,0.0,1.0,0.0,0.0
11,235,7.915344473706563,6.478664294708824,0.0,0.0,0.0,0.0,0.0,1.0
12,235,2.882416619738679,5.462185163557112,1.0,1.0,1.0,1.0,0.0,1.0
13,235,12.0,8.27868241523964,1.0,1.0,1.0,0.0,1.0,1.0
14,235,5.097777662003342,4.6907960880981046,0.0,0.0,1.0,1.0,0.0,1.0
15,235,2.23137565589509,10.371297469967253,0.0,0.0,0.0,0.0,0.0,0.0
16,235,1.238010253674422,6.8181507764086815,1.0,0.0,0.0,0.0,0.0,1.0
17,235,2.0144089648811327,12.0,0.0,0.0,0.0,1.0,0.0,1.0
18,235,0.097485734038626,2.783362627504819,0.0,0.0,0.0,0.0,1.0,1.0
19,235,7.119320237824128,0.6789719130175148,1.0,1.0,0.0,1.0,1.0,1.0
0,240,1.83933198105872,0.6243727934698872,0.0,0.0,0.0,1.0,1.0,0.0
1,240,9.106102588726046,0.0,1.0,0.0,0.0,0.0,1.0,1.0
2,240,2.1246056947634826,4.944395737225836,0.0,1.0,1.0,0.0,1.0,0.0
3,240,5.0809620159882,11.980882182426894,0.0,1.0,1.0,0.0,1.0,0.0
4,240,10.194225120845797,11.230734977619836,0.0,0.0,0.0,1.0,0.0,1.0
5,240,8.183817637230781,2.8052084083309805,0.0,1.0,0.0,0.0,0.0,0.0
6,240,10.41143260557292,11.911164221927466,1.0,0.0,0.0,0.0,0.0,0.0
7,240,2.2527560532790827,6.523012426591637,0.0,0.0,1.0,1.0,1.0,0.0
8,240,8.264889868816429,5.908994597383991,0.0,0.0,1.0,0.0,0.0,0.0
9,240,2.0627063203681724,8.692580999247214,0.0,1.0,0.0,1.0,0.0,0.0
10,240,1.8878503298211085,0.3133932680281299,0.0,0.0,0.0,1.0,0.0,0.0
11,240,8.03268468236505,6.350898219435953,0.0,0.0,0.0,0.0,0.0,1.0
12,240,2.9778351377251875,5.425011905223203,1.0,1.0,1.0,1.0,0.0,1.0
13,240,12.0,8.355899434905243,1.0,1.0,1.0,0.0,1.0,1.0
14,240,5.085923548002593,4.560891737235726,0.0,0.0,1.0,1.0,0.0,1.0
15,240,2.2203401134682865,10.355545715233598,0.0,0.0,0.0,0.0,0.0,0.0
16,240,1.1105480784290842,6.840965164569485,1.0,0.0,0.0,0.0,0.0,1.0
17,240,1.9065238287058828,12.0,0.0,0.0,0.0,1.0,0.0,1.0
18,240,0.1076296841627334,2.78998090166794,0.0,0.0,0.0,0.0,1.0,1.0
19,240,7.117488463020727,0.6703135098570527,1.0,1.0,0.0,1.0,1.0,1.0
0,245,1.7969034352922575,0.6029254377804594,0.0,0.0,0.0,1.0,1.0,0.0
1,245,9.210160230996255,0.0,1.0,0.0,0.0,0.0,1.0,1.0
2,245,2.1294989451289768,4.941152941321082,0.0,1.0,1.0,0.0,1.0,0.0
3,245,5.087083459024879,11.991038397878269,0.0,1.0,1.0,0.0,1.0,0.0
4,245,10.232267673039148,11.260500491845589,0.0,0.0,0.0,1.0,0.0,1.0
5,245,8.241341034305734,2.825187674710919,0.0,1.0,0.0,0.0,0.0,0.0
6,245,10.457316691314746,12.0,1.0,0.0,0.0,0.0,0.0,0.0
7,245,2.258533315236077,6.373547046200708,0.0,0.0,1.0,1.0,1.0,0.0
8,245,8.20305208181314,5.8951955105762925,0.0,0.0,1.0,0.0,0.0,0.0
9,245,2.062048983061482,8.698588100875938,0.0,1.0,0.0,1.0,0.0,0.0
10,245,1.900609374196466,0.3039146667791745,0.0,0.0,0.0,1.0,0.0,0.0
11,245,8.136106829310028,6.2415175862817485,0.0,0.0,0.0,0.0,0.0,1.0
12,245,3.0989849596240986,5.377998926628669,1.0,1.0,1.0,1.0,0.0,1.0
13,245,12.0,8.26535901739833,1.0,1.0,1.0,0.0,1.0,1.0
14,245,5.073145349371671,4.43642190918228,0.0,0.0,1.0,1.0,0.0,1.0
15,245,2.203583527758943,10.330398450530843,0.0,0.0,0.0,0.0,0.0,0.0
16,245,0.9731183244362795,6.863310587607996,1.0,0.0,0.0,0.0,0.0,1.0
17,245,1.8035979517467815,12.0,0.0,0.0,0.0,1.0,0.0,1.0
18,245,0.1082308882410923,2.790387838103995,0.0,0.0,0.0,0.0,1.0,1.0
19,245,7.117727559706272,0.6713318532148677,1.0,1.0,0.0,1.0,1.0,1.0
0,250,1.7575113532221278,0.5830732765918245,0.0,0.0,0.0,1.0,1.0,0.0
1,250,9.30256034381252,0.0,1.0,0.0,0.0,0.0,1.0,1.0
2,250,2.1336959576798065,4.938470037439366,0.0,1.0,1.0,0.0,1.0,0.0
3,250,5.099031441375334,12.0,0.0,1.0,1.0,0.0,1.0,0.0
4,250,10.273975373499404,11.29405381881169,0.0,0.0,0.0,1.0,0.0,1.0
5,250,8.307962637798022,2.8483936500296045,0.0,1.0,0.0,0.0,0.0,0.0
6,250,10.507803005696472,12.0,1.0,0.0,0.0,0.0,0.0,0.0
7,250,2.2639918949183597,6.218878233434766,0.0,0.0,1.0,1.0,1.0,0.0
8,250,8.155156203433434,5.884204543583244,0.0,0.0,1.0,0.0,0.0,0.0
9,250,2.059693813538844,8.718861962710074,0.0,1.0,0.0,1.0,0.0,0.0
10,250,1.9124961989973468,0.294646244730331,0.0,0.0,0.0,1.0,0.0,0.0
11,250,8.225286373387469,6.152193638715289,0.0,0.0,0.0,0.0,0.0,1.0
12,250,3.2182513899054994,5.330343013919277,1.0,1.0,1.0,1.0,0.0,1.0
13,250,12.0,8.175329728451606,1.0,1.0,1.0,0.0,1.0,1.0
14,250,5.056091973686725,4.310877452023904,0.0,0.0,1.0,1.0,0.0,1.0
15,250,2.180692970225966,10.29534988348522,0.0,0.0,0.0,0.0,0.0,0.0
16,250,0.8175491058370165,6.887759016308189,1.0,0.0,0.0,0.0,0.0,1.0
17,250,1.7144176274867966,12.0,0.0,0.0,0.0,1.0,0.0,1.0
18,250,0.1038678740074344,2.7876460558541747,0.0,0.0,0.0,0.0,1.0,1.0
19,250,7.11519533028537,0.6618666808948542,1.0,1.0,0.0,1.0,1.0,1.0
0,255,1.7267399553489298,0.5672466254177962,0.0,0.0,0.0,1.0,1.0,0.0
1,255,9.405472488045762,0.0,1.0,0.0,0.0,0.0,1.0,1.0
2,255,2.1497899129584126,4.927759995897684,0.0,1.0,1.0,0.0,1.0,0.0
3,255,5.115562918932209,12.0,0.0,1.0,1.0,0.0,1.0,0.0
4,255,10.315007504917018,11.32767305390162,0.0,0.0,0.0,1.0,0.0,1.0
5,255,8.380541564336262,2.8719272387928214,0.0,1.0,0.0,0.0,0.0,0.0
6,255,10.557876765949468,12.0,1.0,0.0,0.0,0.0,0.0,0.0
7,255,2.265137673073822,6.0585364980649485,0.0,0.0,1.0,1.0,1.0,0.0
8,255,8.169660149061075,5.8258433743216775,0.0,0.0,1.0,0.0,0.0,0.0
9,255,2.056667516494549,8.748658011377673,0.0,1.0,0.0,1.0,0.0,0.0
10,255,1.9035659624311712,0.3011517970704554,0.0,0.0,0.0,1.0,0.0,0.0
11,255,8.320016271789356,6.058044419035475,0.0,0.0,0.0,0.0,0.0,1.0
12,255,3.326673090452105,5.286721093523771,1.0,1.0,1.0,1.0,0.0,1.0
13,255,12.0,8.086941594939555,1.0,1.0,1.0,0.0,1.0,1.0
14,255,5.04003708548586,4.189706777480487,0.0,0.0,1.0,1.0,0.0,1.0
15,255,2.1661338276407096,10.272254267571496,0.0,0.0,0.0,0.0,0.0,0.0
16,255,0.6846308697642607,6.910617094427304,1.0,0.0,0.0,0.0,0.0,1.0
17,255,1.6213128456080006,12.0,0.0,0.0,0.0,1.0,0.0,1.0
18,255,0.0975545441592077,2.783559958694966,0.0,0.0,0.0,0.0,1.0,1.0
19,255,7.115190544588374,0.6618501972002213,1.0,1.0,0.0,1.0,1.0,1.0
0,260,1.7102151090527,0.5592451022284417,0.0,0.0,0.0,1.0,1.0,0.0
1,260,9.524805392367863,0.0,1.0,0.0,0.0,0.0,1.0,1.0
2,260,2.1704262050879466,4.913619241840348,0.0,1.0,1.0,0.0,1.0,0.0
3,260,5.132903460909295,12.0,0.0,1.0,1.0,0.0,1.0,0.0
4,260,10.347821068379773,11.354240717055808,0.0,0.0,0.0,1.0,0.0,1.0
5,260,8.44083143527204,2.8920557367459323,0.0,1.0,0.0,0.0,0.0,0.0
6,260,10.60660125797312,12.0,1.0,0.0,0.0,0.0,0.0,0.0
7,260,2.4303475034612814,6.0576511164513205,0.0,0.0,1.0,1.0,1.0,0.0
8,260,8.181842524745337,5.7767953646755,0.0,0.0,1.0,0.0,0.0,0.0
9,260,2.053809394520957,8.770577393602721,0.0,1.0,0.0,1.0,0.0,0.0
10,260,1.8970714762882837,0.3059274949018125,0.0,0.0,0.0,1.0,0.0,0.0
11,260,8.406382722508697,5.9705813190974135,0.0,0.0,0.0,0.0,0.0,1.0
12,260,3.4509076209060336,5.23773181114007,1.0,1.0,1.0,1.0,0.0,1.0
13,260,12.0,8.00411975110427,1.0,1.0,1.0,0.0,1.0,1.0
14,260,5.024791035084828,4.065084950492999,0.0,0.0,1.0,1.0,0.0,1.0
15,260,2.1523580335189845,10.251116651596154,0.0,0.0,0.0,0.0,0.0,0.0
16,260,0.5704731287780435,6.9289303022308335,1.0,0.0,0.0,0.0,0.0,1.0
17,260,1.529330544689404,12.0,0.0,0.0,0.0,1.0,0.0,1.0
18,260,0.0914232505444177,2.7796826244702832,0.0,0.0,0.0,0.0,1.0,1.0
19,260,7.113017077186633,0.6536868296474023,1.0,1.0,0.0,1.0,1.0,1.0
0,265,1.691532346090766,0.5501639054553898,0.0,0.0,0.0,1.0,1.0,0.0
1,265,9.65338262675622,0.0,1.0,0.0,0.0,0.0,1.0,1.0
2,265,2.1834391833339986,4.904169230864583,0.0,1.0,1.0,0.0,1.0,0.0
3,265,5.14662140872747,12.0,0.0,1.0,1.0,0.0,1.0,0.0
4,265,10.399036849086542,11.395371828811175,0.0,0.0,0.0,1.0,0.0,1.0
5,265,8.475656320383974,2.903344801955833,0.0,1.0,0.0,0.0,0.0,0.0
6,265,10.663348511575869,12.0,1.0,0.0,0.0,0.0,0.0,0.0
7,265,2.609955595633459,6.054963479345956,0.0,0.0,1.0,1.0,1.0,0.0
8,265,8.20062407395526,5.700624519271951,0.0,0.0,1.0,0.0,0.0,0.0
9,265,2.0483299025537343,8.813107057758062,0.0,1.0,0.0,1.0,0.0,0.0
10,265,1.8950228802629967,0.3074681608296565,0.0,0.0,0.0,1.0,0.0,0.0
11,265,8.481285253443298,5.896240374462556,0.0,0.0,0.0,0.0,0.0,1.0
12,265,3.577245828503194,5.185146186055873,1.0,1.0,1.0,1.0,0.0,1.0
13,265,12.0,7.91256373191345,1.0,1.0,1.0,0.0,1.0,1.0
14,265,5.005197626397223,3.943978378834089,0.0,0.0,1.0,1.0,0.0,1.0
15,265,2.1275569696117995,10.213591003969444,0.0,0.0,0.0,0.0,0.0,0.0
16,265,0.4601910317018286,6.949614870962392,1.0,0.0,0.0,0.0,0.0,1.0
17,265,1.4355850359021884,12.0,0.0,0.0,0.0,1.0,0.0,1.0
18,265,0.0836161128158678,2.774817561803708,0.0,0.0,0.0,0.0,1.0,1.0
19,265,7.107479103187022,0.6326200208516327,1.0,1.0,0.0,1.0,1.0,1.0
0,270,1.668882349675483,0.5394669499583793,0.0,0.0,0.0,1.0,1.0,0.0
1,270,9.764626181171526,0.0,1.0,0.0,0.0,0.0,1.0,1.0
2,270,2.189799253165165,4.899511842249151,0.0,1.0,1.0,0.0,1.0,0.0
3,270,5.170892151324539,12.0,0.0,1.0,1.0,0.0,1.0,0.0
4,270,10.45446587262743,11.441388549677932,0.0,0.0,0.0,1.0,0.0,1.0
5,270,8.504000581877476,2.91146875850334,0.0,1.0,0.0,0.0,0.0,0.0
6,270,10.723640827316505,12.0,1.0,0.0,0.0,0.0,0.0,0.0
7,270,2.7869062173235686,6.050149370203583,0.0,0.0,1.0,1.0,1.0,0.0
8,270,8.219750331800055,5.619469861919948,0.0,0.0,1.0,0.0,0.0,0.0
9,270,2.0472411347397985,8.822457452985756,0.0,1.0,0.0,1.0,0.0,0.0
10,270,1.8916564172318044,0.3099897137626177,0.0,0.0,0.0,1.0,0.0,0.0
11,270,8.550270719848001,5.829925854064059,0.0,0.0,0.0,0.0,0.0,1.0
12,270,3.685069192095752,5.142429125074464,1.0,1.0,1.0,1.0,0.0,1.0
13,270,12.0,7.818443893797425,1.0,1.0,1.0,0.0,1.0,1.0
14,270,4.98133172276115,3.8163527519234623,0.0,0.0,1.0,1.0,0.0,1.0
15,270,2.1073696641720434,10.181521669808662,0.0,0.0,0.0,0.0,0.0,0.0
16,270,0.3460884092108509,6.972778926514299,1.0,0.0,0.0,0.0,0.0,1.0
17,270,1.3486697188932708,12.0,0.0,0.0,0.0,1.0,0.0,1.0
18,270,0.0668954947406805,2.764696426138093,0.0,0.0,0.0,0.0,1.0,1.0
19,270,7.106774327352965,0.6299913019620375,1.0,1.0,0.0,1.0,1.0,1.0
0,275,1.6402962039507405,0.5259253160951787,0.0,0.0,0.0,1.0,1.0,0.0
1,275,9.886147969586304,0.0,1.0,0.0,0.0,0.0,1.0,1.0
2,275,2.1859886623093656,4.902295379206933,0.0,1.0,1.0,0.0,1.0,0.0
3,275,5.194448514254315,12.0,0.0,1.0,1.0,0.0,1.0,0.0
4,275,10.5185356680465,11.49635499423517,0.0,0.0,0.0,1.0,0.0,1.0
5,275,8.526445465777813,2.918147570160432,0.0,1.0,0.0,0.0,0.0,0.0
6,275,10.778928606162404,12.0,1.0,0.0,0.0,0.0,0.0,0.0
7,275,2.954921174838592,6.047736436830934,0.0,0.0,1.0,1.0,1.0,0.0
8,275,8.237298936663413,5.552137899937697,0.0,0.0,1.0,0.0,0.0,0.0
9,275,2.046302400500612,8.831674117065125,0.0,1.0,0.0,1.0,0.0,0.0
10,275,1.9024602732197096,0.3018404388135081,0.0,0.0,0.0,1.0,0.0,0.0
11,275,8.623389408778419,5.758265333922753,0.0,0.0,0.0,0.0,0.0,1.0
12,275,3.785458654977191,5.103279258169998,1.0,1.0,1.0,1.0,0.0,1.0
13,275,12.0,7.717439020294046,1.0,1.0,1.0,0.0,1.0,1.0
14,275,4.958600948218253,3.702366697687389,0.0,0.0,1.0,1.0,0.0,1.0
15,275,2.0769594118272097,10.132831671707098,0.0,0.0,0.0,0.0,0.0,0.0
16,275,0.2575213255694861,6.989957773502941,1.0,0.0,0.0,0.0,0.0,1.0
17,275,1.2568118649270528,12.0,0.0,0.0,0.0,1.0,0.0,1.0
18,275,0.0651176069444842,2.763633656646289,0.0,0.0,0.0,0.0,1.0,1.0
19,275,7.109245725583558,0.6396905517472184,1.0,1.0,0.0,1.0,1.0,1.0
0,280,1.61535532055378,0.5132612344037304,0.0,0.0,0.0,1.0,1.0,0.0
1,280,9.993455016582868,0.0,1.0,0.0,0.0,0.0,1.0,1.0
2,280,2.179284247159597,4.907080194202738,0.0,1.0,1.0,0.0,1.0,0.0
3,280,5.22309994668222,12.0,0.0,1.0,1.0,0.0,1.0,0.0
4,280,10.586632170670688,11.55826240953134,0.0,0.0,0.0,1.0,0.0,1.0
5,280,8.538544847968462,2.921831248272688,0.0,1.0,0.0,0.0,0.0,0.0
6,280,10.83294292713861,12.0,1.0,0.0,0.0,0.0,0.0,0.0
7,280,3.1032158516750608,6.040895264135944,0.0,0.0,1.0,1.0,1.0,0.0
8,280,8.253499646687382,5.485901382957772,0.0,0.0,1.0,0.0,0.0,0.0
9,280,2.046361986487869,8.830547013297865,0.0,1.0,0.0,1.0,0.0,0.0
10,280,1.9190548807651489,0.2890806322443827,0.0,0.0,0.0,1.0,0.0,0.0
11,280,8.669709553984505,5.712668530088403,0.0,0.0,0.0,0.0,0.0,1.0
12,280,3.8840263519382434,5.065728402837879,1.0,1.0,1.0,1.0,0.0,1.0
13,280,12.0,7.609106514840913,1.0,1.0,1.0,0.0,1.0,1.0
14,280,4.940096494222112,3.6042658450813754,0.0,0.0,1.0,1.0,0.0,1.0
15,280,2.040499312632374,10.073869743675298,0.0,0.0,0.0,0.0,0.0,0.0
16,280,0.1529632021165251,7.008106248258303,1.0,0.0,0.0,0.0,0.0,1.0
17,280,1.1725822798680567,12.0,0.0,0.0,0.0,1.0,0.0,1.0
18,280,0.0648754542651155,2.7634884339037336,0.0,0.0,0.0,0.0,1.0,1.0
19,280,7.111057146979739,0.6462014242580174,1.0,1.0,0.0,1.0,1.0,1.0
0,285,1.6158818205379737,0.5135181935447497,0.0,0.0,0.0,1.0,1.0,0.0
1,285,10.097390608448327,0.0,1.0,0.0,0.0,0.0,1.0,1.0
2,285,2.167125664412485,4.915817050517559,0.0,1.0,1.0,0.0,1.0,0.0
3,285,5.231842037002624,12.0,0.0,1.0,1.0,0.0,1.0,0.0
4,285,10.655019057046507,11.62069921169607,0.0,0.0,0.0,1.0,0.0,1.0
5,285,8.56769618121463,2.930297620909878,0.0,1.0,0.0,0.0,0.0,0.0
6,285,10.885556288003247,12.0,1.0,0.0,0.0,0.0,0.0,0.0
7,285,3.237186951714475,6.035735044183688,0.0,0.0,1.0,1.0,1.0,0.0
8,285,8.267670566588915,5.428651496578886,0.0,0.0,1.0,0.0,0.0,0.0
9,285,2.045354993056113,8.850575205048823,0.0,1.0,0.0,1.0,0.0,0.0
10,285,1.933880875924365,0.2776148440567589,0.0,0.0,0.0,1.0,0.0,0.0
11,285,8.712250708675318,5.671565449380801,0.0,0.0,0.0,0.0,0.0,1.0
12,285,3.9813098552969377,5.026220227468294,1.0,1.0,1.0,1.0,0.0,1.0
13,285,12.0,7.505447154394249,1.0,1.0,1.0,0.0,1.0,1.0
14,285,4.92505608759624,3.520051709456963,0.0,0.0,1.0,1.0,0.0,1.0
15,285,2.012091968568935,10.030281899768234,0.0,0.0,0.0,0.0,0.0,0.0
16,285,0.0593256199207093,7.023711425583601,1.0,0.0,0.0,0.0,0.0,1.0
17,285,1.0837873598211836,12.0,0.0,0.0,0.0,1.0,0.0,1.0
18,285,0.0487671031409126,2.7536004591386334,0.0,0.0,0.0,0.0,1.0,1.0
19,285,7.109604031450902,0.6412924377071884,1.0,1.0,0.0,1.0,1.0,1.0
0,290,1.5986695301239942,0.5056156666572539,0.0,0.0,0.0,1.0,1.0,0.0
1,290,10.200760737937715,0.0,1.0,0.0,0.0,0.0,1.0,1.0
2,290,2.174416627423741,4.910433834686773,0.0,1.0,1.0,0.0,1.0,0.0
3,290,5.227874847862841,11.992836901056032,0.0,1.0,1.0,0.0,1.0,0.0
4,290,10.710895452783568,11.674824406002315,0.0,0.0,0.0,1.0,0.0,1.0
5,290,8.581110587233592,2.9344539603835127,0.0,1.0,0.0,0.0,0.0,0.0
6,290,10.945394443667096,12.0,1.0,0.0,0.0,0.0,0.0,0.0
7,290,3.3853580908179826,6.028705133382624,0.0,0.0,1.0,1.0,1.0,0.0
8,290,8.279845008954526,5.379333149380673,0.0,0.0,1.0,0.0,0.0,0.0
9,290,2.044897879313684,8.87331345969562,0.0,1.0,0.0,1.0,0.0,0.0
10,290,1.9578363882137495,0.259905745650105,0.0,0.0,0.0,1.0,0.0,0.0
11,290,8.768823083289679,5.616455938694329,0.0,0.0,0.0,0.0,0.0,1.0
12,290,4.085072432293506,4.986118403899252,1.0,1.0,1.0,1.0,0.0,1.0
13,290,12.0,7.402018018623967,1.0,1.0,1.0,0.0,1.0,1.0
14,290,4.908140753119821,3.423817661801793,0.0,0.0,1.0,1.0,0.0,1.0
15,290,1.977167159675825,9.976421381385718,0.0,0.0,0.0,0.0,0.0,0.0
16,290,0.0,7.0400220739559,1.0,0.0,0.0,0.0,0.0,1.0
17,290,0.9948017808740576,12.0,0.0,0.0,0.0,1.0,0.0,1.0
18,290,0.0456110919789618,2.7517093490408437,0.0,0.0,0.0,0.0,1.0,1.0
19,290,7.095687330899203,0.6455742485341696,1.0,1.0,0.0,1.0,1.0,1.0
0,295,1.5631742590447062,0.4894108976785721,0.0,0.0,0.0,1.0,1.0,0.0
1,295,10.280438156811778,0.0,1.0,0.0,0.0,0.0,1.0,1.0
2,295,2.174782022551096,4.9101641167988825,0.0,1.0,1.0,0.0,1.0,0.0
3,295,5.220717935122914,11.979590656268226,0.0,1.0,1.0,0.0,1.0,0.0
4,295,10.75156465384095,11.714979488475716,0.0,0.0,0.0,1.0,0.0,1.0
5,295,8.606622065072019,2.942088894816895,0.0,1.0,0.0,0.0,0.0,0.0
6,295,11.006341680450666,12.0,1.0,0.0,0.0,0.0,0.0,0.0
7,295,3.556155214588722,6.020689216868675,0.0,0.0,1.0,1.0,1.0,0.0
8,295,8.292734858730144,5.327110725200977,0.0,0.0,1.0,0.0,0.0,0.0
9,295,2.0443212603740637,8.906452309753796,0.0,1.0,0.0,1.0,0.0,0.0
10,295,1.9870784679247848,0.2388426644625764,0.0,0.0,0.0,1.0,0.0,0.0
11,295,8.813514413850244,5.569958487084921,0.0,0.0,0.0,0.0,0.0,1.0
12,295,4.180348645607077,4.945049144763435,1.0,1.0,1.0,1.0,0.0,1.0
13,295,12.0,7.29849465587086,1.0,1.0,1.0,0.0,1.0,1.0
14,295,4.8942489910460525,3.333336001201327,0.0,0.0,1.0,1.0,0.0,1.0
15,295,1.9458760386159728,9.926796711505672,0.0,0.0,0.0,0.0,0.0,0.0
16,295,0.0,7.056687077471986,1.0,0.0,0.0,0.0,0.0,1.0
17,295,0.9112017562717916,12.0,0.0,0.0,0.0,1.0,0.0,1.0
18,295,0.034036057334578,2.744740437841895,0.0,0.0,0.0,0.0,1.0,1.0
19,295,7.081410627066774,0.6500909691849378,1.0,1.0,0.0,1.0,1.0,1.0
