0,0,1.0285743447004232,0.0,0.0,0.0,0.0,1.0,0.0,0.0
1,0,1.95915757890638,2.0116890163902568,1.0,0.0,0.0,0.0,0.0,1.0
2,0,0.0360804846448197,1.0408569149754492,1.0,0.0,0.0,0.0,0.0,0.0
3,0,4.934092639231363,0.0,0.0,1.0,1.0,0.0,1.0,0.0
4,0,0.0,1.0212812272082883,0.0,0.0,1.0,1.0,0.0,1.0
5,0,1.030191485276532,0.0333252119533032,1.0,0.0,0.0,0.0,0.0,0.0
6,0,11.013585565032834,0.0512778904954442,0.0,0.0,0.0,1.0,1.0,0.0
7,0,4.0422612967336935,0.0279763617591977,1.0,0.0,0.0,0.0,1.0,1.0
8,0,7.950617206894487,10.951917415033227,0.0,0.0,0.0,1.0,0.0,1.0
9,0,8.075517837283456,11.99271010699307,1.0,0.0,0.0,0.0,0.0,0.0
10,0,0.0391645476093108,7.986418490162771,1.0,0.0,1.0,1.0,0.0,1.0
11,0,1.0350715437208748,10.94059229381743,0.0,0.0,1.0,1.0,0.0,0.0
12,0,11.053837610958212,0.9702167415961064,0.0,1.0,0.0,1.0,1.0,0.0
13,0,8.957584017224091,5.050263790680889,0.0,1.0,0.0,0.0,0.0,0.0
14,0,2.0540232955294933,0.0,1.0,0.0,0.0,0.0,0.0,0.0
15,0,4.016166602735037,6.93777261561352,0.0,0.0,1.0,1.0,0.0,0.0
16,0,0.9847967047328088,6.045388161543203,0.0,0.0,0.0,1.0,1.0,0.0
17,0,6.973156679670248,6.049951311186266,0.0,1.0,0.0,0.0,0.0,1.0
18,0,12.0,2.030345629119694,0.0,1.0,1.0,1.0,1.0,1.0
19,0,9.928452570131174,1.9820512167448636,1.0,1.0,0.0,1.0,1.0,0.0
0,5,1.072509953532856,0.0,0.0,0.0,0.0,1.0,0.0,0.0
1,5,1.9091880934366563,2.025826085658605,1.0,0.0,0.0,0.0,0.0,1.0
2,5,0.0558712096608203,1.0628381312746102,1.0,0.0,0.0,0.0,0.0,0.0
3,5,4.881021745356496,0.0,0.0,1.0,1.0,0.0,1.0,0.0
4,5,0.0,1.03683633888524,0.0,0.0,1.0,1.0,0.0,1.0
5,5,1.0593029953043795,0.0670546469489995,1.0,0.0,0.0,0.0,0.0,0.0
6,5,11.030940075741054,0.1249416919608438,0.0,0.0,0.0,1.0,1.0,0.0
7,5,4.098231255482225,0.0665177028247201,1.0,0.0,0.0,0.0,1.0,1.0
8,5,7.903511704821342,10.906629508864622,0.0,0.0,0.0,1.0,0.0,1.0
9,5,8.142317957552194,11.986803842685264,1.0,0.0,0.0,0.0,0.0,0.0
10,5,0.0822127141438254,7.970992433805245,1.0,0.0,1.0,1.0,0.0,1.0
11,5,1.07362779397624,10.8695153026782,0.0,0.0,1.0,1.0,0.0,0.0
12,5,11.09867093905303,0.9469496464837974,0.0,1.0,0.0,1.0,1.0,0.0
13,5,8.927655115598796,5.086874660656946,0.0,1.0,0.0,0.0,0.0,0.0
14,5,2.118761869809852,0.0,1.0,0.0,0.0,0.0,0.0,0.0
15,5,4.028080596895361,6.881725612385391,0.0,0.0,1.0,1.0,0.0,0.0
16,5,0.964288641578847,6.103194778944273,0.0,0.0,0.0,1.0,1.0,0.0
17,5,6.947366864118294,6.099406680757928,0.0,1.0,0.0,0.0,0.0,1.0
18,5,12.0,2.058299886353354,0.0,1.0,1.0,1.0,1.0,1.0
19,5,9.831979423118568,1.95859917012486,1.0,1.0,0.0,1.0,1.0,0.0
0,10,1.1032577809253956,0.0,0.0,0.0,0.0,1.0,0.0,0.0
1,10,1.8608638005219085,2.037830071374475,1.0,0.0,0.0,0.0,0.0,1.0
2,10,0.0766238824260645,1.0855486649237538,1.0,0.0,0.0,0.0,0.0,0.0
3,10,4.824796178740485,0.0,0.0,1.0,1.0,0.0,1.0,0.0
4,10,0.0,1.0593003140687138,0.0,0.0,1.0,1.0,0.0,1.0
5,10,1.0907590030045973,0.1036921768231956,1.0,0.0,0.0,0.0,0.0,0.0
6,10,11.0443697198439,0.1832731711280815,0.0,0.0,0.0,1.0,1.0,0.0
7,10,4.159764086326124,0.1078173025361848,1.0,0.0,0.0,0.0,1.0,1.0
8,10,7.858610413867617,10.864680876522147,0.0,0.0,0.0,1.0,0.0,1.0
9,10,8.211454742974059,11.980010335068348,1.0,0.0,0.0,0.0,0.0,0.0
10,10,0.1507551772227451,7.947719864279199,1.0,0.0,1.0,1.0,0.0,1.0
11,10,1.1026869017050955,10.81748684609872,0.0,0.0,1.0,1.0,0.0,0.0
12,10,11.135522990654188,0.9261093865554234,0.0,1.0,0.0,1.0,1.0,0.0
13,10,8.898703553677159,5.064700214716933,0.0,1.0,0.0,0.0,0.0,0.0
14,10,2.200638364089733,0.0,1.0,0.0,0.0,0.0,0.0,0.0
15,10,3.961841257909157,6.868536615258277,0.0,0.0,1.0,1.0,0.0,0.0
16,10,0.9394791293620798,6.17423216963913,0.0,0.0,0.0,1.0,1.0,0.0
17,10,6.9234815319905945,6.148605249779656,0.0,1.0,0.0,0.0,0.0,1.0
18,10,11.999922026928578,2.0581158151603285,0.0,1.0,1.0,1.0,1.0,1.0
19,10,9.712578196230282,1.9275357451120407,1.0,1.0,0.0,1.0,1.0,0.0
0,15,1.1192349619371618,0.0,0.0,0.0,0.0,1.0,0.0,0.0
1,15,1.8046776612487132,2.052583831197191,1.0,0.0,0.0,0.0,0.0,1.0
2,15,0.079659140904272,1.089110550917824,1.0,0.0,0.0,0.0,0.0,0.0
3,15,4.82677569265127,0.0,0.0,1.0,1.0,0.0,1.0,0.0
4,15,0.0037247801636961,1.046731030395745,0.0,0.0,1.0,1.0,0.0,1.0
5,15,1.1172547313327938,0.1351217719919211,1.0,0.0,0.0,0.0,0.0,0.0
6,15,11.059558772647383,0.2477972076594495,0.0,0.0,0.0,1.0,1.0,0.0
7,15,4.22878423674013,0.1537553405500586,1.0,0.0,0.0,0.0,1.0,1.0
8,15,7.825540117718051,10.836093494245269,0.0,0.0,0.0,1.0,0.0,1.0
9,15,8.298987082726946,11.97370871298362,1.0,0.0,0.0,0.0,0.0,0.0
10,15,0.204600770403764,7.9280015531658306,1.0,0.0,1.0,1.0,0.0,1.0
11,15,1.1434365652876537,10.746769723256913,0.0,0.0,1.0,1.0,0.0,0.0
12,15,11.173773847697738,0.9038892459956266,0.0,1.0,0.0,1.0,1.0,0.0
13,15,8.855354998637997,5.032480990516737,0.0,1.0,0.0,0.0,0.0,0.0
14,15,2.266677147852524,0.0,1.0,0.0,0.0,0.0,0.0,0.0
15,15,3.893018482919737,6.854012382565516,0.0,0.0,1.0,1.0,0.0,0.0
16,15,0.9098774959959036,6.253904310442031,0.0,0.0,0.0,1.0,1.0,0.0
17,15,6.899965386409119,6.198303710952682,0.0,1.0,0.0,0.0,0.0,1.0
18,15,11.99703000472926,2.0508710894088327,0.0,1.0,1.0,1.0,1.0,1.0
19,15,9.621840299947074,1.9031966959057505,1.0,1.0,0.0,1.0,1.0,0.0
0,20,1.1560052133686187,0.0,0.0,0.0,0.0,1.0,0.0,0.0
1,20,1.7599608815727714,2.065410961670649,1.0,0.0,0.0,0.0,0.0,1.0
2,20,0.0781489851922811,1.0904788328239554,1.0,0.0,0.0,0.0,0.0,0.0
3,20,4.828573971614772,0.0,0.0,1.0,1.0,0.0,1.0,0.0
4,20,0.0085011751498317,1.030980485457884,0.0,0.0,1.0,1.0,0.0,1.0
5,20,1.1260880037192174,0.1467841328153804,1.0,0.0,0.0,0.0,0.0,0.0
6,20,11.071716013589764,0.2985669568435699,0.0,0.0,0.0,1.0,1.0,0.0
7,20,4.316272576271305,0.2133446787316874,1.0,0.0,0.0,0.0,1.0,1.0
8,20,7.803708504310072,10.81773962610633,0.0,0.0,0.0,1.0,0.0,1.0
9,20,8.354909301507554,11.969702771138024,1.0,0.0,0.0,0.0,0.0,0.0
10,20,0.2655156245637419,7.9052334049930755,1.0,0.0,1.0,1.0,0.0,1.0
11,20,1.1672622284571803,10.702571199439236,0.0,0.0,1.0,1.0,0.0,0.0
12,20,11.228030724834891,0.8728210829970565,0.0,1.0,0.0,1.0,1.0,0.0
13,20,8.820957019914584,5.007722754681831,0.0,1.0,0.0,0.0,0.0,0.0
14,20,2.342212891483774,0.0,1.0,0.0,0.0,0.0,0.0,0.0
15,20,3.806649938211733,6.835235023612854,0.0,0.0,1.0,1.0,0.0,0.0
16,20,0.886733316375456,6.324471605118467,0.0,0.0,0.0,1.0,1.0,0.0
17,20,6.873769702399942,6.253103325792015,0.0,1.0,0.0,0.0,0.0,1.0
18,20,11.992579576912808,2.0393276810971903,0.0,1.0,1.0,1.0,1.0,1.0
19,20,9.526401854219,1.8755532754365525,1.0,1.0,0.0,1.0,1.0,0.0
0,25,1.183065613923164,0.0,0.0,0.0,0.0,1.0,0.0,0.0
1,25,1.7335791583178646,2.0735182965871584,1.0,0.0,0.0,0.0,0.0,1.0
2,25,0.0626642798579628,1.104512681325861,1.0,0.0,0.0,0.0,0.0,0.0
3,25,4.831524181739254,0.0,0.0,1.0,1.0,0.0,1.0,0.0
4,25,0.0026579026163843,1.0487706878359055,0.0,0.0,1.0,1.0,0.0,1.0
5,25,1.1242151955680475,0.1442606137976772,1.0,0.0,0.0,0.0,0.0,0.0
6,25,11.077356516468283,0.3203629113989849,0.0,0.0,0.0,1.0,1.0,0.0
7,25,4.380117589103779,0.2574903857821427,1.0,0.0,0.0,0.0,1.0,1.0
8,25,7.765066124603352,10.784164197126358,0.0,0.0,0.0,1.0,0.0,1.0
9,25,8.424135414370731,11.96416163813673,1.0,0.0,0.0,0.0,0.0,0.0
10,25,0.3295193134612076,7.880677044556102,1.0,0.0,1.0,1.0,0.0,1.0
11,25,1.1926443499331163,10.657378720151192,0.0,0.0,1.0,1.0,0.0,0.0
12,25,11.293601729190046,0.8355070833448657,0.0,1.0,0.0,1.0,1.0,0.0
13,25,8.785383066654282,4.980680873891881,0.0,1.0,0.0,0.0,0.0,0.0
14,25,2.404823493661472,0.0,1.0,0.0,0.0,0.0,0.0,0.0
15,25,3.725885893162385,6.817580129560254,0.0,0.0,1.0,1.0,0.0,0.0
16,25,0.8647478237284474,6.391094636570996,0.0,0.0,0.0,1.0,1.0,0.0
17,25,6.846268711201449,6.313605427338532,0.0,1.0,0.0,0.0,0.0,1.0
18,25,11.993207766140737,2.0410917292163755,0.0,1.0,1.0,1.0,1.0,1.0
19,25,9.411920091466936,1.8452408798763584,1.0,1.0,0.0,1.0,1.0,0.0
0,30,1.1953520164805431,0.0,0.0,0.0,0.0,1.0,0.0,0.0
1,30,1.7000365764448526,2.0823569135218785,1.0,0.0,0.0,0.0,0.0,1.0
2,30,0.0446876844760616,1.12129357773558,1.0,0.0,0.0,0.0,0.0,0.0
3,30,4.834007099498359,0.0,0.0,1.0,1.0,0.0,1.0,0.0
4,30,0.0,1.070465900292281,0.0,0.0,1.0,1.0,0.0,1.0
5,30,1.129032619391085,0.1509142101270296,1.0,0.0,0.0,0.0,0.0,0.0
6,30,11.080457717784322,0.3322054938145374,0.0,0.0,0.0,1.0,1.0,0.0
7,30,4.446184676665784,0.302965740974927,1.0,0.0,0.0,0.0,1.0,1.0
8,30,7.731885043764788,10.754166311899075,0.0,0.0,0.0,1.0,0.0,1.0
9,30,8.515128333086892,11.957095851773316,1.0,0.0,0.0,0.0,0.0,0.0
10,30,0.379555382993008,7.862692910048003,1.0,0.0,1.0,1.0,0.0,1.0
11,30,1.207478678467114,10.630064519387371,0.0,0.0,1.0,1.0,0.0,0.0
12,30,11.357511809533808,0.7984861273596229,0.0,1.0,0.0,1.0,1.0,0.0
13,30,8.731794959423262,4.939636412103622,0.0,1.0,0.0,0.0,0.0,0.0
14,30,2.471464776584116,0.0,1.0,0.0,0.0,0.0,0.0,0.0
15,30,3.6407684787750743,6.799053667712684,0.0,0.0,1.0,1.0,0.0,0.0
16,30,0.846423740828015,6.445258832138745,0.0,0.0,0.0,1.0,1.0,0.0
17,30,6.8142476689123725,6.38379564296395,0.0,1.0,0.0,0.0,0.0,1.0
18,30,12.0,2.0809626343151217,0.0,1.0,1.0,1.0,1.0,1.0
19,30,9.31385289686346,1.8178715999959176,1.0,1.0,0.0,1.0,1.0,0.0
0,35,1.203634721260287,0.0,0.0,0.0,0.0,1.0,0.0,0.0
1,35,1.674853269521819,2.0890622675148256,1.0,0.0,0.0,0.0,0.0,1.0
2,35,0.0200080628553934,1.144512861654147,1.0,0.0,0.0,0.0,0.0,0.0
3,35,4.837987767144724,0.0,0.0,1.0,1.0,0.0,1.0,0.0
4,35,0.0,1.0955233600944954,0.0,0.0,1.0,1.0,0.0,1.0
5,35,1.1323687419065351,0.1554591561266056,1.0,0.0,0.0,0.0,0.0,0.0
6,35,11.084235302543313,0.3456708034476314,0.0,0.0,0.0,1.0,1.0,0.0
7,35,4.5213497778261775,0.3550700762587973,1.0,0.0,0.0,0.0,1.0,1.0
8,35,7.694174832659078,10.721258740861114,0.0,0.0,0.0,1.0,0.0,1.0
9,35,8.57616770813735,11.95213141521432,1.0,0.0,0.0,0.0,0.0,0.0
10,35,0.4347029642901359,7.844420248253247,1.0,0.0,1.0,1.0,0.0,1.0
11,35,1.2260402100759142,10.59704611090774,0.0,0.0,1.0,1.0,0.0,0.0
12,35,11.4219509675932,0.7610555880477081,0.0,1.0,0.0,1.0,1.0,0.0
13,35,8.684051107951689,4.903000173403121,0.0,1.0,0.0,0.0,0.0,0.0
14,35,2.5539904509543625,0.0,1.0,0.0,0.0,0.0,0.0,0.0
15,35,3.537408035477945,6.7757048244388045,0.0,0.0,1.0,1.0,0.0,0.0
16,35,0.8290710061775538,6.490590134448987,0.0,0.0,0.0,1.0,1.0,0.0
17,35,6.78234637195704,6.450401858679997,0.0,1.0,0.0,0.0,0.0,1.0
18,35,12.0,2.119442697514636,0.0,1.0,1.0,1.0,1.0,1.0
19,35,9.214163636548506,1.787532270657481,1.0,1.0,0.0,1.0,1.0,0.0
0,40,1.2079101897879156,0.0,0.0,0.0,0.0,1.0,0.0,0.0
1,40,1.646590111382738,2.096808733964372,1.0,0.0,0.0,0.0,0.0,1.0
2,40,0.0065271348674053,1.1574489271962176,1.0,0.0,0.0,0.0,0.0,0.0
3,40,4.842934836744317,0.0,0.0,1.0,1.0,0.0,1.0,0.0
4,40,0.0,1.133292323183588,0.0,0.0,1.0,1.0,0.0,1.0
5,40,1.1295801531708185,0.151722922216853,1.0,0.0,0.0,0.0,0.0,0.0
6,40,11.090138760213948,0.3676469732578709,0.0,0.0,0.0,1.0,1.0,0.0
7,40,4.602685915133882,0.4093793064136345,1.0,0.0,0.0,0.0,1.0,1.0
8,40,7.659041038648094,10.690403538009926,0.0,0.0,0.0,1.0,0.0,1.0
9,40,8.642970506458315,11.945410780714704,1.0,0.0,0.0,0.0,0.0,0.0
10,40,0.4672752145530974,7.834174354195145,1.0,0.0,1.0,1.0,0.0,1.0
11,40,1.233602692843381,10.58460669833488,0.0,0.0,1.0,1.0,0.0,0.0
12,40,11.502823999651367,0.7127946151153308,0.0,1.0,0.0,1.0,1.0,0.0
13,40,8.623891241495054,4.856646106184424,0.0,1.0,0.0,0.0,0.0,0.0
14,40,2.63228075961534,0.0,1.0,0.0,0.0,0.0,0.0,0.0
15,40,3.4370677960892326,6.751746652251892,0.0,0.0,1.0,1.0,0.0,0.0
16,40,0.8142642800347499,6.53118852339406,0.0,0.0,0.0,1.0,1.0,0.0
17,40,6.748180415140029,6.515478427205804,0.0,1.0,0.0,0.0,0.0,1.0
18,40,12.0,2.15144557644191,0.0,1.0,1.0,1.0,1.0,1.0
19,40,9.10073236123517,1.75277166683232,1.0,1.0,0.0,1.0,1.0,0.0
0,45,1.216714972850291,0.0,0.0,0.0,0.0,1.0,0.0,0.0
1,45,1.6373770218964867,2.099434585723422,1.0,0.0,0.0,0.0,0.0,1.0
2,45,0.0,1.1751741141702523,1.0,0.0,0.0,0.0,0.0,0.0
3,45,4.847647091024676,0.0,0.0,1.0,1.0,0.0,1.0,0.0
4,45,0.0,1.1900331015929095,0.0,0.0,1.0,1.0,0.0,1.0
5,45,1.1217956480195557,0.1414136917557977,1.0,0.0,0.0,0.0,0.0,0.0
6,45,11.096203991402742,0.3948394821518156,0.0,0.0,0.0,1.0,1.0,0.0
7,45,4.67388697849218,0.4576416895500548,1.0,0.0,0.0,0.0,1.0,1.0
8,45,7.62437256068158,10.659413115469116,0.0,0.0,0.0,1.0,0.0,1.0
9,45,8.730309344848685,11.936133183604936,1.0,0.0,0.0,0.0,0.0,0.0
10,45,0.4812890582333838,7.829888379956452,1.0,0.0,1.0,1.0,0.0,1.0
11,45,1.246941822770872,10.56341623617944,0.0,0.0,1.0,1.0,0.0,0.0
12,45,11.583211473564868,0.6628399217611641,0.0,1.0,0.0,1.0,1.0,0.0
13,45,8.569592313059124,4.814267885221939,0.0,1.0,0.0,0.0,0.0,0.0
14,45,2.7152089701697832,0.0,1.0,0.0,0.0,0.0,0.0,0.0
15,45,3.336134411703666,6.72742315614163,0.0,0.0,1.0,1.0,0.0,0.0
16,45,0.791581655819269,6.59367723792852,0.0,0.0,0.0,1.0,1.0,0.0
17,45,6.7193542794091785,6.570059506304942,0.0,1.0,0.0,0.0,0.0,1.0
18,45,12.0,2.1929374670171105,0.0,1.0,1.0,1.0,1.0,1.0
19,45,8.989133932803291,1.7159374118399278,1.0,1.0,0.0,1.0,1.0,0.0
0,50,1.2179657342357928,0.0,0.0,0.0,0.0,1.0,0.0,0.0
1,50,1.627830193997624,2.102123347868503,1.0,0.0,0.0,0.0,0.0,1.0
2,50,0.0,1.1938467499932006,1.0,0.0,0.0,0.0,0.0,0.0
3,50,4.85032977418608,0.0,0.0,1.0,1.0,0.0,1.0,0.0
4,50,0.0,1.2465281882844457,0.0,0.0,1.0,1.0,0.0,1.0
5,50,1.1122800611274908,0.1288890575621945,1.0,0.0,0.0,0.0,0.0,0.0
6,50,11.0990366233453,0.4070825116177229,0.0,0.0,0.0,1.0,1.0,0.0
7,50,4.732317766809204,0.4974652582545703,1.0,0.0,0.0,0.0,1.0,1.0
8,50,7.609495347965297,10.64541152962413,0.0,0.0,0.0,1.0,0.0,1.0
9,50,8.854753581710293,11.92227948527806,1.0,0.0,0.0,0.0,0.0,0.0
10,50,0.5134893853813347,7.820513326814746,1.0,0.0,1.0,1.0,0.0,1.0
11,50,1.2735350889200707,10.522344924382478,0.0,0.0,1.0,1.0,0.0,0.0
12,50,11.6286589555252,0.6341125626790184,0.0,1.0,0.0,1.0,1.0,0.0
13,50,8.536532850753046,4.788861619933496,0.0,1.0,0.0,0.0,0.0,0.0
14,50,2.805640186082752,0.0,1.0,0.0,0.0,0.0,0.0,0.0
15,50,3.2148839193900223,6.698768195852493,0.0,0.0,1.0,1.0,0.0,0.0
16,50,0.7646435362334273,6.6707051919357045,0.0,0.0,0.0,1.0,1.0,0.0
17,50,6.686885220640467,6.62997999242401,0.0,1.0,0.0,0.0,0.0,1.0
18,50,12.0,2.2276055389230054,0.0,1.0,1.0,1.0,1.0,1.0
19,50,8.857999359817354,1.6760930295410583,1.0,1.0,0.0,1.0,1.0,0.0
0,55,1.21995449801183,0.0,0.0,0.0,0.0,1.0,0.0,0.0
1,55,1.6035510149358134,2.109339896095844,1.0,0.0,0.0,0.0,0.0,1.0
2,55,0.0,1.2406834499918835,1.0,0.0,0.0,0.0,0.0,0.0
3,55,4.851702535094858,0.0,0.0,1.0,1.0,0.0,1.0,0.0
4,55,0.0,1.3060508696978177,0.0,0.0,1.0,1.0,0.0,1.0
5,55,1.1098432362772317,0.1256197874371709,1.0,0.0,0.0,0.0,0.0,0.0
6,55,11.10225792861326,0.4212518447708617,0.0,0.0,0.0,1.0,1.0,0.0
7,55,4.79794836175883,0.5394550668803129,1.0,0.0,0.0,0.0,1.0,1.0
8,55,7.58961498431422,10.627380243222897,0.0,0.0,0.0,1.0,0.0,1.0
9,55,8.981049291594786,11.90534495551515,1.0,0.0,0.0,0.0,0.0,0.0
10,55,0.5354073059189389,7.813842508446805,1.0,0.0,1.0,1.0,0.0,1.0
11,55,1.3039621576819718,10.475022655797463,0.0,0.0,1.0,1.0,0.0,0.0
12,55,11.67459344212466,0.6040936521467131,0.0,1.0,0.0,1.0,1.0,0.0
13,55,8.511242772715862,4.770627875057448,0.0,1.0,0.0,0.0,0.0,0.0
14,55,2.904642486636556,0.0,1.0,0.0,0.0,0.0,0.0,0.0
15,55,3.109666279856374,6.670968356272733,0.0,0.0,1.0,1.0,0.0,0.0
16,55,0.7472243985468748,6.722803144530203,0.0,0.0,0.0,1.0,1.0,0.0
17,55,6.6479159255986655,6.699019755424993,0.0,1.0,0.0,0.0,0.0,1.0
18,55,12.0,2.2896844706204296,0.0,1.0,1.0,1.0,1.0,1.0
19,55,8.739461144013738,1.644599147315752,1.0,1.0,0.0,1.0,1.0,0.0
0,60,1.214657140329089,0.004836046956118,0.0,0.0,0.0,1.0,0.0,0.0
1,60,1.5922705625852676,2.1128315334131185,1.0,0.0,0.0,0.0,0.0,1.0
2,60,0.0,1.2906290579427968,1.0,0.0,0.0,0.0,0.0,0.0
3,60,4.850969595872538,0.0,0.0,1.0,1.0,0.0,1.0,0.0
4,60,0.0,1.3795294922296175,0.0,0.0,1.0,1.0,0.0,1.0
5,60,1.105238860305749,0.1195201659423213,1.0,0.0,0.0,0.0,0.0,0.0
6,60,11.106211829849038,0.4374607241934851,0.0,0.0,0.0,1.0,1.0,0.0
7,60,4.858998069238839,0.5795763459396776,1.0,0.0,0.0,0.0,1.0,1.0
8,60,7.578463086917856,10.61684669294478,0.0,0.0,0.0,1.0,0.0,1.0
9,60,9.130193474488356,11.887699553838406,1.0,0.0,0.0,0.0,0.0,0.0
10,60,0.5413347049970716,7.811952050205197,1.0,0.0,1.0,1.0,0.0,1.0
11,60,1.3186070700322032,10.452880283223278,0.0,0.0,1.0,1.0,0.0,0.0
12,60,11.70562288479408,0.5834216978971922,0.0,1.0,0.0,1.0,1.0,0.0
13,60,8.472954937926335,4.743578360874425,0.0,1.0,0.0,0.0,0.0,0.0
14,60,2.994055702637321,0.0,1.0,0.0,0.0,0.0,0.0,0.0
15,60,2.986039901341191,6.63786946292332,0.0,0.0,1.0,1.0,0.0,0.0
16,60,0.7322733772933503,6.767804226927629,0.0,0.0,0.0,1.0,1.0,0.0
17,60,6.60941632725944,6.768790009768107,0.0,1.0,0.0,0.0,0.0,1.0
18,60,12.0,2.339366520307169,0.0,1.0,1.0,1.0,1.0,1.0
19,60,8.605457268752456,1.6054624298226434,1.0,1.0,0.0,1.0,1.0,0.0
0,65,1.201514718148008,0.0167194826708997,0.0,0.0,0.0,1.0,0.0,0.0
1,65,1.5912726303356133,2.113143151042101,1.0,0.0,0.0,0.0,0.0,1.0
2,65,0.0,1.3428865693423715,1.0,0.0,0.0,0.0,0.0,0.0
3,65,4.850318277837577,0.0,0.0,1.0,1.0,0.0,1.0,0.0
4,65,0.0,1.457603512741495,0.0,0.0,1.0,1.0,0.0,1.0
5,65,1.0892314550482909,0.0975570326486359,1.0,0.0,0.0,0.0,0.0,0.0
6,65,11.111456302759963,0.4561765528428453,0.0,0.0,0.0,1.0,1.0,0.0
7,65,4.908157452010798,0.6131583282324418,1.0,0.0,0.0,0.0,1.0,1.0
8,65,7.556438040373563,10.595990736422763,0.0,0.0,0.0,1.0,0.0,1.0
9,65,9.26830028481652,11.870940333069411,1.0,0.0,0.0,0.0,0.0,0.0
10,65,0.5632029410648914,7.804827952955136,1.0,0.0,1.0,1.0,0.0,1.0
11,65,1.338127074116357,10.42232390879938,0.0,0.0,1.0,1.0,0.0,0.0
12,65,11.726808181379624,0.5694153385193024,0.0,1.0,0.0,1.0,1.0,0.0
13,65,8.435064738115024,4.717665209179754,0.0,1.0,0.0,0.0,0.0,0.0
14,65,3.0672704021775408,0.0,1.0,0.0,0.0,0.0,0.0,0.0
15,65,2.885440161662335,6.609377387517721,0.0,0.0,1.0,1.0,0.0,0.0
16,65,0.7125724059600088,6.824317348327538,0.0,0.0,0.0,1.0,1.0,0.0
17,65,6.574309631485903,6.840029589974549,0.0,1.0,0.0,0.0,0.0,1.0
18,65,12.0,2.3890222698284727,0.0,1.0,1.0,1.0,1.0,1.0
19,65,8.482849199269957,1.5668377559016615,1.0,1.0,0.0,1.0,1.0,0.0
0,70,1.1938494407841185,0.023939944041691,0.0,0.0,0.0,1.0,0.0,0.0
1,70,1.5490287070547748,2.12751905458688,1.0,0.0,0.0,0.0,0.0,1.0
2,70,0.0,1.388621402672207,1.0,0.0,0.0,0.0,0.0,0.0
3,70,4.84880054111724,0.0,0.0,1.0,1.0,0.0,1.0,0.0
4,70,0.0,1.5080711479891815,0.0,0.0,1.0,1.0,0.0,1.0
5,70,1.0783610954170189,0.0820139083003259,1.0,0.0,0.0,0.0,0.0,0.0
6,70,11.11813073054332,0.4808470513546257,0.0,0.0,0.0,1.0,1.0,0.0
7,70,4.98291657243691,0.6666646623031924,1.0,0.0,0.0,0.0,1.0,1.0
8,70,7.526950696645969,10.56787918219522,0.0,0.0,0.0,1.0,0.0,1.0
9,70,9.25332468239372,11.74171126533437,1.0,0.0,0.0,0.0,0.0,0.0
10,70,0.572371378428192,7.801702671234305,1.0,0.0,1.0,1.0,0.0,1.0
11,70,1.3415326804779084,10.417051199693136,0.0,0.0,1.0,1.0,0.0,0.0
12,70,11.750216495360537,0.5544731208702683,0.0,1.0,0.0,1.0,1.0,0.0
13,70,8.398801724253389,4.692134270220111,0.0,1.0,0.0,0.0,0.0,0.0
14,70,3.125357706693644,0.0,1.0,0.0,0.0,0.0,0.0,0.0
15,70,2.774296332495021,6.5825681465919335,0.0,0.0,1.0,1.0,0.0,0.0
16,70,0.6931949501858498,6.881321177225676,0.0,0.0,0.0,1.0,1.0,0.0
17,70,6.525567765326204,6.935706676357251,0.0,1.0,0.0,0.0,0.0,1.0
18,70,12.0,2.4435335865936056,0.0,1.0,1.0,1.0,1.0,1.0
19,70,8.35527706534498,1.5257518213779255,1.0,1.0,0.0,1.0,1.0,0.0
0,75,1.1677753859954116,0.0473606388267597,0.0,0.0,0.0,1.0,0.0,0.0
1,75,1.5030705674497638,2.142737642066065,1.0,0.0,0.0,0.0,0.0,1.0
2,75,0.0,1.4354061932225188,1.0,0.0,0.0,0.0,0.0,0.0
3,75,4.849167984570505,0.0,0.0,1.0,1.0,0.0,1.0,0.0
4,75,0.0,1.552616239534711,0.0,0.0,1.0,1.0,0.0,1.0
5,75,1.0706121187968038,0.070812606236134,1.0,0.0,0.0,0.0,0.0,0.0
6,75,11.121700553267416,0.4943164357716477,0.0,0.0,0.0,1.0,1.0,0.0
7,75,5.048101591467165,0.7140497508317247,1.0,0.0,0.0,0.0,1.0,1.0
8,75,7.494201497709547,10.535495870520506,0.0,0.0,0.0,1.0,0.0,1.0
9,75,9.23853030538434,11.60202445237068,1.0,0.0,0.0,0.0,0.0,0.0
10,75,0.5772116231872013,7.79999023310015,1.0,0.0,1.0,1.0,0.0,1.0
11,75,1.3480972617571736,10.407239466991102,0.0,0.0,1.0,1.0,0.0,0.0
12,75,11.767334465089474,0.5430391917352484,0.0,1.0,0.0,1.0,1.0,0.0
13,75,8.378343887913113,4.6777421379879645,0.0,1.0,0.0,0.0,0.0,0.0
14,75,3.1890591617439767,0.0,1.0,0.0,0.0,0.0,0.0,0.0
15,75,2.65790215668982,6.5558367657905245,0.0,0.0,1.0,1.0,0.0,0.0
16,75,0.6778387822790193,6.9270436835312506,0.0,0.0,0.0,1.0,1.0,0.0
17,75,6.481091360330983,7.024332542843188,0.0,1.0,0.0,0.0,0.0,1.0
18,75,12.0,2.521362896616468,0.0,1.0,1.0,1.0,1.0,1.0
19,75,8.225266011385449,1.4834400038460185,1.0,1.0,0.0,1.0,1.0,0.0
0,80,1.148955612811582,0.0642344750408197,0.0,0.0,0.0,1.0,0.0,0.0
1,80,1.4324047089946017,2.164834621818599,1.0,0.0,0.0,0.0,0.0,1.0
2,80,0.0,1.474059372422546,1.0,0.0,0.0,0.0,0.0,0.0
3,80,4.850031881814533,0.0,0.0,1.0,1.0,0.0,1.0,0.0
4,80,0.0,1.5646803249141903,0.0,0.0,1.0,1.0,0.0,1.0
5,80,1.0550573097475773,0.0483624455132168,1.0,0.0,0.0,0.0,0.0,0.0
6,80,11.129965245904785,0.5224201760926815,0.0,0.0,0.0,1.0,1.0,0.0
7,80,5.107143381973747,0.756441906728311,1.0,0.0,0.0,0.0,1.0,1.0
8,80,7.451970962670706,10.49391257169854,0.0,0.0,0.0,1.0,0.0,1.0
9,80,9.22576951454105,11.449252183077387,1.0,0.0,0.0,0.0,0.0,0.0
10,80,0.5796406095288337,7.799102204050766,1.0,0.0,1.0,1.0,0.0,1.0
11,80,1.3654337644321597,10.380212523721488,0.0,0.0,1.0,1.0,0.0,0.0
12,80,11.811161123589187,0.5149233622190533,0.0,1.0,0.0,1.0,1.0,0.0
13,80,8.337650871534573,4.647910676941573,0.0,1.0,0.0,0.0,0.0,0.0
14,80,3.2501875904794675,0.0,1.0,0.0,0.0,0.0,0.0,0.0
15,80,2.553350124128466,6.529838769029046,0.0,0.0,1.0,1.0,0.0,0.0
16,80,0.6642566278243273,6.968557169897091,0.0,0.0,0.0,1.0,1.0,0.0
17,80,6.448127546097719,7.095683589897368,0.0,1.0,0.0,0.0,0.0,1.0
18,80,12.0,2.604280318535507,0.0,1.0,1.0,1.0,1.0,1.0
19,80,8.102879997440741,1.4432774875494512,1.0,1.0,0.0,1.0,1.0,0.0
0,85,1.1186759747449662,0.0905246221824662,0.0,0.0,0.0,1.0,0.0,0.0
1,85,1.3743936266377406,2.1847327974100352,1.0,0.0,0.0,0.0,0.0,1.0
2,85,0.0,1.5194746981414071,1.0,0.0,0.0,0.0,0.0,0.0
3,85,4.850646586507107,0.0,0.0,1.0,1.0,0.0,1.0,0.0
4,85,0.0,1.5852163855954928,0.0,0.0,1.0,1.0,0.0,1.0
5,85,1.0531698057693648,0.0456425969229164,1.0,0.0,0.0,0.0,0.0,0.0
6,85,11.139246111631389,0.5572394450408313,0.0,0.0,0.0,1.0,1.0,0.0
7,85,5.156640847338519,0.7923443687592607,1.0,0.0,0.0,0.0,1.0,1.0
8,85,7.416701372234562,10.459251564181663,0.0,0.0,0.0,1.0,0.0,1.0
9,85,9.216879907155748,11.284301147898669,1.0,0.0,0.0,0.0,0.0,0.0
10,85,0.5897979750497733,7.795526864887602,1.0,0.0,1.0,1.0,0.0,1.0
11,85,1.402495194600164,10.403965982193254,0.0,0.0,1.0,1.0,0.0,0.0
12,85,11.879005934482226,0.4684998797778884,0.0,1.0,0.0,1.0,1.0,0.0
13,85,8.299888438902626,4.619900172791103,0.0,1.0,0.0,0.0,0.0,0.0
14,85,3.3266325086064983,0.0,1.0,0.0,0.0,0.0,0.0,0.0
15,85,2.4384881989778253,6.499973988666914,0.0,0.0,1.0,1.0,0.0,0.0
16,85,0.6475429961617412,7.02425670312593,0.0,0.0,0.0,1.0,1.0,0.0
17,85,6.406443182584845,7.186409014840161,0.0,1.0,0.0,0.0,0.0,1.0
18,85,12.0,2.6975462630352443,0.0,1.0,1.0,1.0,1.0,1.0
19,85,7.987649605578357,1.407440450695908,1.0,1.0,0.0,1.0,1.0,0.0
0,90,1.0666608760070833,0.134827352683584,0.0,0.0,0.0,1.0,0.0,0.0
1,90,1.336697798206009,2.197951716969176,1.0,0.0,0.0,0.0,0.0,1.0
2,90,0.0,1.5661120971099427,1.0,0.0,0.0,0.0,0.0,0.0
3,90,4.850347532246103,0.0,0.0,1.0,1.0,0.0,1.0,0.0
4,90,0.0003422804052522,1.5841679426618926,0.0,0.0,1.0,1.0,0.0,1.0
5,90,1.0588591053065517,0.0535390278894416,1.0,0.0,0.0,0.0,0.0,0.0
6,90,11.149079531976888,0.5908896732623254,0.0,0.0,0.0,1.0,1.0,0.0
7,90,5.211471849173871,0.8324836270341697,1.0,0.0,0.0,0.0,1.0,1.0
8,90,7.382711614913777,10.42666117304606,0.0,0.0,0.0,1.0,0.0,1.0
9,90,9.207862665861589,11.109500529568445,1.0,0.0,0.0,0.0,0.0,0.0
10,90,0.606617464238945,7.789453047619333,1.0,0.0,1.0,1.0,0.0,1.0
11,90,1.4574820873424637,10.440969499168524,0.0,0.0,1.0,1.0,0.0,0.0
12,90,11.934069291880515,0.4294113024331261,0.0,1.0,0.0,1.0,1.0,0.0
13,90,8.261380386198791,4.591533217215574,0.0,1.0,0.0,0.0,0.0,0.0
14,90,3.410451974992021,0.0,1.0,0.0,0.0,0.0,0.0,0.0
15,90,2.3153471187296177,6.467469072485171,0.0,0.0,1.0,1.0,0.0,0.0
16,90,0.6339745943632674,7.0643300138446286,0.0,0.0,0.0,1.0,1.0,0.0
17,90,6.360362011742895,7.284639749275577,0.0,1.0,0.0,0.0,0.0,1.0
18,90,12.0,2.786168220029621,0.0,1.0,1.0,1.0,1.0,1.0
19,90,7.873890421319161,1.3696579447900628,1.0,1.0,0.0,1.0,1.0,0.0
0,95,1.026237189026984,0.1679321722060574,0.0,0.0,0.0,1.0,0.0,0.0
1,95,1.3135352259910629,2.205767873673925,1.0,0.0,0.0,0.0,0.0,1.0
2,95,0.0,1.610451246950086,1.0,0.0,0.0,0.0,0.0,0.0
3,95,4.851134808534552,0.0,0.0,1.0,1.0,0.0,1.0,0.0
4,95,0.0,1.6048745166987222,0.0,0.0,1.0,1.0,0.0,1.0
5,95,1.057760071358832,0.0520454193009681,1.0,0.0,0.0,0.0,0.0,0.0
6,95,11.156814711049703,0.6165621166810222,0.0,0.0,0.0,1.0,1.0,0.0
7,95,5.290098048712882,0.886639980299028,1.0,0.0,0.0,0.0,1.0,1.0
8,95,7.358650280931674,10.405357202864298,0.0,0.0,0.0,1.0,0.0,1.0
9,95,9.203019211273435,10.951691255565992,1.0,0.0,0.0,0.0,0.0,0.0
10,95,0.6188287772458365,7.78474189845479,1.0,0.0,1.0,1.0,0.0,1.0
11,95,1.483914120520274,10.401273290833222,0.0,0.0,1.0,1.0,0.0,0.0
12,95,11.998388676761532,0.3866128091977229,0.0,1.0,0.0,1.0,1.0,0.0
13,95,8.239954315102871,4.61968052876422,0.0,1.0,0.0,0.0,0.0,0.0
14,95,3.515611653494708,0.0,1.0,0.0,0.0,0.0,0.0,0.0
15,95,2.191530080335612,6.43588294615288,0.0,0.0,1.0,1.0,0.0,0.0
16,95,0.6247184389650746,7.090163185111468,0.0,0.0,0.0,1.0,1.0,0.0
17,95,6.306424975844653,7.401095070565193,0.0,1.0,0.0,0.0,0.0,1.0
18,95,12.0,2.886608507248208,0.0,1.0,1.0,1.0,1.0,1.0
19,95,7.767806534433668,1.3370062418911424,1.0,1.0,0.0,1.0,1.0,0.0
0,100,0.9818996622124428,0.2050300270627474,0.0,0.0,0.0,1.0,0.0,0.0
1,100,1.279431436086636,2.2182294657769197,1.0,0.0,0.0,0.0,0.0,1.0
2,100,0.0,1.6557623599974505,1.0,0.0,0.0,0.0,0.0,0.0
3,100,4.8515714447556775,0.0,0.0,1.0,1.0,0.0,1.0,0.0
4,100,0.0,1.6206847430842275,0.0,0.0,1.0,1.0,0.0,1.0
5,100,1.0687231321031745,0.0665429304755842,1.0,0.0,0.0,0.0,0.0,0.0
6,100,11.158563211707827,0.6220288930287124,0.0,0.0,0.0,1.0,1.0,0.0
7,100,5.350733028676901,0.9285666002621272,1.0,0.0,0.0,0.0,1.0,1.0
8,100,7.347233536911711,10.39461640917833,0.0,0.0,0.0,1.0,0.0,1.0
9,100,9.193781631876114,10.79633329273307,1.0,0.0,0.0,0.0,0.0,0.0
10,100,0.6100775442867193,7.788078424084978,1.0,0.0,1.0,1.0,0.0,1.0
11,100,1.5053744759042822,10.415284093621118,0.0,0.0,1.0,1.0,0.0,0.0
12,100,12.0,0.3420649229486043,0.0,1.0,0.0,1.0,1.0,0.0
13,100,8.215959565626875,4.651239548289404,0.0,1.0,0.0,0.0,0.0,0.0
14,100,3.634093176112758,0.0,1.0,0.0,0.0,0.0,0.0,0.0
15,100,2.0882187538384995,6.408521098186887,0.0,0.0,1.0,1.0,0.0,0.0
16,100,0.6088734189903002,7.13338616323354,0.0,0.0,0.0,1.0,1.0,0.0
17,100,6.251832562540507,7.506740857068673,0.0,1.0,0.0,0.0,0.0,1.0
18,100,12.0,2.976504052975622,0.0,1.0,1.0,1.0,1.0,1.0
19,100,7.656437029431847,1.3019962438417287,1.0,1.0,0.0,1.0,1.0,0.0
0,105,0.969852679362188,0.2147867363078915,0.0,0.0,0.0,1.0,0.0,0.0
1,105,1.2228957101939035,2.237825116455107,1.0,0.0,0.0,0.0,0.0,1.0
2,105,0.0,1.7021805230313327,1.0,0.0,0.0,0.0,0.0,0.0
3,105,4.850143020353008,0.0,0.0,1.0,1.0,0.0,1.0,0.0
4,105,0.0,1.6374520973717608,0.0,0.0,1.0,1.0,0.0,1.0
5,105,1.0746937293984369,0.0745654066266572,1.0,0.0,0.0,0.0,0.0,0.0
6,105,11.154649205304407,0.6102948835356882,0.0,0.0,0.0,1.0,1.0,0.0
7,105,5.4162396973969855,0.9733966890809532,1.0,0.0,0.0,0.0,1.0,1.0
8,105,7.329104334454519,10.37803107395435,0.0,0.0,0.0,1.0,0.0,1.0
9,105,9.188066049256058,10.626034919649246,1.0,0.0,0.0,0.0,0.0,0.0
10,105,0.6113469561646725,7.787595180066878,1.0,0.0,1.0,1.0,0.0,1.0
11,105,1.5209336434916465,10.425786679422789,0.0,0.0,1.0,1.0,0.0,0.0
12,105,12.0,0.3016402409745973,0.0,1.0,0.0,1.0,1.0,0.0
13,105,8.199528878603576,4.672952683280985,0.0,1.0,0.0,0.0,0.0,0.0
14,105,3.768180951346809,0.0,1.0,0.0,0.0,0.0,0.0,0.0
15,105,1.992758709003581,6.384464698244532,0.0,0.0,1.0,1.0,0.0,0.0
16,105,0.5945961886547856,7.170210885416266,0.0,0.0,0.0,1.0,1.0,0.0
17,105,6.185352192022382,7.633173657946105,0.0,1.0,0.0,0.0,0.0,1.0
18,105,12.0,3.056126396037768,0.0,1.0,1.0,1.0,1.0,1.0
19,105,7.556759534340506,1.2716084662651386,1.0,1.0,0.0,1.0,1.0,0.0
0,110,0.9530430023265076,0.2284030209293587,0.0,0.0,0.0,1.0,0.0,0.0
1,110,1.1419194104869197,2.266899570135172,1.0,0.0,0.0,0.0,0.0,1.0
2,110,0.0,1.7553449116934263,1.0,0.0,0.0,0.0,0.0,0.0
3,110,4.848987631800416,0.0,0.0,1.0,1.0,0.0,1.0,0.0
4,110,0.0,1.648810843888556,0.0,0.0,1.0,1.0,0.0,1.0
5,110,1.0937060245600925,0.1003758747076507,1.0,0.0,0.0,0.0,0.0,0.0
6,110,11.14010427299372,0.5649634019068761,0.0,0.0,0.0,1.0,1.0,0.0
7,110,5.48629607685004,1.0232381019206755,1.0,0.0,0.0,0.0,1.0,1.0
8,110,7.299410087408309,10.351646858290442,0.0,0.0,0.0,1.0,0.0,1.0
9,110,9.18158520753073,10.4489883242203,1.0,0.0,0.0,0.0,0.0,0.0
10,110,0.614955360419174,7.786269694903452,1.0,0.0,1.0,1.0,0.0,1.0
11,110,1.513818887654269,10.420802398801696,0.0,0.0,1.0,1.0,0.0,0.0
12,110,12.0,0.2596671070604171,0.0,1.0,0.0,1.0,1.0,0.0
13,110,8.175853060126856,4.704010726522134,0.0,1.0,0.0,0.0,0.0,0.0
14,110,3.9007239055478458,0.0,1.0,0.0,0.0,0.0,0.0,0.0
15,110,1.8980100020136408,6.361381509220097,0.0,0.0,1.0,1.0,0.0,0.0
16,110,0.5780523075271243,7.21683147815884,0.0,0.0,0.0,1.0,1.0,0.0
17,110,6.128334250138968,7.74012742315889,0.0,1.0,0.0,0.0,0.0,1.0
18,110,12.0,3.1075610631909925,0.0,1.0,1.0,1.0,1.0,1.0
19,110,7.453999524904869,1.2412615952930963,1.0,1.0,0.0,1.0,1.0,0.0
0,115,0.9414124571286928,0.2379696641001018,0.0,0.0,0.0,1.0,0.0,0.0
1,115,1.025891526401553,2.307866665027393,1.0,0.0,0.0,0.0,0.0,1.0
2,115,0.0,1.8179517453921767,1.0,0.0,0.0,0.0,0.0,0.0
3,115,4.847538626491238,0.0,0.0,1.0,1.0,0.0,1.0,0.0
4,115,0.0,1.6465551851543014,0.0,0.0,1.0,1.0,0.0,1.0
5,115,1.1103461197232605,0.1228903529783846,1.0,0.0,0.0,0.0,0.0,0.0
6,115,11.128324057872568,0.5280516803563793,0.0,0.0,0.0,1.0,1.0,0.0
7,115,5.560345532487595,1.0754942890880823,1.0,0.0,0.0,0.0,1.0,1.0
8,115,7.275378682828196,10.330902789481708,0.0,0.0,0.0,1.0,0.0,1.0
9,115,9.362174840939469,10.443129351050764,1.0,0.0,0.0,0.0,0.0,0.0
10,115,0.6039625359664137,7.790395583134899,1.0,0.0,1.0,1.0,0.0,1.0
11,115,1.5048825211748238,10.41441930405134,0.0,0.0,1.0,1.0,0.0,0.0
12,115,12.0,0.2177256556951568,0.0,1.0,0.0,1.0,1.0,0.0
13,115,8.148062292156226,4.740383114670196,0.0,1.0,0.0,0.0,0.0,0.0
14,115,4.041602329519173,0.0,1.0,0.0,0.0,0.0,0.0,0.0
15,115,1.820640902248488,6.341909889803957,0.0,0.0,1.0,1.0,0.0,0.0
16,115,0.5664367420337645,7.251841937769366,0.0,0.0,0.0,1.0,1.0,0.0
17,115,6.078369469353164,7.836143091612743,0.0,1.0,0.0,0.0,0.0,1.0
18,115,12.0,3.1679602357193803,0.0,1.0,1.0,1.0,1.0,1.0
19,115,7.353994207755248,1.2088898118578224,1.0,1.0,0.0,1.0,1.0,0.0
0,120,0.9382953406984884,0.2405174464430291,0.0,0.0,0.0,1.0,0.0,0.0
1,120,0.8957392565081576,2.3537167021725907,1.0,0.0,0.0,0.0,0.0,1.0
2,120,0.0,1.8855506169446048,1.0,0.0,0.0,0.0,0.0,0.0
3,120,4.8471109799827685,0.0,0.0,1.0,1.0,0.0,1.0,0.0
4,120,0.0049428880269103,1.648257624733278,0.0,0.0,1.0,1.0,0.0,1.0
5,120,1.1185986832595354,0.1344711973202154,1.0,0.0,0.0,0.0,0.0,0.0
6,120,11.117630697839973,0.4955742530208465,0.0,0.0,0.0,1.0,1.0,0.0
7,120,5.639073698308237,1.1319028661715549,1.0,0.0,0.0,0.0,1.0,1.0
8,120,7.255903658579077,10.314607477199782,0.0,0.0,0.0,1.0,0.0,1.0
9,120,9.547188699582676,10.435618459815872,1.0,0.0,0.0,0.0,0.0,0.0
10,120,0.590990157179061,7.795387761463746,1.0,0.0,1.0,1.0,0.0,1.0
11,120,1.4952248424913184,10.408014265652383,0.0,0.0,1.0,1.0,0.0,0.0
12,120,12.0,0.1767437961531117,0.0,1.0,0.0,1.0,1.0,0.0
13,120,8.116522628796952,4.783741591176906,0.0,1.0,0.0,0.0,0.0,0.0
14,120,4.1752322291549495,0.0,1.0,0.0,0.0,0.0,0.0,0.0
15,120,1.7485716040653374,6.3243684349111335,0.0,0.0,1.0,1.0,0.0,0.0
16,120,0.5485878536050338,7.305010594674465,0.0,0.0,0.0,1.0,1.0,0.0
17,120,6.029278216475201,7.932103234706785,0.0,1.0,0.0,0.0,0.0,1.0
18,120,12.0,3.231771326427183,0.0,1.0,1.0,1.0,1.0,1.0
19,120,7.243726722181501,1.175848632952191,1.0,1.0,0.0,1.0,1.0,0.0
0,125,0.9282492220358656,0.2488403423623573,0.0,0.0,0.0,1.0,0.0,0.0
1,125,0.7586980015768132,2.4037910968149587,1.0,0.0,0.0,0.0,0.0,1.0
2,125,0.0,1.9398071248967788,1.0,0.0,0.0,0.0,0.0,0.0
3,125,4.848538105534943,0.0,0.0,1.0,1.0,0.0,1.0,0.0
4,125,8.27657567272792e-05,1.64672029776472,0.0,0.0,1.0,1.0,0.0,1.0
5,125,1.1247115575432058,0.1436712267674789,1.0,0.0,0.0,0.0,0.0,0.0
6,125,11.1040537491202,0.45399764434497,0.0,0.0,0.0,1.0,1.0,0.0
7,125,5.714768669193699,1.18765240613529,1.0,0.0,0.0,0.0,1.0,1.0
8,125,7.238686509166079,10.300570575825647,0.0,0.0,0.0,1.0,0.0,1.0
9,125,9.73105294743634,10.427314798128776,1.0,0.0,0.0,0.0,0.0,0.0
10,125,0.5742103317939626,7.801697038438269,1.0,0.0,1.0,1.0,0.0,1.0
11,125,1.481446382831396,10.399513698366867,0.0,0.0,1.0,1.0,0.0,0.0
12,125,12.0,0.135490619296848,0.0,1.0,0.0,1.0,1.0,0.0
13,125,8.08607575476778,4.823671394914338,0.0,1.0,0.0,0.0,0.0,0.0
14,125,4.308569791483668,0.0,1.0,0.0,0.0,0.0,0.0,0.0
15,125,1.6820457933838455,6.3089722574341325,0.0,0.0,1.0,1.0,0.0,0.0
16,125,0.5265957986767427,7.370276409721545,0.0,0.0,0.0,1.0,1.0,0.0
17,125,5.968519033300505,8.042204903354811,0.0,1.0,0.0,0.0,0.0,1.0
18,125,12.0,3.307050059784038,0.0,1.0,1.0,1.0,1.0,1.0
19,125,7.142067194521272,1.1464137928935465,1.0,1.0,0.0,1.0,1.0,0.0
0,130,0.9239901092639272,0.2521828086432608,0.0,0.0,0.0,1.0,0.0,0.0
1,130,0.6048209602575307,2.4596019190616727,1.0,0.0,0.0,0.0,0.0,1.0
2,130,0.0,1.9922686214961771,1.0,0.0,0.0,0.0,0.0,0.0
3,130,4.849984061309153,0.0,0.0,1.0,1.0,0.0,1.0,0.0
4,130,0.0,1.642369163214098,0.0,0.0,1.0,1.0,0.0,1.0
5,130,1.1289045078540294,0.1500237771930933,1.0,0.0,0.0,0.0,0.0,0.0
6,130,11.092118956214764,0.4182465398748052,0.0,0.0,0.0,1.0,1.0,0.0
7,130,5.812598132712708,1.2600276096521634,1.0,0.0,0.0,0.0,1.0,1.0
8,130,7.2082638515446416,10.275984571811756,0.0,0.0,0.0,1.0,0.0,1.0
9,130,9.909234337200033,10.415373188809957,1.0,0.0,0.0,0.0,0.0,0.0
10,130,0.5502678582813054,7.810547141164097,1.0,0.0,1.0,1.0,0.0,1.0
11,130,1.4661222275327932,10.390409688443748,0.0,0.0,1.0,1.0,0.0,0.0
12,130,12.0,0.1022405612391043,0.0,1.0,0.0,1.0,1.0,0.0
13,130,8.067038358241245,4.847629494775341,0.0,1.0,0.0,0.0,0.0,0.0
14,130,4.430235534913586,0.0,1.0,0.0,0.0,0.0,0.0,0.0
15,130,1.5951576573802635,6.28633078164135,0.0,0.0,1.0,1.0,0.0,0.0
16,130,0.502485735516714,7.438753019348384,0.0,0.0,0.0,1.0,1.0,0.0
17,130,5.9120243998211714,8.142642123242597,0.0,1.0,0.0,0.0,0.0,1.0
18,130,12.0,3.380302996036148,0.0,1.0,1.0,1.0,1.0,1.0
19,130,7.037764413138405,1.1162463162806433,1.0,1.0,0.0,1.0,1.0,0.0
0,135,0.93787914703653,0.2412797479630638,0.0,0.0,0.0,1.0,0.0,0.0
1,135,0.4815976752762168,2.5065279162928364,1.0,0.0,0.0,0.0,0.0,1.0
2,135,0.0,2.029291209115508,1.0,0.0,0.0,0.0,0.0,0.0
3,135,4.851700237672037,0.0,0.0,1.0,1.0,0.0,1.0,0.0
4,135,0.0,1.6342088201674014,0.0,0.0,1.0,1.0,0.0,1.0
5,135,1.130922183552861,0.1528596831820045,1.0,0.0,0.0,0.0,0.0,0.0
6,135,11.08314116434046,0.3907851336053978,0.0,0.0,0.0,1.0,1.0,0.0
7,135,5.89441378407099,1.322567169127402,1.0,0.0,0.0,0.0,1.0,1.0
8,135,7.164304535967491,10.239439013626482,0.0,0.0,0.0,1.0,0.0,1.0
9,135,10.094772814954789,10.40352322835797,1.0,0.0,0.0,0.0,0.0,0.0
10,135,0.5231312053114826,7.820387894792292,1.0,0.0,1.0,1.0,0.0,1.0
11,135,1.4508504007253231,10.381570081552452,0.0,0.0,1.0,1.0,0.0,0.0
12,135,12.0,0.0799777013643316,0.0,1.0,0.0,1.0,1.0,0.0
13,135,8.05180940744669,4.866582069304565,0.0,1.0,0.0,0.0,0.0,0.0
14,135,4.539936415218546,0.0,1.0,0.0,0.0,0.0,0.0,0.0
15,135,1.4961887257516269,6.259021911035317,0.0,0.0,1.0,1.0,0.0,0.0
16,135,0.4809267525354755,7.501476465115771,0.0,0.0,0.0,1.0,1.0,0.0
17,135,5.862674422472784,8.226567331927038,0.0,1.0,0.0,0.0,0.0,1.0
18,135,12.0,3.4429373411294493,0.0,1.0,1.0,1.0,1.0,1.0
19,135,6.929265543920009,1.086784848258726,1.0,1.0,0.0,1.0,1.0,0.0
0,140,0.9509881518896338,0.2312148544425248,0.0,0.0,0.0,1.0,0.0,0.0
1,140,0.3632411972731402,2.5497685035759927,1.0,0.0,0.0,0.0,0.0,1.0
2,140,0.0,2.071940573059904,1.0,0.0,0.0,0.0,0.0,0.0
3,140,4.852496489505517,0.0,0.0,1.0,1.0,0.0,1.0,0.0
4,140,0.0,1.624551566854732,0.0,0.0,1.0,1.0,0.0,1.0
5,140,1.1269289209677564,0.1471854676164913,1.0,0.0,0.0,0.0,0.0,0.0
6,140,11.073249024153611,0.3623478672361626,0.0,0.0,0.0,1.0,1.0,0.0
7,140,5.963875324633069,1.3755594511375746,1.0,0.0,0.0,0.0,1.0,1.0
8,140,7.11854258839004,10.201321353418844,0.0,0.0,0.0,1.0,0.0,1.0
9,140,10.308306981648585,10.396036701641412,1.0,0.0,0.0,0.0,0.0,0.0
10,140,0.4882691785900789,7.83302772611504,1.0,0.0,1.0,1.0,0.0,1.0
11,140,1.4155216617417947,10.361812609869872,0.0,0.0,1.0,1.0,0.0,0.0
12,140,12.0,0.0706924971701515,0.0,1.0,0.0,1.0,1.0,0.0
13,140,8.046469705584837,4.873294195571245,0.0,1.0,0.0,0.0,0.0,0.0
14,140,4.6440578882144665,0.0,1.0,0.0,0.0,0.0,0.0,0.0
15,140,1.403969706548321,6.233838705005643,0.0,0.0,1.0,1.0,0.0,0.0
16,140,0.4564225372005062,7.566773366851412,0.0,0.0,0.0,1.0,1.0,0.0
17,140,5.80647018570709,8.318165744555118,0.0,1.0,0.0,0.0,0.0,1.0
18,140,12.0,3.4724471452997734,0.0,1.0,1.0,1.0,1.0,1.0
19,140,6.813408083820445,1.0542826048102572,1.0,1.0,0.0,1.0,1.0,0.0
0,145,0.9630051744898604,0.2216445830448521,0.0,0.0,0.0,1.0,0.0,0.0
1,145,0.213437670382851,2.60843474667484,1.0,0.0,0.0,0.0,0.0,1.0
2,145,0.0,2.108312078498856,1.0,0.0,0.0,0.0,0.0,0.0
3,145,4.853070437308133,0.0,0.0,1.0,1.0,0.0,1.0,0.0
4,145,0.0,1.6180397827000668,0.0,0.0,1.0,1.0,0.0,1.0
5,145,1.1186022357457273,0.1531219470506291,1.0,0.0,0.0,0.0,0.0,0.0
6,145,11.059133890574392,0.3234599316207658,0.0,0.0,0.0,1.0,1.0,0.0
7,145,6.045508080720801,1.4355256002413137,1.0,0.0,0.0,0.0,1.0,1.0
8,145,7.06023437095208,10.153604655831476,0.0,0.0,0.0,1.0,0.0,1.0
9,145,10.49208991980144,10.384215857889838,1.0,0.0,0.0,0.0,0.0,0.0
10,145,0.4617877341118315,7.842066364715273,1.0,0.0,1.0,1.0,0.0,1.0
11,145,1.3953042176622863,10.350432563935296,0.0,0.0,1.0,1.0,0.0,0.0
12,145,12.0,0.0660791266564748,0.0,1.0,0.0,1.0,1.0,0.0
13,145,8.04948612063476,4.869579643127897,0.0,1.0,0.0,0.0,0.0,0.0
14,145,4.763814682127882,0.0,1.0,0.0,0.0,0.0,0.0,0.0
15,145,1.3211255362291126,6.211439182685243,0.0,0.0,1.0,1.0,0.0,0.0
16,145,0.4374130014302236,7.620669061033633,0.0,0.0,0.0,1.0,1.0,0.0
17,145,5.738669244666816,8.422511209810674,0.0,1.0,0.0,0.0,0.0,1.0
18,145,12.0,3.5067568487832954,0.0,1.0,1.0,1.0,1.0,1.0
19,145,6.710676488797611,1.02550924769001,1.0,1.0,0.0,1.0,1.0,0.0
0,150,0.9668673172678692,0.2185342551685077,0.0,0.0,0.0,1.0,0.0,0.0
1,150,0.0828024674978495,2.665011615989368,1.0,0.0,0.0,0.0,0.0,1.0
2,150,0.0,2.1553404102608518,1.0,0.0,0.0,0.0,0.0,0.0
3,150,4.853008515937488,0.0,0.0,1.0,1.0,0.0,1.0,0.0
4,150,0.0,1.6121597351347257,0.0,0.0,1.0,1.0,0.0,1.0
5,150,1.1013761074524775,0.1655622995016284,1.0,0.0,0.0,0.0,0.0,0.0
6,150,11.049684304810963,0.2966506432209083,0.0,0.0,0.0,1.0,1.0,0.0
7,150,6.108425922834742,1.4856647115216814,1.0,0.0,0.0,0.0,1.0,1.0
8,150,7.013673647975756,10.11509887396894,0.0,0.0,0.0,1.0,0.0,1.0
9,150,10.71313300278291,10.367229933433451,1.0,0.0,0.0,0.0,0.0,0.0
10,150,0.4369089493925286,7.8512432605886815,1.0,0.0,1.0,1.0,0.0,1.0
11,150,1.364526623120953,10.333330882662516,0.0,0.0,1.0,1.0,0.0,0.0
12,150,11.994542316093645,0.0689698950650519,0.0,1.0,0.0,1.0,1.0,0.0
13,150,8.04885202099058,4.870326466065787,0.0,1.0,0.0,0.0,0.0,0.0
14,150,4.878359913515629,0.0,1.0,0.0,0.0,0.0,0.0,0.0
15,150,1.2308355397402249,6.183261611746845,0.0,0.0,1.0,1.0,0.0,0.0
16,150,0.4042844373238195,7.714925315417866,0.0,0.0,0.0,1.0,1.0,0.0
17,150,5.669693298783553,8.52910780661745,0.0,1.0,0.0,0.0,0.0,1.0
18,150,12.0,3.5192250438835466,0.0,1.0,1.0,1.0,1.0,1.0
19,150,6.581784276096123,0.9834302123732912,1.0,1.0,0.0,1.0,1.0,0.0
0,155,0.957481370894898,0.2262269673716698,0.0,0.0,0.0,1.0,0.0,0.0
1,155,0.0,2.7289059491814665,1.0,0.0,0.0,0.0,0.0,1.0
2,155,0.0,2.194610206207695,1.0,0.0,0.0,0.0,0.0,0.0
3,155,4.852896579198831,0.0,0.0,1.0,1.0,0.0,1.0,0.0
4,155,0.0,1.6090851578182928,0.0,0.0,1.0,1.0,0.0,1.0
5,155,1.084768428224877,0.1780579216196175,1.0,0.0,0.0,0.0,0.0,0.0
6,155,11.034689146171768,0.25245705299288,0.0,0.0,0.0,1.0,1.0,0.0
7,155,6.180138100704944,1.5459235558120137,1.0,0.0,0.0,0.0,1.0,1.0
8,155,6.975566566840393,10.083911476224964,0.0,0.0,0.0,1.0,0.0,1.0
9,155,10.958321238088375,10.34518321017144,1.0,0.0,0.0,0.0,0.0,0.0
10,155,0.4271584314679511,7.854729214466114,1.0,0.0,1.0,1.0,0.0,1.0
11,155,1.33065940876539,10.314458930732416,0.0,0.0,1.0,1.0,0.0,0.0
12,155,11.990300197840607,0.0712702713924618,0.0,1.0,0.0,1.0,1.0,0.0
13,155,8.03508812900181,4.886176322971486,0.0,1.0,0.0,0.0,0.0,0.0
14,155,5.0056225212397365,0.0,1.0,0.0,0.0,0.0,0.0,0.0
15,155,1.1066314525503178,6.143632599620371,0.0,0.0,1.0,1.0,0.0,0.0
16,155,0.3715311044492044,7.820164121857875,0.0,0.0,0.0,1.0,1.0,0.0
17,155,5.596970048815846,8.630482789369866,0.0,1.0,0.0,0.0,0.0,1.0
18,155,12.0,3.532081217479489,0.0,1.0,1.0,1.0,1.0,1.0
19,155,6.457111657875681,0.9418615907645492,1.0,1.0,0.0,1.0,1.0,0.0
0,160,0.9540801872190774,0.2288680657846599,0.0,0.0,0.0,1.0,0.0,0.0
1,160,0.0,2.7918404784959105,1.0,0.0,0.0,0.0,0.0,1.0
2,160,0.0,2.242132985971264,1.0,0.0,0.0,0.0,0.0,0.0
3,160,4.85288248768452,0.0,0.0,1.0,1.0,0.0,1.0,0.0
4,160,0.0,1.6044844844926864,0.0,0.0,1.0,1.0,0.0,1.0
5,160,1.0620324103255456,0.1942281785922199,1.0,0.0,0.0,0.0,0.0,0.0
6,160,11.018415640990025,0.2095748107758051,0.0,0.0,0.0,1.0,1.0,0.0
7,160,6.270478855639593,1.6203850246200855,1.0,0.0,0.0,0.0,1.0,1.0
8,160,6.952709504148395,10.064573334312296,0.0,0.0,0.0,1.0,0.0,1.0
9,160,11.214817488842932,10.321012450358538,1.0,0.0,0.0,0.0,0.0,0.0
10,160,0.4100072846039565,7.860738170344014,1.0,0.0,1.0,1.0,0.0,1.0
11,160,1.287134347077301,10.290310467350617,0.0,0.0,1.0,1.0,0.0,0.0
12,160,11.98181023066995,0.0759082372289024,0.0,1.0,0.0,1.0,1.0,0.0
13,160,8.00686910747811,4.919118466715901,0.0,1.0,0.0,0.0,0.0,0.0
14,160,5.138930241736244,0.0,1.0,0.0,0.0,0.0,0.0,0.0
15,160,0.972576388635478,6.100808278202428,0.0,0.0,1.0,1.0,0.0,0.0
16,160,0.3434584736079836,7.91546654267431,0.0,0.0,0.0,1.0,1.0,0.0
17,160,5.526051148091253,8.729831445003786,0.0,1.0,0.0,0.0,0.0,1.0
18,160,12.0,3.5497503356328486,0.0,1.0,1.0,1.0,1.0,1.0
19,160,6.327302235590887,0.8979132916848883,1.0,1.0,0.0,1.0,1.0,0.0
0,165,0.9410155777809368,0.239047274218189,0.0,0.0,0.0,1.0,0.0,0.0
1,165,0.0,2.863608709663872,1.0,0.0,0.0,0.0,0.0,1.0
2,165,0.0,2.294141718730148,1.0,0.0,0.0,0.0,0.0,0.0
3,165,4.852653404035259,0.0,0.0,1.0,1.0,0.0,1.0,0.0
4,165,0.0,1.6025577886877571,0.0,0.0,1.0,1.0,0.0,1.0
5,165,1.0496886814334776,0.2025896064083489,1.0,0.0,0.0,0.0,0.0,0.0
6,165,11.002490118041925,0.1679273825944825,0.0,0.0,0.0,1.0,1.0,0.0
7,165,6.370153352417798,1.7066881660123616,1.0,0.0,0.0,0.0,1.0,1.0
8,165,6.920460161533257,10.037499847541644,0.0,0.0,0.0,1.0,0.0,1.0
9,165,11.486702866106246,10.295794644673997,1.0,0.0,0.0,0.0,0.0,0.0
10,165,0.3794334995874231,7.871320967363779,1.0,0.0,1.0,1.0,0.0,1.0
11,165,1.2191918170152745,10.2528620919501,0.0,0.0,1.0,1.0,0.0,0.0
12,165,11.978295532296388,0.0779127087648791,0.0,1.0,0.0,1.0,1.0,0.0
13,165,7.982274613665106,4.94793129272892,0.0,1.0,0.0,0.0,0.0,0.0
14,165,5.274767325830719,0.0,1.0,0.0,0.0,0.0,0.0,0.0
15,165,0.8450082339742863,6.06026827444307,0.0,0.0,1.0,1.0,0.0,0.0
16,165,0.3099423353638193,8.023940702554949,0.0,0.0,0.0,1.0,1.0,0.0
17,165,5.455151300819323,8.829228907973448,0.0,1.0,0.0,0.0,0.0,1.0
18,165,12.0,3.583405372836209,0.0,1.0,1.0,1.0,1.0,1.0
19,165,6.202016309005454,0.8540792670295259,1.0,1.0,0.0,1.0,1.0,0.0
0,170,0.9232239813177356,0.2533560476401138,0.0,0.0,0.0,1.0,0.0,0.0
1,170,0.0,2.936373530627016,1.0,0.0,0.0,0.0,0.0,1.0
2,170,0.0,2.3407770339457,1.0,0.0,0.0,0.0,0.0,0.0
3,170,4.852952380722365,0.0,0.0,1.0,1.0,0.0,1.0,0.0
4,170,0.0,1.5995631639850958,0.0,0.0,1.0,1.0,0.0,1.0
5,170,1.024164390837963,0.2199380372981775,1.0,0.0,0.0,0.0,0.0,0.0
6,170,10.988213986487237,0.1299782125712138,0.0,0.0,0.0,1.0,1.0,0.0
7,170,6.476942807218756,1.79691188766782,1.0,0.0,0.0,0.0,1.0,1.0
8,170,6.8885394801098,10.01147018827004,0.0,0.0,0.0,1.0,0.0,1.0
9,170,11.766220176626168,10.26677549508332,1.0,0.0,0.0,0.0,0.0,0.0
10,170,0.3444968021291723,7.883020556636213,1.0,0.0,1.0,1.0,0.0,1.0
11,170,1.1420884735063257,10.208801140638508,0.0,0.0,1.0,1.0,0.0,0.0
12,170,11.96938153868548,0.0832009195990945,0.0,1.0,0.0,1.0,1.0,0.0
13,170,7.972404781706132,4.959602566921483,0.0,1.0,0.0,0.0,0.0,0.0
14,170,5.40057532749489,0.0,1.0,0.0,0.0,0.0,0.0,0.0
15,170,0.7254214335837386,6.026568115693822,0.0,0.0,1.0,1.0,0.0,0.0
16,170,0.2757751677739934,8.128640426619114,0.0,0.0,0.0,1.0,1.0,0.0
17,170,5.390763814431848,8.921940010923791,0.0,1.0,0.0,0.0,0.0,1.0
18,170,12.0,3.6073820548950657,0.0,1.0,1.0,1.0,1.0,1.0
19,170,6.06104495155766,0.8125066531972176,1.0,1.0,0.0,1.0,1.0,0.0
0,175,0.917522731309544,0.257885393792362,0.0,0.0,0.0,1.0,0.0,0.0
1,175,0.0,3.0167017002122094,1.0,0.0,0.0,0.0,0.0,1.0
2,175,0.0,2.383648837685258,1.0,0.0,0.0,0.0,0.0,0.0
3,175,4.852906630806494,0.0,0.0,1.0,1.0,0.0,1.0,0.0
4,175,0.0,1.5982333115776348,0.0,0.0,1.0,1.0,0.0,1.0
5,175,0.9660554079745682,0.2616403492593769,1.0,0.0,0.0,0.0,0.0,0.0
6,175,10.969377280553344,0.0743645460406452,0.0,0.0,0.0,1.0,1.0,0.0
7,175,6.567190394607544,1.869449354695383,1.0,0.0,0.0,0.0,1.0,1.0
8,175,6.857974032345719,9.986959918716884,0.0,0.0,0.0,1.0,0.0,1.0
9,175,12.0,10.23651373066606,1.0,0.0,0.0,0.0,0.0,0.0
10,175,0.3159278073573636,7.892454336112867,1.0,0.0,1.0,1.0,0.0,1.0
11,175,1.0709238465770636,10.167587371360138,0.0,0.0,1.0,1.0,0.0,0.0
12,175,11.966617889302569,0.0848619619058993,0.0,1.0,0.0,1.0,1.0,0.0
13,175,7.95825627272012,4.976538532676678,0.0,1.0,0.0,0.0,0.0,0.0
14,175,5.535920720359164,0.0,1.0,0.0,0.0,0.0,0.0,0.0
15,175,0.6083701502109358,5.991974617529618,0.0,0.0,1.0,1.0,0.0,0.0
16,175,0.2345234936870958,8.247825701554543,0.0,0.0,0.0,1.0,1.0,0.0
17,175,5.333971097957768,9.0085242128877,0.0,1.0,0.0,0.0,0.0,1.0
18,175,12.0,3.6235893707479545,0.0,1.0,1.0,1.0,1.0,1.0
19,175,5.904395540479784,0.7701523122505415,1.0,1.0,0.0,1.0,1.0,0.0
0,180,0.924456727129768,0.2524233771504199,0.0,0.0,0.0,1.0,0.0,0.0
1,180,0.0,3.089018142791801,1.0,0.0,0.0,0.0,0.0,1.0
2,180,0.0,2.4120817695804786,1.0,0.0,0.0,0.0,0.0,0.0
3,180,4.851816345126067,0.0,0.0,1.0,1.0,0.0,1.0,0.0
4,180,0.0,1.593349412186362,0.0,0.0,1.0,1.0,0.0,1.0
5,180,0.9068159561720238,0.3023184814941157,1.0,0.0,0.0,0.0,0.0,0.0
6,180,10.9429033316813,0.0,0.0,0.0,0.0,1.0,1.0,0.0
7,180,6.660395979387317,1.9455345342238133,1.0,0.0,0.0,0.0,1.0,1.0
8,180,6.821562527463513,9.956848738914728,0.0,0.0,0.0,1.0,0.0,1.0
9,180,12.0,10.203836099258837,1.0,0.0,0.0,0.0,0.0,0.0
10,180,0.300140405878585,7.897742592355598,1.0,0.0,1.0,1.0,0.0,1.0
11,180,0.9971282530016464,10.123562915908684,0.0,0.0,1.0,1.0,0.0,0.0
12,180,11.955344680489898,0.0919529601231248,0.0,1.0,0.0,1.0,1.0,0.0
13,180,7.932949056221121,5.006072649884072,0.0,1.0,0.0,0.0,0.0,0.0
14,180,5.671528689101669,0.0,1.0,0.0,0.0,0.0,0.0,0.0
15,180,0.4871423784932717,5.956332274775596,0.0,0.0,1.0,1.0,0.0,0.0
16,180,0.1951415432684599,8.349793098147567,0.0,0.0,0.0,1.0,1.0,0.0
17,180,5.264296794427885,9.106266354521376,0.0,1.0,0.0,0.0,0.0,1.0
18,180,12.0,3.647003850213418,0.0,1.0,1.0,1.0,1.0,1.0
19,180,5.728420245600411,0.7198596262361717,1.0,1.0,0.0,1.0,1.0,0.0
0,185,0.930890036006262,0.2475019817214782,0.0,0.0,0.0,1.0,0.0,0.0
1,185,0.0,3.153224747845216,1.0,0.0,0.0,0.0,0.0,1.0
2,185,0.0,2.4309866273882643,1.0,0.0,0.0,0.0,0.0,0.0
3,185,4.905391370098023,0.0,0.0,1.0,1.0,0.0,1.0,0.0
4,185,0.0030023027750746,1.5943302131204928,0.0,0.0,1.0,1.0,0.0,1.0
5,185,0.8371300435864087,0.3527004766885926,1.0,0.0,0.0,0.0,0.0,0.0
6,185,10.914378778779716,0.0,0.0,0.0,0.0,1.0,1.0,0.0
7,185,6.762420050265585,2.0256635056539105,1.0,0.0,0.0,0.0,1.0,1.0
8,185,6.7908400784419065,9.932320988120722,0.0,0.0,0.0,1.0,0.0,1.0
9,185,12.0,10.171301815618198,1.0,0.0,0.0,0.0,0.0,0.0
10,185,0.2766472481421461,7.906098971281459,1.0,0.0,1.0,1.0,0.0,1.0
11,185,0.9220027981707828,10.078914882552429,0.0,0.0,1.0,1.0,0.0,0.0
12,185,11.950543241778158,0.0946612725164944,0.0,1.0,0.0,1.0,1.0,0.0
13,185,7.921015914728427,5.019437671829793,0.0,1.0,0.0,0.0,0.0,0.0
14,185,5.801874434358032,0.0,1.0,0.0,0.0,0.0,0.0,0.0
15,185,0.3837035142611537,5.923122531503522,0.0,0.0,1.0,1.0,0.0,0.0
16,185,0.1528871964324307,8.461786117019157,0.0,0.0,0.0,1.0,1.0,0.0
17,185,5.170867753177364,9.232106034164527,0.0,1.0,0.0,0.0,0.0,1.0
18,185,12.0,3.672658195806608,0.0,1.0,1.0,1.0,1.0,1.0
19,185,5.546545423793796,0.6683375154667219,1.0,1.0,0.0,1.0,1.0,0.0
0,190,0.9372079130640398,0.2426899389756767,0.0,0.0,0.0,1.0,0.0,0.0
1,190,0.0,3.221177393962459,1.0,0.0,0.0,0.0,0.0,1.0
2,190,0.0,2.4525708110563142,1.0,0.0,0.0,0.0,0.0,0.0
3,190,4.961676866729092,0.0,0.0,1.0,1.0,0.0,1.0,0.0
4,190,0.014644227894712,1.5979130709283684,0.0,0.0,1.0,1.0,0.0,1.0
5,190,0.7846245700871953,0.390903828551061,1.0,0.0,0.0,0.0,0.0,0.0
6,190,10.892499191720535,0.0,0.0,0.0,0.0,1.0,1.0,0.0
7,190,6.8627398653521,2.103298606208773,1.0,0.0,0.0,0.0,1.0,1.0
8,190,6.761100053722716,9.908791746528244,0.0,0.0,0.0,1.0,0.0,1.0
9,190,12.0,10.138552086892052,1.0,0.0,0.0,0.0,0.0,0.0
10,190,0.2568352273654533,7.912727468026834,1.0,0.0,1.0,1.0,0.0,1.0
11,190,0.85485558725881,10.0379430852724,0.0,0.0,1.0,1.0,0.0,0.0
12,190,11.956121538604256,0.0914036413297041,0.0,1.0,0.0,1.0,1.0,0.0
13,190,7.903397453586744,5.039604329733237,0.0,1.0,0.0,0.0,0.0,0.0
14,190,5.938304413580625,0.0,1.0,0.0,0.0,0.0,0.0,0.0
15,190,0.3012712883282236,5.898271667320655,0.0,0.0,1.0,1.0,0.0,0.0
16,190,0.1039443803712025,8.589092662284997,0.0,0.0,0.0,1.0,1.0,0.0
17,190,5.105369861887839,9.31884215792972,0.0,1.0,0.0,0.0,0.0,1.0
18,190,12.0,3.707688937762603,0.0,1.0,1.0,1.0,1.0,1.0
19,190,5.357807196694088,0.6135108559634919,1.0,1.0,0.0,1.0,1.0,0.0
0,195,0.9340328894378308,0.2452277362074202,0.0,0.0,0.0,1.0,0.0,0.0
1,195,0.0,3.292868202884544,1.0,0.0,0.0,0.0,0.0,1.0
2,195,0.0,2.4782190911337056,1.0,0.0,0.0,0.0,0.0,0.0
3,195,5.028032211968979,0.0,0.0,1.0,1.0,0.0,1.0,0.0
4,195,0.007504181895153,1.5959705021484234,0.0,0.0,1.0,1.0,0.0,1.0
5,195,0.7321191369265377,0.4292630763530418,1.0,0.0,0.0,0.0,0.0,0.0
6,195,10.869012988172187,0.0,0.0,0.0,0.0,1.0,1.0,0.0
7,195,6.959354371573849,2.18053222396434,1.0,0.0,0.0,0.0,1.0,1.0
8,195,6.732412397230395,9.885490103192913,0.0,0.0,0.0,1.0,0.0,1.0
9,195,12.0,10.110062963099027,1.0,0.0,0.0,0.0,0.0,0.0
10,195,0.2285189311841805,7.922251940276297,1.0,0.0,1.0,1.0,0.0,1.0
11,195,0.8930529144600078,9.976331267336676,0.0,0.0,1.0,1.0,0.0,0.0
12,195,11.959715185283372,0.0893313322137679,0.0,1.0,0.0,1.0,1.0,0.0
13,195,7.877733109700697,5.070392108796213,0.0,1.0,0.0,0.0,0.0,0.0
14,195,6.063958417938937,0.0,1.0,0.0,0.0,0.0,0.0,0.0
15,195,0.2249775782391934,5.878480731046918,0.0,0.0,1.0,1.0,0.0,0.0
16,195,0.059342029202744,8.711242741015598,0.0,0.0,0.0,1.0,1.0,0.0
17,195,5.022728780298086,9.424365043391315,0.0,1.0,0.0,0.0,0.0,1.0
18,195,12.0,3.763058991116826,0.0,1.0,1.0,1.0,1.0,1.0
19,195,5.19055936180126,0.5594651547950485,1.0,1.0,0.0,1.0,1.0,0.0
0,200,0.9362952024811988,0.2433952444035155,0.0,0.0,0.0,1.0,0.0,0.0
1,200,0.0,3.3740129087140214,1.0,0.0,0.0,0.0,0.0,1.0
2,200,0.0,2.5100565011803617,1.0,0.0,0.0,0.0,0.0,0.0
3,200,5.117307907582807,0.0,0.0,1.0,1.0,0.0,1.0,0.0
4,200,0.0,1.5906850525193474,0.0,0.0,1.0,1.0,0.0,1.0
5,200,0.679423855161435,0.4667693866084539,1.0,0.0,0.0,0.0,0.0,0.0
6,200,10.850521702501188,0.0,0.0,0.0,0.0,1.0,1.0,0.0
7,200,7.054433314307352,2.2597591780242428,1.0,0.0,0.0,0.0,1.0,1.0
8,200,6.693482798276897,9.85513584604448,0.0,0.0,0.0,1.0,0.0,1.0
9,200,12.0,10.07198424777478,1.0,0.0,0.0,0.0,0.0,0.0
10,200,0.193242816957096,7.93409442940244,1.0,0.0,1.0,1.0,0.0,1.0
11,200,0.9244742206108856,9.923355469922424,0.0,0.0,1.0,1.0,0.0,0.0
12,200,11.982962175751991,0.0754989723171545,0.0,1.0,0.0,1.0,1.0,0.0
13,200,7.856472938560071,5.096001643066135,0.0,1.0,0.0,0.0,0.0,0.0
14,200,6.180580184090438,0.0,1.0,0.0,0.0,0.0,0.0,0.0
15,200,0.1492174936952375,5.858554449375575,0.0,0.0,1.0,1.0,0.0,0.0
16,200,0.011185413943444,8.83520596011343,0.0,0.0,0.0,1.0,1.0,0.0
17,200,4.930680395983606,9.53983867328931,0.0,1.0,0.0,0.0,0.0,1.0
18,200,12.0,3.8374540318932246,0.0,1.0,1.0,1.0,1.0,1.0
19,200,5.017711648897008,0.5029550918276985,1.0,1.0,0.0,1.0,1.0,0.0
0,205,0.9379699305445538,0.2420804666672537,0.0,0.0,0.0,1.0,0.0,0.0
1,205,0.0,3.4495421796525583,1.0,0.0,0.0,0.0,0.0,1.0
2,205,0.0,2.532445867363148,1.0,0.0,0.0,0.0,0.0,0.0
3,205,5.21010114302679,0.0,0.0,1.0,1.0,0.0,1.0,0.0
4,205,0.0,1.5866722498412058,0.0,0.0,1.0,1.0,0.0,1.0
5,205,0.6379883906352003,0.4949250275690149,1.0,0.0,0.0,0.0,0.0,0.0
6,205,10.836826677547084,0.0,0.0,0.0,0.0,1.0,1.0,0.0
7,205,7.151117549949534,2.339470332447271,1.0,0.0,0.0,0.0,1.0,1.0
8,205,6.660208354561905,9.829484057653232,0.0,0.0,0.0,1.0,0.0,1.0
9,205,12.0,10.036126056617023,1.0,0.0,0.0,0.0,0.0,0.0
10,205,0.1802477264463965,7.938460702727468,1.0,0.0,1.0,1.0,0.0,1.0
11,205,0.9525614214850926,9.879741028104974,0.0,0.0,1.0,1.0,0.0,0.0
12,205,11.994212435285382,0.0686360413503707,0.0,1.0,0.0,1.0,1.0,0.0
13,205,7.822825821025331,5.1348538266906605,0.0,1.0,0.0,0.0,0.0,0.0
14,205,6.27952848128843,0.0,1.0,0.0,0.0,0.0,0.0,0.0
15,205,0.0703092333795712,5.834334136685701,0.0,0.0,1.0,1.0,0.0,0.0
16,205,0.0,8.962664680067812,0.0,0.0,0.0,1.0,1.0,0.0
17,205,4.827383498496438,9.665991136511977,0.0,1.0,0.0,0.0,0.0,1.0
18,205,12.0,3.8959447678394215,0.0,1.0,1.0,1.0,1.0,1.0
19,205,4.86348680366157,0.4531018018252,1.0,1.0,0.0,1.0,1.0,0.0
0,210,0.9156858757389762,0.2598150488359715,0.0,0.0,0.0,1.0,0.0,0.0
1,210,0.0,3.528423414549144,1.0,0.0,0.0,0.0,0.0,1.0
2,210,0.0,2.55189759453854,1.0,0.0,0.0,0.0,0.0,0.0
3,210,5.316075508197039,0.0,0.0,1.0,1.0,0.0,1.0,0.0
4,210,0.0,1.5788019604277046,0.0,0.0,1.0,1.0,0.0,1.0
5,210,0.5759977119235512,0.5369797485595178,1.0,0.0,0.0,0.0,0.0,0.0
6,210,10.891046187710954,0.0,0.0,0.0,0.0,1.0,1.0,0.0
7,210,7.246285740922177,2.416916211627884,1.0,0.0,0.0,0.0,1.0,1.0
8,210,6.634182598844183,9.80952124205361,0.0,0.0,0.0,1.0,0.0,1.0
9,210,12.0,10.003487778826845,1.0,0.0,0.0,0.0,0.0,0.0
10,210,0.1661920162637497,7.943342628407902,1.0,0.0,1.0,1.0,0.0,1.0
11,210,0.974199464202497,9.845634296911632,0.0,0.0,1.0,1.0,0.0,0.0
12,210,11.998904192830954,0.0657987427284654,0.0,1.0,0.0,1.0,1.0,0.0
13,210,7.768692656704808,5.19778561383278,0.0,1.0,0.0,0.0,0.0,0.0
14,210,6.3928982867269095,0.0,1.0,0.0,0.0,0.0,0.0,0.0
15,210,0.0,5.811785895457771,0.0,0.0,1.0,1.0,0.0,0.0
16,210,0.0,9.107364506113926,0.0,0.0,0.0,1.0,1.0,0.0
17,210,4.730180662544852,9.78803866871592,0.0,1.0,0.0,0.0,0.0,1.0
18,210,12.0,3.950817303794305,0.0,1.0,1.0,1.0,1.0,1.0
19,210,4.710268145392663,0.4093045381970682,1.0,1.0,0.0,1.0,1.0,0.0
0,215,0.9033777427005826,0.2697263082295936,0.0,0.0,0.0,1.0,0.0,0.0
1,215,0.0,3.6200031020054695,1.0,0.0,0.0,0.0,0.0,1.0
2,215,0.0,2.561977244447051,1.0,0.0,0.0,0.0,0.0,0.0
3,215,5.42129785815569,0.0,0.0,1.0,1.0,0.0,1.0,0.0
4,215,0.0,1.5748151805622306,0.0,0.0,1.0,1.0,0.0,1.0
5,215,0.5171650329681841,0.5774144117575379,1.0,0.0,0.0,0.0,0.0,0.0
6,215,10.936635262828114,0.0,0.0,0.0,0.0,1.0,1.0,0.0
7,215,7.33837573530774,2.491816251101592,1.0,0.0,0.0,0.0,1.0,1.0
8,215,6.609648542623681,9.791764225528802,0.0,0.0,0.0,1.0,0.0,1.0
9,215,12.0,9.964396202473276,1.0,0.0,0.0,0.0,0.0,0.0
10,215,0.1522486604386284,7.948304590087805,1.0,0.0,1.0,1.0,0.0,1.0
11,215,1.0016908257652122,9.801099582165026,0.0,0.0,1.0,1.0,0.0,0.0
12,215,12.0,0.0643549112695507,0.0,1.0,0.0,1.0,1.0,0.0
13,215,7.71247879618207,5.262678377683037,0.0,1.0,0.0,0.0,0.0,0.0
14,215,6.494165051944397,0.0,1.0,0.0,0.0,0.0,0.0,0.0
15,215,0.0,5.784981438639374,0.0,0.0,1.0,1.0,0.0,0.0
16,215,0.0,9.249784033153883,0.0,0.0,0.0,1.0,1.0,0.0
17,215,4.626000216340609,9.92109033806879,0.0,1.0,0.0,0.0,0.0,1.0
18,215,12.0,4.013998658004834,0.0,1.0,1.0,1.0,1.0,1.0
19,215,4.569742373589079,0.3690751641453414,1.0,1.0,0.0,1.0,1.0,0.0
0,220,0.8931170740576654,0.2779274987446081,0.0,0.0,0.0,1.0,0.0,0.0
1,220,0.0,3.716584922694315,1.0,0.0,0.0,0.0,0.0,1.0
2,220,0.0,2.57956583945086,1.0,0.0,0.0,0.0,0.0,0.0
3,220,5.5229024412574885,0.0,0.0,1.0,1.0,0.0,1.0,0.0
4,220,0.0,1.5707032707036843,0.0,0.0,1.0,1.0,0.0,1.0
5,220,0.4766735257278309,0.606776555638246,1.0,0.0,0.0,0.0,0.0,0.0
6,220,10.95445550175563,0.0675899099141627,0.0,0.0,0.0,1.0,1.0,0.0
7,220,7.439684182511541,2.570794610718142,1.0,0.0,0.0,0.0,1.0,1.0
8,220,6.592779844522729,9.779916807778791,0.0,0.0,0.0,1.0,0.0,1.0
9,220,12.0,9.923921410331392,1.0,0.0,0.0,0.0,0.0,0.0
10,220,0.1348839401163531,7.9536828079662065,1.0,0.0,1.0,1.0,0.0,1.0
11,220,1.02689088991908,9.764263488214873,0.0,0.0,1.0,1.0,0.0,0.0
12,220,11.993946000036985,0.0679701078776549,0.0,1.0,0.0,1.0,1.0,0.0
13,220,7.668851212583271,5.315726186991244,0.0,1.0,0.0,0.0,0.0,0.0
14,220,6.58638537202844,0.0,1.0,0.0,0.0,0.0,0.0,0.0
15,220,0.0,5.756495055512346,0.0,0.0,1.0,1.0,0.0,0.0
16,220,0.0,9.399638773819728,0.0,0.0,0.0,1.0,1.0,0.0
17,220,4.513426661932284,10.066810725722387,0.0,1.0,0.0,0.0,0.0,1.0
18,220,12.0,4.088585936564956,0.0,1.0,1.0,1.0,1.0,1.0
19,220,4.422348231445261,0.3264250652975547,1.0,1.0,0.0,1.0,1.0,0.0
0,225,0.8901350279609725,0.2802168008591013,0.0,0.0,0.0,1.0,0.0,0.0
1,225,0.0,3.820309891201348,1.0,0.0,0.0,0.0,0.0,1.0
2,225,0.0,2.608893785184951,1.0,0.0,0.0,0.0,0.0,0.0
3,225,5.623854502152306,0.0,0.0,1.0,1.0,0.0,1.0,0.0
4,225,0.0,1.5611619127735197,0.0,0.0,1.0,1.0,0.0,1.0
5,225,0.4232309405973888,0.6439172317067962,1.0,0.0,0.0,0.0,0.0,0.0
6,225,10.965669268653798,0.1091451505492005,0.0,0.0,0.0,1.0,1.0,0.0
7,225,7.544044815734834,2.651382842484725,1.0,0.0,0.0,0.0,1.0,1.0
8,225,6.580432897027047,9.771294220571448,0.0,0.0,0.0,1.0,0.0,1.0
9,225,12.0,9.8859836780669,1.0,0.0,0.0,0.0,0.0,0.0
10,225,0.1031480563614228,7.964207792500261,1.0,0.0,1.0,1.0,0.0,1.0
11,225,1.0531853119630417,9.729814336805076,0.0,0.0,1.0,1.0,0.0,0.0
12,225,11.991682402846454,0.0692287557738514,0.0,1.0,0.0,1.0,1.0,0.0
13,225,7.623147518231979,5.370716808772099,0.0,1.0,0.0,0.0,0.0,0.0
14,225,6.681077228203135,0.0,1.0,0.0,0.0,0.0,0.0,0.0
15,225,0.0,5.730028720866202,0.0,0.0,1.0,1.0,0.0,0.0
16,225,0.0,9.532916234377264,0.0,0.0,0.0,1.0,1.0,0.0
17,225,4.398529096971391,10.211030884605576,0.0,1.0,0.0,0.0,0.0,1.0
18,225,12.0,4.1618929596106495,0.0,1.0,1.0,1.0,1.0,1.0
19,225,4.298598565837061,0.2911538758998832,1.0,1.0,0.0,1.0,1.0,0.0
0,230,0.8845735921119237,0.2842211705619755,0.0,0.0,0.0,1.0,0.0,0.0
1,230,0.0,3.90248765520882,1.0,0.0,0.0,0.0,0.0,1.0
2,230,0.0,2.63667750878602,1.0,0.0,0.0,0.0,0.0,0.0
3,230,5.696459040375698,0.0,0.0,1.0,1.0,0.0,1.0,0.0
4,230,0.0,1.6147189200119798,0.0,0.0,1.0,1.0,0.0,1.0
5,230,0.364586487234813,0.6844681319924566,1.0,0.0,0.0,0.0,0.0,0.0
6,230,10.979499554859345,0.1618739479851087,0.0,0.0,0.0,1.0,1.0,0.0
7,230,7.645586810791137,2.732985567134147,1.0,0.0,0.0,0.0,1.0,1.0
8,230,6.576995848390501,9.768883552701208,0.0,0.0,0.0,1.0,0.0,1.0
9,230,12.0,9.846636381626796,1.0,0.0,0.0,0.0,0.0,0.0
10,230,0.0759227925741417,7.973297535803092,1.0,0.0,1.0,1.0,0.0,1.0
11,230,1.0765714700506988,9.700541846376089,0.0,0.0,1.0,1.0,0.0,0.0
12,230,11.967768019746288,0.0817749649442797,0.0,1.0,0.0,1.0,1.0,0.0
13,230,7.574171424360619,5.428538661680653,0.0,1.0,0.0,0.0,0.0,0.0
14,230,6.764872405070773,0.0,1.0,0.0,0.0,0.0,0.0,0.0
15,230,0.0,5.703763288467267,0.0,0.0,1.0,1.0,0.0,0.0
16,230,0.0,9.682797817897178,0.0,0.0,0.0,1.0,1.0,0.0
17,230,4.268260361990677,10.37217140048204,0.0,1.0,0.0,0.0,0.0,1.0
18,230,12.0,4.236976476079031,0.0,1.0,1.0,1.0,1.0,1.0
19,230,4.150069849724633,0.2477368234562192,1.0,1.0,0.0,1.0,1.0,0.0
0,235,0.8854981063241923,0.2834981278606412,0.0,0.0,0.0,1.0,0.0,0.0
1,235,0.0,4.001859837962198,1.0,0.0,0.0,0.0,0.0,1.0
2,235,0.0,2.664753562431782,1.0,0.0,0.0,0.0,0.0,0.0
3,235,5.77238962416369,0.0,0.0,1.0,1.0,0.0,1.0,0.0
4,235,0.0,1.6743195997922404,0.0,0.0,1.0,1.0,0.0,1.0
5,235,0.306313852244433,0.7227649136506558,1.0,0.0,0.0,0.0,0.0,0.0
6,235,10.992261138647695,0.2072100211491196,0.0,0.0,0.0,1.0,1.0,0.0
7,235,7.744146338837181,2.820564291124591,1.0,0.0,0.0,0.0,1.0,1.0
8,235,6.567180075512791,9.762443493725396,0.0,0.0,0.0,1.0,0.0,1.0
9,235,12.0,9.817119494756048,1.0,0.0,0.0,0.0,0.0,0.0
10,235,0.0215577028260871,7.99191316311028,1.0,0.0,1.0,1.0,0.0,1.0
11,235,1.0811451992007013,9.6947286124182,0.0,0.0,1.0,1.0,0.0,0.0
12,235,11.94514739715923,0.0931626494343785,0.0,1.0,0.0,1.0,1.0,0.0
13,235,7.540932981568196,5.467877648813494,0.0,1.0,0.0,0.0,0.0,0.0
14,235,6.839132396573097,0.0,1.0,0.0,0.0,0.0,0.0,0.0
15,235,0.0,5.675413793234693,0.0,0.0,1.0,1.0,0.0,0.0
16,235,0.0,9.844300087565498,0.0,0.0,0.0,1.0,1.0,0.0
17,235,4.143673479438729,10.530567157648358,0.0,1.0,0.0,0.0,0.0,1.0
18,235,12.0,4.314174727974318,0.0,1.0,1.0,1.0,1.0,1.0
19,235,3.9814025211832575,0.1978053773005992,1.0,1.0,0.0,1.0,1.0,0.0
0,240,0.8772658764076847,0.290173633183563,0.0,0.0,0.0,1.0,0.0,0.0
1,240,0.0,4.117771568861578,1.0,0.0,0.0,0.0,0.0,1.0
2,240,0.0,2.6918106767379,1.0,0.0,0.0,0.0,0.0,0.0
3,240,5.843854276415873,0.0,0.0,1.0,1.0,0.0,1.0,0.0
4,240,0.0,1.7412785740410532,0.0,0.0,1.0,1.0,0.0,1.0
5,240,0.2302922797849779,0.7703169513918076,1.0,0.0,0.0,0.0,0.0,0.0
6,240,11.00790868860069,0.2630944074916228,0.0,0.0,0.0,1.0,1.0,0.0
7,240,7.834314081852855,2.906793057126992,1.0,0.0,0.0,0.0,1.0,1.0
8,240,6.554386870606612,9.753832676816806,0.0,0.0,0.0,1.0,0.0,1.0
9,240,12.0,9.779648174623375,1.0,0.0,0.0,0.0,0.0,0.0
10,240,0.0,8.012565418641852,1.0,0.0,1.0,1.0,0.0,1.0
11,240,1.0936144804632106,9.679226955409511,0.0,0.0,1.0,1.0,0.0,0.0
12,240,11.911559175005571,0.1099247829298352,0.0,1.0,0.0,1.0,1.0,0.0
13,240,7.501255093033057,5.513901290258651,0.0,1.0,0.0,0.0,0.0,0.0
14,240,6.91239536450238,0.0,1.0,0.0,0.0,0.0,0.0,0.0
15,240,0.0,5.653770984144841,0.0,0.0,1.0,1.0,0.0,0.0
16,240,0.0,10.019825448664385,0.0,0.0,0.0,1.0,1.0,0.0
17,240,4.014371986501515,10.679111436070285,0.0,1.0,0.0,0.0,0.0,1.0
18,240,12.0,4.403460682253716,0.0,1.0,1.0,1.0,1.0,1.0
19,240,3.808112759578745,0.1499875290574056,1.0,1.0,0.0,1.0,1.0,0.0
0,245,0.8533640667503886,0.3098108157688456,0.0,0.0,0.0,1.0,0.0,0.0
1,245,0.0,3.9366611673143024,1.0,0.0,0.0,0.0,0.0,1.0
2,245,0.0,2.7081194101832766,1.0,0.0,0.0,0.0,0.0,0.0
3,245,5.92478327987939,0.0,0.0,1.0,1.0,0.0,1.0,0.0
4,245,0.0,1.808117099000757,0.0,0.0,1.0,1.0,0.0,1.0
5,245,0.1532685446724577,0.8155862153797575,1.0,0.0,0.0,0.0,0.0,0.0
6,245,11.025005203846751,0.3275633615640005,0.0,0.0,0.0,1.0,1.0,0.0
7,245,7.913829858674884,2.986977168303199,1.0,0.0,0.0,0.0,1.0,1.0
8,245,6.53901273147419,9.743214172816373,0.0,0.0,0.0,1.0,0.0,1.0
9,245,12.0,9.742537582398985,1.0,0.0,0.0,0.0,0.0,0.0
10,245,0.0,8.040239719225648,1.0,0.0,1.0,1.0,0.0,1.0
11,245,1.088811923796249,9.685538283022758,0.0,0.0,1.0,1.0,0.0,0.0
12,245,11.87561826456449,0.1268027748416881,0.0,1.0,0.0,1.0,1.0,0.0
13,245,7.4630091602818975,5.557483348012334,0.0,1.0,0.0,0.0,0.0,0.0
14,245,6.991601897049627,0.0,1.0,0.0,0.0,0.0,0.0,0.0
15,245,0.0,5.626336285718498,0.0,0.0,1.0,1.0,0.0,0.0
16,245,0.0,10.197569895211128,0.0,0.0,0.0,1.0,1.0,0.0
17,245,3.878269399804101,10.83129669389024,0.0,1.0,0.0,0.0,0.0,1.0
18,245,12.0,4.487937496386349,0.0,1.0,1.0,1.0,1.0,1.0
19,245,3.622336182304817,0.103033702176231,1.0,1.0,0.0,1.0,1.0,0.0
0,250,0.8363874082992637,0.3222154193729567,0.0,0.0,0.0,1.0,0.0,0.0
1,250,0.0,3.7682195297608634,1.0,0.0,0.0,0.0,0.0,1.0
2,250,0.0,2.71685505622473,1.0,0.0,0.0,0.0,0.0,0.0
3,250,5.9895892000683455,0.0,0.0,1.0,1.0,0.0,1.0,0.0
4,250,0.0718920984973346,1.8289926200779076,0.0,0.0,1.0,1.0,0.0,1.0
5,250,0.0621291907202533,0.8705692314631379,1.0,0.0,0.0,0.0,0.0,0.0
6,250,11.046750370059582,0.3964955884829165,0.0,0.0,0.0,1.0,1.0,0.0
7,250,7.984337317002629,3.060638125928377,1.0,0.0,0.0,0.0,1.0,1.0
8,250,6.516566655855963,9.727006041577496,0.0,0.0,0.0,1.0,0.0,1.0
9,250,12.0,9.706032895192632,1.0,0.0,0.0,0.0,0.0,0.0
10,250,0.0,8.075608663787882,1.0,0.0,1.0,1.0,0.0,1.0
11,250,1.0786183183421365,9.699717658681742,0.0,0.0,1.0,1.0,0.0,0.0
12,250,11.80914816320888,0.15726691483574,0.0,1.0,0.0,1.0,1.0,0.0
13,250,7.441261509696175,5.58345815507799,0.0,1.0,0.0,0.0,0.0,0.0
14,250,7.0642585346980935,0.0,1.0,0.0,0.0,0.0,0.0,0.0
15,250,0.0,5.607021039171975,0.0,0.0,1.0,1.0,0.0,0.0
16,250,0.0,10.386334320206394,0.0,0.0,0.0,1.0,1.0,0.0
17,250,3.754034157813885,10.966956018249377,0.0,1.0,0.0,0.0,0.0,1.0
18,250,12.0,4.56224314248799,0.0,1.0,1.0,1.0,1.0,1.0
19,250,3.4434863896809778,0.0546974348352713,1.0,1.0,0.0,1.0,1.0,0.0
0,255,0.8245771270922553,0.330920173419606,0.0,0.0,0.0,1.0,0.0,0.0
1,255,0.0,3.602848385994595,1.0,0.0,0.0,0.0,0.0,1.0
2,255,0.0,2.7179407979582826,1.0,0.0,0.0,0.0,0.0,0.0
3,255,6.0558607737637065,0.0,0.0,1.0,1.0,0.0,1.0,0.0
4,255,0.1297103471270151,1.847025177496464,0.0,0.0,1.0,1.0,0.0,1.0
5,255,0.1133863584004062,0.9534588306966878,1.0,0.0,0.0,0.0,0.0,0.0
6,255,11.060037586124777,0.4407218867303697,0.0,0.0,0.0,1.0,1.0,0.0
7,255,8.053121636810083,3.1323702868890817,1.0,0.0,0.0,0.0,1.0,1.0
8,255,6.488404977114055,9.707177938883802,0.0,0.0,0.0,1.0,0.0,1.0
9,255,12.0,9.664054554021462,1.0,0.0,0.0,0.0,0.0,0.0
10,255,0.0,8.113551677847457,1.0,0.0,1.0,1.0,0.0,1.0
11,255,1.076866311765321,9.702124192169524,0.0,0.0,1.0,1.0,0.0,0.0
12,255,11.731159738056547,0.1933331184557759,0.0,1.0,0.0,1.0,1.0,0.0
13,255,7.413333354049814,5.615978918522115,0.0,1.0,0.0,0.0,0.0,0.0
14,255,7.137427220977058,0.0,1.0,0.0,0.0,0.0,0.0,0.0
15,255,0.0,5.587482120719471,0.0,0.0,1.0,1.0,0.0,0.0
16,255,0.0,10.552414694092262,0.0,0.0,0.0,1.0,1.0,0.0
17,255,3.633650035959143,11.102878380236618,0.0,1.0,0.0,0.0,0.0,1.0
18,255,12.0,4.617274912828022,0.0,1.0,1.0,1.0,1.0,1.0
19,255,3.253174417720733,0.0011042251399709,1.0,1.0,0.0,1.0,1.0,0.0
0,260,0.8085595773587042,0.3429173250188386,0.0,0.0,0.0,1.0,0.0,0.0
1,260,0.0,3.459274472713768,1.0,0.0,0.0,0.0,0.0,1.0
2,260,0.0,2.7328103809889903,1.0,0.0,0.0,0.0,0.0,0.0
3,260,6.118076796060978,0.0,0.0,1.0,1.0,0.0,1.0,0.0
4,260,0.1869072226061011,1.8641393997742857,0.0,0.0,1.0,1.0,0.0,1.0
5,260,0.1648266909369904,1.0363951383686965,1.0,0.0,0.0,0.0,0.0,0.0
6,260,11.066432720088091,0.4618562316917913,0.0,0.0,0.0,1.0,1.0,0.0
7,260,8.117326935788023,3.197307292739264,1.0,0.0,0.0,0.0,1.0,1.0
8,260,6.46851921949284,9.6928929220798,0.0,0.0,0.0,1.0,0.0,1.0
9,260,12.0,9.62143694534302,1.0,0.0,0.0,0.0,0.0,0.0
10,260,0.0,8.152399272214364,1.0,0.0,1.0,1.0,0.0,1.0
11,260,1.0851913954765262,9.69039387118636,0.0,0.0,1.0,1.0,0.0,0.0
12,260,11.656692355460116,0.2278880318117111,0.0,1.0,0.0,1.0,1.0,0.0
13,260,7.394746415163476,5.6384591510417685,0.0,1.0,0.0,0.0,0.0,0.0
14,260,7.198890666249445,0.0,1.0,0.0,0.0,0.0,0.0,0.0
15,260,0.0,5.564220738142728,0.0,0.0,1.0,1.0,0.0,0.0
16,260,0.0,10.726861224040505,0.0,0.0,0.0,1.0,1.0,0.0
17,260,3.5078590240811964,11.253648016653122,0.0,1.0,0.0,0.0,0.0,1.0
18,260,12.0,4.672224845422094,0.0,1.0,1.0,1.0,1.0,1.0
19,260,3.066280467241469,0.0,1.0,1.0,0.0,1.0,1.0,0.0
0,265,0.7748531881307098,0.3679113228698596,0.0,0.0,0.0,1.0,0.0,0.0
1,265,0.0,3.3190825848417163,1.0,0.0,0.0,0.0,0.0,1.0
2,265,0.0,2.744813106227248,1.0,0.0,0.0,0.0,0.0,0.0
3,265,6.175925166588196,0.0,0.0,1.0,1.0,0.0,1.0,0.0
4,265,0.248042923801393,1.8831056235957733,0.0,0.0,1.0,1.0,0.0,1.0
5,265,0.2127987946443983,1.1102829646304309,1.0,0.0,0.0,0.0,0.0,0.0
6,265,11.073123449161764,0.4851822270576073,0.0,0.0,0.0,1.0,1.0,0.0
7,265,8.154449244000297,3.235451711409489,1.0,0.0,0.0,0.0,1.0,1.0
8,265,6.45478417725048,9.682487790227505,0.0,0.0,0.0,1.0,0.0,1.0
9,265,12.0,9.576790179338213,1.0,0.0,0.0,0.0,0.0,0.0
10,265,0.0,8.190582997954454,1.0,0.0,1.0,1.0,0.0,1.0
11,265,1.0944812219707236,9.677436607055116,0.0,0.0,1.0,1.0,0.0,0.0
12,265,11.572571511571022,0.2613105802059235,0.0,1.0,0.0,1.0,1.0,0.0
13,265,7.38021712465932,5.656298481554531,0.0,1.0,0.0,0.0,0.0,0.0
14,265,7.247427500566981,0.0,1.0,0.0,0.0,0.0,0.0,0.0
15,265,0.0,5.539693533046272,0.0,0.0,1.0,1.0,0.0,0.0
16,265,0.0,10.88353828156902,0.0,0.0,0.0,1.0,1.0,0.0
17,265,3.3639085052531548,11.432047543862538,0.0,1.0,0.0,0.0,0.0,1.0
18,265,12.0,4.721650159458352,0.0,1.0,1.0,1.0,1.0,1.0
19,265,2.8900783451249046,0.0,1.0,1.0,0.0,1.0,1.0,0.0
0,270,0.7044930255869458,0.4182571242314782,0.0,0.0,0.0,1.0,0.0,0.0
1,270,0.0,3.178023551501393,1.0,0.0,0.0,0.0,0.0,1.0
2,270,0.0,2.7633395632154025,1.0,0.0,0.0,0.0,0.0,0.0
3,270,6.208680339523855,0.0,0.0,1.0,1.0,0.0,1.0,0.0
4,270,0.3028272616750529,1.9000873689002185,0.0,0.0,1.0,1.0,0.0,1.0
5,270,0.2566593568767491,1.1790598748262124,1.0,0.0,0.0,0.0,0.0,0.0
6,270,11.081658626075331,0.5162670450155935,0.0,0.0,0.0,1.0,1.0,0.0
7,270,8.202413957473716,3.282485897382589,1.0,0.0,0.0,0.0,1.0,1.0
8,270,6.4434713607873935,9.67427957314434,0.0,0.0,0.0,1.0,0.0,1.0
9,270,12.0,9.529115809738183,1.0,0.0,0.0,0.0,0.0,0.0
10,270,0.0,8.226939309043779,1.0,0.0,1.0,1.0,0.0,1.0
11,270,1.0978838998243177,9.672823270903557,0.0,0.0,1.0,1.0,0.0,0.0
12,270,11.49247319452228,0.2924472347564706,0.0,1.0,0.0,1.0,1.0,0.0
13,270,7.365176357921368,5.674780372136262,0.0,1.0,0.0,0.0,0.0,0.0
14,270,7.276702692011734,0.0,1.0,0.0,0.0,0.0,0.0,0.0
15,270,0.0,5.502772004129005,0.0,0.0,1.0,1.0,0.0,0.0
16,270,0.0,11.046098505495625,0.0,0.0,0.0,1.0,1.0,0.0
17,270,3.2147168548252423,11.62711974151158,0.0,1.0,0.0,0.0,0.0,1.0
18,270,12.0,4.778952491814923,0.0,1.0,1.0,1.0,1.0,1.0
19,270,2.707703646845466,0.0,1.0,1.0,0.0,1.0,1.0,0.0
0,275,0.6306689167313067,0.4730131640303901,0.0,0.0,0.0,1.0,0.0,0.0
1,275,0.0,3.0503286144708444,1.0,0.0,0.0,0.0,0.0,1.0
2,275,0.0,2.790056088014595,1.0,0.0,0.0,0.0,0.0,0.0
3,275,6.232194043162171,0.0,0.0,1.0,1.0,0.0,1.0,0.0
4,275,0.3610675057168138,1.916609591235554,0.0,0.0,1.0,1.0,0.0,1.0
5,275,0.3200874836623374,1.2778389465263542,1.0,0.0,0.0,0.0,0.0,0.0
6,275,11.090865160639408,0.5461907686201164,0.0,0.0,0.0,1.0,1.0,0.0
7,275,8.246167776603682,3.325140993818356,1.0,0.0,0.0,0.0,1.0,1.0
8,275,6.426163039527508,9.662441373022212,0.0,0.0,0.0,1.0,0.0,1.0
9,275,12.0,9.484833360232852,1.0,0.0,0.0,0.0,0.0,0.0
10,275,0.0,8.256011386551217,1.0,0.0,1.0,1.0,0.0,1.0
11,275,1.1028978399163205,9.666091559773022,0.0,0.0,1.0,1.0,0.0,0.0
12,275,11.411912959253574,0.3190168967302702,0.0,1.0,0.0,1.0,1.0,0.0
13,275,7.340625934033893,5.704393516294549,0.0,1.0,0.0,0.0,0.0,0.0
14,275,7.32070687177467,0.0,1.0,0.0,0.0,0.0,0.0,0.0
15,275,0.0,5.477604514566813,0.0,0.0,1.0,1.0,0.0,0.0
16,275,0.0,11.207560392373534,0.0,0.0,0.0,1.0,1.0,0.0
17,275,3.077894064652225,11.818440053857296,0.0,1.0,0.0,0.0,0.0,1.0
18,275,12.0,4.843606092176653,0.0,1.0,1.0,1.0,1.0,1.0
19,275,2.532021411858649,0.0,1.0,1.0,0.0,1.0,1.0,0.0
0,280,0.5470940407421367,0.5375827377177604,0.0,0.0,0.0,1.0,0.0,0.0
1,280,0.0,2.9160231602024607,1.0,0.0,0.0,0.0,0.0,1.0
2,280,0.0,2.8308296787257348,1.0,0.0,0.0,0.0,0.0,0.0
3,280,6.259775778943236,0.0,0.0,1.0,1.0,0.0,1.0,0.0
4,280,0.4120887351430839,1.9305045643431715,0.0,0.0,1.0,1.0,0.0,1.0
5,280,0.3894852075272168,1.3777869566963623,1.0,0.0,0.0,0.0,0.0,0.0
6,280,11.100207578857937,0.5773747397355877,0.0,0.0,0.0,1.0,1.0,0.0
7,280,8.292638189762775,3.3705797268710223,1.0,0.0,0.0,0.0,1.0,1.0
8,280,6.4010541504406495,9.645874050332862,0.0,0.0,0.0,1.0,0.0,1.0
9,280,12.0,9.434049629335105,1.0,0.0,0.0,0.0,0.0,0.0
10,280,0.0,8.291124433024885,1.0,0.0,1.0,1.0,0.0,1.0
11,280,1.102284666889935,9.666977869098485,0.0,0.0,1.0,1.0,0.0,0.0
12,280,11.329025629396304,0.3460248459822683,0.0,1.0,0.0,1.0,1.0,0.0
13,280,7.315301938633418,5.73280967709569,0.0,1.0,0.0,0.0,0.0,0.0
14,280,7.372433233498941,0.0,1.0,0.0,0.0,0.0,0.0,0.0
15,280,0.0,5.439802055508129,0.0,0.0,1.0,1.0,0.0,0.0
16,280,0.0,11.362193802737313,0.0,0.0,0.0,1.0,1.0,0.0
17,280,2.9457836225736087,12.0,0.0,1.0,0.0,0.0,0.0,1.0
18,280,12.0,4.899280412276947,0.0,1.0,1.0,1.0,1.0,1.0
19,280,2.3437000350418207,0.0,1.0,1.0,0.0,1.0,1.0,0.0
0,285,0.4840969730919479,0.5885625110339593,0.0,0.0,0.0,1.0,0.0,0.0
1,285,0.0,2.7681110690508124,1.0,0.0,0.0,0.0,0.0,1.0
2,285,0.0,2.8774711853100023,1.0,0.0,0.0,0.0,0.0,0.0
3,285,6.292926755557706,0.0,0.0,1.0,1.0,0.0,1.0,0.0
4,285,0.456082859907039,1.943519163137337,0.0,0.0,1.0,1.0,0.0,1.0
5,285,0.4627047967863015,1.478904186793896,1.0,0.0,0.0,0.0,0.0,0.0
6,285,11.106021115787998,0.597184480121297,0.0,0.0,0.0,1.0,1.0,0.0
7,285,8.353906746465453,3.43142706257594,1.0,0.0,0.0,0.0,1.0,1.0
8,285,6.38165096590369,9.632712667731042,0.0,0.0,0.0,1.0,0.0,1.0
9,285,12.0,9.380500233617424,1.0,0.0,0.0,0.0,0.0,0.0
10,285,0.0,8.326574561390244,1.0,0.0,1.0,1.0,0.0,1.0
11,285,1.1112912966374835,9.653514178817424,0.0,0.0,1.0,1.0,0.0,0.0
12,285,11.245557837002057,0.3735898086822372,0.0,1.0,0.0,1.0,1.0,0.0
13,285,7.310570082889873,5.738492633884206,0.0,1.0,0.0,0.0,0.0,0.0
14,285,7.437481149248809,0.0,1.0,0.0,0.0,0.0,0.0,0.0
15,285,0.0,5.407947670189105,0.0,0.0,1.0,1.0,0.0,0.0
16,285,0.0,11.523655169340454,0.0,0.0,0.0,1.0,1.0,0.0
17,285,2.81854055852202,12.0,0.0,1.0,0.0,0.0,0.0,1.0
18,285,12.0,4.952243092515629,0.0,1.0,1.0,1.0,1.0,1.0
19,285,2.16219978160718,0.0,1.0,1.0,0.0,1.0,1.0,0.0
0,290,0.4163595278168845,0.6458470967288223,0.0,0.0,0.0,1.0,0.0,0.0
1,290,0.0,2.6086815320845176,1.0,0.0,0.0,0.0,0.0,1.0
2,290,0.0,2.91560621753069,1.0,0.0,0.0,0.0,0.0,0.0
3,290,6.308818459837913,0.0,0.0,1.0,1.0,0.0,1.0,0.0
4,290,0.5019695065828641,1.9564697075293516,0.0,0.0,1.0,1.0,0.0,1.0
5,290,0.5498002375354569,1.596857039154027,1.0,0.0,0.0,0.0,0.0,0.0
6,290,11.112273883349893,0.6188593573497579,0.0,0.0,0.0,1.0,1.0,0.0
7,290,8.423050415198414,3.497437071808354,1.0,0.0,0.0,0.0,1.0,1.0
8,290,6.341984065581301,9.605252177243235,0.0,0.0,0.0,1.0,0.0,1.0
9,290,12.0,9.32751332476177,1.0,0.0,0.0,0.0,0.0,0.0
10,290,0.0,8.355395039912404,1.0,0.0,1.0,1.0,0.0,1.0
11,290,1.1245154616097026,9.63437688729048,0.0,0.0,1.0,1.0,0.0,0.0
12,290,11.168802673128978,0.3983928429445394,0.0,1.0,0.0,1.0,1.0,0.0
13,290,7.300631468178217,5.75014026191176,0.0,1.0,0.0,0.0,0.0,0.0
14,290,7.502559917934942,0.0,1.0,0.0,0.0,0.0,0.0,0.0
15,290,0.0,5.384325363064166,0.0,0.0,1.0,1.0,0.0,0.0
16,290,0.0,11.670528495370029,0.0,0.0,0.0,1.0,1.0,0.0
17,290,2.6890208101969417,12.0,0.0,1.0,0.0,0.0,0.0,1.0
18,290,12.0,5.003982935044799,0.0,1.0,1.0,1.0,1.0,1.0
19,290,1.974686721371668,0.0,1.0,1.0,0.0,1.0,1.0,0.0
0,295,0.3498194736626323,0.7033359373794832,0.0,0.0,0.0,1.0,0.0,0.0
1,295,0.0,2.441748451380385,1.0,0.0,0.0,0.0,0.0,1.0
2,295,0.0,2.9460695822328566,1.0,0.0,0.0,0.0,0.0,0.0
3,295,6.331552149420338,0.0,0.0,1.0,1.0,0.0,1.0,0.0
4,295,0.5397379837846987,1.9672668578463104,0.0,0.0,1.0,1.0,0.0,1.0
5,295,0.6313270360529941,1.70133598690538,1.0,0.0,0.0,0.0,0.0,0.0
6,295,11.12414907592938,0.6602428565558942,0.0,0.0,0.0,1.0,1.0,0.0
7,295,8.483841552757166,3.550914571880956,1.0,0.0,0.0,0.0,1.0,1.0
8,295,6.307613411748879,9.582020267778868,0.0,0.0,0.0,1.0,0.0,1.0
9,295,12.0,9.282787643150648,1.0,0.0,0.0,0.0,0.0,0.0
10,295,0.0,8.380699703682572,1.0,0.0,1.0,1.0,0.0,1.0
11,295,1.1402529756354796,9.610256360052492,0.0,0.0,1.0,1.0,0.0,0.0
12,295,11.097581213801012,0.4233073062307131,0.0,1.0,0.0,1.0,1.0,0.0
13,295,7.302714817885094,5.747853291605932,0.0,1.0,0.0,0.0,0.0,0.0
14,295,7.564853907272341,0.0,1.0,0.0,0.0,0.0,0.0,0.0
15,295,0.0,5.36596687341657,0.0,0.0,1.0,1.0,0.0,0.0
16,295,0.0,11.821017871045054,0.0,0.0,0.0,1.0,1.0,0.0
17,295,2.5577686630359704,12.0,0.0,1.0,0.0,0.0,0.0,1.0
18,295,12.0,5.053373693353137,0.0,1.0,1.0,1.0,1.0,1.0
19,295,1.7909597237977657,0.0,1.0,1.0,0.0,1.0,1.0,0.0
