0,0,9.955056114044964,8.9367100716018,1.0,0.0,0.0,0.0,0.0,0.0
1,0,7.964455174081585,12.0,1.0,0.0,0.0,0.0,0.0,1.0
2,0,0.036228507260165,0.0088734417966464,1.0,0.0,1.0,1.0,0.0,1.0
3,0,6.006883390608871,8.053009786916016,1.0,0.0,0.0,1.0,0.0,0.0
4,0,6.034900829075617,0.0,0.0,1.0,0.0,1.0,0.0,1.0
5,0,6.949730389405928,7.943870662357635,0.0,1.0,0.0,1.0,1.0,1.0
6,0,11.030125913111752,1.997075684549939,1.0,0.0,1.0,0.0,0.0,0.0
7,0,11.06071702704779,11.998811936806318,0.0,1.0,0.0,0.0,0.0,0.0
8,0,11.030783560691452,4.097104774635598,0.0,0.0,0.0,1.0,0.0,0.0
9,0,2.0294158299650267,4.943234034822098,0.0,0.0,0.0,0.0,1.0,1.0
10,0,10.016219141458308,3.927205641043543,0.0,0.0,1.0,0.0,1.0,0.0
11,0,8.073075697384335,0.0,0.0,1.0,1.0,1.0,0.0,0.0
12,0,0.0,10.035613120447202,0.0,0.0,0.0,0.0,0.0,0.0
13,0,0.9464287551376822,3.9634601277590784,1.0,0.0,0.0,0.0,0.0,0.0
14,0,9.989970930466598,10.05991250111602,0.0,1.0,0.0,0.0,0.0,0.0
15,0,1.0470019480866566,5.041343839701058,0.0,0.0,0.0,0.0,0.0,1.0
16,0,4.973248094179059,4.986844692091303,0.0,0.0,1.0,0.0,0.0,1.0
17,0,9.976291999991012,4.03606356697253,0.0,0.0,1.0,0.0,0.0,1.0
18,0,5.036793879227246,1.9747960365238493,0.0,0.0,0.0,1.0,0.0,0.0
19,0,3.0238490301720256,7.01255241196269,1.0,1.0,1.0,1.0,0.0,1.0
0,5,9.91212507569872,8.874589708072438,1.0,0.0,0.0,0.0,0.0,0.0
1,5,7.917101357635892,12.0,1.0,0.0,0.0,0.0,0.0,1.0
2,5,0.0451819979873149,0.0,1.0,0.0,1.0,1.0,0.0,1.0
3,5,6.018065844399144,8.138510717407065,1.0,0.0,0.0,1.0,0.0,0.0
4,5,6.078661323533982,0.0,0.0,1.0,0.0,1.0,0.0,1.0
5,5,6.890084786414087,7.8724650678908015,0.0,1.0,0.0,1.0,1.0,1.0
6,5,11.046347993910054,1.9957850580127592,1.0,0.0,1.0,0.0,0.0,0.0
7,5,11.106618853275457,11.99799547596059,0.0,1.0,0.0,0.0,0.0,0.0
8,5,11.063560081332506,4.198162896233482,0.0,0.0,0.0,1.0,0.0,0.0
9,5,2.0623248325755243,4.880019859970092,0.0,0.0,0.0,0.0,1.0,1.0
10,5,10.034759895885228,3.8374083332916,0.0,0.0,1.0,0.0,1.0,0.0
11,5,8.153134029258057,0.0,0.0,1.0,1.0,1.0,0.0,0.0
12,5,0.0,10.072397221067185,0.0,0.0,0.0,0.0,0.0,0.0
13,5,0.8850933006578177,3.9227554906764848,1.0,0.0,0.0,0.0,0.0,0.0
14,5,9.980634373148153,10.123578319275694,0.0,1.0,0.0,0.0,0.0,0.0
15,5,1.0863750633214273,5.073414036744898,0.0,0.0,0.0,0.0,0.0,1.0
16,5,4.952300078532955,4.976310068252907,0.0,0.0,1.0,0.0,0.0,1.0
17,5,9.958466178585812,4.062380067535288,0.0,0.0,1.0,0.0,0.0,1.0
18,5,5.069447328180336,1.9522307826739245,0.0,0.0,0.0,1.0,0.0,0.0
19,5,3.036743728335727,7.019278007642325,1.0,1.0,1.0,1.0,0.0,1.0
0,10,9.87322352967456,8.816467035710556,1.0,0.0,0.0,0.0,0.0,0.0
1,10,7.87063562342805,12.0,1.0,0.0,0.0,0.0,0.0,1.0
2,10,0.0541384277295453,0.0,1.0,0.0,1.0,1.0,0.0,1.0
3,10,6.032826409075155,8.241843161883326,1.0,0.0,0.0,1.0,0.0,0.0
4,10,6.121789725716462,0.0,0.0,1.0,0.0,1.0,0.0,1.0
5,10,6.825360088148226,7.796290195132383,0.0,1.0,0.0,1.0,1.0,1.0
6,10,11.058315191969347,1.9947285640640795,1.0,0.0,1.0,0.0,0.0,0.0
7,10,11.151677671997192,11.998229109403097,0.0,1.0,0.0,0.0,0.0,0.0
8,10,11.095168940691632,4.29129583191495,0.0,0.0,0.0,1.0,0.0,0.0
9,10,2.094799909818336,4.817943756025975,0.0,0.0,0.0,0.0,1.0,1.0
10,10,10.053802612260531,3.7507937945811816,0.0,0.0,1.0,0.0,1.0,0.0
11,10,8.210658659777158,0.0,0.0,1.0,1.0,1.0,0.0,0.0
12,10,0.0,10.110772535996563,0.0,0.0,0.0,0.0,0.0,0.0
13,10,0.819785272439517,3.879577734987953,1.0,0.0,0.0,0.0,0.0,0.0
14,10,9.968348439075957,10.198175684526936,0.0,1.0,0.0,0.0,0.0,0.0
15,10,1.114452636916694,5.096815475753217,0.0,0.0,0.0,0.0,0.0,1.0
16,10,4.933313284701103,4.966610400888359,0.0,0.0,1.0,0.0,0.0,1.0
17,10,9.94593559364844,4.079669258765056,0.0,0.0,1.0,0.0,0.0,1.0
18,10,5.094094808893187,1.9333859099173976,0.0,0.0,0.0,1.0,0.0,0.0
19,10,3.045081206186874,7.023760272894593,1.0,1.0,1.0,1.0,0.0,1.0
0,15,9.828546519402996,8.75203548763833,1.0,0.0,0.0,0.0,0.0,0.0
1,15,7.820049880389276,12.0,1.0,0.0,0.0,0.0,0.0,1.0
2,15,0.0594725803452544,0.0,1.0,0.0,1.0,1.0,0.0,1.0
3,15,6.04669410883482,8.326411285792535,1.0,0.0,0.0,1.0,0.0,0.0
4,15,6.144513704146448,0.0,0.0,1.0,0.0,1.0,0.0,1.0
5,15,6.7632530096898655,7.722072894050523,0.0,1.0,0.0,1.0,1.0,1.0
6,15,11.085223363698478,1.9920724488775496,1.0,0.0,1.0,0.0,0.0,0.0
7,15,11.188753128676822,11.997082563192407,0.0,1.0,0.0,0.0,0.0,0.0
8,15,11.124120438786562,4.376132672146222,0.0,0.0,0.0,1.0,0.0,0.0
9,15,2.121669073052748,4.769690886539298,0.0,0.0,0.0,0.0,1.0,1.0
10,15,10.076198678008105,3.650469677200784,0.0,0.0,1.0,0.0,1.0,0.0
11,15,8.273835049856114,0.0,0.0,1.0,1.0,1.0,0.0,0.0
12,15,0.0,10.14462902992172,0.0,0.0,0.0,0.0,0.0,0.0
13,15,0.7359875344544171,3.823452465742257,1.0,0.0,0.0,0.0,0.0,0.0
14,15,9.957909870602975,10.26083301662643,0.0,1.0,0.0,0.0,0.0,0.0
15,15,1.1639406671989545,5.136998460251847,0.0,0.0,0.0,0.0,0.0,1.0
16,15,4.930827202112342,4.965345819178641,0.0,0.0,1.0,0.0,0.0,1.0
17,15,9.91929766715684,4.115389393752879,0.0,0.0,1.0,0.0,0.0,1.0
18,15,5.121222544766144,1.9115860631403183,0.0,0.0,0.0,1.0,0.0,0.0
19,15,3.0627691866064337,7.03357347346801,1.0,1.0,1.0,1.0,0.0,1.0
0,20,9.779110005314283,8.68407024337809,1.0,0.0,0.0,0.0,0.0,0.0
1,20,7.766253346687379,12.0,1.0,0.0,0.0,0.0,0.0,1.0
2,20,0.0646710828309358,0.0,1.0,0.0,1.0,1.0,0.0,1.0
3,20,6.063072792888526,8.422283815446667,1.0,0.0,0.0,1.0,0.0,0.0
4,20,6.1629437726130405,0.0,0.0,1.0,0.0,1.0,0.0,1.0
5,20,6.703147283800289,7.649860516348357,0.0,1.0,0.0,1.0,1.0,1.0
6,20,11.1364649560447,1.9875058419124376,1.0,0.0,1.0,0.0,0.0,0.0
7,20,11.217126000672083,11.995565448941733,0.0,1.0,0.0,0.0,0.0,0.0
8,20,11.160490022773129,4.471308543763983,0.0,0.0,0.0,1.0,0.0,0.0
9,20,2.1653560515664494,4.6874072253291335,0.0,0.0,0.0,0.0,1.0,1.0
10,20,10.100196528648736,3.530267959095807,0.0,0.0,1.0,0.0,1.0,0.0
11,20,8.345684624044045,0.0,0.0,1.0,1.0,1.0,0.0,0.0
12,20,0.0,10.183100184034805,0.0,0.0,0.0,0.0,0.0,0.0
13,20,0.6301485663534682,3.751113466082967,1.0,0.0,0.0,0.0,0.0,0.0
14,20,9.94813354136677,10.327660454885068,0.0,1.0,0.0,0.0,0.0,0.0
15,20,1.2156095345784643,5.1789457564732375,0.0,0.0,0.0,0.0,0.0,1.0
16,20,4.940754417334531,4.970661621545457,0.0,0.0,1.0,0.0,0.0,1.0
17,20,9.908810256302196,4.129659725935181,0.0,0.0,1.0,0.0,0.0,1.0
18,20,5.156694699864573,1.882231607889243,0.0,0.0,0.0,1.0,0.0,0.0
19,20,3.0762882582364828,7.041384679227518,1.0,1.0,1.0,1.0,0.0,1.0
0,25,9.737150249413782,8.626011540848479,1.0,0.0,0.0,0.0,0.0,0.0
1,25,7.708031345123924,12.0,1.0,0.0,0.0,0.0,0.0,1.0
2,25,0.0753496051487517,0.0,1.0,0.0,1.0,1.0,0.0,1.0
3,25,6.083001667700964,8.538777828981248,1.0,0.0,0.0,1.0,0.0,0.0
4,25,6.187263682967407,0.0,0.0,1.0,0.0,1.0,0.0,1.0
5,25,6.639596625703572,7.572259559106559,0.0,1.0,0.0,1.0,1.0,1.0
6,25,11.204924583851737,1.981853778185632,1.0,0.0,1.0,0.0,0.0,0.0
7,25,11.24934612838386,11.994400401821633,0.0,1.0,0.0,0.0,0.0,0.0
8,25,11.195896710565307,4.559641605860598,0.0,0.0,0.0,1.0,0.0,0.0
9,25,2.2000994252478048,4.620847539342984,0.0,0.0,0.0,0.0,1.0,1.0
10,25,10.121068968307164,3.4176445590049958,0.0,0.0,1.0,0.0,1.0,0.0
11,25,8.417295071549036,0.0,0.0,1.0,1.0,1.0,0.0,0.0
12,25,0.0,10.228903679161828,0.0,0.0,0.0,0.0,0.0,0.0
13,25,0.5098180819706667,3.671388378165464,1.0,0.0,0.0,0.0,0.0,0.0
14,25,9.939163097384975,10.390258306236788,0.0,1.0,0.0,0.0,0.0,0.0
15,25,1.2691332088655265,5.22093987204892,0.0,0.0,0.0,0.0,0.0,1.0
16,25,4.940333586934939,4.970429510381837,0.0,0.0,1.0,0.0,0.0,1.0
17,25,9.88904231898057,4.157633576499335,0.0,0.0,1.0,0.0,0.0,1.0
18,25,5.194909192710696,1.8501825573033144,0.0,0.0,0.0,1.0,0.0,0.0
19,25,3.080976997378861,7.044061823733754,1.0,1.0,1.0,1.0,0.0,1.0
0,30,9.690349940076803,8.559398991064327,1.0,0.0,0.0,0.0,0.0,0.0
1,30,7.663461861803776,12.0,1.0,0.0,0.0,0.0,0.0,1.0
2,30,0.0894803040563614,0.0,1.0,0.0,1.0,1.0,0.0,1.0
3,30,6.101447994165663,8.635693554102243,1.0,0.0,0.0,1.0,0.0,0.0
4,30,6.219238711624368,0.0,0.0,1.0,0.0,1.0,0.0,1.0
5,30,6.577241324694336,7.492508649851553,0.0,1.0,0.0,1.0,1.0,1.0
6,30,11.24813682572196,1.977875352041404,1.0,0.0,1.0,0.0,0.0,0.0
7,30,11.255864225878907,11.994201388678558,0.0,1.0,0.0,0.0,0.0,0.0
8,30,11.221949381509274,4.629364527168619,0.0,0.0,0.0,1.0,0.0,0.0
9,30,2.235162560254538,4.554645115837576,0.0,0.0,0.0,0.0,1.0,1.0
10,30,10.137752131950394,3.3167714108688977,0.0,0.0,1.0,0.0,1.0,0.0
11,30,8.491438834553083,0.0,0.0,1.0,1.0,1.0,0.0,0.0
12,30,0.0,10.292724048769117,0.0,0.0,0.0,0.0,0.0,0.0
13,30,0.3911672143633729,3.5945199663950387,1.0,0.0,0.0,0.0,0.0,0.0
14,30,9.928279420259509,10.46888339327265,0.0,1.0,0.0,0.0,0.0,0.0
15,30,1.3320961723784408,5.270275884943371,0.0,0.0,0.0,0.0,0.0,1.0
16,30,4.945346914609779,4.973023358851961,0.0,0.0,1.0,0.0,0.0,1.0
17,30,9.91282203016139,4.175294067191733,0.0,0.0,1.0,0.0,0.0,1.0
18,30,5.2347895698087,1.8173797143218529,0.0,0.0,0.0,1.0,0.0,0.0
19,30,3.082890504484906,7.045129906462173,1.0,1.0,1.0,1.0,0.0,1.0
0,35,9.645803799486412,8.495318945707481,1.0,0.0,0.0,0.0,0.0,0.0
1,35,7.610559436194418,12.0,1.0,0.0,0.0,0.0,0.0,1.0
2,35,0.1035935201468609,0.0,1.0,0.0,1.0,1.0,0.0,1.0
3,35,6.118066545743851,8.719201859328539,1.0,0.0,0.0,1.0,0.0,0.0
4,35,6.271274980821658,0.0,0.0,1.0,0.0,1.0,0.0,1.0
5,35,6.522574677441479,7.417976338950179,0.0,1.0,0.0,1.0,1.0,1.0
6,35,11.282465114968131,1.975316100407979,1.0,0.0,1.0,0.0,0.0,0.0
7,35,11.263122521044682,11.994211503903978,0.0,1.0,0.0,0.0,0.0,0.0
8,35,11.25181332985326,4.708230098659599,0.0,0.0,0.0,1.0,0.0,0.0
9,35,2.2653603991389697,4.499363530693323,0.0,0.0,0.0,0.0,1.0,1.0
10,35,10.15623737790448,3.213208837803063,0.0,0.0,1.0,0.0,1.0,0.0
11,35,8.56649935775103,0.0,0.0,1.0,1.0,1.0,0.0,0.0
12,35,0.0,10.36957678022041,0.0,0.0,0.0,0.0,0.0,0.0
13,35,0.270987166332744,3.5167147622417123,1.0,0.0,0.0,0.0,0.0,0.0
14,35,9.914831847075712,10.558812663677612,0.0,1.0,0.0,0.0,0.0,0.0
15,35,1.3887157878473912,5.314894411667791,0.0,0.0,0.0,0.0,0.0,1.0
16,35,4.959450262304632,4.981208469110872,0.0,0.0,1.0,0.0,0.0,1.0
17,35,9.931208250217775,4.189442014728375,0.0,0.0,1.0,0.0,0.0,1.0
18,35,5.283597745897573,1.7792534656516672,0.0,0.0,0.0,1.0,0.0,0.0
19,35,3.0851280536070718,7.046398779021042,1.0,1.0,1.0,1.0,0.0,1.0
0,40,9.593341878956318,8.421415093311518,1.0,0.0,0.0,0.0,0.0,0.0
1,40,7.555821916204686,12.0,1.0,0.0,0.0,0.0,0.0,1.0
2,40,0.1156193319223514,0.0,1.0,0.0,1.0,1.0,0.0,1.0
3,40,6.130765735009896,8.794578416302409,1.0,0.0,0.0,1.0,0.0,0.0
4,40,6.328017867739796,0.0,0.0,1.0,0.0,1.0,0.0,1.0
5,40,6.466995237477747,7.34783528506964,0.0,1.0,0.0,1.0,1.0,1.0
6,40,11.327770612213529,1.9723850994242376,1.0,0.0,1.0,0.0,0.0,0.0
7,40,11.256165381311709,11.99413290122286,0.0,1.0,0.0,0.0,0.0,0.0
8,40,11.285535018002587,4.807169663206714,0.0,0.0,0.0,1.0,0.0,0.0
9,40,2.308865639568104,4.418692965923493,0.0,0.0,0.0,0.0,1.0,1.0
10,40,10.17284567329354,3.1252863052159103,0.0,0.0,1.0,0.0,1.0,0.0
11,40,8.643872320141153,0.0,0.0,1.0,1.0,1.0,0.0,0.0
12,40,0.0,10.430308248323968,0.0,0.0,0.0,0.0,0.0,0.0
13,40,0.1478137468660882,3.432669895234716,1.0,0.0,0.0,0.0,0.0,0.0
14,40,9.89599580807223,10.664894408304322,0.0,1.0,0.0,0.0,0.0,0.0
15,40,1.4506080279486442,5.366109416079753,0.0,0.0,0.0,0.0,0.0,1.0
16,40,4.962050196863954,4.982650823383667,0.0,0.0,1.0,0.0,0.0,1.0
17,40,9.95834799869948,4.210311703227252,0.0,0.0,1.0,0.0,0.0,1.0
18,40,5.339222054315728,1.7360560985415856,0.0,0.0,0.0,1.0,0.0,0.0
19,40,3.0880839652633574,7.048152953070868,1.0,1.0,1.0,1.0,0.0,1.0
0,45,9.53868903922378,8.345140551804711,1.0,0.0,0.0,0.0,0.0,0.0
1,45,7.490524505079978,12.0,1.0,0.0,0.0,0.0,0.0,1.0
2,45,0.1286418393184825,0.0,1.0,0.0,1.0,1.0,0.0,1.0
3,45,6.142076636815992,8.865747785310965,1.0,0.0,0.0,1.0,0.0,0.0
4,45,6.389215542356188,0.0,0.0,1.0,0.0,1.0,0.0,1.0
5,45,6.39743868039585,7.262776141377487,0.0,1.0,0.0,1.0,1.0,1.0
6,45,11.387596979631027,1.9679516804706176,1.0,0.0,1.0,0.0,0.0,0.0
7,45,11.245905008397935,11.99405661017986,0.0,1.0,0.0,0.0,0.0,0.0
8,45,11.31482090800557,4.892828383178089,0.0,0.0,0.0,1.0,0.0,0.0
9,45,2.354468977900108,4.334388676951099,0.0,0.0,0.0,0.0,1.0,1.0
10,45,10.19262015670853,3.033201542150207,0.0,0.0,1.0,0.0,1.0,0.0
11,45,8.728352556189495,0.0,0.0,1.0,1.0,1.0,0.0,0.0
12,45,0.0,10.505567823082965,0.0,0.0,0.0,0.0,0.0,0.0
13,45,0.030771237800891,3.348796260557152,1.0,0.0,0.0,0.0,0.0,0.0
14,45,9.881885785050448,10.751084118485998,0.0,1.0,0.0,0.0,0.0,0.0
15,45,1.5286303600890565,5.4301962297234905,0.0,0.0,0.0,0.0,0.0,1.0
16,45,4.947483175515846,4.974711948668649,0.0,0.0,1.0,0.0,0.0,1.0
17,45,9.980303934979831,4.226551040026826,0.0,0.0,1.0,0.0,0.0,1.0
18,45,5.371205083521068,1.711262466989246,0.0,0.0,0.0,1.0,0.0,0.0
19,45,3.114516481206946,7.063716817716231,1.0,1.0,1.0,1.0,0.0,1.0
0,50,9.488175234076737,8.271888438210574,1.0,0.0,0.0,0.0,0.0,0.0
1,50,7.416243945471601,12.0,1.0,0.0,0.0,0.0,0.0,1.0
2,50,0.1433954006195085,0.0,1.0,0.0,1.0,1.0,0.0,1.0
3,50,6.151797272393691,8.930580180755612,1.0,0.0,0.0,1.0,0.0,0.0
4,50,6.458087684625039,0.0,0.0,1.0,0.0,1.0,0.0,1.0
5,50,6.330777086621445,7.185724973329224,0.0,1.0,0.0,1.0,1.0,1.0
6,50,11.459257862575672,1.9621866585787864,1.0,0.0,1.0,0.0,0.0,0.0
7,50,11.20977536627088,11.993616206458242,0.0,1.0,0.0,0.0,0.0,0.0
8,50,11.344122706363772,4.980160445755773,0.0,0.0,0.0,1.0,0.0,0.0
9,50,2.398902828569064,4.245121103167493,0.0,0.0,0.0,0.0,1.0,1.0
10,50,10.209586949642585,2.9519943924788725,0.0,0.0,1.0,0.0,1.0,0.0
11,50,8.829785945923787,0.0,0.0,1.0,1.0,1.0,0.0,0.0
12,50,0.0,10.594491335188694,0.0,0.0,0.0,0.0,0.0,0.0
13,50,0.0,3.2673970669792967,1.0,0.0,0.0,0.0,0.0,0.0
14,50,9.864704257730176,10.846190814932712,0.0,1.0,0.0,0.0,0.0,0.0
15,50,1.5833637240395253,5.473229065216188,0.0,0.0,0.0,0.0,0.0,1.0
16,50,4.922582055206521,4.960626740398421,0.0,0.0,1.0,0.0,0.0,1.0
17,50,9.991084819141564,4.234219259727933,0.0,0.0,1.0,0.0,0.0,1.0
18,50,5.383032083468168,1.702028159621506,0.0,0.0,0.0,1.0,0.0,0.0
19,50,3.1364974229910145,7.076384507533273,1.0,1.0,1.0,1.0,0.0,1.0
0,55,9.441767631192192,8.202498862449604,1.0,0.0,0.0,0.0,0.0,0.0
1,55,7.331824016959161,12.0,1.0,0.0,0.0,0.0,0.0,1.0
2,55,0.158125944587497,0.0,1.0,0.0,1.0,1.0,0.0,1.0
3,55,6.165503636996087,9.009926266677274,1.0,0.0,0.0,1.0,0.0,0.0
4,55,6.5201565022313055,0.0,0.0,1.0,0.0,1.0,0.0,1.0
5,55,6.2865864405497325,7.132648112398381,0.0,1.0,0.0,1.0,1.0,1.0
6,55,11.526137716285527,1.957174547338202,1.0,0.0,1.0,0.0,0.0,0.0
7,55,11.16126777485742,11.994392661945614,0.0,1.0,0.0,0.0,0.0,0.0
8,55,11.370977690692667,5.059228879302767,0.0,0.0,0.0,1.0,0.0,0.0
9,55,2.4450624089190938,4.154592090529175,0.0,0.0,0.0,0.0,1.0,1.0
10,55,10.22799852044559,2.8474613329095564,0.0,0.0,1.0,0.0,1.0,0.0
11,55,8.935664977805668,0.0,0.0,1.0,1.0,1.0,0.0,0.0
12,55,0.0,10.665984152936318,0.0,0.0,0.0,0.0,0.0,0.0
13,55,0.0,3.183951001469968,1.0,0.0,0.0,0.0,0.0,0.0
14,55,9.840857264142455,10.976300151340258,0.0,1.0,0.0,0.0,0.0,0.0
15,55,1.6648146636109629,5.538963233340234,0.0,0.0,0.0,0.0,0.0,1.0
16,55,4.916570871969507,4.957160837703095,0.0,0.0,1.0,0.0,0.0,1.0
17,55,10.01300653538779,4.249555899803846,0.0,0.0,1.0,0.0,0.0,1.0
18,55,5.376084806714901,1.6927943668876368,0.0,0.0,0.0,1.0,0.0,0.0
19,55,3.1500891640259123,7.08451025342381,1.0,1.0,1.0,1.0,0.0,1.0
0,60,9.39981921331358,8.140622516590495,1.0,0.0,0.0,0.0,0.0,0.0
1,60,7.226010257818927,12.0,1.0,0.0,0.0,0.0,0.0,1.0
2,60,0.1660076362574173,0.0,1.0,0.0,1.0,1.0,0.0,1.0
3,60,6.178201269272501,9.08713918598316,1.0,0.0,0.0,1.0,0.0,0.0
4,60,6.577455720886062,0.0,0.0,1.0,0.0,1.0,0.0,1.0
5,60,6.249460198866743,7.09125784700178,0.0,1.0,0.0,1.0,1.0,1.0
6,60,11.595086631368668,1.949845463505616,1.0,0.0,1.0,0.0,0.0,0.0
7,60,11.124145497069808,11.996590500261808,0.0,1.0,0.0,0.0,0.0,0.0
8,60,11.38947570964388,5.119187779703995,0.0,0.0,0.0,1.0,0.0,0.0
9,60,2.485796759461283,4.077382892675302,0.0,0.0,0.0,0.0,1.0,1.0
10,60,10.242214894402254,2.752511535971999,0.0,0.0,1.0,0.0,1.0,0.0
11,60,9.032447507877816,0.0,0.0,1.0,1.0,1.0,0.0,0.0
12,60,0.0,10.739300804018786,0.0,0.0,0.0,0.0,0.0,0.0
13,60,0.0,3.100636851995987,1.0,0.0,0.0,0.0,0.0,0.0
14,60,9.819990235644685,11.107137579753688,0.0,1.0,0.0,0.0,0.0,0.0
15,60,1.7511355192373868,5.6125033208316575,0.0,0.0,0.0,0.0,0.0,1.0
16,60,4.912603477913521,4.954913484360462,0.0,0.0,1.0,0.0,0.0,1.0
17,60,10.034667448327651,4.264859918411811,0.0,0.0,1.0,0.0,0.0,1.0
18,60,5.366625308697912,1.6805485824609123,0.0,0.0,0.0,1.0,0.0,0.0
19,60,3.140720449726224,7.078739282283469,1.0,1.0,1.0,1.0,0.0,1.0
0,65,9.35227964834304,8.071605428396373,1.0,0.0,0.0,0.0,0.0,0.0
1,65,7.121039588539682,12.0,1.0,0.0,0.0,0.0,0.0,1.0
2,65,0.1767600461997345,0.0,1.0,0.0,1.0,1.0,0.0,1.0
3,65,6.190876750459327,9.162126888318712,1.0,0.0,0.0,1.0,0.0,0.0
4,65,6.62815039522153,0.0,0.0,1.0,0.0,1.0,0.0,1.0
5,65,6.217992402434373,7.055319043990108,0.0,1.0,0.0,1.0,1.0,1.0
6,65,11.6661276766599,1.9419600562332875,1.0,0.0,1.0,0.0,0.0,0.0
7,65,11.096922569500816,11.998580768310129,0.0,1.0,0.0,0.0,0.0,0.0
8,65,11.40196968109227,5.162268715056904,0.0,0.0,0.0,1.0,0.0,0.0
9,65,2.52003005755411,4.012682472475719,0.0,0.0,0.0,0.0,1.0,1.0
10,65,10.357872909682095,2.7684443831607584,0.0,0.0,1.0,0.0,1.0,0.0
11,65,9.130205564200466,0.0,0.0,1.0,1.0,1.0,0.0,0.0
12,65,0.0,10.800450509694038,0.0,0.0,0.0,0.0,0.0,0.0
13,65,0.0,3.02552671431628,1.0,0.0,0.0,0.0,0.0,0.0
14,65,9.802950980559546,11.238080675079098,0.0,1.0,0.0,0.0,0.0,0.0
15,65,1.8214886006537137,5.674300464206555,0.0,0.0,0.0,0.0,0.0,1.0
16,65,4.894733101345219,4.944846319825755,0.0,0.0,1.0,0.0,0.0,1.0
17,65,10.08097016160711,4.300724806493928,0.0,0.0,1.0,0.0,0.0,1.0
18,65,5.359963708132525,1.671973065467654,0.0,0.0,0.0,1.0,0.0,0.0
19,65,3.132047758971723,7.07343132772732,1.0,1.0,1.0,1.0,0.0,1.0
0,70,9.303011828337397,8.001090900209814,1.0,0.0,0.0,0.0,0.0,0.0
1,70,7.028935524449929,12.0,1.0,0.0,0.0,0.0,0.0,1.0
2,70,0.1906161952813447,0.0,1.0,0.0,1.0,1.0,0.0,1.0
3,70,6.200901823734202,9.22704526056051,1.0,0.0,0.0,1.0,0.0,0.0
4,70,6.696046027270528,0.0,0.0,1.0,0.0,1.0,0.0,1.0
5,70,6.186071364722793,7.0188242096838245,0.0,1.0,0.0,1.0,1.0,1.0
6,70,11.740782205395542,1.9358594203866404,1.0,0.0,1.0,0.0,0.0,0.0
7,70,11.068366173568617,12.0,0.0,1.0,0.0,0.0,0.0,0.0
8,70,11.416741160760408,5.209300770297178,0.0,0.0,0.0,1.0,0.0,0.0
9,70,2.5607565379974924,3.9376294106620735,0.0,0.0,0.0,0.0,1.0,1.0
10,70,10.462359830105886,2.782271837971793,0.0,0.0,1.0,0.0,1.0,0.0
11,70,9.233649091014902,0.0,0.0,1.0,1.0,1.0,0.0,0.0
12,70,0.0,10.85417103227192,0.0,0.0,0.0,0.0,0.0,0.0
13,70,0.0,2.9542568673874743,1.0,0.0,0.0,0.0,0.0,0.0
14,70,9.78897861643585,11.36097921710136,0.0,1.0,0.0,0.0,0.0,0.0
15,70,1.876543919952885,5.723997888790899,0.0,0.0,0.0,0.0,0.0,1.0
16,70,4.863610640162832,4.926351205418801,0.0,0.0,1.0,0.0,0.0,1.0
17,70,10.130572171317272,4.337712910289982,0.0,0.0,1.0,0.0,0.0,1.0
18,70,5.351952487455564,1.6617140909527182,0.0,0.0,0.0,1.0,0.0,0.0
19,70,3.131318950215507,7.07296130570821,1.0,1.0,1.0,1.0,0.0,1.0
0,75,9.252882259141511,7.930532991861864,1.0,0.0,0.0,0.0,0.0,0.0
1,75,6.930939794812947,12.0,1.0,0.0,0.0,0.0,0.0,1.0
2,75,0.2095335332524671,0.0,1.0,0.0,1.0,1.0,0.0,1.0
3,75,6.210464223913493,9.287558239279669,1.0,0.0,0.0,1.0,0.0,0.0
4,75,6.762319422579358,0.0,0.0,1.0,0.0,1.0,0.0,1.0
5,75,6.14634702099651,6.971752288772687,0.0,1.0,0.0,1.0,1.0,1.0
6,75,11.811573986140278,1.9270356134373532,1.0,0.0,1.0,0.0,0.0,0.0
7,75,11.042928995291962,12.0,0.0,1.0,0.0,0.0,0.0,0.0
8,75,11.436501983286918,5.276054022903694,0.0,0.0,0.0,1.0,0.0,0.0
9,75,2.596869516818969,3.872466491189868,0.0,0.0,0.0,0.0,1.0,1.0
10,75,10.550369902322636,2.7920661620324485,0.0,0.0,1.0,0.0,1.0,0.0
11,75,9.321812062637568,0.0,0.0,1.0,1.0,1.0,0.0,0.0
12,75,0.0,10.915696672243564,0.0,0.0,0.0,0.0,0.0,0.0
13,75,0.0,2.8825970796995866,1.0,0.0,0.0,0.0,0.0,0.0
14,75,9.775259985925764,11.478190763448191,0.0,1.0,0.0,0.0,0.0,0.0
15,75,1.929948774554214,5.771209142448809,0.0,0.0,0.0,0.0,0.0,1.0
16,75,4.845728545317352,4.9150445687298445,0.0,0.0,1.0,0.0,0.0,1.0
17,75,10.169525607335837,4.365141887204175,0.0,0.0,1.0,0.0,0.0,1.0
18,75,5.340718351593958,1.6474257161984596,0.0,0.0,0.0,1.0,0.0,0.0
19,75,3.122660206901567,7.067160727923377,1.0,1.0,1.0,1.0,0.0,1.0
0,80,9.198107206397788,7.85187975404889,1.0,0.0,0.0,0.0,0.0,0.0
1,80,6.834907315128474,12.0,1.0,0.0,0.0,0.0,0.0,1.0
2,80,0.2239342893124777,0.0,1.0,0.0,1.0,1.0,0.0,1.0
3,80,6.219610663297057,9.339048571881696,1.0,0.0,0.0,1.0,0.0,0.0
4,80,6.827143878168352,0.0,0.0,1.0,0.0,1.0,0.0,1.0
5,80,6.107182186842912,6.925819047589199,0.0,1.0,0.0,1.0,1.0,1.0
6,80,11.866605055586312,1.9216882317276844,1.0,0.0,1.0,0.0,0.0,0.0
7,80,11.01963963684141,12.0,0.0,1.0,0.0,0.0,0.0,0.0
8,80,11.45236216518496,5.334599272513782,0.0,0.0,0.0,1.0,0.0,0.0
9,80,2.636058326884601,3.800232466370396,0.0,0.0,0.0,0.0,1.0,1.0
10,80,10.639640564462391,2.8040483576481567,0.0,0.0,1.0,0.0,1.0,0.0
11,80,9.426873522670212,0.0,0.0,1.0,1.0,1.0,0.0,0.0
12,80,0.0,10.976497494882642,0.0,0.0,0.0,0.0,0.0,0.0
13,80,0.0,2.809380268773705,1.0,0.0,0.0,0.0,0.0,0.0
14,80,9.761837534988048,11.607285963119812,0.0,1.0,0.0,0.0,0.0,0.0
15,80,1.989591419179364,5.824312177093655,0.0,0.0,0.0,0.0,0.0,1.0
16,80,4.835032913123203,4.907796117883572,0.0,0.0,1.0,0.0,0.0,1.0
17,80,10.212587108381674,4.396174111076922,0.0,0.0,1.0,0.0,0.0,1.0
18,80,5.33315072633072,1.637542367798631,0.0,0.0,0.0,1.0,0.0,0.0
19,80,3.118320549828542,7.06412810621347,1.0,1.0,1.0,1.0,0.0,1.0
0,85,9.147679223249298,7.7766349673040285,1.0,0.0,0.0,0.0,0.0,0.0
1,85,6.730215491424707,12.0,1.0,0.0,0.0,0.0,0.0,1.0
2,85,0.2340218230033534,0.0,1.0,0.0,1.0,1.0,0.0,1.0
3,85,6.229365573827107,9.38529734323246,1.0,0.0,0.0,1.0,0.0,0.0
4,85,6.887773409076712,0.0,0.0,1.0,0.0,1.0,0.0,1.0
5,85,6.080751860337307,6.895677970754912,0.0,1.0,0.0,1.0,1.0,1.0
6,85,11.9134300115761,1.917146098491239,1.0,0.0,1.0,0.0,0.0,0.0
7,85,11.003875807280298,11.999721148753364,0.0,1.0,0.0,0.0,0.0,0.0
8,85,11.464650429755164,5.382075305308712,0.0,0.0,0.0,1.0,0.0,0.0
9,85,2.6669771526664605,3.7320775522744594,0.0,0.0,0.0,0.0,1.0,1.0
10,85,10.740458832820792,2.8147632658082826,0.0,0.0,1.0,0.0,1.0,0.0
11,85,9.516528564987924,0.0,0.0,1.0,1.0,1.0,0.0,0.0
12,85,0.0,11.038796951137442,0.0,0.0,0.0,0.0,0.0,0.0
13,85,0.0705747903303605,2.6986729538246124,1.0,0.0,0.0,0.0,0.0,0.0
14,85,9.749795572192994,11.729353222699714,0.0,1.0,0.0,0.0,0.0,0.0
15,85,2.0357643116085486,5.8645356497724,0.0,0.0,0.0,0.0,0.0,1.0
16,85,4.833600773032375,4.906829901390052,0.0,0.0,1.0,0.0,0.0,1.0
17,85,10.266310023275176,4.431676736517799,0.0,0.0,1.0,0.0,0.0,1.0
18,85,5.336410846139853,1.6418068165265185,0.0,0.0,0.0,1.0,0.0,0.0
19,85,3.111951297248909,7.059636884140006,1.0,1.0,1.0,1.0,0.0,1.0
0,90,9.110183065723126,7.719012907106656,1.0,0.0,0.0,0.0,0.0,0.0
1,90,6.6242090443784,12.0,1.0,0.0,0.0,0.0,0.0,1.0
2,90,0.2498069633086092,0.0,1.0,0.0,1.0,1.0,0.0,1.0
3,90,6.238245837438253,9.434899211156052,1.0,0.0,0.0,1.0,0.0,0.0
4,90,6.944361591414059,0.0,0.0,1.0,0.0,1.0,0.0,1.0
5,90,6.043426068716127,6.853548149566669,0.0,1.0,0.0,1.0,1.0,1.0
6,90,11.945093300990491,1.9137359753559529,1.0,0.0,1.0,0.0,0.0,0.0
7,90,10.983026537725395,11.999339090186318,0.0,1.0,0.0,0.0,0.0,0.0
8,90,11.481581446485324,5.4444183811129525,0.0,0.0,0.0,1.0,0.0,0.0
9,90,2.701174726926682,3.658795378178674,0.0,0.0,0.0,0.0,1.0,1.0
10,90,10.854806718795333,2.826744408593635,0.0,0.0,1.0,0.0,1.0,0.0
11,90,9.606866938396584,0.0,0.0,1.0,1.0,1.0,0.0,0.0
12,90,0.0,11.101280427212936,0.0,0.0,0.0,0.0,0.0,0.0
13,90,0.1450060409090572,2.5862960052313797,1.0,0.0,0.0,0.0,0.0,0.0
14,90,9.739379308528273,11.83922000333703,0.0,1.0,0.0,0.0,0.0,0.0
15,90,2.0639857900525045,5.88943054262785,0.0,0.0,0.0,0.0,0.0,1.0
16,90,4.823004685789435,4.899939862414488,0.0,0.0,1.0,0.0,0.0,1.0
17,90,10.308910188030127,4.459355764524516,0.0,0.0,1.0,0.0,0.0,1.0
18,90,5.336727995515957,1.6422216869363695,0.0,0.0,0.0,1.0,0.0,0.0
19,90,3.1033726013981098,7.053719546033415,1.0,1.0,1.0,1.0,0.0,1.0
0,95,9.068298365444074,7.656339355150346,1.0,0.0,0.0,0.0,0.0,0.0
1,95,6.5065759076646215,12.0,1.0,0.0,0.0,0.0,0.0,1.0
2,95,0.2684679711070201,0.0,1.0,0.0,1.0,1.0,0.0,1.0
3,95,6.246996137536105,9.482722567216372,1.0,0.0,0.0,1.0,0.0,0.0
4,95,7.018135131745409,0.0,0.0,1.0,0.0,1.0,0.0,1.0
5,95,6.012351419996657,6.819183268670495,0.0,1.0,0.0,1.0,1.0,1.0
6,95,11.968981363812848,1.911012712096936,1.0,0.0,1.0,0.0,0.0,0.0
7,95,10.953888492909115,11.998519861616758,0.0,1.0,0.0,0.0,0.0,0.0
8,95,11.501562633620871,5.51373567621604,0.0,0.0,0.0,1.0,0.0,0.0
9,95,2.738560756932168,3.586541335744569,0.0,0.0,0.0,0.0,1.0,1.0
10,95,10.957451254119873,2.835553982569541,0.0,0.0,1.0,0.0,1.0,0.0
11,95,9.692617883091286,0.0,0.0,1.0,1.0,1.0,0.0,0.0
12,95,0.0,11.163863594028292,0.0,0.0,0.0,0.0,0.0,0.0
13,95,0.2106290910248291,2.487192304181595,1.0,0.0,0.0,0.0,0.0,0.0
14,95,9.729455441196569,11.942858080257592,0.0,1.0,0.0,0.0,0.0,0.0
15,95,2.0863307340074235,5.909542754366805,0.0,0.0,0.0,0.0,0.0,1.0
16,95,4.828793341378603,4.903602180671916,0.0,0.0,1.0,0.0,0.0,1.0
17,95,10.351025305027193,4.487453521388381,0.0,0.0,1.0,0.0,0.0,1.0
18,95,5.325740284398342,1.6270232064490318,0.0,0.0,0.0,1.0,0.0,0.0
19,95,3.0884157962124053,7.043870766826884,1.0,1.0,1.0,1.0,0.0,1.0
0,100,9.044658520681695,7.619682273867113,1.0,0.0,0.0,0.0,0.0,0.0
1,100,6.388839598928671,12.0,1.0,0.0,0.0,0.0,0.0,1.0
2,100,0.2849517141048493,0.0,1.0,0.0,1.0,1.0,0.0,1.0
3,100,6.254987428280753,9.528232999278275,1.0,0.0,0.0,1.0,0.0,0.0
4,100,7.085559551334437,0.0,0.0,1.0,0.0,1.0,0.0,1.0
5,100,5.988307998937061,6.7936588391758574,0.0,1.0,0.0,1.0,1.0,1.0
6,100,11.9959979562348,1.9073127717219744,1.0,0.0,1.0,0.0,0.0,0.0
7,100,10.926108335427724,11.997406835005544,0.0,1.0,0.0,0.0,0.0,0.0
8,100,11.516077127329387,5.565354280327171,0.0,0.0,0.0,1.0,0.0,0.0
9,100,2.770290746398138,3.523284689847547,0.0,0.0,0.0,0.0,1.0,1.0
10,100,11.042283657113746,2.842258930996364,0.0,0.0,1.0,0.0,1.0,0.0
11,100,9.773959325767498,0.0,0.0,1.0,1.0,1.0,0.0,0.0
12,100,0.0,11.22682467179025,0.0,0.0,0.0,0.0,0.0,0.0
13,100,0.2675737534316513,2.4025620837727413,1.0,0.0,0.0,0.0,0.0,0.0
14,100,9.718056770301123,12.0,0.0,1.0,0.0,0.0,0.0,0.0
15,100,2.110776507494068,5.931020882046925,0.0,0.0,0.0,0.0,0.0,1.0
16,100,4.82862277259609,4.9034966452879765,0.0,0.0,1.0,0.0,0.0,1.0
17,100,10.396218009364114,4.520392738555364,0.0,0.0,1.0,0.0,0.0,1.0
18,100,5.313155193304762,1.6085068411455627,0.0,0.0,0.0,1.0,0.0,0.0
19,100,3.0809099944802387,7.038983816681594,1.0,1.0,1.0,1.0,0.0,1.0
0,105,9.022576748957531,7.58370018751503,1.0,0.0,0.0,0.0,0.0,0.0
1,105,6.283218855591666,12.0,1.0,0.0,0.0,0.0,0.0,1.0
2,105,0.3000686783107926,0.0,1.0,0.0,1.0,1.0,0.0,1.0
3,105,6.2654255758956126,9.58388956574986,1.0,0.0,0.0,1.0,0.0,0.0
4,105,7.143681043513482,0.0,0.0,1.0,0.0,1.0,0.0,1.0
5,105,5.961200894163143,6.76531363109217,0.0,1.0,0.0,1.0,1.0,1.0
6,105,12.0,1.9032041694197896,1.0,0.0,1.0,0.0,0.0,0.0
7,105,10.877861106453468,11.995681947824233,0.0,1.0,0.0,0.0,0.0,0.0
8,105,11.53342712602196,5.626907451356412,0.0,0.0,0.0,1.0,0.0,0.0
9,105,2.794663460921336,3.475350060855952,0.0,0.0,0.0,0.0,1.0,1.0
10,105,11.1018294592837,2.847055989216597,0.0,0.0,1.0,0.0,1.0,0.0
11,105,9.862259355035365,0.0,0.0,1.0,1.0,1.0,0.0,0.0
12,105,0.0,11.299584180536408,0.0,0.0,0.0,0.0,0.0,0.0
13,105,0.3316177366205387,2.3116587329770413,1.0,0.0,0.0,0.0,0.0,0.0
14,105,9.70466814179884,12.0,0.0,1.0,0.0,0.0,0.0,0.0
15,105,2.1198656153865088,5.939007735903536,0.0,0.0,0.0,0.0,0.0,1.0
16,105,4.830890391661089,4.9048645480037365,0.0,0.0,1.0,0.0,0.0,1.0
17,105,10.450603625437727,4.560112454466694,0.0,0.0,1.0,0.0,0.0,1.0
18,105,5.299687104449167,1.5889410452485566,0.0,0.0,0.0,1.0,0.0,0.0
19,105,3.071297333699883,7.032731175572009,1.0,1.0,1.0,1.0,0.0,1.0
0,110,8.990346189502821,7.530352778518006,1.0,0.0,0.0,0.0,0.0,0.0
1,110,6.176170963093274,12.0,1.0,0.0,0.0,0.0,0.0,1.0
2,110,0.3157616817784868,0.0,1.0,0.0,1.0,1.0,0.0,1.0
3,110,6.278713187171044,9.655343267155295,1.0,0.0,0.0,1.0,0.0,0.0
4,110,7.212321574372842,0.0,0.0,1.0,0.0,1.0,0.0,1.0
5,110,5.9322315256189935,6.735895099997657,0.0,1.0,0.0,1.0,1.0,1.0
6,110,12.0,1.8995678939596132,1.0,0.0,1.0,0.0,0.0,0.0
7,110,10.834407194201942,11.992735696857885,0.0,1.0,0.0,0.0,0.0,0.0
8,110,11.5559545800064,5.711580307506952,0.0,0.0,0.0,1.0,0.0,0.0
9,110,2.8266602439726625,3.411569180990441,0.0,0.0,0.0,0.0,1.0,1.0
10,110,11.16052217678903,2.850763590234549,0.0,0.0,1.0,0.0,1.0,0.0
11,110,9.944231179965746,0.0,0.0,1.0,1.0,1.0,0.0,0.0
12,110,0.0,11.371123471584353,0.0,0.0,0.0,0.0,0.0,0.0
13,110,0.3898637939200207,2.2288473547794068,1.0,0.0,0.0,0.0,0.0,0.0
14,110,9.690399516230045,12.0,0.0,1.0,0.0,0.0,0.0,0.0
15,110,2.134504341275888,5.952073432994424,0.0,0.0,0.0,0.0,0.0,1.0
16,110,4.824289161790787,4.90070235953953,0.0,0.0,1.0,0.0,0.0,1.0
17,110,10.488123345731124,4.58791024310248,0.0,0.0,1.0,0.0,0.0,1.0
18,110,5.290105136687775,1.5753619842672308,0.0,0.0,0.0,1.0,0.0,0.0
19,110,3.0614166743241085,7.026591470759646,1.0,1.0,1.0,1.0,0.0,1.0
0,115,8.966947839423595,7.492336268848145,1.0,0.0,0.0,0.0,0.0,0.0
1,115,6.076236525953911,12.0,1.0,0.0,0.0,0.0,0.0,1.0
2,115,0.3257723620172762,0.0,1.0,0.0,1.0,1.0,0.0,1.0
3,115,6.294116126842075,9.735657562092198,1.0,0.0,0.0,1.0,0.0,0.0
4,115,7.292643043462726,0.0,0.0,1.0,0.0,1.0,0.0,1.0
5,115,5.917804328485387,6.720944249493673,0.0,1.0,0.0,1.0,1.0,1.0
6,115,12.0,1.89513530473237,1.0,0.0,1.0,0.0,0.0,0.0
7,115,10.771319272912113,11.9880177783801,0.0,1.0,0.0,0.0,0.0,0.0
8,115,11.579907675788366,5.8001938780091225,0.0,0.0,0.0,1.0,0.0,0.0
9,115,2.8570694954590707,3.3485653507337805,0.0,0.0,0.0,0.0,1.0,1.0
10,115,11.206974966419969,2.855516366786596,0.0,0.0,1.0,0.0,1.0,0.0
11,115,10.03327147097825,0.0,0.0,1.0,1.0,1.0,0.0,0.0
12,115,0.0,11.440769931907004,0.0,0.0,0.0,0.0,0.0,0.0
13,115,0.4487304443731227,2.152021075283236,1.0,0.0,0.0,0.0,0.0,0.0
14,115,9.675329240190964,12.0,0.0,1.0,0.0,0.0,0.0,0.0
15,115,2.1613587243150323,5.976403245857822,0.0,0.0,0.0,0.0,0.0,1.0
16,115,4.802555876446679,4.886175723819807,0.0,0.0,1.0,0.0,0.0,1.0
17,115,10.548387484129272,4.635826695109693,0.0,0.0,1.0,0.0,0.0,1.0
18,115,5.274433460614849,1.5535042459759183,0.0,0.0,0.0,1.0,0.0,0.0
19,115,3.060821134509375,7.026211811333122,1.0,1.0,1.0,1.0,0.0,1.0
0,120,8.949359476142202,7.465204188011344,1.0,0.0,0.0,0.0,0.0,0.0
1,120,5.980447446604249,12.0,1.0,0.0,0.0,0.0,0.0,1.0
2,120,0.3357624514547309,0.0,1.0,0.0,1.0,1.0,0.0,1.0
3,120,6.31068767860697,9.831999004343308,1.0,0.0,0.0,1.0,0.0,0.0
4,120,7.395087016560454,0.0,0.0,1.0,0.0,1.0,0.0,1.0
5,120,5.89635221686989,6.69910438034065,0.0,1.0,0.0,1.0,1.0,1.0
6,120,12.0,1.8898760591180457,1.0,0.0,1.0,0.0,0.0,0.0
7,120,10.691139759672346,11.980713046037812,0.0,1.0,0.0,0.0,0.0,0.0
8,120,11.61321922736751,5.912636521685207,0.0,0.0,0.0,1.0,0.0,0.0
9,120,2.8924647759462703,3.2729242914267416,0.0,0.0,0.0,0.0,1.0,1.0
10,120,11.233083385889389,2.8582478028152285,0.0,0.0,1.0,0.0,1.0,0.0
11,120,10.117742440418011,0.0,0.0,1.0,1.0,1.0,0.0,0.0
12,120,0.0,11.52033623326121,0.0,0.0,0.0,0.0,0.0,0.0
13,120,0.5064399979964842,2.080225704147248,1.0,0.0,0.0,0.0,0.0,0.0
14,120,9.653989431954484,12.0,0.0,1.0,0.0,0.0,0.0,0.0
15,120,2.2032886183726004,6.013447767352759,0.0,0.0,0.0,0.0,0.0,1.0
16,120,4.770630331842376,4.865007696796421,0.0,0.0,1.0,0.0,0.0,1.0
17,120,10.596276865714527,4.674902997608052,0.0,0.0,1.0,0.0,0.0,1.0
18,120,5.265731751416455,1.540707219051176,0.0,0.0,0.0,1.0,0.0,0.0
19,120,3.0698062101444235,7.031641121924295,1.0,1.0,1.0,1.0,0.0,1.0
0,125,8.932480234108061,7.439628104980234,1.0,0.0,0.0,0.0,0.0,0.0
1,125,5.892456563687986,12.0,1.0,0.0,0.0,0.0,0.0,1.0
2,125,0.3410958144228011,0.0,1.0,0.0,1.0,1.0,0.0,1.0
3,125,6.329869961200319,9.9317228345327,1.0,0.0,0.0,1.0,0.0,0.0
4,125,7.489207403712225,0.0,0.0,1.0,0.0,1.0,0.0,1.0
5,125,5.8678979470914285,6.670428279930116,0.0,1.0,0.0,1.0,1.0,1.0
6,125,12.0,1.884602635222119,1.0,0.0,1.0,0.0,0.0,0.0
7,125,10.62019903767052,11.975510819149047,0.0,1.0,0.0,0.0,0.0,0.0
8,125,11.644907333033188,6.019766310593711,0.0,0.0,0.0,1.0,0.0,0.0
9,125,2.919611552155814,3.2156043735069493,0.0,0.0,0.0,0.0,1.0,1.0
10,125,11.25684772292822,2.8599545566779403,0.0,0.0,1.0,0.0,1.0,0.0
11,125,10.204440743917852,0.0,0.0,1.0,1.0,1.0,0.0,0.0
12,125,0.0,11.586407031269294,0.0,0.0,0.0,0.0,0.0,0.0
13,125,0.5725210994048113,1.997447991135671,1.0,0.0,0.0,0.0,0.0,0.0
14,125,9.63479169609236,12.0,0.0,1.0,0.0,0.0,0.0,0.0
15,125,2.253674070126015,6.059100970742134,0.0,0.0,0.0,0.0,0.0,1.0
16,125,4.7417168856814245,4.844745599306823,0.0,0.0,1.0,0.0,0.0,1.0
17,125,10.646291687302718,4.715766898379544,0.0,0.0,1.0,0.0,0.0,1.0
18,125,5.262061271144926,1.5355558370619968,0.0,0.0,0.0,1.0,0.0,0.0
19,125,3.0835951516932574,7.039941482346039,1.0,1.0,1.0,1.0,0.0,1.0
0,130,8.93087363351184,7.437225896511794,1.0,0.0,0.0,0.0,0.0,0.0
1,130,5.800410805560377,12.0,1.0,0.0,0.0,0.0,0.0,1.0
2,130,0.3501965688440446,0.0,1.0,0.0,1.0,1.0,0.0,1.0
3,130,6.346518937085124,10.031057390581514,1.0,0.0,0.0,1.0,0.0,0.0
4,130,7.577563353302519,0.0,0.0,1.0,0.0,1.0,0.0,1.0
5,130,5.849952704539511,6.652444713530527,0.0,1.0,0.0,1.0,1.0,1.0
6,130,12.0,1.8763142031141111,1.0,0.0,1.0,0.0,0.0,0.0
7,130,10.554790980379709,11.970540389616904,0.0,1.0,0.0,0.0,0.0,0.0
8,130,11.67598703445501,6.121350444882565,0.0,0.0,0.0,1.0,0.0,0.0
9,130,2.8692678503823705,3.1899461172420223,0.0,0.0,0.0,0.0,1.0,1.0
10,130,11.272342599837032,2.860828771408477,0.0,0.0,1.0,0.0,1.0,0.0
11,130,10.302845680289185,0.0,0.0,1.0,1.0,1.0,0.0,0.0
12,130,0.0,11.674603331831763,0.0,0.0,0.0,0.0,0.0,0.0
13,130,0.6443483097257506,1.9056321831956355,1.0,0.0,0.0,0.0,0.0,0.0
14,130,9.61573383715229,12.0,0.0,1.0,0.0,0.0,0.0,0.0
15,130,2.2991106511304182,6.09726550903271,0.0,0.0,0.0,0.0,0.0,1.0
16,130,4.702863348252941,4.8174559266709975,0.0,0.0,1.0,0.0,0.0,1.0
17,130,10.693152111775536,4.754344347051887,0.0,0.0,1.0,0.0,0.0,1.0
18,130,5.249951202369438,1.5181914990575502,0.0,0.0,0.0,1.0,0.0,0.0
19,130,3.0941768907849068,7.046457786366802,1.0,1.0,1.0,1.0,0.0,1.0
0,135,8.941903722523573,7.454927758999558,1.0,0.0,0.0,0.0,0.0,0.0
1,135,5.712775080326329,12.0,1.0,0.0,0.0,0.0,0.0,1.0
2,135,0.3611966851126383,0.0,1.0,0.0,1.0,1.0,0.0,1.0
3,135,6.361422457405942,10.140458294634191,1.0,0.0,0.0,1.0,0.0,0.0
4,135,7.673609409568446,0.0,0.0,1.0,0.0,1.0,0.0,1.0
5,135,5.839752458925437,6.641513134139137,0.0,1.0,0.0,1.0,1.0,1.0
6,135,12.0,1.8677652824172588,1.0,0.0,1.0,0.0,0.0,0.0
7,135,10.5051452491223,11.966703372472448,0.0,1.0,0.0,0.0,0.0,0.0
8,135,11.71001352143196,6.226884149071275,0.0,0.0,0.0,1.0,0.0,0.0
9,135,2.7989912800483334,3.155935201975727,0.0,0.0,0.0,0.0,1.0,1.0
10,135,11.306329947642356,2.861327944069903,0.0,0.0,1.0,0.0,1.0,0.0
11,135,10.397359708974038,0.0,0.0,1.0,1.0,1.0,0.0,0.0
12,135,0.0,11.758688526762375,0.0,0.0,0.0,0.0,0.0,0.0
13,135,0.7222427918516395,1.8092536339678704,1.0,0.0,0.0,0.0,0.0,0.0
14,135,9.59774758800904,12.0,0.0,1.0,0.0,0.0,0.0,0.0
15,135,2.3471951296514355,6.137660815067309,0.0,0.0,0.0,0.0,0.0,1.0
16,135,4.6635216948981615,4.7884172690487965,0.0,0.0,1.0,0.0,0.0,1.0
17,135,10.727842110807176,4.781453364311399,0.0,0.0,1.0,0.0,0.0,1.0
18,135,5.223558034621756,1.4805947550612952,0.0,0.0,0.0,1.0,0.0,0.0
19,135,3.106054024413588,7.053954113433132,1.0,1.0,1.0,1.0,0.0,1.0
0,140,8.944124038725246,7.458340830183307,1.0,0.0,0.0,0.0,0.0,0.0
1,140,5.626238874950146,12.0,1.0,0.0,0.0,0.0,0.0,1.0
2,140,0.3754636121402731,0.0,1.0,0.0,1.0,1.0,0.0,1.0
3,140,6.379695386625292,10.27463556109788,1.0,0.0,0.0,1.0,0.0,0.0
4,140,7.775430322054926,0.0,0.0,1.0,0.0,1.0,0.0,1.0
5,140,5.817290735058743,6.6164624113897545,0.0,1.0,0.0,1.0,1.0,1.0
6,140,12.0,1.8604012862367496,1.0,0.0,1.0,0.0,0.0,0.0
7,140,10.468510533151912,11.96378883652793,0.0,1.0,0.0,0.0,0.0,0.0
8,140,11.73873862164164,6.306420882630714,0.0,0.0,0.0,1.0,0.0,0.0
9,140,2.7536754916797563,3.13280106773552,0.0,0.0,0.0,0.0,1.0,1.0
10,140,11.33810520051999,2.8620082058967533,0.0,0.0,1.0,0.0,1.0,0.0
11,140,10.490077080121488,0.0,0.0,1.0,1.0,1.0,0.0,0.0
12,140,0.0,11.83048540793146,0.0,0.0,0.0,0.0,0.0,0.0
13,140,0.7970380963418257,1.7168874996882162,1.0,0.0,0.0,0.0,0.0,0.0
14,140,9.57852073571756,12.0,0.0,1.0,0.0,0.0,0.0,0.0
15,140,2.3868693696667704,6.1707318219815726,0.0,0.0,0.0,0.0,0.0,1.0
16,140,4.624772720227191,4.759940817159845,0.0,0.0,1.0,0.0,0.0,1.0
17,140,10.76444922818692,4.811897946600549,0.0,0.0,1.0,0.0,0.0,1.0
18,140,5.194238211638762,1.4388185562185174,0.0,0.0,0.0,1.0,0.0,0.0
19,140,3.1306596516822585,7.070348588481869,1.0,1.0,1.0,1.0,0.0,1.0
0,145,8.950470847807381,7.468993219891337,1.0,0.0,0.0,0.0,0.0,0.0
1,145,5.533606143448728,12.0,1.0,0.0,0.0,0.0,0.0,1.0
2,145,0.3955151466269815,0.0,1.0,0.0,1.0,1.0,0.0,1.0
3,145,6.399160063275278,10.409280411578862,1.0,0.0,0.0,1.0,0.0,0.0
4,145,7.8782016735762115,0.0,0.0,1.0,0.0,1.0,0.0,1.0
5,145,5.785040506191617,6.581246517496345,0.0,1.0,0.0,1.0,1.0,1.0
6,145,12.0,1.85415961904714,1.0,0.0,1.0,0.0,0.0,0.0
7,145,10.43634992456625,11.960385013749752,0.0,1.0,0.0,0.0,0.0,0.0
8,145,11.765776793585616,6.3819688402753,0.0,0.0,0.0,1.0,0.0,0.0
9,145,2.7045136104484624,3.1087293740327984,0.0,0.0,0.0,0.0,1.0,1.0
10,145,11.36134181474084,2.862519484792924,0.0,0.0,1.0,0.0,1.0,0.0
11,145,10.60531133588785,0.0,0.0,1.0,1.0,1.0,0.0,0.0
12,145,0.0,11.911371916555446,0.0,0.0,0.0,0.0,0.0,0.0
13,145,0.8594330274615013,1.6376784867676106,1.0,0.0,0.0,0.0,0.0,0.0
14,145,9.560917748371637,12.0,0.0,1.0,0.0,0.0,0.0,0.0
15,145,2.4144376085676127,6.193701832942669,0.0,0.0,0.0,0.0,0.0,1.0
16,145,4.577418799904069,4.724297352773708,0.0,0.0,1.0,0.0,0.0,1.0
17,145,10.80691393599724,4.848451238297802,0.0,0.0,1.0,0.0,0.0,1.0
18,145,5.161218550713877,1.3901157340989023,0.0,0.0,0.0,1.0,0.0,0.0
19,145,3.162388708044456,7.091295368526009,1.0,1.0,1.0,1.0,0.0,1.0
0,150,8.961517474022871,7.486841360202217,1.0,0.0,0.0,0.0,0.0,0.0
1,150,5.430824620369279,12.0,1.0,0.0,0.0,0.0,0.0,1.0
2,150,0.4237266295529457,0.0,1.0,0.0,1.0,1.0,0.0,1.0
3,150,6.526035100838672,10.39217407795022,1.0,0.0,0.0,1.0,0.0,0.0
4,150,7.993221853452483,0.0,0.0,1.0,0.0,1.0,0.0,1.0
5,150,5.733202039306504,6.526672757963382,0.0,1.0,0.0,1.0,1.0,1.0
6,150,12.0,1.8448632724544785,1.0,0.0,1.0,0.0,0.0,0.0
7,150,10.41028907759692,11.958079647642665,0.0,1.0,0.0,0.0,0.0,0.0
8,150,11.79950323739119,6.472231289368713,0.0,0.0,0.0,1.0,0.0,0.0
9,150,2.647313986565994,3.080689474949041,0.0,0.0,0.0,0.0,1.0,1.0
10,150,11.389861404428853,2.8630902965830947,0.0,0.0,1.0,0.0,1.0,0.0
11,150,10.728794380934223,0.0,0.0,1.0,1.0,1.0,0.0,0.0
12,150,0.0,11.958388420268776,0.0,0.0,0.0,0.0,0.0,0.0
13,150,0.92212515749437,1.556909534306723,1.0,0.0,0.0,0.0,0.0,0.0
14,150,9.542178249484916,12.0,0.0,1.0,0.0,0.0,0.0,0.0
15,150,2.44797112412816,6.222208349549271,0.0,0.0,0.0,0.0,0.0,1.0
16,150,4.537741345859351,4.694240370628082,0.0,0.0,1.0,0.0,0.0,1.0
17,150,10.847767607594852,4.883143675123108,0.0,0.0,1.0,0.0,0.0,1.0
18,150,5.118214126847615,1.32658199926686,0.0,0.0,0.0,1.0,0.0,0.0
19,150,3.18346119698611,7.104917930971127,1.0,1.0,1.0,1.0,0.0,1.0
0,155,8.976295270988267,7.511288346712577,1.0,0.0,0.0,0.0,0.0,0.0
1,155,5.24726286580649,11.90069648110573,1.0,0.0,0.0,0.0,0.0,1.0
2,155,0.4465733403923629,0.0,1.0,0.0,1.0,1.0,0.0,1.0
3,155,6.676252312489131,10.368609495853644,1.0,0.0,0.0,1.0,0.0,0.0
4,155,8.103767476615394,0.0,0.0,1.0,0.0,1.0,0.0,1.0
5,155,5.676243941509623,6.467909547874035,0.0,1.0,0.0,1.0,1.0,1.0
6,155,12.0,1.836390932937911,1.0,0.0,1.0,0.0,0.0,0.0
7,155,10.375124469713102,11.954533898821795,0.0,1.0,0.0,0.0,0.0,0.0
8,155,11.823968087071655,6.54589338604764,0.0,0.0,0.0,1.0,0.0,0.0
9,155,2.597154154628365,3.055350736541423,0.0,0.0,0.0,0.0,1.0,1.0
10,155,11.4252120899914,2.8644470103069457,0.0,0.0,1.0,0.0,1.0,0.0
11,155,10.844414660316009,0.0,0.0,1.0,1.0,1.0,0.0,0.0
12,155,0.0,11.991776102239209,0.0,0.0,0.0,0.0,0.0,0.0
13,155,0.9752457556587144,1.4897585880612498,1.0,0.0,0.0,0.0,0.0,0.0
14,155,9.528954900133288,12.0,0.0,1.0,0.0,0.0,0.0,0.0
15,155,2.462317683963502,6.234409886291229,0.0,0.0,0.0,0.0,0.0,1.0
16,155,4.490865158730268,4.658577916023607,0.0,0.0,1.0,0.0,0.0,1.0
17,155,10.881597320650208,4.909758893985154,0.0,0.0,1.0,0.0,0.0,1.0
18,155,5.07824781608966,1.2654508659711834,0.0,0.0,0.0,1.0,0.0,0.0
19,155,3.212973610138665,7.123814210106652,1.0,1.0,1.0,1.0,0.0,1.0
0,160,8.9877960485319,7.531148559359168,1.0,0.0,0.0,0.0,0.0,0.0
1,160,5.054880124261507,11.797825002115149,1.0,0.0,0.0,0.0,0.0,1.0
2,160,0.4644957200650729,0.0,1.0,0.0,1.0,1.0,0.0,1.0
3,160,6.8052054686243615,10.351418044892537,1.0,0.0,0.0,1.0,0.0,0.0
4,160,8.20400100204058,0.0,0.0,1.0,0.0,1.0,0.0,1.0
5,160,5.618492514278078,6.406977659461325,0.0,1.0,0.0,1.0,1.0,1.0
6,160,12.0,1.8256558125889315,1.0,0.0,1.0,0.0,0.0,0.0
7,160,10.328978345545988,11.9496266490858,0.0,1.0,0.0,0.0,0.0,0.0
8,160,11.849883513946866,6.619720395827796,0.0,0.0,0.0,1.0,0.0,0.0
9,160,2.541597345305989,3.026369956011241,0.0,0.0,0.0,0.0,1.0,1.0
10,160,11.466713804761628,2.8664495895376034,0.0,0.0,1.0,0.0,1.0,0.0
11,160,10.96946751388555,0.0,0.0,1.0,1.0,1.0,0.0,0.0
12,160,0.0,12.0,0.0,0.0,0.0,0.0,0.0,0.0
13,160,1.022253065996488,1.4319194779888884,1.0,0.0,0.0,0.0,0.0,0.0
14,160,9.51775198809158,12.0,0.0,1.0,0.0,0.0,0.0,0.0
15,160,2.465394789712886,6.2307448763923725,0.0,0.0,0.0,0.0,0.0,1.0
16,160,4.454384586560335,4.63125603920466,0.0,0.0,1.0,0.0,0.0,1.0
17,160,10.91041446427309,4.930746430842595,0.0,0.0,1.0,0.0,0.0,1.0
18,160,5.020737698718631,1.1761790295522387,0.0,0.0,0.0,1.0,0.0,0.0
19,160,3.249305204630756,7.147823274719201,1.0,1.0,1.0,1.0,0.0,1.0
0,165,9.002128082726186,7.557169694508412,1.0,0.0,0.0,0.0,0.0,0.0
1,165,4.861095468762682,11.691780038060813,1.0,0.0,0.0,0.0,0.0,1.0
2,165,0.4761811286204998,0.0,1.0,0.0,1.0,1.0,0.0,1.0
3,165,6.938371604843002,10.33205861843328,1.0,0.0,0.0,1.0,0.0,0.0
4,165,8.310534525639257,0.0,0.0,1.0,0.0,1.0,0.0,1.0
5,165,5.548877390246021,6.335685458370982,0.0,1.0,0.0,1.0,1.0,1.0
6,165,12.0,1.817525290650368,1.0,0.0,1.0,0.0,0.0,0.0
7,165,10.276192816811196,11.944109190062017,0.0,1.0,0.0,0.0,0.0,0.0
8,165,11.868662802298571,6.679822388244883,0.0,0.0,0.0,1.0,0.0,0.0
9,165,2.499611764118342,3.005251085263417,0.0,0.0,0.0,0.0,1.0,1.0
10,165,11.51927179659988,2.8688096482308385,0.0,0.0,1.0,0.0,1.0,0.0
11,165,11.083901692648489,0.0,0.0,1.0,1.0,1.0,0.0,0.0
12,165,0.0,12.0,0.0,0.0,0.0,0.0,0.0,0.0
13,165,1.0688381187376088,1.3741955889647333,1.0,0.0,0.0,0.0,0.0,0.0
14,165,9.504490608754756,12.0,0.0,1.0,0.0,0.0,0.0,0.0
15,165,2.471893953267174,6.222825446020218,0.0,0.0,0.0,0.0,0.0,1.0
16,165,4.4185838092445096,4.603697923967759,0.0,0.0,1.0,0.0,0.0,1.0
17,165,10.947061508681536,4.9572014788033165,0.0,0.0,1.0,0.0,0.0,1.0
18,165,4.968437007191252,1.098375773100354,0.0,0.0,0.0,1.0,0.0,0.0
19,165,3.2716955227486224,7.162256826003607,1.0,1.0,1.0,1.0,0.0,1.0
0,170,9.020694647548058,7.592818816561719,1.0,0.0,0.0,0.0,0.0,0.0
1,170,4.659438375141194,11.580719592029055,1.0,0.0,0.0,0.0,0.0,1.0
2,170,0.4895411100777347,0.0,1.0,0.0,1.0,1.0,0.0,1.0
3,170,7.096443330926706,10.308168865433087,1.0,0.0,0.0,1.0,0.0,0.0
4,170,8.422828070076266,0.0,0.0,1.0,0.0,1.0,0.0,1.0
5,170,5.495735596617292,6.282986415310037,0.0,1.0,0.0,1.0,1.0,1.0
6,170,12.0,1.805204516352637,1.0,0.0,1.0,0.0,0.0,0.0
7,170,10.210508916883992,11.938502428235504,0.0,1.0,0.0,0.0,0.0,0.0
8,170,11.890971908028275,6.750350651125486,0.0,0.0,0.0,1.0,0.0,0.0
9,170,2.432691825673268,2.971892199689262,0.0,0.0,0.0,0.0,1.0,1.0
10,170,11.568024096108331,2.872012727022315,0.0,0.0,1.0,0.0,1.0,0.0
11,170,11.183474222473697,0.0,0.0,1.0,1.0,1.0,0.0,0.0
12,170,0.0,12.0,0.0,0.0,0.0,0.0,0.0,0.0
13,170,1.124857530812302,1.3048524147397664,1.0,0.0,0.0,0.0,0.0,0.0
14,170,9.488133983650204,12.0,0.0,1.0,0.0,0.0,0.0,0.0
15,170,2.479102083572641,6.2137953593751005,0.0,0.0,0.0,0.0,0.0,1.0
16,170,4.369864237788926,4.56699039878203,0.0,0.0,1.0,0.0,0.0,1.0
17,170,10.99121414126969,4.986933238812353,0.0,0.0,1.0,0.0,0.0,1.0
18,170,4.931481886476158,1.0435575979021403,0.0,0.0,0.0,1.0,0.0,0.0
19,170,3.295720661571244,7.177850599348741,1.0,1.0,1.0,1.0,0.0,1.0
0,175,9.036529524698578,7.622467130454137,1.0,0.0,0.0,0.0,0.0,0.0
1,175,4.467532293257177,11.468014842821413,1.0,0.0,0.0,0.0,0.0,1.0
2,175,0.5006499113011449,0.0,1.0,0.0,1.0,1.0,0.0,1.0
3,175,7.256515437553725,10.2860729915946,1.0,0.0,0.0,1.0,0.0,0.0
4,175,8.52489621089155,0.0,0.0,1.0,0.0,1.0,0.0,1.0
5,175,5.444095189900606,6.231280349389202,0.0,1.0,0.0,1.0,1.0,1.0
6,175,12.0,1.7933232525300613,1.0,0.0,1.0,0.0,0.0,0.0
7,175,10.160379556782637,11.935585763163028,0.0,1.0,0.0,0.0,0.0,0.0
8,175,11.91634424279226,6.822683662689882,0.0,0.0,0.0,1.0,0.0,0.0
9,175,2.3656411379601416,2.937597368565456,0.0,0.0,0.0,0.0,1.0,1.0
10,175,11.61345128764246,2.875599032312287,0.0,0.0,1.0,0.0,1.0,0.0
11,175,11.30084786091246,0.0,0.0,1.0,1.0,1.0,0.0,0.0
12,175,0.0,12.0,0.0,0.0,0.0,0.0,0.0,0.0
13,175,1.1755854152003198,1.2426620625748637,1.0,0.0,0.0,0.0,0.0,0.0
14,175,9.477610625150264,12.0,0.0,1.0,0.0,0.0,0.0,0.0
15,175,2.4900600190033457,6.199884903408667,0.0,0.0,0.0,0.0,0.0,1.0
16,175,4.3129060025854935,4.522391866323567,0.0,0.0,1.0,0.0,0.0,1.0
17,175,11.03870476098406,5.019614262158958,0.0,0.0,1.0,0.0,0.0,1.0
18,175,4.905681101166756,1.0064494682100529,0.0,0.0,0.0,1.0,0.0,0.0
19,175,3.327473065853206,7.199398329294631,1.0,1.0,1.0,1.0,0.0,1.0
0,180,9.04443853694197,7.636487988736131,1.0,0.0,0.0,0.0,0.0,0.0
1,180,4.290593229431183,11.361967097188716,1.0,0.0,0.0,0.0,0.0,1.0
2,180,0.5169502968603964,0.0,1.0,0.0,1.0,1.0,0.0,1.0
3,180,7.425454240678935,10.259817794761434,1.0,0.0,0.0,1.0,0.0,0.0
4,180,8.626664485920909,0.0,0.0,1.0,0.0,1.0,0.0,1.0
5,180,5.362527603185166,6.154028758674678,0.0,1.0,0.0,1.0,1.0,1.0
6,180,12.0,1.7804347740933957,1.0,0.0,1.0,0.0,0.0,0.0
7,180,10.10717253183687,11.93322491215748,0.0,1.0,0.0,0.0,0.0,0.0
8,180,11.946638054974844,6.908676652192079,0.0,0.0,0.0,1.0,0.0,0.0
9,180,2.2990024576730934,2.905242750079692,0.0,0.0,0.0,0.0,1.0,1.0
10,180,11.68442939727908,2.8822269298585006,0.0,0.0,1.0,0.0,1.0,0.0
11,180,11.40034863994492,0.0,0.0,1.0,1.0,1.0,0.0,0.0
12,180,0.0,12.0,0.0,0.0,0.0,0.0,0.0,0.0
13,180,1.2286670674982787,1.1774098856182778,1.0,0.0,0.0,0.0,0.0,0.0
14,180,9.47140894244651,12.0,0.0,1.0,0.0,0.0,0.0,0.0
15,180,2.5026380438965004,6.184519847070579,0.0,0.0,0.0,0.0,0.0,1.0
16,180,4.2668594026541165,4.486832024642694,0.0,0.0,1.0,0.0,0.0,1.0
17,180,11.083022164438107,5.049408447104481,0.0,0.0,1.0,0.0,0.0,1.0
18,180,4.88169604207082,0.972461808265558,0.0,0.0,0.0,1.0,0.0,0.0
19,180,3.3773816811927646,7.231785039862576,1.0,1.0,1.0,1.0,0.0,1.0
0,185,9.046820131286047,7.640735734384544,1.0,0.0,0.0,0.0,0.0,0.0
1,185,4.116456576566423,11.26173048166056,1.0,0.0,0.0,0.0,0.0,1.0
2,185,0.5376924471736096,0.0,1.0,0.0,1.0,1.0,0.0,1.0
3,185,7.576147177657669,10.236981457643234,1.0,0.0,0.0,1.0,0.0,0.0
4,185,8.719328988674956,0.0,0.0,1.0,0.0,1.0,0.0,1.0
5,185,5.297009612761081,6.092380980904279,0.0,1.0,0.0,1.0,1.0,1.0
6,185,12.0,1.7686933356719825,1.0,0.0,1.0,0.0,0.0,0.0
7,185,10.05106959838974,11.931385073649508,0.0,1.0,0.0,0.0,0.0,0.0
8,185,11.976172531158076,6.992411133863273,0.0,0.0,0.0,1.0,0.0,0.0
9,185,2.2339428610427947,2.871170583313988,0.0,0.0,0.0,0.0,1.0,1.0
10,185,11.795156916880478,2.892438745526025,0.0,0.0,1.0,0.0,1.0,0.0
11,185,11.503296901564347,0.0,0.0,1.0,1.0,1.0,0.0,0.0
12,185,0.0,12.0,0.0,0.0,0.0,0.0,0.0,0.0
13,185,1.2728572979608368,1.1232052500937213,1.0,0.0,0.0,0.0,0.0,0.0
14,185,9.468502559422776,12.0,0.0,1.0,0.0,0.0,0.0,0.0
15,185,2.528505389748568,6.153768592848325,0.0,0.0,0.0,0.0,0.0,1.0
16,185,4.215373143645355,4.449501856805278,0.0,0.0,1.0,0.0,0.0,1.0
17,185,11.115007525086472,5.070091204525854,0.0,0.0,1.0,0.0,0.0,1.0
18,185,4.873267105009666,0.9602105703192771,0.0,0.0,0.0,1.0,0.0,0.0
19,185,3.423595223989244,7.261766233893281,1.0,1.0,1.0,1.0,0.0,1.0
0,190,9.045103766689962,7.637670345500746,1.0,0.0,0.0,0.0,0.0,0.0
1,190,3.938846103573299,11.163606560254724,1.0,0.0,0.0,0.0,0.0,1.0
2,190,0.5644700251163399,0.0,1.0,0.0,1.0,1.0,0.0,1.0
3,190,7.740447888561743,10.213183308658332,1.0,0.0,0.0,1.0,0.0,0.0
4,190,8.78635744014814,0.0,0.0,1.0,0.0,1.0,0.0,1.0
5,190,5.221949752834085,6.021232020039951,0.0,1.0,0.0,1.0,1.0,1.0
6,190,12.0,1.7596328186453016,1.0,0.0,1.0,0.0,0.0,0.0
7,190,10.02106257347647,11.930446541819476,0.0,1.0,0.0,0.0,0.0,0.0
8,190,12.0,7.09398152517993,0.0,0.0,0.0,1.0,0.0,0.0
9,190,2.1564902526398195,2.831573086147165,0.0,0.0,0.0,0.0,1.0,1.0
10,190,11.9004438158225,2.904195035175028,0.0,0.0,1.0,0.0,1.0,0.0
11,190,11.590732861709142,0.0,0.0,1.0,1.0,1.0,0.0,0.0
12,190,0.0,12.0,0.0,0.0,0.0,0.0,0.0,0.0
13,190,1.3192871836570037,1.06681356710853,1.0,0.0,0.0,0.0,0.0,0.0
14,190,9.468787841074048,11.998318814677408,0.0,1.0,0.0,0.0,0.0,0.0
15,190,2.5515762828498683,6.1268819541588,0.0,0.0,0.0,0.0,0.0,1.0
16,190,4.17855821902458,4.422109390023005,0.0,0.0,1.0,0.0,0.0,1.0
17,190,11.138440939446289,5.084861563708634,0.0,0.0,1.0,0.0,0.0,1.0
18,190,4.85936330082295,0.9387660243425752,0.0,0.0,0.0,1.0,0.0,0.0
19,190,3.466242904802914,7.287343921914395,1.0,1.0,1.0,1.0,0.0,1.0
0,195,9.045112203978857,7.637684599313981,1.0,0.0,0.0,0.0,0.0,0.0
1,195,3.7452813633033344,11.052162536148824,1.0,0.0,0.0,0.0,0.0,1.0
2,195,0.5807692828163025,0.0,1.0,0.0,1.0,1.0,0.0,1.0
3,195,7.934424269095374,10.1822597144274,1.0,0.0,0.0,1.0,0.0,0.0
4,195,8.866399497410836,0.0,0.0,1.0,0.0,1.0,0.0,1.0
5,195,5.145506794310369,5.952625367818325,0.0,1.0,0.0,1.0,1.0,1.0
6,195,12.0,1.74496374874341,1.0,0.0,1.0,0.0,0.0,0.0
7,195,9.989370794786236,11.929606656236947,0.0,1.0,0.0,0.0,0.0,0.0
8,195,12.0,7.184379537760396,0.0,0.0,0.0,1.0,0.0,0.0
9,195,2.086117858615075,2.794747123617001,0.0,0.0,0.0,0.0,1.0,1.0
10,195,12.0,2.913673537767661,0.0,0.0,1.0,0.0,1.0,0.0
11,195,11.696958397971374,0.0,0.0,1.0,1.0,1.0,0.0,0.0
12,195,0.0,12.0,0.0,0.0,0.0,0.0,0.0,0.0
13,195,1.3623291359400267,1.0116474238516815,1.0,0.0,0.0,0.0,0.0,0.0
14,195,9.467073799668803,12.0,0.0,1.0,0.0,0.0,0.0,0.0
15,195,2.56454124452502,6.111573091305353,0.0,0.0,0.0,0.0,0.0,1.0
16,195,4.151400722281152,4.402626615472236,0.0,0.0,1.0,0.0,0.0,1.0
17,195,11.151646391934154,5.093306817800039,0.0,0.0,1.0,0.0,0.0,1.0
18,195,4.836665377402453,0.901678160506384,0.0,0.0,0.0,1.0,0.0,0.0
19,195,3.4968813526604645,7.304602900730323,1.0,1.0,1.0,1.0,0.0,1.0
0,200,9.039923247940996,7.628680263456276,1.0,0.0,0.0,0.0,0.0,0.0
1,200,3.552840336316026,10.941446241791036,1.0,0.0,0.0,0.0,0.0,1.0
2,200,0.588309410784878,0.0,1.0,0.0,1.0,1.0,0.0,1.0
3,200,8.14528675764063,10.15087272025689,1.0,0.0,0.0,1.0,0.0,0.0
4,200,8.940204889139268,0.0,0.0,1.0,0.0,1.0,0.0,1.0
5,200,5.068195549584996,5.881630762416093,0.0,1.0,0.0,1.0,1.0,1.0
6,200,12.0,1.7302167034646394,1.0,0.0,1.0,0.0,0.0,0.0
7,200,9.950378603611703,11.92810485925407,0.0,1.0,0.0,0.0,0.0,0.0
8,200,12.0,7.272953535391013,0.0,0.0,0.0,1.0,0.0,0.0
9,200,2.0191750478895334,2.7589789253930395,0.0,0.0,0.0,0.0,1.0,1.0
10,200,12.0,2.9208125532808347,0.0,0.0,1.0,0.0,1.0,0.0
11,200,11.816431395173312,0.0,0.0,1.0,1.0,1.0,0.0,0.0
12,200,0.0,12.0,0.0,0.0,0.0,0.0,0.0,0.0
13,200,1.4085469739625778,0.952178983402958,1.0,0.0,0.0,0.0,0.0,0.0
14,200,9.465286470436416,12.0,0.0,1.0,0.0,0.0,0.0,0.0
15,200,2.5773743799153825,6.096255032751394,0.0,0.0,0.0,0.0,0.0,1.0
16,200,4.113120958233688,4.375547062518597,0.0,0.0,1.0,0.0,0.0,1.0
17,200,11.144836031318754,5.089152817709497,0.0,0.0,1.0,0.0,0.0,1.0
18,200,4.800715252964995,0.8461464472044294,0.0,0.0,0.0,1.0,0.0,0.0
19,200,3.5218624930221694,7.318244721453908,1.0,1.0,1.0,1.0,0.0,1.0
0,205,9.035590258493457,7.620931355826856,1.0,0.0,0.0,0.0,0.0,0.0
1,205,3.363893066798098,10.831054601411768,1.0,0.0,0.0,0.0,0.0,1.0
2,205,0.601867142622432,0.0,1.0,0.0,1.0,1.0,0.0,1.0
3,205,8.362759937946398,10.11896781217864,1.0,0.0,0.0,1.0,0.0,0.0
4,205,9.005308172132262,0.0,0.0,1.0,0.0,1.0,0.0,1.0
5,205,4.976334808889668,5.79758205828088,0.0,1.0,0.0,1.0,1.0,1.0
6,205,12.0,1.7164280171820263,1.0,0.0,1.0,0.0,0.0,0.0
7,205,9.922893576779552,11.927662850102475,0.0,1.0,0.0,0.0,0.0,0.0
8,205,12.0,7.374139137892538,0.0,0.0,0.0,1.0,0.0,0.0
9,205,1.969148131131777,2.7319708322629728,0.0,0.0,0.0,0.0,1.0,1.0
10,205,12.0,2.932858577626002,0.0,0.0,1.0,0.0,1.0,0.0
11,205,11.92980190418719,0.0,0.0,1.0,1.0,1.0,0.0,0.0
12,205,0.0,12.0,0.0,0.0,0.0,0.0,0.0,0.0
13,205,1.4579497572234934,0.8885293541456302,1.0,0.0,0.0,0.0,0.0,0.0
14,205,9.46506349578534,12.0,0.0,1.0,0.0,0.0,0.0,0.0
15,205,2.587904310924847,6.082681767951481,0.0,0.0,0.0,0.0,0.0,1.0
16,205,4.078626323509946,4.351095294287856,0.0,0.0,1.0,0.0,0.0,1.0
17,205,11.124977935080766,5.07687125555456,0.0,0.0,1.0,0.0,0.0,1.0
18,205,4.758620058633657,0.7828346990119652,0.0,0.0,0.0,1.0,0.0,0.0
19,205,3.5451186780452053,7.330453818972514,1.0,1.0,1.0,1.0,0.0,1.0
0,210,9.026923466391164,7.604970788267099,1.0,0.0,0.0,0.0,0.0,0.0
1,210,3.19539876830527,10.734891293352566,1.0,0.0,0.0,0.0,0.0,1.0
2,210,0.6204939760579467,0.0,1.0,0.0,1.0,1.0,0.0,1.0
3,210,8.58179824354374,10.07674084946248,1.0,0.0,0.0,1.0,0.0,0.0
4,210,9.050426624894088,0.0,0.0,1.0,0.0,1.0,0.0,1.0
5,210,4.868841998302066,5.708037024431781,0.0,1.0,0.0,1.0,1.0,1.0
6,210,12.0,1.70349927558211,1.0,0.0,1.0,0.0,0.0,0.0
7,210,9.892093553985813,11.926768536021688,0.0,1.0,0.0,0.0,0.0,0.0
8,210,12.0,7.476687640928381,0.0,0.0,0.0,1.0,0.0,0.0
9,210,1.90255871246802,2.697931638748966,0.0,0.0,0.0,0.0,1.0,1.0
10,210,12.0,2.9442374651180154,0.0,0.0,1.0,0.0,1.0,0.0
11,210,12.0,0.0,0.0,1.0,1.0,1.0,0.0,0.0
12,210,0.0,12.0,0.0,0.0,0.0,0.0,0.0,0.0
13,210,1.501568989090464,0.8334027681831311,1.0,0.0,0.0,0.0,0.0,0.0
14,210,9.464451243162838,12.0,0.0,1.0,0.0,0.0,0.0,0.0
15,210,2.597422779863938,6.069891146924596,0.0,0.0,0.0,0.0,0.0,1.0
16,210,4.0602209130905,4.337832993958918,0.0,0.0,1.0,0.0,0.0,1.0
17,210,11.106232940396362,5.0654450061491865,0.0,0.0,1.0,0.0,0.0,1.0
18,210,4.723023238971559,0.7270183675462603,0.0,0.0,0.0,1.0,0.0,0.0
19,210,3.5758698462904874,7.348670911659549,1.0,1.0,1.0,1.0,0.0,1.0
0,215,9.018318772473238,7.5899196999992125,1.0,0.0,0.0,0.0,0.0,0.0
1,215,3.040147799003155,10.64116998939242,1.0,0.0,0.0,0.0,0.0,1.0
2,215,0.6463895237468681,0.0,1.0,0.0,1.0,1.0,0.0,1.0
3,215,8.800387889573143,10.040918349110328,1.0,0.0,0.0,1.0,0.0,0.0
4,215,9.11223483313349,0.0,0.0,1.0,0.0,1.0,0.0,1.0
5,215,4.768103897363533,5.622167966844368,0.0,1.0,0.0,1.0,1.0,1.0
6,215,12.0,1.6920438033340754,1.0,0.0,1.0,0.0,0.0,0.0
7,215,9.850893404704872,11.926081775575566,0.0,1.0,0.0,0.0,0.0,0.0
8,215,12.0,7.587298247134826,0.0,0.0,0.0,1.0,0.0,0.0
9,215,1.8674064653052933,2.6791341220486418,0.0,0.0,0.0,0.0,1.0,1.0
10,215,12.0,2.953040071533186,0.0,0.0,1.0,0.0,1.0,0.0
11,215,12.0,0.0,0.0,1.0,1.0,1.0,0.0,0.0
12,215,0.0,12.0,0.0,0.0,0.0,0.0,0.0,0.0
13,215,1.5421540705038863,0.7817133944548404,1.0,0.0,0.0,0.0,0.0,0.0
14,215,9.463239631930628,12.0,0.0,1.0,0.0,0.0,0.0,0.0
15,215,2.598784615441041,6.068035545448808,0.0,0.0,0.0,0.0,0.0,1.0
16,215,4.028093869961729,4.314316887418417,0.0,0.0,1.0,0.0,0.0,1.0
17,215,11.084138789622813,5.052792509797963,0.0,0.0,1.0,0.0,0.0,1.0
18,215,4.684491175409412,0.6708745255326384,0.0,0.0,0.0,1.0,0.0,0.0
19,215,3.614129696796491,7.368478810776813,1.0,1.0,1.0,1.0,0.0,1.0
0,220,9.016066573202464,7.585769639668998,1.0,0.0,0.0,0.0,0.0,0.0
1,220,2.8690074105985817,10.544905105592573,1.0,0.0,0.0,0.0,0.0,1.0
2,220,0.6706918067022166,0.0,1.0,0.0,1.0,1.0,0.0,1.0
3,220,9.012279157578297,10.003620772167151,1.0,0.0,0.0,1.0,0.0,0.0
4,220,9.183791443608545,0.0,0.0,1.0,0.0,1.0,0.0,1.0
5,220,4.660307588203225,5.528399251369726,0.0,1.0,0.0,1.0,1.0,1.0
6,220,12.0,1.6856643538908338,1.0,0.0,1.0,0.0,0.0,0.0
7,220,9.828503189533878,11.926217962210972,0.0,1.0,0.0,0.0,0.0,0.0
8,220,12.0,7.738023834158537,0.0,0.0,0.0,1.0,0.0,0.0
9,220,1.8292341761209316,2.6586574665381724,0.0,0.0,0.0,0.0,1.0,1.0
10,220,12.0,2.959162962638276,0.0,0.0,1.0,0.0,1.0,0.0
11,220,12.0,0.0,0.0,1.0,1.0,1.0,0.0,0.0
12,220,0.0,12.0,0.0,0.0,0.0,0.0,0.0,0.0
13,220,1.581902344701235,0.7325369432564183,1.0,0.0,0.0,0.0,0.0,0.0
14,220,9.463683731187867,11.997430045664672,0.0,1.0,0.0,0.0,0.0,0.0
15,220,2.607661431142675,6.055452162839774,0.0,0.0,0.0,0.0,0.0,1.0
16,220,3.981005315125065,4.280872581982408,0.0,0.0,1.0,0.0,0.0,1.0
17,220,11.046449029766215,5.031176371390872,0.0,0.0,1.0,0.0,0.0,1.0
18,220,4.730426945561527,0.6379403803301548,0.0,0.0,0.0,1.0,0.0,0.0
19,220,3.669576438566408,7.397779703401492,1.0,1.0,1.0,1.0,0.0,1.0
0,225,9.02217856759851,7.596866357260294,1.0,0.0,0.0,0.0,0.0,0.0
1,225,2.693528613360551,10.444738997955188,1.0,0.0,0.0,0.0,0.0,1.0
2,225,0.6998663196568733,0.0,1.0,0.0,1.0,1.0,0.0,1.0
3,225,9.209987621859264,9.971963311365371,1.0,0.0,0.0,1.0,0.0,0.0
4,225,9.270790189181088,0.0,0.0,1.0,0.0,1.0,0.0,1.0
5,225,4.543677972798153,5.426816286857463,0.0,1.0,0.0,1.0,1.0,1.0
6,225,12.0,1.6789234894526164,1.0,0.0,1.0,0.0,0.0,0.0
7,225,9.795657623655428,11.92626788915919,0.0,1.0,0.0,0.0,0.0,0.0
8,225,12.0,7.902255351538528,0.0,0.0,0.0,1.0,0.0,0.0
9,225,1.7868829055725106,2.635786886316162,0.0,0.0,0.0,0.0,1.0,1.0
10,225,12.0,2.9595620923898305,0.0,0.0,1.0,0.0,1.0,0.0
11,225,12.0,0.0,0.0,1.0,1.0,1.0,0.0,0.0
12,225,0.0,12.0,0.0,0.0,0.0,0.0,0.0,0.0
13,225,1.6207909817946966,0.6865557543949947,1.0,0.0,0.0,0.0,0.0,0.0
14,225,9.462782391853958,12.0,0.0,1.0,0.0,0.0,0.0,0.0
15,225,2.611450915862633,6.050131501539666,0.0,0.0,0.0,0.0,0.0,1.0
16,225,3.9288158246480873,4.243626015706549,0.0,0.0,1.0,0.0,0.0,1.0
17,225,11.00276062938925,5.006608762343702,0.0,0.0,1.0,0.0,0.0,1.0
18,225,4.779782061336847,0.6046296075319736,0.0,0.0,0.0,1.0,0.0,0.0
19,225,3.701526548944443,7.414127412882311,1.0,1.0,1.0,1.0,0.0,1.0
0,230,9.008522617973064,7.573634515531588,1.0,0.0,0.0,0.0,0.0,0.0
1,230,2.5190950737397704,10.33879830121651,1.0,0.0,0.0,0.0,0.0,1.0
2,230,0.7349795515259677,0.0,1.0,0.0,1.0,1.0,0.0,1.0
3,230,9.408234345480162,9.936179307562243,1.0,0.0,0.0,1.0,0.0,0.0
4,230,9.36885273904528,0.0,0.0,1.0,0.0,1.0,0.0,1.0
5,230,4.420282526393174,5.318212063552882,0.0,1.0,0.0,1.0,1.0,1.0
6,230,12.0,1.6714096686048487,1.0,0.0,1.0,0.0,0.0,0.0
7,230,9.792536627053002,11.926249746434385,0.0,1.0,0.0,0.0,0.0,0.0
8,230,12.0,8.073869112466095,0.0,0.0,0.0,1.0,0.0,0.0
9,230,1.752041769178998,2.6161174554460755,0.0,0.0,0.0,0.0,1.0,1.0
10,230,12.0,2.9611566453424687,0.0,0.0,1.0,0.0,1.0,0.0
11,230,12.0,0.0,0.0,1.0,1.0,1.0,0.0,0.0
12,230,0.0,12.0,0.0,0.0,0.0,0.0,0.0,0.0
13,230,1.6670700664338072,0.6334411409390099,1.0,0.0,0.0,0.0,0.0,0.0
14,230,9.459679907898972,12.0,0.0,1.0,0.0,0.0,0.0,0.0
15,230,2.608688419184616,6.054105953231211,0.0,0.0,0.0,0.0,0.0,1.0
16,230,3.884390228810741,4.21129582032267,0.0,0.0,1.0,0.0,0.0,1.0
17,230,10.964988930001075,4.986433423530762,0.0,0.0,1.0,0.0,0.0,1.0
18,230,4.820741687670961,0.574455171075952,0.0,0.0,0.0,1.0,0.0,0.0
19,230,3.7417713243875785,7.433969108214385,1.0,1.0,1.0,1.0,0.0,1.0
0,235,9.00167371470589,7.562111996982044,1.0,0.0,0.0,0.0,0.0,0.0
1,235,2.3392732694692486,10.23166605606004,1.0,0.0,0.0,0.0,0.0,1.0
2,235,0.7695232731987284,0.0,1.0,0.0,1.0,1.0,0.0,1.0
3,235,9.627909807858456,9.89910755980269,1.0,0.0,0.0,1.0,0.0,0.0
4,235,9.469544377235492,0.0,0.0,1.0,0.0,1.0,0.0,1.0
5,235,4.298741607954897,5.203371250571883,0.0,1.0,0.0,1.0,1.0,1.0
6,235,12.0,1.665022972753899,1.0,0.0,1.0,0.0,0.0,0.0
7,235,9.787751956915422,11.926293295824788,0.0,1.0,0.0,0.0,0.0,0.0
8,235,12.0,8.221000912154054,0.0,0.0,0.0,1.0,0.0,0.0
9,235,1.7082571979527246,2.589532895736298,0.0,0.0,0.0,0.0,1.0,1.0
10,235,12.0,2.960877404886004,0.0,0.0,1.0,0.0,1.0,0.0
11,235,12.0,0.0,0.0,1.0,1.0,1.0,0.0,0.0
12,235,0.0,12.0,0.0,0.0,0.0,0.0,0.0,0.0
13,235,1.7098610287125535,0.5845121259836696,1.0,0.0,0.0,0.0,0.0,0.0
14,235,9.460130865561393,11.997932578636544,0.0,1.0,0.0,0.0,0.0,0.0
15,235,2.592758797525789,6.077287681208658,0.0,0.0,0.0,0.0,0.0,1.0
16,235,3.8214079277615616,4.165988920749832,0.0,0.0,1.0,0.0,0.0,1.0
17,235,10.913427841096548,4.958084037763012,0.0,0.0,1.0,0.0,0.0,1.0
18,235,4.840716476568958,0.5598810979520424,0.0,0.0,0.0,1.0,0.0,0.0
19,235,3.757935170909872,7.44232918273704,1.0,1.0,1.0,1.0,0.0,1.0
0,240,8.995505582481007,7.55138277207586,1.0,0.0,0.0,0.0,0.0,0.0
1,240,2.1570123635152,10.12137464970228,1.0,0.0,0.0,0.0,0.0,1.0
2,240,0.8071233740755194,0.0,1.0,0.0,1.0,1.0,0.0,1.0
3,240,9.842203222253929,9.860249422684962,1.0,0.0,0.0,1.0,0.0,0.0
4,240,9.588757096020574,0.0,0.0,1.0,0.0,1.0,0.0,1.0
5,240,4.175376903351063,5.090800463592226,0.0,1.0,0.0,1.0,1.0,1.0
6,240,12.0,1.6625474392448116,1.0,0.0,1.0,0.0,0.0,0.0
7,240,9.79749069996719,11.926203716434618,0.0,1.0,0.0,0.0,0.0,0.0
8,240,12.0,8.37096574321237,0.0,0.0,0.0,1.0,0.0,0.0
9,240,1.6700335049252162,2.567846387051586,0.0,0.0,0.0,0.0,1.0,1.0
10,240,12.0,2.9604317313537294,0.0,0.0,1.0,0.0,1.0,0.0
11,240,12.0,0.0,0.0,1.0,1.0,1.0,0.0,0.0
12,240,0.0,12.0,0.0,0.0,0.0,0.0,0.0,0.0
13,240,1.7514785314878127,0.5354983439684428,1.0,0.0,0.0,0.0,0.0,0.0
14,240,9.460340154122376,11.997001853072453,0.0,1.0,0.0,0.0,0.0,0.0
15,240,2.573656676053622,6.102105924341575,0.0,0.0,0.0,0.0,0.0,1.0
16,240,3.761201811575928,4.122095835528378,0.0,0.0,1.0,0.0,0.0,1.0
17,240,10.860029208296616,4.929137327409085,0.0,0.0,1.0,0.0,0.0,1.0
18,240,4.860563028870232,0.5444596407946487,0.0,0.0,0.0,1.0,0.0,0.0
19,240,3.770195432720607,7.448524512123077,1.0,1.0,1.0,1.0,0.0,1.0
0,245,8.980847818789158,7.527012603811263,1.0,0.0,0.0,0.0,0.0,0.0
1,245,1.9758102564222413,10.017619206679658,1.0,0.0,0.0,0.0,0.0,1.0
2,245,0.8373167704666536,0.0,1.0,0.0,1.0,1.0,0.0,1.0
3,245,10.045182394774216,9.82252341999189,1.0,0.0,0.0,1.0,0.0,0.0
4,245,9.68643937646307,0.0,0.0,1.0,0.0,1.0,0.0,1.0
5,245,4.048638734385918,4.973998013497002,0.0,1.0,0.0,1.0,1.0,1.0
6,245,12.0,1.6558265729068025,1.0,0.0,1.0,0.0,0.0,0.0
7,245,9.830365831667388,11.925613614442714,0.0,1.0,0.0,0.0,0.0,0.0
8,245,12.0,8.526830003866731,0.0,0.0,0.0,1.0,0.0,0.0
9,245,1.6628306854200297,2.563712921600463,0.0,0.0,0.0,0.0,1.0,1.0
10,245,12.0,2.957273977348243,0.0,0.0,1.0,0.0,1.0,0.0
11,245,12.0,0.0,0.0,1.0,1.0,1.0,0.0,0.0
12,245,0.0,12.0,0.0,0.0,0.0,0.0,0.0,0.0
13,245,1.8022638038271173,0.577102521664906,1.0,0.0,0.0,0.0,0.0,0.0
14,245,9.457076581606048,12.0,0.0,1.0,0.0,0.0,0.0,0.0
15,245,2.5573490867701234,6.123573695700924,0.0,0.0,0.0,0.0,0.0,1.0
16,245,3.6929847454401976,4.074912067727809,0.0,0.0,1.0,0.0,0.0,1.0
17,245,10.811718362126904,4.90330853608742,0.0,0.0,1.0,0.0,0.0,1.0
18,245,4.866379243481248,0.5397380014000949,0.0,0.0,0.0,1.0,0.0,0.0
19,245,3.7953876691819066,7.461042475689295,1.0,1.0,1.0,1.0,0.0,1.0
0,250,8.968097085493897,7.505531817613302,1.0,0.0,0.0,0.0,0.0,0.0
1,250,1.807322273340633,9.919783304800657,1.0,0.0,0.0,0.0,0.0,1.0
2,250,0.8638331384347849,0.0,1.0,0.0,1.0,1.0,0.0,1.0
3,250,10.246692573970911,9.787958150312292,1.0,0.0,0.0,1.0,0.0,0.0
4,250,9.806865233269113,0.0,0.0,1.0,0.0,1.0,0.0,1.0
5,250,3.9232054363059183,4.855008440173017,0.0,1.0,0.0,1.0,1.0,1.0
6,250,12.0,1.653618066418295,1.0,0.0,1.0,0.0,0.0,0.0
7,250,9.87404345095611,11.924543558238172,0.0,1.0,0.0,0.0,0.0,0.0
8,250,12.0,8.682362299597385,0.0,0.0,0.0,1.0,0.0,0.0
9,250,1.6634804491920592,2.564103109869904,0.0,0.0,0.0,0.0,1.0,1.0
10,250,12.0,2.9611024805967983,0.0,0.0,1.0,0.0,1.0,0.0
11,250,12.0,0.0,0.0,1.0,1.0,1.0,0.0,0.0
12,250,0.0,12.0,0.0,0.0,0.0,0.0,0.0,0.0
13,250,1.85913335810403,0.6250938595664076,1.0,0.0,0.0,0.0,0.0,0.0
14,250,9.447711144821936,12.0,0.0,1.0,0.0,0.0,0.0,0.0
15,250,2.5626126720992306,6.116988413637565,0.0,0.0,0.0,0.0,0.0,1.0
16,250,3.6328268318415886,4.032121770942587,0.0,0.0,1.0,0.0,0.0,1.0
17,250,10.753828094353652,4.870986982666598,0.0,0.0,1.0,0.0,0.0,1.0
18,250,4.865551668235832,0.540457389404852,0.0,0.0,0.0,1.0,0.0,0.0
19,250,3.836814009676468,7.482125184157129,1.0,1.0,1.0,1.0,0.0,1.0
0,255,8.951845456901564,7.477295666952608,1.0,0.0,0.0,0.0,0.0,0.0
1,255,1.6565477813887235,9.8292062232045,1.0,0.0,0.0,0.0,0.0,1.0
2,255,0.8931271784589992,0.0,1.0,0.0,1.0,1.0,0.0,1.0
3,255,10.440809976393018,9.749929210179912,1.0,0.0,0.0,1.0,0.0,0.0
4,255,9.936711610352784,0.0,0.0,1.0,0.0,1.0,0.0,1.0
5,255,3.8209309229103776,4.763574953632679,0.0,1.0,0.0,1.0,1.0,1.0
6,255,12.0,1.6504991057912846,1.0,0.0,1.0,0.0,0.0,0.0
7,255,9.9114327609409,11.923350689055132,0.0,1.0,0.0,0.0,0.0,0.0
8,255,12.0,8.842698510566844,0.0,0.0,0.0,1.0,0.0,0.0
9,255,1.653579550022727,2.5581476386306963,0.0,0.0,0.0,0.0,1.0,1.0
10,255,12.0,2.9713510669189445,0.0,0.0,1.0,0.0,1.0,0.0
11,255,12.0,0.0,0.0,1.0,1.0,1.0,0.0,0.0
12,255,0.0,12.0,0.0,0.0,0.0,0.0,0.0,0.0
13,255,1.9154636134614889,0.6731347648401066,1.0,0.0,0.0,0.0,0.0,0.0
14,255,9.439862125478262,12.0,0.0,1.0,0.0,0.0,0.0,0.0
15,255,2.5743242099748485,6.101823554215683,0.0,0.0,0.0,0.0,0.0,1.0
16,255,3.5808822853361537,3.9937095420759143,0.0,0.0,1.0,0.0,0.0,1.0
17,255,10.677312859227635,4.829375986676524,0.0,0.0,1.0,0.0,0.0,1.0
18,255,4.8626326525362105,0.543174620380629,0.0,0.0,0.0,1.0,0.0,0.0
19,255,3.863578930452038,7.494769006013257,1.0,1.0,1.0,1.0,0.0,1.0
0,260,8.927743873538148,7.435234077440186,1.0,0.0,0.0,0.0,0.0,0.0
1,260,1.5304058320722884,9.755105065372437,1.0,0.0,0.0,0.0,0.0,1.0
2,260,0.9250814935634928,0.0,1.0,0.0,1.0,1.0,0.0,1.0
3,260,10.651971423255914,9.713716878111446,1.0,0.0,0.0,1.0,0.0,0.0
4,260,10.064570592608558,0.0,0.0,1.0,0.0,1.0,0.0,1.0
5,260,3.7465169442949593,4.695605577640271,0.0,1.0,0.0,1.0,1.0,1.0
6,260,12.0,1.646948774952706,1.0,0.0,1.0,0.0,0.0,0.0
7,260,9.980144175543176,11.922046149565071,0.0,1.0,0.0,0.0,0.0,0.0
8,260,12.0,9.001913162597528,0.0,0.0,0.0,1.0,0.0,0.0
9,260,1.6373586440702466,2.54867417386508,0.0,0.0,0.0,0.0,1.0,1.0
10,260,12.0,2.983566261781861,0.0,0.0,1.0,0.0,1.0,0.0
11,260,12.0,0.0,0.0,1.0,1.0,1.0,0.0,0.0
12,260,0.0,12.0,0.0,0.0,0.0,0.0,0.0,0.0
13,260,1.968087550916575,0.7208108565638828,1.0,0.0,0.0,0.0,0.0,0.0
14,260,9.430437707636976,12.0,0.0,1.0,0.0,0.0,0.0,0.0
15,260,2.5916631603135056,6.079168373077765,0.0,0.0,0.0,0.0,0.0,1.0
16,260,3.527456313951156,3.952877323937548,0.0,0.0,1.0,0.0,0.0,1.0
17,260,10.624371746180524,4.800552215901764,0.0,0.0,1.0,0.0,0.0,1.0
18,260,4.8547042782142205,0.5508881351874085,0.0,0.0,0.0,1.0,0.0,0.0
19,260,3.886463130990206,7.505957966748225,1.0,1.0,1.0,1.0,0.0,1.0
0,265,8.917454935528292,7.417459702921636,1.0,0.0,0.0,0.0,0.0,0.0
1,265,1.3857756539559818,9.67444902032743,1.0,0.0,0.0,0.0,0.0,1.0
2,265,0.950692069983099,0.0,1.0,0.0,1.0,1.0,0.0,1.0
3,265,10.83974276568174,9.68423971117782,1.0,0.0,0.0,1.0,0.0,0.0
4,265,10.18695378094102,0.0,0.0,1.0,0.0,1.0,0.0,1.0
5,265,3.67871758435598,4.630315947193671,0.0,1.0,0.0,1.0,1.0,1.0
6,265,12.0,1.6453859056687343,1.0,0.0,1.0,0.0,0.0,0.0
7,265,10.051033302099002,11.920018395032816,0.0,1.0,0.0,0.0,0.0,0.0
8,265,12.0,9.150384480346949,0.0,0.0,0.0,1.0,0.0,0.0
9,265,1.6052996225045444,2.5290206453962805,0.0,0.0,0.0,0.0,1.0,1.0
10,265,12.0,2.9937148473314688,0.0,0.0,1.0,0.0,1.0,0.0
11,265,12.0,0.0,0.0,1.0,1.0,1.0,0.0,0.0
12,265,0.0,12.0,0.0,0.0,0.0,0.0,0.0,0.0
13,265,2.027996849131869,0.7783010392951373,1.0,0.0,0.0,0.0,0.0,0.0
14,265,9.42892380008012,12.0,0.0,1.0,0.0,0.0,0.0,0.0
15,265,2.6086884895583373,6.0554155207182045,0.0,0.0,0.0,0.0,0.0,1.0
16,265,3.473118428938364,3.910031431852125,0.0,0.0,1.0,0.0,0.0,1.0
17,265,10.568324952599006,4.770582121468891,0.0,0.0,1.0,0.0,0.0,1.0
18,265,4.8506093509927295,0.5548621463962753,0.0,0.0,0.0,1.0,0.0,0.0
19,265,3.9028801862031046,7.51391271978402,1.0,1.0,1.0,1.0,0.0,1.0
0,270,8.909332798965103,7.403724763617046,1.0,0.0,0.0,0.0,0.0,0.0
1,270,1.2441594973302663,9.59629731581104,1.0,0.0,0.0,0.0,0.0,1.0
2,270,0.9756812547072826,0.0,1.0,0.0,1.0,1.0,0.0,1.0
3,270,11.051029663623028,9.65091776323746,1.0,0.0,0.0,1.0,0.0,0.0
4,270,10.316847704889629,0.0,0.0,1.0,0.0,1.0,0.0,1.0
5,270,3.61011795101544,4.566407275506992,0.0,1.0,0.0,1.0,1.0,1.0
6,270,12.0,1.6432504258814218,1.0,0.0,1.0,0.0,0.0,0.0
7,270,10.11547980529074,11.917574045019752,0.0,1.0,0.0,0.0,0.0,0.0
8,270,12.0,9.31680738970757,0.0,0.0,0.0,1.0,0.0,0.0
9,270,1.574440053548862,2.509263184895598,0.0,0.0,0.0,0.0,1.0,1.0
10,270,12.0,3.002879661530239,0.0,0.0,1.0,0.0,1.0,0.0
11,270,12.0,0.0,0.0,1.0,1.0,1.0,0.0,0.0
12,270,0.0,12.0,0.0,0.0,0.0,0.0,0.0,0.0
13,270,2.069817457464691,0.819476903215894,1.0,0.0,0.0,0.0,0.0,0.0
14,270,9.425622631581518,12.0,0.0,1.0,0.0,0.0,0.0,0.0
15,270,2.6316643027355324,6.02482491699903,0.0,0.0,0.0,0.0,0.0,1.0
16,270,3.4337246179759022,3.879397265943902,0.0,0.0,1.0,0.0,0.0,1.0
17,270,10.500651196390027,4.733323947462061,0.0,0.0,1.0,0.0,0.0,1.0
18,270,4.866778589335897,0.5396578704324628,0.0,0.0,0.0,1.0,0.0,0.0
19,270,3.931307266428517,7.528333118190474,1.0,1.0,1.0,1.0,0.0,1.0
0,275,8.911766142480959,7.407833331117097,1.0,0.0,0.0,0.0,0.0,0.0
1,275,1.112086698900446,9.5231113082135,1.0,0.0,0.0,0.0,0.0,1.0
2,275,0.998027197594572,0.0,1.0,0.0,1.0,1.0,0.0,1.0
3,275,11.23300900373986,9.624041123534456,1.0,0.0,0.0,1.0,0.0,0.0
4,275,10.44397905346708,0.0,0.0,1.0,0.0,1.0,0.0,1.0
5,275,3.520681779199264,4.481924041343073,0.0,1.0,0.0,1.0,1.0,1.0
6,275,12.0,1.6397074184319402,1.0,0.0,1.0,0.0,0.0,0.0
7,275,10.18039766050414,11.916006153862908,0.0,1.0,0.0,0.0,0.0,0.0
8,275,12.0,9.25901938121653,0.0,0.0,0.0,1.0,0.0,0.0
9,275,1.5510059608633555,2.493293707071932,0.0,0.0,0.0,0.0,1.0,1.0
10,275,12.0,3.013826859646041,0.0,0.0,1.0,0.0,1.0,0.0
11,275,12.0,0.0,0.0,1.0,1.0,1.0,0.0,0.0
12,275,0.0,12.0,0.0,0.0,0.0,0.0,0.0,0.0
13,275,2.108428710240376,0.8591587572856653,1.0,0.0,0.0,0.0,0.0,0.0
14,275,9.426760300493587,11.99627782794073,0.0,1.0,0.0,0.0,0.0,0.0
15,275,2.6420772763657787,6.010703310458665,0.0,0.0,0.0,0.0,0.0,1.0
16,275,3.390824305460565,3.8464650215551695,0.0,0.0,1.0,0.0,0.0,1.0
17,275,10.425356711865188,4.691522223892748,0.0,0.0,1.0,0.0,0.0,1.0
18,275,4.878443987714409,0.5285867374353007,0.0,0.0,0.0,1.0,0.0,0.0
19,275,3.955945252731411,7.540967274399225,1.0,1.0,1.0,1.0,0.0,1.0
0,280,8.902477743921844,7.392019241433583,1.0,0.0,0.0,0.0,0.0,0.0
1,280,0.9900394082168236,9.45600306537803,1.0,0.0,0.0,0.0,0.0,1.0
2,280,1.02335252158451,0.0,1.0,0.0,1.0,1.0,0.0,1.0
3,280,11.39405837164857,9.599448388276691,1.0,0.0,0.0,1.0,0.0,0.0
4,280,10.5642451623608,0.0,0.0,1.0,0.0,1.0,0.0,1.0
5,280,3.4379891536038008,4.403899542390539,0.0,1.0,0.0,1.0,1.0,1.0
6,280,12.0,1.6322370806511604,1.0,0.0,1.0,0.0,0.0,0.0
7,280,10.23965422783822,11.91446230524254,0.0,1.0,0.0,0.0,0.0,0.0
8,280,12.0,9.206667733086451,0.0,0.0,0.0,1.0,0.0,0.0
9,280,1.522972372225204,2.4748256282686745,0.0,0.0,0.0,0.0,1.0,1.0
10,280,12.0,3.02624290598417,0.0,0.0,1.0,0.0,1.0,0.0
11,280,12.0,0.0,0.0,1.0,1.0,1.0,0.0,0.0
12,280,0.0,12.0,0.0,0.0,0.0,0.0,0.0,0.0
13,280,2.1501589370638623,0.898632750583213,1.0,0.0,0.0,0.0,0.0,0.0
14,280,9.431611592621852,11.978432167462229,0.0,1.0,0.0,0.0,0.0,0.0
15,280,2.6567864600980062,5.991394114756698,0.0,0.0,0.0,0.0,0.0,1.0
16,280,3.3374864042894465,3.804196201712204,0.0,0.0,1.0,0.0,0.0,1.0
17,280,10.354636138483787,4.651056764494276,0.0,0.0,1.0,0.0,0.0,1.0
18,280,4.891462136303453,0.5165607066825404,0.0,0.0,0.0,1.0,0.0,0.0
19,280,3.9853156137752936,7.557404005674416,1.0,1.0,1.0,1.0,0.0,1.0
0,285,8.910864052300864,7.405470703852979,1.0,0.0,0.0,0.0,0.0,0.0
1,285,0.8786862099343267,9.399555175772347,1.0,0.0,0.0,0.0,0.0,1.0
2,285,1.0450256118289007,0.0,1.0,0.0,1.0,1.0,0.0,1.0
3,285,11.565099729010424,9.574100645099325,1.0,0.0,0.0,1.0,0.0,0.0
4,285,10.683036230568264,0.0,0.0,1.0,0.0,1.0,0.0,1.0
5,285,3.3609389480765044,4.329505251601194,0.0,1.0,0.0,1.0,1.0,1.0
6,285,12.0,1.6233191896726276,1.0,0.0,1.0,0.0,0.0,0.0
7,285,10.27428532765905,11.912657645838964,0.0,1.0,0.0,0.0,0.0,0.0
8,285,12.0,9.146368990471936,0.0,0.0,0.0,1.0,0.0,0.0
9,285,1.5209422274286133,2.473483035431168,0.0,0.0,0.0,0.0,1.0,1.0
10,285,12.0,3.037508218720697,0.0,0.0,1.0,0.0,1.0,0.0
11,285,12.0,0.0,0.0,1.0,1.0,1.0,0.0,0.0
12,285,0.0,12.0,0.0,0.0,0.0,0.0,0.0,0.0
13,285,2.188486487065361,0.933976992986799,1.0,0.0,0.0,0.0,0.0,0.0
14,285,9.437447617659956,11.955673451401548,0.0,1.0,0.0,0.0,0.0,0.0
15,285,2.675303489400938,5.964904165924287,0.0,0.0,0.0,0.0,0.0,1.0
16,285,3.2894958915986177,3.765729880470135,0.0,0.0,1.0,0.0,0.0,1.0
17,285,10.299550903180515,4.621059517461203,0.0,0.0,1.0,0.0,0.0,1.0
18,285,4.914424769537121,0.4957581166172238,0.0,0.0,0.0,1.0,0.0,0.0
19,285,4.024600794226026,7.578166074035519,1.0,1.0,1.0,1.0,0.0,1.0
0,290,8.921431640758625,7.42229239147412,1.0,0.0,0.0,0.0,0.0,0.0
1,290,0.7610484861567682,9.33453107030493,1.0,0.0,0.0,0.0,0.0,1.0
2,290,1.1428247026476264,0.0205375994205501,1.0,0.0,1.0,1.0,0.0,1.0
3,290,11.743045925201685,9.548333568838515,1.0,0.0,0.0,1.0,0.0,0.0
4,290,10.78975148738929,0.0,0.0,1.0,0.0,1.0,0.0,1.0
5,290,3.265641977197511,4.240902855245801,0.0,1.0,0.0,1.0,1.0,1.0
6,290,12.0,1.6160931218829222,1.0,0.0,1.0,0.0,0.0,0.0
7,290,10.316101963320843,11.910528260871818,0.0,1.0,0.0,0.0,0.0,0.0
8,290,12.0,9.080148388141644,0.0,0.0,0.0,1.0,0.0,0.0
9,290,1.5066348993329528,2.4633587581528325,0.0,0.0,0.0,0.0,1.0,1.0
10,290,12.0,3.051386537661003,0.0,0.0,1.0,0.0,1.0,0.0
11,290,12.0,0.0,0.0,1.0,1.0,1.0,0.0,0.0
12,290,0.0,12.0,0.0,0.0,0.0,0.0,0.0,0.0
13,290,2.2370293759541684,0.9806850295340128,1.0,0.0,0.0,0.0,0.0,0.0
14,290,9.444979749746564,11.92208650461633,0.0,1.0,0.0,0.0,0.0,0.0
15,290,2.691040507569927,5.942453506676992,0.0,0.0,0.0,0.0,0.0,1.0
16,290,3.2493454895142486,3.733709472677832,0.0,0.0,1.0,0.0,0.0,1.0
17,290,10.226554357643057,4.582019756998028,0.0,0.0,1.0,0.0,0.0,1.0
18,290,4.938965842159923,0.4746969806426288,0.0,0.0,0.0,1.0,0.0,0.0
19,290,4.080776877221122,7.607551233608082,1.0,1.0,1.0,1.0,0.0,1.0
0,295,8.9387574716546,7.449206760755372,1.0,0.0,0.0,0.0,0.0,0.0
1,295,0.6364098942496201,9.26874976784134,1.0,0.0,0.0,0.0,0.0,1.0
2,295,1.227274638519309,0.0373739319324366,1.0,0.0,1.0,1.0,0.0,1.0
3,295,11.899144812705831,9.526494215623377,1.0,0.0,0.0,1.0,0.0,0.0
4,295,10.894620381938354,0.0,0.0,1.0,0.0,1.0,0.0,1.0
5,295,3.173785857184696,4.151680426161557,0.0,1.0,0.0,1.0,1.0,1.0
6,295,12.0,1.6117058094972052,1.0,0.0,1.0,0.0,0.0,0.0
7,295,10.359392588111676,11.908274944302978,0.0,1.0,0.0,0.0,0.0,0.0
8,295,12.0,9.017726698160349,0.0,0.0,0.0,1.0,0.0,0.0
9,295,1.4936243845642718,2.453960810091449,0.0,0.0,0.0,0.0,1.0,1.0
10,295,12.0,3.062032200933306,0.0,0.0,1.0,0.0,1.0,0.0
11,295,12.0,0.0,0.0,1.0,1.0,1.0,0.0,0.0
12,295,0.0,12.0,0.0,0.0,0.0,0.0,0.0,0.0
13,295,2.2892146893639733,1.0307732752822572,1.0,0.0,0.0,0.0,0.0,0.0
14,295,9.451137726038642,11.894625680547046,0.0,1.0,0.0,0.0,0.0,0.0
15,295,2.7129068310447386,5.914222419645613,0.0,0.0,0.0,0.0,0.0,1.0
16,295,3.2203094436855224,3.710908891586404,0.0,0.0,1.0,0.0,0.0,1.0
17,295,10.157677408364837,4.542281630919268,0.0,0.0,1.0,0.0,0.0,1.0
18,295,4.967848364875159,0.4496434152412285,0.0,0.0,0.0,1.0,0.0,0.0
19,295,4.12748976811416,7.631929795681189,1.0,1.0,1.0,1.0,0.0,1.0
