0,0,6.943111523739095,1.995303169108452,1.0,1.0,1.0,0.0,0.0,0.0
1,0,2.0580113256895998,1.038651230470091,0.0,0.0,0.0,0.0,1.0,0.0
2,0,1.936624671672771,9.02825329333392,0.0,0.0,1.0,1.0,0.0,1.0
3,0,4.056114062634308,1.0111234117704209,0.0,0.0,0.0,0.0,0.0,1.0
4,0,6.036864062522663,4.023383465177335,0.0,0.0,1.0,1.0,0.0,1.0
5,0,2.023067737636344,8.047483690031443,1.0,1.0,0.0,1.0,0.0,0.0
6,0,7.998760574542765,9.96903202083889,1.0,0.0,0.0,0.0,1.0,0.0
7,0,6.995181200045738,6.947976163262984,0.0,0.0,0.0,1.0,0.0,1.0
8,0,7.05719855679521,8.964731528991127,1.0,0.0,1.0,0.0,0.0,0.0
9,0,2.9623625498824024,9.047518550098342,1.0,0.0,0.0,0.0,1.0,0.0
10,0,2.0355239287629687,9.954721300283516,0.0,0.0,0.0,0.0,0.0,0.0
11,0,1.0657021960450996,11.99166094491985,0.0,1.0,0.0,1.0,0.0,0.0
12,0,5.97252547291044,3.014913868707282,0.0,0.0,0.0,1.0,1.0,0.0
13,0,7.023465593193715,10.073470524398878,1.0,0.0,0.0,0.0,1.0,0.0
14,0,11.0052721002231,11.95599960483062,0.0,1.0,1.0,0.0,0.0,1.0
15,0,6.962879441092867,3.988928376276987,0.0,1.0,0.0,0.0,0.0,0.0
16,0,12.0,0.9472855140431554,1.0,0.0,1.0,0.0,1.0,0.0
17,0,8.0299693660982,4.969458583745496,0.0,0.0,0.0,1.0,0.0,0.0
18,0,1.0553530490849918,0.0,0.0,1.0,0.0,1.0,1.0,1.0
19,0,9.063371788354676,0.0319089628726011,1.0,0.0,0.0,0.0,1.0,0.0
0,5,6.886763837810859,1.9909910371901225,1.0,1.0,1.0,0.0,0.0,0.0
1,5,2.1152657644895223,1.073654073833687,0.0,0.0,0.0,0.0,1.0,0.0
2,5,1.88020617122649,9.055854770807873,0.0,0.0,1.0,1.0,0.0,1.0
3,5,4.094736257946556,1.0193200977411827,0.0,0.0,0.0,0.0,0.0,1.0
4,5,6.069459289421381,4.0441109447023385,0.0,0.0,1.0,1.0,0.0,1.0
5,5,2.051589765517269,8.107197077414144,1.0,1.0,0.0,1.0,0.0,0.0
6,5,7.998015090187449,9.928621388535271,1.0,0.0,0.0,0.0,1.0,0.0
7,5,6.991251139605919,6.895260186300571,0.0,0.0,0.0,1.0,0.0,1.0
8,5,7.105776746722254,8.93513241259738,1.0,0.0,1.0,0.0,0.0,0.0
9,5,2.940801487545714,9.07345715961448,1.0,0.0,0.0,0.0,1.0,0.0
10,5,2.082683004293889,9.896261335989635,0.0,0.0,0.0,0.0,0.0,0.0
11,5,1.138482958666491,11.981395471672291,0.0,1.0,0.0,1.0,0.0,0.0
12,5,5.9403388734997,3.0327121314221266,0.0,0.0,0.0,1.0,1.0,0.0
13,5,7.055143611872644,10.167127619680508,1.0,0.0,0.0,0.0,1.0,0.0
14,5,11.009220775512356,11.918730465098946,0.0,1.0,1.0,0.0,0.0,1.0
15,5,6.909220192351154,3.972202752559199,0.0,1.0,0.0,0.0,0.0,0.0
16,5,12.0,0.9082045910228808,1.0,0.0,1.0,0.0,1.0,0.0
17,5,8.067652097317712,4.929656365131545,0.0,0.0,0.0,1.0,0.0,0.0
18,5,1.1159617994428923,0.0,0.0,1.0,0.0,1.0,1.0,1.0
19,5,9.131993915664614,0.0658503837758218,1.0,0.0,0.0,0.0,1.0,0.0
0,10,6.848479349223601,1.9886126633757688,1.0,1.0,1.0,0.0,0.0,0.0
1,10,2.1718812529998903,1.1097715857699595,0.0,0.0,0.0,0.0,1.0,0.0
2,10,1.8269060912096864,9.07955022294902,0.0,0.0,1.0,1.0,0.0,1.0
3,10,4.140059852898825,1.0278441755526408,0.0,0.0,0.0,0.0,0.0,1.0
4,10,6.10508801327341,4.065949629752806,0.0,0.0,1.0,1.0,0.0,1.0
5,10,2.075579434381893,8.158459173256954,1.0,1.0,0.0,1.0,0.0,0.0
6,10,7.996090673690148,9.880396934629047,1.0,0.0,0.0,0.0,1.0,0.0
7,10,6.988790454205266,6.840800685510956,0.0,0.0,0.0,1.0,0.0,1.0
8,10,7.167840633037243,8.896958893206314,1.0,0.0,1.0,0.0,0.0,0.0
9,10,2.91761484210084,9.099834556303552,1.0,0.0,0.0,0.0,1.0,0.0
10,10,2.130774526259814,9.83719910971475,0.0,0.0,0.0,0.0,0.0,0.0
11,10,1.2126110998299908,11.969573969182523,0.0,1.0,0.0,1.0,0.0,0.0
12,10,5.909562757596017,3.050028596603988,0.0,0.0,0.0,1.0,1.0,0.0
13,10,7.085569030207584,10.263046496613203,1.0,0.0,0.0,0.0,1.0,0.0
14,10,11.01170229185437,11.899345514490152,0.0,1.0,1.0,0.0,0.0,1.0
15,10,6.856075420611518,3.9543497270722017,0.0,1.0,0.0,0.0,0.0,0.0
16,10,12.0,0.8603752025870137,1.0,0.0,1.0,0.0,1.0,0.0
17,10,8.10851390002982,4.890415515839208,0.0,0.0,0.0,1.0,0.0,0.0
18,10,1.17814418294158,0.0,0.0,1.0,0.0,1.0,1.0,1.0
19,10,9.18688430638237,0.0905899826604502,1.0,0.0,0.0,0.0,1.0,0.0
0,15,6.814770224999446,1.9873779699214489,1.0,1.0,1.0,0.0,0.0,0.0
1,15,2.211980873640598,1.1351901388193688,0.0,0.0,0.0,0.0,1.0,0.0
2,15,1.7799097609377688,9.101323293477758,0.0,0.0,1.0,1.0,0.0,1.0
3,15,4.178566538046926,1.0356299742207962,0.0,0.0,0.0,0.0,0.0,1.0
4,15,6.143720801864284,4.089313003386889,0.0,0.0,1.0,1.0,0.0,1.0
5,15,2.0994892084830363,8.210971915129333,1.0,1.0,0.0,1.0,0.0,0.0
6,15,7.992083237795644,9.815470387917856,1.0,0.0,0.0,0.0,1.0,0.0
7,15,6.986032216322138,6.79677235702379,0.0,0.0,0.0,1.0,0.0,1.0
8,15,7.239382296115653,8.854762532553552,1.0,0.0,1.0,0.0,0.0,0.0
9,15,2.8909410119820427,9.131005015221078,1.0,0.0,0.0,0.0,1.0,0.0
10,15,2.164864030175768,9.797067749785594,0.0,0.0,0.0,0.0,0.0,0.0
11,15,1.2959001688147416,11.955597122646797,0.0,1.0,0.0,1.0,0.0,0.0
12,15,5.918523281710593,3.0654778720218885,0.0,0.0,0.0,1.0,1.0,0.0
13,15,7.110187510282925,10.352251730122058,1.0,0.0,0.0,0.0,1.0,0.0
14,15,11.012409748593509,11.892630411881788,0.0,1.0,1.0,0.0,0.0,1.0
15,15,6.811638075973313,3.9406823603995687,0.0,1.0,0.0,0.0,0.0,0.0
16,15,12.0,0.8062282065885064,1.0,0.0,1.0,0.0,1.0,0.0
17,15,8.152040296259427,4.84883407074009,0.0,0.0,0.0,1.0,0.0,0.0
18,15,1.2236006442804186,0.0786814301109395,0.0,1.0,0.0,1.0,1.0,1.0
19,15,9.240127926574262,0.1165498654606634,1.0,0.0,0.0,0.0,1.0,0.0
0,20,6.777627729735678,1.986732243352165,1.0,1.0,1.0,0.0,0.0,0.0
1,20,2.2504607878765834,1.1585251331549418,0.0,0.0,0.0,0.0,1.0,0.0
2,20,1.7302049235605308,9.124373238316744,0.0,0.0,1.0,1.0,0.0,1.0
3,20,4.217918540010272,1.0437889894975263,0.0,0.0,0.0,0.0,0.0,1.0
4,20,6.178020901163934,4.110505500283292,0.0,0.0,1.0,1.0,0.0,1.0
5,20,2.126067472649136,8.271071249497778,1.0,1.0,0.0,1.0,0.0,0.0
6,20,7.988711844901204,9.755760277035074,1.0,0.0,0.0,0.0,1.0,0.0
7,20,6.983418257023084,6.744268887204906,0.0,0.0,0.0,1.0,0.0,1.0
8,20,7.29833354346183,8.81682677180603,1.0,0.0,1.0,0.0,0.0,0.0
9,20,2.8639436436960946,9.165476832858351,1.0,0.0,0.0,0.0,1.0,0.0
10,20,2.208164526028691,9.74744349047318,0.0,0.0,0.0,0.0,0.0,0.0
11,20,1.3977506884147872,11.937329036555512,0.0,1.0,0.0,1.0,0.0,0.0
12,20,5.933771024887823,3.0922260482980466,0.0,0.0,0.0,1.0,1.0,0.0
13,20,7.127926176059319,10.418652582154778,1.0,0.0,0.0,0.0,1.0,0.0
14,20,11.0143885133105,11.876140804657352,0.0,1.0,1.0,0.0,0.0,1.0
15,20,6.769545116220323,3.9282690554835167,0.0,1.0,0.0,0.0,0.0,0.0
16,20,12.0,0.7715559389046904,1.0,0.0,1.0,0.0,1.0,0.0
17,20,8.210486375950317,4.792967719174685,0.0,0.0,0.0,1.0,0.0,0.0
18,20,1.268429308163598,0.1543793674054582,0.0,1.0,0.0,1.0,1.0,1.0
19,20,9.283863587133409,0.1402745443807388,1.0,0.0,0.0,0.0,1.0,0.0
0,25,6.738740947077295,1.9860992987535355,1.0,1.0,1.0,0.0,0.0,0.0
1,25,2.283848487510429,1.1778866459651478,0.0,0.0,0.0,0.0,1.0,0.0
2,25,1.6827503248106368,9.146554998986112,0.0,0.0,1.0,1.0,0.0,1.0
3,25,4.260922165174801,1.0526889503795234,0.0,0.0,0.0,0.0,0.0,1.0
4,25,6.222829285561256,4.137030683833326,0.0,0.0,1.0,1.0,0.0,1.0
5,25,2.1482096624510936,8.322188227348239,1.0,1.0,0.0,1.0,0.0,0.0
6,25,7.985338452667029,9.702098423519931,1.0,0.0,0.0,0.0,1.0,0.0
7,25,6.981801736325909,6.691096906406648,0.0,0.0,0.0,1.0,0.0,1.0
8,25,7.365724840986444,8.771402648176537,1.0,0.0,1.0,0.0,0.0,0.0
9,25,2.833052370227235,9.206362212706816,1.0,0.0,0.0,0.0,1.0,0.0
10,25,2.238195565068886,9.711361852727867,0.0,0.0,0.0,0.0,0.0,0.0
11,25,1.5225265009050388,11.916760873086076,0.0,1.0,0.0,1.0,0.0,0.0
12,25,5.94264759200719,3.1084827331959675,0.0,0.0,0.0,1.0,1.0,0.0
13,25,7.143844766516159,10.478710084639618,1.0,0.0,0.0,0.0,1.0,0.0
14,25,11.018168217877092,11.846307831298803,0.0,1.0,1.0,0.0,0.0,1.0
15,25,6.786216531767901,3.871317608428276,0.0,1.0,0.0,0.0,0.0,0.0
16,25,12.0,0.7462228849595606,1.0,0.0,1.0,0.0,1.0,0.0
17,25,8.25839498431034,4.74670427463214,0.0,0.0,0.0,1.0,0.0,0.0
18,25,1.3010307758027169,0.2068593396939329,0.0,1.0,0.0,1.0,1.0,1.0
19,25,9.330882794648316,0.1649446408860962,1.0,0.0,0.0,0.0,1.0,0.0
0,30,6.707304735211313,1.9851930786886065,1.0,1.0,1.0,0.0,0.0,0.0
1,30,2.319023082610808,1.198155730519232,0.0,0.0,0.0,0.0,1.0,0.0
2,30,1.6361168098789844,9.167956165024345,0.0,0.0,1.0,1.0,0.0,1.0
3,30,4.294918065502935,1.0603101135831383,0.0,0.0,0.0,0.0,0.0,1.0
4,30,6.269963900810653,4.1639935237494665,0.0,0.0,1.0,1.0,0.0,1.0
5,30,2.167798605440793,8.36677097934858,1.0,1.0,0.0,1.0,0.0,0.0
6,30,7.982829107609617,9.647992660062146,1.0,0.0,0.0,0.0,1.0,0.0
7,30,6.981098783921529,6.653366325583428,0.0,0.0,0.0,1.0,0.0,1.0
8,30,7.428026144901065,8.732298100277802,1.0,0.0,1.0,0.0,0.0,0.0
9,30,2.8042099617522296,9.2433898102663,1.0,0.0,0.0,0.0,1.0,0.0
10,30,2.2716596969013145,9.669384406157771,0.0,0.0,0.0,0.0,0.0,0.0
11,30,1.6572600353529885,11.8933187556391,0.0,1.0,0.0,1.0,0.0,0.0
12,30,5.963401377703421,3.145002867926048,0.0,0.0,0.0,1.0,1.0,0.0
13,30,7.161349955428847,10.541412595979825,1.0,0.0,0.0,0.0,1.0,0.0
14,30,11.02411917872996,11.80232984328185,0.0,1.0,1.0,0.0,0.0,1.0
15,30,6.800532960978787,3.822398967837444,0.0,1.0,0.0,0.0,0.0,0.0
16,30,12.0,0.7437434829583649,1.0,0.0,1.0,0.0,1.0,0.0
17,30,8.301599704963673,4.704595279865618,0.0,0.0,0.0,1.0,0.0,0.0
18,30,1.331609730480212,0.2578671109957283,0.0,1.0,0.0,1.0,1.0,1.0
19,30,9.3762102108657,0.1872654560744734,1.0,0.0,0.0,0.0,1.0,0.0
0,35,6.686253799004336,1.984237760643731,1.0,1.0,1.0,0.0,0.0,0.0
1,35,2.3569015642374427,1.219091000630312,0.0,0.0,0.0,0.0,1.0,0.0
2,35,1.6036527959402789,9.182225067552173,0.0,0.0,1.0,1.0,0.0,1.0
3,35,4.316890480509167,1.0650232920317642,0.0,0.0,0.0,0.0,0.0,1.0
4,35,6.3153547955885365,4.190957856872627,0.0,0.0,1.0,1.0,0.0,1.0
5,35,2.1826961815570307,8.400943561444823,1.0,1.0,0.0,1.0,0.0,0.0
6,35,7.981136394786523,9.612060464668,1.0,0.0,0.0,0.0,1.0,0.0
7,35,6.980731028436826,6.625334415825257,0.0,0.0,0.0,1.0,0.0,1.0
8,35,7.475397395822269,8.807383427612407,1.0,0.0,1.0,0.0,0.0,0.0
9,35,2.7748275181527924,9.278966896927567,1.0,0.0,0.0,0.0,1.0,0.0
10,35,2.302139394406692,9.62978384399521,0.0,0.0,0.0,0.0,0.0,0.0
11,35,1.7958047584148331,11.87096495592678,0.0,1.0,0.0,1.0,0.0,0.0
12,35,5.989378930054269,3.1883644952377748,0.0,0.0,0.0,1.0,1.0,0.0
13,35,7.177789508072783,10.59884380548078,1.0,0.0,0.0,0.0,1.0,0.0
14,35,11.034622453167936,11.732617905387972,0.0,1.0,1.0,0.0,0.0,1.0
15,35,6.821389317317385,3.745869421670832,0.0,1.0,0.0,0.0,0.0,0.0
16,35,11.999011484969015,0.752769214244302,1.0,0.0,1.0,0.0,1.0,0.0
17,35,8.329120323997135,4.67725807179274,0.0,0.0,0.0,1.0,0.0,0.0
18,35,1.3495792824812387,0.2868900158151962,0.0,1.0,0.0,1.0,1.0,1.0
19,35,9.422199177939143,0.2084182207365522,1.0,0.0,0.0,0.0,1.0,0.0
0,40,6.664162927414015,1.9837989051453029,1.0,1.0,1.0,0.0,0.0,0.0
1,40,2.368976512637647,1.2257095567661809,0.0,0.0,0.0,0.0,1.0,0.0
2,40,1.5726833262347473,9.19689823093386,0.0,0.0,1.0,1.0,0.0,1.0
3,40,4.328496357908679,1.067680066781354,0.0,0.0,0.0,0.0,0.0,1.0
4,40,6.355044646600549,4.215074521047608,0.0,0.0,1.0,1.0,0.0,1.0
5,40,2.196437043706125,8.432050146641208,1.0,1.0,0.0,1.0,0.0,0.0
6,40,7.980409823241465,9.591570381007816,1.0,0.0,0.0,0.0,1.0,0.0
7,40,6.980553231017519,6.613682402446796,0.0,0.0,0.0,1.0,0.0,1.0
8,40,7.51244507076594,8.86302856167271,1.0,0.0,1.0,0.0,0.0,0.0
9,40,2.746341437858554,9.313730862015635,1.0,0.0,0.0,0.0,1.0,0.0
10,40,2.3466211002397173,9.571240719685962,0.0,0.0,0.0,0.0,0.0,0.0
11,40,1.950716163009764,11.847279640390871,0.0,1.0,0.0,1.0,0.0,0.0
12,40,6.013804072380892,3.2287244066577205,0.0,0.0,0.0,1.0,1.0,0.0
13,40,7.195604306198633,10.657670183323829,1.0,0.0,0.0,0.0,1.0,0.0
14,40,11.042793473339884,11.667107824611392,0.0,1.0,1.0,0.0,0.0,1.0
15,40,6.838319680078587,3.6871621210632486,0.0,1.0,0.0,0.0,0.0,0.0
16,40,11.996997310355614,0.7675034192173597,1.0,0.0,1.0,0.0,1.0,0.0
17,40,8.361679919018291,4.644281699783508,0.0,0.0,0.0,1.0,0.0,0.0
18,40,1.3698054981801602,0.3204142044934083,0.0,1.0,0.0,1.0,1.0,1.0
19,40,9.484587363517123,0.2368684587949518,1.0,0.0,0.0,0.0,1.0,0.0
0,45,6.654176013066116,1.983422559753945,1.0,1.0,1.0,0.0,0.0,0.0
1,45,2.3871850441308333,1.2359191168671824,0.0,0.0,0.0,0.0,1.0,0.0
2,45,1.5454147776998874,9.209130709493726,0.0,0.0,1.0,1.0,0.0,1.0
3,45,4.32703248523693,1.0673199576262546,0.0,0.0,0.0,0.0,0.0,1.0
4,45,6.40462703043331,4.244460211410349,0.0,0.0,1.0,1.0,0.0,1.0
5,45,2.2163966278185043,8.475287922316156,1.0,1.0,0.0,1.0,0.0,0.0
6,45,7.980011463193954,9.57007928867392,1.0,0.0,0.0,0.0,1.0,0.0
7,45,6.980185610763109,6.582438523862058,0.0,0.0,0.0,1.0,0.0,1.0
8,45,7.537255449010291,8.902108295325402,1.0,0.0,1.0,0.0,0.0,0.0
9,45,2.735260610899631,9.327168158423616,1.0,0.0,0.0,0.0,1.0,0.0
10,45,2.386677171506792,9.51941367774082,0.0,0.0,0.0,0.0,0.0,0.0
11,45,2.103889459356658,11.827703896930116,0.0,1.0,0.0,1.0,0.0,0.0
12,45,6.040563044173414,3.272645886682295,0.0,0.0,0.0,1.0,1.0,0.0
13,45,7.211665809435448,10.712771924209065,1.0,0.0,0.0,0.0,1.0,0.0
14,45,11.051840120775235,11.600638920211532,0.0,1.0,1.0,0.0,0.0,1.0
15,45,6.861405615151902,3.6106673611096256,0.0,1.0,0.0,0.0,0.0,0.0
16,45,11.997088543323992,0.7668708625645465,1.0,0.0,1.0,0.0,1.0,0.0
17,45,8.393577925758121,4.614154204891011,0.0,0.0,0.0,1.0,0.0,0.0
18,45,1.3883925401812254,0.3519691331275266,0.0,1.0,0.0,1.0,1.0,1.0
19,45,9.542684582749628,0.2629557652634582,1.0,0.0,0.0,0.0,1.0,0.0
0,50,6.640729855868535,1.9826518262955848,1.0,1.0,1.0,0.0,0.0,0.0
1,50,2.3975655273291347,1.241620903859085,0.0,0.0,0.0,0.0,1.0,0.0
2,50,1.509076060781506,9.225385063229467,0.0,0.0,1.0,1.0,0.0,1.0
3,50,4.341705989829173,1.0710046412208372,0.0,0.0,0.0,0.0,0.0,1.0
4,50,6.448669880309736,4.270558491368575,0.0,0.0,1.0,1.0,0.0,1.0
5,50,2.227698920372396,8.499840624614441,1.0,1.0,0.0,1.0,0.0,0.0
6,50,7.979744509095484,9.5572776995328,1.0,0.0,0.0,0.0,1.0,0.0
7,50,6.979944978551379,6.542168350964402,0.0,0.0,0.0,1.0,0.0,1.0
8,50,7.557613840528504,8.934372800452742,1.0,0.0,1.0,0.0,0.0,0.0
9,50,2.728752810016553,9.334715137781965,1.0,0.0,0.0,0.0,1.0,0.0
10,50,2.4271911580860244,9.465969828853652,0.0,0.0,0.0,0.0,0.0,0.0
11,50,2.2638595779588444,11.80896669502857,0.0,1.0,0.0,1.0,0.0,0.0
12,50,6.059727250934723,3.304620124778861,0.0,0.0,0.0,1.0,1.0,0.0
13,50,7.22159308183711,10.744668728179892,1.0,0.0,0.0,0.0,1.0,0.0
14,50,11.059809976627404,11.54733023740971,0.0,1.0,1.0,0.0,0.0,1.0
15,50,6.885918454791222,3.522481812797988,0.0,1.0,0.0,0.0,0.0,0.0
16,50,11.994620142998068,0.7817673163701587,1.0,0.0,1.0,0.0,1.0,0.0
17,50,8.432650869834049,4.576240728898674,0.0,0.0,0.0,1.0,0.0,0.0
18,50,1.4008721207495798,0.3727463583002119,0.0,1.0,0.0,1.0,1.0,1.0
19,50,9.605263884620204,0.2923568667769737,1.0,0.0,0.0,0.0,1.0,0.0
0,55,6.596279223796694,1.9803540867015,1.0,1.0,1.0,0.0,0.0,0.0
1,55,2.398430351549336,1.2420875327677388,0.0,0.0,0.0,0.0,1.0,0.0
2,55,1.486762052983217,9.235725568502463,0.0,0.0,1.0,1.0,0.0,1.0
3,55,4.335066287251277,1.0693379839624295,0.0,0.0,0.0,0.0,0.0,1.0
4,55,6.493927749611651,4.296651573436942,0.0,0.0,1.0,1.0,0.0,1.0
5,55,2.2285035285294903,8.501637217136874,1.0,1.0,0.0,1.0,0.0,0.0
6,55,7.97963906336903,9.544301599974746,1.0,0.0,0.0,0.0,1.0,0.0
7,55,6.978717643554603,6.499285225328728,0.0,0.0,0.0,1.0,0.0,1.0
8,55,7.584623747461527,8.973879650117157,1.0,0.0,1.0,0.0,0.0,0.0
9,55,2.726120258243192,9.3378615784094,1.0,0.0,0.0,0.0,1.0,0.0
10,55,2.4413245315086174,9.448153423249668,0.0,0.0,0.0,0.0,0.0,0.0
11,55,2.4390433036653163,11.793723732277048,0.0,1.0,0.0,1.0,0.0,0.0
12,55,6.079955801046423,3.3393960288868314,0.0,0.0,0.0,1.0,1.0,0.0
13,55,7.222405108546404,10.74700320434017,1.0,0.0,0.0,0.0,1.0,0.0
14,55,11.068838268148497,11.478924543594715,0.0,1.0,1.0,0.0,0.0,1.0
15,55,6.784430191904528,3.493277966003348,0.0,1.0,0.0,0.0,0.0,0.0
16,55,11.989870622820838,0.8063339581770758,1.0,0.0,1.0,0.0,1.0,0.0
17,55,8.442593943111323,4.5662297020978775,0.0,0.0,0.0,1.0,0.0,0.0
18,55,1.4257654529202737,0.415941366105337,0.0,1.0,0.0,1.0,1.0,1.0
19,55,9.668569215707087,0.3229288083626861,1.0,0.0,0.0,0.0,1.0,0.0
0,60,6.552664333624765,1.9777891789629087,1.0,1.0,1.0,0.0,0.0,0.0
1,60,2.408812871191173,1.2480054900521595,0.0,0.0,0.0,0.0,1.0,0.0
2,60,1.4510381120089253,9.252542242170554,0.0,0.0,1.0,1.0,0.0,1.0
3,60,4.329032046393055,1.0675316918711468,0.0,0.0,0.0,0.0,0.0,1.0
4,60,6.518289368279381,4.3110429290677885,0.0,0.0,1.0,1.0,0.0,1.0
5,60,2.221787814907076,8.486826091843502,1.0,1.0,0.0,1.0,0.0,0.0
6,60,7.979502605444181,9.516008186252009,1.0,0.0,0.0,0.0,1.0,0.0
7,60,6.978699760415914,6.451915345217115,0.0,0.0,0.0,1.0,0.0,1.0
8,60,7.615338554490199,9.018714326476704,1.0,0.0,1.0,0.0,0.0,0.0
9,60,2.7231598801629744,9.341476219054526,1.0,0.0,0.0,0.0,1.0,0.0
10,60,2.451771645442854,9.434881848942757,0.0,0.0,0.0,0.0,0.0,0.0
11,60,2.602746796684817,11.779873556980192,0.0,1.0,0.0,1.0,0.0,0.0
12,60,6.090108835435405,3.357669780319336,0.0,0.0,0.0,1.0,1.0,0.0
13,60,7.218750612129243,10.736669417730011,1.0,0.0,0.0,0.0,1.0,0.0
14,60,11.078990177488338,11.402104473589016,0.0,1.0,1.0,0.0,0.0,1.0
15,60,6.663255682632724,3.459365108143632,0.0,1.0,0.0,0.0,0.0,0.0
16,60,11.986838643476728,0.8222146314792753,1.0,0.0,1.0,0.0,1.0,0.0
17,60,8.459215649052368,4.549266738206688,0.0,0.0,0.0,1.0,0.0,0.0
18,60,1.447491296076036,0.4525675453576704,0.0,1.0,0.0,1.0,1.0,1.0
19,60,9.75273694784502,0.3671623743671794,1.0,0.0,0.0,0.0,1.0,0.0
0,65,6.511281856462998,1.9753131590049149,1.0,1.0,1.0,0.0,0.0,0.0
1,65,2.421898678375748,1.2555202964057268,0.0,0.0,0.0,0.0,1.0,0.0
2,65,1.4234408961192566,9.265568887328143,0.0,0.0,1.0,1.0,0.0,1.0
3,65,4.337490352658028,1.0699903436754643,0.0,0.0,0.0,0.0,0.0,1.0
4,65,6.536451100509485,4.321908076692663,0.0,0.0,1.0,1.0,0.0,1.0
5,65,2.2192543323077567,8.48163098287455,1.0,1.0,0.0,1.0,0.0,0.0
6,65,7.979363901913957,9.488224976329269,1.0,0.0,0.0,0.0,1.0,0.0
7,65,6.978270747886228,6.386091949421794,0.0,0.0,0.0,1.0,0.0,1.0
8,65,7.643789862145164,9.05768084182373,1.0,0.0,1.0,0.0,0.0,0.0
9,65,2.7209508704415715,9.34414361072697,1.0,0.0,0.0,0.0,1.0,0.0
10,65,2.456963240585309,9.428506505082463,0.0,0.0,0.0,0.0,0.0,0.0
11,65,2.7867497278953723,11.766058140737588,0.0,1.0,0.0,1.0,0.0,0.0
12,65,6.095631099780824,3.367498627964453,0.0,0.0,0.0,1.0,1.0,0.0
13,65,7.219252075061467,10.738245221623576,1.0,0.0,0.0,0.0,1.0,0.0
14,65,11.087912817103138,11.317099199589826,0.0,1.0,1.0,0.0,0.0,1.0
15,65,6.5575891219414135,3.429736011695968,0.0,1.0,0.0,0.0,0.0,0.0
16,65,11.98471127653727,0.8344467689183547,1.0,0.0,1.0,0.0,1.0,0.0
17,65,8.479384648939991,4.52837035628602,0.0,0.0,0.0,1.0,0.0,0.0
18,65,1.4643741265111627,0.481885659330667,0.0,1.0,0.0,1.0,1.0,1.0
19,65,9.856146286483938,0.4233025290071757,1.0,0.0,0.0,0.0,1.0,0.0
0,70,6.481124381576559,1.9727383570088115,1.0,1.0,1.0,0.0,0.0,0.0
1,70,2.4299410405426887,1.2600885047957822,0.0,0.0,0.0,0.0,1.0,0.0
2,70,1.411799081837802,9.27088106287069,0.0,0.0,1.0,1.0,0.0,1.0
3,70,4.340429964715417,1.0708103860402387,0.0,0.0,0.0,0.0,0.0,1.0
4,70,6.56918109001551,4.341020650563948,0.0,0.0,1.0,1.0,0.0,1.0
5,70,2.2129325161989737,8.469166888757844,1.0,1.0,0.0,1.0,0.0,0.0
6,70,7.977737490579291,9.442205884623736,1.0,0.0,0.0,0.0,1.0,0.0
7,70,6.978992289912609,6.336682500521142,0.0,0.0,0.0,1.0,0.0,1.0
8,70,7.660064953151808,9.079419472629112,1.0,0.0,1.0,0.0,0.0,0.0
9,70,2.7183432968715064,9.347080025384903,1.0,0.0,0.0,0.0,1.0,0.0
10,70,2.468047659971297,9.415121592926438,0.0,0.0,0.0,0.0,0.0,0.0
11,70,2.97515133008633,11.756397071763422,0.0,1.0,0.0,1.0,0.0,0.0
12,70,6.094763587664149,3.365828815877581,0.0,0.0,0.0,1.0,1.0,0.0
13,70,7.221092529073111,10.743716397144286,1.0,0.0,0.0,0.0,1.0,0.0
14,70,11.09796072986638,11.217136624971433,0.0,1.0,1.0,0.0,0.0,1.0
15,70,6.451421052971415,3.399270603696364,0.0,1.0,0.0,0.0,0.0,0.0
16,70,11.983052342204308,0.8450571255627861,1.0,0.0,1.0,0.0,1.0,0.0
17,70,8.495172608755077,4.512202399481351,0.0,0.0,0.0,1.0,0.0,0.0
18,70,1.4741916174213214,0.4987940673079181,0.0,1.0,0.0,1.0,1.0,1.0
19,70,9.957886851690125,0.4796659356655726,1.0,0.0,0.0,0.0,1.0,0.0
0,75,6.452017241774161,1.969880012879337,1.0,1.0,1.0,0.0,0.0,0.0
1,75,2.4319362780252147,1.2612155169741437,0.0,0.0,0.0,0.0,1.0,0.0
2,75,1.4033942995082331,9.274996966862084,0.0,0.0,1.0,1.0,0.0,1.0
3,75,4.336683942613512,1.0696833863466857,0.0,0.0,0.0,0.0,0.0,1.0
4,75,6.6099415022079855,4.366626049372977,0.0,0.0,1.0,1.0,0.0,1.0
5,75,2.201686334445089,8.446535074140723,1.0,1.0,0.0,1.0,0.0,0.0
6,75,7.976921042887682,9.382079713872674,1.0,0.0,0.0,0.0,1.0,0.0
7,75,6.979353238781894,6.293413651624626,0.0,0.0,0.0,1.0,0.0,1.0
8,75,7.668944340494695,9.090905863159405,1.0,0.0,1.0,0.0,0.0,0.0
9,75,2.7330117650088948,9.331519407699137,1.0,0.0,0.0,0.0,1.0,0.0
10,75,2.4749235200075943,9.406883481113308,0.0,0.0,0.0,0.0,0.0,0.0
11,75,3.1584175691104885,11.75107011032264,0.0,1.0,0.0,1.0,0.0,0.0
12,75,6.103810362811446,3.3836818009556766,0.0,0.0,0.0,1.0,1.0,0.0
13,75,7.22214814195261,10.74656853682922,1.0,0.0,0.0,0.0,1.0,0.0
14,75,11.106952771983584,11.13385300300996,0.0,1.0,1.0,0.0,0.0,1.0
15,75,6.354596865238655,3.3713890386720102,0.0,1.0,0.0,0.0,0.0,0.0
16,75,11.978586983626432,0.8734710011217334,1.0,0.0,1.0,0.0,1.0,0.0
17,75,8.521305291869018,4.48469808300572,0.0,0.0,0.0,1.0,0.0,0.0
18,75,1.4897898974747483,0.5239153817366965,0.0,1.0,0.0,1.0,1.0,1.0
19,75,10.060037726414034,0.5358900858945883,1.0,0.0,0.0,0.0,1.0,0.0
0,80,6.401594232773258,1.9644142009857903,1.0,1.0,1.0,0.0,0.0,0.0
1,80,2.417758908607037,1.2529584791686734,0.0,0.0,0.0,0.0,1.0,0.0
2,80,1.3934457425024789,9.27985033928582,0.0,0.0,1.0,1.0,0.0,1.0
3,80,4.324672019342555,1.0657841290554402,0.0,0.0,0.0,0.0,0.0,1.0
4,80,6.657585206840102,4.3990030774182,0.0,0.0,1.0,1.0,0.0,1.0
5,80,2.193213348749654,8.431076920975892,1.0,1.0,0.0,1.0,0.0,0.0
6,80,7.976648269297048,9.324610332705197,1.0,0.0,0.0,0.0,1.0,0.0
7,80,6.9797194590025855,6.255649036686927,0.0,0.0,0.0,1.0,0.0,1.0
8,80,7.657671238412619,9.075308648308146,1.0,0.0,1.0,0.0,0.0,0.0
9,80,2.748094704207536,9.316019635465032,1.0,0.0,0.0,0.0,1.0,0.0
10,80,2.4795425181394597,9.401188705367703,0.0,0.0,0.0,0.0,0.0,0.0
11,80,3.348186813299967,11.746832735997677,0.0,1.0,0.0,1.0,0.0,0.0
12,80,6.120476861429138,3.416538563041434,0.0,0.0,0.0,1.0,1.0,0.0
13,80,7.220212409724888,10.741617688978115,1.0,0.0,0.0,0.0,1.0,0.0
14,80,11.1142646761933,11.04334452424011,0.0,1.0,1.0,0.0,0.0,1.0
15,80,6.259477662583088,3.344251501169131,0.0,1.0,0.0,0.0,0.0,0.0
16,80,11.973779626384566,0.9080506999701362,1.0,0.0,1.0,0.0,1.0,0.0
17,80,8.555100714096085,4.45084857959069,0.0,0.0,0.0,1.0,0.0,0.0
18,80,1.5092016328115188,0.555758562865688,0.0,1.0,0.0,1.0,1.0,1.0
19,80,10.134966073332167,0.5742219937265247,1.0,0.0,0.0,0.0,1.0,0.0
0,85,6.346998025400096,1.9574271980171252,1.0,1.0,1.0,0.0,0.0,0.0
1,85,2.394772117564957,1.2397242967396531,0.0,0.0,0.0,0.0,1.0,0.0
2,85,1.4012377747740243,9.27609326356761,0.0,0.0,1.0,1.0,0.0,1.0
3,85,4.333587256208243,1.0687243244153284,0.0,0.0,0.0,0.0,0.0,1.0
4,85,6.708322855359016,4.4369478430086735,0.0,0.0,1.0,1.0,0.0,1.0
5,85,2.174521033388268,8.397938448862696,1.0,1.0,0.0,1.0,0.0,0.0
6,85,7.9772543290063425,9.268427653919542,1.0,0.0,0.0,0.0,1.0,0.0
7,85,6.979773370567635,6.234771176210808,0.0,0.0,0.0,1.0,0.0,1.0
8,85,7.641610143385221,9.05351948836125,1.0,0.0,1.0,0.0,0.0,0.0
9,85,2.772950429486443,9.29025913854241,1.0,0.0,0.0,0.0,1.0,0.0
10,85,2.4927525130762507,9.385053768926088,0.0,0.0,0.0,0.0,0.0,0.0
11,85,3.5301461479657696,11.74503255531297,0.0,1.0,0.0,1.0,0.0,0.0
12,85,6.133821740575099,3.443916816016701,0.0,0.0,0.0,1.0,1.0,0.0
13,85,7.220419432029678,10.742115230012852,1.0,0.0,0.0,0.0,1.0,0.0
14,85,11.12338920356248,10.945580442931774,0.0,1.0,1.0,0.0,0.0,1.0
15,85,6.158538411634108,3.316122915250246,0.0,1.0,0.0,0.0,0.0,0.0
16,85,11.968101755552077,0.947487706194001,1.0,0.0,1.0,0.0,1.0,0.0
17,85,8.579046653088707,4.425707431803257,0.0,0.0,0.0,1.0,0.0,0.0
18,85,1.5240901993146092,0.5805419471548282,0.0,1.0,0.0,1.0,1.0,1.0
19,85,10.221632126140252,0.6171308718368088,1.0,0.0,0.0,0.0,1.0,0.0
0,90,6.304354616178761,1.9526676358546944,1.0,1.0,1.0,0.0,0.0,0.0
1,90,2.3771465409289148,1.2288323412270885,0.0,0.0,0.0,0.0,1.0,0.0
2,90,1.4172539514158595,9.26830907941927,0.0,0.0,1.0,1.0,0.0,1.0
3,90,4.337662108186815,1.0699027760270508,0.0,0.0,0.0,0.0,0.0,1.0
4,90,6.748786844694077,4.469235729739347,0.0,0.0,1.0,1.0,0.0,1.0
5,90,2.14427493840554,8.345904260561587,1.0,1.0,0.0,1.0,0.0,0.0
6,90,7.97726874722174,9.21743200615744,1.0,0.0,0.0,0.0,1.0,0.0
7,90,6.97984413344848,6.219083034800772,0.0,0.0,0.0,1.0,0.0,1.0
8,90,7.619090632840275,9.02201448684172,1.0,0.0,1.0,0.0,0.0,0.0
9,90,2.796968560868033,9.265337037308765,1.0,0.0,0.0,0.0,1.0,0.0
10,90,2.499088100930884,9.376934640901286,0.0,0.0,0.0,0.0,0.0,0.0
11,90,3.7227104917282574,11.745104498963158,0.0,1.0,0.0,1.0,0.0,0.0
12,90,6.157852473729766,3.494700385325737,0.0,0.0,0.0,1.0,1.0,0.0
13,90,7.212006399116928,10.720861038638056,1.0,0.0,0.0,0.0,1.0,0.0
14,90,11.136699526291917,10.841187790140433,0.0,1.0,1.0,0.0,0.0,1.0
15,90,6.04235554284582,3.2842844488898115,0.0,1.0,0.0,0.0,0.0,0.0
16,90,11.962940359089542,0.9762871706524774,1.0,0.0,1.0,0.0,1.0,0.0
17,90,8.606004569494974,4.396847344659842,0.0,0.0,0.0,1.0,0.0,0.0
18,90,1.5421376431126876,0.6103669925025027,0.0,1.0,0.0,1.0,1.0,1.0
19,90,10.320715169645288,0.6645736705472864,1.0,0.0,0.0,0.0,1.0,0.0
0,95,6.273070664904664,1.948666815773938,1.0,1.0,1.0,0.0,0.0,0.0
1,95,2.36052744804246,1.2181761438153418,0.0,0.0,0.0,0.0,1.0,0.0
2,95,1.4338627486638,9.260890357851268,0.0,0.0,1.0,1.0,0.0,1.0
3,95,4.347774485116764,1.0730584281368447,0.0,0.0,0.0,0.0,0.0,1.0
4,95,6.788394514988387,4.498717811140445,0.0,0.0,1.0,1.0,0.0,1.0
5,95,2.11819688578599,8.299592985569637,1.0,1.0,0.0,1.0,0.0,0.0
6,95,7.976970345145551,9.16452025453457,1.0,0.0,0.0,0.0,1.0,0.0
7,95,6.979658552419745,6.181235524515592,0.0,0.0,0.0,1.0,0.0,1.0
8,95,7.600779995982277,8.99736134312456,1.0,0.0,1.0,0.0,0.0,0.0
9,95,2.82358132587868,9.237252989074468,1.0,0.0,0.0,0.0,1.0,0.0
10,95,2.505877403711012,9.368548987901647,0.0,0.0,0.0,0.0,0.0,0.0
11,95,3.920068253314257,11.745148724628926,0.0,1.0,0.0,1.0,0.0,0.0
12,95,6.175204686295178,3.531945243628026,0.0,0.0,0.0,1.0,1.0,0.0
13,95,7.196098110079171,10.680440210337911,1.0,0.0,0.0,0.0,1.0,0.0
14,95,11.144526295773009,10.747804670286316,0.0,1.0,1.0,0.0,0.0,1.0
15,95,5.934307332271212,3.253571996714461,0.0,1.0,0.0,0.0,0.0,0.0
16,95,11.958655468894474,0.9980568425259172,1.0,0.0,1.0,0.0,1.0,0.0
17,95,8.627497471812374,4.373415984592968,0.0,0.0,0.0,1.0,0.0,0.0
18,95,1.562164753281093,0.6439940836410258,0.0,1.0,0.0,1.0,1.0,1.0
19,95,10.433169377706324,0.7172205015666995,1.0,0.0,0.0,0.0,1.0,0.0
0,100,6.245429251523024,1.9446016844880711,1.0,1.0,1.0,0.0,0.0,0.0
1,100,2.364282937513759,1.2205568808819645,0.0,0.0,0.0,0.0,1.0,0.0
2,100,1.4574746096478477,9.250505761161945,0.0,0.0,1.0,1.0,0.0,1.0
3,100,4.326922590346586,1.0667909259030075,0.0,0.0,0.0,0.0,0.0,1.0
4,100,6.822583045416308,4.525073577437185,0.0,0.0,1.0,1.0,0.0,1.0
5,100,2.094932051015492,8.259864964954504,1.0,1.0,0.0,1.0,0.0,0.0
6,100,7.978985552952116,9.094253177725202,1.0,0.0,0.0,0.0,1.0,0.0
7,100,6.978674991806816,6.147701632157943,0.0,0.0,0.0,1.0,0.0,1.0
8,100,7.574618772418255,8.960848809637886,1.0,0.0,1.0,0.0,0.0,0.0
9,100,2.847443453612576,9.210694329218487,1.0,0.0,0.0,0.0,1.0,0.0
10,100,2.5281109511647686,9.341396996496895,0.0,0.0,0.0,0.0,0.0,0.0
11,100,4.109434947222408,11.74790759708417,0.0,1.0,0.0,1.0,0.0,0.0
12,100,6.18931757343966,3.561724409145638,0.0,0.0,0.0,1.0,1.0,0.0
13,100,7.174350260293565,10.62542364375769,1.0,0.0,0.0,0.0,1.0,0.0
14,100,11.150531960437148,10.649000617682018,0.0,1.0,1.0,0.0,0.0,1.0
15,100,5.82745792194579,3.2243095634364702,0.0,1.0,0.0,0.0,0.0,0.0
16,100,11.958728082009658,0.9976987927233546,1.0,0.0,1.0,0.0,1.0,0.0
17,100,8.651950312098514,4.3449085289329785,0.0,0.0,0.0,1.0,0.0,0.0
18,100,1.5674680410725217,0.6532514078962729,0.0,1.0,0.0,1.0,1.0,1.0
19,100,10.530920489467109,0.761644296217345,1.0,0.0,0.0,0.0,1.0,0.0
0,105,6.208162605776277,1.939822110735565,1.0,1.0,1.0,0.0,0.0,0.0
1,105,2.372926324525398,1.2261172582493531,0.0,0.0,0.0,0.0,1.0,0.0
2,105,1.4820716290261386,9.239613105265228,0.0,0.0,1.0,1.0,0.0,1.0
3,105,4.301887291392964,1.0586978530076725,0.0,0.0,0.0,0.0,0.0,1.0
4,105,6.872611335123243,4.563594353651091,0.0,0.0,1.0,1.0,0.0,1.0
5,105,2.068498503387739,8.216817608537099,1.0,1.0,0.0,1.0,0.0,0.0
6,105,7.978953685946693,9.027310121547028,1.0,0.0,0.0,0.0,1.0,0.0
7,105,6.975960712793742,6.0818328877424,0.0,0.0,0.0,1.0,0.0,1.0
8,105,7.552266614241094,8.92841155741192,1.0,0.0,1.0,0.0,0.0,0.0
9,105,2.866101517603256,9.190746234711032,1.0,0.0,0.0,0.0,1.0,0.0
10,105,2.5500986714754634,9.314361980593317,0.0,0.0,0.0,0.0,0.0,0.0
11,105,4.3054623513982895,11.748800404623866,0.0,1.0,0.0,1.0,0.0,0.0
12,105,6.206123989711871,3.5962617440958398,0.0,0.0,0.0,1.0,1.0,0.0
13,105,7.153260031569866,10.572003001454716,1.0,0.0,0.0,0.0,1.0,0.0
14,105,11.158843106558567,10.528693812575762,0.0,1.0,1.0,0.0,0.0,1.0
15,105,5.734441132030002,3.199419880619796,0.0,1.0,0.0,0.0,0.0,0.0
16,105,11.956306450841188,1.010367437037232,1.0,0.0,1.0,0.0,1.0,0.0
17,105,8.694434881703836,4.296333534963493,0.0,0.0,0.0,1.0,0.0,0.0
18,105,1.5695484101651465,0.6570713878457667,0.0,1.0,0.0,1.0,1.0,1.0
19,105,10.605993051501448,0.7952978690181651,1.0,0.0,0.0,0.0,1.0,0.0
0,110,6.185129424499262,1.9373541946697088,1.0,1.0,1.0,0.0,0.0,0.0
1,110,2.3690577072752506,1.2234075369460184,0.0,0.0,0.0,0.0,1.0,0.0
2,110,1.501345926848918,9.231109960396264,0.0,0.0,1.0,1.0,0.0,1.0
3,110,4.285421753258908,1.0532730023394226,0.0,0.0,0.0,0.0,0.0,1.0
4,110,6.9330729120420544,4.611556195973875,0.0,0.0,1.0,1.0,0.0,1.0
5,110,2.046269960960672,8.178669771512487,1.0,1.0,0.0,1.0,0.0,0.0
6,110,7.979537240852535,8.961858473913026,1.0,0.0,0.0,0.0,1.0,0.0
7,110,6.972413626106985,6.00151917306353,0.0,0.0,0.0,1.0,0.0,1.0
8,110,7.530854763049836,8.89872429739356,1.0,0.0,1.0,0.0,0.0,0.0
9,110,2.867665689729181,9.189129501054396,1.0,0.0,0.0,0.0,1.0,0.0
10,110,2.5725710168137104,9.286666704103313,0.0,0.0,0.0,0.0,0.0,0.0
11,110,4.503553853417575,11.754275538786306,0.0,1.0,0.0,1.0,0.0,0.0
12,110,6.231494463643049,3.654285981862873,0.0,0.0,0.0,1.0,1.0,0.0
13,110,7.129945800544509,10.510500852412951,1.0,0.0,0.0,0.0,1.0,0.0
14,110,11.167230034197594,10.405585411291849,0.0,1.0,1.0,0.0,0.0,1.0
15,110,5.619817517586602,3.170253553408083,0.0,1.0,0.0,0.0,0.0,0.0
16,110,11.953439886213731,1.029800392976887,1.0,0.0,1.0,0.0,1.0,0.0
17,110,8.739695217961884,4.245010167820484,0.0,0.0,0.0,1.0,0.0,0.0
18,110,1.5836999566816428,0.6817245159615585,0.0,1.0,0.0,1.0,1.0,1.0
19,110,10.685121506346183,0.8289057054420222,1.0,0.0,0.0,0.0,1.0,0.0
0,115,6.159244312737891,1.9347057384904176,1.0,1.0,1.0,0.0,0.0,0.0
1,115,2.3535302807826737,1.2119765611207578,0.0,0.0,0.0,0.0,1.0,0.0
2,115,1.5013461600180953,9.23110985475606,0.0,0.0,1.0,1.0,0.0,1.0
3,115,4.274025831539291,1.0495882936712584,0.0,0.0,0.0,0.0,0.0,1.0
4,115,7.005477276766219,4.670967184286826,0.0,0.0,1.0,1.0,0.0,1.0
5,115,2.006380580096765,8.115316752928438,1.0,1.0,0.0,1.0,0.0,0.0
6,115,7.980492998307288,8.910429268219634,1.0,0.0,0.0,0.0,1.0,0.0
7,115,6.966986517900521,5.907534761568938,0.0,0.0,0.0,1.0,0.0,1.0
8,115,7.511314233838699,8.870337270632502,1.0,0.0,1.0,0.0,0.0,0.0
9,115,2.8711763188745527,9.19263171280877,1.0,0.0,0.0,0.0,1.0,0.0
10,115,2.5866373251595896,9.27018751853896,0.0,0.0,0.0,0.0,0.0,0.0
11,115,4.682122622362401,11.757357246322512,0.0,1.0,0.0,1.0,0.0,0.0
12,115,6.258588625199085,3.71921567736395,0.0,0.0,0.0,1.0,1.0,0.0
13,115,7.102024276495614,10.436996081808372,1.0,0.0,0.0,0.0,1.0,0.0
14,115,11.179509232345032,10.253384095169874,0.0,1.0,1.0,0.0,0.0,1.0
15,115,5.483514948443047,3.139723167381688,0.0,1.0,0.0,0.0,0.0,0.0
16,115,11.949500648740443,1.053234045952809,1.0,0.0,1.0,0.0,1.0,0.0
17,115,8.7841701760208,4.194401680618944,0.0,0.0,0.0,1.0,0.0,0.0
18,115,1.585246533837775,0.6844050491549096,0.0,1.0,0.0,1.0,1.0,1.0
19,115,10.78394375426452,0.8715998034512014,1.0,0.0,0.0,0.0,1.0,0.0
0,120,6.125489172737092,1.931164705796098,1.0,1.0,1.0,0.0,0.0,0.0
1,120,2.337930057757979,1.1999405854667928,0.0,0.0,0.0,0.0,1.0,0.0
2,120,1.4905231515893005,9.236045384171884,0.0,0.0,1.0,1.0,0.0,1.0
3,120,4.260021911694538,1.04466116377783,0.0,0.0,0.0,0.0,0.0,1.0
4,120,7.081969549523513,4.73374406229464,0.0,0.0,1.0,1.0,0.0,1.0
5,120,1.9565037310892328,8.038413367738402,1.0,1.0,0.0,1.0,0.0,0.0
6,120,7.98131996624659,8.859959276869493,1.0,0.0,0.0,0.0,1.0,0.0
7,120,6.96082912674355,5.820924044090132,0.0,0.0,0.0,1.0,0.0,1.0
8,120,7.489787332057271,8.83961405790519,1.0,0.0,1.0,0.0,0.0,0.0
9,120,2.879866877420325,9.201393866455987,1.0,0.0,0.0,0.0,1.0,0.0
10,120,2.611838512889437,9.24062555994334,0.0,0.0,0.0,0.0,0.0,0.0
11,120,4.875998084149283,11.7652230738904,0.0,1.0,0.0,1.0,0.0,0.0
12,120,6.287403762251848,3.787447776543413,0.0,0.0,0.0,1.0,1.0,0.0
13,120,7.071552666137776,10.358096605671708,1.0,0.0,0.0,0.0,1.0,0.0
14,120,11.189645645835702,10.088429372010369,0.0,1.0,1.0,0.0,0.0,1.0
15,120,5.373025708802812,3.114627850114019,0.0,1.0,0.0,0.0,0.0,0.0
16,120,11.944081182264636,1.088803012159686,1.0,0.0,1.0,0.0,1.0,0.0
17,120,8.8362535846047,4.137758259055319,0.0,0.0,0.0,1.0,0.0,0.0
18,120,1.5873106036047275,0.6879768620652834,0.0,1.0,0.0,1.0,1.0,1.0
19,120,10.914582866614223,0.928856456549023,1.0,0.0,0.0,0.0,1.0,0.0
0,125,6.10344202680596,1.9287896427198212,1.0,1.0,1.0,0.0,0.0,0.0
1,125,2.3229732803091827,1.187984085334098,0.0,0.0,0.0,0.0,1.0,0.0
2,125,1.4969074422651116,9.233342191749166,0.0,0.0,1.0,1.0,0.0,1.0
3,125,4.238430008532808,1.0373883825202588,0.0,0.0,0.0,0.0,0.0,1.0
4,125,7.1564914289092325,4.79634313277684,0.0,0.0,1.0,1.0,0.0,1.0
5,125,1.912058589139273,7.969453369451503,1.0,1.0,0.0,1.0,0.0,0.0
6,125,7.983539308300129,8.802610624528613,1.0,0.0,0.0,0.0,1.0,0.0
7,125,6.95491452163276,5.727222647854501,0.0,0.0,0.0,1.0,0.0,1.0
8,125,7.469587230782045,8.811817174586105,1.0,0.0,1.0,0.0,0.0,0.0
9,125,2.8734825902235253,9.19506466278653,1.0,0.0,0.0,0.0,1.0,0.0
10,125,2.631274284869962,9.21738955071786,0.0,0.0,0.0,0.0,0.0,0.0
11,125,5.080157718176645,11.7703978474347,0.0,1.0,0.0,1.0,0.0,0.0
12,125,6.312102759798582,3.845926784544064,0.0,0.0,0.0,1.0,1.0,0.0
13,125,7.035226047475834,10.26282801177258,1.0,0.0,0.0,0.0,1.0,0.0
14,125,11.199530839753784,9.926587584590845,0.0,1.0,1.0,0.0,0.0,1.0
15,125,5.266085487222133,3.0902968776885893,0.0,1.0,0.0,0.0,0.0,0.0
16,125,11.937345119923428,1.137533244894248,1.0,0.0,1.0,0.0,1.0,0.0
17,125,8.887108258542224,4.082109776525169,0.0,0.0,0.0,1.0,0.0,0.0
18,125,1.5957086787360824,0.7023010390708473,0.0,1.0,0.0,1.0,1.0,1.0
19,125,11.050368365087175,0.9851390085296704,1.0,0.0,0.0,0.0,1.0,0.0
0,130,6.070643958438176,1.925801636504976,1.0,1.0,1.0,0.0,0.0,0.0
1,130,2.3096009168384524,1.1776029682882478,0.0,0.0,0.0,0.0,1.0,0.0
2,130,1.492631068852308,9.23505689465576,0.0,0.0,1.0,1.0,0.0,1.0
3,130,4.23285566677605,1.0354864454594022,0.0,0.0,0.0,0.0,0.0,1.0
4,130,7.244521773468479,4.8660546886545255,0.0,0.0,1.0,1.0,0.0,1.0
5,130,1.8815937936411,7.920985428953684,1.0,1.0,0.0,1.0,0.0,0.0
6,130,7.987224780715091,8.742116479677348,1.0,0.0,0.0,0.0,1.0,0.0
7,130,6.949695366809019,5.655178887149023,0.0,0.0,0.0,1.0,0.0,1.0
8,130,7.447958829344174,8.78071869202978,1.0,0.0,1.0,0.0,0.0,0.0
9,130,2.874329293953564,9.195898313454038,1.0,0.0,0.0,0.0,1.0,0.0
10,130,2.6496072689163426,9.195880649430636,0.0,0.0,0.0,0.0,0.0,0.0
11,130,5.298600183796508,11.778229209517557,0.0,1.0,0.0,1.0,0.0,0.0
12,130,6.341334345176216,3.908250243922313,0.0,0.0,0.0,1.0,1.0,0.0
13,130,7.003403261726456,10.175773174465393,1.0,0.0,0.0,0.0,1.0,0.0
14,130,11.21479596860323,9.75178580730099,0.0,1.0,1.0,0.0,0.0,1.0
15,130,5.174314017713024,3.0689939421568178,0.0,1.0,0.0,0.0,0.0,0.0
16,130,11.925040595021247,1.2175842979533518,1.0,0.0,1.0,0.0,1.0,0.0
17,130,8.943163888230712,4.023441098262707,0.0,0.0,0.0,1.0,0.0,0.0
18,130,1.612632921360075,0.7307631161583578,0.0,1.0,0.0,1.0,1.0,1.0
19,130,11.182260165639294,1.042966706164894,1.0,0.0,0.0,0.0,1.0,0.0
0,135,6.02769493324829,1.9221970446364085,1.0,1.0,1.0,0.0,0.0,0.0
1,135,2.3012806527882224,1.1710640222072328,0.0,0.0,0.0,0.0,1.0,0.0
2,135,1.487529751557006,9.237001017136206,0.0,0.0,1.0,1.0,0.0,1.0
3,135,4.2236816805782205,1.0325506400842264,0.0,0.0,0.0,0.0,0.0,1.0
4,135,7.3304716312436655,4.936255535403226,0.0,0.0,1.0,1.0,0.0,1.0
5,135,1.8499456208199505,7.872331726411024,1.0,1.0,0.0,1.0,0.0,0.0
6,135,7.990427675912167,8.661505455632515,1.0,0.0,0.0,0.0,1.0,0.0
7,135,6.946267298014377,5.566129449811653,0.0,0.0,0.0,1.0,0.0,1.0
8,135,7.435071789214766,8.762026971551526,1.0,0.0,1.0,0.0,0.0,0.0
9,135,2.8740952097047456,9.195675352043455,1.0,0.0,0.0,0.0,1.0,0.0
10,135,2.65217673082391,9.193098979986242,0.0,0.0,0.0,0.0,0.0,0.0
11,135,5.51387623790301,11.7862372811476,0.0,1.0,0.0,1.0,0.0,0.0
12,135,6.37032564692844,3.9718119749626775,0.0,0.0,0.0,1.0,1.0,0.0
13,135,6.965256995107327,10.07754483618544,1.0,0.0,0.0,0.0,1.0,0.0
14,135,11.23313221320313,9.571671045967586,0.0,1.0,1.0,0.0,0.0,1.0
15,135,5.0971274888493525,3.0501517979455937,0.0,1.0,0.0,0.0,0.0,0.0
16,135,11.91197845092703,1.315312625796766,1.0,0.0,1.0,0.0,1.0,0.0
17,135,8.976665165910818,3.989445951614945,0.0,0.0,0.0,1.0,0.0,0.0
18,135,1.639002775122014,0.7734210999962268,0.0,1.0,0.0,1.0,1.0,1.0
19,135,11.3187139391837,1.1048544833312863,1.0,0.0,0.0,0.0,1.0,0.0
0,140,5.989198217685789,1.9198604364392735,1.0,1.0,1.0,0.0,0.0,0.0
1,140,2.316873510129394,1.1824673542814297,0.0,0.0,0.0,0.0,1.0,0.0
2,140,1.471518820249094,9.243144863253915,0.0,0.0,1.0,1.0,0.0,1.0
3,140,4.22456678753747,1.0296769527298473,0.0,0.0,0.0,0.0,0.0,1.0
4,140,7.420868812152729,5.009315237681344,0.0,0.0,1.0,1.0,0.0,1.0
5,140,1.821343476005689,7.830993369677502,1.0,1.0,0.0,1.0,0.0,0.0
6,140,7.993049112094176,8.575762615780087,1.0,0.0,0.0,0.0,1.0,0.0
7,140,6.94651725973818,5.467134223398074,0.0,0.0,0.0,1.0,0.0,1.0
8,140,7.432765557291462,8.758814746901585,1.0,0.0,1.0,0.0,0.0,0.0
9,140,2.88435984501136,9.205227797459829,1.0,0.0,0.0,0.0,1.0,0.0
10,140,2.6517399692203893,9.193566754401918,0.0,0.0,0.0,0.0,0.0,0.0
11,140,5.753860609207075,11.795806160439437,0.0,1.0,0.0,1.0,0.0,0.0
12,140,6.399488399274386,4.04220278458966,0.0,0.0,0.0,1.0,1.0,0.0
13,140,6.91720507980445,9.9625588562049,1.0,0.0,0.0,0.0,1.0,0.0
14,140,11.25412526326308,9.380445487359143,0.0,1.0,1.0,0.0,0.0,1.0
15,140,5.025254435888486,3.0310340313853352,0.0,1.0,0.0,0.0,0.0,0.0
16,140,11.896586549631389,1.432580388916195,1.0,0.0,1.0,0.0,1.0,0.0
17,140,9.020036042033276,3.942666822360271,0.0,0.0,0.0,1.0,0.0,0.0
18,140,1.6756899603115756,0.8351853970716019,0.0,1.0,0.0,1.0,1.0,1.0
19,140,11.456637429898963,1.1691184300001158,1.0,0.0,0.0,0.0,1.0,0.0
0,145,5.958175325706027,1.9191492135051296,1.0,1.0,1.0,0.0,0.0,0.0
1,145,2.332216258579879,1.1933727841729478,0.0,0.0,0.0,0.0,1.0,0.0
2,145,1.4503328378150853,9.251000543367017,0.0,0.0,1.0,1.0,0.0,1.0
3,145,4.225873391074885,1.0256836171282675,0.0,0.0,0.0,0.0,0.0,1.0
4,145,7.497681035159893,5.06962731477196,0.0,0.0,1.0,1.0,0.0,1.0
5,145,1.777536111092579,7.768506186168186,1.0,1.0,0.0,1.0,0.0,0.0
6,145,7.994934262505072,8.479377042325245,1.0,0.0,0.0,0.0,1.0,0.0
7,145,6.948637833023107,5.343271369729648,0.0,0.0,0.0,1.0,0.0,1.0
8,145,7.414830296807194,8.734305550368997,1.0,0.0,1.0,0.0,0.0,0.0
9,145,2.900265347572912,9.219287877290308,1.0,0.0,0.0,0.0,1.0,0.0
10,145,2.635644435455504,9.209857227339254,0.0,0.0,0.0,0.0,0.0,0.0
11,145,5.988930698310788,11.802838866058204,0.0,1.0,0.0,1.0,0.0,0.0
12,145,6.426322658259776,4.109264113755868,0.0,0.0,0.0,1.0,1.0,0.0
13,145,6.870257270296532,9.847591677694782,1.0,0.0,0.0,0.0,1.0,0.0
14,145,11.278894252208516,9.16143874854999,0.0,1.0,1.0,0.0,0.0,1.0
15,145,4.961987921650048,3.0171375424248854,0.0,1.0,0.0,0.0,0.0,0.0
16,145,11.88341698908659,1.546419933897675,1.0,0.0,1.0,0.0,1.0,0.0
17,145,9.080214082879271,3.880044561831341,0.0,0.0,0.0,1.0,0.0,0.0
18,145,1.7253065298986716,0.9231541200948842,0.0,1.0,0.0,1.0,1.0,1.0
19,145,11.594541333049747,1.232303876024897,1.0,0.0,0.0,0.0,1.0,0.0
0,150,5.909382018068031,1.9174796966113967,1.0,1.0,1.0,0.0,0.0,0.0
1,150,2.360758155901498,1.2124228382405648,0.0,0.0,0.0,0.0,1.0,0.0
2,150,1.444530359747896,9.25334323735454,0.0,0.0,1.0,1.0,0.0,1.0
3,150,4.2250317612165045,1.0280083556219466,0.0,0.0,0.0,0.0,0.0,1.0
4,150,7.564129234729465,5.1211053437393845,0.0,0.0,1.0,1.0,0.0,1.0
5,150,1.7421922443887363,7.719513413065619,1.0,1.0,0.0,1.0,0.0,0.0
6,150,7.997963803032779,8.379527531936132,1.0,0.0,0.0,0.0,1.0,0.0
7,150,6.949420407212552,5.231617776001265,0.0,0.0,0.0,1.0,0.0,1.0
8,150,7.39545590062387,8.706636801978378,1.0,0.0,1.0,0.0,0.0,0.0
9,150,2.918831382886136,9.236054191244556,1.0,0.0,0.0,0.0,1.0,0.0
10,150,2.6227804195525386,9.22228554380754,0.0,0.0,0.0,0.0,0.0,0.0
11,150,6.2045246945685415,11.808980354612396,0.0,1.0,0.0,1.0,0.0,0.0
12,150,6.4477272911650045,4.16393088252055,0.0,0.0,0.0,1.0,1.0,0.0
13,150,6.820160616322384,9.726763156200477,1.0,0.0,0.0,0.0,1.0,0.0
14,150,11.303658969238848,8.958500675238922,0.0,1.0,1.0,0.0,0.0,1.0
15,150,4.90826276204237,3.0056449182488483,0.0,1.0,0.0,0.0,0.0,0.0
16,150,11.868814243641422,1.654317920847821,1.0,0.0,1.0,0.0,1.0,0.0
17,150,9.137955438996013,3.822961753266051,0.0,0.0,0.0,1.0,0.0,0.0
18,150,1.7815410263931817,1.023688067329092,0.0,1.0,0.0,1.0,1.0,1.0
19,150,11.73346438053534,1.295180138647614,1.0,0.0,0.0,0.0,1.0,0.0
0,155,5.861333579084664,1.9153253813932396,1.0,1.0,1.0,0.0,0.0,0.0
1,155,2.370904816735795,1.2189395487876429,0.0,0.0,0.0,0.0,1.0,0.0
2,155,1.444467648774913,9.253368573011748,0.0,0.0,1.0,1.0,0.0,1.0
3,155,4.231609283090867,1.0100917751079732,0.0,0.0,0.0,0.0,0.0,1.0
4,155,7.641518407071456,5.181656653591687,0.0,0.0,1.0,1.0,0.0,1.0
5,155,1.7096929388952895,7.675091455690152,1.0,1.0,0.0,1.0,0.0,0.0
6,155,7.999902135902149,8.263154875859202,1.0,0.0,0.0,0.0,1.0,0.0
7,155,6.9491385810536,5.143422500646257,0.0,0.0,0.0,1.0,0.0,1.0
8,155,7.375824958648205,8.676248078905777,1.0,0.0,1.0,0.0,0.0,0.0
9,155,2.9235172828823144,9.240409664210649,1.0,0.0,0.0,0.0,1.0,0.0
10,155,2.6140576392363983,9.231307319515478,0.0,0.0,0.0,0.0,0.0,0.0
11,155,6.428092623888959,11.813313151018338,0.0,1.0,0.0,1.0,0.0,0.0
12,155,6.468732002730678,4.219263937912823,0.0,0.0,0.0,1.0,1.0,0.0
13,155,6.776139926400392,9.622438620711357,1.0,0.0,0.0,0.0,1.0,0.0
14,155,11.328968555269055,8.756666931236857,0.0,1.0,1.0,0.0,0.0,1.0
15,155,4.856319580463652,2.996176299610401,0.0,1.0,0.0,0.0,0.0,0.0
16,155,11.848825566449213,1.7958715784289656,1.0,0.0,1.0,0.0,1.0,0.0
17,155,9.191237904499774,3.770720846327702,0.0,0.0,0.0,1.0,0.0,0.0
18,155,1.8415788919146543,1.1295369903110213,0.0,1.0,0.0,1.0,1.0,1.0
19,155,11.868882132560762,1.3600082704083378,1.0,0.0,0.0,0.0,1.0,0.0
0,160,5.83926820107755,1.9142569036848305,1.0,1.0,1.0,0.0,0.0,0.0
1,160,2.376130813216361,1.2224143674230463,0.0,0.0,0.0,0.0,1.0,0.0
2,160,1.4159552700153903,9.263422371593878,0.0,0.0,1.0,1.0,0.0,1.0
3,160,4.238441284544081,0.9923774675127126,0.0,0.0,0.0,0.0,0.0,1.0
4,160,7.699212541765726,5.226650250069699,0.0,0.0,1.0,1.0,0.0,1.0
5,160,1.6773219576037672,7.629770935987233,1.0,1.0,0.0,1.0,0.0,0.0
6,160,8.001262199227124,8.137811102987875,1.0,0.0,0.0,0.0,1.0,0.0
7,160,6.94870139058651,5.058671270330445,0.0,0.0,0.0,1.0,0.0,1.0
8,160,7.361166832216523,8.65303239084697,1.0,0.0,1.0,0.0,0.0,0.0
9,160,2.912389601906335,9.230186829196972,1.0,0.0,0.0,0.0,1.0,0.0
10,160,2.609460870335869,9.236178563170927,0.0,0.0,0.0,0.0,0.0,0.0
11,160,6.656033467603383,11.822232643004524,0.0,1.0,0.0,1.0,0.0,0.0
12,160,6.496016400454463,4.285654469203068,0.0,0.0,0.0,1.0,1.0,0.0
13,160,6.729382922991269,9.512120886147526,1.0,0.0,0.0,0.0,1.0,0.0
14,160,11.36027093532148,8.549077226485402,0.0,1.0,1.0,0.0,0.0,1.0
15,160,4.78386021565842,2.983591750429391,0.0,1.0,0.0,0.0,0.0,0.0
16,160,11.825714657206976,1.9565468469823035,1.0,0.0,1.0,0.0,1.0,0.0
17,160,9.246148727255518,3.71728847325285,0.0,0.0,0.0,1.0,0.0,0.0
18,160,1.9001051124079489,1.2321835006462607,0.0,1.0,0.0,1.0,1.0,1.0
19,160,12.0,1.4301801840920498,1.0,0.0,0.0,0.0,1.0,0.0
0,165,5.804610094970945,1.9124999300888803,1.0,1.0,1.0,0.0,0.0,0.0
1,165,2.365840591687787,1.2159422346874402,0.0,0.0,0.0,0.0,1.0,0.0
2,165,1.36847688307366,9.27954152914949,0.0,0.0,1.0,1.0,0.0,1.0
3,165,4.249420019367963,0.965305769870139,0.0,0.0,0.0,0.0,0.0,1.0
4,165,7.764592301325565,5.279549620819576,0.0,0.0,1.0,1.0,0.0,1.0
5,165,1.6382153964238455,7.576708663620339,1.0,1.0,0.0,1.0,0.0,0.0
6,165,8.006021075724465,8.002486669479786,1.0,0.0,0.0,0.0,1.0,0.0
7,165,6.948292291932606,4.983511103107983,0.0,0.0,0.0,1.0,0.0,1.0
8,165,7.351763303790835,8.638393673293422,1.0,0.0,1.0,0.0,0.0,0.0
9,165,2.8921800278066483,9.210571115601695,1.0,0.0,0.0,0.0,1.0,0.0
10,165,2.5972971538845826,9.249273053710796,0.0,0.0,0.0,0.0,0.0,0.0
11,165,6.891792919186557,11.825662988182833,0.0,1.0,0.0,1.0,0.0,0.0
12,165,6.524198145767223,4.3579915523442665,0.0,0.0,0.0,1.0,1.0,0.0
13,165,6.683996619930572,9.404858800136884,1.0,0.0,0.0,0.0,1.0,0.0
14,165,11.388542240486546,8.367557686113402,0.0,1.0,1.0,0.0,0.0,1.0
15,165,4.713911973921156,2.9719272570035287,0.0,1.0,0.0,0.0,0.0,0.0
16,165,11.79651463750394,2.131170621332151,1.0,0.0,1.0,0.0,1.0,0.0
17,165,9.314790601830534,3.650392642173202,0.0,0.0,0.0,1.0,0.0,0.0
18,165,1.9607601792348088,1.3365759295157489,0.0,1.0,0.0,1.0,1.0,1.0
19,165,12.0,1.499637106054874,1.0,0.0,0.0,0.0,1.0,0.0
0,170,5.768118290477043,1.911132779702204,1.0,1.0,1.0,0.0,0.0,0.0
1,170,2.341376219238707,1.2002462323207888,0.0,0.0,0.0,0.0,1.0,0.0
2,170,1.3322804855622314,9.290966087841,0.0,0.0,1.0,1.0,0.0,1.0
3,170,4.265609714876463,0.9258141212400132,0.0,0.0,0.0,0.0,0.0,1.0
4,170,7.8318807575201985,5.334322240577435,0.0,0.0,1.0,1.0,0.0,1.0
5,170,1.5838781392171946,7.504561934990829,1.0,1.0,0.0,1.0,0.0,0.0
6,170,8.01249779852536,7.872438734612516,1.0,0.0,0.0,0.0,1.0,0.0
7,170,6.948238509350887,4.920814968371862,0.0,0.0,0.0,1.0,0.0,1.0
8,170,7.334893129680212,8.613414680027049,1.0,0.0,1.0,0.0,0.0,0.0
9,170,2.870719983868066,9.18927430299458,1.0,0.0,0.0,0.0,1.0,0.0
10,170,2.586771062912355,9.260394256552622,0.0,0.0,0.0,0.0,0.0,0.0
11,170,7.119165195061688,11.827964451406348,0.0,1.0,0.0,1.0,0.0,0.0
12,170,6.54399449463064,4.409276304311696,0.0,0.0,0.0,1.0,1.0,0.0
13,170,6.643748401018384,9.309339608150072,1.0,0.0,0.0,0.0,1.0,0.0
14,170,11.41809219173938,8.195800095141376,0.0,1.0,1.0,0.0,0.0,1.0
15,170,4.655769188959081,2.9612901794145023,0.0,1.0,0.0,0.0,0.0,0.0
16,170,11.76681525486666,2.310721931073357,1.0,0.0,1.0,0.0,1.0,0.0
17,170,9.391611324448723,3.5763128155642607,0.0,0.0,0.0,1.0,0.0,0.0
18,170,2.0220502141574803,1.4408886339144908,0.0,1.0,0.0,1.0,1.0,1.0
19,170,12.0,1.558217136400023,1.0,0.0,0.0,0.0,1.0,0.0
0,175,5.722873243255853,1.909357750652093,1.0,1.0,1.0,0.0,0.0,0.0
1,175,2.331582656880786,1.2153416299328057,0.0,0.0,0.0,0.0,1.0,0.0
2,175,1.2950305830662712,9.303564134932866,0.0,0.0,1.0,1.0,0.0,1.0
3,175,4.281277574865152,0.8902859738147957,0.0,0.0,0.0,0.0,0.0,1.0
4,175,7.874649150514418,5.368552362743087,0.0,0.0,1.0,1.0,0.0,1.0
5,175,1.52479752464668,7.419173229437985,1.0,1.0,0.0,1.0,0.0,0.0
6,175,8.020459255559112,7.751127782314653,1.0,0.0,0.0,0.0,1.0,0.0
7,175,6.947945411543553,4.865838623039072,0.0,0.0,0.0,1.0,0.0,1.0
8,175,7.321408524850523,8.592628470892201,1.0,0.0,1.0,0.0,0.0,0.0
9,175,2.8372950587333854,9.155862619095409,1.0,0.0,0.0,0.0,1.0,0.0
10,175,2.583132222343009,9.264244042630096,0.0,0.0,0.0,0.0,0.0,0.0
11,175,7.331045972307929,11.832353847631056,0.0,1.0,0.0,1.0,0.0,0.0
12,175,6.563952572060457,4.457688818471887,0.0,0.0,0.0,1.0,1.0,0.0
13,175,6.603957513609103,9.210600666654804,1.0,0.0,0.0,0.0,1.0,0.0
14,175,11.455502192702856,8.03166919549129,0.0,1.0,1.0,0.0,0.0,1.0
15,175,4.601295877656823,2.951181467740668,0.0,1.0,0.0,0.0,0.0,0.0
16,175,11.736041775290657,2.4918645184907047,1.0,0.0,1.0,0.0,1.0,0.0
17,175,9.46441310234903,3.5050520303024606,0.0,0.0,0.0,1.0,0.0,0.0
18,175,2.093061607272942,1.5592397794516026,0.0,1.0,0.0,1.0,1.0,1.0
19,175,12.0,1.6168180138593835,1.0,0.0,0.0,0.0,1.0,0.0
0,180,5.697020899920228,1.907805327223103,1.0,1.0,1.0,0.0,0.0,0.0
1,180,2.3302434933715337,1.2175205585111366,0.0,0.0,0.0,0.0,1.0,0.0
2,180,1.2851087862670492,9.273142371395627,0.0,0.0,1.0,1.0,0.0,1.0
3,180,4.3007494189095725,0.8471517120041933,0.0,0.0,0.0,0.0,0.0,1.0
4,180,7.918241869602867,5.404355957794458,0.0,0.0,1.0,1.0,0.0,1.0
5,180,1.4829230444053745,7.358704203999272,1.0,1.0,0.0,1.0,0.0,0.0
6,180,8.028446373692542,7.62309882468407,1.0,0.0,0.0,0.0,1.0,0.0
7,180,6.947884638335177,4.814146062239975,0.0,0.0,0.0,1.0,0.0,1.0
8,180,7.302407464809513,8.564471440333978,1.0,0.0,1.0,0.0,0.0,0.0
9,180,2.807403491693744,9.12667255291296,1.0,0.0,0.0,0.0,1.0,0.0
10,180,2.5790279565678698,9.26834843366922,0.0,0.0,0.0,0.0,0.0,0.0
11,180,7.555499456337231,11.839418959168825,0.0,1.0,0.0,1.0,0.0,0.0
12,180,6.588818591937756,4.51849159744488,0.0,0.0,0.0,1.0,1.0,0.0
13,180,6.559404040862619,9.102332825640271,1.0,0.0,0.0,0.0,1.0,0.0
14,180,11.491817451904655,7.867437339093314,0.0,1.0,1.0,0.0,0.0,1.0
15,180,4.5721583927073,2.9462757698340907,0.0,1.0,0.0,0.0,0.0,0.0
16,180,11.704041653950869,2.6920353030678257,1.0,0.0,1.0,0.0,1.0,0.0
17,180,9.525609229977611,3.4472354951384228,0.0,0.0,0.0,1.0,0.0,0.0
18,180,2.166713626737326,1.6795708782156846,0.0,1.0,0.0,1.0,1.0,1.0
19,180,11.946364760443831,1.7321354184333126,1.0,0.0,0.0,0.0,1.0,0.0
0,185,5.660507162331925,1.906438449724067,1.0,1.0,1.0,0.0,0.0,0.0
1,185,2.3304916190492837,1.2170990456337267,0.0,0.0,0.0,0.0,1.0,0.0
2,185,1.271269164375572,9.231648755370545,0.0,0.0,1.0,1.0,0.0,1.0
3,185,4.320146268123,0.8033467627552459,0.0,0.0,0.0,0.0,0.0,1.0
4,185,7.965553895377959,5.4453334654568994,0.0,0.0,1.0,1.0,0.0,1.0
5,185,1.4306126391378688,7.283410824737624,1.0,1.0,0.0,1.0,0.0,0.0
6,185,8.036971265609766,7.508424455486284,1.0,0.0,0.0,0.0,1.0,0.0
7,185,6.947920998175687,4.758536167628591,0.0,0.0,0.0,1.0,0.0,1.0
8,185,7.274486325234788,8.523496032305273,1.0,0.0,1.0,0.0,0.0,0.0
9,185,2.777878913520406,9.097926838890553,1.0,0.0,0.0,0.0,1.0,0.0
10,185,2.573708095221928,9.27356225687813,0.0,0.0,0.0,0.0,0.0,0.0
11,185,7.762470186818285,11.844818620395564,0.0,1.0,0.0,1.0,0.0,0.0
12,185,6.611008117930494,4.570864888435405,0.0,0.0,0.0,1.0,1.0,0.0
13,185,6.525207818187773,9.015325301628206,1.0,0.0,0.0,0.0,1.0,0.0
14,185,11.533837564421244,7.695223837544982,0.0,1.0,1.0,0.0,0.0,1.0
15,185,4.537787505813848,2.940708090696548,0.0,1.0,0.0,0.0,0.0,0.0
16,185,11.673290835610056,2.889542410133591,1.0,0.0,1.0,0.0,1.0,0.0
17,185,9.592693863134512,3.3833788580065915,0.0,0.0,0.0,1.0,0.0,0.0
18,185,2.240666400023796,1.800309713144569,0.0,1.0,0.0,1.0,1.0,1.0
19,185,11.8415018193889,1.6812216592449722,1.0,0.0,0.0,0.0,1.0,0.0
0,190,5.605639089630612,1.905599530382138,1.0,1.0,1.0,0.0,0.0,0.0
1,190,2.3266242713387304,1.2240087951169452,0.0,0.0,0.0,0.0,1.0,0.0
2,190,1.258569285642476,9.190865517849668,0.0,0.0,1.0,1.0,0.0,1.0
3,190,4.345055231789982,0.7430524140865697,0.0,0.0,0.0,0.0,0.0,1.0
4,190,8.013777821300916,5.490156785074372,0.0,0.0,1.0,1.0,0.0,1.0
5,190,1.3869399876409838,7.220019445368361,1.0,1.0,0.0,1.0,0.0,0.0
6,190,8.046224594098035,7.391682867753803,1.0,0.0,0.0,0.0,1.0,0.0
7,190,6.948659495267569,4.71344930678114,0.0,0.0,0.0,1.0,0.0,1.0
8,190,7.247537933037209,8.48321930520012,1.0,0.0,1.0,0.0,0.0,0.0
9,190,2.742509658884117,9.06417835075799,1.0,0.0,0.0,0.0,1.0,0.0
10,190,2.5651345527151683,9.281566525929303,0.0,0.0,0.0,0.0,0.0,0.0
11,190,7.961575376140577,11.849224620613288,0.0,1.0,0.0,1.0,0.0,0.0
12,190,6.630793703631991,4.613085899404666,0.0,0.0,0.0,1.0,1.0,0.0
13,190,6.497348195037835,8.944254050920357,1.0,0.0,0.0,0.0,1.0,0.0
14,190,11.57593999062095,7.51456926167697,0.0,1.0,1.0,0.0,0.0,1.0
15,190,4.489592047111699,2.933765161757909,0.0,1.0,0.0,0.0,0.0,0.0
16,190,11.64386642522505,3.088566440983937,1.0,0.0,1.0,0.0,1.0,0.0
17,190,9.66255643132228,3.315934068385764,0.0,0.0,0.0,1.0,0.0,0.0
18,190,2.314523963080809,1.922133142217087,0.0,1.0,0.0,1.0,1.0,1.0
19,190,11.726896343858956,1.6239442826700157,1.0,0.0,0.0,0.0,1.0,0.0
0,195,5.541816111678364,1.9040096039704668,1.0,1.0,1.0,0.0,0.0,0.0
1,195,2.3214985436708213,1.232114098133558,0.0,0.0,0.0,0.0,1.0,0.0
2,195,1.244382457688229,9.142122796534744,0.0,0.0,1.0,1.0,0.0,1.0
3,195,4.370320588379317,0.6853041420930853,0.0,0.0,0.0,0.0,0.0,1.0
4,195,8.045926373168978,5.521423672843025,0.0,0.0,1.0,1.0,0.0,1.0
5,195,1.344188409859531,7.160134815530619,1.0,1.0,0.0,1.0,0.0,0.0
6,195,8.05477458634609,7.279737282532114,1.0,0.0,0.0,0.0,1.0,0.0
7,195,6.9496444201513645,4.662718227762452,0.0,0.0,0.0,1.0,0.0,1.0
8,195,7.214027476389563,8.433511674329857,1.0,0.0,1.0,0.0,0.0,0.0
9,195,2.703275755274358,9.02520649061938,1.0,0.0,0.0,0.0,1.0,0.0
10,195,2.5653827852550477,9.281337766393143,0.0,0.0,0.0,0.0,0.0,0.0
11,195,8.18766755899976,11.85394082468103,0.0,1.0,0.0,1.0,0.0,0.0
12,195,6.654767864611467,4.665849430986608,0.0,0.0,0.0,1.0,1.0,0.0
13,195,6.46633472284674,8.86657600220185,1.0,0.0,0.0,0.0,1.0,0.0
14,195,11.613083744093116,7.352007170747797,0.0,1.0,1.0,0.0,0.0,1.0
15,195,4.44888530161053,2.9284940024805146,0.0,1.0,0.0,0.0,0.0,0.0
16,195,11.61484748112378,3.2797250798164628,1.0,0.0,1.0,0.0,1.0,0.0
17,195,9.7208677308668,3.2617054737262032,0.0,0.0,0.0,1.0,0.0,0.0
18,195,2.3977792016765167,2.064830864132813,0.0,1.0,0.0,1.0,1.0,1.0
19,195,11.594213813294624,1.5609241652146044,1.0,0.0,0.0,0.0,1.0,0.0
0,200,5.50390887315722,1.9040305861857183,1.0,1.0,1.0,0.0,0.0,0.0
1,200,2.3209022254578366,1.233080643251747,0.0,0.0,0.0,0.0,1.0,0.0
2,200,1.2325040880802618,9.103244633013324,0.0,0.0,1.0,1.0,0.0,1.0
3,200,4.388995000466133,0.6443266581090461,0.0,0.0,0.0,0.0,0.0,1.0
4,200,8.067080963867578,5.542616154434065,0.0,0.0,1.0,1.0,0.0,1.0
5,200,1.2855310972889662,7.076890121936875,1.0,1.0,0.0,1.0,0.0,0.0
6,200,8.066092638350348,7.165462893096425,1.0,0.0,0.0,0.0,1.0,0.0
7,200,6.949233771858406,4.611300997203226,0.0,0.0,0.0,1.0,0.0,1.0
8,200,7.180184813822009,8.382201335933082,1.0,0.0,1.0,0.0,0.0,0.0
9,200,2.6743202430677497,8.995727432950684,1.0,0.0,0.0,0.0,1.0,0.0
10,200,2.5629641056629646,9.283652090450325,0.0,0.0,0.0,0.0,0.0,0.0
11,200,8.425889167963128,11.856495056161393,0.0,1.0,0.0,1.0,0.0,0.0
12,200,6.67434421826485,4.706495678833372,0.0,0.0,0.0,1.0,1.0,0.0
13,200,6.439429709603629,8.796524355026598,1.0,0.0,0.0,0.0,1.0,0.0
14,200,11.651155602630846,7.192956464648651,0.0,1.0,1.0,0.0,0.0,1.0
15,200,4.397079295314458,2.92123399387037,0.0,1.0,0.0,0.0,0.0,0.0
16,200,11.582717098190278,3.4842682290076614,1.0,0.0,1.0,0.0,1.0,0.0
17,200,9.76333890874415,3.222714117348321,0.0,0.0,0.0,1.0,0.0,0.0
18,200,2.466452312804289,2.1846344490102854,0.0,1.0,0.0,1.0,1.0,1.0
19,200,11.472370271579347,1.5035071505408175,1.0,0.0,0.0,0.0,1.0,0.0
0,205,5.469092427627968,1.9047030304430628,1.0,1.0,1.0,0.0,0.0,0.0
1,205,2.309285901306288,1.2525048296114012,0.0,0.0,0.0,0.0,1.0,0.0
2,205,1.21624889127819,9.052788254485495,0.0,0.0,1.0,1.0,0.0,1.0
3,205,4.409190994187171,0.5965105741210845,0.0,0.0,0.0,0.0,0.0,1.0
4,205,8.079203479139274,5.554476472664759,0.0,0.0,1.0,1.0,0.0,1.0
5,205,1.228725820706895,6.999161496127118,1.0,1.0,0.0,1.0,0.0,0.0
6,205,8.076702103931135,7.061317855068912,1.0,0.0,0.0,0.0,1.0,0.0
7,205,6.947778450648517,4.542092438281263,0.0,0.0,0.0,1.0,0.0,1.0
8,205,7.154725700581032,8.346147185700616,1.0,0.0,1.0,0.0,0.0,0.0
9,205,2.656642853458747,8.97786507782425,1.0,0.0,0.0,0.0,1.0,0.0
10,205,2.559432499060492,9.287107114534669,0.0,0.0,0.0,0.0,0.0,0.0
11,205,8.668231414879216,11.86443137979298,0.0,1.0,0.0,1.0,0.0,0.0
12,205,6.701751416425775,4.769138474445329,0.0,0.0,0.0,1.0,1.0,0.0
13,205,6.411233619130292,8.723039047442409,1.0,0.0,0.0,0.0,1.0,0.0
14,205,11.68242116329708,7.037732061006659,0.0,1.0,1.0,0.0,0.0,1.0
15,205,4.345519604582974,2.9132385393376268,0.0,1.0,0.0,0.0,0.0,0.0
16,205,11.54582231273708,3.690976522684687,1.0,0.0,1.0,0.0,1.0,0.0
17,205,9.810282279987623,3.17832499187673,0.0,0.0,0.0,1.0,0.0,0.0
18,205,2.5325463317249213,2.3003677520984844,0.0,1.0,0.0,1.0,1.0,1.0
19,205,11.34989832989636,1.4475253125629557,1.0,0.0,0.0,0.0,1.0,0.0
0,210,5.4368424206760855,1.9054409138083,1.0,1.0,1.0,0.0,0.0,0.0
1,210,2.299021914984234,1.2685290247843772,0.0,0.0,0.0,0.0,1.0,0.0
2,210,1.2033121385581549,9.014255027924346,0.0,0.0,1.0,1.0,0.0,1.0
3,210,4.420273642008998,0.5706443339669098,0.0,0.0,0.0,0.0,0.0,1.0
4,210,8.088383671651306,5.563603221315399,0.0,0.0,1.0,1.0,0.0,1.0
5,210,1.1826422760971655,6.938364856205609,1.0,1.0,0.0,1.0,0.0,0.0
6,210,8.088506839127778,6.9565600797814025,1.0,0.0,0.0,0.0,1.0,0.0
7,210,6.945522778203608,4.483601209714918,0.0,0.0,0.0,1.0,0.0,1.0
8,210,7.131360342672265,8.310548217973459,1.0,0.0,1.0,0.0,0.0,0.0
9,210,2.6414662421937645,8.962279858445722,1.0,0.0,0.0,0.0,1.0,0.0
10,210,2.5603142402699697,9.286261380862056,0.0,0.0,0.0,0.0,0.0,0.0
11,210,8.90852502197134,11.877750202505512,0.0,1.0,0.0,1.0,0.0,0.0
12,210,6.7341047891023225,4.842603273427034,0.0,0.0,0.0,1.0,1.0,0.0
13,210,6.373954186936305,8.630713398000125,1.0,0.0,0.0,0.0,1.0,0.0
14,210,11.70900303311721,6.904141672423959,0.0,1.0,1.0,0.0,0.0,1.0
15,210,4.307207692415457,2.90636094881666,0.0,1.0,0.0,0.0,0.0,0.0
16,210,11.514791782493328,3.862631870813136,1.0,0.0,1.0,0.0,1.0,0.0
17,210,9.862706767216336,3.130476685466127,0.0,0.0,0.0,1.0,0.0,0.0
18,210,2.5906365947454315,2.4045603089014094,0.0,1.0,0.0,1.0,1.0,1.0
19,210,11.22037369793271,1.3874086026309913,1.0,0.0,0.0,0.0,1.0,0.0
0,215,5.407449039446844,1.9057417642935497,1.0,1.0,1.0,0.0,0.0,0.0
1,215,2.294703518987066,1.2751431453975548,0.0,0.0,0.0,0.0,1.0,0.0
2,215,1.1942122724853084,8.988999309842695,0.0,0.0,1.0,1.0,0.0,1.0
3,215,4.4086570672372245,0.5651687330094858,0.0,0.0,0.0,0.0,0.0,1.0
4,215,8.113121838722826,5.587373264064833,0.0,0.0,1.0,1.0,0.0,1.0
5,215,1.1398468427058008,6.882487884230946,1.0,1.0,0.0,1.0,0.0,0.0
6,215,8.09635292042169,6.871833766633488,1.0,0.0,0.0,0.0,1.0,0.0
7,215,6.943889156629749,4.444489597420021,0.0,0.0,0.0,1.0,0.0,1.0
8,215,7.11249800417554,8.282427480394322,1.0,0.0,1.0,0.0,0.0,0.0
9,215,2.631049931755739,8.951408957344464,1.0,0.0,0.0,0.0,1.0,0.0
10,215,2.5675808627413472,9.279259026537442,0.0,0.0,0.0,0.0,0.0,0.0
11,215,9.13937103973109,11.896282822186402,0.0,1.0,0.0,1.0,0.0,0.0
12,215,6.765966132561906,4.91696475261532,0.0,0.0,0.0,1.0,1.0,0.0
13,215,6.336671194841683,8.53858521985463,1.0,0.0,0.0,0.0,1.0,0.0
14,215,11.731178694932083,6.768205772618279,0.0,1.0,1.0,0.0,0.0,1.0
15,215,4.283340847316433,2.9023131255786776,0.0,1.0,0.0,0.0,0.0,0.0
16,215,11.48234495399362,4.028199840473113,1.0,0.0,1.0,0.0,1.0,0.0
17,215,9.91460024043536,3.0811443615647063,0.0,0.0,0.0,1.0,0.0,0.0
18,215,2.644360117259533,2.5040621560271923,0.0,1.0,0.0,1.0,1.0,1.0
19,215,11.095984434645532,1.3270917620880591,1.0,0.0,0.0,0.0,1.0,0.0
0,220,5.364112531254025,1.905617518518527,1.0,1.0,1.0,0.0,0.0,0.0
1,220,2.29251855915023,1.2782639885049614,0.0,0.0,0.0,0.0,1.0,0.0
2,220,1.1749397167010187,8.94032500586085,0.0,0.0,1.0,1.0,0.0,1.0
3,220,4.400956577609887,0.5616937436057788,0.0,0.0,0.0,0.0,0.0,1.0
4,220,8.14131774803855,5.612852457096574,0.0,0.0,1.0,1.0,0.0,1.0
5,220,1.0961253517830964,6.8259671284774734,1.0,1.0,0.0,1.0,0.0,0.0
6,220,8.103264876355361,6.790128236519348,1.0,0.0,0.0,0.0,1.0,0.0
7,220,6.942490039028949,4.4118104386714,0.0,0.0,0.0,1.0,0.0,1.0
8,220,7.106340217595535,8.273760837978395,1.0,0.0,1.0,0.0,0.0,0.0
9,220,2.618801310022605,8.93851498080285,1.0,0.0,0.0,0.0,1.0,0.0
10,220,2.57739399522904,9.269449150173816,0.0,0.0,0.0,0.0,0.0,0.0
11,220,9.387945492448637,11.925569358097276,0.0,1.0,0.0,1.0,0.0,0.0
12,220,6.801650335247199,4.999833198138637,0.0,0.0,0.0,1.0,1.0,0.0
13,220,6.298349675691072,8.449188690481105,1.0,0.0,0.0,0.0,1.0,0.0
14,220,11.754542717528963,6.612796292176277,0.0,1.0,1.0,0.0,0.0,1.0
15,220,4.258868638152784,2.8980448998463357,0.0,1.0,0.0,0.0,0.0,0.0
16,220,11.447061922440165,4.202164878473265,1.0,0.0,1.0,0.0,1.0,0.0
17,220,9.97370479825089,3.0251476976941696,0.0,0.0,0.0,1.0,0.0,0.0
18,220,2.694197950128817,2.591444392514553,0.0,1.0,0.0,1.0,1.0,1.0
19,220,10.982057371014523,1.271870590008818,1.0,0.0,0.0,0.0,1.0,0.0
0,225,5.323899753089883,1.9061165404753484,1.0,1.0,1.0,0.0,0.0,0.0
1,225,2.2909321276391466,1.2804997640169846,0.0,0.0,0.0,0.0,1.0,0.0
2,225,1.1579988030541588,8.896852282878601,0.0,0.0,1.0,1.0,0.0,1.0
3,225,4.401376658329693,0.561870202207294,0.0,0.0,0.0,0.0,0.0,1.0
4,225,8.16529197161907,5.634460725511417,0.0,0.0,1.0,1.0,0.0,1.0
5,225,1.0402567158998808,6.753517119940359,1.0,1.0,0.0,1.0,0.0,0.0
6,225,8.110256394502176,6.70583452009193,1.0,0.0,0.0,0.0,1.0,0.0
7,225,6.942523556781648,4.412411913427566,0.0,0.0,0.0,1.0,0.0,1.0
8,225,7.109204057352768,8.277614649752314,1.0,0.0,1.0,0.0,0.0,0.0
9,225,2.6062744218421545,8.925621100206305,1.0,0.0,0.0,0.0,1.0,0.0
10,225,2.566517445783384,9.280502279713623,0.0,0.0,0.0,0.0,0.0,0.0
11,225,9.632520411444668,11.948570908694537,0.0,1.0,0.0,1.0,0.0,0.0
12,225,6.833890784704546,5.082988512124619,0.0,0.0,0.0,1.0,1.0,0.0
13,225,6.180263774969546,8.50098318913758,1.0,0.0,0.0,0.0,1.0,0.0
14,225,11.777411568906649,6.456862435725686,0.0,1.0,1.0,0.0,0.0,1.0
15,225,4.221508345661749,2.890959936336615,0.0,1.0,0.0,0.0,0.0,0.0
16,225,11.415285939254389,4.362270391767308,1.0,0.0,1.0,0.0,1.0,0.0
17,225,10.047396753641488,2.9547400424147687,0.0,0.0,0.0,1.0,0.0,0.0
18,225,2.746053355634103,2.679790434911174,0.0,1.0,0.0,1.0,1.0,1.0
19,225,10.892896664928704,1.2268772199508753,1.0,0.0,0.0,0.0,1.0,0.0
0,230,5.303146230256816,1.9068061977923567,1.0,1.0,1.0,0.0,0.0,0.0
1,230,2.3088568286841697,1.255760227221597,0.0,0.0,0.0,0.0,1.0,0.0
2,230,1.1408103450694784,8.855410727184186,0.0,0.0,1.0,1.0,0.0,1.0
3,230,4.427688004893087,0.57375101891842,0.0,0.0,0.0,0.0,0.0,1.0
4,230,8.189388704854478,5.657062064150188,0.0,0.0,1.0,1.0,0.0,1.0
5,230,0.9714387133181518,6.664826791372628,1.0,1.0,0.0,1.0,0.0,0.0
6,230,8.116994241354623,6.625638464466887,1.0,0.0,0.0,0.0,1.0,0.0
7,230,6.942580551500397,4.413496917841996,0.0,0.0,0.0,1.0,0.0,1.0
8,230,7.123290607491476,8.295427739654828,1.0,0.0,1.0,0.0,0.0,0.0
9,230,2.603152825751036,8.922324778060615,1.0,0.0,0.0,0.0,1.0,0.0
10,230,2.541706390185465,9.30600627677152,0.0,0.0,0.0,0.0,0.0,0.0
11,230,9.88450674301855,11.966373541360454,0.0,1.0,0.0,1.0,0.0,0.0
12,230,6.870709003114698,5.172153949198642,0.0,0.0,0.0,1.0,1.0,0.0
13,230,6.059698081431729,8.55265526583552,1.0,0.0,0.0,0.0,1.0,0.0
14,230,11.804988076194585,6.2804764532378,0.0,1.0,1.0,0.0,0.0,1.0
15,230,4.184821996890887,2.8844313359382787,0.0,1.0,0.0,0.0,0.0,0.0
16,230,11.384293889385852,4.531371175407538,1.0,0.0,1.0,0.0,1.0,0.0
17,230,10.120676405018177,2.879284649807437,0.0,0.0,0.0,1.0,0.0,0.0
18,230,2.8013605992657045,2.78061014540921,0.0,1.0,0.0,1.0,1.0,1.0
19,230,10.80782519129874,1.1860525256786192,1.0,0.0,0.0,0.0,1.0,0.0
0,235,5.312795538113007,1.9063216547810584,1.0,1.0,1.0,0.0,0.0,0.0
1,235,2.3333279808777743,1.2210666140243118,0.0,0.0,0.0,0.0,1.0,0.0
2,235,1.129327551287412,8.829110810304455,0.0,0.0,1.0,1.0,0.0,1.0
3,235,4.452011931859833,0.5852068641502692,0.0,0.0,0.0,0.0,0.0,1.0
4,235,8.215903830303828,5.680582597508628,0.0,0.0,1.0,1.0,0.0,1.0
5,235,0.8793588929755589,6.546340687672709,1.0,1.0,0.0,1.0,0.0,0.0
6,235,8.120691475160319,6.545130707257297,1.0,0.0,0.0,0.0,1.0,0.0
7,235,6.916600619295716,4.414384406654752,0.0,0.0,0.0,1.0,0.0,1.0
8,235,7.151902399971924,8.332684012478857,1.0,0.0,1.0,0.0,0.0,0.0
9,235,2.5840939855222644,8.900969798918846,1.0,0.0,0.0,0.0,1.0,0.0
10,235,2.516395128652221,9.332690676618562,0.0,0.0,0.0,0.0,0.0,0.0
11,235,10.132736167859996,11.978243478026188,0.0,1.0,0.0,1.0,0.0,0.0
12,235,6.912215851230352,5.27738441298899,0.0,0.0,0.0,1.0,1.0,0.0
13,235,5.914431134541367,8.615837129442026,1.0,0.0,0.0,0.0,1.0,0.0
14,235,11.834358972003884,6.126596059819713,0.0,1.0,1.0,0.0,0.0,1.0
15,235,4.118273375692705,2.872055737363024,0.0,1.0,0.0,0.0,0.0,0.0
16,235,11.35508467518276,4.696538870363127,1.0,0.0,1.0,0.0,1.0,0.0
17,235,10.183331075443029,2.819962107613037,0.0,0.0,0.0,1.0,0.0,0.0
18,235,2.8474493242018304,2.8676448273963464,0.0,1.0,0.0,1.0,1.0,1.0
19,235,10.733336795368066,1.151417631076918,1.0,0.0,0.0,0.0,1.0,0.0
0,240,5.329423505034313,1.9056732291562528,1.0,1.0,1.0,0.0,0.0,0.0
1,240,2.352450836203435,1.194872761249519,0.0,0.0,0.0,0.0,1.0,0.0
2,240,1.123951121062749,8.81738500678713,0.0,0.0,1.0,1.0,0.0,1.0
3,240,4.495337120518111,0.6036752517915691,0.0,0.0,0.0,0.0,0.0,1.0
4,240,8.249784901028159,5.709259098269138,0.0,0.0,1.0,1.0,0.0,1.0
5,240,0.7800199840910241,6.421526592628044,1.0,1.0,0.0,1.0,0.0,0.0
6,240,8.12488796118537,6.448950885071258,1.0,0.0,0.0,0.0,1.0,0.0
7,240,6.896701829409698,4.414173235391863,0.0,0.0,0.0,1.0,0.0,1.0
8,240,7.18705056851688,8.378975247292365,1.0,0.0,1.0,0.0,0.0,0.0
9,240,2.5859109264179607,8.90307844854001,1.0,0.0,0.0,0.0,1.0,0.0
10,240,2.4911285848601348,9.358941726908576,0.0,0.0,0.0,0.0,0.0,0.0
11,240,10.40907146800201,11.998769241069745,0.0,1.0,0.0,1.0,0.0,0.0
12,240,6.952795314935453,5.384578953203304,0.0,0.0,0.0,1.0,1.0,0.0
13,240,5.775956252949196,8.674110163279373,1.0,0.0,0.0,0.0,1.0,0.0
14,240,11.86686614919704,5.963516675754056,0.0,1.0,1.0,0.0,0.0,1.0
15,240,4.060701564560851,2.860695063217619,0.0,1.0,0.0,0.0,0.0,0.0
16,240,11.32184707050478,4.879952482432387,1.0,0.0,1.0,0.0,1.0,0.0
17,240,10.275108019825236,2.734313563486982,0.0,0.0,0.0,1.0,0.0,0.0
18,240,2.7591387273072794,2.9177625947354686,0.0,1.0,0.0,1.0,1.0,1.0
19,240,10.661812335723056,1.1178776729034667,1.0,0.0,0.0,0.0,1.0,0.0
0,245,5.339918273276947,1.9053010316101704,1.0,1.0,1.0,0.0,0.0,0.0
1,245,2.3809495592832186,1.157073506010349,0.0,0.0,0.0,0.0,1.0,0.0
2,245,1.1175730566928412,8.80447246233861,0.0,0.0,1.0,1.0,0.0,1.0
3,245,4.535269012693809,0.6216894335669512,0.0,0.0,0.0,0.0,0.0,1.0
4,245,8.27083320516463,5.726860626523982,0.0,0.0,1.0,1.0,0.0,1.0
5,245,0.6870423139995949,6.308336145877385,1.0,1.0,0.0,1.0,0.0,0.0
6,245,8.12834807276383,6.365332038699412,1.0,0.0,0.0,0.0,1.0,0.0
7,245,6.861596928455915,4.413299001836581,0.0,0.0,0.0,1.0,0.0,1.0
8,245,7.21814977269113,8.421181605405055,1.0,0.0,1.0,0.0,0.0,0.0
9,245,2.5802460323743444,8.896666304787724,1.0,0.0,0.0,0.0,1.0,0.0
10,245,2.4724504990372105,9.37791095207336,0.0,0.0,0.0,0.0,0.0,0.0
11,245,10.67356356154124,12.0,0.0,1.0,0.0,1.0,0.0,0.0
12,245,7.000299870331953,5.510633482876444,0.0,0.0,0.0,1.0,1.0,0.0
13,245,5.65636725306196,8.725035784644598,1.0,0.0,0.0,0.0,1.0,0.0
14,245,11.89569054624768,5.820981295027123,0.0,1.0,1.0,0.0,0.0,1.0
15,245,3.991511790709052,2.848183708068677,0.0,1.0,0.0,0.0,0.0,0.0
16,245,11.285258991169393,5.049457307191987,1.0,0.0,1.0,0.0,1.0,0.0
17,245,10.36981309717751,2.6441709312521096,0.0,0.0,0.0,1.0,0.0,0.0
18,245,2.6652593091307124,2.973011568429243,0.0,1.0,0.0,1.0,1.0,1.0
19,245,10.590042518804175,1.0831645572780766,1.0,0.0,0.0,0.0,1.0,0.0
0,250,5.343699391225668,1.905196447969123,1.0,1.0,1.0,0.0,0.0,0.0
1,250,2.41466273930547,1.1105296556151742,0.0,0.0,0.0,0.0,1.0,0.0
2,250,1.113732458294718,8.796424589823642,0.0,0.0,1.0,1.0,0.0,1.0
3,250,4.569774527697835,0.6370426899353109,0.0,0.0,0.0,0.0,0.0,1.0
4,250,8.28988743137617,5.7431003154418665,0.0,0.0,1.0,1.0,0.0,1.0
5,250,0.6005651697664934,6.203478946195792,1.0,1.0,0.0,1.0,0.0,0.0
6,250,8.131043317779133,6.307495839083392,1.0,0.0,0.0,0.0,1.0,0.0
7,250,6.818977698493697,4.412118826011511,0.0,0.0,0.0,1.0,0.0,1.0
8,250,7.252995687971227,8.468333370087027,1.0,0.0,1.0,0.0,0.0,0.0
9,250,2.573870850341888,8.889626835807716,1.0,0.0,0.0,0.0,1.0,0.0
10,250,2.463503762385117,9.38649009831107,0.0,0.0,0.0,0.0,0.0,0.0
11,250,10.928325509265616,12.0,0.0,1.0,0.0,1.0,0.0,0.0
12,250,7.04095354682665,5.625409395575902,0.0,0.0,0.0,1.0,1.0,0.0
13,250,5.529209765972464,8.774591643418724,1.0,0.0,0.0,0.0,1.0,0.0
14,250,11.92674788672172,5.662521467903666,0.0,1.0,1.0,0.0,0.0,1.0
15,250,3.91755787813824,2.8350910112833727,0.0,1.0,0.0,0.0,0.0,0.0
16,250,11.246992206597218,5.21812494131561,1.0,0.0,1.0,0.0,1.0,0.0
17,250,10.463598973848727,2.556565707778179,0.0,0.0,0.0,1.0,0.0,0.0
18,250,2.574801761453216,3.026794434706569,0.0,1.0,0.0,1.0,1.0,1.0
19,250,10.513574687090587,1.0448552667110202,1.0,0.0,0.0,0.0,1.0,0.0
0,255,5.337090045508828,1.905374498480049,1.0,1.0,1.0,0.0,0.0,0.0
1,255,2.452600146416673,1.060051200167797,0.0,0.0,0.0,0.0,1.0,0.0
2,255,1.1240297506811845,8.81860591607451,0.0,0.0,1.0,1.0,0.0,1.0
3,255,4.608793194630069,0.6550691192531523,0.0,0.0,0.0,0.0,0.0,1.0
4,255,8.315745234863867,5.766116837635452,0.0,0.0,1.0,1.0,0.0,1.0
5,255,0.5194729160559469,6.105774843527366,1.0,1.0,0.0,1.0,0.0,0.0
6,255,8.132490327084158,6.245282048773698,1.0,0.0,0.0,0.0,1.0,0.0
7,255,6.787971195787653,4.411458770474675,0.0,0.0,0.0,1.0,0.0,1.0
8,255,7.290807302294798,8.51841055282798,1.0,0.0,1.0,0.0,0.0,0.0
9,255,2.5650126434935787,8.880050470151971,1.0,0.0,0.0,0.0,1.0,0.0
10,255,2.448068518720177,9.401823649122838,0.0,0.0,0.0,0.0,0.0,0.0
11,255,11.194742606718568,12.0,0.0,1.0,0.0,1.0,0.0,0.0
12,255,7.078041906687806,5.73673982679057,0.0,0.0,0.0,1.0,1.0,0.0
13,255,5.419494006283958,8.816757062569096,1.0,0.0,0.0,0.0,1.0,0.0
14,255,11.960485140151643,5.496806045090491,0.0,1.0,1.0,0.0,0.0,1.0
15,255,3.861532125688004,2.8255936066808243,0.0,1.0,0.0,0.0,0.0,0.0
16,255,11.211212187514716,5.380333310720953,1.0,0.0,1.0,0.0,1.0,0.0
17,255,10.555270927673094,2.4690547956315942,0.0,0.0,0.0,1.0,0.0,0.0
18,255,2.490186932848327,3.0798345289131364,0.0,1.0,0.0,1.0,1.0,1.0
19,255,10.60032356202723,1.084583680261637,1.0,0.0,0.0,0.0,1.0,0.0
0,260,5.330070750590346,1.9053693208603872,1.0,1.0,1.0,0.0,0.0,0.0
1,260,2.500873388970619,0.9975204605695692,0.0,0.0,0.0,0.0,1.0,0.0
2,260,1.1255704900100607,8.821797333576445,0.0,0.0,1.0,1.0,0.0,1.0
3,260,4.6361306966378,0.6678963086734401,0.0,0.0,0.0,0.0,0.0,1.0
4,260,8.34070401628959,5.788043449661775,0.0,0.0,1.0,1.0,0.0,1.0
5,260,0.4458082726193069,6.017672909471848,1.0,1.0,0.0,1.0,0.0,0.0
6,260,8.135667899864611,6.183601530026918,1.0,0.0,0.0,0.0,1.0,0.0
7,260,6.746068231259996,4.410837988527129,0.0,0.0,0.0,1.0,0.0,1.0
8,260,7.321414383896948,8.55921776404997,1.0,0.0,1.0,0.0,0.0,0.0
9,260,2.574209598377629,8.889994206371119,1.0,0.0,0.0,0.0,1.0,0.0
10,260,2.4470902218440824,9.402856071144384,0.0,0.0,0.0,0.0,0.0,0.0
11,260,11.461820747838225,12.0,0.0,1.0,0.0,1.0,0.0,0.0
12,260,7.113515904439012,5.847960592094418,0.0,0.0,0.0,1.0,1.0,0.0
13,260,5.286396408657289,8.865934396323679,1.0,0.0,0.0,0.0,1.0,0.0
14,260,11.993560773695302,5.32737404402851,0.0,1.0,1.0,0.0,0.0,1.0
15,260,3.7840429008213823,2.8115522686541223,0.0,1.0,0.0,0.0,0.0,0.0
16,260,11.179400778087038,5.529089821266343,1.0,0.0,1.0,0.0,1.0,0.0
17,260,10.657225035640502,2.375527793106972,0.0,0.0,0.0,1.0,0.0,0.0
18,260,2.401902980182228,3.134202927733345,0.0,1.0,0.0,1.0,1.0,1.0
19,260,10.704989137310813,1.135199913203416,1.0,0.0,0.0,0.0,1.0,0.0
0,265,5.327966290274078,1.905357468752366,1.0,1.0,1.0,0.0,0.0,0.0
1,265,2.5352069966281703,0.956394428554624,0.0,0.0,0.0,0.0,1.0,0.0
2,265,1.1210712049771066,8.813029055851306,0.0,0.0,1.0,1.0,0.0,1.0
3,265,4.642263809168432,0.6706111891757958,0.0,0.0,0.0,0.0,0.0,1.0
4,265,8.373670888579447,5.818611539806369,0.0,0.0,1.0,1.0,0.0,1.0
5,265,0.3570254833549612,5.910116892723088,1.0,1.0,0.0,1.0,0.0,0.0
6,265,8.139496754634825,6.09654876177446,1.0,0.0,0.0,0.0,1.0,0.0
7,265,6.69695294044143,4.409887075473559,0.0,0.0,0.0,1.0,0.0,1.0
8,265,7.357802958895062,8.608644443108037,1.0,0.0,1.0,0.0,0.0,0.0
9,265,2.5627121556545185,8.87819515041422,1.0,0.0,0.0,0.0,1.0,0.0
10,265,2.444460798841439,9.405632817462452,0.0,0.0,0.0,0.0,0.0,0.0
11,265,11.7180116422046,12.0,0.0,1.0,0.0,1.0,0.0,0.0
12,265,7.1512003587649495,5.957947216086337,0.0,0.0,0.0,1.0,1.0,0.0
13,265,5.1320767211810185,8.922001803979889,1.0,0.0,0.0,0.0,1.0,0.0
14,265,12.0,5.166776421309878,0.0,1.0,1.0,0.0,0.0,1.0
15,265,3.7005764286531777,2.797775778234778,0.0,1.0,0.0,0.0,0.0,0.0
16,265,11.143909383834329,5.666611880071898,1.0,0.0,1.0,0.0,1.0,0.0
17,265,10.751177112415288,2.282840866772945,0.0,0.0,0.0,1.0,0.0,0.0
18,265,2.3144962828761058,3.184015300397507,0.0,1.0,0.0,1.0,1.0,1.0
19,265,10.809888088907336,1.1879367065569642,1.0,0.0,0.0,0.0,1.0,0.0
0,270,5.346579871773997,1.9058018625586055,1.0,1.0,1.0,0.0,0.0,0.0
1,270,2.5618957145908534,0.9246158343284502,0.0,0.0,0.0,0.0,1.0,0.0
2,270,1.116571585989521,8.804250631974162,0.0,0.0,1.0,1.0,0.0,1.0
3,270,4.6485828380089815,0.6735076828878401,0.0,0.0,0.0,0.0,0.0,1.0
4,270,8.407190857930654,5.850940336822749,0.0,0.0,1.0,1.0,0.0,1.0
5,270,0.2567329190574875,5.788897106945862,1.0,1.0,0.0,1.0,0.0,0.0
6,270,8.14775547084142,5.983758581146682,1.0,0.0,0.0,0.0,1.0,0.0
7,270,6.65071103910114,4.408232044793014,0.0,0.0,0.0,1.0,0.0,1.0
8,270,7.389911670014027,8.650830335780668,1.0,0.0,1.0,0.0,0.0,0.0
9,270,2.539924799763008,8.853875428519434,1.0,0.0,0.0,0.0,1.0,0.0
10,270,2.4381872416403385,9.412651852168825,0.0,0.0,0.0,0.0,0.0,0.0
11,270,11.979631833903504,12.0,0.0,1.0,0.0,1.0,0.0,0.0
12,270,7.194753003788338,6.070328095355398,0.0,0.0,0.0,1.0,1.0,0.0
13,270,4.982204002472012,8.971843845396014,1.0,0.0,0.0,0.0,1.0,0.0
14,270,12.0,5.020814618958092,0.0,1.0,1.0,0.0,0.0,1.0
15,270,3.640873947687648,2.7889034691926406,0.0,1.0,0.0,0.0,0.0,0.0
16,270,11.10388432326029,5.817084902920861,1.0,0.0,1.0,0.0,1.0,0.0
17,270,10.850838555624588,2.187443097917522,0.0,0.0,0.0,1.0,0.0,0.0
18,270,2.226271838554492,3.23636870069466,0.0,1.0,0.0,1.0,1.0,1.0
19,270,10.8962890946613,1.232284275753941,1.0,0.0,0.0,0.0,1.0,0.0
0,275,5.383069867854225,1.907075348763406,1.0,1.0,1.0,0.0,0.0,0.0
1,275,2.5930364787620954,0.8876060286437069,0.0,0.0,0.0,0.0,1.0,0.0
2,275,1.1032487248349805,8.778025557629624,0.0,0.0,1.0,1.0,0.0,1.0
3,275,4.643934621450493,0.6711983977094376,0.0,0.0,0.0,0.0,0.0,1.0
4,275,8.440096965778803,5.884453261905021,0.0,0.0,1.0,1.0,0.0,1.0
5,275,0.1576589403721345,5.67449316443899,1.0,1.0,0.0,1.0,0.0,0.0
6,275,8.154389808370473,5.875270604767729,1.0,0.0,0.0,0.0,1.0,0.0
7,275,6.604120195769334,4.406779284827749,0.0,0.0,0.0,1.0,0.0,1.0
8,275,7.429772006613042,8.705873622637732,1.0,0.0,1.0,0.0,0.0,0.0
9,275,2.507816708474424,8.81923799481097,1.0,0.0,0.0,0.0,1.0,0.0
10,275,2.4283088358694225,9.423396733505864,0.0,0.0,0.0,0.0,0.0,0.0
11,275,12.0,12.0,0.0,1.0,0.0,1.0,0.0,0.0
12,275,7.241164571709056,6.191722297761584,0.0,0.0,0.0,1.0,1.0,0.0
13,275,4.841418859054328,9.017758189119425,1.0,0.0,0.0,0.0,1.0,0.0
14,275,12.0,4.865577913380253,0.0,1.0,1.0,0.0,0.0,1.0
15,275,3.585924504875959,2.781973211633064,0.0,1.0,0.0,0.0,0.0,0.0
16,275,11.060647821399032,5.97504724153292,1.0,0.0,1.0,0.0,1.0,0.0
17,275,10.938852559952448,2.1044374575366063,0.0,0.0,0.0,1.0,0.0,0.0
18,275,2.156144395523825,3.277400016540856,0.0,1.0,0.0,1.0,1.0,1.0
19,275,10.971182522332324,1.273598302638539,1.0,0.0,0.0,0.0,1.0,0.0
0,280,5.4405240072475145,1.9096257043299896,1.0,1.0,1.0,0.0,0.0,0.0
1,280,2.6377210284507218,0.8338848890815616,0.0,0.0,0.0,0.0,1.0,0.0
2,280,1.0952136482469133,8.761391707096545,0.0,0.0,1.0,1.0,0.0,1.0
3,280,4.629187324888659,0.664054167909787,0.0,0.0,0.0,0.0,0.0,1.0
4,280,8.485959722376128,5.932025070114852,0.0,0.0,1.0,1.0,0.0,1.0
5,280,0.065793415213313,5.566799978615701,1.0,1.0,0.0,1.0,0.0,0.0
6,280,8.162229522709087,5.773117629568352,1.0,0.0,0.0,0.0,1.0,0.0
7,280,6.55944122228541,4.405182389915286,0.0,0.0,0.0,1.0,0.0,1.0
8,280,7.478930474203129,8.775057656304119,1.0,0.0,1.0,0.0,0.0,0.0
9,280,2.4616628785865333,8.771393835668531,1.0,0.0,0.0,0.0,1.0,0.0
10,280,2.418063685588314,9.43444527184969,0.0,0.0,0.0,0.0,0.0,0.0
11,280,12.0,12.0,0.0,1.0,0.0,1.0,0.0,0.0
12,280,7.290729791945663,6.311222278531551,0.0,0.0,0.0,1.0,1.0,0.0
13,280,4.676731290297245,9.070622368471463,1.0,0.0,0.0,0.0,1.0,0.0
14,280,12.0,4.696457253199045,0.0,1.0,1.0,0.0,0.0,1.0
15,280,3.536192138779265,2.7745688552926606,0.0,1.0,0.0,0.0,0.0,0.0
16,280,11.006865596041836,6.16385026445359,1.0,0.0,1.0,0.0,1.0,0.0
17,280,11.02182009590818,2.0280561297044226,0.0,0.0,0.0,1.0,0.0,0.0
18,280,2.109919622360942,3.3035082541312475,0.0,1.0,0.0,1.0,1.0,1.0
19,280,11.060824353344616,1.325221178288274,1.0,0.0,0.0,0.0,1.0,0.0
0,285,5.442727529002278,1.8541545313006815,1.0,1.0,1.0,0.0,0.0,0.0
1,285,2.673569765842476,0.7919684480460177,0.0,0.0,0.0,0.0,1.0,0.0
2,285,1.0880154240076043,8.74742292448896,0.0,0.0,1.0,1.0,0.0,1.0
3,285,4.604492127399577,0.6513319565000034,0.0,0.0,0.0,0.0,0.0,1.0
4,285,8.517991701504744,5.965164469661696,0.0,0.0,1.0,1.0,0.0,1.0
5,285,0.0,5.476144720528817,1.0,1.0,0.0,1.0,0.0,0.0
6,285,8.170775443251664,5.666354652790279,1.0,0.0,0.0,0.0,1.0,0.0
7,285,6.527786713011307,4.404410647462887,0.0,0.0,0.0,1.0,0.0,1.0
8,285,7.546645914852635,8.865101122016641,1.0,0.0,1.0,0.0,0.0,0.0
9,285,2.401962278928871,8.708964811523655,1.0,0.0,0.0,0.0,1.0,0.0
10,285,2.407643040990472,9.445751469800951,0.0,0.0,0.0,0.0,0.0,0.0
11,285,12.0,12.0,0.0,1.0,0.0,1.0,0.0,0.0
12,285,7.335432101937598,6.41884220707891,0.0,0.0,0.0,1.0,1.0,0.0
13,285,4.506774315686602,9.122422654347782,1.0,0.0,0.0,0.0,1.0,0.0
14,285,12.0,4.510201700269855,0.0,1.0,1.0,0.0,0.0,1.0
15,285,3.5090297519922857,2.770610906525653,0.0,1.0,0.0,0.0,0.0,0.0
16,285,10.952419249889845,6.340914603190561,1.0,0.0,1.0,0.0,1.0,0.0
17,285,11.110903746056117,1.9463985520815463,0.0,0.0,0.0,1.0,0.0,0.0
18,285,2.0430378255837467,3.341739238758825,0.0,1.0,0.0,1.0,1.0,1.0
19,285,11.147485219640792,1.373310868775097,1.0,0.0,0.0,0.0,1.0,0.0
0,290,5.4471751871928165,1.7872330849759663,1.0,1.0,1.0,0.0,0.0,0.0
1,290,2.7140255343676083,0.7409430289739342,0.0,0.0,0.0,0.0,1.0,0.0
2,290,1.077814341969599,8.727352512799426,0.0,0.0,1.0,1.0,0.0,1.0
3,290,4.574335365690352,0.6356978032938598,0.0,0.0,0.0,0.0,0.0,1.0
4,290,8.53925691720737,5.987506968506212,0.0,0.0,1.0,1.0,0.0,1.0
5,290,0.0,5.389968487582477,1.0,1.0,0.0,1.0,0.0,0.0
6,290,8.180990082383746,5.561379985279394,1.0,0.0,0.0,0.0,1.0,0.0
7,290,6.537750016391384,4.404705768570964,0.0,0.0,0.0,1.0,0.0,1.0
8,290,7.610843254949351,8.948824071439237,1.0,0.0,1.0,0.0,0.0,0.0
9,290,2.342825093567196,8.645819550112131,1.0,0.0,0.0,0.0,1.0,0.0
10,290,2.405368084981514,9.448368098314887,0.0,0.0,0.0,0.0,0.0,0.0
11,290,12.0,12.0,0.0,1.0,0.0,1.0,0.0,0.0
12,290,7.383378144630452,6.541890415061051,0.0,0.0,0.0,1.0,1.0,0.0
13,290,4.357685231182552,9.163416116010024,1.0,0.0,0.0,0.0,1.0,0.0
14,290,12.0,4.323690407434334,0.0,1.0,1.0,0.0,0.0,1.0
15,290,3.4834700262024074,2.7670001179363224,0.0,1.0,0.0,0.0,0.0,0.0
16,290,10.892327894086057,6.533920464762457,1.0,0.0,1.0,0.0,1.0,0.0
17,290,11.209374705303324,1.856644500326738,0.0,0.0,0.0,1.0,0.0,0.0
18,290,1.987771392733729,3.3748928243642013,0.0,1.0,0.0,1.0,1.0,1.0
19,290,11.218069840339412,1.4125617779333235,1.0,0.0,0.0,0.0,1.0,0.0
0,295,5.451166822409265,1.7386008430774542,1.0,1.0,1.0,0.0,0.0,0.0
1,295,2.7440904219160838,0.7022341306025424,0.0,0.0,0.0,0.0,1.0,0.0
2,295,1.070068644117601,8.711758774185563,0.0,0.0,1.0,1.0,0.0,1.0
3,295,4.532513853315489,0.6157791765414058,0.0,0.0,0.0,0.0,0.0,1.0
4,295,8.554067940139905,6.003202544261816,0.0,0.0,1.0,1.0,0.0,1.0
5,295,0.0,5.297026876388102,1.0,1.0,0.0,1.0,0.0,0.0
6,295,8.194706258394136,5.44412242222383,1.0,0.0,0.0,0.0,1.0,0.0
7,295,6.523409454584668,4.403853478303336,0.0,0.0,0.0,1.0,0.0,1.0
8,295,7.658103258786425,9.009901424958905,1.0,0.0,1.0,0.0,0.0,0.0
9,295,2.2817536805716845,8.57822145502727,1.0,0.0,0.0,0.0,1.0,0.0
10,295,2.3866023423210674,9.469698243184926,0.0,0.0,0.0,0.0,0.0,0.0
11,295,12.0,12.0,0.0,1.0,0.0,1.0,0.0,0.0
12,295,7.427485079344345,6.6532877198012566,0.0,0.0,0.0,1.0,1.0,0.0
13,295,4.2093665524951565,9.205590510727756,1.0,0.0,0.0,0.0,1.0,0.0
14,295,12.0,4.138942287628219,0.0,1.0,1.0,0.0,0.0,1.0
15,295,3.4630076312992104,2.764086717134712,0.0,1.0,0.0,0.0,0.0,0.0
16,295,10.827354755884487,6.724823632962877,1.0,0.0,1.0,0.0,1.0,0.0
17,295,11.291609137214026,1.7871075490830348,0.0,0.0,0.0,1.0,0.0,0.0
18,295,1.9233834460008996,3.4146562285535897,0.0,1.0,0.0,1.0,1.0,1.0
19,295,11.276440634136314,1.4447111614451291,1.0,0.0,0.0,0.0,1.0,0.0
