0,0,1.0358494924228114,3.007805761586252,0.0,0.0,1.0,0.0,1.0,1.0
1,0,2.016355832101949,6.942579304826624,1.0,0.0,1.0,0.0,1.0,0.0
2,0,4.038787264655013,9.991476165794571,0.0,0.0,1.0,0.0,0.0,0.0
3,0,1.9436356537992932,8.963772450659755,0.0,1.0,1.0,1.0,1.0,0.0
4,0,0.9814687266404184,0.9472291477826384,1.0,1.0,0.0,0.0,0.0,0.0
5,0,8.975063031575415,1.0417937661300811,0.0,0.0,1.0,1.0,1.0,1.0
6,0,2.0443384787246384,11.008065688926502,0.0,0.0,0.0,1.0,1.0,0.0
7,0,10.04215555277881,7.961363810328645,0.0,0.0,0.0,1.0,1.0,0.0
8,0,11.030549190145498,9.951815433759975,0.0,0.0,0.0,1.0,0.0,0.0
9,0,1.030937940357948,0.0,1.0,1.0,1.0,1.0,0.0,1.0
10,0,9.963512398927248,7.940737784286148,0.0,1.0,0.0,1.0,0.0,0.0
11,0,12.0,5.9505704163063085,1.0,0.0,0.0,1.0,0.0,0.0
12,0,3.038122813036341,0.0568453520859359,1.0,0.0,0.0,0.0,1.0,0.0
13,0,8.973356928801872,5.029488319305793,0.0,0.0,0.0,0.0,0.0,0.0
14,0,7.944688934711639,7.0509993421748725,0.0,0.0,0.0,0.0,0.0,0.0
15,0,1.9923420633754008,4.055762657818137,0.0,1.0,0.0,1.0,0.0,1.0
16,0,5.948548030169583,9.979529957820269,0.0,0.0,1.0,1.0,1.0,1.0
17,0,8.027094508477749,5.072977672036343,1.0,0.0,0.0,0.0,1.0,0.0
18,0,4.971402911295574,3.041428559321837,0.0,0.0,0.0,1.0,1.0,1.0
19,0,2.9738095286372124,0.0,0.0,1.0,1.0,0.0,0.0,0.0
0,5,1.045321941311634,3.0098456891077934,0.0,0.0,1.0,0.0,1.0,1.0
1,5,2.0210199049564213,6.926562393564861,1.0,0.0,1.0,0.0,1.0,0.0
2,5,4.0929359432945365,9.981437201314275,0.0,0.0,1.0,0.0,0.0,0.0
3,5,1.8861288924465849,8.925204431573466,0.0,1.0,1.0,1.0,1.0,0.0
4,5,0.9609075267755728,0.8791918027508339,1.0,1.0,0.0,0.0,0.0,0.0
5,5,8.966267745541524,1.056553609112141,0.0,0.0,1.0,1.0,1.0,1.0
6,5,2.0799595826628625,11.014609367639066,0.0,0.0,0.0,1.0,1.0,0.0
7,5,10.076052781553749,7.930855681680942,0.0,0.0,0.0,1.0,1.0,0.0
8,5,11.05138788587673,9.916582438492814,0.0,0.0,0.0,1.0,0.0,0.0
9,5,1.0657100767969296,0.0,1.0,1.0,1.0,1.0,0.0,1.0
10,5,9.921678406582004,7.877362384012597,0.0,1.0,0.0,1.0,0.0,0.0
11,5,12.0,5.945191253621024,1.0,0.0,0.0,1.0,0.0,0.0
12,5,3.056768681494581,0.0834135817190952,1.0,0.0,0.0,0.0,1.0,0.0
13,5,8.943594008544796,5.0632614736390105,0.0,0.0,0.0,0.0,0.0,0.0
14,5,7.894860031986021,7.096216702932214,0.0,0.0,0.0,0.0,0.0,0.0
15,5,1.985508752570423,4.103509851707667,0.0,1.0,0.0,1.0,0.0,1.0
16,5,5.90050180152556,9.960300979278008,0.0,0.0,1.0,1.0,1.0,1.0
17,5,8.052198255098498,5.141300374586545,1.0,0.0,0.0,0.0,1.0,0.0
18,5,4.94424747942612,3.0795303529393885,0.0,0.0,0.0,1.0,1.0,1.0
19,5,2.9508607137873466,0.0,0.0,1.0,1.0,0.0,0.0,0.0
0,10,1.0652637143103658,3.0148131257969384,0.0,0.0,1.0,0.0,1.0,1.0
1,10,2.022451523572914,6.9216613789354335,1.0,0.0,1.0,0.0,1.0,0.0
2,10,4.1839171805878,9.965154750427304,0.0,0.0,1.0,0.0,0.0,0.0
3,10,1.8395555448650127,8.895247542239566,0.0,1.0,1.0,1.0,1.0,0.0
4,10,0.9409610179111474,0.8116817060452142,1.0,1.0,0.0,0.0,0.0,0.0
5,10,8.953447699653905,1.078333343016782,0.0,0.0,1.0,1.0,1.0,1.0
6,10,2.134702273064449,11.025135590388112,0.0,0.0,0.0,1.0,1.0,0.0
7,10,10.08094342595352,7.926525074189142,0.0,0.0,0.0,1.0,1.0,0.0
8,10,11.062847751274896,9.897680133467045,0.0,0.0,0.0,1.0,0.0,0.0
9,10,1.1196005094201906,0.0,1.0,1.0,1.0,1.0,0.0,1.0
10,10,9.876737183547752,7.806825389804173,0.0,1.0,0.0,1.0,0.0,0.0
11,10,11.996192685607438,5.967331723966734,1.0,0.0,0.0,1.0,0.0,0.0
12,10,3.085625906308472,0.12315286181025,1.0,0.0,0.0,0.0,1.0,0.0
13,10,8.909997477685417,5.101752277370574,0.0,0.0,0.0,0.0,0.0,0.0
14,10,7.862377141707702,7.124055415096469,0.0,0.0,0.0,0.0,0.0,0.0
15,10,1.9779798931078847,4.157941480410027,0.0,1.0,0.0,1.0,0.0,1.0
16,10,5.855032666938547,9.94352976697504,0.0,0.0,1.0,1.0,1.0,1.0
17,10,8.078339375670943,5.212603737667293,1.0,0.0,0.0,0.0,1.0,0.0
18,10,4.9082063096335125,3.1349185670718667,0.0,0.0,0.0,1.0,1.0,1.0
19,10,2.934892726076338,0.0,0.0,1.0,1.0,0.0,0.0,0.0
0,15,1.084815574059662,3.0194510539529635,0.0,0.0,1.0,0.0,1.0,1.0
1,15,2.020094232882021,6.930395362458459,1.0,0.0,1.0,0.0,1.0,0.0
2,15,4.254813473523503,9.95221819763447,0.0,0.0,1.0,0.0,0.0,0.0
3,15,1.7811786617820615,8.855281485082852,0.0,1.0,1.0,1.0,1.0,0.0
4,15,0.9210297914571524,0.7484628090562053,1.0,1.0,0.0,0.0,0.0,0.0
5,15,8.955043400557445,1.0756418277619864,0.0,0.0,1.0,1.0,1.0,1.0
6,15,2.1948586816618803,11.037615104795227,0.0,0.0,0.0,1.0,1.0,0.0
7,15,10.083570971642963,7.924180012099176,0.0,0.0,0.0,1.0,1.0,0.0
8,15,11.078288820925769,9.87282789476705,0.0,0.0,0.0,1.0,0.0,0.0
9,15,1.1900405406028138,0.0,1.0,1.0,1.0,1.0,0.0,1.0
10,15,9.827908294407976,7.730873913859883,0.0,1.0,0.0,1.0,0.0,0.0
11,15,11.992181563790524,5.994202844263922,1.0,0.0,0.0,1.0,0.0,0.0
12,15,3.116477893142016,0.1650131273568148,1.0,0.0,0.0,0.0,1.0,0.0
13,15,8.884357161704392,5.13124833026199,0.0,0.0,0.0,0.0,0.0,0.0
14,15,7.813524100642258,7.166596078217185,0.0,0.0,0.0,0.0,0.0,0.0
15,15,1.9723245277344403,4.206336776003241,0.0,1.0,0.0,1.0,0.0,1.0
16,15,5.790115820139901,9.91948049243538,0.0,0.0,1.0,1.0,1.0,1.0
17,15,8.102152054971954,5.275815620517502,1.0,0.0,0.0,0.0,1.0,0.0
18,15,4.880255791230916,3.1771491333304067,0.0,0.0,0.0,1.0,1.0,1.0
19,15,2.9111805735309098,0.0,0.0,1.0,1.0,0.0,0.0,0.0
0,20,1.0942446450745555,3.0217206212653056,0.0,0.0,1.0,0.0,1.0,1.0
1,20,2.018468263461016,6.936632197708184,1.0,0.0,1.0,0.0,1.0,0.0
2,20,4.330669145143024,9.93729467169242,0.0,0.0,1.0,0.0,0.0,0.0
3,20,1.7322877702897592,8.821526665682688,0.0,1.0,1.0,1.0,1.0,0.0
4,20,0.9010029176757972,0.6863327219504881,1.0,1.0,0.0,0.0,0.0,0.0
5,20,8.956284430181972,1.073674990465959,0.0,0.0,1.0,1.0,1.0,1.0
6,20,2.277965134478652,11.053025182008929,0.0,0.0,0.0,1.0,1.0,0.0
7,20,10.074976219367413,7.931853653500009,0.0,0.0,0.0,1.0,1.0,0.0
8,20,11.093023596531005,9.84999529446958,0.0,0.0,0.0,1.0,0.0,0.0
9,20,1.2641029378042137,0.0,1.0,1.0,1.0,1.0,0.0,1.0
10,20,9.774528583263296,7.6437603349439875,0.0,1.0,0.0,1.0,0.0,0.0
11,20,11.983698593153669,6.045561678326389,1.0,0.0,0.0,1.0,0.0,0.0
12,20,3.1336626569805395,0.1885744223006228,1.0,0.0,0.0,0.0,1.0,0.0
13,20,8.858107433686254,5.161776433539637,0.0,0.0,0.0,0.0,0.0,0.0
14,20,7.754733121593988,7.214747914226483,0.0,0.0,0.0,0.0,0.0,0.0
15,20,1.966812164014186,4.24970420274371,0.0,1.0,0.0,1.0,0.0,1.0
16,20,5.708414523968469,9.890551924734842,0.0,0.0,1.0,1.0,1.0,1.0
17,20,8.126305806641684,5.339062503964239,1.0,0.0,0.0,0.0,1.0,0.0
18,20,4.86564583581491,3.199409758075582,0.0,0.0,0.0,1.0,1.0,1.0
19,20,2.874143763034615,0.0,0.0,1.0,1.0,0.0,0.0,0.0
0,25,1.1164836504024398,3.02710557743362,0.0,0.0,1.0,0.0,1.0,1.0
1,25,2.019305588897458,6.933406440625165,1.0,0.0,1.0,0.0,1.0,0.0
2,25,4.418120765229433,9.921167806566814,0.0,0.0,1.0,0.0,0.0,0.0
3,25,1.6758722175331944,8.783013499627279,0.0,1.0,1.0,1.0,1.0,0.0
4,25,0.8750172178205724,0.6092323148385966,1.0,1.0,0.0,0.0,0.0,0.0
5,25,8.96400749191629,1.0608797282840363,0.0,0.0,1.0,1.0,1.0,1.0
6,25,2.3710321427478056,11.068700263613486,0.0,0.0,0.0,1.0,1.0,0.0
7,25,10.04190790620446,7.959411856851177,0.0,0.0,0.0,1.0,1.0,0.0
8,25,11.099243748783694,9.84035072990289,0.0,0.0,0.0,1.0,0.0,0.0
9,25,1.3334482722913266,0.0,1.0,1.0,1.0,1.0,0.0,1.0
10,25,9.7141471174235,7.54782443795172,0.0,1.0,0.0,1.0,0.0,0.0
11,25,11.976818301675705,6.095952770442211,1.0,0.0,0.0,1.0,0.0,0.0
12,25,3.1615140853665458,0.2254084599623163,1.0,0.0,0.0,0.0,1.0,0.0
13,25,8.84915890901075,5.172717939342894,0.0,0.0,0.0,0.0,0.0,0.0
14,25,7.706062251418439,7.255250198551467,0.0,0.0,0.0,0.0,0.0,0.0
15,25,1.9590354070487597,4.311779547695584,0.0,1.0,0.0,1.0,0.0,1.0
16,25,5.619068324136951,9.8586340409423,0.0,0.0,1.0,1.0,1.0,1.0
17,25,8.153266626478514,5.407826693389112,1.0,0.0,0.0,0.0,1.0,0.0
18,25,4.851657884413738,3.2204979977468966,0.0,0.0,0.0,1.0,1.0,1.0
19,25,2.83202827117024,0.0,0.0,1.0,1.0,0.0,0.0,0.0
0,30,1.1384930081520763,3.031858282936565,0.0,0.0,1.0,0.0,1.0,1.0
1,30,2.0213980521356425,6.925366796238734,1.0,0.0,1.0,0.0,1.0,0.0
2,30,4.501052981926298,9.907019752475478,0.0,0.0,1.0,0.0,0.0,0.0
3,30,1.6278122981568732,8.750127697710449,0.0,1.0,1.0,1.0,1.0,0.0
4,30,0.8427610152217775,0.5199951060416801,1.0,1.0,0.0,0.0,0.0,0.0
5,30,8.968007874111688,1.054110314316253,0.0,0.0,1.0,1.0,1.0,1.0
6,30,2.473572221881221,11.09012645746338,0.0,0.0,0.0,1.0,1.0,0.0
7,30,10.024069899430256,7.97556064587662,0.0,0.0,0.0,1.0,1.0,0.0
8,30,11.0947376524683,9.84705934610904,0.0,0.0,0.0,1.0,0.0,0.0
9,30,1.4032157206298803,0.0,1.0,1.0,1.0,1.0,0.0,1.0
10,30,9.653414600023709,7.451622938184522,0.0,1.0,0.0,1.0,0.0,0.0
11,30,11.970297743100048,6.141899032649604,1.0,0.0,0.0,1.0,0.0,0.0
12,30,3.1755641341598597,0.2440714526986242,1.0,0.0,0.0,0.0,1.0,0.0
13,30,8.83493955593387,5.189842000847121,0.0,0.0,0.0,0.0,0.0,0.0
14,30,7.662522360954923,7.290835714688944,0.0,0.0,0.0,0.0,0.0,0.0
15,30,1.9527574909345429,4.356395967260666,0.0,1.0,0.0,1.0,0.0,1.0
16,30,5.526684003950358,9.826873480759591,0.0,0.0,1.0,1.0,1.0,1.0
17,30,8.177192764982745,5.47003699899042,1.0,0.0,0.0,0.0,1.0,0.0
18,30,4.830017400874409,3.2514057186038725,0.0,0.0,0.0,1.0,1.0,1.0
19,30,2.7835278829470926,0.0,0.0,1.0,1.0,0.0,0.0,0.0
0,35,1.158414337033404,3.0362829312423494,0.0,0.0,1.0,0.0,1.0,1.0
1,35,2.029852522277819,6.894496166054364,1.0,0.0,1.0,0.0,1.0,0.0
2,35,4.602872559560621,9.88789288035542,0.0,0.0,1.0,0.0,0.0,0.0
3,35,1.58494625022157,8.721393940888184,0.0,1.0,1.0,1.0,1.0,0.0
4,35,0.8022092099999707,0.4155563260353164,1.0,1.0,0.0,0.0,0.0,0.0
5,35,8.970504331953869,1.0497265995628329,0.0,0.0,1.0,1.0,1.0,1.0
6,35,2.580328484186088,11.115563565601896,0.0,0.0,0.0,1.0,1.0,0.0
7,35,10.019122982021706,7.980026243388172,0.0,0.0,0.0,1.0,1.0,0.0
8,35,11.09522388802497,9.84634973272244,0.0,0.0,0.0,1.0,0.0,0.0
9,35,1.4592489106765607,0.0,1.0,1.0,1.0,1.0,0.0,1.0
10,35,9.585136903988833,7.343998423111002,0.0,1.0,0.0,1.0,0.0,0.0
11,35,11.962452692270936,6.195307316832785,1.0,0.0,0.0,1.0,0.0,0.0
12,35,3.1949429683706247,0.2689168007635741,1.0,0.0,0.0,0.0,1.0,0.0
13,35,8.82065032737226,5.205920173812748,0.0,0.0,0.0,0.0,0.0,0.0
14,35,7.631989563656713,7.315582606720468,0.0,0.0,0.0,0.0,0.0,0.0
15,35,1.9455694166630628,4.418583235642117,0.0,1.0,0.0,1.0,0.0,1.0
16,35,5.429984865938599,9.79634696033026,0.0,0.0,1.0,1.0,1.0,1.0
17,35,8.202612918345395,5.531572349956194,1.0,0.0,0.0,0.0,1.0,0.0
18,35,4.793274952189058,3.300935790494677,0.0,0.0,0.0,1.0,1.0,1.0
19,35,2.738564870225448,0.0,0.0,1.0,1.0,0.0,0.0,0.0
0,40,1.2075057931382898,3.047895275385347,0.0,0.0,1.0,0.0,1.0,1.0
1,40,2.031129023700576,6.890118324676357,1.0,0.0,1.0,0.0,1.0,0.0
2,40,4.703987001064534,9.870459154864882,0.0,0.0,1.0,0.0,0.0,0.0
3,40,1.5459997359571738,8.696079731996004,0.0,1.0,1.0,1.0,1.0,0.0
4,40,0.7676798256064371,0.3220018183566567,1.0,1.0,0.0,0.0,0.0,0.0
5,40,8.976267487049643,1.039083141974004,0.0,0.0,1.0,1.0,1.0,1.0
6,40,2.678111878472013,11.138796355858911,0.0,0.0,0.0,1.0,1.0,0.0
7,40,10.016706236916107,7.982197665770815,0.0,0.0,0.0,1.0,1.0,0.0
8,40,11.101686491149522,9.837147539596025,0.0,0.0,0.0,1.0,0.0,0.0
9,40,1.5027683184070566,0.0,1.0,1.0,1.0,1.0,0.0,1.0
10,40,9.520165841175883,7.237250704035954,0.0,1.0,0.0,1.0,0.0,0.0
11,40,11.956313242881052,6.248365979906175,1.0,0.0,0.0,1.0,0.0,0.0
12,40,3.212106255439795,0.28971848838119,1.0,0.0,0.0,0.0,1.0,0.0
13,40,8.803940109113816,5.224417106439565,0.0,0.0,0.0,0.0,0.0,0.0
14,40,7.616000617358142,7.329511951949592,0.0,0.0,0.0,0.0,0.0,0.0
15,40,1.9350904259607,4.487169830989776,0.0,1.0,0.0,1.0,0.0,1.0
16,40,5.328276146050075,9.762453236614531,0.0,0.0,1.0,1.0,1.0,1.0
17,40,8.224045201346302,5.582715436080001,1.0,0.0,0.0,0.0,1.0,0.0
18,40,4.753650044754642,3.352751249271112,0.0,0.0,0.0,1.0,1.0,1.0
19,40,2.68592780036423,0.0,0.0,1.0,1.0,0.0,0.0,0.0
0,45,1.2585194066835867,3.061830157219567,0.0,0.0,1.0,0.0,1.0,1.0
1,45,2.038414909133876,6.864738144759457,1.0,0.0,1.0,0.0,1.0,0.0
2,45,4.790496632996818,9.854752737601354,0.0,0.0,1.0,0.0,0.0,0.0
3,45,1.5023897768397605,8.668268691425391,0.0,1.0,1.0,1.0,1.0,0.0
4,45,0.7339655853880842,0.2191240459139235,1.0,1.0,0.0,0.0,0.0,0.0
5,45,8.979406422599231,1.033386825753679,0.0,0.0,1.0,1.0,1.0,1.0
6,45,2.7629719049081416,11.157798841431408,0.0,0.0,0.0,1.0,1.0,0.0
7,45,10.014540145064911,7.984173132518864,0.0,0.0,0.0,1.0,1.0,0.0
8,45,11.117701185022712,9.812690239890568,0.0,0.0,0.0,1.0,0.0,0.0
9,45,1.5599518286276923,0.0,1.0,1.0,1.0,1.0,0.0,1.0
10,45,9.468182992258134,7.154013288997105,0.0,1.0,0.0,1.0,0.0,0.0
11,45,11.949078586048731,6.306177565798335,1.0,0.0,0.0,1.0,0.0,0.0
12,45,3.2339901073526587,0.3163411604536058,1.0,0.0,0.0,0.0,1.0,0.0
13,45,8.806937023469562,5.221162474959631,0.0,0.0,0.0,0.0,0.0,0.0
14,45,7.599163433619799,7.344297956071895,0.0,0.0,0.0,0.0,0.0,0.0
15,45,1.922667175252692,4.568204956104206,0.0,1.0,0.0,1.0,0.0,1.0
16,45,5.2087127998635,9.725303299363732,0.0,0.0,1.0,1.0,1.0,1.0
17,45,8.244833410132296,5.630503189020081,1.0,0.0,0.0,0.0,1.0,0.0
18,45,4.703885217315782,3.4171538873384213,0.0,0.0,0.0,1.0,1.0,1.0
19,45,2.6300772745681336,0.0,0.0,1.0,1.0,0.0,0.0,0.0
0,50,1.2992516315648306,3.07248980320618,0.0,0.0,1.0,0.0,1.0,1.0
1,50,2.0383421080945907,6.864954495960813,1.0,0.0,1.0,0.0,1.0,0.0
2,50,4.878686288492689,9.838128199916572,0.0,0.0,1.0,0.0,0.0,0.0
3,50,1.4548852468662976,8.636415089363936,0.0,1.0,1.0,1.0,1.0,0.0
4,50,0.7082995224898244,0.1418073610757991,1.0,1.0,0.0,0.0,0.0,0.0
5,50,8.993397764190275,1.007678510442931,0.0,0.0,1.0,1.0,1.0,1.0
6,50,2.8345757866837,11.175325381559144,0.0,0.0,0.0,1.0,1.0,0.0
7,50,10.0073935472367,7.990398747042708,0.0,0.0,0.0,1.0,1.0,0.0
8,50,11.141597608852583,9.77509669476572,0.0,0.0,0.0,1.0,0.0,0.0
9,50,1.6096308943421092,0.0,1.0,1.0,1.0,1.0,0.0,1.0
10,50,9.418092610485624,7.076550174438397,0.0,1.0,0.0,1.0,0.0,0.0
11,50,11.942638120861618,6.356781824193491,1.0,0.0,0.0,1.0,0.0,0.0
12,50,3.2671723663890737,0.3572159135995043,1.0,0.0,0.0,0.0,1.0,0.0
13,50,8.820912175753977,5.205065633737906,0.0,0.0,0.0,0.0,0.0,0.0
14,50,7.578053638868894,7.362619709354444,0.0,0.0,0.0,0.0,0.0,0.0
15,50,1.9125440217874896,4.642266542333247,0.0,1.0,0.0,1.0,0.0,1.0
16,50,5.103024501212893,9.690062875126015,0.0,0.0,1.0,1.0,1.0,1.0
17,50,8.258672961219778,5.661631850318705,1.0,0.0,0.0,0.0,1.0,0.0
18,50,4.6599602965499285,3.4744484909449715,0.0,0.0,0.0,1.0,1.0,1.0
19,50,2.582550705920609,0.0,0.0,1.0,1.0,0.0,0.0,0.0
0,55,1.3355806286094958,3.0821260419158474,0.0,0.0,1.0,0.0,1.0,1.0
1,55,2.043260184848907,6.866810836227994,1.0,0.0,1.0,0.0,1.0,0.0
2,55,4.9633762068986575,9.818805200844514,0.0,0.0,1.0,0.0,0.0,0.0
3,55,1.4022763640537497,8.602985229267139,0.0,1.0,1.0,1.0,1.0,0.0
4,55,0.6832376618946221,0.0666929960670313,1.0,1.0,0.0,0.0,0.0,0.0
5,55,9.009489103884295,0.9787031546646376,0.0,0.0,1.0,1.0,1.0,1.0
6,55,2.8866857935062744,11.188621336315755,0.0,0.0,0.0,1.0,1.0,0.0
7,55,10.014449118725148,7.98431537151467,0.0,0.0,0.0,1.0,1.0,0.0
8,55,11.154897178923644,9.753099661655805,0.0,0.0,0.0,1.0,0.0,0.0
9,55,1.6655289814519492,0.0,1.0,1.0,1.0,1.0,0.0,1.0
10,55,9.372896662037414,7.00328737659454,0.0,1.0,0.0,1.0,0.0,0.0
11,55,11.936262370903268,6.4030608760405485,1.0,0.0,0.0,1.0,0.0,0.0
12,55,3.3103903624569533,0.4097467919348492,1.0,0.0,0.0,0.0,1.0,0.0
13,55,8.830334865616004,5.194360059935644,0.0,0.0,0.0,0.0,0.0,0.0
14,55,7.524229842805735,7.410340937013462,0.0,0.0,0.0,0.0,0.0,0.0
15,55,1.9043301445185272,4.7144936948648,0.0,1.0,0.0,1.0,0.0,1.0
16,55,4.985992516050197,9.64948182847931,0.0,0.0,1.0,1.0,1.0,1.0
17,55,8.276612912479868,5.701814714038666,1.0,0.0,0.0,0.0,1.0,0.0
18,55,4.6079670133054025,3.53882749304648,0.0,0.0,0.0,1.0,1.0,1.0
19,55,2.5376048493554832,0.0,0.0,1.0,1.0,0.0,0.0,0.0
0,60,1.360427401720235,3.088805157132516,0.0,0.0,1.0,0.0,1.0,1.0
1,60,2.0422391307057763,6.866450947821964,1.0,0.0,1.0,0.0,1.0,0.0
2,60,5.050271448167119,9.80012924103413,0.0,0.0,1.0,0.0,0.0,0.0
3,60,1.3456585401808103,8.565067159917133,0.0,1.0,1.0,1.0,1.0,0.0
4,60,0.6558520104823009,0.0,1.0,1.0,0.0,0.0,0.0,0.0
5,60,9.023411913272978,0.953583576334042,0.0,0.0,1.0,1.0,1.0,1.0
6,60,2.894870035186255,11.19095306486612,0.0,0.0,0.0,1.0,1.0,0.0
7,60,10.02781654447243,7.972452051441966,0.0,0.0,0.0,1.0,1.0,0.0
8,60,11.167463891700004,9.731478517065176,0.0,0.0,0.0,1.0,0.0,0.0
9,60,1.714758815958039,0.0,1.0,1.0,1.0,1.0,0.0,1.0
10,60,9.326779511009226,6.9291741077172695,0.0,1.0,0.0,1.0,0.0,0.0
11,60,11.928551169761398,6.4562677282719045,1.0,0.0,0.0,1.0,0.0,0.0
12,60,3.3531525977744083,0.4634377723098009,1.0,0.0,0.0,0.0,1.0,0.0
13,60,8.834107306049365,5.190077374378248,0.0,0.0,0.0,0.0,0.0,0.0
14,60,7.467161722415657,7.460396578149547,0.0,0.0,0.0,0.0,0.0,0.0
15,60,1.894787038061997,4.794217173436863,0.0,1.0,0.0,1.0,0.0,1.0
16,60,4.8551639919792535,9.604080979802252,0.0,0.0,1.0,1.0,1.0,1.0
17,60,8.294576626816651,5.74154655570732,1.0,0.0,0.0,0.0,1.0,0.0
18,60,4.548313680098303,3.6113534028440863,0.0,0.0,0.0,1.0,1.0,1.0
19,60,2.486008462110141,0.0,0.0,1.0,1.0,0.0,0.0,0.0
0,65,1.3651818615430775,3.090026025932016,0.0,0.0,1.0,0.0,1.0,1.0
1,65,2.0317755848556245,6.862885875873215,1.0,0.0,1.0,0.0,1.0,0.0
2,65,5.119550791350537,9.784085225827166,0.0,0.0,1.0,0.0,0.0,0.0
3,65,1.3035012663152683,8.536590191190172,0.0,1.0,1.0,1.0,1.0,0.0
4,65,0.6268081325713368,0.0,1.0,1.0,0.0,0.0,0.0,0.0
5,65,9.042067109242362,0.9188873781713636,0.0,0.0,1.0,1.0,1.0,1.0
6,65,2.878171490380276,11.186062081845847,0.0,0.0,0.0,1.0,1.0,0.0
7,65,10.036654247618252,7.9648514906446355,0.0,0.0,0.0,1.0,1.0,0.0
8,65,11.183659048185,9.703690603282425,0.0,0.0,0.0,1.0,0.0,0.0
9,65,1.7455177016394774,0.0,1.0,1.0,1.0,1.0,0.0,1.0
10,65,9.28095047602492,6.8627617097125855,0.0,1.0,0.0,1.0,0.0,0.0
11,65,11.91941042461774,6.515783237216395,1.0,0.0,0.0,1.0,0.0,0.0
12,65,3.401269640138186,0.520239878193173,1.0,0.0,0.0,0.0,1.0,0.0
13,65,8.830402798574173,5.194192506686487,0.0,0.0,0.0,0.0,0.0,0.0
14,65,7.403339717105036,7.514018812705605,0.0,0.0,0.0,0.0,0.0,0.0
15,65,1.8876577231262688,4.865188108721611,0.0,1.0,0.0,1.0,0.0,1.0
16,65,4.724674452310569,9.559572597543994,0.0,0.0,1.0,1.0,1.0,1.0
17,65,8.311034121326315,5.778337052076275,1.0,0.0,0.0,0.0,1.0,0.0
18,65,4.491306096380208,3.6807264412748286,0.0,0.0,0.0,1.0,1.0,1.0
19,65,2.4362124325337726,0.0,0.0,1.0,1.0,0.0,0.0,0.0
0,70,1.3644721795756245,3.0898459203457014,0.0,0.0,1.0,0.0,1.0,1.0
1,70,2.0154345910513523,6.856686794723293,1.0,0.0,1.0,0.0,1.0,0.0
2,70,5.191480340315802,9.770048458054475,0.0,0.0,1.0,0.0,0.0,0.0
3,70,1.2770608812630782,8.575708796130366,0.0,1.0,1.0,1.0,1.0,0.0
4,70,0.5925915706482668,0.0,1.0,1.0,0.0,0.0,0.0,0.0
5,70,9.05787990753475,0.8909645401565598,0.0,0.0,1.0,1.0,1.0,1.0
6,70,2.8442446343695784,11.175596499858104,0.0,0.0,0.0,1.0,1.0,0.0
7,70,10.039804445024911,7.962161383346705,0.0,0.0,0.0,1.0,1.0,0.0
8,70,11.199877754309206,9.6756011131627,0.0,0.0,0.0,1.0,0.0,0.0
9,70,1.7897683284343051,0.0,1.0,1.0,1.0,1.0,0.0,1.0
10,70,9.247196645616066,6.814121123002041,0.0,1.0,0.0,1.0,0.0,0.0
11,70,11.912001427855625,6.561344349166317,1.0,0.0,0.0,1.0,0.0,0.0
12,70,3.446744899487605,0.5728834496564844,1.0,0.0,0.0,0.0,1.0,0.0
13,70,8.830557292772765,5.1940171492926375,0.0,0.0,0.0,0.0,0.0,0.0
14,70,7.345085866721335,7.564057480500116,0.0,0.0,0.0,0.0,0.0,0.0
15,70,1.8791134907814144,4.941715687480557,0.0,1.0,0.0,1.0,0.0,1.0
16,70,4.56839041541321,9.51237222012881,0.0,0.0,1.0,1.0,1.0,1.0
17,70,8.333163716276816,5.826820226089403,1.0,0.0,0.0,0.0,1.0,0.0
18,70,4.422441649100911,3.767190212231803,0.0,0.0,0.0,1.0,1.0,1.0
19,70,2.380561027170743,0.0,0.0,1.0,1.0,0.0,0.0,0.0
0,75,1.360863010972553,3.088950822065288,0.0,0.0,1.0,0.0,1.0,1.0
1,75,1.984799470911646,6.844664115255378,1.0,0.0,1.0,0.0,1.0,0.0
2,75,5.27994161069718,9.752983827064758,0.0,0.0,1.0,0.0,0.0,0.0
3,75,1.2610189082011518,8.599716432638772,0.0,1.0,1.0,1.0,1.0,0.0
4,75,0.5636254794577865,0.0,1.0,1.0,0.0,0.0,0.0,0.0
5,75,9.075984048208523,0.8576569584490958,0.0,0.0,1.0,1.0,1.0,1.0
6,75,2.8211880894924355,11.168606479948346,0.0,0.0,0.0,1.0,1.0,0.0
7,75,10.048380499926653,7.954733450223372,0.0,0.0,0.0,1.0,1.0,0.0
8,75,11.207106392425716,9.663720087059003,0.0,0.0,0.0,1.0,0.0,0.0
9,75,1.8406319067541517,0.0,1.0,1.0,1.0,1.0,0.0,1.0
10,75,9.212267308868633,6.7604910641146425,0.0,1.0,0.0,1.0,0.0,0.0
11,75,11.905452281861171,6.59618518494889,1.0,0.0,0.0,1.0,0.0,0.0
12,75,3.498301695204015,0.6349177557874516,1.0,0.0,0.0,0.0,1.0,0.0
13,75,8.840199941653305,5.183174973856724,0.0,0.0,0.0,0.0,0.0,0.0
14,75,7.285390903039245,7.616621842096809,0.0,0.0,0.0,0.0,0.0,0.0
15,75,1.8715771453622956,5.022592072151327,0.0,1.0,0.0,1.0,0.0,1.0
16,75,4.425704540751614,9.467921331193535,0.0,0.0,1.0,1.0,1.0,1.0
17,75,8.352333615565035,5.871081349266088,1.0,0.0,0.0,0.0,1.0,0.0
18,75,4.360838118285094,3.847889517698517,0.0,0.0,0.0,1.0,1.0,1.0
19,75,2.3299386199958616,0.0,0.0,1.0,1.0,0.0,0.0,0.0
0,80,1.3626151985085222,3.089427451260631,0.0,0.0,1.0,0.0,1.0,1.0
1,80,1.9590559990204897,6.834556820940197,1.0,0.0,1.0,0.0,1.0,0.0
2,80,5.375145831396473,9.735176656180052,0.0,0.0,1.0,0.0,0.0,0.0
3,80,1.247177809588565,8.62154431306895,0.0,1.0,1.0,1.0,1.0,0.0
4,80,0.534658474090668,0.0,1.0,1.0,0.0,0.0,0.0,0.0
5,80,9.092591388158814,0.8275820251233821,0.0,0.0,1.0,1.0,1.0,1.0
6,80,2.819049567090892,11.167901786784649,0.0,0.0,0.0,1.0,1.0,0.0
7,80,10.064442633026609,7.940677067750173,0.0,0.0,0.0,1.0,1.0,0.0
8,80,11.214703142555374,9.651639204307392,0.0,0.0,0.0,1.0,0.0,0.0
9,80,1.8923160052983088,0.0,1.0,1.0,1.0,1.0,0.0,1.0
10,80,9.177292613314185,6.707080887457555,0.0,1.0,0.0,1.0,0.0,0.0
11,80,11.899171756636012,6.626632039097996,1.0,0.0,0.0,1.0,0.0,0.0
12,80,3.563529093893428,0.7111726010923407,1.0,0.0,0.0,0.0,1.0,0.0
13,80,8.844757586934545,5.178352610281403,0.0,0.0,0.0,0.0,0.0,0.0
14,80,7.230381778328634,7.665901124772374,0.0,0.0,0.0,0.0,0.0,0.0
15,80,1.8634369113005584,5.11354542154834,0.0,1.0,0.0,1.0,0.0,1.0
16,80,4.287138846089874,9.426546252987375,0.0,0.0,1.0,1.0,1.0,1.0
17,80,8.369523174139697,5.910115926639934,1.0,0.0,0.0,0.0,1.0,0.0
18,80,4.302387330551911,3.924899943399723,0.0,0.0,0.0,1.0,1.0,1.0
19,80,2.289422616285317,0.0,0.0,1.0,1.0,0.0,0.0,0.0
0,85,1.3753436265071963,3.093008303619606,0.0,0.0,1.0,0.0,1.0,1.0
1,85,1.9353253822227536,6.825864417895626,1.0,0.0,1.0,0.0,1.0,0.0
2,85,5.462662818597413,9.715682549395222,0.0,0.0,1.0,0.0,0.0,0.0
3,85,1.2345193310268603,8.641993994697135,0.0,1.0,1.0,1.0,1.0,0.0
4,85,0.5041583220788982,0.0,1.0,1.0,0.0,0.0,0.0,0.0
5,85,9.110678546323893,0.7950725899788904,0.0,0.0,1.0,1.0,1.0,1.0
6,85,2.790096045494278,11.158697030100088,0.0,0.0,0.0,1.0,1.0,0.0
7,85,10.089575210940229,7.918196856891214,0.0,0.0,0.0,1.0,1.0,0.0
8,85,11.222490507115396,9.639854547436286,0.0,0.0,0.0,1.0,0.0,0.0
9,85,1.945870824439887,0.0,1.0,1.0,1.0,1.0,0.0,1.0
10,85,9.136347976694948,6.64133184454822,0.0,1.0,0.0,1.0,0.0,0.0
11,85,11.897075076870504,6.635907851262555,1.0,0.0,0.0,1.0,0.0,0.0
12,85,3.625115581018669,0.7824802603053721,1.0,0.0,0.0,0.0,1.0,0.0
13,85,8.838800716590244,5.184573574948756,0.0,0.0,0.0,0.0,0.0,0.0
14,85,7.168492984079767,7.716628238751375,0.0,0.0,0.0,0.0,0.0,0.0
15,85,1.8584722331034669,5.207140781684487,0.0,1.0,0.0,1.0,0.0,1.0
16,85,4.321867082780345,9.31081801325683,0.0,0.0,1.0,1.0,1.0,1.0
17,85,8.393229344787148,5.965286864329218,1.0,0.0,0.0,0.0,1.0,0.0
18,85,4.248253658849358,3.9949528869872526,0.0,0.0,0.0,1.0,1.0,1.0
19,85,2.2451365832010963,0.0,0.0,1.0,1.0,0.0,0.0,0.0
0,90,1.4015318484006347,3.099962818140322,0.0,0.0,1.0,0.0,1.0,1.0
1,90,1.9464046374396249,6.7964947876512,1.0,0.0,1.0,0.0,1.0,0.0
2,90,5.484795200554826,9.808787752965346,0.0,0.0,1.0,0.0,0.0,0.0
3,90,1.228186775192112,8.652396587873575,0.0,1.0,1.0,1.0,1.0,0.0
4,90,0.4763573967330154,0.0,1.0,1.0,0.0,0.0,0.0,0.0
5,90,9.12600031589552,0.7679987723701351,0.0,0.0,1.0,1.0,1.0,1.0
6,90,2.747686154126797,11.145931771106204,0.0,0.0,0.0,1.0,1.0,0.0
7,90,10.097583777724108,7.910524093414657,0.0,0.0,0.0,1.0,1.0,0.0
8,90,11.23927161779526,9.61540642032747,0.0,0.0,0.0,1.0,0.0,0.0
9,90,1.990332691381762,0.0,1.0,1.0,1.0,1.0,0.0,1.0
10,90,9.107435954397785,6.594788452216053,0.0,1.0,0.0,1.0,0.0,0.0
11,90,11.902474340166323,6.6125931398006905,1.0,0.0,0.0,1.0,0.0,0.0
12,90,3.664000889102428,0.8267820792699536,1.0,0.0,0.0,0.0,1.0,0.0
13,90,8.840721201937988,5.18252380909335,0.0,0.0,0.0,0.0,0.0,0.0
14,90,7.116975034915503,7.756818242822395,0.0,0.0,0.0,0.0,0.0,0.0
15,90,1.853846416970022,5.3081821720697855,0.0,1.0,0.0,1.0,0.0,1.0
16,90,4.34897367219161,9.217886951394584,0.0,0.0,1.0,1.0,1.0,1.0
17,90,8.422189014312519,6.029661796525519,1.0,0.0,0.0,0.0,1.0,0.0
18,90,4.189400906358601,4.071516042013379,0.0,0.0,0.0,1.0,1.0,1.0
19,90,2.200775063893745,0.0,0.0,1.0,1.0,0.0,0.0,0.0
0,95,1.4332801235793005,3.10866581914398,0.0,0.0,1.0,0.0,1.0,1.0
1,95,1.9571171103403848,6.766782067610624,1.0,0.0,1.0,0.0,1.0,0.0
2,95,5.580899381908616,9.785623748657162,0.0,0.0,1.0,0.0,0.0,0.0
3,95,1.2251333638699593,8.657502504489187,0.0,1.0,1.0,1.0,1.0,0.0
4,95,0.4521354501821364,0.0,1.0,1.0,0.0,0.0,0.0,0.0
5,95,9.142035995865456,0.7417191689115231,0.0,0.0,1.0,1.0,1.0,1.0
6,95,2.706708524454046,11.132702036197175,0.0,0.0,0.0,1.0,1.0,0.0
7,95,10.102308536140743,7.906004703413871,0.0,0.0,0.0,1.0,1.0,0.0
8,95,11.261301866600617,9.58167174490061,0.0,0.0,0.0,1.0,0.0,0.0
9,95,2.053262939301576,0.0,1.0,1.0,1.0,1.0,0.0,1.0
10,95,9.079608619569605,6.550026268918528,0.0,1.0,0.0,1.0,0.0,0.0
11,95,11.908317999914551,6.588509776168808,1.0,0.0,0.0,1.0,0.0,0.0
12,95,3.7086145002708175,0.8773012904088501,1.0,0.0,0.0,0.0,1.0,0.0
13,95,8.842653454791561,5.180542691017784,0.0,0.0,0.0,0.0,0.0,0.0
14,95,7.065754378740896,7.7963047133018195,0.0,0.0,0.0,0.0,0.0,0.0
15,95,1.849153723322708,5.4036027053036895,0.0,1.0,0.0,1.0,0.0,1.0
16,95,4.3713457928917085,9.14049569997684,0.0,0.0,1.0,1.0,1.0,1.0
17,95,8.462197780490252,6.117919632134262,1.0,0.0,0.0,0.0,1.0,0.0
18,95,4.138202080402174,4.138981924150557,0.0,0.0,0.0,1.0,1.0,1.0
19,95,2.148404816899208,0.0,0.0,1.0,1.0,0.0,0.0,0.0
0,100,1.4669693834380757,3.11809508315511,0.0,0.0,1.0,0.0,1.0,1.0
1,100,1.9717265741586023,6.726494648434154,1.0,0.0,1.0,0.0,1.0,0.0
2,100,5.679158920380147,9.761059351927956,0.0,0.0,1.0,0.0,0.0,0.0
3,100,1.2161727088589946,8.673015144207405,0.0,1.0,1.0,1.0,1.0,0.0
4,100,0.4287217117988771,0.0,1.0,1.0,0.0,0.0,0.0,0.0
5,100,9.150646712756831,0.7275983856022509,0.0,0.0,1.0,1.0,1.0,1.0
6,100,2.690827052966749,11.127772439024366,0.0,0.0,0.0,1.0,1.0,0.0
7,100,10.094466342376622,7.913513783083751,0.0,0.0,0.0,1.0,1.0,0.0
8,100,11.269393879865852,9.569261023780316,0.0,0.0,0.0,1.0,0.0,0.0
9,100,2.1242245708611702,0.0,1.0,1.0,1.0,1.0,0.0,1.0
10,100,9.063002367977589,6.522362744271304,0.0,1.0,0.0,1.0,0.0,0.0
11,100,11.915956897150096,6.558971555547253,1.0,0.0,0.0,1.0,0.0,0.0
12,100,3.74645367169022,0.9188612699960608,1.0,0.0,0.0,0.0,1.0,0.0
13,100,8.840577770759213,5.182655993854175,0.0,0.0,0.0,0.0,0.0,0.0
14,100,7.008930407747866,7.84037688640609,0.0,0.0,0.0,0.0,0.0,0.0
15,100,1.760696079148622,5.396149032046031,0.0,1.0,0.0,1.0,0.0,1.0
16,100,4.3964642728162815,9.060634319265368,0.0,0.0,1.0,1.0,1.0,1.0
17,100,8.498199978069277,6.1987987072304405,1.0,0.0,0.0,0.0,1.0,0.0
18,100,4.0883275754760255,4.204188216514949,0.0,0.0,0.0,1.0,1.0,1.0
19,100,2.0897632378493203,0.0,0.0,1.0,1.0,0.0,0.0,0.0
0,105,1.493446745918811,3.1258229305808176,0.0,0.0,1.0,0.0,1.0,1.0
1,105,1.9872127737255267,6.68637723580049,1.0,0.0,1.0,0.0,1.0,0.0
2,105,5.789255365225077,9.73428294674092,0.0,0.0,1.0,0.0,0.0,0.0
3,105,1.2175347477444851,8.670708977231156,0.0,1.0,1.0,1.0,1.0,0.0
4,105,0.4057467869116726,0.0,1.0,1.0,0.0,0.0,0.0,0.0
5,105,9.161028162783884,0.7103065257815101,0.0,0.0,1.0,1.0,1.0,1.0
6,105,2.676421294349424,11.123061476211708,0.0,0.0,0.0,1.0,1.0,0.0
7,105,10.0947769235233,7.913223992629452,0.0,0.0,0.0,1.0,1.0,0.0
8,105,11.256666335484908,9.560907591822652,0.0,0.0,0.0,1.0,0.0,0.0
9,105,2.1899027462452034,0.0,1.0,1.0,1.0,1.0,0.0,1.0
10,105,9.040429787422465,6.48473597429184,0.0,1.0,0.0,1.0,0.0,0.0
11,105,11.926319056858553,6.517327932653133,1.0,0.0,0.0,1.0,0.0,0.0
12,105,3.7899463394753456,0.967299637456451,1.0,0.0,0.0,0.0,1.0,0.0
13,105,8.844347223696284,5.178933646539004,0.0,0.0,0.0,0.0,0.0,0.0
14,105,6.949846921600234,7.887589190406803,0.0,0.0,0.0,0.0,0.0,0.0
15,105,1.663364821613633,5.389023276258374,0.0,1.0,0.0,1.0,0.0,1.0
16,105,4.427456790227456,8.969984071353592,0.0,0.0,1.0,1.0,1.0,1.0
17,105,8.535294740279937,6.274181733911119,1.0,0.0,0.0,0.0,1.0,0.0
18,105,4.048848509129046,4.254528592415737,0.0,0.0,0.0,1.0,1.0,1.0
19,105,2.0306791160223807,0.0,0.0,1.0,1.0,0.0,0.0,0.0
0,110,1.5258214563196812,3.135806953068964,0.0,0.0,1.0,0.0,1.0,1.0
1,110,2.002135742378468,6.651150674465971,1.0,0.0,1.0,0.0,1.0,0.0
2,110,5.903235707227653,9.706921245814147,0.0,0.0,1.0,0.0,0.0,0.0
3,110,1.2143122916372862,8.676294784680946,0.0,1.0,1.0,1.0,1.0,0.0
4,110,0.3885969786712434,0.0,1.0,1.0,0.0,0.0,0.0,0.0
5,110,9.16970752663377,0.6964674303001176,0.0,0.0,1.0,1.0,1.0,1.0
6,110,2.6640957227782054,11.119053652355555,0.0,0.0,0.0,1.0,1.0,0.0
7,110,10.105099210235942,7.903451418308892,0.0,0.0,0.0,1.0,1.0,0.0
8,110,11.242714746078407,9.551950579583629,0.0,0.0,0.0,1.0,0.0,0.0
9,110,2.2428689399696364,0.0,1.0,1.0,1.0,1.0,0.0,1.0
10,110,9.055338254840477,6.475815141447813,0.0,1.0,0.0,1.0,0.0,0.0
11,110,11.937257710444625,6.474490866875513,1.0,0.0,0.0,1.0,0.0,0.0
12,110,3.8404130066903255,1.0240106531902662,1.0,0.0,0.0,0.0,1.0,0.0
13,110,8.854094852626924,5.169309226454459,0.0,0.0,0.0,0.0,0.0,0.0
14,110,6.898849127475302,7.929264260554979,0.0,0.0,0.0,0.0,0.0,0.0
15,110,1.5511042155296064,5.380365766429564,0.0,1.0,0.0,1.0,0.0,1.0
16,110,4.458615665410765,8.87686474446384,0.0,0.0,1.0,1.0,1.0,1.0
17,110,8.572332997121196,6.347944073567837,1.0,0.0,0.0,0.0,1.0,0.0
18,110,4.005253302177384,4.308680627120182,0.0,0.0,0.0,1.0,1.0,1.0
19,110,1.962399043805629,0.0,0.0,1.0,1.0,0.0,0.0,0.0
0,115,1.5243228394207526,3.1353482318973938,0.0,0.0,1.0,0.0,1.0,1.0
1,115,2.0130881739771955,6.624116955597736,1.0,0.0,1.0,0.0,1.0,0.0
2,115,6.0253818115024655,9.679013874246378,0.0,0.0,1.0,0.0,0.0,0.0
3,115,1.2044091771915322,8.69398533544572,0.0,1.0,1.0,1.0,1.0,0.0
4,115,0.3699650260632858,0.0,1.0,1.0,0.0,0.0,0.0,0.0
5,115,9.188538354631133,0.6674608119740914,0.0,0.0,1.0,1.0,1.0,1.0
6,115,2.6816051709354864,11.124716280337408,0.0,0.0,0.0,1.0,1.0,0.0
7,115,10.11790932528996,7.891542978824738,0.0,0.0,0.0,1.0,1.0,0.0
8,115,11.23752609977925,9.548525591477654,0.0,0.0,0.0,1.0,0.0,0.0
9,115,2.312047238625666,0.0,1.0,1.0,1.0,1.0,0.0,1.0
10,115,9.056038856676617,6.475402019623137,0.0,1.0,0.0,1.0,0.0,0.0
11,115,11.944367546592906,6.442574664724829,1.0,0.0,0.0,1.0,0.0,0.0
12,115,3.90425251342763,1.092236243387231,1.0,0.0,0.0,0.0,1.0,0.0
13,115,8.858503708175304,5.165188713490033,0.0,0.0,0.0,0.0,0.0,0.0
14,115,6.841960846785288,7.976851270893632,0.0,0.0,0.0,0.0,0.0,0.0
15,115,1.415177753120862,5.369073834469031,0.0,1.0,0.0,1.0,0.0,1.0
16,115,4.4955169837802655,8.770894870102952,0.0,0.0,1.0,1.0,1.0,1.0
17,115,8.603394983451244,6.408353415374312,1.0,0.0,0.0,0.0,1.0,0.0
18,115,3.975065539905751,4.346528090383228,0.0,0.0,0.0,1.0,1.0,1.0
19,115,1.8965349681870536,0.0,0.0,1.0,1.0,0.0,0.0,0.0
0,120,1.521517053430167,3.1345013974145552,0.0,0.0,1.0,0.0,1.0,1.0
1,120,2.018552264974275,6.609984311952957,1.0,0.0,1.0,0.0,1.0,0.0
2,120,6.136487962615823,9.655665853380787,0.0,0.0,1.0,0.0,0.0,0.0
3,120,1.187270956263934,8.723229751203382,0.0,1.0,1.0,1.0,1.0,0.0
4,120,0.3528116207634637,0.0,1.0,1.0,0.0,0.0,0.0,0.0
5,120,9.1914514031681,0.6629615691115543,0.0,0.0,1.0,1.0,1.0,1.0
6,120,2.6802276371015674,11.124239210271211,0.0,0.0,0.0,1.0,1.0,0.0
7,120,10.126461875273865,7.883560914720203,0.0,0.0,0.0,1.0,1.0,0.0
8,120,11.23862213925454,9.54928542658163,0.0,0.0,0.0,1.0,0.0,0.0
9,120,2.356210040529956,0.0,1.0,1.0,1.0,1.0,0.0,1.0
10,120,9.040282746022989,6.484673605881085,0.0,1.0,0.0,1.0,0.0,0.0
11,120,11.95900847770211,6.375534898011206,1.0,0.0,0.0,1.0,0.0,0.0
12,120,3.960551746221429,1.151583992154391,1.0,0.0,0.0,0.0,1.0,0.0
13,120,8.868127578762563,5.156091806754163,0.0,0.0,0.0,0.0,0.0,0.0
14,120,6.782133648515029,8.026446672327832,0.0,0.0,0.0,0.0,0.0,0.0
15,120,1.4224990410270786,5.228063009823507,0.0,1.0,0.0,1.0,0.0,1.0
16,120,4.532336220772919,8.664518618979502,0.0,0.0,1.0,1.0,1.0,1.0
17,120,8.635499768166191,6.46914605894759,1.0,0.0,0.0,0.0,1.0,0.0
18,120,3.9521029994329897,4.3736928306441785,0.0,0.0,0.0,1.0,1.0,1.0
19,120,1.8379637854436717,0.0,0.0,1.0,1.0,0.0,0.0,0.0
0,125,1.500489119402567,3.127687246029133,0.0,0.0,1.0,0.0,1.0,1.0
1,125,2.029707022461641,6.581374684516627,1.0,0.0,1.0,0.0,1.0,0.0
2,125,6.211512496301944,9.638754321210012,0.0,0.0,1.0,0.0,0.0,0.0
3,125,1.1702151104115328,8.751908945868866,0.0,1.0,1.0,1.0,1.0,0.0
4,125,0.3414337500436202,0.0,1.0,1.0,0.0,0.0,0.0,0.0
5,125,9.192828740367478,0.6608967822183465,0.0,0.0,1.0,1.0,1.0,1.0
6,125,2.67223759456972,11.121418070682845,0.0,0.0,0.0,1.0,1.0,0.0
7,125,10.119698935210092,7.889873575410298,0.0,0.0,0.0,1.0,1.0,0.0
8,125,11.242705264433518,9.55204439378864,0.0,0.0,0.0,1.0,0.0,0.0
9,125,2.389313695011752,0.0,1.0,1.0,1.0,1.0,0.0,1.0
10,125,8.999024675076823,6.509096900757355,0.0,1.0,0.0,1.0,0.0,0.0
11,125,11.972608895218782,6.31388551290921,1.0,0.0,0.0,1.0,0.0,0.0
12,125,4.008484126762683,1.2003458212344542,1.0,0.0,0.0,0.0,1.0,0.0
13,125,8.873541063842476,5.151088225844591,0.0,0.0,0.0,0.0,0.0,0.0
14,125,6.722670123905148,8.073543842480824,0.0,0.0,0.0,0.0,0.0,0.0
15,125,1.4290712033889097,5.122625031975146,0.0,1.0,0.0,1.0,0.0,1.0
16,125,4.56437174551549,8.576455717559783,0.0,0.0,1.0,1.0,1.0,1.0
17,125,8.6607220751031,6.513329459657589,1.0,0.0,0.0,0.0,1.0,0.0
18,125,3.9324060839059136,4.396413653613916,0.0,0.0,0.0,1.0,1.0,1.0
19,125,1.7815378777558235,0.0,0.0,1.0,1.0,0.0,0.0,0.0
0,130,1.4664884140825718,3.1173991154235527,0.0,0.0,1.0,0.0,1.0,1.0
1,130,2.0496135200970644,6.529597054568338,1.0,0.0,1.0,0.0,1.0,0.0
2,130,6.310319076072793,9.614483829817122,0.0,0.0,1.0,0.0,0.0,0.0
3,130,1.146746857325624,8.791673221139096,0.0,1.0,1.0,1.0,1.0,0.0
4,130,0.3320948242158655,0.0,1.0,1.0,0.0,0.0,0.0,0.0
5,130,9.193652671414204,0.6596092521403654,0.0,0.0,1.0,1.0,1.0,1.0
6,130,2.687271834646777,11.12686651120741,0.0,0.0,0.0,1.0,1.0,0.0
7,130,10.088290645439104,7.918833652182917,0.0,0.0,0.0,1.0,1.0,0.0
8,130,11.246453450477812,9.55459466085748,0.0,0.0,0.0,1.0,0.0,0.0
9,130,2.407838054464851,0.0,1.0,1.0,1.0,1.0,0.0,1.0
10,130,8.960543784021352,6.531759460903715,0.0,1.0,0.0,1.0,0.0,0.0
11,130,11.98507152950212,6.254398891775201,1.0,0.0,0.0,1.0,0.0,0.0
12,130,4.045273222996093,1.2395685329933177,1.0,0.0,0.0,0.0,1.0,0.0
13,130,8.874791084373753,5.149948844323365,0.0,0.0,0.0,0.0,0.0,0.0
14,130,6.667700713493264,8.114365691982313,0.0,0.0,0.0,0.0,0.0,0.0
15,130,1.4372459217317468,4.999936945788133,0.0,1.0,0.0,1.0,0.0,1.0
16,130,4.593010165092792,8.49708138508984,0.0,0.0,1.0,1.0,1.0,1.0
17,130,8.67772458192206,6.543308873179969,1.0,0.0,0.0,0.0,1.0,0.0
18,130,3.922603494663744,4.407605785886935,0.0,0.0,0.0,1.0,1.0,1.0
19,130,1.7388026018905578,0.0,0.0,1.0,1.0,0.0,0.0,0.0
0,135,1.4432545211274026,3.1107877243496564,0.0,0.0,1.0,0.0,1.0,1.0
1,135,2.0714796874480785,6.467806681991011,1.0,0.0,1.0,0.0,1.0,0.0
2,135,6.4306022334471225,9.586865235310704,0.0,0.0,1.0,0.0,0.0,0.0
3,135,1.1267721282173142,8.825156043869558,0.0,1.0,1.0,1.0,1.0,0.0
4,135,0.3239561176847793,0.0,1.0,1.0,0.0,0.0,0.0,0.0
5,135,9.202158733549018,0.6459330859810575,0.0,0.0,1.0,1.0,1.0,1.0
6,135,2.7006801133346747,11.131736685863824,0.0,0.0,0.0,1.0,1.0,0.0
7,135,10.04901259284829,7.954612714256578,0.0,0.0,0.0,1.0,1.0,0.0
8,135,11.241768986831076,9.55123422412517,0.0,0.0,0.0,1.0,0.0,0.0
9,135,2.450071168632673,0.0,1.0,1.0,1.0,1.0,0.0,1.0
10,135,8.919078394610212,6.555493979366908,0.0,1.0,0.0,1.0,0.0,0.0
11,135,11.99369026388946,6.217138059357884,1.0,0.0,0.0,1.0,0.0,0.0
12,135,4.082624735309604,1.2818303003426128,1.0,0.0,0.0,0.0,1.0,0.0
13,135,8.869225475851263,5.154878234197694,0.0,0.0,0.0,0.0,0.0,0.0
14,135,6.615501920899805,8.155329583515945,0.0,0.0,0.0,0.0,0.0,0.0
15,135,1.4486648348792994,4.867767753095007,0.0,1.0,0.0,1.0,0.0,1.0
16,135,4.624790413625004,8.410595821598452,0.0,0.0,1.0,1.0,1.0,1.0
17,135,8.693003921956345,6.569596564847108,1.0,0.0,0.0,0.0,1.0,0.0
18,135,3.895245575464052,4.438752580046778,0.0,0.0,0.0,1.0,1.0,1.0
19,135,1.678201958749897,0.0,0.0,1.0,1.0,0.0,0.0,0.0
0,140,1.4129174089572551,3.102449128263799,0.0,0.0,1.0,0.0,1.0,1.0
1,140,2.08451794077732,6.428031595520039,1.0,0.0,1.0,0.0,1.0,0.0
2,140,6.465437557269365,9.7251342244783,0.0,0.0,1.0,0.0,0.0,0.0
3,140,1.1068898294368723,8.860314553753286,0.0,1.0,1.0,1.0,1.0,0.0
4,140,0.3214909722072693,0.0,1.0,1.0,0.0,0.0,0.0,0.0
5,140,9.21128105188345,0.631575496474177,0.0,0.0,1.0,1.0,1.0,1.0
6,140,2.742122810277164,11.147095997012594,0.0,0.0,0.0,1.0,1.0,0.0
7,140,10.027520819217951,7.9746059298148735,0.0,0.0,0.0,1.0,1.0,0.0
8,140,11.228807154429626,9.5422251875917,0.0,0.0,0.0,1.0,0.0,0.0
9,140,2.49007523480108,0.0,1.0,1.0,1.0,1.0,0.0,1.0
10,140,8.883073736044485,6.576779456505409,0.0,1.0,0.0,1.0,0.0,0.0
11,140,12.0,6.167530804237357,1.0,0.0,0.0,1.0,0.0,0.0
12,140,4.125013045766679,1.3302214403596266,1.0,0.0,0.0,0.0,1.0,0.0
13,140,8.86602826208333,5.157581062487044,0.0,0.0,0.0,0.0,0.0,0.0
14,140,6.566911235073698,8.193658097396952,0.0,0.0,0.0,0.0,0.0,0.0
15,140,1.46109573823857,4.750311671059337,0.0,1.0,0.0,1.0,0.0,1.0
16,140,4.654315959906207,8.32214443903421,0.0,0.0,1.0,1.0,1.0,1.0
17,140,8.701008504355952,6.582966764016979,1.0,0.0,0.0,0.0,1.0,0.0
18,140,3.8546640132593297,4.487417563736381,0.0,0.0,0.0,1.0,1.0,1.0
19,140,1.6158915691261622,0.0,0.0,1.0,1.0,0.0,0.0,0.0
0,145,1.3794911947543902,3.094143503619761,0.0,0.0,1.0,0.0,1.0,1.0
1,145,2.097536869942473,6.388874647884302,1.0,0.0,1.0,0.0,1.0,0.0
2,145,6.49650773073688,9.848624013047372,0.0,0.0,1.0,0.0,0.0,0.0
3,145,1.0764209651293846,8.91362922697074,0.0,1.0,1.0,1.0,1.0,0.0
4,145,0.3185909683482364,0.0,1.0,1.0,0.0,0.0,0.0,0.0
5,145,9.222008540881198,0.6145155699583565,0.0,0.0,1.0,1.0,1.0,1.0
6,145,2.79326814917329,11.165382556644945,0.0,0.0,0.0,1.0,1.0,0.0
7,145,10.006213625267854,7.994458657066868,0.0,0.0,0.0,1.0,1.0,0.0
8,145,11.199389269829654,9.522978910844753,0.0,0.0,0.0,1.0,0.0,0.0
9,145,2.549834236428421,0.0,1.0,1.0,1.0,1.0,0.0,1.0
10,145,8.871744622129194,6.583202255260867,0.0,1.0,0.0,1.0,0.0,0.0
11,145,12.0,6.135815664803339,1.0,0.0,0.0,1.0,0.0,0.0
12,145,4.173963106145422,1.385039061393969,1.0,0.0,0.0,0.0,1.0,0.0
13,145,8.866229166745613,5.157412186042155,0.0,0.0,0.0,0.0,0.0,0.0
14,145,6.503770260162999,8.245916740064837,0.0,0.0,0.0,0.0,0.0,0.0
15,145,1.4718496450860352,4.638947094627664,0.0,1.0,0.0,1.0,0.0,1.0
16,145,4.677214058861916,8.256008815021044,0.0,0.0,1.0,1.0,1.0,1.0
17,145,8.715344299960643,6.606280838907149,1.0,0.0,0.0,0.0,1.0,0.0
18,145,3.811444675361362,4.538200425305928,0.0,0.0,0.0,1.0,1.0,1.0
19,145,1.5541598469562388,0.0,0.0,1.0,1.0,0.0,0.0,0.0
0,150,1.3448696469438222,3.0866198262369995,0.0,0.0,1.0,0.0,1.0,1.0
1,150,2.114579409063933,6.335538463754246,1.0,0.0,1.0,0.0,1.0,0.0
2,150,6.53062948001269,9.972132968791188,0.0,0.0,1.0,0.0,0.0,0.0
3,150,1.0481969389349453,8.963754914428785,0.0,1.0,1.0,1.0,1.0,0.0
4,150,0.3210415803477917,0.0062926242452779,1.0,1.0,0.0,0.0,0.0,0.0
5,150,9.238137534910424,0.5878090121495039,0.0,0.0,1.0,1.0,1.0,1.0
6,150,2.82833796970605,11.177522282705018,0.0,0.0,0.0,1.0,1.0,0.0
7,150,9.98255603658142,8.016080419985553,0.0,0.0,0.0,1.0,1.0,0.0
8,150,11.178020288366945,9.50867483183147,0.0,0.0,0.0,1.0,0.0,0.0
9,150,2.6163274490264543,0.0,1.0,1.0,1.0,1.0,0.0,1.0
10,150,8.864821173522754,6.587085562233677,0.0,1.0,0.0,1.0,0.0,0.0
11,150,12.0,6.0999571474161245,1.0,0.0,0.0,1.0,0.0,0.0
12,150,4.222739788232054,1.4404989479815788,1.0,0.0,0.0,0.0,1.0,0.0
13,150,8.884723387805398,5.1420171454910655,0.0,0.0,0.0,0.0,0.0,0.0
14,150,6.427766106712846,8.302278515172866,0.0,0.0,0.0,0.0,0.0,0.0
15,150,1.4824173256569435,4.525883784767546,0.0,1.0,0.0,1.0,0.0,1.0
16,150,4.700358789691863,8.190978269744889,0.0,0.0,1.0,1.0,1.0,1.0
17,150,8.736751148541918,6.64104896783166,1.0,0.0,0.0,0.0,1.0,0.0
18,150,3.7734182317767337,4.583987439643254,0.0,0.0,0.0,1.0,1.0,1.0
19,150,1.503687628613208,0.0,0.0,1.0,1.0,0.0,0.0,0.0
0,155,1.310848816673603,3.0790953218674555,0.0,0.0,1.0,0.0,1.0,1.0
1,155,2.127810054078562,6.292845454769534,1.0,0.0,1.0,0.0,1.0,0.0
2,155,6.567183105308535,10.109048382203945,0.0,0.0,1.0,0.0,0.0,0.0
3,155,1.0243648294825634,9.004448397671503,0.0,1.0,1.0,1.0,1.0,0.0
4,155,0.3177104185653592,0.0,1.0,1.0,0.0,0.0,0.0,0.0
5,155,9.255536095412422,0.5591038546074989,0.0,0.0,1.0,1.0,1.0,1.0
6,155,2.8726320985022165,11.194495592923651,0.0,0.0,0.0,1.0,1.0,0.0
7,155,9.97941648321891,8.0189429092475,0.0,0.0,0.0,1.0,1.0,0.0
8,155,11.141769662350994,9.485519446998694,0.0,0.0,0.0,1.0,0.0,0.0
9,155,2.6890359712802585,0.0,1.0,1.0,1.0,1.0,0.0,1.0
10,155,8.859601090799398,6.589979369437635,0.0,1.0,0.0,1.0,0.0,0.0
11,155,12.0,6.062014441725477,1.0,0.0,0.0,1.0,0.0,0.0
12,155,4.266145628436995,1.4874789396241446,1.0,0.0,0.0,0.0,1.0,0.0
13,155,8.92615590349362,5.107884294473529,0.0,0.0,0.0,0.0,0.0,0.0
14,155,6.352431743226346,8.359110477382902,0.0,0.0,0.0,0.0,0.0,0.0
15,155,1.4924331394299006,4.428917288129274,0.0,1.0,0.0,1.0,0.0,1.0
16,155,4.722778162691948,8.129414156795187,0.0,0.0,1.0,1.0,1.0,1.0
17,155,8.766154524209824,6.6901091946073,1.0,0.0,0.0,0.0,1.0,0.0
18,155,3.7466696746797727,4.616590562840026,0.0,0.0,0.0,1.0,1.0,1.0
19,155,1.4553414923633028,0.0,0.0,1.0,1.0,0.0,0.0,0.0
0,160,1.3030480109265845,3.077599267648484,0.0,0.0,1.0,0.0,1.0,1.0
1,160,2.130420220131521,6.284367475843424,1.0,0.0,1.0,0.0,1.0,0.0
2,160,6.603561100052505,10.256940145369308,0.0,0.0,1.0,0.0,0.0,0.0
3,160,0.9976167748302688,9.050372960577894,0.0,1.0,1.0,1.0,1.0,0.0
4,160,0.3144101031274327,0.0,1.0,1.0,0.0,0.0,0.0,0.0
5,160,9.275456135108056,0.52614846151602,0.0,0.0,1.0,1.0,1.0,1.0
6,160,2.9231899545354185,11.213273144328648,0.0,0.0,0.0,1.0,1.0,0.0
7,160,9.954189065620469,8.041240752157899,0.0,0.0,0.0,1.0,1.0,0.0
8,160,11.098689773851326,9.457889162771504,0.0,0.0,0.0,1.0,0.0,0.0
9,160,2.758036142205127,0.0,1.0,1.0,1.0,1.0,0.0,1.0
10,160,8.853757521409783,6.593302423832731,0.0,1.0,0.0,1.0,0.0,0.0
11,160,12.0,6.038786831100071,1.0,0.0,0.0,1.0,0.0,0.0
12,160,4.2870423407190925,1.5099220638192512,1.0,0.0,0.0,0.0,1.0,0.0
13,160,8.970252261643699,5.070013535764138,0.0,0.0,0.0,0.0,0.0,0.0
14,160,6.261208422071432,8.428983020691827,0.0,0.0,0.0,0.0,0.0,0.0
15,160,1.5036836894355083,4.303693019055151,0.0,1.0,0.0,1.0,0.0,1.0
16,160,4.744906341714607,8.063681577041653,0.0,0.0,1.0,1.0,1.0,1.0
17,160,8.79211251851937,6.73245842521686,1.0,0.0,0.0,0.0,1.0,0.0
18,160,3.728678997642981,4.639868945575674,0.0,0.0,0.0,1.0,1.0,1.0
19,160,1.4074989969168432,0.0,0.0,1.0,1.0,0.0,0.0,0.0
0,165,1.3154458262448765,3.079874293490698,0.0,0.0,1.0,0.0,1.0,1.0
1,165,2.151485984714089,6.290698666543163,1.0,0.0,1.0,0.0,1.0,0.0
2,165,6.635378251567332,10.382069745345458,0.0,0.0,1.0,0.0,0.0,0.0
3,165,0.97492341707149,9.0863642607536,0.0,1.0,1.0,1.0,1.0,0.0
4,165,0.3135276298598688,0.0,1.0,1.0,0.0,0.0,0.0,0.0
5,165,9.297766105772352,0.4913353036559013,0.0,0.0,1.0,1.0,1.0,1.0
6,165,2.9784174056413333,11.2343526882305,0.0,0.0,0.0,1.0,1.0,0.0
7,165,9.921060821123069,8.071707731428964,0.0,0.0,0.0,1.0,1.0,0.0
8,165,11.044176703470796,9.42335324571757,0.0,0.0,0.0,1.0,0.0,0.0
9,165,2.824816817870328,0.0,1.0,1.0,1.0,1.0,0.0,1.0
10,165,8.843042134748332,6.599569926124068,0.0,1.0,0.0,1.0,0.0,0.0
11,165,12.0,6.015896696509558,1.0,0.0,0.0,1.0,0.0,0.0
12,165,4.334368703562658,1.5615814948258766,1.0,0.0,0.0,0.0,1.0,0.0
13,165,9.024272507211911,5.021410813597691,0.0,0.0,0.0,0.0,0.0,0.0
14,165,6.160248639863273,8.510454927312772,0.0,0.0,0.0,0.0,0.0,0.0
15,165,1.5160082836380018,4.1767688441727895,0.0,1.0,0.0,1.0,0.0,1.0
16,165,4.768369021774268,7.99366021834162,0.0,0.0,1.0,1.0,1.0,1.0
17,165,8.823653097585698,6.783971890466641,1.0,0.0,0.0,0.0,1.0,0.0
18,165,3.707422823561297,4.667802437331398,0.0,0.0,0.0,1.0,1.0,1.0
19,165,1.3575371030865588,0.0,0.0,1.0,1.0,0.0,0.0,0.0
0,170,1.3480912909939118,3.0860428826241204,0.0,0.0,1.0,0.0,1.0,1.0
1,170,2.16605495365726,6.295220556778432,1.0,0.0,1.0,0.0,1.0,0.0
2,170,6.664636208847091,10.506362180317746,0.0,0.0,1.0,0.0,0.0,0.0
3,170,0.9489187949588944,9.128403570012308,0.0,1.0,1.0,1.0,1.0,0.0
4,170,0.3049116494086355,0.0,1.0,1.0,0.0,0.0,0.0,0.0
5,170,9.313740075952849,0.4648083926219517,0.0,0.0,1.0,1.0,1.0,1.0
6,170,3.035108837186559,11.256384355501254,0.0,0.0,0.0,1.0,1.0,0.0
7,170,9.89699977098221,8.09329237987237,0.0,0.0,0.0,1.0,1.0,0.0
8,170,10.99423289981575,9.393630259154593,0.0,0.0,0.0,1.0,0.0,0.0
9,170,2.9006314702602114,0.0,1.0,1.0,1.0,1.0,0.0,1.0
10,170,8.843530368839449,6.599291435607628,0.0,1.0,0.0,1.0,0.0,0.0
11,170,12.0,5.994411315373892,1.0,0.0,0.0,1.0,0.0,0.0
12,170,4.369417102793113,1.599625784011676,1.0,0.0,0.0,0.0,1.0,0.0
13,170,9.088334042908436,4.960451104269953,0.0,0.0,0.0,0.0,0.0,0.0
14,170,6.057391076226602,8.593203892836254,0.0,0.0,0.0,0.0,0.0,0.0
15,170,1.5280031316363325,4.054364978708915,0.0,1.0,0.0,1.0,0.0,1.0
16,170,4.788366704633785,7.930586431172973,0.0,0.0,1.0,1.0,1.0,1.0
17,170,8.848355421311098,6.825132278434495,1.0,0.0,0.0,0.0,1.0,0.0
18,170,3.6831666950525705,4.70138977204051,0.0,0.0,0.0,1.0,1.0,1.0
19,170,1.301363500057465,0.0,0.0,1.0,1.0,0.0,0.0,0.0
0,175,1.3899313580680397,3.094514537738048,0.0,0.0,1.0,0.0,1.0,1.0
1,175,2.1885344441652594,6.302965864467454,1.0,0.0,1.0,0.0,1.0,0.0
2,175,6.686459903353748,10.59993842739353,0.0,0.0,1.0,0.0,0.0,0.0
3,175,0.9212537990162052,9.172736471175662,0.0,1.0,1.0,1.0,1.0,0.0
4,175,0.285528972113773,0.0,1.0,1.0,0.0,0.0,0.0,0.0
5,175,9.329038304433295,0.4381305205459009,0.0,0.0,1.0,1.0,1.0,1.0
6,175,3.089056393087544,11.277473066980573,0.0,0.0,0.0,1.0,1.0,0.0
7,175,9.883147252095233,8.105937394592493,0.0,0.0,0.0,1.0,1.0,0.0
8,175,10.973862975722891,9.380559813564473,0.0,0.0,0.0,1.0,0.0,0.0
9,175,2.979970678447879,0.0,1.0,1.0,1.0,1.0,0.0,1.0
10,175,8.831298820822413,6.606329936550878,0.0,1.0,0.0,1.0,0.0,0.0
11,175,12.0,5.960756673761934,1.0,0.0,0.0,1.0,0.0,0.0
12,175,4.410679860784538,1.6417673139578317,1.0,0.0,0.0,0.0,1.0,0.0
13,175,9.148958559146555,4.903473805091614,0.0,0.0,0.0,0.0,0.0,0.0
14,175,5.934159255382956,8.694017535898869,0.0,0.0,0.0,0.0,0.0,0.0
15,175,1.5412120412958128,3.933460579805272,0.0,1.0,0.0,1.0,0.0,1.0
16,175,4.811205887198053,7.853614739110345,0.0,0.0,1.0,1.0,1.0,1.0
17,175,8.87722873294595,6.875653141411288,1.0,0.0,0.0,0.0,1.0,0.0
18,175,3.666605150397309,4.724561752399496,0.0,0.0,0.0,1.0,1.0,1.0
19,175,1.2440977257033023,0.0,0.0,1.0,1.0,0.0,0.0,0.0
0,180,1.4119261984386735,3.099270205787473,0.0,0.0,1.0,0.0,1.0,1.0
1,180,2.204208524582809,6.308246458709089,1.0,0.0,1.0,0.0,1.0,0.0
2,180,6.714702095056118,10.712002597666627,0.0,0.0,1.0,0.0,0.0,0.0
3,180,0.888294550789793,9.225707850343618,0.0,1.0,1.0,1.0,1.0,0.0
4,180,0.2623268661057125,0.0,1.0,1.0,0.0,0.0,0.0,0.0
5,180,9.341046553747658,0.4174399769258392,0.0,0.0,1.0,1.0,1.0,1.0
6,180,3.1595317838172625,11.302438477963175,0.0,0.0,0.0,1.0,1.0,0.0
7,180,9.855374883688423,8.132422345285581,0.0,0.0,0.0,1.0,1.0,0.0
8,180,10.962101632482351,9.37300291676885,0.0,0.0,0.0,1.0,0.0,0.0
9,180,3.0822492192581605,0.0,1.0,1.0,1.0,1.0,0.0,1.0
10,180,8.801629778939672,6.6226611636561055,0.0,1.0,0.0,1.0,0.0,0.0
11,180,12.0,5.947193318316166,1.0,0.0,0.0,1.0,0.0,0.0
12,180,4.462929939943981,1.69615619277555,1.0,0.0,0.0,0.0,1.0,0.0
13,180,9.192242212215511,4.863224847831186,0.0,0.0,0.0,0.0,0.0,0.0
14,180,5.797556329097782,8.81532029492705,0.0,0.0,0.0,0.0,0.0,0.0
15,180,1.5564193218221638,3.819360106904413,0.0,1.0,0.0,1.0,0.0,1.0
16,180,4.8360316858104,7.770807374570007,0.0,0.0,1.0,1.0,1.0,1.0
17,180,8.906842499234525,6.927281294044394,1.0,0.0,0.0,0.0,1.0,0.0
18,180,3.6433319725523337,4.756874533731592,0.0,0.0,0.0,1.0,1.0,1.0
19,180,1.1841131920064838,0.0,0.0,1.0,1.0,0.0,0.0,0.0
0,185,1.4670570821700808,3.113359550385255,0.0,0.0,1.0,0.0,1.0,1.0
1,185,2.2189757115373623,6.312742137302021,1.0,0.0,1.0,0.0,1.0,0.0
2,185,6.743369996271255,10.825135789910403,0.0,0.0,1.0,0.0,0.0,0.0
3,185,0.8514910990541631,9.286264322401683,0.0,1.0,1.0,1.0,1.0,0.0
4,185,0.2379829959082342,0.0,1.0,1.0,0.0,0.0,0.0,0.0
5,185,9.35524939777137,0.3952102315889766,0.0,0.0,1.0,1.0,1.0,1.0
6,185,3.2394218470105534,11.330359446011224,0.0,0.0,0.0,1.0,1.0,0.0
7,185,9.83743799666486,8.149825954251856,0.0,0.0,0.0,1.0,1.0,0.0
8,185,10.96041029582574,9.371921042439924,0.0,0.0,0.0,1.0,0.0,0.0
9,185,3.182898786243598,0.0,1.0,1.0,1.0,1.0,0.0,1.0
10,185,8.769233469810645,6.641920645448617,0.0,1.0,0.0,1.0,0.0,0.0
11,185,12.0,5.93058545833643,1.0,0.0,0.0,1.0,0.0,0.0
12,185,4.514179704483122,1.7476247728156025,1.0,0.0,0.0,0.0,1.0,0.0
13,185,9.23489539313545,4.824596855409764,0.0,0.0,0.0,0.0,0.0,0.0
14,185,5.653573074236473,8.948333957214057,0.0,0.0,0.0,0.0,0.0,0.0
15,185,1.5740037996448872,3.6889257348452458,0.0,1.0,0.0,1.0,0.0,1.0
16,185,4.863257764966035,7.676514395392995,0.0,0.0,1.0,1.0,1.0,1.0
17,185,8.925257852721803,6.956736178382879,1.0,0.0,0.0,0.0,1.0,0.0
18,185,3.624427368307197,4.784793231433045,0.0,0.0,0.0,1.0,1.0,1.0
19,185,1.1252253334978106,0.0,0.0,1.0,1.0,0.0,0.0,0.0
0,190,1.5361864917006327,3.132454453093233,0.0,0.0,1.0,0.0,1.0,1.0
1,190,2.2302030185127104,6.316088858691206,1.0,0.0,1.0,0.0,1.0,0.0
2,190,6.771102010489213,10.947053518744545,0.0,0.0,1.0,0.0,0.0,0.0
3,190,0.8110109046192396,9.351561752537249,0.0,1.0,1.0,1.0,1.0,0.0
4,190,0.2189536812627611,0.0,1.0,1.0,0.0,0.0,0.0,0.0
5,190,9.360024500054848,0.3874779450296376,0.0,0.0,1.0,1.0,1.0,1.0
6,190,3.299908787752924,11.353189044474792,0.0,0.0,0.0,1.0,1.0,0.0
7,190,9.832943555022409,8.154038672828,0.0,0.0,0.0,1.0,1.0,0.0
8,190,10.945530992236046,9.362793457270076,0.0,0.0,0.0,1.0,0.0,0.0
9,190,3.272873082686998,0.0,1.0,1.0,1.0,1.0,0.0,1.0
10,190,8.73748699981575,6.660707270947471,0.0,1.0,0.0,1.0,0.0,0.0
11,190,12.0,5.921370603499628,1.0,0.0,0.0,1.0,0.0,0.0
12,190,4.556682324480569,1.7914441049016747,1.0,0.0,0.0,0.0,1.0,0.0
13,190,9.283950998298312,4.7801792055742895,0.0,0.0,0.0,0.0,0.0,0.0
14,190,5.508682002347712,9.081359853082766,0.0,0.0,0.0,0.0,0.0,0.0
15,190,1.5906925917413643,3.5657494823804305,0.0,1.0,0.0,1.0,0.0,1.0
16,190,4.883972018238634,7.595317231698599,0.0,0.0,1.0,1.0,1.0,1.0
17,190,8.944815175029218,6.987665847561734,1.0,0.0,0.0,0.0,1.0,0.0
18,190,3.615827654436613,4.797311669043449,0.0,0.0,0.0,1.0,1.0,1.0
19,190,1.0697600146783224,0.0,0.0,1.0,1.0,0.0,0.0,0.0
0,195,1.5991739691253333,3.1493911679614235,0.0,0.0,1.0,0.0,1.0,1.0
1,195,2.2404065295961217,6.319313226204706,1.0,0.0,1.0,0.0,1.0,0.0
2,195,6.7983668128203325,11.080417278038189,0.0,0.0,1.0,0.0,0.0,0.0
3,195,0.7684640260326274,9.417317890791695,0.0,1.0,1.0,1.0,1.0,0.0
4,195,0.1963142818111596,0.0,1.0,1.0,0.0,0.0,0.0,0.0
5,195,9.363723435684928,0.3814148478156116,0.0,0.0,1.0,1.0,1.0,1.0
6,195,3.348346441364705,11.370417564498682,0.0,0.0,0.0,1.0,1.0,0.0
7,195,9.826883514629731,8.159877939804172,0.0,0.0,0.0,1.0,1.0,0.0
8,195,10.923344067455089,9.348114476631036,0.0,0.0,0.0,1.0,0.0,0.0
9,195,3.3684643076210543,0.0,1.0,1.0,1.0,1.0,0.0,1.0
10,195,8.691458251120025,6.687894880969475,0.0,1.0,0.0,1.0,0.0,0.0
11,195,12.0,5.904865724637959,1.0,0.0,0.0,1.0,0.0,0.0
12,195,4.595844122854924,1.833844246969527,1.0,0.0,0.0,0.0,1.0,0.0
13,195,9.34157074237045,4.726941393774284,0.0,0.0,0.0,0.0,0.0,0.0
14,195,5.366646830176042,9.213699323120716,0.0,0.0,0.0,0.0,0.0,0.0
15,195,1.6103407680354247,3.440448259651199,0.0,1.0,0.0,1.0,0.0,1.0
16,195,4.905064562874096,7.51525141748591,0.0,0.0,1.0,1.0,1.0,1.0
17,195,8.965166803922648,7.019906727964323,1.0,0.0,0.0,0.0,1.0,0.0
18,195,3.6066612418025024,4.810978049210446,0.0,0.0,0.0,1.0,1.0,1.0
19,195,1.024680984958013,0.0,0.0,1.0,1.0,0.0,0.0,0.0
0,200,1.6747830395546397,3.16906295744281,0.0,0.0,1.0,0.0,1.0,1.0
1,200,2.2605956473992634,6.326160444564508,1.0,0.0,1.0,0.0,1.0,0.0
2,200,6.825904168897462,11.207150185338175,0.0,0.0,1.0,0.0,0.0,0.0
3,200,0.7253673204949742,9.484361113353104,0.0,1.0,1.0,1.0,1.0,0.0
4,200,0.1688711728581481,0.0,1.0,1.0,0.0,0.0,0.0,0.0
5,200,9.372823431773671,0.3665553936282381,0.0,0.0,1.0,1.0,1.0,1.0
6,200,3.405125618673972,11.389897555669828,0.0,0.0,0.0,1.0,1.0,0.0
7,200,9.803933235345768,8.181657285227297,0.0,0.0,0.0,1.0,1.0,0.0
8,200,10.903071317666589,9.379482383179832,0.0,0.0,0.0,1.0,0.0,0.0
9,200,3.474676442867014,0.0,1.0,1.0,1.0,1.0,0.0,1.0
10,200,8.6437214970024,6.715843207524707,0.0,1.0,0.0,1.0,0.0,0.0
11,200,12.0,5.888753608120665,1.0,0.0,0.0,1.0,0.0,0.0
12,200,4.626153150847418,1.8667006431261768,1.0,0.0,0.0,0.0,1.0,0.0
13,200,9.41920078647567,4.659354173820716,0.0,0.0,0.0,0.0,0.0,0.0
14,200,5.235963887470489,9.333378365408176,0.0,0.0,0.0,0.0,0.0,0.0
15,200,1.6292882364907924,3.3297391331217527,0.0,1.0,0.0,1.0,0.0,1.0
16,200,4.91868340455213,7.461195664368858,0.0,0.0,1.0,1.0,1.0,1.0
17,200,8.978566753946728,7.04167771992257,1.0,0.0,0.0,0.0,1.0,0.0
18,200,3.5863051493267464,4.841560187720295,0.0,0.0,0.0,1.0,1.0,1.0
19,200,0.985108081316035,0.0,0.0,1.0,1.0,0.0,0.0,0.0
0,205,1.7363654459223266,3.183540867183109,0.0,0.0,1.0,0.0,1.0,1.0
1,205,2.284279492876158,6.334463445649559,1.0,0.0,1.0,0.0,1.0,0.0
2,205,6.85673317309024,11.339883737290002,0.0,0.0,1.0,0.0,0.0,0.0
3,205,0.6880636041773462,9.54196552619312,0.0,1.0,1.0,1.0,1.0,0.0
4,205,0.1382219975605295,0.0,1.0,1.0,0.0,0.0,0.0,0.0
5,205,9.380901938372949,0.3534706504012431,0.0,0.0,1.0,1.0,1.0,1.0
6,205,3.458108984926502,11.408258141195542,0.0,0.0,0.0,1.0,1.0,0.0
7,205,9.771136318738629,8.214053240218181,0.0,0.0,0.0,1.0,1.0,0.0
8,205,10.879343082049182,9.417617398151128,0.0,0.0,0.0,1.0,0.0,0.0
9,205,3.588913772780943,0.0,1.0,1.0,1.0,1.0,0.0,1.0
10,205,8.610823793760014,6.734299259958199,0.0,1.0,0.0,1.0,0.0,0.0
11,205,12.0,5.87216352470998,1.0,0.0,0.0,1.0,0.0,0.0
12,205,4.652344065082391,1.8969743725388315,1.0,0.0,0.0,0.0,1.0,0.0
13,205,9.490747084190248,4.597942495444684,0.0,0.0,0.0,0.0,0.0,0.0
14,205,5.106620855314574,9.451494505075186,0.0,0.0,0.0,0.0,0.0,0.0
15,205,1.648957694909169,3.2137037102504933,0.0,1.0,0.0,1.0,0.0,1.0
16,205,4.931219374205488,7.413318069024308,0.0,0.0,1.0,1.0,1.0,1.0
17,205,8.992995864001909,7.064801423330558,1.0,0.0,0.0,0.0,1.0,0.0
18,205,3.56323658923985,4.8749181180322125,0.0,0.0,0.0,1.0,1.0,1.0
19,205,0.94067287260597,0.0,0.0,1.0,1.0,0.0,0.0,0.0
0,210,1.8195089134593825,3.202649513230633,0.0,0.0,1.0,0.0,1.0,1.0
1,210,2.3092343328850946,6.343548801328743,1.0,0.0,1.0,0.0,1.0,0.0
2,210,6.8853867612602455,11.468497742438093,0.0,0.0,1.0,0.0,0.0,0.0
3,210,0.6570988064865115,9.592784234038392,0.0,1.0,1.0,1.0,1.0,0.0
4,210,0.1127271010651331,0.0,1.0,1.0,0.0,0.0,0.0,0.0
5,210,9.39279206767825,0.3345670790445893,0.0,0.0,1.0,1.0,1.0,1.0
6,210,3.511906197902926,11.42596573744686,0.0,0.0,0.0,1.0,1.0,0.0
7,210,9.7355138233266,8.24882627666569,0.0,0.0,0.0,1.0,1.0,0.0
8,210,10.868903591491591,9.434655932644077,0.0,0.0,0.0,1.0,0.0,0.0
9,210,3.696825580677882,0.0,1.0,1.0,1.0,1.0,0.0,1.0
10,210,8.584358105255456,6.749598430197157,0.0,1.0,0.0,1.0,0.0,0.0
11,210,12.0,5.867908417237714,1.0,0.0,0.0,1.0,0.0,0.0
12,210,4.672642445482077,1.91923555140858,1.0,0.0,0.0,0.0,1.0,0.0
13,210,9.570707347971256,4.527804816150514,0.0,0.0,0.0,0.0,0.0,0.0
14,210,4.979011081833292,9.577204528030649,0.0,0.0,0.0,0.0,0.0,0.0
15,210,1.6695489666860428,3.090825654872877,0.0,1.0,0.0,1.0,0.0,1.0
16,210,4.934886521941936,7.397839967651824,0.0,0.0,1.0,1.0,1.0,1.0
17,210,9.00470809408892,7.083568018106358,1.0,0.0,0.0,0.0,1.0,0.0
18,210,3.537662695461992,4.914028083139693,0.0,0.0,0.0,1.0,1.0,1.0
19,210,0.8967708429747784,0.0,0.0,1.0,1.0,0.0,0.0,0.0
0,215,1.9100058891635692,3.2246140736906543,0.0,0.0,1.0,0.0,1.0,1.0
1,215,2.3152309176057737,6.345801618340752,1.0,0.0,1.0,0.0,1.0,0.0
2,215,6.913417398614428,11.6053772972426,0.0,0.0,1.0,0.0,0.0,0.0
3,215,0.6226056442604518,9.651684440376853,0.0,1.0,1.0,1.0,1.0,0.0
4,215,0.0891752771738266,0.0,1.0,1.0,0.0,0.0,0.0,0.0
5,215,9.404904796163928,0.3154041666183413,0.0,0.0,1.0,1.0,1.0,1.0
6,215,3.5540875296361123,11.440325553559422,0.0,0.0,0.0,1.0,1.0,0.0
7,215,9.69292419067492,8.288950560778332,0.0,0.0,0.0,1.0,1.0,0.0
8,215,10.86629072404349,9.438902483194546,0.0,0.0,0.0,1.0,0.0,0.0
9,215,3.798693457938554,0.0,1.0,1.0,1.0,1.0,0.0,1.0
10,215,8.576274316858017,6.75446199591694,0.0,1.0,0.0,1.0,0.0,0.0
11,215,12.0,5.843293218786407,1.0,0.0,0.0,1.0,0.0,0.0
12,215,4.68372524883423,1.931628410500118,1.0,0.0,0.0,0.0,1.0,0.0
13,215,9.62923504429324,4.477653678125752,0.0,0.0,0.0,0.0,0.0,0.0
14,215,4.855889612883395,9.692693634191938,0.0,0.0,0.0,0.0,0.0,0.0
15,215,1.6895624842333707,2.9547406492885537,0.0,1.0,0.0,1.0,0.0,1.0
16,215,4.935268011991222,7.396145004866418,0.0,0.0,1.0,1.0,1.0,1.0
17,215,9.01791699498716,7.1042622932375314,1.0,0.0,0.0,0.0,1.0,0.0
18,215,3.58893222258567,4.946366626794693,0.0,0.0,0.0,1.0,1.0,1.0
19,215,0.8520542499464545,0.0,0.0,1.0,1.0,0.0,0.0,0.0
0,220,1.998737217100608,3.246612485745593,0.0,0.0,1.0,0.0,1.0,1.0
1,220,2.322633711490134,6.348639967792366,1.0,0.0,1.0,0.0,1.0,0.0
2,220,6.938805702037609,11.751125208474972,0.0,0.0,1.0,0.0,0.0,0.0
3,220,0.5803071829719846,9.72327589824412,0.0,1.0,1.0,1.0,1.0,0.0
4,220,0.0695864811391518,0.0,1.0,1.0,0.0,0.0,0.0,0.0
5,220,9.4232809079428,0.2848672621346637,0.0,0.0,1.0,1.0,1.0,1.0
6,220,3.5855788904451456,11.450431422416472,0.0,0.0,0.0,1.0,1.0,0.0
7,220,9.657294314223204,8.322464309027982,0.0,0.0,0.0,1.0,1.0,0.0
8,220,10.87704840168876,9.422261510205727,0.0,0.0,0.0,1.0,0.0,0.0
9,220,3.896491573570454,0.0,1.0,1.0,1.0,1.0,0.0,1.0
10,220,8.564380753457838,6.76154036585304,0.0,1.0,0.0,1.0,0.0,0.0
11,220,12.0,5.840922643305878,1.0,0.0,0.0,1.0,0.0,0.0
12,220,4.693408440472827,1.94164945944263,1.0,0.0,0.0,0.0,1.0,0.0
13,220,9.670292523307602,4.440949074555694,0.0,0.0,0.0,0.0,0.0,0.0
14,220,4.726465242911396,9.81237867310928,0.0,0.0,0.0,0.0,0.0,0.0
15,220,1.7102057746873998,2.8166994644701617,0.0,1.0,0.0,1.0,0.0,1.0
16,220,4.936054897513537,7.393147280861071,0.0,0.0,1.0,1.0,1.0,1.0
17,220,9.021509399245836,7.109812849605149,1.0,0.0,0.0,0.0,1.0,0.0
18,220,3.64813214213167,4.984533078504686,0.0,0.0,0.0,1.0,1.0,1.0
19,220,0.8088377111173863,0.0,0.0,1.0,1.0,0.0,0.0,0.0
0,225,2.1015822080211075,3.272966032000918,0.0,0.0,1.0,0.0,1.0,1.0
1,225,2.3365709861638364,6.353838835797216,1.0,0.0,1.0,0.0,1.0,0.0
2,225,6.964101098059746,11.890814829691497,0.0,0.0,1.0,0.0,0.0,0.0
3,225,0.5350458289979748,9.79820241415715,0.0,1.0,1.0,1.0,1.0,0.0
4,225,0.0505354319430435,0.0,1.0,1.0,0.0,0.0,0.0,0.0
5,225,9.432591348184786,0.2699557684229246,0.0,0.0,1.0,1.0,1.0,1.0
6,225,3.6076868229235246,11.456873123261667,0.0,0.0,0.0,1.0,1.0,0.0
7,225,9.628713409200625,8.34893996963834,0.0,0.0,0.0,1.0,1.0,0.0
8,225,10.882677084517764,9.413359828248764,0.0,0.0,0.0,1.0,0.0,0.0
9,225,3.999101055305737,0.0,1.0,1.0,1.0,1.0,0.0,1.0
10,225,8.54808350670163,6.771504438910776,0.0,1.0,0.0,1.0,0.0,0.0
11,225,12.0,5.825627460270199,1.0,0.0,0.0,1.0,0.0,0.0
12,225,4.705672497466811,1.9539104291014908,1.0,0.0,0.0,0.0,1.0,0.0
13,225,9.713354123059425,4.401940869351881,0.0,0.0,0.0,0.0,0.0,0.0
14,225,4.601394843128286,9.926011963641711,0.0,0.0,0.0,0.0,0.0,0.0
15,225,1.7290762047582258,2.6864028020093347,0.0,1.0,0.0,1.0,0.0,1.0
16,225,4.934033634840422,7.401402632424953,0.0,0.0,1.0,1.0,1.0,1.0
17,225,9.02160695480644,7.109965439316401,1.0,0.0,0.0,0.0,1.0,0.0
18,225,3.6932567734773936,5.015215348956327,0.0,0.0,0.0,1.0,1.0,1.0
19,225,0.7711673971406477,0.0,0.0,1.0,1.0,0.0,0.0,0.0
0,230,2.1913128504675226,3.292303367152439,0.0,0.0,1.0,0.0,1.0,1.0
1,230,2.341812166825173,6.355769777389679,1.0,0.0,1.0,0.0,1.0,0.0
2,230,6.994245425448994,12.0,0.0,0.0,1.0,0.0,0.0,0.0
3,230,0.4931191359151853,9.868522706300826,0.0,1.0,1.0,1.0,1.0,0.0
4,230,0.0253749500496878,0.0,1.0,1.0,0.0,0.0,0.0,0.0
5,230,9.433710651287292,0.2680375855925104,0.0,0.0,1.0,1.0,1.0,1.0
6,230,3.627064451062729,11.462764094271824,0.0,0.0,0.0,1.0,1.0,0.0
7,230,9.581448222793144,8.393346847563127,0.0,0.0,0.0,1.0,1.0,0.0
8,230,10.89182546476638,9.399371102375856,0.0,0.0,0.0,1.0,0.0,0.0
9,230,4.098088169492676,0.0,1.0,1.0,1.0,1.0,0.0,1.0
10,230,8.512328693408358,6.793586046744894,0.0,1.0,0.0,1.0,0.0,0.0
11,230,12.0,5.8209668769515766,1.0,0.0,0.0,1.0,0.0,0.0
12,230,4.715513187666504,1.963852882022188,1.0,0.0,0.0,0.0,1.0,0.0
13,230,9.757539295065795,4.363108610337723,0.0,0.0,0.0,0.0,0.0,0.0
14,230,4.493323599639097,10.024226856352922,0.0,0.0,0.0,0.0,0.0,0.0
15,230,1.7473454811273723,2.576562863507692,0.0,1.0,0.0,1.0,0.0,1.0
16,230,4.933902876082103,7.401964410104494,0.0,0.0,1.0,1.0,1.0,1.0
17,230,9.019341543295132,7.106406529724744,1.0,0.0,0.0,0.0,1.0,0.0
18,230,3.717265838413556,4.97927984967007,0.0,0.0,0.0,1.0,1.0,1.0
19,230,0.7333187653078328,0.0,0.0,1.0,1.0,0.0,0.0,0.0
0,235,2.2843234182824497,3.311727486075008,0.0,0.0,1.0,0.0,1.0,1.0
1,235,2.3544420116627296,6.360412333824412,1.0,0.0,1.0,0.0,1.0,0.0
2,235,7.023987698552627,12.0,0.0,0.0,1.0,0.0,0.0,0.0
3,235,0.4509683039922915,9.941561677995464,0.0,1.0,1.0,1.0,1.0,0.0
4,235,0.0005287932709094,0.0,1.0,1.0,0.0,0.0,0.0,0.0
5,235,9.431642779425466,0.2716560081770118,0.0,0.0,1.0,1.0,1.0,1.0
6,235,3.643799587717242,11.468484741480584,0.0,0.0,0.0,1.0,1.0,0.0
7,235,9.522655440839388,8.449705761229815,0.0,0.0,0.0,1.0,1.0,0.0
8,235,10.901309028236916,9.384907889580536,0.0,0.0,0.0,1.0,0.0,0.0
9,235,4.192586738388358,0.0,1.0,1.0,1.0,1.0,0.0,1.0
10,235,8.478340446632291,6.814558835394136,0.0,1.0,0.0,1.0,0.0,0.0
11,235,12.0,5.81897702662259,1.0,0.0,0.0,1.0,0.0,0.0
12,235,4.727237737086966,1.9760450191320955,1.0,0.0,0.0,0.0,1.0,0.0
13,235,9.802624376252629,4.3218794240785545,0.0,0.0,0.0,0.0,0.0,0.0
14,235,4.389870021633747,10.119872878030955,0.0,0.0,0.0,0.0,0.0,0.0
15,235,1.7662759562361414,2.4679716808459604,0.0,1.0,0.0,1.0,0.0,1.0
16,235,4.935828331989621,7.39459345075603,0.0,0.0,1.0,1.0,1.0,1.0
17,235,9.015342691589543,7.099943183738477,1.0,0.0,0.0,0.0,1.0,0.0
18,235,3.728011720891152,4.96296339314834,0.0,0.0,0.0,1.0,1.0,1.0
19,235,0.6836564256405046,0.0,0.0,1.0,1.0,0.0,0.0,0.0
0,240,2.383655506215955,3.331856233400488,0.0,0.0,1.0,0.0,1.0,1.0
1,240,2.367992653583476,6.365486405971025,1.0,0.0,1.0,0.0,1.0,0.0
2,240,7.05640630374396,12.0,0.0,0.0,1.0,0.0,0.0,0.0
3,240,0.4111147206984873,10.017129163444292,0.0,1.0,1.0,1.0,1.0,0.0
4,240,0.0,0.0,1.0,1.0,0.0,0.0,0.0,0.0
5,240,9.435127488831936,0.2655497973121912,0.0,0.0,1.0,1.0,1.0,1.0
6,240,3.689546865079,11.4844926303733,0.0,0.0,0.0,1.0,1.0,0.0
7,240,9.465224260177628,8.504733311780047,0.0,0.0,0.0,1.0,1.0,0.0
8,240,10.900196564825942,9.386657296926163,0.0,0.0,0.0,1.0,0.0,0.0
9,240,4.291517477543862,0.0,1.0,1.0,1.0,1.0,0.0,1.0
10,240,8.44512715492591,6.8361106812439605,0.0,1.0,0.0,1.0,0.0,0.0
11,240,12.0,5.8085204953401295,1.0,0.0,0.0,1.0,0.0,0.0
12,240,4.75531132601066,2.0059230061179414,1.0,0.0,0.0,0.0,1.0,0.0
13,240,9.83780978984536,4.289729832071746,0.0,0.0,0.0,0.0,0.0,0.0
14,240,4.271213731083182,10.232032338357682,0.0,0.0,0.0,0.0,0.0,0.0
15,240,1.7877382881173254,2.35488954087106,0.0,1.0,0.0,1.0,0.0,1.0
16,240,4.940254658551645,7.395708913879972,0.0,0.0,1.0,1.0,1.0,1.0
17,240,9.013399519352788,7.096784331807945,1.0,0.0,0.0,0.0,1.0,0.0
18,240,3.7316697262223455,4.9577137672477765,0.0,0.0,0.0,1.0,1.0,1.0
19,240,0.6415858905111743,0.0,0.0,1.0,1.0,0.0,0.0,0.0
0,245,2.4640609211952995,3.347497435746309,0.0,0.0,1.0,0.0,1.0,1.0
1,245,2.363035330530268,6.363776297629081,1.0,0.0,1.0,0.0,1.0,0.0
2,245,7.087261351827971,12.0,0.0,0.0,1.0,0.0,0.0,0.0
3,245,0.3704097155570516,10.093799002830288,0.0,1.0,1.0,1.0,1.0,0.0
4,245,0.0,0.0,1.0,1.0,0.0,0.0,0.0,0.0
5,245,9.443261204671968,0.2512258426069405,0.0,0.0,1.0,1.0,1.0,1.0
6,245,3.727984659662631,11.497769647223068,0.0,0.0,0.0,1.0,1.0,0.0
7,245,9.394135193508625,8.570578695737082,0.0,0.0,0.0,1.0,1.0,0.0
8,245,10.899236279174056,9.38816398857136,0.0,0.0,0.0,1.0,0.0,0.0
9,245,4.380134536704042,0.0,1.0,1.0,1.0,1.0,0.0,1.0
10,245,8.39982687955361,6.867044626554455,0.0,1.0,0.0,1.0,0.0,0.0
11,245,12.0,5.801936523047033,1.0,0.0,0.0,1.0,0.0,0.0
12,245,4.769947119910998,2.0220789230640324,1.0,0.0,0.0,0.0,1.0,0.0
13,245,9.867502812370429,4.263136896320612,0.0,0.0,0.0,0.0,0.0,0.0
14,245,4.14818546316558,10.35052697904456,0.0,0.0,0.0,0.0,0.0,0.0
15,245,1.8068053438121807,2.2441985854448903,0.0,1.0,0.0,1.0,0.0,1.0
16,245,4.943117401060223,7.396490006018553,0.0,0.0,1.0,1.0,1.0,1.0
17,245,9.009633400561912,7.0906709023083225,1.0,0.0,0.0,0.0,1.0,0.0
18,245,3.722520339395794,4.97124757469101,0.0,0.0,0.0,1.0,1.0,1.0
19,245,0.5917685515721123,0.0,0.0,1.0,1.0,0.0,0.0,0.0
0,250,2.5751900124525404,3.368851392354929,0.0,0.0,1.0,0.0,1.0,1.0
1,250,2.346197979842268,6.357892346373994,1.0,0.0,1.0,0.0,1.0,0.0
2,250,7.123724331468022,12.0,0.0,0.0,1.0,0.0,0.0,0.0
3,250,0.3415687435178658,10.14918036675466,0.0,1.0,1.0,1.0,1.0,0.0
4,250,0.0,0.0,1.0,1.0,0.0,0.0,0.0,0.0
5,250,9.44124999293964,0.2549732229656721,0.0,0.0,1.0,1.0,1.0,1.0
6,250,3.759499835487004,11.5085211462248,0.0,0.0,0.0,1.0,1.0,0.0
7,250,9.313545800572298,8.646964053270182,0.0,0.0,0.0,1.0,1.0,0.0
8,250,10.902491260287857,9.383330329669338,0.0,0.0,0.0,1.0,0.0,0.0
9,250,4.46983109404592,0.0,1.0,1.0,1.0,1.0,0.0,1.0
10,250,8.360830989106324,6.893640049210821,0.0,1.0,0.0,1.0,0.0,0.0
11,250,12.0,5.792858567185823,1.0,0.0,0.0,1.0,0.0,0.0
12,250,4.771059454676568,2.0233208209075646,1.0,0.0,0.0,0.0,1.0,0.0
13,250,9.886277915267891,4.246175436215229,0.0,0.0,0.0,0.0,0.0,0.0
14,250,4.025164733378632,10.470465552375664,0.0,0.0,0.0,0.0,0.0,0.0
15,250,1.8283505860699036,2.129266488584017,0.0,1.0,0.0,1.0,0.0,1.0
16,250,4.939642339588967,7.395484867903473,0.0,0.0,1.0,1.0,1.0,1.0
17,250,9.020419489297687,7.107248446776233,1.0,0.0,0.0,0.0,1.0,0.0
18,250,3.717562744423271,4.978402769137219,0.0,0.0,0.0,1.0,1.0,1.0
19,250,0.535171353039736,0.0,0.0,1.0,1.0,0.0,0.0,0.0
0,255,2.6912240008052493,3.389575828233638,0.0,0.0,1.0,0.0,1.0,1.0
1,255,2.3210899248774197,6.349183053329536,1.0,0.0,1.0,0.0,1.0,0.0
2,255,7.163822084929543,12.0,0.0,0.0,1.0,0.0,0.0,0.0
3,255,0.3187549575994001,10.192546614760866,0.0,1.0,1.0,1.0,1.0,0.0
4,255,0.0,0.0324440735822183,1.0,1.0,0.0,0.0,0.0,0.0
5,255,9.457093302695048,0.2273861881021939,0.0,0.0,1.0,1.0,1.0,1.0
6,255,3.78385120534477,11.516685006991857,0.0,0.0,0.0,1.0,1.0,0.0
7,255,9.21643467867439,8.736439821213153,0.0,0.0,0.0,1.0,1.0,0.0
8,255,10.89816837216184,9.38934278095392,0.0,0.0,0.0,1.0,0.0,0.0
9,255,4.573335806870329,0.0,1.0,1.0,1.0,1.0,0.0,1.0
10,255,8.33398088269581,6.9123401649353164,0.0,1.0,0.0,1.0,0.0,0.0
11,255,12.0,5.767531481734686,1.0,0.0,0.0,1.0,0.0,0.0
12,255,4.7854556948255045,2.039845738090682,1.0,0.0,0.0,0.0,1.0,0.0
13,255,9.91703067087242,4.215326372011891,0.0,0.0,0.0,0.0,0.0,0.0
14,255,3.873471079519948,10.609670116302675,0.0,0.0,0.0,0.0,0.0,0.0
15,255,1.8466848921535997,2.0135334563426177,0.0,1.0,0.0,1.0,0.0,1.0
16,255,4.941616381286598,7.396108926631957,0.0,0.0,1.0,1.0,1.0,1.0
17,255,9.035621911392834,7.13184053890091,1.0,0.0,0.0,0.0,1.0,0.0
18,255,3.707397489767683,4.993764899306968,0.0,0.0,0.0,1.0,1.0,1.0
19,255,0.4975844082901818,0.0,0.0,1.0,1.0,0.0,0.0,0.0
0,260,2.806750929148835,3.405255832120025,0.0,0.0,1.0,0.0,1.0,1.0
1,260,2.293365104072473,6.339133652285559,1.0,0.0,1.0,0.0,1.0,0.0
2,260,7.201774628716783,12.0,0.0,0.0,1.0,0.0,0.0,0.0
3,260,0.2823611910895796,10.261446625924837,0.0,1.0,1.0,1.0,1.0,0.0
4,260,0.0,0.0687340342058237,1.0,1.0,0.0,0.0,0.0,0.0
5,260,9.478443741126194,0.1906613409986441,0.0,0.0,1.0,1.0,1.0,1.0
6,260,3.812167785916104,11.527216664118914,0.0,0.0,0.0,1.0,1.0,0.0
7,260,9.12465746932033,8.821253241579457,0.0,0.0,0.0,1.0,1.0,0.0
8,260,10.895877453631238,9.392502910884184,0.0,0.0,0.0,1.0,0.0,0.0
9,260,4.67735664110298,0.0,1.0,1.0,1.0,1.0,0.0,1.0
10,260,8.311089429811421,6.927814339803912,0.0,1.0,0.0,1.0,0.0,0.0
11,260,12.0,5.747096194251884,1.0,0.0,0.0,1.0,0.0,0.0
12,260,4.805350582331512,2.022669523731108,1.0,0.0,0.0,0.0,1.0,0.0
13,260,9.946086645081456,4.187276059770037,0.0,0.0,0.0,0.0,0.0,0.0
14,260,3.730286681378385,10.74606148704718,0.0,0.0,0.0,0.0,0.0,0.0
15,260,1.8663204654400345,1.8916659955561783,0.0,1.0,0.0,1.0,0.0,1.0
16,260,4.945275439101461,7.397290256863971,0.0,0.0,1.0,1.0,1.0,1.0
17,260,9.044413584490565,7.145929118222529,1.0,0.0,0.0,0.0,1.0,0.0
18,260,3.696284671677151,5.009958146841219,0.0,0.0,0.0,1.0,1.0,1.0
19,260,0.4533227120814271,0.0,0.0,1.0,1.0,0.0,0.0,0.0
0,265,2.916731637881006,3.421756684333782,0.0,0.0,1.0,0.0,1.0,1.0
1,265,2.278776322168898,6.3333063606774935,1.0,0.0,1.0,0.0,1.0,0.0
2,265,7.235217172892463,12.0,0.0,0.0,1.0,0.0,0.0,0.0
3,265,0.2407302092794386,10.339872705861293,0.0,1.0,1.0,1.0,1.0,0.0
4,265,0.0,0.1106792149157478,1.0,1.0,0.0,0.0,0.0,0.0
5,265,9.505821918828264,0.1419485569575314,0.0,0.0,1.0,1.0,1.0,1.0
6,265,3.835640367205064,11.535584671930216,0.0,0.0,0.0,1.0,1.0,0.0
7,265,9.036962401523336,8.902364018304706,0.0,0.0,0.0,1.0,1.0,0.0
8,265,10.894252588309255,9.394542760875494,0.0,0.0,0.0,1.0,0.0,0.0
9,265,4.784563918475435,0.0,1.0,1.0,1.0,1.0,0.0,1.0
10,265,8.285877312560734,6.944057391276159,0.0,1.0,0.0,1.0,0.0,0.0
11,265,12.0,5.740925215394221,1.0,0.0,0.0,1.0,0.0,0.0
12,265,4.80891667055233,2.019764150767532,1.0,0.0,0.0,0.0,1.0,0.0
13,265,9.978617082473598,4.155029485276552,0.0,0.0,0.0,0.0,0.0,0.0
14,265,3.5994475031265845,10.86701060310462,0.0,0.0,0.0,0.0,0.0,0.0
15,265,1.8840334369353733,1.7683109435337052,0.0,1.0,0.0,1.0,0.0,1.0
16,265,4.949237146201723,7.398472705535844,0.0,0.0,1.0,1.0,1.0,1.0
17,265,9.056333469904486,7.164606225325074,1.0,0.0,0.0,0.0,1.0,0.0
18,265,3.687937903434927,5.022034454100418,0.0,0.0,0.0,1.0,1.0,1.0
19,265,0.4064919195809446,0.0,0.0,1.0,1.0,0.0,0.0,0.0
0,270,3.012132603494948,3.438130302437107,0.0,0.0,1.0,0.0,1.0,1.0
1,270,2.273138562789756,6.331067620215772,1.0,0.0,1.0,0.0,1.0,0.0
2,270,7.274582944892608,12.0,0.0,0.0,1.0,0.0,0.0,0.0
3,270,0.1988909228780496,10.41658246502671,0.0,1.0,1.0,1.0,1.0,0.0
4,270,0.0,0.1555795182581328,1.0,1.0,0.0,0.0,0.0,0.0
5,270,9.541144059395462,0.0757803561509092,0.0,0.0,1.0,1.0,1.0,1.0
6,270,3.85311104639028,11.541614647534043,0.0,0.0,0.0,1.0,1.0,0.0
7,270,8.944636515627101,8.98435344406871,0.0,0.0,0.0,1.0,1.0,0.0
8,270,10.889528770814572,9.400695962601905,0.0,0.0,0.0,1.0,0.0,0.0
9,270,4.875830171642368,0.0,1.0,1.0,1.0,1.0,0.0,1.0
10,270,8.271612927090693,6.952894406035795,0.0,1.0,0.0,1.0,0.0,0.0
11,270,12.0,5.739977894105519,1.0,0.0,0.0,1.0,0.0,0.0
12,270,4.8362762079177335,1.9980067330909803,1.0,0.0,0.0,0.0,1.0,0.0
13,270,9.990737470727964,4.142934458092185,0.0,0.0,0.0,0.0,0.0,0.0
14,270,3.472073528084519,10.985454550911223,0.0,0.0,0.0,0.0,0.0,0.0
15,270,1.9031602060094976,1.643495367698645,0.0,1.0,0.0,1.0,0.0,1.0
16,270,4.951199498422371,7.39906394908424,0.0,0.0,1.0,1.0,1.0,1.0
17,270,9.082780373524376,7.208015982446563,1.0,0.0,0.0,0.0,1.0,0.0
18,270,3.68341902115798,5.028693556514647,0.0,0.0,0.0,1.0,1.0,1.0
19,270,0.3541469766874733,0.0,0.0,1.0,1.0,0.0,0.0,0.0
0,275,3.106818754865141,3.452566209050369,0.0,0.0,1.0,0.0,1.0,1.0
1,275,2.280335374149365,6.334056972872105,1.0,0.0,1.0,0.0,1.0,0.0
2,275,7.308974602405591,12.0,0.0,0.0,1.0,0.0,0.0,0.0
3,275,0.1600183172357154,10.484916106913326,0.0,1.0,1.0,1.0,1.0,0.0
4,275,0.0,0.2038300300212303,1.0,1.0,0.0,0.0,0.0,0.0
5,275,9.577189028119818,0.0023309123443184,0.0,0.0,1.0,1.0,1.0,1.0
6,275,3.8688038510777423,11.547012982089926,0.0,0.0,0.0,1.0,1.0,0.0
7,275,8.85290175526302,9.064494940688787,0.0,0.0,0.0,1.0,1.0,0.0
8,275,10.87704282016004,9.417473411951333,0.0,0.0,0.0,1.0,0.0,0.0
9,275,4.968748552487497,0.0,1.0,1.0,1.0,1.0,0.0,1.0
10,275,8.258824119495836,6.932118707117746,0.0,1.0,0.0,1.0,0.0,0.0
11,275,12.0,5.719590993384339,1.0,0.0,0.0,1.0,0.0,0.0
12,275,4.858121190051142,1.981150712378395,1.0,0.0,0.0,0.0,1.0,0.0
13,275,9.998173323546576,4.135309283029261,0.0,0.0,0.0,0.0,0.0,0.0
14,275,3.332004657988266,11.120656641401723,0.0,0.0,0.0,0.0,0.0,0.0
15,275,1.9239037869422655,1.5088999315524585,0.0,1.0,0.0,1.0,0.0,1.0
16,275,4.963608089954263,7.402850522698323,0.0,0.0,1.0,1.0,1.0,1.0
17,275,9.123983100790449,7.279563057729986,1.0,0.0,0.0,0.0,1.0,0.0
18,275,3.687872610298839,5.0225387175972624,0.0,0.0,0.0,1.0,1.0,1.0
19,275,0.2974291314797433,0.0,0.0,1.0,1.0,0.0,0.0,0.0
0,280,3.2168400797390424,3.4674660654338614,0.0,0.0,1.0,0.0,1.0,1.0
1,280,2.2664350134248514,6.328398133454599,1.0,0.0,1.0,0.0,1.0,0.0
2,280,7.345870622218524,12.0,0.0,0.0,1.0,0.0,0.0,0.0
3,280,0.1316231168829465,10.533552873767055,0.0,1.0,1.0,1.0,1.0,0.0
4,280,0.0,0.2461970538930492,1.0,1.0,0.0,0.0,0.0,0.0
5,280,9.620524456548749,0.0,0.0,0.0,1.0,1.0,1.0,1.0
6,280,3.887984572914125,11.553490464751208,0.0,0.0,0.0,1.0,1.0,0.0
7,280,8.74990669814548,9.15342034524743,0.0,0.0,0.0,1.0,1.0,0.0
8,280,10.879754728893388,9.413812090389357,0.0,0.0,0.0,1.0,0.0,0.0
9,280,5.0633594738774335,0.0,1.0,1.0,1.0,1.0,0.0,1.0
10,280,8.252563461408268,6.921155669861665,0.0,1.0,0.0,1.0,0.0,0.0
11,280,12.0,5.692721294762654,1.0,0.0,0.0,1.0,0.0,0.0
12,280,4.870716814559696,1.9715735005841584,1.0,0.0,0.0,0.0,1.0,0.0
13,280,10.000361694562269,4.133004621772468,0.0,0.0,0.0,0.0,0.0,0.0
14,280,3.1829699979305164,11.259849722550417,0.0,0.0,0.0,0.0,0.0,0.0
15,280,1.9440610630108044,1.39079430704979,0.0,1.0,0.0,1.0,0.0,1.0
16,280,4.973179352236451,7.405933715867204,0.0,0.0,1.0,1.0,1.0,1.0
17,280,9.1736235863363,7.361374754309335,1.0,0.0,0.0,0.0,1.0,0.0
18,280,3.7019266278935743,5.002449037592001,0.0,0.0,0.0,1.0,1.0,1.0
19,280,0.2374582808840969,0.0,0.0,1.0,1.0,0.0,0.0,0.0
0,285,3.3228854481506493,3.4825677848630523,0.0,0.0,1.0,0.0,1.0,1.0
1,285,2.2487780143063056,6.3212273128205725,1.0,0.0,1.0,0.0,1.0,0.0
2,285,7.392858150727095,12.0,0.0,0.0,1.0,0.0,0.0,0.0
3,285,0.0918473291440172,10.60032279488809,0.0,1.0,1.0,1.0,1.0,0.0
4,285,0.0,0.285295851679813,1.0,1.0,0.0,0.0,0.0,0.0
5,285,9.667352913327996,0.0,0.0,0.0,1.0,1.0,1.0,1.0
6,285,3.907626942104916,11.559603033646292,0.0,0.0,0.0,1.0,1.0,0.0
7,285,8.637958016522346,9.256898543404697,0.0,0.0,0.0,1.0,1.0,0.0
8,285,10.87693867936806,9.417828832689956,0.0,0.0,0.0,1.0,0.0,0.0
9,285,5.146239978352776,0.0,1.0,1.0,1.0,1.0,0.0,1.0
10,285,8.247301271335196,6.912469176783212,0.0,1.0,0.0,1.0,0.0,0.0
11,285,12.0,5.641102375341246,1.0,0.0,0.0,1.0,0.0,0.0
12,285,4.895602289315796,1.9526652763732697,1.0,0.0,0.0,0.0,1.0,0.0
13,285,9.999308715847253,4.13422555311139,0.0,0.0,0.0,0.0,0.0,0.0
14,285,3.01992988355168,11.412496197871244,0.0,0.0,0.0,0.0,0.0,0.0
15,285,1.961875301052014,1.2885658584561437,0.0,1.0,0.0,1.0,0.0,1.0
16,285,4.97056700417865,7.405194894445485,0.0,0.0,1.0,1.0,1.0,1.0
17,285,9.219533372446676,7.435579470619877,1.0,0.0,0.0,0.0,1.0,0.0
18,285,3.713544764322896,4.986731561337651,0.0,0.0,0.0,1.0,1.0,1.0
19,285,0.1712214755172416,0.0,0.0,1.0,1.0,0.0,0.0,0.0
0,290,3.4342290895499694,3.499771463353989,0.0,0.0,1.0,0.0,1.0,1.0
1,290,2.202869530694567,6.301840403476737,1.0,0.0,1.0,0.0,1.0,0.0
2,290,7.558656691546549,11.95844070681246,0.0,0.0,1.0,0.0,0.0,0.0
3,290,0.0584977659993111,10.659463893509196,0.0,1.0,1.0,1.0,1.0,0.0
4,290,0.0,0.3276482623627584,1.0,1.0,0.0,0.0,0.0,0.0
5,290,9.715021088822535,0.0,0.0,0.0,1.0,1.0,1.0,1.0
6,290,3.924938617899284,11.56553121148287,0.0,0.0,0.0,1.0,1.0,0.0
7,290,8.500245974108887,9.377893568983078,0.0,0.0,0.0,1.0,1.0,0.0
8,290,10.869699238002266,9.428265731972276,0.0,0.0,0.0,1.0,0.0,0.0
9,290,5.250415557640404,0.0,1.0,1.0,1.0,1.0,0.0,1.0
10,290,8.244176225001349,6.907173262477532,0.0,1.0,0.0,1.0,0.0,0.0
11,290,12.0,5.608832945255272,1.0,0.0,0.0,1.0,0.0,0.0
12,290,4.916350584499713,1.935774601211966,1.0,0.0,0.0,0.0,1.0,0.0
13,290,10.006063291133016,4.126387329919751,0.0,0.0,0.0,0.0,0.0,0.0
14,290,2.8610263309704966,11.561253617167228,0.0,0.0,0.0,0.0,0.0,0.0
15,290,1.9810858083451008,1.1733672500927594,0.0,1.0,0.0,1.0,0.0,1.0
16,290,4.963912270411754,7.40341451648065,0.0,0.0,1.0,1.0,1.0,1.0
17,290,9.257437216430937,7.497520484032541,1.0,0.0,0.0,0.0,1.0,0.0
18,290,3.731250154969145,4.962839273325763,0.0,0.0,0.0,1.0,1.0,1.0
19,290,0.0998503625856306,0.0,0.0,1.0,1.0,0.0,0.0,0.0
0,295,3.5418083075685125,3.5155264604327434,0.0,0.0,1.0,0.0,1.0,1.0
1,295,2.1708395342756392,6.288364320381679,1.0,0.0,1.0,0.0,1.0,0.0
2,295,7.722619027843083,11.911693131588564,0.0,0.0,1.0,0.0,0.0,0.0
3,295,0.0257823391148538,10.714801895941978,0.0,1.0,1.0,1.0,1.0,0.0
4,295,0.0,0.3610002963438259,1.0,1.0,0.0,0.0,0.0,0.0
5,295,9.76522722445611,0.0,0.0,0.0,1.0,1.0,1.0,1.0
6,295,3.952505628200391,11.574784757870894,0.0,0.0,0.0,1.0,1.0,0.0
7,295,8.364072143867352,9.504663394603453,0.0,0.0,0.0,1.0,1.0,0.0
8,295,10.852100812316625,9.454455334737752,0.0,0.0,0.0,1.0,0.0,0.0
9,295,5.344509054703414,0.0,1.0,1.0,1.0,1.0,0.0,1.0
10,295,8.24272784062024,6.904782776651305,0.0,1.0,0.0,1.0,0.0,0.0
11,295,12.0,5.585918971975945,1.0,0.0,0.0,1.0,0.0,0.0
12,295,4.914509646747394,1.9372291168654023,1.0,0.0,0.0,0.0,1.0,0.0
13,295,10.011123779626256,4.120515920385765,0.0,0.0,0.0,0.0,0.0,0.0
14,295,2.68826166323349,11.723491116752946,0.0,0.0,0.0,0.0,0.0,0.0
15,295,2.0049632155674986,1.0395996215568597,0.0,1.0,0.0,1.0,0.0,1.0
16,295,4.943783178135263,7.397628378618001,0.0,0.0,1.0,1.0,1.0,1.0
17,295,9.308790124594282,7.586275551384975,1.0,0.0,0.0,0.0,1.0,0.0
18,295,3.74485631301982,4.945177104126091,0.0,0.0,0.0,1.0,1.0,1.0
19,295,0.2237933957735813,0.0,0.0,1.0,1.0,0.0,0.0,0.0
