0,0,4.941636964420375,5.034352529060902,0.0,0.0,0.0,0.0,0.0,0.0
1,0,9.013147597677683,2.035521033880982,0.0,1.0,0.0,1.0,0.0,1.0
2,0,2.037632943939846,4.036203266757649,0.0,1.0,0.0,1.0,1.0,1.0
3,0,4.949002049712847,5.002889870911795,1.0,1.0,0.0,0.0,1.0,0.0
4,0,9.937546061495825,2.032126206166016,1.0,0.0,1.0,1.0,1.0,0.0
5,0,7.005062369166458,11.96596974896594,1.0,0.0,1.0,1.0,0.0,0.0
6,0,1.0353281507840062,8.941635956117526,1.0,1.0,0.0,0.0,0.0,0.0
7,0,3.94255236074785,8.041539249144007,0.0,0.0,0.0,0.0,0.0,0.0
8,0,7.045865527870188,8.955016530691061,0.0,0.0,1.0,0.0,0.0,0.0
9,0,0.0602952104958935,6.021754019965602,0.0,0.0,0.0,1.0,1.0,0.0
10,0,7.037240181526938,4.037940732017235,0.0,0.0,1.0,0.0,0.0,0.0
11,0,3.972364039009768,3.969819754423704,0.0,0.0,0.0,1.0,1.0,0.0
12,0,7.0214202831986015,2.957715372328652,0.0,1.0,0.0,1.0,1.0,1.0
13,0,10.017805121596831,3.9497904228614127,1.0,0.0,0.0,1.0,0.0,1.0
14,0,6.94697655025492,2.952365592735053,1.0,0.0,1.0,1.0,0.0,1.0
15,0,0.0307953656980022,6.036404334535897,0.0,0.0,0.0,0.0,1.0,0.0
16,0,6.981243102706497,7.966526228803923,1.0,1.0,1.0,0.0,1.0,0.0
17,0,7.935635634334202,2.029108394380537,0.0,0.0,0.0,0.0,1.0,0.0
18,0,3.991797202059491,0.937294344160536,0.0,0.0,0.0,1.0,0.0,1.0
19,0,7.962928651903908,2.992260319503611,0.0,0.0,1.0,0.0,1.0,0.0
0,5,4.889142358113582,5.065193866682485,0.0,0.0,0.0,0.0,0.0,0.0
1,5,9.030779212073504,2.081931773411088,0.0,1.0,0.0,1.0,0.0,1.0
2,5,2.06087584762838,4.057163750343658,0.0,1.0,0.0,1.0,1.0,1.0
3,5,4.903465887229021,5.005571271373401,1.0,1.0,0.0,0.0,1.0,0.0
4,5,9.871447804452885,2.0670521297041757,1.0,0.0,1.0,1.0,1.0,0.0
5,5,7.01385841867451,11.918043235440262,1.0,0.0,1.0,1.0,0.0,0.0
6,5,1.0618800578028893,8.896942531740216,1.0,1.0,0.0,0.0,0.0,0.0
7,5,3.890014148768621,8.076723122589597,0.0,0.0,0.0,0.0,0.0,0.0
8,5,7.075300772440334,8.924501390849018,0.0,0.0,1.0,0.0,0.0,0.0
9,5,0.1094800642474695,6.040050966807827,0.0,0.0,0.0,1.0,1.0,0.0
10,5,7.077186460126855,4.079833831131361,0.0,0.0,1.0,0.0,0.0,0.0
11,5,3.935780716574671,3.929706206741244,0.0,0.0,0.0,1.0,1.0,0.0
12,5,7.04352512399652,2.915289403742754,0.0,1.0,0.0,1.0,1.0,1.0
13,5,10.040420975678398,3.8870601358180665,1.0,0.0,0.0,1.0,0.0,1.0
14,5,6.8969256765984905,2.9097745146534937,1.0,0.0,1.0,1.0,0.0,1.0
15,5,0.0763965682913805,6.091649745621208,0.0,0.0,0.0,0.0,1.0,0.0
16,5,6.960846182582773,7.9311617789181,1.0,1.0,1.0,0.0,1.0,0.0
17,5,7.887863604506137,2.050937661027595,0.0,0.0,0.0,0.0,1.0,0.0
18,5,4.05427604348947,0.9284547224393824,0.0,0.0,0.0,1.0,0.0,1.0
19,5,7.92780499785014,2.985033190988358,0.0,0.0,1.0,0.0,1.0,0.0
0,10,4.915331862616958,5.10876820240545,0.0,0.0,0.0,0.0,0.0,0.0
1,10,9.0490131638399,2.130417539515142,0.0,1.0,0.0,1.0,0.0,1.0
2,10,2.0822906630401894,4.075699194269373,0.0,1.0,0.0,1.0,1.0,1.0
3,10,4.858350616855498,5.008145681002833,1.0,1.0,0.0,0.0,1.0,0.0
4,10,9.785164657549725,2.1114965475760914,1.0,0.0,1.0,1.0,1.0,0.0
5,10,7.01947621332136,11.886161009504104,1.0,0.0,1.0,1.0,0.0,0.0
6,10,1.0917636677670457,8.846414436861306,1.0,1.0,0.0,0.0,0.0,0.0
7,10,3.839517043281621,8.109990056687169,0.0,0.0,0.0,0.0,0.0,0.0
8,10,7.10040570843617,8.898389142595788,0.0,0.0,1.0,0.0,0.0,0.0
9,10,0.1572451210034996,6.056957485049836,0.0,0.0,0.0,1.0,1.0,0.0
10,10,7.104480320009291,4.108464211927924,0.0,0.0,1.0,0.0,0.0,0.0
11,10,3.9006363362007193,3.891491713207179,0.0,0.0,0.0,1.0,1.0,0.0
12,10,7.058940203413754,2.887932445543861,0.0,1.0,0.0,1.0,1.0,1.0
13,10,10.054109178216915,3.847023330071616,1.0,0.0,0.0,1.0,0.0,1.0
14,10,6.845013821509439,2.8651667950232427,1.0,0.0,1.0,1.0,0.0,1.0
15,10,0.1234077452766366,6.150727215393763,0.0,0.0,0.0,0.0,1.0,0.0
16,10,6.943219630459311,7.900852153716057,1.0,1.0,1.0,0.0,1.0,0.0
17,10,7.822856737908645,2.079315423089393,0.0,0.0,0.0,0.0,1.0,0.0
18,10,4.152960680426172,0.9140002346563068,0.0,0.0,0.0,1.0,0.0,1.0
19,10,7.884694777156865,2.9759351572212465,0.0,0.0,1.0,0.0,1.0,0.0
0,15,4.942493759565972,5.152867235779127,0.0,0.0,0.0,0.0,0.0,0.0
1,15,9.065457904011154,2.172948278769627,0.0,1.0,0.0,1.0,0.0,1.0
2,15,2.0996283895249945,4.090455134850162,0.0,1.0,0.0,1.0,1.0,1.0
3,15,4.806523606019381,5.010512954969728,1.0,1.0,0.0,0.0,1.0,0.0
4,15,9.686652287241596,2.1634047624248955,1.0,0.0,1.0,1.0,1.0,0.0
5,15,7.023361257147987,11.862966629892384,1.0,0.0,1.0,1.0,0.0,0.0
6,15,1.1286937785347828,8.781123958840768,1.0,1.0,0.0,0.0,0.0,0.0
7,15,3.7965743778207584,8.138611644226682,0.0,0.0,0.0,0.0,0.0,0.0
8,15,7.148693104253379,8.84813242808081,0.0,0.0,1.0,0.0,0.0,0.0
9,15,0.1866727944996734,6.0668053461506375,0.0,0.0,0.0,1.0,1.0,0.0
10,15,7.129530172132492,4.134861803419958,0.0,0.0,1.0,0.0,0.0,0.0
11,15,3.864159063404662,3.8512488663306215,0.0,0.0,0.0,1.0,1.0,0.0
12,15,7.074632806182649,2.860184107260009,0.0,1.0,0.0,1.0,1.0,1.0
13,15,10.07070854882943,3.800092572709086,1.0,0.0,0.0,1.0,0.0,1.0
14,15,6.788684662599436,2.8150281752447666,1.0,0.0,1.0,1.0,0.0,1.0
15,15,0.1835532150830608,6.230609863374461,0.0,0.0,0.0,0.0,1.0,0.0
16,15,6.919825006676372,7.863979812330512,1.0,1.0,1.0,0.0,1.0,0.0
17,15,7.765533484534536,2.104618877950521,0.0,0.0,0.0,0.0,1.0,0.0
18,15,4.220838080453407,0.9063024423028064,0.0,0.0,0.0,1.0,0.0,1.0
19,15,7.839353180727488,2.96558317786044,0.0,0.0,1.0,0.0,1.0,0.0
0,20,4.979200538076032,5.211810728804298,0.0,0.0,0.0,0.0,0.0,0.0
1,20,9.067455255708516,2.1777583523936896,0.0,1.0,0.0,1.0,0.0,1.0
2,20,2.101136215868425,4.091743063184023,0.0,1.0,0.0,1.0,1.0,1.0
3,20,4.730111955375528,5.012708922548838,1.0,1.0,0.0,0.0,1.0,0.0
4,20,9.594218467168856,2.212999223931566,1.0,0.0,1.0,1.0,1.0,0.0
5,20,7.026743901042069,11.84332843990678,1.0,0.0,1.0,1.0,0.0,0.0
6,20,1.1643141912285064,8.716198725156133,1.0,1.0,0.0,0.0,0.0,0.0
7,20,3.761271317019861,8.162265285093996,0.0,0.0,0.0,0.0,0.0,0.0
8,20,7.2021913787152085,8.795707089904413,0.0,0.0,1.0,0.0,0.0,0.0
9,20,0.2252248375030848,6.078502610749506,0.0,0.0,0.0,1.0,1.0,0.0
10,20,7.139488354411105,4.145293051949528,0.0,0.0,1.0,0.0,0.0,0.0
11,20,3.8293471553301,3.8116426834842314,0.0,0.0,0.0,1.0,1.0,0.0
12,20,7.087928120534591,2.836672447981289,0.0,1.0,0.0,1.0,1.0,1.0
13,20,10.08286778848233,3.766422187179765,1.0,0.0,0.0,1.0,0.0,1.0
14,20,6.746781920781444,2.7765100673175778,1.0,0.0,1.0,1.0,0.0,1.0
15,20,0.2525899324380505,6.325271996337878,0.0,0.0,0.0,0.0,1.0,0.0
16,20,6.903653568392515,7.838402089881027,1.0,1.0,1.0,0.0,1.0,0.0
17,20,7.703607639426309,2.131809538103561,0.0,0.0,0.0,0.0,1.0,0.0
18,20,4.270487789821715,0.9008784843311054,0.0,0.0,0.0,1.0,0.0,1.0
19,20,7.797490188715893,2.955995690747632,0.0,0.0,1.0,0.0,1.0,0.0
0,25,5.0085192985733125,5.258906304812973,0.0,0.0,0.0,0.0,0.0,0.0
1,25,9.066719657646312,2.176036654059283,0.0,1.0,0.0,1.0,0.0,1.0
2,25,2.10218972138312,4.09268071818794,0.0,1.0,0.0,1.0,1.0,1.0
3,25,4.638348542864655,5.015724916963994,1.0,1.0,0.0,0.0,1.0,0.0
4,25,9.511913026791746,2.2578751939941246,1.0,0.0,1.0,1.0,1.0,0.0
5,25,7.030537507229685,11.821409708327243,1.0,0.0,1.0,1.0,0.0,0.0
6,25,1.199299723609044,8.653489721858573,1.0,1.0,0.0,0.0,0.0,0.0
7,25,3.7371882834442953,8.178446183683821,0.0,0.0,0.0,0.0,0.0,0.0
8,25,7.241991804327775,8.754746183839915,0.0,0.0,1.0,0.0,0.0,0.0
9,25,0.2766408553553874,6.092848173608453,0.0,0.0,0.0,1.0,1.0,0.0
10,25,7.150067727761103,4.156204055943353,0.0,0.0,1.0,0.0,0.0,0.0
11,25,3.783271077501147,3.7591025558732873,0.0,0.0,0.0,1.0,1.0,0.0
12,25,7.088746011738653,2.8352698371727096,0.0,1.0,0.0,1.0,1.0,1.0
13,25,10.098786319818096,3.720466432034149,1.0,0.0,0.0,1.0,0.0,1.0
14,25,6.736246604839468,2.766847456943459,1.0,0.0,1.0,1.0,0.0,1.0
15,25,0.3189155638307051,6.416715249593629,0.0,0.0,0.0,0.0,1.0,0.0
16,25,6.900132143729906,7.832838012296698,1.0,1.0,1.0,0.0,1.0,0.0
17,25,7.6470066303091055,2.1549509250046706,0.0,0.0,0.0,0.0,1.0,0.0
18,25,4.315075551377355,0.8948910539672509,0.0,0.0,0.0,1.0,0.0,1.0
19,25,7.766348240014111,2.948910995554745,0.0,0.0,1.0,0.0,1.0,0.0
0,30,5.033326778155875,5.298747306737618,0.0,0.0,0.0,0.0,0.0,0.0
1,30,9.062460213006654,2.1666453423425,0.0,1.0,0.0,1.0,0.0,1.0
2,30,2.0938737108756813,4.085876883106156,0.0,1.0,0.0,1.0,1.0,1.0
3,30,4.55017361497728,5.01682627970154,1.0,1.0,0.0,0.0,1.0,0.0
4,30,9.44490387800611,2.293266636584197,1.0,0.0,1.0,1.0,1.0,0.0
5,30,7.037038327540306,11.78897178548426,1.0,0.0,1.0,1.0,0.0,0.0
6,30,1.2357171670395026,8.588821636990936,1.0,1.0,0.0,0.0,0.0,0.0
7,30,3.71675124301897,8.193069824430037,0.0,0.0,0.0,0.0,0.0,0.0
8,30,7.283844846335056,8.712265114724895,0.0,0.0,1.0,0.0,0.0,0.0
9,30,0.3266499980858012,6.106914696881042,0.0,0.0,0.0,1.0,1.0,0.0
10,30,7.149557334760407,4.155656567053949,0.0,0.0,1.0,0.0,0.0,0.0
11,30,3.7193682992382624,3.687198709691864,0.0,0.0,0.0,1.0,1.0,0.0
12,30,7.082875571322815,2.8452066989041955,0.0,1.0,0.0,1.0,1.0,1.0
13,30,10.114917922999906,3.673562446183023,1.0,0.0,0.0,1.0,0.0,1.0
14,30,6.727596343672873,2.7586814487456404,1.0,0.0,1.0,1.0,0.0,1.0
15,30,0.3912086553428431,6.513147892885352,0.0,0.0,0.0,0.0,1.0,0.0
16,30,6.910340882671822,7.849398669823141,1.0,1.0,1.0,0.0,1.0,0.0
17,30,7.596161414177489,2.1760976627343145,0.0,0.0,0.0,0.0,1.0,0.0
18,30,4.382373101068685,0.8843638153788649,0.0,0.0,0.0,1.0,0.0,1.0
19,30,7.745376598411694,2.943892209260542,0.0,0.0,1.0,0.0,1.0,0.0
0,35,5.063099863222419,5.347885564964332,0.0,0.0,0.0,0.0,0.0,0.0
1,35,9.07078318905783,2.1848237796718784,0.0,1.0,0.0,1.0,0.0,1.0
2,35,2.0883696112328094,4.08144233305897,0.0,1.0,0.0,1.0,1.0,1.0
3,35,4.438990217554796,5.017968392595816,1.0,1.0,0.0,0.0,1.0,0.0
4,35,9.393515922522408,2.322419707875787,1.0,0.0,1.0,1.0,1.0,0.0
5,35,7.041864444415729,11.764864282704393,1.0,0.0,1.0,1.0,0.0,0.0
6,35,1.2782477181938758,8.514884155701239,1.0,1.0,0.0,0.0,0.0,0.0
7,35,3.714978585464995,8.19441028030149,0.0,0.0,0.0,0.0,0.0,0.0
8,35,7.326855785484347,8.667686426270059,0.0,0.0,1.0,0.0,0.0,0.0
9,35,0.3884085077532187,6.12510656213641,0.0,0.0,0.0,1.0,1.0,0.0
10,35,7.157662056945654,4.164153924968984,0.0,0.0,1.0,0.0,0.0,0.0
11,35,3.638865976409289,3.5966955528832965,0.0,0.0,0.0,1.0,1.0,0.0
12,35,7.087666522507731,2.837213524050492,0.0,1.0,0.0,1.0,1.0,1.0
13,35,10.130697479930047,3.625830210655981,1.0,0.0,0.0,1.0,0.0,1.0
14,35,6.728381753823476,2.7594044771813517,1.0,0.0,1.0,1.0,0.0,1.0
15,35,0.4582841400163861,6.606558246865617,0.0,0.0,0.0,0.0,1.0,0.0
16,35,6.922938619725053,7.870287661781516,1.0,1.0,1.0,0.0,1.0,0.0
17,35,7.54776402967449,2.195638360376987,0.0,0.0,0.0,0.0,1.0,0.0
18,35,4.442588205496438,0.8740220573760301,0.0,0.0,0.0,1.0,0.0,1.0
19,35,7.728936445756767,2.9403059211923672,0.0,0.0,1.0,0.0,1.0,0.0
0,40,5.102929466881002,5.414483454499548,0.0,0.0,0.0,0.0,0.0,0.0
1,40,9.077552237142507,2.1995361929736794,0.0,1.0,0.0,1.0,0.0,1.0
2,40,2.0735107380797624,4.069668366791266,0.0,1.0,0.0,1.0,1.0,1.0
3,40,4.337497563839059,5.022877081468551,1.0,1.0,0.0,0.0,1.0,0.0
4,40,9.318872501716148,2.368382495286294,1.0,0.0,1.0,1.0,1.0,0.0
5,40,7.044860598685246,11.750178168183,1.0,0.0,1.0,1.0,0.0,0.0
6,40,1.3255427132223694,8.43099472491877,1.0,1.0,0.0,0.0,0.0,0.0
7,40,3.708312069495415,8.199204487758246,0.0,0.0,0.0,0.0,0.0,0.0
8,40,7.376590049470685,8.618006546388289,0.0,0.0,1.0,0.0,0.0,0.0
9,40,0.4506787334231235,6.142690333129662,0.0,0.0,0.0,1.0,1.0,0.0
10,40,7.175341559731328,4.18242949342282,0.0,0.0,1.0,0.0,0.0,0.0
11,40,3.5536084259365714,3.507507395296225,0.0,0.0,0.0,1.0,1.0,0.0
12,40,7.088119862954164,2.8364322961295203,0.0,1.0,0.0,1.0,1.0,1.0
13,40,10.154077010532497,3.5545581834709115,1.0,0.0,0.0,1.0,0.0,1.0
14,40,6.752326550065411,2.781057531854431,1.0,0.0,1.0,1.0,0.0,1.0
15,40,0.5149192642701687,6.684008029062886,0.0,0.0,0.0,0.0,1.0,0.0
16,40,6.925756952558262,7.875029275825448,1.0,1.0,1.0,0.0,1.0,0.0
17,40,7.470367859900707,2.2265743524418045,0.0,0.0,0.0,0.0,1.0,0.0
18,40,4.509215044705812,0.8611065249498432,0.0,0.0,0.0,1.0,0.0,1.0
19,40,7.728510986011682,2.9402134194642,0.0,0.0,1.0,0.0,1.0,0.0
0,45,5.145433252210602,5.48780313852143,0.0,0.0,0.0,0.0,0.0,0.0
1,45,9.074771989471376,2.1934497767699104,0.0,1.0,0.0,1.0,0.0,1.0
2,45,2.053128776050451,4.054117205081974,0.0,1.0,0.0,1.0,1.0,1.0
3,45,4.197117570885681,5.029531686411672,1.0,1.0,0.0,0.0,1.0,0.0
4,45,9.235517232132096,2.420870357215734,1.0,0.0,1.0,1.0,1.0,0.0
5,45,7.044623990095067,11.751313779169132,1.0,0.0,1.0,1.0,0.0,0.0
6,45,1.3647116094292873,8.363792548425991,1.0,1.0,0.0,0.0,0.0,0.0
7,45,3.711738233431792,8.196593444206878,0.0,0.0,0.0,0.0,0.0,0.0
8,45,7.431228834520518,8.563627445289479,0.0,0.0,1.0,0.0,0.0,0.0
9,45,0.5206940901665348,6.16155090790708,0.0,0.0,0.0,1.0,1.0,0.0
10,45,7.196662139343185,4.20437490498073,0.0,0.0,1.0,0.0,0.0,0.0
11,45,3.474435577486584,3.4270752329624563,0.0,0.0,0.0,1.0,1.0,0.0
12,45,7.084666810171402,2.842220882847341,0.0,1.0,0.0,1.0,1.0,1.0
13,45,10.17692558522426,3.481097502678882,1.0,0.0,0.0,1.0,0.0,1.0
14,45,6.761812347964208,2.789734767101094,1.0,0.0,1.0,1.0,0.0,1.0
15,45,0.5745178750003306,6.765349288305744,0.0,0.0,0.0,0.0,1.0,0.0
16,45,6.93120946920629,7.884127166191821,1.0,1.0,1.0,0.0,1.0,0.0
17,45,7.363757051221157,2.2664588503573024,0.0,0.0,0.0,0.0,1.0,0.0
18,45,4.586712273394172,0.8438945981723172,0.0,0.0,0.0,1.0,0.0,1.0
19,45,7.706008997908301,2.934548790305028,0.0,0.0,1.0,0.0,1.0,0.0
0,50,5.198268163218577,5.580545573929808,0.0,0.0,0.0,0.0,0.0,0.0
1,50,9.057521673229072,2.1564290559161443,0.0,1.0,0.0,1.0,0.0,1.0
2,50,2.0205349237439574,4.0304553247493775,0.0,1.0,0.0,1.0,1.0,1.0
3,50,4.0540069137773385,5.039157221693397,1.0,1.0,0.0,0.0,1.0,0.0
4,50,9.159501868965268,2.468734386711056,1.0,0.0,1.0,1.0,1.0,0.0
5,50,7.04584214780899,11.746154474768398,1.0,0.0,1.0,1.0,0.0,0.0
6,50,1.3942944990031108,8.313463951548941,1.0,1.0,0.0,0.0,0.0,0.0
7,50,3.712150754712811,8.196277819394124,0.0,0.0,0.0,0.0,0.0,0.0
8,50,7.496811206501566,8.49732617608961,0.0,0.0,1.0,0.0,0.0,0.0
9,50,0.5914014149985242,6.179964576086394,0.0,0.0,0.0,1.0,1.0,0.0
10,50,7.216272737703285,4.225021725828265,0.0,0.0,1.0,0.0,0.0,0.0
11,50,3.4029128756592844,3.3515971846713453,0.0,0.0,0.0,1.0,1.0,0.0
12,50,7.08006112704959,2.849790653974046,0.0,1.0,0.0,1.0,1.0,1.0
13,50,10.19016680350794,3.438156392669403,1.0,0.0,0.0,1.0,0.0,1.0
14,50,6.74935717143553,2.778640286006016,1.0,0.0,1.0,1.0,0.0,1.0
15,50,0.6413756458518177,6.854959245817623,0.0,0.0,0.0,0.0,1.0,0.0
16,50,6.94152859590218,7.901466896386881,1.0,1.0,1.0,0.0,1.0,0.0
17,50,7.251305882362188,2.308766775807782,0.0,0.0,0.0,0.0,1.0,0.0
18,50,4.6494505720355095,0.8285072482036493,0.0,0.0,0.0,1.0,0.0,1.0
19,50,7.682136370557864,2.9288733958182998,0.0,0.0,1.0,0.0,1.0,0.0
0,55,5.250778915733139,5.671594916522151,0.0,0.0,0.0,0.0,0.0,0.0
1,55,9.049316726666255,2.1374788597629264,0.0,1.0,0.0,1.0,0.0,1.0
2,55,1.9977426619242216,4.013030384588964,0.0,1.0,0.0,1.0,1.0,1.0
3,55,3.9224318632194497,5.0461643485593495,1.0,1.0,0.0,0.0,1.0,0.0
4,55,9.069563805553004,2.530980936002896,1.0,0.0,1.0,1.0,1.0,0.0
5,55,7.054145452834227,11.710893548833416,1.0,0.0,1.0,1.0,0.0,0.0
6,55,1.436120510717902,8.241150278019104,1.0,1.0,0.0,0.0,0.0,0.0
7,55,3.7020222682161017,8.204135757621934,0.0,0.0,0.0,0.0,0.0,0.0
8,55,7.574071703373924,8.419327913942471,0.0,0.0,1.0,0.0,0.0,0.0
9,55,0.6796209413946523,6.203639212423966,0.0,0.0,0.0,1.0,1.0,0.0
10,55,7.237511903650359,4.248300559918333,0.0,0.0,1.0,0.0,0.0,0.0
11,55,3.327675169794857,3.271862348963264,0.0,0.0,0.0,1.0,1.0,0.0
12,55,7.081047452931549,2.8482198015811035,0.0,1.0,0.0,1.0,1.0,1.0
13,55,10.201912975271677,3.396019047680966,1.0,0.0,0.0,1.0,0.0,1.0
14,55,6.727995422429081,2.760075068311784,1.0,0.0,1.0,1.0,0.0,1.0
15,55,0.7084311004925204,6.941898669437451,0.0,0.0,0.0,0.0,1.0,0.0
16,55,6.949425334805951,7.914035831891843,1.0,1.0,1.0,0.0,1.0,0.0
17,55,7.134127461845877,2.3506098755083418,0.0,0.0,0.0,0.0,1.0,0.0
18,55,4.709609716034119,0.8159067011106186,0.0,0.0,0.0,1.0,0.0,1.0
19,55,7.654026890045788,2.9220961502309084,0.0,0.0,1.0,0.0,1.0,0.0
0,60,5.307936152485457,5.769061962525143,0.0,0.0,0.0,0.0,0.0,0.0
1,60,9.04265104211827,2.1207450609747163,0.0,1.0,0.0,1.0,0.0,1.0
2,60,1.976073717902072,3.996570295298395,0.0,1.0,0.0,1.0,1.0,1.0
3,60,3.7870623643013057,5.052556925677508,1.0,1.0,0.0,0.0,1.0,0.0
4,60,8.996830329604597,2.5829433545497675,1.0,0.0,1.0,1.0,1.0,0.0
5,60,7.062837107127491,11.670182800209949,1.0,0.0,1.0,1.0,0.0,0.0
6,60,1.4846036571689658,8.160695549794756,1.0,1.0,0.0,0.0,0.0,0.0
7,60,3.711411713849397,8.196404704836171,0.0,0.0,0.0,0.0,0.0,0.0
8,60,7.650653557652455,8.342795619882695,0.0,0.0,1.0,0.0,0.0,0.0
9,60,0.7793178479426279,6.230425834924866,0.0,0.0,0.0,1.0,1.0,0.0
10,60,7.251107794079981,4.26354719980997,0.0,0.0,1.0,0.0,0.0,0.0
11,60,3.237833240767675,3.1784829010272784,0.0,0.0,0.0,1.0,1.0,0.0
12,60,7.079936852970804,2.849952585440308,0.0,1.0,0.0,1.0,1.0,1.0
13,60,10.22046669931741,3.332285464423122,1.0,0.0,0.0,1.0,0.0,1.0
14,60,6.710299051911135,2.744503286709435,1.0,0.0,1.0,1.0,0.0,1.0
15,60,0.758236022943294,7.006591039387854,0.0,0.0,0.0,0.0,1.0,0.0
16,60,6.955568031949952,7.923828005585217,1.0,1.0,1.0,0.0,1.0,0.0
17,60,7.006341803301908,2.3965837765890607,0.0,0.0,0.0,0.0,1.0,0.0
18,60,4.750924176114762,0.8075428558174146,0.0,0.0,0.0,1.0,0.0,1.0
19,60,7.607743396554566,2.9113757039717045,0.0,0.0,1.0,0.0,1.0,0.0
0,65,5.370264773969534,5.874761126120892,0.0,0.0,0.0,0.0,0.0,0.0
1,65,9.043059203663692,2.121826208753744,0.0,1.0,0.0,1.0,0.0,1.0
2,65,1.9644188227376396,3.987455489292151,0.0,1.0,0.0,1.0,1.0,1.0
3,65,3.6444646022276665,5.055698194378627,1.0,1.0,0.0,0.0,1.0,0.0
4,65,8.927068575090841,2.63387682761421,1.0,0.0,1.0,1.0,1.0,0.0
5,65,7.068661819317475,11.642111422590505,1.0,0.0,1.0,1.0,0.0,0.0
6,65,1.5279507423701255,8.088048592093273,1.0,1.0,0.0,0.0,0.0,0.0
7,65,3.711414114277678,8.196402812481427,0.0,0.0,0.0,0.0,0.0,0.0
8,65,7.725042524549137,8.26789453581333,0.0,0.0,1.0,0.0,0.0,0.0
9,65,0.8766436243213499,6.257368413536064,0.0,0.0,0.0,1.0,1.0,0.0
10,65,7.256096980148811,4.26895661697723,0.0,0.0,1.0,0.0,0.0,0.0
11,65,3.142751619908396,3.0811487191453715,0.0,0.0,0.0,1.0,1.0,0.0
12,65,7.08215505600249,2.846589197374528,0.0,1.0,0.0,1.0,1.0,1.0
13,65,10.242899445850352,3.250793937021501,1.0,0.0,0.0,1.0,0.0,1.0
14,65,6.681667939518009,2.720064514899075,1.0,0.0,1.0,1.0,0.0,1.0
15,65,0.8142473429993622,7.082560672689429,0.0,0.0,0.0,0.0,1.0,0.0
16,65,6.967433026589172,7.942735711808386,1.0,1.0,1.0,0.0,1.0,0.0
17,65,6.898218416855912,2.430932897058513,0.0,0.0,0.0,0.0,1.0,0.0
18,65,4.77317359649099,0.8019997517833719,0.0,0.0,0.0,1.0,0.0,1.0
19,65,7.583693621066293,2.905552624754073,0.0,0.0,1.0,0.0,1.0,0.0
0,70,5.4316676427287405,5.975728255689388,0.0,0.0,0.0,0.0,0.0,0.0
1,70,9.04619124463562,2.1300255409367184,0.0,1.0,0.0,1.0,0.0,1.0
2,70,1.9622126794813284,3.985780754883922,0.0,1.0,0.0,1.0,1.0,1.0
3,70,3.5256312929013083,5.058003437210184,1.0,1.0,0.0,0.0,1.0,0.0
4,70,8.849836788558564,2.687478028985536,1.0,0.0,1.0,1.0,1.0,0.0
5,70,7.071761767516985,11.627848442847828,1.0,0.0,1.0,1.0,0.0,0.0
6,70,1.569667226796074,8.021206974522604,1.0,1.0,0.0,0.0,0.0,0.0
7,70,3.7257953805013457,8.1851012645786,0.0,0.0,0.0,0.0,0.0,0.0
8,70,7.798180398654993,8.195886339007899,0.0,0.0,1.0,0.0,0.0,0.0
9,70,0.9674350988200489,6.280907825361296,0.0,0.0,0.0,1.0,1.0,0.0
10,70,7.2575597815583395,4.270557174813519,0.0,0.0,1.0,0.0,0.0,0.0
11,70,3.0522704488223726,2.9849365735348528,0.0,0.0,0.0,1.0,1.0,0.0
12,70,7.100417357826039,2.81821561020252,0.0,1.0,0.0,1.0,1.0,1.0
13,70,10.273609353828164,3.143065672032219,1.0,0.0,0.0,1.0,0.0,1.0
14,70,6.668744591633134,2.7087422320808643,1.0,0.0,1.0,1.0,0.0,1.0
15,70,0.8671417025217958,7.15338092279925,0.0,0.0,0.0,0.0,1.0,0.0
16,70,6.979724362623748,7.963545168773733,1.0,1.0,1.0,0.0,1.0,0.0
17,70,6.783099837809709,2.468901777544424,0.0,0.0,0.0,0.0,1.0,0.0
18,70,4.785963893920489,0.7986456198461533,0.0,0.0,0.0,1.0,0.0,1.0
19,70,7.562299097530259,2.900288612834378,0.0,0.0,1.0,0.0,1.0,0.0
0,75,5.495792749067876,6.086619728513814,0.0,0.0,0.0,0.0,0.0,0.0
1,75,9.047699322228397,2.133955485140281,0.0,1.0,0.0,1.0,0.0,1.0
2,75,1.952275381353598,3.978028658149122,0.0,1.0,0.0,1.0,1.0,1.0
3,75,3.4129903701637216,5.061180087694318,1.0,1.0,0.0,0.0,1.0,0.0
4,75,8.76311319141077,2.745011893056372,1.0,0.0,1.0,1.0,1.0,0.0
5,75,7.07351007083763,11.619363111748708,1.0,0.0,1.0,1.0,0.0,0.0
6,75,1.592178428755069,7.981909452966283,1.0,1.0,0.0,0.0,0.0,0.0
7,75,3.7392016110742263,8.173894914484473,0.0,0.0,0.0,0.0,0.0,0.0
8,75,7.868264570582814,8.129156223560411,0.0,0.0,1.0,0.0,0.0,0.0
9,75,1.0544151290077204,6.304504160553944,0.0,0.0,0.0,1.0,1.0,0.0
10,75,7.27344813250894,4.286835134024833,0.0,0.0,1.0,0.0,0.0,0.0
11,75,2.9569321819501946,2.885685926183005,0.0,0.0,0.0,1.0,1.0,0.0
12,75,7.123243492011253,2.7832244202650704,0.0,1.0,0.0,1.0,1.0,1.0
13,75,10.307755056826952,3.040323090636817,1.0,0.0,0.0,1.0,0.0,1.0
14,75,6.654255155339678,2.6953453152851514,1.0,0.0,1.0,1.0,0.0,1.0
15,75,0.9290532697587168,7.233177686638178,0.0,0.0,0.0,0.0,1.0,0.0
16,75,6.976029093767989,7.957207061064124,1.0,1.0,1.0,0.0,1.0,0.0
17,75,6.676197049827513,2.50179218608446,0.0,0.0,0.0,0.0,1.0,0.0
18,75,4.803718872435317,0.7939907679624392,0.0,0.0,0.0,1.0,0.0,1.0
19,75,7.558983432752216,2.9141465143851293,0.0,0.0,1.0,0.0,1.0,0.0
0,80,5.564042900572134,6.207688982749083,0.0,0.0,0.0,0.0,0.0,0.0
1,80,9.052408115117544,2.1449578209591778,0.0,1.0,0.0,1.0,0.0,1.0
2,80,1.9564169650244123,3.981211026033512,0.0,1.0,0.0,1.0,1.0,1.0
3,80,3.311170800287468,5.06355948752679,1.0,1.0,0.0,0.0,1.0,0.0
4,80,8.666256605105733,2.8088935430313096,1.0,0.0,1.0,1.0,1.0,0.0
5,80,7.071482137468906,11.628870909677325,1.0,0.0,1.0,1.0,0.0,0.0
6,80,1.6131176414892796,7.945202581022674,1.0,1.0,0.0,0.0,0.0,0.0
7,80,3.762469837545845,8.154096046678927,0.0,0.0,0.0,0.0,0.0,0.0
8,80,7.940174907718045,8.060637995842741,0.0,0.0,1.0,0.0,0.0,0.0
9,80,1.1376566751167012,6.324904152599266,0.0,0.0,0.0,1.0,1.0,0.0
10,80,7.263619459235058,4.2767812044028455,0.0,0.0,1.0,0.0,0.0,0.0
11,80,2.872102440259327,2.797896522280422,0.0,0.0,0.0,1.0,1.0,0.0
12,80,7.15744472332029,2.7332713526766224,0.0,1.0,0.0,1.0,1.0,1.0
13,80,10.350842790950828,2.9133128030578663,1.0,0.0,0.0,1.0,0.0,1.0
14,80,6.645095773589859,2.686999976432062,1.0,0.0,1.0,1.0,0.0,1.0
15,80,1.0046676662982654,7.329455073239516,0.0,0.0,0.0,0.0,1.0,0.0
16,80,6.983297979329545,7.969763476115759,1.0,1.0,1.0,0.0,1.0,0.0
17,80,6.580535928332952,2.5328702258011786,0.0,0.0,0.0,0.0,1.0,0.0
18,80,4.818866182734154,0.7902339289776699,0.0,0.0,0.0,1.0,0.0,1.0
19,80,7.553397949857601,2.9365611707897044,0.0,0.0,1.0,0.0,1.0,0.0
0,85,5.6360389953068255,6.334772258463531,0.0,0.0,0.0,0.0,0.0,0.0
1,85,9.051490679453808,2.1426909939892407,0.0,1.0,0.0,1.0,0.0,1.0
2,85,1.975616567585539,3.995308566136012,0.0,1.0,0.0,1.0,1.0,1.0
3,85,3.2132190822179654,5.064424386870456,1.0,1.0,0.0,0.0,1.0,0.0
4,85,8.572005357933326,2.872899910638587,1.0,0.0,1.0,1.0,1.0,0.0
5,85,7.066528652280527,11.650267723917466,1.0,0.0,1.0,1.0,0.0,0.0
6,85,1.6389311606189052,7.901597617645378,1.0,1.0,0.0,0.0,0.0,0.0
7,85,3.790417523019248,8.13029031360125,0.0,0.0,0.0,0.0,0.0,0.0
8,85,8.00797524682124,7.994903797562065,0.0,0.0,1.0,0.0,0.0,0.0
9,85,1.2382096118254295,6.350179021384667,0.0,0.0,0.0,1.0,1.0,0.0
10,85,7.231711843008071,4.244718335117589,0.0,0.0,1.0,0.0,0.0,0.0
11,85,2.7757693448202425,2.700594937383706,0.0,0.0,0.0,1.0,1.0,0.0
12,85,7.193479386718587,2.681776183227336,0.0,1.0,0.0,1.0,1.0,1.0
13,85,10.387107101661163,2.803784580179183,1.0,0.0,0.0,1.0,0.0,1.0
14,85,6.633904347950371,2.6774059199454405,1.0,0.0,1.0,1.0,0.0,1.0
15,85,1.0719549108288136,7.411799657766003,0.0,0.0,0.0,0.0,1.0,0.0
16,85,6.983635918748876,7.970333625675553,1.0,1.0,1.0,0.0,1.0,0.0
17,85,6.474673598345193,2.567176972447227,0.0,0.0,0.0,0.0,1.0,0.0
18,85,4.817423386745585,0.7906032903169365,0.0,0.0,0.0,1.0,0.0,1.0
19,85,7.545631742426388,2.967427951927205,0.0,0.0,1.0,0.0,1.0,0.0
0,90,5.711227338250409,6.467124368298192,0.0,0.0,0.0,0.0,0.0,0.0
1,90,9.047902061440718,2.13409229135106,0.0,1.0,0.0,1.0,0.0,1.0
2,90,1.9962734401451487,4.010882203801391,0.0,1.0,0.0,1.0,1.0,1.0
3,90,3.114183329186396,5.065950191965721,1.0,1.0,0.0,0.0,1.0,0.0
4,90,8.486927302644986,2.749128455424256,1.0,0.0,1.0,1.0,1.0,0.0
5,90,7.066358001082065,11.650985312688023,1.0,0.0,1.0,1.0,0.0,0.0
6,90,1.6627451199072576,7.86193071009858,1.0,1.0,0.0,0.0,0.0,0.0
7,90,3.813653163611409,8.110297522322691,0.0,0.0,0.0,0.0,0.0,0.0
8,90,8.060918630156817,7.940542907149475,0.0,0.0,1.0,0.0,0.0,0.0
9,90,1.334689959297637,6.375444706514754,0.0,0.0,0.0,1.0,1.0,0.0
10,90,7.201039045390059,4.210759336175669,0.0,0.0,1.0,0.0,0.0,0.0
11,90,2.676615775413254,2.5955848327952986,0.0,0.0,0.0,1.0,1.0,0.0
12,90,7.237455785285373,2.620459473351334,0.0,1.0,0.0,1.0,1.0,1.0
13,90,10.423589569917311,2.6937802815655294,1.0,0.0,0.0,1.0,0.0,1.0
14,90,6.611169638536233,2.657424222910567,1.0,0.0,1.0,1.0,0.0,1.0
15,90,1.1508124226578682,7.516905981673259,0.0,0.0,0.0,0.0,1.0,0.0
16,90,6.990596711146964,7.9815478528466,1.0,1.0,1.0,0.0,1.0,0.0
17,90,6.366877575055073,2.599414819889034,0.0,0.0,0.0,0.0,1.0,0.0
18,90,4.831399566264513,0.7868228768130651,0.0,0.0,0.0,1.0,0.0,1.0
19,90,7.538445791144579,2.993347832658296,0.0,0.0,1.0,0.0,1.0,0.0
0,95,5.797994200692818,6.6267408371458165,0.0,0.0,0.0,0.0,0.0,0.0
1,95,9.046273073199544,2.1347925976979365,0.0,1.0,0.0,1.0,0.0,1.0
2,95,2.0371723189138606,4.040363867200697,0.0,1.0,0.0,1.0,1.0,1.0
3,95,3.0045439853860105,5.06843069526808,1.0,1.0,0.0,0.0,1.0,0.0
4,95,8.400661904352162,2.6282243975401096,1.0,0.0,1.0,1.0,1.0,0.0
5,95,7.068978769985238,11.640456947604523,1.0,0.0,1.0,1.0,0.0,0.0
6,95,1.6842066441076249,7.826026888040479,1.0,1.0,0.0,0.0,0.0,0.0
7,95,3.821656632338227,8.103601354679215,0.0,0.0,0.0,0.0,0.0,0.0
8,95,8.101486311215234,7.898603287009036,0.0,0.0,1.0,0.0,0.0,0.0
9,95,1.4278256757450944,6.397880633031471,0.0,0.0,0.0,1.0,1.0,0.0
10,95,7.1677843145699,4.173535867183723,0.0,0.0,1.0,0.0,0.0,0.0
11,95,2.5614573470998265,2.478450482509253,0.0,0.0,0.0,1.0,1.0,0.0
12,95,7.185660995160306,2.5829663304224706,0.0,1.0,0.0,1.0,1.0,1.0
13,95,10.465799249133331,2.5699646455776923,1.0,0.0,0.0,1.0,0.0,1.0
14,95,6.586784976047433,2.6353143867724205,1.0,0.0,1.0,1.0,0.0,1.0
15,95,1.2176705258446434,7.605574643090709,0.0,0.0,0.0,0.0,1.0,0.0
16,95,6.999924879155906,7.996885785495463,1.0,1.0,1.0,0.0,1.0,0.0
17,95,6.278442785704539,2.6286274141798103,0.0,0.0,0.0,0.0,1.0,0.0
18,95,4.834914518209393,0.7858361569946017,0.0,0.0,0.0,1.0,0.0,1.0
19,95,7.534543755254869,3.007307077169424,0.0,0.0,1.0,0.0,1.0,0.0
0,100,5.885484400239424,6.7891491361679766,0.0,0.0,0.0,0.0,0.0,0.0
1,100,9.023258938620874,2.14464796964144,0.0,1.0,0.0,1.0,0.0,1.0
2,100,2.050815504510392,4.050386751623488,0.0,1.0,0.0,1.0,1.0,1.0
3,100,2.8714256360666037,5.073501976024093,1.0,1.0,0.0,0.0,1.0,0.0
4,100,8.324020143170673,2.5081603290540597,1.0,0.0,1.0,1.0,1.0,0.0
5,100,7.068970601585048,11.640489346408824,1.0,0.0,1.0,1.0,0.0,0.0
6,100,1.7152462914821964,7.773080295346732,1.0,1.0,0.0,0.0,0.0,0.0
7,100,3.849073627249233,8.080222998499675,0.0,0.0,0.0,0.0,0.0,0.0
8,100,8.127618018665434,7.87235246540744,0.0,0.0,1.0,0.0,0.0,0.0
9,100,1.5125378502973414,6.4174131564073615,0.0,0.0,0.0,1.0,1.0,0.0
10,100,7.132338342421266,4.132465263887143,0.0,0.0,1.0,0.0,0.0,0.0
11,100,2.441244443095308,2.590981314497204,0.0,0.0,0.0,1.0,1.0,0.0
12,100,7.12230572466159,2.538435531235976,0.0,1.0,0.0,1.0,1.0,1.0
13,100,10.506757499547067,2.4448068305050845,1.0,0.0,0.0,1.0,0.0,1.0
14,100,6.553431455558382,2.6067853917422896,1.0,0.0,1.0,1.0,0.0,1.0
15,100,1.2905629992797494,7.706297693486364,0.0,0.0,0.0,0.0,1.0,0.0
16,100,7.00293673757095,8.001778306514423,1.0,1.0,1.0,0.0,1.0,0.0
17,100,6.179967230997185,2.66270952187567,0.0,0.0,0.0,0.0,1.0,0.0
18,100,4.855010462173554,0.7801369627554965,0.0,0.0,0.0,1.0,0.0,1.0
19,100,7.532686676659793,3.013845249895748,0.0,0.0,1.0,0.0,1.0,0.0
0,105,5.974347208419736,6.960685257908327,0.0,0.0,0.0,0.0,0.0,0.0
1,105,8.997335884806416,2.1553125295112063,0.0,1.0,0.0,1.0,0.0,1.0
2,105,2.0775817470093227,4.070178561459885,0.0,1.0,0.0,1.0,1.0,1.0
3,105,2.698013587653948,5.0832880693531015,1.0,1.0,0.0,0.0,1.0,0.0
4,105,8.258897526550216,2.405696511878055,1.0,0.0,1.0,1.0,1.0,0.0
5,105,7.061046273728468,11.6724368226646,1.0,0.0,1.0,1.0,0.0,0.0
6,105,1.7450567895616629,7.720294738666968,1.0,1.0,0.0,0.0,0.0,0.0
7,105,3.881293638849901,8.053622080889317,0.0,0.0,0.0,0.0,0.0,0.0
8,105,8.163446763725517,7.835364996125089,0.0,0.0,1.0,0.0,0.0,0.0
9,105,1.5868715379206044,6.435993648183999,0.0,0.0,0.0,1.0,1.0,0.0
10,105,7.0734627251516455,4.05862182335527,0.0,0.0,1.0,0.0,0.0,0.0
11,105,2.326244704445158,2.6932621503648853,0.0,0.0,0.0,1.0,1.0,0.0
12,105,7.066044565277573,2.4983675467408246,0.0,1.0,0.0,1.0,1.0,1.0
13,105,10.545214593378253,2.3195530645523137,1.0,0.0,0.0,1.0,0.0,1.0
14,105,6.523340733664603,2.5811724641951472,1.0,0.0,1.0,1.0,0.0,1.0
15,105,1.3634304015832996,7.811290982120986,0.0,0.0,0.0,0.0,1.0,0.0
16,105,7.017494394438932,8.024778483876098,1.0,1.0,1.0,0.0,1.0,0.0
17,105,6.094133604863424,2.6929344145859084,0.0,0.0,0.0,0.0,1.0,0.0
18,105,4.887868241034637,0.7706120529181808,0.0,0.0,0.0,1.0,0.0,1.0
19,105,7.52938935072216,3.027191837980803,0.0,0.0,1.0,0.0,1.0,0.0
0,110,6.06531552513685,7.139580161197722,0.0,0.0,0.0,0.0,0.0,0.0
1,110,8.965658508894116,2.167912152365711,0.0,1.0,0.0,1.0,0.0,1.0
2,110,2.101324729824527,4.088288898973796,0.0,1.0,0.0,1.0,1.0,1.0
3,110,2.545519911091977,5.095269493504388,1.0,1.0,0.0,0.0,1.0,0.0
4,110,8.19558338336355,2.3017804920785614,1.0,0.0,1.0,1.0,1.0,0.0
5,110,7.051461922219798,11.712771894383057,1.0,0.0,1.0,1.0,0.0,0.0
6,110,1.7780245406073194,7.661012515892898,1.0,1.0,0.0,0.0,0.0,0.0
7,110,3.907322999415239,8.031863297659298,0.0,0.0,0.0,0.0,0.0,0.0
8,110,8.194182888887822,7.804377151026893,0.0,0.0,1.0,0.0,0.0,0.0
9,110,1.6616475951090988,6.455349023328653,0.0,0.0,0.0,1.0,1.0,0.0
10,110,7.039222396218842,4.0154957276260905,0.0,0.0,1.0,0.0,0.0,0.0
11,110,2.200048259123816,2.8106130741386908,0.0,0.0,0.0,1.0,1.0,0.0
12,110,6.997151774879098,2.4493890911739835,0.0,1.0,0.0,1.0,1.0,1.0
13,110,10.585560974141789,2.184873497488563,1.0,0.0,0.0,1.0,0.0,1.0
14,110,6.491352010863575,2.55394142382738,1.0,0.0,1.0,1.0,0.0,1.0
15,110,1.4291521708111834,7.901119842465309,0.0,0.0,0.0,0.0,1.0,0.0
16,110,7.0387834942597465,8.059197236442113,1.0,1.0,1.0,0.0,1.0,0.0
17,110,5.982769475900328,2.7304936107261533,0.0,0.0,0.0,0.0,1.0,0.0
18,110,4.922368202725934,0.760265688434063,0.0,0.0,0.0,1.0,0.0,1.0
19,110,7.52410021981932,3.049293807264364,0.0,0.0,1.0,0.0,1.0,0.0
0,115,6.158569105316132,7.322996330014773,0.0,0.0,0.0,0.0,0.0,0.0
1,115,8.927535405475279,2.182335402652978,0.0,1.0,0.0,1.0,0.0,1.0
2,115,2.138627223154088,4.116613379340802,0.0,1.0,0.0,1.0,1.0,1.0
3,115,2.4006536469359494,5.107824221653849,1.0,1.0,0.0,0.0,1.0,0.0
4,115,8.135751958737774,2.2007687933545603,1.0,0.0,1.0,1.0,1.0,0.0
5,115,7.040417181355752,11.761319932352178,1.0,0.0,1.0,1.0,0.0,0.0
6,115,1.8170103817406973,7.5936999650221315,1.0,1.0,0.0,0.0,0.0,0.0
7,115,3.9339451670708456,8.008833030951617,0.0,0.0,0.0,0.0,0.0,0.0
8,115,8.239295321818835,7.758016026753122,0.0,0.0,1.0,0.0,0.0,0.0
9,115,1.7563127499511717,6.476935504794655,0.0,0.0,0.0,1.0,1.0,0.0
10,115,7.018063975816618,3.989371334492324,0.0,0.0,1.0,0.0,0.0,0.0
11,115,2.060247602096378,2.93767533163183,0.0,0.0,0.0,1.0,1.0,0.0
12,115,6.938756663426622,2.4070807869434017,0.0,1.0,0.0,1.0,1.0,1.0
13,115,10.618878731177343,2.060634584997364,1.0,0.0,0.0,1.0,0.0,1.0
14,115,6.432768404123528,2.504598080830674,1.0,0.0,1.0,1.0,0.0,1.0
15,115,1.5016215403188906,8.00016784834111,0.0,0.0,0.0,0.0,1.0,0.0
16,115,7.006725379263646,8.078459147478315,1.0,1.0,1.0,0.0,1.0,0.0
17,115,5.858066117141838,2.7725099396740105,0.0,0.0,0.0,0.0,1.0,0.0
18,115,4.9661525765924805,0.7483896001667175,0.0,0.0,0.0,1.0,0.0,1.0
19,115,7.52307694834206,3.0530903433285457,0.0,0.0,1.0,0.0,1.0,0.0
0,120,6.241703903960103,7.490067116810283,0.0,0.0,0.0,0.0,0.0,0.0
1,120,8.90528728117452,2.190586263212828,0.0,1.0,0.0,1.0,0.0,1.0
2,120,2.1928682755462936,4.158476825712146,0.0,1.0,0.0,1.0,1.0,1.0
3,120,2.262927439403762,5.11825449779485,1.0,1.0,0.0,0.0,1.0,0.0
4,120,8.070525766581289,2.08385895028063,1.0,0.0,1.0,1.0,1.0,0.0
5,120,7.032988070641548,11.794819304865076,1.0,0.0,1.0,1.0,0.0,0.0
6,120,1.858117296105187,7.523737626211671,1.0,1.0,0.0,0.0,0.0,0.0
7,120,3.952127344916071,7.993269884666455,0.0,0.0,0.0,0.0,0.0,0.0
8,120,8.287700895163983,7.709032618739866,0.0,0.0,1.0,0.0,0.0,0.0
9,120,1.8291501408928343,6.493181468203959,0.0,0.0,0.0,1.0,1.0,0.0
10,120,6.988817171680946,3.954043151306954,0.0,0.0,1.0,0.0,0.0,0.0
11,120,1.9254028205927405,3.0631569568335357,0.0,0.0,0.0,1.0,1.0,0.0
12,120,6.8826287514605,2.3669552119325634,0.0,1.0,0.0,1.0,1.0,1.0
13,120,10.653513174983496,1.9239018039017268,1.0,0.0,0.0,1.0,0.0,1.0
14,120,6.393590965207111,2.4701467654513336,1.0,0.0,1.0,1.0,0.0,1.0
15,120,1.590112409470239,8.117986739072034,0.0,0.0,0.0,0.0,1.0,0.0
16,120,6.9549151868461685,8.108693077048535,1.0,1.0,1.0,0.0,1.0,0.0
17,120,5.759509413285785,2.8079782101612967,0.0,0.0,0.0,0.0,1.0,0.0
18,120,5.018982666412415,0.734419938477002,0.0,0.0,0.0,1.0,0.0,1.0
19,120,7.527648094511845,3.033461934096452,0.0,0.0,1.0,0.0,1.0,0.0
0,125,6.327123241206111,7.678588769355459,0.0,0.0,0.0,0.0,0.0,0.0
1,125,8.8826335820886,2.199250261671612,0.0,1.0,0.0,1.0,0.0,1.0
2,125,2.227420570096362,4.185219872160569,0.0,1.0,0.0,1.0,1.0,1.0
3,125,2.1211395324422213,5.126266262355674,1.0,1.0,0.0,0.0,1.0,0.0
4,125,8.00615845539356,1.963619294202829,1.0,0.0,1.0,1.0,1.0,0.0
5,125,7.028649605905865,11.81523543020206,1.0,0.0,1.0,1.0,0.0,0.0
6,125,1.904798202775432,7.445218974565983,1.0,1.0,0.0,0.0,0.0,0.0
7,125,3.957667458160465,7.988176930613205,0.0,0.0,0.0,0.0,0.0,0.0
8,125,8.33632650733327,7.660459989677625,0.0,0.0,1.0,0.0,0.0,0.0
9,125,1.9317899454243888,6.514734041482963,0.0,0.0,0.0,1.0,1.0,0.0
10,125,6.961590539550604,3.9196332834275975,0.0,0.0,1.0,0.0,0.0,0.0
11,125,1.7897094163218037,3.190087603950815,0.0,0.0,0.0,1.0,1.0,0.0
12,125,6.815995535963319,2.31654273613663,0.0,1.0,0.0,1.0,1.0,1.0
13,125,10.683221043113184,1.8002134825808744,1.0,0.0,0.0,1.0,0.0,1.0
14,125,6.354512712103329,2.435430543062356,1.0,0.0,1.0,1.0,0.0,1.0
15,125,1.6852143370573989,8.243901934197032,0.0,0.0,0.0,0.0,1.0,0.0
16,125,6.909874728585093,8.13434973533234,1.0,1.0,1.0,0.0,1.0,0.0
17,125,5.657587295595851,2.8440504615610696,0.0,0.0,0.0,0.0,1.0,0.0
18,125,5.072540293216671,0.7211032008339607,0.0,0.0,0.0,1.0,0.0,1.0
19,125,7.532941649517624,3.011079915263315,0.0,0.0,1.0,0.0,1.0,0.0
0,130,6.4075685009789884,7.861456942200752,0.0,0.0,0.0,0.0,0.0,0.0
1,130,8.869444302209239,2.2041922610425484,0.0,1.0,0.0,1.0,0.0,1.0
2,130,2.26028739450734,4.209180998479247,0.0,1.0,0.0,1.0,1.0,1.0
3,130,1.969242609484647,5.131631659757156,1.0,1.0,0.0,0.0,1.0,0.0
4,130,7.9493486293002595,1.8585403701665948,1.0,0.0,1.0,1.0,1.0,0.0
5,130,7.024396949981984,11.837264128004628,1.0,0.0,1.0,1.0,0.0,0.0
6,130,1.9585886265770769,7.361561311271406,1.0,1.0,0.0,0.0,0.0,0.0
7,130,3.9568892229580297,7.988880481835902,0.0,0.0,0.0,0.0,0.0,0.0
8,130,8.378687989217685,7.619301755501478,0.0,0.0,1.0,0.0,0.0,0.0
9,130,1.9517646595483984,6.406301939938109,0.0,0.0,0.0,1.0,1.0,0.0
10,130,6.937484297827829,3.888168109078448,0.0,0.0,1.0,0.0,0.0,0.0
11,130,1.6451377270866243,3.3311997322577938,0.0,0.0,0.0,1.0,1.0,0.0
12,130,6.741832692846274,2.256015916881063,0.0,1.0,0.0,1.0,1.0,1.0
13,130,10.709145851113478,1.690951712873921,1.0,0.0,0.0,1.0,0.0,1.0
14,130,6.326730664955686,2.4107532271460217,1.0,0.0,1.0,1.0,0.0,1.0
15,130,1.7783322867198,8.36583588153485,0.0,0.0,0.0,0.0,1.0,0.0
16,130,6.852243027093368,8.165729258022939,1.0,1.0,1.0,0.0,1.0,0.0
17,130,5.549314644671411,2.8777398506816025,0.0,0.0,0.0,0.0,1.0,0.0
18,130,5.128111354257978,0.7071158047911191,0.0,0.0,0.0,1.0,0.0,1.0
19,130,7.53683770939505,2.995306403164381,0.0,0.0,1.0,0.0,1.0,0.0
0,135,6.48374622124139,8.04446941215423,0.0,0.0,0.0,0.0,0.0,0.0
1,135,8.842621303458635,2.2138882417848214,0.0,1.0,0.0,1.0,0.0,1.0
2,135,2.286337528671343,4.228476948964902,0.0,1.0,0.0,1.0,1.0,1.0
3,135,1.815621072586032,5.138651151738992,1.0,1.0,0.0,0.0,1.0,0.0
4,135,7.8742490041861055,1.7243884689331486,1.0,0.0,1.0,1.0,1.0,0.0
5,135,7.001309903778275,11.83256581274494,1.0,0.0,1.0,1.0,0.0,0.0
6,135,2.0138901236469824,7.274294150090258,1.0,1.0,0.0,0.0,0.0,0.0
7,135,3.963632250602089,7.982712899986104,0.0,0.0,0.0,0.0,0.0,0.0
8,135,8.411970015251029,7.586540699643926,0.0,0.0,1.0,0.0,0.0,0.0
9,135,1.9746461770866872,6.28855745599163,0.0,0.0,0.0,1.0,1.0,0.0
10,135,6.932556326468091,3.8816758106752784,0.0,0.0,1.0,0.0,0.0,0.0
11,135,1.5024006147277014,3.4636676720819093,0.0,0.0,0.0,1.0,1.0,0.0
12,135,6.665399060222859,2.200403271134125,0.0,1.0,0.0,1.0,1.0,1.0
13,135,10.737278884552456,1.577883286535825,1.0,0.0,0.0,1.0,0.0,1.0
14,135,6.29406373747811,2.381868690358703,1.0,0.0,1.0,1.0,0.0,1.0
15,135,1.8714157695367255,8.488203184670034,0.0,0.0,0.0,0.0,1.0,0.0
16,135,6.798858498748644,8.194208162231051,1.0,1.0,1.0,0.0,1.0,0.0
17,135,5.402030370692846,2.9208815306501714,0.0,0.0,0.0,0.0,1.0,0.0
18,135,5.167135304560715,0.6979318509652634,0.0,0.0,0.0,1.0,0.0,1.0
19,135,7.541185130245657,2.9780108212051184,0.0,0.0,1.0,0.0,1.0,0.0
0,140,6.56919962285529,8.245862792179343,0.0,0.0,0.0,0.0,0.0,0.0
1,140,8.805788674554483,2.227467831353497,0.0,1.0,0.0,1.0,0.0,1.0
2,140,2.30985027341994,4.246096268661668,0.0,1.0,0.0,1.0,1.0,1.0
3,140,1.6593401601201256,5.147501149141759,1.0,1.0,0.0,0.0,1.0,0.0
4,140,7.792066084702843,1.579571762824309,1.0,0.0,1.0,1.0,1.0,0.0
5,140,6.971034352838682,11.826385669437688,1.0,0.0,1.0,1.0,0.0,0.0
6,140,2.061021538223869,7.199582545707571,1.0,1.0,0.0,0.0,0.0,0.0
7,140,3.963387911196692,7.982948760419149,0.0,0.0,0.0,0.0,0.0,0.0
8,140,8.4518078630168,7.547134784103674,0.0,0.0,1.0,0.0,0.0,0.0
9,140,1.9998443401957209,6.174997418280075,0.0,0.0,0.0,1.0,1.0,0.0
10,140,6.923401389306106,3.86959147701584,0.0,0.0,1.0,0.0,0.0,0.0
11,140,1.3512957130015728,3.6075605628727914,0.0,0.0,0.0,1.0,1.0,0.0
12,140,6.581064778464003,2.139667751870517,0.0,1.0,0.0,1.0,1.0,1.0
13,140,10.76429683864588,1.47160799257489,1.0,0.0,0.0,1.0,0.0,1.0
14,140,6.245368927344898,2.3382043859458213,1.0,0.0,1.0,1.0,0.0,1.0
15,140,1.967728863214704,8.613034771747248,0.0,0.0,0.0,0.0,1.0,0.0
16,140,6.7584910356638055,8.21675555001774,1.0,1.0,1.0,0.0,1.0,0.0
17,140,5.253648781506907,2.966848930479568,0.0,0.0,0.0,0.0,1.0,0.0
18,140,5.21616246881117,0.6859282308516154,0.0,0.0,0.0,1.0,0.0,1.0
19,140,7.543368727688474,2.969541997882541,0.0,0.0,1.0,0.0,1.0,0.0
0,145,6.650709714834677,8.443981625805598,0.0,0.0,0.0,0.0,0.0,0.0
1,145,8.76936389677439,2.2412448703062338,0.0,1.0,0.0,1.0,0.0,1.0
2,145,2.3355187939249715,4.26522842729282,0.0,1.0,0.0,1.0,1.0,1.0
3,145,1.5142912900340608,5.156588338861761,1.0,1.0,0.0,0.0,1.0,0.0
4,145,7.69832450974001,1.42880359716686,1.0,0.0,1.0,1.0,1.0,0.0
5,145,6.975159375808348,11.82719004540042,1.0,0.0,1.0,1.0,0.0,0.0
6,145,2.1195667997088723,7.101577541358608,1.0,1.0,0.0,0.0,0.0,0.0
7,145,3.954098912682856,7.992216829845214,0.0,0.0,0.0,0.0,0.0,0.0
8,145,8.489848207762709,7.510319353221629,0.0,0.0,1.0,0.0,0.0,0.0
9,145,2.025134417901614,6.062380552340922,0.0,0.0,0.0,1.0,1.0,0.0
10,145,6.906340526501596,3.8471851088594406,0.0,0.0,1.0,0.0,0.0,0.0
11,145,1.1961903470849526,3.755748611286398,0.0,0.0,0.0,1.0,1.0,0.0
12,145,6.478163587532568,2.0680664673980687,0.0,1.0,0.0,1.0,1.0,1.0
13,145,10.78980922093378,1.3781546122838069,1.0,0.0,0.0,1.0,0.0,1.0
14,145,6.224354192044401,2.320450679453385,1.0,0.0,1.0,1.0,0.0,1.0
15,145,2.049793591577856,8.717462804621565,0.0,0.0,0.0,0.0,1.0,0.0
16,145,6.718415439232963,8.238515544409909,1.0,1.0,1.0,0.0,1.0,0.0
17,145,5.115079711556813,3.010363218951746,0.0,0.0,0.0,0.0,1.0,0.0
18,145,5.278399470138534,0.669605357235415,0.0,0.0,0.0,1.0,0.0,1.0
19,145,7.552056781264656,2.9354872588837013,0.0,0.0,1.0,0.0,1.0,0.0
0,150,6.72573927186019,8.615640873275554,0.0,0.0,0.0,0.0,0.0,0.0
1,150,8.716239097095768,2.261342155426748,0.0,1.0,0.0,1.0,0.0,1.0
2,150,2.367827755329027,4.29014141693383,0.0,1.0,0.0,1.0,1.0,1.0
3,150,1.361329237558228,5.166610041214351,1.0,1.0,0.0,0.0,1.0,0.0
4,150,7.580618418890516,1.2545835699622985,1.0,0.0,1.0,1.0,1.0,0.0
5,150,6.959647529369523,11.824537126697797,1.0,0.0,1.0,1.0,0.0,0.0
6,150,2.176111507613544,7.002161920327692,1.0,1.0,0.0,0.0,0.0,0.0
7,150,3.9282915208683793,8.016368513372107,0.0,0.0,0.0,0.0,0.0,0.0
8,150,8.528453571575392,7.474765612111131,0.0,0.0,1.0,0.0,0.0,0.0
9,150,2.0476931699466534,5.972561978355779,0.0,0.0,0.0,1.0,1.0,0.0
10,150,6.86791128161437,3.796833929159533,0.0,0.0,1.0,0.0,0.0,0.0
11,150,1.0314255616463135,3.915203242932757,0.0,0.0,0.0,1.0,1.0,0.0
12,150,6.381396232293999,2.0033521759524198,0.0,1.0,0.0,1.0,1.0,1.0
13,150,10.815089994029089,1.2704141877189568,1.0,0.0,0.0,1.0,0.0,1.0
14,150,6.212669578733061,2.3104149873488145,1.0,0.0,1.0,1.0,0.0,1.0
15,150,2.1511388599799206,8.837633096135278,0.0,0.0,0.0,0.0,1.0,0.0
16,150,6.6788906169180935,8.260290827768653,1.0,1.0,1.0,0.0,1.0,0.0
17,150,4.984871220443413,3.05326725110474,0.0,0.0,0.0,0.0,1.0,0.0
18,150,5.335365168573042,0.6529643098955633,0.0,0.0,0.0,1.0,0.0,1.0
19,150,7.56752869650033,2.8794197666713397,0.0,0.0,1.0,0.0,1.0,0.0
0,155,6.798920367126508,8.784775849200232,0.0,0.0,0.0,0.0,0.0,0.0
1,155,8.659500498566928,2.283932112712459,0.0,1.0,0.0,1.0,0.0,1.0
2,155,2.3920547850468497,4.309303119844156,0.0,1.0,0.0,1.0,1.0,1.0
3,155,1.194245494771366,5.177759111586395,1.0,1.0,0.0,0.0,1.0,0.0
4,155,7.457483205909505,1.0655402337041364,1.0,0.0,1.0,1.0,1.0,0.0
5,155,6.933828507622476,11.81968637625531,1.0,0.0,1.0,1.0,0.0,0.0
6,155,2.2330784464960654,6.899177881177572,1.0,1.0,0.0,0.0,0.0,0.0
7,155,3.908358500075764,8.035199112311236,0.0,0.0,0.0,0.0,0.0,0.0
8,155,8.576829769211457,7.430727322679661,0.0,0.0,1.0,0.0,0.0,0.0
9,155,2.0709936660141444,5.874341537942742,0.0,0.0,0.0,1.0,1.0,0.0
10,155,6.822457211887988,3.740642094947069,0.0,0.0,1.0,0.0,0.0,0.0
11,155,0.8713420114045258,4.067423016171407,0.0,0.0,0.0,1.0,1.0,0.0
12,155,6.279357680712165,1.9328037754909813,0.0,1.0,0.0,1.0,1.0,1.0
13,155,10.839040856503368,1.1540391910258747,1.0,0.0,0.0,1.0,0.0,1.0
14,155,6.19114799093454,2.291266912537361,1.0,0.0,1.0,1.0,0.0,1.0
15,155,2.238240316480998,8.942364668923105,0.0,0.0,0.0,0.0,1.0,0.0
16,155,6.653509940388354,8.275027425389888,1.0,1.0,1.0,0.0,1.0,0.0
17,155,4.841603617099136,3.0957687139729164,0.0,0.0,0.0,0.0,1.0,0.0
18,155,5.378833979306842,0.6395474370740368,0.0,0.0,0.0,1.0,0.0,1.0
19,155,7.58541506804103,2.816273924220806,0.0,0.0,1.0,0.0,1.0,0.0
0,160,6.872068033065268,8.950859194038888,0.0,0.0,0.0,0.0,0.0,0.0
1,160,8.61450629025331,2.301690208187927,0.0,1.0,0.0,1.0,0.0,1.0
2,160,2.4031300134348355,4.318294487166132,0.0,1.0,0.0,1.0,1.0,1.0
3,160,1.0196836525271014,5.185098929608914,1.0,1.0,0.0,0.0,1.0,0.0
4,160,7.334549272367722,0.8769969091549987,1.0,0.0,1.0,1.0,1.0,0.0
5,160,6.910349578817598,11.815649630245558,1.0,0.0,1.0,1.0,0.0,0.0
6,160,2.301798800715272,6.778130492521953,1.0,1.0,0.0,0.0,0.0,0.0
7,160,3.887237141009569,8.05440316805141,0.0,0.0,0.0,0.0,0.0,0.0
8,160,8.632183642832507,7.3787345124147325,0.0,0.0,1.0,0.0,0.0,0.0
9,160,2.0925056056439564,5.778053954041265,0.0,0.0,0.0,1.0,1.0,0.0
10,160,6.779692731422111,3.6874854566265856,0.0,0.0,1.0,0.0,0.0,0.0
11,160,0.7064324845341516,4.213089276218744,0.0,0.0,0.0,1.0,1.0,0.0
12,160,6.161800742781932,1.854006478319236,0.0,1.0,0.0,1.0,1.0,1.0
13,160,10.869156007802138,1.0035665004726384,1.0,0.0,0.0,1.0,0.0,1.0
14,160,6.167853291769269,2.2705742113444707,1.0,0.0,1.0,1.0,0.0,1.0
15,160,2.315943254220476,9.036454289661764,0.0,0.0,0.0,0.0,1.0,0.0
16,160,6.662064436249437,8.270046158962963,1.0,1.0,1.0,0.0,1.0,0.0
17,160,4.728893243016496,3.13236802625333,0.0,0.0,0.0,0.0,1.0,0.0
18,160,5.407136478089699,0.6303607228379011,0.0,0.0,0.0,1.0,0.0,1.0
19,160,7.599789569724123,2.762646457101915,0.0,0.0,1.0,0.0,1.0,0.0
0,165,6.9397627977335095,9.102597341115995,0.0,0.0,0.0,0.0,0.0,0.0
1,165,8.532222697991205,2.337171566134767,0.0,1.0,0.0,1.0,0.0,1.0
2,165,2.4129072394548494,4.326284721362248,0.0,1.0,0.0,1.0,1.0,1.0
3,165,0.8648228580914759,5.192058874967858,1.0,1.0,0.0,0.0,1.0,0.0
4,165,7.218355782029752,0.6990752498585985,1.0,0.0,1.0,1.0,1.0,0.0
5,165,6.871294033248851,11.809369252879312,1.0,0.0,1.0,1.0,0.0,0.0
6,165,2.3727433826839057,6.650306859888026,1.0,1.0,0.0,0.0,0.0,0.0
7,165,3.87140503370176,8.06926429041231,0.0,0.0,0.0,0.0,0.0,0.0
8,165,8.666371027764496,7.347873472007278,0.0,0.0,1.0,0.0,0.0,0.0
9,165,2.116258881396604,5.686686997090426,0.0,0.0,0.0,1.0,1.0,0.0
10,165,6.735598648080535,3.632826482399124,0.0,0.0,1.0,0.0,0.0,0.0
11,165,0.5323304858426878,4.362245043119356,0.0,0.0,0.0,1.0,1.0,0.0
12,165,6.053259206588459,1.7789487528787704,0.0,1.0,0.0,1.0,1.0,1.0
13,165,10.899125098496905,0.8515744401310212,1.0,0.0,0.0,1.0,0.0,1.0
14,165,6.132097873586765,2.239734596165193,1.0,0.0,1.0,1.0,0.0,1.0
15,165,2.397259354822045,9.138834475772816,0.0,0.0,0.0,0.0,1.0,0.0
16,165,6.669033354471884,8.265410536224358,1.0,1.0,1.0,0.0,1.0,0.0
17,165,4.617686723246537,3.1710616356851395,0.0,0.0,0.0,0.0,1.0,0.0
18,165,5.442966790857959,0.6185723505489947,0.0,0.0,0.0,1.0,0.0,1.0
19,165,7.612274485183247,2.720926566385792,0.0,0.0,1.0,0.0,1.0,0.0
0,170,7.001711155279041,9.259738557189104,0.0,0.0,0.0,0.0,0.0,0.0
1,170,8.469062107531329,2.362975327941148,0.0,1.0,0.0,1.0,0.0,1.0
2,170,2.429177224736387,4.3395245005092224,0.0,1.0,0.0,1.0,1.0,1.0
3,170,0.6966100182837727,5.202215189584131,1.0,1.0,0.0,0.0,1.0,0.0
4,170,7.107946861475732,0.5274737340167728,1.0,0.0,1.0,1.0,1.0,0.0
5,170,6.834802736524106,11.803603247600266,1.0,0.0,1.0,1.0,0.0,0.0
6,170,2.4545475299701334,6.507897569429833,1.0,1.0,0.0,0.0,0.0,0.0
7,170,3.8480399832553673,8.090401986258584,0.0,0.0,0.0,0.0,0.0,0.0
8,170,8.7058925031667,7.312059247641864,0.0,0.0,1.0,0.0,0.0,0.0
9,170,2.1400054136823363,5.580063423842324,0.0,0.0,0.0,1.0,1.0,0.0
10,170,6.705676890559869,3.595957053508516,0.0,0.0,1.0,0.0,0.0,0.0
11,170,0.3519838420385967,4.528706733194227,0.0,0.0,0.0,1.0,1.0,0.0
12,170,5.924626047863435,1.6934703656180767,0.0,1.0,0.0,1.0,1.0,1.0
13,170,10.924603737070234,0.715961746412658,1.0,0.0,0.0,1.0,0.0,1.0
14,170,6.109317009018582,2.220433739474059,1.0,0.0,1.0,1.0,0.0,1.0
15,170,2.47828033682155,9.23894054560262,0.0,0.0,0.0,0.0,1.0,0.0
16,170,6.6709270866579296,8.26415448976205,1.0,1.0,1.0,0.0,1.0,0.0
17,170,4.5084119990634015,3.2114878719454545,0.0,0.0,0.0,0.0,1.0,0.0
18,170,5.477558878912039,0.6080624612256433,0.0,0.0,0.0,1.0,0.0,1.0
19,170,7.626939443261035,2.666419556810436,0.0,0.0,1.0,0.0,1.0,0.0
0,175,7.061392728374229,9.41025315056494,0.0,0.0,0.0,0.0,0.0,0.0
1,175,8.401206884707692,2.3911467037385354,0.0,1.0,0.0,1.0,0.0,1.0
2,175,2.4623769748790147,4.367296691152536,0.0,1.0,0.0,1.0,1.0,1.0
3,175,0.5277368046107065,5.213903514058669,1.0,1.0,0.0,0.0,1.0,0.0
4,175,7.004340488931828,0.3688409423938191,1.0,0.0,1.0,1.0,1.0,0.0
5,175,6.812460836392601,11.800822695504,1.0,0.0,1.0,1.0,0.0,0.0
6,175,2.535261874184421,6.371613330189958,1.0,1.0,0.0,0.0,0.0,0.0
7,175,3.8212318389310496,8.115153796582295,0.0,0.0,0.0,0.0,0.0,0.0
8,175,8.730787245390752,7.289214230734093,0.0,0.0,1.0,0.0,0.0,0.0
9,175,2.163327425698528,5.471735447318551,0.0,0.0,0.0,1.0,1.0,0.0
10,175,6.67247450935172,3.55548935032714,0.0,0.0,1.0,0.0,0.0,0.0
11,175,0.1819751057090394,4.680984382425605,0.0,0.0,0.0,1.0,1.0,0.0
12,175,5.797500787976747,1.6034639256779328,0.0,1.0,0.0,1.0,1.0,1.0
13,175,10.947646662767644,0.6057450131327442,1.0,0.0,0.0,1.0,0.0,1.0
14,175,6.096861219371478,2.210218811166766,1.0,0.0,1.0,1.0,0.0,1.0
15,175,2.571863054309036,9.352966487138772,0.0,0.0,0.0,0.0,1.0,0.0
16,175,6.683521556856115,8.255923333444434,1.0,1.0,1.0,0.0,1.0,0.0
17,175,4.389690844243376,3.2528758178131274,0.0,0.0,0.0,0.0,1.0,0.0
18,175,5.521130714970442,0.5955477540802169,0.0,0.0,0.0,1.0,0.0,1.0
19,175,7.643214994039769,2.6045938961255977,0.0,0.0,1.0,0.0,1.0,0.0
0,180,7.114438591384759,9.552469319180055,0.0,0.0,0.0,0.0,0.0,0.0
1,180,8.325733074432826,2.420708600988195,0.0,1.0,0.0,1.0,0.0,1.0
2,180,2.4985950513829467,4.397952998872873,0.0,1.0,0.0,1.0,1.0,1.0
3,180,0.3641034019431057,5.2280218609622615,1.0,1.0,0.0,0.0,1.0,0.0
4,180,6.891352132768588,0.2045889407764011,1.0,0.0,1.0,1.0,1.0,0.0
5,180,6.7929409939750895,11.79876875782787,1.0,0.0,1.0,1.0,0.0,0.0
6,180,2.61723623741271,6.236856439505488,1.0,1.0,0.0,0.0,0.0,0.0
7,180,3.787614902975446,8.146342665411186,0.0,0.0,0.0,0.0,0.0,0.0
8,180,8.757437373001988,7.263950743154186,0.0,0.0,1.0,0.0,0.0,0.0
9,180,2.185218117347285,5.3665418635224285,0.0,0.0,0.0,1.0,1.0,0.0
10,180,6.639359811632234,3.5139101877256342,0.0,0.0,1.0,0.0,0.0,0.0
11,180,0.0093423153988662,4.833446023296615,0.0,0.0,0.0,1.0,1.0,0.0
12,180,5.683889120956287,1.5217566419101565,0.0,1.0,0.0,1.0,1.0,1.0
13,180,10.97647114059489,0.4711181250433099,1.0,0.0,0.0,1.0,0.0,1.0
14,180,6.091112559050693,2.205307493959732,1.0,0.0,1.0,1.0,0.0,1.0
15,180,2.6715994322520795,9.469466459943124,0.0,0.0,0.0,0.0,1.0,0.0
16,180,6.699274329838756,8.245933315681581,1.0,1.0,1.0,0.0,1.0,0.0
17,180,4.26514560691878,3.29437578219273,0.0,0.0,0.0,0.0,1.0,0.0
18,180,5.567558653972375,0.5828940734200505,0.0,0.0,0.0,1.0,0.0,1.0
19,180,7.655291979221874,2.560036925860442,0.0,0.0,1.0,0.0,1.0,0.0
0,185,7.159671846552549,9.678612813275254,0.0,0.0,0.0,0.0,0.0,0.0
1,185,8.23935965087884,2.453379412549136,0.0,1.0,0.0,1.0,0.0,1.0
2,185,2.5382308572220817,4.432221022708449,0.0,1.0,0.0,1.0,1.0,1.0
3,185,0.1948438242939789,5.243144974666556,1.0,1.0,0.0,0.0,1.0,0.0
4,185,6.76581544605522,0.0234992986041885,1.0,0.0,1.0,1.0,1.0,0.0
5,185,6.777220403556853,11.796938994191022,1.0,0.0,1.0,1.0,0.0,0.0
6,185,2.7006223655342096,6.102088434386208,1.0,1.0,0.0,0.0,0.0,0.0
7,185,3.7462964478283376,8.18561153131087,0.0,0.0,0.0,0.0,0.0,0.0
8,185,8.78005063180376,7.243589159291083,0.0,0.0,1.0,0.0,0.0,0.0
9,185,2.205587764160398,5.275860394564427,0.0,0.0,0.0,1.0,1.0,0.0
10,185,6.613734486601885,3.483009929509734,0.0,0.0,1.0,0.0,0.0,0.0
11,185,0.0,4.990256461021447,0.0,0.0,0.0,1.0,1.0,0.0
12,185,5.573266027632472,1.442653678388047,0.0,1.0,0.0,1.0,1.0,1.0
13,185,11.008501520406828,0.3405854287382031,1.0,0.0,0.0,1.0,0.0,1.0
14,185,6.084450396122201,2.1996109002331647,1.0,0.0,1.0,1.0,0.0,1.0
15,185,2.776909318215804,9.58732183675814,0.0,0.0,0.0,0.0,1.0,0.0
16,185,6.710426331160296,8.238770818266785,1.0,1.0,1.0,0.0,1.0,0.0
17,185,4.143213201267459,3.3352033010011617,0.0,0.0,0.0,0.0,1.0,0.0
18,185,5.61812863250527,0.5678016921621294,0.0,0.0,0.0,1.0,0.0,1.0
19,185,7.664007671447513,2.530868334399323,0.0,0.0,1.0,0.0,1.0,0.0
0,190,7.208234177492425,9.810536295064368,0.0,0.0,0.0,0.0,0.0,0.0
1,190,8.150629175831414,2.487068198673735,0.0,1.0,0.0,1.0,0.0,1.0
2,190,2.569503872448482,4.459064174151667,0.0,1.0,0.0,1.0,1.0,1.0
3,190,0.0313466073847329,5.255179693431078,1.0,1.0,0.0,0.0,1.0,0.0
4,190,6.629320257744563,0.0,1.0,0.0,1.0,1.0,1.0,0.0
5,190,6.766787971976074,11.795903350936186,1.0,0.0,1.0,1.0,0.0,0.0
6,190,2.78360872905476,5.975126979540841,1.0,1.0,0.0,0.0,0.0,0.0
7,190,3.70274151972688,8.228184554475373,0.0,0.0,0.0,0.0,0.0,0.0
8,190,8.821574330741276,7.205482748162393,0.0,0.0,1.0,0.0,0.0,0.0
9,190,2.231447118192229,5.17408546664746,0.0,0.0,0.0,1.0,1.0,0.0
10,190,6.596196938601731,3.462288475838164,0.0,0.0,1.0,0.0,0.0,0.0
11,190,0.0,5.158758269965299,0.0,0.0,0.0,1.0,1.0,0.0
12,190,5.470723265577646,1.3710210430194194,0.0,1.0,0.0,1.0,1.0,1.0
13,190,11.042499446814784,0.2041830398978863,1.0,0.0,0.0,1.0,0.0,1.0
14,190,6.089645261175855,2.204057764745857,1.0,0.0,1.0,1.0,0.0,1.0
15,190,2.890832819199651,9.718405732178091,0.0,0.0,0.0,0.0,1.0,0.0
16,190,6.725576943737457,8.228253444520968,1.0,1.0,1.0,0.0,1.0,0.0
17,190,4.010207904287304,3.381946554345706,0.0,0.0,0.0,0.0,1.0,0.0
18,190,5.660349342170817,0.5543861654550593,0.0,0.0,0.0,1.0,0.0,1.0
19,190,7.670541330530002,2.509032459310574,0.0,0.0,1.0,0.0,1.0,0.0
0,195,7.254569660251092,9.937081385499493,0.0,0.0,0.0,0.0,0.0,0.0
1,195,8.066191191629294,2.516744855048617,0.0,1.0,0.0,1.0,0.0,1.0
2,195,2.611447857737438,4.495422423801003,0.0,1.0,0.0,1.0,1.0,1.0
3,195,0.0,5.26519342441551,1.0,1.0,0.0,0.0,1.0,0.0
4,195,6.483692883500878,0.0,1.0,0.0,1.0,1.0,1.0,0.0
5,195,6.731208125711168,11.792015934556591,1.0,0.0,1.0,1.0,0.0,0.0
6,195,2.863763087531912,5.851784218360043,1.0,1.0,0.0,0.0,0.0,0.0
7,195,3.638433962350627,8.288438174268158,0.0,0.0,0.0,0.0,0.0,0.0
8,195,8.88173503374428,7.1476133997988445,0.0,0.0,1.0,0.0,0.0,0.0
9,195,2.2514376116804584,5.082365266507392,0.0,0.0,0.0,1.0,1.0,0.0
10,195,6.577308140331611,3.439644766983068,0.0,0.0,1.0,0.0,0.0,0.0
11,195,0.0,5.314156025981456,0.0,0.0,0.0,1.0,1.0,0.0
12,195,5.357894808646322,1.29139043953468,0.0,1.0,0.0,1.0,1.0,1.0
13,195,11.071412526821774,0.0897753665786269,1.0,0.0,0.0,1.0,0.0,1.0
14,195,6.101057346454289,2.21368127738242,1.0,0.0,1.0,1.0,0.0,1.0
15,195,3.00486672435516,9.849360685611671,0.0,0.0,0.0,0.0,1.0,0.0
16,195,6.75635490321917,8.207854311711422,1.0,1.0,1.0,0.0,1.0,0.0
17,195,3.875644907356447,3.4255922178938274,0.0,0.0,0.0,0.0,1.0,0.0
18,195,5.71206326846187,0.5374669020914218,0.0,0.0,0.0,1.0,0.0,1.0
19,195,7.677340184339414,2.485908302566681,0.0,0.0,1.0,0.0,1.0,0.0
0,200,7.304855036186406,10.077632012857194,0.0,0.0,0.0,0.0,0.0,0.0
1,200,7.982517062369766,2.543826694550031,0.0,1.0,0.0,1.0,0.0,1.0
2,200,2.6487556568127584,4.528896687444362,0.0,1.0,0.0,1.0,1.0,1.0
3,200,0.0,5.274405502432198,1.0,1.0,0.0,0.0,1.0,0.0
4,200,6.346365587983784,0.0,1.0,0.0,1.0,1.0,1.0,0.0
5,200,6.706274885302744,11.789419105258398,1.0,0.0,1.0,1.0,0.0,0.0
6,200,2.933376304958025,5.744838405139974,1.0,1.0,0.0,0.0,0.0,0.0
7,200,3.5580711901138478,8.362382814956206,0.0,0.0,0.0,0.0,0.0,0.0
8,200,8.949237652589453,7.084662490640552,0.0,0.0,1.0,0.0,0.0,0.0
9,200,2.273700807892185,4.985189139822204,0.0,0.0,0.0,1.0,1.0,0.0
10,200,6.553689325689867,3.410766896419594,0.0,0.0,1.0,0.0,0.0,0.0
11,200,0.0,5.475697656599884,0.0,0.0,0.0,1.0,1.0,0.0
12,200,5.25375074885605,1.219396499652697,0.0,1.0,0.0,1.0,1.0,1.0
13,200,11.100252352679544,0.0,1.0,0.0,0.0,1.0,0.0,1.0
14,200,6.109870347793007,2.221378622909582,1.0,0.0,1.0,1.0,0.0,1.0
15,200,3.115767557934813,9.97559113128094,0.0,0.0,0.0,0.0,1.0,0.0
16,200,6.777193080219188,8.194399465384842,1.0,1.0,1.0,0.0,1.0,0.0
17,200,3.7163421766244,3.480555231094416,0.0,0.0,0.0,0.0,1.0,0.0
18,200,5.759080303701731,0.5228153921063303,0.0,0.0,0.0,1.0,0.0,1.0
19,200,7.681662605478055,2.4705743203733554,0.0,0.0,1.0,0.0,1.0,0.0
0,205,7.350233188301424,10.201937186697952,0.0,0.0,0.0,0.0,0.0,0.0
1,205,7.889497695138599,2.5736808228421166,0.0,1.0,0.0,1.0,0.0,1.0
2,205,2.686120955796224,4.562085212704843,0.0,1.0,0.0,1.0,1.0,1.0
3,205,0.0,5.290162885978174,1.0,1.0,0.0,0.0,1.0,0.0
4,205,6.206353543482239,0.0,1.0,0.0,1.0,1.0,1.0,0.0
5,205,6.702755893924285,11.827804465118671,1.0,0.0,1.0,1.0,0.0,0.0
6,205,3.0063346951981766,5.628320445377736,1.0,1.0,0.0,0.0,0.0,0.0
7,205,3.472023670621029,8.443629283762277,0.0,0.0,0.0,0.0,0.0,0.0
8,205,9.014059851190652,7.023410954920696,0.0,0.0,1.0,0.0,0.0,0.0
9,205,2.299416857070109,4.8811712201294775,0.0,0.0,0.0,1.0,1.0,0.0
10,205,6.524398196539794,3.3741113328156462,0.0,0.0,1.0,0.0,0.0,0.0
11,205,0.0,5.653131690406006,0.0,0.0,0.0,1.0,1.0,0.0
12,205,5.132808826629151,1.1405135765615588,0.0,1.0,0.0,1.0,1.0,1.0
13,205,11.130115999726367,0.0,1.0,0.0,0.0,1.0,0.0,1.0
14,205,6.120385435529317,2.230308456309265,1.0,0.0,1.0,1.0,0.0,1.0
15,205,3.227607396904137,10.099140555337216,0.0,0.0,0.0,0.0,1.0,0.0
16,205,6.79461478889605,8.183612755089959,1.0,1.0,1.0,0.0,1.0,0.0
17,205,3.5574736998125687,3.5316137993117542,0.0,0.0,0.0,0.0,1.0,0.0
18,205,5.80008189568755,0.5092923788451734,0.0,0.0,0.0,1.0,0.0,1.0
19,205,7.687249073401025,2.453524131757169,0.0,0.0,1.0,0.0,1.0,0.0
0,210,7.38849756967242,10.310533573535922,0.0,0.0,0.0,0.0,0.0,0.0
1,210,7.787519633258688,2.607578222383453,0.0,1.0,0.0,1.0,0.0,1.0
2,210,2.7174069841812787,4.589491028210965,0.0,1.0,0.0,1.0,1.0,1.0
3,210,0.0,5.301990603720224,1.0,1.0,0.0,0.0,1.0,0.0
4,210,6.0660680136897325,0.0,1.0,0.0,1.0,1.0,1.0,0.0
5,210,6.699857496327233,11.854506776838226,1.0,0.0,1.0,1.0,0.0,0.0
6,210,3.082047100009419,5.502261902579219,1.0,1.0,0.0,0.0,0.0,0.0
7,210,3.389034496377916,8.523367973851117,0.0,0.0,0.0,0.0,0.0,0.0
8,210,9.080187997844847,6.96411039217439,0.0,0.0,1.0,0.0,0.0,0.0
9,210,2.326627431185893,4.774854695033829,0.0,0.0,0.0,1.0,1.0,0.0
10,210,6.483782479939349,3.3235746434994287,0.0,0.0,1.0,0.0,0.0,0.0
11,210,0.0,5.835633342792603,0.0,0.0,0.0,1.0,1.0,0.0
12,210,5.025992060506552,1.0727761723203442,0.0,1.0,0.0,1.0,1.0,1.0
13,210,11.164819248940171,0.0,1.0,0.0,0.0,1.0,0.0,1.0
14,210,6.131417872506559,2.239811735825572,1.0,0.0,1.0,1.0,0.0,1.0
15,210,3.325737638483646,10.211804109842674,0.0,0.0,0.0,0.0,1.0,0.0
16,210,6.802426977480525,8.178775101668476,1.0,1.0,1.0,0.0,1.0,0.0
17,210,3.39318540186471,3.5823991392847523,0.0,0.0,0.0,0.0,1.0,0.0
18,210,5.8292031385256005,0.4999324158515267,0.0,0.0,0.0,1.0,0.0,1.0
19,210,7.692061406927685,2.4386713889635323,0.0,0.0,1.0,0.0,1.0,0.0
0,215,7.432134999290138,10.430737901824829,0.0,0.0,0.0,0.0,0.0,0.0
1,215,7.686741400157697,2.640426653023106,0.0,1.0,0.0,1.0,0.0,1.0
2,215,2.729584224588621,4.600257283025111,0.0,1.0,0.0,1.0,1.0,1.0
3,215,0.0,5.3189083409894655,1.0,1.0,0.0,0.0,1.0,0.0
4,215,5.934366077881455,0.0,1.0,0.0,1.0,1.0,1.0,0.0
5,215,6.695126888274585,11.897619855923008,1.0,0.0,1.0,1.0,0.0,0.0
6,215,3.156054365511568,5.376317057182639,1.0,1.0,0.0,0.0,0.0,0.0
7,215,3.328148227635886,8.581235863377389,0.0,0.0,0.0,0.0,0.0,0.0
8,215,9.181841412086763,6.871860625991352,0.0,0.0,1.0,0.0,0.0,0.0
9,215,2.3478790552132933,4.680965154824968,0.0,0.0,0.0,1.0,1.0,0.0
10,215,6.461503813325867,3.296708632949138,0.0,0.0,1.0,0.0,0.0,0.0
11,215,0.0,6.029985964266382,0.0,0.0,0.0,1.0,1.0,0.0
12,215,4.930712354195493,1.0150376780744226,0.0,1.0,0.0,1.0,1.0,1.0
13,215,11.200596006745204,0.0,1.0,0.0,0.0,1.0,0.0,1.0
14,215,6.162382781251902,2.265978303767882,1.0,0.0,1.0,1.0,0.0,1.0
15,215,3.429492336295349,10.333035791285884,0.0,0.0,0.0,0.0,1.0,0.0
16,215,6.817945242326803,8.16866512637069,1.0,1.0,1.0,0.0,1.0,0.0
17,215,3.2213222633699563,3.628024269631574,0.0,0.0,0.0,0.0,1.0,0.0
18,215,5.876228737759732,0.4845571471653466,0.0,0.0,0.0,1.0,0.0,1.0
19,215,7.704976978783335,2.399494770979358,0.0,0.0,1.0,0.0,1.0,0.0
0,220,7.479084008483408,10.569571028273618,0.0,0.0,0.0,0.0,0.0,0.0
1,220,7.563928917963861,2.680682829268803,0.0,1.0,0.0,1.0,0.0,1.0
2,220,2.752102281535232,4.6206116494764,0.0,1.0,0.0,1.0,1.0,1.0
3,220,0.0,5.336762015549946,1.0,1.0,0.0,0.0,1.0,0.0
4,220,5.799534115904965,0.0,1.0,0.0,1.0,1.0,1.0,0.0
5,220,6.691325217301553,11.941599420272926,1.0,0.0,1.0,1.0,0.0,0.0
6,220,3.225311969600459,5.2559984318669,1.0,1.0,0.0,0.0,0.0,0.0
7,220,3.266355255535251,8.637967203061482,0.0,0.0,0.0,0.0,0.0,0.0
8,220,9.284355132477756,6.775259412188758,0.0,0.0,1.0,0.0,0.0,0.0
9,220,2.240665117543837,4.6580237925036005,0.0,0.0,0.0,1.0,1.0,0.0
10,220,6.4465221220004585,3.278221518793212,0.0,0.0,1.0,0.0,0.0,0.0
11,220,0.0,6.226251520504184,0.0,0.0,0.0,1.0,1.0,0.0
12,220,4.82286980972376,0.9555120655940632,0.0,1.0,0.0,1.0,1.0,1.0
13,220,11.236642083479612,0.0,1.0,0.0,0.0,1.0,0.0,1.0
14,220,6.190699218446984,2.28961250805219,1.0,0.0,1.0,1.0,0.0,1.0
15,220,3.5241297716503137,10.439761659042698,0.0,0.0,0.0,0.0,1.0,0.0
16,220,6.846393148522056,8.150679740322126,1.0,1.0,1.0,0.0,1.0,0.0
17,220,3.0545215997586634,3.672626772387884,0.0,0.0,0.0,0.0,1.0,0.0
18,220,5.928777735001789,0.4675231321457952,0.0,0.0,0.0,1.0,0.0,1.0
19,220,7.719880564484369,2.359458534000805,0.0,0.0,1.0,0.0,1.0,0.0
0,225,7.531919182562267,10.710719380033284,0.0,0.0,0.0,0.0,0.0,0.0
1,225,7.432277968458655,2.730803852237617,0.0,1.0,0.0,1.0,0.0,1.0
2,225,2.771090076285835,4.637886380996844,0.0,1.0,0.0,1.0,1.0,1.0
3,225,0.0,5.3539656808176765,1.0,1.0,0.0,0.0,1.0,0.0
4,225,5.666196385937222,0.0,1.0,0.0,1.0,1.0,1.0,0.0
5,225,6.687008396186227,11.983865958776738,1.0,0.0,1.0,1.0,0.0,0.0
6,225,3.303779503096148,5.1180431788933,1.0,1.0,0.0,0.0,0.0,0.0
7,225,3.199325046556347,8.699151688072213,0.0,0.0,0.0,0.0,0.0,0.0
8,225,9.38769417150376,6.6828190929052935,0.0,0.0,1.0,0.0,0.0,0.0
9,225,2.121365711891378,4.633410536939102,0.0,0.0,0.0,1.0,1.0,0.0
10,225,6.446711978737579,3.2784350799489843,0.0,0.0,1.0,0.0,0.0,0.0
11,225,0.0,6.429765765200533,0.0,0.0,0.0,1.0,1.0,0.0
12,225,4.714691024907952,0.8946202431394145,0.0,1.0,0.0,1.0,1.0,1.0
13,225,11.26881970651065,0.0,1.0,0.0,0.0,1.0,0.0,1.0
14,225,6.218849665347379,2.3130254936259345,1.0,0.0,1.0,1.0,0.0,1.0
15,225,3.6159539082149847,10.543483412924704,0.0,0.0,0.0,0.0,1.0,0.0
16,225,6.885652141032852,8.125670685541426,1.0,1.0,1.0,0.0,1.0,0.0
17,225,2.9002656609895223,3.71612440727323,0.0,0.0,0.0,0.0,1.0,0.0
18,225,5.981892759794838,0.4507189996908811,0.0,0.0,0.0,1.0,0.0,1.0
19,225,7.729954419171884,2.3337468780185238,0.0,0.0,1.0,0.0,1.0,0.0
0,230,7.581930734877035,10.840062663974877,0.0,0.0,0.0,0.0,0.0,0.0
1,230,7.30803190234934,2.7751342158235124,0.0,1.0,0.0,1.0,0.0,1.0
2,230,2.7929991052881977,4.657253693058927,0.0,1.0,0.0,1.0,1.0,1.0
3,230,0.0,5.373441837832813,1.0,1.0,0.0,0.0,1.0,0.0
4,230,5.524355876582326,0.0,1.0,0.0,1.0,1.0,1.0,0.0
5,230,6.685096319079953,11.997117869500508,1.0,0.0,1.0,1.0,0.0,0.0
6,230,3.381533569863026,4.977968583689975,1.0,1.0,0.0,0.0,0.0,0.0
7,230,3.125002556318321,8.77150784142785,0.0,0.0,0.0,0.0,0.0,0.0
8,230,9.47775004534124,6.604010405646588,0.0,0.0,1.0,0.0,0.0,0.0
9,230,1.9819474777141477,4.6064077580965215,0.0,0.0,0.0,1.0,1.0,0.0
10,230,6.439151156309716,3.2702665701611067,0.0,0.0,1.0,0.0,0.0,0.0
11,230,0.0,6.662245285443318,0.0,0.0,0.0,1.0,1.0,0.0
12,230,4.604066996830336,0.8306293950637541,0.0,1.0,0.0,1.0,1.0,1.0
13,230,11.299511013708123,0.0,1.0,0.0,0.0,1.0,0.0,1.0
14,230,6.244922833466088,2.3354868760320406,1.0,0.0,1.0,1.0,0.0,1.0
15,230,3.7036413508201433,10.644675436235344,0.0,0.0,0.0,0.0,1.0,0.0
16,230,6.931631333773705,8.096400508061734,1.0,1.0,1.0,0.0,1.0,0.0
17,230,2.759395914029859,3.760240660555493,0.0,0.0,0.0,0.0,1.0,0.0
18,230,6.025507179701863,0.4378048938852474,0.0,0.0,0.0,1.0,0.0,1.0
19,230,7.741567251226554,2.302153494812759,0.0,0.0,1.0,0.0,1.0,0.0
0,235,7.629804977752198,10.97148246442733,0.0,0.0,0.0,0.0,0.0,0.0
1,235,7.19001067730774,2.81531502354784,0.0,1.0,0.0,1.0,0.0,1.0
2,235,2.8115390745640023,4.674228003291514,0.0,1.0,0.0,1.0,1.0,1.0
3,235,0.0,5.388372759739084,1.0,1.0,0.0,0.0,1.0,0.0
4,235,5.385074391431919,0.0,1.0,0.0,1.0,1.0,1.0,0.0
5,235,6.680983747705191,12.0,1.0,0.0,1.0,1.0,0.0,0.0
6,235,3.4580126290274915,4.831915643933932,1.0,1.0,0.0,0.0,0.0,0.0
7,235,3.0508217531664044,8.841463240437195,0.0,0.0,0.0,0.0,0.0,0.0
8,235,9.558281910847766,6.530972064226151,0.0,0.0,1.0,0.0,0.0,0.0
9,235,1.837611017931755,4.582377244961039,0.0,0.0,0.0,1.0,1.0,0.0
10,235,6.421935143219095,3.2520743347439374,0.0,0.0,1.0,0.0,0.0,0.0
11,235,0.0,6.89867520531185,0.0,0.0,0.0,1.0,1.0,0.0
12,235,4.503334234972703,0.7722325613296,0.0,1.0,0.0,1.0,1.0,1.0
13,235,11.327576331577788,0.0,1.0,0.0,0.0,1.0,0.0,1.0
14,235,6.273706356028573,2.3604719444053512,1.0,0.0,1.0,1.0,0.0,1.0
15,235,3.8064372251616128,10.561984462600606,0.0,0.0,0.0,0.0,1.0,0.0
16,235,6.978590815026439,8.0668939216866,1.0,1.0,1.0,0.0,1.0,0.0
17,235,2.607902599928276,3.802343672292758,0.0,0.0,0.0,0.0,1.0,0.0
18,235,6.057013312797085,0.4280882132880676,0.0,0.0,0.0,1.0,0.0,1.0
19,235,7.739401753030796,2.308741730108915,0.0,0.0,1.0,0.0,1.0,0.0
0,240,7.67890659886126,11.095642713291827,0.0,0.0,0.0,0.0,0.0,0.0
1,240,7.071767209140386,2.8544403976599955,0.0,1.0,0.0,1.0,0.0,1.0
2,240,2.8229958653684344,4.68432337097487,0.0,1.0,0.0,1.0,1.0,1.0
3,240,0.0,5.406057342074441,1.0,1.0,0.0,0.0,1.0,0.0
4,240,5.2397060803118425,0.0,1.0,0.0,1.0,1.0,1.0,0.0
5,240,6.676338199522034,12.0,1.0,0.0,1.0,1.0,0.0,0.0
6,240,3.53442621862511,4.688036102846137,1.0,1.0,0.0,0.0,0.0,0.0
7,240,2.977076542806833,8.9142225080594,0.0,0.0,0.0,0.0,0.0,0.0
8,240,9.617168508770858,6.4771270971640895,0.0,0.0,1.0,0.0,0.0,0.0
9,240,1.7212953544539351,4.565451819863069,0.0,0.0,0.0,1.0,1.0,0.0
10,240,6.403025659325138,3.2321535798125614,0.0,0.0,1.0,0.0,0.0,0.0
11,240,0.0,7.14636307941077,0.0,0.0,0.0,1.0,1.0,0.0
12,240,4.406839490104043,0.7157719878261729,0.0,1.0,0.0,1.0,1.0,1.0
13,240,11.354272882894008,0.0,1.0,0.0,0.0,1.0,0.0,1.0
14,240,6.307506864364497,2.3906832933716267,1.0,0.0,1.0,1.0,0.0,1.0
15,240,3.913258880717676,10.476735523835334,0.0,0.0,0.0,0.0,1.0,0.0
16,240,7.02342447500824,8.037151350307292,1.0,1.0,1.0,0.0,1.0,0.0
17,240,2.432401376532524,3.851673498008144,0.0,0.0,0.0,0.0,1.0,0.0
18,240,6.104499561648804,0.415060856646869,0.0,0.0,0.0,1.0,0.0,1.0
19,240,7.7328472500768095,2.328662876369005,0.0,0.0,1.0,0.0,1.0,0.0
0,245,7.727032726159798,11.214100438370556,0.0,0.0,0.0,0.0,0.0,0.0
1,245,6.963874004125771,2.8892590692249507,0.0,1.0,0.0,1.0,0.0,1.0
2,245,2.8149446280614647,4.676924202873182,0.0,1.0,0.0,1.0,1.0,1.0
3,245,0.0,5.424765258190447,1.0,1.0,0.0,0.0,1.0,0.0
4,245,5.079429234499434,0.0,1.0,0.0,1.0,1.0,1.0,0.0
5,245,6.66907924523234,12.0,1.0,0.0,1.0,1.0,0.0,0.0
6,245,3.624392476967712,4.522992622728433,1.0,1.0,0.0,0.0,0.0,0.0
7,245,2.9101267786926126,8.980451567632652,0.0,0.0,0.0,0.0,0.0,0.0
8,245,9.681100129406335,6.418099924557577,0.0,0.0,1.0,0.0,0.0,0.0
9,245,1.5819534741970454,4.551687731303872,0.0,0.0,0.0,1.0,1.0,0.0
10,245,6.383762982005723,3.2117184086765915,0.0,0.0,1.0,0.0,0.0,0.0
11,245,0.0,7.391294884013076,0.0,0.0,0.0,1.0,1.0,0.0
12,245,4.303809093698227,0.657431586327235,0.0,1.0,0.0,1.0,1.0,1.0
13,245,11.3811895977525,0.0,1.0,0.0,0.0,1.0,0.0,1.0
14,245,6.331780107965461,2.4114002776443626,1.0,0.0,1.0,1.0,0.0,1.0
15,245,4.006805488472761,10.403371876369944,0.0,0.0,0.0,0.0,1.0,0.0
16,245,7.078850172175093,8.002628681217551,1.0,1.0,1.0,0.0,1.0,0.0
17,245,2.258739779528878,3.9028264470288176,0.0,0.0,0.0,0.0,1.0,0.0
18,245,6.172005003643017,0.3983204677128874,0.0,0.0,0.0,1.0,0.0,1.0
19,245,7.725694840535986,2.351121154926933,0.0,0.0,1.0,0.0,1.0,0.0
0,250,7.776580919784231,11.342353037083008,0.0,0.0,0.0,0.0,0.0,0.0
1,250,6.835055159742635,2.9328732555292225,0.0,1.0,0.0,1.0,0.0,1.0
2,250,2.8025986765759927,4.665529846755653,0.0,1.0,0.0,1.0,1.0,1.0
3,250,0.0,5.438360750114513,1.0,1.0,0.0,0.0,1.0,0.0
4,250,4.925539162824574,0.0,1.0,0.0,1.0,1.0,1.0,0.0
5,250,6.664625307263145,12.0,1.0,0.0,1.0,1.0,0.0,0.0
6,250,3.709753024533371,4.368902878755192,1.0,1.0,0.0,0.0,0.0,0.0
7,250,2.838046807736125,9.054310629950386,0.0,0.0,0.0,0.0,0.0,0.0
8,250,9.730028409263513,6.472524342041246,0.0,0.0,1.0,0.0,0.0,0.0
9,250,1.446848517274776,4.540725271739757,0.0,0.0,0.0,1.0,1.0,0.0
10,250,6.3609301074045375,3.1866875845984843,0.0,0.0,1.0,0.0,0.0,0.0
11,250,0.0,7.627084394134373,0.0,0.0,0.0,1.0,1.0,0.0
12,250,4.210428124581252,0.6068578554974415,0.0,1.0,0.0,1.0,1.0,1.0
13,250,11.400757847397427,0.0,1.0,0.0,0.0,1.0,0.0,1.0
14,250,6.373599505511602,2.4485145920123896,1.0,0.0,1.0,1.0,0.0,1.0
15,250,4.088641685837582,10.33936997398523,0.0,0.0,0.0,0.0,1.0,0.0
16,250,7.150777031621105,7.955916777802246,1.0,1.0,1.0,0.0,1.0,0.0
17,250,2.0863957144416845,3.957729939086934,0.0,0.0,0.0,0.0,1.0,0.0
18,250,6.235602968337246,0.3821714640741402,0.0,0.0,0.0,1.0,0.0,1.0
19,250,7.713191406401322,2.3880209868836872,0.0,0.0,1.0,0.0,1.0,0.0
0,255,7.822862661624626,11.456910327130112,0.0,0.0,0.0,0.0,0.0,0.0
1,255,6.716137692425746,2.972044774795049,0.0,1.0,0.0,1.0,0.0,1.0
2,255,2.791334848585704,4.655233469617534,0.0,1.0,0.0,1.0,1.0,1.0
3,255,0.0,5.452896888557145,1.0,1.0,0.0,0.0,1.0,0.0
4,255,4.76722002403258,0.0,1.0,0.0,1.0,1.0,1.0,0.0
5,255,6.660973612301367,12.0,1.0,0.0,1.0,1.0,0.0,0.0
6,255,3.801675328003293,4.213295842273896,1.0,1.0,0.0,0.0,0.0,0.0
7,255,2.7640132577463827,9.13090632835215,0.0,0.0,0.0,0.0,0.0,0.0
8,255,9.771008409775284,6.516780156760514,0.0,0.0,1.0,0.0,0.0,0.0
9,255,1.3060307361167591,4.528146849664066,0.0,0.0,0.0,1.0,1.0,0.0
10,255,6.322252380203656,3.1449116578077865,0.0,0.0,1.0,0.0,0.0,0.0
11,255,0.0,7.855387181819826,0.0,0.0,0.0,1.0,1.0,0.0
12,255,4.128314407661798,0.5602889376675485,0.0,1.0,0.0,1.0,1.0,1.0
13,255,11.420693719346447,0.0,1.0,0.0,0.0,1.0,0.0,1.0
14,255,6.407747591493038,2.478401978083331,1.0,0.0,1.0,1.0,0.0,1.0
15,255,4.181359764516457,10.269838814458527,0.0,0.0,0.0,0.0,1.0,0.0
16,255,7.217071743338581,7.91462694681036,1.0,1.0,1.0,0.0,1.0,0.0
17,255,1.91397670747834,4.008079072769897,0.0,0.0,0.0,0.0,1.0,0.0
18,255,6.26976815885899,0.373471076906694,0.0,0.0,0.0,1.0,0.0,1.0
19,255,7.70385959364225,2.417857343483651,0.0,0.0,1.0,0.0,1.0,0.0
0,260,7.879735645052449,11.596085911493557,0.0,0.0,0.0,0.0,0.0,0.0
1,260,6.592948332794645,3.017418394493083,0.0,1.0,0.0,1.0,0.0,1.0
2,260,2.784956413636152,4.649641873368028,0.0,1.0,0.0,1.0,1.0,1.0
3,260,0.0,5.466539740089436,1.0,1.0,0.0,0.0,1.0,0.0
4,260,4.613408643887403,0.0,1.0,0.0,1.0,1.0,1.0,0.0
5,260,6.658950803428512,12.0,1.0,0.0,1.0,1.0,0.0,0.0
6,260,3.8906307045207607,4.049721267579187,1.0,1.0,0.0,0.0,0.0,0.0
7,260,2.70943558221345,9.188499676945977,0.0,0.0,0.0,0.0,0.0,0.0
8,260,9.812861569090892,6.5614179319181085,0.0,0.0,1.0,0.0,0.0,0.0
9,260,1.1635391825165295,4.516958852973859,0.0,0.0,0.0,1.0,1.0,0.0
10,260,6.2818974612498,3.1031329301473294,0.0,0.0,1.0,0.0,0.0,0.0
11,260,0.0,8.099324672980284,0.0,0.0,0.0,1.0,1.0,0.0
12,260,4.074076008507022,0.5288495842423784,0.0,1.0,0.0,1.0,1.0,1.0
13,260,11.438973716678047,0.0,1.0,0.0,0.0,1.0,0.0,1.0
14,260,6.444078876344361,2.508481962000093,1.0,0.0,1.0,1.0,0.0,1.0
15,260,4.2705333925353655,10.198623906844125,0.0,0.0,0.0,0.0,1.0,0.0
16,260,7.279362099131915,7.875482004210712,1.0,1.0,1.0,0.0,1.0,0.0
17,260,1.7309703261276206,4.065337384875331,0.0,0.0,0.0,0.0,1.0,0.0
18,260,6.298562072961186,0.3668826278477844,0.0,0.0,0.0,1.0,0.0,1.0
19,260,7.689228639519629,2.465120657262086,0.0,0.0,1.0,0.0,1.0,0.0
0,265,7.928379867482898,11.719425542829784,0.0,0.0,0.0,0.0,0.0,0.0
1,265,6.455727364729426,3.0697660719476616,0.0,1.0,0.0,1.0,0.0,1.0
2,265,2.780256358355271,4.645586027515056,0.0,1.0,0.0,1.0,1.0,1.0
3,265,0.0,5.46553825923717,1.0,1.0,0.0,0.0,1.0,0.0
4,265,4.453099862277388,0.0,1.0,0.0,1.0,1.0,1.0,0.0
5,265,6.656594066368336,12.0,1.0,0.0,1.0,1.0,0.0,0.0
6,265,3.98133000711115,3.878991675490693,1.0,1.0,0.0,0.0,0.0,0.0
7,265,2.651838537951838,9.247385805681311,0.0,0.0,0.0,0.0,0.0,0.0
8,265,9.855013146680568,6.606858481750795,0.0,0.0,1.0,0.0,0.0,0.0
9,265,1.0221536786058207,4.507493249542328,0.0,0.0,0.0,1.0,1.0,0.0
10,265,6.251205430712606,3.071376699930058,0.0,0.0,1.0,0.0,0.0,0.0
11,265,0.0,8.35369005344314,0.0,0.0,0.0,1.0,1.0,0.0
12,265,4.014647415367613,0.4925358813350065,0.0,1.0,0.0,1.0,1.0,1.0
13,265,11.45445305105464,0.0,1.0,0.0,0.0,1.0,0.0,1.0
14,265,6.473352587293295,2.5330976743203597,1.0,0.0,1.0,1.0,0.0,1.0
15,265,4.358689538492797,10.127967465425918,0.0,0.0,0.0,0.0,1.0,0.0
16,265,7.3428267541917505,7.836483455986194,1.0,1.0,1.0,0.0,1.0,0.0
17,265,1.544488591920603,4.113573156784507,0.0,0.0,0.0,0.0,1.0,0.0
18,265,6.345196680995272,0.3560095205766796,0.0,0.0,0.0,1.0,0.0,1.0
19,265,7.676836902706869,2.504417349797278,0.0,0.0,1.0,0.0,1.0,0.0
0,270,7.977890582653869,11.844566997798134,0.0,0.0,0.0,0.0,0.0,0.0
1,270,6.345954669953872,3.11494317114789,0.0,1.0,0.0,1.0,0.0,1.0
2,270,2.771940621790119,4.638150035807215,0.0,1.0,0.0,1.0,1.0,1.0
3,270,0.0,5.460600820738407,1.0,1.0,0.0,0.0,1.0,0.0
4,270,4.311733583647184,0.0,1.0,0.0,1.0,1.0,1.0,0.0
5,270,6.652925020247313,12.0,1.0,0.0,1.0,1.0,0.0,0.0
6,270,4.070887152774254,3.7121870388899767,1.0,1.0,0.0,0.0,0.0,0.0
7,270,2.594214070691719,9.310117856235149,0.0,0.0,0.0,0.0,0.0,0.0
8,270,9.891336406790884,6.6472430391990605,0.0,0.0,1.0,0.0,0.0,0.0
9,270,0.8710996491975932,4.498996698738794,0.0,0.0,0.0,1.0,1.0,0.0
10,270,6.228739006882386,3.047516882079965,0.0,0.0,1.0,0.0,0.0,0.0
11,270,0.0,8.611594021854783,0.0,0.0,0.0,1.0,1.0,0.0
12,270,3.948029426451245,0.4515298496296026,0.0,1.0,0.0,1.0,1.0,1.0
13,270,11.466695101488128,0.0,1.0,0.0,0.0,1.0,0.0,1.0
14,270,6.480341574798355,2.539259452314546,1.0,0.0,1.0,1.0,0.0,1.0
15,270,4.448149615553206,10.06187493011308,0.0,0.0,0.0,0.0,1.0,0.0
16,270,7.395545138977235,7.802449227825688,1.0,1.0,1.0,0.0,1.0,0.0
17,270,1.3648076368306057,4.158764512040989,0.0,0.0,0.0,0.0,1.0,0.0
18,270,6.405621617875159,0.341665551030692,0.0,0.0,0.0,1.0,0.0,1.0
19,270,7.66273274005395,2.549294224403179,0.0,0.0,1.0,0.0,1.0,0.0
0,275,8.02903535154144,11.988754130530026,0.0,0.0,0.0,0.0,0.0,0.0
1,275,6.232082878717766,3.1608671169569704,0.0,1.0,0.0,1.0,0.0,1.0
2,275,2.779237182224476,4.645129024104798,0.0,1.0,0.0,1.0,1.0,1.0
3,275,0.0,5.455426215205401,1.0,1.0,0.0,0.0,1.0,0.0
4,275,4.178285586345021,0.0,1.0,0.0,1.0,1.0,1.0,0.0
5,275,6.649118446612343,12.0,1.0,0.0,1.0,1.0,0.0,0.0
6,275,4.16246841068707,3.5341503517671606,1.0,1.0,0.0,0.0,0.0,0.0
7,275,2.5412522296326863,9.371457949834603,0.0,0.0,0.0,0.0,0.0,0.0
8,275,9.918257780885863,6.678388342844926,0.0,0.0,1.0,0.0,0.0,0.0
9,275,0.7203393343822844,4.49267643699445,0.0,0.0,0.0,1.0,1.0,0.0
10,275,6.216381403701121,3.0334342455889423,0.0,0.0,1.0,0.0,0.0,0.0
11,275,0.0,8.877038817699505,0.0,0.0,0.0,1.0,1.0,0.0
12,275,3.8619368014630022,0.3999650098206598,0.0,1.0,0.0,1.0,1.0,1.0
13,275,11.476576702368307,0.0,1.0,0.0,0.0,1.0,0.0,1.0
14,275,6.490950594213357,2.548588400211692,1.0,0.0,1.0,1.0,0.0,1.0
15,275,4.542632115840779,9.989906779515351,0.0,0.0,0.0,0.0,1.0,0.0
16,275,7.457601899579461,7.761170931280305,1.0,1.0,1.0,0.0,1.0,0.0
17,275,1.1979718641399912,4.195390692313227,0.0,0.0,0.0,0.0,1.0,0.0
18,275,6.496066222620208,0.3201196066338286,0.0,0.0,0.0,1.0,0.0,1.0
19,275,7.656782549772728,2.5695057573167968,0.0,0.0,1.0,0.0,1.0,0.0
0,280,8.082382172995398,12.0,0.0,0.0,0.0,0.0,0.0,0.0
1,280,6.123435175072856,3.2019274975579024,0.0,1.0,0.0,1.0,0.0,1.0
2,280,2.802886290897852,4.667822144870836,0.0,1.0,0.0,1.0,1.0,1.0
3,280,0.0,5.450246980143651,1.0,1.0,0.0,0.0,1.0,0.0
4,280,4.057777036880957,0.0,1.0,0.0,1.0,1.0,1.0,0.0
5,280,6.6460168660619,12.0,1.0,0.0,1.0,1.0,0.0,0.0
6,280,4.244060128345481,3.375838601444419,1.0,1.0,0.0,0.0,0.0,0.0
7,280,2.4968078127830013,9.422931207615685,0.0,0.0,0.0,0.0,0.0,0.0
8,280,9.96194934551141,6.729006292656227,0.0,0.0,1.0,0.0,0.0,0.0
9,280,0.5866109467307681,4.486128762775316,0.0,0.0,0.0,1.0,1.0,0.0
10,280,6.190297689051557,3.0048271714483348,0.0,0.0,1.0,0.0,0.0,0.0
11,280,0.0,9.162715850789375,0.0,0.0,0.0,1.0,1.0,0.0
12,280,3.754671708537239,0.3381950358455814,0.0,1.0,0.0,1.0,1.0,1.0
13,280,11.489177042643297,0.0,1.0,0.0,0.0,1.0,0.0,1.0
14,280,6.496140933699382,2.553120949361804,1.0,0.0,1.0,1.0,0.0,1.0
15,280,4.64009739086868,9.916018178701709,0.0,0.0,0.0,0.0,1.0,0.0
16,280,7.519565875719893,7.72051536589121,1.0,1.0,1.0,0.0,1.0,0.0
17,280,1.0017118660645754,4.236674382357388,0.0,0.0,0.0,0.0,1.0,0.0
18,280,6.5706355090844575,0.3025161505216067,0.0,0.0,0.0,1.0,0.0,1.0
19,280,7.649767725504139,2.5951120591806527,0.0,0.0,1.0,0.0,1.0,0.0
0,285,8.129542464582247,12.0,0.0,0.0,0.0,0.0,0.0,0.0
1,285,5.993315321626081,3.2514825276377985,0.0,1.0,0.0,1.0,0.0,1.0
2,285,2.820406318032717,4.685493487335672,0.0,1.0,0.0,1.0,1.0,1.0
3,285,0.0,5.449872859501911,1.0,1.0,0.0,0.0,1.0,0.0
4,285,3.9402124799892433,0.0,1.0,0.0,1.0,1.0,1.0,0.0
5,285,6.642195319828857,12.0,1.0,0.0,1.0,1.0,0.0,0.0
6,285,4.328952960328771,3.206038747649403,1.0,1.0,0.0,0.0,0.0,0.0
7,285,2.453837031499478,9.47032844679893,0.0,0.0,0.0,0.0,0.0,0.0
8,285,10.002965765146708,6.779686568907136,0.0,0.0,1.0,0.0,0.0,0.0
9,285,0.4404784618764345,4.479380734112569,0.0,0.0,0.0,1.0,1.0,0.0
10,285,6.150761350540543,2.96194908532637,0.0,0.0,1.0,0.0,0.0,0.0
11,285,0.0,9.440770782209162,0.0,0.0,0.0,1.0,1.0,0.0
12,285,3.658292649441896,0.2846104615263098,0.0,1.0,0.0,1.0,1.0,1.0
13,285,11.501573659237357,0.0,1.0,0.0,0.0,1.0,0.0,1.0
14,285,6.510059198722956,2.565394114588991,1.0,0.0,1.0,1.0,0.0,1.0
15,285,4.739788516514743,9.837647819302218,0.0,0.0,0.0,0.0,1.0,0.0
16,285,7.571508235459497,7.687637665048012,1.0,1.0,1.0,0.0,1.0,0.0
17,285,0.796049593094532,4.287447264728715,0.0,0.0,0.0,0.0,1.0,0.0
18,285,6.647915306077449,0.2848744650548147,0.0,0.0,0.0,1.0,0.0,1.0
19,285,7.638150147223114,2.632189947544223,0.0,0.0,1.0,0.0,1.0,0.0
0,290,8.178084103326025,12.0,0.0,0.0,0.0,0.0,0.0,0.0
1,290,5.878363631348929,3.2918262802686407,0.0,1.0,0.0,1.0,0.0,1.0
2,290,2.836854047593629,4.70297855344408,0.0,1.0,0.0,1.0,1.0,1.0
3,290,0.0,5.451898332127717,1.0,1.0,0.0,0.0,1.0,0.0
4,290,3.817760658930457,0.0,1.0,0.0,1.0,1.0,1.0,0.0
5,290,6.637822868206623,12.0,1.0,0.0,1.0,1.0,0.0,0.0
6,290,4.4198053493624565,3.0332619851971967,1.0,1.0,0.0,0.0,0.0,0.0
7,290,2.4025995557624733,9.52727154352403,0.0,0.0,0.0,0.0,0.0,0.0
8,290,10.02780050698992,6.809567219942463,0.0,0.0,1.0,0.0,0.0,0.0
9,290,0.3066607591191174,4.467355565836916,0.0,0.0,0.0,1.0,1.0,0.0
10,290,6.107080277245841,2.9187222388440746,0.0,0.0,1.0,0.0,0.0,0.0
11,290,0.0,9.748172326440734,0.0,0.0,0.0,1.0,1.0,0.0
12,290,3.550787889833519,0.224869517179303,0.0,1.0,0.0,1.0,1.0,1.0
13,290,11.51296769458908,0.0,1.0,0.0,0.0,1.0,0.0,1.0
14,290,6.521252369371046,2.575195024958865,1.0,0.0,1.0,1.0,0.0,1.0
15,290,4.842539521219809,9.763470425889468,0.0,0.0,0.0,0.0,1.0,0.0
16,290,7.606865824083814,7.66538157929752,1.0,1.0,1.0,0.0,1.0,0.0
17,290,0.5874750730344867,4.34222694667177,0.0,0.0,0.0,0.0,1.0,0.0
18,290,6.723843811682152,0.2660880412699168,0.0,0.0,0.0,1.0,0.0,1.0
19,290,7.623109128086131,2.6793559578107056,0.0,0.0,1.0,0.0,1.0,0.0
0,295,8.226495246068378,12.0,0.0,0.0,0.0,0.0,0.0,0.0
1,295,5.756630429512643,3.336619620960574,0.0,1.0,0.0,1.0,0.0,1.0
2,295,2.8624868680995963,4.73079731742232,0.0,1.0,0.0,1.0,1.0,1.0
3,295,0.0,5.445393439152684,1.0,1.0,0.0,0.0,1.0,0.0
4,295,3.6889993758797375,0.0,1.0,0.0,1.0,1.0,1.0,0.0
5,295,6.635599726039548,12.0,1.0,0.0,1.0,1.0,0.0,0.0
6,295,4.520436965584596,2.854931621769919,1.0,1.0,0.0,0.0,0.0,0.0
7,295,2.3572873811158725,9.575798367426492,0.0,0.0,0.0,0.0,0.0,0.0
8,295,10.049814076394906,6.835884275976592,0.0,0.0,1.0,0.0,0.0,0.0
9,295,0.1792351959205757,4.452432521381238,0.0,0.0,0.0,1.0,1.0,0.0
10,295,6.059911557535595,2.871929376937062,0.0,0.0,1.0,0.0,0.0,0.0
11,295,0.0,10.08392552816772,0.0,0.0,0.0,1.0,1.0,0.0
12,295,3.445416256821745,0.1692561915075615,0.0,1.0,0.0,1.0,1.0,1.0
13,295,11.52344537889865,0.0,1.0,0.0,0.0,1.0,0.0,1.0
14,295,6.5172983416280825,2.571923261285647,1.0,0.0,1.0,1.0,0.0,1.0
15,295,4.933349953386159,9.696237998665191,0.0,0.0,0.0,0.0,1.0,0.0
16,295,7.6369226513639585,7.646782678587845,1.0,1.0,1.0,0.0,1.0,0.0
17,295,0.3687994631544738,4.401047688960082,0.0,0.0,0.0,0.0,1.0,0.0
18,295,6.813714586403887,0.2447414911176617,0.0,0.0,0.0,1.0,0.0,1.0
19,295,7.614598814268009,2.708129447791805,0.0,0.0,1.0,0.0,1.0,0.0
