0,0,0.0,9.04631667213438,0.0,0.0,0.0,0.0,0.0,1.0
1,0,3.017669832539842,1.957654140994548,1.0,1.0,1.0,0.0,1.0,1.0
2,0,6.956906791449483,11.97830719316497,1.0,1.0,0.0,0.0,0.0,0.0
3,0,3.030183661411581,3.972806712136903,0.0,1.0,0.0,0.0,0.0,0.0
4,0,10.046988395754704,6.980621276801018,0.0,0.0,0.0,1.0,1.0,1.0
5,0,5.056844921468736,5.056297175188368,0.0,0.0,0.0,0.0,0.0,0.0
6,0,1.0431822464436171,4.998143024787387,0.0,0.0,1.0,0.0,0.0,1.0
7,0,7.034936626577645,10.932821704000675,0.0,0.0,1.0,1.0,0.0,0.0
8,0,4.977052586235591,7.948707825732393,1.0,0.0,0.0,1.0,1.0,1.0
9,0,2.9572381364274927,8.95939395152112,0.0,1.0,0.0,1.0,0.0,1.0
10,0,9.057069330749762,3.9542621239973386,0.0,0.0,0.0,0.0,0.0,0.0
11,0,4.976629930403195,0.0,1.0,0.0,1.0,0.0,1.0,0.0
12,0,9.001271627265162,4.973688596373251,0.0,1.0,0.0,1.0,0.0,0.0
13,0,10.041490059881657,2.965059179628847,1.0,0.0,1.0,0.0,0.0,0.0
14,0,10.03124205048286,9.040674955977808,0.0,0.0,0.0,1.0,1.0,0.0
15,0,10.053055203878502,0.9805444625687612,0.0,0.0,0.0,1.0,1.0,1.0
16,0,4.038810089122439,1.973709556044932,0.0,0.0,1.0,0.0,1.0,1.0
17,0,8.061472681864757,5.001663782413907,1.0,0.0,0.0,0.0,1.0,1.0
18,0,0.0,1.946546726662347,1.0,0.0,0.0,0.0,0.0,1.0
19,0,10.049712316443076,0.9971427509484694,0.0,1.0,1.0,0.0,0.0,0.0
0,5,0.0,9.112030753404964,0.0,0.0,0.0,0.0,0.0,1.0
1,5,3.037169823250688,1.911133348915808,1.0,1.0,1.0,0.0,1.0,1.0
2,5,6.910203972291179,11.95461094626737,1.0,1.0,0.0,0.0,0.0,0.0
3,5,3.072910350242706,3.934229806385636,0.0,1.0,0.0,0.0,0.0,0.0
4,5,10.082079671973135,6.966150791778799,0.0,0.0,0.0,1.0,1.0,1.0
5,5,5.10645043483835,5.103913359432282,0.0,0.0,0.0,0.0,0.0,0.0
6,5,1.0728795374864792,4.995431402840612,0.0,0.0,1.0,0.0,0.0,1.0
7,5,7.061995251871443,10.879973646274411,0.0,0.0,1.0,1.0,0.0,0.0
8,5,5.042722010763126,7.917010204715989,1.0,0.0,0.0,1.0,1.0,1.0
9,5,2.9198650950807883,8.92361636287973,0.0,1.0,0.0,1.0,0.0,1.0
10,5,9.106490206443125,3.916435006618083,0.0,0.0,0.0,0.0,0.0,0.0
11,5,4.949900059327107,0.0,1.0,0.0,1.0,0.0,1.0,0.0
12,5,9.002004095954094,4.9552386667867285,0.0,1.0,0.0,1.0,0.0,0.0
13,5,10.0742135150059,2.93748652459614,1.0,0.0,1.0,0.0,0.0,0.0
14,5,10.066428219005006,9.086405802751148,0.0,0.0,0.0,1.0,1.0,0.0
15,5,10.093165903635104,0.9645634811410622,0.0,0.0,0.0,1.0,1.0,1.0
16,5,4.095105302929858,1.9348140722959692,0.0,0.0,1.0,0.0,1.0,1.0
17,5,8.113394344153718,5.004133227075188,1.0,0.0,0.0,0.0,1.0,1.0
18,5,0.0,1.8996811097472923,1.0,0.0,0.0,0.0,0.0,1.0
19,5,10.101125149483334,0.995736675072845,0.0,1.0,1.0,0.0,0.0,0.0
0,10,0.0,9.203752976231776,0.0,0.0,0.0,0.0,0.0,1.0
1,10,3.062618095133629,1.8519245403775928,1.0,1.0,1.0,0.0,1.0,1.0
2,10,6.900439486547919,11.949867526037194,1.0,1.0,0.0,0.0,0.0,0.0
3,10,3.129279728436614,3.883426922485219,0.0,1.0,0.0,0.0,0.0,0.0
4,10,10.12323312797601,6.949712008158392,0.0,0.0,0.0,1.0,1.0,1.0
5,10,5.149738757301066,5.14719895511056,0.0,0.0,0.0,0.0,0.0,0.0
6,10,1.1046966758430972,4.992271918348012,0.0,0.0,1.0,0.0,0.0,1.0
7,10,7.089861788278805,10.824816294906473,0.0,0.0,1.0,1.0,0.0,0.0
8,10,5.105391552945714,7.885815429119313,1.0,0.0,0.0,1.0,1.0,1.0
9,10,2.890937129470921,8.896351331294763,0.0,1.0,0.0,1.0,0.0,1.0
10,10,9.165367185792496,3.868938957338695,0.0,0.0,0.0,0.0,0.0,0.0
11,10,4.920279982131883,0.0,1.0,0.0,1.0,0.0,1.0,0.0
12,10,9.002531627751605,4.943635526100846,0.0,1.0,0.0,1.0,0.0,0.0
13,10,10.088020277082942,2.925985679255529,1.0,0.0,1.0,0.0,0.0,0.0
14,10,10.098346923516742,9.12632392379306,0.0,0.0,0.0,1.0,1.0,0.0
15,10,10.110424627158707,0.957947375662744,0.0,0.0,0.0,1.0,1.0,1.0
16,10,4.141966546670361,1.9019246485156716,0.0,0.0,1.0,0.0,1.0,1.0
17,10,8.195391748213579,5.006558193853602,1.0,0.0,0.0,0.0,1.0,1.0
18,10,0.0,1.8700027131984924,1.0,0.0,0.0,0.0,0.0,1.0
19,10,10.14318211873213,0.9945617611771586,0.0,1.0,1.0,0.0,0.0,0.0
0,15,0.0,9.289486198021676,0.0,0.0,0.0,0.0,0.0,1.0
1,15,3.085895516898334,1.7995111676732438,1.0,1.0,1.0,0.0,1.0,1.0
2,15,6.888493609048929,11.943810157273044,1.0,1.0,0.0,0.0,0.0,0.0
3,15,3.1829645748155837,3.832777501706604,0.0,1.0,0.0,0.0,0.0,0.0
4,15,10.152404022786737,6.938551490536145,0.0,0.0,0.0,1.0,1.0,1.0
5,15,5.163238969353018,5.160570285876474,0.0,0.0,0.0,0.0,0.0,0.0
6,15,1.1230745590236009,4.990523933662469,0.0,0.0,1.0,0.0,0.0,1.0
7,15,7.115367682987981,10.771988994872547,0.0,0.0,1.0,1.0,0.0,0.0
8,15,5.187915674770403,7.846554637087952,1.0,0.0,0.0,1.0,1.0,1.0
9,15,2.865503464699324,8.871855037546872,0.0,1.0,0.0,1.0,0.0,1.0
10,15,9.229774788831694,3.819441956520606,0.0,0.0,0.0,0.0,0.0,0.0
11,15,4.888496886783903,0.0,1.0,0.0,1.0,0.0,1.0,0.0
12,15,9.002863577993226,4.922658469267943,0.0,1.0,0.0,1.0,0.0,0.0
13,15,10.103081578263506,2.91336459828394,1.0,0.0,1.0,0.0,0.0,0.0
14,15,10.148862717622736,9.189242903424509,0.0,0.0,0.0,1.0,1.0,0.0
15,15,10.121151895166722,0.9538544016518872,0.0,0.0,0.0,1.0,1.0,1.0
16,15,4.160669728065644,1.8886012233888003,0.0,0.0,1.0,0.0,1.0,1.0
17,15,8.263702776164328,5.010185241383663,1.0,0.0,0.0,0.0,1.0,1.0
18,15,0.0,1.8301059009126568,1.0,0.0,0.0,0.0,0.0,1.0
19,15,10.160984757833592,0.9941002489513352,0.0,1.0,1.0,0.0,0.0,0.0
0,20,0.0,9.3573046048892,0.0,0.0,0.0,0.0,0.0,1.0
1,20,3.1058249916202367,1.7536209012457311,1.0,1.0,1.0,0.0,1.0,1.0
2,20,6.857264890283759,11.928811418014533,1.0,1.0,0.0,0.0,0.0,0.0
3,20,3.2438788352311843,3.772069287482356,0.0,1.0,0.0,0.0,0.0,0.0
4,20,10.187446910156936,6.9248079242447895,0.0,0.0,0.0,1.0,1.0,1.0
5,20,5.163487631583678,5.160827155396654,0.0,0.0,0.0,0.0,0.0,0.0
6,20,1.1308237473356475,4.989932518547104,0.0,0.0,1.0,0.0,0.0,1.0
7,20,7.139192743532719,10.720477227283336,0.0,0.0,1.0,1.0,0.0,0.0
8,20,5.26816719438076,7.810472586391682,1.0,0.0,0.0,1.0,1.0,1.0
9,20,2.838603994660907,8.847060347790634,0.0,1.0,0.0,1.0,0.0,1.0
10,20,9.29011203422956,3.773782275018689,0.0,0.0,0.0,0.0,0.0,0.0
11,20,4.8547787944609375,0.0,1.0,0.0,1.0,0.0,1.0,0.0
12,20,9.002771484896588,4.902814960156639,0.0,1.0,0.0,1.0,0.0,0.0
13,20,10.11475784908225,2.903483642088135,1.0,0.0,1.0,0.0,0.0,0.0
14,20,10.177034452968142,9.224452111541224,0.0,0.0,0.0,1.0,1.0,0.0
15,20,10.14993604372417,0.9416805969219908,0.0,0.0,0.0,1.0,1.0,1.0
16,20,4.172796155801863,1.8798850510094791,0.0,0.0,1.0,0.0,1.0,1.0
17,20,8.31349350817164,5.012765593435666,1.0,0.0,0.0,0.0,1.0,1.0
18,20,0.0,1.757038437421441,1.0,0.0,0.0,0.0,0.0,1.0
19,20,10.177732937108129,0.9934222859370154,0.0,1.0,1.0,0.0,0.0,0.0
0,25,0.0,9.43764541258428,0.0,0.0,0.0,0.0,0.0,1.0
1,25,3.1213940141004195,1.7160128235424803,1.0,1.0,1.0,0.0,1.0,1.0
2,25,6.849024519442551,11.92486417463252,1.0,1.0,0.0,0.0,0.0,0.0
3,25,3.302640721441951,3.713282865966586,0.0,1.0,0.0,0.0,0.0,0.0
4,25,10.237166112385768,6.905635558504772,0.0,0.0,0.0,1.0,1.0,1.0
5,25,5.15993623831447,5.157268948205259,0.0,0.0,0.0,0.0,0.0,0.0
6,25,1.136668342389192,4.989523737257824,0.0,0.0,1.0,0.0,0.0,1.0
7,25,7.170623779853052,10.657572957516946,0.0,0.0,1.0,1.0,0.0,0.0
8,25,5.344397496449075,7.774462387675805,1.0,0.0,0.0,1.0,1.0,1.0
9,25,2.8141973991189024,8.824783989053245,0.0,1.0,0.0,1.0,0.0,1.0
10,25,9.341911252493864,3.735376885458552,0.0,0.0,0.0,0.0,0.0,0.0
11,25,4.812495756040663,0.0,1.0,0.0,1.0,0.0,1.0,0.0
12,25,9.002419522255332,4.879975160043504,0.0,1.0,0.0,1.0,0.0,0.0
13,25,10.110442553505392,2.9074984333489646,1.0,0.0,1.0,0.0,0.0,0.0
14,25,10.221178815123098,9.278477397231176,0.0,0.0,0.0,1.0,1.0,0.0
15,25,10.172419351135124,0.9313645581692448,0.0,0.0,0.0,1.0,1.0,1.0
16,25,4.209124743480457,1.8553732413186723,0.0,0.0,1.0,0.0,1.0,1.0
17,25,8.38587029042726,5.017180566798668,1.0,0.0,0.0,0.0,1.0,1.0
18,25,0.0,1.693515817968094,1.0,0.0,0.0,0.0,0.0,1.0
19,25,10.184495480200455,0.9931824546193032,0.0,1.0,1.0,0.0,0.0,0.0
0,30,0.0,9.515072410258115,0.0,0.0,0.0,0.0,0.0,1.0
1,30,3.131057015886096,1.6918071719575876,1.0,1.0,1.0,0.0,1.0,1.0
2,30,6.837515333237646,11.918955790425288,1.0,1.0,0.0,0.0,0.0,0.0
3,30,3.3708401639007874,3.647108721756084,0.0,1.0,0.0,0.0,0.0,0.0
4,30,10.281361314543092,6.889557523817562,0.0,0.0,0.0,1.0,1.0,1.0
5,30,5.161115842041053,5.158463163744719,0.0,0.0,0.0,0.0,0.0,0.0
6,30,1.160296154638663,4.988332362777095,0.0,0.0,1.0,0.0,0.0,1.0
7,30,7.212725571887641,10.576408187553042,0.0,0.0,1.0,1.0,0.0,0.0
8,30,5.407381989684137,7.742608182151865,1.0,0.0,0.0,1.0,1.0,1.0
9,30,2.7814613937009858,8.796219377570392,0.0,1.0,0.0,1.0,0.0,1.0
10,30,9.395806044040729,3.695424280688325,0.0,0.0,0.0,0.0,0.0,0.0
11,30,4.772991425580714,0.0,1.0,0.0,1.0,0.0,1.0,0.0
12,30,9.001950811729873,4.857950748628968,0.0,1.0,0.0,1.0,0.0,0.0
13,30,10.105068530276306,2.9126263892037603,1.0,0.0,1.0,0.0,0.0,0.0
14,30,10.259761435099024,9.322810290153791,0.0,0.0,0.0,1.0,1.0,0.0
15,30,10.200352457275104,0.919068466251348,0.0,0.0,0.0,1.0,1.0,1.0
16,30,4.241330075096983,1.83477422213696,0.0,0.0,1.0,0.0,1.0,1.0
17,30,8.454672965096586,5.019602195539416,1.0,0.0,0.0,0.0,1.0,1.0
18,30,0.0,1.6593036828936365,1.0,0.0,0.0,0.0,0.0,1.0
19,30,10.174749878519265,0.993355919493733,0.0,1.0,1.0,0.0,0.0,0.0
0,35,0.0,9.59113199622534,0.0,0.0,0.0,0.0,0.0,1.0
1,35,3.1450991904077457,1.6557035120717365,1.0,1.0,1.0,0.0,1.0,1.0
2,35,6.81737418440772,11.907817066464723,1.0,1.0,0.0,0.0,0.0,0.0
3,35,3.426361116142869,3.5940762438068687,0.0,1.0,0.0,0.0,0.0,0.0
4,35,10.31063570965042,6.878725937929973,0.0,0.0,0.0,1.0,1.0,1.0
5,35,5.1542403180268765,5.151209832739666,0.0,0.0,0.0,0.0,0.0,0.0
6,35,1.1621356320741307,5.019336098403687,0.0,0.0,1.0,0.0,0.0,1.0
7,35,7.299699874969087,10.619626625071607,0.0,0.0,1.0,1.0,0.0,0.0
8,35,5.463025443379709,7.714042820193611,1.0,0.0,0.0,1.0,1.0,1.0
9,35,2.7500443068571405,8.767900395182563,0.0,1.0,0.0,1.0,0.0,1.0
10,35,9.429721977177506,3.671464098633631,0.0,0.0,0.0,0.0,0.0,0.0
11,35,4.73701598931801,0.0,1.0,0.0,1.0,0.0,1.0,0.0
12,35,9.001833258913138,4.831289360045649,0.0,1.0,0.0,1.0,0.0,0.0
13,35,10.085762024091148,2.9308724242080024,1.0,0.0,1.0,0.0,0.0,0.0
14,35,10.299022573897895,9.366400811646566,0.0,0.0,0.0,1.0,1.0,0.0
15,35,10.221554976300292,0.910189128923979,0.0,0.0,0.0,1.0,1.0,1.0
16,35,4.290497831350988,1.8038989639925729,0.0,0.0,1.0,0.0,1.0,1.0
17,35,8.508326279831635,5.022489468290555,1.0,0.0,0.0,0.0,1.0,1.0
18,35,0.0,1.617415317528332,1.0,0.0,0.0,0.0,0.0,1.0
19,35,10.17994011429063,0.9930557721807124,0.0,1.0,1.0,0.0,0.0,0.0
0,40,0.0,9.661442189918873,0.0,0.0,0.0,0.0,0.0,1.0
1,40,3.1613518893142767,1.6151595021879004,1.0,1.0,1.0,0.0,1.0,1.0
2,40,6.795211360944234,11.89537834301941,1.0,1.0,0.0,0.0,0.0,0.0
3,40,3.4837614544842537,3.5374190867153743,0.0,1.0,0.0,0.0,0.0,0.0
4,40,10.330844248957078,6.871249983653122,0.0,0.0,0.0,1.0,1.0,1.0
5,40,5.1527109282274415,5.149607047509098,0.0,0.0,0.0,0.0,0.0,0.0
6,40,1.1633954617173037,5.042305653280671,0.0,0.0,1.0,0.0,0.0,1.0
7,40,7.40608747362626,10.676315368434167,0.0,0.0,1.0,1.0,0.0,0.0
8,40,5.514309180658414,7.688147291688635,1.0,0.0,0.0,1.0,1.0,1.0
9,40,2.7110693317688868,8.732470981677817,0.0,1.0,0.0,1.0,0.0,1.0
10,40,9.475036505959215,3.6400050247150952,0.0,0.0,0.0,0.0,0.0,0.0
11,40,4.703178336416641,0.0,1.0,0.0,1.0,0.0,1.0,0.0
12,40,9.002018339515576,4.817808830033207,0.0,1.0,0.0,1.0,0.0,0.0
13,40,10.076775705901005,2.939840485087712,1.0,0.0,1.0,0.0,0.0,0.0
14,40,10.342290784281976,9.412890761284658,0.0,0.0,0.0,1.0,1.0,0.0
15,40,10.257326301832594,0.8947503181039351,0.0,0.0,0.0,1.0,1.0,1.0
16,40,4.320521618706826,1.7862860909878435,0.0,0.0,1.0,0.0,1.0,1.0
17,40,8.546208317595024,5.024286657061016,1.0,0.0,0.0,0.0,1.0,1.0
18,40,0.0,1.556990350879873,1.0,0.0,0.0,0.0,0.0,1.0
19,40,10.177126059994112,0.9931692810483884,0.0,1.0,1.0,0.0,0.0,0.0
0,45,0.0,9.738880957268297,0.0,0.0,0.0,0.0,0.0,1.0
1,45,3.1773014523307546,1.5768931026549513,1.0,1.0,1.0,0.0,1.0,1.0
2,45,6.759324746308663,11.87474260681648,1.0,1.0,0.0,0.0,0.0,0.0
3,45,3.5374309714862964,3.481219546115833,0.0,1.0,0.0,0.0,0.0,0.0
4,45,10.365004481596268,6.857571990170704,0.0,0.0,0.0,1.0,1.0,1.0
5,45,5.157460239700091,5.154553855299404,0.0,0.0,0.0,0.0,0.0,0.0
6,45,1.1641251142494058,5.060928420939256,0.0,0.0,1.0,0.0,0.0,1.0
7,45,7.517249138004391,10.739213228717844,0.0,0.0,1.0,1.0,0.0,0.0
8,45,5.543281520802369,7.672963113692522,1.0,0.0,0.0,1.0,1.0,1.0
9,45,2.6674074529544747,8.695075871003564,0.0,1.0,0.0,1.0,0.0,1.0
10,45,9.532249386169983,3.603462395815881,0.0,0.0,0.0,0.0,0.0,0.0
11,45,4.670407808725793,0.0,1.0,0.0,1.0,0.0,1.0,0.0
12,45,9.002183787030733,4.797061706295323,0.0,1.0,0.0,1.0,0.0,0.0
13,45,10.049461352060332,2.9673288138859486,1.0,0.0,1.0,0.0,0.0,0.0
14,45,10.39887697145668,9.47591780756631,0.0,0.0,0.0,1.0,1.0,0.0
15,45,10.26888404274156,0.8903201202727038,0.0,0.0,0.0,1.0,1.0,1.0
16,45,4.367892188730584,1.7566591718177833,0.0,0.0,1.0,0.0,1.0,1.0
17,45,8.571036875452162,5.02517287224881,1.0,0.0,0.0,0.0,1.0,1.0
18,45,0.0,1.5065139919013428,1.0,0.0,0.0,0.0,0.0,1.0
19,45,10.173394689100128,0.9934299687288116,0.0,1.0,1.0,0.0,0.0,0.0
0,50,0.0,9.777791945072508,0.0,0.0,0.0,0.0,0.0,1.0
1,50,3.195096292421419,1.532718353780201,1.0,1.0,1.0,0.0,1.0,1.0
2,50,6.717689993886141,11.85187060723663,1.0,1.0,0.0,0.0,0.0,0.0
3,50,3.5926868454785827,3.42619438884314,0.0,1.0,0.0,0.0,0.0,0.0
4,50,10.419791121620666,6.836821105206511,0.0,0.0,0.0,1.0,1.0,1.0
5,50,5.1743854145123525,5.171937161358216,0.0,0.0,0.0,0.0,0.0,0.0
6,50,1.1648284582841062,5.075264459647674,0.0,0.0,1.0,0.0,0.0,1.0
7,50,7.600012246164645,10.78608365675136,0.0,0.0,1.0,1.0,0.0,0.0
8,50,5.579584523024278,7.653599506173219,1.0,0.0,0.0,1.0,1.0,1.0
9,50,2.607208879551176,8.64652842526965,0.0,1.0,0.0,1.0,0.0,1.0
10,50,9.600650814605515,3.5591924724523074,0.0,0.0,0.0,0.0,0.0,0.0
11,50,4.631173434258641,0.0,1.0,0.0,1.0,0.0,1.0,0.0
12,50,9.00249770863939,4.775951630507065,0.0,1.0,0.0,1.0,0.0,0.0
13,50,10.026116188309375,2.9903833760150884,1.0,0.0,1.0,0.0,0.0,0.0
14,50,10.467395824312913,9.548600028532476,0.0,0.0,0.0,1.0,1.0,0.0
15,50,10.285841351278757,0.8838564091480943,0.0,0.0,0.0,1.0,1.0,1.0
16,50,4.4096572428268175,1.7301764882977235,0.0,0.0,1.0,0.0,1.0,1.0
17,50,8.604061958388389,5.02535289802785,1.0,0.0,0.0,0.0,1.0,1.0
18,50,0.0,1.465526668562556,1.0,0.0,0.0,0.0,0.0,1.0
19,50,10.153658988210877,0.994598005577932,0.0,1.0,1.0,0.0,0.0,0.0
0,55,0.0,9.82697340995826,0.0,0.0,0.0,0.0,0.0,1.0
1,55,3.21398479394609,1.4859022441188472,1.0,1.0,1.0,0.0,1.0,1.0
2,55,6.675147591896264,11.828639867649684,1.0,1.0,0.0,0.0,0.0,0.0
3,55,3.653915333495795,3.3629690817175115,0.0,1.0,0.0,0.0,0.0,0.0
4,55,10.452298089799717,6.824603964400468,0.0,0.0,0.0,1.0,1.0,1.0
5,55,5.181746846742709,5.179563171776699,0.0,0.0,0.0,0.0,0.0,0.0
6,55,1.1650775159567868,5.079267183230209,0.0,0.0,1.0,0.0,0.0,1.0
7,55,7.68493997065431,10.832773784162592,0.0,0.0,1.0,1.0,0.0,0.0
8,55,5.624915232401118,7.6306338129072415,1.0,0.0,0.0,1.0,1.0,1.0
9,55,2.563064965351682,8.60997006950958,0.0,1.0,0.0,1.0,0.0,1.0
10,55,9.671583886757816,3.513278544006601,0.0,0.0,0.0,0.0,0.0,0.0
11,55,4.592037560125697,0.0,1.0,0.0,1.0,0.0,1.0,0.0
12,55,9.002973043520091,4.753753020609608,0.0,1.0,0.0,1.0,0.0,0.0
13,55,10.00900088183838,3.007625873028218,1.0,0.0,1.0,0.0,0.0,0.0
14,55,10.52801007437006,9.611801124482811,0.0,0.0,0.0,1.0,1.0,0.0
15,55,10.310045817063363,0.8744401427250765,0.0,0.0,0.0,1.0,1.0,1.0
16,55,4.4355873103991295,1.7129887908315269,0.0,0.0,1.0,0.0,1.0,1.0
17,55,8.64422913827898,5.025904186556936,1.0,0.0,0.0,0.0,1.0,1.0
18,55,0.0,1.4225484711527658,1.0,0.0,0.0,0.0,0.0,1.0
19,55,10.138222879412792,0.9953972388744302,0.0,1.0,1.0,0.0,0.0,0.0
0,60,0.0,9.873442904424069,0.0,0.0,0.0,0.0,0.0,1.0
1,60,3.2266686968863847,1.4534936940586607,1.0,1.0,1.0,0.0,1.0,1.0
2,60,6.63816747177355,11.80708872224426,1.0,1.0,0.0,0.0,0.0,0.0
3,60,3.718919390960693,3.297421346103323,0.0,1.0,0.0,0.0,0.0,0.0
4,60,10.489538571246612,6.810798797147207,0.0,0.0,0.0,1.0,1.0,1.0
5,60,5.179524442159349,5.1772394226159015,0.0,0.0,0.0,0.0,0.0,0.0
6,60,1.1651134403303989,5.080009206381331,0.0,0.0,1.0,0.0,0.0,1.0
7,60,7.782621578094373,10.888660422396445,0.0,0.0,1.0,1.0,0.0,0.0
8,60,5.673926957860012,7.604782967545232,1.0,0.0,0.0,1.0,1.0,1.0
9,60,2.5262658893846432,8.579593370305847,0.0,1.0,0.0,1.0,0.0,1.0
10,60,9.761248826382417,3.4573913600109853,0.0,0.0,0.0,0.0,0.0,0.0
11,60,4.558380654399497,0.0,1.0,0.0,1.0,0.0,1.0,0.0
12,60,9.004948384494774,4.698032850663091,0.0,1.0,0.0,1.0,0.0,0.0
13,60,9.992641693125275,3.025082883689205,1.0,0.0,1.0,0.0,0.0,0.0
14,60,10.59198580133523,9.67884337456,0.0,0.0,0.0,1.0,1.0,0.0
15,60,10.331376697745482,0.8664761770665378,0.0,0.0,0.0,1.0,1.0,1.0
16,60,4.458740147113608,1.697509592946689,0.0,0.0,1.0,0.0,1.0,1.0
17,60,8.691939748633576,5.026755894399586,1.0,0.0,0.0,0.0,1.0,1.0
18,60,0.0,1.372519349236231,1.0,0.0,0.0,0.0,0.0,1.0
19,60,10.090618731157315,0.9986349983723072,0.0,1.0,1.0,0.0,0.0,0.0
0,65,0.0,9.93323828561638,0.0,0.0,0.0,0.0,0.0,1.0
1,65,3.243356239268783,1.4112928871606734,1.0,1.0,1.0,0.0,1.0,1.0
2,65,6.600640912191417,11.78476186427048,1.0,1.0,0.0,0.0,0.0,0.0
3,65,3.7886236848267703,3.2276385231857314,0.0,1.0,0.0,0.0,0.0,0.0
4,65,10.524041819546708,6.7984400349427885,0.0,0.0,0.0,1.0,1.0,1.0
5,65,5.173224807842921,5.170489859259368,0.0,0.0,0.0,0.0,0.0,0.0
6,65,1.164198977564779,5.058268386042735,0.0,0.0,1.0,0.0,0.0,1.0
7,65,7.896844895971465,10.950600690401012,0.0,0.0,1.0,1.0,0.0,0.0
8,65,5.728427636792645,7.576506352451129,1.0,0.0,0.0,1.0,1.0,1.0
9,65,2.4829638062903063,8.541668367707102,0.0,1.0,0.0,1.0,0.0,1.0
10,65,9.840462650707508,3.406646428671146,0.0,0.0,0.0,0.0,0.0,0.0
11,65,4.526970308533984,0.0,1.0,0.0,1.0,0.0,1.0,0.0
12,65,9.005625240114014,4.6418898039476,0.0,1.0,0.0,1.0,0.0,0.0
13,65,9.983570044079825,3.0345644586613054,1.0,0.0,1.0,0.0,0.0,0.0
14,65,10.669128441462,9.758974797386331,0.0,0.0,0.0,1.0,1.0,0.0
15,65,10.339533345181248,0.863628606808871,0.0,0.0,0.0,1.0,1.0,1.0
16,65,4.468093399184056,1.691372431135354,0.0,0.0,1.0,0.0,1.0,1.0
17,65,8.722901757426865,5.027464357826263,1.0,0.0,0.0,0.0,1.0,1.0
18,65,0.0,1.3339506148075042,1.0,0.0,0.0,0.0,0.0,1.0
19,65,10.042951538186967,1.0019280317877888,0.0,1.0,1.0,0.0,0.0,0.0
0,70,0.0,9.97506161228847,0.0,0.0,0.0,0.0,0.0,1.0
1,70,3.2566996733733258,1.3753778288775207,1.0,1.0,1.0,0.0,1.0,1.0
2,70,6.560115561065936,11.760721839532634,1.0,1.0,0.0,0.0,0.0,0.0
3,70,3.8643705174455314,3.153574933007726,0.0,1.0,0.0,0.0,0.0,0.0
4,70,10.541018921420356,6.791544904428354,0.0,0.0,0.0,1.0,1.0,1.0
5,70,5.183882171216042,5.181662472260564,0.0,0.0,0.0,0.0,0.0,0.0
6,70,1.1628476307061502,5.019706539614146,0.0,0.0,1.0,0.0,0.0,1.0
7,70,8.02602661038675,11.017329430470946,0.0,0.0,1.0,1.0,0.0,0.0
8,70,5.765056761459917,7.557138016032838,1.0,0.0,0.0,1.0,1.0,1.0
9,70,2.4452258260784063,8.508791220621683,0.0,1.0,0.0,1.0,0.0,1.0
10,70,9.90515631876097,3.3642684001702943,0.0,0.0,0.0,0.0,0.0,0.0
11,70,4.4950872451029,0.0,1.0,0.0,1.0,0.0,1.0,0.0
12,70,9.007135204718702,4.606282064853549,0.0,1.0,0.0,1.0,0.0,0.0
13,70,9.97466433954082,3.043811488949639,1.0,0.0,1.0,0.0,0.0,0.0
14,70,10.748025759539969,9.83670632477304,0.0,0.0,0.0,1.0,1.0,0.0
15,70,10.355068810212517,0.8579269871323653,0.0,0.0,0.0,1.0,1.0,1.0
16,70,4.466929231250524,1.6921573749140113,0.0,0.0,1.0,0.0,1.0,1.0
17,70,8.738473153364751,5.027444154866913,1.0,0.0,0.0,0.0,1.0,1.0
18,70,0.0,1.2986884824408431,1.0,0.0,0.0,0.0,0.0,1.0
19,70,10.015033505165642,1.0038212434296176,0.0,1.0,1.0,0.0,0.0,0.0
0,75,0.0,10.0096836661677,0.0,0.0,0.0,0.0,0.0,1.0
1,75,3.2727465160051628,1.327693096315869,1.0,1.0,1.0,0.0,1.0,1.0
2,75,6.511636541169907,11.732110622672796,1.0,1.0,0.0,0.0,0.0,0.0
3,75,3.925422848172712,3.0915170963444645,0.0,1.0,0.0,0.0,0.0,0.0
4,75,10.560186435344283,6.783781076830947,0.0,0.0,0.0,1.0,1.0,1.0
5,75,5.193505465709981,5.191547673177578,0.0,0.0,0.0,0.0,0.0,0.0
6,75,1.159504172807707,4.96474001402869,0.0,0.0,1.0,0.0,0.0,1.0
7,75,8.15297387986973,11.083913087707671,0.0,0.0,1.0,1.0,0.0,0.0
8,75,5.814376257412809,7.53274744364908,1.0,0.0,0.0,1.0,1.0,1.0
9,75,2.409545422168374,8.47642071151048,0.0,1.0,0.0,1.0,0.0,1.0
10,75,9.962250898136343,3.328387924214366,0.0,0.0,0.0,0.0,0.0,0.0
11,75,4.464538650544964,0.0,1.0,0.0,1.0,0.0,1.0,0.0
12,75,8.948520763967863,4.604645914033035,0.0,1.0,0.0,1.0,0.0,0.0
13,75,9.967266242199178,3.051702384211658,1.0,0.0,1.0,0.0,0.0,0.0
14,75,10.82847863043419,9.915137226916263,0.0,0.0,0.0,1.0,1.0,0.0
15,75,10.365622202391886,0.8539029448498785,0.0,0.0,0.0,1.0,1.0,1.0
16,75,4.4683986774045925,1.6911718349462417,0.0,0.0,1.0,0.0,1.0,1.0
17,75,8.749811014024504,5.027084579981182,1.0,0.0,0.0,0.0,1.0,1.0
18,75,0.0,1.2466894091263123,1.0,0.0,0.0,0.0,0.0,1.0
19,75,9.98148704174145,1.00685807963755,0.0,1.0,1.0,0.0,0.0,0.0
0,80,0.0,10.031868371621892,0.0,0.0,0.0,0.0,0.0,1.0
1,80,3.288064749967119,1.2810925732115774,1.0,1.0,1.0,0.0,1.0,1.0
2,80,6.477395662379642,11.711399771838437,1.0,1.0,0.0,0.0,0.0,0.0
3,80,3.958963809196612,3.05682937773948,0.0,1.0,0.0,0.0,0.0,0.0
4,80,10.58648328561246,6.772312290881043,0.0,0.0,0.0,1.0,1.0,1.0
5,80,5.209818209262759,5.209538679838116,0.0,0.0,0.0,0.0,0.0,0.0
6,80,1.1561259646405384,4.898797567422281,0.0,0.0,1.0,0.0,0.0,1.0
7,80,8.296148423609496,11.158426951342948,0.0,0.0,1.0,1.0,0.0,0.0
8,80,5.876505568808324,7.501798356463279,1.0,0.0,0.0,1.0,1.0,1.0
9,80,2.3688674162330945,8.43953186611824,0.0,1.0,0.0,1.0,0.0,1.0
10,80,10.009627418309115,3.2965349365537846,0.0,0.0,0.0,0.0,0.0,0.0
11,80,4.436553498449601,0.0,1.0,0.0,1.0,0.0,1.0,0.0
12,80,8.890000063842672,4.604495778912065,0.0,1.0,0.0,1.0,0.0,0.0
13,80,9.965900124754192,3.05309620254213,1.0,0.0,1.0,0.0,0.0,0.0
14,80,10.917604556830572,10.002260909015217,0.0,0.0,0.0,1.0,1.0,0.0
15,80,10.390243864712277,0.8447022246412413,0.0,0.0,0.0,1.0,1.0,1.0
16,80,4.473925397398989,1.687587847505605,0.0,0.0,1.0,0.0,1.0,1.0
17,80,8.747897019782016,5.02723048105903,1.0,0.0,0.0,0.0,1.0,1.0
18,80,0.0,1.1726323639192862,1.0,0.0,0.0,0.0,0.0,1.0
19,80,9.927351061150931,1.0118953324955522,0.0,1.0,1.0,0.0,0.0,0.0
0,85,0.0,10.047265249587792,0.0,0.0,0.0,0.0,0.0,1.0
1,85,3.2986651909831943,1.2485844599390417,1.0,1.0,1.0,0.0,1.0,1.0
2,85,6.462368557425265,11.702326613507266,1.0,1.0,0.0,0.0,0.0,0.0
3,85,4.000520000778103,3.0124533774839217,0.0,1.0,0.0,0.0,0.0,0.0
4,85,10.614330913585404,6.7609129675787685,0.0,0.0,0.0,1.0,1.0,1.0
5,85,5.212103796672888,5.212190899671905,0.0,0.0,0.0,0.0,0.0,0.0
6,85,1.1512221516690957,4.821747517980563,0.0,0.0,1.0,0.0,0.0,1.0
7,85,8.457319106467772,11.243363868927428,0.0,0.0,1.0,1.0,0.0,0.0
8,85,5.946071177504002,7.468515532827696,1.0,0.0,0.0,1.0,1.0,1.0
9,85,2.3419694942058498,8.416048995037038,0.0,1.0,0.0,1.0,0.0,1.0
10,85,10.063587761425156,3.2623767038934552,0.0,0.0,0.0,0.0,0.0,0.0
11,85,4.4049257685038645,0.0,1.0,0.0,1.0,0.0,1.0,0.0
12,85,8.83011386593807,4.602108251969536,0.0,1.0,0.0,1.0,0.0,0.0
13,85,9.97724564105698,3.042408831744198,1.0,0.0,1.0,0.0,0.0,0.0
14,85,10.990407577734414,10.072929047884108,0.0,0.0,0.0,1.0,1.0,0.0
15,85,10.399445785962884,0.8414027182325866,0.0,0.0,0.0,1.0,1.0,1.0
16,85,4.478111580695648,1.6847527703585332,0.0,0.0,1.0,0.0,1.0,1.0
17,85,8.759424007633704,5.026456628730673,1.0,0.0,0.0,0.0,1.0,1.0
18,85,0.0,1.085555841036206,1.0,0.0,0.0,0.0,0.0,1.0
19,85,9.878573724420685,1.0155287317182484,0.0,1.0,1.0,0.0,0.0,0.0
0,90,0.0,10.056285815481424,0.0,0.0,0.0,0.0,0.0,1.0
1,90,3.300390656676233,1.243154056550354,1.0,1.0,1.0,0.0,1.0,1.0
2,90,6.466399600251302,11.704758671783006,1.0,1.0,0.0,0.0,0.0,0.0
3,90,4.048607184228439,2.9628087183550496,0.0,1.0,0.0,0.0,0.0,0.0
4,90,10.636310479110096,6.751897343021798,0.0,0.0,0.0,1.0,1.0,1.0
5,90,5.20182604118252,5.200675704172414,0.0,0.0,0.0,0.0,0.0,0.0
6,90,1.1472071838148954,4.745808965131579,0.0,0.0,1.0,0.0,0.0,1.0
7,90,8.605139595990769,11.318774143897432,0.0,0.0,1.0,1.0,0.0,0.0
8,90,6.009230562823591,7.43840405319238,1.0,0.0,0.0,1.0,1.0,1.0
9,90,2.326321705130613,8.402175422054958,0.0,1.0,0.0,1.0,0.0,1.0
10,90,10.127381555316036,3.2218699504084065,0.0,0.0,0.0,0.0,0.0,0.0
11,90,4.373111079285902,0.0,1.0,0.0,1.0,0.0,1.0,0.0
12,90,8.772984401093728,4.599786932291487,0.0,1.0,0.0,1.0,0.0,0.0
13,90,9.98466058953151,3.0356880624798017,1.0,0.0,1.0,0.0,0.0,0.0
14,90,11.070698901042212,10.153298732153411,0.0,0.0,0.0,1.0,1.0,0.0
15,90,10.375608986673337,0.849818334226762,0.0,0.0,0.0,1.0,1.0,1.0
16,90,4.487315899445568,1.6781808615862206,0.0,0.0,1.0,0.0,1.0,1.0
17,90,8.7678842588652,5.025867700867153,1.0,0.0,0.0,0.0,1.0,1.0
18,90,0.0,0.9877199518666212,1.0,0.0,0.0,0.0,0.0,1.0
19,90,9.833679177297387,1.0188593443083138,0.0,1.0,1.0,0.0,0.0,0.0
0,95,0.0,10.087129730191526,0.0,0.0,0.0,0.0,0.0,1.0
1,95,3.309573683637713,1.214343513470452,1.0,1.0,1.0,0.0,1.0,1.0
2,95,6.4662998906550735,11.704695640931094,1.0,1.0,0.0,0.0,0.0,0.0
3,95,4.097691821458954,2.908273065619985,0.0,1.0,0.0,0.0,0.0,0.0
4,95,10.651879597618295,6.745810185327429,0.0,0.0,0.0,1.0,1.0,1.0
5,95,5.1929206486169,5.191074522911317,0.0,0.0,0.0,0.0,0.0,0.0
6,95,1.1444454557446664,4.669944672208202,0.0,0.0,1.0,0.0,0.0,1.0
7,95,8.765246377437709,11.40558222851236,0.0,0.0,1.0,1.0,0.0,0.0
8,95,6.027319899115147,7.478360548312963,1.0,0.0,0.0,1.0,1.0,1.0
9,95,2.3291411043467614,8.40483208303787,0.0,1.0,0.0,1.0,0.0,1.0
10,95,10.19320792387152,3.180996266398481,0.0,0.0,0.0,0.0,0.0,0.0
11,95,4.31091001745907,0.0288704346809733,1.0,0.0,1.0,0.0,1.0,0.0
12,95,8.718800486109288,4.596352327115223,0.0,1.0,0.0,1.0,0.0,0.0
13,95,10.011643401783369,3.0111897655126216,1.0,0.0,1.0,0.0,0.0,0.0
14,95,11.155166754289713,10.243312716019396,0.0,0.0,0.0,1.0,1.0,0.0
15,95,10.360422380064524,0.8551586906545627,0.0,0.0,0.0,1.0,1.0,1.0
16,95,4.500060867633136,1.6694501881928574,0.0,0.0,1.0,0.0,1.0,1.0
17,95,8.79453283179562,5.023475220159975,1.0,0.0,0.0,0.0,1.0,1.0
18,95,0.0,0.8639571912706077,1.0,0.0,0.0,0.0,0.0,1.0
19,95,9.831916313256798,0.9928297109870912,0.0,1.0,1.0,0.0,0.0,0.0
0,100,0.0,10.100654062505834,0.0,0.0,0.0,0.0,0.0,1.0
1,100,3.3211944805612004,1.1798853833414538,1.0,1.0,1.0,0.0,1.0,1.0
2,100,6.469435662680998,11.706660303183329,1.0,1.0,0.0,0.0,0.0,0.0
3,100,4.147550105527104,2.851938568684684,0.0,1.0,0.0,0.0,0.0,0.0
4,100,10.647146725164095,6.74758261441556,0.0,0.0,0.0,1.0,1.0,1.0
5,100,5.188755743251449,5.186417299971714,0.0,0.0,0.0,0.0,0.0,0.0
6,100,1.1422800634366477,4.582669048904174,0.0,0.0,1.0,0.0,0.0,1.0
7,100,8.935753835139277,11.505342710353409,0.0,0.0,1.0,1.0,0.0,0.0
8,100,6.042749779471396,7.511770589091049,1.0,0.0,0.0,1.0,1.0,1.0
9,100,2.3392958832403044,8.414013929874884,0.0,1.0,0.0,1.0,0.0,1.0
10,100,10.250520862153378,3.1485322142297907,0.0,0.0,0.0,0.0,0.0,0.0
11,100,4.257311033502113,0.0562105014622942,1.0,0.0,1.0,0.0,1.0,0.0
12,100,8.695501900963203,4.595287673699261,0.0,1.0,0.0,1.0,0.0,0.0
13,100,10.024297130684248,3.0242275374596512,1.0,0.0,1.0,0.0,0.0,0.0
14,100,11.232453480667658,10.32444235159005,0.0,0.0,0.0,1.0,1.0,0.0
15,100,10.33280386047108,0.865632114976274,0.0,0.0,0.0,1.0,1.0,1.0
16,100,4.499469308317583,1.6698398377292354,0.0,0.0,1.0,0.0,1.0,1.0
17,100,8.836460949867101,5.0185512186389465,1.0,0.0,0.0,0.0,1.0,1.0
18,100,0.0,0.7389667543059131,1.0,0.0,0.0,0.0,0.0,1.0
19,100,9.831346913780088,0.978077839011226,0.0,1.0,1.0,0.0,0.0,0.0
0,105,0.0,10.122328240954294,0.0,0.0,0.0,0.0,0.0,1.0
1,105,3.3310313806158183,1.1504102602874704,1.0,1.0,1.0,0.0,1.0,1.0
2,105,6.468243708215233,11.705966443856926,1.0,1.0,0.0,0.0,0.0,0.0
3,105,4.184689673045007,2.812193150542964,0.0,1.0,0.0,0.0,0.0,0.0
4,105,10.655512245892032,6.74450768744189,0.0,0.0,0.0,1.0,1.0,1.0
5,105,5.172982627051074,5.169213637826248,0.0,0.0,0.0,0.0,0.0,0.0
6,105,1.1394731005000382,4.5118727140765,0.0,0.0,1.0,0.0,0.0,1.0
7,105,9.109592309498344,11.60249806248561,0.0,0.0,1.0,1.0,0.0,0.0
8,105,6.059892984987288,7.548455676989076,1.0,0.0,0.0,1.0,1.0,1.0
9,105,2.363897855721768,8.437818697108163,0.0,1.0,0.0,1.0,0.0,1.0
10,105,10.328521716933505,3.103215948403893,0.0,0.0,0.0,0.0,0.0,0.0
11,105,4.222240282606151,0.0738550332324958,1.0,0.0,1.0,0.0,1.0,0.0
12,105,8.661061258933993,4.593654295840233,0.0,1.0,0.0,1.0,0.0,0.0
13,105,10.0289374369713,3.028831994024047,1.0,0.0,1.0,0.0,0.0,0.0
14,105,11.303111317431265,10.4002532940234,0.0,0.0,0.0,1.0,1.0,0.0
15,105,10.30184287310768,0.8776996986586565,0.0,0.0,0.0,1.0,1.0,1.0
16,105,4.497617120412749,1.6710557290955814,0.0,0.0,1.0,0.0,1.0,1.0
17,105,8.882123332953059,5.0130126348591615,1.0,0.0,0.0,0.0,1.0,1.0
18,105,0.0,0.6272845257625014,1.0,0.0,0.0,0.0,0.0,1.0
19,105,9.828014115481542,0.9344636382696964,0.0,1.0,1.0,0.0,0.0,0.0
0,110,0.0,10.131628385996718,0.0,0.0,0.0,0.0,0.0,1.0
1,110,3.334996303992951,1.137905074845725,1.0,1.0,1.0,0.0,1.0,1.0
2,110,6.462897412965392,11.702873009906584,1.0,1.0,0.0,0.0,0.0,0.0
3,110,4.228986559398066,2.7660309056962467,0.0,1.0,0.0,0.0,0.0,0.0
4,110,10.674113301980675,6.737278369173181,0.0,0.0,0.0,1.0,1.0,1.0
5,110,5.151527689197327,5.146481209011166,0.0,0.0,0.0,0.0,0.0,0.0
6,110,1.1350700639722953,4.454536611450096,0.0,0.0,1.0,0.0,0.0,1.0
7,110,9.276514094162128,11.704434161649054,0.0,0.0,1.0,1.0,0.0,0.0
8,110,6.082596618353589,7.595213951316201,1.0,0.0,0.0,1.0,1.0,1.0
9,110,2.3648420925286704,8.438784495250609,0.0,1.0,0.0,1.0,0.0,1.0
10,110,10.418131834641342,3.053913458684454,0.0,0.0,0.0,0.0,0.0,0.0
11,110,4.175748899335581,0.0978914340107247,1.0,0.0,1.0,0.0,1.0,0.0
12,110,8.623811157646125,4.592658656145447,0.0,1.0,0.0,1.0,0.0,0.0
13,110,10.049719377129646,3.04898634981004,1.0,0.0,1.0,0.0,0.0,0.0
14,110,11.383190016704878,10.486130230358931,0.0,0.0,0.0,1.0,1.0,0.0
15,110,10.234622392327886,0.9036285686481568,0.0,0.0,0.0,1.0,1.0,1.0
16,110,4.503076283792497,1.667477846056557,0.0,0.0,1.0,0.0,1.0,1.0
17,110,8.898668682140709,5.010847684715351,1.0,0.0,0.0,0.0,1.0,1.0
18,110,0.0,0.5006729568793621,1.0,0.0,0.0,0.0,0.0,1.0
19,110,9.824556328802611,0.901159657117914,0.0,1.0,1.0,0.0,0.0,0.0
0,115,0.0005557285062632,10.12580814703514,0.0,0.0,0.0,0.0,0.0,1.0
1,115,3.3390878062319125,1.1250540500443846,1.0,1.0,1.0,0.0,1.0,1.0
2,115,6.457806374185811,11.700115149174682,1.0,1.0,0.0,0.0,0.0,0.0
3,115,4.27114248441909,2.7232935364862145,0.0,1.0,0.0,0.0,0.0,0.0
4,115,10.708413010261156,6.723880803429518,0.0,0.0,0.0,1.0,1.0,1.0
5,115,5.127077332559304,5.119551583229249,0.0,0.0,0.0,0.0,0.0,0.0
6,115,1.128857980527149,4.388400630712163,0.0,0.0,1.0,0.0,0.0,1.0
7,115,9.44929477451087,11.812644173181932,0.0,0.0,1.0,1.0,0.0,0.0
8,115,6.091970671247617,7.615134260448603,1.0,0.0,0.0,1.0,1.0,1.0
9,115,2.363472808402697,8.437327232630558,0.0,1.0,0.0,1.0,0.0,1.0
10,115,10.510146408838883,3.0037535771772985,0.0,0.0,0.0,0.0,0.0,0.0
11,115,4.197447958997714,0.1382843713787822,1.0,0.0,1.0,0.0,1.0,0.0
12,115,8.582620531929715,4.592229078466295,0.0,1.0,0.0,1.0,0.0,0.0
13,115,10.077599214616273,3.077369480789243,1.0,0.0,1.0,0.0,0.0,0.0
14,115,11.47314947862311,10.578197181199211,0.0,0.0,0.0,1.0,1.0,0.0
15,115,10.174124515239129,0.92594671429622,0.0,0.0,0.0,1.0,1.0,1.0
16,115,4.514982990415315,1.659156255992007,0.0,0.0,1.0,0.0,1.0,1.0
17,115,8.922494558030948,5.007361721751913,1.0,0.0,0.0,0.0,1.0,1.0
18,115,0.0,0.3643041934104518,1.0,0.0,0.0,0.0,0.0,1.0
19,115,9.822256001355964,0.8832302545629527,0.0,1.0,1.0,0.0,0.0,0.0
0,120,0.0019200316474757,10.11239542609144,0.0,0.0,0.0,0.0,0.0,1.0
1,120,3.34842959621869,1.096333582700837,1.0,1.0,1.0,0.0,1.0,1.0
2,120,6.463991490188079,11.70366373248476,1.0,1.0,0.0,0.0,0.0,0.0
3,120,4.301573551566104,2.6928823711773022,0.0,1.0,0.0,0.0,0.0,0.0
4,120,10.731437997194798,6.714226164057234,0.0,0.0,0.0,1.0,1.0,1.0
5,120,5.102345881205895,5.091907577439864,0.0,0.0,0.0,0.0,0.0,0.0
6,120,1.1216821968713624,4.309530202385366,0.0,0.0,1.0,0.0,0.0,1.0
7,120,9.628241718392651,11.931645068768754,0.0,0.0,1.0,1.0,0.0,0.0
8,120,6.103664200352487,7.640497731998328,1.0,0.0,0.0,1.0,1.0,1.0
9,120,2.369193476234305,8.443476399567245,0.0,1.0,0.0,1.0,0.0,1.0
10,120,10.602267032177494,2.9562942038825435,0.0,0.0,0.0,0.0,0.0,0.0
11,120,4.21683122164147,0.1743466798952789,1.0,0.0,1.0,0.0,1.0,0.0
12,120,8.536676598003059,4.592320822305234,0.0,1.0,0.0,1.0,0.0,0.0
13,120,10.095865897218014,3.0972674433457508,1.0,0.0,1.0,0.0,0.0,0.0
14,120,11.558596399600164,10.66821913562543,0.0,0.0,0.0,1.0,1.0,0.0
15,120,10.130248774393834,0.9416669006677324,0.0,0.0,0.0,1.0,1.0,1.0
16,120,4.521045665153985,1.654898974211359,0.0,0.0,1.0,0.0,1.0,1.0
17,120,8.953557370417304,5.00317493401606,1.0,0.0,0.0,0.0,1.0,1.0
18,120,0.0,0.1934415399905419,1.0,0.0,0.0,0.0,0.0,1.0
19,120,9.8170792898283,0.8480351752124778,0.0,1.0,1.0,0.0,0.0,0.0
0,125,0.0029182474036437,10.10088634649631,0.0,0.0,0.0,0.0,0.0,1.0
1,125,3.3565566189396474,1.0696325664483577,1.0,1.0,1.0,0.0,1.0,1.0
2,125,6.487524762028208,11.717316435319232,1.0,1.0,0.0,0.0,0.0,0.0
3,125,4.33741434919166,2.6585801050338542,0.0,1.0,0.0,0.0,0.0,0.0
4,125,10.760182885442884,6.702759234724009,0.0,0.0,0.0,1.0,1.0,1.0
5,125,5.078235035753742,5.063950940273251,0.0,0.0,0.0,0.0,0.0,0.0
6,125,1.1130690811212,4.225449969973541,0.0,0.0,1.0,0.0,0.0,1.0
7,125,9.803173297819038,12.0,0.0,0.0,1.0,1.0,0.0,0.0
8,125,6.116479397169448,7.668528602767365,1.0,0.0,0.0,1.0,1.0,1.0
9,125,2.3710944202375117,8.445571705696677,0.0,1.0,0.0,1.0,0.0,1.0
10,125,10.715662207821024,2.9014385152215683,0.0,0.0,0.0,0.0,0.0,0.0
11,125,4.22398789580955,0.1873820474877635,1.0,0.0,1.0,0.0,1.0,0.0
12,125,8.491113335705368,4.592090958021902,0.0,1.0,0.0,1.0,0.0,0.0
13,125,10.095779347580034,3.097171659111475,1.0,0.0,1.0,0.0,0.0,0.0
14,125,11.633480531862736,10.747843256717143,0.0,0.0,0.0,1.0,1.0,0.0
15,125,10.080184115369638,0.9598518035686406,0.0,0.0,0.0,1.0,1.0,1.0
16,125,4.521878205241575,1.654286243849886,0.0,0.0,1.0,0.0,1.0,1.0
17,125,9.00133454562942,4.996801201093798,1.0,0.0,0.0,0.0,1.0,1.0
18,125,0.0,0.0238025397035928,1.0,0.0,0.0,0.0,0.0,1.0
19,125,9.812177116700544,0.8154969580616174,0.0,1.0,1.0,0.0,0.0,0.0
0,130,0.0028741199356542,10.101397542265383,0.0,0.0,0.0,0.0,0.0,1.0
1,130,3.365698904371801,1.0361676470212342,1.0,1.0,1.0,0.0,1.0,1.0
2,130,6.516992400776661,11.733715625540484,1.0,1.0,0.0,0.0,0.0,0.0
3,130,4.371037392018612,2.6264653182508533,0.0,1.0,0.0,0.0,0.0,0.0
4,130,10.796464965945022,6.68908371574139,0.0,0.0,0.0,1.0,1.0,1.0
5,130,5.055866081802928,5.037917524856885,0.0,0.0,0.0,0.0,0.0,0.0
6,130,1.1065431359522986,4.1609695089955006,0.0,0.0,1.0,0.0,0.0,1.0
7,130,9.978626149115028,12.0,0.0,0.0,1.0,1.0,0.0,0.0
8,130,6.125477977306653,7.688831039907764,1.0,0.0,0.0,1.0,1.0,1.0
9,130,2.359498388860685,8.433163502444739,0.0,1.0,0.0,1.0,0.0,1.0
10,130,10.823152689678324,2.854653595609346,0.0,0.0,0.0,0.0,0.0,0.0
11,130,4.24003656640457,0.2171679350814081,1.0,0.0,1.0,0.0,1.0,0.0
12,130,8.44805608321409,4.591770333592764,0.0,1.0,0.0,1.0,0.0,0.0
13,130,10.105687017583492,3.108435058917101,1.0,0.0,1.0,0.0,0.0,0.0
14,130,11.714453746495616,10.83586568057501,0.0,0.0,0.0,1.0,1.0,0.0
15,130,10.00953821495684,0.9834261506447056,0.0,0.0,0.0,1.0,1.0,1.0
16,130,4.532909964966109,1.6459574718005483,0.0,0.0,1.0,0.0,1.0,1.0
17,130,9.046771848050202,4.990486192280484,1.0,0.0,0.0,0.0,1.0,1.0
18,130,0.0,0.0,1.0,0.0,0.0,0.0,0.0,1.0
19,130,9.806805152564417,0.7781616503392271,0.0,1.0,1.0,0.0,0.0,0.0
0,135,0.0031395029665236,10.09731758782995,0.0,0.0,0.0,0.0,0.0,1.0
1,135,3.371306629795987,1.01661714103681,1.0,1.0,1.0,0.0,1.0,1.0
2,135,6.541881633063412,11.747473230461145,1.0,1.0,0.0,0.0,0.0,0.0
3,135,4.404973486484109,2.594230458597739,0.0,1.0,0.0,0.0,0.0,0.0
4,135,10.84167059586583,6.671469071060437,0.0,0.0,0.0,1.0,1.0,1.0
5,135,5.03311135370161,5.011371886280045,0.0,0.0,0.0,0.0,0.0,0.0
6,135,1.1002364789182308,4.102792041167744,0.0,0.0,1.0,0.0,0.0,1.0
7,135,10.149988024998557,12.0,0.0,0.0,1.0,1.0,0.0,0.0
8,135,6.14079678323927,7.723934586248887,1.0,0.0,0.0,1.0,1.0,1.0
9,135,2.355312945813908,8.428734290586418,0.0,1.0,0.0,1.0,0.0,1.0
10,135,10.920302114491076,2.808579419157834,0.0,0.0,0.0,0.0,0.0,0.0
11,135,4.262871687632843,0.256980233291304,1.0,0.0,1.0,0.0,1.0,0.0
12,135,8.414947917339829,4.5923168872123625,0.0,1.0,0.0,1.0,0.0,0.0
13,135,10.123937642908112,3.129098981085213,1.0,0.0,1.0,0.0,0.0,0.0
14,135,11.811580681312783,10.937854715723397,0.0,0.0,0.0,1.0,1.0,0.0
15,135,9.914275491643975,1.0144894992928633,0.0,0.0,0.0,1.0,1.0,1.0
16,135,4.527440281017456,1.650125558891619,0.0,0.0,1.0,0.0,1.0,1.0
17,135,9.084933596820532,4.984317685512118,1.0,0.0,0.0,0.0,1.0,1.0
18,135,0.0,0.0,1.0,0.0,0.0,0.0,0.0,1.0
19,135,9.80424474432379,0.7625599562780107,0.0,1.0,1.0,0.0,0.0,0.0
0,140,0.0056136778612898,10.061969766953345,0.0,0.0,0.0,0.0,0.0,1.0
1,140,3.377560137043569,0.993323634441216,1.0,1.0,1.0,0.0,1.0,1.0
2,140,6.538993446071246,11.74593977231382,1.0,1.0,0.0,0.0,0.0,0.0
3,140,4.435078735197744,2.5644673748003592,0.0,1.0,0.0,0.0,0.0,0.0
4,140,10.873461396048768,6.659506388743828,0.0,0.0,0.0,1.0,1.0,1.0
5,140,5.007808782702758,4.981513213711161,0.0,0.0,0.0,0.0,0.0,0.0
6,140,1.0926986333479605,4.042404370259397,0.0,0.0,1.0,0.0,0.0,1.0
7,140,10.30949698802295,12.0,0.0,0.0,1.0,1.0,0.0,0.0
8,140,6.160801485587322,7.715032776524086,1.0,0.0,0.0,1.0,1.0,1.0
9,140,2.3607311576736687,8.434418681302972,0.0,1.0,0.0,1.0,0.0,1.0
10,140,11.019362450686126,2.7569298789046783,0.0,0.0,0.0,0.0,0.0,0.0
11,140,4.284563336538199,0.2970340381552036,1.0,0.0,1.0,0.0,1.0,0.0
12,140,8.372051374820533,4.593321515513811,0.0,1.0,0.0,1.0,0.0,0.0
13,140,10.154482135516746,3.165702269645946,1.0,0.0,1.0,0.0,0.0,0.0
14,140,11.897917695324717,11.02753405811585,0.0,0.0,0.0,1.0,1.0,0.0
15,140,9.802789193147015,1.0529438682741097,0.0,0.0,0.0,1.0,1.0,1.0
16,140,4.540529732105084,1.6399493190351506,0.0,0.0,1.0,0.0,1.0,1.0
17,140,9.115804160272107,4.979106774933768,1.0,0.0,0.0,0.0,1.0,1.0
18,140,0.0,0.0,1.0,0.0,0.0,0.0,0.0,1.0
19,140,9.803239227940065,0.7564601536383845,0.0,1.0,1.0,0.0,0.0,0.0
0,145,0.0063443461901766,10.0523331298458,0.0,0.0,0.0,0.0,0.0,1.0
1,145,3.380582889175293,0.9820804328478951,1.0,1.0,1.0,0.0,1.0,1.0
2,145,6.531759850772893,11.741929129704411,1.0,1.0,0.0,0.0,0.0,0.0
3,145,4.471659726232328,2.5276645587082465,0.0,1.0,0.0,0.0,0.0,0.0
4,145,10.906656752970788,6.646590748871927,0.0,0.0,0.0,1.0,1.0,1.0
5,145,4.987303672763934,4.9573100718747805,0.0,0.0,0.0,0.0,0.0,0.0
6,145,1.0819047086849771,3.971365265836302,0.0,0.0,1.0,0.0,0.0,1.0
7,145,10.477219977777334,12.0,0.0,0.0,1.0,1.0,0.0,0.0
8,145,6.204692106259199,7.695286662185341,1.0,0.0,0.0,1.0,1.0,1.0
9,145,2.354385626776043,8.427844254492642,0.0,1.0,0.0,1.0,0.0,1.0
10,145,11.127276950066795,2.7003327032621525,0.0,0.0,0.0,0.0,0.0,0.0
11,145,4.323596075772703,0.3687671408225004,1.0,0.0,1.0,0.0,1.0,0.0
12,145,8.348544104368047,4.593944038733835,0.0,1.0,0.0,1.0,0.0,0.0
13,145,10.189902955912348,3.2052542965852813,1.0,0.0,1.0,0.0,0.0,0.0
14,145,11.982281675736813,11.11598464397266,0.0,0.0,0.0,1.0,1.0,0.0
15,145,9.69832447930552,1.090107545432768,0.0,0.0,0.0,1.0,1.0,1.0
16,145,4.536703656233796,1.6428755182225947,0.0,0.0,1.0,0.0,1.0,1.0
17,145,9.153252691413911,4.972967124283124,1.0,0.0,0.0,0.0,1.0,1.0
18,145,0.0,0.0,1.0,0.0,0.0,0.0,0.0,1.0
19,145,9.799869476285725,0.7354945291525755,0.0,1.0,1.0,0.0,0.0,0.0
0,150,0.0076203215188474,10.029767895221664,0.0,0.0,0.0,0.0,0.0,1.0
1,150,3.3826187578833844,0.974598311944474,1.0,1.0,1.0,0.0,1.0,1.0
2,150,6.548108949343007,11.750824678226763,1.0,1.0,0.0,0.0,0.0,0.0
3,150,4.523826088126494,2.4766394364408755,0.0,1.0,0.0,0.0,0.0,0.0
4,150,10.948843712710092,6.629529296954396,0.0,0.0,0.0,1.0,1.0,1.0
5,150,4.968653673923613,4.934805947611181,0.0,0.0,0.0,0.0,0.0,0.0
6,150,1.0697211552519388,3.90226006123334,0.0,0.0,1.0,0.0,0.0,1.0
7,150,10.641715537561913,12.0,0.0,0.0,1.0,1.0,0.0,0.0
8,150,6.238031025529766,7.681002814560045,1.0,0.0,0.0,1.0,1.0,1.0
9,150,2.3384152232063267,8.410594805987122,0.0,1.0,0.0,1.0,0.0,1.0
10,150,11.238615559881408,2.6415703154691994,0.0,0.0,0.0,0.0,0.0,0.0
11,150,4.366321379845755,0.4512912622882121,1.0,0.0,1.0,0.0,1.0,0.0
12,150,8.335051485649412,4.594306654251072,0.0,1.0,0.0,1.0,0.0,0.0
13,150,10.23320460779745,3.253217217764381,1.0,0.0,1.0,0.0,0.0,0.0
14,150,12.0,11.208512620154265,0.0,0.0,0.0,1.0,1.0,0.0
15,150,9.593704097796596,1.126011845939112,0.0,0.0,0.0,1.0,1.0,1.0
16,150,4.545175572724216,1.6361690150872954,0.0,0.0,1.0,0.0,1.0,1.0
17,150,9.19386608133755,4.966127602546684,1.0,0.0,0.0,0.0,1.0,1.0
18,150,0.0,0.0,1.0,0.0,0.0,0.0,0.0,1.0
19,150,9.796767457883403,0.7134171247457586,0.0,1.0,1.0,0.0,0.0,0.0
0,155,0.0086446156042891,10.004184583860118,0.0,0.0,0.0,0.0,0.0,1.0
1,155,3.3856184244898606,0.9624265448528796,1.0,1.0,1.0,0.0,1.0,1.0
2,155,6.572590712516309,11.764104683855855,1.0,1.0,0.0,0.0,0.0,0.0
3,155,4.572751413998749,2.4285082883163,0.0,1.0,0.0,0.0,0.0,0.0
4,155,10.986087053416998,6.614592126427632,0.0,0.0,0.0,1.0,1.0,1.0
5,155,4.999092544523212,4.908838701654361,0.0,0.0,0.0,0.0,0.0,0.0
6,155,1.0533080183896664,3.8157525272039887,0.0,0.0,1.0,0.0,0.0,1.0
7,155,10.787181551698689,12.0,0.0,0.0,1.0,1.0,0.0,0.0
8,155,6.262016175505273,7.670616404652719,1.0,0.0,0.0,1.0,1.0,1.0
9,155,2.32703824800857,8.39837877207753,0.0,1.0,0.0,1.0,0.0,1.0
10,155,11.349542509369709,2.5822019343812994,0.0,0.0,0.0,0.0,0.0,0.0
11,155,4.4078988075486665,0.5401214938028946,1.0,0.0,1.0,0.0,1.0,0.0
12,155,8.345305323677328,4.594041826885695,0.0,1.0,0.0,1.0,0.0,0.0
13,155,10.268266353038356,3.2914784658831047,1.0,0.0,1.0,0.0,0.0,0.0
14,155,12.0,11.312691368081314,0.0,0.0,0.0,1.0,1.0,0.0
15,155,9.47595864339433,1.164157296185632,0.0,0.0,0.0,1.0,1.0,1.0
16,155,4.555321563098366,1.628267201339309,0.0,0.0,1.0,0.0,1.0,1.0
17,155,9.249780012273392,4.9574037403371145,1.0,0.0,0.0,0.0,1.0,1.0
18,155,0.0,0.0,1.0,0.0,0.0,0.0,0.0,1.0
19,155,9.794798817577,0.6977785277626845,0.0,1.0,1.0,0.0,0.0,0.0
0,160,0.0091317198532223,9.994318635767549,0.0,0.0,0.0,0.0,0.0,1.0
1,160,3.392176367698918,0.9368014756242478,1.0,1.0,1.0,0.0,1.0,1.0
2,160,6.603183360744776,11.77995226356629,1.0,1.0,0.0,0.0,0.0,0.0
3,160,4.641829006052454,2.3602287701392246,0.0,1.0,0.0,0.0,0.0,0.0
4,160,11.026082600327763,6.599028584853492,0.0,0.0,0.0,1.0,1.0,1.0
5,160,5.03282145210539,4.880845249232354,0.0,0.0,0.0,0.0,0.0,0.0
6,160,1.0370760807768815,3.73367321908238,0.0,0.0,1.0,0.0,0.0,1.0
7,160,10.92172863103231,12.0,0.0,0.0,1.0,1.0,0.0,0.0
8,160,6.288034526126016,7.659705661124246,1.0,0.0,0.0,1.0,1.0,1.0
9,160,2.31774381330047,8.388451671249475,0.0,1.0,0.0,1.0,0.0,1.0
10,160,11.452881322950915,2.5287429646861392,0.0,0.0,0.0,0.0,0.0,0.0
11,160,4.462697760045789,0.6586206624297282,1.0,0.0,1.0,0.0,1.0,0.0
12,160,8.342136129285784,4.594132604970784,0.0,1.0,0.0,1.0,0.0,0.0
13,160,10.30251823802566,3.328225824053155,1.0,0.0,1.0,0.0,0.0,0.0
14,160,12.0,11.419504070100738,0.0,0.0,0.0,1.0,1.0,0.0
15,160,9.32919709371212,1.2091542729539713,0.0,0.0,0.0,1.0,1.0,1.0
16,160,4.569273050704532,1.6173565694112977,0.0,0.0,1.0,0.0,1.0,1.0
17,160,9.289165068746955,4.950731069985752,1.0,0.0,0.0,0.0,1.0,1.0
18,160,0.0,0.0,1.0,0.0,0.0,0.0,0.0,1.0
19,160,9.791976754285734,0.6759851172181137,0.0,1.0,1.0,0.0,0.0,0.0
0,165,0.0093109369711285,9.99159525196075,0.0,0.0,0.0,0.0,0.0,1.0
1,165,3.39141870706035,0.9400231421125642,1.0,1.0,1.0,0.0,1.0,1.0
2,165,6.646548738006783,11.801136143963827,1.0,1.0,0.0,0.0,0.0,0.0
3,165,4.711116241087582,2.2895709054425226,0.0,1.0,0.0,0.0,0.0,0.0
4,165,11.071832842445705,6.580736516337072,0.0,0.0,0.0,1.0,1.0,1.0
5,165,5.073873241315068,4.848635249552236,0.0,0.0,0.0,0.0,0.0,0.0
6,165,1.0241770969460495,3.665374464734902,0.0,0.0,1.0,0.0,0.0,1.0
7,165,11.030210372465428,12.0,0.0,0.0,1.0,1.0,0.0,0.0
8,165,6.340769437008502,7.638929290388429,1.0,0.0,0.0,1.0,1.0,1.0
9,165,2.3025514034983043,8.372174516525558,0.0,1.0,0.0,1.0,0.0,1.0
10,165,11.548532518284592,2.4776057955742083,0.0,0.0,0.0,0.0,0.0,0.0
11,165,4.520737672017415,0.780708736370282,1.0,0.0,1.0,0.0,1.0,0.0
12,165,8.327473276854214,4.594378295131734,0.0,1.0,0.0,1.0,0.0,0.0
13,165,10.331099966433417,3.358027939168835,1.0,0.0,1.0,0.0,0.0,0.0
14,165,12.0,11.52580198446365,0.0,0.0,0.0,1.0,1.0,0.0
15,165,9.193895367691946,1.2513830324811233,0.0,0.0,0.0,1.0,1.0,1.0
16,165,4.584413130604851,1.6060850553870472,0.0,0.0,1.0,0.0,1.0,1.0
17,165,9.317281362986082,4.945167783076592,1.0,0.0,0.0,0.0,1.0,1.0
18,165,0.0,0.0,1.0,0.0,0.0,0.0,0.0,1.0
19,165,9.787425733996969,0.6474788852690414,0.0,1.0,1.0,0.0,0.0,0.0
0,170,0.0091553172210562,9.99404039076731,0.0,0.0,0.0,0.0,0.0,1.0
1,170,3.3851104406608035,0.9640441786164388,1.0,1.0,1.0,0.0,1.0,1.0
2,170,6.684518057489419,11.82005456794593,1.0,1.0,0.0,0.0,0.0,0.0
3,170,4.784091761431125,2.215836879082916,0.0,1.0,0.0,0.0,0.0,0.0
4,170,11.143556846380871,6.551701403617992,0.0,0.0,0.0,1.0,1.0,1.0
5,170,5.128808237530994,4.807054581596845,0.0,0.0,0.0,0.0,0.0,0.0
6,170,1.0122513571287413,3.5986698069118286,0.0,0.0,1.0,0.0,0.0,1.0
7,170,11.13005753180668,12.0,0.0,0.0,1.0,1.0,0.0,0.0
8,170,6.402570165129559,7.615102206337243,1.0,0.0,0.0,1.0,1.0,1.0
9,170,2.291506429029675,8.359543196635128,0.0,1.0,0.0,1.0,0.0,1.0
10,170,11.638184472097429,2.4286262238053298,0.0,0.0,0.0,0.0,0.0,0.0
11,170,4.5777077648564815,0.8960987073664082,1.0,0.0,1.0,0.0,1.0,0.0
12,170,8.315906313139385,4.594174758609377,0.0,1.0,0.0,1.0,0.0,0.0
13,170,10.374527517372078,3.406226516800749,1.0,0.0,1.0,0.0,0.0,0.0
14,170,12.0,11.635277301035492,0.0,0.0,0.0,1.0,1.0,0.0
15,170,9.038480674755988,1.2975037048653646,0.0,0.0,0.0,1.0,1.0,1.0
16,170,4.611755557962785,1.5863074410514828,0.0,0.0,1.0,0.0,1.0,1.0
17,170,9.341275721228396,4.940279765210853,1.0,0.0,0.0,0.0,1.0,1.0
18,170,0.0,0.0,1.0,0.0,0.0,0.0,0.0,1.0
19,170,9.7821830255808,0.6137700850636016,0.0,1.0,1.0,0.0,0.0,0.0
0,175,0.0087106662717751,10.000138597473915,0.0,0.0,0.0,0.0,0.0,1.0
1,175,3.3852918165695587,0.963329679864964,1.0,1.0,1.0,0.0,1.0,1.0
2,175,6.738024046461974,11.846687538680976,1.0,1.0,0.0,0.0,0.0,0.0
3,175,4.84276689275293,2.157138918376206,0.0,1.0,0.0,0.0,0.0,0.0
4,175,11.223857920508758,6.516068099589353,0.0,0.0,0.0,1.0,1.0,1.0
5,175,5.183023620179149,4.768320946951161,0.0,0.0,0.0,0.0,0.0,0.0
6,175,0.9924486181737509,3.4968401409631844,0.0,0.0,1.0,0.0,0.0,1.0
7,175,11.226884315899971,12.0,0.0,0.0,1.0,1.0,0.0,0.0
8,175,6.374074739594486,7.544057017124773,1.0,0.0,0.0,1.0,1.0,1.0
9,175,2.2832420627572736,8.349983049251344,0.0,1.0,0.0,1.0,0.0,1.0
10,175,11.72809168057388,2.378887556940162,0.0,0.0,0.0,0.0,0.0,0.0
11,175,4.633510516946644,1.0033192633807235,1.0,0.0,1.0,0.0,1.0,0.0
12,175,8.305808306779722,4.594013265802641,0.0,1.0,0.0,1.0,0.0,0.0
13,175,10.423238282780051,3.460777759409903,1.0,0.0,1.0,0.0,0.0,0.0
14,175,12.0,11.739843328689467,0.0,0.0,0.0,1.0,1.0,0.0
15,175,8.895870294237703,1.337483322645784,0.0,0.0,0.0,1.0,1.0,1.0
16,175,4.632334426299659,1.5717876398668271,0.0,0.0,1.0,0.0,1.0,1.0
17,175,9.365284694392816,4.935047612465838,1.0,0.0,0.0,0.0,1.0,1.0
18,175,0.0,0.0,1.0,0.0,0.0,0.0,0.0,1.0
19,175,9.77657475546512,0.5867719743545552,0.0,1.0,1.0,0.0,0.0,0.0
0,180,0.0088085485703294,9.999043417727124,0.0,0.0,0.0,0.0,0.0,1.0
1,180,3.384310298877629,0.9669420134046596,1.0,1.0,1.0,0.0,1.0,1.0
2,180,6.782829106929436,11.870058093099082,1.0,1.0,0.0,0.0,0.0,0.0
3,180,4.897662652672515,2.103034296933628,0.0,1.0,0.0,0.0,0.0,0.0
4,180,11.29894729166428,6.485451107533928,0.0,0.0,0.0,1.0,1.0,1.0
5,180,5.2231593030994725,4.74091141958641,0.0,0.0,0.0,0.0,0.0,0.0
6,180,0.9771672831678938,3.415769141407666,0.0,0.0,1.0,0.0,0.0,1.0
7,180,11.296945955837204,12.0,0.0,0.0,1.0,1.0,0.0,0.0
8,180,6.338145804382508,7.450905395631107,1.0,0.0,0.0,1.0,1.0,1.0
9,180,2.2846703862329143,8.351627848990494,0.0,1.0,0.0,1.0,0.0,1.0
10,180,11.835734619848305,2.3178248792640237,0.0,0.0,0.0,0.0,0.0,0.0
11,180,4.689802476555706,1.113840816134684,1.0,0.0,1.0,0.0,1.0,0.0
12,180,8.31624251020664,4.594259193293955,0.0,1.0,0.0,1.0,0.0,0.0
13,180,10.46214074623501,3.503134538875608,1.0,0.0,1.0,0.0,0.0,0.0
14,180,12.0,11.85551658651508,0.0,0.0,0.0,1.0,1.0,0.0
15,180,8.760496718117645,1.3731659289850715,0.0,0.0,0.0,1.0,1.0,1.0
16,180,4.654416287715791,1.5567347715851736,0.0,0.0,1.0,0.0,1.0,1.0
17,180,9.383671433196696,4.93090697093531,1.0,0.0,0.0,0.0,1.0,1.0
18,180,0.0,0.0,1.0,0.0,0.0,0.0,0.0,1.0
19,180,9.766917109754674,0.5424879516894117,0.0,1.0,1.0,0.0,0.0,0.0
0,185,0.0109213082824851,9.970310894586982,0.0,0.0,0.0,0.0,0.0,1.0
1,185,3.38781109377521,0.9542390837181636,1.0,1.0,1.0,0.0,1.0,1.0
2,185,6.814572924591831,11.886950124867573,1.0,1.0,0.0,0.0,0.0,0.0
3,185,4.952888881632074,2.0515690255630066,0.0,1.0,0.0,0.0,0.0,0.0
4,185,11.37703148037549,6.452093082861988,0.0,0.0,0.0,1.0,1.0,1.0
5,185,5.279867658546006,4.701108211763329,0.0,0.0,0.0,0.0,0.0,0.0
6,185,0.9662507910036824,3.35896172618992,0.0,0.0,1.0,0.0,0.0,1.0
7,185,11.3549056605127,12.0,0.0,0.0,1.0,1.0,0.0,0.0
8,185,6.304239144255827,7.358516018026212,1.0,0.0,0.0,1.0,1.0,1.0
9,185,2.298916670280025,8.368205874775152,0.0,1.0,0.0,1.0,0.0,1.0
10,185,11.935712216024896,2.261119217337685,0.0,0.0,0.0,0.0,0.0,0.0
11,185,4.743082260284329,1.216818122121084,1.0,0.0,1.0,0.0,1.0,0.0
12,185,8.318801359527061,4.594365731215833,0.0,1.0,0.0,1.0,0.0,0.0
13,185,10.499386747654285,3.5456340377057294,1.0,0.0,1.0,0.0,0.0,0.0
14,185,12.0,11.970851972739522,0.0,0.0,0.0,1.0,1.0,0.0
15,185,8.626407943068672,1.4072234018267231,0.0,0.0,0.0,1.0,1.0,1.0
16,185,4.710958641613743,1.5182864942065093,0.0,0.0,1.0,0.0,1.0,1.0
17,185,9.379050202293024,4.93201960272421,1.0,0.0,0.0,0.0,1.0,1.0
18,185,0.0,0.0,1.0,0.0,0.0,0.0,0.0,1.0
19,185,9.755011913655611,0.4918340449698595,0.0,1.0,1.0,0.0,0.0,0.0
0,190,0.0130177585572016,9.94292477636674,0.0,0.0,0.0,0.0,0.0,1.0
1,190,3.388144560822595,0.9529363579514712,1.0,1.0,1.0,0.0,1.0,1.0
2,190,6.83123726357064,11.856678543958962,1.0,1.0,0.0,0.0,0.0,0.0
3,190,5.003310534251772,2.0049683332297885,0.0,1.0,0.0,0.0,0.0,0.0
4,190,11.464637873810034,6.412691130851346,0.0,0.0,0.0,1.0,1.0,1.0
5,190,5.3337459722759855,4.664429491546693,0.0,0.0,0.0,0.0,0.0,0.0
6,190,0.955416787809303,3.3033374017338484,0.0,0.0,1.0,0.0,0.0,1.0
7,190,11.406389166425338,12.0,0.0,0.0,1.0,1.0,0.0,0.0
8,190,6.279631170172735,7.296009092039643,1.0,0.0,0.0,1.0,1.0,1.0
9,190,2.3235148529661043,8.397265478518346,0.0,1.0,0.0,1.0,0.0,1.0
10,190,12.0,2.195908014880087,0.0,0.0,0.0,0.0,0.0,0.0
11,190,4.8079911052039614,1.3406412514242942,1.0,0.0,1.0,0.0,1.0,0.0
12,190,8.321433248247601,4.594465656165433,0.0,1.0,0.0,1.0,0.0,0.0
13,190,10.536922019645647,3.589781143182431,1.0,0.0,1.0,0.0,0.0,0.0
14,190,12.0,12.0,0.0,0.0,0.0,1.0,1.0,0.0
15,190,8.502802575661429,1.4385703524204732,0.0,0.0,0.0,1.0,1.0,1.0
16,190,4.775784725719208,1.4773190452041922,0.0,0.0,1.0,0.0,1.0,1.0
17,190,9.361605210638334,4.936318034308287,1.0,0.0,0.0,0.0,1.0,1.0
18,190,0.0,0.0,1.0,0.0,0.0,0.0,0.0,1.0
19,190,9.74997007934812,0.4718024130327823,0.0,1.0,1.0,0.0,0.0,0.0
0,195,0.0143222666058004,9.924823924388647,0.0,0.0,0.0,0.0,0.0,1.0
1,195,3.3867570925717563,0.9588145570043092,1.0,1.0,1.0,0.0,1.0,1.0
2,195,6.848835484624091,11.823715615360667,1.0,1.0,0.0,0.0,0.0,0.0
3,195,5.064453668748637,1.946686966487972,0.0,1.0,0.0,0.0,0.0,0.0
4,195,11.54872355333481,6.3739396274995785,0.0,0.0,0.0,1.0,1.0,1.0
5,195,5.396872191351005,4.619878903176067,0.0,0.0,0.0,0.0,0.0,0.0
6,195,0.9415929110967304,3.2351567393594483,0.0,0.0,1.0,0.0,0.0,1.0
7,195,11.449569764565553,12.0,0.0,0.0,1.0,1.0,0.0,0.0
8,195,6.26448034671654,7.258278327433494,1.0,0.0,0.0,1.0,1.0,1.0
9,195,2.3556387053612218,8.437731371214424,0.0,1.0,0.0,1.0,0.0,1.0
10,195,12.0,2.1361198162877453,0.0,0.0,0.0,0.0,0.0,0.0
11,195,4.882729078467063,1.4780942498367438,1.0,0.0,1.0,0.0,1.0,0.0
12,195,8.323115441723775,4.594585021743084,0.0,1.0,0.0,1.0,0.0,0.0
13,195,10.589126271780444,3.658395832165344,1.0,0.0,1.0,0.0,0.0,0.0
14,195,12.0,12.0,0.0,0.0,0.0,1.0,1.0,0.0
15,195,8.377032453325205,1.47128253851824,0.0,0.0,0.0,1.0,1.0,1.0
16,195,4.843692850439887,1.4355796971981571,0.0,0.0,1.0,0.0,1.0,1.0
17,195,9.359819407203863,4.936753697140684,1.0,0.0,0.0,0.0,1.0,1.0
18,195,0.0,0.0,1.0,0.0,0.0,0.0,0.0,1.0
19,195,9.751809835119786,0.4793426898691272,0.0,1.0,1.0,0.0,0.0,0.0
0,200,0.0157943506719567,9.906025772335902,0.0,0.0,0.0,0.0,0.0,1.0
1,200,3.39075450720637,0.9418321127308348,1.0,1.0,1.0,0.0,1.0,1.0
2,200,6.861793516543654,11.79904742857091,1.0,1.0,0.0,0.0,0.0,0.0
3,200,5.126435675376997,1.8839894477006855,0.0,1.0,0.0,0.0,0.0,0.0
4,200,11.631095127291534,6.33722098503007,0.0,0.0,0.0,1.0,1.0,1.0
5,200,5.475915928740849,4.560867640520355,0.0,0.0,0.0,0.0,0.0,0.0
6,200,0.924130627801728,3.1555109087904376,0.0,0.0,1.0,0.0,0.0,1.0
7,200,11.526489008561676,12.0,0.0,0.0,1.0,1.0,0.0,0.0
8,200,6.253543843684047,7.229419948437515,1.0,0.0,0.0,1.0,1.0,1.0
9,200,2.3806830758706434,8.467710734007614,0.0,1.0,0.0,1.0,0.0,1.0
10,200,12.0,2.071822821521606,0.0,0.0,0.0,0.0,0.0,0.0
11,200,4.955255179731284,1.605392635555328,1.0,0.0,1.0,0.0,1.0,0.0
12,200,8.323091651344459,4.594582877039558,0.0,1.0,0.0,1.0,0.0,0.0
13,200,10.637807745068924,3.722491724060194,1.0,0.0,1.0,0.0,0.0,0.0
14,200,12.0,12.0,0.0,0.0,0.0,1.0,1.0,0.0
15,200,8.254506713171484,1.5026787167825866,0.0,0.0,0.0,1.0,1.0,1.0
16,200,4.902608810195599,1.39840920877125,0.0,0.0,1.0,0.0,1.0,1.0
17,200,9.396766233913269,4.928177361074525,1.0,0.0,0.0,0.0,1.0,1.0
18,200,0.0,0.0,1.0,0.0,0.0,0.0,0.0,1.0
19,200,9.754819001305789,0.4922296348010885,0.0,1.0,1.0,0.0,0.0,0.0
0,205,0.0166795499623127,9.894320087037624,0.0,0.0,0.0,0.0,0.0,1.0
1,205,3.3962465622974976,0.9175038855684776,1.0,1.0,1.0,0.0,1.0,1.0
2,205,6.872844816905417,11.777446516072876,1.0,1.0,0.0,0.0,0.0,0.0
3,205,5.195044410680636,1.8167660415597755,0.0,1.0,0.0,0.0,0.0,0.0
4,205,11.698010153347292,6.306510095086318,0.0,0.0,0.0,1.0,1.0,1.0
5,205,5.555079081852379,4.498902505226067,0.0,0.0,0.0,0.0,0.0,0.0
6,205,0.9065231897607268,3.074473985159852,0.0,0.0,1.0,0.0,0.0,1.0
7,205,11.621394404630744,12.0,0.0,0.0,1.0,1.0,0.0,0.0
8,205,6.253512393121856,7.229334904473516,1.0,0.0,0.0,1.0,1.0,1.0
9,205,2.383443696919913,8.471228944755744,0.0,1.0,0.0,1.0,0.0,1.0
10,205,12.0,2.019831346609718,0.0,0.0,0.0,0.0,0.0,0.0
11,205,5.027122468537813,1.7336251851849582,1.0,0.0,1.0,0.0,1.0,0.0
12,205,8.324067159945752,4.5946937141747055,0.0,1.0,0.0,1.0,0.0,0.0
13,205,10.676218271917987,3.7715545371720953,1.0,0.0,1.0,0.0,0.0,0.0
14,205,12.0,12.0,0.0,0.0,0.0,1.0,1.0,0.0
15,205,8.1398441274895,1.5282469607890623,0.0,0.0,0.0,1.0,1.0,1.0
16,205,4.96491503009385,1.35901200308531,0.0,0.0,1.0,0.0,1.0,1.0
17,205,9.434754747082646,4.919060113161055,1.0,0.0,0.0,0.0,1.0,1.0
18,205,0.0,0.0,1.0,0.0,0.0,0.0,0.0,1.0
19,205,9.75838559228139,0.5076834995910372,0.0,1.0,1.0,0.0,0.0,0.0
0,210,0.0173663161375149,9.88381899001508,0.0,0.0,0.0,0.0,0.0,1.0
1,210,3.400635711700065,0.8977708403727656,1.0,1.0,1.0,0.0,1.0,1.0
2,210,6.880892703445885,11.76128867361763,1.0,1.0,0.0,0.0,0.0,0.0
3,210,5.259311664403018,1.754742973249116,0.0,1.0,0.0,0.0,0.0,0.0
4,210,11.767411210613924,6.273114140519948,0.0,0.0,0.0,1.0,1.0,1.0
5,210,5.62899392610015,4.4374528891073455,0.0,0.0,0.0,0.0,0.0,0.0
6,210,0.8898526161356868,2.989099355774256,0.0,0.0,1.0,0.0,0.0,1.0
7,210,11.710269043463583,12.0,0.0,0.0,1.0,1.0,0.0,0.0
8,210,6.256552648252098,7.237344440363434,1.0,0.0,0.0,1.0,1.0,1.0
9,210,2.386590919013913,8.47523061779757,0.0,1.0,0.0,1.0,0.0,1.0
10,210,12.0,1.952033671845292,0.0,0.0,0.0,0.0,0.0,0.0
11,210,5.105878271735003,1.8697248506855424,1.0,0.0,1.0,0.0,1.0,0.0
12,210,8.333865798945505,4.595996293140274,0.0,1.0,0.0,1.0,0.0,0.0
13,210,10.727808090169608,3.834331757460488,1.0,0.0,1.0,0.0,0.0,0.0
14,210,12.0,12.0,0.0,0.0,0.0,1.0,1.0,0.0
15,210,8.033651843608263,1.5493226504964603,0.0,0.0,0.0,1.0,1.0,1.0
16,210,5.031146403463198,1.3165937419065918,0.0,0.0,1.0,0.0,1.0,1.0
17,210,9.466962239626444,4.912160976874226,1.0,0.0,0.0,0.0,1.0,1.0
18,210,0.0,0.0,1.0,0.0,0.0,0.0,0.0,1.0
19,210,9.763728636970637,0.5329149419526309,0.0,1.0,1.0,0.0,0.0,0.0
0,215,0.0179918039937713,9.865634719046534,0.0,0.0,0.0,0.0,0.0,1.0
1,215,3.408693034818898,0.863316119321675,1.0,1.0,1.0,0.0,1.0,1.0
2,215,6.884415309159267,11.753961692894585,1.0,1.0,0.0,0.0,0.0,0.0
3,215,5.333477251389302,1.6838640627800814,0.0,1.0,0.0,0.0,0.0,0.0
4,215,11.843480514491048,6.236234498142164,0.0,0.0,0.0,1.0,1.0,1.0
5,215,5.70717348291481,4.373575384301307,0.0,0.0,0.0,0.0,0.0,0.0
6,215,0.8749329617461298,2.904617760378161,0.0,0.0,1.0,0.0,0.0,1.0
7,215,11.786165890677765,12.0,0.0,0.0,1.0,1.0,0.0,0.0
8,215,6.259855017483188,7.246608454460626,1.0,0.0,0.0,1.0,1.0,1.0
9,215,2.3868392964677905,8.475545668152394,0.0,1.0,0.0,1.0,0.0,1.0
10,215,12.0,1.8844294554997305,0.0,0.0,0.0,0.0,0.0,0.0
11,215,5.192622702557098,2.014754518396143,1.0,0.0,1.0,0.0,1.0,0.0
12,215,8.350520466421937,4.598071332506151,0.0,1.0,0.0,1.0,0.0,0.0
13,215,10.773474959056715,3.888769881238764,1.0,0.0,1.0,0.0,0.0,0.0
14,215,12.0,12.0,0.0,0.0,0.0,1.0,1.0,0.0
15,215,7.929403963143457,1.5726959496827329,0.0,0.0,0.0,1.0,1.0,1.0
16,215,4.993971979027305,1.2543614780962271,0.0,0.0,1.0,0.0,1.0,1.0
17,215,9.48131587366202,4.90927151993817,1.0,0.0,0.0,0.0,1.0,1.0
18,215,0.0,0.0,1.0,0.0,0.0,0.0,0.0,1.0
19,215,9.765435652236516,0.5422928730915535,0.0,1.0,1.0,0.0,0.0,0.0
0,220,0.0195141285907828,9.823609717259934,0.0,0.0,0.0,0.0,0.0,1.0
1,220,3.415823040286692,0.8372922114956407,1.0,1.0,1.0,0.0,1.0,1.0
2,220,6.894074174243137,11.733454152515243,1.0,1.0,0.0,0.0,0.0,0.0
3,220,5.401662446075326,1.614129770260917,0.0,1.0,0.0,0.0,0.0,0.0
4,220,11.935013071640247,6.192221460276635,0.0,0.0,0.0,1.0,1.0,1.0
5,220,5.772813878190462,4.319873301238711,0.0,0.0,0.0,0.0,0.0,0.0
6,220,0.8571879954976426,2.805381586605056,0.0,0.0,1.0,0.0,0.0,1.0
7,220,11.85639331577029,12.0,0.0,0.0,1.0,1.0,0.0,0.0
8,220,6.265584599620857,7.263177234748215,1.0,0.0,0.0,1.0,1.0,1.0
9,220,2.379208304589866,8.465966133859542,0.0,1.0,0.0,1.0,0.0,1.0
10,220,12.0,1.8099304760389123,0.0,0.0,0.0,0.0,0.0,0.0
11,220,5.279016088620048,2.1663532643797185,1.0,0.0,1.0,0.0,1.0,0.0
12,220,8.380018734748536,4.601812724263682,0.0,1.0,0.0,1.0,0.0,0.0
13,220,10.834802196655357,3.9627231723603593,1.0,0.0,1.0,0.0,0.0,0.0
14,220,12.0,12.0,0.0,0.0,0.0,1.0,1.0,0.0
15,220,7.812236307222882,1.598519573770764,0.0,0.0,0.0,1.0,1.0,1.0
16,220,4.9421403606530925,1.1686753360532107,0.0,0.0,1.0,0.0,1.0,1.0
17,220,9.499467303437283,4.905647482918536,1.0,0.0,0.0,0.0,1.0,1.0
18,220,0.0,0.0,1.0,0.0,0.0,0.0,0.0,1.0
19,220,9.771147545142206,0.5770905562840539,0.0,1.0,1.0,0.0,0.0,0.0
0,225,0.0211888918729384,9.778463251707318,0.0,0.0,0.0,0.0,0.0,1.0
1,225,3.379971607056175,0.8257740491930521,1.0,1.0,1.0,0.0,1.0,1.0
2,225,6.905889778635539,11.710176908511356,1.0,1.0,0.0,0.0,0.0,0.0
3,225,5.4643488168485925,1.5500105965144413,0.0,1.0,0.0,0.0,0.0,0.0
4,225,12.0,6.151728579801072,0.0,0.0,0.0,1.0,1.0,1.0
5,225,5.826109615070864,4.277623647702411,0.0,0.0,0.0,0.0,0.0,0.0
6,225,0.844702315331712,2.720314973949088,0.0,0.0,1.0,0.0,0.0,1.0
7,225,11.92507962272844,12.0,0.0,0.0,1.0,1.0,0.0,0.0
8,225,6.268902209767901,7.272360663147127,1.0,0.0,0.0,1.0,1.0,1.0
9,225,2.379670896491565,8.466538126899906,0.0,1.0,0.0,1.0,0.0,1.0
10,225,12.0,1.7271791412531192,0.0,0.0,0.0,0.0,0.0,0.0
11,225,5.350654004131937,2.295315136910953,1.0,0.0,1.0,0.0,1.0,0.0
12,225,8.431753421436648,4.607838821618787,0.0,1.0,0.0,1.0,0.0,0.0
13,225,10.89401606505049,4.033860165111059,1.0,0.0,1.0,0.0,0.0,0.0
14,225,12.0,12.0,0.0,0.0,0.0,1.0,1.0,0.0
15,225,7.698750648458279,1.62322683367515,0.0,0.0,0.0,1.0,1.0,1.0
16,225,4.892354746450307,1.0835602167031615,0.0,0.0,1.0,0.0,1.0,1.0
17,225,9.51463132252165,4.902568559705479,1.0,0.0,0.0,0.0,1.0,1.0
18,225,0.0,0.0,1.0,0.0,0.0,0.0,0.0,1.0
19,225,9.778871895179169,0.6192858242601212,0.0,1.0,1.0,0.0,0.0,0.0
0,230,0.0230248388239439,9.732649788577968,0.0,0.0,0.0,0.0,0.0,1.0
1,230,3.3436412649832983,0.8145212607137285,1.0,1.0,1.0,0.0,1.0,1.0
2,230,6.920941474044967,11.680097560769402,1.0,1.0,0.0,0.0,0.0,0.0
3,230,5.515984738333262,1.4979378804835333,0.0,1.0,0.0,0.0,0.0,0.0
4,230,12.0,6.1149094987397445,0.0,0.0,0.0,1.0,1.0,1.0
5,230,5.891612819543235,4.223006489517138,0.0,0.0,0.0,0.0,0.0,0.0
6,230,0.8267505011020014,2.604382649156991,0.0,0.0,1.0,0.0,0.0,1.0
7,230,11.99514953648114,12.0,0.0,0.0,1.0,1.0,0.0,0.0
8,230,6.265309827216004,7.262359388040762,1.0,0.0,0.0,1.0,1.0,1.0
9,230,2.382131436943836,8.469492626919806,0.0,1.0,0.0,1.0,0.0,1.0
10,230,12.0,1.6387251308453747,0.0,0.0,0.0,0.0,0.0,0.0
11,230,5.42713424723092,2.4256470386192,1.0,0.0,1.0,0.0,1.0,0.0
12,230,8.464273069083138,4.611344638430598,0.0,1.0,0.0,1.0,0.0,0.0
13,230,10.956704140476612,4.113985451231849,1.0,0.0,1.0,0.0,0.0,0.0
14,230,12.0,12.0,0.0,0.0,0.0,1.0,1.0,0.0
15,230,7.589190936957995,1.64711643114948,0.0,0.0,0.0,1.0,1.0,1.0
16,230,4.843299825622285,0.9981997491214328,0.0,0.0,1.0,0.0,1.0,1.0
17,230,9.50485047016524,4.904372365680404,1.0,0.0,0.0,0.0,1.0,1.0
18,230,0.0,0.0,1.0,0.0,0.0,0.0,0.0,1.0
19,230,9.78824718723165,0.6702668187081932,0.0,1.0,1.0,0.0,0.0,0.0
0,235,0.0245192272066253,9.692699083370488,0.0,0.0,0.0,0.0,0.0,1.0
1,235,3.281618736415127,0.7966349792812885,1.0,1.0,1.0,0.0,1.0,1.0
2,235,6.941318339536841,11.642004851681872,1.0,1.0,0.0,0.0,0.0,0.0
3,235,5.577316835543778,1.4335604231512813,0.0,1.0,0.0,0.0,0.0,0.0
4,235,12.0,6.079057050350338,0.0,0.0,0.0,1.0,1.0,1.0
5,235,5.980482115327948,4.147958881441046,0.0,0.0,0.0,0.0,0.0,0.0
6,235,0.8053118102446176,2.4729956433006364,0.0,0.0,1.0,0.0,0.0,1.0
7,235,12.0,12.0,0.0,0.0,1.0,1.0,0.0,0.0
8,235,6.26309019411166,7.25604716955154,1.0,0.0,0.0,1.0,1.0,1.0
9,235,2.40820263732608,8.499184827217842,0.0,1.0,0.0,1.0,0.0,1.0
10,235,12.0,1.5379300787674337,0.0,0.0,0.0,0.0,0.0,0.0
11,235,5.496226243862693,2.551700088339776,1.0,0.0,1.0,0.0,1.0,0.0
12,235,8.502966031713296,4.616592772181111,0.0,1.0,0.0,1.0,0.0,0.0
13,235,11.036009061457166,4.219900572813855,1.0,0.0,1.0,0.0,0.0,0.0
14,235,12.0,12.0,0.0,0.0,0.0,1.0,1.0,0.0
15,235,7.460272704296041,1.6741118752258617,0.0,0.0,0.0,1.0,1.0,1.0
16,235,4.786938391443929,0.9003813257581239,0.0,0.0,1.0,0.0,1.0,1.0
17,235,9.484026374715006,4.908983222543834,1.0,0.0,0.0,0.0,1.0,1.0
18,235,0.0,0.0,1.0,0.0,0.0,0.0,0.0,1.0
19,235,9.793751919405585,0.6999973386538826,0.0,1.0,1.0,0.0,0.0,0.0
0,240,0.0260080449434031,9.660886690411422,0.0,0.0,0.0,0.0,0.0,1.0
1,240,3.212020618082486,0.7751435894922883,1.0,1.0,1.0,0.0,1.0,1.0
2,240,6.958250500178643,11.61163922354102,1.0,1.0,0.0,0.0,0.0,0.0
3,240,5.663265866273028,1.3427572639940484,0.0,1.0,0.0,0.0,0.0,0.0
4,240,12.0,6.05239830520817,0.0,0.0,0.0,1.0,1.0,1.0
5,240,6.06263948620698,4.076007550210993,0.0,0.0,0.0,0.0,0.0,0.0
6,240,0.7867133476944589,2.3394165858028586,0.0,0.0,1.0,0.0,0.0,1.0
7,240,12.0,12.0,0.0,0.0,1.0,1.0,0.0,0.0
8,240,6.261315643409436,7.251215175439434,1.0,0.0,0.0,1.0,1.0,1.0
9,240,2.4356733710751954,8.52986784693976,0.0,1.0,0.0,1.0,0.0,1.0
10,240,12.0,1.439025978871402,0.0,0.0,0.0,0.0,0.0,0.0
11,240,5.55825185637801,2.6659072848766594,1.0,0.0,1.0,0.0,1.0,0.0
12,240,8.531633755019637,4.621116972883562,0.0,1.0,0.0,1.0,0.0,0.0
13,240,11.108555833162775,4.324329999742015,1.0,0.0,1.0,0.0,0.0,0.0
14,240,12.0,12.0,0.0,0.0,0.0,1.0,1.0,0.0
15,240,7.331266968383192,1.6976439996605233,0.0,0.0,0.0,1.0,1.0,1.0
16,240,4.718104385933123,0.7831932118998359,0.0,0.0,1.0,0.0,1.0,1.0
17,240,9.446226998863896,4.9182502649349935,1.0,0.0,0.0,0.0,1.0,1.0
18,240,0.0,0.0,1.0,0.0,0.0,0.0,0.0,1.0
19,240,9.797779886098017,0.7278522480520668,0.0,1.0,1.0,0.0,0.0,0.0
0,245,0.0273495260487032,9.631751151326208,0.0,0.0,0.0,0.0,0.0,1.0
1,245,3.141046465639468,0.7551390079170281,1.0,1.0,1.0,0.0,1.0,1.0
2,245,6.967929974479926,11.59511318816628,1.0,1.0,0.0,0.0,0.0,0.0
3,245,5.7545743743905,1.2415082446259895,0.0,1.0,0.0,0.0,0.0,0.0
4,245,12.0,6.022651602994822,0.0,0.0,0.0,1.0,1.0,1.0
5,245,6.141669569545475,4.007246571440905,0.0,0.0,0.0,0.0,0.0,0.0
6,245,0.7705386049994126,2.209365920784753,0.0,0.0,1.0,0.0,0.0,1.0
7,245,12.0,12.0,0.0,0.0,1.0,1.0,0.0,0.0
8,245,6.2539616052474205,7.2309430302207645,1.0,0.0,0.0,1.0,1.0,1.0
9,245,2.465985430586921,8.565352330983105,0.0,1.0,0.0,1.0,0.0,1.0
10,245,12.0,1.341955669576391,0.0,0.0,0.0,0.0,0.0,0.0
11,245,5.62859135932792,2.7878888800273565,1.0,0.0,1.0,0.0,1.0,0.0
12,245,8.55281760916603,4.624211667916835,0.0,1.0,0.0,1.0,0.0,0.0
13,245,11.174529184434547,4.419398088073308,1.0,0.0,1.0,0.0,0.0,0.0
14,245,12.0,12.0,0.0,0.0,0.0,1.0,1.0,0.0
15,245,7.185809108768612,1.7233259474079972,0.0,0.0,0.0,1.0,1.0,1.0
16,245,4.634513225815469,0.6434136542313751,0.0,0.0,1.0,0.0,1.0,1.0
17,245,9.371958700132542,4.934899906348056,1.0,0.0,0.0,0.0,1.0,1.0
18,245,0.0,0.0,1.0,0.0,0.0,0.0,0.0,1.0
19,245,9.762064253176428,0.7326926110434998,0.0,1.0,1.0,0.0,0.0,0.0
0,250,0.0284006645037018,9.613064060287268,0.0,0.0,0.0,0.0,0.0,1.0
1,250,3.054866139231447,0.7305871867008855,1.0,1.0,1.0,0.0,1.0,1.0
2,250,6.976892971543811,11.580531326130147,1.0,1.0,0.0,0.0,0.0,0.0
3,250,5.836150589578294,1.149281689743072,0.0,1.0,0.0,0.0,0.0,0.0
4,250,12.0,5.994967617219449,0.0,0.0,0.0,1.0,1.0,1.0
5,250,6.220551383267567,3.9359450576071393,0.0,0.0,0.0,0.0,0.0,0.0
6,250,0.7544581384849285,2.089460489271241,0.0,0.0,1.0,0.0,0.0,1.0
7,250,12.0,12.0,0.0,0.0,1.0,1.0,0.0,0.0
8,250,6.253374125698807,7.229369184286995,1.0,0.0,0.0,1.0,1.0,1.0
9,250,2.4981364895799296,8.603290613380588,0.0,1.0,0.0,1.0,0.0,1.0
10,250,12.0,1.2525446308364157,0.0,0.0,0.0,0.0,0.0,0.0
11,250,5.702279773771154,2.9166968106401048,1.0,0.0,1.0,0.0,1.0,0.0
12,250,8.577676794221789,4.626641684189345,0.0,1.0,0.0,1.0,0.0,0.0
13,250,11.244654364953082,4.525533278843688,1.0,0.0,1.0,0.0,0.0,0.0
14,250,12.0,12.0,0.0,0.0,0.0,1.0,1.0,0.0
15,250,7.040335483705285,1.748987799834129,0.0,0.0,0.0,1.0,1.0,1.0
16,250,4.55124163452423,0.5082433619343972,0.0,0.0,1.0,0.0,1.0,1.0
17,250,9.275109602375483,4.954486125182368,1.0,0.0,0.0,0.0,1.0,1.0
18,250,0.0,0.0,1.0,0.0,0.0,0.0,0.0,1.0
19,250,9.720347123690413,0.7380618136600765,0.0,1.0,1.0,0.0,0.0,0.0
0,255,0.0295771448392457,9.591467879315882,0.0,0.0,0.0,0.0,0.0,1.0
1,255,2.9629650288082447,0.7062038629262898,1.0,1.0,1.0,0.0,1.0,1.0
2,255,6.985808849348203,11.566204559534308,1.0,1.0,0.0,0.0,0.0,0.0
3,255,5.930244741040832,1.041651490055411,0.0,1.0,0.0,0.0,0.0,0.0
4,255,12.0,5.966469677477491,0.0,0.0,0.0,1.0,1.0,1.0
5,255,6.293758891690164,3.871469619504949,0.0,0.0,0.0,0.0,0.0,0.0
6,255,0.7364706180414331,1.955312588292965,0.0,0.0,1.0,0.0,0.0,1.0
7,255,12.0,12.0,0.0,0.0,1.0,1.0,0.0,0.0
8,255,6.259504146714731,7.246181921517926,1.0,0.0,0.0,1.0,1.0,1.0
9,255,2.5359201627484595,8.647707735125893,0.0,1.0,0.0,1.0,0.0,1.0
10,255,12.0,1.1716178968575386,0.0,0.0,0.0,0.0,0.0,0.0
11,255,5.772049630777351,3.032476601505752,1.0,0.0,1.0,0.0,1.0,0.0
12,255,8.593629418435368,4.627855176419926,0.0,1.0,0.0,1.0,0.0,0.0
13,255,11.316718440037045,4.631126121320961,1.0,0.0,1.0,0.0,0.0,0.0
14,255,12.0,12.0,0.0,0.0,0.0,1.0,1.0,0.0
15,255,6.9137772807765945,1.7737603699034636,0.0,0.0,0.0,1.0,1.0,1.0
16,255,4.47364187188384,0.3743662269236693,0.0,0.0,1.0,0.0,1.0,1.0
17,255,9.17683772199522,4.972679883592221,1.0,0.0,0.0,0.0,1.0,1.0
18,255,0.0,0.0,1.0,0.0,0.0,0.0,0.0,1.0
19,255,9.666512793764207,0.7460858609303906,0.0,1.0,1.0,0.0,0.0,0.0
0,260,0.0304643336094093,9.58085059610804,0.0,0.0,0.0,0.0,0.0,1.0
1,260,2.8694909282115444,0.6810436026084337,1.0,1.0,1.0,0.0,1.0,1.0
2,260,6.99526619610806,11.550418736928526,1.0,1.0,0.0,0.0,0.0,0.0
3,260,6.028408108876062,0.928362018460555,0.0,1.0,0.0,0.0,0.0,0.0
4,260,12.0,5.932747714624124,0.0,0.0,0.0,1.0,1.0,1.0
5,260,6.355840134113635,3.8176866678501846,0.0,0.0,0.0,0.0,0.0,0.0
6,260,0.7126497982834277,1.81453081137852,0.0,0.0,1.0,0.0,0.0,1.0
7,260,12.0,12.0,0.0,0.0,1.0,1.0,0.0,0.0
8,260,6.268220339885168,7.268925205797935,1.0,0.0,0.0,1.0,1.0,1.0
9,260,2.5858755414285826,8.7069778310506,0.0,1.0,0.0,1.0,0.0,1.0
10,260,12.0,1.0921969710384831,0.0,0.0,0.0,0.0,0.0,0.0
11,260,5.829214788776257,3.1332937243342123,1.0,0.0,1.0,0.0,1.0,0.0
12,260,8.593699055035934,4.626716304640004,0.0,1.0,0.0,1.0,0.0,0.0
13,260,11.392908998880518,4.736595711568494,1.0,0.0,1.0,0.0,0.0,0.0
14,260,12.0,12.0,0.0,0.0,0.0,1.0,1.0,0.0
15,260,6.786918786139026,1.7977861790406782,0.0,0.0,0.0,1.0,1.0,1.0
16,260,4.389882790741234,0.2278806088317044,0.0,0.0,1.0,0.0,1.0,1.0
17,260,9.076542083304789,4.991800082117397,1.0,0.0,0.0,0.0,1.0,1.0
18,260,0.0,0.0,1.0,0.0,0.0,0.0,0.0,1.0
19,260,9.661908671638905,0.7054550769597171,0.0,1.0,1.0,0.0,0.0,0.0
0,265,0.0318029118110332,9.558861360364569,0.0,0.0,0.0,0.0,0.0,1.0
1,265,2.7875803641619656,0.6553053045314667,1.0,1.0,1.0,0.0,1.0,1.0
2,265,6.998884246178231,11.54449462301931,1.0,1.0,0.0,0.0,0.0,0.0
3,265,6.119343797864128,0.8200370954757464,0.0,1.0,0.0,0.0,0.0,0.0
4,265,12.0,5.891484038583573,0.0,0.0,0.0,1.0,1.0,1.0
5,265,6.413932395495048,3.767032575107984,0.0,0.0,0.0,0.0,0.0,0.0
6,265,0.6940567565945203,1.6811804760609736,0.0,0.0,1.0,0.0,0.0,1.0
7,265,12.0,12.0,0.0,0.0,1.0,1.0,0.0,0.0
8,265,6.262797324719894,7.254845935297967,1.0,0.0,0.0,1.0,1.0,1.0
9,265,2.519674520921857,8.762823159220268,0.0,1.0,0.0,1.0,0.0,1.0
10,265,12.0,1.0187351730232377,0.0,0.0,0.0,0.0,0.0,0.0
11,265,5.879716899948428,3.23191790496203,1.0,0.0,1.0,0.0,1.0,0.0
12,265,8.594794428144395,4.610534716358134,0.0,1.0,0.0,1.0,0.0,0.0
13,265,11.475930797679164,4.853076514802846,1.0,0.0,1.0,0.0,0.0,0.0
14,265,12.0,12.0,0.0,0.0,0.0,1.0,1.0,0.0
15,265,6.664680948305376,1.818385722515757,0.0,0.0,0.0,1.0,1.0,1.0
16,265,4.314155545600862,0.0968227011775761,0.0,0.0,1.0,0.0,1.0,1.0
17,265,8.979211033805989,5.010963942918629,1.0,0.0,0.0,0.0,1.0,1.0
18,265,0.0,0.0,1.0,0.0,0.0,0.0,0.0,1.0
19,265,9.659797832915595,0.6860914853567384,0.0,1.0,1.0,0.0,0.0,0.0
0,270,0.0337786009966772,9.520874865543938,0.0,0.0,0.0,0.0,0.0,1.0
1,270,2.702965994393284,0.627212417012858,1.0,1.0,1.0,0.0,1.0,1.0
2,270,6.985572103188661,11.566196643759811,1.0,1.0,0.0,0.0,0.0,0.0
3,270,6.21062394493108,0.7135718939115939,0.0,1.0,0.0,0.0,0.0,0.0
4,270,12.0,5.847575009251198,0.0,0.0,0.0,1.0,1.0,1.0
5,270,6.49244722157123,3.700094014930605,0.0,0.0,0.0,0.0,0.0,0.0
6,270,0.6716930607087755,1.5379949673866422,0.0,0.0,1.0,0.0,0.0,1.0
7,270,12.0,12.0,0.0,0.0,1.0,1.0,0.0,0.0
8,270,6.261075839796616,7.250378042818101,1.0,0.0,0.0,1.0,1.0,1.0
9,270,2.45387860752314,8.814986208640395,0.0,1.0,0.0,1.0,0.0,1.0
10,270,12.0,0.9461598264636504,0.0,0.0,0.0,0.0,0.0,0.0
11,270,5.9407611998924095,3.342078398708929,1.0,0.0,1.0,0.0,1.0,0.0
12,270,8.594406908057325,4.615628015649487,0.0,1.0,0.0,1.0,0.0,0.0
13,270,11.56306267066136,4.976807155538467,1.0,0.0,1.0,0.0,0.0,0.0
14,270,12.0,12.0,0.0,0.0,0.0,1.0,1.0,0.0
15,270,6.5432347771969575,1.840933966638832,0.0,0.0,0.0,1.0,1.0,1.0
16,270,4.230781217776339,0.0,0.0,0.0,1.0,0.0,1.0,1.0
17,270,8.88393030160605,5.029720088932838,1.0,0.0,0.0,0.0,1.0,1.0
18,270,0.0,0.0406135609353216,1.0,0.0,0.0,0.0,0.0,1.0
19,270,9.658719041481994,0.6725596656355576,0.0,1.0,1.0,0.0,0.0,0.0
0,275,0.0366460028469669,9.479960744994944,0.0,0.0,0.0,0.0,0.0,1.0
1,275,2.611173622234164,0.5975796125118462,1.0,1.0,1.0,0.0,1.0,1.0
2,275,6.973781436544023,11.58468415568816,1.0,1.0,0.0,0.0,0.0,0.0
3,275,6.295456756957349,0.6124099464250463,0.0,1.0,0.0,0.0,0.0,0.0
4,275,12.0,5.800513123454489,0.0,0.0,0.0,1.0,1.0,1.0
5,275,6.566709707161079,3.632546912166749,0.0,0.0,0.0,0.0,0.0,0.0
6,275,0.6476753962332196,1.3997448407442072,0.0,0.0,1.0,0.0,0.0,1.0
7,275,12.0,12.0,0.0,0.0,1.0,1.0,0.0,0.0
8,275,6.255913794171099,7.237874011140275,1.0,0.0,0.0,1.0,1.0,1.0
9,275,2.385036550922715,8.868809454366133,0.0,1.0,0.0,1.0,0.0,1.0
10,275,12.0,0.8751152052749481,0.0,0.0,0.0,0.0,0.0,0.0
11,275,6.003875985341759,3.457749659939062,1.0,0.0,1.0,0.0,1.0,0.0
12,275,8.59370789703362,4.627154821085572,0.0,1.0,0.0,1.0,0.0,0.0
13,275,11.648781129543872,5.0943711697497,1.0,0.0,1.0,0.0,0.0,0.0
14,275,12.0,12.0,0.0,0.0,0.0,1.0,1.0,0.0
15,275,6.430951046250949,1.8622505373513203,0.0,0.0,0.0,1.0,1.0,1.0
16,275,4.142935683898868,0.0,0.0,0.0,1.0,0.0,1.0,1.0
17,275,8.778267100668037,5.049909191146688,1.0,0.0,0.0,0.0,1.0,1.0
18,275,0.0,0.0784629542027308,1.0,0.0,0.0,0.0,0.0,1.0
19,275,9.655529758144892,0.6336124290117646,0.0,1.0,1.0,0.0,0.0,0.0
0,280,0.0409259190216593,9.435555379269363,0.0,0.0,0.0,0.0,0.0,1.0
1,280,2.5264469759176675,0.5707930577137748,1.0,1.0,1.0,0.0,1.0,1.0
2,280,6.965083769359347,11.59837493134499,1.0,1.0,0.0,0.0,0.0,0.0
3,280,6.384779413267906,0.5074180113759604,0.0,1.0,0.0,0.0,0.0,0.0
4,280,12.0,5.752219602358897,0.0,0.0,0.0,1.0,1.0,1.0
5,280,6.647574234223517,3.5611353042872627,0.0,0.0,0.0,0.0,0.0,0.0
6,280,0.6222906438376254,1.2255131020456247,0.0,0.0,1.0,0.0,0.0,1.0
7,280,12.0,12.0,0.0,0.0,1.0,1.0,0.0,0.0
8,280,6.250755884005793,7.225344947718069,1.0,0.0,0.0,1.0,1.0,1.0
9,280,2.3260688939534604,8.915627498900921,0.0,1.0,0.0,1.0,0.0,1.0
10,280,12.0,0.8090221585901727,0.0,0.0,0.0,0.0,0.0,0.0
11,280,6.0636358008535165,3.5802676861988907,1.0,0.0,1.0,0.0,1.0,0.0
12,280,8.594528289504584,4.614416876132174,0.0,1.0,0.0,1.0,0.0,0.0
13,280,11.735100051305135,5.211242410827442,1.0,0.0,1.0,0.0,0.0,0.0
14,280,12.0,12.0,0.0,0.0,0.0,1.0,1.0,0.0
15,280,6.319695300880896,1.885719203868096,0.0,0.0,0.0,1.0,1.0,1.0
16,280,4.04830418118982,0.0,0.0,0.0,1.0,0.0,1.0,1.0
17,280,8.660495037301473,5.0725991933492285,1.0,0.0,0.0,0.0,1.0,1.0
18,280,0.0,0.1167610253445668,1.0,0.0,0.0,0.0,0.0,1.0
19,280,9.650599030593115,0.5667672198176482,0.0,1.0,1.0,0.0,0.0,0.0
0,285,0.0417987025070416,9.423574453405257,0.0,0.0,0.0,0.0,0.0,1.0
1,285,2.442877892827762,0.5445144443109604,1.0,1.0,1.0,0.0,1.0,1.0
2,285,6.953468383357514,11.615870559772468,1.0,1.0,0.0,0.0,0.0,0.0
3,285,6.472295734765639,0.4012841760792418,0.0,1.0,0.0,0.0,0.0,0.0
4,285,12.0,5.700078114324612,0.0,0.0,0.0,1.0,1.0,1.0
5,285,6.745555276886991,3.4776344644571893,0.0,0.0,0.0,0.0,0.0,0.0
6,285,0.5989074076643157,1.0508075875090288,0.0,0.0,1.0,0.0,0.0,1.0
7,285,12.0,12.0,0.0,0.0,1.0,1.0,0.0,0.0
8,285,6.234870109845796,7.187440740068659,1.0,0.0,0.0,1.0,1.0,1.0
9,285,2.2827597790885457,8.949165708344433,0.0,1.0,0.0,1.0,0.0,1.0
10,285,12.0,0.7533120316891203,0.0,0.0,0.0,0.0,0.0,0.0
11,285,6.12811619205529,3.714476179087096,1.0,0.0,1.0,0.0,1.0,0.0
12,285,8.594651693401627,4.612534089249558,0.0,1.0,0.0,1.0,0.0,0.0
13,285,11.817418276419918,5.321453291440882,1.0,0.0,1.0,0.0,0.0,0.0
14,285,12.0,12.0,0.0,0.0,0.0,1.0,1.0,0.0
15,285,6.213749260694539,1.907045553793773,0.0,0.0,0.0,1.0,1.0,1.0
16,285,3.948679777359079,0.0,0.0,0.0,1.0,0.0,1.0,1.0
17,285,8.53319363805227,5.098938355247188,1.0,0.0,0.0,0.0,1.0,1.0
18,285,0.0,0.151867117102488,1.0,0.0,0.0,0.0,0.0,1.0
19,285,9.642257252948149,0.4779860572395534,0.0,1.0,1.0,0.0,0.0,0.0
0,290,0.0437453904453577,9.401911344608248,0.0,0.0,0.0,0.0,0.0,1.0
1,290,2.356719089976539,0.5164702542511104,1.0,1.0,1.0,0.0,1.0,1.0
2,290,6.946427474291025,11.626556694920705,1.0,1.0,0.0,0.0,0.0,0.0
3,290,6.568075127655638,0.2911109029969212,0.0,1.0,0.0,0.0,0.0,0.0
4,290,12.0,5.6480424449054025,0.0,0.0,0.0,1.0,1.0,1.0
5,290,6.84208840153804,3.397480452277691,0.0,0.0,0.0,0.0,0.0,0.0
6,290,0.7601903544622199,1.029224172813691,0.0,0.0,1.0,0.0,0.0,1.0
7,290,12.0,12.0,0.0,0.0,1.0,1.0,0.0,0.0
8,290,6.219351426206521,7.1504161406213385,1.0,0.0,0.0,1.0,1.0,1.0
9,290,2.230614216280413,8.991185853457381,0.0,1.0,0.0,1.0,0.0,1.0
10,290,12.0,0.6971992924437039,0.0,0.0,0.0,0.0,0.0,0.0
11,290,6.200755070317799,3.87434599018954,1.0,0.0,1.0,0.0,1.0,0.0
12,290,8.595148843300365,4.604141029011156,0.0,1.0,0.0,1.0,0.0,0.0
13,290,11.90667594539142,5.447123956664802,1.0,0.0,1.0,0.0,0.0,0.0
14,290,12.0,12.0,0.0,0.0,0.0,1.0,1.0,0.0
15,290,6.118208851055121,1.9252360846581356,0.0,0.0,0.0,1.0,1.0,1.0
16,290,3.774393206936561,0.1076788412606357,0.0,0.0,1.0,0.0,1.0,1.0
17,290,8.40628163097299,5.123307984219875,1.0,0.0,0.0,0.0,1.0,1.0
18,290,0.0,0.1789626844207998,1.0,0.0,0.0,0.0,0.0,1.0
19,290,9.631005052753194,0.3811866704115496,0.0,1.0,1.0,0.0,0.0,0.0
0,295,0.0439514565567804,9.399591041914103,0.0,0.0,0.0,0.0,0.0,1.0
1,295,2.2716593133506557,0.4903015709287129,1.0,1.0,1.0,0.0,1.0,1.0
2,295,6.93130978913089,11.650344466386455,1.0,1.0,0.0,0.0,0.0,0.0
3,295,6.649822995226279,0.1921098059186715,0.0,1.0,0.0,0.0,0.0,0.0
4,295,12.0,5.591499679622765,0.0,0.0,0.0,1.0,1.0,1.0
5,295,6.9529079027797644,3.3026396905340545,0.0,0.0,0.0,0.0,0.0,0.0
6,295,0.9377572542668396,1.0034387559424571,0.0,0.0,1.0,0.0,0.0,1.0
7,295,12.0,12.0,0.0,0.0,1.0,1.0,0.0,0.0
8,295,6.201506400058471,7.107311583629381,1.0,0.0,0.0,1.0,1.0,1.0
9,295,2.185950953219565,9.025832615529168,0.0,1.0,0.0,1.0,0.0,1.0
10,295,12.0,0.6287537256636584,0.0,0.0,0.0,0.0,0.0,0.0
11,295,6.277941802244856,4.041001300669405,1.0,0.0,1.0,0.0,1.0,0.0
12,295,8.594289688992966,4.618904990482354,0.0,1.0,0.0,1.0,0.0,0.0
13,295,11.98277046757989,5.5576562250767925,1.0,0.0,1.0,0.0,0.0,0.0
14,295,12.0,12.0,0.0,0.0,0.0,1.0,1.0,0.0
15,295,6.017753376493079,1.946950159434584,0.0,0.0,0.0,1.0,1.0,1.0
16,295,3.6020817618937087,0.2131003935306882,0.0,0.0,1.0,0.0,1.0,1.0
17,295,8.293896296584215,5.142084940813791,1.0,0.0,0.0,0.0,1.0,1.0
18,295,0.0,0.2031798322100955,1.0,0.0,0.0,0.0,0.0,1.0
19,295,9.62094240970772,0.2892578704569968,0.0,1.0,1.0,0.0,0.0,0.0
