0,0,7.082845525627619,11.986022294402526,1.0,0.0,1.0,1.0,1.0,0.0
1,0,9.004144432357258,9.05922807163816,0.0,0.0,1.0,0.0,0.0,1.0
2,0,11.077156032357289,1.0293658570110755,0.0,0.0,0.0,0.0,0.0,0.0
3,0,9.019535480183256,11.946490171638532,0.0,0.0,1.0,1.0,0.0,1.0
4,0,5.013484502279046,8.962118289476066,0.0,0.0,0.0,0.0,1.0,1.0
5,0,1.9984331054931448,10.050754493847432,0.0,0.0,0.0,0.0,0.0,0.0
6,0,10.03654215351482,4.961160869517686,1.0,0.0,0.0,0.0,0.0,0.0
7,0,3.9931251280880495,9.032223600700489,0.0,0.0,0.0,1.0,0.0,0.0
8,0,12.0,12.0,0.0,0.0,0.0,0.0,0.0,0.0
9,0,1.9820091782514209,11.95698785934434,0.0,1.0,1.0,1.0,0.0,1.0
10,0,4.046191582365925,2.9653443997058573,0.0,0.0,0.0,0.0,0.0,1.0
11,0,0.0,5.001412781750726,1.0,1.0,0.0,1.0,0.0,1.0
12,0,6.994596940423696,12.0,1.0,1.0,1.0,1.0,1.0,0.0
13,0,8.047063112906011,9.029447419083144,0.0,0.0,0.0,0.0,0.0,0.0
14,0,8.023017448881731,0.0,1.0,1.0,1.0,1.0,0.0,0.0
15,0,10.054977611928676,6.028170984544749,1.0,0.0,0.0,0.0,0.0,0.0
16,0,4.052562065973968,5.030013504322905,0.0,0.0,1.0,0.0,0.0,1.0
17,0,0.0135148051697607,8.04756045583037,0.0,1.0,0.0,1.0,0.0,0.0
18,0,6.98711646196772,4.054628610319944,1.0,1.0,0.0,1.0,0.0,1.0
19,0,0.0013046747463829,11.037721516088045,0.0,0.0,0.0,0.0,0.0,1.0
0,5,7.066345820222925,11.885732642767872,1.0,0.0,1.0,1.0,1.0,0.0
1,5,9.00944126647847,9.117170860101428,0.0,0.0,1.0,0.0,0.0,1.0
2,5,11.157228575862774,1.0611319265958303,0.0,0.0,0.0,0.0,0.0,0.0
3,5,9.033655414955156,11.90953125844626,0.0,0.0,1.0,1.0,0.0,1.0
4,5,5.017140369536757,8.951297884413723,0.0,0.0,0.0,0.0,1.0,1.0
5,5,1.9967613797656285,10.128275097696148,0.0,0.0,0.0,0.0,0.0,0.0
6,5,10.082269014940367,4.912155964168306,1.0,0.0,0.0,0.0,0.0,0.0
7,5,3.985709773135891,9.06467511525768,0.0,0.0,0.0,1.0,0.0,0.0
8,5,12.0,12.0,0.0,0.0,0.0,0.0,0.0,0.0
9,5,1.9684042525586063,11.92377010884596,0.0,1.0,1.0,1.0,0.0,1.0
10,5,4.096534019089981,2.926489041386884,0.0,0.0,0.0,0.0,0.0,1.0
11,5,0.0,5.003207276041578,1.0,1.0,0.0,1.0,0.0,1.0
12,5,6.992946145444839,12.0,1.0,1.0,1.0,1.0,1.0,0.0
13,5,8.110108288280486,9.067725195435091,0.0,0.0,0.0,0.0,0.0,0.0
14,5,8.050885426294188,0.0,1.0,1.0,1.0,1.0,0.0,0.0
15,5,10.06922054767871,6.035335203723547,1.0,0.0,0.0,0.0,0.0,0.0
16,5,4.091279645886328,5.052676597964041,0.0,0.0,1.0,0.0,0.0,1.0
17,5,0.0304637114768269,8.109241879461516,0.0,1.0,0.0,1.0,0.0,0.0
18,5,6.970834039594869,4.128368121087568,1.0,1.0,0.0,1.0,0.0,1.0
19,5,0.002762422763936,11.082228835941136,0.0,0.0,0.0,0.0,0.0,1.0
0,10,7.050297672883007,11.791208462495453,1.0,0.0,1.0,1.0,1.0,0.0
1,10,9.018204826449464,9.191783537995205,0.0,0.0,1.0,0.0,0.0,1.0
2,10,11.253645950160998,1.0965872561375782,0.0,0.0,0.0,0.0,0.0,0.0
3,10,9.032945794894108,11.911491163671066,0.0,0.0,1.0,1.0,0.0,1.0
4,10,5.00873093593197,8.976835415280341,0.0,0.0,0.0,0.0,1.0,1.0
5,10,1.9934058520019369,10.24052648123092,0.0,0.0,0.0,0.0,0.0,0.0
6,10,10.13655848249532,4.85232671861683,1.0,0.0,0.0,0.0,0.0,0.0
7,10,3.977016089272469,9.101430200046458,0.0,0.0,0.0,1.0,0.0,0.0
8,10,12.0,12.0,0.0,0.0,0.0,0.0,0.0,0.0
9,10,1.960413168028372,11.903565894885086,0.0,1.0,1.0,1.0,0.0,1.0
10,10,4.148439009575327,2.8853816214356574,0.0,0.0,0.0,0.0,0.0,1.0
11,10,0.0,5.004318197907006,1.0,1.0,0.0,1.0,0.0,1.0
12,10,6.989220035896127,12.0,1.0,1.0,1.0,1.0,1.0,0.0
13,10,8.168845123239095,9.10274298416244,0.0,0.0,0.0,0.0,0.0,0.0
14,10,8.072515152426217,0.0,1.0,1.0,1.0,1.0,0.0,0.0
15,10,10.0626673041767,6.032087400982774,1.0,0.0,0.0,0.0,0.0,0.0
16,10,4.145580029348619,5.08455756030154,0.0,0.0,1.0,0.0,0.0,1.0
17,10,0.0442068024092648,8.16229714605277,0.0,1.0,0.0,1.0,0.0,0.0
18,10,6.9495896696774775,4.218927941220572,1.0,1.0,0.0,1.0,0.0,1.0
19,10,0.0055376515894154,11.130789316344108,0.0,0.0,0.0,0.0,0.0,1.0
0,15,7.032679540144953,11.67654868098642,1.0,0.0,1.0,1.0,1.0,0.0
1,15,9.022173588372455,9.231810897926293,0.0,0.0,1.0,0.0,0.0,1.0
2,15,11.346612903971977,1.1292422453209203,0.0,0.0,0.0,0.0,0.0,0.0
3,15,9.02635704222168,11.929550925290073,0.0,0.0,1.0,1.0,0.0,1.0
4,15,5.002846092166732,8.994222245758932,0.0,0.0,0.0,0.0,1.0,1.0
5,15,1.991380515545624,10.35542827198355,0.0,0.0,0.0,0.0,0.0,0.0
6,15,10.191989512465156,4.792293708912832,1.0,0.0,0.0,0.0,0.0,0.0
7,15,3.971647899304949,9.125097708629712,0.0,0.0,0.0,1.0,0.0,0.0
8,15,11.999233151974792,12.0,0.0,0.0,0.0,0.0,0.0,0.0
9,15,1.9570707899277024,11.895322313454088,0.0,1.0,1.0,1.0,0.0,1.0
10,15,4.18246641429461,2.9287459458751943,0.0,0.0,0.0,0.0,0.0,1.0
11,15,0.0,5.005518727033371,1.0,1.0,0.0,1.0,0.0,1.0
12,15,6.983910176221227,12.0,1.0,1.0,1.0,1.0,1.0,0.0
13,15,8.236309557743919,9.14216114067025,0.0,0.0,0.0,0.0,0.0,0.0
14,15,8.094240018714572,0.0,1.0,1.0,1.0,1.0,0.0,0.0
15,15,10.076299844763206,6.03902491108621,1.0,0.0,0.0,0.0,0.0,0.0
16,15,4.208418096766874,5.122919231239552,0.0,0.0,1.0,0.0,0.0,1.0
17,15,0.05689715213057,8.215022639942097,0.0,1.0,0.0,1.0,0.0,0.0
18,15,6.929723015486311,4.293453617595154,1.0,1.0,0.0,1.0,0.0,1.0
19,15,0.0099625474082613,11.195380800428124,0.0,0.0,0.0,0.0,0.0,1.0
0,20,7.008783144896299,11.560369284262968,1.0,0.0,1.0,1.0,1.0,0.0
1,20,9.024409241335936,9.271569741258494,0.0,0.0,1.0,0.0,0.0,1.0
2,20,11.43282870463489,1.1605497291323947,0.0,0.0,0.0,0.0,0.0,0.0
3,20,9.021400627228228,11.943892506358411,0.0,0.0,1.0,1.0,0.0,1.0
4,20,4.988771696910019,9.035179050827862,0.0,0.0,0.0,0.0,1.0,1.0
5,20,1.99031514532974,10.465013022552816,0.0,0.0,0.0,0.0,0.0,0.0
6,20,10.259356985993982,4.714618863709382,1.0,0.0,0.0,0.0,0.0,0.0
7,20,3.965931356752274,9.15109485379573,0.0,0.0,0.0,1.0,0.0,0.0
8,20,11.999052485014667,12.0,0.0,0.0,0.0,0.0,0.0,0.0
9,20,1.9620168144783736,11.907229296598922,0.0,1.0,1.0,1.0,0.0,1.0
10,20,4.210256387993798,2.9633945311483147,0.0,0.0,0.0,0.0,0.0,1.0
11,20,0.0,5.007987212306152,1.0,1.0,0.0,1.0,0.0,1.0
12,20,6.977574207131576,12.0,1.0,1.0,1.0,1.0,1.0,0.0
13,20,8.308061817501574,9.185009788815206,0.0,0.0,0.0,0.0,0.0,0.0
14,20,8.122855141966413,0.0,1.0,1.0,1.0,1.0,0.0,0.0
15,20,10.085598228924392,6.0438857338790415,1.0,0.0,0.0,0.0,0.0,0.0
16,20,4.273360903789492,5.16321513912747,0.0,0.0,1.0,0.0,0.0,1.0
17,20,0.070537608906596,8.269116646952979,0.0,1.0,0.0,1.0,0.0,0.0
18,20,6.910131604209573,4.369807007528008,1.0,1.0,0.0,1.0,0.0,1.0
19,20,0.0169355713953491,11.268481999096744,0.0,0.0,0.0,0.0,0.0,1.0
0,25,6.98650170512702,11.440118280883771,1.0,0.0,1.0,1.0,1.0,0.0
1,25,9.026515072222086,9.315873435927587,0.0,0.0,1.0,0.0,0.0,1.0
2,25,11.518066656761413,1.192534801464428,0.0,0.0,0.0,0.0,0.0,0.0
3,25,9.021367051666283,11.94398258377737,0.0,0.0,1.0,1.0,0.0,1.0
4,25,4.976170105369179,9.072331817874504,0.0,0.0,0.0,0.0,1.0,1.0
5,25,1.9897443092053144,10.556707995347338,0.0,0.0,0.0,0.0,0.0,0.0
6,25,10.323410360145475,4.637705150097858,1.0,0.0,0.0,0.0,0.0,0.0
7,25,3.961941793444945,9.17003755014697,0.0,0.0,0.0,1.0,0.0,0.0
8,25,12.0,12.0,0.0,0.0,0.0,0.0,0.0,0.0
9,25,1.972263456653914,11.931156661325614,0.0,1.0,1.0,1.0,0.0,1.0
10,25,4.237999727266576,2.9987459256337705,0.0,0.0,0.0,0.0,0.0,1.0
11,25,0.0,5.009024592684003,1.0,1.0,0.0,1.0,0.0,1.0
12,25,6.970250622517442,12.0,1.0,1.0,1.0,1.0,1.0,0.0
13,25,8.378535048218932,9.226940618689762,0.0,0.0,0.0,0.0,0.0,0.0
14,25,8.162442569988887,0.0,1.0,1.0,1.0,1.0,0.0,0.0
15,25,10.098148822569035,6.05047500407129,1.0,0.0,0.0,0.0,0.0,0.0
16,25,4.3539736131917,5.212917575766134,0.0,0.0,1.0,0.0,0.0,1.0
17,25,0.0872932534609189,8.335597822627657,0.0,1.0,0.0,1.0,0.0,0.0
18,25,6.889585612559951,4.438027900083676,1.0,1.0,0.0,1.0,0.0,1.0
19,25,0.0250515834047431,11.33917681167154,0.0,0.0,0.0,0.0,0.0,1.0
0,30,6.960891727743878,11.296080139794812,1.0,0.0,1.0,1.0,1.0,0.0
1,30,9.028067158656809,9.350526986360322,0.0,0.0,1.0,0.0,0.0,1.0
2,30,11.61188972467608,1.2285075446685092,0.0,0.0,0.0,0.0,0.0,0.0
3,30,9.023564421951534,11.938262993075924,0.0,0.0,1.0,1.0,0.0,1.0
4,30,4.968589991910769,9.09417933691986,0.0,0.0,0.0,0.0,1.0,1.0
5,30,1.987133891760623,10.664005504129936,0.0,0.0,0.0,0.0,0.0,0.0
6,30,10.390055469182334,4.559014523825826,1.0,0.0,0.0,0.0,0.0,0.0
7,30,3.957669956033517,9.190843831691858,0.0,0.0,0.0,1.0,0.0,0.0
8,30,12.0,12.0,0.0,0.0,0.0,0.0,0.0,0.0
9,30,1.9760259687263928,11.939493244744623,0.0,1.0,1.0,1.0,0.0,1.0
10,30,4.2598764157226165,3.0264468294945543,0.0,0.0,0.0,0.0,0.0,1.0
11,30,0.0,5.008214687728788,1.0,1.0,0.0,1.0,0.0,1.0
12,30,6.963872360204069,12.0,1.0,1.0,1.0,1.0,1.0,0.0
13,30,8.460047268713874,9.274614514868302,0.0,0.0,0.0,0.0,0.0,0.0
14,30,8.19085319821241,0.0,1.0,1.0,1.0,1.0,0.0,0.0
15,30,10.097583867593745,6.050190585203606,1.0,0.0,0.0,0.0,0.0,0.0
16,30,4.424639091423829,5.253983548782324,0.0,0.0,1.0,0.0,0.0,1.0
17,30,0.0612197859819224,8.34163329655851,0.0,1.0,0.0,1.0,0.0,0.0
18,30,6.863009172423527,4.528950817930649,1.0,1.0,0.0,1.0,0.0,1.0
19,30,0.0334691472192914,11.421053098334571,0.0,0.0,0.0,0.0,0.0,1.0
0,35,6.935511214385514,11.147490553735782,1.0,0.0,1.0,1.0,1.0,0.0
1,35,9.02983122570321,9.385956886980107,0.0,0.0,1.0,0.0,0.0,1.0
2,35,11.705535384566398,1.2612890747547738,0.0,0.0,0.0,0.0,0.0,0.0
3,35,9.02299419588054,11.939748598218316,0.0,0.0,1.0,1.0,0.0,1.0
4,35,4.963409637759704,9.108939352162672,0.0,0.0,0.0,0.0,1.0,1.0
5,35,1.984664682394682,10.75797090266816,0.0,0.0,0.0,0.0,0.0,0.0
6,35,10.458129918132991,4.480776418667542,1.0,0.0,0.0,0.0,0.0,0.0
7,35,3.953767425554968,9.20828902833338,0.0,0.0,0.0,1.0,0.0,0.0
8,35,11.998247737619115,12.0,0.0,0.0,0.0,0.0,0.0,0.0
9,35,1.981223221143968,11.950177491310424,0.0,1.0,1.0,1.0,0.0,1.0
10,35,4.270871361215304,3.0414107394505328,0.0,0.0,0.0,0.0,0.0,1.0
11,35,0.0,5.006821135540694,1.0,1.0,0.0,1.0,0.0,1.0
12,35,6.955590420795677,12.0,1.0,1.0,1.0,1.0,1.0,0.0
13,35,8.539342159735723,9.325409707013216,0.0,0.0,0.0,0.0,0.0,0.0
14,35,8.220948066002409,0.0,1.0,1.0,1.0,1.0,0.0,0.0
15,35,10.114523775864177,6.058441781095013,1.0,0.0,0.0,0.0,0.0,0.0
16,35,4.481524848763894,5.2854830231105,0.0,0.0,1.0,0.0,0.0,1.0
17,35,0.0457794090927393,8.345181862857162,0.0,1.0,0.0,1.0,0.0,0.0
18,35,6.832740274085469,4.636052794863818,1.0,1.0,0.0,1.0,0.0,1.0
19,35,0.0432673003800669,11.497347349346924,0.0,0.0,0.0,0.0,0.0,1.0
0,40,6.909270227925068,11.00997967514952,1.0,0.0,1.0,1.0,1.0,0.0
1,40,9.031605744454598,9.436972395249184,0.0,0.0,1.0,0.0,0.0,1.0
2,40,11.80344775892471,1.293719848903408,0.0,0.0,0.0,0.0,0.0,0.0
3,40,9.020738050727948,11.94558909579238,0.0,0.0,1.0,1.0,0.0,1.0
4,40,4.949653600995316,9.151027511425456,0.0,0.0,0.0,0.0,1.0,1.0
5,40,1.9793400424325491,10.867966284453288,0.0,0.0,0.0,0.0,0.0,0.0
6,40,10.541460251080906,4.385211844656421,1.0,0.0,0.0,0.0,0.0,0.0
7,40,3.9461089572726777,9.244098830021596,0.0,0.0,0.0,1.0,0.0,0.0
8,40,11.99837602062167,12.0,0.0,0.0,0.0,0.0,0.0,0.0
9,40,1.9825743360801389,11.95296129033366,0.0,1.0,1.0,1.0,0.0,1.0
10,40,4.278557683609818,3.051972837744098,0.0,0.0,0.0,0.0,0.0,1.0
11,40,0.0,5.005416899872207,1.0,1.0,0.0,1.0,0.0,1.0
12,40,6.942457200886489,12.0,1.0,1.0,1.0,1.0,1.0,0.0
13,40,8.483024017875733,9.411920512112983,0.0,0.0,0.0,0.0,0.0,0.0
14,40,8.238368878726824,0.0,1.0,1.0,1.0,1.0,0.0,0.0
15,40,10.11603972946926,6.05539466080655,1.0,0.0,0.0,0.0,0.0,0.0
16,40,4.529194407512208,5.311864467408187,0.0,0.0,1.0,0.0,0.0,1.0
17,40,0.0408948552923964,8.346587839056037,0.0,1.0,0.0,1.0,0.0,0.0
18,40,6.9608353658158695,4.6733590980376345,1.0,1.0,0.0,1.0,0.0,1.0
19,40,0.0504125620279239,11.5667612450925,0.0,0.0,0.0,0.0,0.0,1.0
0,45,6.876106080555204,10.865147286608304,1.0,0.0,1.0,1.0,1.0,0.0
1,45,9.03354980283866,9.48896177388662,0.0,0.0,1.0,0.0,0.0,1.0
2,45,11.922367694853968,1.3331844591047592,0.0,0.0,0.0,0.0,0.0,0.0
3,45,9.00998681105388,11.970850701474212,0.0,0.0,1.0,1.0,0.0,1.0
4,45,4.941662690985376,9.175427723666765,0.0,0.0,0.0,0.0,1.0,1.0
5,45,1.9745879501965995,10.9620802726088,0.0,0.0,0.0,0.0,0.0,0.0
6,45,10.62155399631617,4.289479812129656,1.0,0.0,0.0,0.0,0.0,0.0
7,45,3.936636351180932,9.286764396802388,0.0,0.0,0.0,1.0,0.0,0.0
8,45,11.997601760662215,12.0,0.0,0.0,0.0,0.0,0.0,0.0
9,45,1.9984830707161252,11.985814102760644,0.0,1.0,1.0,1.0,0.0,1.0
10,45,4.288197617490461,3.06471169937942,0.0,0.0,0.0,0.0,0.0,1.0
11,45,0.0,5.004342727102209,1.0,1.0,0.0,1.0,0.0,1.0
12,45,6.938409979292021,12.0,1.0,1.0,1.0,1.0,1.0,0.0
13,45,8.42683182838579,9.503140400599708,0.0,0.0,0.0,0.0,0.0,0.0
14,45,8.257108542729796,0.0,1.0,1.0,1.0,1.0,0.0,0.0
15,45,10.114505920299946,6.058441197158007,1.0,0.0,0.0,0.0,0.0,0.0
16,45,4.564947954549841,5.330663766394351,0.0,0.0,1.0,0.0,0.0,1.0
17,45,0.0256351186588375,8.351148186593191,0.0,1.0,0.0,1.0,0.0,0.0
18,45,7.066449785033181,4.703480293625323,1.0,1.0,0.0,1.0,0.0,1.0
19,45,0.053563867324936,11.61037651883019,0.0,0.0,0.0,0.0,0.0,1.0
0,50,6.8465686895498,10.72275553936249,1.0,0.0,1.0,1.0,1.0,0.0
1,50,9.035048774524244,9.54786236029634,0.0,0.0,1.0,0.0,0.0,1.0
2,50,12.0,1.3744324090000462,0.0,0.0,0.0,0.0,0.0,0.0
3,50,9.002619429829966,11.988059757335265,0.0,0.0,1.0,1.0,0.0,1.0
4,50,4.9343175770745615,9.198101471913612,0.0,0.0,0.0,0.0,1.0,1.0
5,50,1.972263617975225,11.046566605823,0.0,0.0,0.0,0.0,0.0,0.0
6,50,10.697107704312309,4.198016027857089,1.0,0.0,0.0,0.0,0.0,0.0
7,50,3.929009422618437,9.317400641242312,0.0,0.0,0.0,1.0,0.0,0.0
8,50,11.996273284267687,12.0,0.0,0.0,0.0,0.0,0.0,0.0
9,50,2.008757653367847,12.0,0.0,1.0,1.0,1.0,0.0,1.0
10,50,4.297762719336811,3.076311606959097,0.0,0.0,0.0,0.0,0.0,1.0
11,50,0.0,5.003305829351743,1.0,1.0,0.0,1.0,0.0,1.0
12,50,6.937164203876308,12.0,1.0,1.0,1.0,1.0,1.0,0.0
13,50,8.364316793103276,9.599737646215605,0.0,0.0,0.0,0.0,0.0,0.0
14,50,8.273489283080501,0.0,1.0,1.0,1.0,1.0,0.0,0.0
15,50,10.113784434102794,6.059830540678316,1.0,0.0,0.0,0.0,0.0,0.0
16,50,4.612334398478604,5.355829858027752,0.0,0.0,1.0,0.0,0.0,1.0
17,50,0.0176608179260918,8.353605921845887,0.0,1.0,0.0,1.0,0.0,0.0
18,50,7.153923178774044,4.728628005108591,1.0,1.0,0.0,1.0,0.0,1.0
19,50,0.0561101777967453,11.640631995495395,0.0,0.0,0.0,0.0,0.0,1.0
0,55,6.815619247725152,10.566027848752954,1.0,0.0,1.0,1.0,1.0,0.0
1,55,9.036912680104454,9.623190888921542,0.0,0.0,1.0,0.0,0.0,1.0
2,55,12.0,1.410020311993889,0.0,0.0,0.0,0.0,0.0,0.0
3,55,8.999206117745311,11.996389125838022,0.0,0.0,1.0,1.0,0.0,1.0
4,55,4.925099588421347,9.228684151580593,0.0,0.0,0.0,0.0,1.0,1.0
5,55,1.96985977417371,11.114676353369171,0.0,0.0,0.0,0.0,0.0,0.0
6,55,10.763217371049604,4.114919313012698,1.0,0.0,0.0,0.0,0.0,0.0
7,55,3.920289929156296,9.353628138481598,0.0,0.0,0.0,1.0,0.0,0.0
8,55,11.99402181497366,12.0,0.0,0.0,0.0,0.0,0.0,0.0
9,55,2.0178491880674585,12.0,0.0,1.0,1.0,1.0,0.0,1.0
10,55,4.300769260682693,3.079963021777294,0.0,0.0,0.0,0.0,0.0,1.0
11,55,0.0,5.002671779755677,1.0,1.0,0.0,1.0,0.0,1.0
12,55,6.93432756294038,12.0,1.0,1.0,1.0,1.0,1.0,0.0
13,55,8.295859515033994,9.710518074208474,0.0,0.0,0.0,0.0,0.0,0.0
14,55,8.289450567427975,0.0,1.0,1.0,1.0,1.0,0.0,0.0
15,55,10.108231038217925,6.070153357437127,1.0,0.0,0.0,0.0,0.0,0.0
16,55,4.660119026421206,5.381011359202812,0.0,0.0,1.0,0.0,0.0,1.0
17,55,0.0179611190575495,8.353509892957744,0.0,1.0,0.0,1.0,0.0,0.0
18,55,7.247999860206025,4.756077997839718,1.0,1.0,0.0,1.0,0.0,1.0
19,55,0.0601059285025294,11.68147532482401,0.0,0.0,0.0,0.0,0.0,1.0
0,60,6.786619124332032,10.417434774622672,1.0,0.0,1.0,1.0,1.0,0.0
1,60,9.03939452128114,9.698881110264038,0.0,0.0,1.0,0.0,0.0,1.0
2,60,12.0,1.4355975411503157,0.0,0.0,0.0,0.0,0.0,0.0
3,60,8.996167761157764,12.0,0.0,0.0,1.0,1.0,0.0,1.0
4,60,4.916079370137772,9.259039457840991,0.0,0.0,0.0,0.0,1.0,1.0
5,60,1.966741329146199,11.177061962362924,0.0,0.0,0.0,0.0,0.0,0.0
6,60,10.829803305508184,4.028534322795683,1.0,0.0,0.0,0.0,0.0,0.0
7,60,3.9086816034290783,9.398948988870304,0.0,0.0,0.0,1.0,0.0,0.0
8,60,11.991815208127436,12.0,0.0,0.0,0.0,0.0,0.0,0.0
9,60,2.0219842356629294,12.0,0.0,1.0,1.0,1.0,0.0,1.0
10,60,4.302072037765607,3.081607460798227,0.0,0.0,0.0,0.0,0.0,1.0
11,60,0.0,5.003198700945066,1.0,1.0,0.0,1.0,0.0,1.0
12,60,6.9307679461560925,12.0,1.0,1.0,1.0,1.0,1.0,0.0
13,60,8.229645822556343,9.812241883461274,0.0,0.0,0.0,0.0,0.0,0.0
14,60,8.313109306551357,0.0,1.0,1.0,1.0,1.0,0.0,0.0
15,60,10.094163007034156,6.095116100930264,1.0,0.0,0.0,0.0,0.0,0.0
16,60,4.711384712993877,5.410564131983834,0.0,0.0,1.0,0.0,0.0,1.0
17,60,0.0148516805012744,8.354519050424354,0.0,1.0,0.0,1.0,0.0,0.0
18,60,7.337836848613906,4.782697192967717,1.0,1.0,0.0,1.0,0.0,1.0
19,60,0.064030215007902,11.725492070704444,0.0,0.0,0.0,0.0,0.0,1.0
0,65,6.75577623409774,10.263636747797223,1.0,0.0,1.0,1.0,1.0,0.0
1,65,9.040272986417373,9.771731989371654,0.0,0.0,1.0,0.0,0.0,1.0
2,65,12.0,1.466264101817919,0.0,0.0,0.0,0.0,0.0,0.0
3,65,8.996255361123575,11.99977260717406,0.0,0.0,1.0,1.0,0.0,1.0
4,65,4.900914679340432,9.31488610410573,0.0,0.0,0.0,0.0,1.0,1.0
5,65,1.963327258845904,11.225236668109693,0.0,0.0,0.0,0.0,0.0,0.0
6,65,10.8888693903201,3.957148007476477,1.0,0.0,0.0,0.0,0.0,0.0
7,65,3.896634043194564,9.44678862010532,0.0,0.0,0.0,1.0,0.0,0.0
8,65,11.988988232196633,12.0,0.0,0.0,0.0,0.0,0.0,0.0
9,65,2.0325334632645875,12.0,0.0,1.0,1.0,1.0,0.0,1.0
10,65,4.309338256322755,3.090649189110229,0.0,0.0,0.0,0.0,0.0,1.0
11,65,0.0,5.002954065065666,1.0,1.0,0.0,1.0,0.0,1.0
12,65,6.929907907267515,12.0,1.0,1.0,1.0,1.0,1.0,0.0
13,65,8.162629142912149,9.919736580034211,0.0,0.0,0.0,0.0,0.0,0.0
14,65,8.337470093245821,0.0,1.0,1.0,1.0,1.0,0.0,0.0
15,65,10.075372052767223,6.127254661382627,1.0,0.0,0.0,0.0,0.0,0.0
16,65,4.763873448777455,5.4402976413469215,0.0,0.0,1.0,0.0,0.0,1.0
17,65,0.0,8.363297145863797,0.0,1.0,0.0,1.0,0.0,0.0
18,65,7.429358448949012,4.808667223886541,1.0,1.0,0.0,1.0,0.0,1.0
19,65,0.0684588920065611,11.780017400397826,0.0,0.0,0.0,0.0,0.0,1.0
0,70,6.729872822146025,10.12857379296749,1.0,0.0,1.0,1.0,1.0,0.0
1,70,9.042395720531571,9.845854839934956,0.0,0.0,1.0,0.0,0.0,1.0
2,70,12.0,1.498260930033098,0.0,0.0,0.0,0.0,0.0,0.0
3,70,8.996976619302028,11.997823534360696,0.0,0.0,1.0,1.0,0.0,1.0
4,70,4.891481893945145,9.350630395294145,0.0,0.0,0.0,0.0,1.0,1.0
5,70,1.9591592853417408,11.277147362750854,0.0,0.0,0.0,0.0,0.0,0.0
6,70,10.933566265444652,3.904322744761219,1.0,0.0,0.0,0.0,0.0,0.0
7,70,3.8796480021492776,9.51635554136511,0.0,0.0,0.0,1.0,0.0,0.0
8,70,11.986693353090144,12.0,0.0,0.0,0.0,0.0,0.0,0.0
9,70,2.0454214004721467,12.0,0.0,1.0,1.0,1.0,0.0,1.0
10,70,4.306055784815513,3.086582146660605,0.0,0.0,0.0,0.0,0.0,1.0
11,70,0.0,5.002654477928759,1.0,1.0,0.0,1.0,0.0,1.0
12,70,6.928194940107883,12.0,1.0,1.0,1.0,1.0,1.0,0.0
13,70,8.106962298927025,10.01517470228388,0.0,0.0,0.0,0.0,0.0,0.0
14,70,8.359264032809836,0.0,1.0,1.0,1.0,1.0,0.0,0.0
15,70,10.051674765106588,6.168442209076608,1.0,0.0,0.0,0.0,0.0,0.0
16,70,4.807287169959037,5.465120443998784,0.0,0.0,1.0,0.0,0.0,1.0
17,70,0.0,8.37762539571153,0.0,1.0,0.0,1.0,0.0,0.0
18,70,7.523980172629754,4.838219135925543,1.0,1.0,0.0,1.0,0.0,1.0
19,70,0.0704269140028456,11.812108724984084,0.0,0.0,0.0,0.0,0.0,1.0
0,75,6.70230827587138,9.993352312615638,1.0,0.0,1.0,1.0,1.0,0.0
1,75,9.044054873920318,9.90716414718332,0.0,0.0,1.0,0.0,0.0,1.0
2,75,12.0,1.534000383118952,0.0,0.0,0.0,0.0,0.0,0.0
3,75,8.998956966975138,11.99217415646397,0.0,0.0,1.0,1.0,0.0,1.0
4,75,4.894009746186041,9.340756781918069,0.0,0.0,0.0,0.0,1.0,1.0
5,75,1.953195528577192,11.332591717386713,0.0,0.0,0.0,0.0,0.0,0.0
6,75,10.983783355379108,3.8472733161048183,1.0,0.0,0.0,0.0,0.0,0.0
7,75,3.862934541132816,9.591561965536265,0.0,0.0,0.0,1.0,0.0,0.0
8,75,11.984211950679702,12.0,0.0,0.0,0.0,0.0,0.0,0.0
9,75,2.055430816456094,12.0,0.0,1.0,1.0,1.0,0.0,1.0
10,75,4.314248260472074,3.0965956903633893,0.0,0.0,0.0,0.0,0.0,1.0
11,75,0.0,5.000255691533382,1.0,1.0,0.0,1.0,0.0,1.0
12,75,6.9249532300375325,12.0,1.0,1.0,1.0,1.0,1.0,0.0
13,75,8.038119313478083,10.13408815101212,0.0,0.0,0.0,0.0,0.0,0.0
14,75,8.372426261206792,0.0,1.0,1.0,1.0,1.0,0.0,0.0
15,75,10.032620238516197,6.199363743623238,1.0,0.0,0.0,0.0,0.0,0.0
16,75,4.838315540761863,5.48254010566732,0.0,0.0,1.0,0.0,0.0,1.0
17,75,0.0,8.400282752552457,0.0,1.0,0.0,1.0,0.0,0.0
18,75,7.610728710417124,4.864402875223691,1.0,1.0,0.0,1.0,0.0,1.0
19,75,0.0717251453185981,11.828327268878208,0.0,0.0,0.0,0.0,0.0,1.0
0,80,6.676563902892091,9.86509283625907,1.0,0.0,1.0,1.0,1.0,0.0
1,80,9.046770903163608,9.97005988189157,0.0,0.0,1.0,0.0,0.0,1.0
2,80,12.0,1.5669606690456908,0.0,0.0,0.0,0.0,0.0,0.0
3,80,9.007307820913818,11.966674543031218,0.0,0.0,1.0,1.0,0.0,1.0
4,80,4.895774535725862,9.33378073394055,0.0,0.0,0.0,0.0,1.0,1.0
5,80,1.9483348709103376,11.364457549152585,0.0,0.0,0.0,0.0,0.0,0.0
6,80,11.013654361730334,3.81262198618908,1.0,0.0,0.0,0.0,0.0,0.0
7,80,3.841022106085574,9.687667640740075,0.0,0.0,0.0,1.0,0.0,0.0
8,80,11.982160381802286,12.0,0.0,0.0,0.0,0.0,0.0,0.0
9,80,2.062930369322409,12.0,0.0,1.0,1.0,1.0,0.0,1.0
10,80,4.322643733204023,3.107234350271935,0.0,0.0,0.0,0.0,0.0,1.0
11,80,0.0,4.999453187656784,1.0,1.0,0.0,1.0,0.0,1.0
12,80,6.925427289310376,11.997351244462845,1.0,1.0,1.0,1.0,1.0,0.0
13,80,7.967973374200856,10.255721534644907,0.0,0.0,0.0,0.0,0.0,0.0
14,80,8.384592096822997,0.0,1.0,1.0,1.0,1.0,0.0,0.0
15,80,10.018623183940672,6.222793790793722,1.0,0.0,0.0,0.0,0.0,0.0
16,80,4.906083636171313,5.522076329014432,0.0,0.0,1.0,0.0,0.0,1.0
17,80,0.0,8.420859392312206,0.0,1.0,0.0,1.0,0.0,0.0
18,80,7.686362085663037,4.886627095428531,1.0,1.0,0.0,1.0,0.0,1.0
19,80,0.0734810590366658,11.852674751875275,0.0,0.0,0.0,0.0,0.0,1.0
0,85,6.649808426498514,9.733722886936825,1.0,0.0,1.0,1.0,1.0,0.0
1,85,9.050362984375264,10.042315549530231,0.0,0.0,1.0,0.0,0.0,1.0
2,85,12.0,1.6054586052275688,0.0,0.0,0.0,0.0,0.0,0.0
3,85,9.043658839091544,11.9802898730545,0.0,0.0,1.0,1.0,0.0,1.0
4,85,4.898063781908415,9.325030400054311,0.0,0.0,0.0,0.0,1.0,1.0
5,85,1.947343265367342,11.371073835857707,0.0,0.0,0.0,0.0,0.0,0.0
6,85,11.037567227612575,3.7854101923472823,1.0,0.0,0.0,0.0,0.0,0.0
7,85,3.823483618032703,9.770698671335763,0.0,0.0,0.0,1.0,0.0,0.0
8,85,11.980806077373392,12.0,0.0,0.0,0.0,0.0,0.0,0.0
9,85,2.0697774564626554,12.0,0.0,1.0,1.0,1.0,0.0,1.0
10,85,4.323392452425246,3.108176538786128,0.0,0.0,0.0,0.0,0.0,1.0
11,85,0.0,4.998607981653134,1.0,1.0,0.0,1.0,0.0,1.0
12,85,6.925479853868735,11.997043343242476,1.0,1.0,1.0,1.0,1.0,0.0
13,85,7.908457765122767,10.368000814985466,0.0,0.0,0.0,0.0,0.0,0.0
14,85,8.409334112819224,0.0,1.0,1.0,1.0,1.0,0.0,0.0
15,85,9.99426823471863,6.26386252436535,1.0,0.0,0.0,0.0,0.0,0.0
16,85,4.970137407764351,5.557631269937453,0.0,0.0,1.0,0.0,0.0,1.0
17,85,0.0,8.44040303352003,0.0,1.0,0.0,1.0,0.0,0.0
18,85,7.75711287413744,4.904721498942845,1.0,1.0,0.0,1.0,0.0,1.0
19,85,0.0746761150847527,11.875343564944416,0.0,0.0,0.0,0.0,0.0,1.0
0,90,6.614094708857179,9.577940574705424,1.0,0.0,1.0,1.0,1.0,0.0
1,90,9.058044837548287,10.129864018575004,0.0,0.0,1.0,0.0,0.0,1.0
2,90,12.0,1.6320016356901674,0.0,0.0,0.0,0.0,0.0,0.0
3,90,9.076294690914056,11.9925289382165,0.0,0.0,1.0,1.0,0.0,1.0
4,90,4.896467283991936,9.330873072210714,0.0,0.0,0.0,0.0,1.0,1.0
5,90,1.9449976076587452,11.385465891631789,0.0,0.0,0.0,0.0,0.0,0.0
6,90,11.06746484861158,3.749647560048967,1.0,0.0,0.0,0.0,0.0,0.0
7,90,3.8140775341662474,9.820441304924222,0.0,0.0,0.0,1.0,0.0,0.0
8,90,11.979788433981756,12.0,0.0,0.0,0.0,0.0,0.0,0.0
9,90,2.0884890906838987,12.0,0.0,1.0,1.0,1.0,0.0,1.0
10,90,4.32225163294165,3.106818460542849,0.0,0.0,0.0,0.0,0.0,1.0
11,90,0.0,4.999132017918111,1.0,1.0,0.0,1.0,0.0,1.0
12,90,6.928810582967294,11.97764507792034,1.0,1.0,1.0,1.0,1.0,0.0
13,90,7.854418601584091,10.468155860454596,0.0,0.0,0.0,0.0,0.0,0.0
14,90,8.439801652986834,0.0,1.0,1.0,1.0,1.0,0.0,0.0
15,90,9.963521117650496,6.314256409458131,1.0,0.0,0.0,0.0,0.0,0.0
16,90,5.025250517178112,5.58730675778911,0.0,0.0,1.0,0.0,0.0,1.0
17,90,0.0,8.464225806606398,0.0,1.0,0.0,1.0,0.0,0.0
18,90,7.83766378991568,4.927848427389163,1.0,1.0,0.0,1.0,0.0,1.0
19,90,0.0757297196248942,11.89597871881606,0.0,0.0,0.0,0.0,0.0,1.0
0,95,6.580978687767836,9.429588206704286,1.0,0.0,1.0,1.0,1.0,0.0
1,95,9.12715073738696,10.123745632736078,0.0,0.0,1.0,0.0,0.0,1.0
2,95,12.0,1.6549233946133617,0.0,0.0,0.0,0.0,0.0,0.0
3,95,9.119006818306536,12.0,0.0,0.0,1.0,1.0,0.0,1.0
4,95,4.896688001686141,9.33008197203284,0.0,0.0,0.0,0.0,1.0,1.0
5,95,1.9432397282645628,11.39738492746006,0.0,0.0,0.0,0.0,0.0,0.0
6,95,11.07709921261267,3.7381413795526734,1.0,0.0,0.0,0.0,0.0,0.0
7,95,3.8045663601578017,9.868016071493004,0.0,0.0,0.0,1.0,0.0,0.0
8,95,11.979597082645888,12.0,0.0,0.0,0.0,0.0,0.0,0.0
9,95,2.1123829399306944,12.0,0.0,1.0,1.0,1.0,0.0,1.0
10,95,4.299163596219596,3.079891216195749,0.0,0.0,0.0,0.0,0.0,1.0
11,95,0.0,4.998896222579385,1.0,1.0,0.0,1.0,0.0,1.0
12,95,6.931853051565782,11.957797801721714,1.0,1.0,1.0,1.0,1.0,0.0
13,95,7.797320642334631,10.583221116256412,0.0,0.0,0.0,0.0,0.0,0.0
14,95,8.47809489633513,0.0,1.0,1.0,1.0,1.0,0.0,0.0
15,95,9.939875030649317,6.352731123705061,1.0,0.0,0.0,0.0,0.0,0.0
16,95,5.093471933590813,5.625528657251932,0.0,0.0,1.0,0.0,0.0,1.0
17,95,0.0,8.49068677870561,0.0,1.0,0.0,1.0,0.0,0.0
18,95,7.924656389590415,4.953931844172684,1.0,1.0,0.0,1.0,0.0,1.0
19,95,0.0763008614883626,11.914644250928326,0.0,0.0,0.0,0.0,0.0,1.0
0,100,6.545007545953088,9.273626898067365,1.0,0.0,1.0,1.0,1.0,0.0
1,100,9.215471163586413,10.116560789810924,0.0,0.0,1.0,0.0,0.0,1.0
2,100,12.0,1.6845137652898243,0.0,0.0,0.0,0.0,0.0,0.0
3,100,9.163332449117066,12.0,0.0,0.0,1.0,1.0,0.0,1.0
4,100,4.8984164152708844,9.323419041065868,0.0,0.0,0.0,0.0,1.0,1.0
5,100,1.9352719758380288,11.445095682860284,0.0,0.0,0.0,0.0,0.0,0.0
6,100,11.077873399043188,3.737195331337545,1.0,0.0,0.0,0.0,0.0,0.0
7,100,3.79883885043696,9.90005399066578,0.0,0.0,0.0,1.0,0.0,0.0
8,100,11.979252480101726,12.0,0.0,0.0,0.0,0.0,0.0,0.0
9,100,2.1377069611562907,12.0,0.0,1.0,1.0,1.0,0.0,1.0
10,100,4.280694245541136,3.058828950494849,0.0,0.0,0.0,0.0,0.0,1.0
11,100,0.0,4.9987347205144905,1.0,1.0,0.0,1.0,0.0,1.0
12,100,6.935601376060862,11.932995229664671,1.0,1.0,1.0,1.0,1.0,0.0
13,100,7.731514877551111,10.72074229651351,0.0,0.0,0.0,0.0,0.0,0.0
14,100,8.512667527526371,0.0,1.0,1.0,1.0,1.0,0.0,0.0
15,100,9.921048866077552,6.382258556586452,1.0,0.0,0.0,0.0,0.0,0.0
16,100,5.13903646020605,5.649749422349321,0.0,0.0,1.0,0.0,0.0,1.0
17,100,0.0,8.533644745570696,0.0,1.0,0.0,1.0,0.0,0.0
18,100,8.01275625404384,4.977717992623684,1.0,1.0,0.0,1.0,0.0,1.0
19,100,0.076334408672351,11.92153960696059,0.0,0.0,0.0,0.0,0.0,1.0
0,105,6.509740922492606,9.101235787176869,1.0,0.0,1.0,1.0,1.0,0.0
1,105,9.307577447126349,10.108794186502584,0.0,0.0,1.0,0.0,0.0,1.0
2,105,12.0,1.7095997212103964,0.0,0.0,0.0,0.0,0.0,0.0
3,105,9.191659430464616,12.0,0.0,0.0,1.0,1.0,0.0,1.0
4,105,4.900467994544102,9.31569509960332,0.0,0.0,0.0,0.0,1.0,1.0
5,105,1.9295235482564652,11.477894712475283,0.0,0.0,0.0,0.0,0.0,0.0
6,105,11.086787057720722,3.726153335748029,1.0,0.0,0.0,0.0,0.0,0.0
7,105,3.7933878152780633,9.927284916540009,0.0,0.0,0.0,1.0,0.0,0.0
8,105,11.978180141363229,12.0,0.0,0.0,0.0,0.0,0.0,0.0
9,105,2.1512917794824875,12.0,0.0,1.0,1.0,1.0,0.0,1.0
10,105,4.240398730070236,3.014705416437133,0.0,0.0,0.0,0.0,0.0,1.0
11,105,0.0,4.998162561323494,1.0,1.0,0.0,1.0,0.0,1.0
12,105,6.939179546808987,11.910800988069452,1.0,1.0,1.0,1.0,1.0,0.0
13,105,7.671518412979266,10.855246657521125,0.0,0.0,0.0,0.0,0.0,0.0
14,105,8.55529269081467,0.0,1.0,1.0,1.0,1.0,0.0,0.0
15,105,9.889042268053378,6.430071173114449,1.0,0.0,0.0,0.0,0.0,0.0
16,105,5.163439082646176,5.662986206930787,0.0,0.0,1.0,0.0,0.0,1.0
17,105,0.0,8.584531512079316,0.0,1.0,0.0,1.0,0.0,0.0
18,105,8.112327846001016,5.004374050045971,1.0,1.0,0.0,1.0,0.0,1.0
19,105,0.0791672343118587,11.921493480357803,0.0,0.0,0.0,0.0,0.0,1.0
0,110,6.477280657448877,8.925802755785687,1.0,0.0,1.0,1.0,1.0,0.0
1,110,9.421781069182746,10.101143070690602,0.0,0.0,1.0,0.0,0.0,1.0
2,110,12.0,1.7417561864556883,0.0,0.0,0.0,0.0,0.0,0.0
3,110,9.23239757622763,12.0,0.0,0.0,1.0,1.0,0.0,1.0
4,110,4.911284572391533,9.277884767255893,0.0,0.0,0.0,0.0,1.0,1.0
5,110,1.922768147444928,11.511279096694553,0.0,0.0,0.0,0.0,0.0,0.0
6,110,11.095342462428013,3.715777082911013,1.0,0.0,0.0,0.0,0.0,0.0
7,110,3.788534464115725,9.950088804325212,0.0,0.0,0.0,1.0,0.0,0.0
8,110,11.977282210951248,12.0,0.0,0.0,0.0,0.0,0.0,0.0
9,110,2.1703698423426983,12.0,0.0,1.0,1.0,1.0,0.0,1.0
10,110,4.204397421064895,2.975906749478245,0.0,0.0,0.0,0.0,0.0,1.0
11,110,0.0,4.997958219117535,1.0,1.0,0.0,1.0,0.0,1.0
12,110,6.9487417209996325,11.912300665773564,1.0,1.0,1.0,1.0,1.0,0.0
13,110,7.609223944734357,10.991347927554582,0.0,0.0,0.0,0.0,0.0,0.0
14,110,8.596635444107772,0.0,1.0,1.0,1.0,1.0,0.0,0.0
15,110,9.855203609981013,6.4800493144371085,1.0,0.0,0.0,0.0,0.0,0.0
16,110,5.201885557585473,5.683960218479546,0.0,0.0,1.0,0.0,0.0,1.0
17,110,0.0,8.628322841333878,0.0,1.0,0.0,1.0,0.0,0.0
18,110,8.204065193902752,5.028830225465958,1.0,1.0,0.0,1.0,0.0,1.0
19,110,0.0667335226495415,11.921915890608592,0.0,0.0,0.0,0.0,0.0,1.0
0,115,6.447460894218799,8.746949442876833,1.0,0.0,1.0,1.0,1.0,0.0
1,115,9.5438131678208,10.096247525276071,0.0,0.0,1.0,0.0,0.0,1.0
2,115,12.0,1.7646971678664176,0.0,0.0,0.0,0.0,0.0,0.0
3,115,9.288191107762763,12.0,0.0,0.0,1.0,1.0,0.0,1.0
4,115,4.922609442052669,9.239083590828356,0.0,0.0,0.0,0.0,1.0,1.0
5,115,1.915064401248108,11.55363859438931,0.0,0.0,0.0,0.0,0.0,0.0
6,115,11.105638542507489,3.703351382670344,1.0,0.0,0.0,0.0,0.0,0.0
7,115,3.7847376865066207,9.96894360912854,0.0,0.0,0.0,1.0,0.0,0.0
8,115,11.973773843287074,12.0,0.0,0.0,0.0,0.0,0.0,0.0
9,115,2.204625896528213,12.0,0.0,1.0,1.0,1.0,0.0,1.0
10,115,4.169020955139622,2.9391684617462204,0.0,0.0,0.0,0.0,0.0,1.0
11,115,0.0,4.99773413164553,1.0,1.0,0.0,1.0,0.0,1.0
12,115,6.9684987177945565,11.91600685612394,1.0,1.0,1.0,1.0,1.0,0.0
13,115,7.539861206262431,11.14612407310427,0.0,0.0,0.0,0.0,0.0,0.0
14,115,8.643072282199794,0.0,1.0,1.0,1.0,1.0,0.0,0.0
15,115,9.822323716888512,6.5290402930682045,1.0,0.0,0.0,0.0,0.0,0.0
16,115,5.2474394986342405,5.707950654526186,0.0,0.0,1.0,0.0,0.0,1.0
17,115,0.0,8.67578857141217,0.0,1.0,0.0,1.0,0.0,0.0
18,115,8.31659199733417,5.056055203085767,1.0,1.0,0.0,1.0,0.0,1.0
19,115,0.0632743840894511,11.922052462610502,0.0,0.0,0.0,0.0,0.0,1.0
0,120,6.415121123239733,8.537998044842555,1.0,0.0,1.0,1.0,1.0,0.0
1,120,9.64996809689315,10.091539890663409,0.0,0.0,1.0,0.0,0.0,1.0
2,120,12.0,1.7891530243744267,0.0,0.0,0.0,0.0,0.0,0.0
3,120,9.343186488336936,12.0,0.0,0.0,1.0,1.0,0.0,1.0
4,120,4.926206749898393,9.226471544125395,0.0,0.0,0.0,0.0,1.0,1.0
5,120,1.9079444196030444,11.592401392954605,0.0,0.0,0.0,0.0,0.0,0.0
6,120,11.119134913744707,3.6870803932604943,1.0,0.0,0.0,0.0,0.0,0.0
7,120,3.779555050005383,9.996578292030982,0.0,0.0,0.0,1.0,0.0,0.0
8,120,11.97034977492324,12.0,0.0,0.0,0.0,0.0,0.0,0.0
9,120,2.243614707998985,12.0,0.0,1.0,1.0,1.0,0.0,1.0
10,120,4.140998049238883,2.909212966350133,0.0,0.0,0.0,0.0,0.0,1.0
11,120,0.0,4.998095709241544,1.0,1.0,0.0,1.0,0.0,1.0
12,120,6.996795751824332,11.920619468766978,1.0,1.0,1.0,1.0,1.0,0.0
13,120,7.477652316119961,11.290325000747442,0.0,0.0,0.0,0.0,0.0,0.0
14,120,8.687171164951932,0.0,1.0,1.0,1.0,1.0,0.0,0.0
15,120,9.78719461289391,6.578887717966674,1.0,0.0,0.0,0.0,0.0,0.0
16,120,5.317350701383734,5.744696317969325,0.0,0.0,1.0,0.0,0.0,1.0
17,120,0.0,8.72109241439888,0.0,1.0,0.0,1.0,0.0,0.0
18,120,8.429838851220028,5.087351213859412,1.0,1.0,0.0,1.0,0.0,1.0
19,120,0.0414891675976105,11.922270872489635,0.0,0.0,0.0,0.0,0.0,1.0
0,125,6.387977192403813,8.33582883121306,1.0,0.0,1.0,1.0,1.0,0.0
1,125,9.760216656288629,10.089873824334246,0.0,0.0,1.0,0.0,0.0,1.0
2,125,12.0,1.812703365501932,0.0,0.0,0.0,0.0,0.0,0.0
3,125,9.407483878220152,12.0,0.0,0.0,1.0,1.0,0.0,1.0
4,125,4.932835182583826,9.203495058801249,0.0,0.0,0.0,0.0,1.0,1.0
5,125,1.9032137894305312,11.618204301266235,0.0,0.0,0.0,0.0,0.0,0.0
6,125,11.12896663357951,3.6754409690182217,1.0,0.0,0.0,0.0,0.0,0.0
7,125,3.772857336340455,10.03466049479975,0.0,0.0,0.0,1.0,0.0,0.0
8,125,11.967318219932194,12.0,0.0,0.0,0.0,0.0,0.0,0.0
9,125,2.287029937074571,12.0,0.0,1.0,1.0,1.0,0.0,1.0
10,125,4.106842891867631,2.8703890501022795,0.0,0.0,0.0,0.0,0.0,1.0
11,125,0.0006856366774286,4.998085287966344,1.0,1.0,0.0,1.0,0.0,1.0
12,125,7.023747336086717,11.9250948519926,1.0,1.0,1.0,1.0,1.0,0.0
13,125,7.425289403261435,11.409109442063825,0.0,0.0,0.0,0.0,0.0,0.0
14,125,8.726394479751546,0.0,1.0,1.0,1.0,1.0,0.0,0.0
15,125,9.744006517165392,6.6377246179053895,1.0,0.0,0.0,0.0,0.0,0.0
16,125,5.39191495634109,5.7832564131665,0.0,0.0,1.0,0.0,0.0,1.0
17,125,0.0,8.768405763704678,0.0,1.0,0.0,1.0,0.0,0.0
18,125,8.550097220353468,5.121222177117797,1.0,1.0,0.0,1.0,0.0,1.0
19,125,0.0006379625624296,11.923462667834173,0.0,0.0,0.0,0.0,0.0,1.0
0,130,6.360525638425871,8.131612256405132,1.0,0.0,1.0,1.0,1.0,0.0
1,130,9.8673888146065,10.086398543401335,0.0,0.0,1.0,0.0,0.0,1.0
2,130,12.0,1.828931577309436,0.0,0.0,0.0,0.0,0.0,0.0
3,130,9.458601668300986,12.0,0.0,0.0,1.0,1.0,0.0,1.0
4,130,4.938894690168674,9.181212195655831,0.0,0.0,0.0,0.0,1.0,1.0
5,130,1.897143898413362,11.650996566751308,0.0,0.0,0.0,0.0,0.0,0.0
6,130,11.14719149114034,3.654318963955218,1.0,0.0,0.0,0.0,0.0,0.0
7,130,3.7662479853744455,10.07575478425117,0.0,0.0,0.0,1.0,0.0,0.0
8,130,11.967099956853016,12.0,0.0,0.0,0.0,0.0,0.0,0.0
9,130,2.336463217578803,12.0,0.0,1.0,1.0,1.0,0.0,1.0
10,130,4.06320867155602,2.820038778050303,0.0,0.0,0.0,0.0,0.0,1.0
11,130,0.0,4.998354943462164,1.0,1.0,0.0,1.0,0.0,1.0
12,130,7.0598190671797285,11.930254623672628,1.0,1.0,1.0,1.0,1.0,0.0
13,130,7.368504863505926,11.534604383814653,0.0,0.0,0.0,0.0,0.0,0.0
14,130,8.759724282813917,0.0,1.0,1.0,1.0,1.0,0.0,0.0
15,130,9.705395982913638,6.689987139520012,1.0,0.0,0.0,0.0,0.0,0.0
16,130,5.46108079533921,5.816068655647899,0.0,0.0,1.0,0.0,0.0,1.0
17,130,0.0,8.804039208987316,0.0,1.0,0.0,1.0,0.0,0.0
18,130,8.670431158433287,5.155944614599732,1.0,1.0,0.0,1.0,0.0,1.0
19,130,0.0,11.92451095016735,0.0,0.0,0.0,0.0,0.0,1.0
0,135,6.328644066075929,7.924355415344031,1.0,0.0,1.0,1.0,1.0,0.0
1,135,9.975703224207344,10.085963827061466,0.0,0.0,1.0,0.0,0.0,1.0
2,135,12.0,1.842901750205928,0.0,0.0,0.0,0.0,0.0,0.0
3,135,9.515775099957516,12.0,0.0,0.0,1.0,1.0,0.0,1.0
4,135,4.937727398211939,9.185941913583214,0.0,0.0,0.0,0.0,1.0,1.0
5,135,1.89191022703965,11.676700592986064,0.0,0.0,0.0,0.0,0.0,0.0
6,135,11.171733916120866,3.6264165747523327,1.0,0.0,0.0,0.0,0.0,0.0
7,135,3.76450269952324,10.085715634174338,0.0,0.0,0.0,1.0,0.0,0.0
8,135,11.966547755580477,12.0,0.0,0.0,0.0,0.0,0.0,0.0
9,135,2.3965836404077705,12.0,0.0,1.0,1.0,1.0,0.0,1.0
10,135,4.034621888499791,2.788443709812781,0.0,0.0,0.0,0.0,0.0,1.0
11,135,0.0105706385947405,4.998151535874834,1.0,1.0,0.0,1.0,0.0,1.0
12,135,7.077605482086448,11.932727637490704,1.0,1.0,1.0,1.0,1.0,0.0
13,135,7.3064220878941,11.676734158316057,0.0,0.0,0.0,0.0,0.0,0.0
14,135,8.792882037490816,0.0,1.0,1.0,1.0,1.0,0.0,0.0
15,135,9.671720041230902,6.7360032438136495,1.0,0.0,0.0,0.0,0.0,0.0
16,135,5.546787425221709,5.858297276583574,0.0,0.0,1.0,0.0,0.0,1.0
17,135,0.0,8.836153798102632,0.0,1.0,0.0,1.0,0.0,0.0
18,135,8.805363897598971,5.19473679402164,1.0,1.0,0.0,1.0,0.0,1.0
19,135,0.0,11.925499049605683,0.0,0.0,0.0,0.0,0.0,1.0
0,140,6.288817952274862,7.704978416680915,1.0,0.0,1.0,1.0,1.0,0.0
1,140,10.08514202660617,10.0820262263291,0.0,0.0,1.0,0.0,0.0,1.0
2,140,12.0,1.8648420235315564,0.0,0.0,0.0,0.0,0.0,0.0
3,140,9.586315517204977,12.0,0.0,0.0,1.0,1.0,0.0,1.0
4,140,4.944566830805766,9.158357681170488,0.0,0.0,0.0,0.0,1.0,1.0
5,140,1.8883442388666067,11.697010829835536,0.0,0.0,0.0,0.0,0.0,0.0
6,140,11.19660076362972,3.5967237593664865,1.0,0.0,0.0,0.0,0.0,0.0
7,140,3.7606471619871953,10.105836749181163,0.0,0.0,0.0,1.0,0.0,0.0
8,140,11.964807686125726,12.0,0.0,0.0,0.0,0.0,0.0,0.0
9,140,2.4582397299986862,12.0,0.0,1.0,1.0,1.0,0.0,1.0
10,140,4.000725648446883,2.7500385869722725,0.0,0.0,0.0,0.0,0.0,1.0
11,140,0.0072441318328614,4.998245284309471,1.0,1.0,0.0,1.0,0.0,1.0
12,140,7.100132154879729,11.936592016909362,1.0,1.0,1.0,1.0,1.0,0.0
13,140,7.245909869056928,11.823068013926331,0.0,0.0,0.0,0.0,0.0,0.0
14,140,8.827741398205454,0.0,1.0,1.0,1.0,1.0,0.0,0.0
15,140,9.62477492544478,6.80013169052466,1.0,0.0,0.0,0.0,0.0,0.0
16,140,5.631734248991013,5.898636223962121,0.0,0.0,1.0,0.0,0.0,1.0
17,140,0.0,8.859891182603178,0.0,1.0,0.0,1.0,0.0,0.0
18,140,8.928043792255194,5.2252264268442685,1.0,1.0,0.0,1.0,0.0,1.0
19,140,0.0,11.926008985834958,0.0,0.0,0.0,0.0,0.0,1.0
0,145,6.250991746858594,7.501828696266893,1.0,0.0,1.0,1.0,1.0,0.0
1,145,10.199577685681197,10.074548437671847,0.0,0.0,1.0,0.0,0.0,1.0
2,145,12.0,1.8830829949113617,0.0,0.0,0.0,0.0,0.0,0.0
3,145,9.663292579672149,12.0,0.0,0.0,1.0,1.0,0.0,1.0
4,145,4.95024638951785,9.135041362850965,0.0,0.0,0.0,0.0,1.0,1.0
5,145,1.8829861877416532,11.726942656827854,0.0,0.0,0.0,0.0,0.0,0.0
6,145,11.24075138505246,3.5410996532693457,1.0,0.0,0.0,0.0,0.0,0.0
7,145,3.758194276977341,10.11768637392196,0.0,0.0,0.0,1.0,0.0,0.0
8,145,11.964771334574868,12.0,0.0,0.0,0.0,0.0,0.0,0.0
9,145,2.5113388368927017,12.0,0.0,1.0,1.0,1.0,0.0,1.0
10,145,3.95750718529024,2.701355292199488,0.0,0.0,0.0,0.0,0.0,1.0
11,145,0.0024861061661476,4.998495416523482,1.0,1.0,0.0,1.0,0.0,1.0
12,145,7.1072487594134905,11.937592410964951,1.0,1.0,1.0,1.0,1.0,0.0
13,145,7.1814156226697,11.978298140249004,0.0,0.0,0.0,0.0,0.0,0.0
14,145,8.870449391300548,0.0,1.0,1.0,1.0,1.0,0.0,0.0
15,145,9.59302762528561,6.84539057731169,1.0,0.0,0.0,0.0,0.0,0.0
16,145,5.721131284274164,5.945597805953743,0.0,0.0,1.0,0.0,0.0,1.0
17,145,0.0,8.89230458687021,0.0,1.0,0.0,1.0,0.0,0.0
18,145,9.057102242231242,5.253748351840834,1.0,1.0,0.0,1.0,0.0,1.0
19,145,0.0,11.927407653476802,0.0,0.0,0.0,0.0,0.0,1.0
0,150,6.223594311520132,7.333799503477279,1.0,0.0,1.0,1.0,1.0,0.0
1,150,10.308590654465466,10.061874388324796,0.0,0.0,1.0,0.0,0.0,1.0
2,150,12.0,1.8975937975938584,0.0,0.0,0.0,0.0,0.0,0.0
3,150,9.740446295121206,12.0,0.0,0.0,1.0,1.0,0.0,1.0
4,150,4.961364035428708,9.089129232919998,0.0,0.0,0.0,0.0,1.0,1.0
5,150,1.8746588051983728,11.777756996000946,0.0,0.0,0.0,0.0,0.0,0.0
6,150,11.28940972945891,3.4817503064976254,1.0,0.0,0.0,0.0,0.0,0.0
7,150,3.752800271186406,10.116668220430528,0.0,0.0,0.0,1.0,0.0,0.0
8,150,11.966753855623963,11.98865301962483,0.0,0.0,0.0,0.0,0.0,0.0
9,150,2.578572248811028,12.0,0.0,1.0,1.0,1.0,0.0,1.0
10,150,3.907182954367616,2.643486132934914,0.0,0.0,0.0,0.0,0.0,1.0
11,150,0.0016482265236643,4.998568026773279,1.0,1.0,0.0,1.0,0.0,1.0
12,150,7.126339760561508,11.940277387350635,1.0,1.0,1.0,1.0,1.0,0.0
13,150,7.113647021612987,12.0,0.0,0.0,0.0,0.0,0.0,0.0
14,150,8.914862436225143,0.0,1.0,1.0,1.0,1.0,0.0,0.0
15,150,9.567006694714644,6.882305842312119,1.0,0.0,0.0,0.0,0.0,0.0
16,150,5.81605841015584,5.991842114390717,0.0,0.0,1.0,0.0,0.0,1.0
17,150,0.0,8.934889865397313,0.0,1.0,0.0,1.0,0.0,0.0
18,150,9.153384888999968,5.2764301349349285,1.0,1.0,0.0,1.0,0.0,1.0
19,150,0.0,11.928820763102308,0.0,0.0,0.0,0.0,0.0,1.0
0,155,6.194276932234543,7.17969389760391,1.0,0.0,1.0,1.0,1.0,0.0
1,155,10.423106912177555,10.051204947606056,0.0,0.0,1.0,0.0,0.0,1.0
2,155,12.0,1.9131466959803256,0.0,0.0,0.0,0.0,0.0,0.0
3,155,9.825714218766397,12.0,0.0,0.0,1.0,1.0,0.0,1.0
4,155,4.972289722951098,9.046416107121598,0.0,0.0,0.0,0.0,1.0,1.0
5,155,1.861887432909842,11.849568725138948,0.0,0.0,0.0,0.0,0.0,0.0
6,155,11.345799314181171,3.413432449435221,1.0,0.0,0.0,0.0,0.0,0.0
7,155,3.728896184223625,10.113039702209312,0.0,0.0,0.0,1.0,0.0,0.0
8,155,11.968452323026844,11.979707570908555,0.0,0.0,0.0,0.0,0.0,0.0
9,155,2.647232342481972,12.0,0.0,1.0,1.0,1.0,0.0,1.0
10,155,3.8510530151405344,2.578957544654428,0.0,0.0,0.0,0.0,0.0,1.0
11,155,0.029401657825589,4.996365640269609,1.0,1.0,0.0,1.0,0.0,1.0
12,155,7.160609726293228,11.944461594439543,1.0,1.0,1.0,1.0,1.0,0.0
13,155,7.050848155647908,12.0,0.0,0.0,0.0,0.0,0.0,0.0
14,155,8.957067166332079,0.0,1.0,1.0,1.0,1.0,0.0,0.0
15,155,9.52397013669841,6.947222548592418,1.0,0.0,0.0,0.0,0.0,0.0
16,155,5.913100230341668,6.039469645985353,0.0,0.0,1.0,0.0,0.0,1.0
17,155,0.0,8.980706754148574,0.0,1.0,0.0,1.0,0.0,0.0
18,155,9.234247831249156,5.295810768758504,1.0,1.0,0.0,1.0,0.0,1.0
19,155,0.0,11.929476823594223,0.0,0.0,0.0,0.0,0.0,1.0
0,160,6.165379046015293,7.023082877254811,1.0,0.0,1.0,1.0,1.0,0.0
1,160,10.534012843696296,10.040684391084806,0.0,0.0,1.0,0.0,0.0,1.0
2,160,12.0,1.924470335081853,0.0,0.0,0.0,0.0,0.0,0.0
3,160,9.8990384462906,12.0,0.0,0.0,1.0,1.0,0.0,1.0
4,160,4.979549144687926,9.018434567344157,0.0,0.0,0.0,0.0,1.0,1.0
5,160,1.848699822399594,11.918979986365146,0.0,0.0,0.0,0.0,0.0,0.0
6,160,11.409648473587389,3.3316655915747413,1.0,0.0,0.0,0.0,0.0,0.0
7,160,3.7605687926802895,10.117627588553,0.0,0.0,0.0,1.0,0.0,0.0
8,160,11.969857804572449,11.972833404732231,0.0,0.0,0.0,0.0,0.0,0.0
9,160,2.7030821179202875,12.0,0.0,1.0,1.0,1.0,0.0,1.0
10,160,3.791039776201696,2.510551521677456,0.0,0.0,0.0,0.0,0.0,1.0
11,160,0.0473007704764232,4.9951364719125815,1.0,1.0,0.0,1.0,0.0,1.0
12,160,7.197050085785795,11.94908188859718,1.0,1.0,1.0,1.0,1.0,0.0
13,160,6.994334093912527,12.0,0.0,0.0,0.0,0.0,0.0,0.0
14,160,9.00159986829787,0.0,1.0,1.0,1.0,1.0,0.0,0.0
15,160,9.468248616231907,7.032302014736596,1.0,0.0,0.0,0.0,0.0,0.0
16,160,6.0113806119521085,6.091490665510938,0.0,0.0,1.0,0.0,0.0,1.0
17,160,0.0,9.029575371383109,0.0,1.0,0.0,1.0,0.0,0.0
18,160,9.324522572131194,5.319960321655238,1.0,1.0,0.0,1.0,0.0,1.0
19,160,0.0,11.931043131806948,0.0,0.0,0.0,0.0,0.0,1.0
0,165,6.13683487336996,6.878299299925773,1.0,0.0,1.0,1.0,1.0,0.0
1,165,10.624092060411373,10.031530036645208,0.0,0.0,1.0,0.0,0.0,1.0
2,165,12.0,1.9329193303339471,0.0,0.0,0.0,0.0,0.0,0.0
3,165,9.952593371952323,12.0,0.0,0.0,1.0,1.0,0.0,1.0
4,165,4.984096775719565,9.001426046316558,0.0,0.0,0.0,0.0,1.0,1.0
5,165,1.8353213008105933,11.980972649204157,0.0,0.0,0.0,0.0,0.0,0.0
6,165,11.477533650964032,3.24377055969882,1.0,0.0,0.0,0.0,0.0,0.0
7,165,3.794101304323518,10.120843398619067,0.0,0.0,0.0,1.0,0.0,0.0
8,165,11.97004517447637,11.971909572839524,0.0,0.0,0.0,0.0,0.0,0.0
9,165,2.7473472890350834,12.0,0.0,1.0,1.0,1.0,0.0,1.0
10,165,3.7223044068298057,2.433748086912866,0.0,0.0,0.0,0.0,0.0,1.0
11,165,0.062908063861236,4.993876205770158,1.0,1.0,0.0,1.0,0.0,1.0
12,165,7.224460662641709,11.952690622279263,1.0,1.0,1.0,1.0,1.0,0.0
13,165,6.939048093181479,12.0,0.0,0.0,0.0,0.0,0.0,0.0
14,165,9.056854415115613,0.0,1.0,1.0,1.0,1.0,0.0,0.0
15,165,9.39593217133959,7.145602173497458,1.0,0.0,0.0,0.0,0.0,0.0
16,165,6.116042897052395,6.145436256219421,0.0,0.0,1.0,0.0,0.0,1.0
17,165,0.0,9.063001816385896,0.0,1.0,0.0,1.0,0.0,0.0
18,165,9.405250351555964,5.341301121932911,1.0,1.0,0.0,1.0,0.0,1.0
19,165,0.0,11.93196756174382,0.0,0.0,0.0,0.0,0.0,1.0
0,170,6.110658776429927,6.740183517485552,1.0,0.0,1.0,1.0,1.0,0.0
1,170,10.724697894795804,10.020084245758428,0.0,0.0,1.0,0.0,0.0,1.0
2,170,12.0,1.9383893422668808,0.0,0.0,0.0,0.0,0.0,0.0
3,170,10.016430942545652,12.0,0.0,0.0,1.0,1.0,0.0,1.0
4,170,4.986920936081879,8.990822388611058,0.0,0.0,0.0,0.0,1.0,1.0
5,170,1.8165928991788665,12.0,0.0,0.0,0.0,0.0,0.0,0.0
6,170,11.543381455546042,3.160885392638426,1.0,0.0,0.0,0.0,0.0,0.0
7,170,3.825780142199272,10.124254346820152,0.0,0.0,0.0,1.0,0.0,0.0
8,170,11.973635135953636,11.95647651624695,0.0,0.0,0.0,0.0,0.0,0.0
9,170,2.793907177561629,12.0,0.0,1.0,1.0,1.0,0.0,1.0
10,170,3.664952999702287,2.3696380633596417,0.0,0.0,0.0,0.0,0.0,1.0
11,170,0.0944467161159408,4.9921594754872265,1.0,1.0,0.0,1.0,0.0,1.0
12,170,7.24874220752187,11.95601171618302,1.0,1.0,1.0,1.0,1.0,0.0
13,170,6.877752413610627,12.0,0.0,0.0,0.0,0.0,0.0,0.0
14,170,9.114989328465176,0.0,1.0,1.0,1.0,1.0,0.0,0.0
15,170,9.323582807918555,7.266916317657891,1.0,0.0,0.0,0.0,0.0,0.0
16,170,6.241944154432375,6.209336421147112,0.0,0.0,1.0,0.0,0.0,1.0
17,170,0.0,9.100631092703622,0.0,1.0,0.0,1.0,0.0,0.0
18,170,9.480381845119377,5.361854821219954,1.0,1.0,0.0,1.0,0.0,1.0
19,170,0.0,11.934729395963682,0.0,0.0,0.0,0.0,0.0,1.0
0,175,6.0901748814012695,6.632393671369187,1.0,0.0,1.0,1.0,1.0,0.0
1,175,10.817113455762462,10.00847951621146,0.0,0.0,1.0,0.0,0.0,1.0
2,175,12.0,1.9482850289939608,0.0,0.0,0.0,0.0,0.0,0.0
3,175,10.100405406303192,12.0,0.0,0.0,1.0,1.0,0.0,1.0
4,175,4.992588338665683,8.971173850317932,0.0,0.0,0.0,0.0,1.0,1.0
5,175,1.7982828302107356,12.0,0.0,0.0,0.0,0.0,0.0,0.0
6,175,11.60843804240615,3.0784387047524784,1.0,0.0,0.0,0.0,0.0,0.0
7,175,3.858871596469844,10.128371477370443,0.0,0.0,0.0,1.0,0.0,0.0
8,175,11.977666004187164,11.935409774800153,0.0,0.0,0.0,0.0,0.0,0.0
9,175,2.833287621724508,12.0,0.0,1.0,1.0,1.0,0.0,1.0
10,175,3.6086609018963296,2.306654422605125,0.0,0.0,0.0,0.0,0.0,1.0
11,175,0.1262598430128495,4.990872263795889,1.0,1.0,0.0,1.0,0.0,1.0
12,175,7.242247949617247,11.955082520125776,1.0,1.0,1.0,1.0,1.0,0.0
13,175,6.823705293659438,12.0,0.0,0.0,0.0,0.0,0.0,0.0
14,175,9.179212325971427,0.0,1.0,1.0,1.0,1.0,0.0,0.0
15,175,9.236261795407511,7.4087863412683586,1.0,0.0,0.0,0.0,0.0,0.0
16,175,6.370996619526057,6.28058991387148,0.0,0.0,1.0,0.0,0.0,1.0
17,175,0.0,9.136267009517262,0.0,1.0,0.0,1.0,0.0,0.0
18,175,9.551178714744792,5.380584284491282,1.0,1.0,0.0,1.0,0.0,1.0
19,175,0.0,11.93823464217788,0.0,0.0,0.0,0.0,0.0,1.0
0,180,6.070281764136749,6.527488212926691,1.0,0.0,1.0,1.0,1.0,0.0
1,180,10.915510776416438,9.997421388991878,0.0,0.0,1.0,0.0,0.0,1.0
2,180,12.0,1.9632238593442837,0.0,0.0,0.0,0.0,0.0,0.0
3,180,10.180407871339044,12.0,0.0,0.0,1.0,1.0,0.0,1.0
4,180,4.996941575998468,8.953821753775586,0.0,0.0,0.0,0.0,1.0,1.0
5,180,1.7804044691340246,12.0,0.0,0.0,0.0,0.0,0.0,0.0
6,180,11.674580354110782,2.99430570983877,1.0,0.0,0.0,0.0,0.0,0.0
7,180,3.882704193684643,10.131197452219654,0.0,0.0,0.0,1.0,0.0,0.0
8,180,11.981874861792614,11.912433479623528,0.0,0.0,0.0,0.0,0.0,0.0
9,180,2.8716683163642034,12.0,0.0,1.0,1.0,1.0,0.0,1.0
10,180,3.535461315208509,2.223775409921964,0.0,0.0,0.0,0.0,0.0,1.0
11,180,0.1702344330825072,4.990224837815554,1.0,1.0,0.0,1.0,0.0,1.0
12,180,7.248150741856103,11.955827829408902,1.0,1.0,1.0,1.0,1.0,0.0
13,180,6.774382495942515,12.0,0.0,0.0,0.0,0.0,0.0,0.0
14,180,9.251491598398626,0.0,1.0,1.0,1.0,1.0,0.0,0.0
15,180,9.151455933839085,7.540750234961397,1.0,0.0,0.0,0.0,0.0,0.0
16,180,6.480168342057472,6.3480787235092535,0.0,0.0,1.0,0.0,0.0,1.0
17,180,0.0,9.16462920539752,0.0,1.0,0.0,1.0,0.0,0.0
18,180,9.59974788343738,5.393617016208149,1.0,1.0,0.0,1.0,0.0,1.0
19,180,0.0,11.940723332380268,0.0,0.0,0.0,0.0,0.0,1.0
0,185,6.059148006121493,6.461939587719323,1.0,0.0,1.0,1.0,1.0,0.0
1,185,10.810150620437724,10.011233182081511,0.0,0.0,1.0,0.0,0.0,1.0
2,185,12.0,1.9693988829934348,0.0,0.0,0.0,0.0,0.0,0.0
3,185,10.266502480126748,12.0,0.0,0.0,1.0,1.0,0.0,1.0
4,185,4.992602607398312,8.970709129254328,0.0,0.0,0.0,0.0,1.0,1.0
5,185,1.7658779458522091,12.0,0.0,0.0,0.0,0.0,0.0,0.0
6,185,11.738296577865958,2.911767424029077,1.0,0.0,0.0,0.0,0.0,0.0
7,185,3.907062776975904,10.133778917869748,0.0,0.0,0.0,1.0,0.0,0.0
8,185,11.986342074748718,11.888700172077286,0.0,0.0,0.0,0.0,0.0,0.0
9,185,2.902533705310053,12.0,0.0,1.0,1.0,1.0,0.0,1.0
10,185,3.4593059564912565,2.1403796461806706,0.0,0.0,0.0,0.0,0.0,1.0
11,185,0.2132999604268041,4.988668507723025,1.0,1.0,0.0,1.0,0.0,1.0
12,185,7.26556352686819,11.958275588434946,1.0,1.0,1.0,1.0,1.0,0.0
13,185,6.733539764524285,12.0,0.0,0.0,0.0,0.0,0.0,0.0
14,185,9.31915243525945,0.0,1.0,1.0,1.0,1.0,0.0,0.0
15,185,9.053864644815892,7.68662159029898,1.0,0.0,0.0,0.0,0.0,0.0
16,185,6.585624818471598,6.413144078751852,0.0,0.0,1.0,0.0,0.0,1.0
17,185,0.0,9.195848561729273,0.0,1.0,0.0,1.0,0.0,0.0
18,185,9.623815658417204,5.39948178003733,1.0,1.0,0.0,1.0,0.0,1.0
19,185,0.0,11.943336343289738,0.0,0.0,0.0,0.0,0.0,1.0
0,190,6.0530869150799465,6.430493141348419,1.0,0.0,1.0,1.0,1.0,0.0
1,190,10.698523527993498,10.024738110970247,0.0,0.0,1.0,0.0,0.0,1.0
2,190,12.0,1.974004766023905,0.0,0.0,0.0,0.0,0.0,0.0
3,190,10.351146523120342,12.0,0.0,0.0,1.0,1.0,0.0,1.0
4,190,4.983187359048105,9.001790027543912,0.0,0.0,0.0,0.0,1.0,1.0
5,190,1.7532274869829334,12.0,0.0,0.0,0.0,0.0,0.0,0.0
6,190,11.824041724866731,2.8045046253531973,1.0,0.0,0.0,0.0,0.0,0.0
7,190,3.9273019200467263,10.135954114364637,0.0,0.0,0.0,1.0,0.0,0.0
8,190,11.985653675685413,11.892288353844714,0.0,0.0,0.0,0.0,0.0,0.0
9,190,2.931871228754692,12.0,0.0,1.0,1.0,1.0,0.0,1.0
10,190,3.368673152416232,2.0439658596185253,0.0,0.0,0.0,0.0,0.0,1.0
11,190,0.2622795533303438,4.986756916972499,1.0,1.0,0.0,1.0,0.0,1.0
12,190,7.290333364731154,11.96178610191622,1.0,1.0,1.0,1.0,1.0,0.0
13,190,6.700940415138424,12.0,0.0,0.0,0.0,0.0,0.0,0.0
14,190,9.406917418818852,0.0555368950120902,1.0,1.0,1.0,1.0,0.0,0.0
15,190,8.962693677628595,7.821306281437311,1.0,0.0,0.0,0.0,0.0,0.0
16,190,6.701696232266242,6.483972903655743,0.0,0.0,1.0,0.0,0.0,1.0
17,190,0.0,9.226703415929752,0.0,1.0,0.0,1.0,0.0,0.0
18,190,9.676244926498487,5.411344637086804,1.0,1.0,0.0,1.0,0.0,1.0
19,190,0.0,11.947599088702097,0.0,0.0,0.0,0.0,0.0,1.0
0,195,6.050381676123815,6.413770821260275,1.0,0.0,1.0,1.0,1.0,0.0
1,195,10.590459239750926,10.040729160303917,0.0,0.0,1.0,0.0,0.0,1.0
2,195,12.0,1.9781154677759183,0.0,0.0,0.0,0.0,0.0,0.0
3,195,10.44362769176165,12.0,0.0,0.0,1.0,1.0,0.0,1.0
4,195,4.972118619687385,9.036300397773164,0.0,0.0,0.0,0.0,1.0,1.0
5,195,1.74305075051053,12.0,0.0,0.0,0.0,0.0,0.0,0.0
6,195,11.897171740150224,2.71217653616346,1.0,0.0,0.0,0.0,0.0,0.0
7,195,3.961605967332635,10.13918457099686,0.0,0.0,0.0,1.0,0.0,0.0
8,195,11.985593434760723,11.892591881986403,0.0,0.0,0.0,0.0,0.0,0.0
9,195,2.965266283345489,12.0,0.0,1.0,1.0,1.0,0.0,1.0
10,195,3.27485565218906,1.9477067411124709,0.0,0.0,0.0,0.0,0.0,1.0
11,195,0.2595454144243105,4.933107087692756,1.0,1.0,0.0,1.0,0.0,1.0
12,195,7.325896518125125,11.966309874044525,1.0,1.0,1.0,1.0,1.0,0.0
13,195,6.770221213406779,12.0,0.0,0.0,0.0,0.0,0.0,0.0
14,195,9.501684205526232,0.1159694560398853,1.0,1.0,1.0,1.0,0.0,0.0
15,195,8.879787218824708,7.942911452464624,1.0,0.0,0.0,0.0,0.0,0.0
16,195,6.824466626381836,6.5581681740319455,0.0,0.0,1.0,0.0,0.0,1.0
17,195,0.0,9.261618047761022,0.0,1.0,0.0,1.0,0.0,0.0
18,195,9.733696939697012,5.427473562666027,1.0,1.0,0.0,1.0,0.0,1.0
19,195,0.0,11.950206144391329,0.0,0.0,0.0,0.0,0.0,1.0
0,200,6.050295694698815,6.413277765931174,1.0,0.0,1.0,1.0,1.0,0.0
1,200,10.494729758328766,10.054760073065715,0.0,0.0,1.0,0.0,0.0,1.0
2,200,11.995724515165138,1.976038069884911,0.0,0.0,0.0,0.0,0.0,0.0
3,200,10.520649316716344,12.0,0.0,0.0,1.0,1.0,0.0,1.0
4,200,4.961579850909248,9.06802314663383,0.0,0.0,0.0,0.0,1.0,1.0
5,200,1.7285343221124725,12.0,0.0,0.0,0.0,0.0,0.0,0.0
6,200,11.984377114853784,2.609198508934852,1.0,0.0,0.0,0.0,0.0,0.0
7,200,3.9723627219126647,10.140175285373136,0.0,0.0,0.0,1.0,0.0,0.0
8,200,11.985893020773386,11.89102587796901,0.0,0.0,0.0,0.0,0.0,0.0
9,200,2.9964226368028912,12.0,0.0,1.0,1.0,1.0,0.0,1.0
10,200,3.1871836154233875,1.8602669480941263,0.0,0.0,0.0,0.0,0.0,1.0
11,200,0.2553212560005389,4.872988632765083,1.0,1.0,0.0,1.0,0.0,1.0
12,200,7.375689844278561,11.97226998843698,1.0,1.0,1.0,1.0,1.0,0.0
13,200,6.838949113835574,12.0,0.0,0.0,0.0,0.0,0.0,0.0
14,200,9.591076493565634,0.1705950875444266,1.0,1.0,1.0,1.0,0.0,0.0
15,200,8.797671541823702,8.065453110580528,1.0,0.0,0.0,0.0,0.0,0.0
16,200,6.949464258974535,6.634072556240512,0.0,0.0,1.0,0.0,0.0,1.0
17,200,0.0,9.294798736184584,0.0,1.0,0.0,1.0,0.0,0.0
18,200,9.748041687801384,5.431138027915658,1.0,1.0,0.0,1.0,0.0,1.0
19,200,0.0,11.955105490004955,0.0,0.0,0.0,0.0,0.0,1.0
0,205,6.051302072995398,6.418575955005349,1.0,0.0,1.0,1.0,1.0,0.0
1,205,10.385604521101053,10.069001639558916,0.0,0.0,1.0,0.0,0.0,1.0
2,205,11.9744227036765,1.965748232941504,0.0,0.0,0.0,0.0,0.0,0.0
3,205,10.618557128787886,12.0,0.0,0.0,1.0,1.0,0.0,1.0
4,205,4.947603728063,9.109882947213023,0.0,0.0,0.0,0.0,1.0,1.0
5,205,1.7175423389634226,12.0,0.0,0.0,0.0,0.0,0.0,0.0
6,205,12.0,2.499763272082095,1.0,0.0,0.0,0.0,0.0,0.0
7,205,3.991456157105248,10.141661802229413,0.0,0.0,0.0,1.0,0.0,0.0
8,205,11.987376938840711,11.883186048206566,0.0,0.0,0.0,0.0,0.0,0.0
9,205,3.024402301308299,12.0,0.0,1.0,1.0,1.0,0.0,1.0
10,205,3.08249048368981,1.752858719034747,0.0,0.0,0.0,0.0,0.0,1.0
11,205,0.2503972870907339,4.808580004938344,1.0,1.0,0.0,1.0,0.0,1.0
12,205,7.4082067003146035,11.975824477099415,1.0,1.0,1.0,1.0,1.0,0.0
13,205,6.893768598184612,12.0,0.0,0.0,0.0,0.0,0.0,0.0
14,205,9.677527086705686,0.2226040302612469,1.0,1.0,1.0,1.0,0.0,0.0
15,205,8.725358438192675,8.173341750736885,1.0,0.0,0.0,0.0,0.0,0.0
16,205,7.053255961115413,6.698580775937142,0.0,0.0,1.0,0.0,0.0,1.0
17,205,0.0,9.332703381471903,0.0,1.0,0.0,1.0,0.0,0.0
18,205,9.73821710055476,5.428672751827275,1.0,1.0,0.0,1.0,0.0,1.0
19,205,0.0,11.957622599139802,0.0,0.0,0.0,0.0,0.0,1.0
0,210,6.051770795796757,6.42063939768236,1.0,0.0,1.0,1.0,1.0,0.0
1,210,10.297331041231343,10.078760405565005,0.0,0.0,1.0,0.0,0.0,1.0
2,210,11.963517847902692,1.960291430970248,0.0,0.0,0.0,0.0,0.0,0.0
3,210,10.710160492528654,12.0,0.0,0.0,1.0,1.0,0.0,1.0
4,210,4.927299991950662,9.17589783758604,0.0,0.0,0.0,0.0,1.0,1.0
5,210,1.7822197015060313,12.0,0.0,0.0,0.0,0.0,0.0,0.0
6,210,12.0,2.3890368456239317,1.0,0.0,0.0,0.0,0.0,0.0
7,210,4.016377999499153,10.14300811648092,0.0,0.0,0.0,1.0,0.0,0.0
8,210,11.99079258310164,11.860153885882443,0.0,0.0,0.0,0.0,0.0,0.0
9,210,3.0442146182333243,12.0,0.0,1.0,1.0,1.0,0.0,1.0
10,210,2.958592861607033,1.624868139450705,0.0,0.0,0.0,0.0,0.0,1.0
11,210,0.2479280462018992,4.754809202408314,1.0,1.0,0.0,1.0,0.0,1.0
12,210,7.458800095385563,11.980804189251932,1.0,1.0,1.0,1.0,1.0,0.0
13,210,6.93788551360157,12.0,0.0,0.0,0.0,0.0,0.0,0.0
14,210,9.771153377384245,0.2798881832386273,1.0,1.0,1.0,1.0,0.0,0.0
15,210,8.647551742898115,8.290037870505879,1.0,0.0,0.0,0.0,0.0,0.0
16,210,7.151474740799778,6.758455115407844,0.0,0.0,1.0,0.0,0.0,1.0
17,210,0.0,9.3778044580843,0.0,1.0,0.0,1.0,0.0,0.0
18,210,9.72723392780359,5.42591190758095,1.0,1.0,0.0,1.0,0.0,1.0
19,210,0.0,11.958431904153414,0.0,0.0,0.0,0.0,0.0,1.0
0,215,6.055356782094394,6.435199656050123,1.0,0.0,1.0,1.0,1.0,0.0
1,215,10.228418520048969,10.084637995306878,0.0,0.0,1.0,0.0,0.0,1.0
2,215,11.943986038716774,1.9504702485865997,0.0,0.0,0.0,0.0,0.0,0.0
3,215,10.817150938406604,12.0,0.0,0.0,1.0,1.0,0.0,1.0
4,215,4.905413916966437,9.240871253405588,0.0,0.0,0.0,0.0,1.0,1.0
5,215,1.8230250683746063,12.0,0.0,0.0,0.0,0.0,0.0,0.0
6,215,12.0,2.272090196048853,1.0,0.0,0.0,0.0,0.0,0.0
7,215,4.043220141653594,10.144555755901877,0.0,0.0,0.0,1.0,0.0,0.0
8,215,11.993452446283571,11.834043279410135,0.0,0.0,0.0,0.0,0.0,0.0
9,215,3.057209414355908,12.0,0.0,1.0,1.0,1.0,0.0,1.0
10,215,2.822213243272007,1.4903271927348178,0.0,0.0,0.0,0.0,0.0,1.0
11,215,0.2447503217558668,4.708893334769528,1.0,1.0,0.0,1.0,0.0,1.0
12,215,7.521434049108375,11.98551171581563,1.0,1.0,1.0,1.0,1.0,0.0
13,215,6.992439658398386,12.0,0.0,0.0,0.0,0.0,0.0,0.0
14,215,9.849645025861768,0.3272440730736288,1.0,1.0,1.0,1.0,0.0,0.0
15,215,8.581279860205871,8.390785284176548,1.0,0.0,0.0,0.0,0.0,0.0
16,215,7.236534718971186,6.808752887363565,0.0,0.0,1.0,0.0,0.0,1.0
17,215,0.0,9.426093438063145,0.0,1.0,0.0,1.0,0.0,0.0
18,215,9.711493952339048,5.422260672204751,1.0,1.0,0.0,1.0,0.0,1.0
19,215,0.0,11.959386447385628,0.0,0.0,0.0,0.0,0.0,1.0
0,220,6.057253023745344,6.4430447458278,1.0,0.0,1.0,1.0,1.0,0.0
1,220,10.16855715521154,10.090359481832415,0.0,0.0,1.0,0.0,0.0,1.0
2,220,11.915882611194045,1.937385603214319,0.0,0.0,0.0,0.0,0.0,0.0
3,220,10.934023456429614,12.0,0.0,0.0,1.0,1.0,0.0,1.0
4,220,4.88885449445477,9.295789892052635,0.0,0.0,0.0,0.0,1.0,1.0
5,220,1.815051378952716,12.0,0.0,0.0,0.0,0.0,0.0,0.0
6,220,12.0,2.1405015014342044,1.0,0.0,0.0,0.0,0.0,0.0
7,220,4.063453554632819,10.146266407092693,0.0,0.0,0.0,1.0,0.0,0.0
8,220,11.995069791068552,11.821414864807288,0.0,0.0,0.0,0.0,0.0,0.0
9,220,3.067085182844254,12.0,0.0,1.0,1.0,1.0,0.0,1.0
10,220,2.687298403422617,1.3537183474039294,0.0,0.0,0.0,0.0,0.0,1.0
11,220,0.2407968185309951,4.660797678509527,1.0,1.0,0.0,1.0,0.0,1.0
12,220,7.595656264246893,11.989538306020764,1.0,1.0,1.0,1.0,1.0,0.0
13,220,7.041177153681396,12.0,0.0,0.0,0.0,0.0,0.0,0.0
14,220,9.928728072993758,0.3763897819070779,1.0,1.0,1.0,1.0,0.0,0.0
15,220,8.51038090317365,8.500519256456352,1.0,0.0,0.0,0.0,0.0,0.0
16,220,7.331254944164147,6.8670391663166015,0.0,0.0,1.0,0.0,0.0,1.0
17,220,0.0,9.478668400706905,0.0,1.0,0.0,1.0,0.0,0.0
18,220,9.711432595864656,5.42224667876338,1.0,1.0,0.0,1.0,0.0,1.0
19,220,0.0,11.963191253814196,0.0,0.0,0.0,0.0,0.0,1.0
0,225,6.057278367255576,6.44314562659965,1.0,0.0,1.0,1.0,1.0,0.0
1,225,10.122719845118633,10.095322217964153,0.0,0.0,1.0,0.0,0.0,1.0
2,225,11.902407890165978,1.931184256687356,0.0,0.0,0.0,0.0,0.0,0.0
3,225,11.034615264081662,12.0,0.0,0.0,1.0,1.0,0.0,1.0
4,225,4.87265406576641,9.34908445648743,0.0,0.0,0.0,0.0,1.0,1.0
5,225,1.8064831377624144,12.0,0.0,0.0,0.0,0.0,0.0,0.0
6,225,12.0,1.999573471244388,1.0,0.0,0.0,0.0,0.0,0.0
7,225,4.088941802361521,10.14920977294895,0.0,0.0,0.0,1.0,0.0,0.0
8,225,11.999855634106774,11.788460734885849,0.0,0.0,0.0,0.0,0.0,0.0
9,225,3.071627365229286,12.0,0.0,1.0,1.0,1.0,0.0,1.0
10,225,2.5760716756005224,1.2365345311639273,0.0,0.0,0.0,0.0,0.0,1.0
11,225,0.2355848242231342,4.605612315003455,1.0,1.0,0.0,1.0,0.0,1.0
12,225,7.682800191507831,11.99314835220084,1.0,1.0,1.0,1.0,1.0,0.0
13,225,7.115722122217703,12.0,0.0,0.0,0.0,0.0,0.0,0.0
14,225,10.010365174591152,0.4291400890860608,1.0,1.0,1.0,1.0,0.0,0.0
15,225,8.436582708423257,8.615744032117815,1.0,0.0,0.0,0.0,0.0,0.0
16,225,7.43118203990567,6.930840187846508,0.0,0.0,1.0,0.0,0.0,1.0
17,225,0.0,9.530864291249353,0.0,1.0,0.0,1.0,0.0,0.0
18,225,9.722989109104272,5.425287996134795,1.0,1.0,0.0,1.0,0.0,1.0
19,225,0.0,11.966932739831572,0.0,0.0,0.0,0.0,0.0,1.0
0,230,6.0578625765973815,6.445425014620896,1.0,0.0,1.0,1.0,1.0,0.0
1,230,10.087961823941251,10.099618316549446,0.0,0.0,1.0,0.0,0.0,1.0
2,230,11.918133045328725,1.9382097052339036,0.0,0.0,0.0,0.0,0.0,0.0
3,230,11.151607901435945,12.0,0.0,0.0,1.0,1.0,0.0,1.0
4,230,4.85327664860537,9.414332272915136,0.0,0.0,0.0,0.0,1.0,1.0
5,230,1.7969022443416367,12.0,0.0,0.0,0.0,0.0,0.0,0.0
6,230,12.0,1.868972672331924,1.0,0.0,0.0,0.0,0.0,0.0
7,230,4.097160486997279,10.150085773856798,0.0,0.0,0.0,1.0,0.0,0.0
8,230,12.0,11.768584247081836,0.0,0.0,0.0,0.0,0.0,0.0
9,230,3.0768629606352227,12.0,0.0,1.0,1.0,1.0,0.0,1.0
10,230,2.479572206682304,1.1299373546140423,0.0,0.0,0.0,0.0,0.0,1.0
11,230,0.2327992460553384,4.572399542051641,1.0,1.0,0.0,1.0,0.0,1.0
12,230,7.759821432946702,11.996706088655753,1.0,1.0,1.0,1.0,1.0,0.0
13,230,7.180329738381052,12.0,0.0,0.0,0.0,0.0,0.0,0.0
14,230,10.07431287791241,0.4697226885507282,1.0,1.0,1.0,1.0,0.0,0.0
15,230,8.353086491013277,8.73974466794162,1.0,0.0,0.0,0.0,0.0,0.0
16,230,7.527314941800607,6.993180438941338,0.0,0.0,1.0,0.0,0.0,1.0
17,230,0.0,9.584537899851554,0.0,1.0,0.0,1.0,0.0,0.0
18,230,9.735351631633018,5.428501119984272,1.0,1.0,0.0,1.0,0.0,1.0
19,230,0.0,11.969865360956852,0.0,0.0,0.0,0.0,0.0,1.0
0,235,6.056383885525457,6.439601484841203,1.0,0.0,1.0,1.0,1.0,0.0
1,235,10.060812142856992,10.103837625914837,0.0,0.0,1.0,0.0,0.0,1.0
2,235,11.952466581391525,1.9535942995856568,0.0,0.0,0.0,0.0,0.0,0.0
3,235,11.266033225780133,12.0,0.0,0.0,1.0,1.0,0.0,1.0
4,235,4.831230762619062,9.491115332904355,0.0,0.0,0.0,0.0,1.0,1.0
5,235,1.7914912125963376,12.0,0.0,0.0,0.0,0.0,0.0,0.0
6,235,12.0,1.7298078780739916,1.0,0.0,0.0,0.0,0.0,0.0
7,235,4.085708481958464,10.148824697471165,0.0,0.0,0.0,1.0,0.0,0.0
8,235,12.0,11.718213129174606,0.0,0.0,0.0,0.0,0.0,0.0
9,235,3.0822544600207955,11.997553898184073,0.0,1.0,1.0,1.0,0.0,1.0
10,235,2.3784648250937965,1.0224681962218791,0.0,0.0,0.0,0.0,0.0,1.0
11,235,0.2273651289237299,4.5071584368704976,1.0,1.0,0.0,1.0,0.0,1.0
12,235,7.84386534241254,12.0,1.0,1.0,1.0,1.0,1.0,0.0
13,235,7.225960940604774,12.0,0.0,0.0,0.0,0.0,0.0,0.0
14,235,10.138522313982408,0.5116946951978515,1.0,1.0,1.0,1.0,0.0,0.0
15,235,8.277951644800552,8.850966034284925,1.0,0.0,0.0,0.0,0.0,0.0
16,235,7.600702164394864,7.044158213487632,0.0,0.0,1.0,0.0,0.0,1.0
17,235,0.0,9.629968114762116,0.0,1.0,0.0,1.0,0.0,0.0
18,235,9.765177213321802,5.435569773558311,1.0,1.0,0.0,1.0,0.0,1.0
19,235,0.0121852726075877,11.96844739893892,0.0,0.0,0.0,0.0,0.0,1.0
0,240,6.052510686302357,6.422339374689614,1.0,0.0,1.0,1.0,1.0,0.0
1,240,10.012606197286283,10.110639272939563,0.0,0.0,1.0,0.0,0.0,1.0
2,240,11.98169159981621,1.967431410155874,0.0,0.0,0.0,0.0,0.0,0.0
3,240,11.391713642180708,12.0,0.0,0.0,1.0,1.0,0.0,1.0
4,240,4.809266666600632,9.570074826112672,0.0,0.0,0.0,0.0,1.0,1.0
5,240,1.7853659873763774,12.0,0.0,0.0,0.0,0.0,0.0,0.0
6,240,12.0,1.590317257598593,1.0,0.0,0.0,0.0,0.0,0.0
7,240,4.044788004326327,10.14464877420971,0.0,0.0,0.0,1.0,0.0,0.0
8,240,12.0,11.674254658726868,0.0,0.0,0.0,0.0,0.0,0.0
9,240,3.0870008974308862,11.99543324281983,0.0,1.0,1.0,1.0,0.0,1.0
10,240,2.264119456377584,0.8996915570989079,0.0,0.0,0.0,0.0,0.0,1.0
11,240,0.2232453446466488,4.4354634101294055,1.0,1.0,0.0,1.0,0.0,1.0
12,240,7.930336378477618,12.0,1.0,1.0,1.0,1.0,1.0,0.0
13,240,7.263491178624215,12.0,0.0,0.0,0.0,0.0,0.0,0.0
14,240,10.199593749830688,0.5551428142931114,1.0,1.0,1.0,1.0,0.0,0.0
15,240,8.387616308108873,8.928841236713687,1.0,0.0,0.0,0.0,0.0,0.0
16,240,7.667289146202753,7.092841415834433,0.0,0.0,1.0,0.0,0.0,1.0
17,240,0.0,9.671069576511792,0.0,1.0,0.0,1.0,0.0,0.0
18,240,9.79120197864974,5.441665683965794,1.0,1.0,0.0,1.0,0.0,1.0
19,240,0.0175307757351531,11.96795861632827,0.0,0.0,0.0,0.0,0.0,1.0
0,245,6.048774219997747,6.404588797513619,1.0,0.0,1.0,1.0,1.0,0.0
1,245,9.967543066728137,10.119133163698203,0.0,0.0,1.0,0.0,0.0,1.0
2,245,12.0,1.9811798383539092,0.0,0.0,0.0,0.0,0.0,0.0
3,245,11.524757517016914,12.0,0.0,0.0,1.0,1.0,0.0,1.0
4,245,4.786518529424243,9.645527017418072,0.0,0.0,0.0,0.0,1.0,1.0
5,245,1.7799865519950444,12.0,0.0,0.0,0.0,0.0,0.0,0.0
6,245,12.0,1.452294919149831,1.0,0.0,0.0,0.0,0.0,0.0
7,245,4.021857147023559,10.142036425124356,0.0,0.0,0.0,1.0,0.0,0.0
8,245,12.0,11.625388425297174,0.0,0.0,0.0,0.0,0.0,0.0
9,245,3.096989242974898,11.99088688579168,0.0,1.0,1.0,1.0,0.0,1.0
10,245,2.128676059171481,0.7487624408245974,0.0,0.0,0.0,0.0,0.0,1.0
11,245,0.2190800010612532,4.348887775848168,1.0,1.0,0.0,1.0,0.0,1.0
12,245,8.03315923118002,12.0,1.0,1.0,1.0,1.0,1.0,0.0
13,245,7.292517317526805,12.0,0.0,0.0,0.0,0.0,0.0,0.0
14,245,10.268501749125692,0.6016778483183663,1.0,1.0,1.0,1.0,0.0,0.0
15,245,8.515347043702471,9.013286651355862,1.0,0.0,0.0,0.0,0.0,0.0
16,245,7.732969215294813,7.143027527719961,0.0,0.0,1.0,0.0,0.0,1.0
17,245,0.0,9.715437390120874,0.0,1.0,0.0,1.0,0.0,0.0
18,245,9.7940916784686,5.4281126702241975,1.0,1.0,0.0,1.0,0.0,1.0
19,245,0.0369732591178856,11.966187781000349,0.0,0.0,0.0,0.0,0.0,1.0
0,250,6.042119393701357,6.371586501364267,1.0,0.0,1.0,1.0,1.0,0.0
1,250,9.907621600101349,10.13077924318264,0.0,0.0,1.0,0.0,0.0,1.0
2,250,12.0,1.995752735180611,0.0,0.0,0.0,0.0,0.0,0.0
3,250,11.662663035957085,12.0,0.0,0.0,1.0,1.0,0.0,1.0
4,250,4.761621705755372,9.732438365789465,0.0,0.0,0.0,0.0,1.0,1.0
5,250,1.7735971251934612,12.0,0.0,0.0,0.0,0.0,0.0,0.0
6,250,12.0,1.3257667659386052,1.0,0.0,0.0,0.0,0.0,0.0
7,250,3.9772056057675416,10.136378854071124,0.0,0.0,0.0,1.0,0.0,0.0
8,250,12.0,11.580558697676194,0.0,0.0,0.0,0.0,0.0,0.0
9,250,3.1136415235914705,11.983402842644,0.0,1.0,1.0,1.0,0.0,1.0
10,250,1.9882138526719044,0.6015428524985961,0.0,0.0,0.0,0.0,0.0,1.0
11,250,0.2170655501516907,4.2815209346493885,1.0,1.0,0.0,1.0,0.0,1.0
12,250,8.131770569164994,12.0,1.0,1.0,1.0,1.0,1.0,0.0
13,250,7.301400590450679,12.0,0.0,0.0,0.0,0.0,0.0,0.0
14,250,10.3453889703938,0.6576853965844756,1.0,1.0,1.0,1.0,0.0,0.0
15,250,8.633126874925056,9.094418698696629,1.0,0.0,0.0,0.0,0.0,0.0
16,250,7.792972094917933,7.18756201073479,0.0,0.0,1.0,0.0,0.0,1.0
17,250,0.0,9.751541151496982,0.0,1.0,0.0,1.0,0.0,0.0
18,250,9.791251952747103,5.441328715294287,1.0,1.0,0.0,1.0,0.0,1.0
19,250,0.0311777549440276,11.966824110273086,0.0,0.0,0.0,0.0,0.0,1.0
0,255,6.037644242923303,6.34983624267716,1.0,0.0,1.0,1.0,1.0,0.0
1,255,9.84397171546043,10.143732575017806,0.0,0.0,1.0,0.0,0.0,1.0
2,255,12.0,2.012388664851806,0.0,0.0,0.0,0.0,0.0,0.0
3,255,11.790761657182912,12.0,0.0,0.0,1.0,1.0,0.0,1.0
4,255,4.74160819875278,9.806069535691046,0.0,0.0,0.0,0.0,1.0,1.0
5,255,1.7688340979162749,12.0,0.0,0.0,0.0,0.0,0.0,0.0
6,255,12.0,1.1964303113736137,1.0,0.0,0.0,0.0,0.0,0.0
7,255,3.939284036449108,10.13139122138895,0.0,0.0,0.0,1.0,0.0,0.0
8,255,12.0,11.596252480815574,0.0,0.0,0.0,0.0,0.0,0.0
9,255,3.1110472721396727,11.984493392716535,0.0,1.0,1.0,1.0,0.0,1.0
10,255,1.8457427348413795,0.4564424560624543,0.0,0.0,0.0,0.0,0.0,1.0
11,255,0.215471087204534,4.210561943729501,1.0,1.0,0.0,1.0,0.0,1.0
12,255,8.226528465586773,11.999803601319888,1.0,1.0,1.0,1.0,1.0,0.0
13,255,7.302481152494922,12.0,0.0,0.0,0.0,0.0,0.0,0.0
14,255,10.41386403210724,0.7062499384475848,1.0,1.0,1.0,1.0,0.0,0.0
15,255,8.75785625262933,9.18262184455597,1.0,0.0,0.0,0.0,0.0,0.0
16,255,7.852314557953193,7.231260236610328,0.0,0.0,1.0,0.0,0.0,1.0
17,255,0.0,9.784418362093197,0.0,1.0,0.0,1.0,0.0,0.0
18,255,9.783897924422774,5.470960338070059,1.0,1.0,0.0,1.0,0.0,1.0
19,255,0.0393218399693298,11.965828251770375,0.0,0.0,0.0,0.0,0.0,1.0
0,260,6.032139903349827,6.32404489244388,1.0,0.0,1.0,1.0,1.0,0.0
1,260,9.777550991797597,10.158679989655344,0.0,0.0,1.0,0.0,0.0,1.0
2,260,12.0,2.039188798351627,0.0,0.0,0.0,0.0,0.0,0.0
3,260,11.897877399072446,12.0,0.0,0.0,1.0,1.0,0.0,1.0
4,260,4.717860524885071,9.886592549993992,0.0,0.0,0.0,0.0,1.0,1.0
5,260,1.7660869594593085,12.0,0.0,0.0,0.0,0.0,0.0,0.0
6,260,12.0,1.0639005099021202,1.0,0.0,0.0,0.0,0.0,0.0
7,260,3.902941750389446,10.126403681743646,0.0,0.0,0.0,1.0,0.0,0.0
8,260,12.0,11.616878809767655,0.0,0.0,0.0,0.0,0.0,0.0
9,260,3.089438986743017,11.994723350207352,0.0,1.0,1.0,1.0,0.0,1.0
10,260,1.7218035002401748,0.3321824487876507,0.0,0.0,0.0,0.0,0.0,1.0
11,260,0.2136485889381268,4.134168467810215,1.0,1.0,0.0,1.0,0.0,1.0
12,260,8.311922406818148,12.0,1.0,1.0,1.0,1.0,1.0,0.0
13,260,7.301591666838242,11.999588799578056,0.0,0.0,0.0,0.0,0.0,0.0
14,260,10.481915545244954,0.7547327720774064,1.0,1.0,1.0,1.0,0.0,0.0
15,260,8.890334967549133,9.277035519615737,1.0,0.0,0.0,0.0,0.0,0.0
16,260,7.908632544027037,7.270969420060126,0.0,0.0,1.0,0.0,0.0,1.0
17,260,0.0,9.813561324429816,0.0,1.0,0.0,1.0,0.0,0.0
18,260,9.777994808040551,5.493370602262369,1.0,1.0,0.0,1.0,0.0,1.0
19,260,0.0253590350559907,11.967407042394468,0.0,0.0,0.0,0.0,0.0,1.0
0,265,6.027549084214115,6.303424703046332,1.0,0.0,1.0,1.0,1.0,0.0
1,265,9.722567143543907,10.170763089196836,0.0,0.0,1.0,0.0,0.0,1.0
2,265,12.0,2.0595489589168743,0.0,0.0,0.0,0.0,0.0,0.0
3,265,12.0,12.0,0.0,0.0,1.0,1.0,0.0,1.0
4,265,4.687652955092364,9.98085958726366,0.0,0.0,0.0,0.0,1.0,1.0
5,265,1.7662162224481126,11.99952333196804,0.0,0.0,0.0,0.0,0.0,0.0
6,265,12.0,0.9469792474946408,1.0,0.0,0.0,0.0,0.0,0.0
7,265,3.894514760625969,10.125255888969606,0.0,0.0,0.0,1.0,0.0,0.0
8,265,12.0,11.639503779840808,0.0,0.0,0.0,0.0,0.0,0.0
9,265,3.080378288434822,11.998812759048617,0.0,1.0,1.0,1.0,0.0,1.0
10,265,1.5917744767689026,0.1996485929443858,0.0,0.0,0.0,0.0,0.0,1.0
11,265,0.2110430442888633,4.042785288827036,1.0,1.0,0.0,1.0,0.0,1.0
12,265,8.385110346123128,12.0,1.0,1.0,1.0,1.0,1.0,0.0
13,265,7.290355229061328,11.994352686729382,0.0,0.0,0.0,0.0,0.0,0.0
14,265,10.530409927715764,0.7907282040288686,1.0,1.0,1.0,1.0,0.0,0.0
15,265,9.022868230645948,9.3745671633288,1.0,0.0,0.0,0.0,0.0,0.0
16,265,7.983983682310733,7.325391997073062,0.0,0.0,1.0,0.0,0.0,1.0
17,265,0.0,9.842370263078664,0.0,1.0,0.0,1.0,0.0,0.0
18,265,9.778255268409929,5.492440669785598,1.0,1.0,0.0,1.0,0.0,1.0
19,265,0.0,11.970755617274056,0.0,0.0,0.0,0.0,0.0,1.0
0,270,6.025255836553513,6.294531945697874,1.0,0.0,1.0,1.0,1.0,0.0
1,270,9.676242942937,10.18071852087584,0.0,0.0,1.0,0.0,0.0,1.0
2,270,12.0,2.077753247497486,0.0,0.0,0.0,0.0,0.0,0.0
3,270,12.0,12.0,0.0,0.0,1.0,1.0,0.0,1.0
4,270,4.654669316967783,10.084966447275995,0.0,0.0,0.0,0.0,1.0,1.0
5,270,1.770571392947281,11.981865389912832,0.0,0.0,0.0,0.0,0.0,0.0
6,270,12.0,0.8347450047713425,1.0,0.0,0.0,0.0,0.0,0.0
7,270,3.910919715808366,10.127401307301009,0.0,0.0,0.0,1.0,0.0,0.0
8,270,12.0,11.664976329223547,0.0,0.0,0.0,0.0,0.0,0.0
9,270,3.078380132651336,11.99970023290846,0.0,1.0,1.0,1.0,0.0,1.0
10,270,1.4622053362203011,0.0712783426698012,0.0,0.0,0.0,0.0,0.0,1.0
11,270,0.2089620828219809,3.962666865711651,1.0,1.0,0.0,1.0,0.0,1.0
12,270,8.476484103687948,12.0,1.0,1.0,1.0,1.0,1.0,0.0
13,270,7.282013403695071,11.99056987272446,0.0,0.0,0.0,0.0,0.0,0.0
14,270,10.578102730855298,0.8271286003845324,1.0,1.0,1.0,1.0,0.0,0.0
15,270,9.140402047826168,9.467494909449348,1.0,0.0,0.0,0.0,0.0,0.0
16,270,8.07734207057342,7.397622738563728,0.0,0.0,1.0,0.0,0.0,1.0
17,270,0.0,9.879426025248112,0.0,1.0,0.0,1.0,0.0,0.0
18,270,9.78176139321966,5.479256194770717,1.0,1.0,0.0,1.0,0.0,1.0
19,270,0.0,11.972921629397934,0.0,0.0,0.0,0.0,0.0,1.0
0,275,6.026368387700583,6.29894568762225,1.0,0.0,1.0,1.0,1.0,0.0
1,275,9.635979346163897,10.189433367306004,0.0,0.0,1.0,0.0,0.0,1.0
2,275,12.0,2.034896718589469,0.0,0.0,0.0,0.0,0.0,0.0
3,275,12.0,12.0,0.0,0.0,1.0,1.0,0.0,1.0
4,275,4.62277991413054,10.196055207104406,0.0,0.0,0.0,0.0,1.0,1.0
5,275,1.7749519434875891,11.965496249880168,0.0,0.0,0.0,0.0,0.0,0.0
6,275,12.0,0.7138740624533064,1.0,0.0,0.0,0.0,0.0,0.0
7,275,3.931293619698735,10.129862221550392,0.0,0.0,0.0,1.0,0.0,0.0
8,275,12.0,11.693878894806954,0.0,0.0,0.0,0.0,0.0,0.0
9,275,3.0683066271873463,12.0,0.0,1.0,1.0,1.0,0.0,1.0
10,275,1.3202127125676053,0.0,0.0,0.0,0.0,0.0,0.0,1.0
11,275,0.2043456182164689,3.879526975378498,1.0,1.0,0.0,1.0,0.0,1.0
12,275,8.478631901714238,11.894411343832903,1.0,1.0,1.0,1.0,1.0,0.0
13,275,7.249169303840489,11.976535473455089,0.0,0.0,0.0,0.0,0.0,0.0
14,275,10.623786056429912,0.8605515130492993,1.0,1.0,1.0,1.0,0.0,0.0
15,275,9.252970871702663,9.552808547137646,1.0,0.0,0.0,0.0,0.0,0.0
16,275,8.15617507144077,7.456772501543034,0.0,0.0,1.0,0.0,0.0,1.0
17,275,0.0,9.91815660367911,0.0,1.0,0.0,1.0,0.0,0.0
18,275,9.78391562861782,5.471194891692205,1.0,1.0,0.0,1.0,0.0,1.0
19,275,0.0,11.977125500237628,0.0,0.0,0.0,0.0,0.0,1.0
0,280,6.028577981492453,6.308722127155019,1.0,0.0,1.0,1.0,1.0,0.0
1,280,9.612093866765756,10.19380777177014,0.0,0.0,1.0,0.0,0.0,1.0
2,280,12.0,2.0064169555465545,0.0,0.0,0.0,0.0,0.0,0.0
3,280,12.0,12.0,0.0,0.0,1.0,1.0,0.0,1.0
4,280,4.588530740783008,10.308176287752614,0.0,0.0,0.0,0.0,1.0,1.0
5,280,1.7731656067049852,11.972080397615915,0.0,0.0,0.0,0.0,0.0,0.0
6,280,12.0,0.5706858971346842,1.0,0.0,0.0,0.0,0.0,0.0
7,280,3.957899681472741,10.13355748615883,0.0,0.0,0.0,1.0,0.0,0.0
8,280,12.0,11.716716806189355,0.0,0.0,0.0,0.0,0.0,0.0
9,280,3.051733503391981,12.0,0.0,1.0,1.0,1.0,0.0,1.0
10,280,1.1949595424186006,0.0,0.0,0.0,0.0,0.0,0.0,1.0
11,280,0.1981215841964051,3.775171324924304,1.0,1.0,0.0,1.0,0.0,1.0
12,280,8.483482576616092,11.782362422428594,1.0,1.0,1.0,1.0,1.0,0.0
13,280,7.208534564293163,11.958467982717044,0.0,0.0,0.0,0.0,0.0,0.0
14,280,10.662465713561486,0.889499192504727,1.0,1.0,1.0,1.0,0.0,0.0
15,280,9.377781103262006,9.647037444948865,1.0,0.0,0.0,0.0,0.0,0.0
16,280,8.238366639219244,7.52116746574063,0.0,0.0,1.0,0.0,0.0,1.0
17,280,0.0,9.954244045695892,0.0,1.0,0.0,1.0,0.0,0.0
18,280,9.79181205652465,5.44242358988894,1.0,1.0,0.0,1.0,0.0,1.0
19,280,0.0,11.982392366718454,0.0,0.0,0.0,0.0,0.0,1.0
0,285,6.025047813660173,6.293528387692525,1.0,0.0,1.0,1.0,1.0,0.0
1,285,9.593655298243409,10.197272514286762,0.0,0.0,1.0,0.0,0.0,1.0
2,285,12.0,1.9728546517379515,0.0,0.0,0.0,0.0,0.0,0.0
3,285,12.0,12.0,0.0,0.0,1.0,1.0,0.0,1.0
4,285,4.552366695181447,10.429358503380508,0.0,0.0,0.0,0.0,1.0,1.0
5,285,1.7694162149971857,11.98623289688456,0.0,0.0,0.0,0.0,0.0,0.0
6,285,12.0,0.4335752517462897,1.0,0.0,0.0,0.0,0.0,0.0
7,285,3.9838202213333376,10.138033847117198,0.0,0.0,0.0,1.0,0.0,0.0
8,285,12.0,11.736752342502474,0.0,0.0,0.0,0.0,0.0,0.0
9,285,3.037202705834809,12.0,0.0,1.0,1.0,1.0,0.0,1.0
10,285,1.076873710152073,0.0,0.0,0.0,0.0,0.0,0.0,1.0
11,285,0.188643756291986,3.6755810603944,1.0,1.0,0.0,1.0,0.0,1.0
12,285,8.486836661274861,11.678361703376432,1.0,1.0,1.0,1.0,1.0,0.0
13,285,7.162770358105619,11.938910802032892,0.0,0.0,0.0,0.0,0.0,0.0
14,285,10.69666288582892,0.9141261354630952,1.0,1.0,1.0,1.0,0.0,0.0
15,285,9.499122263008069,9.737075686643772,1.0,0.0,0.0,0.0,0.0,0.0
16,285,8.301188595498365,7.569799325619845,0.0,0.0,1.0,0.0,0.0,1.0
17,285,0.0,9.988529555587556,0.0,1.0,0.0,1.0,0.0,0.0
18,285,9.79860962426815,5.417448496038262,1.0,1.0,0.0,1.0,0.0,1.0
19,285,0.0,11.986898308685465,0.0,0.0,0.0,0.0,0.0,1.0
0,290,6.018074946526571,6.259393626009812,1.0,0.0,1.0,1.0,1.0,0.0
1,290,9.566205933022562,10.20287359420906,0.0,0.0,1.0,0.0,0.0,1.0
2,290,12.0,1.9358719686474133,0.0,0.0,0.0,0.0,0.0,0.0
3,290,12.0,12.0,0.0,0.0,1.0,1.0,0.0,1.0
4,290,4.52152448080885,10.544531600744282,0.0,0.0,0.0,0.0,1.0,1.0
5,290,1.76119872754949,12.0,0.0,0.0,0.0,0.0,0.0,0.0
6,290,12.0,0.3077830962943162,1.0,0.0,0.0,0.0,0.0,0.0
7,290,4.017172235223115,10.14267663566571,0.0,0.0,0.0,1.0,0.0,0.0
8,290,12.0,11.759535150218682,0.0,0.0,0.0,0.0,0.0,0.0
9,290,3.024419748409811,12.0,0.0,1.0,1.0,1.0,0.0,1.0
10,290,0.9561538376988008,0.0,0.0,0.0,0.0,0.0,0.0,1.0
11,290,0.1786635097863758,3.562148497819518,1.0,1.0,0.0,1.0,0.0,1.0
12,290,8.490895400885126,11.605436237205282,1.0,1.0,1.0,1.0,1.0,0.0
13,290,7.111900231894543,11.91486851987238,0.0,0.0,0.0,0.0,0.0,0.0
14,290,10.741195459434264,0.9443631285764988,1.0,1.0,1.0,1.0,0.0,0.0
15,290,9.61215768484381,9.822288074472814,1.0,0.0,0.0,0.0,0.0,0.0
16,290,8.378649900816777,7.628012778767662,0.0,0.0,1.0,0.0,0.0,1.0
17,290,0.0,10.024942016922616,0.0,1.0,0.0,1.0,0.0,0.0
18,290,9.805211282847232,5.393013861027747,1.0,1.0,0.0,1.0,0.0,1.0
19,290,0.0,11.990938274284868,0.0,0.0,0.0,0.0,0.0,1.0
0,295,6.014960896223199,6.242302699647867,1.0,0.0,1.0,1.0,1.0,0.0
1,295,9.543343183074036,10.207320312102992,0.0,0.0,1.0,0.0,0.0,1.0
2,295,12.0,1.917895788718092,0.0,0.0,0.0,0.0,0.0,0.0
3,295,12.0,12.0,0.0,0.0,1.0,1.0,0.0,1.0
4,295,4.493170797051673,10.643117491835248,0.0,0.0,0.0,0.0,1.0,1.0
5,295,1.7562853614006055,12.0,0.0,0.0,0.0,0.0,0.0,0.0
6,295,12.0,0.1965801867753397,1.0,0.0,0.0,0.0,0.0,0.0
7,295,4.058675488891961,10.148128617932096,0.0,0.0,0.0,1.0,0.0,0.0
8,295,12.0,11.776624081836385,0.0,0.0,0.0,0.0,0.0,0.0
9,295,3.000292541425053,12.0,0.0,1.0,1.0,1.0,0.0,1.0
10,295,0.8399683875224274,0.0,0.0,0.0,0.0,0.0,0.0,1.0
11,295,0.1695776040104666,3.476430284184377,1.0,1.0,0.0,1.0,0.0,1.0
12,295,8.49704483476298,11.539603375875776,1.0,1.0,1.0,1.0,1.0,0.0
13,295,7.064341822154408,11.891579520812254,0.0,0.0,0.0,0.0,0.0,0.0
14,295,10.772311600829507,0.965017384110556,1.0,1.0,1.0,1.0,0.0,0.0
15,295,9.72136174691282,9.909346449659305,1.0,0.0,0.0,0.0,0.0,0.0
16,295,8.44341621807893,7.679257544594568,0.0,0.0,1.0,0.0,0.0,1.0
17,295,0.0,10.05609835811173,0.0,1.0,0.0,1.0,0.0,0.0
18,295,9.814941102585925,5.359455333722534,1.0,1.0,0.0,1.0,0.0,1.0
19,295,0.0,11.99337350312446,0.0,0.0,0.0,0.0,0.0,1.0
