0,0,0.9969366283408244,3.969244139266881,0.0,0.0,0.0,1.0,0.0,1.0
1,0,5.95303672310687,3.991008262795296,1.0,0.0,1.0,0.0,1.0,0.0
2,0,5.940205708989677,1.0566157146093995,0.0,0.0,0.0,0.0,1.0,0.0
3,0,12.0,3.9895119268319137,1.0,0.0,0.0,1.0,0.0,0.0
4,0,5.027397559989492,3.9424336773855857,0.0,0.0,1.0,1.0,0.0,0.0
5,0,0.0,2.97617837384628,1.0,0.0,0.0,1.0,1.0,0.0
6,0,10.956178856049062,6.021512469008937,0.0,0.0,1.0,1.0,1.0,1.0
7,0,2.0124945087262907,2.9673322993914257,1.0,1.0,0.0,1.0,1.0,0.0
8,0,8.028949883337248,6.016542993648978,0.0,1.0,0.0,1.0,1.0,0.0
9,0,0.9431536668640342,5.993563771458127,0.0,0.0,0.0,1.0,0.0,0.0
10,0,3.021850730386824,6.055236557195214,0.0,0.0,1.0,0.0,0.0,0.0
11,0,4.059142009419489,9.02519830996413,1.0,0.0,0.0,0.0,0.0,0.0
12,0,12.0,2.948903951343054,0.0,1.0,0.0,1.0,0.0,0.0
13,0,11.95441616268636,1.9726241196349876,0.0,1.0,1.0,0.0,0.0,0.0
14,0,4.986319401014511,11.958752955746991,0.0,0.0,1.0,0.0,1.0,0.0
15,0,11.033977415330344,11.97966221402956,1.0,1.0,1.0,0.0,1.0,0.0
16,0,5.961327336217954,9.038304652591153,0.0,0.0,0.0,0.0,0.0,0.0
17,0,3.0319486932893502,10.971569506042009,0.0,0.0,0.0,0.0,1.0,0.0
18,0,6.05666567810821,5.044382225879748,1.0,1.0,0.0,1.0,0.0,1.0
19,0,0.0,7.950605387329165,0.0,0.0,0.0,1.0,0.0,0.0
0,5,0.9911014931109337,3.921371256094163,0.0,0.0,0.0,1.0,0.0,1.0
1,5,5.916918320315401,3.984242798610648,1.0,0.0,1.0,0.0,1.0,0.0
2,5,5.8758179460934175,1.1176639626028169,0.0,0.0,0.0,0.0,1.0,0.0
3,5,12.0,3.976422770812314,1.0,0.0,0.0,1.0,0.0,0.0
4,5,5.055702812778468,3.8843916506152216,0.0,0.0,1.0,1.0,0.0,0.0
5,5,0.0,2.952238032375759,1.0,0.0,0.0,1.0,1.0,0.0
6,5,10.90708196760458,6.044564897959851,0.0,0.0,1.0,1.0,1.0,1.0
7,5,2.028980974807853,2.9220403665749783,1.0,1.0,0.0,1.0,1.0,0.0
8,5,8.075486192404004,6.04303632261615,0.0,1.0,0.0,1.0,1.0,0.0
9,5,0.8916819628919609,5.987975086185466,0.0,0.0,0.0,1.0,0.0,0.0
10,5,3.039058982046347,6.102556471220673,0.0,0.0,1.0,0.0,0.0,0.0
11,5,4.0741498327544345,8.989357042243913,1.0,0.0,0.0,0.0,0.0,0.0
12,5,12.0,2.8947151747936037,0.0,1.0,0.0,1.0,0.0,0.0
13,5,11.928126246840772,1.9567985357221729,0.0,1.0,1.0,0.0,0.0,0.0
14,5,4.968837070878271,11.908249749199998,0.0,0.0,1.0,0.0,1.0,0.0
15,5,11.05968216861761,11.964269813553743,1.0,1.0,1.0,0.0,1.0,0.0
16,5,5.926895806403596,9.073562588433088,0.0,0.0,0.0,0.0,0.0,0.0
17,5,3.0644359614640715,10.943592662577435,0.0,0.0,0.0,0.0,1.0,0.0
18,5,6.096426017261584,5.075023612142974,1.0,1.0,0.0,1.0,0.0,1.0
19,5,0.0,7.909717101694358,0.0,0.0,0.0,1.0,0.0,0.0
0,10,0.9819802469783828,3.8563569725114255,0.0,0.0,0.0,1.0,0.0,1.0
1,10,5.875156811643238,3.9777157461844737,1.0,0.0,1.0,0.0,1.0,0.0
2,10,5.807246761981888,1.1850589617940137,0.0,0.0,0.0,0.0,1.0,0.0
3,10,12.0,3.962157431238795,1.0,0.0,0.0,1.0,0.0,0.0
4,10,5.071845228111371,3.8521813210782665,0.0,0.0,1.0,1.0,0.0,0.0
5,10,0.0,2.932937393258908,1.0,0.0,0.0,1.0,1.0,0.0
6,10,10.852425811948311,6.069413868583784,0.0,0.0,1.0,1.0,1.0,1.0
7,10,2.0518036747082675,2.8651729383985405,1.0,1.0,0.0,1.0,1.0,0.0
8,10,8.11275924785304,6.064410297602403,0.0,1.0,0.0,1.0,1.0,0.0
9,10,0.8266707001836311,5.98070448788642,0.0,0.0,0.0,1.0,0.0,0.0
10,10,3.056863602584816,6.150972554025656,0.0,0.0,1.0,0.0,0.0,0.0
11,10,4.072543728327916,8.993431621476493,1.0,0.0,0.0,0.0,0.0,0.0
12,10,12.0,2.8157836491423693,0.0,1.0,0.0,1.0,0.0,0.0
13,10,11.8904830285068,1.9346218296122928,0.0,1.0,1.0,0.0,0.0,0.0
14,10,4.955475994919908,11.867847656545448,0.0,0.0,1.0,0.0,1.0,0.0
15,10,11.09297361203632,11.943791203802553,1.0,1.0,1.0,0.0,1.0,0.0
16,10,5.889768279456463,9.111967876484073,0.0,0.0,0.0,0.0,0.0,0.0
17,10,3.0896922098203774,10.922902188185056,0.0,0.0,0.0,0.0,1.0,0.0
18,10,6.151198433090292,5.117994342070504,1.0,1.0,0.0,1.0,0.0,1.0
19,10,0.0,7.870952087943616,0.0,0.0,0.0,1.0,0.0,0.0
0,15,0.970753759893126,3.7788833488568394,0.0,0.0,0.0,1.0,0.0,1.0
1,15,5.809414053294941,3.967681560889865,1.0,0.0,1.0,0.0,1.0,0.0
2,15,5.733691409509432,1.250884862790778,0.0,0.0,0.0,0.0,1.0,0.0
3,15,12.0,3.943438973267861,1.0,0.0,0.0,1.0,0.0,0.0
4,15,5.091148365828428,3.8162765260693727,0.0,0.0,1.0,1.0,0.0,0.0
5,15,0.0,2.920034290253336,1.0,0.0,0.0,1.0,1.0,0.0
6,15,10.812128706681555,6.090563227733842,0.0,0.0,1.0,1.0,1.0,1.0
7,15,2.077563618492957,2.802926418780298,1.0,1.0,0.0,1.0,1.0,0.0
8,15,8.156296742008017,6.087253630396854,0.0,1.0,0.0,1.0,1.0,0.0
9,15,0.7701381061528974,5.9760405582595375,0.0,0.0,0.0,1.0,0.0,0.0
10,15,3.075835370909075,6.205182747456369,0.0,0.0,1.0,0.0,0.0,0.0
11,15,4.074500406536558,8.988760133479554,1.0,0.0,0.0,0.0,0.0,0.0
12,15,12.0,2.73402806740003,0.0,1.0,0.0,1.0,0.0,0.0
13,15,11.864974343567663,1.9195668144321811,0.0,1.0,1.0,0.0,0.0,0.0
14,15,4.944993752061515,11.836557514785085,0.0,0.0,1.0,0.0,1.0,0.0
15,15,11.110822766922746,11.93312733859202,1.0,1.0,1.0,0.0,1.0,0.0
16,15,5.863071956425563,9.138396594531711,0.0,0.0,0.0,0.0,0.0,0.0
17,15,3.1166895889194954,10.900439699709866,0.0,0.0,0.0,0.0,1.0,0.0
18,15,6.210564279320852,5.16189068970393,1.0,1.0,0.0,1.0,0.0,1.0
19,15,0.0,7.83974997552996,0.0,0.0,0.0,1.0,0.0,0.0
0,20,0.9600255876208452,3.692106724076622,0.0,0.0,0.0,1.0,0.0,1.0
1,20,5.721989084386824,3.953610340669102,1.0,0.0,1.0,0.0,1.0,0.0
2,20,5.670785313906359,1.3114039850240162,0.0,0.0,0.0,0.0,1.0,0.0
3,20,12.0,3.928419824030982,1.0,0.0,0.0,1.0,0.0,0.0
4,20,5.098968891317118,3.802165772583757,0.0,0.0,1.0,1.0,0.0,0.0
5,20,0.0,2.905811634844571,1.0,0.0,0.0,1.0,1.0,0.0
6,20,10.775727200093623,6.109978951265823,0.0,0.0,1.0,1.0,1.0,1.0
7,20,2.1055670442329024,2.738571608212577,1.0,1.0,0.0,1.0,1.0,0.0
8,20,8.18889169707319,6.105296257924712,0.0,1.0,0.0,1.0,1.0,0.0
9,20,0.7342540721529134,5.973654369501987,0.0,0.0,0.0,1.0,0.0,0.0
10,20,3.1013571935515376,6.276916903268597,0.0,0.0,1.0,0.0,0.0,0.0
11,20,4.072159625639339,8.99451699276169,1.0,0.0,0.0,0.0,0.0,0.0
12,20,12.0,2.647904441563465,0.0,1.0,0.0,1.0,0.0,0.0
13,20,11.826507748097193,1.8973661613984103,0.0,1.0,1.0,0.0,0.0,0.0
14,20,4.935265536510199,11.808203536185992,0.0,0.0,1.0,0.0,1.0,0.0
15,20,11.131112540678794,11.921181151630812,1.0,1.0,1.0,0.0,1.0,0.0
16,20,5.848689536343752,9.152997853483605,0.0,0.0,0.0,0.0,0.0,0.0
17,20,3.1393839616181927,10.881169181905046,0.0,0.0,0.0,0.0,1.0,0.0
18,20,6.280319989372841,5.211692134918375,1.0,1.0,0.0,1.0,0.0,1.0
19,20,0.0,7.802121130536171,0.0,0.0,0.0,1.0,0.0,0.0
0,25,0.9517926628071292,3.6217117192190864,0.0,0.0,0.0,1.0,0.0,1.0
1,25,5.651312130747285,3.9414778564847017,1.0,0.0,1.0,0.0,1.0,0.0
2,25,5.609794160152266,1.371862609913998,0.0,0.0,0.0,0.0,1.0,0.0
3,25,12.0,3.9156367463701782,1.0,0.0,0.0,1.0,0.0,0.0
4,25,5.098581755857768,3.802892602915097,0.0,0.0,1.0,1.0,0.0,0.0
5,25,0.0,2.894205512340874,1.0,0.0,0.0,1.0,1.0,0.0
6,25,10.732408915636425,6.132514664478585,0.0,0.0,1.0,1.0,1.0,1.0
7,25,2.132107505826574,2.682835229883825,1.0,1.0,0.0,1.0,1.0,0.0
8,25,8.24065379876414,6.133744764572992,0.0,1.0,0.0,1.0,1.0,0.0
9,25,0.6958521591464806,5.9710753728108905,0.0,0.0,0.0,1.0,0.0,0.0
10,25,3.13448164619184,6.361098040891374,0.0,0.0,1.0,0.0,0.0,0.0
11,25,4.073688829841129,8.990878703316818,1.0,0.0,0.0,0.0,0.0,0.0
12,25,12.0,2.5518149429079258,0.0,1.0,0.0,1.0,0.0,0.0
13,25,11.791287717270498,1.8763807997104267,0.0,1.0,1.0,0.0,0.0,0.0
14,25,4.927554368498746,11.786301427306451,0.0,0.0,1.0,0.0,1.0,0.0
15,25,11.15400566646612,11.90735814530264,1.0,1.0,1.0,0.0,1.0,0.0
16,25,5.821260395955398,9.181516109911753,0.0,0.0,0.0,0.0,0.0,0.0
17,25,3.1701392583119468,10.855219729550557,0.0,0.0,0.0,0.0,1.0,0.0
18,25,6.358534380735466,5.268717487436951,1.0,1.0,0.0,1.0,0.0,1.0
19,25,0.0,7.7461925097476145,0.0,0.0,0.0,1.0,0.0,0.0
0,30,0.9440788524083634,3.5624151498703056,0.0,0.0,0.0,1.0,0.0,1.0
1,30,5.583152186351953,3.929252093521854,1.0,0.0,1.0,0.0,1.0,0.0
2,30,5.546701324892518,1.4333771369243686,0.0,0.0,0.0,0.0,1.0,0.0
3,30,12.0,3.898762620250889,1.0,0.0,0.0,1.0,0.0,0.0
4,30,5.104635278535884,3.7917855497517663,0.0,0.0,1.0,1.0,0.0,0.0
5,30,0.0,2.873206770794499,1.0,0.0,0.0,1.0,1.0,0.0
6,30,10.670068288719287,6.162931606751569,0.0,0.0,1.0,1.0,1.0,1.0
7,30,2.162647287135734,2.623564726883265,1.0,1.0,0.0,1.0,1.0,0.0
8,30,8.293584606015196,6.163679933030217,0.0,1.0,0.0,1.0,1.0,0.0
9,30,0.6429532647171711,5.966122040809305,0.0,0.0,0.0,1.0,0.0,0.0
10,30,3.1629676479716733,6.436337099470644,0.0,0.0,1.0,0.0,0.0,0.0
11,30,4.081699736250976,8.972816893290009,1.0,0.0,0.0,0.0,0.0,0.0
12,30,12.0,2.4355352564289987,0.0,1.0,0.0,1.0,0.0,0.0
13,30,11.76711880478222,1.8626100407675097,0.0,1.0,1.0,0.0,0.0,0.0
14,30,4.915191748274104,11.749975328189723,0.0,0.0,1.0,0.0,1.0,0.0
15,30,11.190729179789445,11.886153249281769,1.0,1.0,1.0,0.0,1.0,0.0
16,30,5.795428046525874,9.208000354007336,0.0,0.0,0.0,0.0,0.0,0.0
17,30,3.210407004578008,10.822056755050628,0.0,0.0,0.0,0.0,1.0,0.0
18,30,6.41647378875814,5.312476009755458,1.0,1.0,0.0,1.0,0.0,1.0
19,30,0.0,7.672545420691606,0.0,0.0,0.0,1.0,0.0,0.0
0,35,0.933716733778894,3.497305076124793,0.0,0.0,0.0,1.0,0.0,1.0
1,35,5.510077572995503,3.9172889938979543,1.0,0.0,1.0,0.0,1.0,0.0
2,35,5.483254536377656,1.369978015627901,0.0,0.0,0.0,0.0,1.0,0.0
3,35,12.0,3.8769959881725726,1.0,0.0,0.0,1.0,0.0,0.0
4,35,5.104980277338495,3.791101005620511,0.0,0.0,1.0,1.0,0.0,0.0
5,35,0.0,2.8478855514331047,1.0,0.0,0.0,1.0,1.0,0.0
6,35,10.60043913852417,6.194124325870707,0.0,0.0,1.0,1.0,1.0,1.0
7,35,2.186227817974348,2.5761969762043933,1.0,1.0,0.0,1.0,1.0,0.0
8,35,8.336339092149876,6.18851628293921,0.0,1.0,0.0,1.0,1.0,0.0
9,35,0.6145333730864523,5.9642502826600285,0.0,0.0,0.0,1.0,0.0,0.0
10,35,3.1914316077026346,6.509311826710165,0.0,0.0,1.0,0.0,0.0,0.0
11,35,4.097199361936865,8.938696011735479,1.0,0.0,0.0,0.0,0.0,0.0
12,35,12.0,2.336400384620197,0.0,1.0,0.0,1.0,0.0,0.0
13,35,11.75066960605899,1.852323895468696,0.0,1.0,1.0,0.0,0.0,0.0
14,35,4.896778188435017,11.697558898307268,0.0,0.0,1.0,0.0,1.0,0.0
15,35,11.224732912710015,11.867438828474262,1.0,1.0,1.0,0.0,1.0,0.0
16,35,5.787449863619487,9.216133043703934,0.0,0.0,0.0,0.0,0.0,0.0
17,35,3.2514663439044904,10.788994080233293,0.0,0.0,0.0,0.0,1.0,0.0
18,35,6.480036948544656,5.361229811422575,1.0,1.0,0.0,1.0,0.0,1.0
19,35,0.0,7.604719059028424,0.0,0.0,0.0,1.0,0.0,0.0
0,40,0.9235836006503378,3.4449740726534546,0.0,0.0,0.0,1.0,0.0,1.0
1,40,5.417929477472358,3.9003545611966888,1.0,0.0,1.0,0.0,1.0,0.0
2,40,5.42510097323676,1.3100221988750995,0.0,0.0,0.0,0.0,1.0,0.0
3,40,12.0,3.856999671143116,1.0,0.0,0.0,1.0,0.0,0.0
4,40,5.108996294728109,3.7836144514477295,0.0,0.0,1.0,1.0,0.0,0.0
5,40,0.0,2.819307896799592,1.0,0.0,0.0,1.0,1.0,0.0
6,40,10.551846341229556,6.216457587477908,0.0,0.0,1.0,1.0,1.0,1.0
7,40,2.2019690014558235,2.5462143817090115,1.0,1.0,0.0,1.0,1.0,0.0
8,40,8.380102732381461,6.2141238511825945,0.0,1.0,0.0,1.0,1.0,0.0
9,40,0.6005874900994667,5.963266901869528,0.0,0.0,0.0,1.0,0.0,0.0
10,40,3.2221503568060506,6.5833427887636855,0.0,0.0,1.0,0.0,0.0,0.0
11,40,4.126473165039626,8.873105729419322,1.0,0.0,0.0,0.0,0.0,0.0
12,40,12.0,2.244692836340223,0.0,1.0,0.0,1.0,0.0,0.0
13,40,11.744323313601642,1.8480461141931643,0.0,1.0,1.0,0.0,0.0,0.0
14,40,4.879465158550987,11.645401357747811,0.0,0.0,1.0,0.0,1.0,0.0
15,40,11.263237714892297,11.845712188922322,1.0,1.0,1.0,0.0,1.0,0.0
16,40,5.782507475054916,9.221166870420571,0.0,0.0,0.0,0.0,0.0,0.0
17,40,3.290404193245731,10.755208902116362,0.0,0.0,0.0,0.0,1.0,0.0
18,40,6.548313489662368,5.4119251726206015,1.0,1.0,0.0,1.0,0.0,1.0
19,40,0.0,7.529034560097266,0.0,0.0,0.0,1.0,0.0,0.0
0,45,0.9071895724153234,3.3625315874692205,0.0,0.0,0.0,1.0,0.0,1.0
1,45,5.325102768967263,3.883034971547744,1.0,0.0,1.0,0.0,1.0,0.0
2,45,5.354614496221898,1.2363794884409198,0.0,0.0,0.0,0.0,1.0,0.0
3,45,12.0,3.830510509785624,1.0,0.0,0.0,1.0,0.0,0.0
4,45,5.112706848153158,3.776728343992888,0.0,0.0,1.0,1.0,0.0,0.0
5,45,0.0,2.7925440391369585,1.0,0.0,0.0,1.0,1.0,0.0
6,45,10.523190804843797,6.229864046786562,0.0,0.0,1.0,1.0,1.0,1.0
7,45,2.2092256717836034,2.532341456682276,1.0,1.0,0.0,1.0,1.0,0.0
8,45,8.423266835022524,6.238978438492372,0.0,1.0,0.0,1.0,1.0,0.0
9,45,0.5712116940269537,5.960811974538791,0.0,0.0,0.0,1.0,0.0,0.0
10,45,3.2577117259215576,6.6605379263090025,0.0,0.0,1.0,0.0,0.0,0.0
11,45,4.159121684815446,8.79986754605708,1.0,0.0,0.0,0.0,0.0,0.0
12,45,12.0,2.147398635096068,0.0,1.0,0.0,1.0,0.0,0.0
13,45,11.73525671428325,1.8423890954604905,0.0,1.0,1.0,0.0,0.0,0.0
14,45,4.8624874166375935,11.596621781661163,0.0,0.0,1.0,0.0,1.0,0.0
15,45,11.305048562229212,11.821735780857765,1.0,1.0,1.0,0.0,1.0,0.0
16,45,5.76484424013695,9.238620216940806,0.0,0.0,0.0,0.0,0.0,0.0
17,45,3.3202594132427765,10.728999685080842,0.0,0.0,0.0,0.0,1.0,0.0
18,45,6.613523545471899,5.462926359290542,1.0,1.0,0.0,1.0,0.0,1.0
19,45,0.0,7.456353510981167,0.0,0.0,0.0,1.0,0.0,0.0
0,50,0.8880130447261058,3.25850620695016,0.0,0.0,0.0,1.0,0.0,1.0
1,50,5.234358611418966,3.869453207037676,1.0,0.0,1.0,0.0,1.0,0.0
2,50,5.2820935836248415,1.157825816958158,0.0,0.0,0.0,0.0,1.0,0.0
3,50,12.0,3.805098870496405,1.0,0.0,0.0,1.0,0.0,0.0
4,50,5.127426040205795,3.750367882799891,0.0,0.0,1.0,1.0,0.0,0.0
5,50,0.0,2.767846753264652,1.0,0.0,0.0,1.0,1.0,0.0
6,50,10.495592261316608,6.242392940420111,0.0,0.0,1.0,1.0,1.0,1.0
7,50,2.219226957655533,2.5123921070123303,1.0,1.0,0.0,1.0,1.0,0.0
8,50,8.477091021467693,6.269684060919644,0.0,1.0,0.0,1.0,1.0,0.0
9,50,0.5374788642685921,5.957214809052196,0.0,0.0,0.0,1.0,0.0,0.0
10,50,3.289840395009177,6.733008202526388,0.0,0.0,1.0,0.0,0.0,0.0
11,50,4.198901938382921,8.710619308775925,1.0,0.0,0.0,0.0,0.0,0.0
12,50,12.0,2.035573676114803,0.0,1.0,0.0,1.0,0.0,0.0
13,50,11.729240249257524,1.838847770576889,0.0,1.0,1.0,0.0,0.0,0.0
14,50,4.845795041798552,11.545820824203064,0.0,0.0,1.0,0.0,1.0,0.0
15,50,11.328455988726017,11.808987615715392,1.0,1.0,1.0,0.0,1.0,0.0
16,50,5.746548867333692,9.255890572263157,0.0,0.0,0.0,0.0,0.0,0.0
17,50,3.366287640932632,10.689069093439596,0.0,0.0,0.0,0.0,1.0,0.0
18,50,6.666598829406459,5.50587134339479,1.0,1.0,0.0,1.0,0.0,1.0
19,50,0.0,7.36064353933007,0.0,0.0,0.0,1.0,0.0,0.0
0,55,0.8675147016818627,3.1470461033841675,0.0,0.0,0.0,1.0,0.0,1.0
1,55,5.129936114487053,3.853468848538248,1.0,0.0,1.0,0.0,1.0,0.0
2,55,5.216783447338311,1.085226743761731,0.0,0.0,0.0,0.0,1.0,0.0
3,55,11.97401392954381,3.684262427375408,1.0,0.0,0.0,1.0,0.0,0.0
4,55,5.151696310166799,3.70515662853089,0.0,0.0,1.0,1.0,0.0,0.0
5,55,0.0,2.727471914576073,1.0,0.0,0.0,1.0,1.0,0.0
6,55,10.45673656630503,6.259350356143151,0.0,0.0,1.0,1.0,1.0,1.0
7,55,2.1930646710764954,2.499272091645352,1.0,1.0,0.0,1.0,1.0,0.0
8,55,8.516883871473174,6.2914529500649845,0.0,1.0,0.0,1.0,1.0,0.0
9,55,0.5103927139357549,5.954253682131129,0.0,0.0,0.0,1.0,0.0,0.0
10,55,3.331132447709504,6.819273564203141,0.0,0.0,1.0,0.0,0.0,0.0
11,55,4.240293847815517,8.620058832922782,1.0,0.0,0.0,0.0,0.0,0.0
12,55,12.0,1.9294298171063309,0.0,1.0,0.0,1.0,0.0,0.0
13,55,11.7242309026044,1.835948264480612,0.0,1.0,1.0,0.0,0.0,0.0
14,55,4.827411150346605,11.48870891478247,0.0,0.0,1.0,0.0,1.0,0.0
15,55,11.33942071245033,11.803001269117752,1.0,1.0,1.0,0.0,1.0,0.0
16,55,5.725370651909733,9.275726551265642,0.0,0.0,0.0,0.0,0.0,0.0
17,55,3.4080329293499005,10.65309517471122,0.0,0.0,0.0,0.0,1.0,0.0
18,55,6.623060652604234,5.56194340087744,1.0,1.0,0.0,1.0,0.0,1.0
19,55,0.0,7.266027205712967,0.0,0.0,0.0,1.0,0.0,0.0
0,60,0.8521497379997743,3.056849812725943,0.0,0.0,0.0,1.0,0.0,1.0
1,60,5.038572660218645,3.840033366955388,1.0,0.0,1.0,0.0,1.0,0.0
2,60,5.155075371361269,1.0179070026834405,0.0,0.0,0.0,0.0,1.0,0.0
3,60,11.9439649541911,3.55318268187776,1.0,0.0,0.0,1.0,0.0,0.0
4,60,5.178205637265871,3.657365438865614,0.0,0.0,1.0,1.0,0.0,0.0
5,60,0.0,2.688966222798725,1.0,0.0,0.0,1.0,1.0,0.0
6,60,10.429723719849353,6.270358537721794,0.0,0.0,1.0,1.0,1.0,1.0
7,60,2.1517956372426927,2.4785289551317,1.0,1.0,0.0,1.0,1.0,0.0
8,60,8.55859680056524,6.314830747646465,0.0,1.0,0.0,1.0,1.0,0.0
9,60,0.4705142236194214,5.9489699961295806,0.0,0.0,0.0,1.0,0.0,0.0
10,60,3.365291836711585,6.888844198512334,0.0,0.0,1.0,0.0,0.0,0.0
11,60,4.27908885856544,8.52929047247891,1.0,0.0,0.0,0.0,0.0,0.0
12,60,12.0,1.8179482292890008,0.0,1.0,0.0,1.0,0.0,0.0
13,60,11.705579159988234,1.825717368,0.0,1.0,1.0,0.0,0.0,0.0
14,60,4.809910396092906,11.435646630393522,0.0,0.0,1.0,0.0,1.0,0.0
15,60,11.334691295691597,11.805671076967036,1.0,1.0,1.0,0.0,1.0,0.0
16,60,5.705963275498591,9.293691657498542,0.0,0.0,0.0,0.0,0.0,0.0
17,60,3.4469944764141545,10.62067854730301,0.0,0.0,0.0,0.0,1.0,0.0
18,60,6.582442943829859,5.613311136963477,1.0,1.0,0.0,1.0,0.0,1.0
19,60,0.0,7.171597086623974,0.0,0.0,0.0,1.0,0.0,0.0
0,65,0.8386152231038624,2.9874135774470005,0.0,0.0,0.0,1.0,0.0,1.0
1,65,4.925640335387302,3.8224938292254422,1.0,0.0,1.0,0.0,1.0,0.0
2,65,5.095387144021855,0.9525494742937808,0.0,0.0,0.0,0.0,1.0,0.0
3,65,11.914160763023926,3.4263704851832864,1.0,0.0,0.0,1.0,0.0,0.0
4,65,5.196737831481955,3.6245200561608777,0.0,0.0,1.0,1.0,0.0,0.0
5,65,0.0,2.64190648617132,1.0,0.0,0.0,1.0,1.0,0.0
6,65,10.39603807790322,6.284777450725261,0.0,0.0,1.0,1.0,1.0,1.0
7,65,2.0918425131187037,2.4491529126145126,1.0,1.0,0.0,1.0,1.0,0.0
8,65,8.596067378489153,6.336434849053772,0.0,1.0,0.0,1.0,1.0,0.0
9,65,0.4466248048761173,5.94555387905346,0.0,0.0,0.0,1.0,0.0,0.0
10,65,3.3968422721198794,6.948544912727044,0.0,0.0,1.0,0.0,0.0,0.0
11,65,4.312086310101625,8.453985901600154,1.0,0.0,0.0,0.0,0.0,0.0
12,65,12.0,1.7370149222227131,0.0,1.0,0.0,1.0,0.0,0.0
13,65,11.686870872902876,1.8163152975641723,0.0,1.0,1.0,0.0,0.0,0.0
14,65,4.7919001172432685,11.3809038777887,0.0,0.0,1.0,0.0,1.0,0.0
15,65,11.36024711252973,11.790845509768332,1.0,1.0,1.0,0.0,1.0,0.0
16,65,5.691146814649439,9.306908393751993,0.0,0.0,0.0,0.0,0.0,0.0
17,65,3.4783789233763494,10.595094424847732,0.0,0.0,0.0,0.0,1.0,0.0
18,65,6.541892510585491,5.665229845480979,1.0,1.0,0.0,1.0,0.0,1.0
19,65,0.0,7.081844955740176,0.0,0.0,0.0,1.0,0.0,0.0
0,70,0.825681276790516,2.905149361948258,0.0,0.0,0.0,1.0,0.0,1.0
1,70,4.786347288239191,3.797998747155001,1.0,0.0,1.0,0.0,1.0,0.0
2,70,5.027601194756133,0.8750651982311521,0.0,0.0,0.0,0.0,1.0,0.0
3,70,11.887616073703372,3.302703661244992,1.0,0.0,0.0,1.0,0.0,0.0
4,70,5.216735661871849,3.586056659566644,0.0,0.0,1.0,1.0,0.0,0.0
5,70,0.0,2.5918224601072217,1.0,0.0,0.0,1.0,1.0,0.0
6,70,10.375014914870553,6.29332479505769,0.0,0.0,1.0,1.0,1.0,1.0
7,70,2.045727063823084,2.426449890642783,1.0,1.0,0.0,1.0,1.0,0.0
8,70,8.616780540522608,6.348310437990499,0.0,1.0,0.0,1.0,1.0,0.0
9,70,0.4216781471048889,5.942370332535851,0.0,0.0,0.0,1.0,0.0,0.0
10,70,3.427334122438596,7.007881536070763,0.0,0.0,1.0,0.0,0.0,0.0
11,70,4.3342769889801485,8.400554164593675,1.0,0.0,0.0,0.0,0.0,0.0
12,70,12.0,1.6648494028194472,0.0,1.0,0.0,1.0,0.0,0.0
13,70,11.682656457300295,1.8142218671180417,0.0,1.0,1.0,0.0,0.0,0.0
14,70,4.779015890310808,11.342697687199196,0.0,0.0,1.0,0.0,1.0,0.0
15,70,11.405020841101434,11.766565613427934,1.0,1.0,1.0,0.0,1.0,0.0
16,70,5.684031413971687,9.313277094599254,0.0,0.0,0.0,0.0,0.0,0.0
17,70,3.5328500360078645,10.552265205712168,0.0,0.0,0.0,0.0,1.0,0.0
18,70,6.506903569510133,5.710145190217044,1.0,1.0,0.0,1.0,0.0,1.0
19,70,0.0,6.99410284446545,0.0,0.0,0.0,1.0,0.0,0.0
0,75,0.8137123614697425,2.833898071254411,0.0,0.0,0.0,1.0,0.0,1.0
1,75,4.649325974308658,3.772512942315561,1.0,0.0,1.0,0.0,1.0,0.0
2,75,4.955986344827582,0.792444470117279,0.0,0.0,0.0,0.0,1.0,0.0
3,75,11.861583152067562,3.1929054774643864,1.0,0.0,0.0,1.0,0.0,0.0
4,75,5.235026868864366,3.551238487003733,0.0,0.0,1.0,1.0,0.0,0.0
5,75,0.0,2.5483937501867864,1.0,0.0,0.0,1.0,1.0,0.0
6,75,10.354686000167383,6.302949918190992,0.0,0.0,1.0,1.0,1.0,1.0
7,75,1.9928518715639676,2.4004774919437604,1.0,1.0,0.0,1.0,1.0,0.0
8,75,8.62287390011997,6.3519371834427485,0.0,1.0,0.0,1.0,1.0,0.0
9,75,0.4003714233288882,5.939691217490245,0.0,0.0,0.0,1.0,0.0,0.0
10,75,3.4623875105549025,7.079770635399525,0.0,0.0,1.0,0.0,0.0,0.0
11,75,4.352469759738674,8.354479284776964,1.0,0.0,0.0,0.0,0.0,0.0
12,75,12.0,1.5812648805750351,0.0,1.0,0.0,1.0,0.0,0.0
13,75,11.69524138920265,1.820668547919987,0.0,1.0,1.0,0.0,0.0,0.0
14,75,4.764908007918672,11.302610887100938,0.0,0.0,1.0,0.0,1.0,0.0
15,75,11.475020733987128,11.73225995016575,1.0,1.0,1.0,0.0,1.0,0.0
16,75,5.680410653156064,9.31654818091562,0.0,0.0,0.0,0.0,0.0,0.0
17,75,3.5838567037275117,10.514572882590029,0.0,0.0,0.0,0.0,1.0,0.0
18,75,6.455496761656723,5.774489318483673,1.0,1.0,0.0,1.0,0.0,1.0
19,75,0.0,6.904891743671041,0.0,0.0,0.0,1.0,0.0,0.0
0,80,0.7983350934688471,2.7332097009832075,0.0,0.0,0.0,1.0,0.0,1.0
1,80,4.519763329389766,3.7519632038008783,1.0,0.0,1.0,0.0,1.0,0.0
2,80,4.8869181061131455,0.7170311318179164,0.0,0.0,0.0,0.0,1.0,0.0
3,80,11.839553895812536,3.09314801968816,1.0,0.0,0.0,1.0,0.0,0.0
4,80,5.254611448994904,3.5113217314271004,0.0,0.0,1.0,1.0,0.0,0.0
5,80,0.0,2.494880615329023,1.0,0.0,0.0,1.0,1.0,0.0
6,80,10.354743119346244,6.302922714856081,0.0,0.0,1.0,1.0,1.0,1.0
7,80,1.939949081512837,2.374421441098536,1.0,1.0,0.0,1.0,1.0,0.0
8,80,8.64788674130116,6.366986299410617,0.0,1.0,0.0,1.0,1.0,0.0
9,80,0.3744340329298733,5.937530710663403,0.0,0.0,0.0,1.0,0.0,0.0
10,80,3.501583649415049,7.159643000220113,0.0,0.0,1.0,0.0,0.0,0.0
11,80,4.368611803564357,8.315143668461415,1.0,0.0,0.0,0.0,0.0,0.0
12,80,12.0,1.507562374168614,0.0,1.0,0.0,1.0,0.0,0.0
13,80,11.717300431200064,1.8318306404425813,0.0,1.0,1.0,0.0,0.0,0.0
14,80,4.752345624888803,11.26356197469387,0.0,0.0,1.0,0.0,1.0,0.0
15,80,11.550234251644888,11.69329717394161,1.0,1.0,1.0,0.0,1.0,0.0
16,80,5.673940539863811,9.32214656600594,0.0,0.0,0.0,0.0,0.0,0.0
17,80,3.6475047035891737,10.46862585893306,0.0,0.0,0.0,0.0,1.0,0.0
18,80,6.393734933857783,5.855512233033002,1.0,1.0,0.0,1.0,0.0,1.0
19,80,0.0,6.809018740571188,0.0,0.0,0.0,1.0,0.0,0.0
0,85,0.7802934448196491,2.6181097609749537,0.0,0.0,0.0,1.0,0.0,1.0
1,85,4.414234407256482,3.735431333791412,1.0,0.0,1.0,0.0,1.0,0.0
2,85,4.811328601959473,0.6342017510066815,0.0,0.0,0.0,0.0,1.0,0.0
3,85,11.817046277637136,2.9985838436704766,1.0,0.0,0.0,1.0,0.0,0.0
4,85,5.281902303506226,3.4552107878312297,0.0,0.0,1.0,1.0,0.0,0.0
5,85,0.0,2.431451133586575,1.0,0.0,0.0,1.0,1.0,0.0
6,85,10.369206338554664,6.295871577854607,0.0,0.0,1.0,1.0,1.0,1.0
7,85,1.89479062911578,2.3504697368399325,1.0,1.0,0.0,1.0,1.0,0.0
8,85,8.664487992736946,6.376530515880933,0.0,1.0,0.0,1.0,1.0,0.0
9,85,0.3467948422562258,5.934315044784131,0.0,0.0,0.0,1.0,0.0,0.0
10,85,3.5478854225033327,7.246027197961399,0.0,0.0,1.0,0.0,0.0,0.0
11,85,4.3925478826756,8.25487725605922,1.0,0.0,0.0,0.0,0.0,0.0
12,85,12.0,1.4413004402125815,0.0,1.0,0.0,1.0,0.0,0.0
13,85,11.727815038108565,1.837387670723942,0.0,1.0,1.0,0.0,0.0,0.0
14,85,4.736952347608042,11.215671170014948,0.0,0.0,1.0,0.0,1.0,0.0
15,85,11.626798566201431,11.652966399965976,1.0,1.0,1.0,0.0,1.0,0.0
16,85,5.656460389627736,9.337042802807265,0.0,0.0,0.0,0.0,0.0,0.0
17,85,3.710103382318181,10.423605607952387,0.0,0.0,0.0,0.0,1.0,0.0
18,85,6.327122923546367,5.947054052084674,1.0,1.0,0.0,1.0,0.0,1.0
19,85,0.0,6.719405616967514,0.0,0.0,0.0,1.0,0.0,0.0
0,90,0.7626235363171776,2.476244745069554,0.0,0.0,0.0,1.0,0.0,1.0
1,90,4.32374201682202,3.7199598683232953,1.0,0.0,1.0,0.0,1.0,0.0
2,90,4.744319861844966,0.5590739465074628,0.0,0.0,0.0,0.0,1.0,0.0
3,90,11.794620444150729,2.904219190864134,1.0,0.0,0.0,1.0,0.0,0.0
4,90,5.296034639459654,3.424149936031393,0.0,0.0,1.0,1.0,0.0,0.0
5,90,0.0,2.352659252462953,1.0,0.0,0.0,1.0,1.0,0.0
6,90,10.365116903637476,6.2979084911966,0.0,0.0,1.0,1.0,1.0,1.0
7,90,1.8561162480908864,2.329471212214653,1.0,1.0,0.0,1.0,1.0,0.0
8,90,8.655302169712789,6.371328833318948,0.0,1.0,0.0,1.0,1.0,0.0
9,90,0.3198947326826669,5.931655750960651,0.0,0.0,0.0,1.0,0.0,0.0
10,90,3.5877214127843127,7.321445945091538,0.0,0.0,1.0,0.0,0.0,0.0
11,90,4.412661906376583,8.203551982373828,1.0,0.0,0.0,0.0,0.0,0.0
12,90,12.0,1.3828414508522764,0.0,1.0,0.0,1.0,0.0,0.0
13,90,11.751808988504086,1.8493706907967968,0.0,1.0,1.0,0.0,0.0,0.0
14,90,4.731970813965279,11.199759273473427,0.0,0.0,1.0,0.0,1.0,0.0
15,90,11.698709816990068,11.615429716469006,1.0,1.0,1.0,0.0,1.0,0.0
16,90,5.626031305211328,9.361466699166783,0.0,0.0,0.0,0.0,0.0,0.0
17,90,3.764741798318637,10.38321430522156,0.0,0.0,0.0,0.0,1.0,0.0
18,90,6.260285978442844,6.03877084572133,1.0,1.0,0.0,1.0,0.0,1.0
19,90,0.0,6.634914104495749,0.0,0.0,0.0,1.0,0.0,0.0
0,95,0.746986122030211,2.352422789970531,0.0,0.0,0.0,1.0,0.0,1.0
1,95,4.222092717828826,3.7041957113841817,1.0,0.0,1.0,0.0,1.0,0.0
2,95,4.690298726905776,0.4991494983620462,0.0,0.0,0.0,0.0,1.0,0.0
3,95,11.768023224922375,2.800544811949455,1.0,0.0,0.0,1.0,0.0,0.0
4,95,5.308892297801858,3.395882106297545,0.0,0.0,1.0,1.0,0.0,0.0
5,95,0.0,2.270422153165573,1.0,0.0,0.0,1.0,1.0,0.0
6,95,10.343393436423856,6.308868702827251,0.0,0.0,1.0,1.0,1.0,1.0
7,95,1.8549518177239093,2.3288081746807,1.0,1.0,0.0,1.0,1.0,0.0
8,95,8.646305709516756,6.366297906270924,0.0,1.0,0.0,1.0,1.0,0.0
9,95,0.3086920001212828,5.930870116798062,0.0,0.0,0.0,1.0,0.0,0.0
10,95,3.6268567603545714,7.393852648382034,0.0,0.0,1.0,0.0,0.0,0.0
11,95,4.427538933320518,8.165949766137183,1.0,0.0,0.0,0.0,0.0,0.0
12,95,12.0,1.3367188196214057,0.0,1.0,0.0,1.0,0.0,0.0
13,95,11.787420368867249,1.866769008345108,0.0,1.0,1.0,0.0,0.0,0.0
14,95,4.724806002424121,11.1757914706784,0.0,0.0,1.0,0.0,1.0,0.0
15,95,11.75336711557464,11.587203824344764,1.0,1.0,1.0,0.0,1.0,0.0
16,95,5.573885733000796,9.399942217495008,0.0,0.0,0.0,0.0,0.0,0.0
17,95,3.828971063721093,10.334051402164272,0.0,0.0,0.0,0.0,1.0,0.0
18,95,6.189418777078425,6.140735662786176,1.0,1.0,0.0,1.0,0.0,1.0
19,95,0.0,6.563150752638932,0.0,0.0,0.0,1.0,0.0,0.0
0,100,0.7325088504589079,2.203123797501042,0.0,0.0,0.0,1.0,0.0,1.0
1,100,4.079441844007212,3.680372934090789,1.0,0.0,1.0,0.0,1.0,0.0
2,100,4.622206500693668,0.4258721874064262,0.0,0.0,0.0,0.0,1.0,0.0
3,100,11.74482028176318,2.7092403981353685,1.0,0.0,0.0,1.0,0.0,0.0
4,100,5.321554233955162,3.368190437506067,0.0,0.0,1.0,1.0,0.0,0.0
5,100,0.0,2.19019625780284,1.0,0.0,0.0,1.0,1.0,0.0
6,100,10.33555695705726,6.31261216700143,0.0,0.0,1.0,1.0,1.0,1.0
7,100,1.85353734112841,2.3279792166621096,1.0,1.0,0.0,1.0,1.0,0.0
8,100,8.63622636984389,6.360396128882368,0.0,1.0,0.0,1.0,1.0,0.0
9,100,0.305092825706948,5.930589556701039,0.0,0.0,0.0,1.0,0.0,0.0
10,100,3.658578202713436,7.452633697311163,0.0,0.0,1.0,0.0,0.0,0.0
11,100,4.440153384114255,8.134823053499726,1.0,0.0,0.0,0.0,0.0,0.0
12,100,12.0,1.2651140365868971,0.0,1.0,0.0,1.0,0.0,0.0
13,100,11.820973323170335,1.8837288946469453,0.0,1.0,1.0,0.0,0.0,0.0
14,100,4.717490462270911,11.15288525872499,0.0,0.0,1.0,0.0,1.0,0.0
15,100,11.80075235682692,11.562091744258328,1.0,1.0,1.0,0.0,1.0,0.0
16,100,5.527515943179101,9.435139208347596,0.0,0.0,0.0,0.0,0.0,0.0
17,100,3.898900953035671,10.279839967506206,0.0,0.0,0.0,0.0,1.0,0.0
18,100,6.122077817337783,6.240027965017028,1.0,1.0,0.0,1.0,0.0,1.0
19,100,0.0,6.486512114986047,0.0,0.0,0.0,1.0,0.0,0.0
0,105,0.7186733725710414,2.055752025045384,0.0,0.0,0.0,1.0,0.0,1.0
1,105,3.946325214200227,3.657369788457909,1.0,0.0,1.0,0.0,1.0,0.0
2,105,4.552417812206904,0.3526100331767792,0.0,0.0,0.0,0.0,1.0,0.0
3,105,11.726437647046026,2.6405415079329684,1.0,0.0,0.0,1.0,0.0,0.0
4,105,5.32718487665631,3.35664247469229,0.0,0.0,1.0,1.0,0.0,0.0
5,105,0.0,2.113951863558242,1.0,0.0,0.0,1.0,1.0,0.0
6,105,10.332438272665382,6.313986146013699,0.0,0.0,1.0,1.0,1.0,1.0
7,105,1.850359131354141,2.325877339718544,1.0,1.0,0.0,1.0,1.0,0.0
8,105,8.61037596306387,6.344975418883334,0.0,1.0,0.0,1.0,1.0,0.0
9,105,0.327048003097339,5.93234471105274,0.0,0.0,0.0,1.0,0.0,0.0
10,105,3.6908113938776186,7.511892484226398,0.0,0.0,1.0,0.0,0.0,0.0
11,105,4.449579623138842,8.111095005268652,1.0,0.0,0.0,0.0,0.0,0.0
12,105,12.0,1.192543620245439,0.0,1.0,0.0,1.0,0.0,0.0
13,105,11.876908234091658,1.9121875711530767,0.0,1.0,1.0,0.0,0.0,0.0
14,105,4.702428692716251,11.106544234169796,0.0,0.0,1.0,0.0,1.0,0.0
15,105,11.831955475263731,11.544870964324248,1.0,1.0,1.0,0.0,1.0,0.0
16,105,5.4971997447232,9.4598685052325,0.0,0.0,0.0,0.0,0.0,0.0
17,105,3.963738967930705,10.228587106213013,0.0,0.0,0.0,0.0,1.0,0.0
18,105,6.056064417444912,6.3429463130023205,1.0,1.0,0.0,1.0,0.0,1.0
19,105,0.0,6.409606484265825,0.0,0.0,0.0,1.0,0.0,0.0
0,110,0.7038246580768325,1.9080631678621445,0.0,0.0,0.0,1.0,0.0,1.0
1,110,3.8037481833239983,3.6357535562536047,1.0,0.0,1.0,0.0,1.0,0.0
2,110,4.493468227547612,0.2913911607396963,0.0,0.0,0.0,0.0,1.0,0.0
3,110,11.707156241049102,2.571170808810617,1.0,0.0,0.0,1.0,0.0,0.0
4,110,5.327000687087499,3.3570123569718326,0.0,0.0,1.0,1.0,0.0,0.0
5,110,0.0,2.026652290189217,1.0,0.0,0.0,1.0,1.0,0.0
6,110,10.32686424760289,6.316156285618646,0.0,0.0,1.0,1.0,1.0,1.0
7,110,1.8432076863353573,2.3213797579247224,1.0,1.0,0.0,1.0,1.0,0.0
8,110,8.592087106741126,6.334318191049105,0.0,1.0,0.0,1.0,1.0,0.0
9,110,0.3581241188676087,5.934167218068104,0.0,0.0,0.0,1.0,0.0,0.0
10,110,3.727930509947727,7.583400467710726,0.0,0.0,1.0,0.0,0.0,0.0
11,110,4.454913353866301,8.098056603945835,1.0,0.0,0.0,0.0,0.0,0.0
12,110,12.0,1.1042764956270796,0.0,1.0,0.0,1.0,0.0,0.0
13,110,11.916880356248043,1.9337186816965968,0.0,1.0,1.0,0.0,0.0,0.0
14,110,4.680551311132924,11.039067188517564,0.0,0.0,1.0,0.0,1.0,0.0
15,110,11.84543403188731,11.536810842181652,1.0,1.0,1.0,0.0,1.0,0.0
16,110,5.519805965723164,9.4870665283128,0.0,0.0,0.0,0.0,0.0,0.0
17,110,3.9180491880559103,10.170619576931005,0.0,0.0,0.0,0.0,1.0,0.0
18,110,5.98731592039421,6.450685060844852,1.0,1.0,0.0,1.0,0.0,1.0
19,110,0.0,6.339049045480007,0.0,0.0,0.0,1.0,0.0,0.0
0,115,0.6905884765020195,1.755097472242476,0.0,0.0,0.0,1.0,0.0,1.0
1,115,3.682040407780218,3.612969395677164,1.0,0.0,1.0,0.0,1.0,0.0
2,115,4.435211380290801,0.2278178422935222,0.0,0.0,0.0,0.0,1.0,0.0
3,115,11.683016182146218,2.472558916300712,1.0,0.0,0.0,1.0,0.0,0.0
4,115,5.329753474776509,3.351595799114082,0.0,0.0,1.0,1.0,0.0,0.0
5,115,0.0,1.946295093438509,1.0,0.0,0.0,1.0,1.0,0.0
6,115,10.318397121626104,6.319485061650898,0.0,0.0,1.0,1.0,1.0,1.0
7,115,1.8137097539032243,2.301699992493892,1.0,1.0,0.0,1.0,1.0,0.0
8,115,8.57728141496003,6.324957345692151,0.0,1.0,0.0,1.0,1.0,0.0
9,115,0.3904874341598712,5.936606919159743,0.0,0.0,0.0,1.0,0.0,0.0
10,115,3.7583617497488175,7.639193770673723,0.0,0.0,1.0,0.0,0.0,0.0
11,115,4.457536265330085,8.091451553363202,1.0,0.0,0.0,0.0,0.0,0.0
12,115,12.0,1.0172048022518472,0.0,1.0,0.0,1.0,0.0,0.0
13,115,11.988946412278882,1.970666345412132,0.0,1.0,1.0,0.0,0.0,0.0
14,115,4.66055319453395,10.982260716235505,0.0,0.0,1.0,0.0,1.0,0.0
15,115,11.868090938594316,11.522998909753891,1.0,1.0,1.0,0.0,1.0,0.0
16,115,5.551601437342847,9.526138644732397,0.0,0.0,0.0,0.0,0.0,0.0
17,115,3.879981291355274,10.119380798895373,0.0,0.0,0.0,0.0,1.0,0.0
18,115,5.925599645431887,6.552533753745436,1.0,1.0,0.0,1.0,0.0,1.0
19,115,0.0,6.2734510731587525,0.0,0.0,0.0,1.0,0.0,0.0
0,120,0.6740729597009578,1.586532627514622,0.0,0.0,0.0,1.0,0.0,1.0
1,120,3.5586953484157737,3.587715146783065,1.0,0.0,1.0,0.0,1.0,0.0
2,120,4.380869534300681,0.170215917319157,0.0,0.0,0.0,0.0,1.0,0.0
3,120,11.658817958573612,2.359643966696612,1.0,0.0,0.0,1.0,0.0,0.0
4,120,5.326976617285679,3.356772386922291,0.0,0.0,1.0,1.0,0.0,0.0
5,120,0.0,1.861275463203797,1.0,0.0,0.0,1.0,1.0,0.0
6,120,10.29984480506768,6.326699764644678,0.0,0.0,1.0,1.0,1.0,1.0
7,120,1.7911122852417187,2.2857178122346737,1.0,1.0,0.0,1.0,1.0,0.0
8,120,8.548278330940459,6.307080047665695,0.0,1.0,0.0,1.0,1.0,0.0
9,120,0.4210557046423251,5.938427289083641,0.0,0.0,0.0,1.0,0.0,0.0
10,120,3.789964835021996,7.700117063264728,0.0,0.0,1.0,0.0,0.0,0.0
11,120,4.463188813062146,8.076860851323111,1.0,0.0,0.0,0.0,0.0,0.0
12,120,12.0,0.9370835984956202,0.0,1.0,0.0,1.0,0.0,0.0
13,120,12.0,1.9976820844339724,0.0,1.0,1.0,0.0,0.0,0.0
14,120,4.6425580223912855,10.932970966406032,0.0,0.0,1.0,0.0,1.0,0.0
15,120,11.91404192104636,11.497568779056197,1.0,1.0,1.0,0.0,1.0,0.0
16,120,5.566835834844283,9.54461209035479,0.0,0.0,0.0,0.0,0.0,0.0
17,120,3.8490330905540695,10.07553079618944,0.0,0.0,0.0,0.0,1.0,0.0
18,120,5.860835090376996,6.668204691347776,1.0,1.0,0.0,1.0,0.0,1.0
19,120,0.0,6.222940691079689,0.0,0.0,0.0,1.0,0.0,0.0
0,125,0.6522221182668256,1.4251333722154855,0.0,0.0,0.0,1.0,0.0,1.0
1,125,3.433867516363632,3.562478353247829,1.0,0.0,1.0,0.0,1.0,0.0
2,125,4.3228748579483325,0.1067196654745583,0.0,0.0,0.0,0.0,1.0,0.0
3,125,11.634546401287668,2.229405331034208,1.0,0.0,0.0,1.0,0.0,0.0
4,125,5.321979829258078,3.3664025709990173,0.0,0.0,1.0,1.0,0.0,0.0
5,125,0.0,1.7725738810172136,1.0,0.0,0.0,1.0,1.0,0.0
6,125,10.304066562380644,6.337271543891712,0.0,0.0,1.0,1.0,1.0,1.0
7,125,1.7548047039963075,2.26101970916857,1.0,1.0,0.0,1.0,1.0,0.0
8,125,8.512947363786399,6.284478828316163,0.0,1.0,0.0,1.0,1.0,0.0
9,125,0.4602285342538377,5.941109149341373,0.0,0.0,0.0,1.0,0.0,0.0
10,125,3.8131532466995615,7.7472790614004765,0.0,0.0,1.0,0.0,0.0,0.0
11,125,4.471984194510591,8.055669265405804,1.0,0.0,0.0,0.0,0.0,0.0
12,125,12.0,0.8692944734754614,0.0,1.0,0.0,1.0,0.0,0.0
13,125,12.0,2.03137096557365,0.0,1.0,1.0,0.0,0.0,0.0
14,125,4.618471467618423,10.867758153532542,0.0,0.0,1.0,0.0,1.0,0.0
15,125,11.940792160068703,11.48278649106216,1.0,1.0,1.0,0.0,1.0,0.0
16,125,5.571346884669735,9.550129656833734,0.0,0.0,0.0,0.0,0.0,0.0
17,125,3.824693501153124,10.040234759693892,0.0,0.0,0.0,0.0,1.0,0.0
18,125,5.791208108700032,6.79434777544243,1.0,1.0,0.0,1.0,0.0,1.0
19,125,0.0,6.160986600292477,0.0,0.0,0.0,1.0,0.0,0.0
0,130,0.6249298388958915,1.243578948773381,0.0,0.0,0.0,1.0,0.0,1.0
1,130,3.325197522726345,3.535637511196568,1.0,0.0,1.0,0.0,1.0,0.0
2,130,4.24928326705835,0.0246045025081374,0.0,0.0,0.0,0.0,1.0,0.0
3,130,11.611647133474849,2.1172971411075605,1.0,0.0,0.0,1.0,0.0,0.0
4,130,5.308806466084982,3.3919801761098767,0.0,0.0,1.0,1.0,0.0,0.0
5,130,0.0,1.6802172742384232,1.0,0.0,0.0,1.0,1.0,0.0
6,130,10.30359653053371,6.336225421894537,0.0,0.0,1.0,1.0,1.0,1.0
7,130,1.7383851136606692,2.250223735084299,1.0,1.0,0.0,1.0,1.0,0.0
8,130,8.483015825438825,6.264590016036243,0.0,1.0,0.0,1.0,1.0,0.0
9,130,0.5110712738540206,5.94607216459492,0.0,0.0,0.0,1.0,0.0,0.0
10,130,3.8331295636413536,7.78759257348374,0.0,0.0,1.0,0.0,0.0,0.0
11,130,4.486778940991485,8.01811702618378,1.0,0.0,0.0,0.0,0.0,0.0
12,130,12.0,0.7976968701043182,0.0,1.0,0.0,1.0,0.0,0.0
13,130,12.0,2.064143233485378,0.0,1.0,1.0,0.0,0.0,0.0
14,130,4.592083151888883,10.7940547314265,0.0,0.0,1.0,0.0,1.0,0.0
15,130,11.984651173790065,11.459595212640178,1.0,1.0,1.0,0.0,1.0,0.0
16,130,5.562736802716654,9.53941131012075,0.0,0.0,0.0,0.0,0.0,0.0
17,130,3.795124258558058,9.995093691790824,0.0,0.0,0.0,0.0,1.0,0.0
18,130,5.72226771233606,6.9174026928938,1.0,1.0,0.0,1.0,0.0,1.0
19,130,0.0,6.095173317567777,0.0,0.0,0.0,1.0,0.0,0.0
0,135,0.6029607138862435,1.0625686823396754,0.0,0.0,0.0,1.0,0.0,1.0
1,135,3.2299375346230987,3.509582213409073,1.0,0.0,1.0,0.0,1.0,0.0
2,135,4.180295115650347,0.0,0.0,0.0,0.0,0.0,1.0,0.0
3,135,11.586415453631163,2.0029539446909226,1.0,0.0,0.0,1.0,0.0,0.0
4,135,5.29473662822403,3.4203422752948773,0.0,0.0,1.0,1.0,0.0,0.0
5,135,0.0,1.5915932644116937,1.0,0.0,0.0,1.0,1.0,0.0
6,135,10.30985303725944,6.3508382388278894,0.0,0.0,1.0,1.0,1.0,1.0
7,135,1.7265894438752525,2.242350810752561,1.0,1.0,0.0,1.0,1.0,0.0
8,135,8.462210835250543,6.250949972766013,0.0,1.0,0.0,1.0,1.0,0.0
9,135,0.5646555426705194,5.951676596509476,0.0,0.0,0.0,1.0,0.0,0.0
10,135,3.863796052543474,7.84742884356217,0.0,0.0,1.0,0.0,0.0,0.0
11,135,4.501181578261316,7.982878222601956,1.0,0.0,0.0,0.0,0.0,0.0
12,135,12.0,0.7261720955264941,0.0,1.0,0.0,1.0,0.0,0.0
13,135,12.0,2.101578711717377,0.0,1.0,1.0,0.0,0.0,0.0
14,135,4.557978704627272,10.695849646824264,0.0,0.0,1.0,0.0,1.0,0.0
15,135,12.0,11.439382040314316,1.0,1.0,1.0,0.0,1.0,0.0
16,135,5.548136830461375,9.520926349122863,0.0,0.0,0.0,0.0,0.0,0.0
17,135,3.767402553421039,9.951730632724203,0.0,0.0,0.0,0.0,1.0,0.0
18,135,5.664299007931643,7.019527072311766,1.0,1.0,0.0,1.0,0.0,1.0
19,135,0.0,6.017759427500694,0.0,0.0,0.0,1.0,0.0,0.0
0,140,0.578741750402173,0.8670892090398382,0.0,0.0,0.0,1.0,0.0,1.0
1,140,3.12961752552381,3.484664956766914,1.0,0.0,1.0,0.0,1.0,0.0
2,140,4.113364304687873,0.0,0.0,0.0,0.0,0.0,1.0,0.0
3,140,11.5610690957991,1.8839796785920877,1.0,0.0,0.0,1.0,0.0,0.0
4,140,5.28692014404576,3.4372854664328285,0.0,0.0,1.0,1.0,0.0,0.0
5,140,0.0,1.495362955938691,1.0,0.0,0.0,1.0,1.0,0.0
6,140,10.3033611978316,6.353641971323175,0.0,0.0,1.0,1.0,1.0,1.0
7,140,1.7450920581046598,2.2553080069757767,1.0,1.0,0.0,1.0,1.0,0.0
8,140,8.44789026560626,6.240997787820144,0.0,1.0,0.0,1.0,1.0,0.0
9,140,0.6318158838823762,5.956774355810582,0.0,0.0,0.0,1.0,0.0,0.0
10,140,3.8902671077657702,7.903612516562911,0.0,0.0,1.0,0.0,0.0,0.0
11,140,4.509310219393305,7.963526079570651,1.0,0.0,0.0,0.0,0.0,0.0
12,140,12.0,0.6357428158197558,0.0,1.0,0.0,1.0,0.0,0.0
13,140,12.0,2.143221223404794,0.0,1.0,1.0,0.0,0.0,0.0
14,140,4.519396256150987,10.586152816332648,0.0,0.0,1.0,0.0,1.0,0.0
15,140,12.0,11.416821224888078,1.0,1.0,1.0,0.0,1.0,0.0
16,140,5.545649489087767,9.517841204156351,0.0,0.0,0.0,0.0,0.0,0.0
17,140,3.744025536840071,9.916382058279174,0.0,0.0,0.0,0.0,1.0,0.0
18,140,5.599257663786624,7.135423353615631,1.0,1.0,0.0,1.0,0.0,1.0
19,140,0.0,5.935833839405819,0.0,0.0,0.0,1.0,0.0,0.0
0,145,0.5558449740017902,0.6844262538374236,0.0,0.0,0.0,1.0,0.0,1.0
1,145,3.019849953948761,3.4595388617186003,1.0,0.0,1.0,0.0,1.0,0.0
2,145,4.041651383703485,0.0,0.0,0.0,0.0,0.0,1.0,0.0
3,145,11.537345173761905,1.7802806193628706,1.0,0.0,0.0,1.0,0.0,0.0
4,145,5.282203501168353,3.447599454795608,0.0,0.0,1.0,1.0,0.0,0.0
5,145,0.0,1.389607408423579,1.0,0.0,0.0,1.0,1.0,0.0
6,145,10.315932482729409,6.3483743280327625,0.0,0.0,1.0,1.0,1.0,1.0
7,145,1.7524972003357946,2.260451605060921,1.0,1.0,0.0,1.0,1.0,0.0
8,145,8.434371052008848,6.23120169605267,0.0,1.0,0.0,1.0,1.0,0.0
9,145,0.70069409003513,5.963746072807926,0.0,0.0,0.0,1.0,0.0,0.0
10,145,3.920899319831372,7.971867015710628,0.0,0.0,1.0,0.0,0.0,0.0
11,145,4.514345572696941,7.951785450272055,1.0,0.0,0.0,0.0,0.0,0.0
12,145,12.0,0.5427962340305392,0.0,1.0,0.0,1.0,0.0,0.0
13,145,12.0,2.1880735687376336,0.0,1.0,1.0,0.0,0.0,0.0
14,145,4.481910169448087,10.486641480873876,0.0,0.0,1.0,0.0,1.0,0.0
15,145,12.0,11.390588614964903,1.0,1.0,1.0,0.0,1.0,0.0
16,145,5.537954698892078,9.508187472965718,0.0,0.0,0.0,0.0,0.0,0.0
17,145,3.73494348473618,9.902148883437455,0.0,0.0,0.0,0.0,1.0,0.0
18,145,5.531381792134959,7.260025495874373,1.0,1.0,0.0,1.0,0.0,1.0
19,145,0.0,5.83818554024617,0.0,0.0,0.0,1.0,0.0,0.0
0,150,0.5311585327413672,0.4973424823390794,0.0,0.0,0.0,1.0,0.0,1.0
1,150,2.915677848921452,3.4375250479888333,1.0,0.0,1.0,0.0,1.0,0.0
2,150,3.972643882022709,0.0,0.0,0.0,0.0,0.0,1.0,0.0
3,150,11.519503037585082,1.6960950994174662,1.0,0.0,0.0,1.0,0.0,0.0
4,150,5.283444357823261,3.4448394657557304,0.0,0.0,1.0,1.0,0.0,0.0
5,150,0.0,1.2884255776535534,1.0,0.0,0.0,1.0,1.0,0.0
6,150,10.332191132205722,6.34125606882552,0.0,0.0,1.0,1.0,1.0,1.0
7,150,1.7716714033780687,2.2734343455445534,1.0,1.0,0.0,1.0,1.0,0.0
8,150,8.421688854854436,6.222149636324621,0.0,1.0,0.0,1.0,1.0,0.0
9,150,0.7687418259142016,5.971124244496173,0.0,0.0,0.0,1.0,0.0,0.0
10,150,3.954701418439491,8.052329504472821,0.0,0.0,1.0,0.0,0.0,0.0
11,150,4.518565948386271,7.942207121474112,1.0,0.0,0.0,0.0,0.0,0.0
12,150,12.0,0.4511655333404645,0.0,1.0,0.0,1.0,0.0,0.0
13,150,12.0,2.226736047188936,0.0,1.0,1.0,0.0,0.0,0.0
14,150,4.439664422592473,10.372653985550162,0.0,0.0,1.0,0.0,1.0,0.0
15,150,12.0,11.354060688906747,1.0,1.0,1.0,0.0,1.0,0.0
16,150,5.53958012138814,9.510092991437578,0.0,0.0,0.0,0.0,0.0,0.0
17,150,3.718676607952343,9.876649689344893,0.0,0.0,0.0,0.0,1.0,0.0
18,150,5.460818629094104,7.394888522886146,1.0,1.0,0.0,1.0,0.0,1.0
19,150,0.0,5.736629523418257,0.0,0.0,0.0,1.0,0.0,0.0
0,155,0.5029207590551654,0.3054833099718083,0.0,0.0,0.0,1.0,0.0,1.0
1,155,2.815297687424062,3.417887047630429,1.0,0.0,1.0,0.0,1.0,0.0
2,155,3.909681445857721,0.0,0.0,0.0,0.0,0.0,1.0,0.0
3,155,11.503883519837707,1.6153831258040945,1.0,0.0,0.0,1.0,0.0,0.0
4,155,5.296206994384123,3.41420317388771,0.0,0.0,1.0,1.0,0.0,0.0
5,155,0.0,1.192954773687796,1.0,0.0,0.0,1.0,1.0,0.0
6,155,10.334261481976696,6.34031811737746,0.0,0.0,1.0,1.0,1.0,1.0
7,155,1.7899155600146444,2.2858514924451376,1.0,1.0,0.0,1.0,1.0,0.0
8,155,8.404152128184307,6.20971645306363,0.0,1.0,0.0,1.0,1.0,0.0
9,155,0.8440266591553123,5.979155584580479,0.0,0.0,0.0,1.0,0.0,0.0
10,155,3.984158902004077,8.125167218296186,0.0,0.0,1.0,0.0,0.0,0.0
11,155,4.5280492249656366,7.921463259923513,1.0,0.0,0.0,0.0,0.0,0.0
12,155,12.0,0.3629102806240817,0.0,1.0,0.0,1.0,0.0,0.0
13,155,12.0,2.2675441214879,0.0,1.0,1.0,0.0,0.0,0.0
14,155,4.391809771790401,10.246537011706408,0.0,0.0,1.0,0.0,1.0,0.0
15,155,12.0,11.30412461330834,1.0,1.0,1.0,0.0,1.0,0.0
16,155,5.5403796951840025,9.511037528035809,0.0,0.0,0.0,0.0,0.0,0.0
17,155,3.6982340451887614,9.84559272318914,0.0,0.0,0.0,0.0,1.0,0.0
18,155,5.3916982962738205,7.528903889297245,1.0,1.0,0.0,1.0,0.0,1.0
19,155,0.0,5.636099989670172,0.0,0.0,0.0,1.0,0.0,0.0
0,160,0.4750332349005384,0.1221567369046081,0.0,0.0,0.0,1.0,0.0,1.0
1,160,2.688207772632355,3.392747618439574,1.0,0.0,1.0,0.0,1.0,0.0
2,160,3.830875486529251,0.0,0.0,0.0,0.0,0.0,1.0,0.0
3,160,11.489325658955837,1.5473872514494,1.0,0.0,0.0,1.0,0.0,0.0
4,160,5.3136266570479,3.3692927670157395,0.0,0.0,1.0,1.0,0.0,0.0
5,160,0.0,1.0984097064222915,1.0,0.0,0.0,1.0,1.0,0.0
6,160,10.336606025243016,6.33930153873415,0.0,0.0,1.0,1.0,1.0,1.0
7,160,1.814490693832273,2.30287803269208,1.0,1.0,0.0,1.0,1.0,0.0
8,160,8.378456968039096,6.191544305728186,0.0,1.0,0.0,1.0,1.0,0.0
9,160,0.918089654093422,5.986050262004377,0.0,0.0,0.0,1.0,0.0,0.0
10,160,4.0221491244603484,8.223925225356046,0.0,0.0,1.0,0.0,0.0,0.0
11,160,4.535064615415334,7.906063791685403,1.0,0.0,0.0,0.0,0.0,0.0
12,160,12.0,0.2745432955266519,0.0,1.0,0.0,1.0,0.0,0.0
13,160,12.0,2.326137383970811,0.0,1.0,1.0,0.0,0.0,0.0
14,160,4.346349445172532,10.13421146616402,0.0,0.0,1.0,0.0,1.0,0.0
15,160,12.0,11.248998458460228,1.0,1.0,1.0,0.0,1.0,0.0
16,160,5.546442926356564,9.518246096839352,0.0,0.0,0.0,0.0,0.0,0.0
17,160,3.667368497290727,9.79667773311674,0.0,0.0,0.0,0.0,1.0,0.0
18,160,5.331845279424698,7.640306196328636,1.0,1.0,0.0,1.0,0.0,1.0
19,160,0.0,5.54235674674439,0.0,0.0,0.0,1.0,0.0,0.0
0,165,0.4447382233501989,0.0,0.0,0.0,0.0,1.0,0.0,1.0
1,165,2.5549619431554973,3.366721487830985,1.0,0.0,1.0,0.0,1.0,0.0
2,165,3.7550304107189634,0.0,0.0,0.0,0.0,0.0,1.0,0.0
3,165,11.47613053721505,1.4812142372877504,1.0,0.0,0.0,1.0,0.0,0.0
4,165,5.330123462971216,3.3245449998043317,0.0,0.0,1.0,1.0,0.0,0.0
5,165,0.0,0.9962116301479638,1.0,0.0,0.0,1.0,1.0,0.0
6,165,10.354580919491273,6.331780130257052,0.0,0.0,1.0,1.0,1.0,1.0
7,165,1.821547323230126,2.3078836929665574,1.0,1.0,0.0,1.0,1.0,0.0
8,165,8.33600751797296,6.162950030992922,0.0,1.0,0.0,1.0,1.0,0.0
9,165,0.9950551708301512,5.993096494195225,0.0,0.0,0.0,1.0,0.0,0.0
10,165,4.058961935023629,8.317639946555587,0.0,0.0,1.0,0.0,0.0,0.0
11,165,4.548262849443089,7.877342234169294,1.0,0.0,0.0,0.0,0.0,0.0
12,165,12.0,0.2010388445348153,0.0,1.0,0.0,1.0,0.0,0.0
13,165,12.0,2.387310378596383,0.0,1.0,1.0,0.0,0.0,0.0
14,165,4.290464389193892,9.99885086695428,0.0,0.0,1.0,0.0,1.0,0.0
15,165,12.0,11.194724401618576,1.0,1.0,1.0,0.0,1.0,0.0
16,165,5.556359714860132,9.529469711543772,0.0,0.0,0.0,0.0,0.0,0.0
17,165,3.633091339632343,9.745500333726891,0.0,0.0,0.0,0.0,1.0,0.0
18,165,5.284302537190774,7.73151155240102,1.0,1.0,0.0,1.0,0.0,1.0
19,165,0.0,5.438402937834884,0.0,0.0,0.0,1.0,0.0,0.0
0,170,0.4082839286162473,0.0,0.0,0.0,0.0,1.0,0.0,1.0
1,170,2.4079067464057418,3.3385780060639485,1.0,0.0,1.0,0.0,1.0,0.0
2,170,3.679267787622824,0.0,0.0,0.0,0.0,0.0,1.0,0.0
3,170,11.46642140095063,1.432040483114696,1.0,0.0,0.0,1.0,0.0,0.0
4,170,5.342863781497571,3.288664688237436,0.0,0.0,1.0,1.0,0.0,0.0
5,170,0.0,0.8871446151399754,1.0,0.0,0.0,1.0,1.0,0.0
6,170,10.369476040256334,6.325927805430823,0.0,0.0,1.0,1.0,1.0,1.0
7,170,1.8117374152426065,2.3010189515208874,1.0,1.0,0.0,1.0,1.0,0.0
8,170,8.307866640338176,6.143152079659672,0.0,1.0,0.0,1.0,1.0,0.0
9,170,1.0593483104232149,5.998222754093188,0.0,0.0,0.0,1.0,0.0,0.0
10,170,4.097416582391039,8.415807904823218,0.0,0.0,1.0,0.0,0.0,0.0
11,170,4.55928908273173,7.853223669995326,1.0,0.0,0.0,0.0,0.0,0.0
12,170,12.0,0.1222702995197199,0.0,1.0,0.0,1.0,0.0,0.0
13,170,12.0,2.451074172390745,0.0,1.0,1.0,0.0,0.0,0.0
14,170,4.244651551172981,9.884244880222305,0.0,0.0,1.0,0.0,1.0,0.0
15,170,12.0,11.137854905448144,1.0,1.0,1.0,0.0,1.0,0.0
16,170,5.559833609416627,9.53338913149269,0.0,0.0,0.0,0.0,0.0,0.0
17,170,3.5999068603869904,9.69337708687846,0.0,0.0,0.0,0.0,1.0,0.0
18,170,5.228119169633114,7.8347332305141,1.0,1.0,0.0,1.0,0.0,1.0
19,170,0.0,5.328390371732774,0.0,0.0,0.0,1.0,0.0,0.0
0,175,0.3743092853149495,0.0,0.0,0.0,0.0,1.0,0.0,1.0
1,175,2.2488415075665493,3.303199443998124,1.0,0.0,1.0,0.0,1.0,0.0
2,175,3.6114093146246953,0.0,0.0,0.0,0.0,0.0,1.0,0.0
3,175,11.460723517725386,1.404504111459815,1.0,0.0,0.0,1.0,0.0,0.0
4,175,5.349322307385789,3.2704348603583884,0.0,0.0,1.0,1.0,0.0,0.0
5,175,0.0,0.7836883861117648,1.0,0.0,0.0,1.0,1.0,0.0
6,175,10.383307914432317,6.319648265762472,0.0,0.0,1.0,1.0,1.0,1.0
7,175,1.792574784746478,2.2871535411645585,1.0,1.0,0.0,1.0,1.0,0.0
8,175,8.284269424391693,6.127436477263983,0.0,1.0,0.0,1.0,1.0,0.0
9,175,1.1212420716183735,6.005125012130559,0.0,0.0,0.0,1.0,0.0,0.0
10,175,4.149011195153076,8.537644775032271,0.0,0.0,1.0,0.0,0.0,0.0
11,175,4.560889459587796,7.849814162053236,1.0,0.0,0.0,0.0,0.0,0.0
12,175,12.0,0.0453053987770388,0.0,1.0,0.0,1.0,0.0,0.0
13,175,12.0,2.5089231513832577,0.0,1.0,1.0,0.0,0.0,0.0
14,175,4.201425239182019,9.776923755889,0.0,0.0,1.0,0.0,1.0,0.0
15,175,12.0,11.084849421037228,1.0,1.0,1.0,0.0,1.0,0.0
16,175,5.568460135637575,9.54306217222558,0.0,0.0,0.0,0.0,0.0,0.0
17,175,3.575598762076053,9.656632997684172,0.0,0.0,0.0,0.0,1.0,0.0
18,175,5.175645771002476,7.933303521130495,1.0,1.0,0.0,1.0,0.0,1.0
19,175,0.0,5.227208182448956,0.0,0.0,0.0,1.0,0.0,0.0
0,180,0.3433399226307334,0.0,0.0,0.0,0.0,1.0,0.0,1.0
1,180,2.0690253461242976,3.263633707937473,1.0,0.0,1.0,0.0,1.0,0.0
2,180,3.5375715122861333,0.0,0.0,0.0,0.0,0.0,1.0,0.0
3,180,11.456307535350442,1.384699868667492,1.0,0.0,0.0,1.0,0.0,0.0
4,180,5.357833088283922,3.2472494084464207,0.0,0.0,1.0,1.0,0.0,0.0
5,180,0.0,0.6788426666209159,1.0,0.0,0.0,1.0,1.0,0.0
6,180,10.38276424861677,6.319896302197754,0.0,0.0,1.0,1.0,1.0,1.0
7,180,1.7885365144340506,2.2841511169672755,1.0,1.0,0.0,1.0,1.0,0.0
8,180,8.269702204498438,6.1175623223381805,0.0,1.0,0.0,1.0,1.0,0.0
9,180,1.1723463732060566,6.0111709976777234,0.0,0.0,0.0,1.0,0.0,0.0
10,180,4.199099869976515,8.653579639982915,0.0,0.0,1.0,0.0,0.0,0.0
11,180,4.574546376013596,7.822414449713221,1.0,0.0,0.0,0.0,0.0,0.0
12,180,12.0,0.0,0.0,1.0,0.0,1.0,0.0,0.0
13,180,12.0,2.555720711052427,0.0,1.0,1.0,0.0,0.0,0.0
14,180,4.162234473439101,9.668228413955047,0.0,0.0,1.0,0.0,1.0,0.0
15,180,12.0,11.0291568926527,1.0,1.0,1.0,0.0,1.0,0.0
16,180,5.57077668639435,9.54559122488579,0.0,0.0,0.0,0.0,0.0,0.0
17,180,3.541482986191331,9.60182893713667,0.0,0.0,0.0,0.0,1.0,0.0
18,180,5.112019932058933,8.050333294580913,1.0,1.0,0.0,1.0,0.0,1.0
19,180,0.0,5.130825822997974,0.0,0.0,0.0,1.0,0.0,0.0
0,185,0.3074037543799969,0.0,0.0,0.0,0.0,1.0,0.0,1.0
1,185,1.875658601931258,3.228610487440072,1.0,0.0,1.0,0.0,1.0,0.0
2,185,3.47051048302006,0.0,0.0,0.0,0.0,0.0,1.0,0.0
3,185,11.44958741875056,1.353512489332406,1.0,0.0,0.0,1.0,0.0,0.0
4,185,5.36310112617738,3.2330243202936733,0.0,0.0,1.0,1.0,0.0,0.0
5,185,0.0,0.5666853526071004,1.0,0.0,0.0,1.0,1.0,0.0
6,185,10.386075176998212,6.318402145065192,0.0,0.0,1.0,1.0,1.0,1.0
7,185,1.801622677324794,2.293681316633032,1.0,1.0,0.0,1.0,1.0,0.0
8,185,8.243940189361089,6.100378975092358,0.0,1.0,0.0,1.0,1.0,0.0
9,185,1.2613935556831155,6.0188281608099485,0.0,0.0,0.0,1.0,0.0,0.0
10,185,4.244412732278853,8.76051556232387,0.0,0.0,1.0,0.0,0.0,0.0
11,185,4.5923834717322,7.783852047008986,1.0,0.0,0.0,0.0,0.0,0.0
12,185,12.0,0.0,0.0,1.0,0.0,1.0,0.0,0.0
13,185,12.0,2.5969167899238106,0.0,1.0,1.0,0.0,0.0,0.0
14,185,4.124705952540007,9.56059425348895,0.0,0.0,1.0,0.0,1.0,0.0
15,185,12.0,10.968535683677414,1.0,1.0,1.0,0.0,1.0,0.0
16,185,5.562651850073799,9.53702830391206,0.0,0.0,0.0,0.0,0.0,0.0
17,185,3.5147406700834374,9.555704432368987,0.0,0.0,0.0,0.0,1.0,0.0
18,185,5.042867932586815,8.174697909909021,1.0,1.0,0.0,1.0,0.0,1.0
19,185,0.0,5.04163321316762,0.0,0.0,0.0,1.0,0.0,0.0
0,190,0.2729292221101294,0.0,0.0,0.0,0.0,1.0,0.0,1.0
1,190,1.673307104951392,3.1913520291099,1.0,0.0,1.0,0.0,1.0,0.0
2,190,3.397802097141048,0.0,0.0,0.0,0.0,0.0,1.0,0.0
3,190,11.44356705964126,1.3213211294311684,1.0,0.0,0.0,1.0,0.0,0.0
4,190,5.363165362335276,3.23286014217003,0.0,0.0,1.0,1.0,0.0,0.0
5,190,0.0,0.4511796466009635,1.0,0.0,0.0,1.0,1.0,0.0
6,190,10.374073982457457,6.323110321461726,0.0,0.0,1.0,1.0,1.0,1.0
7,190,1.815655486143688,2.302692969536491,1.0,1.0,0.0,1.0,1.0,0.0
8,190,8.211084160361004,6.079716420314429,0.0,1.0,0.0,1.0,1.0,0.0
9,190,1.36467756295777,6.026948357628616,0.0,0.0,0.0,1.0,0.0,0.0
10,190,4.290598931128208,8.876544886754559,0.0,0.0,1.0,0.0,0.0,0.0
11,190,4.618707390096781,7.724008734898874,1.0,0.0,0.0,0.0,0.0,0.0
12,190,12.0,0.0,0.0,1.0,0.0,1.0,0.0,0.0
13,190,12.0,2.635732601270268,0.0,1.0,1.0,0.0,0.0,0.0
14,190,4.094137709039135,9.467563430079602,0.0,0.0,1.0,0.0,1.0,0.0
15,190,12.0,10.9115043849787,1.0,1.0,1.0,0.0,1.0,0.0
16,190,5.548330047911714,9.521670251126228,0.0,0.0,0.0,0.0,0.0,0.0
17,190,3.473140656396196,9.579850467801707,0.0,0.0,0.0,0.0,1.0,0.0
18,190,4.971011942432156,8.305130880663533,1.0,1.0,0.0,1.0,0.0,1.0
19,190,0.0,4.9503702914887695,0.0,0.0,0.0,1.0,0.0,0.0
0,195,0.2396841394559023,0.0,0.0,0.0,0.0,1.0,0.0,1.0
1,195,1.4521029501107785,3.149662811945164,1.0,0.0,1.0,0.0,1.0,0.0
2,195,3.309046504833825,0.0,0.0,0.0,0.0,0.0,1.0,0.0
3,195,11.440320699549488,1.3008989027919549,1.0,0.0,0.0,1.0,0.0,0.0
4,195,5.365499851357435,3.226507042361062,0.0,0.0,1.0,1.0,0.0,0.0
5,195,0.0,0.3353270614616426,1.0,0.0,0.0,1.0,1.0,0.0
6,195,10.347562540212213,6.333262734521827,0.0,0.0,1.0,1.0,1.0,1.0
7,195,1.830896095477598,2.312015341058373,1.0,1.0,0.0,1.0,1.0,0.0
8,195,8.178403068899335,6.0597770883183,0.0,1.0,0.0,1.0,1.0,0.0
9,195,1.494508570042374,6.038614324035063,0.0,0.0,0.0,1.0,0.0,0.0
10,195,4.326002933172255,8.965592922398647,0.0,0.0,1.0,0.0,0.0,0.0
11,195,4.648668743620855,7.655184820208174,1.0,0.0,0.0,0.0,0.0,0.0
12,195,12.0,0.0,0.0,1.0,0.0,1.0,0.0,0.0
13,195,12.0,2.6624782670398592,0.0,1.0,1.0,0.0,0.0,0.0
14,195,4.070961010961254,9.39380416748656,0.0,0.0,1.0,0.0,1.0,0.0
15,195,12.0,10.84704681653664,1.0,1.0,1.0,0.0,1.0,0.0
16,195,5.533231383987395,9.506520747884894,0.0,0.0,0.0,0.0,0.0,0.0
17,195,3.4394531189132893,9.597884538283877,0.0,0.0,0.0,0.0,1.0,0.0
18,195,4.896317715251131,8.43827595146267,1.0,1.0,0.0,1.0,0.0,1.0
19,195,0.0,4.877941590909726,0.0,0.0,0.0,1.0,0.0,0.0
0,200,0.2094091638419364,0.0,0.0,0.0,0.0,1.0,0.0,1.0
1,200,1.2156920800034026,3.1009987259627816,1.0,0.0,1.0,0.0,1.0,0.0
2,200,3.2347143578691275,0.0,0.0,0.0,0.0,0.0,1.0,0.0
3,200,11.439428372906251,1.295132984366122,1.0,0.0,0.0,1.0,0.0,0.0
4,200,5.361817110464347,3.236304554521143,0.0,0.0,1.0,1.0,0.0,0.0
5,200,0.0,0.2193429099435745,1.0,0.0,0.0,1.0,1.0,0.0
6,200,10.342473114348897,6.335024976328958,0.0,0.0,1.0,1.0,1.0,1.0
7,200,1.833165495540964,2.3133638907708973,1.0,1.0,0.0,1.0,1.0,0.0
8,200,8.138902298289066,6.03630076671691,0.0,1.0,0.0,1.0,1.0,0.0
9,200,1.6319442846412826,6.051886019246116,0.0,0.0,0.0,1.0,0.0,0.0
10,200,4.362349678345368,9.059324139392528,0.0,0.0,1.0,0.0,0.0,0.0
11,200,4.688018218307745,7.5646802628682,1.0,0.0,0.0,0.0,0.0,0.0
12,200,12.0,0.0,0.0,1.0,0.0,1.0,0.0,0.0
13,200,12.0,2.6982827529188413,0.0,1.0,1.0,0.0,0.0,0.0
14,200,4.043787960281151,9.312948578941697,0.0,0.0,1.0,0.0,1.0,0.0
15,200,12.0,10.79025605441674,1.0,1.0,1.0,0.0,1.0,0.0
16,200,5.517707573299616,9.491551735257678,0.0,0.0,0.0,0.0,0.0,0.0
17,200,3.420761033529808,9.60718501546318,0.0,0.0,0.0,0.0,1.0,0.0
18,200,4.818356352271086,8.588744994685594,1.0,1.0,0.0,1.0,0.0,1.0
19,200,0.0,4.790513451057415,0.0,0.0,0.0,1.0,0.0,0.0
0,205,0.1788145984979182,0.0,0.0,0.0,0.0,1.0,0.0,1.0
1,205,0.9895470205484372,3.049848913850031,1.0,0.0,1.0,0.0,1.0,0.0
2,205,3.1676687627880997,0.0,0.0,0.0,0.0,0.0,1.0,0.0
3,205,11.440346580480982,1.2949788565979878,1.0,0.0,0.0,1.0,0.0,0.0
4,205,5.358561429217738,3.2459330633925783,0.0,0.0,1.0,1.0,0.0,0.0
5,205,0.0,0.1069818991318859,1.0,0.0,0.0,1.0,1.0,0.0
6,205,10.343451670158814,6.3347112392428695,0.0,0.0,1.0,1.0,1.0,1.0
7,205,1.8379477619799676,2.316191789999321,1.0,1.0,0.0,1.0,1.0,0.0
8,205,8.10638008297197,6.01756610848389,0.0,1.0,0.0,1.0,1.0,0.0
9,205,1.774503586467306,6.069019894117377,0.0,0.0,0.0,1.0,0.0,0.0
10,205,4.390716425922983,9.128426911452536,0.0,0.0,1.0,0.0,0.0,0.0
11,205,4.736152877092039,7.455783881861734,1.0,0.0,0.0,0.0,0.0,0.0
12,205,12.0,0.0,0.0,1.0,0.0,1.0,0.0,0.0
13,205,12.0,2.7460163014989254,0.0,1.0,1.0,0.0,0.0,0.0
14,205,4.0232352586989055,9.253162280551356,0.0,0.0,1.0,0.0,1.0,0.0
15,205,12.0,10.743641945620064,1.0,1.0,1.0,0.0,1.0,0.0
16,205,5.520384930780674,9.494252471792556,0.0,0.0,0.0,0.0,0.0,0.0
17,205,3.4077195990065854,9.61359314081451,0.0,0.0,0.0,0.0,1.0,0.0
18,205,4.737502181062832,8.735271287771448,1.0,1.0,0.0,1.0,0.0,1.0
19,205,0.0,4.714367138824317,0.0,0.0,0.0,1.0,0.0,0.0
0,210,0.1431857108720656,0.0,0.0,0.0,0.0,1.0,0.0,1.0
1,210,0.7542722423197037,2.995570804293053,1.0,0.0,1.0,0.0,1.0,0.0
2,210,3.110834960277329,0.0,0.0,0.0,0.0,0.0,1.0,0.0
3,210,11.441832844512234,1.2947179592314968,1.0,0.0,0.0,1.0,0.0,0.0
4,210,5.358776886776502,3.2453153285295206,0.0,0.0,1.0,1.0,0.0,0.0
5,210,0.0,0.0047793047656801,1.0,0.0,0.0,1.0,1.0,0.0
6,210,10.345997087599958,6.333937163824637,0.0,0.0,1.0,1.0,1.0,1.0
7,210,1.81698856792112,2.3033342736408104,1.0,1.0,0.0,1.0,1.0,0.0
8,210,8.065524533012288,5.994587860472029,0.0,1.0,0.0,1.0,1.0,0.0
9,210,1.92657571544034,6.091874637448613,0.0,0.0,0.0,1.0,0.0,0.0
10,210,4.424713918138698,9.20563006607349,0.0,0.0,1.0,0.0,0.0,0.0
11,210,4.780455614265251,7.359926414086637,1.0,0.0,0.0,0.0,0.0,0.0
12,210,12.0,0.0,0.0,1.0,0.0,1.0,0.0,0.0
13,210,12.0,2.793432818208481,0.0,1.0,1.0,0.0,0.0,0.0
14,210,4.005139493743122,9.19847647312838,0.0,0.0,1.0,0.0,1.0,0.0
15,210,12.0,10.706344793672542,1.0,1.0,1.0,0.0,1.0,0.0
16,210,5.529412858856134,9.503557931441794,0.0,0.0,0.0,0.0,0.0,0.0
17,210,3.385413492085019,9.624178995783074,0.0,0.0,0.0,0.0,1.0,0.0
18,210,4.672178280443925,8.856770407181,1.0,1.0,0.0,1.0,0.0,1.0
19,210,0.0,4.63831838911512,0.0,0.0,0.0,1.0,0.0,0.0
0,215,0.107296995503157,0.0,0.0,0.0,0.0,1.0,0.0,1.0
1,215,0.517477432658148,2.941100004269819,1.0,0.0,1.0,0.0,1.0,0.0
2,215,3.037050307609416,0.0,0.0,0.0,0.0,0.0,1.0,0.0
3,215,11.45356067637147,1.2924027367593276,1.0,0.0,0.0,1.0,0.0,0.0
4,215,5.362007995841673,3.235265422359758,0.0,0.0,1.0,1.0,0.0,0.0
5,215,0.0,0.0,1.0,0.0,0.0,1.0,1.0,0.0
6,215,10.336704961685284,6.336715766898114,0.0,0.0,1.0,1.0,1.0,1.0
7,215,1.7998733621536456,2.2928287326776533,1.0,1.0,0.0,1.0,1.0,0.0
8,215,8.030450354863659,5.975294346641483,0.0,1.0,0.0,1.0,1.0,0.0
9,215,2.082203223638709,6.11882864778359,0.0,0.0,0.0,1.0,0.0,0.0
10,215,4.455492411895022,9.280961349608996,0.0,0.0,1.0,0.0,0.0,0.0
11,215,4.824769433970144,7.26776587419485,1.0,0.0,0.0,0.0,0.0,0.0
12,215,12.0,0.0,0.0,1.0,0.0,1.0,0.0,0.0
13,215,12.0,2.8527566922663588,0.0,1.0,1.0,0.0,0.0,0.0
14,215,3.986768438026689,9.142009705391237,0.0,0.0,1.0,0.0,1.0,0.0
15,215,12.0,10.66346953949995,1.0,1.0,1.0,0.0,1.0,0.0
16,215,5.522492034786345,9.496538711957728,0.0,0.0,0.0,0.0,0.0,0.0
17,215,3.362478138911778,9.63520232708273,0.0,0.0,0.0,0.0,1.0,0.0
18,215,4.610061530152324,8.96886490944152,1.0,1.0,0.0,1.0,0.0,1.0
19,215,0.0,4.558659716074872,0.0,0.0,0.0,1.0,0.0,0.0
0,220,0.0713272542455475,0.0,0.0,0.0,0.0,1.0,0.0,1.0
1,220,0.2677369944795944,2.880953864660254,1.0,0.0,1.0,0.0,1.0,0.0
2,220,2.948072222549146,0.0,0.0,0.0,0.0,0.0,1.0,0.0
3,220,11.46198472342072,1.2907953673761523,1.0,0.0,0.0,1.0,0.0,0.0
4,220,5.356923549579234,3.2511141792398086,0.0,0.0,1.0,1.0,0.0,0.0
5,220,0.0,0.0,1.0,0.0,0.0,1.0,1.0,0.0
6,220,10.330219542861157,6.338744884249338,0.0,0.0,1.0,1.0,1.0,1.0
7,220,1.7766917954924162,2.278764786119398,1.0,1.0,0.0,1.0,1.0,0.0
8,220,7.991651440794564,5.954700577270247,0.0,1.0,0.0,1.0,1.0,0.0
9,220,2.245014773504645,6.1495880483755565,0.0,0.0,0.0,1.0,0.0,0.0
10,220,4.477715592246435,9.338034900821723,0.0,0.0,1.0,0.0,0.0,0.0
11,220,4.86337148621309,7.188190117705157,1.0,0.0,0.0,0.0,0.0,0.0
12,220,12.0,0.0,0.0,1.0,0.0,1.0,0.0,0.0
13,220,12.0,2.929992183113565,0.0,1.0,1.0,0.0,0.0,0.0
14,220,3.97435940453645,9.104350319760243,0.0,0.0,1.0,0.0,1.0,0.0
15,220,12.0,10.611709525231714,1.0,1.0,1.0,0.0,1.0,0.0
16,220,5.537786670329955,9.48095115050536,0.0,0.0,0.0,0.0,0.0,0.0
17,220,3.327362127772,9.652057853144225,0.0,0.0,0.0,0.0,1.0,0.0
18,220,4.546751778666641,9.085802424688556,1.0,1.0,0.0,1.0,0.0,1.0
19,220,0.0,4.462224458893956,0.0,0.0,0.0,1.0,0.0,0.0
0,225,0.0372291792284319,0.0,0.0,0.0,0.0,1.0,0.0,1.0
1,225,0.0176197166815711,2.825278474089578,1.0,0.0,1.0,0.0,1.0,0.0
2,225,2.8581576184098787,0.0,0.0,0.0,0.0,0.0,1.0,0.0
3,225,11.462503929795592,1.2906901096890844,1.0,0.0,0.0,1.0,0.0,0.0
4,225,5.348034012670901,3.282513961726647,0.0,0.0,1.0,1.0,0.0,0.0
5,225,0.0,0.0,1.0,0.0,0.0,1.0,1.0,0.0
6,225,10.301315492528976,6.347309275740449,0.0,0.0,1.0,1.0,1.0,1.0
7,225,1.733310122304739,2.25151159283248,1.0,1.0,0.0,1.0,1.0,0.0
8,225,7.960667046576514,5.93897209734574,0.0,1.0,0.0,1.0,1.0,0.0
9,225,2.4172854625864675,6.181065006815072,0.0,0.0,0.0,1.0,0.0,0.0
10,225,4.5064110779511,9.416495917816889,0.0,0.0,1.0,0.0,0.0,0.0
11,225,4.909386115900165,7.092159761481084,1.0,0.0,0.0,0.0,0.0,0.0
12,225,12.0,0.0,0.0,1.0,0.0,1.0,0.0,0.0
13,225,12.0,3.013171078666988,0.0,1.0,1.0,0.0,0.0,0.0
14,225,3.956577500725225,9.05028555356284,0.0,0.0,1.0,0.0,1.0,0.0
15,225,12.0,10.559648468809597,1.0,1.0,1.0,0.0,1.0,0.0
16,225,5.533137166662441,9.485747649324807,0.0,0.0,0.0,0.0,0.0,0.0
17,225,3.289481414043891,9.671043312744626,0.0,0.0,0.0,0.0,1.0,0.0
18,225,4.477096121285746,9.210072885085598,1.0,1.0,0.0,1.0,0.0,1.0
19,225,0.0,4.377970615126486,0.0,0.0,0.0,1.0,0.0,0.0
0,230,0.0,0.0,0.0,0.0,0.0,1.0,0.0,1.0
1,230,0.0,3.079693551113873,1.0,0.0,1.0,0.0,1.0,0.0
2,230,2.7823731016726336,0.0,0.0,0.0,0.0,0.0,1.0,0.0
3,230,11.485111591718304,1.2862056988699926,1.0,0.0,0.0,1.0,0.0,0.0
4,230,5.3428769334924295,3.302288040792294,0.0,0.0,1.0,1.0,0.0,0.0
5,230,0.0,0.0,1.0,0.0,0.0,1.0,1.0,0.0
6,230,10.269845949500327,6.357105228715642,0.0,0.0,1.0,1.0,1.0,1.0
7,230,1.681021775312467,2.217990994969507,1.0,1.0,0.0,1.0,1.0,0.0
8,230,7.921820053571058,5.918518172683329,0.0,1.0,0.0,1.0,1.0,0.0
9,230,2.5963978616239465,6.21376071081388,0.0,0.0,0.0,1.0,0.0,0.0
10,230,4.542043384010758,9.505663450913216,0.0,0.0,1.0,0.0,0.0,0.0
11,230,4.949609011133587,7.006427489348421,1.0,0.0,0.0,0.0,0.0,0.0
12,230,12.0,0.0,0.0,1.0,0.0,1.0,0.0,0.0
13,230,12.0,3.103187762469424,0.0,1.0,1.0,0.0,0.0,0.0
14,230,3.936282557046222,8.990287503495486,0.0,0.0,1.0,0.0,1.0,0.0
15,230,12.0,10.514887345498954,1.0,1.0,1.0,0.0,1.0,0.0
16,230,5.532020530332261,9.48687858347756,0.0,0.0,0.0,0.0,0.0,0.0
17,230,3.273484753776774,9.67866430312857,0.0,0.0,0.0,0.0,1.0,0.0
18,230,4.41381851201031,9.323662297803232,1.0,1.0,0.0,1.0,0.0,1.0
19,230,0.0,4.275847194143078,0.0,0.0,0.0,1.0,0.0,0.0
0,235,0.0,0.0,0.0,0.0,0.0,1.0,0.0,1.0
1,235,0.0,3.336672022931796,1.0,0.0,1.0,0.0,1.0,0.0
2,235,2.706902736198248,0.0,0.0,0.0,0.0,0.0,1.0,0.0
3,235,11.512615340594628,1.280460927051006,1.0,0.0,0.0,1.0,0.0,0.0
4,235,5.341191141641559,3.308597401774696,0.0,0.0,1.0,1.0,0.0,0.0
5,235,0.0,0.0,1.0,0.0,0.0,1.0,1.0,0.0
6,235,10.212107327436124,6.376151616692969,0.0,0.0,1.0,1.0,1.0,1.0
7,235,1.6301484164910507,2.1866184542766787,1.0,1.0,0.0,1.0,1.0,0.0
8,235,7.879482727429972,5.897120552136266,0.0,1.0,0.0,1.0,1.0,0.0
9,235,2.752778418531637,6.239502895096639,0.0,0.0,0.0,1.0,0.0,0.0
10,235,4.576851525187553,9.587632142414416,0.0,0.0,1.0,0.0,0.0,0.0
11,235,4.997019480168338,6.898724211721574,1.0,0.0,0.0,0.0,0.0,0.0
12,235,12.0,0.0,0.0,1.0,0.0,1.0,0.0,0.0
13,235,12.0,3.193134199670993,0.0,1.0,1.0,0.0,0.0,0.0
14,235,3.914057638599673,8.92553014815113,0.0,0.0,1.0,0.0,1.0,0.0
15,235,12.0,10.467350541528884,1.0,1.0,1.0,0.0,1.0,0.0
16,235,5.535800119429897,9.483358998361677,0.0,0.0,0.0,0.0,0.0,0.0
17,235,3.2677070629784133,9.681331486442822,0.0,0.0,0.0,0.0,1.0,0.0
18,235,4.349693600966476,9.446697411310176,1.0,1.0,0.0,1.0,0.0,1.0
19,235,0.0,4.184567308792473,0.0,0.0,0.0,1.0,0.0,0.0
0,240,0.0,0.0,0.0,0.0,0.0,1.0,0.0,1.0
1,240,0.0,3.5765109685168737,1.0,0.0,1.0,0.0,1.0,0.0
2,240,2.6357317091966026,0.0,0.0,0.0,0.0,0.0,1.0,0.0
3,240,11.561321360185174,1.2701818785409609,1.0,0.0,0.0,1.0,0.0,0.0
4,240,5.337433773911076,3.322340425400365,0.0,0.0,1.0,1.0,0.0,0.0
5,240,0.0,0.0,1.0,0.0,0.0,1.0,1.0,0.0
6,240,10.159255155421857,6.393971131742462,0.0,0.0,1.0,1.0,1.0,1.0
7,240,1.592735805517835,2.163443056507957,1.0,1.0,0.0,1.0,1.0,0.0
8,240,7.854987543026916,5.884615267308967,0.0,1.0,0.0,1.0,1.0,0.0
9,240,2.9113610558568896,6.270365956738687,0.0,0.0,0.0,1.0,0.0,0.0
10,240,4.471364338636074,9.63318198337949,0.0,0.0,1.0,0.0,0.0,0.0
11,240,5.04297821492903,6.79970261437214,1.0,0.0,0.0,0.0,0.0,0.0
12,240,12.0,0.0,0.0,1.0,0.0,1.0,0.0,0.0
13,240,12.0,3.2890036416269943,0.0,1.0,1.0,0.0,0.0,0.0
14,240,3.8916372103991,8.860014302760154,0.0,0.0,1.0,0.0,1.0,0.0
15,240,12.0,10.4183064216538,1.0,1.0,1.0,0.0,1.0,0.0
16,240,5.533099474075576,9.48602619850989,0.0,0.0,0.0,0.0,0.0,0.0
17,240,3.237198526780298,9.694206009380885,0.0,0.0,0.0,0.0,1.0,0.0
18,240,4.296656811714279,9.549141115715512,1.0,1.0,0.0,1.0,0.0,1.0
19,240,0.0,4.081221124188966,0.0,0.0,0.0,1.0,0.0,0.0
0,245,0.0,0.0,0.0,0.0,0.0,1.0,0.0,1.0
1,245,0.0,3.827157974169169,1.0,0.0,1.0,0.0,1.0,0.0
2,245,2.5748282201311614,0.0,0.0,0.0,0.0,0.0,1.0,0.0
3,245,11.616019629434874,1.2582309014201791,1.0,0.0,0.0,1.0,0.0,0.0
4,245,5.329839574150089,3.353616852791901,0.0,0.0,1.0,1.0,0.0,0.0
5,245,0.0,0.0,1.0,0.0,0.0,1.0,1.0,0.0
6,245,10.109402636899889,6.4097490491293065,0.0,0.0,1.0,1.0,1.0,1.0
7,245,1.547415764947847,2.136911242393084,1.0,1.0,0.0,1.0,1.0,0.0
8,245,7.851513658700238,5.882782139633292,0.0,1.0,0.0,1.0,1.0,0.0
9,245,3.0751663257419293,6.299210738268381,0.0,0.0,0.0,1.0,0.0,0.0
10,245,4.398342828599411,9.663881109075016,0.0,0.0,1.0,0.0,0.0,0.0
11,245,5.096138958235148,6.688683103679371,1.0,0.0,0.0,0.0,0.0,0.0
12,245,12.0,0.0,0.0,1.0,0.0,1.0,0.0,0.0
13,245,12.0,3.3890570975232936,0.0,1.0,1.0,0.0,0.0,0.0
14,245,3.865713665114107,8.786135109625897,0.0,0.0,1.0,0.0,1.0,0.0
15,245,12.0,10.364969992333332,1.0,1.0,1.0,0.0,1.0,0.0
16,245,5.521730331530773,9.49788525990612,0.0,0.0,0.0,0.0,0.0,0.0
17,245,3.182448523317669,9.71619783438431,0.0,0.0,0.0,0.0,1.0,0.0
18,245,4.249462944930417,9.636135064386815,1.0,1.0,0.0,1.0,0.0,1.0
19,245,0.0,3.987700446427987,0.0,0.0,0.0,1.0,0.0,0.0
0,250,0.0,0.0,0.0,0.0,0.0,1.0,0.0,1.0
1,250,0.0,4.108803606102236,1.0,0.0,1.0,0.0,1.0,0.0
2,250,2.5040839853386005,0.0,0.0,0.0,0.0,0.0,1.0,0.0
3,250,11.71064213491226,1.238862559698377,1.0,0.0,0.0,1.0,0.0,0.0
4,250,5.326537708409191,3.367718633351617,0.0,0.0,1.0,1.0,0.0,0.0
5,250,0.0,0.0,1.0,0.0,0.0,1.0,1.0,0.0
6,250,10.060344289774031,6.424361211152396,0.0,0.0,1.0,1.0,1.0,1.0
7,250,1.5027834392416823,2.110544854402905,1.0,1.0,0.0,1.0,1.0,0.0
8,250,7.835735045491084,5.874580508255698,0.0,1.0,0.0,1.0,1.0,0.0
9,250,3.2268355643123736,6.333114031501044,0.0,0.0,0.0,1.0,0.0,0.0
10,250,4.343615052808058,9.68606153664494,0.0,0.0,1.0,0.0,0.0,0.0
11,250,5.146301495450338,6.587057651318887,1.0,0.0,0.0,0.0,0.0,0.0
12,250,12.0,0.0,0.0,1.0,0.0,1.0,0.0,0.0
13,250,12.0,3.4848957207926348,0.0,1.0,1.0,0.0,0.0,0.0
14,250,3.838446593643979,8.70863752698669,0.0,0.0,1.0,0.0,1.0,0.0
15,250,12.0,10.304142258067454,1.0,1.0,1.0,0.0,1.0,0.0
16,250,5.512750271484292,9.507296370305133,0.0,0.0,0.0,0.0,0.0,0.0
17,250,3.1118094982420965,9.745116373975709,0.0,0.0,0.0,0.0,1.0,0.0
18,250,4.194553010997301,9.732096489811022,1.0,1.0,0.0,1.0,0.0,1.0
19,250,0.0,3.883216045336205,0.0,0.0,0.0,1.0,0.0,0.0
0,255,0.0,0.0,0.0,0.0,0.0,1.0,0.0,1.0
1,255,0.0,4.40842944343709,1.0,0.0,1.0,0.0,1.0,0.0
2,255,2.430130907912373,0.0,0.0,0.0,0.0,0.0,1.0,0.0
3,255,11.795713313130411,1.2214574569969048,1.0,0.0,0.0,1.0,0.0,0.0
4,255,5.322413516199989,3.3859541217914804,0.0,0.0,1.0,1.0,0.0,0.0
5,255,0.0,0.0,1.0,0.0,0.0,1.0,1.0,0.0
6,255,10.013272522549558,6.439620749603212,0.0,0.0,1.0,1.0,1.0,1.0
7,255,1.4650592094992811,2.087590905873545,1.0,1.0,0.0,1.0,1.0,0.0
8,255,7.81745899321747,5.865039817507142,0.0,1.0,0.0,1.0,1.0,0.0
9,255,3.3663397226379908,6.365312592284679,0.0,0.0,0.0,1.0,0.0,0.0
10,255,4.301778016550457,9.703976708883346,0.0,0.0,1.0,0.0,0.0,0.0
11,255,5.183785935828413,6.507976885706997,1.0,0.0,0.0,0.0,0.0,0.0
12,255,12.0,0.0,0.0,1.0,0.0,1.0,0.0,0.0
13,255,12.0,3.566157138274479,0.0,1.0,1.0,0.0,0.0,0.0
14,255,3.8073951926217022,8.623908001755522,0.0,0.0,1.0,0.0,1.0,0.0
15,255,12.0,10.237994796626388,1.0,1.0,1.0,0.0,1.0,0.0
16,255,5.527372900379292,9.491717556400683,0.0,0.0,0.0,0.0,0.0,0.0
17,255,3.0622846082806308,9.763870889189866,0.0,0.0,0.0,0.0,1.0,0.0
18,255,4.130622602408252,9.84683586057583,1.0,1.0,0.0,1.0,0.0,1.0
19,255,0.0,3.777290257937386,0.0,0.0,0.0,1.0,0.0,0.0
0,260,0.0,0.0,0.0,0.0,0.0,1.0,0.0,1.0
1,260,0.0,4.713812347965581,1.0,0.0,1.0,0.0,1.0,0.0
2,260,2.36162199151115,0.0,0.0,0.0,0.0,0.0,1.0,0.0
3,260,11.878790192995734,1.2034191161527872,1.0,0.0,0.0,1.0,0.0,0.0
4,260,5.317499725961924,3.410441964605502,0.0,0.0,1.0,1.0,0.0,0.0
5,260,0.0,0.0,1.0,0.0,0.0,1.0,1.0,0.0
6,260,9.954310324870155,6.457597885040093,0.0,0.0,1.0,1.0,1.0,1.0
7,260,1.420343304974602,2.061551020572629,1.0,1.0,0.0,1.0,1.0,0.0
8,260,7.793312171197279,5.853173074517483,0.0,1.0,0.0,1.0,1.0,0.0
9,260,3.514240130392954,6.39987864847941,0.0,0.0,0.0,1.0,0.0,0.0
10,260,4.260237030070567,9.72086429541648,0.0,0.0,1.0,0.0,0.0,0.0
11,260,5.221509432077851,6.425833806120765,1.0,0.0,0.0,0.0,0.0,0.0
12,260,12.0,0.0,0.0,1.0,0.0,1.0,0.0,0.0
13,260,12.0,3.655252697290791,0.0,1.0,1.0,0.0,0.0,0.0
14,260,3.7735068086141688,8.535763910072909,0.0,0.0,1.0,0.0,1.0,0.0
15,260,12.0,10.187667243908756,1.0,1.0,1.0,0.0,1.0,0.0
16,260,5.545084871320057,9.47273374368496,0.0,0.0,0.0,0.0,0.0,0.0
17,260,3.030982018980281,9.775274827072655,0.0,0.0,0.0,0.0,1.0,0.0
18,260,4.071151936607649,9.951577721141806,1.0,1.0,0.0,1.0,0.0,1.0
19,260,0.0,3.669266047229472,0.0,0.0,0.0,1.0,0.0,0.0
0,265,0.0,0.0,0.0,0.0,0.0,1.0,0.0,1.0
1,265,0.0,5.027137628907929,1.0,0.0,1.0,0.0,1.0,0.0
2,265,2.2963324988088463,0.0,0.0,0.0,0.0,0.0,1.0,0.0
3,265,11.981032744674811,1.182575575212416,1.0,0.0,0.0,1.0,0.0,0.0
4,265,5.3068717666554726,3.464368277590623,0.0,0.0,1.0,1.0,0.0,0.0
5,265,0.0,0.0,1.0,0.0,0.0,1.0,1.0,0.0
6,265,9.886500919669654,6.477619564981465,0.0,0.0,1.0,1.0,1.0,1.0
7,265,1.3731100992092324,2.0308466843902586,1.0,1.0,0.0,1.0,1.0,0.0
8,265,7.782616371760221,5.84791359073522,0.0,1.0,0.0,1.0,1.0,0.0
9,265,3.648286219213144,6.429550204010577,0.0,0.0,0.0,1.0,0.0,0.0
10,265,4.226473906805108,9.73391943305112,0.0,0.0,1.0,0.0,0.0,0.0
11,265,5.261755585536756,6.336002812177596,1.0,0.0,0.0,0.0,0.0,0.0
12,265,11.965067750961596,0.0,0.0,1.0,0.0,1.0,0.0,0.0
13,265,12.0,3.7414185594762506,0.0,1.0,1.0,0.0,0.0,0.0
14,265,3.733684364669648,8.429320058278604,0.0,0.0,1.0,0.0,1.0,0.0
15,265,12.0,10.12651448257578,1.0,1.0,1.0,0.0,1.0,0.0
16,265,5.559367428381814,9.45682439928654,0.0,0.0,0.0,0.0,0.0,0.0
17,265,2.995050531548007,9.787950953303032,0.0,0.0,0.0,0.0,1.0,0.0
18,265,4.013532680513856,10.04862421950646,1.0,1.0,0.0,1.0,0.0,1.0
19,265,0.0,3.576176321204111,0.0,0.0,0.0,1.0,0.0,0.0
0,270,0.0,0.0,0.0,0.0,0.0,1.0,0.0,1.0
1,270,0.0,5.348133080538888,1.0,0.0,1.0,0.0,1.0,0.0
2,270,2.242476797691024,0.0,0.0,0.0,0.0,0.0,1.0,0.0
3,270,12.0,1.1653207752725678,1.0,0.0,0.0,1.0,0.0,0.0
4,270,5.299838414273635,3.498788565499724,0.0,0.0,1.0,1.0,0.0,0.0
5,270,0.0,0.0,1.0,0.0,0.0,1.0,1.0,0.0
6,270,9.824106382584851,6.49535552820529,0.0,0.0,1.0,1.0,1.0,1.0
7,270,1.3206891883586944,1.9959648188781696,1.0,1.0,0.0,1.0,1.0,0.0
8,270,7.763566249533648,5.838981038165721,0.0,1.0,0.0,1.0,1.0,0.0
9,270,3.790152214726577,6.458968974538631,0.0,0.0,0.0,1.0,0.0,0.0
10,270,4.213566795113711,9.702014467414694,0.0,0.0,1.0,0.0,0.0,0.0
11,270,5.3016908604821245,6.247414218551661,1.0,0.0,0.0,0.0,0.0,0.0
12,270,11.94413012516457,0.0,0.0,1.0,0.0,1.0,0.0,0.0
13,270,12.0,3.827123548799785,0.0,1.0,1.0,0.0,0.0,0.0
14,270,3.692068429596583,8.321936517666892,0.0,0.0,1.0,0.0,1.0,0.0
15,270,12.0,10.063814819907485,1.0,1.0,1.0,0.0,1.0,0.0
16,270,5.580714152830213,9.433718153036168,0.0,0.0,0.0,0.0,0.0,0.0
17,270,2.958085621417442,9.80062631573743,0.0,0.0,0.0,0.0,1.0,0.0
18,270,3.943097552042139,10.161884944508412,1.0,1.0,0.0,1.0,0.0,1.0
19,270,0.097814773736098,3.47898265997982,0.0,0.0,0.0,1.0,0.0,0.0
0,275,0.0,0.0,0.0,0.0,0.0,1.0,0.0,1.0
1,275,0.0,5.685911754494132,1.0,0.0,1.0,0.0,1.0,0.0
2,275,2.185839077481779,0.0,0.0,0.0,0.0,0.0,1.0,0.0
3,275,12.0,1.1476921098930652,1.0,0.0,0.0,1.0,0.0,0.0
4,275,5.2953843961726,3.518496383103479,0.0,0.0,1.0,1.0,0.0,0.0
5,275,0.0,0.0,1.0,0.0,0.0,1.0,1.0,0.0
6,275,9.76400841697385,6.513147848660537,0.0,0.0,1.0,1.0,1.0,1.0
7,275,1.2856950512140912,1.9732780303394368,1.0,1.0,0.0,1.0,1.0,0.0
8,275,7.741618821741291,5.829418712800017,0.0,1.0,0.0,1.0,1.0,0.0
9,275,3.92886524200094,6.487058572094828,0.0,0.0,0.0,1.0,0.0,0.0
10,275,4.206107649434257,9.681550292295674,0.0,0.0,1.0,0.0,0.0,0.0
11,275,5.212117285847993,6.208103346875348,1.0,0.0,0.0,0.0,0.0,0.0
12,275,11.891260747316212,0.0,0.0,1.0,0.0,1.0,0.0,0.0
13,275,12.0,3.922389243133348,0.0,1.0,1.0,0.0,0.0,0.0
14,275,3.65367873705001,8.199739045996349,0.0,0.0,1.0,0.0,1.0,0.0
15,275,12.0,9.994594144212472,1.0,1.0,1.0,0.0,1.0,0.0
16,275,5.5859669938497625,9.428014425724216,0.0,0.0,0.0,0.0,0.0,0.0
17,275,2.927841516741081,9.811040581812136,0.0,0.0,0.0,0.0,1.0,0.0
18,275,3.874782385523457,10.266083811379673,1.0,1.0,0.0,1.0,0.0,1.0
19,275,0.1836081631853958,3.39015650308427,0.0,0.0,0.0,1.0,0.0,0.0
0,280,0.0,0.0,0.0,0.0,0.0,1.0,0.0,1.0
1,280,0.0,6.01399576853795,1.0,0.0,1.0,0.0,1.0,0.0
2,280,2.1296253453401897,0.0,0.0,0.0,0.0,0.0,1.0,0.0
3,280,12.0,1.1322878566119148,1.0,0.0,0.0,1.0,0.0,0.0
4,280,5.290768541049767,3.53845776473639,0.0,0.0,1.0,1.0,0.0,0.0
5,280,0.0,0.0,1.0,0.0,0.0,1.0,1.0,0.0
6,280,9.707786053880154,6.528611771362923,0.0,0.0,1.0,1.0,1.0,1.0
7,280,1.2466266002260402,1.9480289342113828,1.0,1.0,0.0,1.0,1.0,0.0
8,280,7.710766450728562,5.815727305905622,0.0,1.0,0.0,1.0,1.0,0.0
9,280,4.0657972472058725,6.518723193042488,0.0,0.0,0.0,1.0,0.0,0.0
10,280,4.198265516470605,9.660811468961915,0.0,0.0,1.0,0.0,0.0,0.0
11,280,5.130287646457496,6.170875388004403,1.0,0.0,0.0,0.0,0.0,0.0
12,280,11.827591792281222,0.0,0.0,1.0,0.0,1.0,0.0,0.0
13,280,12.0,4.020523266756655,0.0,1.0,1.0,0.0,0.0,0.0
14,280,3.611444608849791,8.059758568600913,0.0,0.0,1.0,0.0,1.0,0.0
15,280,12.0,9.919409419849345,1.0,1.0,1.0,0.0,1.0,0.0
16,280,5.575566633237809,9.439249340689306,0.0,0.0,0.0,0.0,0.0,0.0
17,280,2.8862123272948086,9.825723524760573,0.0,0.0,0.0,0.0,1.0,0.0
18,280,3.801502843588353,10.37555153431184,1.0,1.0,0.0,1.0,0.0,1.0
19,280,0.2811858332618351,3.2837663395639165,0.0,0.0,0.0,1.0,0.0,0.0
0,285,0.0,0.0,0.0,0.0,0.0,1.0,0.0,1.0
1,285,0.0,6.345396309207607,1.0,0.0,1.0,0.0,1.0,0.0
2,285,2.071889053182336,0.0,0.0,0.0,0.0,0.0,1.0,0.0
3,285,12.0,1.1207570174207644,1.0,0.0,0.0,1.0,0.0,0.0
4,285,5.288729775422123,3.546947680119455,0.0,0.0,1.0,1.0,0.0,0.0
5,285,0.0,0.0,1.0,0.0,0.0,1.0,1.0,0.0
6,285,9.65904746836328,6.540911608534521,0.0,0.0,1.0,1.0,1.0,1.0
7,285,1.211923994277479,1.925983454891884,1.0,1.0,0.0,1.0,1.0,0.0
8,285,7.681280752384715,5.801929372076988,0.0,1.0,0.0,1.0,1.0,0.0
9,285,4.2099992991388255,6.551224213623903,0.0,0.0,0.0,1.0,0.0,0.0
10,285,4.188783799866079,9.636694945853153,0.0,0.0,1.0,0.0,0.0,0.0
11,285,5.04016759927947,6.132189792363432,1.0,0.0,0.0,0.0,0.0,0.0
12,285,11.777522865033925,0.0,0.0,1.0,0.0,1.0,0.0,0.0
13,285,12.0,4.116196084418822,0.0,1.0,1.0,0.0,0.0,0.0
14,285,3.5667574423773285,7.908669630280542,0.0,0.0,1.0,0.0,1.0,0.0
15,285,12.0,9.830821019507017,1.0,1.0,1.0,0.0,1.0,0.0
16,285,5.566047678278469,9.448932709963168,0.0,0.0,0.0,0.0,0.0,0.0
17,285,2.828698622643974,9.84616548690043,0.0,0.0,0.0,0.0,1.0,0.0
18,285,3.732836207961369,10.470639488820243,1.0,1.0,0.0,1.0,0.0,1.0
19,285,0.3861896405934648,3.169661141873876,0.0,0.0,0.0,1.0,0.0,0.0
0,290,0.277295249295702,0.0,0.0,0.0,0.0,1.0,0.0,1.0
1,290,0.0,6.6794695896047545,1.0,0.0,1.0,0.0,1.0,0.0
2,290,2.006674790558506,0.0,0.0,0.0,0.0,0.0,1.0,0.0
3,290,12.0,1.108856266915926,1.0,0.0,0.0,1.0,0.0,0.0
4,290,5.287855106304207,3.5509216497845517,0.0,0.0,1.0,1.0,0.0,0.0
5,290,0.0,0.0,1.0,0.0,0.0,1.0,1.0,0.0
6,290,9.61310531554564,6.553713327895864,0.0,0.0,1.0,1.0,1.0,1.0
7,290,1.1841725130672245,1.90799884914578,1.0,1.0,0.0,1.0,1.0,0.0
8,290,7.651147010551596,5.788748984841003,0.0,1.0,0.0,1.0,1.0,0.0
9,290,4.371664260029894,6.591179183038603,0.0,0.0,0.0,1.0,0.0,0.0
10,290,4.178864959347156,9.611390300092172,0.0,0.0,1.0,0.0,0.0,0.0
11,290,4.965013427906039,6.09859829202951,1.0,0.0,0.0,0.0,0.0,0.0
12,290,11.72764580005158,0.0,0.0,1.0,0.0,1.0,0.0,0.0
13,290,12.0,4.202719884293428,0.0,1.0,1.0,0.0,0.0,0.0
14,290,3.5164164411825443,7.7377728766614435,0.0,0.0,1.0,0.0,1.0,0.0
15,290,12.0,9.747971123243858,1.0,1.0,1.0,0.0,1.0,0.0
16,290,5.559002200464052,9.456276620991536,0.0,0.0,0.0,0.0,0.0,0.0
17,290,2.780663342402033,9.863840885787177,0.0,0.0,0.0,0.0,1.0,0.0
18,290,3.660563454551397,10.573609805364525,1.0,1.0,0.0,1.0,0.0,1.0
19,290,0.4968369933174031,3.055198900281021,0.0,0.0,0.0,1.0,0.0,0.0
0,295,0.546994365429871,0.0,0.0,0.0,0.0,1.0,0.0,1.0
1,295,0.0,7.050077016078443,1.0,0.0,1.0,0.0,1.0,0.0
2,295,1.9464638459502537,0.0,0.0,0.0,0.0,0.0,1.0,0.0
3,295,12.0,1.0991580293749834,1.0,0.0,0.0,1.0,0.0,0.0
4,295,5.289961334402478,3.541186709120885,0.0,0.0,1.0,1.0,0.0,0.0
5,295,0.0,0.0,1.0,0.0,0.0,1.0,1.0,0.0
6,295,9.573530267731886,6.565011357999879,0.0,0.0,1.0,1.0,1.0,1.0
7,295,1.1637609984820456,1.8947031908675211,1.0,1.0,0.0,1.0,1.0,0.0
8,295,7.621117788458407,5.775899082490146,0.0,1.0,0.0,1.0,1.0,0.0
9,295,4.53536907005451,6.630798169835399,0.0,0.0,0.0,1.0,0.0,0.0
10,295,4.163917105875317,9.574809943022888,0.0,0.0,1.0,0.0,0.0,0.0
11,295,4.888672074785582,6.064987313658286,1.0,0.0,0.0,0.0,0.0,0.0
12,295,11.691290037708278,0.0,0.0,1.0,0.0,1.0,0.0,0.0
13,295,12.0,4.27942578467998,0.0,1.0,1.0,0.0,0.0,0.0
14,295,3.4613773861856134,7.568050995311169,0.0,0.0,1.0,0.0,1.0,0.0
15,295,12.0,9.675103930098862,1.0,1.0,1.0,0.0,1.0,0.0
16,295,5.551048429332565,9.46451591047746,0.0,0.0,0.0,0.0,0.0,0.0
17,295,2.734722075518091,9.880186949240423,0.0,0.0,0.0,0.0,1.0,0.0
18,295,3.5768817373747277,10.6961569142657,1.0,1.0,0.0,1.0,0.0,1.0
19,295,0.5927861221721578,2.951821140367166,0.0,0.0,0.0,1.0,0.0,0.0
