0,0,5.046466082010428,11.99785482912134,1.0,0.0,0.0,1.0,0.0,0.0
1,0,9.052172074652214,5.045588553340086,1.0,1.0,0.0,0.0,1.0,1.0
2,0,3.9490586233957536,8.029028225863348,0.0,0.0,1.0,0.0,0.0,1.0
3,0,4.054139834151403,12.0,0.0,0.0,0.0,0.0,0.0,1.0
4,0,1.99998565037848,2.0256878831700584,0.0,1.0,0.0,1.0,0.0,0.0
5,0,8.989773106422083,4.0443974662938444,0.0,0.0,0.0,0.0,1.0,0.0
6,0,0.9817165553702784,4.970697666791175,1.0,1.0,1.0,0.0,0.0,0.0
7,0,10.934287439807736,5.963723976444782,0.0,0.0,0.0,0.0,1.0,0.0
8,0,12.0,10.060500994359378,0.0,0.0,0.0,1.0,0.0,1.0
9,0,0.0,0.0,1.0,0.0,1.0,0.0,0.0,0.0
10,0,11.002004263430434,1.963038937963859,0.0,0.0,1.0,1.0,0.0,1.0
11,0,3.961181205480917,10.002731922782196,1.0,0.0,0.0,1.0,0.0,0.0
12,0,0.0,0.975017608620452,0.0,0.0,1.0,0.0,1.0,0.0
13,0,2.0284690588850243,11.045623785145713,0.0,1.0,1.0,1.0,0.0,0.0
14,0,3.0275848333018693,9.976206534983046,1.0,0.0,1.0,0.0,0.0,1.0
15,0,9.944053162758236,2.0052101685818937,0.0,0.0,0.0,0.0,0.0,1.0
16,0,0.9546659379516184,4.037295481568543,0.0,0.0,0.0,1.0,0.0,1.0
17,0,7.070371406635497,9.007182711716625,0.0,1.0,0.0,1.0,0.0,1.0
18,0,0.9294400993384316,4.980684526676807,1.0,0.0,0.0,0.0,0.0,0.0
19,0,6.025145638414221,0.9384335929109808,0.0,1.0,0.0,1.0,0.0,0.0
0,5,5.082649020991076,11.9954766693182,1.0,0.0,0.0,1.0,0.0,0.0
1,5,9.091347474732954,5.079053128203115,1.0,1.0,0.0,0.0,1.0,1.0
2,5,3.902089281709491,8.055486636033198,0.0,0.0,1.0,0.0,0.0,1.0
3,5,4.101761962355891,12.0,0.0,0.0,0.0,0.0,0.0,1.0
4,5,1.9999840832185771,2.023506790533308,0.0,1.0,0.0,1.0,0.0,0.0
5,5,8.98163994640044,4.082299170439123,0.0,0.0,0.0,0.0,1.0,0.0
6,5,0.9557715309971416,4.929419689599723,1.0,1.0,1.0,0.0,0.0,0.0
7,5,10.851362987842167,5.920345910000819,0.0,0.0,0.0,0.0,1.0,0.0
8,5,12.0,10.098042637089836,0.0,0.0,0.0,1.0,0.0,1.0
9,5,0.0,0.0,1.0,0.0,1.0,0.0,0.0,0.0
10,5,11.003969218390091,1.9117855000620916,0.0,0.0,1.0,1.0,0.0,1.0
11,5,3.918885649267654,10.00553277390016,1.0,0.0,0.0,1.0,0.0,0.0
12,5,0.0,0.9575069236909088,0.0,0.0,1.0,0.0,1.0,0.0
13,5,2.0529319868356413,11.085486132029242,0.0,1.0,1.0,1.0,0.0,0.0
14,5,3.061707629326881,9.94535631004796,1.0,0.0,1.0,0.0,0.0,1.0
15,5,9.884003992252923,2.010133477555423,0.0,0.0,0.0,0.0,0.0,1.0
16,5,0.905431862788088,4.078627539502232,0.0,0.0,0.0,1.0,0.0,1.0
17,5,7.128422516755161,9.012815711023585,0.0,1.0,0.0,1.0,0.0,1.0
18,5,0.8556778666091603,4.963525026500052,1.0,0.0,0.0,0.0,0.0,0.0
19,5,6.052036024321297,0.8721187329587189,0.0,1.0,0.0,1.0,0.0,0.0
0,10,5.146678045891732,11.989943546187396,1.0,0.0,0.0,1.0,0.0,0.0
1,10,9.129695682113224,5.112175152704912,1.0,1.0,0.0,0.0,1.0,1.0
2,10,3.841612282816903,8.08938904476754,0.0,0.0,1.0,0.0,0.0,1.0
3,10,4.150965126865456,12.0,0.0,0.0,0.0,0.0,0.0,1.0
4,10,2.0000639570212586,2.0125802166241886,0.0,1.0,0.0,1.0,0.0,0.0
5,10,8.968775391959076,4.146511921210161,0.0,0.0,0.0,0.0,1.0,0.0
6,10,0.9216842021553764,4.872516275466543,1.0,1.0,1.0,0.0,0.0,0.0
7,10,10.77383580012184,5.875790793474901,0.0,0.0,0.0,0.0,1.0,0.0
8,10,12.0,10.147874817317446,0.0,0.0,0.0,1.0,0.0,1.0
9,10,0.0,0.0,1.0,0.0,1.0,0.0,0.0,0.0
10,10,11.007832019907454,1.8637797298749212,0.0,0.0,1.0,1.0,0.0,1.0
11,10,3.849409712095195,10.012174081789205,1.0,0.0,0.0,1.0,0.0,0.0
12,10,0.0,0.9468289057436516,0.0,0.0,1.0,0.0,1.0,0.0
13,10,2.067494378020684,11.108532884307902,0.0,1.0,1.0,1.0,0.0,0.0
14,10,3.0919891743425425,9.919232250748214,1.0,0.0,1.0,0.0,0.0,1.0
15,10,9.834869047139591,2.0139218781114576,0.0,0.0,0.0,0.0,0.0,1.0
16,10,0.848802118076986,4.128797115687762,0.0,0.0,0.0,1.0,0.0,1.0
17,10,7.2005490683899565,9.019310124508332,0.0,1.0,0.0,1.0,0.0,1.0
18,10,0.7749702981802311,4.9454177335029,1.0,0.0,0.0,0.0,0.0,0.0
19,10,6.0847522167610295,0.7954055468245889,0.0,1.0,0.0,1.0,0.0,0.0
0,15,5.204745562136203,11.984232538585724,1.0,0.0,0.0,1.0,0.0,0.0
1,15,9.173837144846006,5.154201529226369,1.0,1.0,0.0,0.0,1.0,1.0
2,15,3.7907324042469255,8.118116773803479,0.0,0.0,1.0,0.0,0.0,1.0
3,15,4.183215189341416,12.0,0.0,0.0,0.0,0.0,0.0,1.0
4,15,2.0002846369743943,1.9900067729454864,0.0,1.0,0.0,1.0,0.0,0.0
5,15,8.957222387599835,4.2176243659385095,0.0,0.0,0.0,0.0,1.0,0.0
6,15,0.9060432772605505,4.847985418431471,1.0,1.0,1.0,0.0,0.0,0.0
7,15,10.699776739669383,5.829608302787456,0.0,0.0,0.0,0.0,1.0,0.0
8,15,12.0,10.195353387823184,0.0,0.0,0.0,1.0,0.0,1.0
9,15,0.0,0.0,1.0,0.0,1.0,0.0,0.0,0.0
10,15,11.010912367855113,1.8285936432432155,0.0,0.0,1.0,1.0,0.0,1.0
11,15,3.7844007342606254,10.017705623362412,1.0,0.0,0.0,1.0,0.0,0.0
12,15,0.0,0.9425749753891892,0.0,0.0,1.0,0.0,1.0,0.0
13,15,2.075563703343059,11.121480034121369,0.0,1.0,1.0,1.0,0.0,0.0
14,15,3.126332536317651,9.887506277752394,1.0,0.0,1.0,0.0,0.0,1.0
15,15,9.786393371635368,2.017203371293304,0.0,0.0,0.0,0.0,0.0,1.0
16,15,0.7851187770546653,4.187138611772063,0.0,0.0,0.0,1.0,0.0,1.0
17,15,7.2789703639611,9.026602825153402,0.0,1.0,0.0,1.0,0.0,1.0
18,15,0.7008542246023445,4.927650894468925,1.0,0.0,0.0,0.0,0.0,0.0
19,15,6.1140986636245325,0.726101517349101,0.0,1.0,0.0,1.0,0.0,0.0
0,20,5.2367068136511365,11.980530250488114,1.0,0.0,0.0,1.0,0.0,0.0
1,20,9.211805947799087,5.18996062144966,1.0,1.0,0.0,0.0,1.0,1.0
2,20,3.717953998631655,8.157541585162749,0.0,0.0,1.0,0.0,0.0,1.0
3,20,4.201292968690282,12.0,0.0,0.0,0.0,0.0,0.0,1.0
4,20,2.0010299216610155,1.958814227744465,0.0,1.0,0.0,1.0,0.0,0.0
5,20,8.94377798930479,4.296529759660311,0.0,0.0,0.0,0.0,1.0,0.0
6,20,0.8946988003721225,4.829055556832183,1.0,1.0,1.0,0.0,0.0,0.0
7,20,10.634845425067835,5.789456347769053,0.0,0.0,0.0,0.0,1.0,0.0
8,20,12.0,10.214062632752157,0.0,0.0,0.0,1.0,0.0,1.0
9,20,0.0,0.0,1.0,0.0,1.0,0.0,0.0,0.0
10,20,11.013672193566126,1.795420932564586,0.0,0.0,1.0,1.0,0.0,1.0
11,20,3.69196892760211,10.024691483380682,1.0,0.0,0.0,1.0,0.0,0.0
12,20,0.0,0.9146605959882608,0.0,0.0,1.0,0.0,1.0,0.0
13,20,2.084826414903023,11.135536778758112,0.0,1.0,1.0,1.0,0.0,0.0
14,20,3.1735905051540927,9.844457293344382,1.0,0.0,1.0,0.0,0.0,1.0
15,20,9.7574265935106,2.01948774641492,0.0,0.0,0.0,0.0,0.0,1.0
16,20,0.7248676334593339,4.244479558733152,0.0,0.0,0.0,1.0,0.0,1.0
17,20,7.337163219920177,9.033128586366336,0.0,1.0,0.0,1.0,0.0,1.0
18,20,0.6103558800092225,4.9085603072826505,1.0,0.0,0.0,0.0,0.0,0.0
19,20,6.147260627410148,0.6460523674435472,0.0,1.0,0.0,1.0,0.0,0.0
0,25,5.271038693979943,11.97718168861624,1.0,0.0,0.0,1.0,0.0,0.0
1,25,9.251291392130296,5.229173268543467,1.0,1.0,0.0,0.0,1.0,1.0
2,25,3.646831411783772,8.197469869039963,0.0,0.0,1.0,0.0,0.0,1.0
3,25,4.227294353576202,12.0,0.0,0.0,0.0,0.0,0.0,1.0
4,25,2.0022905881507427,1.9283708969058364,0.0,1.0,0.0,1.0,0.0,0.0
5,25,8.932974442936413,4.368711526098828,0.0,0.0,0.0,0.0,1.0,0.0
6,25,0.8896361871191234,4.819606428271077,1.0,1.0,1.0,0.0,0.0,0.0
7,25,10.57871581932912,5.75556693236166,0.0,0.0,0.0,0.0,1.0,0.0
8,25,12.0,10.225388277437792,0.0,0.0,0.0,1.0,0.0,1.0
9,25,0.0,0.0,1.0,0.0,1.0,0.0,0.0,0.0
10,25,11.016585980944932,1.7650367998732224,0.0,0.0,1.0,1.0,0.0,1.0
11,25,3.614620712038377,10.027489150632666,1.0,0.0,0.0,1.0,0.0,0.0
12,25,0.0,0.8897729612597535,0.0,0.0,1.0,0.0,1.0,0.0
13,25,2.090716121389497,11.144516168347026,0.0,1.0,1.0,1.0,0.0,0.0
14,25,3.1931085346761496,9.826938700180008,1.0,0.0,1.0,0.0,0.0,1.0
15,25,9.713029223053546,2.022534749227778,0.0,0.0,0.0,0.0,0.0,1.0
16,25,0.667173333515797,4.295132520358877,0.0,0.0,0.0,1.0,0.0,1.0
17,25,7.396388807678266,9.040282973705835,0.0,1.0,0.0,1.0,0.0,1.0
18,25,0.5018790194715,4.887129432345229,1.0,0.0,0.0,0.0,0.0,0.0
19,25,6.173726975567703,0.5804158423951066,0.0,1.0,0.0,1.0,0.0,0.0
0,30,5.307444862626856,11.973847917890527,1.0,0.0,0.0,1.0,0.0,0.0
1,30,9.300136586753004,5.276591976598544,1.0,1.0,0.0,0.0,1.0,1.0
2,30,3.571412078146083,8.239622465938107,0.0,0.0,1.0,0.0,0.0,1.0
3,30,4.253882579798369,12.0,0.0,0.0,0.0,0.0,0.0,1.0
4,30,2.003399744489065,1.9070898305816133,0.0,1.0,0.0,1.0,0.0,0.0
5,30,8.923092232397059,4.437202077848784,0.0,0.0,0.0,0.0,1.0,0.0
6,30,0.8885854369824704,4.817641335820459,1.0,1.0,1.0,0.0,0.0,0.0
7,30,10.548077582661897,5.736811105561491,0.0,0.0,0.0,0.0,1.0,0.0
8,30,12.0,10.22922392424358,0.0,0.0,0.0,1.0,0.0,1.0
9,30,0.0,0.0,1.0,0.0,1.0,0.0,0.0,0.0
10,30,11.022644797455476,1.707464476200176,0.0,0.0,1.0,1.0,0.0,1.0
11,30,3.559584884651527,10.030633258923205,1.0,0.0,0.0,1.0,0.0,0.0
12,30,0.0,0.8693360166746911,0.0,0.0,1.0,0.0,1.0,0.0
13,30,2.0958147833391263,11.152829043438386,0.0,1.0,1.0,1.0,0.0,0.0
14,30,3.2126660132849327,9.809789907117562,1.0,0.0,1.0,0.0,0.0,1.0
15,30,9.649241337850452,2.0268717434597443,0.0,0.0,0.0,0.0,0.0,1.0
16,30,0.6092952419414205,4.345008313447018,0.0,0.0,0.0,1.0,0.0,1.0
17,30,7.482134997678674,9.049245483271566,0.0,1.0,0.0,1.0,0.0,1.0
18,30,0.367630121578525,4.862190616580102,1.0,0.0,0.0,0.0,0.0,0.0
19,30,6.199482445328172,0.5197289416725267,0.0,1.0,0.0,1.0,0.0,0.0
0,35,5.328229216171269,11.971383333276645,1.0,0.0,0.0,1.0,0.0,0.0
1,35,9.351966174488084,5.326137948880762,1.0,1.0,0.0,0.0,1.0,1.0
2,35,3.5115161439942395,8.27437658940587,0.0,0.0,1.0,0.0,0.0,1.0
3,35,4.291001773915369,12.0,0.0,0.0,0.0,0.0,0.0,1.0
4,35,2.00417908680238,1.8936086185578085,0.0,1.0,0.0,1.0,0.0,0.0
5,35,8.916615480976333,4.49121065140961,0.0,0.0,0.0,0.0,1.0,0.0
6,35,0.8780820515279449,4.799307804780483,1.0,1.0,1.0,0.0,0.0,0.0
7,35,10.50903774603998,5.713277754507957,0.0,0.0,0.0,0.0,1.0,0.0
8,35,12.0,10.239677169751108,0.0,0.0,0.0,1.0,0.0,1.0
9,35,0.0,0.0,1.0,0.0,1.0,0.0,0.0,0.0
10,35,11.029340533156796,1.6523518118971368,0.0,0.0,1.0,1.0,0.0,1.0
11,35,3.537338980390434,10.031485106796376,1.0,0.0,0.0,1.0,0.0,0.0
12,35,0.0009408061804386,0.8780157769020596,0.0,0.0,1.0,0.0,1.0,0.0
13,35,2.099837509720072,11.159229361542112,0.0,1.0,1.0,1.0,0.0,0.0
14,35,3.2207609040805463,9.802637050906885,1.0,0.0,1.0,0.0,0.0,1.0
15,35,9.60915427807162,2.030682924800318,0.0,0.0,0.0,0.0,0.0,1.0
16,35,0.5334237448725389,4.410705647624178,0.0,0.0,0.0,1.0,0.0,1.0
17,35,7.564187410918248,9.058878663572466,0.0,1.0,0.0,1.0,0.0,1.0
18,35,0.2217180429980298,4.831409658673272,1.0,0.0,0.0,0.0,0.0,0.0
19,35,6.217602273579854,0.4761242594629475,0.0,1.0,0.0,1.0,0.0,0.0
0,40,5.342440680110538,11.96976485238827,1.0,0.0,0.0,1.0,0.0,0.0
1,40,9.411593519016677,5.380028222745671,1.0,1.0,0.0,0.0,1.0,1.0
2,40,3.462110413846152,8.302621817251888,0.0,0.0,1.0,0.0,0.0,1.0
3,40,4.330217927595068,12.0,0.0,0.0,0.0,0.0,0.0,1.0
4,40,2.0044707482581057,1.88416375714909,0.0,1.0,0.0,1.0,0.0,0.0
5,40,8.906343898908153,4.560205498588737,0.0,0.0,0.0,0.0,1.0,0.0
6,40,0.8546452164539852,4.761400300860209,1.0,1.0,1.0,0.0,0.0,0.0
7,40,10.461763432698248,5.685029592962683,0.0,0.0,0.0,0.0,1.0,0.0
8,40,12.0,10.249524125027165,0.0,0.0,0.0,1.0,0.0,1.0
9,40,0.0,0.0,1.0,0.0,1.0,0.0,0.0,0.0
10,40,11.036232710008427,1.5895588946799255,0.0,0.0,1.0,1.0,0.0,1.0
11,40,3.531451459792489,10.03166639924006,1.0,0.0,0.0,1.0,0.0,0.0
12,40,0.0036361691866834,0.8983600649730552,0.0,0.0,1.0,0.0,1.0,0.0
13,40,2.107045960533743,11.170152822463873,0.0,1.0,1.0,1.0,0.0,0.0
14,40,3.2187091931567333,9.804455557357292,1.0,0.0,1.0,0.0,0.0,1.0
15,40,9.576417756381153,2.033407100986817,0.0,0.0,0.0,0.0,0.0,1.0
16,40,0.4509885956740715,4.484143078424658,0.0,0.0,0.0,1.0,0.0,1.0
17,40,7.644294969400865,9.066508750484084,0.0,1.0,0.0,1.0,0.0,1.0
18,40,0.0736307549237445,4.801475807206901,1.0,0.0,0.0,0.0,0.0,0.0
19,40,6.227560668963441,0.4528020815728918,0.0,1.0,0.0,1.0,0.0,0.0
0,45,5.36834440422324,11.966972651596604,1.0,0.0,0.0,1.0,0.0,0.0
1,45,9.468251911248274,5.430405880909413,1.0,1.0,0.0,0.0,1.0,1.0
2,45,3.4144435821044152,8.329913938804102,0.0,0.0,1.0,0.0,0.0,1.0
3,45,4.350685969974796,12.0,0.0,0.0,0.0,0.0,0.0,1.0
4,45,2.0045355020405005,1.873090993787858,0.0,1.0,0.0,1.0,0.0,0.0
5,45,8.894825857137695,4.622100959466492,0.0,0.0,0.0,0.0,1.0,0.0
6,45,0.8222802282995442,4.70945154207141,1.0,1.0,1.0,0.0,0.0,0.0
7,45,10.39686668320187,5.647938975190749,0.0,0.0,0.0,0.0,1.0,0.0
8,45,11.995149979084962,10.2402582237007,0.0,0.0,0.0,1.0,0.0,1.0
9,45,0.0,0.0,1.0,0.0,1.0,0.0,0.0,0.0
10,45,11.039976761312111,1.548151335157541,0.0,0.0,1.0,1.0,0.0,1.0
11,45,3.519887170528025,10.031827315739884,1.0,0.0,0.0,1.0,0.0,0.0
12,45,0.0065364650736964,0.9233288570724824,0.0,0.0,1.0,0.0,1.0,0.0
13,45,2.115449259771847,11.183438382897588,0.0,1.0,1.0,1.0,0.0,0.0
14,45,3.230715294928435,9.794249323758374,1.0,0.0,1.0,0.0,0.0,1.0
15,45,9.543894250462358,2.0354086523086434,0.0,0.0,0.0,0.0,0.0,1.0
16,45,0.35935792349936,4.568246483473247,0.0,0.0,0.0,1.0,0.0,1.0
17,45,7.707947315203879,9.071560352083416,0.0,1.0,0.0,1.0,0.0,1.0
18,45,0.0,4.775615994291949,1.0,0.0,0.0,0.0,0.0,0.0
19,45,6.243395103211944,0.4134800513679047,0.0,1.0,0.0,1.0,0.0,0.0
0,50,5.360722585124553,11.967725838792685,1.0,0.0,0.0,1.0,0.0,0.0
1,50,9.546512187894244,5.501031219677,1.0,1.0,0.0,0.0,1.0,1.0
2,50,3.3691600789667784,8.356933847490502,0.0,0.0,1.0,0.0,0.0,1.0
3,50,4.373672247490655,12.0,0.0,0.0,0.0,0.0,0.0,1.0
4,50,2.004757168300892,1.8522049649616468,0.0,1.0,0.0,1.0,0.0,0.0
5,50,8.883236118616693,4.68649752762306,0.0,0.0,0.0,0.0,1.0,0.0
6,50,0.7783255891000114,4.640800619836493,1.0,1.0,1.0,0.0,0.0,0.0
7,50,10.347088026043588,5.6192186401732425,0.0,0.0,0.0,0.0,1.0,0.0
8,50,11.989696383127516,10.229583004268878,0.0,0.0,0.0,1.0,0.0,1.0
9,50,0.0,0.0,1.0,0.0,1.0,0.0,0.0,0.0
10,50,11.042031067560902,1.5160983964591876,0.0,0.0,1.0,1.0,0.0,1.0
11,50,3.515813711534301,10.031925654246225,1.0,0.0,0.0,1.0,0.0,0.0
12,50,0.0124308118862134,0.9750113492624348,0.0,0.0,1.0,0.0,1.0,0.0
13,50,2.124067192022421,11.197803139655978,0.0,1.0,1.0,1.0,0.0,0.0
14,50,3.233647282413315,9.791821320099174,1.0,0.0,1.0,0.0,0.0,1.0
15,50,9.502883018486942,2.0378653923285404,0.0,0.0,0.0,0.0,0.0,1.0
16,50,0.264062180187016,4.654802467199866,0.0,0.0,0.0,1.0,0.0,1.0
17,50,7.750736551102099,9.074532315760653,0.0,1.0,0.0,1.0,0.0,1.0
18,50,0.0,4.751345749192433,1.0,0.0,0.0,0.0,0.0,0.0
19,50,6.26196461696903,0.3618064477993751,0.0,1.0,0.0,1.0,0.0,0.0
0,55,5.345413555716467,11.969002072658126,1.0,0.0,0.0,1.0,0.0,0.0
1,55,9.62436536117882,5.568408111284803,1.0,1.0,0.0,0.0,1.0,1.0
2,55,3.312718053664053,8.39254282919351,0.0,0.0,1.0,0.0,0.0,1.0
3,55,4.382321543400611,12.0,0.0,0.0,0.0,0.0,0.0,1.0
4,55,2.0043852335423025,1.8048641246622816,0.0,1.0,0.0,1.0,0.0,0.0
5,55,8.873248265818749,4.740840832236756,0.0,0.0,0.0,0.0,1.0,0.0
6,55,0.7229447179972734,4.557956327442368,1.0,1.0,1.0,0.0,0.0,0.0
7,55,10.299023114200494,5.590953284156692,0.0,0.0,0.0,0.0,1.0,0.0
8,55,11.981928768770445,10.213743980639968,0.0,0.0,0.0,1.0,0.0,1.0
9,55,0.0,0.0,1.0,0.0,1.0,0.0,0.0,0.0
10,55,11.045542747671956,1.4597904519761573,0.0,0.0,1.0,1.0,0.0,1.0
11,55,3.514571928379405,10.031952004908463,1.0,0.0,0.0,1.0,0.0,0.0
12,55,0.020785016060028,1.0512111601086114,0.0,0.0,1.0,0.0,1.0,0.0
13,55,2.143643353404089,11.234495328230755,0.0,1.0,1.0,1.0,0.0,0.0
14,55,3.247641096915567,9.780027105331389,1.0,0.0,1.0,0.0,0.0,1.0
15,55,9.47352000322121,2.0390421598726034,0.0,0.0,0.0,0.0,0.0,1.0
16,55,0.1660805212387482,4.745323817807615,0.0,0.0,0.0,1.0,0.0,1.0
17,55,7.789224806666207,9.077699119787765,0.0,1.0,0.0,1.0,0.0,1.0
18,55,0.0,4.726404350481425,1.0,0.0,0.0,0.0,0.0,0.0
19,55,6.2804830839171535,0.3075740419582651,0.0,1.0,0.0,1.0,0.0,0.0
0,60,5.32201837170105,11.971015924709858,1.0,0.0,0.0,1.0,0.0,0.0
1,60,9.702229311974392,5.631313261105639,1.0,1.0,0.0,0.0,1.0,1.0
2,60,3.2564121735891325,8.428492073930403,0.0,0.0,1.0,0.0,0.0,1.0
3,60,4.38816284926332,12.0,0.0,0.0,0.0,0.0,0.0,1.0
4,60,2.0045631418593235,1.7747981741097083,0.0,1.0,0.0,1.0,0.0,0.0
5,60,8.86659278015001,4.781942609439338,0.0,0.0,0.0,0.0,1.0,0.0
6,60,0.6732719660189725,4.485659745921431,1.0,1.0,1.0,0.0,0.0,0.0
7,60,10.245808941534705,5.559943966185788,0.0,0.0,0.0,0.0,1.0,0.0
8,60,11.980928642518402,10.21184821190238,0.0,0.0,0.0,1.0,0.0,1.0
9,60,0.0,0.0,1.0,0.0,1.0,0.0,0.0,0.0
10,60,11.048987900393042,1.418709760910723,0.0,0.0,1.0,1.0,0.0,1.0
11,60,3.5339256889778405,10.031794830504891,1.0,0.0,0.0,1.0,0.0,0.0
12,60,0.0264620381629676,1.106891066869206,0.0,0.0,1.0,0.0,1.0,0.0
13,60,2.156058132523511,11.25798316507184,0.0,1.0,1.0,1.0,0.0,0.0
14,60,3.239094339654206,9.78721207449833,1.0,0.0,1.0,0.0,0.0,1.0
15,60,9.44222637052115,2.040363165225489,0.0,0.0,0.0,0.0,0.0,1.0
16,60,0.0613215497960209,4.84271859976027,0.0,0.0,0.0,1.0,0.0,1.0
17,60,7.821719087274203,9.080276894898256,0.0,1.0,0.0,1.0,0.0,1.0
18,60,0.0,4.701308676632127,1.0,0.0,0.0,0.0,0.0,0.0
19,60,6.304933214876468,0.2301247532784533,0.0,1.0,0.0,1.0,0.0,0.0
0,65,5.2910463733140505,11.97426462748552,1.0,0.0,0.0,1.0,0.0,0.0
1,65,9.786258498156446,5.699556539786844,1.0,1.0,0.0,0.0,1.0,1.0
2,65,3.166279384969976,8.485477834524534,0.0,0.0,1.0,0.0,0.0,1.0
3,65,4.380975094523395,11.997155150102015,0.0,0.0,0.0,0.0,0.0,1.0
4,65,2.00545786446221,1.7490166989882878,0.0,1.0,0.0,1.0,0.0,0.0
5,65,8.858541884100735,4.833107900967014,0.0,0.0,0.0,0.0,1.0,0.0
6,65,0.6224555688904809,4.411431599809641,1.0,1.0,1.0,0.0,0.0,0.0
7,65,10.203872184230752,5.535550975376679,0.0,0.0,0.0,0.0,1.0,0.0
8,65,11.980527400920169,10.211078316509868,0.0,0.0,0.0,1.0,0.0,1.0
9,65,0.0,0.0,1.0,0.0,1.0,0.0,0.0,0.0
10,65,11.055250187197334,1.3637285591444002,0.0,0.0,1.0,1.0,0.0,1.0
11,65,3.5706997155033977,10.032082999601617,1.0,0.0,0.0,1.0,0.0,0.0
12,65,0.0313455402895234,1.1496300669911026,0.0,0.0,1.0,0.0,1.0,0.0
13,65,2.1666912652702126,11.279285075729694,0.0,1.0,1.0,1.0,0.0,0.0
14,65,3.2335822810400017,9.791896980211492,1.0,0.0,1.0,0.0,0.0,1.0
15,65,9.41771105054678,2.041995919911503,0.0,0.0,0.0,0.0,0.0,1.0
16,65,0.0,4.940347694910277,0.0,0.0,0.0,1.0,0.0,1.0
17,65,7.833281967579837,9.080837684004347,0.0,1.0,0.0,1.0,0.0,1.0
18,65,0.0,4.676810014460393,1.0,0.0,0.0,0.0,0.0,0.0
19,65,6.321305631637245,0.1729060469930864,0.0,1.0,0.0,1.0,0.0,0.0
0,70,5.27192272112246,11.976298878098778,1.0,0.0,0.0,1.0,0.0,0.0
1,70,9.856408342417357,5.758432447795481,1.0,1.0,0.0,0.0,1.0,1.0
2,70,3.0732118625930926,8.543021750082477,0.0,0.0,1.0,0.0,0.0,1.0
3,70,4.363180721842167,11.99093948176976,0.0,0.0,0.0,0.0,0.0,1.0
4,70,2.006243980141601,1.7156526033239956,0.0,1.0,0.0,1.0,0.0,0.0
5,70,8.85459588796417,4.862194049334972,0.0,0.0,0.0,0.0,1.0,0.0
6,70,0.560912142444716,4.321355788918566,1.0,1.0,1.0,0.0,0.0,0.0
7,70,10.140098307111456,5.5002644617627645,0.0,0.0,0.0,0.0,1.0,0.0
8,70,11.980049831090165,10.210158166054171,0.0,0.0,0.0,1.0,0.0,1.0
9,70,0.0,0.0,1.0,0.0,1.0,0.0,0.0,0.0
10,70,11.062360516630685,1.3023482736651744,0.0,0.0,1.0,1.0,0.0,1.0
11,70,3.5938063617697145,10.031826854001848,1.0,0.0,0.0,1.0,0.0,0.0
12,70,0.0369318914180019,1.1865426495061244,0.0,0.0,1.0,0.0,1.0,0.0
13,70,2.183803044253896,11.314395248738895,0.0,1.0,1.0,1.0,0.0,0.0
14,70,3.226767148459883,9.797403424145008,1.0,0.0,1.0,0.0,0.0,1.0
15,70,9.420414363525216,2.041784852630709,0.0,0.0,0.0,0.0,0.0,1.0
16,70,0.0,5.049638121979315,0.0,0.0,0.0,1.0,0.0,1.0
17,70,7.848249098289909,9.081708117162888,0.0,1.0,0.0,1.0,0.0,1.0
18,70,0.0,4.647802140284075,1.0,0.0,0.0,0.0,0.0,0.0
19,70,6.3367371266732775,0.1188549560731898,0.0,1.0,0.0,1.0,0.0,0.0
0,75,5.234179895859969,11.981020093481185,1.0,0.0,0.0,1.0,0.0,0.0
1,75,9.9404012133282,5.8245997085122605,1.0,1.0,0.0,0.0,1.0,1.0
2,75,2.968302435927393,8.610944547596567,0.0,0.0,1.0,0.0,0.0,1.0
3,75,4.330404706429944,11.979105269235026,0.0,0.0,0.0,0.0,0.0,1.0
4,75,2.008485832750728,1.679371988399959,0.0,1.0,0.0,1.0,0.0,0.0
5,75,8.850802672076762,4.885323007118216,0.0,0.0,0.0,0.0,1.0,0.0
6,75,0.4974588159180576,4.223022325474062,1.0,1.0,1.0,0.0,0.0,0.0
7,75,10.07938042423586,5.466580227717081,0.0,0.0,0.0,0.0,1.0,0.0
8,75,11.966803099571528,10.184901727652424,0.0,0.0,0.0,1.0,0.0,1.0
9,75,0.0,0.0,1.0,0.0,1.0,0.0,0.0,0.0
10,75,11.068197634559622,1.2428302232299688,0.0,0.0,1.0,1.0,0.0,1.0
11,75,3.595360550280243,10.031811728333553,1.0,0.0,0.0,1.0,0.0,0.0
12,75,0.0418501680377205,1.2152987992706217,0.0,0.0,1.0,0.0,1.0,0.0
13,75,2.194733182143472,11.33716860427349,0.0,1.0,1.0,1.0,0.0,0.0
14,75,3.215449347820328,9.806518134443964,1.0,0.0,1.0,0.0,0.0,1.0
15,75,9.420411121977764,2.041785059497183,0.0,0.0,0.0,0.0,0.0,1.0
16,75,0.0,5.160917414790241,0.0,0.0,0.0,1.0,0.0,1.0
17,75,7.863422235562711,9.08261127688992,0.0,1.0,0.0,1.0,0.0,1.0
18,75,0.0,4.615063464521613,1.0,0.0,0.0,0.0,0.0,0.0
19,75,6.344027726248997,0.0946091709355759,0.0,1.0,0.0,1.0,0.0,0.0
0,80,5.195029828065074,11.986367695102008,1.0,0.0,0.0,1.0,0.0,0.0
1,80,9.86355179358602,5.919297826446114,1.0,1.0,0.0,0.0,1.0,1.0
2,80,2.8503530489449056,8.690035301507468,0.0,0.0,1.0,0.0,0.0,1.0
3,80,4.283519055576063,11.961271634422689,0.0,0.0,0.0,0.0,0.0,1.0
4,80,2.0090782952817703,1.6664950791715285,0.0,1.0,0.0,1.0,0.0,0.0
5,80,8.844668221995365,4.922539610187798,0.0,0.0,0.0,0.0,1.0,0.0
6,80,0.4374926626137763,4.126405677438075,1.0,1.0,1.0,0.0,0.0,0.0
7,80,10.025030743981588,5.437827336786434,0.0,0.0,0.0,0.0,1.0,0.0
8,80,11.95229473848064,10.15786042042188,0.0,0.0,0.0,1.0,0.0,1.0
9,80,0.0,0.0,1.0,0.0,1.0,0.0,0.0,0.0
10,80,11.07364577339461,1.1830100487386217,0.0,0.0,1.0,1.0,0.0,1.0
11,80,3.5798150833306317,10.032188475850116,1.0,0.0,0.0,1.0,0.0,0.0
12,80,0.0462387231224368,1.241231020331189,0.0,0.0,1.0,0.0,1.0,0.0
13,80,2.203982415455176,11.357336487066716,0.0,1.0,1.0,1.0,0.0,0.0
14,80,3.1847130506470416,9.83004135393768,1.0,0.0,1.0,0.0,0.0,1.0
15,80,9.41487734461181,2.042244490505213,0.0,0.0,0.0,0.0,0.0,1.0
16,80,0.0,5.274729441345654,0.0,0.0,0.0,1.0,0.0,1.0
17,80,7.867048372672519,9.082831923706465,0.0,1.0,0.0,1.0,0.0,1.0
18,80,0.0,4.581413488515614,1.0,0.0,0.0,0.0,0.0,0.0
19,80,6.347774612402457,0.0811222850955831,0.0,1.0,0.0,1.0,0.0,0.0
0,85,5.17061891775888,11.98955748894194,1.0,0.0,0.0,1.0,0.0,0.0
1,85,9.794345266417114,6.011652784416401,1.0,1.0,0.0,0.0,1.0,1.0
2,85,2.726243683798181,8.772084490002698,0.0,0.0,1.0,0.0,0.0,1.0
3,85,4.247018848235262,11.947664942643188,0.0,0.0,0.0,0.0,0.0,1.0
4,85,2.0102022236981614,1.652989977825564,0.0,1.0,0.0,1.0,0.0,0.0
5,85,8.839640157145086,4.956572495894429,0.0,0.0,0.0,0.0,1.0,0.0
6,85,0.3688822724195473,4.01289702636128,1.0,1.0,1.0,0.0,0.0,0.0
7,85,9.975365548502968,5.412833759989759,0.0,0.0,0.0,0.0,1.0,0.0
8,85,11.934557806123497,10.12399464385197,0.0,0.0,0.0,1.0,0.0,1.0
9,85,0.0,0.0,1.0,0.0,1.0,0.0,0.0,0.0
10,85,11.077313479428906,1.1187960168701347,0.0,0.0,1.0,1.0,0.0,1.0
11,85,3.568241852335329,10.0320329727431,1.0,0.0,0.0,1.0,0.0,0.0
12,85,0.0501121969466708,1.2642238735141165,0.0,0.0,1.0,0.0,1.0,0.0
13,85,2.217476743890737,11.388757014029707,0.0,1.0,1.0,1.0,0.0,0.0
14,85,3.1573830414119124,9.850573295331408,1.0,0.0,1.0,0.0,0.0,1.0
15,85,9.440293771078036,2.040061480574951,0.0,0.0,0.0,0.0,0.0,1.0
16,85,0.0,5.405596284880224,0.0,0.0,0.0,1.0,0.0,1.0
17,85,7.903424950168237,9.08511282670627,0.0,1.0,0.0,1.0,0.0,1.0
18,85,0.0,4.552159813910321,1.0,0.0,0.0,0.0,0.0,0.0
19,85,6.356285519719611,0.0509135683468032,0.0,1.0,0.0,1.0,0.0,0.0
0,90,5.134708995675835,11.99512260088051,1.0,0.0,0.0,1.0,0.0,0.0
1,90,9.72317318497768,6.106721312240693,1.0,1.0,0.0,0.0,1.0,1.0
2,90,2.5941096984260184,8.858067418161673,0.0,0.0,1.0,0.0,0.0,1.0
3,90,4.201664240307716,11.931384354625411,0.0,0.0,0.0,0.0,0.0,1.0
4,90,2.0104816987060103,1.648760791918212,0.0,1.0,0.0,1.0,0.0,0.0
5,90,8.833538493833252,5.003227740454437,0.0,0.0,0.0,0.0,1.0,0.0
6,90,0.311872684724518,3.919217709158971,1.0,1.0,1.0,0.0,0.0,0.0
7,90,9.951395504505829,5.399962841969938,0.0,0.0,0.0,0.0,1.0,0.0
8,90,11.92682622951269,10.108716481784956,0.0,0.0,0.0,1.0,0.0,1.0
9,90,0.0,0.0,1.0,0.0,1.0,0.0,0.0,0.0
10,90,11.079832592019477,1.074915461561422,0.0,0.0,1.0,1.0,0.0,1.0
11,90,3.544163844186718,10.031033632159712,1.0,0.0,0.0,1.0,0.0,0.0
12,90,0.0574260268383087,1.304260851367572,0.0,0.0,1.0,0.0,1.0,0.0
13,90,2.2310874196770096,11.419228098089636,0.0,1.0,1.0,1.0,0.0,0.0
14,90,3.1152701717177904,9.881548806384998,1.0,0.0,1.0,0.0,0.0,1.0
15,90,9.454573165146432,2.0389746323502247,0.0,0.0,0.0,0.0,0.0,1.0
16,90,0.0,5.54028082475633,0.0,0.0,0.0,1.0,0.0,1.0
17,90,7.94277225020628,9.086892653716816,0.0,1.0,0.0,1.0,0.0,1.0
18,90,0.0,4.52416729670445,1.0,0.0,0.0,0.0,0.0,0.0
19,90,6.36144537598738,0.0294652587684532,0.0,1.0,0.0,1.0,0.0,0.0
0,95,5.10556220847947,11.99851532677858,1.0,0.0,0.0,1.0,0.0,0.0
1,95,9.649218053329957,6.203309495191146,1.0,1.0,0.0,0.0,1.0,1.0
2,95,2.453132289770581,8.94701664449317,0.0,0.0,1.0,0.0,0.0,1.0
3,95,4.149714862088324,11.913972052530116,0.0,0.0,0.0,0.0,0.0,1.0
4,95,2.0119048168093623,1.6281989719852006,0.0,1.0,0.0,1.0,0.0,0.0
5,95,8.828312695914034,5.049756860778673,0.0,0.0,0.0,0.0,1.0,0.0
6,95,0.2538437393802897,3.825314490754245,1.0,1.0,1.0,0.0,0.0,0.0
7,95,9.929681303591511,5.387621438934788,0.0,0.0,0.0,0.0,1.0,0.0
8,95,11.917040875460422,10.090340107783582,0.0,0.0,0.0,1.0,0.0,1.0
9,95,0.0,0.0,1.0,0.0,1.0,0.0,0.0,0.0
10,95,11.08300535126051,1.034308644757962,0.0,0.0,1.0,1.0,0.0,1.0
11,95,3.5109354605660186,10.029368163215867,1.0,0.0,0.0,1.0,0.0,0.0
12,95,0.0638122184265104,1.3433402966414378,0.0,0.0,1.0,0.0,1.0,0.0
13,95,2.24718364474138,11.454629912825224,0.0,1.0,1.0,1.0,0.0,0.0
14,95,3.089900227370424,9.900575721167696,1.0,0.0,1.0,0.0,0.0,1.0
15,95,9.477926209753418,2.037200384661659,0.0,0.0,0.0,0.0,0.0,1.0
16,95,0.0,5.677619810210832,0.0,0.0,0.0,1.0,0.0,1.0
17,95,7.96723362657455,9.08761234839292,0.0,1.0,0.0,1.0,0.0,1.0
18,95,0.0,4.498681968435619,1.0,0.0,0.0,0.0,0.0,0.0
19,95,6.366157770741119,0.0087113117370957,0.0,1.0,0.0,1.0,0.0,0.0
0,100,5.067455213467019,12.0,1.0,0.0,0.0,1.0,0.0,0.0
1,100,9.581646896138633,6.291664014859451,1.0,1.0,0.0,0.0,1.0,1.0
2,100,2.2950262833153885,9.04502848131609,0.0,0.0,1.0,0.0,0.0,1.0
3,100,4.104042637189813,11.89905420438844,0.0,0.0,0.0,0.0,0.0,1.0
4,100,2.0127397460691268,1.6137875352515496,0.0,1.0,0.0,1.0,0.0,0.0
5,100,8.822246204744674,5.103532852045666,0.0,0.0,0.0,0.0,1.0,0.0
6,100,0.199508010525137,3.7326896511997134,1.0,1.0,1.0,0.0,0.0,0.0
7,100,9.899262298927352,5.368497327253896,0.0,0.0,0.0,0.0,1.0,0.0
8,100,11.909713696710924,10.076757128705957,0.0,0.0,0.0,1.0,0.0,1.0
9,100,0.0,0.0,1.0,0.0,1.0,0.0,0.0,0.0
10,100,11.084059086475392,1.003926117463777,0.0,0.0,1.0,1.0,0.0,1.0
11,100,3.487740573755457,10.02825617167833,1.0,0.0,0.0,1.0,0.0,0.0
12,100,0.0694549526260804,1.3766133992283915,0.0,0.0,1.0,0.0,1.0,0.0
13,100,2.251382167878774,11.463799956923356,0.0,1.0,1.0,1.0,0.0,0.0
14,100,3.0865048496018037,9.90308659084522,1.0,0.0,1.0,0.0,0.0,1.0
15,100,9.493088976597134,2.035697859341309,0.0,0.0,0.0,0.0,0.0,1.0
16,100,0.0,5.810088937906015,0.0,0.0,0.0,1.0,0.0,1.0
17,100,7.983621725311361,9.087772306867464,0.0,1.0,0.0,1.0,0.0,1.0
18,100,0.0,4.46723151625328,1.0,0.0,0.0,0.0,0.0,0.0
19,100,6.372866569134875,0.0,0.0,1.0,0.0,1.0,0.0,0.0
0,105,5.048341161481846,12.0,1.0,0.0,0.0,1.0,0.0,0.0
1,105,9.527012850293891,6.359364300212782,1.0,1.0,0.0,0.0,1.0,1.0
2,105,2.1510181898385663,9.132781942720907,0.0,0.0,1.0,0.0,0.0,1.0
3,105,4.03588397105754,11.878617560300944,0.0,0.0,0.0,0.0,0.0,1.0
4,105,2.012544298907508,1.6159347054546458,0.0,1.0,0.0,1.0,0.0,0.0
5,105,8.817653111268655,5.144938366613191,0.0,0.0,0.0,0.0,1.0,0.0
6,105,0.1544215200363052,3.6538028152656983,1.0,1.0,1.0,0.0,0.0,0.0
7,105,9.876401882439186,5.3546507375967884,0.0,0.0,0.0,0.0,1.0,0.0
8,105,11.904044315871884,10.06597672510261,0.0,0.0,0.0,1.0,0.0,1.0
9,105,0.0,0.0,1.0,0.0,1.0,0.0,0.0,0.0
10,105,11.084790552552334,0.9640327792718228,0.0,0.0,1.0,1.0,0.0,1.0
11,105,3.47690540416641,10.028008466438347,1.0,0.0,0.0,1.0,0.0,0.0
12,105,0.0748814091037649,1.4095865350720604,0.0,0.0,1.0,0.0,1.0,0.0
13,105,2.264358598749459,11.491959291759866,0.0,1.0,1.0,1.0,0.0,0.0
14,105,3.073123819433077,9.91234240264198,1.0,0.0,1.0,0.0,0.0,1.0
15,105,9.495302230240664,2.035520965868099,0.0,0.0,0.0,0.0,0.0,1.0
16,105,0.0,5.926464309435048,0.0,0.0,0.0,1.0,0.0,1.0
17,105,8.005859826065619,9.087461661731558,0.0,1.0,0.0,1.0,0.0,1.0
18,105,0.0,4.432124238233919,1.0,0.0,0.0,0.0,0.0,0.0
19,105,6.381504135592566,0.0,0.0,1.0,0.0,1.0,0.0,0.0
0,110,5.044276126824785,12.0,1.0,0.0,0.0,1.0,0.0,0.0
1,110,9.48549258983151,6.4112175661628665,1.0,1.0,0.0,0.0,1.0,1.0
2,110,1.997173538591794,9.22517732151073,0.0,0.0,1.0,0.0,0.0,1.0
3,110,4.00141158156581,11.867663631348536,0.0,0.0,0.0,0.0,0.0,1.0
4,110,2.0125978473439594,1.6151135987451877,0.0,1.0,0.0,1.0,0.0,0.0
5,110,8.80960900491332,5.214144487025377,0.0,0.0,0.0,0.0,1.0,0.0
6,110,0.1037218122344481,3.5623932344039533,1.0,1.0,1.0,0.0,0.0,0.0
7,110,9.851088305948384,5.340292812587333,0.0,0.0,0.0,0.0,1.0,0.0
8,110,11.899466823192684,10.057227596061873,0.0,0.0,0.0,1.0,0.0,1.0
9,110,0.0,0.0,1.0,0.0,1.0,0.0,0.0,0.0
10,110,11.086165966650478,0.9387501241583128,0.0,0.0,1.0,1.0,0.0,1.0
11,110,3.4586457595067883,10.02710921892187,1.0,0.0,0.0,1.0,0.0,0.0
12,110,0.0806284192946422,1.445591471534321,0.0,0.0,1.0,0.0,1.0,0.0
13,110,2.2772085107549134,11.51948183477722,0.0,1.0,1.0,1.0,0.0,0.0
14,110,3.0629901219454085,9.91955510189224,1.0,0.0,1.0,0.0,0.0,1.0
15,110,9.512884390510036,2.034195109980665,0.0,0.0,0.0,0.0,0.0,1.0
16,110,0.0,6.038671967651672,0.0,0.0,0.0,1.0,0.0,1.0
17,110,8.027632765626926,9.086782914454318,0.0,1.0,0.0,1.0,0.0,1.0
18,110,0.0,4.3987881755846905,1.0,0.0,0.0,0.0,0.0,0.0
19,110,6.391134971791844,0.0,0.0,1.0,0.0,1.0,0.0,0.0
0,115,5.048012333085749,11.99949564012868,1.0,0.0,0.0,1.0,0.0,0.0
1,115,9.437870142021564,6.373121324997218,1.0,1.0,0.0,0.0,1.0,1.0
2,115,1.838772009991502,9.320702721048942,0.0,0.0,1.0,0.0,0.0,1.0
3,115,3.980402744372362,11.861386590320787,0.0,0.0,0.0,0.0,0.0,1.0
4,115,2.010539343195393,1.6451480656389357,0.0,1.0,0.0,1.0,0.0,0.0
5,115,8.803857065323617,5.254813688758937,0.0,0.0,0.0,0.0,1.0,0.0
6,115,0.0538102734196193,3.4683700622737192,1.0,1.0,1.0,0.0,0.0,0.0
7,115,9.822423106139222,5.323775045065217,0.0,0.0,0.0,0.0,1.0,0.0
8,115,11.89569774396382,10.049966730473711,0.0,0.0,0.0,1.0,0.0,1.0
9,115,0.0,0.0,1.0,0.0,1.0,0.0,0.0,0.0
10,115,11.086882783397416,0.9190272309623518,0.0,0.0,1.0,1.0,0.0,1.0
11,115,3.4447207800302766,10.026499451118344,1.0,0.0,0.0,1.0,0.0,0.0
12,115,0.0833174997958158,1.4643825469959182,0.0,0.0,1.0,0.0,1.0,0.0
13,115,2.295445291022167,11.556746586134782,0.0,1.0,1.0,1.0,0.0,0.0
14,115,3.0492332613459063,9.928969493176558,1.0,0.0,1.0,0.0,0.0,1.0
15,115,9.519690684737386,2.0335989285177307,0.0,0.0,0.0,0.0,0.0,1.0
16,115,0.0,6.15086966418614,0.0,0.0,0.0,1.0,0.0,1.0
17,115,8.032385490205852,9.086475744384064,0.0,1.0,0.0,1.0,0.0,1.0
18,115,0.0,4.366033074427759,1.0,0.0,0.0,0.0,0.0,0.0
19,115,6.396809405855082,0.0,0.0,1.0,0.0,1.0,0.0,0.0
0,120,5.068468536727963,11.99707834329612,1.0,0.0,0.0,1.0,0.0,0.0
1,120,9.391362230518206,6.337033070187178,1.0,1.0,0.0,0.0,1.0,1.0
2,120,1.6836129973240337,9.411652405028436,0.0,0.0,1.0,0.0,0.0,1.0
3,120,3.974301238050003,11.859664705867113,0.0,0.0,0.0,0.0,0.0,1.0
4,120,2.0099339052462946,1.6549884835126538,0.0,1.0,0.0,1.0,0.0,0.0
5,120,8.79520544466063,5.317445875607926,0.0,0.0,0.0,0.0,1.0,0.0
6,120,0.0034815581604222,3.378230521458704,1.0,1.0,1.0,0.0,0.0,0.0
7,120,9.79226862668646,5.307518879752212,0.0,0.0,0.0,0.0,1.0,0.0
8,120,11.86944615132609,10.000626290117616,0.0,0.0,0.0,1.0,0.0,1.0
9,120,0.0,0.0,1.0,0.0,1.0,0.0,0.0,0.0
10,120,11.087543466834548,0.8679849756430449,0.0,0.0,1.0,1.0,0.0,1.0
11,120,3.440145767310811,10.026183726295884,1.0,0.0,0.0,1.0,0.0,0.0
12,120,0.0857205436571073,1.4823660684268514,0.0,0.0,1.0,0.0,1.0,0.0
13,120,2.324208851163104,11.615536383115728,0.0,1.0,1.0,1.0,0.0,0.0
14,120,3.047924960277246,9.929822218179218,1.0,0.0,1.0,0.0,0.0,1.0
15,120,9.53865335233712,2.0321598191311083,0.0,0.0,0.0,0.0,0.0,1.0
16,120,0.0,6.245904190612083,0.0,0.0,0.0,1.0,0.0,1.0
17,120,8.0503740357694,9.085688664863492,0.0,1.0,0.0,1.0,0.0,1.0
18,120,0.0,4.335105188847769,1.0,0.0,0.0,0.0,0.0,0.0
19,120,6.402042386064188,0.0,0.0,1.0,0.0,1.0,0.0,0.0
0,125,5.077545248690092,11.996252876931926,1.0,0.0,0.0,1.0,0.0,0.0
1,125,9.346342338156967,6.300087178641385,1.0,1.0,0.0,0.0,1.0,1.0
2,125,1.5284542958435083,9.499015145385282,0.0,0.0,1.0,0.0,0.0,1.0
3,125,3.972175526445001,11.859056358243851,0.0,0.0,0.0,0.0,0.0,1.0
4,125,2.0097181687687224,1.660420364846895,0.0,1.0,0.0,1.0,0.0,0.0
5,125,8.786205194033776,5.382981503763738,0.0,0.0,0.0,0.0,1.0,0.0
6,125,0.0,3.287966992483032,1.0,1.0,1.0,0.0,0.0,0.0
7,125,9.773275914358026,5.297353591067631,0.0,0.0,0.0,0.0,1.0,0.0
8,125,11.848270487795096,9.960676699899238,0.0,0.0,0.0,1.0,0.0,1.0
9,125,0.0,0.0,1.0,0.0,1.0,0.0,0.0,0.0
10,125,11.090016860092629,0.8066095609010426,0.0,0.0,1.0,1.0,0.0,1.0
11,125,3.467267073677942,10.028769005499536,1.0,0.0,0.0,1.0,0.0,0.0
12,125,0.0878899226072588,1.4960228270713465,0.0,0.0,1.0,0.0,1.0,0.0
13,125,2.3583567664407243,11.686463569912387,0.0,1.0,1.0,1.0,0.0,0.0
14,125,3.0481286527067537,9.929694340730157,1.0,0.0,1.0,0.0,0.0,1.0
15,125,9.563443646854171,2.0307586230852728,0.0,0.0,0.0,0.0,0.0,1.0
16,125,0.0,6.34010314361298,0.0,0.0,0.0,1.0,0.0,1.0
17,125,8.04707357881511,9.085826986744848,0.0,1.0,0.0,1.0,0.0,1.0
18,125,0.0,4.306421822248642,1.0,0.0,0.0,0.0,0.0,0.0
19,125,6.408530374703783,0.0,0.0,1.0,0.0,1.0,0.0,0.0
0,130,5.086364827123145,11.99554996411671,1.0,0.0,0.0,1.0,0.0,0.0
1,130,9.319564716871035,6.27872801418109,1.0,1.0,0.0,0.0,1.0,1.0
2,130,1.3654975775845708,9.588691067759244,0.0,0.0,1.0,0.0,0.0,1.0
3,130,3.970311407070824,11.858539338634536,0.0,0.0,0.0,0.0,0.0,1.0
4,130,2.009490447995716,1.6484294522902976,0.0,1.0,0.0,1.0,0.0,0.0
5,130,8.776173689137986,5.460671122389762,0.0,0.0,0.0,0.0,1.0,0.0
6,130,0.0,3.1961628607109054,1.0,1.0,1.0,0.0,0.0,0.0
7,130,9.755073755003666,5.287192766448476,0.0,0.0,0.0,0.0,1.0,0.0
8,130,11.818671091555068,9.906777722639188,0.0,0.0,0.0,1.0,0.0,1.0
9,130,0.0,0.0,1.0,0.0,1.0,0.0,0.0,0.0
10,130,11.094827609470595,0.736448539429865,0.0,0.0,1.0,1.0,0.0,1.0
11,130,3.48681142609851,10.031035498804355,1.0,0.0,0.0,1.0,0.0,0.0
12,130,0.0871896377367823,1.4913462305423797,0.0,0.0,1.0,0.0,1.0,0.0
13,130,2.389344600317584,11.756514255919406,0.0,1.0,1.0,1.0,0.0,0.0
14,130,3.041492813152086,9.933802938608231,1.0,0.0,1.0,0.0,0.0,1.0
15,130,9.608641763194775,2.029079252960618,0.0,0.0,0.0,0.0,0.0,1.0
16,130,0.0,6.415306533106739,0.0,0.0,0.0,1.0,0.0,1.0
17,130,8.058524392374503,9.08517429642989,0.0,1.0,0.0,1.0,0.0,1.0
18,130,0.0,4.278761905036432,1.0,0.0,0.0,0.0,0.0,0.0
19,130,6.415004614952759,0.0,0.0,1.0,0.0,1.0,0.0,0.0
0,135,5.0983330556754405,11.994335379719534,1.0,0.0,0.0,1.0,0.0,0.0
1,135,9.277150727201748,6.244194090984868,1.0,1.0,0.0,0.0,1.0,1.0
2,135,1.202793510505601,9.681238286215208,0.0,0.0,1.0,0.0,0.0,1.0
3,135,3.952826892569569,11.853454813021427,0.0,0.0,0.0,0.0,0.0,1.0
4,135,2.008578417271597,1.622351519987551,0.0,1.0,0.0,1.0,0.0,0.0
5,135,8.762481358057151,5.543226058695424,0.0,0.0,0.0,0.0,1.0,0.0
6,135,0.0,3.101926645183366,1.0,1.0,1.0,0.0,0.0,0.0
7,135,9.713297844294408,5.263877504454324,0.0,0.0,0.0,0.0,1.0,0.0
8,135,11.792343284461946,9.860469511306295,0.0,0.0,0.0,1.0,0.0,1.0
9,135,0.0107852547666344,0.0,1.0,0.0,1.0,0.0,0.0,0.0
10,135,11.099982481939222,0.6585343898866934,0.0,0.0,1.0,1.0,0.0,1.0
11,135,3.500368115007115,10.032832251599109,1.0,0.0,0.0,1.0,0.0,0.0
12,135,0.0820595768133441,1.4582462449568987,0.0,0.0,1.0,0.0,1.0,0.0
13,135,2.423159430141426,11.82960643679556,0.0,1.0,1.0,1.0,0.0,0.0
14,135,3.049736540040532,9.928558618790875,1.0,0.0,1.0,0.0,0.0,1.0
15,135,9.625145098450917,2.028614003320085,0.0,0.0,0.0,0.0,0.0,1.0
16,135,0.0,6.494391123441562,0.0,0.0,0.0,1.0,0.0,1.0
17,135,8.048707247049137,9.085884483064142,0.0,1.0,0.0,1.0,0.0,1.0
18,135,0.0,4.257555958184356,1.0,0.0,0.0,0.0,0.0,0.0
19,135,6.424979318909426,0.0,0.0,1.0,0.0,1.0,0.0,0.0
0,140,5.128993747918242,11.990639135152216,1.0,0.0,0.0,1.0,0.0,0.0
1,140,9.229698766579428,6.205606570208801,1.0,1.0,0.0,0.0,1.0,1.0
2,140,1.049288884844603,9.767648757316596,0.0,0.0,1.0,0.0,0.0,1.0
3,140,3.933213787560749,11.847675439691807,0.0,0.0,0.0,0.0,0.0,1.0
4,140,2.0073754565193545,1.6022010756763625,0.0,1.0,0.0,1.0,0.0,0.0
5,140,8.750568944865947,5.616866807653448,0.0,0.0,0.0,0.0,1.0,0.0
6,140,0.0,3.02454530486938,1.0,1.0,1.0,0.0,0.0,0.0
7,140,9.677359014396036,5.243558031427658,0.0,0.0,0.0,0.0,1.0,0.0
8,140,11.758005569784055,9.797898134113744,0.0,0.0,0.0,1.0,0.0,1.0
9,140,0.0169650459438103,0.0,1.0,0.0,1.0,0.0,0.0,0.0
10,140,11.104819158791711,0.5838314680726207,0.0,0.0,1.0,1.0,0.0,1.0
11,140,3.525474065906071,10.036075130684331,1.0,0.0,0.0,1.0,0.0,0.0
12,140,0.0759806106222546,1.4242873063993504,0.0,0.0,1.0,0.0,1.0,0.0
13,140,2.452441227838352,11.89176242209798,0.0,1.0,1.0,1.0,0.0,0.0
14,140,3.0665163526593697,9.91750929205124,1.0,0.0,1.0,0.0,0.0,1.0
15,140,9.641175349419363,2.028381483400405,0.0,0.0,0.0,0.0,0.0,1.0
16,140,0.0,6.562556249977828,0.0,0.0,0.0,1.0,0.0,1.0
17,140,8.027341902428416,9.086484988971064,0.0,1.0,0.0,1.0,0.0,1.0
18,140,0.0,4.230034520142016,1.0,0.0,0.0,0.0,0.0,0.0
19,140,6.430874517964859,0.0,0.0,1.0,0.0,1.0,0.0,0.0
0,145,5.158629912325018,11.987739954065304,1.0,0.0,0.0,1.0,0.0,0.0
1,145,9.17552796553093,6.162339106446071,1.0,1.0,0.0,0.0,1.0,1.0
2,145,0.9545631380060536,9.597558026826889,0.0,0.0,1.0,0.0,0.0,1.0
3,145,3.927927761940256,11.846055283914248,0.0,0.0,0.0,0.0,0.0,1.0
4,145,2.0070979984945727,1.5971076361463736,0.0,1.0,0.0,1.0,0.0,0.0
5,145,8.74320352248147,5.663878786670716,0.0,0.0,0.0,0.0,1.0,0.0
6,145,0.0,2.951354988378871,1.0,1.0,1.0,0.0,0.0,0.0
7,145,9.638926306216153,5.221233789025533,0.0,0.0,0.0,0.0,1.0,0.0
8,145,11.718548314588682,9.72854515436351,0.0,0.0,0.0,1.0,0.0,1.0
9,145,0.0270755389740338,0.0,1.0,0.0,1.0,0.0,0.0,0.0
10,145,11.1089554028651,0.5219548942510782,0.0,0.0,1.0,1.0,0.0,1.0
11,145,3.5604674880739435,10.04100997037922,1.0,0.0,0.0,1.0,0.0,0.0
12,145,0.0684784492553308,1.3762075993793683,0.0,0.0,1.0,0.0,1.0,0.0
13,145,2.486625660415558,11.968328943257722,0.0,1.0,1.0,1.0,0.0,0.0
14,145,3.0839004952035336,9.906124010713752,1.0,0.0,1.0,0.0,0.0,1.0
15,145,9.65895089647253,2.0276516409855767,0.0,0.0,0.0,0.0,0.0,1.0
16,145,0.0,6.634884585789774,0.0,0.0,0.0,1.0,0.0,1.0
17,145,8.032312286469816,9.086380300088653,0.0,1.0,0.0,1.0,0.0,1.0
18,145,0.0,4.20364376030237,1.0,0.0,0.0,0.0,0.0,0.0
19,145,6.439442064085927,0.0,0.0,1.0,0.0,1.0,0.0,0.0
0,150,5.171835208945574,11.986192557271249,1.0,0.0,0.0,1.0,0.0,0.0
1,150,9.11816803896282,6.11772512143608,1.0,1.0,0.0,0.0,1.0,1.0
2,150,0.8596235410084567,9.4262156848253,0.0,0.0,1.0,0.0,0.0,1.0
3,150,3.9264289834672135,11.84562786462456,0.0,0.0,0.0,0.0,0.0,1.0
4,150,2.006401461336849,1.5798127591573898,0.0,1.0,0.0,1.0,0.0,0.0
5,150,8.7381885127961,5.697758869388373,0.0,0.0,0.0,0.0,1.0,0.0
6,150,0.0,2.862349312280042,1.0,1.0,1.0,0.0,0.0,0.0
7,150,9.584714041833053,5.18998213934066,0.0,0.0,0.0,0.0,1.0,0.0
8,150,11.690060146766056,9.678426834677111,0.0,0.0,0.0,1.0,0.0,1.0
9,150,0.0371168698001312,0.0,1.0,0.0,1.0,0.0,0.0,0.0
10,150,11.112516854879194,0.4665963053332539,0.0,0.0,1.0,1.0,0.0,1.0
11,150,3.592839729185596,10.046137674284816,1.0,0.0,0.0,1.0,0.0,0.0
12,150,0.0611270665381069,1.3226419034206809,0.0,0.0,1.0,0.0,1.0,0.0
13,150,2.5175971160237576,12.0,0.0,1.0,1.0,1.0,0.0,0.0
14,150,3.1104333497779417,9.8885863400909,1.0,0.0,1.0,0.0,0.0,1.0
15,150,9.692674112040413,2.025466419490321,0.0,0.0,0.0,0.0,0.0,1.0
16,150,0.0,6.720537193209873,0.0,0.0,0.0,1.0,0.0,1.0
17,150,8.032031204296787,9.080508260379398,0.0,1.0,0.0,1.0,0.0,1.0
18,150,0.0,4.180637002078235,1.0,0.0,0.0,0.0,0.0,0.0
19,150,6.444381355392879,0.0,0.0,1.0,0.0,1.0,0.0,0.0
0,155,5.175839597173591,11.985678353406012,1.0,0.0,0.0,1.0,0.0,0.0
1,155,9.062026229058626,6.073364008174915,1.0,1.0,0.0,0.0,1.0,1.0
2,155,0.7591621554912336,9.244459324752176,0.0,0.0,1.0,0.0,0.0,1.0
3,155,3.921118510689111,11.843987386481478,0.0,0.0,0.0,0.0,0.0,1.0
4,155,2.0061505635093853,1.574677021727639,0.0,1.0,0.0,1.0,0.0,0.0
5,155,8.73493125289516,5.718349929049453,0.0,0.0,0.0,0.0,1.0,0.0
6,155,0.0,2.7508292533769496,1.0,1.0,1.0,0.0,0.0,0.0
7,155,9.51275348833938,5.1483576045448,0.0,0.0,0.0,0.0,1.0,0.0
8,155,11.65838445804796,9.62360133637513,0.0,0.0,0.0,1.0,0.0,1.0
9,155,0.0515843719114234,0.0,1.0,0.0,1.0,0.0,0.0,0.0
10,155,11.11506623149927,0.4103708945718859,0.0,0.0,1.0,1.0,0.0,1.0
11,155,3.630810807193321,10.050785634053042,1.0,0.0,0.0,1.0,0.0,0.0
12,155,0.0551284489615496,1.2820556410621358,0.0,0.0,1.0,0.0,1.0,0.0
13,155,2.5578070644083577,12.0,0.0,1.0,1.0,1.0,0.0,0.0
14,155,3.1296438257535155,9.876594907626634,1.0,0.0,1.0,0.0,0.0,1.0
15,155,9.728895814673912,2.0218163605996846,0.0,0.0,0.0,0.0,0.0,1.0
16,155,0.0,6.812622596825454,0.0,0.0,0.0,1.0,0.0,1.0
17,155,8.032342713798688,9.089264037726036,0.0,1.0,0.0,1.0,0.0,1.0
18,155,0.0,4.152164608023217,1.0,0.0,0.0,0.0,0.0,0.0
19,155,6.447081039827913,0.0,0.0,1.0,0.0,1.0,0.0,0.0
0,160,5.163220576781168,11.987219953420414,1.0,0.0,0.0,1.0,0.0,0.0
1,160,8.99518648728069,6.021796372452588,1.0,1.0,0.0,0.0,1.0,1.0
2,160,0.6513675628773394,9.061900563943372,0.0,0.0,1.0,0.0,0.0,1.0
3,160,3.904454807832327,11.838879450261892,0.0,0.0,0.0,0.0,0.0,1.0
4,160,2.006425740777852,1.579595301896933,0.0,1.0,0.0,1.0,0.0,0.0
5,160,8.729075158628495,5.756396985241986,0.0,0.0,0.0,0.0,1.0,0.0
6,160,0.0,2.6250325604498084,1.0,1.0,1.0,0.0,0.0,0.0
7,160,9.451896998867351,5.111343548303481,0.0,0.0,0.0,0.0,1.0,0.0
8,160,11.618812907002155,9.559872752265402,0.0,0.0,0.0,1.0,0.0,1.0
9,160,0.0666260775965266,0.0,1.0,0.0,1.0,0.0,0.0,0.0
10,160,11.115974545767696,0.351706732917228,0.0,0.0,1.0,1.0,0.0,1.0
11,160,3.676808064208002,10.05446353350527,1.0,0.0,0.0,1.0,0.0,0.0
12,160,0.0481541962207518,1.2367955296192037,0.0,0.0,1.0,0.0,1.0,0.0
13,160,2.600222960551225,12.0,0.0,1.0,1.0,1.0,0.0,0.0
14,160,3.1366370692515986,9.872127315609928,1.0,0.0,1.0,0.0,0.0,1.0
15,160,9.757795144789537,2.018886177670668,0.0,0.0,0.0,0.0,0.0,1.0
16,160,0.0,6.899896162792756,0.0,0.0,0.0,1.0,0.0,1.0
17,160,8.033309364676628,9.120785207583136,0.0,1.0,0.0,1.0,0.0,1.0
18,160,0.0,4.121235722158062,1.0,0.0,0.0,0.0,0.0,0.0
19,160,6.452873259096232,0.0,0.0,1.0,0.0,1.0,0.0,0.0
0,165,5.152848452737068,11.988257197208457,1.0,0.0,0.0,1.0,0.0,0.0
1,165,8.920258813493536,5.962135152664083,1.0,1.0,0.0,0.0,1.0,1.0
2,165,0.5443012346218753,8.87945055266029,0.0,0.0,1.0,0.0,0.0,1.0
3,165,3.872230043213772,11.82942583640831,0.0,0.0,0.0,0.0,0.0,1.0
4,165,2.0067333031276555,1.5859594783728863,0.0,1.0,0.0,1.0,0.0,0.0
5,165,8.721732114538945,5.802813916536475,0.0,0.0,0.0,0.0,1.0,0.0
6,165,0.0,2.502636399137648,1.0,1.0,1.0,0.0,0.0,0.0
7,165,9.402428426659483,5.080937999481862,0.0,0.0,0.0,0.0,1.0,0.0
8,165,11.566456455886756,9.477218711353196,0.0,0.0,0.0,1.0,0.0,1.0
9,165,0.0844157064440178,0.0,1.0,0.0,1.0,0.0,0.0,0.0
10,165,11.119975981322543,0.2749336140536279,0.0,0.0,1.0,1.0,0.0,1.0
11,165,3.718580552916967,10.057285257624184,1.0,0.0,0.0,1.0,0.0,0.0
12,165,0.0392974403537026,1.182020592860847,0.0,0.0,1.0,0.0,1.0,0.0
13,165,2.645983003463161,12.0,0.0,1.0,1.0,1.0,0.0,0.0
14,165,3.132769295848887,9.874559867753232,1.0,0.0,1.0,0.0,0.0,1.0
15,165,9.770563489713572,2.017549110774616,0.0,0.0,0.0,0.0,0.0,1.0
16,165,0.0,6.976000368613618,0.0,0.0,0.0,1.0,0.0,1.0
17,165,8.033749313215903,9.139771451883348,0.0,1.0,0.0,1.0,0.0,1.0
18,165,0.0,4.197759372070034,1.0,0.0,0.0,0.0,0.0,0.0
19,165,6.466095608192228,0.0,0.0,1.0,0.0,1.0,0.0,0.0
0,170,5.160312294102608,11.987603663901854,1.0,0.0,0.0,1.0,0.0,0.0
1,170,8.820484152098507,5.879459388132753,1.0,1.0,0.0,0.0,1.0,1.0
2,170,0.4351980987385397,8.69034799575139,0.0,0.0,1.0,0.0,0.0,1.0
3,170,3.830985433083264,11.816979441581683,0.0,0.0,0.0,0.0,0.0,1.0
4,170,2.007790346649473,1.6078917852060413,0.0,1.0,0.0,1.0,0.0,0.0
5,170,8.708164099652098,5.878771221492037,0.0,0.0,0.0,0.0,1.0,0.0
6,170,0.0,2.377466696257677,1.0,1.0,1.0,0.0,0.0,0.0
7,170,9.34284675597324,5.044010074828821,0.0,0.0,0.0,0.0,1.0,0.0
8,170,11.505435006780733,9.380015075048556,0.0,0.0,0.0,1.0,0.0,1.0
9,170,0.0955767698024059,0.0,1.0,0.0,1.0,0.0,0.0,0.0
10,170,11.123494797087872,0.1980073653343531,0.0,0.0,1.0,1.0,0.0,1.0
11,170,3.762811993751304,10.060462838466288,1.0,0.0,0.0,1.0,0.0,0.0
12,170,0.0325505097324699,1.1452247066496186,0.0,0.0,1.0,0.0,1.0,0.0
13,170,2.535289228880003,12.0,0.0,1.0,1.0,1.0,0.0,0.0
14,170,3.128042789229499,9.87759955200841,1.0,0.0,1.0,0.0,0.0,1.0
15,170,9.792199452190856,2.01550152707944,0.0,0.0,0.0,0.0,0.0,1.0
16,170,0.0,7.070402188235241,0.0,0.0,0.0,1.0,0.0,1.0
17,170,8.034332271228372,9.153444805234434,0.0,1.0,0.0,1.0,0.0,1.0
18,170,0.0,4.250519270890441,1.0,0.0,0.0,0.0,0.0,0.0
19,170,6.4799083710638525,0.0,0.0,1.0,0.0,1.0,0.0,0.0
0,175,5.143775263013074,11.989559946565167,1.0,0.0,0.0,1.0,0.0,0.0
1,175,8.706181388015441,5.779754597472801,1.0,1.0,0.0,0.0,1.0,1.0
2,175,0.3226647606492116,8.511628739559509,0.0,0.0,1.0,0.0,0.0,1.0
3,175,3.808071330746381,11.809525737848764,0.0,0.0,0.0,0.0,0.0,1.0
4,175,2.0102425172243303,1.6356849027880165,0.0,1.0,0.0,1.0,0.0,0.0
5,175,8.696106409063276,5.949630229312622,0.0,0.0,0.0,0.0,1.0,0.0
6,175,0.0,2.2587326333249966,1.0,1.0,1.0,0.0,0.0,0.0
7,175,9.29356426403531,5.012733184470841,0.0,0.0,0.0,0.0,1.0,0.0
8,175,11.434486137142406,9.267227591912912,0.0,0.0,0.0,1.0,0.0,1.0
9,175,0.1030112478242102,0.0,1.0,0.0,1.0,0.0,0.0,0.0
10,175,11.126638160891996,0.1349524633052651,0.0,0.0,1.0,1.0,0.0,1.0
11,175,3.794152318904931,10.063251376351596,1.0,0.0,0.0,1.0,0.0,0.0
12,175,0.0277759364554356,1.1173710203179696,0.0,0.0,1.0,0.0,1.0,0.0
13,175,2.4353098677902127,12.0,0.0,1.0,1.0,1.0,0.0,0.0
14,175,3.140861146781295,9.869687475005335,1.0,0.0,1.0,0.0,0.0,1.0
15,175,9.843135300191438,2.010339368244342,0.0,0.0,0.0,0.0,0.0,1.0
16,175,0.0,7.173358229359568,0.0,0.0,0.0,1.0,0.0,1.0
17,175,8.034341304605539,9.168718984250756,0.0,1.0,0.0,1.0,0.0,1.0
18,175,0.0,4.285091131641545,1.0,0.0,0.0,0.0,0.0,0.0
19,175,6.490459080331026,0.0,0.0,1.0,0.0,1.0,0.0,0.0
0,180,5.134105590396853,11.990701938755633,1.0,0.0,0.0,1.0,0.0,0.0
1,180,8.599851361332632,5.688896034857407,1.0,1.0,0.0,0.0,1.0,1.0
2,180,0.2127867069467306,8.34523616134869,0.0,0.0,1.0,0.0,0.0,1.0
3,180,3.763260319015165,11.794864780484808,0.0,0.0,0.0,0.0,0.0,1.0
4,180,2.011513853988868,1.6533901222313026,0.0,1.0,0.0,1.0,0.0,0.0
5,180,8.683769049055726,6.018319001776858,0.0,0.0,0.0,0.0,1.0,0.0
6,180,0.0,2.1544883177783927,1.0,1.0,1.0,0.0,0.0,0.0
7,180,9.263731904127122,4.9930795331825495,0.0,0.0,0.0,0.0,1.0,0.0
8,180,11.367090507706571,9.154588736709986,0.0,0.0,0.0,1.0,0.0,1.0
9,180,0.1103461645877428,0.0,1.0,0.0,1.0,0.0,0.0,0.0
10,180,11.128942521766035,0.0732515618614539,0.0,0.0,1.0,1.0,0.0,1.0
11,180,3.835200997456605,10.06661308170095,1.0,0.0,0.0,1.0,0.0,0.0
12,180,0.0016568165725041,1.1226141932969298,0.0,0.0,1.0,0.0,1.0,0.0
13,180,2.321017883809394,12.0,0.0,1.0,1.0,1.0,0.0,0.0
14,180,3.1610656049465464,9.857135967888272,1.0,0.0,1.0,0.0,0.0,1.0
15,180,9.898370251377736,2.0040714278177694,0.0,0.0,0.0,0.0,0.0,1.0
16,180,0.0,7.279400675082972,0.0,0.0,0.0,1.0,0.0,1.0
17,180,8.03466653491738,9.18606668870002,0.0,1.0,0.0,1.0,0.0,1.0
18,180,0.0,4.298826330100741,1.0,0.0,0.0,0.0,0.0,0.0
19,180,6.499844893116178,0.0,0.0,1.0,0.0,1.0,0.0,0.0
0,185,5.115923261114064,11.992728013133144,1.0,0.0,0.0,1.0,0.0,0.0
1,185,8.490027991284924,5.598600292138833,1.0,1.0,0.0,0.0,1.0,1.0
2,185,0.0979861801960133,8.1575009736542,0.0,0.0,1.0,0.0,0.0,1.0
3,185,3.7181795487917233,11.780891189342684,0.0,0.0,0.0,0.0,0.0,1.0
4,185,2.012316189773755,1.6648039620611483,0.0,1.0,0.0,1.0,0.0,0.0
5,185,8.67171903041734,6.077270341555977,0.0,0.0,0.0,0.0,1.0,0.0
6,185,0.0,2.045571601313651,1.0,1.0,1.0,0.0,0.0,0.0
7,185,9.223997245728391,4.966056647720558,0.0,0.0,0.0,0.0,1.0,0.0
8,185,11.300110569578854,9.03756718245394,0.0,0.0,0.0,1.0,0.0,1.0
9,185,0.111508232910081,0.0,1.0,0.0,1.0,0.0,0.0,0.0
10,185,11.131113914922029,0.0,0.0,0.0,1.0,1.0,0.0,1.0
11,185,3.876422822832111,10.07098447225039,1.0,0.0,0.0,1.0,0.0,0.0
12,185,0.0,1.1278829561294617,0.0,0.0,1.0,0.0,1.0,0.0
13,185,2.1958901897515317,12.0,0.0,1.0,1.0,1.0,0.0,0.0
14,185,3.18876983744607,9.839806144994377,1.0,0.0,1.0,0.0,0.0,1.0
15,185,9.949747863078802,1.99832486047812,0.0,0.0,0.0,0.0,0.0,1.0
16,185,0.0,7.39067869084519,0.0,0.0,0.0,1.0,0.0,1.0
17,185,8.034656271765837,9.18568484170893,0.0,1.0,0.0,1.0,0.0,1.0
18,185,0.0,4.324900142544038,1.0,0.0,0.0,0.0,0.0,0.0
19,185,6.509325126334579,0.0,0.0,1.0,0.0,1.0,0.0,0.0
0,190,5.085180692772191,11.995582969181372,1.0,0.0,0.0,1.0,0.0,0.0
1,190,8.379728770645096,5.506051946928164,1.0,1.0,0.0,0.0,1.0,1.0
2,190,0.0022055148308902,7.992055446957326,0.0,0.0,1.0,0.0,0.0,1.0
3,190,3.66715570932748,11.76167560642696,0.0,0.0,0.0,0.0,0.0,1.0
4,190,2.012811302994687,1.6710398830155249,0.0,1.0,0.0,1.0,0.0,0.0
5,190,8.65696702990713,6.152364745082371,0.0,0.0,0.0,0.0,1.0,0.0
6,190,0.0,1.956297879426576,1.0,1.0,1.0,0.0,0.0,0.0
7,190,9.169008539849491,4.926969613076275,0.0,0.0,0.0,0.0,1.0,0.0
8,190,11.231419047104316,8.915049294393716,0.0,0.0,0.0,1.0,0.0,1.0
9,190,0.1076481634924221,0.0157514092030041,1.0,0.0,1.0,0.0,0.0,0.0
10,190,11.13188105190843,0.0,0.0,0.0,1.0,1.0,0.0,1.0
11,190,3.9393845335527744,10.077696835755352,1.0,0.0,0.0,1.0,0.0,0.0
12,190,0.0,1.1345421179564228,0.0,0.0,1.0,0.0,1.0,0.0
13,190,2.0852141929203043,12.0,0.0,1.0,1.0,1.0,0.0,0.0
14,190,3.205620347802576,9.829280019372996,1.0,0.0,1.0,0.0,0.0,1.0
15,190,10.0179490999265,1.990388004383292,0.0,0.0,0.0,0.0,0.0,1.0
16,190,0.0,7.516453118127064,0.0,0.0,0.0,1.0,0.0,1.0
17,190,8.034618417061628,9.184075522669527,0.0,1.0,0.0,1.0,0.0,1.0
18,190,0.0,4.344146082349742,1.0,0.0,0.0,0.0,0.0,0.0
19,190,6.518928366243014,0.0,0.0,1.0,0.0,1.0,0.0,0.0
0,195,5.059150504369838,11.998399164560936,1.0,0.0,0.0,1.0,0.0,0.0
1,195,8.259509006722165,5.404305230426966,1.0,1.0,0.0,0.0,1.0,1.0
2,195,0.0,7.839062905843764,0.0,0.0,1.0,0.0,0.0,1.0
3,195,3.6170386705097215,11.742405147810086,0.0,0.0,0.0,0.0,0.0,1.0
4,195,2.005803133777926,1.6716491093936767,0.0,1.0,0.0,1.0,0.0,0.0
5,195,8.641930761222731,6.237752937088672,0.0,0.0,0.0,0.0,1.0,0.0
6,195,0.0,1.863006990125858,1.0,1.0,1.0,0.0,0.0,0.0
7,195,9.11075787240536,4.884911506511255,0.0,0.0,0.0,0.0,1.0,0.0
8,195,11.143862924138991,8.775009570549475,0.0,0.0,0.0,1.0,0.0,1.0
9,195,0.1048337153390346,0.025989737477197,1.0,0.0,1.0,0.0,0.0,0.0
10,195,11.132037963574112,0.0,0.0,0.0,1.0,1.0,0.0,1.0
11,195,4.028420125036969,10.088664455760176,1.0,0.0,0.0,1.0,0.0,0.0
12,195,0.0,1.1402358783515434,0.0,0.0,1.0,0.0,1.0,0.0
13,195,1.9750030943603123,12.0,0.0,1.0,1.0,1.0,0.0,0.0
14,195,3.2310209495619007,9.81332259541184,1.0,0.0,1.0,0.0,0.0,1.0
15,195,10.097359940468236,1.9819678012341129,0.0,0.0,0.0,0.0,0.0,1.0
16,195,0.0,7.633297398501642,0.0,0.0,0.0,1.0,0.0,1.0
17,195,8.0354386716303,9.203746037904924,0.0,1.0,0.0,1.0,0.0,1.0
18,195,0.0,4.335789214359817,1.0,0.0,0.0,0.0,0.0,0.0
19,195,6.530088258743878,0.0,0.0,1.0,0.0,1.0,0.0,0.0
0,200,5.04987934615183,11.999495968953646,1.0,0.0,0.0,1.0,0.0,0.0
1,200,8.143893523285328,5.304770082038983,1.0,1.0,0.0,0.0,1.0,1.0
2,200,0.0,7.665314553910514,0.0,0.0,1.0,0.0,0.0,1.0
3,200,3.574706213973728,11.7268888263442,0.0,0.0,0.0,0.0,0.0,1.0
4,200,2.013270583037366,1.6708712769981369,0.0,1.0,0.0,1.0,0.0,0.0
5,200,8.625840054271851,6.340784201661111,0.0,0.0,0.0,0.0,1.0,0.0
6,200,0.0,1.7542512928099916,1.0,1.0,1.0,0.0,0.0,0.0
7,200,9.0415056247237,4.835894392141152,0.0,0.0,0.0,0.0,1.0,0.0
8,200,11.060034737026667,8.636792562600094,0.0,0.0,0.0,1.0,0.0,1.0
9,200,0.0988332401132676,0.0488874939243737,1.0,0.0,1.0,0.0,0.0,0.0
10,200,11.127916511836547,0.0,0.0,0.0,1.0,1.0,0.0,1.0
11,200,4.115435181829267,10.099709439317827,1.0,0.0,0.0,1.0,0.0,0.0
12,200,0.0,1.1422888596116652,0.0,0.0,1.0,0.0,1.0,0.0
13,200,1.8550280290773424,12.0,0.0,1.0,1.0,1.0,0.0,0.0
14,200,3.2540825499636643,9.798626399568183,1.0,0.0,1.0,0.0,0.0,1.0
15,200,10.168926815971773,1.9728105202195405,0.0,0.0,0.0,0.0,0.0,1.0
16,200,0.0,7.737405995267884,0.0,0.0,0.0,1.0,0.0,1.0
17,200,8.035677826319334,9.211511011009408,0.0,1.0,0.0,1.0,0.0,1.0
18,200,0.0,4.332326275743919,1.0,0.0,0.0,0.0,0.0,0.0
19,200,6.541118480089966,0.0,0.0,1.0,0.0,1.0,0.0,0.0
0,205,5.032442204005903,12.0,1.0,0.0,0.0,1.0,0.0,0.0
1,205,8.032839362215716,5.205142963123447,1.0,1.0,0.0,0.0,1.0,1.0
2,205,0.0,7.4825777903197555,0.0,0.0,1.0,0.0,0.0,1.0
3,205,3.542576949699229,11.715648962567434,0.0,0.0,0.0,0.0,0.0,1.0
4,205,1.9894828058644125,1.6734260467877953,0.0,1.0,0.0,1.0,0.0,0.0
5,205,8.611951179350116,6.450277020941741,0.0,0.0,0.0,0.0,1.0,0.0
6,205,0.0,1.6571317617340215,1.0,1.0,1.0,0.0,0.0,0.0
7,205,8.970937962230677,4.7822246617326005,0.0,0.0,0.0,0.0,1.0,0.0
8,205,10.982925793088013,8.498136829968663,0.0,0.0,0.0,1.0,0.0,1.0
9,205,0.0975152986391025,0.0541294520188557,1.0,0.0,1.0,0.0,0.0,0.0
10,205,11.125953424750149,0.0,0.0,0.0,1.0,1.0,0.0,1.0
11,205,4.197029173871182,10.1102874821931,1.0,0.0,0.0,1.0,0.0,0.0
12,205,0.0,1.1442008004885396,0.0,0.0,1.0,0.0,1.0,0.0
13,205,1.7372011427526173,12.0,0.0,1.0,1.0,1.0,0.0,0.0
14,205,3.2360978422906195,9.771147791936915,1.0,0.0,1.0,0.0,0.0,1.0
15,205,10.258351601595752,1.9624483530186527,0.0,0.0,0.0,0.0,0.0,1.0
16,205,0.0995047440387441,7.809011890751921,0.0,0.0,0.0,1.0,0.0,1.0
17,205,8.035666923268062,9.212688282083423,0.0,1.0,0.0,1.0,0.0,1.0
18,205,0.008910727685412,4.334989714133048,1.0,0.0,0.0,0.0,0.0,0.0
19,205,6.546504347532303,0.0,0.0,1.0,0.0,1.0,0.0,0.0
0,210,5.04513853160205,11.998301051006807,1.0,0.0,0.0,1.0,0.0,0.0
1,210,7.916879007510388,5.107854462838971,1.0,1.0,0.0,0.0,1.0,1.0
2,210,0.0,7.282434358887273,0.0,0.0,1.0,0.0,0.0,1.0
3,210,3.493546383952218,11.698599200980029,0.0,0.0,0.0,0.0,0.0,1.0
4,210,1.9756276342346504,1.6749655151677825,0.0,1.0,0.0,1.0,0.0,0.0
5,210,8.597855029296152,6.550717700342799,0.0,0.0,0.0,0.0,1.0,0.0
6,210,0.0,1.5511166507037109,1.0,1.0,1.0,0.0,0.0,0.0
7,210,8.904175873901742,4.728997699230724,0.0,0.0,0.0,0.0,1.0,0.0
8,210,10.920643771324462,8.375863242300994,0.0,0.0,0.0,1.0,0.0,1.0
9,210,0.1000528958232637,0.0434412095086209,1.0,0.0,1.0,0.0,0.0,0.0
10,210,11.12393345488425,0.0,0.0,0.0,1.0,1.0,0.0,1.0
11,210,4.279858501446385,10.1222999551776,1.0,0.0,0.0,1.0,0.0,0.0
12,210,0.0,1.1453964636197809,0.0,0.0,1.0,0.0,1.0,0.0
13,210,1.617400247838266,12.0,0.0,1.0,1.0,1.0,0.0,0.0
14,210,3.222683418295646,9.750327505202712,1.0,0.0,1.0,0.0,0.0,1.0
15,210,10.348838362195,1.951176545381601,0.0,0.0,0.0,0.0,0.0,1.0
16,210,0.2003492196809359,7.881659890703082,0.0,0.0,0.0,1.0,0.0,1.0
17,210,8.035662773490895,9.212181939067944,0.0,1.0,0.0,1.0,0.0,1.0
18,210,0.0193187027813471,4.337583646756454,1.0,0.0,0.0,0.0,0.0,0.0
19,210,6.553523801888327,0.0,0.0,1.0,0.0,1.0,0.0,0.0
0,215,5.069921366368929,11.99525816691425,1.0,0.0,0.0,1.0,0.0,0.0
1,215,7.806562994892442,5.022151996428691,1.0,1.0,0.0,0.0,1.0,1.0
2,215,0.0,7.078653023446597,0.0,0.0,1.0,0.0,0.0,1.0
3,215,3.437232348436735,11.679032102407236,0.0,0.0,0.0,0.0,0.0,1.0
4,215,1.95759485136938,1.6770645138482936,0.0,1.0,0.0,1.0,0.0,0.0
5,215,8.583444041049242,6.655604956794787,0.0,0.0,0.0,0.0,1.0,0.0
6,215,0.0,1.4508302606014825,1.0,1.0,1.0,0.0,0.0,0.0
7,215,8.842833506176234,4.682187255707169,0.0,0.0,0.0,0.0,1.0,0.0
8,215,10.854879832594424,8.243911374185632,0.0,0.0,0.0,1.0,0.0,1.0
9,215,0.1047499524195347,0.0227992117327875,1.0,0.0,1.0,0.0,0.0,0.0
10,215,11.12227456739731,0.0,0.0,0.0,1.0,1.0,0.0,1.0
11,215,4.378503309025018,10.134565746617268,1.0,0.0,0.0,1.0,0.0,0.0
12,215,0.0,1.1467904648454728,0.0,0.0,1.0,0.0,1.0,0.0
13,215,1.4926919742600184,12.0,0.0,1.0,1.0,1.0,0.0,0.0
14,215,3.210670229809673,9.73176597068884,1.0,0.0,1.0,0.0,0.0,1.0
15,215,10.335512756547256,1.8562400075651628,0.0,0.0,0.0,0.0,0.0,1.0
16,215,0.2941393784077979,7.948370627207906,0.0,0.0,0.0,1.0,0.0,1.0
17,215,8.035635710320777,9.208857275262064,0.0,1.0,0.0,1.0,0.0,1.0
18,215,0.046855559639794,4.344888624317783,1.0,0.0,0.0,0.0,0.0,0.0
19,215,6.56916701300357,0.0,0.0,1.0,0.0,1.0,0.0,0.0
0,220,5.109559073087475,11.98968459519695,1.0,0.0,0.0,1.0,0.0,0.0
1,220,7.689868632025034,4.930176301582339,1.0,1.0,0.0,0.0,1.0,1.0
2,220,0.0,6.878230345325848,0.0,0.0,1.0,0.0,0.0,1.0
3,220,3.3668021574261493,11.655481923553696,0.0,0.0,0.0,0.0,0.0,1.0
4,220,1.9359123954424595,1.6792019984721325,0.0,1.0,0.0,1.0,0.0,0.0
5,220,8.571432641819738,6.743599228654552,0.0,0.0,0.0,0.0,1.0,0.0
6,220,0.0,1.3589403003098632,1.0,1.0,1.0,0.0,0.0,0.0
7,220,8.776893861239271,4.631067891272164,0.0,0.0,0.0,0.0,1.0,0.0
8,220,10.796575207795362,8.126541324305023,0.0,0.0,0.0,1.0,0.0,1.0
9,220,0.1125458406945955,0.0,1.0,0.0,1.0,0.0,0.0,0.0
10,220,11.119473625234628,0.0,0.0,0.0,1.0,1.0,0.0,1.0
11,220,4.471851314121842,10.147722800773144,1.0,0.0,0.0,1.0,0.0,0.0
12,220,0.0,1.1475702375564407,0.0,0.0,1.0,0.0,1.0,0.0
13,220,1.358643776382357,12.0,0.0,1.0,1.0,1.0,0.0,0.0
14,220,3.1961051055706857,9.708077731153644,1.0,0.0,1.0,0.0,0.0,1.0
15,220,10.327539502838023,1.790208811193905,0.0,0.0,0.0,0.0,0.0,1.0
16,220,0.3986039682491782,8.017247999500043,0.0,0.0,0.0,1.0,0.0,1.0
17,220,8.035699874987687,9.211753268307747,0.0,1.0,0.0,1.0,0.0,1.0
18,220,0.0523894866803644,4.346281738364658,1.0,0.0,0.0,0.0,0.0,0.0
19,220,6.58063516078921,0.0,0.0,1.0,0.0,1.0,0.0,0.0
0,225,5.149630733851743,11.984264150363623,1.0,0.0,0.0,1.0,0.0,0.0
1,225,7.582649048159088,4.843163289880112,1.0,1.0,0.0,0.0,1.0,1.0
2,225,0.0,6.699995560417932,0.0,0.0,1.0,0.0,0.0,1.0
3,225,3.287273132011233,11.630756795254952,0.0,0.0,0.0,0.0,0.0,1.0
4,225,1.914291865380236,1.6811897823993842,0.0,1.0,0.0,1.0,0.0,0.0
5,225,8.556688802541926,6.855260182560175,0.0,0.0,0.0,0.0,1.0,0.0
6,225,0.0,1.2665123362199049,1.0,1.0,1.0,0.0,0.0,0.0
7,225,8.708802570085224,4.581564601423094,0.0,0.0,0.0,0.0,1.0,0.0
8,225,10.742203967947962,8.01398418445933,0.0,0.0,0.0,1.0,0.0,1.0
9,225,0.1228253414214707,0.0,1.0,0.0,1.0,0.0,0.0,0.0
10,225,11.11261791319627,0.0,0.0,0.0,1.0,1.0,0.0,1.0
11,225,4.566172982330501,10.161737651368329,1.0,0.0,0.0,1.0,0.0,0.0
12,225,0.0,1.1504527845939525,0.0,0.0,1.0,0.0,1.0,0.0
13,225,1.2437600436526686,12.0,0.0,1.0,1.0,1.0,0.0,0.0
14,225,3.177680367625196,9.679848884016316,1.0,0.0,1.0,0.0,0.0,1.0
15,225,10.318274722775673,1.7120050841266763,0.0,0.0,0.0,0.0,0.0,1.0
16,225,0.5006136147678115,8.080002647221145,0.0,0.0,0.0,1.0,0.0,1.0
17,225,8.03543444142882,9.2036595927057,0.0,1.0,0.0,1.0,0.0,1.0
18,225,0.0358634256402359,4.341816388048436,1.0,0.0,0.0,0.0,0.0,0.0
19,225,6.589223002594577,0.0,0.0,1.0,0.0,1.0,0.0,0.0
0,230,5.185190448453612,11.979853846079155,1.0,0.0,0.0,1.0,0.0,0.0
1,230,7.465597371980778,4.749613911172806,1.0,1.0,0.0,0.0,1.0,1.0
2,230,0.0,6.519745896541749,0.0,0.0,1.0,0.0,0.0,1.0
3,230,3.1940239699338018,11.60348313939635,0.0,0.0,0.0,0.0,0.0,1.0
4,230,1.892017665183285,1.6831508860836764,0.0,1.0,0.0,1.0,0.0,0.0
5,230,8.547651579131184,6.939780265466874,0.0,0.0,0.0,0.0,1.0,0.0
6,230,0.0723368069555614,1.2279602284769868,1.0,1.0,1.0,0.0,0.0,0.0
7,230,8.655837123323357,4.5436471554127165,0.0,0.0,0.0,0.0,1.0,0.0
8,230,10.866667047470749,7.957128481842973,0.0,0.0,0.0,1.0,0.0,1.0
9,230,0.1633121115286741,0.009857772651221,1.0,0.0,1.0,0.0,0.0,0.0
10,230,11.105054940358444,0.0,0.0,0.0,1.0,1.0,0.0,1.0
11,230,4.63208315694429,10.173226692693502,1.0,0.0,0.0,1.0,0.0,0.0
12,230,0.0,1.153487286639961,0.0,0.0,1.0,0.0,1.0,0.0
13,230,1.1161287511343834,12.0,0.0,1.0,1.0,1.0,0.0,0.0
14,230,3.1702605552298526,9.668853123527574,1.0,0.0,1.0,0.0,0.0,1.0
15,230,10.307141188244396,1.6247210566781105,0.0,0.0,0.0,0.0,0.0,1.0
16,230,0.6014516011783108,8.14149169666893,0.0,0.0,0.0,1.0,0.0,1.0
17,230,8.035272254029655,9.200132553813544,0.0,1.0,0.0,1.0,0.0,1.0
18,230,0.0257495668501685,4.339108866556346,1.0,0.0,0.0,0.0,0.0,0.0
19,230,6.599059160041758,0.0,0.0,1.0,0.0,1.0,0.0,0.0
0,235,5.212442453356867,11.976629139931932,1.0,0.0,0.0,1.0,0.0,0.0
1,235,7.371442926041362,4.871594384158386,1.0,1.0,0.0,0.0,1.0,1.0
2,235,0.0,6.331987045290689,0.0,0.0,1.0,0.0,0.0,1.0
3,235,3.100030086853096,11.574750279985173,0.0,0.0,0.0,0.0,0.0,1.0
4,235,1.8651836340413304,1.684782788662052,0.0,1.0,0.0,1.0,0.0,0.0
5,235,8.644770494302245,6.951530578079329,0.0,0.0,0.0,0.0,1.0,0.0
6,235,0.160583489501567,1.1838122432767229,1.0,1.0,1.0,0.0,0.0,0.0
7,235,8.585823759755595,4.494235865303168,0.0,0.0,0.0,0.0,1.0,0.0
8,235,10.993560631112077,7.901625115641913,0.0,0.0,0.0,1.0,0.0,1.0
9,235,0.2383571081793283,0.0265835483295928,1.0,0.0,1.0,0.0,0.0,0.0
10,235,11.098197164600736,0.0,0.0,0.0,1.0,1.0,0.0,1.0
11,235,4.696316895950665,10.18372184415995,1.0,0.0,0.0,1.0,0.0,0.0
12,235,0.0,1.1599039768332733,0.0,0.0,1.0,0.0,1.0,0.0
13,235,0.9758635433284302,12.0,0.0,1.0,1.0,1.0,0.0,0.0
14,235,3.158616960382502,9.651549807002269,1.0,0.0,1.0,0.0,0.0,1.0
15,235,10.2961601926439,1.526624205422902,0.0,0.0,0.0,0.0,0.0,1.0
16,235,0.7096509252013408,8.208473774833719,0.0,0.0,0.0,1.0,0.0,1.0
17,235,8.035027007236147,9.188640629306216,0.0,1.0,0.0,1.0,0.0,1.0
18,235,0.0337942324086549,4.34137028371606,1.0,0.0,0.0,0.0,0.0,0.0
19,235,6.613627948491938,0.0,0.0,1.0,0.0,1.0,0.0,0.0
0,240,5.208969177548387,11.977064910290462,1.0,0.0,0.0,1.0,0.0,0.0
1,240,7.287566262840263,4.983337293974381,1.0,1.0,0.0,0.0,1.0,1.0
2,240,0.0,6.136169529259666,0.0,0.0,1.0,0.0,0.0,1.0
3,240,3.0475222382117613,11.560131894047116,0.0,0.0,0.0,0.0,0.0,1.0
4,240,1.8404304981691224,1.6868099855735077,0.0,1.0,0.0,1.0,0.0,0.0
5,240,8.764195607811029,6.9672974376580745,0.0,0.0,0.0,0.0,1.0,0.0
6,240,0.2512076804650084,1.1356958523488827,1.0,1.0,1.0,0.0,0.0,0.0
7,240,8.52370461560741,4.45148903198945,0.0,0.0,0.0,0.0,1.0,0.0
8,240,11.13059828303622,7.8446482048507935,0.0,0.0,0.0,1.0,0.0,1.0
9,240,0.3217760193149096,0.045186182761908,1.0,0.0,1.0,0.0,0.0,0.0
10,240,11.091573252171484,0.0,0.0,0.0,1.0,1.0,0.0,1.0
11,240,4.726579807535056,10.187763172653774,1.0,0.0,0.0,1.0,0.0,0.0
12,240,0.0,1.1640283403994989,0.0,0.0,1.0,0.0,1.0,0.0
13,240,0.8372033312112966,12.0,0.0,1.0,1.0,1.0,0.0,0.0
14,240,3.152462341359567,9.64259406589301,1.0,0.0,1.0,0.0,0.0,1.0
15,240,10.284786427457048,1.4298286204165471,0.0,0.0,0.0,0.0,0.0,1.0
16,240,0.802836596539136,8.268122615635347,0.0,0.0,0.0,1.0,0.0,1.0
17,240,8.035210803364617,9.158370027030797,0.0,1.0,0.0,1.0,0.0,1.0
18,240,0.0411911389379183,4.34342449895644,1.0,0.0,0.0,0.0,0.0,0.0
19,240,6.621682870329123,0.0,0.0,1.0,0.0,1.0,0.0,0.0
0,245,5.208258736908487,11.977182320448255,1.0,0.0,0.0,1.0,0.0,0.0
1,245,7.19949897632533,5.099667643094984,1.0,1.0,0.0,0.0,1.0,1.0
2,245,0.0,5.959707437509024,0.0,0.0,1.0,0.0,0.0,1.0
3,245,2.9910007809207606,11.543646522851128,0.0,0.0,0.0,0.0,0.0,1.0
4,245,1.8179442375378156,1.6882139323511014,0.0,1.0,0.0,1.0,0.0,0.0
5,245,8.889484294354867,6.987023672782653,0.0,0.0,0.0,0.0,1.0,0.0
6,245,0.3519017227423237,1.082628698890234,1.0,1.0,1.0,0.0,0.0,0.0
7,245,8.448609291644242,4.39939184562113,0.0,0.0,0.0,0.0,1.0,0.0
8,245,11.25594184594474,7.7909569115323825,0.0,0.0,0.0,1.0,0.0,1.0
9,245,0.3872084423228351,0.0607926651773779,1.0,0.0,1.0,0.0,0.0,0.0
10,245,11.086298883243844,0.0,0.0,0.0,1.0,1.0,0.0,1.0
11,245,4.762549928303807,10.193330321629418,1.0,0.0,0.0,1.0,0.0,0.0
12,245,0.0,1.1064179497658864,0.0,0.0,1.0,0.0,1.0,0.0
13,245,0.7022837219448135,12.0,0.0,1.0,1.0,1.0,0.0,0.0
14,245,3.1373567182178466,9.622167201815616,1.0,0.0,1.0,0.0,0.0,1.0
15,245,10.272809680000512,1.3372181714168114,0.0,0.0,0.0,0.0,0.0,1.0
16,245,0.9017811677603876,8.330953067278935,0.0,0.0,0.0,1.0,0.0,1.0
17,245,8.034871288960247,9.131971478632948,0.0,1.0,0.0,1.0,0.0,1.0
18,245,0.0490670993939339,4.345872683668351,1.0,0.0,0.0,0.0,0.0,0.0
19,245,6.631411770981778,0.0,0.0,1.0,0.0,1.0,0.0,0.0
0,250,5.205232221581836,11.977624953610434,1.0,0.0,0.0,1.0,0.0,0.0
1,250,7.1099859669372885,5.213673420138002,1.0,1.0,0.0,0.0,1.0,1.0
2,250,0.0,5.789443562635618,0.0,0.0,1.0,0.0,0.0,1.0
3,250,2.926499546381399,11.523200295637793,0.0,0.0,0.0,0.0,0.0,1.0
4,250,1.7677748902283252,1.691602647068046,0.0,1.0,0.0,1.0,0.0,0.0
5,250,9.020143942344047,7.010186122595012,0.0,0.0,0.0,0.0,1.0,0.0
6,250,0.4421119220639099,1.0332605258277694,1.0,1.0,1.0,0.0,0.0,0.0
7,250,8.381425951789016,4.353455741604505,0.0,0.0,0.0,0.0,1.0,0.0
8,250,11.373350503339015,7.739722118653973,0.0,0.0,0.0,1.0,0.0,1.0
9,250,0.4648302990016586,0.0798420876862653,1.0,0.0,1.0,0.0,0.0,0.0
10,250,11.082505670164736,0.0,0.0,0.0,1.0,1.0,0.0,1.0
11,250,4.771063979944984,10.194242253464925,1.0,0.0,0.0,1.0,0.0,0.0
12,250,0.0,1.0609195562740037,0.0,0.0,1.0,0.0,1.0,0.0
13,250,0.5801306548591216,12.0,0.0,1.0,1.0,1.0,0.0,0.0
14,250,3.127300731689429,9.607809339892992,1.0,0.0,1.0,0.0,0.0,1.0
15,250,10.259690270171042,1.2374557683020475,0.0,0.0,0.0,0.0,0.0,1.0
16,250,0.9973063850798396,8.390557145396146,0.0,0.0,0.0,1.0,0.0,1.0
17,250,8.034729643611197,9.12527175173325,0.0,1.0,0.0,1.0,0.0,1.0
18,250,0.0853051422221085,4.3558156927335245,1.0,0.0,0.0,0.0,0.0,0.0
19,250,6.638660342127818,0.0,0.0,1.0,0.0,1.0,0.0,0.0
0,255,5.169576127108513,11.982089414256231,1.0,0.0,0.0,1.0,0.0,0.0
1,255,7.017730029897928,5.335523309457177,1.0,1.0,0.0,0.0,1.0,1.0
2,255,0.0,5.613671097508806,0.0,0.0,1.0,0.0,0.0,1.0
3,255,2.848132332036863,11.49943853832138,0.0,0.0,0.0,0.0,0.0,1.0
4,255,1.735827142313943,1.6941605597273175,0.0,1.0,0.0,1.0,0.0,0.0
5,255,9.11883130960991,7.029586124965802,0.0,0.0,0.0,0.0,1.0,0.0
6,255,0.52365665038133,0.9908034225446476,1.0,1.0,1.0,0.0,0.0,0.0
7,255,8.335362104805334,4.319488551889912,0.0,0.0,0.0,0.0,1.0,0.0
8,255,11.494646617591158,7.686633623442197,0.0,0.0,0.0,1.0,0.0,1.0
9,255,0.5435052427781016,0.1011050858828093,1.0,0.0,1.0,0.0,0.0,0.0
10,255,11.081433536396682,0.0,0.0,0.0,1.0,1.0,0.0,1.0
11,255,4.771004182854172,10.194238221557022,1.0,0.0,0.0,1.0,0.0,0.0
12,255,0.0,1.029136012778985,0.0,0.0,1.0,0.0,1.0,0.0
13,255,0.4488908319327496,12.0,0.0,1.0,1.0,1.0,0.0,0.0
14,255,3.129823264696202,9.61146396360839,1.0,0.0,1.0,0.0,0.0,1.0
15,255,10.24617110244778,1.1423256985621628,0.0,0.0,0.0,0.0,0.0,1.0
16,255,1.1102044664244564,8.460937060487783,0.0,0.0,0.0,1.0,0.0,1.0
17,255,8.035023585635079,9.130838019911964,0.0,1.0,0.0,1.0,0.0,1.0
18,255,0.1097496229216778,4.362345946839574,1.0,0.0,0.0,0.0,0.0,0.0
19,255,6.642923534975523,0.0,0.0,1.0,0.0,1.0,0.0,0.0
0,260,5.146428709448697,11.984966713880128,1.0,0.0,0.0,1.0,0.0,0.0
1,260,6.921402409841905,5.462922632549474,1.0,1.0,0.0,0.0,1.0,1.0
2,260,0.0,5.427301918306835,0.0,0.0,1.0,0.0,0.0,1.0
3,260,2.765958842281376,11.476620222901236,0.0,0.0,0.0,0.0,0.0,1.0
4,260,1.7034252670176224,1.696641219627848,0.0,1.0,0.0,1.0,0.0,0.0
5,260,9.22097038102214,7.051208398032459,0.0,0.0,0.0,0.0,1.0,0.0
6,260,0.6216934869874705,0.9360884206162996,1.0,1.0,1.0,0.0,0.0,0.0
7,260,8.302708599207332,4.295651759563669,0.0,0.0,0.0,0.0,1.0,0.0
8,260,11.600941093167108,7.638576168331401,0.0,0.0,0.0,1.0,0.0,1.0
9,260,0.62556070885469,0.1242203016827226,1.0,0.0,1.0,0.0,0.0,0.0
10,260,11.081199462301589,0.0,0.0,0.0,1.0,1.0,0.0,1.0
11,260,4.790462679982495,10.194824794045925,1.0,0.0,0.0,1.0,0.0,0.0
12,260,0.0,1.0083949145669526,0.0,0.0,1.0,0.0,1.0,0.0
13,260,0.3108404272583177,12.0,0.0,1.0,1.0,1.0,0.0,0.0
14,260,3.13790115734362,9.623062141663633,1.0,0.0,1.0,0.0,0.0,1.0
15,260,10.229359705880633,1.0307386036039723,0.0,0.0,0.0,0.0,0.0,1.0
16,260,1.2376277521258925,8.54212257461778,0.0,0.0,0.0,1.0,0.0,1.0
17,260,8.03628883044122,9.149125348184072,0.0,1.0,0.0,1.0,0.0,1.0
18,260,0.1576050362152657,4.375220638583678,1.0,0.0,0.0,0.0,0.0,0.0
19,260,6.645507706350544,0.0,0.0,1.0,0.0,1.0,0.0,0.0
0,265,5.1205163856160745,11.987991429734066,1.0,0.0,0.0,1.0,0.0,0.0
1,265,6.817130679554716,5.589300448027323,1.0,1.0,0.0,0.0,1.0,1.0
2,265,0.0,5.247022609669122,0.0,0.0,1.0,0.0,0.0,1.0
3,265,2.692129676258306,11.455143793908,0.0,0.0,0.0,0.0,0.0,1.0
4,265,1.6477343814002896,1.699047896639616,0.0,1.0,0.0,1.0,0.0,0.0
5,265,9.288513769056618,7.064066190955211,0.0,0.0,0.0,0.0,1.0,0.0
6,265,0.7340198830214107,0.8751444772436796,1.0,1.0,1.0,0.0,0.0,0.0
7,265,8.286164891177174,4.283877980807424,0.0,0.0,0.0,0.0,1.0,0.0
8,265,11.714282843544083,7.586980611021688,0.0,0.0,0.0,1.0,0.0,1.0
9,265,0.6960136416340996,0.1428822544479864,1.0,0.0,1.0,0.0,0.0,0.0
10,265,11.080779361978772,0.0,0.0,0.0,1.0,1.0,0.0,1.0
11,265,4.819756281601623,10.19569725331584,1.0,0.0,0.0,1.0,0.0,0.0
12,265,0.0,0.9808319836505012,0.0,0.0,1.0,0.0,1.0,0.0
13,265,0.1928129158791477,12.0,0.0,1.0,1.0,1.0,0.0,0.0
14,265,3.138789949388572,9.624291641705566,1.0,0.0,1.0,0.0,0.0,1.0
15,265,10.205854285778004,0.8925812460575872,0.0,0.0,0.0,0.0,0.0,1.0
16,265,1.3673253633002165,8.622799554299466,0.0,0.0,0.0,1.0,0.0,1.0
17,265,8.038270277213545,9.179903934539889,0.0,1.0,0.0,1.0,0.0,1.0
18,265,0.1992658901829182,4.385469532072352,1.0,0.0,0.0,0.0,0.0,0.0
19,265,6.648621635206248,0.0,0.0,1.0,0.0,1.0,0.0,0.0
0,270,5.102988605688071,11.99008380669946,1.0,0.0,0.0,1.0,0.0,0.0
1,270,6.707818106263948,5.718347934718574,1.0,1.0,0.0,0.0,1.0,1.0
2,270,0.0,5.0826441118554895,0.0,0.0,1.0,0.0,0.0,1.0
3,270,2.624882327449621,11.435746662131647,0.0,0.0,0.0,0.0,0.0,1.0
4,270,1.5796633949531984,1.7038595881685288,0.0,1.0,0.0,1.0,0.0,0.0
5,270,9.337067949505366,7.072498396867696,0.0,0.0,0.0,0.0,1.0,0.0
6,270,0.8586556882285634,0.8115518264707071,1.0,1.0,1.0,0.0,0.0,0.0
7,270,8.268207612925329,4.271750752480229,0.0,0.0,0.0,0.0,1.0,0.0
8,270,11.82101367694292,7.537088744070989,0.0,0.0,0.0,1.0,0.0,1.0
9,270,0.7800367331834803,0.1629403586612002,1.0,0.0,1.0,0.0,0.0,0.0
10,270,11.080017880416545,0.0,0.0,0.0,1.0,1.0,0.0,1.0
11,270,4.853080626733109,10.196784085952652,1.0,0.0,0.0,1.0,0.0,0.0
12,270,0.0,0.9654541227315548,0.0,0.0,1.0,0.0,1.0,0.0
13,270,0.0743120023910844,12.0,0.0,1.0,1.0,1.0,0.0,0.0
14,270,3.1301518111553635,9.612018925892215,1.0,0.0,1.0,0.0,0.0,1.0
15,270,10.17438916816392,0.7331587498792621,0.0,0.0,0.0,0.0,0.0,1.0
16,270,1.495207109215903,8.703002024232124,0.0,0.0,0.0,1.0,0.0,1.0
17,270,8.039404673594298,9.203483923780729,0.0,1.0,0.0,1.0,0.0,1.0
18,270,0.2460594863047012,4.398140505009301,1.0,0.0,0.0,0.0,0.0,0.0
19,270,6.649263305665071,0.0,0.0,1.0,0.0,1.0,0.0,0.0
0,275,5.078652105187186,11.992391905911738,1.0,0.0,0.0,1.0,0.0,0.0
1,275,6.595024099393213,5.847659062724937,1.0,1.0,0.0,0.0,1.0,1.0
2,275,0.0,4.929219171564412,0.0,0.0,1.0,0.0,0.0,1.0
3,275,2.5402881647209856,11.409818386305934,0.0,0.0,0.0,0.0,0.0,1.0
4,275,1.5021833452358715,1.710499013788495,0.0,1.0,0.0,1.0,0.0,0.0
5,275,9.384799748655832,7.080161267500646,0.0,0.0,0.0,0.0,1.0,0.0
6,275,0.9735685465848748,0.7524729099104432,1.0,1.0,1.0,0.0,0.0,0.0
7,275,8.246734930723669,4.256250102090847,0.0,0.0,0.0,0.0,1.0,0.0
8,275,11.947664660155466,7.474978098625629,0.0,0.0,0.0,1.0,0.0,1.0
9,275,0.8602777078014597,0.1825828608778869,1.0,0.0,1.0,0.0,0.0,0.0
10,275,11.079358935997572,0.0,0.0,0.0,1.0,1.0,0.0,1.0
11,275,4.875870067527302,10.198286696418569,1.0,0.0,0.0,1.0,0.0,0.0
12,275,0.0,0.9438278153250512,0.0,0.0,1.0,0.0,1.0,0.0
13,275,0.0,12.0,0.0,1.0,1.0,1.0,0.0,0.0
14,275,3.113599053158988,9.588743377686194,1.0,0.0,1.0,0.0,0.0,1.0
15,275,10.135989585102276,0.5598051565514859,0.0,0.0,0.0,0.0,0.0,1.0
16,275,1.6304748299905336,8.788111856810593,0.0,0.0,0.0,1.0,0.0,1.0
17,275,8.042827416396312,9.242215026852351,0.0,1.0,0.0,1.0,0.0,1.0
18,275,0.3047876516926785,4.415295433722095,1.0,0.0,0.0,0.0,0.0,0.0
19,275,6.649309091683497,0.0,0.0,1.0,0.0,1.0,0.0,0.0
0,280,5.054122132773738,11.994359330889534,1.0,0.0,0.0,1.0,0.0,0.0
1,280,6.4767706710754105,5.988863480419684,1.0,1.0,0.0,0.0,1.0,1.0
2,280,0.0,4.783295189019968,0.0,0.0,1.0,0.0,0.0,1.0
3,280,2.4688712235731214,11.387710447712964,0.0,0.0,0.0,0.0,0.0,1.0
4,280,1.4250113279223422,1.7191704002212629,0.0,1.0,0.0,1.0,0.0,0.0
5,280,9.440045852607174,7.088314442469928,0.0,0.0,0.0,0.0,1.0,0.0
6,280,1.0796304891125992,0.6922770458023814,1.0,1.0,1.0,0.0,0.0,0.0
7,280,8.219127913612839,4.235218570463355,0.0,0.0,0.0,0.0,1.0,0.0
8,280,12.0,7.405119924046289,0.0,0.0,0.0,1.0,0.0,1.0
9,280,0.9391024112200808,0.2013064877171264,1.0,0.0,1.0,0.0,0.0,0.0
10,280,11.079103610335412,0.0,0.0,0.0,1.0,1.0,0.0,1.0
11,280,4.890196987493447,10.19940195601874,1.0,0.0,0.0,1.0,0.0,0.0
12,280,0.0,0.9189076221715352,0.0,0.0,1.0,0.0,1.0,0.0
13,280,0.0,12.0,0.0,1.0,1.0,1.0,0.0,0.0
14,280,3.0904778063277374,9.558613238897674,1.0,0.0,1.0,0.0,0.0,1.0
15,280,10.096781231680652,0.3623315818213491,0.0,0.0,0.0,0.0,0.0,1.0
16,280,1.747728454053616,8.865984155465007,0.0,0.0,0.0,1.0,0.0,1.0
17,280,8.047122796093932,9.29716462668534,0.0,1.0,0.0,1.0,0.0,1.0
18,280,0.346636067682106,4.427731589656919,1.0,0.0,0.0,0.0,0.0,0.0
19,280,6.649784054214485,0.0,0.0,1.0,0.0,1.0,0.0,0.0
0,285,5.034629995834684,11.99617329380863,1.0,0.0,0.0,1.0,0.0,0.0
1,285,6.362677176280445,6.129214984967534,1.0,1.0,0.0,0.0,1.0,1.0
2,285,0.0,4.619846760562945,0.0,0.0,1.0,0.0,0.0,1.0
3,285,2.417316614914368,11.373087255840815,0.0,0.0,0.0,0.0,0.0,1.0
4,285,1.3410448549714022,1.7285179356820046,0.0,1.0,0.0,1.0,0.0,0.0
5,285,9.481860254116375,7.094740950895617,0.0,0.0,0.0,0.0,1.0,0.0
6,285,1.200202591722442,0.6198639559939936,1.0,1.0,1.0,0.0,0.0,0.0
7,285,8.186850820324713,4.210385132750001,0.0,0.0,0.0,0.0,1.0,0.0
8,285,12.0,7.328042358021677,0.0,0.0,0.0,1.0,0.0,1.0
9,285,0.9851762640334384,0.2113101485782543,1.0,0.0,1.0,0.0,0.0,0.0
10,285,11.078227832602993,0.0,0.0,0.0,1.0,1.0,0.0,1.0
11,285,4.914672245429254,10.201176149941498,1.0,0.0,0.0,1.0,0.0,0.0
12,285,0.0,0.8607077885939871,0.0,0.0,1.0,0.0,1.0,0.0
13,285,0.0,12.0,0.0,1.0,1.0,1.0,0.0,0.0
14,285,3.0598847916092407,9.518050148795108,1.0,0.0,1.0,0.0,0.0,1.0
15,285,10.05588347609441,0.1802581450999581,0.0,0.0,0.0,0.0,0.0,1.0
16,285,1.869038171610954,8.949080612821064,0.0,0.0,0.0,1.0,0.0,1.0
17,285,8.051467838662942,9.34352589633765,0.0,1.0,0.0,1.0,0.0,1.0
18,285,0.39772425734168,4.442308267711461,1.0,0.0,0.0,0.0,0.0,0.0
19,285,6.646521085996219,0.0142240326400199,0.0,1.0,0.0,1.0,0.0,0.0
0,290,5.009150813180473,11.998719386412295,1.0,0.0,0.0,1.0,0.0,0.0
1,290,6.248278905027758,6.2812896824198,1.0,1.0,0.0,0.0,1.0,1.0
2,290,0.0,4.4650447375125815,0.0,0.0,1.0,0.0,0.0,1.0
3,290,2.337585496721843,11.351625238570174,0.0,0.0,0.0,0.0,0.0,1.0
4,290,1.235364649677104,1.74262929218542,0.0,1.0,0.0,1.0,0.0,0.0
5,290,9.51698926347546,7.100507484792902,0.0,0.0,0.0,0.0,1.0,0.0
6,290,1.310636115552803,0.5574717389597494,1.0,1.0,1.0,0.0,0.0,0.0
7,290,8.136577436110223,4.171004279948356,0.0,0.0,0.0,0.0,1.0,0.0
8,290,12.0,7.235285742765484,0.0,0.0,0.0,1.0,0.0,1.0
9,290,1.0120844898279178,0.217345435134772,1.0,0.0,1.0,0.0,0.0,0.0
10,290,11.075903051355183,0.0,0.0,0.0,1.0,1.0,0.0,1.0
11,290,4.939010257014268,10.202461850575505,1.0,0.0,0.0,1.0,0.0,0.0
12,290,0.0,0.7741419458852509,0.0,0.0,1.0,0.0,1.0,0.0
13,290,0.0,12.0,0.0,1.0,1.0,1.0,0.0,0.0
14,290,3.031681998539781,9.478574428625038,1.0,0.0,1.0,0.0,0.0,1.0
15,290,10.019474477781303,0.0178437821681711,0.0,0.0,0.0,0.0,0.0,1.0
16,290,1.9818162339642007,9.025234077124145,0.0,0.0,0.0,1.0,0.0,1.0
17,290,8.059867451837292,9.421753937893888,0.0,1.0,0.0,1.0,0.0,1.0
18,290,0.4497505493050388,4.4581846417225695,1.0,0.0,0.0,0.0,0.0,0.0
19,290,6.64512591165494,0.0207628468901972,0.0,1.0,0.0,1.0,0.0,0.0
0,295,4.980572238461481,12.0,1.0,0.0,0.0,1.0,0.0,0.0
1,295,6.131869782191381,6.436000547690238,1.0,1.0,0.0,0.0,1.0,1.0
2,295,0.0,4.29417066465375,0.0,0.0,1.0,0.0,0.0,1.0
3,295,2.275130614878412,11.33422243521877,0.0,0.0,0.0,0.0,0.0,1.0
4,295,1.1203376950458186,1.753920647957529,0.0,1.0,0.0,1.0,0.0,0.0
5,295,9.548867224554956,7.105967997444919,0.0,0.0,0.0,0.0,1.0,0.0
6,295,1.4000869631160808,0.5061693191193533,1.0,1.0,1.0,0.0,0.0,0.0
7,295,8.08091416769288,4.12800750291837,0.0,0.0,0.0,0.0,1.0,0.0
8,295,12.0,7.132685820134022,0.0,0.0,0.0,1.0,0.0,1.0
9,295,1.0324125065594527,0.2220689023031176,1.0,0.0,1.0,0.0,0.0,0.0
10,295,11.073587166367655,0.0,0.0,0.0,1.0,1.0,0.0,1.0
11,295,4.96030299733223,10.203776001694065,1.0,0.0,0.0,1.0,0.0,0.0
12,295,0.0,0.6991441899794284,0.0,0.0,1.0,0.0,1.0,0.0
13,295,0.0,12.0,0.0,1.0,1.0,1.0,0.0,0.0
14,295,3.004614908138057,9.441632837807925,1.0,0.0,1.0,0.0,0.0,1.0
15,295,9.982035145091796,0.0,0.0,0.0,0.0,0.0,0.0,1.0
16,295,2.0869878852982886,9.101112518042928,0.0,0.0,0.0,1.0,0.0,1.0
17,295,8.07095996764166,9.511013569951562,0.0,1.0,0.0,1.0,0.0,1.0
18,295,0.4989273209092226,4.474011558620459,1.0,0.0,0.0,0.0,0.0,0.0
19,295,6.644747052355274,0.0225543424978414,0.0,1.0,0.0,1.0,0.0,0.0
