0,0,5.022051219582657,4.058879448850802,0.0,1.0,0.0,0.0,0.0,1.0
1,0,12.0,11.94946180977793,0.0,1.0,0.0,1.0,1.0,0.0
2,0,10.959594086677948,4.035219465881204,0.0,0.0,1.0,0.0,1.0,1.0
3,0,9.03228733890676,3.040736646104652,1.0,0.0,0.0,0.0,0.0,1.0
4,0,5.030899060754667,10.025014551563116,0.0,1.0,1.0,0.0,0.0,0.0
5,0,2.9478299276065245,12.0,1.0,0.0,0.0,0.0,1.0,1.0
6,0,4.003915684602928,0.0532059968666221,0.0,0.0,0.0,1.0,0.0,0.0
7,0,9.052246114564095,8.025643407036375,1.0,0.0,1.0,0.0,0.0,0.0
8,0,8.007720584489736,9.958049308141469,0.0,0.0,0.0,0.0,0.0,0.0
9,0,3.014371843811862,11.04144895394115,1.0,0.0,0.0,1.0,0.0,1.0
10,0,3.0533696184932984,5.995175570112039,0.0,1.0,0.0,1.0,0.0,1.0
11,0,9.98963117395932,10.014702866319896,0.0,0.0,0.0,1.0,1.0,0.0
12,0,4.968686463513088,0.9546241284205258,0.0,0.0,0.0,1.0,0.0,0.0
13,0,2.0340726036282257,9.048090473498789,1.0,0.0,1.0,0.0,0.0,1.0
14,0,11.008420229875412,2.0640085747293524,0.0,0.0,0.0,1.0,0.0,0.0
15,0,2.957927790566912,7.003021092721268,1.0,1.0,1.0,0.0,1.0,0.0
16,0,10.062902672940556,7.968634482014824,1.0,0.0,0.0,1.0,0.0,0.0
17,0,7.06402772180474,1.9934603697351188,0.0,0.0,0.0,0.0,1.0,1.0
18,0,9.049150998615216,5.036219193589771,0.0,1.0,1.0,1.0,1.0,0.0
19,0,7.94699745692508,7.995728790673049,0.0,1.0,0.0,0.0,1.0,0.0
0,5,5.045601044078643,4.124867089122566,0.0,1.0,0.0,0.0,0.0,1.0
1,5,11.999868172678733,11.879117015605988,0.0,1.0,0.0,1.0,1.0,0.0
2,5,10.99101594069236,4.072506432816282,0.0,0.0,1.0,0.0,1.0,1.0
3,5,9.056588937589906,3.071947568768133,1.0,0.0,0.0,0.0,0.0,1.0
4,5,5.041090479713473,10.033275358908798,0.0,1.0,1.0,0.0,0.0,0.0
5,5,2.874419980441642,12.0,1.0,0.0,0.0,0.0,1.0,1.0
6,5,4.0068919288411005,0.0900460026494677,0.0,0.0,0.0,1.0,0.0,0.0
7,5,9.133996739021988,8.065790019947569,1.0,0.0,1.0,0.0,0.0,0.0
8,5,8.017680752115538,9.90472120382718,0.0,0.0,0.0,0.0,0.0,0.0
9,5,3.019641834858437,11.05618047641347,1.0,0.0,0.0,1.0,0.0,1.0
10,5,3.1243175845458926,5.988840680775014,0.0,1.0,0.0,1.0,0.0,1.0
11,5,9.996511863280238,10.00512530789527,0.0,0.0,0.0,1.0,1.0,0.0
12,5,4.958781925352238,0.9402700429972822,0.0,0.0,0.0,1.0,0.0,0.0
13,5,2.065158274059363,9.090453581571738,1.0,0.0,1.0,0.0,0.0,1.0
14,5,11.014860126860322,2.11264637509646,0.0,0.0,0.0,1.0,0.0,0.0
15,5,2.9142702271550904,7.003957333995664,1.0,1.0,1.0,0.0,1.0,0.0
16,5,10.13328926977027,7.933444207199887,1.0,0.0,0.0,1.0,0.0,0.0
17,5,7.119502829373178,1.9873195297696595,0.0,0.0,0.0,0.0,1.0,1.0
18,5,9.090573411956449,5.067388250633057,0.0,1.0,1.0,1.0,1.0,0.0
19,5,7.8941121446876705,7.993073486403555,0.0,1.0,0.0,0.0,1.0,0.0
0,10,5.073235365950998,4.199961305461738,0.0,1.0,0.0,0.0,0.0,1.0
1,10,11.999236342549676,11.805825463546704,0.0,1.0,0.0,1.0,1.0,0.0
2,10,11.02546544413334,4.114380426800972,0.0,0.0,1.0,0.0,1.0,1.0
3,10,9.080746693620888,3.102326751034997,1.0,0.0,0.0,0.0,0.0,1.0
4,10,5.065619322319337,10.052525535237558,0.0,1.0,1.0,0.0,0.0,0.0
5,10,2.786039106277736,12.0,1.0,0.0,0.0,0.0,1.0,1.0
6,10,4.008501283548815,0.1265268783613143,0.0,0.0,0.0,1.0,0.0,0.0
7,10,9.202841008248694,8.10077338484731,1.0,0.0,1.0,0.0,0.0,0.0
8,10,8.03127497716162,9.830591835172465,0.0,0.0,0.0,0.0,0.0,0.0
9,10,3.0226138508311653,11.064584107943016,1.0,0.0,0.0,1.0,0.0,1.0
10,10,3.2066246109757586,5.978557996341865,0.0,1.0,0.0,1.0,0.0,1.0
11,10,10.002492499872918,9.997007211549963,0.0,0.0,0.0,1.0,1.0,0.0
12,10,4.937636630933191,0.9122773679732176,0.0,0.0,0.0,1.0,0.0,0.0
13,10,2.0965863503991065,9.134317112563956,1.0,0.0,1.0,0.0,0.0,1.0
14,10,11.020529473601302,2.156989401772043,0.0,0.0,0.0,1.0,0.0,0.0
15,10,2.915368803696244,7.0537630428893845,1.0,1.0,1.0,0.0,1.0,0.0
16,10,10.203151855980376,7.901447806488237,1.0,0.0,0.0,1.0,0.0,0.0
17,10,7.174044114412307,1.980380033765499,0.0,0.0,0.0,0.0,1.0,1.0
18,10,9.140540824745738,5.107669620542115,0.0,1.0,1.0,1.0,1.0,0.0
19,10,7.847258835555299,7.991233216664996,0.0,1.0,0.0,0.0,1.0,0.0
0,15,5.094984945779158,4.254346366608569,0.0,1.0,0.0,0.0,0.0,1.0
1,15,11.999347040497874,11.719806790207814,0.0,1.0,0.0,1.0,1.0,0.0
2,15,11.079634879765331,4.182245605544487,0.0,0.0,1.0,0.0,1.0,1.0
3,15,9.10512252328614,3.1332468263072744,1.0,0.0,0.0,0.0,0.0,1.0
4,15,5.083511636168056,10.06549737269716,0.0,1.0,1.0,0.0,0.0,0.0
5,15,2.700701508218458,12.0,1.0,0.0,0.0,0.0,1.0,1.0
6,15,4.010355990316245,0.1677559289470001,0.0,0.0,0.0,1.0,0.0,0.0
7,15,9.220992598976588,8.110530135982154,1.0,0.0,1.0,0.0,0.0,0.0
8,15,7.947029595369861,9.812155453800717,0.0,0.0,0.0,0.0,0.0,0.0
9,15,3.0216873884070155,11.062034869963906,1.0,0.0,0.0,1.0,0.0,1.0
10,15,3.2953409542353427,5.964352137461315,0.0,1.0,0.0,1.0,0.0,1.0
11,15,9.987621503025489,10.016901023075992,0.0,0.0,0.0,1.0,1.0,0.0
12,15,4.920568334243186,0.8900727889048363,0.0,0.0,0.0,1.0,0.0,0.0
13,15,2.129051231440903,9.178487328473691,1.0,0.0,1.0,0.0,0.0,1.0
14,15,11.026132096497465,2.1993348012187988,0.0,0.0,0.0,1.0,0.0,0.0
15,15,2.916209246147321,7.074861144860459,1.0,1.0,1.0,0.0,1.0,0.0
16,15,10.258040582207592,7.874743303715887,1.0,0.0,0.0,1.0,0.0,0.0
17,15,7.2343364577709455,1.974681431027556,0.0,0.0,0.0,0.0,1.0,1.0
18,15,9.204544575248446,5.157212315400905,0.0,1.0,1.0,1.0,1.0,0.0
19,15,7.798719485997402,7.988377265998336,0.0,1.0,0.0,0.0,1.0,0.0
0,20,5.109316112155804,4.291093088187402,0.0,1.0,0.0,0.0,0.0,1.0
1,20,12.0,11.650765334956654,0.0,1.0,0.0,1.0,1.0,0.0
2,20,11.130272348902771,4.246884408466751,0.0,0.0,1.0,0.0,1.0,1.0
3,20,9.136038178221636,3.171835509357753,1.0,0.0,0.0,0.0,0.0,1.0
4,20,5.079482713692916,10.062676560190814,0.0,1.0,1.0,0.0,0.0,0.0
5,20,2.6257632742969403,12.0,1.0,0.0,0.0,0.0,1.0,1.0
6,20,4.014196593712218,0.2172555476211248,0.0,0.0,0.0,1.0,0.0,0.0
7,20,9.230884406213033,8.115597920463307,1.0,0.0,1.0,0.0,0.0,0.0
8,20,7.851696226989495,9.790848554004596,0.0,0.0,0.0,0.0,0.0,0.0
9,20,3.0219972933864727,11.062879628870606,1.0,0.0,0.0,1.0,0.0,1.0
10,20,3.390801429324656,5.949161129779969,0.0,1.0,0.0,1.0,0.0,1.0
11,20,9.98347284469464,10.022669013069091,0.0,0.0,0.0,1.0,1.0,0.0
12,20,4.893841240151298,0.8547902814338304,0.0,0.0,0.0,1.0,0.0,0.0
13,20,2.17040242495913,9.229840926648182,1.0,0.0,1.0,0.0,0.0,1.0
14,20,11.029886776088716,2.230174755656517,0.0,0.0,0.0,1.0,0.0,0.0
15,20,2.920991313638881,7.145106221576699,1.0,1.0,1.0,0.0,1.0,0.0
16,20,10.305990230196244,7.850761835252239,1.0,0.0,0.0,1.0,0.0,0.0
17,20,7.316401841861583,1.9666590690964012,0.0,0.0,0.0,0.0,1.0,1.0
18,20,9.284411112662111,5.222726120864605,0.0,1.0,1.0,1.0,1.0,0.0
19,20,7.764933559238575,7.987022719254396,0.0,1.0,0.0,0.0,1.0,0.0
0,25,5.130548541747544,4.3434158772526965,0.0,1.0,0.0,0.0,0.0,1.0
1,25,11.99874927237394,11.57344926756898,0.0,1.0,0.0,1.0,1.0,0.0
2,25,11.179892123510996,4.311244435382807,0.0,0.0,1.0,0.0,1.0,1.0
3,25,9.168540665231877,3.2117600744065693,1.0,0.0,0.0,0.0,0.0,1.0
4,25,5.069853671741608,10.056164237948192,0.0,1.0,1.0,0.0,0.0,0.0
5,25,2.565054946342928,12.0,1.0,0.0,0.0,0.0,1.0,1.0
6,25,4.01652743716781,0.2642195177164557,0.0,0.0,0.0,1.0,0.0,0.0
7,25,9.24387697076001,8.12246527568879,1.0,0.0,1.0,0.0,0.0,0.0
8,25,7.755872953041743,9.770559892427496,0.0,0.0,0.0,0.0,0.0,0.0
9,25,3.014442617539796,11.04284678182974,1.0,0.0,0.0,1.0,0.0,1.0
10,25,3.4759198922350474,5.935715712042658,0.0,1.0,0.0,1.0,0.0,1.0
11,25,9.978724100086474,10.02933376993139,0.0,0.0,0.0,1.0,1.0,0.0
12,25,4.864816076810849,0.8188163133106905,0.0,0.0,0.0,1.0,0.0,0.0
13,25,2.2086880207317323,9.27679679584553,1.0,0.0,1.0,0.0,0.0,1.0
14,25,11.034710551830305,2.265151063396939,0.0,0.0,0.0,1.0,0.0,0.0
15,25,2.9275667896964404,7.213602993204454,1.0,1.0,1.0,0.0,1.0,0.0
16,25,10.363403218802093,7.821825558776641,1.0,0.0,0.0,1.0,0.0,0.0
17,25,7.42170990021744,1.9559609717575452,0.0,0.0,0.0,0.0,1.0,1.0
18,25,9.373998653948597,5.29600585537213,0.0,1.0,1.0,1.0,1.0,0.0
19,25,7.753783658465572,7.986554879207887,0.0,1.0,0.0,0.0,1.0,0.0
0,30,5.1548274653180775,4.409942903209481,0.0,1.0,0.0,0.0,0.0,1.0
1,30,11.999521814170146,11.501856158705978,0.0,1.0,0.0,1.0,1.0,0.0
2,30,11.222918914076226,4.368918912975105,0.0,0.0,1.0,0.0,1.0,1.0
3,30,9.202840994439375,3.255654528554464,1.0,0.0,0.0,0.0,0.0,1.0
4,30,5.065044756424125,10.052940751539802,0.0,1.0,1.0,0.0,0.0,0.0
5,30,2.4892484531087598,12.0,1.0,0.0,0.0,0.0,1.0,1.0
6,30,4.017681515234752,0.3167095592587941,0.0,0.0,0.0,1.0,0.0,0.0
7,30,9.248190220917529,8.12476707788719,1.0,0.0,1.0,0.0,0.0,0.0
8,30,7.663431959851426,9.74935556998216,0.0,0.0,0.0,0.0,0.0,0.0
9,30,3.0083677749595847,11.024295262940704,1.0,0.0,0.0,1.0,0.0,1.0
10,30,3.5442988155800315,5.926024347453536,0.0,1.0,0.0,1.0,0.0,1.0
11,30,9.979508659871524,10.02824582964092,0.0,0.0,0.0,1.0,1.0,0.0
12,30,4.837399737935146,0.7857420322013728,0.0,0.0,0.0,1.0,0.0,0.0
13,30,2.257869536181881,9.334201848978177,1.0,0.0,1.0,0.0,0.0,1.0
14,30,11.038156569963878,2.28500890125451,0.0,0.0,0.0,1.0,0.0,0.0
15,30,2.937935287653843,7.298455711527696,1.0,1.0,1.0,0.0,1.0,0.0
16,30,10.409695643311135,7.797425789520506,1.0,0.0,0.0,1.0,0.0,0.0
17,30,7.536429452076871,1.9449233502391303,0.0,0.0,0.0,0.0,1.0,1.0
18,30,9.4487484836544,5.362421273898236,0.0,1.0,1.0,1.0,1.0,0.0
19,30,7.723920585048159,7.985781187097296,0.0,1.0,0.0,0.0,1.0,0.0
0,35,5.178783780695531,4.478853182355562,0.0,1.0,0.0,0.0,0.0,1.0
1,35,11.999183719608348,11.431675484904943,0.0,1.0,0.0,1.0,1.0,0.0
2,35,11.26279112933014,4.419553119162593,0.0,0.0,1.0,0.0,1.0,1.0
3,35,9.237858469042653,3.301194037886509,1.0,0.0,0.0,0.0,0.0,1.0
4,35,5.053342287016357,10.045236219036736,0.0,1.0,1.0,0.0,0.0,0.0
5,35,2.412041118627508,12.0,1.0,0.0,0.0,0.0,1.0,1.0
6,35,4.019307733527247,0.3448285667852937,0.0,0.0,0.0,1.0,0.0,0.0
7,35,9.260837564827384,8.131074704491974,1.0,0.0,1.0,0.0,0.0,0.0
8,35,7.5907511731960495,9.731462375911084,0.0,0.0,0.0,0.0,0.0,0.0
9,35,2.994484587270188,10.97963979059978,1.0,0.0,0.0,1.0,0.0,1.0
10,35,3.6109870031286855,5.915717817768178,0.0,1.0,0.0,1.0,0.0,1.0
11,35,9.976522398262356,10.03248912227918,0.0,0.0,0.0,1.0,1.0,0.0
12,35,4.822167865899054,0.7659806772644125,0.0,0.0,0.0,1.0,0.0,0.0
13,35,2.3031326763369675,9.38861704485236,1.0,0.0,1.0,0.0,0.0,1.0
14,35,11.0412240024126,2.303442415908827,0.0,0.0,0.0,1.0,0.0,0.0
15,35,2.9478726292937134,7.379141376528503,1.0,1.0,1.0,0.0,1.0,0.0
16,35,10.453129627446195,7.774897678614666,1.0,0.0,0.0,1.0,0.0,0.0
17,35,7.639698239649541,1.935027764736608,0.0,0.0,0.0,0.0,1.0,1.0
18,35,9.530532966602948,5.436305873072262,0.0,1.0,1.0,1.0,1.0,0.0
19,35,7.682255293011959,7.983457601913165,0.0,1.0,0.0,0.0,1.0,0.0
0,40,5.197738998292067,4.533917274794289,0.0,1.0,0.0,0.0,0.0,1.0
1,40,11.997601508911522,11.378433863565984,0.0,1.0,0.0,1.0,1.0,0.0
2,40,11.307499344968804,4.4757398164715765,0.0,0.0,1.0,0.0,1.0,1.0
3,40,9.278807337792989,3.350441236836795,1.0,0.0,0.0,0.0,0.0,1.0
4,40,5.03929055806643,10.03573990194918,0.0,1.0,1.0,0.0,0.0,0.0
5,40,2.346846485788357,12.0,1.0,0.0,0.0,0.0,1.0,1.0
6,40,4.021596102957218,0.3726868019213454,0.0,0.0,0.0,1.0,0.0,0.0
7,40,9.282779582960533,8.14187252035012,1.0,0.0,1.0,0.0,0.0,0.0
8,40,7.503595647389175,9.710645689332614,0.0,0.0,0.0,0.0,0.0,0.0
9,40,2.9797465503883496,10.931030331723209,1.0,0.0,0.0,1.0,0.0,1.0
10,40,3.692000921556526,5.902039358478331,0.0,1.0,0.0,1.0,0.0,1.0
11,40,9.975707331329874,10.033663605245454,0.0,0.0,0.0,1.0,1.0,0.0
12,40,4.811070881837853,0.7516013116643034,0.0,0.0,0.0,1.0,0.0,0.0
13,40,2.3430143812775155,9.436296381378304,1.0,0.0,1.0,0.0,0.0,1.0
14,40,11.041423011197638,2.305022456367908,0.0,0.0,0.0,1.0,0.0,0.0
15,40,2.9615643328945107,7.473863433733925,1.0,1.0,1.0,0.0,1.0,0.0
16,40,10.502829105821448,7.747867662046122,1.0,0.0,0.0,1.0,0.0,0.0
17,40,7.767703968915192,1.9239264740764208,0.0,0.0,0.0,0.0,1.0,1.0
18,40,9.616604993056011,5.513532254235082,0.0,1.0,1.0,1.0,1.0,0.0
19,40,7.635533241673847,7.981427315880324,0.0,1.0,0.0,0.0,1.0,0.0
0,45,5.217363517865644,4.594303657436001,0.0,1.0,0.0,0.0,0.0,1.0
1,45,11.995862666722712,11.315766038421344,0.0,1.0,0.0,1.0,1.0,0.0
2,45,11.361675069949689,4.54433656510652,0.0,0.0,1.0,0.0,1.0,1.0
3,45,9.343327106181237,3.4242051571469503,1.0,0.0,0.0,0.0,0.0,1.0
4,45,5.008362524111741,10.015406920656666,0.0,1.0,1.0,0.0,0.0,0.0
5,45,2.298681738171013,12.0,1.0,0.0,0.0,0.0,1.0,1.0
6,45,4.023849583337566,0.3943353826184054,0.0,0.0,0.0,1.0,0.0,0.0
7,45,9.316832736499446,8.158164472578262,1.0,0.0,1.0,0.0,0.0,0.0
8,45,7.421575049977209,9.68984582637028,0.0,0.0,0.0,0.0,0.0,0.0
9,45,2.9680064163142785,10.885939062468072,1.0,0.0,0.0,1.0,0.0,1.0
10,45,3.766942423666797,5.889373793880429,0.0,1.0,0.0,1.0,0.0,1.0
11,45,9.982884809995126,10.02258273557432,0.0,0.0,0.0,1.0,1.0,0.0
12,45,4.806387674272003,0.7452537160304257,0.0,0.0,0.0,1.0,0.0,0.0
13,45,2.400811392249421,9.505694391705529,1.0,0.0,1.0,0.0,0.0,1.0
14,45,11.042216690963931,2.3113979110351948,0.0,0.0,0.0,1.0,0.0,0.0
15,45,2.977861211893536,7.567323336401393,1.0,1.0,1.0,0.0,1.0,0.0
16,45,10.556484466242136,7.717950087075529,1.0,0.0,0.0,1.0,0.0,0.0
17,45,7.887372251244864,1.9136498489018328,0.0,0.0,0.0,0.0,1.0,1.0
18,45,9.69290045289332,5.584236080684339,0.0,1.0,1.0,1.0,1.0,0.0
19,45,7.57921363628635,7.979434712169608,0.0,1.0,0.0,0.0,1.0,0.0
0,50,5.240896961667021,4.664459869775736,0.0,1.0,0.0,0.0,0.0,1.0
1,50,11.99526910269875,11.257280745564833,0.0,1.0,0.0,1.0,1.0,0.0
2,50,11.432986458076051,4.636538506978999,0.0,0.0,1.0,0.0,1.0,1.0
3,50,9.403973455774867,3.49096910020707,1.0,0.0,0.0,0.0,0.0,1.0
4,50,4.987283401177731,10.002418110937825,0.0,1.0,1.0,0.0,0.0,0.0
5,50,2.257211233156988,12.0,1.0,0.0,0.0,0.0,1.0,1.0
6,50,4.0258510554797935,0.4096135114885312,0.0,0.0,0.0,1.0,0.0,0.0
7,50,9.328347292541224,8.16370807603485,1.0,0.0,1.0,0.0,0.0,0.0
8,50,7.329732128549875,9.665736145220942,0.0,0.0,0.0,0.0,0.0,0.0
9,50,2.951058548793185,10.826547173539767,1.0,0.0,0.0,1.0,0.0,1.0
10,50,3.815408990646725,5.881512983770563,0.0,1.0,0.0,1.0,0.0,1.0
11,50,9.99183039179024,10.008771128066751,0.0,0.0,0.0,1.0,1.0,0.0
12,50,4.791310671292021,0.7250766158628572,0.0,0.0,0.0,1.0,0.0,0.0
13,50,2.4494604629771626,9.563872061437973,1.0,0.0,1.0,0.0,0.0,1.0
14,50,11.043647625292332,2.321145050279687,0.0,0.0,0.0,1.0,0.0,0.0
15,50,2.9957281367539577,7.657225845633191,1.0,1.0,1.0,0.0,1.0,0.0
16,50,10.634279419605528,7.677656618149789,1.0,0.0,0.0,1.0,0.0,0.0
17,50,8.000150129127999,1.9035453261979165,0.0,0.0,0.0,0.0,1.0,1.0
18,50,9.789896036296664,5.673104180870337,0.0,1.0,1.0,1.0,1.0,0.0
19,50,7.539899065257189,7.979491862427382,0.0,1.0,0.0,0.0,1.0,0.0
0,55,5.272519752526844,4.756977365195618,0.0,1.0,0.0,0.0,0.0,1.0
1,55,11.994893685041657,11.234611570716512,0.0,1.0,0.0,1.0,1.0,0.0
2,55,11.36672487128464,4.68607152682355,0.0,0.0,1.0,0.0,1.0,1.0
3,55,9.474145649633122,3.5637745965226477,1.0,0.0,0.0,0.0,0.0,1.0
4,55,4.9856146968409965,10.001347787853426,0.0,1.0,1.0,0.0,0.0,0.0
5,55,2.228536640363198,12.0,1.0,0.0,0.0,0.0,1.0,1.0
6,55,4.0276440033067145,0.4222803217939512,0.0,0.0,0.0,1.0,0.0,0.0
7,55,9.345313451592812,8.171429058925401,1.0,0.0,1.0,0.0,0.0,0.0
8,55,7.224286510578683,9.637234105475828,0.0,0.0,0.0,0.0,0.0,0.0
9,55,2.9364832182888563,10.775352053082726,1.0,0.0,0.0,1.0,0.0,1.0
10,55,3.877196716184769,5.870072679931373,0.0,1.0,0.0,1.0,0.0,1.0
11,55,10.00499032534408,9.988593514362982,0.0,0.0,0.0,1.0,1.0,0.0
12,55,4.786040561203683,0.7177549644501501,0.0,0.0,0.0,1.0,0.0,0.0
13,55,2.511793522618732,9.641712952767364,1.0,0.0,1.0,0.0,0.0,1.0
14,55,11.04396322322955,2.323399269956933,0.0,0.0,0.0,1.0,0.0,0.0
15,55,3.0124466263455494,7.750703325381655,1.0,1.0,1.0,0.0,1.0,0.0
16,55,10.714169249096372,7.634616673780553,1.0,0.0,0.0,1.0,0.0,0.0
17,55,8.106707071085514,1.8965148732655928,0.0,0.0,0.0,0.0,1.0,1.0
18,55,9.87423796278935,5.7511197465266815,0.0,1.0,1.0,1.0,1.0,0.0
19,55,7.513788405289894,7.979767452995068,0.0,1.0,0.0,0.0,1.0,0.0
0,60,5.304053748302604,4.847522191323856,0.0,1.0,0.0,0.0,0.0,1.0
1,60,11.99425049665072,11.199982879090172,0.0,1.0,0.0,1.0,1.0,0.0
2,60,11.28809680381133,4.743348716934318,0.0,0.0,1.0,0.0,1.0,1.0
3,60,9.54332173514648,3.635290437797345,1.0,0.0,0.0,0.0,0.0,1.0
4,60,4.972799097584846,9.992911984094356,0.0,1.0,1.0,0.0,0.0,0.0
5,60,2.2268563789513984,11.962955099151031,1.0,0.0,0.0,0.0,1.0,1.0
6,60,4.031447309068175,0.4478220617514829,0.0,0.0,0.0,1.0,0.0,0.0
7,60,9.377653463274124,8.187137748267922,1.0,0.0,1.0,0.0,0.0,0.0
8,60,7.117674015168487,9.605109275229538,0.0,0.0,0.0,0.0,0.0,0.0
9,60,2.91936579479525,10.719175848956226,1.0,0.0,0.0,1.0,0.0,1.0
10,60,3.940661831179703,5.858723998220655,0.0,1.0,0.0,1.0,0.0,1.0
11,60,10.022852242060742,9.961916193543711,0.0,0.0,0.0,1.0,1.0,0.0
12,60,4.784937777811932,0.7161369090090018,0.0,0.0,0.0,1.0,0.0,0.0
13,60,2.5777929351988296,9.724734494699163,1.0,0.0,1.0,0.0,0.0,1.0
14,60,11.044595075630182,2.327369689780505,0.0,0.0,0.0,1.0,0.0,0.0
15,60,3.030374869945799,7.846751068597601,1.0,1.0,1.0,0.0,1.0,0.0
16,60,10.791130003901596,7.589330896940193,1.0,0.0,0.0,1.0,0.0,0.0
17,60,8.212467370816784,1.8897207192222576,0.0,0.0,0.0,0.0,1.0,1.0
18,60,9.966515680182653,5.839261871467326,0.0,1.0,1.0,1.0,1.0,0.0
19,60,7.484076002776701,7.980342633341015,0.0,1.0,0.0,0.0,1.0,0.0
0,65,5.335545198590339,4.940614623508959,0.0,1.0,0.0,0.0,0.0,1.0
1,65,11.993118446510843,11.159391421420189,0.0,1.0,0.0,1.0,1.0,0.0
2,65,11.20355880455813,4.806943152567829,0.0,0.0,1.0,0.0,1.0,1.0
3,65,9.604275709510542,3.698312145533582,1.0,0.0,0.0,0.0,0.0,1.0
4,65,4.96537094777357,9.987661976940082,0.0,1.0,1.0,0.0,0.0,0.0
5,65,2.2245571238910875,11.90157696465744,1.0,0.0,0.0,0.0,1.0,1.0
6,65,4.035192290234827,0.4813472745889351,0.0,0.0,0.0,1.0,0.0,0.0
7,65,9.387767360190251,8.192045978144083,1.0,0.0,1.0,0.0,0.0,0.0
8,65,7.035959701988056,9.577235387512635,0.0,0.0,0.0,0.0,0.0,0.0
9,65,2.9022010862800243,10.670278625924642,1.0,0.0,0.0,1.0,0.0,1.0
10,65,4.004598041801289,5.846793879741901,0.0,1.0,0.0,1.0,0.0,1.0
11,65,10.047036274588256,9.924648468567872,0.0,0.0,0.0,1.0,1.0,0.0
12,65,4.784163345122366,0.7150357770500856,0.0,0.0,0.0,1.0,0.0,0.0
13,65,2.6364038792130087,9.80272398492878,1.0,0.0,1.0,0.0,0.0,1.0
14,65,11.046148626030488,2.338855670049432,0.0,0.0,0.0,1.0,0.0,0.0
15,65,3.049167365669016,7.93668929554906,1.0,1.0,1.0,0.0,1.0,0.0
16,65,10.855630842223809,7.550508654648738,1.0,0.0,0.0,1.0,0.0,0.0
17,65,8.299709039458683,1.8809447251092049,0.0,0.0,0.0,0.0,1.0,1.0
18,65,10.076570873451642,5.939776868061022,0.0,1.0,1.0,1.0,1.0,0.0
19,65,7.462655421324039,7.980689486657025,0.0,1.0,0.0,0.0,1.0,0.0
0,70,5.365566043870162,5.033142129486136,0.0,1.0,0.0,0.0,0.0,1.0
1,70,11.992157363994334,11.116090293276566,0.0,1.0,0.0,1.0,1.0,0.0
2,70,11.117262603908095,4.871951615647721,0.0,0.0,1.0,0.0,1.0,1.0
3,70,9.669363913314422,3.766837837030156,1.0,0.0,0.0,0.0,0.0,1.0
4,70,4.963490975997591,9.986299401027926,0.0,1.0,1.0,0.0,0.0,0.0
5,70,2.2222112672541456,11.8299760674098,1.0,0.0,0.0,0.0,1.0,1.0
6,70,4.03627229793455,0.4911980212107801,0.0,0.0,0.0,1.0,0.0,0.0
7,70,9.394791048390294,8.195616034148342,1.0,0.0,1.0,0.0,0.0,0.0
8,70,6.948968839378383,9.547376412403962,0.0,0.0,0.0,0.0,0.0,0.0
9,70,2.878292183120107,10.600035698348396,1.0,0.0,0.0,1.0,0.0,1.0
10,70,4.071466919821761,5.836246925898205,0.0,1.0,0.0,1.0,0.0,1.0
11,70,10.076311856420666,9.877693142220982,0.0,0.0,0.0,1.0,1.0,0.0
12,70,4.788957894017853,0.7218333329583113,0.0,0.0,0.0,1.0,0.0,0.0
13,70,2.6923127702629763,9.879803254035442,1.0,0.0,1.0,0.0,0.0,1.0
14,70,11.047919267965828,2.35556679646004,0.0,0.0,0.0,1.0,0.0,0.0
15,70,3.070075641612588,8.04106902577284,1.0,1.0,1.0,0.0,1.0,0.0
16,70,10.91756737817662,7.514473139994428,1.0,0.0,0.0,1.0,0.0,0.0
17,70,8.380514927404132,1.8734405896808664,0.0,0.0,0.0,0.0,1.0,1.0
18,70,10.159669474679534,5.844855365608833,0.0,1.0,1.0,1.0,1.0,0.0
19,70,7.443755351185589,7.98125145072226,0.0,1.0,0.0,0.0,1.0,0.0
0,75,5.393392772114225,5.11868061437017,0.0,1.0,0.0,0.0,0.0,1.0
1,75,11.991019248824731,11.067827151425844,0.0,1.0,0.0,1.0,1.0,0.0
2,75,11.033500913123364,4.933317988820316,0.0,0.0,1.0,0.0,1.0,1.0
3,75,9.730373492872062,3.830240371735169,1.0,0.0,0.0,0.0,0.0,1.0
4,75,4.933095946220508,9.964995952845738,0.0,1.0,1.0,0.0,0.0,0.0
5,75,2.218923449890241,11.764591131719529,1.0,0.0,0.0,0.0,1.0,1.0
6,75,4.034474265048367,0.4755968730662719,0.0,0.0,0.0,1.0,0.0,0.0
7,75,9.419096614584022,8.208043439088806,1.0,0.0,1.0,0.0,0.0,0.0
8,75,6.898871784522208,9.52807194033715,0.0,0.0,0.0,0.0,0.0,0.0
9,75,2.856155119685222,10.53453357068435,1.0,0.0,0.0,1.0,0.0,1.0
10,75,4.128367503841435,5.828695701832796,0.0,1.0,0.0,1.0,0.0,1.0
11,75,10.026806881281647,9.84570359374851,0.0,0.0,0.0,1.0,1.0,0.0
12,75,4.80849090033053,0.7499735719051117,0.0,0.0,0.0,1.0,0.0,0.0
13,75,2.7630658147147984,9.97413811697591,1.0,0.0,1.0,0.0,0.0,1.0
14,75,11.048107803237604,2.3571559395531705,0.0,0.0,0.0,1.0,0.0,0.0
15,75,3.0902496229107634,8.159422974820107,1.0,1.0,1.0,0.0,1.0,0.0
16,75,10.99103355046268,7.471077344138322,1.0,0.0,0.0,1.0,0.0,0.0
17,75,8.448502829808646,1.869233081139817,0.0,0.0,0.0,0.0,1.0,1.0
18,75,10.2393186658822,5.754610059630163,0.0,1.0,1.0,1.0,1.0,0.0
19,75,7.4008695997730145,7.983065870881786,0.0,1.0,0.0,0.0,1.0,0.0
0,80,5.423754197814759,5.218978208105108,0.0,1.0,0.0,0.0,0.0,1.0
1,80,11.987152897236845,11.006018433619271,0.0,1.0,0.0,1.0,1.0,0.0
2,80,10.943621573399842,4.999405047520026,0.0,0.0,1.0,0.0,1.0,1.0
3,80,9.792175011153937,3.892845471578877,1.0,0.0,0.0,0.0,0.0,1.0
4,80,4.913429139693145,9.950651697052098,0.0,1.0,1.0,0.0,0.0,0.0
5,80,2.216062706244033,11.705640700040703,1.0,0.0,0.0,0.0,1.0,1.0
6,80,4.033944774961721,0.4717704440234893,0.0,0.0,0.0,1.0,0.0,0.0
7,80,9.450213389342997,8.223822003398984,1.0,0.0,1.0,0.0,0.0,0.0
8,80,6.849393174165576,9.510287721525232,0.0,0.0,0.0,0.0,0.0,0.0
9,80,2.836355697426298,10.474694978725452,1.0,0.0,0.0,1.0,0.0,1.0
10,80,4.152010160476657,5.826120059085717,0.0,1.0,0.0,1.0,0.0,1.0
11,80,9.977014100065505,9.813935131716525,0.0,0.0,0.0,1.0,1.0,0.0
12,80,4.81820959206688,0.7647182854266167,0.0,0.0,0.0,1.0,0.0,0.0
13,80,2.6883280097443216,10.032985288168346,1.0,0.0,1.0,0.0,0.0,1.0
14,80,11.04519700831724,2.3356965608071745,0.0,0.0,0.0,1.0,0.0,0.0
15,80,3.113602080998833,8.289656612287342,1.0,1.0,1.0,0.0,1.0,0.0
16,80,11.07065722052146,7.419368571995479,1.0,0.0,0.0,1.0,0.0,0.0
17,80,8.505535684141549,1.8653047008696877,0.0,0.0,0.0,0.0,1.0,1.0
18,80,10.329465632544713,5.653301496984486,0.0,1.0,1.0,1.0,1.0,0.0
19,80,7.360551136213116,7.9847331897337055,0.0,1.0,0.0,0.0,1.0,0.0
0,85,5.458916236381246,5.333098586709308,0.0,1.0,0.0,0.0,0.0,1.0
1,85,11.985944304537863,10.949695777789128,0.0,1.0,0.0,1.0,1.0,0.0
2,85,10.871032291582912,5.050477629754421,0.0,0.0,1.0,0.0,1.0,1.0
3,85,9.871854691825844,3.973373919474087,1.0,0.0,0.0,0.0,0.0,1.0
4,85,4.896410605733506,9.937191918620734,0.0,1.0,1.0,0.0,0.0,0.0
5,85,2.2142316253173853,11.638592084139454,1.0,0.0,0.0,0.0,1.0,1.0
6,85,4.035101553187869,0.4820036109310255,0.0,0.0,0.0,1.0,0.0,0.0
7,85,9.456028831578712,8.226821481107898,1.0,0.0,1.0,0.0,0.0,0.0
8,85,6.8054793702350285,9.495481525350083,0.0,0.0,0.0,0.0,0.0,0.0
9,85,2.8157333132733977,10.409264401520517,1.0,0.0,0.0,1.0,0.0,1.0
10,85,4.1550164458628505,5.82580968605364,0.0,1.0,0.0,1.0,0.0,1.0
11,85,9.904954881526928,9.771006997223704,0.0,0.0,0.0,1.0,1.0,0.0
12,85,4.81951034588619,0.7665742881902915,0.0,0.0,0.0,1.0,0.0,0.0
13,85,2.6105595065608163,10.094778028706592,1.0,0.0,1.0,0.0,0.0,1.0
14,85,11.041070129728782,2.3131483889665025,0.0,0.0,0.0,1.0,0.0,0.0
15,85,3.2291150015816275,8.267536798672111,1.0,1.0,1.0,0.0,1.0,0.0
16,85,11.027865882664807,7.351194448940122,1.0,0.0,0.0,1.0,0.0,0.0
17,85,8.560048538557133,1.8621170591732648,0.0,0.0,0.0,0.0,1.0,1.0
18,85,10.417939829940602,5.554947617368226,0.0,1.0,1.0,1.0,1.0,0.0
19,85,7.328450319798871,7.985521960609722,0.0,1.0,0.0,0.0,1.0,0.0
0,90,5.491017628451811,5.439215499892467,0.0,1.0,0.0,0.0,0.0,1.0
1,90,11.986596262574729,10.877841558644782,0.0,1.0,0.0,1.0,1.0,0.0
2,90,10.782530319898829,5.113233405273902,0.0,0.0,1.0,0.0,1.0,1.0
3,90,9.948398989424,4.049394133307462,1.0,0.0,0.0,0.0,0.0,1.0
4,90,4.886405686697024,9.92951051461509,0.0,1.0,1.0,0.0,0.0,0.0
5,90,2.2140220836544446,11.580742046694676,1.0,0.0,0.0,0.0,1.0,1.0
6,90,4.037706771172559,0.5012232321977245,0.0,0.0,0.0,1.0,0.0,0.0
7,90,9.451565975457848,8.224446457300854,1.0,0.0,1.0,0.0,0.0,0.0
8,90,6.767876333670208,9.48246535660371,0.0,0.0,0.0,0.0,0.0,0.0
9,90,2.787878613254392,10.327053440447694,1.0,0.0,0.0,1.0,0.0,1.0
10,90,4.160716384984451,5.825154407095256,0.0,1.0,0.0,1.0,0.0,1.0
11,90,9.847897551265312,9.738585955706204,0.0,0.0,0.0,1.0,1.0,0.0
12,90,4.822723476314508,0.7713687511554134,0.0,0.0,0.0,1.0,0.0,0.0
13,90,2.540462192639012,10.148387051271197,1.0,0.0,1.0,0.0,0.0,1.0
14,90,11.037362980718637,2.2880241637543546,0.0,0.0,0.0,1.0,0.0,0.0
15,90,3.32643817529359,8.247933392955886,1.0,1.0,1.0,0.0,1.0,0.0
16,90,10.986572382073286,7.283888228764457,1.0,0.0,0.0,1.0,0.0,0.0
17,90,8.607698196226599,1.8592866420507648,0.0,0.0,0.0,0.0,1.0,1.0
18,90,10.497558497336076,5.469773059304475,0.0,1.0,1.0,1.0,1.0,0.0
19,90,7.295845845550908,7.98663826913545,0.0,1.0,0.0,0.0,1.0,0.0
0,95,5.527439420619238,5.551947358070372,0.0,1.0,0.0,0.0,0.0,1.0
1,95,11.9875838511933,10.799244269299512,0.0,1.0,0.0,1.0,1.0,0.0
2,95,10.69076692982352,5.172997523483272,0.0,0.0,1.0,0.0,1.0,1.0
3,95,10.01004627843167,4.107654514944839,1.0,0.0,0.0,0.0,0.0,1.0
4,95,4.881957816864517,9.925914095778833,0.0,1.0,1.0,0.0,0.0,0.0
5,95,2.2135023667920475,11.526367582557691,1.0,0.0,0.0,0.0,1.0,1.0
6,95,4.041233055752361,0.5291545220528698,0.0,0.0,0.0,1.0,0.0,0.0
7,95,9.434808152208635,8.21603610833794,1.0,0.0,1.0,0.0,0.0,0.0
8,95,6.7375839951931695,9.471728017723388,0.0,0.0,0.0,0.0,0.0,0.0
9,95,2.763428288099879,10.255262795700164,1.0,0.0,0.0,1.0,0.0,1.0
10,95,4.151547595758593,5.82625620815621,0.0,1.0,0.0,1.0,0.0,1.0
11,95,9.798346120275545,9.711228203115216,0.0,0.0,0.0,1.0,1.0,0.0
12,95,4.82912783151957,0.7805039394592331,0.0,0.0,0.0,1.0,0.0,0.0
13,95,2.4597511354583266,10.20937603842398,1.0,0.0,1.0,0.0,0.0,1.0
14,95,11.031677429673351,2.2500549852570835,0.0,0.0,0.0,1.0,0.0,0.0
15,95,3.43203797675834,8.225068684725848,1.0,1.0,1.0,0.0,1.0,0.0
16,95,10.934657030685251,7.1968075315237,1.0,0.0,0.0,1.0,0.0,0.0
17,95,8.6417820747281,1.8579843996588752,0.0,0.0,0.0,0.0,1.0,1.0
18,95,10.553628435333753,5.410689734624915,0.0,1.0,1.0,1.0,1.0,0.0
19,95,7.255397122171162,7.987058606751042,0.0,1.0,0.0,0.0,1.0,0.0
0,100,5.569155680097713,5.681586958197897,0.0,1.0,0.0,0.0,0.0,1.0
1,100,12.0,10.801528262718758,0.0,1.0,0.0,1.0,1.0,0.0
2,100,10.584084127872552,5.243602656828497,0.0,0.0,1.0,0.0,1.0,1.0
3,100,10.079613989499611,4.17465602653227,1.0,0.0,0.0,0.0,0.0,1.0
4,100,4.880979278273961,9.925089826059734,0.0,1.0,1.0,0.0,0.0,0.0
5,100,2.212429217046387,11.469745720377588,1.0,0.0,0.0,0.0,1.0,1.0
6,100,4.045093345771551,0.5617879171309137,0.0,0.0,0.0,1.0,0.0,0.0
7,100,9.426296453032496,8.211733520593526,1.0,0.0,1.0,0.0,0.0,0.0
8,100,6.69114111022497,9.454780460660269,0.0,0.0,0.0,0.0,0.0,0.0
9,100,2.73619705642074,10.17314789489474,1.0,0.0,0.0,1.0,0.0,1.0
10,100,4.164536404319613,5.824568974120689,0.0,1.0,0.0,1.0,0.0,1.0
11,100,9.766919929196876,9.692375039900265,0.0,0.0,0.0,1.0,1.0,0.0
12,100,4.834818639646359,0.7886088814648742,0.0,0.0,0.0,1.0,0.0,0.0
13,100,2.3589342720538498,10.283788735558833,1.0,0.0,1.0,0.0,0.0,1.0
14,100,11.025688252207434,2.2191831659825505,0.0,0.0,0.0,1.0,0.0,0.0
15,100,3.538036146450899,8.200792613733144,1.0,1.0,1.0,0.0,1.0,0.0
16,100,10.87441053865366,7.090578518629173,1.0,0.0,0.0,1.0,0.0,0.0
17,100,8.661932831678111,1.8573175145048857,0.0,0.0,0.0,0.0,1.0,1.0
18,100,10.610483615122009,5.349291841356444,0.0,1.0,1.0,1.0,1.0,0.0
19,100,7.228749646394868,7.987110974211493,0.0,1.0,0.0,0.0,1.0,0.0
0,105,5.608341969873762,5.801786577291892,0.0,1.0,0.0,0.0,0.0,1.0
1,105,12.0,10.803929689901697,0.0,1.0,0.0,1.0,1.0,0.0
2,105,10.456171410292267,5.330630044385381,0.0,0.0,1.0,0.0,1.0,1.0
3,105,10.14717043530551,4.236930974703368,1.0,0.0,0.0,0.0,0.0,1.0
4,105,4.886756949283215,9.93013225815804,0.0,1.0,1.0,0.0,0.0,0.0
5,105,2.211802128714489,11.445540106165748,1.0,0.0,0.0,0.0,1.0,1.0
6,105,4.0493239586827885,0.6068140304087405,0.0,0.0,0.0,1.0,0.0,0.0
7,105,9.431967429520412,8.214478285550848,1.0,0.0,1.0,0.0,0.0,0.0
8,105,6.655639944218087,9.441196693035188,0.0,0.0,0.0,0.0,0.0,0.0
9,105,2.7139397166641417,10.11105455032744,1.0,0.0,0.0,1.0,0.0,1.0
10,105,4.216669960603161,5.817080991892686,0.0,1.0,0.0,1.0,0.0,1.0
11,105,9.726715988792307,9.668430545854465,0.0,0.0,0.0,1.0,1.0,0.0
12,105,4.841996810823793,0.7988922692314584,0.0,0.0,0.0,1.0,0.0,0.0
13,105,2.255521586042103,10.360781341643264,1.0,0.0,1.0,0.0,0.0,1.0
14,105,11.01733210585079,2.1714187495024664,0.0,0.0,0.0,1.0,0.0,0.0
15,105,3.627108124900121,8.179495559583977,1.0,1.0,1.0,0.0,1.0,0.0
16,105,10.824451777171571,6.994052005647285,1.0,0.0,0.0,1.0,0.0,0.0
17,105,8.677423586192887,1.8566095891324383,0.0,0.0,0.0,0.0,1.0,1.0
18,105,10.67797886798446,5.268356775289533,0.0,1.0,1.0,1.0,1.0,0.0
19,105,7.213125989621917,7.987092863420106,0.0,1.0,0.0,0.0,1.0,0.0
0,110,5.645255995033801,5.92102727509457,0.0,1.0,0.0,0.0,0.0,1.0
1,110,12.0,10.807831780538711,0.0,1.0,0.0,1.0,1.0,0.0
2,110,10.328967802755704,5.418071099535113,0.0,0.0,1.0,0.0,1.0,1.0
3,110,10.215588840520608,4.297618777330333,1.0,0.0,0.0,0.0,0.0,1.0
4,110,4.881387999973102,9.92534599091827,0.0,1.0,1.0,0.0,0.0,0.0
5,110,2.2113729356095084,11.433813722880313,1.0,0.0,0.0,0.0,1.0,1.0
6,110,4.052832579445808,0.6418931063005425,0.0,0.0,0.0,1.0,0.0,0.0
7,110,9.425147211800953,8.210939396678171,1.0,0.0,1.0,0.0,0.0,0.0
8,110,6.610096614834231,9.422423454949582,0.0,0.0,0.0,0.0,0.0,0.0
9,110,2.687279539548833,10.040139124913114,1.0,0.0,0.0,1.0,0.0,1.0
10,110,4.268755014854811,5.8088222296794365,0.0,1.0,0.0,1.0,0.0,1.0
11,110,9.67617121865046,9.63854426314916,0.0,0.0,0.0,1.0,1.0,0.0
12,110,4.850742421602385,0.8107656242180673,0.0,0.0,0.0,1.0,0.0,0.0
13,110,2.141397774671334,10.443878968630068,1.0,0.0,1.0,0.0,0.0,1.0
14,110,11.012222054759109,2.137944348829934,0.0,0.0,0.0,1.0,0.0,0.0
15,110,3.713788446554219,8.159835840474384,1.0,1.0,1.0,0.0,1.0,0.0
16,110,10.774580525286549,6.900363615764449,1.0,0.0,0.0,1.0,0.0,0.0
17,110,8.688197026295358,1.8562739121106744,0.0,0.0,0.0,0.0,1.0,1.0
18,110,10.73362304826398,5.199769532661695,0.0,1.0,1.0,1.0,1.0,0.0
19,110,7.191013124746552,7.986428681299428,0.0,1.0,0.0,0.0,1.0,0.0
0,115,5.676975153700436,6.022266408443567,0.0,1.0,0.0,0.0,0.0,1.0
1,115,12.0,10.813392261657103,0.0,1.0,0.0,1.0,1.0,0.0
2,115,10.185963567151704,5.517848700874587,0.0,0.0,1.0,0.0,1.0,1.0
3,115,10.304308673694845,4.377952891867801,1.0,0.0,0.0,0.0,0.0,1.0
4,115,4.861407016118957,9.907762248232263,0.0,1.0,1.0,0.0,0.0,0.0
5,115,2.2108123068578154,11.413266288558598,1.0,0.0,0.0,0.0,1.0,1.0
6,115,4.055581451101848,0.6773177367275405,0.0,0.0,0.0,1.0,0.0,0.0
7,115,9.420640706462764,8.208668425290048,1.0,0.0,1.0,0.0,0.0,0.0
8,115,6.568783869711135,9.40476484274508,0.0,0.0,0.0,0.0,0.0,0.0
9,115,2.663563578285117,9.977078698214177,1.0,0.0,0.0,1.0,0.0,1.0
10,115,4.308693374833266,5.802733848969715,0.0,1.0,0.0,1.0,0.0,1.0
11,115,9.630027124832887,9.610401585891012,0.0,0.0,0.0,1.0,1.0,0.0
12,115,4.8476983723599885,0.8066622629367137,0.0,0.0,0.0,1.0,0.0,0.0
13,115,2.042731959931807,10.519222569548344,1.0,0.0,1.0,0.0,0.0,1.0
14,115,11.003147821999148,2.0796134447978534,0.0,0.0,0.0,1.0,0.0,0.0
15,115,3.792791948570659,8.143092732123403,1.0,1.0,1.0,0.0,1.0,0.0
16,115,10.743228700463218,6.842754348502907,1.0,0.0,0.0,1.0,0.0,0.0
17,115,8.686313701954633,1.8563171811171015,0.0,0.0,0.0,0.0,1.0,1.0
18,115,10.78591283423347,5.133202237692965,0.0,1.0,1.0,1.0,1.0,0.0
19,115,7.177708338789924,7.985752074667666,0.0,1.0,0.0,0.0,1.0,0.0
0,120,5.710286503274317,6.131584618790611,0.0,1.0,0.0,0.0,0.0,1.0
1,120,12.0,10.81747022755747,0.0,1.0,0.0,1.0,1.0,0.0
2,120,10.026137903634316,5.634087122904547,0.0,0.0,1.0,0.0,1.0,1.0
3,120,10.387129293898372,4.453979746085891,1.0,0.0,0.0,0.0,0.0,1.0
4,120,4.830341223715937,9.881681792774344,0.0,1.0,1.0,0.0,0.0,0.0
5,120,2.210674148253462,11.409114443868088,1.0,0.0,0.0,0.0,1.0,1.0
6,120,4.061489576649358,0.742900454615026,0.0,0.0,0.0,1.0,0.0,0.0
7,120,9.426356187671788,8.21124472722969,1.0,0.0,1.0,0.0,0.0,0.0
8,120,6.546848511851569,9.39487975113492,0.0,0.0,0.0,0.0,0.0,0.0
9,120,2.6391578664905406,9.913299849055903,1.0,0.0,0.0,1.0,0.0,1.0
10,120,4.317019783541496,5.8014009844111465,0.0,1.0,0.0,1.0,0.0,1.0
11,120,9.589205090612491,9.58764483447808,0.0,0.0,0.0,1.0,1.0,0.0
12,120,4.833046645698006,0.7871049788316784,0.0,0.0,0.0,1.0,0.0,0.0
13,120,1.9539025346509704,10.589634581119643,1.0,0.0,1.0,0.0,0.0,1.0
14,120,10.9952961371249,2.032290229408169,0.0,0.0,0.0,1.0,0.0,0.0
15,120,3.878253220266712,8.125330150401945,1.0,1.0,1.0,0.0,1.0,0.0
16,120,10.69756036930086,6.764235846722183,1.0,0.0,0.0,1.0,0.0,0.0
17,120,8.667096359762807,1.856644931862324,0.0,0.0,0.0,0.0,1.0,1.0
18,120,10.837955937107544,5.066142878093185,0.0,1.0,1.0,1.0,1.0,0.0
19,120,7.158220593385924,7.984720894694666,0.0,1.0,0.0,0.0,1.0,0.0
0,125,5.736729648100338,6.220152173141369,0.0,1.0,0.0,0.0,0.0,1.0
1,125,12.0,10.822158736795895,0.0,1.0,0.0,1.0,1.0,0.0
2,125,9.872404787778532,5.743704964146485,0.0,0.0,1.0,0.0,1.0,1.0
3,125,10.472705484988124,4.529579058375667,1.0,0.0,0.0,0.0,0.0,1.0
4,125,4.8042709710296005,9.85995613099334,0.0,1.0,1.0,0.0,0.0,0.0
5,125,2.2111220074986595,11.423546909979,1.0,0.0,0.0,0.0,1.0,1.0
6,125,4.068806990218694,0.8115444022958456,0.0,0.0,0.0,1.0,0.0,0.0
7,125,9.44638011665303,8.219545868985223,1.0,0.0,1.0,0.0,0.0,0.0
8,125,6.546625663949763,9.394775600671734,0.0,0.0,0.0,0.0,0.0,0.0
9,125,2.615829757817844,9.856309717658467,1.0,0.0,0.0,1.0,0.0,1.0
10,125,4.314401647697041,5.801872050027285,0.0,1.0,0.0,1.0,0.0,1.0
11,125,9.560060767315486,9.569735694474817,0.0,0.0,0.0,1.0,1.0,0.0
12,125,4.831521899008061,0.7850888108408781,0.0,0.0,0.0,1.0,0.0,0.0
13,125,1.8763401458209563,10.651776638476214,1.0,0.0,1.0,0.0,0.0,1.0
14,125,10.983594749361536,1.9764716672362777,0.0,0.0,0.0,1.0,0.0,0.0
15,125,3.952547797864967,8.109558548582699,1.0,1.0,1.0,0.0,1.0,0.0
16,125,10.651757464408393,6.6831137506140905,1.0,0.0,0.0,1.0,0.0,0.0
17,125,8.64468750604844,1.856558112227228,0.0,0.0,0.0,0.0,1.0,1.0
18,125,10.882293547267215,5.010058651442177,0.0,1.0,1.0,1.0,1.0,0.0
19,125,7.100260641268986,7.98155461578207,0.0,1.0,0.0,0.0,1.0,0.0
0,130,5.762119588841384,6.304364063836752,0.0,1.0,0.0,0.0,0.0,1.0
1,130,12.0,10.824666782939731,0.0,1.0,0.0,1.0,1.0,0.0
2,130,9.7195666190892,5.853965192270877,0.0,0.0,1.0,0.0,1.0,1.0
3,130,10.56859691305747,4.614154562775366,1.0,0.0,0.0,0.0,0.0,1.0
4,130,4.772945187149585,9.834613603246927,0.0,1.0,1.0,0.0,0.0,0.0
5,130,2.2126872057800235,11.463443981805066,1.0,0.0,0.0,0.0,1.0,1.0
6,130,4.079461931876439,0.8904760555617007,0.0,0.0,0.0,1.0,0.0,0.0
7,130,9.47355169003061,8.230250247299793,1.0,0.0,1.0,0.0,0.0,0.0
8,130,6.545660638303636,9.39432042690557,0.0,0.0,0.0,0.0,0.0,0.0
9,130,2.5951482825555248,9.797225929324917,1.0,0.0,0.0,1.0,0.0,1.0
10,130,4.317843431762976,5.801374691651066,0.0,1.0,0.0,1.0,0.0,1.0
11,130,9.537663667871431,9.55578263228045,0.0,0.0,0.0,1.0,1.0,0.0
12,130,4.824421441367454,0.7756042035100402,0.0,0.0,0.0,1.0,0.0,0.0
13,130,1.8014185299377556,10.711066110227687,1.0,0.0,1.0,0.0,0.0,1.0
14,130,10.969549951970386,1.9047711355543555,0.0,0.0,0.0,1.0,0.0,0.0
15,130,4.040736160908414,8.091517803487436,1.0,1.0,1.0,0.0,1.0,0.0
16,130,10.60664820429815,6.603624016613378,1.0,0.0,0.0,1.0,0.0,0.0
17,130,8.604448953484042,1.8566910667308727,0.0,0.0,0.0,0.0,1.0,1.0
18,130,10.921409691178985,4.960306122060856,0.0,1.0,1.0,1.0,1.0,0.0
19,130,7.025924389780633,7.976018486326896,0.0,1.0,0.0,0.0,1.0,0.0
0,135,5.788478163105589,6.402654070285171,0.0,1.0,0.0,0.0,0.0,1.0
1,135,12.0,10.825132542593725,0.0,1.0,0.0,1.0,1.0,0.0
2,135,9.576475367735306,5.95327695131449,0.0,0.0,1.0,0.0,1.0,1.0
3,135,10.677538361940195,4.707567064919048,1.0,0.0,0.0,0.0,0.0,1.0
4,135,4.74613593591227,9.813761875258516,0.0,1.0,1.0,0.0,0.0,0.0
5,135,2.214024334441945,11.497955338631982,1.0,0.0,0.0,0.0,1.0,1.0
6,135,4.093940514058573,0.9892145815412396,0.0,0.0,0.0,1.0,0.0,0.0
7,135,9.518653389191345,8.248373126041137,1.0,0.0,1.0,0.0,0.0,0.0
8,135,6.5553870601126185,9.399107488802786,0.0,0.0,0.0,0.0,0.0,0.0
9,135,2.581310056972033,9.759840797783395,1.0,0.0,0.0,1.0,0.0,1.0
10,135,4.325829079359339,5.800130660340684,0.0,1.0,0.0,1.0,0.0,1.0
11,135,9.54500823122208,9.543382385384886,0.0,0.0,0.0,1.0,1.0,0.0
12,135,4.809066272462281,0.755126222402679,0.0,0.0,0.0,1.0,0.0,0.0
13,135,1.7411149011968832,10.759380837605011,1.0,0.0,1.0,0.0,0.0,1.0
14,135,10.954893753651175,1.8270485687467248,0.0,0.0,0.0,1.0,0.0,0.0
15,135,4.1462585784026365,8.070156705498723,1.0,1.0,1.0,0.0,1.0,0.0
16,135,10.56852337250255,6.54088438453024,1.0,0.0,0.0,1.0,0.0,0.0
17,135,8.563025261265208,1.8561025064182035,0.0,0.0,0.0,0.0,1.0,1.0
18,135,10.971074141556183,4.896192405624444,0.0,1.0,1.0,1.0,1.0,0.0
19,135,6.942953320442389,7.966864272909205,0.0,1.0,0.0,0.0,1.0,0.0
0,140,5.818479835707932,6.507697372565787,0.0,1.0,0.0,0.0,0.0,1.0
1,140,12.0,10.826257606759713,0.0,1.0,0.0,1.0,1.0,0.0
2,140,9.423939469286116,6.063115794075257,0.0,0.0,1.0,0.0,1.0,1.0
3,140,10.792080478065415,4.803520039180029,1.0,0.0,0.0,0.0,0.0,1.0
4,140,4.708757959237708,9.787068866329092,0.0,1.0,1.0,0.0,0.0,0.0
5,140,2.2158628988381914,11.534249269898709,1.0,0.0,0.0,0.0,1.0,1.0
6,140,4.106740489899512,1.074672172986714,0.0,0.0,0.0,1.0,0.0,0.0
7,140,9.565607035537512,8.267249434866027,1.0,0.0,1.0,0.0,0.0,0.0
8,140,6.560465979673269,9.40170090263683,0.0,0.0,0.0,0.0,0.0,0.0
9,140,2.572523923727779,9.735877686558302,1.0,0.0,0.0,1.0,0.0,1.0
10,140,4.337494866735298,5.798702505200998,0.0,1.0,0.0,1.0,0.0,1.0
11,140,9.553662454116612,9.529559801839005,0.0,0.0,0.0,1.0,1.0,0.0
12,140,4.8030818725508935,0.7470559661107383,0.0,0.0,0.0,1.0,0.0,0.0
13,140,1.6802304397572116,10.80826533625761,1.0,0.0,1.0,0.0,0.0,1.0
14,140,10.942075830068704,1.7518349353583746,0.0,0.0,0.0,1.0,0.0,0.0
15,140,4.264603390053657,8.044311675996493,1.0,1.0,1.0,0.0,1.0,0.0
16,140,10.5232391752917,6.467086180163738,1.0,0.0,0.0,1.0,0.0,0.0
17,140,8.514805327001467,1.8546098734953371,0.0,0.0,0.0,0.0,1.0,1.0
18,140,11.03001552074805,4.825029513253528,0.0,1.0,1.0,1.0,1.0,0.0
19,140,6.878947055160601,7.9600686986707325,0.0,1.0,0.0,0.0,1.0,0.0
0,145,5.84520169332248,6.601265365388948,0.0,1.0,0.0,0.0,0.0,1.0
1,145,12.0,10.82675586138568,0.0,1.0,0.0,1.0,1.0,0.0
2,145,9.28312109749448,6.169440893743588,0.0,0.0,1.0,0.0,1.0,1.0
3,145,10.90539491049809,4.896017846416281,1.0,0.0,0.0,0.0,0.0,1.0
4,145,4.673578634999595,9.762002432316631,0.0,1.0,1.0,0.0,0.0,0.0
5,145,2.2177940650191545,11.563953019821597,1.0,0.0,0.0,0.0,1.0,1.0
6,145,4.118514754580449,1.153215673085664,0.0,0.0,0.0,1.0,0.0,0.0
7,145,9.608136257900794,8.285188500138576,1.0,0.0,1.0,0.0,0.0,0.0
8,145,6.575298240334887,9.409134543018412,0.0,0.0,0.0,0.0,0.0,0.0
9,145,2.5664791897697823,9.719439745701417,1.0,0.0,0.0,1.0,0.0,1.0
10,145,4.333836570400155,5.799048565245005,0.0,1.0,0.0,1.0,0.0,1.0
11,145,9.56186773663423,9.516310866892262,0.0,0.0,0.0,1.0,1.0,0.0
12,145,4.802850830296637,0.7467422685266126,0.0,0.0,0.0,1.0,0.0,0.0
13,145,1.607253870344913,10.867277824947813,1.0,0.0,1.0,0.0,0.0,1.0
14,145,10.930735783253471,1.6932696456534124,0.0,0.0,0.0,1.0,0.0,0.0
15,145,4.391411721086666,8.016546403067164,1.0,1.0,1.0,0.0,1.0,0.0
16,145,10.47789036947374,6.395929185327872,1.0,0.0,0.0,1.0,0.0,0.0
17,145,8.468015495951226,1.8535286432436016,0.0,0.0,0.0,0.0,1.0,1.0
18,145,11.0962867341041,4.747162006478846,0.0,1.0,1.0,1.0,1.0,0.0
19,145,6.811397698456146,7.954263842150431,0.0,1.0,0.0,0.0,1.0,0.0
0,150,5.8703647427008505,6.696866111574876,0.0,1.0,0.0,0.0,0.0,1.0
1,150,12.0,10.828304561475566,0.0,1.0,0.0,1.0,1.0,0.0
2,150,9.14122872885284,6.272295468032725,0.0,0.0,1.0,0.0,1.0,1.0
3,150,11.009602458896552,4.977461331029533,1.0,0.0,0.0,0.0,0.0,1.0
4,150,4.633722406612903,9.734862043401442,0.0,1.0,1.0,0.0,0.0,0.0
5,150,2.2191410957927595,11.591701285024625,1.0,0.0,0.0,0.0,1.0,1.0
6,150,4.132475184216939,1.2381904758937123,0.0,0.0,0.0,1.0,0.0,0.0
7,150,9.636397828067604,8.296296337730135,1.0,0.0,1.0,0.0,0.0,0.0
8,150,6.571512005494137,9.407258307790777,0.0,0.0,0.0,0.0,0.0,0.0
9,150,2.557862366550328,9.69646491948623,1.0,0.0,0.0,1.0,0.0,1.0
10,150,4.343328397778487,5.797903590289038,0.0,1.0,0.0,1.0,0.0,1.0
11,150,9.55940281521908,9.520353712456018,0.0,0.0,0.0,1.0,1.0,0.0
12,150,4.806588120751909,0.7513299490626083,0.0,0.0,0.0,1.0,0.0,0.0
13,150,1.5233372708735646,10.935098283619537,1.0,0.0,1.0,0.0,0.0,1.0
14,150,10.918079064564614,1.6262651846623504,0.0,0.0,0.0,1.0,0.0,0.0
15,150,4.527906340404666,7.988976072971901,1.0,1.0,1.0,0.0,1.0,0.0
16,150,10.4233807945603,6.313195448698024,1.0,0.0,0.0,1.0,0.0,0.0
17,150,8.417974185563779,1.851393590923084,0.0,0.0,0.0,0.0,1.0,1.0
18,150,11.152253965915698,4.683486799150435,0.0,1.0,1.0,1.0,1.0,0.0
19,150,6.762223009403158,7.949933835927329,0.0,1.0,0.0,0.0,1.0,0.0
0,155,5.893768510179072,6.792976205762556,0.0,1.0,0.0,0.0,0.0,1.0
1,155,12.0,10.828424509181128,0.0,1.0,0.0,1.0,1.0,0.0
2,155,8.97966268604557,6.395294082056129,0.0,0.0,1.0,0.0,1.0,1.0
3,155,11.099696799851689,5.045601327895039,1.0,0.0,0.0,0.0,0.0,1.0
4,155,4.59439277169793,9.706654794125129,0.0,1.0,1.0,0.0,0.0,0.0
5,155,2.2204711771593164,11.628255506296354,1.0,0.0,0.0,0.0,1.0,1.0
6,155,4.145143072018875,1.311145029586425,0.0,0.0,0.0,1.0,0.0,0.0
7,155,9.68034804821728,8.312163301578142,1.0,0.0,1.0,0.0,0.0,0.0
8,155,6.569136906774558,9.4061257246118,0.0,0.0,0.0,0.0,0.0,0.0
9,155,2.543402845563289,9.660155467958525,1.0,0.0,0.0,1.0,0.0,1.0
10,155,4.339524630231754,5.798409448937764,0.0,1.0,0.0,1.0,0.0,1.0
11,155,9.549650034667152,9.536728690698771,0.0,0.0,0.0,1.0,1.0,0.0
12,155,4.807920335109392,0.7529553093603437,0.0,0.0,0.0,1.0,0.0,0.0
13,155,1.4467839554035162,10.999433704751205,1.0,0.0,1.0,0.0,0.0,1.0
14,155,10.904224250467822,1.5574491563592798,0.0,0.0,0.0,1.0,0.0,0.0
15,155,4.636055379255242,7.967411126186555,1.0,1.0,1.0,0.0,1.0,0.0
16,155,10.36878837052686,6.2301827352965855,1.0,0.0,0.0,1.0,0.0,0.0
17,155,8.364429445780717,1.8495699737859488,0.0,0.0,0.0,0.0,1.0,1.0
18,155,11.225713224406924,4.603898078261618,0.0,1.0,1.0,1.0,1.0,0.0
19,155,6.719543002324609,7.945868969375788,0.0,1.0,0.0,0.0,1.0,0.0
0,160,5.919645503879357,6.898522913149143,0.0,1.0,0.0,0.0,0.0,1.0
1,160,12.0,10.827916883146646,0.0,1.0,0.0,1.0,1.0,0.0
2,160,8.804148293493835,6.523459941856468,0.0,0.0,1.0,0.0,1.0,1.0
3,160,11.165062661771852,5.096321593957539,1.0,0.0,0.0,0.0,0.0,1.0
4,160,4.562419885494001,9.683511980298,0.0,1.0,1.0,0.0,0.0,0.0
5,160,2.2225744532478,11.678852101141198,1.0,0.0,0.0,0.0,1.0,1.0
6,160,4.160057391135196,1.3858755110581995,0.0,0.0,0.0,1.0,0.0,0.0
7,160,9.718790009811698,8.326442587370869,1.0,0.0,1.0,0.0,0.0,0.0
8,160,6.560568424074098,9.401945654713929,0.0,0.0,0.0,0.0,0.0,0.0
9,160,2.5213372701366,9.60628452832372,1.0,0.0,0.0,1.0,0.0,1.0
10,160,4.344371427504343,5.797711148068122,0.0,1.0,0.0,1.0,0.0,1.0
11,160,9.54359655226378,9.546716041781684,0.0,0.0,0.0,1.0,1.0,0.0
12,160,4.807365298667992,0.7522738793853736,0.0,0.0,0.0,1.0,0.0,0.0
13,160,1.371957331005846,11.061708360826197,1.0,0.0,1.0,0.0,0.0,1.0
14,160,10.889214904249028,1.4915281213336735,0.0,0.0,0.0,1.0,0.0,0.0
15,160,4.746062013118745,7.943676861017369,1.0,1.0,1.0,0.0,1.0,0.0
16,160,10.308671558304498,6.1316292462926,1.0,0.0,0.0,1.0,0.0,0.0
17,160,8.324125358325741,1.8489957314713403,0.0,0.0,0.0,0.0,1.0,1.0
18,160,11.29922526930916,4.523563111889268,0.0,1.0,1.0,1.0,1.0,0.0
19,160,6.671090847297575,7.938896962143896,0.0,1.0,0.0,0.0,1.0,0.0
0,165,5.947144462471446,7.007368667403781,0.0,1.0,0.0,0.0,0.0,1.0
1,165,12.0,10.824769410150434,0.0,1.0,0.0,1.0,1.0,0.0
2,165,8.63896045014806,6.647378854278113,0.0,0.0,1.0,0.0,1.0,1.0
3,165,11.23198531503688,5.148752390925675,1.0,0.0,0.0,0.0,0.0,1.0
4,165,4.52680094281734,9.657268112046063,0.0,1.0,1.0,0.0,0.0,0.0
5,165,2.2244172605250103,11.70901484413544,1.0,0.0,0.0,0.0,1.0,1.0
6,165,4.174621682987447,1.454613564124976,0.0,0.0,0.0,1.0,0.0,0.0
7,165,9.768449933811956,8.34345836026224,1.0,0.0,1.0,0.0,0.0,0.0
8,165,6.549009497320571,9.396583754368171,0.0,0.0,0.0,0.0,0.0,0.0
9,165,2.512895964720475,9.581689000212728,1.0,0.0,0.0,1.0,0.0,1.0
10,165,4.376703189035967,5.793547409596732,0.0,1.0,0.0,1.0,0.0,1.0
11,165,9.534202954090492,9.562459093175711,0.0,0.0,0.0,1.0,1.0,0.0
12,165,4.824586240629133,0.7739538296665222,0.0,0.0,0.0,1.0,0.0,0.0
13,165,1.303225705356274,11.118914431204264,1.0,0.0,1.0,0.0,0.0,1.0
14,165,10.87282453986398,1.4158265889107031,0.0,0.0,0.0,1.0,0.0,0.0
15,165,4.866452693858625,7.917530292575485,1.0,1.0,1.0,0.0,1.0,0.0
16,165,10.239236236455689,6.019749205303823,1.0,0.0,0.0,1.0,0.0,0.0
17,165,8.272449757547026,1.8489417596938045,0.0,0.0,0.0,0.0,1.0,1.0
18,165,11.386517713934332,4.429314662368268,0.0,1.0,1.0,1.0,1.0,0.0
19,165,6.6355188320611775,7.932729162939338,0.0,1.0,0.0,0.0,1.0,0.0
0,170,5.9816010198707925,7.117436999515575,0.0,1.0,0.0,0.0,0.0,1.0
1,170,12.0,10.823048706334264,0.0,1.0,0.0,1.0,1.0,0.0
2,170,8.477950141823738,6.764246318091387,0.0,0.0,1.0,0.0,1.0,1.0
3,170,11.296951143705067,5.1978783994176725,1.0,0.0,0.0,0.0,0.0,1.0
4,170,4.500051486151151,9.637022110380602,0.0,1.0,1.0,0.0,0.0,0.0
5,170,2.2257758515336774,11.736720387890877,1.0,0.0,0.0,0.0,1.0,1.0
6,170,4.186886321349041,1.5104225892654333,0.0,0.0,0.0,1.0,0.0,0.0
7,170,9.823259252194724,8.36242568123979,1.0,0.0,1.0,0.0,0.0,0.0
8,170,6.52394127980465,9.38466020695098,0.0,0.0,0.0,0.0,0.0,0.0
9,170,2.5073038102341307,9.563937194708307,1.0,0.0,0.0,1.0,0.0,1.0
10,170,4.399983523322208,5.790598001585588,0.0,1.0,0.0,1.0,0.0,1.0
11,170,9.532978078685687,9.564545510584155,0.0,0.0,0.0,1.0,1.0,0.0
12,170,4.855252333086486,0.8120477855656433,0.0,0.0,0.0,1.0,0.0,0.0
13,170,1.249301069179839,11.16478498528028,1.0,0.0,1.0,0.0,0.0,1.0
14,170,10.856283021627124,1.3368157754806151,0.0,0.0,0.0,1.0,0.0,0.0
15,170,4.980891039754316,7.893776872592007,1.0,1.0,1.0,0.0,1.0,0.0
16,170,10.17016324906398,5.913077583104485,1.0,0.0,0.0,1.0,0.0,0.0
17,170,8.211226327528513,1.8498096833981763,0.0,0.0,0.0,0.0,1.0,1.0
18,170,11.469342140471092,4.339882982756477,0.0,1.0,1.0,1.0,1.0,0.0
19,170,6.611255329422121,7.928116498483307,0.0,1.0,0.0,0.0,1.0,0.0
0,175,6.011417013405319,7.211719844178821,0.0,1.0,0.0,0.0,0.0,1.0
1,175,12.0,10.821220204277662,0.0,1.0,0.0,1.0,1.0,0.0
2,175,8.321661711911254,6.880066742480172,0.0,0.0,1.0,0.0,1.0,1.0
3,175,11.357185325938596,5.24546191213504,1.0,0.0,0.0,0.0,0.0,1.0
4,175,4.490131776989441,9.629643982152322,0.0,1.0,1.0,0.0,0.0,0.0
5,175,2.2259148185270856,11.739029373165922,1.0,0.0,0.0,0.0,1.0,1.0
6,175,4.19681465164534,1.5479351708530298,0.0,0.0,0.0,1.0,0.0,0.0
7,175,9.878781383767034,8.38124252336961,1.0,0.0,1.0,0.0,0.0,0.0
8,175,6.514347121193223,9.379699471493009,0.0,0.0,0.0,0.0,0.0,0.0
9,175,2.50840959216318,9.567378739969392,1.0,0.0,0.0,1.0,0.0,1.0
10,175,4.428136552001651,5.787879119021001,0.0,1.0,0.0,1.0,0.0,1.0
11,175,9.529151424870848,9.570987942985518,0.0,0.0,0.0,1.0,1.0,0.0
12,175,4.879576736820676,0.842152946325393,0.0,0.0,0.0,1.0,0.0,0.0
13,175,1.1898868319253992,11.212636082113695,1.0,0.0,1.0,0.0,0.0,1.0
14,175,10.837177671715844,1.2440859940385458,0.0,0.0,0.0,1.0,0.0,0.0
15,175,5.075598840443049,7.874409563691727,1.0,1.0,1.0,0.0,1.0,0.0
16,175,10.096902165508569,5.79135383626887,1.0,0.0,0.0,1.0,0.0,0.0
17,175,8.21407231229063,1.9145509502646931,0.0,0.0,0.0,0.0,1.0,1.0
18,175,11.55977508350376,4.238719603911798,0.0,1.0,1.0,1.0,1.0,0.0
19,175,6.560542598485948,7.919170356363576,0.0,1.0,0.0,0.0,1.0,0.0
0,180,6.03124418798328,7.2840572014228355,0.0,1.0,0.0,0.0,0.0,1.0
1,180,12.0,10.818885161264085,0.0,1.0,0.0,1.0,1.0,0.0
2,180,8.160416777921814,7.004396134761092,0.0,0.0,1.0,0.0,1.0,1.0
3,180,11.423070723434902,5.2955504083274505,1.0,0.0,0.0,0.0,0.0,1.0
4,180,4.492535923935089,9.631469378822509,0.0,1.0,1.0,0.0,0.0,0.0
5,180,2.2257255236664077,11.736932532060257,1.0,0.0,0.0,0.0,1.0,1.0
6,180,4.202505025568923,1.5683750218120314,0.0,0.0,0.0,1.0,0.0,0.0
7,180,9.944715917069807,8.401306726365386,1.0,0.0,1.0,0.0,0.0,0.0
8,180,6.496828545419661,9.37038017076766,0.0,0.0,0.0,0.0,0.0,0.0
9,180,2.502525892038219,9.54928393515003,1.0,0.0,0.0,1.0,0.0,1.0
10,180,4.433458876483977,5.841014344121697,0.0,1.0,0.0,1.0,0.0,1.0
11,180,9.52202559046955,9.583755955239058,0.0,0.0,0.0,1.0,1.0,0.0
12,180,4.906648403952573,0.8736582568290507,0.0,0.0,0.0,1.0,0.0,0.0
13,180,1.1321496594686218,11.26040160523925,1.0,0.0,1.0,0.0,0.0,1.0
14,180,10.8247860626553,1.1867368319145757,0.0,0.0,0.0,1.0,0.0,0.0
15,180,5.219195121426838,7.846583865649223,1.0,1.0,1.0,0.0,1.0,0.0
16,180,10.015049180083665,5.651536649277307,1.0,0.0,0.0,1.0,0.0,0.0
17,180,8.218275937751217,1.9753430588243397,0.0,0.0,0.0,0.0,1.0,1.0
18,180,11.655623213820007,4.129716549286478,0.0,1.0,1.0,1.0,1.0,0.0
19,180,6.499131969007836,7.907953900429136,0.0,1.0,0.0,0.0,1.0,0.0
0,185,6.044909961467445,7.340652869427267,0.0,1.0,0.0,0.0,0.0,1.0
1,185,12.0,10.816498262473411,0.0,1.0,0.0,1.0,1.0,0.0
2,185,7.983741308557578,7.136034808376927,0.0,0.0,1.0,0.0,1.0,1.0
3,185,11.493810564714437,5.348745971006692,1.0,0.0,0.0,0.0,0.0,1.0
4,185,4.473596118311394,9.61588821798393,0.0,1.0,1.0,0.0,0.0,0.0
5,185,2.2260103420620383,11.740384365590394,1.0,0.0,0.0,0.0,1.0,1.0
6,185,4.20352164348758,1.5717958562636618,0.0,0.0,0.0,1.0,0.0,0.0
7,185,9.99932965380938,8.419361818264736,1.0,0.0,1.0,0.0,0.0,0.0
8,185,6.487737305892244,9.365652645347964,0.0,0.0,0.0,0.0,0.0,0.0
9,185,2.502950261603443,9.55057197090065,1.0,0.0,0.0,1.0,0.0,1.0
10,185,4.438736308578999,5.891883351793442,0.0,1.0,0.0,1.0,0.0,1.0
11,185,9.513739008522125,9.599076461016203,0.0,0.0,0.0,1.0,1.0,0.0
12,185,4.945089247471849,0.916994691699402,0.0,0.0,0.0,1.0,0.0,0.0
13,185,1.0761285754518255,11.30541155024843,1.0,0.0,1.0,0.0,0.0,1.0
14,185,10.811694585270898,1.1272543754132325,0.0,0.0,0.0,1.0,0.0,0.0
15,185,5.3892645353783735,7.807212726984074,1.0,1.0,1.0,0.0,1.0,0.0
16,185,9.934988481024682,5.5171192628049175,1.0,0.0,0.0,1.0,0.0,0.0
17,185,8.222164375086681,2.026794961025712,0.0,0.0,0.0,0.0,1.0,1.0
18,185,11.748907202962515,4.021903462027605,0.0,1.0,1.0,1.0,1.0,0.0
19,185,6.444349943965834,7.897840370292793,0.0,1.0,0.0,0.0,1.0,0.0
0,190,6.0598947929333,7.406467579941972,0.0,1.0,0.0,0.0,0.0,1.0
1,190,12.0,10.812397231243995,0.0,1.0,0.0,1.0,1.0,0.0
2,190,7.799440303454464,7.265163877637315,0.0,0.0,1.0,0.0,1.0,1.0
3,190,11.572501078770058,5.410274889237509,1.0,0.0,0.0,0.0,0.0,1.0
4,190,4.445677099440461,9.593702376360604,0.0,1.0,1.0,0.0,0.0,0.0
5,190,2.2257436567162685,11.735763738628684,1.0,0.0,0.0,0.0,1.0,1.0
6,190,4.203555944488996,1.571910709692238,0.0,0.0,0.0,1.0,0.0,0.0
7,190,10.060150827630649,8.439418261413186,1.0,0.0,1.0,0.0,0.0,0.0
8,190,6.48552329471622,9.364481949757751,0.0,0.0,0.0,0.0,0.0,0.0
9,190,2.5047665458518678,9.556313423864566,1.0,0.0,0.0,1.0,0.0,1.0
10,190,4.443309777813063,5.943964864987898,0.0,1.0,0.0,1.0,0.0,1.0
11,190,9.510946015379044,9.6045867653069,0.0,0.0,0.0,1.0,1.0,0.0
12,190,4.972233941736799,0.9486239475726728,0.0,0.0,0.0,1.0,0.0,0.0
13,190,1.0280222097800693,11.344482783833348,1.0,0.0,1.0,0.0,0.0,1.0
14,190,10.791439208849203,1.0366934592676396,0.0,0.0,0.0,1.0,0.0,0.0
15,190,5.548773801786191,7.766405362787327,1.0,1.0,1.0,0.0,1.0,0.0
16,190,9.854213914484925,5.38080507678355,1.0,0.0,0.0,1.0,0.0,0.0
17,190,8.225642198663897,2.0807165087017525,0.0,0.0,0.0,0.0,1.0,1.0
18,190,11.848114325494942,3.901791582771494,0.0,1.0,1.0,1.0,1.0,0.0
19,190,6.386088720586926,7.887037430832562,0.0,1.0,0.0,0.0,1.0,0.0
0,195,6.073488685020817,7.462399746552855,0.0,1.0,0.0,0.0,0.0,1.0
1,195,12.0,10.813401667525843,0.0,1.0,0.0,1.0,1.0,0.0
2,195,7.597025471815914,7.39815451716837,0.0,0.0,1.0,0.0,1.0,1.0
3,195,11.646321403693896,5.464300599521338,1.0,0.0,0.0,0.0,0.0,1.0
4,195,4.415683795202462,9.569448784908536,0.0,1.0,1.0,0.0,0.0,0.0
5,195,2.210709829926913,11.736720078939143,1.0,0.0,0.0,0.0,1.0,1.0
6,195,4.203991739762772,1.5733579960050437,0.0,0.0,0.0,1.0,0.0,0.0
7,195,10.129151347208584,8.460376236315097,1.0,0.0,1.0,0.0,0.0,0.0
8,195,6.478399044760431,9.360831503474408,0.0,0.0,0.0,0.0,0.0,0.0
9,195,2.500621771310916,9.542418686500785,1.0,0.0,0.0,1.0,0.0,1.0
10,195,4.444813810764266,5.978596332438946,0.0,1.0,0.0,1.0,0.0,1.0
11,195,9.523326052663071,9.580521180911148,0.0,0.0,0.0,1.0,1.0,0.0
12,195,5.006055792330187,0.9873159818265668,0.0,0.0,0.0,1.0,0.0,0.0
13,195,0.9846773508692604,11.377749429770464,1.0,0.0,1.0,0.0,0.0,1.0
14,195,10.773313169446798,0.9530175586964982,0.0,0.0,0.0,1.0,0.0,0.0
15,195,5.69004490178639,7.728199614433877,1.0,1.0,1.0,0.0,1.0,0.0
16,195,9.775718110807066,5.240925390473248,1.0,0.0,0.0,1.0,0.0,0.0
17,195,8.229680976938445,2.1420274882474524,0.0,0.0,0.0,0.0,1.0,1.0
18,195,11.964169708219648,3.761111931536022,0.0,1.0,1.0,1.0,1.0,0.0
19,195,6.354341630317369,7.881565569986828,0.0,1.0,0.0,0.0,1.0,0.0
0,200,6.085532765070153,7.511281408489553,0.0,1.0,0.0,0.0,0.0,1.0
1,200,12.0,10.812818702581785,0.0,1.0,0.0,1.0,1.0,0.0
2,200,7.398136321626214,7.539340146224152,0.0,0.0,1.0,0.0,1.0,1.0
3,200,11.713505710746748,5.5136004239199385,1.0,0.0,0.0,0.0,0.0,1.0
4,200,4.396363170723693,9.553972116938182,0.0,1.0,1.0,0.0,0.0,0.0
5,200,2.211592644557599,11.754138507806536,1.0,0.0,0.0,0.0,1.0,1.0
6,200,4.202220638615534,1.567449341110517,0.0,0.0,0.0,1.0,0.0,0.0
7,200,10.206655043047418,8.486342990361338,1.0,0.0,1.0,0.0,0.0,0.0
8,200,6.469946869135295,9.356325876115696,0.0,0.0,0.0,0.0,0.0,0.0
9,200,2.4983094520532707,9.533768960742927,1.0,0.0,0.0,1.0,0.0,1.0
10,200,4.447413770737311,6.013289254584367,0.0,1.0,0.0,1.0,0.0,1.0
11,200,9.539541298717682,9.549511951117434,0.0,0.0,0.0,1.0,1.0,0.0
12,200,5.039376503929764,1.0277374787101716,0.0,0.0,0.0,1.0,0.0,0.0
13,200,0.944751282543299,11.40771414966772,1.0,0.0,1.0,0.0,0.0,1.0
14,200,10.75991105725274,0.8852128662677481,0.0,0.0,0.0,1.0,0.0,0.0
15,200,5.813827238152169,7.696440293938055,1.0,1.0,1.0,0.0,1.0,0.0
16,200,9.706373400272732,5.10647833036598,1.0,0.0,0.0,1.0,0.0,0.0
17,200,8.23167319352418,2.1719696396817345,0.0,0.0,0.0,0.0,1.0,1.0
18,200,12.0,3.6138729670018415,0.0,1.0,1.0,1.0,1.0,0.0
19,200,6.321635096431903,7.876064194212788,0.0,1.0,0.0,0.0,1.0,0.0
0,205,6.097881626030851,7.56097452699301,0.0,1.0,0.0,0.0,0.0,1.0
1,205,12.0,10.816729954093589,0.0,1.0,0.0,1.0,1.0,0.0
2,205,7.218755291346609,7.672737845268933,0.0,0.0,1.0,0.0,1.0,1.0
3,205,11.786366658457316,5.56517122755801,1.0,0.0,0.0,0.0,0.0,1.0
4,205,4.4049832936358815,9.543255552388922,0.0,1.0,1.0,0.0,0.0,0.0
5,205,2.211737807034242,11.757884537138809,1.0,0.0,0.0,0.0,1.0,1.0
6,205,4.205473340955899,1.578928251036169,0.0,0.0,0.0,1.0,0.0,0.0
7,205,10.28057573305587,8.510301528645519,1.0,0.0,1.0,0.0,0.0,0.0
8,205,6.4831810982394735,9.36355960914908,0.0,0.0,0.0,0.0,0.0,0.0
9,205,2.4875055934765484,9.492070371329548,1.0,0.0,0.0,1.0,0.0,1.0
10,205,4.449737031702074,6.053592344781782,0.0,1.0,0.0,1.0,0.0,1.0
11,205,9.558839575824267,9.510263304728197,0.0,0.0,0.0,1.0,1.0,0.0
12,205,5.057901678817258,1.050944603055284,0.0,0.0,0.0,1.0,0.0,0.0
13,205,0.9030882996582305,11.439028112945392,1.0,0.0,1.0,0.0,0.0,1.0
14,205,10.743493357735996,0.8104929204506601,0.0,0.0,0.0,1.0,0.0,0.0
15,205,5.918816019064902,7.668583108523087,1.0,1.0,1.0,0.0,1.0,0.0
16,205,9.642190988146728,4.98964388700574,1.0,0.0,0.0,1.0,0.0,0.0
17,205,8.233835964493489,2.207608629714824,0.0,0.0,0.0,0.0,1.0,1.0
18,205,12.0,3.4830608226913053,0.0,1.0,1.0,1.0,1.0,0.0
19,205,6.272899552964244,7.866741994017091,0.0,1.0,0.0,0.0,1.0,0.0
0,210,6.109693945875443,7.607984797223361,0.0,1.0,0.0,0.0,0.0,1.0
1,210,12.0,10.823883234639196,0.0,1.0,0.0,1.0,1.0,0.0
2,210,7.032753115887684,7.810368980154132,0.0,0.0,1.0,0.0,1.0,1.0
3,210,11.854266816556033,5.614065018500123,1.0,0.0,0.0,0.0,0.0,1.0
4,210,4.4080932079661785,9.53945666673598,0.0,1.0,1.0,0.0,0.0,0.0
5,210,2.211589496317961,11.75240392857106,1.0,0.0,0.0,0.0,1.0,1.0
6,210,4.200700725522186,1.5621554324161258,0.0,0.0,0.0,1.0,0.0,0.0
7,210,10.376442444803644,8.53847968668679,1.0,0.0,1.0,0.0,0.0,0.0
8,210,6.494136062591878,9.369687211517029,0.0,0.0,0.0,0.0,0.0,0.0
9,210,2.4739500127191723,9.434813275601416,1.0,0.0,0.0,1.0,0.0,1.0
10,210,4.417649849307318,6.056426266347599,0.0,1.0,0.0,1.0,0.0,1.0
11,210,9.578938343929924,9.464834055407206,0.0,0.0,0.0,1.0,1.0,0.0
12,210,5.085501178532047,1.0848008626712844,0.0,0.0,0.0,1.0,0.0,0.0
13,210,0.8834122398430752,11.454474578355953,1.0,0.0,1.0,0.0,0.0,1.0
14,210,10.734830831865834,0.7694632244066286,0.0,0.0,0.0,1.0,0.0,0.0
15,210,6.029295268997993,7.640298415778645,1.0,1.0,1.0,0.0,1.0,0.0
16,210,9.58324808364038,4.881223476816399,1.0,0.0,0.0,1.0,0.0,0.0
17,210,8.236070642059019,2.2488085681873065,0.0,0.0,0.0,0.0,1.0,1.0
18,210,12.0,3.372110887556098,0.0,1.0,1.0,1.0,1.0,0.0
19,210,6.224241551007653,7.8577984365471805,0.0,1.0,0.0,0.0,1.0,0.0
0,215,6.126732482220008,7.675688529230503,0.0,1.0,0.0,0.0,0.0,1.0
1,215,12.0,10.831755660674077,0.0,1.0,0.0,1.0,1.0,0.0
2,215,6.847568116573996,7.937686486762115,0.0,0.0,1.0,0.0,1.0,1.0
3,215,11.91891046317116,5.662753439284052,1.0,0.0,0.0,0.0,0.0,1.0
4,215,4.420208310441664,9.525038642364285,0.0,1.0,1.0,0.0,0.0,0.0
5,215,2.211214090442392,11.7449366325587,1.0,0.0,0.0,0.0,1.0,1.0
6,215,4.192998201075091,1.5364406679040417,0.0,0.0,0.0,1.0,0.0,0.0
7,215,10.475131657196638,8.570334964401452,1.0,0.0,1.0,0.0,0.0,0.0
8,215,6.490772752913594,9.36785071420987,0.0,0.0,0.0,0.0,0.0,0.0
9,215,2.45970023498623,9.370914583680731,1.0,0.0,0.0,1.0,0.0,1.0
10,215,4.373221309171735,6.06027763140674,0.0,1.0,0.0,1.0,0.0,1.0
11,215,9.598225230242088,9.420038493359888,0.0,0.0,0.0,1.0,1.0,0.0
12,215,5.11186250597948,1.1166787603667572,0.0,0.0,0.0,1.0,0.0,0.0
13,215,0.8644584201868736,11.46978287168756,1.0,0.0,1.0,0.0,0.0,1.0
14,215,10.722345341786928,0.7092569184162357,0.0,0.0,0.0,1.0,0.0,0.0
15,215,6.132387806433092,7.612419199404842,1.0,1.0,1.0,0.0,1.0,0.0
16,215,9.523192586935613,4.771975107194966,1.0,0.0,0.0,1.0,0.0,0.0
17,215,8.238349558143051,2.290231011310513,0.0,0.0,0.0,0.0,1.0,1.0
18,215,11.870929159008442,3.2657692901286195,0.0,1.0,1.0,1.0,1.0,0.0
19,215,6.1828224726465,7.851541648597329,0.0,1.0,0.0,0.0,1.0,0.0
0,220,6.181041939154009,7.66120969911309,0.0,1.0,0.0,0.0,0.0,1.0
1,220,12.0,10.836554347723602,0.0,1.0,0.0,1.0,1.0,0.0
2,220,6.666554291155977,8.057493904136466,0.0,0.0,1.0,0.0,1.0,1.0
3,220,11.968562675852455,5.698849282414696,1.0,0.0,0.0,0.0,0.0,1.0
4,220,4.425933191090564,9.518323819742896,0.0,1.0,1.0,0.0,0.0,0.0
5,220,2.209267520453798,11.707390088214591,1.0,0.0,0.0,0.0,1.0,1.0
6,220,4.191001262559179,1.5297243887940213,0.0,0.0,0.0,1.0,0.0,0.0
7,220,10.543128295295206,8.592048417019948,1.0,0.0,1.0,0.0,0.0,0.0
8,220,6.49325953984863,9.369249305104448,0.0,0.0,0.0,0.0,0.0,0.0
9,220,2.439252414436845,9.283260576676492,1.0,0.0,0.0,1.0,0.0,1.0
10,220,4.35577626341148,6.061639469122492,0.0,1.0,0.0,1.0,0.0,1.0
11,220,9.609019816516687,9.394688337421032,0.0,0.0,0.0,1.0,1.0,0.0
12,220,5.145974291919652,1.159124899120095,0.0,0.0,0.0,1.0,0.0,0.0
13,220,0.8526196216354764,11.478372729344976,1.0,0.0,1.0,0.0,0.0,1.0
14,220,10.709059577624975,0.6517194575016944,0.0,0.0,0.0,1.0,0.0,0.0
15,220,6.249454615661661,7.581249224779043,1.0,1.0,1.0,0.0,1.0,0.0
16,220,9.467423182308952,4.668748599620037,1.0,0.0,0.0,1.0,0.0,0.0
17,220,8.239896309770916,2.324285675008622,0.0,0.0,0.0,0.0,1.0,1.0
18,220,11.774808419542362,3.188182941742088,0.0,1.0,1.0,1.0,1.0,0.0
19,220,6.156186455773871,7.847834024832815,0.0,1.0,0.0,0.0,1.0,0.0
0,225,6.230851588798237,7.649362984880247,0.0,1.0,0.0,0.0,0.0,1.0
1,225,12.0,10.838965475702198,0.0,1.0,0.0,1.0,1.0,0.0
2,225,6.488423180820932,8.17388343126731,0.0,0.0,1.0,0.0,1.0,1.0
3,225,12.0,5.724510088899266,1.0,0.0,0.0,0.0,0.0,1.0
4,225,4.429721307652964,9.513890726989178,0.0,1.0,1.0,0.0,0.0,0.0
5,225,2.2069238967532776,11.669991068002131,1.0,0.0,0.0,0.0,1.0,1.0
6,225,4.195905835970087,1.5459315095227486,0.0,0.0,0.0,1.0,0.0,0.0
7,225,10.602169447760623,8.613743753737554,1.0,0.0,1.0,0.0,0.0,0.0
8,225,6.492257681130228,9.368674550831942,0.0,0.0,0.0,0.0,0.0,0.0
9,225,2.4194316320138527,9.196574315378118,1.0,0.0,0.0,1.0,0.0,1.0
10,225,4.35938004013357,6.061334633281362,0.0,1.0,0.0,1.0,0.0,1.0
11,225,9.622409826216597,9.360641966011944,0.0,0.0,0.0,1.0,1.0,0.0
12,225,5.191723572095809,1.219620997166465,0.0,0.0,0.0,1.0,0.0,0.0
13,225,0.8392840782694221,11.48753118947047,1.0,0.0,1.0,0.0,0.0,1.0
14,225,10.696458949039265,0.5923213671472601,0.0,0.0,0.0,1.0,0.0,0.0
15,225,6.374063472740274,7.548751069554736,1.0,1.0,1.0,0.0,1.0,0.0
16,225,9.41463379716634,4.570038816337966,1.0,0.0,0.0,1.0,0.0,0.0
17,225,8.240568638731279,2.360465031190765,0.0,0.0,0.0,0.0,1.0,1.0
18,225,11.662686661802065,3.0954089983504574,0.0,1.0,1.0,1.0,1.0,0.0
19,225,6.099871869571559,7.841276167810588,0.0,1.0,0.0,0.0,1.0,0.0
0,230,6.279137034239388,7.636962044587613,0.0,1.0,0.0,0.0,0.0,1.0
1,230,12.0,10.840637640149946,0.0,1.0,0.0,1.0,1.0,0.0
2,230,6.322506821475073,8.278799406795223,0.0,0.0,1.0,0.0,1.0,1.0
3,230,12.0,5.762045944881916,1.0,0.0,0.0,0.0,0.0,1.0
4,230,4.427837072749327,9.516067164900742,0.0,1.0,1.0,0.0,0.0,0.0
5,230,2.2040830559675006,11.613927305871089,1.0,0.0,0.0,0.0,1.0,1.0
6,230,4.202319835137162,1.5684203784754422,0.0,0.0,0.0,1.0,0.0,0.0
7,230,10.677904022539224,8.639207451031291,1.0,0.0,1.0,0.0,0.0,0.0
8,230,6.4999172345056335,9.373199206700887,0.0,0.0,0.0,0.0,0.0,0.0
9,230,2.398159172756815,9.093186964665476,1.0,0.0,0.0,1.0,0.0,1.0
10,230,4.354479220850667,6.061692494752648,0.0,1.0,0.0,1.0,0.0,1.0
11,230,9.640350075001397,9.3145586651766,0.0,0.0,0.0,1.0,1.0,0.0
12,230,5.235115091592959,1.2787610800809817,0.0,0.0,0.0,1.0,0.0,0.0
13,230,0.8215491427326062,11.49977844755944,1.0,0.0,1.0,0.0,0.0,1.0
14,230,10.688117677828886,0.5505627892930322,0.0,0.0,0.0,1.0,0.0,0.0
15,230,6.486014690272622,7.517322715484437,1.0,1.0,1.0,0.0,1.0,0.0
16,230,9.366430851590174,4.476160119761551,1.0,0.0,0.0,1.0,0.0,0.0
17,230,8.241928488461442,2.414901672335246,0.0,0.0,0.0,0.0,1.0,1.0
18,230,11.5443357535433,2.9894709144406737,0.0,1.0,1.0,1.0,1.0,0.0
19,230,6.046355785946536,7.83624680499264,0.0,1.0,0.0,0.0,1.0,0.0
0,235,6.316717703139009,7.628760896764525,0.0,1.0,0.0,0.0,0.0,1.0
1,235,12.0,10.841751757986444,0.0,1.0,0.0,1.0,1.0,0.0
2,235,6.155214113330997,8.377646472088172,0.0,0.0,1.0,0.0,1.0,1.0
3,235,12.0,5.7975456540406505,1.0,0.0,0.0,0.0,0.0,1.0
4,235,4.443170035575408,9.497789911198897,0.0,1.0,1.0,0.0,0.0,0.0
5,235,2.202646008890427,11.550428885045935,1.0,0.0,0.0,0.0,1.0,1.0
6,235,4.205194224910191,1.5779460995430017,0.0,0.0,0.0,1.0,0.0,0.0
7,235,10.749645283404965,8.664271952782554,1.0,0.0,1.0,0.0,0.0,0.0
8,235,6.509303290569101,9.378734180926324,0.0,0.0,0.0,0.0,0.0,0.0
9,235,2.375030610410403,8.987540098641688,1.0,0.0,0.0,1.0,0.0,1.0
10,235,4.342987884507036,6.062799105082494,0.0,1.0,0.0,1.0,0.0,1.0
11,235,9.657123056493418,9.270726634510895,0.0,0.0,0.0,1.0,1.0,0.0
12,235,5.296341645497078,1.3610984003019355,0.0,0.0,0.0,1.0,0.0,0.0
13,235,0.8135037579097864,11.505119665921857,1.0,0.0,1.0,0.0,0.0,1.0
14,235,10.67595385369248,0.4920844942276985,0.0,0.0,0.0,1.0,0.0,0.0
15,235,6.591656564758605,7.486189456271089,1.0,1.0,1.0,0.0,1.0,0.0
16,235,9.319515390601024,4.382965388631267,1.0,0.0,0.0,1.0,0.0,0.0
17,235,8.246134002423224,2.4864868798365505,0.0,0.0,0.0,0.0,1.0,1.0
18,235,11.420933330530913,2.880240388570078,0.0,1.0,1.0,1.0,1.0,0.0
19,235,5.986219416754143,7.829462785400683,0.0,1.0,0.0,0.0,1.0,0.0
0,240,6.334460852176371,7.624839385422145,0.0,1.0,0.0,0.0,0.0,1.0
1,240,12.0,10.843203094137984,0.0,1.0,0.0,1.0,1.0,0.0
2,240,5.971211709628866,8.490312547230163,0.0,0.0,1.0,0.0,1.0,1.0
3,240,12.0,5.834325403446948,1.0,0.0,0.0,0.0,0.0,1.0
4,240,4.457800010577617,9.48075879364641,0.0,1.0,1.0,0.0,0.0,0.0
5,240,2.202142819599567,11.48223918215305,1.0,0.0,0.0,0.0,1.0,1.0
6,240,4.213449519008775,1.6084696886315928,0.0,0.0,0.0,1.0,0.0,0.0
7,240,10.812364208720536,8.6856119391628,1.0,0.0,1.0,0.0,0.0,0.0
8,240,6.53310414937699,9.392301653218253,0.0,0.0,0.0,0.0,0.0,0.0
9,240,2.3543338366252637,8.885317125671245,1.0,0.0,0.0,1.0,0.0,1.0
10,240,4.337958314029636,6.063236013165047,0.0,1.0,0.0,1.0,0.0,1.0
11,240,9.670149563338263,9.236005329270672,0.0,0.0,0.0,1.0,1.0,0.0
12,240,5.364521313039565,1.4516693165526076,0.0,0.0,0.0,1.0,0.0,0.0
13,240,0.8150630408373292,11.50405494210055,1.0,0.0,1.0,0.0,0.0,1.0
14,240,10.66944269276089,0.4618424547261275,0.0,0.0,0.0,1.0,0.0,0.0
15,240,6.703491770019057,7.45532572722846,1.0,1.0,1.0,0.0,1.0,0.0
16,240,9.26083593574512,4.263359130441596,1.0,0.0,0.0,1.0,0.0,0.0
17,240,8.251185110050553,2.5582417851889905,0.0,0.0,0.0,0.0,1.0,1.0
18,240,11.315886355471203,2.7854061347781376,0.0,1.0,1.0,1.0,1.0,0.0
19,240,5.922454608550119,7.824185049661011,0.0,1.0,0.0,0.0,1.0,0.0
0,245,6.369764380177003,7.61752345087362,0.0,1.0,0.0,0.0,0.0,1.0
1,245,12.0,10.844191918241805,0.0,1.0,0.0,1.0,1.0,0.0
2,245,5.786472966303958,8.607977182838038,0.0,0.0,1.0,0.0,1.0,1.0
3,245,12.0,5.8748710554900825,1.0,0.0,0.0,0.0,0.0,1.0
4,245,4.464776106300593,9.472582922122488,0.0,1.0,1.0,0.0,0.0,0.0
5,245,2.202537106384244,11.410128348103926,1.0,0.0,0.0,0.0,1.0,1.0
6,245,4.2211709238342445,1.6402260289218875,0.0,0.0,0.0,1.0,0.0,0.0
7,245,10.889963516357398,8.709822165971612,1.0,0.0,1.0,0.0,0.0,0.0
8,245,6.527437613845736,9.38912631376891,0.0,0.0,0.0,0.0,0.0,0.0
9,245,2.333924684131631,8.778264785429721,1.0,0.0,0.0,1.0,0.0,1.0
10,245,4.354868988939988,6.061992790622946,0.0,1.0,0.0,1.0,0.0,1.0
11,245,9.685690312889893,9.195371152102988,0.0,0.0,0.0,1.0,1.0,0.0
12,245,5.4210838804853125,1.5268018026391,0.0,0.0,0.0,1.0,0.0,0.0
13,245,0.8054307371410923,11.510608875185351,1.0,0.0,1.0,0.0,0.0,1.0
14,245,10.661936948481712,0.4263708215838656,0.0,0.0,0.0,1.0,0.0,0.0
15,245,6.812038468111924,7.423121007639996,1.0,1.0,1.0,0.0,1.0,0.0
16,245,9.192424120914929,4.125850964241399,1.0,0.0,0.0,1.0,0.0,0.0
17,245,8.254585035061895,2.622850178515864,0.0,0.0,0.0,0.0,1.0,1.0
18,245,11.203101732819214,2.677586217396646,0.0,1.0,1.0,1.0,1.0,0.0
19,245,5.8497916278205135,7.818714552364413,0.0,1.0,0.0,0.0,1.0,0.0
0,250,6.387415253260216,7.613456410002934,0.0,1.0,0.0,0.0,0.0,1.0
1,250,12.0,10.845781865974525,0.0,1.0,0.0,1.0,1.0,0.0
2,250,5.591164614395937,8.731348701283466,0.0,0.0,1.0,0.0,1.0,1.0
3,250,12.0,5.9087176144053,1.0,0.0,0.0,0.0,0.0,1.0
4,250,4.470976999773371,9.465549120617371,0.0,1.0,1.0,0.0,0.0,0.0
5,250,2.200578218845662,11.3300160919064,1.0,0.0,0.0,0.0,1.0,1.0
6,250,4.22583488550257,1.6608699219697485,0.0,0.0,0.0,1.0,0.0,0.0
7,250,10.963993198805005,8.73342915684803,1.0,0.0,1.0,0.0,0.0,0.0
8,250,6.510844761413059,9.379851467558916,0.0,0.0,0.0,0.0,0.0,0.0
9,250,2.314758342953401,8.679484575997197,1.0,0.0,0.0,1.0,0.0,1.0
10,250,4.365034514277043,6.060974904736272,0.0,1.0,0.0,1.0,0.0,1.0
11,250,9.705817880402712,9.140096579640527,0.0,0.0,0.0,1.0,1.0,0.0
12,250,5.476186594230362,1.5960099435155026,0.0,0.0,0.0,1.0,0.0,0.0
13,250,0.7966110176749984,11.516552910525563,1.0,0.0,1.0,0.0,0.0,1.0
14,250,10.648977645877906,0.3620053114330104,0.0,0.0,0.0,1.0,0.0,0.0
15,250,6.931941834796736,7.387320188341186,1.0,1.0,1.0,0.0,1.0,0.0
16,250,9.131925269796763,4.005761275299903,1.0,0.0,0.0,1.0,0.0,0.0
17,250,8.259173185917396,2.6979396449316986,0.0,0.0,0.0,0.0,1.0,1.0
18,250,11.08691331744564,2.564576915919897,0.0,1.0,1.0,1.0,1.0,0.0
19,250,5.763618920764677,7.810659733158616,0.0,1.0,0.0,0.0,1.0,0.0
0,255,6.380164886539275,7.615249170519951,0.0,1.0,0.0,0.0,0.0,1.0
1,255,12.0,10.849469273881876,0.0,1.0,0.0,1.0,1.0,0.0
2,255,5.400143964673405,8.857913456056803,0.0,0.0,1.0,0.0,1.0,1.0
3,255,12.0,5.94371648413157,1.0,0.0,0.0,0.0,0.0,1.0
4,255,4.470022461492445,9.46667310287887,0.0,1.0,1.0,0.0,0.0,0.0
5,255,2.1991860300470663,11.258031388781088,1.0,0.0,0.0,0.0,1.0,1.0
6,255,4.23671424203525,1.7044180940208111,0.0,0.0,0.0,1.0,0.0,0.0
7,255,11.064234170742536,8.768900918616579,1.0,0.0,1.0,0.0,0.0,0.0
8,255,6.513636922998932,9.38145863089645,0.0,0.0,0.0,0.0,0.0,0.0
9,255,2.2977788614443044,8.591779367488208,1.0,0.0,0.0,1.0,0.0,1.0
10,255,4.375585572122318,6.05978009876388,0.0,1.0,0.0,1.0,0.0,1.0
11,255,9.723404325199065,9.091991040043805,0.0,0.0,0.0,1.0,1.0,0.0
12,255,5.53700981896103,1.6686033365252355,0.0,0.0,0.0,1.0,0.0,0.0
13,255,0.7710996780519354,11.535287294376408,1.0,0.0,1.0,0.0,0.0,1.0
14,255,10.629307256090094,0.2525775123670671,0.0,0.0,0.0,1.0,0.0,0.0
15,255,7.045785727940112,7.351845072211783,1.0,1.0,1.0,0.0,1.0,0.0
16,255,9.081263594708917,3.8962996369518175,1.0,0.0,0.0,1.0,0.0,0.0
17,255,8.264629972759124,2.7534864045649488,0.0,0.0,0.0,0.0,1.0,1.0
18,255,10.95723820505002,2.44428666571508,0.0,1.0,1.0,1.0,1.0,0.0
19,255,5.670163178743214,7.803847020803394,0.0,1.0,0.0,0.0,1.0,0.0
0,260,6.3947749187433685,7.611798567782506,0.0,1.0,0.0,0.0,0.0,1.0
1,260,12.0,10.852726882297643,0.0,1.0,0.0,1.0,1.0,0.0
2,260,5.209932519752154,8.977461740577258,0.0,0.0,1.0,0.0,1.0,1.0
3,260,12.0,5.968814741494165,1.0,0.0,0.0,0.0,0.0,1.0
4,260,4.4718420110808434,9.464520215820851,0.0,1.0,1.0,0.0,0.0,0.0
5,260,2.1969802137312597,11.176674791160696,1.0,0.0,0.0,0.0,1.0,1.0
6,260,4.246571270354931,1.7389965372677898,0.0,0.0,0.0,1.0,0.0,0.0
7,260,11.179159229407547,8.812263188485947,1.0,0.0,1.0,0.0,0.0,0.0
8,260,6.493379757397719,9.370438752116849,0.0,0.0,0.0,0.0,0.0,0.0
9,260,2.2825919215104804,8.51476537963083,1.0,0.0,0.0,1.0,0.0,1.0
10,260,4.39319546753113,6.05774446882013,0.0,1.0,0.0,1.0,0.0,1.0
11,260,9.751051862629158,9.017319531490232,0.0,0.0,0.0,1.0,1.0,0.0
12,260,5.605019368423639,1.7489779224604516,0.0,0.0,0.0,1.0,0.0,0.0
13,260,0.7653536929500272,11.53944211354765,1.0,0.0,1.0,0.0,0.0,1.0
14,260,10.613088628964986,0.1641909968498157,0.0,0.0,0.0,1.0,0.0,0.0
15,260,7.170891998982875,7.315764087783984,1.0,1.0,1.0,0.0,1.0,0.0
16,260,9.02711277500587,3.77851084848801,1.0,0.0,0.0,1.0,0.0,0.0
17,260,8.27253452327966,2.821265720706557,0.0,0.0,0.0,0.0,1.0,1.0
18,260,10.837495332845709,2.337315013614765,0.0,1.0,1.0,1.0,1.0,0.0
19,260,5.565996941445891,7.794812499597577,0.0,1.0,0.0,0.0,1.0,0.0
0,265,6.394672896493193,7.6118245503474355,0.0,1.0,0.0,0.0,0.0,1.0
1,265,12.0,10.855352339451878,0.0,1.0,0.0,1.0,1.0,0.0
2,265,5.031368845898877,9.089831311703128,0.0,0.0,1.0,0.0,1.0,1.0
3,265,12.0,6.000384081014446,1.0,0.0,0.0,0.0,0.0,1.0
4,265,4.477622739943604,9.457483785338905,0.0,1.0,1.0,0.0,0.0,0.0
5,265,2.2787753208928225,11.175292781399058,1.0,0.0,0.0,0.0,1.0,1.0
6,265,4.251657716580335,1.7557752543163958,0.0,0.0,0.0,1.0,0.0,0.0
7,265,11.29451706488712,8.854631940946867,1.0,0.0,1.0,0.0,0.0,0.0
8,265,6.500020355644452,9.373789386829957,0.0,0.0,0.0,0.0,0.0,0.0
9,265,2.265997579671678,8.431002584086604,1.0,0.0,0.0,1.0,0.0,1.0
10,265,4.41078082658903,6.056296941501255,0.0,1.0,0.0,1.0,0.0,1.0
11,265,9.786599158892743,8.920684580232033,0.0,0.0,0.0,1.0,1.0,0.0
12,265,5.672411759077087,1.8329989596703975,0.0,0.0,0.0,1.0,0.0,0.0
13,265,0.7661398733839697,11.540561721781051,1.0,0.0,1.0,0.0,0.0,1.0
14,265,10.599523162078116,0.0929300249148707,0.0,0.0,0.0,1.0,0.0,0.0
15,265,7.324886121630451,7.2706253017166995,1.0,1.0,1.0,0.0,1.0,0.0
16,265,8.978518925453773,3.671696384360642,1.0,0.0,0.0,1.0,0.0,0.0
17,265,8.284482944305234,2.9087233333448954,0.0,0.0,0.0,0.0,1.0,1.0
18,265,10.71114898344913,2.2245738766027623,0.0,1.0,1.0,1.0,1.0,0.0
19,265,5.455163348300879,7.781733298643205,0.0,1.0,0.0,0.0,1.0,0.0
0,270,6.39340943867026,7.612146078005706,0.0,1.0,0.0,0.0,0.0,1.0
1,270,12.0,10.85714339047212,0.0,1.0,0.0,1.0,1.0,0.0
2,270,4.85378204542508,9.204645151262906,0.0,0.0,1.0,0.0,1.0,1.0
3,270,12.0,6.013891144008917,1.0,0.0,0.0,0.0,0.0,1.0
4,270,4.49651018183818,9.435107518083823,0.0,1.0,1.0,0.0,0.0,0.0
5,270,2.369626062232664,11.17369980445594,1.0,0.0,0.0,0.0,1.0,1.0
6,270,4.2559732174646605,1.769528944724889,0.0,0.0,0.0,1.0,0.0,0.0
7,270,11.412760182177106,8.897443301666012,1.0,0.0,1.0,0.0,0.0,0.0
8,270,6.49201904936246,9.369979447845148,0.0,0.0,0.0,0.0,0.0,0.0
9,270,2.251256629856454,8.356906173161583,1.0,0.0,0.0,1.0,0.0,1.0
10,270,4.423083706225971,6.055463079874367,0.0,1.0,0.0,1.0,0.0,1.0
11,270,9.811051164127704,8.848351799021803,0.0,0.0,0.0,1.0,1.0,0.0
12,270,5.739390310927666,1.9173658605614123,0.0,0.0,0.0,1.0,0.0,0.0
13,270,0.7706076436591017,11.547058060195225,1.0,0.0,1.0,0.0,0.0,1.0
14,270,10.583194086967213,0.0081413471738593,0.0,0.0,0.0,1.0,0.0,0.0
15,270,7.484851505891529,7.224667599075576,1.0,1.0,1.0,0.0,1.0,0.0
16,270,8.931372271288227,3.563752094878873,1.0,0.0,0.0,1.0,0.0,0.0
17,270,8.299268868141642,3.011248472343704,0.0,0.0,0.0,0.0,1.0,1.0
18,270,10.57316192313066,2.100186962383013,0.0,1.0,1.0,1.0,1.0,0.0
19,270,5.375619393474158,7.771555762622721,0.0,1.0,0.0,0.0,1.0,0.0
0,275,6.403282086563156,7.609929470093141,0.0,1.0,0.0,0.0,0.0,1.0
1,275,12.0,10.86032021341356,0.0,1.0,0.0,1.0,1.0,0.0
2,275,4.66698563067776,9.32310644396518,0.0,0.0,1.0,0.0,1.0,1.0
3,275,12.0,6.01750502364492,1.0,0.0,0.0,0.0,0.0,1.0
4,275,4.516865133794171,9.41031173083654,0.0,1.0,1.0,0.0,0.0,0.0
5,275,2.459004862285373,11.171852603393004,1.0,0.0,0.0,0.0,1.0,1.0
6,275,4.25550928048101,1.7679804460947193,0.0,0.0,0.0,1.0,0.0,0.0
7,275,11.541872995719388,8.940757833190283,1.0,0.0,1.0,0.0,0.0,0.0
8,275,6.480895986049944,9.364580893825648,0.0,0.0,0.0,0.0,0.0,0.0
9,275,2.2353774701734426,8.28279526070426,1.0,0.0,0.0,1.0,0.0,1.0
10,275,4.4295890800951385,6.055045600736766,0.0,1.0,0.0,1.0,0.0,1.0
11,275,9.833327453207035,8.787004384966142,0.0,0.0,0.0,1.0,1.0,0.0
12,275,5.810471744606396,2.0082544995872733,0.0,0.0,0.0,1.0,0.0,0.0
13,275,0.7846828266749752,11.567936538275696,1.0,0.0,1.0,0.0,0.0,1.0
14,275,10.562921707042127,0.0,0.0,0.0,0.0,1.0,0.0,0.0
15,275,7.651514707327281,7.178886137354319,1.0,1.0,1.0,0.0,1.0,0.0
16,275,8.882144700534917,3.45704545454473,1.0,0.0,0.0,1.0,0.0,0.0
17,275,8.313551572942595,3.09729316920512,0.0,0.0,0.0,0.0,1.0,1.0
18,275,10.443133112119916,1.987160279340226,0.0,1.0,1.0,1.0,1.0,0.0
19,275,5.290388496507271,7.761141166879754,0.0,1.0,0.0,0.0,1.0,0.0
0,280,6.407020920428886,7.609016841240165,0.0,1.0,0.0,0.0,0.0,1.0
1,280,12.0,10.861921222652962,0.0,1.0,0.0,1.0,1.0,0.0
2,280,4.488438181741802,9.44303726371752,0.0,0.0,1.0,0.0,1.0,1.0
3,280,11.990698333222454,6.01071451158445,1.0,0.0,0.0,0.0,0.0,1.0
4,280,4.548386141607645,9.373756827847515,0.0,1.0,1.0,0.0,0.0,0.0
5,280,2.5494417982538278,11.170781616497989,1.0,0.0,0.0,0.0,1.0,1.0
6,280,4.255595475047005,1.768275710061676,0.0,0.0,0.0,1.0,0.0,0.0
7,280,11.67471895637518,8.983366785342294,1.0,0.0,1.0,0.0,0.0,0.0
8,280,6.47666359012836,9.362524193404726,0.0,0.0,0.0,0.0,0.0,0.0
9,280,2.2164397022848146,8.200981484342948,1.0,0.0,0.0,1.0,0.0,1.0
10,280,4.426052982275124,6.055281185466208,0.0,1.0,0.0,1.0,0.0,1.0
11,280,9.84922412323286,8.741659991742797,0.0,0.0,0.0,1.0,1.0,0.0
12,280,5.878559713537335,2.0994917209492003,0.0,0.0,0.0,1.0,0.0,0.0
13,280,0.8041363543435011,11.596593923598212,1.0,0.0,1.0,0.0,0.0,1.0
14,280,10.545427970841812,0.0,0.0,0.0,0.0,1.0,0.0,0.0
15,280,7.821942390059736,7.135677810782591,1.0,1.0,1.0,0.0,1.0,0.0
16,280,8.834017486416066,3.355082138767204,1.0,0.0,0.0,1.0,0.0,0.0
17,280,8.325310442812082,3.1691877890157216,0.0,0.0,0.0,0.0,1.0,1.0
18,280,10.316379159000611,1.875542389474366,0.0,1.0,1.0,1.0,1.0,0.0
19,280,5.190882170790171,7.747736791888672,0.0,1.0,0.0,0.0,1.0,0.0
0,285,6.408650021382477,7.608638469324148,0.0,1.0,0.0,0.0,0.0,1.0
1,285,12.0,10.865362025059966,0.0,1.0,0.0,1.0,1.0,0.0
2,285,4.330465903846042,9.554184777775474,0.0,0.0,1.0,0.0,1.0,1.0
3,285,11.966902907846375,5.993033359925875,1.0,0.0,0.0,0.0,0.0,1.0
4,285,4.572382470073553,9.34650958285624,0.0,1.0,1.0,0.0,0.0,0.0
5,285,2.6641675068487904,11.168685645132042,1.0,0.0,0.0,0.0,1.0,1.0
6,285,4.251993819117625,1.7554925756931137,0.0,0.0,0.0,1.0,0.0,0.0
7,285,11.822386163971627,9.0268101573829,1.0,0.0,1.0,0.0,0.0,0.0
8,285,6.47674916679678,9.362563416629165,0.0,0.0,0.0,0.0,0.0,0.0
9,285,2.194879554619831,8.118414352711888,1.0,0.0,0.0,1.0,0.0,1.0
10,285,4.436033576179255,6.054403844215031,0.0,1.0,0.0,1.0,0.0,1.0
11,285,9.86024346861125,8.71245782589666,0.0,0.0,0.0,1.0,1.0,0.0
12,285,5.942674313389772,2.185772793468307,0.0,0.0,0.0,1.0,0.0,0.0
13,285,0.8159246464063403,11.61337463764934,1.0,0.0,1.0,0.0,0.0,1.0
14,285,10.527151368653598,0.0,0.0,0.0,0.0,1.0,0.0,0.0
15,285,7.984696254261071,7.095581224900185,1.0,1.0,1.0,0.0,1.0,0.0
16,285,8.771110604063644,3.22320070739892,1.0,0.0,0.0,1.0,0.0,0.0
17,285,8.335156685281978,3.2234038565161014,0.0,0.0,0.0,0.0,1.0,1.0
18,285,10.183216915911848,1.7621888912054944,0.0,1.0,1.0,1.0,1.0,0.0
19,285,5.078290005700209,7.732290460923002,0.0,1.0,0.0,0.0,1.0,0.0
0,290,6.403086523036582,7.60990980779561,0.0,1.0,0.0,0.0,0.0,1.0
1,290,12.0,10.869137153671408,0.0,1.0,0.0,1.0,1.0,0.0
2,290,4.175712763922265,9.657849251713568,0.0,0.0,1.0,0.0,1.0,1.0
3,290,11.955199152115796,5.984714457976914,1.0,0.0,0.0,0.0,0.0,1.0
4,290,4.602503353044908,9.31225810315916,0.0,1.0,1.0,0.0,0.0,0.0
5,290,2.774751498293462,11.168420914399942,1.0,0.0,0.0,0.0,1.0,1.0
6,290,4.243772342485432,1.725524539850771,0.0,0.0,0.0,1.0,0.0,0.0
7,290,11.949532131195063,9.062072546253033,1.0,0.0,1.0,0.0,0.0,0.0
8,290,6.488086299770871,9.367675308781518,0.0,0.0,0.0,0.0,0.0,0.0
9,290,2.172861066117576,8.044385269836503,1.0,0.0,0.0,1.0,0.0,1.0
10,290,4.441721145032914,6.053906134731315,0.0,1.0,0.0,1.0,0.0,1.0
11,290,9.886214126771186,8.642362090592846,0.0,0.0,0.0,1.0,1.0,0.0
12,290,5.992875717192777,2.248825330904454,0.0,0.0,0.0,1.0,0.0,0.0
13,290,0.8157611437041635,11.613125149070664,1.0,0.0,1.0,0.0,0.0,1.0
14,290,10.507313159217626,0.0,0.0,0.0,0.0,1.0,0.0,0.0
15,290,8.13827241564157,7.058297178980283,1.0,1.0,1.0,0.0,1.0,0.0
16,290,8.705403185527638,3.087008381018216,1.0,0.0,0.0,1.0,0.0,0.0
17,290,8.342649191551198,3.263187903557973,0.0,0.0,0.0,0.0,1.0,1.0
18,290,10.04344839859878,1.6459904469180895,0.0,1.0,1.0,1.0,1.0,0.0
19,290,4.9774021712719065,7.722562862746106,0.0,1.0,0.0,0.0,1.0,0.0
0,295,6.404599358805845,7.609549097792914,0.0,1.0,0.0,0.0,0.0,1.0
1,295,12.0,10.877250194084628,0.0,1.0,0.0,1.0,1.0,0.0
2,295,4.002688428487697,9.768082279885896,0.0,0.0,1.0,0.0,1.0,1.0
3,295,11.958415867971333,5.987059735931089,1.0,0.0,0.0,0.0,0.0,1.0
4,295,4.6234191632736135,9.28793892298889,0.0,1.0,1.0,0.0,0.0,0.0
5,295,2.880804784807164,11.1688584267921,1.0,0.0,0.0,0.0,1.0,1.0
6,295,4.234220315751764,1.6843610618410252,0.0,0.0,0.0,1.0,0.0,0.0
7,295,12.0,9.094077862993512,1.0,0.0,1.0,0.0,0.0,0.0
8,295,6.478975978350599,9.36356921952719,0.0,0.0,0.0,0.0,0.0,0.0
9,295,2.1508911749516404,7.972062219187538,1.0,0.0,0.0,1.0,0.0,1.0
10,295,4.449172424390333,6.053164554998908,0.0,1.0,0.0,1.0,0.0,1.0
11,295,9.908553745173508,8.583241815450114,0.0,0.0,0.0,1.0,1.0,0.0
12,295,6.040702343764154,2.310198872886464,0.0,0.0,0.0,1.0,0.0,0.0
13,295,0.8122549985434003,11.607499029410391,1.0,0.0,1.0,0.0,0.0,1.0
14,295,10.488420651269546,0.0,0.0,0.0,0.0,1.0,0.0,0.0
15,295,8.278616014983633,7.0232926099893085,1.0,1.0,1.0,0.0,1.0,0.0
16,295,8.64367366882959,2.955513128540036,1.0,0.0,0.0,1.0,0.0,0.0
17,295,8.354263588331834,3.3176690959776973,0.0,0.0,0.0,0.0,1.0,1.0
18,295,9.900169950023365,1.5277411185367278,0.0,1.0,1.0,1.0,1.0,0.0
19,295,4.8417051843524606,7.709151725278241,0.0,1.0,0.0,0.0,1.0,0.0
