0,0,7.960037679084534,0.0355446982251299,0.0,0.0,1.0,0.0,1.0,0.0
1,0,1.956518752842041,9.010486577415673,1.0,0.0,1.0,0.0,1.0,1.0
2,0,9.950227160968156,10.99586884530537,1.0,1.0,0.0,0.0,0.0,0.0
3,0,9.961366016227704,6.993089532111282,0.0,0.0,1.0,0.0,0.0,0.0
4,0,12.0,4.075288987804759,0.0,0.0,0.0,0.0,0.0,0.0
5,0,10.05222905883636,2.9612916773792524,0.0,1.0,0.0,0.0,1.0,1.0
6,0,0.9644216174813708,0.942515994548947,0.0,1.0,0.0,0.0,0.0,1.0
7,0,9.987518484003616,12.0,0.0,1.0,0.0,1.0,0.0,1.0
8,0,6.013282948667863,8.057969935695281,0.0,1.0,0.0,1.0,0.0,1.0
9,0,11.973646403407354,0.9624605762014996,0.0,1.0,0.0,1.0,1.0,1.0
10,0,12.0,6.973058683999771,1.0,0.0,1.0,0.0,0.0,0.0
11,0,8.069312180787941,10.99895727570632,0.0,0.0,1.0,1.0,1.0,1.0
12,0,3.063393858966903,6.993524218864241,0.0,0.0,0.0,0.0,0.0,0.0
13,0,9.987929135857588,11.964054488999038,0.0,0.0,1.0,0.0,0.0,1.0
14,0,11.941716475480462,9.965488618187903,1.0,0.0,0.0,1.0,0.0,0.0
15,0,9.074847261661658,1.0019247818130692,1.0,0.0,0.0,0.0,1.0,0.0
16,0,9.972762757455351,10.962915010932663,0.0,0.0,0.0,0.0,0.0,1.0
17,0,10.0057411252463,6.060431693037585,1.0,0.0,0.0,0.0,1.0,1.0
18,0,7.952709048508357,10.94218911876753,1.0,1.0,0.0,0.0,0.0,0.0
19,0,11.982226624400113,6.037929077278244,0.0,0.0,0.0,0.0,0.0,0.0
0,5,7.916855954480502,0.0740532041576326,0.0,0.0,1.0,0.0,1.0,0.0
1,5,1.9234028449805305,9.01851480320632,1.0,0.0,1.0,0.0,1.0,1.0
2,5,9.888111943750085,10.991764238720345,1.0,1.0,0.0,0.0,0.0,0.0
3,5,9.914574473876469,6.9857055480916985,0.0,0.0,1.0,0.0,0.0,0.0
4,5,12.0,4.184017956479854,0.0,0.0,0.0,0.0,0.0,0.0
5,5,10.081376543576903,2.939729083029777,0.0,1.0,0.0,0.0,1.0,1.0
6,5,0.926490186203996,0.8831729984575172,0.0,1.0,0.0,0.0,0.0,1.0
7,5,9.982037608263605,12.0,0.0,1.0,0.0,1.0,0.0,1.0
8,5,6.030949845098346,8.134908052866262,0.0,1.0,0.0,1.0,0.0,1.0
9,5,11.939252464020738,0.9148287543893864,0.0,1.0,0.0,1.0,1.0,1.0
10,5,12.0,6.952175933621169,1.0,0.0,1.0,0.0,0.0,0.0
11,5,8.130317422956459,10.998349755443224,0.0,0.0,1.0,1.0,1.0,1.0
12,5,3.118646021925714,6.987288037090743,0.0,0.0,0.0,0.0,0.0,0.0
13,5,9.980464162542754,11.940941216773211,0.0,0.0,1.0,0.0,0.0,1.0
14,5,11.8618667287349,9.917580664270814,1.0,0.0,0.0,1.0,0.0,0.0
15,5,9.123665827538654,1.0025586263082795,1.0,0.0,0.0,0.0,1.0,0.0
16,5,9.942145926631786,10.919463389807678,0.0,0.0,0.0,0.0,0.0,1.0
17,5,10.010109549107012,6.102170365211657,1.0,0.0,0.0,0.0,1.0,1.0
18,5,7.909411456886761,10.88777101971418,1.0,1.0,0.0,0.0,0.0,0.0
19,5,11.960744840902246,6.082134813457161,0.0,0.0,0.0,0.0,0.0,0.0
0,10,7.872853490104235,0.1118737759087599,0.0,0.0,1.0,0.0,1.0,0.0
1,10,1.9229554689385635,9.018623328824988,1.0,0.0,1.0,0.0,1.0,1.0
2,10,9.83538564492137,10.98867217835022,1.0,1.0,0.0,0.0,0.0,0.0
3,10,9.869393176639663,6.978785927885417,0.0,0.0,1.0,0.0,0.0,0.0
4,10,12.0,4.30145567496927,0.0,0.0,0.0,0.0,0.0,0.0
5,10,10.108343924983332,2.9204901802776138,0.0,1.0,0.0,0.0,1.0,1.0
6,10,0.8742094888261802,0.7977346485868828,0.0,1.0,0.0,0.0,0.0,1.0
7,10,9.97751274050055,12.0,0.0,1.0,0.0,1.0,0.0,1.0
8,10,6.052710654660396,8.22622798542333,0.0,1.0,0.0,1.0,0.0,1.0
9,10,11.890449974399424,0.8480911266616602,0.0,1.0,0.0,1.0,1.0,1.0
10,10,12.0,6.927806557577038,1.0,0.0,1.0,0.0,0.0,0.0
11,10,8.16862556156145,10.997749977353005,0.0,0.0,1.0,1.0,1.0,1.0
12,10,3.1795644572885804,6.982721980803877,0.0,0.0,0.0,0.0,0.0,0.0
13,10,9.97789623642538,11.932781987639984,0.0,0.0,1.0,0.0,0.0,1.0
14,10,11.770451883362332,9.861599045474712,1.0,0.0,0.0,1.0,0.0,0.0
15,10,9.16706386933247,1.0034826518018882,1.0,0.0,0.0,0.0,1.0,0.0
16,10,9.90848704208525,10.871535551654622,0.0,0.0,0.0,0.0,0.0,1.0
17,10,10.01647900627291,6.154639324973783,1.0,0.0,0.0,0.0,1.0,1.0
18,10,7.854766173368973,10.817147068678086,1.0,1.0,0.0,0.0,0.0,0.0
19,10,11.949572014913974,6.104264534387176,0.0,0.0,0.0,0.0,0.0,0.0
0,15,7.825834612975159,0.1529520968216295,0.0,0.0,1.0,0.0,1.0,0.0
1,15,1.924458932018496,9.018250557664,1.0,0.0,1.0,0.0,1.0,1.0
2,15,9.789517563858409,10.98515907576766,1.0,1.0,0.0,0.0,0.0,0.0
3,15,9.803368956005844,6.967960827353612,0.0,0.0,1.0,0.0,0.0,0.0
4,15,12.0,4.404818175534983,0.0,0.0,0.0,0.0,0.0,0.0
5,15,10.134732104729435,2.9007981993688583,0.0,1.0,0.0,0.0,1.0,1.0
6,15,0.8169880704447905,0.7055520625191738,0.0,1.0,0.0,0.0,0.0,1.0
7,15,9.970803073788458,12.0,0.0,1.0,0.0,1.0,0.0,1.0
8,15,6.072397734967663,8.312177528258024,0.0,1.0,0.0,1.0,0.0,1.0
9,15,11.844147217420376,0.7871251109475723,0.0,1.0,0.0,1.0,1.0,1.0
10,15,12.0,6.8981619607304525,1.0,0.0,1.0,0.0,0.0,0.0
11,15,8.204316143143084,10.99769430233845,0.0,0.0,1.0,1.0,1.0,1.0
12,15,3.235910639218235,6.979913266409662,0.0,0.0,0.0,0.0,0.0,0.0
13,15,9.979615521304453,11.93832397182025,0.0,0.0,1.0,0.0,0.0,1.0
14,15,11.675035059410076,9.802007540226066,1.0,0.0,0.0,1.0,0.0,0.0
15,15,9.20669230330523,1.0048520993251842,1.0,0.0,0.0,0.0,1.0,0.0
16,15,9.87206390793644,10.819294583215452,0.0,0.0,0.0,0.0,0.0,1.0
17,15,10.021712387012322,6.196221265247165,1.0,0.0,0.0,0.0,1.0,1.0
18,15,7.804847254973759,10.752022824749371,1.0,1.0,0.0,0.0,0.0,0.0
19,15,11.942256317426422,6.119269613950707,0.0,0.0,0.0,0.0,0.0,0.0
0,20,7.782853990482911,0.190725014451262,0.0,0.0,1.0,0.0,1.0,0.0
1,20,1.944821970713709,9.013267097528384,1.0,0.0,1.0,0.0,1.0,1.0
2,20,9.756223487791454,10.982886908118155,1.0,1.0,0.0,0.0,0.0,0.0
3,20,9.744638278428877,6.957884248691858,0.0,0.0,1.0,0.0,0.0,0.0
4,20,12.0,4.513721679783583,0.0,0.0,0.0,0.0,0.0,0.0
5,20,10.166256609469851,2.8771264518262605,0.0,1.0,0.0,0.0,1.0,1.0
6,20,0.7569378144614767,0.5977677074200424,0.0,1.0,0.0,0.0,0.0,1.0
7,20,9.968306728159758,12.0,0.0,1.0,0.0,1.0,0.0,1.0
8,20,6.090209938429734,8.396161743691295,0.0,1.0,0.0,1.0,0.0,1.0
9,20,11.78616519823104,0.7138047039643346,0.0,1.0,0.0,1.0,1.0,1.0
10,20,12.0,6.863487343637981,1.0,0.0,1.0,0.0,0.0,0.0
11,20,8.253309669037735,10.996656618757754,0.0,0.0,1.0,1.0,1.0,1.0
12,20,3.3031114604520684,6.976194560616699,0.0,0.0,0.0,0.0,0.0,0.0
13,20,9.97967340318129,11.938497085262313,0.0,0.0,1.0,0.0,0.0,1.0
14,20,11.582402335787732,9.745017648308092,1.0,0.0,0.0,1.0,0.0,0.0
15,20,9.254393029494205,1.0065454297351288,1.0,0.0,0.0,0.0,1.0,0.0
16,20,9.844992243328376,10.780743966978005,0.0,0.0,0.0,0.0,0.0,1.0
17,20,10.0243716088199,6.220469892845569,1.0,0.0,0.0,0.0,1.0,1.0
18,20,7.74475028740216,10.675484136739769,1.0,1.0,0.0,0.0,0.0,0.0
19,20,11.929330715925238,6.144104237960428,0.0,0.0,0.0,0.0,0.0,0.0
0,25,7.731100415550237,0.2344215749385822,0.0,0.0,1.0,0.0,1.0,0.0
1,25,1.9524917893612088,9.01140642487539,1.0,0.0,1.0,0.0,1.0,1.0
2,25,9.703005077307248,10.980389222882028,1.0,1.0,0.0,0.0,0.0,0.0
3,25,9.700585204891151,6.949954978661825,0.0,0.0,1.0,0.0,0.0,0.0
4,25,12.0,4.61678876458559,0.0,0.0,0.0,0.0,0.0,0.0
5,25,10.168207839985143,2.8756796589236227,0.0,1.0,0.0,0.0,1.0,1.0
6,25,0.7000784286991601,0.4996370524068658,0.0,1.0,0.0,0.0,0.0,1.0
7,25,9.967297691366412,12.0,0.0,1.0,0.0,1.0,0.0,1.0
8,25,6.115745591703431,8.50750677598486,0.0,1.0,0.0,1.0,0.0,1.0
9,25,11.721635700100386,0.6337355840683954,0.0,1.0,0.0,1.0,1.0,1.0
10,25,12.0,6.826743771994922,1.0,0.0,1.0,0.0,0.0,0.0
11,25,8.295276911044313,10.99607146611768,0.0,0.0,1.0,1.0,1.0,1.0
12,25,3.348197717398388,6.973374934199724,0.0,0.0,0.0,0.0,0.0,0.0
13,25,9.984309941906837,11.951363830884324,0.0,0.0,1.0,0.0,0.0,1.0
14,25,11.47106697169226,9.678866484524514,1.0,0.0,0.0,1.0,0.0,0.0
15,25,9.323907924457291,1.009011575718693,1.0,0.0,0.0,0.0,1.0,0.0
16,25,9.805179853130833,10.723121854854538,0.0,0.0,0.0,0.0,0.0,1.0
17,25,10.025633518155583,6.237645962607883,1.0,0.0,0.0,0.0,1.0,1.0
18,25,7.684771323246272,10.60271112157769,1.0,1.0,0.0,0.0,0.0,0.0
19,25,11.915803359402156,6.172024795230805,0.0,0.0,0.0,0.0,0.0,0.0
0,30,7.687843533184189,0.2696179580595089,0.0,0.0,1.0,0.0,1.0,0.0
1,30,1.9704030110742652,9.006633281920102,1.0,0.0,1.0,0.0,1.0,1.0
2,30,9.66949988942291,10.978021667685722,1.0,1.0,0.0,0.0,0.0,0.0
3,30,9.671970525093917,6.944275855432098,0.0,0.0,1.0,0.0,0.0,0.0
4,30,12.0,4.753459591576584,0.0,0.0,0.0,0.0,0.0,0.0
5,30,10.160567398725613,2.881229528813665,0.0,1.0,0.0,0.0,1.0,1.0
6,30,0.6389358209588163,0.3940109738906485,0.0,1.0,0.0,0.0,0.0,1.0
7,30,9.963302277557773,12.0,0.0,1.0,0.0,1.0,0.0,1.0
8,30,6.136334833774408,8.60060490916211,0.0,1.0,0.0,1.0,0.0,1.0
9,30,11.65494030483306,0.54621695370863,0.0,1.0,0.0,1.0,1.0,1.0
10,30,12.0,6.786689064109764,1.0,0.0,1.0,0.0,0.0,0.0
11,30,8.308048314411627,10.995725226769082,0.0,0.0,1.0,1.0,1.0,1.0
12,30,3.3759062415475456,6.971277394382742,0.0,0.0,0.0,0.0,0.0,0.0
13,30,9.98810578109624,11.96139925696882,0.0,0.0,1.0,0.0,0.0,1.0
14,30,11.362827479258764,9.616441093859756,1.0,0.0,0.0,1.0,0.0,0.0
15,30,9.322217197906443,1.039561109514821,1.0,0.0,0.0,0.0,1.0,0.0
16,30,9.767053347237995,10.668608349679776,0.0,0.0,0.0,0.0,0.0,1.0
17,30,10.026354083969656,6.252759032605774,1.0,0.0,0.0,0.0,1.0,1.0
18,30,7.636741678159831,10.54515300327152,1.0,1.0,0.0,0.0,0.0,0.0
19,30,11.889329079787805,6.227277457877397,0.0,0.0,0.0,0.0,0.0,0.0
0,35,7.632760922254755,0.3150829017484406,0.0,0.0,1.0,0.0,1.0,0.0
1,35,2.0171773963286257,8.995193552480977,1.0,0.0,1.0,0.0,1.0,1.0
2,35,9.671693834949068,10.951708513538186,1.0,1.0,0.0,0.0,0.0,0.0
3,35,9.653919499959938,6.940148919254441,0.0,0.0,1.0,0.0,0.0,0.0
4,35,12.0,4.898310250051466,0.0,0.0,0.0,0.0,0.0,0.0
5,35,10.150893019247748,2.8883648065168552,0.0,1.0,0.0,0.0,1.0,1.0
6,35,0.5812449322043328,0.2951266511663588,0.0,1.0,0.0,0.0,0.0,1.0
7,35,9.962201901639675,12.0,0.0,1.0,0.0,1.0,0.0,1.0
8,35,6.152225702763298,8.670183051569545,0.0,1.0,0.0,1.0,0.0,1.0
9,35,11.580594099919086,0.4525521284533579,0.0,1.0,0.0,1.0,1.0,1.0
10,35,12.0,6.747488499385017,1.0,0.0,1.0,0.0,0.0,0.0
11,35,8.326564749413462,10.994770177583655,0.0,0.0,1.0,1.0,1.0,1.0
12,35,3.417458796877889,6.968799919273179,0.0,0.0,0.0,0.0,0.0,0.0
13,35,9.985590562938478,11.954495801437911,0.0,0.0,1.0,0.0,0.0,1.0
14,35,11.268179334184936,9.560219676207746,1.0,0.0,0.0,1.0,0.0,0.0
15,35,9.319457071940192,1.0752140474644911,1.0,0.0,0.0,0.0,1.0,0.0
16,35,9.74302458563476,10.633821875038446,0.0,0.0,0.0,0.0,0.0,1.0
17,35,10.026769426328432,6.267702238906437,1.0,0.0,0.0,0.0,1.0,1.0
18,35,7.581748198250176,10.480518322724896,1.0,1.0,0.0,0.0,0.0,0.0
19,35,11.863292903618632,6.274644213054202,0.0,0.0,0.0,0.0,0.0,0.0
0,40,7.579349797594416,0.3587661997956204,0.0,0.0,1.0,0.0,1.0,0.0
1,40,2.0478564251045683,8.987783905581066,1.0,0.0,1.0,0.0,1.0,1.0
2,40,9.674676827851483,10.917207333318458,1.0,1.0,0.0,0.0,0.0,0.0
3,40,9.626684999345644,6.933687945620799,0.0,0.0,1.0,0.0,0.0,0.0
4,40,12.0,5.0242061103113,0.0,0.0,0.0,0.0,0.0,0.0
5,40,10.148738373683434,2.8900055942238736,0.0,1.0,0.0,0.0,1.0,1.0
6,40,0.5313700501255979,0.202293631695314,0.0,1.0,0.0,0.0,0.0,1.0
7,40,9.960036743393054,12.0,0.0,1.0,0.0,1.0,0.0,1.0
8,40,6.167704992902489,8.744100476977643,0.0,1.0,0.0,1.0,0.0,1.0
9,40,11.512743750045134,0.3674679825222839,0.0,1.0,0.0,1.0,1.0,1.0
10,40,12.0,6.715499990591222,1.0,0.0,1.0,0.0,0.0,0.0
11,40,8.3570016722225,10.993942403034094,0.0,0.0,1.0,1.0,1.0,1.0
12,40,3.442123376427173,6.9665445299429205,0.0,0.0,0.0,0.0,0.0,0.0
13,40,9.9872295405971,11.959201299208422,0.0,0.0,1.0,0.0,0.0,1.0
14,40,11.179712925192188,9.507650778606369,1.0,0.0,0.0,1.0,0.0,0.0
15,40,9.31490381696423,1.1196273860131665,1.0,0.0,0.0,0.0,1.0,0.0
16,40,9.725508372963738,10.607430107518656,0.0,0.0,0.0,0.0,0.0,1.0
17,40,10.027017232832216,6.291738833538067,1.0,0.0,0.0,0.0,1.0,1.0
18,40,7.533889734830424,10.419988892562566,1.0,1.0,0.0,0.0,0.0,0.0
19,40,11.834841295155528,6.326555089115539,0.0,0.0,0.0,0.0,0.0,0.0
0,45,7.522874594867416,0.4072232642001049,0.0,0.0,1.0,0.0,1.0,0.0
1,45,2.049680971684421,8.98733498344497,1.0,0.0,1.0,0.0,1.0,1.0
2,45,9.674619010952297,10.917868840688394,1.0,1.0,0.0,0.0,0.0,0.0
3,45,9.611551490452708,6.92995794453268,0.0,0.0,1.0,0.0,0.0,0.0
4,45,12.0,5.16722166360024,0.0,0.0,0.0,0.0,0.0,0.0
5,45,10.143784721676424,2.8938419739214707,0.0,1.0,0.0,0.0,1.0,1.0
6,45,0.482966425572866,0.1088859492929163,0.0,1.0,0.0,0.0,0.0,1.0
7,45,9.95982326111244,12.0,0.0,1.0,0.0,1.0,0.0,1.0
8,45,6.186218156999931,8.827608680998157,0.0,1.0,0.0,1.0,0.0,1.0
9,45,11.451883273423975,0.2890563732432862,0.0,1.0,0.0,1.0,1.0,1.0
10,45,12.0,6.67886245131754,1.0,0.0,1.0,0.0,0.0,0.0
11,45,8.385923880080641,10.993630119377942,0.0,0.0,1.0,1.0,1.0,1.0
12,45,3.4673732732914915,6.963605213608105,0.0,0.0,0.0,0.0,0.0,0.0
13,45,9.988063992910316,11.96161821674605,0.0,0.0,1.0,0.0,0.0,1.0
14,45,11.098205346387376,9.456349259181344,1.0,0.0,0.0,1.0,0.0,0.0
15,45,9.30952162513874,1.1764412978474852,1.0,0.0,0.0,0.0,1.0,0.0
16,45,9.71949801779212,10.598741829011155,0.0,0.0,0.0,0.0,0.0,1.0
17,45,10.02750571356807,6.335547955840576,1.0,0.0,0.0,0.0,1.0,1.0
18,45,7.493769189093556,10.369219710831564,1.0,1.0,0.0,0.0,0.0,0.0
19,45,11.803346667592171,6.38501475314118,0.0,0.0,0.0,0.0,0.0,0.0
0,50,7.483547301931998,0.4394210888028508,0.0,0.0,1.0,0.0,1.0,0.0
1,50,2.0462027628369417,8.988082791496009,1.0,0.0,1.0,0.0,1.0,1.0
2,50,9.675494896932776,10.908514915126249,1.0,1.0,0.0,0.0,0.0,0.0
3,50,9.612152688673683,6.9301198572584735,0.0,0.0,1.0,0.0,0.0,0.0
4,50,12.0,5.294494231876057,0.0,0.0,0.0,0.0,0.0,0.0
5,50,10.12984563548637,2.904846647008007,0.0,1.0,0.0,0.0,1.0,1.0
6,50,0.4291110866595927,0.002943887406409,0.0,1.0,0.0,0.0,0.0,1.0
7,50,9.958773536947552,12.0,0.0,1.0,0.0,1.0,0.0,1.0
8,50,6.206266268614683,8.922200210912758,0.0,1.0,0.0,1.0,0.0,1.0
9,50,11.394341579803813,0.2160201719565802,0.0,1.0,0.0,1.0,1.0,1.0
10,50,12.0,6.639091051836028,1.0,0.0,1.0,0.0,0.0,0.0
11,50,8.435245657410448,10.991901836320816,0.0,0.0,1.0,1.0,1.0,1.0
12,50,3.495706781178691,6.9599176949121,0.0,0.0,0.0,0.0,0.0,0.0
13,50,9.992706512754026,11.973944563226942,0.0,0.0,1.0,0.0,0.0,1.0
14,50,11.03566173470466,9.415993851447508,1.0,0.0,0.0,1.0,0.0,0.0
15,50,9.306077626566124,1.2148342942090993,1.0,0.0,0.0,0.0,1.0,0.0
16,50,9.713706944701435,10.59041496535462,0.0,0.0,0.0,0.0,0.0,1.0
17,50,10.027485134959129,6.368932337363431,1.0,0.0,0.0,0.0,1.0,1.0
18,50,7.450996627475579,10.31378889995444,1.0,1.0,0.0,0.0,0.0,0.0
19,50,11.861255411967328,6.416806857786071,0.0,0.0,0.0,0.0,0.0,0.0
0,55,7.449179884837213,0.4686505055767482,0.0,0.0,1.0,0.0,1.0,0.0
1,55,2.0549386880757505,8.98623151651109,1.0,0.0,1.0,0.0,1.0,1.0
2,55,9.675748751790431,10.90485842554468,1.0,1.0,0.0,0.0,0.0,0.0
3,55,9.610660791533563,6.929725587546977,0.0,0.0,1.0,0.0,0.0,0.0
4,55,12.0,5.423111996633733,0.0,0.0,0.0,0.0,0.0,0.0
5,55,10.105965444371042,2.9230343463187376,0.0,1.0,0.0,0.0,1.0,1.0
6,55,0.3736491894064431,0.0,0.0,1.0,0.0,0.0,0.0,1.0
7,55,9.95969709998125,11.995607570847362,0.0,1.0,0.0,1.0,0.0,1.0
8,55,6.228293804657412,9.012528852446428,0.0,1.0,0.0,1.0,0.0,1.0
9,55,11.327688560764138,0.1316270267450174,0.0,1.0,0.0,1.0,1.0,1.0
10,55,12.0,6.5989315981383285,1.0,0.0,1.0,0.0,0.0,0.0
11,55,8.472146265686389,10.99108390062664,0.0,0.0,1.0,1.0,1.0,1.0
12,55,3.48939779705524,6.910667610776182,0.0,0.0,0.0,0.0,0.0,0.0
13,55,9.99565716423917,11.9820609061805,0.0,0.0,1.0,0.0,0.0,1.0
14,55,10.970728982629405,9.375845247155878,1.0,0.0,0.0,1.0,0.0,0.0
15,55,9.301978483247018,1.256442568337541,1.0,0.0,0.0,0.0,1.0,0.0
16,55,9.709390944039043,10.584381597671088,0.0,0.0,0.0,0.0,0.0,1.0
17,55,10.02761027688218,6.3960664270835,1.0,0.0,0.0,0.0,1.0,1.0
18,55,7.399978454922254,10.247206599499773,1.0,1.0,0.0,0.0,0.0,0.0
19,55,11.919516542928244,6.447324827461677,0.0,0.0,0.0,0.0,0.0,0.0
0,60,7.421845975591839,0.4926458990030167,0.0,0.0,1.0,0.0,1.0,0.0
1,60,2.0461183796586715,8.987816284995036,1.0,0.0,1.0,0.0,1.0,1.0
2,60,9.674841647179273,10.920178102049992,1.0,1.0,0.0,0.0,0.0,0.0
3,60,9.603242922160325,6.928045253400941,0.0,0.0,1.0,0.0,0.0,0.0
4,60,12.0,5.531078419682438,0.0,0.0,0.0,0.0,0.0,0.0
5,60,10.070951741239934,2.948978852100225,0.0,1.0,0.0,0.0,1.0,1.0
6,60,0.307734136448121,0.0,0.0,1.0,0.0,0.0,0.0,1.0
7,60,9.959778965425162,11.99527320743942,0.0,1.0,0.0,1.0,0.0,1.0
8,60,6.2568073594385165,9.113748752679808,0.0,1.0,0.0,1.0,0.0,1.0
9,60,11.2499588687195,0.0399968705538448,0.0,1.0,0.0,1.0,1.0,1.0
10,60,12.0,6.538601485767287,1.0,0.0,1.0,0.0,0.0,0.0
11,60,8.503926920816093,10.990227430327634,0.0,0.0,1.0,1.0,1.0,1.0
12,60,3.479027684004294,6.848536989846979,0.0,0.0,0.0,0.0,0.0,0.0
13,60,9.997691994397792,11.98752037399615,0.0,0.0,1.0,0.0,0.0,1.0
14,60,10.89487152666106,9.331294320091375,1.0,0.0,0.0,1.0,0.0,0.0
15,60,9.299136288031066,1.2916487802048546,1.0,0.0,0.0,0.0,1.0,0.0
16,60,9.700308199708733,10.571655549824222,0.0,0.0,0.0,0.0,0.0,1.0
17,60,10.02752957358755,6.421411720165698,1.0,0.0,0.0,0.0,1.0,1.0
18,60,7.34032824526645,10.170071574080694,1.0,1.0,0.0,0.0,0.0,0.0
19,60,11.981508275622229,6.477968886126796,0.0,0.0,0.0,0.0,0.0,0.0
0,65,7.374803497572536,0.5349064372006592,0.0,0.0,1.0,0.0,1.0,0.0
1,65,2.03126280165959,8.990313975580543,1.0,0.0,1.0,0.0,1.0,1.0
2,65,9.67451516430898,10.924061484987302,1.0,1.0,0.0,0.0,0.0,0.0
3,65,9.570449833621575,6.92090300282463,0.0,0.0,1.0,0.0,0.0,0.0
4,65,12.0,5.616801579359998,0.0,0.0,0.0,0.0,0.0,0.0
5,65,10.044637945586816,2.968156148501341,0.0,1.0,0.0,0.0,1.0,1.0
6,65,0.2397895895752801,0.0,0.0,1.0,0.0,0.0,0.0,1.0
7,65,9.954314121266917,12.0,0.0,1.0,0.0,1.0,0.0,1.0
8,65,6.285126214050168,9.22179589443762,0.0,1.0,0.0,1.0,0.0,1.0
9,65,11.16500864701771,0.0,0.0,1.0,0.0,1.0,1.0,1.0
10,65,12.0,6.483471031147813,1.0,0.0,1.0,0.0,0.0,0.0
11,65,8.56527441842678,10.98783768111308,0.0,0.0,1.0,1.0,1.0,1.0
12,65,3.4705503646502,6.803773088727573,0.0,0.0,0.0,0.0,0.0,0.0
13,65,9.999354834134204,11.991829360220242,0.0,0.0,1.0,0.0,0.0,1.0
14,65,10.821478561041992,9.28668451306133,1.0,0.0,0.0,1.0,0.0,0.0
15,65,9.294512443400832,1.350739789666741,1.0,0.0,0.0,0.0,1.0,0.0
16,65,9.69969451692586,10.570800800652917,0.0,0.0,0.0,0.0,0.0,1.0
17,65,10.027484032477826,6.425655646088986,1.0,0.0,0.0,0.0,1.0,1.0
18,65,7.288337361461907,10.103037987996045,1.0,1.0,0.0,0.0,0.0,0.0
19,65,12.0,6.515689159122148,0.0,0.0,0.0,0.0,0.0,0.0
0,70,7.312774559235053,0.5925947009894975,0.0,0.0,1.0,0.0,1.0,0.0
1,70,2.042549019669788,8.988154076140995,1.0,0.0,1.0,0.0,1.0,1.0
2,70,9.670330654543294,10.965662830007195,1.0,1.0,0.0,0.0,0.0,0.0
3,70,9.54783379088386,6.915002738600269,0.0,0.0,1.0,0.0,0.0,0.0
4,70,12.0,5.686925593353415,0.0,0.0,0.0,0.0,0.0,0.0
5,70,10.01177220163494,2.9927890999326228,0.0,1.0,0.0,0.0,1.0,1.0
6,70,0.1684192481754917,0.0,0.0,1.0,0.0,0.0,0.0,1.0
7,70,9.951740659364884,12.0,0.0,1.0,0.0,1.0,0.0,1.0
8,70,6.313922164558613,9.330835727349424,0.0,1.0,0.0,1.0,0.0,1.0
9,70,11.097187649106065,0.0,0.0,1.0,0.0,1.0,1.0,1.0
10,70,12.0,6.432854109253771,1.0,0.0,1.0,0.0,0.0,0.0
11,70,8.619019097497631,10.98693972517389,0.0,0.0,1.0,1.0,1.0,1.0
12,70,3.46044095965698,6.743124544972179,0.0,0.0,0.0,0.0,0.0,0.0
13,70,10.002216550683142,11.999283851957772,0.0,0.0,1.0,0.0,0.0,1.0
14,70,10.75521672176792,9.24385735492677,1.0,0.0,0.0,1.0,0.0,0.0
15,70,9.290857542782284,1.4082783225169813,1.0,0.0,0.0,0.0,1.0,0.0
16,70,9.688462331983324,10.555704801283618,0.0,0.0,0.0,0.0,0.0,1.0
17,70,10.027429644412392,6.428004942585431,1.0,0.0,0.0,0.0,1.0,1.0
18,70,7.232597151618654,10.028481639246117,1.0,1.0,0.0,0.0,0.0,0.0
19,70,12.0,6.541907910651632,0.0,0.0,0.0,0.0,0.0,0.0
0,75,7.261869365187377,0.6382325612079007,0.0,0.0,1.0,0.0,1.0,0.0
1,75,2.0563724099946747,8.985940291999158,1.0,0.0,1.0,0.0,1.0,1.0
2,75,9.664528354107215,11.004821224900615,1.0,1.0,0.0,0.0,0.0,0.0
3,75,9.51376933444194,6.906662655985394,0.0,0.0,1.0,0.0,0.0,0.0
4,75,12.0,5.728531006939108,0.0,0.0,0.0,0.0,0.0,0.0
5,75,9.995251006686209,3.0054970839173896,0.0,1.0,0.0,0.0,1.0,1.0
6,75,0.0961148004459382,0.0,0.0,1.0,0.0,0.0,0.0,1.0
7,75,9.952263790081178,11.997915197393246,0.0,1.0,0.0,1.0,0.0,1.0
8,75,6.33633891353246,9.420259038622817,0.0,1.0,0.0,1.0,0.0,1.0
9,75,11.013539082868755,0.0,0.0,1.0,0.0,1.0,1.0,1.0
10,75,12.0,6.384224149333533,1.0,0.0,1.0,0.0,0.0,0.0
11,75,8.72052442977779,10.988306231454088,0.0,0.0,1.0,1.0,1.0,1.0
12,75,3.445786730950594,6.663859141909819,0.0,0.0,0.0,0.0,0.0,0.0
13,75,10.00889911282737,12.0,0.0,0.0,1.0,0.0,0.0,1.0
14,75,10.671192296072286,9.189782127910467,1.0,0.0,0.0,1.0,0.0,0.0
15,75,9.2883158938485,1.4578298050984542,1.0,0.0,0.0,0.0,1.0,0.0
16,75,9.670801095483789,10.530518275428973,0.0,0.0,0.0,0.0,0.0,1.0
17,75,10.027438051623236,6.426619019141288,1.0,0.0,0.0,0.0,1.0,1.0
18,75,7.175911631815557,9.946848474617246,1.0,1.0,0.0,0.0,0.0,0.0
19,75,12.0,6.567929869311139,0.0,0.0,0.0,0.0,0.0,0.0
0,80,7.199830916692236,0.693261630879113,0.0,0.0,1.0,0.0,1.0,0.0
1,80,2.066260652440168,8.98404697456205,1.0,0.0,1.0,0.0,1.0,1.0
2,80,9.654574722037616,11.060428313952311,1.0,1.0,0.0,0.0,0.0,0.0
3,80,9.467242539079985,6.893890240092418,0.0,0.0,1.0,0.0,0.0,0.0
4,80,12.0,5.75788264548589,0.0,0.0,0.0,0.0,0.0,0.0
5,80,9.960756419780962,3.031027102157247,0.0,1.0,0.0,0.0,1.0,1.0
6,80,0.029280851480472,0.0,0.0,1.0,0.0,0.0,0.0,1.0
7,80,9.954042496645206,11.99094034765452,0.0,1.0,0.0,1.0,0.0,1.0
8,80,6.358284399902299,9.518156024316683,0.0,1.0,0.0,1.0,0.0,1.0
9,80,10.922038276680242,0.0,0.0,1.0,0.0,1.0,1.0,1.0
10,80,12.0,6.339344336124039,1.0,0.0,1.0,0.0,0.0,0.0
11,80,8.824748096613726,10.991923525580344,0.0,0.0,1.0,1.0,1.0,1.0
12,80,3.4338101178818423,6.5908833351054055,0.0,0.0,0.0,0.0,0.0,0.0
13,80,10.014640195793712,12.0,0.0,0.0,1.0,0.0,0.0,1.0
14,80,10.585083183162936,9.133035747698074,1.0,0.0,0.0,1.0,0.0,0.0
15,80,9.28650002388693,1.4898864226955897,1.0,0.0,0.0,0.0,1.0,0.0
16,80,9.645873020350724,10.493509268424388,0.0,0.0,0.0,0.0,0.0,1.0
17,80,10.02689073815396,6.39661230339637,1.0,0.0,0.0,0.0,1.0,1.0
18,80,7.137430877238877,9.893047513880887,1.0,1.0,0.0,0.0,0.0,0.0
19,80,12.0,6.601396015208684,0.0,0.0,0.0,0.0,0.0,0.0
0,85,7.1347882581344,0.7507418918380063,0.0,0.0,1.0,0.0,1.0,0.0
1,85,2.098135357002925,8.97824716761935,1.0,0.0,1.0,0.0,1.0,1.0
2,85,9.647639985367338,11.100408337829917,1.0,1.0,0.0,0.0,0.0,0.0
3,85,9.409688439934518,6.877664234878243,0.0,0.0,1.0,0.0,0.0,0.0
4,85,12.0,5.778633230834472,0.0,0.0,0.0,0.0,0.0,0.0
5,85,9.91231723167375,3.0658698408195604,0.0,1.0,0.0,0.0,1.0,1.0
6,85,0.0,0.0,0.0,1.0,0.0,0.0,0.0,1.0
7,85,9.95877648879817,11.973317630928989,0.0,1.0,0.0,1.0,0.0,1.0
8,85,6.3792750408306444,9.60955031124435,0.0,1.0,0.0,1.0,0.0,1.0
9,85,10.824278136043162,0.0,0.0,1.0,0.0,1.0,1.0,1.0
10,85,12.0,6.285316603988695,1.0,0.0,1.0,0.0,0.0,0.0
11,85,8.924971895634764,10.995426556078842,0.0,0.0,1.0,1.0,1.0,1.0
12,85,3.4241169942647907,6.524452660212904,0.0,0.0,0.0,0.0,0.0,0.0
13,85,10.016035492086877,12.0,0.0,0.0,1.0,0.0,0.0,1.0
14,85,10.514205272381774,9.086586700973925,1.0,0.0,0.0,1.0,0.0,0.0
15,85,9.285539438693451,1.5138067188100477,1.0,0.0,0.0,0.0,1.0,0.0
16,85,9.611652182888063,10.442965831328074,0.0,0.0,0.0,0.0,0.0,1.0
17,85,10.026563624861923,6.37982239473196,1.0,0.0,0.0,0.0,1.0,1.0
18,85,7.084752770831719,9.82287071715854,1.0,1.0,0.0,0.0,0.0,0.0
19,85,12.0,6.636815241858234,0.0,0.0,0.0,0.0,0.0,0.0
0,90,7.079607427005106,0.8011084270420354,0.0,0.0,1.0,0.0,1.0,0.0
1,90,2.116911963482213,8.974454127316706,1.0,0.0,1.0,0.0,1.0,1.0
2,90,9.642365591189968,11.132057218082796,1.0,1.0,0.0,0.0,0.0,0.0
3,90,9.32339478078316,6.851461361862002,0.0,0.0,1.0,0.0,0.0,0.0
4,90,12.0,5.806471691318414,0.0,0.0,0.0,0.0,0.0,0.0
5,90,9.864703241139228,3.100074203103593,0.0,1.0,0.0,0.0,1.0,1.0
6,90,0.0,0.0,0.0,1.0,0.0,0.0,0.0,1.0
7,90,9.970977285002077,11.93181629751436,0.0,1.0,0.0,1.0,0.0,1.0
8,90,6.398187387712025,9.68890093459346,0.0,1.0,0.0,1.0,0.0,1.0
9,90,10.735940293936478,0.0,0.0,1.0,0.0,1.0,1.0,1.0
10,90,12.0,6.2409227878834,1.0,0.0,1.0,0.0,0.0,0.0
11,90,9.015963327703211,11.000107160179567,0.0,0.0,1.0,1.0,1.0,1.0
12,90,3.414341173431702,6.456693076342355,0.0,0.0,0.0,0.0,0.0,0.0
13,90,9.998291738460846,12.0,0.0,0.0,1.0,0.0,0.0,1.0
14,90,10.451579914240815,9.044805044901516,1.0,0.0,0.0,1.0,0.0,0.0
15,90,9.285420762324271,1.5220174148092702,1.0,0.0,0.0,0.0,1.0,0.0
16,90,9.556466271290128,10.366287434555398,0.0,0.0,0.0,0.0,0.0,1.0
17,90,10.026679934669064,6.345965400166009,1.0,0.0,0.0,0.0,1.0,1.0
18,90,7.040850013266122,9.76763179399825,1.0,1.0,0.0,0.0,0.0,0.0
19,90,12.0,6.672676020803837,0.0,0.0,0.0,0.0,0.0,0.0
0,95,7.0299615246055245,0.8463334101585106,0.0,0.0,1.0,0.0,1.0,0.0
1,95,2.1294374224923085,8.971978430898687,1.0,0.0,1.0,0.0,1.0,1.0
2,95,9.639480587559092,11.148720524135555,1.0,1.0,0.0,0.0,0.0,0.0
3,95,9.231704428512572,6.824776462847955,0.0,0.0,1.0,0.0,0.0,0.0
4,95,12.0,5.824449215755067,0.0,0.0,0.0,0.0,0.0,0.0
5,95,9.811977340182906,3.141644361943973,0.0,1.0,0.0,0.0,1.0,1.0
6,95,0.0,0.0,0.0,1.0,0.0,0.0,0.0,1.0
7,95,9.985740607578762,11.881478091492784,0.0,1.0,0.0,1.0,0.0,1.0
8,95,6.420202174489034,9.78683131656601,0.0,1.0,0.0,1.0,0.0,1.0
9,95,10.649273553660151,0.0,0.0,1.0,0.0,1.0,1.0,1.0
10,95,12.0,6.201352192125763,1.0,0.0,1.0,0.0,0.0,0.0
11,95,9.106435273589188,11.00593478256993,0.0,0.0,1.0,1.0,1.0,1.0
12,95,3.4054437926250616,6.403449176972974,0.0,0.0,0.0,0.0,0.0,0.0
13,95,10.007241088160656,11.997053154302105,0.0,0.0,1.0,0.0,0.0,1.0
14,95,10.396869265290803,9.009196564119556,1.0,0.0,0.0,1.0,0.0,0.0
15,95,9.285462193501171,1.5168326809073884,1.0,0.0,0.0,0.0,1.0,0.0
16,95,9.514979098173868,10.30764624454608,0.0,0.0,0.0,0.0,0.0,1.0
17,95,10.02601203577832,6.283921050840636,1.0,0.0,0.0,0.0,1.0,1.0
18,95,6.997138550574911,9.713110811844764,1.0,1.0,0.0,0.0,0.0,0.0
19,95,12.0,6.701920370433376,0.0,0.0,0.0,0.0,0.0,0.0
0,100,6.980573933750334,0.8915522293467452,0.0,0.0,1.0,0.0,1.0,0.0
1,100,2.1496042930038364,8.968275959756705,1.0,0.0,1.0,0.0,1.0,1.0
2,100,9.637124149944578,11.163453831386446,1.0,1.0,0.0,0.0,0.0,0.0
3,100,9.13976055269588,6.796324938161274,0.0,0.0,1.0,0.0,0.0,0.0
4,100,12.0,5.841550105913821,0.0,0.0,0.0,0.0,0.0,0.0
5,100,9.746221887369282,3.1955451031267863,0.0,1.0,0.0,0.0,1.0,1.0
6,100,0.0,0.0,0.0,1.0,0.0,0.0,0.0,1.0
7,100,9.99641812014275,11.84720577729063,0.0,1.0,0.0,1.0,0.0,1.0
8,100,6.439134003137917,9.869965406388298,0.0,1.0,0.0,1.0,0.0,1.0
9,100,10.561317261366412,0.0,0.0,1.0,0.0,1.0,1.0,1.0
10,100,12.0,6.167299508032808,1.0,0.0,1.0,0.0,0.0,0.0
11,100,9.213426387029797,11.01159288854691,0.0,0.0,1.0,1.0,1.0,1.0
12,100,3.392059394768608,6.3265580265958885,0.0,0.0,0.0,0.0,0.0,0.0
13,100,10.037261685474332,11.987088072928684,0.0,0.0,1.0,0.0,0.0,1.0
14,100,10.33664102480618,8.969690570024662,1.0,0.0,0.0,1.0,0.0,0.0
15,100,9.285363339236628,1.53118819815852,1.0,0.0,0.0,0.0,1.0,0.0
16,100,9.474396574160725,10.250700219151652,0.0,0.0,0.0,0.0,0.0,1.0
17,100,10.024884601120364,6.22760460643797,1.0,0.0,0.0,0.0,1.0,1.0
18,100,6.951393044465132,9.658561928072862,1.0,1.0,0.0,0.0,0.0,0.0
19,100,12.0,6.731699006061074,0.0,0.0,0.0,0.0,0.0,0.0
0,105,6.939203605062878,0.9302993072350346,0.0,0.0,1.0,0.0,1.0,0.0
1,105,2.169251051423717,8.96482523249995,1.0,0.0,1.0,0.0,1.0,1.0
2,105,9.635695118407412,11.173074203032307,1.0,1.0,0.0,0.0,0.0,0.0
3,105,9.031057876911962,6.762542321757584,0.0,0.0,1.0,0.0,0.0,0.0
4,105,12.0,5.890067718615686,0.0,0.0,0.0,0.0,0.0,0.0
5,105,9.666288888900151,3.2621103384581853,0.0,1.0,0.0,0.0,1.0,1.0
6,105,0.0,0.0,0.0,1.0,0.0,0.0,0.0,1.0
7,105,10.004949110689209,11.820619961143493,0.0,1.0,0.0,1.0,0.0,1.0
8,105,6.459023376562339,9.950456120962984,0.0,1.0,0.0,1.0,0.0,1.0
9,105,10.459351393404765,0.0,0.0,1.0,0.0,1.0,1.0,1.0
10,105,12.0,6.132071138313034,1.0,0.0,1.0,0.0,0.0,0.0
11,105,9.314765204828232,11.017794730051184,0.0,0.0,1.0,1.0,1.0,1.0
12,105,3.378965403872532,6.2558052526343095,0.0,0.0,0.0,0.0,0.0,0.0
13,105,10.07618545863187,11.974732712883675,0.0,0.0,1.0,0.0,0.0,1.0
14,105,10.276289491856897,8.927909750057553,1.0,0.0,0.0,1.0,0.0,0.0
15,105,9.28538360685705,1.5499702363211156,1.0,0.0,0.0,0.0,1.0,0.0
16,105,9.424259307808596,10.181414562497483,0.0,0.0,0.0,0.0,0.0,1.0
17,105,10.023069778005372,6.17027316351988,1.0,0.0,0.0,0.0,1.0,1.0
18,105,6.916969170537128,9.618357577549704,1.0,1.0,0.0,0.0,0.0,0.0
19,105,12.0,6.760295257453805,0.0,0.0,0.0,0.0,0.0,0.0
0,110,6.9016008520553696,0.9658475253030164,0.0,0.0,1.0,0.0,1.0,0.0
1,110,2.181204927447068,8.962581316567663,1.0,0.0,1.0,0.0,1.0,1.0
2,110,9.63503870420986,11.177583973539496,1.0,1.0,0.0,0.0,0.0,0.0
3,110,8.924117672611539,6.727498006505768,0.0,0.0,1.0,0.0,0.0,0.0
4,110,12.0,5.932758653022271,0.0,0.0,0.0,0.0,0.0,0.0
5,110,9.573722294360833,3.332604306419328,0.0,1.0,0.0,0.0,1.0,1.0
6,110,0.0,0.0,0.0,1.0,0.0,0.0,0.0,1.0
7,110,10.020799404846397,11.769480220840794,0.0,1.0,0.0,1.0,0.0,1.0
8,110,6.482311993590402,10.04260893227657,0.0,1.0,0.0,1.0,0.0,1.0
9,110,10.34683794731546,0.0,0.0,1.0,0.0,1.0,1.0,1.0
10,110,12.0,6.097265806795269,1.0,0.0,1.0,0.0,0.0,0.0
11,110,9.423715120363443,11.025014503615168,0.0,0.0,1.0,1.0,1.0,1.0
12,110,3.36467065186929,6.183532484850247,0.0,0.0,0.0,0.0,0.0,0.0
13,110,10.130184887093804,11.95712982744466,0.0,0.0,1.0,0.0,0.0,1.0
14,110,10.223238473876174,8.890067140588117,1.0,0.0,0.0,1.0,0.0,0.0
15,110,9.285393635868257,1.553031034643158,1.0,0.0,0.0,0.0,1.0,0.0
16,110,9.37319743518353,10.10953243382281,0.0,0.0,0.0,0.0,0.0,1.0
17,110,10.020686462953371,6.107177239944955,1.0,0.0,0.0,0.0,1.0,1.0
18,110,6.89459021081022,9.59128094112675,1.0,1.0,0.0,0.0,0.0,0.0
19,110,12.0,6.775924582423664,0.0,0.0,0.0,0.0,0.0,0.0
0,115,6.8673271409221,0.9975191647747615,0.0,0.0,1.0,0.0,1.0,0.0
1,115,2.1872301775367355,8.961529788746772,1.0,0.0,1.0,0.0,1.0,1.0
2,115,9.63127317238141,11.199589769271745,1.0,1.0,0.0,0.0,0.0,0.0
3,115,8.825088239968695,6.693795737817697,0.0,0.0,1.0,0.0,0.0,0.0
4,115,12.0,5.998349439582437,0.0,0.0,0.0,0.0,0.0,0.0
5,115,9.475864562822364,3.4038805489370163,0.0,1.0,0.0,0.0,1.0,1.0
6,115,0.0,0.0,0.0,1.0,0.0,0.0,0.0,1.0
7,115,10.04049245720498,11.705336968823485,0.0,1.0,0.0,1.0,0.0,1.0
8,115,6.504177398459524,10.137779449661023,0.0,1.0,0.0,1.0,0.0,1.0
9,115,10.226163172976262,0.0,0.0,1.0,0.0,1.0,1.0,1.0
10,115,12.0,6.065425936760943,1.0,0.0,1.0,0.0,0.0,0.0
11,115,9.525436175739095,11.030883571971792,0.0,0.0,1.0,1.0,1.0,1.0
12,115,3.3547055877057783,6.128584222083146,0.0,0.0,0.0,0.0,0.0,0.0
13,115,10.196085881744642,11.937471253084237,0.0,0.0,1.0,0.0,0.0,1.0
14,115,10.19037924323376,8.86614590630485,1.0,0.0,0.0,1.0,0.0,0.0
15,115,9.285379369736685,1.561263695517091,1.0,0.0,0.0,0.0,1.0,0.0
16,115,9.31705462631623,10.033804323957838,0.0,0.0,0.0,0.0,0.0,1.0
17,115,10.018491941336004,6.049485833401655,1.0,0.0,0.0,0.0,1.0,1.0
18,115,6.875637430898374,9.568354889338094,1.0,1.0,0.0,0.0,0.0,0.0
19,115,12.0,6.802332880303239,0.0,0.0,0.0,0.0,0.0,0.0
0,120,6.84572037654949,1.018106510756278,0.0,0.0,1.0,0.0,1.0,0.0
1,120,2.1894146559164525,8.961129786809533,1.0,0.0,1.0,0.0,1.0,1.0
2,120,9.62955105911033,11.21105485628484,1.0,1.0,0.0,0.0,0.0,0.0
3,120,8.730150299059394,6.660397200293128,0.0,0.0,1.0,0.0,0.0,0.0
4,120,12.0,6.068174161354052,0.0,0.0,0.0,0.0,0.0,0.0
5,120,9.402832421141408,3.4561521401035127,0.0,1.0,0.0,0.0,1.0,1.0
6,120,0.0,0.0,0.0,1.0,0.0,0.0,0.0,1.0
7,120,10.060317743000054,11.637968944481022,0.0,1.0,0.0,1.0,0.0,1.0
8,120,6.525146349661334,10.224858899083229,0.0,1.0,0.0,1.0,0.0,1.0
9,120,10.10218241550301,0.0,0.0,1.0,0.0,1.0,1.0,1.0
10,120,12.0,6.039065575499655,1.0,0.0,1.0,0.0,0.0,0.0
11,120,9.62909934559042,11.038407655197814,0.0,0.0,1.0,1.0,1.0,1.0
12,120,3.3482884534591824,6.097609937613084,0.0,0.0,0.0,0.0,0.0,0.0
13,120,10.2489434082305,11.920746253209494,0.0,0.0,1.0,0.0,0.0,1.0
14,120,10.155878268100068,8.839392400772791,1.0,0.0,0.0,1.0,0.0,0.0
15,120,9.285367105517226,1.5848314248711677,1.0,0.0,0.0,0.0,1.0,0.0
16,120,9.262838739350473,9.960259166942732,0.0,0.0,0.0,0.0,0.0,1.0
17,120,10.016141684234162,5.993967718136831,1.0,0.0,0.0,0.0,1.0,1.0
18,120,6.870527472093919,9.561871493562649,1.0,1.0,0.0,0.0,0.0,0.0
19,120,12.0,6.835035646000994,0.0,0.0,0.0,0.0,0.0,0.0
0,125,6.82725193805381,1.0363845574404853,0.0,0.0,1.0,0.0,1.0,0.0
1,125,2.192584119229225,8.960616048883223,1.0,0.0,1.0,0.0,1.0,1.0
2,125,9.623930277180362,11.245148509719987,1.0,1.0,0.0,0.0,0.0,0.0
3,125,8.64531137663859,6.629296167484997,0.0,0.0,1.0,0.0,0.0,0.0
4,125,12.0,6.151351361625387,0.0,0.0,0.0,0.0,0.0,0.0
5,125,9.328079466119814,3.506378082792628,0.0,1.0,0.0,0.0,1.0,1.0
6,125,0.0,0.0,0.0,1.0,0.0,0.0,0.0,1.0
7,125,10.080287168971136,11.57302595199569,0.0,1.0,0.0,1.0,0.0,1.0
8,125,6.543599257413024,10.29928498936813,0.0,1.0,0.0,1.0,0.0,1.0
9,125,9.98378759150665,0.0,0.0,1.0,0.0,1.0,1.0,1.0
10,125,12.0,6.018488862674968,1.0,0.0,1.0,0.0,0.0,0.0
11,125,9.727753099570016,11.04167790240051,0.0,0.0,1.0,1.0,1.0,1.0
12,125,3.340862783935077,6.062266054516368,0.0,0.0,0.0,0.0,0.0,0.0
13,125,10.319492461013605,11.898218201890597,0.0,0.0,1.0,0.0,0.0,1.0
14,125,10.099819537240403,8.796774940430442,1.0,0.0,0.0,1.0,0.0,0.0
15,125,9.286304673148292,1.6171615856421082,1.0,0.0,0.0,0.0,1.0,0.0
16,125,9.208093730460456,9.886746259678398,0.0,0.0,0.0,0.0,0.0,1.0
17,125,10.013750516733571,5.931563662686195,1.0,0.0,0.0,0.0,1.0,1.0
18,125,6.849309355145833,9.534556289447476,1.0,1.0,0.0,0.0,0.0,0.0
19,125,12.0,6.86992671526335,0.0,0.0,0.0,0.0,0.0,0.0
0,130,6.810289817544785,1.052307349145499,0.0,0.0,1.0,0.0,1.0,0.0
1,130,2.2059688108542703,8.958507579132931,1.0,0.0,1.0,0.0,1.0,1.0
2,130,9.61845309242272,11.288283479475757,1.0,1.0,0.0,0.0,0.0,0.0
3,130,8.550277098639713,6.596019584699657,0.0,0.0,1.0,0.0,0.0,0.0
4,130,12.0,6.234153164822386,0.0,0.0,0.0,0.0,0.0,0.0
5,130,9.25688993675169,3.5525141257620043,0.0,1.0,0.0,0.0,1.0,1.0
6,130,0.0,0.0,0.0,1.0,0.0,0.0,0.0,1.0
7,130,10.100116654457722,11.511305581248402,0.0,1.0,0.0,1.0,0.0,1.0
8,130,6.565310649551722,10.38338174373193,0.0,1.0,0.0,1.0,0.0,1.0
9,130,9.873035056651592,0.0,0.0,1.0,0.0,1.0,1.0,1.0
10,130,12.0,6.007298289794817,1.0,0.0,1.0,0.0,0.0,0.0
11,130,9.838190363585044,11.046709168967483,0.0,0.0,1.0,1.0,1.0,1.0
12,130,3.330172574871955,6.009099117453688,0.0,0.0,0.0,0.0,0.0,0.0
13,130,10.3970760423898,11.875390858928448,0.0,0.0,1.0,0.0,0.0,1.0
14,130,10.041209734596004,8.75204972591198,1.0,0.0,0.0,1.0,0.0,0.0
15,130,9.289271912032955,1.6750090314388326,1.0,0.0,0.0,0.0,1.0,0.0
16,130,9.158164549717323,9.819208280259636,0.0,0.0,0.0,0.0,0.0,1.0
17,130,10.009999569772784,5.850460911900121,1.0,0.0,0.0,0.0,1.0,1.0
18,130,6.826220058346783,9.5044882009847,1.0,1.0,0.0,0.0,0.0,0.0
19,130,12.0,6.901114036291613,0.0,0.0,0.0,0.0,0.0,0.0
0,135,6.798021367848913,1.0628846018274496,0.0,0.0,1.0,0.0,1.0,0.0
1,135,2.190403015795749,8.96089453170895,1.0,0.0,1.0,0.0,1.0,1.0
2,135,9.613332432397858,11.331156248944168,1.0,1.0,0.0,0.0,0.0,0.0
3,135,8.438495345188851,6.559082623581807,0.0,0.0,1.0,0.0,0.0,0.0
4,135,12.0,6.330375190998179,0.0,0.0,0.0,0.0,0.0,0.0
5,135,9.17985071433314,3.602198532089839,0.0,1.0,0.0,0.0,1.0,1.0
6,135,0.0,0.0,0.0,1.0,0.0,0.0,0.0,1.0
7,135,10.127035489220129,11.42977852226166,0.0,1.0,0.0,1.0,0.0,1.0
8,135,6.585287247555784,10.46294799970002,0.0,1.0,0.0,1.0,0.0,1.0
9,135,9.765973255816624,0.0,0.0,1.0,0.0,1.0,1.0,1.0
10,135,12.0,5.996384997687124,1.0,0.0,1.0,0.0,0.0,0.0
11,135,9.929602345470578,11.052771621031306,0.0,0.0,1.0,1.0,1.0,1.0
12,135,3.3196889140970374,5.964528478930216,0.0,0.0,0.0,0.0,0.0,0.0
13,135,10.476497284398794,11.851853852614603,0.0,0.0,1.0,0.0,0.0,1.0
14,135,9.994045650610506,8.715614346120146,1.0,0.0,0.0,1.0,0.0,0.0
15,135,9.291910512300786,1.7123632766457164,1.0,0.0,0.0,0.0,1.0,0.0
16,135,9.089403308874251,9.728413220608108,0.0,0.0,0.0,0.0,0.0,1.0
17,135,10.003985032797171,5.765629517603379,1.0,0.0,0.0,0.0,1.0,1.0
18,135,6.798582855168093,9.469758654561332,1.0,1.0,0.0,0.0,0.0,0.0
19,135,12.0,6.928870772824351,0.0,0.0,0.0,0.0,0.0,0.0
0,140,6.79725398921765,1.0635222325549427,0.0,0.0,1.0,0.0,1.0,0.0
1,140,2.1874234222372317,8.961404463341745,1.0,0.0,1.0,0.0,1.0,1.0
2,140,9.605461305009817,11.38270664008502,1.0,1.0,0.0,0.0,0.0,0.0
3,140,8.32593859158595,6.52331082277423,0.0,0.0,1.0,0.0,0.0,0.0
4,140,12.0,6.445846174212936,0.0,0.0,0.0,0.0,0.0,0.0
5,140,9.102453102827106,3.6490420480888375,0.0,1.0,0.0,0.0,1.0,1.0
6,140,0.0,0.0,0.0,1.0,0.0,0.0,0.0,1.0
7,140,10.15330809572264,11.346516916964095,0.0,1.0,0.0,1.0,0.0,1.0
8,140,6.602612830886505,10.54356608481718,0.0,1.0,0.0,1.0,0.0,1.0
9,140,9.649783364337416,0.0,0.0,1.0,0.0,1.0,1.0,1.0
10,140,12.0,5.994718860571696,1.0,0.0,1.0,0.0,0.0,0.0
11,140,10.028222252306708,11.060236262753346,0.0,0.0,1.0,1.0,1.0,1.0
12,140,3.3109876205300086,5.927392343235741,0.0,0.0,0.0,0.0,0.0,0.0
13,140,10.554113395187215,11.82993126384855,0.0,0.0,1.0,0.0,0.0,1.0
14,140,9.949938660505769,8.681917225333208,1.0,0.0,0.0,1.0,0.0,0.0
15,140,9.296119676327752,1.7672747383652403,1.0,0.0,0.0,0.0,1.0,0.0
16,140,8.999697963447174,9.616737863901552,0.0,0.0,0.0,0.0,0.0,1.0
17,140,9.995473319221189,5.654501232971054,1.0,0.0,0.0,0.0,1.0,1.0
18,140,6.780471270883794,9.447043899088523,1.0,1.0,0.0,0.0,0.0,0.0
19,140,12.0,6.960279913290509,0.0,0.0,0.0,0.0,0.0,0.0
0,145,6.802426724993745,1.0589477728522667,0.0,0.0,1.0,0.0,1.0,0.0
1,145,2.1960614886878087,8.959957518241339,1.0,0.0,1.0,0.0,1.0,1.0
2,145,9.600043148510617,11.420226182386836,1.0,1.0,0.0,0.0,0.0,0.0
3,145,8.218700527639788,6.486860132828617,0.0,0.0,1.0,0.0,0.0,0.0
4,145,12.0,6.540291075088616,0.0,0.0,0.0,0.0,0.0,0.0
5,145,9.040608414225323,3.686976473402379,0.0,1.0,0.0,0.0,1.0,1.0
6,145,0.0,0.0,0.0,1.0,0.0,0.0,0.0,1.0
7,145,10.185092179139035,11.248506925128366,0.0,1.0,0.0,1.0,0.0,1.0
8,145,6.62389774411101,10.63478828502381,0.0,1.0,0.0,1.0,0.0,1.0
9,145,9.524274522199216,0.0,0.0,1.0,0.0,1.0,1.0,1.0
10,145,11.99908059490499,5.995254514154194,1.0,0.0,1.0,0.0,0.0,0.0
11,145,10.100356563794088,11.065572741948506,0.0,0.0,1.0,1.0,1.0,1.0
12,145,3.306608402900319,5.907372289351906,0.0,0.0,0.0,0.0,0.0,0.0
13,145,10.641931549113684,11.804812270029364,0.0,0.0,1.0,0.0,0.0,1.0
14,145,9.912184374654176,8.650734988903675,1.0,0.0,0.0,1.0,0.0,0.0
15,145,9.300241573121756,1.8294989885481727,1.0,0.0,0.0,0.0,1.0,0.0
16,145,8.911631622177104,9.50036407791004,0.0,0.0,0.0,0.0,0.0,1.0
17,145,9.987170870247976,5.54746045996605,1.0,0.0,0.0,0.0,1.0,1.0
18,145,6.772522526239235,9.436962618948604,1.0,1.0,0.0,0.0,0.0,0.0
19,145,12.0,6.99020081498915,0.0,0.0,0.0,0.0,0.0,0.0
0,150,6.815014792238585,1.0468920579194188,0.0,0.0,1.0,0.0,1.0,0.0
1,150,2.195676415569838,8.960024957015111,1.0,0.0,1.0,0.0,1.0,1.0
2,150,9.594874962580548,11.449448875158726,1.0,1.0,0.0,0.0,0.0,0.0
3,150,8.095113601260735,6.448665348041386,0.0,0.0,1.0,0.0,0.0,0.0
4,150,12.0,6.62866349962695,0.0,0.0,0.0,0.0,0.0,0.0
5,150,8.982722680805706,3.722008385330142,0.0,1.0,0.0,0.0,1.0,1.0
6,150,0.0,0.0,0.0,1.0,0.0,0.0,0.0,1.0
7,150,10.27930759331598,11.278996714230033,0.0,1.0,0.0,1.0,0.0,1.0
8,150,6.644663870330827,10.71438047731682,0.0,1.0,0.0,1.0,0.0,1.0
9,150,9.400286929158026,0.0,0.0,1.0,0.0,1.0,1.0,1.0
10,150,11.993302102696637,5.9984787467992415,1.0,0.0,1.0,0.0,0.0,0.0
11,150,10.162688304724172,11.07170863829859,0.0,0.0,1.0,1.0,1.0,1.0
12,150,3.3029175311483345,5.889881112707752,0.0,0.0,0.0,0.0,0.0,0.0
13,150,10.72900287130657,11.777508643563978,0.0,0.0,1.0,0.0,0.0,1.0
14,150,9.894672865158476,8.636664580984707,1.0,0.0,0.0,1.0,0.0,0.0
15,150,9.30426364533915,1.878094061091074,1.0,0.0,0.0,0.0,1.0,0.0
16,150,8.84157801146532,9.40471283190408,0.0,0.0,0.0,0.0,0.0,1.0
17,150,9.97975425320566,5.459341832705333,1.0,0.0,0.0,0.0,1.0,1.0
18,150,6.777149321530717,9.443004442607371,1.0,1.0,0.0,0.0,0.0,0.0
19,150,12.0,7.0200352685298855,0.0,0.0,0.0,0.0,0.0,0.0
0,155,6.84511925486193,1.0179908924022518,0.0,0.0,1.0,0.0,1.0,0.0
1,155,2.1960386078103302,8.95996627545938,1.0,0.0,1.0,0.0,1.0,1.0
2,155,9.590240881142975,11.479361440465771,1.0,1.0,0.0,0.0,0.0,0.0
3,155,7.992286128403211,6.416627728437186,0.0,0.0,1.0,0.0,0.0,0.0
4,155,12.0,6.73243986916386,0.0,0.0,0.0,0.0,0.0,0.0
5,155,8.931692430520343,3.7560895726767054,0.0,1.0,0.0,0.0,1.0,1.0
6,155,0.0,0.0,0.0,1.0,0.0,0.0,0.0,1.0
7,155,10.372759518396208,11.311991913702435,0.0,1.0,0.0,1.0,0.0,1.0
8,155,6.665875472511928,10.784946087239565,0.0,1.0,0.0,1.0,0.0,1.0
9,155,9.27345254009895,0.0,0.0,1.0,0.0,1.0,1.0,1.0
10,155,11.98739244514652,6.001929801396556,1.0,0.0,1.0,0.0,0.0,0.0
11,155,10.233238864153606,11.076534154572183,0.0,0.0,1.0,1.0,1.0,1.0
12,155,3.2978574771962688,5.863633832915778,0.0,0.0,0.0,0.0,0.0,0.0
13,155,10.814861197640028,11.74916910164857,0.0,0.0,1.0,0.0,0.0,1.0
14,155,9.854861511837832,8.604754558767658,1.0,0.0,0.0,1.0,0.0,0.0
15,155,9.309693129424334,1.9372716072777183,1.0,0.0,0.0,0.0,1.0,0.0
16,155,8.774496310278431,9.318152801874142,0.0,0.0,0.0,0.0,0.0,1.0
17,155,9.968521171586806,5.36902075132011,1.0,0.0,0.0,0.0,1.0,1.0
18,155,6.7825708143675305,9.450137999950682,1.0,1.0,0.0,0.0,0.0,0.0
19,155,12.0,7.06168814803786,0.0,0.0,0.0,0.0,0.0,0.0
0,160,6.879607277845185,0.9825126950721776,0.0,0.0,1.0,0.0,1.0,0.0
1,160,2.186078180903723,8.96129016828878,1.0,0.0,1.0,0.0,1.0,1.0
2,160,9.586134168851,11.510571324178184,1.0,1.0,0.0,0.0,0.0,0.0
3,160,7.893444765188311,6.383261301857176,0.0,0.0,1.0,0.0,0.0,0.0
4,160,12.0,6.8463781150257645,0.0,0.0,0.0,0.0,0.0,0.0
5,160,8.865478750284964,3.8035239474113176,0.0,1.0,0.0,0.0,1.0,1.0
6,160,0.0,0.0,0.0,1.0,0.0,0.0,0.0,1.0
7,160,10.466229818817066,11.345145688614403,0.0,1.0,0.0,1.0,0.0,1.0
8,160,6.687693185332801,10.859541273143211,0.0,1.0,0.0,1.0,0.0,1.0
9,160,9.146335813851184,0.0,0.0,1.0,0.0,1.0,1.0,1.0
10,160,11.976550962228387,6.008127854919473,1.0,0.0,1.0,0.0,0.0,0.0
11,160,10.28483687200278,11.079411339840028,0.0,0.0,1.0,1.0,1.0,1.0
12,160,3.2934069482444093,5.833712779129435,0.0,0.0,0.0,0.0,0.0,0.0
13,160,10.902223078610596,11.717222838581772,0.0,0.0,1.0,0.0,0.0,1.0
14,160,9.823308521877951,8.578071944198992,1.0,0.0,0.0,1.0,0.0,0.0
15,160,9.315121420284733,1.996084254070538,1.0,0.0,0.0,0.0,1.0,0.0
16,160,8.702052118919173,9.22951643704079,0.0,0.0,0.0,0.0,0.0,1.0
17,160,9.962722010293383,5.2992872704699945,1.0,0.0,0.0,0.0,1.0,1.0
18,160,6.786936859986239,9.45596006375967,1.0,1.0,0.0,0.0,0.0,0.0
19,160,12.0,7.094800156694286,0.0,0.0,0.0,0.0,0.0,0.0
0,165,6.91426496837059,0.9466294385286904,0.0,0.0,1.0,0.0,1.0,0.0
1,165,2.1905600914880643,8.960632061098107,1.0,0.0,1.0,0.0,1.0,1.0
2,165,9.578891885453505,11.56791024468192,1.0,1.0,0.0,0.0,0.0,0.0
3,165,7.7936643351781,6.351978918750423,0.0,0.0,1.0,0.0,0.0,0.0
4,165,12.0,6.974653309316732,0.0,0.0,0.0,0.0,0.0,0.0
5,165,8.806202228345745,3.847527627021693,0.0,1.0,0.0,0.0,1.0,1.0
6,165,0.0,0.0,0.0,1.0,0.0,0.0,0.0,1.0
7,165,10.573153207701113,11.382825152024902,0.0,1.0,0.0,1.0,0.0,1.0
8,165,6.7094304878198505,10.939689737759664,0.0,1.0,0.0,1.0,0.0,1.0
9,165,9.02534258874599,0.0,0.0,1.0,0.0,1.0,1.0,1.0
10,165,11.962987341817806,6.015818788690851,1.0,0.0,1.0,0.0,0.0,0.0
11,165,10.343460126741432,11.083521439928372,0.0,0.0,1.0,1.0,1.0,1.0
12,165,3.2883719168817405,5.793573893701392,0.0,0.0,0.0,0.0,0.0,0.0
13,165,10.967791357313075,11.693684139476408,0.0,0.0,1.0,0.0,0.0,1.0
14,165,9.769882279442385,8.534847572189703,1.0,0.0,0.0,1.0,0.0,0.0
15,165,9.320533286107713,2.0650673855338337,1.0,0.0,0.0,0.0,1.0,0.0
16,165,8.635665497714093,9.146279088134984,0.0,0.0,0.0,0.0,0.0,1.0
17,165,9.95764425073652,5.243735513675579,1.0,0.0,0.0,0.0,1.0,1.0
18,165,6.786899169769688,9.455908691449611,1.0,1.0,0.0,0.0,0.0,0.0
19,165,12.0,7.129598436759759,0.0,0.0,0.0,0.0,0.0,0.0
0,170,6.958089877657992,0.901895220609051,0.0,0.0,1.0,0.0,1.0,0.0
1,170,2.199816939805796,8.958976674582342,1.0,0.0,1.0,0.0,1.0,1.0
2,170,9.570699280707148,11.623493324540386,1.0,1.0,0.0,0.0,0.0,0.0
3,170,7.679954247449741,6.31472027298429,0.0,0.0,1.0,0.0,0.0,0.0
4,170,12.0,7.0879592630533095,0.0,0.0,0.0,0.0,0.0,0.0
5,170,8.73007440142826,3.9023696761271816,0.0,1.0,0.0,0.0,1.0,1.0
6,170,0.0,0.0,0.0,1.0,0.0,0.0,0.0,1.0
7,170,10.687335063928796,11.425637224567812,0.0,1.0,0.0,1.0,0.0,1.0
8,170,6.729400842592178,11.015955442434098,0.0,1.0,0.0,1.0,0.0,1.0
9,170,8.901897600139128,0.0,0.0,1.0,0.0,1.0,1.0,1.0
10,170,11.94954264670829,6.023601674179388,1.0,0.0,1.0,0.0,0.0,0.0
11,170,10.39787545728502,11.08691256539131,0.0,0.0,1.0,1.0,1.0,1.0
12,170,3.2802264434613626,5.738734218630552,0.0,0.0,0.0,0.0,0.0,0.0
13,170,11.004676175934511,11.679926547258656,0.0,0.0,1.0,0.0,0.0,1.0
14,170,9.71422760567858,8.487524127852867,1.0,0.0,0.0,1.0,0.0,0.0
15,170,9.323349852032711,2.102972132677305,1.0,0.0,0.0,0.0,1.0,0.0
16,170,8.566959486609036,9.05779209158812,0.0,0.0,0.0,0.0,0.0,1.0
17,170,9.949930385097092,5.165616110722462,1.0,0.0,0.0,0.0,1.0,1.0
18,170,6.793027315166548,9.464353012468395,1.0,1.0,0.0,0.0,0.0,0.0
19,170,12.0,7.161956108699233,0.0,0.0,0.0,0.0,0.0,0.0
0,175,6.980095184908744,0.8795281809844423,0.0,0.0,1.0,0.0,1.0,0.0
1,175,2.207766745304909,8.95763882044581,1.0,0.0,1.0,0.0,1.0,1.0
2,175,9.56381765927655,11.683030223687371,1.0,1.0,0.0,0.0,0.0,0.0
3,175,7.566381810183527,6.27850568746749,0.0,0.0,1.0,0.0,0.0,0.0
4,175,12.0,7.180310624618774,0.0,0.0,0.0,0.0,0.0,0.0
5,175,8.647607511533591,3.962050073816318,0.0,1.0,0.0,0.0,1.0,1.0
6,175,0.0,0.0,0.0,1.0,0.0,0.0,0.0,1.0
7,175,10.77271601070507,11.458157318202993,0.0,1.0,0.0,1.0,0.0,1.0
8,175,6.753760601316102,11.106589868719787,0.0,1.0,0.0,1.0,0.0,1.0
9,175,8.765553687999216,0.0,0.0,1.0,0.0,1.0,1.0,1.0
10,175,11.94508384691498,6.0261165723079335,1.0,0.0,1.0,0.0,0.0,0.0
11,175,10.47368314363797,11.093957906315952,0.0,0.0,1.0,1.0,1.0,1.0
12,175,3.270473548984569,5.66890006956466,0.0,0.0,0.0,0.0,0.0,0.0
13,175,11.042250617658924,11.66662125450714,0.0,0.0,1.0,0.0,0.0,1.0
14,175,9.65517077207288,8.4364830736715,1.0,0.0,0.0,1.0,0.0,0.0
15,175,9.324975895373726,2.138140426800574,1.0,0.0,0.0,0.0,1.0,0.0
16,175,8.511305602493266,8.98878727820606,0.0,0.0,0.0,0.0,0.0,1.0
17,175,9.941410424987932,5.088079423576175,1.0,0.0,0.0,0.0,1.0,1.0
18,175,6.78280896669247,9.449834048599667,1.0,1.0,0.0,0.0,0.0,0.0
19,175,12.0,7.184021539821841,0.0,0.0,0.0,0.0,0.0,0.0
0,180,7.005568060847241,0.8518681812489131,0.0,0.0,1.0,0.0,1.0,0.0
1,180,2.2114600594964373,8.957052927516969,1.0,0.0,1.0,0.0,1.0,1.0
2,180,9.55821762240824,11.722605799885075,1.0,1.0,0.0,0.0,0.0,0.0
3,180,7.462545008243723,6.247090155881185,0.0,0.0,1.0,0.0,0.0,0.0
4,180,12.0,7.251861901128124,0.0,0.0,0.0,0.0,0.0,0.0
5,180,8.561868375593113,4.0250705395177775,0.0,1.0,0.0,0.0,1.0,1.0
6,180,0.0926857237460415,0.0,0.0,1.0,0.0,0.0,0.0,1.0
7,180,10.86255413326443,11.490590443414904,0.0,1.0,0.0,1.0,0.0,1.0
8,180,6.776356353105599,11.194278775858102,0.0,1.0,0.0,1.0,0.0,1.0
9,180,8.632855135760868,0.0,0.0,1.0,0.0,1.0,1.0,1.0
10,180,11.933543194249904,6.033198481190623,1.0,0.0,1.0,0.0,0.0,0.0
11,180,10.555790451853817,11.101238406383189,0.0,0.0,1.0,1.0,1.0,1.0
12,180,3.2620979827801637,5.611787031141286,0.0,0.0,0.0,0.0,0.0,0.0
13,180,11.07248807786107,11.655841886347652,0.0,0.0,1.0,0.0,0.0,1.0
14,180,9.594142546013767,8.380941276398904,1.0,0.0,0.0,1.0,0.0,0.0
15,180,9.326029423580495,2.173434368270372,1.0,0.0,0.0,0.0,1.0,0.0
16,180,8.449047697696765,8.912403860616589,0.0,0.0,0.0,0.0,0.0,1.0
17,180,9.9350607354986,5.0183292287622185,1.0,0.0,0.0,0.0,1.0,1.0
18,180,6.76375444992756,9.422840164702926,1.0,1.0,0.0,0.0,0.0,0.0
19,180,12.0,7.218917668531014,0.0,0.0,0.0,0.0,0.0,0.0
0,185,7.017961094214393,0.8380540265583678,0.0,0.0,1.0,0.0,1.0,0.0
1,185,2.230299079437388,8.954566027020299,1.0,0.0,1.0,0.0,1.0,1.0
2,185,9.554422537098835,11.751965070938027,1.0,1.0,0.0,0.0,0.0,0.0
3,185,7.3610603066486355,6.219122951032318,0.0,0.0,1.0,0.0,0.0,0.0
4,185,11.999113241506132,7.313921135301932,0.0,0.0,0.0,0.0,0.0,0.0
5,185,8.49211778155455,4.075593827129417,0.0,1.0,0.0,0.0,1.0,1.0
6,185,0.1972432201839863,0.0,0.0,1.0,0.0,0.0,0.0,1.0
7,185,10.954178213401116,11.523002129467637,0.0,1.0,0.0,1.0,0.0,1.0
8,185,6.799770486420019,11.28484974249975,0.0,1.0,0.0,1.0,0.0,1.0
9,185,8.513205550254778,0.0,0.0,1.0,0.0,1.0,1.0,1.0
10,185,11.91780741115252,6.043448287146569,1.0,0.0,1.0,0.0,0.0,0.0
11,185,10.643121107285673,11.108932955584477,0.0,0.0,1.0,1.0,1.0,1.0
12,185,3.2528025178829703,5.546034329770578,0.0,0.0,0.0,0.0,0.0,0.0
13,185,11.103940846149332,11.645523974728874,0.0,0.0,1.0,0.0,0.0,1.0
14,185,9.547731965555448,8.337477818998984,1.0,0.0,0.0,1.0,0.0,0.0
15,185,9.32797034113216,2.208627387015236,1.0,0.0,0.0,0.0,1.0,0.0
16,185,8.37798788132779,8.823316378816768,0.0,0.0,0.0,0.0,0.0,1.0
17,185,9.927133146920584,4.9433167928073205,1.0,0.0,0.0,0.0,1.0,1.0
18,185,6.746301037311161,9.397012662448049,1.0,1.0,0.0,0.0,0.0,0.0
19,185,12.0,7.257142602077158,0.0,0.0,0.0,0.0,0.0,0.0
0,190,7.027309366258974,0.8277704114842536,0.0,0.0,1.0,0.0,1.0,0.0
1,190,2.260466190315657,8.951172936569513,1.0,0.0,1.0,0.0,1.0,1.0
2,190,9.549970058806954,11.78705100757708,1.0,1.0,0.0,0.0,0.0,0.0
3,190,7.246495471789444,6.195250400627224,0.0,0.0,1.0,0.0,0.0,0.0
4,190,11.996097142970887,7.383992631733976,0.0,0.0,0.0,0.0,0.0,0.0
5,190,8.416551527635553,4.128381275819697,0.0,1.0,0.0,0.0,1.0,1.0
6,190,0.3106899318066425,0.0,0.0,1.0,0.0,0.0,0.0,1.0
7,190,11.029232436279708,11.549536399628712,0.0,1.0,0.0,1.0,0.0,1.0
8,190,6.822543655479617,11.374760076671173,0.0,1.0,0.0,1.0,0.0,1.0
9,190,8.388107336480058,0.0,0.0,1.0,0.0,1.0,1.0,1.0
10,190,11.92741370369828,6.03754383867749,1.0,0.0,1.0,0.0,0.0,0.0
11,190,10.71958277208286,11.11617004060566,0.0,0.0,1.0,1.0,1.0,1.0
12,190,3.244621210557584,5.492643755567842,0.0,0.0,0.0,0.0,0.0,0.0
13,190,11.117144892624385,11.641031022956597,0.0,0.0,1.0,0.0,0.0,1.0
14,190,9.490317882915583,8.282916064234378,1.0,0.0,0.0,1.0,0.0,0.0
15,190,9.329761431204217,2.2328830187648565,1.0,0.0,0.0,0.0,1.0,0.0
16,190,8.309483065384983,8.732902413880172,0.0,0.0,0.0,0.0,0.0,1.0
17,190,9.919186007137904,4.852145587104239,1.0,0.0,0.0,0.0,1.0,1.0
18,190,6.715304931788943,9.352964452957435,1.0,1.0,0.0,0.0,0.0,0.0
19,190,12.0,7.310616795179023,0.0,0.0,0.0,0.0,0.0,0.0
0,195,7.0351400422105685,0.8193885784686382,0.0,0.0,1.0,0.0,1.0,0.0
1,195,2.290698442162985,8.947690254988377,1.0,0.0,1.0,0.0,1.0,1.0
2,195,9.546234118407964,11.824408297788075,1.0,1.0,0.0,0.0,0.0,0.0
3,195,7.133421968325773,6.168977620400125,0.0,0.0,1.0,0.0,0.0,0.0
4,195,11.991315376036113,7.456330007383573,0.0,0.0,0.0,0.0,0.0,0.0
5,195,8.363091208773511,4.165735387206582,0.0,1.0,0.0,0.0,1.0,1.0
6,195,0.4324841234785259,0.0,0.0,1.0,0.0,0.0,0.0,1.0
7,195,11.089399515511133,11.57015290519248,0.0,1.0,0.0,1.0,0.0,1.0
8,195,6.843192726626654,11.449253780751503,0.0,1.0,0.0,1.0,0.0,1.0
9,195,8.239623045627523,0.0,0.0,1.0,0.0,1.0,1.0,1.0
10,195,11.943598637476027,6.028076724510756,1.0,0.0,1.0,0.0,0.0,0.0
11,195,10.790559213137245,11.1224056309021,0.0,0.0,1.0,1.0,1.0,1.0
12,195,3.238694580438822,5.453828005401959,0.0,0.0,0.0,0.0,0.0,0.0
13,195,11.12442685024658,11.638367971588488,0.0,0.0,1.0,0.0,0.0,1.0
14,195,9.430249765190478,8.226796366442143,1.0,0.0,0.0,1.0,0.0,0.0
15,195,9.331431876869576,2.252058536208411,1.0,0.0,0.0,0.0,1.0,0.0
16,195,8.235355032323234,8.631991200358362,0.0,0.0,0.0,0.0,0.0,1.0
17,195,9.909428661618,4.7620711231232296,1.0,0.0,0.0,0.0,1.0,1.0
18,195,6.682875735361734,9.30642029639012,1.0,1.0,0.0,0.0,0.0,0.0
19,195,12.0,7.360721238186205,0.0,0.0,0.0,0.0,0.0,0.0
0,200,7.04847230230788,0.8054428375722168,0.0,0.0,1.0,0.0,1.0,0.0
1,200,2.3270139835279404,8.943176045157287,1.0,0.0,1.0,0.0,1.0,1.0
2,200,9.540863289373288,11.878239381844098,1.0,1.0,0.0,0.0,0.0,0.0
3,200,7.003731594358341,6.137225482466304,0.0,0.0,1.0,0.0,0.0,0.0
4,200,11.987878061389717,7.530515952352237,0.0,0.0,0.0,0.0,0.0,0.0
5,200,8.312260239909026,4.204147213718675,0.0,1.0,0.0,0.0,1.0,1.0
6,200,0.3805671794752749,0.0,0.0,1.0,0.0,0.0,0.0,1.0
7,200,11.158216552111703,11.59269476388098,0.0,1.0,0.0,1.0,0.0,1.0
8,200,6.753559304935728,11.4723908022664,0.0,1.0,0.0,1.0,0.0,1.0
9,200,8.071670692169437,0.0,0.0,1.0,0.0,1.0,1.0,1.0
10,200,11.96245917299661,6.017329482577441,1.0,0.0,1.0,0.0,0.0,0.0
11,200,10.833681817229822,11.126281744108187,0.0,0.0,1.0,1.0,1.0,1.0
12,200,3.2327867431359283,5.415021127660767,0.0,0.0,0.0,0.0,0.0,0.0
13,200,11.141408830131468,11.631781831434466,0.0,0.0,1.0,0.0,0.0,1.0
14,200,9.368341884945192,8.167392574143607,1.0,0.0,0.0,1.0,0.0,0.0
15,200,9.334685958179293,2.280646924640335,1.0,0.0,0.0,0.0,1.0,0.0
16,200,8.16151262273898,8.529949029477331,0.0,0.0,0.0,0.0,0.0,1.0
17,200,9.896140757647002,4.650412776428742,1.0,0.0,0.0,0.0,1.0,1.0
18,200,6.640631094861466,9.244144112842914,1.0,1.0,0.0,0.0,0.0,0.0
19,200,12.0,7.413697749769171,0.0,0.0,0.0,0.0,0.0,0.0
0,205,7.059696368991836,0.7943347479725223,0.0,0.0,1.0,0.0,1.0,0.0
1,205,2.3489922668278718,8.940837870066465,1.0,0.0,1.0,0.0,1.0,1.0
2,205,9.53573933749017,11.933023212988124,1.0,1.0,0.0,0.0,0.0,0.0
3,205,6.8738637686800965,6.107099896533754,0.0,0.0,1.0,0.0,0.0,0.0
4,205,11.985132690371454,7.5888504575015645,0.0,0.0,0.0,0.0,0.0,0.0
5,205,8.269283070855295,4.236726102540098,0.0,1.0,0.0,0.0,1.0,1.0
6,205,0.3333040504360788,0.0,0.0,1.0,0.0,0.0,0.0,1.0
7,205,11.224166851220042,11.612061670137743,0.0,1.0,0.0,1.0,0.0,1.0
8,205,6.660425203529435,11.495486766986334,0.0,1.0,0.0,1.0,0.0,1.0
9,205,7.905514993583639,0.0,0.0,1.0,0.0,1.0,1.0,1.0
10,205,11.951061800928638,6.023825394758267,1.0,0.0,1.0,0.0,0.0,0.0
11,205,10.877798387664525,11.130918301423335,0.0,0.0,1.0,1.0,1.0,1.0
12,205,3.222806736023058,5.359239359878042,0.0,0.0,0.0,0.0,0.0,0.0
13,205,11.160023663407603,11.6246955030245,0.0,0.0,1.0,0.0,0.0,1.0
14,205,9.309197794518084,8.113123019285288,1.0,0.0,0.0,1.0,0.0,0.0
15,205,9.336961877397757,2.300023986130708,1.0,0.0,0.0,0.0,1.0,0.0
16,205,8.077722537043226,8.416793933272986,0.0,0.0,0.0,0.0,0.0,1.0
17,205,9.884716698933122,4.539056000886971,1.0,0.0,0.0,0.0,1.0,1.0
18,205,6.58883114469046,9.171207810159512,1.0,1.0,0.0,0.0,0.0,0.0
19,205,12.0,7.468416660273999,0.0,0.0,0.0,0.0,0.0,0.0
0,210,7.072854267622107,0.7814512896537704,0.0,0.0,1.0,0.0,1.0,0.0
1,210,2.359675232233577,8.939618409350247,1.0,0.0,1.0,0.0,1.0,1.0
2,210,9.529654360505106,11.997940706676262,1.0,1.0,0.0,0.0,0.0,0.0
3,210,6.732141627418176,6.076491889742871,0.0,0.0,1.0,0.0,0.0,0.0
4,210,11.9823591108536,7.636071270170952,0.0,0.0,0.0,0.0,0.0,0.0
5,210,8.214424553431565,4.27773348422236,0.0,1.0,0.0,0.0,1.0,1.0
6,210,0.2789894354721934,0.0,0.0,1.0,0.0,0.0,0.0,1.0
7,210,11.253803503131266,11.621441507875778,0.0,1.0,0.0,1.0,0.0,1.0
8,210,6.583240409080435,11.513905807235323,0.0,1.0,0.0,1.0,0.0,1.0
9,210,7.724717731788054,0.0,0.0,1.0,0.0,1.0,1.0,1.0
10,210,11.93783290531932,6.031464910867778,1.0,0.0,1.0,0.0,0.0,0.0
11,210,10.923439277547615,11.134051690906462,0.0,0.0,1.0,1.0,1.0,1.0
12,210,3.214106548613665,5.311484980219542,0.0,0.0,0.0,0.0,0.0,0.0
13,210,11.175651286163246,11.61893569988347,0.0,0.0,1.0,0.0,0.0,1.0
14,210,9.250704188903796,8.05673366025561,1.0,0.0,0.0,1.0,0.0,0.0
15,210,9.337257625309904,2.302412340385924,1.0,0.0,0.0,0.0,1.0,0.0
16,210,8.001162070054837,8.310215025355449,0.0,0.0,0.0,0.0,0.0,1.0
17,210,9.87554669385211,4.4282796293498885,1.0,0.0,0.0,0.0,1.0,1.0
18,210,6.546518937526525,9.110637480805048,1.0,1.0,0.0,0.0,0.0,0.0
19,210,12.0,7.52330266960089,0.0,0.0,0.0,0.0,0.0,0.0
0,215,7.096424501207121,0.7588318705256671,0.0,0.0,1.0,0.0,1.0,0.0
1,215,2.354425413093421,8.940151642785715,1.0,0.0,1.0,0.0,1.0,1.0
2,215,9.52545312690433,12.0,1.0,1.0,0.0,0.0,0.0,0.0
3,215,6.5797669162006045,6.046068628120588,0.0,0.0,1.0,0.0,0.0,0.0
4,215,11.978956837470804,7.679086205462253,0.0,0.0,0.0,0.0,0.0,0.0
5,215,8.159089996369575,4.318965441316933,0.0,1.0,0.0,0.0,1.0,1.0
6,215,0.2318434404851931,0.0,0.0,1.0,0.0,0.0,0.0,1.0
7,215,11.295308035944652,11.635277573528375,0.0,1.0,0.0,1.0,0.0,1.0
8,215,6.508159748588557,11.531520910988954,0.0,1.0,0.0,1.0,0.0,1.0
9,215,7.5396699700010865,0.0,0.0,1.0,0.0,1.0,1.0,1.0
10,215,11.930134137496628,6.035946840388731,1.0,0.0,1.0,0.0,0.0,0.0
11,215,10.969159825956998,11.137495807487038,0.0,0.0,1.0,1.0,1.0,1.0
12,215,3.2034790917531404,5.243179997284865,0.0,0.0,0.0,0.0,0.0,0.0
13,215,11.184940887769455,11.615721641056393,0.0,0.0,1.0,0.0,0.0,1.0
14,215,9.19510855503767,8.003180614276495,1.0,0.0,0.0,1.0,0.0,0.0
15,215,9.339639711276586,2.320531117133429,1.0,0.0,0.0,0.0,1.0,0.0
16,215,7.92480928538113,8.21007073068541,0.0,0.0,0.0,0.0,0.0,1.0
17,215,9.870796683936648,4.325042156206398,1.0,0.0,0.0,0.0,1.0,1.0
18,215,6.501363556596495,9.04223328265688,1.0,1.0,0.0,0.0,0.0,0.0
19,215,12.0,7.573926131450077,0.0,0.0,0.0,0.0,0.0,0.0
0,220,7.11214915057659,0.7430751988593833,0.0,0.0,1.0,0.0,1.0,0.0
1,220,2.350196979479996,8.940570117872316,1.0,0.0,1.0,0.0,1.0,1.0
2,220,9.523564448792586,12.0,1.0,1.0,0.0,0.0,0.0,0.0
3,220,6.427136856473568,6.013634153899182,0.0,0.0,1.0,0.0,0.0,0.0
4,220,11.975156603232309,7.725490282127717,0.0,0.0,0.0,0.0,0.0,0.0
5,220,8.089586145585827,4.373845667741262,0.0,1.0,0.0,0.0,1.0,1.0
6,220,0.177121464405112,0.0,0.0,1.0,0.0,0.0,0.0,1.0
7,220,11.33586876315161,11.649087872798024,0.0,1.0,0.0,1.0,0.0,1.0
8,220,6.436252293611397,11.545942577421402,0.0,1.0,0.0,1.0,0.0,1.0
9,220,7.372153408679487,0.0,0.0,1.0,0.0,1.0,1.0,1.0
10,220,11.922161774448874,6.040409349852791,1.0,0.0,1.0,0.0,0.0,0.0
11,220,11.022624499151773,11.141009692219525,0.0,0.0,1.0,1.0,1.0,1.0
12,220,3.196164317479337,5.192014420118669,0.0,0.0,0.0,0.0,0.0,0.0
13,220,11.178086401634893,11.618066630038705,0.0,0.0,1.0,0.0,0.0,1.0
14,220,9.139812248110168,7.949885742716756,1.0,0.0,0.0,1.0,0.0,0.0
15,220,9.3408399742357,2.3272493717587888,1.0,0.0,0.0,0.0,1.0,0.0
16,220,7.842344716050975,8.10439244918263,0.0,0.0,0.0,0.0,0.0,1.0
17,220,9.86780845764186,4.200736590610719,1.0,0.0,0.0,0.0,1.0,1.0
18,220,6.442557332547836,8.95385377632517,1.0,1.0,0.0,0.0,0.0,0.0
19,220,12.0,7.610765634438023,0.0,0.0,0.0,0.0,0.0,0.0
0,225,7.121370302303483,0.7340705773926299,0.0,0.0,1.0,0.0,1.0,0.0
1,225,2.3558114983845893,8.940044065354243,1.0,0.0,1.0,0.0,1.0,1.0
2,225,9.52326412418023,12.0,1.0,1.0,0.0,0.0,0.0,0.0
3,225,6.287980425293998,5.982426028351994,0.0,0.0,1.0,0.0,0.0,0.0
4,225,11.972626055889783,7.761721795533741,0.0,0.0,0.0,0.0,0.0,0.0
5,225,8.023863451288294,4.425283057916068,0.0,1.0,0.0,0.0,1.0,1.0
6,225,0.1159338762055952,0.0,0.0,1.0,0.0,0.0,0.0,1.0
7,225,11.356150649684526,11.655995958574351,0.0,1.0,0.0,1.0,0.0,1.0
8,225,6.372092389065988,11.55890092036936,0.0,1.0,0.0,1.0,0.0,1.0
9,225,7.193339492645124,0.0,0.0,1.0,0.0,1.0,1.0,1.0
10,225,11.92914907487067,6.036535099104551,1.0,0.0,1.0,0.0,0.0,0.0
11,225,11.084253079747835,11.147451167936158,0.0,0.0,1.0,1.0,1.0,1.0
12,225,3.1893346954776054,5.142276019068072,0.0,0.0,0.0,0.0,0.0,0.0
13,225,11.146439249489422,11.627709307022943,0.0,0.0,1.0,0.0,0.0,1.0
14,225,9.085997873652774,7.896180829182163,1.0,0.0,0.0,1.0,0.0,0.0
15,225,9.338962695782737,2.315840257947261,1.0,0.0,0.0,0.0,1.0,0.0
16,225,7.754208575957494,7.981345686163985,0.0,0.0,0.0,0.0,0.0,1.0
17,225,9.868245113832227,4.093339970362512,1.0,0.0,0.0,0.0,1.0,1.0
18,225,6.374187694676172,8.855575052357013,1.0,1.0,0.0,0.0,0.0,0.0
19,225,12.0,7.648683225852126,0.0,0.0,0.0,0.0,0.0,0.0
0,230,7.106597945435959,0.7478047985783117,0.0,0.0,1.0,0.0,1.0,0.0
1,230,2.360053239355211,8.939670477102625,1.0,0.0,1.0,0.0,1.0,1.0
2,230,9.522429005746254,12.0,1.0,1.0,0.0,0.0,0.0,0.0
3,230,6.150998122593557,5.950011248203383,0.0,0.0,1.0,0.0,0.0,0.0
4,230,11.968246735746334,7.8114913154518115,0.0,0.0,0.0,0.0,0.0,0.0
5,230,7.953422517727754,4.478055509956126,0.0,1.0,0.0,0.0,1.0,1.0
6,230,0.0574361828058602,0.0,0.0,1.0,0.0,0.0,0.0,1.0
7,230,11.360032679953584,11.657263872360378,0.0,1.0,0.0,1.0,0.0,1.0
8,230,6.310367504467366,11.570593263663552,0.0,1.0,0.0,1.0,0.0,1.0
9,230,7.011331429253515,0.0,0.0,1.0,0.0,1.0,1.0,1.0
10,230,11.94841547145379,6.025988502575745,1.0,0.0,1.0,0.0,0.0,0.0
11,230,11.149616611649028,11.157315299721049,0.0,0.0,1.0,1.0,1.0,1.0
12,230,3.182158324343236,5.077446234355268,0.0,0.0,0.0,0.0,0.0,0.0
13,230,11.117537229895406,11.63775630732676,0.0,0.0,1.0,0.0,0.0,1.0
14,230,9.03135142028716,7.8421163011050785,1.0,0.0,0.0,1.0,0.0,0.0
15,230,9.33712209290928,2.305650835156524,1.0,0.0,0.0,0.0,1.0,0.0
16,230,7.660121522202863,7.845341261496827,0.0,0.0,0.0,0.0,0.0,1.0
17,230,9.869889549898332,3.9681860981128514,1.0,0.0,0.0,0.0,1.0,1.0
18,230,6.309305183790585,8.75991000596161,1.0,1.0,0.0,0.0,0.0,0.0
19,230,12.0,7.695031542165476,0.0,0.0,0.0,0.0,0.0,0.0
0,235,7.09287501738169,0.7601879575517064,0.0,0.0,1.0,0.0,1.0,0.0
1,235,2.362825429843304,8.939361290557567,1.0,0.0,1.0,0.0,1.0,1.0
2,235,9.521107410365262,12.0,1.0,1.0,0.0,0.0,0.0,0.0
3,235,6.0270666052374855,5.920559709097343,0.0,0.0,1.0,0.0,0.0,0.0
4,235,11.9630634574855,7.85402544372752,0.0,0.0,0.0,0.0,0.0,0.0
5,235,7.895497983384461,4.520719770413681,0.0,1.0,0.0,0.0,1.0,1.0
6,235,0.0,0.0,0.0,1.0,0.0,0.0,0.0,1.0
7,235,11.352788746788752,11.65465438142405,0.0,1.0,0.0,1.0,0.0,1.0
8,235,6.255988602929168,11.582764242291423,0.0,1.0,0.0,1.0,0.0,1.0
9,235,6.848274258774866,0.0,0.0,1.0,0.0,1.0,1.0,1.0
10,235,11.961581998335054,6.018769164424104,1.0,0.0,1.0,0.0,0.0,0.0
11,235,11.20815881160171,11.165434034705932,0.0,0.0,1.0,1.0,1.0,1.0
12,235,3.174420579040204,5.007565387344743,0.0,0.0,0.0,0.0,0.0,0.0
13,235,11.070593867027435,11.655620106303296,0.0,0.0,1.0,0.0,0.0,1.0
14,235,8.963017880905735,7.777419257084714,1.0,0.0,0.0,1.0,0.0,0.0
15,235,9.33474171465224,2.293387786948797,1.0,0.0,0.0,0.0,1.0,0.0
16,235,7.576583773739507,7.725114357701709,0.0,0.0,0.0,0.0,0.0,1.0
17,235,9.869573904338877,3.850904265868184,1.0,0.0,0.0,0.0,1.0,1.0
18,235,6.24538153190387,8.661867690435397,1.0,1.0,0.0,0.0,0.0,0.0
19,235,12.0,7.7339479421534,0.0,0.0,0.0,0.0,0.0,0.0
0,240,7.088845103082818,0.7638033157444848,0.0,0.0,1.0,0.0,1.0,0.0
1,240,2.3569191072586984,8.940047737039405,1.0,0.0,1.0,0.0,1.0,1.0
2,240,9.521528589664143,11.992975264239046,1.0,1.0,0.0,0.0,0.0,0.0
3,240,6.058937998415441,5.784772417282838,0.0,0.0,1.0,0.0,0.0,0.0
4,240,11.958604281258292,7.891232614779409,0.0,0.0,0.0,0.0,0.0,0.0
5,240,7.833691324860796,4.567431679454798,0.0,1.0,0.0,0.0,1.0,1.0
6,240,0.0,0.0,0.0,1.0,0.0,0.0,0.0,1.0
7,240,11.336891981629,11.649121269040812,0.0,1.0,0.0,1.0,0.0,1.0
8,240,6.200685856098672,11.596656986647648,0.0,1.0,0.0,1.0,0.0,1.0
9,240,6.672017979420096,0.0,0.0,1.0,0.0,1.0,1.0,1.0
10,240,11.987787179573584,6.004396619208467,1.0,0.0,1.0,0.0,0.0,0.0
11,240,11.282580086969611,11.174642247039072,0.0,0.0,1.0,1.0,1.0,1.0
12,240,3.166470370938166,4.941239693727853,0.0,0.0,0.0,0.0,0.0,0.0
13,240,11.026374541527575,11.672615234844235,0.0,0.0,1.0,0.0,0.0,1.0
14,240,8.89099717798212,7.71130310133503,1.0,0.0,0.0,1.0,0.0,0.0
15,240,9.33352239325958,2.287399314299281,1.0,0.0,0.0,0.0,1.0,0.0
16,240,7.497781276305182,7.617010929481966,0.0,0.0,0.0,0.0,0.0,1.0
17,240,9.870830069457854,3.736374573584666,1.0,0.0,0.0,0.0,1.0,1.0
18,240,6.191462499599716,8.581396345511452,1.0,1.0,0.0,0.0,0.0,0.0
19,240,12.0,7.786448875059352,0.0,0.0,0.0,0.0,0.0,0.0
0,245,7.091613397534528,0.7612304033152004,0.0,0.0,1.0,0.0,1.0,0.0
1,245,2.343446474446902,8.941545246173032,1.0,0.0,1.0,0.0,1.0,1.0
2,245,9.521759376206056,11.98511621970181,1.0,1.0,0.0,0.0,0.0,0.0
3,245,6.2146072473299085,5.819856976860608,0.0,0.0,1.0,0.0,0.0,0.0
4,245,11.95407905817857,7.927907844002421,0.0,0.0,0.0,0.0,0.0,0.0
5,245,7.755771511895023,4.6252169098979135,0.0,1.0,0.0,0.0,1.0,1.0
6,245,0.0,0.0,0.0,1.0,0.0,0.0,0.0,1.0
7,245,11.318795162833814,11.643239126987195,0.0,1.0,0.0,1.0,0.0,1.0
8,245,6.135445386550618,11.612274630266622,0.0,1.0,0.0,1.0,0.0,1.0
9,245,6.490410782034086,0.0,0.0,1.0,0.0,1.0,1.0,1.0
10,245,11.981066374412997,6.008221733212142,1.0,0.0,1.0,0.0,0.0,0.0
11,245,11.349908517335178,11.18354504563025,0.0,0.0,1.0,1.0,1.0,1.0
12,245,3.1536037413781486,4.851301815097573,0.0,0.0,0.0,0.0,0.0,0.0
13,245,10.98477402487882,11.688801668536948,0.0,0.0,1.0,0.0,0.0,1.0
14,245,8.830406098731913,7.653295473079382,1.0,0.0,0.0,1.0,0.0,0.0
15,245,9.33043284765526,2.272396314462837,1.0,0.0,0.0,0.0,1.0,0.0
16,245,7.421086806588744,7.515658282918145,0.0,0.0,0.0,0.0,0.0,1.0
17,245,9.871121061921157,3.619960812185064,1.0,0.0,0.0,0.0,1.0,1.0
18,245,6.151888840316772,8.52075159871113,1.0,1.0,0.0,0.0,0.0,0.0
19,245,12.0,7.8447490594678335,0.0,0.0,0.0,0.0,0.0,0.0
0,250,7.095667593773154,0.7576018331645538,0.0,0.0,1.0,0.0,1.0,0.0
1,250,2.324099012512109,8.943269084388053,1.0,0.0,1.0,0.0,1.0,1.0
2,250,9.522014952692734,11.964770494671177,1.0,1.0,0.0,0.0,0.0,0.0
3,250,6.360104261366628,5.853016341262199,0.0,0.0,1.0,0.0,0.0,0.0
4,250,11.949865782804997,7.960613542065106,0.0,0.0,0.0,0.0,0.0,0.0
5,250,7.670779944066323,4.68602831014994,0.0,1.0,0.0,0.0,1.0,1.0
6,250,0.0,0.0,0.0,1.0,0.0,0.0,0.0,1.0
7,250,11.28124807946233,11.63066178382071,0.0,1.0,0.0,1.0,0.0,1.0
8,250,6.092745050955484,11.623337000575374,0.0,1.0,0.0,1.0,0.0,1.0
9,250,6.297349756380409,0.0,0.0,1.0,0.0,1.0,1.0,1.0
10,250,11.992871674379826,6.001691189078396,1.0,0.0,1.0,0.0,0.0,0.0
11,250,11.429842150489122,11.194376540998856,0.0,0.0,1.0,1.0,1.0,1.0
12,250,3.136167636687373,4.732718434728822,0.0,0.0,0.0,0.0,0.0,0.0
13,250,10.955396176375276,11.699337611669073,0.0,0.0,1.0,0.0,0.0,1.0
14,250,8.777724996928503,7.600427204463252,1.0,0.0,0.0,1.0,0.0,0.0
15,250,9.327942709770532,2.2596442966918318,1.0,0.0,0.0,0.0,1.0,0.0
16,250,7.347072015425681,7.421253879467129,0.0,0.0,0.0,0.0,0.0,1.0
17,250,9.87100860206736,3.4889264469172314,1.0,0.0,0.0,0.0,1.0,1.0
18,250,6.10306972722458,8.444462941070991,1.0,1.0,0.0,0.0,0.0,0.0
19,250,12.0,7.900871734766255,0.0,0.0,0.0,0.0,0.0,0.0
0,255,7.085262481199085,0.7670184562053172,0.0,0.0,1.0,0.0,1.0,0.0
1,255,2.310039309827241,8.944284549484353,1.0,0.0,1.0,0.0,1.0,1.0
2,255,9.522073431917113,11.918335263403929,1.0,1.0,0.0,0.0,0.0,0.0
3,255,6.494889224820941,5.882148958232231,0.0,0.0,1.0,0.0,0.0,0.0
4,255,11.947497895080476,7.981396136068742,0.0,0.0,0.0,0.0,0.0,0.0
5,255,7.560471244704101,4.764707744005832,0.0,1.0,0.0,0.0,1.0,1.0
6,255,0.0,0.0,0.0,1.0,0.0,0.0,0.0,1.0
7,255,11.234552088888956,11.615463608709488,0.0,1.0,0.0,1.0,0.0,1.0
8,255,6.042103817330804,11.63602104316086,0.0,1.0,0.0,1.0,0.0,1.0
9,255,6.11701684967198,0.0,0.0,1.0,0.0,1.0,1.0,1.0
10,255,12.0,5.992751204201545,1.0,0.0,1.0,0.0,0.0,0.0
11,255,11.506792810408667,11.206201554167585,0.0,0.0,1.0,1.0,1.0,1.0
12,255,3.119973890689881,4.616922426257246,0.0,0.0,0.0,0.0,0.0,0.0
13,255,10.929768232984916,11.70874177940526,0.0,0.0,1.0,0.0,0.0,1.0
14,255,8.729363137203151,7.553866782254031,1.0,0.0,0.0,1.0,0.0,0.0
15,255,9.325122034041932,2.245195215534312,1.0,0.0,0.0,0.0,1.0,0.0
16,255,7.278655421589203,7.336121724358018,0.0,0.0,0.0,0.0,0.0,1.0
17,255,9.870834369112158,3.345230064950903,1.0,0.0,0.0,0.0,1.0,1.0
18,255,6.057562858405359,8.37347837784326,1.0,1.0,0.0,0.0,0.0,0.0
19,255,12.0,7.948925277528911,0.0,0.0,0.0,0.0,0.0,0.0
0,260,7.089098943760043,0.7633949305783596,0.0,0.0,1.0,0.0,1.0,0.0
1,260,2.2738043024443764,8.946370064962984,1.0,0.0,1.0,0.0,1.0,1.0
2,260,9.52228777655932,11.882260489460316,1.0,1.0,0.0,0.0,0.0,0.0
3,260,6.636477735260812,5.911375803605611,0.0,0.0,1.0,0.0,0.0,0.0
4,260,11.941906186131249,8.03676206305504,0.0,0.0,0.0,0.0,0.0,0.0
5,260,7.467733212521401,4.836908289535101,0.0,1.0,0.0,0.0,1.0,1.0
6,260,0.0,0.0,0.0,1.0,0.0,0.0,0.0,1.0
7,260,11.19577102290586,11.60107426575207,0.0,1.0,0.0,1.0,0.0,1.0
8,260,5.992045908964595,11.648093686894825,0.0,1.0,0.0,1.0,0.0,1.0
9,260,5.933620527552927,0.0,0.0,1.0,0.0,1.0,1.0,1.0
10,260,12.0,5.971303450645616,1.0,0.0,1.0,0.0,0.0,0.0
11,260,11.570041205161417,11.21493536817311,0.0,0.0,1.0,1.0,1.0,1.0
12,260,3.104584798871369,4.511433833415354,0.0,0.0,0.0,0.0,0.0,0.0
13,260,10.899101520872302,11.720420233963791,0.0,0.0,1.0,0.0,0.0,1.0
14,260,8.678913131483695,7.507891788880755,1.0,0.0,0.0,1.0,0.0,0.0
15,260,9.321541033706522,2.2276749444298973,1.0,0.0,0.0,0.0,1.0,0.0
16,260,7.220477177953667,7.263186314158105,0.0,0.0,0.0,0.0,0.0,1.0
17,260,9.872842299705342,3.225876180228212,1.0,0.0,0.0,0.0,1.0,1.0
18,260,6.023405751901644,8.31976582462819,1.0,1.0,0.0,0.0,0.0,0.0
19,260,12.0,7.9807703875798115,0.0,0.0,0.0,0.0,0.0,0.0
0,265,7.110025138193635,0.7431058514022727,0.0,0.0,1.0,0.0,1.0,0.0
1,265,2.2541673725858917,8.948051197469871,1.0,0.0,1.0,0.0,1.0,1.0
2,265,9.522709654558676,11.854070989453287,1.0,1.0,0.0,0.0,0.0,0.0
3,265,6.761494346249631,5.940653478041067,0.0,0.0,1.0,0.0,0.0,0.0
4,265,11.936051326469054,8.085915176182853,0.0,0.0,0.0,0.0,0.0,0.0
5,265,7.375471366852468,4.907879560568554,0.0,1.0,0.0,0.0,1.0,1.0
6,265,0.0,0.0,0.0,1.0,0.0,0.0,0.0,1.0
7,265,11.166619928923966,11.590296665172142,0.0,1.0,0.0,1.0,0.0,1.0
8,265,5.939572081155683,11.659503952953932,0.0,1.0,0.0,1.0,0.0,1.0
9,265,5.7397071770728845,0.0,0.0,1.0,0.0,1.0,1.0,1.0
10,265,12.0,5.953752706083227,1.0,0.0,1.0,0.0,0.0,0.0
11,265,11.620096079357392,11.221555578379544,0.0,0.0,1.0,1.0,1.0,1.0
12,265,3.0936988264674343,4.432951556156442,0.0,0.0,0.0,0.0,0.0,0.0
13,265,10.859873545245613,11.736661872690703,0.0,0.0,1.0,0.0,0.0,1.0
14,265,8.613282999406188,7.451854446173983,1.0,0.0,0.0,1.0,0.0,0.0
15,265,9.314871421739642,2.195370822096516,1.0,0.0,0.0,0.0,1.0,0.0
16,265,7.1703507967048825,7.199566595511375,0.0,0.0,0.0,0.0,0.0,1.0
17,265,9.875397865422242,3.093221733086049,1.0,0.0,0.0,0.0,1.0,1.0
18,265,5.991168030082453,8.268592724658133,1.0,1.0,0.0,0.0,0.0,0.0
19,265,12.0,8.021097620403795,0.0,0.0,0.0,0.0,0.0,0.0
0,270,7.121613565486325,0.7318304842904078,0.0,0.0,1.0,0.0,1.0,0.0
1,270,2.2106101479777958,8.953168125761367,1.0,0.0,1.0,0.0,1.0,1.0
2,270,9.522772044574538,11.79965667914653,1.0,1.0,0.0,0.0,0.0,0.0
3,270,6.906263034322045,5.974531321154133,0.0,0.0,1.0,0.0,0.0,0.0
4,270,11.930581633487808,8.123851834854726,0.0,0.0,0.0,0.0,0.0,0.0
5,270,7.313116938725034,4.956640407042471,0.0,1.0,0.0,0.0,1.0,1.0
6,270,0.0,0.0,0.0,1.0,0.0,0.0,0.0,1.0
7,270,11.131565207504618,11.577891359623344,0.0,1.0,0.0,1.0,0.0,1.0
8,270,5.875241045018797,11.672450269828827,0.0,1.0,0.0,1.0,0.0,1.0
9,270,5.555125449264937,0.0,0.0,1.0,0.0,1.0,1.0,1.0
10,270,12.0,5.941068609210533,1.0,0.0,1.0,0.0,0.0,0.0
11,270,11.681218001862952,11.229637143656875,0.0,0.0,1.0,1.0,1.0,1.0
12,270,3.085372078272256,4.367170139414909,0.0,0.0,0.0,0.0,0.0,0.0
13,270,10.825371893399222,11.74974156763238,0.0,0.0,1.0,0.0,0.0,1.0
14,270,8.539264472461067,7.3906866731793075,1.0,0.0,0.0,1.0,0.0,0.0
15,270,9.309383465857676,2.168371448118862,1.0,0.0,0.0,0.0,1.0,0.0
16,270,7.105741303435859,7.119949586712241,0.0,0.0,0.0,0.0,0.0,1.0
17,270,9.879543460057327,2.9629213674779677,1.0,0.0,0.0,0.0,1.0,1.0
18,270,5.953370047873596,8.212012927237186,1.0,1.0,0.0,0.0,0.0,0.0
19,270,12.0,8.0585123997837,0.0,0.0,0.0,0.0,0.0,0.0
0,275,7.140013934063415,0.7143537986557676,0.0,0.0,1.0,0.0,1.0,0.0
1,275,2.155904847979775,8.96107586950255,1.0,0.0,1.0,0.0,1.0,1.0
2,275,9.524104713359916,11.74417238113364,1.0,1.0,0.0,0.0,0.0,0.0
3,275,7.046072145038052,6.008388285727084,0.0,0.0,1.0,0.0,0.0,0.0
4,275,11.923000029550764,8.165598746510897,0.0,0.0,0.0,0.0,0.0,0.0
5,275,7.252664209001964,4.880268510381543,0.0,1.0,0.0,0.0,1.0,1.0
6,275,0.0,0.0,0.0,1.0,0.0,0.0,0.0,1.0
7,275,11.101037780975206,11.567158217795308,0.0,1.0,0.0,1.0,0.0,1.0
8,275,5.809600529393347,11.684711045465288,0.0,1.0,0.0,1.0,0.0,1.0
9,275,5.372785280313111,0.0,0.0,1.0,0.0,1.0,1.0,1.0
10,275,12.0,5.9322343890899845,1.0,0.0,1.0,0.0,0.0,0.0
11,275,11.741183372769694,11.23954589822983,0.0,0.0,1.0,1.0,1.0,1.0
12,275,3.0760788052602237,4.296655125638868,0.0,0.0,0.0,0.0,0.0,0.0
13,275,10.78477136531074,11.763301184798358,0.0,0.0,1.0,0.0,0.0,1.0
14,275,8.448307640198056,7.317176190825896,1.0,0.0,0.0,1.0,0.0,0.0
15,275,9.298256545723389,2.120960738822108,1.0,0.0,0.0,0.0,1.0,0.0
16,275,7.030153279588959,7.029042442760868,0.0,0.0,0.0,0.0,0.0,1.0
17,275,9.8832609781062,2.817333437104967,1.0,0.0,0.0,0.0,1.0,1.0
18,275,5.912484757918647,8.148959378549506,1.0,1.0,0.0,0.0,0.0,0.0
19,275,12.0,8.098823180666322,0.0,0.0,0.0,0.0,0.0,0.0
0,280,7.18049811026989,0.6786353421467445,0.0,0.0,1.0,0.0,1.0,0.0
1,280,2.0850826094352466,8.971971395261681,1.0,0.0,1.0,0.0,1.0,1.0
2,280,9.526606808761883,11.695095885284555,1.0,1.0,0.0,0.0,0.0,0.0
3,280,7.18582619464176,6.040939219909637,0.0,0.0,1.0,0.0,0.0,0.0
4,280,11.915415193318106,8.203635710568129,0.0,0.0,0.0,0.0,0.0,0.0
5,280,7.184865486188558,4.79455999495964,0.0,1.0,0.0,0.0,1.0,1.0
6,280,0.0,0.0,0.0,1.0,0.0,0.0,0.0,1.0
7,280,11.08085887566232,11.559421705066466,0.0,1.0,0.0,1.0,0.0,1.0
8,280,5.735251888046152,11.700481893614034,0.0,1.0,0.0,1.0,0.0,1.0
9,280,5.209647037089555,0.1829506231932296,0.0,1.0,0.0,1.0,1.0,1.0
10,280,12.0,5.931303672707304,1.0,0.0,1.0,0.0,0.0,0.0
11,280,11.808332420708291,11.251165617055516,0.0,0.0,1.0,1.0,1.0,1.0
12,280,3.0631353729594726,4.20489219763946,0.0,0.0,0.0,0.0,0.0,0.0
13,280,10.803907423497426,11.817866368688623,0.0,0.0,1.0,0.0,0.0,1.0
14,280,8.341908669540773,7.225400014817343,1.0,0.0,0.0,1.0,0.0,0.0
15,280,9.287972648575424,2.075161624391205,1.0,0.0,0.0,0.0,1.0,0.0
16,280,6.944238430775949,6.9221899642240325,0.0,0.0,0.0,0.0,0.0,1.0
17,280,9.882670929874708,2.6694343576012027,1.0,0.0,0.0,0.0,1.0,1.0
18,280,5.873216830591815,8.088125106184114,1.0,1.0,0.0,0.0,0.0,0.0
19,280,12.0,8.14301260347571,0.0,0.0,0.0,0.0,0.0,0.0
0,285,7.224258528801329,0.6398860561760151,0.0,0.0,1.0,0.0,1.0,0.0
1,285,2.006176575040622,8.985402221128401,1.0,0.0,1.0,0.0,1.0,1.0
2,285,9.52924493927808,11.645696487238306,1.0,1.0,0.0,0.0,0.0,0.0
3,285,7.345634238986496,6.077491731198782,0.0,0.0,1.0,0.0,0.0,0.0
4,285,11.910608679128185,8.228103232705836,0.0,0.0,0.0,0.0,0.0,0.0
5,285,7.135526781636241,4.733098952120355,0.0,1.0,0.0,0.0,1.0,1.0
6,285,0.0,0.0,0.0,1.0,0.0,0.0,0.0,1.0
7,285,11.072361741235287,11.556271520535471,0.0,1.0,0.0,1.0,0.0,1.0
8,285,5.664594447094485,11.71467961884092,0.0,1.0,0.0,1.0,0.0,1.0
9,285,5.0712925327100224,0.3407716616411812,0.0,1.0,0.0,1.0,1.0,1.0
10,285,11.987769315697754,5.93653323339839,1.0,0.0,1.0,0.0,0.0,0.0
11,285,11.88687132764663,11.264683788358209,0.0,0.0,1.0,1.0,1.0,1.0
12,285,3.0464853428569736,4.0987907444404446,0.0,0.0,0.0,0.0,0.0,0.0
13,285,10.82021473960988,11.863811861145583,0.0,0.0,1.0,0.0,0.0,1.0
14,285,8.241635924287225,7.136525789641853,1.0,0.0,0.0,1.0,0.0,0.0
15,285,9.275831516507326,2.0232115158386548,1.0,0.0,0.0,0.0,1.0,0.0
16,285,6.871198662429313,6.832915990098002,0.0,0.0,0.0,0.0,0.0,1.0
17,285,9.88444200456203,2.526724385421865,1.0,0.0,0.0,0.0,1.0,1.0
18,285,5.838090018344142,8.029664335835871,1.0,1.0,0.0,0.0,0.0,0.0
19,285,12.0,8.185792218480602,0.0,0.0,0.0,0.0,0.0,0.0
0,290,7.252483853949714,0.6139596288365243,0.0,0.0,1.0,0.0,1.0,0.0
1,290,1.9312146544621345,8.998300703684071,1.0,0.0,1.0,0.0,1.0,1.0
2,290,9.532094262645645,11.58441157376796,1.0,1.0,0.0,0.0,0.0,0.0
3,290,7.490494668903467,6.109632519522083,0.0,0.0,1.0,0.0,0.0,0.0
4,290,11.91235088955066,8.218876321776097,0.0,0.0,0.0,0.0,0.0,0.0
5,290,7.087169364813299,4.674013828359675,0.0,1.0,0.0,0.0,1.0,1.0
6,290,0.0,0.0,0.0,1.0,0.0,0.0,0.0,1.0
7,290,11.06398163221638,11.553178007993164,0.0,1.0,0.0,1.0,0.0,1.0
8,290,5.59292667988979,11.727329795536676,0.0,1.0,0.0,1.0,0.0,1.0
9,290,4.925567772892117,0.4972614373686074,0.0,1.0,0.0,1.0,1.0,1.0
10,290,11.97069929765327,5.944006774021797,1.0,0.0,1.0,0.0,0.0,0.0
11,290,11.970047458116316,11.279534206337388,0.0,0.0,1.0,1.0,1.0,1.0
12,290,3.0330357159127432,4.009909856580243,0.0,0.0,0.0,0.0,0.0,0.0
13,290,10.83945363139838,11.915567702173409,0.0,0.0,1.0,0.0,0.0,1.0
14,290,8.152584313682134,7.055980706064841,1.0,0.0,0.0,1.0,0.0,0.0
15,290,9.271147690459406,1.9979140853259965,1.0,0.0,0.0,0.0,1.0,0.0
16,290,6.794125427232417,6.742806634061259,0.0,0.0,0.0,0.0,0.0,1.0
17,290,9.886516178402754,2.39629605635849,1.0,0.0,0.0,0.0,1.0,1.0
18,290,5.799105257284108,7.96705273905127,1.0,1.0,0.0,0.0,0.0,0.0
19,290,12.0,8.222614818482842,0.0,0.0,0.0,0.0,0.0,0.0
0,295,7.279624730308377,0.5901977360314482,0.0,0.0,1.0,0.0,1.0,0.0
1,295,1.943392857805665,9.076568273984634,1.0,0.0,1.0,0.0,1.0,1.0
2,295,9.5342381635034,11.53861494973847,1.0,1.0,0.0,0.0,0.0,0.0
3,295,7.659261478937828,6.146579079740152,0.0,0.0,1.0,0.0,0.0,0.0
4,295,11.917535092069803,8.192801690501625,0.0,0.0,0.0,0.0,0.0,0.0
5,295,7.039062449246208,4.612927319876286,0.0,1.0,0.0,0.0,1.0,1.0
6,295,0.0,0.0,0.0,1.0,0.0,0.0,0.0,1.0
7,295,11.06861093474875,11.55493559923474,0.0,1.0,0.0,1.0,0.0,1.0
8,295,5.521451025564559,11.741359402271616,0.0,1.0,0.0,1.0,0.0,1.0
9,295,4.787223970833731,0.645928790696197,0.0,1.0,0.0,1.0,1.0,1.0
10,295,11.975872060590827,5.941680958986273,1.0,0.0,1.0,0.0,0.0,0.0
11,295,12.0,11.292491909170426,0.0,0.0,1.0,1.0,1.0,1.0
12,295,3.022823661208792,3.9363730509133728,0.0,0.0,0.0,0.0,0.0,0.0
13,295,10.853679128092333,11.95501422521027,0.0,0.0,1.0,0.0,0.0,1.0
14,295,8.062623305340958,6.971798475598055,1.0,0.0,0.0,1.0,0.0,0.0
15,295,9.26941073380134,1.988282109127512,1.0,0.0,0.0,0.0,1.0,0.0
16,295,6.714613413025468,6.646559307092547,0.0,0.0,0.0,0.0,0.0,1.0
17,295,9.88848841711867,2.2706593521774243,1.0,0.0,0.0,0.0,1.0,1.0
18,295,5.7704341408312505,7.917900827894442,1.0,1.0,0.0,0.0,0.0,0.0
19,295,12.0,8.271307306174144,0.0,0.0,0.0,0.0,0.0,0.0
