0,0,7.968041474684671,4.007132710706856,0.0,0.0,0.0,1.0,0.0,0.0
1,0,0.0228524675564271,3.944066190186904,0.0,0.0,0.0,0.0,0.0,0.0
2,0,9.049144519144322,7.967234631277719,1.0,0.0,0.0,0.0,1.0,0.0
3,0,2.993564530766983,10.95861877266678,0.0,0.0,1.0,0.0,1.0,1.0
4,0,3.046570462083144,0.0,0.0,0.0,1.0,0.0,1.0,1.0
5,0,10.975703521252926,5.035836214057721,1.0,1.0,0.0,0.0,1.0,0.0
6,0,3.938619650397779,3.992540369007335,0.0,1.0,0.0,0.0,0.0,1.0
7,0,10.062462732643231,2.045111257939844,0.0,0.0,1.0,1.0,1.0,1.0
8,0,5.0330488312319694,0.006969548116642,0.0,1.0,1.0,0.0,1.0,0.0
9,0,9.949068828211056,11.023091659998848,1.0,0.0,0.0,0.0,1.0,0.0
10,0,0.0,6.0295630803958975,0.0,1.0,0.0,1.0,0.0,0.0
11,0,0.0,8.959528203374983,0.0,1.0,0.0,0.0,1.0,0.0
12,0,2.0623656100967653,5.972785112547475,0.0,0.0,1.0,0.0,1.0,0.0
13,0,7.035524771191879,3.059920547924211,0.0,1.0,0.0,1.0,1.0,0.0
14,0,12.0,7.051926328784014,1.0,0.0,1.0,1.0,0.0,0.0
15,0,1.9647022876559523,11.043739375085586,0.0,0.0,0.0,0.0,0.0,1.0
16,0,9.021496175144543,7.076442238661251,0.0,0.0,0.0,0.0,0.0,0.0
17,0,1.9973366845603249,11.05549922331964,1.0,1.0,0.0,1.0,0.0,0.0
18,0,5.963890534543776,6.935070705531594,1.0,0.0,0.0,0.0,0.0,1.0
19,0,11.994902605536314,0.04085371383809,1.0,0.0,0.0,0.0,0.0,0.0
0,5,7.920363783380112,4.0180165061641455,0.0,0.0,0.0,1.0,0.0,0.0
1,5,0.0473258394141825,3.884576037126424,0.0,0.0,0.0,0.0,0.0,0.0
2,5,9.08247695877337,7.945303383415144,1.0,0.0,0.0,0.0,1.0,0.0
3,5,2.985513155082487,10.89999145986399,0.0,0.0,1.0,0.0,1.0,1.0
4,5,3.092376666350156,0.0,0.0,0.0,1.0,0.0,1.0,1.0
5,5,10.961714501985725,5.057873439543939,1.0,1.0,0.0,0.0,1.0,0.0
6,5,3.862474127370148,3.98266171004681,0.0,1.0,0.0,0.0,0.0,1.0
7,5,10.103859596308505,2.075355949927871,0.0,0.0,1.0,1.0,1.0,1.0
8,5,5.064594964568227,0.0137732173602568,0.0,1.0,1.0,0.0,1.0,0.0
9,5,9.898127481481405,11.045917397024644,1.0,0.0,0.0,0.0,1.0,0.0
10,5,0.0,6.061518966702828,0.0,1.0,0.0,1.0,0.0,0.0
11,5,0.0,8.910393925657063,0.0,1.0,0.0,0.0,1.0,0.0
12,5,2.109615704874373,5.951267780696615,0.0,0.0,1.0,0.0,1.0,0.0
13,5,7.062132301294073,3.10188753030578,0.0,1.0,0.0,1.0,1.0,0.0
14,5,12.0,7.079036789404129,1.0,0.0,1.0,1.0,0.0,0.0
15,5,1.9246992127160407,11.091314149625031,0.0,0.0,0.0,0.0,0.0,1.0
16,5,9.044013251823442,7.156710355793348,0.0,0.0,0.0,0.0,0.0,0.0
17,5,1.99380462003754,11.113867982927946,1.0,1.0,0.0,1.0,0.0,0.0
18,5,5.929288569676906,6.876397740055211,1.0,0.0,0.0,0.0,0.0,1.0
19,5,11.991472203173226,0.0737462413770544,1.0,0.0,0.0,0.0,0.0,0.0
0,10,7.896073522198002,4.023870262905831,0.0,0.0,0.0,1.0,0.0,0.0
1,10,0.0767022275475029,3.815930384609726,0.0,0.0,0.0,0.0,0.0,0.0
2,10,9.10370187171796,7.930843919875402,1.0,0.0,0.0,0.0,1.0,0.0
3,10,2.9797701512878407,10.854604906792533,0.0,0.0,1.0,0.0,1.0,1.0
4,10,3.1434995221737685,0.0,0.0,0.0,1.0,0.0,1.0,1.0
5,10,10.945927310396534,5.08200558162442,1.0,1.0,0.0,0.0,1.0,0.0
6,10,3.782383319284056,3.971742223441767,0.0,1.0,0.0,0.0,0.0,1.0
7,10,10.143020771374898,2.102321666722095,0.0,0.0,1.0,1.0,1.0,1.0
8,10,5.080649038469549,0.0170029968516993,0.0,1.0,1.0,0.0,1.0,0.0
9,10,9.841697811196372,11.072395627167513,1.0,0.0,0.0,0.0,1.0,0.0
10,10,0.0,6.08392571211964,0.0,1.0,0.0,1.0,0.0,0.0
11,10,0.0,8.863049242885841,0.0,1.0,0.0,0.0,1.0,0.0
12,10,2.1637246379588886,5.9280636945759975,0.0,0.0,1.0,0.0,1.0,0.0
13,10,7.103238786624022,3.161751258543154,0.0,1.0,0.0,1.0,1.0,0.0
14,10,12.0,7.096076707296151,1.0,0.0,1.0,1.0,0.0,0.0
15,10,1.8860575687830328,11.136002112211292,0.0,0.0,0.0,0.0,0.0,1.0
16,10,9.067298304006997,7.241785842974342,0.0,0.0,0.0,0.0,0.0,0.0
17,10,1.990390859013588,11.159087650431848,1.0,1.0,0.0,1.0,0.0,0.0
18,10,5.906712790752351,6.839554170435077,1.0,0.0,0.0,0.0,0.0,1.0
19,10,11.987472834170903,0.1078680553561035,1.0,0.0,0.0,0.0,0.0,0.0
0,15,7.865980660790877,4.031277030462205,0.0,0.0,0.0,1.0,0.0,0.0
1,15,0.107836800347332,3.754085045389148,0.0,0.0,0.0,0.0,0.0,0.0
2,15,9.124810102357744,7.916753790091746,1.0,0.0,0.0,0.0,1.0,0.0
3,15,2.9734942690633788,10.803197299740251,0.0,0.0,1.0,0.0,1.0,1.0
4,15,3.2027972004613514,0.0,0.0,0.0,1.0,0.0,1.0,1.0
5,15,10.930328307154562,5.106843003446802,1.0,1.0,0.0,0.0,1.0,0.0
6,15,3.7210135432302143,3.964249595711247,0.0,1.0,0.0,0.0,0.0,1.0
7,15,10.186601315181225,2.131199551476848,0.0,0.0,1.0,1.0,1.0,1.0
8,15,5.076071022942764,0.0161407356093022,0.0,1.0,1.0,0.0,1.0,0.0
9,15,9.788846023081032,11.096909343280595,1.0,0.0,0.0,0.0,1.0,0.0
10,15,0.0,6.1007547843434775,0.0,1.0,0.0,1.0,0.0,0.0
11,15,0.0,8.81139347523493,0.0,1.0,0.0,0.0,1.0,0.0
12,15,2.204204051996112,5.910804772392707,0.0,0.0,1.0,0.0,1.0,0.0
13,15,7.177076782040935,3.1105369426110467,0.0,1.0,0.0,1.0,1.0,0.0
14,15,12.0,7.10754339329984,1.0,0.0,1.0,1.0,0.0,0.0
15,15,1.8354229368577524,11.193326324905035,0.0,0.0,0.0,0.0,0.0,1.0
16,15,9.157317759187787,7.215682188478455,0.0,0.0,0.0,0.0,0.0,0.0
17,15,1.9889990866532417,11.193915423352562,1.0,1.0,0.0,1.0,0.0,0.0
18,15,5.870151664128892,6.7808892338325535,1.0,0.0,0.0,0.0,0.0,1.0
19,15,11.984198683761573,0.1328802552646969,1.0,0.0,0.0,0.0,0.0,0.0
0,20,7.821432626072004,4.041579598299576,0.0,0.0,0.0,1.0,0.0,0.0
1,20,0.1396451982322415,3.688414356641901,0.0,0.0,0.0,0.0,0.0,0.0
2,20,9.172556846551773,7.885954435335289,1.0,0.0,0.0,0.0,1.0,0.0
3,20,2.968415372048466,10.759942126380851,0.0,0.0,1.0,0.0,1.0,1.0
4,20,3.2522303478633803,0.0,0.0,0.0,1.0,0.0,1.0,1.0
5,20,10.91718660421999,5.127850450267465,1.0,1.0,0.0,0.0,1.0,0.0
6,20,3.634526550980009,3.9513841140652097,0.0,1.0,0.0,0.0,0.0,1.0
7,20,10.215305760934497,2.149889301578721,0.0,0.0,1.0,1.0,1.0,1.0
8,20,5.07033577354502,0.0150819391706089,0.0,1.0,1.0,0.0,1.0,0.0
9,20,9.75153087977236,11.112403248064023,1.0,0.0,0.0,0.0,1.0,0.0
10,20,0.0,6.1263076220749735,0.0,1.0,0.0,1.0,0.0,0.0
11,20,0.0,8.755090541064819,0.0,1.0,0.0,0.0,1.0,0.0
12,20,2.2382395336594088,5.896212335889267,0.0,0.0,1.0,0.0,1.0,0.0
13,20,7.245024517027383,3.063940185225756,0.0,1.0,0.0,1.0,1.0,0.0
14,20,12.0,7.119532846674948,1.0,0.0,1.0,1.0,0.0,0.0
15,20,1.7993452534054892,11.23528016114169,0.0,0.0,0.0,0.0,0.0,1.0
16,20,9.261571739993752,7.185525787907962,0.0,0.0,0.0,0.0,0.0,0.0
17,20,1.988526917812828,11.217704914971108,1.0,1.0,0.0,1.0,0.0,0.0
18,20,5.833391528253994,6.719499023072688,1.0,0.0,0.0,0.0,0.0,1.0
19,20,11.980997229761655,0.162008715765674,1.0,0.0,0.0,0.0,0.0,0.0
0,25,7.798413008112988,4.045965077865087,0.0,0.0,0.0,1.0,0.0,0.0
1,25,0.178698307295741,3.610032321286871,0.0,0.0,0.0,0.0,0.0,0.0
2,25,9.217695408759836,7.857182606420588,1.0,0.0,0.0,0.0,1.0,0.0
3,25,2.964887553601391,10.730854389963262,0.0,0.0,1.0,0.0,1.0,1.0
4,25,3.3019464398711142,0.0,0.0,0.0,1.0,0.0,1.0,1.0
5,25,10.907377988271223,5.143168221721334,1.0,1.0,0.0,0.0,1.0,0.0
6,25,3.559031709717797,3.942553755799195,0.0,1.0,0.0,0.0,0.0,1.0
7,25,10.217434054329727,2.151258447036108,0.0,0.0,1.0,1.0,1.0,1.0
8,25,5.075369217953869,0.0159666441589697,0.0,1.0,1.0,0.0,1.0,0.0
9,25,9.716987577662811,11.127575362526796,1.0,0.0,0.0,0.0,1.0,0.0
10,25,0.0,6.145554726113464,0.0,1.0,0.0,1.0,0.0,0.0
11,25,0.0,8.715214144049517,0.0,1.0,0.0,0.0,1.0,0.0
12,25,2.278808327036578,5.879076612148312,0.0,0.0,1.0,0.0,1.0,0.0
13,25,7.331471676782652,3.006720281974737,0.0,1.0,0.0,1.0,1.0,0.0
14,25,12.0,7.141267023548029,1.0,0.0,1.0,1.0,0.0,0.0
15,25,1.767402859206301,11.27215330671003,0.0,0.0,0.0,0.0,0.0,1.0
16,25,9.364849197403691,7.154133240144584,0.0,0.0,0.0,0.0,0.0,0.0
17,25,1.9878824840075775,11.264578439488815,1.0,1.0,0.0,1.0,0.0,0.0
18,25,5.814083109714161,6.686543472507431,1.0,0.0,0.0,0.0,0.0,1.0
19,25,11.979303927474405,0.1763431139123992,1.0,0.0,0.0,0.0,0.0,0.0
0,30,7.78513859599227,4.048329353331149,0.0,0.0,0.0,1.0,0.0,0.0
1,30,0.2016947920616608,3.5649596617187806,0.0,0.0,0.0,0.0,0.0,0.0
2,30,9.262082254091098,7.828338318746327,1.0,0.0,0.0,0.0,1.0,0.0
3,30,2.9628930253225034,10.712067192350355,0.0,0.0,1.0,0.0,1.0,1.0
4,30,3.339742767733624,0.0,0.0,0.0,1.0,0.0,1.0,1.0
5,30,10.890836104164284,5.169254685962171,1.0,1.0,0.0,0.0,1.0,0.0
6,30,3.484190544411638,3.932649341996208,0.0,1.0,0.0,0.0,0.0,1.0
7,30,10.22055685645542,2.153243749640351,0.0,0.0,1.0,1.0,1.0,1.0
8,30,5.07624668511776,0.0161511338015704,0.0,1.0,1.0,0.0,1.0,0.0
9,30,9.739824361790102,11.180400675572706,1.0,0.0,0.0,0.0,1.0,0.0
10,30,0.0,6.178964985076153,0.0,1.0,0.0,1.0,0.0,0.0
11,30,0.0,8.67269787385258,0.0,1.0,0.0,0.0,1.0,0.0
12,30,2.3185337641224035,5.862722078891149,0.0,0.0,1.0,0.0,1.0,0.0
13,30,7.418232977712344,2.948596647773476,0.0,1.0,0.0,1.0,1.0,0.0
14,30,12.0,7.163561076571321,1.0,0.0,1.0,1.0,0.0,0.0
15,30,1.730853693239692,11.311765409600367,0.0,0.0,0.0,0.0,0.0,1.0
16,30,9.45332784588012,7.129610230551581,0.0,0.0,0.0,0.0,0.0,0.0
17,30,1.986616875237896,11.303194204861637,1.0,1.0,0.0,1.0,0.0,0.0
18,30,5.7891467142611575,6.641327838261224,1.0,0.0,0.0,0.0,0.0,1.0
19,30,11.976560941868138,0.1965648112944184,1.0,0.0,0.0,0.0,0.0,0.0
0,35,7.762513210779228,4.052874680997592,0.0,0.0,0.0,1.0,0.0,0.0
1,35,0.2268275185640119,3.5150800547222376,0.0,0.0,0.0,0.0,0.0,0.0
2,35,9.306180991489596,7.799775925671047,1.0,0.0,0.0,0.0,1.0,0.0
3,35,2.960595360235021,10.6809608774486,0.0,0.0,1.0,0.0,1.0,1.0
4,35,3.371624293730719,0.0,0.0,0.0,1.0,0.0,1.0,1.0
5,35,10.87086243497649,5.201673521365635,1.0,1.0,0.0,0.0,1.0,0.0
6,35,3.414127932813525,3.924159704406488,0.0,1.0,0.0,0.0,0.0,1.0
7,35,10.205457028358934,2.1437394678664714,0.0,0.0,1.0,1.0,1.0,1.0
8,35,5.060072369368689,0.0120117190762435,0.0,1.0,1.0,0.0,1.0,0.0
9,35,9.749553516889414,11.203745532283952,1.0,0.0,0.0,0.0,1.0,0.0
10,35,0.0,6.213763988020891,0.0,1.0,0.0,1.0,0.0,0.0
11,35,0.0,8.6384838652773,0.0,1.0,0.0,0.0,1.0,0.0
12,35,2.360816662704865,5.845061419375887,0.0,0.0,1.0,0.0,1.0,0.0
13,35,7.521462203675745,2.882840751845798,0.0,1.0,0.0,1.0,1.0,0.0
14,35,12.0,7.179582961876173,1.0,0.0,1.0,1.0,0.0,0.0
15,35,1.692351881965781,11.350470060712397,0.0,0.0,0.0,0.0,0.0,1.0
16,35,9.548067240189374,7.102472866906113,0.0,0.0,0.0,0.0,0.0,0.0
17,35,1.9847892254510688,11.371195557627374,1.0,1.0,0.0,1.0,0.0,0.0
18,35,5.762765325407174,6.594011132448437,1.0,0.0,0.0,0.0,0.0,1.0
19,35,11.975494508528712,0.2048898969845523,1.0,0.0,0.0,0.0,0.0,0.0
0,40,7.715918225160267,4.062247209114623,0.0,0.0,0.0,1.0,0.0,0.0
1,40,0.2467412287366653,3.475515698355729,0.0,0.0,0.0,0.0,0.0,0.0
2,40,9.341186908351723,7.778041280771598,1.0,0.0,0.0,0.0,1.0,0.0
3,40,2.9579493299122035,10.649641730523957,0.0,0.0,1.0,0.0,1.0,1.0
4,40,3.3914000057628404,0.0,0.0,0.0,1.0,0.0,1.0,1.0
5,40,10.845222529612965,5.244442451810913,1.0,1.0,0.0,0.0,1.0,0.0
6,40,3.3646402315611343,3.91827263876181,0.0,1.0,0.0,0.0,0.0,1.0
7,40,10.189351563982775,2.134622616279067,0.0,0.0,1.0,1.0,1.0,1.0
8,40,5.050177049008518,0.0098237228340236,0.0,1.0,1.0,0.0,1.0,0.0
9,40,9.751368832943465,11.208393857091384,1.0,0.0,0.0,0.0,1.0,0.0
10,40,0.0,6.254996860636914,0.0,1.0,0.0,1.0,0.0,0.0
11,40,0.0,8.603277053986366,0.0,1.0,0.0,0.0,1.0,0.0
12,40,2.393389114410944,5.831521286116883,0.0,0.0,1.0,0.0,1.0,0.0
13,40,7.617976190067296,2.8263172283287408,0.0,1.0,0.0,1.0,1.0,0.0
14,40,11.990086346832452,7.162074934416859,1.0,0.0,1.0,1.0,0.0,0.0
15,40,1.64320381891867,11.398945575793626,0.0,0.0,0.0,0.0,0.0,1.0
16,40,9.639292654307525,7.076961203164868,0.0,0.0,0.0,0.0,0.0,0.0
17,40,2.0430997036232266,11.373986979077111,1.0,1.0,0.0,1.0,0.0,0.0
18,40,5.732452557284969,6.538683345800234,1.0,0.0,0.0,0.0,0.0,1.0
19,40,11.972790851182618,0.2220592214300234,1.0,0.0,0.0,0.0,0.0,0.0
0,45,7.663360072227425,4.071947533341832,0.0,0.0,0.0,1.0,0.0,0.0
1,45,0.2711172891893035,3.4280721031856216,0.0,0.0,0.0,0.0,0.0,0.0
2,45,9.384420082414064,7.751150465756981,1.0,0.0,0.0,0.0,1.0,0.0
3,45,2.9541187721773063,10.601355370971698,0.0,0.0,1.0,0.0,1.0,1.0
4,45,3.3927335623877446,0.0,0.0,0.0,1.0,0.0,1.0,1.0
5,45,10.814007336246224,5.298028274241575,1.0,1.0,0.0,0.0,1.0,0.0
6,45,3.3256498668069328,3.913797021910842,0.0,1.0,0.0,0.0,0.0,1.0
7,45,10.181683699742653,2.1301085881781265,0.0,0.0,1.0,1.0,1.0,1.0
8,45,5.035392835774782,0.0063454212222328,0.0,1.0,1.0,0.0,1.0,0.0
9,45,9.750250727280452,11.205662441835202,1.0,0.0,0.0,0.0,1.0,0.0
10,45,0.0,6.300100863942366,0.0,1.0,0.0,1.0,0.0,0.0
11,45,0.0,8.578779894196234,0.0,1.0,0.0,0.0,1.0,0.0
12,45,2.422179523294354,5.81959196974173,0.0,0.0,1.0,0.0,1.0,0.0
13,45,7.712649740310514,2.7694198718030583,0.0,1.0,0.0,1.0,1.0,0.0
14,45,11.971899693201092,7.130145511039439,1.0,0.0,1.0,1.0,0.0,0.0
15,45,1.5995661940339467,11.442413953422642,0.0,0.0,0.0,0.0,0.0,1.0
16,45,9.744716276160586,7.044976144269057,0.0,0.0,0.0,0.0,0.0,0.0
17,45,2.100748045511448,11.376655545329296,1.0,1.0,0.0,1.0,0.0,0.0
18,45,5.690461778632305,6.462733921339791,1.0,0.0,0.0,0.0,0.0,1.0
19,45,11.972230035573242,0.2256992122388386,1.0,0.0,0.0,0.0,0.0,0.0
0,50,7.612641440217027,4.080922849213866,0.0,0.0,0.0,1.0,0.0,0.0
1,50,0.2976652219975083,3.3789803962783505,0.0,0.0,0.0,0.0,0.0,0.0
2,50,9.410465575114722,7.734874329992315,1.0,0.0,0.0,0.0,1.0,0.0
3,50,2.9519595759577992,10.571741982941044,0.0,0.0,1.0,0.0,1.0,1.0
4,50,3.388029184331068,0.0055918321191708,0.0,0.0,1.0,0.0,1.0,1.0
5,50,10.783307832974517,5.348188568455672,1.0,1.0,0.0,0.0,1.0,0.0
6,50,3.3028439125311637,3.911250838101424,0.0,1.0,0.0,0.0,0.0,1.0
7,50,10.178623955167003,2.1283457404063806,0.0,0.0,1.0,1.0,1.0,1.0
8,50,5.0290506901177,0.0047718168095822,0.0,1.0,1.0,0.0,1.0,0.0
9,50,9.746282338982638,11.19575264645043,1.0,0.0,0.0,0.0,1.0,0.0
10,50,0.0,6.355100342687698,0.0,1.0,0.0,1.0,0.0,0.0
11,50,0.0,8.554652185778284,0.0,1.0,0.0,0.0,1.0,0.0
12,50,2.4547224581604743,5.806263693121885,0.0,0.0,1.0,0.0,1.0,0.0
13,50,7.801820779255032,2.7141072091952894,0.0,1.0,0.0,1.0,1.0,0.0
14,50,11.945111349233962,7.085568333385269,1.0,0.0,1.0,1.0,0.0,0.0
15,50,1.5485221932037194,11.494833114143889,0.0,0.0,0.0,0.0,0.0,1.0
16,50,9.8497563168211,7.014131272577691,0.0,0.0,0.0,0.0,0.0,0.0
17,50,2.155151686888804,11.378268047130044,1.0,1.0,0.0,1.0,0.0,0.0
18,50,5.651733858267884,6.388902305101233,1.0,0.0,0.0,0.0,0.0,1.0
19,50,11.973103392517148,0.2199661879559454,1.0,0.0,0.0,0.0,0.0,0.0
0,55,7.550728941063052,4.092740004699508,0.0,0.0,0.0,1.0,0.0,0.0
1,55,0.3299768697211557,3.3203730070941617,0.0,0.0,0.0,0.0,0.0,0.0
2,55,9.441494183525668,7.715403999729715,1.0,0.0,0.0,0.0,1.0,0.0
3,55,2.948500563448958,10.528700935790276,0.0,0.0,1.0,0.0,1.0,1.0
4,55,3.36929919359004,0.0268242522048424,0.0,0.0,1.0,0.0,1.0,1.0
5,55,10.75608551341369,5.391551084515724,1.0,1.0,0.0,0.0,1.0,0.0
6,55,3.284182031954369,3.909277848519924,0.0,1.0,0.0,0.0,0.0,1.0
7,55,10.170021511083098,2.123196771722649,0.0,0.0,1.0,1.0,1.0,1.0
8,55,5.038157681924455,0.0070782929290159,0.0,1.0,1.0,0.0,1.0,0.0
9,55,9.74929110623045,11.203254015780963,1.0,0.0,0.0,0.0,1.0,0.0
10,55,0.0,6.411803226201761,0.0,1.0,0.0,1.0,0.0,0.0
11,55,0.0,8.539671358883353,0.0,1.0,0.0,0.0,1.0,0.0
12,55,2.505681519963799,5.7858605404547205,0.0,0.0,1.0,0.0,1.0,0.0
13,55,7.899673505724731,2.653349291518707,0.0,1.0,0.0,1.0,1.0,0.0
14,55,11.914819494707295,7.034787583324228,1.0,0.0,1.0,1.0,0.0,0.0
15,55,1.48433097316905,11.561811690927494,0.0,0.0,0.0,0.0,0.0,1.0
16,55,9.939408262361146,6.988989344043271,0.0,0.0,0.0,0.0,0.0,0.0
17,55,2.2047033833207834,11.380931543800232,1.0,1.0,0.0,1.0,0.0,0.0
18,55,5.6080506035895725,6.305160962673156,1.0,0.0,0.0,0.0,0.0,1.0
19,55,11.974008881990258,0.214831089045937,1.0,0.0,0.0,0.0,0.0,0.0
0,60,7.508664052272471,4.099856704495215,0.0,0.0,0.0,1.0,0.0,0.0
1,60,0.3698305444297786,3.251992783236446,0.0,0.0,0.0,0.0,0.0,0.0
2,60,9.475952532305648,7.693727408655591,1.0,0.0,0.0,0.0,1.0,0.0
3,60,2.944263661854024,10.482824619952902,0.0,0.0,1.0,0.0,1.0,1.0
4,60,3.347778958569287,0.0519950663804858,0.0,0.0,1.0,0.0,1.0,1.0
5,60,10.734094147806545,5.425014357621948,1.0,1.0,0.0,0.0,1.0,0.0
6,60,3.2846732060273176,3.909325472055348,0.0,1.0,0.0,0.0,0.0,1.0
7,60,10.157576143004222,2.116382278187233,0.0,0.0,1.0,1.0,1.0,1.0
8,60,5.024061767409797,0.0033666972482259,0.0,1.0,1.0,0.0,1.0,0.0
9,60,9.74947019983185,11.203703033621824,1.0,0.0,0.0,0.0,1.0,0.0
10,60,0.0,6.474928719966863,0.0,1.0,0.0,1.0,0.0,0.0
11,60,0.0,8.514405434455524,0.0,1.0,0.0,0.0,1.0,0.0
12,60,2.545908079646064,5.770749466452731,0.0,0.0,1.0,0.0,1.0,0.0
13,60,8.006396609748707,2.5863049470945705,0.0,1.0,0.0,1.0,1.0,0.0
14,60,11.879898900593762,6.976635850641107,1.0,0.0,1.0,1.0,0.0,0.0
15,60,1.4251366788523976,11.621292556108036,0.0,0.0,0.0,0.0,0.0,1.0
16,60,10.019237069362273,6.96917711196082,0.0,0.0,0.0,0.0,0.0,0.0
17,60,2.2525125794904737,11.383566308981464,1.0,1.0,0.0,1.0,0.0,0.0
18,60,5.564308324705052,6.221831227007305,1.0,0.0,0.0,0.0,0.0,1.0
19,60,11.975945592235217,0.2023016758192377,1.0,0.0,0.0,0.0,0.0,0.0
0,65,7.45482653474983,4.109511732737701,0.0,0.0,0.0,1.0,0.0,0.0
1,65,0.4078170731637193,3.188929322543903,0.0,0.0,0.0,0.0,0.0,0.0
2,65,9.518577333889237,7.666668503599159,1.0,0.0,0.0,0.0,1.0,0.0
3,65,2.9344184412590657,10.404785911665073,0.0,0.0,1.0,0.0,1.0,1.0
4,65,3.330274486905229,0.0727221392993076,0.0,0.0,1.0,0.0,1.0,1.0
5,65,10.709117389626734,5.4619228410779135,1.0,1.0,0.0,0.0,1.0,0.0
6,65,3.2805872592496974,3.9089546234376606,0.0,1.0,0.0,0.0,0.0,1.0
7,65,10.141266187170272,2.1074607783477672,0.0,0.0,1.0,1.0,1.0,1.0
8,65,4.997965298724584,0.0,0.0,1.0,1.0,0.0,1.0,0.0
9,65,9.751968752645944,11.210374678430368,1.0,0.0,0.0,0.0,1.0,0.0
10,65,0.0,6.543678055653268,0.0,1.0,0.0,1.0,0.0,0.0
11,65,0.0,8.492496602377926,0.0,1.0,0.0,0.0,1.0,0.0
12,65,2.5918470324173035,5.753577777238024,0.0,0.0,1.0,0.0,1.0,0.0
13,65,8.093839755832176,2.529863538667948,0.0,1.0,0.0,1.0,1.0,0.0
14,65,11.845178719037849,6.916637180916708,1.0,0.0,1.0,1.0,0.0,0.0
15,65,1.3673776347778483,11.678216574317217,0.0,0.0,0.0,0.0,0.0,1.0
16,65,10.108402146925911,6.947159865019577,0.0,0.0,0.0,0.0,0.0,0.0
17,65,2.297195838116754,11.38710710771148,1.0,1.0,0.0,1.0,0.0,0.0
18,65,5.5314168664266345,6.154963109904744,1.0,0.0,0.0,0.0,0.0,1.0
19,65,11.978168407431257,0.1879422543486877,1.0,0.0,0.0,0.0,0.0,0.0
0,70,7.399995755822645,4.119997408583872,0.0,0.0,0.0,1.0,0.0,0.0
1,70,0.4469232675686784,3.123201503969852,0.0,0.0,0.0,0.0,0.0,0.0
2,70,9.568536383034209,7.635546939311795,1.0,0.0,0.0,0.0,1.0,0.0
3,70,2.92678848328187,10.335741320932362,0.0,0.0,1.0,0.0,1.0,1.0
4,70,3.315609399244394,0.0898552249792163,0.0,0.0,1.0,0.0,1.0,1.0
5,70,10.677473357831936,5.508302146292379,1.0,1.0,0.0,0.0,1.0,0.0
6,70,3.28253369210902,3.909149073286888,0.0,1.0,0.0,0.0,0.0,1.0
7,70,10.115918816687453,2.094541622520638,0.0,0.0,1.0,1.0,1.0,1.0
8,70,4.970751315895219,0.0,0.0,1.0,1.0,0.0,1.0,0.0
9,70,9.752168222626915,11.2109117536946,1.0,0.0,0.0,0.0,1.0,0.0
10,70,0.0,6.624641528789581,0.0,1.0,0.0,1.0,0.0,0.0
11,70,0.0,8.457572023363669,0.0,1.0,0.0,0.0,1.0,0.0
12,70,2.6438844435070967,5.735360123239421,0.0,0.0,1.0,0.0,1.0,0.0
13,70,8.18150975402482,2.4696671666172323,0.0,1.0,0.0,1.0,1.0,0.0
14,70,11.818684212698974,6.872661206734894,1.0,0.0,1.0,1.0,0.0,0.0
15,70,1.327160982370435,11.716938493293071,0.0,0.0,0.0,0.0,0.0,1.0
16,70,10.196508518951322,6.924435145852876,0.0,0.0,0.0,0.0,0.0,0.0
17,70,2.3276430581368595,11.389332098749382,1.0,1.0,0.0,1.0,0.0,0.0
18,70,5.497253997346292,6.083126787958396,1.0,0.0,0.0,0.0,0.0,1.0
19,70,11.983709497341454,0.1568739774138408,1.0,0.0,0.0,0.0,0.0,0.0
0,75,7.370046102302814,4.124860087507627,0.0,0.0,0.0,1.0,0.0,0.0
1,75,0.4951195252804742,3.042863674600712,0.0,0.0,0.0,0.0,0.0,0.0
2,75,9.624266044170254,7.603116335295149,1.0,0.0,0.0,0.0,1.0,0.0
3,75,2.9164683831888283,10.246417320249622,0.0,0.0,1.0,0.0,1.0,1.0
4,75,3.317848031237638,0.0873705932318859,0.0,0.0,1.0,0.0,1.0,1.0
5,75,10.650620364771962,5.549562811716216,1.0,1.0,0.0,0.0,1.0,0.0
6,75,3.28546609877914,3.9094030589510047,0.0,1.0,0.0,0.0,0.0,1.0
7,75,10.115213789424269,2.0941555233217146,0.0,0.0,1.0,1.0,1.0,1.0
8,75,4.944959079966784,0.0,0.0,1.0,1.0,0.0,1.0,0.0
9,75,9.754640316410097,11.217474558915995,1.0,0.0,0.0,0.0,1.0,0.0
10,75,0.0,6.7105992578813325,0.0,1.0,0.0,1.0,0.0,0.0
11,75,0.0,8.409076040414725,0.0,1.0,0.0,0.0,1.0,0.0
12,75,2.692459314978358,5.717634001143606,0.0,0.0,1.0,0.0,1.0,0.0
13,75,8.264608968714,2.415934395861029,0.0,1.0,0.0,1.0,1.0,0.0
14,75,11.782304115255052,6.813645220848285,1.0,0.0,1.0,1.0,0.0,0.0
15,75,1.2808047362571553,11.762902731277808,0.0,0.0,0.0,0.0,0.0,1.0
16,75,10.271008186493017,6.904722677165824,0.0,0.0,0.0,0.0,0.0,0.0
17,75,2.329680178971752,11.389482808899418,1.0,1.0,0.0,1.0,0.0,0.0
18,75,5.463377449163476,6.0112338022960365,1.0,0.0,0.0,0.0,0.0,1.0
19,75,11.987930572640144,0.133096629701386,1.0,0.0,0.0,0.0,0.0,0.0
0,80,7.3260703905073905,4.132734881738316,0.0,0.0,0.0,1.0,0.0,0.0
1,80,0.5543523858358059,2.950684886975463,0.0,0.0,0.0,0.0,0.0,0.0
2,80,9.69584149217966,7.560882445953339,1.0,0.0,0.0,0.0,1.0,0.0
3,80,2.9071886901396184,10.159925641082244,0.0,0.0,1.0,0.0,1.0,1.0
4,80,3.3271204002828787,0.0766767222673203,0.0,0.0,1.0,0.0,1.0,1.0
5,80,10.612307574557631,5.606041680084903,1.0,1.0,0.0,0.0,1.0,0.0
6,80,3.2960247114002525,3.910682155285214,0.0,1.0,0.0,0.0,0.0,1.0
7,80,10.12647414169076,2.100105943331452,0.0,0.0,1.0,1.0,1.0,1.0
8,80,4.924128213843336,0.0,0.0,1.0,1.0,0.0,1.0,0.0
9,80,9.758277443817946,11.226035442650533,1.0,0.0,0.0,0.0,1.0,0.0
10,80,0.0,6.806116679548083,0.0,1.0,0.0,1.0,0.0,0.0
11,80,0.0,8.370351334868399,0.0,1.0,0.0,0.0,1.0,0.0
12,80,2.745616625399565,5.6979434069641,0.0,0.0,1.0,0.0,1.0,0.0
13,80,8.20062004951323,2.319550602463367,0.0,1.0,0.0,1.0,1.0,0.0
14,80,11.758466310391354,6.775038098849401,1.0,0.0,1.0,1.0,0.0,0.0
15,80,1.2416425871558263,11.803642823260496,0.0,0.0,0.0,0.0,0.0,1.0
16,80,10.338721624791004,6.888793613174962,0.0,0.0,0.0,0.0,0.0,0.0
17,80,2.32127850987398,11.38920122248555,1.0,1.0,0.0,1.0,0.0,0.0
18,80,5.4224087781948445,5.921681506541106,1.0,0.0,0.0,0.0,0.0,1.0
19,80,11.995391721583909,0.0942024273257547,1.0,0.0,0.0,0.0,0.0,0.0
0,85,7.294717796403862,4.138800211735028,0.0,0.0,0.0,1.0,0.0,0.0
1,85,0.5963205321446895,2.888607454878772,0.0,0.0,0.0,0.0,0.0,0.0
2,85,9.776719234899549,7.512348530023643,1.0,0.0,0.0,0.0,1.0,0.0
3,85,2.897302236286903,10.071083862891443,0.0,0.0,1.0,0.0,1.0,1.0
4,85,3.342021595529263,0.0595213069939021,0.0,0.0,1.0,0.0,1.0,1.0
5,85,10.578992170189006,5.650008350332422,1.0,1.0,0.0,0.0,1.0,0.0
6,85,3.309246370804727,3.912297352780489,0.0,1.0,0.0,0.0,0.0,1.0
7,85,10.112617091307875,2.092786493835596,0.0,0.0,1.0,1.0,1.0,1.0
8,85,4.919943308887115,0.0,0.0,1.0,1.0,0.0,1.0,0.0
9,85,9.754412505727911,11.215708161211609,1.0,0.0,0.0,0.0,1.0,0.0
10,85,0.0,6.889050284211528,0.0,1.0,0.0,1.0,0.0,0.0
11,85,0.0,8.339134060740705,0.0,1.0,0.0,0.0,1.0,0.0
12,85,2.801228247721602,5.677499071553094,0.0,0.0,1.0,0.0,1.0,0.0
13,85,8.137605396756182,2.227808689230986,0.0,1.0,0.0,1.0,1.0,0.0
14,85,11.73471326450204,6.73810638854826,1.0,0.0,1.0,1.0,0.0,0.0
15,85,1.218888290847821,11.8279338668472,0.0,0.0,0.0,0.0,0.0,1.0
16,85,10.411219549355833,6.869797633234572,0.0,0.0,0.0,0.0,0.0,0.0
17,85,2.320904255134815,11.389177779183983,1.0,1.0,0.0,1.0,0.0,0.0
18,85,5.380581734413346,5.829782411022667,1.0,0.0,0.0,0.0,0.0,1.0
19,85,12.0,0.0517779697841339,1.0,0.0,0.0,0.0,0.0,0.0
0,90,7.27482342241493,4.143197684872537,0.0,0.0,0.0,1.0,0.0,0.0
1,90,0.6459502213098907,2.808739666588233,0.0,0.0,0.0,0.0,0.0,0.0
2,90,9.862316990729926,7.46199273782,1.0,0.0,0.0,0.0,1.0,0.0
3,90,2.8891455835848983,9.978587574244528,0.0,0.0,1.0,0.0,1.0,1.0
4,90,3.3507607321596304,0.0497377636235987,0.0,0.0,1.0,0.0,1.0,1.0
5,90,10.531769464062968,5.7109435370525095,1.0,1.0,0.0,0.0,1.0,0.0
6,90,3.314980595242053,3.912924807423745,0.0,1.0,0.0,0.0,0.0,1.0
7,90,10.09481413543872,2.083552790244939,0.0,0.0,1.0,1.0,1.0,1.0
8,90,4.909705916276101,0.0,0.0,1.0,1.0,0.0,1.0,0.0
9,90,9.754444075810538,11.215793830497498,1.0,0.0,0.0,0.0,1.0,0.0
10,90,0.0,6.962171008552098,0.0,1.0,0.0,1.0,0.0,0.0
11,90,0.0,8.313414637927478,0.0,1.0,0.0,0.0,1.0,0.0
12,90,2.849982168431745,5.660852762346551,0.0,0.0,1.0,0.0,1.0,0.0
13,90,8.069690090708818,2.129661389232607,0.0,1.0,0.0,1.0,1.0,0.0
14,90,11.710115704383922,6.698508606455064,1.0,0.0,1.0,1.0,0.0,0.0
15,90,1.1983157880896869,11.850662059402806,0.0,0.0,0.0,0.0,0.0,1.0
16,90,10.483248080616942,6.849390168952166,0.0,0.0,0.0,0.0,0.0,0.0
17,90,2.326276986646735,11.389473503692823,1.0,1.0,0.0,1.0,0.0,0.0
18,90,5.341232630043635,5.7397401576312985,1.0,0.0,0.0,0.0,0.0,1.0
19,90,12.0,0.0084879557599766,1.0,0.0,0.0,0.0,0.0,0.0
0,95,7.253560041522408,4.148021846472193,0.0,0.0,0.0,1.0,0.0,0.0
1,95,0.6963328884292858,2.7283647252247785,0.0,0.0,0.0,0.0,0.0,0.0
2,95,9.964393579310356,7.397349686069117,1.0,0.0,0.0,0.0,1.0,0.0
3,95,2.881238937703936,9.899739208620236,0.0,0.0,1.0,0.0,1.0,1.0
4,95,3.348641707485663,0.0521392401924547,0.0,0.0,1.0,0.0,1.0,1.0
5,95,10.491810305128784,5.763684502527792,1.0,1.0,0.0,0.0,1.0,0.0
6,95,3.3194972388346784,3.913406225266528,0.0,1.0,0.0,0.0,0.0,1.0
7,95,10.074517378910272,2.073163493015179,0.0,0.0,1.0,1.0,1.0,1.0
8,95,4.896438655650306,0.0,0.0,1.0,1.0,0.0,1.0,0.0
9,95,9.75168736769214,11.208382979743456,1.0,0.0,0.0,0.0,1.0,0.0
10,95,0.0,7.031845469665413,0.0,1.0,0.0,1.0,0.0,0.0
11,95,0.0,8.264668007215521,0.0,1.0,0.0,0.0,1.0,0.0
12,95,2.89597015159104,5.644626045296473,0.0,0.0,1.0,0.0,1.0,0.0
13,95,8.005549082098193,2.041434134462066,0.0,1.0,0.0,1.0,1.0,0.0
14,95,11.686507244554829,6.660745041423279,1.0,0.0,1.0,1.0,0.0,0.0
15,95,1.1783163036209712,11.872465379239276,0.0,0.0,0.0,0.0,0.0,1.0
16,95,10.558979328334653,6.83112537560104,0.0,0.0,0.0,0.0,0.0,0.0
17,95,2.327622613306682,11.38953004020054,1.0,1.0,0.0,1.0,0.0,0.0
18,95,5.29188264780493,5.62929684038597,1.0,0.0,0.0,0.0,0.0,1.0
19,95,12.0,0.0,1.0,0.0,0.0,0.0,0.0,0.0
0,100,7.223929918576262,4.154325583515506,0.0,0.0,0.0,1.0,0.0,0.0
1,100,0.7353598752867959,2.662586962227852,0.0,0.0,0.0,0.0,0.0,0.0
2,100,10.067271760362,7.3335313827185855,1.0,0.0,0.0,0.0,1.0,0.0
3,100,2.8749376741029327,9.837902120416244,0.0,0.0,1.0,0.0,1.0,1.0
4,100,3.336203804894656,0.0653840291479874,0.0,0.0,1.0,0.0,1.0,1.0
5,100,10.451387053739444,5.816523704146431,1.0,1.0,0.0,0.0,1.0,0.0
6,100,3.326516059990944,3.913952746563381,0.0,1.0,0.0,0.0,0.0,1.0
7,100,10.042205835781608,2.057226875711227,0.0,0.0,1.0,1.0,1.0,1.0
8,100,4.885420067165937,0.0,0.0,1.0,1.0,0.0,1.0,0.0
9,100,9.748672060902482,11.20043971720128,1.0,0.0,0.0,0.0,1.0,0.0
10,100,0.0,7.099436349408747,0.0,1.0,0.0,1.0,0.0,0.0
11,100,0.0,8.21298822738042,0.0,1.0,0.0,0.0,1.0,0.0
12,100,2.9576921776702743,5.623384695265242,0.0,0.0,1.0,0.0,1.0,0.0
13,100,7.951835015663484,1.9667674313697907,0.0,1.0,0.0,1.0,1.0,0.0
14,100,11.66550878598654,6.628354586482268,1.0,0.0,1.0,1.0,0.0,0.0
15,100,1.1465596285248048,11.90697168533054,0.0,0.0,0.0,0.0,0.0,1.0
16,100,10.643389782231168,6.810365375089971,0.0,0.0,0.0,0.0,0.0,0.0
17,100,2.362932111366058,11.391176304924924,1.0,1.0,0.0,1.0,0.0,0.0
18,100,5.240192490543907,5.515709377081095,1.0,0.0,0.0,0.0,0.0,1.0
19,100,12.0,0.0,1.0,0.0,0.0,0.0,0.0,0.0
0,105,7.175874718743348,4.164513845571064,0.0,0.0,0.0,1.0,0.0,0.0
1,105,0.7699004150713523,2.6073512913490178,0.0,0.0,0.0,0.0,0.0,0.0
2,105,10.18260574849809,7.2637597989720435,1.0,0.0,0.0,0.0,1.0,0.0
3,105,2.865224232852877,9.756729892525875,0.0,0.0,1.0,0.0,1.0,1.0
4,105,3.3075708598971287,0.0953989438129648,0.0,0.0,1.0,0.0,1.0,1.0
5,105,10.418907687087453,5.860291645670658,1.0,1.0,0.0,0.0,1.0,0.0
6,105,3.3315756956407343,3.9143690778729776,0.0,1.0,0.0,0.0,0.0,1.0
7,105,9.979796290881191,2.027890960027172,0.0,0.0,1.0,1.0,1.0,1.0
8,105,4.873638337652676,0.0,0.0,1.0,1.0,0.0,1.0,0.0
9,105,9.743923684986804,11.18854535882734,1.0,0.0,0.0,0.0,1.0,0.0
10,105,0.0,7.175249855291141,0.0,1.0,0.0,1.0,0.0,0.0
11,105,0.0,8.17593075465364,0.0,1.0,0.0,0.0,1.0,0.0
12,105,3.017138240560596,5.603640314837669,0.0,0.0,1.0,0.0,1.0,0.0
13,105,7.900124949731032,1.896301683303028,0.0,1.0,0.0,1.0,1.0,0.0
14,105,11.636186337180474,6.580878279392999,1.0,0.0,1.0,1.0,0.0,0.0
15,105,1.108333252956314,11.947189089247988,0.0,0.0,0.0,0.0,0.0,1.0
16,105,10.727693227871264,6.786921113990423,0.0,0.0,0.0,0.0,0.0,0.0
17,105,2.414204828067369,11.391825258928746,1.0,1.0,0.0,1.0,0.0,0.0
18,105,5.178582211264908,5.382466403794814,1.0,0.0,0.0,0.0,0.0,1.0
19,105,12.0,0.0,1.0,0.0,0.0,0.0,0.0,0.0
0,110,7.111544141101852,4.178769685555446,0.0,0.0,0.0,1.0,0.0,0.0
1,110,0.7930973326072811,2.5694259312900054,0.0,0.0,0.0,0.0,0.0,0.0
2,110,10.29838724470473,7.192560480978461,1.0,0.0,0.0,0.0,1.0,0.0
3,110,2.8589583952766406,9.689979684748552,0.0,0.0,1.0,0.0,1.0,1.0
4,110,3.288307809672226,0.1156268237344836,0.0,0.0,1.0,0.0,1.0,1.0
5,110,10.386286623785418,5.904340514730284,1.0,1.0,0.0,0.0,1.0,0.0
6,110,3.349062417486884,3.915313953702064,0.0,1.0,0.0,0.0,0.0,1.0
7,110,9.908244584171786,1.9957211886442288,0.0,0.0,1.0,1.0,1.0,1.0
8,110,4.8692740210675565,0.0,0.0,1.0,1.0,0.0,1.0,0.0
9,110,9.74949302435733,11.20256056220909,1.0,0.0,0.0,0.0,1.0,0.0
10,110,0.0,7.24519695003052,0.0,1.0,0.0,1.0,0.0,0.0
11,110,0.0,8.14079285099139,0.0,1.0,0.0,0.0,1.0,0.0
12,110,3.037028413376657,5.662518643459579,0.0,0.0,1.0,0.0,1.0,0.0
13,110,7.849693976694024,1.8265677642014109,0.0,1.0,0.0,1.0,1.0,0.0
14,110,11.603447595809874,6.526166363923399,1.0,0.0,1.0,1.0,0.0,0.0
15,110,1.0751560460983471,11.98218754216926,0.0,0.0,0.0,0.0,0.0,1.0
16,110,10.800949907354312,6.764563960902136,0.0,0.0,0.0,0.0,0.0,0.0
17,110,2.457182035737308,11.3932920742441,1.0,1.0,0.0,1.0,0.0,0.0
18,110,5.11657454659806,5.2457457400884016,1.0,0.0,0.0,0.0,0.0,1.0
19,110,12.0,0.0,1.0,0.0,0.0,0.0,0.0,0.0
0,115,7.062357420177285,4.189675874385904,0.0,0.0,0.0,1.0,0.0,0.0
1,115,0.8173568013476536,2.5290561866539707,0.0,0.0,0.0,0.0,0.0,0.0
2,115,10.419244711980763,7.122643032651175,1.0,0.0,0.0,0.0,1.0,0.0
3,115,2.854992002135448,9.64175471139716,0.0,0.0,1.0,0.0,1.0,1.0
4,115,3.279271177050491,0.1255580367594717,0.0,0.0,1.0,0.0,1.0,1.0
5,115,10.357931255105122,5.941219348189872,1.0,1.0,0.0,0.0,1.0,0.0
6,115,3.3414601264002304,3.915060448771428,0.0,1.0,0.0,0.0,0.0,1.0
7,115,9.83897194333974,1.9647688584597949,0.0,0.0,1.0,1.0,1.0,1.0
8,115,4.855511841447771,0.0,0.0,1.0,1.0,0.0,1.0,0.0
9,115,9.753605029665351,11.21309192518335,1.0,0.0,0.0,0.0,1.0,0.0
10,115,0.0,7.31777132849326,0.0,1.0,0.0,1.0,0.0,0.0
11,115,0.0,8.105418525955455,0.0,1.0,0.0,0.0,1.0,0.0
12,115,2.997932037053791,5.67510216732393,0.0,0.0,1.0,0.0,1.0,0.0
13,115,7.807324871706821,1.767195609165496,0.0,1.0,0.0,1.0,1.0,0.0
14,115,11.55635368173815,6.452348829236263,1.0,0.0,1.0,1.0,0.0,0.0
15,115,1.0465390895205648,12.0,0.0,0.0,0.0,0.0,0.0,1.0
16,115,10.87344648851766,6.741531060694707,0.0,0.0,0.0,0.0,0.0,0.0
17,115,2.4900879280754853,11.3946625813164,1.0,1.0,0.0,1.0,0.0,0.0
18,115,5.054703572244026,5.102140747424796,1.0,0.0,0.0,0.0,0.0,1.0
19,115,12.0,0.0,1.0,0.0,0.0,0.0,0.0,0.0
0,120,7.010617534438829,4.201426413703268,0.0,0.0,0.0,1.0,0.0,0.0
1,120,0.845115787928933,2.4799935555275696,0.0,0.0,0.0,0.0,0.0,0.0
2,120,10.555611401754376,7.048832367262908,1.0,0.0,0.0,0.0,1.0,0.0
3,120,2.849325564944936,9.595654009527143,0.0,0.0,1.0,0.0,1.0,1.0
4,120,3.27834747496378,0.1265482693598437,0.0,0.0,1.0,0.0,1.0,1.0
5,120,10.33466191964044,5.972701049447737,1.0,1.0,0.0,0.0,1.0,0.0
6,120,3.3575746348123023,3.915550743400885,0.0,1.0,0.0,0.0,0.0,1.0
7,120,9.788096586603595,1.9420343969374168,0.0,0.0,1.0,1.0,1.0,1.0
8,120,4.853285349064676,0.0,0.0,1.0,1.0,0.0,1.0,0.0
9,120,9.761219663443478,11.232360504670655,1.0,0.0,0.0,0.0,1.0,0.0
10,120,0.0,7.384004853909458,0.0,1.0,0.0,1.0,0.0,0.0
11,120,0.0,8.077525856180126,0.0,1.0,0.0,0.0,1.0,0.0
12,120,2.958980450225173,5.686555711917155,0.0,0.0,1.0,0.0,1.0,0.0
13,120,7.762298255793047,1.704451886953346,0.0,1.0,0.0,1.0,1.0,0.0
14,120,11.621660277453454,6.410146100370201,1.0,0.0,1.0,1.0,0.0,0.0
15,120,1.0139715319772138,12.0,0.0,0.0,0.0,0.0,0.0,1.0
16,120,10.955893875505996,6.7136815892627455,0.0,0.0,0.0,0.0,0.0,0.0
17,120,2.5182522602557524,11.3968652813671,1.0,1.0,0.0,1.0,0.0,0.0
18,120,4.985207286335198,4.950715344628853,1.0,0.0,0.0,0.0,0.0,1.0
19,120,12.0,0.0,1.0,0.0,0.0,0.0,0.0,0.0
0,125,6.95226455760529,4.214076986685758,0.0,0.0,0.0,1.0,0.0,0.0
1,125,0.8736024053237872,2.430579610442922,0.0,0.0,0.0,0.0,0.0,0.0
2,125,10.71647473762947,6.965037411468905,1.0,0.0,0.0,0.0,1.0,0.0
3,125,2.842829671952015,9.54706253628876,0.0,0.0,1.0,0.0,1.0,1.0
4,125,3.2890552427073563,0.1151974051271031,0.0,0.0,1.0,0.0,1.0,1.0
5,125,10.302658352469551,6.018726885575752,1.0,1.0,0.0,0.0,1.0,0.0
6,125,3.3691758046936497,3.915778082426114,0.0,1.0,0.0,0.0,0.0,1.0
7,125,9.7338984267761,1.9186800107217985,0.0,0.0,1.0,1.0,1.0,1.0
8,125,4.852443541881664,0.0,0.0,1.0,1.0,0.0,1.0,0.0
9,125,9.775110272544982,11.26757004482605,1.0,0.0,0.0,0.0,1.0,0.0
10,125,0.0,7.451414795561401,0.0,1.0,0.0,1.0,0.0,0.0
11,125,0.0,8.053289841396907,0.0,1.0,0.0,0.0,1.0,0.0
12,125,2.926116924218703,5.695461255035812,0.0,0.0,1.0,0.0,1.0,0.0
13,125,7.715287596381044,1.6414504976151556,0.0,1.0,0.0,1.0,1.0,0.0
14,125,11.662275200675806,6.384554431277135,1.0,0.0,1.0,1.0,0.0,0.0
15,125,0.9854371585097554,12.0,0.0,0.0,0.0,0.0,0.0,1.0
16,125,11.035010833995369,6.68870094274591,0.0,0.0,0.0,0.0,0.0,0.0
17,125,2.5542642714219728,11.39879314343113,1.0,1.0,0.0,1.0,0.0,0.0
18,125,4.912884404685668,4.788231574945873,1.0,0.0,0.0,0.0,0.0,1.0
19,125,12.0,0.0,1.0,0.0,0.0,0.0,0.0,0.0
0,130,6.909157529532683,4.223475005644113,0.0,0.0,0.0,1.0,0.0,0.0
1,130,0.898659445841181,2.3877214969107388,0.0,0.0,0.0,0.0,0.0,0.0
2,130,10.624341589826368,6.796923470257636,1.0,0.0,0.0,0.0,1.0,0.0
3,130,2.833401803169002,9.48107978008264,0.0,0.0,1.0,0.0,1.0,1.0
4,130,3.2849055155775515,0.1194191354951472,0.0,0.0,1.0,0.0,1.0,1.0
5,130,10.268172967478108,6.0671829951265135,1.0,1.0,0.0,0.0,1.0,0.0
6,130,3.3799593352440565,3.916171583994805,0.0,1.0,0.0,0.0,0.0,1.0
7,130,9.683752790354344,1.8946034214095189,0.0,0.0,1.0,1.0,1.0,1.0
8,130,4.866346730472907,0.0055116738807603,0.0,1.0,1.0,0.0,1.0,0.0
9,130,9.788044644428792,11.30005560665707,1.0,0.0,0.0,0.0,1.0,0.0
10,130,0.0,7.5305313175867425,0.0,1.0,0.0,1.0,0.0,0.0
11,130,0.0,8.023769996098453,0.0,1.0,0.0,0.0,1.0,0.0
12,130,2.91095235754394,5.699217469815815,0.0,0.0,1.0,0.0,1.0,0.0
13,130,7.681833106496853,1.5977406328024506,0.0,1.0,0.0,1.0,1.0,0.0
14,130,11.700277354419889,6.360243280155957,1.0,0.0,1.0,1.0,0.0,0.0
15,130,0.9554043455446204,12.0,0.0,0.0,0.0,0.0,0.0,1.0
16,130,11.089013819943268,6.67051953774805,0.0,0.0,0.0,0.0,0.0,0.0
17,130,2.5708324262385656,11.399593068716024,1.0,1.0,0.0,1.0,0.0,0.0
18,130,4.840202392510372,4.620701830638876,1.0,0.0,0.0,0.0,0.0,1.0
19,130,12.0,0.0,1.0,0.0,0.0,0.0,0.0,0.0
0,135,6.841297245245045,4.238245080513804,0.0,0.0,0.0,1.0,0.0,0.0
1,135,0.9176441822477172,2.3562971623332203,0.0,0.0,0.0,0.0,0.0,0.0
2,135,10.526326831301164,6.6184770797290575,1.0,0.0,0.0,0.0,1.0,0.0
3,135,2.822031406890749,9.392648652876344,0.0,0.0,1.0,0.0,1.0,1.0
4,135,3.2870472193593807,0.117197514911739,0.0,0.0,1.0,0.0,1.0,1.0
5,135,10.248869400257224,6.094923490575039,1.0,1.0,0.0,0.0,1.0,0.0
6,135,3.386282454930248,3.916347592263991,0.0,1.0,0.0,0.0,0.0,1.0
7,135,9.622616817281427,1.86514664293162,0.0,0.0,1.0,1.0,1.0,1.0
8,135,4.895705833640462,0.0167861420641668,0.0,1.0,1.0,0.0,1.0,0.0
9,135,9.809716995888325,11.355893594197282,1.0,0.0,0.0,0.0,1.0,0.0
10,135,0.0,7.601595744695533,0.0,1.0,0.0,1.0,0.0,0.0
11,135,0.0,8.003242489758858,0.0,1.0,0.0,0.0,1.0,0.0
12,135,2.891135721405356,5.70412904036261,0.0,0.0,1.0,0.0,1.0,0.0
13,135,7.646431942788259,1.5512465282918464,0.0,1.0,0.0,1.0,1.0,0.0
14,135,11.74080563084142,6.335157871043721,1.0,0.0,1.0,1.0,0.0,0.0
15,135,0.9218691196766968,12.0,0.0,0.0,0.0,0.0,0.0,1.0
16,135,11.14635035042328,6.652029131670139,0.0,0.0,0.0,0.0,0.0,0.0
17,135,2.5809750252414947,11.400174320843597,1.0,1.0,0.0,1.0,0.0,0.0
18,135,5.017832495495229,4.5396627325636265,1.0,0.0,0.0,0.0,0.0,1.0
19,135,12.0,0.0,1.0,0.0,0.0,0.0,0.0,0.0
0,140,6.780497149911551,4.251956846757655,0.0,0.0,0.0,1.0,0.0,0.0
1,140,0.93119276920273,2.3340913977843325,0.0,0.0,0.0,0.0,0.0,0.0
2,140,10.437527940704909,6.451968031791601,1.0,0.0,0.0,0.0,1.0,0.0
3,140,2.809503226485218,9.295976477577929,0.0,0.0,1.0,0.0,1.0,1.0
4,140,3.2836672694475078,0.1208183901946343,0.0,0.0,1.0,0.0,1.0,1.0
5,140,10.234758737664771,6.115356420992222,1.0,1.0,0.0,0.0,1.0,0.0
6,140,3.408494583965461,3.916521919076997,0.0,1.0,0.0,0.0,0.0,1.0
7,140,9.55557701256212,1.83355592340814,0.0,0.0,1.0,1.0,1.0,1.0
8,140,4.915864380762585,0.0248764776967449,0.0,1.0,1.0,0.0,1.0,0.0
9,140,9.825116206364354,11.395443874476138,1.0,0.0,0.0,0.0,1.0,0.0
10,140,0.0,7.672769032913738,0.0,1.0,0.0,1.0,0.0,0.0
11,140,0.0,7.991170306193561,0.0,1.0,0.0,0.0,1.0,0.0
12,140,2.8826701502262333,5.7062609581939165,0.0,0.0,1.0,0.0,1.0,0.0
13,140,7.596916458393587,1.4822608193025313,0.0,1.0,0.0,1.0,1.0,0.0
14,140,11.786398135919049,6.306304488100411,1.0,0.0,1.0,1.0,0.0,0.0
15,140,0.8863995848113615,12.0,0.0,0.0,0.0,0.0,0.0,1.0
16,140,11.21316877063632,6.630743916833012,0.0,0.0,0.0,0.0,0.0,0.0
17,140,2.590636877816305,11.40106994981768,1.0,1.0,0.0,1.0,0.0,0.0
18,140,5.192194482628958,4.460463044949181,1.0,0.0,0.0,0.0,0.0,1.0
19,140,12.0,0.0,1.0,0.0,0.0,0.0,0.0,0.0
0,145,6.709638372487667,4.269308217119036,0.0,0.0,0.0,1.0,0.0,0.0
1,145,0.9475879969586566,2.3076611570038943,0.0,0.0,0.0,0.0,0.0,0.0
2,145,10.360985513045126,6.30554115340082,1.0,0.0,0.0,0.0,1.0,0.0
3,145,2.7963554660185514,9.180192038942613,0.0,0.0,1.0,0.0,1.0,1.0
4,145,3.2888924634403987,0.1151874485464434,0.0,0.0,1.0,0.0,1.0,1.0
5,145,10.21481350415764,6.143677468546194,1.0,1.0,0.0,0.0,1.0,0.0
6,145,3.423797756475956,3.916765264146932,0.0,1.0,0.0,0.0,0.0,1.0
7,145,9.492035313922091,1.8045953844236904,0.0,0.0,1.0,1.0,1.0,1.0
8,145,4.944733586798508,0.0363373126425239,0.0,1.0,1.0,0.0,1.0,0.0
9,145,9.8424096260316,11.435837841722176,1.0,0.0,0.0,0.0,1.0,0.0
10,145,0.0,7.746136185691396,0.0,1.0,0.0,1.0,0.0,0.0
11,145,0.0,7.9691101632942685,0.0,1.0,0.0,0.0,1.0,0.0
12,145,2.876514246385395,5.707652818455804,0.0,0.0,1.0,0.0,1.0,0.0
13,145,7.539178408813505,1.404498192821295,0.0,1.0,0.0,1.0,1.0,0.0
14,145,11.842224646952284,6.269561772861528,1.0,0.0,1.0,1.0,0.0,0.0
15,145,0.8492295512215506,12.0,0.0,0.0,0.0,0.0,0.0,1.0
16,145,11.283809165254375,6.607524103719388,0.0,0.0,0.0,0.0,0.0,0.0
17,145,2.606636777226913,11.402758311480053,1.0,1.0,0.0,1.0,0.0,0.0
18,145,5.393664206856964,4.370156996803762,1.0,0.0,0.0,0.0,0.0,1.0
19,145,12.0,0.0,1.0,0.0,0.0,0.0,0.0,0.0
0,150,6.650165071871463,4.283145566275832,0.0,0.0,0.0,1.0,0.0,0.0
1,150,0.9653437029032428,2.276624457454473,0.0,0.0,0.0,0.0,0.0,0.0
2,150,10.2801137403524,6.145574670852834,1.0,0.0,0.0,0.0,1.0,0.0
3,150,2.7838958641574485,9.086923643310458,0.0,0.0,1.0,0.0,1.0,1.0
4,150,3.285527812504095,0.1187689039455492,0.0,0.0,1.0,0.0,1.0,1.0
5,150,10.225135926473222,6.150643678015255,1.0,1.0,0.0,0.0,1.0,0.0
6,150,3.4456382582291045,3.916830725829195,0.0,1.0,0.0,0.0,0.0,1.0
7,150,9.408182148536335,1.7622519416336069,0.0,0.0,1.0,1.0,1.0,1.0
8,150,4.979021891751775,0.0492807266755514,0.0,1.0,1.0,0.0,1.0,0.0
9,150,9.8719115903056,11.504555580261288,1.0,0.0,0.0,0.0,1.0,0.0
10,150,0.0,7.814347969591478,0.0,1.0,0.0,1.0,0.0,0.0
11,150,0.0,7.942366988802161,0.0,1.0,0.0,0.0,1.0,0.0
12,150,2.8457814847770924,5.7143383711811575,0.0,0.0,1.0,0.0,1.0,0.0
13,150,7.472550576237491,1.314890507742279,0.0,1.0,0.0,1.0,1.0,0.0
14,150,11.893357342777808,6.236824547195605,1.0,0.0,1.0,1.0,0.0,0.0
15,150,0.8114879093098377,12.0,0.0,0.0,0.0,0.0,0.0,1.0
16,150,11.355865787080798,6.579996471415712,0.0,0.0,0.0,0.0,0.0,0.0
17,150,2.6146308850610187,11.403633552088706,1.0,1.0,0.0,1.0,0.0,0.0
18,150,5.584039702801391,4.287868260912798,1.0,0.0,0.0,0.0,0.0,1.0
19,150,12.0,0.0,1.0,0.0,0.0,0.0,0.0,0.0
0,155,6.60567410280331,4.292195279530083,0.0,0.0,0.0,1.0,0.0,0.0
1,155,0.9785665325582495,2.253365385917231,0.0,0.0,0.0,0.0,0.0,0.0
2,155,10.199736947847647,5.989210909039614,1.0,0.0,0.0,0.0,1.0,0.0
3,155,2.771380655222828,9.011296073132524,0.0,0.0,1.0,0.0,1.0,1.0
4,155,3.2759455566639337,0.1290676407095823,0.0,0.0,1.0,0.0,1.0,1.0
5,155,10.242933575070394,6.161701254273448,1.0,1.0,0.0,0.0,1.0,0.0
6,155,3.475584716587758,3.9170425312621817,0.0,1.0,0.0,0.0,0.0,1.0
7,155,9.316088089144667,1.7130066155953318,0.0,0.0,1.0,1.0,1.0,1.0
8,155,4.999261986391615,0.0573855169768284,0.0,1.0,1.0,0.0,1.0,0.0
9,155,9.89720924053906,11.56214218156784,1.0,0.0,0.0,0.0,1.0,0.0
10,155,0.0,7.875031291387878,0.0,1.0,0.0,1.0,0.0,0.0
11,155,0.0,7.905462485835772,0.0,1.0,0.0,0.0,1.0,0.0
12,155,2.816842286919157,5.720279055851415,0.0,0.0,1.0,0.0,1.0,0.0
13,155,7.392856929471456,1.2102753060704925,0.0,1.0,0.0,1.0,1.0,0.0
14,155,11.955608914385977,6.196802223742242,1.0,0.0,1.0,1.0,0.0,0.0
15,155,0.7772886366789327,12.0,0.0,0.0,0.0,0.0,0.0,1.0
16,155,11.44759719482067,6.545463069512051,0.0,0.0,0.0,0.0,0.0,0.0
17,155,2.616405390506709,11.403794582968626,1.0,1.0,0.0,1.0,0.0,0.0
18,155,5.779826583353247,4.202960624271228,1.0,0.0,0.0,0.0,0.0,1.0
19,155,12.0,0.0,1.0,0.0,0.0,0.0,0.0,0.0
0,160,6.566027457507606,4.300236304747256,0.0,0.0,0.0,1.0,0.0,0.0
1,160,0.9942679098043024,2.223796028317379,0.0,0.0,0.0,0.0,0.0,0.0
2,160,10.12506402404614,5.844367485865655,1.0,0.0,0.0,0.0,1.0,0.0
3,160,2.7600186728324774,8.930983472749958,0.0,0.0,1.0,0.0,1.0,1.0
4,160,3.2593643120067464,0.1479617163458488,0.0,0.0,1.0,0.0,1.0,1.0
5,160,10.231854730697496,6.155055143708974,1.0,1.0,0.0,0.0,1.0,0.0
6,160,3.5032193977760446,3.917285751973408,0.0,1.0,0.0,0.0,0.0,1.0
7,160,9.210010749517952,1.6584118226467894,0.0,0.0,1.0,1.0,1.0,1.0
8,160,5.015582925205141,0.0646677333866607,0.0,1.0,1.0,0.0,1.0,0.0
9,160,9.916346690550691,11.60486581845575,1.0,0.0,0.0,0.0,1.0,0.0
10,160,0.0,7.936494082293505,0.0,1.0,0.0,1.0,0.0,0.0
11,160,0.0,7.877591309154742,0.0,1.0,0.0,0.0,1.0,0.0
12,160,2.8029245881333056,5.723538054709911,0.0,0.0,1.0,0.0,1.0,0.0
13,160,7.324631455881192,1.1226424037849665,0.0,1.0,0.0,1.0,1.0,0.0
14,160,12.0,6.148648066417009,1.0,0.0,1.0,1.0,0.0,0.0
15,160,0.7404995367898999,12.0,0.0,0.0,0.0,0.0,0.0,1.0
16,160,11.55990267503392,6.506171104586182,0.0,0.0,0.0,0.0,0.0,0.0
17,160,2.6399068705776374,11.4055462325698,1.0,1.0,0.0,1.0,0.0,0.0
18,160,5.988074151556816,4.112074431724406,1.0,0.0,0.0,0.0,0.0,1.0
19,160,11.999522513408085,0.0042976657584318,1.0,0.0,0.0,0.0,0.0,0.0
0,165,6.544388941644746,4.304929093659067,0.0,0.0,0.0,1.0,0.0,0.0
1,165,0.9975542188490074,2.217743019725228,0.0,0.0,0.0,0.0,0.0,0.0
2,165,10.058123503418033,5.703969028856451,1.0,0.0,0.0,0.0,1.0,0.0
3,165,2.748038165513893,8.845650497187766,0.0,0.0,1.0,0.0,1.0,1.0
4,165,3.228221804869555,0.1841785530383339,0.0,0.0,1.0,0.0,1.0,1.0
5,165,10.228729151560122,6.1532611395686985,1.0,1.0,0.0,0.0,1.0,0.0
6,165,3.5163085672625924,3.917727338635226,0.0,1.0,0.0,0.0,0.0,1.0
7,165,9.104724203194476,1.6048961377968232,0.0,0.0,1.0,1.0,1.0,1.0
8,165,5.036563996315513,0.073588779246373,0.0,1.0,1.0,0.0,1.0,0.0
9,165,9.927578347493524,11.631122015485316,1.0,0.0,0.0,0.0,1.0,0.0
10,165,0.0,7.996789057707748,0.0,1.0,0.0,1.0,0.0,0.0
11,165,0.0,7.8366180016130995,0.0,1.0,0.0,0.0,1.0,0.0
12,165,2.784899895981648,5.727997433942648,0.0,0.0,1.0,0.0,1.0,0.0
13,165,7.262600114362184,1.0432063564693923,0.0,1.0,0.0,1.0,1.0,0.0
14,165,12.0,6.104311846814505,1.0,0.0,1.0,1.0,0.0,0.0
15,165,0.7101838017418893,12.0,0.0,0.0,0.0,0.0,0.0,1.0
16,165,11.677442644534638,6.466213387477691,0.0,0.0,0.0,0.0,0.0,0.0
17,165,2.6483136097887137,11.406275074464109,1.0,1.0,0.0,1.0,0.0,0.0
18,165,6.195370593967504,4.0171118757362585,1.0,0.0,0.0,0.0,0.0,1.0
19,165,11.99784561307814,0.0177880794819418,1.0,0.0,0.0,0.0,0.0,0.0
0,170,6.508982434114377,4.312334327052129,0.0,0.0,0.0,1.0,0.0,0.0
1,170,0.9995832800647714,2.2140285808240128,0.0,0.0,0.0,0.0,0.0,0.0
2,170,9.977965353887088,5.541234799501485,1.0,0.0,0.0,0.0,1.0,0.0
3,170,2.7336559420541637,8.752683917445607,0.0,0.0,1.0,0.0,1.0,1.0
4,170,3.2009114015624194,0.2160296784117198,0.0,0.0,1.0,0.0,1.0,1.0
5,170,10.21742718733897,6.14695314666881,1.0,1.0,0.0,0.0,1.0,0.0
6,170,3.527327577116988,3.917979174373477,0.0,1.0,0.0,0.0,0.0,1.0
7,170,9.002669033314268,1.552956759510599,0.0,0.0,1.0,1.0,1.0,1.0
8,170,5.066534034519585,0.0859370364636585,0.0,1.0,1.0,0.0,1.0,0.0
9,170,9.940206436927973,11.661512069384132,1.0,0.0,0.0,0.0,1.0,0.0
10,170,0.0,8.062666050206849,0.0,1.0,0.0,1.0,0.0,0.0
11,170,0.0,7.7899415850010705,0.0,1.0,0.0,0.0,1.0,0.0
12,170,2.759081206930749,5.734357711584268,0.0,0.0,1.0,0.0,1.0,0.0
13,170,7.183942168417832,0.9429595832325768,0.0,1.0,0.0,1.0,1.0,0.0
14,170,12.0,6.053832504030629,1.0,0.0,1.0,1.0,0.0,0.0
15,170,0.6698089035573044,12.0,0.0,0.0,0.0,0.0,0.0,1.0
16,170,11.801008468319727,6.426209214556291,0.0,0.0,0.0,0.0,0.0,0.0
17,170,2.673075403987159,11.408208341557168,1.0,1.0,0.0,1.0,0.0,0.0
18,170,6.396738267762954,3.9325864492307367,1.0,0.0,0.0,0.0,0.0,1.0
19,170,11.998261189898534,0.0143108996755197,1.0,0.0,0.0,0.0,0.0,0.0
0,175,6.455221498857076,4.324377475982313,0.0,0.0,0.0,1.0,0.0,0.0
1,175,1.0074549886416284,2.1996670663562274,0.0,0.0,0.0,0.0,0.0,0.0
2,175,9.908771543310046,5.39402241851415,1.0,0.0,0.0,0.0,1.0,0.0
3,175,2.7200239363536483,8.658338705619686,0.0,0.0,1.0,0.0,1.0,1.0
4,175,3.1908810077212846,0.2277551000387754,0.0,0.0,1.0,0.0,1.0,1.0
5,175,10.21028798235764,6.142717009006352,1.0,1.0,0.0,0.0,1.0,0.0
6,175,3.5458697455491497,3.9184475331351623,0.0,1.0,0.0,0.0,0.0,1.0
7,175,8.88738533196134,1.4945304875693313,0.0,0.0,1.0,1.0,1.0,1.0
8,175,5.094483358179141,0.0979918012688076,0.0,1.0,1.0,0.0,1.0,0.0
9,175,9.95709887100633,11.703077400162345,1.0,0.0,0.0,0.0,1.0,0.0
10,175,0.0,8.123735013658115,0.0,1.0,0.0,1.0,0.0,0.0
11,175,0.0,7.742199787141232,0.0,1.0,0.0,0.0,1.0,0.0
12,175,2.723785385898435,5.743118896160532,0.0,0.0,1.0,0.0,1.0,0.0
13,175,7.116085347419974,0.8537336764526474,0.0,1.0,0.0,1.0,1.0,0.0
14,175,12.0,5.995225411206766,1.0,0.0,1.0,1.0,0.0,0.0
15,175,0.6495186517075314,12.0,0.0,0.0,0.0,0.0,0.0,1.0
16,175,11.916403778431722,6.388024460403277,0.0,0.0,0.0,0.0,0.0,0.0
17,175,2.690825678244273,11.409319787110636,1.0,1.0,0.0,1.0,0.0,0.0
18,175,6.604020931609659,3.849882707733148,1.0,0.0,0.0,0.0,0.0,1.0
19,175,11.998176487393224,0.0150985702415724,1.0,0.0,0.0,0.0,0.0,0.0
0,180,6.413938789461498,4.333555655797817,0.0,0.0,0.0,1.0,0.0,0.0
1,180,1.0134250050819038,2.1889318114059764,0.0,0.0,0.0,0.0,0.0,0.0
2,180,9.841016256716678,5.254760774091502,1.0,0.0,0.0,0.0,1.0,0.0
3,180,2.709681072609771,8.585740713188686,0.0,0.0,1.0,0.0,1.0,1.0
4,180,3.16884694794612,0.2537070890765496,0.0,0.0,1.0,0.0,1.0,1.0
5,180,10.199679685552129,6.136365373433131,1.0,1.0,0.0,0.0,1.0,0.0
6,180,3.568143159149566,3.9195358608614246,0.0,1.0,0.0,0.0,0.0,1.0
7,180,8.781412644442685,1.4401900686543796,0.0,0.0,1.0,1.0,1.0,1.0
8,180,5.121987296382979,0.1096829819132478,0.0,1.0,1.0,0.0,1.0,0.0
9,180,9.981489386442451,11.760885187122478,1.0,0.0,0.0,0.0,1.0,0.0
10,180,0.0,8.187512831061056,0.0,1.0,0.0,1.0,0.0,0.0
11,180,0.0,7.698661674543156,0.0,1.0,0.0,0.0,1.0,0.0
12,180,2.656238169666511,5.759315794291679,0.0,0.0,1.0,0.0,1.0,0.0
13,180,7.045595234574501,0.7585182289639836,0.0,1.0,0.0,1.0,1.0,0.0
14,180,12.0,5.927283423385863,1.0,0.0,1.0,1.0,0.0,0.0
15,180,0.6247596676824481,12.0,0.0,0.0,0.0,0.0,0.0,1.0
16,180,12.0,6.344103431787851,0.0,0.0,0.0,0.0,0.0,0.0
17,180,2.704076007945299,11.409952234646004,1.0,1.0,0.0,1.0,0.0,0.0
18,180,6.818758061825573,3.764282229697352,1.0,0.0,0.0,0.0,0.0,1.0
19,180,11.999697669495832,0.0028795004309158,1.0,0.0,0.0,0.0,0.0,0.0
0,185,6.401111869580729,4.336290794357547,0.0,0.0,0.0,1.0,0.0,0.0
1,185,1.0207638181889327,2.1756588348618027,0.0,0.0,0.0,0.0,0.0,0.0
2,185,9.772876366679956,5.1193970197913705,1.0,0.0,0.0,0.0,1.0,0.0
3,185,2.622421245468414,8.599465982745947,0.0,0.0,1.0,0.0,1.0,1.0
4,185,3.1545669746503946,0.2707432840007741,0.0,0.0,1.0,0.0,1.0,1.0
5,185,10.22642933874348,6.152616223643505,1.0,1.0,0.0,0.0,1.0,0.0
6,185,3.5812994613800178,3.920627938527191,0.0,1.0,0.0,0.0,0.0,1.0
7,185,8.674991203699959,1.3862434282533689,0.0,0.0,1.0,1.0,1.0,1.0
8,185,5.163372047609848,0.1270649354372497,0.0,1.0,1.0,0.0,1.0,0.0
9,185,10.00237063842736,11.81245773863926,1.0,0.0,0.0,0.0,1.0,0.0
10,185,0.0,8.24624938558598,0.0,1.0,0.0,1.0,0.0,0.0
11,185,0.0,7.6622501983911455,0.0,1.0,0.0,0.0,1.0,0.0
12,185,2.581766527032822,5.776509355454477,0.0,0.0,1.0,0.0,1.0,0.0
13,185,6.966295060771279,0.6527970218502873,0.0,1.0,0.0,1.0,1.0,0.0
14,185,12.0,5.849455474754697,1.0,0.0,1.0,1.0,0.0,0.0
15,185,0.5831749978410683,12.0,0.0,0.0,0.0,0.0,0.0,1.0
16,185,12.0,6.293256838025705,0.0,0.0,0.0,0.0,0.0,0.0
17,185,2.719005731393139,11.410687894054206,1.0,1.0,0.0,1.0,0.0,0.0
18,185,7.017247728689108,3.6815635563334337,1.0,0.0,0.0,0.0,0.0,1.0
19,185,11.999164154739216,0.0076944178726376,1.0,0.0,0.0,0.0,0.0,0.0
0,190,6.3804568232816585,4.340177263184898,0.0,0.0,0.0,1.0,0.0,0.0
1,190,1.0382971970154806,2.1406703611788616,0.0,0.0,0.0,0.0,0.0,0.0
2,190,9.706926039168826,4.988723626185806,1.0,0.0,0.0,0.0,1.0,0.0
3,190,2.5357905197683666,8.615273608839324,0.0,0.0,1.0,0.0,1.0,1.0
4,190,3.133036212404024,0.2966448277229933,0.0,0.0,1.0,0.0,1.0,1.0
5,190,10.234304209975836,6.157220241756699,1.0,1.0,0.0,0.0,1.0,0.0
6,190,3.604359116667386,3.923283964607601,0.0,1.0,0.0,0.0,0.0,1.0
7,190,8.5703593595924,1.3369651982449882,0.0,0.0,1.0,1.0,1.0,1.0
8,190,5.199765885803836,0.1422667544293265,0.0,1.0,1.0,0.0,1.0,0.0
9,190,10.021312694007214,11.857143555621784,1.0,0.0,0.0,0.0,1.0,0.0
10,190,0.0,8.316129522623845,0.0,1.0,0.0,1.0,0.0,0.0
11,190,0.0,7.622211358121633,0.0,1.0,0.0,0.0,1.0,0.0
12,190,2.5229286111414404,5.7901289194931165,0.0,0.0,1.0,0.0,1.0,0.0
13,190,6.885053699334707,0.5474773126051219,0.0,1.0,0.0,1.0,1.0,0.0
14,190,12.0,5.756802061722185,1.0,0.0,1.0,1.0,0.0,0.0
15,190,0.5410680240021485,12.0,0.0,0.0,0.0,0.0,0.0,1.0
16,190,12.0,6.238130780698877,0.0,0.0,0.0,0.0,0.0,0.0
17,190,2.7221960644758534,11.41085463884438,1.0,1.0,0.0,1.0,0.0,0.0
18,190,7.215847435461344,3.597004445111153,1.0,0.0,0.0,0.0,0.0,1.0
19,190,12.0,0.0,1.0,0.0,0.0,0.0,0.0,0.0
0,195,6.370813011140455,4.342467782495798,0.0,0.0,0.0,1.0,0.0,0.0
1,195,1.054817737168473,2.105257061002638,0.0,0.0,0.0,0.0,0.0,0.0
2,195,9.642691022025415,4.861906659102397,1.0,0.0,0.0,0.0,1.0,0.0
3,195,2.449754599849856,8.629966300763886,0.0,0.0,1.0,0.0,1.0,1.0
4,195,3.102627838957515,0.3330087735355402,0.0,0.0,1.0,0.0,1.0,1.0
5,195,10.252458653749429,6.167632354687032,1.0,1.0,0.0,0.0,1.0,0.0
6,195,3.627293562100351,3.926061055080312,0.0,1.0,0.0,0.0,0.0,1.0
7,195,8.455800072511355,1.285041627871186,0.0,0.0,1.0,1.0,1.0,1.0
8,195,5.230488767212152,0.1550936310706501,0.0,1.0,1.0,0.0,1.0,0.0
9,195,10.048213970327197,11.917676572105291,1.0,0.0,0.0,0.0,1.0,0.0
10,195,0.0,8.374322139941398,0.0,1.0,0.0,1.0,0.0,0.0
11,195,0.0,7.589536344209562,0.0,1.0,0.0,0.0,1.0,0.0
12,195,2.4503717799267166,5.80802045064184,0.0,0.0,1.0,0.0,1.0,0.0
13,195,6.8030465932943045,0.4370755751301693,0.0,1.0,0.0,1.0,1.0,0.0
14,195,12.0,5.6740656644354,1.0,0.0,1.0,1.0,0.0,0.0
15,195,0.497035808929905,11.96135141986577,0.0,0.0,0.0,0.0,0.0,1.0
16,195,12.0,6.185102516646905,0.0,0.0,0.0,0.0,0.0,0.0
17,195,2.706914245779604,11.410195020680648,1.0,1.0,0.0,1.0,0.0,0.0
18,195,7.41418748804965,3.511343884740938,1.0,0.0,0.0,0.0,0.0,1.0
19,195,12.0,0.0,1.0,0.0,0.0,0.0,0.0,0.0
0,200,6.350350202390515,4.347544754850417,0.0,0.0,0.0,1.0,0.0,0.0
1,200,1.0593508972725956,2.095291646217019,0.0,0.0,0.0,0.0,0.0,0.0
2,200,9.582548676956051,4.73836081793881,1.0,0.0,0.0,0.0,1.0,0.0
3,200,2.3638344949660675,8.643569018263916,0.0,0.0,1.0,0.0,1.0,1.0
4,200,3.0860009853811228,0.3533490354033249,0.0,0.0,1.0,0.0,1.0,1.0
5,200,10.265565732698636,6.174576422206542,1.0,1.0,0.0,0.0,1.0,0.0
6,200,3.633561229885882,3.92690173318207,0.0,1.0,0.0,0.0,0.0,1.0
7,200,8.352668641353658,1.2391990599397438,0.0,0.0,1.0,1.0,1.0,1.0
8,200,5.267849932518745,0.1714683280964762,0.0,1.0,1.0,0.0,1.0,0.0
9,200,10.07562537450423,11.980667687307466,1.0,0.0,0.0,0.0,1.0,0.0
10,200,0.0,8.437745676339745,0.0,1.0,0.0,1.0,0.0,0.0
11,200,0.0,7.566525626570299,0.0,1.0,0.0,0.0,1.0,0.0
12,200,2.380400558575421,5.826314029455117,0.0,0.0,1.0,0.0,1.0,0.0
13,200,6.734569611480713,0.3415327800494082,0.0,1.0,0.0,1.0,1.0,0.0
14,200,12.0,5.582174894770047,1.0,0.0,1.0,1.0,0.0,0.0
15,200,0.4434817371900253,11.91479841170404,0.0,0.0,0.0,0.0,0.0,1.0
16,200,12.0,6.135516537863476,0.0,0.0,0.0,0.0,0.0,0.0
17,200,2.682854025760842,11.409463634697596,1.0,1.0,0.0,1.0,0.0,0.0
18,200,7.622748662098836,3.425306703979925,1.0,0.0,0.0,0.0,0.0,1.0
19,200,12.0,0.0,1.0,0.0,0.0,0.0,0.0,0.0
0,205,6.326943498958568,4.353579834277081,0.0,0.0,0.0,1.0,0.0,0.0
1,205,1.0589802478044763,2.096124561712396,0.0,0.0,0.0,0.0,0.0,0.0
2,205,9.520872023060464,4.615571607026077,1.0,0.0,0.0,0.0,1.0,0.0
3,205,2.284252052111139,8.655939499127685,0.0,0.0,1.0,0.0,1.0,1.0
4,205,3.056111854572427,0.3913843527978107,0.0,0.0,1.0,0.0,1.0,1.0
5,205,10.27003470243181,6.1770462546836695,1.0,1.0,0.0,0.0,1.0,0.0
6,205,3.628733025056465,3.9262407741413,0.0,1.0,0.0,0.0,0.0,1.0
7,205,8.251285953996641,1.197620409482366,0.0,0.0,1.0,1.0,1.0,1.0
8,205,5.289272128608773,0.180550309870978,0.0,1.0,1.0,0.0,1.0,0.0
9,205,10.11271164372742,12.0,1.0,0.0,0.0,0.0,1.0,0.0
10,205,0.0,8.491174730376354,0.0,1.0,0.0,1.0,0.0,0.0
11,205,0.0,7.548326300730549,0.0,1.0,0.0,0.0,1.0,0.0
12,205,2.31798601075155,5.844872807276416,0.0,0.0,1.0,0.0,1.0,0.0
13,205,6.666367149862421,0.2438541193615405,0.0,1.0,0.0,1.0,1.0,0.0
14,205,12.0,5.4819825713664825,1.0,0.0,1.0,1.0,0.0,0.0
15,205,0.3767611257817123,11.856544618264476,0.0,0.0,0.0,0.0,0.0,1.0
16,205,12.0,6.084319876100679,0.0,0.0,0.0,0.0,0.0,0.0
17,205,2.641045171388394,11.407909247530863,1.0,1.0,0.0,1.0,0.0,0.0
18,205,7.82360303357321,3.3371729682640114,1.0,0.0,0.0,0.0,0.0,1.0
19,205,12.0,0.0,1.0,0.0,0.0,0.0,0.0,0.0
0,210,6.288952797419426,4.363352816220216,0.0,0.0,0.0,1.0,0.0,0.0
1,210,1.0594011056178718,2.095157995641304,0.0,0.0,0.0,0.0,0.0,0.0
2,210,9.456101038086867,4.476950526528373,1.0,0.0,0.0,0.0,1.0,0.0
3,210,2.190725894481798,8.67143595932085,0.0,0.0,1.0,0.0,1.0,1.0
4,210,3.029156048653204,0.4257937458070718,0.0,0.0,1.0,0.0,1.0,1.0
5,210,10.270658376137536,6.177385037923767,1.0,1.0,0.0,0.0,1.0,0.0
6,210,3.625708982140276,3.925799918385417,0.0,1.0,0.0,0.0,0.0,1.0
7,210,8.151337531871953,1.1552868800127185,0.0,0.0,1.0,1.0,1.0,1.0
8,210,5.316649016803106,0.1924928715900276,0.0,1.0,1.0,0.0,1.0,0.0
9,210,10.147691802585866,12.0,1.0,0.0,0.0,0.0,1.0,0.0
10,210,0.0,8.537758751819585,0.0,1.0,0.0,1.0,0.0,0.0
11,210,0.0,7.535619007600605,0.0,1.0,0.0,0.0,1.0,0.0
12,210,2.2597569164331914,5.860393404494657,0.0,0.0,1.0,0.0,1.0,0.0
13,210,6.604615379648597,0.1591630591763018,0.0,1.0,0.0,1.0,1.0,0.0
14,210,12.0,5.380332180821012,1.0,0.0,1.0,1.0,0.0,0.0
15,210,0.3276954641803921,11.810841797525072,0.0,0.0,0.0,0.0,0.0,1.0
16,210,12.0,6.0213740352446505,0.0,0.0,0.0,0.0,0.0,0.0
17,210,2.611568321489924,11.406910110042862,1.0,1.0,0.0,1.0,0.0,0.0
18,210,8.03271557521518,3.242120856710764,1.0,0.0,0.0,0.0,0.0,1.0
19,210,12.0,0.0,1.0,0.0,0.0,0.0,0.0,0.0
0,215,6.239732779954352,4.377587777728964,0.0,0.0,0.0,1.0,0.0,0.0
1,215,1.0635582023818804,2.0851620865079195,0.0,0.0,0.0,0.0,0.0,0.0
2,215,9.394896929349022,4.350772882146775,1.0,0.0,0.0,0.0,1.0,0.0
3,215,2.0972632425810245,8.686001115840698,0.0,0.0,1.0,0.0,1.0,1.0
4,215,3.024733564385744,0.4314105764057089,0.0,0.0,1.0,0.0,1.0,1.0
5,215,10.270250917407468,6.177159707878613,1.0,1.0,0.0,0.0,1.0,0.0
6,215,3.613318415503101,3.9241900698941774,0.0,1.0,0.0,0.0,0.0,1.0
7,215,8.06812173645831,1.1240594383436602,0.0,0.0,1.0,1.0,1.0,1.0
8,215,5.35499402101228,0.2083200697520744,0.0,1.0,1.0,0.0,1.0,0.0
9,215,10.186762804266293,12.0,1.0,0.0,0.0,0.0,1.0,0.0
10,215,0.0,8.586990223487446,0.0,1.0,0.0,1.0,0.0,0.0
11,215,0.0,7.525120443077557,0.0,1.0,0.0,0.0,1.0,0.0
12,215,2.195856048186588,5.875959351151711,0.0,0.0,1.0,0.0,1.0,0.0
13,215,6.5340241859914325,0.055202478293086,0.0,1.0,0.0,1.0,1.0,0.0
14,215,12.0,5.27343895787401,1.0,0.0,1.0,1.0,0.0,0.0
15,215,0.2716240283731531,11.75563990671498,0.0,0.0,0.0,0.0,0.0,1.0
16,215,12.0,5.951985514835151,0.0,0.0,0.0,0.0,0.0,0.0
17,215,2.5852067810012818,11.406429325352669,1.0,1.0,0.0,1.0,0.0,0.0
18,215,8.23057695407093,3.157188318307655,1.0,0.0,0.0,0.0,0.0,1.0
19,215,12.0,0.0,1.0,0.0,0.0,0.0,0.0,0.0
0,220,6.17429992727852,4.3955055775002,0.0,0.0,0.0,1.0,0.0,0.0
1,220,1.078729338044997,2.050623619452306,0.0,0.0,0.0,0.0,0.0,0.0
2,220,9.331498630918643,4.220112823849147,1.0,0.0,0.0,0.0,1.0,0.0
3,220,2.001687743651656,8.702449735691143,0.0,0.0,1.0,0.0,1.0,1.0
4,220,3.012471120179845,0.4476154021271984,0.0,0.0,1.0,0.0,1.0,1.0
5,220,10.263423455081028,6.173204917166449,1.0,1.0,0.0,0.0,1.0,0.0
6,220,3.604429988380709,3.923157741388839,0.0,1.0,0.0,0.0,0.0,1.0
7,220,7.985442593187225,1.0925175583081637,0.0,0.0,1.0,1.0,1.0,1.0
8,220,5.399189013780516,0.2263059398476404,0.0,1.0,1.0,0.0,1.0,0.0
9,220,10.219962469124592,12.0,1.0,0.0,0.0,0.0,1.0,0.0
10,220,0.0,8.632272707324871,0.0,1.0,0.0,1.0,0.0,0.0
11,220,0.0,7.504008546815642,0.0,1.0,0.0,0.0,1.0,0.0
12,220,2.12904515940056,5.892067518931345,0.0,0.0,1.0,0.0,1.0,0.0
13,220,6.460221167116423,0.0,0.0,1.0,0.0,1.0,1.0,0.0
14,220,12.0,5.160493938846238,1.0,0.0,1.0,1.0,0.0,0.0
15,220,0.2062419792507954,11.685589599114165,0.0,0.0,0.0,0.0,0.0,1.0
16,220,12.0,5.888846310545829,0.0,0.0,0.0,0.0,0.0,0.0
17,220,2.564191075792894,11.405844511784736,1.0,1.0,0.0,1.0,0.0,0.0
18,220,8.41448044906028,3.0823271122180804,1.0,0.0,0.0,0.0,0.0,1.0
19,220,12.0,0.0,1.0,0.0,0.0,0.0,0.0,0.0
0,225,6.122453228991087,4.408240770416167,0.0,0.0,0.0,1.0,0.0,0.0
1,225,1.0874974049907142,2.0310550352251604,0.0,0.0,0.0,0.0,0.0,0.0
2,225,9.27458504600361,4.0940273800041815,1.0,0.0,0.0,0.0,1.0,0.0
3,225,1.893546154523188,8.719431264989408,0.0,0.0,1.0,0.0,1.0,1.0
4,225,3.0029094927769733,0.4601330899518248,0.0,0.0,1.0,0.0,1.0,1.0
5,225,10.243889063857257,6.161183347630968,1.0,1.0,0.0,0.0,1.0,0.0
6,225,3.5841992181989646,3.921128866264318,0.0,1.0,0.0,0.0,0.0,1.0
7,225,7.9142924442891935,1.064275814586127,0.0,0.0,1.0,1.0,1.0,1.0
8,225,5.429704630218585,0.2394255694872885,0.0,1.0,1.0,0.0,1.0,0.0
9,225,10.25737045434578,12.0,1.0,0.0,0.0,0.0,1.0,0.0
10,225,0.052112540204612,8.728992717829247,0.0,1.0,0.0,1.0,0.0,0.0
11,225,0.0,7.479808828726985,0.0,1.0,0.0,0.0,1.0,0.0
12,225,2.0465927113952787,5.9119276514733565,0.0,0.0,1.0,0.0,1.0,0.0
13,225,6.378299334470789,0.0,0.0,1.0,0.0,1.0,1.0,0.0
14,225,12.0,5.054058098752553,1.0,0.0,1.0,1.0,0.0,0.0
15,225,0.1423622790784279,11.617458919219011,0.0,0.0,0.0,0.0,0.0,1.0
16,225,12.0,5.828764387883204,0.0,0.0,0.0,0.0,0.0,0.0
17,225,2.5205139307101287,11.403676150216034,1.0,1.0,0.0,1.0,0.0,0.0
18,225,8.594631855856873,3.015898800504358,1.0,0.0,0.0,0.0,0.0,1.0
19,225,12.0,0.0,1.0,0.0,0.0,0.0,0.0,0.0
0,230,6.063375180566646,4.422067945750273,0.0,0.0,0.0,1.0,0.0,0.0
1,230,1.0978016327339737,2.0079266330621284,0.0,0.0,0.0,0.0,0.0,0.0
2,230,9.22370710008257,3.987664281291493,1.0,0.0,0.0,0.0,1.0,0.0
3,230,1.793830249501311,8.735451742711552,0.0,0.0,1.0,0.0,1.0,1.0
4,230,3.007185507257124,0.4545320978889724,0.0,0.0,1.0,0.0,1.0,1.0
5,230,10.221672397463394,6.147799826443619,1.0,1.0,0.0,0.0,1.0,0.0
6,230,3.585552282676947,3.894285205141856,0.0,1.0,0.0,0.0,0.0,1.0
7,230,7.840861898017671,1.0311643794926328,0.0,0.0,1.0,1.0,1.0,1.0
8,230,5.454478480043562,0.2501902049742452,0.0,1.0,1.0,0.0,1.0,0.0
9,230,10.289267944040995,12.0,1.0,0.0,0.0,0.0,1.0,0.0
10,230,0.1061556432517925,8.829800260701594,0.0,1.0,0.0,1.0,0.0,0.0
11,230,0.0,7.548297199887224,0.0,1.0,0.0,0.0,1.0,0.0
12,230,1.9515908744762585,5.93558814822628,0.0,0.0,1.0,0.0,1.0,0.0
13,230,6.293425458498048,0.0,0.0,1.0,0.0,1.0,1.0,0.0
14,230,12.0,4.9350706180797,1.0,0.0,1.0,1.0,0.0,0.0
15,230,0.1001781703935907,11.574048368612775,0.0,0.0,0.0,0.0,0.0,1.0
16,230,12.0,5.774602895814172,0.0,0.0,0.0,0.0,0.0,0.0
17,230,2.4623531650203514,11.402750818740993,1.0,1.0,0.0,1.0,0.0,0.0
18,230,8.792550395674546,2.9449089017277004,1.0,0.0,0.0,0.0,0.0,1.0
19,230,12.0,0.0,1.0,0.0,0.0,0.0,0.0,0.0
0,235,6.0188604405604895,4.432187576830555,0.0,0.0,0.0,1.0,0.0,0.0
1,235,1.1001418485646626,2.0027903547978245,0.0,0.0,0.0,0.0,0.0,0.0
2,235,9.17410237275976,3.8815532182360792,1.0,0.0,0.0,0.0,1.0,0.0
3,235,1.702630441680372,8.750720817829023,0.0,0.0,1.0,0.0,1.0,1.0
4,235,3.0156980020163795,0.4431278880758915,0.0,0.0,1.0,0.0,1.0,1.0
5,235,10.213779497837091,6.143178839006793,1.0,1.0,0.0,0.0,1.0,0.0
6,235,3.5869087074036416,3.8581201263599434,0.0,1.0,0.0,0.0,0.0,1.0
7,235,7.775295392149029,1.0011005055182118,0.0,0.0,1.0,1.0,1.0,1.0
8,235,5.48962507019759,0.2654501059187368,0.0,1.0,1.0,0.0,1.0,0.0
9,235,10.3213955538697,12.0,1.0,0.0,0.0,0.0,1.0,0.0
10,235,0.1543191783917635,8.922437509253276,0.0,1.0,0.0,1.0,0.0,0.0
11,235,0.0,7.609184929645889,0.0,1.0,0.0,0.0,1.0,0.0
12,235,1.8761212130391216,5.953526676005484,0.0,0.0,1.0,0.0,1.0,0.0
13,235,6.213142101728314,0.0,0.0,1.0,0.0,1.0,1.0,0.0
14,235,11.880077481514595,4.706296251384156,1.0,0.0,1.0,1.0,0.0,0.0
15,235,0.0479770992609602,11.520949072412806,0.0,0.0,0.0,0.0,0.0,1.0
16,235,12.0,5.724453422425357,0.0,0.0,0.0,0.0,0.0,0.0
17,235,2.4013793601489875,11.400991033161368,1.0,1.0,0.0,1.0,0.0,0.0
18,235,8.997545966535368,2.873724216998636,1.0,0.0,0.0,0.0,0.0,1.0
19,235,12.0,0.0,1.0,0.0,0.0,0.0,0.0,0.0
0,240,5.954265440264295,4.445406325543151,0.0,0.0,0.0,1.0,0.0,0.0
1,240,1.0944100366010714,2.0161245179885694,0.0,0.0,0.0,0.0,0.0,0.0
2,240,9.120627764939965,3.765565166087437,1.0,0.0,0.0,0.0,1.0,0.0
3,240,1.6287680169884045,8.759208066271311,0.0,0.0,1.0,0.0,1.0,1.0
4,240,3.0156881372436364,0.4431406700334031,0.0,0.0,1.0,0.0,1.0,1.0
5,240,10.216517838841389,6.144774167054899,1.0,1.0,0.0,0.0,1.0,0.0
6,240,3.58865078419394,3.80779278737768,0.0,1.0,0.0,0.0,0.0,1.0
7,240,7.683456950761457,0.956074914119872,0.0,0.0,1.0,1.0,1.0,1.0
8,240,5.525465130964561,0.2815316924069696,0.0,1.0,1.0,0.0,1.0,0.0
9,240,10.347355724348605,12.0,1.0,0.0,0.0,0.0,1.0,0.0
10,240,0.2032410532259985,9.021037302478671,0.0,1.0,0.0,1.0,0.0,0.0
11,240,0.0,7.652491343066919,0.0,1.0,0.0,0.0,1.0,0.0
12,240,1.7737557586101294,5.976196760596559,0.0,0.0,1.0,0.0,1.0,0.0
13,240,6.1303071117066645,0.0,0.0,1.0,0.0,1.0,1.0,0.0
14,240,11.762616178148267,4.490928114855814,1.0,0.0,1.0,1.0,0.0,0.0
15,240,0.0,11.454810997057727,0.0,0.0,0.0,0.0,0.0,1.0
16,240,12.0,5.67268494482691,0.0,0.0,0.0,0.0,0.0,0.0
17,240,2.35795795267766,11.398607113250709,1.0,1.0,0.0,1.0,0.0,0.0
18,240,9.201726025234262,2.8111160495993235,1.0,0.0,0.0,0.0,0.0,1.0
19,240,12.0,0.0,1.0,0.0,0.0,0.0,0.0,0.0
0,245,5.8842457762160425,4.460142753188977,0.0,0.0,0.0,1.0,0.0,0.0
1,245,1.0882333250848977,2.0299209437200427,0.0,0.0,0.0,0.0,0.0,0.0
2,245,9.06708872067106,3.647572839121872,1.0,0.0,0.0,0.0,1.0,0.0
3,245,1.5458588603596704,8.768401913024869,0.0,0.0,1.0,0.0,1.0,1.0
4,245,3.009762547395394,0.4508765791826586,0.0,0.0,1.0,0.0,1.0,1.0
5,245,10.214166865965677,6.143360788078422,1.0,1.0,0.0,0.0,1.0,0.0
6,245,3.590146736324997,3.75682470646728,0.0,1.0,0.0,0.0,0.0,1.0
7,245,7.589274133755031,0.9118976574292385,0.0,0.0,1.0,1.0,1.0,1.0
8,245,5.595745765153189,0.3132874161518736,0.0,1.0,1.0,0.0,1.0,0.0
9,245,10.369014164902046,12.0,1.0,0.0,0.0,0.0,1.0,0.0
10,245,0.246064803665108,9.108626926712429,0.0,1.0,0.0,1.0,0.0,0.0
11,245,0.0,7.6954927592583475,0.0,1.0,0.0,0.0,1.0,0.0
12,245,1.6511615447187236,6.000961692755553,0.0,0.0,1.0,0.0,1.0,0.0
13,245,6.046604476927952,0.0,0.0,1.0,0.0,1.0,1.0,0.0
14,245,11.646981386857648,4.282630556591351,1.0,0.0,1.0,1.0,0.0,0.0
15,245,0.0,11.39517549099735,0.0,0.0,0.0,0.0,0.0,1.0
16,245,12.0,5.617460207923506,0.0,0.0,0.0,0.0,0.0,0.0
17,245,2.302270658471832,11.396660175427147,1.0,1.0,0.0,1.0,0.0,0.0
18,245,9.408046160770787,2.746906778424781,1.0,0.0,0.0,0.0,0.0,1.0
19,245,12.0,0.0,1.0,0.0,0.0,0.0,0.0,0.0
0,250,5.792197411681029,4.476463724048329,0.0,0.0,0.0,1.0,0.0,0.0
1,250,1.0779475544422013,2.053569657487966,0.0,0.0,0.0,0.0,0.0,0.0
2,250,9.007574723743067,3.5107125765516463,1.0,0.0,0.0,0.0,1.0,0.0
3,250,1.5331790604561804,8.664578337604073,0.0,0.0,1.0,0.0,1.0,1.0
4,250,2.994674634468613,0.4699011199746107,0.0,0.0,1.0,0.0,1.0,1.0
5,250,10.215649826672788,6.144276885266712,1.0,1.0,0.0,0.0,1.0,0.0
6,250,3.59212991406044,3.7049257889688847,0.0,1.0,0.0,0.0,0.0,1.0
7,250,7.503743235108852,0.8718750611192243,0.0,0.0,1.0,1.0,1.0,1.0
8,250,5.6668862420791575,0.3444774698421622,0.0,1.0,1.0,0.0,1.0,0.0
9,250,10.389926673658753,12.0,1.0,0.0,0.0,0.0,1.0,0.0
10,250,0.2921090091308413,9.20101895024102,0.0,1.0,0.0,1.0,0.0,0.0
11,250,0.0,7.736380625548976,0.0,1.0,0.0,0.0,1.0,0.0
12,250,1.5295978193063091,6.024192174428919,0.0,0.0,1.0,0.0,1.0,0.0
13,250,5.9609250437839245,0.0,0.0,1.0,0.0,1.0,1.0,0.0
14,250,11.521608239726644,4.066637560773661,1.0,0.0,1.0,1.0,0.0,0.0
15,250,0.0,11.323290020242942,0.0,0.0,0.0,0.0,0.0,1.0
16,250,12.0,5.564856229229254,0.0,0.0,0.0,0.0,0.0,0.0
17,250,2.259946717615,11.395243956219389,1.0,1.0,0.0,1.0,0.0,0.0
18,250,9.638160831534291,2.6767229195984226,1.0,0.0,0.0,0.0,0.0,1.0
19,250,12.0,0.0,1.0,0.0,0.0,0.0,0.0,0.0
0,255,5.7246566078334,4.489066636912385,0.0,0.0,0.0,1.0,0.0,0.0
1,255,1.0611074140038277,2.095145063482716,0.0,0.0,0.0,0.0,0.0,0.0
2,255,8.951813385540285,3.383269200064308,1.0,0.0,0.0,0.0,1.0,0.0
3,255,1.5240873144875684,8.569112314189285,0.0,0.0,1.0,0.0,1.0,1.0
4,255,2.9726783700341866,0.4975132852689949,0.0,0.0,1.0,0.0,1.0,1.0
5,255,10.21502458015572,6.143875376617518,1.0,1.0,0.0,0.0,1.0,0.0
6,255,3.594140038281669,3.642130960029725,0.0,1.0,0.0,0.0,0.0,1.0
7,255,7.428864516199445,0.8344149393330296,0.0,0.0,1.0,1.0,1.0,1.0
8,255,5.742836271939203,0.3785492614122998,0.0,1.0,1.0,0.0,1.0,0.0
9,255,10.41124597516928,12.0,1.0,0.0,0.0,0.0,1.0,0.0
10,255,0.3325961608230199,9.284343516467649,0.0,1.0,0.0,1.0,0.0,0.0
11,255,0.0,7.7906087219692175,0.0,1.0,0.0,0.0,1.0,0.0
12,255,1.3907844453973777,6.049618093125242,0.0,0.0,1.0,0.0,1.0,0.0
13,255,5.885040916809578,0.0,0.0,1.0,0.0,1.0,1.0,0.0
14,255,11.37572963591771,3.834412239510165,1.0,0.0,1.0,1.0,0.0,0.0
15,255,0.0,11.249314417127293,0.0,0.0,0.0,0.0,0.0,1.0
16,255,12.0,5.513710862733726,0.0,0.0,0.0,0.0,0.0,0.0
17,255,2.197333772747706,11.394463491782076,1.0,1.0,0.0,1.0,0.0,0.0
18,255,9.873384974480553,2.60999816061032,1.0,0.0,0.0,0.0,0.0,1.0
19,255,12.0,0.0,1.0,0.0,0.0,0.0,0.0,0.0
0,260,5.649056454633834,4.50540235491065,0.0,0.0,0.0,1.0,0.0,0.0
1,260,1.0382418840446526,2.1463820321109703,0.0,0.0,0.0,0.0,0.0,0.0
2,260,8.899014439996623,3.2677903386425737,1.0,0.0,0.0,0.0,1.0,0.0
3,260,1.516846731481614,8.490524198743813,0.0,0.0,1.0,0.0,1.0,1.0
4,260,2.957305262157672,0.5166265992336863,0.0,0.0,1.0,0.0,1.0,1.0
5,260,10.222357002349415,6.148840181196772,1.0,1.0,0.0,0.0,1.0,0.0
6,260,3.5972564469121795,3.567895933182861,0.0,1.0,0.0,0.0,0.0,1.0
7,260,7.3377701766552175,0.791161668303438,0.0,0.0,1.0,1.0,1.0,1.0
8,260,5.811266202025139,0.4107252871036707,0.0,1.0,1.0,0.0,1.0,0.0
9,260,10.431738902612276,12.0,1.0,0.0,0.0,0.0,1.0,0.0
10,260,0.3713867806091037,9.362360317011206,0.0,1.0,0.0,1.0,0.0,0.0
11,260,0.0,7.849225584767672,0.0,1.0,0.0,0.0,1.0,0.0
12,260,1.2603342740317771,6.074338157424245,0.0,0.0,1.0,0.0,1.0,0.0
13,260,5.814649847376536,0.0,0.0,1.0,0.0,1.0,1.0,0.0
14,260,11.227602673040932,3.610028011627641,1.0,0.0,1.0,1.0,0.0,0.0
15,260,0.0,11.179467199803202,0.0,0.0,0.0,0.0,0.0,1.0
16,260,12.0,5.4669778851696,0.0,0.0,0.0,0.0,0.0,0.0
17,260,2.133841216384314,11.393886166942949,1.0,1.0,0.0,1.0,0.0,0.0
18,260,10.10925990874301,2.5433016799693027,1.0,0.0,0.0,0.0,0.0,1.0
19,260,12.0,0.0,1.0,0.0,0.0,0.0,0.0,0.0
0,265,5.56739553847691,4.522843205251997,0.0,0.0,0.0,1.0,0.0,0.0
1,265,1.0076617444131797,2.2118423898374178,0.0,0.0,0.0,0.0,0.0,0.0
2,265,8.843023628719521,3.1331092396724536,1.0,0.0,0.0,0.0,1.0,0.0
3,265,1.5088645217408685,8.418424552186956,0.0,0.0,1.0,0.0,1.0,1.0
4,265,2.943065757251984,0.5337394181624319,0.0,0.0,1.0,0.0,1.0,1.0
5,265,10.23317547148467,6.15627460127852,1.0,1.0,0.0,0.0,1.0,0.0
6,265,3.600143302207558,3.5130867720197867,0.0,1.0,0.0,0.0,0.0,1.0
7,265,7.252675689081357,0.7503077997362276,0.0,0.0,1.0,1.0,1.0,1.0
8,265,5.889839116171057,0.4481962835319888,0.0,1.0,1.0,0.0,1.0,0.0
9,265,10.449548127216822,12.0,1.0,0.0,0.0,0.0,1.0,0.0
10,265,0.4145737299631837,9.445357242439831,0.0,1.0,0.0,1.0,0.0,0.0
11,265,0.0,7.915558933841337,0.0,1.0,0.0,0.0,1.0,0.0
12,265,1.1363277379632828,6.097136973353595,0.0,0.0,1.0,0.0,1.0,0.0
13,265,5.75967031185456,0.0,0.0,1.0,0.0,1.0,1.0,0.0
14,265,11.086812045160777,3.394634644982219,1.0,0.0,1.0,1.0,0.0,0.0
15,265,0.0,11.105120301598625,0.0,0.0,0.0,0.0,0.0,1.0
16,265,12.0,5.423246903234715,0.0,0.0,0.0,0.0,0.0,0.0
17,265,2.060019205306971,11.39349732098614,1.0,1.0,0.0,1.0,0.0,0.0
18,265,10.345008459527456,2.47398580510142,1.0,0.0,0.0,0.0,0.0,1.0
19,265,12.0,0.0,1.0,0.0,0.0,0.0,0.0,0.0
0,270,5.491442926686414,4.538975251363135,0.0,0.0,0.0,1.0,0.0,0.0
1,270,0.9757979399475948,2.281558972989005,0.0,0.0,0.0,0.0,0.0,0.0
2,270,8.786260092145827,2.9987093329427985,1.0,0.0,0.0,0.0,1.0,0.0
3,270,1.5011727158571428,8.348138054124428,0.0,0.0,1.0,0.0,1.0,1.0
4,270,2.938215994272039,0.5397779343014437,0.0,0.0,1.0,0.0,1.0,1.0
5,270,10.260089793963678,6.174065653510099,1.0,1.0,0.0,0.0,1.0,0.0
6,270,3.603241724029568,3.468441928198198,0.0,1.0,0.0,0.0,0.0,1.0
7,270,7.170243567592315,0.7084317037574658,0.0,0.0,1.0,1.0,1.0,1.0
8,270,5.954485330520103,0.4777412516395446,0.0,1.0,1.0,0.0,1.0,0.0
9,270,10.471144164050326,12.0,1.0,0.0,0.0,0.0,1.0,0.0
10,270,0.4672455985178863,9.538678055506288,0.0,1.0,0.0,1.0,0.0,0.0
11,270,0.0,7.984142421449063,0.0,1.0,0.0,0.0,1.0,0.0
12,270,1.0223391474978654,6.118538884244408,0.0,0.0,1.0,0.0,1.0,0.0
13,270,5.700458453807761,0.0,0.0,1.0,0.0,1.0,1.0,0.0
14,270,10.959016664794875,3.196656974049622,1.0,0.0,1.0,1.0,0.0,0.0
15,270,0.0,11.034386142010185,0.0,0.0,0.0,0.0,0.0,1.0
16,270,12.0,5.378122737278007,0.0,0.0,0.0,0.0,0.0,0.0
17,270,1.9880342920948384,11.39130029048388,1.0,1.0,0.0,1.0,0.0,0.0
18,270,10.572987029675527,2.408298105845023,1.0,0.0,0.0,0.0,0.0,1.0
19,270,12.0,0.0,1.0,0.0,0.0,0.0,0.0,0.0
0,275,5.404758450163805,4.5569691821048055,0.0,0.0,0.0,1.0,0.0,0.0
1,275,0.9439311077726198,2.351759208619224,0.0,0.0,0.0,0.0,0.0,0.0
2,275,8.73032300359934,2.86914596190765,1.0,0.0,0.0,0.0,1.0,0.0
3,275,1.492680231353025,8.281167920955898,0.0,0.0,1.0,0.0,1.0,1.0
4,275,2.934807951300008,0.5438767098466245,0.0,0.0,1.0,0.0,1.0,1.0
5,275,10.307376810954388,6.205976204752569,1.0,1.0,0.0,0.0,1.0,0.0
6,275,3.605368659034251,3.4271745667319795,0.0,1.0,0.0,0.0,0.0,1.0
7,275,7.09636340490032,0.6713842962744755,0.0,0.0,1.0,1.0,1.0,1.0
8,275,6.015485423208039,0.5062300892448535,0.0,1.0,1.0,0.0,1.0,0.0
9,275,10.491407735651936,12.0,1.0,0.0,0.0,0.0,1.0,0.0
10,275,0.5144020388617954,9.618521494665805,0.0,1.0,0.0,1.0,0.0,0.0
11,275,0.0,8.049836823418508,0.0,1.0,0.0,0.0,1.0,0.0
12,275,0.8735793790456601,6.150221737832413,0.0,0.0,1.0,0.0,1.0,0.0
13,275,5.622718751568782,0.0,0.0,1.0,0.0,1.0,1.0,0.0
14,275,10.83910067924065,3.011510040400923,1.0,0.0,1.0,1.0,0.0,0.0
15,275,0.0,10.970743128265564,0.0,0.0,0.0,0.0,0.0,1.0
16,275,12.0,5.334794748702747,0.0,0.0,0.0,0.0,0.0,0.0
17,275,1.8996146157175224,11.391043180057006,1.0,1.0,0.0,1.0,0.0,0.0
18,275,10.813238481747057,2.342199756790861,1.0,0.0,0.0,0.0,0.0,1.0
19,275,12.0,0.0,1.0,0.0,0.0,0.0,0.0,0.0
0,280,5.30826314029864,4.579296269398826,0.0,0.0,0.0,1.0,0.0,0.0
1,280,0.9069619180440628,2.432004650240569,0.0,0.0,0.0,0.0,0.0,0.0
2,280,8.66515145193436,2.7207515636641864,1.0,0.0,0.0,0.0,1.0,0.0
3,280,1.4848077300288387,8.21872127994114,0.0,0.0,1.0,0.0,1.0,1.0
4,280,2.9311832249316763,0.5483630761025509,0.0,0.0,1.0,0.0,1.0,1.0
5,280,10.347595526154295,6.232118382388841,1.0,1.0,0.0,0.0,1.0,0.0
6,280,3.607688264282952,3.395979469455974,0.0,1.0,0.0,0.0,0.0,1.0
7,280,6.999644553607031,0.6215469254001275,0.0,0.0,1.0,1.0,1.0,1.0
8,280,6.08379096348637,0.5384475412189075,0.0,1.0,1.0,0.0,1.0,0.0
9,280,10.51473313913242,12.0,1.0,0.0,0.0,0.0,1.0,0.0
10,280,0.5676196977632217,9.704861519607498,0.0,1.0,0.0,1.0,0.0,0.0
11,280,0.0,8.113429588696558,0.0,1.0,0.0,0.0,1.0,0.0
12,280,0.7401701445876818,6.176720426206567,0.0,0.0,1.0,0.0,1.0,0.0
13,280,5.542543666765356,0.0,0.0,1.0,0.0,1.0,1.0,0.0
14,280,10.72032716229653,2.817419905445733,1.0,0.0,1.0,1.0,0.0,0.0
15,280,0.0,10.895690592766142,0.0,0.0,0.0,0.0,0.0,1.0
16,280,12.0,5.288565689952465,0.0,0.0,0.0,0.0,0.0,0.0
17,280,1.806722065742546,11.390021149748964,1.0,1.0,0.0,1.0,0.0,0.0
18,280,11.038650340864352,2.2762198959925057,1.0,0.0,0.0,0.0,0.0,1.0
19,280,12.0,0.0,1.0,0.0,0.0,0.0,0.0,0.0
0,285,5.206429040060237,4.6013952778960165,0.0,0.0,0.0,1.0,0.0,0.0
1,285,0.85751780377167,2.5416360723104674,0.0,0.0,0.0,0.0,0.0,0.0
2,285,8.603142782104047,2.580194323834707,1.0,0.0,0.0,0.0,1.0,0.0
3,285,1.4781695326916622,8.168870263519434,0.0,0.0,1.0,0.0,1.0,1.0
4,285,2.930200915621544,0.5495791747301436,0.0,0.0,1.0,0.0,1.0,1.0
5,285,10.4080663472926,6.272596963219754,1.0,1.0,0.0,0.0,1.0,0.0
6,285,3.612019055089623,3.344276233696493,0.0,1.0,0.0,0.0,0.0,1.0
7,285,6.942681803946637,0.7370812973542091,0.0,0.0,1.0,1.0,1.0,1.0
8,285,6.153185395071293,0.5712875240539359,0.0,1.0,1.0,0.0,1.0,0.0
9,285,10.537400949247743,12.0,1.0,0.0,0.0,0.0,1.0,0.0
10,285,0.6326798353676946,9.808665366786716,0.0,1.0,0.0,1.0,0.0,0.0
11,285,0.0,8.17096313073903,0.0,1.0,0.0,0.0,1.0,0.0
12,285,0.6162855169538872,6.196269164904659,0.0,0.0,1.0,0.0,1.0,0.0
13,285,5.471685395416451,0.0,0.0,1.0,0.0,1.0,1.0,0.0
14,285,10.606082535263493,2.6271940932905333,1.0,0.0,1.0,1.0,0.0,0.0
15,285,0.0,10.816799907967876,0.0,0.0,0.0,0.0,0.0,1.0
16,285,12.0,5.235652745175315,0.0,0.0,0.0,0.0,0.0,0.0
17,285,1.6888212285828,11.387826245354166,1.0,1.0,0.0,1.0,0.0,0.0
18,285,11.268139879912688,2.210345252852584,1.0,0.0,0.0,0.0,0.0,1.0
19,285,12.0,0.0,1.0,0.0,0.0,0.0,0.0,0.0
0,290,5.117875820076248,4.6190884699664725,0.0,0.0,0.0,1.0,0.0,0.0
1,290,0.8039933174157775,2.662219226096357,0.0,0.0,0.0,0.0,0.0,0.0
2,290,8.545098554892816,2.445300159894571,1.0,0.0,0.0,0.0,1.0,0.0
3,290,1.4686415035731883,8.102994425683875,0.0,0.0,1.0,0.0,1.0,1.0
4,290,2.936519000281248,0.5414910404225971,0.0,0.0,1.0,0.0,1.0,1.0
5,290,10.449020688073666,6.300400472834288,1.0,1.0,0.0,0.0,1.0,0.0
6,290,3.61711628380994,3.2775299471058097,0.0,1.0,0.0,0.0,0.0,1.0
7,290,6.889501995270457,0.8434979127912609,0.0,0.0,1.0,1.0,1.0,1.0
8,290,6.218507436813267,0.602613331647717,0.0,1.0,1.0,0.0,1.0,0.0
9,290,10.561452653745809,12.0,1.0,0.0,0.0,0.0,1.0,0.0
10,290,0.6936182984446311,9.91235835225674,0.0,1.0,0.0,1.0,0.0,0.0
11,290,0.0,8.22287466695041,0.0,1.0,0.0,0.0,1.0,0.0
12,290,0.459985295937772,6.217854031865352,0.0,0.0,1.0,0.0,1.0,0.0
13,290,5.3948419913169,0.0,0.0,1.0,0.0,1.0,1.0,0.0
14,290,10.483743306202149,2.438987068210668,1.0,0.0,1.0,1.0,0.0,0.0
15,290,0.0,10.73344408992106,0.0,0.0,0.0,0.0,0.0,1.0
16,290,12.0,5.189790333593457,0.0,0.0,0.0,0.0,0.0,0.0
17,290,1.5716028130683315,11.37963150546254,1.0,1.0,0.0,1.0,0.0,0.0
18,290,11.479411937653722,2.15052843341712,1.0,0.0,0.0,0.0,0.0,1.0
19,290,12.0,0.0,1.0,0.0,0.0,0.0,0.0,0.0
0,295,5.049538197107544,4.632204454827575,0.0,0.0,0.0,1.0,0.0,0.0
1,295,0.7565427626710066,2.7742992288078026,0.0,0.0,0.0,0.0,0.0,0.0
2,295,8.486309793309985,2.3023984517454843,1.0,0.0,0.0,0.0,1.0,0.0
3,295,1.4599234846894624,8.045526297885955,0.0,0.0,1.0,0.0,1.0,1.0
4,295,2.932383260166264,0.5469429498477725,0.0,0.0,1.0,0.0,1.0,1.0
5,295,10.496305482321644,6.333453124684088,1.0,1.0,0.0,0.0,1.0,0.0
6,295,3.620575360855561,3.2161062964982694,0.0,1.0,0.0,0.0,0.0,1.0
7,295,6.798919370513199,0.7950371183915302,0.0,0.0,1.0,1.0,1.0,1.0
8,295,6.2780791894111285,0.6312226012231542,0.0,1.0,1.0,0.0,1.0,0.0
9,295,10.583381503405867,12.0,1.0,0.0,0.0,0.0,1.0,0.0
10,295,0.7590323374779345,10.016941445320542,0.0,1.0,0.0,1.0,0.0,0.0
11,295,0.0,8.27536395359346,0.0,1.0,0.0,0.0,1.0,0.0
12,295,0.3104525705335553,6.236922461739558,0.0,0.0,1.0,0.0,1.0,0.0
13,295,5.302517517269904,0.0,0.0,1.0,0.0,1.0,1.0,0.0
14,295,10.35946558128553,2.2497103570753274,1.0,0.0,1.0,1.0,0.0,0.0
15,295,0.0,10.624869969473872,0.0,0.0,0.0,0.0,0.0,1.0
16,295,12.0,5.139532501411424,0.0,0.0,0.0,0.0,0.0,0.0
17,295,1.4526160720292212,11.368398832987236,1.0,1.0,0.0,1.0,0.0,0.0
18,295,11.675584831598616,2.0928718840308496,1.0,0.0,0.0,0.0,0.0,1.0
19,295,12.0,0.0,1.0,0.0,0.0,0.0,0.0,0.0
