0,0,9.937726444206223,8.021240325252847,1.0,1.0,1.0,1.0,0.0,0.0
1,0,0.0,7.015731786923561,0.0,0.0,1.0,0.0,0.0,0.0
2,0,1.9479928759357044,10.01728635704812,0.0,0.0,0.0,0.0,0.0,0.0
3,0,11.993650333517923,8.061770597626325,1.0,0.0,0.0,0.0,0.0,0.0
4,0,1.038005301515855,6.024362197521406,0.0,0.0,1.0,1.0,0.0,1.0
5,0,2.971000685166635,7.9621180274464605,0.0,1.0,0.0,1.0,0.0,1.0
6,0,3.959180687455301,5.018405656889102,0.0,0.0,1.0,0.0,0.0,0.0
7,0,7.962680952151895,9.040897289516716,1.0,1.0,0.0,0.0,0.0,0.0
8,0,5.979103762169062,2.9528128890136074,0.0,0.0,0.0,1.0,0.0,0.0
9,0,4.971309837984956,8.002008028511925,1.0,0.0,1.0,0.0,0.0,0.0
10,0,9.03120298339486,1.0354683461451155,0.0,1.0,0.0,0.0,0.0,0.0
11,0,8.061870142351815,10.007892991423496,0.0,0.0,0.0,0.0,0.0,0.0
12,0,11.939181770800287,7.980593506908627,0.0,0.0,0.0,1.0,1.0,0.0
13,0,11.977901587124007,1.0227705305557866,0.0,1.0,0.0,0.0,1.0,0.0
14,0,5.967772084883898,10.965776601720648,0.0,0.0,0.0,0.0,0.0,0.0
15,0,4.980307399284498,6.97684522628239,1.0,1.0,0.0,0.0,0.0,1.0
16,0,10.984423890221509,4.042548043936521,1.0,0.0,0.0,0.0,0.0,0.0
17,0,10.044011354875767,1.9675684867333416,0.0,1.0,0.0,0.0,0.0,0.0
18,0,0.0,12.0,0.0,1.0,0.0,1.0,0.0,1.0
19,0,0.0,10.994289887227795,0.0,0.0,1.0,0.0,0.0,0.0
0,5,9.899232727274214,8.03422464895761,1.0,1.0,1.0,1.0,0.0,0.0
1,5,0.0,7.029623689218389,0.0,0.0,1.0,0.0,0.0,0.0
2,5,1.9053713965436088,10.031654470490874,0.0,0.0,0.0,0.0,0.0,0.0
3,5,11.98815509122694,8.111437548845922,1.0,0.0,0.0,0.0,0.0,0.0
4,5,1.0812217972409195,6.051804493588923,0.0,0.0,1.0,1.0,0.0,1.0
5,5,2.933896594038254,7.915850686978818,0.0,1.0,0.0,1.0,0.0,1.0
6,5,3.913034958446621,5.039259908072991,0.0,0.0,1.0,0.0,0.0,0.0
7,5,7.918643325766557,9.088759823879382,1.0,1.0,0.0,0.0,0.0,0.0
8,5,5.960781802991067,2.91175638360104,0.0,0.0,0.0,1.0,0.0,0.0
9,5,4.94368923159511,8.003843245756556,1.0,0.0,1.0,0.0,0.0,0.0
10,5,9.053512019048704,1.060257845905703,0.0,1.0,0.0,0.0,0.0,0.0
11,5,8.136664181437107,10.01817000358542,0.0,0.0,0.0,0.0,0.0,0.0
12,5,11.874598438831864,7.96058596728733,0.0,0.0,0.0,1.0,1.0,0.0
13,5,11.952754156517864,1.0481272992472457,0.0,1.0,0.0,0.0,1.0,0.0
14,5,5.957455819042635,10.954627612906636,0.0,0.0,0.0,0.0,0.0,0.0
15,5,4.959356212274423,6.952991608215118,1.0,1.0,0.0,0.0,0.0,1.0
16,5,10.975263706001124,4.068209548021749,1.0,0.0,0.0,0.0,0.0,0.0
17,5,10.09618885638281,1.929155135836484,0.0,1.0,0.0,0.0,0.0,0.0
18,5,0.0,12.0,0.0,1.0,0.0,1.0,0.0,1.0
19,5,0.0,10.988546594576324,0.0,0.0,1.0,0.0,0.0,0.0
0,10,9.867751718943556,8.044379302579916,1.0,1.0,1.0,1.0,0.0,0.0
1,10,0.0,7.047537326177784,0.0,0.0,1.0,0.0,0.0,0.0
2,10,1.8893912666286832,10.036353513292037,0.0,0.0,0.0,0.0,0.0,0.0
3,10,11.979451827543652,8.18646401801704,1.0,0.0,0.0,0.0,0.0,0.0
4,10,1.1356989270713334,6.087376605344817,0.0,0.0,1.0,1.0,0.0,1.0
5,10,2.896074044171586,7.869459002540697,0.0,1.0,0.0,1.0,0.0,1.0
6,10,3.8661862317069375,5.061264503290849,0.0,0.0,1.0,0.0,0.0,0.0
7,10,7.880985974962969,9.127762603841637,1.0,1.0,0.0,0.0,0.0,0.0
8,10,5.941576518292759,2.869187245907346,0.0,0.0,0.0,1.0,0.0,0.0
9,10,4.904269582346447,8.00602236879567,1.0,0.0,1.0,0.0,0.0,0.0
10,10,9.068179128264656,1.0757874173046715,0.0,1.0,0.0,0.0,0.0,0.0
11,10,8.225566839688037,10.02921312342305,0.0,0.0,0.0,0.0,0.0,0.0
12,10,11.811633113004282,7.93982923669438,0.0,0.0,0.0,1.0,1.0,0.0
13,10,11.947211706997368,1.0539666417068574,0.0,1.0,0.0,0.0,1.0,0.0
14,10,5.961149933276736,10.958683155583913,0.0,0.0,0.0,0.0,0.0,0.0
15,10,4.943537195665909,6.935623131578713,1.0,1.0,0.0,0.0,0.0,1.0
16,10,10.961700552215875,4.107350692858038,1.0,0.0,0.0,0.0,0.0,0.0
17,10,10.16517457671879,1.8781466501490005,0.0,1.0,0.0,0.0,0.0,0.0
18,10,0.0,12.0,0.0,1.0,0.0,1.0,0.0,1.0
19,10,0.0,10.97913781252191,0.0,0.0,1.0,0.0,0.0,0.0
0,15,9.81639024123792,8.059784774158917,1.0,1.0,1.0,1.0,0.0,0.0
1,15,0.0,7.071541896573029,0.0,0.0,1.0,0.0,0.0,0.0
2,15,1.8910758162681645,10.04189162763178,0.0,0.0,0.0,0.0,0.0,0.0
3,15,11.967093584784225,8.278798623757266,1.0,0.0,0.0,0.0,0.0,0.0
4,15,1.1916754401110554,6.123631815346124,0.0,0.0,1.0,1.0,0.0,1.0
5,15,2.855484383666587,7.821186481049729,0.0,1.0,0.0,1.0,0.0,1.0
6,15,3.824512040785435,5.083114845821583,0.0,0.0,1.0,0.0,0.0,0.0
7,15,7.862204540649643,9.147998382117487,1.0,1.0,0.0,0.0,0.0,0.0
8,15,5.924888742361585,2.8298898888872537,0.0,0.0,0.0,1.0,0.0,0.0
9,15,4.883875817729141,8.006848574938006,1.0,0.0,1.0,0.0,0.0,0.0
10,15,9.084815361224514,1.0930453182359938,0.0,1.0,0.0,0.0,0.0,0.0
11,15,8.32822761424564,10.04046487551926,0.0,0.0,0.0,0.0,0.0,0.0
12,15,11.728783102620485,7.912157241609039,0.0,0.0,0.0,1.0,1.0,0.0
13,15,11.942020038453473,1.0597165427518644,0.0,1.0,0.0,0.0,1.0,0.0
14,15,5.975198901396971,10.975115030778186,0.0,0.0,0.0,0.0,0.0,0.0
15,15,4.935897089540084,6.926967089216634,1.0,1.0,0.0,0.0,0.0,1.0
16,15,10.953073657009703,4.131674071480531,1.0,0.0,0.0,0.0,0.0,0.0
17,15,10.244000147023662,1.816895386127804,0.0,1.0,0.0,0.0,0.0,0.0
18,15,0.0826836867273007,12.0,0.0,1.0,0.0,1.0,0.0,1.0
19,15,0.0,11.06782962498227,0.0,0.0,1.0,0.0,0.0,0.0
0,20,9.75995315904938,8.076924443782774,1.0,1.0,1.0,1.0,0.0,0.0
1,20,0.0,7.0953910546058365,0.0,0.0,1.0,0.0,0.0,0.0
2,20,1.8886601561277707,10.033385477147805,0.0,0.0,0.0,0.0,0.0,0.0
3,20,11.955055579606151,8.369087659642267,1.0,0.0,0.0,0.0,0.0,0.0
4,20,1.230195912847354,6.149912625633641,0.0,0.0,1.0,1.0,0.0,1.0
5,20,2.809639165965917,7.767682109027591,0.0,1.0,0.0,1.0,0.0,1.0
6,20,3.795363007071473,5.099025695837096,0.0,0.0,1.0,0.0,0.0,0.0
7,20,7.838998927782368,9.172739823597588,1.0,1.0,0.0,0.0,0.0,0.0
8,20,5.906722807927111,2.787504961387861,0.0,0.0,0.0,1.0,0.0,0.0
9,20,4.866225904924384,8.007760541629057,1.0,0.0,1.0,0.0,0.0,0.0
10,20,9.094647561615831,1.103057241378078,0.0,1.0,0.0,0.0,0.0,0.0
11,20,8.42634585682996,10.052592427955272,0.0,0.0,0.0,0.0,0.0,0.0
12,20,11.66545027931104,7.889541894207162,0.0,0.0,0.0,1.0,1.0,0.0
13,20,11.94246035255748,1.059228903028149,0.0,1.0,0.0,0.0,1.0,0.0
14,20,5.978942947617387,10.979621123330032,0.0,0.0,0.0,0.0,0.0,0.0
15,20,4.929919748157459,6.9202730452933965,1.0,1.0,0.0,0.0,0.0,1.0
16,20,10.936118942474913,4.186257575980079,1.0,0.0,0.0,0.0,0.0,0.0
17,20,10.316947706670216,1.7582236778591032,0.0,1.0,0.0,0.0,0.0,0.0
18,20,0.1686592103959637,12.0,0.0,1.0,0.0,1.0,0.0,1.0
19,20,0.0,11.153323536785454,0.0,0.0,1.0,0.0,0.0,0.0
0,25,9.708556218044103,8.093357357830255,1.0,1.0,1.0,1.0,0.0,0.0
1,25,0.0,7.107091097593384,0.0,0.0,1.0,0.0,0.0,0.0
2,25,1.8865258075143103,10.025626735803751,0.0,0.0,0.0,0.0,0.0,0.0
3,25,11.941084958848371,8.457374717026399,1.0,0.0,0.0,0.0,0.0,0.0
4,25,1.2638856186914469,6.172048195778452,0.0,0.0,1.0,1.0,0.0,1.0
5,25,2.772196321322575,7.723337461020346,0.0,1.0,0.0,1.0,0.0,1.0
6,25,3.751961219934703,5.122835368719845,0.0,0.0,1.0,0.0,0.0,0.0
7,25,7.788349081865388,9.226556249169748,1.0,1.0,0.0,0.0,0.0,0.0
8,25,5.88627996908543,2.7394469258792267,0.0,0.0,0.0,1.0,0.0,0.0
9,25,4.856720097667985,8.008330802217968,1.0,0.0,1.0,0.0,0.0,0.0
10,25,9.101906315426351,1.1102115221481277,0.0,1.0,0.0,0.0,0.0,0.0
11,25,8.521798726348196,10.062229591265972,0.0,0.0,0.0,0.0,0.0,0.0
12,25,11.602872253314024,7.867996811411156,0.0,0.0,0.0,1.0,1.0,0.0
13,25,11.95711784381804,1.042287156162822,0.0,1.0,0.0,0.0,1.0,0.0
14,25,5.968865214919547,10.968386794005443,0.0,0.0,0.0,0.0,0.0,0.0
15,25,4.936541254270197,6.927507042375955,1.0,1.0,0.0,0.0,0.0,1.0
16,25,10.91937049706735,4.239714881356468,1.0,0.0,0.0,0.0,0.0,0.0
17,25,10.394624814356128,1.6978275663388658,0.0,1.0,0.0,0.0,0.0,0.0
18,25,0.2920302659081837,12.0,0.0,1.0,0.0,1.0,0.0,1.0
19,25,0.0,11.221022997015949,0.0,0.0,1.0,0.0,0.0,0.0
0,30,9.658284946201734,8.110108725849162,1.0,1.0,1.0,1.0,0.0,0.0
1,30,0.0,7.115534353067026,0.0,0.0,1.0,0.0,0.0,0.0
2,30,1.8840280226286923,10.016496663315955,0.0,0.0,0.0,0.0,0.0,0.0
3,30,11.92839025704361,8.527412814239042,1.0,0.0,0.0,0.0,0.0,0.0
4,30,1.2696268117263374,6.17577228741123,0.0,0.0,1.0,1.0,0.0,1.0
5,30,2.741212748370628,7.687002990104979,0.0,1.0,0.0,1.0,0.0,1.0
6,30,3.7138844591528266,5.144538316494213,0.0,0.0,1.0,0.0,0.0,0.0
7,30,7.731734357375507,9.284754903671155,1.0,1.0,0.0,0.0,0.0,0.0
8,30,5.863206981280835,2.6772677073449618,0.0,0.0,0.0,1.0,0.0,0.0
9,30,4.865383574336413,8.007909054463662,1.0,0.0,1.0,0.0,0.0,0.0
10,30,9.11207358543652,1.1197051596749528,0.0,1.0,0.0,0.0,0.0,0.0
11,30,8.6191961168664,10.07157859513794,0.0,0.0,0.0,0.0,0.0,0.0
12,30,11.5443386801794,7.844937617717369,0.0,0.0,0.0,1.0,1.0,0.0
13,30,11.97531993718303,1.0212326874677484,0.0,1.0,0.0,0.0,1.0,0.0
14,30,5.955460141112655,10.953180953125722,0.0,0.0,0.0,0.0,0.0,0.0
15,30,4.945521227059283,6.936618667423782,1.0,1.0,0.0,0.0,0.0,1.0
16,30,10.903056093743238,4.297263766077058,1.0,0.0,0.0,0.0,0.0,0.0
17,30,10.463028692959966,1.7864936686050057,0.0,1.0,0.0,0.0,0.0,0.0
18,30,0.4261739867298477,12.0,0.0,1.0,0.0,1.0,0.0,1.0
19,30,0.0,11.322458784396169,0.0,0.0,1.0,0.0,0.0,0.0
0,35,9.614539492443534,8.12407525328895,1.0,1.0,1.0,1.0,0.0,0.0
1,35,0.0,7.126080414949258,0.0,0.0,1.0,0.0,0.0,0.0
2,35,1.880736384952037,10.00405046674662,0.0,0.0,0.0,0.0,0.0,0.0
3,35,11.914359875485278,8.599550287558769,1.0,0.0,0.0,0.0,0.0,0.0
4,35,1.264608427403343,6.172480066817099,0.0,0.0,1.0,1.0,0.0,1.0
5,35,2.7088975371326867,7.650222749212868,0.0,1.0,0.0,1.0,0.0,1.0
6,35,3.6805403104882872,5.16302622832415,0.0,0.0,1.0,0.0,0.0,0.0
7,35,7.693712760921977,9.323312988451418,1.0,1.0,0.0,0.0,0.0,0.0
8,35,5.850170281561861,2.6402314906198505,0.0,0.0,0.0,1.0,0.0,0.0
9,35,4.869449092487528,8.007776849896702,1.0,0.0,1.0,0.0,0.0,0.0
10,35,9.138460024622152,1.1439913275139455,0.0,1.0,0.0,0.0,0.0,0.0
11,35,8.712865538702102,10.07935360023517,0.0,0.0,0.0,0.0,0.0,0.0
12,35,11.492008661810722,7.822992122494106,0.0,0.0,0.0,1.0,1.0,0.0
13,35,11.98828431380657,1.005522137027429,0.0,1.0,0.0,0.0,1.0,0.0
14,35,5.941548066681041,10.936884243870312,0.0,0.0,0.0,0.0,0.0,0.0
15,35,4.958681100490135,6.949852297697537,1.0,1.0,0.0,0.0,0.0,1.0
16,35,10.88690769985049,4.350767324156747,1.0,0.0,0.0,0.0,0.0,0.0
17,35,10.537340926598562,1.8815096965818132,0.0,1.0,0.0,0.0,0.0,0.0
18,35,0.5566239597778979,12.0,0.0,1.0,0.0,1.0,0.0,1.0
19,35,0.0,11.410387704709336,0.0,0.0,1.0,0.0,0.0,0.0
0,40,9.602491218077148,8.128024992701913,1.0,1.0,1.0,1.0,0.0,0.0
1,40,0.0,7.145329849388043,0.0,0.0,1.0,0.0,0.0,0.0
2,40,1.879251619454458,9.998145822964236,0.0,0.0,0.0,0.0,0.0,0.0
3,40,11.900572436068542,8.677965242578656,1.0,0.0,0.0,0.0,0.0,0.0
4,40,1.2815379959558966,6.183314820351554,0.0,0.0,1.0,1.0,0.0,1.0
5,40,2.680192567209452,7.620352441120012,0.0,1.0,0.0,1.0,0.0,1.0
6,40,3.6483164896825113,5.180884068444366,0.0,0.0,1.0,0.0,0.0,0.0
7,40,7.652846639223545,9.36414347485561,1.0,1.0,0.0,0.0,0.0,0.0
8,40,5.834077494076788,2.5966113328338225,0.0,0.0,0.0,1.0,0.0,0.0
9,40,4.876385372506177,8.007632823246466,1.0,0.0,1.0,0.0,0.0,0.0
10,40,9.159346528899672,1.1646307605206,0.0,1.0,0.0,0.0,0.0,0.0
11,40,8.806621627488617,10.086270465265674,0.0,0.0,0.0,0.0,0.0,0.0
12,40,11.452737042313398,7.806598198018308,0.0,0.0,0.0,1.0,1.0,0.0
13,40,12.0,0.9864191852636818,0.0,1.0,0.0,0.0,1.0,0.0
14,40,5.936846627733468,10.93146663091828,0.0,0.0,0.0,0.0,0.0,0.0
15,40,4.982111200202252,6.971866745101835,1.0,1.0,0.0,0.0,0.0,1.0
16,40,10.871192741727134,4.403115050110159,1.0,0.0,0.0,0.0,0.0,0.0
17,40,10.619795104856356,1.9921612772621848,0.0,1.0,0.0,0.0,0.0,0.0
18,40,0.6719332497912643,12.0,0.0,1.0,0.0,1.0,0.0,1.0
19,40,0.0,11.49735717923305,0.0,0.0,1.0,0.0,0.0,0.0
0,45,9.575098561324316,8.136359760374257,1.0,1.0,1.0,1.0,0.0,0.0
1,45,0.0,7.164999319545284,0.0,0.0,1.0,0.0,0.0,0.0
2,45,1.871993123355271,9.97008350730714,0.0,0.0,0.0,0.0,0.0,0.0
3,45,11.888156258413774,8.737421887326356,1.0,0.0,0.0,0.0,0.0,0.0
4,45,1.290168058462229,6.1887430679707975,0.0,0.0,1.0,1.0,0.0,1.0
5,45,2.648841440499757,7.588564890308912,0.0,1.0,0.0,1.0,0.0,1.0
6,45,3.606257577085064,5.205162227040387,0.0,0.0,1.0,0.0,0.0,0.0
7,45,7.608183918304176,9.408240802404336,1.0,1.0,0.0,0.0,0.0,0.0
8,45,5.8137617918634295,2.545626983657008,0.0,0.0,0.0,1.0,0.0,0.0
9,45,4.866205354343384,8.00790935352137,1.0,0.0,1.0,0.0,0.0,0.0
10,45,9.165615682422942,1.1709177995523512,0.0,1.0,0.0,0.0,0.0,0.0
11,45,8.899652990212308,10.094427250285149,0.0,0.0,0.0,0.0,0.0,0.0
12,45,11.405510727757513,7.785612073607003,0.0,0.0,0.0,1.0,1.0,0.0
13,45,12.0,0.9750791106001316,0.0,1.0,0.0,0.0,1.0,0.0
14,45,5.93069978674859,10.92434214072563,0.0,0.0,0.0,0.0,0.0,0.0
15,45,5.005566530954006,6.994902499855092,1.0,1.0,0.0,0.0,0.0,1.0
16,45,10.853547138037156,4.4600295448667024,1.0,0.0,0.0,0.0,0.0,0.0
17,45,10.69474152798876,2.093109900496591,0.0,1.0,0.0,0.0,0.0,0.0
18,45,0.7993664882530016,12.0,0.0,1.0,0.0,1.0,0.0,1.0
19,45,0.0,11.582995313567954,0.0,0.0,1.0,0.0,0.0,0.0
0,50,9.551382926675045,8.143067899058286,1.0,1.0,1.0,1.0,0.0,0.0
1,50,0.0,7.182451410327516,0.0,0.0,1.0,0.0,0.0,0.0
2,50,1.8624984046679005,9.931110032851526,0.0,0.0,0.0,0.0,0.0,0.0
3,50,11.876428640017052,8.802510155420348,1.0,0.0,0.0,0.0,0.0,0.0
4,50,1.2977008706490734,6.1931898063439474,0.0,0.0,1.0,1.0,0.0,1.0
5,50,2.625737355534853,7.565853611113305,0.0,1.0,0.0,1.0,0.0,1.0
6,50,3.5731417651795434,5.224542506227758,0.0,0.0,1.0,0.0,0.0,0.0
7,50,7.5537380359353214,9.46310345202137,1.0,1.0,0.0,0.0,0.0,0.0
8,50,5.795328970138037,2.497978997015813,0.0,0.0,0.0,1.0,0.0,0.0
9,50,4.83963749344254,8.008554311254306,1.0,0.0,1.0,0.0,0.0,0.0
10,50,9.160268769913282,1.1658737564616863,0.0,1.0,0.0,0.0,0.0,0.0
11,50,8.985210321097771,10.104240718535548,0.0,0.0,0.0,0.0,0.0,0.0
12,50,11.390947772052565,7.779567454556519,0.0,0.0,0.0,1.0,1.0,0.0
13,50,12.0,0.9536040183630472,0.0,1.0,0.0,0.0,1.0,0.0
14,50,5.9289476306666025,10.922406199045268,0.0,0.0,0.0,0.0,0.0,0.0
15,50,5.017702090251433,7.006846568917018,1.0,1.0,0.0,0.0,0.0,1.0
16,50,10.833991581806362,4.524543702301286,1.0,0.0,0.0,0.0,0.0,0.0
17,50,10.77752435516126,2.2049772319808274,0.0,1.0,0.0,0.0,0.0,0.0
18,50,0.9202916482702852,12.0,0.0,1.0,0.0,1.0,0.0,1.0
19,50,0.0,11.69710252854578,0.0,0.0,1.0,0.0,0.0,0.0
0,55,9.556353658687636,8.14168072408045,1.0,1.0,1.0,1.0,0.0,0.0
1,55,0.0,7.19854785468746,0.0,0.0,1.0,0.0,0.0,0.0
2,55,1.8562821104353275,9.907127804544608,0.0,0.0,0.0,0.0,0.0,0.0
3,55,11.86657213158866,8.860829342677304,1.0,0.0,0.0,0.0,0.0,0.0
4,55,1.3071639703965738,6.1989898378976935,0.0,0.0,1.0,1.0,0.0,1.0
5,55,2.6058877172960515,7.546896704805778,0.0,1.0,0.0,1.0,0.0,1.0
6,55,3.5058684925204786,5.265069059888543,0.0,0.0,1.0,0.0,0.0,0.0
7,55,7.487926446263179,9.53004284686756,1.0,1.0,0.0,0.0,0.0,0.0
8,55,5.776828634490411,2.448040492075024,0.0,0.0,0.0,1.0,0.0,0.0
9,55,4.799660989590903,8.010117287574746,1.0,0.0,1.0,0.0,0.0,0.0
10,55,9.130405700919647,1.1368454285552778,0.0,1.0,0.0,0.0,0.0,0.0
11,55,9.05570942940325,10.11076893267054,0.0,0.0,0.0,0.0,0.0,0.0
12,55,11.389140580993107,7.778841125631971,0.0,0.0,0.0,1.0,1.0,0.0
13,55,12.0,0.9294019265088234,0.0,1.0,0.0,0.0,1.0,0.0
14,55,5.923292767797323,10.915964416127569,0.0,0.0,0.0,0.0,0.0,0.0
15,55,5.043669501666918,7.0335280918013785,1.0,1.0,0.0,0.0,0.0,1.0
16,55,10.811495348788272,4.598461935407676,1.0,0.0,0.0,0.0,0.0,0.0
17,55,10.866211529298802,2.321037574868638,0.0,1.0,0.0,0.0,0.0,0.0
18,55,1.021105827113186,12.0,0.0,1.0,0.0,1.0,0.0,1.0
19,55,0.0,11.810162733895538,0.0,0.0,1.0,0.0,0.0,0.0
0,60,9.54902864878528,8.14332249350534,1.0,1.0,1.0,1.0,0.0,0.0
1,60,0.0,7.221544398796016,0.0,0.0,1.0,0.0,0.0,0.0
2,60,1.847718816094146,9.876892586656044,0.0,0.0,0.0,0.0,0.0,0.0
3,60,11.85868958198646,8.922528702998065,1.0,0.0,0.0,0.0,0.0,0.0
4,60,1.3129839536044037,6.202540939590092,0.0,0.0,1.0,1.0,0.0,1.0
5,60,2.577745893394398,7.5206571227038355,0.0,1.0,0.0,1.0,0.0,1.0
6,60,3.417253546474885,5.322681274917962,0.0,0.0,1.0,0.0,0.0,0.0
7,60,7.422310252258123,9.594664966058088,1.0,1.0,0.0,0.0,0.0,0.0
8,60,5.764289800162234,2.4108623254011303,0.0,0.0,0.0,1.0,0.0,0.0
9,60,4.791210267971211,8.010262819245861,1.0,0.0,1.0,0.0,0.0,0.0
10,60,9.103860920592782,1.1110447797401584,0.0,1.0,0.0,0.0,0.0,0.0
11,60,9.134715443608997,10.11864751704313,0.0,0.0,0.0,0.0,0.0,0.0
12,60,11.385858657653902,7.777528677311649,0.0,0.0,0.0,1.0,1.0,0.0
13,60,12.0,0.891474436397841,0.0,1.0,0.0,0.0,1.0,0.0
14,60,5.929785453853093,10.92348277392014,0.0,0.0,0.0,0.0,0.0,0.0
15,60,5.076116158914615,7.065376644941395,1.0,1.0,0.0,0.0,0.0,1.0
16,60,10.78419227508251,4.683099013922393,1.0,0.0,0.0,0.0,0.0,0.0
17,60,10.956119769565762,2.4373297928056297,0.0,1.0,0.0,0.0,0.0,0.0
18,60,1.131313863050017,12.0,0.0,1.0,0.0,1.0,0.0,1.0
19,60,0.0,11.92490222210134,0.0,0.0,1.0,0.0,0.0,0.0
0,65,9.552439106727082,8.14263667781524,1.0,1.0,1.0,1.0,0.0,0.0
1,65,0.0,7.242165924712468,0.0,0.0,1.0,0.0,0.0,0.0
2,65,1.8342514707619035,9.834732857330996,0.0,0.0,0.0,0.0,0.0,0.0
3,65,11.85221006027096,8.992427108232908,1.0,0.0,0.0,0.0,0.0,0.0
4,65,1.2991657161929464,6.194778877748242,0.0,0.0,1.0,1.0,0.0,1.0
5,65,2.549636824385356,7.493644695912369,0.0,1.0,0.0,1.0,0.0,1.0
6,65,3.326407256214521,5.38468469119741,0.0,0.0,1.0,0.0,0.0,0.0
7,65,7.361472759600485,9.65757065955208,1.0,1.0,0.0,0.0,0.0,0.0
8,65,5.754804696998686,2.3845511941825275,0.0,0.0,0.0,1.0,0.0,0.0
9,65,4.773691312850231,8.010908833715447,1.0,0.0,1.0,0.0,0.0,0.0
10,65,9.074141122474597,1.0815464796809309,0.0,1.0,0.0,0.0,0.0,0.0
11,65,9.19363206021274,10.12361847999189,0.0,0.0,0.0,0.0,0.0,0.0
12,65,11.39128847475176,7.779912199409058,0.0,0.0,0.0,1.0,1.0,0.0
13,65,12.0,0.8620769089366527,0.0,1.0,0.0,0.0,1.0,0.0
14,65,5.933806711617628,10.92806065658547,0.0,0.0,0.0,0.0,0.0,0.0
15,65,5.090024275940348,7.079471421420308,1.0,1.0,0.0,0.0,0.0,1.0
16,65,10.748572444931174,4.792687638089781,1.0,0.0,0.0,0.0,0.0,0.0
17,65,11.03643551355704,2.538026202739107,0.0,1.0,0.0,0.0,0.0,0.0
18,65,1.2264284742307745,12.0,0.0,1.0,0.0,1.0,0.0,1.0
19,65,0.0,12.0,0.0,0.0,1.0,0.0,0.0,0.0
0,70,9.54348407826616,8.14437171001738,1.0,1.0,1.0,1.0,0.0,0.0
1,70,0.0,7.263493630346942,0.0,0.0,1.0,0.0,0.0,0.0
2,70,1.82656296904224,9.811163668979695,0.0,0.0,0.0,0.0,0.0,0.0
3,70,11.84216135538832,9.060976197842216,1.0,0.0,0.0,0.0,0.0,0.0
4,70,1.3011157008438354,6.195892811706672,0.0,0.0,1.0,1.0,0.0,1.0
5,70,2.52308533354488,7.467865997424931,0.0,1.0,0.0,1.0,0.0,1.0
6,70,3.2274370812959794,5.453946691013901,0.0,0.0,1.0,0.0,0.0,0.0
7,70,7.283512413272538,9.736801094569666,1.0,1.0,0.0,0.0,0.0,0.0
8,70,5.742728470813449,2.3499799515968824,0.0,0.0,0.0,1.0,0.0,0.0
9,70,4.77258244489984,8.010936350661593,1.0,0.0,1.0,0.0,0.0,0.0
10,70,9.040220614192853,1.0492274065225322,0.0,1.0,0.0,0.0,0.0,0.0
11,70,9.232730875960687,10.126494285952065,0.0,0.0,0.0,0.0,0.0,0.0
12,70,11.375797088031854,7.773253541273052,0.0,0.0,0.0,1.0,1.0,0.0
13,70,12.0,0.8338675472793181,0.0,1.0,0.0,0.0,1.0,0.0
14,70,5.929454110944279,10.923082767327164,0.0,0.0,0.0,0.0,0.0,0.0
15,70,5.098799699594512,7.088587956818631,1.0,1.0,0.0,0.0,0.0,1.0
16,70,10.715629256997063,4.900699504503187,1.0,0.0,0.0,0.0,0.0,0.0
17,70,11.123443820161093,2.645119507718092,0.0,1.0,0.0,0.0,0.0,0.0
18,70,1.3327284911095614,12.0,0.0,1.0,0.0,1.0,0.0,1.0
19,70,0.0,12.0,0.0,0.0,1.0,0.0,0.0,0.0
0,75,9.552093646501444,8.142707924960735,1.0,1.0,1.0,1.0,0.0,0.0
1,75,0.0,7.284774337822766,0.0,0.0,1.0,0.0,0.0,0.0
2,75,1.8226395718916324,9.799788050603912,0.0,0.0,0.0,0.0,0.0,0.0
3,75,11.82663580528312,9.155482265619543,1.0,0.0,0.0,0.0,0.0,0.0
4,75,1.2823315418784011,6.185101599034933,0.0,0.0,1.0,1.0,0.0,1.0
5,75,2.5019886056088323,7.488167894658801,0.0,1.0,0.0,1.0,0.0,1.0
6,75,3.1290356181144534,5.519810507169679,0.0,0.0,1.0,0.0,0.0,0.0
7,75,7.201732546919691,9.821154134777752,1.0,1.0,0.0,0.0,0.0,0.0
8,75,5.730816352008886,2.3175694329718355,0.0,0.0,0.0,1.0,0.0,0.0
9,75,4.767008920458885,8.010992171467713,1.0,0.0,1.0,0.0,0.0,0.0
10,75,9.004000649976035,1.0121416280645248,0.0,1.0,0.0,0.0,0.0,0.0
11,75,9.25488676174276,10.127830937593163,0.0,0.0,0.0,0.0,0.0,0.0
12,75,11.368795217191725,7.770056328158738,0.0,0.0,0.0,1.0,1.0,0.0
13,75,12.0,0.8049557231840663,0.0,1.0,0.0,0.0,1.0,0.0
14,75,5.914510941923055,10.905489770275803,0.0,0.0,0.0,0.0,0.0,0.0
15,75,5.098671885405986,7.08846223351177,1.0,1.0,0.0,0.0,0.0,1.0
16,75,10.681962945157744,5.0036079678366265,1.0,0.0,0.0,0.0,0.0,0.0
17,75,11.209930278633689,2.7532138946339835,0.0,1.0,0.0,0.0,0.0,0.0
18,75,1.425470041286519,12.0,0.0,1.0,0.0,1.0,0.0,1.0
19,75,0.0,12.0,0.0,0.0,1.0,0.0,0.0,0.0
0,80,9.55220604494422,8.143302301193248,1.0,1.0,1.0,1.0,0.0,0.0
1,80,0.0,7.30728250298283,0.0,0.0,1.0,0.0,0.0,0.0
2,80,1.8230727543958,9.801130937924126,0.0,0.0,0.0,0.0,0.0,0.0
3,80,11.815046811064567,9.247527467878276,1.0,0.0,0.0,0.0,0.0,0.0
4,80,1.2741587079933083,6.180268086016147,0.0,0.0,1.0,1.0,0.0,1.0
5,80,2.482962506361181,7.506569942035291,0.0,1.0,0.0,1.0,0.0,1.0
6,80,3.0105116882667966,5.5959380065412265,0.0,0.0,1.0,0.0,0.0,0.0
7,80,7.112346061871983,9.908147759022542,1.0,1.0,0.0,0.0,0.0,0.0
8,80,5.717783096319156,2.2831641532034004,0.0,0.0,0.0,1.0,0.0,0.0
9,80,4.733842429945443,8.010751955016518,1.0,0.0,1.0,0.0,0.0,0.0
10,80,8.960799343540119,0.967935753483917,0.0,1.0,0.0,0.0,0.0,0.0
11,80,9.281863985504575,10.12902712883749,0.0,0.0,0.0,0.0,0.0,0.0
12,80,11.343513479157709,7.758814143683389,0.0,0.0,0.0,1.0,1.0,0.0
13,80,12.0,0.7903885535638911,0.0,1.0,0.0,0.0,1.0,0.0
14,80,5.911731347222586,10.902242749960164,0.0,0.0,0.0,0.0,0.0,0.0
15,80,5.091376686876629,7.081199709102593,1.0,1.0,0.0,0.0,0.0,1.0
16,80,10.646664396543391,5.118323509872878,1.0,0.0,0.0,0.0,0.0,0.0
17,80,11.305444888992549,2.872448829478742,0.0,1.0,0.0,0.0,0.0,0.0
18,80,1.523530269860766,12.0,0.0,1.0,0.0,1.0,0.0,1.0
19,80,0.0,12.0,0.0,0.0,1.0,0.0,0.0,0.0
0,85,9.554934631821444,8.156904661366124,1.0,1.0,1.0,1.0,0.0,0.0
1,85,0.0,7.328118888545871,0.0,0.0,1.0,0.0,0.0,0.0
2,85,1.826380556130012,9.81207588483321,0.0,0.0,0.0,0.0,0.0,0.0
3,85,11.806026269829188,9.328324882532474,1.0,0.0,0.0,0.0,0.0,0.0
4,85,1.2715111543894717,6.178723109961062,0.0,0.0,1.0,1.0,0.0,1.0
5,85,2.4781179167331686,7.511216002275211,0.0,1.0,0.0,1.0,0.0,1.0
6,85,2.91635178622774,5.656190984341672,0.0,0.0,1.0,0.0,0.0,0.0
7,85,7.027588870024808,9.991986666902346,1.0,1.0,0.0,0.0,0.0,0.0
8,85,5.7042559956137096,2.243600058294311,0.0,0.0,0.0,1.0,0.0,0.0
9,85,4.734726926404127,8.010781095516812,1.0,0.0,1.0,0.0,0.0,0.0
10,85,8.92363044956231,0.9296713397873436,0.0,1.0,0.0,0.0,0.0,0.0
11,85,9.29145107477724,10.129341178383632,0.0,0.0,0.0,0.0,0.0,0.0
12,85,11.32682986752864,7.751107199488649,0.0,0.0,0.0,1.0,1.0,0.0
13,85,12.0,0.7747468938752723,0.0,1.0,0.0,0.0,1.0,0.0
14,85,5.914105257086555,10.904979204699444,0.0,0.0,0.0,0.0,0.0,0.0
15,85,5.096686513405432,7.086506278935545,1.0,1.0,0.0,0.0,0.0,1.0
16,85,10.605532690821178,5.243847674545908,1.0,0.0,0.0,0.0,0.0,0.0
17,85,11.395430102924342,2.9868750965297326,0.0,1.0,0.0,0.0,0.0,0.0
18,85,1.6065344090986855,12.0,0.0,1.0,0.0,1.0,0.0,1.0
19,85,0.0,12.0,0.0,0.0,1.0,0.0,0.0,0.0
0,90,9.55705282622536,8.16778905169737,1.0,1.0,1.0,1.0,0.0,0.0
1,90,0.0,7.350017339920961,0.0,0.0,1.0,0.0,0.0,0.0
2,90,1.8330895125324835,9.833054464173964,0.0,0.0,0.0,0.0,0.0,0.0
3,90,11.796198986161416,9.420675698419425,1.0,0.0,0.0,0.0,0.0,0.0
4,90,1.2631833199345286,6.17394196840045,0.0,0.0,1.0,1.0,0.0,1.0
5,90,2.4730724565434348,7.516048456831511,0.0,1.0,0.0,1.0,0.0,1.0
6,90,2.822892686714198,5.714784596977441,0.0,0.0,1.0,0.0,0.0,0.0
7,90,6.952191329996582,10.070229733883194,1.0,1.0,0.0,0.0,0.0,0.0
8,90,5.6967346491427024,2.222336777427295,0.0,0.0,0.0,1.0,0.0,0.0
9,90,4.725036050509552,8.010785547117749,1.0,0.0,1.0,0.0,0.0,0.0
10,90,8.886251325589972,0.8892687480362051,0.0,1.0,0.0,0.0,0.0,0.0
11,90,9.30372654224158,10.129547678930743,0.0,0.0,0.0,0.0,0.0,0.0
12,90,11.291169802805255,7.732518073376159,0.0,0.0,0.0,1.0,1.0,0.0
13,90,12.0,0.7532922125702726,0.0,1.0,0.0,0.0,1.0,0.0
14,90,5.915880518749551,10.9071085643385,0.0,0.0,0.0,0.0,0.0,0.0
15,90,5.108199259893497,7.098450640662452,1.0,1.0,0.0,0.0,0.0,1.0
16,90,10.55936779928853,5.37581640632913,1.0,0.0,0.0,0.0,0.0,0.0
17,90,11.481931675695336,3.093517145662256,0.0,1.0,0.0,0.0,0.0,0.0
18,90,1.6931329821714498,12.0,0.0,1.0,0.0,1.0,0.0,1.0
19,90,0.0,12.0,0.0,0.0,1.0,0.0,0.0,0.0
0,95,9.557524805845595,8.169987587231674,1.0,1.0,1.0,1.0,0.0,0.0
1,95,0.0,7.378097806040328,0.0,0.0,1.0,0.0,0.0,0.0
2,95,1.8381043906983483,9.848287763612143,0.0,0.0,0.0,0.0,0.0,0.0
3,95,11.7883700539374,9.53529908304048,1.0,0.0,0.0,0.0,0.0,0.0
4,95,1.2667356161226917,6.176018488416148,0.0,0.0,1.0,1.0,0.0,1.0
5,95,2.467826064615247,7.521467105920213,0.0,1.0,0.0,1.0,0.0,1.0
6,95,2.734960662109616,5.769643711264824,0.0,0.0,1.0,0.0,0.0,0.0
7,95,6.87203508664303,10.158627403062932,1.0,1.0,0.0,0.0,0.0,0.0
8,95,5.687440175505053,2.1949069705306385,0.0,0.0,0.0,1.0,0.0,0.0
9,95,4.711478904968901,8.010482597459038,1.0,0.0,1.0,0.0,0.0,0.0
10,95,8.85376538472135,0.8543241373805704,0.0,1.0,0.0,0.0,0.0,0.0
11,95,9.323420025789613,10.12992542688719,0.0,0.0,0.0,0.0,0.0,0.0
12,95,11.253668449372842,7.711461559418697,0.0,0.0,0.0,1.0,1.0,0.0
13,95,12.0,0.7380123261756038,0.0,1.0,0.0,0.0,1.0,0.0
14,95,5.914425302147459,10.905294062651514,0.0,0.0,0.0,0.0,0.0,0.0
15,95,5.129762441164908,7.1223029708678265,1.0,1.0,0.0,0.0,0.0,1.0
16,95,10.518499938520504,5.483419246355268,1.0,0.0,0.0,0.0,0.0,0.0
17,95,11.58014563850016,3.215869023977453,0.0,1.0,0.0,0.0,0.0,0.0
18,95,1.795259945503796,12.0,0.0,1.0,0.0,1.0,0.0,1.0
19,95,0.0,12.0,0.0,0.0,1.0,0.0,0.0,0.0
0,100,9.553897453139376,8.15005450210297,1.0,1.0,1.0,1.0,0.0,0.0
1,100,0.0,7.4054706067726,0.0,0.0,1.0,0.0,0.0,0.0
2,100,1.8419892149620376,9.8598422179545,0.0,0.0,0.0,0.0,0.0,0.0
3,100,11.77924439128934,9.66319355963669,1.0,0.0,0.0,0.0,0.0,0.0
4,100,1.2774168685835394,6.182333211362914,0.0,0.0,1.0,1.0,0.0,1.0
5,100,2.4686175860325887,7.520626498299658,0.0,1.0,0.0,1.0,0.0,1.0
6,100,2.6273237663324487,5.838986783438175,0.0,0.0,1.0,0.0,0.0,0.0
7,100,6.791938043883493,10.246340294508858,1.0,1.0,0.0,0.0,0.0,0.0
8,100,5.683301679492874,2.1835617309409905,0.0,0.0,0.0,1.0,0.0,0.0
9,100,4.70111994856279,8.010120840583323,1.0,0.0,1.0,0.0,0.0,0.0
10,100,8.820761724194469,0.8178721027598453,0.0,1.0,0.0,0.0,0.0,0.0
11,100,9.332221236983608,10.13020646331101,0.0,0.0,0.0,0.0,0.0,0.0
12,100,11.214072733647306,7.688369333359123,0.0,0.0,0.0,1.0,1.0,0.0
13,100,12.0,0.7252146735428063,0.0,1.0,0.0,0.0,1.0,0.0
14,100,5.900263826080386,10.916842071845824,0.0,0.0,0.0,0.0,0.0,0.0
15,100,5.157129929704876,7.150088422284193,1.0,1.0,0.0,0.0,0.0,1.0
16,100,10.479651463121405,5.587188705694279,1.0,0.0,0.0,0.0,0.0,0.0
17,100,11.67452080980228,3.3373574101984698,0.0,1.0,0.0,0.0,0.0,0.0
18,100,1.8961469898843413,12.0,0.0,1.0,0.0,1.0,0.0,1.0
19,100,0.0,12.0,0.0,0.0,1.0,0.0,0.0,0.0
0,105,9.548304153292497,8.118172711936104,1.0,1.0,1.0,1.0,0.0,0.0
1,105,0.0,7.434525079409608,0.0,0.0,1.0,0.0,0.0,0.0
2,105,1.8406955958272195,9.855831276051113,0.0,0.0,0.0,0.0,0.0,0.0
3,105,11.772706526328724,9.817283810023785,1.0,0.0,0.0,0.0,0.0,0.0
4,105,1.2651406131094716,6.17500714841881,0.0,0.0,1.0,1.0,0.0,1.0
5,105,2.457464167934177,7.531998672021244,0.0,1.0,0.0,1.0,0.0,1.0
6,105,2.5289002856677425,5.90445393094764,0.0,0.0,1.0,0.0,0.0,0.0
7,105,6.718360201268591,10.32793404102526,1.0,1.0,0.0,0.0,0.0,0.0
8,105,5.690015922524949,2.2013178365199098,0.0,0.0,0.0,1.0,0.0,0.0
9,105,4.683561943555745,8.009276002237298,1.0,0.0,1.0,0.0,0.0,0.0
10,105,8.786858792914952,0.7797233351322784,0.0,1.0,0.0,0.0,0.0,0.0
11,105,9.334389329186026,10.130247450772544,0.0,0.0,0.0,0.0,0.0,0.0
12,105,11.191174035229254,7.675228927111695,0.0,0.0,0.0,1.0,1.0,0.0
13,105,12.0,0.7185876572983267,0.0,1.0,0.0,0.0,1.0,0.0
14,105,5.867856667742707,10.94276486041296,0.0,0.0,0.0,0.0,0.0,0.0
15,105,5.174697397336168,7.168147900437884,1.0,1.0,0.0,0.0,0.0,1.0
16,105,10.446684424491602,5.674095440663618,1.0,0.0,0.0,0.0,0.0,0.0
17,105,11.761982040060667,3.448532550459127,0.0,1.0,0.0,0.0,0.0,0.0
18,105,1.989146328392652,12.0,0.0,1.0,0.0,1.0,0.0,1.0
19,105,0.0,12.0,0.0,0.0,1.0,0.0,0.0,0.0
0,110,9.540425414499737,8.077994443959192,1.0,1.0,1.0,1.0,0.0,0.0
1,110,0.0,7.457927534807859,0.0,0.0,1.0,0.0,0.0,0.0
2,110,1.8417156962570924,9.85916147225754,0.0,0.0,0.0,0.0,0.0,0.0
3,110,11.768013985140804,9.95753186731662,1.0,0.0,0.0,0.0,0.0,0.0
4,110,1.2612983722088371,6.172767860158242,0.0,0.0,1.0,1.0,0.0,1.0
5,110,2.440474010567224,7.548244598001777,0.0,1.0,0.0,1.0,0.0,1.0
6,110,2.419011936764183,5.977742628594986,0.0,0.0,1.0,0.0,0.0,0.0
7,110,6.639805925435771,10.420288073944151,1.0,1.0,0.0,0.0,0.0,0.0
8,110,5.696705934408032,2.21760305300293,0.0,0.0,0.0,1.0,0.0,0.0
9,110,4.650464611258997,8.008194301180051,1.0,0.0,1.0,0.0,0.0,0.0
10,110,8.766264878096855,0.7564087845469866,0.0,1.0,0.0,0.0,0.0,0.0
11,110,9.332321924133652,10.130178505050448,0.0,0.0,0.0,0.0,0.0,0.0
12,110,11.155275626847224,7.655595613127327,0.0,0.0,0.0,1.0,1.0,0.0
13,110,11.99917178366504,0.7194540872297395,0.0,1.0,0.0,0.0,1.0,0.0
14,110,5.812616855768265,10.98925902301546,0.0,0.0,0.0,0.0,0.0,0.0
15,110,5.1933623176784405,7.186945313736019,1.0,1.0,0.0,0.0,0.0,1.0
16,110,10.415299140118776,5.754198033519415,1.0,0.0,0.0,0.0,0.0,0.0
17,110,11.848351418160838,3.5571099529689585,0.0,1.0,0.0,0.0,0.0,0.0
18,110,2.096481820525966,12.0,0.0,1.0,0.0,1.0,0.0,1.0
19,110,0.0,12.0,0.0,0.0,1.0,0.0,0.0,0.0
0,115,9.532822160205535,8.04040120730395,1.0,1.0,1.0,1.0,0.0,0.0
1,115,0.0,7.480464149356345,0.0,0.0,1.0,0.0,0.0,0.0
2,115,1.8428642297662652,9.863267749869438,0.0,0.0,0.0,0.0,0.0,0.0
3,115,11.759018400390296,10.113120053097902,1.0,0.0,0.0,0.0,0.0,0.0
4,115,1.274428520185842,6.1803415424812105,0.0,0.0,1.0,1.0,0.0,1.0
5,115,2.4068366024238994,7.579722282472069,0.0,1.0,0.0,1.0,0.0,1.0
6,115,2.307790619931729,6.049145772602653,0.0,0.0,1.0,0.0,0.0,0.0
7,115,6.556508729322982,10.516254387076374,1.0,1.0,0.0,0.0,0.0,0.0
8,115,5.702178918135126,2.2319463134459863,0.0,0.0,0.0,1.0,0.0,0.0
9,115,4.635147956556631,8.00773572556451,1.0,0.0,1.0,0.0,0.0,0.0
10,115,8.740435667935323,0.7279758905780145,0.0,1.0,0.0,0.0,0.0,0.0
11,115,9.329880722078528,10.130081158493285,0.0,0.0,0.0,0.0,0.0,0.0
12,115,11.106204219146097,7.62902236591008,0.0,0.0,0.0,1.0,1.0,0.0
13,115,11.99661821939283,0.722186138851375,0.0,1.0,0.0,0.0,1.0,0.0
14,115,5.766923967622264,11.029459049688432,0.0,0.0,0.0,0.0,0.0,0.0
15,115,5.227915440961192,7.219628523022544,1.0,1.0,0.0,0.0,0.0,1.0
16,115,10.388949899352609,5.814280146662653,1.0,0.0,0.0,0.0,0.0,0.0
17,115,11.932664062533268,3.667699945392784,0.0,1.0,0.0,0.0,0.0,0.0
18,115,2.2006861671653857,12.0,0.0,1.0,0.0,1.0,0.0,1.0
19,115,0.0,12.0,0.0,0.0,1.0,0.0,0.0,0.0
0,120,9.527615775009629,8.012682243463855,1.0,1.0,1.0,1.0,0.0,0.0
1,120,0.0,7.501958668356391,0.0,0.0,1.0,0.0,0.0,0.0
2,120,1.8494725995139851,9.887598114635056,0.0,0.0,0.0,0.0,0.0,0.0
3,120,11.751771982725971,10.298047641479966,1.0,0.0,0.0,0.0,0.0,0.0
4,120,1.2781690015243472,6.182557543788535,0.0,0.0,1.0,1.0,0.0,1.0
5,120,2.3825266406507444,7.602014469564993,0.0,1.0,0.0,1.0,0.0,1.0
6,120,2.182746887279825,6.124799488630235,0.0,0.0,1.0,0.0,0.0,0.0
7,120,6.464526448289704,10.62270337129602,1.0,1.0,0.0,0.0,0.0,0.0
8,120,5.71153831619845,2.258351348715793,0.0,0.0,0.0,1.0,0.0,0.0
9,120,4.62283951007113,8.00725019328577,1.0,0.0,1.0,0.0,0.0,0.0
10,120,8.721321778218226,0.7064917635620519,0.0,1.0,0.0,0.0,0.0,0.0
11,120,9.338367361136717,10.130509313582271,0.0,0.0,0.0,0.0,0.0,0.0
12,120,11.0673881806244,7.60906335316404,0.0,0.0,0.0,1.0,1.0,0.0
13,120,11.989478263974872,0.7300027145942295,0.0,1.0,0.0,0.0,1.0,0.0
14,120,5.707488676837254,11.080780668426204,0.0,0.0,0.0,0.0,0.0,0.0
15,120,5.248960659060174,7.239958120181062,1.0,1.0,0.0,0.0,0.0,1.0
16,120,10.361403948124426,5.874166705437628,1.0,0.0,0.0,0.0,0.0,0.0
17,120,12.0,3.7915255822127247,0.0,1.0,0.0,0.0,0.0,0.0
18,120,2.3319515203445795,12.0,0.0,1.0,0.0,1.0,0.0,1.0
19,120,0.0,12.0,0.0,0.0,1.0,0.0,0.0,0.0
0,125,9.520744597997158,7.97344656345391,1.0,1.0,1.0,1.0,0.0,0.0
1,125,0.0,7.520322625115365,0.0,0.0,1.0,0.0,0.0,0.0
2,125,1.8555296674307027,9.908214465634575,0.0,0.0,0.0,0.0,0.0,0.0
3,125,11.742846553798024,10.463701307567542,1.0,0.0,0.0,0.0,0.0,0.0
4,125,1.289076964478011,6.189107288619055,0.0,0.0,1.0,1.0,0.0,1.0
5,125,2.348385227327852,7.631293886098396,0.0,1.0,0.0,1.0,0.0,1.0
6,125,2.063072287689545,6.199814863100402,0.0,0.0,1.0,0.0,0.0,0.0
7,125,6.383175397486487,10.71036637499075,1.0,1.0,0.0,0.0,0.0,0.0
8,125,5.726026381522926,2.2954352905501403,0.0,0.0,0.0,1.0,0.0,0.0
9,125,4.632747878037848,8.007461080629296,1.0,0.0,1.0,0.0,0.0,0.0
10,125,8.704952614617488,0.6868262743916878,0.0,1.0,0.0,0.0,0.0,0.0
11,125,9.34250673102266,10.130842261105416,0.0,0.0,0.0,0.0,0.0,0.0
12,125,11.025483453009873,7.587166984399342,0.0,0.0,0.0,1.0,1.0,0.0
13,125,11.970133400794088,0.7517266654985014,0.0,1.0,0.0,0.0,1.0,0.0
14,125,5.622998863843607,11.154125851754596,0.0,0.0,0.0,0.0,0.0,0.0
15,125,5.2433041611570985,7.234606205703358,1.0,1.0,0.0,0.0,0.0,1.0
16,125,10.337432595056272,5.926323842796892,1.0,0.0,0.0,0.0,0.0,0.0
17,125,12.0,3.90654022879027,0.0,1.0,0.0,0.0,0.0,0.0
18,125,2.45173178381646,12.0,0.0,1.0,0.0,1.0,0.0,1.0
19,125,0.0,12.0,0.0,0.0,1.0,0.0,0.0,0.0
0,130,9.511734005661207,7.9216006631020335,1.0,1.0,1.0,1.0,0.0,0.0
1,130,0.0,7.536678281900405,0.0,0.0,1.0,0.0,0.0,0.0
2,130,1.861005298758444,9.927840111180116,0.0,0.0,0.0,0.0,0.0,0.0
3,130,11.73413885176718,10.632766244587316,1.0,0.0,0.0,0.0,0.0,0.0
4,130,1.3173770224319823,6.205516083363792,0.0,0.0,1.0,1.0,0.0,1.0
5,130,2.313801865058656,7.66111556939043,0.0,1.0,0.0,1.0,0.0,1.0
6,130,1.9471121913868663,6.277625719297333,0.0,0.0,1.0,0.0,0.0,0.0
7,130,6.300740343216473,10.796121920167558,1.0,1.0,0.0,0.0,0.0,0.0
8,130,5.738993008290327,2.327618172795769,0.0,0.0,0.0,1.0,0.0,0.0
9,130,4.632580184393178,8.019328265274364,1.0,0.0,1.0,0.0,0.0,0.0
10,130,8.672115528784872,0.6467698988612236,0.0,1.0,0.0,0.0,0.0,0.0
11,130,9.360403742783262,10.132059916556472,0.0,0.0,0.0,0.0,0.0,0.0
12,130,10.978832172443353,7.562237554415709,0.0,0.0,0.0,1.0,1.0,0.0
13,130,11.943936313550337,0.7800325267829393,0.0,1.0,0.0,0.0,1.0,0.0
14,130,5.545072000603204,11.221858979182032,0.0,0.0,0.0,0.0,0.0,0.0
15,130,5.249907360520227,7.2409008515949695,1.0,1.0,0.0,0.0,0.0,1.0
16,130,10.312279652891268,5.981542526540511,1.0,0.0,0.0,0.0,0.0,0.0
17,130,12.0,3.9980061564856015,0.0,1.0,0.0,0.0,0.0,0.0
18,130,2.561800921619762,12.0,0.0,1.0,0.0,1.0,0.0,1.0
19,130,0.0,12.0,0.0,0.0,1.0,0.0,0.0,0.0
0,135,9.504428467926846,7.880822450932021,1.0,1.0,1.0,1.0,0.0,0.0
1,135,0.0,7.555641216010159,0.0,0.0,1.0,0.0,0.0,0.0
2,135,1.8623578139765784,9.932254654067652,0.0,0.0,0.0,0.0,0.0,0.0
3,135,11.728251501289796,10.793849828649204,1.0,0.0,0.0,0.0,0.0,0.0
4,135,1.3415224591512336,6.219727377000609,0.0,0.0,1.0,1.0,0.0,1.0
5,135,2.274521491954776,7.695522094061065,0.0,1.0,0.0,1.0,0.0,1.0
6,135,1.8162421344426964,6.363329995467778,0.0,0.0,1.0,0.0,0.0,0.0
7,135,6.226418505887157,10.874071423891852,1.0,1.0,0.0,0.0,0.0,0.0
8,135,5.758320913718479,2.373531366964148,0.0,0.0,0.0,1.0,0.0,0.0
9,135,4.632967082304058,8.04602266009345,1.0,0.0,1.0,0.0,0.0,0.0
10,135,8.667572693997554,0.6414109952525255,0.0,1.0,0.0,0.0,0.0,0.0
11,135,9.378038393343472,10.132707447722565,0.0,0.0,0.0,0.0,0.0,0.0
12,135,10.911127417041886,7.527827802925774,0.0,0.0,0.0,1.0,1.0,0.0
13,135,11.916175016815934,0.810046563521279,0.0,1.0,0.0,0.0,1.0,0.0
14,135,5.465481930934644,11.294925347826856,0.0,0.0,0.0,0.0,0.0,0.0
15,135,5.249024865742699,7.240011491519797,1.0,1.0,0.0,0.0,0.0,1.0
16,135,10.287526452644244,6.042819485547631,1.0,0.0,0.0,0.0,0.0,0.0
17,135,12.0,4.093371390502519,0.0,1.0,0.0,0.0,0.0,0.0
18,135,2.656671422547554,12.0,0.0,1.0,0.0,1.0,0.0,1.0
19,135,0.0,11.99842883353652,0.0,0.0,1.0,0.0,0.0,0.0
0,140,9.502749095942589,7.871129710314083,1.0,1.0,1.0,1.0,0.0,0.0
1,140,0.0,7.572350159135399,0.0,0.0,1.0,0.0,0.0,0.0
2,140,1.864148841629624,9.93756030539398,0.0,0.0,0.0,0.0,0.0,0.0
3,140,11.7229723973408,10.96513630730227,1.0,0.0,0.0,0.0,0.0,0.0
4,140,1.3720602207262953,6.237632814827258,0.0,0.0,1.0,1.0,0.0,1.0
5,140,2.2401204854420205,7.724646417167131,0.0,1.0,0.0,1.0,0.0,1.0
6,140,1.6902262063753863,6.4482622266476985,0.0,0.0,1.0,0.0,0.0,0.0
7,140,6.158067324310565,10.94386076172876,1.0,1.0,0.0,0.0,0.0,0.0
8,140,5.779568057640427,2.423239304289763,0.0,0.0,0.0,1.0,0.0,0.0
9,140,4.633654327959057,8.09466898784445,1.0,0.0,1.0,0.0,0.0,0.0
10,140,8.657005329044852,0.6284373749577414,0.0,1.0,0.0,0.0,0.0,0.0
11,140,9.377744684128537,10.132699697183805,0.0,0.0,0.0,0.0,0.0,0.0
12,140,10.857570270529404,7.498449987650621,0.0,0.0,0.0,1.0,1.0,0.0
13,140,11.873196044867402,0.857858889782548,0.0,1.0,0.0,0.0,1.0,0.0
14,140,5.39861584485792,11.357623343634945,0.0,0.0,0.0,0.0,0.0,0.0
15,140,5.2480867541975735,7.239066835591147,1.0,1.0,0.0,0.0,0.0,1.0
16,140,10.26285815306126,6.104497451921531,1.0,0.0,0.0,0.0,0.0,0.0
17,140,12.0,4.175924498466064,0.0,1.0,0.0,0.0,0.0,0.0
18,140,2.7643314642214687,12.0,0.0,1.0,0.0,1.0,0.0,1.0
19,140,0.0,11.99685919998296,0.0,0.0,1.0,0.0,0.0,0.0
0,145,9.49873590395151,7.849661259830183,1.0,1.0,1.0,1.0,0.0,0.0
1,145,0.0,7.592367856493926,0.0,0.0,1.0,0.0,0.0,0.0
2,145,1.867681913438069,9.948398582406218,0.0,0.0,0.0,0.0,0.0,0.0
3,145,11.71940921433692,11.13868035566922,1.0,0.0,0.0,0.0,0.0,0.0
4,145,1.3959750128383388,6.250660060605311,0.0,0.0,1.0,1.0,0.0,1.0
5,145,2.207196317140323,7.752171716002831,0.0,1.0,0.0,1.0,0.0,1.0
6,145,1.5812315305875226,6.524731461723984,0.0,0.0,1.0,0.0,0.0,0.0
7,145,6.090627538775929,11.011034346044772,1.0,1.0,0.0,0.0,0.0,0.0
8,145,5.807700197726128,2.4881671120492888,0.0,0.0,0.0,1.0,0.0,0.0
9,145,4.635634521505148,8.15703284290029,1.0,0.0,1.0,0.0,0.0,0.0
10,145,8.650613588554277,0.6204968688564615,0.0,1.0,0.0,0.0,0.0,0.0
11,145,9.374259468634138,10.132697654269316,0.0,0.0,0.0,0.0,0.0,0.0
12,145,10.795061270640668,7.466212122194113,0.0,0.0,0.0,1.0,1.0,0.0
13,145,11.8229788649071,0.914792226721364,0.0,1.0,0.0,0.0,1.0,0.0
14,145,5.334869866446036,11.41692067049638,0.0,0.0,0.0,0.0,0.0,0.0
15,145,5.237027604664462,7.228189079438095,1.0,1.0,0.0,0.0,0.0,1.0
16,145,10.233971472455586,6.176945183403619,1.0,0.0,0.0,0.0,0.0,0.0
17,145,12.0,4.253245814445486,0.0,1.0,0.0,0.0,0.0,0.0
18,145,2.879938612564208,12.0,0.0,1.0,0.0,1.0,0.0,1.0
19,145,0.0,11.993535844376373,0.0,0.0,1.0,0.0,0.0,0.0
0,150,9.494934698066391,7.830792759417722,1.0,1.0,1.0,1.0,0.0,0.0
1,150,0.0,7.61214427126136,0.0,0.0,1.0,0.0,0.0,0.0
2,150,1.869712511638146,9.954137509773972,0.0,0.0,0.0,0.0,0.0,0.0
3,150,11.71889275705366,11.297722563023964,1.0,0.0,0.0,0.0,0.0,0.0
4,150,1.4279926772369171,6.267079516602451,0.0,0.0,1.0,1.0,0.0,1.0
5,150,2.178649904640233,7.776197774868476,0.0,1.0,0.0,1.0,0.0,1.0
6,150,1.4719633646370338,6.598058604613685,0.0,0.0,1.0,0.0,0.0,0.0
7,150,6.035921817499666,11.065351258418705,1.0,1.0,0.0,0.0,0.0,0.0
8,150,5.836407648985587,2.5580086410302,0.0,0.0,0.0,1.0,0.0,0.0
9,150,4.638720394729499,8.226041116775619,1.0,0.0,1.0,0.0,0.0,0.0
10,150,8.66325924020407,0.6366662032832046,0.0,1.0,0.0,0.0,0.0,0.0
11,150,9.376505443791173,10.13269846113433,0.0,0.0,0.0,0.0,0.0,0.0
12,150,10.733656393847776,7.431246395010307,0.0,0.0,0.0,1.0,1.0,0.0
13,150,11.7581157827969,0.9806906335954112,0.0,1.0,0.0,0.0,1.0,0.0
14,150,5.264648065570776,11.479321558456984,0.0,0.0,0.0,0.0,0.0,0.0
15,150,5.215119623975193,7.206158065946632,1.0,1.0,0.0,0.0,0.0,1.0
16,150,10.20927476535555,6.238605609965617,1.0,0.0,0.0,0.0,0.0,0.0
17,150,12.0,4.321447826147968,0.0,1.0,0.0,0.0,0.0,0.0
18,150,3.012175339591567,12.0,0.0,1.0,0.0,1.0,0.0,1.0
19,150,0.0,11.988832050713391,0.0,0.0,1.0,0.0,0.0,0.0
0,155,9.492809646879554,7.822012587410613,1.0,1.0,1.0,1.0,0.0,0.0
1,155,0.0,7.629246285579321,0.0,0.0,1.0,0.0,0.0,0.0
2,155,1.8703590368181031,9.955977201752706,0.0,0.0,0.0,0.0,0.0,0.0
3,155,11.716658744647344,11.46173944105379,1.0,0.0,0.0,0.0,0.0,0.0
4,155,1.4612197146806858,6.284895104615922,0.0,0.0,1.0,1.0,0.0,1.0
5,155,2.1567257884810056,7.794529536743846,0.0,1.0,0.0,1.0,0.0,1.0
6,155,1.3720533884871873,6.667913585550067,0.0,0.0,1.0,0.0,0.0,0.0
7,155,6.002080518965824,11.096363725083892,1.0,1.0,0.0,0.0,0.0,0.0
8,155,5.8630341313091,2.623284550898896,0.0,0.0,0.0,1.0,0.0,0.0
9,155,4.640558786355356,8.28440910850532,1.0,0.0,1.0,0.0,0.0,0.0
10,155,8.678102685376142,0.6549924287741464,0.0,1.0,0.0,0.0,0.0,0.0
11,155,9.359529239457776,10.13291091356434,0.0,0.0,0.0,0.0,0.0,0.0
12,155,10.654399984661826,7.386546933696806,0.0,0.0,0.0,1.0,1.0,0.0
13,155,11.690728037604382,1.052124137699633,0.0,1.0,0.0,0.0,1.0,0.0
14,155,5.3324529529376585,11.555065418977437,0.0,0.0,0.0,0.0,0.0,0.0
15,155,5.185875061298087,7.178243969328066,1.0,1.0,0.0,0.0,0.0,1.0
16,155,10.182719188015549,6.300707560189981,1.0,0.0,0.0,0.0,0.0,0.0
17,155,12.0,4.384425658732723,0.0,1.0,0.0,0.0,0.0,0.0
18,155,3.12946607539581,12.0,0.0,1.0,0.0,1.0,0.0,1.0
19,155,0.0,11.98720224788732,0.0,0.0,1.0,0.0,0.0,0.0
0,160,9.491448790881478,7.817123345767258,1.0,1.0,1.0,1.0,0.0,0.0
1,160,0.0,7.639752446202194,0.0,0.0,1.0,0.0,0.0,0.0
2,160,1.868038272751372,9.9500111439325,0.0,0.0,0.0,0.0,0.0,0.0
3,160,11.71641456125046,11.620055712386556,1.0,0.0,0.0,0.0,0.0,0.0
4,160,1.493304344968415,6.302275834447066,0.0,0.0,1.0,1.0,0.0,1.0
5,160,2.1360936230763734,7.81159245411725,0.0,1.0,0.0,1.0,0.0,1.0
6,160,1.283989600645375,6.72831553084866,0.0,0.0,1.0,0.0,0.0,0.0
7,160,5.951472930724641,11.14099289914367,1.0,1.0,0.0,0.0,0.0,0.0
8,160,5.883485053867957,2.674931048026086,0.0,0.0,0.0,1.0,0.0,0.0
9,160,4.6425622183279485,8.348514123984087,1.0,0.0,1.0,0.0,0.0,0.0
10,160,8.688659813142213,0.6680534727465942,0.0,1.0,0.0,0.0,0.0,0.0
11,160,9.359346858166974,10.127577272918147,0.0,0.0,0.0,0.0,0.0,0.0
12,160,10.593963270044007,7.352899245993777,0.0,0.0,0.0,1.0,1.0,0.0
13,160,11.619998122243944,1.126834028221442,0.0,1.0,0.0,0.0,1.0,0.0
14,160,5.411712673271306,11.645579554626956,0.0,0.0,0.0,0.0,0.0,0.0
15,160,5.175287748727695,7.167621315240532,1.0,1.0,0.0,0.0,0.0,1.0
16,160,10.163581585410078,6.340972108814936,1.0,0.0,0.0,0.0,0.0,0.0
17,160,12.0,4.463258110964614,0.0,1.0,0.0,0.0,0.0,0.0
18,160,3.2302624744442223,12.0,0.0,1.0,0.0,1.0,0.0,1.0
19,160,0.0,11.98441319705281,0.0,0.0,1.0,0.0,0.0,0.0
0,165,9.490179634478194,7.813025788421058,1.0,1.0,1.0,1.0,0.0,0.0
1,165,0.0,7.648958382365478,0.0,0.0,1.0,0.0,0.0,0.0
2,165,1.868438978578831,9.951037938793556,0.0,0.0,0.0,0.0,0.0,0.0
3,165,11.71392292552584,11.783000620276065,1.0,0.0,0.0,0.0,0.0,0.0
4,165,1.5434057597255495,6.32939330693808,0.0,0.0,1.0,1.0,0.0,1.0
5,165,2.1143458350351407,7.830020994975586,0.0,1.0,0.0,1.0,0.0,1.0
6,165,1.1880087281739058,6.794620969889798,0.0,0.0,1.0,0.0,0.0,0.0
7,165,5.909998531507929,11.179043071627053,1.0,1.0,0.0,0.0,0.0,0.0
8,165,5.900697091561144,2.720517750796124,0.0,0.0,0.0,1.0,0.0,0.0
9,165,4.6444746839665,8.427715804910502,1.0,0.0,1.0,0.0,0.0,0.0
10,165,8.690406003298968,0.6701933531486154,0.0,1.0,0.0,0.0,0.0,0.0
11,165,9.35937347497289,10.128205992812877,0.0,0.0,0.0,0.0,0.0,0.0
12,165,10.520427268116563,7.31128301274787,0.0,0.0,0.0,1.0,1.0,0.0
13,165,11.54869311377571,1.199672614631358,0.0,1.0,0.0,0.0,1.0,0.0
14,165,5.493013758235483,11.742776018269,0.0,0.0,0.0,0.0,0.0,0.0
15,165,5.167648656434186,7.159953474984203,1.0,1.0,0.0,0.0,0.0,1.0
16,165,10.145814995802269,6.381917080935084,1.0,0.0,0.0,0.0,0.0,0.0
17,165,12.0,4.550626615124449,0.0,1.0,0.0,0.0,0.0,0.0
18,165,3.322056278577688,12.0,0.0,1.0,0.0,1.0,0.0,1.0
19,165,0.0,11.98324173616216,0.0,0.0,1.0,0.0,0.0,0.0
0,170,9.49424590047443,7.82648147237772,1.0,1.0,1.0,1.0,0.0,0.0
1,170,0.0,7.657083829769492,0.0,0.0,1.0,0.0,0.0,0.0
2,170,1.8697569552115485,9.954498819726018,0.0,0.0,0.0,0.0,0.0,0.0
3,170,11.717186862435405,11.95585289479588,1.0,0.0,0.0,0.0,0.0,0.0
4,170,1.592112692288191,6.356567255684833,0.0,0.0,1.0,1.0,0.0,1.0
5,170,2.0786228551832227,7.858625580040594,0.0,1.0,0.0,1.0,0.0,1.0
6,170,1.1103368760089556,6.847597774519355,0.0,0.0,1.0,0.0,0.0,0.0
7,170,5.850963458169894,11.234493707508664,1.0,1.0,0.0,0.0,0.0,0.0
8,170,5.929188676473993,2.7939548813662443,0.0,0.0,0.0,1.0,0.0,0.0
9,170,4.647763527566079,8.508137594744557,1.0,0.0,1.0,0.0,0.0,0.0
10,170,8.695928934698204,0.6768886822456399,0.0,1.0,0.0,0.0,0.0,0.0
11,170,9.359687666133413,10.136169475742872,0.0,0.0,0.0,0.0,0.0,0.0
12,170,10.4302309116003,7.258061673268184,0.0,0.0,0.0,1.0,1.0,0.0
13,170,11.475010858267533,1.2783320848187885,0.0,1.0,0.0,0.0,1.0,0.0
14,170,5.565735274781684,11.83396596353293,0.0,0.0,0.0,0.0,0.0,0.0
15,170,5.177561691937568,7.169684104507941,1.0,1.0,0.0,0.0,0.0,1.0
16,170,10.194042278795518,6.402000237476982,1.0,0.0,0.0,0.0,0.0,0.0
17,170,12.0,4.6351752063064,0.0,1.0,0.0,0.0,0.0,0.0
18,170,3.401769134639997,12.0,0.0,1.0,0.0,1.0,0.0,1.0
19,170,0.0,11.98222442592709,0.0,0.0,1.0,0.0,0.0,0.0
0,175,9.488651148584765,7.808232966633821,1.0,1.0,1.0,1.0,0.0,0.0
1,175,0.0,7.66560954045461,0.0,0.0,1.0,0.0,0.0,0.0
2,175,1.868888430280444,9.95227433681534,0.0,0.0,0.0,0.0,0.0,0.0
3,175,11.719427171024533,12.0,1.0,0.0,0.0,0.0,0.0,0.0
4,175,1.6345895931952372,6.3798134938938125,0.0,0.0,1.0,1.0,0.0,1.0
5,175,2.052646745525448,7.879187388848586,0.0,1.0,0.0,1.0,0.0,1.0
6,175,1.0377548438536832,6.898398033883212,0.0,0.0,1.0,0.0,0.0,0.0
7,175,5.788815862001054,11.294542090888296,1.0,1.0,0.0,0.0,0.0,0.0
8,175,5.953119383579937,2.8544737099638264,0.0,0.0,0.0,1.0,0.0,0.0
9,175,4.649909338259527,8.576635085331564,1.0,0.0,1.0,0.0,0.0,0.0
10,175,8.706437220852534,0.6887280911375384,0.0,1.0,0.0,0.0,0.0,0.0
11,175,9.36112199625718,10.163152130462189,0.0,0.0,0.0,0.0,0.0,0.0
12,175,10.341392388847884,7.205687520832593,0.0,0.0,0.0,1.0,1.0,0.0
13,175,11.42201170892701,1.3346597660216255,0.0,1.0,0.0,0.0,1.0,0.0
14,175,5.6445611941503735,11.928572101068555,0.0,0.0,0.0,0.0,0.0,0.0
15,175,5.187483473372378,7.179475950142654,1.0,1.0,0.0,0.0,0.0,1.0
16,175,10.22199960413047,6.41341201406355,1.0,0.0,0.0,0.0,0.0,0.0
17,175,12.0,4.744080107039336,0.0,1.0,0.0,0.0,0.0,0.0
18,175,3.4621595198833344,12.0,0.0,1.0,0.0,1.0,0.0,1.0
19,175,0.0,11.980953964478283,0.0,0.0,1.0,0.0,0.0,0.0
0,180,9.48564843521004,7.798195567384647,1.0,1.0,1.0,1.0,0.0,0.0
1,180,0.0,7.675390488293828,0.0,0.0,1.0,0.0,0.0,0.0
2,180,1.871154079929154,9.957997358439048,0.0,0.0,0.0,0.0,0.0,0.0
3,180,11.71792502598572,12.0,1.0,0.0,0.0,0.0,0.0,0.0
4,180,1.67189553242574,6.400132414259828,0.0,0.0,1.0,1.0,0.0,1.0
5,180,2.022142620878724,7.902009821461137,0.0,1.0,0.0,1.0,0.0,1.0
6,180,0.9740580388016143,6.940836340099457,0.0,0.0,1.0,0.0,0.0,0.0
7,180,5.702947246900405,11.376915528401517,1.0,1.0,0.0,0.0,0.0,0.0
8,180,5.98434275983034,2.928483667256258,0.0,0.0,0.0,1.0,0.0,0.0
9,180,4.652019886958915,8.627363700620592,1.0,0.0,1.0,0.0,0.0,0.0
10,180,8.714796271991487,0.6981270650890495,0.0,1.0,0.0,0.0,0.0,0.0
11,180,9.363108807890685,10.194797017757002,0.0,0.0,0.0,0.0,0.0,0.0
12,180,10.261932115582116,7.159546879393747,0.0,0.0,0.0,1.0,1.0,0.0
13,180,11.365414222729443,1.3962562541418253,0.0,1.0,0.0,0.0,1.0,0.0
14,180,5.721608440755813,12.0,0.0,0.0,0.0,0.0,0.0,0.0
15,180,5.193900462627349,7.185552703791784,1.0,1.0,0.0,0.0,0.0,1.0
16,180,10.282016140982847,6.439222599823717,1.0,0.0,0.0,0.0,0.0,0.0
17,180,12.0,4.850293967634569,0.0,1.0,0.0,0.0,0.0,0.0
18,180,3.506364557986963,12.0,0.0,1.0,0.0,1.0,0.0,1.0
19,180,0.0,11.979646073582256,0.0,0.0,1.0,0.0,0.0,0.0
0,185,9.49242123686087,7.819540527584351,1.0,1.0,1.0,1.0,0.0,0.0
1,185,0.0,7.6874511288736995,0.0,0.0,1.0,0.0,0.0,0.0
2,185,1.8734772504382544,9.963668437164404,0.0,0.0,0.0,0.0,0.0,0.0
3,185,11.71608859994192,12.0,1.0,0.0,0.0,0.0,0.0,0.0
4,185,1.717245289969626,6.425904390282509,0.0,0.0,1.0,1.0,0.0,1.0
5,185,2.0118132920414302,7.909795457443856,0.0,1.0,0.0,1.0,0.0,1.0
6,185,0.9032836591847074,6.988662169913745,0.0,0.0,1.0,0.0,0.0,0.0
7,185,5.616152811179403,11.464354857427038,1.0,1.0,0.0,0.0,0.0,0.0
8,185,6.015295037944544,3.000716580183824,0.0,0.0,0.0,1.0,0.0,0.0
9,185,4.653749618910032,8.656848242148369,1.0,0.0,1.0,0.0,0.0,0.0
10,185,8.737470287701402,0.7235558217217365,0.0,1.0,0.0,0.0,0.0,0.0
11,185,9.364350910721852,10.215547632363624,0.0,0.0,0.0,0.0,0.0,0.0
12,185,10.213725523517638,7.240085776916808,0.0,0.0,0.0,1.0,1.0,0.0
13,185,11.303345960428915,1.4646726072290748,0.0,1.0,0.0,0.0,1.0,0.0
14,185,5.8024221143920105,12.0,0.0,0.0,0.0,0.0,0.0,0.0
15,185,5.206849733075464,7.197299187370073,1.0,1.0,0.0,0.0,0.0,1.0
16,185,10.346593731597526,6.470119084982921,1.0,0.0,0.0,0.0,0.0,0.0
17,185,12.0,4.966207221021669,0.0,1.0,0.0,0.0,0.0,0.0
18,185,3.559210462787468,12.0,0.0,1.0,0.0,1.0,0.0,1.0
19,185,0.0,11.978303538097045,0.0,0.0,1.0,0.0,0.0,0.0
0,190,9.497422684244238,7.836826691733283,1.0,1.0,1.0,1.0,0.0,0.0
1,190,0.0,7.698291144845152,0.0,0.0,1.0,0.0,0.0,0.0
2,190,1.8717160015659315,9.959538689935163,0.0,0.0,0.0,0.0,0.0,0.0
3,190,11.713868266806395,12.0,1.0,0.0,0.0,0.0,0.0,0.0
4,190,1.765987216161171,6.453080939470481,0.0,0.0,1.0,1.0,0.0,1.0
5,190,2.013375302973514,7.908658459932147,0.0,1.0,0.0,1.0,0.0,1.0
6,190,0.8429244041082805,7.031511737560226,0.0,0.0,1.0,0.0,0.0,0.0
7,190,5.517598833442719,11.558189966989328,1.0,1.0,0.0,0.0,0.0,0.0
8,190,6.051288449632207,3.0814230145885704,0.0,0.0,0.0,1.0,0.0,0.0
9,190,4.656759358463394,8.697603510807838,1.0,0.0,1.0,0.0,0.0,0.0
10,190,8.761595983978424,0.7502842012893955,0.0,1.0,0.0,0.0,0.0,0.0
11,190,9.366002954803449,10.240569054312994,0.0,0.0,0.0,0.0,0.0,0.0
12,190,10.164270916539282,7.32401479187703,0.0,0.0,0.0,1.0,1.0,0.0
13,190,11.235877974215152,1.538387342179055,0.0,1.0,0.0,0.0,1.0,0.0
14,190,5.887450578725932,12.0,0.0,0.0,0.0,0.0,0.0,0.0
15,190,5.219923454418227,7.20961122859183,1.0,1.0,0.0,0.0,0.0,1.0
16,190,10.418964999816524,6.502910176007013,1.0,0.0,0.0,0.0,0.0,0.0
17,190,12.0,5.079546755268981,0.0,1.0,0.0,0.0,0.0,0.0
18,190,3.6313478294388304,12.0,0.0,1.0,0.0,1.0,0.0,1.0
19,190,0.0,11.977513342503896,0.0,0.0,1.0,0.0,0.0,0.0
0,195,9.504565736356232,7.863082342732795,1.0,1.0,1.0,1.0,0.0,0.0
1,195,0.0,7.710551484147446,0.0,0.0,1.0,0.0,0.0,0.0
2,195,1.872156581475119,9.96056050884266,0.0,0.0,0.0,0.0,0.0,0.0
3,195,11.711110185504769,12.0,1.0,0.0,0.0,0.0,0.0,0.0
4,195,1.8159458216124904,6.479965041270237,0.0,0.0,1.0,1.0,0.0,1.0
5,195,2.0132325932406574,7.908758082490928,0.0,1.0,0.0,1.0,0.0,1.0
6,195,0.7810947796197175,7.0746400463207415,0.0,0.0,1.0,0.0,0.0,0.0
7,195,5.425955820374395,11.646952400181313,1.0,1.0,0.0,0.0,0.0,0.0
8,195,6.079061465876521,3.142811935585658,0.0,0.0,0.0,1.0,0.0,0.0
9,195,4.65923509832576,8.731461156312042,1.0,0.0,1.0,0.0,0.0,0.0
10,195,8.808072374507914,0.8036706076393804,0.0,1.0,0.0,0.0,0.0,0.0
11,195,9.366996423778971,10.262855746256228,0.0,0.0,0.0,0.0,0.0,0.0
12,195,10.113358132299666,7.40955803189172,0.0,0.0,0.0,1.0,1.0,0.0
13,195,11.174141538005108,1.6092925653336707,0.0,1.0,0.0,0.0,1.0,0.0
14,195,5.969890879347116,12.0,0.0,0.0,0.0,0.0,0.0,0.0
15,195,5.233406304685716,7.222078342488661,1.0,1.0,0.0,0.0,0.0,1.0
16,195,10.477899469320157,6.529804490375338,1.0,0.0,0.0,0.0,0.0,0.0
17,195,12.0,5.18668464917305,0.0,1.0,0.0,0.0,0.0,0.0
18,195,3.6906795839187954,12.0,0.0,1.0,0.0,1.0,0.0,1.0
19,195,0.0,11.976862168584844,0.0,0.0,1.0,0.0,0.0,0.0
0,200,9.511421935625863,7.890807683176425,1.0,1.0,1.0,1.0,0.0,0.0
1,200,0.0,7.725531653117964,0.0,0.0,1.0,0.0,0.0,0.0
2,200,1.88011909787964,9.979559819036997,0.0,0.0,0.0,0.0,0.0,0.0
3,200,11.71012063412708,12.0,1.0,0.0,0.0,0.0,0.0,0.0
4,200,1.8683861114873264,6.509606199063644,0.0,0.0,1.0,1.0,0.0,1.0
5,200,2.0139019012294925,7.908314112729365,0.0,1.0,0.0,1.0,0.0,1.0
6,200,0.716268707874943,7.1166767331962655,0.0,0.0,1.0,0.0,0.0,0.0
7,200,5.335978391845639,11.735875855020073,1.0,1.0,0.0,0.0,0.0,0.0
8,200,6.1120581876962,3.211563796510652,0.0,0.0,0.0,1.0,0.0,0.0
9,200,4.66044927112798,8.74758735628209,1.0,0.0,1.0,0.0,0.0,0.0
10,200,8.863654412937874,0.8679723039856886,0.0,1.0,0.0,0.0,0.0,0.0
11,200,9.368911721245938,10.295162760531875,0.0,0.0,0.0,0.0,0.0,0.0
12,200,10.067995914104303,7.488434131058272,0.0,0.0,0.0,1.0,1.0,0.0
13,200,11.111001946611726,1.555793636182617,0.0,1.0,0.0,0.0,1.0,0.0
14,200,6.055427965861122,12.0,0.0,0.0,0.0,0.0,0.0,0.0
15,200,5.250019329515848,7.237554909398651,1.0,1.0,0.0,0.0,0.0,1.0
16,200,10.522687544475472,6.549837100996016,1.0,0.0,0.0,0.0,0.0,0.0
17,200,12.0,5.284301916949505,0.0,1.0,0.0,0.0,0.0,0.0
18,200,3.721623556006519,12.0,0.0,1.0,0.0,1.0,0.0,1.0
19,200,0.0,11.97585568212503,0.0,0.0,1.0,0.0,0.0,0.0
0,205,9.515088349085858,7.904616041939258,1.0,1.0,1.0,1.0,0.0,0.0
1,205,0.0,7.740494694418477,0.0,0.0,1.0,0.0,0.0,0.0
2,205,1.889646571542684,10.004712309100086,0.0,0.0,0.0,0.0,0.0,0.0
3,205,11.7059327307176,12.0,1.0,0.0,0.0,0.0,0.0,0.0
4,205,1.92840264490743,6.544574504856083,0.0,0.0,1.0,1.0,0.0,1.0
5,205,2.028812602394615,7.898369237050612,0.0,1.0,0.0,1.0,0.0,1.0
6,205,0.6557965014377874,7.152143906957988,0.0,0.0,1.0,0.0,0.0,0.0
7,205,5.241540569440095,11.8296223618235,1.0,1.0,0.0,0.0,0.0,0.0
8,205,6.142721812587653,3.275017910645227,0.0,0.0,0.0,1.0,0.0,0.0
9,205,4.662019657180576,8.766611071702131,1.0,0.0,1.0,0.0,0.0,0.0
10,205,8.936721603702617,0.9486154270468808,0.0,1.0,0.0,0.0,0.0,0.0
11,205,9.3715095179233,10.331403898841025,0.0,0.0,0.0,0.0,0.0,0.0
12,205,10.01475966686784,7.579128645180173,0.0,0.0,0.0,1.0,1.0,0.0
13,205,11.056652245078247,1.5100892095457863,0.0,1.0,0.0,0.0,1.0,0.0
14,205,6.1316998967606064,12.0,0.0,0.0,0.0,0.0,0.0,0.0
15,205,5.251099873023383,7.238548412490473,1.0,1.0,0.0,0.0,0.0,1.0
16,205,10.555996819351432,6.564887695536746,1.0,0.0,0.0,0.0,0.0,0.0
17,205,12.0,5.387382314878999,0.0,1.0,0.0,0.0,0.0,0.0
18,205,3.747020319750449,12.0,0.0,1.0,0.0,1.0,0.0,1.0
19,205,0.0,11.97477316680989,0.0,0.0,1.0,0.0,0.0,0.0
0,210,9.51951452113374,7.921045485079117,1.0,1.0,1.0,1.0,0.0,0.0
1,210,0.0,7.753043696372488,0.0,0.0,1.0,0.0,0.0,0.0
2,210,1.894981824508596,10.019548483823671,0.0,0.0,0.0,0.0,0.0,0.0
3,210,11.694906848417478,12.0,1.0,0.0,0.0,0.0,0.0,0.0
4,210,2.004558026881253,6.587607557837396,0.0,0.0,1.0,1.0,0.0,1.0
5,210,2.0427613406464267,7.889389188429625,0.0,1.0,0.0,1.0,0.0,1.0
6,210,0.5819723757932972,7.197893600733828,0.0,0.0,1.0,0.0,0.0,0.0
7,210,5.134189143281017,11.935678259068132,1.0,1.0,0.0,0.0,0.0,0.0
8,210,6.165263718169101,3.320802576230197,0.0,0.0,0.0,1.0,0.0,0.0
9,210,4.662580460073137,8.775739173381773,1.0,0.0,1.0,0.0,0.0,0.0
10,210,9.009843900760508,1.0301803254083786,0.0,1.0,0.0,0.0,0.0,0.0
11,210,9.372813280967858,10.359011368853286,0.0,0.0,0.0,0.0,0.0,0.0
12,210,9.955611880581428,7.681063189452955,0.0,0.0,0.0,1.0,1.0,0.0
13,210,10.984691397603903,1.4510864051582106,0.0,1.0,0.0,0.0,1.0,0.0
14,210,6.214097774331543,12.0,0.0,0.0,0.0,0.0,0.0,0.0
15,210,5.252088115093451,7.239447233930788,1.0,1.0,0.0,0.0,0.0,1.0
16,210,10.62517148684721,6.597017430506856,1.0,0.0,0.0,0.0,0.0,0.0
17,210,12.0,5.477083757608509,0.0,1.0,0.0,0.0,0.0,0.0
18,210,3.7725206264070192,12.0,0.0,1.0,0.0,1.0,0.0,1.0
19,210,0.0,11.973820131878297,0.0,0.0,1.0,0.0,0.0,0.0
0,215,9.525882060208822,7.945098477399675,1.0,1.0,1.0,1.0,0.0,0.0
1,215,0.0,7.76576669311517,0.0,0.0,1.0,0.0,0.0,0.0
2,215,1.8980198966280923,10.028830684044612,0.0,0.0,0.0,0.0,0.0,0.0
3,215,11.6806612453212,12.0,1.0,0.0,0.0,0.0,0.0,0.0
4,215,2.059774253570801,6.620863519988234,0.0,0.0,1.0,1.0,0.0,1.0
5,215,2.0443322592805067,7.888398808344863,0.0,1.0,0.0,1.0,0.0,1.0
6,215,0.5044461175819607,7.246079430085426,0.0,0.0,1.0,0.0,0.0,0.0
7,215,5.047098763744015,12.0,1.0,1.0,0.0,0.0,0.0,0.0
8,215,6.193690853031925,3.3754990408329224,0.0,0.0,0.0,1.0,0.0,0.0
9,215,4.662203117954786,8.770512496946015,1.0,0.0,1.0,0.0,0.0,0.0
10,215,9.09382113490848,1.118264951516241,0.0,1.0,0.0,0.0,0.0,0.0
11,215,9.37410864788732,10.389055082639462,0.0,0.0,0.0,0.0,0.0,0.0
12,215,9.89127057375807,7.791201708036723,0.0,0.0,0.0,1.0,1.0,0.0
13,215,10.91395152871948,1.39295572344301,0.0,1.0,0.0,0.0,1.0,0.0
14,215,6.289945636661117,12.0,0.0,0.0,0.0,0.0,0.0,0.0
15,215,5.25937819827741,7.246188680017747,1.0,1.0,0.0,0.0,0.0,1.0
16,215,10.7022242635569,6.633888594440186,1.0,0.0,0.0,0.0,0.0,0.0
17,215,12.0,5.5622107774821306,0.0,1.0,0.0,0.0,0.0,0.0
18,215,3.822336692229829,12.0,0.0,1.0,0.0,1.0,0.0,1.0
19,215,0.0,11.972398616192578,0.0,0.0,1.0,0.0,0.0,0.0
0,220,9.526669775644438,7.947867338982933,1.0,1.0,1.0,1.0,0.0,0.0
1,220,0.0,7.776009764260227,0.0,0.0,1.0,0.0,0.0,0.0
2,220,1.89268268655489,10.013487659648312,0.0,0.0,0.0,0.0,0.0,0.0
3,220,11.668008126499137,12.0,1.0,0.0,0.0,0.0,0.0,0.0
4,220,2.1088119267517453,6.6516096544827885,0.0,0.0,1.0,1.0,0.0,1.0
5,220,2.047555832445564,7.8863245676992735,0.0,1.0,0.0,1.0,0.0,1.0
6,220,0.4313185881247279,7.293105245302996,0.0,0.0,1.0,0.0,0.0,0.0
7,220,4.952164498317621,12.0,1.0,1.0,0.0,0.0,0.0,0.0
8,220,6.218687409309113,3.424457350755681,0.0,0.0,0.0,1.0,0.0,0.0
9,220,4.66152284613984,8.759738606550853,1.0,0.0,1.0,0.0,0.0,0.0
10,220,9.185178686842235,1.213366554995237,0.0,1.0,0.0,0.0,0.0,0.0
11,220,9.375074244674334,10.41543497179369,0.0,0.0,0.0,0.0,0.0,0.0
12,220,9.816783726717828,7.915364042799823,0.0,0.0,0.0,1.0,1.0,0.0
13,220,11.000216971545443,1.290624837283933,0.0,1.0,0.0,0.0,1.0,0.0
14,220,6.354900845638226,12.0,0.0,0.0,0.0,0.0,0.0,0.0
15,220,5.273679806576738,7.259688379976699,1.0,1.0,0.0,0.0,0.0,1.0
16,220,10.753432362869894,6.658630707196068,1.0,0.0,0.0,0.0,0.0,0.0
17,220,12.0,5.644571775682151,0.0,1.0,0.0,0.0,0.0,0.0
18,220,3.8712862695144095,12.0,0.0,1.0,0.0,1.0,0.0,1.0
19,220,0.0,11.968855713262444,0.0,0.0,1.0,0.0,0.0,0.0
0,225,9.527210431239952,7.949926223180746,1.0,1.0,1.0,1.0,0.0,0.0
1,225,0.0,7.788602411458178,0.0,0.0,1.0,0.0,0.0,0.0
2,225,1.884291609552403,9.988606585008124,0.0,0.0,0.0,0.0,0.0,0.0
3,225,11.65461652283828,12.0,1.0,0.0,0.0,0.0,0.0,0.0
4,225,2.181363338643725,6.692800207880762,0.0,0.0,1.0,1.0,0.0,1.0
5,225,2.0399298640151677,7.89149538692583,0.0,1.0,0.0,1.0,0.0,1.0
6,225,0.3485524719806957,7.347259639076545,0.0,0.0,1.0,0.0,0.0,0.0
7,225,4.856191867881601,12.0,1.0,1.0,0.0,0.0,0.0,0.0
8,225,6.237417687617935,3.461141766563227,0.0,0.0,0.0,1.0,0.0,0.0
9,225,4.658709103433714,8.715639748506415,1.0,0.0,1.0,0.0,0.0,0.0
10,225,9.269841639815004,1.3046765191999368,0.0,1.0,0.0,0.0,0.0,0.0
11,225,9.375572212507237,10.428666604639725,0.0,0.0,0.0,0.0,0.0,0.0
12,225,9.7394488168363,8.04672223348759,0.0,0.0,0.0,1.0,1.0,0.0
13,225,11.093897308033617,1.18457957199203,0.0,1.0,0.0,0.0,1.0,0.0
14,225,6.432407655600468,12.0,0.0,0.0,0.0,0.0,0.0,0.0
15,225,5.289828880400656,7.274652440070354,1.0,1.0,0.0,0.0,0.0,1.0
16,225,10.793756889430666,6.677796205631167,1.0,0.0,0.0,0.0,0.0,0.0
17,225,12.0,5.725322355291262,0.0,1.0,0.0,0.0,0.0,0.0
18,225,3.9310301833128425,12.0,0.0,1.0,0.0,1.0,0.0,1.0
19,225,0.0,11.967255499314875,0.0,0.0,1.0,0.0,0.0,0.0
0,230,9.52493158912622,7.940267289953716,1.0,1.0,1.0,1.0,0.0,0.0
1,230,0.0,7.798576045944105,0.0,0.0,1.0,0.0,0.0,0.0
2,230,1.865692349135081,9.933955678679313,0.0,0.0,0.0,0.0,0.0,0.0
3,230,11.638745375361909,12.0,1.0,0.0,0.0,0.0,0.0,0.0
4,230,2.244011487206854,6.728984891115913,0.0,0.0,1.0,1.0,0.0,1.0
5,230,2.0426334400395167,7.88977971343745,0.0,1.0,0.0,1.0,0.0,1.0
6,230,0.2713635844142995,7.395630613272864,0.0,0.0,1.0,0.0,0.0,0.0
7,230,4.758893137390922,12.0,1.0,1.0,0.0,0.0,0.0,0.0
8,230,6.261573985600787,3.5068634210000877,0.0,0.0,0.0,1.0,0.0,0.0
9,230,4.651921404277556,8.633560519163218,1.0,0.0,1.0,0.0,0.0,0.0
10,230,9.356325531004083,1.4039305757379834,0.0,1.0,0.0,0.0,0.0,0.0
11,230,9.376745806226523,10.461077513265352,0.0,0.0,0.0,0.0,0.0,0.0
12,230,9.664760272868042,8.177309758533315,0.0,0.0,0.0,1.0,1.0,0.0
13,230,11.17602574127132,1.0925580049568946,0.0,1.0,0.0,0.0,1.0,0.0
14,230,6.519205838230831,12.0,0.0,0.0,0.0,0.0,0.0,0.0
15,230,5.3034270101532766,7.287207373491626,1.0,1.0,0.0,0.0,0.0,1.0
16,230,10.85123062866229,6.707295344921991,1.0,0.0,0.0,0.0,0.0,0.0
17,230,12.0,5.776421582640811,0.0,1.0,0.0,0.0,0.0,0.0
18,230,3.934324338022676,11.925690602149976,0.0,1.0,0.0,1.0,0.0,1.0
19,230,0.0,11.965149241586708,0.0,0.0,1.0,0.0,0.0,0.0
0,235,9.51928965858352,7.916185562192128,1.0,1.0,1.0,1.0,0.0,0.0
1,235,0.0,7.811671692091091,0.0,0.0,1.0,0.0,0.0,0.0
2,235,1.8419976374430624,9.864491131549794,0.0,0.0,0.0,0.0,0.0,0.0
3,235,11.62241767167681,12.0,1.0,0.0,0.0,0.0,0.0,0.0
4,235,2.310469014303006,6.767077227529279,0.0,0.0,1.0,1.0,0.0,1.0
5,235,2.062708319025456,7.877376978676619,0.0,1.0,0.0,1.0,0.0,1.0
6,235,0.1852294171002396,7.448719217774696,0.0,0.0,1.0,0.0,0.0,0.0
7,235,4.665796625926225,12.0,1.0,1.0,0.0,0.0,0.0,0.0
8,235,6.27803369197931,3.537852087334482,0.0,0.0,0.0,1.0,0.0,0.0
9,235,4.6466607342082265,8.56260677764733,1.0,0.0,1.0,0.0,0.0,0.0
10,235,9.460400907676195,1.5228656970265817,0.0,1.0,0.0,0.0,0.0,0.0
11,235,9.377697538489702,10.503418449916976,0.0,0.0,0.0,0.0,0.0,0.0
12,235,9.592823168118612,8.301064792059519,0.0,0.0,0.0,1.0,1.0,0.0
13,235,11.268331088672216,0.9881322444425616,0.0,1.0,0.0,0.0,1.0,0.0
14,235,6.613922539438542,12.0,0.0,0.0,0.0,0.0,0.0,0.0
15,235,5.301568456376997,7.285346779617188,1.0,1.0,0.0,0.0,0.0,1.0
16,235,10.895070904392794,6.730483284815231,1.0,0.0,0.0,0.0,0.0,0.0
17,235,12.0,5.839213771053365,0.0,1.0,0.0,0.0,0.0,0.0
18,235,3.937279735839544,11.84477760497527,0.0,1.0,0.0,1.0,0.0,1.0
19,235,0.0,11.962841646441412,0.0,0.0,1.0,0.0,0.0,0.0
0,240,9.509154294727535,7.876052916798581,1.0,1.0,1.0,1.0,0.0,0.0
1,240,0.0,7.827184979634359,0.0,0.0,1.0,0.0,0.0,0.0
2,240,1.8140579651573996,9.783134480976642,0.0,0.0,0.0,0.0,0.0,0.0
3,240,11.607359806555072,12.0,1.0,0.0,0.0,0.0,0.0,0.0
4,240,2.375781109892306,6.803829936029759,0.0,0.0,1.0,1.0,0.0,1.0
5,240,2.083608433837395,7.863907340689992,0.0,1.0,0.0,1.0,0.0,1.0
6,240,0.0893534282808198,7.505032850994802,0.0,0.0,1.0,0.0,0.0,0.0
7,240,4.561721000719359,12.0,1.0,1.0,0.0,0.0,0.0,0.0
8,240,6.301745275149716,3.580983387311683,0.0,0.0,0.0,1.0,0.0,0.0
9,240,4.636805588690152,8.471685500738285,1.0,0.0,1.0,0.0,0.0,0.0
10,240,9.572859414136596,1.6553250121824887,0.0,1.0,0.0,0.0,0.0,0.0
11,240,9.424715986899084,10.5011642090405,0.0,0.0,0.0,0.0,0.0,0.0
12,240,9.519388805344288,8.432976985577552,0.0,0.0,0.0,1.0,1.0,0.0
13,240,11.361910642703496,0.8817075119130625,0.0,1.0,0.0,0.0,1.0,0.0
14,240,6.71181079500251,12.0,0.0,0.0,0.0,0.0,0.0,0.0
15,240,5.294933128004769,7.278714719222966,1.0,1.0,0.0,0.0,0.0,1.0
16,240,10.94033141068524,6.754082837022212,1.0,0.0,0.0,0.0,0.0,0.0
17,240,12.0,5.897045845578353,0.0,1.0,0.0,0.0,0.0,0.0
18,240,3.937032455565873,11.764020548692528,0.0,1.0,0.0,1.0,0.0,1.0
19,240,0.0,11.962655487876374,0.0,0.0,1.0,0.0,0.0,0.0
0,245,9.49101542365539,7.807484430663313,1.0,1.0,1.0,1.0,0.0,0.0
1,245,0.0,7.849249971732783,0.0,0.0,1.0,0.0,0.0,0.0
2,245,1.787586409627126,9.70705302365542,0.0,0.0,0.0,0.0,0.0,0.0
3,245,11.586597617477295,12.0,1.0,0.0,0.0,0.0,0.0,0.0
4,245,2.440665036968265,6.8404050994134655,0.0,0.0,1.0,1.0,0.0,1.0
5,245,2.12860746811915,7.833899002571674,0.0,1.0,0.0,1.0,0.0,1.0
6,245,0.0037985769675914,7.552872004297429,0.0,0.0,1.0,0.0,0.0,0.0
7,245,4.447381261206464,12.0,1.0,1.0,0.0,0.0,0.0,0.0
8,245,6.323352409478899,3.620685204454079,0.0,0.0,0.0,1.0,0.0,0.0
9,245,4.628304197148099,8.379180949517357,1.0,0.0,1.0,0.0,0.0,0.0
10,245,9.690127558346315,1.7988027605272587,0.0,1.0,0.0,0.0,0.0,0.0
11,245,9.508408130146382,10.501058152946367,0.0,0.0,0.0,0.0,0.0,0.0
12,245,9.452521654956492,8.553131971758958,0.0,0.0,0.0,1.0,1.0,0.0
13,245,11.457750145026091,0.7797002417084915,0.0,1.0,0.0,0.0,1.0,0.0
14,245,6.817530429598152,12.0,0.0,0.0,0.0,0.0,0.0,0.0
15,245,5.286911605882107,7.27108182198216,1.0,1.0,0.0,0.0,0.0,1.0
16,245,10.97849514818258,6.772758912208211,1.0,0.0,0.0,0.0,0.0,0.0
17,245,12.0,5.96278886416373,0.0,1.0,0.0,0.0,0.0,0.0
18,245,3.9377178218904687,11.692130603501417,0.0,1.0,0.0,1.0,0.0,1.0
19,245,0.0,11.962955882566517,0.0,0.0,1.0,0.0,0.0,0.0
0,250,9.470471022716248,7.722278288869837,1.0,1.0,1.0,1.0,0.0,0.0
1,250,0.0,7.8662402544216095,0.0,0.0,1.0,0.0,0.0,0.0
2,250,1.770707725826442,9.655489206734538,0.0,0.0,0.0,0.0,0.0,0.0
3,250,11.566988093436866,12.0,1.0,0.0,0.0,0.0,0.0,0.0
4,250,2.4138248730483385,6.889140657828803,0.0,0.0,1.0,1.0,0.0,1.0
5,250,2.174734421855676,7.803577046208812,0.0,1.0,0.0,1.0,0.0,1.0
6,250,0.0,7.586016879042392,0.0,0.0,1.0,0.0,0.0,0.0
7,250,4.32968340597415,12.0,1.0,1.0,0.0,0.0,0.0,0.0
8,250,6.346345195182131,3.662745184662283,0.0,0.0,0.0,1.0,0.0,0.0
9,250,4.624040311450004,8.292833720987488,1.0,0.0,1.0,0.0,0.0,0.0
10,250,9.81262007204658,1.9582786372118228,0.0,1.0,0.0,0.0,0.0,0.0
11,250,9.569753448433252,10.498906658339402,0.0,0.0,0.0,0.0,0.0,0.0
12,250,9.566768787271156,8.61823565305809,0.0,0.0,0.0,1.0,1.0,0.0
13,250,11.56278278403711,0.6744599820781143,0.0,1.0,0.0,0.0,1.0,0.0
14,250,6.930490380872731,12.0,0.0,0.0,0.0,0.0,0.0,0.0
15,250,5.283739309591627,7.268092194076982,1.0,1.0,0.0,0.0,0.0,1.0
16,250,11.002026540708291,6.783583586807236,1.0,0.0,0.0,0.0,0.0,0.0
17,250,12.0,6.030265605219882,0.0,1.0,0.0,0.0,0.0,0.0
18,250,3.939949728626519,11.630230581934535,0.0,1.0,0.0,1.0,0.0,1.0
19,250,0.0,11.962951239225225,0.0,0.0,1.0,0.0,0.0,0.0
0,255,9.4526953459118,7.647477547205212,1.0,1.0,1.0,1.0,0.0,0.0
1,255,0.0,7.886852463503345,0.0,0.0,1.0,0.0,0.0,0.0
2,255,1.746313768483906,9.582052013928417,0.0,0.0,0.0,0.0,0.0,0.0
3,255,11.546788903020826,12.0,1.0,0.0,0.0,0.0,0.0,0.0
4,255,2.378590920323437,6.870025149244917,0.0,0.0,1.0,1.0,0.0,1.0
5,255,2.19808591000216,7.78746571444769,0.0,1.0,0.0,1.0,0.0,1.0
6,255,0.0,7.6143328809725555,0.0,0.0,1.0,0.0,0.0,0.0
7,255,4.216484956090855,12.0,1.0,1.0,0.0,0.0,0.0,0.0
8,255,6.368770298012036,3.703881609790928,0.0,0.0,0.0,1.0,0.0,0.0
9,255,4.620331717215296,8.180337062161065,1.0,0.0,1.0,0.0,0.0,0.0
10,255,9.936877518019855,2.128187605892725,0.0,1.0,0.0,0.0,0.0,0.0
11,255,9.628663253032284,10.497727795148675,0.0,0.0,0.0,0.0,0.0,0.0
12,255,9.673121114156109,8.677783453205658,0.0,0.0,0.0,1.0,1.0,0.0
13,255,11.674760666397296,0.5674229911780382,0.0,1.0,0.0,0.0,1.0,0.0
14,255,7.032639345352064,12.0,0.0,0.0,0.0,0.0,0.0,0.0
15,255,5.271592766230653,7.256079678355459,1.0,1.0,0.0,0.0,0.0,1.0
16,255,11.033789104277888,6.798569617935294,1.0,0.0,0.0,0.0,0.0,0.0
17,255,12.0,6.1023224859150025,0.0,1.0,0.0,0.0,0.0,0.0
18,255,3.941533590697836,11.576134875890432,0.0,1.0,0.0,1.0,0.0,1.0
19,255,0.0007211246724783,11.962962447888396,0.0,0.0,1.0,0.0,0.0,0.0
0,260,9.43253423394978,7.574870415616325,1.0,1.0,1.0,1.0,0.0,0.0
1,260,0.0,7.908011813406884,0.0,0.0,1.0,0.0,0.0,0.0
2,260,1.7214780956945432,9.507361954819126,0.0,0.0,0.0,0.0,0.0,0.0
3,260,11.529944394193064,12.0,1.0,0.0,0.0,0.0,0.0,0.0
4,260,2.3350304497809837,6.847857731151612,0.0,0.0,1.0,1.0,0.0,1.0
5,260,2.2162192418438624,7.7750858519387,0.0,1.0,0.0,1.0,0.0,1.0
6,260,0.0,7.646096955824813,0.0,0.0,1.0,0.0,0.0,0.0
7,260,4.101591623279883,12.0,1.0,1.0,0.0,0.0,0.0,0.0
8,260,6.381704034985562,3.727670669932849,0.0,0.0,0.0,1.0,0.0,0.0
9,260,4.616457821639481,8.074193561964076,1.0,0.0,1.0,0.0,0.0,0.0
10,260,10.065805025431816,2.3007040910844814,0.0,1.0,0.0,0.0,0.0,0.0
11,260,9.68276596620836,10.495603712923328,0.0,0.0,0.0,0.0,0.0,0.0
12,260,9.787392132262664,8.7396299683776,0.0,0.0,0.0,1.0,1.0,0.0
13,260,11.781347540261509,0.4633928617616608,0.0,1.0,0.0,0.0,1.0,0.0
14,260,7.129235337005401,12.0,0.0,0.0,0.0,0.0,0.0,0.0
15,260,5.262566771283954,7.246994039759064,1.0,1.0,0.0,0.0,0.0,1.0
16,260,11.058391761192592,6.810075633969331,1.0,0.0,0.0,0.0,0.0,0.0
17,260,12.0,6.187272134302613,0.0,1.0,0.0,0.0,0.0,0.0
18,260,3.9444855875264144,11.51602847724627,0.0,1.0,0.0,1.0,0.0,1.0
19,260,0.0,11.963021764954174,0.0,0.0,1.0,0.0,0.0,0.0
0,265,9.409253047426333,7.491591951795318,1.0,1.0,1.0,1.0,0.0,0.0
1,265,0.0,7.931243513910487,0.0,0.0,1.0,0.0,0.0,0.0
2,265,1.6980953049025556,9.43609642140933,0.0,0.0,0.0,0.0,0.0,0.0
3,265,11.515413289313578,12.0,1.0,0.0,0.0,0.0,0.0,0.0
4,265,2.267613822678799,6.814971245768361,0.0,0.0,1.0,1.0,0.0,1.0
5,265,2.240967143373888,7.758924253965398,0.0,1.0,0.0,1.0,0.0,1.0
6,265,0.0,7.67442679636214,0.0,0.0,1.0,0.0,0.0,0.0
7,265,3.979085747944133,12.0,1.0,1.0,0.0,0.0,0.0,0.0
8,265,6.395429478174326,3.7529672129746032,0.0,0.0,0.0,1.0,0.0,0.0
9,265,4.612341727400817,7.9855337651502385,1.0,0.0,1.0,0.0,0.0,0.0
10,265,10.201652600791386,2.482400358286881,0.0,1.0,0.0,0.0,0.0,0.0
11,265,9.733902321523226,10.49322212089718,0.0,0.0,0.0,0.0,0.0,0.0
12,265,9.898502427865756,8.801332325341322,0.0,0.0,0.0,1.0,1.0,0.0
13,265,11.897531624426568,0.344461971324568,0.0,1.0,0.0,0.0,1.0,0.0
14,265,7.253134557800196,12.0,0.0,0.0,0.0,0.0,0.0,0.0
15,265,5.260966858668553,7.245396736920681,1.0,1.0,0.0,0.0,0.0,1.0
16,265,11.084298451007392,6.821473832316593,1.0,0.0,0.0,0.0,0.0,0.0
17,265,12.0,6.297819794860949,0.0,1.0,0.0,0.0,0.0,0.0
18,265,3.946143887848861,11.450394787932208,0.0,1.0,0.0,1.0,0.0,1.0
19,265,0.0,11.962828892162973,0.0,0.0,1.0,0.0,0.0,0.0
0,270,9.385479361256786,7.405516599176753,1.0,1.0,1.0,1.0,0.0,0.0
1,270,0.0,7.953730950321245,0.0,0.0,1.0,0.0,0.0,0.0
2,270,1.6704770961554225,9.352309720605067,0.0,0.0,0.0,0.0,0.0,0.0
3,270,11.492988465938645,12.0,1.0,0.0,0.0,0.0,0.0,0.0
4,270,2.195222453214106,6.7794741775631895,0.0,0.0,1.0,1.0,0.0,1.0
5,270,2.280366846177168,7.731900904050448,0.0,1.0,0.0,1.0,0.0,1.0
6,270,0.0,7.709320431357459,0.0,0.0,1.0,0.0,0.0,0.0
7,270,3.8574119159899913,12.0,1.0,1.0,0.0,0.0,0.0,0.0
8,270,6.417007758460263,3.7927424122830535,0.0,0.0,0.0,1.0,0.0,0.0
9,270,4.607493407806722,7.912526128986431,1.0,0.0,1.0,0.0,0.0,0.0
10,270,10.33905693739342,2.6647112563244546,0.0,1.0,0.0,0.0,0.0,0.0
11,270,9.78105362649552,10.490972816766472,0.0,0.0,0.0,0.0,0.0,0.0
12,270,10.017350858577023,8.864894565773229,0.0,0.0,0.0,1.0,1.0,0.0
13,270,12.0,0.2245616515336659,0.0,1.0,0.0,0.0,1.0,0.0
14,270,7.387456798501159,12.0,0.0,0.0,0.0,0.0,0.0,0.0
15,270,5.259314968239373,7.247051595033088,1.0,1.0,0.0,0.0,0.0,1.0
16,270,11.095405667913507,6.826374959310443,1.0,0.0,0.0,0.0,0.0,0.0
17,270,12.0,6.404391697537607,0.0,1.0,0.0,0.0,0.0,0.0
18,270,3.945971023821825,11.37832170916639,0.0,1.0,0.0,1.0,0.0,1.0
19,270,0.0,11.963070775374106,0.0,0.0,1.0,0.0,0.0,0.0
0,275,9.361186651887992,7.309720581225369,1.0,1.0,1.0,1.0,0.0,0.0
1,275,0.0,7.970163550836823,0.0,0.0,1.0,0.0,0.0,0.0
2,275,1.6452048516636857,9.27393304184988,0.0,0.0,0.0,0.0,0.0,0.0
3,275,11.478935509621504,12.0,1.0,0.0,0.0,0.0,0.0,0.0
4,275,2.111955543317835,6.737753246896059,0.0,0.0,1.0,1.0,0.0,1.0
5,275,2.3139006700812965,7.709207304637242,0.0,1.0,0.0,1.0,0.0,1.0
6,275,0.0,7.737868673578324,0.0,0.0,1.0,0.0,0.0,0.0
7,275,3.7369183852231327,12.0,1.0,1.0,0.0,0.0,0.0,0.0
8,275,6.439457113458561,3.830962828398538,0.0,0.0,0.0,1.0,0.0,0.0
9,275,4.601011644580985,7.834774049524845,1.0,0.0,1.0,0.0,0.0,0.0
10,275,10.47099729741025,2.844694258299874,0.0,1.0,0.0,0.0,0.0,0.0
11,275,9.822986176087433,10.49009289229521,0.0,0.0,0.0,0.0,0.0,0.0
12,275,10.147948156382771,8.937849480330867,0.0,0.0,0.0,1.0,1.0,0.0
13,275,12.0,0.0983204317083976,0.0,1.0,0.0,0.0,1.0,0.0
14,275,7.538428489070332,12.0,0.0,0.0,0.0,0.0,0.0,0.0
15,275,5.251560089394449,7.254840566254312,1.0,1.0,0.0,0.0,0.0,1.0
16,275,11.097018850785105,6.827120980555667,1.0,0.0,0.0,0.0,0.0,0.0
17,275,12.0,6.518112240088065,0.0,1.0,0.0,0.0,0.0,0.0
18,275,3.9450460055518,11.31962228119684,0.0,1.0,0.0,1.0,0.0,1.0
19,275,0.0,11.963450393526688,0.0,0.0,1.0,0.0,0.0,0.0
0,280,9.342128482174065,7.235425682864705,1.0,1.0,1.0,1.0,0.0,0.0
1,280,0.0,7.988023531128956,0.0,0.0,1.0,0.0,0.0,0.0
2,280,1.6195700467281355,9.197322957709968,0.0,0.0,0.0,0.0,0.0,0.0
3,280,11.469906353957391,12.0,1.0,0.0,0.0,0.0,0.0,0.0
4,280,2.162157124183803,6.637294443802278,0.0,0.0,1.0,1.0,0.0,1.0
5,280,2.3635618684816366,7.673501285189618,0.0,1.0,0.0,1.0,0.0,1.0
6,280,0.0,7.754859518934759,0.0,0.0,1.0,0.0,0.0,0.0
7,280,3.602413940052034,12.0,1.0,1.0,0.0,0.0,0.0,0.0
8,280,6.462991149707346,3.8717609441131966,0.0,0.0,0.0,1.0,0.0,0.0
9,280,4.59610704952736,7.779721803361939,1.0,0.0,1.0,0.0,0.0,0.0
10,280,10.5925208787844,3.0117997496750863,0.0,1.0,0.0,0.0,0.0,0.0
11,280,9.880277475366253,10.488598669749518,0.0,0.0,0.0,0.0,0.0,0.0
12,280,10.27690717063008,9.011666370382915,0.0,0.0,0.0,1.0,1.0,0.0
13,280,12.0,0.0,0.0,1.0,0.0,0.0,1.0,0.0
14,280,7.675351250076194,12.0,0.0,0.0,0.0,0.0,0.0,0.0
15,280,5.247967932972115,7.258610974601823,1.0,1.0,0.0,0.0,0.0,1.0
16,280,11.10358430439214,6.830332380571059,1.0,0.0,0.0,0.0,0.0,0.0
17,280,12.0,6.632848973870902,0.0,1.0,0.0,0.0,0.0,0.0
18,280,3.944593088642476,11.243583924207044,0.0,1.0,0.0,1.0,0.0,1.0
19,280,0.0,11.963502409425312,0.0,0.0,1.0,0.0,0.0,0.0
0,285,9.318298312301344,7.13048166826355,1.0,1.0,1.0,1.0,0.0,0.0
1,285,0.0,8.004363832283008,0.0,0.0,1.0,0.0,0.0,0.0
2,285,1.588582744253668,9.109444086176511,0.0,0.0,0.0,0.0,0.0,0.0
3,285,11.45972224982111,12.0,1.0,0.0,0.0,0.0,0.0,0.0
4,285,2.2164700816777563,6.531841671797845,0.0,0.0,1.0,1.0,0.0,1.0
5,285,2.4207044043392885,7.63429090791708,0.0,1.0,0.0,1.0,0.0,1.0
6,285,0.0,7.767042811208311,0.0,0.0,1.0,0.0,0.0,0.0
7,285,3.4627005901580654,12.0,1.0,1.0,0.0,0.0,0.0,0.0
8,285,6.501348600735204,3.937522742649609,0.0,0.0,0.0,1.0,0.0,0.0
9,285,4.591688393064258,7.721672653584753,1.0,0.0,1.0,0.0,0.0,0.0
10,285,10.724663059891926,3.185364425243167,0.0,1.0,0.0,0.0,0.0,0.0
11,285,9.936146454282651,10.488457475441033,0.0,0.0,0.0,0.0,0.0,0.0
12,285,10.413872569588651,9.092914477686012,0.0,0.0,0.0,1.0,1.0,0.0
13,285,12.0,0.0,0.0,1.0,0.0,0.0,1.0,0.0
14,285,7.80269361293208,12.0,0.0,0.0,0.0,0.0,0.0,0.0
15,285,5.233683983893901,7.2740211234157375,1.0,1.0,0.0,0.0,0.0,1.0
16,285,11.114837847300034,6.836161943666794,1.0,0.0,0.0,0.0,0.0,0.0
17,285,12.0,6.735214147551886,0.0,1.0,0.0,0.0,0.0,0.0
18,285,3.9434732839890194,11.153908306554516,0.0,1.0,0.0,1.0,0.0,1.0
19,285,0.0,11.9636789303678,0.0,0.0,1.0,0.0,0.0,0.0
0,290,9.296818883489635,7.050323670791253,1.0,1.0,1.0,1.0,0.0,0.0
1,290,0.0,8.014351286753692,0.0,0.0,1.0,0.0,0.0,0.0
2,290,1.5580376494032178,9.01898111480585,0.0,0.0,0.0,0.0,0.0,0.0
3,290,11.45041962576232,12.0,1.0,0.0,0.0,0.0,0.0,0.0
4,290,2.265331075193675,6.4354118373945886,0.0,0.0,1.0,1.0,0.0,1.0
5,290,2.4787212242938925,7.5944289321706,0.0,1.0,0.0,1.0,0.0,1.0
6,290,0.0,7.776394210465351,0.0,0.0,1.0,0.0,0.0,0.0
7,290,3.3519888657095738,12.0,1.0,1.0,0.0,0.0,0.0,0.0
8,290,6.53482212868295,3.991327649662997,0.0,0.0,0.0,1.0,0.0,0.0
9,290,4.588010342478198,7.665568042086264,1.0,0.0,1.0,0.0,0.0,0.0
10,290,10.861948503767104,3.36743826551902,0.0,1.0,0.0,0.0,0.0,0.0
11,290,9.99648642474412,10.488192261212903,0.0,0.0,0.0,0.0,0.0,0.0
12,290,10.56337427265554,9.178410753794916,0.0,0.0,0.0,1.0,1.0,0.0
13,290,12.0,0.0,0.0,1.0,0.0,0.0,1.0,0.0
14,290,7.923278015753523,12.0,0.0,0.0,0.0,0.0,0.0,0.0
15,290,5.214618761688452,7.294372493419344,1.0,1.0,0.0,0.0,0.0,1.0
16,290,11.120936174067886,6.824192320075288,1.0,0.0,0.0,0.0,0.0,0.0
17,290,12.0,6.824443173458605,0.0,1.0,0.0,0.0,0.0,0.0
18,290,3.942121429550419,11.075643572034016,0.0,1.0,0.0,1.0,0.0,1.0
19,290,0.0,11.964005729328951,0.0,0.0,1.0,0.0,0.0,0.0
0,295,9.270815858959793,6.960790633904613,1.0,1.0,1.0,1.0,0.0,0.0
1,295,0.0,8.024295271687224,0.0,0.0,1.0,0.0,0.0,0.0
2,295,1.5295592299987786,8.93318179229907,0.0,0.0,0.0,0.0,0.0,0.0
3,295,11.438431197242746,12.0,1.0,0.0,0.0,0.0,0.0,0.0
4,295,2.3207251550202184,6.329756010954001,0.0,0.0,1.0,1.0,0.0,1.0
5,295,2.5399410418192683,7.550747172756087,0.0,1.0,0.0,1.0,0.0,1.0
6,295,0.0,7.799319590313531,0.0,0.0,1.0,0.0,0.0,0.0
7,295,3.249004683868689,12.0,1.0,1.0,0.0,0.0,0.0,0.0
8,295,6.565856897190981,4.042505824968427,0.0,0.0,0.0,1.0,0.0,0.0
9,295,4.579403779684502,7.568626475119784,1.0,0.0,1.0,0.0,0.0,0.0
10,295,10.996262589031256,3.5399905030046264,0.0,1.0,0.0,0.0,0.0,0.0
11,295,10.049060964672508,10.488270362458724,0.0,0.0,0.0,0.0,0.0,0.0
12,295,10.630763981979213,9.059572677784931,0.0,0.0,0.0,1.0,1.0,0.0
13,295,12.0,0.0,0.0,1.0,0.0,0.0,1.0,0.0
14,295,8.040654138133279,12.0,0.0,0.0,0.0,0.0,0.0,0.0
15,295,5.202851282431792,7.306648308120579,1.0,1.0,0.0,0.0,0.0,1.0
16,295,11.13045911036,6.805952281324684,1.0,0.0,0.0,0.0,0.0,0.0
17,295,12.0,6.7659021436532,0.0,1.0,0.0,0.0,0.0,0.0
18,295,3.9406594229478817,10.986501739166908,0.0,1.0,0.0,1.0,0.0,1.0
19,295,0.0004519574474275,11.963986958598316,0.0,0.0,1.0,0.0,0.0,0.0
