0,0,6.04536103891433,2.951856213171862,0.0,1.0,1.0,1.0,1.0,0.0
1,0,10.03584441529677,6.999658346142491,1.0,0.0,0.0,0.0,0.0,1.0
2,0,11.977950122798202,12.0,1.0,0.0,0.0,0.0,0.0,1.0
3,0,2.9896822859576977,10.0423947768041,0.0,1.0,0.0,1.0,0.0,0.0
4,0,3.047886861585555,11.031091232901115,0.0,0.0,0.0,0.0,0.0,0.0
5,0,5.028042611243349,9.011414274098868,1.0,0.0,1.0,1.0,0.0,1.0
6,0,10.021324357741085,12.0,0.0,0.0,0.0,0.0,1.0,1.0
7,0,12.0,0.9511879879795716,0.0,1.0,0.0,0.0,0.0,0.0
8,0,11.049006959683586,5.966573532622527,0.0,1.0,1.0,0.0,0.0,1.0
9,0,7.013661899759938,5.950300440014243,1.0,0.0,0.0,0.0,1.0,0.0
10,0,0.0,4.966893521880821,1.0,0.0,1.0,0.0,0.0,0.0
11,0,5.0433991006035095,0.0529408435985745,0.0,0.0,1.0,0.0,1.0,1.0
12,0,10.931671353528998,2.9535359214011816,1.0,0.0,0.0,1.0,0.0,0.0
13,0,2.067000780489108,12.0,0.0,0.0,0.0,0.0,1.0,0.0
14,0,2.01195055361357,2.056929408744744,0.0,0.0,0.0,0.0,0.0,0.0
15,0,0.992950605966626,12.0,0.0,1.0,0.0,1.0,0.0,0.0
16,0,6.057817080283524,11.056962901781988,0.0,0.0,1.0,0.0,0.0,1.0
17,0,5.039154988745344,4.966422349261678,0.0,0.0,1.0,0.0,0.0,1.0
18,0,4.942408146944792,9.974233535952427,1.0,1.0,0.0,0.0,1.0,0.0
19,0,10.020880567739242,7.936963460069545,0.0,0.0,0.0,0.0,1.0,0.0
0,5,6.094923957138682,2.998075492883098,0.0,1.0,1.0,1.0,1.0,0.0
1,5,10.095016407982634,6.99864856533459,1.0,0.0,0.0,0.0,0.0,1.0
2,5,11.95406054621604,11.984764168982698,1.0,0.0,0.0,0.0,0.0,1.0
3,5,2.9777940859408405,10.099354357423875,0.0,1.0,0.0,1.0,0.0,0.0
4,5,3.1147812964999453,11.075795501051726,0.0,0.0,0.0,0.0,0.0,0.0
5,5,5.049339364652314,9.019815363680008,1.0,0.0,1.0,1.0,0.0,1.0
6,5,10.04235753569984,12.0,0.0,0.0,0.0,0.0,1.0,1.0
7,5,12.0,0.9193714947262064,0.0,1.0,0.0,0.0,0.0,0.0
8,5,11.092999916076254,5.935512721879388,0.0,1.0,1.0,0.0,0.0,1.0
9,5,7.029993176226469,5.892405557488292,1.0,0.0,0.0,0.0,1.0,0.0
10,5,0.0,4.923300794736827,1.0,0.0,1.0,0.0,0.0,0.0
11,5,5.104947050621569,0.130242403991351,0.0,0.0,1.0,0.0,1.0,1.0
12,5,10.866130105043675,2.905759669692896,1.0,0.0,0.0,1.0,0.0,0.0
13,5,2.126957069777166,12.0,0.0,0.0,0.0,0.0,1.0,0.0
14,5,2.0260995430095528,2.1323594804472794,0.0,0.0,0.0,0.0,0.0,0.0
15,5,0.9878965021870918,12.0,0.0,1.0,0.0,1.0,0.0,0.0
16,5,6.121367761503223,11.12063683709538,0.0,0.0,1.0,0.0,0.0,1.0
17,5,5.085645987875813,4.92367517242747,0.0,0.0,1.0,0.0,0.0,1.0
18,5,4.971269883002073,9.909763121612396,1.0,1.0,0.0,0.0,1.0,0.0
19,5,10.042546100982616,7.869681983512343,0.0,0.0,0.0,0.0,1.0,0.0
0,10,6.146409477925235,3.045619654525186,0.0,1.0,1.0,1.0,1.0,0.0
1,10,10.154138858849144,6.997377067896856,1.0,0.0,0.0,0.0,0.0,1.0
2,10,11.937238442138565,11.973714910401382,1.0,0.0,0.0,0.0,0.0,1.0
3,10,2.9640897208922783,10.166583985083172,0.0,1.0,0.0,1.0,0.0,0.0
4,10,3.172115203801409,11.115246585093807,0.0,0.0,0.0,0.0,0.0,0.0
5,10,5.0559508429316,9.02239289161434,1.0,0.0,1.0,1.0,0.0,1.0
6,10,10.069480053726572,12.0,0.0,0.0,0.0,0.0,1.0,1.0
7,10,12.0,0.889859758546347,0.0,1.0,0.0,0.0,0.0,0.0
8,10,11.129842404857172,5.909270938847268,0.0,1.0,1.0,0.0,0.0,1.0
9,10,7.058154768120711,5.793942691677522,1.0,0.0,0.0,0.0,1.0,0.0
10,10,0.0,4.905153819946282,1.0,0.0,1.0,0.0,0.0,0.0
11,10,5.166574700470669,0.2048052608665027,0.0,0.0,1.0,0.0,1.0,1.0
12,10,10.798781791243456,2.855119254219003,1.0,0.0,0.0,1.0,0.0,0.0
13,10,2.1898053279715377,12.0,0.0,0.0,0.0,0.0,1.0,0.0
14,10,2.0391390002312844,2.200783047656931,0.0,0.0,0.0,0.0,0.0,0.0
15,10,0.9874898256604646,12.0,0.0,1.0,0.0,1.0,0.0,0.0
16,10,6.182439967997406,11.180360186187295,0.0,0.0,1.0,0.0,0.0,1.0
17,10,5.139525539580893,4.873912963586197,0.0,0.0,1.0,0.0,0.0,1.0
18,10,5.002442642508338,9.84702921668691,1.0,1.0,0.0,0.0,1.0,0.0
19,10,10.071674495211411,7.777897639422222,0.0,0.0,0.0,0.0,1.0,0.0
0,15,6.225325151356937,3.1192724697924024,0.0,1.0,1.0,1.0,1.0,0.0
1,15,10.220666239555692,6.994670016424835,1.0,0.0,0.0,0.0,0.0,1.0
2,15,11.915945735333256,11.960779009672544,1.0,0.0,0.0,0.0,0.0,1.0
3,15,2.955400402844903,10.215305692640712,0.0,1.0,0.0,1.0,0.0,0.0
4,15,3.199658283413933,11.13467641982572,0.0,0.0,0.0,0.0,0.0,0.0
5,15,5.046058939593622,9.01846911437428,1.0,0.0,1.0,1.0,0.0,1.0
6,15,10.097731776197843,12.0,0.0,0.0,0.0,0.0,1.0,1.0
7,15,12.0,0.865908346038166,0.0,1.0,0.0,0.0,0.0,0.0
8,15,11.170642753620786,5.881633107787349,0.0,1.0,1.0,0.0,0.0,1.0
9,15,7.088673767954432,5.682424390374958,1.0,0.0,0.0,0.0,1.0,0.0
10,15,0.0,4.884074588896757,1.0,0.0,1.0,0.0,0.0,0.0
11,15,5.2313831803190585,0.2835642437969022,0.0,0.0,1.0,0.0,1.0,1.0
12,15,10.722019332968532,2.799905074849736,1.0,0.0,0.0,1.0,0.0,0.0
13,15,2.2568088908811004,12.0,0.0,0.0,0.0,0.0,1.0,0.0
14,15,2.0570343025657487,2.3100568646675628,0.0,0.0,0.0,0.0,0.0,0.0
15,15,0.985795506219491,12.0,0.0,1.0,0.0,1.0,0.0,0.0
16,15,6.240709779200968,11.238784799049911,0.0,0.0,1.0,0.0,0.0,1.0
17,15,5.192437658218292,4.827554223460204,0.0,0.0,1.0,0.0,0.0,1.0
18,15,5.036781554003319,9.781369017035871,1.0,1.0,0.0,0.0,1.0,0.0
19,15,10.106252375954258,7.680778970821263,0.0,0.0,0.0,0.0,1.0,0.0
0,20,6.308800800742944,3.199564283728473,0.0,1.0,1.0,1.0,1.0,0.0
1,20,10.294241389696262,6.990219026468048,1.0,0.0,0.0,0.0,0.0,1.0
2,20,11.892066060564703,11.946227346157237,1.0,0.0,0.0,0.0,0.0,1.0
3,20,2.952102927878306,10.231917412073322,0.0,1.0,0.0,1.0,0.0,0.0
4,20,3.217509388437506,11.108805526323492,0.0,0.0,0.0,0.0,0.0,0.0
5,20,5.024149354988157,9.010208159187078,1.0,0.0,1.0,1.0,0.0,1.0
6,20,10.123084936272653,12.0,0.0,0.0,0.0,0.0,1.0,1.0
7,20,12.0,0.8487499023624674,0.0,1.0,0.0,0.0,0.0,0.0
8,20,11.221232416370976,5.849650886700637,0.0,1.0,1.0,0.0,0.0,1.0
9,20,7.1181890915071655,5.586360156255668,1.0,0.0,0.0,0.0,1.0,0.0
10,20,0.0,4.854552944501251,1.0,0.0,1.0,0.0,0.0,0.0
11,20,5.30429247145806,0.3715422554566809,0.0,0.0,1.0,0.0,1.0,1.0
12,20,10.655206764052762,2.748928629150666,1.0,0.0,0.0,1.0,0.0,0.0
13,20,2.3392856822668664,12.0,0.0,0.0,0.0,0.0,1.0,0.0
14,20,2.07360246085167,2.4173592681208564,0.0,0.0,0.0,0.0,0.0,0.0
15,20,0.979992287479741,12.0,0.0,1.0,0.0,1.0,0.0,0.0
16,20,6.295704361671698,11.295664198937764,0.0,0.0,1.0,0.0,0.0,1.0
17,20,5.2471789499302925,4.779930533234928,0.0,0.0,1.0,0.0,0.0,1.0
18,20,5.067881600975679,9.723806306809731,1.0,1.0,0.0,0.0,1.0,0.0
19,20,10.138230791028567,7.597115111004904,0.0,0.0,0.0,0.0,1.0,0.0
0,25,6.384406967020346,3.272186868827221,0.0,1.0,1.0,1.0,1.0,0.0
1,25,10.365928430740189,6.985638321366588,1.0,0.0,0.0,0.0,0.0,1.0
2,25,11.887544733632373,11.943428902344357,1.0,0.0,0.0,0.0,0.0,1.0
3,25,2.945031394426485,10.263461265717844,0.0,1.0,0.0,1.0,0.0,0.0
4,25,3.2337024684057547,11.084892875147226,0.0,0.0,0.0,0.0,0.0,0.0
5,25,4.997050244858804,8.999970546784052,1.0,0.0,1.0,1.0,0.0,1.0
6,25,10.155358492572342,12.0,0.0,0.0,0.0,0.0,1.0,1.0
7,25,12.0,0.8221767265184603,0.0,1.0,0.0,0.0,0.0,0.0
8,25,11.292545156672896,5.802460756875919,0.0,1.0,1.0,0.0,0.0,1.0
9,25,7.153455535975362,5.474235400171872,1.0,0.0,0.0,0.0,1.0,0.0
10,25,0.0,4.819226239308616,1.0,0.0,1.0,0.0,0.0,0.0
11,25,5.388907738083579,0.4761949032731328,0.0,0.0,1.0,0.0,1.0,1.0
12,25,10.585919236257514,2.7000911843186213,1.0,0.0,0.0,1.0,0.0,0.0
13,25,2.4255332111378065,12.0,0.0,0.0,0.0,0.0,1.0,0.0
14,25,2.0871529233239587,2.506049777337497,0.0,0.0,0.0,0.0,0.0,0.0
15,25,0.9731127209120058,12.0,0.0,1.0,0.0,1.0,0.0,0.0
16,25,6.342305859291757,11.34292957260179,0.0,0.0,1.0,0.0,0.0,1.0
17,25,5.295336398399949,4.737697483023638,0.0,0.0,1.0,0.0,0.0,1.0
18,25,5.111022996577418,9.646150088601692,1.0,1.0,0.0,0.0,1.0,0.0
19,25,10.168463363672933,7.520001256287389,0.0,0.0,0.0,0.0,1.0,0.0
0,30,6.465982337322865,3.3549820874619085,0.0,1.0,1.0,1.0,1.0,0.0
1,30,10.421390209905578,6.981389978894627,1.0,0.0,0.0,0.0,0.0,1.0
2,30,11.873450273143831,11.93494846166324,1.0,0.0,0.0,0.0,0.0,1.0
3,30,2.9324085030975806,10.314435571773434,0.0,1.0,0.0,1.0,0.0,0.0
4,30,3.2482626627462112,11.062362160217008,0.0,0.0,0.0,0.0,0.0,0.0
5,30,4.984275444244639,8.994999955694887,1.0,0.0,1.0,1.0,0.0,1.0
6,30,10.191982952175332,12.0,0.0,0.0,0.0,0.0,1.0,1.0
7,30,12.0,0.8086685547115824,0.0,1.0,0.0,0.0,0.0,0.0
8,30,11.362525893492466,5.755840171341717,0.0,1.0,1.0,0.0,0.0,1.0
9,30,7.180161152346588,5.38082574400162,1.0,0.0,0.0,0.0,1.0,0.0
10,30,0.0,4.780207599810256,1.0,0.0,1.0,0.0,0.0,0.0
11,30,5.466879122200455,0.5730071173623257,0.0,0.0,1.0,0.0,1.0,1.0
12,30,10.521570079249368,2.6557054009871823,1.0,0.0,0.0,1.0,0.0,0.0
13,30,2.5395976178709314,12.0,0.0,0.0,0.0,0.0,1.0,0.0
14,30,2.0969665252214704,2.584197033286911,0.0,0.0,0.0,0.0,0.0,0.0
15,30,0.9683316564853646,12.0,0.0,1.0,0.0,1.0,0.0,0.0
16,30,6.389631274951584,11.38786390175836,0.0,0.0,1.0,0.0,0.0,1.0
17,30,5.343021102764897,4.6952425310002255,0.0,0.0,1.0,0.0,0.0,1.0
18,30,5.157653363111633,9.562551992831962,1.0,1.0,0.0,0.0,1.0,0.0
19,30,10.185981909764468,7.476332362579275,0.0,0.0,0.0,0.0,1.0,0.0
0,35,6.546538018547612,3.436908337995863,0.0,1.0,1.0,1.0,1.0,0.0
1,35,10.470499546750275,6.977080341211509,1.0,0.0,0.0,0.0,0.0,1.0
2,35,11.853541911325156,11.923300674561052,1.0,0.0,0.0,0.0,0.0,1.0
3,35,2.915017333967612,10.38469371921996,0.0,1.0,0.0,1.0,0.0,0.0
4,35,3.268395157445141,11.030958002096176,0.0,0.0,0.0,0.0,0.0,0.0
5,35,4.951225678903687,8.981829362570902,1.0,0.0,1.0,1.0,0.0,1.0
6,35,10.226765309109588,12.0,0.0,0.0,0.0,0.0,1.0,1.0
7,35,12.0,0.7767748137422399,0.0,1.0,0.0,0.0,0.0,0.0
8,35,11.428808380863035,5.7150480544480775,0.0,1.0,1.0,0.0,0.0,1.0
9,35,7.211786947080034,5.275238467045525,1.0,0.0,0.0,0.0,1.0,0.0
10,35,0.0,4.741721450148303,1.0,0.0,1.0,0.0,0.0,0.0
11,35,5.539865275118024,0.6646483714215509,0.0,0.0,1.0,0.0,1.0,1.0
12,35,10.475095298092478,2.6209349551279217,1.0,0.0,0.0,1.0,0.0,0.0
13,35,2.658470704939237,12.0,0.0,0.0,0.0,0.0,1.0,0.0
14,35,2.108418728470365,2.662635965839134,0.0,0.0,0.0,0.0,0.0,0.0
15,35,0.9634457835655214,12.0,0.0,1.0,0.0,1.0,0.0,0.0
16,35,6.442783269365957,11.437215198835103,0.0,0.0,1.0,0.0,0.0,1.0
17,35,5.382353782574397,4.660855311144182,0.0,0.0,1.0,0.0,0.0,1.0
18,35,5.21368013351763,9.460698466319188,1.0,1.0,0.0,0.0,1.0,0.0
19,35,10.206622678802123,7.428456674209596,0.0,0.0,0.0,0.0,1.0,0.0
0,40,6.6417808044676425,3.5353464415596894,0.0,1.0,1.0,1.0,1.0,0.0
1,40,10.525847229597698,6.974280220239768,1.0,0.0,0.0,0.0,0.0,1.0
2,40,11.837784908981916,11.914284424485064,1.0,0.0,0.0,0.0,0.0,1.0
3,40,2.898089596751842,10.453259848695096,0.0,1.0,0.0,1.0,0.0,0.0
4,40,3.295006489248621,10.992218487920129,0.0,0.0,0.0,0.0,0.0,0.0
5,40,4.89626339324733,8.960885009223269,1.0,0.0,1.0,1.0,0.0,1.0
6,40,10.25841413103343,12.0,0.0,0.0,0.0,0.0,1.0,1.0
7,40,12.0,0.6979319743332342,0.0,1.0,0.0,0.0,0.0,0.0
8,40,11.492323128897016,5.675854668514912,0.0,1.0,1.0,0.0,0.0,1.0
9,40,7.243329997886115,5.174846736684646,1.0,0.0,0.0,0.0,1.0,0.0
10,40,0.0,4.688676899657842,1.0,0.0,1.0,0.0,0.0,0.0
11,40,5.596073675150325,0.7332177027959509,0.0,0.0,1.0,0.0,1.0,1.0
12,40,10.415524616373036,2.574731342142262,1.0,0.0,0.0,1.0,0.0,0.0
13,40,2.7709174725968806,12.0,0.0,0.0,0.0,0.0,1.0,0.0
14,40,2.1176905269143624,2.7245768047346477,0.0,0.0,0.0,0.0,0.0,0.0
15,40,0.95851790198572,12.0,0.0,1.0,0.0,1.0,0.0,0.0
16,40,6.48507869661693,11.47656664706994,0.0,0.0,1.0,0.0,0.0,1.0
17,40,5.413177821609706,4.632889115009664,0.0,0.0,1.0,0.0,0.0,1.0
18,40,5.258723582301006,9.373425096693095,1.0,1.0,0.0,0.0,1.0,0.0
19,40,10.2314864665679,7.372193576679455,0.0,0.0,0.0,0.0,1.0,0.0
0,45,6.737734728168905,3.629345352598393,0.0,1.0,1.0,1.0,1.0,0.0
1,45,10.552899429883128,6.973117950343634,1.0,0.0,0.0,0.0,0.0,1.0
2,45,11.826429563650374,11.907823004768542,1.0,0.0,0.0,0.0,0.0,1.0
3,45,2.881959135129986,10.526425769386064,0.0,1.0,0.0,1.0,0.0,0.0
4,45,3.310303581564013,10.96973658762968,0.0,0.0,0.0,0.0,0.0,0.0
5,45,4.835902757354722,8.941458303543296,1.0,0.0,1.0,1.0,0.0,1.0
6,45,10.28307549528245,12.0,0.0,0.0,0.0,0.0,1.0,1.0
7,45,12.0,0.6374894829282916,0.0,1.0,0.0,0.0,0.0,0.0
8,45,11.54445512319936,5.644314850957226,0.0,1.0,1.0,0.0,0.0,1.0
9,45,7.359121502246683,5.2090415365577805,1.0,0.0,0.0,0.0,1.0,0.0
10,45,0.0,4.626517103187244,1.0,0.0,1.0,0.0,0.0,0.0
11,45,5.64354066510999,0.7943317918426167,0.0,0.0,1.0,0.0,1.0,1.0
12,45,10.338564566181203,2.5144660125130227,1.0,0.0,0.0,1.0,0.0,0.0
13,45,2.9068212734152787,12.0,0.0,0.0,0.0,0.0,1.0,0.0
14,45,2.127520519587482,2.7998999853500965,0.0,0.0,0.0,0.0,0.0,0.0
15,45,0.9519545608075116,12.0,0.0,1.0,0.0,1.0,0.0,0.0
16,45,6.528559071055458,11.51723877360815,0.0,0.0,1.0,0.0,0.0,1.0
17,45,5.435271229478258,4.612338948306524,0.0,0.0,1.0,0.0,0.0,1.0
18,45,5.295690997350352,9.300629747341905,1.0,1.0,0.0,0.0,1.0,0.0
19,45,10.25221742046002,7.325262544505985,0.0,0.0,0.0,0.0,1.0,0.0
0,50,6.835627310696465,3.724243242252242,0.0,1.0,1.0,1.0,1.0,0.0
1,50,10.548312523916442,6.973357506327456,1.0,0.0,0.0,0.0,0.0,1.0
2,50,11.831268421212847,11.910471819072564,1.0,0.0,0.0,0.0,0.0,1.0
3,50,2.8657564842959564,10.601188520202127,0.0,1.0,0.0,1.0,0.0,0.0
4,50,3.3169293921228125,10.959943381263068,0.0,0.0,0.0,0.0,0.0,0.0
5,50,4.764827497110974,8.920296732807317,1.0,0.0,1.0,1.0,0.0,1.0
6,50,10.306674151225993,12.0,0.0,0.0,0.0,0.0,1.0,1.0
7,50,12.0,0.5554204105764373,0.0,1.0,0.0,0.0,0.0,0.0
8,50,11.603905592643622,5.607268667512661,0.0,1.0,1.0,0.0,0.0,1.0
9,50,7.48322340804447,5.2442829182511295,1.0,0.0,0.0,0.0,1.0,0.0
10,50,0.0,4.560257983130225,1.0,0.0,1.0,0.0,0.0,0.0
11,50,5.687508153134029,0.8506782497859164,0.0,0.0,1.0,0.0,1.0,1.0
12,50,10.256897029204564,2.4494073810134065,1.0,0.0,0.0,1.0,0.0,0.0
13,50,3.0481297798930043,12.0,0.0,0.0,0.0,0.0,1.0,0.0
14,50,2.1369198477366425,2.8859237057830454,0.0,0.0,0.0,0.0,0.0,0.0
15,50,0.942375472292451,12.0,0.0,1.0,0.0,1.0,0.0,0.0
16,50,6.578927696546926,11.567043468565458,0.0,0.0,1.0,0.0,0.0,1.0
17,50,5.462199230813269,4.587051125841437,0.0,0.0,1.0,0.0,0.0,1.0
18,50,5.347413863377889,9.199959348575476,1.0,1.0,0.0,0.0,1.0,0.0
19,50,10.271179996236048,7.27911334430361,0.0,0.0,0.0,0.0,1.0,0.0
0,55,6.935790892490415,3.825639864272281,0.0,1.0,1.0,1.0,1.0,0.0
1,55,10.519831773899622,6.974940660326795,1.0,0.0,0.0,0.0,0.0,1.0
2,55,11.838663231165198,11.914624387605594,1.0,0.0,0.0,0.0,0.0,1.0
3,55,2.856121336141868,10.646676187473156,0.0,1.0,0.0,1.0,0.0,0.0
4,55,3.321710088370285,10.952843635202388,0.0,0.0,0.0,0.0,0.0,0.0
5,55,4.686887387512586,8.897057774762963,1.0,0.0,1.0,1.0,0.0,1.0
6,55,10.334989981133155,12.0,0.0,0.0,0.0,0.0,1.0,1.0
7,55,12.0,0.4840332800935409,0.0,1.0,0.0,0.0,0.0,0.0
8,55,11.663106129246836,5.571875466326765,0.0,1.0,1.0,0.0,0.0,1.0
9,55,7.6348856256057855,5.290067618341062,1.0,0.0,0.0,0.0,1.0,0.0
10,55,0.0,4.493225707172405,1.0,0.0,1.0,0.0,0.0,0.0
11,55,5.739419274609273,0.9199280629561292,0.0,0.0,1.0,0.0,1.0,1.0
12,55,10.189471436916136,2.3967892798359345,1.0,0.0,0.0,1.0,0.0,0.0
13,55,3.18937571453535,12.0,0.0,0.0,0.0,0.0,1.0,0.0
14,55,2.248719352286969,2.8730613043048487,0.0,0.0,0.0,0.0,0.0,0.0
15,55,0.9334341439277144,12.0,0.0,1.0,0.0,1.0,0.0,0.0
16,55,6.621971662011208,11.610744372399187,0.0,0.0,1.0,0.0,0.0,1.0
17,55,5.475166221111019,4.575052459876371,0.0,0.0,1.0,0.0,0.0,1.0
18,55,5.407617723349683,9.08785680569083,1.0,1.0,0.0,0.0,1.0,0.0
19,55,10.28569251204772,7.24651329157327,0.0,0.0,0.0,0.0,1.0,0.0
0,60,7.04461143442461,3.929173508340453,0.0,1.0,1.0,1.0,1.0,0.0
1,60,10.48182477742242,6.976755503538802,1.0,0.0,0.0,0.0,0.0,1.0
2,60,11.850218858462226,11.921210795956553,1.0,0.0,0.0,0.0,0.0,1.0
3,60,2.849212549750498,10.678257228365542,0.0,1.0,0.0,1.0,0.0,0.0
4,60,3.3228632675393643,10.951120702834736,0.0,0.0,0.0,0.0,0.0,0.0
5,60,4.6046203981080165,8.871267461118261,1.0,0.0,1.0,1.0,0.0,1.0
6,60,10.37410669732217,12.0,0.0,0.0,0.0,0.0,1.0,1.0
7,60,12.0,0.4228254483940015,0.0,1.0,0.0,0.0,0.0,0.0
8,60,11.71732127023101,5.538735161246255,0.0,1.0,1.0,0.0,0.0,1.0
9,60,7.789994233620995,5.338071053362789,1.0,0.0,0.0,0.0,1.0,0.0
10,60,0.0,4.4231933879316845,1.0,0.0,1.0,0.0,0.0,0.0
11,60,5.808308127170839,1.0078801090469778,0.0,0.0,1.0,0.0,1.0,1.0
12,60,10.141578207756602,2.4600740379873,1.0,0.0,0.0,1.0,0.0,0.0
13,60,3.334576367593719,12.0,0.0,0.0,0.0,0.0,1.0,0.0
14,60,2.370538875218541,2.8567777060270334,0.0,0.0,0.0,0.0,0.0,0.0
15,60,0.925910814951234,12.0,0.0,1.0,0.0,1.0,0.0,0.0
16,60,6.660082620290117,11.648733445435164,0.0,0.0,1.0,0.0,0.0,1.0
17,60,5.485745363997548,4.565382817083352,0.0,0.0,1.0,0.0,0.0,1.0
18,60,5.47027950570977,8.971253025959411,1.0,1.0,0.0,0.0,1.0,0.0
19,60,10.305745044866164,7.199972420205138,0.0,0.0,0.0,0.0,1.0,0.0
0,65,7.165032501985936,4.042647203121222,0.0,1.0,1.0,1.0,1.0,0.0
1,65,10.447809634774952,6.977863992547599,1.0,0.0,0.0,0.0,0.0,1.0
2,65,11.857711625742112,11.925617134597328,1.0,0.0,0.0,0.0,0.0,1.0
3,65,2.842677000180618,10.706991454560203,0.0,1.0,0.0,1.0,0.0,0.0
4,65,3.3237554577546957,10.94970992724488,0.0,0.0,0.0,0.0,0.0,0.0
5,65,4.527581365244285,8.84728770507751,1.0,0.0,1.0,1.0,0.0,1.0
6,65,10.40833113279002,12.0,0.0,0.0,0.0,0.0,1.0,1.0
7,65,12.0,0.3480866635050425,0.0,1.0,0.0,0.0,0.0,0.0
8,65,11.76329663280951,5.5096477301047,0.0,1.0,1.0,0.0,0.0,1.0
9,65,7.943141663616243,5.385004237583573,1.0,0.0,0.0,0.0,1.0,0.0
10,65,0.0,4.341171325343654,1.0,0.0,1.0,0.0,0.0,0.0
11,65,5.870243673581444,1.0905929180601823,0.0,0.0,1.0,0.0,1.0,1.0
12,65,10.082244065489752,2.5299857575540954,1.0,0.0,0.0,1.0,0.0,0.0
13,65,3.5037029164561364,12.0,0.0,0.0,0.0,0.0,1.0,0.0
14,65,2.502057292881702,2.839125841444131,0.0,0.0,0.0,0.0,0.0,0.0
15,65,0.916374240006521,12.0,0.0,1.0,0.0,1.0,0.0,0.0
16,65,6.698038386483299,11.684033435110058,0.0,0.0,1.0,0.0,0.0,1.0
17,65,5.484029820922574,4.566913857008002,0.0,0.0,1.0,0.0,0.0,1.0
18,65,5.53290121721848,8.853139555007571,1.0,1.0,0.0,0.0,1.0,0.0
19,65,10.318474868382545,7.169529138953347,0.0,0.0,0.0,0.0,1.0,0.0
0,70,7.273200291490439,4.141645697666752,0.0,1.0,1.0,1.0,1.0,0.0
1,70,10.402671639426975,6.978847036425399,1.0,0.0,0.0,0.0,0.0,1.0
2,70,11.877121656432177,11.936394868897889,1.0,0.0,0.0,0.0,0.0,1.0
3,70,2.8366365658163297,10.73323645354506,0.0,1.0,0.0,1.0,0.0,0.0
4,70,3.3247447048215792,10.948136917060712,0.0,0.0,0.0,0.0,0.0,0.0
5,70,4.447763107843927,8.824618782751347,1.0,0.0,1.0,1.0,0.0,1.0
6,70,10.436094722960386,12.0,0.0,0.0,0.0,0.0,1.0,1.0
7,70,12.0,0.26335685227438,0.0,1.0,0.0,0.0,0.0,0.0
8,70,11.80029083616196,5.486777392734484,0.0,1.0,1.0,0.0,0.0,1.0
9,70,8.101225718370289,5.438400428400615,1.0,0.0,0.0,0.0,1.0,0.0
10,70,0.0,4.250571353184749,1.0,0.0,1.0,0.0,0.0,0.0
11,70,5.923908247692496,1.1629367986377237,0.0,0.0,1.0,0.0,1.0,1.0
12,70,10.03046230728678,2.588692877707872,1.0,0.0,0.0,1.0,0.0,0.0
13,70,3.678367408313338,12.0,0.0,0.0,0.0,0.0,1.0,0.0
14,70,2.656090735049886,2.8174245771841475,0.0,0.0,0.0,0.0,0.0,0.0
15,70,0.9079147321906368,12.0,0.0,1.0,0.0,1.0,0.0,0.0
16,70,6.745709543298657,11.7287764272955,0.0,0.0,1.0,0.0,0.0,1.0
17,70,5.470511883070978,4.552002287811468,0.0,0.0,1.0,0.0,0.0,1.0
18,70,5.586216536516773,8.750333949917314,1.0,1.0,0.0,0.0,1.0,0.0
19,70,10.31913010982316,7.168094844667412,0.0,0.0,0.0,0.0,1.0,0.0
0,75,7.371443527373276,4.234328960268801,0.0,1.0,1.0,1.0,1.0,0.0
1,75,10.345679201442028,6.980281680759448,1.0,0.0,0.0,0.0,0.0,1.0
2,75,11.871147307420872,11.932957582762157,1.0,0.0,0.0,0.0,0.0,1.0
3,75,2.8302416129746293,10.758641231183187,0.0,1.0,0.0,1.0,0.0,0.0
4,75,3.321057384551958,10.953583811055877,0.0,0.0,0.0,0.0,0.0,0.0
5,75,4.3733747969753125,8.802001937689537,1.0,0.0,1.0,1.0,0.0,1.0
6,75,10.463769349545364,12.0,0.0,0.0,0.0,0.0,1.0,1.0
7,75,12.0,0.1661734640053759,0.0,1.0,0.0,0.0,0.0,0.0
8,75,11.83228783671706,5.466563920205115,0.0,1.0,1.0,0.0,0.0,1.0
9,75,8.27088593522698,5.491668393983877,1.0,0.0,0.0,0.0,1.0,0.0
10,75,0.0,4.150211482517078,1.0,0.0,1.0,0.0,0.0,0.0
11,75,5.985043582936831,1.250819863192928,0.0,0.0,1.0,0.0,1.0,1.0
12,75,9.97417584905986,2.6533053413743968,1.0,0.0,0.0,1.0,0.0,0.0
13,75,3.860198660334602,12.0,0.0,0.0,0.0,0.0,1.0,0.0
14,75,2.825399987081094,2.7915396171806828,0.0,0.0,0.0,0.0,0.0,0.0
15,75,0.8994320135802021,12.0,0.0,1.0,0.0,1.0,0.0,0.0
16,75,6.800836938718518,11.785174971617856,0.0,0.0,1.0,0.0,0.0,1.0
17,75,5.463864749383868,4.544981023087407,0.0,0.0,1.0,0.0,0.0,1.0
18,75,5.635660074104067,8.65377393698703,1.0,1.0,0.0,0.0,1.0,0.0
19,75,10.318012712192075,7.170333402290273,0.0,0.0,0.0,0.0,1.0,0.0
0,80,7.474646496586232,4.329417727726204,0.0,1.0,1.0,1.0,1.0,0.0
1,80,10.30689605038565,6.981048088255104,1.0,0.0,0.0,0.0,0.0,1.0
2,80,11.856284901826848,11.924744711706149,1.0,0.0,0.0,0.0,0.0,1.0
3,80,2.8250759570310917,10.781219482318264,0.0,1.0,0.0,1.0,0.0,0.0
4,80,3.329095147825026,10.942189026160325,0.0,0.0,0.0,0.0,0.0,0.0
5,80,4.309829124083503,8.784559678990853,1.0,0.0,1.0,1.0,0.0,1.0
6,80,10.486050387373504,12.0,0.0,0.0,0.0,0.0,1.0,1.0
7,80,12.0,0.0656582830213491,0.0,1.0,0.0,0.0,0.0,0.0
8,80,11.889485665423315,5.430216583224287,0.0,1.0,1.0,0.0,0.0,1.0
9,80,8.438682041894785,5.543436592670258,1.0,0.0,0.0,0.0,1.0,0.0
10,80,0.0,4.057827894515685,1.0,0.0,1.0,0.0,0.0,0.0
11,80,6.043422897088142,1.330187838095636,0.0,0.0,1.0,0.0,1.0,1.0
12,80,9.910355767095371,2.731041283373284,1.0,0.0,0.0,1.0,0.0,0.0
13,80,4.044425035148486,12.0,0.0,0.0,0.0,0.0,1.0,0.0
14,80,2.980091805659578,2.768959628169669,0.0,0.0,0.0,0.0,0.0,0.0
15,80,0.8901006402458008,12.0,0.0,1.0,0.0,1.0,0.0,0.0
16,80,6.863538168672818,11.849046772013876,0.0,0.0,1.0,0.0,0.0,1.0
17,80,5.45343252674452,4.534157824362198,0.0,0.0,1.0,0.0,0.0,1.0
18,80,5.6878588054470605,8.55306411490486,1.0,1.0,0.0,0.0,1.0,0.0
19,80,10.306190400590475,7.164366593107012,0.0,0.0,0.0,0.0,1.0,0.0
0,85,7.555560133495193,4.405450411911816,0.0,1.0,1.0,1.0,1.0,0.0
1,85,10.259540302105473,6.983316262479232,1.0,0.0,0.0,0.0,0.0,1.0
2,85,11.840262747590458,11.915691421671204,1.0,0.0,0.0,0.0,0.0,1.0
3,85,2.8204748854769184,10.803991943220602,0.0,1.0,0.0,1.0,0.0,0.0
4,85,3.3391389222706183,10.926993900097518,0.0,0.0,0.0,0.0,0.0,0.0
5,85,4.24471459139132,8.76816349237408,1.0,0.0,1.0,1.0,0.0,1.0
6,85,10.50432737153005,12.0,0.0,0.0,0.0,0.0,1.0,1.0
7,85,12.0,0.0,0.0,1.0,0.0,0.0,0.0,0.0
8,85,11.947965407773138,5.394744095935762,0.0,1.0,1.0,0.0,0.0,1.0
9,85,8.614226921463649,5.599785733516841,1.0,0.0,0.0,0.0,1.0,0.0
10,85,0.0,3.9569936888157824,1.0,0.0,1.0,0.0,0.0,0.0
11,85,6.095562353481852,1.402427044274758,0.0,0.0,1.0,0.0,1.0,1.0
12,85,9.851994006303588,2.80817973907432,1.0,0.0,0.0,1.0,0.0,0.0
13,85,4.24806650267131,12.0,0.0,0.0,0.0,0.0,1.0,0.0
14,85,3.1435514005169125,2.7387277473083995,0.0,0.0,0.0,0.0,0.0,0.0
15,85,0.8763535823924582,12.0,0.0,1.0,0.0,1.0,0.0,0.0
16,85,6.918268672738231,11.90495336435368,0.0,0.0,1.0,0.0,0.0,1.0
17,85,5.437951955455926,4.518712320806113,0.0,0.0,1.0,0.0,0.0,1.0
18,85,5.755271091008674,8.41863414576291,1.0,1.0,0.0,0.0,1.0,0.0
19,85,10.295040204170748,7.158301303536972,0.0,0.0,0.0,0.0,1.0,0.0
0,90,7.643096042393394,4.484636597666099,0.0,1.0,1.0,1.0,1.0,0.0
1,90,10.211098187300427,6.983986469255193,1.0,0.0,0.0,0.0,0.0,1.0
2,90,11.820953437462087,11.905188532294195,1.0,0.0,0.0,0.0,0.0,1.0
3,90,2.8167661665088093,10.82053811501916,0.0,1.0,0.0,1.0,0.0,0.0
4,90,3.346549069619343,10.915860982498996,0.0,0.0,0.0,0.0,0.0,0.0
5,90,4.185609251286464,8.752742411297262,1.0,0.0,1.0,1.0,0.0,1.0
6,90,10.520140254579308,12.0,0.0,0.0,0.0,0.0,1.0,1.0
7,90,12.0,0.0,0.0,1.0,0.0,0.0,0.0,0.0
8,90,12.0,5.361575453696376,0.0,1.0,1.0,0.0,0.0,1.0
9,90,8.771721024825247,5.651977944386868,1.0,0.0,0.0,0.0,1.0,0.0
10,90,0.0,3.861991816998642,1.0,0.0,1.0,0.0,0.0,0.0
11,90,6.136187647098513,1.4565707398023549,0.0,0.0,1.0,0.0,1.0,1.0
12,90,9.795521612591909,2.882516254722868,1.0,0.0,0.0,1.0,0.0,0.0
13,90,4.43983467165208,12.0,0.0,0.0,0.0,0.0,1.0,0.0
14,90,3.292431822712782,2.712245192009229,0.0,0.0,0.0,0.0,0.0,0.0
15,90,0.8600395855043532,12.0,0.0,1.0,0.0,1.0,0.0,0.0
16,90,6.967319354584991,11.95313343873448,0.0,0.0,1.0,0.0,0.0,1.0
17,90,5.416852168653876,4.4985954751247785,0.0,0.0,1.0,0.0,0.0,1.0
18,90,5.825311267001812,8.2795161687004,1.0,1.0,0.0,0.0,1.0,0.0
19,90,10.276452399367498,7.148236875755848,0.0,0.0,0.0,0.0,1.0,0.0
0,95,7.726840093901785,4.56146326797618,0.0,1.0,1.0,1.0,1.0,0.0
1,95,10.148043384302673,6.9849677170871205,1.0,0.0,0.0,0.0,0.0,1.0
2,95,11.792928355567136,11.890220651447722,1.0,0.0,0.0,0.0,0.0,1.0
3,95,2.8105297401865146,10.846969479714096,0.0,1.0,0.0,1.0,0.0,0.0
4,95,3.35756764150266,10.898882573920552,0.0,0.0,0.0,0.0,0.0,0.0
5,95,4.141491992865537,8.742073587701707,1.0,0.0,1.0,1.0,0.0,1.0
6,95,10.527856734340132,12.0,0.0,0.0,0.0,0.0,1.0,1.0
7,95,12.0,0.0,0.0,1.0,0.0,0.0,0.0,0.0
8,95,12.0,5.326486198340692,0.0,1.0,1.0,0.0,0.0,1.0
9,95,8.936978358169707,5.697216394336721,1.0,0.0,0.0,0.0,1.0,0.0
10,95,0.0,3.775266950300522,1.0,0.0,1.0,0.0,0.0,0.0
11,95,6.169934133561945,1.5011821095135596,0.0,0.0,1.0,0.0,1.0,1.0
12,95,9.733286126629377,2.9640822224107177,1.0,0.0,0.0,1.0,0.0,0.0
13,95,4.613797481793196,12.0,0.0,0.0,0.0,0.0,1.0,0.0
14,95,3.431929090398221,2.690279404593964,0.0,0.0,0.0,0.0,0.0,0.0
15,95,0.8440349406320602,12.0,0.0,1.0,0.0,1.0,0.0,0.0
16,95,7.012318517890374,11.99479375286564,0.0,0.0,1.0,0.0,0.0,1.0
17,95,5.39686935602312,4.480072174599339,0.0,0.0,1.0,0.0,0.0,1.0
18,95,5.9023023701617525,8.13873876547657,1.0,1.0,0.0,0.0,1.0,0.0
19,95,10.271066749451116,7.145297889051196,0.0,0.0,0.0,0.0,1.0,0.0
0,100,7.808821747970572,4.64016727190698,0.0,1.0,1.0,1.0,1.0,0.0
1,100,10.08737424275918,6.986404927397397,1.0,0.0,0.0,0.0,0.0,1.0
2,100,11.759738491156806,11.872372669619052,1.0,0.0,0.0,0.0,0.0,1.0
3,100,2.8035813839625288,10.875107901807398,0.0,1.0,0.0,1.0,0.0,0.0
4,100,3.3604588771648287,10.894389918079868,0.0,0.0,0.0,0.0,0.0,0.0
5,100,4.106122928586825,8.733590197349075,1.0,0.0,1.0,1.0,0.0,1.0
6,100,10.532645529698202,12.0,0.0,0.0,0.0,0.0,1.0,1.0
7,100,12.0,0.0,0.0,1.0,0.0,0.0,0.0,0.0
8,100,12.0,5.2916785403675,0.0,1.0,1.0,0.0,0.0,1.0
9,100,9.104327716335504,5.748027775627338,1.0,0.0,0.0,0.0,1.0,0.0
10,100,0.0,3.698922033699642,1.0,0.0,1.0,0.0,0.0,0.0
11,100,6.208164505150238,1.549665573506238,0.0,0.0,1.0,0.0,1.0,1.0
12,100,9.673813515464872,3.039773323000238,1.0,0.0,0.0,1.0,0.0,0.0
13,100,4.79255274271611,12.0,0.0,0.0,0.0,0.0,1.0,0.0
14,100,3.5647039496016704,2.666899943121338,0.0,0.0,0.0,0.0,0.0,0.0
15,100,0.8296052315314217,12.0,0.0,1.0,0.0,1.0,0.0,0.0
16,100,7.073759481727731,12.0,0.0,0.0,1.0,0.0,0.0,1.0
17,100,5.385693953020262,4.469873032468378,0.0,0.0,1.0,0.0,0.0,1.0
18,100,5.973223980576171,8.007683488587906,1.0,1.0,0.0,0.0,1.0,0.0
19,100,10.274956692516795,7.147693888296293,0.0,0.0,0.0,0.0,1.0,0.0
0,105,7.880036244546767,4.712558741838651,0.0,1.0,1.0,1.0,1.0,0.0
1,105,10.01491545303833,6.987963685190244,1.0,0.0,0.0,0.0,0.0,1.0
2,105,11.72610034440562,11.854913614688998,1.0,0.0,0.0,0.0,0.0,1.0
3,105,2.794733486291393,10.911940702790549,0.0,1.0,0.0,1.0,0.0,0.0
4,105,3.3764788950670552,10.870769245459062,0.0,0.0,0.0,0.0,0.0,0.0
5,105,4.069377100354585,8.724770100894283,1.0,0.0,1.0,1.0,0.0,1.0
6,105,10.541105281404311,12.0,0.0,0.0,0.0,0.0,1.0,1.0
7,105,12.0,0.0,0.0,1.0,0.0,0.0,0.0,0.0
8,105,12.0,5.260730972375916,0.0,1.0,1.0,0.0,0.0,1.0
9,105,9.289926703789408,5.8031863344813095,1.0,0.0,0.0,0.0,1.0,0.0
10,105,0.0,3.629189598693641,1.0,0.0,1.0,0.0,0.0,0.0
11,105,6.260131588008036,1.6167909022381557,0.0,0.0,1.0,0.0,1.0,1.0
12,105,9.623955403604466,3.106091828076852,1.0,0.0,0.0,1.0,0.0,0.0
13,105,5.009490646060325,12.0,0.0,0.0,0.0,0.0,1.0,0.0
14,105,3.692452569940857,2.644372672644748,0.0,0.0,0.0,0.0,0.0,0.0
15,105,0.8112757834982498,12.0,0.0,1.0,0.0,1.0,0.0,0.0
16,105,7.126464614529387,12.0,0.0,0.0,1.0,0.0,0.0,1.0
17,105,5.373566659577198,4.459459176437676,0.0,0.0,1.0,0.0,0.0,1.0
18,105,6.050290720184695,7.870428671216525,1.0,1.0,0.0,0.0,1.0,0.0
19,105,10.294955598782304,7.160534048643835,0.0,0.0,0.0,0.0,1.0,0.0
0,110,7.950459112570384,4.78830405299371,0.0,1.0,1.0,1.0,1.0,0.0
1,110,9.94789896252558,6.989135355310465,1.0,0.0,0.0,0.0,0.0,1.0
2,110,11.678557587214394,11.829938729828887,1.0,0.0,0.0,0.0,0.0,1.0
3,110,2.7890256045161728,10.935224473237575,0.0,1.0,0.0,1.0,0.0,0.0
4,110,3.392148875506079,10.848419333615444,0.0,0.0,0.0,0.0,0.0,0.0
5,110,4.044229272579433,8.719365511069471,1.0,0.0,1.0,1.0,0.0,1.0
6,110,10.555496426170937,12.0,0.0,0.0,0.0,0.0,1.0,1.0
7,110,12.0,0.0,0.0,1.0,0.0,0.0,0.0,0.0
8,110,12.0,5.232266123412779,0.0,1.0,1.0,0.0,0.0,1.0
9,110,9.475487354289866,5.861276219693684,1.0,0.0,0.0,0.0,1.0,0.0
10,110,0.0,3.549296683901489,1.0,0.0,1.0,0.0,0.0,0.0
11,110,6.312920028874664,1.6838006727633834,0.0,0.0,1.0,0.0,1.0,1.0
12,110,9.573452530094611,3.1713285806856164,1.0,0.0,0.0,1.0,0.0,0.0
13,110,5.243930469926189,12.0,0.0,0.0,0.0,0.0,1.0,0.0
14,110,3.814771339213103,2.621986753338288,0.0,0.0,0.0,0.0,0.0,0.0
15,110,0.7880854426068392,12.0,0.0,1.0,0.0,1.0,0.0,0.0
16,110,7.178343738884298,12.0,0.0,0.0,1.0,0.0,0.0,1.0
17,110,5.3616408650932375,4.448530763482669,0.0,0.0,1.0,0.0,0.0,1.0
18,110,6.130063567733047,7.732258913795043,1.0,1.0,0.0,0.0,1.0,0.0
19,110,10.319756379372992,7.176747973002695,0.0,0.0,0.0,0.0,1.0,0.0
0,115,8.022489817673664,4.863491306538759,0.0,1.0,1.0,1.0,1.0,0.0
1,115,9.874208427164683,6.993483398650692,1.0,0.0,0.0,0.0,0.0,1.0
2,115,11.614346164748635,11.797086239943466,1.0,0.0,0.0,0.0,0.0,1.0
3,115,2.7804738364610366,10.970955384122265,0.0,1.0,0.0,1.0,0.0,0.0
4,115,3.3985830337580283,10.839368151771694,0.0,0.0,0.0,0.0,0.0,0.0
5,115,3.97703151804968,8.705982283030501,1.0,0.0,1.0,1.0,0.0,1.0
6,115,10.575551464701862,12.0,0.0,0.0,0.0,0.0,1.0,1.0
7,115,12.0,0.0,0.0,1.0,0.0,0.0,0.0,0.0
8,115,12.0,5.20304097224452,0.0,1.0,1.0,0.0,0.0,1.0
9,115,9.671964188328667,5.922045653028396,1.0,0.0,0.0,0.0,1.0,0.0
10,115,0.0,3.470517822418511,1.0,0.0,1.0,0.0,0.0,0.0
11,115,6.3713989164307305,1.761547404333524,0.0,0.0,1.0,0.0,1.0,1.0
12,115,9.528343233067652,3.2292394494338703,1.0,0.0,0.0,1.0,0.0,0.0
13,115,5.489263987025663,12.0,0.0,0.0,0.0,0.0,1.0,0.0
14,115,3.935207138159872,2.59948728488677,0.0,0.0,0.0,0.0,0.0,0.0
15,115,0.7655485529331391,12.0,0.0,1.0,0.0,1.0,0.0,0.0
16,115,7.252572697224193,12.0,0.0,0.0,1.0,0.0,0.0,1.0
17,115,5.341883075393975,4.429683970142265,0.0,0.0,1.0,0.0,0.0,1.0
18,115,6.206551504807789,7.592279507894319,1.0,1.0,0.0,0.0,1.0,0.0
19,115,10.35324499970439,7.19902091003371,0.0,0.0,0.0,0.0,1.0,0.0
0,120,8.087831981207337,4.933337319870179,0.0,1.0,1.0,1.0,1.0,0.0
1,120,9.80294911200303,6.999215953967585,1.0,0.0,0.0,0.0,0.0,1.0
2,120,11.544850413092185,11.76035897167747,1.0,0.0,0.0,0.0,0.0,1.0
3,120,2.777428592218777,10.983945597007228,0.0,1.0,0.0,1.0,0.0,0.0
4,120,3.4073414140429192,10.82733718414934,0.0,0.0,0.0,0.0,0.0,0.0
5,120,3.893010166810202,8.691515829727894,1.0,0.0,1.0,1.0,0.0,1.0
6,120,10.591804614469185,12.0,0.0,0.0,0.0,0.0,1.0,1.0
7,120,12.0,0.0,0.0,1.0,0.0,0.0,0.0,0.0
8,120,12.0,5.167218805082043,0.0,1.0,1.0,0.0,0.0,1.0
9,120,9.86725153667212,5.979312763522285,1.0,0.0,0.0,0.0,1.0,0.0
10,120,0.0,3.390747352709828,1.0,0.0,1.0,0.0,0.0,0.0
11,120,6.423521122434826,1.8319231864368064,0.0,0.0,1.0,0.0,1.0,1.0
12,120,9.484806925022186,3.285212140339758,1.0,0.0,0.0,1.0,0.0,0.0
13,120,5.714943056833366,12.0,0.0,0.0,0.0,0.0,1.0,0.0
14,120,4.059309977770035,2.576986276483732,0.0,0.0,0.0,0.0,0.0,0.0
15,120,0.7411493964841724,12.0,0.0,1.0,0.0,1.0,0.0,0.0
16,120,7.319612457707261,12.0,0.0,0.0,1.0,0.0,0.0,1.0
17,120,5.325027133085723,4.413535636841038,0.0,0.0,1.0,0.0,0.0,1.0
18,120,6.28472908001674,7.440704603404557,1.0,1.0,0.0,0.0,1.0,0.0
19,120,10.378863671273493,7.21534359697047,0.0,0.0,0.0,0.0,1.0,0.0
0,125,8.144110639688298,4.993023460552642,0.0,1.0,1.0,1.0,1.0,0.0
1,125,9.747587874886763,7.006144371015042,1.0,0.0,0.0,0.0,0.0,1.0
2,125,11.50232668666151,11.841383008096663,1.0,0.0,0.0,0.0,0.0,1.0
3,125,2.7812464462655933,10.968238163472463,0.0,1.0,0.0,1.0,0.0,0.0
4,125,3.4255166835268267,10.800268364801411,0.0,0.0,0.0,0.0,0.0,0.0
5,125,3.833441305920991,8.682324345156912,1.0,0.0,1.0,1.0,0.0,1.0
6,125,10.610244319294276,12.0,0.0,0.0,0.0,0.0,1.0,1.0
7,125,12.0,0.0,0.0,1.0,0.0,0.0,0.0,0.0
8,125,12.0,5.123719682321799,0.0,1.0,1.0,0.0,0.0,1.0
9,125,10.055446912970604,6.033644146697415,1.0,0.0,0.0,0.0,1.0,0.0
10,125,0.0,3.308297323816402,1.0,0.0,1.0,0.0,0.0,0.0
11,125,6.469783960226788,1.8951716767407656,0.0,0.0,1.0,0.0,1.0,1.0
12,125,9.443827985990858,3.336340103889288,1.0,0.0,0.0,1.0,0.0,0.0
13,125,5.949097472329935,12.0,0.0,0.0,0.0,0.0,1.0,0.0
14,125,4.190244212762102,2.555344364052875,0.0,0.0,0.0,0.0,0.0,0.0
15,125,0.7105911900464739,12.0,0.0,1.0,0.0,1.0,0.0,0.0
16,125,7.401569158610248,12.0,0.0,0.0,1.0,0.0,0.0,1.0
17,125,5.303247593728438,4.393554752368044,0.0,0.0,1.0,0.0,0.0,1.0
18,125,6.369546750762126,7.286896839713734,1.0,1.0,0.0,0.0,1.0,0.0
19,125,10.400479628891215,7.229465350689104,0.0,0.0,0.0,0.0,1.0,0.0
0,130,8.199144975241362,5.053293771924573,0.0,1.0,1.0,1.0,1.0,0.0
1,130,9.687109037217231,7.011830322275249,1.0,0.0,0.0,0.0,0.0,1.0
2,130,11.45879846695385,11.921634278690876,1.0,0.0,0.0,0.0,0.0,1.0
3,130,2.780461383745378,10.97142914839855,0.0,1.0,0.0,1.0,0.0,0.0
4,130,3.438797003878674,10.78120664129081,0.0,0.0,0.0,0.0,0.0,0.0
5,130,3.779789103755799,8.673819951255949,1.0,0.0,1.0,1.0,0.0,1.0
6,130,10.631571535821845,12.0,0.0,0.0,0.0,0.0,1.0,1.0
7,130,12.0,0.0,0.0,1.0,0.0,0.0,0.0,0.0
8,130,12.0,5.074666922404572,0.0,1.0,1.0,0.0,0.0,1.0
9,130,10.25929572809642,6.098910291300595,1.0,0.0,0.0,0.0,1.0,0.0
10,130,0.0,3.224374073458858,1.0,0.0,1.0,0.0,0.0,0.0
11,130,6.514841377945544,1.9555528494315797,0.0,0.0,1.0,0.0,1.0,1.0
12,130,9.389140666322282,3.406226606363365,1.0,0.0,0.0,1.0,0.0,0.0
13,130,6.166059283652008,12.0,0.0,0.0,0.0,0.0,1.0,0.0
14,130,4.3258396908594365,2.529084829805901,0.0,0.0,0.0,0.0,0.0,0.0
15,130,0.6829754422145222,12.0,0.0,1.0,0.0,1.0,0.0,0.0
16,130,7.479906406670603,12.0,0.0,0.0,1.0,0.0,0.0,1.0
17,130,5.285822364752391,4.37804627388916,0.0,0.0,1.0,0.0,0.0,1.0
18,130,6.452167923291266,7.145872711008063,1.0,1.0,0.0,0.0,1.0,0.0
19,130,10.42078401443759,7.242839744115951,0.0,0.0,0.0,0.0,1.0,0.0
0,135,8.260692450608659,5.122255778054098,0.0,1.0,1.0,1.0,1.0,0.0
1,135,9.628569112084223,7.019379395583036,1.0,0.0,0.0,0.0,0.0,1.0
2,135,11.417894458636708,12.0,1.0,0.0,0.0,0.0,0.0,1.0
3,135,2.780426157402887,10.971557134195487,0.0,1.0,0.0,1.0,0.0,0.0
4,135,3.4604912389607208,10.749828501419284,0.0,0.0,0.0,0.0,0.0,0.0
5,135,3.724408356135271,8.665239141167673,1.0,0.0,1.0,1.0,0.0,1.0
6,135,10.649985905342536,12.0,0.0,0.0,0.0,0.0,1.0,1.0
7,135,12.0,0.0,0.0,1.0,0.0,0.0,0.0,0.0
8,135,12.0,5.031193582900023,0.0,1.0,1.0,0.0,0.0,1.0
9,135,10.4535024424464,6.158036757796628,1.0,0.0,0.0,0.0,1.0,0.0
10,135,0.0,3.1337159567450605,1.0,0.0,1.0,0.0,0.0,0.0
11,135,6.551909836164154,2.005223270292768,0.0,0.0,1.0,0.0,1.0,1.0
12,135,9.321737202804954,3.491316600720828,1.0,0.0,0.0,1.0,0.0,0.0
13,135,6.402319376620133,12.0,0.0,0.0,0.0,0.0,1.0,0.0
14,135,4.481773240362412,2.4957413832064086,0.0,0.0,0.0,0.0,0.0,0.0
15,135,0.6583580944940808,12.0,0.0,1.0,0.0,1.0,0.0,0.0
16,135,7.564240404714102,12.0,0.0,0.0,1.0,0.0,0.0,1.0
17,135,5.279047907727622,4.371824269887738,0.0,0.0,1.0,0.0,0.0,1.0
18,135,6.534387350308286,7.007613221723248,1.0,1.0,0.0,0.0,1.0,0.0
19,135,10.448958921614135,7.262548942220779,0.0,0.0,0.0,0.0,1.0,0.0
0,140,8.323793586729039,5.190535523193395,0.0,1.0,1.0,1.0,1.0,0.0
1,140,9.54652198869541,7.028528297857845,1.0,0.0,0.0,0.0,0.0,1.0
2,140,11.378161831354271,12.0,1.0,0.0,0.0,0.0,0.0,1.0
3,140,2.776895581463101,10.985264641465667,0.0,1.0,0.0,1.0,0.0,0.0
4,140,3.474961886050889,10.729339692730628,0.0,0.0,0.0,0.0,0.0,0.0
5,140,3.701868252939004,8.66244197751308,1.0,0.0,1.0,1.0,0.0,1.0
6,140,10.668127208204352,12.0,0.0,0.0,0.0,0.0,1.0,1.0
7,140,12.0,0.0,0.0,1.0,0.0,0.0,0.0,0.0
8,140,12.0,4.984109574624099,0.0,1.0,1.0,0.0,0.0,1.0
9,140,10.663117615899957,6.222632919717629,1.0,0.0,0.0,0.0,1.0,0.0
10,140,0.0,3.05558815291041,1.0,0.0,1.0,0.0,0.0,0.0
11,140,6.573554471071599,2.033854675415594,0.0,0.0,1.0,0.0,1.0,1.0
12,140,9.266032709899548,3.561956094438834,1.0,0.0,0.0,1.0,0.0,0.0
13,140,6.647962652175171,12.0,0.0,0.0,0.0,0.0,1.0,0.0
14,140,4.654313994733646,2.4604732109351657,0.0,0.0,0.0,0.0,0.0,0.0
15,140,0.6346378405578694,12.0,0.0,1.0,0.0,1.0,0.0,0.0
16,140,7.647865487953429,12.0,0.0,0.0,1.0,0.0,0.0,1.0
17,140,5.283418657990136,4.375685167392819,0.0,0.0,1.0,0.0,0.0,1.0
18,140,6.61270137564301,6.871018099158581,1.0,1.0,0.0,0.0,1.0,0.0
19,140,10.485542125135126,7.287996879765565,0.0,0.0,0.0,0.0,1.0,0.0
0,145,8.39206133181014,5.269031231836258,0.0,1.0,1.0,1.0,1.0,0.0
1,145,9.465786492125526,7.036450405961923,1.0,0.0,0.0,0.0,0.0,1.0
2,145,11.32760267566746,12.0,1.0,0.0,0.0,0.0,0.0,1.0
3,145,2.775368358487828,10.99193114956016,0.0,1.0,0.0,1.0,0.0,0.0
4,145,3.4775280867764398,10.725675675850944,0.0,0.0,0.0,0.0,0.0,0.0
5,145,3.6614437489915166,8.65772631036677,1.0,0.0,1.0,1.0,0.0,1.0
6,145,10.690465402806108,12.0,0.0,0.0,0.0,0.0,1.0,1.0
7,145,12.0,0.0,0.0,1.0,0.0,0.0,0.0,0.0
8,145,12.0,4.938328730728179,0.0,1.0,1.0,0.0,0.0,1.0
9,145,10.870560326518705,6.279387667178183,1.0,0.0,0.0,0.0,1.0,0.0
10,145,0.0,2.968571198065942,1.0,0.0,1.0,0.0,0.0,0.0
11,145,6.613870964632373,2.085568776147911,0.0,0.0,1.0,0.0,1.0,1.0
12,145,9.210438826533302,3.633015279964744,1.0,0.0,0.0,1.0,0.0,0.0
13,145,6.90651285555695,12.0,0.0,0.0,0.0,0.0,1.0,0.0
14,145,4.812969737439404,2.4282185499256164,0.0,0.0,0.0,0.0,0.0,0.0
15,145,0.6155343285734829,12.0,0.0,1.0,0.0,1.0,0.0,0.0
16,145,7.722474326451129,12.0,0.0,0.0,1.0,0.0,0.0,1.0
17,145,5.285053850503836,4.377030352008213,0.0,0.0,1.0,0.0,0.0,1.0
18,145,6.692796608565993,6.732721520845548,1.0,1.0,0.0,0.0,1.0,0.0
19,145,10.521843416331716,7.313204693534062,0.0,0.0,0.0,0.0,1.0,0.0
0,150,8.440813718922309,5.324861895178854,0.0,1.0,1.0,1.0,1.0,0.0
1,150,9.383174690153592,7.044552108363442,1.0,0.0,0.0,0.0,0.0,1.0
2,150,11.277418800872285,12.0,1.0,0.0,0.0,0.0,0.0,1.0
3,150,2.770734834564745,11.010533512930984,0.0,1.0,0.0,1.0,0.0,0.0
4,150,3.481727486566948,10.719626397033275,0.0,0.0,0.0,0.0,0.0,0.0
5,150,3.616304639469211,8.652550893294858,1.0,0.0,1.0,1.0,0.0,1.0
6,150,10.716193221510215,12.0,0.0,0.0,0.0,0.0,1.0,1.0
7,150,12.0,0.0,0.0,1.0,0.0,0.0,0.0,0.0
8,150,12.0,4.891836793884553,0.0,1.0,1.0,0.0,0.0,1.0
9,150,11.10399737909546,6.345958207710311,1.0,0.0,0.0,0.0,1.0,0.0
10,150,0.0,2.8427500934366874,1.0,0.0,1.0,0.0,0.0,0.0
11,150,6.636575291549795,2.113686424105196,0.0,0.0,1.0,0.0,1.0,1.0
12,150,9.157433295561102,3.699974938852797,1.0,0.0,0.0,1.0,0.0,0.0
13,150,7.164665463279751,12.0,0.0,0.0,0.0,0.0,1.0,0.0
14,150,4.985021058860143,2.3923586722273598,0.0,0.0,0.0,0.0,0.0,0.0
15,150,0.5956094863434346,12.0,0.0,1.0,0.0,1.0,0.0,0.0
16,150,7.793130958167887,12.0,0.0,0.0,1.0,0.0,0.0,1.0
17,150,5.295145450473989,4.38489738353578,0.0,0.0,1.0,0.0,0.0,1.0
18,150,6.784261237081286,6.570331190774567,1.0,1.0,0.0,0.0,1.0,0.0
19,150,10.548661617610552,7.331782365024848,0.0,0.0,0.0,0.0,1.0,0.0
0,155,8.480024036303695,5.368908143650965,0.0,1.0,1.0,1.0,1.0,0.0
1,155,9.272875502834196,7.054531434186848,1.0,0.0,0.0,0.0,0.0,1.0
2,155,11.229877432222809,12.0,1.0,0.0,0.0,0.0,0.0,1.0
3,155,2.765814589996342,11.031979967434042,0.0,1.0,0.0,1.0,0.0,0.0
4,155,3.494155544980408,10.70192009826422,0.0,0.0,0.0,0.0,0.0,0.0
5,155,3.571365190263608,8.646336604976122,1.0,0.0,1.0,1.0,0.0,1.0
6,155,10.807457440543509,11.97419395238419,0.0,0.0,0.0,0.0,1.0,1.0
7,155,12.0,0.0,0.0,1.0,0.0,0.0,0.0,0.0
8,155,12.0,4.8503624168701975,0.0,1.0,1.0,0.0,0.0,1.0
9,155,11.355314627750104,6.417099814323659,1.0,0.0,0.0,0.0,1.0,0.0
10,155,0.0,2.7265162409397643,1.0,0.0,1.0,0.0,0.0,0.0
11,155,6.66685239042295,2.150200947993719,0.0,0.0,1.0,0.0,1.0,1.0
12,155,9.100565780396318,3.770543394461035,1.0,0.0,0.0,1.0,0.0,0.0
13,155,7.456548070444918,12.0,0.0,0.0,0.0,0.0,1.0,0.0
14,155,5.1298908604831,2.3625852690821083,0.0,0.0,0.0,0.0,0.0,0.0
15,155,0.5688462417869677,12.0,0.0,1.0,0.0,1.0,0.0,0.0
16,155,7.874947603581479,12.0,0.0,0.0,1.0,0.0,0.0,1.0
17,155,5.310914824446441,4.397084732665576,0.0,0.0,1.0,0.0,0.0,1.0
18,155,6.86258473947716,6.430156550723495,1.0,1.0,0.0,0.0,1.0,0.0
19,155,10.572090069116229,7.3483247882666225,0.0,0.0,0.0,0.0,1.0,0.0
0,160,8.521536859377772,5.41843989051194,0.0,1.0,1.0,1.0,1.0,0.0
1,160,9.1729301164687,7.065065838597827,1.0,0.0,0.0,0.0,0.0,1.0
2,160,11.184664810103818,12.0,1.0,0.0,0.0,0.0,0.0,1.0
3,160,2.7627459448909386,11.04485395560621,0.0,1.0,0.0,1.0,0.0,0.0
4,160,3.511010173874986,10.677857827902004,0.0,0.0,0.0,0.0,0.0,0.0
5,160,3.5516266458108543,8.643672041723475,1.0,0.0,1.0,1.0,0.0,1.0
6,160,10.881322990351546,11.954578577905696,0.0,0.0,0.0,0.0,1.0,1.0
7,160,12.0,0.0,0.0,1.0,0.0,0.0,0.0,0.0
8,160,12.0,4.80739254604069,0.0,1.0,1.0,0.0,0.0,1.0
9,160,11.614580534293587,6.496461929010567,1.0,0.0,0.0,0.0,1.0,0.0
10,160,0.0,2.6129590417962216,1.0,0.0,1.0,0.0,0.0,0.0
11,160,6.6949666154661545,2.1853939907532216,0.0,0.0,1.0,0.0,1.0,1.0
12,160,9.05739296927,3.825530814125973,1.0,0.0,0.0,1.0,0.0,0.0
13,160,7.751528748418946,12.0,0.0,0.0,0.0,0.0,1.0,0.0
14,160,5.284638370697152,2.3327462070445266,0.0,0.0,0.0,0.0,0.0,0.0
15,160,0.5460049175527648,12.0,0.0,1.0,0.0,1.0,0.0,0.0
16,160,7.954093898223039,12.0,0.0,0.0,1.0,0.0,0.0,1.0
17,160,5.334198672826399,4.414640904076929,0.0,0.0,1.0,0.0,0.0,1.0
18,160,6.9443792731476055,6.281733118352785,1.0,1.0,0.0,0.0,1.0,0.0
19,160,10.584546083495274,7.356555057179076,0.0,0.0,0.0,0.0,1.0,0.0
0,165,8.55854473783377,5.463240184632845,0.0,1.0,1.0,1.0,1.0,0.0
1,165,9.061079007749264,7.077945642171235,1.0,0.0,0.0,0.0,0.0,1.0
2,165,11.14241981833076,12.0,1.0,0.0,0.0,0.0,0.0,1.0
3,165,2.7598196380847995,11.05677700837629,0.0,1.0,0.0,1.0,0.0,0.0
4,165,3.5309376033011137,10.6479927458853,0.0,0.0,0.0,0.0,0.0,0.0
5,165,3.5410264382003818,8.642331979337431,1.0,0.0,1.0,1.0,0.0,1.0
6,165,10.959683386460116,11.931627412461753,0.0,0.0,0.0,0.0,1.0,1.0
7,165,12.0,0.0,0.0,1.0,0.0,0.0,0.0,0.0
8,165,12.0,4.761167281180237,0.0,1.0,1.0,0.0,0.0,1.0
9,165,11.884431993884002,6.56747328471423,1.0,0.0,0.0,0.0,1.0,0.0
10,165,0.0,2.5140230996358084,1.0,0.0,1.0,0.0,0.0,0.0
11,165,6.727014696400531,2.227858865862592,0.0,0.0,1.0,0.0,1.0,1.0
12,165,9.028361732830396,3.861747652818945,1.0,0.0,0.0,1.0,0.0,0.0
13,165,8.068074864985366,12.0,0.0,0.0,0.0,0.0,1.0,0.0
14,165,5.427621198319288,2.3013329099316144,0.0,0.0,0.0,0.0,0.0,0.0
15,165,0.5285434936824797,12.0,0.0,1.0,0.0,1.0,0.0,0.0
16,165,8.013557437379088,12.0,0.0,0.0,1.0,0.0,0.0,1.0
17,165,5.344030275572974,4.422036127571463,0.0,0.0,1.0,0.0,0.0,1.0
18,165,7.030084273961974,6.124581143061167,1.0,1.0,0.0,0.0,1.0,0.0
19,165,10.59382875868315,7.362608485034854,0.0,0.0,0.0,0.0,1.0,0.0
0,170,8.586409192946876,5.493169254330467,0.0,1.0,1.0,1.0,1.0,0.0
1,170,8.936294779184847,7.091921810317934,1.0,0.0,0.0,0.0,0.0,1.0
2,170,11.1028229426074,12.0,1.0,0.0,0.0,0.0,0.0,1.0
3,170,2.7539290282277102,11.080453495203306,0.0,1.0,0.0,1.0,0.0,0.0
4,170,3.5692229162877136,10.590285968342409,0.0,0.0,0.0,0.0,0.0,0.0
5,170,3.535513065392032,8.641533966528083,1.0,0.0,1.0,1.0,0.0,1.0
6,170,11.03228969063722,11.90793409189915,0.0,0.0,0.0,0.0,1.0,1.0
7,170,12.0,0.0,0.0,1.0,0.0,0.0,0.0,0.0
8,170,12.0,4.721722971694038,0.0,1.0,1.0,0.0,0.0,1.0
9,170,12.0,6.627727990694736,1.0,0.0,0.0,0.0,1.0,0.0
10,170,0.0,2.410010081156204,1.0,0.0,1.0,0.0,0.0,0.0
11,170,6.760933745973658,2.2736898582019185,0.0,0.0,1.0,0.0,1.0,1.0
12,170,8.989922921085387,3.9070667494020177,1.0,0.0,0.0,1.0,0.0,0.0
13,170,8.414641115868552,12.0,0.0,0.0,0.0,0.0,1.0,0.0
14,170,5.567647635752032,2.273161204903275,0.0,0.0,0.0,0.0,0.0,0.0
15,170,0.5104355453916901,12.0,0.0,1.0,0.0,1.0,0.0,0.0
16,170,8.095645353220425,12.0,0.0,0.0,1.0,0.0,0.0,1.0
17,170,5.358176678085326,4.432503507397156,0.0,0.0,1.0,0.0,0.0,1.0
18,170,7.107705090499084,5.964439605172977,1.0,1.0,0.0,0.0,1.0,0.0
19,170,10.599994057505189,7.366554591800947,0.0,0.0,0.0,0.0,1.0,0.0
0,175,8.614020634672896,5.5232771163999335,0.0,1.0,1.0,1.0,1.0,0.0
1,175,8.833072996894423,7.101990307465474,1.0,0.0,0.0,0.0,0.0,1.0
2,175,11.064213122295852,12.0,1.0,0.0,0.0,0.0,0.0,1.0
3,175,2.750811299793253,11.092912803002047,0.0,1.0,0.0,1.0,0.0,0.0
4,175,3.606678088359164,10.533677112394136,0.0,0.0,0.0,0.0,0.0,0.0
5,175,3.5235616387712696,8.639809852243419,1.0,0.0,1.0,1.0,0.0,1.0
6,175,11.096854627268062,11.889075055186636,0.0,0.0,0.0,0.0,1.0,1.0
7,175,12.0,0.0,0.0,1.0,0.0,0.0,0.0,0.0
8,175,12.0,4.686771813734629,0.0,1.0,1.0,0.0,0.0,1.0
9,175,12.0,6.689684434517386,1.0,0.0,0.0,0.0,1.0,0.0
10,175,0.0,2.3112648419346145,1.0,0.0,1.0,0.0,0.0,0.0
11,175,6.803815640492688,2.335152592244116,0.0,0.0,1.0,0.0,1.0,1.0
12,175,8.954205813166478,3.950601974096808,1.0,0.0,0.0,1.0,0.0,0.0
13,175,8.763772984841095,12.0,0.0,0.0,0.0,0.0,1.0,0.0
14,175,5.695292476501151,2.246834373583808,0.0,0.0,0.0,0.0,0.0,0.0
15,175,0.4922802268874111,12.0,0.0,1.0,0.0,1.0,0.0,0.0
16,175,8.189941820778925,12.0,0.0,0.0,1.0,0.0,0.0,1.0
17,175,5.3607043247359325,4.4344603164147,0.0,0.0,1.0,0.0,0.0,1.0
18,175,7.178601495488511,5.802974607162572,1.0,1.0,0.0,0.0,1.0,0.0
19,175,10.609697496682884,7.373074043856319,0.0,0.0,0.0,0.0,1.0,0.0
0,180,8.64590442414074,5.560004379129308,0.0,1.0,1.0,1.0,1.0,0.0
1,180,8.734216095233782,7.112456447892235,1.0,0.0,0.0,0.0,0.0,1.0
2,180,11.025778222292088,12.0,1.0,0.0,0.0,0.0,0.0,1.0
3,180,2.7483654840425547,11.1020102465356,0.0,1.0,0.0,1.0,0.0,0.0
4,180,3.6466519785285096,10.469758333342696,0.0,0.0,0.0,0.0,0.0,0.0
5,180,3.5146987507433534,8.638360511178707,1.0,0.0,1.0,1.0,0.0,1.0
6,180,11.17531628491623,11.864240614854536,0.0,0.0,0.0,0.0,1.0,1.0
7,180,12.0,0.0,0.0,1.0,0.0,0.0,0.0,0.0
8,180,12.0,4.647479615684393,0.0,1.0,1.0,0.0,0.0,1.0
9,180,12.0,6.75486722338411,1.0,0.0,0.0,0.0,1.0,0.0
10,180,0.0,2.217699648283584,1.0,0.0,1.0,0.0,0.0,0.0
11,180,6.8325079620385925,2.3787397607037724,0.0,0.0,1.0,0.0,1.0,1.0
12,180,8.92491057242051,3.9843724428964142,1.0,0.0,0.0,1.0,0.0,0.0
13,180,9.094977024286056,12.0,0.0,0.0,0.0,0.0,1.0,0.0
14,180,5.8373479398667625,2.2154790179841304,0.0,0.0,0.0,0.0,0.0,0.0
15,180,0.472782132401782,12.0,0.0,1.0,0.0,1.0,0.0,0.0
16,180,8.283037157927263,12.0,0.0,0.0,1.0,0.0,0.0,1.0
17,180,5.335223521632315,4.413318660951041,0.0,0.0,1.0,0.0,0.0,1.0
18,180,7.248980502722196,5.6463384485112496,1.0,1.0,0.0,0.0,1.0,0.0
19,180,10.613179762606467,7.375487262421251,0.0,0.0,0.0,0.0,1.0,0.0
0,185,8.669031792287152,5.586729172896856,0.0,1.0,1.0,1.0,1.0,0.0
1,185,8.632131285152782,7.1225229016546425,1.0,0.0,0.0,0.0,0.0,1.0
2,185,10.978452036740466,12.0,1.0,0.0,0.0,0.0,0.0,1.0
3,185,2.7437070756362694,11.118068352670726,0.0,1.0,0.0,1.0,0.0,0.0
4,185,3.691719055151455,10.397760470058346,0.0,0.0,0.0,0.0,0.0,0.0
5,185,3.5123886954832475,8.637986798904924,1.0,0.0,1.0,1.0,0.0,1.0
6,185,11.240964071919263,11.84103836978158,0.0,0.0,0.0,0.0,1.0,1.0
7,185,12.0,0.0,0.0,1.0,0.0,0.0,0.0,0.0
8,185,12.0,4.6025654058581305,0.0,1.0,1.0,0.0,0.0,1.0
9,185,12.0,6.814705780983076,1.0,0.0,0.0,0.0,1.0,0.0
10,185,0.0,2.1135131328851045,1.0,0.0,1.0,0.0,0.0,0.0
11,185,6.872901113557454,2.444983513373754,0.0,0.0,1.0,0.0,1.0,1.0
12,185,8.90006134269509,4.01318908432906,1.0,0.0,0.0,1.0,0.0,0.0
13,185,9.427403864766143,12.0,0.0,0.0,0.0,0.0,1.0,0.0
14,185,5.989777988758931,2.1839920896382496,0.0,0.0,0.0,0.0,0.0,0.0
15,185,0.457656674637229,12.0,0.0,1.0,0.0,1.0,0.0,0.0
16,185,8.3884257175254,12.0,0.0,0.0,1.0,0.0,0.0,1.0
17,185,5.312706601959119,4.39472683072358,0.0,0.0,1.0,0.0,0.0,1.0
18,185,7.322705141909568,5.477352276328469,1.0,1.0,0.0,0.0,1.0,0.0
19,185,10.609633460482607,7.373109937076448,0.0,0.0,0.0,0.0,1.0,0.0
0,190,8.68733353809389,5.607956715364768,0.0,1.0,1.0,1.0,1.0,0.0
1,190,8.531264441346382,7.134156351605558,1.0,0.0,0.0,0.0,0.0,1.0
2,190,10.925241728517143,12.0,1.0,0.0,0.0,0.0,0.0,1.0
3,190,2.7447778967298704,11.114515810546642,0.0,1.0,0.0,1.0,0.0,0.0
4,190,3.7272969898888175,10.340902132621018,0.0,0.0,0.0,0.0,0.0,0.0
5,190,3.518622328617237,8.639031466791717,1.0,0.0,1.0,1.0,0.0,1.0
6,190,11.294707524524917,11.820950209727926,0.0,0.0,0.0,0.0,1.0,1.0
7,190,12.0,0.0,0.0,1.0,0.0,0.0,0.0,0.0
8,190,12.0,4.556200988470004,0.0,1.0,1.0,0.0,0.0,1.0
9,190,12.0,6.877236268100728,1.0,0.0,0.0,0.0,1.0,0.0
10,190,0.0,2.020075983497477,1.0,0.0,1.0,0.0,0.0,0.0
11,190,6.927455521404623,2.529195832779217,0.0,0.0,1.0,0.0,1.0,1.0
12,190,8.873273863870887,4.042995066468086,1.0,0.0,0.0,1.0,0.0,0.0
13,190,9.755523015556635,12.0,0.0,0.0,0.0,0.0,1.0,0.0
14,190,6.170876546555059,2.143283332300531,0.0,0.0,0.0,0.0,0.0,0.0
15,190,0.445935655996871,12.0,0.0,1.0,0.0,1.0,0.0,0.0
16,190,8.490724930476462,12.0,0.0,0.0,1.0,0.0,0.0,1.0
17,190,5.266849081389248,4.356718694243056,0.0,0.0,1.0,0.0,0.0,1.0
18,190,7.404030411473723,5.297694153729509,1.0,1.0,0.0,0.0,1.0,0.0
19,190,10.595534937179986,7.363593456050827,0.0,0.0,0.0,0.0,1.0,0.0
0,195,8.702335809068941,5.625568558421002,0.0,1.0,1.0,1.0,1.0,0.0
1,195,8.43633501444708,7.146024143789276,1.0,0.0,0.0,0.0,0.0,1.0
2,195,10.874110440893826,12.0,1.0,0.0,0.0,0.0,0.0,1.0
3,195,2.7429513375536745,11.12062403630427,0.0,1.0,0.0,1.0,0.0,0.0
4,195,3.771695852126941,10.268474841257245,0.0,0.0,0.0,0.0,0.0,0.0
5,195,3.515629501350356,8.655175862610854,1.0,0.0,1.0,1.0,0.0,1.0
6,195,11.282741816149017,11.7888016734793,0.0,0.0,0.0,0.0,1.0,1.0
7,195,12.0,0.0,0.0,1.0,0.0,0.0,0.0,0.0
8,195,12.0,4.504315533081392,0.0,1.0,1.0,0.0,0.0,1.0
9,195,12.0,6.92893187964546,1.0,0.0,0.0,0.0,1.0,0.0
10,195,0.0,1.9172867855097329,1.0,0.0,1.0,0.0,0.0,0.0
11,195,6.973593697395427,2.5999497278870027,0.0,0.0,1.0,0.0,1.0,1.0
12,195,8.849086993859075,4.069582862962278,1.0,0.0,0.0,1.0,0.0,0.0
13,195,10.131772421296104,12.0,0.0,0.0,0.0,0.0,1.0,0.0
14,195,6.331297648245556,2.112518328528881,0.0,0.0,0.0,0.0,0.0,0.0
15,195,0.429566026375701,12.0,0.0,1.0,0.0,1.0,0.0,0.0
16,195,8.593552855343477,12.0,0.0,0.0,1.0,0.0,0.0,1.0
17,195,5.205299236486691,4.308805965380218,0.0,0.0,1.0,0.0,0.0,1.0
18,195,7.476573440404349,5.137588604880448,1.0,1.0,0.0,0.0,1.0,0.0
19,195,10.57500249379719,7.349978667307091,0.0,0.0,0.0,0.0,1.0,0.0
0,200,8.70956421735498,5.634067504783745,0.0,1.0,1.0,1.0,1.0,0.0
1,200,8.338822660282762,7.159162535322045,1.0,0.0,0.0,0.0,0.0,1.0
2,200,10.823570543880662,12.0,1.0,0.0,0.0,0.0,0.0,1.0
3,200,2.739594948185034,11.132267524604794,0.0,1.0,0.0,1.0,0.0,0.0
4,200,3.80934110515289,10.206732276037949,0.0,0.0,0.0,0.0,0.0,0.0
5,200,3.513539303602976,8.66639965920622,1.0,0.0,1.0,1.0,0.0,1.0
6,200,11.268871962779652,11.754505637471787,0.0,0.0,0.0,0.0,1.0,1.0
7,200,12.0,0.0,0.0,1.0,0.0,0.0,0.0,0.0
8,200,12.0,4.453065182183841,0.0,1.0,1.0,0.0,0.0,1.0
9,200,12.0,6.971562385643293,1.0,0.0,0.0,0.0,1.0,0.0
10,200,0.0,1.8183588754938131,1.0,0.0,1.0,0.0,0.0,0.0
11,200,7.020176222285899,2.6738828823242065,0.0,0.0,1.0,0.0,1.0,1.0
12,200,8.808710884918233,4.111104583817216,1.0,0.0,0.0,1.0,0.0,0.0
13,200,10.514055544152937,12.0,0.0,0.0,0.0,0.0,1.0,0.0
14,200,6.500898349013146,2.0754010674236607,0.0,0.0,0.0,0.0,0.0,0.0
15,200,0.4148905338735336,12.0,0.0,1.0,0.0,1.0,0.0,0.0
16,200,8.707357059405533,12.0,0.0,0.0,1.0,0.0,0.0,1.0
17,200,5.149021840853608,4.264539869121012,0.0,0.0,1.0,0.0,0.0,1.0
18,200,7.551232229740732,4.969805033516997,1.0,1.0,0.0,0.0,1.0,0.0
19,200,10.55174519109294,7.335374510356824,0.0,0.0,0.0,0.0,1.0,0.0
0,205,8.691331088595588,5.613450048436107,0.0,1.0,1.0,1.0,1.0,0.0
1,205,8.25957836332701,7.170609905559011,1.0,0.0,0.0,0.0,0.0,1.0
2,205,10.774914501395251,12.0,1.0,0.0,0.0,0.0,0.0,1.0
3,205,2.7335484989912024,11.153021986525935,0.0,1.0,0.0,1.0,0.0,0.0
4,205,3.847279011554277,10.144294167841707,0.0,0.0,0.0,0.0,0.0,0.0
5,205,3.5093868264515824,8.68779757088334,1.0,0.0,1.0,1.0,0.0,1.0
6,205,11.261723384717962,11.736555004376411,0.0,0.0,0.0,0.0,1.0,1.0
7,205,12.0,0.0,0.0,1.0,0.0,0.0,0.0,0.0
8,205,12.0,4.408137464406554,0.0,1.0,1.0,0.0,0.0,1.0
9,205,12.0,7.010943415933603,1.0,0.0,0.0,0.0,1.0,0.0
10,205,0.0,1.7218123818553004,1.0,0.0,1.0,0.0,0.0,0.0
11,205,7.066928505382271,2.7476160853089717,0.0,0.0,1.0,0.0,1.0,1.0
12,205,8.779146466059423,4.142609315938698,1.0,0.0,0.0,1.0,0.0,0.0
13,205,10.927707013294144,12.0,0.0,0.0,0.0,0.0,1.0,0.0
14,205,6.675282383901899,2.033221463144954,0.0,0.0,0.0,0.0,0.0,0.0
15,205,0.3993067288804223,12.0,0.0,1.0,0.0,1.0,0.0,0.0
16,205,8.843673615601036,12.0,0.0,0.0,1.0,0.0,0.0,1.0
17,205,5.095775086345088,4.22666793728976,0.0,0.0,1.0,0.0,0.0,1.0
18,205,7.630619637298539,4.792437451403285,1.0,1.0,0.0,0.0,1.0,0.0
19,205,10.529866922566882,7.32176241044068,0.0,0.0,0.0,0.0,1.0,0.0
0,210,8.676608064282226,5.596942690960474,0.0,1.0,1.0,1.0,1.0,0.0
1,210,8.168183538896137,7.184154930469232,1.0,0.0,0.0,0.0,0.0,1.0
2,210,10.725333218363987,12.0,1.0,0.0,0.0,0.0,0.0,1.0
3,210,2.7261858964104024,11.17629601766485,0.0,1.0,0.0,1.0,0.0,0.0
4,210,3.877238520707407,10.095533751956824,0.0,0.0,0.0,0.0,0.0,0.0
5,210,3.5072256808837627,8.69819652907395,1.0,0.0,1.0,1.0,0.0,1.0
6,210,11.243917944115722,11.69055554968159,0.0,0.0,0.0,0.0,1.0,1.0
7,210,12.0,0.0,0.0,1.0,0.0,0.0,0.0,0.0
8,210,12.0,4.347827717620269,0.0,1.0,1.0,0.0,0.0,1.0
9,210,12.0,7.04072123213685,1.0,0.0,0.0,0.0,1.0,0.0
10,210,0.0,1.6228412457165282,1.0,0.0,1.0,0.0,0.0,0.0
11,210,7.109510368832696,2.8170856245577576,0.0,0.0,1.0,0.0,1.0,1.0
12,210,8.74141868451856,4.182812107371667,1.0,0.0,0.0,1.0,0.0,0.0
13,210,11.35422751836339,12.0,0.0,0.0,0.0,0.0,1.0,0.0
14,210,6.856161624686355,1.988240435268762,0.0,0.0,0.0,0.0,0.0,0.0
15,210,0.3865682994021688,12.0,0.0,1.0,0.0,1.0,0.0,0.0
16,210,8.991864624921195,12.0,0.0,0.0,1.0,0.0,0.0,1.0
17,210,5.0311416540757845,4.179929824684814,0.0,0.0,1.0,0.0,0.0,1.0
18,210,7.819687776421482,4.882172773824353,1.0,1.0,0.0,0.0,1.0,0.0
19,210,10.511290969023351,7.309623108151717,0.0,0.0,0.0,0.0,1.0,0.0
0,215,8.65236081183211,5.569206986644973,0.0,1.0,1.0,1.0,1.0,0.0
1,215,8.102377202701435,7.194800974424356,1.0,0.0,0.0,0.0,0.0,1.0
2,215,10.678645930169091,12.0,1.0,0.0,0.0,0.0,0.0,1.0
3,215,2.727730829838422,11.17185101324687,0.0,1.0,0.0,1.0,0.0,0.0
4,215,3.906935192986424,10.048289894305835,0.0,0.0,0.0,0.0,0.0,0.0
5,215,3.503700798405944,8.71467625109287,1.0,0.0,1.0,1.0,0.0,1.0
6,215,11.231764096760283,11.660403954978682,0.0,0.0,0.0,0.0,1.0,1.0
7,215,12.0,0.0,0.0,1.0,0.0,0.0,0.0,0.0
8,215,12.0,4.28466426118586,0.0,1.0,1.0,0.0,0.0,1.0
9,215,12.0,7.073089315591263,1.0,0.0,0.0,0.0,1.0,0.0
10,215,0.0,1.5381589799233253,1.0,0.0,1.0,0.0,0.0,0.0
11,215,7.146789224573196,2.876477586193485,0.0,0.0,1.0,0.0,1.0,1.0
12,215,8.707227942859696,4.21910756629844,1.0,0.0,0.0,1.0,0.0,0.0
13,215,11.792612237111284,12.0,0.0,0.0,0.0,0.0,1.0,0.0
14,215,7.045255795405531,1.9454226033658264,0.0,0.0,0.0,0.0,0.0,0.0
15,215,0.3738586629447771,12.0,0.0,1.0,0.0,1.0,0.0,0.0
16,215,9.133224563592158,12.0,0.0,0.0,1.0,0.0,0.0,1.0
17,215,4.969871004020067,4.135747278013438,0.0,0.0,1.0,0.0,0.0,1.0
18,215,8.001125066998164,4.974156249895297,1.0,1.0,0.0,0.0,1.0,0.0
19,215,10.48465698415318,7.292152962535464,0.0,0.0,0.0,0.0,1.0,0.0
0,220,8.62281398122955,5.535915691577638,0.0,1.0,1.0,1.0,1.0,0.0
1,220,8.11015212611483,7.249008583582519,1.0,0.0,0.0,0.0,0.0,1.0
2,220,10.626560305150669,12.0,1.0,0.0,0.0,0.0,0.0,1.0
3,220,2.717869501063172,11.200984049647422,0.0,1.0,0.0,1.0,0.0,0.0
4,220,3.9301307728368986,10.010821511909322,0.0,0.0,0.0,0.0,0.0,0.0
5,220,3.4976777462059205,8.74339620747715,1.0,0.0,1.0,1.0,0.0,1.0
6,220,11.214624373934694,11.6178728619694,0.0,0.0,0.0,0.0,1.0,1.0
7,220,12.0,0.0,0.0,1.0,0.0,0.0,0.0,0.0
8,220,12.0,4.215604503972475,0.0,1.0,1.0,0.0,0.0,1.0
9,220,12.0,7.109907287395783,1.0,0.0,0.0,0.0,1.0,0.0
10,220,0.0,1.4497133401083624,1.0,0.0,1.0,0.0,0.0,0.0
11,220,7.1649655145727404,2.9039214747582625,0.0,0.0,1.0,0.0,1.0,1.0
12,220,8.664605747442803,4.265325867402952,1.0,0.0,0.0,1.0,0.0,0.0
13,220,12.0,12.0,0.0,0.0,0.0,0.0,1.0,0.0
14,220,7.219748486997934,1.91452401339489,0.0,0.0,0.0,0.0,0.0,0.0
15,220,0.3644517213306669,12.0,0.0,1.0,0.0,1.0,0.0,0.0
16,220,9.267482176528404,12.0,0.0,0.0,1.0,0.0,0.0,1.0
17,220,4.874798571278815,4.069879041803134,0.0,0.0,1.0,0.0,0.0,1.0
18,220,7.905309739249738,5.159706511724615,1.0,1.0,0.0,0.0,1.0,0.0
19,220,10.451257386738886,7.2689572813329475,0.0,0.0,0.0,0.0,1.0,0.0
0,225,8.59648390854676,5.506180857839501,0.0,1.0,1.0,1.0,1.0,0.0
1,225,8.118763559093612,7.3059159615791005,1.0,0.0,0.0,0.0,0.0,1.0
2,225,10.57364444088406,12.0,1.0,0.0,0.0,0.0,0.0,1.0
3,225,2.7079159902750267,11.229682673212634,0.0,1.0,0.0,1.0,0.0,0.0
4,225,3.956188037066127,9.968541555968836,0.0,0.0,0.0,0.0,0.0,0.0
5,225,3.4880694947669078,8.788227243463329,1.0,0.0,1.0,1.0,0.0,1.0
6,225,11.195863186901867,11.573800378245917,0.0,0.0,0.0,0.0,1.0,1.0
7,225,12.0,0.0,0.0,1.0,0.0,0.0,0.0,0.0
8,225,12.0,4.164991087331833,0.0,1.0,1.0,0.0,0.0,1.0
9,225,12.0,7.150338089933028,1.0,0.0,0.0,0.0,1.0,0.0
10,225,0.0,1.3687604349317266,1.0,0.0,1.0,0.0,0.0,0.0
11,225,7.181186762248963,2.927959485548814,0.0,0.0,1.0,0.0,1.0,1.0
12,225,8.628281535620793,4.305903216924991,1.0,0.0,0.0,1.0,0.0,0.0
13,225,12.0,12.0,0.0,0.0,0.0,0.0,1.0,0.0
14,225,7.387564360635256,1.8881712362033092,0.0,0.0,0.0,0.0,0.0,0.0
15,225,0.3545005829259093,12.0,0.0,1.0,0.0,1.0,0.0,0.0
16,225,9.401904784833832,12.0,0.0,0.0,1.0,0.0,0.0,1.0
17,225,4.790493838570096,4.012814769718156,0.0,0.0,1.0,0.0,0.0,1.0
18,225,7.801765286331735,5.354410966465698,1.0,1.0,0.0,0.0,1.0,0.0
19,225,10.412512688339108,7.241500796648237,0.0,0.0,0.0,0.0,1.0,0.0
0,230,8.571753550452502,5.4784518075632125,0.0,1.0,1.0,1.0,1.0,0.0
1,230,8.12912800890449,7.373254652766666,1.0,0.0,0.0,0.0,0.0,1.0
2,230,10.523466723331165,12.0,1.0,0.0,0.0,0.0,0.0,1.0
3,230,2.692256192305115,11.277272167551388,0.0,1.0,0.0,1.0,0.0,0.0
4,230,3.9829231718533102,9.92166611685049,0.0,0.0,0.0,0.0,0.0,0.0
5,230,3.47167586250893,8.853148808124862,1.0,0.0,1.0,1.0,0.0,1.0
6,230,11.18245282296481,11.541674407809351,0.0,0.0,0.0,0.0,1.0,1.0
7,230,12.0,0.0,0.0,1.0,0.0,0.0,0.0,0.0
8,230,12.0,4.121864202550092,0.0,1.0,1.0,0.0,0.0,1.0
9,230,12.0,7.188754436623783,1.0,0.0,0.0,0.0,1.0,0.0
10,230,0.0,1.2950887168681704,1.0,0.0,1.0,0.0,0.0,0.0
11,230,7.198261862932929,2.954393654154599,0.0,0.0,1.0,0.0,1.0,1.0
12,230,8.589056220390647,4.350926237545036,1.0,0.0,0.0,1.0,0.0,0.0
13,230,12.0,12.0,0.0,0.0,0.0,0.0,1.0,0.0
14,230,7.5491631122612,1.8637215243702128,0.0,0.0,0.0,0.0,0.0,0.0
15,230,0.3456298685786345,12.0,0.0,1.0,0.0,1.0,0.0,0.0
16,230,9.55121955295167,12.0,0.0,0.0,1.0,0.0,0.0,1.0
17,230,4.711078693393399,3.9565246186052696,0.0,0.0,1.0,0.0,0.0,1.0
18,230,7.701437537291509,5.543737653677932,1.0,1.0,0.0,0.0,1.0,0.0
19,230,10.376942472514743,7.214874674357993,0.0,0.0,0.0,0.0,1.0,0.0
0,235,8.541254688038787,5.444136221038187,0.0,1.0,1.0,1.0,1.0,0.0
1,235,8.137097101351161,7.426327831790774,1.0,0.0,0.0,0.0,0.0,1.0
2,235,10.477918875124592,12.0,1.0,0.0,0.0,0.0,0.0,1.0
3,235,2.676478301505291,11.323988896910604,0.0,1.0,0.0,1.0,0.0,0.0
4,235,4.006114577906585,9.87917541211946,0.0,0.0,0.0,0.0,0.0,0.0
5,235,3.464437704383402,8.884390586742219,1.0,0.0,1.0,1.0,0.0,1.0
6,235,11.157988423022031,11.484374182613486,0.0,0.0,0.0,0.0,1.0,1.0
7,235,12.0,0.0,0.0,1.0,0.0,0.0,0.0,0.0
8,235,12.0,4.085252834284011,0.0,1.0,1.0,0.0,0.0,1.0
9,235,12.0,7.226314474971786,1.0,0.0,0.0,0.0,1.0,0.0
10,235,0.0,1.2052501175507977,1.0,0.0,1.0,0.0,0.0,0.0
11,235,7.211319981592471,2.973915018745941,0.0,0.0,1.0,0.0,1.0,1.0
12,235,8.543059798529042,4.401415891402692,1.0,0.0,0.0,1.0,0.0,0.0
13,235,12.0,12.0,0.0,0.0,0.0,0.0,1.0,0.0
14,235,7.723930767965935,1.8324477838335196,0.0,0.0,0.0,0.0,0.0,0.0
15,235,0.3361083398776998,12.0,0.0,1.0,0.0,1.0,0.0,0.0
16,235,9.722664966592705,12.0,0.0,0.0,1.0,0.0,0.0,1.0
17,235,4.625308213306701,3.893302942628398,0.0,0.0,1.0,0.0,0.0,1.0
18,235,7.585863568013456,5.753682741751236,1.0,1.0,0.0,0.0,1.0,0.0
19,235,10.346315652638385,7.191857667152099,0.0,0.0,0.0,0.0,1.0,0.0
0,240,8.515048296493225,5.415040478559482,0.0,1.0,1.0,1.0,1.0,0.0
1,240,8.14390229136474,7.4665401149228305,1.0,0.0,0.0,0.0,0.0,1.0
2,240,10.427172188198362,12.0,1.0,0.0,0.0,0.0,0.0,1.0
3,240,2.6583042661052043,11.376731212072867,0.0,1.0,0.0,1.0,0.0,0.0
4,240,4.032106602861575,9.830527514360938,0.0,0.0,0.0,0.0,0.0,0.0
5,240,3.4621395879654586,8.894328818928875,1.0,0.0,1.0,1.0,0.0,1.0
6,240,11.140768655335467,11.445315734192338,0.0,0.0,0.0,0.0,1.0,1.0
7,240,12.0,0.0,0.0,1.0,0.0,0.0,0.0,0.0
8,240,12.0,4.040521179041974,0.0,1.0,1.0,0.0,0.0,1.0
9,240,12.0,7.263438910239077,1.0,0.0,0.0,0.0,1.0,0.0
10,240,0.0,1.1202527531488042,1.0,0.0,1.0,0.0,0.0,0.0
11,240,7.229107047977354,3.0011714754041585,0.0,0.0,1.0,0.0,1.0,1.0
12,240,8.497759793294916,4.452241998956367,1.0,0.0,0.0,1.0,0.0,0.0
13,240,12.0,12.0,0.0,0.0,0.0,0.0,1.0,0.0
14,240,7.916278435222138,1.8015018545443693,0.0,0.0,0.0,0.0,0.0,0.0
15,240,0.3232285258797878,12.0,0.0,1.0,0.0,1.0,0.0,0.0
16,240,9.891512043765214,12.0,0.0,0.0,1.0,0.0,0.0,1.0
17,240,4.54000253446143,3.832156372508664,0.0,0.0,1.0,0.0,0.0,1.0
18,240,7.464485312526426,5.967854601384621,1.0,1.0,0.0,0.0,1.0,0.0
19,240,10.32459319290991,7.175204711710671,0.0,0.0,0.0,0.0,1.0,0.0
0,245,8.486998423018957,5.383081194409455,0.0,1.0,1.0,1.0,1.0,0.0
1,245,8.149083305080365,7.500789888588988,1.0,0.0,0.0,0.0,0.0,1.0
2,245,10.375932125828186,12.0,1.0,0.0,0.0,0.0,0.0,1.0
3,245,2.638687094534639,11.430638535519185,0.0,1.0,0.0,1.0,0.0,0.0
4,245,4.059960384316898,9.778161081046331,0.0,0.0,0.0,0.0,0.0,0.0
5,245,3.456619633720831,8.918313943270729,1.0,0.0,1.0,1.0,0.0,1.0
6,245,11.125787843866313,11.413117619113772,0.0,0.0,0.0,0.0,1.0,1.0
7,245,12.0,0.0,0.0,1.0,0.0,0.0,0.0,0.0
8,245,12.0,4.001598725517167,0.0,1.0,1.0,0.0,0.0,1.0
9,245,12.0,7.29671796969893,1.0,0.0,0.0,0.0,1.0,0.0
10,245,0.0,1.034456141852862,1.0,0.0,1.0,0.0,0.0,0.0
11,245,7.239431833592543,3.016572101825491,0.0,0.0,1.0,0.0,1.0,1.0
12,245,8.441655753162717,4.514118598906649,1.0,0.0,0.0,1.0,0.0,0.0
13,245,12.0,12.0,0.0,0.0,0.0,0.0,1.0,0.0
14,245,8.128183232351356,1.7638015393623525,0.0,0.0,0.0,0.0,0.0,0.0
15,245,0.3111305870796128,12.0,0.0,1.0,0.0,1.0,0.0,0.0
16,245,10.064700662873388,12.0,0.0,0.0,1.0,0.0,0.0,1.0
17,245,4.440399281306953,3.762772593862994,0.0,0.0,1.0,0.0,0.0,1.0
18,245,7.354999076663225,6.162951301587153,1.0,1.0,0.0,0.0,1.0,0.0
19,245,10.315582598806452,7.168005120823563,0.0,0.0,0.0,0.0,1.0,0.0
0,250,8.461921000580022,5.355667853356799,0.0,1.0,1.0,1.0,1.0,0.0
1,250,8.15705113560795,7.552424353035442,1.0,0.0,0.0,0.0,0.0,1.0
2,250,10.334090021227132,12.0,1.0,0.0,0.0,0.0,0.0,1.0
3,250,2.6149282151406426,11.492416750602274,0.0,1.0,0.0,1.0,0.0,0.0
4,250,4.093986257498144,9.7125968267783,0.0,0.0,0.0,0.0,0.0,0.0
5,250,3.454209677284815,8.928941142081758,1.0,0.0,1.0,1.0,0.0,1.0
6,250,11.108772740165096,11.376072886465767,0.0,0.0,0.0,0.0,1.0,1.0
7,250,12.0,0.0,0.0,1.0,0.0,0.0,0.0,0.0
8,250,12.0,3.962043853142029,0.0,1.0,1.0,0.0,0.0,1.0
9,250,12.0,7.334741601929226,1.0,0.0,0.0,0.0,1.0,0.0
10,250,0.0,0.9382652980940294,1.0,0.0,1.0,0.0,0.0,0.0
11,250,7.257622045814019,3.0423819191400563,0.0,0.0,1.0,0.0,1.0,1.0
12,250,8.393733209185422,4.566435593736389,1.0,0.0,0.0,1.0,0.0,0.0
13,250,12.0,12.0,0.0,0.0,0.0,0.0,1.0,0.0
14,250,8.351228575694998,1.722645628989062,0.0,0.0,0.0,0.0,0.0,0.0
15,250,0.300351648803034,12.0,0.0,1.0,0.0,1.0,0.0,0.0
16,250,10.245049706101542,12.0,0.0,0.0,1.0,0.0,0.0,1.0
17,250,4.351058151021923,3.699556314209596,0.0,0.0,1.0,0.0,0.0,1.0
18,250,7.241859721409712,6.356848730981258,1.0,1.0,0.0,0.0,1.0,0.0
19,250,10.304459037421964,7.159253649456468,0.0,0.0,0.0,0.0,1.0,0.0
0,255,8.454036272177492,5.347410273756768,0.0,1.0,1.0,1.0,1.0,0.0
1,255,8.162017932840088,7.589493069369812,1.0,0.0,0.0,0.0,0.0,1.0
2,255,10.289289930156878,12.0,1.0,0.0,0.0,0.0,0.0,1.0
3,255,2.593049258053087,11.553560279962872,0.0,1.0,0.0,1.0,0.0,0.0
4,255,4.124512540580536,9.654675926816772,0.0,0.0,0.0,0.0,0.0,0.0
5,255,3.45168667365249,8.94061351836948,1.0,0.0,1.0,1.0,0.0,1.0
6,255,11.096621538093776,11.350492909827093,0.0,0.0,0.0,0.0,1.0,1.0
7,255,12.0,0.0307314073182169,0.0,1.0,0.0,0.0,0.0,0.0
8,255,12.0,3.9016046699112232,0.0,1.0,1.0,0.0,0.0,1.0
9,255,12.0,7.374452678043783,1.0,0.0,0.0,0.0,1.0,0.0
10,255,0.0,0.8352565923041556,1.0,0.0,1.0,0.0,0.0,0.0
11,255,7.27383276317714,3.066509421165959,0.0,0.0,1.0,0.0,1.0,1.0
12,255,8.35567283814073,4.611086478587251,1.0,0.0,0.0,1.0,0.0,0.0
13,255,12.0,12.0,0.0,0.0,0.0,0.0,1.0,0.0
14,255,8.562557700934516,1.6825825955435818,0.0,0.0,0.0,0.0,0.0,0.0
15,255,0.2911937513104231,12.0,0.0,1.0,0.0,1.0,0.0,0.0
16,255,10.42686103310144,12.0,0.0,0.0,1.0,0.0,0.0,1.0
17,255,4.262044249968763,3.638414680645383,0.0,0.0,1.0,0.0,0.0,1.0
18,255,7.130168631933723,6.555003689572543,1.0,1.0,0.0,0.0,1.0,0.0
19,255,10.301168524564735,7.156557116473136,0.0,0.0,0.0,0.0,1.0,0.0
0,260,8.430179182758701,5.3221170769233686,0.0,1.0,1.0,1.0,1.0,0.0
1,260,8.165258281754122,7.620756169211503,1.0,0.0,0.0,0.0,0.0,1.0
2,260,10.242368463062697,12.0,1.0,0.0,0.0,0.0,0.0,1.0
3,260,2.575493959979906,11.604500717034886,0.0,1.0,0.0,1.0,0.0,0.0
4,260,4.16737530150945,9.570451821916093,0.0,0.0,0.0,0.0,0.0,0.0
5,260,3.4458360813384883,8.967675248085746,1.0,0.0,1.0,1.0,0.0,1.0
6,260,11.083592521827525,11.322673770926269,0.0,0.0,0.0,0.0,1.0,1.0
7,260,12.0,0.0632839884501546,0.0,1.0,0.0,0.0,0.0,0.0
8,260,12.0,3.8434494571534734,0.0,1.0,1.0,0.0,0.0,1.0
9,260,12.0,7.414832773653743,1.0,0.0,0.0,0.0,1.0,0.0
10,260,0.0,0.7031889210703912,1.0,0.0,1.0,0.0,0.0,0.0
11,260,7.299701326998944,3.102845521663149,0.0,0.0,1.0,0.0,1.0,1.0
12,260,8.313955811735854,4.661615806682649,1.0,0.0,0.0,1.0,0.0,0.0
13,260,12.0,12.0,0.0,0.0,0.0,0.0,1.0,0.0
14,260,8.771221959601704,1.649580021052877,0.0,0.0,0.0,0.0,0.0,0.0
15,260,0.2844787093975999,12.0,0.0,1.0,0.0,1.0,0.0,0.0
16,260,10.613300054112653,12.0,0.0,0.0,1.0,0.0,0.0,1.0
17,260,4.16685490265981,3.574852963456037,0.0,0.0,1.0,0.0,0.0,1.0
18,260,7.011420085845196,6.749488298885944,1.0,1.0,0.0,0.0,1.0,0.0
19,260,10.287939652400532,7.145021373278867,0.0,0.0,0.0,0.0,1.0,0.0
0,265,8.414391548549245,5.305359157525968,0.0,1.0,1.0,1.0,1.0,0.0
1,265,8.16913308163341,7.654016047720616,1.0,0.0,0.0,0.0,0.0,1.0
2,265,10.189481750676077,12.0,1.0,0.0,0.0,0.0,0.0,1.0
3,265,2.5657496617820734,11.632981138578804,0.0,1.0,0.0,1.0,0.0,0.0
4,265,4.207494337574532,9.491738387756604,0.0,0.0,0.0,0.0,0.0,0.0
5,265,3.436870111293398,9.009906773230934,1.0,0.0,1.0,1.0,0.0,1.0
6,265,11.068140499242638,11.29066371630933,0.0,0.0,0.0,0.0,1.0,1.0
7,265,12.0,0.0847526107757015,0.0,1.0,0.0,0.0,0.0,0.0
8,265,12.0,3.7856042388209543,0.0,1.0,1.0,0.0,0.0,1.0
9,265,12.0,7.448654351595787,1.0,0.0,0.0,0.0,1.0,0.0
10,265,0.0,0.5560112542401282,1.0,0.0,1.0,0.0,0.0,0.0
11,265,7.337042327403253,3.15175658198499,0.0,0.0,1.0,0.0,1.0,1.0
12,265,8.275871514901477,4.707680821432626,1.0,0.0,0.0,1.0,0.0,0.0
13,265,12.0,12.0,0.0,0.0,0.0,0.0,1.0,0.0
14,265,9.002935516459923,1.6090135746825782,0.0,0.0,0.0,0.0,0.0,0.0
15,265,0.279303616798838,12.0,0.0,1.0,0.0,1.0,0.0,0.0
16,265,10.808982114556844,12.0,0.0,0.0,1.0,0.0,0.0,1.0
17,265,4.058611855333094,3.5106257027559424,0.0,0.0,1.0,0.0,0.0,1.0
18,265,6.890211524550958,6.932590561374459,1.0,1.0,0.0,0.0,1.0,0.0
19,265,10.274261511080647,7.132952761201378,0.0,0.0,0.0,0.0,1.0,0.0
0,270,8.415984951253447,5.306999580013561,0.0,1.0,1.0,1.0,1.0,0.0
1,270,8.172066292686367,7.682532544312659,1.0,0.0,0.0,0.0,0.0,1.0
2,270,10.135369120800853,12.0,1.0,0.0,0.0,0.0,0.0,1.0
3,270,2.5535476693646846,11.669142212804662,0.0,1.0,0.0,1.0,0.0,0.0
4,270,4.247508386122927,9.413945713254613,0.0,0.0,0.0,0.0,0.0,0.0
5,270,3.4306269327367485,9.046503191285124,1.0,0.0,1.0,1.0,0.0,1.0
6,270,11.058759407730957,11.271659035845396,0.0,0.0,0.0,0.0,1.0,1.0
7,270,12.0,0.1027251867906784,0.0,1.0,0.0,0.0,0.0,0.0
8,270,12.0,3.7249622866866576,0.0,1.0,1.0,0.0,0.0,1.0
9,270,12.0,7.484965275111723,1.0,0.0,0.0,0.0,1.0,0.0
10,270,0.0,0.4102705999416897,1.0,0.0,1.0,0.0,0.0,0.0
11,270,7.374304362845299,3.201561419749742,0.0,0.0,1.0,0.0,1.0,1.0
12,270,8.237436308862867,4.754373278417078,1.0,0.0,0.0,1.0,0.0,0.0
13,270,12.0,12.0,0.0,0.0,0.0,0.0,1.0,0.0
14,270,9.251256894124923,1.5732778972419317,0.0,0.0,0.0,0.0,0.0,0.0
15,270,0.2734315578205211,12.0,0.0,1.0,0.0,1.0,0.0,0.0
16,270,11.003429480250745,12.0,0.0,0.0,1.0,0.0,0.0,1.0
17,270,3.94364084031728,3.439491389162439,0.0,0.0,1.0,0.0,0.0,1.0
18,270,6.784333774766229,7.094674389168534,1.0,1.0,0.0,0.0,1.0,0.0
19,270,10.26493450929085,7.124657509479324,0.0,0.0,0.0,0.0,1.0,0.0
0,275,8.412774077677241,5.303521855668272,0.0,1.0,1.0,1.0,1.0,0.0
1,275,8.175083580277311,7.711116609797921,1.0,0.0,0.0,0.0,0.0,1.0
2,275,10.088374035777044,12.0,1.0,0.0,0.0,0.0,0.0,1.0
3,275,2.536845426177392,11.721225178233365,0.0,1.0,0.0,1.0,0.0,0.0
4,275,4.293149831313136,9.323974393115051,0.0,0.0,0.0,0.0,0.0,0.0
5,275,3.423766793020942,9.081871566291486,1.0,0.0,1.0,1.0,0.0,1.0
6,275,11.045478172012794,11.245375379231085,0.0,0.0,0.0,0.0,1.0,1.0
7,275,12.0,0.1204235520345912,0.0,1.0,0.0,0.0,0.0,0.0
8,275,12.0,3.6623527100123736,0.0,1.0,1.0,0.0,0.0,1.0
9,275,12.0,7.516074536989789,1.0,0.0,0.0,0.0,1.0,0.0
10,275,0.0,0.2822479630149728,1.0,0.0,1.0,0.0,0.0,0.0
11,275,7.422803695549998,3.264920745552485,0.0,0.0,1.0,0.0,1.0,1.0
12,275,8.188830296437148,4.81253409398938,1.0,0.0,0.0,1.0,0.0,0.0
13,275,12.0,12.0,0.0,0.0,0.0,0.0,1.0,0.0
14,275,9.479048025071108,1.541940431966245,0.0,0.0,0.0,0.0,0.0,0.0
15,275,0.2674708606714251,12.0,0.0,1.0,0.0,1.0,0.0,0.0
16,275,11.19110059684784,12.0,0.0,0.0,1.0,0.0,0.0,1.0
17,275,3.828309647908435,3.370898613644689,0.0,0.0,1.0,0.0,0.0,1.0
18,275,6.68417015021071,7.2402257544624975,1.0,1.0,0.0,0.0,1.0,0.0
19,275,10.27045501595871,7.129662543145929,0.0,0.0,0.0,0.0,1.0,0.0
0,280,8.41930449992763,5.310942608284934,0.0,1.0,1.0,1.0,1.0,0.0
1,280,8.178348759305523,7.736833756605765,1.0,0.0,0.0,0.0,0.0,1.0
2,280,10.04058871842958,12.0,1.0,0.0,0.0,0.0,0.0,1.0
3,280,2.519929157759668,11.778435096922154,0.0,1.0,0.0,1.0,0.0,0.0
4,280,4.324169223756474,9.262145174395217,0.0,0.0,0.0,0.0,0.0,0.0
5,280,3.410741754208983,9.144556427174786,1.0,0.0,1.0,1.0,0.0,1.0
6,280,11.033591708759632,11.222163989946308,0.0,0.0,0.0,0.0,1.0,1.0
7,280,12.0,0.139272154859062,0.0,1.0,0.0,0.0,0.0,0.0
8,280,12.0,3.598949096526088,0.0,1.0,1.0,0.0,0.0,1.0
9,280,12.0,7.548680224133354,1.0,0.0,0.0,0.0,1.0,0.0
10,280,0.0,0.151147936155561,1.0,0.0,1.0,0.0,0.0,0.0
11,280,7.466451672278912,3.325960241938375,0.0,0.0,1.0,0.0,1.0,1.0
12,280,8.139084024802884,4.877620778192821,1.0,0.0,0.0,1.0,0.0,0.0
13,280,12.0,12.0,0.0,0.0,0.0,0.0,1.0,0.0
14,280,9.723968371903648,1.506050341012714,0.0,0.0,0.0,0.0,0.0,0.0
15,280,0.2617577046314958,12.0,0.0,1.0,0.0,1.0,0.0,0.0
16,280,11.377637629100034,12.0,0.0,0.0,1.0,0.0,0.0,1.0
17,280,3.697946711159888,3.292381156986774,0.0,0.0,1.0,0.0,0.0,1.0
18,280,6.5855114552513925,7.387548541761354,1.0,1.0,0.0,0.0,1.0,0.0
19,280,10.282607556143889,7.140438588471086,0.0,0.0,0.0,0.0,1.0,0.0
0,285,8.442017207627446,5.338629735490035,0.0,1.0,1.0,1.0,1.0,0.0
1,285,8.18435696626586,7.778619167221645,1.0,0.0,0.0,0.0,0.0,1.0
2,285,9.992128658085996,12.0,1.0,0.0,0.0,0.0,0.0,1.0
3,285,2.5034656193146887,11.837524259092026,0.0,1.0,0.0,1.0,0.0,0.0
4,285,4.358950720882662,9.192701479788802,0.0,0.0,0.0,0.0,0.0,0.0
5,285,3.39845269904434,9.196546955627465,1.0,0.0,1.0,1.0,0.0,1.0
6,285,11.018927157017352,11.195500537727083,0.0,0.0,0.0,0.0,1.0,1.0
7,285,12.0,0.1649259501273356,0.0,1.0,0.0,0.0,0.0,0.0
8,285,12.0,3.5290157004730114,0.0,1.0,1.0,0.0,0.0,1.0
9,285,12.0,7.586379977728753,1.0,0.0,0.0,0.0,1.0,0.0
10,285,0.0,0.0052285940626946,1.0,0.0,1.0,0.0,0.0,0.0
11,285,7.518208333227513,3.395390266436908,0.0,0.0,1.0,0.0,1.0,1.0
12,285,8.094712123718802,4.937466722091855,1.0,0.0,0.0,1.0,0.0,0.0
13,285,12.0,12.0,0.0,0.0,0.0,0.0,1.0,0.0
14,285,9.963130768707948,1.4720697762312909,0.0,0.0,0.0,0.0,0.0,0.0
15,285,0.252478934382302,12.0,0.0,1.0,0.0,1.0,0.0,0.0
16,285,11.570782354514616,12.0,0.0,0.0,1.0,0.0,0.0,1.0
17,285,3.5703468448639586,3.2175778980476246,0.0,0.0,1.0,0.0,0.0,1.0
18,285,6.491267614028396,7.526403597682908,1.0,1.0,0.0,0.0,1.0,0.0
19,285,10.283988806804516,7.141626997409701,0.0,0.0,0.0,0.0,1.0,0.0
0,290,8.473260498650589,5.376148327513032,0.0,1.0,1.0,1.0,1.0,0.0
1,290,8.192361782254697,7.830380084382316,1.0,0.0,0.0,0.0,0.0,1.0
2,290,9.938074302783711,12.0,1.0,0.0,0.0,0.0,0.0,1.0
3,290,2.4835012558381515,11.911972485642732,0.0,1.0,0.0,1.0,0.0,0.0
4,290,4.406311327807162,9.097361093218362,0.0,0.0,0.0,0.0,0.0,0.0
5,290,3.3819725664315543,9.26923604597874,1.0,0.0,1.0,1.0,0.0,1.0
6,290,11.005704419127484,11.171272306946406,0.0,0.0,0.0,0.0,1.0,1.0
7,290,12.0,0.1866573241741204,0.0,1.0,0.0,0.0,0.0,0.0
8,290,12.0,3.4686127731229397,0.0,1.0,1.0,0.0,0.0,1.0
9,290,12.0,7.626974683401439,1.0,0.0,0.0,0.0,1.0,0.0
10,290,0.0,0.0,1.0,0.0,1.0,0.0,0.0,0.0
11,290,7.566059764122835,3.4633861508566115,0.0,0.0,1.0,0.0,1.0,1.0
12,290,8.061090553762224,4.983519073452726,1.0,0.0,0.0,1.0,0.0,0.0
13,290,12.0,12.0,0.0,0.0,0.0,0.0,1.0,0.0
14,290,10.187057813517145,1.4375630538907302,0.0,0.0,0.0,0.0,0.0,0.0
15,290,0.2421170442959512,12.0,0.0,1.0,0.0,1.0,0.0,0.0
16,290,11.780041458090958,12.0,0.0,0.0,1.0,0.0,0.0,1.0
17,290,3.4520205103513733,3.150286950278392,0.0,0.0,1.0,0.0,0.0,1.0
18,290,6.410479956272992,7.653814651787311,1.0,1.0,0.0,0.0,1.0,0.0
19,290,10.283568411091515,7.141269388320338,0.0,0.0,0.0,0.0,1.0,0.0
0,295,8.497277752215293,5.403493112548008,0.0,1.0,1.0,1.0,1.0,0.0
1,295,8.20170176757499,7.890724232476913,1.0,0.0,0.0,0.0,0.0,1.0
2,295,9.887258131525163,12.0,1.0,0.0,0.0,0.0,0.0,1.0
3,295,2.460088476573932,11.997957881539469,0.0,1.0,0.0,1.0,0.0,0.0
4,295,4.460458581766881,8.989984038645522,0.0,0.0,0.0,0.0,0.0,0.0
5,295,3.3631547453747217,9.362608678814563,1.0,0.0,1.0,1.0,0.0,1.0
6,295,10.985138726002631,11.1324273577262,0.0,0.0,0.0,0.0,1.0,1.0
7,295,12.0,0.2002541498881767,0.0,1.0,0.0,0.0,0.0,0.0
8,295,12.0,3.404377065275036,0.0,1.0,1.0,0.0,0.0,1.0
9,295,12.0,7.671108963707904,1.0,0.0,0.0,0.0,1.0,0.0
10,295,0.0,0.0,1.0,0.0,1.0,0.0,0.0,0.0
11,295,7.618643436848901,3.5346297304604075,0.0,0.0,1.0,0.0,1.0,1.0
12,295,8.030999112438373,5.025170299894242,1.0,0.0,0.0,1.0,0.0,0.0
13,295,12.0,12.0,0.0,0.0,0.0,0.0,1.0,0.0
14,295,10.427000769252032,1.4028569398944022,0.0,0.0,0.0,0.0,0.0,0.0
15,295,0.2350470482768954,12.0,0.0,1.0,0.0,1.0,0.0,0.0
16,295,11.98288807846296,12.0,0.0,0.0,1.0,0.0,0.0,1.0
17,295,3.3351355688337647,3.088929348804269,0.0,0.0,1.0,0.0,0.0,1.0
18,295,6.332724205418185,7.771255368787129,1.0,1.0,0.0,0.0,1.0,0.0
19,295,10.30525065976249,7.159127399188763,0.0,0.0,0.0,0.0,1.0,0.0
