0,0,1.9941275867924948,8.03544312402419,1.0,0.0,0.0,1.0,0.0,1.0
1,0,5.931464998478524,9.005557554856376,0.0,0.0,0.0,0.0,1.0,0.0
2,0,2.0507136661267613,12.0,0.0,0.0,1.0,1.0,1.0,0.0
3,0,3.069232157166979,3.0049823840815217,0.0,0.0,1.0,0.0,1.0,1.0
4,0,7.9632684757139,7.998726115155369,1.0,0.0,0.0,0.0,1.0,1.0
5,0,9.97234298393216,8.913330185600865,1.0,0.0,0.0,1.0,0.0,0.0
6,0,8.976328931855619,7.959259276337252,0.0,1.0,0.0,1.0,0.0,0.0
7,0,1.9545830955748016,9.044944455362044,0.0,1.0,0.0,0.0,0.0,0.0
8,0,8.02961247040015,3.010527965617673,0.0,0.0,1.0,1.0,0.0,1.0
9,0,3.05740012917624,9.977445655684637,0.0,0.0,0.0,1.0,0.0,1.0
10,0,2.040528995095465,0.0,0.0,1.0,0.0,0.0,1.0,1.0
11,0,1.03568665766485,9.053383264603,0.0,1.0,1.0,0.0,0.0,1.0
12,0,6.0346237132362734,5.969678528576679,1.0,1.0,0.0,0.0,1.0,0.0
13,0,7.024068197636368,8.05338838230922,0.0,0.0,1.0,0.0,1.0,0.0
14,0,3.030438080643527,12.0,1.0,1.0,0.0,0.0,1.0,0.0
15,0,10.948431716388592,0.984894433447352,0.0,0.0,0.0,0.0,1.0,1.0
16,0,8.049740875729613,0.000828722262334,0.0,0.0,0.0,1.0,0.0,0.0
17,0,6.928645138010681,1.975649956171705,1.0,0.0,0.0,0.0,1.0,0.0
18,0,1.9740670431558167,6.976597611623022,0.0,1.0,0.0,1.0,0.0,0.0
19,0,6.027907898327898,9.045959852125735,1.0,0.0,1.0,0.0,0.0,0.0
0,5,1.9921670839460892,8.046177025355163,1.0,0.0,0.0,1.0,0.0,1.0
1,5,5.872909382740738,9.011098718910496,0.0,0.0,0.0,0.0,1.0,0.0
2,5,2.1083551141877326,12.0,0.0,0.0,1.0,1.0,1.0,0.0
3,5,3.129921437257833,3.0092138538358517,0.0,0.0,1.0,0.0,1.0,1.0
4,5,7.91915659114135,7.998021763882633,1.0,0.0,0.0,0.0,1.0,1.0
5,5,9.94482250028878,8.832731417116827,1.0,0.0,0.0,1.0,0.0,0.0
6,5,8.948901500236135,7.914401273431572,0.0,1.0,0.0,1.0,0.0,0.0
7,5,1.896198725965201,9.102465306694215,0.0,1.0,0.0,0.0,0.0,0.0
8,5,8.07452023887474,3.0240716155525966,0.0,0.0,1.0,1.0,0.0,1.0
9,5,3.119153471819006,9.952312027378529,0.0,0.0,0.0,1.0,0.0,1.0
10,5,2.0797050703818925,0.0,0.0,1.0,0.0,0.0,1.0,1.0
11,5,1.0665391022317237,9.099320122430136,0.0,1.0,1.0,0.0,0.0,1.0
12,5,6.082623639779201,5.928614362114333,1.0,1.0,0.0,0.0,1.0,0.0
13,5,7.05384515377504,8.122885078749912,0.0,0.0,1.0,0.0,1.0,0.0
14,5,3.0670452269220347,12.0,1.0,1.0,0.0,0.0,1.0,0.0
15,5,10.886597174204333,0.9653172716338434,0.0,0.0,0.0,0.0,1.0,1.0
16,5,8.104135749060873,0.0020438181715244,0.0,0.0,0.0,1.0,0.0,0.0
17,5,6.84765446226277,1.9481458782900043,1.0,0.0,0.0,0.0,1.0,0.0
18,5,1.962601487367966,6.966006425107208,0.0,1.0,0.0,1.0,0.0,0.0
19,5,6.051318502772699,9.08452967809037,1.0,0.0,1.0,0.0,0.0,0.0
0,10,1.991861952529608,8.047983152735293,1.0,0.0,0.0,1.0,0.0,1.0
1,10,5.81827502500717,9.016251112968703,0.0,0.0,0.0,0.0,1.0,0.0
2,10,2.177254259174128,12.0,0.0,0.0,1.0,1.0,1.0,0.0
3,10,3.2193083455090457,3.014060759168723,0.0,0.0,1.0,0.0,1.0,1.0
4,10,7.88006852122786,7.99712783390142,1.0,0.0,0.0,0.0,1.0,1.0
5,10,9.910768667479353,8.733704061284575,1.0,0.0,0.0,1.0,0.0,0.0
6,10,8.916738587768892,7.857087121053968,0.0,1.0,0.0,1.0,0.0,0.0
7,10,1.8260519982403545,9.173510345775783,0.0,1.0,0.0,0.0,0.0,0.0
8,10,8.137462874020832,3.0422079318350783,0.0,0.0,1.0,1.0,0.0,1.0
9,10,3.1815270363149795,9.927472927815176,0.0,0.0,0.0,1.0,0.0,1.0
10,10,2.076181032042112,0.0,0.0,1.0,0.0,0.0,1.0,1.0
11,10,1.090896114257965,9.13386304718719,0.0,1.0,1.0,0.0,0.0,1.0
12,10,6.132772544798845,5.88265708535962,1.0,1.0,0.0,0.0,1.0,0.0
13,10,7.078082328752581,8.176955594644674,0.0,0.0,1.0,0.0,1.0,0.0
14,10,3.098969546877174,12.0,1.0,1.0,0.0,0.0,1.0,0.0
15,10,10.837412795046774,0.9491091539119516,0.0,0.0,0.0,0.0,1.0,1.0
16,10,8.149054437830742,0.0039148257669723,0.0,0.0,0.0,1.0,0.0,0.0
17,10,6.8026591453106375,1.933044418153221,1.0,0.0,0.0,0.0,1.0,0.0
18,10,1.9320166199435176,6.936838928362593,0.0,1.0,0.0,1.0,0.0,0.0
19,10,6.065428267280349,9.108930216521896,1.0,0.0,1.0,0.0,0.0,0.0
0,15,1.9868497456629,8.074632876109487,1.0,0.0,0.0,1.0,0.0,1.0
1,15,5.75932708493977,9.020103854321077,0.0,0.0,0.0,0.0,1.0,0.0
2,15,2.2579651954266016,12.0,0.0,0.0,1.0,1.0,1.0,0.0
3,15,3.315252140595644,3.0167090735023288,0.0,0.0,1.0,0.0,1.0,1.0
4,15,7.862980167965325,7.996894525756988,1.0,0.0,0.0,0.0,1.0,1.0
5,15,9.873324072948629,8.629353570573652,1.0,0.0,0.0,1.0,0.0,0.0
6,15,8.884549659053391,7.798289321554737,0.0,1.0,0.0,1.0,0.0,0.0
7,15,1.7525737077265244,9.249933939103824,0.0,1.0,0.0,0.0,0.0,0.0
8,15,8.211070724313526,3.0645781798139744,0.0,0.0,1.0,1.0,0.0,1.0
9,15,3.22342143999627,9.910622987166269,0.0,0.0,0.0,1.0,0.0,1.0
10,15,2.072784526189375,0.0,0.0,1.0,0.0,0.0,1.0,1.0
11,15,1.1157615744941864,9.16846028414333,0.0,1.0,1.0,0.0,0.0,1.0
12,15,6.182322523417298,5.838935159078807,1.0,1.0,0.0,0.0,1.0,0.0
13,15,7.107722370381864,8.24341136579061,0.0,0.0,1.0,0.0,1.0,0.0
14,15,3.12087903857069,12.0,1.0,1.0,0.0,0.0,1.0,0.0
15,15,10.81711546245054,1.0119643581646016,0.0,0.0,0.0,0.0,1.0,1.0
16,15,8.178938761138122,0.0045517822217129,0.0,0.0,0.0,1.0,0.0,0.0
17,15,6.776033792475822,1.9245655766612324,1.0,0.0,0.0,0.0,1.0,0.0
18,15,1.9155337891327795,6.92174621935748,0.0,1.0,0.0,1.0,0.0,0.0
19,15,6.070173769395962,9.117098283555803,1.0,0.0,1.0,0.0,0.0,0.0
0,20,1.981269850535347,8.099097423161199,1.0,0.0,0.0,1.0,0.0,1.0
1,20,5.705226357113571,9.022769039306077,0.0,0.0,0.0,0.0,1.0,0.0
2,20,2.3490731940552783,12.0,0.0,0.0,1.0,1.0,1.0,0.0
3,20,3.4058855128617296,3.018512000435994,0.0,0.0,1.0,0.0,1.0,1.0
4,20,7.83491699916748,7.996182634938109,1.0,0.0,0.0,0.0,1.0,1.0
5,20,9.835871993396491,8.517273648927377,1.0,0.0,0.0,1.0,0.0,0.0
6,20,8.867060140837989,7.767151900057239,0.0,1.0,0.0,1.0,0.0,0.0
7,20,1.6831476020254794,9.321616122168717,0.0,1.0,0.0,0.0,0.0,0.0
8,20,8.28070646334761,3.084586638725608,0.0,0.0,1.0,1.0,0.0,1.0
9,20,3.253735300519475,9.89851645791462,0.0,0.0,0.0,1.0,0.0,1.0
10,20,2.070585928372505,0.0,0.0,1.0,0.0,0.0,1.0,1.0
11,20,1.145922532266714,9.21012757723187,0.0,1.0,1.0,0.0,0.0,1.0
12,20,6.221833967556467,5.802465269715931,1.0,1.0,0.0,0.0,1.0,0.0
13,20,7.134583455294887,8.302230962741245,0.0,0.0,1.0,0.0,1.0,0.0
14,20,3.131977567672909,12.0,1.0,1.0,0.0,0.0,1.0,0.0
15,20,10.799594343362868,1.068445450781454,0.0,0.0,0.0,0.0,1.0,1.0
16,20,8.234952560120938,0.0063232913277574,0.0,0.0,0.0,1.0,0.0,0.0
17,20,6.765040816094967,1.921225708790908,1.0,0.0,0.0,0.0,1.0,0.0
18,20,1.87522618714262,6.885410010866853,0.0,1.0,0.0,1.0,0.0,0.0
19,20,6.072308811356304,9.120946943621815,1.0,0.0,1.0,0.0,0.0,0.0
0,25,1.9758692867899088,8.126113584613195,1.0,0.0,0.0,1.0,0.0,1.0
1,25,5.657926326372132,9.027170122536292,0.0,0.0,0.0,0.0,1.0,0.0
2,25,2.452210265352656,12.0,0.0,0.0,1.0,1.0,1.0,0.0
3,25,3.471580508606156,3.019127823386788,0.0,0.0,1.0,0.0,1.0,1.0
4,25,7.793074294643457,7.994358288342782,1.0,0.0,0.0,0.0,1.0,1.0
5,25,9.793927530873733,8.397337344571254,1.0,0.0,0.0,1.0,0.0,0.0
6,25,8.854522262680717,7.744869399501082,0.0,1.0,0.0,1.0,0.0,0.0
7,25,1.6069991347630417,9.398670485891069,0.0,1.0,0.0,0.0,0.0,0.0
8,25,8.34798048524948,3.1066566199607437,0.0,0.0,1.0,1.0,0.0,1.0
9,25,3.2966735436506127,9.881125926842426,0.0,0.0,0.0,1.0,0.0,1.0
10,25,2.0690882626386973,0.0,0.0,1.0,0.0,0.0,1.0,1.0
11,25,1.157577670466121,9.22713679818997,0.0,1.0,1.0,0.0,0.0,1.0
12,25,6.247750537936464,5.77839241734134,1.0,1.0,0.0,0.0,1.0,0.0
13,25,7.161413772480802,8.35740271964103,0.0,0.0,1.0,0.0,1.0,0.0
14,25,3.138163876922842,12.0,1.0,1.0,0.0,0.0,1.0,0.0
15,25,10.785397425962772,1.1127588595501556,0.0,0.0,0.0,0.0,1.0,1.0
16,25,8.286778513166968,0.0093574752047983,0.0,0.0,0.0,1.0,0.0,0.0
17,25,6.750267153308161,1.9170856380867096,1.0,0.0,0.0,0.0,1.0,0.0
18,25,1.812814915211084,6.956694961240153,0.0,1.0,0.0,1.0,0.0,0.0
19,25,6.078356515241393,9.132424741467368,1.0,0.0,1.0,0.0,0.0,0.0
0,30,1.9743715095367824,8.13303087315061,1.0,0.0,0.0,1.0,0.0,1.0
1,30,5.5903425257678165,9.035101387994647,0.0,0.0,0.0,0.0,1.0,0.0
2,30,2.571448703326105,12.0,0.0,0.0,1.0,1.0,1.0,0.0
3,30,3.553874927632988,3.0180357585579256,0.0,0.0,1.0,0.0,1.0,1.0
4,30,7.757370005453832,7.992722670408837,1.0,0.0,0.0,0.0,1.0,1.0
5,30,9.748893928776326,8.277073109679755,1.0,0.0,0.0,1.0,0.0,0.0
6,30,8.848726681913238,7.734888743528504,0.0,1.0,0.0,1.0,0.0,0.0
7,30,1.518307676728698,9.487755650130795,0.0,1.0,0.0,0.0,0.0,0.0
8,30,8.426142135719823,3.1304671702829503,0.0,0.0,1.0,1.0,0.0,1.0
9,30,3.311868564719242,9.875483919332732,0.0,0.0,0.0,1.0,0.0,1.0
10,30,2.066748583100228,0.0,0.0,1.0,0.0,0.0,1.0,1.0
11,30,1.1744102018439582,9.250417721829074,0.0,1.0,1.0,0.0,0.0,1.0
12,30,6.283312400624621,5.743926454797961,1.0,1.0,0.0,0.0,1.0,0.0
13,30,7.186935840508351,8.408419386351868,0.0,0.0,1.0,0.0,1.0,0.0
14,30,3.1574689335193376,12.0,1.0,1.0,0.0,0.0,1.0,0.0
15,30,10.768905104090743,1.1685568177350012,0.0,0.0,0.0,0.0,1.0,1.0
16,30,8.365312868041226,0.0150853425156132,0.0,0.0,0.0,1.0,0.0,0.0
17,30,6.73757416151911,1.913726881707067,1.0,0.0,0.0,0.0,1.0,0.0
18,30,1.7466384646015949,7.028348832318733,0.0,1.0,0.0,1.0,0.0,0.0
19,30,6.08643321532712,9.148001245432532,1.0,0.0,1.0,0.0,0.0,0.0
0,35,1.9760682710318975,8.12351908645342,1.0,0.0,0.0,1.0,0.0,1.0
1,35,5.537091875336842,9.041140458918084,0.0,0.0,0.0,0.0,1.0,0.0
2,35,2.6902255469905416,12.0,0.0,0.0,1.0,1.0,1.0,0.0
3,35,3.6510217152642,3.0171332773663724,0.0,0.0,1.0,0.0,1.0,1.0
4,35,7.717011347554293,7.990458296861949,1.0,0.0,0.0,0.0,1.0,1.0
5,35,9.713107314041862,8.172817242668993,1.0,0.0,0.0,1.0,0.0,0.0
6,35,8.847525273244065,7.732813780540938,0.0,1.0,0.0,1.0,0.0,0.0
7,35,1.4344508943384682,9.579575515996916,0.0,1.0,0.0,0.0,0.0,0.0
8,35,8.48606799206615,3.148075544473362,0.0,0.0,1.0,1.0,0.0,1.0
9,35,3.3328823481352217,9.867859266296763,0.0,0.0,0.0,1.0,0.0,1.0
10,35,2.0647860511393707,0.0,0.0,1.0,0.0,0.0,1.0,1.0
11,35,1.2002281776695864,9.28558455673332,0.0,1.0,1.0,0.0,0.0,1.0
12,35,6.316787681489123,5.710585396124253,1.0,1.0,0.0,0.0,1.0,0.0
13,35,7.21381321909756,8.463371098859653,0.0,0.0,1.0,0.0,1.0,0.0
14,35,3.176236736102265,12.0,1.0,1.0,0.0,0.0,1.0,0.0
15,35,10.754942447805078,1.211935915542777,0.0,0.0,0.0,0.0,1.0,1.0
16,35,8.463995795556785,0.0240924553729667,0.0,0.0,0.0,1.0,0.0,0.0
17,35,6.744647958334516,1.9155589016176435,1.0,0.0,0.0,0.0,1.0,0.0
18,35,1.6815541711732396,7.096936373432379,0.0,1.0,0.0,1.0,0.0,0.0
19,35,6.0962283574438585,9.168583633195931,1.0,0.0,1.0,0.0,0.0,0.0
0,40,1.9757264388622804,8.125549589757052,1.0,0.0,0.0,1.0,0.0,1.0
1,40,5.476131156739287,9.049110501831878,0.0,0.0,0.0,0.0,1.0,0.0
2,40,2.793077229166344,12.0,0.0,0.0,1.0,1.0,1.0,0.0
3,40,3.777426711552099,3.015363690350834,0.0,0.0,1.0,0.0,1.0,1.0
4,40,7.667662508546962,7.988156690565127,1.0,0.0,0.0,0.0,1.0,1.0
5,40,9.681181042676698,8.0838975685903,1.0,0.0,0.0,1.0,0.0,0.0
6,40,8.839195092307339,7.717653618594809,0.0,1.0,0.0,1.0,0.0,0.0
7,40,1.353831878014639,9.670282257299188,0.0,1.0,0.0,0.0,0.0,0.0
8,40,8.558106379498179,3.1671120498094103,0.0,0.0,1.0,1.0,0.0,1.0
9,40,3.3225020037448285,9.838844431526136,0.0,0.0,0.0,1.0,0.0,1.0
10,40,2.064075441288484,0.0,0.0,1.0,0.0,0.0,1.0,1.0
11,40,1.2134985269825684,9.303514306130948,0.0,1.0,1.0,0.0,0.0,1.0
12,40,6.356709311035289,5.672220809038155,1.0,1.0,0.0,0.0,1.0,0.0
13,40,7.247401239023346,8.525728763799208,0.0,0.0,1.0,0.0,1.0,0.0
14,40,3.194933501146185,12.0,1.0,1.0,0.0,0.0,1.0,0.0
15,40,10.802416506481132,1.226455759102608,0.0,0.0,0.0,0.0,1.0,1.0
16,40,8.553996894744644,0.0324025494386973,0.0,0.0,0.0,1.0,0.0,0.0
17,40,6.753549565147073,1.9176795750368116,1.0,0.0,0.0,0.0,1.0,0.0
18,40,1.6179782074633244,7.168119771926868,0.0,1.0,0.0,1.0,0.0,0.0
19,40,6.104947420784852,9.187863351639043,1.0,0.0,1.0,0.0,0.0,0.0
0,45,1.977274427825335,8.114881588086748,1.0,0.0,0.0,1.0,0.0,1.0
1,45,5.406285122192361,9.05950017075012,0.0,0.0,0.0,0.0,1.0,0.0
2,45,2.9021103661323315,12.0,0.0,0.0,1.0,1.0,1.0,0.0
3,45,3.907255450569128,3.0110565029868384,0.0,0.0,1.0,0.0,1.0,1.0
4,45,7.61553954004107,7.98452144806483,1.0,0.0,0.0,0.0,1.0,1.0
5,45,9.650091092494112,7.995715500668195,1.0,0.0,0.0,1.0,0.0,0.0
6,45,8.835176201578301,7.710124667012852,0.0,1.0,0.0,1.0,0.0,0.0
7,45,1.2844441159530728,9.753109524486153,0.0,1.0,0.0,0.0,0.0,0.0
8,45,8.629522899907226,3.1840073672223013,0.0,0.0,1.0,1.0,0.0,1.0
9,45,3.319402498191872,9.831202583338897,0.0,0.0,0.0,1.0,0.0,1.0
10,45,2.063249385202333,0.0,0.0,1.0,0.0,0.0,1.0,1.0
11,45,1.217731343739722,9.309126954943569,0.0,1.0,1.0,0.0,0.0,1.0
12,45,6.404292333041544,5.627800984781274,1.0,1.0,0.0,0.0,1.0,0.0
13,45,7.283723669011594,8.591179512922647,0.0,0.0,1.0,0.0,1.0,0.0
14,45,3.216312869060054,12.0,1.0,1.0,0.0,0.0,1.0,0.0
15,45,10.868094352372683,1.2458138820982032,0.0,0.0,0.0,0.0,1.0,1.0
16,45,8.62654737327377,0.039788293867853,0.0,0.0,0.0,1.0,0.0,0.0
17,45,6.76271743413708,1.919963899119027,1.0,0.0,0.0,0.0,1.0,0.0
18,45,1.5481781527226812,7.249414705102208,0.0,1.0,0.0,1.0,0.0,0.0
19,45,6.109810656175312,9.198898896751496,1.0,0.0,1.0,0.0,0.0,0.0
0,50,1.978614221141361,8.105139413887299,1.0,0.0,0.0,1.0,0.0,1.0
1,50,5.332101006876272,9.06980748451807,0.0,0.0,0.0,0.0,1.0,0.0
2,50,3.003980114367088,12.0,0.0,0.0,1.0,1.0,1.0,0.0
3,50,4.033286916158567,3.009685329348726,0.0,0.0,1.0,0.0,1.0,1.0
4,50,7.56038347020811,7.979216845663778,1.0,0.0,0.0,0.0,1.0,1.0
5,50,9.620746709518722,7.900988882564449,1.0,0.0,0.0,1.0,0.0,0.0
6,50,8.825193433911227,7.691167144250439,0.0,1.0,0.0,1.0,0.0,0.0
7,50,1.2098947247826617,9.841644366075917,0.0,1.0,0.0,0.0,0.0,0.0
8,50,8.67627467023582,3.194871754554212,0.0,0.0,1.0,1.0,0.0,1.0
9,50,3.313947576941077,9.817081747349254,0.0,0.0,0.0,1.0,0.0,1.0
10,50,2.063070430880097,0.0,0.0,1.0,0.0,0.0,1.0,1.0
11,50,1.2309121667528238,9.327127281840816,0.0,1.0,1.0,0.0,0.0,1.0
12,50,6.436263584266168,5.598383570302946,1.0,1.0,0.0,0.0,1.0,0.0
13,50,7.317091647336937,8.650162916916486,0.0,0.0,1.0,0.0,1.0,0.0
14,50,3.2553608988227647,12.0,1.0,1.0,0.0,0.0,1.0,0.0
15,50,10.931674907991695,1.264953715099849,0.0,0.0,0.0,0.0,1.0,1.0
16,50,8.707829754988142,0.0507186287052803,0.0,0.0,0.0,1.0,0.0,0.0
17,50,6.760443696250689,1.919363530225361,1.0,0.0,0.0,0.0,1.0,0.0
18,50,1.6255669908890238,7.3159970604800035,0.0,1.0,0.0,1.0,0.0,0.0
19,50,6.121094872089737,9.22609221483772,1.0,0.0,1.0,0.0,0.0,0.0
0,55,1.978736286788244,8.104020784392834,1.0,0.0,0.0,1.0,0.0,1.0
1,55,5.268362301700421,9.078494273126532,0.0,0.0,0.0,0.0,1.0,0.0
2,55,3.077217153239858,12.0,0.0,0.0,1.0,1.0,1.0,0.0
3,55,4.155541329412175,3.006229730946814,0.0,0.0,1.0,0.0,1.0,1.0
4,55,7.515323821174474,7.975519329905904,1.0,0.0,0.0,0.0,1.0,1.0
5,55,9.589280165166866,7.799680522984719,1.0,0.0,0.0,1.0,0.0,0.0
6,55,8.805835954927387,7.6556972357533475,0.0,1.0,0.0,1.0,0.0,0.0
7,55,1.1368192823180308,9.932712719377562,0.0,1.0,0.0,0.0,0.0,0.0
8,55,8.744857714535396,3.209273655108868,0.0,0.0,1.0,1.0,0.0,1.0
9,55,3.308552850301875,9.80257954002086,0.0,0.0,0.0,1.0,0.0,1.0
10,55,2.063022062011264,0.0,0.0,1.0,0.0,0.0,1.0,1.0
11,55,1.2483682112127872,9.351196906723256,0.0,1.0,1.0,0.0,0.0,1.0
12,55,6.461686019460821,5.57409036903416,1.0,1.0,0.0,0.0,1.0,0.0
13,55,7.360741273588401,8.723570043271941,0.0,0.0,1.0,0.0,1.0,0.0
14,55,3.290415501513668,12.0,1.0,1.0,0.0,0.0,1.0,0.0
15,55,10.9654070552657,1.275550102279785,0.0,0.0,0.0,0.0,1.0,1.0
16,55,8.789218076888435,0.0618242429344472,0.0,0.0,0.0,1.0,0.0,0.0
17,55,6.766546152201299,1.9209233240245127,1.0,0.0,0.0,0.0,1.0,0.0
18,55,1.701634174729027,7.379736197221679,0.0,1.0,0.0,1.0,0.0,0.0
19,55,6.132933000301106,9.25429056233627,1.0,0.0,1.0,0.0,0.0,0.0
0,60,1.9778977565395792,8.110753925599912,1.0,0.0,0.0,1.0,0.0,1.0
1,60,5.201050549397572,9.086774330800967,0.0,0.0,0.0,0.0,1.0,0.0
2,60,3.1578009610181774,12.0,0.0,0.0,1.0,1.0,1.0,0.0
3,60,4.285929695643988,3.0054163479912623,0.0,0.0,1.0,0.0,1.0,1.0
4,60,7.470057421594551,7.970027473419266,1.0,0.0,0.0,0.0,1.0,1.0
5,60,9.55675797653738,7.699111823418428,1.0,0.0,0.0,1.0,0.0,0.0
6,60,8.780412208653601,7.608517513280009,0.0,1.0,0.0,1.0,0.0,0.0
7,60,1.0612751319222054,10.028433619929578,0.0,1.0,0.0,0.0,0.0,0.0
8,60,8.79973858015484,3.221743867343502,0.0,0.0,1.0,1.0,0.0,1.0
9,60,3.3103893731885004,9.807313314582911,0.0,0.0,0.0,1.0,0.0,1.0
10,60,2.062795811266561,0.0,0.0,1.0,0.0,0.0,1.0,1.0
11,60,1.26846814172072,9.378545891344952,0.0,1.0,1.0,0.0,0.0,1.0
12,60,6.489481697543269,5.547203104196256,1.0,1.0,0.0,0.0,1.0,0.0
13,60,7.405516224231018,8.798420636968864,0.0,0.0,1.0,0.0,1.0,0.0
14,60,3.318794750137621,12.0,1.0,1.0,0.0,0.0,1.0,0.0
15,60,10.994596573569964,1.284881597345671,0.0,0.0,0.0,0.0,1.0,1.0
16,60,8.862637442761123,0.0733470588506566,0.0,0.0,0.0,1.0,0.0,0.0
17,60,6.770877431886426,1.9221418600138744,1.0,0.0,0.0,0.0,1.0,0.0
18,60,1.7860813890815073,7.448886608543639,0.0,1.0,0.0,1.0,0.0,0.0
19,60,6.131930354093853,9.25194962256922,1.0,0.0,1.0,0.0,0.0,0.0
0,65,1.977517159896367,8.11409889845297,1.0,0.0,0.0,1.0,0.0,1.0
1,65,5.149283755246986,9.09350345415125,0.0,0.0,0.0,0.0,1.0,0.0
2,65,3.230455609462209,12.0,0.0,0.0,1.0,1.0,1.0,0.0
3,65,4.419030648316762,3.007858796819527,0.0,0.0,1.0,0.0,1.0,1.0
4,65,7.428179975701325,7.965044066444036,1.0,0.0,0.0,0.0,1.0,1.0
5,65,9.5258078205539,7.610670545863329,1.0,0.0,0.0,1.0,0.0,0.0
6,65,8.759534667396371,7.569287190535624,0.0,1.0,0.0,1.0,0.0,0.0
7,65,0.9824585683447188,10.12717912223674,0.0,1.0,0.0,0.0,0.0,0.0
8,65,8.871234814082339,3.238333338704458,0.0,0.0,1.0,1.0,0.0,1.0
9,65,3.314122737596862,9.817609708769997,0.0,0.0,0.0,1.0,0.0,1.0
10,65,2.062266083617418,0.0,0.0,1.0,0.0,0.0,1.0,1.0
11,65,1.2957585558867235,9.4153270711733,0.0,1.0,1.0,0.0,0.0,1.0
12,65,6.522447859047862,5.515467451905052,1.0,1.0,0.0,0.0,1.0,0.0
13,65,7.451211624707022,8.873280796597095,0.0,0.0,1.0,0.0,1.0,0.0
14,65,3.3508727440483272,12.0,1.0,1.0,0.0,0.0,1.0,0.0
15,65,11.020238500805808,1.2922022187118427,0.0,0.0,0.0,0.0,1.0,1.0
16,65,8.950488973369934,0.089482688906641,0.0,0.0,0.0,1.0,0.0,0.0
17,65,6.77209777992189,1.9224822102374004,1.0,0.0,0.0,0.0,1.0,0.0
18,65,1.8746464225243773,7.5229344410096335,0.0,1.0,0.0,1.0,0.0,0.0
19,65,6.133973986654724,9.257011202011949,1.0,0.0,1.0,0.0,0.0,0.0
0,70,1.9776401951602696,8.113167450137086,1.0,0.0,0.0,1.0,0.0,1.0
1,70,5.092914336236643,9.100900869155074,0.0,0.0,0.0,0.0,1.0,0.0
2,70,3.293994482251391,12.0,0.0,0.0,1.0,1.0,1.0,0.0
3,70,4.569305728559497,3.0105467712291065,0.0,0.0,1.0,0.0,1.0,1.0
4,70,7.384942091841784,7.959820674699976,1.0,0.0,0.0,0.0,1.0,1.0
5,70,9.494085084443055,7.52130862262401,1.0,0.0,0.0,1.0,0.0,0.0
6,70,8.740775661989867,7.53394048811555,0.0,1.0,0.0,1.0,0.0,0.0
7,70,0.8966169919278779,10.23768722577424,0.0,1.0,0.0,0.0,0.0,0.0
8,70,8.944557002936657,3.255442725951037,0.0,0.0,1.0,1.0,0.0,1.0
9,70,3.3118358693947774,9.811212205689582,0.0,0.0,0.0,1.0,0.0,1.0
10,70,2.061056816757324,0.0,0.0,1.0,0.0,0.0,1.0,1.0
11,70,1.3247258606485453,9.456389179260835,0.0,1.0,1.0,0.0,0.0,1.0
12,70,6.56930124286871,5.471602829789132,1.0,1.0,0.0,0.0,1.0,0.0
13,70,7.500054620995923,8.954594256433959,0.0,0.0,1.0,0.0,1.0,0.0
14,70,3.382942228341661,12.0,1.0,1.0,0.0,0.0,1.0,0.0
15,70,11.045695186634187,1.2990184031617562,0.0,0.0,0.0,0.0,1.0,1.0
16,70,9.037850939495488,0.1045050365411477,0.0,0.0,0.0,1.0,0.0,0.0
17,70,6.782895510124003,1.9257092021777615,1.0,0.0,0.0,0.0,1.0,0.0
18,70,1.9352957167516252,7.451683783160551,0.0,1.0,0.0,1.0,0.0,0.0
19,70,6.128823449219132,9.244040098751418,1.0,0.0,1.0,0.0,0.0,0.0
0,75,1.9775557089164932,8.113825740506977,1.0,0.0,0.0,1.0,0.0,1.0
1,75,5.010779306832507,9.111354324292204,0.0,0.0,0.0,0.0,1.0,0.0
2,75,3.358638717593825,12.0,0.0,0.0,1.0,1.0,1.0,0.0
3,75,4.735351966633814,3.016444345800368,0.0,0.0,1.0,0.0,1.0,1.0
4,75,7.339381845723204,7.954977982718827,1.0,0.0,0.0,0.0,1.0,1.0
5,75,9.464924216435074,7.437908513322614,1.0,0.0,0.0,1.0,0.0,0.0
6,75,8.702742646849806,7.466861993350622,0.0,1.0,0.0,1.0,0.0,0.0
7,75,0.8135901124144715,10.34861583873721,0.0,1.0,0.0,0.0,0.0,0.0
8,75,9.029404635682312,3.274846589801369,0.0,0.0,1.0,1.0,0.0,1.0
9,75,3.313112430279091,9.81485837710035,0.0,0.0,0.0,1.0,0.0,1.0
10,75,2.060359595016388,0.0,0.0,1.0,0.0,0.0,1.0,1.0
11,75,1.341498044699212,9.48073147809344,0.0,1.0,1.0,0.0,0.0,1.0
12,75,6.5903933534256085,5.45247488171519,1.0,1.0,0.0,0.0,1.0,0.0
13,75,7.547728491605408,9.03507360447922,0.0,0.0,1.0,0.0,1.0,0.0
14,75,3.4173205285905555,12.0,1.0,1.0,0.0,0.0,1.0,0.0
15,75,11.053835336571549,1.3011115646289455,0.0,0.0,0.0,0.0,1.0,1.0
16,75,9.1087132521037,0.1165919128638584,0.0,0.0,0.0,1.0,0.0,0.0
17,75,6.789700974714699,1.9277438599057104,1.0,0.0,0.0,0.0,1.0,0.0
18,75,1.9924828478556609,7.386142785909151,0.0,1.0,0.0,1.0,0.0,0.0
19,75,6.115385772225985,9.212522827230735,1.0,0.0,1.0,0.0,0.0,0.0
0,80,1.978420203586298,8.10748119588414,1.0,0.0,0.0,1.0,0.0,1.0
1,80,4.935558500353051,9.120293868701472,0.0,0.0,0.0,0.0,1.0,0.0
2,80,3.422380341230097,12.0,0.0,0.0,1.0,1.0,1.0,0.0
3,80,4.888795638383844,3.0223710152263354,0.0,0.0,1.0,0.0,1.0,1.0
4,80,7.271238803631892,7.947322197700281,1.0,0.0,0.0,0.0,1.0,1.0
5,80,9.435886332446811,7.354362909562312,1.0,0.0,0.0,1.0,0.0,0.0
6,80,8.666121531174685,7.403240055803397,0.0,1.0,0.0,1.0,0.0,0.0
7,80,0.7419107471823172,10.450346364164243,0.0,1.0,0.0,0.0,0.0,0.0
8,80,9.125863585945496,3.297110990133013,0.0,0.0,1.0,1.0,0.0,1.0
9,80,3.311278577909849,9.809282981990586,0.0,0.0,0.0,1.0,0.0,1.0
10,80,2.058564701598754,0.0,0.0,1.0,0.0,0.0,1.0,1.0
11,80,1.3535758761065104,9.497864683881042,0.0,1.0,1.0,0.0,0.0,1.0
12,80,6.613992440819668,5.431498230525406,1.0,1.0,0.0,0.0,1.0,0.0
13,80,7.607216882033486,9.138843134504665,0.0,0.0,1.0,0.0,1.0,0.0
14,80,3.4385218252584187,12.0,1.0,1.0,0.0,0.0,1.0,0.0
15,80,11.037524371329283,1.29683605834822,0.0,0.0,0.0,0.0,1.0,1.0
16,80,9.172059409175572,0.1271161969718343,0.0,0.0,0.0,1.0,0.0,0.0
17,80,6.825289850282477,1.9388858273423144,1.0,0.0,0.0,0.0,1.0,0.0
18,80,2.043685280257236,7.329484341054922,0.0,1.0,0.0,1.0,0.0,0.0
19,80,6.103626361084796,9.185661008129896,1.0,0.0,1.0,0.0,0.0,0.0
0,85,1.9796059907601915,8.09708943532949,1.0,0.0,0.0,1.0,0.0,1.0
1,85,4.859594818092714,9.130191081428691,0.0,0.0,0.0,0.0,1.0,0.0
2,85,3.4852646805065266,12.0,0.0,0.0,1.0,1.0,1.0,0.0
3,85,5.059814702582189,3.032076626500378,0.0,0.0,1.0,0.0,1.0,1.0
4,85,7.191403373581865,7.937032242630732,1.0,0.0,0.0,0.0,1.0,1.0
5,85,9.409969602151016,7.282922575686589,1.0,0.0,0.0,1.0,0.0,0.0
6,85,8.62438714350056,7.330423259521591,0.0,1.0,0.0,1.0,0.0,0.0
7,85,0.6924119606838807,10.525009665568362,0.0,1.0,0.0,0.0,0.0,0.0
8,85,9.215376060703292,3.316641293828164,0.0,0.0,1.0,1.0,0.0,1.0
9,85,3.3064265678212896,9.795810271577242,0.0,0.0,0.0,1.0,0.0,1.0
10,85,2.055192724537497,0.0,0.0,1.0,0.0,0.0,1.0,1.0
11,85,1.36226669126548,9.51024380282282,0.0,1.0,1.0,0.0,0.0,1.0
12,85,6.634836182838154,5.412807285189512,1.0,1.0,0.0,0.0,1.0,0.0
13,85,7.67114147284161,9.252594033793493,0.0,0.0,1.0,0.0,1.0,0.0
14,85,3.4630049297288195,12.0,1.0,1.0,0.0,0.0,1.0,0.0
15,85,11.00746593162332,1.288342940511161,0.0,0.0,0.0,0.0,1.0,1.0
16,85,9.237823560373402,0.1371647827390973,0.0,0.0,0.0,1.0,0.0,0.0
17,85,6.876434102716097,1.9552062387542144,1.0,0.0,0.0,0.0,1.0,0.0
18,85,2.092828394021884,7.2737569464657135,0.0,1.0,0.0,1.0,0.0,0.0
19,85,6.083771365512011,9.139435677781194,1.0,0.0,1.0,0.0,0.0,0.0
0,90,1.9812210310650065,8.078873289197833,1.0,0.0,0.0,1.0,0.0,1.0
1,90,4.762755733975632,9.142627714715006,0.0,0.0,0.0,0.0,1.0,0.0
2,90,3.5441878434909877,12.0,0.0,0.0,1.0,1.0,1.0,0.0
3,90,5.230168118887288,3.0426412795731803,0.0,0.0,1.0,0.0,1.0,1.0
4,90,7.118914793636963,7.927056082459283,1.0,0.0,0.0,0.0,1.0,1.0
5,90,9.384456132055092,7.210597617162189,1.0,0.0,0.0,1.0,0.0,0.0
6,90,8.583836323745512,7.2575734096411235,0.0,1.0,0.0,1.0,0.0,0.0
7,90,0.633443834875814,10.612014363638508,0.0,1.0,0.0,0.0,0.0,0.0
8,90,9.29571057316173,3.3345383875901096,0.0,0.0,1.0,1.0,0.0,1.0
9,90,3.3014484811076032,9.781341788641608,0.0,0.0,0.0,1.0,0.0,1.0
10,90,2.051220013370752,0.0,0.0,1.0,0.0,0.0,1.0,1.0
11,90,1.3730907071469756,9.526196243207483,0.0,1.0,1.0,0.0,0.0,1.0
12,90,6.657124929489935,5.394100620014688,1.0,1.0,0.0,0.0,1.0,0.0
13,90,7.737021310618188,9.376757095920173,0.0,0.0,1.0,0.0,1.0,0.0
14,90,3.4946594428453395,12.0,1.0,1.0,0.0,0.0,1.0,0.0
15,90,10.977489363091603,1.2799664578980552,0.0,0.0,0.0,0.0,1.0,1.0
16,90,9.323809198705684,0.148101170692527,0.0,0.0,0.0,1.0,0.0,0.0
17,90,6.920030744459853,1.969447960197176,1.0,0.0,0.0,0.0,1.0,0.0
18,90,2.131883343461075,7.225973939829103,0.0,1.0,0.0,1.0,0.0,0.0
19,90,6.059521218328769,9.083443314136405,1.0,0.0,1.0,0.0,0.0,0.0
0,95,1.9836806292939684,8.049857401955597,1.0,0.0,0.0,1.0,0.0,1.0
1,95,4.671371745736504,9.15463964352403,0.0,0.0,0.0,0.0,1.0,0.0
2,95,3.5912241259698368,12.0,0.0,0.0,1.0,1.0,1.0,0.0
3,95,5.412890081624007,3.052917762032798,0.0,0.0,1.0,0.0,1.0,1.0
4,95,7.06393876517755,7.91782738982899,1.0,0.0,0.0,0.0,1.0,1.0
5,95,9.360397307684345,7.1442500052081455,1.0,0.0,0.0,1.0,0.0,0.0
6,95,8.546574263683297,7.191674214943013,0.0,1.0,0.0,1.0,0.0,0.0
7,95,0.5655614929152224,10.706453571002584,0.0,1.0,0.0,0.0,0.0,0.0
8,95,9.378658208177432,3.353039532031666,0.0,0.0,1.0,1.0,0.0,1.0
9,95,3.2960297489022707,9.765503836873496,0.0,0.0,0.0,1.0,0.0,1.0
10,95,2.047190067894756,0.0,0.0,1.0,0.0,0.0,1.0,1.0
11,95,1.3678328695586826,9.518444372837813,0.0,1.0,1.0,0.0,0.0,1.0
12,95,6.673953256226979,5.380250446886719,1.0,1.0,0.0,0.0,1.0,0.0
13,95,7.7969295040956546,9.492353133309516,0.0,0.0,1.0,0.0,1.0,0.0
14,95,3.528136527506132,12.0,1.0,1.0,0.0,0.0,1.0,0.0
15,95,10.957895076611704,1.274691098258537,0.0,0.0,0.0,0.0,1.0,1.0
16,95,9.398665170996988,0.1592514789820024,0.0,0.0,0.0,1.0,0.0,0.0
17,95,6.949903497355732,1.9783229307848016,1.0,0.0,0.0,0.0,1.0,0.0
18,95,2.158361109634185,7.194390951655529,0.0,1.0,0.0,1.0,0.0,0.0
19,95,6.031990112532993,9.017758032007546,1.0,0.0,1.0,0.0,0.0,0.0
0,100,1.985223086457395,8.028169503074247,1.0,0.0,0.0,1.0,0.0,1.0
1,100,4.574361963775159,9.16698060491452,0.0,0.0,0.0,0.0,1.0,0.0
2,100,3.651841886139072,12.0,0.0,0.0,1.0,1.0,1.0,0.0
3,100,5.604759831162383,3.057941279142407,0.0,0.0,1.0,0.0,1.0,1.0
4,100,6.998525979717951,7.907109255762143,1.0,0.0,0.0,0.0,1.0,1.0
5,100,9.33950947479808,7.087562300586602,1.0,0.0,0.0,1.0,0.0,0.0
6,100,8.49903023632416,7.111998228844959,0.0,1.0,0.0,1.0,0.0,0.0
7,100,0.504245921527776,10.794149254317198,0.0,1.0,0.0,0.0,0.0,0.0
8,100,9.44566947198312,3.367892581823525,0.0,0.0,1.0,1.0,0.0,1.0
9,100,3.286206605449807,9.737402138015332,0.0,0.0,0.0,1.0,0.0,1.0
10,100,2.042698243422931,0.0,0.0,1.0,0.0,0.0,1.0,1.0
11,100,1.3640778402763656,9.512827527772592,0.0,1.0,1.0,0.0,0.0,1.0
12,100,6.683938036013214,5.372153123871739,1.0,1.0,0.0,0.0,1.0,0.0
13,100,7.85063981890617,9.59803687740187,0.0,0.0,1.0,0.0,1.0,0.0
14,100,3.56691319082337,12.0,1.0,1.0,0.0,0.0,1.0,0.0
15,100,10.927811477699631,1.2670335870021303,0.0,0.0,0.0,0.0,1.0,1.0
16,100,9.508624390694669,0.1742585486625282,0.0,0.0,0.0,1.0,0.0,0.0
17,100,6.973639845770954,1.9853053258545077,1.0,0.0,0.0,0.0,1.0,0.0
18,100,2.17721338135294,7.1704300370144285,0.0,1.0,0.0,1.0,0.0,0.0
19,100,6.007645557897392,8.959339006054876,1.0,0.0,1.0,0.0,0.0,0.0
0,105,1.98729527552872,8.001251361980062,1.0,0.0,0.0,1.0,0.0,1.0
1,105,4.47440036421487,9.179665657864684,0.0,0.0,0.0,0.0,1.0,0.0
2,105,3.718796566903313,12.0,0.0,0.0,1.0,1.0,1.0,0.0
3,105,5.80902640254291,3.0586081612398206,0.0,0.0,1.0,0.0,1.0,1.0
4,105,6.907865478751732,7.892928815827898,1.0,0.0,0.0,0.0,1.0,1.0
5,105,9.318968957291,7.033238048471195,1.0,0.0,0.0,1.0,0.0,0.0
6,105,8.443279277087498,7.011683198815727,0.0,1.0,0.0,1.0,0.0,0.0
7,105,0.4293393099082946,10.901179463966267,0.0,1.0,0.0,0.0,0.0,0.0
8,105,9.513638530731033,3.385266193143036,0.0,0.0,1.0,1.0,0.0,1.0
9,105,3.269619868544093,9.693507908464303,0.0,0.0,0.0,1.0,0.0,1.0
10,105,2.0370797533756986,0.0,0.0,1.0,0.0,0.0,1.0,1.0
11,105,1.350028493556821,9.491091033449097,0.0,1.0,1.0,0.0,0.0,1.0
12,105,6.688195729770534,5.368501526296833,1.0,1.0,0.0,0.0,1.0,0.0
13,105,7.90366453325178,9.711024980389803,0.0,0.0,1.0,0.0,1.0,0.0
14,105,3.603759869853586,12.0,1.0,1.0,0.0,0.0,1.0,0.0
15,105,10.905852162894488,1.2612866813317245,0.0,0.0,0.0,0.0,1.0,1.0
16,105,9.62925983695424,0.1915704752309478,0.0,0.0,0.0,1.0,0.0,0.0
17,105,6.985188691347111,1.988816079543051,1.0,0.0,0.0,0.0,1.0,0.0
18,105,2.1906778938000606,7.152962281151808,0.0,1.0,0.0,1.0,0.0,0.0
19,105,5.985774867086724,8.908321648777099,1.0,0.0,1.0,0.0,0.0,0.0
0,110,1.9883203487605023,7.988869591797636,1.0,0.0,0.0,1.0,0.0,1.0
1,110,4.361228584968634,9.19472437132852,0.0,0.0,0.0,0.0,1.0,0.0
2,110,3.793112433927051,12.0,0.0,0.0,1.0,1.0,1.0,0.0
3,110,6.0130821069511935,3.0615734523935383,0.0,0.0,1.0,0.0,1.0,1.0
4,110,6.825593260970113,7.880841295776627,1.0,0.0,0.0,0.0,1.0,1.0
5,110,9.288146224972616,6.957809409594941,1.0,0.0,0.0,1.0,0.0,0.0
6,110,8.395584297416566,6.926727018287526,0.0,1.0,0.0,1.0,0.0,0.0
7,110,0.5507404547088218,10.984623323132949,0.0,1.0,0.0,0.0,0.0,0.0
8,110,9.572596634409612,3.400327813317418,0.0,0.0,1.0,1.0,0.0,1.0
9,110,3.2543676924314893,9.65467299819736,0.0,0.0,0.0,1.0,0.0,1.0
10,110,2.0316355656170195,0.0,0.0,1.0,0.0,0.0,1.0,1.0
11,110,1.3446652859918151,9.482973365866377,0.0,1.0,1.0,0.0,0.0,1.0
12,110,6.6901887814977545,5.366906950858099,1.0,1.0,0.0,0.0,1.0,0.0
13,110,7.9608872413583,9.824757816808908,0.0,0.0,1.0,0.0,1.0,0.0
14,110,3.640111798490776,12.0,1.0,1.0,0.0,0.0,1.0,0.0
15,110,10.862498409162455,1.2481833065324708,0.0,0.0,0.0,0.0,1.0,1.0
16,110,9.763965880331456,0.2102426580493049,0.0,0.0,0.0,1.0,0.0,0.0
17,110,7.0018493427424495,1.994330268346984,1.0,0.0,0.0,0.0,1.0,0.0
18,110,2.19296559400257,7.149962883491613,0.0,1.0,0.0,1.0,0.0,0.0
19,110,5.967978700054221,8.866499519620215,1.0,0.0,1.0,0.0,0.0,0.0
0,115,1.990705105360413,7.968018315070711,1.0,0.0,0.0,1.0,0.0,1.0
1,115,4.264262472390959,9.209639931844764,0.0,0.0,0.0,0.0,1.0,0.0
2,115,3.853467060016683,12.0,0.0,0.0,1.0,1.0,1.0,0.0
3,115,6.228421027344434,3.064958291822539,0.0,0.0,1.0,0.0,1.0,1.0
4,115,6.745099576925857,7.868339818533161,1.0,0.0,0.0,0.0,1.0,1.0
5,115,9.265749369077998,6.90312003154147,1.0,0.0,0.0,1.0,0.0,0.0
6,115,8.340257036694354,6.826366213173552,0.0,1.0,0.0,1.0,0.0,0.0
7,115,0.6716287214858341,11.063925041908035,0.0,1.0,0.0,0.0,0.0,0.0
8,115,9.631850412019894,3.4153968311287524,0.0,0.0,1.0,1.0,0.0,1.0
9,115,3.244197967384992,9.627139615298564,0.0,0.0,0.0,1.0,0.0,1.0
10,115,2.110052904499158,0.0,0.0,1.0,0.0,0.0,1.0,1.0
11,115,1.3449605333669388,9.48340423106452,0.0,1.0,1.0,0.0,0.0,1.0
12,115,6.686720043202947,5.369806248190336,1.0,1.0,0.0,0.0,1.0,0.0
13,115,8.021683869313303,9.953967164719527,0.0,0.0,1.0,0.0,1.0,0.0
14,115,3.6814386347299695,12.0,1.0,1.0,0.0,0.0,1.0,0.0
15,115,10.800938982958336,1.228802364823674,0.0,0.0,0.0,0.0,1.0,1.0
16,115,9.903925618400024,0.2297398822165181,0.0,0.0,0.0,1.0,0.0,0.0
17,115,7.02534444496367,2.001686075290981,1.0,0.0,0.0,0.0,1.0,0.0
18,115,2.202637057472383,7.137970095492517,0.0,1.0,0.0,1.0,0.0,0.0
19,115,5.942301314738421,8.807352112193941,1.0,0.0,1.0,0.0,0.0,0.0
0,120,1.9914388912406105,7.960108630727965,1.0,0.0,0.0,1.0,0.0,1.0
1,120,4.18119967432716,9.22104897507999,0.0,0.0,0.0,0.0,1.0,0.0
2,120,3.904504545269632,12.0,0.0,0.0,1.0,1.0,1.0,0.0
3,120,6.423583204702152,3.0624203214882035,0.0,0.0,1.0,0.0,1.0,1.0
4,120,6.658076307821396,7.852594937684574,1.0,0.0,0.0,0.0,1.0,1.0
5,120,9.24355926893673,6.851759044832868,1.0,0.0,0.0,1.0,0.0,0.0
6,120,8.2864385912491,6.7336295062488105,0.0,1.0,0.0,1.0,0.0,0.0
7,120,0.7769308915283455,11.13062822792208,0.0,1.0,0.0,0.0,0.0,0.0
8,120,9.68308387961406,3.428630510328926,0.0,0.0,1.0,1.0,0.0,1.0
9,120,3.2357857940866697,9.603251049719148,0.0,0.0,0.0,1.0,0.0,1.0
10,120,2.198587488966655,0.0,0.0,1.0,0.0,0.0,1.0,1.0
11,120,1.3623658376479135,9.471509131351288,0.0,1.0,1.0,0.0,0.0,1.0
12,120,6.691537903342097,5.365832241983816,1.0,1.0,0.0,0.0,1.0,0.0
13,120,8.082314507916458,10.083367044196477,0.0,0.0,1.0,0.0,1.0,0.0
14,120,3.720291402849414,12.0,1.0,1.0,0.0,0.0,1.0,0.0
15,120,10.742101525993618,1.2117300892012346,0.0,0.0,0.0,0.0,1.0,1.0
16,120,10.036728842075744,0.245734285310755,0.0,0.0,0.0,1.0,0.0,0.0
17,120,7.002935728738298,1.9948102591356407,1.0,0.0,0.0,0.0,1.0,0.0
18,120,2.2237294055217527,7.112264322563336,0.0,1.0,0.0,1.0,0.0,0.0
19,120,5.90819151830061,8.72951608728065,1.0,0.0,1.0,0.0,0.0,0.0
0,125,1.9947395324869392,7.925808648895492,1.0,0.0,0.0,1.0,0.0,1.0
1,125,4.119983997706582,9.229289141407984,0.0,0.0,0.0,0.0,1.0,0.0
2,125,3.949332227457134,12.0,0.0,0.0,1.0,1.0,1.0,0.0
3,125,6.61528035004874,3.063975968083379,0.0,0.0,1.0,0.0,1.0,1.0
4,125,6.569993379082598,7.8353800319475475,1.0,0.0,0.0,0.0,1.0,1.0
5,125,9.222928263524286,6.806055372224376,1.0,0.0,0.0,1.0,0.0,0.0
6,125,8.239563908520292,6.65141960807477,0.0,1.0,0.0,1.0,0.0,0.0
7,125,0.8804415959467901,11.196390131033882,0.0,1.0,0.0,0.0,0.0,0.0
8,125,9.72817679844251,3.439521969864027,0.0,0.0,1.0,1.0,0.0,1.0
9,125,3.226470252790837,9.573217726946352,0.0,0.0,0.0,1.0,0.0,1.0
10,125,2.283924094004973,0.0,0.0,1.0,0.0,0.0,1.0,1.0
11,125,1.3698792793131562,9.466352221210698,0.0,1.0,1.0,0.0,0.0,1.0
12,125,6.695814438742424,5.36200317173898,1.0,1.0,0.0,0.0,1.0,0.0
13,125,8.141755427114543,10.205245757118412,0.0,0.0,1.0,0.0,1.0,0.0
14,125,3.761993894864177,12.0,1.0,1.0,0.0,0.0,1.0,0.0
15,125,10.664852451708809,1.1900067168757993,0.0,0.0,0.0,0.0,1.0,1.0
16,125,10.173268048069271,0.2619187555815082,0.0,0.0,0.0,1.0,0.0,0.0
17,125,7.0083078066865205,1.9964233766796424,1.0,0.0,0.0,0.0,1.0,0.0
18,125,2.2424306048217844,7.08919259905089,0.0,1.0,0.0,1.0,0.0,0.0
19,125,5.87090537382738,8.639528093929414,1.0,0.0,1.0,0.0,0.0,0.0
0,130,1.9950766430089524,7.921578951778832,1.0,0.0,0.0,1.0,0.0,1.0
1,130,4.065066636497257,9.23673005765905,0.0,0.0,0.0,0.0,1.0,0.0
2,130,4.014388807626604,12.0,0.0,0.0,1.0,1.0,1.0,0.0
3,130,6.801184448430411,3.0600472865415025,0.0,0.0,1.0,0.0,1.0,1.0
4,130,6.486667089559487,7.820610602340833,1.0,0.0,0.0,0.0,1.0,1.0
5,130,9.204507437589417,6.761472259523361,1.0,0.0,0.0,1.0,0.0,0.0
6,130,8.198044899844994,6.579257691116665,0.0,1.0,0.0,1.0,0.0,0.0
7,130,0.9823733646022788,11.26292213816397,0.0,1.0,0.0,0.0,0.0,0.0
8,130,9.78142746808779,3.4518748180697227,0.0,0.0,1.0,1.0,0.0,1.0
9,130,3.214045109730685,9.534364710241704,0.0,0.0,0.0,1.0,0.0,1.0
10,130,2.291100118398933,0.0695979688246877,0.0,1.0,0.0,0.0,1.0,1.0
11,130,1.3959185336090658,9.4495768695605,0.0,1.0,1.0,0.0,0.0,1.0
12,130,6.690086999454504,5.367301990661868,1.0,1.0,0.0,0.0,1.0,0.0
13,130,8.201754096044226,10.332626476248562,0.0,0.0,1.0,0.0,1.0,0.0
14,130,3.797159202414094,12.0,1.0,1.0,0.0,0.0,1.0,0.0
15,130,10.573365871880991,1.1647675178262542,0.0,0.0,0.0,0.0,1.0,1.0
16,130,10.339032401965344,0.2779114195419152,0.0,0.0,0.0,1.0,0.0,0.0
17,130,7.012273270332529,1.9977752138964493,1.0,0.0,0.0,0.0,1.0,0.0
18,130,2.2453202037216795,7.085594787270345,0.0,1.0,0.0,1.0,0.0,0.0
19,130,5.831492022760693,8.545408196314751,1.0,0.0,1.0,0.0,0.0,0.0
0,135,1.995643399089246,7.915383419636132,1.0,0.0,0.0,1.0,0.0,1.0
1,135,4.020929956810975,9.243200987520614,0.0,0.0,0.0,0.0,1.0,0.0
2,135,4.090505134963673,12.0,0.0,0.0,1.0,1.0,1.0,0.0
3,135,6.99523015437626,3.0522747341133933,0.0,0.0,1.0,0.0,1.0,1.0
4,135,6.424889027545746,7.8110287881427025,1.0,0.0,0.0,0.0,1.0,1.0
5,135,9.182364943709938,6.705511262923964,1.0,0.0,0.0,1.0,0.0,0.0
6,135,8.15383227852372,6.5040226447110205,0.0,1.0,0.0,1.0,0.0,0.0
7,135,1.0915439670926996,11.332315847346614,0.0,1.0,0.0,0.0,0.0,0.0
8,135,9.843336044973023,3.4665863437659112,0.0,0.0,1.0,1.0,0.0,1.0
9,135,3.2056480138074543,9.50582376790138,0.0,0.0,0.0,1.0,0.0,1.0
10,135,2.29556377135658,0.1410600423532516,0.0,1.0,0.0,0.0,1.0,1.0
11,135,1.409301203855652,9.441260209471356,0.0,1.0,1.0,0.0,0.0,1.0
12,135,6.67336219102856,5.3829250904575225,1.0,1.0,0.0,0.0,1.0,0.0
13,135,8.258125531914708,10.45050965364068,0.0,0.0,1.0,0.0,1.0,0.0
14,135,3.828799361450714,12.0,1.0,1.0,0.0,0.0,1.0,0.0
15,135,10.466197335035742,1.1338432638555345,0.0,0.0,0.0,0.0,1.0,1.0
16,135,10.508675246714002,0.2887319236735047,0.0,0.0,0.0,1.0,0.0,0.0
17,135,7.007492580430651,1.9961610545676,1.0,0.0,0.0,0.0,1.0,0.0
18,135,2.243256524996644,7.088061498074314,0.0,1.0,0.0,1.0,0.0,0.0
19,135,5.789219308477321,8.439997618502966,1.0,0.0,1.0,0.0,0.0,0.0
0,140,1.9987539624948991,7.883469071512573,1.0,0.0,0.0,1.0,0.0,1.0
1,140,3.974607936704595,9.25074280812372,0.0,0.0,0.0,0.0,1.0,0.0
2,140,4.173363998861271,12.0,0.0,0.0,1.0,1.0,1.0,0.0
3,140,7.178616452617709,3.0408019329543565,0.0,0.0,1.0,0.0,1.0,1.0
4,140,6.368010174645989,7.803815098139512,1.0,0.0,0.0,0.0,1.0,1.0
5,140,9.154038275469516,6.630921081017352,1.0,0.0,0.0,1.0,0.0,0.0
6,140,8.114030043054658,6.436513599252501,0.0,1.0,0.0,1.0,0.0,0.0
7,140,1.197302094501927,11.39992494708292,0.0,1.0,0.0,0.0,0.0,0.0
8,140,9.92597586844808,3.485501534160973,0.0,0.0,1.0,1.0,0.0,1.0
9,140,3.201651701757075,9.492551131500989,0.0,0.0,0.0,1.0,0.0,1.0
10,140,2.299358872801574,0.2245099965227095,0.0,1.0,0.0,0.0,1.0,1.0
11,140,1.4010424278568785,9.44615191828202,0.0,1.0,1.0,0.0,0.0,1.0
12,140,6.668132540640002,5.388275133478846,1.0,1.0,0.0,0.0,1.0,0.0
13,140,8.313433185093023,10.57266262269706,0.0,0.0,1.0,0.0,1.0,0.0
14,140,3.8658234103050857,12.0,1.0,1.0,0.0,0.0,1.0,0.0
15,140,10.354280372853662,1.0988464234676505,0.0,0.0,0.0,0.0,1.0,1.0
16,140,10.670972190095686,0.3007422991146502,0.0,0.0,0.0,1.0,0.0,0.0
17,140,7.011376936686324,1.983733402532796,1.0,0.0,0.0,0.0,1.0,0.0
18,140,2.212739810111264,7.123856175486907,0.0,1.0,0.0,1.0,0.0,0.0
19,140,5.745026681189471,8.335119949879532,1.0,0.0,1.0,0.0,0.0,0.0
0,145,2.001614907325022,7.85951714280313,1.0,0.0,0.0,1.0,0.0,1.0
1,145,3.939978645886706,9.257612189584911,0.0,0.0,0.0,0.0,1.0,0.0
2,145,4.256746674346576,12.0,0.0,0.0,1.0,1.0,1.0,0.0
3,145,7.343599445866973,3.033879884820811,0.0,0.0,1.0,0.0,1.0,1.0
4,145,6.298291575168791,7.79322297476453,1.0,0.0,0.0,0.0,1.0,1.0
5,145,9.126661197117368,6.552935492791592,1.0,0.0,0.0,1.0,0.0,0.0
6,145,8.079265590953383,6.378526423536016,0.0,1.0,0.0,1.0,0.0,0.0
7,145,1.3316108800143591,11.485310445252512,0.0,1.0,0.0,0.0,0.0,0.0
8,145,10.015359722721549,3.506670250840516,0.0,0.0,1.0,1.0,0.0,1.0
9,145,3.199125945636724,9.48256169927524,0.0,0.0,0.0,1.0,0.0,1.0
10,145,2.303591138887152,0.3191886439681931,0.0,1.0,0.0,0.0,1.0,1.0
11,145,1.387927716744292,9.453668058378186,0.0,1.0,1.0,0.0,0.0,1.0
12,145,6.674645054803513,5.381529692089849,1.0,1.0,0.0,0.0,1.0,0.0
13,145,8.372466925815408,10.710232361823632,0.0,0.0,1.0,0.0,1.0,0.0
14,145,3.8965969849040247,12.0,1.0,1.0,0.0,0.0,1.0,0.0
15,145,10.241013858983385,1.0600734414887611,0.0,0.0,0.0,0.0,1.0,1.0
16,145,10.837160181607816,0.3169041729865642,0.0,0.0,0.0,1.0,0.0,0.0
17,145,7.01250923121509,1.980328750540741,1.0,0.0,0.0,0.0,1.0,0.0
18,145,2.1786006530764928,7.163345421437215,0.0,1.0,0.0,1.0,0.0,0.0
19,145,5.693609712466475,8.211921719057077,1.0,0.0,1.0,0.0,0.0,0.0
0,150,2.005747306487909,7.821027371633722,1.0,0.0,0.0,1.0,0.0,1.0
1,150,3.900793808075463,9.265080654477526,0.0,0.0,0.0,0.0,1.0,0.0
2,150,4.359306670056466,12.0,0.0,0.0,1.0,1.0,1.0,0.0
3,150,7.51331059317879,3.028569376888089,0.0,0.0,1.0,0.0,1.0,1.0
4,150,6.249893608327223,7.78601079257426,1.0,0.0,0.0,0.0,1.0,1.0
5,150,9.100709659967508,6.476744089872208,1.0,0.0,0.0,1.0,0.0,0.0
6,150,8.060990337213944,6.347863459827406,0.0,1.0,0.0,1.0,0.0,0.0
7,150,1.4588679116782497,11.570154773335078,0.0,1.0,0.0,0.0,0.0,0.0
8,150,10.113315035547526,3.5306057543210896,0.0,0.0,1.0,1.0,0.0,1.0
9,150,3.1959141824620887,9.47003487766106,0.0,0.0,0.0,1.0,0.0,1.0
10,150,2.3078953040293446,0.4058168670635275,0.0,1.0,0.0,0.0,1.0,1.0
11,150,1.3750294789413302,9.460666247090048,0.0,1.0,1.0,0.0,0.0,1.0
12,150,6.685274723906962,5.391988763367352,1.0,1.0,0.0,0.0,1.0,0.0
13,150,8.431666768382346,10.853022271447143,0.0,0.0,1.0,0.0,1.0,0.0
14,150,3.926739430382956,12.0,1.0,1.0,0.0,0.0,1.0,0.0
15,150,10.275081031442369,0.9546195539423294,0.0,0.0,0.0,0.0,1.0,1.0
16,150,11.001732540529533,0.3312584424854803,0.0,0.0,0.0,1.0,0.0,0.0
17,150,7.007826777391019,1.994825680543956,1.0,0.0,0.0,0.0,1.0,0.0
18,150,2.1606458195615974,7.183983819818738,0.0,1.0,0.0,1.0,0.0,0.0
19,150,5.634235935709346,8.072106664319934,1.0,0.0,1.0,0.0,0.0,0.0
0,155,2.0102835059646784,7.776911246867908,1.0,0.0,0.0,1.0,0.0,1.0
1,155,3.857549100149468,9.27486327724124,0.0,0.0,0.0,0.0,1.0,0.0
2,155,4.443772093006665,12.0,0.0,0.0,1.0,1.0,1.0,0.0
3,155,7.690473926957963,3.0215230395649346,0.0,0.0,1.0,0.0,1.0,1.0
4,155,6.181189411034382,7.776090012098388,1.0,0.0,0.0,0.0,1.0,1.0
5,155,9.070280893460536,6.389589410244208,1.0,0.0,0.0,1.0,0.0,0.0
6,155,8.048160555398292,6.326410274123701,0.0,1.0,0.0,1.0,0.0,0.0
7,155,1.5681501219988174,11.64161367877405,0.0,1.0,0.0,0.0,0.0,0.0
8,155,10.213717401791005,3.55692060734145,0.0,0.0,1.0,1.0,0.0,1.0
9,155,3.198445527783208,9.478747757471249,0.0,0.0,0.0,1.0,0.0,1.0
10,155,2.309805594030669,0.4922589906421412,0.0,1.0,0.0,0.0,1.0,1.0
11,155,1.3684679969201377,9.46434523222444,0.0,1.0,1.0,0.0,0.0,1.0
12,155,6.690687886931852,5.397307938745261,1.0,1.0,0.0,0.0,1.0,0.0
13,155,8.490318101843863,10.992000493388856,0.0,0.0,1.0,0.0,1.0,0.0
14,155,3.954919741176798,12.0,1.0,1.0,0.0,0.0,1.0,0.0
15,155,10.299658928063389,0.8730541822560656,0.0,0.0,0.0,0.0,1.0,1.0
16,155,11.151526406947388,0.3474957363737064,0.0,0.0,0.0,1.0,0.0,0.0
17,155,7.003072010476444,2.009143456298297,1.0,0.0,0.0,0.0,1.0,0.0
18,155,2.1507272009550618,7.195953636152737,0.0,1.0,0.0,1.0,0.0,0.0
19,155,5.57870637259516,7.934671169755813,1.0,0.0,1.0,0.0,0.0,0.0
0,160,2.015034635786912,7.732837231922257,1.0,0.0,0.0,1.0,0.0,1.0
1,160,3.816871831921576,9.282911748485656,0.0,0.0,0.0,0.0,1.0,0.0
2,160,4.518376610789813,12.0,0.0,0.0,1.0,1.0,1.0,0.0
3,160,7.849964024188923,3.0181224374530933,0.0,0.0,1.0,0.0,1.0,1.0
4,160,6.116171035716213,7.763774430198577,1.0,0.0,0.0,0.0,1.0,1.0
5,160,9.040029098495316,6.3020163652716095,1.0,0.0,0.0,1.0,0.0,0.0
6,160,8.036427441466422,6.307829593918316,0.0,1.0,0.0,1.0,0.0,0.0
7,160,1.6805289863139188,11.718866391816276,0.0,1.0,0.0,0.0,0.0,0.0
8,160,10.308925177627726,3.583270675814876,0.0,0.0,1.0,1.0,0.0,1.0
9,160,3.1985784706182545,9.479169049962108,0.0,0.0,0.0,1.0,0.0,1.0
10,160,2.312107124136328,0.5830548331345525,0.0,1.0,0.0,0.0,1.0,1.0
11,160,1.3465602334112792,9.477299308084651,0.0,1.0,1.0,0.0,0.0,1.0
12,160,6.686365338573771,5.39280037973903,1.0,1.0,0.0,0.0,1.0,0.0
13,160,8.545111670868229,11.117453666570205,0.0,0.0,1.0,0.0,1.0,0.0
14,160,3.982623601413716,12.0,1.0,1.0,0.0,0.0,1.0,0.0
15,160,10.316698343576109,0.8164006734919624,0.0,0.0,0.0,0.0,1.0,1.0
16,160,11.29669526755336,0.3596329044248753,0.0,0.0,0.0,1.0,0.0,0.0
17,160,7.000692528358614,2.0162786861763635,1.0,0.0,0.0,0.0,1.0,0.0
18,160,2.1406588344294644,7.207826790176616,0.0,1.0,0.0,1.0,0.0,0.0
19,160,5.5279696920122765,7.797688446514077,1.0,0.0,1.0,0.0,0.0,0.0
0,165,2.020400966640701,7.690384700365531,1.0,0.0,0.0,1.0,0.0,1.0
1,165,3.7824421731249975,9.289234033306244,0.0,0.0,0.0,0.0,1.0,0.0
2,165,4.577027869411395,12.0,0.0,0.0,1.0,1.0,1.0,0.0
3,165,8.023755281173463,3.0164521017929027,0.0,0.0,1.0,0.0,1.0,1.0
4,165,6.056188589796647,7.75410446350556,1.0,0.0,0.0,0.0,1.0,1.0
5,165,9.013798583640527,6.213030751040471,1.0,0.0,0.0,1.0,0.0,0.0
6,165,8.024242733029784,6.289007527704481,0.0,1.0,0.0,1.0,0.0,0.0
7,165,1.7864316865076515,11.7879878410533,0.0,1.0,0.0,0.0,0.0,0.0
8,165,10.408541235342142,3.610597809400173,0.0,0.0,1.0,1.0,0.0,1.0
9,165,3.197137463250142,9.474466978677864,0.0,0.0,0.0,1.0,0.0,1.0
10,165,2.315809451207022,0.6802666038056819,0.0,1.0,0.0,0.0,1.0,1.0
11,165,1.3193480842084246,9.492709386009912,0.0,1.0,1.0,0.0,0.0,1.0
12,165,6.679280142424968,5.385210460085979,1.0,1.0,0.0,0.0,1.0,0.0
13,165,8.590414500403204,11.224581865863174,0.0,0.0,1.0,0.0,1.0,0.0
14,165,4.006131508729934,12.0,1.0,1.0,0.0,0.0,1.0,0.0
15,165,10.33347836561444,0.7591656059387057,0.0,0.0,0.0,0.0,1.0,1.0
16,165,11.428968670710637,0.3712755083624632,0.0,0.0,0.0,1.0,0.0,0.0
17,165,6.9953073455184525,2.031122010103501,1.0,0.0,0.0,0.0,1.0,0.0
18,165,2.1562592367504987,7.189696737840461,0.0,1.0,0.0,1.0,0.0,0.0
19,165,5.479110468409877,7.666989846911918,1.0,0.0,1.0,0.0,0.0,0.0
0,170,2.024029654561389,7.660289565346693,1.0,0.0,0.0,1.0,0.0,1.0
1,170,3.762043522833383,9.293100014948198,0.0,0.0,0.0,0.0,1.0,0.0
2,170,4.65572786992428,12.0,0.0,0.0,1.0,1.0,1.0,0.0
3,170,8.193438376786542,3.016742927967195,0.0,0.0,1.0,0.0,1.0,1.0
4,170,5.977964993582185,7.742164044644921,1.0,0.0,0.0,0.0,1.0,1.0
5,170,8.989465988781232,6.130999902486511,1.0,0.0,0.0,1.0,0.0,0.0
6,170,8.015953166563076,6.275976401295471,0.0,1.0,0.0,1.0,0.0,0.0
7,170,1.901611585383999,11.860131808901489,0.0,1.0,0.0,0.0,0.0,0.0
8,170,10.518919678035603,3.6412308083624376,0.0,0.0,1.0,1.0,0.0,1.0
9,170,3.1946027749989114,9.466584865507135,0.0,0.0,0.0,1.0,0.0,1.0
10,170,2.3195738011649576,0.7773160409620107,0.0,1.0,0.0,0.0,1.0,1.0
11,170,1.293618905359594,9.507292523623942,0.0,1.0,1.0,0.0,0.0,1.0
12,170,6.670760393849442,5.375782437364665,1.0,1.0,0.0,0.0,1.0,0.0
13,170,8.632374788402227,11.328137767937465,0.0,0.0,1.0,0.0,1.0,0.0
14,170,4.038826324808468,12.0,1.0,1.0,0.0,0.0,1.0,0.0
15,170,10.352231732131049,0.6929073877309053,0.0,0.0,0.0,0.0,1.0,1.0
16,170,11.57422216374543,0.3837945911397432,0.0,0.0,0.0,1.0,0.0,0.0
17,170,6.9905522986908135,2.0453660541757253,1.0,0.0,0.0,0.0,1.0,0.0
18,170,2.169930275627578,7.1728226698989,0.0,1.0,0.0,1.0,0.0,0.0
19,170,5.437607262935221,7.547530105596425,1.0,0.0,1.0,0.0,0.0,0.0
0,175,2.0293089384731333,7.6189968147367875,1.0,0.0,0.0,1.0,0.0,1.0
1,175,3.7343005527910647,9.297880630033566,0.0,0.0,0.0,0.0,1.0,0.0
2,175,4.73764542023412,12.0,0.0,0.0,1.0,1.0,1.0,0.0
3,175,8.345005238114654,3.016365930693756,0.0,0.0,1.0,0.0,1.0,1.0
4,175,5.882911887995192,7.728454964149025,1.0,0.0,0.0,0.0,1.0,1.0
5,175,8.967351813572174,6.044448042073577,1.0,0.0,0.0,1.0,0.0,0.0
6,175,8.012280928425858,6.269844672752145,0.0,1.0,0.0,1.0,0.0,0.0
7,175,2.0223073725172416,11.941013333618576,0.0,1.0,0.0,0.0,0.0,0.0
8,175,10.635226317395432,3.674496598210829,0.0,0.0,1.0,1.0,0.0,1.0
9,175,3.197497681042376,9.475107019451263,0.0,0.0,0.0,1.0,0.0,1.0
10,175,2.324177131579095,0.8841934967571046,0.0,1.0,0.0,0.0,1.0,1.0
11,175,1.2512547875140498,9.53106195162364,0.0,1.0,1.0,0.0,0.0,1.0
12,175,6.665689895027458,5.370126333795667,1.0,1.0,0.0,0.0,1.0,0.0
13,175,8.67749594943302,11.43624852482142,0.0,0.0,1.0,0.0,1.0,0.0
14,175,4.07247212569677,12.0,1.0,1.0,0.0,0.0,1.0,0.0
15,175,10.366462550335456,0.64320419596255,0.0,0.0,0.0,0.0,1.0,1.0
16,175,11.714940519385786,0.3999761970933648,0.0,0.0,0.0,1.0,0.0,0.0
17,175,6.982491671517777,2.071795472540892,1.0,0.0,0.0,0.0,1.0,0.0
18,175,2.188628976950412,7.15001310800564,0.0,1.0,0.0,1.0,0.0,0.0
19,175,5.389760937246114,7.409961863797456,1.0,0.0,1.0,0.0,0.0,0.0
0,180,2.0371329749438742,7.562739836542882,1.0,0.0,0.0,1.0,0.0,1.0
1,180,3.703946979214332,9.303185552350753,0.0,0.0,0.0,0.0,1.0,0.0
2,180,4.8284628930490925,12.0,0.0,0.0,1.0,1.0,1.0,0.0
3,180,8.491592077767201,3.018185355773577,0.0,0.0,1.0,0.0,1.0,1.0
4,180,5.797243331811875,7.713996683179864,1.0,0.0,0.0,0.0,1.0,1.0
5,180,8.94544863998554,5.9554077020011125,1.0,0.0,0.0,1.0,0.0,0.0
6,180,8.019246596334542,6.280941990991387,0.0,1.0,0.0,1.0,0.0,0.0
7,180,2.1342781361593337,12.0,0.0,1.0,0.0,0.0,0.0,0.0
8,180,10.776011958941448,3.720526540094188,0.0,0.0,1.0,1.0,0.0,1.0
9,180,3.1956578723252087,9.469710014010207,0.0,0.0,0.0,1.0,0.0,1.0
10,180,2.330015655142072,1.0132495304158111,0.0,1.0,0.0,0.0,1.0,1.0
11,180,1.1901079288355385,9.565906239602942,0.0,1.0,1.0,0.0,0.0,1.0
12,180,6.6629461762935245,5.366900360797555,1.0,1.0,0.0,0.0,1.0,0.0
13,180,8.72801378971226,11.553904972780648,0.0,0.0,1.0,0.0,1.0,0.0
14,180,4.105129713623986,12.0,1.0,1.0,0.0,0.0,1.0,0.0
15,180,10.378579423948574,0.5968433274438224,0.0,0.0,0.0,0.0,1.0,1.0
16,180,11.865504457262224,0.4150082560839676,0.0,0.0,0.0,1.0,0.0,0.0
17,180,6.973220462972219,2.104621478905848,1.0,0.0,0.0,0.0,1.0,0.0
18,180,2.209308668119016,7.124102464311177,0.0,1.0,0.0,1.0,0.0,0.0
19,180,5.330762804646266,7.244836210746346,1.0,0.0,1.0,0.0,0.0,0.0
0,185,2.047677245139637,7.492043215787572,1.0,0.0,0.0,1.0,0.0,1.0
1,185,3.663477130801187,9.310571898433087,0.0,0.0,0.0,0.0,1.0,0.0
2,185,4.934397079830212,12.0,0.0,0.0,1.0,1.0,1.0,0.0
3,185,8.663945180975894,3.022772199877973,0.0,0.0,1.0,0.0,1.0,1.0
4,185,5.699269891252873,7.696199408641319,1.0,0.0,0.0,0.0,1.0,1.0
5,185,8.92984110721821,5.884202580850119,1.0,0.0,0.0,1.0,0.0,0.0
6,185,8.017910122271816,6.278713287506666,0.0,1.0,0.0,1.0,0.0,0.0
7,185,2.259406521117828,12.0,0.0,1.0,0.0,0.0,0.0,0.0
8,185,10.901020558610952,3.758817316872468,0.0,0.0,1.0,1.0,0.0,1.0
9,185,3.1919226027584924,9.458790688365124,0.0,0.0,0.0,1.0,0.0,1.0
10,185,2.3366726530556607,1.1471931113232754,0.0,1.0,0.0,0.0,1.0,1.0
11,185,1.1449362276396275,9.59281991955764,0.0,1.0,1.0,0.0,0.0,1.0
12,185,6.644674044596328,5.3455419674488125,1.0,1.0,0.0,0.0,1.0,0.0
13,185,8.78155290207829,11.679221326556242,0.0,0.0,1.0,0.0,1.0,0.0
14,185,4.139178465520971,12.0,1.0,1.0,0.0,0.0,1.0,0.0
15,185,10.386888203258405,0.5657728728523969,0.0,0.0,0.0,0.0,1.0,1.0
16,185,12.0,0.4330450353039248,0.0,0.0,0.0,1.0,0.0,0.0
17,185,6.963243531530683,2.1437471194179114,1.0,0.0,0.0,0.0,1.0,0.0
18,185,2.2205626804744174,7.110039474588339,0.0,1.0,0.0,1.0,0.0,0.0
19,185,5.2735371787677625,7.0874164684100105,1.0,0.0,1.0,0.0,0.0,0.0
0,190,2.0600913548004742,7.400004955428656,1.0,0.0,0.0,1.0,0.0,1.0
1,190,3.615677200930743,9.320375590322996,0.0,0.0,0.0,0.0,1.0,0.0
2,190,5.050977319766946,12.0,0.0,0.0,1.0,1.0,1.0,0.0
3,190,8.828593450717737,3.029052825207313,0.0,0.0,1.0,0.0,1.0,1.0
4,190,5.602729110267631,7.677411679157012,1.0,0.0,0.0,0.0,1.0,1.0
5,190,8.914971485942235,5.814647004790418,1.0,0.0,0.0,1.0,0.0,0.0
6,190,8.009049756800598,6.263527525944027,0.0,1.0,0.0,1.0,0.0,0.0
7,190,2.3809187150599307,12.0,0.0,1.0,0.0,0.0,0.0,0.0
8,190,11.046529101792723,3.802995930692885,0.0,0.0,1.0,1.0,0.0,1.0
9,190,3.184236609544442,9.436314201186043,0.0,0.0,0.0,1.0,0.0,1.0
10,190,2.340679748779804,1.2921396657971789,0.0,1.0,0.0,0.0,1.0,1.0
11,190,1.1002590821095628,9.622186006242613,0.0,1.0,1.0,0.0,0.0,1.0
12,190,6.632772193237066,5.331837799681003,1.0,1.0,0.0,0.0,1.0,0.0
13,190,8.837630699728136,11.809899601548702,0.0,0.0,1.0,0.0,1.0,0.0
14,190,4.177070701209753,12.0,1.0,1.0,0.0,0.0,1.0,0.0
15,190,10.391253631011931,0.5479860546654929,0.0,0.0,0.0,0.0,1.0,1.0
16,190,12.0,0.4538407311377641,0.0,0.0,0.0,1.0,0.0,0.0
17,190,6.95495220335137,2.174888195032102,1.0,0.0,0.0,0.0,1.0,0.0
18,190,2.2158116034187127,7.11600065977643,0.0,1.0,0.0,1.0,0.0,0.0
19,190,5.208883380319599,6.911423551736109,1.0,0.0,1.0,0.0,0.0,0.0
0,195,2.075926609351092,7.300353315143276,1.0,0.0,0.0,1.0,0.0,1.0
1,195,3.5884124245410027,9.32603640177025,0.0,0.0,0.0,0.0,1.0,0.0
2,195,5.165229591159397,12.0,0.0,0.0,1.0,1.0,1.0,0.0
3,195,8.98946184932135,3.03432094420924,0.0,0.0,1.0,0.0,1.0,1.0
4,195,5.507515741171501,7.659778139358426,1.0,0.0,0.0,0.0,1.0,1.0
5,195,8.89980635156185,5.741826528697316,1.0,0.0,0.0,1.0,0.0,0.0
6,195,7.988082923305152,6.226561559789449,0.0,1.0,0.0,1.0,0.0,0.0
7,195,2.4793898976795123,12.0,0.0,1.0,0.0,0.0,0.0,0.0
8,195,11.187257425287871,3.8461621776515473,0.0,0.0,1.0,1.0,0.0,1.0
9,195,3.180229157133437,9.42405780436283,0.0,0.0,0.0,1.0,0.0,1.0
10,195,2.3470366393341915,1.40934633323823,0.0,1.0,0.0,0.0,1.0,1.0
11,195,1.0640627934996674,9.645368478031708,0.0,1.0,1.0,0.0,0.0,1.0
12,195,6.627115433407699,5.325115107873695,1.0,1.0,0.0,0.0,1.0,0.0
13,195,8.8796702972409,11.915359852960911,0.0,0.0,1.0,0.0,1.0,0.0
14,195,4.208927215960407,12.0,1.0,1.0,0.0,0.0,1.0,0.0
15,195,10.392511680110683,0.5429073156971481,0.0,0.0,0.0,0.0,1.0,1.0
16,195,12.0,0.4762536647152686,0.0,0.0,0.0,1.0,0.0,0.0
17,195,6.94173257515132,2.2201692867962013,1.0,0.0,0.0,0.0,1.0,0.0
18,195,2.2217934396055874,7.108620402815882,0.0,1.0,0.0,1.0,0.0,0.0
19,195,5.144317525118437,6.730700727307173,1.0,0.0,1.0,0.0,0.0,0.0
0,200,2.0924479401741545,7.1962749552763245,1.0,0.0,0.0,1.0,0.0,1.0
1,200,3.5640626900356183,9.33086602608414,0.0,0.0,0.0,0.0,1.0,0.0
2,200,5.188494074316124,11.879952537769483,0.0,0.0,1.0,1.0,1.0,0.0
3,200,9.121589532596758,3.036768737390617,0.0,0.0,1.0,0.0,1.0,1.0
4,200,5.421701299248823,7.648375060907263,1.0,0.0,0.0,0.0,1.0,1.0
5,200,8.884700128235332,5.672726936144604,1.0,0.0,0.0,1.0,0.0,0.0
6,200,7.970230096056846,6.195904256974489,0.0,1.0,0.0,1.0,0.0,0.0
7,200,2.583852002129823,12.0,0.0,1.0,0.0,0.0,0.0,0.0
8,200,11.312738300121604,3.885904076574663,0.0,0.0,1.0,1.0,0.0,1.0
9,200,3.176489597021188,9.412632305061749,0.0,0.0,0.0,1.0,0.0,1.0
10,200,2.3564705152507885,1.5319382067448108,0.0,1.0,0.0,0.0,1.0,1.0
11,200,1.0542309543960346,9.651502860406996,0.0,1.0,1.0,0.0,0.0,1.0
12,200,6.623380360671659,5.32067483378439,1.0,1.0,0.0,0.0,1.0,0.0
13,200,8.918451441054984,12.0,0.0,0.0,1.0,0.0,1.0,0.0
14,200,4.235393089467992,12.0,1.0,1.0,0.0,0.0,1.0,0.0
15,200,10.395937441859392,0.5289116154327139,0.0,0.0,0.0,0.0,1.0,1.0
16,200,12.0,0.5000880808284046,0.0,0.0,0.0,1.0,0.0,0.0
17,200,6.923578436864535,2.2826295463473985,1.0,0.0,0.0,0.0,1.0,0.0
18,200,2.2440135241017765,7.0818645968382095,0.0,1.0,0.0,1.0,0.0,0.0
19,200,5.07709786609089,6.547849760574695,1.0,0.0,1.0,0.0,0.0,0.0
0,205,2.1128360869261007,7.096818874094118,1.0,0.0,0.0,1.0,0.0,1.0
1,205,3.551886816477568,9.332952941304097,0.0,0.0,0.0,0.0,1.0,0.0
2,205,5.213918514285169,11.74443659681203,0.0,0.0,1.0,1.0,1.0,0.0
3,205,9.244345680736624,3.041418440127027,0.0,0.0,1.0,0.0,1.0,1.0
4,205,5.360003635418583,7.639462993774196,1.0,0.0,0.0,0.0,1.0,1.0
5,205,8.873315849966119,5.611178205773575,1.0,0.0,0.0,1.0,0.0,0.0
6,205,7.952537507297216,6.165216209129646,0.0,1.0,0.0,1.0,0.0,0.0
7,205,2.672200830507009,12.0,0.0,1.0,0.0,0.0,0.0,0.0
8,205,11.434441616809526,3.9250421056136977,0.0,0.0,1.0,1.0,0.0,1.0
9,205,3.174852990776535,9.407437937507318,0.0,0.0,0.0,1.0,0.0,1.0
10,205,2.3675211423026434,1.6544938387655284,0.0,1.0,0.0,0.0,1.0,1.0
11,205,1.0488647330533276,9.654759332374564,0.0,1.0,1.0,0.0,0.0,1.0
12,205,6.618173339814271,5.314567571339235,1.0,1.0,0.0,0.0,1.0,0.0
13,205,8.956708176038934,12.0,0.0,0.0,1.0,0.0,1.0,0.0
14,205,4.266259332595547,12.0,1.0,1.0,0.0,0.0,1.0,0.0
15,205,10.399834021702372,0.5145717036685449,0.0,0.0,0.0,0.0,1.0,1.0
16,205,12.0,0.5221353166771312,0.0,0.0,0.0,1.0,0.0,0.0
17,205,6.899939683717075,2.368741604076203,1.0,0.0,0.0,0.0,1.0,0.0
18,205,2.247673240321092,7.077520048472971,0.0,1.0,0.0,1.0,0.0,0.0
19,205,5.010787729306382,6.37044514361089,1.0,0.0,1.0,0.0,0.0,0.0
0,210,2.135859566679219,6.994861264515562,1.0,0.0,0.0,1.0,0.0,1.0
1,210,3.53064109734742,9.336144723612586,0.0,0.0,0.0,0.0,1.0,0.0
2,210,5.243751561666199,11.608010897928638,0.0,0.0,1.0,1.0,1.0,0.0
3,210,9.338548277505042,3.0443555804933013,0.0,0.0,1.0,0.0,1.0,1.0
4,210,5.291972006985438,7.630863390873055,1.0,0.0,0.0,0.0,1.0,1.0
5,210,8.86351842971141,5.555608038520653,1.0,0.0,0.0,1.0,0.0,0.0
6,210,7.93502228120232,6.133937048341115,0.0,1.0,0.0,1.0,0.0,0.0
7,210,2.7469687165967827,12.0,0.0,1.0,0.0,0.0,0.0,0.0
8,210,11.55835474537621,3.964548923533065,0.0,0.0,1.0,1.0,0.0,1.0
9,210,3.167286888421877,9.384664007481918,0.0,0.0,0.0,1.0,0.0,1.0
10,210,2.379449607106955,1.7926330705942366,0.0,1.0,0.0,0.0,1.0,1.0
11,210,1.0399960317225674,9.660145874321788,0.0,1.0,1.0,0.0,0.0,1.0
12,210,6.625358501018448,5.3229258446689895,1.0,1.0,0.0,0.0,1.0,0.0
13,210,9.002341141385841,12.0,0.0,0.0,1.0,0.0,1.0,0.0
14,210,4.301823443996645,12.0,1.0,1.0,0.0,0.0,1.0,0.0
15,210,10.398844580729268,0.5186363293517118,0.0,0.0,0.0,0.0,1.0,1.0
16,210,12.0,0.5452889998248565,0.0,0.0,0.0,1.0,0.0,0.0
17,210,6.874768248358189,2.459670987513129,1.0,0.0,0.0,0.0,1.0,0.0
18,210,2.259576211737904,7.062544459717174,0.0,1.0,0.0,1.0,0.0,0.0
19,210,4.953151592166055,6.20811236357119,1.0,0.0,1.0,0.0,0.0,0.0
0,215,2.160361665703732,6.8886918750561605,1.0,0.0,0.0,1.0,0.0,1.0
1,215,3.484446362513156,9.342409073084855,0.0,0.0,0.0,0.0,1.0,0.0
2,215,5.273993021040006,11.469632219333398,0.0,0.0,1.0,1.0,1.0,0.0
3,215,9.455731676714104,3.0478098146082897,0.0,0.0,1.0,0.0,1.0,1.0
4,215,5.214892387367321,7.621983808210514,1.0,0.0,0.0,0.0,1.0,1.0
5,215,8.856162946274537,5.509065765982626,1.0,0.0,0.0,1.0,0.0,0.0
6,215,7.920604774548606,6.106705839092117,0.0,1.0,0.0,1.0,0.0,0.0
7,215,2.830010218760735,12.0,0.0,1.0,0.0,0.0,0.0,0.0
8,215,11.676957088220638,4.006334045899242,0.0,0.0,1.0,1.0,0.0,1.0
9,215,3.15941281319133,9.360738504742253,0.0,0.0,0.0,1.0,0.0,1.0
10,215,2.3947028407707567,1.9502409601401696,0.0,1.0,0.0,0.0,1.0,1.0
11,215,1.0319577105731828,9.66541328865174,0.0,1.0,1.0,0.0,0.0,1.0
12,215,6.631166504769499,5.329531308776748,1.0,1.0,0.0,0.0,1.0,0.0
13,215,9.056694354455509,12.0,0.0,0.0,1.0,0.0,1.0,0.0
14,215,4.329175826072336,12.0,1.0,1.0,0.0,0.0,1.0,0.0
15,215,10.40170229483402,0.5069381301634467,0.0,0.0,0.0,0.0,1.0,1.0
16,215,12.0,0.5668929190924936,0.0,0.0,0.0,1.0,0.0,0.0
17,215,6.852150672378405,2.553227039275237,1.0,0.0,0.0,0.0,1.0,0.0
18,215,2.259526683970196,7.062608415694822,0.0,1.0,0.0,1.0,0.0,0.0
19,215,4.890428784203495,6.0144452727923845,1.0,0.0,1.0,0.0,0.0,0.0
0,220,2.183882703535318,6.795118165891897,1.0,0.0,0.0,1.0,0.0,1.0
1,220,3.4492956613733887,9.347426324726284,0.0,0.0,0.0,0.0,1.0,0.0
2,220,5.297082087011688,11.370399419404231,0.0,0.0,1.0,1.0,1.0,0.0
3,220,9.576892532180038,3.051873532258575,0.0,0.0,1.0,0.0,1.0,1.0
4,220,5.139927371392626,7.611770038700552,1.0,0.0,0.0,0.0,1.0,1.0
5,220,8.847133655264559,5.445245016662622,1.0,0.0,0.0,1.0,0.0,0.0
6,220,7.907890838847066,6.084180112638179,0.0,1.0,0.0,1.0,0.0,0.0
7,220,2.896463222523344,12.0,0.0,1.0,0.0,0.0,0.0,0.0
8,220,11.798738112638482,4.047143872450115,0.0,0.0,1.0,1.0,0.0,1.0
9,220,3.150504459622411,9.3335776214749,0.0,0.0,0.0,1.0,0.0,1.0
10,220,2.4146747533129727,2.111909069809794,0.0,1.0,0.0,0.0,1.0,1.0
11,220,1.0186975972533474,9.673794034038728,0.0,1.0,1.0,0.0,0.0,1.0
12,220,6.624307374584364,5.321541123842132,1.0,1.0,0.0,0.0,1.0,0.0
13,220,9.115503655108045,12.0,0.0,0.0,1.0,0.0,1.0,0.0
14,220,4.348621214988523,12.0,1.0,1.0,0.0,0.0,1.0,0.0
15,220,10.402971984429591,0.5017355910495167,0.0,0.0,0.0,0.0,1.0,1.0
16,220,12.0,0.5893780017366893,0.0,0.0,0.0,1.0,0.0,0.0
17,220,6.825632353983358,2.662076466894766,1.0,0.0,0.0,0.0,1.0,0.0
18,220,2.259895861269144,7.062150366019443,0.0,1.0,0.0,1.0,0.0,0.0
19,220,4.826430711979788,5.810095912489894,1.0,0.0,1.0,0.0,0.0,0.0
0,225,2.202497540171111,6.722573852130763,1.0,0.0,0.0,1.0,0.0,1.0
1,225,3.412170537625618,9.351635819878704,0.0,0.0,0.0,0.0,1.0,0.0
2,225,5.314136290413397,11.29497018613221,0.0,0.0,1.0,1.0,1.0,0.0
3,225,9.71132852870118,3.059111845254909,0.0,0.0,1.0,0.0,1.0,1.0
4,225,5.06170327688644,7.601363884234546,1.0,0.0,0.0,0.0,1.0,1.0
5,225,8.841083289555833,5.390940390498879,1.0,0.0,0.0,1.0,0.0,0.0
6,225,7.89010854277771,6.053103275386543,0.0,1.0,0.0,1.0,0.0,0.0
7,225,2.980673101526222,12.0,0.0,1.0,0.0,0.0,0.0,0.0
8,225,11.944687216858568,4.097318037096697,0.0,0.0,1.0,1.0,0.0,1.0
9,225,3.126036712699465,9.266683622196304,0.0,0.0,0.0,1.0,0.0,1.0
10,225,2.4429311359649253,2.290964304871032,0.0,1.0,0.0,0.0,1.0,1.0
11,225,1.004774747937097,9.651235823278636,0.0,1.0,1.0,0.0,0.0,1.0
12,225,6.626581431407278,5.324098717349094,1.0,1.0,0.0,0.0,1.0,0.0
13,225,9.178331094080672,12.0,0.0,0.0,1.0,0.0,1.0,0.0
14,225,4.324446038842586,12.0,1.0,1.0,0.0,0.0,1.0,0.0
15,225,10.404921918931649,0.4935064971886398,0.0,0.0,0.0,0.0,1.0,1.0
16,225,12.0,0.6107264508805227,0.0,0.0,0.0,1.0,0.0,0.0
17,225,6.807118717748089,2.7508291743180826,1.0,0.0,0.0,0.0,1.0,0.0
18,225,2.266360036129915,7.053917400670536,0.0,1.0,0.0,1.0,0.0,0.0
19,225,4.767645850035668,5.586201448328058,1.0,0.0,1.0,0.0,0.0,0.0
0,230,2.2217483661821253,6.640556500030079,1.0,0.0,0.0,1.0,0.0,1.0
1,230,3.370309609571653,9.356605502705971,0.0,0.0,0.0,0.0,1.0,0.0
2,230,5.327527613013924,11.23959891005116,0.0,0.0,1.0,1.0,1.0,0.0
3,230,9.83479348778754,3.064465424799254,0.0,0.0,1.0,0.0,1.0,1.0
4,230,4.983063875570859,7.591641624259538,1.0,0.0,0.0,0.0,1.0,1.0
5,230,8.837084844843165,5.357528373169632,1.0,0.0,0.0,1.0,0.0,0.0
6,230,7.859657536509669,5.997932292899991,0.0,1.0,0.0,1.0,0.0,0.0
7,230,3.071934012868648,12.0,0.0,1.0,0.0,0.0,0.0,0.0
8,230,12.0,4.139890732625735,0.0,0.0,1.0,1.0,0.0,1.0
9,230,3.102975354696888,9.20757749512594,0.0,0.0,0.0,1.0,0.0,1.0
10,230,2.4708733623899293,2.4498553099421767,0.0,1.0,0.0,0.0,1.0,1.0
11,230,1.0025530418409652,9.647708773165524,0.0,1.0,1.0,0.0,0.0,1.0
12,230,6.627690334530239,5.325360987376571,1.0,1.0,0.0,0.0,1.0,0.0
13,230,9.230529869300804,12.0,0.0,0.0,1.0,0.0,1.0,0.0
14,230,4.311940388554179,12.0,1.0,1.0,0.0,0.0,1.0,0.0
15,230,10.404804763651985,0.4940977919609652,0.0,0.0,0.0,0.0,1.0,1.0
16,230,12.0,0.6351721762040258,0.0,0.0,0.0,1.0,0.0,0.0
17,230,6.786696169172329,2.8362668818911265,1.0,0.0,0.0,0.0,1.0,0.0
18,230,2.271215782896085,7.047946900070925,0.0,1.0,0.0,1.0,0.0,0.0
19,230,4.707269849332869,5.354081030055955,1.0,0.0,1.0,0.0,0.0,0.0
0,235,2.238706704214812,6.566374414879281,1.0,0.0,0.0,1.0,0.0,1.0
1,235,3.3435940936021677,9.359932324762164,0.0,0.0,0.0,0.0,1.0,0.0
2,235,5.344866701511299,11.172601862878258,0.0,0.0,1.0,1.0,1.0,0.0
3,235,9.970290626394275,3.065106493051613,0.0,0.0,1.0,0.0,1.0,1.0
4,235,4.877231201300192,7.576450691732003,1.0,0.0,0.0,0.0,1.0,1.0
5,235,8.835668458309454,5.345333872849372,1.0,0.0,0.0,1.0,0.0,0.0
6,235,7.824948526956203,5.937275340260787,0.0,1.0,0.0,1.0,0.0,0.0
7,235,3.173591427375595,12.0,0.0,1.0,0.0,0.0,0.0,0.0
8,235,12.0,4.176902335090651,0.0,0.0,1.0,1.0,0.0,1.0
9,235,3.0769217474908355,9.1387226825318,0.0,0.0,0.0,1.0,0.0,1.0
10,235,2.502123685235617,2.6295189124328924,0.0,1.0,0.0,0.0,1.0,1.0
11,235,1.006054116101061,9.653505045356022,0.0,1.0,1.0,0.0,0.0,1.0
12,235,6.61258127079072,5.308260016099907,1.0,1.0,0.0,0.0,1.0,0.0
13,235,9.278000557663184,12.0,0.0,0.0,1.0,0.0,1.0,0.0
14,235,4.292586785031372,12.0,1.0,1.0,0.0,0.0,1.0,0.0
15,235,10.403539555210465,0.500547060830161,0.0,0.0,0.0,0.0,1.0,1.0
16,235,12.0,0.6608752378396431,0.0,0.0,0.0,1.0,0.0,0.0
17,235,6.762762818787731,2.931229244488491,1.0,0.0,0.0,0.0,1.0,0.0
18,235,2.256065234535835,7.06677446694215,0.0,1.0,0.0,1.0,0.0,0.0
19,235,4.653464345214799,5.135069758308942,1.0,0.0,1.0,0.0,0.0,0.0
0,240,2.2594592665635758,6.48749723562366,1.0,0.0,0.0,1.0,0.0,1.0
1,240,3.339340592893384,9.36050179870942,0.0,0.0,0.0,0.0,1.0,0.0
2,240,5.365026321665644,11.096396855207294,0.0,0.0,1.0,1.0,1.0,0.0
3,240,10.097681005845386,3.065085044553474,0.0,0.0,1.0,0.0,1.0,1.0
4,240,4.766563328528194,7.564367421153404,1.0,0.0,0.0,0.0,1.0,1.0
5,240,8.832555306011349,5.318914530206245,1.0,0.0,0.0,1.0,0.0,0.0
6,240,7.784576198065928,5.866051477864903,0.0,1.0,0.0,1.0,0.0,0.0
7,240,3.257761770877437,12.0,0.0,1.0,0.0,0.0,0.0,0.0
8,240,12.0,4.219252329729465,0.0,0.0,1.0,1.0,0.0,1.0
9,240,3.05381234019957,9.07765707767819,0.0,0.0,0.0,1.0,0.0,1.0
10,240,2.533264410903361,2.819260486274415,0.0,1.0,0.0,0.0,1.0,1.0
11,240,1.0127327016183545,9.663831476520624,0.0,1.0,1.0,0.0,0.0,1.0
12,240,6.603400198617296,5.298035037779354,1.0,1.0,0.0,0.0,1.0,0.0
13,240,9.319601885200235,12.0,0.0,0.0,1.0,0.0,1.0,0.0
14,240,4.267722014650419,12.0,1.0,1.0,0.0,0.0,1.0,0.0
15,240,10.400517171770836,0.5170261587817782,0.0,0.0,0.0,0.0,1.0,1.0
16,240,12.0,0.6829418757481134,0.0,0.0,0.0,1.0,0.0,0.0
17,240,6.738999329587793,3.0296191196140008,1.0,0.0,0.0,0.0,1.0,0.0
18,240,2.2671205696395567,7.075335416779186,0.0,1.0,0.0,1.0,0.0,0.0
19,240,4.599540203023227,4.919044932546564,1.0,0.0,1.0,0.0,0.0,0.0
0,245,2.2790401921453984,6.415445410732826,1.0,0.0,0.0,1.0,0.0,1.0
1,245,3.344600636280737,9.35966411302056,0.0,0.0,0.0,0.0,1.0,0.0
2,245,5.391213221997607,11.001103466838911,0.0,0.0,1.0,1.0,1.0,0.0
3,245,10.211064910211425,3.0642428247796936,0.0,0.0,1.0,0.0,1.0,1.0
4,245,4.623602614254505,7.552294319932927,1.0,0.0,0.0,0.0,1.0,1.0
5,245,8.876093601355356,5.313806938822226,1.0,0.0,0.0,1.0,0.0,0.0
6,245,7.730228786052497,5.773736593239816,0.0,1.0,0.0,1.0,0.0,0.0
7,245,3.359513035892528,12.0,0.0,1.0,0.0,0.0,0.0,0.0
8,245,12.0,4.267293488275304,0.0,0.0,1.0,1.0,0.0,1.0
9,245,3.030948911608584,9.01927959760462,0.0,0.0,0.0,1.0,0.0,1.0
10,245,2.570923087201737,3.0299465119091598,0.0,1.0,0.0,0.0,1.0,1.0
11,245,1.0130155210936225,9.664284643373756,0.0,1.0,1.0,0.0,0.0,1.0
12,245,6.598996856941396,5.293198995094186,1.0,1.0,0.0,0.0,1.0,0.0
13,245,9.361552592358931,12.0,0.0,0.0,1.0,0.0,1.0,0.0
14,245,4.2448218287445965,12.0,1.0,1.0,0.0,0.0,1.0,0.0
15,245,10.398168846505378,0.5289646224368599,0.0,0.0,0.0,0.0,1.0,1.0
16,245,12.0,0.7093553550884396,0.0,0.0,0.0,1.0,0.0,0.0
17,245,6.719047416273398,3.1091857895662383,1.0,0.0,0.0,0.0,1.0,0.0
18,245,2.2941553867018905,7.096535658033765,0.0,1.0,0.0,1.0,0.0,0.0
19,245,4.5506268773904015,4.710028299926124,1.0,0.0,1.0,0.0,0.0,0.0
0,250,2.297382035628737,6.342735581063594,1.0,0.0,0.0,1.0,0.0,1.0
1,250,3.322594933230034,9.362048947289423,0.0,0.0,0.0,0.0,1.0,0.0
2,250,5.414463625868729,10.928673873872636,0.0,0.0,1.0,1.0,1.0,0.0
3,250,10.332910373760704,3.0633050679929164,0.0,0.0,1.0,0.0,1.0,1.0
4,250,4.472362693114827,7.540593378848156,1.0,0.0,0.0,0.0,1.0,1.0
5,250,8.923449190212079,5.30833571625326,1.0,0.0,0.0,1.0,0.0,0.0
6,250,7.685033963635904,5.696304173031952,0.0,1.0,0.0,1.0,0.0,0.0
7,250,3.485729059955797,12.0,0.0,1.0,0.0,0.0,0.0,0.0
8,250,12.0,4.306227528847121,0.0,0.0,1.0,1.0,0.0,1.0
9,250,3.0006401075695583,8.943451989098282,0.0,0.0,0.0,1.0,0.0,1.0
10,250,2.607773103414345,3.214537840499581,0.0,1.0,0.0,0.0,1.0,1.0
11,250,1.0280007124498505,9.688470942441,0.0,1.0,1.0,0.0,0.0,1.0
12,250,6.582518074366332,5.274737674041364,1.0,1.0,0.0,0.0,1.0,0.0
13,250,9.405258363020756,12.0,0.0,0.0,1.0,0.0,1.0,0.0
14,250,4.229383682576164,12.0,1.0,1.0,0.0,0.0,1.0,0.0
15,250,10.400465760074718,0.5170681717990445,0.0,0.0,0.0,0.0,1.0,1.0
16,250,12.0,0.7325614804592868,0.0,0.0,0.0,1.0,0.0,0.0
17,250,6.699039841720729,3.192915689381797,1.0,0.0,0.0,0.0,1.0,0.0
18,250,2.310037923511129,7.10944226426128,0.0,1.0,0.0,1.0,0.0,0.0
19,250,4.502525744187498,4.489189345657105,1.0,0.0,1.0,0.0,0.0,0.0
0,255,2.319221904363282,6.261245385887272,1.0,0.0,0.0,1.0,0.0,1.0
1,255,3.326570160112875,9.398762518489445,0.0,0.0,0.0,0.0,1.0,0.0
2,255,5.443528414511206,10.845975328295838,0.0,0.0,1.0,1.0,1.0,0.0
3,255,10.47454147315514,3.0610795431792006,0.0,0.0,1.0,0.0,1.0,1.0
4,255,4.335961006164062,7.5355675941785885,1.0,0.0,0.0,0.0,1.0,1.0
5,255,8.969958300177293,5.302698190900533,1.0,0.0,0.0,1.0,0.0,0.0
6,255,7.6392941636649825,5.617431062796845,0.0,1.0,0.0,1.0,0.0,0.0
7,255,3.3993940852370086,12.0,0.0,1.0,0.0,0.0,0.0,0.0
8,255,12.0,4.346380767342837,0.0,0.0,1.0,1.0,0.0,1.0
9,255,2.966875584791444,8.861366470684082,0.0,0.0,0.0,1.0,0.0,1.0
10,255,2.6408489138330995,3.3940657299292374,0.0,1.0,0.0,0.0,1.0,1.0
11,255,1.0415941226229657,9.708505233434108,0.0,1.0,1.0,0.0,0.0,1.0
12,255,6.577248588591022,5.268849727337422,1.0,1.0,0.0,0.0,1.0,0.0
13,255,9.444956524829577,12.0,0.0,0.0,1.0,0.0,1.0,0.0
14,255,4.239970915162159,11.992368532297684,1.0,1.0,0.0,0.0,1.0,0.0
15,255,10.409315232334553,0.4766678660470121,0.0,0.0,0.0,0.0,1.0,1.0
16,255,12.0,0.7509758048998901,0.0,0.0,0.0,1.0,0.0,0.0
17,255,6.682602198273079,3.262987996161105,1.0,0.0,0.0,0.0,1.0,0.0
18,255,2.337125317355386,7.129777803341739,0.0,1.0,0.0,1.0,0.0,0.0
19,255,4.455137925488112,4.260815903054968,1.0,0.0,1.0,0.0,0.0,0.0
0,260,2.3354837026968256,6.190258118192827,1.0,0.0,0.0,1.0,0.0,1.0
1,260,3.3287057363052908,9.417845792043645,0.0,0.0,0.0,0.0,1.0,0.0
2,260,5.477059817780603,10.749271295661076,0.0,0.0,1.0,1.0,1.0,0.0
3,260,10.607207680524027,3.0620165375099324,0.0,0.0,1.0,0.0,1.0,1.0
4,260,4.193259614642932,7.527394012304975,1.0,0.0,0.0,0.0,1.0,1.0
5,260,8.987361454411783,5.300321629330175,1.0,0.0,0.0,1.0,0.0,0.0
6,260,7.580910146513776,5.521867012609792,0.0,1.0,0.0,1.0,0.0,0.0
7,260,3.317410334635591,12.0,0.0,1.0,0.0,0.0,0.0,0.0
8,260,12.0,4.392252412167407,0.0,0.0,1.0,1.0,0.0,1.0
9,260,2.937756417263092,8.788007026448248,0.0,0.0,0.0,1.0,0.0,1.0
10,260,2.6664578394572103,3.5605707806357363,0.0,1.0,0.0,0.0,1.0,1.0
11,260,1.0476135300923404,9.71723845188834,0.0,1.0,1.0,0.0,0.0,1.0
12,260,6.564970818946524,5.254139135797899,1.0,1.0,0.0,0.0,1.0,0.0
13,260,9.491938538652606,12.0,0.0,0.0,1.0,0.0,1.0,0.0
14,260,4.24776140902072,11.98646061625067,1.0,1.0,0.0,0.0,1.0,0.0
15,260,10.418331801859829,0.4361527672263658,0.0,0.0,0.0,0.0,1.0,1.0
16,260,12.0,0.7717257263894028,0.0,0.0,0.0,1.0,0.0,0.0
17,260,6.666630827161137,3.3423191649632256,1.0,0.0,0.0,0.0,1.0,0.0
18,260,2.368052441537448,7.151797485386024,0.0,1.0,0.0,1.0,0.0,0.0
19,260,4.403459023546187,4.030931887642359,1.0,0.0,1.0,0.0,0.0,0.0
0,265,2.356009824165461,6.104254711516462,1.0,0.0,0.0,1.0,0.0,1.0
1,265,3.332541908553492,9.446477450560703,0.0,0.0,0.0,0.0,1.0,0.0
2,265,5.5123243678396205,10.65367779007492,0.0,0.0,1.0,1.0,1.0,0.0
3,265,10.734606518673743,3.060481389706306,0.0,0.0,1.0,0.0,1.0,1.0
4,265,4.065464909405288,7.516328108601949,1.0,0.0,0.0,0.0,1.0,1.0
5,265,9.001517845146347,5.298515877139203,1.0,0.0,0.0,1.0,0.0,0.0
6,265,7.525113644825551,5.430974347058931,0.0,1.0,0.0,1.0,0.0,0.0
7,265,3.2303985246866915,12.0,0.0,1.0,0.0,0.0,0.0,0.0
8,265,12.0,4.437671610786941,0.0,0.0,1.0,1.0,0.0,1.0
9,265,2.903765437315201,8.703350513838526,0.0,0.0,0.0,1.0,0.0,1.0
10,265,2.6893846537802677,3.720147130434232,0.0,1.0,0.0,0.0,1.0,1.0
11,265,1.0559454004553996,9.729296479488193,0.0,1.0,1.0,0.0,0.0,1.0
12,265,6.534292091801055,5.218421657327379,1.0,1.0,0.0,0.0,1.0,0.0
13,265,9.530527844254324,12.0,0.0,0.0,1.0,0.0,1.0,0.0
14,265,4.255000637659464,11.981215600172897,1.0,1.0,0.0,0.0,1.0,0.0
15,265,10.426955813148275,0.4010564157170632,0.0,0.0,0.0,0.0,1.0,1.0
16,265,12.0,0.7969503642652846,0.0,0.0,0.0,1.0,0.0,0.0
17,265,6.64904678910252,3.4197716428906064,1.0,0.0,0.0,0.0,1.0,0.0
18,265,2.39329318602231,7.170297951457641,0.0,1.0,0.0,1.0,0.0,0.0
19,265,4.345730010460439,3.796388813197886,1.0,0.0,1.0,0.0,0.0,0.0
0,270,2.377002972402729,6.0276150597318745,1.0,0.0,0.0,1.0,0.0,1.0
1,270,3.336800812942796,9.474236130980096,0.0,0.0,0.0,0.0,1.0,0.0
2,270,5.610442355340338,10.6900870549769,0.0,0.0,1.0,1.0,1.0,0.0
3,270,10.851906046149386,3.0584672752688635,0.0,0.0,1.0,0.0,1.0,1.0
4,270,3.930974863641696,7.504237730446641,1.0,0.0,0.0,0.0,1.0,1.0
5,270,8.99719108708327,5.299060953359956,1.0,0.0,0.0,1.0,0.0,0.0
6,270,7.473422850841932,5.339578264324314,0.0,1.0,0.0,1.0,0.0,0.0
7,270,3.139157292841495,12.0,0.0,1.0,0.0,0.0,0.0,0.0
8,270,12.0,4.4845214190069935,0.0,0.0,1.0,1.0,0.0,1.0
9,270,2.8672577863746387,8.613372248248792,0.0,0.0,0.0,1.0,0.0,1.0
10,270,2.7031338945001364,3.853856637589057,0.0,1.0,0.0,0.0,1.0,1.0
11,270,1.060023013853516,9.735354753011942,0.0,1.0,1.0,0.0,0.0,1.0
12,270,6.50058721600202,5.17901999734427,1.0,1.0,0.0,0.0,1.0,0.0
13,270,9.56565576246576,12.0,0.0,0.0,1.0,0.0,1.0,0.0
14,270,4.2486217086024505,11.985878427616212,1.0,1.0,0.0,0.0,1.0,0.0
15,270,10.432003438594752,0.3815495185342233,0.0,0.0,0.0,0.0,1.0,1.0
16,270,12.0,0.8281244223520242,0.0,0.0,0.0,1.0,0.0,0.0
17,270,6.628500577549172,3.509154340397942,1.0,0.0,0.0,0.0,1.0,0.0
18,270,2.417778101748143,7.188473200531374,0.0,1.0,0.0,1.0,0.0,0.0
19,270,4.285785198802026,3.5622636586046554,1.0,0.0,1.0,0.0,0.0,0.0
0,275,2.400006142115199,5.948973383477737,1.0,0.0,0.0,1.0,0.0,1.0
1,275,3.340137877364292,9.494762490989936,0.0,0.0,0.0,0.0,1.0,0.0
2,275,5.708208373732733,10.726702072589912,0.0,0.0,1.0,1.0,1.0,0.0
3,275,10.949362257428252,3.053700485173627,0.0,0.0,1.0,0.0,1.0,1.0
4,275,3.7982620491086663,7.494872553294588,1.0,0.0,0.0,0.0,1.0,1.0
5,275,9.006322956461204,5.297906222056832,1.0,0.0,0.0,1.0,0.0,0.0
6,275,7.4107852501181535,5.233536842179621,0.0,1.0,0.0,1.0,0.0,0.0
7,275,3.049623812085092,12.0,0.0,1.0,0.0,0.0,0.0,0.0
8,275,12.0,4.532503603860952,0.0,0.0,1.0,1.0,0.0,1.0
9,275,2.8272337425387235,8.518408880387973,0.0,0.0,0.0,1.0,0.0,1.0
10,275,2.7145371537826817,3.986913059184876,0.0,1.0,0.0,0.0,1.0,1.0
11,275,1.0583641981058984,9.733079642530976,0.0,1.0,1.0,0.0,0.0,1.0
12,275,6.480976053272929,5.157638193379946,1.0,1.0,0.0,0.0,1.0,0.0
13,275,9.600434305207353,12.0,0.0,0.0,1.0,0.0,1.0,0.0
14,275,4.241608381572775,11.991090720743095,1.0,1.0,0.0,0.0,1.0,0.0
15,275,10.441822046712389,0.3467177598442088,0.0,0.0,0.0,0.0,1.0,1.0
16,275,12.0,0.8577446490499229,0.0,0.0,0.0,1.0,0.0,0.0
17,275,6.606646049385216,3.602182131871394,1.0,0.0,0.0,0.0,1.0,0.0
18,275,2.440459899601097,7.204717304643097,0.0,1.0,0.0,1.0,0.0,0.0
19,275,4.224883945367141,3.312945702747377,1.0,0.0,1.0,0.0,0.0,0.0
0,280,2.420442855976159,5.878594702151784,1.0,0.0,0.0,1.0,0.0,1.0
1,280,3.3389354116929253,9.485562149646402,0.0,0.0,0.0,0.0,1.0,0.0
2,280,5.8137235798387366,10.765336746582843,0.0,0.0,1.0,1.0,1.0,0.0
3,280,11.05782036551232,3.0488386802348977,0.0,0.0,1.0,0.0,1.0,1.0
4,280,3.671894925089949,7.482909657347315,1.0,0.0,0.0,0.0,1.0,1.0
5,280,9.040160100948423,5.293122205482959,1.0,0.0,0.0,1.0,0.0,0.0
6,280,7.353375061364455,5.138375666114134,0.0,1.0,0.0,1.0,0.0,0.0
7,280,2.969505087203985,12.0,0.0,1.0,0.0,0.0,0.0,0.0
8,280,12.0,4.583082625107029,0.0,0.0,1.0,1.0,0.0,1.0
9,280,2.7859868979107114,8.420934499578392,0.0,0.0,0.0,1.0,0.0,1.0
10,280,2.7212217734316995,4.098697935273011,0.0,1.0,0.0,0.0,1.0,1.0
11,280,1.0637883947442628,9.740328211454036,0.0,1.0,1.0,0.0,0.0,1.0
12,280,6.46815847523433,5.143499916009119,1.0,1.0,0.0,0.0,1.0,0.0
13,280,9.646103945431912,12.0,0.0,0.0,1.0,0.0,1.0,0.0
14,280,4.22801013575944,12.0,1.0,1.0,0.0,0.0,1.0,0.0
15,280,10.453176122867196,0.3083926500566119,0.0,0.0,0.0,0.0,1.0,1.0
16,280,12.0,0.890013117935316,0.0,0.0,0.0,1.0,0.0,0.0
17,280,6.589215796052405,3.685443139244568,1.0,0.0,0.0,0.0,1.0,0.0
18,280,2.465258055884437,7.223270735243977,0.0,1.0,0.0,1.0,0.0,0.0
19,280,4.1636907344216665,3.0652111831868583,1.0,0.0,1.0,0.0,0.0,0.0
0,285,2.444560845625202,5.789566557938302,1.0,0.0,0.0,1.0,0.0,1.0
1,285,3.337117275541345,9.472935736103484,0.0,0.0,0.0,0.0,1.0,0.0
2,285,5.924977761876274,10.806132574170636,0.0,0.0,1.0,1.0,1.0,0.0
3,285,11.166105328410506,3.044417456317134,0.0,0.0,1.0,0.0,1.0,1.0
4,285,3.5700552507805714,7.473992547440095,1.0,0.0,0.0,0.0,1.0,1.0
5,285,9.084519356784805,5.287264369224332,1.0,0.0,0.0,1.0,0.0,0.0
6,285,7.297924429866231,5.048689776736164,0.0,1.0,0.0,1.0,0.0,0.0
7,285,2.891310046886734,12.0,0.0,1.0,0.0,0.0,0.0,0.0
8,285,12.0,4.633683779645777,0.0,0.0,1.0,1.0,0.0,1.0
9,285,2.748720358084896,8.333849601901203,0.0,0.0,0.0,1.0,0.0,1.0
10,285,2.729995830569677,4.204064362819947,0.0,1.0,0.0,0.0,1.0,1.0
11,285,1.070070474497647,9.748964617740766,0.0,1.0,1.0,0.0,0.0,1.0
12,285,6.443446147076157,5.116087981368195,1.0,1.0,0.0,0.0,1.0,0.0
13,285,9.697337957802423,12.0,0.0,0.0,1.0,0.0,1.0,0.0
14,285,4.205884280230721,12.0,1.0,1.0,0.0,0.0,1.0,0.0
15,285,10.464126367218611,0.2727193114103841,0.0,0.0,0.0,0.0,1.0,1.0
16,285,12.0,0.9182980406330284,0.0,0.0,0.0,1.0,0.0,0.0
17,285,6.573469410484475,3.7571498993795296,1.0,0.0,0.0,0.0,1.0,0.0
18,285,2.4714772775056564,7.228397917119661,0.0,1.0,0.0,1.0,0.0,0.0
19,285,4.101514235933958,2.8444569037088234,1.0,0.0,1.0,0.0,0.0,0.0
0,290,2.471259925560432,5.69522389141131,1.0,0.0,0.0,1.0,0.0,1.0
1,290,3.3372097197167387,9.473485104707835,0.0,0.0,0.0,0.0,1.0,0.0
2,290,6.034034181900677,10.849437709111143,0.0,0.0,1.0,1.0,1.0,0.0
3,290,11.2648910809228,3.038779440908071,0.0,0.0,1.0,0.0,1.0,1.0
4,290,3.4796314969391884,7.467922793199802,1.0,0.0,0.0,0.0,1.0,1.0
5,290,9.132581534042226,5.280988215434885,1.0,0.0,0.0,1.0,0.0,0.0
6,290,7.237811659086848,4.94464015260056,0.0,1.0,0.0,1.0,0.0,0.0
7,290,2.802887496233136,12.0,0.0,1.0,0.0,0.0,0.0,0.0
8,290,12.0,4.679945969322477,0.0,0.0,1.0,1.0,0.0,1.0
9,290,2.7138297052235485,8.253114306802132,0.0,0.0,0.0,1.0,0.0,1.0
10,290,2.738961295526696,4.298950046689659,0.0,1.0,0.0,0.0,1.0,1.0
11,290,1.0914488303780934,9.7783416366451,0.0,1.0,1.0,0.0,0.0,1.0
12,290,6.418587933725665,5.089166499864812,1.0,1.0,0.0,0.0,1.0,0.0
13,290,9.753504156783745,12.0,0.0,0.0,1.0,0.0,1.0,0.0
14,290,4.1888610142175065,12.0,1.0,1.0,0.0,0.0,1.0,0.0
15,290,10.471018751284229,0.2502982194662054,0.0,0.0,0.0,0.0,1.0,1.0
16,290,12.0,0.9425339853016984,0.0,0.0,0.0,1.0,0.0,0.0
17,290,6.55786910409839,3.826749886195559,1.0,0.0,0.0,0.0,1.0,0.0
18,290,2.4620237886971883,7.220639065568332,0.0,1.0,0.0,1.0,0.0,0.0
19,290,4.04194173776375,2.6372294637435783,1.0,0.0,1.0,0.0,0.0,0.0
0,295,2.5033833690731115,5.584601841865431,1.0,0.0,0.0,1.0,0.0,1.0
1,295,3.340028503901062,9.48974852920636,0.0,0.0,0.0,0.0,1.0,0.0
2,295,6.136272940449627,10.889017477434669,0.0,0.0,1.0,1.0,1.0,0.0
3,295,11.356091028875548,3.033874266172261,0.0,0.0,1.0,0.0,1.0,1.0
4,295,3.395530749862297,7.464438783244149,1.0,0.0,0.0,0.0,1.0,1.0
5,295,9.167639251564866,5.276135242646616,1.0,0.0,0.0,1.0,0.0,0.0
6,295,7.175216712484338,4.841495103527909,0.0,1.0,0.0,1.0,0.0,0.0
7,295,2.7130495944624395,12.0,0.0,1.0,0.0,0.0,0.0,0.0
8,295,12.0,4.727488794729278,0.0,0.0,1.0,1.0,0.0,1.0
9,295,2.681792371380117,8.179270447226493,0.0,0.0,0.0,1.0,0.0,1.0
10,295,2.7456863240331684,4.389826916983022,0.0,1.0,0.0,0.0,1.0,1.0
11,295,1.1125117529273831,9.808907954053184,0.0,1.0,1.0,0.0,0.0,1.0
12,295,6.387491243889298,5.0566984345090615,1.0,1.0,0.0,0.0,1.0,0.0
13,295,9.80402688737759,12.0,0.0,0.0,1.0,0.0,1.0,0.0
14,295,4.180262483031987,12.0,1.0,1.0,0.0,0.0,1.0,0.0
15,295,10.47943095203144,0.2255945052625726,0.0,0.0,0.0,0.0,1.0,1.0
16,295,12.0,0.9672818828560782,0.0,0.0,0.0,1.0,0.0,0.0
17,295,6.547316853329292,3.874800513577943,1.0,0.0,0.0,0.0,1.0,0.0
18,295,2.4575593368014075,7.217036178739128,0.0,1.0,0.0,1.0,0.0,0.0
19,295,3.975508806166416,2.406682381011088,1.0,0.0,1.0,0.0,0.0,0.0
