0,0,0.0,7.032483482473626,1.0,0.0,0.0,1.0,0.0,1.0
1,0,5.949106041139297,0.0023315781959745,0.0,1.0,0.0,1.0,1.0,1.0
2,0,1.0375547342926923,0.0197420172788969,0.0,1.0,0.0,0.0,1.0,1.0
3,0,0.0,1.0656247670000256,0.0,0.0,0.0,0.0,1.0,1.0
4,0,10.95652521185103,1.0111118040560272,0.0,0.0,1.0,1.0,1.0,1.0
5,0,10.99382264110673,5.939179994705365,0.0,1.0,0.0,1.0,0.0,0.0
6,0,6.977535504760102,4.042338303408526,1.0,0.0,1.0,0.0,0.0,0.0
7,0,9.03363355871813,5.976433113183621,0.0,1.0,0.0,1.0,0.0,0.0
8,0,3.0102062971862726,7.049912307638215,0.0,1.0,0.0,0.0,1.0,0.0
9,0,3.9527567844935296,10.973438118767826,1.0,0.0,1.0,1.0,0.0,0.0
10,0,3.017423949734741,7.044884855723673,0.0,0.0,1.0,1.0,0.0,1.0
11,0,5.0266357223720775,8.968459128314803,0.0,0.0,1.0,0.0,0.0,0.0
12,0,11.958600829035076,12.0,0.0,0.0,1.0,1.0,1.0,1.0
13,0,6.994739267290488,8.894384676898348,1.0,1.0,0.0,1.0,1.0,1.0
14,0,6.934726466881738,11.01186638004462,1.0,0.0,0.0,1.0,0.0,0.0
15,0,11.978704482516234,10.026042547396075,0.0,0.0,0.0,0.0,0.0,1.0
16,0,1.9616717576940224,10.951654297198708,0.0,0.0,0.0,0.0,1.0,1.0
17,0,6.964891148734575,11.037241657764913,1.0,0.0,0.0,0.0,0.0,1.0
18,0,3.908138015576054,7.022378905715201,0.0,0.0,0.0,1.0,0.0,1.0
19,0,8.969690384000737,1.0456289970212007,1.0,0.0,1.0,0.0,0.0,0.0
0,5,0.0,7.087509750562408,1.0,0.0,0.0,1.0,0.0,1.0
1,5,5.890284780621463,0.0039161087144773,0.0,1.0,0.0,1.0,1.0,1.0
2,5,1.0663833658268038,0.0350459221676276,0.0,1.0,0.0,0.0,1.0,1.0
3,5,0.0,1.104873732076253,0.0,0.0,0.0,0.0,1.0,1.0
4,5,10.91566265660743,1.021289845325802,0.0,0.0,1.0,1.0,1.0,1.0
5,5,10.985915448075072,5.877666547168075,0.0,1.0,0.0,1.0,0.0,0.0
6,5,6.9639575818124495,4.06663547956946,1.0,0.0,1.0,0.0,0.0,0.0
7,5,9.073185486704034,5.947610563577798,0.0,1.0,0.0,1.0,0.0,0.0
8,5,3.0194234217490985,7.097382370696611,0.0,1.0,0.0,0.0,1.0,0.0
9,5,3.907963658629917,10.949138642851231,1.0,0.0,1.0,1.0,0.0,0.0
10,5,3.036244715647465,7.0917197326354,0.0,0.0,1.0,1.0,0.0,1.0
11,5,5.045387584750743,8.944269503505991,0.0,0.0,1.0,0.0,0.0,0.0
12,5,11.912419021667317,12.0,0.0,0.0,1.0,1.0,1.0,1.0
13,5,6.989562600132534,8.771346613415712,1.0,1.0,0.0,1.0,1.0,1.0
14,5,6.870527078044325,11.023920446435117,1.0,0.0,0.0,1.0,0.0,0.0
15,5,11.956405193402126,10.053211553729623,0.0,0.0,0.0,0.0,0.0,1.0
16,5,1.9316893933233072,10.91010089910933,0.0,0.0,0.0,0.0,1.0,1.0
17,5,6.930881288967521,11.07231825179828,1.0,0.0,0.0,0.0,0.0,1.0
18,5,3.8213176386459753,7.0408094920183615,0.0,0.0,0.0,1.0,0.0,1.0
19,5,8.936648619876655,1.095896884820027,1.0,0.0,1.0,0.0,0.0,0.0
0,10,0.0,7.142540201831995,1.0,0.0,0.0,1.0,0.0,1.0
1,10,5.820050869337236,0.0072250166902657,0.0,1.0,0.0,1.0,1.0,1.0
2,10,1.0912569994865209,0.0491400722519492,0.0,1.0,0.0,0.0,1.0,1.0
3,10,0.0,1.1470770966176105,0.0,0.0,0.0,0.0,1.0,1.0
4,10,10.876301010805904,1.029988702350738,0.0,0.0,1.0,1.0,1.0,1.0
5,10,10.975829200118262,5.812255960234339,0.0,1.0,0.0,1.0,0.0,0.0
6,10,6.954525959343846,4.08241836555429,1.0,0.0,1.0,0.0,0.0,0.0
7,10,9.099708214574298,5.928119542869927,0.0,1.0,0.0,1.0,0.0,0.0
8,10,3.034247841278005,7.159640952871812,0.0,1.0,0.0,0.0,1.0,0.0
9,10,3.8929718819452472,10.976434603685112,1.0,0.0,1.0,1.0,0.0,0.0
10,10,3.0514191621964457,7.131189013242029,0.0,0.0,1.0,1.0,0.0,1.0
11,10,5.06299668145164,8.919609413524274,0.0,0.0,1.0,0.0,0.0,0.0
12,10,11.899995060000302,12.0,0.0,0.0,1.0,1.0,1.0,1.0
13,10,6.98475686169442,8.648655137228436,1.0,1.0,0.0,1.0,1.0,1.0
14,10,6.820487983467455,11.032894783384402,1.0,0.0,0.0,1.0,0.0,0.0
15,10,11.939536105914968,10.072650962227424,0.0,0.0,0.0,0.0,0.0,1.0
16,10,1.899277936341789,10.86452857211588,0.0,0.0,0.0,0.0,1.0,1.0
17,10,6.892184585747758,11.113329601849188,1.0,0.0,0.0,0.0,0.0,1.0
18,10,3.7409318075690794,7.056529035182992,0.0,0.0,0.0,1.0,0.0,1.0
19,10,8.889844116654787,1.1611817528526114,1.0,0.0,1.0,0.0,0.0,0.0
0,15,0.0,7.186423367990119,1.0,0.0,0.0,1.0,0.0,1.0
1,15,5.754744157034637,0.011202751331856,0.0,1.0,0.0,1.0,1.0,1.0
2,15,1.1291466893931736,0.0704360813226038,0.0,1.0,0.0,0.0,1.0,1.0
3,15,0.0,1.180832247814676,0.0,0.0,0.0,0.0,1.0,1.0
4,15,10.857774458774744,1.0340354026514884,0.0,0.0,1.0,1.0,1.0,1.0
5,15,10.969337864289846,5.767127622832989,0.0,1.0,0.0,1.0,0.0,0.0
6,15,6.946351064607659,4.095510171044341,1.0,0.0,1.0,0.0,0.0,0.0
7,15,9.136522972807631,5.901658077390493,0.0,1.0,0.0,1.0,0.0,0.0
8,15,3.046082151421001,7.212929700675689,0.0,1.0,0.0,0.0,1.0,0.0
9,15,3.87504534505267,11.006580932355492,1.0,0.0,1.0,1.0,0.0,0.0
10,15,3.0713358202293684,7.182076651172137,0.0,0.0,1.0,1.0,0.0,1.0
11,15,5.075994532926058,8.90148854680599,0.0,0.0,1.0,0.0,0.0,0.0
12,15,11.884569672259966,12.0,0.0,0.0,1.0,1.0,1.0,1.0
13,15,6.980780641636457,8.528893516511873,1.0,1.0,0.0,1.0,1.0,1.0
14,15,6.767397353643749,11.043128822515644,1.0,0.0,0.0,1.0,0.0,0.0
15,15,11.920939894345675,10.094052362420012,0.0,0.0,0.0,0.0,0.0,1.0
16,15,1.87468556622464,10.831656183589928,0.0,0.0,0.0,0.0,1.0,1.0
17,15,6.849555956788102,11.15866238817576,1.0,0.0,0.0,0.0,0.0,1.0
18,15,3.6719145375061206,7.070810960773367,0.0,0.0,0.0,1.0,0.0,1.0
19,15,8.853736521959467,1.210669094379115,1.0,0.0,1.0,0.0,0.0,0.0
0,20,0.0,7.221781054017177,1.0,0.0,0.0,1.0,0.0,1.0
1,20,5.686307072853829,0.0157207598027304,0.0,1.0,0.0,1.0,1.0,1.0
2,20,1.1889335723510923,0.1013828639824041,0.0,1.0,0.0,0.0,1.0,1.0
3,20,0.0,1.2118355634416382,0.0,0.0,0.0,0.0,1.0,1.0
4,20,10.845930530743042,1.0370125315851413,0.0,0.0,1.0,1.0,1.0,1.0
5,20,10.964293528316144,5.734316893671277,0.0,1.0,0.0,1.0,0.0,0.0
6,20,6.940144542333535,4.1054445528765005,1.0,0.0,1.0,0.0,0.0,0.0
7,20,9.152712665943422,5.890465062423014,0.0,1.0,0.0,1.0,0.0,0.0
8,20,3.0573205637297347,7.258388220443343,0.0,1.0,0.0,0.0,1.0,0.0
9,20,3.851903973831843,11.04440506295428,1.0,0.0,1.0,1.0,0.0,0.0
10,20,3.099137365227583,7.260506362528963,0.0,0.0,1.0,1.0,0.0,1.0
11,20,5.078700988692356,8.897783309122296,0.0,0.0,1.0,0.0,0.0,0.0
12,20,11.87587037449136,12.0,0.0,0.0,1.0,1.0,1.0,1.0
13,20,6.975694566843916,8.414200554595002,1.0,1.0,0.0,1.0,1.0,1.0
14,20,6.721348989696399,11.052349147652013,1.0,0.0,0.0,1.0,0.0,0.0
15,20,11.913681769453076,10.102134261375586,0.0,0.0,0.0,0.0,0.0,1.0
16,20,1.8613989983448025,10.814211172168898,0.0,0.0,0.0,0.0,1.0,1.0
17,20,6.800401487276769,11.2106373961032,1.0,0.0,0.0,0.0,0.0,1.0
18,20,3.590235387815701,7.087024425940384,0.0,0.0,0.0,1.0,0.0,1.0
19,20,8.807143249549638,1.2789626238208696,1.0,0.0,1.0,0.0,0.0,0.0
0,25,0.0,7.258586024799516,1.0,0.0,0.0,1.0,0.0,1.0
1,25,5.605630928383191,0.0213005903834019,0.0,1.0,0.0,1.0,1.0,1.0
2,25,1.241121788405735,0.1279565429986217,0.0,1.0,0.0,0.0,1.0,1.0
3,25,0.0,1.2104496012389097,0.0,0.0,0.0,0.0,1.0,1.0
4,25,10.82459815740919,1.0421156503400104,0.0,0.0,1.0,1.0,1.0,1.0
5,25,10.962610466721747,5.722443501194031,0.0,1.0,0.0,1.0,0.0,0.0
6,25,6.923484497514962,4.132394620744069,1.0,0.0,1.0,0.0,0.0,0.0
7,25,9.176602621021948,5.873740586853474,0.0,1.0,0.0,1.0,0.0,0.0
8,25,3.067446826191494,7.295962228408117,0.0,1.0,0.0,0.0,1.0,0.0
9,25,3.82301196779174,11.09258769239081,1.0,0.0,1.0,1.0,0.0,0.0
10,25,3.1254396864170904,7.33465754903129,0.0,0.0,1.0,1.0,0.0,1.0
11,25,5.06833033822166,8.911330936543909,0.0,0.0,1.0,0.0,0.0,0.0
12,25,11.866803100095394,12.0,0.0,0.0,1.0,1.0,1.0,1.0
13,25,6.974480273335432,8.313062644017592,1.0,1.0,0.0,1.0,1.0,1.0
14,25,6.666745809439474,11.06223906244676,1.0,0.0,0.0,1.0,0.0,0.0
15,25,11.901638362997362,10.116007203420796,0.0,0.0,0.0,0.0,0.0,1.0
16,25,1.8533544841116956,10.802766544407666,0.0,0.0,0.0,0.0,1.0,1.0
17,25,6.74526850602318,11.268301188463138,1.0,0.0,0.0,0.0,0.0,1.0
18,25,3.4804044823374305,7.106811157143015,0.0,0.0,0.0,1.0,0.0,1.0
19,25,8.760327709320329,1.3469833136530975,1.0,0.0,1.0,0.0,0.0,0.0
0,30,0.0,7.309477784050069,1.0,0.0,0.0,1.0,0.0,1.0
1,30,5.525196886421073,0.0256041063131999,0.0,1.0,0.0,1.0,1.0,1.0
2,30,1.283493271127752,0.1497015222615828,0.0,1.0,0.0,0.0,1.0,1.0
3,30,0.0040422526510046,1.2110545742760794,0.0,0.0,0.0,0.0,1.0,1.0
4,30,10.82614262934302,1.041734606776561,0.0,0.0,1.0,1.0,1.0,1.0
5,30,10.95935747328189,5.702185148674621,0.0,1.0,0.0,1.0,0.0,0.0
6,30,6.905916232845044,4.15960318323724,1.0,0.0,1.0,0.0,0.0,0.0
7,30,9.228604927789322,5.839125678743074,0.0,1.0,0.0,1.0,0.0,0.0
8,30,3.0202887074750384,7.308668635023657,0.0,1.0,0.0,0.0,1.0,0.0
9,30,3.791773384762374,11.14415057651979,1.0,0.0,1.0,1.0,0.0,0.0
10,30,3.145578916272561,7.392480763796439,0.0,0.0,1.0,1.0,0.0,1.0
11,30,5.0542934407482445,8.928883000489037,0.0,0.0,1.0,0.0,0.0,0.0
12,30,11.826331525607872,12.0,0.0,0.0,1.0,1.0,1.0,1.0
13,30,6.971671848958393,8.22389448159889,1.0,1.0,0.0,1.0,1.0,1.0
14,30,6.6251024673189285,11.07063325514956,1.0,0.0,0.0,1.0,0.0,0.0
15,30,11.89384915493716,10.124636984748625,0.0,0.0,0.0,0.0,0.0,1.0
16,30,1.8285004289085725,10.766791482712572,0.0,0.0,0.0,0.0,1.0,1.0
17,30,6.703527131782844,11.312278487658215,1.0,0.0,0.0,0.0,0.0,1.0
18,30,3.381052002866207,7.118694359505219,0.0,0.0,0.0,1.0,0.0,1.0
19,30,8.730171334771539,1.390613728854503,1.0,0.0,1.0,0.0,0.0,0.0
0,35,0.0,7.36036403170813,1.0,0.0,0.0,1.0,0.0,1.0
1,35,5.476220420257138,0.028432199256535,0.0,1.0,0.0,1.0,1.0,1.0
2,35,1.3315047979108074,0.1761262512707127,0.0,1.0,0.0,0.0,1.0,1.0
3,35,0.0,1.2376801693972577,0.0,0.0,0.0,0.0,1.0,1.0
4,35,10.816283519829964,1.04430483804692,0.0,0.0,1.0,1.0,1.0,1.0
5,35,10.955462553717815,5.683500528972286,0.0,1.0,0.0,1.0,0.0,0.0
6,35,6.883544030174424,4.193688089433304,1.0,0.0,1.0,0.0,0.0,0.0
7,35,9.278736166658613,5.806141393316557,0.0,1.0,0.0,1.0,0.0,0.0
8,35,3.004727148561433,7.312638154927892,0.0,1.0,0.0,0.0,1.0,0.0
9,35,3.7556966682860446,11.20363719458506,1.0,0.0,1.0,1.0,0.0,0.0
10,35,3.1631772772101128,7.446930127419488,0.0,0.0,1.0,1.0,0.0,1.0
11,35,5.035195547173361,8.951411317298296,0.0,0.0,1.0,0.0,0.0,0.0
12,35,11.796068577661424,12.0,0.0,0.0,1.0,1.0,1.0,1.0
13,35,6.970462910615577,8.127723688656166,1.0,1.0,0.0,1.0,1.0,1.0
14,35,6.551271997837444,11.084774911082782,1.0,0.0,0.0,1.0,0.0,0.0
15,35,11.88723583446615,10.131698028709078,0.0,0.0,0.0,0.0,0.0,1.0
16,35,1.799300570479526,10.724427166754218,0.0,0.0,0.0,0.0,1.0,1.0
17,35,6.653750813694113,11.365837844393203,1.0,0.0,0.0,0.0,0.0,1.0
18,35,3.275039603769429,7.1311149501066415,0.0,0.0,0.0,1.0,0.0,1.0
19,35,8.70765553354512,1.422689188306889,1.0,0.0,1.0,0.0,0.0,0.0
0,40,0.0,7.40291929700327,1.0,0.0,0.0,1.0,0.0,1.0
1,40,5.432891526925801,0.0305139663206431,0.0,1.0,0.0,1.0,1.0,1.0
2,40,1.3641131653800571,0.1954605194223542,0.0,1.0,0.0,0.0,1.0,1.0
3,40,0.0,1.2504790805796102,0.0,0.0,0.0,0.0,1.0,1.0
4,40,10.835737090536623,1.0386786998542592,0.0,0.0,1.0,1.0,1.0,1.0
5,40,10.951791000158511,5.665360773494091,0.0,1.0,0.0,1.0,0.0,0.0
6,40,6.864667855452924,4.2233992544207055,1.0,0.0,1.0,0.0,0.0,0.0
7,40,9.32508526337658,5.774634006531283,0.0,1.0,0.0,1.0,0.0,0.0
8,40,2.9646022578670235,7.321824066501567,0.0,1.0,0.0,0.0,1.0,0.0
9,40,3.718815880460793,11.264989148713218,1.0,0.0,1.0,1.0,0.0,0.0
10,40,3.1834858019703822,7.514328584283875,0.0,0.0,1.0,1.0,0.0,1.0
11,40,5.040198347640987,8.94543778836394,0.0,0.0,1.0,0.0,0.0,0.0
12,40,11.755473651553492,12.0,0.0,0.0,1.0,1.0,1.0,1.0
13,40,6.967695267145923,8.018753555403967,1.0,1.0,0.0,1.0,1.0,1.0
14,40,6.481618039113352,11.099672758046758,1.0,0.0,0.0,1.0,0.0,0.0
15,40,11.885177775050703,10.133873529107651,0.0,0.0,0.0,0.0,0.0,1.0
16,40,1.7838965166229157,10.701833685090683,0.0,0.0,0.0,0.0,1.0,1.0
17,40,6.5907650309278,11.431613554844892,1.0,0.0,0.0,0.0,0.0,1.0
18,40,3.1769169467159637,7.141978717891823,0.0,0.0,0.0,1.0,0.0,1.0
19,40,8.687452488627022,1.451901545886262,1.0,0.0,1.0,0.0,0.0,0.0
0,45,0.0,7.428481498604074,1.0,0.0,0.0,1.0,0.0,1.0
1,45,5.394636266003804,0.0320218637302571,0.0,1.0,0.0,1.0,1.0,1.0
2,45,1.4049408569642647,0.221506396377871,0.0,1.0,0.0,0.0,1.0,1.0
3,45,0.0,1.2641518239506953,0.0,0.0,0.0,0.0,1.0,1.0
4,45,10.861595052538906,1.0311373434743345,0.0,0.0,1.0,1.0,1.0,1.0
5,45,10.941310838319326,5.616431524626535,0.0,1.0,0.0,1.0,0.0,0.0
6,45,6.841285799217565,4.260829417085407,1.0,0.0,1.0,0.0,0.0,0.0
7,45,9.35770453491184,5.753477303931072,0.0,1.0,0.0,1.0,0.0,0.0
8,45,2.923681671684742,7.330807569100306,0.0,1.0,0.0,0.0,1.0,0.0
9,45,3.684566321111704,11.320179621687398,1.0,0.0,1.0,1.0,0.0,0.0
10,45,3.2079533086764545,7.588465869512837,0.0,0.0,1.0,1.0,0.0,1.0
11,45,5.050061434547486,8.933413249884188,0.0,0.0,1.0,0.0,0.0,0.0
12,45,11.73115234625551,12.0,0.0,0.0,1.0,1.0,1.0,1.0
13,45,6.967831275934049,7.910156680301696,1.0,1.0,0.0,1.0,1.0,1.0
14,45,6.400427992061664,11.11923537441904,1.0,0.0,0.0,1.0,0.0,0.0
15,45,11.88819501075618,10.130685885260544,0.0,0.0,0.0,0.0,0.0,1.0
16,45,1.764353305054105,10.672136276495856,0.0,0.0,0.0,0.0,1.0,1.0
17,45,6.537773727135856,11.487600237805664,1.0,0.0,0.0,0.0,0.0,1.0
18,45,3.074465128003292,7.154437411823229,0.0,0.0,0.0,1.0,0.0,1.0
19,45,8.656032366582933,1.4951739757050764,1.0,0.0,1.0,0.0,0.0,0.0
0,50,0.0,7.457602668366023,1.0,0.0,0.0,1.0,0.0,1.0
1,50,5.362397981437491,0.0339676166543198,0.0,1.0,0.0,1.0,1.0,1.0
2,50,1.422433818762172,0.2333718609218588,0.0,1.0,0.0,0.0,1.0,1.0
3,50,0.0,1.293124050631699,0.0,0.0,0.0,0.0,1.0,1.0
4,50,10.888215925461893,1.0229680106850856,0.0,0.0,1.0,1.0,1.0,1.0
5,50,10.928272254249183,5.555376155681527,0.0,1.0,0.0,1.0,0.0,0.0
6,50,6.835228168903787,4.270537314111588,1.0,0.0,1.0,0.0,0.0,0.0
7,50,9.4031140087224,5.724466362907009,0.0,1.0,0.0,1.0,0.0,0.0
8,50,2.8588940795597986,7.342461146314498,0.0,1.0,0.0,0.0,1.0,0.0
9,50,3.6426234065912,11.38560064158044,1.0,0.0,1.0,1.0,0.0,0.0
10,50,3.2404682018337394,7.689290556367587,0.0,0.0,1.0,1.0,0.0,1.0
11,50,5.04719718509478,8.936793159257071,0.0,0.0,1.0,0.0,0.0,0.0
12,50,11.696205521474653,12.0,0.0,0.0,1.0,1.0,1.0,1.0
13,50,6.9660666709843015,7.7749333614957505,1.0,1.0,0.0,1.0,1.0,1.0
14,50,6.328843821413817,11.13806087717981,1.0,0.0,0.0,1.0,0.0,0.0
15,50,11.887194740611925,10.131687539503735,0.0,0.0,0.0,0.0,0.0,1.0
16,50,1.7436111165940045,10.641525340132294,0.0,0.0,0.0,0.0,1.0,1.0
17,50,6.489792425288469,11.537885620720449,1.0,0.0,0.0,0.0,0.0,1.0
18,50,2.966906808207905,7.16690643566391,0.0,0.0,0.0,1.0,0.0,1.0
19,50,8.62697398795121,1.5352800505301594,1.0,0.0,1.0,0.0,0.0,0.0
0,55,0.0,7.498934204579131,1.0,0.0,0.0,1.0,0.0,1.0
1,55,5.33561481397478,0.0347841165037259,0.0,1.0,0.0,1.0,1.0,1.0
2,55,1.4427609485630972,0.2471141698163693,0.0,1.0,0.0,0.0,1.0,1.0
3,55,0.0,1.3266759499158427,0.0,0.0,0.0,0.0,1.0,1.0
4,55,10.905829422738428,1.0172074013191923,0.0,0.0,1.0,1.0,1.0,1.0
5,55,10.912936891959752,5.487058048517769,0.0,1.0,0.0,1.0,0.0,0.0
6,55,6.825998240894839,4.285605274690127,1.0,0.0,1.0,0.0,0.0,0.0
7,55,9.45228900823224,5.69129977237256,0.0,1.0,0.0,1.0,0.0,0.0
8,55,2.784985299533448,7.355320394481343,0.0,1.0,0.0,0.0,1.0,0.0
9,55,3.6045050488944894,11.443186784685174,1.0,0.0,1.0,1.0,0.0,0.0
10,55,3.274295342577225,7.792633445184173,0.0,0.0,1.0,1.0,0.0,1.0
11,55,5.031490367627313,8.955143363759602,0.0,0.0,1.0,0.0,0.0,0.0
12,55,11.66782479872942,12.0,0.0,0.0,1.0,1.0,1.0,1.0
13,55,6.963983300866801,7.643607338534828,1.0,1.0,0.0,1.0,1.0,1.0
14,55,6.248906244664577,11.157402122413878,1.0,0.0,0.0,1.0,0.0,0.0
15,55,11.886322909160624,10.132584715741617,0.0,0.0,0.0,0.0,0.0,1.0
16,55,1.7382400503801387,10.63362864741374,0.0,0.0,0.0,0.0,1.0,1.0
17,55,6.4375579338180735,11.591692182803047,1.0,0.0,0.0,0.0,0.0,1.0
18,55,2.90186677302255,7.173672786329668,0.0,0.0,0.0,1.0,0.0,1.0
19,55,8.594891817780155,1.579830039004092,1.0,0.0,1.0,0.0,0.0,0.0
0,60,0.0,7.517974535370728,1.0,0.0,0.0,1.0,0.0,1.0
1,60,5.320499560002445,0.0355422319005639,0.0,1.0,0.0,1.0,1.0,1.0
2,60,1.4581638378706072,0.2576369318669331,0.0,1.0,0.0,0.0,1.0,1.0
3,60,0.0,1.34607206960901,0.0,0.0,0.0,0.0,1.0,1.0
4,60,10.912440581438654,1.014925131600311,0.0,0.0,1.0,1.0,1.0,1.0
5,60,10.88738547276072,5.391714583218177,0.0,1.0,0.0,1.0,0.0,0.0
6,60,6.819372621189394,4.296534304424797,1.0,0.0,1.0,0.0,0.0,0.0
7,60,9.496193005429454,5.661242278243621,0.0,1.0,0.0,1.0,0.0,0.0
8,60,2.7078028766248963,7.367934846359194,0.0,1.0,0.0,0.0,1.0,0.0
9,60,3.5613637005448884,11.50693988018324,1.0,0.0,1.0,1.0,0.0,0.0
10,60,3.30640175177893,7.8820871153781775,0.0,0.0,1.0,1.0,0.0,1.0
11,60,5.008688743438101,8.980869396960879,0.0,0.0,1.0,0.0,0.0,0.0
12,60,11.6242219048918,12.0,0.0,0.0,1.0,1.0,1.0,1.0
13,60,6.961740863117376,7.521694119449978,1.0,1.0,0.0,1.0,1.0,1.0
14,60,6.18078031768474,11.172285737857653,1.0,0.0,0.0,1.0,0.0,0.0
15,60,11.864483048896387,10.153867357488888,0.0,0.0,0.0,0.0,0.0,1.0
16,60,1.737469058551801,10.632484699312087,0.0,0.0,0.0,0.0,1.0,1.0
17,60,6.388410600503637,11.643039080218756,1.0,0.0,0.0,0.0,0.0,1.0
18,60,2.8369865454553214,7.181631943504594,0.0,0.0,0.0,1.0,0.0,1.0
19,60,8.562343336618694,1.6249336033249504,1.0,0.0,1.0,0.0,0.0,0.0
0,65,0.0,7.52300811870533,1.0,0.0,0.0,1.0,0.0,1.0
1,65,5.336136079530514,0.0348416979855404,0.0,1.0,0.0,1.0,1.0,1.0
2,65,1.458088391898804,0.2575873358251652,0.0,1.0,0.0,0.0,1.0,1.0
3,65,0.0,1.3484633426460395,0.0,0.0,0.0,0.0,1.0,1.0
4,65,10.931227710902592,1.0091898378294004,0.0,0.0,1.0,1.0,1.0,1.0
5,65,10.864844646925103,5.317414349717808,0.0,1.0,0.0,1.0,0.0,0.0
6,65,6.81874936187003,4.297594822994119,1.0,0.0,1.0,0.0,0.0,0.0
7,65,9.541509932347717,5.630915908388565,0.0,1.0,0.0,1.0,0.0,0.0
8,65,2.637173414799117,7.378214358217571,0.0,1.0,0.0,0.0,1.0,0.0
9,65,3.533568664474801,11.548238011270652,1.0,0.0,1.0,1.0,0.0,0.0
10,65,3.3391903795352147,7.983496372002708,0.0,0.0,1.0,1.0,0.0,1.0
11,65,4.984051025232898,9.009104472825952,0.0,0.0,1.0,0.0,0.0,0.0
12,65,11.57615976417102,12.0,0.0,0.0,1.0,1.0,1.0,1.0
13,65,6.959382275853348,7.368901452587355,1.0,1.0,0.0,1.0,1.0,1.0
14,65,6.196715353839802,11.250353905363772,1.0,0.0,0.0,1.0,0.0,0.0
15,65,11.84563837267936,10.172520969939004,0.0,0.0,0.0,0.0,0.0,1.0
16,65,1.7575529103521423,10.66463926742587,0.0,0.0,0.0,0.0,1.0,1.0
17,65,6.324564164768712,11.707100577157949,1.0,0.0,0.0,0.0,0.0,1.0
18,65,2.776581690905077,7.1884067299493415,0.0,0.0,0.0,1.0,0.0,1.0
19,65,8.519202769643954,1.682937285482523,1.0,0.0,1.0,0.0,0.0,0.0
0,70,0.0,7.534580909135241,1.0,0.0,0.0,1.0,0.0,1.0
1,70,5.345182695373984,0.0344629794504951,0.0,1.0,0.0,1.0,1.0,1.0
2,70,1.4469752588909464,0.2504095098079318,0.0,1.0,0.0,0.0,1.0,1.0
3,70,0.0,1.3767436902553938,0.0,0.0,0.0,0.0,1.0,1.0
4,70,10.95757303851467,1.001656318500231,0.0,0.0,1.0,1.0,1.0,1.0
5,70,10.839170890145668,5.236933821803479,0.0,1.0,0.0,1.0,0.0,0.0
6,70,6.811736950830123,4.309037153574943,1.0,0.0,1.0,0.0,0.0,0.0
7,70,9.594251899095587,5.596167095249306,0.0,1.0,0.0,1.0,0.0,0.0
8,70,2.5632502309103704,7.388014284504554,0.0,1.0,0.0,0.0,1.0,0.0
9,70,3.515894039149676,11.575325039148735,1.0,0.0,1.0,1.0,0.0,0.0
10,70,3.3703607060447567,8.076982848425052,0.0,0.0,1.0,1.0,0.0,1.0
11,70,4.957618546740386,9.040155227101254,0.0,0.0,1.0,0.0,0.0,0.0
12,70,11.533603588601537,12.0,0.0,0.0,1.0,1.0,1.0,1.0
13,70,6.956426965940076,7.193991281994763,1.0,1.0,0.0,1.0,1.0,1.0
14,70,6.207036857954076,11.313008875357175,1.0,0.0,0.0,1.0,0.0,0.0
15,70,11.832312282883208,10.185403307312702,0.0,0.0,0.0,0.0,0.0,1.0
16,70,1.7782978108356873,10.699512126171708,0.0,0.0,0.0,0.0,1.0,1.0
17,70,6.255578784749453,11.776872493335226,1.0,0.0,0.0,0.0,0.0,1.0
18,70,2.7102797809269368,7.195496020537302,0.0,0.0,0.0,1.0,0.0,1.0
19,70,8.481767242616034,1.7333436916662146,1.0,0.0,1.0,0.0,0.0,0.0
0,75,0.0021300358143919,7.531749451990554,1.0,0.0,0.0,1.0,0.0,1.0
1,75,5.337404760299902,0.0346804607827001,0.0,1.0,0.0,1.0,1.0,1.0
2,75,1.4285694193979008,0.2386497117470291,0.0,1.0,0.0,0.0,1.0,1.0
3,75,0.0,1.386675519639656,0.0,0.0,0.0,0.0,1.0,1.0
4,75,10.991016304299386,0.9921419957250353,0.0,0.0,1.0,1.0,1.0,1.0
5,75,10.811518383582928,5.153670666750234,0.0,1.0,0.0,1.0,0.0,0.0
6,75,6.808493918737218,4.314331994016395,1.0,0.0,1.0,0.0,0.0,0.0
7,75,9.624035183205432,5.575857131821872,0.0,1.0,0.0,1.0,0.0,0.0
8,75,2.4700733425071344,7.401903163377113,0.0,1.0,0.0,0.0,1.0,0.0
9,75,3.490047809052629,11.61387576839696,1.0,0.0,1.0,1.0,0.0,0.0
10,75,3.390648225458911,8.139225773098138,0.0,0.0,1.0,1.0,0.0,1.0
11,75,4.935817642313114,9.065162768497474,0.0,0.0,1.0,0.0,0.0,0.0
12,75,11.490979100958478,12.0,0.0,0.0,1.0,1.0,1.0,1.0
13,75,6.958900542937072,7.0242359096033145,1.0,1.0,0.0,1.0,1.0,1.0
14,75,6.220514309974656,11.38524288879422,1.0,0.0,0.0,1.0,0.0,0.0
15,75,11.819490336075754,10.197602943999373,0.0,0.0,0.0,0.0,0.0,1.0
16,75,1.7860422082352054,10.71184248119124,0.0,0.0,0.0,0.0,1.0,1.0
17,75,6.184112910639154,11.848621012357611,1.0,0.0,0.0,0.0,0.0,1.0
18,75,2.6521206106073945,7.202380584997586,0.0,0.0,0.0,1.0,0.0,1.0
19,75,8.443432334704005,1.784357845356343,1.0,0.0,1.0,0.0,0.0,0.0
0,80,0.0042653199249915,7.528860251639258,1.0,0.0,0.0,1.0,0.0,1.0
1,80,5.363191161089485,0.0335976285039854,0.0,1.0,0.0,1.0,1.0,1.0
2,80,1.4191575698431549,0.2325225031962929,0.0,1.0,0.0,0.0,1.0,1.0
3,80,0.0,1.406726621918781,0.0,0.0,0.0,0.0,1.0,1.0
4,80,11.023354666412612,0.9833140191461908,0.0,0.0,1.0,1.0,1.0,1.0
5,80,10.785663399260912,5.075432557751288,0.0,1.0,0.0,1.0,0.0,0.0
6,80,6.805584286335017,4.31887430357789,1.0,0.0,1.0,0.0,0.0,0.0
7,80,9.653567037372143,5.555198018191964,0.0,1.0,0.0,1.0,0.0,0.0
8,80,2.39404110897039,7.415441204544901,0.0,1.0,0.0,0.0,1.0,0.0
9,80,3.4805301642270448,11.628449854093438,1.0,0.0,1.0,1.0,0.0,0.0
10,80,3.411463144731264,8.20433919750089,0.0,0.0,1.0,1.0,0.0,1.0
11,80,4.921620042793962,9.080959316478744,0.0,0.0,1.0,0.0,0.0,0.0
12,80,11.451134018615326,12.0,0.0,0.0,1.0,1.0,1.0,1.0
13,80,6.965869966356574,6.864873767358316,1.0,1.0,0.0,1.0,1.0,1.0
14,80,6.2371618167526135,11.477881201534393,1.0,0.0,0.0,1.0,0.0,0.0
15,80,11.803176536659723,10.213379937075269,0.0,0.0,0.0,0.0,0.0,1.0
16,80,1.804213790190875,10.74181177774074,0.0,0.0,0.0,0.0,1.0,1.0
17,80,6.131776785101688,11.900596964902116,1.0,0.0,0.0,0.0,0.0,1.0
18,80,2.590309883601763,7.208726510845833,0.0,0.0,0.0,1.0,0.0,1.0
19,80,8.407980620676241,1.8317794248959955,1.0,0.0,1.0,0.0,0.0,0.0
0,85,0.0026795900903993,7.530989589753236,1.0,0.0,0.0,1.0,0.0,1.0
1,85,5.417888882133507,0.0306751296868006,0.0,1.0,0.0,1.0,1.0,1.0
2,85,1.4272733726360611,0.237891790997201,0.0,1.0,0.0,0.0,1.0,1.0
3,85,0.0,1.428274274976394,0.0,0.0,0.0,0.0,1.0,1.0
4,85,11.072721739360874,0.9712175193181388,0.0,0.0,1.0,1.0,1.0,1.0
5,85,10.76622845101042,5.023032142051523,0.0,1.0,0.0,1.0,0.0,0.0
6,85,6.796899515842608,4.332901097273411,1.0,0.0,1.0,0.0,0.0,0.0
7,85,9.68280461109446,5.5353944730226425,0.0,1.0,0.0,1.0,0.0,0.0
8,85,2.3023434098216717,7.433348162557941,0.0,1.0,0.0,0.0,1.0,0.0
9,85,3.471194781401798,11.64313019248681,1.0,0.0,1.0,1.0,0.0,0.0
10,85,3.4297305660052637,8.267589094476055,0.0,0.0,1.0,1.0,0.0,1.0
11,85,4.900158745667773,9.105635867948354,0.0,0.0,1.0,0.0,0.0,0.0
12,85,11.41500194590628,12.0,0.0,0.0,1.0,1.0,1.0,1.0
13,85,6.976770432030332,6.703298702255331,1.0,1.0,0.0,1.0,1.0,1.0
14,85,6.24977360826716,11.557236255067744,1.0,0.0,0.0,1.0,0.0,0.0
15,85,11.81140472107694,10.205830231826656,0.0,0.0,0.0,0.0,0.0,1.0
16,85,1.818804084469698,10.76600347712777,0.0,0.0,0.0,0.0,1.0,1.0
17,85,6.093690708764685,11.936774095040834,1.0,0.0,0.0,0.0,0.0,1.0
18,85,2.548162896239806,7.212424213741243,0.0,0.0,0.0,1.0,0.0,1.0
19,85,8.379073574573514,1.8694675304517536,1.0,0.0,1.0,0.0,0.0,0.0
0,90,0.0,7.547933234144188,1.0,0.0,0.0,1.0,0.0,1.0
1,90,5.494777170371488,0.0273952622735074,0.0,1.0,0.0,1.0,1.0,1.0
2,90,1.4295980718476904,0.2393661310492862,0.0,1.0,0.0,0.0,1.0,1.0
3,90,0.0,1.463596042174491,0.0,0.0,0.0,0.0,1.0,1.0
4,90,11.115680738715891,0.96055735378268,0.0,0.0,1.0,1.0,1.0,1.0
5,90,10.746298704900832,4.967185948012016,0.0,1.0,0.0,1.0,0.0,0.0
6,90,6.787347103129529,4.347052958555257,1.0,0.0,1.0,0.0,0.0,0.0
7,90,9.708255682365634,5.518051253556634,0.0,1.0,0.0,1.0,0.0,0.0
8,90,2.2122734418561385,7.450832221020598,0.0,1.0,0.0,0.0,1.0,0.0
9,90,3.4682182818680327,11.64788651673496,1.0,0.0,1.0,1.0,0.0,0.0
10,90,3.4505283032924745,8.338185130206991,0.0,0.0,1.0,1.0,0.0,1.0
11,90,4.889298172117813,9.11838908073515,0.0,0.0,1.0,0.0,0.0,0.0
12,90,11.382109949417847,12.0,0.0,0.0,1.0,1.0,1.0,1.0
13,90,6.985165351736455,6.553492961662852,1.0,1.0,0.0,1.0,1.0,1.0
14,90,6.261047576844255,11.641891550406308,1.0,0.0,0.0,1.0,0.0,0.0
15,90,11.823350911268053,10.19490080204578,0.0,0.0,0.0,0.0,0.0,1.0
16,90,1.818115160955718,10.76489130998972,0.0,0.0,0.0,0.0,1.0,1.0
17,90,6.061606649949034,11.966784109923408,1.0,0.0,0.0,0.0,0.0,1.0
18,90,2.5036658492670787,7.215547601035142,0.0,0.0,0.0,1.0,0.0,1.0
19,90,8.351817773519244,1.905993422770292,1.0,0.0,1.0,0.0,0.0,0.0
0,95,0.0,7.5665766807276755,1.0,0.0,0.0,1.0,0.0,1.0
1,95,5.577200475713619,0.0263167082246064,0.0,1.0,0.0,1.0,1.0,1.0
2,95,1.4264978462354114,0.2374205078420083,0.0,1.0,0.0,0.0,1.0,1.0
3,95,0.0,1.4861442630719224,0.0,0.0,0.0,0.0,1.0,1.0
4,95,11.17272363642956,0.9447777931346522,0.0,0.0,1.0,1.0,1.0,1.0
5,95,10.717403990787268,4.888193307814638,0.0,1.0,0.0,1.0,0.0,0.0
6,95,6.788835934484457,4.344669702830116,1.0,0.0,1.0,0.0,0.0,0.0
7,95,9.736016899536496,5.498625741774795,0.0,1.0,0.0,1.0,0.0,0.0
8,95,2.0964811275790014,7.473650206723049,0.0,1.0,0.0,0.0,1.0,0.0
9,95,3.4598506775251376,11.661563643996786,1.0,0.0,1.0,1.0,0.0,0.0
10,95,3.4728668695023943,8.41131535336391,0.0,0.0,1.0,1.0,0.0,1.0
11,95,4.8770153262725024,9.132992981978909,0.0,0.0,1.0,0.0,0.0,0.0
12,95,11.339073283840207,12.0,0.0,0.0,1.0,1.0,1.0,1.0
13,95,6.992138740426417,6.414894720476609,1.0,1.0,0.0,1.0,1.0,1.0
14,95,6.27100244728361,11.714510689099177,1.0,0.0,0.0,1.0,0.0,0.0
15,95,11.831716518061253,10.1873450067755,0.0,0.0,0.0,0.0,0.0,1.0
16,95,1.8112262491556357,10.753485338517086,0.0,0.0,0.0,0.0,1.0,1.0
17,95,6.019270796019496,12.0,1.0,0.0,0.0,0.0,0.0,1.0
18,95,2.472924308190652,7.218462190791148,0.0,0.0,0.0,1.0,0.0,1.0
19,95,8.313208595243646,1.958689224559225,1.0,0.0,1.0,0.0,0.0,0.0
0,100,0.0011813708089689,7.564952192213482,1.0,0.0,0.0,1.0,0.0,1.0
1,100,5.683168206207509,0.0243133836083397,0.0,1.0,0.0,1.0,1.0,1.0
2,100,1.4334356565080648,0.2416851629591503,0.0,1.0,0.0,0.0,1.0,1.0
3,100,0.0,1.5242634234192398,0.0,0.0,0.0,0.0,1.0,1.0
4,100,11.244662553540923,0.9247810402809368,0.0,0.0,1.0,1.0,1.0,1.0
5,100,10.679144098602125,4.78951544915584,0.0,1.0,0.0,1.0,0.0,0.0
6,100,6.798341910590279,4.329685060702927,1.0,0.0,1.0,0.0,0.0,0.0
7,100,9.765903407555118,5.476970298196421,0.0,1.0,0.0,1.0,0.0,0.0
8,100,1.972505861806196,7.499907543274277,0.0,1.0,0.0,0.0,1.0,0.0
9,100,3.455820246248,11.668178879001935,1.0,0.0,1.0,1.0,0.0,0.0
10,100,3.4996725872733663,8.495383468767175,0.0,0.0,1.0,1.0,0.0,1.0
11,100,4.863587858764166,9.148397095061604,0.0,0.0,1.0,0.0,0.0,0.0
12,100,11.285018835668916,12.0,0.0,0.0,1.0,1.0,1.0,1.0
13,100,7.0017735841174185,6.274934006583388,1.0,1.0,0.0,1.0,1.0,1.0
14,100,6.278006950548463,11.77285347804474,1.0,0.0,0.0,1.0,0.0,0.0
15,100,11.820833510890978,10.19707709018426,0.0,0.0,0.0,0.0,0.0,1.0
16,100,1.8054001709981184,10.744108037779204,0.0,0.0,0.0,0.0,1.0,1.0
17,100,5.985297455580976,12.0,1.0,0.0,0.0,0.0,0.0,1.0
18,100,2.4415859436377283,7.222086038262074,0.0,0.0,0.0,1.0,0.0,1.0
19,100,8.268107251716472,2.020951106329825,1.0,0.0,1.0,0.0,0.0,0.0
0,105,0.0033197055124673,7.56200167566106,1.0,0.0,0.0,1.0,0.0,1.0
1,105,5.791928395522247,0.023038587975891,0.0,1.0,0.0,1.0,1.0,1.0
2,105,1.4576706725933968,0.2568056447794093,0.0,1.0,0.0,0.0,1.0,1.0
3,105,0.0,1.5500991782579212,0.0,0.0,0.0,0.0,1.0,1.0
4,105,11.32300847934948,0.901583063913738,0.0,0.0,1.0,1.0,1.0,1.0
5,105,10.64641891466201,4.699371688711742,0.0,1.0,0.0,1.0,0.0,0.0
6,105,6.820529211808886,4.292495067205445,1.0,0.0,1.0,0.0,0.0,0.0
7,105,9.793058027382092,5.457764508291401,0.0,1.0,0.0,1.0,0.0,0.0
8,105,1.8565446133954244,7.522934211325579,0.0,1.0,0.0,0.0,1.0,0.0
9,105,3.452217299346207,11.674528601723358,1.0,0.0,1.0,1.0,0.0,0.0
10,105,3.5195138878250067,8.564448456176907,0.0,0.0,1.0,1.0,0.0,1.0
11,105,4.849473606387694,9.164817007642217,0.0,0.0,1.0,0.0,0.0,0.0
12,105,11.233776640981205,12.0,0.0,0.0,1.0,1.0,1.0,1.0
13,105,7.01407844390747,6.135106522385059,1.0,1.0,0.0,1.0,1.0,1.0
14,105,6.287366633687303,11.84727875786407,1.0,0.0,0.0,1.0,0.0,0.0
15,105,11.8022457151597,10.212488061817703,0.0,0.0,0.0,0.0,0.0,1.0
16,105,1.8082937594200648,10.748633332110463,0.0,0.0,0.0,0.0,1.0,1.0
17,105,5.959128332641937,12.0,1.0,0.0,0.0,0.0,0.0,1.0
18,105,2.390720051834064,7.228391716535947,0.0,0.0,0.0,1.0,0.0,1.0
19,105,8.223665502176093,2.079324867759187,1.0,0.0,1.0,0.0,0.0,0.0
0,110,0.0057475008780773,7.558527769386741,1.0,0.0,0.0,1.0,0.0,1.0
1,110,5.913380934437314,0.022456906127535,0.0,1.0,0.0,1.0,1.0,1.0
2,110,1.4844835424618943,0.2741441535552872,0.0,1.0,0.0,0.0,1.0,1.0
3,110,0.0,1.5856845392478045,0.0,0.0,0.0,0.0,1.0,1.0
4,110,11.415724077318345,0.874201055392728,0.0,0.0,1.0,1.0,1.0,1.0
5,110,10.606719014748844,4.593457807991083,0.0,1.0,0.0,1.0,0.0,0.0
6,110,6.851994964135849,4.238697874794986,1.0,0.0,1.0,0.0,0.0,0.0
7,110,9.817528205537164,5.439598847800533,0.0,1.0,0.0,1.0,0.0,0.0
8,110,1.7641944026098693,7.542754543111015,0.0,1.0,0.0,0.0,1.0,0.0
9,110,3.460139574237125,11.659641183869317,1.0,0.0,1.0,1.0,0.0,0.0
10,110,3.5454478737815296,8.658717287482789,0.0,0.0,1.0,1.0,0.0,1.0
11,110,4.843644460315637,9.171931398671347,0.0,0.0,1.0,0.0,0.0,0.0
12,110,11.187441139352154,12.0,0.0,0.0,1.0,1.0,1.0,1.0
13,110,7.029932717765179,5.981356368387527,1.0,1.0,0.0,1.0,1.0,1.0
14,110,6.29459113469808,11.910827471195406,1.0,0.0,0.0,1.0,0.0,0.0
15,110,11.75674635789274,10.248216179804734,0.0,0.0,0.0,0.0,0.0,1.0
16,110,1.8145728760340512,10.758488923622345,0.0,0.0,0.0,0.0,1.0,1.0
17,110,5.938913004753167,12.0,1.0,0.0,0.0,0.0,0.0,1.0
18,110,2.318920896871971,7.233567344005576,0.0,0.0,0.0,1.0,0.0,1.0
19,110,8.177915179709665,2.1381583611063006,1.0,0.0,1.0,0.0,0.0,0.0
0,115,0.012792865561014,7.548666581259296,1.0,0.0,0.0,1.0,0.0,1.0
1,115,6.026410372739092,0.0204967171368263,0.0,1.0,0.0,1.0,1.0,1.0
2,115,1.5042640215140533,0.2860883234202653,0.0,1.0,0.0,0.0,1.0,1.0
3,115,0.0,1.608920024039955,0.0,0.0,0.0,0.0,1.0,1.0
4,115,11.502141380742728,0.8484737883927881,0.0,0.0,1.0,1.0,1.0,1.0
5,115,10.566025372604836,4.488313245105732,0.0,1.0,0.0,1.0,0.0,0.0
6,115,6.88782482237885,4.179660139215323,1.0,0.0,1.0,0.0,0.0,0.0
7,115,9.809115903703065,5.428953419188085,0.0,1.0,0.0,1.0,0.0,0.0
8,115,1.6798327575651737,7.562002646077111,0.0,1.0,0.0,0.0,1.0,0.0
9,115,3.4746680132370478,11.630618217097028,1.0,0.0,1.0,1.0,0.0,0.0
10,115,3.566283919207728,8.735430562120714,0.0,0.0,1.0,1.0,0.0,1.0
11,115,4.844863140930828,9.170419500279746,0.0,0.0,1.0,0.0,0.0,0.0
12,115,11.16341973719587,12.0,0.0,0.0,1.0,1.0,1.0,1.0
13,115,7.047392810858579,5.8532055471780415,1.0,1.0,0.0,1.0,1.0,1.0
14,115,6.299607046307585,11.967586088891752,1.0,0.0,0.0,1.0,0.0,0.0
15,115,11.708751122479356,10.288228927070964,0.0,0.0,0.0,0.0,0.0,1.0
16,115,1.8232515166505576,10.772247105523917,0.0,0.0,0.0,0.0,1.0,1.0
17,115,5.915987494160712,12.0,1.0,0.0,0.0,0.0,0.0,1.0
18,115,2.2556346994109377,7.237935881368446,0.0,0.0,0.0,1.0,0.0,1.0
19,115,8.129554596451653,2.199404490029825,1.0,0.0,1.0,0.0,0.0,0.0
0,120,0.0251575856698983,7.530965677506873,1.0,0.0,0.0,1.0,0.0,1.0
1,120,6.136209846357527,0.0191937551145408,0.0,1.0,0.0,1.0,1.0,1.0
2,120,1.5095181388084444,0.2893062629966437,0.0,1.0,0.0,0.0,1.0,1.0
3,120,0.0,1.6333359466655233,0.0,0.0,0.0,0.0,1.0,1.0
4,120,11.587239739348506,0.8261829759798311,0.0,0.0,1.0,1.0,1.0,1.0
5,120,10.53435277733635,4.399081852934241,0.0,1.0,0.0,1.0,0.0,0.0
6,120,6.944203057943414,4.089637148782452,1.0,0.0,1.0,0.0,0.0,0.0
7,120,9.802463223546775,5.420405700808876,0.0,1.0,0.0,1.0,0.0,0.0
8,120,1.5943947668903404,7.581319788788551,0.0,1.0,0.0,0.0,1.0,0.0
9,120,3.498197027621341,11.586159984140346,1.0,0.0,1.0,1.0,0.0,0.0
10,120,3.64006556828438,8.716082033126494,0.0,0.0,1.0,1.0,0.0,1.0
11,120,4.846999697310305,9.167796008050974,0.0,0.0,1.0,0.0,0.0,0.0
12,120,11.148233575559551,12.0,0.0,0.0,1.0,1.0,1.0,1.0
13,120,7.070388907245883,5.718996366411735,1.0,1.0,0.0,1.0,1.0,1.0
14,120,6.301321891735295,11.987044299053856,1.0,0.0,0.0,1.0,0.0,0.0
15,120,11.662031669914114,10.32796478702546,0.0,0.0,0.0,0.0,0.0,1.0
16,120,1.8372347257266648,10.795340930482531,0.0,0.0,0.0,0.0,1.0,1.0
17,120,5.892107121698955,12.0,1.0,0.0,0.0,0.0,0.0,1.0
18,120,2.2120195013260644,7.241241998298556,0.0,0.0,0.0,1.0,0.0,1.0
19,120,8.075604604975245,2.2705634702961794,1.0,0.0,1.0,0.0,0.0,0.0
0,125,0.0357732092408773,7.515868079746097,1.0,0.0,0.0,1.0,0.0,1.0
1,125,6.23955887337267,0.0193650175431848,0.0,1.0,0.0,1.0,1.0,1.0
2,125,1.507036341279232,0.2934576937172497,0.0,1.0,0.0,0.0,1.0,1.0
3,125,0.0,1.6519436366720053,0.0,0.0,0.0,0.0,1.0,1.0
4,125,11.65699069204368,0.809551464920225,0.0,0.0,1.0,1.0,1.0,1.0
5,125,10.49306209360421,4.293177592567389,0.0,1.0,0.0,1.0,0.0,0.0
6,125,6.988135728733783,4.0167967247328935,1.0,0.0,1.0,0.0,0.0,0.0
7,125,9.803087232542923,5.421218138308387,0.0,1.0,0.0,1.0,0.0,0.0
8,125,1.5361224125846125,7.5959016512420146,0.0,1.0,0.0,0.0,1.0,0.0
9,125,3.5089281574393985,11.565520435888372,1.0,0.0,1.0,1.0,0.0,0.0
10,125,3.686842085584694,8.704281033741628,0.0,0.0,1.0,1.0,0.0,1.0
11,125,4.846359280466433,9.16856034539726,0.0,0.0,1.0,0.0,0.0,0.0
12,125,11.127828769245175,12.0,0.0,0.0,1.0,1.0,1.0,1.0
13,125,7.093520226184758,5.583853014207181,1.0,1.0,0.0,1.0,1.0,1.0
14,125,6.301552227229032,11.989142458330443,1.0,0.0,0.0,1.0,0.0,0.0
15,125,11.618898758736586,10.365707133798123,0.0,0.0,0.0,0.0,0.0,1.0
16,125,1.8385993881623384,10.797689838463036,0.0,0.0,0.0,0.0,1.0,1.0
17,125,5.864491812095833,12.0,1.0,0.0,0.0,0.0,0.0,1.0
18,125,2.1854210308463067,7.24307292421899,0.0,0.0,0.0,1.0,0.0,1.0
19,125,8.028759715172965,2.331106526750645,1.0,0.0,1.0,0.0,0.0,0.0
0,130,0.0496551030588013,7.496443997895044,1.0,0.0,0.0,1.0,0.0,1.0
1,130,6.340566690876763,0.0179792398083684,0.0,1.0,0.0,1.0,1.0,1.0
2,130,1.5050944103602428,0.2967839812289689,0.0,1.0,0.0,0.0,1.0,1.0
3,130,0.0,1.6576422471323795,0.0,0.0,0.0,0.0,1.0,1.0
4,130,11.737279934607423,0.7894533887344896,0.0,0.0,1.0,1.0,1.0,1.0
5,130,10.445631534410436,4.1753527238409225,0.0,1.0,0.0,1.0,0.0,0.0
6,130,7.025203784749482,3.9542947424665056,1.0,0.0,1.0,0.0,0.0,0.0
7,130,9.810869584747238,5.432016699628767,0.0,1.0,0.0,1.0,0.0,0.0
8,130,1.4827132033917765,7.608769506815349,0.0,1.0,0.0,0.0,1.0,0.0
9,130,3.522582793313756,11.540657228021557,1.0,0.0,1.0,1.0,0.0,0.0
10,130,3.704150507524234,8.69992534328724,0.0,0.0,1.0,1.0,0.0,1.0
11,130,4.837469385495874,9.179202212987285,0.0,0.0,1.0,0.0,0.0,0.0
12,130,11.103064246894403,12.0,0.0,0.0,1.0,1.0,1.0,1.0
13,130,7.11659640793109,5.450623186459396,1.0,1.0,0.0,1.0,1.0,1.0
14,130,6.299094981269704,11.969289347789823,1.0,0.0,0.0,1.0,0.0,0.0
15,130,11.653470343541022,10.4040217691225,0.0,0.0,0.0,0.0,0.0,1.0
16,130,1.844670241763372,10.80776789606282,0.0,0.0,0.0,0.0,1.0,1.0
17,130,5.837702418555581,12.0,1.0,0.0,0.0,0.0,0.0,1.0
18,130,2.177697236510407,7.243450952886305,0.0,0.0,0.0,1.0,0.0,1.0
19,130,7.980307206987839,2.391204675508868,1.0,0.0,1.0,0.0,0.0,0.0
0,135,0.0703882793223483,7.467910512439419,1.0,0.0,0.0,1.0,0.0,1.0
1,135,6.439958321517099,0.0155059197171862,0.0,1.0,0.0,1.0,1.0,1.0
2,135,1.5036054753729655,0.2993737239094636,0.0,1.0,0.0,0.0,1.0,1.0
3,135,0.0,1.6653146967466457,0.0,0.0,0.0,0.0,1.0,1.0
4,135,11.79780553623864,0.7741388661542916,0.0,0.0,1.0,1.0,1.0,1.0
5,135,10.398244010541877,4.051468069766833,0.0,1.0,0.0,1.0,0.0,0.0
6,135,7.074140604444614,3.8683241573764575,1.0,0.0,1.0,0.0,0.0,0.0
7,135,9.833879355228508,5.463692126157314,0.0,1.0,0.0,1.0,0.0,0.0
8,135,1.4555647408432997,7.614940042917679,0.0,1.0,0.0,0.0,1.0,0.0
9,135,3.532052594812765,11.52294017547056,1.0,0.0,1.0,1.0,0.0,0.0
10,135,3.707087456930112,8.69922414469245,0.0,0.0,1.0,1.0,0.0,1.0
11,135,4.829133267104732,9.189922590068829,0.0,0.0,1.0,0.0,0.0,0.0
12,135,11.093848183824685,12.0,0.0,0.0,1.0,1.0,1.0,1.0
13,135,7.138298750240319,5.31197626920605,1.0,1.0,0.0,1.0,1.0,1.0
14,135,6.296360428045753,11.945532717190408,1.0,0.0,0.0,1.0,0.0,0.0
15,135,11.67811661622872,10.433707526291444,0.0,0.0,0.0,0.0,0.0,1.0
16,135,1.840742182372799,10.80100136696487,0.0,0.0,0.0,0.0,1.0,1.0
17,135,5.794033532926797,12.0,1.0,0.0,0.0,0.0,0.0,1.0
18,135,2.179886313959912,7.243338194605308,0.0,0.0,0.0,1.0,0.0,1.0
19,135,7.926421458799089,2.461518585978074,1.0,0.0,1.0,0.0,0.0,0.0
0,140,0.0927034700153251,7.436474047486397,1.0,0.0,0.0,1.0,0.0,1.0
1,140,6.550132126431899,0.0166663442479452,0.0,1.0,0.0,1.0,1.0,1.0
2,140,1.5069368440260482,0.2938676498953071,0.0,1.0,0.0,0.0,1.0,1.0
3,140,0.0,1.6658336303017072,0.0,0.0,0.0,0.0,1.0,1.0
4,140,11.861655976872454,0.7560944094902349,0.0,0.0,1.0,1.0,1.0,1.0
5,140,10.340568431021609,3.909910850133677,0.0,1.0,0.0,1.0,0.0,0.0
6,140,7.120829223977916,3.788416030015764,1.0,0.0,1.0,0.0,0.0,0.0
7,140,9.865096751612407,5.509196259762947,0.0,1.0,0.0,1.0,0.0,0.0
8,140,1.43772209220347,7.619140444606707,0.0,1.0,0.0,0.0,1.0,0.0
9,140,3.543140829694688,11.501511293155676,1.0,0.0,1.0,1.0,0.0,0.0
10,140,3.71873164799174,8.69611416609628,0.0,0.0,1.0,1.0,0.0,1.0
11,140,4.811070541479509,9.212202489392366,0.0,0.0,1.0,0.0,0.0,0.0
12,140,11.087819500070191,12.0,0.0,0.0,1.0,1.0,1.0,1.0
13,140,7.16135711721838,5.150416066191281,1.0,1.0,0.0,1.0,1.0,1.0
14,140,6.296867201691975,11.949636023803318,1.0,0.0,0.0,1.0,0.0,0.0
15,140,11.71550893708605,10.479747268853805,0.0,0.0,0.0,0.0,0.0,1.0
16,140,1.8311280710335784,10.784742636291652,0.0,0.0,0.0,0.0,1.0,1.0
17,140,5.745994742322639,12.0,1.0,0.0,0.0,0.0,0.0,1.0
18,140,2.1795531834534456,7.24334620093562,0.0,0.0,0.0,1.0,0.0,1.0
19,140,7.87189752000491,2.535855927581919,1.0,0.0,1.0,0.0,0.0,0.0
0,145,0.1002231012951636,7.425395552077182,1.0,0.0,0.0,1.0,0.0,1.0
1,145,6.662107787937669,0.0155081792798961,0.0,1.0,0.0,1.0,1.0,1.0
2,145,1.494402883643832,0.3146314887178665,0.0,1.0,0.0,0.0,1.0,1.0
3,145,0.0012613467317543,1.66041241351378,0.0,0.0,0.0,0.0,1.0,1.0
4,145,11.939769035111327,0.7327615496001673,0.0,0.0,1.0,1.0,1.0,1.0
5,145,10.273445376632012,3.7538370497344378,0.0,1.0,0.0,1.0,0.0,0.0
6,145,7.167020422064518,3.7042568901588417,1.0,0.0,1.0,0.0,0.0,0.0
7,145,9.89921355317784,5.559762940137542,0.0,1.0,0.0,1.0,0.0,0.0
8,145,1.4592131086761335,7.613907594944232,0.0,1.0,0.0,0.0,1.0,0.0
9,145,3.554896465867127,11.479135527083882,1.0,0.0,1.0,1.0,0.0,0.0
10,145,3.746676249090135,8.689666673863172,0.0,0.0,1.0,1.0,0.0,1.0
11,145,4.783239105584444,9.24678927341349,0.0,0.0,1.0,0.0,0.0,0.0
12,145,11.090834992060252,11.998876601250464,0.0,0.0,1.0,1.0,1.0,1.0
13,145,7.186961799108225,4.991638883380302,1.0,1.0,0.0,1.0,1.0,1.0
14,145,6.29811301187011,11.959266985789307,1.0,0.0,0.0,1.0,0.0,0.0
15,145,11.730156469203717,10.497714078037149,0.0,0.0,0.0,0.0,0.0,1.0
16,145,1.8193568632882724,10.765827708206755,0.0,0.0,0.0,0.0,1.0,1.0
17,145,5.687385928701136,12.0,1.0,0.0,0.0,0.0,0.0,1.0
18,145,2.194088751991463,7.242807866351148,0.0,0.0,0.0,1.0,0.0,1.0
19,145,7.8178982139964175,2.6049664837629525,1.0,0.0,1.0,0.0,0.0,0.0
0,150,0.1051105743823346,7.417911566458213,1.0,0.0,0.0,1.0,0.0,1.0
1,150,6.774044357828949,0.0123272768700152,0.0,1.0,0.0,1.0,1.0,1.0
2,150,1.485161689909538,0.3293201856167353,0.0,1.0,0.0,0.0,1.0,1.0
3,150,0.0040435700275922,1.6481684876169007,0.0,0.0,0.0,0.0,1.0,1.0
4,150,12.0,0.7105729806437584,0.0,0.0,1.0,1.0,1.0,1.0
5,150,10.216037959095791,3.617301212110231,0.0,1.0,0.0,1.0,0.0,0.0
6,150,7.208970480166923,3.6285252808497135,1.0,0.0,1.0,0.0,0.0,0.0
7,150,9.928951092112923,5.603935667549823,0.0,1.0,0.0,1.0,0.0,0.0
8,150,1.4800327947474312,7.60894629787167,0.0,1.0,0.0,0.0,1.0,0.0
9,150,3.5608272896937327,11.467989163031548,1.0,0.0,1.0,1.0,0.0,0.0
10,150,3.768860697338132,8.68390131673038,0.0,0.0,1.0,1.0,0.0,1.0
11,150,4.74318483429396,9.294462746885197,0.0,0.0,1.0,0.0,0.0,0.0
12,150,11.078487831428056,12.0,0.0,0.0,1.0,1.0,1.0,1.0
13,150,7.213872772320682,4.821994701662971,1.0,1.0,0.0,1.0,1.0,1.0
14,150,6.295627995626445,11.943604671854889,1.0,0.0,0.0,1.0,0.0,0.0
15,150,11.736298685213486,10.50526558622097,0.0,0.0,0.0,0.0,0.0,1.0
16,150,1.822631893055733,10.770919088811144,0.0,0.0,0.0,0.0,1.0,1.0
17,150,5.622708990292397,11.935942627714557,1.0,0.0,0.0,0.0,0.0,1.0
18,150,2.2204149207994868,7.241695948836773,0.0,0.0,0.0,1.0,0.0,1.0
19,150,7.775966442453543,2.657377011872309,1.0,0.0,1.0,0.0,0.0,0.0
0,155,0.1055068854335675,7.417306766550948,1.0,0.0,0.0,1.0,0.0,1.0
1,155,6.900421524183156,0.010695458648311,0.0,1.0,0.0,1.0,1.0,1.0
2,155,1.4721135236319045,0.3505273930297074,0.0,1.0,0.0,0.0,1.0,1.0
3,155,0.0,1.6674984041047685,0.0,0.0,0.0,0.0,1.0,1.0
4,155,12.0,0.6850673341102635,0.0,0.0,1.0,1.0,1.0,1.0
5,155,10.153408266715315,3.470810273173396,0.0,1.0,0.0,1.0,0.0,0.0
6,155,7.243296060266354,3.5630242531209584,1.0,0.0,1.0,0.0,0.0,0.0
7,155,9.95691904388355,5.6468748690097526,0.0,1.0,0.0,1.0,0.0,0.0
8,155,1.4963390412645288,7.604981852772536,0.0,1.0,0.0,0.0,1.0,0.0
9,155,3.56854951066227,11.453826417515554,1.0,0.0,1.0,1.0,0.0,0.0
10,155,3.8127634398084536,8.673091714313431,0.0,0.0,1.0,1.0,0.0,1.0
11,155,4.711556294003351,9.335042774542828,0.0,0.0,1.0,0.0,0.0,0.0
12,155,11.048642969866984,12.0,0.0,0.0,1.0,1.0,1.0,1.0
13,155,7.244040775550641,4.642311345060036,1.0,1.0,0.0,1.0,1.0,1.0
14,155,6.292740550633458,11.92665846950851,1.0,0.0,0.0,1.0,0.0,0.0
15,155,11.733308954085985,10.501718021816885,0.0,0.0,0.0,0.0,0.0,1.0
16,155,1.844767446926768,10.803828499032155,0.0,0.0,0.0,0.0,1.0,1.0
17,155,5.549280931720386,11.862846104011526,1.0,0.0,0.0,0.0,0.0,1.0
18,155,2.2606870397198624,7.240720234111153,0.0,0.0,0.0,1.0,0.0,1.0
19,155,7.734510816774096,2.708146808203797,1.0,0.0,1.0,0.0,0.0,0.0
0,160,0.1071265140281297,7.414937321120944,1.0,0.0,0.0,1.0,0.0,1.0
1,160,7.036342179212118,0.009280152160866,0.0,1.0,0.0,1.0,1.0,1.0
2,160,1.4510224071561495,0.3826994569471997,0.0,1.0,0.0,0.0,1.0,1.0
3,160,0.0,1.703422858157571,0.0,0.0,0.0,0.0,1.0,1.0
4,160,12.0,0.6618312478006162,0.0,0.0,1.0,1.0,1.0,1.0
5,160,10.088705963969153,3.314259073903973,0.0,1.0,0.0,1.0,0.0,0.0
6,160,7.28272212710836,3.4904484816635986,1.0,0.0,1.0,0.0,0.0,0.0
7,160,9.980336808966122,5.683152821178782,0.0,1.0,0.0,1.0,0.0,0.0
8,160,1.5214987728898768,7.599129183484924,0.0,1.0,0.0,0.0,1.0,0.0
9,160,3.5469952084996854,11.44186246469294,1.0,0.0,1.0,1.0,0.0,0.0
10,160,3.854370776110472,8.661726570798887,0.0,0.0,1.0,1.0,0.0,1.0
11,160,4.676137420995046,9.378933412214632,0.0,0.0,1.0,0.0,0.0,0.0
12,160,11.022381428279534,12.0,0.0,0.0,1.0,1.0,1.0,1.0
13,160,7.274378517420825,4.462518975610714,1.0,1.0,0.0,1.0,1.0,1.0
14,160,6.287043066222582,11.895870423803496,1.0,0.0,0.0,1.0,0.0,0.0
15,160,11.725648120013572,10.492439126169684,0.0,0.0,0.0,0.0,0.0,1.0
16,160,1.8659762232614685,10.834689884399552,0.0,0.0,0.0,0.0,1.0,1.0
17,160,5.464605077144537,11.782657983229916,1.0,0.0,0.0,0.0,0.0,1.0
18,160,2.294206802194831,7.239971428122454,0.0,0.0,0.0,1.0,0.0,1.0
19,160,7.68372670347977,2.770872376430784,1.0,0.0,1.0,0.0,0.0,0.0
0,165,0.1155238018892762,7.402757427696689,1.0,0.0,0.0,1.0,0.0,1.0
1,165,7.185550475079748,0.0116498592456048,0.0,1.0,0.0,1.0,1.0,1.0
2,165,1.433896932023237,0.4093744941770707,0.0,1.0,0.0,0.0,1.0,1.0
3,165,0.0,1.7469304024675314,0.0,0.0,0.0,0.0,1.0,1.0
4,165,12.0,0.6377628868612552,0.0,0.0,1.0,1.0,1.0,1.0
5,165,10.028285339029395,3.16106077991874,0.0,1.0,0.0,1.0,0.0,0.0
6,165,7.317555883498207,3.427409907792342,1.0,0.0,1.0,0.0,0.0,0.0
7,165,10.008301823115342,5.727636898198528,0.0,1.0,0.0,1.0,0.0,0.0
8,165,1.5320119337166829,7.596858073132815,0.0,1.0,0.0,0.0,1.0,0.0
9,165,3.529121709944365,11.431610430310656,1.0,0.0,1.0,1.0,0.0,0.0
10,165,3.8961949817438506,8.649103764094912,0.0,0.0,1.0,1.0,0.0,1.0
11,165,4.631324522602551,9.431400749039089,0.0,0.0,1.0,0.0,0.0,0.0
12,165,11.021220275722456,12.0,0.0,0.0,1.0,1.0,1.0,1.0
13,165,7.30387309677757,4.290101872521683,1.0,1.0,0.0,1.0,1.0,1.0
14,165,6.281846627786569,11.868195962806745,1.0,0.0,0.0,1.0,0.0,0.0
15,165,11.711683565966892,10.475342860993264,0.0,0.0,0.0,0.0,0.0,1.0
16,165,1.885993150761219,10.864505217983618,0.0,0.0,0.0,0.0,1.0,1.0
17,165,5.375810255923216,11.701369013364571,1.0,0.0,0.0,0.0,0.0,1.0
18,165,2.3359823920993605,7.239016894167173,0.0,0.0,0.0,1.0,0.0,1.0
19,165,7.637414089137879,2.827284112245902,1.0,0.0,1.0,0.0,0.0,0.0
0,170,0.1173631484342486,7.400046398827837,1.0,0.0,0.0,1.0,0.0,1.0
1,170,7.343762853859233,0.0121366397426075,0.0,1.0,0.0,1.0,1.0,1.0
2,170,1.432723223317588,0.4111145798620942,0.0,1.0,0.0,0.0,1.0,1.0
3,170,0.0,1.8101181644101143,0.0,0.0,0.0,0.0,1.0,1.0
4,170,12.0,0.6162418417329188,0.0,0.0,1.0,1.0,1.0,1.0
5,170,9.95936454992563,2.983641872516323,0.0,1.0,0.0,1.0,0.0,0.0
6,170,7.346774814914835,3.3740357098886498,1.0,0.0,1.0,0.0,0.0,0.0
7,170,10.03497697289764,5.769756140925069,0.0,1.0,0.0,1.0,0.0,0.0
8,170,1.545814525274468,7.594081966215602,0.0,1.0,0.0,0.0,1.0,0.0
9,170,3.520983017955232,11.426907988676888,1.0,0.0,1.0,1.0,0.0,0.0
10,170,3.9024741988027696,8.647223042289433,0.0,0.0,1.0,1.0,0.0,1.0
11,170,4.614320344972918,9.451118200614664,0.0,0.0,1.0,0.0,0.0,0.0
12,170,11.01619481480831,12.0,0.0,0.0,1.0,1.0,1.0,1.0
13,170,7.336455756060155,4.091080671833691,1.0,1.0,0.0,1.0,1.0,1.0
14,170,6.278406799189522,11.851637466790852,1.0,0.0,0.0,1.0,0.0,0.0
15,170,11.69241613332006,10.452958647207147,0.0,0.0,0.0,0.0,0.0,1.0
16,170,1.892657572821398,10.874752157356108,0.0,0.0,0.0,0.0,1.0,1.0
17,170,5.287415931401855,11.618545103814236,1.0,0.0,0.0,0.0,0.0,1.0
18,170,2.40183390222154,7.238655406957242,0.0,0.0,0.0,1.0,0.0,1.0
19,170,7.60056342075559,2.8713012846117456,1.0,0.0,1.0,0.0,0.0,0.0
0,175,0.1155556106135033,7.402647886765516,1.0,0.0,0.0,1.0,0.0,1.0
1,175,7.495515637488611,0.0137260977791093,0.0,1.0,0.0,1.0,1.0,1.0
2,175,1.4419639816175986,0.3983647256621241,0.0,1.0,0.0,0.0,1.0,1.0
3,175,0.0,1.8843202582969023,0.0,0.0,0.0,0.0,1.0,1.0
4,175,12.0,0.5923681862197883,0.0,0.0,1.0,1.0,1.0,1.0
5,175,9.901666429467324,2.827268185222153,0.0,1.0,0.0,1.0,0.0,0.0
6,175,7.375183364229206,3.322445570710177,1.0,0.0,1.0,0.0,0.0,0.0
7,175,10.06512423194086,5.816326837768403,0.0,1.0,0.0,1.0,0.0,0.0
8,175,1.5650648923945911,7.59032318696075,0.0,1.0,0.0,0.0,1.0,0.0
9,175,3.51054286304144,11.42070919616284,1.0,0.0,1.0,1.0,0.0,0.0
10,175,3.8951604660360735,8.649480315800826,0.0,0.0,1.0,1.0,0.0,1.0
11,175,4.5979082858821485,9.47011951070224,0.0,0.0,1.0,0.0,0.0,0.0
12,175,11.007800669215664,12.0,0.0,0.0,1.0,1.0,1.0,1.0
13,175,7.364894089212113,3.892267920503165,1.0,1.0,0.0,1.0,1.0,1.0
14,175,6.2710650364681,11.822610062390298,1.0,0.0,0.0,1.0,0.0,0.0
15,175,11.664629871202706,10.420802968212504,0.0,0.0,0.0,0.0,0.0,1.0
16,175,1.9113661780166669,10.903255318144163,0.0,0.0,0.0,0.0,1.0,1.0
17,175,5.191299638188838,11.53106548946499,1.0,0.0,0.0,0.0,0.0,1.0
18,175,2.4630318472032595,7.237213992585049,0.0,0.0,0.0,1.0,0.0,1.0
19,175,7.559234971084214,2.920249468066769,1.0,0.0,1.0,0.0,0.0,0.0
0,180,0.1105701754081859,7.409648693471487,1.0,0.0,0.0,1.0,0.0,1.0
1,180,7.647748718172938,0.0222675268277796,0.0,1.0,0.0,1.0,1.0,1.0
2,180,1.4378354814140637,0.4044399616620423,0.0,1.0,0.0,0.0,1.0,1.0
3,180,0.0,1.9334124667379005,0.0,0.0,0.0,0.0,1.0,1.0
4,180,12.0,0.5722236248947092,0.0,0.0,1.0,1.0,1.0,1.0
5,180,9.85432965670056,2.693349344291986,0.0,1.0,0.0,1.0,0.0,0.0
6,180,7.416556537489038,3.249290935469972,1.0,0.0,1.0,0.0,0.0,0.0
7,180,10.105147845731658,5.8745702663128965,0.0,1.0,0.0,1.0,0.0,0.0
8,180,1.5915824852627505,7.5844383416073535,0.0,1.0,0.0,0.0,1.0,0.0
9,180,3.502876060287331,11.416340886423177,1.0,0.0,1.0,1.0,0.0,0.0
10,180,3.880380687231756,8.654563750550949,0.0,0.0,1.0,1.0,0.0,1.0
11,180,4.581813300702376,9.489299032701574,0.0,0.0,1.0,0.0,0.0,0.0
12,180,11.00033990959746,11.978641534285105,0.0,0.0,1.0,1.0,1.0,1.0
13,180,7.395290436633561,3.6863374815216527,1.0,1.0,0.0,1.0,1.0,1.0
14,180,6.260833594359226,11.78464385503765,1.0,0.0,0.0,1.0,0.0,0.0
15,180,11.631623607518703,10.38272990943714,0.0,0.0,0.0,0.0,0.0,1.0
16,180,1.934288948448156,10.938767059231017,0.0,0.0,0.0,0.0,1.0,1.0
17,180,5.10359897616319,11.451152316458414,1.0,0.0,0.0,0.0,0.0,1.0
18,180,2.527443545449477,7.237016925161188,0.0,0.0,0.0,1.0,0.0,1.0
19,180,7.503069736903591,2.9822751980659468,1.0,0.0,1.0,0.0,0.0,0.0
0,185,0.1048761853648534,7.41742773273223,1.0,0.0,0.0,1.0,0.0,1.0
1,185,7.785814223582359,0.029612054010056,0.0,1.0,0.0,1.0,1.0,1.0
2,185,1.431839119854946,0.4128297869567234,0.0,1.0,0.0,0.0,1.0,1.0
3,185,0.0,1.9784974933472792,0.0,0.0,0.0,0.0,1.0,1.0
4,185,12.0,0.5497655182976574,0.0,0.0,1.0,1.0,1.0,1.0
5,185,9.80887515325657,2.5730626228974294,0.0,1.0,0.0,1.0,0.0,0.0
6,185,7.45740276310516,3.172754015001674,1.0,0.0,1.0,0.0,0.0,0.0
7,185,10.147324837083683,5.936824767393071,0.0,1.0,0.0,1.0,0.0,0.0
8,185,1.6045052161296989,7.581555660115613,0.0,1.0,0.0,0.0,1.0,0.0
9,185,3.510884921956152,11.420866141054304,1.0,0.0,1.0,1.0,0.0,0.0
10,185,3.857033011046919,8.66186102481746,0.0,0.0,1.0,1.0,0.0,1.0
11,185,4.571765882718912,9.501623600880832,0.0,0.0,1.0,0.0,0.0,0.0
12,185,10.993910106018683,11.95901154476154,0.0,0.0,1.0,1.0,1.0,1.0
13,185,7.42771809191249,3.444294418200088,1.0,1.0,0.0,1.0,1.0,1.0
14,185,6.247156647112615,11.73704874002885,1.0,0.0,0.0,1.0,0.0,0.0
15,185,11.599545609151631,10.344535565235452,0.0,0.0,0.0,0.0,0.0,1.0
16,185,1.959129813613172,10.97738751415286,0.0,0.0,0.0,0.0,1.0,1.0
17,185,5.022145902487522,11.37727225840285,1.0,0.0,0.0,0.0,0.0,1.0
18,185,2.6117970271872704,7.235200849240487,0.0,0.0,0.0,1.0,0.0,1.0
19,185,7.437437867771569,3.0536260386038125,1.0,0.0,1.0,0.0,0.0,0.0
0,190,0.1084595625105588,7.412517106963442,1.0,0.0,0.0,1.0,0.0,1.0
1,190,7.923682803443949,0.0401246551100867,0.0,1.0,0.0,1.0,1.0,1.0
2,190,1.4211906516957724,0.4286814895386177,0.0,1.0,0.0,0.0,1.0,1.0
3,190,0.0,2.0189533019882395,0.0,0.0,0.0,0.0,1.0,1.0
4,190,12.0,0.527023458297382,0.0,0.0,1.0,1.0,1.0,1.0
5,190,9.765551227120294,2.454958752468536,0.0,1.0,0.0,1.0,0.0,0.0
6,190,7.499121938475926,3.08951822597772,1.0,0.0,1.0,0.0,0.0,0.0
7,190,10.198091088764816,6.012279042076384,0.0,1.0,0.0,1.0,0.0,0.0
8,190,1.614325830702395,7.579308838977402,0.0,1.0,0.0,0.0,1.0,0.0
9,190,3.519831271602329,11.426254402513692,1.0,0.0,1.0,1.0,0.0,0.0
10,190,3.852292353107337,8.663346253341837,0.0,0.0,1.0,1.0,0.0,1.0
11,190,4.580058638251751,9.491612603261846,0.0,0.0,1.0,0.0,0.0,0.0
12,190,10.989207966027983,11.945006638574837,0.0,0.0,1.0,1.0,1.0,1.0
13,190,7.46288393718701,3.22918820533036,1.0,1.0,0.0,1.0,1.0,1.0
14,190,6.226161072967613,11.674535323160622,1.0,0.0,0.0,1.0,0.0,0.0
15,190,11.558810505581397,10.298217127931943,0.0,0.0,0.0,0.0,0.0,1.0
16,190,1.9956530853248888,11.035195077764543,0.0,0.0,0.0,0.0,1.0,1.0
17,190,4.931513431529589,11.291560222036631,1.0,0.0,0.0,0.0,0.0,1.0
18,190,2.7104755760166737,7.234894435394552,0.0,0.0,0.0,1.0,0.0,1.0
19,190,7.384749589561342,3.108480080929999,1.0,0.0,1.0,0.0,0.0,0.0
0,195,0.1157661895968987,7.402632870424167,1.0,0.0,0.0,1.0,0.0,1.0
1,195,8.065183995500496,0.0506238633839273,0.0,1.0,0.0,1.0,1.0,1.0
2,195,1.40675393601222,0.4500435852107876,0.0,1.0,0.0,0.0,1.0,1.0
3,195,0.0,2.0531745523049563,0.0,0.0,0.0,0.0,1.0,1.0
4,195,12.0,0.5030519431926219,0.0,0.0,1.0,1.0,1.0,1.0
5,195,9.72775320797219,2.3448541056380794,0.0,1.0,0.0,1.0,0.0,0.0
6,195,7.547372581702353,2.989631483729515,1.0,0.0,1.0,0.0,0.0,0.0
7,195,10.260590822920555,6.101536202156748,0.0,1.0,0.0,1.0,0.0,0.0
8,195,1.6119216245313246,7.579918203075754,0.0,1.0,0.0,0.0,1.0,0.0
9,195,3.53251159849574,11.433714680317614,1.0,0.0,1.0,1.0,0.0,0.0
10,195,3.8476297498479264,8.664706446092604,0.0,0.0,1.0,1.0,0.0,1.0
11,195,4.591370988551652,9.478835904553332,0.0,0.0,1.0,0.0,0.0,0.0
12,195,10.981060973016165,11.917880216165152,0.0,0.0,1.0,1.0,1.0,1.0
13,195,7.503536951012677,2.9920518845428687,1.0,1.0,0.0,1.0,1.0,1.0
14,195,6.208654484908776,11.62004223076035,1.0,0.0,0.0,1.0,0.0,0.0
15,195,11.525212829687586,10.259399539616991,0.0,0.0,0.0,0.0,0.0,1.0
16,195,2.042765632429023,11.113009016868851,0.0,0.0,0.0,0.0,1.0,1.0
17,195,4.838450945957716,11.207355206051462,1.0,0.0,0.0,0.0,0.0,1.0
18,195,2.8149299746256857,7.232624431296642,0.0,0.0,0.0,1.0,0.0,1.0
19,195,7.334073058647185,3.1665078480424294,1.0,0.0,1.0,0.0,0.0,0.0
0,200,0.1374983638241791,7.374388065300893,1.0,0.0,0.0,1.0,0.0,1.0
1,200,8.199226294486513,0.059280351805774,0.0,1.0,0.0,1.0,1.0,1.0
2,200,1.39127487591487,0.4735006565240448,0.0,1.0,0.0,0.0,1.0,1.0
3,200,0.0,2.085561238544328,0.0,0.0,0.0,0.0,1.0,1.0
4,200,12.0,0.481937677632499,0.0,0.0,1.0,1.0,1.0,1.0
5,200,9.687076396424338,2.2311757542495134,0.0,1.0,0.0,1.0,0.0,0.0
6,200,7.590270652784079,2.902685531027499,1.0,0.0,1.0,0.0,0.0,0.0
7,200,10.32049079907348,6.194827218460252,0.0,1.0,0.0,1.0,0.0,0.0
8,200,1.596237815088314,7.583273098597905,0.0,1.0,0.0,0.0,1.0,0.0
9,200,3.5612670972224967,11.450669352947738,1.0,0.0,1.0,1.0,0.0,0.0
10,200,3.8411467323529545,8.666529010294665,0.0,0.0,1.0,1.0,0.0,1.0
11,200,4.601982171582676,9.466881094526244,0.0,0.0,1.0,0.0,0.0,0.0
12,200,10.971492039602465,11.884934257863025,0.0,0.0,1.0,1.0,1.0,1.0
13,200,7.553839732432293,2.7479933301710067,1.0,1.0,0.0,1.0,1.0,1.0
14,200,6.190292446265373,11.56497516187655,1.0,0.0,0.0,1.0,0.0,0.0
15,200,11.498426536753072,10.227286697936192,0.0,0.0,0.0,0.0,0.0,1.0
16,200,2.0769447725954646,11.170610333510462,0.0,0.0,0.0,0.0,1.0,1.0
17,200,4.754780254467278,11.128067907240837,1.0,0.0,0.0,0.0,0.0,1.0
18,200,2.8910045053549887,7.230273964351999,0.0,0.0,0.0,1.0,0.0,1.0
19,200,7.283667325107296,3.226148841125425,1.0,0.0,1.0,0.0,0.0,0.0
0,205,0.1593264351890836,7.346009131757069,1.0,0.0,0.0,1.0,0.0,1.0
1,205,8.34088553879931,0.0649684443999124,0.0,1.0,0.0,1.0,1.0,1.0
2,205,1.3892273795931642,0.4764073689328326,0.0,1.0,0.0,0.0,1.0,1.0
3,205,0.0,2.117088759707195,0.0,0.0,0.0,0.0,1.0,1.0
4,205,12.0,0.462447888732353,0.0,0.0,1.0,1.0,1.0,1.0
5,205,9.648108861867446,2.1272113824997008,0.0,1.0,0.0,1.0,0.0,0.0
6,205,7.623726189483692,2.831272758375912,1.0,0.0,1.0,0.0,0.0,0.0
7,205,10.384259096417642,6.291792284825324,0.0,1.0,0.0,1.0,0.0,0.0
8,205,1.5734966639944123,7.588493359981291,0.0,1.0,0.0,0.0,1.0,0.0
9,205,3.582765168065916,11.463232200626164,1.0,0.0,1.0,1.0,0.0,0.0
10,205,3.830845663538275,8.669553543473986,0.0,0.0,1.0,1.0,0.0,1.0
11,205,4.6173022620623385,9.448272513224149,0.0,0.0,1.0,0.0,0.0,0.0
12,205,10.962264927369144,11.853764135229651,0.0,0.0,1.0,1.0,1.0,1.0
13,205,7.594926701031107,2.496376026702615,1.0,1.0,0.0,1.0,1.0,1.0
14,205,6.1788033837924425,11.533751503731448,1.0,0.0,0.0,1.0,0.0,0.0
15,205,11.47128404871728,10.195006519543664,0.0,0.0,0.0,0.0,0.0,1.0
16,205,2.109223514723035,11.224477755597697,0.0,0.0,0.0,0.0,1.0,1.0
17,205,4.684256587758416,11.062028597144362,1.0,0.0,0.0,0.0,0.0,1.0
18,205,2.991989355316852,7.228813408308141,0.0,0.0,0.0,1.0,0.0,1.0
19,205,7.222331477777261,3.296123955897861,1.0,0.0,1.0,0.0,0.0,0.0
0,210,0.1836490662654441,7.313780097226748,1.0,0.0,0.0,1.0,0.0,1.0
1,210,8.508184934681768,0.0699832982824171,0.0,1.0,0.0,1.0,1.0,1.0
2,210,1.3857337330409691,0.4813791958514149,0.0,1.0,0.0,0.0,1.0,1.0
3,210,0.0,2.145181019278985,0.0,0.0,0.0,0.0,1.0,1.0
4,210,12.0,0.4441335915399512,0.0,0.0,1.0,1.0,1.0,1.0
5,210,9.60447403011956,2.0113941583826738,0.0,1.0,0.0,1.0,0.0,0.0
6,210,7.649782011814985,2.7738331069539544,1.0,0.0,1.0,0.0,0.0,0.0
7,210,10.461092588217342,6.399986832124221,0.0,1.0,0.0,1.0,0.0,0.0
8,210,1.5440900555687869,7.594643232607176,0.0,1.0,0.0,0.0,1.0,0.0
9,210,3.593088767442918,11.469289948395598,1.0,0.0,1.0,1.0,0.0,0.0
10,210,3.8033406567759194,8.677767108674228,0.0,0.0,1.0,1.0,0.0,1.0
11,210,4.637342690861788,9.425142983803577,0.0,0.0,1.0,0.0,0.0,0.0
12,210,10.959119381963683,11.84402403999066,0.0,0.0,1.0,1.0,1.0,1.0
13,210,7.641661171755254,2.217127557246794,1.0,1.0,0.0,1.0,1.0,1.0
14,210,6.167802155748151,11.507048763542048,1.0,0.0,0.0,1.0,0.0,0.0
15,210,11.452751293701604,10.173785539695285,0.0,0.0,0.0,0.0,0.0,1.0
16,210,2.1470853150064446,11.288393130701028,0.0,0.0,0.0,0.0,1.0,1.0
17,210,4.626569879884813,11.00622120481137,1.0,0.0,0.0,0.0,0.0,1.0
18,210,3.081964930277329,7.2258684013798495,0.0,0.0,0.0,1.0,0.0,1.0
19,210,7.155792924886627,3.369988840097939,1.0,0.0,1.0,0.0,0.0,0.0
0,215,0.1893252241902644,7.306475525857067,1.0,0.0,0.0,1.0,0.0,1.0
1,215,8.679811140889726,0.0727690207360336,0.0,1.0,0.0,1.0,1.0,1.0
2,215,1.383401117710357,0.484687538743028,0.0,1.0,0.0,0.0,1.0,1.0
3,215,0.0,2.161999368699891,0.0,0.0,0.0,0.0,1.0,1.0
4,215,12.0,0.4273375976454749,0.0,0.0,1.0,1.0,1.0,1.0
5,215,9.554531480564592,1.8887589752585945,0.0,1.0,0.0,1.0,0.0,0.0
6,215,7.665565472629095,2.737876628672412,1.0,0.0,1.0,0.0,0.0,0.0
7,215,10.52891024150184,6.492652137105034,0.0,1.0,0.0,1.0,0.0,0.0
8,215,1.5280353137351392,7.598476610062941,0.0,1.0,0.0,0.0,1.0,0.0
9,215,3.626294330426722,11.488588755635362,1.0,0.0,1.0,1.0,0.0,0.0
10,215,3.777698724937063,8.685427155618035,0.0,0.0,1.0,1.0,0.0,1.0
11,215,4.655408397824803,9.44079067259594,0.0,0.0,1.0,0.0,0.0,0.0
12,215,10.949450579574362,11.813537821802369,0.0,0.0,1.0,1.0,1.0,1.0
13,215,7.6893239357174705,1.9193930816471136,1.0,1.0,0.0,1.0,1.0,1.0
14,215,6.158659838447497,11.482842468300811,1.0,0.0,0.0,1.0,0.0,0.0
15,215,11.424569527187288,10.140436253497782,0.0,0.0,0.0,0.0,0.0,1.0
16,215,2.2042289031506432,11.382277118991404,0.0,0.0,0.0,0.0,1.0,1.0
17,215,4.589865164147883,10.972850959972092,1.0,0.0,0.0,0.0,0.0,1.0
18,215,3.2000204382302573,7.222172398560917,0.0,0.0,0.0,1.0,0.0,1.0
19,215,7.069521228514778,3.4661183004619764,1.0,0.0,1.0,0.0,0.0,0.0
0,220,0.193031888338645,7.301646871520399,1.0,0.0,0.0,1.0,0.0,1.0
1,220,8.836915820799993,0.0744486154615652,0.0,1.0,0.0,1.0,1.0,1.0
2,220,1.3862012792968368,0.4806012055193933,0.0,1.0,0.0,0.0,1.0,1.0
3,220,0.0,2.182225090013269,0.0,0.0,0.0,0.0,1.0,1.0
4,220,12.0,0.4098093288808601,0.0,0.0,1.0,1.0,1.0,1.0
5,220,9.496827327971593,1.7518845208924554,0.0,1.0,0.0,1.0,0.0,0.0
6,220,7.675874571059333,2.7147420210781195,1.0,0.0,1.0,0.0,0.0,0.0
7,220,10.603387392273463,6.592888310761347,0.0,1.0,0.0,1.0,0.0,0.0
8,220,1.5126150017638529,7.6018580102265085,0.0,1.0,0.0,0.0,1.0,0.0
9,220,3.6481258388151434,11.50071874650436,1.0,0.0,1.0,1.0,0.0,0.0
10,220,3.743387237263692,8.695626884648826,0.0,0.0,1.0,1.0,0.0,1.0
11,220,4.661538179079841,9.446270848318369,0.0,0.0,1.0,0.0,0.0,0.0
12,220,10.941945446366178,11.78958228940985,0.0,0.0,1.0,1.0,1.0,1.0
13,220,7.72821497242583,1.6132587662208873,1.0,1.0,0.0,1.0,1.0,1.0
14,220,6.146416990748407,11.45258426962284,1.0,0.0,0.0,1.0,0.0,0.0
15,220,11.404915318202557,10.114949471198024,0.0,0.0,0.0,0.0,0.0,1.0
16,220,2.2660992681735297,11.4816699573157,0.0,0.0,0.0,0.0,1.0,1.0
17,220,4.558195932028109,10.942486163109038,1.0,0.0,0.0,0.0,0.0,1.0
18,220,3.305839894457925,7.219293268122788,0.0,0.0,0.0,1.0,0.0,1.0
19,220,7.004719261953773,3.539985932486642,1.0,0.0,1.0,0.0,0.0,0.0
0,225,0.2143301651277077,7.273143850833996,1.0,0.0,0.0,1.0,0.0,1.0
1,225,9.012311124175096,0.0763222000377377,0.0,1.0,0.0,1.0,1.0,1.0
2,225,1.3895834434520618,0.4757976435174641,0.0,1.0,0.0,0.0,1.0,1.0
3,225,0.0,2.200695190080229,0.0,0.0,0.0,0.0,1.0,1.0
4,225,12.0,0.3953430035974626,0.0,0.0,1.0,1.0,1.0,1.0
5,225,9.445614841643344,1.6329045421776387,0.0,1.0,0.0,1.0,0.0,0.0
6,225,7.683499122441083,2.6962463502963945,1.0,0.0,1.0,0.0,0.0,0.0
7,225,10.698452199887203,6.718604384231638,0.0,1.0,0.0,1.0,0.0,0.0
8,225,1.490814335982049,7.606994925876997,0.0,1.0,0.0,0.0,1.0,0.0
9,225,3.6679868817796337,11.51164316976988,1.0,0.0,1.0,1.0,0.0,0.0
10,225,3.7343895487407983,8.697950493971137,0.0,0.0,1.0,1.0,0.0,1.0
11,225,4.662413074075742,9.447066966626938,0.0,0.0,1.0,0.0,0.0,0.0
12,225,10.937261896479848,11.773391957256106,0.0,0.0,1.0,1.0,1.0,1.0
13,225,7.764494107814036,1.2972017464573555,1.0,1.0,0.0,1.0,1.0,1.0
14,225,6.130409818968991,11.41378946156404,1.0,0.0,0.0,1.0,0.0,0.0
15,225,11.407381463597448,10.112980589865684,0.0,0.0,0.0,0.0,0.0,1.0
16,225,2.325697730156412,11.579717187679911,0.0,0.0,0.0,0.0,1.0,1.0
17,225,4.515226384161237,10.901839164471268,1.0,0.0,0.0,0.0,0.0,1.0
18,225,3.405008653430003,7.217129061073713,0.0,0.0,0.0,1.0,0.0,1.0
19,225,6.943130873781336,3.6112752178877527,1.0,0.0,1.0,0.0,0.0,0.0
0,230,0.2298383663687774,7.252739615424621,1.0,0.0,0.0,1.0,0.0,1.0
1,230,9.2146460856636,0.0826422406833255,0.0,1.0,0.0,1.0,1.0,1.0
2,230,1.3970829696039575,0.4660029637703722,0.0,1.0,0.0,0.0,1.0,1.0
3,230,0.0003183384454781,2.199867401895169,0.0,0.0,0.0,0.0,1.0,1.0
4,230,12.0,0.3795576956534527,0.0,0.0,1.0,1.0,1.0,1.0
5,230,9.396611259616924,1.5120180808342494,0.0,1.0,0.0,1.0,0.0,0.0
6,230,7.6887370119323455,2.68314133334598,1.0,0.0,1.0,0.0,0.0,0.0
7,230,10.800976371524596,6.854777276641765,0.0,1.0,0.0,1.0,0.0,0.0
8,230,1.4638613499982078,7.613783071780856,0.0,1.0,0.0,0.0,1.0,0.0
9,230,3.704938170611933,11.532072421888037,1.0,0.0,1.0,1.0,0.0,0.0
10,230,3.722288886654729,8.701126412615142,0.0,0.0,1.0,1.0,0.0,1.0
11,230,4.65530249723517,9.440459239553023,0.0,0.0,1.0,0.0,0.0,0.0
12,230,10.93039679456098,11.751791778327089,0.0,0.0,1.0,1.0,1.0,1.0
13,230,7.804669126144935,0.9785789469986734,1.0,1.0,0.0,1.0,1.0,1.0
14,230,6.11685337737364,11.381361595216047,1.0,0.0,0.0,1.0,0.0,0.0
15,230,11.418577024652471,10.104308131284668,0.0,0.0,0.0,0.0,0.0,1.0
16,230,2.3883598867738884,11.678885295047197,0.0,0.0,0.0,0.0,1.0,1.0
17,230,4.48813167140722,10.874834088781292,1.0,0.0,0.0,0.0,0.0,1.0
18,230,3.5163238989951675,7.214568346931288,0.0,0.0,0.0,1.0,0.0,1.0
19,230,6.871056870002791,3.691910280451831,1.0,0.0,1.0,0.0,0.0,0.0
0,235,0.2417612340335534,7.2373677482503,1.0,0.0,0.0,1.0,0.0,1.0
1,235,9.42838481398812,0.0863936229111903,0.0,1.0,0.0,1.0,1.0,1.0
2,235,1.409501752852027,0.4505422629379698,0.0,1.0,0.0,0.0,1.0,1.0
3,235,0.0016225382459614,2.1961265041302998,0.0,0.0,0.0,0.0,1.0,1.0
4,235,12.0,0.3678411999907834,0.0,0.0,1.0,1.0,1.0,1.0
5,235,9.35845228359234,1.411412573178949,0.0,1.0,0.0,1.0,0.0,0.0
6,235,7.688919184321938,2.682674641712113,1.0,0.0,1.0,0.0,0.0,0.0
7,235,10.90540867632044,6.994237652814619,0.0,1.0,0.0,1.0,0.0,0.0
8,235,1.437191851176075,7.620609963707758,0.0,1.0,0.0,0.0,1.0,0.0
9,235,3.755617498446445,11.562320835658715,1.0,0.0,1.0,1.0,0.0,0.0
10,235,3.69616265868624,8.707672532898952,0.0,0.0,1.0,1.0,0.0,1.0
11,235,4.626725799810287,9.415605062049764,0.0,0.0,1.0,0.0,0.0,0.0
12,235,10.91796970484578,11.7157573048011,0.0,0.0,1.0,1.0,1.0,1.0
13,235,7.844134898087014,0.6489900160572006,1.0,1.0,0.0,1.0,1.0,1.0
14,235,6.096944730033254,11.331990212802896,1.0,0.0,0.0,1.0,0.0,0.0
15,235,11.444129510885034,10.083513161096889,0.0,0.0,0.0,0.0,0.0,1.0
16,235,2.459936959314728,11.785435741860145,0.0,0.0,0.0,0.0,1.0,1.0
17,235,4.455996097987335,10.840966470211375,1.0,0.0,0.0,0.0,0.0,1.0
18,235,3.637315849094422,7.213673572456599,0.0,0.0,0.0,1.0,0.0,1.0
19,235,6.801384204124677,3.770952106362992,1.0,0.0,1.0,0.0,0.0,0.0
0,240,0.2599014107051631,7.213928096797372,1.0,0.0,0.0,1.0,0.0,1.0
1,240,9.670014495960514,0.0892243338802254,0.0,1.0,0.0,1.0,1.0,1.0
2,240,1.429570888499938,0.4245560826425922,0.0,1.0,0.0,0.0,1.0,1.0
3,240,0.0,2.208113607436739,0.0,0.0,0.0,0.0,1.0,1.0
4,240,12.0,0.3567673363767585,0.0,0.0,1.0,1.0,1.0,1.0
5,240,9.315455912203092,1.3038418320949277,0.0,1.0,0.0,1.0,0.0,0.0
6,240,7.690297648728738,2.6791360034933533,1.0,0.0,1.0,0.0,0.0,0.0
7,240,11.004153687338327,7.127125889736127,0.0,1.0,0.0,1.0,0.0,0.0
8,240,1.4212901980955817,7.624802625435686,0.0,1.0,0.0,0.0,1.0,0.0
9,240,3.82147973920921,11.6001511473513,1.0,0.0,1.0,1.0,0.0,0.0
10,240,3.669973992194616,8.714450907904185,0.0,0.0,1.0,1.0,0.0,1.0
11,240,4.590964559350824,9.383581600583325,0.0,0.0,1.0,0.0,0.0,0.0
12,240,10.909970263266464,11.692450268074344,0.0,0.0,1.0,1.0,1.0,1.0
13,240,7.888463621529191,0.324679772809265,1.0,1.0,0.0,1.0,1.0,1.0
14,240,6.074381650959616,11.27369745788142,1.0,0.0,0.0,1.0,0.0,0.0
15,240,11.470082824578556,10.06192697750736,0.0,0.0,0.0,0.0,0.0,1.0
16,240,2.544059491436136,11.90962471228382,0.0,0.0,0.0,0.0,1.0,1.0
17,240,4.431879448920884,10.815260955726876,1.0,0.0,0.0,0.0,0.0,1.0
18,240,3.774734993933692,7.214891389364346,0.0,0.0,0.0,1.0,0.0,1.0
19,240,6.733769249378455,3.8495683155596674,1.0,0.0,1.0,0.0,0.0,0.0
0,245,0.2627395827349076,7.210285604320409,1.0,0.0,0.0,1.0,0.0,1.0
1,245,9.91173945281275,0.0932514431590724,0.0,1.0,0.0,1.0,1.0,1.0
2,245,1.454191273654876,0.391330785249627,0.0,1.0,0.0,0.0,1.0,1.0
3,245,0.0,2.2197767342314685,0.0,0.0,0.0,0.0,1.0,1.0
4,245,12.0,0.3459431350292122,0.0,0.0,1.0,1.0,1.0,1.0
5,245,9.272434408037784,1.1960959228266042,0.0,1.0,0.0,1.0,0.0,0.0
6,245,7.695017503781211,2.6658777074004485,1.0,0.0,1.0,0.0,0.0,0.0
7,245,11.105235049403094,7.26610510460953,0.0,1.0,0.0,1.0,0.0,0.0
8,245,1.4044289080378811,7.628863832553801,0.0,1.0,0.0,0.0,1.0,0.0
9,245,3.877082442081574,11.631622390767577,1.0,0.0,1.0,1.0,0.0,0.0
10,245,3.651866728883132,8.719397371487052,0.0,0.0,1.0,1.0,0.0,1.0
11,245,4.548284736628193,9.343949348848602,0.0,0.0,1.0,0.0,0.0,0.0
12,245,10.9037767844148,11.67247246116575,0.0,0.0,1.0,1.0,1.0,1.0
13,245,7.931333058073238,0.0071327581834929,1.0,1.0,0.0,1.0,1.0,1.0
14,245,6.044349492896902,11.19506567089333,1.0,0.0,0.0,1.0,0.0,0.0
15,245,11.501960996532912,10.034716147192343,0.0,0.0,0.0,0.0,0.0,1.0
16,245,2.6230038309835013,12.0,0.0,0.0,0.0,0.0,1.0,1.0
17,245,4.416664810144965,10.79875800852303,1.0,0.0,0.0,0.0,0.0,1.0
18,245,3.923376155782349,7.216108775932352,0.0,0.0,0.0,1.0,0.0,1.0
19,245,6.662409400573614,3.927916732088796,1.0,0.0,1.0,0.0,0.0,0.0
0,250,0.2727610140022772,7.197291686723729,1.0,0.0,0.0,1.0,0.0,1.0
1,250,10.148339917227888,0.0986317158420499,0.0,1.0,0.0,1.0,1.0,1.0
2,250,1.4809054788243707,0.3553161603756724,0.0,1.0,0.0,0.0,1.0,1.0
3,250,0.0,2.233367820121651,0.0,0.0,0.0,0.0,1.0,1.0
4,250,12.0,0.3360993069511607,0.0,0.0,1.0,1.0,1.0,1.0
5,250,9.22053150434654,1.0713693261990984,0.0,1.0,0.0,1.0,0.0,0.0
6,250,7.699144059735555,2.654356117774548,1.0,0.0,1.0,0.0,0.0,0.0
7,250,11.195469240676331,7.393263943685437,0.0,1.0,0.0,1.0,0.0,0.0
8,250,1.3777067065216653,7.634803932792224,0.0,1.0,0.0,0.0,1.0,0.0
9,250,3.928791721350577,11.660527545205944,1.0,0.0,1.0,1.0,0.0,0.0
10,250,3.630520329036557,8.72528144996766,0.0,0.0,1.0,1.0,0.0,1.0
11,250,4.495037643540274,9.295248909223918,0.0,0.0,1.0,0.0,0.0,0.0
12,250,10.897701504428696,11.653912680736608,0.0,0.0,1.0,1.0,1.0,1.0
13,250,7.973280518246024,0.0,1.0,1.0,0.0,1.0,1.0,1.0
14,250,6.011206654975243,11.1070391572034,1.0,0.0,0.0,1.0,0.0,0.0
15,250,11.542801349497426,9.998453891252922,0.0,0.0,0.0,0.0,0.0,1.0
16,250,2.713725233574334,12.0,0.0,0.0,0.0,0.0,1.0,1.0
17,250,4.389571406459687,10.768344304317068,1.0,0.0,0.0,0.0,0.0,1.0
18,250,4.037801999224833,7.219059385022905,0.0,0.0,0.0,1.0,0.0,1.0
19,250,6.601479849226817,3.996118827423913,1.0,0.0,1.0,0.0,0.0,0.0
0,255,0.2879854334416974,7.176230354685926,1.0,0.0,0.0,1.0,0.0,1.0
1,255,10.402598424398374,0.1057775078633949,0.0,1.0,0.0,1.0,1.0,1.0
2,255,1.5021051570423265,0.3269041963380382,0.0,1.0,0.0,0.0,1.0,1.0
3,255,0.0,2.242387635046359,0.0,0.0,0.0,0.0,1.0,1.0
4,255,12.0,0.3291627815959736,0.0,0.0,1.0,1.0,1.0,1.0
5,255,9.161651418663531,0.9273688495732826,0.0,1.0,0.0,1.0,0.0,0.0
6,255,7.698574215924851,2.655784590059381,1.0,0.0,1.0,0.0,0.0,0.0
7,255,11.266888534695818,7.498364753958591,0.0,1.0,0.0,1.0,0.0,0.0
8,255,1.3341540261242604,7.644639674245187,0.0,1.0,0.0,0.0,1.0,0.0
9,255,3.985353752085113,11.690731336980186,1.0,0.0,1.0,1.0,0.0,0.0
10,255,3.6107453399662615,8.730569072008274,0.0,0.0,1.0,1.0,0.0,1.0
11,255,4.43863197226591,9.241571567116711,0.0,0.0,1.0,0.0,0.0,0.0
12,255,10.897161423505707,11.652328276608428,0.0,0.0,1.0,1.0,1.0,1.0
13,255,8.02159893235368,0.0,1.0,1.0,0.0,1.0,1.0,1.0
14,255,5.973263987839447,11.002095741291608,1.0,0.0,0.0,1.0,0.0,0.0
15,255,11.57733613857902,9.96748394153209,0.0,0.0,0.0,0.0,0.0,1.0
16,255,2.8122871763083235,12.0,0.0,0.0,0.0,0.0,1.0,1.0
17,255,4.368186083818162,10.743352128374775,1.0,0.0,0.0,0.0,0.0,1.0
18,255,4.158190207576024,7.229370916328902,0.0,0.0,0.0,1.0,0.0,1.0
19,255,6.531453127157309,4.076278258850322,1.0,0.0,1.0,0.0,0.0,0.0
0,260,0.2944987708613934,7.167089800875773,1.0,0.0,0.0,1.0,0.0,1.0
1,260,10.663507932786128,0.1250854923515694,0.0,1.0,0.0,1.0,1.0,1.0
2,260,1.5121291799984136,0.3139961228202517,0.0,1.0,0.0,0.0,1.0,1.0
3,260,0.0,2.2580650603211647,0.0,0.0,0.0,0.0,1.0,1.0
4,260,12.0,0.3274817465924975,0.0,0.0,1.0,1.0,1.0,1.0
5,260,9.089485013760466,0.767592239218746,0.0,1.0,0.0,1.0,0.0,0.0
6,260,7.700405641756474,2.6512479654332526,1.0,0.0,1.0,0.0,0.0,0.0
7,260,11.32233689162633,7.580467831314127,0.0,1.0,0.0,1.0,0.0,0.0
8,260,1.291384192538509,7.655038338479824,0.0,1.0,0.0,0.0,1.0,0.0
9,260,4.034966411164237,11.716182092411517,1.0,0.0,1.0,1.0,0.0,0.0
10,260,3.585000573893582,8.737057883919283,0.0,0.0,1.0,1.0,0.0,1.0
11,260,4.376845081890119,9.183127388062973,0.0,0.0,1.0,0.0,0.0,0.0
12,260,10.899170080951963,11.658672579716017,0.0,0.0,1.0,1.0,1.0,1.0
13,260,8.07139580669821,0.0,1.0,1.0,0.0,1.0,1.0,1.0
14,260,5.940719031078669,10.913503544572691,1.0,0.0,0.0,1.0,0.0,0.0
15,260,11.5924237938015,9.953401934839617,0.0,0.0,0.0,0.0,0.0,1.0
16,260,2.924983833554998,12.0,0.0,0.0,0.0,0.0,1.0,1.0
17,260,4.3330959383200405,10.702392342915482,1.0,0.0,0.0,0.0,0.0,1.0
18,260,4.280290410081829,7.242675151344176,0.0,0.0,0.0,1.0,0.0,1.0
19,260,6.453836956757069,4.160754595663375,1.0,0.0,1.0,0.0,0.0,0.0
0,265,0.2923612992922494,7.170021408330811,1.0,0.0,0.0,1.0,0.0,1.0
1,265,10.926539713677116,0.1401650609171006,0.0,1.0,0.0,1.0,1.0,1.0
2,265,1.4998441989526834,0.3303593430385573,0.0,1.0,0.0,0.0,1.0,1.0
3,265,0.0,2.297884363327625,0.0,0.0,0.0,0.0,1.0,1.0
4,265,12.0,0.3328532470392047,0.0,0.0,1.0,1.0,1.0,1.0
5,265,9.025883320628177,0.6245576039932433,0.0,1.0,0.0,1.0,0.0,0.0
6,265,7.696360399348693,2.661136063002893,1.0,0.0,1.0,0.0,0.0,0.0
7,265,11.381179371883318,7.670147940934017,0.0,1.0,0.0,1.0,0.0,0.0
8,265,1.2467364204290026,7.666245027842905,0.0,1.0,0.0,0.0,1.0,0.0
9,265,4.084697905898056,11.74020663136502,1.0,0.0,1.0,1.0,0.0,0.0
10,265,3.5747883834159326,8.739464454024494,0.0,0.0,1.0,1.0,0.0,1.0
11,265,4.328066952117166,9.235245509069692,0.0,0.0,1.0,0.0,0.0,0.0
12,265,10.901690277831252,11.666744795847476,0.0,0.0,1.0,1.0,1.0,1.0
13,265,8.128339359977945,0.0,1.0,1.0,0.0,1.0,1.0,1.0
14,265,5.907161608520087,10.820853783778803,1.0,0.0,0.0,1.0,0.0,0.0
15,265,11.618217468534011,9.9286486746747,0.0,0.0,0.0,0.0,0.0,1.0
16,265,3.0429529870437144,12.0,0.0,0.0,0.0,0.0,1.0,1.0
17,265,4.290549209674783,10.650596764706952,1.0,0.0,0.0,0.0,0.0,1.0
18,265,4.420992472342867,7.254932283036051,0.0,0.0,0.0,1.0,0.0,1.0
19,265,6.380535775623556,4.24078272563855,1.0,0.0,1.0,0.0,0.0,0.0
0,270,0.2776295429382012,7.190158489579977,1.0,0.0,0.0,1.0,0.0,1.0
1,270,11.193352414284831,0.1569122646300959,0.0,1.0,0.0,1.0,1.0,1.0
2,270,1.4794577399852489,0.3566738010126883,0.0,1.0,0.0,0.0,1.0,1.0
3,270,0.0,2.3560871435716715,0.0,0.0,0.0,0.0,1.0,1.0
4,270,12.0,0.3344753946336147,0.0,0.0,1.0,1.0,1.0,1.0
5,270,8.953549538348037,0.4727070749711964,0.0,1.0,0.0,1.0,0.0,0.0
6,270,7.703370057271759,2.6441289149089444,1.0,0.0,1.0,0.0,0.0,0.0
7,270,11.437054679066676,7.76055677691874,0.0,1.0,0.0,1.0,0.0,0.0
8,270,1.199020485434917,7.678095814456149,0.0,1.0,0.0,0.0,1.0,0.0
9,270,4.135492327935226,11.766508457496547,1.0,0.0,1.0,1.0,0.0,0.0
10,270,3.580437084563513,8.763565005424354,0.0,0.0,1.0,1.0,0.0,1.0
11,270,4.30038645261754,9.265668282158078,0.0,0.0,1.0,0.0,0.0,0.0
12,270,10.905046521456615,11.677389438091248,0.0,0.0,1.0,1.0,1.0,1.0
13,270,8.191648253337835,0.0,1.0,1.0,0.0,1.0,1.0,1.0
14,270,5.879408428453584,10.745416712749158,1.0,0.0,0.0,1.0,0.0,0.0
15,270,11.64264869770605,9.904399440184514,0.0,0.0,0.0,0.0,0.0,1.0
16,270,3.1589271739017457,12.0,0.0,0.0,0.0,0.0,1.0,1.0
17,270,4.249830939433699,10.599786089600764,1.0,0.0,0.0,0.0,0.0,1.0
18,270,4.582142404998385,7.2723989147738655,0.0,0.0,0.0,1.0,0.0,1.0
19,270,6.323998241235636,4.305130145910062,1.0,0.0,1.0,0.0,0.0,0.0
0,275,0.2699666870148911,7.200786539059012,1.0,0.0,0.0,1.0,0.0,1.0
1,275,11.46105305620978,0.1799687222186187,0.0,1.0,0.0,1.0,1.0,1.0
2,275,1.4580793336624207,0.3836517790390057,0.0,1.0,0.0,0.0,1.0,1.0
3,275,0.0,2.4070570658778463,0.0,0.0,0.0,0.0,1.0,1.0
4,275,12.0,0.3399152854370767,0.0,0.0,1.0,1.0,1.0,1.0
5,275,9.099487726050103,0.4026717533011418,0.0,1.0,0.0,1.0,0.0,0.0
6,275,7.713476245518841,2.618147757988284,1.0,0.0,1.0,0.0,0.0,0.0
7,275,11.48846606320056,7.843075190690227,0.0,1.0,0.0,1.0,0.0,0.0
8,275,1.142730999405846,7.692993216215732,0.0,1.0,0.0,0.0,1.0,0.0
9,275,4.1738404296449785,11.786810122186736,1.0,0.0,1.0,1.0,0.0,0.0
10,275,3.5885246964065085,8.796971781248837,0.0,0.0,1.0,1.0,0.0,1.0
11,275,4.250453203636582,9.320486373882265,0.0,0.0,1.0,0.0,0.0,0.0
12,275,10.904990121527568,11.677217795604776,0.0,0.0,1.0,1.0,1.0,1.0
13,275,8.25255392228002,0.0,1.0,1.0,0.0,1.0,1.0,1.0
14,275,5.8440477981847945,10.652436070304455,1.0,0.0,0.0,1.0,0.0,0.0
15,275,11.664755072877394,9.882124990110356,0.0,0.0,0.0,0.0,0.0,1.0
16,275,3.2790910190885154,12.0,0.0,0.0,0.0,0.0,1.0,1.0
17,275,4.213651847032612,10.55457931793205,1.0,0.0,0.0,0.0,0.0,1.0
18,275,4.767638599442905,7.289859986033833,0.0,0.0,0.0,1.0,0.0,1.0
19,275,6.267507313591405,4.368332210609063,1.0,0.0,1.0,0.0,0.0,0.0
0,280,0.2563507612077474,7.21880586019519,1.0,0.0,0.0,1.0,0.0,1.0
1,280,11.725452403583818,0.1989417013942706,0.0,1.0,0.0,1.0,1.0,1.0
2,280,1.430733254377533,0.4170819629067255,0.0,1.0,0.0,0.0,1.0,1.0
3,280,0.0,2.4387452134667686,0.0,0.0,0.0,0.0,1.0,1.0
4,280,12.0,0.3472747044488106,0.0,0.0,1.0,1.0,1.0,1.0
5,280,9.03659649479907,0.2702046906276689,0.0,1.0,0.0,1.0,0.0,0.0
6,280,7.729592323818839,2.578242499936597,1.0,0.0,1.0,0.0,0.0,0.0
7,280,11.536503726445185,7.924732537274646,0.0,1.0,0.0,1.0,0.0,0.0
8,280,1.0699548423363576,7.711459626482117,0.0,1.0,0.0,0.0,1.0,0.0
9,280,4.221052311757946,11.811139798524875,1.0,0.0,1.0,1.0,0.0,0.0
10,280,3.596253059738368,8.82842046494055,0.0,0.0,1.0,1.0,0.0,1.0
11,280,4.183227664797879,9.398074374641828,0.0,0.0,1.0,0.0,0.0,0.0
12,280,10.900914597682004,11.66393031204849,0.0,0.0,1.0,1.0,1.0,1.0
13,280,8.317194426485841,0.0,1.0,1.0,0.0,1.0,1.0,1.0
14,280,5.801282290201925,10.545113653689414,1.0,0.0,0.0,1.0,0.0,0.0
15,280,11.683802992288562,9.86416272996861,0.0,0.0,0.0,0.0,0.0,1.0
16,280,3.394148572292269,12.0,0.0,0.0,0.0,0.0,1.0,1.0
17,280,4.186593325565477,10.523662445125565,1.0,0.0,0.0,0.0,0.0,1.0
18,280,4.952217448508425,7.302682466898777,0.0,0.0,0.0,1.0,0.0,1.0
19,280,6.207562869227496,4.432197612997266,1.0,0.0,1.0,0.0,0.0,0.0
0,285,0.2382760952326668,7.2439827430580035,1.0,0.0,0.0,1.0,0.0,1.0
1,285,11.975815346277583,0.2158586567983141,0.0,1.0,0.0,1.0,1.0,1.0
2,285,1.400788315916856,0.4532614349514147,0.0,1.0,0.0,0.0,1.0,1.0
3,285,0.0,2.475150994904362,0.0,0.0,0.0,0.0,1.0,1.0
4,285,12.0,0.3537756698696736,0.0,0.0,1.0,1.0,1.0,1.0
5,285,8.982402854788331,0.1466553477897308,0.0,1.0,0.0,1.0,0.0,0.0
6,285,7.744640920580972,2.541642689882882,1.0,0.0,1.0,0.0,0.0,0.0
7,285,11.589608135252504,8.017494508359903,0.0,1.0,0.0,1.0,0.0,0.0
8,285,1.0000249843397582,7.730352803255434,0.0,1.0,0.0,0.0,1.0,0.0
9,285,4.271715498685951,11.838016277828803,1.0,0.0,1.0,1.0,0.0,0.0
10,285,3.611565335855028,8.879962999545919,0.0,0.0,1.0,1.0,0.0,1.0
11,285,4.112647056603862,9.478229550108862,0.0,0.0,1.0,0.0,0.0,0.0
12,285,10.890657046311494,11.629220178726998,0.0,0.0,1.0,1.0,1.0,1.0
13,285,8.385387570510275,0.0,1.0,1.0,0.0,1.0,1.0,1.0
14,285,5.765708158631105,10.455160766843754,1.0,0.0,0.0,1.0,0.0,0.0
15,285,11.685356861862571,9.86264654312423,0.0,0.0,0.0,0.0,0.0,1.0
16,285,3.502273077867972,12.0,0.0,0.0,0.0,0.0,1.0,1.0
17,285,4.151989453638011,10.484931943376107,1.0,0.0,0.0,0.0,0.0,1.0
18,285,5.143567895694723,7.318554860687567,0.0,0.0,0.0,1.0,0.0,1.0
19,285,6.1453068502486365,4.500479869577227,1.0,0.0,1.0,0.0,0.0,0.0
0,290,0.2238200894310299,7.264306941177705,1.0,0.0,0.0,1.0,0.0,1.0
1,290,12.0,0.2355375702770066,0.0,1.0,0.0,1.0,1.0,1.0
2,290,1.3559237102463657,0.5054261140996547,0.0,1.0,0.0,0.0,1.0,1.0
3,290,0.0,2.518480036358866,0.0,0.0,0.0,0.0,1.0,1.0
4,290,12.0,0.3618357084919025,0.0,0.0,1.0,1.0,1.0,1.0
5,290,8.935801462224074,0.0421941366961126,0.0,1.0,0.0,1.0,0.0,0.0
6,290,7.759488992276831,2.5040978544190584,1.0,0.0,1.0,0.0,0.0,0.0
7,290,11.634741458752428,8.099860682672933,0.0,1.0,0.0,1.0,0.0,0.0
8,290,0.9148816334061812,7.755441462483739,0.0,1.0,0.0,0.0,1.0,0.0
9,290,4.321405714047031,11.862745296269177,1.0,0.0,1.0,1.0,0.0,0.0
10,290,3.612449454579652,8.88269218550635,0.0,0.0,1.0,1.0,0.0,1.0
11,290,4.045476607353885,9.557550181117197,0.0,0.0,1.0,0.0,0.0,0.0
12,290,10.876545720670554,11.58611189506761,0.0,0.0,1.0,1.0,1.0,1.0
13,290,8.44448121016568,0.0,1.0,1.0,0.0,1.0,1.0,1.0
14,290,5.733726290242362,10.373251339247382,1.0,0.0,0.0,1.0,0.0,0.0
15,290,11.684621915256342,9.863424735788104,0.0,0.0,0.0,0.0,0.0,1.0
16,290,3.5993244941514724,12.0,0.0,0.0,0.0,0.0,1.0,1.0
17,290,4.11564772186016,10.442904694301989,1.0,0.0,0.0,0.0,0.0,1.0
18,290,5.322709994825061,7.335965342452433,0.0,0.0,0.0,1.0,0.0,1.0
19,290,6.088066113066205,4.564103585156392,1.0,0.0,1.0,0.0,0.0,0.0
0,295,0.2129409616024856,7.280250024530556,1.0,0.0,0.0,1.0,0.0,1.0
1,295,12.0,0.2520190368922423,0.0,1.0,0.0,1.0,1.0,1.0
2,295,1.3174528340483835,0.5507413592539696,0.0,1.0,0.0,0.0,1.0,1.0
3,295,0.0,2.5510040885649112,0.0,0.0,0.0,0.0,1.0,1.0
4,295,12.0,0.3651209115675869,0.0,0.0,1.0,1.0,1.0,1.0
5,295,8.890043305462807,0.0,0.0,1.0,0.0,1.0,0.0,0.0
6,295,7.783657794319311,2.4446500627372747,1.0,0.0,1.0,0.0,0.0,0.0
7,295,11.668738829563488,8.165206181205347,0.0,1.0,0.0,1.0,0.0,0.0
8,295,0.8388478236872892,7.777282736068707,0.0,1.0,0.0,0.0,1.0,0.0
9,295,4.343146519079973,11.873370070271935,1.0,0.0,1.0,1.0,0.0,0.0
10,295,3.615186954132023,8.890807190797812,0.0,0.0,1.0,1.0,0.0,1.0
11,295,3.974451044479426,9.645271115336833,0.0,0.0,1.0,0.0,0.0,0.0
12,295,10.861658158090007,11.54248686846402,0.0,0.0,1.0,1.0,1.0,1.0
13,295,8.498605085666632,0.0,1.0,1.0,0.0,1.0,1.0,1.0
14,295,5.697516361308573,10.280004231020277,1.0,0.0,0.0,1.0,0.0,0.0
15,295,11.676091533900523,9.872530640650773,0.0,0.0,0.0,0.0,0.0,1.0
16,295,3.704066250977002,12.0,0.0,0.0,0.0,0.0,1.0,1.0
17,295,4.08224493174197,10.404164332584738,1.0,0.0,0.0,0.0,0.0,1.0
18,295,5.540093526312905,7.350134153884711,0.0,0.0,0.0,1.0,0.0,1.0
19,295,6.029359611140032,4.635178468199875,1.0,0.0,1.0,0.0,0.0,0.0
