0,0,10.927266059406014,3.024367899750315,1.0,0.0,0.0,1.0,0.0,1.0
1,0,9.055149775479787,0.0,0.0,0.0,0.0,0.0,1.0,0.0
2,0,9.05203830859615,5.04195393641766,0.0,0.0,1.0,1.0,1.0,0.0
3,0,2.991499013900042,2.948563776918688,0.0,0.0,1.0,0.0,1.0,1.0
4,0,12.0,6.011122503250491,1.0,0.0,0.0,0.0,1.0,1.0
5,0,10.039468385089164,3.021674282418324,1.0,0.0,0.0,1.0,0.0,0.0
6,0,6.054199908914374,3.9807012218580367,0.0,1.0,0.0,1.0,0.0,0.0
7,0,10.005203849706447,12.0,0.0,1.0,0.0,0.0,0.0,0.0
8,0,5.986499365413325,10.970361378167269,0.0,0.0,1.0,1.0,0.0,1.0
9,0,0.0,2.0116606860705675,0.0,0.0,0.0,1.0,0.0,1.0
10,0,9.058655742504564,8.97735516980319,0.0,1.0,0.0,0.0,1.0,1.0
11,0,3.07320468114732,10.948011119748124,0.0,1.0,1.0,0.0,0.0,1.0
12,0,12.0,1.9747980240802216,1.0,1.0,0.0,0.0,1.0,0.0
13,0,0.0,7.97974728227007,0.0,0.0,1.0,0.0,1.0,0.0
14,0,4.995518345548303,10.97045331340279,1.0,1.0,0.0,0.0,1.0,0.0
15,0,7.983706058661985,10.962178504215158,0.0,0.0,0.0,0.0,1.0,1.0
16,0,10.98997548546176,6.951208971692926,0.0,0.0,0.0,1.0,0.0,0.0
17,0,10.940600723943128,1.958750372026488,1.0,0.0,0.0,0.0,1.0,0.0
18,0,12.0,4.029276354041928,0.0,1.0,0.0,1.0,0.0,0.0
19,0,3.960333843808839,4.971764894274567,1.0,0.0,1.0,0.0,0.0,0.0
0,5,10.848360627473868,3.050383264850898,1.0,0.0,0.0,1.0,0.0,1.0
1,5,9.0990708633208,0.0,0.0,0.0,0.0,0.0,1.0,0.0
2,5,9.10805553435944,5.087152230160485,0.0,0.0,1.0,1.0,1.0,0.0
3,5,2.979399600599607,2.8856835974331405,0.0,0.0,1.0,0.0,1.0,1.0
4,5,12.0,6.020795199938906,1.0,0.0,0.0,0.0,1.0,1.0
5,5,10.081319971087623,3.0451761804420507,1.0,0.0,0.0,1.0,0.0,0.0
6,5,6.090384963579012,3.966437087126691,0.0,1.0,0.0,1.0,0.0,0.0
7,5,10.01303985252393,12.0,0.0,1.0,0.0,0.0,0.0,0.0
8,5,5.968153586832717,10.930707999507897,0.0,0.0,1.0,1.0,0.0,1.0
9,5,0.0,2.019031105522562,0.0,0.0,0.0,1.0,0.0,1.0
10,5,9.128264468372356,8.95216057403037,0.0,1.0,0.0,0.0,1.0,1.0
11,5,3.1474895086591195,10.89278555079864,0.0,1.0,1.0,0.0,0.0,1.0
12,5,12.0,1.9482970528485664,1.0,1.0,0.0,0.0,1.0,0.0
13,5,0.0,7.966065174205622,0.0,0.0,1.0,0.0,1.0,0.0
14,5,4.990787081564358,10.93976986371242,1.0,1.0,0.0,0.0,1.0,0.0
15,5,7.964197801076151,10.914523858988236,0.0,0.0,0.0,0.0,1.0,1.0
16,5,10.979179281929074,6.897538191352568,0.0,0.0,0.0,1.0,0.0,0.0
17,5,10.884245286325696,1.9205596751403975,1.0,0.0,0.0,0.0,1.0,0.0
18,5,12.0,3.99592843623399,0.0,1.0,0.0,1.0,0.0,0.0
19,5,3.9247958014399744,4.946259968976946,1.0,0.0,1.0,0.0,0.0,0.0
0,10,10.776045272746057,3.074213415351434,1.0,0.0,0.0,1.0,0.0,1.0
1,10,9.13812850772378,0.0,0.0,0.0,0.0,0.0,1.0,0.0
2,10,9.15763811579308,5.12362558642022,0.0,0.0,1.0,1.0,1.0,0.0
3,10,2.962262261569753,2.803635529861405,0.0,0.0,1.0,0.0,1.0,1.0
4,10,12.0,6.031164699746208,1.0,0.0,0.0,0.0,1.0,1.0
5,10,10.074607477178068,3.0412160406983757,1.0,0.0,0.0,1.0,0.0,0.0
6,10,6.1147507787583,3.956500534495079,0.0,1.0,0.0,1.0,0.0,0.0
7,10,10.017426559342145,12.0,0.0,1.0,0.0,0.0,0.0,0.0
8,10,5.94655165688619,10.886560950631647,0.0,0.0,1.0,1.0,0.0,1.0
9,10,0.0,2.026207439118976,0.0,0.0,0.0,1.0,0.0,1.0
10,10,9.198731862043113,8.926638408844415,0.0,1.0,0.0,0.0,1.0,1.0
11,10,3.216307227285909,10.84453711078732,0.0,1.0,1.0,0.0,0.0,1.0
12,10,12.0,1.924230234898624,1.0,1.0,0.0,0.0,1.0,0.0
13,10,0.0,7.947136201040278,0.0,0.0,1.0,0.0,1.0,0.0
14,10,4.985974013142423,10.910262251514032,1.0,1.0,0.0,0.0,1.0,0.0
15,10,7.941852058484028,10.860738635632355,0.0,0.0,0.0,0.0,1.0,1.0
16,10,10.968151822064026,6.8426224674726654,0.0,0.0,0.0,1.0,0.0,0.0
17,10,10.84015469154132,1.8905491977544544,1.0,0.0,0.0,0.0,1.0,0.0
18,10,12.0,3.954649786142401,0.0,1.0,0.0,1.0,0.0,0.0
19,10,3.890389993931747,4.923147303356175,1.0,0.0,1.0,0.0,0.0,0.0
0,15,10.706610068655507,3.09709302077714,1.0,0.0,0.0,1.0,0.0,1.0
1,15,9.1763300551959,0.0,0.0,0.0,0.0,0.0,1.0,0.0
2,15,9.21233296469215,5.16443911709285,0.0,0.0,1.0,1.0,1.0,0.0
3,15,2.9407261745010915,2.700473461753888,0.0,0.0,1.0,0.0,1.0,1.0
4,15,12.0,6.037412610443172,1.0,0.0,0.0,0.0,1.0,1.0
5,15,10.077315663127225,3.0427755112078394,1.0,0.0,0.0,1.0,0.0,0.0
6,15,6.15309786773237,3.9420807978859727,0.0,1.0,0.0,1.0,0.0,0.0
7,15,10.022029960338145,12.0,0.0,1.0,0.0,0.0,0.0,0.0
8,15,5.922655803364221,10.83691440245136,0.0,0.0,1.0,1.0,0.0,1.0
9,15,0.0,2.038303275848025,0.0,0.0,0.0,1.0,0.0,1.0
10,15,9.263523381815702,8.902808330496155,0.0,1.0,0.0,0.0,1.0,1.0
11,15,3.29884322380866,10.783902148071514,0.0,1.0,1.0,0.0,0.0,1.0
12,15,12.0,1.8949081904500669,1.0,1.0,0.0,0.0,1.0,0.0
13,15,0.0,7.926010496200583,0.0,0.0,1.0,0.0,1.0,0.0
14,15,4.98112749075331,10.882498582839949,1.0,1.0,0.0,0.0,1.0,0.0
15,15,7.924888609626074,10.822977906865226,0.0,0.0,0.0,0.0,1.0,1.0
16,15,10.954500353497483,6.77620968003784,0.0,0.0,0.0,1.0,0.0,0.0
17,15,10.802570093062302,1.8656954493449849,1.0,0.0,0.0,0.0,1.0,0.0
18,15,12.0,3.8957977342773615,0.0,1.0,0.0,1.0,0.0,0.0
19,15,3.8379969921958192,4.884595735190681,1.0,0.0,1.0,0.0,0.0,0.0
0,20,10.65113620943251,3.1165340938946207,1.0,0.0,0.0,1.0,0.0,1.0
1,20,9.207168682929382,0.0,0.0,0.0,0.0,0.0,1.0,0.0
2,20,9.285384510516762,5.2207099724170725,0.0,0.0,1.0,1.0,1.0,0.0
3,20,2.917455225641713,2.5925851382871143,0.0,0.0,1.0,0.0,1.0,1.0
4,20,12.0,6.041020489327314,1.0,0.0,0.0,0.0,1.0,1.0
5,20,10.088680349217816,3.048757632297253,1.0,0.0,0.0,1.0,0.0,0.0
6,20,6.206829587244162,3.921862365785847,0.0,1.0,0.0,1.0,0.0,0.0
7,20,10.026088318684446,12.0,0.0,1.0,0.0,0.0,0.0,0.0
8,20,5.899132603801369,10.786190632362327,0.0,0.0,1.0,1.0,0.0,1.0
9,20,0.0,2.0496095618836616,0.0,0.0,0.0,1.0,0.0,1.0
10,20,9.3337851760197,8.879709176564901,0.0,1.0,0.0,0.0,1.0,1.0
11,20,3.389772004095516,10.717793554914245,0.0,1.0,1.0,0.0,0.0,1.0
12,20,12.0,1.8622093254991596,1.0,1.0,0.0,0.0,1.0,0.0
13,20,0.0,7.90225472902367,0.0,0.0,1.0,0.0,1.0,0.0
14,20,4.980750799003377,10.880571915577791,1.0,1.0,0.0,0.0,1.0,0.0
15,20,7.904992597478291,10.77473474639004,0.0,0.0,0.0,0.0,1.0,1.0
16,20,10.941485298865729,6.71855528547183,0.0,0.0,0.0,1.0,0.0,0.0
17,20,10.784800346625918,1.853702180372172,1.0,0.0,0.0,0.0,1.0,0.0
18,20,12.0,3.833405860925876,0.0,1.0,0.0,1.0,0.0,0.0
19,20,3.776600083672717,4.8374672626266815,1.0,0.0,1.0,0.0,0.0,0.0
0,25,10.59757760232536,3.1377566350985915,1.0,0.0,0.0,1.0,0.0,1.0
1,25,9.248765540865485,0.0,0.0,0.0,0.0,0.0,1.0,0.0
2,25,9.366083581828452,5.285675601166721,0.0,0.0,1.0,1.0,1.0,0.0
3,25,2.8950466683192007,2.492056499406828,0.0,0.0,1.0,0.0,1.0,1.0
4,25,12.0,6.041951453309466,1.0,0.0,0.0,0.0,1.0,1.0
5,25,10.124153557499625,3.0669189866590307,1.0,0.0,0.0,1.0,0.0,0.0
6,25,6.282938299363201,3.892207317669494,0.0,1.0,0.0,1.0,0.0,0.0
7,25,10.029746295630275,12.0,0.0,1.0,0.0,0.0,0.0,0.0
8,25,5.860088629491705,10.698645504582917,0.0,0.0,1.0,1.0,0.0,1.0
9,25,0.0,2.0613063534252176,0.0,0.0,0.0,1.0,0.0,1.0
10,25,9.420246392710514,8.851062511567754,0.0,1.0,0.0,0.0,1.0,1.0
11,25,3.4845567656085548,10.647233646242183,0.0,1.0,1.0,0.0,0.0,1.0
12,25,12.0,1.8297899720003197,1.0,1.0,0.0,0.0,1.0,0.0
13,25,0.0,7.877753967592055,0.0,0.0,1.0,0.0,1.0,0.0
14,25,4.975752398529062,10.85243501145624,1.0,1.0,0.0,0.0,1.0,0.0
15,25,7.877801249739898,10.706949756260665,0.0,0.0,0.0,0.0,1.0,1.0
16,25,10.92566537426874,6.647804136621027,0.0,0.0,0.0,1.0,0.0,0.0
17,25,10.762721682481189,1.8390796294007856,1.0,0.0,0.0,0.0,1.0,0.0
18,25,12.0,3.778197068465474,0.0,1.0,0.0,1.0,0.0,0.0
19,25,3.7114282684959625,4.788865187741769,1.0,0.0,1.0,0.0,0.0,0.0
0,30,10.533806870140673,3.164989969192276,1.0,0.0,0.0,1.0,0.0,1.0
1,30,9.29292302990495,0.0,0.0,0.0,0.0,0.0,1.0,0.0
2,30,9.432775955191508,5.337966772040613,0.0,0.0,1.0,1.0,1.0,0.0
3,30,2.868160354126213,2.3637404949857967,0.0,0.0,1.0,0.0,1.0,1.0
4,30,12.0,6.043485928548892,1.0,0.0,0.0,0.0,1.0,1.0
5,30,10.164284758134544,3.0867688999687557,1.0,0.0,0.0,1.0,0.0,0.0
6,30,6.379684950244852,3.8538335184992216,0.0,1.0,0.0,1.0,0.0,0.0
7,30,10.035205915481928,12.0,0.0,1.0,0.0,0.0,0.0,0.0
8,30,5.826431350591824,10.62027772634316,0.0,0.0,1.0,1.0,0.0,1.0
9,30,0.0,2.072895183049537,0.0,0.0,0.0,1.0,0.0,1.0
10,30,9.511027484783613,8.823010696786541,0.0,1.0,0.0,0.0,1.0,1.0
11,30,3.575771966103461,10.578306220644878,0.0,1.0,1.0,0.0,0.0,1.0
12,30,12.0,1.7962055125360052,1.0,1.0,0.0,0.0,1.0,0.0
13,30,0.0,7.846967496217959,0.0,0.0,1.0,0.0,1.0,0.0
14,30,4.970969054754718,10.81874462315908,1.0,1.0,0.0,0.0,1.0,0.0
15,30,7.849265476487234,10.631471201875536,0.0,0.0,0.0,0.0,1.0,1.0
16,30,10.90783907775156,6.568643322272856,0.0,0.0,0.0,1.0,0.0,0.0
17,30,10.736632613643348,1.821353344249431,1.0,0.0,0.0,0.0,1.0,0.0
18,30,12.0,3.7352070463195166,0.0,1.0,0.0,1.0,0.0,0.0
19,30,3.657376259293355,4.747338255844023,1.0,0.0,1.0,0.0,0.0,0.0
0,35,10.449947286577698,3.200081543539753,1.0,0.0,0.0,1.0,0.0,1.0
1,35,9.342006532254937,0.0,0.0,0.0,0.0,0.0,1.0,0.0
2,35,9.493577488685132,5.38556446299812,0.0,0.0,1.0,1.0,1.0,0.0
3,35,2.8424401544900464,2.253117764378177,0.0,0.0,1.0,0.0,1.0,1.0
4,35,12.0,6.045009060945261,1.0,0.0,0.0,0.0,1.0,1.0
5,35,10.204816280478306,3.1068915992313038,1.0,0.0,0.0,1.0,0.0,0.0
6,35,6.467575184999129,3.8187492319093215,0.0,1.0,0.0,1.0,0.0,0.0
7,35,10.040752446900033,12.0,0.0,1.0,0.0,0.0,0.0,0.0
8,35,5.796194433584477,10.553162799230746,0.0,0.0,1.0,1.0,0.0,1.0
9,35,0.0,2.082426269540889,0.0,0.0,0.0,1.0,0.0,1.0
10,35,9.616284295817811,8.78694371334313,0.0,1.0,0.0,0.0,1.0,1.0
11,35,3.67152229234012,10.503590298201434,0.0,1.0,1.0,0.0,0.0,1.0
12,35,12.0,1.7629511321674474,1.0,1.0,0.0,0.0,1.0,0.0
13,35,0.0,7.811265914768925,0.0,0.0,1.0,0.0,1.0,0.0
14,35,4.96870737871439,10.80058959871515,1.0,1.0,0.0,0.0,1.0,0.0
15,35,7.812997977884344,10.53926066650688,0.0,0.0,0.0,0.0,1.0,1.0
16,35,10.887050921157003,6.479945053824141,0.0,0.0,0.0,1.0,0.0,0.0
17,35,10.711795299995805,1.8037073045086296,1.0,0.0,0.0,0.0,1.0,0.0
18,35,12.0,3.7089908692456808,0.0,1.0,0.0,1.0,0.0,0.0
19,35,3.601049268765925,4.701486586753176,1.0,0.0,1.0,0.0,0.0,0.0
0,40,10.363499653392354,3.2368682576398915,1.0,0.0,0.0,1.0,0.0,1.0
1,40,9.38313616057777,0.0,0.0,0.0,0.0,0.0,1.0,0.0
2,40,9.545817657635297,5.425409818103274,0.0,0.0,1.0,1.0,1.0,0.0
3,40,2.815984881315117,2.143094847920983,0.0,0.0,1.0,0.0,1.0,1.0
4,40,12.0,6.045959754689651,1.0,0.0,0.0,0.0,1.0,1.0
5,40,10.23585161399598,3.122474595876985,1.0,0.0,0.0,1.0,0.0,0.0
6,40,6.561229090919806,3.7831716166951375,0.0,1.0,0.0,1.0,0.0,0.0
7,40,10.043582431869773,12.0,0.0,1.0,0.0,0.0,0.0,0.0
8,40,5.774646526121705,10.508037745555525,0.0,0.0,1.0,1.0,0.0,1.0
9,40,0.0,2.0952259884252413,0.0,0.0,0.0,1.0,0.0,1.0
10,40,9.656617781464345,8.892200328935148,0.0,1.0,0.0,0.0,1.0,1.0
11,40,3.758326599509163,10.431571331578926,0.0,1.0,1.0,0.0,0.0,1.0
12,40,12.0,1.725059892772004,1.0,1.0,0.0,0.0,1.0,0.0
13,40,0.0,7.782887830426584,0.0,0.0,1.0,0.0,1.0,0.0
14,40,4.965929494897736,10.77702561463504,1.0,1.0,0.0,0.0,1.0,0.0
15,40,7.782393801217228,10.467229073958384,0.0,0.0,0.0,0.0,1.0,1.0
16,40,10.86569696804274,6.388828309877118,0.0,0.0,0.0,1.0,0.0,0.0
17,40,10.679968919455746,1.7817862191957503,1.0,0.0,0.0,0.0,1.0,0.0
18,40,12.0,3.6785410362598254,0.0,1.0,0.0,1.0,0.0,0.0
19,40,3.5546689715514765,4.663575327641557,1.0,0.0,1.0,0.0,0.0,0.0
0,45,10.286287500006626,3.2684298229518034,1.0,0.0,0.0,1.0,0.0,1.0
1,45,9.43872261017772,0.0,0.0,0.0,0.0,0.0,1.0,0.0
2,45,9.594767883207268,5.465024158482743,0.0,0.0,1.0,1.0,1.0,0.0
3,45,2.787878415137103,2.033363439877179,0.0,0.0,1.0,0.0,1.0,1.0
4,45,12.0,6.0501472807043495,1.0,0.0,0.0,0.0,1.0,1.0
5,45,10.25440503416789,3.1320742793480134,1.0,0.0,0.0,1.0,0.0,0.0
6,45,6.659232398434653,3.749111127800333,0.0,1.0,0.0,1.0,0.0,0.0
7,45,10.044203499902103,12.0,0.0,1.0,0.0,0.0,0.0,0.0
8,45,5.751503161973453,10.455963544073729,0.0,0.0,1.0,1.0,0.0,1.0
9,45,0.0,2.109929902106652,0.0,0.0,0.0,1.0,0.0,1.0
10,45,9.696739479787183,8.996351828983475,0.0,1.0,0.0,0.0,1.0,1.0
11,45,3.8516781363840566,10.353185772060224,0.0,1.0,1.0,0.0,0.0,1.0
12,45,12.0,1.6961494479969763,1.0,1.0,0.0,0.0,1.0,0.0
13,45,0.0,7.746933927960544,0.0,0.0,1.0,0.0,1.0,0.0
14,45,4.966205229055504,10.780108237990628,1.0,1.0,0.0,0.0,1.0,0.0
15,45,7.755561557110773,10.404515320872552,0.0,0.0,0.0,0.0,1.0,1.0
16,45,10.84388668698035,6.28950245314686,0.0,0.0,0.0,1.0,0.0,0.0
17,45,10.642759622076335,1.7560526218177854,1.0,0.0,0.0,0.0,1.0,0.0
18,45,12.0,3.631790402986509,0.0,1.0,0.0,1.0,0.0,0.0
19,45,3.5135043977624805,4.63122919087113,1.0,0.0,1.0,0.0,0.0,0.0
0,50,10.18708866436524,3.3095486002561723,1.0,0.0,0.0,1.0,0.0,1.0
1,50,9.49957636997534,0.0,0.0,0.0,0.0,0.0,1.0,0.0
2,50,9.660475449411908,5.514714694345512,0.0,0.0,1.0,1.0,1.0,0.0
3,50,2.756298771439939,1.9129918415134168,0.0,0.0,1.0,0.0,1.0,1.0
4,50,12.0,6.0523934949908655,1.0,0.0,0.0,0.0,1.0,1.0
5,50,10.268532144261464,3.139824881526995,1.0,0.0,0.0,1.0,0.0,0.0
6,50,6.765057716084337,3.713359126819306,0.0,1.0,0.0,1.0,0.0,0.0
7,50,10.04450428106067,12.0,0.0,1.0,0.0,0.0,0.0,0.0
8,50,5.732810173084099,10.413627908121002,0.0,0.0,1.0,1.0,0.0,1.0
9,50,0.0,2.124038502996889,0.0,0.0,0.0,1.0,0.0,1.0
10,50,9.728707355894883,9.082969769856014,0.0,1.0,0.0,0.0,1.0,1.0
11,50,3.947455887628703,10.273882770310609,0.0,1.0,1.0,0.0,0.0,1.0
12,50,12.0,1.6701940368591115,1.0,1.0,0.0,0.0,1.0,0.0
13,50,0.0,7.712210829744386,0.0,0.0,1.0,0.0,1.0,0.0
14,50,4.96676055764931,10.786435687659951,1.0,1.0,0.0,0.0,1.0,0.0
15,50,7.740452753945054,10.371122301026787,0.0,0.0,0.0,0.0,1.0,1.0
16,50,10.829127009788056,6.226795372672929,0.0,0.0,0.0,1.0,0.0,0.0
17,50,10.611149981944129,1.7333530652918654,1.0,0.0,0.0,0.0,1.0,0.0
18,50,12.0,3.5904367361298037,0.0,1.0,0.0,1.0,0.0,0.0
19,50,3.448268805489197,4.57965424446479,1.0,0.0,1.0,0.0,0.0,0.0
0,55,10.106844965821733,3.340187228969209,1.0,0.0,0.0,1.0,0.0,1.0
1,55,9.574426240645932,0.0,0.0,0.0,0.0,0.0,1.0,0.0
2,55,9.729727288921133,5.569580045203743,0.0,0.0,1.0,1.0,1.0,0.0
3,55,2.724193304468107,1.7918748513171832,0.0,0.0,1.0,0.0,1.0,1.0
4,55,12.0,6.052660049941441,1.0,0.0,0.0,0.0,1.0,1.0
5,55,10.258077476377869,3.133847961441005,1.0,0.0,0.0,1.0,0.0,0.0
6,55,6.849684383650318,3.685249261557632,0.0,1.0,0.0,1.0,0.0,0.0
7,55,10.04653846616035,12.0,0.0,1.0,0.0,0.0,0.0,0.0
8,55,5.703585072386749,10.354931854578185,0.0,0.0,1.0,1.0,0.0,1.0
9,55,0.0,2.1423870884323093,0.0,0.0,0.0,1.0,0.0,1.0
10,55,9.755516623568449,9.162466579169214,0.0,1.0,0.0,0.0,1.0,1.0
11,55,4.054678192772303,10.186785304341369,0.0,1.0,1.0,0.0,0.0,1.0
12,55,12.0,1.6429860156863256,1.0,1.0,0.0,0.0,1.0,0.0
13,55,0.0,7.669579858364015,0.0,0.0,1.0,0.0,1.0,0.0
14,55,4.967627804140694,10.797294249442162,1.0,1.0,0.0,0.0,1.0,0.0
15,55,7.724610497898006,10.334479113274451,0.0,0.0,0.0,0.0,1.0,1.0
16,55,10.811886398312277,6.150227051259503,0.0,0.0,0.0,1.0,0.0,0.0
17,55,10.597823155988449,1.7237909054180751,1.0,0.0,0.0,0.0,1.0,0.0
18,55,12.0,3.5500387212967093,0.0,1.0,0.0,1.0,0.0,0.0
19,55,3.394686854308998,4.541109376726355,1.0,0.0,1.0,0.0,0.0,0.0
0,60,10.028334649592182,3.369628173344425,1.0,0.0,0.0,1.0,0.0,1.0
1,60,9.62332893700763,0.0,0.0,0.0,0.0,0.0,1.0,0.0
2,60,9.805864317114583,5.626386518987805,0.0,0.0,1.0,1.0,1.0,0.0
3,60,2.692038216584897,1.6626442798571786,0.0,0.0,1.0,0.0,1.0,1.0
4,60,11.991138294357455,6.051054952970049,1.0,0.0,0.0,0.0,1.0,1.0
5,60,10.24398054042746,3.1254752912284824,1.0,0.0,0.0,1.0,0.0,0.0
6,60,6.930707914738818,3.656816300494191,0.0,1.0,0.0,1.0,0.0,0.0
7,60,10.048930139083325,12.0,0.0,1.0,0.0,0.0,0.0,0.0
8,60,5.675642857748847,10.299727879713856,0.0,0.0,1.0,1.0,0.0,1.0
9,60,0.0,2.160202782646763,0.0,0.0,0.0,1.0,0.0,1.0
10,60,9.786683503428058,9.257618446303384,0.0,1.0,0.0,0.0,1.0,1.0
11,60,4.152326672885046,10.105316592900524,0.0,1.0,1.0,0.0,0.0,1.0
12,60,12.0,1.6276179013790957,1.0,1.0,0.0,0.0,1.0,0.0
13,60,0.0,7.622369548337256,0.0,0.0,1.0,0.0,1.0,0.0
14,60,4.967240282193094,10.791776823803522,1.0,1.0,0.0,0.0,1.0,0.0
15,60,7.702853581821935,10.288281563411402,0.0,0.0,0.0,0.0,1.0,1.0
16,60,10.799000124253102,6.0909763755082285,0.0,0.0,0.0,1.0,0.0,0.0
17,60,10.580247531642232,1.711134838347691,1.0,0.0,0.0,0.0,1.0,0.0
18,60,12.0,3.503546691071983,0.0,1.0,0.0,1.0,0.0,0.0
19,60,3.3201571109136383,4.488131894645537,1.0,0.0,1.0,0.0,0.0,0.0
0,65,9.966177915926078,3.394044209424031,1.0,0.0,0.0,1.0,0.0,1.0
1,65,9.6563407206021,0.0,0.0,0.0,0.0,0.0,1.0,0.0
2,65,9.88241579811912,5.681877426857493,0.0,0.0,1.0,1.0,1.0,0.0
3,65,2.663746486358447,1.5489405227411706,0.0,0.0,1.0,0.0,1.0,1.0
4,65,11.999596768892292,6.052804251995879,1.0,0.0,0.0,0.0,1.0,1.0
5,65,10.23731891481071,3.121412946389727,1.0,0.0,0.0,1.0,0.0,0.0
6,65,7.002989321645079,3.633137588693618,0.0,1.0,0.0,1.0,0.0,0.0
7,65,10.052559423105423,12.0,0.0,1.0,0.0,0.0,0.0,0.0
8,65,5.64461989896028,10.24127638913809,0.0,0.0,1.0,1.0,0.0,1.0
9,65,0.0,2.178278374008648,0.0,0.0,0.0,1.0,0.0,1.0
10,65,9.81808246791863,9.35910979032179,0.0,1.0,0.0,0.0,1.0,1.0
11,65,4.249641305318794,10.022669131328916,0.0,1.0,1.0,0.0,0.0,1.0
12,65,12.0,1.6204961803201583,1.0,1.0,0.0,0.0,1.0,0.0
13,65,0.0,7.567490556141429,0.0,0.0,1.0,0.0,1.0,0.0
14,65,4.966158670844201,10.775961528074248,1.0,1.0,0.0,0.0,1.0,0.0
15,65,7.679695102402246,10.24175694931278,0.0,0.0,0.0,0.0,1.0,1.0
16,65,10.7907356980591,6.048155360107242,0.0,0.0,0.0,1.0,0.0,0.0
17,65,10.553071709233931,1.6908117508068334,1.0,0.0,0.0,0.0,1.0,0.0
18,65,12.0,3.455590581131766,0.0,1.0,0.0,1.0,0.0,0.0
19,65,3.246125979511726,4.437382287791273,1.0,0.0,1.0,0.0,0.0,0.0
0,70,9.882407476839994,3.426950995507579,1.0,0.0,0.0,1.0,0.0,1.0
1,70,9.680604894438812,0.0,0.0,0.0,0.0,0.0,1.0,0.0
2,70,9.965890761834777,5.73669193447977,0.0,0.0,1.0,1.0,1.0,0.0
3,70,2.6346006597780818,1.4261468882615649,0.0,0.0,1.0,0.0,1.0,1.0
4,70,12.0,6.053423537315316,1.0,0.0,0.0,0.0,1.0,1.0
5,70,10.234884229907742,3.1199709125911688,1.0,0.0,0.0,1.0,0.0,0.0
6,70,7.094654965307961,3.6026350298657537,0.0,1.0,0.0,1.0,0.0,0.0
7,70,10.057129506350895,12.0,0.0,1.0,0.0,0.0,0.0,0.0
8,70,5.6149194921046455,10.18736539624476,0.0,0.0,1.0,1.0,0.0,1.0
9,70,0.0,2.197887864749739,0.0,0.0,0.0,1.0,0.0,1.0
10,70,9.8527115838798,9.471165763815886,0.0,1.0,0.0,0.0,1.0,1.0
11,70,4.352717825248738,9.931939037455455,0.0,1.0,1.0,0.0,0.0,1.0
12,70,12.0,1.615120220217949,1.0,1.0,0.0,0.0,1.0,0.0
13,70,0.0,7.511315032957342,0.0,0.0,1.0,0.0,1.0,0.0
14,70,4.967426009700254,10.78999926031565,1.0,1.0,0.0,0.0,1.0,0.0
15,70,7.6592217986791855,10.201782682867703,0.0,0.0,0.0,0.0,1.0,1.0
16,70,10.776845821892696,5.959379373932434,0.0,0.0,0.0,1.0,0.0,0.0
17,70,10.52969969608133,1.6722873316594626,1.0,0.0,0.0,0.0,1.0,0.0
18,70,12.0,3.394937206348972,0.0,1.0,0.0,1.0,0.0,0.0
19,70,3.1862056674453534,4.395091573843374,1.0,0.0,1.0,0.0,0.0,0.0
0,75,9.812467829719738,3.455592324511555,1.0,0.0,0.0,1.0,0.0,1.0
1,75,9.710372801357028,0.0,0.0,0.0,0.0,0.0,1.0,0.0
2,75,10.047273096599158,5.790388479417377,0.0,0.0,1.0,1.0,1.0,0.0
3,75,2.6105826372044088,1.3173520283539495,0.0,0.0,1.0,0.0,1.0,1.0
4,75,12.0,6.056698960141149,1.0,0.0,0.0,0.0,1.0,1.0
5,75,10.2499622266048,3.12897830023288,1.0,0.0,0.0,1.0,0.0,0.0
6,75,7.163099681594128,3.5793626335110758,0.0,1.0,0.0,1.0,0.0,0.0
7,75,10.061182678727622,12.0,0.0,1.0,0.0,0.0,0.0,0.0
8,75,5.590309026821923,10.145735355471787,0.0,0.0,1.0,1.0,0.0,1.0
9,75,0.0,2.215908569155882,0.0,0.0,0.0,1.0,0.0,1.0
10,75,9.882010357205536,9.563275771475576,0.0,1.0,0.0,0.0,1.0,1.0
11,75,4.454893788219844,9.84294513149868,0.0,1.0,1.0,0.0,0.0,1.0
12,75,11.990815555604112,1.620411457893935,1.0,1.0,0.0,0.0,1.0,0.0
13,75,0.0,7.443423987347847,0.0,0.0,1.0,0.0,1.0,0.0
14,75,4.97186670734853,10.838804039761657,1.0,1.0,0.0,0.0,1.0,0.0
15,75,7.644453725664108,10.17269942983369,0.0,0.0,0.0,0.0,1.0,1.0
16,75,10.76028001884576,5.861434905776016,0.0,0.0,0.0,1.0,0.0,0.0
17,75,10.517645383661938,1.6628203609275345,1.0,0.0,0.0,0.0,1.0,0.0
18,75,12.0,3.3412554959562795,0.0,1.0,0.0,1.0,0.0,0.0
19,75,3.114954217720082,4.34242587022393,1.0,0.0,1.0,0.0,0.0,0.0
0,80,9.743469455168087,3.485222787924849,1.0,0.0,0.0,1.0,0.0,1.0
1,80,9.733169306907095,0.0,0.0,0.0,0.0,0.0,1.0,0.0
2,80,10.13005869993256,5.8452444412027305,0.0,0.0,1.0,1.0,1.0,0.0
3,80,2.59057153156656,1.22449247239836,0.0,0.0,1.0,0.0,1.0,1.0
4,80,12.0,6.063243601689482,1.0,0.0,0.0,0.0,1.0,1.0
5,80,10.25213071364672,3.13021920419417,1.0,0.0,0.0,1.0,0.0,0.0
6,80,7.24469904202147,3.551925149363679,0.0,1.0,0.0,1.0,0.0,0.0
7,80,10.045701148588256,12.0,0.0,1.0,0.0,0.0,0.0,0.0
8,80,5.562688954011149,10.099453815040173,0.0,0.0,1.0,1.0,0.0,1.0
9,80,0.0,2.2365460192168705,0.0,0.0,0.0,1.0,0.0,1.0
10,80,9.91718532672842,9.670980362329448,0.0,1.0,0.0,0.0,1.0,1.0
11,80,4.554945884832867,9.756649128156804,0.0,1.0,1.0,0.0,0.0,1.0
12,80,12.0,1.6086089546959013,1.0,1.0,0.0,0.0,1.0,0.0
13,80,0.0,7.387486191719967,0.0,0.0,1.0,0.0,1.0,0.0
14,80,4.977299547912962,10.892755502617872,1.0,1.0,0.0,0.0,1.0,0.0
15,80,7.628955523407737,10.143614389874184,0.0,0.0,0.0,0.0,1.0,1.0
16,80,10.745661879358286,5.7750058809022216,0.0,0.0,0.0,1.0,0.0,0.0
17,80,10.506830995093168,1.654417774112107,1.0,0.0,0.0,0.0,1.0,0.0
18,80,12.0,3.2863374068140856,0.0,1.0,0.0,1.0,0.0,0.0
19,80,3.051041220904836,4.294842022440434,1.0,0.0,1.0,0.0,0.0,0.0
0,85,9.66866091384426,3.5178051302294078,1.0,0.0,0.0,1.0,0.0,1.0
1,85,9.780500355712537,0.0,0.0,0.0,0.0,0.0,1.0,0.0
2,85,10.197148691497164,5.888347438788147,0.0,0.0,1.0,1.0,1.0,0.0
3,85,2.5671971295184286,1.1244501915542895,0.0,0.0,1.0,0.0,1.0,1.0
4,85,12.0,6.074765048632756,1.0,0.0,0.0,0.0,1.0,1.0
5,85,10.252983158054365,3.130727305531668,1.0,0.0,0.0,1.0,0.0,0.0
6,85,7.335138888329521,3.5229115491738967,0.0,1.0,0.0,1.0,0.0,0.0
7,85,10.01371027842407,12.0,0.0,1.0,0.0,0.0,0.0,0.0
8,85,5.543115148015953,10.0685488085401,0.0,0.0,1.0,1.0,0.0,1.0
9,85,0.0,2.2600780711752084,0.0,0.0,0.0,1.0,0.0,1.0
10,85,9.951373189929583,9.772710196100354,0.0,1.0,0.0,0.0,1.0,1.0
11,85,4.63815795675965,9.682363312807883,0.0,1.0,1.0,0.0,0.0,1.0
12,85,12.0,1.6071544515490903,1.0,1.0,0.0,0.0,1.0,0.0
13,85,0.0,7.331930808871183,0.0,0.0,1.0,0.0,1.0,0.0
14,85,4.984083028023751,10.96177885143496,1.0,1.0,0.0,0.0,1.0,0.0
15,85,7.612541106615112,10.112628233906287,0.0,0.0,0.0,0.0,1.0,1.0
16,85,10.731347171922632,5.7060714561916654,0.0,0.0,0.0,1.0,0.0,0.0
17,85,10.51380514815657,1.6595605571056953,1.0,0.0,0.0,0.0,1.0,0.0
18,85,12.0,3.2337073600312336,0.0,1.0,0.0,1.0,0.0,0.0
19,85,2.99834962796868,4.258899278254615,1.0,0.0,1.0,0.0,0.0,0.0
0,90,9.702933704192628,3.6012811435810748,1.0,0.0,0.0,1.0,0.0,1.0
1,90,9.82916820581472,0.0,0.0,0.0,0.0,0.0,1.0,0.0
2,90,10.261178355793808,5.931141526487845,0.0,0.0,1.0,1.0,1.0,0.0
3,90,2.5403411109917284,1.0175917275375352,0.0,0.0,1.0,0.0,1.0,1.0
4,90,12.0,6.083676471371208,1.0,0.0,0.0,0.0,1.0,1.0
5,90,10.24243760832949,3.124832502825944,1.0,0.0,0.0,1.0,0.0,0.0
6,90,7.41962332253261,3.494414752424996,0.0,1.0,0.0,1.0,0.0,0.0
7,90,10.004809104604162,12.0,0.0,1.0,0.0,0.0,0.0,0.0
8,90,5.519320958623081,10.0312075061232,0.0,0.0,1.0,1.0,0.0,1.0
9,90,0.0,2.284131573854649,0.0,0.0,0.0,1.0,0.0,1.0
10,90,9.979591200240366,9.860428592924634,0.0,1.0,0.0,0.0,1.0,1.0
11,90,4.711273939464941,9.6169734469329,0.0,1.0,1.0,0.0,0.0,1.0
12,90,12.0,1.6002845531628005,1.0,1.0,0.0,0.0,1.0,0.0
13,90,0.0,7.266823560680149,0.0,0.0,1.0,0.0,1.0,0.0
14,90,4.992897165878717,11.035500406722187,1.0,1.0,0.0,0.0,1.0,0.0
15,90,7.590413135505336,10.06934347645925,0.0,0.0,0.0,0.0,1.0,1.0
16,90,10.71403376634102,5.614299886344555,0.0,0.0,0.0,1.0,0.0,0.0
17,90,10.535347134031673,1.675846693351828,1.0,0.0,0.0,0.0,1.0,0.0
18,90,12.0,3.1837872633696698,0.0,1.0,0.0,1.0,0.0,0.0
19,90,2.9303503507399675,4.210551702600137,1.0,0.0,1.0,0.0,0.0,0.0
0,95,9.745983512830009,3.709233586365345,1.0,0.0,0.0,1.0,0.0,1.0
1,95,9.888884857005312,0.0,0.0,0.0,0.0,0.0,1.0,0.0
2,95,10.340937815408246,5.984881937729825,0.0,0.0,1.0,1.0,1.0,0.0
3,95,2.509476418877711,0.8876113436701951,0.0,0.0,1.0,0.0,1.0,1.0
4,95,12.0,6.0875795690291215,1.0,0.0,0.0,0.0,1.0,1.0
5,95,10.230315297937452,3.118350026067302,1.0,0.0,0.0,1.0,0.0,0.0
6,95,7.507439368653155,3.462010654113364,0.0,1.0,0.0,1.0,0.0,0.0
7,95,10.00153518326984,12.0,0.0,1.0,0.0,0.0,0.0,0.0
8,95,5.49807489623392,9.996932467999333,0.0,0.0,1.0,1.0,0.0,1.0
9,95,0.0,2.31396145831587,0.0,0.0,0.0,1.0,0.0,1.0
10,95,10.00914621675682,9.953661773245331,0.0,1.0,0.0,0.0,1.0,1.0
11,95,4.777358127024188,9.557918437140708,0.0,1.0,1.0,0.0,0.0,1.0
12,95,12.0,1.5847294830084953,1.0,1.0,0.0,0.0,1.0,0.0
13,95,0.0,7.199929473575614,0.0,0.0,1.0,0.0,1.0,0.0
14,95,5.005024834522352,11.132202132623114,1.0,1.0,0.0,0.0,1.0,0.0
15,95,7.559274328436318,10.008784696784714,0.0,0.0,0.0,0.0,1.0,1.0
16,95,10.699570708624805,5.54396869912468,0.0,0.0,0.0,1.0,0.0,0.0
17,95,10.551998624403824,1.6884759850989013,1.0,0.0,0.0,0.0,1.0,0.0
18,95,12.0,3.1282003819202227,0.0,1.0,0.0,1.0,0.0,0.0
19,95,2.8601936181454564,4.16197300563132,1.0,0.0,1.0,0.0,0.0,0.0
0,100,9.786642609740994,3.807416695252838,1.0,0.0,0.0,1.0,0.0,1.0
1,100,9.949930207574509,0.0,0.0,0.0,0.0,0.0,1.0,0.0
2,100,10.39683587778355,6.021844403799578,0.0,0.0,1.0,1.0,1.0,0.0
3,100,2.4754830708076594,0.727155708402011,0.0,0.0,1.0,0.0,1.0,1.0
4,100,12.0,6.097270153873996,1.0,0.0,0.0,0.0,1.0,1.0
5,100,10.239303419661034,3.123285472898256,1.0,0.0,0.0,1.0,0.0,0.0
6,100,7.595059887517954,3.427768047478064,0.0,1.0,0.0,1.0,0.0,0.0
7,100,10.016179863983972,11.996447667384295,0.0,1.0,0.0,0.0,0.0,0.0
8,100,5.469035050051967,9.948958211362648,0.0,0.0,1.0,1.0,0.0,1.0
9,100,0.0,2.335111493827545,0.0,0.0,0.0,1.0,0.0,1.0
10,100,10.037968065400468,10.03627621844374,0.0,1.0,0.0,0.0,1.0,1.0
11,100,4.842979209971638,9.500960447225522,0.0,1.0,1.0,0.0,0.0,1.0
12,100,12.0,1.5535665110015044,1.0,1.0,0.0,0.0,1.0,0.0
13,100,0.0,7.137717656607586,0.0,0.0,1.0,0.0,1.0,0.0
14,100,5.012467152879853,11.21268820077464,1.0,1.0,0.0,0.0,1.0,0.0
15,100,7.526877026060548,9.945696534837404,0.0,0.0,0.0,0.0,1.0,1.0
16,100,10.684512204730176,5.472520511194757,0.0,0.0,0.0,1.0,0.0,0.0
17,100,10.575007342244348,1.7064064696922396,1.0,0.0,0.0,0.0,1.0,0.0
18,100,12.0,3.091590994298117,0.0,1.0,0.0,1.0,0.0,0.0
19,100,2.7927958940357787,4.115759809944312,1.0,0.0,1.0,0.0,0.0,0.0
0,105,9.823939104455029,3.902382128441385,1.0,0.0,0.0,1.0,0.0,1.0
1,105,10.0062989493625,0.0,0.0,0.0,0.0,0.0,1.0,0.0
2,105,10.45626907771039,6.060270542144148,0.0,0.0,1.0,1.0,1.0,0.0
3,105,2.441226391042084,0.5773713199509896,0.0,0.0,1.0,0.0,1.0,1.0
4,105,12.0,6.106866422393702,1.0,0.0,0.0,0.0,1.0,1.0
5,105,10.236944639045849,3.122052044245023,1.0,0.0,0.0,1.0,0.0,0.0
6,105,7.691705298022709,3.3917947553156864,0.0,1.0,0.0,1.0,0.0,0.0
7,105,10.034085936508433,11.991671511673822,0.0,1.0,0.0,0.0,0.0,0.0
8,105,5.440020565453554,9.90084831920908,0.0,0.0,1.0,1.0,0.0,1.0
9,105,0.0,2.363657389690513,0.0,0.0,0.0,1.0,0.0,1.0
10,105,10.069934890383148,10.126339307095048,0.0,1.0,0.0,0.0,1.0,1.0
11,105,4.918630885268681,9.43616688105392,0.0,1.0,1.0,0.0,0.0,1.0
12,105,12.0,1.5103964229032691,1.0,1.0,0.0,0.0,1.0,0.0
13,105,0.0,7.073975271940244,0.0,0.0,1.0,0.0,1.0,0.0
14,105,5.019166209875891,11.28716579697801,1.0,1.0,0.0,0.0,1.0,0.0
15,105,7.502007210755566,9.89738948584026,0.0,0.0,0.0,0.0,1.0,1.0
16,105,10.666390366499812,5.387573046117398,0.0,0.0,0.0,1.0,0.0,0.0
17,105,10.606576112720182,1.7300711608541377,1.0,0.0,0.0,0.0,1.0,0.0
18,105,12.0,3.04857048843578,0.0,1.0,0.0,1.0,0.0,0.0
19,105,2.7245429515901782,4.069890345268553,1.0,0.0,1.0,0.0,0.0,0.0
0,110,9.863440814785356,4.000500787901097,1.0,0.0,0.0,1.0,0.0,1.0
1,110,10.045850904653731,0.0,0.0,0.0,0.0,0.0,1.0,0.0
2,110,10.493761068392091,6.085677136809835,0.0,0.0,1.0,1.0,1.0,0.0
3,110,2.4073983436828543,0.4215179318824016,0.0,0.0,1.0,0.0,1.0,1.0
4,110,12.0,6.117631950670166,1.0,0.0,0.0,0.0,1.0,1.0
5,110,10.237910465299212,3.122542661511469,1.0,0.0,0.0,1.0,0.0,0.0
6,110,7.795830065375159,3.3525754689579323,0.0,1.0,0.0,1.0,0.0,0.0
7,110,10.044595725882113,11.989142835366437,0.0,1.0,0.0,0.0,0.0,0.0
8,110,5.407880462452381,9.851816146558248,0.0,0.0,1.0,1.0,0.0,1.0
9,110,0.0,2.388233551200957,0.0,0.0,0.0,1.0,0.0,1.0
10,110,10.102287376610407,10.218197339919357,0.0,1.0,0.0,0.0,1.0,1.0
11,110,5.002809159329412,9.362627716794426,0.0,1.0,1.0,0.0,0.0,1.0
12,110,12.0,1.460429211820576,1.0,1.0,0.0,0.0,1.0,0.0
13,110,0.0,7.013351191425543,0.0,0.0,1.0,0.0,1.0,0.0
14,110,5.02451288610106,11.350613125418032,1.0,1.0,0.0,0.0,1.0,0.0
15,110,7.481077810259348,9.858727840139082,0.0,0.0,0.0,0.0,1.0,1.0
16,110,10.647348766728612,5.287938063835715,0.0,0.0,0.0,1.0,0.0,0.0
17,110,10.644094550693108,1.757835341703312,1.0,0.0,0.0,0.0,1.0,0.0
18,110,12.0,3.012665332643741,0.0,1.0,0.0,1.0,0.0,0.0
19,110,2.6434376437444813,4.016683639612382,1.0,0.0,1.0,0.0,0.0,0.0
0,115,9.91382948146439,4.129600495756003,1.0,0.0,0.0,1.0,0.0,1.0
1,115,10.079254207386594,0.0,0.0,0.0,0.0,0.0,1.0,0.0
2,115,10.541461319173138,6.119152118160145,0.0,0.0,1.0,1.0,1.0,0.0
3,115,2.371243774259092,0.2570482096034451,0.0,0.0,1.0,0.0,1.0,1.0
4,115,12.0,6.131493560569083,1.0,0.0,0.0,0.0,1.0,1.0
5,115,10.245454821319468,3.1262592242374807,1.0,0.0,0.0,1.0,0.0,0.0
6,115,7.89909966497272,3.316741967731448,0.0,1.0,0.0,1.0,0.0,0.0
7,115,10.048843699231735,11.98798481902656,0.0,1.0,0.0,0.0,0.0,0.0
8,115,5.388327299552605,9.822328778021117,0.0,0.0,1.0,1.0,0.0,1.0
9,115,0.0,2.4144084259947367,0.0,0.0,0.0,1.0,0.0,1.0
10,115,10.1329797339054,10.30946789346665,0.0,1.0,0.0,0.0,1.0,1.0
11,115,5.082710845961561,9.29407444560718,0.0,1.0,1.0,0.0,0.0,1.0
12,115,12.0,1.3997059639745577,1.0,1.0,0.0,0.0,1.0,0.0
13,115,0.0,6.969020176070771,0.0,0.0,1.0,0.0,1.0,0.0
14,115,5.028942118989465,11.424451822476431,1.0,1.0,0.0,0.0,1.0,0.0
15,115,7.456707743061676,9.814209510483275,0.0,0.0,0.0,0.0,1.0,1.0
16,115,10.6195725889308,5.160434294373314,0.0,0.0,0.0,1.0,0.0,0.0
17,115,10.686803633832378,1.7870854772910143,1.0,0.0,0.0,0.0,1.0,0.0
18,115,12.0,2.9717019686001835,0.0,1.0,0.0,1.0,0.0,0.0
19,115,2.5648796849391102,3.9659384227185632,1.0,0.0,1.0,0.0,0.0,0.0
0,120,9.968928854359616,4.266580856732173,1.0,0.0,0.0,1.0,0.0,1.0
1,120,10.111171700374303,0.0,0.0,0.0,0.0,0.0,1.0,0.0
2,120,10.600217443379403,6.159226364711074,0.0,0.0,1.0,1.0,1.0,0.0
3,120,2.3364828863901708,0.0985529827868623,0.0,0.0,1.0,0.0,1.0,1.0
4,120,12.0,6.1470989610067495,1.0,0.0,0.0,0.0,1.0,1.0
5,120,10.248085528520482,3.120855492017361,1.0,0.0,0.0,1.0,0.0,0.0
6,120,8.008298769502483,3.282860276547141,0.0,1.0,0.0,1.0,0.0,0.0
7,120,10.05785028735438,11.98534060417102,0.0,1.0,0.0,0.0,0.0,0.0
8,120,5.373229930421513,9.79993848691088,0.0,0.0,1.0,1.0,0.0,1.0
9,120,0.0,2.43482517423118,0.0,0.0,0.0,1.0,0.0,1.0
10,120,10.164225792574657,10.405153191921135,0.0,1.0,0.0,0.0,1.0,1.0
11,120,5.161557592480511,9.227246995275271,0.0,1.0,1.0,0.0,0.0,1.0
12,120,12.0,1.339891647077894,1.0,1.0,0.0,0.0,1.0,0.0
13,120,0.0,6.9196392247322285,0.0,0.0,1.0,0.0,1.0,0.0
14,120,5.033712278989123,11.494045294217326,1.0,1.0,0.0,0.0,1.0,0.0
15,120,7.429467122742044,9.76370557444393,0.0,0.0,0.0,0.0,1.0,1.0
16,120,10.594093416831448,5.016194049655715,0.0,0.0,0.0,1.0,0.0,0.0
17,120,10.726427825330722,1.8160459011511283,1.0,0.0,0.0,0.0,1.0,0.0
18,120,12.0,2.9373413026893624,0.0,1.0,0.0,1.0,0.0,0.0
19,120,2.477156800558146,3.910965071125957,1.0,0.0,1.0,0.0,0.0,0.0
0,125,10.034592937872771,4.4145284841266985,1.0,0.0,0.0,1.0,0.0,1.0
1,125,10.153178364960176,0.0,0.0,0.0,0.0,0.0,1.0,0.0
2,125,10.662450836823014,6.197216007484039,0.0,0.0,1.0,1.0,1.0,0.0
3,125,2.3014658495845053,0.0,0.0,0.0,1.0,0.0,1.0,1.0
4,125,12.0,6.1625361555895255,1.0,0.0,0.0,0.0,1.0,1.0
5,125,10.253168421493378,3.1101543619179437,1.0,0.0,0.0,1.0,0.0,0.0
6,125,8.129454866862389,3.243913817985938,0.0,1.0,0.0,1.0,0.0,0.0
7,125,10.0561450082641,11.985842611011892,0.0,1.0,0.0,0.0,0.0,0.0
8,125,5.373803659284824,9.8007966937337,0.0,0.0,1.0,1.0,0.0,1.0
9,125,0.0,2.4548799505324257,0.0,0.0,0.0,1.0,0.0,1.0
10,125,10.206169719856884,10.534796682683396,0.0,1.0,0.0,0.0,1.0,1.0
11,125,5.230036473898699,9.1683727720678,0.0,1.0,1.0,0.0,0.0,1.0
12,125,12.0,1.2757880427549066,1.0,1.0,0.0,0.0,1.0,0.0
13,125,0.0,6.881191148834224,0.0,0.0,1.0,0.0,1.0,0.0
14,125,5.040187287773227,11.566108403457076,1.0,1.0,0.0,0.0,1.0,0.0
15,125,7.404086363313699,9.71523490291098,0.0,0.0,0.0,0.0,1.0,1.0
16,125,10.571695729971486,4.872825607978414,0.0,0.0,0.0,1.0,0.0,0.0
17,125,10.77613915353495,1.8530599005833597,1.0,0.0,0.0,0.0,1.0,0.0
18,125,12.0,2.9006211348252955,0.0,1.0,0.0,1.0,0.0,0.0
19,125,2.3980752151017204,3.858919154377468,1.0,0.0,1.0,0.0,0.0,0.0
0,130,10.108447211607958,4.569892281761954,1.0,0.0,0.0,1.0,0.0,1.0
1,130,10.193061386643938,0.0,0.0,0.0,0.0,0.0,1.0,0.0
2,130,10.628043793976078,6.254607766430726,0.0,0.0,1.0,1.0,1.0,0.0
3,130,2.268653667276041,0.0,0.0,0.0,1.0,0.0,1.0,1.0
4,130,12.0,6.179444171036123,1.0,0.0,0.0,0.0,1.0,1.0
5,130,10.257482257348354,3.1012860816087358,1.0,0.0,0.0,1.0,0.0,0.0
6,130,8.265145896305091,3.201263215148565,0.0,1.0,0.0,1.0,0.0,0.0
7,130,10.0585199569802,11.985152623972889,0.0,1.0,0.0,0.0,0.0,0.0
8,130,5.369060515800626,9.793716805057937,0.0,0.0,1.0,1.0,0.0,1.0
9,130,0.0,2.476280959323528,0.0,0.0,0.0,1.0,0.0,1.0
10,130,10.24243947338585,10.650487344412625,0.0,1.0,0.0,0.0,1.0,1.0
11,130,5.310723513897631,9.100227326748094,0.0,1.0,1.0,0.0,0.0,1.0
12,130,12.0,1.209422877070381,1.0,1.0,0.0,0.0,1.0,0.0
13,130,0.0,6.845914829099926,0.0,0.0,1.0,0.0,1.0,0.0
14,130,5.047459599976644,11.642862517029258,1.0,1.0,0.0,0.0,1.0,0.0
15,130,7.3717553722089795,9.65215566735221,0.0,0.0,0.0,0.0,1.0,1.0
16,130,10.550748837726085,4.731631281976869,0.0,0.0,0.0,1.0,0.0,0.0
17,130,10.815743494504424,1.88267675705982,1.0,0.0,0.0,0.0,1.0,0.0
18,130,12.0,2.864719134908821,0.0,1.0,0.0,1.0,0.0,0.0
19,130,2.3013804858154976,3.795418972735768,1.0,0.0,1.0,0.0,0.0,0.0
0,135,10.178483577496287,4.726659234216114,1.0,0.0,0.0,1.0,0.0,1.0
1,135,10.232473374861955,0.0,0.0,0.0,0.0,0.0,1.0,0.0
2,135,10.594574005867786,6.308253532186479,0.0,0.0,1.0,1.0,1.0,0.0
3,135,2.2408555474315404,0.0,0.0,0.0,1.0,0.0,1.0,1.0
4,135,12.0,6.193124807692472,1.0,0.0,0.0,0.0,1.0,1.0
5,135,10.255850609048926,3.104592320578337,1.0,0.0,0.0,1.0,0.0,0.0
6,135,8.40284835269971,3.161857393084249,0.0,1.0,0.0,1.0,0.0,0.0
7,135,10.054252356406613,11.986384835961587,0.0,1.0,0.0,0.0,0.0,0.0
8,135,5.343142363553174,9.755570361543183,0.0,0.0,1.0,1.0,0.0,1.0
9,135,0.0,2.5006433560411567,0.0,0.0,0.0,1.0,0.0,1.0
10,135,10.277398199379032,10.759258055983654,0.0,1.0,0.0,0.0,1.0,1.0
11,135,5.402088823456285,9.017363327490292,0.0,1.0,1.0,0.0,0.0,1.0
12,135,12.0,1.1410818602872983,1.0,1.0,0.0,0.0,1.0,0.0
13,135,0.0,6.797667813879595,0.0,0.0,1.0,0.0,1.0,0.0
14,135,5.055844882217184,11.733388392793886,1.0,1.0,0.0,0.0,1.0,0.0
15,135,7.347758945323663,9.605505633870656,0.0,0.0,0.0,0.0,1.0,1.0
16,135,10.53196517528142,4.577749551830062,0.0,0.0,0.0,1.0,0.0,0.0
17,135,10.861881782798264,1.9185741422842064,1.0,0.0,0.0,0.0,1.0,0.0
18,135,12.0,2.8217864377326736,0.0,1.0,0.0,1.0,0.0,0.0
19,135,2.1893634591635345,3.718345162498909,1.0,0.0,1.0,0.0,0.0,0.0
0,140,10.249761758866129,4.8915698683476325,1.0,0.0,0.0,1.0,0.0,1.0
1,140,10.259478688714314,0.0,0.0,0.0,0.0,0.0,1.0,0.0
2,140,10.550120519508694,6.38088283361885,0.0,0.0,1.0,1.0,1.0,0.0
3,140,2.2101719113306104,0.0,0.0,0.0,1.0,0.0,1.0,1.0
4,140,12.0,6.204728418123077,1.0,0.0,0.0,0.0,1.0,1.0
5,140,10.24477213417873,3.1268668092651293,1.0,0.0,0.0,1.0,0.0,0.0
6,140,8.551536424193497,3.118917657302583,0.0,1.0,0.0,1.0,0.0,0.0
7,140,10.06699634231819,11.982474193806931,0.0,1.0,0.0,0.0,0.0,0.0
8,140,5.3066428497073135,9.702177779352086,0.0,0.0,1.0,1.0,0.0,1.0
9,140,0.0,2.5217768017266966,0.0,0.0,0.0,1.0,0.0,1.0
10,140,10.306797538763377,10.860129771641912,0.0,1.0,0.0,0.0,1.0,1.0
11,140,5.478880980717473,8.945492224451403,0.0,1.0,1.0,0.0,0.0,1.0
12,140,12.0,1.0640515802042787,1.0,1.0,0.0,0.0,1.0,0.0
13,140,0.0,6.7532710276001,0.0,0.0,1.0,0.0,1.0,0.0
14,140,5.062120292234581,11.825217258007156,1.0,1.0,0.0,0.0,1.0,0.0
15,140,7.319099461106332,9.549430586034328,0.0,0.0,0.0,0.0,1.0,1.0
16,140,10.507042511264768,4.396452267251101,0.0,0.0,0.0,1.0,0.0,0.0
17,140,10.907916754771064,1.9550509768709023,1.0,0.0,0.0,0.0,1.0,0.0
18,140,12.0,2.7715634198690524,0.0,1.0,0.0,1.0,0.0,0.0
19,140,2.0798981083303034,3.64008416711381,1.0,0.0,1.0,0.0,0.0,0.0
0,145,10.318154335458429,5.05471544980476,1.0,0.0,0.0,1.0,0.0,1.0
1,145,10.28818825511252,0.0,0.0,0.0,0.0,0.0,1.0,0.0
2,145,10.495110366118878,6.469204205380555,0.0,0.0,1.0,1.0,1.0,0.0
3,145,2.177444533432013,0.0,0.0,0.0,1.0,0.0,1.0,1.0
4,145,12.0,6.212827193835246,1.0,0.0,0.0,0.0,1.0,1.0
5,145,10.229010162808937,3.1593272691796934,1.0,0.0,0.0,1.0,0.0,0.0
6,145,8.698926772937064,3.072787524278902,0.0,1.0,0.0,1.0,0.0,0.0
7,145,10.090343908774257,11.975712040693407,0.0,1.0,0.0,0.0,0.0,0.0
8,145,5.273622576473037,9.654613111544286,0.0,0.0,1.0,1.0,0.0,1.0
9,145,0.0,2.5452172242597766,0.0,0.0,0.0,1.0,0.0,1.0
10,145,10.331957213815867,10.942489491981242,0.0,1.0,0.0,0.0,1.0,1.0
11,145,5.575312341282815,8.857019879440909,0.0,1.0,1.0,0.0,0.0,1.0
12,145,12.0,0.9790413791473368,1.0,1.0,0.0,0.0,1.0,0.0
13,145,0.0,6.69865043949147,0.0,0.0,1.0,0.0,1.0,0.0
14,145,5.06963593991658,11.92357571966354,1.0,1.0,0.0,0.0,1.0,0.0
15,145,7.29509861395817,9.503671954474248,0.0,0.0,0.0,0.0,1.0,1.0
16,145,10.47654878980052,4.196037442578529,0.0,0.0,0.0,1.0,0.0,0.0
17,145,10.980970669880142,2.015757337979547,1.0,0.0,0.0,0.0,1.0,0.0
18,145,12.0,2.730837431943513,0.0,1.0,0.0,1.0,0.0,0.0
19,145,1.980257782067833,3.5669305290241358,1.0,0.0,1.0,0.0,0.0,0.0
0,150,10.38327264745808,5.205536039609722,1.0,0.0,0.0,1.0,0.0,1.0
1,150,10.310411010438424,0.0,0.0,0.0,0.0,0.0,1.0,0.0
2,150,10.447907233892876,6.542767582809608,0.0,0.0,1.0,1.0,1.0,0.0
3,150,2.1500104803781044,0.0,0.0,0.0,1.0,0.0,1.0,1.0
4,150,12.0,6.220794479460739,1.0,0.0,0.0,0.0,1.0,1.0
5,150,10.199692232601762,3.21538273628027,1.0,0.0,0.0,1.0,0.0,0.0
6,150,8.842892238489549,3.0259746826978917,0.0,1.0,0.0,1.0,0.0,0.0
7,150,10.111331896319388,11.96869010220553,0.0,1.0,0.0,0.0,0.0,0.0
8,150,5.240010369560706,9.607603516107568,0.0,0.0,1.0,1.0,0.0,1.0
9,150,0.0,2.570781316359881,0.0,0.0,0.0,1.0,0.0,1.0
10,150,10.353075903938636,11.003860818980836,0.0,1.0,0.0,0.0,1.0,1.0
11,150,5.658306493924515,8.779519485005087,0.0,1.0,1.0,0.0,0.0,1.0
12,150,12.0,0.8939082493488719,1.0,1.0,0.0,0.0,1.0,0.0
13,150,0.0,6.650475537162543,0.0,0.0,1.0,0.0,1.0,0.0
14,150,5.077088158207436,12.0,1.0,1.0,0.0,0.0,1.0,0.0
15,150,7.262672616572811,9.440076431257332,0.0,0.0,0.0,0.0,1.0,1.0
16,150,10.44705131933171,3.993587823181927,0.0,0.0,0.0,1.0,0.0,0.0
17,150,11.033392481568278,2.062789899456524,1.0,0.0,0.0,0.0,1.0,0.0
18,150,12.0,2.6999140380572726,0.0,1.0,0.0,1.0,0.0,0.0
19,150,1.8641911761475167,3.482740425556578,1.0,0.0,1.0,0.0,0.0,0.0
0,155,10.444341478130315,5.355074016229825,1.0,0.0,0.0,1.0,0.0,1.0
1,155,10.343776967737307,0.0,0.0,0.0,0.0,0.0,1.0,0.0
2,155,10.4083800425584,6.6036779817433215,0.0,0.0,1.0,1.0,1.0,0.0
3,155,2.12561249063439,0.0,0.0,0.0,1.0,0.0,1.0,1.0
4,155,12.0,6.227243334431586,1.0,0.0,0.0,0.0,1.0,1.0
5,155,10.181731394327905,3.24696232305207,1.0,0.0,0.0,1.0,0.0,0.0
6,155,8.996700851892452,2.9728750445520165,0.0,1.0,0.0,1.0,0.0,0.0
7,155,10.125278357265582,11.963930313569104,0.0,1.0,0.0,0.0,0.0,0.0
8,155,5.208502486245115,9.564953083678503,0.0,0.0,1.0,1.0,0.0,1.0
9,155,0.0,2.5939377898584848,0.0,0.0,0.0,1.0,0.0,1.0
10,155,10.381694271146731,11.080057233791226,0.0,1.0,0.0,0.0,1.0,1.0
11,155,5.7307655021617405,8.70963031031908,0.0,1.0,1.0,0.0,0.0,1.0
12,155,12.0,0.8096404538079666,1.0,1.0,0.0,0.0,1.0,0.0
13,155,0.0,6.597206511675744,0.0,0.0,1.0,0.0,1.0,0.0
14,155,5.085408673221386,12.0,1.0,1.0,0.0,0.0,1.0,0.0
15,155,7.228390557779089,9.3718428078632,0.0,0.0,0.0,0.0,1.0,1.0
16,155,10.419126561461791,3.778914296426816,0.0,0.0,0.0,1.0,0.0,0.0
17,155,11.065073147291017,2.090950080933618,1.0,0.0,0.0,0.0,1.0,0.0
18,155,12.0,2.653123689206127,0.0,1.0,0.0,1.0,0.0,0.0
19,155,1.7365854509361416,3.3969280107733884,1.0,0.0,1.0,0.0,0.0,0.0
0,160,10.513004230190257,5.517345719506957,1.0,0.0,0.0,1.0,0.0,1.0
1,160,10.35717380330401,0.0,0.0,0.0,0.0,0.0,1.0,0.0
2,160,10.363850457544196,6.677110446484404,0.0,0.0,1.0,1.0,1.0,0.0
3,160,2.093576910649276,0.0,0.0,0.0,1.0,0.0,1.0,1.0
4,160,12.0,6.2301418451846216,1.0,0.0,0.0,0.0,1.0,1.0
5,160,10.154860005510852,3.2961414430211446,1.0,0.0,0.0,1.0,0.0,0.0
6,160,9.133063624692852,2.9269385848184557,0.0,1.0,0.0,1.0,0.0,0.0
7,160,10.14497601350944,11.957408945543063,0.0,1.0,0.0,0.0,0.0,0.0
8,160,5.1759761583957244,9.520534213457172,0.0,0.0,1.0,1.0,0.0,1.0
9,160,0.0,2.6213890745235,0.0,0.0,0.0,1.0,0.0,1.0
10,160,10.404451360647505,11.151587177062826,0.0,1.0,0.0,0.0,1.0,1.0
11,160,5.81489946921208,8.628207420091423,0.0,1.0,1.0,0.0,0.0,1.0
12,160,12.0,0.7310058465552758,1.0,1.0,0.0,0.0,1.0,0.0
13,160,0.0,6.537463906010386,0.0,0.0,1.0,0.0,1.0,0.0
14,160,5.094158055756105,12.0,1.0,1.0,0.0,0.0,1.0,0.0
15,160,7.197422170421628,9.31455721993823,0.0,0.0,0.0,0.0,1.0,1.0
16,160,10.401681424646148,3.5504923356404805,0.0,0.0,0.0,1.0,0.0,0.0
17,160,11.092057365436958,2.114646458820877,1.0,0.0,0.0,0.0,1.0,0.0
18,160,12.0,2.595999941036573,0.0,1.0,0.0,1.0,0.0,0.0
19,160,1.5971955779255875,3.305591883408085,1.0,0.0,1.0,0.0,0.0,0.0
0,165,10.57206365723278,5.661097265868365,1.0,0.0,0.0,1.0,0.0,1.0
1,165,10.367918758536584,0.0,0.0,0.0,0.0,0.0,1.0,0.0
2,165,10.322341094861272,6.745632610951395,0.0,0.0,1.0,1.0,1.0,0.0
3,165,2.067619888486352,0.0,0.0,0.0,1.0,0.0,1.0,1.0
4,165,12.0,6.23101670957503,1.0,0.0,0.0,0.0,1.0,1.0
5,165,10.12666274172758,3.348272333776154,1.0,0.0,0.0,1.0,0.0,0.0
6,165,9.283709495704327,2.874019642334522,0.0,1.0,0.0,1.0,0.0,0.0
7,165,10.179729929352185,11.946296746928777,0.0,1.0,0.0,0.0,0.0,0.0
8,165,5.135798090816614,9.469372491693065,0.0,0.0,1.0,1.0,0.0,1.0
9,165,0.0,2.6420981662852805,0.0,0.0,0.0,1.0,0.0,1.0
10,165,10.430599111690576,11.234955300179914,0.0,1.0,0.0,0.0,1.0,1.0
11,165,5.9212676434285925,8.528405078171819,0.0,1.0,1.0,0.0,0.0,1.0
12,165,12.0,0.6521869429581136,1.0,1.0,0.0,0.0,1.0,0.0
13,165,0.0,6.483875673941013,0.0,0.0,1.0,0.0,1.0,0.0
14,165,5.1384053235724645,11.994925284617276,1.0,1.0,0.0,0.0,1.0,0.0
15,165,7.167956931206166,9.260241043283528,0.0,0.0,0.0,0.0,1.0,1.0
16,165,10.38692830064215,3.3183477441819056,0.0,0.0,0.0,1.0,0.0,0.0
17,165,11.121886836390802,2.138463316357716,1.0,0.0,0.0,0.0,1.0,0.0
18,165,12.0,2.521658105044357,0.0,1.0,0.0,1.0,0.0,0.0
19,165,1.4564739766507568,3.220455711728463,1.0,0.0,1.0,0.0,0.0,0.0
0,170,10.638982865612713,5.816594037385761,1.0,0.0,0.0,1.0,0.0,1.0
1,170,10.376086227129736,0.0,0.0,0.0,0.0,0.0,1.0,0.0
2,170,10.280094673688446,6.814501193227665,0.0,0.0,1.0,1.0,1.0,0.0
3,170,2.0395668460745364,0.0,0.0,0.0,1.0,0.0,1.0,1.0
4,170,12.0,6.233285577954192,1.0,0.0,0.0,0.0,1.0,1.0
5,170,10.10219147414699,3.3937035587811626,1.0,0.0,0.0,1.0,0.0,0.0
6,170,9.44722056424837,2.8158838685123126,0.0,1.0,0.0,1.0,0.0,0.0
7,170,10.182737645635216,11.945303371420035,0.0,1.0,0.0,0.0,0.0,0.0
8,170,5.095369540247881,9.416566750425217,0.0,0.0,1.0,1.0,0.0,1.0
9,170,0.0,2.6626227048711955,0.0,0.0,0.0,1.0,0.0,1.0
10,170,10.470421513872155,11.356204834372866,0.0,1.0,0.0,0.0,1.0,1.0
11,170,6.037606422483647,8.417391308597796,0.0,1.0,1.0,0.0,0.0,1.0
12,170,12.0,0.5838995153825244,1.0,1.0,0.0,0.0,1.0,0.0
13,170,0.0,6.437036116753973,0.0,0.0,1.0,0.0,1.0,0.0
14,170,5.196916782562294,11.989302918746196,1.0,1.0,0.0,0.0,1.0,0.0
15,170,7.148924317405314,9.22523462174574,0.0,0.0,0.0,0.0,1.0,1.0
16,170,10.3781491363815,3.095330431398508,0.0,0.0,0.0,1.0,0.0,0.0
17,170,11.15428690851235,2.1635493799591505,1.0,0.0,0.0,0.0,1.0,0.0
18,170,12.0,2.4468021392727226,0.0,1.0,0.0,1.0,0.0,0.0
19,170,1.3190859358386924,3.1410459226429146,1.0,0.0,1.0,0.0,0.0,0.0
0,175,10.70956424321562,5.979435581301719,1.0,0.0,0.0,1.0,0.0,1.0
1,175,10.387570929283296,0.0,0.0,0.0,0.0,0.0,1.0,0.0
2,175,10.23041024177616,6.898918095894673,0.0,0.0,1.0,1.0,1.0,0.0
3,175,2.005573035914104,0.0,0.0,0.0,1.0,0.0,1.0,1.0
4,175,12.0,6.238118540858162,1.0,0.0,0.0,0.0,1.0,1.0
5,175,10.07405893412362,3.444926047842128,1.0,0.0,0.0,1.0,0.0,0.0
6,175,9.59702185675692,2.758089509175605,0.0,1.0,0.0,1.0,0.0,0.0
7,175,10.18814198976912,11.943608304844616,0.0,1.0,0.0,0.0,0.0,0.0
8,175,5.0545383030797,9.360280604351388,0.0,0.0,1.0,1.0,0.0,1.0
9,175,0.0,2.670053929232077,0.0,0.0,0.0,1.0,0.0,1.0
10,175,10.506628598792778,11.462664421677214,0.0,1.0,0.0,0.0,1.0,1.0
11,175,6.157350184072732,8.30380482957786,0.0,1.0,1.0,0.0,0.0,1.0
12,175,12.0,0.515950270844688,1.0,1.0,0.0,0.0,1.0,0.0
13,175,0.0,6.376941087968878,0.0,0.0,1.0,0.0,1.0,0.0
14,175,5.272979135020954,11.98220892222481,1.0,1.0,0.0,0.0,1.0,0.0
15,175,7.1285382074761605,9.189284899908586,0.0,0.0,0.0,0.0,1.0,1.0
16,175,10.370944618931505,2.8749700706380463,0.0,0.0,0.0,1.0,0.0,0.0
17,175,11.194471689398108,2.1950077038439404,1.0,0.0,0.0,0.0,1.0,0.0
18,175,12.0,2.3821661315963163,0.0,1.0,0.0,1.0,0.0,0.0
19,175,1.1919309037835188,3.0638396635618435,1.0,0.0,1.0,0.0,0.0,0.0
0,180,10.783959344806188,6.147380178944263,1.0,0.0,0.0,1.0,0.0,1.0
1,180,10.38869206539708,0.0,0.0,0.0,0.0,0.0,1.0,0.0
2,180,10.185603618204242,6.977743253571608,0.0,0.0,1.0,1.0,1.0,0.0
3,180,1.965760209424747,0.0,0.0,0.0,1.0,0.0,1.0,1.0
4,180,12.0,6.244159566630081,1.0,0.0,0.0,0.0,1.0,1.0
5,180,10.053306542633509,3.4827008693267576,1.0,0.0,0.0,1.0,0.0,0.0
6,180,9.770576711714613,2.6918461171498897,0.0,1.0,0.0,1.0,0.0,0.0
7,180,10.207730085428777,11.937353224295745,0.0,1.0,0.0,0.0,0.0,0.0
8,180,5.02390755777018,9.313290495274654,0.0,0.0,1.0,1.0,0.0,1.0
9,180,0.0,2.683781290574139,0.0,0.0,0.0,1.0,0.0,1.0
10,180,10.546012904788467,11.566906631568363,0.0,1.0,0.0,0.0,1.0,1.0
11,180,6.259529512649924,8.207082948450267,0.0,1.0,1.0,0.0,0.0,1.0
12,180,12.0,0.4569756698887073,1.0,1.0,0.0,0.0,1.0,0.0
13,180,0.0,6.318336226239983,0.0,0.0,1.0,0.0,1.0,0.0
14,180,5.332128194091781,11.975350905002998,1.0,1.0,0.0,0.0,1.0,0.0
15,180,7.104862829258232,9.145875274235122,0.0,0.0,0.0,0.0,1.0,1.0
16,180,10.36257686350933,2.6700471074372225,0.0,0.0,0.0,1.0,0.0,0.0
17,180,11.22867915951469,2.222823201332095,1.0,0.0,0.0,0.0,1.0,0.0
18,180,12.0,2.314963923631208,0.0,1.0,0.0,1.0,0.0,0.0
19,180,1.0798967821195766,2.995974622797099,1.0,0.0,1.0,0.0,0.0,0.0
0,185,10.862676680507754,6.343619607558763,1.0,0.0,0.0,1.0,0.0,1.0
1,185,10.392186477334985,0.0,0.0,0.0,0.0,0.0,1.0,0.0
2,185,10.134236011350463,7.070991780067918,0.0,0.0,1.0,1.0,1.0,0.0
3,185,1.9325076222055568,0.0,0.0,0.0,1.0,0.0,1.0,1.0
4,185,12.0,6.256543440017652,1.0,0.0,0.0,0.0,1.0,1.0
5,185,10.039635593110397,3.5086137662270307,1.0,0.0,0.0,1.0,0.0,0.0
6,185,9.927185390589443,2.6300867904435106,0.0,1.0,0.0,1.0,0.0,0.0
7,185,10.218156084534398,11.934113704722073,0.0,1.0,0.0,0.0,0.0,0.0
8,185,4.980695743026543,9.24613223888799,0.0,0.0,1.0,1.0,0.0,1.0
9,185,0.0,2.6967412714390657,0.0,0.0,0.0,1.0,0.0,1.0
10,185,10.580898251766822,11.66228620717799,0.0,1.0,0.0,0.0,1.0,1.0
11,185,6.3370636141819086,8.134212118458116,0.0,1.0,1.0,0.0,0.0,1.0
12,185,12.0,0.3935803020404301,1.0,1.0,0.0,0.0,1.0,0.0
13,185,0.0,6.25925683304479,0.0,0.0,1.0,0.0,1.0,0.0
14,185,5.392112196847666,11.96852273755861,1.0,1.0,0.0,0.0,1.0,0.0
15,185,7.075395467978224,9.091386095909323,0.0,0.0,0.0,0.0,1.0,1.0
16,185,10.347924436618417,2.4605850193989496,0.0,0.0,0.0,1.0,0.0,0.0
17,185,11.258089800997023,2.246717678661913,1.0,0.0,0.0,0.0,1.0,0.0
18,185,12.0,2.251131122113097,0.0,1.0,0.0,1.0,0.0,0.0
19,185,0.9745038290501844,2.933388111350609,1.0,0.0,1.0,0.0,0.0,0.0
0,190,10.954345798616018,6.545399977728413,1.0,0.0,0.0,1.0,0.0,1.0
1,190,10.371467388305108,0.021936790570794,0.0,0.0,0.0,0.0,1.0,0.0
2,190,10.087680654963886,7.1550076729114105,0.0,0.0,1.0,1.0,1.0,0.0
3,190,1.8986771787882333,0.0,0.0,0.0,1.0,0.0,1.0,1.0
4,190,12.0,6.268167051068365,1.0,0.0,0.0,0.0,1.0,1.0
5,190,10.028773790726031,3.528702832144917,1.0,0.0,0.0,1.0,0.0,0.0
6,190,10.084878861472736,2.5704090241358477,0.0,1.0,0.0,1.0,0.0,0.0
7,190,10.202679821472898,11.939088880360742,0.0,1.0,0.0,0.0,0.0,0.0
8,190,4.948246261608003,9.195542115044333,0.0,0.0,1.0,1.0,0.0,1.0
9,190,0.0,2.7142004762306944,0.0,0.0,0.0,1.0,0.0,1.0
10,190,10.616782769724209,11.764237068754069,0.0,1.0,0.0,0.0,1.0,1.0
11,190,6.413506626024373,8.063144288124931,0.0,1.0,1.0,0.0,0.0,1.0
12,190,12.0,0.3412926888832931,1.0,1.0,0.0,0.0,1.0,0.0
13,190,0.0,6.187610201245953,0.0,0.0,1.0,0.0,1.0,0.0
14,190,5.429815886425364,11.963207564232748,1.0,1.0,0.0,0.0,1.0,0.0
15,190,7.042278280157138,9.034257200669831,0.0,0.0,0.0,0.0,1.0,1.0
16,190,10.55219765878466,2.4523493899358986,0.0,0.0,0.0,1.0,0.0,0.0
17,190,11.277506249375376,2.261389698598801,1.0,0.0,0.0,0.0,1.0,0.0
18,190,12.0,2.182446825796654,0.0,1.0,0.0,1.0,0.0,0.0
19,190,0.8588520704951206,2.865621931643377,1.0,0.0,1.0,0.0,0.0,0.0
0,195,11.047070901826888,6.741473832816361,1.0,0.0,0.0,1.0,0.0,1.0
1,195,10.35103464769088,0.0436302459875112,0.0,0.0,0.0,0.0,1.0,0.0
2,195,10.048282253665835,7.225632992920426,0.0,0.0,1.0,1.0,1.0,0.0
3,195,1.8628116465208715,0.0,0.0,0.0,1.0,0.0,1.0,1.0
4,195,12.0,6.277014381627631,1.0,0.0,0.0,0.0,1.0,1.0
5,195,10.012546109545864,3.559885694473473,1.0,0.0,0.0,1.0,0.0,0.0
6,195,10.232050823897303,2.5170499481546167,0.0,1.0,0.0,1.0,0.0,0.0
7,195,10.178612952897858,11.9470481562687,0.0,1.0,0.0,0.0,0.0,0.0
8,195,4.920746994015651,9.154019118719813,0.0,0.0,1.0,1.0,0.0,1.0
9,195,0.0,2.738895437793273,0.0,0.0,0.0,1.0,0.0,1.0
10,195,10.657062672265011,11.870797722093842,0.0,1.0,0.0,0.0,1.0,1.0
11,195,6.506193068185636,7.976489527891718,0.0,1.0,1.0,0.0,0.0,1.0
12,195,12.0,0.2736167048076863,1.0,1.0,0.0,0.0,1.0,0.0
13,195,0.0,6.12296156661502,0.0,0.0,1.0,0.0,1.0,0.0
14,195,5.494925420750104,11.95501087654768,1.0,1.0,0.0,0.0,1.0,0.0
15,195,7.015126731619564,8.98528670001663,0.0,0.0,0.0,0.0,1.0,1.0
16,195,10.749034209507036,2.4464690926366828,0.0,0.0,0.0,1.0,0.0,0.0
17,195,11.29537221901284,2.274552076139868,1.0,0.0,0.0,0.0,1.0,0.0
18,195,12.0,2.1094194104616872,0.0,1.0,0.0,1.0,0.0,0.0
19,195,0.7591040970306646,2.810728443309863,1.0,0.0,1.0,0.0,0.0,0.0
0,200,11.12262176299763,6.912140691537081,1.0,0.0,0.0,1.0,0.0,1.0
1,200,10.328543006589744,0.0675787292816911,0.0,0.0,0.0,0.0,1.0,0.0
2,200,10.016321311679212,7.282760383967134,0.0,0.0,1.0,1.0,1.0,0.0
3,200,1.8315936130180048,0.0,0.0,0.0,1.0,0.0,1.0,1.0
4,200,12.0,6.285584866278402,1.0,0.0,0.0,0.0,1.0,1.0
5,200,9.99432032170878,3.550208859582327,1.0,0.0,0.0,1.0,0.0,0.0
6,200,10.38071807909568,2.4612480514926247,0.0,1.0,0.0,1.0,0.0,0.0
7,200,10.149998607920088,11.956010499668835,0.0,1.0,0.0,0.0,0.0,0.0
8,200,4.895714376212915,9.117223199274283,0.0,0.0,1.0,1.0,0.0,1.0
9,200,0.0,2.768078110976317,0.0,0.0,0.0,1.0,0.0,1.0
10,200,10.699324291838762,11.98292263051716,0.0,1.0,0.0,0.0,1.0,1.0
11,200,6.612546111916761,7.880210145911786,0.0,1.0,1.0,0.0,0.0,1.0
12,200,12.0,0.2109378564168565,1.0,1.0,0.0,0.0,1.0,0.0
13,200,0.0,6.0572005043659045,0.0,0.0,1.0,0.0,1.0,0.0
14,200,5.559464757112991,11.947034265675075,1.0,1.0,0.0,0.0,1.0,0.0
15,200,6.9821799104706415,8.925027909853583,0.0,0.0,0.0,0.0,1.0,1.0
16,200,10.919826602541937,2.440687794836635,0.0,0.0,0.0,1.0,0.0,0.0
17,200,11.325838062080487,2.2964641079393533,1.0,0.0,0.0,0.0,1.0,0.0
18,200,12.0,2.0438939882938496,0.0,1.0,0.0,1.0,0.0,0.0
19,200,0.6822569144004287,2.766859581841293,1.0,0.0,1.0,0.0,0.0,0.0
0,205,11.193855550434014,7.06405168966941,1.0,0.0,0.0,1.0,0.0,1.0
1,205,10.31308293984136,0.0846819811274599,0.0,0.0,0.0,0.0,1.0,0.0
2,205,9.975680507159918,7.352520303571645,0.0,0.0,1.0,1.0,1.0,0.0
3,205,1.7951265914397092,0.0,0.0,0.0,1.0,0.0,1.0,1.0
4,205,12.0,6.294989119923054,1.0,0.0,0.0,0.0,1.0,1.0
5,205,9.960606907134151,3.532376260500579,1.0,0.0,0.0,1.0,0.0,0.0
6,205,10.532042022541267,2.404969704533495,0.0,1.0,0.0,1.0,0.0,0.0
7,205,10.109142388846925,11.969387740073476,0.0,1.0,0.0,0.0,0.0,0.0
8,205,4.868150401383216,9.074408023686862,0.0,0.0,1.0,1.0,0.0,1.0
9,205,0.0,2.797706909159505,0.0,0.0,0.0,1.0,0.0,1.0
10,205,10.737533793210163,12.0,0.0,1.0,0.0,0.0,1.0,1.0
11,205,6.733065253388988,7.770782145746367,0.0,1.0,1.0,0.0,0.0,1.0
12,205,12.0,0.1577328932462897,1.0,1.0,0.0,0.0,1.0,0.0
13,205,0.0,5.992276569419287,0.0,0.0,1.0,0.0,1.0,0.0
14,205,5.6341675035127725,11.938617230101512,1.0,1.0,0.0,0.0,1.0,0.0
15,205,6.957646384316843,8.881173084004176,0.0,0.0,0.0,0.0,1.0,1.0
16,205,11.07553815695788,2.4363056838008017,0.0,0.0,0.0,1.0,0.0,0.0
17,205,11.368114921581627,2.327166756736695,1.0,0.0,0.0,0.0,1.0,0.0
18,205,12.0,1.977444047099689,0.0,1.0,0.0,1.0,0.0,0.0
19,205,0.6034430358579748,2.721566986800783,1.0,0.0,1.0,0.0,0.0,0.0
0,210,11.268581008749331,7.209162677327956,1.0,0.0,0.0,1.0,0.0,1.0
1,210,10.307158243690283,0.0911552445722117,0.0,0.0,0.0,0.0,1.0,0.0
2,210,9.94504753912986,7.400391837964332,0.0,0.0,1.0,1.0,1.0,0.0
3,210,1.7578015873849846,0.0,0.0,0.0,1.0,0.0,1.0,1.0
4,210,12.0,6.309903027143914,1.0,0.0,0.0,0.0,1.0,1.0
5,210,9.95250056446973,3.527812554331017,1.0,0.0,0.0,1.0,0.0,0.0
6,210,10.686613860058694,2.345512014142616,0.0,1.0,0.0,1.0,0.0,0.0
7,210,10.047326992198515,11.99123893267379,0.0,1.0,0.0,0.0,0.0,0.0
8,210,4.831841754946488,9.017278691039571,0.0,0.0,1.0,1.0,0.0,1.0
9,210,0.0,2.8263095225952246,0.0,0.0,0.0,1.0,0.0,1.0
10,210,10.776766490309551,12.0,0.0,1.0,0.0,0.0,1.0,1.0
11,210,6.859406883602566,7.661755129878146,0.0,1.0,1.0,0.0,0.0,1.0
12,210,12.0,0.1050469859062517,1.0,1.0,0.0,0.0,1.0,0.0
13,210,0.0,5.93227987051691,0.0,0.0,1.0,0.0,1.0,0.0
14,210,5.728268801989885,11.926200452944636,1.0,1.0,0.0,0.0,1.0,0.0
15,210,6.931705240936613,8.834833244196155,0.0,0.0,0.0,0.0,1.0,1.0
16,210,11.206623175720145,2.4335738768630115,0.0,0.0,0.0,1.0,0.0,0.0
17,210,11.42291758831331,2.365046042753779,1.0,0.0,0.0,0.0,1.0,0.0
18,210,12.0,1.8966078293300608,0.0,1.0,0.0,1.0,0.0,0.0
19,210,0.5326284950560161,2.6840265595916493,1.0,0.0,1.0,0.0,0.0,0.0
0,215,11.339444807441415,7.346730179495248,1.0,0.0,0.0,1.0,0.0,1.0
1,215,10.300549505751706,0.0984947056628814,0.0,0.0,0.0,0.0,1.0,0.0
2,215,9.913489744831386,7.452171938904972,0.0,0.0,1.0,1.0,1.0,0.0
3,215,1.710885414822892,0.0,0.0,0.0,1.0,0.0,1.0,1.0
4,215,12.0,6.324756817768809,1.0,0.0,0.0,0.0,1.0,1.0
5,215,9.954106273386088,3.5286994488398973,1.0,0.0,0.0,1.0,0.0,0.0
6,215,10.850732206142732,2.2821211678116984,0.0,1.0,0.0,1.0,0.0,0.0
7,215,9.976773963331777,12.0,0.0,1.0,0.0,0.0,0.0,0.0
8,215,4.786033366106058,8.942823451693512,0.0,0.0,1.0,1.0,0.0,1.0
9,215,0.0,2.845212242069349,0.0,0.0,0.0,1.0,0.0,1.0
10,215,10.825249564318018,12.0,0.0,1.0,0.0,0.0,1.0,1.0
11,215,6.966055891740148,7.565768547555777,0.0,1.0,1.0,0.0,0.0,1.0
12,215,12.0,0.0570563440704339,1.0,1.0,0.0,0.0,1.0,0.0
13,215,0.0,5.86818975157425,0.0,0.0,1.0,0.0,1.0,0.0
14,215,5.8293794635566405,11.911132479881378,1.0,1.0,0.0,0.0,1.0,0.0
15,215,6.905751748093306,8.7896569100507,0.0,0.0,0.0,0.0,1.0,1.0
16,215,11.336875792904763,2.4309070048634744,0.0,0.0,0.0,1.0,0.0,0.0
17,215,11.493095394593611,2.4142960110402005,1.0,0.0,0.0,0.0,1.0,0.0
18,215,12.0,1.8133604826151528,0.0,1.0,0.0,1.0,0.0,0.0
19,215,0.4648577509734272,2.647625318335308,1.0,0.0,1.0,0.0,0.0,0.0
0,220,11.413548055882211,7.490722304147168,1.0,0.0,0.0,1.0,0.0,1.0
1,220,10.305765232733624,0.092683304493832,0.0,0.0,0.0,0.0,1.0,0.0
2,220,9.887676454064156,7.495246596899007,0.0,0.0,1.0,1.0,1.0,0.0
3,220,1.6751505076671036,0.0,0.0,0.0,1.0,0.0,1.0,1.0
4,220,12.0,6.342608638183753,1.0,0.0,0.0,0.0,1.0,1.0
5,220,9.970690303600527,3.537564834092257,1.0,0.0,0.0,1.0,0.0,0.0
6,220,11.034958353280564,2.2131895648929647,0.0,1.0,0.0,1.0,0.0,0.0
7,220,9.911132551089166,12.0,0.0,1.0,0.0,0.0,0.0,0.0
8,220,4.739119706963575,8.869082242619697,0.0,0.0,1.0,1.0,0.0,1.0
9,220,0.0,2.852253715460666,0.0,0.0,0.0,1.0,0.0,1.0
10,220,10.870850235650057,12.0,0.0,1.0,0.0,0.0,1.0,1.0
11,220,7.07400820690317,7.466696490070732,0.0,1.0,1.0,0.0,0.0,1.0
12,220,12.0,0.0093498207896119,1.0,1.0,0.0,0.0,1.0,0.0
13,220,0.0,5.8015948764563205,0.0,0.0,1.0,0.0,1.0,0.0
14,220,5.8150175231945305,11.81852678283009,1.0,1.0,0.0,0.0,1.0,0.0
15,220,6.880714561415505,8.745043972149476,0.0,0.0,0.0,0.0,1.0,1.0
16,220,11.463071799695092,2.425215436906864,0.0,0.0,0.0,1.0,0.0,0.0
17,220,11.58247051140358,2.4757273416582355,1.0,0.0,0.0,0.0,1.0,0.0
18,220,12.0,1.7212136854045412,0.0,1.0,0.0,1.0,0.0,0.0
19,220,0.3891771674100258,2.6043977757308943,1.0,0.0,1.0,0.0,0.0,0.0
0,225,11.487339220547604,7.629544091850297,1.0,0.0,0.0,1.0,0.0,1.0
1,225,10.322886849371764,0.0736534157287409,0.0,0.0,0.0,0.0,1.0,0.0
2,225,9.863133809323497,7.535282319562078,0.0,0.0,1.0,1.0,1.0,0.0
3,225,1.6374177436017665,0.0,0.0,0.0,1.0,0.0,1.0,1.0
4,225,12.0,6.36028787560076,1.0,0.0,0.0,0.0,1.0,1.0
5,225,9.995247304253994,3.5511118097914443,1.0,0.0,0.0,1.0,0.0,0.0
6,225,11.207729694760616,2.151238022892072,0.0,1.0,0.0,1.0,0.0,0.0
7,225,9.844296047349278,12.0,0.0,1.0,0.0,0.0,0.0,0.0
8,225,4.697971153083715,8.8017701397546,0.0,0.0,1.0,1.0,0.0,1.0
9,225,0.0012035885697119,2.851676528967177,0.0,0.0,0.0,1.0,0.0,1.0
10,225,10.918693693290445,12.0,0.0,1.0,0.0,0.0,1.0,1.0
11,225,7.180706915527795,7.36280491544954,0.0,1.0,1.0,0.0,0.0,1.0
12,225,12.0,0.0,1.0,1.0,0.0,0.0,1.0,0.0
13,225,0.0,5.734963362632999,0.0,0.0,1.0,0.0,1.0,0.0
14,225,5.805719293139539,11.749100559211378,1.0,1.0,0.0,0.0,1.0,0.0
15,225,6.860654498340373,8.708108817615516,0.0,0.0,0.0,0.0,1.0,1.0
16,225,11.587877718124007,2.418579832736934,0.0,0.0,0.0,1.0,0.0,0.0
17,225,11.657381562200651,2.5242147214314428,1.0,0.0,0.0,0.0,1.0,0.0
18,225,12.0,1.6185568646714086,0.0,1.0,0.0,1.0,0.0,0.0
19,225,0.3316610811834796,2.570448978531368,1.0,0.0,1.0,0.0,0.0,0.0
0,230,11.563303743172344,7.77464709875478,1.0,0.0,0.0,1.0,0.0,1.0
1,230,10.342253332211907,0.0517773498500368,0.0,0.0,0.0,0.0,1.0,0.0
2,230,9.840644965645495,7.571993124823571,0.0,0.0,1.0,1.0,1.0,0.0
3,230,1.5993521741351877,0.0,0.0,0.0,1.0,0.0,1.0,1.0
4,230,12.0,6.374115737451577,1.0,0.0,0.0,0.0,1.0,1.0
5,230,10.047937273465775,3.579100261702088,1.0,0.0,0.0,1.0,0.0,0.0
6,230,11.378599268396112,2.091207093740951,0.0,1.0,0.0,1.0,0.0,0.0
7,230,9.77122113221156,12.0,0.0,1.0,0.0,0.0,0.0,0.0
8,230,4.652951956789903,8.727728852835323,0.0,0.0,1.0,1.0,0.0,1.0
9,230,0.0,2.8594657233949468,0.0,0.0,0.0,1.0,0.0,1.0
10,230,10.97031114816001,12.0,0.0,1.0,0.0,0.0,1.0,1.0
11,230,7.283727785611568,7.26081187265442,0.0,1.0,1.0,0.0,0.0,1.0
12,230,12.0,0.0,1.0,1.0,0.0,0.0,1.0,0.0
13,230,0.0,5.6667005001161135,0.0,0.0,1.0,0.0,1.0,0.0
14,230,5.796795905116184,11.682867840422343,1.0,1.0,0.0,0.0,1.0,0.0
15,230,6.839697748299368,8.67244895242729,0.0,0.0,0.0,0.0,1.0,1.0
16,230,11.719400295365888,2.4090840577726955,0.0,0.0,0.0,1.0,0.0,0.0
17,230,11.72264373701104,2.5659664441916643,1.0,0.0,0.0,0.0,1.0,0.0
18,230,12.0,1.5330165020007422,0.0,1.0,0.0,1.0,0.0,0.0
19,230,0.2520240225656854,2.526539692151207,1.0,0.0,1.0,0.0,0.0,0.0
0,235,11.635401278370304,7.910819024636957,1.0,0.0,0.0,1.0,0.0,1.0
1,235,10.355893705265512,0.0356549836812287,0.0,0.0,0.0,0.0,1.0,0.0
2,235,9.81207464352897,7.618225406105473,0.0,0.0,1.0,1.0,1.0,0.0
3,235,1.5518471786614385,0.0,0.0,0.0,1.0,0.0,1.0,1.0
4,235,12.0,6.3880614645677385,1.0,0.0,0.0,0.0,1.0,1.0
5,235,10.111814997407189,3.611529393016369,1.0,0.0,0.0,1.0,0.0,0.0
6,235,11.562041588258774,2.033055989765099,0.0,1.0,0.0,1.0,0.0,0.0
7,235,9.706264381103331,12.0,0.0,1.0,0.0,0.0,0.0,0.0
8,235,4.604226111508462,8.648293341659793,0.0,0.0,1.0,1.0,0.0,1.0
9,235,0.0102097024961501,2.8537498341617176,0.0,0.0,0.0,1.0,0.0,1.0
10,235,11.020886528006326,12.0,0.0,1.0,0.0,0.0,1.0,1.0
11,235,7.396944226603675,7.146905325977898,0.0,1.0,1.0,0.0,0.0,1.0
12,235,12.0,0.0,1.0,1.0,0.0,0.0,1.0,0.0
13,235,0.0,5.598248657505024,0.0,0.0,1.0,0.0,1.0,0.0
14,235,5.786779320933596,11.605878593617302,1.0,1.0,0.0,0.0,1.0,0.0
15,235,6.8167336857436,8.634684800307898,0.0,0.0,0.0,0.0,1.0,1.0
16,235,11.850222300704573,2.3982456171320017,0.0,0.0,0.0,1.0,0.0,0.0
17,235,11.78940845610472,2.607126156791607,1.0,0.0,0.0,0.0,1.0,0.0
18,235,12.0,1.4576664550418097,0.0,1.0,0.0,1.0,0.0,0.0
19,235,0.189198902547161,2.4936214410601174,1.0,0.0,1.0,0.0,0.0,0.0
0,240,11.700956416922043,8.032047924179272,1.0,0.0,0.0,1.0,0.0,1.0
1,240,10.379700643467997,0.0079039252760805,0.0,0.0,0.0,0.0,1.0,0.0
2,240,9.77258760094372,7.680379459796273,0.0,0.0,1.0,1.0,1.0,0.0
3,240,1.504830051840696,0.0,0.0,0.0,1.0,0.0,1.0,1.0
4,240,12.0,6.400183988977734,1.0,0.0,0.0,0.0,1.0,1.0
5,240,10.174484610231056,3.642252128820829,1.0,0.0,0.0,1.0,0.0,0.0
6,240,11.746087982042187,1.9739081407777412,0.0,1.0,0.0,1.0,0.0,0.0
7,240,9.645341322726694,12.0,0.0,1.0,0.0,0.0,0.0,0.0
8,240,4.555698162157022,8.565898159913951,0.0,0.0,1.0,1.0,0.0,1.0
9,240,0.016357831096379,2.8501167441787367,0.0,0.0,0.0,1.0,0.0,1.0
10,240,11.071843187431517,12.0,0.0,1.0,0.0,0.0,1.0,1.0
11,240,7.50423799635892,7.03484474963506,0.0,1.0,1.0,0.0,0.0,1.0
12,240,12.0,0.0,1.0,1.0,0.0,0.0,1.0,0.0
13,240,0.0,5.526790417701852,0.0,0.0,1.0,0.0,1.0,0.0
14,240,5.777350213520353,11.535444393606756,1.0,1.0,0.0,0.0,1.0,0.0
15,240,6.780781430201086,8.579680149410125,0.0,0.0,0.0,0.0,1.0,1.0
16,240,11.985559924005846,2.3886600853413507,0.0,0.0,0.0,1.0,0.0,0.0
17,240,11.872769209050702,2.656877345781208,1.0,0.0,0.0,0.0,1.0,0.0
18,240,12.0,1.389791597571167,0.0,1.0,0.0,1.0,0.0,0.0
19,240,0.1330063182333789,2.464811213560949,1.0,0.0,1.0,0.0,0.0,0.0
0,245,11.757752421845218,8.149216776193168,1.0,0.0,0.0,1.0,0.0,1.0
1,245,10.39133358195619,0.0,0.0,0.0,0.0,0.0,1.0,0.0
2,245,9.72278346707278,7.75662753415184,0.0,0.0,1.0,1.0,1.0,0.0
3,245,1.4585365347421422,0.0,0.0,0.0,1.0,0.0,1.0,1.0
4,245,12.0,6.41566113905197,1.0,0.0,0.0,0.0,1.0,1.0
5,245,10.214198016786275,3.6630446356579647,1.0,0.0,0.0,1.0,0.0,0.0
6,245,11.916693146585752,1.9203401954384596,0.0,1.0,0.0,1.0,0.0,0.0
7,245,9.594683297179772,12.0,0.0,1.0,0.0,0.0,0.0,0.0
8,245,4.5073151242888745,8.480799912820531,0.0,0.0,1.0,1.0,0.0,1.0
9,245,0.0480180671752548,2.831993586842681,0.0,0.0,0.0,1.0,0.0,1.0
10,245,11.12699292228577,12.0,0.0,1.0,0.0,0.0,1.0,1.0
11,245,7.610491049563895,6.92146914284049,0.0,1.0,1.0,0.0,0.0,1.0
12,245,12.0,0.0,1.0,1.0,0.0,0.0,1.0,0.0
13,245,0.0,5.460940111913658,0.0,0.0,1.0,0.0,1.0,0.0
14,245,5.769524415395091,11.47196488028273,1.0,1.0,0.0,0.0,1.0,0.0
15,245,6.737249164671342,8.510480564259172,0.0,0.0,0.0,0.0,1.0,1.0
16,245,12.0,2.37726583370395,0.0,0.0,0.0,1.0,0.0,0.0
17,245,11.945894571629436,2.7011806243444934,1.0,0.0,0.0,0.0,1.0,0.0
18,245,12.0,1.3204921384784063,0.0,1.0,0.0,1.0,0.0,0.0
19,245,0.0885963818929868,2.442103072312086,1.0,0.0,1.0,0.0,0.0,0.0
0,250,11.811635054187088,8.265009601039683,1.0,0.0,0.0,1.0,0.0,1.0
1,250,10.396859633783738,0.0,0.0,0.0,0.0,0.0,1.0,0.0
2,250,9.670761542105591,7.838189387341774,0.0,0.0,1.0,1.0,1.0,0.0
3,250,1.416078968915911,0.0,0.0,0.0,1.0,0.0,1.0,1.0
4,250,12.0,6.425894143168208,1.0,0.0,0.0,0.0,1.0,1.0
5,250,10.24605513882372,3.679725791354589,1.0,0.0,0.0,1.0,0.0,0.0
6,250,12.0,1.8750238714735208,0.0,1.0,0.0,1.0,0.0,0.0
7,250,9.533649515073837,12.0,0.0,1.0,0.0,0.0,0.0,0.0
8,250,4.454279779613375,8.387393901078537,0.0,0.0,1.0,1.0,0.0,1.0
9,250,0.0919685445705352,2.807911918332048,0.0,0.0,0.0,1.0,0.0,1.0
10,250,11.178397845634011,12.0,0.0,1.0,0.0,0.0,1.0,1.0
11,250,7.700978153483515,6.823253741631592,0.0,1.0,1.0,0.0,0.0,1.0
12,250,12.0,0.0,1.0,1.0,0.0,0.0,1.0,0.0
13,250,0.0,5.385676843199448,0.0,0.0,1.0,0.0,1.0,0.0
14,250,5.761799432995245,11.423474637763707,1.0,1.0,0.0,0.0,1.0,0.0
15,250,6.696779857075064,8.4454406064616,0.0,0.0,0.0,0.0,1.0,1.0
16,250,12.0,2.3684083960167657,0.0,0.0,0.0,1.0,0.0,0.0
17,250,12.0,2.739986683187339,1.0,0.0,0.0,0.0,1.0,0.0
18,250,12.0,1.248118076377516,0.0,1.0,0.0,1.0,0.0,0.0
19,250,0.0368507631153178,2.4155769535279235,1.0,0.0,1.0,0.0,0.0,0.0
0,255,11.870097410245728,8.387393625520401,1.0,0.0,0.0,1.0,0.0,1.0
1,255,10.40057246979193,0.0,0.0,0.0,0.0,0.0,1.0,0.0
2,255,9.624284790545596,7.915389617632655,0.0,0.0,1.0,1.0,1.0,0.0
3,255,1.380238394070846,0.0,0.0,0.0,1.0,0.0,1.0,1.0
4,255,12.0,6.434322302022328,1.0,0.0,0.0,0.0,1.0,1.0
5,255,10.29565708014781,3.7051650822089335,1.0,0.0,0.0,1.0,0.0,0.0
6,255,12.0,1.8240694827884405,0.0,1.0,0.0,1.0,0.0,0.0
7,255,9.450379591419448,12.0,0.0,1.0,0.0,0.0,0.0,0.0
8,255,4.406090922035968,8.302800797572722,0.0,0.0,1.0,1.0,0.0,1.0
9,255,0.156143745744916,2.769112618707798,0.0,0.0,0.0,1.0,0.0,1.0
10,255,11.223272850035054,12.0,0.0,1.0,0.0,0.0,1.0,1.0
11,255,7.779142254140857,6.732601329496569,0.0,1.0,1.0,0.0,0.0,1.0
12,255,12.0,0.0,1.0,1.0,0.0,0.0,1.0,0.0
13,255,0.0,5.313868576729138,0.0,0.0,1.0,0.0,1.0,0.0
14,255,5.7581417672975,11.402181536688143,1.0,1.0,0.0,0.0,1.0,0.0
15,255,6.650154079005165,8.373862631979833,0.0,0.0,0.0,0.0,1.0,1.0
16,255,12.0,2.357550131232635,0.0,0.0,0.0,1.0,0.0,0.0
17,255,12.0,2.7736319913769627,1.0,0.0,0.0,0.0,1.0,0.0
18,255,12.0,1.1720317946498426,0.0,1.0,0.0,1.0,0.0,0.0
19,255,0.0232724966884087,2.4088513802404536,1.0,0.0,1.0,0.0,0.0,0.0
0,260,11.932485551275306,8.519536252493907,1.0,0.0,0.0,1.0,0.0,1.0
1,260,10.400325542497391,0.0002717758648672,0.0,0.0,0.0,0.0,1.0,0.0
2,260,9.57812139448459,7.989136177539448,0.0,0.0,1.0,1.0,1.0,0.0
3,260,1.3352073514435625,0.0,0.0,0.0,1.0,0.0,1.0,1.0
4,260,12.0,6.4397326905538925,1.0,0.0,0.0,0.0,1.0,1.0
5,260,10.357005625484884,3.7374812700613567,1.0,0.0,0.0,1.0,0.0,0.0
6,260,12.0,1.7780704071499576,0.0,1.0,0.0,1.0,0.0,0.0
7,260,9.350118327926907,12.0,0.0,1.0,0.0,0.0,0.0,0.0
8,260,4.361957473196547,8.22604120548191,0.0,0.0,1.0,1.0,0.0,1.0
9,260,0.2017547811770364,2.741185018674809,0.0,0.0,0.0,1.0,0.0,1.0
10,260,11.271359208336731,12.0,0.0,1.0,0.0,0.0,1.0,1.0
11,260,7.842730230680442,6.659439926706042,0.0,1.0,1.0,0.0,0.0,1.0
12,260,12.0,0.0,1.0,1.0,0.0,0.0,1.0,0.0
13,260,0.0,5.243547874072776,0.0,0.0,1.0,0.0,1.0,0.0
14,260,5.752963881543016,11.370786152156615,1.0,1.0,0.0,0.0,1.0,0.0
15,260,6.612002422505406,8.312866119312709,0.0,0.0,0.0,0.0,1.0,1.0
16,260,12.0,2.345986014124793,0.0,0.0,0.0,1.0,0.0,0.0
17,260,12.0,2.8014185743280087,1.0,0.0,0.0,0.0,1.0,0.0
18,260,12.0,1.088053664356066,0.0,1.0,0.0,1.0,0.0,0.0
19,260,0.0208845233708873,2.4077431908546667,1.0,0.0,1.0,0.0,0.0,0.0
0,265,12.0,8.679176544217402,1.0,0.0,0.0,1.0,0.0,1.0
1,265,10.401854825445792,0.0,0.0,0.0,0.0,0.0,1.0,0.0
2,265,9.544209950094375,8.045672906416016,0.0,0.0,1.0,1.0,1.0,0.0
3,265,1.2907311434346789,0.0,0.0,0.0,1.0,0.0,1.0,1.0
4,265,12.0,6.443362544604669,1.0,0.0,0.0,0.0,1.0,1.0
5,265,10.323214806682268,3.797291795421603,1.0,0.0,0.0,1.0,0.0,0.0
6,265,12.0,1.732423641507188,0.0,1.0,0.0,1.0,0.0,0.0
7,265,9.244755131360757,12.0,0.0,1.0,0.0,0.0,0.0,0.0
8,265,4.316657872666813,8.147150900355113,0.0,0.0,1.0,1.0,0.0,1.0
9,265,0.2423544659231916,2.717740101190349,0.0,0.0,0.0,1.0,0.0,1.0
10,265,11.314013558165591,12.0,0.0,1.0,0.0,0.0,1.0,1.0
11,265,7.901413098224288,6.587873460175711,0.0,1.0,1.0,0.0,0.0,1.0
12,265,12.0,0.0,1.0,1.0,0.0,0.0,1.0,0.0
13,265,0.0,5.170950889630031,0.0,0.0,1.0,0.0,1.0,0.0
14,265,5.743172670442339,11.32232220892757,1.0,1.0,0.0,0.0,1.0,0.0
15,265,6.565286478649016,8.235842662038733,0.0,0.0,0.0,0.0,1.0,1.0
16,265,12.0,2.3290648920694936,0.0,0.0,0.0,1.0,0.0,0.0
17,265,12.0,2.835133731904667,1.0,0.0,0.0,0.0,1.0,0.0
18,265,12.0,0.9918252908720118,0.0,1.0,0.0,1.0,0.0,0.0
19,265,0.0339886884019442,2.4137455091888387,1.0,0.0,1.0,0.0,0.0,0.0
0,270,12.0,8.836661354264203,1.0,0.0,0.0,1.0,0.0,1.0
1,270,10.407568601442108,0.0,0.0,0.0,0.0,0.0,1.0,0.0
2,270,9.509133744329976,8.107290004330125,0.0,0.0,1.0,1.0,1.0,0.0
3,270,1.2422324855846278,0.0,0.0,0.0,1.0,0.0,1.0,1.0
4,270,12.0,6.446850089957434,1.0,0.0,0.0,0.0,1.0,1.0
5,270,10.292185552219957,3.8548529666429983,1.0,0.0,0.0,1.0,0.0,0.0
6,270,12.0,1.6830939458795056,0.0,1.0,0.0,1.0,0.0,0.0
7,270,9.137615003218846,12.0,0.0,1.0,0.0,0.0,0.0,0.0
8,270,4.270413365936972,8.068820164755076,0.0,0.0,1.0,1.0,0.0,1.0
9,270,0.2828024085550733,2.696233281349761,0.0,0.0,0.0,1.0,0.0,1.0
10,270,11.358237324830563,12.0,0.0,1.0,0.0,0.0,1.0,1.0
11,270,7.956155719745682,6.5199276735701766,0.0,1.0,1.0,0.0,0.0,1.0
12,270,12.0,0.0,1.0,1.0,0.0,0.0,1.0,0.0
13,270,0.0,5.089554518560612,0.0,0.0,1.0,0.0,1.0,0.0
14,270,5.733596354293952,11.265566950211538,1.0,1.0,0.0,0.0,1.0,0.0
15,270,6.53300085873917,8.181204912146653,0.0,0.0,0.0,0.0,1.0,1.0
16,270,12.0,2.30666667789877,0.0,0.0,0.0,1.0,0.0,0.0
17,270,12.0,2.859082209844474,1.0,0.0,0.0,0.0,1.0,0.0
18,270,12.0,0.9126644454562228,0.0,1.0,0.0,1.0,0.0,0.0
19,270,0.0585431393084294,2.426323680059312,1.0,0.0,1.0,0.0,0.0,0.0
0,275,12.0,8.99076793758251,1.0,0.0,0.0,1.0,0.0,1.0
1,275,10.403143306012629,0.0044193757558392,0.0,0.0,0.0,0.0,1.0,0.0
2,275,9.469577849672795,8.172459344497312,0.0,0.0,1.0,1.0,1.0,0.0
3,275,1.1836941990383356,0.0,0.0,0.0,1.0,0.0,1.0,1.0
4,275,12.0,6.44866505957123,1.0,0.0,0.0,0.0,1.0,1.0
5,275,10.264745588687346,3.9045041930839495,1.0,0.0,0.0,1.0,0.0,0.0
6,275,12.0,1.625336576500373,0.0,1.0,0.0,1.0,0.0,0.0
7,275,9.046202625999657,12.0,0.0,1.0,0.0,0.0,0.0,0.0
8,275,4.222996703475642,7.985975983017055,0.0,0.0,1.0,1.0,0.0,1.0
9,275,0.3119783697661965,2.6809409019548944,0.0,0.0,0.0,1.0,0.0,1.0
10,275,11.403752350975411,12.0,0.0,1.0,0.0,0.0,1.0,1.0
11,275,8.015760402957985,6.442923757283219,0.0,1.0,1.0,0.0,0.0,1.0
12,275,12.0,0.0,1.0,1.0,0.0,0.0,1.0,0.0
13,275,0.0,5.010239892858811,0.0,0.0,1.0,0.0,1.0,0.0
14,275,5.72657648572746,11.222801890217116,1.0,1.0,0.0,0.0,1.0,0.0
15,275,6.494190897365156,8.117337512309849,0.0,0.0,0.0,0.0,1.0,1.0
16,275,12.0,2.285171202436983,0.0,0.0,0.0,1.0,0.0,0.0
17,275,12.0,2.8856676801282424,1.0,0.0,0.0,0.0,1.0,0.0
18,275,12.0,0.8403939850240761,0.0,1.0,0.0,1.0,0.0,0.0
19,275,0.0892686086487966,2.441415258607856,1.0,0.0,1.0,0.0,0.0,0.0
0,280,12.0,9.14218900181164,1.0,0.0,0.0,1.0,0.0,1.0
1,280,10.394939968437765,0.0126501225211625,0.0,0.0,0.0,0.0,1.0,0.0
2,280,9.43165746068159,8.236047492685154,0.0,0.0,1.0,1.0,1.0,0.0
3,280,1.120556793671238,0.0,0.0,0.0,1.0,0.0,1.0,1.0
4,280,12.0,6.452270092039052,1.0,0.0,0.0,0.0,1.0,1.0
5,280,10.23774424547077,3.9520121447201,1.0,0.0,0.0,1.0,0.0,0.0
6,280,12.0,1.5680450614256678,0.0,1.0,0.0,1.0,0.0,0.0
7,280,8.964761866091484,12.0,0.0,1.0,0.0,0.0,0.0,0.0
8,280,4.171219024302474,7.890858209162999,0.0,0.0,1.0,1.0,0.0,1.0
9,280,0.3466080432716601,2.66268908679284,0.0,0.0,0.0,1.0,0.0,1.0
10,280,11.449442423841727,12.0,0.0,1.0,0.0,0.0,1.0,1.0
11,280,8.07105725705284,6.372474297545483,0.0,1.0,1.0,0.0,0.0,1.0
12,280,12.0,0.0,1.0,1.0,0.0,0.0,1.0,0.0
13,280,0.0,4.9269712217962365,0.0,0.0,1.0,0.0,1.0,0.0
14,280,5.71982249657013,11.181650963390174,1.0,1.0,0.0,0.0,1.0,0.0
15,280,6.449895295110117,8.043649073805193,0.0,0.0,0.0,0.0,1.0,1.0
16,280,12.0,2.25994967426975,0.0,0.0,0.0,1.0,0.0,0.0
17,280,12.0,2.90430650544719,1.0,0.0,0.0,0.0,1.0,0.0
18,280,12.0,0.7636387109026165,0.0,1.0,0.0,1.0,0.0,0.0
19,280,0.1433866683422664,2.4683564930443715,1.0,0.0,1.0,0.0,0.0,0.0
0,285,12.0,9.299577192932746,1.0,0.0,0.0,1.0,0.0,1.0
1,285,10.399034234372069,0.0084758704137515,0.0,0.0,0.0,0.0,1.0,0.0
2,285,9.397423490672155,8.293530309766288,0.0,0.0,1.0,1.0,1.0,0.0
3,285,1.0558312667222365,0.0,0.0,0.0,1.0,0.0,1.0,1.0
4,285,12.0,6.456115185863619,1.0,0.0,0.0,0.0,1.0,1.0
5,285,10.20582732177664,4.005702546379518,1.0,0.0,0.0,1.0,0.0,0.0
6,285,12.0,1.5164061166847098,0.0,1.0,0.0,1.0,0.0,0.0
7,285,8.8812681723058,12.0,0.0,1.0,0.0,0.0,0.0,0.0
8,285,4.114919407595532,7.794664051944056,0.0,0.0,1.0,1.0,0.0,1.0
9,285,0.3907679556975278,2.639705452204113,0.0,0.0,0.0,1.0,0.0,1.0
10,285,11.496481892168887,12.0,0.0,1.0,0.0,0.0,1.0,1.0
11,285,8.12623767525749,6.302461714214772,0.0,1.0,1.0,0.0,0.0,1.0
12,285,12.0,0.0,1.0,1.0,0.0,0.0,1.0,0.0
13,285,0.0,4.836067982391107,0.0,0.0,1.0,0.0,1.0,0.0
14,285,5.715244688289296,11.14727213236569,1.0,1.0,0.0,0.0,1.0,0.0
15,285,6.415139299289632,7.986875004353403,0.0,0.0,0.0,0.0,1.0,1.0
16,285,12.0,2.2307117488476087,0.0,0.0,0.0,1.0,0.0,0.0
17,285,12.0,2.9296535851774004,1.0,0.0,0.0,0.0,1.0,0.0
18,285,12.0,0.6687505129031637,0.0,1.0,0.0,1.0,0.0,0.0
19,285,0.2045028849635599,2.500645540008793,1.0,0.0,1.0,0.0,0.0,0.0
0,290,12.0,9.433614457756546,1.0,0.0,0.0,1.0,0.0,1.0
1,290,10.413725572192048,0.0,0.0,0.0,0.0,0.0,1.0,0.0
2,290,9.358065661488864,8.35916674007921,0.0,0.0,1.0,1.0,1.0,0.0
3,290,0.994146743817794,0.0,0.0,0.0,1.0,0.0,1.0,1.0
4,290,12.0,6.46682953619464,1.0,0.0,0.0,0.0,1.0,1.0
5,290,10.171304357501098,4.064887928466957,1.0,0.0,0.0,1.0,0.0,0.0
6,290,12.0,1.4677438776792855,0.0,1.0,0.0,1.0,0.0,0.0
7,290,8.810069066972472,12.0,0.0,1.0,0.0,0.0,0.0,0.0
8,290,4.067198493318529,7.714102234858468,0.0,0.0,1.0,1.0,0.0,1.0
9,290,0.4346392086894404,2.616743383826485,0.0,0.0,0.0,1.0,0.0,1.0
10,290,11.541962363588103,12.0,0.0,1.0,0.0,0.0,1.0,1.0
11,290,8.171077432137627,6.241291910837436,0.0,1.0,1.0,0.0,0.0,1.0
12,290,12.0,0.0,1.0,1.0,0.0,0.0,1.0,0.0
13,290,0.0,4.738327305198213,0.0,0.0,1.0,0.0,1.0,0.0
14,290,5.711157059240258,11.113806054628707,1.0,1.0,0.0,0.0,1.0,0.0
15,290,6.3751963631104855,7.915702552586452,0.0,0.0,0.0,0.0,1.0,1.0
16,290,12.0,2.202267393220651,0.0,0.0,0.0,1.0,0.0,0.0
17,290,12.0,2.965582845173104,1.0,0.0,0.0,0.0,1.0,0.0
18,290,12.0,0.577441415660595,0.0,1.0,0.0,1.0,0.0,0.0
19,290,0.2541918233862695,2.525408234166435,1.0,0.0,1.0,0.0,0.0,0.0
0,295,12.0,9.571160588988349,1.0,0.0,0.0,1.0,0.0,1.0
1,295,10.444745704638194,0.0,0.0,0.0,0.0,0.0,1.0,0.0
2,295,9.321513905327532,8.420882965553622,0.0,0.0,1.0,1.0,1.0,0.0
3,295,0.9267286993452876,0.0,0.0,0.0,1.0,0.0,1.0,1.0
4,295,12.0,6.486373033148197,1.0,0.0,0.0,0.0,1.0,1.0
5,295,10.133057133878,4.135507780924102,1.0,0.0,0.0,1.0,0.0,0.0
6,295,12.0,1.422938737548255,0.0,1.0,0.0,1.0,0.0,0.0
7,295,8.721550268497873,12.0,0.0,1.0,0.0,0.0,0.0,0.0
8,295,4.017984575946366,7.633841473138471,0.0,0.0,1.0,1.0,0.0,1.0
9,295,0.4775007395644176,2.593164210121778,0.0,0.0,0.0,1.0,0.0,1.0
10,295,11.593318687770488,12.0,0.0,1.0,0.0,0.0,1.0,1.0
11,295,8.217771885590569,6.175734119255761,0.0,1.0,1.0,0.0,0.0,1.0
12,295,12.0,0.0,1.0,1.0,0.0,0.0,1.0,0.0
13,295,0.0,4.639816099671779,0.0,0.0,1.0,0.0,1.0,0.0
14,295,5.705757167083474,11.077804837333163,1.0,1.0,0.0,0.0,1.0,0.0
15,295,6.342104114263273,7.857116823304969,0.0,0.0,0.0,0.0,1.0,1.0
16,295,12.0,2.1729368094657304,0.0,0.0,0.0,1.0,0.0,0.0
17,295,12.0,3.001101571625824,1.0,0.0,0.0,0.0,1.0,0.0
18,295,12.0,0.4879269946044898,0.0,1.0,0.0,1.0,0.0,0.0
19,295,0.2975966558319096,2.545840104460111,1.0,0.0,1.0,0.0,0.0,0.0
