0,0,2.952834333857637,0.0085245822115178,0.0,0.0,1.0,1.0,1.0,0.0
1,0,6.944807613057278,10.971685564532958,0.0,0.0,1.0,0.0,0.0,0.0
2,0,8.958070636969953,8.97210989964649,1.0,0.0,0.0,1.0,1.0,1.0
3,0,9.98969128224024,6.93769007206996,0.0,0.0,0.0,0.0,1.0,1.0
4,0,4.003112884836378,4.05405543130248,1.0,0.0,1.0,0.0,1.0,1.0
5,0,2.9698860945430186,7.974483653971309,0.0,1.0,0.0,0.0,0.0,0.0
6,0,8.97675643821566,5.066663387906168,0.0,1.0,0.0,1.0,1.0,0.0
7,0,1.9603905124864605,2.978708294695189,0.0,1.0,0.0,1.0,0.0,0.0
8,0,9.963055686725973,9.984218637913337,0.0,0.0,0.0,1.0,0.0,0.0
9,0,3.934546272725944,3.968477469643524,1.0,0.0,1.0,0.0,0.0,1.0
10,0,8.982468332084066,7.032649624976523,1.0,0.0,0.0,0.0,1.0,1.0
11,0,10.066218252121304,4.977237495348422,1.0,0.0,1.0,0.0,0.0,1.0
12,0,5.074755094658773,10.972364479471766,0.0,0.0,1.0,1.0,0.0,0.0
13,0,1.9761565228186928,0.0,0.0,0.0,1.0,0.0,0.0,0.0
14,0,12.0,8.020992113192847,1.0,1.0,1.0,0.0,0.0,1.0
15,0,3.9988573988901033,4.957466413744766,0.0,0.0,0.0,1.0,1.0,0.0
16,0,6.966418829428567,4.021234378037023,0.0,0.0,0.0,0.0,1.0,1.0
17,0,6.021582993350885,7.958716758301236,0.0,0.0,0.0,0.0,1.0,1.0
18,0,9.01250698188789,1.9322863993503296,0.0,1.0,0.0,0.0,0.0,1.0
19,0,0.9796098505367932,7.069744593004877,0.0,1.0,0.0,0.0,1.0,0.0
0,5,2.912659671701255,0.0165774244923898,0.0,0.0,1.0,1.0,1.0,0.0
1,5,6.894678120505608,10.947059919476793,0.0,0.0,1.0,0.0,0.0,0.0
2,5,8.898885502615784,8.933184721333216,1.0,0.0,0.0,1.0,1.0,1.0
3,5,9.97874510083718,6.87638604755178,0.0,0.0,0.0,0.0,1.0,1.0
4,5,4.006402250561477,4.1095499297854605,1.0,0.0,1.0,0.0,1.0,1.0
5,5,2.9511802390121398,7.959106710044537,0.0,1.0,0.0,0.0,0.0,0.0
6,5,8.957906203143734,5.124064863195475,0.0,1.0,0.0,1.0,1.0,0.0
7,5,1.9059397589954228,2.9488233034739797,0.0,1.0,0.0,1.0,0.0,0.0
8,5,9.91618317044561,9.964980884543833,0.0,0.0,0.0,1.0,0.0,0.0
9,5,3.8842195224778457,3.944114301649071,1.0,0.0,1.0,0.0,0.0,1.0
10,5,8.965885687554781,7.063171320958237,1.0,0.0,0.0,0.0,1.0,1.0
11,5,10.11016905721368,4.962407635245517,1.0,0.0,1.0,0.0,0.0,1.0
12,5,5.151383779026786,10.944922065725738,0.0,0.0,1.0,1.0,0.0,0.0
13,5,1.9627816708540544,0.0,0.0,0.0,1.0,0.0,0.0,0.0
14,5,12.0,8.036929824228968,1.0,1.0,1.0,0.0,0.0,1.0
15,5,3.997419307305514,4.918543022603683,0.0,0.0,0.0,1.0,1.0,0.0
16,5,6.944510100179482,4.035142356415644,0.0,0.0,0.0,0.0,1.0,1.0
17,5,6.041581849037292,7.919372205375425,0.0,0.0,0.0,0.0,1.0,1.0
18,5,9.02327944152716,1.8752783220073403,0.0,1.0,0.0,0.0,0.0,1.0
19,5,0.9647731031545524,7.124079057360521,0.0,1.0,0.0,0.0,1.0,0.0
0,10,2.8925051451406283,0.020428920457343,0.0,0.0,1.0,1.0,1.0,0.0
1,10,6.8230669509914055,10.911510626734117,0.0,0.0,1.0,0.0,0.0,0.0
2,10,8.819440378498495,8.881853335226513,1.0,0.0,0.0,1.0,1.0,1.0
3,10,9.97132639873688,6.830541772537269,0.0,0.0,0.0,0.0,1.0,1.0
4,10,4.010290378093182,4.16100847590301,1.0,0.0,1.0,0.0,1.0,1.0
5,10,2.9285357204663462,7.940886470462795,0.0,1.0,0.0,0.0,0.0,0.0
6,10,8.947012870925658,5.158000297525058,0.0,1.0,0.0,1.0,1.0,0.0
7,10,1.8734982758717027,3.008676632915833,0.0,1.0,0.0,1.0,0.0,0.0
8,10,9.846966051849432,9.935343698664546,0.0,0.0,0.0,1.0,0.0,0.0
9,10,3.843798411801776,3.9250757262417455,1.0,0.0,1.0,0.0,0.0,1.0
10,10,8.957867167098778,7.0776698997565015,1.0,0.0,0.0,0.0,1.0,1.0
11,10,10.142353687658982,4.951622513366228,1.0,0.0,1.0,0.0,0.0,1.0
12,10,5.249704307054437,10.908262963419425,0.0,0.0,1.0,1.0,0.0,0.0
13,10,1.9650388951075053,0.0002768515288297,0.0,0.0,1.0,0.0,0.0,0.0
14,10,12.0,8.065468779555507,1.0,1.0,1.0,0.0,0.0,1.0
15,10,3.995852255570597,4.874686937335859,0.0,0.0,0.0,1.0,1.0,0.0
16,10,6.919681452127131,4.0507903303302175,0.0,0.0,0.0,0.0,1.0,1.0
17,10,6.060015844841084,7.883795034045536,0.0,0.0,0.0,0.0,1.0,1.0
18,10,9.034019727768609,1.8155720023346045,0.0,1.0,0.0,0.0,0.0,1.0
19,10,0.9476380651029004,7.186100711189731,0.0,1.0,0.0,0.0,1.0,0.0
0,15,2.8666434770981346,0.0246879098537359,0.0,0.0,1.0,1.0,1.0,0.0
1,15,6.758525274829785,10.878888725282486,0.0,0.0,1.0,0.0,0.0,0.0
2,15,8.755176594110631,8.840768136564208,1.0,0.0,0.0,1.0,1.0,1.0
3,15,9.96227255340603,6.7781690524435945,0.0,0.0,0.0,0.0,1.0,1.0
4,15,4.015058712268502,4.228511030977777,1.0,0.0,1.0,0.0,1.0,1.0
5,15,2.900920013554993,7.919722769662789,0.0,1.0,0.0,0.0,0.0,0.0
6,15,8.94013050775134,5.181373244616659,0.0,1.0,0.0,1.0,1.0,0.0
7,15,1.8550767810569084,3.0407904549853195,0.0,1.0,0.0,1.0,0.0,0.0
8,15,9.793842863065208,9.910932627407492,0.0,0.0,0.0,1.0,0.0,0.0
9,15,3.807641405087359,3.907265620769481,1.0,0.0,1.0,0.0,0.0,1.0
10,15,8.943284970708214,7.103189152923148,1.0,0.0,0.0,0.0,1.0,1.0
11,15,10.184629842287832,4.936985726483924,1.0,0.0,1.0,0.0,0.0,1.0
12,15,5.35052725994538,10.872910088750354,0.0,0.0,1.0,1.0,0.0,0.0
13,15,1.9817121708087992,0.0024897948078686,0.0,0.0,1.0,0.0,0.0,0.0
14,15,12.0,8.092874549320877,1.0,1.0,1.0,0.0,0.0,1.0
15,15,3.994439515279468,4.828753223234346,0.0,0.0,0.0,1.0,1.0,0.0
16,15,6.88803713822627,4.0709888958805776,0.0,0.0,0.0,0.0,1.0,1.0
17,15,6.083386806653235,7.834429517721712,0.0,0.0,0.0,0.0,1.0,1.0
18,15,9.045035154576006,1.7492721139221152,0.0,1.0,0.0,0.0,0.0,1.0
19,15,0.9349206375144068,7.235434386456475,0.0,1.0,0.0,0.0,1.0,0.0
0,20,2.836749556869097,0.0299425288636978,0.0,0.0,1.0,1.0,1.0,0.0
1,20,6.694659987339788,10.848423284110076,0.0,0.0,1.0,0.0,0.0,0.0
2,20,8.672862525566064,8.784913089743675,1.0,0.0,0.0,1.0,1.0,1.0
3,20,9.956485451188476,6.745365391259102,0.0,0.0,0.0,0.0,1.0,1.0
4,20,4.021089579264218,4.290304367301619,1.0,0.0,1.0,0.0,1.0,1.0
5,20,2.8731548374518545,7.898727392607962,0.0,1.0,0.0,0.0,0.0,0.0
6,20,8.939745508417177,5.182683963493051,0.0,1.0,0.0,1.0,1.0,0.0
7,20,1.8394539028107928,3.067189158656352,0.0,1.0,0.0,1.0,0.0,0.0
8,20,9.750766034181064,9.890538768781855,0.0,0.0,0.0,1.0,0.0,0.0
9,20,3.775735607877236,3.888707846698476,1.0,0.0,1.0,0.0,0.0,1.0
10,20,8.918798686078578,7.145078705010898,1.0,0.0,0.0,0.0,1.0,1.0
11,20,10.238049439973636,4.919459055365994,1.0,0.0,1.0,0.0,0.0,1.0
12,20,5.463838423331496,10.829574574952838,0.0,0.0,1.0,1.0,0.0,0.0
13,20,2.014190908771436,0.0064497512943513,0.0,0.0,1.0,0.0,0.0,0.0
14,20,12.0,8.123015235499247,1.0,1.0,1.0,0.0,0.0,1.0
15,20,3.992083821985265,4.777763072991955,0.0,0.0,0.0,1.0,1.0,0.0
16,20,6.862735931054278,4.08732052655692,0.0,0.0,0.0,0.0,1.0,1.0
17,20,6.106251153854309,7.788525141386962,0.0,0.0,0.0,0.0,1.0,1.0
18,20,9.056541874216128,1.6722757353219573,0.0,1.0,0.0,0.0,0.0,1.0
19,20,0.9915990020820667,7.24966978235449,0.0,1.0,0.0,0.0,1.0,0.0
0,25,2.81795925173583,0.033432856256488,0.0,0.0,1.0,1.0,1.0,0.0
1,25,6.626296732024868,10.817011827851063,0.0,0.0,1.0,0.0,0.0,0.0
2,25,8.589336630881101,8.730372425994052,1.0,0.0,0.0,1.0,1.0,1.0
3,25,9.948392884048332,6.7088482459877286,0.0,0.0,0.0,0.0,1.0,1.0
4,25,4.0288740581785,4.354217288266186,1.0,0.0,1.0,0.0,1.0,1.0
5,25,2.849362886864458,7.880618623167755,0.0,1.0,0.0,0.0,0.0,0.0
6,25,8.943991746368406,5.168569297736856,0.0,1.0,0.0,1.0,1.0,0.0
7,25,1.8198105582696087,3.0990227961670174,0.0,1.0,0.0,1.0,0.0,0.0
8,25,9.70241050318606,9.868796207269574,0.0,0.0,0.0,1.0,0.0,0.0
9,25,3.758307491301735,3.878648903754703,1.0,0.0,1.0,0.0,0.0,1.0
10,25,8.907350620277427,7.163836243852624,1.0,0.0,0.0,0.0,1.0,1.0
11,25,10.288048713108,4.903642221349671,1.0,0.0,1.0,0.0,0.0,1.0
12,25,5.589906088548335,10.78259708272303,0.0,0.0,1.0,1.0,0.0,0.0
13,25,2.0208573938684857,0.0073018004270367,0.0,0.0,1.0,0.0,0.0,0.0
14,25,12.0,8.152274373508293,1.0,1.0,1.0,0.0,0.0,1.0
15,25,3.988125141748108,4.719049961416275,0.0,0.0,0.0,1.0,1.0,0.0
16,25,6.799052158556955,4.126375227867385,0.0,0.0,0.0,0.0,1.0,1.0
17,25,6.129888487771077,7.743554705187292,0.0,0.0,0.0,0.0,1.0,1.0
18,25,9.072096129554376,1.564138636416835,0.0,1.0,0.0,0.0,0.0,1.0
19,25,1.0585772296874592,7.264933589026854,0.0,1.0,0.0,0.0,1.0,0.0
0,30,2.79593583282994,0.0371597220995987,0.0,0.0,1.0,1.0,1.0,0.0
1,30,6.592021469109107,10.801362342057985,0.0,0.0,1.0,0.0,0.0,0.0
2,30,8.498530130914224,8.670002392684665,1.0,0.0,0.0,1.0,1.0,1.0
3,30,9.938818429011755,6.668104400479224,0.0,0.0,0.0,0.0,1.0,1.0
4,30,4.03582205587248,4.422596783794858,1.0,0.0,1.0,0.0,1.0,1.0
5,30,2.842176563587803,7.875053519519259,0.0,1.0,0.0,0.0,0.0,0.0
6,30,8.948503716512931,5.153491968569525,0.0,1.0,0.0,1.0,1.0,0.0
7,30,1.7989159193344713,3.1328681879895623,0.0,1.0,0.0,1.0,0.0,0.0
8,30,9.63906871067296,9.838293227143632,0.0,0.0,0.0,1.0,0.0,0.0
9,30,3.746118942284344,3.871574210919268,1.0,0.0,1.0,0.0,0.0,1.0
10,30,8.899010319261347,7.177648318678284,1.0,0.0,0.0,0.0,1.0,1.0
11,30,10.326853504790236,4.891838187556411,1.0,0.0,1.0,0.0,0.0,1.0
12,30,5.724947236690653,10.728770970387307,0.0,0.0,1.0,1.0,0.0,0.0
13,30,2.026184747553897,0.0079729822223141,0.0,0.0,1.0,0.0,0.0,0.0
14,30,12.0,8.16471451523329,1.0,1.0,1.0,0.0,0.0,1.0
15,30,3.984825316728856,4.664328329382666,0.0,0.0,0.0,1.0,1.0,0.0
16,30,6.723745929326689,4.171715566524358,0.0,0.0,0.0,0.0,1.0,1.0
17,30,6.158169970658353,7.690108664939077,0.0,0.0,0.0,0.0,1.0,1.0
18,30,9.088328326600124,1.4489779158401803,0.0,1.0,0.0,0.0,0.0,1.0
19,30,1.076537891926567,7.184246543935697,0.0,1.0,0.0,0.0,1.0,0.0
0,35,2.7916732078167037,0.0380089291034532,0.0,0.0,1.0,1.0,1.0,0.0
1,35,6.57002292682523,10.791960059810304,0.0,0.0,1.0,0.0,0.0,0.0
2,35,8.408512119324328,8.614015937556413,1.0,0.0,0.0,1.0,1.0,1.0
3,35,9.925989702738644,6.614448901109774,0.0,0.0,0.0,0.0,1.0,1.0
4,35,4.042821883931873,4.511928256307758,1.0,0.0,1.0,0.0,1.0,1.0
5,35,2.83000208412277,7.865504186759126,0.0,1.0,0.0,0.0,0.0,0.0
6,35,8.952916298988326,5.139663226989793,0.0,1.0,0.0,1.0,1.0,0.0
7,35,1.7826119981283497,3.160521634970285,0.0,1.0,0.0,1.0,0.0,0.0
8,35,9.585250003017846,9.812402363638803,0.0,0.0,0.0,1.0,0.0,0.0
9,35,3.73470692748953,3.865146277675648,1.0,0.0,1.0,0.0,0.0,1.0
10,35,8.892794293441655,7.187982879553032,1.0,0.0,0.0,0.0,1.0,1.0
11,35,10.378561741604017,4.87575787352666,1.0,0.0,1.0,0.0,0.0,1.0
12,35,5.78127892465764,10.86357146042027,0.0,0.0,1.0,1.0,0.0,0.0
13,35,2.0600845106255137,0.011933403776052,0.0,0.0,1.0,0.0,0.0,0.0
14,35,12.0,8.165699215585008,1.0,1.0,1.0,0.0,0.0,1.0
15,35,3.979471643788683,4.5867393825500375,0.0,0.0,0.0,1.0,1.0,0.0
16,35,6.650202852042541,4.215240039890677,0.0,0.0,0.0,0.0,1.0,1.0
17,35,6.1860069242613775,7.640000292239343,0.0,0.0,0.0,0.0,1.0,1.0
18,35,9.107510032101136,1.3174362784456248,0.0,1.0,0.0,0.0,0.0,1.0
19,35,1.0984279690278285,7.077851260400642,0.0,1.0,0.0,0.0,1.0,0.0
0,40,2.7883432607393224,0.0386222038048263,0.0,0.0,1.0,1.0,1.0,0.0
1,40,6.559707625043523,10.78773526261209,0.0,0.0,1.0,0.0,0.0,0.0
2,40,8.322377250237516,8.560508646490321,1.0,0.0,0.0,1.0,1.0,1.0
3,40,9.91554803450297,6.561513338388761,0.0,0.0,0.0,0.0,1.0,1.0
4,40,4.05083263485288,4.604925049456666,1.0,0.0,1.0,0.0,1.0,1.0
5,40,2.814810900159033,7.854286026559185,0.0,1.0,0.0,0.0,0.0,0.0
6,40,8.956591244375437,5.127380607658246,0.0,1.0,0.0,1.0,1.0,0.0
7,40,1.7627583242679044,3.1957468368798523,0.0,1.0,0.0,1.0,0.0,0.0
8,40,9.538876972028564,9.78861332976293,0.0,0.0,0.0,1.0,0.0,0.0
9,40,3.7332629677507607,3.8643417722308073,1.0,0.0,1.0,0.0,0.0,1.0
10,40,8.89088683413501,7.191222990697105,1.0,0.0,0.0,0.0,1.0,1.0
11,40,10.41173448585017,4.8655553541509455,1.0,0.0,1.0,0.0,0.0,1.0
12,40,5.841256914485046,10.994346812812484,0.0,0.0,1.0,1.0,0.0,0.0
13,40,2.118521005364168,0.0189548097912197,0.0,0.0,1.0,0.0,0.0,0.0
14,40,11.99069439515034,8.140138184039287,1.0,1.0,1.0,0.0,0.0,1.0
15,40,4.07784074241159,4.58028701465909,0.0,0.0,0.0,1.0,1.0,0.0
16,40,6.580468018049087,4.256016919970357,0.0,0.0,0.0,0.0,1.0,1.0
17,40,6.207539857404902,7.602998506601651,0.0,0.0,0.0,0.0,1.0,1.0
18,40,9.136907078035897,1.1500506854569426,0.0,1.0,0.0,0.0,0.0,1.0
19,40,1.115227926057742,6.990742812889772,0.0,1.0,0.0,0.0,1.0,0.0
0,45,2.788294465484348,0.0386313326278496,0.0,0.0,1.0,1.0,1.0,0.0
1,45,6.531093668540753,10.777040882942186,0.0,0.0,1.0,0.0,0.0,0.0
2,45,8.249426168143296,8.512992672635168,1.0,0.0,0.0,1.0,1.0,1.0
3,45,9.899714513653064,6.477592791412526,0.0,0.0,0.0,0.0,1.0,1.0
4,45,4.057124549377099,4.702734451916116,1.0,0.0,1.0,0.0,1.0,1.0
5,45,2.7825656592875743,7.83194431361129,0.0,1.0,0.0,0.0,0.0,0.0
6,45,8.951974790267949,5.14319493816936,0.0,1.0,0.0,1.0,1.0,0.0
7,45,1.7372836067431627,3.240833800981364,0.0,1.0,0.0,1.0,0.0,0.0
8,45,9.454931038024528,9.745680051038468,0.0,0.0,0.0,1.0,0.0,0.0
9,45,3.709435525734393,3.851662237762977,1.0,0.0,1.0,0.0,0.0,1.0
10,45,8.89848308634571,7.1774241456767935,1.0,0.0,0.0,0.0,1.0,1.0
11,45,10.426463945194966,4.860890296174591,1.0,0.0,1.0,0.0,0.0,1.0
12,45,5.904778095891446,11.137954423183803,0.0,0.0,1.0,1.0,0.0,0.0
13,45,2.1886577452298703,0.0266295868210573,0.0,0.0,1.0,0.0,0.0,0.0
14,45,11.983166781037264,8.119589675189573,1.0,1.0,1.0,0.0,0.0,1.0
15,45,4.176107058942831,4.571944521686915,0.0,0.0,0.0,1.0,1.0,0.0
16,45,6.528122171000518,4.287559390916237,0.0,0.0,0.0,0.0,1.0,1.0
17,45,6.232278252046014,7.558781621868311,0.0,0.0,0.0,0.0,1.0,1.0
18,45,9.167262701044566,0.9919882385659106,0.0,1.0,0.0,0.0,0.0,1.0
19,45,1.1333698688199596,6.894126334751769,0.0,1.0,0.0,0.0,1.0,0.0
0,50,2.7819183091192494,0.0400773554640966,0.0,0.0,1.0,1.0,1.0,0.0
1,50,6.483082552178838,10.759252871894184,0.0,0.0,1.0,0.0,0.0,0.0
2,50,8.17429699552066,8.465529923114323,1.0,0.0,0.0,1.0,1.0,1.0
3,50,9.877077828896468,6.383320047144048,0.0,0.0,0.0,0.0,1.0,1.0
4,50,4.061432502600028,4.817610127250816,1.0,0.0,1.0,0.0,1.0,1.0
5,50,2.7638222035088984,7.818628876412903,0.0,1.0,0.0,0.0,0.0,0.0
6,50,8.951054712079085,5.146276620134386,0.0,1.0,0.0,1.0,1.0,0.0
7,50,1.705637832747077,3.297049383201053,0.0,1.0,0.0,1.0,0.0,0.0
8,50,9.373079049085671,9.706590197374515,0.0,0.0,0.0,1.0,0.0,0.0
9,50,3.677327556919289,3.8332647812365055,1.0,0.0,1.0,0.0,0.0,1.0
10,50,8.902736203293966,7.169425526438243,1.0,0.0,0.0,0.0,1.0,1.0
11,50,10.441718949822144,4.856207236424891,1.0,0.0,1.0,0.0,0.0,1.0
12,50,5.965007736036188,11.272639197858826,0.0,0.0,1.0,1.0,0.0,0.0
13,50,2.278886492438186,0.035406723562398,0.0,0.0,1.0,0.0,0.0,0.0
14,50,11.97202958076537,8.088737885559052,1.0,1.0,1.0,0.0,0.0,1.0
15,50,4.27891223679038,4.564642484196474,0.0,0.0,0.0,1.0,1.0,0.0
16,50,6.474973325819068,4.321272294943862,0.0,0.0,0.0,0.0,1.0,1.0
17,50,6.263124517727767,7.505781153609759,0.0,0.0,0.0,0.0,1.0,1.0
18,50,9.199495873329669,0.8112203045776744,0.0,1.0,0.0,0.0,0.0,1.0
19,50,1.1524333476244997,6.782834591361119,0.0,1.0,0.0,0.0,1.0,0.0
0,55,2.770433564377408,0.0425004600272157,0.0,0.0,1.0,1.0,1.0,0.0
1,55,6.441310680704681,10.744927629248885,0.0,0.0,1.0,0.0,0.0,0.0
2,55,8.104005086350655,8.420360032642892,1.0,0.0,0.0,1.0,1.0,1.0
3,55,9.85551829589357,6.299928306328163,0.0,0.0,0.0,0.0,1.0,1.0
4,55,4.071225166334639,4.954325152264186,1.0,0.0,1.0,0.0,1.0,1.0
5,55,2.748434851627107,7.807805216948203,0.0,1.0,0.0,0.0,0.0,0.0
6,55,8.947913249845111,5.156856517322419,0.0,1.0,0.0,1.0,1.0,0.0
7,55,1.6722391113723905,3.357521885927176,0.0,1.0,0.0,1.0,0.0,0.0
8,55,9.268573304848426,9.657673837622388,0.0,0.0,0.0,1.0,0.0,0.0
9,55,3.6511424698033697,3.818509769406919,1.0,0.0,1.0,0.0,0.0,1.0
10,55,8.912410006469564,7.1507552756145305,1.0,0.0,0.0,0.0,1.0,1.0
11,55,10.455578219214496,4.851892796352492,1.0,0.0,1.0,0.0,0.0,1.0
12,55,6.026620516972575,11.408382149627943,0.0,0.0,1.0,1.0,0.0,0.0
13,55,2.3554497583720577,0.0432249395233907,0.0,0.0,1.0,0.0,0.0,0.0
14,55,11.96072637017728,8.058511145769435,1.0,1.0,1.0,0.0,0.0,1.0
15,55,4.378590652165366,4.556106735203136,0.0,0.0,0.0,1.0,1.0,0.0
16,55,6.430420571050417,4.349806150077511,0.0,0.0,0.0,0.0,1.0,1.0
17,55,6.283431856467056,7.467662100318384,0.0,0.0,0.0,0.0,1.0,1.0
18,55,9.23308674721994,0.6170557959585852,0.0,1.0,0.0,0.0,0.0,1.0
19,55,1.1637523930039386,6.70243507874613,0.0,1.0,0.0,0.0,1.0,0.0
0,60,2.7851035524381613,0.0397729033239173,0.0,0.0,1.0,1.0,1.0,0.0
1,60,6.404494659950899,10.73259041079257,0.0,0.0,1.0,0.0,0.0,0.0
2,60,8.017655704708172,8.364224703924583,1.0,0.0,0.0,1.0,1.0,1.0
3,60,9.829858667952438,6.207156370834436,0.0,0.0,0.0,0.0,1.0,1.0
4,60,4.081283480013781,5.061117298018674,1.0,0.0,1.0,0.0,1.0,1.0
5,60,2.7309343577013534,7.795069927539011,0.0,1.0,0.0,0.0,0.0,0.0
6,60,8.944946171226013,5.168557658118597,0.0,1.0,0.0,1.0,1.0,0.0
7,60,1.639220544513331,3.416474515187195,0.0,1.0,0.0,1.0,0.0,0.0
8,60,9.17228306980995,9.61241072072641,0.0,0.0,0.0,1.0,0.0,0.0
9,60,3.629990486560036,3.8064745205453177,1.0,0.0,1.0,0.0,0.0,1.0
10,60,8.911193590624823,7.153178906985683,1.0,0.0,0.0,0.0,1.0,1.0
11,60,10.488878920462607,4.842179913610488,1.0,0.0,1.0,0.0,0.0,1.0
12,60,6.087131989797788,11.542784237104184,0.0,0.0,1.0,1.0,0.0,0.0
13,60,2.423972237271792,0.049855318002669,0.0,0.0,1.0,0.0,0.0,0.0
14,60,11.950757469646325,8.029629677767485,1.0,1.0,1.0,0.0,0.0,1.0
15,60,4.497785215456903,4.544971842783906,0.0,0.0,0.0,1.0,1.0,0.0
16,60,6.403790043120819,4.366299155588301,0.0,0.0,0.0,0.0,1.0,1.0
17,60,6.292338133227764,7.450237719393526,0.0,0.0,0.0,0.0,1.0,1.0
18,60,9.2614905550327,0.4429462862451668,0.0,1.0,0.0,0.0,0.0,1.0
19,60,1.1757612224732452,6.626054172142632,0.0,1.0,0.0,0.0,1.0,0.0
0,65,2.7993405975604007,0.0371802501892538,0.0,0.0,1.0,1.0,1.0,0.0
1,65,6.367998725797061,10.720084066012294,0.0,0.0,1.0,0.0,0.0,0.0
2,65,7.914183387014729,8.292736214307702,1.0,0.0,0.0,1.0,1.0,1.0
3,65,9.796284089318,6.094604231125413,0.0,0.0,0.0,0.0,1.0,1.0
4,65,4.0912148656159655,5.179207811567212,1.0,0.0,1.0,0.0,1.0,1.0
5,65,2.707311694231412,7.777403567735882,0.0,1.0,0.0,0.0,0.0,0.0
6,65,8.932543201731043,5.214879383697888,0.0,1.0,0.0,1.0,1.0,0.0
7,65,1.599371868641691,3.4863046827608817,0.0,1.0,0.0,1.0,0.0,0.0
8,65,9.072190415899517,9.56943804457427,0.0,0.0,0.0,1.0,0.0,0.0
9,65,3.617950305122104,3.799665062854682,1.0,0.0,1.0,0.0,0.0,1.0
10,65,8.909938830297849,7.155739061395075,1.0,0.0,0.0,0.0,1.0,1.0
11,65,10.523370465654256,4.831999832206451,1.0,0.0,1.0,0.0,0.0,1.0
12,65,6.143214833457252,11.667959435284994,0.0,0.0,1.0,1.0,0.0,0.0
13,65,2.49326685804762,0.0575054971239994,0.0,0.0,1.0,0.0,0.0,0.0
14,65,11.939963490013218,7.996194726950306,1.0,1.0,1.0,0.0,0.0,1.0
15,65,4.618865835284384,4.536476092390854,0.0,0.0,0.0,1.0,1.0,0.0
16,65,6.3641313698668,4.390636370636907,0.0,0.0,0.0,0.0,1.0,1.0
17,65,6.2905905709915855,7.453728332459002,0.0,0.0,0.0,0.0,1.0,1.0
18,65,9.289057734152026,0.2454063986906776,0.0,1.0,0.0,0.0,0.0,1.0
19,65,1.185858760109394,6.550702229360164,0.0,1.0,0.0,0.0,1.0,0.0
0,70,2.799704786341401,0.0371095904875289,0.0,0.0,1.0,1.0,1.0,0.0
1,70,6.334320309292699,10.708254191138687,0.0,0.0,1.0,0.0,0.0,0.0
2,70,7.81074821408782,8.221236924854493,1.0,0.0,0.0,1.0,1.0,1.0
3,70,9.758228942690272,5.979462090511086,0.0,0.0,0.0,0.0,1.0,1.0
4,70,4.097673942194261,5.300121285780551,1.0,0.0,1.0,0.0,1.0,1.0
5,70,2.686634062631301,7.761494290807637,0.0,1.0,0.0,0.0,0.0,0.0
6,70,8.916608112286285,5.269866933945341,0.0,1.0,0.0,1.0,1.0,0.0
7,70,1.5686316449448583,3.5427443068379296,0.0,1.0,0.0,1.0,0.0,0.0
8,70,8.969804593691439,9.524615632132152,0.0,0.0,0.0,1.0,0.0,0.0
9,70,3.5900047753698545,3.784310591180623,1.0,0.0,1.0,0.0,0.0,1.0
10,70,8.90486069710746,7.166001838227834,1.0,0.0,0.0,0.0,1.0,1.0
11,70,10.568337623294086,4.817604773315871,1.0,0.0,1.0,0.0,0.0,1.0
12,70,6.196494920048357,11.782309316302856,0.0,0.0,1.0,1.0,0.0,0.0
13,70,2.5417513601234454,0.0637678058133301,0.0,0.0,1.0,0.0,0.0,0.0
14,70,11.925894904942789,7.953920486716184,1.0,1.0,1.0,0.0,0.0,1.0
15,70,4.7494436139454725,4.528328639130822,0.0,0.0,0.0,1.0,1.0,0.0
16,70,6.338797365560669,4.405870549259703,0.0,0.0,0.0,0.0,1.0,1.0
17,70,6.2903496214162224,7.4541796755564675,0.0,0.0,0.0,0.0,1.0,1.0
18,70,9.315797785633537,0.0446775386109465,0.0,1.0,0.0,0.0,0.0,1.0
19,70,1.1984442670978697,6.456716885535314,0.0,1.0,0.0,0.0,1.0,0.0
0,75,2.815252278533001,0.0334319822112293,0.0,0.0,1.0,1.0,1.0,0.0
1,75,6.295673879818661,10.69369605976787,0.0,0.0,1.0,0.0,0.0,0.0
2,75,7.699035434048194,8.142125929241582,1.0,0.0,0.0,1.0,1.0,1.0
3,75,9.716973641809652,5.853078547897206,0.0,0.0,0.0,0.0,1.0,1.0
4,75,4.1028743879973,5.426671495928254,1.0,0.0,1.0,0.0,1.0,1.0
5,75,2.6716215596859287,7.749282973696602,0.0,1.0,0.0,0.0,0.0,0.0
6,75,8.895193294589886,5.34586511479783,0.0,1.0,0.0,1.0,1.0,0.0
7,75,1.5399510932502924,3.5978955958783496,0.0,1.0,0.0,1.0,0.0,0.0
8,75,8.853905553978946,9.473846945067075,0.0,0.0,0.0,1.0,0.0,0.0
9,75,3.57818722839843,3.777663449599652,1.0,0.0,1.0,0.0,0.0,1.0
10,75,8.89624430386581,7.182846081317431,1.0,0.0,0.0,0.0,1.0,1.0
11,75,10.602453007624424,4.808689905192926,1.0,0.0,1.0,0.0,0.0,1.0
12,75,6.253635187956458,11.900888387749324,0.0,0.0,1.0,1.0,0.0,0.0
13,75,2.58725052184846,0.0702619711025075,0.0,0.0,1.0,0.0,0.0,0.0
14,75,11.907997418819413,7.89816877502948,1.0,1.0,1.0,0.0,0.0,1.0
15,75,4.91556718384255,4.519152780024655,0.0,0.0,0.0,1.0,1.0,0.0
16,75,6.308028846234906,4.424267662361546,0.0,0.0,0.0,0.0,1.0,1.0
17,75,6.28971890221025,7.455391940512162,0.0,0.0,0.0,0.0,1.0,1.0
18,75,9.342796009489929,0.0,0.0,1.0,0.0,0.0,0.0,1.0
19,75,1.2105979535720088,6.367795754766856,0.0,1.0,0.0,0.0,1.0,0.0
0,80,2.840560859993372,0.0269038868292529,0.0,0.0,1.0,1.0,1.0,0.0
1,80,6.2466792804562745,10.675547933662267,0.0,0.0,1.0,0.0,0.0,0.0
2,80,7.571701000053067,8.053579363530751,1.0,0.0,0.0,1.0,1.0,1.0
3,80,9.670017014362845,5.716024058865494,0.0,0.0,0.0,0.0,1.0,1.0
4,80,4.109554597790127,5.564150455849066,1.0,0.0,1.0,0.0,1.0,1.0
5,80,2.6704621376487863,7.748337260569732,0.0,1.0,0.0,0.0,0.0,0.0
6,80,8.872061009967013,5.428298422833837,0.0,1.0,0.0,1.0,1.0,0.0
7,80,1.5109654132732042,3.652677080082864,0.0,1.0,0.0,1.0,0.0,0.0
8,80,8.73506228611476,9.4213661496898,0.0,0.0,0.0,1.0,0.0,0.0
9,80,3.5474800132366178,3.759357901439985,1.0,0.0,1.0,0.0,0.0,1.0
10,80,8.89151210866891,7.191809262125342,1.0,0.0,0.0,0.0,1.0,1.0
11,80,10.648640858645038,4.79655589095179,1.0,0.0,1.0,0.0,0.0,1.0
12,80,6.327551286193992,12.0,0.0,0.0,1.0,1.0,0.0,0.0
13,80,2.646763198575405,0.0787303552703821,0.0,0.0,1.0,0.0,0.0,0.0
14,80,11.88768182228937,7.836627347834422,1.0,1.0,1.0,0.0,0.0,1.0
15,80,5.083591717138776,4.509148129459059,0.0,0.0,0.0,1.0,1.0,0.0
16,80,6.286861275916864,4.437436106420933,0.0,0.0,0.0,0.0,1.0,1.0
17,80,6.294975529582585,7.445111764826527,0.0,0.0,0.0,0.0,1.0,1.0
18,80,9.374748142309771,0.0,0.0,1.0,0.0,0.0,0.0,1.0
19,80,1.2230781720347803,6.275021028975023,0.0,1.0,0.0,0.0,1.0,0.0
0,85,2.8660128700774314,0.0200778323314803,0.0,0.0,1.0,1.0,1.0,0.0
1,85,6.2056802484917375,10.659349863679164,0.0,0.0,1.0,0.0,0.0,0.0
2,85,7.458128391114184,7.9685580745578655,1.0,0.0,0.0,1.0,1.0,1.0
3,85,9.618436053519456,5.5732882645151465,0.0,0.0,0.0,0.0,1.0,1.0
4,85,4.120109213416237,5.712827224774859,1.0,0.0,1.0,0.0,1.0,1.0
5,85,2.6588671966203443,7.7383451486217,0.0,1.0,0.0,0.0,0.0,0.0
6,85,8.844070747604961,5.51889653808025,0.0,1.0,0.0,1.0,1.0,0.0
7,85,1.4746846298618053,3.719304274075321,0.0,1.0,0.0,1.0,0.0,0.0
8,85,8.617738640561651,9.369718093165316,0.0,0.0,0.0,1.0,0.0,0.0
9,85,3.537062018002039,3.752751010429032,1.0,0.0,1.0,0.0,0.0,1.0
10,85,8.888718962890197,7.196954614840513,1.0,0.0,0.0,0.0,1.0,1.0
11,85,10.701676353754982,4.783390155864895,1.0,0.0,1.0,0.0,0.0,1.0
12,85,6.396677157558567,12.0,0.0,0.0,1.0,1.0,0.0,0.0
13,85,2.696797460849189,0.0866452377110069,0.0,0.0,1.0,0.0,0.0,0.0
14,85,11.868098083921003,7.776300780106721,1.0,1.0,1.0,0.0,0.0,1.0
15,85,5.265896609510426,4.491621783440357,0.0,0.0,0.0,1.0,1.0,0.0
16,85,6.27954271790806,4.44181577668168,0.0,0.0,0.0,0.0,1.0,1.0
17,85,6.293190370930316,7.448705486774829,0.0,0.0,0.0,0.0,1.0,1.0
18,85,9.40560298697134,0.0,0.0,1.0,0.0,0.0,0.0,1.0
19,85,1.2336745026710618,6.198823374571444,0.0,1.0,0.0,0.0,1.0,0.0
0,90,2.8996213016782777,0.0114738993216644,0.0,0.0,1.0,1.0,1.0,0.0
1,90,6.163626596818078,10.643986509842245,0.0,0.0,1.0,0.0,0.0,0.0
2,90,7.34968726957913,7.887663692278903,1.0,0.0,0.0,1.0,1.0,1.0
3,90,9.584207483902944,5.473145684577883,0.0,0.0,0.0,0.0,1.0,1.0
4,90,4.130324015291055,5.868116433919831,1.0,0.0,1.0,0.0,1.0,1.0
5,90,2.635849522537482,7.718585502179183,0.0,1.0,0.0,0.0,0.0,0.0
6,90,8.810619855303168,5.625407424998578,0.0,1.0,0.0,1.0,1.0,0.0
7,90,1.4363512837333643,3.791728004282046,0.0,1.0,0.0,1.0,0.0,0.0
8,90,8.481793033970765,9.308167199102977,0.0,0.0,0.0,1.0,0.0,0.0
9,90,3.5175246324798315,3.741224549665816,1.0,0.0,1.0,0.0,0.0,1.0
10,90,8.890734867155897,7.193272191243401,1.0,0.0,0.0,0.0,1.0,1.0
11,90,10.74038998653614,4.773837174431104,1.0,0.0,1.0,0.0,0.0,1.0
12,90,6.459983721200048,12.0,0.0,0.0,1.0,1.0,0.0,0.0
13,90,2.7641064711763117,0.0981267299893163,0.0,0.0,1.0,0.0,0.0,0.0
14,90,11.856097450781414,7.739297078576603,1.0,1.0,1.0,0.0,0.0,1.0
15,90,5.466557988379017,4.475447018675446,0.0,0.0,0.0,1.0,1.0,0.0
16,90,6.244785465481297,4.46312232434942,0.0,0.0,0.0,0.0,1.0,1.0
17,90,6.285725501049949,7.462895675672511,0.0,0.0,0.0,0.0,1.0,1.0
18,90,9.43248996942256,0.0,0.0,1.0,0.0,0.0,0.0,1.0
19,90,1.24089981737694,6.137784921149464,0.0,1.0,0.0,0.0,1.0,0.0
0,95,2.931289356185763,0.0028067780511209,0.0,0.0,1.0,1.0,1.0,0.0
1,95,6.111415382372324,10.624849985381804,0.0,0.0,1.0,0.0,0.0,0.0
2,95,7.233560067549094,7.801576247521623,1.0,0.0,0.0,1.0,1.0,1.0
3,95,9.551443827934662,5.376206217831461,0.0,0.0,0.0,0.0,1.0,1.0
4,95,4.139496859815663,6.005888016950956,1.0,0.0,1.0,0.0,1.0,1.0
5,95,2.629296203135992,7.712981544560311,0.0,1.0,0.0,0.0,0.0,0.0
6,95,8.77798199209897,5.721712124629901,0.0,1.0,0.0,1.0,1.0,0.0
7,95,1.38704773883776,3.891571274940843,0.0,1.0,0.0,1.0,0.0,0.0
8,95,8.33115736605241,9.235283746211785,0.0,0.0,0.0,1.0,0.0,0.0
9,95,3.509832177068656,3.736729569142035,1.0,0.0,1.0,0.0,0.0,1.0
10,95,8.884186038121705,7.20511335342457,1.0,0.0,0.0,0.0,1.0,1.0
11,95,10.797687398483497,4.762842964438422,1.0,0.0,1.0,0.0,0.0,1.0
12,95,6.527579702360748,12.0,0.0,0.0,1.0,1.0,0.0,0.0
13,95,2.8481303440049976,0.1103834984801236,0.0,0.0,1.0,0.0,0.0,0.0
14,95,11.847387147171498,7.712653087897357,1.0,1.0,1.0,0.0,0.0,1.0
15,95,5.68828223888962,4.459476094013393,0.0,0.0,0.0,1.0,1.0,0.0
16,95,6.229750326405601,4.471744534235145,0.0,0.0,0.0,0.0,1.0,1.0
17,95,6.276801725961716,7.481452717382511,0.0,0.0,0.0,0.0,1.0,1.0
18,95,9.466743729210991,0.0,0.0,1.0,0.0,0.0,0.0,1.0
19,95,1.2478468710034327,6.06238667097455,0.0,1.0,0.0,0.0,1.0,0.0
0,100,2.950310545486148,0.0,0.0,0.0,1.0,1.0,1.0,0.0
1,100,6.061464770241394,10.607315796254364,0.0,0.0,1.0,0.0,0.0,0.0
2,100,7.1227758752669645,7.715823180634655,1.0,0.0,0.0,1.0,1.0,1.0
3,100,9.51865756024128,5.281431674235525,0.0,0.0,0.0,0.0,1.0,1.0
4,100,4.146386419781012,6.125667045036474,1.0,0.0,1.0,0.0,1.0,1.0
5,100,2.627937001896195,7.711832707409687,0.0,1.0,0.0,0.0,0.0,0.0
6,100,8.746598001221761,5.816600101838745,0.0,1.0,0.0,1.0,1.0,0.0
7,100,1.3328994624275887,4.00242049721726,0.0,1.0,0.0,1.0,0.0,0.0
8,100,8.198011115451257,9.1696202857158,0.0,0.0,0.0,1.0,0.0,0.0
9,100,3.498082451652324,3.729768715023048,1.0,0.0,1.0,0.0,0.0,1.0
10,100,8.871123762649356,7.229858932866832,1.0,0.0,0.0,0.0,1.0,1.0
11,100,10.852319907790152,4.751040871359283,1.0,0.0,1.0,0.0,0.0,1.0
12,100,6.5790844899175465,12.0,0.0,0.0,1.0,1.0,0.0,0.0
13,100,2.856580462694148,0.0507264142444637,0.0,0.0,1.0,0.0,0.0,0.0
14,100,11.840797877376124,7.691629981931591,1.0,1.0,1.0,0.0,0.0,1.0
15,100,5.899128906646312,4.446388295785615,0.0,0.0,0.0,1.0,1.0,0.0
16,100,6.219894811729549,4.477594791834231,0.0,0.0,0.0,0.0,1.0,1.0
17,100,6.265868926563568,7.50470995403728,0.0,0.0,0.0,0.0,1.0,1.0
18,100,9.505918492327623,0.0,0.0,1.0,0.0,0.0,0.0,1.0
19,100,1.2533557988211936,5.99894064352516,0.0,1.0,0.0,0.0,1.0,0.0
0,105,2.967780221419132,0.0,0.0,0.0,1.0,1.0,1.0,0.0
1,105,6.015320924970769,10.592517886189077,0.0,0.0,1.0,0.0,0.0,0.0
2,105,7.012961449734646,7.63629410735494,1.0,0.0,0.0,1.0,1.0,1.0
3,105,9.482201413491602,5.178023427970987,0.0,0.0,0.0,0.0,1.0,1.0
4,105,4.150419060669816,6.225164187514782,1.0,0.0,1.0,0.0,1.0,1.0
5,105,2.621585686450809,7.70626361394312,0.0,1.0,0.0,0.0,0.0,0.0
6,105,8.716848903863369,5.912426434350272,0.0,1.0,0.0,1.0,1.0,0.0
7,105,1.2865754337966842,4.096906493004558,0.0,1.0,0.0,1.0,0.0,0.0
8,105,8.088795652427919,9.11590640830044,0.0,0.0,0.0,1.0,0.0,0.0
9,105,3.500512072298673,3.73112874735106,1.0,0.0,1.0,0.0,0.0,1.0
10,105,8.85719884831473,7.255821596470503,1.0,0.0,0.0,0.0,1.0,1.0
11,105,10.902578595676491,4.740927740607039,1.0,0.0,1.0,0.0,0.0,1.0
12,105,6.647338003273371,12.0,0.0,0.0,1.0,1.0,0.0,0.0
13,105,2.8665364609862576,0.0,0.0,0.0,1.0,0.0,0.0,0.0
14,105,11.836971742004492,7.679153291433213,1.0,1.0,1.0,0.0,0.0,1.0
15,105,6.133734653874581,4.431792210414928,0.0,0.0,0.0,1.0,1.0,0.0
16,105,6.200399268119569,4.488955637901705,0.0,0.0,0.0,0.0,1.0,1.0
17,105,6.251260540667041,7.537548444619071,0.0,0.0,0.0,0.0,1.0,1.0
18,105,9.55087552525324,0.0,0.0,1.0,0.0,0.0,0.0,1.0
19,105,1.2581130470010944,5.945400216109047,0.0,1.0,0.0,0.0,1.0,0.0
0,110,2.9772490099841744,0.0,0.0,0.0,1.0,1.0,1.0,0.0
1,110,5.967386459517677,10.577930804691391,0.0,0.0,1.0,0.0,0.0,0.0
2,110,6.917367430290874,7.567264290405231,1.0,0.0,0.0,1.0,1.0,1.0
3,110,9.444160889879752,5.073598654541929,0.0,0.0,0.0,0.0,1.0,1.0
4,110,4.15183628548224,6.327443067179837,1.0,0.0,1.0,0.0,1.0,1.0
5,110,2.6022805994859937,7.687870704917826,0.0,1.0,0.0,0.0,0.0,0.0
6,110,8.681123706147838,6.027931304166594,0.0,1.0,0.0,1.0,1.0,0.0
7,110,1.2338817850614483,4.203939770117277,0.0,1.0,0.0,1.0,0.0,0.0
8,110,7.997751718028224,9.070709509583969,0.0,0.0,0.0,1.0,0.0,0.0
9,110,3.475745289953512,3.7175183316486207,1.0,0.0,1.0,0.0,0.0,1.0
10,110,8.83629685082091,7.293417542590031,1.0,0.0,0.0,0.0,1.0,1.0
11,110,10.96953617264205,4.72731562505247,1.0,0.0,1.0,0.0,0.0,1.0
12,110,6.70928410885712,12.0,0.0,0.0,1.0,1.0,0.0,0.0
13,110,2.879768194077452,0.0,0.0,0.0,1.0,0.0,0.0,0.0
14,110,11.833660624753946,7.668478961360836,1.0,1.0,1.0,0.0,0.0,1.0
15,110,6.376395933585687,4.409709367650128,0.0,0.0,0.0,1.0,1.0,0.0
16,110,6.195065722748921,4.491995965721595,0.0,0.0,0.0,0.0,1.0,1.0
17,110,6.241785493489025,7.559846541302557,0.0,0.0,0.0,0.0,1.0,1.0
18,110,9.597068498576675,0.0,0.0,1.0,0.0,0.0,0.0,1.0
19,110,1.2621524835255644,5.885863829458455,0.0,1.0,0.0,0.0,1.0,0.0
0,115,2.97800582160218,0.0,0.0,0.0,1.0,1.0,1.0,0.0
1,115,5.926799821219814,10.565707291566149,0.0,0.0,1.0,0.0,0.0,0.0
2,115,6.797695892127391,7.482648962271872,1.0,0.0,0.0,1.0,1.0,1.0
3,115,9.402471541624358,4.958503624685273,0.0,0.0,0.0,0.0,1.0,1.0
4,115,4.155977616605222,6.453466061661159,1.0,0.0,1.0,0.0,1.0,1.0
5,115,2.580241780489077,7.66758420232553,0.0,1.0,0.0,0.0,0.0,0.0
6,115,8.645856440246847,6.139775241015715,0.0,1.0,0.0,1.0,1.0,0.0
7,115,1.182523840250242,4.311488034291076,0.0,1.0,0.0,1.0,0.0,0.0
8,115,7.893489507260844,9.018265406323962,0.0,0.0,0.0,1.0,0.0,0.0
9,115,3.460502370446805,3.7090205171349218,1.0,0.0,1.0,0.0,0.0,1.0
10,115,8.821516364725385,7.320689385358406,1.0,0.0,0.0,0.0,1.0,1.0
11,115,11.070682830038916,4.706137872080322,1.0,0.0,1.0,0.0,0.0,1.0
12,115,6.770197815118694,12.0,0.0,0.0,1.0,1.0,0.0,0.0
13,115,2.889499355875245,0.0,0.0,0.0,1.0,0.0,0.0,0.0
14,115,11.835861348123226,7.675535791062704,1.0,1.0,1.0,0.0,0.0,1.0
15,115,6.621379265671049,4.389282987167668,0.0,0.0,0.0,1.0,1.0,0.0
16,115,6.193366659224242,4.493006244186438,0.0,0.0,0.0,0.0,1.0,1.0
17,115,6.221661463688151,7.603757887349961,0.0,0.0,0.0,0.0,1.0,1.0
18,115,9.639188488012744,0.0,0.0,1.0,0.0,0.0,0.0,1.0
19,115,1.266306403232018,5.821174369563985,0.0,1.0,0.0,0.0,1.0,0.0
0,120,2.9726779176319296,0.0014110616332204,0.0,0.0,1.0,1.0,1.0,0.0
1,120,5.882060357106884,10.551106668510425,0.0,0.0,1.0,0.0,0.0,0.0
2,120,6.6703540202696905,7.393634596077865,1.0,0.0,0.0,1.0,1.0,1.0
3,120,9.349583144825408,4.814705060110463,0.0,0.0,0.0,0.0,1.0,1.0
4,120,4.158268173384775,6.581194187484777,1.0,0.0,1.0,0.0,1.0,1.0
5,120,2.571860479381237,7.659884322284996,0.0,1.0,0.0,0.0,0.0,0.0
6,120,8.612713866906894,6.243091620700925,0.0,1.0,0.0,1.0,1.0,0.0
7,120,1.1314649187144594,4.425704015082434,0.0,1.0,0.0,1.0,0.0,0.0
8,120,7.792519697938522,8.964877811974826,0.0,0.0,0.0,1.0,0.0,0.0
9,120,3.444162937085438,3.700560015794133,1.0,0.0,1.0,0.0,0.0,1.0
10,120,8.809695442741502,7.342521631518411,1.0,0.0,0.0,0.0,1.0,1.0
11,120,11.1850279405464,4.68273848518866,1.0,0.0,1.0,0.0,0.0,1.0
12,120,6.828916793748182,12.0,0.0,0.0,1.0,1.0,0.0,0.0
13,120,2.9070466127115813,0.0,0.0,0.0,1.0,0.0,0.0,0.0
14,120,11.836599546279295,7.677941997357201,1.0,1.0,1.0,0.0,0.0,1.0
15,120,6.867904904845763,4.3631208975445634,0.0,0.0,0.0,1.0,1.0,0.0
16,120,6.183601600456271,4.498701214423802,0.0,0.0,0.0,0.0,1.0,1.0
17,120,6.208126275716283,7.63266169589882,0.0,0.0,0.0,0.0,1.0,1.0
18,120,9.669445090959126,0.0,0.0,1.0,0.0,0.0,0.0,1.0
19,120,1.272294828755195,5.756939269485254,0.0,1.0,0.0,0.0,1.0,0.0
0,125,2.9485986174031966,0.0075348738857691,0.0,0.0,1.0,1.0,1.0,0.0
1,125,5.837609194188816,10.53507232148952,0.0,0.0,1.0,0.0,0.0,0.0
2,125,6.548038720517956,7.306725290810494,1.0,0.0,0.0,1.0,1.0,1.0
3,125,9.302040145898811,4.6725709186002975,0.0,0.0,0.0,0.0,1.0,1.0
4,125,4.162421193164535,6.729173333204778,1.0,0.0,1.0,0.0,1.0,1.0
5,125,2.562937426402432,7.651778817100907,0.0,1.0,0.0,0.0,0.0,0.0
6,125,8.580543076307118,6.346443888959209,0.0,1.0,0.0,1.0,1.0,0.0
7,125,1.0677537111328772,4.569644840854336,0.0,1.0,0.0,1.0,0.0,0.0
8,125,7.686357246776273,8.908702019038389,0.0,0.0,0.0,1.0,0.0,0.0
9,125,3.42633069775762,3.69046182133958,1.0,0.0,1.0,0.0,0.0,1.0
10,125,8.792774945897612,7.374471051565,1.0,0.0,0.0,0.0,1.0,1.0
11,125,11.300984902002725,4.657947671036091,1.0,0.0,1.0,0.0,0.0,1.0
12,125,6.8740866975628645,12.0,0.0,0.0,1.0,1.0,0.0,0.0
13,125,2.9225045064716486,0.0,0.0,0.0,1.0,0.0,0.0,0.0
14,125,11.840125902652597,7.690975217520775,1.0,1.0,1.0,0.0,0.0,1.0
15,125,7.091874660400496,4.351263299171814,0.0,0.0,0.0,1.0,1.0,0.0
16,125,6.158933603614808,4.512856559704815,0.0,0.0,0.0,0.0,1.0,1.0
17,125,6.196163695201219,7.657618030433828,0.0,0.0,0.0,0.0,1.0,1.0
18,125,9.699901106004411,0.0,0.0,1.0,0.0,0.0,0.0,1.0
19,125,1.2784530503524154,5.692188604477999,0.0,1.0,0.0,0.0,1.0,0.0
0,130,2.9467015365912665,0.0079530951501785,0.0,0.0,1.0,1.0,1.0,0.0
1,130,5.791074155412886,10.518256128259388,0.0,0.0,1.0,0.0,0.0,0.0
2,130,6.435372288088673,7.224555985647266,1.0,0.0,0.0,1.0,1.0,1.0
3,130,9.251991962714833,4.525163602994662,0.0,0.0,0.0,0.0,1.0,1.0
4,130,4.164534268084043,6.861545698624813,1.0,0.0,1.0,0.0,1.0,1.0
5,130,2.550387609649535,7.6408044191247875,0.0,1.0,0.0,0.0,0.0,0.0
6,130,8.555947850437152,6.4348034849511375,0.0,1.0,0.0,1.0,1.0,0.0
7,130,1.0128984687916986,4.692983000705516,0.0,1.0,0.0,1.0,0.0,0.0
8,130,7.58986915397645,8.85878883987414,0.0,0.0,0.0,1.0,0.0,0.0
9,130,3.4072418595267897,3.67994883316648,1.0,0.0,1.0,0.0,0.0,1.0
10,130,8.768737815308336,7.420085370275268,1.0,0.0,0.0,0.0,1.0,1.0
11,130,11.42618761682438,4.631763784759141,1.0,0.0,1.0,0.0,0.0,1.0
12,130,6.91582075640682,12.0,0.0,0.0,1.0,1.0,0.0,0.0
13,130,2.934657692806099,0.0,0.0,0.0,1.0,0.0,0.0,0.0
14,130,11.840303596398936,7.691595749192586,1.0,1.0,1.0,0.0,0.0,1.0
15,130,7.304321227254558,4.327988832979292,0.0,0.0,0.0,1.0,1.0,0.0
16,130,6.1350697563470495,4.5263674024659455,0.0,0.0,0.0,0.0,1.0,1.0
17,130,6.185836144986332,7.677476111999533,0.0,0.0,0.0,0.0,1.0,1.0
18,130,9.723145265066172,0.0,0.0,1.0,0.0,0.0,0.0,1.0
19,130,1.2854618664110071,5.633590082323745,0.0,1.0,0.0,0.0,1.0,0.0
0,135,2.9400651911224367,0.0095157745088817,0.0,0.0,1.0,1.0,1.0,0.0
1,135,5.763560808176413,10.508306180987738,0.0,0.0,1.0,0.0,0.0,0.0
2,135,6.298356797021553,7.129120057494906,1.0,0.0,0.0,1.0,1.0,1.0
3,135,9.200996088164397,4.373839849272432,0.0,0.0,0.0,0.0,1.0,1.0
4,135,4.163180806299299,7.006243258871977,1.0,0.0,1.0,0.0,1.0,1.0
5,135,2.551006995416904,7.64134308092531,0.0,1.0,0.0,0.0,0.0,0.0
6,135,8.533717620272347,6.522880654172406,0.0,1.0,0.0,1.0,1.0,0.0
7,135,0.9635301137375044,4.80081020808628,0.0,1.0,0.0,1.0,0.0,0.0
8,135,7.507565066905749,8.820150115663031,0.0,0.0,0.0,1.0,0.0,0.0
9,135,3.3834920287946453,3.6668841510387904,1.0,0.0,1.0,0.0,0.0,1.0
10,135,8.748659460078423,7.457879570306436,1.0,0.0,0.0,0.0,1.0,1.0
11,135,11.572846869008565,4.597076982251948,1.0,0.0,1.0,0.0,0.0,1.0
12,135,6.959565215625928,12.0,0.0,0.0,1.0,1.0,0.0,0.0
13,135,2.9454369107181826,0.0,0.0,0.0,1.0,0.0,0.0,0.0
14,135,11.841494997080533,7.695528746060424,1.0,1.0,1.0,0.0,0.0,1.0
15,135,7.506987548825502,4.302391296950136,0.0,0.0,0.0,1.0,1.0,0.0
16,135,6.134639309023653,4.526592403925067,0.0,0.0,0.0,0.0,1.0,1.0
17,135,6.1819546084441415,7.685501115745969,0.0,0.0,0.0,0.0,1.0,1.0
18,135,9.96599005810461,0.0226600526921343,0.0,1.0,0.0,0.0,0.0,1.0
19,135,1.2944955081305602,5.57164974237509,0.0,1.0,0.0,0.0,1.0,0.0
0,140,2.924498358504727,0.0130197981021271,0.0,0.0,1.0,1.0,1.0,0.0
1,140,5.737762775444586,10.499402271276368,0.0,0.0,1.0,0.0,0.0,0.0
2,140,6.1538187665149,7.029932257246773,1.0,0.0,0.0,1.0,1.0,1.0
3,140,9.155965722179694,4.240269236483235,0.0,0.0,0.0,0.0,1.0,1.0
4,140,4.160820428929736,7.141113251003989,1.0,0.0,1.0,0.0,1.0,1.0
5,140,2.561056388806261,7.650344286119855,0.0,1.0,0.0,0.0,0.0,0.0
6,140,8.508902651955594,6.621136578286824,0.0,1.0,0.0,1.0,1.0,0.0
7,140,0.9091599869668268,4.920072978807886,0.0,1.0,0.0,1.0,0.0,0.0
8,140,7.442943712489044,8.788532914344463,0.0,0.0,0.0,1.0,0.0,0.0
9,140,3.368727898107564,3.658353241875356,1.0,0.0,1.0,0.0,0.0,1.0
10,140,8.722056840212153,7.508157940506708,1.0,0.0,0.0,0.0,1.0,1.0
11,140,11.707662682496371,4.56614674031418,1.0,0.0,1.0,0.0,0.0,1.0
12,140,6.991388761787134,12.0,0.0,0.0,1.0,1.0,0.0,0.0
13,140,2.9611413241264075,0.0,0.0,0.0,1.0,0.0,0.0,0.0
14,140,11.84118776596023,7.69455284430926,1.0,1.0,1.0,0.0,0.0,1.0
15,140,7.709329651136002,4.277255361764201,0.0,0.0,0.0,1.0,1.0,0.0
16,140,6.131034433966952,4.52851773807905,0.0,0.0,0.0,0.0,1.0,1.0
17,140,6.192179683740463,7.664027292328888,0.0,0.0,0.0,0.0,1.0,1.0
18,140,10.1984010080044,0.0465012190372055,0.0,1.0,0.0,0.0,0.0,1.0
19,140,1.304687921544127,5.496902803492406,0.0,1.0,0.0,0.0,1.0,0.0
0,145,2.900024952212529,0.018694806420646,0.0,0.0,1.0,1.0,1.0,0.0
1,145,5.726151171257026,10.49544765260901,0.0,0.0,1.0,0.0,0.0,0.0
2,145,6.039400323226263,6.950010535928059,1.0,0.0,0.0,1.0,1.0,1.0
3,145,9.107699720905991,4.097981500979585,0.0,0.0,0.0,0.0,1.0,1.0
4,145,4.160794503195284,7.29162737892192,1.0,0.0,1.0,0.0,1.0,1.0
5,145,2.5736979861201696,7.661188769442583,0.0,1.0,0.0,0.0,0.0,0.0
6,145,8.480974757476329,6.727237658929012,0.0,1.0,0.0,1.0,1.0,0.0
7,145,0.8586991994569383,5.039130051047244,0.0,1.0,0.0,1.0,0.0,0.0
8,145,7.364162704657123,8.749250930454654,0.0,0.0,0.0,1.0,0.0,0.0
9,145,3.360754489582132,3.65359281457814,1.0,0.0,1.0,0.0,0.0,1.0
10,145,8.686074224002041,7.57297950687206,1.0,0.0,0.0,0.0,1.0,1.0
11,145,11.836694488407492,4.534888858731162,1.0,0.0,1.0,0.0,0.0,1.0
12,145,7.021700520580077,12.0,0.0,0.0,1.0,1.0,0.0,0.0
13,145,2.9757411275212204,0.0,0.0,0.0,1.0,0.0,0.0,0.0
14,145,11.839817126113648,7.690617689963046,1.0,1.0,1.0,0.0,0.0,1.0
15,145,7.918216094493353,4.249719257918404,0.0,0.0,0.0,1.0,1.0,0.0
16,145,6.115627654853752,4.537153893103258,0.0,0.0,0.0,0.0,1.0,1.0
17,145,6.201293724952947,7.644313800485707,0.0,0.0,0.0,0.0,1.0,1.0
18,145,10.43021815967434,0.0634435758504385,0.0,1.0,0.0,0.0,0.0,1.0
19,145,1.314279735190266,5.40584348992452,0.0,1.0,0.0,0.0,1.0,0.0
0,150,2.862847868064673,0.0272511982433031,0.0,0.0,1.0,1.0,1.0,0.0
1,150,5.70402243299574,10.487714049815173,0.0,0.0,1.0,0.0,0.0,0.0
2,150,5.921645452609395,6.870741465940542,1.0,0.0,0.0,1.0,1.0,1.0
3,150,9.06461562276748,3.9560012476304505,0.0,0.0,0.0,0.0,1.0,1.0
4,150,4.161369195914645,7.411491701746981,1.0,0.0,1.0,0.0,1.0,1.0
5,150,2.580489510728723,7.666962451796438,0.0,1.0,0.0,0.0,0.0,0.0
6,150,8.44988878045545,6.83660456571922,0.0,1.0,0.0,1.0,1.0,0.0
7,150,0.8138471209184388,5.143580384739108,0.0,1.0,0.0,1.0,0.0,0.0
8,150,7.287130358132789,8.709263287512965,0.0,0.0,0.0,1.0,0.0,0.0
9,150,3.368745153422542,3.658343015009373,1.0,0.0,1.0,0.0,0.0,1.0
10,150,8.654320417243335,7.629124792770275,1.0,0.0,0.0,0.0,1.0,1.0
11,150,11.971889259420422,4.500904641712477,1.0,0.0,1.0,0.0,0.0,1.0
12,150,7.052232368675819,12.0,0.0,0.0,1.0,1.0,0.0,0.0
13,150,2.991097843141898,0.0,0.0,0.0,1.0,0.0,0.0,0.0
14,150,11.84542883013068,7.707729971815359,1.0,1.0,1.0,0.0,0.0,1.0
15,150,8.141932627321912,4.220783697890808,0.0,0.0,0.0,1.0,1.0,0.0
16,150,6.095052479312477,4.547873118824522,0.0,0.0,0.0,0.0,1.0,1.0
17,150,6.199399438453527,7.648309190727235,0.0,0.0,0.0,0.0,1.0,1.0
18,150,10.677415138235077,0.0793142068869088,0.0,1.0,0.0,0.0,0.0,1.0
19,150,1.322613340443182,5.334228035031516,0.0,1.0,0.0,0.0,1.0,0.0
0,155,2.8214737609444542,0.0357808874094158,0.0,0.0,1.0,1.0,1.0,0.0
1,155,5.670350633693958,10.474971656384865,0.0,0.0,1.0,0.0,0.0,0.0
2,155,5.802069989777756,6.788791134317609,1.0,0.0,0.0,1.0,1.0,1.0
3,155,9.021681480457053,3.812621078974725,0.0,0.0,0.0,0.0,1.0,1.0
4,155,4.161964070829405,7.524434775153772,1.0,0.0,1.0,0.0,1.0,1.0
5,155,2.5701337717302115,7.65776251516997,0.0,1.0,0.0,0.0,0.0,0.0
6,155,8.418117551650761,6.957457621067319,0.0,1.0,0.0,1.0,1.0,0.0
7,155,0.7702198669506085,5.245535659073239,0.0,1.0,0.0,1.0,0.0,0.0
8,155,7.193206459179152,8.660851706737324,0.0,0.0,0.0,1.0,0.0,0.0
9,155,3.3883150098044634,3.670276229587952,1.0,0.0,1.0,0.0,0.0,1.0
10,155,8.612530171535937,7.70125183256832,1.0,0.0,0.0,0.0,1.0,1.0
11,155,12.0,4.46259083879912,1.0,0.0,1.0,0.0,0.0,1.0
12,155,7.081828633189521,12.0,0.0,0.0,1.0,1.0,0.0,0.0
13,155,3.0068479124500342,0.0,0.0,0.0,1.0,0.0,0.0,0.0
14,155,11.84685624558564,7.71196394682179,1.0,1.0,1.0,0.0,0.0,1.0
15,155,8.360254638402996,4.189120216907636,0.0,0.0,0.0,1.0,1.0,0.0
16,155,6.062492465193559,4.564739618514463,0.0,0.0,0.0,0.0,1.0,1.0
17,155,6.195430234918819,7.657477812776776,0.0,0.0,0.0,0.0,1.0,1.0
18,155,10.919032839641474,0.0981032225252071,0.0,1.0,0.0,0.0,0.0,1.0
19,155,1.3332156768193413,5.253099087528428,0.0,1.0,0.0,0.0,1.0,0.0
0,160,2.7565744292794943,0.0476139051173733,0.0,0.0,1.0,1.0,1.0,0.0
1,160,5.643439573045075,10.463651773028776,0.0,0.0,1.0,0.0,0.0,0.0
2,160,5.693576785717002,6.717840241675038,1.0,0.0,0.0,1.0,1.0,1.0
3,160,8.981849360008768,3.68414267010706,0.0,0.0,0.0,0.0,1.0,1.0
4,160,4.163217147784773,7.63698617061288,1.0,0.0,1.0,0.0,1.0,1.0
5,160,2.5661355416936207,7.654135591373627,0.0,1.0,0.0,0.0,0.0,0.0
6,160,8.387280551686125,7.094803530316054,0.0,1.0,0.0,1.0,1.0,0.0
7,160,0.7294569561402051,5.351084829650945,0.0,1.0,0.0,1.0,0.0,0.0
8,160,7.099592140467461,8.61177375655951,0.0,0.0,0.0,1.0,0.0,0.0
9,160,3.4171380902872306,3.688250431616457,1.0,0.0,1.0,0.0,0.0,1.0
10,160,8.581310395350835,7.756133736439027,1.0,0.0,0.0,0.0,1.0,1.0
11,160,12.0,4.419289831241697,1.0,0.0,1.0,0.0,0.0,1.0
12,160,7.116319209087785,12.0,0.0,0.0,1.0,1.0,0.0,0.0
13,160,3.0243107416390207,0.0,0.0,0.0,1.0,0.0,0.0,0.0
14,160,11.844723194787647,7.705865496782658,1.0,1.0,1.0,0.0,0.0,1.0
15,160,8.57476649219323,4.162972503942579,0.0,0.0,0.0,1.0,1.0,0.0
16,160,6.032005369482159,4.580338802575569,0.0,0.0,0.0,0.0,1.0,1.0
17,160,6.184192787474087,7.683376939904207,0.0,0.0,0.0,0.0,1.0,1.0
18,160,11.154936390310144,0.1178723649874943,0.0,1.0,0.0,0.0,0.0,1.0
19,160,1.3462571908359486,5.15598449246172,0.0,1.0,0.0,0.0,1.0,0.0
0,165,2.6958381899368744,0.0582064583117869,0.0,0.0,1.0,1.0,1.0,0.0
1,165,5.6164799763479945,10.452127410071451,0.0,0.0,1.0,0.0,0.0,0.0
2,165,5.597998585070505,6.653620579936788,1.0,0.0,0.0,1.0,1.0,1.0
3,165,8.94561903830404,3.566854763962342,0.0,0.0,0.0,0.0,1.0,1.0
4,165,4.162879670693552,7.724196389320122,1.0,0.0,1.0,0.0,1.0,1.0
5,165,2.564044740779754,7.65221678886737,0.0,1.0,0.0,0.0,0.0,0.0
6,165,8.356243268765798,7.222704168147469,0.0,1.0,0.0,1.0,1.0,0.0
7,165,0.6865879352170392,5.468175269399984,0.0,1.0,0.0,1.0,0.0,0.0
8,165,6.997062573720298,8.557119698862971,0.0,0.0,0.0,1.0,0.0,0.0
9,165,3.451807681674198,3.709254775088041,1.0,0.0,1.0,0.0,0.0,1.0
10,165,8.551668211326257,7.8097524660700115,1.0,0.0,0.0,0.0,1.0,1.0
11,165,12.0,4.379643757490529,1.0,0.0,1.0,0.0,0.0,1.0
12,165,7.149183395395461,12.0,0.0,0.0,1.0,1.0,0.0,0.0
13,165,3.045368263703615,0.0,0.0,0.0,1.0,0.0,0.0,0.0
14,165,11.84412111404806,7.704242257653274,1.0,1.0,1.0,0.0,0.0,1.0
15,165,8.800018671334625,4.136640708254507,0.0,0.0,0.0,1.0,1.0,0.0
16,165,5.997573958706519,4.598392455521657,0.0,0.0,0.0,0.0,1.0,1.0
17,165,6.174092795342265,7.708747095464711,0.0,0.0,0.0,0.0,1.0,1.0
18,165,11.377324040270182,0.1375842718916177,0.0,1.0,0.0,0.0,0.0,1.0
19,165,1.3603145824575236,5.061475159693763,0.0,1.0,0.0,0.0,1.0,0.0
0,170,2.660318314647251,0.0642118081551023,0.0,0.0,1.0,1.0,1.0,0.0
1,170,5.596770400239015,10.4437054922985,0.0,0.0,1.0,0.0,0.0,0.0
2,170,5.492236873636989,6.579718971792802,1.0,0.0,0.0,1.0,1.0,1.0
3,170,8.909983223042955,3.4561386849228315,0.0,0.0,0.0,0.0,1.0,1.0
4,170,4.160146172121232,7.814528200440656,1.0,0.0,1.0,0.0,1.0,1.0
5,170,2.572519396325473,7.659485998047397,0.0,1.0,0.0,0.0,0.0,0.0
6,170,8.325538557351535,7.348490755425063,0.0,1.0,0.0,1.0,1.0,0.0
7,170,0.6471986213498543,5.581411871279516,0.0,1.0,0.0,1.0,0.0,0.0
8,170,6.897826347342571,8.50611963672948,0.0,0.0,0.0,1.0,0.0,0.0
9,170,3.464840617198506,3.717277212056053,1.0,0.0,1.0,0.0,0.0,1.0
10,170,8.523924722524546,7.860074054063703,1.0,0.0,0.0,0.0,1.0,1.0
11,170,12.0,4.337940810829719,1.0,0.0,1.0,0.0,0.0,1.0
12,170,7.184618781739935,12.0,0.0,0.0,1.0,1.0,0.0,0.0
13,170,3.0693921644927107,0.0,0.0,0.0,1.0,0.0,0.0,0.0
14,170,11.840667654501257,7.694771164680974,1.0,1.0,1.0,0.0,0.0,1.0
15,170,9.030018765741318,4.102998041005174,0.0,0.0,0.0,1.0,1.0,0.0
16,170,5.972974220391475,4.610604213554958,0.0,0.0,0.0,0.0,1.0,1.0
17,170,6.1651870208702,7.731267801841271,0.0,0.0,0.0,0.0,1.0,1.0
18,170,11.597641427049536,0.1596526140510643,0.0,1.0,0.0,0.0,0.0,1.0
19,170,1.3749409112551108,4.964753872297963,0.0,1.0,0.0,0.0,1.0,0.0
0,175,2.619040646794247,0.0704648111237222,0.0,0.0,1.0,1.0,1.0,0.0
1,175,5.564213765343212,10.429898659804532,0.0,0.0,1.0,0.0,0.0,0.0
2,175,5.393884868466286,6.508721072858233,1.0,0.0,0.0,1.0,1.0,1.0
3,175,8.870297075413019,3.3387099534910334,0.0,0.0,0.0,0.0,1.0,1.0
4,175,4.154718144567707,7.918564713012816,1.0,0.0,1.0,0.0,1.0,1.0
5,175,2.580090938595686,7.665790248287602,0.0,1.0,0.0,0.0,0.0,0.0
6,175,8.29825560916943,7.461502648016688,0.0,1.0,0.0,1.0,1.0,0.0
7,175,0.6099756168224119,5.685199234015806,0.0,1.0,0.0,1.0,0.0,0.0
8,175,6.790775649474658,8.450650091577417,0.0,0.0,0.0,1.0,0.0,0.0
9,175,3.4797440993438844,3.726366530870724,1.0,0.0,1.0,0.0,0.0,1.0
10,175,8.497886480336538,7.9066705397482355,1.0,0.0,0.0,0.0,1.0,1.0
11,175,12.0,4.291346403666667,1.0,0.0,1.0,0.0,0.0,1.0
12,175,7.210825344721048,12.0,0.0,0.0,1.0,1.0,0.0,0.0
13,175,3.092363493852246,0.0,0.0,0.0,1.0,0.0,0.0,0.0
14,175,11.84016332775545,7.693313814634333,1.0,1.0,1.0,0.0,0.0,1.0
15,175,9.2679512981464,4.067826098562425,0.0,0.0,0.0,1.0,1.0,0.0
16,175,5.9355479857525575,4.628316889824177,0.0,0.0,0.0,0.0,1.0,1.0
17,175,6.155101174998294,7.75750104459225,0.0,0.0,0.0,0.0,1.0,1.0
18,175,11.831269131864808,0.1835863077534755,0.0,1.0,0.0,0.0,0.0,1.0
19,175,1.3899128801317997,4.877027205902785,0.0,1.0,0.0,0.0,1.0,0.0
0,180,2.588988466460701,0.0750118732325581,0.0,0.0,1.0,1.0,1.0,0.0
1,180,5.5236941485415,10.412127648039402,0.0,0.0,1.0,0.0,0.0,0.0
2,180,5.295466261801753,6.43837797201744,1.0,0.0,0.0,1.0,1.0,1.0
3,180,8.843050896280173,3.2536405243187225,0.0,0.0,0.0,0.0,1.0,1.0
4,180,4.145231275770858,8.029112942953702,1.0,0.0,1.0,0.0,1.0,1.0
5,180,2.6074536188223103,7.689631854698401,0.0,1.0,0.0,0.0,0.0,0.0
6,180,8.27136987882899,7.592454044929223,0.0,1.0,0.0,1.0,1.0,0.0
7,180,0.5717447987477149,5.795873882917594,0.0,1.0,0.0,1.0,0.0,0.0
8,180,6.672065518517952,8.386990381489358,0.0,0.0,0.0,1.0,0.0,0.0
9,180,3.5055061927390603,3.742123364213489,1.0,0.0,1.0,0.0,0.0,1.0
10,180,8.481772101582605,7.9362918582015745,1.0,0.0,0.0,0.0,1.0,1.0
11,180,12.0,4.241748473865346,1.0,0.0,1.0,0.0,0.0,1.0
12,180,7.229923613238955,12.0,0.0,0.0,1.0,1.0,0.0,0.0
13,180,3.112962582737808,0.0,0.0,0.0,1.0,0.0,0.0,0.0
14,180,11.838706340422457,7.689449326316264,1.0,1.0,1.0,0.0,0.0,1.0
15,180,9.503629163374164,4.030994326026472,0.0,0.0,0.0,1.0,1.0,0.0
16,180,5.89254317912799,4.650116821193484,0.0,0.0,0.0,0.0,1.0,1.0
17,180,6.150112181429462,7.772508198718466,0.0,0.0,0.0,0.0,1.0,1.0
18,180,12.0,0.2107945561036273,0.0,1.0,0.0,0.0,0.0,1.0
19,180,1.4083305206843495,4.766049890152921,0.0,1.0,0.0,0.0,1.0,0.0
0,185,2.5658533084283213,0.0783714161374071,0.0,0.0,1.0,1.0,1.0,0.0
1,185,5.500234440146404,10.401531804540888,0.0,0.0,1.0,0.0,0.0,0.0
2,185,5.20370029444391,6.369953884021314,1.0,0.0,0.0,1.0,1.0,1.0
3,185,8.814251755524152,3.162665370981622,0.0,0.0,0.0,0.0,1.0,1.0
4,185,4.135899842030208,8.140908399892071,1.0,0.0,1.0,0.0,1.0,1.0
5,185,2.6329749315023063,7.711559786051681,0.0,1.0,0.0,0.0,0.0,0.0
6,185,8.245039011707448,7.727441239855596,0.0,1.0,0.0,1.0,1.0,0.0
7,185,0.5363417892658222,5.900470491742235,0.0,1.0,0.0,1.0,0.0,0.0
8,185,6.554951966407053,8.3260015142674,0.0,0.0,0.0,1.0,0.0,0.0
9,185,3.5332512953712047,3.759083748798328,1.0,0.0,1.0,0.0,0.0,1.0
10,185,8.447112539147263,8.001675891196934,1.0,0.0,0.0,0.0,1.0,1.0
11,185,12.0,4.1951573871366366,1.0,0.0,1.0,0.0,0.0,1.0
12,185,7.249900098283183,12.0,0.0,0.0,1.0,1.0,0.0,0.0
13,185,3.132676299011768,0.0,0.0,0.0,1.0,0.0,0.0,0.0
14,185,11.839227558671322,7.690820379533325,1.0,1.0,1.0,0.0,0.0,1.0
15,185,9.741408906053312,3.987272805705421,0.0,0.0,0.0,1.0,1.0,0.0
16,185,5.85222024872944,4.67148832644319,0.0,0.0,0.0,0.0,1.0,1.0
17,185,6.137641210104824,7.807310784700589,0.0,0.0,0.0,0.0,1.0,1.0
18,185,12.0,0.2346736178231596,0.0,1.0,0.0,0.0,0.0,1.0
19,185,1.426301845368671,4.67362183634339,0.0,1.0,0.0,0.0,1.0,0.0
0,190,2.539148203765229,0.0822494700237197,0.0,0.0,1.0,1.0,1.0,0.0
1,190,5.454473460644999,10.3816095084036,0.0,0.0,1.0,0.0,0.0,0.0
2,190,5.111994992153035,6.301597317487059,1.0,0.0,0.0,1.0,1.0,1.0
3,190,8.784224326286315,3.0632093625666665,0.0,0.0,0.0,0.0,1.0,1.0
4,190,4.123865773557728,8.285527059761591,1.0,0.0,1.0,0.0,1.0,1.0
5,190,2.652454929705715,7.7284731719308,0.0,1.0,0.0,0.0,0.0,0.0
6,190,8.215409307102966,7.873443104119758,0.0,1.0,0.0,1.0,1.0,0.0
7,190,0.5027671941723103,5.997214293022674,0.0,1.0,0.0,1.0,0.0,0.0
8,190,6.446335171324604,8.267118413478974,0.0,0.0,0.0,1.0,0.0,0.0
9,190,3.5573845097875294,3.7737864646451977,1.0,0.0,1.0,0.0,0.0,1.0
10,190,8.420290176459739,8.056805547316378,1.0,0.0,0.0,0.0,1.0,1.0
11,190,12.0,4.154114921910614,1.0,0.0,1.0,0.0,0.0,1.0
12,190,7.26636976726165,12.0,0.0,0.0,1.0,1.0,0.0,0.0
13,190,3.1555246980528784,0.0,0.0,0.0,1.0,0.0,0.0,0.0
14,190,11.840578751745232,7.6945120131426625,1.0,1.0,1.0,0.0,0.0,1.0
15,190,9.98140738422462,3.946459481269568,0.0,0.0,0.0,1.0,1.0,0.0
16,190,5.828336294908788,4.684385424661367,0.0,0.0,0.0,0.0,1.0,1.0
17,190,6.12383431190308,7.847045056922353,0.0,0.0,0.0,0.0,1.0,1.0
18,190,12.0,0.2525289688579717,0.0,1.0,0.0,0.0,0.0,1.0
19,190,1.4510344550059064,4.54530154752597,0.0,1.0,0.0,0.0,1.0,0.0
0,195,2.536417559827716,0.0826645150776803,0.0,0.0,1.0,1.0,1.0,0.0
1,195,5.399706403423556,10.356253318309216,0.0,0.0,1.0,0.0,0.0,0.0
2,195,5.030372935998356,6.238253377208803,1.0,0.0,0.0,1.0,1.0,1.0
3,195,8.754588464876534,2.959674791310904,0.0,0.0,0.0,0.0,1.0,1.0
4,195,4.112174762975026,8.425275669544307,1.0,0.0,1.0,0.0,1.0,1.0
5,195,2.677434170828535,7.750129170709369,0.0,1.0,0.0,0.0,0.0,0.0
6,195,8.18482251697536,8.018434445341489,0.0,1.0,0.0,1.0,1.0,0.0
7,195,0.4636059394568621,6.100749913484584,0.0,1.0,0.0,1.0,0.0,0.0
8,195,6.337979952805081,8.213177963159431,0.0,0.0,0.0,1.0,0.0,0.0
9,195,3.5907049401444726,3.794383093701945,1.0,0.0,1.0,0.0,0.0,1.0
10,195,8.389578319533092,8.118196213811617,1.0,0.0,0.0,0.0,1.0,1.0
11,195,12.0,4.115355722803612,1.0,0.0,1.0,0.0,0.0,1.0
12,195,7.28806896458206,12.0,0.0,0.0,1.0,1.0,0.0,0.0
13,195,3.178488509010962,0.0,0.0,0.0,1.0,0.0,0.0,0.0
14,195,11.844106135916004,7.704099510227635,1.0,1.0,1.0,0.0,0.0,1.0
15,195,10.249276025219922,3.8981097830180262,0.0,0.0,0.0,1.0,1.0,0.0
16,195,5.79850171838264,4.7003500201135004,0.0,0.0,0.0,0.0,1.0,1.0
17,195,6.107531361737832,7.892334539438396,0.0,0.0,0.0,0.0,1.0,1.0
18,195,11.984534039825592,0.4871094802598468,0.0,1.0,0.0,0.0,0.0,1.0
19,195,1.4700757228620187,4.432447186574716,0.0,1.0,0.0,0.0,1.0,0.0
0,200,2.5438591512633355,0.0817167165231381,0.0,0.0,1.0,1.0,1.0,0.0
1,200,5.345432559662793,10.332734988916824,0.0,0.0,1.0,0.0,0.0,0.0
2,200,4.972072212697139,6.194272272520167,1.0,0.0,0.0,1.0,1.0,1.0
3,200,8.723002274825063,2.851256369002786,0.0,0.0,0.0,0.0,1.0,1.0
4,200,4.098967530196548,8.567610729064,1.0,0.0,1.0,0.0,1.0,1.0
5,200,2.69400865904782,7.763493818598525,0.0,1.0,0.0,0.0,0.0,0.0
6,200,8.15479907596891,8.173774346108951,0.0,1.0,0.0,1.0,1.0,0.0
7,200,0.4202900464307493,6.218879676813285,0.0,1.0,0.0,1.0,0.0,0.0
8,200,6.213040361417227,8.150021867895456,0.0,0.0,0.0,1.0,0.0,0.0
9,200,3.636965578461429,3.821486702827897,1.0,0.0,1.0,0.0,0.0,1.0
10,200,8.342701084637964,8.208471100571042,1.0,0.0,0.0,0.0,1.0,1.0
11,200,12.0,4.07449129409204,1.0,0.0,1.0,0.0,0.0,1.0
12,200,7.311488585567962,12.0,0.0,0.0,1.0,1.0,0.0,0.0
13,200,3.20032975448026,0.0,0.0,0.0,1.0,0.0,0.0,0.0
14,200,11.846860104165422,7.711498227824065,1.0,1.0,1.0,0.0,0.0,1.0
15,200,10.541927343623298,3.843426324839076,0.0,0.0,0.0,1.0,1.0,0.0
16,200,5.76897001548059,4.7168051538660425,0.0,0.0,0.0,0.0,1.0,1.0
17,200,6.091419569027654,7.935212578500693,0.0,0.0,0.0,0.0,1.0,1.0
18,200,11.964877498969456,0.7339853424298202,0.0,1.0,0.0,0.0,0.0,1.0
19,200,1.4931226559694928,4.308864409973146,0.0,1.0,0.0,0.0,1.0,0.0
0,205,2.5377309361925766,0.0823457180813777,0.0,0.0,1.0,1.0,1.0,0.0
1,205,5.29890374682162,10.312095390553976,0.0,0.0,1.0,0.0,0.0,0.0
2,205,4.9238798304700735,6.157825820465782,1.0,0.0,0.0,1.0,1.0,1.0
3,205,8.697297608508627,2.765715805789598,0.0,0.0,0.0,0.0,1.0,1.0
4,205,4.088661357054655,8.701121306695095,1.0,0.0,1.0,0.0,1.0,1.0
5,205,2.714607700084899,7.780258964064138,0.0,1.0,0.0,0.0,0.0,0.0
6,205,8.122763160407795,8.334111760703738,0.0,1.0,0.0,1.0,1.0,0.0
7,205,0.3808912167737129,6.327504128085435,0.0,1.0,0.0,1.0,0.0,0.0
8,205,6.0776153934420565,8.077889619376256,0.0,0.0,0.0,1.0,0.0,0.0
9,205,3.676058572931438,3.8445247498539032,1.0,0.0,1.0,0.0,0.0,1.0
10,205,8.288124003289877,8.309239237674328,1.0,0.0,0.0,0.0,1.0,1.0
11,205,12.0,4.041325828583913,1.0,0.0,1.0,0.0,0.0,1.0
12,205,7.339706392596866,12.0,0.0,0.0,1.0,1.0,0.0,0.0
13,205,3.216053199930596,0.0,0.0,0.0,1.0,0.0,0.0,0.0
14,205,11.853612326125733,7.729793061381354,1.0,1.0,1.0,0.0,0.0,1.0
15,205,10.841925471843425,3.795323918893493,0.0,0.0,0.0,1.0,1.0,0.0
16,205,5.732977111342105,4.736600499831554,0.0,0.0,0.0,0.0,1.0,1.0
17,205,6.076565129307975,7.977315288227282,0.0,0.0,0.0,0.0,1.0,1.0
18,205,11.94408913640566,0.9839029114888314,0.0,1.0,0.0,0.0,0.0,1.0
19,205,1.51017045191825,4.200387892862284,0.0,1.0,0.0,0.0,1.0,0.0
0,210,2.533277398160953,0.0828818227781465,0.0,0.0,1.0,1.0,1.0,0.0
1,210,5.227032443304683,10.281644334697894,0.0,0.0,1.0,0.0,0.0,0.0
2,210,4.8690908374343325,6.115495012105563,1.0,0.0,0.0,1.0,1.0,1.0
3,210,8.67427599878125,2.688947413929011,0.0,0.0,0.0,0.0,1.0,1.0
4,210,4.077055858455462,8.839879537928176,1.0,0.0,1.0,0.0,1.0,1.0
5,210,2.7405911958175886,7.801934127091989,0.0,1.0,0.0,0.0,0.0,0.0
6,210,8.084808056505384,8.501994096303212,0.0,1.0,0.0,1.0,1.0,0.0
7,210,0.3444110683329904,6.431470943879226,0.0,1.0,0.0,1.0,0.0,0.0
8,210,5.957484276079241,8.011617311653742,0.0,0.0,0.0,1.0,0.0,0.0
9,210,3.73338648707787,3.876286364704519,1.0,0.0,1.0,0.0,0.0,1.0
10,210,8.237227809106068,8.409195380129326,1.0,0.0,0.0,0.0,1.0,1.0
11,210,12.0,4.009271656523254,1.0,0.0,1.0,0.0,0.0,1.0
12,210,7.362922754823769,12.0,0.0,0.0,1.0,1.0,0.0,0.0
13,210,3.085561772962672,0.0,0.0,0.0,1.0,0.0,0.0,0.0
14,210,11.861874747035632,7.752827221980318,1.0,1.0,1.0,0.0,0.0,1.0
15,210,11.142779901621664,3.748520414889385,0.0,0.0,0.0,1.0,1.0,0.0
16,210,5.709653457129203,4.74928489915215,0.0,0.0,0.0,0.0,1.0,1.0
17,210,6.0652630146429765,8.007095826024928,0.0,0.0,0.0,0.0,1.0,1.0
18,210,11.923611981059189,1.2288654284815912,0.0,1.0,0.0,0.0,0.0,1.0
19,210,1.5274063409314178,4.083259637622709,0.0,1.0,0.0,0.0,1.0,0.0
0,215,2.540751515348104,0.0819020381604941,0.0,0.0,1.0,1.0,1.0,0.0
1,215,5.15329371044315,10.252503158621016,0.0,0.0,1.0,0.0,0.0,0.0
2,215,4.824548591133873,6.080809203133268,1.0,0.0,0.0,1.0,1.0,1.0
3,215,8.651046089992631,2.6078066282600445,0.0,0.0,0.0,0.0,1.0,1.0
4,215,4.063961373445737,8.984689437899377,1.0,0.0,1.0,0.0,1.0,1.0
5,215,2.75076042927834,7.810024473097486,0.0,1.0,0.0,0.0,0.0,0.0
6,215,8.039645778692273,8.675560182737978,0.0,1.0,0.0,1.0,1.0,0.0
7,215,0.3059614636609102,6.536174339092577,0.0,1.0,0.0,1.0,0.0,0.0
8,215,5.846663869234352,7.950064151606761,0.0,0.0,0.0,1.0,0.0,0.0
9,215,3.804708593246079,3.9147621430077937,1.0,0.0,1.0,0.0,0.0,1.0
10,215,8.186400736252665,8.508263212496104,1.0,0.0,0.0,0.0,1.0,1.0
11,215,12.0,3.979864858100012,1.0,0.0,1.0,0.0,0.0,1.0
12,215,7.386691794675718,12.0,0.0,0.0,1.0,1.0,0.0,0.0
13,215,2.9625220912204133,0.0,0.0,0.0,1.0,0.0,0.0,0.0
14,215,11.871230471168298,7.780100317390569,1.0,1.0,1.0,0.0,0.0,1.0
15,215,11.46660763513104,3.701373095489181,0.0,0.0,0.0,1.0,1.0,0.0
16,215,5.681956365961224,4.765313216454784,0.0,0.0,0.0,0.0,1.0,1.0
17,215,6.052522351954169,8.039784990944705,0.0,0.0,0.0,0.0,1.0,1.0
18,215,11.912312778313398,1.4837270729705967,0.0,1.0,0.0,0.0,0.0,1.0
19,215,1.5407668010731186,3.989207472134968,0.0,1.0,0.0,0.0,1.0,0.0
0,220,2.5490279801939457,0.0805368514778293,0.0,0.0,1.0,1.0,1.0,0.0
1,220,5.084988500139392,10.226882346332497,0.0,0.0,1.0,0.0,0.0,0.0
2,220,4.782307486102515,6.049546153628107,1.0,0.0,0.0,1.0,1.0,1.0
3,220,8.623570790346097,2.5121640616266125,0.0,0.0,0.0,0.0,1.0,1.0
4,220,4.052661343638407,9.13043307305902,1.0,0.0,1.0,0.0,1.0,1.0
5,220,2.776202848481901,7.830900531365093,0.0,1.0,0.0,0.0,0.0,0.0
6,220,7.997028346740524,8.843395012133543,0.0,1.0,0.0,1.0,1.0,0.0
7,220,0.2676417685307686,6.640348260517296,0.0,1.0,0.0,1.0,0.0,0.0
8,220,5.716637814500308,7.881193594621743,0.0,0.0,0.0,1.0,0.0,0.0
9,220,3.8603528173289816,3.94569783425657,1.0,0.0,1.0,0.0,0.0,1.0
10,220,8.140054344461408,8.601544276438748,1.0,0.0,0.0,0.0,1.0,1.0
11,220,12.0,3.945053717488082,1.0,0.0,1.0,0.0,0.0,1.0
12,220,7.413156057193508,12.0,0.0,0.0,1.0,1.0,0.0,0.0
13,220,2.842604704984498,0.0,0.0,0.0,1.0,0.0,0.0,0.0
14,220,11.885802258947033,7.823345231529497,1.0,1.0,1.0,0.0,0.0,1.0
15,220,11.786542393571043,3.6576133420774335,0.0,0.0,0.0,1.0,1.0,0.0
16,220,5.666151955545834,4.774187606859907,0.0,0.0,0.0,0.0,1.0,1.0
17,220,6.046978468330471,8.053591739076767,0.0,0.0,0.0,0.0,1.0,1.0
18,220,11.901999259233108,1.7226208271159416,0.0,1.0,0.0,0.0,0.0,1.0
19,220,1.5588272121076985,3.878884967615361,0.0,1.0,0.0,0.0,1.0,0.0
0,225,2.562391239138998,0.0782505808099005,0.0,0.0,1.0,1.0,1.0,0.0
1,225,5.027190469004149,10.207620534240064,0.0,0.0,1.0,0.0,0.0,0.0
2,225,4.73577181797046,6.016829833843652,1.0,0.0,0.0,1.0,1.0,1.0
3,225,8.591606657123991,2.4102354228951177,0.0,0.0,0.0,0.0,1.0,1.0
4,225,4.039048014765604,9.29395850601627,1.0,0.0,1.0,0.0,1.0,1.0
5,225,2.803307717583888,7.853484855460166,0.0,1.0,0.0,0.0,0.0,0.0
6,225,7.960120711129574,8.9985497335923,0.0,1.0,0.0,1.0,1.0,0.0
7,225,0.2343096698027023,6.742455723222784,0.0,1.0,0.0,1.0,0.0,0.0
8,225,5.593343665691383,7.814629293420008,0.0,0.0,0.0,1.0,0.0,0.0
9,225,3.921973141520566,3.979315327045669,1.0,0.0,1.0,0.0,0.0,1.0
10,225,8.089230618205073,8.705872297197574,1.0,0.0,0.0,0.0,1.0,1.0
11,225,12.0,3.907675818021756,1.0,0.0,1.0,0.0,0.0,1.0
12,225,7.431134025903114,12.0,0.0,0.0,1.0,1.0,0.0,0.0
13,225,2.713815424781349,0.0,0.0,0.0,1.0,0.0,0.0,0.0
14,225,11.89680901139908,7.8597075920618895,1.0,1.0,1.0,0.0,0.0,1.0
15,225,12.0,3.613802118001165,0.0,0.0,0.0,1.0,1.0,0.0
16,225,5.628426159820201,4.795610185269795,0.0,0.0,0.0,0.0,1.0,1.0
17,225,6.04228691540844,8.066133013557225,0.0,0.0,0.0,0.0,1.0,1.0
18,225,11.895298033650112,1.960371340124692,0.0,1.0,0.0,0.0,0.0,1.0
19,225,1.5779307697562917,3.779449137608661,0.0,1.0,0.0,0.0,1.0,0.0
0,230,2.565957530966959,0.0777480418263764,0.0,0.0,1.0,1.0,1.0,0.0
1,230,4.957743618216417,10.18257481644362,0.0,0.0,1.0,0.0,0.0,0.0
2,230,4.681028903444197,5.980030734640336,1.0,0.0,0.0,1.0,1.0,1.0
3,230,8.562841744235381,2.313777089550147,0.0,0.0,0.0,0.0,1.0,1.0
4,230,4.026742225827479,9.469851173896531,1.0,0.0,1.0,0.0,1.0,1.0
5,230,2.784996692304179,7.87761112139786,0.0,1.0,0.0,0.0,0.0,0.0
6,230,7.921401683751765,9.140824157266447,0.0,1.0,0.0,1.0,1.0,0.0
7,230,0.2100530462233606,6.821581036207082,0.0,1.0,0.0,1.0,0.0,0.0
8,230,5.447132819753225,7.73579609319543,0.0,0.0,0.0,1.0,0.0,0.0
9,230,3.981883918835353,4.014659671143688,1.0,0.0,1.0,0.0,0.0,1.0
10,230,8.04169753790666,8.80543940324057,1.0,0.0,0.0,0.0,1.0,1.0
11,230,12.0,3.8697026148962617,1.0,0.0,1.0,0.0,0.0,1.0
12,230,7.446261024966218,12.0,0.0,0.0,1.0,1.0,0.0,0.0
13,230,2.6039097343181887,0.0,0.0,0.0,1.0,0.0,0.0,0.0
14,230,11.91357315102034,7.915389632745257,1.0,1.0,1.0,0.0,0.0,1.0
15,230,12.0,3.568359518351446,0.0,0.0,0.0,1.0,1.0,0.0
16,230,5.58543641170613,4.819869731260452,0.0,0.0,0.0,0.0,1.0,1.0
17,230,6.039944987007001,8.072318444791692,0.0,0.0,0.0,0.0,1.0,1.0
18,230,11.894311725538898,2.188905547138683,0.0,1.0,0.0,0.0,0.0,1.0
19,230,1.5940570387439734,3.6981579007721215,0.0,1.0,0.0,0.0,1.0,0.0
0,235,2.5761223435720577,0.0764390156822711,0.0,0.0,1.0,1.0,1.0,0.0
1,235,4.911172224225847,10.165379152195031,0.0,0.0,1.0,0.0,0.0,0.0
2,235,4.644748370818345,5.955934232844058,1.0,0.0,0.0,1.0,1.0,1.0
3,235,8.525987145968143,2.191853230064202,0.0,0.0,0.0,0.0,1.0,1.0
4,235,4.014582543272471,9.645889087179867,1.0,0.0,1.0,0.0,1.0,1.0
5,235,2.769226120484181,7.897381033577752,0.0,1.0,0.0,0.0,0.0,0.0
6,235,7.883325848372008,9.290039925494176,0.0,1.0,0.0,1.0,1.0,0.0
7,235,0.1891561783589898,6.895160744754844,0.0,1.0,0.0,1.0,0.0,0.0
8,235,5.312428729505476,7.663542793578554,0.0,0.0,0.0,1.0,0.0,0.0
9,235,4.03031318913095,4.045249495805808,1.0,0.0,1.0,0.0,0.0,1.0
10,235,7.986087168222009,8.918370682420901,1.0,0.0,0.0,0.0,1.0,1.0
11,235,12.0,3.84045978816365,1.0,0.0,1.0,0.0,0.0,1.0
12,235,7.45964691730051,12.0,0.0,0.0,1.0,1.0,0.0,0.0
13,235,2.4933110103816425,0.0,0.0,0.0,1.0,0.0,0.0,0.0
14,235,11.931665084938196,7.975983708813744,1.0,1.0,1.0,0.0,0.0,1.0
15,235,12.0,3.5231728962809004,0.0,0.0,0.0,1.0,1.0,0.0
16,235,5.559094616405309,4.834988878075872,0.0,0.0,0.0,0.0,1.0,1.0
17,235,6.032410774228104,8.0927948097896,0.0,0.0,0.0,0.0,1.0,1.0
18,235,11.89252804159685,2.4271063089128813,0.0,1.0,0.0,0.0,0.0,1.0
19,235,1.6133395016978884,3.608016918121942,0.0,1.0,0.0,0.0,1.0,0.0
0,240,2.5777585838634915,0.0761714111890496,0.0,0.0,1.0,1.0,1.0,0.0
1,240,4.855599147913684,10.144295809883074,0.0,0.0,1.0,0.0,0.0,0.0
2,240,4.605826983455055,5.930615086113657,1.0,0.0,0.0,1.0,1.0,1.0
3,240,8.480955338674189,2.0600621119668108,0.0,0.0,0.0,0.0,1.0,1.0
4,240,4.003225936131703,9.807254014850631,1.0,0.0,1.0,0.0,1.0,1.0
5,240,2.746711396191268,7.926199596458064,0.0,1.0,0.0,0.0,0.0,0.0
6,240,7.843623696830238,9.45271520185121,0.0,1.0,0.0,1.0,1.0,0.0
7,240,0.1614367714035172,6.98795523619714,0.0,1.0,0.0,1.0,0.0,0.0
8,240,5.176092851940707,7.595082916415623,0.0,0.0,0.0,1.0,0.0,0.0
9,240,4.074588109919214,4.07292875912019,1.0,0.0,1.0,0.0,0.0,1.0
10,240,7.929159176069537,9.031584722743734,1.0,0.0,0.0,0.0,1.0,1.0
11,240,12.0,3.81380725448872,1.0,0.0,1.0,0.0,0.0,1.0
12,240,7.471766359031853,12.0,0.0,0.0,1.0,1.0,0.0,0.0
13,240,2.5048204490531023,0.0,0.0,0.0,1.0,0.0,0.0,0.0
14,240,11.952864735772934,8.047219128058153,1.0,1.0,1.0,0.0,0.0,1.0
15,240,12.0,3.476496775484648,0.0,0.0,0.0,1.0,1.0,0.0
16,240,5.536667472789581,4.847652548794836,0.0,0.0,0.0,0.0,1.0,1.0
17,240,6.029074628876941,8.102530647180341,0.0,0.0,0.0,0.0,1.0,1.0
18,240,11.893448759080275,2.687332613133013,0.0,1.0,0.0,0.0,0.0,1.0
19,240,1.6315607485174253,3.5182493421846672,0.0,1.0,0.0,0.0,1.0,0.0
0,245,2.5693730192713025,0.0776947603443811,0.0,0.0,1.0,1.0,1.0,0.0
1,245,4.786684341032279,10.119064861853172,0.0,0.0,1.0,0.0,0.0,0.0
2,245,4.557327122918295,5.8988885354493545,1.0,0.0,0.0,1.0,1.0,1.0
3,245,8.433905413194879,1.941986845635133,0.0,0.0,0.0,0.0,1.0,1.0
4,245,3.9955928812345896,9.963479184314776,1.0,0.0,1.0,0.0,1.0,1.0
5,245,2.7163728168412047,7.964812152077437,0.0,1.0,0.0,0.0,0.0,0.0
6,245,7.810567285455606,9.598599295489027,0.0,1.0,0.0,1.0,1.0,0.0
7,245,0.1219726465111018,7.108320512504532,0.0,1.0,0.0,1.0,0.0,0.0
8,245,5.068743426687034,7.541251985599969,0.0,0.0,0.0,1.0,0.0,0.0
9,245,4.098649554179302,4.088544960889301,1.0,0.0,1.0,0.0,0.0,1.0
10,245,7.874419906963999,9.143361131807763,1.0,0.0,0.0,0.0,1.0,1.0
11,245,12.0,3.7913819204848656,1.0,0.0,1.0,0.0,0.0,1.0
12,245,7.483118949931083,12.0,0.0,0.0,1.0,1.0,0.0,0.0
13,245,2.517331214833727,0.0,0.0,0.0,1.0,0.0,0.0,0.0
14,245,11.972219015052408,8.112967080754409,1.0,1.0,1.0,0.0,0.0,1.0
15,245,12.0,3.4287050256615217,0.0,0.0,0.0,1.0,1.0,0.0
16,245,5.533336053427247,4.849498177604079,0.0,0.0,0.0,0.0,1.0,1.0
17,245,6.018680681146464,8.132689445477348,0.0,0.0,0.0,0.0,1.0,1.0
18,245,11.902491636647303,2.9601980910947034,0.0,1.0,0.0,0.0,0.0,1.0
19,245,1.6514771454009112,3.424728529309605,0.0,1.0,0.0,0.0,1.0,0.0
0,250,2.5595051081873823,0.0795487553918915,0.0,0.0,1.0,1.0,1.0,0.0
1,250,4.722474943111808,10.09505822091168,0.0,0.0,1.0,0.0,0.0,0.0
2,250,4.51605325060084,5.871102524299417,1.0,0.0,0.0,1.0,1.0,1.0
3,250,8.393173187654229,1.837425607295013,0.0,0.0,0.0,0.0,1.0,1.0
4,250,3.986151631268645,10.112054813014677,1.0,0.0,1.0,0.0,1.0,1.0
5,250,2.6906539513163668,7.996406073546852,0.0,1.0,0.0,0.0,0.0,0.0
6,250,7.774274326514192,9.74815916267652,0.0,1.0,0.0,1.0,1.0,0.0
7,250,0.0844120361452067,7.211256158552358,0.0,1.0,0.0,1.0,0.0,0.0
8,250,4.963765235679211,7.487975513930062,0.0,0.0,0.0,1.0,0.0,0.0
9,250,4.1151874061693565,4.098808752209054,1.0,0.0,1.0,0.0,0.0,1.0
10,250,7.819418882701806,9.251469935664767,1.0,0.0,0.0,0.0,1.0,1.0
11,250,12.0,3.76994637811525,1.0,0.0,1.0,0.0,0.0,1.0
12,250,7.491855942114957,12.0,0.0,0.0,1.0,1.0,0.0,0.0
13,250,2.532023860622299,0.0,0.0,0.0,1.0,0.0,0.0,0.0
14,250,11.989822271323462,8.178568922578915,1.0,1.0,1.0,0.0,0.0,1.0
15,250,12.0,3.3763908566225607,0.0,0.0,0.0,1.0,1.0,0.0
16,250,5.522023760800459,4.8554642053160775,0.0,0.0,0.0,0.0,1.0,1.0
17,250,6.0174243131458445,8.136290254572952,0.0,0.0,0.0,0.0,1.0,1.0
18,250,11.910528758273305,3.228070180251935,0.0,1.0,0.0,0.0,0.0,1.0
19,250,1.670573311282167,3.3343398521997365,0.0,1.0,0.0,0.0,1.0,0.0
0,255,2.5475263701445865,0.0813198590740537,0.0,0.0,1.0,1.0,1.0,0.0
1,255,4.650518289291846,10.067810079098225,0.0,0.0,1.0,0.0,0.0,0.0
2,255,4.481102479466236,5.847014376005287,1.0,0.0,0.0,1.0,1.0,1.0
3,255,8.352351154207847,1.7382836036884313,0.0,0.0,0.0,0.0,1.0,1.0
4,255,3.978377847172539,10.26775199651766,1.0,0.0,1.0,0.0,1.0,1.0
5,255,2.6721742942891717,8.020069762935298,0.0,1.0,0.0,0.0,0.0,0.0
6,255,7.737953559058205,9.902552140115446,0.0,1.0,0.0,1.0,1.0,0.0
7,255,0.0449784990859733,7.3097064114462755,0.0,1.0,0.0,1.0,0.0,0.0
8,255,4.864483484444632,7.436156339340263,0.0,0.0,0.0,1.0,0.0,0.0
9,255,4.133160664811388,4.110596600625202,1.0,0.0,1.0,0.0,0.0,1.0
10,255,7.77101102373743,9.34417295261604,1.0,0.0,0.0,0.0,1.0,1.0
11,255,12.0,3.747000797440749,1.0,0.0,1.0,0.0,0.0,1.0
12,255,7.504648267862273,12.0,0.0,0.0,1.0,1.0,0.0,0.0
13,255,2.552747798395444,0.0,0.0,0.0,1.0,0.0,0.0,0.0
14,255,12.0,8.243487616703291,1.0,1.0,1.0,0.0,0.0,1.0
15,255,12.0,3.328078299480903,0.0,0.0,0.0,1.0,1.0,0.0
16,255,5.509604138325996,4.862177907570075,0.0,0.0,0.0,0.0,1.0,1.0
17,255,6.018590692403907,8.13281228572959,0.0,0.0,0.0,0.0,1.0,1.0
18,255,11.919230878261825,3.4798844705258984,0.0,1.0,0.0,0.0,0.0,1.0
19,255,1.6865113972054604,3.2528300302600184,0.0,1.0,0.0,0.0,1.0,0.0
0,260,2.51256721250459,0.0864707713229814,0.0,0.0,1.0,1.0,1.0,0.0
1,260,4.584107486789766,10.042456207127938,0.0,0.0,1.0,0.0,0.0,0.0
2,260,4.442362929944423,5.819714663023866,1.0,0.0,0.0,1.0,1.0,1.0
3,260,8.3167780038272,1.6505782387080274,0.0,0.0,0.0,0.0,1.0,1.0
4,260,3.971024112915436,10.420323116706747,1.0,0.0,1.0,0.0,1.0,1.0
5,260,2.657694449785158,8.038366562079327,0.0,1.0,0.0,0.0,0.0,0.0
6,260,7.702336597011257,10.057952407724912,0.0,1.0,0.0,1.0,1.0,0.0
7,260,0.0069519844541318,7.409137950274232,0.0,1.0,0.0,1.0,0.0,0.0
8,260,4.767555004909728,7.386159511560909,0.0,0.0,0.0,1.0,0.0,0.0
9,260,4.151258462913046,4.122602931697749,1.0,0.0,1.0,0.0,0.0,1.0
10,260,7.717079067379223,9.44370099541526,1.0,0.0,0.0,0.0,1.0,1.0
11,260,12.0,3.724764356354534,1.0,0.0,1.0,0.0,0.0,1.0
12,260,7.510902677356352,12.0,0.0,0.0,1.0,1.0,0.0,0.0
13,260,2.572960293136164,0.0,0.0,0.0,1.0,0.0,0.0,0.0
14,260,12.0,8.332280124506342,1.0,1.0,1.0,0.0,0.0,1.0
15,260,12.0,3.2849752598422706,0.0,0.0,0.0,1.0,1.0,0.0
16,260,5.48071872278531,4.8765971170584175,0.0,0.0,0.0,0.0,1.0,1.0
17,260,6.022254295479971,8.12321212620386,0.0,0.0,0.0,0.0,1.0,1.0
18,260,11.925955066399684,3.748771737004572,0.0,1.0,0.0,0.0,0.0,1.0
19,260,1.7020757959154205,3.1621727954005743,0.0,1.0,0.0,0.0,1.0,0.0
0,265,2.4659361277778835,0.0937972220031683,0.0,0.0,1.0,1.0,1.0,0.0
1,265,4.51975444314364,10.017803740015845,0.0,0.0,1.0,0.0,0.0,0.0
2,265,4.402759921611369,5.792271032917902,1.0,0.0,0.0,1.0,1.0,1.0
3,265,8.280774988840536,1.5654476471946464,0.0,0.0,0.0,0.0,1.0,1.0
4,265,3.967721664729978,10.573079852556353,1.0,0.0,1.0,0.0,1.0,1.0
5,265,2.645255644611761,8.054906135807341,0.0,1.0,0.0,0.0,0.0,0.0
6,265,7.6614102985268335,10.224875243840042,0.0,1.0,0.0,1.0,1.0,0.0
7,265,0.0,7.53282815014319,0.0,1.0,0.0,1.0,0.0,0.0
8,265,4.67338562237224,7.334332418619026,0.0,0.0,0.0,1.0,0.0,0.0
9,265,4.16610323047599,4.132494913561216,1.0,0.0,1.0,0.0,0.0,1.0
10,265,7.658326729472967,9.557708179168255,1.0,0.0,0.0,0.0,1.0,1.0
11,265,12.0,3.700008313552252,1.0,0.0,1.0,0.0,0.0,1.0
12,265,7.5193147811403955,12.0,0.0,0.0,1.0,1.0,0.0,0.0
13,265,2.592601519284812,0.0,0.0,0.0,1.0,0.0,0.0,0.0
14,265,12.0,8.418428287328512,1.0,1.0,1.0,0.0,0.0,1.0
15,265,12.0,3.239748891471661,0.0,0.0,0.0,1.0,1.0,0.0
16,265,5.452138746728807,4.890963925569183,0.0,0.0,0.0,0.0,1.0,1.0
17,265,6.020466808714524,8.127950793865145,0.0,0.0,0.0,0.0,1.0,1.0
18,265,11.929418259353229,4.028378281925139,0.0,1.0,0.0,0.0,0.0,1.0
19,265,1.7157682747431957,3.084525407429829,0.0,1.0,0.0,0.0,1.0,0.0
0,270,2.408814451280153,0.1032332971927043,0.0,0.0,1.0,1.0,1.0,0.0
1,270,4.4257253995006,9.98295565333484,0.0,0.0,1.0,0.0,0.0,0.0
2,270,4.354172201495393,5.75874489119813,1.0,0.0,0.0,1.0,1.0,1.0
3,270,8.240713046958271,1.4650209423282765,0.0,0.0,0.0,0.0,1.0,1.0
4,270,3.965990802431188,10.716646648587115,1.0,0.0,1.0,0.0,1.0,1.0
5,270,2.6297557873657773,8.075938676202922,0.0,1.0,0.0,0.0,0.0,0.0
6,270,7.620713679346499,10.395951867021552,0.0,1.0,0.0,1.0,1.0,0.0
7,270,0.0,7.64635163897307,0.0,1.0,0.0,1.0,0.0,0.0
8,270,4.558028549819475,7.274353217562526,0.0,0.0,0.0,1.0,0.0,0.0
9,270,4.191772294882128,4.149869040076303,1.0,0.0,1.0,0.0,0.0,1.0
10,270,7.593347522850195,9.68154835037325,1.0,0.0,0.0,0.0,1.0,1.0
11,270,12.0,3.676521099051053,1.0,0.0,1.0,0.0,0.0,1.0
12,270,7.529891854620615,12.0,0.0,0.0,1.0,1.0,0.0,0.0
13,270,2.612044364360972,0.0,0.0,0.0,1.0,0.0,0.0,0.0
14,270,12.0,8.507402988580093,1.0,1.0,1.0,0.0,0.0,1.0
15,270,12.0,3.196278764834896,0.0,0.0,0.0,1.0,1.0,0.0
16,270,5.417869315065172,4.907937029916136,0.0,0.0,0.0,0.0,1.0,1.0
17,270,6.018466501092905,8.132820269235154,0.0,0.0,0.0,0.0,1.0,1.0
18,270,11.926988489867544,4.303402928983948,0.0,1.0,0.0,0.0,0.0,1.0
19,270,1.7351355116197866,2.980532638191957,0.0,1.0,0.0,0.0,1.0,0.0
0,275,2.35704955832943,0.1124013052587467,0.0,0.0,1.0,1.0,1.0,0.0
1,275,4.339471255900972,9.951334369353532,0.0,0.0,1.0,0.0,0.0,0.0
2,275,4.309545735608541,5.726577744648716,1.0,0.0,0.0,1.0,1.0,1.0
3,275,8.202624543087454,1.3668073201589128,0.0,0.0,0.0,0.0,1.0,1.0
4,275,3.964889538291189,10.859345506587124,1.0,0.0,1.0,0.0,1.0,1.0
5,275,2.614894028316537,8.065406718143482,0.0,1.0,0.0,0.0,0.0,0.0
6,275,7.57946088095598,10.58721421136032,0.0,1.0,0.0,1.0,1.0,0.0
7,275,0.0,7.77600159396032,0.0,1.0,0.0,1.0,0.0,0.0
8,275,4.429275408932257,7.205547187986115,0.0,0.0,0.0,1.0,0.0,0.0
9,275,4.242456838017191,4.183824028121981,1.0,0.0,1.0,0.0,0.0,1.0
10,275,7.522215880822125,9.811383256095532,1.0,0.0,0.0,0.0,1.0,1.0
11,275,12.0,3.657161635656056,1.0,0.0,1.0,0.0,0.0,1.0
12,275,7.539486870888189,12.0,0.0,0.0,1.0,1.0,0.0,0.0
13,275,2.6289873694622385,0.0,0.0,0.0,1.0,0.0,0.0,0.0
14,275,12.0,8.566822461484069,1.0,1.0,1.0,0.0,0.0,1.0
15,275,12.0,3.15907212725694,0.0,0.0,0.0,1.0,1.0,0.0
16,275,5.372392426594103,4.930340937230912,0.0,0.0,0.0,0.0,1.0,1.0
17,275,6.017637166661562,8.134809364482656,0.0,0.0,0.0,0.0,1.0,1.0
18,275,11.928214618873149,4.595029008962453,0.0,1.0,0.0,0.0,0.0,1.0
19,275,1.756411598995861,2.8632116015748346,0.0,1.0,0.0,0.0,1.0,0.0
0,280,2.296742233580627,0.1231030914140746,0.0,0.0,1.0,1.0,1.0,0.0
1,280,4.267634813228254,9.925119698947691,0.0,0.0,1.0,0.0,0.0,0.0
2,280,4.259173978270725,5.69017178318566,1.0,0.0,0.0,1.0,1.0,1.0
3,280,8.165733662656887,1.2658362784410655,0.0,0.0,0.0,0.0,1.0,1.0
4,280,3.963865265328744,10.98291015188501,1.0,0.0,1.0,0.0,1.0,1.0
5,280,2.614132792903101,8.064861167668768,0.0,1.0,0.0,0.0,0.0,0.0
6,280,7.52280366498814,10.800218397602553,0.0,1.0,0.0,1.0,1.0,0.0
7,280,0.0,7.912057832219245,0.0,1.0,0.0,1.0,0.0,0.0
8,280,4.277402749352133,7.130131185787991,0.0,0.0,0.0,1.0,0.0,0.0
9,280,4.29584371434211,4.219860843674451,1.0,0.0,1.0,0.0,0.0,1.0
10,280,7.4558211054024435,9.928905578230562,1.0,0.0,0.0,0.0,1.0,1.0
11,280,12.0,3.636979763558143,1.0,0.0,1.0,0.0,0.0,1.0
12,280,7.544977785012781,12.0,0.0,0.0,1.0,1.0,0.0,0.0
13,280,2.7315352378375426,0.0159554770596819,0.0,0.0,1.0,0.0,0.0,0.0
14,280,12.0,8.621934110038673,1.0,1.0,1.0,0.0,0.0,1.0
15,280,12.0,3.1225187403557557,0.0,0.0,0.0,1.0,1.0,0.0
16,280,5.331594687559381,4.950578664013194,0.0,0.0,0.0,0.0,1.0,1.0
17,280,6.021996987366307,8.124049814311363,0.0,0.0,0.0,0.0,1.0,1.0
18,280,11.930232028179525,4.891521590810248,0.0,1.0,0.0,0.0,0.0,1.0
19,280,1.7750833321703428,2.753249031413258,0.0,1.0,0.0,0.0,1.0,0.0
0,285,2.246251268081651,0.1322530126548292,0.0,0.0,1.0,1.0,1.0,0.0
1,285,4.180019054778859,9.895391839576453,0.0,0.0,1.0,0.0,0.0,0.0
2,285,4.197688293340903,5.643643144659274,1.0,0.0,0.0,1.0,1.0,1.0
3,285,8.126757112908118,1.1575710062817497,0.0,0.0,0.0,0.0,1.0,1.0
4,285,3.96457285993081,11.111460698353458,1.0,0.0,1.0,0.0,1.0,1.0
5,285,2.609466655572697,8.06136028145041,0.0,1.0,0.0,0.0,0.0,0.0
6,285,7.465649867980515,11.022045556995984,0.0,1.0,0.0,1.0,1.0,0.0
7,285,0.0,8.036171084375557,0.0,1.0,0.0,1.0,0.0,0.0
8,285,4.109150174250801,7.049849463415308,0.0,0.0,0.0,1.0,0.0,0.0
9,285,4.32622897665095,4.240851577233936,1.0,0.0,1.0,0.0,0.0,1.0
10,285,7.3925979485844096,10.042096428033318,1.0,0.0,0.0,0.0,1.0,1.0
11,285,12.0,3.61628507575184,1.0,0.0,1.0,0.0,0.0,1.0
12,285,7.550133841984221,12.0,0.0,0.0,1.0,1.0,0.0,0.0
13,285,2.8444564286184018,0.0332156990577906,0.0,0.0,1.0,0.0,0.0,0.0
14,285,12.0,8.665076020090025,1.0,1.0,1.0,0.0,0.0,1.0
15,285,12.0,3.092583961264855,0.0,0.0,0.0,1.0,1.0,0.0
16,285,5.3086629909115866,4.962280407990216,0.0,0.0,0.0,0.0,1.0,1.0
17,285,6.025224522959622,8.116102686332281,0.0,0.0,0.0,0.0,1.0,1.0
18,285,11.928533048218425,5.186807005547591,0.0,1.0,0.0,0.0,0.0,1.0
19,285,1.7916797853263908,2.649144883826772,0.0,1.0,0.0,0.0,1.0,0.0
0,290,2.178929002272175,0.1427137632543556,0.0,0.0,1.0,1.0,1.0,0.0
1,290,4.087144598416165,9.86153946728712,0.0,0.0,1.0,0.0,0.0,0.0
2,290,4.126239410853014,5.588759179439834,1.0,0.0,0.0,1.0,1.0,1.0
3,290,8.087952040233068,1.0488540404862676,0.0,0.0,0.0,0.0,1.0,1.0
4,290,3.962155801514464,11.225259627926778,1.0,0.0,1.0,0.0,1.0,1.0
5,290,2.5998430092559057,8.053987154565197,0.0,1.0,0.0,0.0,0.0,0.0
6,290,7.407436144794188,11.255267758400995,0.0,1.0,0.0,1.0,1.0,0.0
7,290,0.0,8.171212622443461,0.0,1.0,0.0,1.0,0.0,0.0
8,290,4.187164491815254,6.8950662085690615,0.0,0.0,0.0,1.0,0.0,0.0
9,290,4.359236053743715,4.263381595664651,1.0,0.0,1.0,0.0,0.0,1.0
10,290,7.331223358225186,10.148602806277308,1.0,0.0,0.0,0.0,1.0,1.0
11,290,12.0,3.596880543585577,1.0,0.0,1.0,0.0,0.0,1.0
12,290,7.559042075781368,12.0,0.0,0.0,1.0,1.0,0.0,0.0
13,290,2.9845636086222638,0.0521756244192354,0.0,0.0,1.0,0.0,0.0,0.0
14,290,12.0,8.707537880118558,1.0,1.0,1.0,0.0,0.0,1.0
15,290,12.0,3.0616432579765704,0.0,0.0,0.0,1.0,1.0,0.0
16,290,5.285295385986775,4.975306588923496,0.0,0.0,0.0,0.0,1.0,1.0
17,290,6.026702487374116,8.11236313670756,0.0,0.0,0.0,0.0,1.0,1.0
18,290,11.92116360737639,5.487775213452579,0.0,1.0,0.0,0.0,0.0,1.0
19,290,1.810582504264654,2.548377049766466,0.0,1.0,0.0,0.0,1.0,0.0
0,295,2.103066456640032,0.1543777419886613,0.0,0.0,1.0,1.0,1.0,0.0
1,295,4.0173823285188925,9.836188261238284,0.0,0.0,1.0,0.0,0.0,0.0
2,295,4.0580646944526775,5.536060772887139,1.0,0.0,0.0,1.0,1.0,1.0
3,295,8.057637800130205,0.9535181133645751,0.0,0.0,0.0,0.0,1.0,1.0
4,295,3.9581909606871086,11.339224989470113,1.0,0.0,1.0,0.0,1.0,1.0
5,295,2.5919051942286693,8.048053253051924,0.0,1.0,0.0,0.0,0.0,0.0
6,295,7.345284667286453,11.47468370909625,0.0,1.0,0.0,1.0,1.0,0.0
7,295,0.0,8.314002493016798,0.0,1.0,0.0,1.0,0.0,0.0
8,295,4.268121812110266,6.730318786098076,0.0,0.0,0.0,1.0,0.0,0.0
9,295,4.39441143522913,4.287670725481778,1.0,0.0,1.0,0.0,0.0,1.0
10,295,7.269348148572037,10.247200408758212,1.0,0.0,0.0,0.0,1.0,1.0
11,295,12.0,3.574672484155676,1.0,0.0,1.0,0.0,0.0,1.0
12,295,7.564062644456951,12.0,0.0,0.0,1.0,1.0,0.0,0.0
13,295,3.1426709627326472,0.0786671462659184,0.0,0.0,1.0,0.0,0.0,0.0
14,295,12.0,8.764782312582405,1.0,1.0,1.0,0.0,0.0,1.0
15,295,12.0,3.0260431028470167,0.0,0.0,0.0,1.0,1.0,0.0
16,295,5.233609982441241,5.005566209758221,0.0,0.0,0.0,0.0,1.0,1.0
17,295,6.024138442022852,8.118472633057618,0.0,0.0,0.0,0.0,1.0,1.0
18,295,11.92176541260305,5.800893885607619,0.0,1.0,0.0,0.0,0.0,1.0
19,295,1.8272855039548008,2.4621530295278333,0.0,1.0,0.0,0.0,1.0,0.0
