0,0,0.9711118503867628,10.94934593289603,0.0,0.0,1.0,1.0,1.0,0.0
1,0,10.97773503182253,2.978287651591133,0.0,0.0,1.0,0.0,0.0,0.0
2,0,12.0,0.0149273497030009,1.0,0.0,0.0,1.0,1.0,1.0
3,0,0.0277631092232653,6.03680987307009,0.0,0.0,0.0,0.0,1.0,1.0
4,0,0.0356399812308232,10.938544289285725,1.0,0.0,1.0,0.0,1.0,1.0
5,0,9.03281389131439,9.981171080649352,0.0,1.0,0.0,0.0,0.0,0.0
6,0,7.027199452111517,3.954644200420068,0.0,1.0,0.0,1.0,1.0,0.0
7,0,7.002038979447263,8.934403580811832,0.0,1.0,0.0,1.0,0.0,0.0
8,0,4.945890062283792,11.042941109109227,0.0,0.0,0.0,1.0,0.0,0.0
9,0,6.9273365636236885,1.9677071396057264,1.0,0.0,1.0,0.0,0.0,1.0
10,0,7.065032071259415,2.001058361659344,1.0,0.0,0.0,0.0,1.0,1.0
11,0,9.056690827632016,4.004273061616521,1.0,0.0,1.0,0.0,0.0,1.0
12,0,3.918128617521053,0.9725007104431164,0.0,0.0,1.0,1.0,0.0,0.0
13,0,3.041256355265495,10.045847177829495,0.0,0.0,1.0,0.0,0.0,0.0
14,0,3.972794790314956,0.9594669960219324,1.0,1.0,1.0,0.0,0.0,1.0
15,0,2.0798429761018,6.996687741187038,0.0,0.0,0.0,1.0,1.0,0.0
16,0,8.98530600209402,7.034942210171723,0.0,0.0,0.0,0.0,1.0,1.0
17,0,4.0398366848286384,7.02936810601155,0.0,0.0,0.0,0.0,1.0,1.0
18,0,10.014696614794405,4.956296283919981,0.0,1.0,0.0,0.0,0.0,1.0
19,0,0.0760598725866264,11.997231325795882,0.0,1.0,0.0,0.0,1.0,0.0
0,5,1.0491705803760485,10.903446919858238,0.0,0.0,1.0,1.0,1.0,0.0
1,5,10.948286910619624,2.9507161922515226,0.0,0.0,1.0,0.0,0.0,0.0
2,5,12.0,0.0226015793234597,1.0,0.0,0.0,1.0,1.0,1.0
3,5,0.0502198803314239,6.067439794152183,0.0,0.0,0.0,0.0,1.0,1.0
4,5,0.0748620929093471,10.873410302423672,1.0,0.0,1.0,0.0,1.0,1.0
5,5,9.05320685993268,9.968957724945716,0.0,1.0,0.0,0.0,0.0,0.0
6,5,7.049212589698186,3.918594157999451,0.0,1.0,0.0,1.0,1.0,0.0
7,5,7.006571307240115,8.850014033811082,0.0,1.0,0.0,1.0,0.0,0.0
8,5,4.900611083090043,11.079870248060937,0.0,0.0,0.0,1.0,0.0,0.0
9,5,6.832717631441439,1.9262152553678995,1.0,0.0,1.0,0.0,0.0,1.0
10,5,7.136584028922084,2.002698418158009,1.0,0.0,0.0,0.0,1.0,1.0
11,5,9.124624628112027,4.010461310925066,1.0,0.0,1.0,0.0,0.0,1.0
12,5,3.860274542561429,0.9526556011946412,0.0,0.0,1.0,1.0,0.0,0.0
13,5,3.0843587038286118,10.092949117782112,0.0,0.0,1.0,0.0,0.0,0.0
14,5,3.933697723256288,0.9010214517732684,1.0,1.0,1.0,0.0,0.0,1.0
15,5,2.158379377533686,6.992944414946603,0.0,0.0,0.0,1.0,1.0,0.0
16,5,8.978010979551026,7.05262749562677,0.0,0.0,0.0,0.0,1.0,1.0
17,5,4.077201860119561,7.056540574351163,0.0,0.0,0.0,0.0,1.0,1.0
18,5,10.027437163830644,4.919765434648079,0.0,1.0,0.0,0.0,0.0,1.0
19,5,0.1558428804797937,11.994595461084124,0.0,1.0,0.0,0.0,1.0,0.0
0,10,1.1196232286653336,10.861447999992532,0.0,0.0,1.0,1.0,1.0,0.0
1,10,10.915957069334972,2.920824240345726,0.0,0.0,1.0,0.0,0.0,0.0
2,10,12.0,0.0347286751620025,1.0,0.0,0.0,1.0,1.0,1.0
3,10,0.0821949365399988,6.109230754199544,0.0,0.0,0.0,0.0,1.0,1.0
4,10,0.1137225976777913,10.803459241866324,1.0,0.0,1.0,0.0,1.0,1.0
5,10,9.052040625563652,9.96968416598817,0.0,1.0,0.0,0.0,0.0,0.0
6,10,7.083688440530668,3.94050357862466,0.0,1.0,0.0,1.0,1.0,0.0
7,10,7.011740351719406,8.75803114357317,0.0,1.0,0.0,1.0,0.0,0.0
8,10,4.857395931526727,11.112835556074703,0.0,0.0,0.0,1.0,0.0,0.0
9,10,6.7280373807377725,1.883232727397823,1.0,0.0,1.0,0.0,0.0,1.0
10,10,7.2111467825893,2.005523924138757,1.0,0.0,0.0,0.0,1.0,1.0
11,10,9.16673121912501,4.014089413463835,1.0,0.0,1.0,0.0,0.0,1.0
12,10,3.785959890015936,0.9296165941341372,0.0,0.0,1.0,1.0,0.0,0.0
13,10,3.1464815611653365,10.03941146596058,0.0,0.0,1.0,0.0,0.0,0.0
14,10,3.895322763765991,0.8418472632527481,1.0,1.0,1.0,0.0,0.0,1.0
15,10,2.2138668766968155,6.990849503656464,0.0,0.0,0.0,1.0,1.0,0.0
16,10,8.959417265566179,7.099033737919444,0.0,0.0,0.0,0.0,1.0,1.0
17,10,4.144391657726189,7.105553456925491,0.0,0.0,0.0,0.0,1.0,1.0
18,10,10.041082582863428,4.879637720573143,0.0,1.0,0.0,0.0,0.0,1.0
19,10,0.2419007051459667,11.992583697018128,0.0,1.0,0.0,0.0,1.0,0.0
0,15,1.1898695689266696,10.821459360945022,0.0,0.0,1.0,1.0,1.0,0.0
1,15,10.891269931786413,2.898265536536313,0.0,0.0,1.0,0.0,0.0,0.0
2,15,12.0,0.0447337942395495,1.0,0.0,0.0,1.0,1.0,1.0
3,15,0.1195998229935567,6.160515648004762,0.0,0.0,0.0,0.0,1.0,1.0
4,15,0.1400243677674778,10.755173148513162,1.0,0.0,1.0,0.0,1.0,1.0
5,15,9.057555095125323,9.966224834182178,0.0,1.0,0.0,0.0,0.0,0.0
6,15,7.111320961286242,3.95684805816594,0.0,1.0,0.0,1.0,1.0,0.0
7,15,7.016380872892642,8.670154614491588,0.0,1.0,0.0,1.0,0.0,0.0
8,15,4.815993754969572,11.143218842225284,0.0,0.0,0.0,1.0,0.0,0.0
9,15,6.640726696976508,1.845979174009349,1.0,0.0,1.0,0.0,0.0,1.0
10,15,7.28228921911312,2.007130714769351,1.0,0.0,0.0,0.0,1.0,1.0
11,15,9.201980388936658,4.016568174449688,1.0,0.0,1.0,0.0,0.0,1.0
12,15,3.705049258197024,0.9056073432775322,0.0,0.0,1.0,1.0,0.0,0.0
13,15,3.211666071481812,9.983125666529844,0.0,0.0,1.0,0.0,0.0,0.0
14,15,3.8483826342894174,0.7703547215051118,1.0,1.0,1.0,0.0,0.0,1.0
15,15,2.2683293205006123,6.989400230749686,0.0,0.0,0.0,1.0,1.0,0.0
16,15,8.925627142301712,7.185837624442933,0.0,0.0,0.0,0.0,1.0,1.0
17,15,4.214464571600468,7.153852705709055,0.0,0.0,0.0,0.0,1.0,1.0
18,15,10.05730442496546,4.835499268063682,0.0,1.0,0.0,0.0,0.0,1.0
19,15,0.3353712401670279,11.988007811799095,0.0,1.0,0.0,0.0,1.0,0.0
0,20,1.237099124119334,10.792082805639676,0.0,0.0,1.0,1.0,1.0,0.0
1,20,10.873876864226514,2.882166138212656,0.0,0.0,1.0,0.0,0.0,0.0
2,20,12.0,0.0674274565511991,1.0,0.0,0.0,1.0,1.0,1.0
3,20,0.1634576969791119,6.221208714364473,0.0,0.0,0.0,0.0,1.0,1.0
4,20,0.1791171543304714,10.6858737031898,1.0,0.0,1.0,0.0,1.0,1.0
5,20,9.065035544533352,9.961210676548736,0.0,1.0,0.0,0.0,0.0,0.0
6,20,7.149224844899912,3.981862741259611,0.0,1.0,0.0,1.0,1.0,0.0
7,20,7.019327090602727,8.569241303482816,0.0,1.0,0.0,1.0,0.0,0.0
8,20,4.757255019303391,11.185933412011952,0.0,0.0,0.0,1.0,0.0,0.0
9,20,6.581849093394197,1.8206950239582225,1.0,0.0,1.0,0.0,0.0,1.0
10,20,7.280550780243971,2.081578138704756,1.0,0.0,0.0,0.0,1.0,1.0
11,20,9.23337932929673,4.018500230529855,1.0,0.0,1.0,0.0,0.0,1.0
12,20,3.641977451819567,0.8879879335380998,0.0,0.0,1.0,1.0,0.0,0.0
13,20,3.277655597248117,9.924689469426005,0.0,0.0,1.0,0.0,0.0,0.0
14,20,3.7975976155030535,0.6915497752305014,1.0,1.0,1.0,0.0,0.0,1.0
15,20,2.315734083662266,6.987200740440343,0.0,0.0,0.0,1.0,1.0,0.0
16,20,8.898001546875431,7.249076151302148,0.0,0.0,0.0,0.0,1.0,1.0
17,20,4.269084580765669,7.191538611017472,0.0,0.0,0.0,0.0,1.0,1.0
18,20,10.075403000384776,4.785081377410524,0.0,1.0,0.0,0.0,0.0,1.0
19,20,0.4472863359773537,11.981250559242094,0.0,1.0,0.0,0.0,1.0,0.0
0,25,1.273490666067595,10.768947789888497,0.0,0.0,1.0,1.0,1.0,0.0
1,25,10.842348839817106,2.853167636645518,0.0,0.0,1.0,0.0,0.0,0.0
2,25,12.0,0.1081140503522334,1.0,0.0,0.0,1.0,1.0,1.0
3,25,0.1998160085671071,6.271366856238466,0.0,0.0,0.0,0.0,1.0,1.0
4,25,0.2271350085845602,10.601755732877576,1.0,0.0,1.0,0.0,1.0,1.0
5,25,9.069055405261611,9.95863085951732,0.0,1.0,0.0,0.0,0.0,0.0
6,25,7.165524783144185,3.992884355205704,0.0,1.0,0.0,1.0,1.0,0.0
7,25,7.022512143700919,8.460443383309537,0.0,1.0,0.0,1.0,0.0,0.0
8,25,4.7038176415328,11.225209925090686,0.0,0.0,0.0,1.0,0.0,0.0
9,25,6.516671006926714,1.794637811168084,1.0,0.0,1.0,0.0,0.0,1.0
10,25,7.279821680174205,2.1591249369473804,1.0,0.0,0.0,0.0,1.0,1.0
11,25,9.257418953075767,4.02014137989651,1.0,0.0,1.0,0.0,0.0,1.0
12,25,3.5832100678250933,0.872488001525307,0.0,0.0,1.0,1.0,0.0,0.0
13,25,3.328468545567461,9.881215769850844,0.0,0.0,1.0,0.0,0.0,0.0
14,25,3.755750052726039,0.6272149585708762,1.0,1.0,1.0,0.0,0.0,1.0
15,25,2.370854687903724,6.984466200066433,0.0,0.0,0.0,1.0,1.0,0.0
16,25,8.877268219923462,7.296019938136945,0.0,0.0,0.0,0.0,1.0,1.0
17,25,4.311931941562959,7.22101356873729,0.0,0.0,0.0,0.0,1.0,1.0
18,25,10.096013459810337,4.722860329774105,0.0,1.0,0.0,0.0,0.0,1.0
19,25,0.55537756073865,11.97583949904468,0.0,1.0,0.0,0.0,1.0,0.0
0,30,1.3015243550857598,10.752119278826347,0.0,0.0,1.0,1.0,1.0,0.0
1,30,10.817132725623605,2.829752199787979,0.0,0.0,1.0,0.0,0.0,0.0
2,30,12.0,0.1547255050918325,1.0,0.0,0.0,1.0,1.0,1.0
3,30,0.2414217024966406,6.328713412321753,0.0,0.0,0.0,0.0,1.0,1.0
4,30,0.2808553676813418,10.50519713937332,1.0,0.0,1.0,0.0,1.0,1.0
5,30,9.084498069053366,9.948963352062943,0.0,1.0,0.0,0.0,0.0,0.0
6,30,7.182174630349403,4.004099151726588,0.0,1.0,0.0,1.0,1.0,0.0
7,30,7.023908037714124,8.383489782054626,0.0,1.0,0.0,1.0,0.0,0.0
8,30,4.656720270886002,11.25791532954556,0.0,0.0,0.0,1.0,0.0,0.0
9,30,6.479314097577719,1.779483388439449,1.0,0.0,1.0,0.0,0.0,1.0
10,30,7.276445202962803,2.25092272261556,1.0,0.0,0.0,0.0,1.0,1.0
11,30,9.284929359063367,4.021997306177423,1.0,0.0,1.0,0.0,0.0,1.0
12,30,3.511672283707948,0.8558751473418357,0.0,0.0,1.0,1.0,0.0,0.0
13,30,3.3730335906302127,9.8441513811205,0.0,0.0,1.0,0.0,0.0,0.0
14,30,3.714739053210338,0.5643600299678384,1.0,1.0,1.0,0.0,0.0,1.0
15,30,2.440588128232363,6.978427736944176,0.0,0.0,0.0,1.0,1.0,0.0
16,30,8.857260327510858,7.342352204305227,0.0,0.0,0.0,0.0,1.0,1.0
17,30,4.343884786378603,7.24353924552619,0.0,0.0,0.0,0.0,1.0,1.0
18,30,10.12777527397259,4.622809465173278,0.0,1.0,0.0,0.0,0.0,1.0
19,30,0.6804014446427202,11.971071137298855,0.0,1.0,0.0,0.0,1.0,0.0
0,35,1.3324690269742083,10.733999716581453,0.0,0.0,1.0,1.0,1.0,0.0
1,35,10.804952755607278,2.818174508519536,0.0,0.0,1.0,0.0,0.0,0.0
2,35,12.0,0.2031171637863585,1.0,0.0,0.0,1.0,1.0,1.0
3,35,0.2928640676901586,6.39869531226343,0.0,0.0,0.0,0.0,1.0,1.0
4,35,0.336994216600825,10.404223068328712,1.0,0.0,1.0,0.0,1.0,1.0
5,35,9.094627262308537,9.942891453421788,0.0,1.0,0.0,0.0,0.0,0.0
6,35,7.167035517704198,4.026417770815349,0.0,1.0,0.0,1.0,1.0,0.0
7,35,7.027871073651778,8.303610568818728,0.0,1.0,0.0,1.0,0.0,0.0
8,35,4.613580948860953,11.288485854829224,0.0,0.0,0.0,1.0,0.0,0.0
9,35,6.4516356678523605,1.7682222909982306,1.0,0.0,1.0,0.0,0.0,1.0
10,35,7.273642630742333,2.352402456439636,1.0,0.0,0.0,0.0,1.0,1.0
11,35,9.303417307748235,4.023424513933158,1.0,0.0,1.0,0.0,0.0,1.0
12,35,3.42435336278235,0.8362099676469663,0.0,0.0,1.0,1.0,0.0,0.0
13,35,3.403860072894556,9.816609888994586,0.0,0.0,1.0,0.0,0.0,0.0
14,35,3.671940149017587,0.4987575275238256,1.0,1.0,1.0,0.0,0.0,1.0
15,35,2.5093102462716788,6.970229308391653,0.0,0.0,0.0,1.0,1.0,0.0
16,35,8.834658482789653,7.391925136419258,0.0,0.0,0.0,0.0,1.0,1.0
17,35,4.363077224934365,7.256966764949165,0.0,0.0,0.0,0.0,1.0,1.0
18,35,10.162641094916149,4.509005941875598,0.0,1.0,0.0,0.0,0.0,1.0
19,35,0.8000330441920438,11.965096811965168,0.0,1.0,0.0,0.0,1.0,0.0
0,40,1.3718759604349882,10.710491042229052,0.0,0.0,1.0,1.0,1.0,0.0
1,40,10.780508957993163,2.795214099759717,0.0,0.0,1.0,0.0,0.0,0.0
2,40,12.0,0.2492684965604424,1.0,0.0,0.0,1.0,1.0,1.0
3,40,0.3361659153923581,6.455072616875964,0.0,0.0,0.0,0.0,1.0,1.0
4,40,0.4053194849912024,10.27478206276142,1.0,0.0,1.0,0.0,1.0,1.0
5,40,9.1026287233807,9.937976734449071,0.0,1.0,0.0,0.0,0.0,0.0
6,40,7.145426137331824,4.058159799444869,0.0,1.0,0.0,1.0,1.0,0.0
7,40,7.031187626854055,8.232618500034553,0.0,1.0,0.0,1.0,0.0,0.0
8,40,4.572919037026383,11.317482593606986,0.0,0.0,0.0,1.0,0.0,0.0
9,40,6.421548170061312,1.7551243401882224,1.0,0.0,1.0,0.0,0.0,1.0
10,40,7.268428376826755,2.469335295024193,1.0,0.0,0.0,0.0,1.0,1.0
11,40,9.335983906054135,4.025019599578292,1.0,0.0,1.0,0.0,0.0,1.0
12,40,3.3290773813900625,0.8134488941795792,0.0,0.0,1.0,1.0,0.0,0.0
13,40,3.452385629367124,9.77450628531032,0.0,0.0,1.0,0.0,0.0,0.0
14,40,3.626728134438893,0.4300390358750315,1.0,1.0,1.0,0.0,0.0,1.0
15,40,2.571663658743486,6.962055496264122,0.0,0.0,0.0,1.0,1.0,0.0
16,40,8.811977072308617,7.440308278539219,0.0,0.0,0.0,0.0,1.0,1.0
17,40,4.387654774218985,7.27405099421476,0.0,0.0,0.0,0.0,1.0,1.0
18,40,10.199259641654104,4.403874388012158,0.0,1.0,0.0,0.0,0.0,1.0
19,40,0.9075146319277028,11.95996063884951,0.0,1.0,0.0,0.0,1.0,0.0
0,45,1.4121546955711335,10.686879051127928,0.0,0.0,1.0,1.0,1.0,0.0
1,45,10.748185151821415,2.76338973769314,0.0,0.0,1.0,0.0,0.0,0.0
2,45,12.0,0.2786808109332481,1.0,0.0,0.0,1.0,1.0,1.0
3,45,0.3635271977897776,6.491744398121294,0.0,0.0,0.0,0.0,1.0,1.0
4,45,0.4729397707495718,10.139333150531751,1.0,0.0,1.0,0.0,1.0,1.0
5,45,9.08965584893494,9.945602342210757,0.0,1.0,0.0,0.0,0.0,0.0
6,45,7.123292485027962,4.090303875901928,0.0,1.0,0.0,1.0,1.0,0.0
7,45,7.0367752600693,8.154403307884472,0.0,1.0,0.0,1.0,0.0,0.0
8,45,4.517409404029453,11.355360597389746,0.0,0.0,0.0,1.0,0.0,0.0
9,45,6.374417852938399,1.7351931109531502,1.0,0.0,1.0,0.0,0.0,1.0
10,45,7.263604809950338,2.5956968907775955,1.0,0.0,0.0,0.0,1.0,1.0
11,45,9.354750339880294,4.026013693470618,1.0,0.0,1.0,0.0,0.0,1.0
12,45,3.2113578928391693,0.7875844998465756,0.0,0.0,1.0,1.0,0.0,0.0
13,45,3.502557423193577,9.731042357732273,0.0,0.0,1.0,0.0,0.0,0.0
14,45,3.5771284022352057,0.353637338211782,1.0,1.0,1.0,0.0,0.0,1.0
15,45,2.642243968253181,6.953115392326088,0.0,0.0,0.0,1.0,1.0,0.0
16,45,8.785183382400609,7.499442118043546,0.0,0.0,0.0,0.0,1.0,1.0
17,45,4.413353100486103,7.292730749727177,0.0,0.0,0.0,0.0,1.0,1.0
18,45,10.239941647878329,4.287836624040263,0.0,1.0,0.0,0.0,0.0,1.0
19,45,1.0242856020501907,11.951301800434786,0.0,1.0,0.0,0.0,1.0,0.0
0,50,1.4474091826813995,10.666190437204662,0.0,0.0,1.0,1.0,1.0,0.0
1,50,10.722567440220168,2.737082124897942,0.0,0.0,1.0,0.0,0.0,0.0
2,50,12.0,0.3003824708800502,1.0,0.0,0.0,1.0,1.0,1.0
3,50,0.3779882352338787,6.5122415460449785,0.0,0.0,0.0,0.0,1.0,1.0
4,50,0.5481717362650523,9.994842887671387,1.0,0.0,1.0,0.0,1.0,1.0
5,50,9.087494971460735,9.946834445593716,0.0,1.0,0.0,0.0,0.0,0.0
6,50,7.093428100747855,4.132094429763641,0.0,1.0,0.0,1.0,1.0,0.0
7,50,7.044325347552801,8.067624469239034,0.0,1.0,0.0,1.0,0.0,0.0
8,50,4.481369487818294,11.379805025070509,0.0,0.0,0.0,1.0,0.0,0.0
9,50,6.325905334472348,1.7145560263081536,1.0,0.0,1.0,0.0,0.0,1.0
10,50,7.255069583465249,2.713623233505356,1.0,0.0,0.0,0.0,1.0,1.0
11,50,9.35861882057788,4.026213478852026,1.0,0.0,1.0,0.0,0.0,1.0
12,50,3.1125190986609965,0.7667812567451231,0.0,0.0,1.0,1.0,0.0,0.0
13,50,3.5636377328479267,9.67942845798437,0.0,0.0,1.0,0.0,0.0,0.0
14,50,3.5232909977410385,0.2770230592971947,1.0,1.0,1.0,0.0,0.0,1.0
15,50,2.710713267276656,6.94398673369359,0.0,0.0,0.0,1.0,1.0,0.0
16,50,8.760174346104137,7.559355513006666,0.0,0.0,0.0,0.0,1.0,1.0
17,50,4.441621423911448,7.313261383714714,0.0,0.0,0.0,0.0,1.0,1.0
18,50,10.283243946252933,4.172890578632547,0.0,1.0,0.0,0.0,0.0,1.0
19,50,1.1552068882471218,11.941017912948006,0.0,1.0,0.0,0.0,1.0,0.0
0,55,1.486217818371343,10.642240160509504,0.0,0.0,1.0,1.0,1.0,0.0
1,55,10.717122819199512,2.7314377229933022,0.0,0.0,1.0,0.0,0.0,0.0
2,55,12.0,0.3131874084093176,1.0,0.0,0.0,1.0,1.0,1.0
3,55,0.3929876202211136,6.53551245234828,0.0,0.0,0.0,0.0,1.0,1.0
4,55,0.6203742432520665,9.860454423641272,1.0,0.0,1.0,0.0,1.0,1.0
5,55,9.090558490059747,9.945126542461256,0.0,1.0,0.0,0.0,0.0,0.0
6,55,7.063161066907368,4.175913261840324,0.0,1.0,0.0,1.0,1.0,0.0
7,55,7.052985902437015,7.977110157933806,0.0,1.0,0.0,1.0,0.0,0.0
8,55,4.5029178306681,11.412796064022736,0.0,0.0,0.0,1.0,0.0,0.0
9,55,6.260539542477288,1.687362563461933,1.0,0.0,1.0,0.0,0.0,1.0
10,55,7.245702963507311,2.8339126456454102,1.0,0.0,0.0,0.0,1.0,1.0
11,55,9.374897863201696,4.026707510899217,1.0,0.0,1.0,0.0,0.0,1.0
12,55,3.0144994402107685,0.7445731884487607,0.0,0.0,1.0,1.0,0.0,0.0
13,55,3.627894468492492,9.626279251971988,0.0,0.0,1.0,0.0,0.0,0.0
14,55,3.464121744485513,0.1944713170021504,1.0,1.0,1.0,0.0,0.0,1.0
15,55,2.770619391952342,6.935389099229425,0.0,0.0,0.0,1.0,1.0,0.0
16,55,8.743841509445222,7.595074783644419,0.0,0.0,0.0,0.0,1.0,1.0
17,55,4.442772642844022,7.314091844101396,0.0,0.0,0.0,0.0,1.0,1.0
18,55,10.325619366715086,4.057621225779868,0.0,1.0,0.0,0.0,0.0,1.0
19,55,1.2931509779612425,11.926821187812118,0.0,1.0,0.0,0.0,1.0,0.0
0,60,1.511877616562348,10.627080146256583,0.0,0.0,1.0,1.0,1.0,0.0
1,60,10.714864560764545,2.729179856517349,0.0,0.0,1.0,0.0,0.0,0.0
2,60,12.0,0.3297304079499342,1.0,0.0,0.0,1.0,1.0,1.0
3,60,0.4104690130350382,6.562123311943637,0.0,0.0,0.0,0.0,1.0,1.0
4,60,0.6909660163950523,9.734743346244516,1.0,0.0,1.0,0.0,1.0,1.0
5,60,9.087065056584136,9.94699741602517,0.0,1.0,0.0,0.0,0.0,0.0
6,60,7.03537656359344,4.216983921660049,0.0,1.0,0.0,1.0,1.0,0.0
7,60,7.065356118258797,7.878677486841091,0.0,1.0,0.0,1.0,0.0,0.0
8,60,4.522487902609534,11.440585495261349,0.0,0.0,0.0,1.0,0.0,0.0
9,60,6.191505789003284,1.6574754063288082,1.0,0.0,1.0,0.0,0.0,1.0
10,60,7.233837822295211,2.9727040502972124,1.0,0.0,0.0,0.0,1.0,1.0
11,60,9.40897367688505,4.0271409138441,1.0,0.0,1.0,0.0,0.0,1.0
12,60,2.91677046293265,0.7219503076973146,0.0,0.0,1.0,1.0,0.0,0.0
13,60,3.698173146149744,9.56802370670868,0.0,0.0,1.0,0.0,0.0,0.0
14,60,3.410225725964473,0.1242934136848852,1.0,1.0,1.0,0.0,0.0,1.0
15,60,2.812728702451505,6.929045219801834,0.0,0.0,0.0,1.0,1.0,0.0
16,60,8.694023942767027,7.571668614860648,0.0,0.0,0.0,0.0,1.0,1.0
17,60,4.442269991072337,7.3137324743960335,0.0,0.0,0.0,0.0,1.0,1.0
18,60,10.360658673355866,3.9653599700581177,0.0,1.0,0.0,0.0,0.0,1.0
19,60,1.425530506308859,11.912503138541627,0.0,1.0,0.0,0.0,1.0,0.0
0,65,1.5478910202050955,10.6049546978646,0.0,0.0,1.0,1.0,1.0,0.0
1,65,10.713098289274985,2.7274507290290093,0.0,0.0,1.0,0.0,0.0,0.0
2,65,12.0,0.3519208870731394,1.0,0.0,0.0,1.0,1.0,1.0
3,65,0.4250463130886173,6.5832645763114375,0.0,0.0,0.0,0.0,1.0,1.0
4,65,0.7647305580440796,9.610479843483064,1.0,0.0,1.0,0.0,1.0,1.0
5,65,9.083149610540149,9.949032205394804,0.0,1.0,0.0,0.0,0.0,0.0
6,65,7.01251220429531,4.2491299969124405,0.0,1.0,0.0,1.0,1.0,0.0
7,65,7.075520177675861,7.770001420774961,0.0,1.0,0.0,1.0,0.0,0.0
8,65,4.552810235003804,11.484972663256787,0.0,0.0,0.0,1.0,0.0,0.0
9,65,6.120460952232002,1.6269347060846484,1.0,0.0,1.0,0.0,0.0,1.0
10,65,7.221124228680276,3.095466877658881,1.0,0.0,0.0,0.0,1.0,1.0
11,65,9.43481310696892,4.02772307797657,1.0,0.0,1.0,0.0,0.0,1.0
12,65,2.803514271498864,0.6965453022714833,0.0,0.0,1.0,1.0,0.0,0.0
13,65,3.7682180647230687,9.505497379621554,0.0,0.0,1.0,0.0,0.0,0.0
14,65,3.3611580767376625,0.0628948191452193,1.0,1.0,1.0,0.0,0.0,1.0
15,65,2.8407624888285645,6.924634205933894,0.0,0.0,0.0,1.0,1.0,0.0
16,65,8.632367707441043,7.540440868272868,0.0,0.0,0.0,0.0,1.0,1.0
17,65,4.435714297425769,7.308867107613128,0.0,0.0,0.0,0.0,1.0,1.0
18,65,10.39538877814108,3.874627488987298,0.0,1.0,0.0,0.0,0.0,1.0
19,65,1.5676581006272026,11.895603766741928,0.0,1.0,0.0,0.0,1.0,0.0
0,70,1.595145634762952,10.57710533759034,0.0,0.0,1.0,1.0,1.0,0.0
1,70,10.700906365763457,2.715992329748499,0.0,0.0,1.0,0.0,0.0,0.0
2,70,12.0,0.361107847035826,1.0,0.0,0.0,1.0,1.0,1.0
3,70,0.4452067083225094,6.612205830103311,0.0,0.0,0.0,0.0,1.0,1.0
4,70,0.8386736282239228,9.477688043840104,1.0,0.0,1.0,0.0,1.0,1.0
5,70,9.050690729131734,9.9650919226373,0.0,1.0,0.0,0.0,0.0,0.0
6,70,6.977958889721369,4.294944284278979,0.0,1.0,0.0,1.0,1.0,0.0
7,70,7.081893986676846,7.65745476257412,0.0,1.0,0.0,1.0,0.0,0.0
8,70,4.584738753090548,11.531662994409071,0.0,0.0,0.0,1.0,0.0,0.0
9,70,6.069949052524247,1.6054337116112785,1.0,0.0,1.0,0.0,0.0,1.0
10,70,7.211283327564949,3.2014192361372387,1.0,0.0,0.0,0.0,1.0,1.0
11,70,9.45317865448872,4.028315953164243,1.0,0.0,1.0,0.0,0.0,1.0
12,70,2.6884153362946552,0.6765821514532596,0.0,0.0,1.0,1.0,0.0,0.0
13,70,3.8502686578681753,9.43496180500431,0.0,0.0,1.0,0.0,0.0,0.0
14,70,3.3211690022648828,0.0103605780404136,1.0,1.0,1.0,0.0,0.0,1.0
15,70,2.888910232820874,6.918074266074637,0.0,0.0,0.0,1.0,1.0,0.0
16,70,8.568247735148443,7.509926640971586,0.0,0.0,0.0,0.0,1.0,1.0
17,70,4.430548630891494,7.304943956932413,0.0,0.0,0.0,0.0,1.0,1.0
18,70,10.427814426040936,3.7899689409527353,0.0,1.0,0.0,0.0,0.0,1.0
19,70,1.7186680299112358,11.875318227895852,0.0,1.0,0.0,0.0,1.0,0.0
0,75,1.6505433129541731,10.542460464154347,0.0,0.0,1.0,1.0,1.0,0.0
1,75,10.697414685357169,2.7127841655109286,0.0,0.0,1.0,0.0,0.0,0.0
2,75,12.0,0.3777611377187704,1.0,0.0,0.0,1.0,1.0,1.0
3,75,0.4671952620220678,6.645145111445807,0.0,0.0,0.0,0.0,1.0,1.0
4,75,0.9134678093700912,9.34414439442037,1.0,0.0,1.0,0.0,1.0,1.0
5,75,8.991759996838297,9.996758371630992,0.0,1.0,0.0,0.0,0.0,0.0
6,75,6.938903812496767,4.346487863359154,0.0,1.0,0.0,1.0,1.0,0.0
7,75,7.093440378787426,7.558128009372934,0.0,1.0,0.0,1.0,0.0,0.0
8,75,4.620377503067699,11.582955704201446,0.0,0.0,0.0,1.0,0.0,0.0
9,75,6.016182654763226,1.580201556481771,1.0,0.0,1.0,0.0,0.0,1.0
10,75,7.19969846841374,3.33634270813339,1.0,0.0,0.0,0.0,1.0,1.0
11,75,9.435932414430937,4.027884887604253,1.0,0.0,1.0,0.0,0.0,1.0
12,75,2.5887790560161563,0.6566089137608901,0.0,0.0,1.0,1.0,0.0,0.0
13,75,3.923242112464112,9.371118733819513,0.0,0.0,1.0,0.0,0.0,0.0
14,75,3.297362155245667,0.0,1.0,1.0,1.0,0.0,0.0,1.0
15,75,2.8990962894775056,6.916683231561358,0.0,0.0,0.0,1.0,1.0,0.0
16,75,8.519729526905978,7.488255278076213,0.0,0.0,0.0,0.0,1.0,1.0
17,75,4.428826554029922,7.303732438759184,0.0,0.0,0.0,0.0,1.0,1.0
18,75,10.456476196924417,3.7184673795514978,0.0,1.0,0.0,0.0,0.0,1.0
19,75,1.859136705169611,11.856323718330517,0.0,1.0,0.0,0.0,1.0,0.0
0,80,1.7111780699596235,10.505035771294708,0.0,0.0,1.0,1.0,1.0,0.0
1,80,10.702416001973868,2.7173466212806643,0.0,0.0,1.0,0.0,0.0,0.0
2,80,12.0,0.3871135140333345,1.0,0.0,0.0,1.0,1.0,1.0
3,80,0.4842741841122214,6.671833373814639,0.0,0.0,0.0,0.0,1.0,1.0
4,80,0.997496023268582,9.19649407031971,1.0,0.0,1.0,0.0,1.0,1.0
5,80,8.913020111020671,10.037078265522288,0.0,1.0,0.0,0.0,0.0,0.0
6,80,6.890114528688987,4.415033493225202,0.0,1.0,0.0,1.0,1.0,0.0
7,80,7.105504104495937,7.446316197124768,0.0,1.0,0.0,1.0,0.0,0.0
8,80,4.653226882027459,11.629097906736993,0.0,0.0,0.0,1.0,0.0,0.0
9,80,5.974095318168206,1.5599790551294794,1.0,0.0,1.0,0.0,0.0,1.0
10,80,7.193121141052267,3.463357380331218,1.0,0.0,0.0,0.0,1.0,1.0
11,80,9.4090845967007,4.0274749232184455,1.0,0.0,1.0,0.0,0.0,1.0
12,80,2.4895709066489267,0.6354844714455952,0.0,0.0,1.0,1.0,0.0,0.0
13,80,4.001720005334336,9.302679423829767,0.0,0.0,1.0,0.0,0.0,0.0
14,80,3.274209635974244,0.0,1.0,1.0,1.0,0.0,0.0,1.0
15,80,2.901482302349061,6.916374755922697,0.0,0.0,0.0,1.0,1.0,0.0
16,80,8.472295111413004,7.467292954162045,0.0,0.0,0.0,0.0,1.0,1.0
17,80,4.411082385450876,7.290840806096519,0.0,0.0,0.0,0.0,1.0,1.0
18,80,10.490146893057384,3.6419275896682928,0.0,1.0,0.0,0.0,0.0,1.0
19,80,2.013774653471967,11.835523639729368,0.0,1.0,0.0,0.0,1.0,0.0
0,85,1.7490022502982103,10.48097313731036,0.0,0.0,1.0,1.0,1.0,0.0
1,85,10.70965243447436,2.724234555866962,0.0,0.0,1.0,0.0,0.0,0.0
2,85,11.994245817968194,0.3806433851186232,1.0,0.0,0.0,1.0,1.0,1.0
3,85,0.5088398771256005,6.7093877201518906,0.0,0.0,0.0,0.0,1.0,1.0
4,85,0.8352636026710251,9.104992148534585,1.0,0.0,1.0,0.0,1.0,1.0
5,85,8.848451486788473,10.069273938984685,0.0,1.0,0.0,0.0,0.0,0.0
6,85,6.861971711186603,4.45569875972665,0.0,1.0,0.0,1.0,1.0,0.0
7,85,7.115418779894303,7.343812400537902,0.0,1.0,0.0,1.0,0.0,0.0
8,85,4.696696866549224,11.69020567159921,0.0,0.0,0.0,1.0,0.0,0.0
9,85,5.919150101000757,1.5310042062777605,1.0,0.0,1.0,0.0,0.0,1.0
10,85,7.1864734581289,3.5772237976617287,1.0,0.0,0.0,0.0,1.0,1.0
11,85,9.387860878360543,4.027080284368375,1.0,0.0,1.0,0.0,0.0,1.0
12,85,2.4047238758833958,0.6186377657523191,0.0,0.0,1.0,1.0,0.0,0.0
13,85,4.078117993059179,9.242029289656177,0.0,0.0,1.0,0.0,0.0,0.0
14,85,3.23865922234412,0.0,1.0,1.0,1.0,0.0,0.0,1.0
15,85,2.890301956946152,6.917620511862999,0.0,0.0,0.0,1.0,1.0,0.0
16,85,8.415288878423686,7.442058418740938,0.0,0.0,0.0,0.0,1.0,1.0
17,85,4.40415626739016,7.286241016702093,0.0,0.0,0.0,0.0,1.0,1.0
18,85,10.524175469074084,3.561785618308108,0.0,1.0,0.0,0.0,0.0,1.0
19,85,2.1652590501718216,11.8161880233571,0.0,1.0,0.0,0.0,1.0,0.0
0,90,1.7806818276678635,10.460450466554551,0.0,0.0,1.0,1.0,1.0,0.0
1,90,10.722695407823954,2.7364701539262835,0.0,0.0,1.0,0.0,0.0,0.0
2,90,11.986531905285911,0.3719569731692416,1.0,0.0,0.0,1.0,1.0,1.0
3,90,0.5287144551350388,6.7413009289185535,0.0,0.0,0.0,0.0,1.0,1.0
4,90,0.6576180927378744,9.010183123493231,1.0,0.0,1.0,0.0,1.0,1.0
5,90,8.78091061083041,10.101605300050904,0.0,1.0,0.0,0.0,0.0,0.0
6,90,6.84348932074372,4.482086671421729,0.0,1.0,0.0,1.0,1.0,0.0
7,90,7.126053697925332,7.230418929637503,0.0,1.0,0.0,1.0,0.0,0.0
8,90,4.752360418925744,11.771690371105493,0.0,0.0,0.0,1.0,0.0,0.0
9,90,5.867693707947242,1.5041398793477594,1.0,0.0,1.0,0.0,0.0,1.0
10,90,7.182422607218575,3.6772466449363614,1.0,0.0,0.0,0.0,1.0,1.0
11,90,9.377457645310812,4.026847013285429,1.0,0.0,1.0,0.0,0.0,1.0
12,90,2.317750997633508,0.6027695845220854,0.0,0.0,1.0,1.0,0.0,0.0
13,90,4.157569711740886,9.177958050141411,0.0,0.0,1.0,0.0,0.0,0.0
14,90,3.2847888345314757,0.0,1.0,1.0,1.0,0.0,0.0,1.0
15,90,2.891714865660848,6.917386535109722,0.0,0.0,0.0,1.0,1.0,0.0
16,90,8.367215096404474,7.420084183695685,0.0,0.0,0.0,0.0,1.0,1.0
17,90,4.384062736325973,7.273729724053377,0.0,0.0,0.0,0.0,1.0,1.0
18,90,10.567000258356208,3.4686581925480264,0.0,1.0,0.0,0.0,0.0,1.0
19,90,2.3178037693339237,11.794858068473657,0.0,1.0,0.0,0.0,1.0,0.0
0,95,1.8294684509656385,10.427770482243549,0.0,0.0,1.0,1.0,1.0,0.0
1,95,10.746638094383488,2.758675624047969,0.0,0.0,1.0,0.0,0.0,0.0
2,95,11.966768191668011,0.3484652800871375,1.0,0.0,0.0,1.0,1.0,1.0
3,95,0.5315472790930408,6.745755043331679,0.0,0.0,0.0,0.0,1.0,1.0
4,95,0.4786636289641558,8.920992279301354,1.0,0.0,1.0,0.0,1.0,1.0
5,95,8.71155273722283,10.133710212119125,0.0,1.0,0.0,0.0,0.0,0.0
6,95,6.821130787786894,4.515252725537467,0.0,1.0,0.0,1.0,1.0,0.0
7,95,7.135603538004028,7.1050711903408965,0.0,1.0,0.0,1.0,0.0,0.0
8,95,4.80780848513891,11.849210331928182,0.0,0.0,0.0,1.0,0.0,0.0
9,95,5.829783284717752,1.4847159426588163,1.0,0.0,1.0,0.0,0.0,1.0
10,95,7.177874423226012,3.799668972409916,1.0,0.0,0.0,0.0,1.0,1.0
11,95,9.365081599335188,4.026504425911662,1.0,0.0,1.0,0.0,0.0,1.0
12,95,2.2282097293109,0.5845796967209892,0.0,0.0,1.0,1.0,0.0,0.0
13,95,4.247384336022583,9.10766350175891,0.0,0.0,1.0,0.0,0.0,0.0
14,95,3.3173287995956957,0.0,1.0,1.0,1.0,0.0,0.0,1.0
15,95,2.8989383451837267,6.916291013120537,0.0,0.0,0.0,1.0,1.0,0.0
16,95,8.309970692213911,7.393381019689434,0.0,0.0,0.0,0.0,1.0,1.0
17,95,4.347231808658483,7.250538823263951,0.0,0.0,0.0,0.0,1.0,1.0
18,95,10.617649712832764,3.355961433122539,0.0,1.0,0.0,0.0,0.0,1.0
19,95,2.4956695132995064,11.767700279391327,0.0,1.0,0.0,0.0,1.0,0.0
0,100,1.800167840676535,10.383844605202489,0.0,0.0,1.0,1.0,1.0,0.0
1,100,10.743397565466834,2.762280392848857,0.0,0.0,1.0,0.0,0.0,0.0
2,100,11.955773066060766,0.3348075359481503,1.0,0.0,0.0,1.0,1.0,1.0
3,100,0.5423472816921272,6.762855184055518,0.0,0.0,0.0,0.0,1.0,1.0
4,100,0.2828319404311566,8.825820485092196,1.0,0.0,1.0,0.0,1.0,1.0
5,100,8.639647571740136,10.167055670550525,0.0,1.0,0.0,0.0,0.0,0.0
6,100,6.799531396264279,4.547121731968906,0.0,1.0,0.0,1.0,1.0,0.0
7,100,7.143473462357025,7.0119579573042055,0.0,1.0,0.0,1.0,0.0,0.0
8,100,4.851969222710608,11.912436181667967,0.0,0.0,0.0,1.0,0.0,0.0
9,100,5.7840008334330015,1.4622502298670013,1.0,0.0,1.0,0.0,0.0,1.0
10,100,7.173909406753689,3.917331077257995,1.0,0.0,0.0,0.0,1.0,1.0
11,100,9.346948294034432,4.02581878649226,1.0,0.0,1.0,0.0,0.0,1.0
12,100,2.141144011211275,0.5682446339690704,0.0,0.0,1.0,1.0,0.0,0.0
13,100,4.34334610761309,9.03343085067002,0.0,0.0,1.0,0.0,0.0,0.0
14,100,3.329799647127459,0.0,1.0,1.0,1.0,0.0,0.0,1.0
15,100,2.898447216959834,6.916355393924538,0.0,0.0,0.0,1.0,1.0,0.0
16,100,8.250079329046963,7.364836951803624,0.0,0.0,0.0,0.0,1.0,1.0
17,100,4.323471805201548,7.234856372573601,0.0,0.0,0.0,0.0,1.0,1.0
18,100,10.676551736505273,3.2177347856323,0.0,1.0,0.0,0.0,0.0,1.0
19,100,2.676102822505895,11.735978186411792,0.0,1.0,0.0,0.0,1.0,0.0
0,105,1.774559783707326,10.34577765153668,0.0,0.0,1.0,1.0,1.0,0.0
1,105,10.754048191343491,2.7506867066447125,0.0,0.0,1.0,0.0,0.0,0.0
2,105,11.95316144731343,0.3315340711258761,1.0,0.0,0.0,1.0,1.0,1.0
3,105,0.5598716997669214,6.7904058333195545,0.0,0.0,0.0,0.0,1.0,1.0
4,105,0.0826496460511572,8.726656871680127,1.0,0.0,1.0,0.0,1.0,1.0
5,105,8.570780991520548,10.201164565738871,0.0,1.0,0.0,0.0,0.0,0.0
6,105,6.778314997303887,4.576551855753082,0.0,1.0,0.0,1.0,1.0,0.0
7,105,7.151918408640224,6.9261029355126205,0.0,1.0,0.0,1.0,0.0,0.0
8,105,4.898485309347444,11.974007677538207,0.0,0.0,0.0,1.0,0.0,0.0
9,105,5.72658109824809,1.4346389422226722,1.0,0.0,1.0,0.0,0.0,1.0
10,105,7.16926087672906,4.055660465624431,1.0,0.0,0.0,0.0,1.0,1.0
11,105,9.321477329170758,4.025747752588209,1.0,0.0,1.0,0.0,0.0,1.0
12,105,2.050772301514563,0.5513038301657256,0.0,0.0,1.0,1.0,0.0,0.0
13,105,4.434199113073214,8.964383684930896,0.0,0.0,1.0,0.0,0.0,0.0
14,105,3.349980707257638,0.0,1.0,1.0,1.0,0.0,0.0,1.0
15,105,2.9052022044580466,6.915565246364914,0.0,0.0,0.0,1.0,1.0,0.0
16,105,8.204852954866324,7.344434868362476,0.0,0.0,0.0,0.0,1.0,1.0
17,105,4.301284530823223,7.220286137709488,0.0,0.0,0.0,0.0,1.0,1.0
18,105,10.73837235554732,3.080266911733383,0.0,1.0,0.0,0.0,0.0,1.0
19,105,2.848948101512002,11.70867628307047,0.0,1.0,0.0,0.0,1.0,0.0
0,110,1.752817337071659,10.31282724997366,0.0,0.0,1.0,1.0,1.0,0.0
1,110,10.773062409648809,2.73030430519062,0.0,0.0,1.0,0.0,0.0,0.0
2,110,11.961871957369825,0.3421857561899949,1.0,0.0,0.0,1.0,1.0,1.0
3,110,0.5875634338083853,6.832400077908553,0.0,0.0,0.0,0.0,1.0,1.0
4,110,0.0,8.627337088877535,1.0,0.0,1.0,0.0,1.0,1.0
5,110,8.521632011099573,10.224393390820246,0.0,1.0,0.0,0.0,0.0,0.0
6,110,6.756835070920981,4.607680867558483,0.0,1.0,0.0,1.0,1.0,0.0
7,110,7.160369038266753,6.844798838771191,0.0,1.0,0.0,1.0,0.0,0.0
8,110,4.92542262794932,12.0,0.0,0.0,0.0,1.0,0.0,0.0
9,110,5.6611513304936185,1.4049628974083093,1.0,0.0,1.0,0.0,0.0,1.0
10,110,7.164231406412505,4.199068169528698,1.0,0.0,0.0,0.0,1.0,1.0
11,110,9.3409319923042,4.025957980605274,1.0,0.0,1.0,0.0,0.0,1.0
12,110,1.952411026395647,0.5327145386800679,0.0,0.0,1.0,1.0,0.0,0.0
13,110,4.533846977083348,8.891324817202872,0.0,0.0,1.0,0.0,0.0,0.0
14,110,3.367276218192506,0.0,1.0,1.0,1.0,0.0,0.0,1.0
15,110,2.935523873183032,6.912242168947146,0.0,0.0,0.0,1.0,1.0,0.0
16,110,8.150897661977304,7.321292921350409,0.0,0.0,0.0,0.0,1.0,1.0
17,110,4.270803613660208,7.199289010844284,0.0,0.0,0.0,0.0,1.0,1.0
18,110,10.799949806890018,2.9387875504176755,0.0,1.0,0.0,0.0,0.0,1.0
19,110,3.034961511102268,11.679957313327922,0.0,1.0,0.0,0.0,1.0,0.0
0,115,1.735552396752892,10.287345785800492,0.0,0.0,1.0,1.0,1.0,0.0
1,115,10.799097145179555,2.7023045634287937,0.0,0.0,1.0,0.0,0.0,0.0
2,115,11.972399113787723,0.3558010405739593,1.0,0.0,0.0,1.0,1.0,1.0
3,115,0.6131134317892286,6.874799335668866,0.0,0.0,0.0,0.0,1.0,1.0
4,115,0.0,8.530110517367248,1.0,0.0,1.0,0.0,1.0,1.0
5,115,8.49016903672811,10.240667412536505,0.0,1.0,0.0,0.0,0.0,0.0
6,115,6.723849521310093,4.655123971312144,0.0,1.0,0.0,1.0,1.0,0.0
7,115,7.165804762494952,6.7665023309414085,0.0,1.0,0.0,1.0,0.0,0.0
8,115,4.953885039667222,12.0,0.0,0.0,0.0,1.0,0.0,0.0
9,115,5.608114669678156,1.3810025697697328,1.0,0.0,1.0,0.0,0.0,1.0
10,115,7.159561153211109,4.345095862553459,1.0,0.0,0.0,0.0,1.0,1.0
11,115,9.378513771666857,4.025938347553377,1.0,0.0,1.0,0.0,0.0,1.0
12,115,1.8281104409344535,0.5079815686233785,0.0,0.0,1.0,1.0,0.0,0.0
13,115,4.648377777085469,8.813457924909121,0.0,0.0,1.0,0.0,0.0,0.0
14,115,3.38183139960768,0.0,1.0,1.0,1.0,0.0,0.0,1.0
15,115,2.9562514102758723,6.910213217649748,0.0,0.0,0.0,1.0,1.0,0.0
16,115,8.092325274863095,7.296595146284337,0.0,0.0,0.0,0.0,1.0,1.0
17,115,4.253490624741224,7.18649480558782,0.0,0.0,0.0,0.0,1.0,1.0
18,115,10.860983672674308,2.7877924724794294,0.0,1.0,0.0,0.0,0.0,1.0
19,115,3.228528635336906,11.652680682912726,0.0,1.0,0.0,0.0,1.0,0.0
0,120,1.7203791472032397,10.265209945387298,0.0,0.0,1.0,1.0,1.0,0.0
1,120,10.815556262853676,2.6846576862045395,0.0,0.0,1.0,0.0,0.0,0.0
2,120,11.987767611146154,0.3750106914768572,1.0,0.0,0.0,1.0,1.0,1.0
3,120,0.6316032154722728,6.905873217495484,0.0,0.0,0.0,0.0,1.0,1.0
4,120,0.0,8.422369767745655,1.0,0.0,1.0,0.0,1.0,1.0
5,120,8.457108268022209,10.25851086050245,0.0,1.0,0.0,0.0,0.0,0.0
6,120,6.689564879060829,4.70529347392226,0.0,1.0,0.0,1.0,1.0,0.0
7,120,7.170839005617204,6.6975803117698,0.0,1.0,0.0,1.0,0.0,0.0
8,120,4.99055912274962,12.0,0.0,0.0,0.0,1.0,0.0,0.0
9,120,5.55639521795138,1.358142958363819,1.0,0.0,1.0,0.0,0.0,1.0
10,120,7.155719566674546,4.496023742743152,1.0,0.0,0.0,0.0,1.0,1.0
11,120,9.43686253904683,4.02410642859841,1.0,0.0,1.0,0.0,0.0,1.0
12,120,1.6974298937483625,0.4870567742061179,0.0,0.0,1.0,1.0,0.0,0.0
13,120,4.788594696693622,8.722040125462707,0.0,0.0,1.0,0.0,0.0,0.0
14,120,3.383050718397268,0.0,1.0,1.0,1.0,0.0,0.0,1.0
15,120,2.979395237414056,6.907475333838011,0.0,0.0,0.0,1.0,1.0,0.0
16,120,8.028782005113499,7.266786339626594,0.0,0.0,0.0,0.0,1.0,1.0
17,120,4.235602787611762,7.173788738842579,0.0,0.0,0.0,0.0,1.0,1.0
18,120,10.919809450727916,2.6336102903318186,0.0,1.0,0.0,0.0,0.0,1.0
19,120,3.4296996350396243,11.624881509328088,0.0,1.0,0.0,0.0,1.0,0.0
0,125,1.6972754418028275,10.231421405678056,0.0,0.0,1.0,1.0,1.0,0.0
1,125,10.824039701830626,2.675816465374292,0.0,0.0,1.0,0.0,0.0,0.0
2,125,11.99545448995004,0.3849185663909969,1.0,0.0,0.0,1.0,1.0,1.0
3,125,0.6578505688193231,6.954675080462722,0.0,0.0,0.0,0.0,1.0,1.0
4,125,0.0,8.307017620273319,1.0,0.0,1.0,0.0,1.0,1.0
5,125,8.419814961317767,10.279886623186249,0.0,1.0,0.0,0.0,0.0,0.0
6,125,6.64374665749268,4.771641325289044,0.0,1.0,0.0,1.0,1.0,0.0
7,125,7.177906530503313,6.6098730688111065,0.0,1.0,0.0,1.0,0.0,0.0
8,125,5.031130493016914,12.0,0.0,0.0,0.0,1.0,0.0,0.0
9,125,5.513050531933893,1.3389760493430058,1.0,0.0,1.0,0.0,0.0,1.0
10,125,7.150919228526319,4.694511048571664,1.0,0.0,0.0,0.0,1.0,1.0
11,125,9.487812956739026,4.022762927269049,1.0,0.0,1.0,0.0,0.0,1.0
12,125,1.559240404462278,0.4630851625235739,0.0,0.0,1.0,1.0,0.0,0.0
13,125,4.927940365677312,8.62843616484126,0.0,0.0,1.0,0.0,0.0,0.0
14,125,3.3922016891958866,0.0,1.0,1.0,1.0,0.0,0.0,1.0
15,125,3.005630009722972,6.904388859838192,0.0,0.0,0.0,1.0,1.0,0.0
16,125,7.971883697315506,7.240720870115652,0.0,0.0,0.0,0.0,1.0,1.0
17,125,4.214370205654005,7.1589937968092725,0.0,0.0,0.0,0.0,1.0,1.0
18,125,10.974698113714208,2.473105869906763,0.0,1.0,0.0,0.0,0.0,1.0
19,125,3.6285478253597567,11.598419267293307,0.0,1.0,0.0,0.0,1.0,0.0
0,130,1.6761067755100705,10.202530681375956,0.0,0.0,1.0,1.0,1.0,0.0
1,130,10.852146506612897,2.646760698178483,0.0,0.0,1.0,0.0,0.0,0.0
2,130,12.0,0.3969675112051185,1.0,0.0,0.0,1.0,1.0,1.0
3,130,0.6878028770730972,7.010814821866821,0.0,0.0,0.0,0.0,1.0,1.0
4,130,0.0,8.201625678443534,1.0,0.0,1.0,0.0,1.0,1.0
5,130,8.369615825473133,10.30923687790662,0.0,1.0,0.0,0.0,0.0,0.0
6,130,6.591638998642929,4.843810793118567,0.0,1.0,0.0,1.0,1.0,0.0
7,130,7.188614648368133,6.499093091596871,0.0,1.0,0.0,1.0,0.0,0.0
8,130,5.071679202886712,12.0,0.0,0.0,0.0,1.0,0.0,0.0
9,130,5.472415696311124,1.3215364989139973,1.0,0.0,1.0,0.0,0.0,1.0
10,130,7.15010173908269,4.921688980932958,1.0,0.0,0.0,0.0,1.0,1.0
11,130,9.54286052610133,4.0210945472623365,1.0,0.0,1.0,0.0,0.0,1.0
12,130,1.4271162689260026,0.4388413983226563,0.0,0.0,1.0,1.0,0.0,0.0
13,130,5.068298085328492,8.535002564895136,0.0,0.0,1.0,0.0,0.0,0.0
14,130,3.3969274977371007,0.0,1.0,1.0,1.0,0.0,0.0,1.0
15,130,3.0153241777639117,6.903654301334809,0.0,0.0,0.0,1.0,1.0,0.0
16,130,7.921384965305622,7.216830765753688,0.0,0.0,0.0,0.0,1.0,1.0
17,130,4.167638279281953,7.123803932922184,0.0,0.0,0.0,0.0,1.0,1.0
18,130,11.023524363827123,2.3053429864509214,0.0,1.0,0.0,0.0,0.0,1.0
19,130,3.842161686085792,11.57361909687176,0.0,1.0,0.0,0.0,1.0,0.0
0,135,1.650421967786884,10.169206797013036,0.0,0.0,1.0,1.0,1.0,0.0
1,135,10.862135097714493,2.636647721354287,0.0,0.0,1.0,0.0,0.0,0.0
2,135,12.0,0.3983468846476624,1.0,0.0,0.0,1.0,1.0,1.0
3,135,0.7142093565545573,7.058320922231412,0.0,0.0,0.0,0.0,1.0,1.0
4,135,0.0,8.104838546014573,1.0,0.0,1.0,0.0,1.0,1.0
5,135,8.356552889205313,10.316686575374767,0.0,1.0,0.0,0.0,0.0,0.0
6,135,6.542569759699331,4.911687632026903,0.0,1.0,0.0,1.0,1.0,0.0
7,135,7.195820392592468,6.406584992942449,0.0,1.0,0.0,1.0,0.0,0.0
8,135,5.117909052902717,12.0,0.0,0.0,0.0,1.0,0.0,0.0
9,135,5.429651282694653,1.3036142057524975,1.0,0.0,1.0,0.0,0.0,1.0
10,135,7.152744455203191,5.131441768041031,1.0,0.0,0.0,0.0,1.0,1.0
11,135,9.595598248457463,4.020360118486224,1.0,0.0,1.0,0.0,0.0,1.0
12,135,1.2822055232658474,0.4106642620738761,0.0,0.0,1.0,1.0,0.0,0.0
13,135,5.201273166880469,8.445270605190485,0.0,0.0,1.0,0.0,0.0,0.0
14,135,3.401192590326681,0.0,1.0,1.0,1.0,0.0,0.0,1.0
15,135,3.041737561566102,6.902365311394812,0.0,0.0,0.0,1.0,1.0,0.0
16,135,7.873574164085733,7.1942011374807695,0.0,0.0,0.0,0.0,1.0,1.0
17,135,4.122864811353704,7.090556339156811,0.0,0.0,0.0,0.0,1.0,1.0
18,135,11.0748339342065,2.125528024884584,0.0,1.0,0.0,0.0,0.0,1.0
19,135,4.053058327090684,11.552114246976888,0.0,1.0,0.0,0.0,1.0,0.0
0,140,1.6363899287190335,10.15144341165863,0.0,0.0,1.0,1.0,1.0,0.0
1,140,10.881733262691553,2.616716058008226,0.0,0.0,1.0,0.0,0.0,0.0
2,140,12.0,0.4012521755976188,1.0,0.0,0.0,1.0,1.0,1.0
3,140,0.7422774734829563,7.112844591040122,0.0,0.0,0.0,0.0,1.0,1.0
4,140,0.0,8.005246415122542,1.0,0.0,1.0,0.0,1.0,1.0
5,140,8.346710322076126,10.32271753021158,0.0,1.0,0.0,0.0,0.0,0.0
6,140,6.493552247335031,4.973780863851317,0.0,1.0,0.0,1.0,1.0,0.0
7,140,7.205966653952477,6.311790069960381,0.0,1.0,0.0,1.0,0.0,0.0
8,140,5.155731824554893,12.0,0.0,0.0,0.0,1.0,0.0,0.0
9,140,5.415437820410973,1.298086658807302,1.0,0.0,1.0,0.0,0.0,1.0
10,140,7.156629543133105,5.358724060246595,1.0,0.0,0.0,0.0,1.0,1.0
11,140,9.661979196597018,4.019492235721682,1.0,0.0,1.0,0.0,0.0,1.0
12,140,1.1450570161665448,0.3845205175364101,0.0,0.0,1.0,1.0,0.0,0.0
13,140,5.324427124609879,8.36073581255612,0.0,0.0,1.0,0.0,0.0,0.0
14,140,3.421010800978737,0.0,1.0,1.0,1.0,0.0,0.0,1.0
15,140,3.063731201657645,6.901106246824553,0.0,0.0,0.0,1.0,1.0,0.0
16,140,7.832067491511489,7.172699872372982,0.0,0.0,0.0,0.0,1.0,1.0
17,140,4.100329934181006,7.074790695658002,0.0,0.0,0.0,0.0,1.0,1.0
18,140,11.12756945151026,1.9385265409651855,0.0,1.0,0.0,0.0,0.0,1.0
19,140,4.273633250359,11.524232859075884,0.0,1.0,0.0,0.0,1.0,0.0
0,145,1.6127684241071514,10.122016569905488,0.0,0.0,1.0,1.0,1.0,0.0
1,145,10.88767707875966,2.6107516556201285,0.0,0.0,1.0,0.0,0.0,0.0
2,145,12.0,0.4105810126355747,1.0,0.0,0.0,1.0,1.0,1.0
3,145,0.7700256144998945,7.172799781309939,0.0,0.0,0.0,0.0,1.0,1.0
4,145,0.0,7.913205000964509,1.0,0.0,1.0,0.0,1.0,1.0
5,145,8.343094415861271,10.325102962042289,0.0,1.0,0.0,0.0,0.0,0.0
6,145,6.4409440904554485,5.03558468622002,0.0,1.0,0.0,1.0,1.0,0.0
7,145,7.21429303416149,6.229489890031084,0.0,1.0,0.0,1.0,0.0,0.0
8,145,5.19537704491219,12.0,0.0,0.0,0.0,1.0,0.0,0.0
9,145,5.396736034134865,1.2908107168005978,1.0,0.0,1.0,0.0,0.0,1.0
10,145,7.156092566820843,5.570964290546475,1.0,0.0,0.0,0.0,1.0,1.0
11,145,9.72442170611448,4.01994038508134,1.0,0.0,1.0,0.0,0.0,1.0
12,145,0.9987987485558316,0.3595135509655503,0.0,0.0,1.0,1.0,0.0,0.0
13,145,5.455098766685658,8.267509412074068,0.0,0.0,1.0,0.0,0.0,0.0
14,145,3.4504224188147994,0.0,1.0,1.0,1.0,0.0,0.0,1.0
15,145,3.0693414629249136,6.900828961536463,0.0,0.0,0.0,1.0,1.0,0.0
16,145,7.783771187987149,7.149661345340292,0.0,0.0,0.0,0.0,1.0,1.0
17,145,4.079592601868059,7.060658612648195,0.0,0.0,0.0,0.0,1.0,1.0
18,145,11.19235880842897,1.7180592139321935,0.0,1.0,0.0,0.0,0.0,1.0
19,145,4.467803526186395,11.495805074247308,0.0,1.0,0.0,0.0,1.0,0.0
0,150,1.581655138983549,10.08462649423976,0.0,0.0,1.0,1.0,1.0,0.0
1,150,10.914191983179592,2.5832403356125804,0.0,0.0,1.0,0.0,0.0,0.0
2,150,12.0,0.4388064872019879,1.0,0.0,0.0,1.0,1.0,1.0
3,150,0.7902654869354747,7.2199405399998176,0.0,0.0,0.0,0.0,1.0,1.0
4,150,0.0,7.815355728382399,1.0,0.0,1.0,0.0,1.0,1.0
5,150,8.34780424550595,10.321850343852203,0.0,1.0,0.0,0.0,0.0,0.0
6,150,6.390020834584835,5.097160609571295,0.0,1.0,0.0,1.0,1.0,0.0
7,150,7.223063922483318,6.1374451519544975,0.0,1.0,0.0,1.0,0.0,0.0
8,150,5.246671708940733,12.0,0.0,0.0,0.0,1.0,0.0,0.0
9,150,5.372002309835903,1.2822401404566908,1.0,0.0,1.0,0.0,0.0,1.0
10,150,7.15714034463933,5.800732629049208,1.0,0.0,0.0,0.0,1.0,1.0
11,150,9.784022040952488,4.020247928920339,1.0,0.0,1.0,0.0,0.0,1.0
12,150,0.8332067538402199,0.3299425559185731,0.0,0.0,1.0,1.0,0.0,0.0
13,150,5.602544520929297,8.163247818981636,0.0,0.0,1.0,0.0,0.0,0.0
14,150,3.475270987238772,0.0,1.0,1.0,1.0,0.0,0.0,1.0
15,150,3.073963569942848,6.900624759743799,0.0,0.0,0.0,1.0,1.0,0.0
16,150,7.743911777187875,7.129516931662288,0.0,0.0,0.0,0.0,1.0,1.0
17,150,4.059554800205475,7.04697972721704,0.0,0.0,0.0,0.0,1.0,1.0
18,150,11.252133384515862,1.5020359936419412,0.0,1.0,0.0,0.0,0.0,1.0
19,150,4.691954327282229,11.466575376578694,0.0,1.0,0.0,0.0,1.0,0.0
0,155,1.54032721938761,10.037511895142746,0.0,0.0,1.0,1.0,1.0,0.0
1,155,10.941509023585306,2.555443849501595,0.0,0.0,1.0,0.0,0.0,0.0
2,155,12.0,0.4644511620566396,1.0,0.0,0.0,1.0,1.0,1.0
3,155,0.814742286748094,7.277867412348706,0.0,0.0,0.0,0.0,1.0,1.0
4,155,0.0,7.715068610719987,1.0,0.0,1.0,0.0,1.0,1.0
5,155,8.342083599713893,10.325960197710092,0.0,1.0,0.0,0.0,0.0,0.0
6,155,6.345441327383002,5.150279510900233,0.0,1.0,0.0,1.0,1.0,0.0
7,155,7.231236792780196,6.053501948091293,0.0,1.0,0.0,1.0,0.0,0.0
8,155,5.308094691934572,12.0,0.0,0.0,0.0,1.0,0.0,0.0
9,155,5.372052083694284,1.2822580055623636,1.0,0.0,1.0,0.0,0.0,1.0
10,155,7.152309317347343,6.041258333200247,1.0,0.0,0.0,0.0,1.0,1.0
11,155,9.830575017954846,4.021314875376012,1.0,0.0,1.0,0.0,0.0,1.0
12,155,0.6643357925539364,0.2997367645537927,0.0,0.0,1.0,1.0,0.0,0.0
13,155,5.747755730169282,8.062678534822998,0.0,0.0,1.0,0.0,0.0,0.0
14,155,3.5153845675383506,0.0,1.0,1.0,1.0,0.0,0.0,1.0
15,155,3.085309809250981,6.900132768266278,0.0,0.0,0.0,1.0,1.0,0.0
16,155,7.714546265719732,7.114608416277649,0.0,0.0,0.0,0.0,1.0,1.0
17,155,4.058098842589227,7.046044022078949,0.0,0.0,0.0,0.0,1.0,1.0
18,155,11.316361202913104,1.2810333044401645,0.0,1.0,0.0,0.0,0.0,1.0
19,155,4.9218499385153285,11.439231084161303,0.0,1.0,0.0,0.0,1.0,0.0
0,160,1.5107532971786166,10.00447813536451,0.0,0.0,1.0,1.0,1.0,0.0
1,160,10.97999556728566,2.5146948884728872,0.0,0.0,1.0,0.0,0.0,0.0
2,160,12.0,0.5066978398539594,1.0,0.0,0.0,1.0,1.0,1.0
3,160,0.8287971403616955,7.3126434439865236,0.0,0.0,0.0,0.0,1.0,1.0
4,160,0.0,7.6066546275970595,1.0,0.0,1.0,0.0,1.0,1.0
5,160,8.323700653607197,10.339969107007713,0.0,1.0,0.0,0.0,0.0,0.0
6,160,6.307832293498854,5.195417018610823,0.0,1.0,0.0,1.0,1.0,0.0
7,160,7.240379659034904,5.94287807165597,0.0,1.0,0.0,1.0,0.0,0.0
8,160,5.381121814978549,12.0,0.0,0.0,0.0,1.0,0.0,0.0
9,160,5.3628990933371705,1.2785599132570895,1.0,0.0,1.0,0.0,0.0,1.0
10,160,7.142876054533282,6.255796528192457,1.0,0.0,0.0,0.0,1.0,1.0
11,160,9.879753432840907,4.02251188480999,1.0,0.0,1.0,0.0,0.0,1.0
12,160,0.4846087558919316,0.265929123452838,0.0,0.0,1.0,1.0,0.0,0.0
13,160,5.900933520917685,7.957213457155554,0.0,0.0,1.0,0.0,0.0,0.0
14,160,3.5547412193537262,0.0,1.0,1.0,1.0,0.0,0.0,1.0
15,160,3.0797614806919595,6.900381902348554,0.0,0.0,0.0,1.0,1.0,0.0
16,160,7.682440320072083,7.0993771176121045,0.0,0.0,0.0,0.0,1.0,1.0
17,160,4.073312301625388,7.055625470219342,0.0,0.0,0.0,0.0,1.0,1.0
18,160,11.388082758565885,1.0729588681019182,0.0,1.0,0.0,0.0,0.0,1.0
19,160,5.176783122199925,11.406822218034522,0.0,1.0,0.0,0.0,1.0,0.0
0,165,1.4919347112647974,9.983565619114117,0.0,0.0,1.0,1.0,1.0,0.0
1,165,11.020838061752428,2.469767143683192,0.0,0.0,1.0,0.0,0.0,0.0
2,165,12.0,0.5674138076044826,1.0,0.0,0.0,1.0,1.0,1.0
3,165,0.8414824184305899,7.345945894798535,0.0,0.0,0.0,0.0,1.0,1.0
4,165,0.0,7.522851348634575,1.0,0.0,1.0,0.0,1.0,1.0
5,165,8.30624648693641,10.3523800990957,0.0,1.0,0.0,0.0,0.0,0.0
6,165,6.2687268716822,5.24308817982984,0.0,1.0,0.0,1.0,1.0,0.0
7,165,7.246724080446721,5.845102590401198,0.0,1.0,0.0,1.0,0.0,0.0
8,165,5.458615384903191,12.0,0.0,0.0,0.0,1.0,0.0,0.0
9,165,5.3367669212956805,1.2680200046705457,1.0,0.0,1.0,0.0,0.0,1.0
10,165,7.124789149537777,6.4500638716794105,1.0,0.0,0.0,0.0,1.0,1.0
11,165,9.928886547884948,4.023105210686394,1.0,0.0,1.0,0.0,0.0,1.0
12,165,0.3076827596268097,0.2335464554966508,0.0,0.0,1.0,1.0,0.0,0.0
13,165,6.0526248765176485,7.8505006154110015,0.0,0.0,1.0,0.0,0.0,0.0
14,165,3.5711027252619,0.0,1.0,1.0,1.0,0.0,0.0,1.0
15,165,3.057628260878391,6.901133713370204,0.0,0.0,0.0,1.0,1.0,0.0
16,165,7.648606175876545,7.08276095195783,0.0,0.0,0.0,0.0,1.0,1.0
17,165,4.072053479541142,7.054847604007172,0.0,0.0,0.0,0.0,1.0,1.0
18,165,11.464552641064197,0.8617000107159247,0.0,1.0,0.0,0.0,0.0,1.0
19,165,5.444997645176366,11.365461888970204,0.0,1.0,0.0,0.0,1.0,0.0
0,170,1.4776135046281182,9.967628243249528,0.0,0.0,1.0,1.0,1.0,0.0
1,170,11.038017342291548,2.4502259783110927,0.0,0.0,1.0,0.0,0.0,0.0
2,170,12.0,0.6268697179248872,1.0,0.0,0.0,1.0,1.0,1.0
3,170,0.8545167019446065,7.378555800221853,0.0,0.0,0.0,0.0,1.0,1.0
4,170,0.0,7.433702421673511,1.0,0.0,1.0,0.0,1.0,1.0
5,170,8.286151128642878,10.366930826926716,0.0,1.0,0.0,0.0,0.0,0.0
6,170,6.240078610509487,5.277221598299805,0.0,1.0,0.0,1.0,1.0,0.0
7,170,7.252800258814295,5.729431385890782,0.0,1.0,0.0,1.0,0.0,0.0
8,170,5.533922664847977,12.0,0.0,0.0,0.0,1.0,0.0,0.0
9,170,5.292196917997927,1.2499315570486804,1.0,0.0,1.0,0.0,0.0,1.0
10,170,7.1052582011557295,6.635753692418676,1.0,0.0,0.0,0.0,1.0,1.0
11,170,9.973013374077034,4.023692732847455,1.0,0.0,1.0,0.0,0.0,1.0
12,170,0.124097912841661,0.193453475914838,0.0,0.0,1.0,1.0,0.0,0.0
13,170,6.212349935753596,7.734433764647121,0.0,0.0,1.0,0.0,0.0,0.0
14,170,3.6102158765110826,0.0,1.0,1.0,1.0,0.0,0.0,1.0
15,170,3.0360892793334817,6.902016619391583,0.0,0.0,0.0,1.0,1.0,0.0
16,170,7.615758371795782,7.0652517946974935,0.0,0.0,0.0,0.0,1.0,1.0
17,170,4.070693038753528,7.054017384978149,0.0,0.0,0.0,0.0,1.0,1.0
18,170,11.535618063036406,0.6542303916507811,0.0,1.0,0.0,0.0,0.0,1.0
19,170,5.711650424789738,11.328224755227192,0.0,1.0,0.0,0.0,1.0,0.0
0,175,1.46949037770037,9.958394215401851,0.0,0.0,1.0,1.0,1.0,0.0
1,175,11.037296424390105,2.451061262711224,0.0,0.0,1.0,0.0,0.0,0.0
2,175,12.0,0.6802039193146544,1.0,0.0,0.0,1.0,1.0,1.0
3,175,0.8651055558622052,7.4084011428016785,0.0,0.0,0.0,0.0,1.0,1.0
4,175,0.0,7.350191946802372,1.0,0.0,1.0,0.0,1.0,1.0
5,175,8.257752605271458,10.387416491593838,0.0,1.0,0.0,0.0,0.0,0.0
6,175,6.215296946218637,5.306003095169829,0.0,1.0,0.0,1.0,1.0,0.0
7,175,7.259088532361307,5.623645341721437,0.0,1.0,0.0,1.0,0.0,0.0
8,175,5.615040485043204,12.0,0.0,0.0,0.0,1.0,0.0,0.0
9,175,5.245252925915201,1.2314689719602123,1.0,0.0,1.0,0.0,0.0,1.0
10,175,7.091932431546303,6.8137565909779285,1.0,0.0,0.0,0.0,1.0,1.0
11,175,9.986026518797445,4.024426684520316,1.0,0.0,1.0,0.0,0.0,1.0
12,175,0.0,0.150496466034873,0.0,0.0,1.0,1.0,0.0,0.0
13,175,6.368950175227602,7.620400817969827,0.0,0.0,1.0,0.0,0.0,0.0
14,175,3.653063435993224,0.0,1.0,1.0,1.0,0.0,0.0,1.0
15,175,3.028731755290663,6.902378526147196,0.0,0.0,0.0,1.0,1.0,0.0
16,175,7.588284689756576,7.049355066114324,0.0,0.0,0.0,0.0,1.0,1.0
17,175,4.071539893753714,7.054545018957207,0.0,0.0,0.0,0.0,1.0,1.0
18,175,11.599507478143565,0.4577511402086101,0.0,1.0,0.0,0.0,0.0,1.0
19,175,5.990463525189894,11.293216117442189,0.0,1.0,0.0,0.0,1.0,0.0
0,180,1.4702910524062835,9.959325841027402,0.0,0.0,1.0,1.0,1.0,0.0
1,180,11.034194036741146,2.45462365966653,0.0,0.0,1.0,0.0,0.0,0.0
2,180,12.0,0.729829768192604,1.0,0.0,0.0,1.0,1.0,1.0
3,180,0.8733106322555179,7.431352609863685,0.0,0.0,0.0,0.0,1.0,1.0
4,180,0.0,7.269560665245004,1.0,0.0,1.0,0.0,1.0,1.0
5,180,8.245802414806297,10.396196760909652,0.0,1.0,0.0,0.0,0.0,0.0
6,180,6.167831223574591,5.359685255337917,0.0,1.0,0.0,1.0,1.0,0.0
7,180,7.262599239627634,5.539995870503143,0.0,1.0,0.0,1.0,0.0,0.0
8,180,5.7045325728758245,12.0,0.0,0.0,0.0,1.0,0.0,0.0
9,180,5.214652801682539,1.2184948880505206,1.0,0.0,1.0,0.0,0.0,1.0
10,180,7.084076682235938,7.001649708324331,1.0,0.0,0.0,0.0,1.0,1.0
11,180,9.989917399819747,4.024635534394145,1.0,0.0,1.0,0.0,0.0,1.0
12,180,0.0,0.1071180926897065,0.0,0.0,1.0,1.0,0.0,0.0
13,180,6.508831548030866,7.518155167024528,0.0,0.0,1.0,0.0,0.0,0.0
14,180,3.68855276566514,0.0,1.0,1.0,1.0,0.0,0.0,1.0
15,180,3.027164349732216,6.902452359494572,0.0,0.0,0.0,1.0,1.0,0.0
16,180,7.560492721437423,7.034997489181054,0.0,0.0,0.0,0.0,1.0,1.0
17,180,4.081225485085026,7.060829772057303,0.0,0.0,0.0,0.0,1.0,1.0
18,180,11.667434149928145,0.2483651392835363,0.0,1.0,0.0,0.0,0.0,1.0
19,180,6.289326523893211,11.24679758617367,0.0,1.0,0.0,0.0,1.0,0.0
0,185,1.4615863209255158,9.94900465779225,0.0,0.0,1.0,1.0,1.0,0.0
1,185,11.042232919179302,2.444786204663147,0.0,0.0,1.0,0.0,0.0,0.0
2,185,12.0,0.7826111853438462,1.0,0.0,0.0,1.0,1.0,1.0
3,185,0.8763113234198258,7.439337434234836,0.0,0.0,0.0,0.0,1.0,1.0
4,185,0.0,7.175993156931623,1.0,0.0,1.0,0.0,1.0,1.0
5,185,8.23503993959646,10.403652822359478,0.0,1.0,0.0,0.0,0.0,0.0
6,185,6.119788897417531,5.412921251889178,0.0,1.0,0.0,1.0,1.0,0.0
7,185,7.265308544759188,5.450052747544927,0.0,1.0,0.0,1.0,0.0,0.0
8,185,5.787369254708369,12.0,0.0,0.0,0.0,1.0,0.0,0.0
9,185,5.158982982442766,1.194914205546302,1.0,0.0,1.0,0.0,0.0,1.0
10,185,7.078601632062297,7.203314940543301,1.0,0.0,0.0,0.0,1.0,1.0
11,185,9.97095874647474,4.02392118129165,1.0,0.0,1.0,0.0,0.0,1.0
12,185,0.0,0.0678519621585859,0.0,0.0,1.0,1.0,0.0,0.0
13,185,6.644969196133295,7.420041349947564,0.0,0.0,1.0,0.0,0.0,0.0
14,185,3.724075571770087,0.0,1.0,1.0,1.0,0.0,0.0,1.0
15,185,3.0340574438075367,6.902411490541994,0.0,0.0,0.0,1.0,1.0,0.0
16,185,7.524669826564841,7.016650633382583,0.0,0.0,0.0,0.0,1.0,1.0
17,185,4.093385760754492,7.0681854740777625,0.0,0.0,0.0,0.0,1.0,1.0
18,185,11.735283001724476,0.0261020797485858,0.0,1.0,0.0,0.0,0.0,1.0
19,185,6.597774852623228,11.189669266527748,0.0,1.0,0.0,0.0,1.0,0.0
0,190,1.4614405286526857,9.94883651728588,0.0,0.0,1.0,1.0,1.0,0.0
1,190,11.031888917760831,2.457167181076088,0.0,0.0,1.0,0.0,0.0,0.0
2,190,12.0,0.8157001210890041,1.0,0.0,0.0,1.0,1.0,1.0
3,190,0.8768681888529312,7.440865785619397,0.0,0.0,0.0,0.0,1.0,1.0
4,190,0.0,7.090676402845343,1.0,0.0,1.0,0.0,1.0,1.0
5,190,8.226381565560617,10.409716118345631,0.0,1.0,0.0,0.0,0.0,0.0
6,190,6.063988395705942,5.475521312902588,0.0,1.0,0.0,1.0,1.0,0.0
7,190,7.269970902078962,5.332873779311099,0.0,1.0,0.0,1.0,0.0,0.0
8,190,5.877099197071947,12.0,0.0,0.0,0.0,1.0,0.0,0.0
9,190,5.10044254220275,1.1713920672253963,1.0,0.0,1.0,0.0,0.0,1.0
10,190,7.076216194212742,7.3895032066852115,1.0,0.0,0.0,0.0,1.0,1.0
11,190,9.961631698204778,4.02366733274552,1.0,0.0,1.0,0.0,0.0,1.0
12,190,0.0,0.0297145322706498,0.0,0.0,1.0,1.0,0.0,0.0
13,190,6.782967414017969,7.32343255070448,0.0,0.0,1.0,0.0,0.0,0.0
14,190,3.7544552155445055,0.0,1.0,1.0,1.0,0.0,0.0,1.0
15,190,3.0165024697248075,6.903081112027788,0.0,0.0,0.0,1.0,1.0,0.0
16,190,7.487614583282992,6.997974794398457,0.0,0.0,0.0,0.0,1.0,1.0
17,190,4.106537114470356,7.07668484040117,0.0,0.0,0.0,0.0,1.0,1.0
18,190,11.801992821166436,0.0,0.0,1.0,0.0,0.0,0.0,1.0
19,190,6.915072839968957,11.138216267622196,0.0,1.0,0.0,0.0,1.0,0.0
0,195,1.4599590672962672,9.94715264594377,0.0,0.0,1.0,1.0,1.0,0.0
1,195,11.024102186361992,2.4669950833088863,0.0,0.0,1.0,0.0,0.0,0.0
2,195,12.0,0.8463980921652718,1.0,0.0,0.0,1.0,1.0,1.0
3,195,0.871882004210525,7.428056113399675,0.0,0.0,0.0,0.0,1.0,1.0
4,195,0.0,7.0012611127967626,1.0,0.0,1.0,0.0,1.0,1.0
5,195,8.204573099255875,10.424591859361051,0.0,1.0,0.0,0.0,0.0,0.0
6,195,6.019551687417841,5.523634832523655,0.0,1.0,0.0,1.0,1.0,0.0
7,195,7.274731207961108,5.23230621579058,0.0,1.0,0.0,1.0,0.0,0.0
8,195,5.970677542619374,12.0,0.0,0.0,0.0,1.0,0.0,0.0
9,195,5.065473040798072,1.157433982761388,1.0,0.0,1.0,0.0,0.0,1.0
10,195,7.069343324629156,7.568223257114153,1.0,0.0,0.0,0.0,1.0,1.0
11,195,9.96676515634076,4.0238444430710665,1.0,0.0,1.0,0.0,0.0,1.0
12,195,0.0,0.0,0.0,0.0,1.0,1.0,0.0,0.0
13,195,6.938000485751996,7.215029574245166,0.0,0.0,1.0,0.0,0.0,0.0
14,195,3.7843627038544936,0.0,1.0,1.0,1.0,0.0,0.0,1.0
15,195,3.0105252907969606,6.903282589333839,0.0,0.0,0.0,1.0,1.0,0.0
16,195,7.452950544202786,6.980402875341614,0.0,0.0,0.0,0.0,1.0,1.0
17,195,4.120846758472254,7.08534114903987,0.0,0.0,0.0,0.0,1.0,1.0
18,195,11.86818963290751,0.0,0.0,1.0,0.0,0.0,0.0,1.0
19,195,7.241704425283801,11.09113098496094,0.0,1.0,0.0,0.0,1.0,0.0
0,200,1.4541554023461736,9.940469061092816,0.0,0.0,1.0,1.0,1.0,0.0
1,200,11.015020465458797,2.47834467843256,0.0,0.0,1.0,0.0,0.0,0.0
2,200,12.0,0.8523504113772993,1.0,0.0,0.0,1.0,1.0,1.0
3,200,0.8620285015015222,7.40180989837228,0.0,0.0,0.0,0.0,1.0,1.0
4,200,0.0,6.901337522336668,1.0,0.0,1.0,0.0,1.0,1.0
5,200,8.17401449668307,10.446821583172888,0.0,1.0,0.0,0.0,0.0,0.0
6,200,5.9709416206406045,5.5769436724811,0.0,1.0,0.0,1.0,1.0,0.0
7,200,7.2791919788687505,5.132909969165896,0.0,1.0,0.0,1.0,0.0,0.0
8,200,6.063916614054891,12.0,0.0,0.0,0.0,1.0,0.0,0.0
9,200,5.019546625979237,1.1398781241814673,1.0,0.0,1.0,0.0,0.0,1.0
10,200,7.061690054084552,7.73174020219007,1.0,0.0,0.0,0.0,1.0,1.0
11,200,9.981480679473828,4.024904189072536,1.0,0.0,1.0,0.0,0.0,1.0
12,200,0.0,0.0,0.0,0.0,1.0,1.0,0.0,0.0
13,200,7.090924381197936,7.104912539295029,0.0,0.0,1.0,0.0,0.0,0.0
14,200,3.826483054354706,0.0,1.0,1.0,1.0,0.0,0.0,1.0
15,200,2.9928883412842224,6.904080874225264,0.0,0.0,0.0,1.0,1.0,0.0
16,200,7.423933320906641,6.965917181803412,0.0,0.0,0.0,0.0,1.0,1.0
17,200,4.138397050504716,7.096376500054392,0.0,0.0,0.0,0.0,1.0,1.0
18,200,11.934025034439712,0.0,0.0,1.0,0.0,0.0,0.0,1.0
19,200,7.557757874528692,11.049898346392496,0.0,1.0,0.0,0.0,1.0,0.0
0,205,1.4370375102946873,9.919495524961196,0.0,0.0,1.0,1.0,1.0,0.0
1,205,11.016769979417028,2.476083808715256,0.0,0.0,1.0,0.0,0.0,0.0
2,205,12.0,0.8583401053634122,1.0,0.0,0.0,1.0,1.0,1.0
3,205,0.8523146702645866,7.37511350478886,0.0,0.0,0.0,0.0,1.0,1.0
4,205,0.0,6.810327773254183,1.0,0.0,1.0,0.0,1.0,1.0
5,205,8.139766886304677,10.4706370751556,0.0,1.0,0.0,0.0,0.0,0.0
6,205,5.930729103881855,5.62206054570295,0.0,1.0,0.0,1.0,1.0,0.0
7,205,7.284388425417067,5.051560833375246,0.0,1.0,0.0,1.0,0.0,0.0
8,205,6.13596532845211,12.0,0.0,0.0,0.0,1.0,0.0,0.0
9,205,4.984230063582498,1.126330591500014,1.0,0.0,1.0,0.0,0.0,1.0
10,205,7.054367263576232,7.891543605403451,1.0,0.0,0.0,0.0,1.0,1.0
11,205,9.999122769040198,4.026079377862318,1.0,0.0,1.0,0.0,0.0,1.0
12,205,0.0,0.0,0.0,0.0,1.0,1.0,0.0,0.0
13,205,7.245184516503151,6.993504614021138,0.0,0.0,1.0,0.0,0.0,0.0
14,205,3.8647270626561214,0.0,1.0,1.0,1.0,0.0,0.0,1.0
15,205,2.961652401548079,6.905313351141626,0.0,0.0,0.0,1.0,1.0,0.0
16,205,7.379978918000975,6.9449639140335,0.0,0.0,0.0,0.0,1.0,1.0
17,205,4.162157212496109,7.112180917047082,0.0,0.0,0.0,0.0,1.0,1.0
18,205,11.998830904182938,0.0,0.0,1.0,0.0,0.0,0.0,1.0
19,205,7.87745489479301,11.01076092603427,0.0,1.0,0.0,0.0,1.0,0.0
0,210,1.4135238214662793,9.89001893062436,0.0,0.0,1.0,1.0,1.0,0.0
1,210,11.016842141775063,2.4759912054290414,0.0,0.0,1.0,0.0,0.0,0.0
2,210,12.0,0.8610361953960665,1.0,0.0,0.0,1.0,1.0,1.0
3,210,0.8413097984872867,7.344777563792225,0.0,0.0,0.0,0.0,1.0,1.0
4,210,0.0,6.723300855739743,1.0,0.0,1.0,0.0,1.0,1.0
5,210,8.09730624654273,10.500736146263824,0.0,1.0,0.0,0.0,0.0,0.0
6,210,5.893820082584875,5.663312447580784,0.0,1.0,0.0,1.0,1.0,0.0
7,210,7.289210087099615,4.991169411879982,0.0,1.0,0.0,1.0,0.0,0.0
8,210,6.208526151864782,12.0,0.0,0.0,0.0,1.0,0.0,0.0
9,210,4.938889266592323,1.1087883419665991,1.0,0.0,1.0,0.0,0.0,1.0
10,210,7.056090411437513,8.047110999628497,1.0,0.0,0.0,0.0,1.0,1.0
11,210,10.015159681814126,4.027051828053748,1.0,0.0,1.0,0.0,0.0,1.0
12,210,0.0,0.0,0.0,0.0,1.0,1.0,0.0,0.0
13,210,7.384366476952116,6.894252684774092,0.0,0.0,1.0,0.0,0.0,0.0
14,210,3.9144636981014833,0.0,1.0,1.0,1.0,0.0,0.0,1.0
15,210,2.9260443331837185,6.907363482411784,0.0,0.0,0.0,1.0,1.0,0.0
16,210,7.3509192320813,6.931104078912576,0.0,0.0,0.0,0.0,1.0,1.0
17,210,4.1809884803311,7.12461180209542,0.0,0.0,0.0,0.0,1.0,1.0
18,210,12.0,0.0,0.0,1.0,0.0,0.0,0.0,1.0
19,210,8.195624899708676,10.963601813416783,0.0,1.0,0.0,0.0,1.0,0.0
0,215,1.4077165876991795,9.883343493781174,0.0,0.0,1.0,1.0,1.0,0.0
1,215,11.02420371484648,2.466476371277168,0.0,0.0,1.0,0.0,0.0,0.0
2,215,11.99769872143125,0.8582121798967617,1.0,0.0,0.0,1.0,1.0,1.0
3,215,0.8289693604483659,7.308815829019753,0.0,0.0,0.0,0.0,1.0,1.0
4,215,0.0,6.632843998343781,1.0,0.0,1.0,0.0,1.0,1.0
5,215,8.059605329113522,10.526801678421478,0.0,1.0,0.0,0.0,0.0,0.0
6,215,5.854947300801214,5.7050333982993005,0.0,1.0,0.0,1.0,1.0,0.0
7,215,7.294023190127725,4.91855795526195,0.0,1.0,0.0,1.0,0.0,0.0
8,215,6.284298751168272,12.0,0.0,0.0,0.0,1.0,0.0,0.0
9,215,4.888942090948664,1.0906798203111183,1.0,0.0,1.0,0.0,0.0,1.0
10,215,7.056370020857578,8.207546694629118,1.0,0.0,0.0,0.0,1.0,1.0
11,215,10.042628365514007,4.027653690691821,1.0,0.0,1.0,0.0,0.0,1.0
12,215,0.0,0.0,0.0,0.0,1.0,1.0,0.0,0.0
13,215,7.507164246015449,6.806504086589505,0.0,0.0,1.0,0.0,0.0,0.0
14,215,3.9610891519566063,0.0,1.0,1.0,1.0,0.0,0.0,1.0
15,215,2.892399857503095,6.909645430671183,0.0,0.0,0.0,1.0,1.0,0.0
16,215,7.363904143851389,6.904868675172153,0.0,0.0,0.0,0.0,1.0,1.0
17,215,4.197418818081183,7.135112016539027,0.0,0.0,0.0,0.0,1.0,1.0
18,215,12.0,0.0,0.0,1.0,0.0,0.0,0.0,1.0
19,215,8.543795323330912,10.916354394627582,0.0,1.0,0.0,0.0,1.0,0.0
0,220,1.4084206282403826,9.88417594431322,0.0,0.0,1.0,1.0,1.0,0.0
1,220,11.033363031691774,2.454629262451843,0.0,0.0,1.0,0.0,0.0,0.0
2,220,12.0,0.8708253252518966,1.0,0.0,0.0,1.0,1.0,1.0
3,220,0.8232018807136648,7.294078310911034,0.0,0.0,0.0,0.0,1.0,1.0
4,220,0.0,6.543348223496388,1.0,0.0,1.0,0.0,1.0,1.0
5,220,8.014022974885394,10.559507017644014,0.0,1.0,0.0,0.0,0.0,0.0
6,220,5.808420646872848,5.755478909599092,0.0,1.0,0.0,1.0,1.0,0.0
7,220,7.297803890720135,4.850756977335507,0.0,1.0,0.0,1.0,0.0,0.0
8,220,6.369943087062631,12.0,0.0,0.0,0.0,1.0,0.0,0.0
9,220,4.858189510316255,1.0789684280342282,1.0,0.0,1.0,0.0,0.0,1.0
10,220,7.059147314211847,8.374434901941315,1.0,0.0,0.0,0.0,1.0,1.0
11,220,10.044663458938803,4.027701138279132,1.0,0.0,1.0,0.0,0.0,1.0
12,220,0.0,0.0,0.0,0.0,1.0,1.0,0.0,0.0
13,220,7.6262405915999185,6.715906498948809,0.0,0.0,1.0,0.0,0.0,0.0
14,220,4.009541644289094,0.0,1.0,1.0,1.0,0.0,0.0,1.0
15,220,2.824728968578788,6.912483179712933,0.0,0.0,0.0,1.0,1.0,0.0
16,220,7.375996810125297,6.878268604860021,0.0,0.0,0.0,0.0,1.0,1.0
17,220,4.215804399503947,7.147945643398778,0.0,0.0,0.0,0.0,1.0,1.0
18,220,12.0,0.0,0.0,1.0,0.0,0.0,0.0,1.0
19,220,8.910611081552783,10.87622843670933,0.0,1.0,0.0,0.0,1.0,0.0
0,225,1.4060604275523565,9.88147017579275,0.0,0.0,1.0,1.0,1.0,0.0
1,225,11.042977742103163,2.4416976613690182,0.0,0.0,1.0,0.0,0.0,0.0
2,225,12.0,0.8810411932468554,1.0,0.0,0.0,1.0,1.0,1.0
3,225,0.8173492296647364,7.279732112651572,0.0,0.0,0.0,0.0,1.0,1.0
4,225,0.0,6.450535647860583,1.0,0.0,1.0,0.0,1.0,1.0
5,225,7.985431958423077,10.579191303013085,0.0,1.0,0.0,0.0,0.0,0.0
6,225,5.764903691740474,5.804952323019559,0.0,1.0,0.0,1.0,1.0,0.0
7,225,7.302792421273029,4.754425717785146,0.0,1.0,0.0,1.0,0.0,0.0
8,225,6.465852285158116,12.0,0.0,0.0,0.0,1.0,0.0,0.0
9,225,4.825502945391897,1.0671525085535036,1.0,0.0,1.0,0.0,0.0,1.0
10,225,7.0601404275342325,8.558831173480321,1.0,0.0,0.0,0.0,1.0,1.0
11,225,10.043061047550816,4.0276519137254345,1.0,0.0,1.0,0.0,0.0,1.0
12,225,0.0,0.0,0.0,0.0,1.0,1.0,0.0,0.0
13,225,7.748289011035481,6.625217426807556,0.0,0.0,1.0,0.0,0.0,0.0
14,225,4.05439916166724,0.0,1.0,1.0,1.0,0.0,0.0,1.0
15,225,2.773196564874933,6.91363096025244,0.0,0.0,0.0,1.0,1.0,0.0
16,225,7.391400012330852,6.848058882079767,0.0,0.0,0.0,0.0,1.0,1.0
17,225,4.237181228279179,7.16337769814094,0.0,0.0,0.0,0.0,1.0,1.0
18,225,12.0,0.0,0.0,1.0,0.0,0.0,0.0,1.0
19,225,9.285815891091977,10.840452766529696,0.0,1.0,0.0,0.0,1.0,0.0
0,230,1.4088448500616375,9.88457433781824,0.0,0.0,1.0,1.0,1.0,0.0
1,230,11.058193821935545,2.4212565670857957,0.0,0.0,1.0,0.0,0.0,0.0
2,230,12.0,0.8825467749285612,1.0,0.0,0.0,1.0,1.0,1.0
3,230,0.8148120453220212,7.273527010497183,0.0,0.0,0.0,0.0,1.0,1.0
4,230,0.0,6.355991477633988,1.0,0.0,1.0,0.0,1.0,1.0
5,230,7.951199982276519,10.60379544103056,0.0,1.0,0.0,0.0,0.0,0.0
6,230,5.710325968456523,5.865044750196188,0.0,1.0,0.0,1.0,1.0,0.0
7,230,7.308800040838829,4.647802565921167,0.0,1.0,0.0,1.0,0.0,0.0
8,230,6.561276635200901,12.0,0.0,0.0,0.0,1.0,0.0,0.0
9,230,4.776754769142567,1.049577023167911,1.0,0.0,1.0,0.0,0.0,1.0
10,230,7.058990483517235,8.756224462177412,1.0,0.0,0.0,0.0,1.0,1.0
11,230,10.066953113612886,4.02859279574081,1.0,0.0,1.0,0.0,0.0,1.0
12,230,0.0,0.0,0.0,0.0,1.0,1.0,0.0,0.0
13,230,7.853569108775219,6.546374152407955,0.0,0.0,1.0,0.0,0.0,0.0
14,230,4.0928199092959225,0.0,1.0,1.0,1.0,0.0,0.0,1.0
15,230,2.7398430670174125,6.914744203531578,0.0,0.0,0.0,1.0,1.0,0.0
16,230,7.403246714192187,6.825708096117261,0.0,0.0,0.0,0.0,1.0,1.0
17,230,4.262575090284424,7.181989045275671,0.0,0.0,0.0,0.0,1.0,1.0
18,230,12.0,0.0,0.0,1.0,0.0,0.0,0.0,1.0
19,230,9.642566162121838,10.815435915928449,0.0,1.0,0.0,0.0,1.0,0.0
0,235,1.4128080821554978,9.889146641562608,0.0,0.0,1.0,1.0,1.0,0.0
1,235,11.082786078407608,2.3886528581166635,0.0,0.0,1.0,0.0,0.0,0.0
2,235,11.98729724131748,0.8659926041044163,1.0,0.0,0.0,1.0,1.0,1.0
3,235,0.8184556430388117,7.282100793937871,0.0,0.0,0.0,0.0,1.0,1.0
4,235,0.0,6.263495202360186,1.0,0.0,1.0,0.0,1.0,1.0
5,235,7.926080777689798,10.62076768556274,0.0,1.0,0.0,0.0,0.0,0.0
6,235,5.652140518808466,5.929623831341572,0.0,1.0,0.0,1.0,1.0,0.0
7,235,7.311842736007436,4.5502524884132844,0.0,1.0,0.0,1.0,0.0,0.0
8,235,6.684288295454194,11.909967797562883,0.0,0.0,0.0,1.0,0.0,0.0
9,235,4.706778219792452,1.022744379162418,1.0,0.0,1.0,0.0,0.0,1.0
10,235,7.061531934430301,8.949022062511217,1.0,0.0,0.0,0.0,1.0,1.0
11,235,10.079970772129183,4.028794261080116,1.0,0.0,1.0,0.0,0.0,1.0
12,235,0.0,0.0,0.0,0.0,1.0,1.0,0.0,0.0
13,235,7.965755016150591,6.461953921019632,0.0,0.0,1.0,0.0,0.0,0.0
14,235,4.1308287019498575,0.0,1.0,1.0,1.0,0.0,0.0,1.0
15,235,2.706171702008946,6.916148847858488,0.0,0.0,0.0,1.0,1.0,0.0
16,235,7.4139824106157715,6.804725672375614,0.0,0.0,0.0,0.0,1.0,1.0
17,235,4.30066419893579,7.209734705081927,0.0,0.0,0.0,0.0,1.0,1.0
18,235,12.0,0.0701628091256751,0.0,1.0,0.0,0.0,0.0,1.0
19,235,9.990912988367215,10.793529493875113,0.0,1.0,0.0,0.0,1.0,0.0
0,240,1.4061822380072957,9.881344100194504,0.0,0.0,1.0,1.0,1.0,0.0
1,240,11.115980261020209,2.341978565022187,0.0,0.0,1.0,0.0,0.0,0.0
2,240,11.967860535899195,0.840515296957411,1.0,0.0,0.0,1.0,1.0,1.0
3,240,0.8250473959482972,7.296806987208765,0.0,0.0,0.0,0.0,1.0,1.0
4,240,0.0905080223334723,6.108743536426482,1.0,0.0,1.0,0.0,1.0,1.0
5,240,7.895766910438807,10.64100944883194,0.0,1.0,0.0,0.0,0.0,0.0
6,240,5.600128758319189,5.984384269787503,0.0,1.0,0.0,1.0,1.0,0.0
7,240,7.31589501713076,4.437607647647971,0.0,1.0,0.0,1.0,0.0,0.0
8,240,6.789074105150468,11.834009914302897,0.0,0.0,0.0,1.0,0.0,0.0
9,240,4.622754412694332,0.990163421516191,1.0,0.0,1.0,0.0,0.0,1.0
10,240,7.061794774533383,9.134745330369269,1.0,0.0,0.0,0.0,1.0,1.0
11,240,10.076676671041534,4.02866582778758,1.0,0.0,1.0,0.0,0.0,1.0
12,240,0.0,0.0,0.0,0.0,1.0,1.0,0.0,0.0
13,240,8.073691070702255,6.380898868820404,0.0,0.0,1.0,0.0,0.0,0.0
14,240,4.161202223205708,0.0,1.0,1.0,1.0,0.0,0.0,1.0
15,240,2.691996986556081,6.916476187121576,0.0,0.0,0.0,1.0,1.0,0.0
16,240,7.42065540398562,6.791545185435736,0.0,0.0,0.0,0.0,1.0,1.0
17,240,4.340710688448351,7.238459726563353,0.0,0.0,0.0,0.0,1.0,1.0
18,240,12.0,0.134825799819607,0.0,1.0,0.0,0.0,0.0,1.0
19,240,10.33884629426838,10.77534248934451,0.0,1.0,0.0,0.0,1.0,0.0
0,245,1.3932063606343184,9.865502445194451,0.0,0.0,1.0,1.0,1.0,0.0
1,245,11.149913896286826,2.2975495212403603,0.0,0.0,1.0,0.0,0.0,0.0
2,245,11.94483481574902,0.8110040366831507,1.0,0.0,0.0,1.0,1.0,1.0
3,245,0.8285801513121229,7.305193951426173,0.0,0.0,0.0,0.0,1.0,1.0
4,245,0.185663851091417,5.956085690149795,1.0,0.0,1.0,0.0,1.0,1.0
5,245,7.865862455201022,10.66101918786324,0.0,1.0,0.0,0.0,0.0,0.0
6,245,5.570510761103839,6.015637496284164,0.0,1.0,0.0,1.0,1.0,0.0
7,245,7.322356372434744,4.329174160973546,0.0,1.0,0.0,1.0,0.0,0.0
8,245,6.888992573035832,11.7637293931118,0.0,0.0,0.0,1.0,0.0,0.0
9,245,4.515900318624075,0.9506289901360824,1.0,0.0,1.0,0.0,0.0,1.0
10,245,7.059154675839886,9.321901431197302,1.0,0.0,0.0,0.0,1.0,1.0
11,245,10.087879667352023,4.029315709767967,1.0,0.0,1.0,0.0,0.0,1.0
12,245,0.0,0.0,0.0,0.0,1.0,1.0,0.0,0.0
13,245,8.193332375452865,6.291216533002305,0.0,0.0,1.0,0.0,0.0,0.0
14,245,4.196230097235471,0.0,1.0,1.0,1.0,0.0,0.0,1.0
15,245,2.6926373552212293,6.916453335127217,0.0,0.0,0.0,1.0,1.0,0.0
16,245,7.430962418594746,6.771054033154643,0.0,0.0,0.0,0.0,1.0,1.0
17,245,4.387638704471028,7.272624195527817,0.0,0.0,0.0,0.0,1.0,1.0
18,245,12.0,0.1933132958522621,0.0,1.0,0.0,0.0,0.0,1.0
19,245,10.68333352950897,10.747876655422113,0.0,1.0,0.0,0.0,1.0,0.0
0,250,1.3826574941237826,9.85178494992097,0.0,0.0,1.0,1.0,1.0,0.0
1,250,11.190852769713516,2.245989170706213,0.0,0.0,1.0,0.0,0.0,0.0
2,250,11.921761567050572,0.7827545459299059,1.0,0.0,0.0,1.0,1.0,1.0
3,250,0.8274569752788983,7.302764186221565,0.0,0.0,0.0,0.0,1.0,1.0
4,250,0.2580814339564989,5.832341614691211,1.0,0.0,1.0,0.0,1.0,1.0
5,250,7.832093435077577,10.684805343276924,0.0,1.0,0.0,0.0,0.0,0.0
6,250,5.5495821142698905,6.038770848963285,0.0,1.0,0.0,1.0,1.0,0.0
7,250,7.327825133597076,4.227699409418804,0.0,1.0,0.0,1.0,0.0,0.0
8,250,6.986857499339616,11.69430709481579,0.0,0.0,0.0,1.0,0.0,0.0
9,250,4.404329505045116,0.9120519339660628,1.0,0.0,1.0,0.0,0.0,1.0
10,250,7.054113831293714,9.506123939280323,1.0,0.0,0.0,0.0,1.0,1.0
11,250,10.10285931993535,4.029816174900619,1.0,0.0,1.0,0.0,0.0,1.0
12,250,0.0,0.0,0.0,0.0,1.0,1.0,0.0,0.0
13,250,8.322355295729237,6.19009167320248,0.0,0.0,1.0,0.0,0.0,0.0
14,250,4.222213177679341,0.0,1.0,1.0,1.0,0.0,0.0,1.0
15,250,2.6714715106316387,6.91731238012217,0.0,0.0,0.0,1.0,1.0,0.0
16,250,7.449762097615998,6.732331725937956,0.0,0.0,0.0,0.0,1.0,1.0
17,250,4.44136134413297,7.31025153915282,0.0,0.0,0.0,0.0,1.0,1.0
18,250,12.0,0.2450663345316688,0.0,1.0,0.0,0.0,0.0,1.0
19,250,11.03362675943278,10.722812277950949,0.0,1.0,0.0,0.0,1.0,0.0
0,255,1.3665894189192171,9.830451558089887,0.0,0.0,1.0,1.0,1.0,0.0
1,255,11.223159096592916,2.2048743309322214,0.0,0.0,1.0,0.0,0.0,0.0
2,255,11.88832855458814,0.7410038417338795,1.0,0.0,0.0,1.0,1.0,1.0
3,255,0.8121894111913405,7.309402012232578,0.0,0.0,0.0,0.0,1.0,1.0
4,255,0.3297291522153725,5.699878241092191,1.0,0.0,1.0,0.0,1.0,1.0
5,255,7.798479975894951,10.708861826349002,0.0,1.0,0.0,0.0,0.0,0.0
6,255,5.529735915496181,6.061652078165718,0.0,1.0,0.0,1.0,1.0,0.0
7,255,7.33186464232995,4.135352675388096,0.0,1.0,0.0,1.0,0.0,0.0
8,255,7.06689918123312,11.639552838656371,0.0,0.0,0.0,1.0,0.0,0.0
9,255,4.282454099828348,0.8750408730769573,1.0,0.0,1.0,0.0,0.0,1.0
10,255,7.049337929473637,9.66824921573312,1.0,0.0,0.0,0.0,1.0,1.0
11,255,10.125311074629863,4.02986743428004,1.0,0.0,1.0,0.0,0.0,1.0
12,255,0.0,0.0,0.0,0.0,1.0,1.0,0.0,0.0
13,255,8.446785817494908,6.097664718144755,0.0,0.0,1.0,0.0,0.0,0.0
14,255,4.258405554497796,0.0,1.0,1.0,1.0,0.0,0.0,1.0
15,255,2.6461270751856025,6.918899816616401,0.0,0.0,0.0,1.0,1.0,0.0
16,255,7.4683597919083775,6.692063806605317,0.0,0.0,0.0,0.0,1.0,1.0
17,255,4.493033491112151,7.346400604314002,0.0,0.0,0.0,0.0,1.0,1.0
18,255,12.0,0.2947014103169625,0.0,1.0,0.0,0.0,0.0,1.0
19,255,11.40302539435509,10.685338916296828,0.0,1.0,0.0,0.0,1.0,0.0
0,260,1.3573292399037318,9.81836709273959,0.0,0.0,1.0,1.0,1.0,0.0
1,260,11.245920515846038,2.1761456783647564,0.0,0.0,1.0,0.0,0.0,0.0
2,260,11.854774350515743,0.7000201361735718,1.0,0.0,0.0,1.0,1.0,1.0
3,260,0.7866363616958668,7.32052583529038,0.0,0.0,0.0,0.0,1.0,1.0
4,260,0.3979039992192757,5.569527669156555,1.0,0.0,1.0,0.0,1.0,1.0
5,260,7.780636049142543,10.722092650738473,0.0,1.0,0.0,0.0,0.0,0.0
6,260,5.501145088435883,6.094765819442724,0.0,1.0,0.0,1.0,1.0,0.0
7,260,7.335654402054493,4.056594039782596,0.0,1.0,0.0,1.0,0.0,0.0
8,260,7.149542670009532,11.583902466073798,0.0,0.0,0.0,1.0,0.0,0.0
9,260,4.148817102923637,0.8365059954318366,1.0,0.0,1.0,0.0,0.0,1.0
10,260,7.046749597990916,9.831411057440905,1.0,0.0,0.0,0.0,1.0,1.0
11,260,10.151679324913324,4.031131664464519,1.0,0.0,1.0,0.0,0.0,1.0
12,260,0.0,0.0,0.0,0.0,1.0,1.0,0.0,0.0
13,260,8.57028344236782,6.005304602769893,0.0,0.0,1.0,0.0,0.0,0.0
14,260,4.288690421515352,0.0,1.0,1.0,1.0,0.0,0.0,1.0
15,260,2.614851786101926,6.920878084258919,0.0,0.0,0.0,1.0,1.0,0.0
16,260,7.486299246542735,6.655730595742968,0.0,0.0,0.0,0.0,1.0,1.0
17,260,4.535769386061512,7.376316311789381,0.0,0.0,0.0,0.0,1.0,1.0
18,260,12.0,0.3490351400317161,0.0,1.0,0.0,0.0,0.0,1.0
19,260,11.76044544093146,10.644756854020772,0.0,1.0,0.0,0.0,1.0,0.0
0,265,1.3380584394354589,9.791663134053874,0.0,0.0,1.0,1.0,1.0,0.0
1,265,11.28121842589312,2.134308887661027,0.0,0.0,1.0,0.0,0.0,0.0
2,265,11.827469218611771,0.6664674993232688,1.0,0.0,0.0,1.0,1.0,1.0
3,265,0.7703233814900526,7.327459538159659,0.0,0.0,0.0,0.0,1.0,1.0
4,265,0.4622917653259095,5.4454902147558455,1.0,0.0,1.0,0.0,1.0,1.0
5,265,7.766897111650025,10.732298545524442,0.0,1.0,0.0,0.0,0.0,0.0
6,265,5.473810716691716,6.126402205265157,0.0,1.0,0.0,1.0,1.0,0.0
7,265,7.339494389884533,3.9935106483219776,0.0,1.0,0.0,1.0,0.0,0.0
8,265,7.227347206601477,11.53144025984809,0.0,0.0,0.0,1.0,0.0,0.0
9,265,4.009751797042224,0.798887219157434,1.0,0.0,1.0,0.0,0.0,1.0
10,265,7.044197388864092,9.992987774515557,1.0,0.0,0.0,0.0,1.0,1.0
11,265,10.159452302244365,4.031730441213476,1.0,0.0,1.0,0.0,0.0,1.0
12,265,0.0,0.0,0.0,0.0,1.0,1.0,0.0,0.0
13,265,8.687646709242006,5.91650544058146,0.0,0.0,1.0,0.0,0.0,0.0
14,265,4.324812169833937,0.0,1.0,1.0,1.0,0.0,0.0,1.0
15,265,2.571443994024261,6.924311110593695,0.0,0.0,0.0,1.0,1.0,0.0
16,265,7.507092486677053,6.611681063021286,0.0,0.0,0.0,0.0,1.0,1.0
17,265,4.574161192470293,7.4033514954033075,0.0,0.0,0.0,0.0,1.0,1.0
18,265,12.0,0.3977468142188907,0.0,1.0,0.0,0.0,0.0,1.0
19,265,12.0,10.612904006211377,0.0,1.0,0.0,0.0,1.0,0.0
0,270,1.3196211560114743,9.766972839688192,0.0,0.0,1.0,1.0,1.0,0.0
1,270,11.327184382225688,2.077641513785256,0.0,0.0,1.0,0.0,0.0,0.0
2,270,11.802430129065788,0.6371046841195982,1.0,0.0,0.0,1.0,1.0,1.0
3,270,0.7608373432267488,7.331830689126694,0.0,0.0,0.0,0.0,1.0,1.0
4,270,0.5136928217680541,5.341867008863542,1.0,0.0,1.0,0.0,1.0,1.0
5,270,7.765850483158714,10.733098101903895,0.0,1.0,0.0,0.0,0.0,0.0
6,270,5.437664118894026,6.167198234972605,0.0,1.0,0.0,1.0,1.0,0.0
7,270,7.345109091184868,3.922217797690906,0.0,1.0,0.0,1.0,0.0,0.0
8,270,7.300119062911189,11.481669198047426,0.0,0.0,0.0,1.0,0.0,0.0
9,270,3.8654024559330313,0.7584906125678941,1.0,0.0,1.0,0.0,0.0,1.0
10,270,7.04150359667003,10.128086708985643,1.0,0.0,0.0,0.0,1.0,1.0
11,270,10.167155634423342,4.032455901263129,1.0,0.0,1.0,0.0,0.0,1.0
12,270,0.0,0.0,0.0,0.0,1.0,1.0,0.0,0.0
13,270,8.817311470554458,5.822477214531214,0.0,0.0,1.0,0.0,0.0,0.0
14,270,4.381252894897176,0.0,1.0,1.0,1.0,0.0,0.0,1.0
15,270,2.5102814702759457,6.929222185630581,0.0,0.0,0.0,1.0,1.0,0.0
16,270,7.529769897477278,6.5661740410646905,0.0,0.0,0.0,0.0,1.0,1.0
17,270,4.618157982956607,7.432540201338887,0.0,0.0,0.0,0.0,1.0,1.0
18,270,12.0,0.452352504657372,0.0,1.0,0.0,0.0,0.0,1.0
19,270,12.0,10.571206366399188,0.0,1.0,0.0,0.0,1.0,0.0
0,275,1.2946453907989146,9.733561109127145,0.0,0.0,1.0,1.0,1.0,0.0
1,275,11.3832576102782,2.0106153143522896,0.0,0.0,1.0,0.0,0.0,0.0
2,275,11.783226894483796,0.6152210050262245,1.0,0.0,0.0,1.0,1.0,1.0
3,275,0.7572424524432261,7.333388760170364,0.0,0.0,0.0,0.0,1.0,1.0
4,275,0.566556127276179,5.234075856001656,1.0,0.0,1.0,0.0,1.0,1.0
5,275,7.747116719510643,10.74729985075043,0.0,1.0,0.0,0.0,0.0,0.0
6,275,5.397963379739225,6.21192767290025,0.0,1.0,0.0,1.0,1.0,0.0
7,275,7.350423241202185,3.864046509856984,0.0,1.0,0.0,1.0,0.0,0.0
8,275,7.256693432488859,11.423659952078577,0.0,0.0,0.0,1.0,0.0,0.0
9,275,3.719419115466951,0.7177180129508366,1.0,0.0,1.0,0.0,0.0,1.0
10,275,7.041309275450466,10.2694197117402,1.0,0.0,0.0,0.0,1.0,1.0
11,275,10.191034634961731,4.034949159173143,1.0,0.0,1.0,0.0,0.0,1.0
12,275,0.0,0.0,0.0,0.0,1.0,1.0,0.0,0.0
13,275,8.95519429210686,5.720606678365447,0.0,0.0,1.0,0.0,0.0,0.0
14,275,4.312210933776229,0.0,1.0,1.0,1.0,0.0,0.0,1.0
15,275,2.4302813948649327,6.9348383341689175,0.0,0.0,0.0,1.0,1.0,0.0
16,275,7.562415435219496,6.499748233342537,0.0,0.0,0.0,0.0,1.0,1.0
17,275,4.661490243118422,7.4615129222727985,0.0,0.0,0.0,0.0,1.0,1.0
18,275,12.0,0.5079065409141539,0.0,1.0,0.0,0.0,0.0,1.0
19,275,12.0,10.542772189172917,0.0,1.0,0.0,0.0,1.0,0.0
0,280,1.2753063173274886,9.707708927590652,0.0,0.0,1.0,1.0,1.0,0.0
1,280,11.420317330260923,1.9638699154637125,0.0,0.0,1.0,0.0,0.0,0.0
2,280,11.7643856556024,0.5921357712198436,1.0,0.0,0.0,1.0,1.0,1.0
3,280,0.759754979458959,7.332234164839408,0.0,0.0,0.0,0.0,1.0,1.0
4,280,0.6227228494518526,5.105315217690867,1.0,0.0,1.0,0.0,1.0,1.0
5,280,7.713042608479887,10.773737812056828,0.0,1.0,0.0,0.0,0.0,0.0
6,280,5.379208035859346,6.232594134540637,0.0,1.0,0.0,1.0,1.0,0.0
7,280,7.354273717315759,3.809939710653513,0.0,1.0,0.0,1.0,0.0,0.0
8,280,7.227920186734902,11.38759616446527,0.0,0.0,0.0,1.0,0.0,0.0
9,280,3.5735562041843942,0.6787340579640435,1.0,0.0,1.0,0.0,0.0,1.0
10,280,7.038153569531712,10.437451010880649,1.0,0.0,0.0,0.0,1.0,1.0
11,280,10.24094174885163,4.040053906536417,1.0,0.0,1.0,0.0,0.0,1.0
12,280,0.0,0.0,0.0,0.0,1.0,1.0,0.0,0.0
13,280,9.09684982932814,5.619469231495429,0.0,0.0,1.0,0.0,0.0,0.0
14,280,4.256402101864443,0.0,1.0,1.0,1.0,0.0,0.0,1.0
15,280,2.3430261199421265,6.941670798987592,0.0,0.0,0.0,1.0,1.0,0.0
16,280,7.586238103205537,6.450780620297941,0.0,0.0,0.0,0.0,1.0,1.0
17,280,4.7029146555786605,7.489250147139872,0.0,0.0,0.0,0.0,1.0,1.0
18,280,12.0,0.5598980187729655,0.0,1.0,0.0,0.0,0.0,1.0
19,280,12.0,10.504306386709008,0.0,1.0,0.0,0.0,1.0,0.0
0,285,1.2389330338863531,9.658680206913376,0.0,0.0,1.0,1.0,1.0,0.0
1,285,11.45559170291282,1.919446167551568,0.0,0.0,1.0,0.0,0.0,0.0
2,285,11.737095614978516,0.5573335740557558,1.0,0.0,0.0,1.0,1.0,1.0
3,285,0.7539476611055461,7.334974588288058,0.0,0.0,0.0,0.0,1.0,1.0
4,285,0.6858375527644458,4.96254358738828,1.0,0.0,1.0,0.0,1.0,1.0
5,285,7.673809027777845,10.802601690528665,0.0,1.0,0.0,0.0,0.0,0.0
6,285,5.350504185049076,6.264024612928153,0.0,1.0,0.0,1.0,1.0,0.0
7,285,7.359591605630056,3.7605295656655184,0.0,1.0,0.0,1.0,0.0,0.0
8,285,7.200190799476127,11.35488840439952,0.0,0.0,0.0,1.0,0.0,0.0
9,285,3.4121064908870284,0.6313330348461024,1.0,0.0,1.0,0.0,0.0,1.0
10,285,7.037767493809923,10.595300920315031,1.0,0.0,0.0,0.0,1.0,1.0
11,285,10.298261916728556,4.046060107250936,1.0,0.0,1.0,0.0,0.0,1.0
12,285,0.0,0.0,0.0,0.0,1.0,1.0,0.0,0.0
13,285,9.22970109774349,5.520819703664251,0.0,0.0,1.0,0.0,0.0,0.0
14,285,4.192821386098092,0.0,1.0,1.0,1.0,0.0,0.0,1.0
15,285,2.268921737709049,6.947092979723711,0.0,0.0,0.0,1.0,1.0,0.0
16,285,7.603226292406343,6.413794046296895,0.0,0.0,0.0,0.0,1.0,1.0
17,285,4.744060493763145,7.516693646144083,0.0,0.0,0.0,0.0,1.0,1.0
18,285,12.0,0.6129214069792779,0.0,1.0,0.0,0.0,0.0,1.0
19,285,12.0,10.459701487983375,0.0,1.0,0.0,0.0,1.0,0.0
0,290,1.210570709585841,9.619934456563769,0.0,0.0,1.0,1.0,1.0,0.0
1,290,11.49743276094244,1.868412915260831,0.0,0.0,1.0,0.0,0.0,0.0
2,290,11.70377329365584,0.5153406905407228,1.0,0.0,0.0,1.0,1.0,1.0
3,290,0.7410881617449406,7.34091970499244,0.0,0.0,0.0,0.0,1.0,1.0
4,290,0.7495803710863338,4.823602601787013,1.0,0.0,1.0,0.0,1.0,1.0
5,290,7.627098874839377,10.836240807661609,0.0,1.0,0.0,0.0,0.0,0.0
6,290,5.319627110378864,6.296528306194936,0.0,1.0,0.0,1.0,1.0,0.0
7,290,7.364500126563734,3.699395974906043,0.0,1.0,0.0,1.0,0.0,0.0
8,290,7.162726337764324,11.310826806956312,0.0,0.0,0.0,1.0,0.0,0.0
9,290,3.2385071234955487,0.5849765992433954,1.0,0.0,1.0,0.0,0.0,1.0
10,290,7.031177683299144,10.761408172748526,1.0,0.0,0.0,0.0,1.0,1.0
11,290,10.35956250164363,4.050800397933364,1.0,0.0,1.0,0.0,0.0,1.0
12,290,0.0,0.0,0.0,0.0,1.0,1.0,0.0,0.0
13,290,9.362410728463315,5.423237283082781,0.0,0.0,1.0,0.0,0.0,0.0
14,290,4.142309641594239,0.0,1.0,1.0,1.0,0.0,0.0,1.0
15,290,2.198651068313611,6.951677666908521,0.0,0.0,0.0,1.0,1.0,0.0
16,290,7.62334280210119,6.37083031243574,0.0,0.0,0.0,0.0,1.0,1.0
17,290,4.776949684201535,7.538001737807719,0.0,0.0,0.0,0.0,1.0,1.0
18,290,12.0,0.6662800759420247,0.0,1.0,0.0,0.0,0.0,1.0
19,290,12.0,10.412801675396532,0.0,1.0,0.0,0.0,1.0,0.0
0,295,1.179988350576015,9.57917418588393,0.0,0.0,1.0,1.0,1.0,0.0
1,295,11.534459785386144,1.8229614027027816,0.0,0.0,1.0,0.0,0.0,0.0
2,295,11.6747156768326,0.4798332517098884,1.0,0.0,0.0,1.0,1.0,1.0
3,295,0.7476628057219015,7.3379277968986845,0.0,0.0,0.0,0.0,1.0,1.0
4,295,0.817152314506081,4.680893178547106,1.0,0.0,1.0,0.0,1.0,1.0
5,295,7.572652303073199,10.875829759524564,0.0,1.0,0.0,0.0,0.0,0.0
6,295,5.311683790127718,6.304707105640047,0.0,1.0,0.0,1.0,1.0,0.0
7,295,7.371499826366069,3.624927068094837,0.0,1.0,0.0,1.0,0.0,0.0
8,295,7.127728207733428,11.268693179519104,0.0,0.0,0.0,1.0,0.0,0.0
9,295,3.0444087686127794,0.534226277958445,1.0,0.0,1.0,0.0,0.0,1.0
10,295,7.02418032938688,10.919347331341369,1.0,0.0,0.0,0.0,1.0,1.0
11,295,10.433716411646106,4.056510127103864,1.0,0.0,1.0,0.0,0.0,1.0
12,295,0.0,0.0,0.0,0.0,1.0,1.0,0.0,0.0
13,295,9.503723666623973,5.3240495636269545,0.0,0.0,1.0,0.0,0.0,0.0
14,295,4.097033569859573,0.0,1.0,1.0,1.0,0.0,0.0,1.0
15,295,2.133849744721853,6.955918077000202,0.0,0.0,0.0,1.0,1.0,0.0
16,295,7.64737900938967,6.318250204799949,0.0,0.0,0.0,0.0,1.0,1.0
17,295,4.810179406945694,7.55897566753961,0.0,0.0,0.0,0.0,1.0,1.0
18,295,12.0,0.720429300030521,0.0,1.0,0.0,0.0,0.0,1.0
19,295,12.0,10.36363634481663,0.0,1.0,0.0,0.0,1.0,0.0
