0,0,12.0,3.9556930312993854,0.0,0.0,1.0,1.0,1.0,0.0
1,0,11.013717335194915,11.97478272764604,0.0,0.0,1.0,0.0,0.0,0.0
2,0,10.95771688586867,11.032541109602828,1.0,0.0,0.0,1.0,1.0,1.0
3,0,12.0,2.041308599408968,0.0,0.0,0.0,0.0,1.0,1.0
4,0,6.045872187040017,6.983264750419798,1.0,0.0,1.0,0.0,1.0,1.0
5,0,4.056413278013074,1.9707534412856984,0.0,1.0,0.0,0.0,0.0,0.0
6,0,4.948591779356519,11.018348584145752,0.0,1.0,0.0,1.0,1.0,0.0
7,0,3.935803416460306,3.0075555148940345,0.0,1.0,0.0,1.0,0.0,0.0
8,0,5.929014704682368,9.06939609760242,0.0,0.0,0.0,1.0,0.0,0.0
9,0,7.049098924766961,10.93183831351431,1.0,0.0,1.0,0.0,0.0,1.0
10,0,2.0182058507413667,6.035958835623553,1.0,0.0,0.0,0.0,1.0,1.0
11,0,12.0,8.995862600271225,1.0,0.0,1.0,0.0,0.0,1.0
12,0,6.026161546440471,6.962744199744781,0.0,0.0,1.0,1.0,0.0,0.0
13,0,3.938879239953781,3.982967034462452,0.0,0.0,1.0,0.0,0.0,0.0
14,0,6.954997454713424,11.034667734381728,1.0,1.0,1.0,0.0,0.0,1.0
15,0,9.039673491941496,5.01344994545313,0.0,0.0,0.0,1.0,1.0,0.0
16,0,9.04307175766984,10.986399369191972,0.0,0.0,0.0,0.0,1.0,1.0
17,0,1.0054906692521406,2.044139676539194,0.0,0.0,0.0,0.0,1.0,1.0
18,0,0.0011541371045105,2.0551979070352293,0.0,1.0,0.0,0.0,0.0,1.0
19,0,0.03223110451033,1.938414774264804,0.0,1.0,0.0,0.0,1.0,0.0
0,5,12.0,3.900539099899736,0.0,0.0,1.0,1.0,1.0,0.0
1,5,11.015689932736803,11.971335676059692,0.0,0.0,1.0,0.0,0.0,0.0
2,5,10.915414560012074,11.06605468534672,1.0,0.0,0.0,1.0,1.0,1.0
3,5,12.0,2.0770365356746714,0.0,0.0,0.0,0.0,1.0,1.0
4,5,6.092355801084607,6.96594062039687,1.0,0.0,1.0,0.0,1.0,1.0
5,5,4.1031973844211285,1.9473056964321007,0.0,1.0,0.0,0.0,0.0,0.0
6,5,4.888310929390069,11.040742664472862,0.0,1.0,0.0,1.0,1.0,0.0
7,5,3.883320882769065,3.0128977111627657,0.0,1.0,0.0,1.0,0.0,0.0
8,5,5.849640780109256,9.140122248993652,0.0,0.0,0.0,1.0,0.0,0.0
9,5,7.095910352550503,10.862046983239404,1.0,0.0,1.0,0.0,0.0,1.0
10,5,2.035142339634789,6.069266184216409,1.0,0.0,0.0,0.0,1.0,1.0
11,5,12.0,8.992781299036716,1.0,0.0,1.0,0.0,0.0,1.0
12,5,6.059444678240963,6.916528035441388,0.0,0.0,1.0,1.0,0.0,0.0
13,5,3.87178236382837,3.966258210225383,0.0,0.0,1.0,0.0,0.0,0.0
14,5,6.923860621067065,11.05810265932291,1.0,1.0,1.0,0.0,0.0,1.0
15,5,9.0981606537845,5.034550052958322,0.0,0.0,0.0,1.0,1.0,0.0
16,5,9.07636351757057,10.975731575362612,0.0,0.0,0.0,0.0,1.0,1.0
17,5,1.008261073760773,2.0700662923633315,0.0,0.0,0.0,0.0,1.0,1.0
18,5,0.0,2.055380080034986,0.0,1.0,0.0,0.0,0.0,1.0
19,5,0.0669544129736472,1.8692307699433024,0.0,1.0,0.0,0.0,1.0,0.0
0,10,12.0,3.850262439938744,0.0,0.0,1.0,1.0,1.0,0.0
1,10,11.00886035502893,11.98349874775375,0.0,0.0,1.0,0.0,0.0,0.0
2,10,10.872917400755975,11.100127399814124,1.0,0.0,0.0,1.0,1.0,1.0
3,10,12.0,2.113253205927452,0.0,0.0,0.0,0.0,1.0,1.0
4,10,6.115747489337394,6.957271064560577,1.0,0.0,1.0,0.0,1.0,1.0
5,10,4.136518515492836,1.9319043779268537,0.0,1.0,0.0,0.0,0.0,0.0
6,10,4.838246367257411,11.059505878660095,0.0,1.0,0.0,1.0,1.0,0.0
7,10,3.836833865503883,3.0178695154530355,0.0,1.0,0.0,1.0,0.0,0.0
8,10,5.764763913967651,9.214703690533726,0.0,0.0,0.0,1.0,0.0,0.0
9,10,7.137728568431103,10.79849645417012,1.0,0.0,1.0,0.0,0.0,1.0
10,10,2.039761591911948,6.078539091611579,1.0,0.0,0.0,0.0,1.0,1.0
11,10,12.0,8.98901465354493,1.0,0.0,1.0,0.0,0.0,1.0
12,10,6.096798761119857,6.864655953871249,0.0,0.0,1.0,1.0,0.0,0.0
13,10,3.798128680568639,3.9474793190019,0.0,0.0,1.0,0.0,0.0,0.0
14,10,6.895070480112988,11.078621829488366,1.0,1.0,1.0,0.0,0.0,1.0
15,10,9.144079091536348,5.052102390730715,0.0,0.0,0.0,1.0,1.0,0.0
16,10,9.082147880923651,10.973874463123265,0.0,0.0,0.0,0.0,1.0,1.0
17,10,1.0114454859122994,2.096593999150901,0.0,0.0,0.0,0.0,1.0,1.0
18,10,0.0,2.0565362233652595,0.0,1.0,0.0,0.0,0.0,1.0
19,10,0.101961308492425,1.8035923985529028,0.0,1.0,0.0,0.0,1.0,0.0
0,15,12.0,3.79418495924382,0.0,0.0,1.0,1.0,1.0,0.0
1,15,11.001405495951593,11.996759828818162,0.0,0.0,1.0,0.0,0.0,0.0
2,15,10.836336107266494,11.129843586687103,1.0,0.0,0.0,1.0,1.0,1.0
3,15,12.0,2.1545409272049287,0.0,0.0,0.0,0.0,1.0,1.0
4,15,6.114451558429275,6.957762052720512,1.0,0.0,1.0,0.0,1.0,1.0
5,15,4.190226807639408,1.9081648674231475,0.0,1.0,0.0,0.0,0.0,0.0
6,15,4.784352892347731,11.080389285828453,0.0,1.0,0.0,1.0,1.0,0.0
7,15,3.7884410796743833,3.0228259454518622,0.0,1.0,0.0,1.0,0.0,0.0
8,15,5.682238036079137,9.287842885478216,0.0,0.0,0.0,1.0,0.0,0.0
9,15,7.174792478370762,10.74004197588267,1.0,0.0,1.0,0.0,0.0,1.0
10,15,2.0430157728873617,6.085019391876217,1.0,0.0,0.0,0.0,1.0,1.0
11,15,12.0,8.983968959072989,1.0,0.0,1.0,0.0,0.0,1.0
12,15,6.125177915135271,6.823640551953183,0.0,0.0,1.0,1.0,0.0,0.0
13,15,3.712017798115499,3.9274021984924015,0.0,0.0,1.0,0.0,0.0,0.0
14,15,6.864452441256344,11.100582738523975,1.0,1.0,1.0,0.0,0.0,1.0
15,15,9.19773556913553,5.071406502804574,0.0,0.0,0.0,1.0,1.0,0.0
16,15,9.063289235100362,10.979079287824836,0.0,0.0,0.0,0.0,1.0,1.0
17,15,1.015925740756842,2.136469886474642,0.0,0.0,0.0,0.0,1.0,1.0
18,15,0.0,2.056099383458597,0.0,1.0,0.0,0.0,0.0,1.0
19,15,0.1325312092505003,1.743118442566712,0.0,1.0,0.0,0.0,1.0,0.0
0,20,12.0,3.7348879553162666,0.0,0.0,1.0,1.0,1.0,0.0
1,20,11.00074015706324,11.997914801254453,0.0,0.0,1.0,0.0,0.0,0.0
2,20,10.822284250835096,11.14135883116064,1.0,0.0,0.0,1.0,1.0,1.0
3,20,12.0,2.1956020820256623,0.0,0.0,0.0,0.0,1.0,1.0
4,20,6.117795709056296,6.956494214609346,1.0,0.0,1.0,0.0,1.0,1.0
5,20,4.2298574391177794,1.8902271568228144,0.0,1.0,0.0,0.0,0.0,0.0
6,20,4.712389288607372,11.108367749029153,0.0,1.0,0.0,1.0,1.0,0.0
7,20,3.750445910688912,3.026766661297524,0.0,1.0,0.0,1.0,0.0,0.0
8,20,5.596685232534616,9.359918770093014,0.0,0.0,0.0,1.0,0.0,0.0
9,20,7.216045080402166,10.67790763523662,1.0,0.0,1.0,0.0,0.0,1.0
10,20,2.0567119958987083,6.111418142094013,1.0,0.0,0.0,0.0,1.0,1.0
11,20,12.0,8.975640012990036,1.0,0.0,1.0,0.0,0.0,1.0
12,20,6.147185028964646,6.792212348390005,0.0,0.0,1.0,1.0,0.0,0.0
13,20,3.626834831037226,3.903391160936292,0.0,0.0,1.0,0.0,0.0,0.0
14,20,6.849626849602968,11.111378687160746,1.0,1.0,1.0,0.0,0.0,1.0
15,20,9.263036772124336,5.094443348558419,0.0,0.0,0.0,1.0,1.0,0.0
16,20,9.043850915222452,10.984625846910182,0.0,0.0,0.0,0.0,1.0,1.0
17,20,1.021560090491349,2.1824183114932354,0.0,0.0,0.0,0.0,1.0,1.0
18,20,0.0,2.05676035275381,0.0,1.0,0.0,0.0,0.0,1.0
19,20,0.1661483783703315,1.6778582750977815,0.0,1.0,0.0,0.0,1.0,0.0
0,25,12.0,3.6925788412891696,0.0,0.0,1.0,1.0,1.0,0.0
1,25,10.988078540185342,12.0,0.0,0.0,1.0,0.0,0.0,0.0
2,25,10.814510815649427,11.148078262981814,1.0,0.0,0.0,1.0,1.0,1.0
3,25,12.0,2.228792883044504,0.0,0.0,0.0,0.0,1.0,1.0
4,25,6.115801308203176,6.951090886374026,1.0,0.0,1.0,0.0,1.0,1.0
5,25,4.260093369377714,1.8766008977809288,0.0,1.0,0.0,0.0,0.0,0.0
6,25,4.623291294736476,11.145555360851006,0.0,1.0,0.0,1.0,1.0,0.0
7,25,3.699069267965875,3.0313571196243414,0.0,1.0,0.0,1.0,0.0,0.0
8,25,5.525653240101574,9.41910932179846,0.0,0.0,0.0,1.0,0.0,0.0
9,25,7.1491080624612495,10.63273491851589,1.0,0.0,1.0,0.0,0.0,1.0
10,25,2.0764741682949808,6.149038458677905,1.0,0.0,0.0,0.0,1.0,1.0
11,25,12.0,8.970487486508356,1.0,0.0,1.0,0.0,0.0,1.0
12,25,6.164338858447939,6.767854843938733,0.0,0.0,1.0,1.0,0.0,0.0
13,25,3.533008111792736,3.878604918393352,0.0,0.0,1.0,0.0,0.0,0.0
14,25,6.846352041415994,11.113837137319116,1.0,1.0,1.0,0.0,0.0,1.0
15,25,9.338216454386114,5.122649174811791,0.0,0.0,0.0,1.0,1.0,0.0
16,25,9.054497597280603,10.981309941826105,0.0,0.0,0.0,0.0,1.0,1.0
17,25,1.0275961191393206,2.2280568729475534,0.0,0.0,0.0,0.0,1.0,1.0
18,25,0.0,2.057306536357947,0.0,1.0,0.0,0.0,0.0,1.0
19,25,0.2047612757630185,1.611427933274475,0.0,1.0,0.0,0.0,1.0,0.0
0,30,12.0,3.671719791208916,0.0,0.0,1.0,1.0,1.0,0.0
1,30,10.980979345789878,12.0,0.0,0.0,1.0,0.0,0.0,0.0
2,30,10.792742753257109,11.167597151560118,1.0,0.0,0.0,1.0,1.0,1.0
3,30,12.0,2.258059466444546,0.0,0.0,0.0,0.0,1.0,1.0
4,30,6.114384590611964,6.947405243226856,1.0,0.0,1.0,0.0,1.0,1.0
5,30,4.275229596838019,1.869887968113632,0.0,1.0,0.0,0.0,0.0,0.0
6,30,4.539365355645975,11.178980859940763,0.0,1.0,0.0,1.0,1.0,0.0
7,30,3.641618370184236,3.0361285266341853,0.0,1.0,0.0,1.0,0.0,0.0
8,30,5.459614087831508,9.477258963865102,0.0,0.0,0.0,1.0,0.0,0.0
9,30,7.070643197926653,10.5805581893811,1.0,0.0,1.0,0.0,0.0,1.0
10,30,2.099756985904045,6.192382807954119,1.0,0.0,0.0,0.0,1.0,1.0
11,30,12.0,8.965997054648023,1.0,0.0,1.0,0.0,0.0,1.0
12,30,6.184600889090733,6.739741823165617,0.0,0.0,1.0,1.0,0.0,0.0
13,30,3.418724504437449,3.848971408679948,0.0,0.0,1.0,0.0,0.0,0.0
14,30,6.8545806252398815,11.107620481580994,1.0,1.0,1.0,0.0,0.0,1.0
15,30,9.421018240421835,5.1549700634112,0.0,0.0,0.0,1.0,1.0,0.0
16,30,9.056194622567086,10.980726615419428,0.0,0.0,0.0,0.0,1.0,1.0
17,30,1.033349969586484,2.2721260375597985,0.0,0.0,0.0,0.0,1.0,1.0
18,30,0.0,2.058865336392063,0.0,1.0,0.0,0.0,0.0,1.0
19,30,0.2468788554944851,1.539303190824723,0.0,1.0,0.0,0.0,1.0,0.0
0,35,12.0,3.6505637354823377,0.0,0.0,1.0,1.0,1.0,0.0
1,35,10.954428262766234,12.0,0.0,0.0,1.0,0.0,0.0,0.0
2,35,10.785356445990455,11.174162518256608,1.0,0.0,0.0,1.0,1.0,1.0
3,35,12.0,2.2823114750855957,0.0,0.0,0.0,0.0,1.0,1.0
4,35,6.116592474745436,6.9530033848432256,1.0,0.0,1.0,0.0,1.0,1.0
5,35,4.305789107458555,1.856448064902534,0.0,1.0,0.0,0.0,0.0,0.0
6,35,4.4737238935107495,11.203422406313903,0.0,1.0,0.0,1.0,1.0,0.0
7,35,3.579906138206898,3.040524757643634,0.0,1.0,0.0,1.0,0.0,0.0
8,35,5.395011037605346,9.532859374454365,0.0,0.0,0.0,1.0,0.0,0.0
9,35,6.979499448225537,10.518602311236746,1.0,0.0,1.0,0.0,0.0,1.0
10,35,2.116968474029618,6.223648662218428,1.0,0.0,0.0,0.0,1.0,1.0
11,35,12.0,8.959672931747614,1.0,0.0,1.0,0.0,0.0,1.0
12,35,6.1913357602853685,6.730951324796225,0.0,0.0,1.0,1.0,0.0,0.0
13,35,3.3037420862085463,3.820461780975948,0.0,0.0,1.0,0.0,0.0,0.0
14,35,6.881612767676012,11.08778500107499,1.0,1.0,1.0,0.0,0.0,1.0
15,35,9.543055835174446,5.199702671021953,0.0,0.0,0.0,1.0,1.0,0.0
16,35,9.064137459259186,10.977990602511948,0.0,0.0,0.0,0.0,1.0,1.0
17,35,1.042810320476564,2.332805305100889,0.0,0.0,0.0,0.0,1.0,1.0
18,35,0.0,2.0605623022254003,0.0,1.0,0.0,0.0,0.0,1.0
19,35,0.2824412009127772,1.479284100464816,0.0,1.0,0.0,0.0,1.0,0.0
0,40,12.0,3.627357285541773,0.0,0.0,1.0,1.0,1.0,0.0
1,40,10.919115508952762,12.0,0.0,0.0,1.0,0.0,0.0,0.0
2,40,10.775768405468046,11.182735770353483,1.0,0.0,0.0,1.0,1.0,1.0
3,40,12.0,2.28037259668914,0.0,0.0,0.0,0.0,1.0,1.0
4,40,6.124210204350981,6.973440919073684,1.0,0.0,1.0,0.0,1.0,1.0
5,40,4.331686856718192,1.845426781190604,0.0,1.0,0.0,0.0,0.0,0.0
6,40,4.427038221590719,11.220701567802305,0.0,1.0,0.0,1.0,1.0,0.0
7,40,3.512930667366512,3.045273064347581,0.0,1.0,0.0,1.0,0.0,0.0
8,40,5.33465469224701,9.587698453100671,0.0,0.0,0.0,1.0,0.0,0.0
9,40,6.863134178640336,10.438663217733222,1.0,0.0,1.0,0.0,0.0,1.0
10,40,2.122980490293568,6.233761477210306,1.0,0.0,0.0,0.0,1.0,1.0
11,40,12.0,8.94996092663335,1.0,0.0,1.0,0.0,0.0,1.0
12,40,6.2041519664363625,6.714431713371848,0.0,0.0,1.0,1.0,0.0,0.0
13,40,3.184783846491588,3.791337457246436,0.0,0.0,1.0,0.0,0.0,0.0
14,40,6.893850922495362,11.07949471593669,1.0,1.0,1.0,0.0,0.0,1.0
15,40,9.697407096673748,5.25791929925758,0.0,0.0,0.0,1.0,1.0,0.0
16,40,9.056649509504927,10.980729944128903,0.0,0.0,0.0,0.0,1.0,1.0
17,40,1.0514077738757848,2.4037158057803425,0.0,0.0,0.0,0.0,1.0,1.0
18,40,0.0,2.0618178038440824,0.0,1.0,0.0,0.0,0.0,1.0
19,40,0.3106260737986381,1.4294027598199015,0.0,1.0,0.0,0.0,1.0,0.0
0,45,12.0,3.6118126305921994,0.0,0.0,1.0,1.0,1.0,0.0
1,45,10.879886882388975,12.0,0.0,0.0,1.0,0.0,0.0,0.0
2,45,10.787477510401464,11.172651594701124,1.0,0.0,0.0,1.0,1.0,1.0
3,45,11.966404672484847,2.2946797952627533,0.0,0.0,0.0,0.0,1.0,1.0
4,45,6.1275865234368085,6.983136457756902,1.0,0.0,1.0,0.0,1.0,1.0
5,45,4.36416979850856,1.831372411413628,0.0,1.0,0.0,0.0,0.0,0.0
6,45,4.402373882247262,11.230169020175111,0.0,1.0,0.0,1.0,1.0,0.0
7,45,3.455110609613812,3.0502286106924483,0.0,1.0,0.0,1.0,0.0,0.0
8,45,5.263401113983497,9.651907133446691,0.0,0.0,0.0,1.0,0.0,0.0
9,45,6.76645517263808,10.372622888605944,1.0,0.0,1.0,0.0,0.0,1.0
10,45,2.129210793534741,6.244605398065464,1.0,0.0,0.0,0.0,1.0,1.0
11,45,12.0,8.941460051167349,1.0,0.0,1.0,0.0,0.0,1.0
12,45,6.223327300711956,6.69076375444004,0.0,0.0,1.0,1.0,0.0,0.0
13,45,3.051184703129066,3.758157755279032,0.0,0.0,1.0,0.0,0.0,0.0
14,45,6.923755215363145,11.0597524876302,1.0,1.0,1.0,0.0,0.0,1.0
15,45,9.860559380290528,5.323146453200618,0.0,0.0,0.0,1.0,1.0,0.0
16,45,9.057832896044903,10.98030419737283,0.0,0.0,0.0,0.0,1.0,1.0
17,45,1.0599943672906342,2.479736455262161,0.0,0.0,0.0,0.0,1.0,1.0
18,45,0.0059177531940289,2.0615523207588478,0.0,1.0,0.0,0.0,0.0,1.0
19,45,0.3440021576236218,1.36857586591452,0.0,1.0,0.0,0.0,1.0,0.0
0,50,12.0,3.5784682520098694,0.0,0.0,1.0,1.0,1.0,0.0
1,50,10.83505394138444,12.0,0.0,0.0,1.0,0.0,0.0,0.0
2,50,10.800899354420569,11.1611989635818,1.0,0.0,0.0,1.0,1.0,1.0
3,50,11.937492629764918,2.3076691115675074,0.0,0.0,0.0,0.0,1.0,1.0
4,50,6.124497424899367,6.974220504111219,1.0,0.0,1.0,0.0,1.0,1.0
5,50,4.410045360883306,1.8103703615595903,0.0,1.0,0.0,0.0,0.0,0.0
6,50,4.3690901069313535,11.24281112922258,0.0,1.0,0.0,1.0,1.0,0.0
7,50,3.3880853021799626,3.0564230197621787,0.0,1.0,0.0,1.0,0.0,0.0
8,50,5.189943666995928,9.721054204320312,0.0,0.0,0.0,1.0,0.0,0.0
9,50,6.672445219981514,10.310922000042266,1.0,0.0,1.0,0.0,0.0,1.0
10,50,2.1346693408550963,6.254536908145641,1.0,0.0,0.0,0.0,1.0,1.0
11,50,12.0,9.048320863234547,1.0,0.0,1.0,0.0,0.0,1.0
12,50,6.237472526924202,6.673737596181415,0.0,0.0,1.0,1.0,0.0,0.0
13,50,2.922557402497721,3.7222648602149135,0.0,0.0,1.0,0.0,0.0,0.0
14,50,6.979203199755187,11.022179646461552,1.0,1.0,1.0,0.0,0.0,1.0
15,50,10.06287238490794,5.402512132994343,0.0,0.0,0.0,1.0,1.0,0.0
16,50,9.041692668692749,10.98599533420676,0.0,0.0,0.0,0.0,1.0,1.0
17,50,1.0644295327008932,2.538451266187659,0.0,0.0,0.0,0.0,1.0,1.0
18,50,0.0108344893836061,2.0613629231009263,0.0,1.0,0.0,0.0,0.0,1.0
19,50,0.3653503580539219,1.3296975236204964,0.0,1.0,0.0,0.0,1.0,0.0
0,55,12.0,3.535325153892931,0.0,0.0,1.0,1.0,1.0,0.0
1,55,10.784759479560009,12.0,0.0,0.0,1.0,0.0,0.0,0.0
2,55,10.822252064562434,11.142917705402445,1.0,0.0,0.0,1.0,1.0,1.0
3,55,11.912618961877538,2.318980357759479,0.0,0.0,0.0,0.0,1.0,1.0
4,55,6.122469266798363,6.9682357207198455,1.0,0.0,1.0,0.0,1.0,1.0
5,55,4.449699374369241,1.7908667590941405,0.0,1.0,0.0,0.0,0.0,0.0
6,55,4.328763502958728,11.25744520643315,0.0,1.0,0.0,1.0,1.0,0.0
7,55,3.312559319119257,3.06121474541492,0.0,1.0,0.0,1.0,0.0,0.0
8,55,5.104587116423488,9.800272353571632,0.0,0.0,0.0,1.0,0.0,0.0
9,55,6.566387986453282,10.244296221287795,1.0,0.0,1.0,0.0,0.0,1.0
10,55,2.144641284209404,6.272132456192348,1.0,0.0,0.0,0.0,1.0,1.0
11,55,12.0,9.145507064644956,1.0,0.0,1.0,0.0,0.0,1.0
12,55,6.258519737520079,6.647941949192599,0.0,0.0,1.0,1.0,0.0,0.0
13,55,2.793540641139144,3.68588141074959,0.0,0.0,1.0,0.0,0.0,0.0
14,55,7.025345467017859,10.990284362732904,1.0,1.0,1.0,0.0,0.0,1.0
15,55,10.25025036084523,5.465387424708996,0.0,0.0,0.0,1.0,1.0,0.0
16,55,9.022282807828196,10.993301293768958,0.0,0.0,0.0,0.0,1.0,1.0
17,55,1.0677654715801743,2.591316931110545,0.0,0.0,0.0,0.0,1.0,1.0
18,55,0.0443403550930776,2.060058179540247,0.0,1.0,0.0,0.0,0.0,1.0
19,55,0.3827080512018074,1.2963789694035992,0.0,1.0,0.0,0.0,1.0,0.0
0,60,12.0,3.485002433177484,0.0,0.0,1.0,1.0,1.0,0.0
1,60,10.73268697938888,12.0,0.0,0.0,1.0,0.0,0.0,0.0
2,60,10.84396911418751,11.12450061366919,1.0,0.0,0.0,1.0,1.0,1.0
3,60,11.87494743500046,2.334657336728089,0.0,0.0,0.0,0.0,1.0,1.0
4,60,6.119628103367242,6.959965885179888,1.0,0.0,1.0,0.0,1.0,1.0
5,60,4.497341594658027,1.7664640536135372,0.0,1.0,0.0,0.0,0.0,0.0
6,60,4.2892564056020674,11.27163607626252,0.0,1.0,0.0,1.0,1.0,0.0
7,60,3.236124096390013,3.0674621632877623,0.0,1.0,0.0,1.0,0.0,0.0
8,60,5.052883561831066,9.847441470985018,0.0,0.0,0.0,1.0,0.0,0.0
9,60,6.469799422643282,10.183314312257352,1.0,0.0,1.0,0.0,0.0,1.0
10,60,2.155677434802868,6.2912605508578,1.0,0.0,0.0,0.0,1.0,1.0
11,60,12.0,9.247719313199108,1.0,0.0,1.0,0.0,0.0,1.0
12,60,6.279607296466143,6.621599521973562,0.0,0.0,1.0,1.0,0.0,0.0
13,60,2.671266649307753,3.6533353980607823,0.0,0.0,1.0,0.0,0.0,0.0
14,60,7.070547751406603,10.956578112026168,1.0,1.0,1.0,0.0,0.0,1.0
15,60,10.422321924782166,5.526463526643028,0.0,0.0,0.0,1.0,1.0,0.0
16,60,9.01213406223784,10.996979314118722,0.0,0.0,0.0,0.0,1.0,1.0
17,60,1.0697227984317392,2.628343991524853,0.0,0.0,0.0,0.0,1.0,1.0
18,60,0.0745100191090126,2.0581047276694875,0.0,1.0,0.0,0.0,0.0,1.0
19,60,0.3921578768128048,1.27740438383733,0.0,1.0,0.0,0.0,1.0,0.0
0,65,12.0,3.422164401471276,0.0,0.0,1.0,1.0,1.0,0.0
1,65,10.678607466321369,12.0,0.0,0.0,1.0,0.0,0.0,0.0
2,65,10.869067004396538,11.102748873900383,1.0,0.0,0.0,1.0,1.0,1.0
3,65,11.82010827596456,2.35968563444726,0.0,0.0,0.0,0.0,1.0,1.0
4,65,6.115131343456075,6.947560029561803,1.0,0.0,1.0,0.0,1.0,1.0
5,65,4.556817631554443,1.735061794772455,0.0,1.0,0.0,0.0,0.0,0.0
6,65,4.244021835933106,11.288055606892469,0.0,1.0,0.0,1.0,1.0,0.0
7,65,3.1696656517433803,3.07078565813164,0.0,1.0,0.0,1.0,0.0,0.0
8,65,5.006066495384663,9.891199194931158,0.0,0.0,0.0,1.0,0.0,0.0
9,65,6.3491786672935815,10.113770872125464,1.0,0.0,1.0,0.0,0.0,1.0
10,65,2.16637379804522,6.310479949034164,1.0,0.0,0.0,0.0,1.0,1.0
11,65,12.0,9.36522888810073,1.0,0.0,1.0,0.0,0.0,1.0
12,65,6.303280011681266,6.592610136544274,0.0,0.0,1.0,1.0,0.0,0.0
13,65,2.561806231682166,3.622761470476336,0.0,0.0,1.0,0.0,0.0,0.0
14,65,7.12480082483688,10.912621068455747,1.0,1.0,1.0,0.0,0.0,1.0
15,65,10.593401041298298,5.586802152748771,0.0,0.0,0.0,1.0,1.0,0.0
16,65,8.991982698899433,11.004054859967534,0.0,0.0,0.0,0.0,1.0,1.0
17,65,1.0714422836537805,2.6546487405859285,0.0,0.0,0.0,0.0,1.0,1.0
18,65,0.1097122854643458,2.055377508877715,0.0,1.0,0.0,0.0,0.0,1.0
19,65,0.4009288237907758,1.259147627505256,0.0,1.0,0.0,0.0,1.0,0.0
0,70,12.0,3.3850776370517845,0.0,0.0,1.0,1.0,1.0,0.0
1,70,10.622701278309917,12.0,0.0,0.0,1.0,0.0,0.0,0.0
2,70,10.899494448411351,11.07747444429784,1.0,0.0,0.0,1.0,1.0,1.0
3,70,11.770692883021214,2.381901544889564,0.0,0.0,0.0,0.0,1.0,1.0
4,70,6.111010682189195,6.937091699894782,1.0,0.0,1.0,0.0,1.0,1.0
5,70,4.605463057760536,1.710088434619038,0.0,1.0,0.0,0.0,0.0,0.0
6,70,4.176040941120597,11.31050319098429,0.0,1.0,0.0,1.0,1.0,0.0
7,70,3.105903178736784,3.07301950454403,0.0,1.0,0.0,1.0,0.0,0.0
8,70,4.971120300620801,9.926534102140078,0.0,0.0,0.0,1.0,0.0,0.0
9,70,6.248456259944815,10.054710905134042,1.0,0.0,1.0,0.0,0.0,1.0
10,70,2.1671546595221853,6.31186207906392,1.0,0.0,0.0,0.0,1.0,1.0
11,70,12.0,9.476869125092438,1.0,0.0,1.0,0.0,0.0,1.0
12,70,6.335918400198958,6.553502066260204,0.0,0.0,1.0,1.0,0.0,0.0
13,70,2.4747115357901093,3.5978848929124374,0.0,0.0,1.0,0.0,0.0,0.0
14,70,7.175264213690032,10.870817258672655,1.0,1.0,1.0,0.0,0.0,1.0
15,70,10.754618989262202,5.651351094852962,0.0,0.0,0.0,1.0,1.0,0.0
16,70,8.995952076770562,11.002727156174116,0.0,0.0,0.0,0.0,1.0,1.0
17,70,1.0723384705781385,2.679375853369878,0.0,0.0,0.0,0.0,1.0,1.0
18,70,0.1609040558847453,2.0523935198175964,0.0,1.0,0.0,0.0,0.0,1.0
19,70,0.4028112031917948,1.255011620879989,0.0,1.0,0.0,0.0,1.0,0.0
0,75,12.0,3.335773608451789,0.0,0.0,1.0,1.0,1.0,0.0
1,75,10.565806965675268,12.0,0.0,0.0,1.0,0.0,0.0,0.0
2,75,10.941125546318784,11.041484988646936,1.0,0.0,0.0,1.0,1.0,1.0
3,75,11.707667925215407,2.4099053875659173,0.0,0.0,0.0,0.0,1.0,1.0
4,75,6.104358125313391,6.918905721773264,1.0,0.0,1.0,0.0,1.0,1.0
5,75,4.661210880026939,1.6818281562198163,0.0,1.0,0.0,0.0,0.0,0.0
6,75,4.089985125741812,11.342516716710836,0.0,1.0,0.0,1.0,1.0,0.0
7,75,3.0368507823810487,3.07784638059982,0.0,1.0,0.0,1.0,0.0,0.0
8,75,4.93527847547033,9.963990511358768,0.0,0.0,0.0,1.0,0.0,0.0
9,75,6.156874022644447,10.003985494444883,1.0,0.0,1.0,0.0,0.0,1.0
10,75,2.17208381539022,6.320714283018915,1.0,0.0,0.0,0.0,1.0,1.0
11,75,12.0,9.582168138303,1.0,0.0,1.0,0.0,0.0,1.0
12,75,6.361453111783107,6.523672181513694,0.0,0.0,1.0,1.0,0.0,0.0
13,75,2.418622830962638,3.579727560862087,0.0,0.0,1.0,0.0,0.0,0.0
14,75,7.229212935144312,10.82841774546442,1.0,1.0,1.0,0.0,0.0,1.0
15,75,10.930012137699212,5.723192162821201,0.0,0.0,0.0,1.0,1.0,0.0
16,75,8.977972074409214,11.008634254494329,0.0,0.0,0.0,0.0,1.0,1.0
17,75,1.0732299931810074,2.694896356955097,0.0,0.0,0.0,0.0,1.0,1.0
18,75,0.2112260782663828,2.0474464877606824,0.0,1.0,0.0,0.0,0.0,1.0
19,75,0.4072370103104801,1.2452093949831415,0.0,1.0,0.0,0.0,1.0,0.0
0,80,12.0,3.2918392757345023,0.0,0.0,1.0,1.0,1.0,0.0
1,80,10.505012765146637,12.0,0.0,0.0,1.0,0.0,0.0,0.0
2,80,10.986710506668633,11.001498851199903,1.0,0.0,0.0,1.0,1.0,1.0
3,80,11.64609797152048,2.436834367661892,0.0,0.0,0.0,0.0,1.0,1.0
4,80,6.093628509694623,6.892147865038633,1.0,0.0,1.0,0.0,1.0,1.0
5,80,4.705384015851055,1.6595154454854986,0.0,1.0,0.0,0.0,0.0,0.0
6,80,3.999060594292171,11.373577085254832,0.0,1.0,0.0,1.0,1.0,0.0
7,80,2.948092074614795,3.083803371798742,0.0,1.0,0.0,1.0,0.0,0.0
8,80,4.901165855415645,10.000531566138667,0.0,0.0,0.0,1.0,0.0,0.0
9,80,6.054458750006668,9.947853110919445,1.0,0.0,1.0,0.0,0.0,1.0
10,80,2.1822320846585157,6.337857982161901,1.0,0.0,0.0,0.0,1.0,1.0
11,80,12.0,9.68166076715167,1.0,0.0,1.0,0.0,0.0,1.0
12,80,6.391816522135758,6.488250771716616,0.0,0.0,1.0,1.0,0.0,0.0
13,80,2.35776252533374,3.5599379202476307,0.0,0.0,1.0,0.0,0.0,0.0
14,80,7.29593213326161,10.774341119120296,1.0,1.0,1.0,0.0,0.0,1.0
15,80,11.094404067760829,5.787587714537919,0.0,0.0,0.0,1.0,1.0,0.0
16,80,8.964648765865673,11.012773925153606,0.0,0.0,0.0,0.0,1.0,1.0
17,80,1.0733465796594226,2.6968028299599967,0.0,0.0,0.0,0.0,1.0,1.0
18,80,0.2744650354282748,2.040481062459467,0.0,1.0,0.0,0.0,0.0,1.0
19,80,0.4107868024047357,1.2375132550597774,0.0,1.0,0.0,0.0,1.0,0.0
0,85,12.0,3.240497481781393,0.0,0.0,1.0,1.0,1.0,0.0
1,85,10.45182508133548,12.0,0.0,0.0,1.0,0.0,0.0,0.0
2,85,11.03023024701644,10.964120468462012,1.0,0.0,0.0,1.0,1.0,1.0
3,85,11.565345685642358,2.473790470453724,0.0,0.0,0.0,0.0,1.0,1.0
4,85,6.068160102866462,6.829708940224528,1.0,0.0,1.0,0.0,1.0,1.0
5,85,4.752019902529696,1.637261247104871,0.0,1.0,0.0,0.0,0.0,0.0
6,85,3.975052465798891,11.309113771270042,0.0,1.0,0.0,1.0,1.0,0.0
7,85,2.866658303994931,3.0903646230331425,0.0,1.0,0.0,1.0,0.0,0.0
8,85,4.859636227246743,10.045576129041663,0.0,0.0,0.0,1.0,0.0,0.0
9,85,5.963422362775014,9.899992773827748,1.0,0.0,1.0,0.0,0.0,1.0
10,85,2.1889139781138325,6.349388278733769,1.0,0.0,0.0,0.0,1.0,1.0
11,85,12.0,9.769638710571195,1.0,0.0,1.0,0.0,0.0,1.0
12,85,6.407117545130282,6.470399259051766,0.0,0.0,1.0,1.0,0.0,0.0
13,85,2.3046710409311224,3.5425925281183788,0.0,0.0,1.0,0.0,0.0,0.0
14,85,7.367437628386787,10.71773061262255,1.0,1.0,1.0,0.0,0.0,1.0
15,85,11.266012477919698,5.854993892214785,0.0,0.0,0.0,1.0,1.0,0.0
16,85,8.936171049376878,11.02136156108901,0.0,0.0,0.0,0.0,1.0,1.0
17,85,1.0722682100255485,2.6798108255423925,0.0,0.0,0.0,0.0,1.0,1.0
18,85,0.3504067997210052,2.0331454254305648,0.0,1.0,0.0,0.0,0.0,1.0
19,85,0.4121287779309249,1.2347447459907497,0.0,1.0,0.0,0.0,1.0,0.0
0,90,12.0,3.194744983123328,0.0,0.0,1.0,1.0,1.0,0.0
1,90,10.395350534463118,12.0,0.0,0.0,1.0,0.0,0.0,0.0
2,90,11.07346276839224,10.92509070416114,1.0,0.0,0.0,1.0,1.0,1.0
3,90,11.469876986168206,2.5175313710043685,0.0,0.0,0.0,0.0,1.0,1.0
4,90,6.03288476928651,6.750537640818202,1.0,0.0,1.0,0.0,1.0,1.0
5,90,4.775308027035959,1.625488204202194,0.0,1.0,0.0,0.0,0.0,0.0
6,90,3.9456464520770975,11.23127614748212,0.0,1.0,0.0,1.0,1.0,0.0
7,90,2.791077276876491,3.0953368397566137,0.0,1.0,0.0,1.0,0.0,0.0
8,90,4.796081121663772,10.114429634704528,0.0,0.0,0.0,1.0,0.0,0.0
9,90,5.8713691299207085,9.850938897731377,1.0,0.0,1.0,0.0,0.0,1.0
10,90,2.1946764428533245,6.359819120388628,1.0,0.0,0.0,0.0,1.0,1.0
11,90,12.0,9.863517789958069,1.0,0.0,1.0,0.0,0.0,1.0
12,90,6.420353242647561,6.455514652080072,0.0,0.0,1.0,1.0,0.0,0.0
13,90,2.2522226237862437,3.5261375571809075,0.0,0.0,1.0,0.0,0.0,0.0
14,90,7.427463090831903,10.669437820095997,1.0,1.0,1.0,0.0,0.0,1.0
15,90,11.43327217142382,5.922158599231532,0.0,0.0,0.0,1.0,1.0,0.0
16,90,8.917283979270719,11.026414160424594,0.0,0.0,0.0,0.0,1.0,1.0
17,90,1.0720287440658245,2.6764079375506338,0.0,0.0,0.0,0.0,1.0,1.0
18,90,0.4206543315991102,2.026458321462833,0.0,1.0,0.0,0.0,0.0,1.0
19,90,0.4183564073353423,1.2213761607398494,0.0,1.0,0.0,0.0,1.0,0.0
0,95,12.0,3.1889101885401123,0.0,0.0,1.0,1.0,1.0,0.0
1,95,10.34283730507987,12.0,0.0,0.0,1.0,0.0,0.0,0.0
2,95,11.124302800934222,10.87907111106961,1.0,0.0,0.0,1.0,1.0,1.0
3,95,11.385745866990916,2.5568293951198164,0.0,0.0,0.0,0.0,1.0,1.0
4,95,5.99212832747033,6.663605052970619,1.0,0.0,1.0,0.0,1.0,1.0
5,95,4.788566101287092,1.6186009753736683,0.0,1.0,0.0,0.0,0.0,0.0
6,95,3.916915107643207,11.15768112043949,0.0,1.0,0.0,1.0,1.0,0.0
7,95,2.709496253381924,3.0977617371493182,0.0,1.0,0.0,1.0,0.0,0.0
8,95,4.735249781305598,10.180959326986263,0.0,0.0,0.0,1.0,0.0,0.0
9,95,5.79118250665758,9.810188547245232,1.0,0.0,1.0,0.0,0.0,1.0
10,95,2.1917956443345767,6.354348063384815,1.0,0.0,0.0,0.0,1.0,1.0
11,95,12.0,9.958604335551026,1.0,0.0,1.0,0.0,0.0,1.0
12,95,6.4444809980002535,6.428450857899454,0.0,0.0,1.0,1.0,0.0,0.0
13,95,2.2314802722435174,3.5194240104669894,0.0,0.0,1.0,0.0,0.0,0.0
14,95,7.474133474885997,10.633738305479106,1.0,1.0,1.0,0.0,0.0,1.0
15,95,11.610478780756848,5.995674966652473,0.0,0.0,0.0,1.0,1.0,0.0
16,95,8.901486424561655,11.030219744127136,0.0,0.0,0.0,0.0,1.0,1.0
17,95,1.0724628556434013,2.683686549691514,0.0,0.0,0.0,0.0,1.0,1.0
18,95,0.4837475766049934,2.02005225561592,0.0,1.0,0.0,0.0,0.0,1.0
19,95,0.4100155923951331,1.2379265079800008,0.0,1.0,0.0,0.0,1.0,0.0
0,100,12.0,3.182564478922593,0.0,0.0,1.0,1.0,1.0,0.0
1,100,10.435462911638,12.0,0.0,0.0,1.0,0.0,0.0,0.0
2,100,11.169792584072988,10.840804496245172,1.0,0.0,0.0,1.0,1.0,1.0
3,100,11.294394773690865,2.5986578211855305,0.0,0.0,0.0,0.0,1.0,1.0
4,100,5.946608960566032,6.564893617355318,1.0,0.0,1.0,0.0,1.0,1.0
5,100,4.787835098250956,1.618971680155061,0.0,1.0,0.0,0.0,0.0,0.0
6,100,3.879233854621167,11.062494285446284,0.0,1.0,0.0,1.0,1.0,0.0
7,100,2.620159009879604,3.0996236456188178,0.0,1.0,0.0,1.0,0.0,0.0
8,100,4.683082142168509,10.235997304843536,0.0,0.0,0.0,1.0,0.0,0.0
9,100,5.730362205115142,9.779030500118314,1.0,0.0,1.0,0.0,0.0,1.0
10,100,2.186485609621705,6.344712068068911,1.0,0.0,0.0,0.0,1.0,1.0
11,100,12.0,10.066799322711503,1.0,0.0,1.0,0.0,0.0,1.0
12,100,6.4669412566268125,6.402885362042934,0.0,0.0,1.0,1.0,0.0,0.0
13,100,2.2135851726876385,3.513403279621844,0.0,0.0,1.0,0.0,0.0,0.0
14,100,7.5391426589390464,10.58413703233443,1.0,1.0,1.0,0.0,0.0,1.0
15,100,11.777571106507644,6.065135742493222,0.0,0.0,0.0,1.0,1.0,0.0
16,100,8.878287755216858,11.0364619511234,0.0,0.0,0.0,0.0,1.0,1.0
17,100,1.0729140081467137,2.6917700188008093,0.0,0.0,0.0,0.0,1.0,1.0
18,100,0.5325588651772475,2.015537265311516,0.0,1.0,0.0,0.0,0.0,1.0
19,100,0.4019104650907923,1.2542729720775452,0.0,1.0,0.0,0.0,1.0,0.0
0,105,12.0,3.1778844214789403,0.0,0.0,1.0,1.0,1.0,0.0
1,105,10.520579612301107,12.0,0.0,0.0,1.0,0.0,0.0,0.0
2,105,11.227837372666068,10.789006100725691,1.0,0.0,0.0,1.0,1.0,1.0
3,105,11.208325919167365,2.6383937299563187,0.0,0.0,0.0,0.0,1.0,1.0
4,105,5.906334608882756,6.471729524664946,1.0,0.0,1.0,0.0,1.0,1.0
5,105,4.778950318596007,1.6234547611440011,0.0,1.0,0.0,0.0,0.0,0.0
6,105,3.8380401496341015,10.956120670081631,0.0,1.0,0.0,1.0,1.0,0.0
7,105,2.5234820777673104,3.099414176781229,0.0,1.0,0.0,1.0,0.0,0.0
8,105,4.632514058398927,10.287192878691044,0.0,0.0,0.0,1.0,0.0,0.0
9,105,5.66117946556195,9.74417483840378,1.0,0.0,1.0,0.0,0.0,1.0
10,105,2.187036708682692,6.34569455728759,1.0,0.0,0.0,0.0,1.0,1.0
11,105,12.0,10.16353785718026,1.0,0.0,1.0,0.0,0.0,1.0
12,105,6.487255794354431,6.379256661930354,0.0,0.0,1.0,1.0,0.0,0.0
13,105,2.185340210944057,3.504672714134561,0.0,0.0,1.0,0.0,0.0,0.0
14,105,7.605914730740368,10.533112900542733,1.0,1.0,1.0,0.0,0.0,1.0
15,105,11.916911059595854,6.125397593118445,0.0,0.0,0.0,1.0,1.0,0.0
16,105,8.863986495416349,11.04028042282132,0.0,0.0,0.0,0.0,1.0,1.0
17,105,1.073837801939617,2.704958091602353,0.0,0.0,0.0,0.0,1.0,1.0
18,105,0.5860610542223506,2.0101795930414688,0.0,1.0,0.0,0.0,0.0,1.0
19,105,0.4012640256926669,1.255612984672958,0.0,1.0,0.0,0.0,1.0,0.0
0,110,12.0,3.162391718543192,0.0,0.0,1.0,1.0,1.0,0.0
1,110,10.615609886805997,12.0,0.0,0.0,1.0,0.0,0.0,0.0
2,110,11.287967264863072,10.735327867292444,1.0,0.0,0.0,1.0,1.0,1.0
3,110,11.104279650846436,2.685629045219584,0.0,0.0,0.0,0.0,1.0,1.0
4,110,5.86305426102668,6.368752735463937,1.0,0.0,1.0,0.0,1.0,1.0
5,110,4.78557993720783,1.6201261130696063,0.0,1.0,0.0,0.0,0.0,0.0
6,110,3.796139214945896,10.842703895374555,0.0,1.0,0.0,1.0,1.0,0.0
7,110,2.405603417935652,3.100169352599764,0.0,1.0,0.0,1.0,0.0,0.0
8,110,4.577706800197235,10.340500464181195,0.0,0.0,0.0,1.0,0.0,0.0
9,110,5.592302834918488,9.708773241725464,1.0,0.0,1.0,0.0,0.0,1.0
10,110,2.1858416579704785,6.3435451540354215,1.0,0.0,0.0,0.0,1.0,1.0
11,110,12.0,10.270840204072528,1.0,0.0,1.0,0.0,0.0,1.0
12,110,6.496727389671904,6.368017374878135,0.0,0.0,1.0,1.0,0.0,0.0
13,110,2.142876383601072,3.492454180246336,0.0,0.0,1.0,0.0,0.0,0.0
14,110,7.666607324255003,10.485203990167363,1.0,1.0,1.0,0.0,0.0,1.0
15,110,12.0,6.18337107540117,0.0,0.0,0.0,1.0,1.0,0.0
16,110,8.85226451542792,11.043821544191385,0.0,0.0,0.0,0.0,1.0,1.0
17,110,1.071739460791152,2.689429127969545,0.0,0.0,0.0,0.0,1.0,1.0
18,110,0.6451082788180378,2.004450792214981,0.0,1.0,0.0,0.0,0.0,1.0
19,110,0.4013133469548091,1.2555047090902731,0.0,1.0,0.0,0.0,1.0,0.0
0,115,12.0,3.1415444627121896,0.0,0.0,1.0,1.0,1.0,0.0
1,115,10.712691504782097,12.0,0.0,0.0,1.0,0.0,0.0,0.0
2,115,11.328294419386385,10.70125832103195,1.0,0.0,0.0,1.0,1.0,1.0
3,115,11.010716549723602,2.727847038811643,0.0,0.0,0.0,0.0,1.0,1.0
4,115,5.818176071539655,6.2694113364082895,1.0,0.0,1.0,0.0,1.0,1.0
5,115,4.792562647257504,1.616512794508831,0.0,1.0,0.0,0.0,0.0,0.0
6,115,3.761316079551515,10.74953330929553,0.0,1.0,0.0,1.0,1.0,0.0
7,115,2.287874294244587,3.0974537464117997,0.0,1.0,0.0,1.0,0.0,0.0
8,115,4.527324291104416,10.388825990219091,0.0,0.0,0.0,1.0,0.0,0.0
9,115,5.559904217503002,9.6922301802254,1.0,0.0,1.0,0.0,0.0,1.0
10,115,2.188990141227875,6.349048430685725,1.0,0.0,0.0,0.0,1.0,1.0
11,115,12.0,10.391440923060523,1.0,0.0,1.0,0.0,0.0,1.0
12,115,6.493470890190573,6.3718107008739615,0.0,0.0,1.0,1.0,0.0,0.0
13,115,2.09833484989123,3.478900661279522,0.0,0.0,1.0,0.0,0.0,0.0
14,115,7.715501026043202,10.447688467351684,1.0,1.0,1.0,0.0,0.0,1.0
15,115,12.0,6.251554549360808,0.0,0.0,0.0,1.0,1.0,0.0
16,115,8.834362593920991,11.048939011840842,0.0,0.0,0.0,0.0,1.0,1.0
17,115,1.0698753998154766,2.674809126868789,0.0,0.0,0.0,0.0,1.0,1.0
18,115,0.7013503126832953,1.9977737647049805,0.0,1.0,0.0,0.0,0.0,1.0
19,115,0.3989533866910754,1.2608458610135729,0.0,1.0,0.0,0.0,1.0,0.0
0,120,12.0,3.106002156742156,0.0,0.0,1.0,1.0,1.0,0.0
1,120,10.798923737413782,12.0,0.0,0.0,1.0,0.0,0.0,0.0
2,120,11.364256549094897,10.671431155159528,1.0,0.0,0.0,1.0,1.0,1.0
3,120,10.89416799644972,2.7821533368069846,0.0,0.0,0.0,0.0,1.0,1.0
4,120,5.782022726174646,6.19164241062497,1.0,0.0,1.0,0.0,1.0,1.0
5,120,4.796647230225594,1.6142904980426829,0.0,1.0,0.0,0.0,0.0,0.0
6,120,3.7276802230708417,10.668570344499813,0.0,1.0,0.0,1.0,1.0,0.0
7,120,2.176357074125425,3.0952712828875115,0.0,1.0,0.0,1.0,0.0,0.0
8,120,4.473238506044162,10.442823335529628,0.0,0.0,0.0,1.0,0.0,0.0
9,120,5.5129283056576455,9.668059373368775,1.0,0.0,1.0,0.0,0.0,1.0
10,120,2.184498880783449,6.341473461176853,1.0,0.0,0.0,0.0,1.0,1.0
11,120,12.0,10.511492202620378,1.0,0.0,1.0,0.0,0.0,1.0
12,120,6.4768766702356375,6.39190257847891,0.0,0.0,1.0,1.0,0.0,0.0
13,120,2.0836529630816947,3.474497073081635,0.0,0.0,1.0,0.0,0.0,0.0
14,120,7.746485731371466,10.425437622134488,1.0,1.0,1.0,0.0,0.0,1.0
15,120,12.0,6.320819897732849,0.0,0.0,0.0,1.0,1.0,0.0
16,120,8.802056896183785,11.05752705102243,0.0,0.0,0.0,0.0,1.0,1.0
17,120,1.0682649846394527,2.663467939258725,0.0,0.0,0.0,0.0,1.0,1.0
18,120,0.7684371880851143,1.9883719243136184,0.0,1.0,0.0,0.0,0.0,1.0
19,120,0.3977194966655149,1.263778234646126,0.0,1.0,0.0,0.0,1.0,0.0
0,125,12.0,3.091914443675075,0.0,0.0,1.0,1.0,1.0,0.0
1,125,10.882601942211826,12.0,0.0,0.0,1.0,0.0,0.0,0.0
2,125,11.402662787136016,10.639226642856714,1.0,0.0,0.0,1.0,1.0,1.0
3,125,10.775965925872692,2.8353891040046424,0.0,0.0,0.0,0.0,1.0,1.0
4,125,5.754786864036979,6.133578516042508,1.0,0.0,1.0,0.0,1.0,1.0
5,125,4.803171246640077,1.6105289866115042,0.0,1.0,0.0,0.0,0.0,0.0
6,125,3.691763519877591,10.586226034662577,0.0,1.0,0.0,1.0,1.0,0.0
7,125,2.07999767535449,3.089634788352568,0.0,1.0,0.0,1.0,0.0,0.0
8,125,4.439162978392238,10.478871832695411,0.0,0.0,0.0,1.0,0.0,0.0
9,125,5.458733484118583,9.639442124037805,1.0,0.0,1.0,0.0,0.0,1.0
10,125,2.1683859558087937,6.315082413854499,1.0,0.0,0.0,0.0,1.0,1.0
11,125,12.0,10.608821938837522,1.0,0.0,1.0,0.0,0.0,1.0
12,125,6.473342886181692,6.396243238763814,0.0,0.0,1.0,1.0,0.0,0.0
13,125,2.0823226215414388,3.474076743163671,0.0,0.0,1.0,0.0,0.0,0.0
14,125,7.772969779541413,10.40604934498436,1.0,1.0,1.0,0.0,0.0,1.0
15,125,12.0,6.393043851347384,0.0,0.0,0.0,1.0,1.0,0.0
16,125,8.733087111171807,11.076618590264648,0.0,0.0,0.0,0.0,1.0,1.0
17,125,1.066443322182343,2.6493745744739217,0.0,0.0,0.0,0.0,1.0,1.0
18,125,0.8397164369959107,1.9771146849711632,0.0,1.0,0.0,0.0,0.0,1.0
19,125,0.4007485378249685,1.2564859954919068,0.0,1.0,0.0,0.0,1.0,0.0
0,130,12.0,3.043888014978694,0.0,0.0,1.0,1.0,1.0,0.0
1,130,10.95170778491198,12.0,0.0,0.0,1.0,0.0,0.0,0.0
2,130,11.448405735073091,10.602453809324542,1.0,0.0,0.0,1.0,1.0,1.0
3,130,10.644050071169996,2.8989695968323925,0.0,0.0,0.0,0.0,1.0,1.0
4,130,5.721719072592886,6.062880283134838,1.0,0.0,1.0,0.0,1.0,1.0
5,130,4.815039806113457,1.6035976500718172,0.0,1.0,0.0,0.0,0.0,0.0
6,130,3.659940781323373,10.509087336826369,0.0,1.0,0.0,1.0,1.0,0.0
7,130,1.977412562078489,3.083104789732998,0.0,1.0,0.0,1.0,0.0,0.0
8,130,4.407938646855816,10.510714095849831,0.0,0.0,0.0,1.0,0.0,0.0
9,130,5.399394375438312,9.607806379771189,1.0,0.0,1.0,0.0,0.0,1.0
10,130,2.155959535319396,6.295454762215047,1.0,0.0,0.0,0.0,1.0,1.0
11,130,12.0,10.703672045983303,1.0,0.0,1.0,0.0,0.0,1.0
12,130,6.478630750808164,6.389951862906282,0.0,0.0,1.0,1.0,0.0,0.0
13,130,2.0915588801880305,3.4767527621324885,0.0,0.0,1.0,0.0,0.0,0.0
14,130,7.810331846016084,10.377945604028492,1.0,1.0,1.0,0.0,0.0,1.0
15,130,12.0,6.471293894530016,0.0,0.0,0.0,1.0,1.0,0.0
16,130,8.680369046920793,11.091459438585202,0.0,0.0,0.0,0.0,1.0,1.0
17,130,1.0651874221990467,2.6406199900258973,0.0,0.0,0.0,0.0,1.0,1.0
18,130,0.8930018407183138,1.9700028790333992,0.0,1.0,0.0,0.0,0.0,1.0
19,130,0.4095189089375061,1.2365882350974575,0.0,1.0,0.0,0.0,1.0,0.0
0,135,12.0,2.999657439815072,0.0,0.0,1.0,1.0,1.0,0.0
1,135,11.007199664658746,12.0,0.0,0.0,1.0,0.0,0.0,0.0
2,135,11.495539177235392,10.564306046395552,1.0,0.0,0.0,1.0,1.0,1.0
3,135,10.5052450657242,2.9677404717417364,0.0,0.0,0.0,0.0,1.0,1.0
4,135,5.67905516399889,5.977468452966417,1.0,0.0,1.0,0.0,1.0,1.0
5,135,4.83018544947872,1.5944028871469391,0.0,1.0,0.0,0.0,0.0,0.0
6,135,3.6240009292072326,10.421559055438328,0.0,1.0,0.0,1.0,1.0,0.0
7,135,1.8764722178904665,3.075537532691944,0.0,1.0,0.0,1.0,0.0,0.0
8,135,4.374534902364951,10.544724639330877,0.0,0.0,0.0,1.0,0.0,0.0
9,135,5.345896347324661,9.578715291696383,1.0,0.0,1.0,0.0,0.0,1.0
10,135,2.138682913279365,6.267454712219622,1.0,0.0,0.0,0.0,1.0,1.0
11,135,12.0,10.809871365041692,1.0,0.0,1.0,0.0,0.0,1.0
12,135,6.50114721031832,6.363593546465238,0.0,0.0,1.0,1.0,0.0,0.0
13,135,2.08529380703929,3.4747476912748128,0.0,0.0,1.0,0.0,0.0,0.0
14,135,7.829435818545018,10.364334687853678,1.0,1.0,1.0,0.0,0.0,1.0
15,135,12.0,6.554204287084993,0.0,0.0,0.0,1.0,1.0,0.0
16,135,8.637862839625571,11.103525927530878,0.0,0.0,0.0,0.0,1.0,1.0
17,135,1.058864582870825,2.598509811002776,0.0,0.0,0.0,0.0,1.0,1.0
18,135,0.9399804137980328,1.9626078553697883,0.0,1.0,0.0,0.0,0.0,1.0
19,135,0.4218098054300076,1.2070661775068,0.0,1.0,0.0,0.0,1.0,0.0
0,140,12.0,2.954752575597561,0.0,0.0,1.0,1.0,1.0,0.0
1,140,11.035050729847766,12.0,0.0,0.0,1.0,0.0,0.0,0.0
2,140,11.53280116196648,10.534203934043624,1.0,0.0,0.0,1.0,1.0,1.0
3,140,10.363053468875624,3.0401501467758107,0.0,0.0,0.0,0.0,1.0,1.0
4,140,5.637462689908648,5.898040684287681,1.0,0.0,1.0,0.0,1.0,1.0
5,140,4.862521578745621,1.5755860740364518,0.0,1.0,0.0,0.0,0.0,0.0
6,140,3.592756161570224,10.345349632833615,0.0,1.0,0.0,1.0,1.0,0.0
7,140,1.7972015064954303,3.0691830230344825,0.0,1.0,0.0,1.0,0.0,0.0
8,140,4.322437213311031,10.599728314114971,0.0,0.0,0.0,1.0,0.0,0.0
9,140,5.298466800287582,9.553898754156304,1.0,0.0,1.0,0.0,0.0,1.0
10,140,2.126406502442737,6.246696561362431,1.0,0.0,0.0,0.0,1.0,1.0
11,140,12.0,10.917063611400408,1.0,0.0,1.0,0.0,0.0,1.0
12,140,6.533507498962281,6.323246409092131,0.0,0.0,1.0,1.0,0.0,0.0
13,140,2.1105711870521757,3.483044791982268,0.0,0.0,1.0,0.0,0.0,0.0
14,140,7.841457483558822,10.35575777417362,1.0,1.0,1.0,0.0,0.0,1.0
15,140,12.0,6.634010923498925,0.0,0.0,0.0,1.0,1.0,0.0
16,140,8.599216009437345,11.115787244589615,0.0,0.0,0.0,0.0,1.0,1.0
17,140,1.057449631644464,2.5883600498265302,0.0,0.0,0.0,0.0,1.0,1.0
18,140,0.9895612210252138,1.953924835966878,0.0,1.0,0.0,0.0,0.0,1.0
19,140,0.4373276137612354,1.1712900474879298,0.0,1.0,0.0,0.0,1.0,0.0
0,145,12.0,2.912646438594193,0.0,0.0,1.0,1.0,1.0,0.0
1,145,11.087605425641753,12.0,0.0,0.0,1.0,0.0,0.0,0.0
2,145,11.575187423526152,10.500025571757485,1.0,0.0,0.0,1.0,1.0,1.0
3,145,10.214835726940192,3.1137116248267254,0.0,0.0,0.0,0.0,1.0,1.0
4,145,5.611498906016011,5.845838692494385,1.0,0.0,1.0,0.0,1.0,1.0
5,145,4.882470707596194,1.5641917337232532,0.0,1.0,0.0,0.0,0.0,0.0
6,145,3.568167547865857,10.276957667118362,0.0,1.0,0.0,1.0,1.0,0.0
7,145,1.7157894295375782,3.063650273514307,0.0,1.0,0.0,1.0,0.0,0.0
8,145,4.263330059855925,10.663865778726304,0.0,0.0,0.0,1.0,0.0,0.0
9,145,5.27264356386847,9.540619986159088,1.0,0.0,1.0,0.0,0.0,1.0
10,145,2.116645961416324,6.230941393261298,1.0,0.0,0.0,0.0,1.0,1.0
11,145,12.0,11.039211631895506,1.0,0.0,1.0,0.0,0.0,1.0
12,145,6.556316727211008,6.2949847828714285,0.0,0.0,1.0,1.0,0.0,0.0
13,145,2.1424978197033693,3.495413665121786,0.0,0.0,1.0,0.0,0.0,0.0
14,145,7.872114150608495,10.334813525704872,1.0,1.0,1.0,0.0,0.0,1.0
15,145,12.0,6.711017394452625,0.0,0.0,0.0,1.0,1.0,0.0
16,145,8.557767256428509,11.129678863782772,0.0,0.0,0.0,0.0,1.0,1.0
17,145,1.0594823041815882,2.604968719941993,0.0,0.0,0.0,0.0,1.0,1.0
18,145,1.0440018132124096,1.9449019916940395,0.0,1.0,0.0,0.0,0.0,1.0
19,145,0.4512106433283753,1.1367943465195671,0.0,1.0,0.0,0.0,1.0,0.0
0,150,12.0,2.86607849442877,0.0,0.0,1.0,1.0,1.0,0.0
1,150,11.140219370096084,12.0,0.0,0.0,1.0,0.0,0.0,0.0
2,150,11.604017748859054,10.477021093338555,1.0,0.0,0.0,1.0,1.0,1.0
3,150,10.058965571546889,3.194572201142857,0.0,0.0,0.0,0.0,1.0,1.0
4,150,5.578929684189156,5.782024431476263,1.0,0.0,1.0,0.0,1.0,1.0
5,150,4.8966029842500935,1.5556089702730769,0.0,1.0,0.0,0.0,0.0,0.0
6,150,3.5463682415182745,10.211184243532143,0.0,1.0,0.0,1.0,1.0,0.0
7,150,1.63019182596141,3.0587877692214382,0.0,1.0,0.0,1.0,0.0,0.0
8,150,4.196842618399314,10.738589732341056,0.0,0.0,0.0,1.0,0.0,0.0
9,150,5.242722783278725,9.525706647104665,1.0,0.0,1.0,0.0,0.0,1.0
10,150,2.109631560369465,6.219635590285525,1.0,0.0,0.0,0.0,1.0,1.0
11,150,12.0,11.165743507068278,1.0,0.0,1.0,0.0,0.0,1.0
12,150,6.600496183183918,6.240330976249793,0.0,0.0,1.0,1.0,0.0,0.0
13,150,2.172571790187716,3.5064666575374366,0.0,0.0,1.0,0.0,0.0,0.0
14,150,7.870277013452129,10.33598866307637,1.0,1.0,1.0,0.0,0.0,1.0
15,150,12.0,6.7986389934458895,0.0,0.0,0.0,1.0,1.0,0.0
16,150,8.526105579553919,11.140836445835456,0.0,0.0,0.0,0.0,1.0,1.0
17,150,1.063275496218084,2.632243271513046,0.0,0.0,0.0,0.0,1.0,1.0
18,150,1.100697530423298,1.9350909511694532,0.0,1.0,0.0,0.0,0.0,1.0
19,150,0.4660785536377536,1.1029891292595355,0.0,1.0,0.0,0.0,1.0,0.0
0,155,12.0,2.8361078061594824,0.0,0.0,1.0,1.0,1.0,0.0
1,155,11.199338150959951,12.0,0.0,0.0,1.0,0.0,0.0,0.0
2,155,11.634741023707273,10.452390689775145,1.0,0.0,0.0,1.0,1.0,1.0
3,155,9.903043327353265,3.275975214775171,0.0,0.0,0.0,0.0,1.0,1.0
4,155,5.538310515197797,5.704055335421861,1.0,0.0,1.0,0.0,1.0,1.0
5,155,4.926554568068751,1.5365400701620266,0.0,1.0,0.0,0.0,0.0,0.0
6,155,3.5232785385366907,10.14122808331044,0.0,1.0,0.0,1.0,1.0,0.0
7,155,1.5398824636300898,3.0533148965033865,0.0,1.0,0.0,1.0,0.0,0.0
8,155,4.137568811114268,10.801056021820484,0.0,0.0,0.0,1.0,0.0,0.0
9,155,5.195983487863538,9.500764125837229,1.0,0.0,1.0,0.0,0.0,1.0
10,155,2.0786091240431044,6.171578118752771,1.0,0.0,0.0,0.0,1.0,1.0
11,155,12.0,11.279143303066242,1.0,0.0,1.0,0.0,0.0,1.0
12,155,6.6456745691698345,6.186703900537768,0.0,0.0,1.0,1.0,0.0,0.0
13,155,2.203514314320647,3.518551614233054,0.0,0.0,1.0,0.0,0.0,0.0
14,155,7.895334770502123,10.318960098645713,1.0,1.0,1.0,0.0,0.0,1.0
15,155,12.0,6.887866491366866,0.0,0.0,0.0,1.0,1.0,0.0
16,155,8.485358598785254,11.155811105176738,0.0,0.0,0.0,0.0,1.0,1.0
17,155,1.0676468850497187,2.668393630695992,0.0,0.0,0.0,0.0,1.0,1.0
18,155,1.1641932074780847,1.9245141184594985,0.0,1.0,0.0,0.0,0.0,1.0
19,155,0.4746210719147529,1.08244120269787,0.0,1.0,0.0,0.0,1.0,0.0
0,160,12.0,2.8140342244155234,0.0,0.0,1.0,1.0,1.0,0.0
1,160,11.250848686856052,12.0,0.0,0.0,1.0,0.0,0.0,0.0
2,160,11.677268992864022,10.418574897136248,1.0,0.0,0.0,1.0,1.0,1.0
3,160,9.75253968611453,3.3624153741263747,0.0,0.0,0.0,0.0,1.0,1.0
4,160,5.507686597461814,5.644982886854292,1.0,0.0,1.0,0.0,1.0,1.0
5,160,4.957686997299524,1.5165142529101447,0.0,1.0,0.0,0.0,0.0,0.0
6,160,3.499929184941222,10.06579949525002,0.0,1.0,0.0,1.0,1.0,0.0
7,160,1.457156764997919,3.048622419031417,0.0,1.0,0.0,1.0,0.0,0.0
8,160,4.074570863302864,10.864959730822104,0.0,0.0,0.0,1.0,0.0,0.0
9,160,5.133533663337463,9.46796831459362,1.0,0.0,1.0,0.0,0.0,1.0
10,160,2.0601747444227985,6.143713350435308,1.0,0.0,0.0,0.0,1.0,1.0
11,160,12.0,11.367084658332717,1.0,0.0,1.0,0.0,0.0,1.0
12,160,6.688736655045139,6.136123005069432,0.0,0.0,1.0,1.0,0.0,0.0
13,160,2.2199869841631,3.525114684549288,0.0,0.0,1.0,0.0,0.0,0.0
14,160,7.94030797924768,10.287599398902849,1.0,1.0,1.0,0.0,0.0,1.0
15,160,12.0,6.984569132375558,0.0,0.0,0.0,1.0,1.0,0.0
16,160,8.43323458626329,11.174158702816056,0.0,0.0,0.0,0.0,1.0,1.0
17,160,1.0692342794120042,2.680562428430507,0.0,0.0,0.0,0.0,1.0,1.0
18,160,1.236824972164294,1.911805225555015,0.0,1.0,0.0,0.0,0.0,1.0
19,160,0.4730443029573187,1.0864633228321845,0.0,1.0,0.0,0.0,1.0,0.0
0,165,12.0,2.794527654916924,0.0,0.0,1.0,1.0,1.0,0.0
1,165,11.311007895474471,12.0,0.0,0.0,1.0,0.0,0.0,0.0
2,165,11.704125342721522,10.397734178758457,1.0,0.0,0.0,1.0,1.0,1.0
3,165,9.620545304945257,3.437146839400412,0.0,0.0,0.0,0.0,1.0,1.0
4,165,5.485629449640874,5.600326234235521,1.0,0.0,1.0,0.0,1.0,1.0
5,165,5.007429369878401,1.4830003305655115,0.0,1.0,0.0,0.0,0.0,0.0
6,165,3.4716945672314106,9.98198612298699,0.0,1.0,0.0,1.0,1.0,0.0
7,165,1.3779471565181869,3.04571429122968,0.0,1.0,0.0,1.0,0.0,0.0
8,165,4.018379730531846,10.92411243605732,0.0,0.0,0.0,1.0,0.0,0.0
9,165,5.062286761304017,9.430040742577628,1.0,0.0,1.0,0.0,0.0,1.0
10,165,2.049082260383105,6.126644249993269,1.0,0.0,0.0,0.0,1.0,1.0
11,165,12.0,11.451136233616843,1.0,0.0,1.0,0.0,0.0,1.0
12,165,6.732901627244996,6.085076211309163,0.0,0.0,1.0,1.0,0.0,0.0
13,165,2.2522515780608248,3.53846706694965,0.0,0.0,1.0,0.0,0.0,0.0
14,165,8.000840491865079,10.244821147198772,1.0,1.0,1.0,0.0,0.0,1.0
15,165,12.0,7.081320094650972,0.0,0.0,0.0,1.0,1.0,0.0
16,165,8.376960059863295,11.19275047484632,0.0,0.0,0.0,0.0,1.0,1.0
17,165,1.0717915592582703,2.701584302855316,0.0,0.0,0.0,0.0,1.0,1.0
18,165,1.3188172052959708,1.8986534660083612,0.0,1.0,0.0,0.0,0.0,1.0
19,165,0.4704805908594112,1.0926185282005645,0.0,1.0,0.0,0.0,1.0,0.0
0,170,12.0,2.780200482984861,0.0,0.0,1.0,1.0,1.0,0.0
1,170,11.366095954372666,12.0,0.0,0.0,1.0,0.0,0.0,0.0
2,170,11.721662272331132,10.384974513764387,1.0,0.0,0.0,1.0,1.0,1.0
3,170,9.481227782131596,3.517449850021705,0.0,0.0,0.0,0.0,1.0,1.0
4,170,5.45997487050296,5.549672757900905,1.0,0.0,1.0,0.0,1.0,1.0
5,170,5.052567185440744,1.452577640717449,0.0,1.0,0.0,0.0,0.0,0.0
6,170,3.4463738605203247,9.90151831001296,0.0,1.0,0.0,1.0,1.0,0.0
7,170,1.2816006388068704,3.0427408974909005,0.0,1.0,0.0,1.0,0.0,0.0
8,170,3.969542403423768,10.977025357524724,0.0,0.0,0.0,1.0,0.0,0.0
9,170,4.970334365512112,9.381811892259032,1.0,0.0,1.0,0.0,0.0,1.0
10,170,2.0360350988296303,6.106425831453132,1.0,0.0,0.0,0.0,1.0,1.0
11,170,12.0,11.516806034838485,1.0,0.0,1.0,0.0,0.0,1.0
12,170,6.772094825407869,6.038358507983786,0.0,0.0,1.0,1.0,0.0,0.0
13,170,2.294879777888281,3.5554196148988693,0.0,0.0,1.0,0.0,0.0,0.0
14,170,8.050306115722982,10.20943609723092,1.0,1.0,1.0,0.0,0.0,1.0
15,170,12.0,7.170426161407173,0.0,0.0,0.0,1.0,1.0,0.0
16,170,8.326031257329953,11.209072923355995,0.0,0.0,0.0,0.0,1.0,1.0
17,170,1.0738888726284128,2.719099741519289,0.0,0.0,0.0,0.0,1.0,1.0
18,170,1.4100604886872778,1.8838018652572708,0.0,1.0,0.0,0.0,0.0,1.0
19,170,0.4686781248027626,1.0969780561365368,0.0,1.0,0.0,0.0,1.0,0.0
0,175,12.0,2.7547327748919668,0.0,0.0,1.0,1.0,1.0,0.0
1,175,11.451007862302331,12.0,0.0,0.0,1.0,0.0,0.0,0.0
2,175,11.73312949546985,10.376578468777524,1.0,0.0,0.0,1.0,1.0,1.0
3,175,9.336958029637614,3.6035131907544433,0.0,0.0,0.0,0.0,1.0,1.0
4,175,5.431947831368589,5.491822936307802,1.0,0.0,1.0,0.0,1.0,1.0
5,175,5.101702524508231,1.4184626463161338,0.0,1.0,0.0,0.0,0.0,0.0
6,175,3.428486275606686,9.835899081677766,0.0,1.0,0.0,1.0,1.0,0.0
7,175,1.186869958547229,3.036738933693533,0.0,1.0,0.0,1.0,0.0,0.0
8,175,3.927754694885084,11.021903986022012,0.0,0.0,0.0,1.0,0.0,0.0
9,175,4.886241797974428,9.33696683854062,1.0,0.0,1.0,0.0,0.0,1.0
10,175,2.0258656078400783,6.090656011871074,1.0,0.0,0.0,0.0,1.0,1.0
11,175,12.0,11.581532325139086,1.0,0.0,1.0,0.0,0.0,1.0
12,175,6.810344926371338,5.991493365743444,0.0,0.0,1.0,1.0,0.0,0.0
13,175,2.32455900600476,3.5677574581856533,0.0,0.0,1.0,0.0,0.0,0.0
14,175,8.098230799539497,10.175527927885922,1.0,1.0,1.0,0.0,0.0,1.0
15,175,12.0,7.264863538161468,0.0,0.0,0.0,1.0,1.0,0.0
16,175,8.284239415174516,11.2227797789731,0.0,0.0,0.0,0.0,1.0,1.0
17,175,1.076126598730772,2.7389947495765106,0.0,0.0,0.0,0.0,1.0,1.0
18,175,1.4908512743477311,1.8714444494827167,0.0,1.0,0.0,0.0,0.0,1.0
19,175,0.4750155402997429,1.0801397971856253,0.0,1.0,0.0,0.0,1.0,0.0
0,180,12.0,2.720510139624241,0.0,0.0,1.0,1.0,1.0,0.0
1,180,11.526856736662747,12.0,0.0,0.0,1.0,0.0,0.0,0.0
2,180,11.740663069581236,10.371203757493488,1.0,0.0,0.0,1.0,1.0,1.0
3,180,9.21134305051634,3.6768053261538887,0.0,0.0,0.0,0.0,1.0,1.0
4,180,5.406579312149536,5.436385475446427,1.0,0.0,1.0,0.0,1.0,1.0
5,180,5.186056964201007,1.3657804548857937,0.0,1.0,0.0,0.0,0.0,0.0
6,180,3.4150945131691897,9.78597145625,0.0,1.0,0.0,1.0,1.0,0.0
7,180,1.1015972225267217,3.032880708304885,0.0,1.0,0.0,1.0,0.0,0.0
8,180,3.878772708026057,11.076931015236324,0.0,0.0,0.0,1.0,0.0,0.0
9,180,4.806436442154426,9.29394282213981,1.0,0.0,1.0,0.0,0.0,1.0
10,180,2.013166348977838,6.07198893915373,1.0,0.0,0.0,0.0,1.0,1.0
11,180,12.0,11.656978634126387,1.0,0.0,1.0,0.0,0.0,1.0
12,180,6.852504412214194,5.938822857856841,0.0,0.0,1.0,1.0,0.0,0.0
13,180,2.358106695051973,3.583238989129698,0.0,0.0,1.0,0.0,0.0,0.0
14,180,8.138520088629438,10.145092224593666,1.0,1.0,1.0,0.0,0.0,1.0
15,180,12.0,7.355488746854681,0.0,0.0,0.0,1.0,1.0,0.0
16,180,8.224909891285993,11.242158867572776,0.0,0.0,0.0,0.0,1.0,1.0
17,180,1.076657625337127,2.742682830970187,0.0,0.0,0.0,0.0,1.0,1.0
18,180,1.561856682409304,1.8604751052071624,0.0,1.0,0.0,0.0,0.0,1.0
19,180,0.4835826250212993,1.057764715304887,0.0,1.0,0.0,0.0,1.0,0.0
0,185,12.0,2.7006926787537333,0.0,0.0,1.0,1.0,1.0,0.0
1,185,11.614484670293892,12.0,0.0,0.0,1.0,0.0,0.0,0.0
2,185,11.754242374866372,10.36093065985264,1.0,0.0,0.0,1.0,1.0,1.0
3,185,9.092481119747998,3.748781664754461,0.0,0.0,0.0,0.0,1.0,1.0
4,185,5.380718172837232,5.378987069818031,1.0,0.0,1.0,0.0,1.0,1.0
5,185,5.280117805221277,1.3030873233741769,0.0,1.0,0.0,0.0,0.0,0.0
6,185,3.403141148525721,9.74416207004217,0.0,1.0,0.0,1.0,1.0,0.0
7,185,1.0365479187060802,3.0301942535889945,0.0,1.0,0.0,1.0,0.0,0.0
8,185,3.824417747569001,11.139348692612115,0.0,0.0,0.0,1.0,0.0,0.0
9,185,4.704660428418564,9.24117253629117,1.0,0.0,1.0,0.0,0.0,1.0
10,185,2.006759545906012,6.062802562548357,1.0,0.0,0.0,0.0,1.0,1.0
11,185,12.0,11.72045246827878,1.0,0.0,1.0,0.0,0.0,1.0
12,185,6.903531436821098,5.874890060060325,0.0,0.0,1.0,1.0,0.0,0.0
13,185,2.378745003531732,3.541178492412669,0.0,0.0,1.0,0.0,0.0,0.0
14,185,8.1791459147126,10.11353762142904,1.0,1.0,1.0,0.0,0.0,1.0
15,185,12.0,7.447471867328597,0.0,0.0,0.0,1.0,1.0,0.0
16,185,8.163113703032309,11.263122966348805,0.0,0.0,0.0,0.0,1.0,1.0
17,185,1.0758881812512744,2.737979747334974,0.0,0.0,0.0,0.0,1.0,1.0
18,185,1.6544918924686531,1.847915459324481,0.0,1.0,0.0,0.0,0.0,1.0
19,185,0.4892595451263743,1.043073530535326,0.0,1.0,0.0,0.0,1.0,0.0
0,190,12.0,2.6836898240239138,0.0,0.0,1.0,1.0,1.0,0.0
1,190,11.70911229899642,12.0,0.0,0.0,1.0,0.0,0.0,0.0
2,190,11.770703729818338,10.34852670882897,1.0,0.0,0.0,1.0,1.0,1.0
3,190,8.958749741061029,3.824116161113605,0.0,0.0,0.0,0.0,1.0,1.0
4,190,5.34992783487891,5.3079824037141865,1.0,0.0,1.0,0.0,1.0,1.0
5,190,5.3829779817977474,1.2326891408648455,0.0,1.0,0.0,0.0,0.0,0.0
6,190,3.387852098742106,9.691774393767831,0.0,1.0,0.0,1.0,1.0,0.0
7,190,0.9781048960029484,3.025133221214793,0.0,1.0,0.0,1.0,0.0,0.0
8,190,3.762247060113834,11.213545145015162,0.0,0.0,0.0,1.0,0.0,0.0
9,190,4.607905472277654,9.187232741025998,1.0,0.0,1.0,0.0,0.0,1.0
10,190,2.0131567591340733,6.072203327195707,1.0,0.0,0.0,0.0,1.0,1.0
11,190,12.0,11.789940895092569,1.0,0.0,1.0,0.0,0.0,1.0
12,190,6.970051729920356,5.793785465205288,0.0,0.0,1.0,1.0,0.0,0.0
13,190,2.408441031331325,3.48015273352312,0.0,0.0,1.0,0.0,0.0,0.0
14,190,8.208751999845555,10.089587818734527,1.0,1.0,1.0,0.0,0.0,1.0
15,190,12.0,7.5496274056009085,0.0,0.0,0.0,1.0,1.0,0.0
16,190,8.113688582764885,11.280975376916732,0.0,0.0,0.0,0.0,1.0,1.0
17,190,1.0773801032800534,2.747096324330085,0.0,0.0,0.0,0.0,1.0,1.0
18,190,1.7619383788171123,1.830900211385836,0.0,1.0,0.0,0.0,0.0,1.0
19,190,0.4888313532115765,1.044116830592431,0.0,1.0,0.0,0.0,1.0,0.0
0,195,12.0,2.664856137696748,0.0,0.0,1.0,1.0,1.0,0.0
1,195,11.81272923599385,12.0,0.0,0.0,1.0,0.0,0.0,0.0
2,195,11.80737848767948,10.320721002615777,1.0,0.0,0.0,1.0,1.0,1.0
3,195,8.809535365822642,3.904722544021787,0.0,0.0,0.0,0.0,1.0,1.0
4,195,5.317811921731259,5.233498695907962,1.0,0.0,1.0,0.0,1.0,1.0
5,195,5.47580948707823,1.1688618871524914,0.0,1.0,0.0,0.0,0.0,0.0
6,195,3.374009226328021,9.641519589253823,0.0,1.0,0.0,1.0,1.0,0.0
7,195,0.9178058973842146,3.02058334417462,0.0,1.0,0.0,1.0,0.0,0.0
8,195,3.705182956320151,11.285113099830037,0.0,0.0,0.0,1.0,0.0,0.0
9,195,4.511158858720452,9.131715142442246,1.0,0.0,1.0,0.0,0.0,1.0
10,195,2.02548966292546,6.091134338544343,1.0,0.0,0.0,0.0,1.0,1.0
11,195,12.0,11.874518234066151,1.0,0.0,1.0,0.0,0.0,1.0
12,195,7.0288364394743255,5.720688583645829,0.0,0.0,1.0,1.0,0.0,0.0
13,195,2.425370056408786,3.4459600915328115,0.0,0.0,1.0,0.0,0.0,0.0
14,195,8.22997604155054,10.071439608158723,1.0,1.0,1.0,0.0,0.0,1.0
15,195,12.0,7.659884576728822,0.0,0.0,0.0,1.0,1.0,0.0
16,195,8.061004292846032,11.300664522967836,0.0,0.0,0.0,0.0,1.0,1.0
17,195,1.0780427673424,2.7509266903390137,0.0,0.0,0.0,0.0,1.0,1.0
18,195,1.854806984721056,1.8171585060487248,0.0,1.0,0.0,0.0,0.0,1.0
19,195,0.48602671068086,1.0509652607638482,0.0,1.0,0.0,0.0,1.0,0.0
0,200,12.0,2.6536455484019554,0.0,0.0,1.0,1.0,1.0,0.0
1,200,11.906192587393424,12.0,0.0,0.0,1.0,0.0,0.0,0.0
2,200,11.840346876165816,10.297060996906575,1.0,0.0,0.0,1.0,1.0,1.0
3,200,8.672702140884951,3.9786162846304767,0.0,0.0,0.0,0.0,1.0,1.0
4,200,5.288290690415183,5.168804242143636,1.0,0.0,1.0,0.0,1.0,1.0
5,200,5.553542466793132,1.116575463106222,0.0,1.0,0.0,0.0,0.0,0.0
6,200,3.359123609308542,9.588937882892854,0.0,1.0,0.0,1.0,1.0,0.0
7,200,0.8402001068806428,3.015560579330789,0.0,1.0,0.0,1.0,0.0,0.0
8,200,3.641997682323345,11.360508508300716,0.0,0.0,0.0,1.0,0.0,0.0
9,200,4.424750530477752,9.080754543254294,1.0,0.0,1.0,0.0,0.0,1.0
10,200,2.0416080677104667,6.115560120010903,1.0,0.0,0.0,0.0,1.0,1.0
11,200,12.0,11.97794200640906,1.0,0.0,1.0,0.0,0.0,1.0
12,200,7.089256918517047,5.643850869539839,0.0,0.0,1.0,1.0,0.0,0.0
13,200,2.4395904367783565,3.4168019654489887,0.0,0.0,1.0,0.0,0.0,0.0
14,200,8.236872684550205,10.065774227983432,1.0,1.0,1.0,0.0,0.0,1.0
15,200,12.0,7.765568087764927,0.0,0.0,0.0,1.0,1.0,0.0
16,200,8.003078394481069,11.321730737854136,0.0,0.0,0.0,0.0,1.0,1.0
17,200,1.0794340319243625,2.758848356882868,0.0,0.0,0.0,0.0,1.0,1.0
18,200,1.9502028725560887,1.803865544844186,0.0,1.0,0.0,0.0,0.0,1.0
19,200,0.484607837214438,1.054910539176492,0.0,1.0,0.0,0.0,1.0,0.0
0,205,12.0,2.6320737043275364,0.0,0.0,1.0,1.0,1.0,0.0
1,205,11.98997725467114,12.0,0.0,0.0,1.0,0.0,0.0,0.0
2,205,11.861542488536692,10.282246548692028,1.0,0.0,0.0,1.0,1.0,1.0
3,205,8.547211401783347,4.0515636294939,0.0,0.0,0.0,0.0,1.0,1.0
4,205,5.255841537799287,5.097472872789616,1.0,0.0,1.0,0.0,1.0,1.0
5,205,5.6355492460509184,1.0616176616782016,0.0,1.0,0.0,0.0,0.0,0.0
6,205,3.34363380969773,9.52652938408202,0.0,1.0,0.0,1.0,1.0,0.0
7,205,0.7646860059140288,3.0118508587647743,0.0,1.0,0.0,1.0,0.0,0.0
8,205,3.5745960439604767,11.44162002668189,0.0,0.0,0.0,1.0,0.0,0.0
9,205,4.335287606489179,9.024233474541164,1.0,0.0,1.0,0.0,0.0,1.0
10,205,2.063047361682875,6.15001787492425,1.0,0.0,0.0,0.0,1.0,1.0
11,205,12.0,12.0,1.0,0.0,1.0,0.0,0.0,1.0
12,205,7.148475590416596,5.5743388947283785,0.0,0.0,1.0,1.0,0.0,0.0
13,205,2.4546536927738263,3.3856214661104755,0.0,0.0,1.0,0.0,0.0,0.0
14,205,8.242219367153082,10.061100672601684,1.0,1.0,1.0,0.0,0.0,1.0
15,205,12.0,7.878323866376701,0.0,0.0,0.0,1.0,1.0,0.0
16,205,7.944568949061487,11.339683485960048,0.0,0.0,0.0,0.0,1.0,1.0
17,205,1.0832218004693326,2.780175170927228,0.0,0.0,0.0,0.0,1.0,1.0
18,205,2.053180688616416,1.787453375926626,0.0,1.0,0.0,0.0,0.0,1.0
19,205,0.480714152029556,1.0659559720173182,0.0,1.0,0.0,0.0,1.0,0.0
0,210,12.0,2.619753626686528,0.0,0.0,1.0,1.0,1.0,0.0
1,210,12.0,12.0,0.0,0.0,1.0,0.0,0.0,0.0
2,210,11.9062874673599,10.250535669229318,1.0,0.0,0.0,1.0,1.0,1.0
3,210,8.423261497715686,4.124140828023229,0.0,0.0,0.0,0.0,1.0,1.0
4,210,5.225798957917943,5.034207493774791,1.0,0.0,1.0,0.0,1.0,1.0
5,210,5.7180268283061695,1.0077421625669645,0.0,1.0,0.0,0.0,0.0,0.0
6,210,3.3285202827364917,9.469982842721128,0.0,1.0,0.0,1.0,1.0,0.0
7,210,0.7084849509695943,3.0093483909904704,0.0,1.0,0.0,1.0,0.0,0.0
8,210,3.517020364846026,11.510792794858537,0.0,0.0,0.0,1.0,0.0,0.0
9,210,4.218268159744593,8.955198181310008,1.0,0.0,1.0,0.0,0.0,1.0
10,210,2.0953009241722915,6.200252019643764,1.0,0.0,0.0,0.0,1.0,1.0
11,210,12.0,12.0,1.0,0.0,1.0,0.0,0.0,1.0
12,210,7.20919135135104,5.506838215474544,0.0,0.0,1.0,1.0,0.0,0.0
13,210,2.471820391702037,3.351209855664512,0.0,0.0,1.0,0.0,0.0,0.0
14,210,8.23322546726176,10.069253375810693,1.0,1.0,1.0,0.0,0.0,1.0
15,210,12.0,8.002702215384161,0.0,0.0,0.0,1.0,1.0,0.0
16,210,7.900474527892925,11.354209686053276,0.0,0.0,0.0,0.0,1.0,1.0
17,210,1.0841840809581234,2.785736703760239,0.0,0.0,0.0,0.0,1.0,1.0
18,210,2.187690561937338,1.7634166539069784,0.0,1.0,0.0,0.0,0.0,1.0
19,210,0.4785659054291952,1.0724085027588048,0.0,1.0,0.0,0.0,1.0,0.0
0,215,12.0,2.607422607089726,0.0,0.0,1.0,1.0,1.0,0.0
1,215,12.0,12.0,0.0,0.0,1.0,0.0,0.0,0.0
2,215,11.961084586078696,10.21453299445681,1.0,0.0,0.0,1.0,1.0,1.0
3,215,8.297638292913113,4.195718673461755,0.0,0.0,0.0,0.0,1.0,1.0
4,215,5.190498687964764,4.96018890062608,1.0,0.0,1.0,0.0,1.0,1.0
5,215,5.7833134768058025,0.9651632780967976,0.0,1.0,0.0,0.0,0.0,0.0
6,215,3.311914841817759,9.395077905475986,0.0,1.0,0.0,1.0,1.0,0.0
7,215,0.6360671810756866,3.0066151839815336,0.0,1.0,0.0,1.0,0.0,0.0
8,215,3.4600072707647773,11.579140128159858,0.0,0.0,0.0,1.0,0.0,0.0
9,215,4.104495516243835,8.887943036800767,1.0,0.0,1.0,0.0,0.0,1.0
10,215,2.1236350417488232,6.2413641894787455,1.0,0.0,0.0,0.0,1.0,1.0
11,215,12.0,12.0,1.0,0.0,1.0,0.0,0.0,1.0
12,215,7.270200021038614,5.439597683975962,0.0,0.0,1.0,1.0,0.0,0.0
13,215,2.4859703746006687,3.32290547604009,0.0,0.0,1.0,0.0,0.0,0.0
14,215,8.208919383174642,10.091647810677106,1.0,1.0,1.0,0.0,0.0,1.0
15,215,12.0,8.14463389604354,0.0,0.0,0.0,1.0,1.0,0.0
16,215,7.864645356616677,11.366548864967791,0.0,0.0,0.0,0.0,1.0,1.0
17,215,1.08611004481327,2.7956667675635174,0.0,0.0,0.0,0.0,1.0,1.0
18,215,2.3124766831608885,1.7384132953029665,0.0,1.0,0.0,0.0,0.0,1.0
19,215,0.4850906708311837,1.0507426417991463,0.0,1.0,0.0,0.0,1.0,0.0
0,220,12.0,2.589553575091949,0.0,0.0,1.0,1.0,1.0,0.0
1,220,12.0,12.0,0.0,0.0,1.0,0.0,0.0,0.0
2,220,12.0,10.177691224008456,1.0,0.0,0.0,1.0,1.0,1.0
3,220,8.169907656950684,4.274838602469398,0.0,0.0,0.0,0.0,1.0,1.0
4,220,5.154659522011271,4.885259295661443,1.0,0.0,1.0,0.0,1.0,1.0
5,220,5.869029242833629,0.9081309557559256,0.0,1.0,0.0,0.0,0.0,0.0
6,220,3.297434592693055,9.334296700133768,0.0,1.0,0.0,1.0,1.0,0.0
7,220,0.6393054220965757,2.9335611271652766,0.0,1.0,0.0,1.0,0.0,0.0
8,220,3.39394415900258,11.65619054930025,0.0,0.0,0.0,1.0,0.0,0.0
9,220,3.984428870286338,8.81898574723446,1.0,0.0,1.0,0.0,0.0,1.0
10,220,2.1541369142843814,6.286036856644092,1.0,0.0,0.0,0.0,1.0,1.0
11,220,12.0,12.0,1.0,0.0,1.0,0.0,0.0,1.0
12,220,7.34087136893228,5.364879418560313,0.0,0.0,1.0,1.0,0.0,0.0
13,220,2.4840046453178943,3.3267738757381324,0.0,0.0,1.0,0.0,0.0,0.0
14,220,8.189022351454947,10.109945852046351,1.0,1.0,1.0,0.0,0.0,1.0
15,220,12.0,8.278789186975581,0.0,0.0,0.0,1.0,1.0,0.0
16,220,7.832781298339323,11.376998121534966,0.0,0.0,0.0,0.0,1.0,1.0
17,220,1.0855344465505532,2.7926351990386866,0.0,0.0,0.0,0.0,1.0,1.0
18,220,2.439523104560119,1.7149657079939145,0.0,1.0,0.0,0.0,0.0,1.0
19,220,0.4957880407517044,1.0184079716533003,0.0,1.0,0.0,0.0,1.0,0.0
0,225,12.0,2.583297535112121,0.0,0.0,1.0,1.0,1.0,0.0
1,225,12.0,12.0,0.0,0.0,1.0,0.0,0.0,0.0
2,225,12.0,10.139295639189074,1.0,0.0,0.0,1.0,1.0,1.0
3,225,8.050211265893394,4.348465295604121,0.0,0.0,0.0,0.0,1.0,1.0
4,225,5.1141216885826095,4.802274430085537,1.0,0.0,1.0,0.0,1.0,1.0
5,225,5.959276600562007,0.8495095955441786,0.0,1.0,0.0,0.0,0.0,0.0
6,225,3.27557239694323,9.251623135304198,0.0,1.0,0.0,1.0,1.0,0.0
7,225,0.644387086195193,2.862709924878728,0.0,1.0,0.0,1.0,0.0,0.0
8,225,3.3281909515199284,11.73569921056622,0.0,0.0,0.0,1.0,0.0,0.0
9,225,3.8793791200796552,8.754731962233778,1.0,0.0,1.0,0.0,0.0,1.0
10,225,2.1857548239357016,6.332692350094232,1.0,0.0,0.0,0.0,1.0,1.0
11,225,12.0,12.0,1.0,0.0,1.0,0.0,0.0,1.0
12,225,7.400977142856392,5.298185379816983,0.0,0.0,1.0,1.0,0.0,0.0
13,225,2.4824655737909747,3.329652516565302,0.0,0.0,1.0,0.0,0.0,0.0
14,225,8.17083857535017,10.127040128631709,1.0,1.0,1.0,0.0,0.0,1.0
15,225,12.0,8.412709669143261,0.0,0.0,0.0,1.0,1.0,0.0
16,225,7.819380393855434,11.38118198011555,0.0,0.0,0.0,0.0,1.0,1.0
17,225,1.08535058355451,2.79163159657268,0.0,0.0,0.0,0.0,1.0,1.0
18,225,2.58033894265841,1.6852846348850337,0.0,1.0,0.0,0.0,0.0,1.0
19,225,0.504051581083689,0.9932067567311276,0.0,1.0,0.0,0.0,1.0,0.0
0,230,12.0,2.575930205893292,0.0,0.0,1.0,1.0,1.0,0.0
1,230,12.0,12.0,0.0,0.0,1.0,0.0,0.0,0.0
2,230,12.0,10.11278953467973,1.0,0.0,0.0,1.0,1.0,1.0
3,230,7.94105081859092,4.415997304421715,0.0,0.0,0.0,0.0,1.0,1.0
4,230,5.066772047629377,4.717214036372547,1.0,0.0,1.0,0.0,1.0,1.0
5,230,6.0544204691794725,0.786469165335049,0.0,1.0,0.0,0.0,0.0,0.0
6,230,3.250861510562124,9.15658103322255,0.0,1.0,0.0,1.0,1.0,0.0
7,230,0.6492835119277869,2.7762076309593486,0.0,1.0,0.0,1.0,0.0,0.0
8,230,3.270711402049468,11.802966068566116,0.0,0.0,0.0,1.0,0.0,0.0
9,230,3.782613762574414,8.69335223407177,1.0,0.0,1.0,0.0,0.0,1.0
10,230,2.221429041123594,6.382979938008317,1.0,0.0,0.0,0.0,1.0,1.0
11,230,12.0,12.0,1.0,0.0,1.0,0.0,0.0,1.0
12,230,7.455726348637431,5.236210658165988,0.0,0.0,1.0,1.0,0.0,0.0
13,230,2.483403646212584,3.327928099802912,0.0,0.0,1.0,0.0,0.0,0.0
14,230,8.165483250241666,10.132410619110246,1.0,1.0,1.0,0.0,0.0,1.0
15,230,12.0,8.540503207906983,0.0,0.0,0.0,1.0,1.0,0.0
16,230,7.815381425540903,11.382405175580423,0.0,0.0,0.0,0.0,1.0,1.0
17,230,1.0819587193741902,2.77131613659208,0.0,0.0,0.0,0.0,1.0,1.0
18,230,2.721388435806635,1.6584728376181066,0.0,1.0,0.0,0.0,0.0,1.0
19,230,0.5155364849012141,0.9595320726004872,0.0,1.0,0.0,0.0,1.0,0.0
0,235,12.0,2.5776619169655843,0.0,0.0,1.0,1.0,1.0,0.0
1,235,12.0,12.0,0.0,0.0,1.0,0.0,0.0,0.0
2,235,12.0,10.079871498723254,1.0,0.0,0.0,1.0,1.0,1.0
3,235,7.84042687676848,4.481107926252183,0.0,0.0,0.0,0.0,1.0,1.0
4,235,5.021014662432323,4.634043394094129,1.0,0.0,1.0,0.0,1.0,1.0
5,235,6.158217826507921,0.7173660636535569,0.0,1.0,0.0,0.0,0.0,0.0
6,235,3.2234248617495416,9.053104445652291,0.0,1.0,0.0,1.0,1.0,0.0
7,235,0.6541975527092481,2.671366169938798,0.0,1.0,0.0,1.0,0.0,0.0
8,235,3.2019017797118785,11.886358565626333,0.0,0.0,0.0,1.0,0.0,0.0
9,235,3.6690613925700273,8.615089351896835,1.0,0.0,1.0,0.0,0.0,1.0
10,235,2.255311864224033,6.434456412792451,1.0,0.0,0.0,0.0,1.0,1.0
11,235,12.0,12.0,1.0,0.0,1.0,0.0,0.0,1.0
12,235,7.5198621190075325,5.160291499167299,0.0,0.0,1.0,1.0,0.0,0.0
13,235,2.4674429003717004,3.3574287896026216,0.0,0.0,1.0,0.0,0.0,0.0
14,235,8.159651288386236,10.138184999379073,1.0,1.0,1.0,0.0,0.0,1.0
15,235,12.0,8.673066291974642,0.0,0.0,0.0,1.0,1.0,0.0
16,235,7.800884049736648,11.387037591477233,0.0,0.0,0.0,0.0,1.0,1.0
17,235,1.0782750913010395,2.750172069801226,0.0,0.0,0.0,0.0,1.0,1.0
18,235,2.86540454511565,1.6354654897348004,0.0,1.0,0.0,0.0,0.0,1.0
19,235,0.519985035531926,0.945749349335406,0.0,1.0,0.0,0.0,1.0,0.0
0,240,12.0,2.57867716789049,0.0,0.0,1.0,1.0,1.0,0.0
1,240,12.0,12.0,0.0,0.0,1.0,0.0,0.0,0.0
2,240,12.0,10.039166731110818,1.0,0.0,0.0,1.0,1.0,1.0
3,240,7.730591849555953,4.553516043091207,0.0,0.0,0.0,0.0,1.0,1.0
4,240,4.975333579576831,4.553347700624536,1.0,0.0,1.0,0.0,1.0,1.0
5,240,6.256342172197228,0.6542039386832181,0.0,1.0,0.0,0.0,0.0,0.0
6,240,3.2004834705360734,8.970792413847882,0.0,1.0,0.0,1.0,1.0,0.0
7,240,0.6610781200469771,2.5492382777671256,0.0,1.0,0.0,1.0,0.0,0.0
8,240,3.128599131797575,11.976446823667027,0.0,0.0,0.0,1.0,0.0,0.0
9,240,3.549509802740196,8.532514857141999,1.0,0.0,1.0,0.0,0.0,1.0
10,240,2.29737393761949,6.499066800831428,1.0,0.0,0.0,0.0,1.0,1.0
11,240,12.0,12.0,1.0,0.0,1.0,0.0,0.0,1.0
12,240,7.576171241542701,5.098371296018578,0.0,0.0,1.0,1.0,0.0,0.0
13,240,2.458274955155935,3.374885100867619,0.0,0.0,1.0,0.0,0.0,0.0
14,240,8.162786278591913,10.135108733418424,1.0,1.0,1.0,0.0,0.0,1.0
15,240,12.0,8.797027289140189,0.0,0.0,0.0,1.0,1.0,0.0
16,240,7.798702050234069,11.38774183224307,0.0,0.0,0.0,0.0,1.0,1.0
17,240,1.0931108990055325,2.7478505482750126,0.0,0.0,0.0,0.0,1.0,1.0
18,240,3.017680097182855,1.6155303403554613,0.0,1.0,0.0,0.0,0.0,1.0
19,240,0.5205211987569973,0.9443682447125844,0.0,1.0,0.0,0.0,1.0,0.0
0,245,11.997634553527536,2.578483721399264,0.0,0.0,1.0,1.0,1.0,0.0
1,245,12.0,12.0,0.0,0.0,1.0,0.0,0.0,0.0
2,245,12.0,10.012354588118196,1.0,0.0,0.0,1.0,1.0,1.0
3,245,7.625312315501826,4.620798474174012,0.0,0.0,0.0,0.0,1.0,1.0
4,245,4.932525991084936,4.476002865891146,1.0,0.0,1.0,0.0,1.0,1.0
5,245,6.370431600830716,0.580079244160419,0.0,1.0,0.0,0.0,0.0,0.0
6,245,3.1789143842129626,8.886558110193642,0.0,1.0,0.0,1.0,1.0,0.0
7,245,0.6674689191452939,2.4431237331669178,0.0,1.0,0.0,1.0,0.0,0.0
8,245,3.0671239707052,12.0,0.0,0.0,0.0,1.0,0.0,0.0
9,245,3.4389330337260957,8.455052634385552,1.0,0.0,1.0,0.0,0.0,1.0
10,245,2.3296379719065747,6.548681836087457,1.0,0.0,0.0,0.0,1.0,1.0
11,245,12.0,12.0,1.0,0.0,1.0,0.0,0.0,1.0
12,245,7.638901952627429,5.026910901124446,0.0,0.0,1.0,1.0,0.0,0.0
13,245,2.441620352517953,3.405682871429922,0.0,0.0,1.0,0.0,0.0,0.0
14,245,8.154048626300437,10.143373349539386,1.0,1.0,1.0,0.0,0.0,1.0
15,245,12.0,8.906570449451056,0.0,0.0,0.0,1.0,1.0,0.0
16,245,7.786902526782324,11.391676175285612,0.0,0.0,0.0,0.0,1.0,1.0
17,245,1.1300680967435992,2.741876556237324,0.0,0.0,0.0,0.0,1.0,1.0
18,245,3.1558092793524204,1.5998472541341626,0.0,1.0,0.0,0.0,0.0,1.0
19,245,0.5186021334219215,0.94945511780879,0.0,1.0,0.0,0.0,1.0,0.0
0,250,11.9671274393558,2.5752272654251684,0.0,0.0,1.0,1.0,1.0,0.0
1,250,12.0,12.0,0.0,0.0,1.0,0.0,0.0,0.0
2,250,12.0,9.981608955625642,1.0,0.0,0.0,1.0,1.0,1.0
3,250,7.515262334257469,4.69080248106746,0.0,0.0,0.0,0.0,1.0,1.0
4,250,4.8954967120602,4.407063159984935,1.0,0.0,1.0,0.0,1.0,1.0
5,250,6.492292363936225,0.5035332781165432,0.0,1.0,0.0,0.0,0.0,0.0
6,250,3.160836583157033,8.808896829836526,0.0,1.0,0.0,1.0,1.0,0.0
7,250,0.6728643326598049,2.345933376527033,0.0,1.0,0.0,1.0,0.0,0.0
8,250,3.003983945343167,12.0,0.0,0.0,0.0,1.0,0.0,0.0
9,250,3.51912229169058,8.339430106188377,1.0,0.0,1.0,0.0,0.0,1.0
10,250,2.356642039997854,6.588249721093606,1.0,0.0,0.0,0.0,1.0,1.0
11,250,12.0,12.0,1.0,0.0,1.0,0.0,0.0,1.0
12,250,7.701316684515735,4.954285995941844,0.0,0.0,1.0,1.0,0.0,0.0
13,250,2.419232045785083,3.446669016986174,0.0,0.0,1.0,0.0,0.0,0.0
14,250,8.136768994030275,10.160802605655189,1.0,1.0,1.0,0.0,0.0,1.0
15,250,12.0,9.0148051505386,0.0,0.0,0.0,1.0,1.0,0.0
16,250,7.791746737667419,11.389917853593284,0.0,0.0,0.0,0.0,1.0,1.0
17,250,1.1449375887241038,2.7391789674423204,0.0,0.0,0.0,0.0,1.0,1.0
18,250,3.295763124718615,1.5842173723388755,0.0,1.0,0.0,0.0,0.0,1.0
19,250,0.519454200006321,0.947142562109378,0.0,1.0,0.0,0.0,1.0,0.0
0,255,11.91254288165544,2.568170058677553,0.0,0.0,1.0,1.0,1.0,0.0
1,255,12.0,12.0,0.0,0.0,1.0,0.0,0.0,0.0
2,255,12.0,9.933693869502596,1.0,0.0,0.0,1.0,1.0,1.0
3,255,7.415421936890618,4.756652139146508,0.0,0.0,0.0,0.0,1.0,1.0
4,255,4.859361014795749,4.338017749321479,1.0,0.0,1.0,0.0,1.0,1.0
5,255,6.612967022590498,0.4298763363012461,0.0,1.0,0.0,0.0,0.0,0.0
6,255,3.145052870024942,8.738315400982893,0.0,1.0,0.0,1.0,1.0,0.0
7,255,0.6803541866726724,2.258332516630305,0.0,1.0,0.0,1.0,0.0,0.0
8,255,2.9364826832887867,12.0,0.0,0.0,0.0,1.0,0.0,0.0
9,255,3.600705458113416,8.216660206577814,1.0,0.0,1.0,0.0,0.0,1.0
10,255,2.387973424269269,6.630730546858996,1.0,0.0,0.0,0.0,1.0,1.0
11,255,12.0,12.0,1.0,0.0,1.0,0.0,0.0,1.0
12,255,7.784753114817582,4.85793207050166,0.0,0.0,1.0,1.0,0.0,0.0
13,255,2.39282348393364,3.49383618317988,0.0,0.0,1.0,0.0,0.0,0.0
14,255,8.119986887024156,10.17725819849407,1.0,1.0,1.0,0.0,0.0,1.0
15,255,12.0,9.125004826438058,0.0,0.0,0.0,1.0,1.0,0.0
16,255,7.790229596818432,11.38562431923048,0.0,0.0,0.0,0.0,1.0,1.0
17,255,1.1602143055686058,2.736758639213197,0.0,0.0,0.0,0.0,1.0,1.0
18,255,3.4177195557044824,1.5680801107542257,0.0,1.0,0.0,0.0,0.0,1.0
19,255,0.5171938267193854,0.953543346326263,0.0,1.0,0.0,0.0,1.0,0.0
0,260,11.849931247335483,2.559569571059804,0.0,0.0,1.0,1.0,1.0,0.0
1,260,12.0,12.0,0.0,0.0,1.0,0.0,0.0,0.0
2,260,12.0,9.885497360970298,1.0,0.0,0.0,1.0,1.0,1.0
3,260,7.310057034970503,4.821590845593392,0.0,0.0,0.0,0.0,1.0,1.0
4,260,4.819440166721675,4.258933943806788,1.0,0.0,1.0,0.0,1.0,1.0
5,260,6.726421220486182,0.3619649888861355,0.0,1.0,0.0,0.0,0.0,0.0
6,260,3.1278458879308237,8.655472361578887,0.0,1.0,0.0,1.0,1.0,0.0
7,260,0.6890230187759191,2.123594070935031,0.0,1.0,0.0,1.0,0.0,0.0
8,260,2.868306012085245,12.0,0.0,0.0,0.0,1.0,0.0,0.0
9,260,3.682430580096924,8.09325642910649,1.0,0.0,1.0,0.0,0.0,1.0
10,260,2.4286334016784576,6.6874053394867,1.0,0.0,0.0,0.0,1.0,1.0
11,260,12.0,12.0,1.0,0.0,1.0,0.0,0.0,1.0
12,260,7.875699983229928,4.748411264579433,0.0,0.0,1.0,1.0,0.0,0.0
13,260,2.367507831072281,3.537555719527678,0.0,0.0,1.0,0.0,0.0,0.0
14,260,8.113587895839046,10.183871712804844,1.0,1.0,1.0,0.0,0.0,1.0
15,260,12.0,9.224099444757604,0.0,0.0,0.0,1.0,1.0,0.0
16,260,7.786426198246199,11.374919745474635,0.0,0.0,0.0,0.0,1.0,1.0
17,260,1.1721147279104216,2.734845614249174,0.0,0.0,0.0,0.0,1.0,1.0
18,260,3.54034939619512,1.5539301221139477,0.0,1.0,0.0,0.0,0.0,1.0
19,260,0.5156446774272179,0.9576310447607992,0.0,1.0,0.0,0.0,1.0,0.0
0,265,11.784507632294872,2.549929786809604,0.0,0.0,1.0,1.0,1.0,0.0
1,265,12.0,12.0,0.0,0.0,1.0,0.0,0.0,0.0
2,265,12.0,9.836074883946916,1.0,0.0,0.0,1.0,1.0,1.0
3,265,7.208900890859697,4.880723538002386,0.0,0.0,0.0,0.0,1.0,1.0
4,265,4.778914343939597,4.178541072688309,1.0,0.0,1.0,0.0,1.0,1.0
5,265,6.840170252496585,0.2933124425025724,0.0,1.0,0.0,0.0,0.0,0.0
6,265,3.111215418594742,8.572645823423327,0.0,1.0,0.0,1.0,1.0,0.0
7,265,0.6970653165537349,1.989363519538528,0.0,1.0,0.0,1.0,0.0,0.0
8,265,2.8140462095343306,12.0,0.0,0.0,0.0,1.0,0.0,0.0
9,265,3.773329965895558,7.963473906258158,1.0,0.0,1.0,0.0,0.0,1.0
10,265,2.475765553730342,6.752740846764478,1.0,0.0,0.0,0.0,1.0,1.0
11,265,12.0,12.0,1.0,0.0,1.0,0.0,0.0,1.0
12,265,7.971407586534714,4.633741143781037,0.0,0.0,1.0,1.0,0.0,0.0
13,265,2.34518172078401,3.5748809938642743,0.0,0.0,1.0,0.0,0.0,0.0
14,265,8.112273919339724,10.18519425093864,1.0,1.0,1.0,0.0,0.0,1.0
15,265,12.0,9.337872312820064,0.0,0.0,0.0,1.0,1.0,0.0
16,265,7.783716758599552,11.367565407327186,0.0,0.0,0.0,0.0,1.0,1.0
17,265,1.198371457843281,2.730774339220122,0.0,0.0,0.0,0.0,1.0,1.0
18,265,3.6616508075164806,1.5427819399309646,0.0,1.0,0.0,0.0,0.0,1.0
19,265,0.5009147470382924,0.9518303231651438,0.0,1.0,0.0,0.0,1.0,0.0
0,270,11.710299832214073,2.537621425430397,0.0,0.0,1.0,1.0,1.0,0.0
1,270,12.0,12.0,0.0,0.0,1.0,0.0,0.0,0.0
2,270,12.0,9.780444864694305,1.0,0.0,0.0,1.0,1.0,1.0
3,270,7.09655626843444,4.945756898493442,0.0,0.0,0.0,0.0,1.0,1.0
4,270,4.734340538847115,4.088353695892312,1.0,0.0,1.0,0.0,1.0,1.0
5,270,6.957681418259422,0.2236603611912939,0.0,1.0,0.0,0.0,0.0,0.0
6,270,3.096971868580626,8.495937239187565,0.0,1.0,0.0,1.0,1.0,0.0
7,270,0.7015840451054877,1.851100354521166,0.0,1.0,0.0,1.0,0.0,0.0
8,270,2.760143904671655,12.0,0.0,0.0,0.0,1.0,0.0,0.0
9,270,3.855721065854426,7.851345039653425,1.0,0.0,1.0,0.0,0.0,1.0
10,270,2.538132049791032,6.835924620623632,1.0,0.0,0.0,0.0,1.0,1.0
11,270,12.0,12.0,1.0,0.0,1.0,0.0,0.0,1.0
12,270,8.071381212920754,4.511968732176163,0.0,0.0,1.0,1.0,0.0,0.0
13,270,2.322707970499154,3.611164353521757,0.0,0.0,1.0,0.0,0.0,0.0
14,270,8.118047193665197,10.17944646772352,1.0,1.0,1.0,0.0,0.0,1.0
15,270,12.0,9.452197077453931,0.0,0.0,0.0,1.0,1.0,0.0
16,270,7.781400723797812,11.360517723297129,0.0,0.0,0.0,0.0,1.0,1.0
17,270,1.231640650360878,2.7274466787017824,0.0,0.0,0.0,0.0,1.0,1.0
18,270,3.7561275186343983,1.5362334606809374,0.0,1.0,0.0,0.0,0.0,1.0
19,270,0.4881369902391407,0.9465258215999408,0.0,1.0,0.0,0.0,1.0,0.0
0,275,11.642380932656774,2.527422816557425,0.0,0.0,1.0,1.0,1.0,0.0
1,275,12.0,12.0,0.0,0.0,1.0,0.0,0.0,0.0
2,275,12.0,9.727952965365024,1.0,0.0,0.0,1.0,1.0,1.0
3,275,6.993398494503767,5.003462065625191,0.0,0.0,0.0,0.0,1.0,1.0
4,275,4.685204554161588,3.9944893253362577,1.0,0.0,1.0,0.0,1.0,1.0
5,275,7.08521807494221,0.1478232405742069,0.0,1.0,0.0,0.0,0.0,0.0
6,275,3.0811208300453345,8.416254313591605,0.0,1.0,0.0,1.0,1.0,0.0
7,275,0.7040554608645477,1.7271820579381387,0.0,1.0,0.0,1.0,0.0,0.0
8,275,2.715048218538499,12.0,0.0,0.0,0.0,1.0,0.0,0.0
9,275,3.944641964953991,7.717715356386438,1.0,0.0,1.0,0.0,0.0,1.0
10,275,2.605487249104066,6.928547469105158,1.0,0.0,0.0,0.0,1.0,1.0
11,275,12.0,11.97198745532629,1.0,0.0,1.0,0.0,0.0,1.0
12,275,8.184976385264516,4.367638851863767,0.0,0.0,1.0,1.0,0.0,0.0
13,275,2.289841098761241,3.666829427250838,0.0,0.0,1.0,0.0,0.0,0.0
14,275,8.114230031581231,10.183493183288522,1.0,1.0,1.0,0.0,0.0,1.0
15,275,12.0,9.555855445835354,0.0,0.0,0.0,1.0,1.0,0.0
16,275,7.779658669959399,11.355371120059573,0.0,0.0,0.0,0.0,1.0,1.0
17,275,1.2783711500263195,2.7241239511614186,0.0,0.0,0.0,0.0,1.0,1.0
18,275,3.870411429352977,1.528065527467777,0.0,1.0,0.0,0.0,0.0,1.0
19,275,0.4669266324712072,0.9371769575540166,0.0,1.0,0.0,0.0,1.0,0.0
0,280,11.57908448940426,2.517842325089847,0.0,0.0,1.0,1.0,1.0,0.0
1,280,12.0,12.0,0.0,0.0,1.0,0.0,0.0,0.0
2,280,12.0,9.678269454376611,1.0,0.0,0.0,1.0,1.0,1.0
3,280,6.884186342495737,5.063759173915587,0.0,0.0,0.0,0.0,1.0,1.0
4,280,4.639273426967855,3.9004978513983866,1.0,0.0,1.0,0.0,1.0,1.0
5,280,7.212591020081672,0.0684420447479969,0.0,1.0,0.0,0.0,0.0,0.0
6,280,3.0635509806052514,8.332342179461632,0.0,1.0,0.0,1.0,1.0,0.0
7,280,0.7097535429918439,1.591478115967001,0.0,1.0,0.0,1.0,0.0,0.0
8,280,2.6862696453026613,12.0,0.0,0.0,0.0,1.0,0.0,0.0
9,280,4.0241351192039945,7.595216101816836,1.0,0.0,1.0,0.0,0.0,1.0
10,280,2.523262441188926,6.987707954929381,1.0,0.0,0.0,0.0,1.0,1.0
11,280,12.0,11.941940532282826,1.0,0.0,1.0,0.0,0.0,1.0
12,280,8.299165217915744,4.216962549094222,0.0,0.0,1.0,1.0,0.0,0.0
13,280,2.247664167674812,3.7393997299119057,0.0,0.0,1.0,0.0,0.0,0.0
14,280,8.114312759290264,10.183408018952404,1.0,1.0,1.0,0.0,0.0,1.0
15,280,11.902154833804136,9.801563394880173,0.0,0.0,0.0,1.0,1.0,0.0
16,280,7.778621817331891,11.352105435354137,0.0,0.0,0.0,0.0,1.0,1.0
17,280,1.305044814841816,2.722424599989754,0.0,0.0,0.0,0.0,1.0,1.0
18,280,3.9964831838911583,1.5172968842394328,0.0,1.0,0.0,0.0,0.0,1.0
19,280,0.4640654297401072,0.9358353373934096,0.0,1.0,0.0,0.0,1.0,0.0
0,285,11.507081709831768,2.504639867742166,0.0,0.0,1.0,1.0,1.0,0.0
1,285,12.0,12.0,0.0,0.0,1.0,0.0,0.0,0.0
2,285,12.0,9.638984685588984,1.0,0.0,0.0,1.0,1.0,1.0
3,285,6.756446167746271,5.13379507195327,0.0,0.0,0.0,0.0,1.0,1.0
4,285,4.595520222638488,3.80486031361837,1.0,0.0,1.0,0.0,1.0,1.0
5,285,7.339565775828136,0.0,0.0,1.0,0.0,0.0,0.0,0.0
6,285,3.044754949840207,8.243549518996032,0.0,1.0,0.0,1.0,1.0,0.0
7,285,0.7141420122993446,1.4477440901397305,0.0,1.0,0.0,1.0,0.0,0.0
8,285,2.648809953004485,12.0,0.0,0.0,0.0,1.0,0.0,0.0
9,285,4.110867224268384,7.46193098166039,1.0,0.0,1.0,0.0,0.0,1.0
10,285,2.469802660390659,6.909630089142381,1.0,0.0,0.0,0.0,1.0,1.0
11,285,12.0,11.902573871427157,1.0,0.0,1.0,0.0,0.0,1.0
12,285,8.422628244565294,4.054911053837311,0.0,0.0,1.0,1.0,0.0,0.0
13,285,2.1930941238940327,3.8312113152208505,0.0,0.0,1.0,0.0,0.0,0.0
14,285,8.118145122392301,10.179331218865054,1.0,1.0,1.0,0.0,0.0,1.0
15,285,11.805187269308098,10.04965047368736,0.0,0.0,0.0,1.0,1.0,0.0
16,285,7.777011219202142,11.347221938965406,0.0,0.0,0.0,0.0,1.0,1.0
17,285,1.3313787153516805,2.7212302260771537,0.0,0.0,0.0,0.0,1.0,1.0
18,285,4.11960969618963,1.5072994866594027,0.0,1.0,0.0,0.0,0.0,1.0
19,285,0.4624312015118768,0.9350537321882244,0.0,1.0,0.0,0.0,1.0,0.0
0,290,11.42882619896448,2.4885779488461504,0.0,0.0,1.0,1.0,1.0,0.0
1,290,12.0,12.0,0.0,0.0,1.0,0.0,0.0,0.0
2,290,12.0,9.601318356940146,1.0,0.0,0.0,1.0,1.0,1.0
3,290,6.628009017998615,5.203933802930756,0.0,0.0,0.0,0.0,1.0,1.0
4,290,4.546544942675546,3.697586986656292,1.0,0.0,1.0,0.0,1.0,1.0
5,290,7.446953659626269,0.0,0.0,1.0,0.0,0.0,0.0,0.0
6,290,3.027923431205456,8.151742216177325,0.0,1.0,0.0,1.0,1.0,0.0
7,290,0.7163279308046994,1.3087923344446386,0.0,1.0,0.0,1.0,0.0,0.0
8,290,2.619852784500749,12.0,0.0,0.0,0.0,1.0,0.0,0.0
9,290,4.193865849671464,7.330161945875437,1.0,0.0,1.0,0.0,0.0,1.0
10,290,2.4153762985912444,6.8279934899064125,1.0,0.0,0.0,0.0,1.0,1.0
11,290,12.0,11.864209768941569,1.0,0.0,1.0,0.0,0.0,1.0
12,290,8.55081593133807,3.890273523944863,0.0,0.0,1.0,1.0,0.0,0.0
13,290,2.1361328349749438,3.925874109505836,0.0,0.0,1.0,0.0,0.0,0.0
14,290,8.117106025153168,10.180394511608291,1.0,1.0,1.0,0.0,0.0,1.0
15,290,11.716439861540149,10.266245717626616,0.0,0.0,0.0,1.0,1.0,0.0
16,290,7.766985078714084,11.316025110543135,0.0,0.0,0.0,0.0,1.0,1.0
17,290,1.382377985545707,2.719439872392341,0.0,0.0,0.0,0.0,1.0,1.0
18,290,4.237971830564519,1.5016444352203382,0.0,1.0,0.0,0.0,0.0,1.0
19,290,0.4488450091334929,0.9286160560265349,0.0,1.0,0.0,0.0,1.0,0.0
0,295,11.338873516276388,2.4690355268234887,0.0,0.0,1.0,1.0,1.0,0.0
1,295,12.0,12.0,0.0,0.0,1.0,0.0,0.0,0.0
2,295,12.0,9.559395980556518,1.0,0.0,0.0,1.0,1.0,1.0
3,295,6.495654405992479,5.2730612996383295,0.0,0.0,0.0,0.0,1.0,1.0
4,295,4.500806343367307,3.598998928740015,1.0,0.0,1.0,0.0,1.0,1.0
5,295,7.553481416557523,0.0,0.0,1.0,0.0,0.0,0.0,0.0
6,295,3.0106888063910717,8.054542591655332,0.0,1.0,0.0,1.0,1.0,0.0
7,295,0.7174054076116793,1.1692309945313577,0.0,1.0,0.0,1.0,0.0,0.0
8,295,2.594180798380504,12.0,0.0,0.0,0.0,1.0,0.0,0.0
9,295,4.270540289141438,7.2074431768468,1.0,0.0,1.0,0.0,0.0,1.0
10,295,2.361626608642305,6.747417148653071,1.0,0.0,0.0,0.0,1.0,1.0
11,295,12.0,11.8196205244242,1.0,0.0,1.0,0.0,0.0,1.0
12,295,8.362320355522492,3.746697556234108,0.0,0.0,1.0,1.0,0.0,0.0
13,295,2.082554824633837,4.010726811359885,0.0,0.0,1.0,0.0,0.0,0.0
14,295,8.121041861632419,10.176172308920428,1.0,1.0,1.0,0.0,0.0,1.0
15,295,11.63503676651343,10.484417675201705,0.0,0.0,0.0,1.0,1.0,0.0
16,295,7.7625178030272926,11.301601346334202,0.0,0.0,0.0,0.0,1.0,1.0
17,295,1.4449583154749166,2.7194172100408025,0.0,0.0,0.0,0.0,1.0,1.0
18,295,4.370900118103555,1.4949570610423009,0.0,1.0,0.0,0.0,0.0,1.0
19,295,0.4171922292153197,0.914290768809686,0.0,1.0,0.0,0.0,1.0,0.0
