0,0,4.00702759359921,5.024995057478102,0.0,0.0,1.0,1.0,1.0,0.0
1,0,2.946463796148609,7.939375572566221,0.0,0.0,1.0,0.0,0.0,0.0
2,0,6.021203490802961,9.021584351138875,1.0,0.0,0.0,1.0,1.0,1.0
3,0,10.022231680508012,3.9337680651637847,0.0,0.0,0.0,0.0,1.0,1.0
4,0,8.03791573363942,1.026717359609562,1.0,0.0,1.0,0.0,1.0,1.0
5,0,6.948897403597964,10.009413809772385,0.0,1.0,0.0,0.0,0.0,0.0
6,0,0.0,11.997681410520167,0.0,1.0,0.0,1.0,1.0,0.0
7,0,11.008944627953674,10.044505758340332,0.0,1.0,0.0,1.0,0.0,0.0
8,0,8.02534647832915,4.04036104930435,0.0,0.0,0.0,1.0,0.0,0.0
9,0,6.999431002198173,5.054245514005773,1.0,0.0,1.0,0.0,0.0,1.0
10,0,9.018916468985603,6.0511195735309125,1.0,0.0,0.0,0.0,1.0,1.0
11,0,7.017060303436709,6.945490000529237,1.0,0.0,1.0,0.0,0.0,1.0
12,0,9.033055040367548,8.03341114927251,0.0,0.0,1.0,1.0,0.0,0.0
13,0,2.04505985223178,9.961660263075172,0.0,0.0,1.0,0.0,0.0,0.0
14,0,12.0,7.996995381444043,1.0,1.0,1.0,0.0,0.0,1.0
15,0,6.958468144163224,7.968403525081276,0.0,0.0,0.0,1.0,1.0,0.0
16,0,4.961053039689677,2.0519042221011388,0.0,0.0,0.0,0.0,1.0,1.0
17,0,2.021462569428071,8.038318225538331,0.0,0.0,0.0,0.0,1.0,1.0
18,0,12.0,0.0536380102483844,0.0,1.0,0.0,0.0,0.0,1.0
19,0,0.02373808785441,0.0577590883066325,0.0,1.0,0.0,0.0,1.0,0.0
0,5,4.020101600464729,5.066621633170187,0.0,0.0,1.0,1.0,1.0,0.0
1,5,2.8854305942454768,7.870753958450573,0.0,0.0,1.0,0.0,0.0,0.0
2,5,6.044277907368426,9.045000539601022,1.0,0.0,0.0,1.0,1.0,1.0
3,5,10.043111791079674,3.86995473469044,0.0,0.0,0.0,0.0,1.0,1.0
4,5,8.056779795621994,1.0402585180023696,1.0,0.0,1.0,0.0,1.0,1.0
5,5,6.894630139797661,10.019276680679251,0.0,1.0,0.0,0.0,0.0,0.0
6,5,0.0,11.99431938762156,0.0,1.0,0.0,1.0,1.0,0.0
7,5,11.02107609916838,10.099899070591642,0.0,1.0,0.0,1.0,0.0,0.0
8,5,8.05832457599176,4.090490481423253,0.0,0.0,0.0,1.0,0.0,0.0
9,5,6.997730460433988,5.118473096392866,1.0,0.0,1.0,0.0,0.0,1.0
10,5,9.035134351462576,6.092619490785542,1.0,0.0,0.0,0.0,1.0,1.0
11,5,7.034429699971776,6.890074616291955,1.0,0.0,1.0,0.0,0.0,1.0
12,5,9.05436438901386,8.054318803603747,0.0,0.0,1.0,1.0,0.0,0.0
13,5,2.08691152939953,9.926898963289458,0.0,0.0,1.0,0.0,0.0,0.0
14,5,12.0,7.996651807376954,1.0,1.0,1.0,0.0,0.0,1.0
15,5,6.927159229944868,7.944153714452674,0.0,0.0,0.0,1.0,1.0,0.0
16,5,4.934058642226115,2.0864482431019424,0.0,0.0,0.0,0.0,1.0,1.0
17,5,2.031099565388698,8.055335438481901,0.0,0.0,0.0,0.0,1.0,1.0
18,5,12.0,0.0949411661756662,0.0,1.0,0.0,0.0,0.0,1.0
19,5,0.0435856724356989,0.1071855213323191,0.0,1.0,0.0,0.0,1.0,0.0
0,10,4.03709177187207,5.12071523287697,0.0,0.0,1.0,1.0,1.0,0.0
1,10,2.8070185324855226,7.782152544262702,0.0,0.0,1.0,0.0,0.0,0.0
2,10,6.074335223863201,9.0759440301586,1.0,0.0,0.0,1.0,1.0,1.0
3,10,10.058891636637066,3.825758964869784,0.0,0.0,0.0,0.0,1.0,1.0
4,10,8.062507372672334,1.044322634879713,1.0,0.0,1.0,0.0,1.0,1.0
5,10,6.859904197635619,10.025182825914955,0.0,1.0,0.0,0.0,0.0,0.0
6,10,0.0,11.993080119039474,0.0,1.0,0.0,1.0,1.0,0.0
7,10,11.035343991404694,10.162525445580208,0.0,1.0,0.0,1.0,0.0,0.0
8,10,8.084740754563825,4.13064279261361,0.0,0.0,0.0,1.0,0.0,0.0
9,10,6.995929128370836,5.1657359574377,1.0,0.0,1.0,0.0,0.0,1.0
10,10,9.051240398956908,6.136314615307717,1.0,0.0,0.0,0.0,1.0,1.0
11,10,7.054153248978783,6.827497221953167,1.0,0.0,1.0,0.0,0.0,1.0
12,10,9.089728360383198,8.08962946694333,0.0,0.0,1.0,1.0,0.0,0.0
13,10,2.1286819763582057,9.89219656666374,0.0,0.0,1.0,0.0,0.0,0.0
14,10,11.990784905633728,8.000142775434195,1.0,1.0,1.0,0.0,0.0,1.0
15,10,6.894018393124073,7.918744057434115,0.0,0.0,0.0,1.0,1.0,0.0
16,10,4.911372577884813,2.114391588466985,0.0,0.0,0.0,0.0,1.0,1.0
17,10,2.0479576884475343,8.084977315174376,0.0,0.0,0.0,0.0,1.0,1.0
18,10,12.0,0.1523891758160988,0.0,1.0,0.0,0.0,0.0,1.0
19,10,0.0717658660345911,0.177427250560318,0.0,1.0,0.0,0.0,1.0,0.0
0,15,4.050576027471399,5.164571989732204,0.0,0.0,1.0,1.0,1.0,0.0
1,15,2.7262014259177243,7.694763153439895,0.0,0.0,1.0,0.0,0.0,0.0
2,15,6.103144335744417,9.104970147722565,1.0,0.0,0.0,1.0,1.0,1.0
3,15,10.069398724593734,3.795310742996905,0.0,0.0,0.0,0.0,1.0,1.0
4,15,8.084241429275268,1.0591322150730906,1.0,0.0,1.0,0.0,1.0,1.0
5,15,6.836672196715576,10.028944722162375,0.0,1.0,0.0,0.0,0.0,0.0
6,15,0.0,11.99087588087175,0.0,1.0,0.0,1.0,1.0,0.0
7,15,11.04660411083838,10.210916712449674,0.0,1.0,0.0,1.0,0.0,0.0
8,15,8.016720983991714,4.178818942458518,0.0,0.0,0.0,1.0,0.0,0.0
9,15,6.993887791836678,5.202468631216378,1.0,0.0,1.0,0.0,0.0,1.0
10,15,9.06081041202336,6.161552527770554,1.0,0.0,0.0,0.0,1.0,1.0
11,15,7.072827716371839,6.76740881588051,1.0,0.0,1.0,0.0,0.0,1.0
12,15,9.1215399527556,8.122754395877406,0.0,0.0,1.0,1.0,0.0,0.0
13,15,2.192257691174624,9.837968890604634,0.0,0.0,1.0,0.0,0.0,0.0
14,15,11.981900341078235,8.00365555980465,1.0,1.0,1.0,0.0,0.0,1.0
15,15,6.867636236873885,7.8987115278695965,0.0,0.0,0.0,1.0,1.0,0.0
16,15,4.899164970152218,2.128947149727189,0.0,0.0,0.0,0.0,1.0,1.0
17,15,2.0602195567701536,8.106070666121393,0.0,0.0,0.0,0.0,1.0,1.0
18,15,12.0,0.1638663220496509,0.0,1.0,0.0,0.0,0.0,1.0
19,15,0.1049960449619321,0.2561680749316041,0.0,1.0,0.0,0.0,1.0,0.0
0,20,4.059835056932141,5.192222837121636,0.0,0.0,1.0,1.0,1.0,0.0
1,20,2.635668860221673,7.601878304908379,0.0,0.0,1.0,0.0,0.0,0.0
2,20,6.119048320511912,9.12119098793525,1.0,0.0,0.0,1.0,1.0,1.0
3,20,10.077483975713774,3.772809195377556,0.0,0.0,0.0,0.0,1.0,1.0
4,20,8.098296361587044,1.0683197837148253,1.0,0.0,1.0,0.0,1.0,1.0
5,20,6.800289171261361,10.035047146123771,0.0,1.0,0.0,0.0,0.0,0.0
6,20,0.0,12.0,0.0,1.0,0.0,1.0,1.0,0.0
7,20,11.056473921890904,10.254141216515158,0.0,1.0,0.0,1.0,0.0,0.0
8,20,7.98230850188462,4.204142357432429,0.0,0.0,0.0,1.0,0.0,0.0
9,20,6.993026344987965,5.246199181505361,1.0,0.0,1.0,0.0,0.0,1.0
10,20,9.06615971063749,6.1767934261149,1.0,0.0,0.0,0.0,1.0,1.0
11,20,7.0889429770407695,6.711782931250467,1.0,0.0,1.0,0.0,0.0,1.0
12,20,9.152551213865324,8.15418922469578,0.0,0.0,1.0,1.0,0.0,0.0
13,20,2.262962061340183,9.77460374318236,0.0,0.0,1.0,0.0,0.0,0.0
14,20,11.932844180617018,8.02097969591316,1.0,1.0,1.0,0.0,0.0,1.0
15,20,6.84094545111394,7.878463586279558,0.0,0.0,0.0,1.0,1.0,0.0
16,20,4.877320924089892,2.154104145183449,0.0,0.0,0.0,0.0,1.0,1.0
17,20,2.0680661174172146,8.119568970244632,0.0,0.0,0.0,0.0,1.0,1.0
18,20,12.0,0.1947657732195396,0.0,1.0,0.0,0.0,0.0,1.0
19,20,0.1387148204864214,0.3320318466934835,0.0,1.0,0.0,0.0,1.0,0.0
0,25,4.067106569081658,5.214794486491174,0.0,0.0,1.0,1.0,1.0,0.0
1,25,2.5415893076329445,7.507126185120912,0.0,0.0,1.0,0.0,0.0,0.0
2,25,6.128575584953537,9.130871768190907,1.0,0.0,0.0,1.0,1.0,1.0
3,25,10.09292835935635,3.729035520034744,0.0,0.0,0.0,0.0,1.0,1.0
4,25,8.14275564807885,1.096631952619239,1.0,0.0,1.0,0.0,1.0,1.0
5,25,6.750581765960191,10.042958148037558,0.0,1.0,0.0,0.0,0.0,0.0
6,25,0.0,12.0,0.0,1.0,0.0,1.0,1.0,0.0
7,25,11.066109451736375,10.296308352912542,0.0,1.0,0.0,1.0,0.0,0.0
8,25,8.014935892633352,4.247815383386923,0.0,0.0,0.0,1.0,0.0,0.0
9,25,6.994190131475442,5.302378574660942,1.0,0.0,1.0,0.0,0.0,1.0
10,25,9.057208861435903,6.153518570569599,1.0,0.0,0.0,0.0,1.0,1.0
11,25,7.101893075925345,6.668236009526059,1.0,0.0,1.0,0.0,0.0,1.0
12,25,9.197698630715644,8.199349526871318,0.0,0.0,1.0,1.0,0.0,0.0
13,25,2.325473975393185,9.718696464780024,0.0,0.0,1.0,0.0,0.0,0.0
14,25,11.892499984134105,8.035015825238911,1.0,1.0,1.0,0.0,0.0,1.0
15,25,6.819986825834849,7.862202404348553,0.0,0.0,0.0,1.0,1.0,0.0
16,25,4.844581249903758,2.1900742430085547,0.0,0.0,0.0,0.0,1.0,1.0
17,25,2.082142028967845,8.14328510215445,0.0,0.0,0.0,0.0,1.0,1.0
18,25,12.0,0.2094757501399567,0.0,1.0,0.0,0.0,0.0,1.0
19,25,0.1715599450026494,0.409335275034619,0.0,1.0,0.0,0.0,1.0,0.0
0,30,4.073707703965512,5.235050767040322,0.0,0.0,1.0,1.0,1.0,0.0
1,30,2.451713612908282,7.418018295154526,0.0,0.0,1.0,0.0,0.0,0.0
2,30,6.154961109864021,9.158605745902063,1.0,0.0,0.0,1.0,1.0,1.0
3,30,10.116487565366755,3.66012547218842,0.0,0.0,0.0,0.0,1.0,1.0
4,30,8.1937480828164,1.1285227456500742,1.0,0.0,1.0,0.0,1.0,1.0
5,30,6.7036028906692735,10.049818104839703,0.0,1.0,0.0,0.0,0.0,0.0
6,30,0.0027843522735003,12.0,0.0,1.0,0.0,1.0,1.0,0.0
7,30,11.076769577011834,10.338028221049608,0.0,1.0,0.0,1.0,0.0,0.0
8,30,8.046900016672383,4.2901391098632455,0.0,0.0,0.0,1.0,0.0,0.0
9,30,6.995136165741516,5.36230104675935,1.0,0.0,1.0,0.0,0.0,1.0
10,30,9.050935870668004,6.137727194367726,1.0,0.0,0.0,0.0,1.0,1.0
11,30,7.117506294821071,6.604789773649984,1.0,0.0,1.0,0.0,0.0,1.0
12,30,9.249646328138814,8.25068664966471,0.0,0.0,1.0,1.0,0.0,0.0
13,30,2.387656648146109,9.666179659702074,0.0,0.0,1.0,0.0,0.0,0.0
14,30,11.830669650449032,8.05673076271345,1.0,1.0,1.0,0.0,0.0,1.0
15,30,6.796384485617591,7.84519662359683,0.0,0.0,0.0,1.0,1.0,0.0
16,30,4.801133033596237,2.2369703992902683,0.0,0.0,0.0,0.0,1.0,1.0
17,30,2.0921746486587858,8.160460222431862,0.0,0.0,0.0,0.0,1.0,1.0
18,30,12.0,0.2308403745169227,0.0,1.0,0.0,0.0,0.0,1.0
19,30,0.204269407065592,0.487560570117131,0.0,1.0,0.0,0.0,1.0,0.0
0,35,4.083466236261621,5.265885883661318,0.0,0.0,1.0,1.0,1.0,0.0
1,35,2.3714039347308016,7.336641260933682,0.0,0.0,1.0,0.0,0.0,0.0
2,35,6.172077769949874,9.175849582023917,1.0,0.0,0.0,1.0,1.0,1.0
3,35,10.14303909590989,3.586638485851263,0.0,0.0,0.0,0.0,1.0,1.0
4,35,8.237606241619233,1.1572561785607978,1.0,0.0,1.0,0.0,1.0,1.0
5,35,6.682144734944637,10.052589833759834,0.0,1.0,0.0,0.0,0.0,0.0
6,35,0.0074005754491902,12.0,0.0,1.0,0.0,1.0,1.0,0.0
7,35,11.088365660149114,10.388093294527891,0.0,1.0,0.0,1.0,0.0,0.0
8,35,8.078917672180319,4.331905323760753,0.0,0.0,0.0,1.0,0.0,0.0
9,35,6.995060725172675,5.439270193383383,1.0,0.0,1.0,0.0,0.0,1.0
10,35,9.040907584693509,6.114192349097366,1.0,0.0,0.0,0.0,1.0,1.0
11,35,7.13434403165497,6.533373166512934,1.0,0.0,1.0,0.0,0.0,1.0
12,35,9.303339576248394,8.301606083950302,0.0,0.0,1.0,1.0,0.0,0.0
13,35,2.449326240123182,9.614169621699912,0.0,0.0,1.0,0.0,0.0,0.0
14,35,11.74534658876935,8.085349870867153,1.0,1.0,1.0,0.0,0.0,1.0
15,35,6.764843962944158,7.822957847073297,0.0,0.0,0.0,1.0,1.0,0.0
16,35,4.748643944382344,2.293548569805781,0.0,0.0,0.0,0.0,1.0,1.0
17,35,2.1055755687340985,8.181476172013227,0.0,0.0,0.0,0.0,1.0,1.0
18,35,12.0,0.2543788021825373,0.0,1.0,0.0,0.0,0.0,1.0
19,35,0.2371879694776787,0.5674437118987095,0.0,1.0,0.0,0.0,1.0,0.0
0,40,4.092868936727733,5.296538872765337,0.0,0.0,1.0,1.0,1.0,0.0
1,40,2.298329279552442,7.26794568998762,0.0,0.0,1.0,0.0,0.0,0.0
2,40,6.203561662353053,9.207067494911565,1.0,0.0,0.0,1.0,1.0,1.0
3,40,10.170614452527994,3.5084165524318283,0.0,0.0,0.0,0.0,1.0,1.0
4,40,8.291962744830492,1.195172597794831,1.0,0.0,1.0,0.0,1.0,1.0
5,40,6.652212981905875,10.057233879173966,0.0,1.0,0.0,0.0,0.0,0.0
6,40,0.0112698701692002,12.0,0.0,1.0,0.0,1.0,1.0,0.0
7,40,11.09939766898701,10.434498605117236,0.0,1.0,0.0,1.0,0.0,0.0
8,40,8.108624050871903,4.36872697174551,0.0,0.0,0.0,1.0,0.0,0.0
9,40,6.995247528991925,5.54006016957981,1.0,0.0,1.0,0.0,0.0,1.0
10,40,9.031986159577793,6.0926352989492285,1.0,0.0,0.0,0.0,1.0,1.0
11,40,7.152822200442353,6.446865826548803,1.0,0.0,1.0,0.0,0.0,1.0
12,40,9.369016527401117,8.364883023512974,0.0,0.0,1.0,1.0,0.0,0.0
13,40,2.5074891157809014,9.563778340197556,0.0,0.0,1.0,0.0,0.0,0.0
14,40,11.680718897382848,8.10676424397619,1.0,1.0,1.0,0.0,0.0,1.0
15,40,6.709994870195647,7.783157127319007,0.0,0.0,0.0,1.0,1.0,0.0
16,40,4.690711940174704,2.3582943153983265,0.0,0.0,0.0,0.0,1.0,1.0
17,40,2.1202631192063546,8.2034976441519,0.0,0.0,0.0,0.0,1.0,1.0
18,40,12.0,0.2804313448231675,0.0,1.0,0.0,0.0,0.0,1.0
19,40,0.2700007666028914,0.6471003822585806,0.0,1.0,0.0,0.0,1.0,0.0
0,45,4.061042786363238,5.306222150221845,0.0,0.0,1.0,1.0,1.0,0.0
1,45,2.225388064206113,7.19684228207374,0.0,0.0,1.0,0.0,0.0,0.0
2,45,6.234023940773639,9.238624015340845,1.0,0.0,0.0,1.0,1.0,1.0
3,45,10.193391880583366,3.446873497210518,0.0,0.0,0.0,0.0,1.0,1.0
4,45,8.3512243670004,1.238207841000048,1.0,0.0,1.0,0.0,1.0,1.0
5,45,6.6321463519409365,10.060477535486935,0.0,1.0,0.0,0.0,0.0,0.0
6,45,0.0162347457538805,12.0,0.0,1.0,0.0,1.0,1.0,0.0
7,45,11.10889733787346,10.47434630018782,0.0,1.0,0.0,1.0,0.0,0.0
8,45,8.137287343829906,4.40169044930573,0.0,0.0,0.0,1.0,0.0,0.0
9,45,6.990458364838595,5.655259125993296,1.0,0.0,1.0,0.0,0.0,1.0
10,45,9.02169584153879,6.0681898874580025,1.0,0.0,0.0,0.0,1.0,1.0
11,45,7.176857817128583,6.349252724295367,1.0,0.0,1.0,0.0,0.0,1.0
12,45,9.421991463349208,8.41672979913967,0.0,0.0,1.0,1.0,0.0,0.0
13,45,2.564718530992808,9.517654487257673,0.0,0.0,1.0,0.0,0.0,0.0
14,45,11.638117315002775,8.121248828551705,1.0,1.0,1.0,0.0,0.0,1.0
15,45,6.655168792882842,7.742546217046758,0.0,0.0,0.0,1.0,1.0,0.0
16,45,4.628480003385545,2.4270583784308006,0.0,0.0,0.0,0.0,1.0,1.0
17,45,2.137013438130242,8.229899613685072,0.0,0.0,0.0,0.0,1.0,1.0
18,45,12.0,0.3091085373820624,0.0,1.0,0.0,0.0,0.0,1.0
19,45,0.3044427122845992,0.7350040354893081,0.0,1.0,0.0,0.0,1.0,0.0
0,50,4.021649157124341,5.318187301994801,0.0,0.0,1.0,1.0,1.0,0.0
1,50,2.163934790263053,7.137454814322196,0.0,0.0,1.0,0.0,0.0,0.0
2,50,6.2689448141577815,9.273995234822864,1.0,0.0,0.0,1.0,1.0,1.0
3,50,10.21822060556426,3.377984974589718,0.0,0.0,0.0,0.0,1.0,1.0
4,50,8.419737234878594,1.287752842625471,1.0,0.0,1.0,0.0,1.0,1.0
5,50,6.614700086772181,10.063163838348228,0.0,1.0,0.0,0.0,0.0,0.0
6,50,0.0196313245781764,12.0,0.0,1.0,0.0,1.0,1.0,0.0
7,50,11.117339621377974,10.50976788982452,0.0,1.0,0.0,1.0,0.0,0.0
8,50,8.161640204172665,4.429971092069616,0.0,0.0,0.0,1.0,0.0,0.0
9,50,6.984960397949336,5.766998129804351,1.0,0.0,1.0,0.0,0.0,1.0
10,50,9.011960913381753,6.044892090153421,1.0,0.0,0.0,0.0,1.0,1.0
11,50,7.193616736653055,6.278708652585549,1.0,0.0,1.0,0.0,0.0,1.0
12,50,9.4891180562969,8.480658786086217,0.0,0.0,1.0,1.0,0.0,0.0
13,50,2.6274877379009194,9.46602979436695,0.0,0.0,1.0,0.0,0.0,0.0
14,50,11.599974823254556,8.13456900433622,1.0,1.0,1.0,0.0,0.0,1.0
15,50,6.595252895673903,7.697409736261937,0.0,0.0,0.0,1.0,1.0,0.0
16,50,4.561037793001861,2.5012513943115287,0.0,0.0,0.0,0.0,1.0,1.0
17,50,2.1610736424054795,8.266426468185118,0.0,0.0,0.0,0.0,1.0,1.0
18,50,12.0,0.3414306481850665,0.0,1.0,0.0,0.0,0.0,1.0
19,50,0.3374229542549009,0.8197636149943868,0.0,1.0,0.0,0.0,1.0,0.0
0,55,3.999067712736939,5.324985343798993,0.0,0.0,1.0,1.0,1.0,0.0
1,55,2.094865885965409,7.069053822976031,0.0,0.0,1.0,0.0,0.0,0.0
2,55,6.311999985678038,9.318677194504042,1.0,0.0,0.0,1.0,1.0,1.0
3,55,10.2418751139138,3.309673490675782,0.0,0.0,0.0,0.0,1.0,1.0
4,55,8.485317006185552,1.335879068538978,1.0,0.0,1.0,0.0,1.0,1.0
5,55,6.604386798709182,10.065128548473592,0.0,1.0,0.0,0.0,0.0,0.0
6,55,0.0242899998535573,12.0,0.0,1.0,0.0,1.0,1.0,0.0
7,55,11.126372747664613,10.544717931354098,0.0,1.0,0.0,1.0,0.0,0.0
8,55,8.186078236519391,4.45779089765045,0.0,0.0,0.0,1.0,0.0,0.0
9,55,6.979551660791141,5.869572140016623,1.0,0.0,1.0,0.0,0.0,1.0
10,55,9.004194970058311,6.0273926299108735,1.0,0.0,0.0,0.0,1.0,1.0
11,55,7.2139161567232515,6.190452558892418,1.0,0.0,1.0,0.0,0.0,1.0
12,55,9.568726188268528,8.55680290785339,0.0,0.0,1.0,1.0,0.0,0.0
13,55,2.695039636076536,9.410975031471194,0.0,0.0,1.0,0.0,0.0,0.0
14,55,11.569363932867354,8.145907045799834,1.0,1.0,1.0,0.0,0.0,1.0
15,55,6.543205720357877,7.658058725041338,0.0,0.0,0.0,1.0,1.0,0.0
16,55,4.508281738943137,2.5595554166935472,0.0,0.0,0.0,0.0,1.0,1.0
17,55,2.193021509660529,8.314335471796808,0.0,0.0,0.0,0.0,1.0,1.0
18,55,12.0,0.362915174665008,0.0,1.0,0.0,0.0,0.0,1.0
19,55,0.375105868679138,0.911041563609829,0.0,1.0,0.0,0.0,1.0,0.0
0,60,3.966900097222044,5.334942293724965,0.0,0.0,1.0,1.0,1.0,0.0
1,60,2.0300685023616687,7.003326742032861,0.0,0.0,1.0,0.0,0.0,0.0
2,60,6.357133118776387,9.366535038437895,1.0,0.0,0.0,1.0,1.0,1.0
3,60,10.265770278703068,3.239787040598096,0.0,0.0,0.0,0.0,1.0,1.0
4,60,8.427174716184375,1.4166490987687932,1.0,0.0,1.0,0.0,1.0,1.0
5,60,6.600181147468689,10.065861015402453,0.0,1.0,0.0,0.0,0.0,0.0
6,60,0.0281151502221371,12.0,0.0,1.0,0.0,1.0,1.0,0.0
7,60,11.130914147643198,10.56298759440128,0.0,1.0,0.0,1.0,0.0,0.0
8,60,8.216662724740093,4.498262236344098,0.0,0.0,0.0,1.0,0.0,0.0
9,60,6.97438754419277,5.969117344611782,1.0,0.0,1.0,0.0,0.0,1.0
10,60,8.983943674674055,5.981311085954786,1.0,0.0,0.0,0.0,1.0,1.0
11,60,7.229871905122343,6.1115354767048045,1.0,0.0,1.0,0.0,0.0,1.0
12,60,9.644190060612944,8.627125901510414,0.0,0.0,1.0,1.0,0.0,0.0
13,60,2.7618492332812856,9.36119364504879,0.0,0.0,1.0,0.0,0.0,0.0
14,60,11.546987228736652,8.154137815966612,1.0,1.0,1.0,0.0,0.0,1.0
15,60,6.471190801420788,7.605404405218159,0.0,0.0,0.0,1.0,1.0,0.0
16,60,4.4577453890482985,2.6160241542139437,0.0,0.0,0.0,0.0,1.0,1.0
17,60,2.224573639106926,8.364236105387183,0.0,0.0,0.0,0.0,1.0,1.0
18,60,12.0,0.3757378777523436,0.0,1.0,0.0,0.0,0.0,1.0
19,60,0.4137414782108389,1.0014539301947232,0.0,1.0,0.0,0.0,1.0,0.0
0,65,3.93879307040954,5.344347498660766,0.0,0.0,1.0,1.0,1.0,0.0
1,65,1.9908810008369824,6.962721758418113,0.0,0.0,1.0,0.0,0.0,0.0
2,65,6.402857615331207,9.41490407603708,1.0,0.0,0.0,1.0,1.0,1.0
3,65,10.287945741155914,3.174874802622885,0.0,0.0,0.0,0.0,1.0,1.0
4,65,8.370654136162434,1.4974144006186112,1.0,0.0,1.0,0.0,1.0,1.0
5,65,6.576451620463931,10.069690856409016,0.0,1.0,0.0,0.0,0.0,0.0
6,65,0.0323009139712471,12.0,0.0,1.0,0.0,1.0,1.0,0.0
7,65,11.134794224645931,10.57766883975965,0.0,1.0,0.0,1.0,0.0,0.0
8,65,8.251833178293703,4.546827585717709,0.0,0.0,0.0,1.0,0.0,0.0
9,65,6.969045615983955,6.063837119978191,1.0,0.0,1.0,0.0,0.0,1.0
10,65,8.972453745198054,5.9565413792311,1.0,0.0,0.0,0.0,1.0,1.0
11,65,7.246683535980818,6.023103896597903,1.0,0.0,1.0,0.0,0.0,1.0
12,65,9.718447270005262,8.698386214593912,0.0,0.0,1.0,1.0,0.0,0.0
13,65,2.831583223832658,9.30789441210576,0.0,0.0,1.0,0.0,0.0,0.0
14,65,11.541302709942933,8.156122013209286,1.0,1.0,1.0,0.0,0.0,1.0
15,65,6.391352077066221,7.547093376472535,0.0,0.0,0.0,1.0,1.0,0.0
16,65,4.419253421859426,2.6611080874024298,0.0,0.0,0.0,0.0,1.0,1.0
17,65,2.246747908396228,8.399986237576366,0.0,0.0,0.0,0.0,1.0,1.0
18,65,12.0,0.3803286643066939,0.0,1.0,0.0,0.0,0.0,1.0
19,65,0.4566375338928952,1.095284183452477,0.0,1.0,0.0,0.0,1.0,0.0
0,70,3.911626307687359,5.354643475767742,0.0,0.0,1.0,1.0,1.0,0.0
1,70,1.9653953337741128,6.937003658990152,0.0,0.0,1.0,0.0,0.0,0.0
2,70,6.432305634527629,9.44743539822298,1.0,0.0,0.0,1.0,1.0,1.0
3,70,10.321761207488985,3.081064492622021,0.0,0.0,0.0,0.0,1.0,1.0
4,70,8.32624561401275,1.5615936181198529,1.0,0.0,1.0,0.0,1.0,1.0
5,70,6.562456747332816,10.071407084811822,0.0,1.0,0.0,0.0,0.0,0.0
6,70,0.0362033964098746,12.0,0.0,1.0,0.0,1.0,1.0,0.0
7,70,11.142560703682008,10.608793695077775,0.0,1.0,0.0,1.0,0.0,0.0
8,70,8.286273350522228,4.5980850244852,0.0,0.0,0.0,1.0,0.0,0.0
9,70,6.965003633057901,6.179967007389747,1.0,0.0,1.0,0.0,0.0,1.0
10,70,8.957947245579865,5.925446511405667,1.0,0.0,0.0,0.0,1.0,1.0
11,70,7.26984727338827,5.920796122692797,1.0,0.0,1.0,0.0,0.0,1.0
12,70,9.815601168921804,8.788557210770298,0.0,0.0,1.0,1.0,0.0,0.0
13,70,2.9137553386462955,9.24392147701459,0.0,0.0,1.0,0.0,0.0,0.0
14,70,11.545786189959934,8.154550567371205,1.0,1.0,1.0,0.0,0.0,1.0
15,70,6.321044377135606,7.494343309283074,0.0,0.0,0.0,1.0,1.0,0.0
16,70,4.3863021770848505,2.700710858365189,0.0,0.0,0.0,0.0,1.0,1.0
17,70,2.2633310006211,8.427079607272326,0.0,0.0,0.0,0.0,1.0,1.0
18,70,12.0,0.3810982043691789,0.0,1.0,0.0,0.0,0.0,1.0
19,70,0.4911418170443913,1.175208774019904,0.0,1.0,0.0,0.0,1.0,0.0
0,75,3.8766990343525465,5.366923859688896,0.0,0.0,1.0,1.0,1.0,0.0
1,75,1.942334026992668,6.913930632363427,0.0,0.0,1.0,0.0,0.0,0.0
2,75,6.454409323808691,9.472017280675043,1.0,0.0,0.0,1.0,1.0,1.0
3,75,10.355239171028089,2.9902804482551675,0.0,0.0,0.0,0.0,1.0,1.0
4,75,8.269810099775674,1.636783966187532,1.0,0.0,1.0,0.0,1.0,1.0
5,75,6.550285848196852,10.073086156865498,0.0,1.0,0.0,0.0,0.0,0.0
6,75,0.0387825608366825,12.0,0.0,1.0,0.0,1.0,1.0,0.0
7,75,11.154036286333731,10.65693780848649,0.0,1.0,0.0,1.0,0.0,0.0
8,75,8.313483803928245,4.639695205215904,0.0,0.0,0.0,1.0,0.0,0.0
9,75,6.958728197848858,6.305001449128501,1.0,0.0,1.0,0.0,0.0,1.0
10,75,8.944977838766311,5.89720970111547,1.0,0.0,0.0,0.0,1.0,1.0
11,75,7.291834866737012,5.8261523451029245,1.0,0.0,1.0,0.0,0.0,1.0
12,75,9.9234402871774,8.88751434536725,0.0,0.0,1.0,1.0,0.0,0.0
13,75,3.003779776342072,9.176078807356149,0.0,0.0,1.0,0.0,0.0,0.0
14,75,11.55394189110276,8.15166191285462,1.0,1.0,1.0,0.0,0.0,1.0
15,75,6.226278315346655,7.425685407556612,0.0,0.0,0.0,1.0,1.0,0.0
16,75,4.361190414964563,2.731228873640688,0.0,0.0,0.0,0.0,1.0,1.0
17,75,2.2817036779124957,8.458379123289182,0.0,0.0,0.0,0.0,1.0,1.0
18,75,12.0,0.4088351792159712,0.0,1.0,0.0,0.0,0.0,1.0
19,75,0.5269027417032244,1.2585531831995125,0.0,1.0,0.0,0.0,1.0,0.0
0,80,3.853008179138688,5.374521940665405,0.0,0.0,1.0,1.0,1.0,0.0
1,80,1.928963616392623,6.900756331604287,0.0,0.0,1.0,0.0,0.0,0.0
2,80,6.4884752715405005,9.50794867065112,1.0,0.0,0.0,1.0,1.0,1.0
3,80,10.386873634659567,2.903177644002736,0.0,0.0,0.0,0.0,1.0,1.0
4,80,8.224378380092944,1.6936735389589332,1.0,0.0,1.0,0.0,1.0,1.0
5,80,6.518026426089872,10.076619104935988,0.0,1.0,0.0,0.0,0.0,0.0
6,80,0.0410214279040171,12.0,0.0,1.0,0.0,1.0,1.0,0.0
7,80,11.19889748794676,10.64694818447204,0.0,1.0,0.0,1.0,0.0,0.0
8,80,8.3390415825191,4.678176531736164,0.0,0.0,0.0,1.0,0.0,0.0
9,80,6.953744131557099,6.45640646053968,1.0,0.0,1.0,0.0,0.0,1.0
10,80,8.939624573372846,5.886234071091468,1.0,0.0,0.0,0.0,1.0,1.0
11,80,7.313541489207981,5.73499996984874,1.0,0.0,1.0,0.0,0.0,1.0
12,80,10.034847137084853,8.995523910529542,0.0,0.0,1.0,1.0,0.0,0.0
13,80,3.0909078647662134,9.111527771172716,0.0,0.0,1.0,0.0,0.0,0.0
14,80,11.568669435951684,8.146539982309532,1.0,1.0,1.0,0.0,0.0,1.0
15,80,6.156910936660012,7.375079487919771,0.0,0.0,0.0,1.0,1.0,0.0
16,80,4.332060493424774,2.765493023417607,0.0,0.0,0.0,0.0,1.0,1.0
17,80,2.2973643573014364,8.48321348867325,0.0,0.0,0.0,0.0,1.0,1.0
18,80,12.0,0.4194625525241504,0.0,1.0,0.0,0.0,0.0,1.0
19,80,0.5545605121983881,1.3282070683201752,0.0,1.0,0.0,0.0,1.0,0.0
0,85,3.81616778229536,5.385962904132339,0.0,0.0,1.0,1.0,1.0,0.0
1,85,1.9226367083181928,6.894439347729505,0.0,0.0,1.0,0.0,0.0,0.0
2,85,6.520833124511371,9.541151345678518,1.0,0.0,0.0,1.0,1.0,1.0
3,85,10.41437091488362,2.829391527991944,0.0,0.0,0.0,0.0,1.0,1.0
4,85,8.183040482411197,1.7447248160100108,1.0,0.0,1.0,0.0,1.0,1.0
5,85,6.463194276574156,10.082246618814033,0.0,1.0,0.0,0.0,0.0,0.0
6,85,0.0435681322242024,12.0,0.0,1.0,0.0,1.0,1.0,0.0
7,85,11.24062241551336,10.637996058643516,0.0,1.0,0.0,1.0,0.0,0.0
8,85,8.366706651279287,4.717963802995969,0.0,0.0,0.0,1.0,0.0,0.0
9,85,6.945355964694068,6.626703559037829,1.0,0.0,1.0,0.0,0.0,1.0
10,85,8.92930316587334,5.865102857668992,1.0,0.0,0.0,0.0,1.0,1.0
11,85,7.336831297712227,5.632128812866875,1.0,0.0,1.0,0.0,0.0,1.0
12,85,10.149691677922926,9.108128880974476,0.0,0.0,1.0,1.0,0.0,0.0
13,85,3.200163168626783,9.031250671325177,0.0,0.0,1.0,0.0,0.0,0.0
14,85,11.59886278015835,8.135941883167108,1.0,1.0,1.0,0.0,0.0,1.0
15,85,6.090409215893144,7.328750112063359,0.0,0.0,0.0,1.0,1.0,0.0
16,85,4.28462833190622,2.819982096853104,0.0,0.0,0.0,0.0,1.0,1.0
17,85,2.332088074273602,8.538979990290752,0.0,0.0,0.0,0.0,1.0,1.0
18,85,12.0,0.4295411953010709,0.0,1.0,0.0,0.0,0.0,1.0
19,85,0.5791502972519742,1.3942664755821104,0.0,1.0,0.0,0.0,1.0,0.0
0,90,3.787251007787785,5.39508309288767,0.0,0.0,1.0,1.0,1.0,0.0
1,90,1.93329347993396,6.904864835856924,0.0,0.0,1.0,0.0,0.0,0.0
2,90,6.548811101295743,9.571363916007863,1.0,0.0,0.0,1.0,1.0,1.0
3,90,10.432725637210709,2.775555712285588,0.0,0.0,0.0,0.0,1.0,1.0
4,90,8.129287871075158,1.8069937095512325,1.0,0.0,1.0,0.0,1.0,1.0
5,90,6.432724038830383,10.085406745855035,0.0,1.0,0.0,0.0,0.0,0.0
6,90,0.0452071965161786,12.0,0.0,1.0,0.0,1.0,1.0,0.0
7,90,11.25131405319995,10.697515061067758,0.0,1.0,0.0,1.0,0.0,0.0
8,90,8.395940337995576,4.758211031470847,0.0,0.0,0.0,1.0,0.0,0.0
9,90,6.932620035828358,6.790662405588486,1.0,0.0,1.0,0.0,0.0,1.0
10,90,8.906909158249707,5.819900885811976,1.0,0.0,0.0,0.0,1.0,1.0
11,90,7.360473613819701,5.537443208717685,1.0,0.0,1.0,0.0,0.0,1.0
12,90,10.263432713864049,9.221582097743216,0.0,0.0,1.0,1.0,0.0,0.0
13,90,3.3114951549383487,8.94538788400234,0.0,0.0,1.0,0.0,0.0,0.0
14,90,11.639347960401151,8.122241682404836,1.0,1.0,1.0,0.0,0.0,1.0
15,90,6.037297854480884,7.292575001893101,0.0,0.0,0.0,1.0,1.0,0.0
16,90,4.228841708814623,2.8868534105967147,0.0,0.0,0.0,0.0,1.0,1.0
17,90,2.3742111513374478,8.605008139468492,0.0,0.0,0.0,0.0,1.0,1.0
18,90,11.97436321012068,0.433284929251083,0.0,1.0,0.0,0.0,0.0,1.0
19,90,0.59818609048139,1.4448919416345445,0.0,1.0,0.0,0.0,1.0,0.0
0,95,3.761270771635126,5.403173359360686,0.0,0.0,1.0,1.0,1.0,0.0
1,95,1.93175162304577,6.903330092795165,0.0,0.0,1.0,0.0,0.0,0.0
2,95,6.578840738236244,9.604001552358396,1.0,0.0,0.0,1.0,1.0,1.0
3,95,10.452825358884484,2.7136446086437624,0.0,0.0,0.0,0.0,1.0,1.0
4,95,8.072217445427725,1.8706468380687813,1.0,0.0,1.0,0.0,1.0,1.0
5,95,6.426046737521604,10.08601208427332,0.0,1.0,0.0,0.0,0.0,0.0
6,95,0.0459229533741659,12.0,0.0,1.0,0.0,1.0,1.0,0.0
7,95,11.26125714864043,10.754394530469314,0.0,1.0,0.0,1.0,0.0,0.0
8,95,8.41043990577907,4.778395306823917,0.0,0.0,0.0,1.0,0.0,0.0
9,95,6.918987776347556,6.954663774394188,1.0,0.0,1.0,0.0,0.0,1.0
10,95,8.88454500641036,5.774976743403547,1.0,0.0,0.0,0.0,1.0,1.0
11,95,7.38422976071385,5.433166409408178,1.0,0.0,1.0,0.0,0.0,1.0
12,95,10.3716088697113,9.325678521070907,0.0,0.0,1.0,1.0,0.0,0.0
13,95,3.435309887327823,8.856306568152217,0.0,0.0,1.0,0.0,0.0,0.0
14,95,11.694755881459306,8.103802693576087,1.0,1.0,1.0,0.0,0.0,1.0
15,95,5.996397493686948,7.264251432614045,0.0,0.0,0.0,1.0,1.0,0.0
16,95,4.160191378878163,2.9674476831884906,0.0,0.0,0.0,0.0,1.0,1.0
17,95,2.405553147097754,8.652665555320105,0.0,0.0,0.0,0.0,1.0,1.0
18,95,11.952645899699606,0.4363716722272462,0.0,1.0,0.0,0.0,0.0,1.0
19,95,0.6093660422312313,1.474126075885086,0.0,1.0,0.0,0.0,1.0,0.0
0,100,3.733413464163677,5.412185304081378,0.0,0.0,1.0,1.0,1.0,0.0
1,100,1.929792630442152,6.901387532182486,0.0,0.0,1.0,0.0,0.0,0.0
2,100,6.61050518201041,9.64015834842668,1.0,0.0,0.0,1.0,1.0,1.0
3,100,10.469984973098336,2.660217140111433,0.0,0.0,0.0,0.0,1.0,1.0
4,100,8.018742805912925,1.9298598932229776,1.0,0.0,1.0,0.0,1.0,1.0
5,100,6.412073077144853,10.087399840568905,0.0,1.0,0.0,0.0,0.0,0.0
6,100,0.0489352027299918,12.0,0.0,1.0,0.0,1.0,1.0,0.0
7,100,11.272434906224928,10.825038464700572,0.0,1.0,0.0,1.0,0.0,0.0
8,100,8.436039862812397,4.8124869040746425,0.0,0.0,0.0,1.0,0.0,0.0
9,100,6.9038836666206524,7.11855681701342,1.0,0.0,1.0,0.0,0.0,1.0
10,100,8.87100392843172,5.7491976655400965,1.0,0.0,0.0,0.0,1.0,1.0
11,100,7.404912923937187,5.348564192882443,1.0,0.0,1.0,0.0,0.0,1.0
12,100,10.480650251248983,9.42962353266073,0.0,0.0,1.0,1.0,0.0,0.0
13,100,3.5396666900601086,8.782857220489467,0.0,0.0,1.0,0.0,0.0,0.0
14,100,11.736628784146063,8.09058539448613,1.0,1.0,1.0,0.0,0.0,1.0
15,100,5.946723521374585,7.231155603702636,0.0,0.0,0.0,1.0,1.0,0.0
16,100,4.113836779081225,3.0240041564800224,0.0,0.0,0.0,0.0,1.0,1.0
17,100,2.4339439197739483,8.697153080977255,0.0,0.0,0.0,0.0,1.0,1.0
18,100,11.93556509750036,0.4387865782146733,0.0,1.0,0.0,0.0,0.0,1.0
19,100,0.621390489424261,1.5034416715013976,0.0,1.0,0.0,0.0,1.0,0.0
0,105,3.701750359726872,5.423058450182569,0.0,0.0,1.0,1.0,1.0,0.0
1,105,1.907854115047909,6.879630154832109,0.0,0.0,1.0,0.0,0.0,0.0
2,105,6.622739496165813,9.653724478248987,1.0,0.0,0.0,1.0,1.0,1.0
3,105,10.48237689102574,2.622484078989913,0.0,0.0,0.0,0.0,1.0,1.0
4,105,7.968188279531264,1.9856134583253664,1.0,0.0,1.0,0.0,1.0,1.0
5,105,6.38947922473816,10.089644795423448,0.0,1.0,0.0,0.0,0.0,0.0
6,105,0.0521627440008993,12.0,0.0,1.0,0.0,1.0,1.0,0.0
7,105,11.28545663641032,10.908329917787862,0.0,1.0,0.0,1.0,0.0,0.0
8,105,8.453585662739645,4.83581124188276,0.0,0.0,0.0,1.0,0.0,0.0
9,105,7.056151531654078,7.131652838109101,1.0,0.0,1.0,0.0,0.0,1.0
10,105,8.84255028875178,5.695564423201038,1.0,0.0,0.0,0.0,1.0,1.0
11,105,7.428260328490905,5.261039835884382,1.0,0.0,1.0,0.0,0.0,1.0
12,105,10.593947416303912,9.543448650365203,0.0,0.0,1.0,1.0,0.0,0.0
13,105,3.641231464051232,8.708418560735604,0.0,0.0,1.0,0.0,0.0,0.0
14,105,11.785584751408033,8.075871241508287,1.0,1.0,1.0,0.0,0.0,1.0
15,105,5.888445368710634,7.192433137581313,0.0,0.0,0.0,1.0,1.0,0.0
16,105,4.055149269360009,3.090605195473019,0.0,0.0,0.0,0.0,1.0,1.0
17,105,2.4608698264642586,8.738108121933603,0.0,0.0,0.0,0.0,1.0,1.0
18,105,11.92999678912734,0.4395883025487112,0.0,1.0,0.0,0.0,0.0,1.0
19,105,0.6272185350882308,1.517953565015005,0.0,1.0,0.0,0.0,1.0,0.0
0,110,3.6847720226588594,5.42899603643577,0.0,0.0,1.0,1.0,1.0,0.0
1,110,1.875647145528298,6.848089240924541,0.0,0.0,1.0,0.0,0.0,0.0
2,110,6.627771047114573,9.659303487133892,1.0,0.0,0.0,1.0,1.0,1.0
3,110,10.484587034925584,2.6152094323061514,0.0,0.0,0.0,0.0,1.0,1.0
4,110,7.903010324198576,2.0610923804147143,1.0,0.0,1.0,0.0,1.0,1.0
5,110,6.357122215373626,10.093183173450669,0.0,1.0,0.0,0.0,0.0,0.0
6,110,0.0542595319972562,12.0,0.0,1.0,0.0,1.0,1.0,0.0
7,110,11.297281860538392,10.976724222318571,0.0,1.0,0.0,1.0,0.0,0.0
8,110,8.48397791414828,4.876974772316857,0.0,0.0,0.0,1.0,0.0,0.0
9,110,7.2151900018588355,7.146555518898417,1.0,0.0,1.0,0.0,0.0,1.0
10,110,8.81641926997019,5.64765688343805,1.0,0.0,0.0,0.0,1.0,1.0
11,110,7.448425110382328,5.1839969501055485,1.0,0.0,1.0,0.0,0.0,1.0
12,110,10.702647033097485,9.655564998009911,0.0,0.0,1.0,1.0,0.0,0.0
13,110,3.740411533538574,8.635905519099431,0.0,0.0,1.0,0.0,0.0,0.0
14,110,11.823461713886406,8.064848803008648,1.0,1.0,1.0,0.0,0.0,1.0
15,110,5.83193105760803,7.154390026893173,0.0,0.0,0.0,1.0,1.0,0.0
16,110,4.015114027910692,3.137924041266679,0.0,0.0,0.0,0.0,1.0,1.0
17,110,2.496334987207132,8.791738545301511,0.0,0.0,0.0,0.0,1.0,1.0
18,110,11.918152083164482,0.4410430926487139,0.0,1.0,0.0,0.0,0.0,1.0
19,110,0.6442921372883007,1.5590711418414642,0.0,1.0,0.0,0.0,1.0,0.0
0,115,3.6835681605776496,5.429409012016873,0.0,0.0,1.0,1.0,1.0,0.0
1,115,1.8313768513337143,6.801151571082175,0.0,0.0,1.0,0.0,0.0,0.0
2,115,6.638262841443932,9.669913694955872,1.0,0.0,0.0,1.0,1.0,1.0
3,115,10.49082496185146,2.595826161142307,0.0,0.0,0.0,0.0,1.0,1.0
4,115,7.819069810479076,2.161040002661651,1.0,0.0,1.0,0.0,1.0,1.0
5,115,6.30151327716907,10.0987304892777,0.0,1.0,0.0,0.0,0.0,0.0
6,115,0.0529840576932086,12.0,0.0,1.0,0.0,1.0,1.0,0.0
7,115,11.30652688305208,11.03467124997921,0.0,1.0,0.0,1.0,0.0,0.0
8,115,8.530481883935419,4.942410457635816,0.0,0.0,0.0,1.0,0.0,0.0
9,115,7.382859268638855,7.163762586851716,1.0,0.0,1.0,0.0,0.0,1.0
10,115,8.792406078657518,5.605046200435022,1.0,0.0,0.0,0.0,1.0,1.0
11,115,7.477175784204064,5.071790880179296,1.0,0.0,1.0,0.0,0.0,1.0
12,115,10.814131937304962,9.764054386877795,0.0,0.0,1.0,1.0,0.0,0.0
13,115,3.8335505978060818,8.570236592494174,0.0,0.0,1.0,0.0,0.0,0.0
14,115,11.868991256827089,8.052122392988604,1.0,1.0,1.0,0.0,0.0,1.0
15,115,5.759526078124241,7.105637112276612,0.0,0.0,0.0,1.0,1.0,0.0
16,115,3.972892647630133,3.1866299404538854,0.0,0.0,0.0,0.0,1.0,1.0
17,115,2.520310477518521,8.82907717311128,0.0,0.0,0.0,0.0,1.0,1.0
18,115,11.911444994261648,0.4418902137153819,0.0,1.0,0.0,0.0,0.0,1.0
19,115,0.6627292376543696,1.606124146285715,0.0,1.0,0.0,0.0,1.0,0.0
0,120,3.692050165812895,5.426688706744262,0.0,0.0,1.0,1.0,1.0,0.0
1,120,1.7791283855701832,6.749967010839128,0.0,0.0,1.0,0.0,0.0,0.0
2,120,6.658258327361681,9.690239501196576,1.0,0.0,0.0,1.0,1.0,1.0
3,120,10.499918442844107,2.568226553946808,0.0,0.0,0.0,0.0,1.0,1.0
4,120,7.738685144075466,2.2593908029473453,1.0,0.0,1.0,0.0,1.0,1.0
5,120,6.230561914624745,10.104602879678378,0.0,1.0,0.0,0.0,0.0,0.0
6,120,0.0489989452950755,12.0,0.0,1.0,0.0,1.0,1.0,0.0
7,120,11.313353855730544,11.080511495816303,0.0,1.0,0.0,1.0,0.0,0.0
8,120,8.594360366923071,5.037939865252977,0.0,0.0,0.0,1.0,0.0,0.0
9,120,7.552150108087075,7.1815939044583095,1.0,0.0,1.0,0.0,0.0,1.0
10,120,8.75938462446203,5.547319514223584,1.0,0.0,0.0,0.0,1.0,1.0
11,120,7.503466368378783,4.964405012316303,1.0,0.0,1.0,0.0,0.0,1.0
12,120,10.92413224740628,9.869017800182403,0.0,0.0,1.0,1.0,0.0,0.0
13,120,3.918615544262282,8.513242665877685,0.0,0.0,1.0,0.0,0.0,0.0
14,120,11.947465447292725,8.030385891143013,1.0,1.0,1.0,0.0,0.0,1.0
15,120,5.704200154315107,7.069616262940132,0.0,0.0,0.0,1.0,1.0,0.0
16,120,3.93458859205763,3.2342565588059373,0.0,0.0,0.0,0.0,1.0,1.0
17,120,2.5458350099085694,8.869165824438598,0.0,0.0,0.0,0.0,1.0,1.0
18,120,11.908527980331575,0.4421286726290578,0.0,1.0,0.0,0.0,0.0,1.0
19,120,0.6917722137128475,1.6810335241504766,0.0,1.0,0.0,0.0,1.0,0.0
0,125,3.6963608538589967,5.4254147587831065,0.0,0.0,1.0,1.0,1.0,0.0
1,125,1.7152371604776602,6.688790871036914,0.0,0.0,1.0,0.0,0.0,0.0
2,125,6.670731231395389,9.702848953333698,1.0,0.0,0.0,1.0,1.0,1.0
3,125,10.508300516598206,2.5431109426374507,0.0,0.0,0.0,0.0,1.0,1.0
4,125,7.675955816306326,2.3348081126688047,1.0,0.0,1.0,0.0,1.0,1.0
5,125,6.165908861168284,10.110657237104713,0.0,1.0,0.0,0.0,0.0,0.0
6,125,0.048759228713734,12.0,0.0,1.0,0.0,1.0,1.0,0.0
7,125,11.3189878465646,11.122588484722598,0.0,1.0,0.0,1.0,0.0,0.0
8,125,8.651259133770111,5.118878009230391,0.0,0.0,0.0,1.0,0.0,0.0
9,125,7.73067116997971,7.197022500162636,1.0,0.0,1.0,0.0,0.0,1.0
10,125,8.727538444098553,5.490099493684113,1.0,0.0,0.0,0.0,1.0,1.0
11,125,7.527442842523418,4.880565806867783,1.0,0.0,1.0,0.0,0.0,1.0
12,125,11.035616981928149,9.974598740909794,0.0,0.0,1.0,1.0,0.0,0.0
13,125,3.994868256168999,8.462401192184588,0.0,0.0,1.0,0.0,0.0,0.0
14,125,12.0,8.005931268810505,1.0,1.0,1.0,0.0,0.0,1.0
15,125,5.640833190211667,7.032062588699198,0.0,0.0,0.0,1.0,1.0,0.0
16,125,3.896027966679701,3.2818821508378986,0.0,0.0,0.0,0.0,1.0,1.0
17,125,2.5838194281665325,8.927609526000984,0.0,0.0,0.0,0.0,1.0,1.0
18,125,11.92076103315542,0.4409884302184305,0.0,1.0,0.0,0.0,0.0,1.0
19,125,0.7225207897760365,1.7634691705956096,0.0,1.0,0.0,0.0,1.0,0.0
0,130,3.683150223330124,5.429427563259597,0.0,0.0,1.0,1.0,1.0,0.0
1,130,1.6264326126044684,6.600586516320711,0.0,0.0,1.0,0.0,0.0,0.0
2,130,6.679838045357926,9.71166821371818,1.0,0.0,0.0,1.0,1.0,1.0
3,130,10.515227743737006,2.5224262064089213,0.0,0.0,0.0,0.0,1.0,1.0
4,130,7.6024473433959585,2.41910238883942,1.0,0.0,1.0,0.0,1.0,1.0
5,130,6.101310455325978,10.118117326976058,0.0,1.0,0.0,0.0,0.0,0.0
6,130,0.0522117868546181,12.0,0.0,1.0,0.0,1.0,1.0,0.0
7,130,11.32500922344217,11.175902549701014,0.0,1.0,0.0,1.0,0.0,0.0
8,130,8.719855653655152,5.216637378335798,0.0,0.0,0.0,1.0,0.0,0.0
9,130,7.911895578031309,7.216989405755483,1.0,0.0,1.0,0.0,0.0,1.0
10,130,8.702451602198144,5.442953722265564,1.0,0.0,0.0,0.0,1.0,1.0
11,130,7.549213179795012,4.8047208959839605,1.0,0.0,1.0,0.0,0.0,1.0
12,130,11.145065116294251,10.073294857050811,0.0,0.0,1.0,1.0,0.0,0.0
13,130,4.0706684322739015,8.409419667234944,0.0,0.0,1.0,0.0,0.0,0.0
14,130,12.0,7.982886365243861,1.0,1.0,1.0,0.0,0.0,1.0
15,130,5.5755589915768375,6.995307015752009,0.0,0.0,0.0,1.0,1.0,0.0
16,130,3.857966814450421,3.326350804969444,0.0,0.0,0.0,0.0,1.0,1.0
17,130,2.628653613518071,8.9970896197112,0.0,0.0,0.0,0.0,1.0,1.0
18,130,11.93727377098506,0.4392773003036383,0.0,1.0,0.0,0.0,0.0,1.0
19,130,0.7535195650356517,1.8521412036481717,0.0,1.0,0.0,0.0,1.0,0.0
0,135,3.6496922535494334,5.4399041060537545,0.0,0.0,1.0,1.0,1.0,0.0
1,135,1.5228522742453887,6.495359965280312,0.0,0.0,1.0,0.0,0.0,0.0
2,135,6.676568630878786,9.708353540872208,1.0,0.0,0.0,1.0,1.0,1.0
3,135,10.52560246584614,2.48987672639785,0.0,0.0,0.0,0.0,1.0,1.0
4,135,7.532949025571033,2.4970189266098752,1.0,0.0,1.0,0.0,1.0,1.0
5,135,6.032896112241906,10.123289856118063,0.0,1.0,0.0,0.0,0.0,0.0
6,135,0.0498962613392812,12.0,0.0,1.0,0.0,1.0,1.0,0.0
7,135,11.329148477386775,11.227975818338834,0.0,1.0,0.0,1.0,0.0,0.0
8,135,8.800280669438516,5.329497291854871,0.0,0.0,0.0,1.0,0.0,0.0
9,135,8.0788696799594,7.23429767282681,1.0,0.0,1.0,0.0,0.0,1.0
10,135,8.678900153267994,5.399543329229636,1.0,0.0,0.0,0.0,1.0,1.0
11,135,7.563105831588754,4.755618262965151,1.0,0.0,1.0,0.0,0.0,1.0
12,135,11.261154213576816,10.177664780322267,0.0,0.0,1.0,1.0,0.0,0.0
13,135,4.156065671708925,8.344187456116654,0.0,0.0,1.0,0.0,0.0,0.0
14,135,12.0,7.959510807130943,1.0,1.0,1.0,0.0,0.0,1.0
15,135,5.518160211712608,6.9649932574287705,0.0,0.0,0.0,1.0,1.0,0.0
16,135,3.82669168083096,3.3635616777388586,0.0,0.0,0.0,0.0,1.0,1.0
17,135,2.668868436710546,9.059969142219629,0.0,0.0,0.0,0.0,1.0,1.0
18,135,11.95272228506519,0.4377265234830302,0.0,1.0,0.0,0.0,0.0,1.0
19,135,0.7839061857962589,1.937155416259893,0.0,1.0,0.0,0.0,1.0,0.0
0,140,3.635489072280699,5.444358622364271,0.0,0.0,1.0,1.0,1.0,0.0
1,140,1.4080962142264812,6.3767309856839685,0.0,0.0,1.0,0.0,0.0,0.0
2,140,6.680176922442849,9.712038942378566,1.0,0.0,0.0,1.0,1.0,1.0
3,140,10.533414387807596,2.4634332637533203,0.0,0.0,0.0,0.0,1.0,1.0
4,140,7.457304418480024,2.5807025649131603,1.0,0.0,1.0,0.0,1.0,1.0
5,140,5.966494215799609,10.127923605216273,0.0,1.0,0.0,0.0,0.0,0.0
6,140,0.0472296440001043,12.0,0.0,1.0,0.0,1.0,1.0,0.0
7,140,11.33389987998727,11.284299622601646,0.0,1.0,0.0,1.0,0.0,0.0
8,140,8.87620823928758,5.438782263145603,0.0,0.0,0.0,1.0,0.0,0.0
9,140,8.218798857635777,7.2525936626665555,1.0,0.0,1.0,0.0,0.0,1.0
10,140,8.658111992776625,5.360503777572935,1.0,0.0,0.0,0.0,1.0,1.0
11,140,7.580899567476706,4.692928473530747,1.0,0.0,1.0,0.0,0.0,1.0
12,140,11.37988712574117,10.282395801446633,0.0,0.0,1.0,1.0,0.0,0.0
13,140,4.230714012864339,8.284060682527722,0.0,0.0,1.0,0.0,0.0,0.0
14,140,11.97686184023934,7.875129922169699,1.0,1.0,1.0,0.0,0.0,1.0
15,140,5.459829645187167,6.932327588736015,0.0,0.0,0.0,1.0,1.0,0.0
16,140,3.861730936668325,3.3938386803934466,0.0,0.0,0.0,0.0,1.0,1.0
17,140,2.697601188675542,9.10426551347541,0.0,0.0,0.0,0.0,1.0,1.0
18,140,11.966174885597775,0.4363334627816092,0.0,1.0,0.0,0.0,0.0,1.0
19,140,0.8134241333161557,2.0195543167303858,0.0,1.0,0.0,0.0,1.0,0.0
0,145,3.6107677954409896,5.4528775858665375,0.0,0.0,1.0,1.0,1.0,0.0
1,145,1.2911788516231677,6.254336647633564,0.0,0.0,1.0,0.0,0.0,0.0
2,145,6.686774723633244,9.718433557900342,1.0,0.0,0.0,1.0,1.0,1.0
3,145,10.538544950473488,2.44434849869047,0.0,0.0,0.0,0.0,1.0,1.0
4,145,7.394843623969098,2.654894155816054,1.0,0.0,1.0,0.0,1.0,1.0
5,145,5.896235385608171,10.133375245984634,0.0,1.0,0.0,0.0,0.0,0.0
6,145,0.0448987819196277,12.0,0.0,1.0,0.0,1.0,1.0,0.0
7,145,11.336855469390173,11.320555360288768,0.0,1.0,0.0,1.0,0.0,0.0
8,145,8.947464400238262,5.539323810097729,0.0,0.0,0.0,1.0,0.0,0.0
9,145,8.369788723013608,7.272390636096548,1.0,0.0,1.0,0.0,0.0,1.0
10,145,8.63049052932654,5.30825220952498,1.0,0.0,0.0,0.0,1.0,1.0
11,145,7.592913540719004,4.651419264512342,1.0,0.0,1.0,0.0,0.0,1.0
12,145,11.50114708954128,10.388883840034683,0.0,0.0,1.0,1.0,0.0,0.0
13,145,4.295374015045489,8.370672133369288,0.0,0.0,1.0,0.0,0.0,0.0
14,145,11.957760460525494,7.804157668996511,1.0,1.0,1.0,0.0,0.0,1.0
15,145,5.383601793296019,6.894529000896929,0.0,0.0,0.0,1.0,1.0,0.0
16,145,3.908490359038831,3.4363919127224354,0.0,0.0,0.0,0.0,1.0,1.0
17,145,2.728898681170921,9.15063041396442,0.0,0.0,0.0,0.0,1.0,1.0
18,145,11.959209397931586,0.4370517490651851,0.0,1.0,0.0,0.0,0.0,1.0
19,145,0.8416810456663477,2.09541481115354,0.0,1.0,0.0,0.0,1.0,0.0
0,150,3.58710371416912,5.461278007828437,0.0,0.0,1.0,1.0,1.0,0.0
1,150,1.1776237830097511,6.13144188745051,0.0,0.0,1.0,0.0,0.0,0.0
2,150,6.686670351044431,9.71833333139444,1.0,0.0,0.0,1.0,1.0,1.0
3,150,10.54551437954212,2.418860377835528,0.0,0.0,0.0,0.0,1.0,1.0
4,150,7.330552458340893,2.730122165122549,1.0,0.0,1.0,0.0,1.0,1.0
5,150,5.836800133673513,10.138349391922077,0.0,1.0,0.0,0.0,0.0,0.0
6,150,0.0421453547167882,12.0,0.0,1.0,0.0,1.0,1.0,0.0
7,150,11.340153401410603,11.35977313348381,0.0,1.0,0.0,1.0,0.0,0.0
8,150,9.019414321735418,5.636006307510663,0.0,0.0,0.0,1.0,0.0,0.0
9,150,8.526618331726274,7.293190765308531,1.0,0.0,1.0,0.0,0.0,1.0
10,150,8.595699575126615,5.25012585945863,1.0,0.0,0.0,0.0,1.0,1.0
11,150,7.610662046260348,4.590385387809854,1.0,0.0,1.0,0.0,0.0,1.0
12,150,11.627435529002591,10.500906607699356,0.0,0.0,1.0,1.0,0.0,0.0
13,150,4.348924981786039,8.445368293205746,0.0,0.0,1.0,0.0,0.0,0.0
14,150,11.93279489371892,7.708316214207207,1.0,1.0,1.0,0.0,0.0,1.0
15,150,5.30814738867489,6.854641314136707,0.0,0.0,0.0,1.0,1.0,0.0
16,150,3.95105056034118,3.4768224438676043,0.0,0.0,0.0,0.0,1.0,1.0
17,150,2.756741352522427,9.188811451869825,0.0,0.0,0.0,0.0,1.0,1.0
18,150,11.954522922511122,0.4375320978171146,0.0,1.0,0.0,0.0,0.0,1.0
19,150,0.8699444417149756,2.1717404547824266,0.0,1.0,0.0,0.0,1.0,0.0
0,155,3.5610391011257296,5.470145067234556,0.0,0.0,1.0,1.0,1.0,0.0
1,155,1.0641769348357863,6.01186225494966,0.0,0.0,1.0,0.0,0.0,0.0
2,155,6.69987899513451,9.730301033509528,1.0,0.0,0.0,1.0,1.0,1.0
3,155,10.551997780756372,2.394142972123298,0.0,0.0,0.0,0.0,1.0,1.0
4,155,7.247402357926298,2.823303898977928,1.0,0.0,1.0,0.0,1.0,1.0
5,155,5.768069600338784,10.145648113680878,0.0,1.0,0.0,0.0,0.0,0.0
6,155,0.0353131278747167,12.0,0.0,1.0,0.0,1.0,1.0,0.0
7,155,11.344488226373532,11.425934418365427,0.0,1.0,0.0,1.0,0.0,0.0
8,155,9.094474697372624,5.732981832574293,0.0,0.0,0.0,1.0,0.0,0.0
9,155,8.691546993022126,7.317552287094408,1.0,0.0,1.0,0.0,0.0,1.0
10,155,8.554964904006525,5.184706305921721,1.0,0.0,0.0,0.0,1.0,1.0
11,155,7.625855207502174,4.536573406550039,1.0,0.0,1.0,0.0,0.0,1.0
12,155,11.745943620741713,10.606878103196811,0.0,0.0,1.0,1.0,0.0,0.0
13,155,4.408173409358776,8.525471495088192,0.0,0.0,1.0,0.0,0.0,0.0
14,155,11.910370087431833,7.624240528114713,1.0,1.0,1.0,0.0,0.0,1.0
15,155,5.241639457807188,6.819739852383838,0.0,0.0,0.0,1.0,1.0,0.0
16,155,3.999220465037478,3.5220932782137027,0.0,0.0,0.0,0.0,1.0,1.0
17,155,2.8067314472190303,9.262023514465296,0.0,0.0,0.0,0.0,1.0,1.0
18,155,11.944013956154029,0.4382922280672475,0.0,1.0,0.0,0.0,0.0,1.0
19,155,0.8991222378288611,2.2488528408650192,0.0,1.0,0.0,0.0,1.0,0.0
0,160,3.533921298094972,5.478576860077432,0.0,0.0,1.0,1.0,1.0,0.0
1,160,0.970927839622228,5.90485728430602,0.0,0.0,1.0,0.0,0.0,0.0
2,160,6.721223269901541,9.747992235274635,1.0,0.0,0.0,1.0,1.0,1.0
3,160,10.553148814601755,2.389954439336841,0.0,0.0,0.0,0.0,1.0,1.0
4,160,7.161119590555212,2.917636299620294,1.0,0.0,1.0,0.0,1.0,1.0
5,160,5.70268408662761,10.153888332874113,0.0,1.0,0.0,0.0,0.0,0.0
6,160,0.028220246632651,12.0,0.0,1.0,0.0,1.0,1.0,0.0
7,160,11.349411360717488,11.50001217644904,0.0,1.0,0.0,1.0,0.0,0.0
8,160,9.16328109013368,5.8221363753491016,0.0,0.0,0.0,1.0,0.0,0.0
9,160,8.85616216308169,7.341509562577201,1.0,0.0,1.0,0.0,0.0,1.0
10,160,8.517871123880957,5.122153775710697,1.0,0.0,0.0,0.0,1.0,1.0
11,160,7.643368637184984,4.484870689488882,1.0,0.0,1.0,0.0,0.0,1.0
12,160,11.876942855729352,10.72021070682536,0.0,0.0,1.0,1.0,0.0,0.0
13,160,4.474074175658817,8.617422083224639,0.0,0.0,1.0,0.0,0.0,0.0
14,160,11.885418002845697,7.529996383867809,1.0,1.0,1.0,0.0,0.0,1.0
15,160,5.172332889000727,6.783499509993684,0.0,0.0,0.0,1.0,1.0,0.0
16,160,4.030580762760724,3.5521012953021005,0.0,0.0,0.0,0.0,1.0,1.0
17,160,2.8507619488015528,9.3240448723155,0.0,0.0,0.0,0.0,1.0,1.0
18,160,11.944295770970973,0.4382732867627325,0.0,1.0,0.0,0.0,0.0,1.0
19,160,0.9310236864827944,2.332312370267134,0.0,1.0,0.0,0.0,1.0,0.0
0,165,3.4946482118593662,5.490978202357583,0.0,0.0,1.0,1.0,1.0,0.0
1,165,0.8935807870945439,5.816582621703862,0.0,0.0,1.0,0.0,0.0,0.0
2,165,6.747729122441422,9.76980175140726,1.0,0.0,0.0,1.0,1.0,1.0
3,165,10.555839399971056,2.3796739677600374,0.0,0.0,0.0,0.0,1.0,1.0
4,165,7.076027792907145,3.009222032229074,1.0,0.0,1.0,0.0,1.0,1.0
5,165,5.660938569550865,10.1608223445098,0.0,1.0,0.0,0.0,0.0,0.0
6,165,0.0222809992452601,12.0,0.0,1.0,0.0,1.0,1.0,0.0
7,165,11.35657723073662,11.5922401440949,0.0,1.0,0.0,1.0,0.0,0.0
8,165,9.228028916458648,5.906987670546414,0.0,0.0,0.0,1.0,0.0,0.0
9,165,9.032298300452217,7.36986841550473,1.0,0.0,1.0,0.0,0.0,1.0
10,165,8.482258378412936,5.064711277706177,1.0,0.0,0.0,0.0,1.0,1.0
11,165,7.665322481398474,4.424162192930354,1.0,0.0,1.0,0.0,0.0,1.0
12,165,12.0,10.83806904075605,0.0,0.0,1.0,1.0,0.0,0.0
13,165,4.5534734260533325,8.726863158147209,0.0,0.0,1.0,0.0,0.0,0.0
14,165,11.856982430787628,7.430085922982147,1.0,1.0,1.0,0.0,0.0,1.0
15,165,5.111326038446695,6.750693998695782,0.0,0.0,0.0,1.0,1.0,0.0
16,165,4.060493419221769,3.581848817934386,0.0,0.0,0.0,0.0,1.0,1.0
17,165,2.8960804537564493,9.388550082245224,0.0,0.0,0.0,0.0,1.0,1.0
18,165,11.971913913030646,0.4369786251263838,0.0,1.0,0.0,0.0,0.0,1.0
19,165,0.9604186987732876,2.4212312603019117,0.0,1.0,0.0,0.0,1.0,0.0
0,170,3.459843692000645,5.5016145050902985,0.0,0.0,1.0,1.0,1.0,0.0
1,170,0.8306434558691508,5.74563022726079,0.0,0.0,1.0,0.0,0.0,0.0
2,170,6.768136832075433,9.787504588624037,1.0,0.0,0.0,1.0,1.0,1.0
3,170,10.560100003683324,2.361021736280557,0.0,0.0,0.0,0.0,1.0,1.0
4,170,6.988544311740091,3.1056688831932258,1.0,0.0,1.0,0.0,1.0,1.0
5,170,5.633090371773395,10.165736712330446,0.0,1.0,0.0,0.0,0.0,0.0
6,170,0.0145516483400823,12.0,0.0,1.0,0.0,1.0,1.0,0.0
7,170,11.360359035938014,11.69269503347202,0.0,1.0,0.0,1.0,0.0,0.0
8,170,9.28223817462929,5.976815066742342,0.0,0.0,0.0,1.0,0.0,0.0
9,170,9.219846166446429,7.398321487510467,1.0,0.0,1.0,0.0,0.0,1.0
10,170,8.510673460513225,5.04640429695985,1.0,0.0,0.0,0.0,1.0,1.0
11,170,7.689581196230644,4.364325150420092,1.0,0.0,1.0,0.0,0.0,1.0
12,170,12.0,10.949911806800028,0.0,0.0,1.0,1.0,0.0,0.0
13,170,4.639396570309071,8.844289239948608,0.0,0.0,1.0,0.0,0.0,0.0
14,170,11.836063410095504,7.349715946636813,1.0,1.0,1.0,0.0,0.0,1.0
15,170,5.05061482123541,6.720036017487029,0.0,0.0,0.0,1.0,1.0,0.0
16,170,4.086477527455086,3.607186026936724,0.0,0.0,0.0,0.0,1.0,1.0
17,170,2.9338483273640525,9.4505555656498,0.0,0.0,0.0,0.0,1.0,1.0
18,170,11.960229191306142,0.437298202625371,0.0,1.0,0.0,0.0,0.0,1.0
19,170,0.9922387141212996,2.516450292022137,0.0,1.0,0.0,0.0,1.0,0.0
0,175,3.4236652214793795,5.511322799016889,0.0,0.0,1.0,1.0,1.0,0.0
1,175,0.7688007130720788,5.674430134147045,0.0,0.0,1.0,0.0,0.0,0.0
2,175,6.783031955665927,9.8003765441751,1.0,0.0,0.0,1.0,1.0,1.0
3,175,10.56259565380664,2.350085232416741,0.0,0.0,0.0,0.0,1.0,1.0
4,175,6.912229687758969,3.1903894200088305,1.0,0.0,1.0,0.0,1.0,1.0
5,175,5.599871852687566,10.17081917839926,0.0,1.0,0.0,0.0,0.0,0.0
6,175,0.007306853267154,12.0,0.0,1.0,0.0,1.0,1.0,0.0
7,175,11.366726738387008,11.815206351372003,0.0,1.0,0.0,1.0,0.0,0.0
8,175,9.342653329795075,6.051985268542127,0.0,0.0,0.0,1.0,0.0,0.0
9,175,9.424124701580766,7.427007759369799,1.0,0.0,1.0,0.0,0.0,1.0
10,175,8.552369391427684,5.020332289560444,1.0,0.0,0.0,0.0,1.0,1.0
11,175,7.711896069588312,4.312073484172318,1.0,0.0,1.0,0.0,0.0,1.0
12,175,12.0,11.06320277982334,0.0,0.0,1.0,1.0,0.0,0.0
13,175,4.723100393163453,8.956833983899179,0.0,0.0,1.0,0.0,0.0,0.0
14,175,11.809848958506002,7.2549340435690945,1.0,1.0,1.0,0.0,0.0,1.0
15,175,5.0002134357662165,6.694136538948376,0.0,0.0,0.0,1.0,1.0,0.0
16,175,4.1207792296804735,3.6416954745904735,0.0,0.0,0.0,0.0,1.0,1.0
17,175,2.9824951061273546,9.52657262739243,0.0,0.0,0.0,0.0,1.0,1.0
18,175,11.965772306333491,0.4371083572088023,0.0,1.0,0.0,0.0,0.0,1.0
19,175,1.0250292733426278,2.612974803820984,0.0,1.0,0.0,0.0,1.0,0.0
0,180,3.371870853171846,5.525102662779033,0.0,0.0,1.0,1.0,1.0,0.0
1,180,0.7114170459778172,5.605274189393656,0.0,0.0,1.0,0.0,0.0,0.0
2,180,6.805570179267314,9.819187220934303,1.0,0.0,0.0,1.0,1.0,1.0
3,180,10.564195805978793,2.342480143795253,0.0,0.0,0.0,0.0,1.0,1.0
4,180,6.827045965140755,3.284667265409748,1.0,0.0,1.0,0.0,1.0,1.0
5,180,5.573274562390754,10.175282921110322,0.0,1.0,0.0,0.0,0.0,0.0
6,180,0.0680025475653287,12.0,0.0,1.0,0.0,1.0,1.0,0.0
7,180,11.37506252650412,11.952139738466853,0.0,1.0,0.0,1.0,0.0,0.0
8,180,9.411867817102474,6.132972761888173,0.0,0.0,0.0,1.0,0.0,0.0
9,180,9.639459729847507,7.4561924884502915,1.0,0.0,1.0,0.0,0.0,1.0
10,180,8.583192928616366,5.071143141708253,1.0,0.0,0.0,0.0,1.0,1.0
11,180,7.727393152244189,4.277634296677358,1.0,0.0,1.0,0.0,0.0,1.0
12,180,12.0,11.173367071834948,0.0,0.0,1.0,1.0,0.0,0.0
13,180,4.806866624230379,9.066662329567317,0.0,0.0,1.0,0.0,0.0,0.0
14,180,11.786221515089196,7.15709511226457,1.0,1.0,1.0,0.0,0.0,1.0
15,180,4.967360332936532,6.6766670411001945,0.0,0.0,0.0,1.0,1.0,0.0
16,180,4.14511183186985,3.6665668218571854,0.0,0.0,0.0,0.0,1.0,1.0
17,180,3.026026469099348,9.591902559124083,0.0,0.0,0.0,0.0,1.0,1.0
18,180,11.95251003288434,0.4376983737898583,0.0,1.0,0.0,0.0,0.0,1.0
19,180,1.06108333622083,2.723505952671507,0.0,1.0,0.0,0.0,1.0,0.0
0,185,3.3136711151152056,5.540433600390748,0.0,0.0,1.0,1.0,1.0,0.0
1,185,0.6446157894267316,5.52685540645094,0.0,0.0,1.0,0.0,0.0,0.0
2,185,6.823495189396631,9.834723956295464,1.0,0.0,0.0,1.0,1.0,1.0
3,185,10.56861303357558,2.3181486808273712,0.0,0.0,0.0,0.0,1.0,1.0
4,185,6.744502608145283,3.3751362784947267,1.0,0.0,1.0,0.0,1.0,1.0
5,185,5.552283343665983,10.179018489247532,0.0,1.0,0.0,0.0,0.0,0.0
6,185,0.1219166380688527,12.0,0.0,1.0,0.0,1.0,1.0,0.0
7,185,11.382115047888036,12.0,0.0,1.0,0.0,1.0,0.0,0.0
8,185,9.492158341231256,6.22706832535114,0.0,0.0,0.0,1.0,0.0,0.0
9,185,9.86462850925064,7.485105639715107,1.0,0.0,1.0,0.0,0.0,1.0
10,185,8.61877192841969,5.132636538965523,1.0,0.0,0.0,0.0,1.0,1.0
11,185,7.746148579050961,4.234593180850078,1.0,0.0,1.0,0.0,0.0,1.0
12,185,12.0,11.292540014781364,0.0,0.0,1.0,1.0,0.0,0.0
13,185,4.905012210472147,9.200203097859276,0.0,0.0,1.0,0.0,0.0,0.0
14,185,11.765466533452804,7.0700960202851455,1.0,1.0,1.0,0.0,0.0,1.0
15,185,4.940174465912232,6.662856916292879,0.0,0.0,0.0,1.0,1.0,0.0
16,185,4.180925276468443,3.7015384816278902,0.0,0.0,0.0,0.0,1.0,1.0
17,185,3.064836646254431,9.6516054414682,0.0,0.0,0.0,0.0,1.0,1.0
18,185,11.94442297297372,0.4382925209284408,0.0,1.0,0.0,0.0,0.0,1.0
19,185,1.0955940245553404,2.830878685695672,0.0,1.0,0.0,0.0,1.0,0.0
0,190,3.2354043149122336,5.562664584191325,0.0,0.0,1.0,1.0,1.0,0.0
1,190,0.5694453844916135,5.4368759939728095,0.0,0.0,1.0,0.0,0.0,0.0
2,190,6.847901700031643,9.857577873380412,1.0,0.0,0.0,1.0,1.0,1.0
3,190,10.5790451970277,2.259370246596415,0.0,0.0,0.0,0.0,1.0,1.0
4,190,6.6650498405809415,3.4579134424679205,1.0,0.0,1.0,0.0,1.0,1.0
5,190,5.531794705853154,10.182721737010407,0.0,1.0,0.0,0.0,0.0,0.0
6,190,0.1812396669802332,12.0,0.0,1.0,0.0,1.0,1.0,0.0
7,190,11.393659346713374,12.0,0.0,1.0,0.0,1.0,0.0,0.0
8,190,9.569044905780364,6.326572865561026,0.0,0.0,0.0,1.0,0.0,0.0
9,190,10.071271146163832,7.511758338894808,1.0,0.0,1.0,0.0,0.0,1.0
10,190,8.652730925085883,5.194466104829797,1.0,0.0,0.0,0.0,1.0,1.0
11,190,7.7687933813773,4.180733844659143,1.0,0.0,1.0,0.0,0.0,1.0
12,190,12.0,11.418735748532765,0.0,0.0,1.0,1.0,0.0,0.0
13,190,4.99546266154943,9.320171510329825,0.0,0.0,1.0,0.0,0.0,0.0
14,190,11.741926571428955,6.963009066790559,1.0,1.0,1.0,0.0,0.0,1.0
15,190,4.887867415547508,6.638711182452612,0.0,0.0,0.0,1.0,1.0,0.0
16,190,4.2040255738894405,3.724070340163982,0.0,0.0,0.0,0.0,1.0,1.0
17,190,3.1046172952978743,9.71229925157376,0.0,0.0,0.0,0.0,1.0,1.0
18,190,11.94039436483074,0.4385720667836997,0.0,1.0,0.0,0.0,0.0,1.0
19,190,1.1387843765229944,2.9802640242209426,0.0,1.0,0.0,0.0,1.0,0.0
0,195,3.1685576556588946,5.581650621388525,0.0,0.0,1.0,1.0,1.0,0.0
1,195,0.4812249813716414,5.338819715146568,0.0,0.0,1.0,0.0,0.0,0.0
2,195,6.865260797486108,9.874595324182474,1.0,0.0,0.0,1.0,1.0,1.0
3,195,10.58785107456258,2.21451057953421,0.0,0.0,0.0,0.0,1.0,1.0
4,195,6.584698417774708,3.5440418133557903,1.0,0.0,1.0,0.0,1.0,1.0
5,195,5.51697645305944,10.184840740376355,0.0,1.0,0.0,0.0,0.0,0.0
6,195,0.1745501435328419,12.0,0.0,1.0,0.0,1.0,1.0,0.0
7,195,11.402323940527223,12.0,0.0,1.0,0.0,1.0,0.0,0.0
8,195,9.660993590112138,6.441467068929132,0.0,0.0,0.0,1.0,0.0,0.0
9,195,10.27755808633719,7.541859163159541,1.0,0.0,1.0,0.0,0.0,1.0
10,195,8.695430062242758,5.272883820957886,1.0,0.0,0.0,0.0,1.0,1.0
11,195,7.789633000144613,4.13129628958817,1.0,0.0,1.0,0.0,0.0,1.0
12,195,12.0,11.537343626183048,0.0,0.0,1.0,1.0,0.0,0.0
13,195,5.081180150118707,9.439037214731735,0.0,0.0,1.0,0.0,0.0,0.0
14,195,11.714321443761705,6.852302923991164,1.0,1.0,1.0,0.0,0.0,1.0
15,195,4.83670246907482,6.615283724110863,0.0,0.0,0.0,1.0,1.0,0.0
16,195,4.22729634550565,3.74778682782077,0.0,0.0,0.0,0.0,1.0,1.0
17,195,3.143361986594632,9.771901628916115,0.0,0.0,0.0,0.0,1.0,1.0
18,195,11.95132993139737,0.4375847269584764,0.0,1.0,0.0,0.0,0.0,1.0
19,195,1.1905778147688215,3.1601429447725904,0.0,1.0,0.0,0.0,1.0,0.0
0,200,3.088428966571268,5.604301890430324,0.0,0.0,1.0,1.0,1.0,0.0
1,200,0.3886941406460448,5.235225134068764,0.0,0.0,1.0,0.0,0.0,0.0
2,200,6.884437901969667,9.894242234296724,1.0,0.0,0.0,1.0,1.0,1.0
3,200,10.594753649727714,2.175223047761936,0.0,0.0,0.0,0.0,1.0,1.0
4,200,6.493210730845328,3.633861816926132,1.0,0.0,1.0,0.0,1.0,1.0
5,200,5.515843947994526,10.184984176882612,0.0,1.0,0.0,0.0,0.0,0.0
6,200,0.1676911094430608,12.0,0.0,1.0,0.0,1.0,1.0,0.0
7,200,11.410276594115288,12.0,0.0,1.0,0.0,1.0,0.0,0.0
8,200,9.765510715063424,6.569602821905484,0.0,0.0,0.0,1.0,0.0,0.0
9,200,10.465016103663736,7.566898679858327,1.0,0.0,1.0,0.0,0.0,1.0
10,200,8.74611671022972,5.367246857571579,1.0,0.0,0.0,0.0,1.0,1.0
11,200,7.809777983991746,4.082142924422743,1.0,0.0,1.0,0.0,0.0,1.0
12,200,12.0,11.671879956296925,0.0,0.0,1.0,1.0,0.0,0.0
13,200,5.18010566491431,9.56785741090598,0.0,0.0,1.0,0.0,0.0,0.0
14,200,11.689409839332829,6.740562962096818,1.0,1.0,1.0,0.0,0.0,1.0
15,200,4.780984613722892,6.590348679022879,0.0,0.0,0.0,1.0,1.0,0.0
16,200,4.228894922528371,3.749436481396151,0.0,0.0,0.0,0.0,1.0,1.0
17,200,3.175179071215129,9.821129875696494,0.0,0.0,0.0,0.0,1.0,1.0
18,200,11.943098802501684,0.4379960976476129,0.0,1.0,0.0,0.0,0.0,1.0
19,200,1.239088773330052,3.3606450935076677,0.0,1.0,0.0,0.0,1.0,0.0
0,205,3.003348495663701,5.629896386027332,0.0,0.0,1.0,1.0,1.0,0.0
1,205,0.2969148929631823,5.140880040307603,0.0,0.0,1.0,0.0,0.0,0.0
2,205,6.891603564873321,9.901227808935918,1.0,0.0,0.0,1.0,1.0,1.0
3,205,10.599347911090469,2.148394034142534,0.0,0.0,0.0,0.0,1.0,1.0
4,205,6.400567837095251,3.7277200260513568,1.0,0.0,1.0,0.0,1.0,1.0
5,205,5.494223228879783,10.18763325846778,0.0,1.0,0.0,0.0,0.0,0.0
6,205,0.1606997341006718,12.0,0.0,1.0,0.0,1.0,1.0,0.0
7,205,11.416737847779595,12.0,0.0,1.0,0.0,1.0,0.0,0.0
8,205,9.874303262281222,6.699168598042627,0.0,0.0,0.0,1.0,0.0,0.0
9,205,10.655119855883331,7.597578400055612,1.0,0.0,1.0,0.0,0.0,1.0
10,205,8.801970471269998,5.470640177869535,1.0,0.0,0.0,0.0,1.0,1.0
11,205,7.824345973270922,4.043458711143911,1.0,0.0,1.0,0.0,0.0,1.0
12,205,12.0,11.808438035845594,0.0,0.0,1.0,1.0,0.0,0.0
13,205,5.2857970825931,9.699794618431888,0.0,0.0,1.0,0.0,0.0,0.0
14,205,11.661258064564922,6.611837564824651,1.0,1.0,1.0,0.0,0.0,1.0
15,205,4.73495715922028,6.570284088027902,0.0,0.0,0.0,1.0,1.0,0.0
16,205,4.232468511061271,3.7529925228954752,0.0,0.0,0.0,0.0,1.0,1.0
17,205,3.211193995232851,9.878400755733669,0.0,0.0,0.0,0.0,1.0,1.0
18,205,11.927135621109066,0.4388442623339314,0.0,1.0,0.0,0.0,0.0,1.0
19,205,1.2877555176460445,3.5367907949308424,0.0,1.0,0.0,0.0,1.0,0.0
0,210,2.9211810792357857,5.657551990708823,0.0,0.0,1.0,1.0,1.0,0.0
1,210,0.1976530468376033,5.036011889706451,0.0,0.0,1.0,0.0,0.0,0.0
2,210,6.904476855997999,9.914471338584184,1.0,0.0,0.0,1.0,1.0,1.0
3,210,10.60222458861702,2.1307682525279903,0.0,0.0,0.0,0.0,1.0,1.0
4,210,6.331694257943489,3.796403136299002,1.0,0.0,1.0,0.0,1.0,1.0
5,210,5.470827937464706,10.190100670633353,0.0,1.0,0.0,0.0,0.0,0.0
6,210,0.1539742865437341,12.0,0.0,1.0,0.0,1.0,1.0,0.0
7,210,11.426473798869104,12.0,0.0,1.0,0.0,1.0,0.0,0.0
8,210,9.984487974411914,6.836174075732854,0.0,0.0,0.0,1.0,0.0,0.0
9,210,10.85146920486579,7.633044418451758,1.0,0.0,1.0,0.0,0.0,1.0
10,210,8.852657711352574,5.570941099462296,1.0,0.0,0.0,0.0,1.0,1.0
11,210,7.831665371132455,4.023697025217632,1.0,0.0,1.0,0.0,0.0,1.0
12,210,12.0,11.931046938451711,0.0,0.0,1.0,1.0,0.0,0.0
13,210,5.404402516940701,9.8454197922013,0.0,0.0,1.0,0.0,0.0,0.0
14,210,11.638467156181282,6.504700392650881,1.0,1.0,1.0,0.0,0.0,1.0
15,210,4.673506172725442,6.540253004993085,0.0,0.0,0.0,1.0,1.0,0.0
16,210,4.228187478956291,3.748933159400528,0.0,0.0,0.0,0.0,1.0,1.0
17,210,3.236756754057424,9.917968234567915,0.0,0.0,0.0,0.0,1.0,1.0
18,210,11.93735562091539,0.4382787420088305,0.0,1.0,0.0,0.0,0.0,1.0
19,210,1.3307090859765178,3.696001767124109,0.0,1.0,0.0,0.0,1.0,0.0
0,215,2.8360158668400177,5.687956040648008,0.0,0.0,1.0,1.0,1.0,0.0
1,215,0.0994158312633892,4.92722385315538,0.0,0.0,1.0,0.0,0.0,0.0
2,215,6.936394434760805,9.945123865636496,1.0,0.0,0.0,1.0,1.0,1.0
3,215,10.604814733535532,2.1143638672596943,0.0,0.0,0.0,0.0,1.0,1.0
4,215,6.245363094257008,3.881515713963967,1.0,0.0,1.0,0.0,1.0,1.0
5,215,5.439981635163388,10.193599786473449,0.0,1.0,0.0,0.0,0.0,0.0
6,215,0.14810591920861,12.0,0.0,1.0,0.0,1.0,1.0,0.0
7,215,11.433323670715293,12.0,0.0,1.0,0.0,1.0,0.0,0.0
8,215,10.097509475275867,6.97654973826787,0.0,0.0,0.0,1.0,0.0,0.0
9,215,11.063916469827864,7.671547637058809,1.0,0.0,1.0,0.0,0.0,1.0
10,215,8.901673204758188,5.668249312104668,1.0,0.0,0.0,0.0,1.0,1.0
11,215,7.8419534066892576,3.996079687424762,1.0,0.0,1.0,0.0,0.0,1.0
12,215,12.0,12.0,0.0,0.0,1.0,1.0,0.0,0.0
13,215,5.5301896357752405,10.005811562437712,0.0,0.0,1.0,0.0,0.0,0.0
14,215,11.612951179777175,6.381131206299497,1.0,1.0,1.0,0.0,0.0,1.0
15,215,4.628968093506875,6.518496280453784,0.0,0.0,0.0,1.0,1.0,0.0
16,215,4.231256489969402,3.751867763195909,0.0,0.0,0.0,0.0,1.0,1.0
17,215,3.2669863273807764,9.967180435718104,0.0,0.0,0.0,0.0,1.0,1.0
18,215,11.94374866172052,0.4379256879291615,0.0,1.0,0.0,0.0,0.0,1.0
19,215,1.3708479032975094,3.848005729677531,0.0,1.0,0.0,0.0,1.0,0.0
0,220,2.760083350713929,5.715151531017167,0.0,0.0,1.0,1.0,1.0,0.0
1,220,0.0114609156799057,4.82558550395271,0.0,0.0,1.0,0.0,0.0,0.0
2,220,6.973072140072684,9.980271492430331,1.0,0.0,0.0,1.0,1.0,1.0
3,220,10.60667695078748,2.103512421263501,0.0,0.0,0.0,0.0,1.0,1.0
4,220,6.143282803097969,3.975471179615093,1.0,0.0,1.0,0.0,1.0,1.0
5,220,5.404168113616175,10.198336617422978,0.0,1.0,0.0,0.0,0.0,0.0
6,220,0.1438296990915626,12.0,0.0,1.0,0.0,1.0,1.0,0.0
7,220,11.438176791652946,12.0,0.0,1.0,0.0,1.0,0.0,0.0
8,220,10.213665672810816,7.131040830351052,0.0,0.0,0.0,1.0,0.0,0.0
9,220,11.28874727670581,7.71370718700131,1.0,0.0,1.0,0.0,0.0,1.0
10,220,8.95114159180936,5.767475890251159,1.0,0.0,0.0,0.0,1.0,1.0
11,220,7.853262020757048,3.965090177657728,1.0,0.0,1.0,0.0,0.0,1.0
12,220,12.0,12.0,0.0,0.0,1.0,1.0,0.0,0.0
13,220,5.661021542796124,10.167277622097094,0.0,0.0,1.0,0.0,0.0,0.0
14,220,11.583789058686358,6.254489229528929,1.0,1.0,1.0,0.0,0.0,1.0
15,220,4.588252400110038,6.498840722466514,0.0,0.0,0.0,1.0,1.0,0.0
16,220,4.230557340692618,3.751187139779828,0.0,0.0,0.0,0.0,1.0,1.0
17,220,3.2778050416892506,9.98576176342397,0.0,0.0,0.0,0.0,1.0,1.0
18,220,11.956749203886298,0.4370256670715097,0.0,1.0,0.0,0.0,0.0,1.0
19,220,1.4108370021478374,3.999724908550713,0.0,1.0,0.0,0.0,1.0,0.0
0,225,2.689787574363657,5.740281071236655,0.0,0.0,1.0,1.0,1.0,0.0
1,225,0.0,4.735792243619085,0.0,0.0,1.0,0.0,0.0,0.0
2,225,7.00879755362315,10.01452140107467,1.0,0.0,0.0,1.0,1.0,1.0
3,225,10.61023335268088,2.0830070969621777,0.0,0.0,0.0,0.0,1.0,1.0
4,225,6.015314095683174,4.097278165864334,1.0,0.0,1.0,0.0,1.0,1.0
5,225,5.358723188818987,10.203989565300112,0.0,1.0,0.0,0.0,0.0,0.0
6,225,0.1395665496574406,12.0,0.0,1.0,0.0,1.0,1.0,0.0
7,225,11.441222366602045,12.0,0.0,1.0,0.0,1.0,0.0,0.0
8,225,10.324957254911755,7.285182620439319,0.0,0.0,0.0,1.0,0.0,0.0
9,225,11.503728357921826,7.751264435320474,1.0,0.0,1.0,0.0,0.0,1.0
10,225,8.989945251142924,5.848878114040639,1.0,0.0,0.0,0.0,1.0,1.0
11,225,7.810441653445994,3.9497855304956295,1.0,0.0,1.0,0.0,0.0,1.0
12,225,12.0,12.0,0.0,0.0,1.0,1.0,0.0,0.0
13,225,5.791558488340199,10.338352279702898,0.0,0.0,1.0,0.0,0.0,0.0
14,225,11.554117256598964,6.139279945322354,1.0,1.0,1.0,0.0,0.0,1.0
15,225,4.570096376523518,6.490180452696535,0.0,0.0,0.0,1.0,1.0,0.0
16,225,4.236264438444718,3.7568986152429966,0.0,0.0,0.0,0.0,1.0,1.0
17,225,3.288661225669982,10.004115348041529,0.0,0.0,0.0,0.0,1.0,1.0
18,225,11.954024129150676,0.4371843624976244,0.0,1.0,0.0,0.0,0.0,1.0
19,225,1.4500690460497094,4.1416258913908734,0.0,1.0,0.0,0.0,1.0,0.0
0,230,2.629589233513416,5.759633584179747,0.0,0.0,1.0,1.0,1.0,0.0
1,230,0.0,4.642615516651534,0.0,0.0,1.0,0.0,0.0,0.0
2,230,7.0494679926243125,10.054782694261554,1.0,0.0,0.0,1.0,1.0,1.0
3,230,10.612609851066214,2.069959592026505,0.0,0.0,0.0,0.0,1.0,1.0
4,230,5.88940630467278,4.217237261739335,1.0,0.0,1.0,0.0,1.0,1.0
5,230,5.351040259466275,10.20486794802124,0.0,1.0,0.0,0.0,0.0,0.0
6,230,0.1365635482655531,12.0,0.0,1.0,0.0,1.0,1.0,0.0
7,230,11.43973098408424,12.0,0.0,1.0,0.0,1.0,0.0,0.0
8,230,10.442027000919296,7.455641079375465,0.0,0.0,0.0,1.0,0.0,0.0
9,230,11.704080620648606,7.786052792050755,1.0,0.0,1.0,0.0,0.0,1.0
10,230,9.025259751075255,5.9311082074633,1.0,0.0,0.0,0.0,1.0,1.0
11,230,7.7709228700207,3.935900509504557,1.0,0.0,1.0,0.0,0.0,1.0
12,230,12.0,12.0,0.0,0.0,1.0,1.0,0.0,0.0
13,230,5.925666880096608,10.517011758625353,0.0,0.0,1.0,0.0,0.0,0.0
14,230,11.518492585105824,6.011800952215495,1.0,1.0,1.0,0.0,0.0,1.0
15,230,4.56602642858447,6.488271923706091,0.0,0.0,0.0,1.0,1.0,0.0
16,230,4.251477679151858,3.77285260060046,0.0,0.0,0.0,0.0,1.0,1.0
17,230,3.290720984834792,10.00737552805665,0.0,0.0,0.0,0.0,1.0,1.0
18,230,11.952880066284235,0.437254860584756,0.0,1.0,0.0,0.0,0.0,1.0
19,230,1.4947610464907637,4.2794698376846725,0.0,1.0,0.0,0.0,1.0,0.0
0,235,2.586322644458095,5.774239155773053,0.0,0.0,1.0,1.0,1.0,0.0
1,235,0.0,4.558647953099062,0.0,0.0,1.0,0.0,0.0,0.0
2,235,7.0889359505401455,10.093581270986006,1.0,0.0,0.0,1.0,1.0,1.0
3,235,10.614361630567442,2.061207534542754,0.0,0.0,0.0,0.0,1.0,1.0
4,235,5.783646585184862,4.324661357835273,1.0,0.0,1.0,0.0,1.0,1.0
5,235,5.347924811918452,10.20531308855871,0.0,1.0,0.0,0.0,0.0,0.0
6,235,0.13364533709472,12.0,0.0,1.0,0.0,1.0,1.0,0.0
7,235,11.448281725266098,12.0,0.0,1.0,0.0,1.0,0.0,0.0
8,235,10.57163954648375,7.642864833932791,0.0,0.0,0.0,1.0,0.0,0.0
9,235,11.922121456550178,7.821436243847962,1.0,0.0,1.0,0.0,0.0,1.0
10,235,9.059576283229472,6.008826131194812,1.0,0.0,0.0,0.0,1.0,1.0
11,235,7.73481524811689,3.923330306654577,1.0,0.0,1.0,0.0,0.0,1.0
12,235,12.0,12.0,0.0,0.0,1.0,1.0,0.0,0.0
13,235,6.053338494684708,10.675424099399857,0.0,0.0,1.0,0.0,0.0,0.0
14,235,11.485719503889108,5.884222278642978,1.0,1.0,1.0,0.0,0.0,1.0
15,235,4.558126786500776,6.484831249741951,0.0,0.0,0.0,1.0,1.0,0.0
16,235,4.259574451234714,3.781655462032132,0.0,0.0,0.0,0.0,1.0,1.0
17,235,3.2853288567611862,9.998879128858858,0.0,0.0,0.0,0.0,1.0,1.0
18,235,11.973482672142891,0.4357684372838868,0.0,1.0,0.0,0.0,0.0,1.0
19,235,1.536706248264005,4.400048046666657,0.0,1.0,0.0,0.0,1.0,0.0
0,240,2.5717834406580664,5.778785852129433,0.0,0.0,1.0,1.0,1.0,0.0
1,240,0.0,4.474039067959255,0.0,0.0,1.0,0.0,0.0,0.0
2,240,7.116373030201451,10.120031078748646,1.0,0.0,0.0,1.0,1.0,1.0
3,240,10.619164972752133,2.040596808944396,0.0,0.0,0.0,0.0,1.0,1.0
4,240,5.680737885345215,4.427537265760612,1.0,0.0,1.0,0.0,1.0,1.0
5,240,5.340257825463122,10.206450984448605,0.0,1.0,0.0,0.0,0.0,0.0
6,240,0.1323027918019506,12.0,0.0,1.0,0.0,1.0,1.0,0.0
7,240,11.448618626394746,12.0,0.0,1.0,0.0,1.0,0.0,0.0
8,240,10.726142850324234,7.862829947927423,0.0,0.0,0.0,1.0,0.0,0.0
9,240,12.0,7.868092509549769,1.0,0.0,1.0,0.0,0.0,1.0
10,240,9.10089118720365,6.10145177515794,1.0,0.0,0.0,0.0,1.0,1.0
11,240,7.693418598670303,3.9082101198498167,1.0,0.0,1.0,0.0,0.0,1.0
12,240,12.0,12.0,0.0,0.0,1.0,1.0,0.0,0.0
13,240,6.1756477094409785,10.82417658539331,0.0,0.0,1.0,0.0,0.0,0.0
14,240,11.45595132200673,5.76690730616636,1.0,1.0,1.0,0.0,0.0,1.0
15,240,4.568479794948747,6.489463365991992,0.0,0.0,0.0,1.0,1.0,0.0
16,240,4.272681240080605,3.796307118305328,0.0,0.0,0.0,0.0,1.0,1.0
17,240,3.292110547923058,10.009685160963452,0.0,0.0,0.0,0.0,1.0,1.0
18,240,11.998562868144178,0.4331421168046472,0.0,1.0,0.0,0.0,0.0,1.0
19,240,1.56951771653307,4.505938231567269,0.0,1.0,0.0,0.0,1.0,0.0
0,245,2.560580510933891,5.782290216299491,0.0,0.0,1.0,1.0,1.0,0.0
1,245,0.0,4.402004020390753,0.0,0.0,1.0,0.0,0.0,0.0
2,245,7.14751575930323,10.151190255503025,1.0,0.0,0.0,1.0,1.0,1.0
3,245,10.627460619795512,2.007259433298884,0.0,0.0,0.0,0.0,1.0,1.0
4,245,5.589005585728996,4.522962200970475,1.0,0.0,1.0,0.0,1.0,1.0
5,245,5.341760233482975,10.20628546876458,0.0,1.0,0.0,0.0,0.0,0.0
6,245,0.1301305434190276,12.0,0.0,1.0,0.0,1.0,1.0,0.0
7,245,11.44358604899949,12.0,0.0,1.0,0.0,1.0,0.0,0.0
8,245,10.886534584015058,8.08586321538232,0.0,0.0,0.0,1.0,0.0,0.0
9,245,12.0,7.9134845198180574,1.0,0.0,1.0,0.0,0.0,1.0
10,245,9.14373562071735,6.194911887876232,1.0,0.0,0.0,0.0,1.0,1.0
11,245,7.658190050176223,3.894786117094059,1.0,0.0,1.0,0.0,0.0,1.0
12,245,12.0,12.0,0.0,0.0,1.0,1.0,0.0,0.0
13,245,6.284674440464823,10.954970348003826,0.0,0.0,1.0,0.0,0.0,0.0
14,245,11.425708446945237,5.654281906479614,1.0,1.0,1.0,0.0,0.0,1.0
15,245,4.575324790971469,6.492573028474941,0.0,0.0,0.0,1.0,1.0,0.0
16,245,4.28439829732593,3.809709929720575,0.0,0.0,0.0,0.0,1.0,1.0
17,245,3.3003417573250924,10.022450879222257,0.0,0.0,0.0,0.0,1.0,1.0
18,245,12.0,0.4312821405390437,0.0,1.0,0.0,0.0,0.0,1.0
19,245,1.6036367147407071,4.617762793843966,0.0,1.0,0.0,0.0,1.0,0.0
0,250,2.5351392127615027,5.789644751601327,0.0,0.0,1.0,1.0,1.0,0.0
1,250,0.0,4.317375005456578,0.0,0.0,1.0,0.0,0.0,0.0
2,250,7.177523387588004,10.18241236756256,1.0,0.0,0.0,1.0,1.0,1.0
3,250,10.638338523138204,1.9692396657745683,0.0,0.0,0.0,0.0,1.0,1.0
4,250,5.497331472920281,4.618601699815371,1.0,0.0,1.0,0.0,1.0,1.0
5,250,5.363508333799738,10.20286684556669,0.0,1.0,0.0,0.0,0.0,0.0
6,250,0.1280753684072809,12.0,0.0,1.0,0.0,1.0,1.0,0.0
7,250,11.440811313742174,12.0,0.0,1.0,0.0,1.0,0.0,0.0
8,250,11.055758562903302,8.322482549382178,0.0,0.0,0.0,1.0,0.0,0.0
9,250,12.0,7.956327653037975,1.0,0.0,1.0,0.0,0.0,1.0
10,250,9.185837775554454,6.291728644244616,1.0,0.0,0.0,0.0,1.0,1.0
11,250,7.635215964780947,3.884819841398425,1.0,0.0,1.0,0.0,0.0,1.0
12,250,12.0,12.0,0.0,0.0,1.0,1.0,0.0,0.0
13,250,6.393360096994564,10.866188284952932,0.0,0.0,1.0,0.0,0.0,0.0
14,250,11.396043169465765,5.533965283843009,1.0,1.0,1.0,0.0,0.0,1.0
15,250,4.5769166864016295,6.493227185761252,0.0,0.0,0.0,1.0,1.0,0.0
16,250,4.298930878299281,3.8270913509875375,0.0,0.0,0.0,0.0,1.0,1.0
17,250,3.3033183966206447,10.0271396556732,0.0,0.0,0.0,0.0,1.0,1.0
18,250,11.996222491944764,0.4317603229518575,0.0,1.0,0.0,0.0,0.0,1.0
19,250,1.6386395184747196,4.738872879671502,0.0,1.0,0.0,0.0,1.0,0.0
0,255,2.5123486417296,5.795513366420236,0.0,0.0,1.0,1.0,1.0,0.0
1,255,0.0,4.227089011596557,0.0,0.0,1.0,0.0,0.0,0.0
2,255,7.191931818873658,10.197452640714928,1.0,0.0,0.0,1.0,1.0,1.0
3,255,10.64278032206202,1.954502214837896,0.0,0.0,0.0,0.0,1.0,1.0
4,255,5.411000693097453,4.709013922506169,1.0,0.0,1.0,0.0,1.0,1.0
5,255,5.369925145211483,10.201837756608866,0.0,1.0,0.0,0.0,0.0,0.0
6,255,0.1268621767973238,12.0,0.0,1.0,0.0,1.0,1.0,0.0
7,255,11.439255377439633,12.0,0.0,1.0,0.0,1.0,0.0,0.0
8,255,11.22003709118476,8.539439067097957,0.0,0.0,0.0,1.0,0.0,0.0
9,255,12.0,8.001298532379627,1.0,0.0,1.0,0.0,0.0,1.0
10,255,9.230153096230984,6.394109915326855,1.0,0.0,0.0,0.0,1.0,1.0
11,255,7.58617938478733,3.864028733078012,1.0,0.0,1.0,0.0,0.0,1.0
12,255,12.0,12.0,0.0,0.0,1.0,1.0,0.0,0.0
13,255,6.493635143892012,10.783604529490496,0.0,0.0,1.0,0.0,0.0,0.0
14,255,11.368254247757177,5.425292059677839,1.0,1.0,1.0,0.0,0.0,1.0
15,255,4.576495601865678,6.493041659134148,0.0,0.0,0.0,1.0,1.0,0.0
16,255,4.318595360864736,3.849802836917768,0.0,0.0,0.0,0.0,1.0,1.0
17,255,3.295661436907304,10.015347979400548,0.0,0.0,0.0,0.0,1.0,1.0
18,255,11.994053289484253,0.4320141528051534,0.0,1.0,0.0,0.0,0.0,1.0
19,255,1.6817965218424484,4.865879473344176,0.0,1.0,0.0,0.0,1.0,0.0
0,260,2.4973709579070644,5.799427728743872,0.0,0.0,1.0,1.0,1.0,0.0
1,260,0.0,4.149731220274436,0.0,0.0,1.0,0.0,0.0,0.0
2,260,7.199330205015955,10.205390922718982,1.0,0.0,0.0,1.0,1.0,1.0
3,260,10.655247845905064,1.91830259503102,0.0,0.0,0.0,0.0,1.0,1.0
4,260,5.3380668622144505,4.788186534879256,1.0,0.0,1.0,0.0,1.0,1.0
5,260,5.347127270948342,10.2055617862515,0.0,1.0,0.0,0.0,0.0,0.0
6,260,0.1260686563242587,12.0,0.0,1.0,0.0,1.0,1.0,0.0
7,260,11.436308888606336,12.0,0.0,1.0,0.0,1.0,0.0,0.0
8,260,11.393837674420505,8.764268416769434,0.0,0.0,0.0,1.0,0.0,0.0
9,260,12.0,8.057204967385024,1.0,0.0,1.0,0.0,0.0,1.0
10,260,9.271698731904204,6.495365638467206,1.0,0.0,0.0,0.0,1.0,1.0
11,260,7.56145625281607,3.853340111613668,1.0,0.0,1.0,0.0,0.0,1.0
12,260,12.0,12.0,0.0,0.0,1.0,1.0,0.0,0.0
13,260,6.605608670252812,10.695968739554909,0.0,0.0,1.0,0.0,0.0,0.0
14,260,11.339557719119137,5.3029485519176776,1.0,1.0,1.0,0.0,0.0,1.0
15,260,4.567968273051717,6.489338144928384,0.0,0.0,0.0,1.0,1.0,0.0
16,260,4.340452219997844,3.873606713959356,0.0,0.0,0.0,0.0,1.0,1.0
17,260,3.2894760268283503,10.006401898111774,0.0,0.0,0.0,0.0,1.0,1.0
18,260,12.0,0.4294512616627087,0.0,1.0,0.0,0.0,0.0,1.0
19,260,1.7360317024585654,5.0051962406428725,0.0,1.0,0.0,0.0,1.0,0.0
0,265,2.474418702393048,5.806276542749607,0.0,0.0,1.0,1.0,1.0,0.0
1,265,0.0,4.074204851217796,0.0,0.0,1.0,0.0,0.0,0.0
2,265,7.194256777111185,10.210176909551912,1.0,0.0,0.0,1.0,1.0,1.0
3,265,10.663203948860776,1.8965327133158048,0.0,0.0,0.0,0.0,1.0,1.0
4,265,5.25966424411054,4.869959114712096,1.0,0.0,1.0,0.0,1.0,1.0
5,265,5.324261191854015,10.208875395922028,0.0,1.0,0.0,0.0,0.0,0.0
6,265,0.1251829798922964,12.0,0.0,1.0,0.0,1.0,1.0,0.0
7,265,11.434217260943958,12.0,0.0,1.0,0.0,1.0,0.0,0.0
8,265,11.561396829096305,8.98972261640404,0.0,0.0,0.0,1.0,0.0,0.0
9,265,12.0,8.110966611793,1.0,0.0,1.0,0.0,0.0,1.0
10,265,9.303804499161789,6.5772388549382805,1.0,0.0,0.0,0.0,1.0,1.0
11,265,7.526189025297083,3.837621544923485,1.0,0.0,1.0,0.0,0.0,1.0
12,265,12.0,12.0,0.0,0.0,1.0,1.0,0.0,0.0
13,265,6.697138546789818,10.627312205699356,0.0,0.0,1.0,0.0,0.0,0.0
14,265,11.31085645723849,5.202054681710878,1.0,1.0,1.0,0.0,0.0,1.0
15,265,4.539348670890701,6.477303624354698,0.0,0.0,0.0,1.0,1.0,0.0
16,265,4.356253148303144,3.891689544835377,0.0,0.0,0.0,0.0,1.0,1.0
17,265,3.26830897197265,9.9766184261608,0.0,0.0,0.0,0.0,1.0,1.0
18,265,12.0,0.4262208989708015,0.0,1.0,0.0,0.0,0.0,1.0
19,265,1.7907904195560105,5.157438280187656,0.0,1.0,0.0,0.0,1.0,0.0
0,270,2.4618475199206387,5.810196842464965,0.0,0.0,1.0,1.0,1.0,0.0
1,270,0.0,3.99940168986304,0.0,0.0,1.0,0.0,0.0,0.0
2,270,7.185263367161913,10.218997877510589,1.0,0.0,0.0,1.0,1.0,1.0
3,270,10.672070391983032,1.871327286131456,0.0,0.0,0.0,0.0,1.0,1.0
4,270,5.164275164757806,4.972039943190033,1.0,0.0,1.0,0.0,1.0,1.0
5,270,5.318286252495543,10.209592822059824,0.0,1.0,0.0,0.0,0.0,0.0
6,270,0.1244037744114718,12.0,0.0,1.0,0.0,1.0,1.0,0.0
7,270,11.43428019699914,12.0,0.0,1.0,0.0,1.0,0.0,0.0
8,270,11.728404060516327,9.214843312074708,0.0,0.0,0.0,1.0,0.0,0.0
9,270,12.0,8.158230242975367,1.0,0.0,1.0,0.0,0.0,1.0
10,270,9.340784478863997,6.66822118603875,1.0,0.0,0.0,0.0,1.0,1.0
11,270,7.49114928384322,3.821766174291912,1.0,0.0,1.0,0.0,0.0,1.0
12,270,12.0,12.0,0.0,0.0,1.0,1.0,0.0,0.0
13,270,6.783970436546063,10.560387327614944,0.0,0.0,1.0,0.0,0.0,0.0
14,270,11.281942038328944,5.106604827153664,1.0,1.0,1.0,0.0,0.0,1.0
15,270,4.4972451714903645,6.4589176253584,0.0,0.0,0.0,1.0,1.0,0.0
16,270,4.370303339361939,3.908520507041227,0.0,0.0,0.0,0.0,1.0,1.0
17,270,3.2597881550768077,9.964430751511204,0.0,0.0,0.0,0.0,1.0,1.0
18,270,12.0,0.4249013543722947,0.0,1.0,0.0,0.0,0.0,1.0
19,270,1.8502984023231293,5.323902783778083,0.0,1.0,0.0,0.0,1.0,0.0
0,275,2.4544657250170245,5.8125969612461885,0.0,0.0,1.0,1.0,1.0,0.0
1,275,0.0,3.909870658396303,0.0,0.0,1.0,0.0,0.0,0.0
2,275,7.198178262728677,10.206239075014974,1.0,0.0,0.0,1.0,1.0,1.0
3,275,10.67598192859334,1.8600439137284148,0.0,0.0,0.0,0.0,1.0,1.0
4,275,5.066277450490239,5.0745239517024965,1.0,0.0,1.0,0.0,1.0,1.0
5,275,5.328408171906625,10.20838911464311,0.0,1.0,0.0,0.0,0.0,0.0
6,275,0.12317206904414,12.0,0.0,1.0,0.0,1.0,1.0,0.0
7,275,11.432624442383275,12.0,0.0,1.0,0.0,1.0,0.0,0.0
8,275,11.896160934847778,9.434213561371974,0.0,0.0,0.0,1.0,0.0,0.0
9,275,12.0,8.197294465608657,1.0,0.0,1.0,0.0,0.0,1.0
10,275,9.381318653170664,6.765144881349687,1.0,0.0,0.0,0.0,1.0,1.0
11,275,7.450369050729965,3.802393744057121,1.0,0.0,1.0,0.0,0.0,1.0
12,275,12.0,12.0,0.0,0.0,1.0,1.0,0.0,0.0
13,275,6.855989901011098,10.50133268620358,0.0,0.0,1.0,0.0,0.0,0.0
14,275,11.25020688270283,5.002371131453811,1.0,1.0,1.0,0.0,0.0,1.0
15,275,4.466271674627493,6.446294644719387,0.0,0.0,0.0,1.0,1.0,0.0
16,275,4.386106592000934,3.926663728045845,0.0,0.0,0.0,0.0,1.0,1.0
17,275,3.254364330804812,9.956768429338409,0.0,0.0,0.0,0.0,1.0,1.0
18,275,12.0,0.4245763383310467,0.0,1.0,0.0,0.0,0.0,1.0
19,275,1.9112750557964795,5.490418152502859,0.0,1.0,0.0,0.0,1.0,0.0
0,280,2.4335606775869287,5.820439424865155,0.0,0.0,1.0,1.0,1.0,0.0
1,280,0.0,3.798115603294649,0.0,0.0,1.0,0.0,0.0,0.0
2,280,7.220399454935419,10.185143661853806,1.0,0.0,0.0,1.0,1.0,1.0
3,280,10.677589624687611,1.8554545028487857,0.0,0.0,0.0,0.0,1.0,1.0
4,280,4.978861940286485,5.172931212593512,1.0,0.0,1.0,0.0,1.0,1.0
5,280,5.330624547037487,10.208152420023657,0.0,1.0,0.0,0.0,0.0,0.0
6,280,0.1223839449661848,12.0,0.0,1.0,0.0,1.0,1.0,0.0
7,280,11.429401291539817,12.0,0.0,1.0,0.0,1.0,0.0,0.0
8,280,12.0,9.65448154788534,0.0,0.0,0.0,1.0,0.0,0.0
9,280,12.0,8.242041557504301,1.0,0.0,1.0,0.0,0.0,1.0
10,280,9.417429922474174,6.85452886801046,1.0,0.0,0.0,0.0,1.0,1.0
11,280,7.400489085085918,3.778329358700588,1.0,0.0,1.0,0.0,0.0,1.0
12,280,12.0,12.0,0.0,0.0,1.0,1.0,0.0,0.0
13,280,6.933718888529258,10.438146223023,0.0,0.0,1.0,0.0,0.0,0.0
14,280,11.2178824483669,4.896201881501463,1.0,1.0,1.0,0.0,0.0,1.0
15,280,4.453184451296691,6.4408138169228,0.0,0.0,0.0,1.0,1.0,0.0
16,280,4.379026456792032,3.918678624995928,0.0,0.0,0.0,0.0,1.0,1.0
17,280,3.244176748516369,9.94291764693314,0.0,0.0,0.0,0.0,1.0,1.0
18,280,12.0,0.4229734913260261,0.0,1.0,0.0,0.0,0.0,1.0
19,280,1.96706129886934,5.638112297503025,0.0,1.0,0.0,0.0,1.0,0.0
0,285,2.4296632937993365,5.821953472389322,0.0,0.0,1.0,1.0,1.0,0.0
1,285,0.0,3.6980599436664336,0.0,0.0,1.0,0.0,0.0,0.0
2,285,7.228060767123346,10.17826072640742,1.0,0.0,0.0,1.0,1.0,1.0
3,285,10.676175292547486,1.8595138043949293,0.0,0.0,0.0,0.0,1.0,1.0
4,285,4.882664216742103,5.276739181423789,1.0,0.0,1.0,0.0,1.0,1.0
5,285,5.335318262014639,10.207597839224208,0.0,1.0,0.0,0.0,0.0,0.0
6,285,0.1221723361744812,12.0,0.0,1.0,0.0,1.0,1.0,0.0
7,285,11.428587074018171,12.0,0.0,1.0,0.0,1.0,0.0,0.0
8,285,12.0,9.862130124383096,0.0,0.0,0.0,1.0,0.0,0.0
9,285,12.0,8.2824271985085,1.0,0.0,1.0,0.0,0.0,1.0
10,285,9.442578859625936,6.920143341132913,1.0,0.0,0.0,0.0,1.0,1.0
11,285,7.3670599154483645,3.7616063419683674,1.0,0.0,1.0,0.0,0.0,1.0
12,285,12.0,12.0,0.0,0.0,1.0,1.0,0.0,0.0
13,285,7.010967607202325,10.375702470139974,0.0,0.0,1.0,0.0,0.0,0.0
14,285,11.183184521632157,4.783198294544437,1.0,1.0,1.0,0.0,0.0,1.0
15,285,4.449893107710819,6.4394055590946815,0.0,0.0,0.0,1.0,1.0,0.0
16,285,4.363677534929081,3.8998828615437713,0.0,0.0,0.0,0.0,1.0,1.0
17,285,3.23089837245762,9.925155440447025,0.0,0.0,0.0,0.0,1.0,1.0
18,285,12.0,0.421437567766295,0.0,1.0,0.0,0.0,0.0,1.0
19,285,2.0268467770440104,5.805443501321244,0.0,1.0,0.0,0.0,1.0,0.0
0,290,2.427531292329855,5.822732001874395,0.0,0.0,1.0,1.0,1.0,0.0
1,290,0.0,3.591213175266468,0.0,0.0,1.0,0.0,0.0,0.0
2,290,7.218714410946427,10.187085395547818,1.0,0.0,0.0,1.0,1.0,1.0
3,290,10.66981136031191,1.8767122359293489,0.0,0.0,0.0,0.0,1.0,1.0
4,290,4.788581656294469,5.3791952284817,1.0,0.0,1.0,0.0,1.0,1.0
5,290,5.35102410087313,10.20564906037206,0.0,1.0,0.0,0.0,0.0,0.0
6,290,0.1219361627716721,12.0,0.0,1.0,0.0,1.0,1.0,0.0
7,290,11.431217884422423,12.0,0.0,1.0,0.0,1.0,0.0,0.0
8,290,12.0,10.08114822304326,0.0,0.0,0.0,1.0,0.0,0.0
9,290,12.0,8.326193882114293,1.0,0.0,1.0,0.0,0.0,1.0
10,290,9.468217723452351,6.984619821570429,1.0,0.0,0.0,0.0,1.0,1.0
11,290,7.331252669394314,3.744149545907933,1.0,0.0,1.0,0.0,0.0,1.0
12,290,12.0,12.0,0.0,0.0,1.0,1.0,0.0,0.0
13,290,7.082367555603971,10.32137914932222,0.0,0.0,1.0,0.0,0.0,0.0
14,290,11.15567362251225,4.683522790803242,1.0,1.0,1.0,0.0,0.0,1.0
15,290,4.459855064310206,6.4437792990061205,0.0,0.0,0.0,1.0,1.0,0.0
16,290,4.365547657781266,3.902277675974908,0.0,0.0,0.0,0.0,1.0,1.0
17,290,3.2347371342061884,9.93009016542682,0.0,0.0,0.0,0.0,1.0,1.0
18,290,12.0,0.4195372301515848,0.0,1.0,0.0,0.0,0.0,1.0
19,290,2.0761177205838037,5.948470499165476,0.0,1.0,0.0,0.0,1.0,0.0
0,295,2.413654561080443,5.8274004972596645,0.0,0.0,1.0,1.0,1.0,0.0
1,295,0.0,3.4852888694390445,0.0,0.0,1.0,0.0,0.0,0.0
2,295,7.198750852208677,10.20544921036499,1.0,0.0,0.0,1.0,1.0,1.0
3,295,10.6674997014896,1.8824221815731963,0.0,0.0,0.0,0.0,1.0,1.0
4,295,4.698261830998544,5.474196191920937,1.0,0.0,1.0,0.0,1.0,1.0
5,295,5.384633921712863,10.201364823622978,0.0,1.0,0.0,0.0,0.0,0.0
6,295,0.1214586660835163,12.0,0.0,1.0,0.0,1.0,1.0,0.0
7,295,11.43785412137291,12.0,0.0,1.0,0.0,1.0,0.0,0.0
8,295,12.0,10.305675331592637,0.0,0.0,0.0,1.0,0.0,0.0
9,295,12.0,8.374918533507948,1.0,0.0,1.0,0.0,0.0,1.0
10,295,9.49384042465636,7.0503030236828295,1.0,0.0,0.0,0.0,1.0,1.0
11,295,7.296730934558675,3.726248876654776,1.0,0.0,1.0,0.0,0.0,1.0
12,295,12.0,12.0,0.0,0.0,1.0,1.0,0.0,0.0
13,295,7.1434332508078695,10.277178856908836,0.0,0.0,1.0,0.0,0.0,0.0
14,295,11.129219787143052,4.586231693712714,1.0,1.0,1.0,0.0,0.0,1.0
15,295,4.480486007589694,6.45269464608862,0.0,0.0,0.0,1.0,1.0,0.0
16,295,4.353418762078898,3.8866590027062906,0.0,0.0,0.0,0.0,1.0,1.0
17,295,3.2261457908267843,9.919280803707572,0.0,0.0,0.0,0.0,1.0,1.0
18,295,12.0,0.4167618938496497,0.0,1.0,0.0,0.0,0.0,1.0
19,295,2.124010857084018,6.096765453558072,0.0,1.0,0.0,0.0,1.0,0.0
