0,0,0.0,2.057082046000862,0.0,0.0,1.0,1.0,1.0,0.0
1,0,2.9439921814323995,10.033657461024898,0.0,0.0,1.0,0.0,0.0,0.0
2,0,9.986604169099062,1.0599359756303852,1.0,0.0,0.0,1.0,1.0,1.0
3,0,0.0219723789773585,3.0617333656709653,0.0,0.0,0.0,0.0,1.0,1.0
4,0,9.951390134594767,2.0117256577254503,1.0,0.0,1.0,0.0,1.0,1.0
5,0,4.039212622239674,3.0059825568888616,0.0,1.0,0.0,0.0,0.0,0.0
6,0,11.000641812727649,8.939885712695723,0.0,1.0,0.0,1.0,1.0,0.0
7,0,10.042767117116547,10.05948137264649,0.0,1.0,0.0,1.0,0.0,0.0
8,0,11.94292069106578,9.000639654027037,0.0,0.0,0.0,1.0,0.0,0.0
9,0,0.999032666469125,9.039208191586852,1.0,0.0,1.0,0.0,0.0,1.0
10,0,4.047198865137441,5.974441608219738,1.0,0.0,0.0,0.0,1.0,1.0
11,0,11.032934032814795,8.078194435942574,1.0,0.0,1.0,0.0,0.0,1.0
12,0,6.969161610481929,10.023508433309106,0.0,0.0,1.0,1.0,0.0,0.0
13,0,0.0122886208234463,2.921523718215827,0.0,0.0,1.0,0.0,0.0,0.0
14,0,9.06682280240114,1.969156067663979,1.0,1.0,1.0,0.0,0.0,1.0
15,0,3.983171379085907,2.0725719888056227,0.0,0.0,0.0,1.0,1.0,0.0
16,0,11.96951945418966,2.96649222949152,0.0,0.0,0.0,0.0,1.0,1.0
17,0,12.0,0.0234027750810631,0.0,0.0,0.0,0.0,1.0,1.0
18,0,4.969790788028549,10.035096616816372,0.0,1.0,0.0,0.0,0.0,1.0
19,0,4.980642079227447,0.0334516087753686,0.0,1.0,0.0,0.0,1.0,0.0
0,5,0.0,2.106284703540827,0.0,0.0,1.0,1.0,1.0,0.0
1,5,2.889012429789114,10.06447686305246,0.0,0.0,1.0,0.0,0.0,0.0
2,5,9.967196426614631,1.1418038904972017,1.0,0.0,0.0,1.0,1.0,1.0
3,5,0.0408987351169013,3.115838142728306,0.0,0.0,0.0,0.0,1.0,1.0
4,5,9.901240184749524,2.0234013271296702,1.0,0.0,1.0,0.0,1.0,1.0
5,5,4.09407599835264,3.013851621488128,0.0,1.0,0.0,0.0,0.0,0.0
6,5,10.999928953315502,8.877882370774673,0.0,1.0,0.0,1.0,1.0,0.0
7,5,10.070082595833432,10.098584310579191,0.0,1.0,0.0,1.0,0.0,0.0
8,5,11.888244922136394,9.001613703729545,0.0,0.0,0.0,1.0,0.0,0.0
9,5,0.9980638538333972,9.080921381519852,1.0,0.0,1.0,0.0,0.0,1.0
10,5,4.095225813050053,5.947868360636615,1.0,0.0,0.0,0.0,1.0,1.0
11,5,11.051712956288256,8.122610522613973,1.0,0.0,1.0,0.0,0.0,1.0
12,5,6.937190833417959,10.048921798829436,0.0,0.0,1.0,1.0,0.0,0.0
13,5,0.0261704054687783,2.83656636390071,0.0,0.0,1.0,0.0,0.0,0.0
14,5,9.133984337557486,1.938549671319042,1.0,1.0,1.0,0.0,0.0,1.0
15,5,3.968260186348708,2.132150124188413,0.0,0.0,0.0,1.0,1.0,0.0
16,5,11.925645152730024,2.9191520929609496,0.0,0.0,0.0,0.0,1.0,1.0
17,5,12.0,0.0510511462666827,0.0,0.0,0.0,0.0,1.0,1.0
18,5,4.945355816883819,10.06590730526756,0.0,1.0,0.0,0.0,0.0,1.0
19,5,4.9522560725799964,0.0798366096633657,0.0,1.0,0.0,0.0,1.0,0.0
0,10,0.0,2.1452662066815007,0.0,0.0,1.0,1.0,1.0,0.0
1,10,2.8278596066496378,10.097292735937977,0.0,0.0,1.0,0.0,0.0,0.0
2,10,9.948284129556864,1.2260016953502528,1.0,0.0,0.0,1.0,1.0,1.0
3,10,0.0528759924013387,3.1492903259261835,0.0,0.0,0.0,0.0,1.0,1.0
4,10,9.834114855201673,2.039361195911538,1.0,0.0,1.0,0.0,1.0,1.0
5,10,4.166850045955632,3.026142428588978,0.0,1.0,0.0,0.0,0.0,0.0
6,10,10.999907826038829,8.801224808761827,0.0,1.0,0.0,1.0,1.0,0.0
7,10,10.104861563040211,10.1507430718044,0.0,1.0,0.0,1.0,0.0,0.0
8,10,11.84055746368605,9.001859553552443,0.0,0.0,0.0,1.0,0.0,0.0
9,10,0.997039542797496,9.135943215245554,1.0,0.0,1.0,0.0,0.0,1.0
10,10,4.146168285114239,5.9206168344338845,1.0,0.0,0.0,0.0,1.0,1.0
11,10,11.070066928125073,8.166586881938947,1.0,0.0,1.0,0.0,0.0,1.0
12,10,6.905893875784093,10.073678112214427,0.0,0.0,1.0,1.0,0.0,0.0
13,10,0.0433964099406403,2.7289061445099243,0.0,0.0,1.0,0.0,0.0,0.0
14,10,9.18969154404214,1.9121793106929224,1.0,1.0,1.0,0.0,0.0,1.0
15,10,3.955658458760078,2.185740553259391,0.0,0.0,0.0,1.0,1.0,0.0
16,10,11.87498050825616,2.863986069803562,0.0,0.0,0.0,0.0,1.0,1.0
17,10,12.0,0.075724165965935,0.0,0.0,0.0,0.0,1.0,1.0
18,10,4.930448843416265,10.084373494833466,0.0,1.0,0.0,0.0,0.0,1.0
19,10,4.912191106706562,0.1415602884087495,0.0,1.0,0.0,0.0,1.0,0.0
0,15,0.0,2.196558712863802,0.0,0.0,1.0,1.0,1.0,0.0
1,15,2.7574648879008685,10.133479256318257,0.0,0.0,1.0,0.0,0.0,0.0
2,15,9.929105515101822,1.3036021632960035,1.0,0.0,0.0,1.0,1.0,1.0
3,15,0.0591869439542006,3.1676294148373336,0.0,0.0,0.0,0.0,1.0,1.0
4,15,9.757431062492666,2.056172536133112,1.0,0.0,1.0,0.0,1.0,1.0
5,15,4.226022018473064,3.035854162508504,0.0,1.0,0.0,0.0,0.0,0.0
6,15,10.997850903575983,8.742791991273789,0.0,1.0,0.0,1.0,1.0,0.0
7,15,10.14302480821932,10.204978763464512,0.0,1.0,0.0,1.0,0.0,0.0
8,15,11.800663080743366,9.001542594936664,0.0,0.0,0.0,1.0,0.0,0.0
9,15,0.9940846749985685,9.221045065323716,1.0,0.0,1.0,0.0,0.0,1.0
10,15,4.207225636519572,5.888053581933447,1.0,0.0,0.0,0.0,1.0,1.0
11,15,11.092378675330847,8.220993987441998,1.0,0.0,1.0,0.0,0.0,1.0
12,15,6.876029915596543,10.097970553849684,0.0,0.0,1.0,1.0,0.0,0.0
13,15,0.0616608342377666,2.614668180779085,0.0,0.0,1.0,0.0,0.0,0.0
14,15,9.23523604179038,1.8898910552177308,1.0,1.0,1.0,0.0,0.0,1.0
15,15,3.9416283451522416,2.245992708271957,0.0,0.0,0.0,1.0,1.0,0.0
16,15,11.82770132281109,2.812449430120018,0.0,0.0,0.0,0.0,1.0,1.0
17,15,12.0,0.0762695781704548,0.0,0.0,0.0,0.0,1.0,1.0
18,15,4.913730579526063,10.10548561145835,0.0,1.0,0.0,0.0,0.0,1.0
19,15,4.885132091850372,0.1870448431074856,0.0,1.0,0.0,0.0,1.0,0.0
0,20,0.0,2.2472045913714638,0.0,0.0,1.0,1.0,1.0,0.0
1,20,2.689178142647695,10.171016997148108,0.0,0.0,1.0,0.0,0.0,0.0
2,20,9.91782213108644,1.3491790802115922,1.0,0.0,0.0,1.0,1.0,1.0
3,20,0.070345045244288,3.202364045104978,0.0,0.0,0.0,0.0,1.0,1.0
4,20,9.67311835917224,2.0753154259601696,1.0,0.0,1.0,0.0,1.0,1.0
5,20,4.296622923089322,3.048176319583444,0.0,1.0,0.0,0.0,0.0,0.0
6,20,10.996851563162853,8.6910630452791,0.0,1.0,0.0,1.0,1.0,0.0
7,20,10.18316889733578,10.259449298578303,0.0,1.0,0.0,1.0,0.0,0.0
8,20,11.772357871013552,9.00210258950019,0.0,0.0,0.0,1.0,0.0,0.0
9,20,0.9935743303520072,9.27044718065235,1.0,0.0,1.0,0.0,0.0,1.0
10,20,4.242818221291707,5.869163553637304,1.0,0.0,0.0,0.0,1.0,1.0
11,20,11.10468009352897,8.251126819119795,1.0,0.0,1.0,0.0,0.0,1.0
12,20,6.828191665042285,10.136531709532417,0.0,0.0,1.0,1.0,0.0,0.0
13,20,0.0794108574192307,2.490703714264534,0.0,0.0,1.0,0.0,0.0,0.0
14,20,9.29636637271384,1.8608553181132488,1.0,1.0,1.0,0.0,0.0,1.0
15,20,3.929381499756656,2.2997880588681223,0.0,0.0,0.0,1.0,1.0,0.0
16,20,11.781395243736284,2.7622673163317395,0.0,0.0,0.0,0.0,1.0,1.0
17,20,12.0,0.08659822843535,0.0,0.0,0.0,0.0,1.0,1.0
18,20,4.891164738987103,10.133742629423152,0.0,1.0,0.0,0.0,0.0,1.0
19,20,4.859791222104864,0.2328353652869157,0.0,1.0,0.0,0.0,1.0,0.0
0,25,0.0,2.3027765539846263,0.0,0.0,1.0,1.0,1.0,0.0
1,25,2.6236848268821125,10.20697569397499,0.0,0.0,1.0,0.0,0.0,0.0
2,25,9.90555081892145,1.3965798623803771,1.0,0.0,0.0,1.0,1.0,1.0
3,25,0.0881726744328539,3.2531098086043544,0.0,0.0,0.0,0.0,1.0,1.0
4,25,9.58629324838107,2.094650884645175,1.0,0.0,1.0,0.0,1.0,1.0
5,25,4.351798910949458,3.0561013290824786,0.0,1.0,0.0,0.0,0.0,0.0
6,25,10.996135967656944,8.658273542779957,0.0,1.0,0.0,1.0,1.0,0.0
7,25,10.222399054258512,10.31200324218976,0.0,1.0,0.0,1.0,0.0,0.0
8,25,11.741620355153906,9.002717037989365,0.0,0.0,0.0,1.0,0.0,0.0
9,25,0.9941150778733346,9.328345556718617,1.0,0.0,1.0,0.0,0.0,1.0
10,25,4.2924709546820345,5.8437024331443554,1.0,0.0,0.0,0.0,1.0,1.0
11,25,11.10936414945148,8.263314658281883,1.0,0.0,1.0,0.0,0.0,1.0
12,25,6.768732042790917,10.183534869724571,0.0,0.0,1.0,1.0,0.0,0.0
13,25,0.0,2.471474106466223,0.0,0.0,1.0,0.0,0.0,0.0
14,25,9.361975520057667,1.8288916953272985,1.0,1.0,1.0,0.0,0.0,1.0
15,25,3.917931760348243,2.3504483175515123,0.0,0.0,0.0,1.0,1.0,0.0
16,25,11.744287336563357,2.724958578834487,0.0,0.0,0.0,0.0,1.0,1.0
17,25,11.98372411256101,0.1004974940730776,0.0,0.0,0.0,0.0,1.0,1.0
18,25,4.87473845224269,10.152862518475985,0.0,1.0,0.0,0.0,0.0,1.0
19,25,4.835233812534995,0.2774864389489226,0.0,1.0,0.0,0.0,1.0,0.0
0,30,0.0,2.375553166262471,0.0,0.0,1.0,1.0,1.0,0.0
1,30,2.5725056463591858,10.232615285836994,0.0,0.0,1.0,0.0,0.0,0.0
2,30,9.887667215794794,1.4645113874222573,1.0,0.0,0.0,1.0,1.0,1.0
3,30,0.1073526299023541,3.3049942150864933,0.0,0.0,0.0,0.0,1.0,1.0
4,30,9.496028323117224,2.1151163559887203,1.0,0.0,1.0,0.0,1.0,1.0
5,30,4.389882982467788,3.062088177014381,0.0,1.0,0.0,0.0,0.0,0.0
6,30,10.99452762684184,8.616296643104892,0.0,1.0,0.0,1.0,1.0,0.0
7,30,10.25385185046516,10.354003039468738,0.0,1.0,0.0,1.0,0.0,0.0
8,30,11.705118961587845,9.003627952157542,0.0,0.0,0.0,1.0,0.0,0.0
9,30,0.9945841211665082,9.379206933863852,1.0,0.0,1.0,0.0,0.0,1.0
10,30,4.332401508100541,5.821653585498915,1.0,0.0,0.0,0.0,1.0,1.0
11,30,11.124155337212068,8.30112509402594,1.0,0.0,1.0,0.0,0.0,1.0
12,30,6.717600365744074,10.223161458172278,0.0,0.0,1.0,1.0,0.0,0.0
13,30,0.0,2.454245119721149,0.0,0.0,1.0,0.0,0.0,0.0
14,30,9.410367811834028,1.804166070357039,1.0,1.0,1.0,0.0,0.0,1.0
15,30,3.9047026870999537,2.408938699364597,0.0,0.0,0.0,1.0,1.0,0.0
16,30,11.712455368744942,2.6944272870339043,0.0,0.0,0.0,0.0,1.0,1.0
17,30,11.971455028385945,0.1119648976285616,0.0,0.0,0.0,0.0,1.0,1.0
18,30,4.855093948960183,10.174895376363128,0.0,1.0,0.0,0.0,0.0,1.0
19,30,4.804619874098727,0.3328099725567461,0.0,1.0,0.0,0.0,1.0,0.0
0,35,0.0,2.334486064211285,0.0,0.0,1.0,1.0,1.0,0.0
1,35,2.5092416432808013,10.264285594186198,0.0,0.0,1.0,0.0,0.0,0.0
2,35,9.868303513641584,1.533768003784098,1.0,0.0,0.0,1.0,1.0,1.0
3,35,0.1275849522450773,3.35941727811214,0.0,0.0,0.0,0.0,1.0,1.0
4,35,9.394714707860103,2.134488574246489,1.0,0.0,1.0,0.0,1.0,1.0
5,35,4.444982275097902,3.0706596985024137,0.0,1.0,0.0,0.0,0.0,0.0
6,35,10.992261762356026,8.578582469512703,0.0,1.0,0.0,1.0,1.0,0.0
7,35,10.287077467634246,10.398895599809816,0.0,1.0,0.0,1.0,0.0,0.0
8,35,11.668974726979013,9.004487321166296,0.0,0.0,0.0,1.0,0.0,0.0
9,35,0.9942347317672888,9.434568507057053,1.0,0.0,1.0,0.0,0.0,1.0
10,35,4.369015851280245,5.799801790920677,1.0,0.0,0.0,0.0,1.0,1.0
11,35,11.134448781093113,8.329422542992413,1.0,0.0,1.0,0.0,0.0,1.0
12,35,6.755207851439697,10.270184832528471,0.0,0.0,1.0,1.0,0.0,0.0
13,35,0.0,2.434307433407073,0.0,0.0,1.0,0.0,0.0,0.0
14,35,9.4633927282075,1.7760751660569205,1.0,1.0,1.0,0.0,0.0,1.0
15,35,3.891588161896988,2.466001991265648,0.0,0.0,0.0,1.0,1.0,0.0
16,35,11.687468393276797,2.670140391019002,0.0,0.0,0.0,0.0,1.0,1.0
17,35,11.947953925477435,0.1334752236824891,0.0,0.0,0.0,0.0,1.0,1.0
18,35,4.834776996784674,10.19806008037939,0.0,1.0,0.0,0.0,0.0,1.0
19,35,4.783672058277191,0.3713248184833534,0.0,1.0,0.0,0.0,1.0,0.0
0,40,0.0,2.2945933523636883,0.0,0.0,1.0,1.0,1.0,0.0
1,40,2.43248431862877,10.299937845697016,0.0,0.0,1.0,0.0,0.0,0.0
2,40,9.84409743146546,1.6220782532957756,1.0,0.0,0.0,1.0,1.0,1.0
3,40,0.1529027313832345,3.428302268037564,0.0,0.0,0.0,0.0,1.0,1.0
4,40,9.293379008540096,2.155680350978074,1.0,0.0,1.0,0.0,1.0,1.0
5,40,4.49884306147199,3.07912342956868,0.0,1.0,0.0,0.0,0.0,0.0
6,40,10.990552846891124,8.540773226316098,0.0,1.0,0.0,1.0,1.0,0.0
7,40,10.32301904254832,10.44962375676632,0.0,1.0,0.0,1.0,0.0,0.0
8,40,11.641668384623395,9.005009574005127,0.0,0.0,0.0,1.0,0.0,0.0
9,40,0.9936267305527838,9.46111518308462,1.0,0.0,1.0,0.0,0.0,1.0
10,40,4.411604393105075,5.774574870524064,1.0,0.0,0.0,0.0,1.0,1.0
11,40,11.137814088409094,8.339434065903655,1.0,0.0,1.0,0.0,0.0,1.0
12,40,6.788166791039356,10.313429742453136,0.0,0.0,1.0,1.0,0.0,0.0
13,40,0.0,2.413706990949972,0.0,0.0,1.0,0.0,0.0,0.0
14,40,9.525300150250976,1.7422089726905383,1.0,1.0,1.0,0.0,0.0,1.0
15,40,3.875832479520149,2.534838648336853,0.0,0.0,0.0,1.0,1.0,0.0
16,40,11.674445277287816,2.657787937071596,0.0,0.0,0.0,0.0,1.0,1.0
17,40,11.921607842970388,0.156820986381733,0.0,0.0,0.0,0.0,1.0,1.0
18,40,4.816851072951912,10.21904261812213,0.0,1.0,0.0,0.0,0.0,1.0
19,40,4.764049648307439,0.4070879896952459,0.0,1.0,0.0,0.0,1.0,0.0
0,45,0.0,2.2555100150344183,0.0,0.0,1.0,1.0,1.0,0.0
1,45,2.3546429288893465,10.335216703076526,0.0,0.0,1.0,0.0,0.0,0.0
2,45,9.821327110939569,1.7179162771259704,1.0,0.0,0.0,1.0,1.0,1.0
3,45,0.1841067830597362,3.517834461066583,0.0,0.0,0.0,0.0,1.0,1.0
4,45,9.1845347062662,2.1750902789810205,1.0,0.0,1.0,0.0,1.0,1.0
5,45,4.566100703827484,3.0904051136369137,0.0,1.0,0.0,0.0,0.0,0.0
6,45,10.989707630119833,8.507161176548284,0.0,1.0,0.0,1.0,1.0,0.0
7,45,10.363441364050605,10.507801859480928,0.0,1.0,0.0,1.0,0.0,0.0
8,45,11.59524794147106,9.005747403101905,0.0,0.0,0.0,1.0,0.0,0.0
9,45,0.992623270563857,9.494312568552797,1.0,0.0,1.0,0.0,0.0,1.0
10,45,4.449306665597238,5.753112394014713,1.0,0.0,0.0,0.0,1.0,1.0
11,45,11.127979601034232,8.308425168497818,1.0,0.0,1.0,0.0,0.0,1.0
12,45,6.816569808744833,10.348930438730932,0.0,0.0,1.0,1.0,0.0,0.0
13,45,0.0,2.398180735045909,0.0,0.0,1.0,0.0,0.0,0.0
14,45,9.576649558333973,1.7153850629922278,1.0,1.0,1.0,0.0,0.0,1.0
15,45,3.8538866846495865,2.621490303463227,0.0,0.0,0.0,1.0,1.0,0.0
16,45,11.65959512325154,2.6438774061806263,0.0,0.0,0.0,0.0,1.0,1.0
17,45,11.893270060054578,0.1828352791711939,0.0,0.0,0.0,0.0,1.0,1.0
18,45,4.805916711880288,10.231767550992176,0.0,1.0,0.0,0.0,0.0,1.0
19,45,4.754560557700879,0.4243526148159731,0.0,1.0,0.0,0.0,1.0,0.0
0,50,0.0,2.2094602753722654,0.0,0.0,1.0,1.0,1.0,0.0
1,50,2.275666837982952,10.369205633670324,0.0,0.0,1.0,0.0,0.0,0.0
2,50,9.79892476733181,1.8040626525922625,1.0,0.0,0.0,1.0,1.0,1.0
3,50,0.2211726898523099,3.6219245347716416,0.0,0.0,0.0,0.0,1.0,1.0
4,50,9.061810802184375,2.1977945080845847,1.0,0.0,1.0,0.0,1.0,1.0
5,50,4.643708530109662,3.102674986223282,0.0,1.0,0.0,0.0,0.0,0.0
6,50,10.98730473312338,8.465175276034135,0.0,1.0,0.0,1.0,1.0,0.0
7,50,10.39900884501662,10.55802795108846,0.0,1.0,0.0,1.0,0.0,0.0
8,50,11.527611404733117,9.007118554373383,0.0,0.0,0.0,1.0,0.0,0.0
9,50,0.9905332946348584,9.528733473505756,1.0,0.0,1.0,0.0,0.0,1.0
10,50,4.4904756640289385,5.730534586543988,1.0,0.0,0.0,0.0,1.0,1.0
11,50,11.12091829867946,8.2877509377874,1.0,0.0,1.0,0.0,0.0,1.0
12,50,6.854717230304523,10.395846089188678,0.0,0.0,1.0,1.0,0.0,0.0
13,50,0.0,2.387672922363489,0.0,0.0,1.0,0.0,0.0,0.0
14,50,9.627496282355828,1.6887717870183534,1.0,1.0,1.0,0.0,0.0,1.0
15,50,3.83436497957953,2.704180489294484,0.0,0.0,0.0,1.0,1.0,0.0
16,50,11.63157435617516,2.61823874091396,0.0,0.0,0.0,0.0,1.0,1.0
17,50,11.871777236512658,0.2034434109410034,0.0,0.0,0.0,0.0,1.0,1.0
18,50,4.797741927925898,10.242143707294066,0.0,1.0,0.0,0.0,0.0,1.0
19,50,4.748776416939442,0.4350335428174403,0.0,1.0,0.0,0.0,1.0,0.0
0,55,0.0,2.1575743180612723,0.0,0.0,1.0,1.0,1.0,0.0
1,55,2.2054687758781717,10.398471364639237,0.0,0.0,1.0,0.0,0.0,0.0
2,55,9.772941531170916,1.9044999218822816,1.0,0.0,0.0,1.0,1.0,1.0
3,55,0.2468000008812467,3.696739154859996,0.0,0.0,0.0,0.0,1.0,1.0
4,55,8.942550028862103,2.21686295037219,1.0,0.0,1.0,0.0,1.0,1.0
5,55,4.716654327431667,3.115091031782089,0.0,1.0,0.0,0.0,0.0,0.0
6,55,10.986172883505953,8.439506919420808,0.0,1.0,0.0,1.0,1.0,0.0
7,55,10.448326223704491,10.625711232290856,0.0,1.0,0.0,1.0,0.0,0.0
8,55,11.45441543526614,9.008509775879167,0.0,0.0,0.0,1.0,0.0,0.0
9,55,0.988427593115437,9.576184244093232,1.0,0.0,1.0,0.0,0.0,1.0
10,55,4.535139892461654,5.705711418238746,1.0,0.0,0.0,0.0,1.0,1.0
11,55,11.105923540972634,8.245873714901647,1.0,0.0,1.0,0.0,0.0,1.0
12,55,6.905885874859512,10.45626096569111,0.0,0.0,1.0,1.0,0.0,0.0
13,55,0.0,2.3764701008710087,0.0,0.0,1.0,0.0,0.0,0.0
14,55,9.68364533133412,1.6574255770869677,1.0,1.0,1.0,0.0,0.0,1.0
15,55,3.813741005774729,2.797545939242862,0.0,0.0,0.0,1.0,1.0,0.0
16,55,11.606494687931804,2.595159382070224,0.0,0.0,0.0,0.0,1.0,1.0
17,55,11.85663951792144,0.218176786337683,0.0,0.0,0.0,0.0,1.0,1.0
18,55,4.7899515989336265,10.25194429998428,0.0,1.0,0.0,0.0,0.0,1.0
19,55,4.752691248185511,0.4280540338243718,0.0,1.0,0.0,0.0,1.0,0.0
0,60,0.0,2.1046710147263785,0.0,0.0,1.0,1.0,1.0,0.0
1,60,2.1131532545097285,10.436315058027636,0.0,0.0,1.0,0.0,0.0,0.0
2,60,9.741095930028,2.0195498990705247,1.0,0.0,0.0,1.0,1.0,1.0
3,60,0.2712346937001346,3.77043660367822,0.0,0.0,0.0,0.0,1.0,1.0
4,60,8.829616179786786,2.2371424453651616,1.0,0.0,1.0,0.0,1.0,1.0
5,60,4.798994118318215,3.1298173939283087,0.0,1.0,0.0,0.0,0.0,0.0
6,60,10.984615002071202,8.400160207955233,0.0,1.0,0.0,1.0,1.0,0.0
7,60,10.491705268546932,10.681903150643278,0.0,1.0,0.0,1.0,0.0,0.0
8,60,11.382608729378992,9.009927741468186,0.0,0.0,0.0,1.0,0.0,0.0
9,60,0.988189896740749,9.606255990507517,1.0,0.0,1.0,0.0,0.0,1.0
10,60,4.57355111353382,5.684182674013201,1.0,0.0,0.0,0.0,1.0,1.0
11,60,11.084276688456969,8.186946129981688,1.0,0.0,1.0,0.0,0.0,1.0
12,60,6.951591107737672,10.419932226969756,0.0,0.0,1.0,1.0,0.0,0.0
13,60,0.0,2.3672599053008287,0.0,0.0,1.0,0.0,0.0,0.0
14,60,9.732276696189698,1.631808902583474,1.0,1.0,1.0,0.0,0.0,1.0
15,60,3.791108451002463,2.8955549520161634,0.0,0.0,0.0,1.0,1.0,0.0
16,60,11.581101530691036,2.5711642107637456,0.0,0.0,0.0,0.0,1.0,1.0
17,60,11.852438385207977,0.2224338354544869,0.0,0.0,0.0,0.0,1.0,1.0
18,60,4.790566848179485,10.25121164741057,0.0,1.0,0.0,0.0,0.0,1.0
19,60,4.746079952986132,0.4397672491961906,0.0,1.0,0.0,0.0,1.0,0.0
0,65,0.0,2.0450877849141245,0.0,0.0,1.0,1.0,1.0,0.0
1,65,2.015358423448079,10.475766548389004,0.0,0.0,1.0,0.0,0.0,0.0
2,65,9.708809875830278,2.137243264429365,1.0,0.0,0.0,1.0,1.0,1.0
3,65,0.3000044491470573,3.85643306747049,0.0,0.0,0.0,0.0,1.0,1.0
4,65,8.697836424462551,2.257579989910166,1.0,0.0,1.0,0.0,1.0,1.0
5,65,4.852563862279252,3.14049059694174,0.0,1.0,0.0,0.0,0.0,0.0
6,65,10.983444432022782,8.363883356684948,0.0,1.0,0.0,1.0,1.0,0.0
7,65,10.541478341014807,10.740788863826438,0.0,1.0,0.0,1.0,0.0,0.0
8,65,11.288773637053223,9.014187204129412,0.0,0.0,0.0,1.0,0.0,0.0
9,65,0.9878641801462924,9.627511765095202,1.0,0.0,1.0,0.0,0.0,1.0
10,65,4.623241026419524,5.656415771950128,1.0,0.0,0.0,0.0,1.0,1.0
11,65,11.060682356038692,8.123140977229069,1.0,0.0,1.0,0.0,0.0,1.0
12,65,7.00192648459259,10.380088385919423,0.0,0.0,1.0,1.0,0.0,0.0
13,65,0.0,2.358823485433763,0.0,0.0,1.0,0.0,0.0,0.0
14,65,9.784332554606795,1.605149963814731,1.0,1.0,1.0,0.0,0.0,1.0
15,65,3.77021808145162,2.9974543079427933,0.0,0.0,0.0,1.0,1.0,0.0
16,65,11.552798041012466,2.5441761494325594,0.0,0.0,0.0,0.0,1.0,1.0
17,65,11.838414751155613,0.236722796768436,0.0,0.0,0.0,0.0,1.0,1.0
18,65,4.783760416538691,10.259293433720742,0.0,1.0,0.0,0.0,0.0,1.0
19,65,4.724074291512907,0.4275056112810306,0.0,1.0,0.0,0.0,1.0,0.0
0,70,0.0,1.9876225593006944,0.0,0.0,1.0,1.0,1.0,0.0
1,70,1.934842053143852,10.506694217106626,0.0,0.0,1.0,0.0,0.0,0.0
2,70,9.668493003337025,2.2665800662471525,1.0,0.0,0.0,1.0,1.0,1.0
3,70,0.3218275999756724,3.921980614610393,0.0,0.0,0.0,0.0,1.0,1.0
4,70,8.570121930711512,2.2744664383121083,1.0,0.0,1.0,0.0,1.0,1.0
5,70,4.892593345395958,3.1486493003710745,0.0,1.0,0.0,0.0,0.0,0.0
6,70,10.980340795275804,8.310901337401754,0.0,1.0,0.0,1.0,1.0,0.0
7,70,10.583216750625148,10.792371163813488,0.0,1.0,0.0,1.0,0.0,0.0
8,70,11.188030032790683,9.015377883332274,0.0,0.0,0.0,1.0,0.0,0.0
9,70,0.9878167770868164,9.630923626973384,1.0,0.0,1.0,0.0,0.0,1.0
10,70,4.674008972086929,5.628291037413811,1.0,0.0,0.0,0.0,1.0,1.0
11,70,11.038282536773172,8.06383436972032,1.0,0.0,1.0,0.0,0.0,1.0
12,70,7.032201627704952,10.354607976712852,0.0,0.0,1.0,1.0,0.0,0.0
13,70,0.0,2.352363764395949,0.0,0.0,1.0,0.0,0.0,0.0
14,70,9.84890621552818,1.571758217026393,1.0,1.0,1.0,0.0,0.0,1.0
15,70,3.749075482365472,3.0897224286185447,0.0,0.0,0.0,1.0,1.0,0.0
16,70,11.521166323744447,2.5125835170107687,0.0,0.0,0.0,0.0,1.0,1.0
17,70,11.815973424576171,0.2598532846670985,0.0,0.0,0.0,0.0,1.0,1.0
18,70,4.78145361597874,10.262000601169111,0.0,1.0,0.0,0.0,0.0,1.0
19,70,4.72626987970972,0.4287578558340779,0.0,1.0,0.0,0.0,1.0,0.0
0,75,0.0,1.9306854917070504,0.0,0.0,1.0,1.0,1.0,0.0
1,75,1.8445134149391689,10.539944305805609,0.0,0.0,1.0,0.0,0.0,0.0
2,75,9.636045804587011,2.379814774895008,1.0,0.0,0.0,1.0,1.0,1.0
3,75,0.3533740817220105,4.009248502063013,0.0,0.0,0.0,0.0,1.0,1.0
4,75,8.429114078744307,2.2929497386661226,1.0,0.0,1.0,0.0,1.0,1.0
5,75,4.929511227277517,3.154847412978414,0.0,1.0,0.0,0.0,0.0,0.0
6,75,10.977447378619043,8.255342367446922,0.0,1.0,0.0,1.0,1.0,0.0
7,75,10.636842406922764,10.857973141325171,0.0,1.0,0.0,1.0,0.0,0.0
8,75,11.186821683116833,8.911135371308863,0.0,0.0,0.0,1.0,0.0,0.0
9,75,0.9879488307427506,9.637472684910726,1.0,0.0,1.0,0.0,0.0,1.0
10,75,4.738074753605567,5.591974630567697,1.0,0.0,0.0,0.0,1.0,1.0
11,75,11.01498515151101,8.00186187634077,1.0,0.0,1.0,0.0,0.0,1.0
12,75,7.070440716945812,10.322375278143824,0.0,0.0,1.0,1.0,0.0,0.0
13,75,0.0,2.349527239443936,0.0,0.0,1.0,0.0,0.0,0.0
14,75,9.935600337418572,1.5301922610332668,1.0,1.0,1.0,0.0,0.0,1.0
15,75,3.731845088046029,3.161566850914202,0.0,0.0,0.0,1.0,1.0,0.0
16,75,11.48180054391014,2.472010806782215,0.0,0.0,0.0,0.0,1.0,1.0
17,75,11.794492813316248,0.2815735845409031,0.0,0.0,0.0,0.0,1.0,1.0
18,75,4.789319395888933,10.25271969870521,0.0,1.0,0.0,0.0,0.0,1.0
19,75,4.723339830709673,0.4271175930092164,0.0,1.0,0.0,0.0,1.0,0.0
0,80,0.0,1.8703231543929189,0.0,0.0,1.0,1.0,1.0,0.0
1,80,1.7559512138630655,10.570358854646988,0.0,0.0,1.0,0.0,0.0,0.0
2,80,9.59977209153388,2.5151317052276565,1.0,0.0,0.0,1.0,1.0,1.0
3,80,0.3842804145426385,4.095911638537777,0.0,0.0,0.0,0.0,1.0,1.0
4,80,8.277104657740592,2.310215881219712,1.0,0.0,1.0,0.0,1.0,1.0
5,80,4.965983983308614,3.1618722619028707,0.0,1.0,0.0,0.0,0.0,0.0
6,80,10.974860760115051,8.209293851794483,0.0,1.0,0.0,1.0,1.0,0.0
7,80,10.69450225497888,10.925619821545462,0.0,1.0,0.0,1.0,0.0,0.0
8,80,11.181655837739754,8.810369061483406,0.0,0.0,0.0,1.0,0.0,0.0
9,80,0.9880453721794304,9.650170584825904,1.0,0.0,1.0,0.0,0.0,1.0
10,80,4.7798851429225,5.567884135113655,1.0,0.0,0.0,0.0,1.0,1.0
11,80,10.989552508938717,7.927953279073929,1.0,0.0,1.0,0.0,0.0,1.0
12,80,7.102191173960729,10.2941423602661,0.0,0.0,1.0,1.0,0.0,0.0
13,80,0.0,2.346458874238172,0.0,0.0,1.0,0.0,0.0,0.0
14,80,9.973336072190689,1.6114738182997497,1.0,1.0,1.0,0.0,0.0,1.0
15,80,3.71310056370196,3.241283553506299,0.0,0.0,0.0,1.0,1.0,0.0
16,80,11.438074625698238,2.425772236116879,0.0,0.0,0.0,0.0,1.0,1.0
17,80,11.769099036373406,0.3074988394418549,0.0,0.0,0.0,0.0,1.0,1.0
18,80,4.7846040392459,10.258565480490812,0.0,1.0,0.0,0.0,0.0,1.0
19,80,4.740180660427043,0.4364781112850217,0.0,1.0,0.0,0.0,1.0,0.0
0,85,0.0,1.818371860984053,0.0,0.0,1.0,1.0,1.0,0.0
1,85,1.6846628286207694,10.594491240196742,0.0,0.0,1.0,0.0,0.0,0.0
2,85,9.55820757964519,2.668113277558005,1.0,0.0,0.0,1.0,1.0,1.0
3,85,0.4163073271851461,4.177430429426625,0.0,0.0,0.0,0.0,1.0,1.0
4,85,8.120527454785252,2.3311222953753497,1.0,0.0,1.0,0.0,1.0,1.0
5,85,5.004001852037802,3.1687741894371206,0.0,1.0,0.0,0.0,0.0,0.0
6,85,10.971251411182774,8.161496795167263,0.0,1.0,0.0,1.0,1.0,0.0
7,85,10.752132000756184,10.99330361347802,0.0,1.0,0.0,1.0,0.0,0.0
8,85,11.17849047704522,8.685657376650552,0.0,0.0,0.0,1.0,0.0,0.0
9,85,0.9882807084053926,9.667426021134292,1.0,0.0,1.0,0.0,0.0,1.0
10,85,4.813849204972259,5.548916995964987,1.0,0.0,0.0,0.0,1.0,1.0
11,85,10.963064747112169,7.84763705446022,1.0,0.0,1.0,0.0,0.0,1.0
12,85,7.141914001045419,10.259184311549149,0.0,0.0,1.0,1.0,0.0,0.0
13,85,0.0,2.345168317797612,0.0,0.0,1.0,0.0,0.0,0.0
14,85,10.017761960433862,1.7035736425324035,1.0,1.0,1.0,0.0,0.0,1.0
15,85,3.684809603154572,3.347411878808136,0.0,0.0,0.0,1.0,1.0,0.0
16,85,11.386325043400204,2.368831900548776,0.0,0.0,0.0,0.0,1.0,1.0
17,85,11.740054648238244,0.3394463367378885,0.0,0.0,0.0,0.0,1.0,1.0
18,85,4.769523899533587,10.276689083704586,0.0,1.0,0.0,0.0,0.0,1.0
19,85,4.740800874445738,0.4368375339792958,0.0,1.0,0.0,0.0,1.0,0.0
0,90,0.0,1.7622178149235137,0.0,0.0,1.0,1.0,1.0,0.0
1,90,1.6163079766801138,10.616801187305072,0.0,0.0,1.0,0.0,0.0,0.0
2,90,9.514544944778466,2.8354446132103326,1.0,0.0,0.0,1.0,1.0,1.0
3,90,0.4460423809809312,4.258370850648788,0.0,0.0,0.0,0.0,1.0,1.0
4,90,7.968200121913894,2.3554199236776503,1.0,0.0,1.0,0.0,1.0,1.0
5,90,5.060428692167587,3.179811128914328,0.0,1.0,0.0,0.0,0.0,0.0
6,90,10.968781882326942,8.123165629958143,0.0,1.0,0.0,1.0,1.0,0.0
7,90,10.822246831502474,11.07565418208288,0.0,1.0,0.0,1.0,0.0,0.0
8,90,11.177819814047588,8.55970313088756,0.0,0.0,0.0,1.0,0.0,0.0
9,90,0.9883374672398848,9.678284117182232,1.0,0.0,1.0,0.0,0.0,1.0
10,90,4.865449078396312,5.519641524622714,1.0,0.0,0.0,0.0,1.0,1.0
11,90,10.938024623663525,7.767212524837161,1.0,0.0,1.0,0.0,0.0,1.0
12,90,7.177176232081313,10.228953732716723,0.0,0.0,1.0,1.0,0.0,0.0
13,90,0.0,2.345121051377404,0.0,0.0,1.0,0.0,0.0,0.0
14,90,10.059936399169464,1.7880377388133055,1.0,1.0,1.0,0.0,0.0,1.0
15,90,3.6550498264036206,3.455703495353258,0.0,0.0,0.0,1.0,1.0,0.0
16,90,11.332394296030284,2.309784071974764,0.0,0.0,0.0,0.0,1.0,1.0
17,90,11.718806163964183,0.3638387902019799,0.0,0.0,0.0,0.0,1.0,1.0
18,90,4.7501814983358805,10.29936802556903,0.0,1.0,0.0,0.0,0.0,1.0
19,90,4.742695818213489,0.4379651791210979,0.0,1.0,0.0,0.0,1.0,0.0
0,95,0.0,1.7081004728407791,0.0,0.0,1.0,1.0,1.0,0.0
1,95,1.569398543483549,10.631436332231251,0.0,0.0,1.0,0.0,0.0,0.0
2,95,9.466425828130395,3.0070648740725274,1.0,0.0,0.0,1.0,1.0,1.0
3,95,0.473994348633439,4.333236718237043,0.0,0.0,0.0,0.0,1.0,1.0
4,95,7.798862362739854,2.384157335780084,1.0,0.0,1.0,0.0,1.0,1.0
5,95,5.09305295363961,3.1866603705858254,0.0,1.0,0.0,0.0,0.0,0.0
6,95,10.967001046334984,8.093119113027017,0.0,1.0,0.0,1.0,1.0,0.0
7,95,10.886908093921216,11.157608857621245,0.0,1.0,0.0,1.0,0.0,0.0
8,95,11.178910918953829,8.425059010090068,0.0,0.0,0.0,1.0,0.0,0.0
9,95,0.9883397768014488,9.687461544752674,1.0,0.0,1.0,0.0,0.0,1.0
10,95,4.933619043307305,5.4754022743805,1.0,0.0,0.0,0.0,1.0,1.0
11,95,10.910319917299832,7.679547001605388,1.0,0.0,1.0,0.0,0.0,1.0
12,95,7.206544553688401,10.202853758089589,0.0,0.0,1.0,1.0,0.0,0.0
13,95,0.0,2.345558709300767,0.0,0.0,1.0,0.0,0.0,0.0
14,95,10.101263495443934,1.871467907730863,1.0,1.0,1.0,0.0,0.0,1.0
15,95,3.6257311480562895,3.566799106214184,0.0,0.0,0.0,1.0,1.0,0.0
16,95,11.295231258204533,2.271648692429259,0.0,0.0,0.0,0.0,1.0,1.0
17,95,11.69965902511418,0.3865172525914794,0.0,0.0,0.0,0.0,1.0,1.0
18,95,4.734740240172423,10.31832376789484,0.0,1.0,0.0,0.0,0.0,1.0
19,95,4.75540013791972,0.4462622865841939,0.0,1.0,0.0,0.0,1.0,0.0
0,100,0.0,1.6494751648374308,0.0,0.0,1.0,1.0,1.0,0.0
1,100,1.5398393913050077,10.640920943154104,0.0,0.0,1.0,0.0,0.0,0.0
2,100,9.422021573033955,3.174577739179615,1.0,0.0,0.0,1.0,1.0,1.0
3,100,0.5034568823477988,4.419992940132878,0.0,0.0,0.0,0.0,1.0,1.0
4,100,7.659112380360919,2.4094975023805323,1.0,0.0,1.0,0.0,1.0,1.0
5,100,5.118996703516652,3.1927622832414158,0.0,1.0,0.0,0.0,0.0,0.0
6,100,10.966820348978292,8.08945985549461,0.0,1.0,0.0,1.0,1.0,0.0
7,100,10.952612480793391,11.239646371965868,0.0,1.0,0.0,1.0,0.0,0.0
8,100,11.183878969004605,8.289145801310195,0.0,0.0,0.0,1.0,0.0,0.0
9,100,0.9882727955467298,9.699900892741738,1.0,0.0,1.0,0.0,0.0,1.0
10,100,5.003253235168875,5.430031314661519,1.0,0.0,0.0,0.0,1.0,1.0
11,100,10.88795418521952,7.608214097613635,1.0,0.0,1.0,0.0,0.0,1.0
12,100,7.23654396172245,10.17529180719458,0.0,0.0,1.0,1.0,0.0,0.0
13,100,0.0,2.3469097973503423,0.0,0.0,1.0,0.0,0.0,0.0
14,100,10.14309209576301,1.960497091068973,1.0,1.0,1.0,0.0,0.0,1.0
15,100,3.594765267850748,3.677575380259574,0.0,0.0,0.0,1.0,1.0,0.0
16,100,11.258000596414188,2.235137922016622,0.0,0.0,0.0,0.0,1.0,1.0
17,100,11.673495582484923,0.418274891359674,0.0,0.0,0.0,0.0,1.0,1.0
18,100,4.7225765594801175,10.332916196684018,0.0,1.0,0.0,0.0,0.0,1.0
19,100,4.761480647803015,0.4504647414934662,0.0,1.0,0.0,0.0,1.0,0.0
0,105,0.0,1.5992959081130982,0.0,0.0,1.0,1.0,1.0,0.0
1,105,1.5151331217511816,10.648705450629832,0.0,0.0,1.0,0.0,0.0,0.0
2,105,9.375397124346778,3.351396708172357,1.0,0.0,0.0,1.0,1.0,1.0
3,105,0.5289311272283281,4.49418903564848,0.0,0.0,0.0,0.0,1.0,1.0
4,105,7.531399139008869,2.433626064087248,1.0,0.0,1.0,0.0,1.0,1.0
5,105,5.128244465719501,3.19496657081442,0.0,1.0,0.0,0.0,0.0,0.0
6,105,10.966446836337468,8.082122551318871,0.0,1.0,0.0,1.0,1.0,0.0
7,105,11.023332934955777,11.331592416770471,0.0,1.0,0.0,1.0,0.0,0.0
8,105,11.186127520301971,8.182093300568061,0.0,0.0,0.0,1.0,0.0,0.0
9,105,0.9880900292886406,9.71939808354282,1.0,0.0,1.0,0.0,0.0,1.0
10,105,5.072541669769701,5.38560377428262,1.0,0.0,0.0,0.0,1.0,1.0
11,105,10.863282045056367,7.53405984163478,1.0,0.0,1.0,0.0,0.0,1.0
12,105,7.275096138440796,10.139602648795949,0.0,0.0,1.0,1.0,0.0,0.0
13,105,0.0,2.3489179931836253,0.0,0.0,1.0,0.0,0.0,0.0
14,105,10.184749641433374,2.0485918178436635,1.0,1.0,1.0,0.0,0.0,1.0
15,105,3.5625619476988404,3.7888026747201673,0.0,0.0,0.0,1.0,1.0,0.0
16,105,11.213505233087217,2.191680319669039,0.0,0.0,0.0,0.0,1.0,1.0
17,105,11.639874037728797,0.4580922931175947,0.0,0.0,0.0,0.0,1.0,1.0
18,105,4.72635400234661,10.328376575265471,0.0,1.0,0.0,0.0,0.0,1.0
19,105,4.791034517532463,0.4714243303143769,0.0,1.0,0.0,0.0,1.0,0.0
0,110,0.0,1.5513456652121718,0.0,0.0,1.0,1.0,1.0,0.0
1,110,1.496316618172656,10.654541710312673,0.0,0.0,1.0,0.0,0.0,0.0
2,110,9.331939993471297,3.514732148212562,1.0,0.0,0.0,1.0,1.0,1.0
3,110,0.5554401954127389,4.569876542377972,0.0,0.0,0.0,0.0,1.0,1.0
4,110,7.421261978237397,2.450443266897793,1.0,0.0,1.0,0.0,1.0,1.0
5,110,5.1260817414005855,3.194435531851413,0.0,1.0,0.0,0.0,0.0,0.0
6,110,10.96610486872686,8.070647691776987,0.0,1.0,0.0,1.0,1.0,0.0
7,110,11.096736920179447,11.426281479471315,0.0,1.0,0.0,1.0,0.0,0.0
8,110,11.187059064593418,8.097697692821221,0.0,0.0,0.0,1.0,0.0,0.0
9,110,0.9714991257684772,9.719222603164337,1.0,0.0,1.0,0.0,0.0,1.0
10,110,5.147415183516535,5.336156165903167,1.0,0.0,0.0,0.0,1.0,1.0
11,110,10.834285771319871,7.446513204305896,1.0,0.0,1.0,0.0,0.0,1.0
12,110,7.309979646459245,10.107909892686216,0.0,0.0,1.0,1.0,0.0,0.0
13,110,0.0,2.352807444129432,0.0,0.0,1.0,0.0,0.0,0.0
14,110,10.22740404199012,2.14091876830561,1.0,1.0,1.0,0.0,0.0,1.0
15,110,3.525824546930965,3.9102386956186472,0.0,0.0,0.0,1.0,1.0,0.0
16,110,11.173550448786738,2.15333800399557,0.0,0.0,0.0,0.0,1.0,1.0
17,110,11.598324731336698,0.506257782121625,0.0,0.0,0.0,0.0,1.0,1.0
18,110,4.739203394032839,10.31341518775552,0.0,1.0,0.0,0.0,0.0,1.0
19,110,4.804831943189957,0.4812501390774995,0.0,1.0,0.0,0.0,1.0,0.0
0,115,0.0,1.4997654930287767,0.0,0.0,1.0,1.0,1.0,0.0
1,115,1.484152893954832,10.658303808655823,0.0,0.0,1.0,0.0,0.0,0.0
2,115,9.29095864417803,3.666191331957854,1.0,0.0,0.0,1.0,1.0,1.0
3,115,0.5805385002035264,4.639595337643758,0.0,0.0,0.0,0.0,1.0,1.0
4,115,7.310404825919028,2.4688940130766053,1.0,0.0,1.0,0.0,1.0,1.0
5,115,5.138459272441661,3.197133668497878,0.0,1.0,0.0,0.0,0.0,0.0
6,115,10.9657465678891,8.059943975937868,0.0,1.0,0.0,1.0,1.0,0.0
7,115,11.154142923142244,11.49915755308492,0.0,1.0,0.0,1.0,0.0,0.0
8,115,11.18771409301645,8.00641293672777,0.0,0.0,0.0,1.0,0.0,0.0
9,115,0.9390219012792748,9.719109250856391,1.0,0.0,1.0,0.0,0.0,1.0
10,115,5.232665873769022,5.281034201209081,1.0,0.0,0.0,0.0,1.0,1.0
11,115,10.810307812808698,7.37893125847116,1.0,0.0,1.0,0.0,0.0,1.0
12,115,7.332335314837078,10.086970609999812,0.0,0.0,1.0,1.0,0.0,0.0
13,115,0.0,2.354639617397324,0.0,0.0,1.0,0.0,0.0,0.0
14,115,10.271797851440413,2.2337518372727376,1.0,1.0,1.0,0.0,0.0,1.0
15,115,3.4923632144518946,4.036699628395498,0.0,0.0,0.0,1.0,1.0,0.0
16,115,11.142587421107551,2.123809534335832,0.0,0.0,0.0,0.0,1.0,1.0
17,115,11.550793378249558,0.5643538402982118,0.0,0.0,0.0,0.0,1.0,1.0
18,115,4.745902030071148,10.305575227427218,0.0,1.0,0.0,0.0,0.0,1.0
19,115,4.816479105558032,0.4895726473075304,0.0,1.0,0.0,0.0,1.0,0.0
0,120,0.0,1.4311451166702296,0.0,0.0,1.0,1.0,1.0,0.0
1,120,1.4906709152673123,10.656241934440246,0.0,0.0,1.0,0.0,0.0,0.0
2,120,9.25329709538187,3.807531435851085,1.0,0.0,0.0,1.0,1.0,1.0
3,120,0.5993463142045963,4.6898592565027695,0.0,0.0,0.0,0.0,1.0,1.0
4,120,7.190083489425871,2.4881079446775125,1.0,0.0,1.0,0.0,1.0,1.0
5,120,5.147397846802762,3.199064234318294,0.0,1.0,0.0,0.0,0.0,0.0
6,120,10.965779068998993,8.044222931195247,0.0,1.0,0.0,1.0,1.0,0.0
7,120,11.201644865461692,11.55782888025089,0.0,1.0,0.0,1.0,0.0,0.0
8,120,11.18490176197236,7.909690715636048,0.0,0.0,0.0,1.0,0.0,0.0
9,120,0.9129488677591968,9.71770351111146,1.0,0.0,1.0,0.0,0.0,1.0
10,120,5.3041396856439125,5.234267159211139,1.0,0.0,0.0,0.0,1.0,1.0
11,120,10.782368230206222,7.298081538847525,1.0,0.0,1.0,0.0,0.0,1.0
12,120,7.378825910639586,10.045218685634191,0.0,0.0,1.0,1.0,0.0,0.0
13,120,0.0,2.3547591669394685,0.0,0.0,1.0,0.0,0.0,0.0
14,120,10.314953090071588,2.3226378650191686,1.0,1.0,1.0,0.0,0.0,1.0
15,120,3.4595761594508514,4.166547506160897,0.0,0.0,0.0,1.0,1.0,0.0
16,120,11.109371656150833,2.0938582912564305,0.0,0.0,0.0,0.0,1.0,1.0
17,120,11.501556832052898,0.623763904717967,0.0,0.0,0.0,0.0,1.0,1.0
18,120,4.761943441905704,10.287021484048362,0.0,1.0,0.0,0.0,0.0,1.0
19,120,4.835683953674817,0.503761452980995,0.0,1.0,0.0,0.0,1.0,0.0
0,125,0.0,1.366303057601995,0.0,0.0,1.0,1.0,1.0,0.0
1,125,1.4870733141202113,10.657394753497488,0.0,0.0,1.0,0.0,0.0,0.0
2,125,9.213988292255726,3.951717484291248,1.0,0.0,0.0,1.0,1.0,1.0
3,125,0.6169311192947795,4.740127855115057,0.0,0.0,0.0,0.0,1.0,1.0
4,125,7.060755317270123,2.510881940709951,1.0,0.0,1.0,0.0,1.0,1.0
5,125,5.161712249370695,3.2018476557727387,0.0,1.0,0.0,0.0,0.0,0.0
6,125,10.965485950461176,8.025351738837804,0.0,1.0,0.0,1.0,1.0,0.0
7,125,11.24677133775676,11.615504984740792,0.0,1.0,0.0,1.0,0.0,0.0
8,125,11.182221420983916,7.830859088477843,0.0,0.0,0.0,1.0,0.0,0.0
9,125,0.8868891601174954,9.715426459115656,1.0,0.0,1.0,0.0,0.0,1.0
10,125,5.368788174855415,5.189633797108421,1.0,0.0,0.0,0.0,1.0,1.0
11,125,10.75836068208667,7.220113222513287,1.0,0.0,1.0,0.0,0.0,1.0
12,125,7.409450498198524,10.017061944630006,0.0,0.0,1.0,1.0,0.0,0.0
13,125,0.0,2.3561773937114125,0.0,0.0,1.0,0.0,0.0,0.0
14,125,10.36594027296604,2.42840654567101,1.0,1.0,1.0,0.0,0.0,1.0
15,125,3.426976872352352,4.306175151923053,0.0,0.0,0.0,1.0,1.0,0.0
16,125,11.07067507241846,2.0594009363376293,0.0,0.0,0.0,0.0,1.0,1.0
17,125,11.444129835542498,0.6908774014893444,0.0,0.0,0.0,0.0,1.0,1.0
18,125,4.779098061433869,10.267753225741211,0.0,1.0,0.0,0.0,0.0,1.0
19,125,4.82544065562751,0.5173863643914232,0.0,1.0,0.0,0.0,1.0,0.0
0,130,0.0,1.307447931925613,0.0,0.0,1.0,1.0,1.0,0.0
1,130,1.4899059687588638,10.656423874236571,0.0,0.0,1.0,0.0,0.0,0.0
2,130,9.17507480374378,4.085501810688116,1.0,0.0,0.0,1.0,1.0,1.0
3,130,0.6384027914442006,4.801060462563985,0.0,0.0,0.0,0.0,1.0,1.0
4,130,6.903453974092957,2.537649148425683,1.0,0.0,1.0,0.0,1.0,1.0
5,130,5.180173245448358,3.20582180848832,0.0,1.0,0.0,0.0,0.0,0.0
6,130,10.917632430057468,8.025203987687744,0.0,1.0,0.0,1.0,1.0,0.0
7,130,11.295681215192054,11.677675630021309,0.0,1.0,0.0,1.0,0.0,0.0
8,130,11.17650239969879,7.731036014774869,0.0,0.0,0.0,1.0,0.0,0.0
9,130,0.8220161549824516,9.712276146657908,1.0,0.0,1.0,0.0,0.0,1.0
10,130,5.429521174671741,5.145020100251856,1.0,0.0,0.0,0.0,1.0,1.0
11,130,10.732731866871106,7.138591464290848,1.0,0.0,1.0,0.0,0.0,1.0
12,130,7.442424012360199,9.987365318851309,0.0,0.0,1.0,1.0,0.0,0.0
13,130,0.0,2.358545942821572,0.0,0.0,1.0,0.0,0.0,0.0
14,130,10.40885615115178,2.5237175899306363,1.0,1.0,1.0,0.0,0.0,1.0
15,130,3.397218721844734,4.432630623997112,0.0,0.0,0.0,1.0,1.0,0.0
16,130,11.026382953297675,2.020574396976606,0.0,0.0,0.0,0.0,1.0,1.0
17,130,11.370585652409256,0.7750772121210024,0.0,0.0,0.0,0.0,1.0,1.0
18,130,4.802791996031568,10.24071107909668,0.0,1.0,0.0,0.0,0.0,1.0
19,130,4.827280130895082,0.5150192198770127,0.0,1.0,0.0,0.0,1.0,0.0
0,135,0.0,1.252086321517666,0.0,0.0,1.0,1.0,1.0,0.0
1,135,1.486786754709985,10.65744034699064,0.0,0.0,1.0,0.0,0.0,0.0
2,135,9.14058903104688,4.201528154940004,1.0,0.0,0.0,1.0,1.0,1.0
3,135,0.6697756877496366,4.887352082162318,0.0,0.0,0.0,0.0,1.0,1.0
4,135,6.7443166216380455,2.5655089999273257,1.0,0.0,1.0,0.0,1.0,1.0
5,135,5.206226030900268,3.211162673645891,0.0,1.0,0.0,0.0,0.0,0.0
6,135,10.868189259318996,8.026171249450721,0.0,1.0,0.0,1.0,1.0,0.0
7,135,11.336555493573536,11.729862749812384,0.0,1.0,0.0,1.0,0.0,0.0
8,135,11.16960557600447,7.627248872944996,0.0,0.0,0.0,1.0,0.0,0.0
9,135,0.7769849055686595,9.71181352578918,1.0,0.0,1.0,0.0,0.0,1.0
10,135,5.498690466301945,5.094878251854352,1.0,0.0,0.0,0.0,1.0,1.0
11,135,10.703658843591883,7.037856648372372,1.0,0.0,1.0,0.0,0.0,1.0
12,135,7.487911167133578,9.945868456662824,0.0,0.0,1.0,1.0,0.0,0.0
13,135,0.0,2.361437980563769,0.0,0.0,1.0,0.0,0.0,0.0
14,135,10.449918264380194,2.6096984735336903,1.0,1.0,1.0,0.0,0.0,1.0
15,135,3.3727924691423943,4.5464233529705735,0.0,0.0,0.0,1.0,1.0,0.0
16,135,10.976408262524473,1.977280820768436,0.0,0.0,0.0,0.0,1.0,1.0
17,135,11.293996284553506,0.8634472146409969,0.0,0.0,0.0,0.0,1.0,1.0
18,135,4.826158936632867,10.21323775528942,0.0,1.0,0.0,0.0,0.0,1.0
19,135,4.820460194739879,0.5235530462563244,0.0,1.0,0.0,0.0,1.0,0.0
0,140,0.0,1.199484823424894,0.0,0.0,1.0,1.0,1.0,0.0
1,140,1.476180361677608,10.661148624433109,0.0,0.0,1.0,0.0,0.0,0.0
2,140,9.109117694326034,4.307514007520673,1.0,0.0,0.0,1.0,1.0,1.0
3,140,0.6966233722505253,4.956911252094177,0.0,0.0,0.0,0.0,1.0,1.0
4,140,6.564811981471682,2.595159826307773,1.0,0.0,1.0,0.0,1.0,1.0
5,140,5.205158525841248,3.2109443482383857,0.0,1.0,0.0,0.0,0.0,0.0
6,140,10.80956931108689,8.026655329834865,0.0,1.0,0.0,1.0,1.0,0.0
7,140,11.37436337962798,11.77679894766771,0.0,1.0,0.0,1.0,0.0,0.0
8,140,11.160703654909414,7.517986946651869,0.0,0.0,0.0,1.0,0.0,0.0
9,140,0.7363901065230922,9.71088426525302,1.0,0.0,1.0,0.0,0.0,1.0
10,140,5.53445523382933,5.0700418026575855,1.0,0.0,0.0,0.0,1.0,1.0
11,140,10.674672636138684,6.931569867876815,1.0,0.0,1.0,0.0,0.0,1.0
12,140,7.538999470193964,9.89809685148722,0.0,0.0,1.0,1.0,0.0,0.0
13,140,0.0,2.362917390446349,0.0,0.0,1.0,0.0,0.0,0.0
14,140,10.491654966833751,2.702637426870761,1.0,1.0,1.0,0.0,0.0,1.0
15,140,3.347122897260958,4.649156161805188,0.0,0.0,0.0,1.0,1.0,0.0
16,140,10.937274374405176,2.0229145926277985,0.0,0.0,0.0,0.0,1.0,1.0
17,140,11.20503843536719,0.9613782161603924,0.0,0.0,0.0,0.0,1.0,1.0
18,140,4.868760178746909,10.16158442075364,0.0,1.0,0.0,0.0,0.0,1.0
19,140,4.81690342663689,0.5278311070778741,0.0,1.0,0.0,0.0,1.0,0.0
0,145,0.0,1.1517148684132683,0.0,0.0,1.0,1.0,1.0,0.0
1,145,1.4449751055475335,10.6720383387531,0.0,0.0,1.0,0.0,0.0,0.0
2,145,9.078429731475415,4.413205343540291,1.0,0.0,0.0,1.0,1.0,1.0
3,145,0.632998899326386,4.98115422284584,0.0,0.0,0.0,0.0,1.0,1.0
4,145,6.381011168107001,2.6209709217369093,1.0,0.0,1.0,0.0,1.0,1.0
5,145,5.209881892693831,3.211859610557734,0.0,1.0,0.0,0.0,0.0,0.0
6,145,10.75063958066232,8.02826550413145,0.0,1.0,0.0,1.0,1.0,0.0
7,145,11.409123743022,11.818792095593714,0.0,1.0,0.0,1.0,0.0,0.0
8,145,11.153767958517031,7.40220349408157,0.0,0.0,0.0,1.0,0.0,0.0
9,145,0.6946110389296658,9.709761471813795,1.0,0.0,1.0,0.0,0.0,1.0
10,145,5.559271594125285,5.053149861957102,1.0,0.0,0.0,0.0,1.0,1.0
11,145,10.641323020456197,6.8153591594315,1.0,0.0,1.0,0.0,0.0,1.0
12,145,7.590651767042373,9.850488916591514,0.0,0.0,1.0,1.0,0.0,0.0
13,145,0.0,2.3607733312153893,0.0,0.0,1.0,0.0,0.0,0.0
14,145,10.538197462741383,2.806973794913288,1.0,1.0,1.0,0.0,0.0,1.0
15,145,3.319952241612969,4.760893452001213,0.0,0.0,0.0,1.0,1.0,0.0
16,145,10.90414913499267,2.0628937439787154,0.0,0.0,0.0,0.0,1.0,1.0
17,145,11.107349716835545,1.0675788345760329,0.0,0.0,0.0,0.0,1.0,1.0
18,145,4.900561430681404,10.121615255015112,0.0,1.0,0.0,0.0,0.0,1.0
19,145,4.818560673517816,0.5258326543336226,0.0,1.0,0.0,0.0,1.0,0.0
0,150,0.0,1.108182412825358,0.0,0.0,1.0,1.0,1.0,0.0
1,150,1.4211255030510717,10.67991145494778,0.0,0.0,1.0,0.0,0.0,0.0
2,150,9.050560064815937,4.507003185612207,1.0,0.0,0.0,1.0,1.0,1.0
3,150,0.5755516796617114,5.003850275710202,0.0,0.0,0.0,0.0,1.0,1.0
4,150,6.189113745493083,2.6479340052562423,1.0,0.0,1.0,0.0,1.0,1.0
5,150,5.204975796649202,3.210851414877777,0.0,1.0,0.0,0.0,0.0,0.0
6,150,10.672103611850474,8.030140272580898,0.0,1.0,0.0,1.0,1.0,0.0
7,150,11.437682174436633,11.853541105496818,0.0,1.0,0.0,1.0,0.0,0.0
8,150,11.145836212945587,7.28712019410121,0.0,0.0,0.0,1.0,0.0,0.0
9,150,0.6518841560856343,9.709566983052648,1.0,0.0,1.0,0.0,0.0,1.0
10,150,5.5675049021877,5.047466051417722,1.0,0.0,0.0,0.0,1.0,1.0
11,150,10.603345170938884,6.687663510737517,1.0,0.0,1.0,0.0,0.0,1.0
12,150,7.6354758804084515,9.810074780095098,0.0,0.0,1.0,1.0,0.0,0.0
13,150,0.0,2.3602798449582023,0.0,0.0,1.0,0.0,0.0,0.0
14,150,10.589504628532136,2.9123475481933827,1.0,1.0,1.0,0.0,0.0,1.0
15,150,3.2952465765081245,4.863041656977739,0.0,0.0,0.0,1.0,1.0,0.0
16,150,10.871659199298923,2.102434486099431,0.0,0.0,0.0,0.0,1.0,1.0
17,150,10.987399396297576,0.9501622257623872,0.0,0.0,0.0,0.0,1.0,1.0
18,150,4.929044519490427,10.084521669355968,0.0,1.0,0.0,0.0,0.0,1.0
19,150,4.826336645043986,0.5165322444018824,0.0,1.0,0.0,0.0,1.0,0.0
0,155,0.0,1.0672241254989068,0.0,0.0,1.0,1.0,1.0,0.0
1,155,1.4047226517036604,10.685462731671327,0.0,0.0,1.0,0.0,0.0,0.0
2,155,9.020492995994072,4.602265628281431,1.0,0.0,0.0,1.0,1.0,1.0
3,155,0.5325619602485959,5.020980660867609,0.0,0.0,0.0,0.0,1.0,1.0
4,155,5.994657026808204,2.6709238190012314,1.0,0.0,1.0,0.0,1.0,1.0
5,155,5.2151420452329225,3.2129289628444035,0.0,1.0,0.0,0.0,0.0,0.0
6,155,10.598773447049048,8.033068046796673,0.0,1.0,0.0,1.0,1.0,0.0
7,155,11.475762330951865,11.897072474963233,0.0,1.0,0.0,1.0,0.0,0.0
8,155,11.142199396676167,7.174058502858074,0.0,0.0,0.0,1.0,0.0,0.0
9,155,0.5900211936423347,9.708782522942258,1.0,0.0,1.0,0.0,0.0,1.0
10,155,5.562172245565676,5.051368698288259,1.0,0.0,0.0,0.0,1.0,1.0
11,155,10.558877256582686,6.536132117145828,1.0,0.0,1.0,0.0,0.0,1.0
12,155,7.6773174938523105,9.77380655629879,0.0,0.0,1.0,1.0,0.0,0.0
13,155,0.0,2.3607138804686625,0.0,0.0,1.0,0.0,0.0,0.0
14,155,10.63830936789146,3.0216195312684664,1.0,1.0,1.0,0.0,0.0,1.0
15,155,3.273164018254263,4.957926120083517,0.0,0.0,0.0,1.0,1.0,0.0
16,155,10.841278303845826,2.1392581518584386,0.0,0.0,0.0,0.0,1.0,1.0
17,155,10.87666200769083,0.8450011486897935,0.0,0.0,0.0,0.0,1.0,1.0
18,155,4.958016663036093,10.049685901942748,0.0,1.0,0.0,0.0,0.0,1.0
19,155,4.843921088960989,0.4952300650263282,0.0,1.0,0.0,0.0,1.0,0.0
0,160,0.0,1.025629771085987,0.0,0.0,1.0,1.0,1.0,0.0
1,160,1.36547946845486,10.699561059755483,0.0,0.0,1.0,0.0,0.0,0.0
2,160,8.986051554556104,4.699346975551739,1.0,0.0,0.0,1.0,1.0,1.0
3,160,0.4860927157539535,5.0378026280695565,0.0,0.0,0.0,0.0,1.0,1.0
4,160,5.802392563808969,2.695250778960248,1.0,0.0,1.0,0.0,1.0,1.0
5,160,5.239169041955242,3.21733410224236,0.0,1.0,0.0,0.0,0.0,0.0
6,160,10.511854996708148,8.040187070725086,0.0,1.0,0.0,1.0,1.0,0.0
7,160,11.526067896394135,11.954940415483144,0.0,1.0,0.0,1.0,0.0,0.0
8,160,11.140915310582384,7.061732083792475,0.0,0.0,0.0,1.0,0.0,0.0
9,160,0.5321592251936252,9.7086929899332,1.0,0.0,1.0,0.0,0.0,1.0
10,160,5.534284016159655,5.072216258452938,1.0,0.0,0.0,0.0,1.0,1.0
11,160,10.512285310240513,6.378137183809057,1.0,0.0,1.0,0.0,0.0,1.0
12,160,7.73615224326875,9.721941847345446,0.0,0.0,1.0,1.0,0.0,0.0
13,160,0.0,2.3616418565516493,0.0,0.0,1.0,0.0,0.0,0.0
14,160,10.693294107469592,3.13585405230354,1.0,1.0,1.0,0.0,0.0,1.0
15,160,3.245849297010599,5.075594572162206,0.0,0.0,0.0,1.0,1.0,0.0
16,160,10.802012860548237,2.1893051599793187,0.0,0.0,0.0,0.0,1.0,1.0
17,160,10.77733485611958,0.7522786202542899,0.0,0.0,0.0,0.0,1.0,1.0
18,160,4.97838196705262,10.025883928167652,0.0,1.0,0.0,0.0,0.0,1.0
19,160,4.8735283455964975,0.4593449363504212,0.0,1.0,0.0,0.0,1.0,0.0
0,165,0.0,0.9818511309422352,0.0,0.0,1.0,1.0,1.0,0.0
1,165,1.3207753733513925,10.71360337355433,0.0,0.0,1.0,0.0,0.0,0.0
2,165,8.945714960506876,4.806108023965879,1.0,0.0,0.0,1.0,1.0,1.0
3,165,0.4262508829170719,5.05991162607714,0.0,0.0,0.0,0.0,1.0,1.0
4,165,5.616826481197666,2.719821317247506,1.0,0.0,1.0,0.0,1.0,1.0
5,165,5.250400208516682,3.219155501184846,0.0,1.0,0.0,0.0,0.0,0.0
6,165,10.418297161681622,8.049627790295737,0.0,1.0,0.0,1.0,1.0,0.0
7,165,11.563035027364691,11.996756640832333,0.0,1.0,0.0,1.0,0.0,0.0
8,165,11.139704897864942,6.945167527867127,0.0,0.0,0.0,1.0,0.0,0.0
9,165,0.503438986528733,9.708569650406794,1.0,0.0,1.0,0.0,0.0,1.0
10,165,5.510711283750781,5.08977371577221,1.0,0.0,0.0,0.0,1.0,1.0
11,165,10.464263401945544,6.20850425395054,1.0,0.0,1.0,0.0,0.0,1.0
12,165,7.807931586022652,9.657131699135958,0.0,0.0,1.0,1.0,0.0,0.0
13,165,0.0,2.3621526549283263,0.0,0.0,1.0,0.0,0.0,0.0
14,165,10.752279015054876,3.260618426703348,1.0,1.0,1.0,0.0,0.0,1.0
15,165,3.21050013958628,5.222831782645575,0.0,0.0,0.0,1.0,1.0,0.0
16,165,10.76649126925697,2.2346969931175296,0.0,0.0,0.0,0.0,1.0,1.0
17,165,10.664138944283016,0.6535419537655103,0.0,0.0,0.0,0.0,1.0,1.0
18,165,4.999042553152564,10.00105424838124,0.0,1.0,0.0,0.0,0.0,1.0
19,165,4.909710227093976,0.4128333374420633,0.0,1.0,0.0,0.0,1.0,0.0
0,170,0.0,0.934267501025572,0.0,0.0,1.0,1.0,1.0,0.0
1,170,1.2809907546596475,10.726479176891855,0.0,0.0,1.0,0.0,0.0,0.0
2,170,8.908224085462955,4.908600416281823,1.0,0.0,0.0,1.0,1.0,1.0
3,170,0.3693275657113407,5.080005896982473,0.0,0.0,0.0,0.0,1.0,1.0
4,170,5.450348730714335,2.748178090779632,1.0,0.0,1.0,0.0,1.0,1.0
5,170,5.25942868405125,3.220427253538125,0.0,1.0,0.0,0.0,0.0,0.0
6,170,10.33850212351203,8.055564741831505,0.0,1.0,0.0,1.0,1.0,0.0
7,170,11.575069952792097,12.0,0.0,1.0,0.0,1.0,0.0,0.0
8,170,11.136914200681291,6.852010996618193,0.0,0.0,0.0,1.0,0.0,0.0
9,170,0.4715420260904472,9.708688112326524,1.0,0.0,1.0,0.0,0.0,1.0
10,170,5.492101848942379,5.103166842455275,1.0,0.0,0.0,0.0,1.0,1.0
11,170,10.419485331681331,6.056529045183894,1.0,0.0,1.0,0.0,0.0,1.0
12,170,7.87866051849385,9.592430348245616,0.0,0.0,1.0,1.0,0.0,0.0
13,170,0.0,2.358590648377502,0.0,0.0,1.0,0.0,0.0,0.0
14,170,10.806105431608463,3.3747382265339843,1.0,1.0,1.0,0.0,0.0,1.0
15,170,3.1742766208675453,5.367892753742302,0.0,0.0,0.0,1.0,1.0,0.0
16,170,10.745923780174836,2.26102796185026,0.0,0.0,0.0,0.0,1.0,1.0
17,170,10.555555649360594,0.5635772936671809,0.0,0.0,0.0,0.0,1.0,1.0
18,170,5.0353921249287925,9.958588787008235,0.0,1.0,0.0,0.0,0.0,1.0
19,170,4.935553253328032,0.3791991740693662,0.0,1.0,0.0,0.0,1.0,0.0
0,175,0.0,0.8826957740026659,0.0,0.0,1.0,1.0,1.0,0.0
1,175,1.2418315525568149,10.738918492953578,0.0,0.0,1.0,0.0,0.0,0.0
2,175,8.881521211050668,4.988104739946023,1.0,0.0,0.0,1.0,1.0,1.0
3,175,0.2985418608902749,5.1048032891720085,0.0,0.0,0.0,0.0,1.0,1.0
4,175,5.3030418447020775,2.778517878773924,1.0,0.0,1.0,0.0,1.0,1.0
5,175,5.249874250310313,3.219241193113781,0.0,1.0,0.0,0.0,0.0,0.0
6,175,10.239586876388437,8.064178247097107,0.0,1.0,0.0,1.0,1.0,0.0
7,175,11.582211441002276,12.0,0.0,1.0,0.0,1.0,0.0,0.0
8,175,11.13366545114398,6.767732259690819,0.0,0.0,0.0,1.0,0.0,0.0
9,175,0.4177903281092623,9.70926533018394,1.0,0.0,1.0,0.0,0.0,1.0
10,175,5.485198567507623,5.108067012011092,1.0,0.0,0.0,0.0,1.0,1.0
11,175,10.377308114477048,5.9092609073256765,1.0,0.0,1.0,0.0,0.0,1.0
12,175,7.940534650375031,9.536045581593369,0.0,0.0,1.0,1.0,0.0,0.0
13,175,0.0,2.350991896596524,0.0,0.0,1.0,0.0,0.0,0.0
14,175,10.854649273612733,3.48101185994427,1.0,1.0,1.0,0.0,0.0,1.0
15,175,3.1377410109096315,5.52704348449331,0.0,0.0,0.0,1.0,1.0,0.0
16,175,10.726717473274798,2.2842448570031406,0.0,0.0,0.0,0.0,1.0,1.0
17,175,10.43758525832867,0.4678339672218543,0.0,0.0,0.0,0.0,1.0,1.0
18,175,5.076132029883253,9.994386792244896,0.0,1.0,0.0,0.0,0.0,1.0
19,175,4.9580937828013685,0.348923840654518,0.0,1.0,0.0,0.0,1.0,0.0
0,180,0.0,0.8307602683580964,0.0,0.0,1.0,1.0,1.0,0.0
1,180,1.2190707780326488,10.7456439482772,0.0,0.0,1.0,0.0,0.0,0.0
2,180,8.858446146572472,5.06006610675666,1.0,0.0,0.0,1.0,1.0,1.0
3,180,0.2245743497115245,5.128571701067627,0.0,0.0,0.0,0.0,1.0,1.0
4,180,5.17753881712119,2.8022097374015766,1.0,0.0,1.0,0.0,1.0,1.0
5,180,5.235446136260007,3.21763501300995,0.0,1.0,0.0,0.0,0.0,0.0
6,180,10.130131257703756,8.074271873129943,0.0,1.0,0.0,1.0,1.0,0.0
7,180,11.592729179541312,12.0,0.0,1.0,0.0,1.0,0.0,0.0
8,180,11.127450366382988,6.67565414167218,0.0,0.0,0.0,1.0,0.0,0.0
9,180,0.3853296107033635,9.709556023656411,1.0,0.0,1.0,0.0,0.0,1.0
10,180,5.457313400085833,5.12766790839425,1.0,0.0,0.0,0.0,1.0,1.0
11,180,10.335394666164182,5.754856781766979,1.0,0.0,1.0,0.0,0.0,1.0
12,180,8.006210111928032,9.47989558686066,0.0,0.0,1.0,1.0,0.0,0.0
13,180,0.0,2.340973502120478,0.0,0.0,1.0,0.0,0.0,0.0
14,180,10.89801527090478,3.5804592759823106,1.0,1.0,1.0,0.0,0.0,1.0
15,180,3.10759419047294,5.673777699266381,0.0,0.0,0.0,1.0,1.0,0.0
16,180,10.70497952412822,2.310886377873278,0.0,0.0,0.0,0.0,1.0,1.0
17,180,10.306287813034324,0.3541369021866311,0.0,0.0,0.0,0.0,1.0,1.0
18,180,5.117052700649625,10.030489411464114,0.0,1.0,0.0,0.0,0.0,1.0
19,180,4.989395640611128,0.3069077282807353,0.0,1.0,0.0,0.0,1.0,0.0
0,185,0.0,0.780473861726175,0.0,0.0,1.0,1.0,1.0,0.0
1,185,1.2139334153023378,10.74740523670879,0.0,0.0,1.0,0.0,0.0,0.0
2,185,8.827307822772188,5.157728056003882,1.0,0.0,0.0,1.0,1.0,1.0
3,185,0.1224385707771495,5.160009505334591,0.0,0.0,0.0,0.0,1.0,1.0
4,185,5.033814024518927,2.8270841919911924,1.0,0.0,1.0,0.0,1.0,1.0
5,185,5.23596323450859,3.2176900091262803,0.0,1.0,0.0,0.0,0.0,0.0
6,185,10.02863914584896,8.080376053614518,0.0,1.0,0.0,1.0,1.0,0.0
7,185,11.605059029361437,12.0,0.0,1.0,0.0,1.0,0.0,0.0
8,185,11.120618067504967,6.564438335097965,0.0,0.0,0.0,1.0,0.0,0.0
9,185,0.3445625913626945,9.709971779255866,1.0,0.0,1.0,0.0,0.0,1.0
10,185,5.420117327182292,5.153194470774116,1.0,0.0,0.0,0.0,1.0,1.0
11,185,10.296593116845516,5.606557694542775,1.0,0.0,1.0,0.0,0.0,1.0
12,185,8.084581006262267,9.412209798498472,0.0,0.0,1.0,1.0,0.0,0.0
13,185,0.0,2.333281984025207,0.0,0.0,1.0,0.0,0.0,0.0
14,185,10.946777815196093,3.691540560130208,1.0,1.0,1.0,0.0,0.0,1.0
15,185,3.0729380213773734,5.8293937178214135,0.0,0.0,0.0,1.0,1.0,0.0
16,185,10.696732573425605,2.3209597098994315,0.0,0.0,0.0,0.0,1.0,1.0
17,185,10.15643633258223,0.2319986391849602,0.0,0.0,0.0,0.0,1.0,1.0
18,185,5.162129010014771,10.068974469599215,0.0,1.0,0.0,0.0,0.0,1.0
19,185,5.010265110613026,0.2795177284097229,0.0,1.0,0.0,0.0,1.0,0.0
0,190,0.0,0.7378678537824441,0.0,0.0,1.0,1.0,1.0,0.0
1,190,1.2048762297391555,10.750158342985,0.0,0.0,1.0,0.0,0.0,0.0
2,190,8.797663105683782,5.254825640004455,1.0,0.0,0.0,1.0,1.0,1.0
3,190,0.0093002260889461,5.19630450798706,0.0,0.0,0.0,0.0,1.0,1.0
4,190,4.891706858406791,2.847668230718042,1.0,0.0,1.0,0.0,1.0,1.0
5,190,5.241632007998216,3.2182126754776994,0.0,1.0,0.0,0.0,0.0,0.0
6,190,9.93118276852296,8.085874163861726,0.0,1.0,0.0,1.0,1.0,0.0
7,190,11.611226397118978,12.0,0.0,1.0,0.0,1.0,0.0,0.0
8,190,11.112675415962505,6.447616776117789,0.0,0.0,0.0,1.0,0.0,0.0
9,190,0.3045399836380766,9.710205459736946,1.0,0.0,1.0,0.0,0.0,1.0
10,190,5.387365536606174,5.175931440462152,1.0,0.0,0.0,0.0,1.0,1.0
11,190,10.255967891114404,5.448142923068816,1.0,0.0,1.0,0.0,0.0,1.0
12,190,8.19521149689552,9.319699323437003,0.0,0.0,1.0,1.0,0.0,0.0
13,190,0.0,2.3285675612465275,0.0,0.0,1.0,0.0,0.0,0.0
14,190,10.994828287049865,3.79848768526967,1.0,1.0,1.0,0.0,0.0,1.0
15,190,3.0429687973491206,5.989560688492002,0.0,0.0,0.0,1.0,1.0,0.0
16,190,10.682491244355406,2.3392824849414176,0.0,0.0,0.0,0.0,1.0,1.0
17,190,10.024927122789148,0.1266651124861893,0.0,0.0,0.0,0.0,1.0,1.0
18,190,5.222775466281789,10.120569981878614,0.0,1.0,0.0,0.0,0.0,1.0
19,190,5.03746796083316,0.2437153192343345,0.0,1.0,0.0,0.0,1.0,0.0
0,195,0.0,0.6934359233024616,0.0,0.0,1.0,1.0,1.0,0.0
1,195,1.2061270301227582,10.74979954823998,0.0,0.0,1.0,0.0,0.0,0.0
2,195,8.769623663596594,5.33975205376264,1.0,0.0,0.0,1.0,1.0,1.0
3,195,0.0,5.228495173714993,0.0,0.0,0.0,0.0,1.0,1.0
4,195,4.7473641600292815,2.8683345785665546,1.0,0.0,1.0,0.0,1.0,1.0
5,195,5.220907981515591,3.215968731893596,0.0,1.0,0.0,0.0,0.0,0.0
6,195,9.817338904709628,8.094571597073728,0.0,1.0,0.0,1.0,1.0,0.0
7,195,11.6157690540396,12.0,0.0,1.0,0.0,1.0,0.0,0.0
8,195,11.104490509995406,6.335484957439227,0.0,0.0,0.0,1.0,0.0,0.0
9,195,0.2684023602514501,9.710691151864284,1.0,0.0,1.0,0.0,0.0,1.0
10,195,5.356277511670036,5.1981679050533405,1.0,0.0,0.0,0.0,1.0,1.0
11,195,10.225308406884208,5.299502706366571,1.0,0.0,1.0,0.0,0.0,1.0
12,195,8.32769634371839,9.207047220461211,0.0,0.0,1.0,1.0,0.0,0.0
13,195,0.0,2.3249628046313617,0.0,0.0,1.0,0.0,0.0,0.0
14,195,11.032835685391918,3.884793399258247,1.0,1.0,1.0,0.0,0.0,1.0
15,195,3.0164879026770066,6.129257839273116,0.0,0.0,0.0,1.0,1.0,0.0
16,195,10.670344511969628,2.3544293970495915,0.0,0.0,0.0,0.0,1.0,1.0
17,195,9.906153128407077,0.0342160465669379,0.0,0.0,0.0,0.0,1.0,1.0
18,195,5.2779780665504825,10.165331076488773,0.0,1.0,0.0,0.0,0.0,1.0
19,195,5.06232681139496,0.2125555134761376,0.0,1.0,0.0,0.0,1.0,0.0
0,200,0.0,0.652292728808599,0.0,0.0,1.0,1.0,1.0,0.0
1,200,1.1868185436129626,10.755166462311674,0.0,0.0,1.0,0.0,0.0,0.0
2,200,8.745787885510675,5.421844443926248,1.0,0.0,0.0,1.0,1.0,1.0
3,200,0.0,5.263823981774295,0.0,0.0,0.0,0.0,1.0,1.0
4,200,4.620404727402616,2.887008498234953,1.0,0.0,1.0,0.0,1.0,1.0
5,200,5.183923186675756,3.2113965752666886,0.0,1.0,0.0,0.0,0.0,0.0
6,200,9.731152647217144,8.096909135233211,0.0,1.0,0.0,1.0,1.0,0.0
7,200,11.602095778372252,11.983744100746916,0.0,1.0,0.0,1.0,0.0,0.0
8,200,11.097177824725986,6.234220570227666,0.0,0.0,0.0,1.0,0.0,0.0
9,200,0.2295004544617622,9.712242127402254,1.0,0.0,1.0,0.0,0.0,1.0
10,200,5.325581894320273,5.2196934526650525,1.0,0.0,0.0,0.0,1.0,1.0
11,200,10.197317471397495,5.150689323150029,1.0,0.0,1.0,0.0,0.0,1.0
12,200,8.463998786897797,9.095315328799831,0.0,0.0,1.0,1.0,0.0,0.0
13,200,0.0,2.320477687481852,0.0,0.0,1.0,0.0,0.0,0.0
14,200,11.071014392174384,3.980307998546888,1.0,1.0,1.0,0.0,0.0,1.0
15,200,2.9891191757486806,6.288160678882153,0.0,0.0,0.0,1.0,1.0,0.0
16,200,10.668204146297027,2.357133195655184,0.0,0.0,0.0,0.0,1.0,1.0
17,200,9.785986499988452,0.0,0.0,0.0,0.0,0.0,1.0,1.0
18,200,5.330804863740695,10.208600200366472,0.0,1.0,0.0,0.0,0.0,1.0
19,200,5.095372318080257,0.1719432495206664,0.0,1.0,0.0,0.0,1.0,0.0
0,205,0.0,0.6107478830421439,0.0,0.0,1.0,1.0,1.0,0.0
1,205,1.160567682019701,10.762574564669126,0.0,0.0,1.0,0.0,0.0,0.0
2,205,8.712631873004268,5.520531148670582,1.0,0.0,0.0,1.0,1.0,1.0
3,205,0.0,5.30371404354388,0.0,0.0,0.0,0.0,1.0,1.0
4,205,4.504212787572852,2.9004836432909724,1.0,0.0,1.0,0.0,1.0,1.0
5,205,5.161031881965114,3.2083941163758807,0.0,1.0,0.0,0.0,0.0,0.0
6,205,9.668873815957552,8.09870788955575,0.0,1.0,0.0,1.0,1.0,0.0
7,205,11.5970529789065,11.977655999825714,0.0,1.0,0.0,1.0,0.0,0.0
8,205,11.092334450276091,6.158142105107308,0.0,0.0,0.0,1.0,0.0,0.0
9,205,0.1849926042467331,9.71448431933136,1.0,0.0,1.0,0.0,0.0,1.0
10,205,5.279916578919001,5.25285746756726,1.0,0.0,0.0,0.0,1.0,1.0
11,205,10.17419099984843,5.0017199355840525,1.0,0.0,1.0,0.0,0.0,1.0
12,205,8.597262147899258,8.98505382228873,0.0,0.0,1.0,1.0,0.0,0.0
13,205,0.0,2.318608659040648,0.0,0.0,1.0,0.0,0.0,0.0
14,205,11.108864524132256,4.0711100258553286,1.0,1.0,1.0,0.0,0.0,1.0
15,205,2.959204951420283,6.456394031850572,0.0,0.0,0.0,1.0,1.0,0.0
16,205,10.664380015782465,2.36203532659374,0.0,0.0,0.0,0.0,1.0,1.0
17,205,9.66285296258116,0.0,0.0,0.0,0.0,0.0,1.0,1.0
18,205,5.377599527614226,10.245827453048154,0.0,1.0,0.0,0.0,0.0,1.0
19,205,5.1358761142762654,0.1235736182227658,0.0,1.0,0.0,0.0,1.0,0.0
0,210,0.0,0.5672692117075515,0.0,0.0,1.0,1.0,1.0,0.0
1,210,1.1283395021683895,10.77153817193966,0.0,0.0,1.0,0.0,0.0,0.0
2,210,8.681532183312367,5.612444577232626,1.0,0.0,0.0,1.0,1.0,1.0
3,210,0.0,5.334587870790443,0.0,0.0,0.0,0.0,1.0,1.0
4,210,4.390062000235632,2.9093426367761546,1.0,0.0,1.0,0.0,1.0,1.0
5,210,5.139807299486276,3.2049759123569808,0.0,1.0,0.0,0.0,0.0,0.0
6,210,9.583674109539116,8.104099163203779,0.0,1.0,0.0,1.0,1.0,0.0
7,210,11.602921183544234,11.984356700693729,0.0,1.0,0.0,1.0,0.0,0.0
8,210,11.087915582071265,6.078167476285271,0.0,0.0,0.0,1.0,0.0,0.0
9,210,0.1554217060360826,9.715014912462577,1.0,0.0,1.0,0.0,0.0,1.0
10,210,5.223310015596447,5.293396274642834,1.0,0.0,0.0,0.0,1.0,1.0
11,210,10.151993158126086,4.866060944999048,1.0,0.0,1.0,0.0,0.0,1.0
12,210,8.731955558954073,8.88051092608769,0.0,0.0,1.0,1.0,0.0,0.0
13,210,0.0,2.320721890147953,0.0,0.0,1.0,0.0,0.0,0.0
14,210,11.150718773817502,4.172450761077996,1.0,1.0,1.0,0.0,0.0,1.0
15,210,2.934918556166593,6.614419627816409,0.0,0.0,0.0,1.0,1.0,0.0
16,210,10.67163078184691,2.3527886484754217,0.0,0.0,0.0,0.0,1.0,1.0
17,210,9.555597315606322,0.0,0.0,0.0,0.0,0.0,1.0,1.0
18,210,5.4260679107011285,10.284646945555254,0.0,1.0,0.0,0.0,0.0,1.0
19,210,5.169130481273191,0.0832942117112201,0.0,1.0,0.0,0.0,1.0,0.0
0,215,0.0,0.5268963533112881,0.0,0.0,1.0,1.0,1.0,0.0
1,215,1.0794386883795437,10.78491862878414,0.0,0.0,1.0,0.0,0.0,0.0
2,215,8.640654343668176,5.734388843433431,1.0,0.0,0.0,1.0,1.0,1.0
3,215,0.0,5.361222057880298,0.0,0.0,0.0,0.0,1.0,1.0
4,215,4.266032648722397,2.920265901833727,1.0,0.0,1.0,0.0,1.0,1.0
5,215,5.107419498307597,3.199858560969956,0.0,1.0,0.0,0.0,0.0,0.0
6,215,9.508759661050366,8.110030224896182,0.0,1.0,0.0,1.0,1.0,0.0
7,215,11.611950536091229,11.995262261513654,0.0,1.0,0.0,1.0,0.0,0.0
8,215,11.084823659855386,6.012702114657601,0.0,0.0,0.0,1.0,0.0,0.0
9,215,0.134774103774485,9.715337376972268,1.0,0.0,1.0,0.0,0.0,1.0
10,215,5.145767948105936,5.348160622266193,1.0,0.0,0.0,0.0,1.0,1.0
11,215,10.132323057141658,4.741098078347436,1.0,0.0,1.0,0.0,0.0,1.0
12,215,8.865811455131734,8.773896300697675,0.0,0.0,1.0,1.0,0.0,0.0
13,215,0.0,2.321629452202122,0.0,0.0,1.0,0.0,0.0,0.0
14,215,11.198732186024422,4.2840972742220105,1.0,1.0,1.0,0.0,0.0,1.0
15,215,2.9082769596447404,6.761917870361081,0.0,0.0,0.0,1.0,1.0,0.0
16,215,10.689408964434165,2.3298115953744905,0.0,0.0,0.0,0.0,1.0,1.0
17,215,9.453525463778298,0.0,0.0,0.0,0.0,0.0,1.0,1.0
18,215,5.486488089354513,10.334263614126373,0.0,1.0,0.0,0.0,0.0,1.0
19,215,5.202967382100602,0.0440502495399626,0.0,1.0,0.0,0.0,1.0,0.0
0,220,0.0,0.4875216561964247,0.0,0.0,1.0,1.0,1.0,0.0
1,220,1.05089316374766,10.792601291213632,0.0,0.0,1.0,0.0,0.0,0.0
2,220,8.600790140430684,5.859898963893949,1.0,0.0,0.0,1.0,1.0,1.0
3,220,0.0,5.391457341242183,0.0,0.0,0.0,0.0,1.0,1.0
4,220,4.16510505692576,2.9293944832821053,1.0,0.0,1.0,0.0,1.0,1.0
5,220,5.080713325825397,3.1958341953681484,0.0,1.0,0.0,0.0,0.0,0.0
6,220,9.416151458407349,8.115303174771382,0.0,1.0,0.0,1.0,1.0,0.0
7,220,11.60454333526665,11.986393589512376,0.0,1.0,0.0,1.0,0.0,0.0
8,220,11.080793469634594,5.933167487829585,0.0,0.0,0.0,1.0,0.0,0.0
9,220,0.1026182990565704,9.714963225569536,1.0,0.0,1.0,0.0,0.0,1.0
10,220,5.046447999104069,5.419949473852305,1.0,0.0,0.0,0.0,1.0,1.0
11,220,10.116618243612866,4.62367247667736,1.0,0.0,1.0,0.0,0.0,1.0
12,220,9.007891416977522,8.662256524579671,0.0,0.0,1.0,1.0,0.0,0.0
13,220,0.0,2.3200521674164527,0.0,0.0,1.0,0.0,0.0,0.0
14,220,11.240968134930428,4.384974152001055,1.0,1.0,1.0,0.0,0.0,1.0
15,220,2.8831151030130213,6.916512782616251,0.0,0.0,0.0,1.0,1.0,0.0
16,220,10.697806053769824,2.3190693651392893,0.0,0.0,0.0,0.0,1.0,1.0
17,220,9.35836157668004,0.0,0.0,0.0,0.0,0.0,1.0,1.0
18,220,5.543060780165385,10.38158892551428,0.0,1.0,0.0,0.0,0.0,1.0
19,220,5.241597130445493,0.0016097204091997,0.0,1.0,0.0,0.0,1.0,0.0
0,225,0.0,0.4575729142977336,0.0,0.0,1.0,1.0,1.0,0.0
1,225,1.0417006648756486,10.795257673642846,0.0,0.0,1.0,0.0,0.0,0.0
2,225,8.55527232552279,6.003888038440122,1.0,0.0,0.0,1.0,1.0,1.0
3,225,0.0,5.428529386640816,0.0,0.0,0.0,0.0,1.0,1.0
4,225,4.078110263432294,2.938626648457537,1.0,0.0,1.0,0.0,1.0,1.0
5,225,5.028607444663058,3.187669803836495,0.0,1.0,0.0,0.0,0.0,0.0
6,225,9.323244954609118,8.12135416506026,0.0,1.0,0.0,1.0,1.0,0.0
7,225,11.604234303721828,11.986023675283954,0.0,1.0,0.0,1.0,0.0,0.0
8,225,11.076005157051757,5.847944220446572,0.0,0.0,0.0,1.0,0.0,0.0
9,225,0.0745096970467121,9.714704527516009,1.0,0.0,1.0,0.0,0.0,1.0
10,225,4.92302386711888,5.504338982330548,1.0,0.0,0.0,0.0,1.0,1.0
11,225,10.10201415326976,4.530901223512708,1.0,0.0,1.0,0.0,0.0,1.0
12,225,9.138649847239634,8.561129682501422,0.0,0.0,1.0,1.0,0.0,0.0
13,225,0.0,2.3184125353916523,0.0,0.0,1.0,0.0,0.0,0.0
14,225,11.281087894745225,4.492490635230571,1.0,1.0,1.0,0.0,0.0,1.0
15,225,2.8595017295011704,7.075355726948283,0.0,0.0,0.0,1.0,1.0,0.0
16,225,10.701729512811234,2.3135718637592584,0.0,0.0,0.0,0.0,1.0,1.0
17,225,9.278966838395164,0.0,0.0,0.0,0.0,0.0,1.0,1.0
18,225,5.599171459613981,10.428337023591736,0.0,1.0,0.0,0.0,0.0,1.0
19,225,5.280535200759423,0.0,0.0,1.0,0.0,0.0,1.0,0.0
0,230,0.0,0.4244717302237977,0.0,0.0,1.0,1.0,1.0,0.0
1,230,1.0343760294751423,10.797508628914883,0.0,0.0,1.0,0.0,0.0,0.0
2,230,8.513869350250737,6.143232997215887,1.0,0.0,0.0,1.0,1.0,1.0
3,230,0.0,5.479306272691785,0.0,0.0,0.0,0.0,1.0,1.0
4,230,3.995515607971245,2.94766256779527,1.0,0.0,1.0,0.0,1.0,1.0
5,230,4.969056247694587,3.178683538814981,0.0,1.0,0.0,0.0,0.0,0.0
6,230,9.238815220275672,8.126070147682658,0.0,1.0,0.0,1.0,1.0,0.0
7,230,11.622527534301607,12.0,0.0,1.0,0.0,1.0,0.0,0.0
8,230,11.07223399098148,5.7766438154025215,0.0,0.0,0.0,1.0,0.0,0.0
9,230,0.0348957022840327,9.714324321063122,1.0,0.0,1.0,0.0,0.0,1.0
10,230,4.775773379495943,5.60056355196693,1.0,0.0,0.0,0.0,1.0,1.0
11,230,10.084981125796851,4.433033854065729,1.0,0.0,1.0,0.0,0.0,1.0
12,230,9.26568719842053,8.466881336895176,0.0,0.0,1.0,1.0,0.0,0.0
13,230,0.0,2.316773814054402,0.0,0.0,1.0,0.0,0.0,0.0
14,230,11.31913744727446,4.591503261017209,1.0,1.0,1.0,0.0,0.0,1.0
15,230,2.832139243867133,7.238461181594877,0.0,0.0,0.0,1.0,1.0,0.0
16,230,10.70371936978541,2.3108670384245658,0.0,0.0,0.0,0.0,1.0,1.0
17,230,9.199243656986916,0.0,0.0,0.0,0.0,0.0,1.0,1.0
18,230,5.639184756703073,10.462647760973294,0.0,1.0,0.0,0.0,0.0,1.0
19,230,5.309703498489238,0.0,0.0,1.0,0.0,0.0,1.0,0.0
0,235,0.0,0.3983338737303225,0.0,0.0,1.0,1.0,1.0,0.0
1,235,1.041858472260554,10.795359660649773,0.0,0.0,1.0,0.0,0.0,0.0
2,235,8.462895683455358,6.300437385112399,1.0,0.0,0.0,1.0,1.0,1.0
3,235,0.0,5.541632505736347,0.0,0.0,0.0,0.0,1.0,1.0
4,235,3.917380583335431,2.9565576248867127,1.0,0.0,1.0,0.0,1.0,1.0
5,235,4.91358920442338,3.1705922827845856,0.0,1.0,0.0,0.0,0.0,0.0
6,235,9.150700441716472,8.131308929611777,0.0,1.0,0.0,1.0,1.0,0.0
7,235,11.636171222213346,12.0,0.0,1.0,0.0,1.0,0.0,0.0
8,235,11.068799093656846,5.706707578080909,0.0,0.0,0.0,1.0,0.0,0.0
9,235,0.0161592884239746,9.71423091811972,1.0,0.0,1.0,0.0,0.0,1.0
10,235,4.610067647776788,5.710074909557529,1.0,0.0,0.0,0.0,1.0,1.0
11,235,10.07006612177992,4.315292900413552,1.0,0.0,1.0,0.0,0.0,1.0
12,235,9.41477917444072,8.360768534030154,0.0,0.0,1.0,1.0,0.0,0.0
13,235,0.0,2.3140372342290325,0.0,0.0,1.0,0.0,0.0,0.0
14,235,11.355988156370938,4.687093587595444,1.0,1.0,1.0,0.0,0.0,1.0
15,235,2.80640861487084,7.428118558400259,0.0,0.0,0.0,1.0,1.0,0.0
16,235,10.68884787610434,2.331003247038012,0.0,0.0,0.0,0.0,1.0,1.0
17,235,9.110665943485545,0.0,0.0,0.0,0.0,0.0,1.0,1.0
18,235,5.668356856882716,10.487314805303358,0.0,1.0,0.0,0.0,0.0,1.0
19,235,5.34305340531518,0.0,0.0,1.0,0.0,0.0,1.0,0.0
0,240,0.0,0.3597467187013501,0.0,0.0,1.0,1.0,1.0,0.0
1,240,1.0464153307117925,10.79398692430113,0.0,0.0,1.0,0.0,0.0,0.0
2,240,8.400750616489022,6.477909471627009,1.0,0.0,0.0,1.0,1.0,1.0
3,240,0.0,5.603938087033453,0.0,0.0,0.0,0.0,1.0,1.0
4,240,3.8506598468278,2.964511207504971,1.0,0.0,1.0,0.0,1.0,1.0
5,240,4.875562387305423,3.1653877773261967,0.0,1.0,0.0,0.0,0.0,0.0
6,240,9.070908130127403,8.136318330982027,0.0,1.0,0.0,1.0,1.0,0.0
7,240,11.666092850525766,12.0,0.0,1.0,0.0,1.0,0.0,0.0
8,240,11.06654680583842,5.620123937493346,0.0,0.0,0.0,1.0,0.0,0.0
9,240,0.0,9.713001574294577,1.0,0.0,1.0,0.0,0.0,1.0
10,240,4.440283988964836,5.825192324472557,1.0,0.0,0.0,0.0,1.0,1.0
11,240,10.054541065395648,4.192355349091394,1.0,0.0,1.0,0.0,0.0,1.0
12,240,9.573940046097954,8.254467845032785,0.0,0.0,1.0,1.0,0.0,0.0
13,240,0.0,2.31123363377766,0.0,0.0,1.0,0.0,0.0,0.0
14,240,11.399367780886488,4.804312913311746,1.0,1.0,1.0,0.0,0.0,1.0
15,240,2.782614997592477,7.615820852455664,0.0,0.0,0.0,1.0,1.0,0.0
16,240,10.663856398735442,2.363483268993951,0.0,0.0,0.0,0.0,1.0,1.0
17,240,9.033781237605496,0.0,0.0,0.0,0.0,0.0,1.0,1.0
18,240,5.690672533539015,10.50539121046072,0.0,1.0,0.0,0.0,0.0,1.0
19,240,5.287094208638871,0.0,0.0,1.0,0.0,0.0,1.0,0.0
0,245,0.0,0.3220768345992573,0.0,0.0,1.0,1.0,1.0,0.0
1,245,1.034087031513298,10.79768999089353,0.0,0.0,1.0,0.0,0.0,0.0
2,245,8.337920477263474,6.658972922590696,1.0,0.0,0.0,1.0,1.0,1.0
3,245,0.0,5.662225064890292,0.0,0.0,0.0,0.0,1.0,1.0
4,245,3.79850817712012,2.970646950747679,1.0,0.0,1.0,0.0,1.0,1.0
5,245,4.842307386532354,3.161305246188641,0.0,1.0,0.0,0.0,0.0,0.0
6,245,8.977636647469124,8.139462138440292,0.0,1.0,0.0,1.0,1.0,0.0
7,245,11.690152518832862,12.0,0.0,1.0,0.0,1.0,0.0,0.0
8,245,11.06336004705762,5.550780303668565,0.0,0.0,0.0,1.0,0.0,0.0
9,245,0.0,9.711815376357546,1.0,0.0,1.0,0.0,0.0,1.0
10,245,4.277568687482277,5.930544019899258,1.0,0.0,0.0,0.0,1.0,1.0
11,245,10.042813829932337,4.081836921193544,1.0,0.0,1.0,0.0,0.0,1.0
12,245,9.740474166405884,8.140590472067014,0.0,0.0,1.0,1.0,0.0,0.0
13,245,0.0,2.306575807297967,0.0,0.0,1.0,0.0,0.0,0.0
14,245,11.449671413332192,4.931022821168458,1.0,1.0,1.0,0.0,0.0,1.0
15,245,2.758326476201743,7.798007744573539,0.0,0.0,0.0,1.0,1.0,0.0
16,245,10.645924063280958,2.385984477789955,0.0,0.0,0.0,0.0,1.0,1.0
17,245,8.95056071787631,0.0,0.0,0.0,0.0,0.0,1.0,1.0
18,245,5.705778671692547,10.517949827672828,0.0,1.0,0.0,0.0,0.0,1.0
19,245,5.243767177381625,0.0518602803419363,0.0,1.0,0.0,0.0,1.0,0.0
0,250,0.0,0.2773590791020112,0.0,0.0,1.0,1.0,1.0,0.0
1,250,1.0308357212603536,10.798666003018967,0.0,0.0,1.0,0.0,0.0,0.0
2,250,8.277961317595706,6.815665050562553,1.0,0.0,0.0,1.0,1.0,1.0
3,250,0.0,5.712430281476816,0.0,0.0,0.0,0.0,1.0,1.0
4,250,3.7640468089400736,2.975453058513469,1.0,0.0,1.0,0.0,1.0,1.0
5,250,4.800095054785152,3.15525957461996,0.0,1.0,0.0,0.0,0.0,0.0
6,250,8.891010933389857,8.146648237176192,0.0,1.0,0.0,1.0,1.0,0.0
7,250,11.706782734246175,12.0,0.0,1.0,0.0,1.0,0.0,0.0
8,250,11.059742291535285,5.480000193936414,0.0,0.0,0.0,1.0,0.0,0.0
9,250,0.0,9.711597158668653,1.0,0.0,1.0,0.0,0.0,1.0
10,250,4.129509771361283,6.029195116980026,1.0,0.0,0.0,0.0,1.0,1.0
11,250,10.026863125713865,3.948967375273911,1.0,0.0,1.0,0.0,0.0,1.0
12,250,9.92797714417645,8.007963526518585,0.0,0.0,1.0,1.0,0.0,0.0
13,250,0.0,2.3019185309856827,0.0,0.0,1.0,0.0,0.0,0.0
14,250,11.50679898119609,5.061561131442653,1.0,1.0,1.0,0.0,0.0,1.0
15,250,2.7465312018490646,7.975874513789127,0.0,0.0,0.0,1.0,1.0,0.0
16,250,10.62733573032536,2.409101269409226,0.0,0.0,0.0,0.0,1.0,1.0
17,250,8.869852147483767,0.0,0.0,0.0,0.0,0.0,1.0,1.0
18,250,5.71385098492141,10.52486164944916,0.0,1.0,0.0,0.0,0.0,1.0
19,250,5.204036002520757,0.0997392572558557,0.0,1.0,0.0,0.0,1.0,0.0
0,255,0.0,0.2324979096380604,0.0,0.0,1.0,1.0,1.0,0.0
1,255,1.0232447572347818,10.801141782997124,0.0,0.0,1.0,0.0,0.0,0.0
2,255,8.224235180199887,6.959297836621877,1.0,0.0,0.0,1.0,1.0,1.0
3,255,0.0,5.760698514220629,0.0,0.0,0.0,0.0,1.0,1.0
4,255,3.709935292518484,2.982419578195452,1.0,0.0,1.0,0.0,1.0,1.0
5,255,4.792371630654822,3.154021720972899,0.0,1.0,0.0,0.0,0.0,0.0
6,255,8.812335420755222,8.152381421391881,0.0,1.0,0.0,1.0,1.0,0.0
7,255,11.72183760225906,12.0,0.0,1.0,0.0,1.0,0.0,0.0
8,255,11.052851760586591,5.400280434016964,0.0,0.0,0.0,1.0,0.0,0.0
9,255,0.0,9.711373135880129,1.0,0.0,1.0,0.0,0.0,1.0
10,255,4.005678014026272,6.116719395951385,1.0,0.0,0.0,0.0,1.0,1.0
11,255,10.011148714090922,3.819611398213744,1.0,0.0,1.0,0.0,0.0,1.0
12,255,10.109074202418958,7.879938731659141,0.0,0.0,1.0,1.0,0.0,0.0
13,255,0.0,2.297611120077321,0.0,0.0,1.0,0.0,0.0,0.0
14,255,11.565889717216075,5.18551321342257,1.0,1.0,1.0,0.0,0.0,1.0
15,255,2.732671990628944,8.142746263444794,0.0,0.0,0.0,1.0,1.0,0.0
16,255,10.608715530553296,2.431297387413537,0.0,0.0,0.0,0.0,1.0,1.0
17,255,8.788186092284032,0.0,0.0,0.0,0.0,0.0,1.0,1.0
18,255,5.713966185748888,10.524956916411496,0.0,1.0,0.0,0.0,0.0,1.0
19,255,5.168877278855741,0.1426610084500102,0.0,1.0,0.0,0.0,1.0,0.0
0,260,0.0,0.1902350299337869,0.0,0.0,1.0,1.0,1.0,0.0
1,260,1.009282264854827,10.805503346343883,0.0,0.0,1.0,0.0,0.0,0.0
2,260,8.17295312125711,7.106877940942196,1.0,0.0,0.0,1.0,1.0,1.0
3,260,0.0,5.816024588052892,0.0,0.0,0.0,0.0,1.0,1.0
4,260,3.6642722867593305,2.988190986974524,1.0,0.0,1.0,0.0,1.0,1.0
5,260,4.779570123887527,3.152459597629896,0.0,1.0,0.0,0.0,0.0,0.0
6,260,8.731716939806022,8.160795759279694,0.0,1.0,0.0,1.0,1.0,0.0
7,260,11.730481951345803,12.0,0.0,1.0,0.0,1.0,0.0,0.0
8,260,11.04632609134203,5.326005607049232,0.0,0.0,0.0,1.0,0.0,0.0
9,260,0.0,9.71126849990982,1.0,0.0,1.0,0.0,0.0,1.0
10,260,3.88341637565873,6.204858153118904,1.0,0.0,0.0,0.0,1.0,1.0
11,260,9.998622483298757,3.695766226148992,1.0,0.0,1.0,0.0,0.0,1.0
12,260,10.294797340315196,7.750208494868189,0.0,0.0,1.0,1.0,0.0,0.0
13,260,0.0,2.2928348765881403,0.0,0.0,1.0,0.0,0.0,0.0
14,260,11.625164849581846,5.315417017498757,1.0,1.0,1.0,0.0,0.0,1.0
15,260,2.722936962606956,8.312135294152062,0.0,0.0,0.0,1.0,1.0,0.0
16,260,10.58403647468083,2.4594226769578253,0.0,0.0,0.0,0.0,1.0,1.0
17,260,8.710077114412096,0.0,0.0,0.0,0.0,0.0,1.0,1.0
18,260,5.730740629552114,10.538895073647014,0.0,1.0,0.0,0.0,0.0,1.0
19,260,5.134750433973017,0.1835742280261671,0.0,1.0,0.0,0.0,1.0,0.0
0,265,0.0,0.142502601593611,0.0,0.0,1.0,1.0,1.0,0.0
1,265,0.9745763663141148,10.816972424819951,0.0,0.0,1.0,0.0,0.0,0.0
2,265,8.127252995367977,7.236814481991782,1.0,0.0,0.0,1.0,1.0,1.0
3,265,0.0,5.861455327069677,0.0,0.0,0.0,0.0,1.0,1.0
4,265,3.63622977381608,2.9914350900907016,1.0,0.0,1.0,0.0,1.0,1.0
5,265,4.769361849984708,3.151268405455992,0.0,1.0,0.0,0.0,0.0,0.0
6,265,8.662920681836903,8.168542197550966,0.0,1.0,0.0,1.0,1.0,0.0
7,265,11.733997202902296,12.0,0.0,1.0,0.0,1.0,0.0,0.0
8,265,11.041678788906266,5.277808739507642,0.0,0.0,0.0,1.0,0.0,0.0
9,265,0.0069198926320859,9.711335309783484,1.0,0.0,1.0,0.0,0.0,1.0
10,265,3.772190334239357,6.283613394975059,1.0,0.0,0.0,0.0,1.0,1.0
11,265,9.982072451137023,3.5696544917205766,1.0,0.0,1.0,0.0,0.0,1.0
12,265,10.485804949577222,7.615915916160237,0.0,0.0,1.0,1.0,0.0,0.0
13,265,0.0,2.2866856613481,0.0,0.0,1.0,0.0,0.0,0.0
14,265,11.672498541993518,5.423219656060376,1.0,1.0,1.0,0.0,0.0,1.0
15,265,2.714619548467353,8.472451617453887,0.0,0.0,0.0,1.0,1.0,0.0
16,265,10.572183774191918,2.4741537538395333,0.0,0.0,0.0,0.0,1.0,1.0
17,265,8.654806360998107,0.0,0.0,0.0,0.0,0.0,1.0,1.0
18,265,5.741516544047047,10.54782222597064,0.0,1.0,0.0,0.0,0.0,1.0
19,265,5.119549424817781,0.2044941923215618,0.0,1.0,0.0,0.0,1.0,0.0
0,270,0.0,0.092002699119314,0.0,0.0,1.0,1.0,1.0,0.0
1,270,0.9465403182248652,10.826223233310234,0.0,0.0,1.0,0.0,0.0,0.0
2,270,8.074250748381099,7.374947616193991,1.0,0.0,0.0,1.0,1.0,1.0
3,270,0.0,5.908474519707937,0.0,0.0,0.0,0.0,1.0,1.0
4,270,3.636230919273107,2.9914349506485105,1.0,0.0,1.0,0.0,1.0,1.0
5,270,4.7629533231608185,3.150682508433252,0.0,1.0,0.0,0.0,0.0,0.0
6,270,8.583708956785475,8.176042434098248,0.0,1.0,0.0,1.0,1.0,0.0
7,270,11.738521993926051,12.0,0.0,1.0,0.0,1.0,0.0,0.0
8,270,11.035924390641656,5.21702474216243,0.0,0.0,0.0,1.0,0.0,0.0
9,270,0.0,9.711256317010369,1.0,0.0,1.0,0.0,0.0,1.0
10,270,3.63941214690417,6.376710413999859,1.0,0.0,0.0,0.0,1.0,1.0
11,270,9.961211412106612,3.442051494323593,1.0,0.0,1.0,0.0,0.0,1.0
12,270,10.667926595846705,7.490933270737854,0.0,0.0,1.0,1.0,0.0,0.0
13,270,0.0,2.2795705255139413,0.0,0.0,1.0,0.0,0.0,0.0
14,270,11.713554999537534,5.509361912773617,1.0,1.0,1.0,0.0,0.0,1.0
15,270,2.706553174836304,8.59792978856867,0.0,0.0,0.0,1.0,1.0,0.0
16,270,10.56584841332032,2.4821335472773445,0.0,0.0,0.0,0.0,1.0,1.0
17,270,8.604609129899464,0.0,0.0,0.0,0.0,0.0,1.0,1.0
18,270,5.7380215264484535,10.544815222608651,0.0,1.0,0.0,0.0,0.0,1.0
19,270,5.100816924738112,0.2300567522534289,0.0,1.0,0.0,0.0,1.0,0.0
0,275,0.0,0.0401014126251721,0.0,0.0,1.0,1.0,1.0,0.0
1,275,0.9165264137892754,10.83612408807795,0.0,0.0,1.0,0.0,0.0,0.0
2,275,8.021205025406463,7.52135533351418,1.0,0.0,0.0,1.0,1.0,1.0
3,275,0.0,5.959893970765197,0.0,0.0,0.0,0.0,1.0,1.0
4,275,3.6445179247721127,2.990439968030509,1.0,0.0,1.0,0.0,1.0,1.0
5,275,4.753499730234657,3.149871835067495,0.0,1.0,0.0,0.0,0.0,0.0
6,275,8.504577902930613,8.183325355252935,0.0,1.0,0.0,1.0,1.0,0.0
7,275,11.73140649332978,11.99246332910384,0.0,1.0,0.0,1.0,0.0,0.0
8,275,11.032955152377625,5.18166679055508,0.0,0.0,0.0,1.0,0.0,0.0
9,275,0.0,9.710891098877465,1.0,0.0,1.0,0.0,0.0,1.0
10,275,3.507504318115488,6.466246661046618,1.0,0.0,0.0,0.0,1.0,1.0
11,275,9.93782248288218,3.30979466398257,1.0,0.0,1.0,0.0,0.0,1.0
12,275,10.82631548445192,7.380089208359382,0.0,0.0,1.0,1.0,0.0,0.0
13,275,0.0,2.272293666497081,0.0,0.0,1.0,0.0,0.0,0.0
14,275,11.756487050995377,5.600139988661959,1.0,1.0,1.0,0.0,0.0,1.0
15,275,2.6970681932847747,8.740491009424208,0.0,0.0,0.0,1.0,1.0,0.0
16,275,10.547164896537913,2.506251804964597,0.0,0.0,0.0,0.0,1.0,1.0
17,275,8.555517464413427,0.0,0.0,0.0,0.0,0.0,1.0,1.0
18,275,5.733978350839654,10.541340390194332,0.0,1.0,0.0,0.0,0.0,1.0
19,275,5.080437898488105,0.2592520674471357,0.0,1.0,0.0,0.0,1.0,0.0
0,280,0.0,0.0,0.0,0.0,1.0,1.0,1.0,0.0
1,280,0.8867052821550163,10.845928153442207,0.0,0.0,1.0,0.0,0.0,0.0
2,280,7.97064998069034,7.656349906026961,1.0,0.0,0.0,1.0,1.0,1.0
3,280,0.0,6.0058566932621575,0.0,0.0,0.0,0.0,1.0,1.0
4,280,3.667931844612349,2.987829163226234,1.0,0.0,1.0,0.0,1.0,1.0
5,280,4.751939875033468,3.1497095277117246,0.0,1.0,0.0,0.0,0.0,0.0
6,280,8.425079366266928,8.188201198565515,0.0,1.0,0.0,1.0,1.0,0.0
7,280,11.714905399813537,11.97566179673423,0.0,1.0,0.0,1.0,0.0,0.0
8,280,11.031544804728648,5.1619503740831565,0.0,0.0,0.0,1.0,0.0,0.0
9,280,0.0,9.710093180015498,1.0,0.0,1.0,0.0,0.0,1.0
10,280,3.3973401362749587,6.545244245993303,1.0,0.0,0.0,0.0,1.0,1.0
11,280,9.917815354220044,3.20543148222817,1.0,0.0,1.0,0.0,0.0,1.0
12,280,10.976516791180256,7.279267580943856,0.0,0.0,1.0,1.0,0.0,0.0
13,280,0.0,2.266855334480625,0.0,0.0,1.0,0.0,0.0,0.0
14,280,11.796328278537825,5.68168856184974,1.0,1.0,1.0,0.0,0.0,1.0
15,280,2.686730185125102,8.879799248644238,0.0,0.0,0.0,1.0,1.0,0.0
16,280,10.52014503743212,2.539544830569831,0.0,0.0,0.0,0.0,1.0,1.0
17,280,8.508588234242259,0.0528553995527952,0.0,0.0,0.0,0.0,1.0,1.0
18,280,5.748695975407843,10.554092399058224,0.0,1.0,0.0,0.0,0.0,1.0
19,280,5.125009598797922,0.2880408309314175,0.0,1.0,0.0,0.0,1.0,0.0
0,285,0.0,0.0,0.0,0.0,1.0,1.0,1.0,0.0
1,285,0.8698610291849292,10.85119377735253,0.0,0.0,1.0,0.0,0.0,0.0
2,285,7.919896199283201,7.792345690512834,1.0,0.0,0.0,1.0,1.0,1.0
3,285,0.0,6.053940984610257,0.0,0.0,0.0,0.0,1.0,1.0
4,285,3.701320043266673,2.9843399980785383,1.0,0.0,1.0,0.0,1.0,1.0
5,285,4.75696286991427,3.1502454113046463,0.0,1.0,0.0,0.0,0.0,0.0
6,285,8.3576531744009,8.192073884172421,0.0,1.0,0.0,1.0,1.0,0.0
7,285,11.714316224712867,11.975048441846171,0.0,1.0,0.0,1.0,0.0,0.0
8,285,11.02795850076631,5.113541685530772,0.0,0.0,0.0,1.0,0.0,0.0
9,285,0.0,9.709477896863865,1.0,0.0,1.0,0.0,0.0,1.0
10,285,3.265221644026535,6.637331195202685,1.0,0.0,0.0,0.0,1.0,1.0
11,285,9.893777470617612,3.0792150505526568,1.0,0.0,1.0,0.0,0.0,1.0
12,285,10.876880097739932,7.14073891439164,0.0,0.0,1.0,1.0,0.0,0.0
13,285,0.0,2.258173083949583,0.0,0.0,1.0,0.0,0.0,0.0
14,285,11.83871964445628,5.769434999296378,1.0,1.0,1.0,0.0,0.0,1.0
15,285,2.6795580048795187,9.007004241055045,0.0,0.0,0.0,1.0,1.0,0.0
16,285,10.491635313005691,2.5747420023435077,0.0,0.0,0.0,0.0,1.0,1.0
17,285,8.456542995705165,0.1121512729821165,0.0,0.0,0.0,0.0,1.0,1.0
18,285,5.77246745429296,10.574915168929357,0.0,1.0,0.0,0.0,0.0,1.0
19,285,5.180631345759004,0.3224178368917056,0.0,1.0,0.0,0.0,1.0,0.0
0,290,0.0,0.0,0.0,0.0,1.0,1.0,1.0,0.0
1,290,0.8623127971061446,10.85357882646334,0.0,0.0,1.0,0.0,0.0,0.0
2,290,7.865137415130985,7.920386366069362,1.0,0.0,0.0,1.0,1.0,1.0
3,290,0.0,6.106991162054039,0.0,0.0,0.0,0.0,1.0,1.0
4,290,3.738386631451732,2.980213572758446,1.0,0.0,1.0,0.0,1.0,1.0
5,290,4.776287360357247,3.1522838751936284,0.0,1.0,0.0,0.0,0.0,0.0
6,290,8.285201606519465,8.196414917311296,0.0,1.0,0.0,1.0,1.0,0.0
7,290,11.709774342322854,11.970226791547043,0.0,1.0,0.0,1.0,0.0,0.0
8,290,11.023179268570146,5.056651345236577,0.0,0.0,0.0,1.0,0.0,0.0
9,290,0.0,9.709524373291767,1.0,0.0,1.0,0.0,0.0,1.0
10,290,3.142425054867843,6.722193954334522,1.0,0.0,0.0,0.0,1.0,1.0
11,290,9.87663127742494,2.955998256564417,1.0,0.0,1.0,0.0,0.0,1.0
12,290,10.767094547066462,6.994879866191018,0.0,0.0,1.0,1.0,0.0,0.0
13,290,0.0,2.2475063523438856,0.0,0.0,1.0,0.0,0.0,0.0
14,290,11.87961911541979,5.853632480619525,1.0,1.0,1.0,0.0,0.0,1.0
15,290,2.671087965417871,9.125548601935582,0.0,0.0,0.0,1.0,1.0,0.0
16,290,10.524412776760157,2.6014070350514067,0.0,0.0,0.0,0.0,1.0,1.0
17,290,8.392364077265839,0.1814876736021453,0.0,0.0,0.0,0.0,1.0,1.0
18,290,5.805364793548963,10.603249726274544,0.0,1.0,0.0,0.0,0.0,1.0
19,290,5.220488059229052,0.3462146291135042,0.0,1.0,0.0,0.0,1.0,0.0
0,295,0.0,0.0,0.0,0.0,1.0,1.0,1.0,0.0
1,295,0.8490905052428146,10.858059211923356,0.0,0.0,1.0,0.0,0.0,0.0
2,295,7.8097635349547,8.05869823757083,1.0,0.0,0.0,1.0,1.0,1.0
3,295,0.0,6.155499381993256,0.0,0.0,0.0,0.0,1.0,1.0
4,295,3.777604449210932,2.9749996669834644,1.0,0.0,1.0,0.0,1.0,1.0
5,295,4.788685313477425,3.1538832055975097,0.0,1.0,0.0,0.0,0.0,0.0
6,295,8.206333833716776,8.20201208656849,0.0,1.0,0.0,1.0,1.0,0.0
7,295,11.713632968861091,11.97445849374312,0.0,1.0,0.0,1.0,0.0,0.0
8,295,11.020198362313636,5.007137544470875,0.0,0.0,0.0,1.0,0.0,0.0
9,295,0.0,9.708787739099868,1.0,0.0,1.0,0.0,0.0,1.0
10,295,3.0312729093013084,6.799138213279534,1.0,0.0,0.0,0.0,1.0,1.0
11,295,9.855369978001878,2.8185340683485367,1.0,0.0,1.0,0.0,0.0,1.0
12,295,10.658935212688483,6.857098408964564,0.0,0.0,1.0,1.0,0.0,0.0
13,295,0.0,2.233816820164261,0.0,0.0,1.0,0.0,0.0,0.0
14,295,11.92450092773423,5.942522798832367,1.0,1.0,1.0,0.0,0.0,1.0
15,295,2.6615176839623462,9.247806591526386,0.0,0.0,0.0,1.0,1.0,0.0
16,295,10.57390175099234,2.64185511035441,0.0,0.0,0.0,0.0,1.0,1.0
17,295,8.311541345334332,0.2702158313599656,0.0,0.0,0.0,0.0,1.0,1.0
18,295,5.863870087074872,10.652477742426717,0.0,1.0,0.0,0.0,0.0,1.0
19,295,5.244019097917759,0.3606783834792694,0.0,1.0,0.0,0.0,1.0,0.0
