0,0,8.935910248756953,9.03621869833329,0.0,0.0,1.0,1.0,1.0,0.0
1,0,5.968566551704098,11.968410772338796,0.0,0.0,1.0,0.0,0.0,0.0
2,0,11.935309281836592,6.020082028256647,1.0,0.0,0.0,1.0,1.0,1.0
3,0,1.9639698722443584,1.043907960581968,0.0,0.0,0.0,0.0,1.0,1.0
4,0,8.062988369337326,1.0122686876232008,1.0,0.0,1.0,0.0,1.0,1.0
5,0,4.040491635142052,7.961376836854388,0.0,1.0,0.0,0.0,0.0,0.0
6,0,2.009048267387424,6.945090099629115,0.0,1.0,0.0,1.0,1.0,0.0
7,0,2.975642907144724,3.9530439318274255,0.0,1.0,0.0,1.0,0.0,0.0
8,0,2.035987884742545,9.01494463987729,0.0,0.0,0.0,1.0,0.0,0.0
9,0,5.047415523298374,0.994522636064858,1.0,0.0,1.0,0.0,0.0,1.0
10,0,11.02276938904784,11.05298737101343,1.0,0.0,0.0,0.0,1.0,1.0
11,0,10.060605410161555,7.035122815516012,1.0,0.0,1.0,0.0,0.0,1.0
12,0,12.0,10.939480287229134,0.0,0.0,1.0,1.0,0.0,0.0
13,0,6.0421079115558,5.042509290363569,0.0,0.0,1.0,0.0,0.0,0.0
14,0,8.938035329805771,10.039533081847926,1.0,1.0,1.0,0.0,0.0,1.0
15,0,2.9909915018491886,0.9425842094654262,0.0,0.0,0.0,1.0,1.0,0.0
16,0,5.961843309388372,3.9426257324203857,0.0,0.0,0.0,0.0,1.0,1.0
17,0,10.950575497317551,8.015179350445639,0.0,0.0,0.0,0.0,1.0,1.0
18,0,10.038389419348963,9.936122394395651,0.0,1.0,0.0,0.0,0.0,1.0
19,0,7.03870476281265,9.029295562346132,0.0,1.0,0.0,0.0,1.0,0.0
0,5,8.869801928421781,9.074326905025131,0.0,0.0,1.0,1.0,1.0,0.0
1,5,5.937239788212512,11.93472380287452,0.0,0.0,1.0,0.0,0.0,0.0
2,5,11.86646370780482,6.04060453589545,1.0,0.0,0.0,1.0,1.0,1.0
3,5,1.936943796740317,1.0767572467102138,0.0,0.0,0.0,0.0,1.0,1.0
4,5,8.095325482643029,1.0183972806408566,1.0,0.0,1.0,0.0,1.0,1.0
5,5,4.097848515296622,7.907706089087496,0.0,1.0,0.0,0.0,0.0,0.0
6,5,2.01980510632493,6.873917586300918,0.0,1.0,0.0,1.0,1.0,0.0
7,5,2.941815422283358,3.890763122569009,0.0,1.0,0.0,1.0,0.0,0.0
8,5,2.067955381571018,9.028348242847658,0.0,0.0,0.0,1.0,0.0,0.0
9,5,5.075682555260319,0.99057484518447,1.0,0.0,1.0,0.0,0.0,1.0
10,5,11.05341519450018,11.122735682673609,1.0,0.0,0.0,0.0,1.0,1.0
11,5,10.115247991883512,7.06428014116784,1.0,0.0,1.0,0.0,0.0,1.0
12,5,12.0,10.886014075985427,0.0,0.0,1.0,1.0,0.0,0.0
13,5,6.089258022365121,5.090448339613886,0.0,0.0,1.0,0.0,0.0,0.0
14,5,8.869969453936458,10.08163843525373,1.0,1.0,1.0,0.0,0.0,1.0
15,5,2.986516502908832,0.9160424097109928,0.0,0.0,0.0,1.0,1.0,0.0
16,5,5.9255241018666,3.889044015262319,0.0,0.0,0.0,0.0,1.0,1.0
17,5,10.911249815360186,8.027604612320602,0.0,0.0,0.0,0.0,1.0,1.0
18,5,10.063476982716654,9.892987421324824,0.0,1.0,0.0,0.0,0.0,1.0
19,5,7.072539837342357,9.056144300884808,0.0,1.0,0.0,0.0,1.0,0.0
0,10,8.803346855053844,9.1123646515153,0.0,0.0,1.0,1.0,1.0,0.0
1,10,5.9076895985138975,11.901474891839944,0.0,0.0,1.0,0.0,0.0,0.0
2,10,11.799441711093294,6.059186847909166,1.0,0.0,0.0,1.0,1.0,1.0
3,10,1.9027038432194456,1.1193810224539018,0.0,0.0,0.0,0.0,1.0,1.0
4,10,8.108582319303695,1.0215526150830716,1.0,0.0,1.0,0.0,1.0,1.0
5,10,4.150097425210623,7.857011898352662,0.0,1.0,0.0,0.0,0.0,0.0
6,10,2.034391361126597,6.790305311878912,0.0,1.0,0.0,1.0,1.0,0.0
7,10,2.917073913893785,3.8439153968663526,0.0,1.0,0.0,1.0,0.0,0.0
8,10,2.1180203772377326,9.050060917536296,0.0,0.0,0.0,1.0,0.0,0.0
9,10,5.094217747037807,0.9883457576655348,1.0,0.0,1.0,0.0,0.0,1.0
10,10,11.086559686545383,11.199359056763118,1.0,0.0,0.0,0.0,1.0,1.0
11,10,10.160480804516263,7.0887613396596105,1.0,0.0,1.0,0.0,0.0,1.0
12,10,12.0,10.819836780114526,0.0,0.0,1.0,1.0,0.0,0.0
13,10,6.131499469254743,5.132726425546626,0.0,0.0,1.0,0.0,0.0,0.0
14,10,8.804495782835858,10.1227251202942,1.0,1.0,1.0,0.0,0.0,1.0
15,10,2.983027780282552,0.8965610083189633,0.0,0.0,0.0,1.0,1.0,0.0
16,10,5.874618038712457,3.815686765616949,0.0,0.0,0.0,0.0,1.0,1.0
17,10,10.865845257914447,8.042356525404918,0.0,0.0,0.0,0.0,1.0,1.0
18,10,10.076072257865569,9.871362705208988,0.0,1.0,0.0,0.0,0.0,1.0
19,10,7.082892999512054,9.06411511820255,0.0,1.0,0.0,0.0,1.0,0.0
0,15,8.736518376355304,9.149634000638596,0.0,0.0,1.0,1.0,1.0,0.0
1,15,5.866947826315857,11.854878242121796,0.0,0.0,1.0,0.0,0.0,0.0
2,15,11.722976346582891,6.081134999380776,1.0,0.0,0.0,1.0,1.0,1.0
3,15,1.8794200663337728,1.1489829375437897,0.0,0.0,0.0,0.0,1.0,1.0
4,15,8.11076153157542,1.0220544722654783,1.0,0.0,1.0,0.0,1.0,1.0
5,15,4.208987737644005,7.803993109119468,0.0,1.0,0.0,0.0,0.0,0.0
6,15,2.0475454308299192,6.709229592999527,0.0,1.0,0.0,1.0,1.0,0.0
7,15,2.892543513276957,3.795904450846994,0.0,1.0,0.0,1.0,0.0,0.0
8,15,2.177721177237426,9.076580372315142,0.0,0.0,0.0,1.0,0.0,0.0
9,15,5.122820828129581,0.985246284168128,1.0,0.0,1.0,0.0,0.0,1.0
10,15,11.122942726833204,11.28811811935091,1.0,0.0,0.0,0.0,1.0,1.0
11,15,10.207094026650267,7.115032424046178,1.0,0.0,1.0,0.0,0.0,1.0
12,15,12.0,10.778162800421256,0.0,0.0,1.0,1.0,0.0,0.0
13,15,6.176686548145523,5.176595241157602,0.0,0.0,1.0,0.0,0.0,0.0
14,15,8.747989784118783,10.157839284011468,1.0,1.0,1.0,0.0,0.0,1.0
15,15,2.9777001322493333,0.8687644418829576,0.0,0.0,0.0,1.0,1.0,0.0
16,15,5.82525154866905,3.740838372862555,0.0,0.0,0.0,0.0,1.0,1.0
17,15,10.815053933630145,8.058645796173819,0.0,0.0,0.0,0.0,1.0,1.0
18,15,10.09191945845426,9.843981033494453,0.0,1.0,0.0,0.0,0.0,1.0
19,15,7.104777686167767,9.08085689242346,0.0,1.0,0.0,0.0,1.0,0.0
0,20,8.674039795558425,9.184510177842506,0.0,0.0,1.0,1.0,1.0,0.0
1,20,5.8186194621376535,11.801560081820998,0.0,0.0,1.0,0.0,0.0,0.0
2,20,11.650958052244382,6.10268019611811,1.0,0.0,0.0,1.0,1.0,1.0
3,20,1.8417022279663744,1.1970379260869837,0.0,0.0,0.0,0.0,1.0,1.0
4,20,8.111732333486644,1.0222794301457274,1.0,0.0,1.0,0.0,1.0,1.0
5,20,4.268017864068671,7.749948831322469,0.0,1.0,0.0,0.0,0.0,0.0
6,20,2.060853478012308,6.624762570056251,0.0,1.0,0.0,1.0,1.0,0.0
7,20,2.873604367689992,3.7575797937028166,0.0,1.0,0.0,1.0,0.0,0.0
8,20,2.2595310929764274,9.116113491633994,0.0,0.0,0.0,1.0,0.0,0.0
9,20,5.164465451633924,0.9807383081584604,1.0,0.0,1.0,0.0,0.0,1.0
10,20,11.151571144509289,11.361431439314664,1.0,0.0,0.0,0.0,1.0,1.0
11,20,10.250924664204296,7.142035972042128,1.0,0.0,1.0,0.0,0.0,1.0
12,20,12.0,10.740261782451393,0.0,0.0,1.0,1.0,0.0,0.0
13,20,6.238609289259325,5.235974277891679,0.0,0.0,1.0,0.0,0.0,0.0
14,20,8.694113782789719,10.190982822092383,1.0,1.0,1.0,0.0,0.0,1.0
15,20,2.9714372997673952,0.8349162207785509,0.0,0.0,0.0,1.0,1.0,0.0
16,20,5.7704346741647,3.659992773659265,0.0,0.0,0.0,0.0,1.0,1.0
17,20,10.754878736424216,8.076350749941307,0.0,0.0,0.0,0.0,1.0,1.0
18,20,10.110194913145806,9.81242885715379,0.0,1.0,0.0,0.0,0.0,1.0
19,20,7.114096841223831,9.088024623071355,0.0,1.0,0.0,0.0,1.0,0.0
0,25,8.657260323746025,9.153790048306153,0.0,0.0,1.0,1.0,1.0,0.0
1,25,5.777920862680561,11.75422226889622,0.0,0.0,1.0,0.0,0.0,0.0
2,25,11.578509091431656,6.121817699577752,1.0,0.0,0.0,1.0,1.0,1.0
3,25,1.7978099403457184,1.253767460680815,0.0,0.0,0.0,0.0,1.0,1.0
4,25,8.122885577640979,1.025096782315361,1.0,0.0,1.0,0.0,1.0,1.0
5,25,4.32108203533002,7.701395195693674,0.0,1.0,0.0,0.0,0.0,0.0
6,25,2.072281993688692,6.558304379956829,0.0,1.0,0.0,1.0,1.0,0.0
7,25,2.8539196735572703,3.713635479919136,0.0,1.0,0.0,1.0,0.0,0.0
8,25,2.347620435796052,9.15854996267696,0.0,0.0,0.0,1.0,0.0,0.0
9,25,5.222064736718203,0.9736436732472328,1.0,0.0,1.0,0.0,0.0,1.0
10,25,11.179467475878091,11.4345848477694,1.0,0.0,0.0,0.0,1.0,1.0
11,25,10.267735307262967,7.15194566701094,1.0,0.0,1.0,0.0,0.0,1.0
12,25,12.0,10.711678034843905,0.0,0.0,1.0,1.0,0.0,0.0
13,25,6.287311991448645,5.283921806262905,0.0,0.0,1.0,0.0,0.0,0.0
14,25,8.646692382718106,10.219723073926964,1.0,1.0,1.0,0.0,0.0,1.0
15,25,2.968502117525854,0.8197795916989369,0.0,0.0,0.0,1.0,1.0,0.0
16,25,5.722272598197868,3.5847517953488484,0.0,0.0,0.0,0.0,1.0,1.0
17,25,10.697444781315038,8.09364392791915,0.0,0.0,0.0,0.0,1.0,1.0
18,25,10.13319641165828,9.773044202682874,0.0,1.0,0.0,0.0,0.0,1.0
19,25,7.112373914425502,9.08677555749645,0.0,1.0,0.0,0.0,1.0,0.0
0,30,8.636151249477297,9.112239104363548,0.0,0.0,1.0,1.0,1.0,0.0
1,30,5.732353822605383,11.698964485403057,0.0,0.0,1.0,0.0,0.0,0.0
2,30,11.497256244808602,6.143682691447565,1.0,0.0,0.0,1.0,1.0,1.0
3,30,1.7518698982922989,1.312239226247744,0.0,0.0,0.0,0.0,1.0,1.0
4,30,8.145146687618277,1.032099482194536,1.0,0.0,1.0,0.0,1.0,1.0
5,30,4.383870388445108,7.644406104657427,0.0,1.0,0.0,0.0,0.0,0.0
6,30,2.08776630963674,6.477871964288263,0.0,1.0,0.0,1.0,1.0,0.0
7,30,2.834887072011032,3.6701227478845935,0.0,1.0,0.0,1.0,0.0,0.0
8,30,2.4328861166726297,9.199765347079174,0.0,0.0,0.0,1.0,0.0,0.0
9,30,5.265336706565858,0.9678560311426176,1.0,0.0,1.0,0.0,0.0,1.0
10,30,11.202417254506733,11.49616019960876,1.0,0.0,0.0,0.0,1.0,1.0
11,30,10.293925385013344,7.168169614276059,1.0,0.0,1.0,0.0,0.0,1.0
12,30,12.0,10.69262957756246,0.0,0.0,1.0,1.0,0.0,0.0
13,30,6.331370612238987,5.3246281625795335,0.0,0.0,1.0,0.0,0.0,0.0
14,30,8.595243491403357,10.24986272679572,1.0,1.0,1.0,0.0,0.0,1.0
15,30,2.9621538167190766,0.7918421877228308,0.0,0.0,0.0,1.0,1.0,0.0
16,30,5.673344276243431,3.5072344292603788,0.0,0.0,0.0,0.0,1.0,1.0
17,30,10.64962373194946,8.107405254593438,0.0,0.0,0.0,0.0,1.0,1.0
18,30,10.151795151712344,9.740531708719246,0.0,1.0,0.0,0.0,0.0,1.0
19,30,7.103538229012218,9.08058393238562,0.0,1.0,0.0,0.0,1.0,0.0
0,35,8.620646815910947,9.08111660222947,0.0,0.0,1.0,1.0,1.0,0.0
1,35,5.67893215835813,11.636670232928202,0.0,0.0,1.0,0.0,0.0,0.0
2,35,11.431879094806728,6.160493382194939,1.0,0.0,0.0,1.0,1.0,1.0
3,35,1.705511563886879,1.371605315924837,0.0,0.0,0.0,0.0,1.0,1.0
4,35,8.179223394173365,1.0433143545168706,1.0,0.0,1.0,0.0,1.0,1.0
5,35,4.457461776699336,7.578182792035674,0.0,1.0,0.0,0.0,0.0,0.0
6,35,2.0963391478609985,6.424012733453545,0.0,1.0,0.0,1.0,1.0,0.0
7,35,2.813281201270647,3.620960335272568,0.0,1.0,0.0,1.0,0.0,0.0
8,35,2.535621587743573,9.250128643808663,0.0,0.0,0.0,1.0,0.0,0.0
9,35,5.309190172876502,0.9627399200056116,1.0,0.0,1.0,0.0,0.0,1.0
10,35,11.224175278286555,11.558864158983509,1.0,0.0,0.0,0.0,1.0,1.0
11,35,10.31454917522047,7.181042536847417,1.0,0.0,1.0,0.0,0.0,1.0
12,35,12.0,10.672071309423936,0.0,0.0,1.0,1.0,0.0,0.0
13,35,6.3564449048731415,5.349607305489607,0.0,0.0,1.0,0.0,0.0,0.0
14,35,8.55211096714141,10.275846941069744,1.0,1.0,1.0,0.0,0.0,1.0
15,35,2.958407828034414,0.7750839958235859,0.0,0.0,0.0,1.0,1.0,0.0
16,35,5.638661225342968,3.4540032466196897,0.0,0.0,0.0,0.0,1.0,1.0
17,35,10.6042997456237,8.120882590775558,0.0,0.0,0.0,0.0,1.0,1.0
18,35,10.17638039863307,9.695748711944018,0.0,1.0,0.0,0.0,0.0,1.0
19,35,7.094718851324675,9.074174507655815,0.0,1.0,0.0,0.0,1.0,0.0
0,40,8.610928661844644,9.060862857811166,0.0,0.0,1.0,1.0,1.0,0.0
1,40,5.61016077346751,11.55444364246948,0.0,0.0,1.0,0.0,0.0,0.0
2,40,11.344847936166492,6.182977471394052,1.0,0.0,0.0,1.0,1.0,1.0
3,40,1.6693997532087623,1.4180694585873728,0.0,0.0,0.0,0.0,1.0,1.0
4,40,8.215309025369628,1.0549215372358265,1.0,0.0,1.0,0.0,1.0,1.0
5,40,4.514017046349331,7.525704721084949,0.0,1.0,0.0,0.0,0.0,0.0
6,40,2.107689981823809,6.363698522261937,0.0,1.0,0.0,1.0,1.0,0.0
7,40,2.802131056995293,3.595685829783905,0.0,1.0,0.0,1.0,0.0,0.0
8,40,2.6218850110802845,9.290547545113936,0.0,0.0,0.0,1.0,0.0,0.0
9,40,5.3596110464282285,0.9561525691303032,1.0,0.0,1.0,0.0,0.0,1.0
10,40,11.250369865529697,11.633440343487704,1.0,0.0,0.0,0.0,1.0,1.0
11,40,10.334942202889165,7.193593262281651,1.0,0.0,1.0,0.0,0.0,1.0
12,40,12.0,10.668836935415564,0.0,0.0,1.0,1.0,0.0,0.0
13,40,6.381681102643521,5.375703414252826,0.0,0.0,1.0,0.0,0.0,0.0
14,40,8.51678601535212,10.297641851943558,1.0,1.0,1.0,0.0,0.0,1.0
15,40,2.954556692248961,0.7559356373848081,0.0,0.0,0.0,1.0,1.0,0.0
16,40,5.605514207009457,3.399923920096585,0.0,0.0,0.0,0.0,1.0,1.0
17,40,10.562321529442734,8.13442502618437,0.0,0.0,0.0,0.0,1.0,1.0
18,40,10.204600902304174,9.644676816810795,0.0,1.0,0.0,0.0,0.0,1.0
19,40,7.072495423597077,9.058601305193893,0.0,1.0,0.0,0.0,1.0,0.0
0,45,8.612151853287207,9.063578951373511,0.0,0.0,1.0,1.0,1.0,0.0
1,45,5.545794970632793,11.477186686764744,0.0,0.0,1.0,0.0,0.0,0.0
2,45,11.2613695335715,6.203641602882208,1.0,0.0,0.0,1.0,1.0,1.0
3,45,1.6369994610432814,1.4589275454769162,0.0,0.0,0.0,0.0,1.0,1.0
4,45,8.25566810281163,1.0681245520692304,1.0,0.0,1.0,0.0,1.0,1.0
5,45,4.5786657874005465,7.463556807405769,0.0,1.0,0.0,0.0,0.0,0.0
6,45,2.115188299843962,6.324750339763855,0.0,1.0,0.0,1.0,1.0,0.0
7,45,2.803029948531721,3.597737387350307,0.0,1.0,0.0,1.0,0.0,0.0
8,45,2.690509517988749,9.32031375638947,0.0,0.0,0.0,1.0,0.0,0.0
9,45,5.426285488932512,0.945401318224232,1.0,0.0,1.0,0.0,0.0,1.0
10,45,11.277101511858255,11.71110523408233,1.0,0.0,0.0,0.0,1.0,1.0
11,45,10.372858417777596,7.217962227917646,1.0,0.0,1.0,0.0,0.0,1.0
12,45,12.0,10.63349705847796,0.0,0.0,1.0,1.0,0.0,0.0
13,45,6.401970797766005,5.398351290174616,0.0,0.0,1.0,0.0,0.0,0.0
14,45,8.476433365302084,10.320901732433992,1.0,1.0,1.0,0.0,0.0,1.0
15,45,2.947025064168277,0.7195244910290856,0.0,0.0,0.0,1.0,1.0,0.0
16,45,5.5577441756914325,3.322646903882591,0.0,0.0,0.0,0.0,1.0,1.0
17,45,10.519177447813597,8.149660624194379,0.0,0.0,0.0,0.0,1.0,1.0
18,45,10.223777658719836,9.609117734286867,0.0,1.0,0.0,0.0,0.0,1.0
19,45,7.0351306464186125,9.033246772336756,0.0,1.0,0.0,0.0,1.0,0.0
0,50,8.619316061209085,9.0799055078662,0.0,0.0,1.0,1.0,1.0,0.0
1,50,5.493839408319273,11.41545078947224,0.0,0.0,1.0,0.0,0.0,0.0
2,50,11.177011884392089,6.225324776237512,1.0,0.0,0.0,1.0,1.0,1.0
3,50,1.588882590716315,1.5205937711422923,0.0,0.0,0.0,0.0,1.0,1.0
4,50,8.278900343368688,1.0753593293206731,1.0,0.0,1.0,0.0,1.0,1.0
5,50,4.648620501615295,7.393904264760916,0.0,1.0,0.0,0.0,0.0,0.0
6,50,2.125922779445918,6.2741945287247285,0.0,1.0,0.0,1.0,1.0,0.0
7,50,2.8037522656992246,3.599370207498368,0.0,1.0,0.0,1.0,0.0,0.0
8,50,2.76642043889746,9.35185430513614,0.0,0.0,0.0,1.0,0.0,0.0
9,50,5.478952791978632,0.936762879323854,1.0,0.0,1.0,0.0,0.0,1.0
10,50,11.30095588731321,11.78424486433733,1.0,0.0,0.0,0.0,1.0,1.0
11,50,10.406328431900755,7.239860686756536,1.0,0.0,1.0,0.0,0.0,1.0
12,50,12.0,10.57787026587475,0.0,0.0,1.0,1.0,0.0,0.0
13,50,6.425531846747745,5.424552877172247,0.0,0.0,1.0,0.0,0.0,0.0
14,50,8.447341840527336,10.338132130051711,1.0,1.0,1.0,0.0,0.0,1.0
15,50,2.93816730080558,0.6800294173440345,0.0,0.0,0.0,1.0,1.0,0.0
16,50,5.509492354230104,3.2493046202715665,0.0,0.0,0.0,0.0,1.0,1.0
17,50,10.460823880361865,8.170602332730011,0.0,0.0,0.0,0.0,1.0,1.0
18,50,10.238867209561358,9.583001089674928,0.0,1.0,0.0,0.0,0.0,1.0
19,50,6.994172853131337,9.00410796921724,0.0,1.0,0.0,0.0,1.0,0.0
0,55,8.621467427283012,9.08453535331246,0.0,0.0,1.0,1.0,1.0,0.0
1,55,5.435431212466518,11.347105292777677,0.0,0.0,1.0,0.0,0.0,0.0
2,55,11.07041655961885,6.250785687429564,1.0,0.0,0.0,1.0,1.0,1.0
3,55,1.5289729280379374,1.59562714330315,0.0,0.0,0.0,0.0,1.0,1.0
4,55,8.280515637225335,1.075794941078286,1.0,0.0,1.0,0.0,1.0,1.0
5,55,4.7292843330255065,7.316382688048163,0.0,1.0,0.0,0.0,0.0,0.0
6,55,2.1377428235546354,6.213929165960739,0.0,1.0,0.0,1.0,1.0,0.0
7,55,2.8005140602587653,3.5922805913525027,0.0,1.0,0.0,1.0,0.0,0.0
8,55,2.8319750232048877,9.378414059675276,0.0,0.0,0.0,1.0,0.0,0.0
9,55,5.551110565543494,0.9258568797628006,1.0,0.0,1.0,0.0,0.0,1.0
10,55,11.325777674645344,11.858485164207115,1.0,0.0,0.0,0.0,1.0,1.0
11,55,10.421262270567215,7.219296952788279,1.0,0.0,1.0,0.0,0.0,1.0
12,55,12.0,10.508693027340785,0.0,0.0,1.0,1.0,0.0,0.0
13,55,6.448568171686165,5.450799042240529,0.0,0.0,1.0,0.0,0.0,0.0
14,55,8.399858653656269,10.368071194473456,1.0,1.0,1.0,0.0,0.0,1.0
15,55,2.93155939076784,0.6487889406313715,0.0,0.0,0.0,1.0,1.0,0.0
16,55,5.44944344314816,3.1622170657135253,0.0,0.0,0.0,0.0,1.0,1.0
17,55,10.407551634445776,8.191083727784266,0.0,0.0,0.0,0.0,1.0,1.0
18,55,10.247148390617763,9.568783998955904,0.0,1.0,0.0,0.0,0.0,1.0
19,55,6.965093994428028,8.982721264858368,0.0,1.0,0.0,0.0,1.0,0.0
0,60,8.62378438332193,9.089499607787356,0.0,0.0,1.0,1.0,1.0,0.0
1,60,5.384648957790931,11.288401776000295,0.0,0.0,1.0,0.0,0.0,0.0
2,60,10.972185997423374,6.276245648138105,1.0,0.0,0.0,1.0,1.0,1.0
3,60,1.4644066031441647,1.67852020217473,0.0,0.0,0.0,0.0,1.0,1.0
4,60,8.27231808736054,1.0737338513413914,1.0,0.0,1.0,0.0,1.0,1.0
5,60,4.81145817935488,7.233774128764832,0.0,1.0,0.0,0.0,0.0,0.0
6,60,2.1466355657661014,6.169203200492489,0.0,1.0,0.0,1.0,1.0,0.0
7,60,2.7943807101172373,3.579313274943914,0.0,1.0,0.0,1.0,0.0,0.0
8,60,2.8952585722512167,9.404801156220458,0.0,0.0,0.0,1.0,0.0,0.0
9,60,5.613768442488487,0.9164093842463732,1.0,0.0,1.0,0.0,0.0,1.0
10,60,11.348352200466325,11.928872906211982,1.0,0.0,0.0,0.0,1.0,1.0
11,60,10.439146809283184,7.195874131714731,1.0,0.0,1.0,0.0,0.0,1.0
12,60,12.0,10.425761551881774,0.0,0.0,1.0,1.0,0.0,0.0
13,60,6.4702296859282615,5.474725017143605,0.0,0.0,1.0,0.0,0.0,0.0
14,60,8.354917979017943,10.397450823403773,1.0,1.0,1.0,0.0,0.0,1.0
15,60,2.9258360637920338,0.6187297348228544,0.0,0.0,0.0,1.0,1.0,0.0
16,60,5.385337756249761,3.068256408421524,0.0,0.0,0.0,0.0,1.0,1.0
17,60,10.359091547372358,8.210067160746567,0.0,0.0,0.0,0.0,1.0,1.0
18,60,10.26092119258995,9.542818617513976,0.0,1.0,0.0,0.0,0.0,1.0
19,60,6.936232842815563,8.959861212690537,0.0,1.0,0.0,0.0,1.0,0.0
0,65,8.621000589612168,9.08340624168799,0.0,0.0,1.0,1.0,1.0,0.0
1,65,5.33914783022833,11.231840002711673,0.0,0.0,1.0,0.0,0.0,0.0
2,65,10.864134621815838,6.3064379354609805,1.0,0.0,0.0,1.0,1.0,1.0
3,65,1.4052736501058294,1.7556380549323427,0.0,0.0,0.0,0.0,1.0,1.0
4,65,8.267573146992286,1.0726005975730244,1.0,0.0,1.0,0.0,1.0,1.0
5,65,4.883070998837534,7.157781560682549,0.0,1.0,0.0,0.0,0.0,0.0
6,65,2.154631849364991,6.123880890063211,0.0,1.0,0.0,1.0,1.0,0.0
7,65,2.7905395342574555,3.5711899239511538,0.0,1.0,0.0,1.0,0.0,0.0
8,65,2.9627236729852235,9.432062751947711,0.0,0.0,0.0,1.0,0.0,0.0
9,65,5.658718510669697,0.9095712853590304,1.0,0.0,1.0,0.0,0.0,1.0
10,65,11.369837462447668,12.0,1.0,0.0,0.0,0.0,1.0,1.0
11,65,10.456934095169506,7.171642734590549,1.0,0.0,1.0,0.0,0.0,1.0
12,65,12.0,10.362550094913985,0.0,0.0,1.0,1.0,0.0,0.0
13,65,6.504020632797953,5.513094778835702,0.0,0.0,1.0,0.0,0.0,0.0
14,65,8.322514981559248,10.419541570699176,1.0,1.0,1.0,0.0,0.0,1.0
15,65,2.9193538436856885,0.585596078672927,0.0,0.0,0.0,1.0,1.0,0.0
16,65,5.313214890539544,2.971893765838115,0.0,0.0,0.0,0.0,1.0,1.0
17,65,10.324718727166418,8.22301501840972,0.0,0.0,0.0,0.0,1.0,1.0
18,65,10.269836552394484,9.525499962328896,0.0,1.0,0.0,0.0,0.0,1.0
19,65,6.907321047837312,8.936405805596818,0.0,1.0,0.0,0.0,1.0,0.0
0,70,8.618822745037624,9.078287328894955,0.0,0.0,1.0,1.0,1.0,0.0
1,70,5.297578629278117,11.182397879142115,0.0,0.0,1.0,0.0,0.0,0.0
2,70,10.76300011638049,6.337113863950217,1.0,0.0,0.0,1.0,1.0,1.0
3,70,1.3516573801402856,1.826013235861517,0.0,0.0,0.0,0.0,1.0,1.0
4,70,8.269670169498047,1.063917050912897,1.0,0.0,1.0,0.0,1.0,1.0
5,70,4.950104237406076,7.088969954554246,0.0,1.0,0.0,0.0,0.0,0.0
6,70,2.1599756008046227,6.090872569793982,0.0,1.0,0.0,1.0,1.0,0.0
7,70,2.775248187872353,3.538926901689524,0.0,1.0,0.0,1.0,0.0,0.0
8,70,3.0422259089539048,9.465872681048165,0.0,0.0,0.0,1.0,0.0,0.0
9,70,5.699913811408456,0.9007701998561252,1.0,0.0,1.0,0.0,0.0,1.0
10,70,11.393142233548158,12.0,1.0,0.0,0.0,0.0,1.0,1.0
11,70,10.487188000805382,7.1926943906892085,1.0,0.0,1.0,0.0,0.0,1.0
12,70,12.0,10.287226505597856,0.0,0.0,1.0,1.0,0.0,0.0
13,70,6.5320251190038165,5.543284654599078,0.0,0.0,1.0,0.0,0.0,0.0
14,70,8.271222635436494,10.454169232219682,1.0,1.0,1.0,0.0,0.0,1.0
15,70,2.91043442276164,0.5403239922922606,0.0,0.0,0.0,1.0,1.0,0.0
16,70,5.24823866496637,2.886433147582308,0.0,0.0,0.0,0.0,1.0,1.0
17,70,10.282059230756817,8.240325760099168,0.0,0.0,0.0,0.0,1.0,1.0
18,70,10.278643864372272,9.509498622675228,0.0,1.0,0.0,0.0,0.0,1.0
19,70,6.8801437324638455,8.91547802749595,0.0,1.0,0.0,0.0,1.0,0.0
0,75,8.622478649674793,9.087033543809932,0.0,0.0,1.0,1.0,1.0,0.0
1,75,5.260933648174007,11.139581139967472,0.0,0.0,1.0,0.0,0.0,0.0
2,75,10.63902366418284,6.374572737852698,1.0,0.0,0.0,1.0,1.0,1.0
3,75,1.3045411699948468,1.885469950104596,0.0,0.0,0.0,0.0,1.0,1.0
4,75,8.267787166425414,1.0722863128847693,1.0,0.0,1.0,0.0,1.0,1.0
5,75,5.030415058377242,7.004426396334968,0.0,1.0,0.0,0.0,0.0,0.0
6,75,2.165571156275241,6.058016643113204,0.0,1.0,0.0,1.0,1.0,0.0
7,75,2.7621499428388523,3.511733909438199,0.0,1.0,0.0,1.0,0.0,0.0
8,75,3.094695259795236,9.48806411007808,0.0,0.0,0.0,1.0,0.0,0.0
9,75,5.748912325152282,0.8913085704923008,1.0,0.0,1.0,0.0,0.0,1.0
10,75,11.414214790228916,12.0,1.0,0.0,0.0,0.0,1.0,1.0
11,75,10.538228911917686,7.227646099789262,1.0,0.0,1.0,0.0,0.0,1.0
12,75,12.0,10.201533852339578,0.0,0.0,1.0,1.0,0.0,0.0
13,75,6.555385011544782,5.568881447437684,0.0,0.0,1.0,0.0,0.0,0.0
14,75,8.234291951747275,10.478029897831028,1.0,1.0,1.0,0.0,0.0,1.0
15,75,2.9070690129100214,0.5229163855487847,0.0,0.0,0.0,1.0,1.0,0.0
16,75,5.182058162577571,2.8000343026653067,0.0,0.0,0.0,0.0,1.0,1.0
17,75,10.23687068501116,8.257510861544924,0.0,0.0,0.0,0.0,1.0,1.0
18,75,10.275907848918688,9.514299388533969,0.0,1.0,0.0,0.0,0.0,1.0
19,75,6.869516461943881,8.907001057813424,0.0,1.0,0.0,0.0,1.0,0.0
0,80,8.619085756193076,9.078377837211178,0.0,0.0,1.0,1.0,1.0,0.0
1,80,5.245992274000006,11.121429075274492,0.0,0.0,1.0,0.0,0.0,0.0
2,80,10.516544013461408,6.412643766149546,1.0,0.0,0.0,1.0,1.0,1.0
3,80,1.257132956742871,1.945808558668982,0.0,0.0,0.0,0.0,1.0,1.0
4,80,8.263790209495337,1.0930557461802537,1.0,0.0,1.0,0.0,1.0,1.0
5,80,5.112439208140196,6.920766689986958,0.0,1.0,0.0,0.0,0.0,0.0
6,80,2.170476171483313,6.027922092490818,0.0,1.0,0.0,1.0,1.0,0.0
7,80,2.760750498077448,3.508785618531661,0.0,1.0,0.0,1.0,0.0,0.0
8,80,3.129677170099996,9.502287056355025,0.0,0.0,0.0,1.0,0.0,0.0
9,80,5.801392756806416,0.881377966869248,1.0,0.0,1.0,0.0,0.0,1.0
10,80,11.437367028555398,12.0,1.0,0.0,0.0,0.0,1.0,1.0
11,80,10.592824928069716,7.264879873862155,1.0,0.0,1.0,0.0,0.0,1.0
12,80,12.0,10.119753470379784,0.0,0.0,1.0,1.0,0.0,0.0
13,80,6.570984572507472,5.585837656386503,0.0,0.0,1.0,0.0,0.0,0.0
14,80,8.202096848408345,10.500164237325802,1.0,1.0,1.0,0.0,0.0,1.0
15,80,2.906512483350168,0.5197068783956297,0.0,0.0,0.0,1.0,1.0,0.0
16,80,5.108108667631804,2.697753999694786,0.0,0.0,0.0,0.0,1.0,1.0
17,80,10.168956581401908,8.280831506927006,0.0,0.0,0.0,0.0,1.0,1.0
18,80,10.272770777826034,9.519646362262522,0.0,1.0,0.0,0.0,0.0,1.0
19,80,6.86122202726805,8.900476782290916,0.0,1.0,0.0,0.0,1.0,0.0
0,85,8.618931327227596,9.077929933452449,0.0,0.0,1.0,1.0,1.0,0.0
1,85,5.2206108248087295,11.090040027909644,0.0,0.0,1.0,0.0,0.0,0.0
2,85,10.48552608107226,6.308444098989177,1.0,0.0,0.0,1.0,1.0,1.0
3,85,1.2160069751214924,1.999200986416076,0.0,0.0,0.0,0.0,1.0,1.0
4,85,8.257833564228761,1.1210400751038505,1.0,0.0,1.0,0.0,1.0,1.0
5,85,5.193729984560358,6.839021247533837,0.0,1.0,0.0,0.0,0.0,0.0
6,85,2.172756408093583,6.010410946802151,0.0,1.0,0.0,1.0,1.0,0.0
7,85,2.761414770974468,3.5102183649625407,0.0,1.0,0.0,1.0,0.0,0.0
8,85,3.1467638858675926,9.509007086821017,0.0,0.0,0.0,1.0,0.0,0.0
9,85,5.861070895964105,0.8704921415938301,1.0,0.0,1.0,0.0,0.0,1.0
10,85,11.45355207180126,12.0,1.0,0.0,0.0,0.0,1.0,1.0
11,85,10.64988800631763,7.304875056310963,1.0,0.0,1.0,0.0,0.0,1.0
12,85,12.0,10.039491504071432,0.0,0.0,1.0,1.0,0.0,0.0
13,85,6.600878228766763,5.618939641440395,0.0,0.0,1.0,0.0,0.0,0.0
14,85,8.16565666060971,10.524694521117564,1.0,1.0,1.0,0.0,0.0,1.0
15,85,2.9052857748559826,0.5111025493534863,0.0,0.0,0.0,1.0,1.0,0.0
16,85,5.03714115349345,2.598838918120845,0.0,0.0,0.0,0.0,1.0,1.0
17,85,10.111725917930112,8.300512049753653,0.0,0.0,0.0,0.0,1.0,1.0
18,85,10.27657222079417,9.513379427736115,0.0,1.0,0.0,0.0,0.0,1.0
19,85,6.856557192578757,8.896787805679004,0.0,1.0,0.0,0.0,1.0,0.0
0,90,8.619439123717171,9.07939688000894,0.0,0.0,1.0,1.0,1.0,0.0
1,90,5.198557953605678,11.063468500886,0.0,0.0,1.0,0.0,0.0,0.0
2,90,10.44840628705477,6.1933839223957685,1.0,0.0,0.0,1.0,1.0,1.0
3,90,1.1824633169936276,2.0411898615422657,0.0,0.0,0.0,0.0,1.0,1.0
4,90,8.248506166298935,1.168228949772772,1.0,0.0,1.0,0.0,1.0,1.0
5,90,5.270411972678986,6.764086206708262,0.0,1.0,0.0,0.0,0.0,0.0
6,90,2.1752815546316326,5.987921203178806,0.0,1.0,0.0,1.0,1.0,0.0
7,90,2.765255775118248,3.5183448343868715,0.0,1.0,0.0,1.0,0.0,0.0
8,90,3.1264328065243374,9.50079059199902,0.0,0.0,0.0,1.0,0.0,0.0
9,90,5.910702070705084,0.8601814251335411,1.0,0.0,1.0,0.0,0.0,1.0
10,90,11.477654945468936,12.0,1.0,0.0,0.0,0.0,1.0,1.0
11,90,10.704929140204609,7.343242533885556,1.0,0.0,1.0,0.0,0.0,1.0
12,90,12.0,9.966538183783085,0.0,0.0,1.0,1.0,0.0,0.0
13,90,6.637861101395988,5.660748843219912,0.0,0.0,1.0,0.0,0.0,0.0
14,90,8.117935825439698,10.556502806517992,1.0,1.0,1.0,0.0,0.0,1.0
15,90,2.9027313652674835,0.4934701066527385,0.0,0.0,0.0,1.0,1.0,0.0
16,90,4.982743471003687,2.5220680174986043,0.0,0.0,0.0,0.0,1.0,1.0
17,90,10.053148564299526,8.324281329472162,0.0,0.0,0.0,0.0,1.0,1.0
18,90,10.27403068497152,9.51743836576082,0.0,1.0,0.0,0.0,0.0,1.0
19,90,6.848201777941504,8.890206649342431,0.0,1.0,0.0,0.0,1.0,0.0
0,95,8.621487400174638,9.084849567152366,0.0,0.0,1.0,1.0,1.0,0.0
1,95,5.191358569140767,11.054940074579267,0.0,0.0,1.0,0.0,0.0,0.0
2,95,10.40941374787548,6.067827678998557,1.0,0.0,0.0,1.0,1.0,1.0
3,95,1.1493318342057108,2.0828102646155364,0.0,0.0,0.0,0.0,1.0,1.0
4,95,8.239448340316759,1.2110440350924896,1.0,0.0,1.0,0.0,1.0,1.0
5,95,5.353908498227365,6.685288899968814,0.0,1.0,0.0,0.0,0.0,0.0
6,95,2.1761765432257487,5.981294424723807,0.0,1.0,0.0,1.0,1.0,0.0
7,95,2.7603202963674933,3.5078721263609896,0.0,1.0,0.0,1.0,0.0,0.0
8,95,3.0960895818377066,9.488478589220644,0.0,0.0,0.0,1.0,0.0,0.0
9,95,5.9723490165563655,0.8477328464405661,1.0,0.0,1.0,0.0,0.0,1.0
10,95,11.504704271883618,12.0,1.0,0.0,0.0,0.0,1.0,1.0
11,95,10.77331840834227,7.390924817088779,1.0,0.0,1.0,0.0,0.0,1.0
12,95,12.0,9.874227341688847,0.0,0.0,1.0,1.0,0.0,0.0
13,95,6.66502506496887,5.690725828374153,0.0,0.0,1.0,0.0,0.0,0.0
14,95,8.075907842040515,10.583758228225136,1.0,1.0,1.0,0.0,0.0,1.0
15,95,2.900825701173653,0.4810060912713806,0.0,0.0,0.0,1.0,1.0,0.0
16,95,4.916353124926185,2.431003914051556,0.0,0.0,0.0,0.0,1.0,1.0
17,95,9.984235681031118,8.35188940694484,0.0,0.0,0.0,0.0,1.0,1.0
18,95,10.26775968063418,9.52743678813887,0.0,1.0,0.0,0.0,0.0,1.0
19,95,6.819561180862609,8.868591004062147,0.0,1.0,0.0,0.0,1.0,0.0
0,100,8.625097248056045,9.094937707161368,0.0,0.0,1.0,1.0,1.0,0.0
1,100,5.203833476615837,11.043451109315068,0.0,0.0,1.0,0.0,0.0,0.0
2,100,10.366902525922278,5.941432470461492,1.0,0.0,0.0,1.0,1.0,1.0
3,100,1.1282939911337764,2.1099260330144314,0.0,0.0,0.0,0.0,1.0,1.0
4,100,8.223020704197499,1.2842952900571716,1.0,0.0,1.0,0.0,1.0,1.0
5,100,5.4231323402987,6.616887367086337,0.0,1.0,0.0,0.0,0.0,0.0
6,100,2.174277980748809,5.9939693314122096,0.0,1.0,0.0,1.0,1.0,0.0
7,100,2.752038366200236,3.4899737908097004,0.0,1.0,0.0,1.0,0.0,0.0
8,100,3.063424019853956,9.47617585496208,0.0,0.0,0.0,1.0,0.0,0.0
9,100,6.036487216978042,0.835013987514356,1.0,0.0,1.0,0.0,0.0,1.0
10,100,11.537816976174872,12.0,1.0,0.0,0.0,0.0,1.0,1.0
11,100,10.842449030607751,7.439608699037873,1.0,0.0,1.0,0.0,0.0,1.0
12,100,12.0,9.763106340809776,0.0,0.0,1.0,1.0,0.0,0.0
13,100,6.695563505025009,5.724601056932328,0.0,0.0,1.0,0.0,0.0,0.0
14,100,8.026784346944988,10.616830403674491,1.0,1.0,1.0,0.0,0.0,1.0
15,100,2.8978539538628016,0.4592270218201987,0.0,0.0,0.0,1.0,1.0,0.0
16,100,4.850118795503955,2.3402597114241064,0.0,0.0,0.0,0.0,1.0,1.0
17,100,9.913231130576689,8.379193919397801,0.0,0.0,0.0,0.0,1.0,1.0
18,100,10.262146069873522,9.536198115292557,0.0,1.0,0.0,0.0,0.0,1.0
19,100,6.790136671400642,8.846074474376515,0.0,1.0,0.0,0.0,1.0,0.0
0,105,8.634911608107867,9.121978921796233,0.0,0.0,1.0,1.0,1.0,0.0
1,105,5.217333509142665,11.030640643973143,0.0,0.0,1.0,0.0,0.0,0.0
2,105,10.322134509042508,5.807853004645237,1.0,0.0,0.0,1.0,1.0,1.0
3,105,1.1157203622717076,2.125779972866699,0.0,0.0,0.0,0.0,1.0,1.0
4,105,8.204690691913513,1.3564981195905674,1.0,0.0,1.0,0.0,1.0,1.0
5,105,5.496376100316428,6.547073716202561,0.0,1.0,0.0,0.0,0.0,0.0
6,105,2.174288789631428,5.993906694362598,0.0,1.0,0.0,1.0,1.0,0.0
7,105,2.736823118559565,3.456505662094977,0.0,1.0,0.0,1.0,0.0,0.0
8,105,3.0025401640594764,9.451493508010136,0.0,0.0,0.0,1.0,0.0,0.0
9,105,6.1005714490257565,0.8225776869136071,1.0,0.0,1.0,0.0,0.0,1.0
10,105,11.560647573373908,12.0,1.0,0.0,0.0,0.0,1.0,1.0
11,105,10.91494485026795,7.488135848578854,1.0,0.0,1.0,0.0,0.0,1.0
12,105,12.0,9.633567040343182,0.0,0.0,1.0,1.0,0.0,0.0
13,105,6.726281877696632,5.758357211216143,0.0,0.0,1.0,0.0,0.0,0.0
14,105,7.9593175284805024,10.662881170066138,1.0,1.0,1.0,0.0,0.0,1.0
15,105,2.893154671403568,0.4265572536232636,0.0,0.0,0.0,1.0,1.0,0.0
16,105,4.788491621241181,2.2521284613523647,0.0,0.0,0.0,0.0,1.0,1.0
17,105,9.842844473036092,8.406924536872895,0.0,0.0,0.0,0.0,1.0,1.0
18,105,10.24805241880249,9.558845996777162,0.0,1.0,0.0,0.0,0.0,1.0
19,105,6.763150443779834,8.826924053884536,0.0,1.0,0.0,0.0,1.0,0.0
0,110,8.647252559259458,9.155585964410005,0.0,0.0,1.0,1.0,1.0,0.0
1,110,5.236135754802345,11.012242605377129,0.0,0.0,1.0,0.0,0.0,0.0
2,110,10.29134856534563,5.7097137632279455,1.0,0.0,0.0,1.0,1.0,1.0
3,110,1.1064587961624268,2.1374238615604613,0.0,0.0,0.0,0.0,1.0,1.0
4,110,8.185940268861751,1.4325924028954613,1.0,0.0,1.0,0.0,1.0,1.0
5,110,5.556064618129958,6.490042863685185,0.0,1.0,0.0,0.0,0.0,0.0
6,110,2.1742821834271315,5.993940641029718,0.0,1.0,0.0,1.0,1.0,0.0
7,110,2.726043118239657,3.434307142378098,0.0,1.0,0.0,1.0,0.0,0.0
8,110,2.9339160627597707,9.423556038553675,0.0,0.0,0.0,1.0,0.0,0.0
9,110,6.174100519094163,0.8111940235336359,1.0,0.0,1.0,0.0,0.0,1.0
10,110,11.580881614414931,12.0,1.0,0.0,0.0,0.0,1.0,1.0
11,110,10.97125953579012,7.525828956027276,1.0,0.0,1.0,0.0,0.0,1.0
12,110,12.0,9.507064924197104,0.0,0.0,1.0,1.0,0.0,0.0
13,110,6.748905639534515,5.781553339688265,0.0,0.0,1.0,0.0,0.0,0.0
14,110,7.887461003473408,10.712590925302552,1.0,1.0,1.0,0.0,0.0,1.0
15,110,2.8876395777011945,0.393479161631389,0.0,0.0,0.0,1.0,1.0,0.0
16,110,4.729020654331294,2.1636826736759383,0.0,0.0,0.0,0.0,1.0,1.0
17,110,9.76149174302184,8.437542646313766,0.0,0.0,0.0,0.0,1.0,1.0
18,110,10.238845906111203,9.574072012157895,0.0,1.0,0.0,0.0,0.0,1.0
19,110,6.712071008544346,8.793110221914423,0.0,1.0,0.0,0.0,1.0,0.0
0,115,8.662610022751476,9.19979335121281,0.0,0.0,1.0,1.0,1.0,0.0
1,115,5.2526690508409,10.99599921870039,0.0,0.0,1.0,0.0,0.0,0.0
2,115,10.271164523225307,5.645811508368934,1.0,0.0,0.0,1.0,1.0,1.0
3,115,1.099356545340439,2.1462271577123166,0.0,0.0,0.0,0.0,1.0,1.0
4,115,8.167545476802383,1.5090359870435928,1.0,0.0,1.0,0.0,1.0,1.0
5,115,5.617844772462851,6.433283422819566,0.0,1.0,0.0,0.0,0.0,0.0
6,115,2.1768817809261254,5.981798303002393,0.0,1.0,0.0,1.0,1.0,0.0
7,115,2.7143210631203187,3.4089953007224274,0.0,1.0,0.0,1.0,0.0,0.0
8,115,2.8730836444998684,9.401711402403608,0.0,0.0,0.0,1.0,0.0,0.0
9,115,6.272881617090263,0.7971986443042925,1.0,0.0,1.0,0.0,0.0,1.0
10,115,11.606253208842864,12.0,1.0,0.0,0.0,0.0,1.0,1.0
11,115,11.004676071210216,7.475989395016832,1.0,0.0,1.0,0.0,0.0,1.0
12,115,12.0,9.373995197306408,0.0,0.0,1.0,1.0,0.0,0.0
13,115,6.771593909100024,5.803846899398052,0.0,0.0,1.0,0.0,0.0,0.0
14,115,7.812991736159773,10.76401175795579,1.0,1.0,1.0,0.0,0.0,1.0
15,115,2.88759808978152,0.3932214826631171,0.0,0.0,0.0,1.0,1.0,0.0
16,115,4.667056837924196,2.069113115633165,0.0,0.0,0.0,0.0,1.0,1.0
17,115,9.686748015533423,8.46823845824005,0.0,0.0,0.0,0.0,1.0,1.0
18,115,10.221688838336332,9.603205755502383,0.0,1.0,0.0,0.0,0.0,1.0
19,115,6.652926583135067,8.755242767512385,0.0,1.0,0.0,0.0,1.0,0.0
0,120,8.679625088141194,9.250727069547953,0.0,0.0,1.0,1.0,1.0,0.0
1,120,5.27714148456154,10.970523446536973,0.0,0.0,1.0,0.0,0.0,0.0
2,120,10.247175478219797,5.561940898972888,1.0,0.0,0.0,1.0,1.0,1.0
3,120,1.0874043653709615,2.1618545691350657,0.0,0.0,0.0,0.0,1.0,1.0
4,120,8.142645205147875,1.6079258427373693,1.0,0.0,1.0,0.0,1.0,1.0
5,120,5.680607467167955,6.37711650054713,0.0,1.0,0.0,0.0,0.0,0.0
6,120,2.179943877613903,5.967681265407154,0.0,1.0,0.0,1.0,1.0,0.0
7,120,2.692527971850079,3.361115120303712,0.0,1.0,0.0,1.0,0.0,0.0
8,120,2.822245434884964,9.38479650229062,0.0,0.0,0.0,1.0,0.0,0.0
9,120,6.381479359442752,0.7843082161836016,1.0,0.0,1.0,0.0,0.0,1.0
10,120,11.626055713104511,12.0,1.0,0.0,0.0,0.0,1.0,1.0
11,120,11.041619612152,7.418962103034505,1.0,0.0,1.0,0.0,0.0,1.0
12,120,12.0,9.253011894870564,0.0,0.0,1.0,1.0,0.0,0.0
13,120,6.793263578272333,5.824577739067618,0.0,0.0,1.0,0.0,0.0,0.0
14,120,7.733700623048429,10.817917740074984,1.0,1.0,1.0,0.0,0.0,1.0
15,120,2.8875202370570854,0.3927606895025386,0.0,0.0,0.0,1.0,1.0,0.0
16,120,4.597035123775722,1.9586407330378752,0.0,0.0,0.0,0.0,1.0,1.0
17,120,9.608996023648956,8.5003490217513,0.0,0.0,0.0,0.0,1.0,1.0
18,120,10.196652416663373,9.645561221689482,0.0,1.0,0.0,0.0,0.0,1.0
19,120,6.600405674436545,8.723828314632394,0.0,1.0,0.0,0.0,1.0,0.0
0,125,8.693963029741376,9.294542465428847,0.0,0.0,1.0,1.0,1.0,0.0
1,125,5.305579343789747,10.94073836556556,0.0,0.0,1.0,0.0,0.0,0.0
2,125,10.223512458461466,5.476339544826025,1.0,0.0,0.0,1.0,1.0,1.0
3,125,1.086113082326492,2.1633919272328583,0.0,0.0,0.0,0.0,1.0,1.0
4,125,8.117438624092978,1.7002292689073466,1.0,0.0,1.0,0.0,1.0,1.0
5,125,5.738570792617692,6.324950723311832,0.0,1.0,0.0,0.0,0.0,0.0
6,125,2.1815575109936622,5.961141024946322,0.0,1.0,0.0,1.0,1.0,0.0
7,125,2.6673235290462407,3.3072665333310822,0.0,1.0,0.0,1.0,0.0,0.0
8,125,2.7591288785399235,9.36306665158784,0.0,0.0,0.0,1.0,0.0,0.0
9,125,6.4820600026913056,0.7772732937812062,1.0,0.0,1.0,0.0,0.0,1.0
10,125,11.63293655159859,12.0,1.0,0.0,0.0,0.0,1.0,1.0
11,125,11.078412567106977,7.364045599575299,1.0,0.0,1.0,0.0,0.0,1.0
12,125,12.0,9.117849102854557,0.0,0.0,1.0,1.0,0.0,0.0
13,125,6.820935196860781,5.849553672016948,0.0,0.0,1.0,0.0,0.0,0.0
14,125,7.6481781443000605,10.878401239510218,1.0,1.0,1.0,0.0,0.0,1.0
15,125,2.887439138372199,0.3923607342771916,0.0,0.0,0.0,1.0,1.0,0.0
16,125,4.53626605954985,1.8465293718675853,0.0,0.0,0.0,0.0,1.0,1.0
17,125,9.52164850725386,8.538436667521216,0.0,0.0,0.0,0.0,1.0,1.0
18,125,10.177508516900865,9.676402560398335,0.0,1.0,0.0,0.0,0.0,1.0
19,125,6.54984283557517,8.692802932549144,0.0,1.0,0.0,0.0,1.0,0.0
0,130,8.652064962427897,9.308006003939372,0.0,0.0,1.0,1.0,1.0,0.0
1,130,5.347482383363969,10.895528485341776,0.0,0.0,1.0,0.0,0.0,0.0
2,130,10.198359406255346,5.38187306870959,1.0,0.0,0.0,1.0,1.0,1.0
3,130,1.0842630643487563,2.1656030244786697,0.0,0.0,0.0,0.0,1.0,1.0
4,130,8.083172253899226,1.8146499583967168,1.0,0.0,1.0,0.0,1.0,1.0
5,130,5.803438796386983,6.268200714792483,0.0,1.0,0.0,0.0,0.0,0.0
6,130,2.1826233583922834,5.956542201661804,0.0,1.0,0.0,1.0,1.0,0.0
7,130,2.6378328762217964,3.240048206283378,0.0,1.0,0.0,1.0,0.0,0.0
8,130,2.7002364028154933,9.342746322912454,0.0,0.0,0.0,1.0,0.0,0.0
9,130,6.489435422094313,0.8559710066124105,1.0,0.0,1.0,0.0,0.0,1.0
10,130,11.63649153963743,12.0,1.0,0.0,0.0,0.0,1.0,1.0
11,130,11.099563543814089,7.330746347548651,1.0,0.0,1.0,0.0,0.0,1.0
12,130,12.0,8.982359678677316,0.0,0.0,1.0,1.0,0.0,0.0
13,130,6.854781163133301,5.879868241117604,0.0,0.0,1.0,0.0,0.0,0.0
14,130,7.567344169434145,10.932325925103209,1.0,1.0,1.0,0.0,0.0,1.0
15,130,2.8874123322242684,0.3922219907862079,0.0,0.0,0.0,1.0,1.0,0.0
16,130,4.483017183722641,1.7476755305005065,0.0,0.0,0.0,0.0,1.0,1.0
17,130,9.427764503672355,8.579051797780862,0.0,0.0,0.0,0.0,1.0,1.0
18,130,10.164198536511185,9.698065404043977,0.0,1.0,0.0,0.0,0.0,1.0
19,130,6.4969804201855,8.661093679101244,0.0,1.0,0.0,0.0,1.0,0.0
0,135,8.596734576062838,9.325510885371225,0.0,0.0,1.0,1.0,1.0,0.0
1,135,5.3878218348131055,10.851224416891627,0.0,0.0,1.0,0.0,0.0,0.0
2,135,10.177368872382418,5.302343915121575,1.0,0.0,0.0,1.0,1.0,1.0
3,135,1.0790963905214828,2.1717065575472203,0.0,0.0,0.0,0.0,1.0,1.0
4,135,8.051521987037582,1.929600428786455,1.0,0.0,1.0,0.0,1.0,1.0
5,135,5.86835533173473,6.209813480532725,0.0,1.0,0.0,0.0,0.0,0.0
6,135,2.18604906718406,5.942087406613712,0.0,1.0,0.0,1.0,1.0,0.0
7,135,2.6047574912445928,3.16958811984624,0.0,1.0,0.0,1.0,0.0,0.0
8,135,2.62065986401386,9.315981923158446,0.0,0.0,0.0,1.0,0.0,0.0
9,135,6.497873772789823,0.9265748074431284,1.0,0.0,1.0,0.0,0.0,1.0
10,135,11.638628480020593,12.0,1.0,0.0,0.0,0.0,1.0,1.0
11,135,11.115803074253323,7.305610574380044,1.0,0.0,1.0,0.0,0.0,1.0
12,135,12.0,8.855012530428933,0.0,0.0,1.0,1.0,0.0,0.0
13,135,6.896937409161756,5.916130116790144,0.0,0.0,1.0,0.0,0.0,0.0
14,135,7.481228419675891,10.985586424386351,1.0,1.0,1.0,0.0,0.0,1.0
15,135,2.881918354062357,0.3616431486006452,0.0,0.0,0.0,1.0,1.0,0.0
16,135,4.432364059913966,1.6596437149688623,0.0,0.0,0.0,0.0,1.0,1.0
17,135,9.31174256797668,8.629235465077738,0.0,0.0,0.0,0.0,1.0,1.0
18,135,10.153400236809638,9.71589521186359,0.0,1.0,0.0,0.0,0.0,1.0
19,135,6.457743831649407,8.636554001183981,0.0,1.0,0.0,0.0,1.0,0.0
0,140,8.527865041441506,9.345177422318253,0.0,0.0,1.0,1.0,1.0,0.0
1,140,5.41828171057538,10.819322281367208,0.0,0.0,1.0,0.0,0.0,0.0
2,140,10.160128232137591,5.2408425233409,1.0,0.0,0.0,1.0,1.0,1.0
3,140,1.0796726588001315,2.171052053168028,0.0,0.0,0.0,0.0,1.0,1.0
4,140,8.018248333588108,2.059013231583072,1.0,0.0,1.0,0.0,1.0,1.0
5,140,5.910967762588947,6.171095467715165,0.0,1.0,0.0,0.0,0.0,0.0
6,140,2.1929141297939254,5.912519333487238,0.0,1.0,0.0,1.0,1.0,0.0
7,140,2.5790057716163592,3.1138442232274506,0.0,1.0,0.0,1.0,0.0,0.0
8,140,2.541070794724656,9.287637973072815,0.0,0.0,0.0,1.0,0.0,0.0
9,140,6.50665779373217,1.0102654929589396,1.0,0.0,1.0,0.0,0.0,1.0
10,140,11.63708523585609,11.995931549458266,1.0,0.0,0.0,0.0,1.0,1.0
11,140,11.133609739654194,7.27975256366226,1.0,0.0,1.0,0.0,0.0,1.0
12,140,12.0,8.743647267973117,0.0,0.0,1.0,1.0,0.0,0.0
13,140,6.95209036571026,5.960461879082815,0.0,0.0,1.0,0.0,0.0,0.0
14,140,7.399121155618084,11.038433767504618,1.0,1.0,1.0,0.0,0.0,1.0
15,140,2.877316237021275,0.335938593726114,0.0,0.0,0.0,1.0,1.0,0.0
16,140,4.385438728350029,1.5762868864389474,0.0,0.0,0.0,0.0,1.0,1.0
17,140,9.219901596320636,8.667081968707722,0.0,0.0,0.0,0.0,1.0,1.0
18,140,10.136150244411308,9.743460282726636,0.0,1.0,0.0,0.0,0.0,1.0
19,140,6.417864695549449,8.611531655776293,0.0,1.0,0.0,0.0,1.0,0.0
0,145,8.460304150702774,9.362170423415494,0.0,0.0,1.0,1.0,1.0,0.0
1,145,5.445077592530262,10.791516163338157,0.0,0.0,1.0,0.0,0.0,0.0
2,145,10.149461065275162,5.202425612549016,1.0,0.0,0.0,1.0,1.0,1.0
3,145,1.078769127026929,2.172134205164705,0.0,0.0,0.0,0.0,1.0,1.0
4,145,7.989108568469168,2.171816226901047,1.0,0.0,1.0,0.0,1.0,1.0
5,145,5.953611919134807,6.131492916954517,0.0,1.0,0.0,0.0,0.0,0.0
6,145,2.2027706499178508,5.86486736306624,0.0,1.0,0.0,1.0,1.0,0.0
7,145,2.549831757017953,3.048590887193705,0.0,1.0,0.0,1.0,0.0,0.0
8,145,2.466313900646587,9.25976178256144,0.0,0.0,0.0,1.0,0.0,0.0
9,145,6.515678528779413,1.0949626950888036,1.0,0.0,1.0,0.0,0.0,1.0
10,145,11.632431498017176,11.982279463682518,1.0,0.0,0.0,0.0,1.0,1.0
11,145,11.151727390983051,7.250029522289222,1.0,0.0,1.0,0.0,0.0,1.0
12,145,12.0,8.60551255911246,0.0,0.0,1.0,1.0,0.0,0.0
13,145,7.023091581117868,6.018050869243982,0.0,0.0,1.0,0.0,0.0,0.0
14,145,7.331773024573376,11.079107740838891,1.0,1.0,1.0,0.0,0.0,1.0
15,145,2.873859565232984,0.3148323758671116,0.0,0.0,0.0,1.0,1.0,0.0
16,145,4.331075831418106,1.4750093004278435,0.0,0.0,0.0,0.0,1.0,1.0
17,145,9.105009991378532,8.711199273863794,0.0,0.0,0.0,0.0,1.0,1.0
18,145,10.111526248044148,9.783119455910958,0.0,1.0,0.0,0.0,0.0,1.0
19,145,6.361718529406373,8.57562936401685,0.0,1.0,0.0,0.0,1.0,0.0
0,150,8.388029768302117,9.380872260284452,0.0,0.0,1.0,1.0,1.0,0.0
1,150,5.468743775692951,10.767026194645693,0.0,0.0,1.0,0.0,0.0,0.0
2,150,10.140064382038664,5.171280209961344,1.0,0.0,0.0,1.0,1.0,1.0
3,150,1.0813781577618609,2.169124235854544,0.0,0.0,0.0,0.0,1.0,1.0
4,150,7.958247605805248,2.2941056785976905,1.0,0.0,1.0,0.0,1.0,1.0
5,150,5.998246507371633,6.179927456641565,0.0,1.0,0.0,0.0,0.0,0.0
6,150,2.215033703098959,5.811723694200758,0.0,1.0,0.0,1.0,1.0,0.0
7,150,2.521370732440836,2.984471228560115,0.0,1.0,0.0,1.0,0.0,0.0
8,150,2.3705338550517685,9.222069464957547,0.0,0.0,0.0,1.0,0.0,0.0
9,150,6.523940655895057,1.1893723604536792,1.0,0.0,1.0,0.0,0.0,1.0
10,150,11.627708392761347,11.968911989300413,1.0,0.0,0.0,0.0,1.0,1.0
11,150,11.171345694773494,7.219158373066223,1.0,0.0,1.0,0.0,0.0,1.0
12,150,12.0,8.467953894784563,0.0,0.0,1.0,1.0,0.0,0.0
13,150,7.096489739626651,6.079039874375017,0.0,0.0,1.0,0.0,0.0,0.0
14,150,7.276916477602011,11.11288716594249,1.0,1.0,1.0,0.0,0.0,1.0
15,150,2.869690849803177,0.2914142235948318,0.0,0.0,0.0,1.0,1.0,0.0
16,150,4.288542826434856,1.3957328116555434,0.0,0.0,0.0,0.0,1.0,1.0
17,150,9.010667107613685,8.74603388498963,0.0,0.0,0.0,0.0,1.0,1.0
18,150,10.0788364391203,9.839184141365456,0.0,1.0,0.0,0.0,0.0,1.0
19,150,6.321370661590852,8.549874011592967,0.0,1.0,0.0,0.0,1.0,0.0
0,155,8.292762992523503,9.405839390606928,0.0,0.0,1.0,1.0,1.0,0.0
1,155,5.5038036190160025,10.732166033379242,0.0,0.0,1.0,0.0,0.0,0.0
2,155,10.13012326114236,5.1355579349476805,1.0,0.0,0.0,1.0,1.0,1.0
3,155,1.0636750875984424,2.154213104801507,0.0,0.0,0.0,0.0,1.0,1.0
4,155,7.849210157693171,2.263462534845505,1.0,0.0,1.0,0.0,1.0,1.0
5,155,6.036968070342769,6.222504287966867,0.0,1.0,0.0,0.0,0.0,0.0
6,155,2.2268557047434205,5.755200399178041,0.0,1.0,0.0,1.0,1.0,0.0
7,155,2.495119483257884,2.9256276840271225,0.0,1.0,0.0,1.0,0.0,0.0
8,155,2.2738124686620798,9.181156555928126,0.0,0.0,0.0,1.0,0.0,0.0
9,155,6.533037832402304,1.286155790435476,1.0,0.0,1.0,0.0,0.0,1.0
10,155,11.624612903011617,11.960454250743783,1.0,0.0,0.0,0.0,1.0,1.0
11,155,11.19825992133679,7.173684087082048,1.0,0.0,1.0,0.0,0.0,1.0
12,155,12.0,8.354969960101094,0.0,0.0,1.0,1.0,0.0,0.0
13,155,7.174340797920959,6.147233413837284,0.0,0.0,1.0,0.0,0.0,0.0
14,155,7.243825934800769,11.13364549349174,1.0,1.0,1.0,0.0,0.0,1.0
15,155,2.866128031313392,0.2726381846247756,0.0,0.0,0.0,1.0,1.0,0.0
16,155,4.2428075722939145,1.317420624915153,0.0,0.0,0.0,0.0,1.0,1.0
17,155,8.9253376982604,8.779719755185853,0.0,0.0,0.0,0.0,1.0,1.0
18,155,10.04708384845198,9.891309020285169,0.0,1.0,0.0,0.0,0.0,1.0
19,155,6.277401031215294,8.523152723084177,0.0,1.0,0.0,0.0,1.0,0.0
0,160,8.21320354416522,9.425007791772938,0.0,0.0,1.0,1.0,1.0,0.0
1,160,5.527060506665107,10.708164411527786,0.0,0.0,1.0,0.0,0.0,0.0
2,160,10.123048628214857,5.104600736921612,1.0,0.0,0.0,1.0,1.0,1.0
3,160,1.0491098552355549,2.1420076288142527,0.0,0.0,0.0,0.0,1.0,1.0
4,160,7.738050178639292,2.2316057808918077,1.0,0.0,1.0,0.0,1.0,1.0
5,160,6.092722159125448,6.279939775150021,0.0,1.0,0.0,0.0,0.0,0.0
6,160,2.2395641369036934,5.697012842552308,0.0,1.0,0.0,1.0,1.0,0.0
7,160,2.4749421737434814,2.8823676846841173,0.0,1.0,0.0,1.0,0.0,0.0
8,160,2.1605245274621634,9.129336957638326,0.0,0.0,0.0,1.0,0.0,0.0
9,160,6.541400459146352,1.3703476022724037,1.0,0.0,1.0,0.0,0.0,1.0
10,160,11.62195978494587,11.952422525829936,1.0,0.0,0.0,0.0,1.0,1.0
11,160,11.220432508208756,7.138093905195563,1.0,0.0,1.0,0.0,0.0,1.0
12,160,12.0,8.241528191466257,0.0,0.0,1.0,1.0,0.0,0.0
13,160,7.263706327871878,6.224823009496823,0.0,0.0,1.0,0.0,0.0,0.0
14,160,7.21172511714857,11.153917143778264,1.0,1.0,1.0,0.0,0.0,1.0
15,160,2.862763469404276,0.2561886270438994,0.0,0.0,0.0,1.0,1.0,0.0
16,160,4.19882258268493,1.245257222362206,0.0,0.0,0.0,0.0,1.0,1.0
17,160,8.840571241156676,8.81228085106644,0.0,0.0,0.0,0.0,1.0,1.0
18,160,10.014408124073151,9.944420664019695,0.0,1.0,0.0,0.0,0.0,1.0
19,160,6.233527825684934,8.495935015105971,0.0,1.0,0.0,0.0,1.0,0.0
0,165,8.113379084506006,9.445069967212834,0.0,0.0,1.0,1.0,1.0,0.0
1,165,5.565702995045993,10.666670409729909,0.0,0.0,1.0,0.0,0.0,0.0
2,165,10.114250870824618,5.064430802124623,1.0,0.0,0.0,1.0,1.0,1.0
3,165,1.0456732873850758,2.139120868110621,0.0,0.0,0.0,0.0,1.0,1.0
4,165,7.62793594313335,2.198222785712691,1.0,0.0,1.0,0.0,1.0,1.0
5,165,6.1530069170837445,6.341848215288651,0.0,1.0,0.0,0.0,0.0,0.0
6,165,2.254759296059094,5.621729693674772,0.0,1.0,0.0,1.0,1.0,0.0
7,165,2.455631372898415,2.8382755193441205,0.0,1.0,0.0,1.0,0.0,0.0
8,165,2.0273909890662174,9.06743404840768,0.0,0.0,0.0,1.0,0.0,0.0
9,165,6.549628555875839,1.4463675013124948,1.0,0.0,1.0,0.0,0.0,1.0
10,165,11.617949191255905,11.940874757314155,1.0,0.0,0.0,0.0,1.0,1.0
11,165,11.239512403920768,7.107248677835922,1.0,0.0,1.0,0.0,0.0,1.0
12,165,12.0,8.126543938982008,0.0,0.0,1.0,1.0,0.0,0.0
13,165,7.344882663783496,6.296981707257859,0.0,0.0,1.0,0.0,0.0,0.0
14,165,7.167053459358918,11.182319858707196,1.0,1.0,1.0,0.0,0.0,1.0
15,165,2.8559166876375324,0.2220837337121083,0.0,0.0,0.0,1.0,1.0,0.0
16,165,4.150600422504491,1.1657246013230995,0.0,0.0,0.0,0.0,1.0,1.0
17,165,8.756432939830594,8.843977317711353,0.0,0.0,0.0,0.0,1.0,1.0
18,165,9.979546023214636,9.997805739181002,0.0,1.0,0.0,0.0,0.0,1.0
19,165,6.188647022805156,8.467836481508495,0.0,1.0,0.0,0.0,1.0,0.0
0,170,8.002155130106154,9.467916022107731,0.0,0.0,1.0,1.0,1.0,0.0
1,170,5.600863496738391,10.628769395748431,0.0,0.0,1.0,0.0,0.0,0.0
2,170,10.111153514645476,5.048354188924306,1.0,0.0,0.0,1.0,1.0,1.0
3,170,1.0578468211989798,2.149314678385549,0.0,0.0,0.0,0.0,1.0,1.0
4,170,7.52709975815475,2.167193494511422,1.0,0.0,1.0,0.0,1.0,1.0
5,170,6.217463573629492,6.404331807515245,0.0,1.0,0.0,0.0,0.0,0.0
6,170,2.269943004279391,5.550195641319944,0.0,1.0,0.0,1.0,1.0,0.0
7,170,2.4287434340670986,2.7726051790092416,0.0,1.0,0.0,1.0,0.0,0.0
8,170,1.8895592613480243,9.00117211764637,0.0,0.0,0.0,1.0,0.0,0.0
9,170,6.559117791429647,1.532992830033392,1.0,0.0,1.0,0.0,0.0,1.0
10,170,11.611478761311808,11.922399580598045,1.0,0.0,0.0,0.0,1.0,1.0
11,170,11.252853097065014,7.086598298264395,1.0,0.0,1.0,0.0,0.0,1.0
12,170,12.0,8.020718908516235,0.0,0.0,1.0,1.0,0.0,0.0
13,170,7.41296961112117,6.35695080330672,0.0,0.0,1.0,0.0,0.0,0.0
14,170,7.107725296878838,11.220349395301133,1.0,1.0,1.0,0.0,0.0,1.0
15,170,2.8528554771654586,0.2050532165997703,0.0,0.0,0.0,1.0,1.0,0.0
16,170,4.096371699249681,1.0785953490088127,0.0,0.0,0.0,0.0,1.0,1.0
17,170,8.699047741008165,8.866116968116012,0.0,0.0,0.0,0.0,1.0,1.0
18,170,9.943629418459889,10.05277580148079,0.0,1.0,0.0,0.0,0.0,1.0
19,170,6.147576436033097,8.441705738751711,0.0,1.0,0.0,0.0,1.0,0.0
0,175,7.89492362443689,9.490003126990516,0.0,0.0,1.0,1.0,1.0,0.0
1,175,5.612536457354194,10.616020608522913,0.0,0.0,1.0,0.0,0.0,0.0
2,175,10.149199366668432,5.04072569624562,1.0,0.0,0.0,1.0,1.0,1.0
3,175,1.062042795222305,2.1527511482040564,0.0,0.0,0.0,0.0,1.0,1.0
4,175,7.419833791304961,2.134152956021961,1.0,0.0,1.0,0.0,1.0,1.0
5,175,6.28897683461412,6.473500834983443,0.0,1.0,0.0,0.0,0.0,0.0
6,175,2.2834209599349404,5.48749661256594,0.0,1.0,0.0,1.0,1.0,0.0
7,175,2.3950948655667283,2.6866083889701464,0.0,1.0,0.0,1.0,0.0,0.0
8,175,1.7561975443564286,8.936697601281836,0.0,0.0,0.0,1.0,0.0,0.0
9,175,6.567848722783382,1.6150168174868438,1.0,0.0,1.0,0.0,0.0,1.0
10,175,11.604122559447394,11.901523781827796,1.0,0.0,0.0,0.0,1.0,1.0
11,175,11.265065035556422,7.068591466162551,1.0,0.0,1.0,0.0,0.0,1.0
12,175,12.0,7.921927624521344,0.0,0.0,1.0,1.0,0.0,0.0
13,175,7.469976298495631,6.406649767532078,0.0,0.0,1.0,0.0,0.0,0.0
14,175,7.028502484589712,11.266950953566017,1.0,1.0,1.0,0.0,0.0,1.0
15,175,2.851046332797968,0.194257775362966,0.0,0.0,0.0,1.0,1.0,0.0
16,175,4.038208864023823,0.9814933235826532,0.0,0.0,0.0,0.0,1.0,1.0
17,175,8.640608225678863,8.889194939164039,0.0,0.0,0.0,0.0,1.0,1.0
18,175,9.915549987241684,10.096360141304498,0.0,1.0,0.0,0.0,0.0,1.0
19,175,6.093354524734243,8.408423023867604,0.0,1.0,0.0,0.0,1.0,0.0
0,180,7.786687053861776,9.512354748758536,0.0,0.0,1.0,1.0,1.0,0.0
1,180,5.613289674466841,10.615157930636112,0.0,0.0,1.0,0.0,0.0,0.0
2,180,10.18185852383948,5.034430309748191,1.0,0.0,0.0,1.0,1.0,1.0
3,180,1.0824104787184643,2.168983548469574,0.0,0.0,0.0,0.0,1.0,1.0
4,180,7.312654075658225,2.1002488155410868,1.0,0.0,1.0,0.0,1.0,1.0
5,180,6.361464053598392,6.544812348058842,0.0,1.0,0.0,0.0,0.0,0.0
6,180,2.3021841712499413,5.409938953912402,0.0,1.0,0.0,1.0,1.0,0.0
7,180,2.365282307816324,2.613259073753263,0.0,1.0,0.0,1.0,0.0,0.0
8,180,1.613453390513976,8.86546631457488,0.0,0.0,0.0,1.0,0.0,0.0
9,180,6.582619677611094,1.72713837063747,1.0,0.0,1.0,0.0,0.0,1.0
10,180,11.589412819272646,11.85933283413476,1.0,0.0,0.0,0.0,1.0,1.0
11,180,11.270578927259129,7.060341544917207,1.0,0.0,1.0,0.0,0.0,1.0
12,180,12.0,7.842415746845329,0.0,0.0,1.0,1.0,0.0,0.0
13,180,7.515326870198576,6.445382672372777,0.0,0.0,1.0,0.0,0.0,0.0
14,180,6.950441102252831,11.314234709726904,1.0,1.0,1.0,0.0,0.0,1.0
15,180,2.849493625650713,0.1846329809024792,0.0,0.0,0.0,1.0,1.0,0.0
16,180,3.974194083032319,0.8650550412865209,0.0,0.0,0.0,0.0,1.0,1.0
17,180,8.58759861314026,8.910823457999765,0.0,0.0,0.0,0.0,1.0,1.0
18,180,9.89662188184758,10.125503505752883,0.0,1.0,0.0,0.0,0.0,1.0
19,180,6.026862853070552,8.369580330401241,0.0,1.0,0.0,0.0,1.0,0.0
0,185,7.653413890106971,9.53982181751216,0.0,0.0,1.0,1.0,1.0,0.0
1,185,5.611631144405462,10.617092792491084,0.0,0.0,1.0,0.0,0.0,0.0
2,185,10.202112656852556,5.030195362556071,1.0,0.0,0.0,1.0,1.0,1.0
3,185,1.088202842939404,2.173930651833373,0.0,0.0,0.0,0.0,1.0,1.0
4,185,7.197312745513531,2.058529024651163,1.0,0.0,1.0,0.0,1.0,1.0
5,185,6.444925074341976,6.628300045041303,0.0,1.0,0.0,0.0,0.0,0.0
6,185,2.3246458363940143,5.318979447656603,0.0,1.0,0.0,1.0,1.0,0.0
7,185,2.3346211960421246,2.5418487202069566,0.0,1.0,0.0,1.0,0.0,0.0
8,185,1.4607811320555584,8.787576534225048,0.0,0.0,0.0,1.0,0.0,0.0
9,185,6.599784698080199,1.8675951314075303,1.0,0.0,1.0,0.0,0.0,1.0
10,185,11.57736392776643,11.82357972779129,1.0,0.0,0.0,0.0,1.0,1.0
11,185,11.282856419788502,7.041216797058891,1.0,0.0,1.0,0.0,0.0,1.0
12,185,12.0,7.752238270611156,0.0,0.0,1.0,1.0,0.0,0.0
13,185,7.561345552475672,6.485476224886513,0.0,0.0,1.0,0.0,0.0,0.0
14,185,6.859952952276273,11.370125953024976,1.0,1.0,1.0,0.0,0.0,1.0
15,185,2.8453860475509973,0.1574178476285206,0.0,0.0,0.0,1.0,1.0,0.0
16,185,3.913618281988996,0.7511344268745401,0.0,0.0,0.0,0.0,1.0,1.0
17,185,8.536353085459783,8.930629258488434,0.0,0.0,0.0,0.0,1.0,1.0
18,185,9.876718303525934,10.153981119890302,0.0,1.0,0.0,0.0,0.0,1.0
19,185,5.981007041687078,8.343675928852498,0.0,1.0,0.0,0.0,1.0,0.0
0,190,7.521201160407206,9.565573745883896,0.0,0.0,1.0,1.0,1.0,0.0
1,190,5.603686631654662,10.626292300940888,0.0,0.0,1.0,0.0,0.0,0.0
2,190,10.212609991318416,5.02792347527304,1.0,0.0,0.0,1.0,1.0,1.0
3,190,1.1012810176448624,2.1848285697798717,0.0,0.0,0.0,0.0,1.0,1.0
4,190,7.062330638757709,2.0135321115864158,1.0,0.0,1.0,0.0,1.0,1.0
5,190,6.540013298971663,6.721657833728578,0.0,1.0,0.0,0.0,0.0,0.0
6,190,2.342109920261977,5.251247755969019,0.0,1.0,0.0,1.0,1.0,0.0
7,190,2.302745647937249,2.4655409395329544,0.0,1.0,0.0,1.0,0.0,0.0
8,190,1.3141577874087893,8.710088561693624,0.0,0.0,0.0,1.0,0.0,0.0
9,190,6.612229803546427,1.995427859237621,1.0,0.0,1.0,0.0,0.0,1.0
10,190,11.56716285495743,11.794033991495008,1.0,0.0,0.0,0.0,1.0,1.0
11,190,11.290728409968144,7.027509693332821,1.0,0.0,1.0,0.0,0.0,1.0
12,190,12.0,7.67757527790757,0.0,0.0,1.0,1.0,0.0,0.0
13,190,7.615302270965633,6.533161086635544,0.0,0.0,1.0,0.0,0.0,0.0
14,190,6.745481931268276,11.44025256530027,1.0,1.0,1.0,0.0,0.0,1.0
15,190,2.839665101291578,0.1192083748289646,0.0,0.0,0.0,1.0,1.0,0.0
16,190,3.865673228575626,0.6556239369045707,0.0,0.0,0.0,0.0,1.0,1.0
17,190,8.484633590128968,8.949928110818124,0.0,0.0,0.0,0.0,1.0,1.0
18,190,9.865389365642788,10.17104426613458,0.0,1.0,0.0,0.0,0.0,1.0
19,190,5.934488785903294,8.317029889886575,0.0,1.0,0.0,0.0,1.0,0.0
0,195,7.371717693744413,9.597567029665068,0.0,0.0,1.0,1.0,1.0,0.0
1,195,5.597204438832247,10.63391033471187,0.0,0.0,1.0,0.0,0.0,0.0
2,195,10.231655509526927,5.0234470233451,1.0,0.0,0.0,1.0,1.0,1.0
3,195,1.135954088774923,2.212718170503128,0.0,0.0,0.0,0.0,1.0,1.0
4,195,6.909691553450976,1.9568264555034949,1.0,0.0,1.0,0.0,1.0,1.0
5,195,6.631777188496006,6.812163190601765,0.0,1.0,0.0,0.0,0.0,0.0
6,195,2.3588136377862607,5.18907505123971,0.0,1.0,0.0,1.0,1.0,0.0
7,195,2.2658701119848725,2.3793422816095133,0.0,1.0,0.0,1.0,0.0,0.0
8,195,1.129458584863526,8.61183489400567,0.0,0.0,0.0,1.0,0.0,0.0
9,195,6.622978375102619,2.106067372661907,1.0,0.0,1.0,0.0,0.0,1.0
10,195,11.55459008393961,11.756186804973575,1.0,0.0,0.0,0.0,1.0,1.0
11,195,11.314284002394864,6.984187692997123,1.0,0.0,1.0,0.0,0.0,1.0
12,195,12.0,7.617125729610384,0.0,0.0,1.0,1.0,0.0,0.0
13,195,7.672361898058721,6.584765571412385,0.0,0.0,1.0,0.0,0.0,0.0
14,195,6.597245523839386,11.531659130061907,1.0,1.0,1.0,0.0,0.0,1.0
15,195,2.834568079769444,0.0834802229146864,0.0,0.0,0.0,1.0,1.0,0.0
16,195,3.812911786159651,0.5544381534329728,0.0,0.0,0.0,0.0,1.0,1.0
17,195,8.449948523029736,8.963967596372976,0.0,0.0,0.0,0.0,1.0,1.0
18,195,9.833386636229136,10.218285825480024,0.0,1.0,0.0,0.0,0.0,1.0
19,195,5.906135769364992,8.367958285538913,0.0,1.0,0.0,0.0,1.0,0.0
0,200,7.243353157925639,9.627467366259536,0.0,0.0,1.0,1.0,1.0,0.0
1,200,5.6057219186398175,10.623810918261585,0.0,0.0,1.0,0.0,0.0,0.0
2,200,10.24253756652483,5.021236523814024,1.0,0.0,0.0,1.0,1.0,1.0
3,200,1.184372748560691,2.250952050920386,0.0,0.0,0.0,0.0,1.0,1.0
4,200,6.758814601461671,1.8993604703088536,1.0,0.0,1.0,0.0,1.0,1.0
5,200,6.716016355471393,6.900161694291679,0.0,1.0,0.0,0.0,0.0,0.0
6,200,2.380327538853584,5.119040990343049,0.0,1.0,0.0,1.0,1.0,0.0
7,200,2.230150294357625,2.295405200047798,0.0,1.0,0.0,1.0,0.0,0.0
8,200,0.9584258051601032,8.51919700845036,0.0,0.0,0.0,1.0,0.0,0.0
9,200,6.635001997914896,2.2273287804713164,1.0,0.0,1.0,0.0,0.0,1.0
10,200,11.54005419752358,11.715517791869882,1.0,0.0,0.0,0.0,1.0,1.0
11,200,11.342218655860991,6.932521764759631,1.0,0.0,1.0,0.0,0.0,1.0
12,200,12.0,7.559421667980766,0.0,0.0,1.0,1.0,0.0,0.0
13,200,7.706135890570203,6.616109344169204,0.0,0.0,1.0,0.0,0.0,0.0
14,200,6.466114971919401,11.610014387118234,1.0,1.0,1.0,0.0,0.0,1.0
15,200,2.8290782744574297,0.0420473990881324,0.0,0.0,0.0,1.0,1.0,0.0
16,200,3.7516773104761194,0.4386731675396608,0.0,0.0,0.0,0.0,1.0,1.0
17,200,8.399211370436449,8.984971122136331,0.0,0.0,0.0,0.0,1.0,1.0
18,200,9.795387661501255,10.271422413298977,0.0,1.0,0.0,0.0,0.0,1.0
19,200,5.8799817110370585,8.4112839570857,0.0,1.0,0.0,0.0,1.0,0.0
0,205,7.13590238176201,9.650853116150987,0.0,0.0,1.0,1.0,1.0,0.0
1,205,5.597094438480476,10.634038012139928,0.0,0.0,1.0,0.0,0.0,0.0
2,205,10.248248143548604,5.020102753792107,1.0,0.0,0.0,1.0,1.0,1.0
3,205,1.2261537786896537,2.284149681388552,0.0,0.0,0.0,0.0,1.0,1.0
4,205,6.606120366497112,1.840257363471871,1.0,0.0,1.0,0.0,1.0,1.0
5,205,6.8033272572263215,6.989055011066879,0.0,1.0,0.0,0.0,0.0,0.0
6,205,2.400960156361199,5.049539316449819,0.0,1.0,0.0,1.0,1.0,0.0
7,205,2.2037988407793763,2.2299810836272087,0.0,1.0,0.0,1.0,0.0,0.0
8,205,0.7945676512191662,8.433414780547565,0.0,0.0,0.0,1.0,0.0,0.0
9,205,6.6481291729144205,2.346434943506564,1.0,0.0,1.0,0.0,0.0,1.0
10,205,11.524953800692252,11.673790019935964,1.0,0.0,0.0,0.0,1.0,1.0
11,205,11.369064684708226,6.881206025123114,1.0,0.0,1.0,0.0,0.0,1.0
12,205,12.0,7.508682667571943,0.0,0.0,1.0,1.0,0.0,0.0
13,205,7.732008178812877,6.640486338301871,0.0,0.0,1.0,0.0,0.0,0.0
14,205,6.353989820459198,11.67316190459954,1.0,1.0,1.0,0.0,0.0,1.0
15,205,2.821840288511789,0.0,0.0,0.0,0.0,1.0,1.0,0.0
16,205,3.68891427753581,0.312259396337761,0.0,0.0,0.0,0.0,1.0,1.0
17,205,8.33878331374428,9.011261262269056,0.0,0.0,0.0,0.0,1.0,1.0
18,205,9.748620298974656,10.336036807923874,0.0,1.0,0.0,0.0,0.0,1.0
19,205,5.84996555255195,8.457407128031118,0.0,1.0,0.0,0.0,1.0,0.0
0,210,7.010168213224454,9.680433383780825,0.0,0.0,1.0,1.0,1.0,0.0
1,210,5.590319384858287,10.642398106149058,0.0,0.0,1.0,0.0,0.0,0.0
2,210,10.245948879123542,5.020595558490503,1.0,0.0,0.0,1.0,1.0,1.0
3,210,1.2788844318977768,2.3278420155606985,0.0,0.0,0.0,0.0,1.0,1.0
4,210,6.434630964922621,1.7750795921517637,1.0,0.0,1.0,0.0,1.0,1.0
5,210,6.898916698009734,7.085531854623439,0.0,1.0,0.0,0.0,0.0,0.0
6,210,2.4183827845788226,4.992942394373942,0.0,1.0,0.0,1.0,1.0,0.0
7,210,2.181077500081978,2.174394120527886,0.0,1.0,0.0,1.0,0.0,0.0
8,210,0.6566503856914413,8.365356986649244,0.0,0.0,0.0,1.0,0.0,0.0
9,210,6.660830199022565,2.4696405675483164,1.0,0.0,1.0,0.0,0.0,1.0
10,210,11.506990271716662,11.625856743588995,1.0,0.0,0.0,0.0,1.0,1.0
11,210,11.39445502330053,6.83231186533707,1.0,0.0,1.0,0.0,0.0,1.0
12,210,12.0,7.456822206128436,0.0,0.0,1.0,1.0,0.0,0.0
13,210,7.750560462913053,6.657667859661658,0.0,0.0,1.0,0.0,0.0,0.0
14,210,6.262082214283405,11.723593602874733,1.0,1.0,1.0,0.0,0.0,1.0
15,210,2.815289604386525,0.0,0.0,0.0,0.0,1.0,1.0,0.0
16,210,3.636367444371005,0.2113250325325885,0.0,0.0,0.0,0.0,1.0,1.0
17,210,8.269733915114243,9.042587293258311,0.0,0.0,0.0,0.0,1.0,1.0
18,210,9.698548057126334,10.403743650401262,0.0,1.0,0.0,0.0,0.0,1.0
19,210,5.82110391597027,8.502757008035857,0.0,1.0,0.0,0.0,1.0,0.0
0,215,6.885254652020721,9.705219031606386,0.0,0.0,1.0,1.0,1.0,0.0
1,215,5.579374264195258,10.655838227750849,0.0,0.0,1.0,0.0,0.0,0.0
2,215,10.220694273351464,5.026772982019541,1.0,0.0,0.0,1.0,1.0,1.0
3,215,1.3258166979660748,2.365368838315629,0.0,0.0,0.0,0.0,1.0,1.0
4,215,6.264247579576707,1.70658940484019,1.0,0.0,1.0,0.0,1.0,1.0
5,215,6.986136271260827,7.177955153873625,0.0,1.0,0.0,0.0,0.0,0.0
6,215,2.4442891092823,4.907153783359019,0.0,1.0,0.0,1.0,1.0,0.0
7,215,2.16181431873011,2.125583807321965,0.0,1.0,0.0,1.0,0.0,0.0
8,215,0.5102594422264215,8.290400035038306,0.0,0.0,0.0,1.0,0.0,0.0
9,215,6.675390172702675,2.6154948908032862,1.0,0.0,1.0,0.0,0.0,1.0
10,215,11.481116491036644,11.5637966507819,1.0,0.0,0.0,0.0,1.0,1.0
11,215,11.413974810750547,6.796474989350123,1.0,0.0,1.0,0.0,0.0,1.0
12,215,12.0,7.395792775867223,0.0,0.0,1.0,1.0,0.0,0.0
13,215,7.764006707361716,6.670503911004552,0.0,0.0,1.0,0.0,0.0,0.0
14,215,6.183148844824094,11.76765539414538,1.0,1.0,1.0,0.0,0.0,1.0
15,215,2.8101713249174,0.0,0.0,0.0,0.0,1.0,1.0,0.0
16,215,3.5878427298787257,0.1175168435589413,0.0,0.0,0.0,0.0,1.0,1.0
17,215,8.193866444902534,9.07678836835713,0.0,0.0,0.0,0.0,1.0,1.0
18,215,9.64842173421423,10.46873197341651,0.0,1.0,0.0,0.0,0.0,1.0
19,215,5.778906665436132,8.571784838230144,0.0,1.0,0.0,0.0,1.0,0.0
0,220,6.745729970483605,9.730310554081433,0.0,0.0,1.0,1.0,1.0,0.0
1,220,5.564567769165344,10.673380335641554,0.0,0.0,1.0,0.0,0.0,0.0
2,220,10.151765909101568,5.044980378138529,1.0,0.0,0.0,1.0,1.0,1.0
3,220,1.3546035533076433,2.388470670384013,0.0,0.0,0.0,0.0,1.0,1.0
4,220,6.097302386016942,1.6441495201135174,1.0,0.0,1.0,0.0,1.0,1.0
5,220,7.070505089558924,7.266619374693587,0.0,1.0,0.0,0.0,0.0,0.0
6,220,2.470839716074968,4.816457972777975,0.0,1.0,0.0,1.0,1.0,0.0
7,220,2.150297950778745,2.0945525867084687,0.0,1.0,0.0,1.0,0.0,0.0
8,220,0.3415874544142056,8.207936042337858,0.0,0.0,0.0,1.0,0.0,0.0
9,220,6.691882731685744,2.763338940697345,1.0,0.0,1.0,0.0,0.0,1.0
10,220,11.45660840217358,11.50278600428648,1.0,0.0,0.0,0.0,1.0,1.0
11,220,11.435761118898569,6.755550156856644,1.0,0.0,1.0,0.0,0.0,1.0
12,220,12.0,7.331728896531088,0.0,0.0,1.0,1.0,0.0,0.0
13,220,7.7840221604242466,6.688801410034121,0.0,0.0,1.0,0.0,0.0,0.0
14,220,6.122793065053915,11.800675445010256,1.0,1.0,1.0,0.0,0.0,1.0
15,220,2.804889726309191,0.0,0.0,0.0,0.0,1.0,1.0,0.0
16,220,3.545753078789349,0.0325864674176459,0.0,0.0,0.0,0.0,1.0,1.0
17,220,8.098920820182562,9.124733941793188,0.0,0.0,0.0,0.0,1.0,1.0
18,220,9.592597383072953,10.53891671369704,0.0,1.0,0.0,0.0,0.0,1.0
19,220,5.737167735495338,8.642584708674004,0.0,1.0,0.0,0.0,1.0,0.0
0,225,6.629809649372651,9.753270227738922,0.0,0.0,1.0,1.0,1.0,0.0
1,225,5.549521475000889,10.691175337798324,0.0,0.0,1.0,0.0,0.0,0.0
2,225,10.072934639316845,5.064604015022866,1.0,0.0,0.0,1.0,1.0,1.0
3,225,1.3798844439391185,2.407714128038728,0.0,0.0,0.0,0.0,1.0,1.0
4,225,5.900075775465876,1.5653554934880785,1.0,0.0,1.0,0.0,1.0,1.0
5,225,7.144447793260251,7.345392075954536,0.0,1.0,0.0,0.0,0.0,0.0
6,225,2.487464552817589,4.755937224144109,0.0,1.0,0.0,1.0,1.0,0.0
7,225,2.1444004769402363,2.0769349797381707,0.0,1.0,0.0,1.0,0.0,0.0
8,225,0.168624839257876,8.130259152627577,0.0,0.0,0.0,1.0,0.0,0.0
9,225,6.707175722777095,2.9278645375320083,1.0,0.0,1.0,0.0,0.0,1.0
10,225,11.441468269294049,11.464408604197716,1.0,0.0,0.0,0.0,1.0,1.0
11,225,11.458729395287232,6.706428038524994,1.0,0.0,1.0,0.0,0.0,1.0
12,225,12.0,7.28141461816369,0.0,0.0,1.0,1.0,0.0,0.0
13,225,7.786737329515954,6.691234953079478,0.0,0.0,1.0,0.0,0.0,0.0
14,225,6.064152260030589,11.83105621357882,1.0,1.0,1.0,0.0,0.0,1.0
15,225,2.800190268336086,0.0,0.0,0.0,0.0,1.0,1.0,0.0
16,225,3.499038751385433,0.0,0.0,0.0,0.0,0.0,1.0,1.0
17,225,8.027464351003921,9.158667743242136,0.0,0.0,0.0,0.0,1.0,1.0
18,225,9.538412558411297,10.605150681413196,0.0,1.0,0.0,0.0,0.0,1.0
19,225,5.6956695559041455,8.710225554866426,0.0,1.0,0.0,0.0,1.0,0.0
0,230,6.53318689095415,9.775785343155512,0.0,0.0,1.0,1.0,1.0,0.0
1,230,5.534324802570951,10.709463157566704,0.0,0.0,1.0,0.0,0.0,0.0
2,230,9.993597937884095,5.0827475133299735,1.0,0.0,0.0,1.0,1.0,1.0
3,230,1.4024846188746656,2.4255068385824186,0.0,0.0,0.0,0.0,1.0,1.0
4,230,5.702611607201426,1.4837597789716557,1.0,0.0,1.0,0.0,1.0,1.0
5,230,7.232693099831983,7.435140399050624,0.0,1.0,0.0,0.0,0.0,0.0
6,230,2.513487496811692,4.6659069488070495,0.0,1.0,0.0,1.0,1.0,0.0
7,230,2.1315141915679456,2.035752600579207,0.0,1.0,0.0,1.0,0.0,0.0
8,230,0.0,8.041608225773802,0.0,0.0,0.0,1.0,0.0,0.0
9,230,6.722995277070589,3.110266067509165,1.0,0.0,1.0,0.0,0.0,1.0
10,230,11.433022503413133,11.441095729129003,1.0,0.0,0.0,0.0,1.0,1.0
11,230,11.482631230384175,6.658986880296924,1.0,0.0,1.0,0.0,0.0,1.0
12,230,12.0,7.230113222932224,0.0,0.0,1.0,1.0,0.0,0.0
13,230,7.80080034735678,6.703865064044219,0.0,0.0,1.0,0.0,0.0,0.0
14,230,6.0033264844197625,11.860093902608142,1.0,1.0,1.0,0.0,0.0,1.0
15,230,2.795070947280921,0.0,0.0,0.0,0.0,1.0,1.0,0.0
16,230,3.4539987750441066,0.0,0.0,0.0,0.0,0.0,1.0,1.0
17,230,7.963593850832418,9.190628056725055,0.0,0.0,0.0,0.0,1.0,1.0
18,230,9.490894794974665,10.66024981460756,0.0,1.0,0.0,0.0,0.0,1.0
19,230,5.669657463368256,8.754952738596044,0.0,1.0,0.0,0.0,1.0,0.0
0,235,6.414850305941621,9.802468813347147,0.0,0.0,1.0,1.0,1.0,0.0
1,235,5.51621926239588,10.731495295880553,0.0,0.0,1.0,0.0,0.0,0.0
2,235,9.944432188510795,5.094182793507177,1.0,0.0,0.0,1.0,1.0,1.0
3,235,1.4213871818938768,2.440892419929076,0.0,0.0,0.0,0.0,1.0,1.0
4,235,5.506555065565508,1.392324185108168,1.0,0.0,1.0,0.0,1.0,1.0
5,235,7.339284563929327,7.546089908640921,0.0,1.0,0.0,0.0,0.0,0.0
6,235,2.541731653008558,4.569400194832069,0.0,1.0,0.0,1.0,1.0,0.0
7,235,2.121397300511066,2.003908967286546,0.0,1.0,0.0,1.0,0.0,0.0
8,235,0.0,7.951529754934424,0.0,0.0,0.0,1.0,0.0,0.0
9,235,6.742480564847326,3.286461203244332,1.0,0.0,1.0,0.0,0.0,1.0
10,235,11.42281020926742,11.410735145989024,1.0,0.0,0.0,0.0,1.0,1.0
11,235,11.50478296728696,6.615951855771541,1.0,0.0,1.0,0.0,0.0,1.0
12,235,12.0,7.169143283646676,0.0,0.0,1.0,1.0,0.0,0.0
13,235,7.8316621419310835,6.730365802764045,0.0,0.0,1.0,0.0,0.0,0.0
14,235,5.921092043423526,11.897159204565506,1.0,1.0,1.0,0.0,0.0,1.0
15,235,2.7918110398136813,0.0,0.0,0.0,0.0,1.0,1.0,0.0
16,235,3.424205016065571,0.0,0.0,0.0,0.0,0.0,1.0,1.0
17,235,7.900933295340232,9.218052490175388,0.0,0.0,0.0,0.0,1.0,1.0
18,235,9.437501533265236,10.722973806363106,0.0,1.0,0.0,0.0,0.0,1.0
19,235,5.6565339055432,8.77968925462971,0.0,1.0,0.0,0.0,1.0,0.0
0,240,6.30067342202668,9.834099400206544,0.0,0.0,1.0,1.0,1.0,0.0
1,240,5.486253419099113,10.767394488889371,0.0,0.0,1.0,0.0,0.0,0.0
2,240,9.885234167144247,5.108376552948737,1.0,0.0,0.0,1.0,1.0,1.0
3,240,1.445841171753694,2.4609446723180546,0.0,0.0,0.0,0.0,1.0,1.0
4,240,5.311652138962088,1.3068973307612264,1.0,0.0,1.0,0.0,1.0,1.0
5,240,7.47320195194451,7.681331784208474,0.0,1.0,0.0,0.0,0.0,0.0
6,240,2.565412099691484,4.485610665237522,0.0,1.0,0.0,1.0,1.0,0.0
7,240,2.1034663044680597,1.9520701123225968,0.0,1.0,0.0,1.0,0.0,0.0
8,240,0.0,7.855100762298963,0.0,0.0,0.0,1.0,0.0,0.0
9,240,6.755020793359764,3.4652663704733566,1.0,0.0,1.0,0.0,0.0,1.0
10,240,11.414333269828658,11.385621560411389,1.0,0.0,0.0,0.0,1.0,1.0
11,240,11.529536199744523,6.565046114761175,1.0,0.0,1.0,0.0,0.0,1.0
12,240,12.0,7.114744029272879,0.0,0.0,1.0,1.0,0.0,0.0
13,240,7.853340332125365,6.749066728042386,0.0,0.0,1.0,0.0,0.0,0.0
14,240,5.854665902232097,11.926090874797964,1.0,1.0,1.0,0.0,0.0,1.0
15,240,2.7888460514833118,0.0,0.0,0.0,0.0,1.0,1.0,0.0
16,240,3.3931605421775863,0.0,0.0,0.0,0.0,0.0,1.0,1.0
17,240,7.825748859262008,9.252900625798272,0.0,0.0,0.0,0.0,1.0,1.0
18,240,9.401874409474647,10.76260422697723,0.0,1.0,0.0,0.0,0.0,1.0
19,240,5.643903103551422,8.80424574941394,0.0,1.0,0.0,0.0,1.0,0.0
0,245,6.1918108459622925,9.861524557479957,0.0,0.0,1.0,1.0,1.0,0.0
1,245,5.45210995257977,10.807611656446436,0.0,0.0,1.0,0.0,0.0,0.0
2,245,9.815868686420451,5.124296607358639,1.0,0.0,0.0,1.0,1.0,1.0
3,245,1.4733660102006505,2.4835323385682235,0.0,0.0,0.0,0.0,1.0,1.0
4,245,5.096524395923618,1.206004524867096,1.0,0.0,1.0,0.0,1.0,1.0
5,245,7.606946571762877,7.81943384789245,0.0,1.0,0.0,0.0,0.0,0.0
6,245,2.4972129683922564,4.465496977074621,0.0,1.0,0.0,1.0,1.0,0.0
7,245,2.080941061491134,1.889918309974833,0.0,1.0,0.0,1.0,0.0,0.0
8,245,0.0,7.750111144761744,0.0,0.0,0.0,1.0,0.0,0.0
9,245,6.773979719569987,3.648327065436156,1.0,0.0,1.0,0.0,0.0,1.0
10,245,11.410966189485048,11.375663692956882,1.0,0.0,0.0,0.0,1.0,1.0
11,245,11.551182451062992,6.520652682188467,1.0,0.0,1.0,0.0,0.0,1.0
12,245,12.0,7.046836992486259,0.0,0.0,1.0,1.0,0.0,0.0
13,245,7.866443243845422,6.760842917803723,0.0,0.0,1.0,0.0,0.0,0.0
14,245,5.773193439239298,11.962615036317544,1.0,1.0,1.0,0.0,0.0,1.0
15,245,2.785259962954914,0.0,0.0,0.0,0.0,1.0,1.0,0.0
16,245,3.3598607626801784,0.0,0.0,0.0,0.0,0.0,1.0,1.0
17,245,7.761385472228681,9.28102939930268,0.0,0.0,0.0,0.0,1.0,1.0
18,245,9.367827172337666,10.802075507019596,0.0,1.0,0.0,0.0,0.0,1.0
19,245,5.626870652737979,8.840811430867655,0.0,1.0,0.0,0.0,1.0,0.0
0,250,6.075616505089713,9.891494249493691,0.0,0.0,1.0,1.0,1.0,0.0
1,250,5.411637971214778,10.85512704901002,0.0,0.0,1.0,0.0,0.0,0.0
2,250,9.831365519752207,5.19015101925623,1.0,0.0,0.0,1.0,1.0,1.0
3,250,1.483531037504511,2.491749191315886,0.0,0.0,0.0,0.0,1.0,1.0
4,250,4.8970545672638925,1.1057509166966433,1.0,0.0,1.0,0.0,1.0,1.0
5,250,7.7468342335749405,7.958273216696088,0.0,1.0,0.0,0.0,0.0,0.0
6,250,2.430099872631874,4.44700347385372,0.0,1.0,0.0,1.0,1.0,0.0
7,250,2.055326657318712,1.8222629348878248,0.0,1.0,0.0,1.0,0.0,0.0
8,250,0.0,7.648374115022436,0.0,0.0,0.0,1.0,0.0,0.0
9,250,6.795484484141465,3.835253970969154,1.0,0.0,1.0,0.0,0.0,1.0
10,250,11.408669262413998,11.368930077169908,1.0,0.0,0.0,0.0,1.0,1.0
11,250,11.572875955824392,6.476555297397257,1.0,0.0,1.0,0.0,0.0,1.0
12,250,12.0,6.97316476952962,0.0,0.0,1.0,1.0,0.0,0.0
13,250,7.86646237673872,6.760859729964811,0.0,0.0,1.0,0.0,0.0,0.0
14,250,5.694125580079872,11.997684789450004,1.0,1.0,1.0,0.0,0.0,1.0
15,250,2.783727651584583,0.0,0.0,0.0,0.0,1.0,1.0,0.0
16,250,3.313543358037941,0.0,0.0,0.0,0.0,0.0,1.0,1.0
17,250,7.702475188355873,9.307540121410469,0.0,0.0,0.0,0.0,1.0,1.0
18,250,9.320537178746417,10.855997701631008,0.0,1.0,0.0,0.0,0.0,1.0
19,250,5.607941117892643,8.882178620641904,0.0,1.0,0.0,0.0,1.0,0.0
0,255,5.988149019169523,9.915772093218676,0.0,0.0,1.0,1.0,1.0,0.0
1,255,5.3646562223669125,10.910156567022463,0.0,0.0,1.0,0.0,0.0,0.0
2,255,9.84466518133818,5.253880163866515,1.0,0.0,0.0,1.0,1.0,1.0
3,255,1.4881150843023825,2.4953747928226755,0.0,0.0,0.0,0.0,1.0,1.0
4,255,4.7096324902049815,1.01254973599675,1.0,0.0,1.0,0.0,1.0,1.0
5,255,7.873871975266789,8.086757558463093,0.0,1.0,0.0,0.0,0.0,0.0
6,255,2.3435659870090597,4.420957006117789,0.0,1.0,0.0,1.0,1.0,0.0
7,255,2.0293897309387443,1.7532131043128505,0.0,1.0,0.0,1.0,0.0,0.0
8,255,0.0,7.550131032985162,0.0,0.0,0.0,1.0,0.0,0.0
9,255,6.823350429763871,4.026690414758445,1.0,0.0,1.0,0.0,0.0,1.0
10,255,11.403592535388606,11.353695680615711,1.0,0.0,0.0,0.0,1.0,1.0
11,255,11.60062571941014,6.425991003886219,1.0,0.0,1.0,0.0,0.0,1.0
12,255,12.0,6.898264062568157,0.0,0.0,1.0,1.0,0.0,0.0
13,255,7.845513952028948,6.742444039160991,0.0,0.0,1.0,0.0,0.0,0.0
14,255,5.63894250861212,12.0,1.0,1.0,1.0,0.0,0.0,1.0
15,255,2.78402854982285,0.0017470958419939,0.0,0.0,0.0,1.0,1.0,0.0
16,255,3.273095215992217,0.0,0.0,0.0,0.0,0.0,1.0,1.0
17,255,7.642253750183706,9.334826930711667,0.0,0.0,0.0,0.0,1.0,1.0
18,255,9.2684655045658,10.9163151436424,0.0,1.0,0.0,0.0,0.0,1.0
19,255,5.58636874122382,8.9291470182102,0.0,1.0,0.0,0.0,1.0,0.0
0,260,5.908347372576912,9.9363573500552,0.0,0.0,1.0,1.0,1.0,0.0
1,260,5.308026978757077,10.97986904983374,0.0,0.0,1.0,0.0,0.0,0.0
2,260,9.856940837476548,5.322830795570927,1.0,0.0,0.0,1.0,1.0,1.0
3,260,1.4884139532630276,2.4956155227706365,0.0,0.0,0.0,0.0,1.0,1.0
4,260,4.51653524427848,0.910110912077952,1.0,0.0,1.0,0.0,1.0,1.0
5,260,7.989190883465641,8.203176737384233,0.0,1.0,0.0,0.0,0.0,0.0
6,260,2.268162687635642,4.399078132390913,0.0,1.0,0.0,1.0,1.0,0.0
7,260,2.0053865637502604,1.690986386698691,0.0,1.0,0.0,1.0,0.0,0.0
8,260,0.0,7.439522404637612,0.0,0.0,0.0,1.0,0.0,0.0
9,260,6.637689686669916,4.055132654287662,1.0,0.0,1.0,0.0,0.0,1.0
10,260,11.401201831907104,11.346508114394386,1.0,0.0,0.0,0.0,1.0,1.0
11,260,11.630997465421036,6.372518576604059,1.0,0.0,1.0,0.0,0.0,1.0
12,260,12.0,6.81632032339306,0.0,0.0,1.0,1.0,0.0,0.0
13,260,7.817670241833644,6.717295025156832,0.0,0.0,1.0,0.0,0.0,0.0
14,260,5.58874094692044,12.0,1.0,1.0,1.0,0.0,0.0,1.0
15,260,2.787031169637214,0.0189286007127033,0.0,0.0,0.0,1.0,1.0,0.0
16,260,3.2311602291127355,0.0,0.0,0.0,0.0,0.0,1.0,1.0
17,260,7.60870866880218,9.349257319147435,0.0,0.0,0.0,0.0,1.0,1.0
18,260,9.24159411677007,10.94849129448756,0.0,1.0,0.0,0.0,0.0,1.0
19,260,5.564694965336537,8.978975955487908,0.0,1.0,0.0,0.0,1.0,0.0
0,265,5.786924198445992,9.965050514556582,0.0,0.0,1.0,1.0,1.0,0.0
1,265,5.256673838212487,11.044699441096013,0.0,0.0,1.0,0.0,0.0,0.0
2,265,9.869919434758993,5.418045809574471,1.0,0.0,0.0,1.0,1.0,1.0
3,265,1.4922594857537947,2.498799251276698,0.0,0.0,0.0,0.0,1.0,1.0
4,265,4.316747933503494,0.8059498758726671,1.0,0.0,1.0,0.0,1.0,1.0
5,265,8.104487610953363,8.332249917262503,0.0,1.0,0.0,0.0,0.0,0.0
6,265,2.191387436870562,4.378635564071062,0.0,1.0,0.0,1.0,1.0,0.0
7,265,1.977528133422702,1.6253945854835,0.0,1.0,0.0,1.0,0.0,0.0
8,265,0.0,7.321638213480551,0.0,0.0,0.0,1.0,0.0,0.0
9,265,6.456209882977945,4.083840066717977,1.0,0.0,1.0,0.0,0.0,1.0
10,265,11.401914065447489,11.348760244919823,1.0,0.0,0.0,0.0,1.0,1.0
11,265,11.65199829332252,6.3370572100422295,1.0,0.0,1.0,0.0,0.0,1.0
12,265,12.0,6.744435998613001,0.0,0.0,1.0,1.0,0.0,0.0
13,265,7.776966219713547,6.681032687727333,0.0,0.0,1.0,0.0,0.0,0.0
14,265,5.554993256156661,12.0,1.0,1.0,1.0,0.0,0.0,1.0
15,265,2.776781882404402,0.0206690878276977,0.0,0.0,0.0,1.0,1.0,0.0
16,265,3.1885698277547263,0.0,0.0,0.0,0.0,0.0,1.0,1.0
17,265,7.569550524929868,9.365356212737634,0.0,0.0,0.0,0.0,1.0,1.0
18,265,9.205144486121336,10.99300214232437,0.0,1.0,0.0,0.0,0.0,1.0
19,265,5.535301268117564,9.050932475343544,0.0,1.0,0.0,0.0,1.0,0.0
0,270,5.681285945535646,9.989268631270974,0.0,0.0,1.0,1.0,1.0,0.0
1,270,5.227909915554704,11.081521613274598,0.0,0.0,1.0,0.0,0.0,0.0
2,270,9.88446343999151,5.5282961441163945,1.0,0.0,0.0,1.0,1.0,1.0
3,270,1.4892783328096495,2.4964043349012166,0.0,0.0,0.0,0.0,1.0,1.0
4,270,4.120828608298792,0.6998141067997846,1.0,0.0,1.0,0.0,1.0,1.0
5,270,8.2206618891675,8.465412738446872,0.0,1.0,0.0,0.0,0.0,0.0
6,270,2.112744546483344,4.355173968302309,0.0,1.0,0.0,1.0,1.0,0.0
7,270,1.9520094119762517,1.5655097893413246,0.0,1.0,0.0,1.0,0.0,0.0
8,270,0.0,7.216554192093423,0.0,0.0,0.0,1.0,0.0,0.0
9,270,6.292685552956896,4.111816660331792,1.0,0.0,1.0,0.0,0.0,1.0
10,270,11.40205713443378,11.349164039951628,1.0,0.0,0.0,0.0,1.0,1.0
11,270,11.674071740426571,6.299632265509812,1.0,0.0,1.0,0.0,0.0,1.0
12,270,12.0,6.680288317954977,0.0,0.0,1.0,1.0,0.0,0.0
13,270,7.725299687750428,6.634843389436621,0.0,0.0,1.0,0.0,0.0,0.0
14,270,5.520577812463764,12.0,1.0,1.0,1.0,0.0,0.0,1.0
15,270,2.75825124783774,0.02373336910503,0.0,0.0,0.0,1.0,1.0,0.0
16,270,3.1485341279786168,0.0,0.0,0.0,0.0,0.0,1.0,1.0
17,270,7.512082201337095,9.386966163420386,0.0,0.0,0.0,0.0,1.0,1.0
18,270,9.16262543262832,11.043976305978166,0.0,1.0,0.0,0.0,0.0,1.0
19,270,5.514019140776795,9.099996755841014,0.0,1.0,0.0,0.0,1.0,0.0
0,275,5.586612188053372,10.011892640009098,0.0,0.0,1.0,1.0,1.0,0.0
1,275,5.195132154063733,11.123398429002927,0.0,0.0,1.0,0.0,0.0,0.0
2,275,9.903716049844316,5.647841495638159,1.0,0.0,0.0,1.0,1.0,1.0
3,275,1.5065208800001295,2.509509892937317,0.0,0.0,0.0,0.0,1.0,1.0
4,275,3.9335084291119897,0.6008663654589637,1.0,0.0,1.0,0.0,1.0,1.0
5,275,8.328122452641448,8.594050207206754,0.0,1.0,0.0,0.0,0.0,0.0
6,275,2.021300103379328,4.330973799838617,0.0,1.0,0.0,1.0,1.0,0.0
7,275,1.929422323380218,1.5138615130609134,0.0,1.0,0.0,1.0,0.0,0.0
8,275,0.0,7.11408462145634,0.0,0.0,0.0,1.0,0.0,0.0
9,275,6.127574374115411,4.1440164698232165,1.0,0.0,1.0,0.0,0.0,1.0
10,275,11.39887575202524,11.339375397898964,1.0,0.0,0.0,0.0,1.0,1.0
11,275,11.679464020486584,6.290105284292795,1.0,0.0,1.0,0.0,0.0,1.0
12,275,12.0,6.626037522353428,0.0,0.0,1.0,1.0,0.0,0.0
13,275,7.666276500702942,6.581300201895676,0.0,0.0,1.0,0.0,0.0,0.0
14,275,5.489377017730563,12.0,1.0,1.0,1.0,0.0,0.0,1.0
15,275,2.7377283336113623,0.0271986178232424,0.0,0.0,0.0,1.0,1.0,0.0
16,275,3.1001006281137315,0.0,0.0,0.0,0.0,0.0,1.0,1.0
17,275,7.487268551937259,9.396844691409552,0.0,0.0,0.0,0.0,1.0,1.0
18,275,9.125303503109574,11.09135455183108,0.0,1.0,0.0,0.0,0.0,1.0
19,275,5.503112089585668,9.1258505668315,0.0,1.0,0.0,0.0,1.0,0.0
0,280,5.509111688842306,10.030331842710446,0.0,0.0,1.0,1.0,1.0,0.0
1,280,5.159663667755332,11.171600859942457,0.0,0.0,1.0,0.0,0.0,0.0
2,280,9.916581886950327,5.748362999628351,1.0,0.0,0.0,1.0,1.0,1.0
3,280,1.5218562169504328,2.521127471327885,0.0,0.0,0.0,0.0,1.0,1.0
4,280,3.728735956541479,0.5004068596675026,1.0,0.0,1.0,0.0,1.0,1.0
5,280,8.436559012423173,8.722162334805347,0.0,1.0,0.0,0.0,0.0,0.0
6,280,1.9236897814270155,4.305910255982089,0.0,1.0,0.0,1.0,1.0,0.0
7,280,1.8999391031277244,1.4514946202160333,0.0,1.0,0.0,1.0,0.0,0.0
8,280,0.0,7.011939674140892,0.0,0.0,0.0,1.0,0.0,0.0
9,280,5.945468062781923,4.172624396466815,1.0,0.0,1.0,0.0,0.0,1.0
10,280,11.39646303637531,11.331921061577894,1.0,0.0,0.0,0.0,1.0,1.0
11,280,11.68417782200026,6.281456979116136,1.0,0.0,1.0,0.0,0.0,1.0
12,280,12.0,6.58834140240008,0.0,0.0,1.0,1.0,0.0,0.0
13,280,7.611245387309451,6.531653089163484,0.0,0.0,1.0,0.0,0.0,0.0
14,280,5.429675029507715,12.0,1.0,1.0,1.0,0.0,0.0,1.0
15,280,2.7102928522816883,0.0319311453879885,0.0,0.0,0.0,1.0,1.0,0.0
16,280,3.046642645072893,0.0,0.0,0.0,0.0,0.0,1.0,1.0
17,280,7.484581844200641,9.397905964320682,0.0,0.0,0.0,0.0,1.0,1.0
18,280,9.08953387191626,11.134655297176115,0.0,1.0,0.0,0.0,0.0,1.0
19,280,5.501154920519362,9.130285531843665,0.0,1.0,0.0,0.0,1.0,0.0
0,285,5.449002756389129,10.043785828774144,0.0,0.0,1.0,1.0,1.0,0.0
1,285,5.130761920060694,11.211502084619235,0.0,0.0,1.0,0.0,0.0,0.0
2,285,9.92818917641761,5.840897926590362,1.0,0.0,0.0,1.0,1.0,1.0
3,285,1.5391444249730422,2.533905252116718,0.0,0.0,0.0,0.0,1.0,1.0
4,285,3.5319752346668505,0.3966775946490302,1.0,0.0,1.0,0.0,1.0,1.0
5,285,8.542362746475709,8.847476014229024,0.0,1.0,0.0,0.0,0.0,0.0
6,285,1.845649160462528,4.286680060531863,0.0,1.0,0.0,1.0,1.0,0.0
7,285,1.872827996006544,1.3953391891394256,0.0,1.0,0.0,1.0,0.0,0.0
8,285,0.0,6.913917305891664,0.0,0.0,0.0,1.0,0.0,0.0
9,285,5.758726792997848,4.2007855271991845,1.0,0.0,1.0,0.0,0.0,1.0
10,285,11.39920332572038,11.34031335684433,1.0,0.0,0.0,0.0,1.0,1.0
11,285,11.694426965057374,6.262948338739022,1.0,0.0,1.0,0.0,0.0,1.0
12,285,12.0,6.567758108861689,0.0,0.0,1.0,1.0,0.0,0.0
13,285,7.543166179688335,6.467290495209832,0.0,0.0,1.0,0.0,0.0,0.0
14,285,5.365596291642767,12.0,1.0,1.0,1.0,0.0,0.0,1.0
15,285,2.66735862764112,0.0386913222652094,0.0,0.0,0.0,1.0,1.0,0.0
16,285,2.98213144951439,0.0,0.0,0.0,0.0,0.0,1.0,1.0
17,285,7.476234628463178,9.401062320057964,0.0,0.0,0.0,0.0,1.0,1.0
18,285,9.07124348859537,11.157145313685522,0.0,1.0,0.0,0.0,0.0,1.0
19,285,5.509767336524643,9.109990465598404,0.0,1.0,0.0,0.0,1.0,0.0
0,290,5.411101841303011,10.051745006118354,0.0,0.0,1.0,1.0,1.0,0.0
1,290,5.084711788722849,11.276008732435272,0.0,0.0,1.0,0.0,0.0,0.0
2,290,9.938944143792886,5.96061406542175,1.0,0.0,0.0,1.0,1.0,1.0
3,290,1.5559255870034676,2.546597033124812,0.0,0.0,0.0,0.0,1.0,1.0
4,290,3.3249346091890346,0.2951141873932563,1.0,0.0,1.0,0.0,1.0,1.0
5,290,8.643136102618788,8.96665536545591,0.0,1.0,0.0,0.0,0.0,0.0
6,290,1.760548779425,4.265330721221573,0.0,1.0,0.0,1.0,1.0,0.0
7,290,1.8408657478814496,1.32511131504656,0.0,1.0,0.0,1.0,0.0,0.0
8,290,0.0,6.813339958981412,0.0,0.0,0.0,1.0,0.0,0.0
9,290,5.558564599767479,4.2289095929366844,1.0,0.0,1.0,0.0,0.0,1.0
10,290,11.406618675520283,11.36192875112594,1.0,0.0,0.0,0.0,1.0,1.0
11,290,11.696301768294902,6.259569024372029,1.0,0.0,1.0,0.0,0.0,1.0
12,290,12.0,6.513833321289676,0.0,0.0,1.0,1.0,0.0,0.0
13,290,7.483604017564427,6.4129266859205005,0.0,0.0,1.0,0.0,0.0,0.0
14,290,5.30022361313551,12.0,1.0,1.0,1.0,0.0,0.0,1.0
15,290,2.6103617773543246,0.0456881068122599,0.0,0.0,0.0,1.0,1.0,0.0
16,290,2.9246611523444206,0.0,0.0,0.0,0.0,0.0,1.0,1.0
17,290,7.472381112312392,9.402612486669106,0.0,0.0,0.0,0.0,1.0,1.0
18,290,9.055496849635356,11.175791521462076,0.0,1.0,0.0,0.0,0.0,1.0
19,290,5.525074657919725,9.07600266793073,0.0,1.0,0.0,0.0,1.0,0.0
0,295,5.386381395242797,10.056631783606166,0.0,0.0,1.0,1.0,1.0,0.0
1,295,5.041269485365478,11.339745676422837,0.0,0.0,1.0,0.0,0.0,0.0
2,295,9.94566467105578,6.068074249489387,1.0,0.0,0.0,1.0,1.0,1.0
3,295,1.5659474898244845,2.553991579499005,0.0,0.0,0.0,0.0,1.0,1.0
4,295,3.112035831347139,0.1927061681275091,1.0,0.0,1.0,0.0,1.0,1.0
5,295,8.744895028550687,9.08501950484512,0.0,1.0,0.0,0.0,0.0,0.0
6,295,1.6780745432429596,4.245270253971177,0.0,1.0,0.0,1.0,1.0,0.0
7,295,1.8059511786360043,1.2496127138714688,0.0,1.0,0.0,1.0,0.0,0.0
8,295,0.0,6.7138188302651605,0.0,0.0,0.0,1.0,0.0,0.0
9,295,5.338357306978064,4.256897565844491,1.0,0.0,1.0,0.0,0.0,1.0
10,295,11.41906326294145,11.396005763131347,1.0,0.0,0.0,0.0,1.0,1.0
11,295,11.692763754394942,6.266137878201027,1.0,0.0,1.0,0.0,0.0,1.0
12,295,12.0,6.447411912936804,0.0,0.0,1.0,1.0,0.0,0.0
13,295,7.430342694749244,6.366330510846882,0.0,0.0,1.0,0.0,0.0,0.0
14,295,5.25554586962034,12.0,1.0,1.0,1.0,0.0,0.0,1.0
15,295,2.5467270246693947,0.0535217378546859,0.0,0.0,0.0,1.0,1.0,0.0
16,295,2.8714543555709504,0.0,0.0,0.0,0.0,0.0,1.0,1.0
17,295,7.47710911872887,9.400775187171291,0.0,0.0,0.0,0.0,1.0,1.0
18,295,9.041828104915371,11.192544110846088,0.0,1.0,0.0,0.0,0.0,1.0
19,295,5.538106478902379,9.044420523702362,0.0,1.0,0.0,0.0,1.0,0.0
