0,0,7.027169057704619,11.069524589244123,0.0,0.0,1.0,1.0,1.0,0.0
1,0,1.9443630785059605,11.046585141795209,0.0,0.0,1.0,0.0,0.0,0.0
2,0,4.991734262327564,9.045008592923583,1.0,0.0,0.0,1.0,1.0,1.0
3,0,9.973989941257912,11.022218671585648,0.0,0.0,0.0,0.0,1.0,1.0
4,0,10.012254731145424,0.0699529500210515,1.0,0.0,1.0,0.0,1.0,1.0
5,0,4.977855714126645,2.9681528060471,0.0,1.0,0.0,0.0,0.0,0.0
6,0,5.966740654135244,4.942327826750595,0.0,1.0,0.0,1.0,1.0,0.0
7,0,10.95518631586904,5.061090107703383,0.0,1.0,0.0,1.0,0.0,0.0
8,0,8.032049376228825,10.026984632261977,0.0,0.0,0.0,1.0,0.0,0.0
9,0,1.048968198043306,10.94142614316872,1.0,0.0,1.0,0.0,0.0,1.0
10,0,5.007887146640629,11.063829973238956,1.0,0.0,0.0,0.0,1.0,1.0
11,0,4.015130874526402,2.9662624801713617,1.0,0.0,1.0,0.0,0.0,1.0
12,0,0.0,8.975044095353432,0.0,0.0,1.0,1.0,0.0,0.0
13,0,11.969879876614607,10.95836579371762,0.0,0.0,1.0,0.0,0.0,0.0
14,0,7.036049764113334,6.03506660715848,1.0,1.0,1.0,0.0,0.0,1.0
15,0,11.05096539288669,6.005558270338163,0.0,0.0,0.0,1.0,1.0,0.0
16,0,5.050027211030341,10.00633205612363,0.0,0.0,0.0,0.0,1.0,1.0
17,0,2.9899084598266152,1.06253534942243,0.0,0.0,0.0,0.0,1.0,1.0
18,0,6.038435692352115,9.972614642454202,0.0,1.0,0.0,0.0,0.0,1.0
19,0,7.046034978036565,10.954064272460808,0.0,1.0,0.0,0.0,1.0,0.0
0,5,7.051745937286471,11.137011850143072,0.0,0.0,1.0,1.0,1.0,0.0
1,5,1.884477059430241,11.09618213498658,0.0,0.0,1.0,0.0,0.0,0.0
2,5,4.986184482634781,9.070116467905246,1.0,0.0,0.0,1.0,1.0,1.0
3,5,9.94871626874406,11.044398757510542,0.0,0.0,0.0,0.0,1.0,1.0
4,5,10.023211742765774,0.1459290429267629,1.0,0.0,1.0,0.0,1.0,1.0
5,5,4.957934008121495,2.9384065762631826,0.0,1.0,0.0,0.0,0.0,0.0
6,5,5.937504882086995,4.890241050354304,0.0,1.0,0.0,1.0,1.0,0.0
7,5,10.913508393577503,5.119863533868597,0.0,1.0,0.0,1.0,0.0,0.0
8,5,8.053652609933016,10.045152546124164,0.0,0.0,0.0,1.0,0.0,0.0
9,5,1.103130268913405,10.873014294886826,1.0,0.0,1.0,0.0,0.0,1.0
10,5,5.016359348844043,11.122805847989186,1.0,0.0,0.0,0.0,1.0,1.0
11,5,4.0300093796803615,2.931106841199936,1.0,0.0,1.0,0.0,0.0,1.0
12,5,0.0,8.961832614005077,0.0,0.0,1.0,1.0,0.0,0.0
13,5,11.94852798296834,10.927399930667756,0.0,0.0,1.0,0.0,0.0,0.0
14,5,7.059238767592355,6.058575216177031,1.0,1.0,1.0,0.0,0.0,1.0
15,5,11.10462983970632,6.011301506181293,0.0,0.0,0.0,1.0,1.0,0.0
16,5,5.11981634524936,10.0172788074904,0.0,0.0,0.0,0.0,1.0,1.0
17,5,2.977218821454438,1.1417081736384265,0.0,0.0,0.0,0.0,1.0,1.0
18,5,6.065940134322959,9.953324140838497,0.0,1.0,0.0,0.0,0.0,1.0
19,5,7.078060016362055,10.919759723225315,0.0,1.0,0.0,0.0,1.0,0.0
0,10,7.080906040055252,11.210858975622234,0.0,0.0,1.0,1.0,1.0,0.0
1,10,1.828382055161228,11.140401059443876,0.0,0.0,1.0,0.0,0.0,0.0
2,10,4.979246851554034,9.098676535501864,1.0,0.0,0.0,1.0,1.0,1.0
3,10,9.925813970696998,11.064948889528097,0.0,0.0,0.0,0.0,1.0,1.0
4,10,10.034150879917831,0.2127533811409312,1.0,0.0,1.0,0.0,1.0,1.0
5,10,4.951657873831106,2.929091549245905,0.0,1.0,0.0,0.0,0.0,0.0
6,10,5.898327101129168,4.821388530243711,0.0,1.0,0.0,1.0,1.0,0.0
7,10,10.882053782402467,5.164922979653221,0.0,1.0,0.0,1.0,0.0,0.0
8,10,8.075757505237137,10.063412258838744,0.0,0.0,0.0,1.0,0.0,0.0
9,10,1.1513184548112845,10.811602653010674,1.0,0.0,1.0,0.0,0.0,1.0
10,10,5.025608709389221,11.186915177606595,1.0,0.0,0.0,0.0,1.0,1.0
11,10,4.033141140263544,2.923540078429768,1.0,0.0,1.0,0.0,0.0,1.0
12,10,0.0,8.95992716459246,0.0,0.0,1.0,1.0,0.0,0.0
13,10,11.933820097249772,10.905975367149574,0.0,0.0,1.0,0.0,0.0,0.0
14,10,7.095929321575296,6.096083557344211,1.0,1.0,1.0,0.0,0.0,1.0
15,10,11.151526593195468,6.016461823053861,0.0,0.0,0.0,1.0,1.0,0.0
16,10,5.201929853351729,10.030229697285334,0.0,0.0,0.0,0.0,1.0,1.0
17,10,2.964247741808019,1.2151444635882762,0.0,0.0,0.0,0.0,1.0,1.0
18,10,6.096848119959849,9.93173706414424,0.0,1.0,0.0,0.0,0.0,1.0
19,10,7.098820602331025,10.897662125232907,0.0,1.0,0.0,0.0,1.0,0.0
0,15,7.12505399481222,11.313583728517347,0.0,0.0,1.0,1.0,1.0,0.0
1,15,1.765968593567557,11.18983773930008,0.0,0.0,1.0,0.0,0.0,0.0
2,15,4.972323066191031,9.125494604430369,1.0,0.0,0.0,1.0,1.0,1.0
3,15,9.919406173897302,11.070688300396752,0.0,0.0,0.0,0.0,1.0,1.0
4,15,10.047780126882026,0.2980305050645855,1.0,0.0,1.0,0.0,1.0,1.0
5,15,4.942295228953472,2.9148731964210794,0.0,1.0,0.0,0.0,0.0,0.0
6,15,5.860327747602067,4.752693610554689,0.0,1.0,0.0,1.0,1.0,0.0
7,15,10.85207965425808,5.21046085107967,0.0,1.0,0.0,1.0,0.0,0.0
8,15,8.096860336599674,10.08002903213468,0.0,0.0,0.0,1.0,0.0,0.0
9,15,1.203084000025479,10.746981788363271,1.0,0.0,1.0,0.0,0.0,1.0
10,15,5.03155649868156,11.235940959000528,1.0,0.0,0.0,0.0,1.0,1.0
11,15,4.031056242966503,2.9286132943291627,1.0,0.0,1.0,0.0,0.0,1.0
12,15,0.0,8.95104343196758,0.0,0.0,1.0,1.0,0.0,0.0
13,15,11.916232684095696,10.881089552722017,0.0,0.0,1.0,0.0,0.0,0.0
14,15,7.139155090402378,6.141878995520582,1.0,1.0,1.0,0.0,0.0,1.0
15,15,11.216320997478167,6.023227105321565,0.0,0.0,0.0,1.0,1.0,0.0
16,15,5.272927052646808,10.041375063792453,0.0,0.0,0.0,0.0,1.0,1.0
17,15,2.9512647720624043,1.2943251608265074,0.0,0.0,0.0,0.0,1.0,1.0
18,15,6.11773217367123,9.91687616864461,0.0,1.0,0.0,0.0,0.0,1.0
19,15,7.136688294778348,10.857608819125012,0.0,1.0,0.0,0.0,1.0,0.0
0,20,7.168563970828706,11.41467315440409,0.0,0.0,1.0,1.0,1.0,0.0
1,20,1.7056339223211108,11.235986922406362,0.0,0.0,1.0,0.0,0.0,0.0
2,20,4.964648295796742,9.155897261161227,1.0,0.0,0.0,1.0,1.0,1.0
3,20,9.91624806499344,11.06715914169828,0.0,0.0,0.0,0.0,1.0,1.0
4,20,10.062807673513474,0.3906030560927142,1.0,0.0,1.0,0.0,1.0,1.0
5,20,4.930088500799343,2.895730548575761,0.0,1.0,0.0,0.0,0.0,0.0
6,20,5.81028376560319,4.658529098424867,0.0,1.0,0.0,1.0,1.0,0.0
7,20,10.8421275804679,5.225006409863548,0.0,1.0,0.0,1.0,0.0,0.0
8,20,8.10962462740331,10.089960250063289,0.0,0.0,0.0,1.0,0.0,0.0
9,20,1.2456872033278743,10.691214385470188,1.0,0.0,1.0,0.0,0.0,1.0
10,20,5.03714191260299,11.28504356478236,1.0,0.0,0.0,0.0,1.0,1.0
11,20,4.0322896708947455,2.9255145878778146,1.0,0.0,1.0,0.0,0.0,1.0
12,20,0.0,8.937905400172768,0.0,0.0,1.0,1.0,0.0,0.0
13,20,11.912580323034582,10.87581391021559,0.0,0.0,1.0,0.0,0.0,0.0
14,20,7.184772056546127,6.190198091706217,1.0,1.0,1.0,0.0,0.0,1.0
15,20,11.272679713112012,6.028752296226816,0.0,0.0,0.0,1.0,1.0,0.0
16,20,5.326645063406192,10.048928570928288,0.0,0.0,0.0,0.0,1.0,1.0
17,20,2.93681419520692,1.3770578295519629,0.0,0.0,0.0,0.0,1.0,1.0
18,20,6.149140643390382,9.893483467581106,0.0,1.0,0.0,0.0,0.0,1.0
19,20,7.17428742261696,10.816499806526863,0.0,1.0,0.0,0.0,1.0,0.0
0,25,7.213990171703027,11.517902731103126,0.0,0.0,1.0,1.0,1.0,0.0
1,25,1.6583209416568958,11.272173455881592,0.0,0.0,1.0,0.0,0.0,0.0
2,25,4.957532627715579,9.184842176360789,1.0,0.0,0.0,1.0,1.0,1.0
3,25,9.90219930672815,11.051477696596637,0.0,0.0,0.0,0.0,1.0,1.0
4,25,10.081883809479203,0.5027577743604943,1.0,0.0,1.0,0.0,1.0,1.0
5,25,4.91409831553094,2.869159964278482,0.0,1.0,0.0,0.0,0.0,0.0
6,25,5.768517765536541,4.578769078643919,0.0,1.0,0.0,1.0,1.0,0.0
7,25,10.83399919337525,5.236482450918567,0.0,1.0,0.0,1.0,0.0,0.0
8,25,8.139587517199114,10.113393477586254,0.0,0.0,0.0,1.0,0.0,0.0
9,25,1.2875786534113751,10.636338067937912,1.0,0.0,1.0,0.0,0.0,1.0
10,25,5.041926659760145,11.322258158583432,1.0,0.0,0.0,0.0,1.0,1.0
11,25,4.0431746719466695,2.8952174057024145,1.0,0.0,1.0,0.0,0.0,1.0
12,25,0.0,8.921073289715789,0.0,0.0,1.0,1.0,0.0,0.0
13,25,11.904946629070231,10.864665843266735,0.0,0.0,1.0,0.0,0.0,0.0
14,25,7.232303220155825,6.237904490945869,1.0,1.0,1.0,0.0,0.0,1.0
15,25,11.309470695247429,6.032382085398357,0.0,0.0,0.0,1.0,1.0,0.0
16,25,5.362845872718924,10.052665247796847,0.0,0.0,0.0,0.0,1.0,1.0
17,25,2.9164293946009447,1.488108986377684,0.0,0.0,0.0,0.0,1.0,1.0
18,25,6.190057400499454,9.86303116806038,0.0,1.0,0.0,0.0,0.0,1.0
19,25,7.216961197041717,10.771298559946908,0.0,1.0,0.0,0.0,1.0,0.0
0,30,7.25980497308401,11.617714046657152,0.0,0.0,1.0,1.0,1.0,0.0
1,30,1.6068009903708376,11.310621669559772,0.0,0.0,1.0,0.0,0.0,0.0
2,30,4.947904188476619,9.222066575262538,1.0,0.0,0.0,1.0,1.0,1.0
3,30,9.886076878116633,11.034180539052898,0.0,0.0,0.0,0.0,1.0,1.0
4,30,10.107515952810234,0.6328700412297606,1.0,0.0,1.0,0.0,1.0,1.0
5,30,4.8975311434318005,2.842358940366319,0.0,1.0,0.0,0.0,0.0,0.0
6,30,5.727609275729921,4.505666072602299,0.0,1.0,0.0,1.0,1.0,0.0
7,30,10.823259633565108,5.252084517195665,0.0,1.0,0.0,1.0,0.0,0.0
8,30,8.171791449084939,10.137528159898585,0.0,0.0,0.0,1.0,0.0,0.0
9,30,1.3396835720781368,10.565790864389887,1.0,0.0,1.0,0.0,0.0,1.0
10,30,5.049338887241713,11.3706624199546,1.0,0.0,0.0,0.0,1.0,1.0
11,30,4.058942788216576,2.849448659955852,1.0,0.0,1.0,0.0,0.0,1.0
12,30,0.0,8.89611589879383,0.0,0.0,1.0,1.0,0.0,0.0
13,30,11.891732908923874,10.84502649073954,0.0,0.0,1.0,0.0,0.0,0.0
14,30,7.259047710529775,6.264852456334419,1.0,1.0,1.0,0.0,0.0,1.0
15,30,11.35324409469487,6.037667878939366,0.0,0.0,0.0,1.0,1.0,0.0
16,30,5.412912820353106,10.05854479414382,0.0,0.0,0.0,0.0,1.0,1.0
17,30,2.8991784642887715,1.5912452824535164,0.0,0.0,0.0,0.0,1.0,1.0
18,30,6.243576619367576,9.822953717390837,0.0,1.0,0.0,0.0,0.0,1.0
19,30,7.256303647148445,10.729493057088344,0.0,1.0,0.0,0.0,1.0,0.0
0,35,7.305313444035963,11.714091285544525,0.0,0.0,1.0,1.0,1.0,0.0
1,35,1.5624650354970266,11.34452123441276,0.0,0.0,1.0,0.0,0.0,0.0
2,35,4.939065060728874,9.256074842863264,1.0,0.0,0.0,1.0,1.0,1.0
3,35,9.862333581715609,11.009475635177692,0.0,0.0,0.0,0.0,1.0,1.0
4,35,10.1318488055553,0.7446202085352361,1.0,0.0,1.0,0.0,1.0,1.0
5,35,4.887534542563262,2.826523895899136,0.0,1.0,0.0,0.0,0.0,0.0
6,35,5.699478764058033,4.454863303611269,0.0,1.0,0.0,1.0,1.0,0.0
7,35,10.813949452786098,5.265593490641207,0.0,1.0,0.0,1.0,0.0,0.0
8,35,8.214305504196776,10.169824335737957,0.0,0.0,0.0,1.0,0.0,0.0
9,35,1.386765646064159,10.501570289095746,1.0,0.0,1.0,0.0,0.0,1.0
10,35,5.055686398874181,11.412490219509795,1.0,0.0,0.0,0.0,1.0,1.0
11,35,4.067157915268339,2.8239467706638166,1.0,0.0,1.0,0.0,0.0,1.0
12,35,0.0,8.870121161262787,0.0,0.0,1.0,1.0,0.0,0.0
13,35,11.880038808799329,10.827359692835708,0.0,0.0,1.0,0.0,0.0,0.0
14,35,7.281789465643238,6.289335724807927,1.0,1.0,1.0,0.0,0.0,1.0
15,35,11.364307845936732,6.03875003981331,0.0,0.0,0.0,1.0,1.0,0.0
16,35,5.449599449899294,10.062462047757778,0.0,0.0,0.0,0.0,1.0,1.0
17,35,2.882720982315253,1.6941729810435908,0.0,0.0,0.0,0.0,1.0,1.0
18,35,6.305739328258783,9.775795106621375,0.0,1.0,0.0,0.0,0.0,1.0
19,35,7.304096083440164,10.679626870398378,0.0,1.0,0.0,0.0,1.0,0.0
0,40,7.352847511019918,11.812268433555436,0.0,0.0,1.0,1.0,1.0,0.0
1,40,1.542177059920385,11.36058825525254,0.0,0.0,1.0,0.0,0.0,0.0
2,40,4.933851218485856,9.27560159008736,1.0,0.0,0.0,1.0,1.0,1.0
3,40,9.825041701114932,10.969753157756132,0.0,0.0,0.0,0.0,1.0,1.0
4,40,10.15483998083685,0.8549766306830962,1.0,0.0,1.0,0.0,1.0,1.0
5,40,4.872484314693426,2.8021004671016816,0.0,1.0,0.0,0.0,0.0,0.0
6,40,5.678519981954467,4.41909488239626,0.0,1.0,0.0,1.0,1.0,0.0
7,40,10.797532687825225,5.290088024150713,0.0,1.0,0.0,1.0,0.0,0.0
8,40,8.242168969942297,10.191820132673875,0.0,0.0,0.0,1.0,0.0,0.0
9,40,1.4363337450814984,10.434196330410044,1.0,0.0,1.0,0.0,0.0,1.0
10,40,5.061432585568982,11.452627565169424,1.0,0.0,0.0,0.0,1.0,1.0
11,40,4.075584292174805,2.7981734270503678,1.0,0.0,1.0,0.0,0.0,1.0
12,40,0.0,8.841954297548618,0.0,0.0,1.0,1.0,0.0,0.0
13,40,11.870463471498024,10.811189205717136,0.0,0.0,1.0,0.0,0.0,0.0
14,40,7.30102786338139,6.311903865830083,1.0,1.0,1.0,0.0,0.0,1.0
15,40,11.36699802415073,6.039058992470114,0.0,0.0,0.0,1.0,1.0,0.0
16,40,5.504001240786495,10.067787748150131,0.0,0.0,0.0,0.0,1.0,1.0
17,40,2.8681466125784083,1.7885722744352488,0.0,0.0,0.0,0.0,1.0,1.0
18,40,6.345342756221801,9.744575327092988,0.0,1.0,0.0,0.0,0.0,1.0
19,40,7.35766085389335,10.623926792190089,0.0,1.0,0.0,0.0,1.0,0.0
0,45,7.397531768847457,11.907201383168522,0.0,0.0,1.0,1.0,1.0,0.0
1,45,1.5370714837537391,11.364784644423455,0.0,0.0,1.0,0.0,0.0,0.0
2,45,4.931409263966685,9.28500366482446,1.0,0.0,0.0,1.0,1.0,1.0
3,45,9.782207877467233,10.92227406721782,0.0,0.0,0.0,0.0,1.0,1.0
4,45,10.17435162225434,0.9454519422603328,1.0,0.0,1.0,0.0,1.0,1.0
5,45,4.872152610274745,2.8015336050167967,0.0,1.0,0.0,0.0,0.0,0.0
6,45,5.672185060214213,4.408594111719772,0.0,1.0,0.0,1.0,1.0,0.0
7,45,10.776310585185623,5.322031097372437,0.0,1.0,0.0,1.0,0.0,0.0
8,45,8.224260170473794,10.215107318630375,0.0,0.0,0.0,1.0,0.0,0.0
9,45,1.5059702823554533,10.340667436486614,1.0,0.0,1.0,0.0,0.0,1.0
10,45,5.067458170177845,11.500079076797965,1.0,0.0,0.0,0.0,1.0,1.0
11,45,4.087869990837391,2.759665807857011,1.0,0.0,1.0,0.0,0.0,1.0
12,45,0.0,8.820389910514852,0.0,0.0,1.0,1.0,0.0,0.0
13,45,11.85334704630415,10.783278282090594,0.0,0.0,1.0,0.0,0.0,0.0
14,45,7.337236788544832,6.354913588128839,1.0,1.0,1.0,0.0,0.0,1.0
15,45,11.386001064103546,6.041178356466741,0.0,0.0,0.0,1.0,1.0,0.0
16,45,5.538688532669693,10.072139963466526,0.0,0.0,0.0,0.0,1.0,1.0
17,45,2.851976879607486,1.8873761710157395,0.0,0.0,0.0,0.0,1.0,1.0
18,45,6.400478930791736,9.706195958089898,0.0,1.0,0.0,0.0,0.0,1.0
19,45,7.41174895638235,10.568229197040091,0.0,1.0,0.0,0.0,1.0,0.0
0,50,7.444097119189156,12.0,0.0,0.0,1.0,1.0,1.0,0.0
1,50,1.527207509992888,11.372518093791085,0.0,0.0,1.0,0.0,0.0,0.0
2,50,4.932567226973735,9.281013153026716,1.0,0.0,0.0,1.0,1.0,1.0
3,50,9.739666522095714,10.878180674177855,0.0,0.0,0.0,0.0,1.0,1.0
4,50,10.192544495704496,1.0270069922269385,1.0,0.0,1.0,0.0,1.0,1.0
5,50,4.871589091216283,2.800576507148449,0.0,1.0,0.0,0.0,0.0,0.0
6,50,5.656355264601335,4.385025661361705,0.0,1.0,0.0,1.0,1.0,0.0
7,50,10.746385844405191,5.366313243701025,0.0,1.0,0.0,1.0,0.0,0.0
8,50,8.195793135489541,10.250137248560137,0.0,0.0,0.0,1.0,0.0,0.0
9,50,1.5770185980277704,10.2529119219845,1.0,0.0,1.0,0.0,0.0,1.0
10,50,5.074658455421826,11.552489133876952,1.0,0.0,0.0,0.0,1.0,1.0
11,50,4.10380369636501,2.7102134947142265,1.0,0.0,1.0,0.0,0.0,1.0
12,50,0.0,8.809075052011641,0.0,0.0,1.0,1.0,0.0,0.0
13,50,11.83945237302528,10.760299724468188,0.0,0.0,1.0,0.0,0.0,0.0
14,50,7.376320967345895,6.399697906977114,1.0,1.0,1.0,0.0,0.0,1.0
15,50,11.416072769431356,6.044270865043345,0.0,0.0,0.0,1.0,1.0,0.0
16,50,5.576488905775655,10.076901875657342,0.0,0.0,0.0,0.0,1.0,1.0
17,50,2.831584933059787,1.9954831794118744,0.0,0.0,0.0,0.0,1.0,1.0
18,50,6.469267352034093,9.65762207513852,0.0,1.0,0.0,0.0,0.0,1.0
19,50,7.472471029298126,10.505655707715848,0.0,1.0,0.0,0.0,1.0,0.0
0,55,7.486319343883958,12.0,0.0,0.0,1.0,1.0,1.0,0.0
1,55,1.4977076362917143,11.395973049475831,0.0,0.0,1.0,0.0,0.0,0.0
2,55,4.935532226569194,9.271512178034422,1.0,0.0,0.0,1.0,1.0,1.0
3,55,9.702884117101087,10.839412293589689,0.0,0.0,0.0,0.0,1.0,1.0
4,55,10.213137255247563,1.120590975747835,1.0,0.0,1.0,0.0,1.0,1.0
5,55,4.878179492061985,2.8123191742551907,0.0,1.0,0.0,0.0,0.0,0.0
6,55,5.63902108268705,4.359354798424772,0.0,1.0,0.0,1.0,1.0,0.0
7,55,10.720439453944662,5.404665014621105,0.0,1.0,0.0,1.0,0.0,0.0
8,55,8.174465149749333,10.27541541839236,0.0,0.0,0.0,1.0,0.0,0.0
9,55,1.6496506086726987,10.163459253623804,1.0,0.0,1.0,0.0,0.0,1.0
10,55,5.081379416539242,11.60493064707155,1.0,0.0,0.0,0.0,1.0,1.0
11,55,4.12697204748789,2.6433280001555644,1.0,0.0,1.0,0.0,0.0,1.0
12,55,0.0,8.801639366947716,0.0,0.0,1.0,1.0,0.0,0.0
13,55,11.833932411575455,10.75079018259146,0.0,0.0,1.0,0.0,0.0,0.0
14,55,7.414913602744023,6.444807081221998,1.0,1.0,1.0,0.0,0.0,1.0
15,55,11.43352538649497,6.046562509905955,0.0,0.0,0.0,1.0,1.0,0.0
16,55,5.608925664388628,10.080619078440852,0.0,0.0,0.0,0.0,1.0,1.0
17,55,2.804632195257509,2.115952391378577,0.0,0.0,0.0,0.0,1.0,1.0
18,55,6.540892228330316,9.604530636009702,0.0,1.0,0.0,0.0,0.0,1.0
19,55,7.540337996152323,10.436517970575997,0.0,1.0,0.0,0.0,1.0,0.0
0,60,7.525846029819159,12.0,0.0,0.0,1.0,1.0,1.0,0.0
1,60,1.4650074953122505,11.422242709143651,0.0,0.0,1.0,0.0,0.0,0.0
2,60,4.940021672738587,9.257813939673762,1.0,0.0,0.0,1.0,1.0,1.0
3,60,9.657946737101152,10.793321374647784,0.0,0.0,0.0,0.0,1.0,1.0
4,60,10.230591898565896,1.2138434347355365,1.0,0.0,1.0,0.0,1.0,1.0
5,60,4.888384767619272,2.830391642957696,0.0,1.0,0.0,0.0,0.0,0.0
6,60,5.6273288958928935,4.343544793741835,0.0,1.0,0.0,1.0,1.0,0.0
7,60,10.69534977979272,5.44363332321378,0.0,1.0,0.0,1.0,0.0,0.0
8,60,8.161082066884186,10.29129854231918,0.0,0.0,0.0,1.0,0.0,0.0
9,60,1.7233792602317597,10.075245672928476,1.0,0.0,1.0,0.0,0.0,1.0
10,60,5.091439123363809,11.672388584018456,1.0,0.0,0.0,0.0,1.0,1.0
11,60,4.1538844721472605,2.5616608796195623,1.0,0.0,1.0,0.0,0.0,1.0
12,60,0.0,8.787139592909005,0.0,0.0,1.0,1.0,0.0,0.0
13,60,11.81662108066775,10.721511613703894,0.0,0.0,1.0,0.0,0.0,0.0
14,60,7.445704220574826,6.479292737793728,1.0,1.0,1.0,0.0,0.0,1.0
15,60,11.435565757098288,6.046829350367576,0.0,0.0,0.0,1.0,1.0,0.0
16,60,5.648570724699011,10.086295950778435,0.0,0.0,0.0,0.0,1.0,1.0
17,60,2.771576823902647,2.2517449008599097,0.0,0.0,0.0,0.0,1.0,1.0
18,60,6.597769061016904,9.563355356886436,0.0,1.0,0.0,0.0,0.0,1.0
19,60,7.602187309824495,10.37568248755162,0.0,1.0,0.0,0.0,1.0,0.0
0,65,7.561191664046928,12.0,0.0,0.0,1.0,1.0,1.0,0.0
1,65,1.427085271161015,11.453326341508816,0.0,0.0,1.0,0.0,0.0,0.0
2,65,4.947006762445364,9.234550700677524,1.0,0.0,0.0,1.0,1.0,1.0
3,65,9.59826688428455,10.730446729761294,0.0,0.0,0.0,0.0,1.0,1.0
4,65,10.24346743915697,1.3059162515135117,1.0,0.0,1.0,0.0,1.0,1.0
5,65,4.900181323137312,2.849815275013164,0.0,1.0,0.0,0.0,0.0,0.0
6,65,5.6233768961915365,4.338247806196456,0.0,1.0,0.0,1.0,1.0,0.0
7,65,10.670179608495948,5.483061175764276,0.0,1.0,0.0,1.0,0.0,0.0
8,65,8.165338756483335,10.28633378369472,0.0,0.0,0.0,1.0,0.0,0.0
9,65,1.793710776488702,9.99499809664912,1.0,0.0,1.0,0.0,0.0,1.0
10,65,5.102842400902602,11.744001644741308,1.0,0.0,0.0,0.0,1.0,1.0
11,65,4.185102176197912,2.459349261311685,1.0,0.0,1.0,0.0,0.0,1.0
12,65,0.0,8.779551989065613,0.0,0.0,1.0,1.0,0.0,0.0
13,65,11.80470164168601,10.701846562187091,0.0,0.0,1.0,0.0,0.0,0.0
14,65,7.485083217128897,6.522670279984314,1.0,1.0,1.0,0.0,0.0,1.0
15,65,11.433684274665184,6.046573629351442,0.0,0.0,0.0,1.0,1.0,0.0
16,65,5.67505776698412,10.090008033847054,0.0,0.0,0.0,0.0,1.0,1.0
17,65,2.739600712534256,2.385224756071603,0.0,0.0,0.0,0.0,1.0,1.0
18,65,6.663507779315908,9.516001756145196,0.0,1.0,0.0,0.0,0.0,1.0
19,65,7.675392710050302,10.307325333915738,0.0,1.0,0.0,0.0,1.0,0.0
0,70,7.591846581508578,12.0,0.0,0.0,1.0,1.0,1.0,0.0
1,70,1.390349602472576,11.484430768092222,0.0,0.0,1.0,0.0,0.0,0.0
2,70,4.947255125029103,9.233643042925094,1.0,0.0,0.0,1.0,1.0,1.0
3,70,9.530677551613186,10.66126436614774,0.0,0.0,0.0,0.0,1.0,1.0
4,70,10.25574959492841,1.3976030290143304,1.0,0.0,1.0,0.0,1.0,1.0
5,70,4.902311727076087,2.85335938029557,0.0,1.0,0.0,0.0,0.0,0.0
6,70,5.626047006198018,4.342061182414204,0.0,1.0,0.0,1.0,1.0,0.0
7,70,10.648241893986391,5.51750837350712,0.0,1.0,0.0,1.0,0.0,0.0
8,70,8.185752821294347,10.262179817807604,0.0,0.0,0.0,1.0,0.0,0.0
9,70,1.8576164262806665,9.92147962718473,1.0,0.0,1.0,0.0,0.0,1.0
10,70,5.044601980505647,11.75349797842525,1.0,0.0,0.0,0.0,1.0,1.0
11,70,4.212612455068985,2.371019333287069,1.0,0.0,1.0,0.0,0.0,1.0
12,70,0.0078860301135931,8.786177761379223,0.0,0.0,1.0,1.0,0.0,0.0
13,70,11.791326963495171,10.678570726515572,0.0,0.0,1.0,0.0,0.0,0.0
14,70,7.532280514336435,6.57608358059644,1.0,1.0,1.0,0.0,0.0,1.0
15,70,11.43110595307871,6.046279108222283,0.0,0.0,0.0,1.0,1.0,0.0
16,70,5.72800869328632,10.09895783257307,0.0,0.0,0.0,0.0,1.0,1.0
17,70,2.7084948945710545,2.5162378710699325,0.0,0.0,0.0,0.0,1.0,1.0
18,70,6.732115309071995,9.463353586609566,0.0,1.0,0.0,0.0,0.0,1.0
19,70,7.740851781429681,10.247462766516731,0.0,1.0,0.0,0.0,1.0,0.0
0,75,7.626124309430216,12.0,0.0,0.0,1.0,1.0,1.0,0.0
1,75,1.3528426411746266,11.51642614432189,0.0,0.0,1.0,0.0,0.0,0.0
2,75,4.9410729436753975,9.254780947065033,1.0,0.0,0.0,1.0,1.0,1.0
3,75,9.461814184968516,10.58930212272817,0.0,0.0,0.0,0.0,1.0,1.0
4,75,10.267822029164762,1.4959153419338105,1.0,0.0,1.0,0.0,1.0,1.0
5,75,4.901800048822928,2.8524610341520167,0.0,1.0,0.0,0.0,0.0,0.0
6,75,5.644656397420886,4.368320277123856,0.0,1.0,0.0,1.0,1.0,0.0
7,75,10.637407657488737,5.5346660163222925,0.0,1.0,0.0,1.0,0.0,0.0
8,75,8.196672984880205,10.249287208537902,0.0,0.0,0.0,1.0,0.0,0.0
9,75,1.926577440023867,9.840921117017384,1.0,0.0,1.0,0.0,0.0,1.0
10,75,5.006150584782917,11.759592333421525,1.0,0.0,0.0,0.0,1.0,1.0
11,75,4.237034480246295,2.2871786345393,1.0,0.0,1.0,0.0,0.0,1.0
12,75,0.0128202892405042,8.790297727224235,0.0,0.0,1.0,1.0,0.0,0.0
13,75,11.786927805748052,10.670825615889616,0.0,0.0,1.0,0.0,0.0,0.0
14,75,7.584876566446788,6.634468545107238,1.0,1.0,1.0,0.0,0.0,1.0
15,75,11.44518643275904,6.047707188199575,0.0,0.0,0.0,1.0,1.0,0.0
16,75,5.762341569844986,10.103697898004338,0.0,0.0,0.0,0.0,1.0,1.0
17,75,2.6781514405825155,2.64059876300164,0.0,0.0,0.0,0.0,1.0,1.0
18,75,6.78553226930618,9.423494213911123,0.0,1.0,0.0,0.0,0.0,1.0
19,75,7.791230713170965,10.200213960067233,0.0,1.0,0.0,0.0,1.0,0.0
0,80,7.660843146573228,12.0,0.0,0.0,1.0,1.0,1.0,0.0
1,80,1.316112842118544,11.549398030256295,0.0,0.0,1.0,0.0,0.0,0.0
2,80,4.930607425931931,9.29231473393007,1.0,0.0,0.0,1.0,1.0,1.0
3,80,9.381082281840827,10.507784783709909,0.0,0.0,0.0,0.0,1.0,1.0
4,80,10.280401687119427,1.598907992510048,1.0,0.0,1.0,0.0,1.0,1.0
5,80,4.893280677342339,2.8375694518563184,0.0,1.0,0.0,0.0,0.0,0.0
6,80,5.65072777774085,4.376390146209127,0.0,1.0,0.0,1.0,1.0,0.0
7,80,10.636768226121902,5.535681697853502,0.0,1.0,0.0,1.0,0.0,0.0
8,80,8.214270731830158,10.229244205944951,0.0,0.0,0.0,1.0,0.0,0.0
9,80,1.9877203706995172,9.76400631976683,1.0,0.0,1.0,0.0,0.0,1.0
10,80,4.983185968712704,11.763754569931972,1.0,0.0,0.0,0.0,1.0,1.0
11,80,4.263526229798631,2.194241100538983,1.0,0.0,1.0,0.0,0.0,1.0
12,80,0.0096455959501922,8.787762595744384,0.0,0.0,1.0,1.0,0.0,0.0
13,80,11.791057036714257,10.678341936316295,0.0,0.0,1.0,0.0,0.0,0.0
14,80,7.64270733015777,6.70021254035501,1.0,1.0,1.0,0.0,0.0,1.0
15,80,11.471579368288344,6.050648464764056,0.0,0.0,0.0,1.0,1.0,0.0
16,80,5.795388469955902,10.10780522029261,0.0,0.0,0.0,0.0,1.0,1.0
17,80,2.642545978034871,2.772815517321011,0.0,0.0,0.0,0.0,1.0,1.0
18,80,6.838651455083682,9.382815769386736,0.0,1.0,0.0,0.0,0.0,1.0
19,80,7.826303453481461,10.166347589753304,0.0,1.0,0.0,0.0,1.0,0.0
0,85,7.694686085675999,12.0,0.0,0.0,1.0,1.0,1.0,0.0
1,85,1.3625170216913682,11.600411005017266,0.0,0.0,1.0,0.0,0.0,0.0
2,85,4.897587635180762,9.282442850244069,1.0,0.0,0.0,1.0,1.0,1.0
3,85,9.299179335992232,10.423027692191148,0.0,0.0,0.0,0.0,1.0,1.0
4,85,10.29559096043269,1.7031990109603212,1.0,0.0,1.0,0.0,1.0,1.0
5,85,4.884321616260925,2.822184670197956,0.0,1.0,0.0,0.0,0.0,0.0
6,85,5.649904128900911,4.375328563305586,0.0,1.0,0.0,1.0,1.0,0.0
7,85,10.645035191369765,5.522828378724531,0.0,1.0,0.0,1.0,0.0,0.0
8,85,8.230553376184073,10.211291514326374,0.0,0.0,0.0,1.0,0.0,0.0
9,85,2.0440699855624254,9.68804088555912,1.0,0.0,1.0,0.0,0.0,1.0
10,85,4.954180567314285,11.76974632175708,1.0,0.0,0.0,0.0,1.0,1.0
11,85,4.285317679424728,2.120148411578308,1.0,0.0,1.0,0.0,0.0,1.0
12,85,0.0153386883525884,8.792300830932748,0.0,0.0,1.0,1.0,0.0,0.0
13,85,11.797701009018576,10.691116891150545,0.0,0.0,1.0,0.0,0.0,0.0
14,85,7.710598900072879,6.776382927406275,1.0,1.0,1.0,0.0,0.0,1.0
15,85,11.514486085615928,6.056733126385304,0.0,0.0,0.0,1.0,1.0,0.0
16,85,5.815018920187275,10.110167991709869,0.0,0.0,0.0,0.0,1.0,1.0
17,85,2.614071751384004,2.896347834120355,0.0,0.0,0.0,0.0,1.0,1.0
18,85,6.885291565966575,9.347166914724069,0.0,1.0,0.0,0.0,0.0,1.0
19,85,7.865264451936368,10.128283798661023,0.0,1.0,0.0,0.0,1.0,0.0
0,90,7.72914463198383,12.0,0.0,0.0,1.0,1.0,1.0,0.0
1,90,1.394984121538356,11.636878363568988,0.0,0.0,1.0,0.0,0.0,0.0
2,90,4.859686924942432,9.271679757880587,1.0,0.0,0.0,1.0,1.0,1.0
3,90,9.205749396824508,10.328644163517051,0.0,0.0,0.0,0.0,1.0,1.0
4,90,10.310861002283204,1.823512697852356,1.0,0.0,1.0,0.0,1.0,1.0
5,90,4.856400291130817,2.776539428045856,0.0,1.0,0.0,0.0,0.0,0.0
6,90,5.653463731142672,4.379704282698524,0.0,1.0,0.0,1.0,1.0,0.0
7,90,10.660911744884125,5.499946884242804,0.0,1.0,0.0,1.0,0.0,0.0
8,90,8.243082896891815,10.196428155345004,0.0,0.0,0.0,1.0,0.0,0.0
9,90,2.092460247908392,9.621087492627924,1.0,0.0,1.0,0.0,0.0,1.0
10,90,4.919365191236079,11.775972379176787,1.0,0.0,0.0,0.0,1.0,1.0
11,90,4.312851643500352,2.0361477531722927,1.0,0.0,1.0,0.0,0.0,1.0
12,90,0.0176836015032974,8.794066146277386,0.0,0.0,1.0,1.0,0.0,0.0
13,90,11.803725211873704,10.702901471129818,0.0,0.0,1.0,0.0,0.0,0.0
14,90,7.781059138213066,6.853737951665677,1.0,1.0,1.0,0.0,0.0,1.0
15,90,11.551562487438655,6.061718435223577,0.0,0.0,0.0,1.0,1.0,0.0
16,90,5.831037559211076,10.112529539490223,0.0,0.0,0.0,0.0,1.0,1.0
17,90,2.5915441265084644,3.00495426300255,0.0,0.0,0.0,0.0,1.0,1.0
18,90,6.848066817428343,9.29742927968117,0.0,1.0,0.0,0.0,0.0,1.0
19,90,7.915238490365286,10.079805572889448,0.0,1.0,0.0,0.0,1.0,0.0
0,95,7.761426346881434,12.0,0.0,0.0,1.0,1.0,1.0,0.0
1,95,1.428513140545954,11.67416715897488,0.0,0.0,1.0,0.0,0.0,0.0
2,95,4.814078052620968,9.258136494649628,1.0,0.0,0.0,1.0,1.0,1.0
3,95,9.097355166386912,10.218537886925848,0.0,0.0,0.0,0.0,1.0,1.0
4,95,10.326706170162348,1.941681049637678,1.0,0.0,1.0,0.0,1.0,1.0
5,95,4.81432935648082,2.709730929537552,0.0,1.0,0.0,0.0,0.0,0.0
6,95,5.652647406684798,4.37868625730498,0.0,1.0,0.0,1.0,1.0,0.0
7,95,10.675820028785592,5.477214378461638,0.0,1.0,0.0,1.0,0.0,0.0
8,95,8.246644909253735,10.192025994573612,0.0,0.0,0.0,1.0,0.0,0.0
9,95,2.1457850103889253,9.550322681073109,1.0,0.0,1.0,0.0,0.0,1.0
10,95,4.906332246152981,11.778285600504828,1.0,0.0,0.0,0.0,1.0,1.0
11,95,4.33331631654414,1.9704947661596468,1.0,0.0,1.0,0.0,0.0,1.0
12,95,0.0114418315761833,8.789341820229415,0.0,0.0,1.0,1.0,0.0,0.0
13,95,11.821146702433376,10.738028471553918,0.0,0.0,1.0,0.0,0.0,0.0
14,95,7.838928238433182,6.917666462886936,1.0,1.0,1.0,0.0,0.0,1.0
15,95,11.591082332264468,6.0667742836989,0.0,0.0,0.0,1.0,1.0,0.0
16,95,5.852478493027935,10.115881257531758,0.0,0.0,0.0,0.0,1.0,1.0
17,95,2.5658412064177,3.1173439746341653,0.0,0.0,0.0,0.0,1.0,1.0
18,95,6.8122886537164495,9.248789607416334,0.0,1.0,0.0,0.0,0.0,1.0
19,95,7.960902632578627,10.037787315578406,0.0,1.0,0.0,0.0,1.0,0.0
0,100,7.7962669037904,12.0,0.0,0.0,1.0,1.0,1.0,0.0
1,100,1.4726440389884237,11.724936948215984,0.0,0.0,1.0,0.0,0.0,0.0
2,100,4.771057660084994,9.244315109637691,1.0,0.0,0.0,1.0,1.0,1.0
3,100,8.99101453644223,10.11100576683978,0.0,0.0,0.0,0.0,1.0,1.0
4,100,10.343493236411897,2.076332028526477,1.0,0.0,1.0,0.0,1.0,1.0
5,100,4.7627356850690665,2.630891334135188,0.0,1.0,0.0,0.0,0.0,0.0
6,100,5.651352058698209,4.377098766408416,0.0,1.0,0.0,1.0,1.0,0.0
7,100,10.687797787326092,5.46008660831593,0.0,1.0,0.0,1.0,0.0,0.0
8,100,8.249254060275392,10.18876728326878,0.0,0.0,0.0,1.0,0.0,0.0
9,100,2.2087606563720428,9.472232165743629,1.0,0.0,1.0,0.0,0.0,1.0
10,100,4.867736825079764,11.78570997925776,1.0,0.0,0.0,0.0,1.0,1.0
11,100,4.356159000199547,1.8925154305632488,1.0,0.0,1.0,0.0,0.0,1.0
12,100,0.0056976452556473,8.785129588229367,0.0,0.0,1.0,1.0,0.0,0.0
13,100,11.833711271985369,10.763227055055134,0.0,0.0,1.0,0.0,0.0,0.0
14,100,7.892922065701203,6.977107689180104,1.0,1.0,1.0,0.0,0.0,1.0
15,100,11.631734024621656,6.071518990035469,0.0,0.0,0.0,1.0,1.0,0.0
16,100,5.89081967571038,10.121809239329616,0.0,0.0,0.0,0.0,1.0,1.0
17,100,2.536572041775259,3.238957750815646,0.0,0.0,0.0,0.0,1.0,1.0
18,100,6.756671397805907,9.171245340498066,0.0,1.0,0.0,0.0,0.0,1.0
19,100,8.035555470499329,9.972428221298436,0.0,1.0,0.0,0.0,1.0,0.0
0,105,7.833663346032505,12.0,0.0,0.0,1.0,1.0,1.0,0.0
1,105,1.5256557129747224,11.786320449851267,0.0,0.0,1.0,0.0,0.0,0.0
2,105,4.736321824881671,9.23358591300375,1.0,0.0,0.0,1.0,1.0,1.0
3,105,8.883382065142227,9.999746259441832,0.0,0.0,0.0,0.0,1.0,1.0
4,105,10.366744951492386,2.2322764559814425,1.0,0.0,1.0,0.0,1.0,1.0
5,105,4.709100697414385,2.545574635796301,0.0,1.0,0.0,0.0,0.0,0.0
6,105,5.64924071573251,4.374456859159928,0.0,1.0,0.0,1.0,1.0,0.0
7,105,10.683198288320936,5.466404175105617,0.0,1.0,0.0,1.0,0.0,0.0
8,105,8.255231137537182,10.181130254117884,0.0,0.0,0.0,1.0,0.0,0.0
9,105,2.2761366501390983,9.388168886832927,1.0,0.0,1.0,0.0,0.0,1.0
10,105,4.81677584726039,11.79469469504228,1.0,0.0,0.0,0.0,1.0,1.0
11,105,4.37329725132595,1.8239188999197824,1.0,0.0,1.0,0.0,0.0,1.0
12,105,0.0,8.77088309256766,0.0,0.0,1.0,1.0,0.0,0.0
13,105,11.846151965916718,10.78801300243908,0.0,0.0,1.0,0.0,0.0,0.0
14,105,7.961392175065355,7.0555379540724985,1.0,1.0,1.0,0.0,0.0,1.0
15,105,11.667352892880656,6.076920614607207,0.0,0.0,0.0,1.0,1.0,0.0
16,105,5.9014409041352,10.12346273797742,0.0,0.0,0.0,0.0,1.0,1.0
17,105,2.5058599189752515,3.365199211860103,0.0,0.0,0.0,0.0,1.0,1.0
18,105,6.696909274186257,9.08407022346286,0.0,1.0,0.0,0.0,0.0,1.0
19,105,8.13062902853367,9.88758559727384,0.0,1.0,0.0,0.0,1.0,0.0
0,110,7.87854155431682,12.0,0.0,0.0,1.0,1.0,1.0,0.0
1,110,1.5710431078496367,11.843401545931677,0.0,0.0,1.0,0.0,0.0,0.0
2,110,4.698420833635053,9.221757912496798,1.0,0.0,0.0,1.0,1.0,1.0
3,110,8.796829600014403,9.909241245946554,0.0,0.0,0.0,0.0,1.0,1.0
4,110,10.38295688492092,2.374783269447908,1.0,0.0,1.0,0.0,1.0,1.0
5,110,4.65327192774717,2.4605909410129936,0.0,1.0,0.0,0.0,0.0,0.0
6,110,5.644176582969616,4.367858369178284,0.0,1.0,0.0,1.0,1.0,0.0
7,110,10.674421841120486,5.478257222228492,0.0,1.0,0.0,1.0,0.0,0.0
8,110,8.252246341393313,10.184617157187033,0.0,0.0,0.0,1.0,0.0,0.0
9,110,2.349497355449273,9.293871149115184,1.0,0.0,1.0,0.0,0.0,1.0
10,110,4.768979202493721,11.802308216792031,1.0,0.0,0.0,0.0,1.0,1.0
11,110,4.396264246657197,1.7328043286908708,1.0,0.0,1.0,0.0,0.0,1.0
12,110,0.0,8.756092791358421,0.0,0.0,1.0,1.0,0.0,0.0
13,110,11.853270374912938,10.801729802271357,0.0,0.0,1.0,0.0,0.0,0.0
14,110,8.047081129398702,7.156808269766128,1.0,1.0,1.0,0.0,0.0,1.0
15,110,11.69580667082144,6.081579199610623,0.0,0.0,0.0,1.0,1.0,0.0
16,110,5.921075028550141,10.126386557110004,0.0,0.0,0.0,0.0,1.0,1.0
17,110,2.479148659256293,3.464703793695073,0.0,0.0,0.0,0.0,1.0,1.0
18,110,6.63104797548637,8.989631823747311,0.0,1.0,0.0,0.0,0.0,1.0
19,110,8.225042762295939,9.80048452661818,0.0,1.0,0.0,0.0,1.0,0.0
0,115,7.929664596799425,12.0,0.0,0.0,1.0,1.0,1.0,0.0
1,115,1.6158893328557244,11.90059622810376,0.0,0.0,1.0,0.0,0.0,0.0
2,115,4.667754335827156,9.212133370611095,1.0,0.0,0.0,1.0,1.0,1.0
3,115,8.706867264974603,9.817547661512686,0.0,0.0,0.0,0.0,1.0,1.0
4,115,10.398751290300869,2.501883313019301,1.0,0.0,1.0,0.0,1.0,1.0
5,115,4.589803812541644,2.368313879276416,0.0,1.0,0.0,0.0,0.0,0.0
6,115,5.630181493945849,4.349034313591563,0.0,1.0,0.0,1.0,1.0,0.0
7,115,10.675636256386204,5.476736902352249,0.0,1.0,0.0,1.0,0.0,0.0
8,115,8.250502672828285,10.186639934755794,0.0,0.0,0.0,1.0,0.0,0.0
9,115,2.431023639827713,9.193340555867865,1.0,0.0,1.0,0.0,0.0,1.0
10,115,4.725752907924462,11.80928500977066,1.0,0.0,0.0,0.0,1.0,1.0
11,115,4.41236093811539,1.6636907955724107,1.0,0.0,1.0,0.0,0.0,1.0
12,115,0.0,8.738408876793457,0.0,0.0,1.0,1.0,0.0,0.0
13,115,11.866605960408329,10.82729259876118,0.0,0.0,1.0,0.0,0.0,0.0
14,115,8.137360859577756,7.261455403321421,1.0,1.0,1.0,0.0,0.0,1.0
15,115,11.74635506976838,6.090357781174303,0.0,0.0,0.0,1.0,1.0,0.0
16,115,5.931914727748001,10.12786892040468,0.0,0.0,0.0,0.0,1.0,1.0
17,115,2.45058552785912,3.573749341673784,0.0,0.0,0.0,0.0,1.0,1.0
18,115,6.564202459235294,8.891418696039736,0.0,1.0,0.0,0.0,0.0,1.0
19,115,8.314629819148868,9.714747858068916,0.0,1.0,0.0,0.0,1.0,0.0
0,120,7.976747997801477,12.0,0.0,0.0,1.0,1.0,1.0,0.0
1,120,1.6590944528887652,11.956203002519482,0.0,0.0,1.0,0.0,0.0,0.0
2,120,4.650895389371711,9.207068132577067,1.0,0.0,0.0,1.0,1.0,1.0
3,120,8.60892049311164,9.717834984987984,0.0,0.0,0.0,0.0,1.0,1.0
4,120,10.414835769934308,2.6393008856517555,1.0,0.0,1.0,0.0,1.0,1.0
5,120,4.513443484085212,2.2550481480587323,0.0,1.0,0.0,0.0,0.0,0.0
6,120,5.629563874041317,4.348189470309885,0.0,1.0,0.0,1.0,1.0,0.0
7,120,10.686443529862997,5.463534012968566,0.0,1.0,0.0,1.0,0.0,0.0
8,120,8.243216917536378,10.195354570549448,0.0,0.0,0.0,1.0,0.0,0.0
9,120,2.5266467856867068,9.08057226327334,1.0,0.0,1.0,0.0,0.0,1.0
10,120,4.684264995297242,11.815256842100933,1.0,0.0,0.0,0.0,1.0,1.0
11,120,4.430175895699083,1.582442633744834,1.0,0.0,1.0,0.0,0.0,1.0
12,120,0.0,8.720471338621469,0.0,0.0,1.0,1.0,0.0,0.0
13,120,11.879277916545206,10.852087949752562,0.0,0.0,1.0,0.0,0.0,0.0
14,120,8.23211805424361,7.3639314611570015,1.0,1.0,1.0,0.0,0.0,1.0
15,120,11.783015915402627,6.097469713128572,0.0,0.0,0.0,1.0,1.0,0.0
16,120,5.948739908129848,10.130267855838673,0.0,0.0,0.0,0.0,1.0,1.0
17,120,2.4166061786077675,3.703393948245202,0.0,0.0,0.0,0.0,1.0,1.0
18,120,6.500307601324735,8.799821250828167,0.0,1.0,0.0,0.0,0.0,1.0
19,120,8.405172716643616,9.625598689351234,0.0,1.0,0.0,0.0,1.0,0.0
0,125,8.028060347510802,12.0,0.0,0.0,1.0,1.0,1.0,0.0
1,125,1.6883798123417604,11.995092863648946,0.0,0.0,1.0,0.0,0.0,0.0
2,125,4.649558621931862,9.20667528860259,1.0,0.0,0.0,1.0,1.0,1.0
3,125,8.514029611281973,9.614525195541544,0.0,0.0,0.0,0.0,1.0,1.0
4,125,10.431498742434202,2.778566346871388,1.0,0.0,1.0,0.0,1.0,1.0
5,125,4.444006016463752,2.146911790373572,0.0,1.0,0.0,0.0,0.0,0.0
6,125,5.623634399101827,4.340414282095157,0.0,1.0,0.0,1.0,1.0,0.0
7,125,10.68231429155718,5.468439164458908,0.0,1.0,0.0,1.0,0.0,0.0
8,125,8.236880947414098,10.20303832004493,0.0,0.0,0.0,1.0,0.0,0.0
9,125,2.624729642988931,8.958288386815354,1.0,0.0,1.0,0.0,0.0,1.0
10,125,4.6466847323495495,11.820624807218463,1.0,0.0,0.0,0.0,1.0,1.0
11,125,4.44962877863808,1.4953983598663747,1.0,0.0,1.0,0.0,0.0,1.0
12,125,0.0,8.691757640661375,0.0,0.0,1.0,1.0,0.0,0.0
13,125,11.898447749893382,10.887303433787451,0.0,0.0,1.0,0.0,0.0,0.0
14,125,8.32822176049772,7.468321445131321,1.0,1.0,1.0,0.0,0.0,1.0
15,125,11.796523158411675,6.10029928107481,0.0,0.0,0.0,1.0,1.0,0.0
16,125,6.004394508918676,10.138645451938702,0.0,0.0,0.0,0.0,1.0,1.0
17,125,2.385556707311141,3.8285460145196986,0.0,0.0,0.0,0.0,1.0,1.0
18,125,6.445339498163007,8.721246454137509,0.0,1.0,0.0,0.0,0.0,1.0
19,125,8.489273408256235,9.540448141464768,0.0,1.0,0.0,0.0,1.0,0.0
0,130,8.075872499244538,12.0,0.0,0.0,1.0,1.0,1.0,0.0
1,130,1.7167658995862396,12.0,0.0,0.0,1.0,0.0,0.0,0.0
2,130,4.658188427884321,9.209202872637922,1.0,0.0,0.0,1.0,1.0,1.0
3,130,8.416129743206021,9.509193146334756,0.0,0.0,0.0,0.0,1.0,1.0
4,130,10.44860256372714,2.9049145889719186,1.0,0.0,1.0,0.0,1.0,1.0
5,130,4.379961076904854,2.0363140615070465,0.0,1.0,0.0,0.0,0.0,0.0
6,130,5.626754859718603,4.344495264117232,0.0,1.0,0.0,1.0,1.0,0.0
7,130,10.683371521536715,5.467207593125053,0.0,1.0,0.0,1.0,0.0,0.0
8,130,8.235045991543968,10.205398271465604,0.0,0.0,0.0,1.0,0.0,0.0
9,130,2.7046065777746766,8.850823502696906,1.0,0.0,1.0,0.0,0.0,1.0
10,130,4.616223592580842,11.824923966659147,1.0,0.0,0.0,0.0,1.0,1.0
11,130,4.477208513256053,1.3851531092500449,1.0,0.0,1.0,0.0,0.0,1.0
12,130,0.0,8.660358180233677,0.0,0.0,1.0,1.0,0.0,0.0
13,130,11.914863096791256,10.91958631591354,0.0,0.0,1.0,0.0,0.0,0.0
14,130,8.429246398398499,7.57897767240092,1.0,1.0,1.0,0.0,0.0,1.0
15,130,11.826665261415036,6.105651121354977,0.0,0.0,0.0,1.0,1.0,0.0
16,130,6.034502588847916,10.142901566823443,0.0,0.0,0.0,0.0,1.0,1.0
17,130,2.3547363388288995,3.9621537248646193,0.0,0.0,0.0,0.0,1.0,1.0
18,130,6.391524182278841,8.64129794474825,0.0,1.0,0.0,0.0,0.0,1.0
19,130,8.605343177708663,9.42848012683698,0.0,1.0,0.0,0.0,1.0,0.0
0,135,8.124495346676623,12.0,0.0,0.0,1.0,1.0,1.0,0.0
1,135,1.748238867793199,12.0,0.0,0.0,1.0,0.0,0.0,0.0
2,135,4.675166284384104,9.21426274229973,1.0,0.0,0.0,1.0,1.0,1.0
3,135,8.321273771562964,9.40452613885614,0.0,0.0,0.0,0.0,1.0,1.0
4,135,10.466769057931472,3.0436154884802145,1.0,0.0,1.0,0.0,1.0,1.0
5,135,4.324556464163925,1.9339995512695771,0.0,1.0,0.0,0.0,0.0,0.0
6,135,5.626619672414681,4.3443152349956025,0.0,1.0,0.0,1.0,1.0,0.0
7,135,10.673106192836698,5.478902279552037,0.0,1.0,0.0,1.0,0.0,0.0
8,135,8.233216601081477,10.207691084369342,0.0,0.0,0.0,1.0,0.0,0.0
9,135,2.795042879399327,8.732262655202252,1.0,0.0,1.0,0.0,0.0,1.0
10,135,4.581958937784763,11.829511878582462,1.0,0.0,0.0,0.0,1.0,1.0
11,135,4.502060817774121,1.2731873804858478,1.0,0.0,1.0,0.0,0.0,1.0
12,135,0.0,8.628104692128124,0.0,0.0,1.0,1.0,0.0,0.0
13,135,11.93363903648856,10.95401516721494,0.0,0.0,1.0,0.0,0.0,0.0
14,135,8.530988801957653,7.689997887268924,1.0,1.0,1.0,0.0,0.0,1.0
15,135,11.834168752259025,6.107230665705576,0.0,0.0,0.0,1.0,1.0,0.0
16,135,6.077630476107729,10.148919312632616,0.0,0.0,0.0,0.0,1.0,1.0
17,135,2.32466819822564,4.082804697476066,0.0,0.0,0.0,0.0,1.0,1.0
18,135,6.34273989084171,8.568149856306107,0.0,1.0,0.0,0.0,0.0,1.0
19,135,8.729155745662483,9.306341711043462,0.0,1.0,0.0,0.0,1.0,0.0
0,140,8.181545942082446,12.0,0.0,0.0,1.0,1.0,1.0,0.0
1,140,1.771709476770247,12.0,0.0,0.0,1.0,0.0,0.0,0.0
2,140,4.682092877342793,9.216325336200788,1.0,0.0,0.0,1.0,1.0,1.0
3,140,8.219601659799915,9.29635032932084,0.0,0.0,0.0,0.0,1.0,1.0
4,140,10.489518701658408,3.1841606765981187,1.0,0.0,1.0,0.0,1.0,1.0
5,140,4.271509313711775,1.834933602687848,0.0,1.0,0.0,0.0,0.0,0.0
6,140,5.622749242019389,4.339030880990447,0.0,1.0,0.0,1.0,1.0,0.0
7,140,10.66597933193287,5.48654909652181,0.0,1.0,0.0,1.0,0.0,0.0
8,140,8.23765910461036,10.201906106290323,0.0,0.0,0.0,1.0,0.0,0.0
9,140,2.8853535560817223,8.615034722040708,1.0,0.0,1.0,0.0,0.0,1.0
10,140,4.536851437719568,11.835809204603835,1.0,0.0,0.0,0.0,1.0,1.0
11,140,4.526829979936552,1.1581129023425614,1.0,0.0,1.0,0.0,0.0,1.0
12,140,0.0,8.602761516804794,0.0,0.0,1.0,1.0,0.0,0.0
13,140,11.951754730927746,10.987579334918996,0.0,0.0,1.0,0.0,0.0,0.0
14,140,8.640349326891917,7.814665156768836,1.0,1.0,1.0,0.0,0.0,1.0
15,140,11.820685257442053,6.104550949508366,0.0,0.0,0.0,1.0,1.0,0.0
16,140,6.12200397324407,10.154467774815892,0.0,0.0,0.0,0.0,1.0,1.0
17,140,2.298038494659288,4.1941802934916,0.0,0.0,0.0,0.0,1.0,1.0
18,140,6.305733099852849,8.51109299139485,0.0,1.0,0.0,0.0,0.0,1.0
19,140,8.867677420727189,9.169487817527834,0.0,1.0,0.0,0.0,1.0,0.0
0,145,8.23573075966961,12.0,0.0,0.0,1.0,1.0,1.0,0.0
1,145,1.801772674751317,12.0,0.0,0.0,1.0,0.0,0.0,0.0
2,145,4.67788343042576,9.214942040818364,1.0,0.0,0.0,1.0,1.0,1.0
3,145,8.131477693039997,9.198776039827193,0.0,0.0,0.0,0.0,1.0,1.0
4,145,10.51040138234134,3.333623463752267,1.0,0.0,1.0,0.0,1.0,1.0
5,145,4.222925692856578,1.7483391282036242,0.0,1.0,0.0,0.0,0.0,0.0
6,145,5.614280445309711,4.326882444128872,0.0,1.0,0.0,1.0,1.0,0.0
7,145,10.643204045244175,5.511213255281553,0.0,1.0,0.0,1.0,0.0,0.0
8,145,8.23415248105742,10.206549476091846,0.0,0.0,0.0,1.0,0.0,0.0
9,145,2.958484732447098,8.515758426990763,1.0,0.0,1.0,0.0,0.0,1.0
10,145,4.499534021635318,11.841535345747651,1.0,0.0,0.0,0.0,1.0,1.0
11,145,4.553655296901623,1.0316309672805204,1.0,0.0,1.0,0.0,0.0,1.0
12,145,0.0255304452328691,8.567637477697017,0.0,0.0,1.0,1.0,0.0,0.0
13,145,11.97141482847316,11.02441203895817,0.0,0.0,1.0,0.0,0.0,0.0
14,145,8.754154500507093,7.9435564668398735,1.0,1.0,1.0,0.0,0.0,1.0
15,145,11.815720768573607,6.103603496805308,0.0,0.0,0.0,1.0,1.0,0.0
16,145,6.1789241012765865,10.161580159911038,0.0,0.0,0.0,0.0,1.0,1.0
17,145,2.2652794541515973,4.308093954992629,0.0,0.0,0.0,0.0,1.0,1.0
18,145,6.275950287921458,8.465554580756043,0.0,1.0,0.0,0.0,0.0,1.0
19,145,9.018578567342695,9.017226195669156,0.0,1.0,0.0,0.0,1.0,0.0
0,150,8.290396339491528,12.0,0.0,0.0,1.0,1.0,1.0,0.0
1,150,1.820755736763917,12.0,0.0,0.0,1.0,0.0,0.0,0.0
2,150,4.67003881382576,9.21219892519604,1.0,0.0,0.0,1.0,1.0,1.0
3,150,8.032570160330163,9.097064429363185,0.0,0.0,0.0,0.0,1.0,1.0
4,150,10.5300851967204,3.491878321970268,1.0,0.0,1.0,0.0,1.0,1.0
5,150,4.175935464145673,1.6685959252086962,0.0,1.0,0.0,0.0,0.0,0.0
6,150,5.606403738435261,4.315432916784648,0.0,1.0,0.0,1.0,1.0,0.0
7,150,10.614355833293176,5.541876134995894,0.0,1.0,0.0,1.0,0.0,0.0
8,150,8.220654379480932,10.2250377487515,0.0,0.0,0.0,1.0,0.0,0.0
9,150,3.033290482092037,8.41274862691103,1.0,0.0,1.0,0.0,0.0,1.0
10,150,4.460415076648844,11.84742978652088,1.0,0.0,0.0,0.0,1.0,1.0
11,150,4.581767337759024,0.9063470509158834,1.0,0.0,1.0,0.0,0.0,1.0
12,150,0.0494618923456096,8.536222663177622,0.0,0.0,1.0,1.0,0.0,0.0
13,150,11.986629610029386,11.05215095974856,0.0,0.0,1.0,0.0,0.0,0.0
14,150,8.881678819322357,8.09036792067031,1.0,1.0,1.0,0.0,0.0,1.0
15,150,11.79659954265158,6.100089092786445,0.0,0.0,0.0,1.0,1.0,0.0
16,150,6.23229594526329,10.170135273373154,0.0,0.0,0.0,0.0,1.0,1.0
17,150,2.2289886745062963,4.4247283281530985,0.0,0.0,0.0,0.0,1.0,1.0
18,150,6.250368441914978,8.425047732023044,0.0,1.0,0.0,0.0,0.0,1.0
19,150,9.181570956283965,8.854602575576461,0.0,1.0,0.0,0.0,1.0,0.0
0,155,8.343927230092758,12.0,0.0,0.0,1.0,1.0,1.0,0.0
1,155,1.8384384061027668,12.0,0.0,0.0,1.0,0.0,0.0,0.0
2,155,4.61215689983423,9.192296277958478,1.0,0.0,0.0,1.0,1.0,1.0
3,155,7.924414331954674,8.985053251377153,0.0,0.0,0.0,0.0,1.0,1.0
4,155,10.5521472369865,3.661295124742648,1.0,0.0,1.0,0.0,1.0,1.0
5,155,4.119728043785703,1.580173559266577,0.0,1.0,0.0,0.0,0.0,0.0
6,155,5.600479052404857,4.306538825740886,0.0,1.0,0.0,1.0,1.0,0.0
7,155,10.592400513609457,5.565207350654281,0.0,1.0,0.0,1.0,0.0,0.0
8,155,8.193536178362088,10.262667053028869,0.0,0.0,0.0,1.0,0.0,0.0
9,155,3.1108191522226085,8.30547643344974,1.0,0.0,1.0,0.0,0.0,1.0
10,155,4.413831037968728,11.853598638321516,1.0,0.0,0.0,0.0,1.0,1.0
11,155,4.607111151425058,0.7913307042399816,1.0,0.0,1.0,0.0,0.0,1.0
12,155,0.0715577870256023,8.507161997663863,0.0,0.0,1.0,1.0,0.0,0.0
13,155,11.991680383335444,11.061140731687123,0.0,0.0,1.0,0.0,0.0,0.0
14,155,9.00609648404945,8.237203026225375,1.0,1.0,1.0,0.0,0.0,1.0
15,155,11.75460478482574,6.092023378755451,0.0,0.0,0.0,1.0,1.0,0.0
16,155,6.288586642263734,10.179253327653129,0.0,0.0,0.0,0.0,1.0,1.0
17,155,2.1938108113997705,4.5441639061015495,0.0,0.0,0.0,0.0,1.0,1.0
18,155,6.220209303799292,8.37515258825363,0.0,1.0,0.0,0.0,0.0,1.0
19,155,9.339423700087586,8.698463337001336,0.0,1.0,0.0,0.0,1.0,0.0
0,160,8.397835298784251,12.0,0.0,0.0,1.0,1.0,1.0,0.0
1,160,1.8787697374886312,12.0,0.0,0.0,1.0,0.0,0.0,0.0
2,160,4.549279100607087,9.168354888897108,1.0,0.0,0.0,1.0,1.0,1.0
3,160,7.816094453849885,8.869540866802339,0.0,0.0,0.0,0.0,1.0,1.0
4,160,10.570666736508713,3.8027692550490704,1.0,0.0,1.0,0.0,1.0,1.0
5,160,4.0630087939225215,1.481648928699785,0.0,1.0,0.0,0.0,0.0,0.0
6,160,5.59025658799878,4.291110258749155,0.0,1.0,0.0,1.0,1.0,0.0
7,160,10.556819032340956,5.602857464843057,0.0,1.0,0.0,1.0,0.0,0.0
8,160,8.179236612023848,10.28289865915686,0.0,0.0,0.0,1.0,0.0,0.0
9,160,3.198622335140744,8.182378701443023,1.0,0.0,1.0,0.0,0.0,1.0
10,160,4.37038292734004,11.859075976942488,1.0,0.0,0.0,0.0,1.0,1.0
11,160,4.629580066252544,0.67770468079894,1.0,0.0,1.0,0.0,0.0,1.0
12,160,0.0952563500154955,8.476059318620843,0.0,0.0,1.0,1.0,0.0,0.0
13,160,11.991326732474688,11.060517782406691,0.0,0.0,1.0,0.0,0.0,0.0
14,160,9.120238740005606,8.377999577927667,1.0,1.0,1.0,0.0,0.0,1.0
15,160,11.707894220740032,6.083114981635244,0.0,0.0,0.0,1.0,1.0,0.0
16,160,6.330920461800503,10.18443124445865,0.0,0.0,0.0,0.0,1.0,1.0
17,160,2.158473731191215,4.661850394957043,0.0,0.0,0.0,0.0,1.0,1.0
18,160,6.188570303009338,8.320150841301158,0.0,1.0,0.0,0.0,0.0,1.0
19,160,9.47734113549602,8.55583218241546,0.0,1.0,0.0,0.0,1.0,0.0
0,165,8.456442767896672,12.0,0.0,0.0,1.0,1.0,1.0,0.0
1,165,1.9280600894991533,12.0,0.0,0.0,1.0,0.0,0.0,0.0
2,165,4.486762361760812,9.143999382474505,1.0,0.0,0.0,1.0,1.0,1.0
3,165,7.720650250968611,8.772227109541301,0.0,0.0,0.0,0.0,1.0,1.0
4,165,10.589235995198749,3.937257866465149,1.0,0.0,1.0,0.0,1.0,1.0
5,165,3.997286099946292,1.3633788401186675,0.0,1.0,0.0,0.0,0.0,0.0
6,165,5.56845969325123,4.256847847796755,0.0,1.0,0.0,1.0,1.0,0.0
7,165,10.50115953764088,5.663023902336279,0.0,1.0,0.0,1.0,0.0,0.0
8,165,8.167218256582112,10.299797441156285,0.0,0.0,0.0,1.0,0.0,0.0
9,165,3.300097690481097,8.050360482820086,1.0,0.0,1.0,0.0,0.0,1.0
10,165,4.340326906334577,11.862368424140357,1.0,0.0,0.0,0.0,1.0,1.0
11,165,4.653394411422254,0.5583271436571038,1.0,0.0,1.0,0.0,0.0,1.0
12,165,0.1062982412399227,8.46165162819305,0.0,0.0,1.0,1.0,0.0,0.0
13,165,11.999515217205284,11.074654187417682,0.0,0.0,1.0,0.0,0.0,0.0
14,165,9.221880545088778,8.508148372908922,1.0,1.0,1.0,0.0,0.0,1.0
15,165,11.664885036753878,6.07592213829123,0.0,0.0,0.0,1.0,1.0,0.0
16,165,6.405015783165895,10.195552555012728,0.0,0.0,0.0,0.0,1.0,1.0
17,165,2.127470965350436,4.778722477141938,0.0,0.0,0.0,0.0,1.0,1.0
18,165,6.151136086306884,8.256775827848752,0.0,1.0,0.0,0.0,0.0,1.0
19,165,9.618617325447554,8.408933469145367,0.0,1.0,0.0,0.0,1.0,0.0
0,170,8.511497065424003,12.0,0.0,0.0,1.0,1.0,1.0,0.0
1,170,1.97287599215806,12.0,0.0,0.0,1.0,0.0,0.0,0.0
2,170,4.444987698561794,9.127779119999095,1.0,0.0,0.0,1.0,1.0,1.0
3,170,7.635590573279684,8.68458148097055,0.0,0.0,0.0,0.0,1.0,1.0
4,170,10.606612918676433,4.05644695459308,1.0,0.0,1.0,0.0,1.0,1.0
5,170,3.9490701324650574,1.2717589939699896,0.0,1.0,0.0,0.0,0.0,0.0
6,170,5.545767377247095,4.219435862403495,0.0,1.0,0.0,1.0,1.0,0.0
7,170,10.442231164871984,5.729014137405681,0.0,1.0,0.0,1.0,0.0,0.0
8,170,8.16156573770982,10.307925323038267,0.0,0.0,0.0,1.0,0.0,0.0
9,170,3.3940951462210123,7.929025267062376,1.0,0.0,1.0,0.0,0.0,1.0
10,170,4.327336476513197,11.8636890863994,1.0,0.0,0.0,0.0,1.0,1.0
11,170,4.668741076780993,0.4622109770376906,1.0,0.0,1.0,0.0,0.0,1.0
12,170,0.0954910982479238,8.453064653158206,0.0,0.0,1.0,1.0,0.0,0.0
13,170,11.999895672124865,11.075293672179107,0.0,0.0,1.0,0.0,0.0,0.0
14,170,9.334535723974676,8.64759179046811,1.0,1.0,1.0,0.0,0.0,1.0
15,170,11.60092098005662,6.063577105502789,0.0,0.0,0.0,1.0,1.0,0.0
16,170,6.47354790586949,10.206910069987128,0.0,0.0,0.0,0.0,1.0,1.0
17,170,2.10075508128674,4.890187478370422,0.0,0.0,0.0,0.0,1.0,1.0
18,170,6.234740037434509,8.207605901451549,0.0,1.0,0.0,0.0,0.0,1.0
19,170,9.458917869155623,8.258712240261259,0.0,1.0,0.0,0.0,1.0,0.0
0,175,8.553616878702979,12.0,0.0,0.0,1.0,1.0,1.0,0.0
1,175,2.0290474412271697,12.0,0.0,0.0,1.0,0.0,0.0,0.0
2,175,4.411556090980769,9.114191818869797,1.0,0.0,0.0,1.0,1.0,1.0
3,175,7.539667315586273,8.583979976324809,0.0,0.0,0.0,0.0,1.0,1.0
4,175,10.62467546026469,4.166052607174042,1.0,0.0,1.0,0.0,1.0,1.0
5,175,3.897636067970446,1.175188121497904,0.0,1.0,0.0,0.0,0.0,0.0
6,175,5.527291119297527,4.188202530253797,0.0,1.0,0.0,1.0,1.0,0.0
7,175,10.3802722999109,5.797200250754525,0.0,1.0,0.0,1.0,0.0,0.0
8,175,8.155779889529338,10.316055335377367,0.0,0.0,0.0,1.0,0.0,0.0
9,175,3.502714348728054,7.79481881082753,1.0,0.0,1.0,0.0,0.0,1.0
10,175,4.299453225073589,11.865857405612228,1.0,0.0,0.0,0.0,1.0,1.0
11,175,4.685029053269339,0.3541576867791252,1.0,0.0,1.0,0.0,0.0,1.0
12,175,0.0792743357489962,8.440026810086673,0.0,0.0,1.0,1.0,0.0,0.0
13,175,12.0,11.088515950298442,0.0,0.0,1.0,0.0,0.0,0.0
14,175,9.459456226383402,8.806816648856607,1.0,1.0,1.0,0.0,0.0,1.0
15,175,11.5249455386152,6.051584178386189,0.0,0.0,0.0,1.0,1.0,0.0
16,175,6.538611789263387,10.21701015349338,0.0,0.0,0.0,0.0,1.0,1.0
17,175,2.0804865160190973,4.988731155412769,0.0,0.0,0.0,0.0,1.0,1.0
18,175,6.311819838758974,8.161307268042084,0.0,1.0,0.0,0.0,0.0,1.0
19,175,9.290392095600586,8.094871345032624,0.0,1.0,0.0,0.0,1.0,0.0
0,180,8.602337685884269,12.0,0.0,0.0,1.0,1.0,1.0,0.0
1,180,2.09436634389596,12.0,0.0,0.0,1.0,0.0,0.0,0.0
2,180,4.373013424485359,9.098482382231028,1.0,0.0,0.0,1.0,1.0,1.0
3,180,7.436796428382556,8.47653285110419,0.0,0.0,0.0,0.0,1.0,1.0
4,180,10.641923320046144,4.273699035473692,1.0,0.0,1.0,0.0,1.0,1.0
5,180,3.841288680574311,1.0673771222108173,0.0,1.0,0.0,0.0,0.0,0.0
6,180,5.505607100447016,4.1515933582458935,0.0,1.0,0.0,1.0,1.0,0.0
7,180,10.435130056958291,5.848799026501963,0.0,1.0,0.0,1.0,0.0,0.0
8,180,8.150162972398768,10.323898399192451,0.0,0.0,0.0,1.0,0.0,0.0
9,180,3.604006482642076,7.672372228311496,1.0,0.0,1.0,0.0,0.0,1.0
10,180,4.277141243317792,11.867777671876553,1.0,0.0,0.0,0.0,1.0,1.0
11,180,4.6995043650368125,0.2508540510500482,1.0,0.0,1.0,0.0,0.0,1.0
12,180,0.0748853852538551,8.436418202455622,0.0,0.0,1.0,1.0,0.0,0.0
13,180,12.0,11.123267980272376,0.0,0.0,1.0,0.0,0.0,0.0
14,180,9.587531489723292,8.963884594452436,1.0,1.0,1.0,0.0,0.0,1.0
15,180,11.47070227808512,6.042250543370324,0.0,0.0,0.0,1.0,1.0,0.0
16,180,6.626764189387412,10.233275334132191,0.0,0.0,0.0,0.0,1.0,1.0
17,180,2.059828680288483,5.085384518257242,0.0,0.0,0.0,0.0,1.0,1.0
18,180,6.383906072027246,8.119157355128182,0.0,1.0,0.0,0.0,0.0,1.0
19,180,9.120080754634117,7.934669298880554,0.0,1.0,0.0,0.0,1.0,0.0
0,185,8.649598218211864,12.0,0.0,0.0,1.0,1.0,1.0,0.0
1,185,2.162144892312249,12.0,0.0,0.0,1.0,0.0,0.0,0.0
2,185,4.315493942910481,9.073294993351254,1.0,0.0,0.0,1.0,1.0,1.0
3,185,7.351995740196824,8.389772677283014,0.0,0.0,0.0,0.0,1.0,1.0
4,185,10.65664042596766,4.359331108860057,1.0,0.0,1.0,0.0,1.0,1.0
5,185,3.79375150193507,0.9732283474470658,0.0,1.0,0.0,0.0,0.0,0.0
6,185,5.482886529855087,4.111471589030866,0.0,1.0,0.0,1.0,1.0,0.0
7,185,10.484943009223286,5.894964040388524,0.0,1.0,0.0,1.0,0.0,0.0
8,185,8.128464996489019,10.35287945550433,0.0,0.0,0.0,1.0,0.0,0.0
9,185,3.7070037863853504,7.555941168445505,1.0,0.0,1.0,0.0,0.0,1.0
10,185,4.2615264518320775,11.868794463595036,1.0,0.0,0.0,0.0,1.0,1.0
11,185,4.714176059557769,0.1646372937762155,1.0,0.0,1.0,0.0,0.0,1.0
12,185,0.0635102225927565,8.426713626204624,0.0,0.0,1.0,1.0,0.0,0.0
13,185,12.0,11.154709471837576,0.0,0.0,1.0,0.0,0.0,0.0
14,185,9.722783422922792,9.12903180194609,1.0,1.0,1.0,0.0,0.0,1.0
15,185,11.405253805429956,6.031741737561481,0.0,0.0,0.0,1.0,1.0,0.0
16,185,6.722638530151855,10.252668522900697,0.0,0.0,0.0,0.0,1.0,1.0
17,185,2.034782011989112,5.194124506679867,0.0,0.0,0.0,0.0,1.0,1.0
18,185,6.427526199972881,8.093040748145661,0.0,1.0,0.0,0.0,0.0,1.0
19,185,8.952260791935391,7.775959075172648,0.0,1.0,0.0,0.0,1.0,0.0
0,190,8.69937302673574,12.0,0.0,0.0,1.0,1.0,1.0,0.0
1,190,2.2289003296407395,12.0,0.0,0.0,1.0,0.0,0.0,0.0
2,190,4.263494331820053,9.05116191805573,1.0,0.0,0.0,1.0,1.0,1.0
3,190,7.267740422291048,8.306544232330916,0.0,0.0,0.0,0.0,1.0,1.0
4,190,10.66683620567954,4.427572486005183,1.0,0.0,1.0,0.0,1.0,1.0
5,190,3.736756677212684,0.8613472940616028,0.0,1.0,0.0,0.0,0.0,0.0
6,190,5.455159436651915,4.06462837746131,0.0,1.0,0.0,1.0,1.0,0.0
7,190,10.530271332512743,5.937010353277936,0.0,1.0,0.0,1.0,0.0,0.0
8,190,8.103209082187787,10.385947076442973,0.0,0.0,0.0,1.0,0.0,0.0
9,190,3.833635367490556,7.423523160047472,1.0,0.0,1.0,0.0,0.0,1.0
10,190,4.269555852778257,11.868160015721758,1.0,0.0,0.0,0.0,1.0,1.0
11,190,4.726780005251625,0.0717378387599685,1.0,0.0,1.0,0.0,0.0,1.0
12,190,0.0377297567899086,8.404629301341684,0.0,0.0,1.0,1.0,0.0,0.0
13,190,12.0,11.189273471310573,0.0,0.0,1.0,0.0,0.0,0.0
14,190,9.8534324893808,9.299287544613838,1.0,1.0,1.0,0.0,0.0,1.0
15,190,11.324937224282207,6.018216902711663,0.0,0.0,0.0,1.0,1.0,0.0
16,190,6.822603971207608,10.270430242518083,0.0,0.0,0.0,0.0,1.0,1.0
17,190,2.0069449162358355,5.302612390930904,0.0,0.0,0.0,0.0,1.0,1.0
18,190,6.475611307417406,8.064609174635285,0.0,1.0,0.0,0.0,0.0,1.0
19,190,8.792796416688223,7.634476870548876,0.0,1.0,0.0,0.0,1.0,0.0
0,195,8.752203381570132,12.0,0.0,0.0,1.0,1.0,1.0,0.0
1,195,2.2853762943567006,12.0,0.0,0.0,1.0,0.0,0.0,0.0
2,195,4.190982900610855,9.01907720883044,1.0,0.0,0.0,1.0,1.0,1.0
3,195,7.183372316125581,8.395039102538608,0.0,0.0,0.0,0.0,1.0,1.0
4,195,10.677211660907751,4.497044027857088,1.0,0.0,1.0,0.0,1.0,1.0
5,195,3.6728532141426458,0.7358330452405472,0.0,1.0,0.0,0.0,0.0,0.0
6,195,5.435788821628336,4.033132758107559,0.0,1.0,0.0,1.0,1.0,0.0
7,195,10.568898465123947,5.974356684144879,0.0,1.0,0.0,1.0,0.0,0.0
8,195,8.083162101368487,10.413224540052491,0.0,0.0,0.0,1.0,0.0,0.0
9,195,3.947083452490083,7.301907439090925,1.0,0.0,1.0,0.0,0.0,1.0
10,195,4.261948319828375,11.868772850388908,1.0,0.0,0.0,0.0,1.0,1.0
11,195,4.741211598540247,0.0,1.0,0.0,1.0,0.0,0.0,1.0
12,195,0.0,8.362142538765001,0.0,0.0,1.0,1.0,0.0,0.0
13,195,12.0,11.219028014146504,0.0,0.0,1.0,0.0,0.0,0.0
14,195,9.98800907712685,9.461907504159266,1.0,1.0,1.0,0.0,0.0,1.0
15,195,11.242117051665051,6.001887450641387,0.0,0.0,0.0,1.0,1.0,0.0
16,195,6.932871342197615,10.28878221356184,0.0,0.0,0.0,0.0,1.0,1.0
17,195,1.980007839070782,5.410235500045054,0.0,0.0,0.0,0.0,1.0,1.0
18,195,6.517470226699114,8.041611590551083,0.0,1.0,0.0,0.0,0.0,1.0
19,195,8.642130309695524,7.502035250071036,0.0,1.0,0.0,0.0,1.0,0.0
0,200,8.80776583651568,12.0,0.0,0.0,1.0,1.0,1.0,0.0
1,200,2.34939084141993,12.0,0.0,0.0,1.0,0.0,0.0,0.0
2,200,4.093966112928999,8.977019461250606,1.0,0.0,0.0,1.0,1.0,1.0
3,200,7.099487162262458,8.483859305469956,0.0,0.0,0.0,0.0,1.0,1.0
4,200,10.689065920729671,4.581648127356318,1.0,0.0,1.0,0.0,1.0,1.0
5,200,3.602596918702477,0.590482901426504,0.0,1.0,0.0,0.0,0.0,0.0
6,200,5.411037335837101,3.990523493573991,0.0,1.0,0.0,1.0,1.0,0.0
7,200,10.617461901626156,6.021170067638964,0.0,1.0,0.0,1.0,0.0,0.0
8,200,8.062137559035106,10.441960546067437,0.0,0.0,0.0,1.0,0.0,0.0
9,200,4.071927665479736,7.165710023441599,1.0,0.0,1.0,0.0,0.0,1.0
10,200,4.22806557013238,11.871652999544365,1.0,0.0,0.0,0.0,1.0,1.0
11,200,4.753865833525908,0.0,1.0,0.0,1.0,0.0,0.0,1.0
12,200,0.0,8.32298080021758,0.0,0.0,1.0,1.0,0.0,0.0
13,200,12.0,11.228273086591434,0.0,0.0,1.0,0.0,0.0,0.0
14,200,10.128707469811411,9.621558819453586,1.0,1.0,1.0,0.0,0.0,1.0
15,200,11.158405688969472,5.988447181122869,0.0,0.0,0.0,1.0,1.0,0.0
16,200,7.052750660171298,10.310428820219016,0.0,0.0,0.0,0.0,1.0,1.0
17,200,1.955831288574202,5.514389694532889,0.0,0.0,0.0,0.0,1.0,1.0
18,200,6.558519633025912,8.018625098090853,0.0,1.0,0.0,0.0,0.0,1.0
19,200,8.485835798848909,7.355288347377374,0.0,1.0,0.0,0.0,1.0,0.0
0,205,8.864642315302001,12.0,0.0,0.0,1.0,1.0,1.0,0.0
1,205,2.4246000450871823,12.0,0.0,0.0,1.0,0.0,0.0,0.0
2,205,4.056226483039612,9.066160631691975,1.0,0.0,0.0,1.0,1.0,1.0
3,205,7.022055751927054,8.566250814985255,0.0,0.0,0.0,0.0,1.0,1.0
4,205,10.703043346293212,4.671389596197162,1.0,0.0,1.0,0.0,1.0,1.0
5,205,3.537297121723953,0.4530949939048239,0.0,1.0,0.0,0.0,0.0,0.0
6,205,5.379823707859988,3.93702673230943,0.0,1.0,0.0,1.0,1.0,0.0
7,205,10.665145866629786,6.066001245573033,0.0,1.0,0.0,1.0,0.0,0.0
8,205,8.036040890692293,10.477167459928776,0.0,0.0,0.0,1.0,0.0,0.0
9,205,4.20353540130779,7.007417365101864,1.0,0.0,1.0,0.0,0.0,1.0
10,205,4.1709923291679525,11.875661561087307,1.0,0.0,0.0,0.0,1.0,1.0
11,205,4.765633882667564,0.0,1.0,0.0,1.0,0.0,0.0,1.0
12,205,0.0,8.294591246567578,0.0,0.0,1.0,1.0,0.0,0.0
13,205,11.999271269816608,11.227121530142451,0.0,0.0,1.0,0.0,0.0,0.0
14,205,10.278894830222148,9.784272009422429,1.0,1.0,1.0,0.0,0.0,1.0
15,205,11.079527152332282,5.975636961217403,0.0,0.0,0.0,1.0,1.0,0.0
16,205,7.201457923522439,10.339375054940511,0.0,0.0,0.0,0.0,1.0,1.0
17,205,1.928611031371168,5.613055051605156,0.0,0.0,0.0,0.0,1.0,1.0
18,205,6.603247717303913,7.995038644839055,0.0,1.0,0.0,0.0,0.0,1.0
19,205,8.30649000419083,7.190126270740409,0.0,1.0,0.0,0.0,1.0,0.0
0,210,8.914987731693799,12.0,0.0,0.0,1.0,1.0,1.0,0.0
1,210,2.504197223517345,12.0,0.0,0.0,1.0,0.0,0.0,0.0
2,210,4.017969146251681,9.153147398689848,1.0,0.0,0.0,1.0,1.0,1.0
3,210,6.930110976203737,8.665848513098442,0.0,0.0,0.0,0.0,1.0,1.0
4,210,10.716756813190903,4.757389314157693,1.0,0.0,1.0,0.0,1.0,1.0
5,210,3.475771742625868,0.3213306430888081,0.0,1.0,0.0,0.0,0.0,0.0
6,210,5.36109192619307,3.903504233047923,0.0,1.0,0.0,1.0,1.0,0.0
7,210,10.70484819148416,6.105448251180214,0.0,1.0,0.0,1.0,0.0,0.0
8,210,8.007603056440265,10.513322073051445,0.0,0.0,0.0,1.0,0.0,0.0
9,210,4.348939595728763,6.8384670724487,1.0,0.0,1.0,0.0,0.0,1.0
10,210,4.101142369674895,11.87858759163547,1.0,0.0,0.0,0.0,1.0,1.0
11,210,4.778309902953287,0.0,1.0,0.0,1.0,0.0,0.0,1.0
12,210,0.0,8.272012698451137,0.0,0.0,1.0,1.0,0.0,0.0
13,210,11.991519679078204,11.215211951682097,0.0,0.0,1.0,0.0,0.0,0.0
14,210,10.422413434829036,9.937515822836106,1.0,1.0,1.0,0.0,0.0,1.0
15,210,10.983282559983966,5.961348521087104,0.0,0.0,0.0,1.0,1.0,0.0
16,210,7.373496052826365,10.371845953926124,0.0,0.0,0.0,0.0,1.0,1.0
17,210,1.9094924816255543,5.68587377703448,0.0,0.0,0.0,0.0,1.0,1.0
18,210,6.650431866268124,7.969631101262271,0.0,1.0,0.0,0.0,0.0,1.0
19,210,8.13547913167615,7.029439908296868,0.0,1.0,0.0,0.0,1.0,0.0
0,215,8.973056943480227,12.0,0.0,0.0,1.0,1.0,1.0,0.0
1,215,2.596457544678548,12.0,0.0,0.0,1.0,0.0,0.0,0.0
2,215,3.977735520640521,9.23799963691687,1.0,0.0,0.0,1.0,1.0,1.0
3,215,6.842603853902279,8.760515355669842,0.0,0.0,0.0,0.0,1.0,1.0
4,215,10.72620229186518,4.803349422105391,1.0,0.0,1.0,0.0,1.0,1.0
5,215,3.415905436233828,0.1929747158393797,0.0,1.0,0.0,0.0,0.0,0.0
6,215,5.344105839082063,3.873332261013975,0.0,1.0,0.0,1.0,1.0,0.0
7,215,10.747026867671824,6.148957802233405,0.0,1.0,0.0,1.0,0.0,0.0
8,215,7.963868057827829,10.566240360252424,0.0,0.0,0.0,1.0,0.0,0.0
9,215,4.476084666843473,6.686267414966124,1.0,0.0,1.0,0.0,0.0,1.0
10,215,3.995054725983316,11.882984061504592,1.0,0.0,0.0,0.0,1.0,1.0
11,215,4.796045853511272,0.0,1.0,0.0,1.0,0.0,0.0,1.0
12,215,0.0,8.238138274741626,0.0,0.0,1.0,1.0,0.0,0.0
13,215,11.97346706063185,11.188997158425444,0.0,0.0,1.0,0.0,0.0,0.0
14,215,10.571409790132927,10.09946844457883,1.0,1.0,1.0,0.0,0.0,1.0
15,215,10.879713225167045,5.948366090397475,0.0,0.0,0.0,1.0,1.0,0.0
16,215,7.534727426692296,10.403641278786832,0.0,0.0,0.0,0.0,1.0,1.0
17,215,1.885240708875975,5.774239885832732,0.0,0.0,0.0,0.0,1.0,1.0
18,215,6.6991314303861245,7.942911799153031,0.0,1.0,0.0,0.0,0.0,1.0
19,215,7.970839746893096,6.881045640240397,0.0,1.0,0.0,0.0,1.0,0.0
0,220,9.028489862280496,12.0,0.0,0.0,1.0,1.0,1.0,0.0
1,220,2.700263820228617,12.0,0.0,0.0,1.0,0.0,0.0,0.0
2,220,3.938562109348156,9.316535832894235,1.0,0.0,0.0,1.0,1.0,1.0
3,220,6.754725054751888,8.852321762199793,0.0,0.0,0.0,0.0,1.0,1.0
4,220,10.742765269746124,4.881425394045574,1.0,0.0,1.0,0.0,1.0,1.0
5,220,3.342880576105677,0.0465436854282365,0.0,1.0,0.0,0.0,0.0,0.0
6,220,5.330322073333925,3.850606300431916,0.0,1.0,0.0,1.0,1.0,0.0
7,220,10.783270667747123,6.185289723623123,0.0,1.0,0.0,1.0,0.0,0.0
8,220,7.91936357544495,10.617679242838928,0.0,0.0,0.0,1.0,0.0,0.0
9,220,4.591886744162619,6.548268241195706,1.0,0.0,1.0,0.0,0.0,1.0
10,220,3.907638995136826,11.887223276454051,1.0,0.0,0.0,0.0,1.0,1.0
11,220,4.8106226640493714,0.0,1.0,0.0,1.0,0.0,0.0,1.0
12,220,0.0,8.199026982729297,0.0,0.0,1.0,1.0,0.0,0.0
13,220,11.937087303201698,11.134592126099658,0.0,0.0,1.0,0.0,0.0,0.0
14,220,10.734112258639223,10.274726605215983,1.0,1.0,1.0,0.0,0.0,1.0
15,220,10.778022005204932,5.9333795474459645,0.0,0.0,0.0,1.0,1.0,0.0
16,220,7.725505968440131,10.438441588686208,0.0,0.0,0.0,0.0,1.0,1.0
17,220,1.8634581688499965,5.866409658990745,0.0,0.0,0.0,0.0,1.0,1.0
18,220,6.743057115100089,7.918224366145108,0.0,1.0,0.0,0.0,0.0,1.0
19,220,7.822759751537228,6.740871495277055,0.0,1.0,0.0,0.0,1.0,0.0
0,225,9.075604274387937,12.0,0.0,0.0,1.0,1.0,1.0,0.0
1,225,2.7990585979421527,12.0,0.0,0.0,1.0,0.0,0.0,0.0
2,225,3.902322297575292,9.391673023430858,1.0,0.0,0.0,1.0,1.0,1.0
3,225,6.671996154016752,8.93619795932143,0.0,0.0,0.0,0.0,1.0,1.0
4,225,10.760104809903302,4.963938855581958,1.0,0.0,1.0,0.0,1.0,1.0
5,225,3.2698810815724326,0.0,0.0,1.0,0.0,0.0,0.0,0.0
6,225,5.326410882972399,3.844232029090308,0.0,1.0,0.0,1.0,1.0,0.0
7,225,10.826416032677804,6.227874047788013,0.0,1.0,0.0,1.0,0.0,0.0
8,225,7.868169718843876,10.675873878391286,0.0,0.0,0.0,1.0,0.0,0.0
9,225,4.706309751954662,6.414271555194167,1.0,0.0,1.0,0.0,0.0,1.0
10,225,3.851381318722204,11.890412142964689,1.0,0.0,0.0,0.0,1.0,1.0
11,225,4.932016078080669,0.0180046115576808,1.0,0.0,1.0,0.0,0.0,1.0
12,225,0.0,8.167628953879582,0.0,0.0,1.0,1.0,0.0,0.0
13,225,11.900484793680738,11.08256999496155,0.0,0.0,1.0,0.0,0.0,0.0
14,225,10.907663809737974,10.450375701602416,1.0,1.0,1.0,0.0,0.0,1.0
15,225,10.648452949389991,5.916353406693983,0.0,0.0,0.0,1.0,1.0,0.0
16,225,7.902985956509613,10.471699341170815,0.0,0.0,0.0,0.0,1.0,1.0
17,225,1.8430962154130728,5.951761321299075,0.0,0.0,0.0,0.0,1.0,1.0
18,225,6.783654115847631,7.893970930353776,0.0,1.0,0.0,0.0,0.0,1.0
19,225,7.6897919938679555,6.61837547904937,0.0,1.0,0.0,0.0,1.0,0.0
0,230,9.121873448251336,12.0,0.0,0.0,1.0,1.0,1.0,0.0
1,230,2.905851691251625,12.0,0.0,0.0,1.0,0.0,0.0,0.0
2,230,3.866529940600983,9.46385296214357,1.0,0.0,0.0,1.0,1.0,1.0
3,230,6.7681807647225,9.033770340294309,0.0,0.0,0.0,0.0,1.0,1.0
4,230,10.777771606348557,5.044903918709162,1.0,0.0,1.0,0.0,1.0,1.0
5,230,3.1899812271119887,0.0,0.0,1.0,0.0,0.0,0.0,0.0
6,230,5.31568893956918,3.828122535704557,0.0,1.0,0.0,1.0,1.0,0.0
7,230,10.86185779861773,6.262806725489813,0.0,1.0,0.0,1.0,0.0,0.0
8,230,7.82333480164057,10.726883261971896,0.0,0.0,0.0,1.0,0.0,0.0
9,230,4.836222561817174,6.27026760081126,1.0,0.0,1.0,0.0,0.0,1.0
10,230,3.796937835977103,11.892491251411265,1.0,0.0,0.0,0.0,1.0,1.0
11,230,5.040748988065184,0.0351959625352299,1.0,0.0,1.0,0.0,0.0,1.0
12,230,0.0,8.137592096411856,0.0,0.0,1.0,1.0,0.0,0.0
13,230,11.875470592132134,11.046695802424974,0.0,0.0,1.0,0.0,0.0,0.0
14,230,11.06139219090952,10.610352510256256,1.0,1.0,1.0,0.0,0.0,1.0
15,230,10.526806157850704,5.902576283942745,0.0,0.0,0.0,1.0,1.0,0.0
16,230,8.089954221952839,10.508181060524652,0.0,0.0,0.0,0.0,1.0,1.0
17,230,1.8221695220548304,6.0425645881097365,0.0,0.0,0.0,0.0,1.0,1.0
18,230,6.831218118731442,7.865981613607976,0.0,1.0,0.0,0.0,0.0,1.0
19,230,7.548112634332893,6.489732804941816,0.0,1.0,0.0,0.0,1.0,0.0
0,235,9.168656349228677,12.0,0.0,0.0,1.0,1.0,1.0,0.0
1,235,3.001535414331133,12.0,0.0,0.0,1.0,0.0,0.0,0.0
2,235,3.836336273171909,9.52548143044209,1.0,0.0,0.0,1.0,1.0,1.0
3,235,6.8608562750023,9.129876431123003,0.0,0.0,0.0,0.0,1.0,1.0
4,235,10.797838461545073,5.141201497514629,1.0,0.0,1.0,0.0,1.0,1.0
5,235,3.118963844500847,0.0,0.0,1.0,0.0,0.0,0.0,0.0
6,235,5.305926029319722,3.813782948848543,0.0,1.0,0.0,1.0,1.0,0.0
7,235,10.879797118693467,6.280588463181736,0.0,1.0,0.0,1.0,0.0,0.0
8,235,7.7839992129883715,10.76946911031046,0.0,0.0,0.0,1.0,0.0,0.0
9,235,4.696436801768084,6.142334421383452,1.0,0.0,1.0,0.0,0.0,1.0
10,235,3.729150464357724,11.894096140875062,1.0,0.0,0.0,0.0,1.0,1.0
11,235,5.130407133101712,0.0484069076872963,1.0,0.0,1.0,0.0,0.0,1.0
12,235,0.0,8.105360727894146,0.0,0.0,1.0,1.0,0.0,0.0
13,235,11.847052706145888,11.005843551023297,0.0,0.0,1.0,0.0,0.0,0.0
14,235,11.218946183403316,10.771197481441275,1.0,1.0,1.0,0.0,0.0,1.0
15,235,10.37749785756379,5.888333216806379,0.0,0.0,0.0,1.0,1.0,0.0
16,235,8.28738775529842,10.547776950095455,0.0,0.0,0.0,0.0,1.0,1.0
17,235,1.7964286790014363,6.1539254252256415,0.0,0.0,0.0,0.0,1.0,1.0
18,235,6.882372928139737,7.835817498585118,0.0,1.0,0.0,0.0,0.0,1.0
19,235,7.408722199088241,6.360603287807028,0.0,1.0,0.0,0.0,1.0,0.0
0,240,9.207643988786256,12.0,0.0,0.0,1.0,1.0,1.0,0.0
1,240,3.102220180522018,12.0,0.0,0.0,1.0,0.0,0.0,0.0
2,240,3.806762877024411,9.589022799985548,1.0,0.0,0.0,1.0,1.0,1.0
3,240,6.956077697473047,9.22283582950259,0.0,0.0,0.0,0.0,1.0,1.0
4,240,10.818207573281272,5.256323213301291,1.0,0.0,1.0,0.0,1.0,1.0
5,240,3.044632979833133,0.0,0.0,1.0,0.0,0.0,0.0,0.0
6,240,5.292019106722701,3.790925624995527,0.0,1.0,0.0,1.0,1.0,0.0
7,240,10.881107215402416,6.2819540099667,0.0,1.0,0.0,1.0,0.0,0.0
8,240,7.7317761201602675,10.825674069951654,0.0,0.0,0.0,1.0,0.0,0.0
9,240,4.559014637292059,6.01539267292226,1.0,0.0,1.0,0.0,0.0,1.0
10,240,3.6773415255254394,11.894221994414488,1.0,0.0,0.0,0.0,1.0,1.0
11,240,5.2143086104122,0.0620623135952924,1.0,0.0,1.0,0.0,0.0,1.0
12,240,0.0,8.078750320581783,0.0,0.0,1.0,1.0,0.0,0.0
13,240,11.811711438729873,10.95390851056745,0.0,0.0,1.0,0.0,0.0,0.0
14,240,11.360152970605805,10.921273511118326,1.0,1.0,1.0,0.0,0.0,1.0
15,240,10.225161500626216,5.875932816203661,0.0,0.0,0.0,1.0,1.0,0.0
16,240,8.490806453560781,10.589745879491325,0.0,0.0,0.0,0.0,1.0,1.0
17,240,1.7753911477684254,6.23890191976277,0.0,0.0,0.0,0.0,1.0,1.0
18,240,6.932879007140548,7.806158022033338,0.0,1.0,0.0,0.0,0.0,1.0
19,240,7.27583457975355,6.237118541470874,0.0,1.0,0.0,0.0,1.0,0.0
0,245,9.24136676714186,12.0,0.0,0.0,1.0,1.0,1.0,0.0
1,245,3.218056953452831,12.0,0.0,0.0,1.0,0.0,0.0,0.0
2,245,3.787853868459466,9.63067467007808,1.0,0.0,0.0,1.0,1.0,1.0
3,245,7.0696814766229865,9.329142866886304,0.0,0.0,0.0,0.0,1.0,1.0
4,245,10.842740317501644,5.3853127863278365,1.0,0.0,1.0,0.0,1.0,1.0
5,245,2.97112869041271,0.0,0.0,1.0,0.0,0.0,0.0,0.0
6,245,5.280514743643288,3.7715811698790223,0.0,1.0,0.0,1.0,1.0,0.0
7,245,10.888747052359324,6.289745626919606,0.0,1.0,0.0,1.0,0.0,0.0
8,245,7.671554912884857,10.891513842943793,0.0,0.0,0.0,1.0,0.0,0.0
9,245,4.419590074900279,5.8850855959071575,1.0,0.0,1.0,0.0,0.0,1.0
10,245,3.633884327222894,11.892944293836177,1.0,0.0,0.0,0.0,1.0,1.0
11,245,5.32273046310504,0.0787150360264429,1.0,0.0,1.0,0.0,0.0,1.0
12,245,0.0,8.051802446377417,0.0,0.0,1.0,1.0,0.0,0.0
13,245,11.774132201070335,10.901960820303715,0.0,0.0,1.0,0.0,0.0,0.0
14,245,11.514207002003769,11.07964807990655,1.0,1.0,1.0,0.0,0.0,1.0
15,245,10.07550298000572,5.865534988792498,0.0,0.0,0.0,1.0,1.0,0.0
16,245,8.712612305059462,10.63220199701002,0.0,0.0,0.0,0.0,1.0,1.0
17,245,1.7531256858860431,6.329908153401933,0.0,0.0,0.0,0.0,1.0,1.0
18,245,6.957487247638876,7.792261461157723,0.0,1.0,0.0,0.0,0.0,1.0
19,245,7.153232963628577,6.123508489586261,0.0,1.0,0.0,0.0,1.0,0.0
0,250,9.270832242557727,12.0,0.0,0.0,1.0,1.0,1.0,0.0
1,250,3.335665676831255,12.0,0.0,0.0,1.0,0.0,0.0,0.0
2,250,3.769783418805805,9.62261209310549,1.0,0.0,0.0,1.0,1.0,1.0
3,250,7.1959253361156685,9.450880896260127,0.0,0.0,0.0,0.0,1.0,1.0
4,250,10.86592857315116,5.508475803566371,1.0,0.0,1.0,0.0,1.0,1.0
5,250,2.904603456477153,0.0,0.0,1.0,0.0,0.0,0.0,0.0
6,250,5.269520252409958,3.753343805846801,0.0,1.0,0.0,1.0,1.0,0.0
7,250,10.89239974331617,6.293633894026309,0.0,1.0,0.0,1.0,0.0,0.0
8,250,7.616048754539537,10.95506881877981,0.0,0.0,0.0,1.0,0.0,0.0
9,250,4.306086819002267,5.775942423163895,1.0,0.0,1.0,0.0,0.0,1.0
10,250,3.571360652586742,11.89375335128262,1.0,0.0,0.0,0.0,1.0,1.0
11,250,5.396539950984575,0.0913794488944587,1.0,0.0,1.0,0.0,0.0,1.0
12,250,0.0,8.026866472943693,0.0,0.0,1.0,1.0,0.0,0.0
13,250,11.736753128716476,10.849775020479038,0.0,0.0,1.0,0.0,0.0,0.0
14,250,11.662119033191525,11.244777584434791,1.0,1.0,1.0,0.0,0.0,1.0
15,250,9.92166893889815,5.849171980858371,0.0,0.0,0.0,1.0,1.0,0.0
16,250,8.931938665984344,10.670336160835074,0.0,0.0,0.0,0.0,1.0,1.0
17,250,1.7297755617452095,6.426752936077247,0.0,0.0,0.0,0.0,1.0,1.0
18,250,6.971169530878058,7.784864795450079,0.0,1.0,0.0,0.0,0.0,1.0
19,250,7.03103373709072,6.015423936944249,0.0,1.0,0.0,0.0,1.0,0.0
0,255,9.29526849757699,12.0,0.0,0.0,1.0,1.0,1.0,0.0
1,255,3.446756132368588,12.0,0.0,0.0,1.0,0.0,0.0,0.0
2,255,3.75607487118064,9.61632023182883,1.0,0.0,0.0,1.0,1.0,1.0
3,255,7.324559493792631,9.581409341139985,0.0,0.0,0.0,0.0,1.0,1.0
4,255,10.898159443580438,5.651329591189755,1.0,0.0,1.0,0.0,1.0,1.0
5,255,2.8339697466151863,0.0,0.0,1.0,0.0,0.0,0.0,0.0
6,255,5.2628068895004665,3.742453672864598,0.0,1.0,0.0,1.0,1.0,0.0
7,255,10.895181346070252,6.296786209626594,0.0,1.0,0.0,1.0,0.0,0.0
8,255,7.563816030574047,11.01562138353661,0.0,0.0,0.0,1.0,0.0,0.0
9,255,4.207905677524208,5.684342006649244,1.0,0.0,1.0,0.0,0.0,1.0
10,255,3.4926444021386,11.894044648455228,1.0,0.0,0.0,0.0,1.0,1.0
11,255,5.462973471707079,0.1022381333145328,1.0,0.0,1.0,0.0,0.0,1.0
12,255,0.0,8.011510767983754,0.0,0.0,1.0,1.0,0.0,0.0
13,255,11.70700865142425,10.811271680739418,0.0,0.0,1.0,0.0,0.0,0.0
14,255,11.81966718573665,11.422144238541756,1.0,1.0,1.0,0.0,0.0,1.0
15,255,9.803965778137565,5.835531936963123,0.0,0.0,0.0,1.0,1.0,0.0
16,255,9.162232490967597,10.712443412034464,0.0,0.0,0.0,0.0,1.0,1.0
17,255,1.7010273315365518,6.538341785803504,0.0,0.0,0.0,0.0,1.0,1.0
18,255,6.988431313029835,7.775961611440629,0.0,1.0,0.0,0.0,0.0,1.0
19,255,6.918487063857296,5.919336392420431,0.0,1.0,0.0,0.0,1.0,0.0
0,260,9.316316743052695,12.0,0.0,0.0,1.0,1.0,1.0,0.0
1,260,3.579635980646405,12.0,0.0,0.0,1.0,0.0,0.0,0.0
2,260,3.7495195319455914,9.61326459506646,1.0,0.0,0.0,1.0,1.0,1.0
3,260,7.433616212195154,9.698187128000306,0.0,0.0,0.0,0.0,1.0,1.0
4,260,10.935611251657027,5.815869220073501,1.0,0.0,1.0,0.0,1.0,1.0
5,260,2.7769276633485456,0.0,0.0,1.0,0.0,0.0,0.0,0.0
6,260,5.247209680900006,3.717732516723568,0.0,1.0,0.0,1.0,1.0,0.0
7,260,10.902043192589629,6.304255745116259,0.0,1.0,0.0,1.0,0.0,0.0
8,260,7.513778052305804,11.072045880746128,0.0,0.0,0.0,1.0,0.0,0.0
9,260,4.118062070037328,5.605194033323384,1.0,0.0,1.0,0.0,0.0,1.0
10,260,3.3965311036939507,11.892014898816244,1.0,0.0,0.0,0.0,1.0,1.0
11,260,5.520076626762061,0.1106376651436393,1.0,0.0,1.0,0.0,0.0,1.0
12,260,0.0,7.98777361385548,0.0,0.0,1.0,1.0,0.0,0.0
13,260,11.67397431645642,10.768191869163449,0.0,0.0,1.0,0.0,0.0,0.0
14,260,11.982106575150745,11.595769321432144,1.0,1.0,1.0,0.0,0.0,1.0
15,260,9.683267207245262,5.821537755523113,0.0,0.0,0.0,1.0,1.0,0.0
16,260,9.39398448856179,10.755185706632387,0.0,0.0,0.0,0.0,1.0,1.0
17,260,1.681304930207377,6.62653751003053,0.0,0.0,0.0,0.0,1.0,1.0
18,260,7.011168038307332,7.764334314622004,0.0,1.0,0.0,0.0,0.0,1.0
19,260,6.810448765086503,5.831343512897799,0.0,1.0,0.0,0.0,1.0,0.0
0,265,9.334127534669763,12.0,0.0,0.0,1.0,1.0,1.0,0.0
1,265,3.719458461265079,12.0,0.0,0.0,1.0,0.0,0.0,0.0
2,265,3.73096691663567,9.60500125743235,1.0,0.0,0.0,1.0,1.0,1.0
3,265,7.530856070413613,9.801689445352917,0.0,0.0,0.0,0.0,1.0,1.0
4,265,10.977697127921628,5.988516925482365,1.0,0.0,1.0,0.0,1.0,1.0
5,265,2.726238347318802,0.0,0.0,1.0,0.0,0.0,0.0,0.0
6,265,5.22753143548335,3.6847619616176512,0.0,1.0,0.0,1.0,1.0,0.0
7,265,10.903013220112804,6.305282519269841,0.0,1.0,0.0,1.0,0.0,0.0
8,265,7.435360782422996,11.15807193838279,0.0,0.0,0.0,1.0,0.0,0.0
9,265,4.029861865162848,5.530081024449759,1.0,0.0,1.0,0.0,0.0,1.0
10,265,3.285046214434589,11.889791881096071,1.0,0.0,0.0,0.0,1.0,1.0
11,265,5.55520623998136,0.1145120507595172,1.0,0.0,1.0,0.0,0.0,1.0
12,265,0.0,7.96684680247234,0.0,0.0,1.0,1.0,0.0,0.0
13,265,11.646694786590947,10.733307702569496,0.0,0.0,1.0,0.0,0.0,0.0
14,265,12.0,11.783441896020587,1.0,1.0,1.0,0.0,0.0,1.0
15,265,9.56007585284466,5.808576807819453,0.0,0.0,0.0,1.0,1.0,0.0
16,265,9.625437754641064,10.808125050984366,0.0,0.0,0.0,0.0,1.0,1.0
17,265,1.666322177155719,6.702866099790947,0.0,0.0,0.0,0.0,1.0,1.0
18,265,7.043078848772862,7.748093267033026,0.0,1.0,0.0,0.0,0.0,1.0
19,265,6.690638433894847,5.73447962744199,0.0,1.0,0.0,0.0,1.0,0.0
0,270,9.3577923250043,12.0,0.0,0.0,1.0,1.0,1.0,0.0
1,270,3.839707425577181,12.0,0.0,0.0,1.0,0.0,0.0,0.0
2,270,3.7125621752764246,9.597217913200833,1.0,0.0,0.0,1.0,1.0,1.0
3,270,7.640411063166404,9.918877322076373,0.0,0.0,0.0,0.0,1.0,1.0
4,270,11.024884104306144,6.161379734916419,1.0,0.0,1.0,0.0,1.0,1.0
5,270,2.677134596974301,0.0,0.0,1.0,0.0,0.0,0.0,0.0
6,270,5.214710816012611,3.662680622722024,0.0,1.0,0.0,1.0,1.0,0.0
7,270,10.915632411092334,6.319869681428278,0.0,1.0,0.0,1.0,0.0,0.0
8,270,7.352145700840006,11.250563297454576,0.0,0.0,0.0,1.0,0.0,0.0
9,270,3.91649605346902,5.435929777681936,1.0,0.0,1.0,0.0,0.0,1.0
10,270,3.173002238290518,11.892467894607634,1.0,0.0,0.0,0.0,1.0,1.0
11,270,5.578217005907705,0.1172399513991833,1.0,0.0,1.0,0.0,0.0,1.0
12,270,0.0,7.94024068686336,0.0,0.0,1.0,1.0,0.0,0.0
13,270,11.623002200847331,10.702588295973486,0.0,0.0,1.0,0.0,0.0,0.0
14,270,12.0,11.983236522339167,1.0,1.0,1.0,0.0,0.0,1.0
15,270,9.42557477400387,5.793126123955704,0.0,0.0,0.0,1.0,1.0,0.0
16,270,9.86222219004078,10.86750427797494,0.0,0.0,0.0,0.0,1.0,1.0
17,270,1.654342637960219,6.762668390920644,0.0,0.0,0.0,0.0,1.0,1.0
18,270,7.062213443156008,7.737778549929536,0.0,1.0,0.0,0.0,0.0,1.0
19,270,6.567230590169959,5.634490237784243,0.0,1.0,0.0,0.0,1.0,0.0
0,275,9.386715327780763,12.0,0.0,0.0,1.0,1.0,1.0,0.0
1,275,3.9575935753366975,12.0,0.0,0.0,1.0,0.0,0.0,0.0
2,275,3.685888630487278,9.5858338329334,1.0,0.0,0.0,1.0,1.0,1.0
3,275,7.737055674275068,10.022003493286787,0.0,0.0,0.0,0.0,1.0,1.0
4,275,11.062590644883404,6.311492110867305,1.0,0.0,1.0,0.0,1.0,1.0
5,275,2.6256539184445766,0.0,0.0,1.0,0.0,0.0,0.0,0.0
6,275,5.200988192660069,3.639447339555941,0.0,1.0,0.0,1.0,1.0,0.0
7,275,10.914073733600306,6.317959881945964,0.0,1.0,0.0,1.0,0.0,0.0
8,275,7.283242378778464,11.329632172211928,0.0,0.0,0.0,1.0,0.0,0.0
9,275,3.809179442924074,5.343279510839358,1.0,0.0,1.0,0.0,0.0,1.0
10,275,3.063356561946496,11.897799814593128,1.0,0.0,0.0,0.0,1.0,1.0
11,275,5.5959798566683805,0.1194898297278684,1.0,0.0,1.0,0.0,0.0,1.0
12,275,0.0,7.9138653621578,0.0,0.0,1.0,1.0,0.0,0.0
13,275,11.620018132489449,10.69869641465294,0.0,0.0,1.0,0.0,0.0,0.0
14,275,12.0,12.0,1.0,1.0,1.0,0.0,0.0,1.0
15,275,9.277950652318124,5.771592945330151,0.0,0.0,0.0,1.0,1.0,0.0
16,275,10.101521084522917,10.92996239559568,0.0,0.0,0.0,0.0,1.0,1.0
17,275,1.640400519214414,6.8221628969841,0.0,0.0,0.0,0.0,1.0,1.0
18,275,7.067665505431168,7.734901215236943,0.0,1.0,0.0,0.0,0.0,1.0
19,275,6.452685103014938,5.541786357646204,0.0,1.0,0.0,0.0,1.0,0.0
0,280,9.418479924010208,12.0,0.0,0.0,1.0,1.0,1.0,0.0
1,280,4.079930549240667,12.0,0.0,0.0,1.0,0.0,0.0,0.0
2,280,3.663357998252912,9.576580803105184,1.0,0.0,0.0,1.0,1.0,1.0
3,280,7.815929486671637,10.106274399441478,0.0,0.0,0.0,0.0,1.0,1.0
4,280,11.092033128659446,6.446540005474232,1.0,0.0,1.0,0.0,1.0,1.0
5,280,2.576474758723536,0.0,0.0,1.0,0.0,0.0,0.0,0.0
6,280,5.181562396246062,3.6075736660557913,0.0,1.0,0.0,1.0,1.0,0.0
7,280,10.91031487813657,6.313466849879696,0.0,1.0,0.0,1.0,0.0,0.0
8,280,7.2046927098349975,11.421908885502894,0.0,0.0,0.0,1.0,0.0,0.0
9,280,3.7053959752987,5.249007149098725,1.0,0.0,1.0,0.0,0.0,1.0
10,280,2.9699275979783497,11.903860414515549,1.0,0.0,0.0,0.0,1.0,1.0
11,280,5.614074421905527,0.1225325891190413,1.0,0.0,1.0,0.0,0.0,1.0
12,280,0.0,7.909275611108146,0.0,0.0,1.0,1.0,0.0,0.0
13,280,11.61494770592719,10.692010022913747,0.0,0.0,1.0,0.0,0.0,0.0
14,280,12.0,12.0,1.0,1.0,1.0,0.0,0.0,1.0
15,280,9.115923377300398,5.750443459280134,0.0,0.0,0.0,1.0,1.0,0.0
16,280,10.320028697089622,10.982250465638831,0.0,0.0,0.0,0.0,1.0,1.0
17,280,1.6227427724803634,6.900539342861012,0.0,0.0,0.0,0.0,1.0,1.0
18,280,7.073795355555451,7.731402260934662,0.0,1.0,0.0,0.0,0.0,1.0
19,280,6.338442250990128,5.447431917216477,0.0,1.0,0.0,0.0,1.0,0.0
0,285,9.441723224277824,12.0,0.0,0.0,1.0,1.0,1.0,0.0
1,285,4.195551048512267,12.0,0.0,0.0,1.0,0.0,0.0,0.0
2,285,3.636304396096113,9.565268004628994,1.0,0.0,0.0,1.0,1.0,1.0
3,285,7.895516870956022,10.193781733144348,0.0,0.0,0.0,0.0,1.0,1.0
4,285,11.12583724207776,6.581444468432042,1.0,0.0,1.0,0.0,1.0,1.0
5,285,2.526647499849314,0.0,0.0,1.0,0.0,0.0,0.0,0.0
6,285,5.1740570417973535,3.5956911947389893,0.0,1.0,0.0,1.0,1.0,0.0
7,285,10.902397564756654,6.303961447333244,0.0,1.0,0.0,1.0,0.0,0.0
8,285,7.140599840860265,11.503414343265426,0.0,0.0,0.0,1.0,0.0,0.0
9,285,3.594424938060065,5.1467199871783365,1.0,0.0,1.0,0.0,0.0,1.0
10,285,2.871546847593486,11.911803137430171,1.0,0.0,0.0,0.0,1.0,1.0
11,285,5.622098588783482,0.1242517549207141,1.0,0.0,1.0,0.0,0.0,1.0
12,285,0.0,7.902800552198154,0.0,0.0,1.0,1.0,0.0,0.0
13,285,11.604727295660956,10.678645783196846,0.0,0.0,1.0,0.0,0.0,0.0
14,285,12.0,12.0,1.0,1.0,1.0,0.0,0.0,1.0
15,285,8.966596566673841,5.730459041089518,0.0,0.0,0.0,1.0,1.0,0.0
16,285,10.527133946611126,11.022859125373625,0.0,0.0,0.0,0.0,1.0,1.0
17,285,1.600986129562805,6.993729513882315,0.0,0.0,0.0,0.0,1.0,1.0
18,285,7.08360890707934,7.725627970112486,0.0,1.0,0.0,0.0,0.0,1.0
19,285,6.239269503904799,5.362218962194175,0.0,1.0,0.0,0.0,1.0,0.0
0,290,9.470943770355111,12.0,0.0,0.0,1.0,1.0,1.0,0.0
1,290,4.317800462848444,12.0,0.0,0.0,1.0,0.0,0.0,0.0
2,290,3.627277415618877,9.561477730269768,1.0,0.0,0.0,1.0,1.0,1.0
3,290,7.981171290237347,10.286087076351023,0.0,0.0,0.0,0.0,1.0,1.0
4,290,11.163695570608429,6.711001927696449,1.0,0.0,1.0,0.0,1.0,1.0
5,290,2.465201827727082,0.0,0.0,1.0,0.0,0.0,0.0,0.0
6,290,5.164952005308398,3.581697247586845,0.0,1.0,0.0,1.0,1.0,0.0
7,290,10.884928351370446,6.283707631493415,0.0,1.0,0.0,1.0,0.0,0.0
8,290,7.090177218247352,11.57061361266078,0.0,0.0,0.0,1.0,0.0,0.0
9,290,3.480842576780192,5.040956087524828,1.0,0.0,1.0,0.0,0.0,1.0
10,290,2.7807304140298754,11.918627332051612,1.0,0.0,0.0,0.0,1.0,1.0
11,290,5.6319176722866136,0.1263303273499544,1.0,0.0,1.0,0.0,0.0,1.0
12,290,0.0,7.893023589344621,0.0,0.0,1.0,1.0,0.0,0.0
13,290,11.595625671812492,10.667514949547169,0.0,0.0,1.0,0.0,0.0,0.0
14,290,12.0,12.0,1.0,1.0,1.0,0.0,0.0,1.0
15,290,8.949342047289893,5.881149580864805,0.0,0.0,0.0,1.0,1.0,0.0
16,290,10.729333546069062,11.061827093170049,0.0,0.0,0.0,0.0,1.0,1.0
17,290,1.5818663805278832,7.075816286075695,0.0,0.0,0.0,0.0,1.0,1.0
18,290,7.112514370893447,7.709071188662535,0.0,1.0,0.0,0.0,0.0,1.0
19,290,6.125161886592584,5.269128162637632,0.0,1.0,0.0,0.0,1.0,0.0
0,295,9.496294755043554,12.0,0.0,0.0,1.0,1.0,1.0,0.0
1,295,4.42856143054641,12.0,0.0,0.0,1.0,0.0,0.0,0.0
2,295,3.6350563210697233,9.564776292064026,1.0,0.0,0.0,1.0,1.0,1.0
3,295,8.078535104237785,10.392931738939112,0.0,0.0,0.0,0.0,1.0,1.0
4,295,11.200537596159082,6.828724484707712,1.0,0.0,1.0,0.0,1.0,1.0
5,295,2.4103444306647317,0.0,0.0,1.0,0.0,0.0,0.0,0.0
6,295,5.159409944178097,3.5733124618313505,0.0,1.0,0.0,1.0,1.0,0.0
7,295,10.878070971822495,6.275978540497297,0.0,1.0,0.0,1.0,0.0,0.0
8,295,7.039661679952897,11.63653705159386,0.0,0.0,0.0,1.0,0.0,0.0
9,295,3.389736879240279,4.954950010682531,1.0,0.0,1.0,0.0,0.0,1.0
10,295,2.678326145636546,11.926624177961353,1.0,0.0,0.0,0.0,1.0,1.0
11,295,5.660970104587846,0.1326513310289745,1.0,0.0,1.0,0.0,0.0,1.0
12,295,0.0,7.886206807196513,0.0,0.0,1.0,1.0,0.0,0.0
13,295,11.588367694682754,10.65847646605057,0.0,0.0,1.0,0.0,0.0,0.0
14,295,12.0,12.0,1.0,1.0,1.0,0.0,0.0,1.0
15,295,8.93277349954146,6.009706867788384,0.0,0.0,0.0,1.0,1.0,0.0
16,295,10.923608349132763,11.098339998345352,0.0,0.0,0.0,0.0,1.0,1.0
17,295,1.5645242768605008,7.148567245120756,0.0,0.0,0.0,0.0,1.0,1.0
18,295,7.137421422794552,7.6945426712644815,0.0,1.0,0.0,0.0,0.0,1.0
19,295,6.006131169113526,5.162752387302405,0.0,1.0,0.0,0.0,1.0,0.0
