0,0,0.9806136076929168,1.004841912722445,0.0,0.0,1.0,1.0,1.0,0.0
1,0,7.96693800036736,3.949642413763446,0.0,0.0,1.0,0.0,0.0,0.0
2,0,11.985549650626806,6.063337865836525,1.0,0.0,0.0,1.0,1.0,1.0
3,0,11.060403217213675,0.0398951483383294,0.0,0.0,0.0,0.0,1.0,1.0
4,0,7.97745251229653,1.9498743129135812,1.0,0.0,1.0,0.0,1.0,1.0
5,0,0.9696140807501556,5.029039824690754,0.0,1.0,0.0,0.0,0.0,0.0
6,0,7.946398867122935,2.0296161730418185,0.0,1.0,0.0,1.0,1.0,0.0
7,0,3.968856494530697,1.0508405541726529,0.0,1.0,0.0,1.0,0.0,0.0
8,0,5.976050199637715,9.955277406055217,0.0,0.0,0.0,1.0,0.0,0.0
9,0,0.0,6.976533834898316,1.0,0.0,1.0,0.0,0.0,1.0
10,0,10.998866503359658,1.0475165815274925,1.0,0.0,0.0,0.0,1.0,1.0
11,0,4.04493057745334,10.964844464569287,1.0,0.0,1.0,0.0,0.0,1.0
12,0,7.926873930278508,5.997410775284033,0.0,0.0,1.0,1.0,0.0,0.0
13,0,8.958142087535673,5.979953743127068,0.0,0.0,1.0,0.0,0.0,0.0
14,0,2.9594420574120828,4.955731754611199,1.0,1.0,1.0,0.0,0.0,1.0
15,0,3.055134187594557,6.991973633213628,0.0,0.0,0.0,1.0,1.0,0.0
16,0,9.038361143920271,6.033475370717556,0.0,0.0,0.0,0.0,1.0,1.0
17,0,9.98383229341754,5.93859400822503,0.0,0.0,0.0,0.0,1.0,1.0
18,0,4.96008126450969,9.997915470094096,0.0,1.0,0.0,0.0,0.0,1.0
19,0,11.017296099446463,5.914910413711927,0.0,1.0,0.0,0.0,1.0,0.0
0,5,0.9367472571122832,1.0151503008369918,0.0,0.0,1.0,1.0,1.0,0.0
1,5,7.9313595707960705,3.8954686716161135,0.0,0.0,1.0,0.0,0.0,0.0
2,5,11.968301795908564,6.144042061131322,1.0,0.0,0.0,1.0,1.0,1.0
3,5,11.11920073449031,0.0772784523006254,0.0,0.0,0.0,0.0,1.0,1.0
4,5,7.95182172561611,1.8919187165476368,1.0,0.0,1.0,0.0,1.0,1.0
5,5,0.9379590846845384,5.058660611782671,0.0,1.0,0.0,0.0,0.0,0.0
6,5,7.892554140088673,2.060296717673955,0.0,1.0,0.0,1.0,1.0,0.0
7,5,3.937316525926237,1.1011144285745371,0.0,1.0,0.0,1.0,0.0,0.0
8,5,5.960133619404754,9.927784073852068,0.0,0.0,0.0,1.0,0.0,0.0
9,5,0.0,6.941920104402656,1.0,0.0,1.0,0.0,0.0,1.0
10,5,10.99674547871276,1.0927718054291655,1.0,0.0,0.0,0.0,1.0,1.0
11,5,4.100225895909076,10.919793790291818,1.0,0.0,1.0,0.0,0.0,1.0
12,5,7.861990102198952,5.994462203525111,0.0,0.0,1.0,1.0,0.0,0.0
13,5,8.948895109465562,5.975313152509006,0.0,0.0,1.0,0.0,0.0,0.0
14,5,2.9044959573289715,4.897604126923131,1.0,1.0,1.0,0.0,0.0,1.0
15,5,3.0931993447581734,6.986725918957028,0.0,0.0,0.0,1.0,1.0,0.0
16,5,9.07449034486216,6.066611413296651,0.0,0.0,0.0,0.0,1.0,1.0
17,5,9.96760152286395,5.875046167964931,0.0,0.0,0.0,0.0,1.0,1.0
18,5,4.902742731678682,9.995512052424893,0.0,1.0,0.0,0.0,0.0,1.0
19,5,11.035041617826652,5.838438937957504,0.0,1.0,0.0,0.0,1.0,0.0
0,10,0.8781575488050313,1.0292677377524342,0.0,0.0,1.0,1.0,1.0,0.0
1,10,7.896220636139075,3.8412000025435984,0.0,0.0,1.0,0.0,0.0,0.0
2,10,11.954544786350992,6.206646170536176,1.0,0.0,0.0,1.0,1.0,1.0
3,10,11.207393698825555,0.1360293002379765,0.0,0.0,0.0,0.0,1.0,1.0
4,10,7.934813254069084,1.8534786594524195,1.0,0.0,1.0,0.0,1.0,1.0
5,10,0.9189081417152146,5.075799337596141,0.0,1.0,0.0,0.0,0.0,0.0
6,10,7.826930919935309,2.096996714936684,0.0,1.0,0.0,1.0,1.0,0.0
7,10,3.907105090581233,1.148936736372559,0.0,1.0,0.0,1.0,0.0,0.0
8,10,5.95407777421743,9.916859690117787,0.0,0.0,0.0,1.0,0.0,0.0
9,10,0.0,6.904051215922801,1.0,0.0,1.0,0.0,0.0,1.0
10,10,10.995779663088214,1.1549571261240488,1.0,0.0,0.0,0.0,1.0,1.0
11,10,4.178999945761725,10.857374144356362,1.0,0.0,1.0,0.0,0.0,1.0
12,10,7.79241375442616,5.991463866897616,0.0,0.0,1.0,1.0,0.0,0.0
13,10,8.94901966267521,5.975378537428019,0.0,0.0,1.0,0.0,0.0,0.0
14,10,2.844593903766741,4.835093512894384,1.0,1.0,1.0,0.0,0.0,1.0
15,10,3.116647163350545,6.9836010331507055,0.0,0.0,0.0,1.0,1.0,0.0
16,10,9.118017801903123,6.109853616177866,0.0,0.0,0.0,0.0,1.0,1.0
17,10,9.9505537839256,5.811259769360192,0.0,0.0,0.0,0.0,1.0,1.0
18,10,4.863906279627434,9.993906193456082,0.0,1.0,0.0,0.0,0.0,1.0
19,10,11.046131581316232,5.790445399485376,0.0,1.0,0.0,0.0,1.0,0.0
0,15,0.8113265190372897,1.0475531621342462,0.0,0.0,1.0,1.0,1.0,0.0
1,15,7.858902765573902,3.786004653003576,0.0,0.0,1.0,0.0,0.0,0.0
2,15,11.941239301512107,6.26560677558406,1.0,0.0,0.0,1.0,1.0,1.0
3,15,11.308667583240116,0.2002850325798988,0.0,0.0,0.0,0.0,1.0,1.0
4,15,7.922319088326221,1.8259812894277183,1.0,0.0,1.0,0.0,1.0,1.0
5,15,0.892596911709891,5.098528203988056,0.0,1.0,0.0,0.0,0.0,0.0
6,15,7.735202464559385,2.1493659365774955,0.0,1.0,0.0,1.0,1.0,0.0
7,15,3.879230541458179,1.1900639896903762,0.0,1.0,0.0,1.0,0.0,0.0
8,15,5.958574712529463,9.925418840131538,0.0,0.0,0.0,1.0,0.0,0.0
9,15,0.0,6.8500772385746735,1.0,0.0,1.0,0.0,0.0,1.0
10,15,10.99544154125855,1.2027756050637657,1.0,0.0,0.0,0.0,1.0,1.0
11,15,4.262147096104052,10.790642880093936,1.0,0.0,1.0,0.0,0.0,1.0
12,15,7.719276965800001,5.988581913693858,0.0,0.0,1.0,1.0,0.0,0.0
13,15,8.964946798484378,5.983409293544089,0.0,0.0,1.0,0.0,0.0,0.0
14,15,2.7984896192395783,4.785182302039176,1.0,1.0,1.0,0.0,0.0,1.0
15,15,3.149206066196318,6.97993614320916,0.0,0.0,0.0,1.0,1.0,0.0
16,15,9.167024830358509,6.160587683077697,0.0,0.0,0.0,0.0,1.0,1.0
17,15,9.934760248633197,5.7418767584466615,0.0,0.0,0.0,0.0,1.0,1.0
18,15,4.833389444863138,9.992961991713251,0.0,1.0,0.0,0.0,0.0,1.0
19,15,11.061544856544383,5.731734221096469,0.0,1.0,0.0,0.0,1.0,0.0
0,20,0.7358793038314911,1.0672976351578074,0.0,0.0,1.0,1.0,1.0,0.0
1,20,7.818421416651891,3.7262792531462914,0.0,0.0,1.0,0.0,0.0,0.0
2,20,11.928720169033962,6.322800749393189,1.0,0.0,0.0,1.0,1.0,1.0
3,20,11.395837590609611,0.2558630835981767,0.0,0.0,0.0,0.0,1.0,1.0
4,20,7.911390500954853,1.801115460261845,1.0,0.0,1.0,0.0,1.0,1.0
5,20,0.8652710107220254,5.121739245677277,0.0,1.0,0.0,0.0,0.0,0.0
6,20,7.649644144953174,2.2031326027047364,0.0,1.0,0.0,1.0,1.0,0.0
7,20,3.8549834822760656,1.2272151978151655,0.0,1.0,0.0,1.0,0.0,0.0
8,20,5.963453992185852,9.934695308331332,0.0,0.0,0.0,1.0,0.0,0.0
9,20,0.0,6.790217885165781,1.0,0.0,1.0,0.0,0.0,1.0
10,20,10.995109097211554,1.2509757032556077,1.0,0.0,0.0,0.0,1.0,1.0
11,20,4.335746984423268,10.731267638188282,1.0,0.0,1.0,0.0,0.0,1.0
12,20,7.650986902632477,5.987139081728522,0.0,0.0,1.0,1.0,0.0,0.0
13,20,8.967581240512995,5.984756403908891,0.0,0.0,1.0,0.0,0.0,0.0
14,20,2.7558167012792287,4.738150982733257,1.0,1.0,1.0,0.0,0.0,1.0
15,20,3.1993899621628668,6.97439616723583,0.0,0.0,0.0,1.0,1.0,0.0
16,20,9.212565996144615,6.203994733424444,0.0,0.0,0.0,0.0,1.0,1.0
17,20,9.917693459201493,5.671325404281103,0.0,0.0,0.0,0.0,1.0,1.0
18,20,4.808158992520185,9.99116217061805,0.0,1.0,0.0,0.0,0.0,1.0
19,20,11.081064165059548,5.651366993026583,0.0,1.0,0.0,0.0,1.0,0.0
0,25,0.6435246411945014,1.0892119112207457,0.0,0.0,1.0,1.0,1.0,0.0
1,25,7.7563400867581,3.768359361448713,0.0,0.0,1.0,0.0,0.0,0.0
2,25,11.915625230880616,6.385901076731559,1.0,0.0,0.0,1.0,1.0,1.0
3,25,11.47212967754873,0.3045333627273968,0.0,0.0,0.0,0.0,1.0,1.0
4,25,7.911729527872441,1.801884333542404,1.0,0.0,1.0,0.0,1.0,1.0
5,25,0.8546872721063135,5.130679927540502,0.0,1.0,0.0,0.0,0.0,0.0
6,25,7.565473720495752,2.2540787186898346,0.0,1.0,0.0,1.0,1.0,0.0
7,25,3.8213702702437966,1.27636126634682,0.0,1.0,0.0,1.0,0.0,0.0
8,25,5.967113286680279,9.941469382612334,0.0,0.0,0.0,1.0,0.0,0.0
9,25,0.0,6.731966376013995,1.0,0.0,1.0,0.0,0.0,1.0
10,25,10.9945029381039,1.276359286077321,1.0,0.0,0.0,0.0,1.0,1.0
11,25,4.420057798161866,10.669569101620633,1.0,0.0,1.0,0.0,0.0,1.0
12,25,7.588107189539067,5.984431978816161,0.0,0.0,1.0,1.0,0.0,0.0
13,25,8.98689110046339,5.994674105198143,0.0,0.0,1.0,0.0,0.0,0.0
14,25,2.7158485176590976,4.694066844071818,1.0,1.0,1.0,0.0,0.0,1.0
15,25,3.26098108709841,6.967039984729946,0.0,0.0,0.0,1.0,1.0,0.0
16,25,9.255059496478172,6.240735397819721,0.0,0.0,0.0,0.0,1.0,1.0
17,25,9.904361776922393,5.610723781834017,0.0,0.0,0.0,0.0,1.0,1.0
18,25,4.782074055085458,9.9890405209093,0.0,1.0,0.0,0.0,0.0,1.0
19,25,11.101420773898436,5.5745369771337145,0.0,1.0,0.0,0.0,1.0,0.0
0,30,0.553827746062566,1.1119176624017764,0.0,0.0,1.0,1.0,1.0,0.0
1,30,7.684780427119571,3.816347560336703,0.0,0.0,1.0,0.0,0.0,0.0
2,30,11.899825128344466,6.465462453383873,1.0,0.0,0.0,1.0,1.0,1.0
3,30,11.556358291059674,0.3620839383835316,0.0,0.0,0.0,0.0,1.0,1.0
4,30,7.911995262958152,1.802473853576204,1.0,0.0,1.0,0.0,1.0,1.0
5,30,0.8517843334311019,5.13333077597453,0.0,1.0,0.0,0.0,0.0,0.0
6,30,7.484262467903481,2.30359841758823,0.0,1.0,0.0,1.0,1.0,0.0
7,30,3.7855352548243415,1.3267109537457975,0.0,1.0,0.0,1.0,0.0,0.0
8,30,5.972007375444655,9.938760278681066,0.0,0.0,0.0,1.0,0.0,0.0
9,30,0.0,6.674606162418956,1.0,0.0,1.0,0.0,0.0,1.0
10,30,10.994678571801709,1.3010527000259418,1.0,0.0,0.0,0.0,1.0,1.0
11,30,4.490031879788273,10.613130746615386,1.0,0.0,1.0,0.0,0.0,1.0
12,30,7.513092468485876,5.980761242712505,0.0,0.0,1.0,1.0,0.0,0.0
13,30,9.008728478058057,6.005731456279394,0.0,0.0,1.0,0.0,0.0,0.0
14,30,2.676240294274627,4.649032577753795,1.0,1.0,1.0,0.0,0.0,1.0
15,30,3.3298912042475663,6.958964860000568,0.0,0.0,0.0,1.0,1.0,0.0
16,30,9.307459546696936,6.285123089827701,0.0,0.0,0.0,0.0,1.0,1.0
17,30,9.8917426813442,5.550520783683815,0.0,0.0,0.0,0.0,1.0,1.0
18,30,4.770344758704339,9.98817069067642,0.0,1.0,0.0,0.0,0.0,1.0
19,30,11.120533425291764,5.502715322982866,0.0,1.0,0.0,0.0,1.0,0.0
0,35,0.4642482112254675,1.137533573443362,0.0,0.0,1.0,1.0,1.0,0.0
1,35,7.598037051682597,3.8730775563763418,0.0,0.0,1.0,0.0,0.0,0.0
2,35,11.886276790501734,6.53911045015582,1.0,0.0,0.0,1.0,1.0,1.0
3,35,11.636539428884648,0.4154839128491341,0.0,0.0,0.0,0.0,1.0,1.0
4,35,7.910220171877369,1.7983947585467923,1.0,0.0,1.0,0.0,1.0,1.0
5,35,0.841801086856606,5.142806295706243,0.0,1.0,0.0,0.0,0.0,0.0
6,35,7.413963850944521,2.343269401504013,0.0,1.0,0.0,1.0,1.0,0.0
7,35,3.750741838222932,1.3759184065154162,0.0,1.0,0.0,1.0,0.0,0.0
8,35,5.996156251420642,9.924878146874716,0.0,0.0,0.0,1.0,0.0,0.0
9,35,0.0,6.617887649411884,1.0,0.0,1.0,0.0,0.0,1.0
10,35,10.994416064024914,1.3142303373978936,1.0,0.0,0.0,0.0,1.0,1.0
11,35,4.565794062369964,10.55386396945109,1.0,0.0,1.0,0.0,0.0,1.0
12,35,7.453258777866203,5.976968620979691,0.0,0.0,1.0,1.0,0.0,0.0
13,35,9.04235471217426,6.023016877109974,0.0,0.0,1.0,0.0,0.0,0.0
14,35,2.629468213683336,4.597813185892382,1.0,1.0,1.0,0.0,0.0,1.0
15,35,3.3856912774426844,6.9515930536249,0.0,0.0,0.0,1.0,1.0,0.0
16,35,9.358862097819657,6.329558458877775,0.0,0.0,0.0,0.0,1.0,1.0
17,35,9.88272350622408,5.504227648397519,0.0,0.0,0.0,0.0,1.0,1.0
18,35,4.751930084374039,9.98686373059659,0.0,1.0,0.0,0.0,0.0,1.0
19,35,11.141475409105382,5.417900810210327,0.0,1.0,0.0,0.0,1.0,0.0
0,40,0.3710276757112374,1.1653108375276855,0.0,0.0,1.0,1.0,1.0,0.0
1,40,7.487138415662386,3.9433640793960456,0.0,0.0,1.0,0.0,0.0,0.0
2,40,11.875559750476548,6.613183287149225,1.0,0.0,0.0,1.0,1.0,1.0
3,40,11.73393304866342,0.4802200361439949,0.0,0.0,0.0,0.0,1.0,1.0
4,40,7.904059391790843,1.7849895638747126,1.0,0.0,1.0,0.0,1.0,1.0
5,40,0.8240338820518351,5.160205350323156,0.0,1.0,0.0,0.0,0.0,0.0
6,40,7.355472063594605,2.376817365578142,0.0,1.0,0.0,1.0,1.0,0.0
7,40,3.710029545815386,1.429818137128073,0.0,1.0,0.0,1.0,0.0,0.0
8,40,6.0392829231435226,9.900409166818829,0.0,0.0,0.0,1.0,0.0,0.0
9,40,0.0,6.565521022735317,1.0,0.0,1.0,0.0,0.0,1.0
10,40,10.994580943529469,1.302735580352661,1.0,0.0,0.0,0.0,1.0,1.0
11,40,4.648277756805236,10.489774263158536,1.0,0.0,1.0,0.0,0.0,1.0
12,40,7.3882858252751396,5.972126457842098,0.0,0.0,1.0,1.0,0.0,0.0
13,40,9.067518972508283,6.036792707162197,0.0,0.0,1.0,0.0,0.0,0.0
14,40,2.589230146248134,4.552500707175191,1.0,1.0,1.0,0.0,0.0,1.0
15,40,3.450312617971149,6.943749350856057,0.0,0.0,0.0,1.0,1.0,0.0
16,40,9.414614358505968,6.380626964001733,0.0,0.0,0.0,0.0,1.0,1.0
17,40,9.87265918275058,5.442532809968864,0.0,0.0,0.0,0.0,1.0,1.0
18,40,4.726364486775789,9.985659970684946,0.0,1.0,0.0,0.0,0.0,1.0
19,40,11.15573016236006,5.358338832549967,0.0,1.0,0.0,0.0,1.0,0.0
0,45,0.2829721743495177,1.1899945769580564,0.0,0.0,1.0,1.0,1.0,0.0
1,45,7.375707876964703,4.011709931447852,0.0,0.0,1.0,0.0,0.0,0.0
2,45,11.866214972299002,6.687212678649584,1.0,0.0,0.0,1.0,1.0,1.0
3,45,11.8629656869401,0.5644313752134045,0.0,0.0,0.0,0.0,1.0,1.0
4,45,7.8941980919372945,1.7630813650889532,1.0,0.0,1.0,0.0,1.0,1.0
5,45,0.8145320647933709,5.168985288360695,0.0,1.0,0.0,0.0,0.0,0.0
6,45,7.317132847542271,2.3997562668345145,0.0,1.0,0.0,1.0,1.0,0.0
7,45,3.646162655053827,1.5116854386991845,0.0,1.0,0.0,1.0,0.0,0.0
8,45,6.088153059384114,9.87141647083581,0.0,0.0,0.0,1.0,0.0,0.0
9,45,0.0,6.528872899964203,1.0,0.0,1.0,0.0,0.0,1.0
10,45,10.99458064224493,1.3026129844396643,1.0,0.0,0.0,0.0,1.0,1.0
11,45,4.74928087916775,10.413812219422631,1.0,0.0,1.0,0.0,0.0,1.0
12,45,7.303797141393954,5.966306074157992,0.0,0.0,1.0,1.0,0.0,0.0
13,45,9.082002188208214,6.045186805918128,0.0,0.0,1.0,0.0,0.0,0.0
14,45,2.5409087923873868,4.497116504845747,1.0,1.0,1.0,0.0,0.0,1.0
15,45,3.535910964610577,6.934957435192608,0.0,0.0,0.0,1.0,1.0,0.0
16,45,9.4789815578433,6.441736334972902,0.0,0.0,0.0,0.0,1.0,1.0
17,45,9.86409024423172,5.39066357420758,0.0,0.0,0.0,0.0,1.0,1.0
18,45,4.683946707679929,9.984825013698424,0.0,1.0,0.0,0.0,0.0,1.0
19,45,11.174683966996824,5.27558657491585,0.0,1.0,0.0,0.0,1.0,0.0
0,50,0.1676072632775863,1.2212893114950103,0.0,0.0,1.0,1.0,1.0,0.0
1,50,7.260471654968445,4.079779387155783,0.0,0.0,1.0,0.0,0.0,0.0
2,50,11.853781365169764,6.790822187844117,1.0,0.0,0.0,1.0,1.0,1.0
3,50,11.994467145933331,0.64401566604107,0.0,0.0,0.0,0.0,1.0,1.0
4,50,7.883612732132605,1.7390629708573917,1.0,0.0,1.0,0.0,1.0,1.0
5,50,0.8200897273088569,5.163980340327426,0.0,1.0,0.0,0.0,0.0,0.0
6,50,7.3046190023407505,2.40670499854808,0.0,1.0,0.0,1.0,1.0,0.0
7,50,3.5889120857089205,1.586842654078268,0.0,1.0,0.0,1.0,0.0,0.0
8,50,6.1334227309938045,9.84456501365873,0.0,0.0,0.0,1.0,0.0,0.0
9,50,0.0,6.497936134669679,1.0,0.0,1.0,0.0,0.0,1.0
10,50,10.99481488711762,1.311120266966945,1.0,0.0,0.0,0.0,1.0,1.0
11,50,4.865450537469203,10.32452462887817,1.0,0.0,1.0,0.0,0.0,1.0
12,50,7.240795562820345,5.9629575163274735,0.0,0.0,1.0,1.0,0.0,0.0
13,50,9.101394760372242,6.056266440109107,0.0,0.0,1.0,0.0,0.0,0.0
14,50,2.4713075267095,4.415758231858186,1.0,1.0,1.0,0.0,0.0,1.0
15,50,3.607245999957704,6.927839192993793,0.0,0.0,0.0,1.0,1.0,0.0
16,50,9.529464880748732,6.4916454284366365,0.0,0.0,0.0,0.0,1.0,1.0
17,50,9.856614463411828,5.352296090110249,0.0,0.0,0.0,0.0,1.0,1.0
18,50,4.651590774502374,9.984645731406056,0.0,1.0,0.0,0.0,0.0,1.0
19,50,11.198679678928931,5.181334541395302,0.0,1.0,0.0,0.0,1.0,0.0
0,55,0.0737764287720976,1.2489474928010025,0.0,0.0,1.0,1.0,1.0,0.0
1,55,7.137245014485617,4.146677195909957,0.0,0.0,1.0,0.0,0.0,0.0
2,55,11.843807112900397,6.877127284635175,1.0,0.0,0.0,1.0,1.0,1.0
3,55,12.0,0.7350965433872302,0.0,0.0,0.0,0.0,1.0,1.0
4,55,7.870672487801902,1.7087983734960408,1.0,0.0,1.0,0.0,1.0,1.0
5,55,0.8338328576995033,5.151707514101356,0.0,1.0,0.0,0.0,0.0,0.0
6,55,7.291439430106234,2.414189300104261,0.0,1.0,0.0,1.0,1.0,0.0
7,55,3.5425147299727127,1.6528787794608986,0.0,1.0,0.0,1.0,0.0,0.0
8,55,6.180920144955588,9.815761137598034,0.0,0.0,0.0,1.0,0.0,0.0
9,55,0.0,6.4803378039231765,1.0,0.0,1.0,0.0,0.0,1.0
10,55,10.99438204331192,1.2840164417914717,1.0,0.0,0.0,0.0,1.0,1.0
11,55,4.984042478503061,10.23543178232738,1.0,0.0,1.0,0.0,0.0,1.0
12,55,7.192203458487352,5.960134321246319,0.0,0.0,1.0,1.0,0.0,0.0
13,55,9.134946547616716,6.075713265694544,0.0,0.0,1.0,0.0,0.0,0.0
14,55,2.409725192868536,4.341855906889269,1.0,1.0,1.0,0.0,0.0,1.0
15,55,3.678554329286325,6.920636685237248,0.0,0.0,0.0,1.0,1.0,0.0
16,55,9.583054166459997,6.543934802246285,0.0,0.0,0.0,0.0,1.0,1.0
17,55,9.851975980102733,5.328230545974307,0.0,0.0,0.0,0.0,1.0,1.0
18,55,4.6170966335056205,9.985430352276186,0.0,1.0,0.0,0.0,0.0,1.0
19,55,11.222230918422754,5.09518366702042,0.0,1.0,0.0,0.0,1.0,0.0
0,60,0.0135268909400751,1.266936858318458,0.0,0.0,1.0,1.0,1.0,0.0
1,60,7.026815883672958,4.204459554903294,0.0,0.0,1.0,0.0,0.0,0.0
2,60,11.837061759465175,6.936489748906836,1.0,0.0,0.0,1.0,1.0,1.0
3,60,12.0,0.8151567587785037,0.0,0.0,0.0,0.0,1.0,1.0
4,60,7.856583834567954,1.6755370362440998,1.0,0.0,1.0,0.0,1.0,1.0
5,60,0.8412284166160373,5.144592795807425,0.0,1.0,0.0,0.0,0.0,0.0
6,60,7.281163446925158,2.419918071689267,0.0,1.0,0.0,1.0,1.0,0.0
7,60,3.490446814810673,1.7267750390431438,0.0,1.0,0.0,1.0,0.0,0.0
8,60,6.214744617823663,9.794981371963129,0.0,0.0,0.0,1.0,0.0,0.0
9,60,0.002902961604978,6.48750021761187,1.0,0.0,1.0,0.0,0.0,1.0
10,60,10.994230620844707,1.2403709913526313,1.0,0.0,0.0,0.0,1.0,1.0
11,60,5.115643045324392,10.136253590231464,1.0,0.0,1.0,0.0,0.0,1.0
12,60,7.124294771309111,5.95464376855789,0.0,0.0,1.0,1.0,0.0,0.0
13,60,9.164730207525189,6.092577330368984,0.0,0.0,1.0,0.0,0.0,0.0
14,60,2.3491720216739997,4.265516810295241,1.0,1.0,1.0,0.0,0.0,1.0
15,60,3.745912516084825,6.913366078917909,0.0,0.0,0.0,1.0,1.0,0.0
16,60,9.63163557408542,6.588911102453503,0.0,0.0,0.0,0.0,1.0,1.0
17,60,9.848087845117805,5.307459814035516,0.0,0.0,0.0,0.0,1.0,1.0
18,60,4.586303331470446,9.985611770253003,0.0,1.0,0.0,0.0,0.0,1.0
19,60,11.244425055506612,5.022414295366902,0.0,1.0,0.0,0.0,1.0,0.0
0,65,0.0,1.2913258156426264,0.0,0.0,1.0,1.0,1.0,0.0
1,65,6.9127633680760265,4.264373802945044,0.0,0.0,1.0,0.0,0.0,0.0
2,65,11.828949538450267,7.000248807071901,1.0,0.0,0.0,1.0,1.0,1.0
3,65,12.0,0.8999891962666337,0.0,0.0,0.0,0.0,1.0,1.0
4,65,7.839864983509503,1.6367956344823482,1.0,0.0,1.0,0.0,1.0,1.0
5,65,0.8332107361789132,5.152380368760122,0.0,1.0,0.0,0.0,0.0,0.0
6,65,7.268429484483425,2.4270514789591093,0.0,1.0,0.0,1.0,1.0,0.0
7,65,3.432092778434819,1.80652935073578,0.0,1.0,0.0,1.0,0.0,0.0
8,65,6.218763483190662,9.792344713984196,0.0,0.0,0.0,1.0,0.0,0.0
9,65,0.0,6.480133493561786,1.0,0.0,1.0,0.0,0.0,1.0
10,65,10.995176759829954,1.1708117200457446,1.0,0.0,0.0,0.0,1.0,1.0
11,65,5.257282037084657,10.026421910131708,1.0,0.0,1.0,0.0,0.0,1.0
12,65,7.036137293759983,5.94921183289754,0.0,0.0,1.0,1.0,0.0,0.0
13,65,9.188042101371202,6.105605528115815,0.0,0.0,1.0,0.0,0.0,0.0
14,65,2.28481864992644,4.186023028333003,1.0,1.0,1.0,0.0,0.0,1.0
15,65,3.829417293883453,6.903667775236336,0.0,0.0,0.0,1.0,1.0,0.0
16,65,9.664383347282785,6.6196163423053225,0.0,0.0,0.0,0.0,1.0,1.0
17,65,9.83980922945138,5.264906103180008,0.0,0.0,0.0,0.0,1.0,1.0
18,65,4.542725092237456,9.98474330865371,0.0,1.0,0.0,0.0,0.0,1.0
19,65,11.26559951229618,4.951655965959875,0.0,1.0,0.0,0.0,1.0,0.0
0,70,0.0,1.3149464988427808,0.0,0.0,1.0,1.0,1.0,0.0
1,70,6.784672627638344,4.330413758642774,0.0,0.0,1.0,0.0,0.0,0.0
2,70,11.817000727300272,7.077765955913797,1.0,0.0,0.0,1.0,1.0,1.0
3,70,12.0,0.9842434592639344,0.0,0.0,0.0,0.0,1.0,1.0
4,70,7.829976098823157,1.613038020313942,1.0,0.0,1.0,0.0,1.0,1.0
5,70,0.8140837525194174,5.171207141048238,0.0,1.0,0.0,0.0,0.0,0.0
6,70,7.272594579283399,2.424591163957421,0.0,1.0,0.0,1.0,1.0,0.0
7,70,3.5175450701505677,1.8649544241762512,0.0,1.0,0.0,1.0,0.0,0.0
8,70,6.221531492316903,9.790523682271688,0.0,0.0,0.0,1.0,0.0,0.0
9,70,0.0,6.471073289349671,1.0,0.0,1.0,0.0,0.0,1.0
10,70,10.99565255827688,1.0876882722365362,1.0,0.0,0.0,0.0,1.0,1.0
11,70,5.4006397992483,9.916789019922486,1.0,0.0,1.0,0.0,0.0,1.0
12,70,6.9547269916969885,5.942904105504187,0.0,0.0,1.0,1.0,0.0,0.0
13,70,9.190278597469932,6.106858572394817,0.0,0.0,1.0,0.0,0.0,0.0
14,70,2.233382342158478,4.124931925968825,1.0,1.0,1.0,0.0,0.0,1.0
15,70,3.9169316810190655,6.895832095845767,0.0,0.0,0.0,1.0,1.0,0.0
16,70,9.689319941373336,6.643563060360565,0.0,0.0,0.0,0.0,1.0,1.0
17,70,9.826018115369449,5.188489282325399,0.0,0.0,0.0,0.0,1.0,1.0
18,70,4.52326081332534,9.984051291881306,0.0,1.0,0.0,0.0,0.0,1.0
19,70,11.292511002470045,4.872816223047452,0.0,1.0,0.0,0.0,1.0,0.0
0,75,0.0,1.3376430614104724,0.0,0.0,1.0,1.0,1.0,0.0
1,75,6.6738732977705055,4.387271720363493,0.0,0.0,1.0,0.0,0.0,0.0
2,75,11.808951883779123,7.143307397219012,1.0,0.0,0.0,1.0,1.0,1.0
3,75,12.0,1.0590210015805734,0.0,0.0,0.0,0.0,1.0,1.0
4,75,7.819862829708805,1.5888887647042302,1.0,0.0,1.0,0.0,1.0,1.0
5,75,0.814396992944464,5.170888954375321,0.0,1.0,0.0,0.0,0.0,0.0
6,75,7.2499509103855475,2.438269526765634,0.0,1.0,0.0,1.0,1.0,0.0
7,75,3.6022389274307445,1.9197313841872947,0.0,1.0,0.0,1.0,0.0,0.0
8,75,6.214233344638653,9.795305080744294,0.0,0.0,0.0,1.0,0.0,0.0
9,75,0.0,6.464424538454055,1.0,0.0,1.0,0.0,0.0,1.0
10,75,10.995230742529104,1.025953261762963,1.0,0.0,0.0,0.0,1.0,1.0
11,75,5.541120071391831,9.808979065991656,1.0,0.0,1.0,0.0,0.0,1.0
12,75,6.890683665043172,5.938643428526469,0.0,0.0,1.0,1.0,0.0,0.0
13,75,9.204824813221316,6.1147898163135865,0.0,0.0,1.0,0.0,0.0,0.0
14,75,2.1824756129175107,4.063184517544557,1.0,1.0,1.0,0.0,0.0,1.0
15,75,3.992702803639282,6.891478969192331,0.0,0.0,0.0,1.0,1.0,0.0
16,75,9.710121045842287,6.664412753245988,0.0,0.0,0.0,0.0,1.0,1.0
17,75,9.809005669702152,5.09201963841108,0.0,0.0,0.0,0.0,1.0,1.0
18,75,4.521539357058175,9.98396756967288,0.0,1.0,0.0,0.0,0.0,1.0
19,75,11.315561162227864,4.804574417325958,0.0,1.0,0.0,0.0,1.0,0.0
0,80,0.0,1.364037474238843,0.0,0.0,1.0,1.0,1.0,0.0
1,80,6.553154290668036,4.45124475309638,0.0,0.0,1.0,0.0,0.0,0.0
2,80,11.79853669898336,7.228628324528026,1.0,0.0,0.0,1.0,1.0,1.0
3,80,12.0,1.1324646899533342,0.0,0.0,0.0,0.0,1.0,1.0
4,80,7.815906434783366,1.5794377353544118,1.0,0.0,1.0,0.0,1.0,1.0
5,80,0.8137746596980128,5.171517141940219,0.0,1.0,0.0,0.0,0.0,0.0
6,80,7.241011359613956,2.443562820814227,0.0,1.0,0.0,1.0,1.0,0.0
7,80,3.683500955183882,1.9777591509945216,0.0,1.0,0.0,1.0,0.0,0.0
8,80,6.222692749865634,9.789855333191037,0.0,0.0,0.0,1.0,0.0,0.0
9,80,0.0,6.463243353699951,1.0,0.0,1.0,0.0,0.0,1.0
10,80,10.995113968345578,0.9682808932269694,1.0,0.0,0.0,0.0,1.0,1.0
11,80,5.662904992611112,9.716396720485625,1.0,0.0,1.0,0.0,0.0,1.0
12,80,6.822074010861279,5.933516992392869,0.0,0.0,1.0,1.0,0.0,0.0
13,80,9.219539775434807,6.123025110124606,0.0,0.0,1.0,0.0,0.0,0.0
14,80,2.1309825904802926,4.00197162813223,1.0,1.0,1.0,0.0,0.0,1.0
15,80,4.073831021295508,6.888353340774917,0.0,0.0,0.0,1.0,1.0,0.0
16,80,9.73979109774967,6.695642444814865,0.0,0.0,0.0,0.0,1.0,1.0
17,80,9.789673955262764,4.977746116939966,0.0,0.0,0.0,0.0,1.0,1.0
18,80,4.486655793700476,9.982359270458492,0.0,1.0,0.0,0.0,0.0,1.0
19,80,11.340076617842833,4.73280884478529,0.0,1.0,0.0,0.0,1.0,0.0
0,85,0.0,1.385472710371244,0.0,0.0,1.0,1.0,1.0,0.0
1,85,6.430804673071395,4.520882697894862,0.0,0.0,1.0,0.0,0.0,0.0
2,85,11.793028987157692,7.295515342814769,1.0,0.0,0.0,1.0,1.0,1.0
3,85,12.0,1.2102241675147507,0.0,0.0,0.0,0.0,1.0,1.0
4,85,7.80572404776002,1.5551686973684375,1.0,0.0,1.0,0.0,1.0,1.0
5,85,0.8236577351942119,5.161505115958008,0.0,1.0,0.0,0.0,0.0,0.0
6,85,7.238256723901165,2.445084881524782,0.0,1.0,0.0,1.0,1.0,0.0
7,85,3.776763935689146,2.0466629789609576,0.0,1.0,0.0,1.0,0.0,0.0
8,85,6.229807681881166,9.78539356532329,0.0,0.0,0.0,1.0,0.0,0.0
9,85,0.0,6.462813034881943,1.0,0.0,1.0,0.0,0.0,1.0
10,85,10.995465332449037,0.90174935671738,1.0,0.0,0.0,0.0,1.0,1.0
11,85,5.763548766710833,9.636961103929568,1.0,0.0,1.0,0.0,0.0,1.0
12,85,6.7705313925467765,5.929828287158768,0.0,0.0,1.0,1.0,0.0,0.0
13,85,9.213810265819363,6.119951747947615,0.0,0.0,1.0,0.0,0.0,0.0
14,85,2.082404533260567,3.943370715607065,1.0,1.0,1.0,0.0,0.0,1.0
15,85,4.157529288207567,6.8851258598027405,0.0,0.0,0.0,1.0,1.0,0.0
16,85,9.767454626538465,6.724330070479231,0.0,0.0,0.0,0.0,1.0,1.0
17,85,9.77077922021431,4.85858785421634,0.0,0.0,0.0,0.0,1.0,1.0
18,85,4.442724473550362,9.980082601391134,0.0,1.0,0.0,0.0,0.0,1.0
19,85,11.374564444341004,4.634165710771182,0.0,1.0,0.0,0.0,1.0,0.0
0,90,0.0,1.4000993312599104,0.0,0.0,1.0,1.0,1.0,0.0
1,90,6.318400332862338,4.582468146875094,0.0,0.0,1.0,0.0,0.0,0.0
2,90,11.787089399827916,7.369615675614122,1.0,0.0,0.0,1.0,1.0,1.0
3,90,12.0,1.3027960702689516,0.0,0.0,0.0,0.0,1.0,1.0
4,90,7.800185253868193,1.5396687144543335,1.0,0.0,1.0,0.0,1.0,1.0
5,90,0.8528002358604866,5.13243186614496,0.0,1.0,0.0,0.0,0.0,0.0
6,90,7.233410591444367,2.4476723944253247,0.0,1.0,0.0,1.0,1.0,0.0
7,90,3.888507913135407,2.132547823112608,0.0,1.0,0.0,1.0,0.0,0.0
8,90,6.2318419884519605,9.784092759654232,0.0,0.0,0.0,1.0,0.0,0.0
9,90,0.0,6.461053112622364,1.0,0.0,1.0,0.0,0.0,1.0
10,90,10.995968443717016,0.8125414320101808,1.0,0.0,0.0,0.0,1.0,1.0
11,90,5.847175351198554,9.568481953697308,1.0,0.0,1.0,0.0,0.0,1.0
12,90,6.714151418154173,5.925085861586014,0.0,0.0,1.0,1.0,0.0,0.0
13,90,9.21471288964055,6.120432861835651,0.0,0.0,1.0,0.0,0.0,0.0
14,90,2.0282583685483657,3.8773644997168817,1.0,1.0,1.0,0.0,0.0,1.0
15,90,4.24853696695439,6.8825992019973175,0.0,0.0,0.0,1.0,1.0,0.0
16,90,9.818764444539566,6.778949680225562,0.0,0.0,0.0,0.0,1.0,1.0
17,90,9.752077800032216,4.749336688891518,0.0,0.0,0.0,0.0,1.0,1.0
18,90,4.4139902469427845,9.978410153633236,0.0,1.0,0.0,0.0,0.0,1.0
19,90,11.407920614968685,4.532917621904582,0.0,1.0,0.0,0.0,1.0,0.0
0,95,0.0,1.4144070458554985,0.0,0.0,1.0,1.0,1.0,0.0
1,95,6.202615718620512,4.648796850205281,0.0,0.0,1.0,0.0,0.0,0.0
2,95,11.780980647411669,7.461757298704184,1.0,0.0,0.0,1.0,1.0,1.0
3,95,12.0,1.4069291456357906,0.0,0.0,0.0,0.0,1.0,1.0
4,95,7.797360972068023,1.5314904892419856,1.0,0.0,1.0,0.0,1.0,1.0
5,95,0.8781288419185438,5.1069226922042885,0.0,1.0,0.0,0.0,0.0,0.0
6,95,7.20901569965865,2.460520820434299,0.0,1.0,0.0,1.0,1.0,0.0
7,95,3.9897402772755166,2.2079601848629125,0.0,1.0,0.0,1.0,0.0,0.0
8,95,6.230067203350052,9.785230704330374,0.0,0.0,0.0,1.0,0.0,0.0
9,95,0.0,6.442313170803772,1.0,0.0,1.0,0.0,0.0,1.0
10,95,10.995823440111348,0.7366569444471303,1.0,0.0,0.0,0.0,1.0,1.0
11,95,5.9373461582048135,9.491375982963485,1.0,0.0,1.0,0.0,0.0,1.0
12,95,6.663274203934289,5.919774835476833,0.0,0.0,1.0,1.0,0.0,0.0
13,95,9.223958520930818,6.12539265229867,0.0,0.0,1.0,0.0,0.0,0.0
14,95,1.9792970998115995,3.818230087436632,1.0,1.0,1.0,0.0,0.0,1.0
15,95,4.325308836575259,6.879714208226079,0.0,0.0,0.0,1.0,1.0,0.0
16,95,9.85096106605118,6.810725659432431,0.0,0.0,0.0,0.0,1.0,1.0
17,95,9.731507495014323,4.611366064648848,0.0,0.0,0.0,0.0,1.0,1.0
18,95,4.38392710459721,9.97715714540394,0.0,1.0,0.0,0.0,0.0,1.0
19,95,11.435000186443188,4.445268837098522,0.0,1.0,0.0,0.0,1.0,0.0
0,100,0.0,1.4332643571615176,0.0,0.0,1.0,1.0,1.0,0.0
1,100,6.091812432102164,4.715262387789813,0.0,0.0,1.0,0.0,0.0,0.0
2,100,11.777505301806263,7.533923355440824,1.0,0.0,0.0,1.0,1.0,1.0
3,100,12.0,1.520904169778888,0.0,0.0,0.0,0.0,1.0,1.0
4,100,7.802901043654455,1.546430810486407,1.0,0.0,1.0,0.0,1.0,1.0
5,100,0.8914328469682389,5.0931661077034445,0.0,1.0,0.0,0.0,0.0,0.0
6,100,7.194347872994113,2.4687167936244454,0.0,1.0,0.0,1.0,1.0,0.0
7,100,4.097390102047115,2.2903096688364397,0.0,1.0,0.0,1.0,0.0,0.0
8,100,6.239191793062671,9.779472785996209,0.0,0.0,0.0,1.0,0.0,0.0
9,100,0.0,6.413174791157082,1.0,0.0,1.0,0.0,0.0,1.0
10,100,10.997406373273009,0.6535633561333969,1.0,0.0,0.0,0.0,1.0,1.0
11,100,6.036894777919493,9.404924917186763,1.0,0.0,1.0,0.0,0.0,1.0
12,100,6.600882631740957,5.911802362804736,0.0,0.0,1.0,1.0,0.0,0.0
13,100,9.238652543668586,6.133380822828553,0.0,0.0,1.0,0.0,0.0,0.0
14,100,1.936722447883228,3.769547043711381,1.0,1.0,1.0,0.0,0.0,1.0
15,100,4.375726876260314,6.879177109005436,0.0,0.0,0.0,1.0,1.0,0.0
16,100,9.906707302791654,6.865453092837908,0.0,0.0,0.0,0.0,1.0,1.0
17,100,9.706681381966446,4.473408887332333,0.0,0.0,0.0,0.0,1.0,1.0
18,100,4.361311139673712,9.97534972723738,0.0,1.0,0.0,0.0,0.0,1.0
19,100,11.51191743211311,4.469892721163047,0.0,1.0,0.0,0.0,1.0,0.0
0,105,0.0,1.4557272003451842,0.0,0.0,1.0,1.0,1.0,0.0
1,105,5.984200940026746,4.780765855271226,0.0,0.0,1.0,0.0,0.0,0.0
2,105,11.774272442456931,7.612981237928278,1.0,0.0,0.0,1.0,1.0,1.0
3,105,12.0,1.6423874952784518,0.0,0.0,0.0,0.0,1.0,1.0
4,105,7.806662749048991,1.556028312148359,1.0,0.0,1.0,0.0,1.0,1.0
5,105,0.9176427568055188,5.066237179122109,0.0,1.0,0.0,0.0,0.0,0.0
6,105,7.180049014198045,2.476565625486721,0.0,1.0,0.0,1.0,1.0,0.0
7,105,4.208539107156867,2.3770550315987884,0.0,1.0,0.0,1.0,0.0,0.0
8,105,6.241588257929269,9.777889726995197,0.0,0.0,0.0,1.0,0.0,0.0
9,105,0.0,6.389534267802646,1.0,0.0,1.0,0.0,0.0,1.0
10,105,10.998184819167363,0.5571764767176927,1.0,0.0,0.0,0.0,1.0,1.0
11,105,6.144724102426157,9.30939486377574,1.0,0.0,1.0,0.0,0.0,1.0
12,105,6.537256095866914,5.904938316705986,0.0,0.0,1.0,1.0,0.0,0.0
13,105,9.265786518187744,6.148467784169289,0.0,0.0,1.0,0.0,0.0,0.0
14,105,1.9017545345504705,3.7283421867677786,1.0,1.0,1.0,0.0,0.0,1.0
15,105,4.437941036997922,6.878519647608831,0.0,0.0,0.0,1.0,1.0,0.0
16,105,9.943223426009432,6.901212910043327,0.0,0.0,0.0,0.0,1.0,1.0
17,105,9.679865559883634,4.336717257536022,0.0,0.0,0.0,0.0,1.0,1.0
18,105,4.339809675335271,9.973049926856069,0.0,1.0,0.0,0.0,0.0,1.0
19,105,11.619671953685929,4.504385423721032,0.0,1.0,0.0,0.0,1.0,0.0
0,110,0.0,1.473668455157055,0.0,0.0,1.0,1.0,1.0,0.0
1,110,5.889125611149731,4.83510146712337,0.0,0.0,1.0,0.0,0.0,0.0
2,110,11.771553328378983,7.690360278553337,1.0,0.0,0.0,1.0,1.0,1.0
3,110,12.0,1.7589662436962976,0.0,0.0,0.0,0.0,1.0,1.0
4,110,7.8099438637264385,1.563945210706892,1.0,0.0,1.0,0.0,1.0,1.0
5,110,0.9340330982885136,5.049059472446678,0.0,1.0,0.0,0.0,0.0,0.0
6,110,7.171151166233654,2.481006206439747,0.0,1.0,0.0,1.0,1.0,0.0
7,110,4.33315638278915,2.4685393263476687,0.0,1.0,0.0,1.0,0.0,0.0
8,110,6.244195868069072,9.7762515261245,0.0,0.0,0.0,1.0,0.0,0.0
9,110,0.0,6.374586265166627,1.0,0.0,1.0,0.0,0.0,1.0
10,110,10.998090294771576,0.4831930302106449,1.0,0.0,0.0,0.0,1.0,1.0
11,110,6.2476124516304505,9.21448761248644,1.0,0.0,1.0,0.0,0.0,1.0
12,110,6.471183888130958,5.899104307383359,0.0,0.0,1.0,1.0,0.0,0.0
13,110,9.29646721370224,6.1661987988765015,0.0,0.0,1.0,0.0,0.0,0.0
14,110,1.873344089914136,3.69653760693414,1.0,1.0,1.0,0.0,0.0,1.0
15,110,4.516169782777471,6.876751186489385,0.0,0.0,0.0,1.0,1.0,0.0
16,110,9.97440887079979,6.932631494408839,0.0,0.0,0.0,0.0,1.0,1.0
17,110,9.658019767970144,4.209114292190503,0.0,0.0,0.0,0.0,1.0,1.0
18,110,4.307991056335117,9.969747299755534,0.0,1.0,0.0,0.0,0.0,1.0
19,110,11.736175526737568,4.544326512289847,0.0,1.0,0.0,0.0,1.0,0.0
0,115,0.0,1.4937933536908865,0.0,0.0,1.0,1.0,1.0,0.0
1,115,5.7843891278889,4.897228403762497,0.0,0.0,1.0,0.0,0.0,0.0
2,115,11.768428899201796,7.790332118103973,1.0,0.0,0.0,1.0,1.0,1.0
3,115,12.0,1.8763962371810927,0.0,0.0,0.0,0.0,1.0,1.0
4,115,7.8228924955976495,1.595123825278922,1.0,0.0,1.0,0.0,1.0,1.0
5,115,0.9446261491170272,5.037778533899882,0.0,1.0,0.0,0.0,0.0,0.0
6,115,7.164906835237791,2.4841940882181714,0.0,1.0,0.0,1.0,1.0,0.0
7,115,4.478888332922588,2.578863381481896,0.0,1.0,0.0,1.0,0.0,0.0
8,115,6.257924856719649,9.76735734749886,0.0,0.0,0.0,1.0,0.0,0.0
9,115,0.0017302570282285,6.378460425407822,1.0,0.0,1.0,0.0,0.0,1.0
10,115,10.997737698076657,0.3805694539233061,1.0,0.0,0.0,0.0,1.0,1.0
11,115,6.346224379526783,9.12480148609376,1.0,0.0,1.0,0.0,0.0,1.0
12,115,6.417629387576836,5.892468759844834,0.0,0.0,1.0,1.0,0.0,0.0
13,115,9.332001745573562,6.188375324930975,0.0,0.0,1.0,0.0,0.0,0.0
14,115,1.847338991305392,3.667029841706406,1.0,1.0,1.0,0.0,0.0,1.0
15,115,4.592534711638838,6.875473138296532,0.0,0.0,0.0,1.0,1.0,0.0
16,115,10.003954286051002,6.963008586003525,0.0,0.0,0.0,0.0,1.0,1.0
17,115,9.636616313192665,4.083947379927773,0.0,0.0,0.0,0.0,1.0,1.0
18,115,4.275670186090593,9.967406310828132,0.0,1.0,0.0,0.0,0.0,1.0
19,115,11.859499624599984,4.584652868214606,0.0,1.0,0.0,0.0,1.0,0.0
0,120,0.0,1.5122472523900197,0.0,0.0,1.0,1.0,1.0,0.0
1,120,5.694528174090185,4.952330261584274,0.0,0.0,1.0,0.0,0.0,0.0
2,120,11.76252277238068,7.898996615878499,1.0,0.0,0.0,1.0,1.0,1.0
3,120,12.0,1.9813439447126195,0.0,0.0,0.0,0.0,1.0,1.0
4,120,7.837728001328983,1.632170248930602,1.0,0.0,1.0,0.0,1.0,1.0
5,120,0.9716934449565776,5.007952904665539,0.0,1.0,0.0,0.0,0.0,0.0
6,120,7.174786259052173,2.479125732254169,0.0,1.0,0.0,1.0,1.0,0.0
7,120,4.631435587381489,2.6889817804493483,0.0,1.0,0.0,1.0,0.0,0.0
8,120,6.290600524525571,9.746629151196162,0.0,0.0,0.0,1.0,0.0,0.0
9,120,0.0,6.369137427893119,1.0,0.0,1.0,0.0,0.0,1.0
10,120,10.9965382155041,0.2680649748892033,1.0,0.0,0.0,0.0,1.0,1.0
11,120,6.451606549400486,9.027013556607296,1.0,0.0,1.0,0.0,0.0,1.0
12,120,6.370644684147716,5.888013819987279,0.0,0.0,1.0,1.0,0.0,0.0
13,120,9.375623455036251,6.2149615806187,0.0,0.0,1.0,0.0,0.0,0.0
14,120,1.813103249402224,3.629195466736213,1.0,1.0,1.0,0.0,0.0,1.0
15,120,4.647347053952828,6.873145523878167,0.0,0.0,0.0,1.0,1.0,0.0
16,120,10.03974576444876,6.998542261105915,0.0,0.0,0.0,0.0,1.0,1.0
17,120,9.61577942484199,3.970329910059821,0.0,0.0,0.0,0.0,1.0,1.0
18,120,4.263084917565372,9.966523170533822,0.0,1.0,0.0,0.0,0.0,1.0
19,120,12.0,4.631231227311578,0.0,1.0,0.0,0.0,1.0,0.0
0,125,0.0,1.5287424888227452,0.0,0.0,1.0,1.0,1.0,0.0
1,125,5.596800306660188,5.01146989621646,0.0,0.0,1.0,0.0,0.0,0.0
2,125,11.759295196707,8.009726235095318,1.0,0.0,0.0,1.0,1.0,1.0
3,125,12.0,2.0797305847544774,0.0,0.0,0.0,0.0,1.0,1.0
4,125,7.856431610768182,1.6804487612932442,1.0,0.0,1.0,0.0,1.0,1.0
5,125,0.9951116128327868,4.981749251785435,0.0,1.0,0.0,0.0,0.0,0.0
6,125,7.195764416784401,2.4684561448604487,0.0,1.0,0.0,1.0,1.0,0.0
7,125,4.779673430833123,2.797357035750614,0.0,1.0,0.0,1.0,0.0,0.0
8,125,6.315047703172577,9.730724421983732,0.0,0.0,0.0,1.0,0.0,0.0
9,125,0.0,6.35415192362848,1.0,0.0,1.0,0.0,0.0,1.0
10,125,10.994740324125098,0.1421561019632531,1.0,0.0,0.0,0.0,1.0,1.0
11,125,6.550577502438465,8.934372281746201,1.0,0.0,1.0,0.0,0.0,1.0
12,125,6.2897512814710845,5.879786159283749,0.0,0.0,1.0,1.0,0.0,0.0
13,125,9.419412927398213,6.240867742341153,0.0,0.0,1.0,0.0,0.0,0.0
14,125,1.7857212276635337,3.5988643528799216,1.0,1.0,1.0,0.0,0.0,1.0
15,125,4.701796506213998,6.870292897484497,0.0,0.0,0.0,1.0,1.0,0.0
16,125,10.089795383805074,7.049641230143664,0.0,0.0,0.0,0.0,1.0,1.0
17,125,9.593225477475793,3.8513229520712353,0.0,0.0,0.0,0.0,1.0,1.0
18,125,4.239950034209895,9.965104428545686,0.0,1.0,0.0,0.0,0.0,1.0
19,125,12.0,4.668133622086477,0.0,1.0,0.0,0.0,1.0,0.0
0,130,0.0,1.5396427208545744,0.0,0.0,1.0,1.0,1.0,0.0
1,130,5.5042395197448695,5.071503371255403,0.0,0.0,1.0,0.0,0.0,0.0
2,130,11.754064548517931,8.115242544022903,1.0,0.0,0.0,1.0,1.0,1.0
3,130,12.0,2.1925454257899304,0.0,0.0,0.0,0.0,1.0,1.0
4,130,7.874893029866349,1.7275675061305042,1.0,0.0,1.0,0.0,1.0,1.0
5,130,1.0016784053540753,4.974297518864612,0.0,1.0,0.0,0.0,0.0,0.0
6,130,7.220951444815988,2.4559171008038696,0.0,1.0,0.0,1.0,1.0,0.0
7,130,4.918799219003771,2.8964489861834344,0.0,1.0,0.0,1.0,0.0,0.0
8,130,6.363444009231857,9.699511198159875,0.0,0.0,0.0,1.0,0.0,0.0
9,130,0.0,6.334183290737953,1.0,0.0,1.0,0.0,0.0,1.0
10,130,10.990416731466476,0.0,1.0,0.0,0.0,0.0,1.0,1.0
11,130,6.653361717257472,8.833431605617106,1.0,0.0,1.0,0.0,0.0,1.0
12,130,6.1951950422403295,5.870123071759036,0.0,0.0,1.0,1.0,0.0,0.0
13,130,9.445480043866771,6.256696814242054,0.0,0.0,1.0,0.0,0.0,0.0
14,130,1.7497808065233136,3.5584194689621804,1.0,1.0,1.0,0.0,0.0,1.0
15,130,4.734129880037848,6.868782721559701,0.0,0.0,0.0,1.0,1.0,0.0
16,130,10.13870715478383,7.097347220358342,0.0,0.0,0.0,0.0,1.0,1.0
17,130,9.571248909955235,3.726313128916132,0.0,0.0,0.0,0.0,1.0,1.0
18,130,4.213293013200473,9.962151175644768,0.0,1.0,0.0,0.0,0.0,1.0
19,130,11.96224136865916,4.797963708437164,0.0,1.0,0.0,0.0,1.0,0.0
0,135,0.0,1.5520572100542398,0.0,0.0,1.0,1.0,1.0,0.0
1,135,5.384267305788457,5.1550967873676425,0.0,0.0,1.0,0.0,0.0,0.0
2,135,11.746599629803905,8.218626487562796,1.0,0.0,0.0,1.0,1.0,1.0
3,135,12.0,2.2982527495232223,0.0,0.0,0.0,0.0,1.0,1.0
4,135,7.891439444720357,1.7749968107822265,1.0,0.0,1.0,0.0,1.0,1.0
5,135,1.005812777652638,4.96982325526382,0.0,1.0,0.0,0.0,0.0,0.0
6,135,7.228544578534573,2.451925040362531,0.0,1.0,0.0,1.0,1.0,0.0
7,135,5.05937150813428,2.9891542055803075,0.0,1.0,0.0,1.0,0.0,0.0
8,135,6.423464168509735,9.660190240744017,0.0,0.0,0.0,1.0,0.0,0.0
9,135,0.0,6.294995640378426,1.0,0.0,1.0,0.0,0.0,1.0
10,135,10.988979766784576,0.0,1.0,0.0,0.0,0.0,1.0,1.0
11,135,6.74708707865787,8.736862826312096,1.0,0.0,1.0,0.0,0.0,1.0
12,135,6.101468420167321,5.861045069087775,0.0,0.0,1.0,1.0,0.0,0.0
13,135,9.47071336577061,6.272138551466364,0.0,0.0,1.0,0.0,0.0,0.0
14,135,1.7153360375521252,3.519024258235786,1.0,1.0,1.0,0.0,0.0,1.0
15,135,4.771529531585322,6.866769298157875,0.0,0.0,0.0,1.0,1.0,0.0
16,135,10.173787541436525,7.132361275501781,0.0,0.0,0.0,0.0,1.0,1.0
17,135,9.54891149659114,3.591760526348037,0.0,0.0,0.0,0.0,1.0,1.0
18,135,4.18897279220941,9.959755004400602,0.0,1.0,0.0,0.0,0.0,1.0
19,135,11.92084814290796,4.947184985522157,0.0,1.0,0.0,0.0,1.0,0.0
0,140,0.0,1.570165209497112,0.0,0.0,1.0,1.0,1.0,0.0
1,140,5.256354332723756,5.239096437222274,0.0,0.0,1.0,0.0,0.0,0.0
2,140,11.740754644263038,8.319795344115606,1.0,0.0,0.0,1.0,1.0,1.0
3,140,12.0,2.408541134649532,0.0,0.0,0.0,0.0,1.0,1.0
4,140,7.908036292502334,1.820902096681868,1.0,0.0,1.0,0.0,1.0,1.0
5,140,1.0108155610208145,4.964212739304847,0.0,1.0,0.0,0.0,0.0,0.0
6,140,7.228689308826037,2.4518552653620618,0.0,1.0,0.0,1.0,1.0,0.0
7,140,5.227054951994294,3.099095834155404,0.0,1.0,0.0,1.0,0.0,0.0
8,140,6.469759726303413,9.631212074857311,0.0,0.0,0.0,1.0,0.0,0.0
9,140,0.0,6.274459540490676,1.0,0.0,1.0,0.0,0.0,1.0
10,140,10.985338876694522,0.0,1.0,0.0,0.0,0.0,1.0,1.0
11,140,6.83668055964926,8.64144673524012,1.0,0.0,1.0,0.0,0.0,1.0
12,140,6.020439009332915,5.853504681997911,0.0,0.0,1.0,1.0,0.0,0.0
13,140,9.500359439482242,6.290243065224016,0.0,0.0,1.0,0.0,0.0,0.0
14,140,1.6831858287020924,3.481738587053833,1.0,1.0,1.0,0.0,0.0,1.0
15,140,4.803371345544238,6.864381314243032,0.0,0.0,0.0,1.0,1.0,0.0
16,140,10.2142605509267,7.17301766449257,0.0,0.0,0.0,0.0,1.0,1.0
17,140,9.5322463720187,3.458391954551153,0.0,0.0,0.0,0.0,1.0,1.0
18,140,4.163281459222846,9.95747453993823,0.0,1.0,0.0,0.0,0.0,1.0
19,140,11.885518685608009,5.084644816601108,0.0,1.0,0.0,0.0,1.0,0.0
0,145,0.0,1.5829607109601325,0.0,0.0,1.0,1.0,1.0,0.0
1,145,5.118219207835801,5.330011305166427,0.0,0.0,1.0,0.0,0.0,0.0
2,145,11.737415682518872,8.420919237160108,1.0,0.0,0.0,1.0,1.0,1.0
3,145,12.0,2.5192495461117628,0.0,0.0,0.0,0.0,1.0,1.0
4,145,7.933841321209526,1.889078689414563,1.0,0.0,1.0,0.0,1.0,1.0
5,145,1.020336348788974,4.953367060799393,0.0,1.0,0.0,0.0,0.0,0.0
6,145,7.2239671036374045,2.4540524408482165,0.0,1.0,0.0,1.0,1.0,0.0
7,145,5.406966089286738,3.207490441567995,0.0,1.0,0.0,1.0,0.0,0.0
8,145,6.505356154333303,9.608270377138547,0.0,0.0,0.0,1.0,0.0,0.0
9,145,0.0,6.247258498326067,1.0,0.0,1.0,0.0,0.0,1.0
10,145,10.981879834102273,0.0,1.0,0.0,0.0,0.0,1.0,1.0
11,145,6.94267211320502,8.529242151199872,1.0,0.0,1.0,0.0,0.0,1.0
12,145,5.949719582920218,5.847651318098229,0.0,0.0,1.0,1.0,0.0,0.0
13,145,9.536281627414374,6.312627335084913,0.0,0.0,1.0,0.0,0.0,0.0
14,145,1.663748910786033,3.4582567550919268,1.0,1.0,1.0,0.0,0.0,1.0
15,145,4.850320148615056,6.8610665690170265,0.0,0.0,0.0,1.0,1.0,0.0
16,145,10.24154826673036,7.201662362372735,0.0,0.0,0.0,0.0,1.0,1.0
17,145,9.513086306823968,3.321107083113952,0.0,0.0,0.0,0.0,1.0,1.0
18,145,4.1239080395607655,9.95323748995545,0.0,1.0,0.0,0.0,0.0,1.0
19,145,11.854095430379518,5.206985414723288,0.0,1.0,0.0,0.0,1.0,0.0
0,150,0.0,1.5990096096488753,0.0,0.0,1.0,1.0,1.0,0.0
1,150,4.990719622016457,5.414140226386335,0.0,0.0,1.0,0.0,0.0,0.0
2,150,11.733518520718306,8.509503187163881,1.0,0.0,0.0,1.0,1.0,1.0
3,150,12.0,2.636083267851016,0.0,0.0,0.0,0.0,1.0,1.0
4,150,7.966047695285812,1.969741286506527,1.0,0.0,1.0,0.0,1.0,1.0
5,150,1.0392797564043132,4.931963030807082,0.0,1.0,0.0,0.0,0.0,0.0
6,150,7.212048250721734,2.459517415606166,0.0,1.0,0.0,1.0,1.0,0.0
7,150,5.571060284832008,3.302564773535034,0.0,1.0,0.0,1.0,0.0,0.0
8,150,6.532794807745416,9.58911648212912,0.0,0.0,0.0,1.0,0.0,0.0
9,150,0.0,6.238445237811622,1.0,0.0,1.0,0.0,0.0,1.0
10,150,10.979460860132235,0.0,1.0,0.0,0.0,0.0,1.0,1.0
11,150,7.061753713626583,8.404748050857314,1.0,0.0,1.0,0.0,0.0,1.0
12,150,5.876061658488335,5.841979920115043,0.0,0.0,1.0,1.0,0.0,0.0
13,150,9.581753028090189,6.340865606968042,0.0,0.0,1.0,0.0,0.0,0.0
14,150,1.6462829341139384,3.436170163066288,1.0,1.0,1.0,0.0,0.0,1.0
15,150,4.897822864978608,6.856447026538291,0.0,0.0,0.0,1.0,1.0,0.0
16,150,10.28696726729905,7.249685710830056,0.0,0.0,0.0,0.0,1.0,1.0
17,150,9.49104793080042,3.1752510969577794,0.0,0.0,0.0,0.0,1.0,1.0
18,150,4.079249579746807,9.94763815268417,0.0,1.0,0.0,0.0,0.0,1.0
19,150,11.82593682963738,5.324365869691575,0.0,1.0,0.0,0.0,1.0,0.0
0,155,0.0,1.6125344888520947,0.0,0.0,1.0,1.0,1.0,0.0
1,155,4.856909885434319,5.50044704746917,0.0,0.0,1.0,0.0,0.0,0.0
2,155,11.729906494917955,8.582881637269734,1.0,0.0,0.0,1.0,1.0,1.0
3,155,12.0,2.7487349194745554,0.0,0.0,0.0,0.0,1.0,1.0
4,155,7.996273535189623,2.043280351621613,1.0,0.0,1.0,0.0,1.0,1.0
5,155,1.0542190185862892,4.914139028864454,0.0,1.0,0.0,0.0,0.0,0.0
6,155,7.215009824407334,2.458147070158086,0.0,1.0,0.0,1.0,1.0,0.0
7,155,5.72297599054959,3.400850514139248,0.0,1.0,0.0,1.0,0.0,0.0
8,155,6.545329227719333,9.579619216899887,0.0,0.0,0.0,1.0,0.0,0.0
9,155,0.0,6.225247457552361,1.0,0.0,1.0,0.0,0.0,1.0
10,155,10.976737669938895,0.0,1.0,0.0,0.0,0.0,1.0,1.0
11,155,7.193955157163998,8.267457097336852,1.0,0.0,1.0,0.0,0.0,1.0
12,155,5.782245737330322,5.836615068934254,0.0,0.0,1.0,1.0,0.0,0.0
13,155,9.617061969705809,6.363737480628308,0.0,0.0,1.0,0.0,0.0,0.0
14,155,1.632293987418774,3.419860983821442,1.0,1.0,1.0,0.0,0.0,1.0
15,155,4.944877592119241,6.850652929841319,0.0,0.0,0.0,1.0,1.0,0.0
16,155,10.343100656030298,7.309458873983834,0.0,0.0,0.0,0.0,1.0,1.0
17,155,9.471054312105077,3.030850840370733,0.0,0.0,0.0,0.0,1.0,1.0
18,155,4.030608753080297,9.94085534669444,0.0,1.0,0.0,0.0,0.0,1.0
19,155,11.796832967417323,5.450115050369868,0.0,1.0,0.0,0.0,1.0,0.0
0,160,0.0,1.6254585468053886,0.0,0.0,1.0,1.0,1.0,0.0
1,160,4.719418890842032,5.58668783289583,0.0,0.0,1.0,0.0,0.0,0.0
2,160,11.72648713847681,8.662351362917342,1.0,0.0,0.0,1.0,1.0,1.0
3,160,12.0,2.853038727844376,0.0,0.0,0.0,0.0,1.0,1.0
4,160,8.029102758477551,2.126352011442114,1.0,0.0,1.0,0.0,1.0,1.0
5,160,1.071840117773308,4.892691074927356,0.0,1.0,0.0,0.0,0.0,0.0
6,160,7.204478969610501,2.463006492292413,0.0,1.0,0.0,1.0,1.0,0.0
7,160,5.889510818528382,3.5156439574712466,0.0,1.0,0.0,1.0,0.0,0.0
8,160,6.549371054708066,9.576393631530058,0.0,0.0,0.0,1.0,0.0,0.0
9,160,0.0,6.192077302458649,1.0,0.0,1.0,0.0,0.0,1.0
10,160,10.974016022859052,0.0,1.0,0.0,0.0,0.0,1.0,1.0
11,160,7.32012248892347,8.136065837151206,1.0,0.0,1.0,0.0,0.0,1.0
12,160,5.674752997788708,5.830629642385384,0.0,0.0,1.0,1.0,0.0,0.0
13,160,9.6601053172851,6.3937191280914085,0.0,0.0,1.0,0.0,0.0,0.0
14,160,1.6163162577633894,3.402738370179259,1.0,1.0,1.0,0.0,0.0,1.0
15,160,4.974180148181165,6.846843709942454,0.0,0.0,0.0,1.0,1.0,0.0
16,160,10.40559350801747,7.375989803751979,0.0,0.0,0.0,0.0,1.0,1.0
17,160,9.45065661590858,2.893057353641443,0.0,0.0,0.0,0.0,1.0,1.0
18,160,3.978977525925213,9.932258772440823,0.0,1.0,0.0,0.0,0.0,1.0
19,160,11.77249006177283,5.557470593909473,0.0,1.0,0.0,0.0,1.0,0.0
0,165,0.0,1.6340530441908014,0.0,0.0,1.0,1.0,1.0,0.0
1,165,4.587738748181469,5.664265678118458,0.0,0.0,1.0,0.0,0.0,0.0
2,165,11.72192090302574,8.743450764307662,1.0,0.0,0.0,1.0,1.0,1.0
3,165,12.0,2.9585905613562047,0.0,0.0,0.0,0.0,1.0,1.0
4,165,8.06449670276742,2.213567633145928,1.0,0.0,1.0,0.0,1.0,1.0
5,165,1.0862246225528978,4.875162109730062,0.0,1.0,0.0,0.0,0.0,0.0
6,165,7.19038991141478,2.469227454563561,0.0,1.0,0.0,1.0,1.0,0.0
7,165,6.071089739912,3.630773681733409,0.0,1.0,0.0,1.0,0.0,0.0
8,165,6.557483890128176,9.56988290529975,0.0,0.0,0.0,1.0,0.0,0.0
9,165,0.0,6.164331730431802,1.0,0.0,1.0,0.0,0.0,1.0
10,165,10.971642350497596,0.0,1.0,0.0,0.0,0.0,1.0,1.0
11,165,7.449354376505901,8.003544965924803,1.0,0.0,1.0,0.0,0.0,1.0
12,165,5.547708998125849,5.824143439915847,0.0,0.0,1.0,1.0,0.0,0.0
13,165,9.707546833600116,6.427528178316599,0.0,0.0,1.0,0.0,0.0,0.0
14,165,1.5984607063527232,3.384004671728014,1.0,1.0,1.0,0.0,0.0,1.0
15,165,5.021096598870894,6.843196696002572,0.0,0.0,0.0,1.0,1.0,0.0
16,165,10.449651373303196,7.4231552134698,0.0,0.0,0.0,0.0,1.0,1.0
17,165,9.4316511801432,2.759987672309158,0.0,0.0,0.0,0.0,1.0,1.0
18,165,3.919549373722482,9.922314367885246,0.0,1.0,0.0,0.0,0.0,1.0
19,165,11.746167143116656,5.674229711513615,0.0,1.0,0.0,0.0,1.0,0.0
0,170,0.0,1.6420602788660374,0.0,0.0,1.0,1.0,1.0,0.0
1,170,4.452471116481742,5.741776903432709,0.0,0.0,1.0,0.0,0.0,0.0
2,170,11.71505818858634,8.832738273819983,1.0,0.0,0.0,1.0,1.0,1.0
3,170,12.0,3.0835520354927484,0.0,0.0,0.0,0.0,1.0,1.0
4,170,8.102470584418702,2.3065802725854074,1.0,0.0,1.0,0.0,1.0,1.0
5,170,1.106596889449157,4.850184632193518,0.0,1.0,0.0,0.0,0.0,0.0
6,170,7.164037724169976,2.481798117839422,0.0,1.0,0.0,1.0,1.0,0.0
7,170,6.269081730728832,3.748862572117748,0.0,1.0,0.0,1.0,0.0,0.0
8,170,6.557234874336203,9.570087177688968,0.0,0.0,0.0,1.0,0.0,0.0
9,170,0.0,6.116515446140681,1.0,0.0,1.0,0.0,0.0,1.0
10,170,10.967745833454815,0.0,1.0,0.0,0.0,0.0,1.0,1.0
11,170,7.5647023071023805,7.881810324211679,1.0,0.0,1.0,0.0,0.0,1.0
12,170,5.417561562050516,5.816549483573525,0.0,0.0,1.0,1.0,0.0,0.0
13,170,9.772771248067688,6.474250088522178,0.0,0.0,1.0,0.0,0.0,0.0
14,170,1.5828835897638114,3.3679894773656764,1.0,1.0,1.0,0.0,0.0,1.0
15,170,5.069461700351652,6.83929539713322,0.0,0.0,0.0,1.0,1.0,0.0
16,170,10.503031881910315,7.481651587934525,0.0,0.0,0.0,0.0,1.0,1.0
17,170,9.413019654233109,2.6063100275873827,0.0,0.0,0.0,0.0,1.0,1.0
18,170,3.855434046916321,9.91146834069852,0.0,1.0,0.0,0.0,0.0,1.0
19,170,11.721489195158949,5.791673303453766,0.0,1.0,0.0,0.0,1.0,0.0
0,175,0.0,1.6498546658597422,0.0,0.0,1.0,1.0,1.0,0.0
1,175,4.306470499299056,5.8219962781614045,0.0,0.0,1.0,0.0,0.0,0.0
2,175,11.605552471485264,8.827900159162093,1.0,0.0,0.0,1.0,1.0,1.0
3,175,12.0,3.222681359584166,0.0,0.0,0.0,0.0,1.0,1.0
4,175,8.14720980944972,2.407057453562576,1.0,0.0,1.0,0.0,1.0,1.0
5,175,1.125661273552934,4.828236250324834,0.0,1.0,0.0,0.0,0.0,0.0
6,175,7.147702712596722,2.4897495430298417,0.0,1.0,0.0,1.0,1.0,0.0
7,175,6.433370318644435,3.850183460238096,0.0,1.0,0.0,1.0,0.0,0.0
8,175,6.559086806492344,9.568598397865465,0.0,0.0,0.0,1.0,0.0,0.0
9,175,0.0,6.063790749341157,1.0,0.0,1.0,0.0,0.0,1.0
10,175,10.963901884150618,0.0,1.0,0.0,0.0,0.0,1.0,1.0
11,175,7.673205628341896,7.765525244707966,1.0,0.0,1.0,0.0,0.0,1.0
12,175,5.281924677954797,5.809441400341057,0.0,0.0,1.0,1.0,0.0,0.0
13,175,9.82654150718631,6.511885909783805,0.0,0.0,1.0,0.0,0.0,0.0
14,175,1.5653917721181831,3.350686904346381,1.0,1.0,1.0,0.0,0.0,1.0
15,175,5.107219198497435,6.835563154841049,0.0,0.0,0.0,1.0,1.0,0.0
16,175,10.569437667304731,7.552692163825174,0.0,0.0,0.0,0.0,1.0,1.0
17,175,9.393359823211156,2.4396291395523706,0.0,0.0,0.0,0.0,1.0,1.0
18,175,3.788100112407972,9.899934127855298,0.0,1.0,0.0,0.0,0.0,1.0
19,175,11.69834654821087,5.906223873436505,0.0,1.0,0.0,0.0,1.0,0.0
0,180,0.0,1.6579073413566467,0.0,0.0,1.0,1.0,1.0,0.0
1,180,4.139870378226836,5.912493812869838,0.0,0.0,1.0,0.0,0.0,0.0
2,180,11.518597405411796,8.82237599133332,1.0,0.0,0.0,1.0,1.0,1.0
3,180,12.0,3.3513316704628675,0.0,0.0,0.0,0.0,1.0,1.0
4,180,8.187537340419505,2.5027922650800045,1.0,0.0,1.0,0.0,1.0,1.0
5,180,1.1506848562741994,4.798804323617506,0.0,1.0,0.0,0.0,0.0,0.0
6,180,7.124266550366018,2.501112298323793,0.0,1.0,0.0,1.0,1.0,0.0
7,180,6.564963310594487,3.9290743444205383,0.0,1.0,0.0,1.0,0.0,0.0
8,180,6.561930164749505,9.566177730547189,0.0,0.0,0.0,1.0,0.0,0.0
9,180,0.0,6.045628723000534,1.0,0.0,1.0,0.0,0.0,1.0
10,180,10.958462521101916,0.0,1.0,0.0,0.0,0.0,1.0,1.0
11,180,7.788049039275218,7.652594355618574,1.0,0.0,1.0,0.0,0.0,1.0
12,180,5.15177194089745,5.802983650213332,0.0,0.0,1.0,1.0,0.0,0.0
13,180,9.888343058965804,6.554967209134994,0.0,0.0,1.0,0.0,0.0,0.0
14,180,1.5350433862460195,3.320709488623211,1.0,1.0,1.0,0.0,0.0,1.0
15,180,5.165956826497304,6.8294898420104575,0.0,0.0,0.0,1.0,1.0,0.0
16,180,10.62685007341719,7.612748159493632,0.0,0.0,0.0,0.0,1.0,1.0
17,180,9.377676102408886,2.28530708479976,0.0,0.0,0.0,0.0,1.0,1.0
18,180,3.7339929863161543,9.8903178771227,0.0,1.0,0.0,0.0,0.0,1.0
19,180,11.677380459973584,6.005530247039536,0.0,1.0,0.0,0.0,1.0,0.0
0,185,0.0,1.6686953774341835,0.0,0.0,1.0,1.0,1.0,0.0
1,185,3.97595118981278,6.006757999604291,0.0,0.0,1.0,0.0,0.0,0.0
2,185,11.428768532772928,8.817130306199,1.0,0.0,0.0,1.0,1.0,1.0
3,185,12.0,3.4912445495620243,0.0,0.0,0.0,0.0,1.0,1.0
4,185,8.23024155084845,2.599577486726903,1.0,0.0,1.0,0.0,1.0,1.0
5,185,1.1870742199730997,4.757180667082415,0.0,1.0,0.0,0.0,0.0,0.0
6,185,7.1287872692356204,2.4989218452101145,0.0,1.0,0.0,1.0,1.0,0.0
7,185,6.702691827898336,4.015716949209525,0.0,1.0,0.0,1.0,0.0,0.0
8,185,6.5505737194954206,9.576084152116469,0.0,0.0,0.0,1.0,0.0,0.0
9,185,0.0,6.028228230788387,1.0,0.0,1.0,0.0,0.0,1.0
10,185,10.952060418716169,0.0,1.0,0.0,0.0,0.0,1.0,1.0
11,185,7.900315327277492,7.540511524900629,1.0,0.0,1.0,0.0,0.0,1.0
12,185,4.987962311058283,5.794241875238485,0.0,0.0,1.0,1.0,0.0,0.0
13,185,9.958731437961196,6.608481278736286,0.0,0.0,1.0,0.0,0.0,0.0
14,185,1.493942398066891,3.2796216842370334,1.0,1.0,1.0,0.0,0.0,1.0
15,185,5.2167375333585415,6.825636114375805,0.0,0.0,0.0,1.0,1.0,0.0
16,185,10.682801419207037,7.672752073180924,0.0,0.0,0.0,0.0,1.0,1.0
17,185,9.357963464867453,2.11289891216126,0.0,0.0,0.0,0.0,1.0,1.0
18,185,3.6857615435230366,9.88120452886796,0.0,1.0,0.0,0.0,0.0,1.0
19,185,11.655511672819994,6.129130213243054,0.0,1.0,0.0,0.0,1.0,0.0
0,190,0.0,1.680850491032686,0.0,0.0,1.0,1.0,1.0,0.0
1,190,3.80237715500199,6.101320365826606,0.0,0.0,1.0,0.0,0.0,0.0
2,190,11.336137557311105,8.810412868233092,1.0,0.0,0.0,1.0,1.0,1.0
3,190,12.0,3.638788136434263,0.0,0.0,0.0,0.0,1.0,1.0
4,190,8.282081460890824,2.7167346219334974,1.0,0.0,1.0,0.0,1.0,1.0
5,190,1.2210533933698524,4.718066539550036,0.0,1.0,0.0,0.0,0.0,0.0
6,190,7.15659534999876,2.485069362550673,0.0,1.0,0.0,1.0,1.0,0.0
7,190,6.855644879189099,4.11009539217041,0.0,1.0,0.0,1.0,0.0,0.0
8,190,6.537638626196171,9.587693207830648,0.0,0.0,0.0,1.0,0.0,0.0
9,190,0.0,5.986338133176004,1.0,0.0,1.0,0.0,0.0,1.0
10,190,10.947242325935092,0.0,1.0,0.0,0.0,0.0,1.0,1.0
11,190,8.014240882326018,7.428818155425295,1.0,0.0,1.0,0.0,0.0,1.0
12,190,4.8097029280260974,5.784211699009293,0.0,0.0,1.0,1.0,0.0,0.0
13,190,10.044186222862518,6.675725189274805,0.0,0.0,1.0,0.0,0.0,0.0
14,190,1.4451817582219024,3.230192757804662,1.0,1.0,1.0,0.0,0.0,1.0
15,190,5.265493884129216,6.822077114661609,0.0,0.0,0.0,1.0,1.0,0.0
16,190,10.718625267157543,7.711338990970174,0.0,0.0,0.0,0.0,1.0,1.0
17,190,9.340888640348185,1.9597404125718745,0.0,0.0,0.0,0.0,1.0,1.0
18,190,3.634083998016794,9.87274783270536,0.0,1.0,0.0,0.0,0.0,1.0
19,190,11.634365815655569,6.255036273002214,0.0,1.0,0.0,0.0,1.0,0.0
0,195,0.0,1.6943306906871345,0.0,0.0,1.0,1.0,1.0,0.0
1,195,3.619903008814955,6.204927584731957,0.0,0.0,1.0,0.0,0.0,0.0
2,195,11.242675311448991,8.802155767722493,1.0,0.0,0.0,1.0,1.0,1.0
3,195,12.0,3.792487569601098,0.0,0.0,0.0,0.0,1.0,1.0
4,195,8.327004105464894,2.826842926968756,1.0,0.0,1.0,0.0,1.0,1.0
5,195,1.237650453427061,4.700388458609501,0.0,1.0,0.0,0.0,0.0,0.0
6,195,7.188140448338144,2.469634140579032,0.0,1.0,0.0,1.0,1.0,0.0
7,195,7.004985975854731,4.19188369768829,0.0,1.0,0.0,1.0,0.0,0.0
8,195,6.520101602229708,9.60374677172914,0.0,0.0,0.0,1.0,0.0,0.0
9,195,0.0,5.964080510177369,1.0,0.0,1.0,0.0,0.0,1.0
10,195,10.93769350418692,0.0,1.0,0.0,0.0,0.0,1.0,1.0
11,195,8.132925322483795,7.310207913410481,1.0,0.0,1.0,0.0,0.0,1.0
12,195,4.622383376947566,5.769702793145432,0.0,0.0,1.0,1.0,0.0,0.0
13,195,10.154563562484386,6.764200575630214,0.0,0.0,1.0,0.0,0.0,0.0
14,195,1.414533111926355,3.199529937478135,1.0,1.0,1.0,0.0,0.0,1.0
15,195,5.317083058179807,6.81896870474329,0.0,0.0,0.0,1.0,1.0,0.0
16,195,10.759838718312428,7.758104615721585,0.0,0.0,0.0,0.0,1.0,1.0
17,195,9.325279555504792,1.8109302482375031,0.0,0.0,0.0,0.0,1.0,1.0
18,195,3.5842357318642537,9.864060987532389,0.0,1.0,0.0,0.0,0.0,1.0
19,195,11.615785373939175,6.376842541287986,0.0,1.0,0.0,0.0,1.0,0.0
0,200,0.0,1.7009663850462708,0.0,0.0,1.0,1.0,1.0,0.0
1,200,3.4436140976914,6.301799899004947,0.0,0.0,1.0,0.0,0.0,0.0
2,200,11.141931649261654,8.791229312387022,1.0,0.0,0.0,1.0,1.0,1.0
3,200,12.0,3.946333011694018,0.0,0.0,0.0,0.0,1.0,1.0
4,200,8.37818418753681,2.952660571455587,1.0,0.0,1.0,0.0,1.0,1.0
5,200,1.2739468297118228,4.6625372449082505,0.0,1.0,0.0,0.0,0.0,0.0
6,200,7.223747131492724,2.4524080295222395,0.0,1.0,0.0,1.0,1.0,0.0
7,200,7.148055842108026,4.278558086244563,0.0,1.0,0.0,1.0,0.0,0.0
8,200,6.50994956190581,9.613043049228809,0.0,0.0,0.0,1.0,0.0,0.0
9,200,0.0,5.935984125756025,1.0,0.0,1.0,0.0,0.0,1.0
10,200,10.927917295221333,0.0,1.0,0.0,0.0,0.0,1.0,1.0
11,200,8.262349642214213,7.1836088659428246,1.0,0.0,1.0,0.0,0.0,1.0
12,200,4.449527439435069,5.759103924617498,0.0,0.0,1.0,1.0,0.0,0.0
13,200,10.278602109769846,6.859623159945812,0.0,0.0,1.0,0.0,0.0,0.0
14,200,1.3863082511332658,3.168909582342269,1.0,1.0,1.0,0.0,0.0,1.0
15,200,5.35745797409897,6.815920981489996,0.0,0.0,0.0,1.0,1.0,0.0
16,200,10.810067347555576,7.815008191535642,0.0,0.0,0.0,0.0,1.0,1.0
17,200,9.31058130458436,1.6711277255651016,0.0,0.0,0.0,0.0,1.0,1.0
18,200,3.5356472342839558,9.854865040850791,0.0,1.0,0.0,0.0,0.0,1.0
19,200,11.601902337793206,6.487598946297193,0.0,1.0,0.0,0.0,1.0,0.0
0,205,0.0,1.7082462721297722,0.0,0.0,1.0,1.0,1.0,0.0
1,205,3.273161989863353,6.389774459055467,0.0,0.0,1.0,0.0,0.0,0.0
2,205,11.033705898454876,8.78045426275733,1.0,0.0,0.0,1.0,1.0,1.0
3,205,12.0,4.104834173101038,0.0,0.0,0.0,0.0,1.0,1.0
4,205,8.439433983295405,3.091033606269899,1.0,0.0,1.0,0.0,1.0,1.0
5,205,1.3069415234443678,4.6255669431157065,0.0,1.0,0.0,0.0,0.0,0.0
6,205,7.268159329088317,2.431087034997023,0.0,1.0,0.0,1.0,1.0,0.0
7,205,7.306525285412095,4.368571120154523,0.0,1.0,0.0,1.0,0.0,0.0
8,205,6.490686829424769,9.63049015666152,0.0,0.0,0.0,1.0,0.0,0.0
9,205,0.0,5.900237675318863,1.0,0.0,1.0,0.0,0.0,1.0
10,205,10.921214391013866,0.0,1.0,0.0,0.0,0.0,1.0,1.0
11,205,8.395542816398521,7.055921649377192,1.0,0.0,1.0,0.0,0.0,1.0
12,205,4.265152340883316,5.746688253419918,0.0,0.0,1.0,1.0,0.0,0.0
13,205,10.388220034410242,6.947545130872595,0.0,0.0,1.0,0.0,0.0,0.0
14,205,1.356453821366922,3.1347133610632825,1.0,1.0,1.0,0.0,0.0,1.0
15,205,5.402444831799303,6.813578179374562,0.0,0.0,0.0,1.0,1.0,0.0
16,205,10.85998204858108,7.868486065754877,0.0,0.0,0.0,0.0,1.0,1.0
17,205,9.29494089047201,1.5430335952012069,0.0,0.0,0.0,0.0,1.0,1.0
18,205,3.5087430375660578,9.849982887248876,0.0,1.0,0.0,0.0,0.0,1.0
19,205,11.583998245214731,6.615765606830426,0.0,1.0,0.0,0.0,1.0,0.0
0,210,0.0,1.7138818810110266,0.0,0.0,1.0,1.0,1.0,0.0
1,210,3.0959952292220665,6.481418690087377,0.0,0.0,1.0,0.0,0.0,0.0
2,210,10.937278228087964,8.767292597036738,1.0,0.0,0.0,1.0,1.0,1.0
3,210,12.0,4.280154254843967,0.0,0.0,0.0,0.0,1.0,1.0
4,210,8.50005242178725,3.215243965330259,1.0,0.0,1.0,0.0,1.0,1.0
5,210,1.3248141368265134,4.6056039679937255,0.0,1.0,0.0,0.0,0.0,0.0
6,210,7.322266661915286,2.4056999288494434,0.0,1.0,0.0,1.0,1.0,0.0
7,210,7.472610844333529,4.458506113236932,0.0,1.0,0.0,1.0,0.0,0.0
8,210,6.46807977449131,9.650423939909208,0.0,0.0,0.0,1.0,0.0,0.0
9,210,0.0,5.8572021366222895,1.0,0.0,1.0,0.0,0.0,1.0
10,210,10.91863053420057,0.0,1.0,0.0,0.0,0.0,1.0,1.0
11,210,8.515194955614174,6.933247494723742,1.0,0.0,1.0,0.0,0.0,1.0
12,210,4.089400154444287,5.73150866932689,0.0,0.0,1.0,1.0,0.0,0.0
13,210,10.507451951017332,7.042752835086271,0.0,0.0,1.0,0.0,0.0,0.0
14,210,1.3224692458678822,3.093577780153264,1.0,1.0,1.0,0.0,0.0,1.0
15,210,5.4635292539149205,6.81073855620094,0.0,0.0,0.0,1.0,1.0,0.0
16,210,10.91422240413307,7.92633880452962,0.0,0.0,0.0,0.0,1.0,1.0
17,210,9.282331401734565,1.4229199999637412,0.0,0.0,0.0,0.0,1.0,1.0
18,210,3.473231439108004,9.84422701184286,0.0,1.0,0.0,0.0,0.0,1.0
19,210,11.572359010229668,6.740438375206936,0.0,1.0,0.0,0.0,1.0,0.0
0,215,0.0,1.7154174231771844,0.0,0.0,1.0,1.0,1.0,0.0
1,215,2.905354392218374,6.577945195405976,0.0,0.0,1.0,0.0,0.0,0.0
2,215,10.837260011549002,8.755244392281549,1.0,0.0,0.0,1.0,1.0,1.0
3,215,12.0,4.456029591259309,0.0,0.0,0.0,0.0,1.0,1.0
4,215,8.561875510600487,3.346679699650084,1.0,0.0,1.0,0.0,1.0,1.0
5,215,1.335513050081811,4.593149748156636,0.0,1.0,0.0,0.0,0.0,0.0
6,215,7.365558840339232,2.3876755168955235,0.0,1.0,0.0,1.0,1.0,0.0
7,215,7.648215855489364,4.552814103192208,0.0,1.0,0.0,1.0,0.0,0.0
8,215,6.433599610939099,9.681267900736245,0.0,0.0,0.0,1.0,0.0,0.0
9,215,0.0,5.8049604599859,1.0,0.0,1.0,0.0,0.0,1.0
10,215,10.918435769325916,0.0,1.0,0.0,0.0,0.0,1.0,1.0
11,215,8.624646915049945,6.823338901266272,1.0,0.0,1.0,0.0,0.0,1.0
12,215,3.916906613671967,5.7204786450835545,0.0,0.0,1.0,1.0,0.0,0.0
13,215,10.628037895705948,7.13713833235166,0.0,0.0,1.0,0.0,0.0,0.0
14,215,1.297291899928846,3.063733990054871,1.0,1.0,1.0,0.0,0.0,1.0
15,215,5.499379348724432,6.809222587571394,0.0,0.0,0.0,1.0,1.0,0.0
16,215,10.976258092556025,7.989314148844146,0.0,0.0,0.0,0.0,1.0,1.0
17,215,9.267041753410426,1.2919326847454882,0.0,0.0,0.0,0.0,1.0,1.0
18,215,3.467813473228353,9.843343168034304,0.0,1.0,0.0,0.0,0.0,1.0
19,215,11.561531294446189,6.858012566055571,0.0,1.0,0.0,0.0,1.0,0.0
0,220,0.0,1.719119969728772,0.0,0.0,1.0,1.0,1.0,0.0
1,220,2.689726787028117,6.683940288293189,0.0,0.0,1.0,0.0,0.0,0.0
2,220,10.7406189952321,8.744760877882925,1.0,0.0,0.0,1.0,1.0,1.0
3,220,12.0,4.654281274856063,0.0,0.0,0.0,0.0,1.0,1.0
4,220,8.625006003119614,3.478570165215632,1.0,0.0,1.0,0.0,1.0,1.0
5,220,1.357065068353698,4.569092488108423,0.0,1.0,0.0,0.0,0.0,0.0
6,220,7.406693216830128,2.369308530768596,0.0,1.0,0.0,1.0,1.0,0.0
7,220,7.821079382433379,4.642082492052651,0.0,1.0,0.0,1.0,0.0,0.0
8,220,6.405583997694619,9.70600042904483,0.0,0.0,0.0,1.0,0.0,0.0
9,220,0.0,5.761161086257554,1.0,0.0,1.0,0.0,0.0,1.0
10,220,10.917984780029649,0.0,1.0,0.0,0.0,0.0,1.0,1.0
11,220,8.736500484701274,6.705379901360325,1.0,0.0,1.0,0.0,0.0,1.0
12,220,3.763070213026711,5.708580778204764,0.0,0.0,1.0,1.0,0.0,0.0
13,220,10.746617614368828,7.224770319130653,0.0,0.0,1.0,0.0,0.0,0.0
14,220,1.2650437420402432,3.0263833802687974,1.0,1.0,1.0,0.0,0.0,1.0
15,220,5.530113016128162,6.807881113413949,0.0,0.0,0.0,1.0,1.0,0.0
16,220,11.042288623376844,8.057402629333335,0.0,0.0,0.0,0.0,1.0,1.0
17,220,9.25113574493019,1.179377917237236,0.0,0.0,0.0,0.0,1.0,1.0
18,220,3.4696783518880507,9.843665581943837,0.0,1.0,0.0,0.0,0.0,1.0
19,220,11.552561832597618,6.96930273790692,0.0,1.0,0.0,0.0,1.0,0.0
0,225,0.0,1.7237031768762403,0.0,0.0,1.0,1.0,1.0,0.0
1,225,2.466482307894714,6.789482134779795,0.0,0.0,1.0,0.0,0.0,0.0
2,225,10.643633791389878,8.73346863273073,1.0,0.0,0.0,1.0,1.0,1.0
3,225,12.0,4.858398552145451,0.0,0.0,0.0,0.0,1.0,1.0
4,225,8.682086144948062,3.5923647658240605,1.0,0.0,1.0,0.0,1.0,1.0
5,225,1.3723686499294252,4.550499793048227,0.0,1.0,0.0,0.0,0.0,0.0
6,225,7.46134494953418,2.3436677629936478,0.0,1.0,0.0,1.0,1.0,0.0
7,225,8.001953537637919,4.738791428059589,0.0,1.0,0.0,1.0,0.0,0.0
8,225,6.370499887624672,9.735991705942624,0.0,0.0,0.0,1.0,0.0,0.0
9,225,0.0,5.705525877285435,1.0,0.0,1.0,0.0,0.0,1.0
10,225,10.916631083936432,0.0,1.0,0.0,0.0,0.0,1.0,1.0
11,225,8.840239964516668,6.585528083631663,1.0,0.0,1.0,0.0,0.0,1.0
12,225,3.618232052324364,5.696006624716079,0.0,0.0,1.0,1.0,0.0,0.0
13,225,10.866944478632911,7.310535608629883,0.0,0.0,1.0,0.0,0.0,0.0
14,225,1.2280105872769336,2.984618626805899,1.0,1.0,1.0,0.0,0.0,1.0
15,225,5.5766214183073926,6.805689834723958,0.0,0.0,0.0,1.0,1.0,0.0
16,225,11.110681238161018,8.127473105068823,0.0,0.0,0.0,0.0,1.0,1.0
17,225,9.234289374673978,1.0802773953162097,0.0,0.0,0.0,0.0,1.0,1.0
18,225,3.4876314848014167,9.846612204748396,0.0,1.0,0.0,0.0,0.0,1.0
19,225,11.545584928293326,7.065953615876169,0.0,1.0,0.0,0.0,1.0,0.0
0,230,0.0,1.7263457811360237,0.0,0.0,1.0,1.0,1.0,0.0
1,230,2.2465984045843768,6.892284126139842,0.0,0.0,1.0,0.0,0.0,0.0
2,230,10.537702452534573,8.722544973922078,1.0,0.0,0.0,1.0,1.0,1.0
3,230,12.0,5.055019637163747,0.0,0.0,0.0,0.0,1.0,1.0
4,230,8.737556668054324,3.706407475717887,1.0,0.0,1.0,0.0,1.0,1.0
5,230,1.38578716742657,4.534432205748146,0.0,1.0,0.0,0.0,0.0,0.0
6,230,7.51841502550949,2.3150904218016817,0.0,1.0,0.0,1.0,1.0,0.0
7,230,8.18843672810786,4.8336825228282,0.0,1.0,0.0,1.0,0.0,0.0
8,230,6.341487744591401,9.760966154548449,0.0,0.0,0.0,1.0,0.0,0.0
9,230,0.0,5.6372506937053934,1.0,0.0,1.0,0.0,0.0,1.0
10,230,10.914889930124204,0.0,1.0,0.0,0.0,0.0,1.0,1.0
11,230,8.94580382824507,6.456272184436633,1.0,0.0,1.0,0.0,0.0,1.0
12,230,3.478856834211862,5.685031902370155,0.0,0.0,1.0,1.0,0.0,0.0
13,230,10.967335735428216,7.383948273446688,0.0,0.0,1.0,0.0,0.0,0.0
14,230,1.185971261841589,2.9372913619833274,1.0,1.0,1.0,0.0,0.0,1.0
15,230,5.616765578033179,6.804597310135842,0.0,0.0,0.0,1.0,1.0,0.0
16,230,11.186701019022957,8.203419083606212,0.0,0.0,0.0,0.0,1.0,1.0
17,230,9.217527475767488,0.9862800623621338,0.0,0.0,0.0,0.0,1.0,1.0
18,230,3.5097959905237035,9.850482425573333,0.0,1.0,0.0,0.0,0.0,1.0
19,230,11.537054699534288,7.165811940203288,0.0,1.0,0.0,0.0,1.0,0.0
0,235,0.0,1.7294491847586686,0.0,0.0,1.0,1.0,1.0,0.0
1,235,2.027000607052848,6.990795226950404,0.0,0.0,1.0,0.0,0.0,0.0
2,235,10.428487713904072,8.709872592174678,1.0,0.0,0.0,1.0,1.0,1.0
3,235,12.0,5.26304083873048,0.0,0.0,0.0,0.0,1.0,1.0
4,235,8.787893419055413,3.81734748970393,1.0,0.0,1.0,0.0,1.0,1.0
5,235,1.391487508594606,4.5279798837007785,0.0,1.0,0.0,0.0,0.0,0.0
6,235,7.579084606330936,2.285163836656852,0.0,1.0,0.0,1.0,1.0,0.0
7,235,8.370675494080707,4.922037832906936,0.0,1.0,0.0,1.0,0.0,0.0
8,235,6.293546933364638,9.801681474491463,0.0,0.0,0.0,1.0,0.0,0.0
9,235,0.0,5.564702215051618,1.0,0.0,1.0,0.0,0.0,1.0
10,235,10.912429454862997,0.0,1.0,0.0,0.0,0.0,1.0,1.0
11,235,9.035329456612388,6.343414118412136,1.0,0.0,1.0,0.0,0.0,1.0
12,235,3.3397137351212227,5.675948579662746,0.0,0.0,1.0,1.0,0.0,0.0
13,235,11.074360875518908,7.466514382307546,0.0,0.0,1.0,0.0,0.0,0.0
14,235,1.1587324992742338,2.90652334176226,1.0,1.0,1.0,0.0,0.0,1.0
15,235,5.66897780951826,6.803098052462902,0.0,0.0,0.0,1.0,1.0,0.0
16,235,11.27073982162494,8.288064544698194,0.0,0.0,0.0,0.0,1.0,1.0
17,235,9.20091969141389,0.8909558017637825,0.0,0.0,0.0,0.0,1.0,1.0
18,235,3.546956725812153,9.85765726922152,0.0,1.0,0.0,0.0,0.0,1.0
19,235,11.52756673587959,7.2624643299957885,0.0,1.0,0.0,0.0,1.0,0.0
0,240,0.0,1.733241244886791,0.0,0.0,1.0,1.0,1.0,0.0
1,240,1.830294781180059,7.081543095691604,0.0,0.0,1.0,0.0,0.0,0.0
2,240,10.335672299523392,8.69919723173828,1.0,0.0,0.0,1.0,1.0,1.0
3,240,12.0,5.4685726908486485,0.0,0.0,0.0,0.0,1.0,1.0
4,240,8.82978243392149,3.9120781841414103,1.0,0.0,1.0,0.0,1.0,1.0
5,240,1.402710887541324,4.514959166483604,0.0,1.0,0.0,0.0,0.0,0.0
6,240,7.638679914239472,2.2538118598538217,0.0,1.0,0.0,1.0,1.0,0.0
7,240,8.567239270256273,5.025156306033821,0.0,1.0,0.0,1.0,0.0,0.0
8,240,6.257492472398938,9.830047810589765,0.0,0.0,0.0,1.0,0.0,0.0
9,240,0.0,5.50012496569157,1.0,0.0,1.0,0.0,0.0,1.0
10,240,10.908395179789864,0.0,1.0,0.0,0.0,0.0,1.0,1.0
11,240,9.124517495244003,6.233071205032571,1.0,0.0,1.0,0.0,0.0,1.0
12,240,3.203915421622731,5.666554530816935,0.0,0.0,1.0,1.0,0.0,0.0
13,240,11.19273526719336,7.554443396603574,0.0,0.0,1.0,0.0,0.0,0.0
14,240,1.1558648166446508,2.903197706813411,1.0,1.0,1.0,0.0,0.0,1.0
15,240,5.724365823224672,6.802392200136966,0.0,0.0,0.0,1.0,1.0,0.0
16,240,11.356308518926898,8.377784313325291,0.0,0.0,0.0,0.0,1.0,1.0
17,240,9.18428324203395,0.7987040999042228,0.0,0.0,0.0,0.0,1.0,1.0
18,240,3.575365167906738,9.862132320658796,0.0,1.0,0.0,0.0,0.0,1.0
19,240,11.51990014254772,7.368653432491091,0.0,1.0,0.0,0.0,1.0,0.0
0,245,0.0,1.7366916993372945,0.0,0.0,1.0,1.0,1.0,0.0
1,245,1.6515868926886066,7.166759412896975,0.0,0.0,1.0,0.0,0.0,0.0
2,245,10.241785685598336,8.6883316338868,1.0,0.0,0.0,1.0,1.0,1.0
3,245,12.0,5.682131866349197,0.0,0.0,0.0,0.0,1.0,1.0
4,245,8.874238374850151,4.006966943307804,1.0,0.0,1.0,0.0,1.0,1.0
5,245,1.4122010637316256,4.504008197458321,0.0,1.0,0.0,0.0,0.0,0.0
6,245,7.708891749562272,2.215159940566761,0.0,1.0,0.0,1.0,1.0,0.0
7,245,8.766959518559847,5.134792347181471,0.0,1.0,0.0,1.0,0.0,0.0
8,245,6.21510384724755,9.8642628691264,0.0,0.0,0.0,1.0,0.0,0.0
9,245,0.0,5.431075667041156,1.0,0.0,1.0,0.0,0.0,1.0
10,245,10.90327729227281,0.0,1.0,0.0,0.0,0.0,1.0,1.0
11,245,9.213564585028632,6.123449743306233,1.0,0.0,1.0,0.0,0.0,1.0
12,245,3.0697404587070136,5.656598856361171,0.0,0.0,1.0,1.0,0.0,0.0
13,245,11.303765579599457,7.638804719906108,0.0,0.0,1.0,0.0,0.0,0.0
14,245,1.1503797037633363,2.8968616560079945,1.0,1.0,1.0,0.0,0.0,1.0
15,245,5.77749437158669,6.800587018860153,0.0,0.0,0.0,1.0,1.0,0.0
16,245,11.44411514782194,8.465913901462605,0.0,0.0,0.0,0.0,1.0,1.0
17,245,9.163066764556108,0.6879776261064,0.0,0.0,0.0,0.0,1.0,1.0
18,245,3.5806001812679247,9.86308041584622,0.0,1.0,0.0,0.0,0.0,1.0
19,245,11.506531210278494,7.479263228768305,0.0,1.0,0.0,0.0,1.0,0.0
0,250,0.0,1.74067905655632,0.0,0.0,1.0,1.0,1.0,0.0
1,250,1.4735843830688635,7.251184750671178,0.0,0.0,1.0,0.0,0.0,0.0
2,250,10.153110789222444,8.677394741280768,1.0,0.0,0.0,1.0,1.0,1.0
3,250,12.0,5.905435055258937,0.0,0.0,0.0,0.0,1.0,1.0
4,250,8.91296974487227,4.093483224655378,1.0,0.0,1.0,0.0,1.0,1.0
5,250,1.4270255399692595,4.486701519487204,0.0,1.0,0.0,0.0,0.0,0.0
6,250,7.753535051063898,2.1916376069406143,0.0,1.0,0.0,1.0,1.0,0.0
7,250,8.939644257847533,5.22928379424693,0.0,1.0,0.0,1.0,0.0,0.0
8,250,6.1798336150699775,9.892709879785023,0.0,0.0,0.0,1.0,0.0,0.0
9,250,0.0,5.34537990657593,1.0,0.0,1.0,0.0,0.0,1.0
10,250,10.898695711563668,0.0,1.0,0.0,0.0,0.0,1.0,1.0
11,250,9.295766823022683,6.025824860964945,1.0,0.0,1.0,0.0,0.0,1.0
12,250,2.938173409824788,5.645126452488901,0.0,0.0,1.0,1.0,0.0,0.0
13,250,11.415386424431636,7.7202910988372,0.0,0.0,1.0,0.0,0.0,0.0
14,250,1.1468226377917,2.892803521863563,1.0,1.0,1.0,0.0,0.0,1.0
15,250,5.831416081234511,6.798917001391143,0.0,0.0,0.0,1.0,1.0,0.0
16,250,11.565354506045225,8.588664660190247,0.0,0.0,0.0,0.0,1.0,1.0
17,250,9.144753792996578,0.5906663440061659,0.0,0.0,0.0,0.0,1.0,1.0
18,250,3.5941292942716925,9.865796894013036,0.0,1.0,0.0,0.0,0.0,1.0
19,250,11.486799090441984,7.61650059523062,0.0,1.0,0.0,0.0,1.0,0.0
0,255,0.0,1.7435466889147315,0.0,0.0,1.0,1.0,1.0,0.0
1,255,1.2993188811237135,7.335757641763385,0.0,0.0,1.0,0.0,0.0,0.0
2,255,10.063483901806157,8.666265534922168,1.0,0.0,0.0,1.0,1.0,1.0
3,255,12.0,6.125718792729878,0.0,0.0,0.0,0.0,1.0,1.0
4,255,8.951353855677617,4.183373914502021,1.0,0.0,1.0,0.0,1.0,1.0
5,255,1.4357335519929608,4.476244167846518,0.0,1.0,0.0,0.0,0.0,0.0
6,255,7.819610680977417,2.156443298004852,0.0,1.0,0.0,1.0,1.0,0.0
7,255,9.105927737181329,5.315230861107647,0.0,1.0,0.0,1.0,0.0,0.0
8,255,6.158288475189548,9.90898375490437,0.0,0.0,0.0,1.0,0.0,0.0
9,255,0.0,5.231088052852063,1.0,0.0,1.0,0.0,0.0,1.0
10,255,10.893660952817068,0.0,1.0,0.0,0.0,0.0,1.0,1.0
11,255,9.372489403032954,5.934408836744284,1.0,0.0,1.0,0.0,0.0,1.0
12,255,2.799425493025641,5.634990117887144,0.0,0.0,1.0,1.0,0.0,0.0
13,255,11.52495264228629,7.799291801221593,0.0,0.0,1.0,0.0,0.0,0.0
14,255,1.1565767968687366,2.903971216406146,1.0,1.0,1.0,0.0,0.0,1.0
15,255,5.863308809612953,6.797972287133584,0.0,0.0,0.0,1.0,1.0,0.0
16,255,11.686646961265703,8.713212184469281,0.0,0.0,0.0,0.0,1.0,1.0
17,255,9.125424982324894,0.4908526116509257,0.0,0.0,0.0,0.0,1.0,1.0
18,255,3.595330864489138,9.866027173385536,0.0,1.0,0.0,0.0,0.0,1.0
19,255,11.46604556165702,7.736715736837088,0.0,1.0,0.0,0.0,1.0,0.0
0,260,0.0,1.7456061876723366,0.0,0.0,1.0,1.0,1.0,0.0
1,260,1.1470670153723186,7.413721065314355,0.0,0.0,1.0,0.0,0.0,0.0
2,260,9.944912948804577,8.650992654289366,1.0,0.0,0.0,1.0,1.0,1.0
3,260,12.0,6.341450188683288,0.0,0.0,0.0,0.0,1.0,1.0
4,260,8.983294843688407,4.261143174949448,1.0,0.0,1.0,0.0,1.0,1.0
5,260,1.4401516012408784,4.470530523648895,0.0,1.0,0.0,0.0,0.0,0.0
6,260,7.892607807063064,2.117191634953197,0.0,1.0,0.0,1.0,1.0,0.0
7,260,9.272354508541984,5.401787365040612,0.0,1.0,0.0,1.0,0.0,0.0
8,260,6.143295648633706,9.920068445979156,0.0,0.0,0.0,1.0,0.0,0.0
9,260,0.0,5.296916704096971,1.0,0.0,1.0,0.0,0.0,1.0
10,260,10.888332965103752,0.0,1.0,0.0,0.0,0.0,1.0,1.0
11,260,9.456888302514471,5.836312457223493,1.0,0.0,1.0,0.0,0.0,1.0
12,260,2.662442720839263,5.625578749204144,0.0,0.0,1.0,1.0,0.0,0.0
13,260,11.63569925874496,7.879866720060285,0.0,0.0,1.0,0.0,0.0,0.0
14,260,1.166289601865515,2.9144300339334768,1.0,1.0,1.0,0.0,0.0,1.0
15,260,5.901648169589157,6.796375970222493,0.0,0.0,0.0,1.0,1.0,0.0
16,260,11.812618917443814,8.842903405555681,0.0,0.0,0.0,0.0,1.0,1.0
17,260,9.109097498340494,0.4064152119170733,0.0,0.0,0.0,0.0,1.0,1.0
18,260,3.594059379065458,9.865818627457593,0.0,1.0,0.0,0.0,0.0,1.0
19,260,11.448046875010633,7.848810716970434,0.0,1.0,0.0,0.0,1.0,0.0
0,265,0.0,1.746202736593627,0.0,0.0,1.0,1.0,1.0,0.0
1,265,1.0083546481750632,7.47995878015296,0.0,0.0,1.0,0.0,0.0,0.0
2,265,9.81651461080161,8.63288230651795,1.0,0.0,0.0,1.0,1.0,1.0
3,265,12.0,6.547524418986616,0.0,0.0,0.0,0.0,1.0,1.0
4,265,9.013807010238464,4.341977638289074,1.0,0.0,1.0,0.0,1.0,1.0
5,265,1.444372497117044,4.464947091135904,0.0,1.0,0.0,0.0,0.0,0.0
6,265,7.968056259507478,2.0778581289194333,0.0,1.0,0.0,1.0,1.0,0.0
7,265,9.448659672967969,5.49034268188551,0.0,1.0,0.0,1.0,0.0,0.0
8,265,6.114702961238093,9.940007646382934,0.0,0.0,0.0,1.0,0.0,0.0
9,265,0.0,5.363610620642509,1.0,0.0,1.0,0.0,0.0,1.0
10,265,10.8836802629725,0.0,1.0,0.0,0.0,0.0,1.0,1.0
11,265,9.538872182872478,5.742616009833381,1.0,0.0,1.0,0.0,0.0,1.0
12,265,2.5288199945608296,5.618498381335789,0.0,0.0,1.0,1.0,0.0,0.0
13,265,11.744152475099378,7.956877361790171,0.0,0.0,1.0,0.0,0.0,0.0
14,265,1.1828061783653072,2.9317375186165084,1.0,1.0,1.0,0.0,0.0,1.0
15,265,5.925757598016601,6.795062606400455,0.0,0.0,0.0,1.0,1.0,0.0
16,265,11.942332978416047,8.978272858012046,0.0,0.0,0.0,0.0,1.0,1.0
17,265,9.08874511230389,0.3126361072025498,0.0,0.0,0.0,0.0,1.0,1.0
18,265,3.5922760293351863,9.877474909401853,0.0,1.0,0.0,0.0,0.0,1.0
19,265,11.555981953928864,7.865710846768689,0.0,1.0,0.0,0.0,1.0,0.0
0,270,0.0,1.7462485704435933,0.0,0.0,1.0,1.0,1.0,0.0
1,270,0.8877692143221865,7.540653428434812,0.0,0.0,1.0,0.0,0.0,0.0
2,270,9.698897951059685,8.616840519724432,1.0,0.0,0.0,1.0,1.0,1.0
3,270,12.0,6.751316840373547,0.0,0.0,0.0,0.0,1.0,1.0
4,270,9.04655802752032,4.426658530805508,1.0,0.0,1.0,0.0,1.0,1.0
5,270,1.4594196311877994,4.4445990973694105,0.0,1.0,0.0,0.0,0.0,0.0
6,270,8.048300267224976,2.0387330312812577,0.0,1.0,0.0,1.0,1.0,0.0
7,270,9.623719955694137,5.577350513456527,0.0,1.0,0.0,1.0,0.0,0.0
8,270,6.090383369695461,9.956760076641782,0.0,0.0,0.0,1.0,0.0,0.0
9,270,0.0,5.436716355998041,1.0,0.0,1.0,0.0,0.0,1.0
10,270,10.879086662563566,0.0,1.0,0.0,0.0,0.0,1.0,1.0
11,270,9.621509803537702,5.655593916045189,1.0,0.0,1.0,0.0,0.0,1.0
12,270,2.382351676112298,5.608319501877656,0.0,0.0,1.0,1.0,0.0,0.0
13,270,11.848581982427069,8.031410735275262,0.0,0.0,1.0,0.0,0.0,0.0
14,270,1.210626822820534,2.961408766894213,1.0,1.0,1.0,0.0,0.0,1.0
15,270,5.938518550788601,6.7943525201347015,0.0,0.0,0.0,1.0,1.0,0.0
16,270,12.0,9.10395267415715,0.0,0.0,0.0,0.0,1.0,1.0
17,270,9.069815398792825,0.2200496643444737,0.0,0.0,0.0,0.0,1.0,1.0
18,270,3.590317488997944,9.89107783886092,0.0,1.0,0.0,0.0,0.0,1.0
19,270,11.673202580332248,7.883721946482696,0.0,1.0,0.0,0.0,1.0,0.0
0,275,0.0,1.746931026583342,0.0,0.0,1.0,1.0,1.0,0.0
1,275,0.7712957586162127,7.600276358523656,0.0,0.0,1.0,0.0,0.0,0.0
2,275,9.572190123560532,8.601831904257082,1.0,0.0,0.0,1.0,1.0,1.0
3,275,12.0,6.95333693788523,0.0,0.0,0.0,0.0,1.0,1.0
4,275,9.086182760624428,4.518247712566134,1.0,0.0,1.0,0.0,1.0,1.0
5,275,1.4616487751123033,4.441458317572783,0.0,1.0,0.0,0.0,0.0,0.0
6,275,8.116729152259994,2.006834815067387,0.0,1.0,0.0,1.0,1.0,0.0
7,275,9.787833700346908,5.653644166687289,0.0,1.0,0.0,1.0,0.0,0.0
8,275,6.08765298537467,9.958675216716012,0.0,0.0,0.0,1.0,0.0,0.0
9,275,0.0,5.514118859509958,1.0,0.0,1.0,0.0,0.0,1.0
10,275,10.87376870735743,0.0,1.0,0.0,0.0,0.0,1.0,1.0
11,275,9.725891581250789,5.542793700989736,1.0,0.0,1.0,0.0,0.0,1.0
12,275,2.229988355794515,5.598386839750086,0.0,0.0,1.0,1.0,0.0,0.0
13,275,11.95797622411239,8.11042444654838,0.0,0.0,1.0,0.0,0.0,0.0
14,275,1.2343985676438165,2.9861155077623387,1.0,1.0,1.0,0.0,0.0,1.0
15,275,5.933185864273922,6.794600713953109,0.0,0.0,0.0,1.0,1.0,0.0
16,275,12.0,9.235204090638105,0.0,0.0,0.0,0.0,1.0,1.0
17,275,9.052359055213248,0.124813870956933,0.0,0.0,0.0,0.0,1.0,1.0
18,275,3.586113747590771,9.91841270734496,0.0,1.0,0.0,0.0,0.0,1.0
19,275,11.781560604922936,7.902714664237328,0.0,1.0,0.0,0.0,1.0,0.0
0,280,0.0,1.7482785736849529,0.0,0.0,1.0,1.0,1.0,0.0
1,280,0.6514658225270071,7.661822879688661,0.0,0.0,1.0,0.0,0.0,0.0
2,280,9.446999583544493,8.58725599719439,1.0,0.0,0.0,1.0,1.0,1.0
3,280,12.0,7.135319667253988,0.0,0.0,0.0,0.0,1.0,1.0
4,280,9.131255984368789,4.627136349058636,1.0,0.0,1.0,0.0,1.0,1.0
5,280,1.4720410486389224,4.426620915806249,0.0,1.0,0.0,0.0,0.0,0.0
6,280,8.176753678205502,1.9789446808468816,0.0,1.0,0.0,1.0,1.0,0.0
7,280,9.957995696679715,5.735382042440249,0.0,1.0,0.0,1.0,0.0,0.0
8,280,6.100300296276754,9.949875216506538,0.0,0.0,0.0,1.0,0.0,0.0
9,280,0.0,5.600518359700241,1.0,0.0,1.0,0.0,0.0,1.0
10,280,10.869807022034705,0.0,1.0,0.0,0.0,0.0,1.0,1.0
11,280,9.831355759825051,5.429473899869572,1.0,0.0,1.0,0.0,0.0,1.0
12,280,2.078456631314847,5.586860815519641,0.0,0.0,1.0,1.0,0.0,0.0
13,280,12.0,8.182796134085363,0.0,0.0,1.0,0.0,0.0,0.0
14,280,1.2608271382239509,3.0134955933111827,1.0,1.0,1.0,0.0,0.0,1.0
15,280,5.92433904572559,6.7950342938795005,0.0,0.0,0.0,1.0,1.0,0.0
16,280,12.0,9.353496165471478,0.0,0.0,0.0,0.0,1.0,1.0
17,280,9.03443208468338,0.0328406418651403,0.0,0.0,0.0,0.0,1.0,1.0
18,280,3.580789527957137,9.95649648877546,0.0,1.0,0.0,0.0,0.0,1.0
19,280,11.878249055805949,7.91806864261476,0.0,1.0,0.0,0.0,1.0,0.0
0,285,0.0,1.7498105683639311,0.0,0.0,1.0,1.0,1.0,0.0
1,285,0.5255005693755328,7.728056926416293,0.0,0.0,1.0,0.0,0.0,0.0
2,285,9.32901459611147,8.572335106439706,1.0,0.0,0.0,1.0,1.0,1.0
3,285,12.0,7.304119077509815,0.0,0.0,0.0,0.0,1.0,1.0
4,285,9.182165109225958,4.745785808356744,1.0,0.0,1.0,0.0,1.0,1.0
5,285,1.4771320508764023,4.419529032205834,0.0,1.0,0.0,0.0,0.0,0.0
6,285,8.248512728431844,1.9425008390902527,0.0,1.0,0.0,1.0,1.0,0.0
7,285,10.12619702995117,5.819090755363824,0.0,1.0,0.0,1.0,0.0,0.0
8,285,6.107729644242072,9.944569923622282,0.0,0.0,0.0,1.0,0.0,0.0
9,285,0.0,5.698532553225148,1.0,0.0,1.0,0.0,0.0,1.0
10,285,10.864079783199402,0.0,1.0,0.0,0.0,0.0,1.0,1.0
11,285,9.959531388183349,5.2943793711483575,1.0,0.0,1.0,0.0,0.0,1.0
12,285,1.9437346831048343,5.578190178594266,0.0,0.0,1.0,1.0,0.0,0.0
13,285,12.0,8.255586142075455,0.0,0.0,1.0,0.0,0.0,0.0
14,285,1.2880837713222972,3.042132343228523,1.0,1.0,1.0,0.0,0.0,1.0
15,285,5.922030264103082,6.795122493928388,0.0,0.0,0.0,1.0,1.0,0.0
16,285,12.0,9.480823856666747,0.0,0.0,0.0,0.0,1.0,1.0
17,285,9.016087640606194,0.0,0.0,0.0,0.0,0.0,1.0,1.0
18,285,3.5733337877635907,10.004244410590768,0.0,1.0,0.0,0.0,0.0,1.0
19,285,11.992705861037011,7.93751443849234,0.0,1.0,0.0,0.0,1.0,0.0
0,290,0.0,1.7502761450375788,0.0,0.0,1.0,1.0,1.0,0.0
1,290,0.4142386132504928,7.784899465606077,0.0,0.0,1.0,0.0,0.0,0.0
2,290,9.203340668154103,8.55682068450282,1.0,0.0,0.0,1.0,1.0,1.0
3,290,12.0,7.483627246144884,0.0,0.0,0.0,0.0,1.0,1.0
4,290,9.226527361399985,4.856479808085641,1.0,0.0,1.0,0.0,1.0,1.0
5,290,1.4946590034584692,4.395044222632909,0.0,1.0,0.0,0.0,0.0,0.0
6,290,8.309578884593561,1.912724656323683,0.0,1.0,0.0,1.0,1.0,0.0
7,290,10.287855631539776,5.899295502445312,0.0,1.0,0.0,1.0,0.0,0.0
8,290,6.107247270055993,9.944901828901848,0.0,0.0,0.0,1.0,0.0,0.0
9,290,0.0,5.787328963967504,1.0,0.0,1.0,0.0,0.0,1.0
10,290,10.86030205135484,0.0,1.0,0.0,0.0,0.0,1.0,1.0
11,290,10.075235877078276,5.175689900672566,1.0,0.0,1.0,0.0,0.0,1.0
12,290,1.7901454894412794,5.563787724181913,0.0,0.0,1.0,1.0,0.0,0.0
13,290,12.0,8.330139371586506,0.0,0.0,1.0,0.0,0.0,0.0
14,290,1.3122056705868097,3.0679881966413065,1.0,1.0,1.0,0.0,0.0,1.0
15,290,5.924084864548512,6.7950575109412,0.0,0.0,0.0,1.0,1.0,0.0
16,290,12.0,9.33857956604045,0.0,0.0,0.0,0.0,1.0,1.0
17,290,8.998136298406802,0.0,0.0,0.0,0.0,0.0,1.0,1.0
18,290,3.5694131996973097,10.03909446471743,0.0,1.0,0.0,0.0,0.0,1.0
19,290,12.0,7.95495771249662,0.0,1.0,0.0,0.0,1.0,0.0
0,295,0.0,1.7501370468939577,0.0,0.0,1.0,1.0,1.0,0.0
1,295,0.3038502347349819,7.841918355847232,0.0,0.0,1.0,0.0,0.0,0.0
2,295,9.085968420207337,8.537996770289558,1.0,0.0,0.0,1.0,1.0,1.0
3,295,12.0,7.681776806165592,0.0,0.0,0.0,0.0,1.0,1.0
4,295,9.274338507627258,4.973844340369395,1.0,0.0,1.0,0.0,1.0,1.0
5,295,1.4772899467216285,4.420404823790807,0.0,1.0,0.0,0.0,0.0,0.0
6,295,8.369446873647918,1.883688207407919,0.0,1.0,0.0,1.0,1.0,0.0
7,295,10.461569594628996,5.978621944105451,0.0,1.0,0.0,1.0,0.0,0.0
8,295,6.097467209188458,9.951857979609285,0.0,0.0,0.0,1.0,0.0,0.0
9,295,0.0,5.883264219050368,1.0,0.0,1.0,0.0,0.0,1.0
10,295,10.857194067305516,0.0,1.0,0.0,0.0,0.0,1.0,1.0
11,295,10.19031805305085,5.0587883586268125,1.0,0.0,1.0,0.0,0.0,1.0
12,295,1.6133168542908154,5.546064545024916,0.0,0.0,1.0,1.0,0.0,0.0
13,295,12.0,8.407211668109767,0.0,0.0,1.0,0.0,0.0,0.0
14,295,1.3460525603666689,3.1038896891609107,1.0,1.0,1.0,0.0,0.0,1.0
15,295,5.9388225357349205,6.794415191480307,0.0,0.0,0.0,1.0,1.0,0.0
16,295,12.0,9.221832114253726,0.0,0.0,0.0,0.0,1.0,1.0
17,295,8.980184909663873,0.0,0.0,0.0,0.0,0.0,1.0,1.0
18,295,3.566955771427107,10.076686951642746,0.0,1.0,0.0,0.0,0.0,1.0
19,295,12.0,7.969338191617313,0.0,1.0,0.0,0.0,1.0,0.0
