0,0,0.9248234235750548,7.007891759461791,0.0,0.0,1.0,1.0,1.0,0.0
1,0,10.949182757123754,3.0041547197501384,0.0,0.0,1.0,0.0,0.0,0.0
2,0,9.956578150861423,12.0,1.0,0.0,0.0,1.0,1.0,1.0
3,0,1.974453900008829,9.057447559610848,0.0,0.0,0.0,0.0,1.0,1.0
4,0,10.01982898970756,3.06271503252798,1.0,0.0,1.0,0.0,1.0,1.0
5,0,1.0458586592905463,0.0300816478075471,0.0,1.0,0.0,0.0,0.0,0.0
6,0,5.935842139817664,7.025940771553403,0.0,1.0,0.0,1.0,1.0,0.0
7,0,2.9474404641570664,2.96806130556134,0.0,1.0,0.0,1.0,0.0,0.0
8,0,3.04527436777629,3.0443201866604737,0.0,0.0,0.0,1.0,0.0,0.0
9,0,9.027693237449911,2.9523025566163748,1.0,0.0,1.0,0.0,0.0,1.0
10,0,4.962239797934335,8.004400078435852,1.0,0.0,0.0,0.0,1.0,1.0
11,0,10.93036838799273,7.017833319632971,1.0,0.0,1.0,0.0,0.0,1.0
12,0,4.99370778239782,7.05563198986366,0.0,0.0,1.0,1.0,0.0,0.0
13,0,4.008158844529645,1.0370158108933678,0.0,0.0,1.0,0.0,0.0,0.0
14,0,6.934996910115221,6.996984692039003,1.0,1.0,1.0,0.0,0.0,1.0
15,0,12.0,7.983204436210735,0.0,0.0,0.0,1.0,1.0,0.0
16,0,7.9381513236883166,4.979070481923227,0.0,0.0,0.0,0.0,1.0,1.0
17,0,10.059612375549989,9.983464476558362,0.0,0.0,0.0,0.0,1.0,1.0
18,0,0.0,11.009604264707542,0.0,1.0,0.0,0.0,0.0,1.0
19,0,0.0614798118759886,5.956748191265184,0.0,1.0,0.0,0.0,1.0,0.0
0,5,0.8647197155037403,7.01478139107464,0.0,0.0,1.0,1.0,1.0,0.0
1,5,10.892650428514472,3.008943971080244,0.0,0.0,1.0,0.0,0.0,0.0
2,5,9.933547064949414,12.0,1.0,0.0,0.0,1.0,1.0,1.0
3,5,1.9390943032506784,9.133228317346038,0.0,0.0,0.0,0.0,1.0,1.0
4,5,10.041568743326971,3.1333101837508317,1.0,0.0,1.0,0.0,1.0,1.0
5,5,1.103767055006732,0.0692092098532126,0.0,1.0,0.0,0.0,0.0,0.0
6,5,5.87719964867534,7.051484934589357,0.0,1.0,0.0,1.0,1.0,0.0
7,5,2.9010989462410204,2.9386359425329998,0.0,1.0,0.0,1.0,0.0,0.0
8,5,3.08539556769784,3.0825062905658887,0.0,0.0,0.0,1.0,0.0,0.0
9,5,9.066233768563224,2.89141231094026,1.0,0.0,1.0,0.0,0.0,1.0
10,5,4.930934362990389,8.008218909774682,1.0,0.0,0.0,0.0,1.0,1.0
11,5,10.849232824369183,7.040928223277276,1.0,0.0,1.0,0.0,0.0,1.0
12,5,4.989551616977844,7.0881727740138265,0.0,0.0,1.0,1.0,0.0,0.0
13,5,4.013734050661378,1.0610557584887303,0.0,0.0,1.0,0.0,0.0,0.0
14,5,6.854428115041952,6.99290090431381,1.0,1.0,1.0,0.0,0.0,1.0
15,5,12.0,7.964029912991415,0.0,0.0,0.0,1.0,1.0,0.0
16,5,7.865602361797074,4.956181087947868,0.0,0.0,0.0,0.0,1.0,1.0
17,5,10.117856757297549,9.965938411538428,0.0,0.0,0.0,0.0,1.0,1.0
18,5,0.0,11.021340898948155,0.0,1.0,0.0,0.0,0.0,1.0
19,5,0.1178952235631321,5.919042344024154,0.0,1.0,0.0,0.0,1.0,0.0
0,10,0.7883046924985705,7.023753942555622,0.0,0.0,1.0,1.0,1.0,0.0
1,10,10.853970601097409,3.0123780957355626,0.0,0.0,1.0,0.0,0.0,0.0
2,10,9.881585008884178,12.0,1.0,0.0,0.0,1.0,1.0,1.0
3,10,1.899675383157185,9.21258355540141,0.0,0.0,0.0,0.0,1.0,1.0
4,10,10.057106695106896,3.184524468376185,1.0,0.0,1.0,0.0,1.0,1.0
5,10,1.140807610367091,0.0930019249414892,0.0,1.0,0.0,0.0,0.0,0.0
6,10,5.841519584859109,7.066286001721919,0.0,1.0,0.0,1.0,1.0,0.0
7,10,2.8423740890485347,2.903433455354961,0.0,1.0,0.0,1.0,0.0,0.0
8,10,3.11154721049962,3.1070961821703578,0.0,0.0,0.0,1.0,0.0,0.0
9,10,9.10998721575634,2.821768324079592,1.0,0.0,1.0,0.0,0.0,1.0
10,10,4.907323606878917,8.010862453203153,1.0,0.0,0.0,0.0,1.0,1.0
11,10,10.742451746009303,7.070112019713123,1.0,0.0,1.0,0.0,0.0,1.0
12,10,4.984435007459986,7.125166399375805,0.0,0.0,1.0,1.0,0.0,0.0
13,10,4.0173283924787295,1.076088644652596,0.0,0.0,1.0,0.0,0.0,0.0
14,10,6.7804515507933365,6.989723654469758,1.0,1.0,1.0,0.0,0.0,1.0
15,10,12.0,7.94685138650864,0.0,0.0,0.0,1.0,1.0,0.0
16,10,7.81649478241096,4.939602666457451,0.0,0.0,0.0,0.0,1.0,1.0
17,10,10.183880306845776,9.945501745836468,0.0,0.0,0.0,0.0,1.0,1.0
18,10,0.0,11.032174808507246,0.0,1.0,0.0,0.0,0.0,1.0
19,10,0.1790694843842485,5.878120538208098,0.0,1.0,0.0,0.0,1.0,0.0
0,15,0.7418945945270096,7.029502394552062,0.0,0.0,1.0,1.0,1.0,0.0
1,15,10.833813172662806,3.0137437858947598,0.0,0.0,1.0,0.0,0.0,0.0
2,15,9.836638881303996,12.0,1.0,0.0,0.0,1.0,1.0,1.0
3,15,1.844648879600273,9.315574374576316,0.0,0.0,0.0,0.0,1.0,1.0
4,15,10.076730655826696,3.24922391058139,1.0,0.0,1.0,0.0,1.0,1.0
5,15,1.1824257770380917,0.1201235482936011,0.0,1.0,0.0,0.0,0.0,0.0
6,15,5.804940894432515,7.080597485176456,0.0,1.0,0.0,1.0,1.0,0.0
7,15,2.761997093329473,2.854012039196736,0.0,1.0,0.0,1.0,0.0,0.0
8,15,3.1284458785626867,3.1224793426485937,0.0,0.0,0.0,1.0,0.0,0.0
9,15,9.160488038251865,2.744210546852041,1.0,0.0,1.0,0.0,0.0,1.0
10,15,4.905041632895771,8.01115401236831,1.0,0.0,0.0,0.0,1.0,1.0
11,15,10.633643668764975,7.098872003039752,1.0,0.0,1.0,0.0,0.0,1.0
12,15,4.980906339883224,7.14695816741641,0.0,0.0,1.0,1.0,0.0,0.0
13,15,4.020563695277678,1.0884859327929337,0.0,0.0,1.0,0.0,0.0,0.0
14,15,6.70705044169384,6.98580009319212,1.0,1.0,1.0,0.0,0.0,1.0
15,15,12.0,7.922814095510558,0.0,0.0,0.0,1.0,1.0,0.0
16,15,7.746077786536645,4.915829169256876,0.0,0.0,0.0,0.0,1.0,1.0
17,15,10.271834207478303,9.915873738884155,0.0,0.0,0.0,0.0,1.0,1.0
18,15,0.0,11.045565530968046,0.0,1.0,0.0,0.0,0.0,1.0
19,15,0.2377114553414628,5.83889642581517,0.0,1.0,0.0,0.0,1.0,0.0
0,20,0.6990648517098618,7.034271828182475,0.0,0.0,1.0,1.0,1.0,0.0
1,20,10.825562666392043,3.0144483526420105,0.0,0.0,1.0,0.0,0.0,0.0
2,20,9.801748928502429,12.0,1.0,0.0,0.0,1.0,1.0,1.0
3,20,1.9286225743876784,9.36150787502678,0.0,0.0,0.0,0.0,1.0,1.0
4,20,10.09160791297566,3.297726501629726,1.0,0.0,1.0,0.0,1.0,1.0
5,20,1.2036849165184942,0.1343195601693372,0.0,1.0,0.0,0.0,0.0,0.0
6,20,5.765199089124899,7.096151033957643,0.0,1.0,0.0,1.0,1.0,0.0
7,20,2.6613776001214777,2.793457803131719,0.0,1.0,0.0,1.0,0.0,0.0
8,20,3.1290622056972897,3.1230309447685327,0.0,0.0,0.0,1.0,0.0,0.0
9,20,9.20314861068382,2.673867155614407,1.0,0.0,1.0,0.0,0.0,1.0
10,20,4.91452712208748,8.009777084032113,1.0,0.0,0.0,0.0,1.0,1.0
11,20,10.499857505224735,7.133692750536585,1.0,0.0,1.0,0.0,0.0,1.0
12,20,4.975559700276521,7.176936782944884,0.0,0.0,1.0,1.0,0.0,0.0
13,20,4.02638752506311,1.1121482171721944,0.0,0.0,1.0,0.0,0.0,0.0
14,20,6.626518262376017,6.977321923047739,1.0,1.0,1.0,0.0,0.0,1.0
15,20,12.0,7.887108763565351,0.0,0.0,0.0,1.0,1.0,0.0
16,20,7.69257836158596,4.898292382859265,0.0,0.0,0.0,0.0,1.0,1.0
17,20,10.374399447127052,9.88069417989116,0.0,0.0,0.0,0.0,1.0,1.0
18,20,0.0,11.057944822037124,0.0,1.0,0.0,0.0,0.0,1.0
19,20,0.2953962736932253,5.799211420129763,0.0,1.0,0.0,0.0,1.0,0.0
0,25,0.6626486225936247,7.037512219883859,0.0,0.0,1.0,1.0,1.0,0.0
1,25,10.810999045396484,3.0156072576885187,0.0,0.0,1.0,0.0,0.0,0.0
2,25,9.774550535382629,12.0,1.0,0.0,0.0,1.0,1.0,1.0
3,25,2.012527457613671,9.40684834639517,0.0,0.0,0.0,0.0,1.0,1.0
4,25,10.10739074125871,3.354303346274632,1.0,0.0,1.0,0.0,1.0,1.0
5,25,1.232775505287687,0.1533435960411954,0.0,1.0,0.0,0.0,0.0,0.0
6,25,5.722586251219373,7.113013070442199,0.0,1.0,0.0,1.0,1.0,0.0
7,25,2.580232912878574,2.745779164863868,0.0,1.0,0.0,1.0,0.0,0.0
8,25,3.121119900470424,3.1158298031030505,0.0,0.0,0.0,1.0,0.0,0.0
9,25,9.242050613021318,2.610180089299562,1.0,0.0,1.0,0.0,0.0,1.0
10,25,4.885617738677717,8.014569900353484,1.0,0.0,0.0,0.0,1.0,1.0
11,25,10.348781764609845,7.174413186334337,1.0,0.0,1.0,0.0,0.0,1.0
12,25,4.968301823696292,7.222241099585374,0.0,0.0,1.0,1.0,0.0,0.0
13,25,4.028450392577535,1.1196394935831322,0.0,0.0,1.0,0.0,0.0,0.0
14,25,6.536948927964637,6.968152160251533,1.0,1.0,1.0,0.0,0.0,1.0
15,25,12.0,7.844595195083901,0.0,0.0,0.0,1.0,1.0,0.0
16,25,7.670196358699221,4.891325230876729,0.0,0.0,0.0,0.0,1.0,1.0
17,25,10.478298470512309,9.845825410700606,0.0,0.0,0.0,0.0,1.0,1.0
18,25,0.0,11.06678536267466,0.0,1.0,0.0,0.0,0.0,1.0
19,25,0.3369583518574966,5.771076944426044,0.0,1.0,0.0,0.0,1.0,0.0
0,30,0.6367662086678767,7.038804154481063,0.0,0.0,1.0,1.0,1.0,0.0
1,30,10.802564580954993,3.016266877641097,0.0,0.0,1.0,0.0,0.0,0.0
2,30,9.74844795961935,12.0,1.0,0.0,0.0,1.0,1.0,1.0
3,30,2.10946989921265,9.459647001581208,0.0,0.0,0.0,0.0,1.0,1.0
4,30,10.121190070945596,3.407586735011762,1.0,0.0,1.0,0.0,1.0,1.0
5,30,1.2558320236467702,0.1692361938196859,0.0,1.0,0.0,0.0,0.0,0.0
6,30,5.69376874159622,7.1246944917819,0.0,1.0,0.0,1.0,1.0,0.0
7,30,2.5060002987671157,2.701868619053422,0.0,1.0,0.0,1.0,0.0,0.0
8,30,3.102599824335966,3.0993585756031408,0.0,0.0,0.0,1.0,0.0,0.0
9,30,9.278603239010693,2.5475127381623297,1.0,0.0,1.0,0.0,0.0,1.0
10,30,4.858312209848331,8.01951627251279,1.0,0.0,0.0,0.0,1.0,1.0
11,30,10.190457782244716,7.217984979040117,1.0,0.0,1.0,0.0,0.0,1.0
12,30,4.9618702562500685,7.276020683607314,0.0,0.0,1.0,1.0,0.0,0.0
13,30,4.027860569108894,1.117371577233511,0.0,0.0,1.0,0.0,0.0,0.0
14,30,6.426433175170785,6.955904623345343,1.0,1.0,1.0,0.0,0.0,1.0
15,30,12.0,7.798316719129751,0.0,0.0,0.0,1.0,1.0,0.0
16,30,7.644582231253704,4.883296365686846,0.0,0.0,0.0,0.0,1.0,1.0
17,30,10.58050266659344,9.810586253730476,0.0,0.0,0.0,0.0,1.0,1.0
18,30,0.0,11.074464049417852,0.0,1.0,0.0,0.0,0.0,1.0
19,30,0.3811090295345257,5.74210207577968,0.0,1.0,0.0,0.0,1.0,0.0
0,35,0.6291700619245678,7.039064466859878,0.0,0.0,1.0,1.0,1.0,0.0
1,35,10.790720528546125,3.0172172281103884,0.0,0.0,1.0,0.0,0.0,0.0
2,35,9.720674813114028,12.0,1.0,0.0,0.0,1.0,1.0,1.0
3,35,2.22570091827287,9.52545725869948,0.0,0.0,0.0,0.0,1.0,1.0
4,35,10.139166681949671,3.4800072840617577,1.0,0.0,1.0,0.0,1.0,1.0
5,35,1.2967166033312825,0.1983123922302541,0.0,1.0,0.0,0.0,0.0,0.0
6,35,5.670441718989796,7.134615782121909,0.0,1.0,0.0,1.0,1.0,0.0
7,35,2.4464731420922496,2.6647065381211696,0.0,1.0,0.0,1.0,0.0,0.0
8,35,3.075508495698498,3.075811029554951,0.0,0.0,0.0,1.0,0.0,0.0
9,35,9.313881379889832,2.4866280390552467,1.0,0.0,1.0,0.0,0.0,1.0
10,35,4.833964006042687,8.02415895795391,1.0,0.0,0.0,0.0,1.0,1.0
11,35,10.045680413133963,7.257789233171312,1.0,0.0,1.0,0.0,0.0,1.0
12,35,4.9555742525726005,7.322480511517009,0.0,0.0,1.0,1.0,0.0,0.0
13,35,4.026860542942366,1.1135785665474396,0.0,0.0,1.0,0.0,0.0,0.0
14,35,6.30244304666913,6.938343454522112,1.0,1.0,1.0,0.0,0.0,1.0
15,35,12.0,7.76696469639085,0.0,0.0,0.0,1.0,1.0,0.0
16,35,7.619406264033103,4.875312721775246,0.0,0.0,0.0,0.0,1.0,1.0
17,35,10.68506085794852,9.773740048508335,0.0,0.0,0.0,0.0,1.0,1.0
18,35,0.0,11.076605530306605,0.0,1.0,0.0,0.0,0.0,1.0
19,35,0.389406311258805,5.736397727395767,0.0,1.0,0.0,0.0,1.0,0.0
0,40,0.6368734564154571,7.038690272220617,0.0,0.0,1.0,1.0,1.0,0.0
1,40,10.805300058560908,3.0160450484783228,0.0,0.0,1.0,0.0,0.0,0.0
2,40,9.684725768560607,12.0,1.0,0.0,0.0,1.0,1.0,1.0
3,40,2.3338541682941143,9.587542054128871,0.0,0.0,0.0,0.0,1.0,1.0
4,40,10.158163895084796,3.550098804703045,1.0,0.0,1.0,0.0,1.0,1.0
5,40,1.3284554407921696,0.2195643865455911,0.0,1.0,0.0,0.0,0.0,0.0
6,40,5.666205534720368,7.136435969293026,0.0,1.0,0.0,1.0,1.0,0.0
7,40,2.382691334247496,2.6251612762374084,0.0,1.0,0.0,1.0,0.0,0.0
8,40,3.055689639973832,3.05805246363889,0.0,0.0,0.0,1.0,0.0,0.0
9,40,9.348009235952857,2.4291423040183178,1.0,0.0,1.0,0.0,0.0,1.0
10,40,4.799291864196149,8.031842697727196,1.0,0.0,0.0,0.0,1.0,1.0
11,40,9.908968283503022,7.295526847898395,1.0,0.0,1.0,0.0,0.0,1.0
12,40,4.950758400059351,7.359506828255137,0.0,0.0,1.0,1.0,0.0,0.0
13,40,4.02511344636717,1.1062709052721305,0.0,0.0,1.0,0.0,0.0,0.0
14,40,6.178966083566015,6.923524363981054,1.0,1.0,1.0,0.0,0.0,1.0
15,40,12.0,7.740314047544227,0.0,0.0,0.0,1.0,1.0,0.0
16,40,7.596719402823104,4.867642631272976,0.0,0.0,0.0,0.0,1.0,1.0
17,40,10.78808025385976,9.738593071995346,0.0,0.0,0.0,0.0,1.0,1.0
18,40,0.0,11.078881976573424,0.0,1.0,0.0,0.0,0.0,1.0
19,40,0.3789641649373944,5.743017043819518,0.0,1.0,0.0,0.0,1.0,0.0
0,45,0.6584162289122946,7.037564358799304,0.0,0.0,1.0,1.0,1.0,0.0
1,45,10.811149845133968,3.0155469102094106,0.0,0.0,1.0,0.0,0.0,0.0
2,45,9.62357691796604,12.0,1.0,0.0,0.0,1.0,1.0,1.0
3,45,2.4259870959751573,9.643346987415844,0.0,0.0,0.0,0.0,1.0,1.0
4,45,10.179690522767729,3.6265678107306902,1.0,0.0,1.0,0.0,1.0,1.0
5,45,1.351279686965429,0.2345456181342856,0.0,1.0,0.0,0.0,0.0,0.0
6,45,5.669671689639232,7.134989568994002,0.0,1.0,0.0,1.0,1.0,0.0
7,45,2.3099639883612486,2.57933131133113,0.0,1.0,0.0,1.0,0.0,0.0
8,45,3.037351700849233,3.0421084661794344,0.0,0.0,0.0,1.0,0.0,0.0
9,45,9.380601654507815,2.3739183968592603,1.0,0.0,1.0,0.0,0.0,1.0
10,45,4.758737597307077,8.040732187973424,1.0,0.0,0.0,0.0,1.0,1.0
11,45,9.763821047132868,7.33740140589358,1.0,0.0,1.0,0.0,0.0,1.0
12,45,4.945944732657468,7.399609365730497,0.0,0.0,1.0,1.0,0.0,0.0
13,45,4.025799497305255,1.1089336324815282,0.0,0.0,1.0,0.0,0.0,0.0
14,45,6.052235597388745,6.908544194680326,1.0,1.0,1.0,0.0,0.0,1.0
15,45,11.988713467870344,7.717160016476913,0.0,0.0,0.0,1.0,1.0,0.0
16,45,7.591349952280386,4.865707496430066,0.0,0.0,0.0,0.0,1.0,1.0
17,45,10.901094931034356,9.701835039526031,0.0,0.0,0.0,0.0,1.0,1.0
18,45,0.0,11.084491952446765,0.0,1.0,0.0,0.0,0.0,1.0
19,45,0.3723286999150725,5.747121027620638,0.0,1.0,0.0,0.0,1.0,0.0
0,50,0.696537473573702,7.035499162548684,0.0,0.0,1.0,1.0,1.0,0.0
1,50,10.814105126380111,3.0153402381453285,0.0,0.0,1.0,0.0,0.0,0.0
2,50,9.576098471551362,12.0,1.0,0.0,0.0,1.0,1.0,1.0
3,50,2.5198452537653835,9.700880995101752,0.0,0.0,0.0,0.0,1.0,1.0
4,50,10.20777260370469,3.7158736672401256,1.0,0.0,1.0,0.0,1.0,1.0
5,50,1.3531488834857022,0.2358023208976146,0.0,1.0,0.0,0.0,0.0,0.0
6,50,5.655009531515672,7.140775271170896,0.0,1.0,0.0,1.0,1.0,0.0
7,50,2.2322726079832083,2.5281707267983657,0.0,1.0,0.0,1.0,0.0,0.0
8,50,3.022795420887648,3.0295667160847803,0.0,0.0,0.0,1.0,0.0,0.0
9,50,9.418897747227945,2.3065785849537166,1.0,0.0,1.0,0.0,0.0,1.0
10,50,4.718683976959407,8.050464673125605,1.0,0.0,0.0,0.0,1.0,1.0
11,50,9.610152806335671,7.37957367319048,1.0,0.0,1.0,0.0,0.0,1.0
12,50,4.940889110650785,7.43787640212104,0.0,0.0,1.0,1.0,0.0,0.0
13,50,4.026138367538496,1.1103419706403357,0.0,0.0,1.0,0.0,0.0,0.0
14,50,5.907265602703918,6.894245369978936,1.0,1.0,1.0,0.0,0.0,1.0
15,50,11.99632705294592,7.732316291755511,0.0,0.0,0.0,1.0,1.0,0.0
16,50,7.610011903687914,4.872119068762512,0.0,0.0,0.0,0.0,1.0,1.0
17,50,11.030535854232308,9.6549404515067,0.0,0.0,0.0,0.0,1.0,1.0
18,50,0.0,11.091598266947855,0.0,1.0,0.0,0.0,0.0,1.0
19,50,0.377932377773183,5.743793319956703,0.0,1.0,0.0,0.0,1.0,0.0
0,55,0.7495017872906147,7.032836530807352,0.0,0.0,1.0,1.0,1.0,0.0
1,55,10.832602825333325,3.014142739053205,0.0,0.0,1.0,0.0,0.0,0.0
2,55,9.514677486657876,12.0,1.0,0.0,0.0,1.0,1.0,1.0
3,55,2.599619470052067,9.748939763625971,0.0,0.0,0.0,0.0,1.0,1.0
4,55,10.23497057549734,3.799430297998363,1.0,0.0,1.0,0.0,1.0,1.0
5,55,1.3535788264991768,0.2360716160628909,0.0,1.0,0.0,0.0,0.0,0.0
6,55,5.636794897464839,7.148154541142419,0.0,1.0,0.0,1.0,1.0,0.0
7,55,2.1571639425991487,2.4761068170614844,0.0,1.0,0.0,1.0,0.0,0.0
8,55,3.0048058715771733,3.0135070859451,0.0,0.0,0.0,1.0,0.0,0.0
9,55,9.445594170243044,2.2605186318402657,1.0,0.0,1.0,0.0,0.0,1.0
10,55,4.68663383369711,8.057678814360255,1.0,0.0,0.0,0.0,1.0,1.0
11,55,9.471752961929868,7.418333740473684,1.0,0.0,1.0,0.0,0.0,1.0
12,55,4.935232976687231,7.488877232653298,0.0,0.0,1.0,1.0,0.0,0.0
13,55,4.022446689147426,1.0943115976840698,0.0,0.0,1.0,0.0,0.0,0.0
14,55,5.784756947428525,6.881684253558823,1.0,1.0,1.0,0.0,0.0,1.0
15,55,12.0,7.752425245063701,0.0,0.0,0.0,1.0,1.0,0.0
16,55,7.608799476889536,4.8757133293184864,0.0,0.0,0.0,0.0,1.0,1.0
17,55,11.157110709484956,9.60682493203864,0.0,0.0,0.0,0.0,1.0,1.0
18,55,0.0,11.096971075613691,0.0,1.0,0.0,0.0,0.0,1.0
19,55,0.3876692896400439,5.737645864061982,0.0,1.0,0.0,0.0,1.0,0.0
0,60,0.7813095545750863,7.030813845646978,0.0,0.0,1.0,1.0,1.0,0.0
1,60,10.850710631885368,3.012982450874793,0.0,0.0,1.0,0.0,0.0,0.0
2,60,9.438093889126048,12.0,1.0,0.0,0.0,1.0,1.0,1.0
3,60,2.6994172050517644,9.80805446800218,0.0,0.0,0.0,0.0,1.0,1.0
4,60,10.25908289630576,3.8734826322630553,1.0,0.0,1.0,0.0,1.0,1.0
5,60,1.360541514321836,0.2404283884962297,0.0,1.0,0.0,0.0,0.0,0.0
6,60,5.616950385261492,7.156015396588713,0.0,1.0,0.0,1.0,1.0,0.0
7,60,2.09171786296188,2.4316739556996194,0.0,1.0,0.0,1.0,0.0,0.0
8,60,2.9876508448189667,2.9985262883772568,0.0,0.0,0.0,1.0,0.0,0.0
9,60,9.470670012989578,2.2155597920962404,1.0,0.0,1.0,0.0,0.0,1.0
10,60,4.668042437662633,8.061061228405098,1.0,0.0,0.0,0.0,1.0,1.0
11,60,9.349954174906506,7.457876392896774,1.0,0.0,1.0,0.0,0.0,1.0
12,60,4.928904329648209,7.537422898069525,0.0,0.0,1.0,1.0,0.0,0.0
13,60,4.017728966465192,1.0725801605724552,0.0,0.0,1.0,0.0,0.0,0.0
14,60,5.66184602644318,6.866450187534447,1.0,1.0,1.0,0.0,0.0,1.0
15,60,12.0,7.764841691796274,0.0,0.0,0.0,1.0,1.0,0.0
16,60,7.607824652329076,4.878710714576518,0.0,0.0,0.0,0.0,1.0,1.0
17,60,11.307407813465211,9.54832295007271,0.0,0.0,0.0,0.0,1.0,1.0
18,60,0.0,11.10362091535406,0.0,1.0,0.0,0.0,0.0,1.0
19,60,0.3982106124250806,5.730827638828392,0.0,1.0,0.0,0.0,1.0,0.0
0,65,0.8077385719946666,7.029281917608629,0.0,0.0,1.0,1.0,1.0,0.0
1,65,10.874524884846323,3.011199829957002,0.0,0.0,1.0,0.0,0.0,0.0
2,65,9.35273786367298,12.0,1.0,0.0,0.0,1.0,1.0,1.0
3,65,2.79990222529695,9.866834359661611,0.0,0.0,0.0,0.0,1.0,1.0
4,65,10.281695074244542,3.941903521447654,1.0,0.0,1.0,0.0,1.0,1.0
5,65,1.3790455712968512,0.2513304318687711,0.0,1.0,0.0,0.0,0.0,0.0
6,65,5.603739251376325,7.161528898692804,0.0,1.0,0.0,1.0,1.0,0.0
7,65,2.01675045929883,2.383151205241503,0.0,1.0,0.0,1.0,0.0,0.0
8,65,2.965118001090272,2.978662265261647,0.0,0.0,0.0,1.0,0.0,0.0
9,65,9.49812124649046,2.166657055732488,1.0,0.0,1.0,0.0,0.0,1.0
10,65,4.630059396939264,8.068254559146672,1.0,0.0,0.0,0.0,1.0,1.0
11,65,9.230389973438452,7.499046577316124,1.0,0.0,1.0,0.0,0.0,1.0
12,65,4.924296977867081,7.567368231719852,0.0,0.0,1.0,1.0,0.0,0.0
13,65,4.013182102442843,1.0508241015371231,0.0,0.0,1.0,0.0,0.0,0.0
14,65,5.525769771560034,6.852909202795464,1.0,1.0,1.0,0.0,0.0,1.0
15,65,12.0,7.807518851160489,0.0,0.0,0.0,1.0,1.0,0.0
16,65,7.601853540240246,4.89732872435839,0.0,0.0,0.0,0.0,1.0,1.0
17,65,11.44899507448194,9.493903837183792,0.0,0.0,0.0,0.0,1.0,1.0
18,65,0.0,11.111070362993434,0.0,1.0,0.0,0.0,0.0,1.0
19,65,0.3981204412788878,5.730889795156353,0.0,1.0,0.0,0.0,1.0,0.0
0,70,0.8463754503011556,7.027115102231922,0.0,0.0,1.0,1.0,1.0,0.0
1,70,10.873940508671287,3.011233296524785,0.0,0.0,1.0,0.0,0.0,0.0
2,70,9.26873442823366,12.0,1.0,0.0,0.0,1.0,1.0,1.0
3,70,2.8822376263542537,9.91554890700584,0.0,0.0,0.0,0.0,1.0,1.0
4,70,10.311566631208732,4.033263016540019,1.0,0.0,1.0,0.0,1.0,1.0
5,70,1.4005583977047336,0.263469613317815,0.0,1.0,0.0,0.0,0.0,0.0
6,70,5.58746798844886,7.168853376178527,0.0,1.0,0.0,1.0,1.0,0.0
7,70,1.9512547443438035,2.342440209061744,0.0,1.0,0.0,1.0,0.0,0.0
8,70,2.923207550673057,2.940842541040964,0.0,0.0,0.0,1.0,0.0,0.0
9,70,9.524801896729024,2.118061758962827,1.0,0.0,1.0,0.0,0.0,1.0
10,70,4.601365996516323,8.07289103096919,1.0,0.0,0.0,0.0,1.0,1.0
11,70,9.109855746687115,7.539410264803256,1.0,0.0,1.0,0.0,0.0,1.0
12,70,4.92023184034744,7.59756992259546,0.0,0.0,1.0,1.0,0.0,0.0
13,70,4.006238276454904,1.0199659589162022,0.0,0.0,1.0,0.0,0.0,0.0
14,70,5.3725290189748,6.836627040807038,1.0,1.0,1.0,0.0,0.0,1.0
15,70,12.0,7.860160612704567,0.0,0.0,0.0,1.0,1.0,0.0
16,70,7.590815124589373,4.932875749995125,0.0,0.0,0.0,0.0,1.0,1.0
17,70,11.586421876971908,9.442974073527251,0.0,0.0,0.0,0.0,1.0,1.0
18,70,0.0,11.117488523681684,0.0,1.0,0.0,0.0,0.0,1.0
19,70,0.3850523574400605,5.739976438257361,0.0,1.0,0.0,0.0,1.0,0.0
0,75,0.8924769764492041,7.024336433670228,0.0,0.0,1.0,1.0,1.0,0.0
1,75,10.856586974356892,3.0125402670737773,0.0,0.0,1.0,0.0,0.0,0.0
2,75,9.184599154273805,12.0,1.0,0.0,0.0,1.0,1.0,1.0
3,75,2.9703684955446503,9.96815664720433,0.0,0.0,0.0,0.0,1.0,1.0
4,75,10.34422553093994,4.126470669388611,1.0,0.0,1.0,0.0,1.0,1.0
5,75,1.4047026890757306,0.265796947069486,0.0,1.0,0.0,0.0,0.0,0.0
6,75,5.572418315078103,7.175358817984064,0.0,1.0,0.0,1.0,1.0,0.0
7,75,1.8655588955759024,2.28754372200209,0.0,1.0,0.0,1.0,0.0,0.0
8,75,2.88691101926146,2.9080339017503145,0.0,0.0,0.0,1.0,0.0,0.0
9,75,9.560773554972954,2.051047673645246,1.0,0.0,1.0,0.0,0.0,1.0
10,75,4.572621959759367,8.078804662377776,1.0,0.0,0.0,0.0,1.0,1.0
11,75,8.991531806048418,7.58276986507811,1.0,0.0,1.0,0.0,0.0,1.0
12,75,4.875108863522575,7.59040660630407,0.0,0.0,1.0,1.0,0.0,0.0
13,75,4.002056634908155,1.0013862728614649,0.0,0.0,1.0,0.0,0.0,0.0
14,75,5.218378084699663,6.820684925115151,1.0,1.0,1.0,0.0,0.0,1.0
15,75,12.0,7.918812612758262,0.0,0.0,0.0,1.0,1.0,0.0
16,75,7.586731060878656,4.945631345003469,0.0,0.0,0.0,0.0,1.0,1.0
17,75,11.538486950616813,9.318407445496335,0.0,0.0,0.0,0.0,1.0,1.0
18,75,0.0,11.126686058272618,0.0,1.0,0.0,0.0,0.0,1.0
19,75,0.3821715890885922,5.741874067442618,0.0,1.0,0.0,0.0,1.0,0.0
0,80,0.924267990980007,7.021835035740409,0.0,0.0,1.0,1.0,1.0,0.0
1,80,10.822642973843088,3.01545011025601,0.0,0.0,1.0,0.0,0.0,0.0
2,80,9.10546899951848,12.0,1.0,0.0,0.0,1.0,1.0,1.0
3,80,3.068617234750349,10.028154690871483,0.0,0.0,0.0,0.0,1.0,1.0
4,80,10.377681716847656,4.228928212706948,1.0,0.0,1.0,0.0,1.0,1.0
5,80,1.3875557022966354,0.2939340584254334,0.0,1.0,0.0,0.0,0.0,0.0
6,80,5.555774069684248,7.182444975004809,0.0,1.0,0.0,1.0,1.0,0.0
7,80,1.7671466611476834,2.2227916229690754,0.0,1.0,0.0,1.0,0.0,0.0
8,80,2.8584851072889936,2.882196460394274,0.0,0.0,0.0,1.0,0.0,0.0
9,80,9.59596526552296,1.9829502260346008,1.0,0.0,1.0,0.0,0.0,1.0
10,80,4.547554558788514,8.084403467858401,1.0,0.0,0.0,0.0,1.0,1.0
11,80,8.857116073246926,7.6355690045613,1.0,0.0,1.0,0.0,0.0,1.0
12,80,4.8366202642258935,7.5842094069536,0.0,0.0,1.0,1.0,0.0,0.0
13,80,3.99627116219201,0.9767278623886164,0.0,0.0,1.0,0.0,0.0,0.0
14,80,5.049205794192247,6.801346997827761,1.0,1.0,1.0,0.0,0.0,1.0
15,80,12.0,8.000178793387699,0.0,0.0,0.0,1.0,1.0,0.0
16,80,7.5798105750953715,4.9663540498542496,0.0,0.0,0.0,0.0,1.0,1.0
17,80,11.492006350627076,9.20431439094136,0.0,0.0,0.0,0.0,1.0,1.0
18,80,0.0,11.133204886031242,0.0,1.0,0.0,0.0,0.0,1.0
19,80,0.3788708292672174,5.743939083885122,0.0,1.0,0.0,0.0,1.0,0.0
0,85,0.962806026398007,7.019886489077513,0.0,0.0,1.0,1.0,1.0,0.0
1,85,10.788294924760956,3.019219692943263,0.0,0.0,1.0,0.0,0.0,0.0
2,85,9.039391132925342,12.0,1.0,0.0,0.0,1.0,1.0,1.0
3,85,3.1520338331132947,10.080665972775144,0.0,0.0,0.0,0.0,1.0,1.0
4,85,10.402745228491764,4.308359132876251,1.0,0.0,1.0,0.0,1.0,1.0
5,85,1.3694384554031889,0.3229519379347387,0.0,1.0,0.0,0.0,0.0,0.0
6,85,5.542732733232088,7.188106256438028,0.0,1.0,0.0,1.0,1.0,0.0
7,85,1.6837950388449308,2.1677499251373726,0.0,1.0,0.0,1.0,0.0,0.0
8,85,2.8263885376091222,2.8544280620057503,0.0,0.0,0.0,1.0,0.0,0.0
9,85,9.636720534561343,1.8975328867088064,1.0,0.0,1.0,0.0,0.0,1.0
10,85,4.548516720728675,8.08418096541888,1.0,0.0,0.0,0.0,1.0,1.0
11,85,8.738014823793934,7.679477289490159,1.0,0.0,1.0,0.0,0.0,1.0
12,85,4.826253372810446,7.651657822705306,0.0,0.0,1.0,1.0,0.0,0.0
13,85,3.99368507365536,0.965369538285405,0.0,0.0,1.0,0.0,0.0,0.0
14,85,4.886683199382722,6.7805087802794,1.0,1.0,1.0,0.0,0.0,1.0
15,85,12.0,8.07676548462261,0.0,0.0,0.0,1.0,1.0,0.0
16,85,7.566577211727622,5.005036862848311,0.0,0.0,0.0,0.0,1.0,1.0
17,85,11.45446685881736,9.114279879783355,0.0,0.0,0.0,0.0,1.0,1.0
18,85,0.0,11.140304924143464,0.0,1.0,0.0,0.0,0.0,1.0
19,85,0.3799982239636992,5.743243485358853,0.0,1.0,0.0,0.0,1.0,0.0
0,90,1.032113718749261,7.016992255366964,0.0,0.0,1.0,1.0,1.0,0.0
1,90,10.794175057977975,3.018568295788763,0.0,0.0,1.0,0.0,0.0,0.0
2,90,8.988081000138498,12.0,1.0,0.0,0.0,1.0,1.0,1.0
3,90,3.240982600616362,10.141074029552282,0.0,0.0,0.0,0.0,1.0,1.0
4,90,10.42525865314018,4.379022429130132,1.0,0.0,1.0,0.0,1.0,1.0
5,90,1.348276245461056,0.3579963306130039,0.0,1.0,0.0,0.0,0.0,0.0
6,90,5.540468710274229,7.189057643655393,0.0,1.0,0.0,1.0,1.0,0.0
7,90,1.5857860577483345,2.1049051611498366,0.0,1.0,0.0,1.0,0.0,0.0
8,90,2.7806380194190026,2.8124799709142323,0.0,0.0,0.0,1.0,0.0,0.0
9,90,9.68197460710692,1.8056180107443487,1.0,0.0,1.0,0.0,0.0,1.0
10,90,4.536419933315606,8.087020382271177,1.0,0.0,0.0,0.0,1.0,1.0
11,90,8.639605930990212,7.711480137566354,1.0,0.0,1.0,0.0,0.0,1.0
12,90,4.817470431767019,7.712609463596774,0.0,0.0,1.0,1.0,0.0,0.0
13,90,3.992735111872645,0.9613178309593234,0.0,0.0,1.0,0.0,0.0,0.0
14,90,4.734623436985505,6.7611104222840686,1.0,1.0,1.0,0.0,0.0,1.0
15,90,12.0,8.122786555707826,0.0,0.0,0.0,1.0,1.0,0.0
16,90,7.554256536594813,5.04156444022796,0.0,0.0,0.0,0.0,1.0,1.0
17,90,11.400849725242132,8.986106164682854,0.0,0.0,0.0,0.0,1.0,1.0
18,90,0.0,11.149561470226176,0.0,1.0,0.0,0.0,0.0,1.0
19,90,0.4020815355043629,5.72943807460505,0.0,1.0,0.0,0.0,1.0,0.0
0,95,1.0977853075423225,7.01436133056155,0.0,0.0,1.0,1.0,1.0,0.0
1,95,10.790020148574207,3.0189295252580437,0.0,0.0,1.0,0.0,0.0,0.0
2,95,8.941077724401568,12.0,1.0,0.0,0.0,1.0,1.0,1.0
3,95,3.328696225530367,10.200000681046266,0.0,0.0,0.0,0.0,1.0,1.0
4,95,10.44173046377112,4.434798530799475,1.0,0.0,1.0,0.0,1.0,1.0
5,95,1.333473174520313,0.3805436346290232,0.0,1.0,0.0,0.0,0.0,0.0
6,95,5.560122553895298,7.181089819608669,0.0,1.0,0.0,1.0,1.0,0.0
7,95,1.481880283690846,2.0371610649521914,0.0,1.0,0.0,1.0,0.0,0.0
8,95,2.733131029774631,2.767380294725234,0.0,0.0,0.0,1.0,0.0,0.0
9,95,9.72812873930866,1.7127723736080325,1.0,0.0,1.0,0.0,0.0,1.0
10,95,4.525811763872724,8.0896655567048,1.0,0.0,0.0,0.0,1.0,1.0
11,95,8.558603523024747,7.739510865076478,1.0,0.0,1.0,0.0,0.0,1.0
12,95,4.808312845614198,7.7728048769876,0.0,0.0,1.0,1.0,0.0,0.0
13,95,3.994157603108466,0.9678289596857282,0.0,0.0,1.0,0.0,0.0,0.0
14,95,4.596556199534304,6.738464687428575,1.0,1.0,1.0,0.0,0.0,1.0
15,95,12.0,8.160544901774225,0.0,0.0,0.0,1.0,1.0,0.0
16,95,7.542976442402457,5.075492977585773,0.0,0.0,0.0,0.0,1.0,1.0
17,95,11.34459319011846,8.855619787355748,0.0,0.0,0.0,0.0,1.0,1.0
18,95,0.0084553947835571,11.185236531763609,0.0,1.0,0.0,0.0,0.0,1.0
19,95,0.4321037183786679,5.7115974546561015,0.0,1.0,0.0,0.0,1.0,0.0
0,100,1.1749329186521054,7.010302788208039,0.0,0.0,1.0,1.0,1.0,0.0
1,100,10.771358784876702,3.0203787633248416,0.0,0.0,1.0,0.0,0.0,0.0
2,100,8.912395209420428,12.0,1.0,0.0,0.0,1.0,1.0,1.0
3,100,3.4094883320263385,10.250589423349089,0.0,0.0,0.0,0.0,1.0,1.0
4,100,10.4583256646229,4.49594986489765,1.0,0.0,1.0,0.0,1.0,1.0
5,100,1.3311557952361246,0.383969766659112,0.0,1.0,0.0,0.0,0.0,0.0
6,100,5.583169760693234,7.17162141624772,0.0,1.0,0.0,1.0,1.0,0.0
7,100,1.3900439984341475,1.9767993438837088,0.0,1.0,0.0,1.0,0.0,0.0
8,100,2.6751811564165604,2.709399781452581,0.0,0.0,0.0,1.0,0.0,0.0
9,100,9.771609557173257,1.6235683782742618,1.0,0.0,1.0,0.0,0.0,1.0
10,100,4.524700159277029,8.089970807453577,1.0,0.0,0.0,0.0,1.0,1.0
11,100,8.531160059493516,7.651806724691742,1.0,0.0,1.0,0.0,0.0,1.0
12,100,4.799412330766291,7.837413249685551,0.0,0.0,1.0,1.0,0.0,0.0
13,100,3.9949504738812585,0.9711818149106328,0.0,0.0,1.0,0.0,0.0,0.0
14,100,4.475604007574403,6.716621997090079,1.0,1.0,1.0,0.0,0.0,1.0
15,100,12.0,8.204726426273279,0.0,0.0,0.0,1.0,1.0,0.0
16,100,7.53865060612597,5.08889800630876,0.0,0.0,0.0,0.0,1.0,1.0
17,100,11.288332947087929,8.72869904721,0.0,0.0,0.0,0.0,1.0,1.0
18,100,0.0143003517205653,11.211742037547827,0.0,1.0,0.0,0.0,0.0,1.0
19,100,0.4654951593055685,5.690719304214937,0.0,1.0,0.0,0.0,1.0,0.0
0,105,1.2530823282270926,7.0077221879183496,0.0,0.0,1.0,1.0,1.0,0.0
1,105,10.783528223684227,3.019320355212912,0.0,0.0,1.0,0.0,0.0,0.0
2,105,8.873551355627242,12.0,1.0,0.0,0.0,1.0,1.0,1.0
3,105,3.4861811712577704,10.29793389322983,0.0,0.0,0.0,0.0,1.0,1.0
4,105,10.47389636068618,4.5491266062417965,1.0,0.0,1.0,0.0,1.0,1.0
5,105,1.330962418826685,0.3842723562408903,0.0,1.0,0.0,0.0,0.0,0.0
6,105,5.62026388810904,7.154961998429281,0.0,1.0,0.0,1.0,1.0,0.0
7,105,1.297229979107696,1.9181749671931336,0.0,1.0,0.0,1.0,0.0,0.0
8,105,2.621563111683881,2.655977078139422,0.0,0.0,0.0,1.0,0.0,0.0
9,105,9.816955833279785,1.5305563188481344,1.0,0.0,1.0,0.0,0.0,1.0
10,105,4.528713482195919,8.088880577642366,1.0,0.0,0.0,0.0,1.0,1.0
11,105,8.500931171937276,7.553318839886205,1.0,0.0,1.0,0.0,0.0,1.0
12,105,4.792147034530565,7.892384785608371,0.0,0.0,1.0,1.0,0.0,0.0
13,105,3.991462029986006,0.955624255719388,0.0,0.0,1.0,0.0,0.0,0.0
14,105,4.356115395075661,6.693696301231937,1.0,1.0,1.0,0.0,0.0,1.0
15,105,12.0,8.27755651148161,0.0,0.0,0.0,1.0,1.0,0.0
16,105,7.528938981160583,5.118793251559168,0.0,0.0,0.0,0.0,1.0,1.0
17,105,11.2189463645521,8.579174561605809,0.0,0.0,0.0,0.0,1.0,1.0
18,105,0.016948900207971,11.223776949862131,0.0,1.0,0.0,0.0,0.0,1.0
19,105,0.5052003153237832,5.667156948166213,0.0,1.0,0.0,0.0,1.0,0.0
0,110,1.3212796267351248,7.006272652603304,0.0,0.0,1.0,1.0,1.0,0.0
1,110,10.795155027443355,3.018202289110373,0.0,0.0,1.0,0.0,0.0,0.0
2,110,8.822856752090836,12.0,1.0,0.0,0.0,1.0,1.0,1.0
3,110,3.574771734222551,10.353779509216697,0.0,0.0,0.0,0.0,1.0,1.0
4,110,10.48973870872602,4.602572349906165,1.0,0.0,1.0,0.0,1.0,1.0
5,110,1.332023427578183,0.3826689326486234,0.0,1.0,0.0,0.0,0.0,0.0
6,110,5.6671786777485735,7.133248721930936,0.0,1.0,0.0,1.0,1.0,0.0
7,110,1.1918552099188084,1.8484881137782685,0.0,1.0,0.0,1.0,0.0,0.0
8,110,2.585280284617799,2.618884434552172,0.0,0.0,0.0,1.0,0.0,0.0
9,110,9.86585717568948,1.4319035089243273,1.0,0.0,1.0,0.0,0.0,1.0
10,110,4.544583202985711,8.084723564974723,1.0,0.0,0.0,0.0,1.0,1.0
11,110,8.469863198029207,7.4387465058388305,1.0,0.0,1.0,0.0,0.0,1.0
12,110,4.788088502395836,7.925423132256214,0.0,0.0,1.0,1.0,0.0,0.0
13,110,3.9877460836323335,0.938772421814674,0.0,0.0,1.0,0.0,0.0,0.0
14,110,4.234393301001277,6.671524415575295,1.0,1.0,1.0,0.0,0.0,1.0
15,110,12.0,8.356200411335074,0.0,0.0,0.0,1.0,1.0,0.0
16,110,7.523802537662437,5.136660262514545,0.0,0.0,0.0,0.0,1.0,1.0
17,110,11.147762572593091,8.423443609224567,0.0,0.0,0.0,0.0,1.0,1.0
18,110,0.0282875637127138,11.271057016144852,0.0,1.0,0.0,0.0,0.0,1.0
19,110,0.5524274008305294,5.640863978122159,0.0,1.0,0.0,0.0,1.0,0.0
0,115,1.3972901436565346,7.003542882461496,0.0,0.0,1.0,1.0,1.0,0.0
1,115,10.8250163213479,3.0147584228345194,0.0,0.0,1.0,0.0,0.0,0.0
2,115,8.780570094659744,12.0,1.0,0.0,0.0,1.0,1.0,1.0
3,115,3.674763946453428,10.416436614296272,0.0,0.0,0.0,0.0,1.0,1.0
4,115,10.5038616964096,4.649665508259681,1.0,0.0,1.0,0.0,1.0,1.0
5,115,1.3400805279179036,0.3703484465535269,0.0,1.0,0.0,0.0,0.0,0.0
6,115,5.728982214040404,7.104016246122102,0.0,1.0,0.0,1.0,1.0,0.0
7,115,1.1011704566176066,1.7869189362801692,0.0,1.0,0.0,1.0,0.0,0.0
8,115,2.552491889160363,2.585998571332407,0.0,0.0,0.0,1.0,0.0,0.0
9,115,9.910682218892624,1.3385226054620811,1.0,0.0,1.0,0.0,0.0,1.0
10,115,4.561527447109095,8.080202624268427,1.0,0.0,0.0,0.0,1.0,1.0
11,115,8.43984848831335,7.331274852027152,1.0,0.0,1.0,0.0,0.0,1.0
12,115,4.785370030197825,7.949668308154075,0.0,0.0,1.0,1.0,0.0,0.0
13,115,3.98590009870331,0.930132498753844,0.0,0.0,1.0,0.0,0.0,0.0
14,115,4.111719805977764,6.646231729832298,1.0,1.0,1.0,0.0,0.0,1.0
15,115,12.0,8.427259561488786,0.0,0.0,0.0,1.0,1.0,0.0
16,115,7.515408901848019,5.164524165511783,0.0,0.0,0.0,0.0,1.0,1.0
17,115,11.079253470840142,8.266661273763964,0.0,0.0,0.0,0.0,1.0,1.0
18,115,0.0386021169655244,11.314009789130754,0.0,1.0,0.0,0.0,0.0,1.0
19,115,0.6138039213430391,5.607451446724835,0.0,1.0,0.0,0.0,1.0,0.0
0,120,1.4670224038783235,7.001770573354318,0.0,0.0,1.0,1.0,1.0,0.0
1,120,10.841688038841427,3.0132055403763007,0.0,0.0,1.0,0.0,0.0,0.0
2,120,8.714418811356504,12.0,1.0,0.0,0.0,1.0,1.0,1.0
3,120,3.7620099882497295,10.4722282533259,0.0,0.0,0.0,0.0,1.0,1.0
4,120,10.51865919215954,4.701730624302779,1.0,0.0,1.0,0.0,1.0,1.0
5,120,1.3542773599018412,0.3497286478337924,0.0,1.0,0.0,0.0,0.0,0.0
6,120,5.768361080592531,7.085594240608333,0.0,1.0,0.0,1.0,1.0,0.0
7,120,0.9941491257192316,1.713411129777327,0.0,1.0,0.0,1.0,0.0,0.0
8,120,2.509801817117073,2.5436457200785183,0.0,0.0,0.0,1.0,0.0,0.0
9,120,9.956311287952865,1.2404780458642315,1.0,0.0,1.0,0.0,0.0,1.0
10,120,4.554865305991382,8.081740870596708,1.0,0.0,0.0,0.0,1.0,1.0
11,120,8.410009968005053,7.21522692179727,1.0,0.0,1.0,0.0,0.0,1.0
12,120,4.78189163478639,7.9796924999399135,0.0,0.0,1.0,1.0,0.0,0.0
13,120,3.983754650034972,0.9197090118815862,0.0,0.0,1.0,0.0,0.0,0.0
14,120,3.98935177682725,6.621530408209434,1.0,1.0,1.0,0.0,0.0,1.0
15,120,12.0,8.498484132616742,0.0,0.0,0.0,1.0,1.0,0.0
16,120,7.502276740398001,5.205996912720842,0.0,0.0,0.0,0.0,1.0,1.0
17,120,11.012393817178584,8.116093617048346,0.0,0.0,0.0,0.0,1.0,1.0
18,120,0.0516177640996155,11.369758269528342,0.0,1.0,0.0,0.0,0.0,1.0
19,120,0.6446186506502318,5.591498855373871,0.0,1.0,0.0,0.0,1.0,0.0
0,125,1.548858784747359,6.998070099053128,0.0,0.0,1.0,1.0,1.0,0.0
1,125,10.887200688813898,3.0090934107426888,0.0,0.0,1.0,0.0,0.0,0.0
2,125,8.645436685927226,12.0,1.0,0.0,0.0,1.0,1.0,1.0
3,125,3.8515075235064025,10.531929019242066,0.0,0.0,0.0,0.0,1.0,1.0
4,125,10.53048104242072,4.74283471850748,1.0,0.0,1.0,0.0,1.0,1.0
5,125,1.3717023808952211,0.3252782579672996,0.0,1.0,0.0,0.0,0.0,0.0
6,125,5.817092611550403,7.063283928815406,0.0,1.0,0.0,1.0,1.0,0.0
7,125,0.9126352212111256,1.6536673318344188,0.0,1.0,0.0,1.0,0.0,0.0
8,125,2.466019882319687,2.5006233124081234,0.0,0.0,0.0,1.0,0.0,0.0
9,125,10.005146078925618,1.1328095242827012,1.0,0.0,1.0,0.0,0.0,1.0
10,125,4.563306877520534,8.079810841173472,1.0,0.0,0.0,0.0,1.0,1.0
11,125,8.373635927963232,7.0732637299168015,1.0,0.0,1.0,0.0,0.0,1.0
12,125,4.777992097460261,8.006958552874405,0.0,0.0,1.0,1.0,0.0,0.0
13,125,3.982668085041193,0.9144755195940986,0.0,0.0,1.0,0.0,0.0,0.0
14,125,3.856282786096817,6.59669324725443,1.0,1.0,1.0,0.0,0.0,1.0
15,125,12.0,8.591382351096279,0.0,0.0,0.0,1.0,1.0,0.0
16,125,7.490836043761412,5.245551761021717,0.0,0.0,0.0,0.0,1.0,1.0
17,125,10.954552230320186,7.986258028440266,0.0,0.0,0.0,0.0,1.0,1.0
18,125,0.0638014012306642,11.415007703169689,0.0,1.0,0.0,0.0,0.0,1.0
19,125,0.6598379421894026,5.583833026198974,0.0,1.0,0.0,0.0,1.0,0.0
0,130,1.632333285567867,6.993068752147331,0.0,0.0,1.0,1.0,1.0,0.0
1,130,10.932137078137886,3.0055059911665643,0.0,0.0,1.0,0.0,0.0,0.0
2,130,8.575775246410046,12.0,1.0,0.0,0.0,1.0,1.0,1.0
3,130,3.930232451933732,10.582281851857552,0.0,0.0,0.0,0.0,1.0,1.0
4,130,10.539674647479012,4.774918568147206,1.0,0.0,1.0,0.0,1.0,1.0
5,130,1.3890136436784035,0.3020938737076373,0.0,1.0,0.0,0.0,0.0,0.0
6,130,5.884535665703169,7.032349356799758,0.0,1.0,0.0,1.0,1.0,0.0
7,130,0.8542052017660522,1.6128721679014282,0.0,1.0,0.0,1.0,0.0,0.0
8,130,2.431595183632038,2.4665992053374257,0.0,0.0,0.0,1.0,0.0,0.0
9,130,10.055916201152414,1.0246418252509368,1.0,0.0,1.0,0.0,0.0,1.0
10,130,4.579813926056524,8.075813458238729,1.0,0.0,0.0,0.0,1.0,1.0
11,130,8.336075483928333,6.928759994781738,1.0,0.0,1.0,0.0,0.0,1.0
12,130,4.775120679832475,8.029640774427211,0.0,0.0,1.0,1.0,0.0,0.0
13,130,3.982999327297436,0.9160343529986708,0.0,0.0,1.0,0.0,0.0,0.0
14,130,3.7251519563770152,6.571165796345447,1.0,1.0,1.0,0.0,0.0,1.0
15,130,12.0,8.672333499274652,0.0,0.0,0.0,1.0,1.0,0.0
16,130,7.478509358253287,5.28894886119765,0.0,0.0,0.0,0.0,1.0,1.0
17,130,10.89990770523204,7.863812477415173,0.0,0.0,0.0,0.0,1.0,1.0
18,130,0.0769170123492847,11.46676989519374,0.0,1.0,0.0,0.0,0.0,1.0
19,130,0.6726520657015771,5.5773849188332925,0.0,1.0,0.0,0.0,1.0,0.0
0,135,1.716360070704441,6.986305055285521,0.0,0.0,1.0,1.0,1.0,0.0
1,135,10.97399867095105,3.002911009949278,0.0,0.0,1.0,0.0,0.0,0.0
2,135,8.504499955657487,12.0,1.0,0.0,0.0,1.0,1.0,1.0
3,135,4.001837629001198,10.629471837486838,0.0,0.0,0.0,0.0,1.0,1.0
4,135,10.55063040233834,4.806752532620516,1.0,0.0,1.0,0.0,1.0,1.0
5,135,1.4090268767452876,0.275288610745116,0.0,1.0,0.0,0.0,0.0,0.0
6,135,5.951767213810991,7.000821164775825,0.0,1.0,0.0,1.0,1.0,0.0
7,135,0.7942638644569429,1.5729093132657133,0.0,1.0,0.0,1.0,0.0,0.0
8,135,2.4133831164125272,2.4490111292212573,0.0,0.0,0.0,1.0,0.0,0.0
9,135,10.115638150850828,0.9131298365996698,1.0,0.0,1.0,0.0,0.0,1.0
10,135,4.592545924925359,8.072903961376527,1.0,0.0,0.0,0.0,1.0,1.0
11,135,8.296992977369126,6.780714524032896,1.0,0.0,1.0,0.0,0.0,1.0
12,135,4.7741735369123495,8.037429399621882,0.0,0.0,1.0,1.0,0.0,0.0
13,135,3.983355842137197,0.9176391931687486,0.0,0.0,1.0,0.0,0.0,0.0
14,135,3.5952585301912863,6.550628518596561,1.0,1.0,1.0,0.0,0.0,1.0
15,135,12.0,8.73809889760354,0.0,0.0,0.0,1.0,1.0,0.0
16,135,7.462205406541779,5.3393185249481245,0.0,0.0,0.0,0.0,1.0,1.0
17,135,10.851289405248002,7.749482943441211,0.0,0.0,0.0,0.0,1.0,1.0
18,135,0.0904787390772906,11.520576330679395,0.0,1.0,0.0,0.0,0.0,1.0
19,135,0.6900295048260751,5.568612692804704,0.0,1.0,0.0,0.0,1.0,0.0
0,140,1.8029813379392745,6.982116081213088,0.0,0.0,1.0,1.0,1.0,0.0
1,140,11.027497883859056,2.997620994765136,0.0,0.0,1.0,0.0,0.0,0.0
2,140,8.448990314551855,12.0,1.0,0.0,0.0,1.0,1.0,1.0
3,140,4.069135536332235,10.67652762421062,0.0,0.0,0.0,0.0,1.0,1.0
4,140,10.563889714926743,4.847093544864591,1.0,0.0,1.0,0.0,1.0,1.0
5,140,1.4272921251795214,0.2501914989736852,0.0,1.0,0.0,0.0,0.0,0.0
6,140,6.012972130316001,6.973637013032167,0.0,1.0,0.0,1.0,1.0,0.0
7,140,0.7321952216503702,1.6667612782504595,0.0,1.0,0.0,1.0,0.0,0.0
8,140,2.3752155308857428,2.4123533206390158,0.0,0.0,0.0,1.0,0.0,0.0
9,140,10.174009462219638,0.7980482666287382,1.0,0.0,1.0,0.0,0.0,1.0
10,140,4.585063385333758,8.074720615666653,1.0,0.0,0.0,0.0,1.0,1.0
11,140,8.265157109824475,6.646563318801212,1.0,0.0,1.0,0.0,0.0,1.0
12,140,4.772777523124183,8.05293942808716,0.0,0.0,1.0,1.0,0.0,0.0
13,140,3.978931645901691,0.8959839075399094,0.0,0.0,1.0,0.0,0.0,0.0
14,140,3.482400466973075,6.5329305766161285,1.0,1.0,1.0,0.0,0.0,1.0
15,140,12.0,8.801863196167174,0.0,0.0,0.0,1.0,1.0,0.0
16,140,7.448037675292989,5.381638848511246,0.0,0.0,0.0,0.0,1.0,1.0
17,140,10.79875094242966,7.622090525866568,0.0,0.0,0.0,0.0,1.0,1.0
18,140,0.1271417144406737,11.51106987985134,0.0,1.0,0.0,0.0,0.0,1.0
19,140,0.7045137311917428,5.561317828473366,0.0,1.0,0.0,0.0,1.0,0.0
0,145,1.8936615593535109,6.977931806694702,0.0,0.0,1.0,1.0,1.0,0.0
1,145,11.059813188609647,2.9936702582437245,0.0,0.0,1.0,0.0,0.0,0.0
2,145,8.396528280878902,12.0,1.0,0.0,0.0,1.0,1.0,1.0
3,145,4.155971263060458,10.73596822455907,0.0,0.0,0.0,0.0,1.0,1.0
4,145,10.575576618584288,4.884161629055548,1.0,0.0,1.0,0.0,1.0,1.0
5,145,1.4523443262761544,0.2160067819816847,0.0,1.0,0.0,0.0,0.0,0.0
6,145,6.081500997359106,6.945542777654205,0.0,1.0,0.0,1.0,1.0,0.0
7,145,0.6621447678958936,1.7728601703659672,0.0,1.0,0.0,1.0,0.0,0.0
8,145,2.3411311676754805,2.377306207331407,0.0,0.0,0.0,1.0,0.0,0.0
9,145,10.23870061009207,0.6705958193277839,1.0,0.0,1.0,0.0,0.0,1.0
10,145,4.564586891593313,8.080157441662935,1.0,0.0,0.0,0.0,1.0,1.0
11,145,8.236630803946289,6.529891184491855,1.0,0.0,1.0,0.0,0.0,1.0
12,145,4.768142835695524,8.091514474441336,0.0,0.0,1.0,1.0,0.0,0.0
13,145,3.978371443676931,0.8933395814678058,0.0,0.0,1.0,0.0,0.0,0.0
14,145,3.364296964944297,6.514603632597728,1.0,1.0,1.0,0.0,0.0,1.0
15,145,12.0,8.874071425017814,0.0,0.0,0.0,1.0,1.0,0.0
16,145,7.436843257516615,5.412916044957972,0.0,0.0,0.0,0.0,1.0,1.0
17,145,10.736521395966957,7.483646683529646,0.0,0.0,0.0,0.0,1.0,1.0
18,145,0.1903605836164229,11.493996362814366,0.0,1.0,0.0,0.0,0.0,1.0
19,145,0.7098924184948557,5.55862527511311,0.0,1.0,0.0,0.0,1.0,0.0
0,150,1.982519011644905,6.974446249705546,0.0,0.0,1.0,1.0,1.0,0.0
1,150,11.097158457988876,2.988354704119107,0.0,0.0,1.0,0.0,0.0,0.0
2,150,8.426181896931983,12.0,1.0,0.0,0.0,1.0,1.0,1.0
3,150,4.2404948416080135,10.795547161316124,0.0,0.0,0.0,0.0,1.0,1.0
4,150,10.58872492901948,4.925995756427403,1.0,0.0,1.0,0.0,1.0,1.0
5,150,1.4776793549441694,0.1800657606072365,0.0,1.0,0.0,0.0,0.0,0.0
6,150,6.155637033110769,6.915921297374209,0.0,1.0,0.0,1.0,1.0,0.0
7,150,0.591904399999151,1.878939340821732,0.0,1.0,0.0,1.0,0.0,0.0
8,150,2.3097769323023742,2.343359839964039,0.0,0.0,0.0,1.0,0.0,0.0
9,150,10.297278949125056,0.5613659851719323,1.0,0.0,1.0,0.0,0.0,1.0
10,150,4.548481687724829,8.084395776897535,1.0,0.0,0.0,0.0,1.0,1.0
11,150,8.20879204121626,6.408586511279573,1.0,0.0,1.0,0.0,0.0,1.0
12,150,4.763613484571335,8.152748973296477,0.0,0.0,1.0,1.0,0.0,0.0
13,150,3.980309059421317,0.9035979825648428,0.0,0.0,1.0,0.0,0.0,0.0
14,150,3.235868402609668,6.49416173571612,1.0,1.0,1.0,0.0,0.0,1.0
15,150,12.0,8.947612582569523,0.0,0.0,0.0,1.0,1.0,0.0
16,150,7.428443430563596,5.4352954928324735,0.0,0.0,0.0,0.0,1.0,1.0
17,150,10.682447444920951,7.364076015741194,0.0,0.0,0.0,0.0,1.0,1.0
18,150,0.2687012831666215,11.47424469515731,0.0,1.0,0.0,0.0,0.0,1.0
19,150,0.7209300617435619,5.552903301705438,0.0,1.0,0.0,0.0,1.0,0.0
0,155,2.0650450502071225,6.96685917867498,0.0,0.0,1.0,1.0,1.0,0.0
1,155,11.136779032478977,2.9831396155270795,0.0,0.0,1.0,0.0,0.0,0.0
2,155,8.371110329472668,12.0,1.0,0.0,0.0,1.0,1.0,1.0
3,155,4.332312526234214,10.862773140820604,0.0,0.0,0.0,0.0,1.0,1.0
4,155,10.597045886174552,4.952499240843343,1.0,0.0,1.0,0.0,1.0,1.0
5,155,1.5016627960690925,0.145739160932652,0.0,1.0,0.0,0.0,0.0,0.0
6,155,6.235402076137971,6.884679857454684,0.0,1.0,0.0,1.0,1.0,0.0
7,155,0.5177109169654505,1.9873695801098896,0.0,1.0,0.0,1.0,0.0,0.0
8,155,2.2643090318715373,2.293824125444646,0.0,0.0,0.0,1.0,0.0,0.0
9,155,10.365795294493852,0.4392258869738918,1.0,0.0,1.0,0.0,0.0,1.0
10,155,4.5388378268926735,8.087273405205975,1.0,0.0,0.0,0.0,1.0,1.0
11,155,8.176406444166187,6.263592129299378,1.0,0.0,1.0,0.0,0.0,1.0
12,155,4.758449683640303,8.221871928515505,0.0,0.0,1.0,1.0,0.0,0.0
13,155,3.984377096285804,0.9266475526659068,0.0,0.0,1.0,0.0,0.0,0.0
14,155,3.082664053321201,6.471398961619104,1.0,1.0,1.0,0.0,0.0,1.0
15,155,12.0,9.016862748896436,0.0,0.0,0.0,1.0,1.0,0.0
16,155,7.426640263810579,5.440332769581739,0.0,0.0,0.0,0.0,1.0,1.0
17,155,10.620016044838016,7.220457618282777,0.0,0.0,0.0,0.0,1.0,1.0
18,155,0.3428985269686008,11.45407152514976,0.0,1.0,0.0,0.0,0.0,1.0
19,155,0.720273594119607,5.55326544665755,0.0,1.0,0.0,0.0,1.0,0.0
0,160,2.158054138866659,6.961907135607969,0.0,0.0,1.0,1.0,1.0,0.0
1,160,11.166188656872968,2.979436357651767,0.0,0.0,1.0,0.0,0.0,0.0
2,160,8.298522088935405,12.0,1.0,0.0,0.0,1.0,1.0,1.0
3,160,4.420972747845365,10.930883759114227,0.0,0.0,0.0,0.0,1.0,1.0
4,160,10.608560973495283,4.988848038718011,1.0,0.0,1.0,0.0,1.0,1.0
5,160,1.5325164575859844,0.1039300519960007,0.0,1.0,0.0,0.0,0.0,0.0
6,160,6.290264605542944,6.862069210112995,0.0,1.0,0.0,1.0,1.0,0.0
7,160,0.4486850197395554,2.0908082504477545,0.0,1.0,0.0,1.0,0.0,0.0
8,160,2.2275122917567005,2.253749135385553,0.0,0.0,0.0,1.0,0.0,0.0
9,160,10.419965290510444,0.3433777585112361,1.0,0.0,1.0,0.0,0.0,1.0
10,160,4.550281654826191,8.083739797783311,1.0,0.0,0.0,0.0,1.0,1.0
11,160,8.146024444727155,6.125044583866962,1.0,0.0,1.0,0.0,0.0,1.0
12,160,4.752522206200579,8.298762429595246,0.0,0.0,1.0,1.0,0.0,0.0
13,160,3.9899306793907705,0.9548256770710856,0.0,0.0,1.0,0.0,0.0,0.0
14,160,2.941345745812361,6.449516349141664,1.0,1.0,1.0,0.0,0.0,1.0
15,160,12.0,9.088709645104457,0.0,0.0,0.0,1.0,1.0,0.0
16,160,7.429618014958895,5.432482204724471,0.0,0.0,0.0,0.0,1.0,1.0
17,160,10.564862075285168,7.0955307060924815,0.0,0.0,0.0,0.0,1.0,1.0
18,160,0.4161506672597593,11.434667258560127,0.0,1.0,0.0,0.0,0.0,1.0
19,160,0.7188332433395278,5.554068770707555,0.0,1.0,0.0,0.0,1.0,0.0
0,165,2.252713462934888,6.955361550258143,0.0,0.0,1.0,1.0,1.0,0.0
1,165,11.200648851941189,2.975463853392696,0.0,0.0,1.0,0.0,0.0,0.0
2,165,8.21243584547647,12.0,1.0,0.0,0.0,1.0,1.0,1.0
3,165,4.50181630103689,10.99215980477927,0.0,0.0,0.0,0.0,1.0,1.0
4,165,10.618773160774708,5.021543374767413,1.0,0.0,1.0,0.0,1.0,1.0
5,165,1.5680449324632588,0.0539386866803935,0.0,1.0,0.0,0.0,0.0,0.0
6,165,6.357269034697791,6.835481919811608,0.0,1.0,0.0,1.0,1.0,0.0
7,165,0.3868068624618716,2.180591721149676,0.0,1.0,0.0,1.0,0.0,0.0
8,165,2.20122643233894,2.2255608087936065,0.0,0.0,0.0,1.0,0.0,0.0
9,165,10.472020361463352,0.2531791963049156,1.0,0.0,1.0,0.0,0.0,1.0
10,165,4.563644023858066,8.079624782537373,1.0,0.0,0.0,0.0,1.0,1.0
11,165,8.112807191269063,5.977079937809759,1.0,0.0,1.0,0.0,0.0,1.0
12,165,4.745159298835605,8.392808140708693,0.0,0.0,1.0,1.0,0.0,0.0
13,165,3.996592186429924,0.9897647939578044,0.0,0.0,1.0,0.0,0.0,0.0
14,165,2.8286966538010674,6.429749757677409,1.0,1.0,1.0,0.0,0.0,1.0
15,165,12.0,9.164410498236634,0.0,0.0,0.0,1.0,1.0,0.0
16,165,7.440657355719662,5.402017456579071,0.0,0.0,0.0,0.0,1.0,1.0
17,165,10.501413109951825,6.958667511396054,0.0,0.0,0.0,0.0,1.0,1.0
18,165,0.4825846540273676,11.414317306944223,0.0,1.0,0.0,0.0,0.0,1.0
19,165,0.7297820577292737,5.548081300412076,0.0,1.0,0.0,0.0,1.0,0.0
0,170,2.3277879887222466,6.949241116593707,0.0,0.0,1.0,1.0,1.0,0.0
1,170,11.236190752911522,2.9714840413018853,0.0,0.0,1.0,0.0,0.0,0.0
2,170,8.125720735133385,12.0,1.0,0.0,0.0,1.0,1.0,1.0
3,170,4.582357902123872,11.0550578569929,0.0,0.0,0.0,0.0,1.0,1.0
4,170,10.634893826188916,5.0760625148395055,1.0,0.0,1.0,0.0,1.0,1.0
5,170,1.6120039810064033,0.0,0.0,1.0,0.0,0.0,0.0,0.0
6,170,6.441452116115673,6.800750418558926,0.0,1.0,0.0,1.0,1.0,0.0
7,170,0.3197391471293101,2.280059043770838,0.0,1.0,0.0,1.0,0.0,0.0
8,170,2.16089380282833,2.1849534291174133,0.0,0.0,0.0,1.0,0.0,0.0
9,170,10.532461136389545,0.1489488045421425,1.0,0.0,1.0,0.0,0.0,1.0
10,170,4.59823772432368,8.06857479021496,1.0,0.0,0.0,0.0,1.0,1.0
11,170,8.077400656806121,5.829335103311561,1.0,0.0,1.0,0.0,0.0,1.0
12,170,4.738803094614069,8.46751817312721,0.0,0.0,1.0,1.0,0.0,0.0
13,170,4.005078248075916,1.0358435348139712,0.0,0.0,1.0,0.0,0.0,0.0
14,170,2.7198685274138845,6.409682594844192,1.0,1.0,1.0,0.0,0.0,1.0
15,170,12.0,9.245483265693467,0.0,0.0,0.0,1.0,1.0,0.0
16,170,7.456885829548667,5.355945967377484,0.0,0.0,0.0,0.0,1.0,1.0
17,170,10.4426076875715,6.826112266344486,0.0,0.0,0.0,0.0,1.0,1.0
18,170,0.5681674220630207,11.385679905558176,0.0,1.0,0.0,0.0,0.0,1.0
19,170,0.7373927808469639,5.5439390564195214,0.0,1.0,0.0,0.0,1.0,0.0
0,175,2.4047682018929297,6.942002074031165,0.0,0.0,1.0,1.0,1.0,0.0
1,175,11.288971503587028,2.9658058723008414,0.0,0.0,1.0,0.0,0.0,0.0
2,175,8.027706384870188,12.0,1.0,0.0,0.0,1.0,1.0,1.0
3,175,4.669248269154133,11.12104060544909,0.0,0.0,0.0,0.0,1.0,1.0
4,175,10.649470787956927,5.12700989188136,1.0,0.0,1.0,0.0,1.0,1.0
5,175,1.6491278148192825,0.0,0.0,1.0,0.0,0.0,0.0,0.0
6,175,6.513466757541479,6.769834593739504,0.0,1.0,0.0,1.0,1.0,0.0
7,175,0.2570534502577885,2.3733395521222347,0.0,1.0,0.0,1.0,0.0,0.0
8,175,2.111022661450876,2.135890979744163,0.0,0.0,0.0,1.0,0.0,0.0
9,175,10.594114402492622,0.0447626510974836,1.0,0.0,1.0,0.0,0.0,1.0
10,175,4.627175942463182,8.059419268832443,1.0,0.0,0.0,0.0,1.0,1.0
11,175,8.042144288781243,5.676913900774055,1.0,0.0,1.0,0.0,0.0,1.0
12,175,4.729722678347314,8.55313765828234,0.0,0.0,1.0,1.0,0.0,0.0
13,175,4.006301097578353,1.0424492130690026,0.0,0.0,1.0,0.0,0.0,0.0
14,175,2.6105767430782025,6.389581312816714,1.0,1.0,1.0,0.0,0.0,1.0
15,175,12.0,9.3020441417977,0.0,0.0,0.0,1.0,1.0,0.0
16,175,7.479514283607664,5.29445168056082,0.0,0.0,0.0,0.0,1.0,1.0
17,175,10.369911642520751,6.672299389911221,0.0,0.0,0.0,0.0,1.0,1.0
18,175,0.6658774339338859,11.355887622838605,0.0,1.0,0.0,0.0,0.0,1.0
19,175,0.7502140090645903,5.537086090722498,0.0,1.0,0.0,0.0,1.0,0.0
0,180,2.471747165750217,6.938299514338722,0.0,0.0,1.0,1.0,1.0,0.0
1,180,11.33727934656938,2.9614679403550763,0.0,0.0,1.0,0.0,0.0,0.0
2,180,7.930622871172965,12.0,1.0,0.0,0.0,1.0,1.0,1.0
3,180,4.755201704099538,11.181568642413286,0.0,0.0,0.0,0.0,1.0,1.0
4,180,10.667474057841998,5.189443285520453,1.0,0.0,1.0,0.0,1.0,1.0
5,180,1.6882744493040622,0.0,0.0,1.0,0.0,0.0,0.0,0.0
6,180,6.578890911360573,6.7396248204875215,0.0,1.0,0.0,1.0,1.0,0.0
7,180,0.1950999534446278,2.460005717057593,0.0,1.0,0.0,1.0,0.0,0.0
8,180,2.0641903841921816,2.0878132101528304,0.0,0.0,0.0,1.0,0.0,0.0
9,180,10.66908851204358,0.0,1.0,0.0,1.0,0.0,0.0,1.0
10,180,4.673342023731292,8.044412739757165,1.0,0.0,0.0,0.0,1.0,1.0
11,180,8.00814742351753,5.53579856633695,1.0,0.0,1.0,0.0,0.0,1.0
12,180,4.719916402139848,8.61678068690311,0.0,0.0,1.0,1.0,0.0,0.0
13,180,4.004241623924044,1.0321080165108278,0.0,0.0,1.0,0.0,0.0,0.0
14,180,2.5012793635668933,6.370503389643645,1.0,1.0,1.0,0.0,0.0,1.0
15,180,12.0,9.360177276393008,0.0,0.0,0.0,1.0,1.0,0.0
16,180,7.502750178439994,5.235349135857886,0.0,0.0,0.0,0.0,1.0,1.0
17,180,10.293431851503398,6.509879748553385,0.0,0.0,0.0,0.0,1.0,1.0
18,180,0.7570049029701631,11.327980991799734,0.0,1.0,0.0,0.0,0.0,1.0
19,180,0.7596031480535803,5.5320992193657705,0.0,1.0,0.0,0.0,1.0,0.0
0,185,2.535199357227957,6.935092250307242,0.0,0.0,1.0,1.0,1.0,0.0
1,185,11.381088156338324,2.957311540532902,0.0,0.0,1.0,0.0,0.0,0.0
2,185,7.832782098375678,12.0,1.0,0.0,0.0,1.0,1.0,1.0
3,185,4.846439190510828,11.241558203763072,0.0,0.0,0.0,0.0,1.0,1.0
4,185,10.69095919734352,5.276104424386934,1.0,0.0,1.0,0.0,1.0,1.0
5,185,1.7297173050948784,0.0,0.0,1.0,0.0,0.0,0.0,0.0
6,185,6.640631002185671,6.710649188437808,0.0,1.0,0.0,1.0,1.0,0.0
7,185,0.132795161972899,2.545565259993563,0.0,1.0,0.0,1.0,0.0,0.0
8,185,2.0176250898724657,2.039004558775986,0.0,0.0,0.0,1.0,0.0,0.0
9,185,10.761006173164525,0.0,1.0,0.0,1.0,0.0,0.0,1.0
10,185,4.721450205362946,8.02786640824431,1.0,0.0,0.0,0.0,1.0,1.0
11,185,7.969617658912702,5.372814739372455,1.0,0.0,1.0,0.0,0.0,1.0
12,185,4.707660887860677,8.695894538613542,0.0,0.0,1.0,1.0,0.0,0.0
13,185,4.00308902882879,1.0269508322157126,0.0,0.0,1.0,0.0,0.0,0.0
14,185,2.400459788522209,6.351382575761509,1.0,1.0,1.0,0.0,0.0,1.0
15,185,12.0,9.43855815943681,0.0,0.0,0.0,1.0,1.0,0.0
16,185,7.519237474208317,5.193102746750896,0.0,0.0,0.0,0.0,1.0,1.0
17,185,10.215819121484495,6.351980716298963,0.0,0.0,0.0,0.0,1.0,1.0
18,185,0.8289989513004291,11.306138391901252,0.0,1.0,0.0,0.0,0.0,1.0
19,185,0.7597442329067424,5.532027599889989,0.0,1.0,0.0,0.0,1.0,0.0
0,190,2.59608507584471,6.931652092321443,0.0,0.0,1.0,1.0,1.0,0.0
1,190,11.414442186326369,2.955051798412167,0.0,0.0,1.0,0.0,0.0,0.0
2,190,7.748860801621328,12.0,1.0,0.0,0.0,1.0,1.0,1.0
3,190,4.9318946345124,11.29577238409645,0.0,0.0,0.0,0.0,1.0,1.0
4,190,10.70861381500248,5.345518085720491,1.0,0.0,1.0,0.0,1.0,1.0
5,190,1.7783319836522606,0.0,0.0,1.0,0.0,0.0,0.0,0.0
6,190,6.695022598593504,6.684987410489629,0.0,1.0,0.0,1.0,1.0,0.0
7,190,0.071318872460324,2.630374790449676,0.0,1.0,0.0,1.0,0.0,0.0
8,190,1.9880739193698904,2.006353324909784,0.0,0.0,0.0,1.0,0.0,0.0
9,190,10.850991825274653,0.0,1.0,0.0,1.0,0.0,0.0,1.0
10,190,4.773682976801774,8.00926801774352,1.0,0.0,0.0,0.0,1.0,1.0
11,190,7.920795592846121,5.191014999967842,1.0,0.0,1.0,0.0,0.0,1.0
12,190,4.695261513209839,8.774301298762683,0.0,0.0,1.0,1.0,0.0,0.0
13,190,4.005218798547759,1.0377266403230123,0.0,0.0,1.0,0.0,0.0,0.0
14,190,2.303375558840185,6.332279513917638,1.0,1.0,1.0,0.0,0.0,1.0
15,190,12.0,9.48454177760992,0.0,0.0,0.0,1.0,1.0,0.0
16,190,7.539036781880682,5.140544372491238,0.0,0.0,0.0,0.0,1.0,1.0
17,190,10.143323235249262,6.20679109862134,0.0,0.0,0.0,0.0,1.0,1.0
18,190,0.9095584499683168,11.282436387971254,0.0,1.0,0.0,0.0,0.0,1.0
19,190,0.7821603849110347,5.520696619176619,0.0,1.0,0.0,0.0,1.0,0.0
0,195,2.670064466223352,6.926479035412665,0.0,0.0,1.0,1.0,1.0,0.0
1,195,11.458051547552708,2.9518685205755,0.0,0.0,1.0,0.0,0.0,0.0
2,195,7.655599286309981,12.0,1.0,0.0,0.0,1.0,1.0,1.0
3,195,5.03053410532637,11.358489014379428,0.0,0.0,0.0,0.0,1.0,1.0
4,195,10.720857353566132,5.397025167750667,1.0,0.0,1.0,0.0,1.0,1.0
5,195,1.8188032322059875,0.0,0.0,1.0,0.0,0.0,0.0,0.0
6,195,6.760195218660178,6.654442647714246,0.0,1.0,0.0,1.0,1.0,0.0
7,195,0.0,2.7267775852111718,0.0,1.0,0.0,1.0,0.0,0.0
8,195,1.9277415812003944,1.942007772652517,0.0,0.0,0.0,1.0,0.0,0.0
9,195,10.946757330666394,0.0,1.0,0.0,1.0,0.0,0.0,1.0
10,195,4.834434423377018,7.987221302000236,1.0,0.0,0.0,0.0,1.0,1.0
11,195,7.864539596554684,5.006735114627038,1.0,0.0,1.0,0.0,0.0,1.0
12,195,4.684496936000765,8.837810597429307,0.0,0.0,1.0,1.0,0.0,0.0
13,195,4.009545356308767,1.0607551058317537,0.0,0.0,1.0,0.0,0.0,0.0
14,195,2.1810632346472087,6.305202971302879,1.0,1.0,1.0,0.0,0.0,1.0
15,195,12.0,9.520882621664608,0.0,0.0,0.0,1.0,1.0,0.0
16,195,7.5586850562432115,5.087989704985102,0.0,0.0,0.0,0.0,1.0,1.0
17,195,10.074686450789171,6.075777312741379,0.0,0.0,0.0,0.0,1.0,1.0
18,195,0.9892354379846304,11.260200705192124,0.0,1.0,0.0,0.0,0.0,1.0
19,195,0.8323864652990999,5.495274332803797,0.0,1.0,0.0,0.0,1.0,0.0
0,200,2.7474071115083345,6.9222368580256965,0.0,0.0,1.0,1.0,1.0,0.0
1,200,11.492907830149594,2.948903372296697,0.0,0.0,1.0,0.0,0.0,0.0
2,200,7.560099753186282,12.0,1.0,0.0,0.0,1.0,1.0,1.0
3,200,5.135060368345181,11.426399779697276,0.0,0.0,0.0,0.0,1.0,1.0
4,200,10.73444730857379,5.451136700728651,1.0,0.0,1.0,0.0,1.0,1.0
5,200,1.8734499609045845,0.0,0.0,1.0,0.0,0.0,0.0,0.0
6,200,6.845247497971494,6.615230527776064,0.0,1.0,0.0,1.0,1.0,0.0
7,200,0.0,2.827713194407276,0.0,1.0,0.0,1.0,0.0,0.0
8,200,1.8743109800096225,1.8868145052588043,0.0,0.0,0.0,1.0,0.0,0.0
9,200,11.046219266427324,0.0,1.0,0.0,1.0,0.0,0.0,1.0
10,200,4.890045628746192,7.967659184878715,1.0,0.0,0.0,0.0,1.0,1.0
11,200,7.8130734981054895,4.825669211717937,1.0,0.0,1.0,0.0,0.0,1.0
12,200,4.677427119092634,8.879176465198913,0.0,0.0,1.0,1.0,0.0,0.0
13,200,4.009784347247639,1.0621040924802736,0.0,0.0,1.0,0.0,0.0,0.0
14,200,2.02894983365478,6.269489383871397,1.0,1.0,1.0,0.0,0.0,1.0
15,200,12.0,9.584996742358811,0.0,0.0,0.0,1.0,1.0,0.0
16,200,7.582764741797025,5.023531538316534,0.0,0.0,0.0,0.0,1.0,1.0
17,200,9.999246534547089,5.931124778585627,0.0,0.0,0.0,0.0,1.0,1.0
18,200,1.0822449651656747,11.235605423251592,0.0,1.0,0.0,0.0,0.0,1.0
19,200,0.8637800715657222,5.479731143470095,0.0,1.0,0.0,0.0,1.0,0.0
0,205,2.8322829775266416,6.918581543647494,0.0,0.0,1.0,1.0,1.0,0.0
1,205,11.528616866655549,2.9454262065953563,0.0,0.0,1.0,0.0,0.0,0.0
2,205,7.464787582086348,12.0,1.0,0.0,0.0,1.0,1.0,1.0
3,205,5.232527666856847,11.490175994094908,0.0,0.0,0.0,0.0,1.0,1.0
4,205,10.750466849670929,5.5045334732608975,1.0,0.0,1.0,0.0,1.0,1.0
5,205,1.9312394464098384,0.0,0.0,1.0,0.0,0.0,0.0,0.0
6,205,6.931672831616143,6.574906417027523,0.0,1.0,0.0,1.0,1.0,0.0
7,205,0.0,2.9338854910469423,0.0,1.0,0.0,1.0,0.0,0.0
8,205,1.809243432837324,1.820380821230784,0.0,0.0,0.0,1.0,0.0,0.0
9,205,11.139548838730375,0.0,1.0,0.0,1.0,0.0,0.0,1.0
10,205,4.938111953878138,7.95322949565704,1.0,0.0,0.0,0.0,1.0,1.0
11,205,7.766443030772439,4.657148471188859,1.0,0.0,1.0,0.0,0.0,1.0
12,205,4.665821970336186,8.938603028952114,0.0,0.0,1.0,1.0,0.0,0.0
13,205,4.007960780445716,1.0505990665697502,0.0,0.0,1.0,0.0,0.0,0.0
14,205,1.8715579969621712,6.23417842513917,1.0,1.0,1.0,0.0,0.0,1.0
15,205,12.0,9.661125908583845,0.0,0.0,0.0,1.0,1.0,0.0
16,205,7.603568873988564,4.966141460654075,0.0,0.0,0.0,0.0,1.0,1.0
17,205,9.93098675516516,5.803732360997719,0.0,0.0,0.0,0.0,1.0,1.0
18,205,1.156014283940363,11.216807996643954,0.0,1.0,0.0,0.0,0.0,1.0
19,205,0.8970741874961682,5.461720699248668,0.0,1.0,0.0,0.0,1.0,0.0
0,210,2.9341844160133514,6.916636892498137,0.0,0.0,1.0,1.0,1.0,0.0
1,210,11.550282334510705,2.9434036787748816,0.0,0.0,1.0,0.0,0.0,0.0
2,210,7.38434194859515,12.0,1.0,0.0,0.0,1.0,1.0,1.0
3,210,5.297159851753492,11.392895151388624,0.0,0.0,0.0,0.0,1.0,1.0
4,210,10.770708742505574,5.56886981899183,1.0,0.0,1.0,0.0,1.0,1.0
5,210,1.9934317174765672,0.0,0.0,1.0,0.0,0.0,0.0,0.0
6,210,7.011534394775087,6.537154367551418,0.0,1.0,0.0,1.0,1.0,0.0
7,210,0.0,3.0294395001455507,0.0,1.0,0.0,1.0,0.0,0.0
8,210,1.7364906553274306,1.7437433111739973,0.0,0.0,0.0,1.0,0.0,0.0
9,210,11.241442440992117,0.0,1.0,0.0,1.0,0.0,0.0,1.0
10,210,4.992759482610405,7.936736054023735,1.0,0.0,0.0,0.0,1.0,1.0
11,210,7.717832444269493,4.476486056293875,1.0,0.0,1.0,0.0,0.0,1.0
12,210,4.652746223550897,9.01210840132226,0.0,0.0,1.0,1.0,0.0,0.0
13,210,4.007076961287305,1.0448346716327186,0.0,0.0,1.0,0.0,0.0,0.0
14,210,1.7026683914273184,6.193278833873547,1.0,1.0,1.0,0.0,0.0,1.0
15,210,12.0,9.739309361079622,0.0,0.0,0.0,1.0,1.0,0.0
16,210,7.621494240180818,4.913442396848099,0.0,0.0,0.0,0.0,1.0,1.0
17,210,9.856303376148585,5.660817953457197,0.0,0.0,0.0,0.0,1.0,1.0
18,210,1.234253483842884,11.197050254274956,0.0,1.0,0.0,0.0,0.0,1.0
19,210,0.9361713530603056,5.440629749688841,0.0,1.0,0.0,0.0,1.0,0.0
0,215,3.0585859032857674,6.91778925471788,0.0,0.0,1.0,1.0,1.0,0.0
1,215,11.557587961068505,2.9427237404868785,0.0,0.0,1.0,0.0,0.0,0.0
2,215,7.309444718590688,12.0,1.0,0.0,0.0,1.0,1.0,1.0
3,215,5.37246952753387,11.279619352026026,0.0,0.0,0.0,0.0,1.0,1.0
4,215,10.78568338198608,5.621499293861251,1.0,0.0,1.0,0.0,1.0,1.0
5,215,2.0574620578250404,0.0,0.0,1.0,0.0,0.0,0.0,0.0
6,215,7.093668957823001,6.501661763480809,0.0,1.0,0.0,1.0,1.0,0.0
7,215,0.0,3.1255962598328875,0.0,1.0,0.0,1.0,0.0,0.0
8,215,1.6640863766238674,1.6635900731830997,0.0,0.0,0.0,1.0,0.0,0.0
9,215,11.34230116386163,0.0,1.0,0.0,1.0,0.0,0.0,1.0
10,215,5.063897443745607,7.91471229420242,1.0,0.0,0.0,0.0,1.0,1.0
11,215,7.670588794990946,4.304561681363896,1.0,0.0,1.0,0.0,0.0,1.0
12,215,4.642166134628178,9.070172510284324,0.0,0.0,1.0,1.0,0.0,0.0
13,215,4.008117474269064,1.0526348457259604,0.0,0.0,1.0,0.0,0.0,0.0
14,215,1.5392580926426973,6.152774861675823,1.0,1.0,1.0,0.0,0.0,1.0
15,215,12.0,9.828461976918971,0.0,0.0,0.0,1.0,1.0,0.0
16,215,7.638312626926767,4.866002406144911,0.0,0.0,0.0,0.0,1.0,1.0
17,215,9.783895251690776,5.518730689667199,0.0,0.0,0.0,0.0,1.0,1.0
18,215,1.3156171379449433,11.177403862542034,0.0,1.0,0.0,0.0,0.0,1.0
19,215,0.970481083813612,5.422700407842223,0.0,1.0,0.0,0.0,1.0,0.0
0,220,3.203696818229025,6.9147791240809005,0.0,0.0,1.0,1.0,1.0,0.0
1,220,11.543396665228396,2.943680766328409,0.0,0.0,1.0,0.0,0.0,0.0
2,220,7.25677301641639,12.0,1.0,0.0,0.0,1.0,1.0,1.0
3,220,5.464796035264182,11.144629400217784,0.0,0.0,0.0,0.0,1.0,1.0
4,220,10.792710400349602,5.6459647425493245,1.0,0.0,1.0,0.0,1.0,1.0
5,220,2.1188653146543075,0.0,0.0,1.0,0.0,0.0,0.0,0.0
6,220,7.18034375913762,6.466494621771138,0.0,1.0,0.0,1.0,1.0,0.0
7,220,0.0,3.237971520818571,0.0,1.0,0.0,1.0,0.0,0.0
8,220,1.6049484797225249,1.5938227500289697,0.0,0.0,0.0,1.0,0.0,0.0
9,220,11.4455065744523,0.0,1.0,0.0,1.0,0.0,0.0,1.0
10,220,5.137143836191552,7.894114109037994,1.0,0.0,0.0,0.0,1.0,1.0
11,220,7.618911561494693,4.115938098188567,1.0,0.0,1.0,0.0,0.0,1.0
12,220,4.637317748705924,9.100669382772413,0.0,0.0,1.0,1.0,0.0,0.0
13,220,4.01071539360865,1.0745225319669696,0.0,0.0,1.0,0.0,0.0,0.0
14,220,1.3858231270267891,6.116273323251496,1.0,1.0,1.0,0.0,0.0,1.0
15,220,12.0,9.928216572256868,0.0,0.0,0.0,1.0,1.0,0.0
16,220,7.648435034661728,4.835989142015222,0.0,0.0,0.0,0.0,1.0,1.0
17,220,9.713332210767993,5.373247741066853,0.0,0.0,0.0,0.0,1.0,1.0
18,220,1.3884194822093947,11.160656084430018,0.0,1.0,0.0,0.0,0.0,1.0
19,220,0.9944044548084456,5.4103443574512005,0.0,1.0,0.0,0.0,1.0,0.0
0,225,3.365348665897437,6.914055377200064,0.0,0.0,1.0,1.0,1.0,0.0
1,225,11.516899734814658,2.9454630688135763,0.0,0.0,1.0,0.0,0.0,0.0
2,225,7.224192116601221,12.0,1.0,0.0,0.0,1.0,1.0,1.0
3,225,5.547112824789072,11.023979096524242,0.0,0.0,0.0,0.0,1.0,1.0
4,225,10.803146787653573,5.679364776626674,1.0,0.0,1.0,0.0,1.0,1.0
5,225,2.1803191010270413,0.0,0.0,1.0,0.0,0.0,0.0,0.0
6,225,7.260293740229868,6.437974618923315,0.0,1.0,0.0,1.0,1.0,0.0
7,225,0.0,3.347324565986956,0.0,1.0,0.0,1.0,0.0,0.0
8,225,1.5478845200687874,1.5246637389402034,0.0,0.0,0.0,1.0,0.0,0.0
9,225,11.554406131671206,0.0,1.0,0.0,1.0,0.0,0.0,1.0
10,225,5.236990844538224,7.866342125189464,1.0,0.0,0.0,0.0,1.0,1.0
11,225,7.569476373739676,3.928350925645709,1.0,0.0,1.0,0.0,0.0,1.0
12,225,4.635381208388985,9.114894014642722,0.0,0.0,1.0,1.0,0.0,0.0
13,225,4.011780678641746,1.0824246309875951,0.0,0.0,1.0,0.0,0.0,0.0
14,225,1.2484546805297805,6.08148809704648,1.0,1.0,1.0,0.0,0.0,1.0
15,225,12.0,10.036672187870908,0.0,0.0,0.0,1.0,1.0,0.0
16,225,7.659831137539681,4.803219287164925,0.0,0.0,0.0,0.0,1.0,1.0
17,225,9.640423515331973,5.219306315298837,0.0,0.0,0.0,0.0,1.0,1.0
18,225,1.492395512802314,11.13448763834544,0.0,1.0,0.0,0.0,0.0,1.0
19,225,1.037508200558548,5.386391807955614,0.0,1.0,0.0,0.0,1.0,0.0
0,230,3.513641955903386,6.912803051598968,0.0,0.0,1.0,1.0,1.0,0.0
1,230,11.4965261288917,2.946396247303846,0.0,0.0,1.0,0.0,0.0,0.0
2,230,7.187444707891175,12.0,1.0,0.0,0.0,1.0,1.0,1.0
3,230,5.638874061631159,10.888189892417309,0.0,0.0,0.0,0.0,1.0,1.0
4,230,10.817757443267007,5.72379805202725,1.0,0.0,1.0,0.0,1.0,1.0
5,230,2.23443633490927,0.0,0.0,1.0,0.0,0.0,0.0,0.0
6,230,7.347176320905874,6.405835894733668,0.0,1.0,0.0,1.0,1.0,0.0
7,230,0.0,3.453025341228801,0.0,1.0,0.0,1.0,0.0,0.0
8,230,1.484944355837837,1.449589433608224,0.0,0.0,0.0,1.0,0.0,0.0
9,230,11.664822975589448,0.0,1.0,0.0,1.0,0.0,0.0,1.0
10,230,5.3640117682682975,7.831850459376832,1.0,0.0,0.0,0.0,1.0,1.0
11,230,7.519976721675114,3.74621440842592,1.0,0.0,1.0,0.0,0.0,1.0
12,230,4.635359486572567,9.115029107019248,0.0,0.0,1.0,1.0,0.0,0.0
13,230,4.014228057845112,1.1030062112089043,0.0,0.0,1.0,0.0,0.0,0.0
14,230,1.120829868219861,6.05371167451884,1.0,1.0,1.0,0.0,0.0,1.0
15,230,12.0,10.149834515936297,0.0,0.0,0.0,1.0,1.0,0.0
16,230,7.668129883808154,4.779428516668195,0.0,0.0,0.0,0.0,1.0,1.0
17,230,9.57062197363162,5.078741791771996,0.0,0.0,0.0,0.0,1.0,1.0
18,230,1.5889123129294196,11.106781452693289,0.0,1.0,0.0,0.0,0.0,1.0
19,230,1.0736123026083904,5.367151355851066,0.0,1.0,0.0,0.0,1.0,0.0
0,235,3.657810915178481,6.914580595817863,0.0,0.0,1.0,1.0,1.0,0.0
1,235,11.455332630692872,2.9481591409915024,0.0,0.0,1.0,0.0,0.0,0.0
2,235,7.162489617288075,12.0,1.0,0.0,0.0,1.0,1.0,1.0
3,235,5.729136121786897,10.747906353815845,0.0,0.0,0.0,0.0,1.0,1.0
4,235,10.8256557592419,5.74872719790724,1.0,0.0,1.0,0.0,1.0,1.0
5,235,2.294380097370115,0.0,0.0,1.0,0.0,0.0,0.0,0.0
6,235,7.430501044032444,6.3734386140115165,0.0,1.0,0.0,1.0,1.0,0.0
7,235,0.0,3.558416652698091,0.0,1.0,0.0,1.0,0.0,0.0
8,235,1.421066351264335,1.3785543126443942,0.0,0.0,0.0,1.0,0.0,0.0
9,235,11.766860014357505,0.0,1.0,0.0,1.0,0.0,0.0,1.0
10,235,5.486240056945265,7.797206032848159,1.0,0.0,0.0,0.0,1.0,1.0
11,235,7.467613484273922,3.550964896882256,1.0,0.0,1.0,0.0,0.0,1.0
12,235,4.634871309843087,9.117585507700904,0.0,0.0,1.0,1.0,0.0,0.0
13,235,4.017744372882318,1.1309124179290384,0.0,0.0,1.0,0.0,0.0,0.0
14,235,0.9776645533386688,6.02406428417187,1.0,1.0,1.0,0.0,0.0,1.0
15,235,12.0,10.252311823866544,0.0,0.0,0.0,1.0,1.0,0.0
16,235,7.677936575674551,4.752649588307418,0.0,0.0,0.0,0.0,1.0,1.0
17,235,9.501554483027816,4.9293483551395,0.0,0.0,0.0,0.0,1.0,1.0
18,235,1.6957342992774571,11.076264605117728,0.0,1.0,0.0,0.0,0.0,1.0
19,235,1.0876154784352756,5.36002563882159,0.0,1.0,0.0,0.0,1.0,0.0
0,240,3.817130754417726,6.913216914871972,0.0,0.0,1.0,1.0,1.0,0.0
1,240,11.428091315062504,2.9494300096427004,0.0,0.0,1.0,0.0,0.0,0.0
2,240,7.148942917616212,12.0,1.0,0.0,0.0,1.0,1.0,1.0
3,240,5.829233049855087,10.587044750663662,0.0,0.0,0.0,0.0,1.0,1.0
4,240,10.831336936388372,5.767588178853087,1.0,0.0,1.0,0.0,1.0,1.0
5,240,2.3665613118262847,0.0,0.0,1.0,0.0,0.0,0.0,0.0
6,240,7.5113285871741,6.345617819019069,0.0,1.0,0.0,1.0,1.0,0.0
7,240,0.0,3.671511386048879,0.0,1.0,0.0,1.0,0.0,0.0
8,240,1.3455038608425505,1.2960287471508474,0.0,0.0,0.0,1.0,0.0,0.0
9,240,11.87438796047976,0.0,1.0,0.0,1.0,0.0,0.0,1.0
10,240,5.579132291643328,7.772008495444987,1.0,0.0,0.0,0.0,1.0,1.0
11,240,7.414607991439873,3.3556799068160763,1.0,0.0,1.0,0.0,0.0,1.0
12,240,4.632377595605503,9.131206140896778,0.0,0.0,1.0,1.0,0.0,0.0
13,240,4.020305400655699,1.1465168004485375,0.0,0.0,1.0,0.0,0.0,0.0
14,240,0.8299455765222291,5.988377425072537,1.0,1.0,1.0,0.0,0.0,1.0
15,240,12.0,10.360002066865842,0.0,0.0,0.0,1.0,1.0,0.0
16,240,7.682377866454081,4.741186636510884,0.0,0.0,0.0,0.0,1.0,1.0
17,240,9.44663997631674,4.810924317451801,0.0,0.0,0.0,0.0,1.0,1.0
18,240,1.8091379335848197,11.040622481278808,0.0,1.0,0.0,0.0,0.0,1.0
19,240,1.0975609542133005,5.354987759519302,0.0,1.0,0.0,0.0,1.0,0.0
0,245,3.952617117055967,6.916682991291593,0.0,0.0,1.0,1.0,1.0,0.0
1,245,11.3755193501316,2.952132434720906,0.0,0.0,1.0,0.0,0.0,0.0
2,245,7.12860950271232,12.0,1.0,0.0,0.0,1.0,1.0,1.0
3,245,5.922999154133247,10.426209098740843,0.0,0.0,0.0,0.0,1.0,1.0
4,245,10.840651118321738,5.799172640172359,1.0,0.0,1.0,0.0,1.0,1.0
5,245,2.440283325926961,0.0,0.0,1.0,0.0,0.0,0.0,0.0
6,245,7.582542712567717,6.320865328776222,0.0,1.0,0.0,1.0,1.0,0.0
7,245,0.0,3.789462480866301,0.0,1.0,0.0,1.0,0.0,0.0
8,245,1.2707130085777922,1.212026664644633,0.0,0.0,0.0,1.0,0.0,0.0
9,245,11.987930412482289,0.0,1.0,0.0,1.0,0.0,0.0,1.0
10,245,5.689403005632141,7.742546992323406,1.0,0.0,0.0,0.0,1.0,1.0
11,245,7.36410023071911,3.170606563609192,1.0,0.0,1.0,0.0,0.0,1.0
12,245,4.631459621194045,9.13636569286406,0.0,0.0,1.0,1.0,0.0,0.0
13,245,4.020745444322252,1.1491658393952644,0.0,0.0,1.0,0.0,0.0,0.0
14,245,0.7017903606708907,5.957255901119136,1.0,1.0,1.0,0.0,0.0,1.0
15,245,12.0,10.474692113932928,0.0,0.0,0.0,1.0,1.0,0.0
16,245,7.687293526697668,4.728882399449639,0.0,0.0,0.0,0.0,1.0,1.0
17,245,9.39515117772788,4.700592503253008,0.0,0.0,0.0,0.0,1.0,1.0
18,245,1.927393490576466,11.004951696082028,0.0,1.0,0.0,0.0,0.0,1.0
19,245,1.0931731683346315,5.357315495873358,0.0,1.0,0.0,0.0,1.0,0.0
0,250,4.061251362146039,6.91956919378819,0.0,0.0,1.0,1.0,1.0,0.0
1,250,11.316676366761849,2.954056726998039,0.0,0.0,1.0,0.0,0.0,0.0
2,250,7.102042769428126,12.0,1.0,0.0,0.0,1.0,1.0,1.0
3,250,6.022242147086431,10.262200460911789,0.0,0.0,0.0,0.0,1.0,1.0
4,250,10.850706443609472,5.831562788010504,1.0,0.0,1.0,0.0,1.0,1.0
5,250,2.5166137511381645,0.0,0.0,1.0,0.0,0.0,0.0,0.0
6,250,7.640564125259202,6.2979387852836695,0.0,1.0,0.0,1.0,1.0,0.0
7,250,0.0,3.926761698309608,0.0,1.0,0.0,1.0,0.0,0.0
8,250,1.188086972587333,1.1244058234673338,0.0,0.0,0.0,1.0,0.0,0.0
9,250,12.0,0.0,1.0,0.0,1.0,0.0,0.0,1.0
10,250,5.805779517509201,7.711618209591588,1.0,0.0,0.0,0.0,1.0,1.0
11,250,7.323868610021013,3.0036995247745515,1.0,0.0,1.0,0.0,0.0,1.0
12,250,4.627084279050369,9.165881191130232,0.0,0.0,1.0,1.0,0.0,0.0
13,250,4.0207574389008895,1.1492563415410089,0.0,0.0,1.0,0.0,0.0,0.0
14,250,0.5824269998145948,5.929386130605225,1.0,1.0,1.0,0.0,0.0,1.0
15,250,12.0,10.590657566123843,0.0,0.0,0.0,1.0,1.0,0.0
16,250,7.687783117710755,4.72755656608958,0.0,0.0,0.0,0.0,1.0,1.0
17,250,9.35363402210892,4.61585386192179,0.0,0.0,0.0,0.0,1.0,1.0
18,250,2.073567860288662,10.963201962044923,0.0,1.0,0.0,0.0,0.0,1.0
19,250,1.0844439312175689,5.361717499349267,0.0,1.0,0.0,0.0,1.0,0.0
0,255,4.171961386136138,6.924377234808239,0.0,0.0,1.0,1.0,1.0,0.0
1,255,11.269267066528228,2.957910120422355,0.0,0.0,1.0,0.0,0.0,0.0
2,255,7.067276916407602,12.0,1.0,0.0,0.0,1.0,1.0,1.0
3,255,6.136278072535369,10.086596728425446,0.0,0.0,0.0,0.0,1.0,1.0
4,255,10.854424293285016,5.844180174764316,1.0,0.0,1.0,0.0,1.0,1.0
5,255,2.5973235006891646,0.0,0.0,1.0,0.0,0.0,0.0,0.0
6,255,7.698767413659039,6.274191712483187,0.0,1.0,0.0,1.0,1.0,0.0
7,255,0.0,4.064354612937208,0.0,1.0,0.0,1.0,0.0,0.0
8,255,1.1080520764951087,1.043085099254867,0.0,0.0,0.0,1.0,0.0,0.0
9,255,12.0,0.0,1.0,0.0,1.0,0.0,0.0,1.0
10,255,5.921099297645614,7.678548246696407,1.0,0.0,0.0,0.0,1.0,1.0
11,255,7.273676305055551,2.808015369238284,1.0,0.0,1.0,0.0,0.0,1.0
12,255,4.620153293950356,9.217335530791752,0.0,0.0,1.0,1.0,0.0,0.0
13,255,4.0189732212650044,1.1320270310245693,0.0,0.0,1.0,0.0,0.0,0.0
14,255,0.4737861076317735,5.90468589262062,1.0,1.0,1.0,0.0,0.0,1.0
15,255,12.0,10.713933917220528,0.0,0.0,0.0,1.0,1.0,0.0
16,255,7.686240738487477,4.731951501762785,0.0,0.0,0.0,0.0,1.0,1.0
17,255,9.3125524511268,4.534375153650478,0.0,0.0,0.0,0.0,1.0,1.0
18,255,2.2253003180789177,10.918758384370843,0.0,1.0,0.0,0.0,0.0,1.0
19,255,1.08714168707293,5.360361149431707,0.0,1.0,0.0,0.0,1.0,0.0
0,260,4.3050321120965975,6.928871738626104,0.0,0.0,1.0,1.0,1.0,0.0
1,260,11.218103074439298,2.964434236633622,0.0,0.0,1.0,0.0,0.0,0.0
2,260,7.028126648579343,12.0,1.0,0.0,0.0,1.0,1.0,1.0
3,260,6.255920780359007,9.896889618480838,0.0,0.0,0.0,0.0,1.0,1.0
4,260,10.86644512719863,5.883829295377547,1.0,0.0,1.0,0.0,1.0,1.0
5,260,2.6666726490557515,0.0,0.0,1.0,0.0,0.0,0.0,0.0
6,260,7.7621925737520225,6.245539563915269,0.0,1.0,0.0,1.0,1.0,0.0
7,260,0.0,4.188466992381871,0.0,1.0,0.0,1.0,0.0,0.0
8,260,1.033283459546905,0.9629540109274196,0.0,0.0,0.0,1.0,0.0,0.0
9,260,12.0,0.0,1.0,0.0,1.0,0.0,0.0,1.0
10,260,6.027634766612809,7.646223852279003,1.0,0.0,0.0,0.0,1.0,1.0
11,260,7.466550996584193,2.7605245200737376,1.0,0.0,1.0,0.0,0.0,1.0
12,260,4.615352045870343,9.25165315146989,0.0,0.0,1.0,1.0,0.0,0.0
13,260,4.0205466745069485,1.146498217775482,0.0,0.0,1.0,0.0,0.0,0.0
14,260,0.3725308281861991,5.883191619750446,1.0,1.0,1.0,0.0,0.0,1.0
15,260,12.0,10.801306993674345,0.0,0.0,0.0,1.0,1.0,0.0
16,260,7.684071304706901,4.738478080012824,0.0,0.0,0.0,0.0,1.0,1.0
17,260,9.26425617321519,4.436648504791646,0.0,0.0,0.0,0.0,1.0,1.0
18,260,2.350121618694925,10.88121534012243,0.0,1.0,0.0,0.0,0.0,1.0
19,260,1.087537702836285,5.360164325914791,0.0,1.0,0.0,0.0,1.0,0.0
0,265,4.448879156227678,6.935122622789266,0.0,0.0,1.0,1.0,1.0,0.0
1,265,11.158187169098095,2.973226547470706,0.0,0.0,1.0,0.0,0.0,0.0
2,265,6.99144370407205,12.0,1.0,0.0,0.0,1.0,1.0,1.0
3,265,6.378109303914249,9.708167317465085,0.0,0.0,0.0,0.0,1.0,1.0
4,265,10.879932825901188,5.927158297612529,1.0,0.0,1.0,0.0,1.0,1.0
5,265,2.7271570361253543,0.0,0.0,1.0,0.0,0.0,0.0,0.0
6,265,7.829142575889425,6.2139425323829975,0.0,1.0,0.0,1.0,1.0,0.0
7,265,0.0,4.293076797854732,0.0,1.0,0.0,1.0,0.0,0.0
8,265,0.965689303680804,0.8913592176600502,0.0,0.0,0.0,1.0,0.0,0.0
9,265,12.0,0.0,1.0,0.0,1.0,0.0,0.0,1.0
10,265,6.127306212353378,7.61705210527197,1.0,0.0,0.0,0.0,1.0,1.0
11,265,7.633423295675841,2.7216282661081497,1.0,0.0,1.0,0.0,0.0,1.0
12,265,4.611367919810533,9.280812086044332,0.0,0.0,1.0,1.0,0.0,0.0
13,265,4.021862987081328,1.1568842718241754,0.0,0.0,1.0,0.0,0.0,0.0
14,265,0.2868926356986122,5.865784446360925,1.0,1.0,1.0,0.0,0.0,1.0
15,265,12.0,10.89153503051335,0.0,0.0,0.0,1.0,1.0,0.0
16,265,7.6807666063059585,4.748938008907169,0.0,0.0,0.0,0.0,1.0,1.0
17,265,9.21784656899723,4.3478811685807175,0.0,0.0,0.0,0.0,1.0,1.0
18,265,2.441492901762396,10.85421470728686,0.0,1.0,0.0,0.0,0.0,1.0
19,265,1.097983861168046,5.354753952107607,0.0,1.0,0.0,0.0,1.0,0.0
0,270,4.571954246028241,6.942866254451693,0.0,0.0,1.0,1.0,1.0,0.0
1,270,11.105103540578574,2.980818967352721,0.0,0.0,1.0,0.0,0.0,0.0
2,270,6.963609270238392,12.0,1.0,0.0,0.0,1.0,1.0,1.0
3,270,6.485922015286066,9.532998478907995,0.0,0.0,0.0,0.0,1.0,1.0
4,270,10.896737285197217,5.977994138998698,1.0,0.0,1.0,0.0,1.0,1.0
5,270,2.777142935243227,0.0,0.0,1.0,0.0,0.0,0.0,0.0
6,270,7.889161471528816,6.184200357070422,0.0,1.0,0.0,1.0,1.0,0.0
7,270,0.0,4.373989320268762,0.0,1.0,0.0,1.0,0.0,0.0
8,270,0.8812502173014736,0.808287953084623,0.0,0.0,0.0,1.0,0.0,0.0
9,270,12.0,0.0,1.0,0.0,1.0,0.0,0.0,1.0
10,270,6.219930653521664,7.5909516178286145,1.0,0.0,0.0,0.0,1.0,1.0
11,270,7.817268859782936,2.6789389973930664,1.0,0.0,1.0,0.0,0.0,1.0
12,270,4.609793041886452,9.296295388648804,0.0,0.0,1.0,1.0,0.0,0.0
13,270,4.025372880324128,1.1780765056456797,0.0,0.0,1.0,0.0,0.0,0.0
14,270,0.2023866199687085,5.848703677621641,1.0,1.0,1.0,0.0,0.0,1.0
15,270,12.0,10.969398324880428,0.0,0.0,0.0,1.0,1.0,0.0
16,270,7.671327332481719,4.779030008898522,0.0,0.0,0.0,0.0,1.0,1.0
17,270,9.1786143056116,4.269333022705146,0.0,0.0,0.0,0.0,1.0,1.0
18,270,2.5263485745391283,10.830150745246211,0.0,1.0,0.0,0.0,0.0,1.0
19,270,1.0960335786491593,5.355769334545184,0.0,1.0,0.0,0.0,1.0,0.0
0,275,4.671526526784785,6.9515870822745525,0.0,0.0,1.0,1.0,1.0,0.0
1,275,11.054355788298787,2.988450690718532,0.0,0.0,1.0,0.0,0.0,0.0
2,275,6.964439250877679,11.999545268389005,1.0,0.0,0.0,1.0,1.0,1.0
3,275,6.5770170755517015,9.375737951258824,0.0,0.0,0.0,0.0,1.0,1.0
4,275,10.910944020231412,6.026733352919921,1.0,0.0,1.0,0.0,1.0,1.0
5,275,2.829056461636144,0.0,0.0,1.0,0.0,0.0,0.0,0.0
6,275,7.957723304603461,6.151968975931886,0.0,1.0,0.0,1.0,1.0,0.0
7,275,0.0,4.444481899176087,0.0,1.0,0.0,1.0,0.0,0.0
8,275,0.8081363890514088,0.7387487668670892,0.0,0.0,0.0,1.0,0.0,0.0
9,275,12.0,0.0,1.0,0.0,1.0,0.0,0.0,1.0
10,275,6.320300303055751,7.563039877990298,1.0,0.0,0.0,0.0,1.0,1.0
11,275,8.012368790679275,2.635201908406707,1.0,0.0,1.0,0.0,0.0,1.0
12,275,4.608916324581928,9.310067562941985,0.0,0.0,1.0,1.0,0.0,0.0
13,275,4.030904345525794,1.2093604868659122,0.0,0.0,1.0,0.0,0.0,0.0
14,275,0.1066817806984915,5.83221682707434,1.0,1.0,1.0,0.0,0.0,1.0
15,275,12.0,11.038496655456862,0.0,0.0,0.0,1.0,1.0,0.0
16,275,7.665783079922886,4.796836839833176,0.0,0.0,0.0,0.0,1.0,1.0
17,275,9.131845146852442,4.17932599106843,0.0,0.0,0.0,0.0,1.0,1.0
18,275,2.6159107765708844,10.8059026334239,0.0,1.0,0.0,0.0,0.0,1.0
19,275,1.094138640542859,5.35672359104101,0.0,1.0,0.0,0.0,1.0,0.0
0,280,4.777364628830506,6.958411041171527,0.0,0.0,1.0,1.0,1.0,0.0
1,280,10.999921299892229,2.9958945083271984,0.0,0.0,1.0,0.0,0.0,0.0
2,280,6.979483084723932,11.991275983330112,1.0,0.0,0.0,1.0,1.0,1.0
3,280,6.6673833743652215,9.227198994926416,0.0,0.0,0.0,0.0,1.0,1.0
4,280,10.93245441227966,6.09292666430267,1.0,0.0,1.0,0.0,1.0,1.0
5,280,2.8873691270206887,0.0,0.0,1.0,0.0,0.0,0.0,0.0
6,280,8.042101616421366,6.115191612366648,0.0,1.0,0.0,1.0,1.0,0.0
7,280,0.0,4.531750667277448,0.0,1.0,0.0,1.0,0.0,0.0
8,280,0.7315109751251967,0.6655259158619947,0.0,0.0,0.0,1.0,0.0,0.0
9,280,12.0,0.0,1.0,0.0,1.0,0.0,0.0,1.0
10,280,6.428918524115908,7.531874091701617,1.0,0.0,0.0,0.0,1.0,1.0
11,280,8.215098512192798,2.587923717383345,1.0,0.0,1.0,0.0,0.0,1.0
12,280,4.608056097502735,9.338134335922714,0.0,0.0,1.0,1.0,0.0,0.0
13,280,4.035385463932868,1.2350508251045489,0.0,0.0,1.0,0.0,0.0,0.0
14,280,0.0084997192451513,5.814681029799821,1.0,1.0,1.0,0.0,0.0,1.0
15,280,12.0,11.098516774842162,0.0,0.0,0.0,1.0,1.0,0.0
16,280,7.661921235080729,4.809586566662792,0.0,0.0,0.0,0.0,1.0,1.0
17,280,9.079856901653676,4.081578478652091,0.0,0.0,0.0,0.0,1.0,1.0
18,280,2.7042874892339004,10.782688608425378,0.0,1.0,0.0,0.0,0.0,1.0
19,280,1.0857297652495037,5.361296525669162,0.0,1.0,0.0,0.0,1.0,0.0
0,285,4.910163394210318,6.966435695100526,0.0,0.0,1.0,1.0,1.0,0.0
1,285,10.973529670512292,2.999648667456657,0.0,0.0,1.0,0.0,0.0,0.0
2,285,6.985001742433919,12.0,1.0,0.0,0.0,1.0,1.0,1.0
3,285,6.747346063357908,9.098852584705972,0.0,0.0,0.0,0.0,1.0,1.0
4,285,10.957663436893178,6.169850672429128,1.0,0.0,1.0,0.0,1.0,1.0
5,285,2.9489147756185914,0.0,0.0,1.0,0.0,0.0,0.0,0.0
6,285,8.131904280110616,6.076324475653857,0.0,1.0,0.0,1.0,1.0,0.0
7,285,0.0,4.615370383779464,0.0,1.0,0.0,1.0,0.0,0.0
8,285,0.6481147685061781,0.5830659712985535,0.0,0.0,0.0,1.0,0.0,0.0
9,285,12.0,0.0,1.0,0.0,1.0,0.0,0.0,1.0
10,285,6.537940796356011,7.499505760400719,1.0,0.0,0.0,0.0,1.0,1.0
11,285,8.438136579521228,2.5392693474847303,1.0,0.0,1.0,0.0,0.0,1.0
12,285,4.607409456846561,9.386726851965012,0.0,0.0,1.0,1.0,0.0,0.0
13,285,4.039289407587912,1.257033830969175,0.0,0.0,1.0,0.0,0.0,0.0
14,285,0.0,5.79756163179713,1.0,1.0,1.0,0.0,0.0,1.0
15,285,12.0,11.157391782462252,0.0,0.0,0.0,1.0,1.0,0.0
16,285,7.659960235022197,4.815671191853786,0.0,0.0,0.0,0.0,1.0,1.0
17,285,9.037983278972256,3.995441163685584,0.0,0.0,0.0,0.0,1.0,1.0
18,285,2.800802376100469,10.756009075815836,0.0,1.0,0.0,0.0,0.0,1.0
19,285,1.069892471273774,5.370357436972987,0.0,1.0,0.0,0.0,1.0,0.0
0,290,5.0567520471980325,6.977541698373444,0.0,0.0,1.0,1.0,1.0,0.0
1,290,10.939837848870823,3.004869366476531,0.0,0.0,1.0,0.0,0.0,0.0
2,290,6.9827474149471405,11.995842817141138,1.0,0.0,0.0,1.0,1.0,1.0
3,290,6.833237130221378,8.964918539231642,0.0,0.0,0.0,0.0,1.0,1.0
4,290,10.979282049374776,6.233631483779661,1.0,0.0,1.0,0.0,1.0,1.0
5,290,3.012531847587478,0.0,0.0,1.0,0.0,0.0,0.0,0.0
6,290,8.222067251239643,6.036147601956204,0.0,1.0,0.0,1.0,1.0,0.0
7,290,0.0,4.710445112429036,0.0,1.0,0.0,1.0,0.0,0.0
8,290,0.5520353958559989,0.4879030287657399,0.0,0.0,0.0,1.0,0.0,0.0
9,290,12.0,0.0,1.0,0.0,1.0,0.0,0.0,1.0
10,290,6.642954729029325,7.467462926896727,1.0,0.0,0.0,0.0,1.0,1.0
11,290,8.66191779979545,2.497010900982633,1.0,0.0,1.0,0.0,0.0,1.0
12,290,4.607922740504943,9.427222367174672,0.0,0.0,1.0,1.0,0.0,0.0
13,290,4.047315220602241,1.2935337993275355,0.0,0.0,1.0,0.0,0.0,0.0
14,290,0.0,5.78295090977908,1.0,1.0,1.0,0.0,0.0,1.0
15,290,12.0,11.228173619005815,0.0,0.0,0.0,1.0,1.0,0.0
16,290,7.661427837494473,4.811293507810221,0.0,0.0,0.0,0.0,1.0,1.0
17,290,8.99146917396566,3.900568787718398,0.0,0.0,0.0,0.0,1.0,1.0
18,290,2.909699734376673,10.726385972250792,0.0,1.0,0.0,0.0,0.0,1.0
19,290,1.052091626666376,5.380442037861168,0.0,1.0,0.0,0.0,1.0,0.0
0,295,5.179273519518135,6.985866403709444,0.0,0.0,1.0,1.0,1.0,0.0
1,295,10.931091164747157,3.0059541230304565,0.0,0.0,1.0,0.0,0.0,0.0
2,295,6.975022973531423,11.980869158103552,1.0,0.0,0.0,1.0,1.0,1.0
3,295,6.909093993499821,8.855038677910958,0.0,0.0,0.0,0.0,1.0,1.0
4,295,10.99823954962474,6.289689956890692,1.0,0.0,1.0,0.0,1.0,1.0
5,295,3.0742904669876774,0.0,0.0,1.0,0.0,0.0,0.0,0.0
6,295,8.29680358635892,6.003939594889041,0.0,1.0,0.0,1.0,1.0,0.0
7,295,0.0,4.798459189256676,0.0,1.0,0.0,1.0,0.0,0.0
8,295,0.4817951007790985,0.4128210647364472,0.0,0.0,0.0,1.0,0.0,0.0
9,295,12.0,0.0,1.0,0.0,1.0,0.0,0.0,1.0
10,295,6.743483976489816,7.436912981734166,1.0,0.0,0.0,0.0,1.0,1.0
11,295,8.892975873361983,2.4543853711354187,1.0,0.0,1.0,0.0,0.0,1.0
12,295,4.609093047913797,9.450918726575509,0.0,0.0,1.0,1.0,0.0,0.0
13,295,4.054018891815517,1.321441776072766,0.0,0.0,1.0,0.0,0.0,0.0
14,295,0.0,5.770725835654809,1.0,1.0,1.0,0.0,0.0,1.0
15,295,12.0,11.290880562974012,0.0,0.0,0.0,1.0,1.0,0.0
16,295,7.65790443290212,4.82192619136978,0.0,0.0,0.0,0.0,1.0,1.0
17,295,8.942926878129128,3.794708034285312,0.0,0.0,0.0,0.0,1.0,1.0
18,295,3.035572035804411,10.692939248112138,0.0,1.0,0.0,0.0,0.0,1.0
19,295,1.045222959665497,5.384157514083458,0.0,1.0,0.0,0.0,1.0,0.0
