0,0,12.0,3.9930105195227807,0.0,0.0,1.0,1.0,1.0,0.0
1,0,2.017034920959222,9.954065122410691,0.0,0.0,1.0,0.0,0.0,0.0
2,0,2.9804243178448,12.0,1.0,0.0,0.0,1.0,1.0,1.0
3,0,2.0375316310137515,4.062819691492142,0.0,0.0,0.0,0.0,1.0,1.0
4,0,0.0089644973335564,10.96035928379789,1.0,0.0,1.0,0.0,1.0,1.0
5,0,8.0279466866742,4.037841598076613,0.0,1.0,0.0,0.0,0.0,0.0
6,0,2.9917779678584444,4.019422727510762,0.0,1.0,0.0,1.0,1.0,0.0
7,0,3.081782444578401,7.976716702029239,0.0,1.0,0.0,1.0,0.0,0.0
8,0,2.0447340500890867,2.991333538584867,0.0,0.0,0.0,1.0,0.0,0.0
9,0,2.9659024063803505,4.019954074699399,1.0,0.0,1.0,0.0,0.0,1.0
10,0,10.031934270547724,0.9894642199767764,1.0,0.0,0.0,0.0,1.0,1.0
11,0,5.93691364653416,11.046249516078488,1.0,0.0,1.0,0.0,0.0,1.0
12,0,5.981132585463108,0.9518753670127168,0.0,0.0,1.0,1.0,0.0,0.0
13,0,3.04851165434289,0.0,0.0,0.0,1.0,0.0,0.0,0.0
14,0,3.0438760917969594,7.991153857603043,1.0,1.0,1.0,0.0,0.0,1.0
15,0,0.9335308635879592,7.981386848446699,0.0,0.0,0.0,1.0,1.0,0.0
16,0,0.0,8.961322636811433,0.0,0.0,0.0,0.0,1.0,1.0
17,0,9.013233400469227,9.961932454180069,0.0,0.0,0.0,0.0,1.0,1.0
18,0,8.9907207444806,3.9455189137830606,0.0,1.0,0.0,0.0,0.0,1.0
19,0,2.0051551767343696,1.9489075386433616,0.0,1.0,0.0,0.0,1.0,0.0
0,5,12.0,3.984235650199653,0.0,0.0,1.0,1.0,1.0,0.0
1,5,2.0334824836041188,9.909700354048374,0.0,0.0,1.0,0.0,0.0,0.0
2,5,2.967471396836025,12.0,1.0,0.0,0.0,1.0,1.0,1.0
3,5,2.0575925731262723,4.097986275900723,0.0,0.0,0.0,0.0,1.0,1.0
4,5,0.0190446448272452,10.92036030691772,1.0,0.0,1.0,0.0,1.0,1.0
5,5,8.061154378861504,4.082082242323958,0.0,1.0,0.0,0.0,0.0,0.0
6,5,2.997260253351142,4.005413271277265,0.0,1.0,0.0,1.0,1.0,0.0
7,5,3.148853844381493,7.955589059667653,0.0,1.0,0.0,1.0,0.0,0.0
8,5,2.09786203830208,2.9812814059217043,0.0,0.0,0.0,1.0,0.0,0.0
9,5,2.933503723326124,4.038730337580671,1.0,0.0,1.0,0.0,0.0,1.0
10,5,10.059135951838584,0.9804051588798792,1.0,0.0,0.0,0.0,1.0,1.0
11,5,5.866352916755739,11.096792550325782,1.0,0.0,1.0,0.0,0.0,1.0
12,5,5.95998943487775,0.8944592824497195,0.0,0.0,1.0,1.0,0.0,0.0
13,5,3.0973471275972844,0.0,0.0,0.0,1.0,0.0,0.0,0.0
14,5,3.0939085977880034,7.98096237146884,1.0,1.0,1.0,0.0,0.0,1.0
15,5,0.8684655896069489,7.963827783531131,0.0,0.0,0.0,1.0,1.0,0.0
16,5,0.0,8.922930384905992,0.0,0.0,0.0,0.0,1.0,1.0
17,5,9.026631054580903,9.922209789845242,0.0,0.0,0.0,0.0,1.0,1.0
18,5,8.982270016343694,3.887454236695257,0.0,1.0,0.0,0.0,0.0,1.0
19,5,2.0115061474828115,1.89689974378198,0.0,1.0,0.0,0.0,1.0,0.0
0,10,12.0,3.974258533961751,0.0,0.0,1.0,1.0,1.0,0.0
1,10,2.042378199539152,9.885197946382029,0.0,0.0,1.0,0.0,0.0,0.0
2,10,2.9557768908280138,12.0,1.0,0.0,0.0,1.0,1.0,1.0
3,10,2.0790355214076395,4.1361447285117565,0.0,0.0,0.0,0.0,1.0,1.0
4,10,0.0294494270327859,10.881521550320148,1.0,0.0,1.0,0.0,1.0,1.0
5,10,8.09319946198472,4.124865632880068,0.0,1.0,0.0,0.0,0.0,0.0
6,10,3.002538405726342,3.991795224301356,0.0,1.0,0.0,1.0,1.0,0.0
7,10,3.2063032813880694,7.935594126101316,0.0,1.0,0.0,1.0,0.0,0.0
8,10,2.137786473090083,2.9746383938875467,0.0,0.0,0.0,1.0,0.0,0.0
9,10,2.903069417909018,4.057251392754409,1.0,0.0,1.0,0.0,0.0,1.0
10,10,10.086967509523806,0.9712641565635272,1.0,0.0,0.0,0.0,1.0,1.0
11,10,5.795216674261771,11.147247911751949,1.0,0.0,1.0,0.0,0.0,1.0
12,10,5.9326775475947,0.8167490781643102,0.0,0.0,1.0,1.0,0.0,0.0
13,10,3.1562632137697086,0.0,0.0,0.0,1.0,0.0,0.0,0.0
14,10,3.154126891325793,7.96940115270424,1.0,1.0,1.0,0.0,0.0,1.0
15,10,0.8243890805081544,7.952822834131633,0.0,0.0,0.0,1.0,1.0,0.0
16,10,0.0,8.87970774913516,0.0,0.0,0.0,0.0,1.0,1.0
17,10,9.035000553410049,9.898143666832633,0.0,0.0,0.0,0.0,1.0,1.0
18,10,8.967140891061137,3.7840158628235,0.0,1.0,0.0,0.0,0.0,1.0
19,10,2.015277174799094,1.8572182957078216,0.0,1.0,0.0,0.0,1.0,0.0
0,15,12.0,3.960071212356177,0.0,0.0,1.0,1.0,1.0,0.0
1,15,2.054223818369987,9.851643951679916,0.0,0.0,1.0,0.0,0.0,0.0
2,15,3.013119982082941,12.0,1.0,0.0,0.0,1.0,1.0,1.0
3,15,2.100004679765022,4.172583959989836,0.0,0.0,0.0,0.0,1.0,1.0
4,15,0.0377035744082005,10.850828611262877,1.0,0.0,1.0,0.0,1.0,1.0
5,15,8.130184627609747,4.175806749350605,0.0,1.0,0.0,0.0,0.0,0.0
6,15,3.003883915984884,3.988220982098394,0.0,1.0,0.0,1.0,1.0,0.0
7,15,3.26286665284715,7.914422619692716,0.0,1.0,0.0,1.0,0.0,0.0
8,15,2.191210368189446,2.966006033114401,0.0,0.0,0.0,1.0,0.0,0.0
9,15,2.877099083153684,4.073170555091562,1.0,0.0,1.0,0.0,0.0,1.0
10,15,10.097888457884087,0.9676626847476654,1.0,0.0,0.0,0.0,1.0,1.0
11,15,5.708039045848882,11.209470932215815,1.0,0.0,1.0,0.0,0.0,1.0
12,15,5.903561068327355,0.7364872824393528,0.0,0.0,1.0,1.0,0.0,0.0
13,15,3.214760644044853,0.0,0.0,0.0,1.0,0.0,0.0,0.0
14,15,3.21909051973657,7.955293816548481,1.0,1.0,1.0,0.0,0.0,1.0
15,15,0.7740176991430173,7.939002289103935,0.0,0.0,0.0,1.0,1.0,0.0
16,15,0.0,8.839468884684099,0.0,0.0,0.0,0.0,1.0,1.0
17,15,9.045704916559952,9.867871545339598,0.0,0.0,0.0,0.0,1.0,1.0
18,15,8.95455666489216,3.6983068287140375,0.0,1.0,0.0,0.0,0.0,1.0
19,15,2.018825852837649,1.810434147924667,0.0,1.0,0.0,0.0,1.0,0.0
0,20,12.0,3.944609257247348,0.0,0.0,1.0,1.0,1.0,0.0
1,20,2.058383876568343,9.838680081060192,0.0,0.0,1.0,0.0,0.0,0.0
2,20,3.0807905199079,12.0,1.0,0.0,0.0,1.0,1.0,1.0
3,20,2.125967065179485,4.215350385125689,0.0,0.0,0.0,0.0,1.0,1.0
4,20,0.052044964528902,10.796584504595998,1.0,0.0,1.0,0.0,1.0,1.0
5,20,8.194767063284857,4.126720189231838,0.0,1.0,0.0,0.0,0.0,0.0
6,20,3.013701171732918,3.962334331387208,0.0,1.0,0.0,1.0,1.0,0.0
7,20,3.280269486582492,7.958805809075141,0.0,1.0,0.0,1.0,0.0,0.0
8,20,2.251398545126868,2.956962104660752,0.0,0.0,0.0,1.0,0.0,0.0
9,20,2.8554002644489818,4.085432992264648,1.0,0.0,1.0,0.0,0.0,1.0
10,20,10.104313387015202,0.9654469268115604,1.0,0.0,0.0,0.0,1.0,1.0
11,20,5.617250238216396,11.274031944232666,1.0,0.0,1.0,0.0,0.0,1.0
12,20,5.873363586928867,0.6483213199924798,0.0,0.0,1.0,1.0,0.0,0.0
13,20,3.269988579099993,0.0,0.0,0.0,1.0,0.0,0.0,0.0
14,20,3.2870715913682247,7.943355040781321,1.0,1.0,1.0,0.0,0.0,1.0
15,20,0.728134575810406,7.925507462019128,0.0,0.0,0.0,1.0,1.0,0.0
16,20,0.0,8.784401201119529,0.0,0.0,0.0,0.0,1.0,1.0
17,20,9.0523730016608,9.849428813397331,0.0,0.0,0.0,0.0,1.0,1.0
18,20,8.939776163467023,3.610229865818608,0.0,1.0,0.0,0.0,0.0,1.0
19,20,2.0257374153108434,1.74443092999662,0.0,1.0,0.0,0.0,1.0,0.0
0,25,12.0,3.928661690472424,0.0,0.0,1.0,1.0,1.0,0.0
1,25,2.0737947912090324,9.84343431308382,0.0,0.0,1.0,0.0,0.0,0.0
2,25,3.164513177683036,12.0,1.0,0.0,0.0,1.0,1.0,1.0
3,25,2.1520237828357063,4.257757645801919,0.0,0.0,0.0,0.0,1.0,1.0
4,25,0.0654221079875363,10.742561736943642,1.0,0.0,1.0,0.0,1.0,1.0
5,25,8.263206782922992,4.076757157484396,0.0,1.0,0.0,0.0,0.0,0.0
6,25,3.025254011593642,3.93197438289113,0.0,1.0,0.0,1.0,1.0,0.0
7,25,3.2984071161991717,8.005825523272614,0.0,1.0,0.0,1.0,0.0,0.0
8,25,2.313935184945407,2.9472490677578485,0.0,0.0,0.0,1.0,0.0,0.0
9,25,2.8275545370622464,4.1010289849550405,1.0,0.0,1.0,0.0,0.0,1.0
10,25,10.107888888157648,0.964240768340236,1.0,0.0,0.0,0.0,1.0,1.0
11,25,5.525775411844281,11.34318795572146,1.0,0.0,1.0,0.0,0.0,1.0
12,25,5.8539167700375,0.5914544724542804,0.0,0.0,1.0,1.0,0.0,0.0
13,25,3.321084627173663,0.0,0.0,0.0,1.0,0.0,0.0,0.0
14,25,3.3272831104639216,7.93555810043696,1.0,1.0,1.0,0.0,0.0,1.0
15,25,0.6745776081310992,7.910285136781464,0.0,0.0,0.0,1.0,1.0,0.0
16,25,0.0,8.730551625557055,0.0,0.0,0.0,0.0,1.0,1.0
17,25,9.053251877437605,9.847247225303226,0.0,0.0,0.0,0.0,1.0,1.0
18,25,8.924454727478109,3.5071302883124926,0.0,1.0,0.0,0.0,0.0,1.0
19,25,2.030672699567973,1.6944934456859262,0.0,1.0,0.0,0.0,1.0,0.0
0,30,12.0,3.9167958137448906,0.0,0.0,1.0,1.0,1.0,0.0
1,30,2.0838496220058893,9.846585818858916,0.0,0.0,1.0,0.0,0.0,0.0
2,30,3.2583025163603203,12.0,1.0,0.0,0.0,1.0,1.0,1.0
3,30,2.181731526573436,4.30388606711795,0.0,0.0,0.0,0.0,1.0,1.0
4,30,0.0749897431463903,10.703022190616402,1.0,0.0,1.0,0.0,1.0,1.0
5,30,8.336361717654956,4.027260485672686,0.0,1.0,0.0,0.0,0.0,0.0
6,30,3.033220382287602,3.9114042886609086,0.0,1.0,0.0,1.0,1.0,0.0
7,30,3.3160572279164886,8.050555994569837,0.0,1.0,0.0,1.0,0.0,0.0
8,30,2.3678619965151078,2.938611113744728,0.0,0.0,0.0,1.0,0.0,0.0
9,30,2.8117880146297347,4.109895559831586,1.0,0.0,1.0,0.0,0.0,1.0
10,30,10.119508148122412,0.9602759198193892,1.0,0.0,0.0,0.0,1.0,1.0
11,30,5.45450137841914,11.398369886644232,1.0,0.0,1.0,0.0,0.0,1.0
12,30,5.826809867027205,0.5138636944176906,0.0,0.0,1.0,1.0,0.0,0.0
13,30,3.3830686758621287,0.0,0.0,0.0,1.0,0.0,0.0,0.0
14,30,3.3468400602695865,7.931720367493808,1.0,1.0,1.0,0.0,0.0,1.0
15,30,0.6087070057930778,7.890671081010505,0.0,0.0,0.0,1.0,1.0,0.0
16,30,0.0,8.68075825277162,0.0,0.0,0.0,0.0,1.0,1.0
17,30,9.050998510723288,9.853074168447806,0.0,0.0,0.0,0.0,1.0,1.0
18,30,8.907181659063973,3.391139533570988,0.0,1.0,0.0,0.0,0.0,1.0
19,30,2.035149677878185,1.6476552280633996,0.0,1.0,0.0,0.0,1.0,0.0
0,35,12.0,3.904609373454504,0.0,0.0,1.0,1.0,1.0,0.0
1,35,2.075490903428607,9.843825314169557,0.0,0.0,1.0,0.0,0.0,0.0
2,35,3.355077506123876,12.0,1.0,0.0,0.0,1.0,1.0,1.0
3,35,2.217045322975748,4.35883507020818,0.0,0.0,0.0,0.0,1.0,1.0
4,35,0.0854287798572717,10.658893097153816,1.0,0.0,1.0,0.0,1.0,1.0
5,35,8.414112432447098,3.9748266797742446,0.0,1.0,0.0,0.0,0.0,0.0
6,35,3.053758699649282,3.8571445648524274,0.0,1.0,0.0,1.0,1.0,0.0
7,35,3.328978206883185,8.084799595934857,0.0,1.0,0.0,1.0,0.0,0.0
8,35,2.413833791543863,2.931608657738525,0.0,0.0,0.0,1.0,0.0,0.0
9,35,2.78578138802568,4.125310446700091,1.0,0.0,1.0,0.0,0.0,1.0
10,35,10.143866391861131,0.9517221024782768,1.0,0.0,0.0,0.0,1.0,1.0
11,35,5.378311648763609,11.45564979412339,1.0,0.0,1.0,0.0,0.0,1.0
12,35,5.804644556043117,0.4533199220719002,0.0,0.0,1.0,1.0,0.0,0.0
13,35,3.435585161777175,0.0,0.0,0.0,1.0,0.0,0.0,0.0
14,35,3.3644248840171884,7.927985035825841,1.0,1.0,1.0,0.0,0.0,1.0
15,35,0.5597632089820139,7.877810801602036,0.0,0.0,0.0,1.0,1.0,0.0
16,35,0.0,8.634002006114883,0.0,0.0,0.0,0.0,1.0,1.0
17,35,9.049140930992476,9.857753190621327,0.0,0.0,0.0,0.0,1.0,1.0
18,35,8.886555531212824,3.2729420213360294,0.0,1.0,0.0,0.0,0.0,1.0
19,35,2.0397656023650006,1.6006245011233742,0.0,1.0,0.0,0.0,1.0,0.0
0,40,12.0,3.896832553762355,0.0,0.0,1.0,1.0,1.0,0.0
1,40,2.0829518933392484,9.846375710675323,0.0,0.0,1.0,0.0,0.0,0.0
2,40,3.4419797173141173,12.0,1.0,0.0,0.0,1.0,1.0,1.0
3,40,2.254450598003883,4.417013503742481,0.0,0.0,0.0,0.0,1.0,1.0
4,40,0.0976615859849605,10.604652488769318,1.0,0.0,1.0,0.0,1.0,1.0
5,40,8.494929785417872,3.918865701956159,0.0,1.0,0.0,0.0,0.0,0.0
6,40,3.072782064167679,3.80477026158322,0.0,1.0,0.0,1.0,1.0,0.0
7,40,3.3436441742966085,8.12244895806653,0.0,1.0,0.0,1.0,0.0,0.0
8,40,2.43033079366754,2.929576722768421,0.0,0.0,0.0,1.0,0.0,0.0
9,40,2.749309127377271,4.147272271166688,1.0,0.0,1.0,0.0,0.0,1.0
10,40,10.176037089169798,0.9410208470042958,1.0,0.0,0.0,0.0,1.0,1.0
11,40,5.320839279283401,11.375136170736758,1.0,0.0,1.0,0.0,0.0,1.0
12,40,5.791738572464413,0.4202720079040739,0.0,0.0,1.0,1.0,0.0,0.0
13,40,3.485422252095131,0.0,0.0,0.0,1.0,0.0,0.0,0.0
14,40,3.3915330004712376,7.922548085993835,1.0,1.0,1.0,0.0,0.0,1.0
15,40,0.5096475727336955,7.864779216035846,0.0,0.0,0.0,1.0,1.0,0.0
16,40,0.0,8.58449053956122,0.0,0.0,0.0,0.0,1.0,1.0
17,40,9.048723457082506,9.85879663724739,0.0,0.0,0.0,0.0,1.0,1.0
18,40,8.865057369368913,3.1500929169720724,0.0,1.0,0.0,0.0,0.0,1.0
19,40,2.0437569692167656,1.551935129460535,0.0,1.0,0.0,0.0,1.0,0.0
0,45,12.0,3.890972246579122,0.0,0.0,1.0,1.0,1.0,0.0
1,45,2.088231268423963,9.848246193772791,0.0,0.0,1.0,0.0,0.0,0.0
2,45,3.462885860957,11.922628828139183,1.0,0.0,0.0,1.0,1.0,1.0
3,45,2.291496144542206,4.478008259870429,0.0,0.0,0.0,0.0,1.0,1.0
4,45,0.1063088102956038,10.564275378245004,1.0,0.0,1.0,0.0,1.0,1.0
5,45,8.574898550154204,3.862025190811796,0.0,1.0,0.0,0.0,0.0,0.0
6,45,3.092228476751832,3.751897794220349,0.0,1.0,0.0,1.0,1.0,0.0
7,45,3.3554729943795403,8.151662808706504,0.0,1.0,0.0,1.0,0.0,0.0
8,45,2.443075066212693,2.927962743563864,0.0,0.0,0.0,1.0,0.0,0.0
9,45,2.70545118395576,4.172918449729207,1.0,0.0,1.0,0.0,0.0,1.0
10,45,10.20843250073364,0.9301769355923803,1.0,0.0,0.0,0.0,1.0,1.0
11,45,5.266717315392977,11.296622699956384,1.0,0.0,1.0,0.0,0.0,1.0
12,45,5.778225827737343,0.382949042120799,0.0,0.0,1.0,1.0,0.0,0.0
13,45,3.537479864034337,0.0,0.0,0.0,1.0,0.0,0.0,0.0
14,45,3.4167836471819784,7.917681165682759,1.0,1.0,1.0,0.0,0.0,1.0
15,45,0.4671218093526206,7.853236732258026,0.0,0.0,0.0,1.0,1.0,0.0
16,45,0.0,8.525985803694123,0.0,0.0,0.0,0.0,1.0,1.0
17,45,9.052374853394138,9.849471819609434,0.0,0.0,0.0,0.0,1.0,1.0
18,45,8.83693342895991,3.0061097454366497,0.0,1.0,0.0,0.0,0.0,1.0
19,45,2.046987809983229,1.498748878559876,0.0,1.0,0.0,0.0,1.0,0.0
0,50,12.0,3.8869964068977136,0.0,0.0,1.0,1.0,1.0,0.0
1,50,2.1032627842549374,9.853664312134,0.0,0.0,1.0,0.0,0.0,0.0
2,50,3.480441551701199,11.85391873215818,1.0,0.0,0.0,1.0,1.0,1.0
3,50,2.33040745673329,4.547672040943974,0.0,0.0,0.0,0.0,1.0,1.0
4,50,0.1120479143524227,10.537596580685747,1.0,0.0,1.0,0.0,1.0,1.0
5,50,8.676215766085459,3.790458879892297,0.0,1.0,0.0,0.0,0.0,0.0
6,50,3.1082972443292767,3.7091309819201257,0.0,1.0,0.0,1.0,1.0,0.0
7,50,3.3705698986860653,8.189243954057149,0.0,1.0,0.0,1.0,0.0,0.0
8,50,2.4517231223305784,2.9265019335745808,0.0,0.0,0.0,1.0,0.0,0.0
9,50,2.6405866423771163,4.2122376544075735,1.0,0.0,1.0,0.0,0.0,1.0
10,50,10.233729649024054,0.9220976132182174,1.0,0.0,0.0,0.0,1.0,1.0
11,50,5.219044891059225,11.22796628495609,1.0,0.0,1.0,0.0,0.0,1.0
12,50,5.7810588178597575,0.3914073100299431,0.0,0.0,1.0,1.0,0.0,0.0
13,50,3.5900385557923102,0.0,0.0,0.0,1.0,0.0,0.0,0.0
14,50,3.447712518280681,7.911390222414492,1.0,1.0,1.0,0.0,0.0,1.0
15,50,0.4190136591344997,7.838321758160623,0.0,0.0,0.0,1.0,1.0,0.0
16,50,0.0,8.468709215484049,0.0,0.0,0.0,0.0,1.0,1.0
17,50,9.056321305466764,9.839708875040817,0.0,0.0,0.0,0.0,1.0,1.0
18,50,8.803096009798422,2.850418170366818,0.0,1.0,0.0,0.0,0.0,1.0
19,50,2.04911848883393,1.4748511570976868,0.0,1.0,0.0,0.0,1.0,0.0
0,55,12.0,3.885091863573423,0.0,0.0,1.0,1.0,1.0,0.0
1,55,2.136967941973213,9.866101947495247,0.0,0.0,1.0,0.0,0.0,0.0
2,55,3.500915647096716,11.767862938946882,1.0,0.0,0.0,1.0,1.0,1.0
3,55,2.361062556317797,4.600602304228389,0.0,0.0,0.0,0.0,1.0,1.0
4,55,0.111807296561574,10.538787849243317,1.0,0.0,1.0,0.0,1.0,1.0
5,55,8.778555750963177,3.7175796771330862,0.0,1.0,0.0,0.0,0.0,0.0
6,55,3.1230976011966143,3.6677450027241214,0.0,1.0,0.0,1.0,1.0,0.0
7,55,3.3907666467118114,8.23990557459867,0.0,1.0,0.0,1.0,0.0,0.0
8,55,2.459833400533903,2.925003372613194,0.0,0.0,0.0,1.0,0.0,0.0
9,55,2.5952101803125696,4.2413517222578045,1.0,0.0,1.0,0.0,0.0,1.0
10,55,10.257082600778894,0.9147815063561274,1.0,0.0,0.0,0.0,1.0,1.0
11,55,5.1611101348808885,11.143561519995794,1.0,0.0,1.0,0.0,0.0,1.0
12,55,5.787305960985677,0.4088507529019413,0.0,0.0,1.0,1.0,0.0,0.0
13,55,3.635753466135631,0.0,0.0,0.0,1.0,0.0,0.0,0.0
14,55,3.480647327532337,7.904577351324059,1.0,1.0,1.0,0.0,0.0,1.0
15,55,0.3761895927166285,7.825205182680308,0.0,0.0,0.0,1.0,1.0,0.0
16,55,0.0,8.411810692642543,0.0,0.0,0.0,0.0,1.0,1.0
17,55,9.064568613882564,9.819661443127815,0.0,0.0,0.0,0.0,1.0,1.0
18,55,8.772942501866778,2.706834237848122,0.0,1.0,0.0,0.0,0.0,1.0
19,55,2.050340576142933,1.4619608296430575,0.0,1.0,0.0,0.0,1.0,0.0
0,60,12.0,3.883026200756837,0.0,0.0,1.0,1.0,1.0,0.0
1,60,2.1828228046110767,9.881789770410434,0.0,0.0,1.0,0.0,0.0,0.0
2,60,3.522061053538151,11.67740510899527,1.0,0.0,0.0,1.0,1.0,1.0
3,60,2.3982836126549056,4.668497036622498,0.0,0.0,0.0,0.0,1.0,1.0
4,60,0.1176004997361863,10.515195197127117,1.0,0.0,1.0,0.0,1.0,1.0
5,60,8.899071183258908,3.6350110130138185,0.0,1.0,0.0,0.0,0.0,0.0
6,60,3.1344868389142304,3.6361968681596566,0.0,1.0,0.0,1.0,1.0,0.0
7,60,3.404270416382967,8.27280355838338,0.0,1.0,0.0,1.0,0.0,0.0
8,60,2.4893858363354875,2.9200543801906886,0.0,0.0,0.0,1.0,0.0,0.0
9,60,2.5566258584218744,4.264593368175565,1.0,0.0,1.0,0.0,0.0,1.0
10,60,10.285661896761532,0.9050115037807748,1.0,0.0,0.0,0.0,1.0,1.0
11,60,5.090137819092036,11.036045886525413,1.0,0.0,1.0,0.0,0.0,1.0
12,60,5.793150508383508,0.4251747028042096,0.0,0.0,1.0,1.0,0.0,0.0
13,60,3.6853642113352714,0.0,0.0,0.0,1.0,0.0,0.0,0.0
14,60,3.503351834135711,7.899679141488809,1.0,1.0,1.0,0.0,0.0,1.0
15,60,0.3346584257797961,7.812907962878532,0.0,0.0,0.0,1.0,1.0,0.0
16,60,0.0,8.350819494827366,0.0,0.0,0.0,0.0,1.0,1.0
17,60,9.070868234711885,9.803901116069705,0.0,0.0,0.0,0.0,1.0,1.0
18,60,8.744772323507249,2.5753335683752043,0.0,1.0,0.0,0.0,0.0,1.0
19,60,2.051550117903236,1.4511582229765343,0.0,1.0,0.0,0.0,1.0,0.0
0,65,12.0,3.88207875254016,0.0,0.0,1.0,1.0,1.0,0.0
1,65,2.213530686501678,9.891505387842257,0.0,0.0,1.0,0.0,0.0,0.0
2,65,3.544139303656612,11.587442535418251,1.0,0.0,0.0,1.0,1.0,1.0
3,65,2.4290633604073006,4.725081723342118,0.0,0.0,0.0,0.0,1.0,1.0
4,65,0.1220623110547581,10.498687354005725,1.0,0.0,1.0,0.0,1.0,1.0
5,65,9.020378929579088,3.547460497585301,0.0,1.0,0.0,0.0,0.0,0.0
6,65,3.1431847095383576,3.61139399174656,0.0,1.0,0.0,1.0,1.0,0.0
7,65,3.4216929759924573,8.311256377999879,0.0,1.0,0.0,1.0,0.0,0.0
8,65,2.5350341654595256,2.912086431561687,0.0,0.0,0.0,1.0,0.0,0.0
9,65,2.5081081472391165,4.290823293486208,1.0,0.0,1.0,0.0,0.0,1.0
10,65,10.32367179691066,0.8915220654926375,1.0,0.0,0.0,0.0,1.0,1.0
11,65,5.014909702681549,10.9309443603957,1.0,0.0,1.0,0.0,0.0,1.0
12,65,5.794278105668609,0.4283465858498564,0.0,0.0,1.0,1.0,0.0,0.0
13,65,3.745126209575855,0.0,0.0,0.0,1.0,0.0,0.0,0.0
14,65,3.5447756153362824,7.889449089536432,1.0,1.0,1.0,0.0,0.0,1.0
15,65,0.3077692601861417,7.804832819497808,0.0,0.0,0.0,1.0,1.0,0.0
16,65,0.0,8.279548811438167,0.0,0.0,0.0,0.0,1.0,1.0
17,65,9.078248643137028,9.786909128289231,0.0,0.0,0.0,0.0,1.0,1.0
18,65,8.713598763686075,2.432378820430036,0.0,1.0,0.0,0.0,0.0,1.0
19,65,2.051175042054349,1.454222025755265,0.0,1.0,0.0,0.0,1.0,0.0
0,70,12.0,3.880912817987199,0.0,0.0,1.0,1.0,1.0,0.0
1,70,2.2462368823930925,9.901083656224824,0.0,0.0,1.0,0.0,0.0,0.0
2,70,3.567243604202136,11.49730817268261,1.0,0.0,0.0,1.0,1.0,1.0
3,70,2.465184898251997,4.792126287639862,0.0,0.0,0.0,0.0,1.0,1.0
4,70,0.1213620644339286,10.5015286589557,1.0,0.0,1.0,0.0,1.0,1.0
5,70,9.15193583863656,3.453452494163461,0.0,1.0,0.0,0.0,0.0,0.0
6,70,3.1561097553235054,3.574921170054656,0.0,1.0,0.0,1.0,1.0,0.0
7,70,3.432658632963413,8.334605932513767,0.0,1.0,0.0,1.0,0.0,0.0
8,70,2.5732358548464163,2.9064392182385013,0.0,0.0,0.0,1.0,0.0,0.0
9,70,2.462941326629722,4.316246282856919,1.0,0.0,1.0,0.0,0.0,1.0
10,70,10.359927923470076,0.8783453368375922,1.0,0.0,0.0,0.0,1.0,1.0
11,70,4.941394023877557,10.82523213908121,1.0,0.0,1.0,0.0,0.0,1.0
12,70,5.793041882246201,0.4247871994415052,0.0,0.0,1.0,1.0,0.0,0.0
13,70,3.8312931064725415,0.0698044146012994,0.0,0.0,1.0,0.0,0.0,0.0
14,70,3.586366268397295,7.879354042883476,1.0,1.0,1.0,0.0,0.0,1.0
15,70,0.2809835009176175,7.79658115136584,0.0,0.0,0.0,1.0,1.0,0.0
16,70,0.0,8.199605002065097,0.0,0.0,0.0,0.0,1.0,1.0
17,70,9.091593845599771,9.75554164489468,0.0,0.0,0.0,0.0,1.0,1.0
18,70,8.681324324946628,2.292735087078487,0.0,1.0,0.0,0.0,0.0,1.0
19,70,2.0507370040479302,1.4581573142483888,0.0,1.0,0.0,0.0,1.0,0.0
0,75,12.0,3.879921331193386,0.0,0.0,1.0,1.0,1.0,0.0
1,75,2.285010741016481,9.912487259091598,0.0,0.0,1.0,0.0,0.0,0.0
2,75,3.5932322855428467,11.402603212703402,1.0,0.0,0.0,1.0,1.0,1.0
3,75,2.5030107488835878,4.859806872505559,0.0,0.0,0.0,0.0,1.0,1.0
4,75,0.1177231043411462,10.516748497908637,1.0,0.0,1.0,0.0,1.0,1.0
5,75,9.285653528819484,3.360907604713046,0.0,1.0,0.0,0.0,0.0,0.0
6,75,3.169268100894146,3.5359726739873825,0.0,1.0,0.0,1.0,1.0,0.0
7,75,3.4378979558529714,8.346751544716222,0.0,1.0,0.0,1.0,0.0,0.0
8,75,2.603603008036381,2.9014508640750964,0.0,0.0,0.0,1.0,0.0,0.0
9,75,2.425996036473961,4.336348786810689,1.0,0.0,1.0,0.0,0.0,1.0
10,75,10.38360249797634,0.8699684141134724,1.0,0.0,0.0,0.0,1.0,1.0
11,75,4.865794014320908,10.718103695379844,1.0,0.0,1.0,0.0,0.0,1.0
12,75,5.795059897986926,0.4305071050280623,0.0,0.0,1.0,1.0,0.0,0.0
13,75,3.926219046232976,0.1470170481057275,0.0,0.0,1.0,0.0,0.0,0.0
14,75,3.6149816246055,7.872746222513805,1.0,1.0,1.0,0.0,0.0,1.0
15,75,0.2306953145211795,7.78211134667232,0.0,0.0,0.0,1.0,1.0,0.0
16,75,0.0,8.112819097127227,0.0,0.0,0.0,0.0,1.0,1.0
17,75,9.101513847604554,9.733345527001305,0.0,0.0,0.0,0.0,1.0,1.0
18,75,8.643134653527978,2.1430001972314887,0.0,1.0,0.0,0.0,0.0,1.0
19,75,2.04885760055552,1.4762584239940215,0.0,1.0,0.0,0.0,1.0,0.0
0,80,12.0,3.87724797629098,0.0,0.0,1.0,1.0,1.0,0.0
1,80,2.3114847500821747,9.91986372300574,0.0,0.0,1.0,0.0,0.0,0.0
2,80,3.615167701044254,11.319536845451314,1.0,0.0,0.0,1.0,1.0,1.0
3,80,2.546469393646744,4.932099677379847,0.0,0.0,0.0,0.0,1.0,1.0
4,80,0.1132640142999624,10.535759305006302,1.0,0.0,1.0,0.0,1.0,1.0
5,80,9.42570439899932,3.258012478674992,0.0,1.0,0.0,0.0,0.0,0.0
6,80,3.185766606540406,3.485771924043528,0.0,1.0,0.0,1.0,1.0,0.0
7,80,3.442276397065622,8.356351626626354,0.0,1.0,0.0,1.0,0.0,0.0
8,80,2.616206970191884,2.899482319474969,0.0,0.0,0.0,1.0,0.0,0.0
9,80,2.390345237395301,4.356353240388395,1.0,0.0,1.0,0.0,0.0,1.0
10,80,10.410905440771648,0.85943076067064,1.0,0.0,0.0,0.0,1.0,1.0
11,80,4.786995134401254,10.603644718302522,1.0,0.0,1.0,0.0,0.0,1.0
12,80,5.796197593032868,0.4340349074625172,0.0,0.0,1.0,1.0,0.0,0.0
13,80,4.004368813535569,0.2110570728072664,0.0,0.0,1.0,0.0,0.0,0.0
14,80,3.604134487151165,7.875148959912103,1.0,1.0,1.0,0.0,0.0,1.0
15,80,0.1725487000563384,7.76621487445567,0.0,0.0,0.0,1.0,1.0,0.0
16,80,0.0,8.040518048382483,0.0,0.0,0.0,0.0,1.0,1.0
17,80,9.112763504447411,9.707540079853992,0.0,0.0,0.0,0.0,1.0,1.0
18,80,8.609545946443934,2.004675640670237,0.0,1.0,0.0,0.0,0.0,1.0
19,80,2.0457678799133787,1.5066729979530715,0.0,1.0,0.0,0.0,1.0,0.0
0,85,12.0,3.873823047140316,0.0,0.0,1.0,1.0,1.0,0.0
1,85,2.3486285543019463,9.930108738781684,0.0,0.0,1.0,0.0,0.0,0.0
2,85,3.6353135085105377,11.238635397290912,1.0,0.0,0.0,1.0,1.0,1.0
3,85,2.5955658723677253,5.011058555421948,0.0,0.0,0.0,0.0,1.0,1.0
4,85,0.106839904584114,10.564546430938805,1.0,0.0,1.0,0.0,1.0,1.0
5,85,9.569653120747876,3.161476023431181,0.0,1.0,0.0,0.0,0.0,0.0
6,85,3.20557617063384,3.4337478001021497,0.0,1.0,0.0,1.0,1.0,0.0
7,85,3.4422538140152423,8.356303581469765,0.0,1.0,0.0,1.0,0.0,0.0
8,85,2.6161053066281945,2.899499066945007,0.0,0.0,0.0,1.0,0.0,0.0
9,85,2.339378098177222,4.384572851679866,1.0,0.0,1.0,0.0,0.0,1.0
10,85,10.42452909150968,0.853754727162062,1.0,0.0,0.0,0.0,1.0,1.0
11,85,4.709591647300025,10.49674006871682,1.0,0.0,1.0,0.0,0.0,1.0
12,85,5.790223540971631,0.4153869311284685,0.0,0.0,1.0,1.0,0.0,0.0
13,85,4.080535499404032,0.2742324412069993,0.0,0.0,1.0,0.0,0.0,0.0
14,85,3.621733706628497,7.871120897295605,1.0,1.0,1.0,0.0,0.0,1.0
15,85,0.1189783320981218,7.751741699579904,0.0,0.0,0.0,1.0,1.0,0.0
16,85,0.0,7.963036402531037,0.0,0.0,0.0,0.0,1.0,1.0
17,85,9.1102929505933,9.713050750857526,0.0,0.0,0.0,0.0,1.0,1.0
18,85,8.575727163355044,1.8673648809082897,0.0,1.0,0.0,0.0,0.0,1.0
19,85,2.044048421313765,1.523010782728354,0.0,1.0,0.0,0.0,1.0,0.0
0,90,12.0,3.867301132061497,0.0,0.0,1.0,1.0,1.0,0.0
1,90,2.3877467265041945,9.940655381021797,0.0,0.0,1.0,0.0,0.0,0.0
2,90,3.657570760162548,11.14450927207367,1.0,0.0,0.0,1.0,1.0,1.0
3,90,2.640693451806687,5.086036427062331,0.0,0.0,0.0,0.0,1.0,1.0
4,90,0.0990995333065831,10.596470415890224,1.0,0.0,1.0,0.0,1.0,1.0
5,90,9.728634909313572,3.0569482380416546,0.0,1.0,0.0,0.0,0.0,0.0
6,90,3.223470700579657,3.384606907567209,0.0,1.0,0.0,1.0,1.0,0.0
7,90,3.4426094379319023,8.35707173286801,0.0,1.0,0.0,1.0,0.0,0.0
8,90,2.6139631618178103,2.899861305808267,0.0,0.0,0.0,1.0,0.0,0.0
9,90,2.2764479606279013,4.420608969670137,1.0,0.0,1.0,0.0,0.0,1.0
10,90,10.392861660613567,0.8671634784470157,1.0,0.0,0.0,0.0,1.0,1.0
11,90,4.6305227478540765,10.385392585574756,1.0,0.0,1.0,0.0,0.0,1.0
12,90,5.793448063522848,0.4255857881590584,0.0,0.0,1.0,1.0,0.0,0.0
13,90,4.155294697617388,0.3371842967089211,0.0,0.0,1.0,0.0,0.0,0.0
14,90,3.644173890756169,7.866360360572084,1.0,1.0,1.0,0.0,0.0,1.0
15,90,0.0717194253793865,7.739560862920252,0.0,0.0,0.0,1.0,1.0,0.0
16,90,0.0,7.882012698520258,0.0,0.0,0.0,0.0,1.0,1.0
17,90,9.104575318008484,9.72566500552874,0.0,0.0,0.0,0.0,1.0,1.0
18,90,8.543879060141453,1.7226422065524396,0.0,1.0,0.0,0.0,0.0,1.0
19,90,2.041178113700393,1.5494486296315129,0.0,1.0,0.0,0.0,1.0,0.0
0,95,12.0,3.8574730313895023,0.0,0.0,1.0,1.0,1.0,0.0
1,95,2.444357422210101,9.955429370663309,0.0,0.0,1.0,0.0,0.0,0.0
2,95,3.688510308031588,11.018446168204784,1.0,0.0,0.0,1.0,1.0,1.0
3,95,2.690195714014603,5.171144429992462,0.0,0.0,0.0,0.0,1.0,1.0
4,95,0.0934451290748028,10.619508534559492,1.0,0.0,1.0,0.0,1.0,1.0
5,95,9.879002586274291,2.9597154320783976,0.0,1.0,0.0,0.0,0.0,0.0
6,95,3.2457606887459933,3.32517741653363,0.0,1.0,0.0,1.0,1.0,0.0
7,95,3.4299658865274734,8.330303055198042,0.0,1.0,0.0,1.0,0.0,0.0
8,95,2.620560481293236,2.8988865102363537,0.0,0.0,0.0,1.0,0.0,0.0
9,95,2.2141791482937534,4.455952294546096,1.0,0.0,1.0,0.0,0.0,1.0
10,95,10.350216847324976,0.8843868296324234,1.0,0.0,0.0,0.0,1.0,1.0
11,95,4.561755571102999,10.282432709629756,1.0,0.0,1.0,0.0,0.0,1.0
12,95,5.791275744699469,0.4187906497851034,0.0,0.0,1.0,1.0,0.0,0.0
13,95,4.248639162682226,0.4137589139809923,0.0,0.0,1.0,0.0,0.0,0.0
14,95,3.675539668536395,7.860012022157742,1.0,1.0,1.0,0.0,0.0,1.0
15,95,0.016023200826473,7.725595242274888,0.0,0.0,0.0,1.0,1.0,0.0
16,95,0.0,7.800129112727078,0.0,0.0,0.0,0.0,1.0,1.0
17,95,9.091536992160783,9.755570771333062,0.0,0.0,0.0,0.0,1.0,1.0
18,95,8.516348762271836,1.6021626446120898,0.0,1.0,0.0,0.0,0.0,1.0
19,95,2.03778054122135,1.5789361252986442,0.0,1.0,0.0,0.0,1.0,0.0
0,100,12.0,3.846875160134402,0.0,0.0,1.0,1.0,1.0,0.0
1,100,2.4981110447093955,9.968380815380057,0.0,0.0,1.0,0.0,0.0,0.0
2,100,3.715117987264655,10.909895347293512,1.0,0.0,0.0,1.0,1.0,1.0
3,100,2.7327337391473026,5.241489230633516,0.0,0.0,0.0,0.0,1.0,1.0
4,100,0.0837828586458893,10.661066473728733,1.0,0.0,1.0,0.0,1.0,1.0
5,100,10.033862827597108,2.861484902355882,0.0,1.0,0.0,0.0,0.0,0.0
6,100,3.2701859330342877,3.2516507304823934,0.0,1.0,0.0,1.0,1.0,0.0
7,100,3.421072964050768,8.311734190676619,0.0,1.0,0.0,1.0,0.0,0.0
8,100,2.635940866456033,2.89689979552797,0.0,0.0,0.0,1.0,0.0,0.0
9,100,2.150793008951631,4.491532894117254,1.0,0.0,1.0,0.0,0.0,1.0
10,100,10.297819773870454,0.9053339798298472,1.0,0.0,0.0,0.0,1.0,1.0
11,100,4.500425158178095,10.189976808156135,1.0,0.0,1.0,0.0,0.0,1.0
12,100,5.794784501001176,0.4292677864548092,0.0,0.0,1.0,1.0,0.0,0.0
13,100,4.355063138065737,0.497224666604063,0.0,0.0,1.0,0.0,0.0,0.0
14,100,3.701532401246491,7.854061086162622,1.0,1.0,1.0,0.0,0.0,1.0
15,100,0.0,7.709803906794116,0.0,0.0,0.0,1.0,1.0,0.0
16,100,0.0,7.724020768992076,0.0,0.0,0.0,0.0,1.0,1.0
17,100,9.07268790765884,9.795461597985502,0.0,0.0,0.0,0.0,1.0,1.0
18,100,8.48780335760916,1.479931203638987,0.0,1.0,0.0,0.0,0.0,1.0
19,100,2.0324187226113213,1.6133367077756926,0.0,1.0,0.0,0.0,1.0,0.0
0,105,12.0,3.840214005872054,0.0,0.0,1.0,1.0,1.0,0.0
1,105,2.544599358208503,9.980268585342372,0.0,0.0,1.0,0.0,0.0,0.0
2,105,3.742280778866687,10.809098822344636,1.0,0.0,0.0,1.0,1.0,1.0
3,105,2.763456539448981,5.291422219469859,0.0,0.0,0.0,0.0,1.0,1.0
4,105,0.075728304990158,10.69864456612742,1.0,0.0,1.0,0.0,1.0,1.0
5,105,10.205777514242683,2.749166628212956,0.0,1.0,0.0,0.0,0.0,0.0
6,105,3.2936962771701506,3.182052601582102,0.0,1.0,0.0,1.0,1.0,0.0
7,105,3.415464674447435,8.299320684532749,0.0,1.0,0.0,1.0,0.0,0.0
8,105,2.6302619404463026,2.897627937397341,0.0,0.0,0.0,1.0,0.0,0.0
9,105,2.082165553593507,4.531172240610199,1.0,0.0,1.0,0.0,0.0,1.0
10,105,10.233187757080108,0.9296288062987104,1.0,0.0,0.0,0.0,1.0,1.0
11,105,4.437826388765132,10.090710020202378,1.0,0.0,1.0,0.0,0.0,1.0
12,105,5.794195296720631,0.4274190033149688,0.0,0.0,1.0,1.0,0.0,0.0
13,105,4.469945691136653,0.5837324603243206,0.0,0.0,1.0,0.0,0.0,0.0
14,105,3.711728007068817,7.851486398975735,1.0,1.0,1.0,0.0,0.0,1.0
15,105,0.0,7.694804072983148,0.0,0.0,0.0,1.0,1.0,0.0
16,105,0.0,7.654589304610712,0.0,0.0,0.0,0.0,1.0,1.0
17,105,9.049789581211138,9.840319160409967,0.0,0.0,0.0,0.0,1.0,1.0
18,105,8.459779769349902,1.336316481462147,0.0,1.0,0.0,0.0,0.0,1.0
19,105,2.023371915240742,1.6630757800013911,0.0,1.0,0.0,0.0,1.0,0.0
0,110,12.0,3.832006947617071,0.0,0.0,1.0,1.0,1.0,0.0
1,110,2.590976759296263,9.992553487584228,0.0,0.0,1.0,0.0,0.0,0.0
2,110,3.775481344111534,10.686407386090313,1.0,0.0,0.0,1.0,1.0,1.0
3,110,2.796086779071669,5.343099138927319,0.0,0.0,0.0,0.0,1.0,1.0
4,110,0.0689172757053894,10.730589305506914,1.0,0.0,1.0,0.0,1.0,1.0
5,110,10.378956437834743,2.638070991237917,0.0,1.0,0.0,0.0,0.0,0.0
6,110,3.3110336538446474,3.1256360125313725,0.0,1.0,0.0,1.0,1.0,0.0
7,110,3.400468592926126,8.267287973426432,0.0,1.0,0.0,1.0,0.0,0.0
8,110,2.6381842846884624,2.8967958977482557,0.0,0.0,0.0,1.0,0.0,0.0
9,110,2.005668638911416,4.574992746147457,1.0,0.0,1.0,0.0,0.0,1.0
10,110,10.176107563744424,0.950369796298268,1.0,0.0,0.0,0.0,1.0,1.0
11,110,4.367864266247088,9.982015175279694,1.0,0.0,1.0,0.0,0.0,1.0
12,110,5.784382855345527,0.3981133297557263,0.0,0.0,1.0,1.0,0.0,0.0
13,110,4.578830451238663,0.6655850036000069,0.0,0.0,1.0,0.0,0.0,0.0
14,110,3.7419982768076494,7.843733422573813,1.0,1.0,1.0,0.0,0.0,1.0
15,110,0.0,7.680165658757409,0.0,0.0,0.0,1.0,1.0,0.0
16,110,0.0,7.571479335584391,0.0,0.0,0.0,0.0,1.0,1.0
17,110,9.026084594573216,9.883944482618336,0.0,0.0,0.0,0.0,1.0,1.0
18,110,8.433473543698824,1.209367374635982,0.0,1.0,0.0,0.0,0.0,1.0
19,110,2.013230822172957,1.7192660091793908,0.0,1.0,0.0,0.0,1.0,0.0
0,115,12.0,3.821732522892822,0.0,0.0,1.0,1.0,1.0,0.0
1,115,2.627258816760716,10.002483581832422,0.0,0.0,1.0,0.0,0.0,0.0
2,115,3.80581090211623,10.568844996915509,1.0,0.0,0.0,1.0,1.0,1.0
3,115,2.832952555576424,5.402867996666747,0.0,0.0,0.0,0.0,1.0,1.0
4,115,0.0576702229457714,10.790824626412617,1.0,0.0,1.0,0.0,1.0,1.0
5,115,10.560683082990876,2.5232442754275373,0.0,1.0,0.0,0.0,0.0,0.0
6,115,3.3260699226513486,3.0745200807652084,0.0,1.0,0.0,1.0,1.0,0.0
7,115,3.383144376558583,8.228326394871038,0.0,1.0,0.0,1.0,0.0,0.0
8,115,2.6545163162628373,2.895457659608716,0.0,0.0,0.0,1.0,0.0,0.0
9,115,1.9140022446943117,4.628035992126512,1.0,0.0,1.0,0.0,0.0,1.0
10,115,10.111761493491668,0.9728627563682926,1.0,0.0,0.0,0.0,1.0,1.0
11,115,4.296811272906718,9.871063635671206,1.0,0.0,1.0,0.0,0.0,1.0
12,115,5.770694072750539,0.3583956610327176,0.0,0.0,1.0,1.0,0.0,0.0
13,115,4.67391366592768,0.740908725778205,0.0,0.0,1.0,0.0,0.0,0.0
14,115,3.7978646144808583,7.829218812023797,1.0,1.0,1.0,0.0,0.0,1.0
15,115,0.0,7.665871568946464,0.0,0.0,0.0,1.0,1.0,0.0
16,115,0.0,7.489817517732162,0.0,0.0,0.0,0.0,1.0,1.0
17,115,9.00574345247954,9.921580651780792,0.0,0.0,0.0,0.0,1.0,1.0
18,115,8.401468165120736,1.0640997065469633,0.0,1.0,0.0,0.0,0.0,1.0
19,115,1.99906061722615,1.785457144707995,0.0,1.0,0.0,0.0,1.0,0.0
0,120,12.0,3.807096601668941,0.0,0.0,1.0,1.0,1.0,0.0
1,120,2.6336658953430425,10.004341067427909,0.0,0.0,1.0,0.0,0.0,0.0
2,120,3.835260085434872,10.454683620913528,1.0,0.0,0.0,1.0,1.0,1.0
3,120,2.8660607933798383,5.460098039122268,0.0,0.0,0.0,0.0,1.0,1.0
4,120,0.0475537794330355,10.848196471142565,1.0,0.0,1.0,0.0,1.0,1.0
5,120,10.746300174170369,2.404974683968738,0.0,1.0,0.0,0.0,0.0,0.0
6,120,3.3365002813010087,3.043104970687564,0.0,1.0,0.0,1.0,1.0,0.0
7,120,3.3556775431254064,8.165761068211536,0.0,1.0,0.0,1.0,0.0,0.0
8,120,2.65463433807865,2.8967236895556936,0.0,0.0,0.0,1.0,0.0,0.0
9,120,1.8050894959683197,4.69053678085365,1.0,0.0,1.0,0.0,0.0,1.0
10,120,10.016464163956126,1.003168367698296,1.0,0.0,0.0,0.0,1.0,1.0
11,120,4.221073104268709,9.756513175012715,1.0,0.0,1.0,0.0,0.0,1.0
12,120,5.749716622158989,0.2989192031925325,0.0,0.0,1.0,1.0,0.0,0.0
13,120,4.756333096616132,0.808194942731796,0.0,0.0,1.0,0.0,0.0,0.0
14,120,3.830222408206727,7.821330836810273,1.0,1.0,1.0,0.0,0.0,1.0
15,120,0.0,7.650766786975754,0.0,0.0,0.0,1.0,1.0,0.0
16,120,0.0,7.413446634681666,0.0,0.0,0.0,0.0,1.0,1.0
17,120,8.996014827163185,9.939261122366563,0.0,0.0,0.0,0.0,1.0,1.0
18,120,8.374148220943919,0.9350533895602228,0.0,1.0,0.0,0.0,0.0,1.0
19,120,1.9849665889316437,1.845407886293546,0.0,1.0,0.0,0.0,1.0,0.0
0,125,12.0,3.79589713231186,0.0,0.0,1.0,1.0,1.0,0.0
1,125,2.653432987536304,10.01063101466274,0.0,0.0,1.0,0.0,0.0,0.0
2,125,3.867373488143925,10.320668856142891,1.0,0.0,0.0,1.0,1.0,1.0
3,125,2.8952466219730235,5.509000960973569,0.0,0.0,0.0,0.0,1.0,1.0
4,125,0.0404916694759167,10.8895892035359,1.0,0.0,1.0,0.0,1.0,1.0
5,125,10.930324422337137,2.2936264075313795,0.0,1.0,0.0,0.0,0.0,0.0
6,125,3.3504371880429917,2.999238261038622,0.0,1.0,0.0,1.0,1.0,0.0
7,125,3.326264370890879,8.097384365790315,0.0,1.0,0.0,1.0,0.0,0.0
8,125,2.6543078779310867,2.892229313982996,0.0,0.0,0.0,1.0,0.0,0.0
9,125,1.688162360263144,4.755943795003871,1.0,0.0,1.0,0.0,0.0,1.0
10,125,9.914719061099284,1.0341079883435782,1.0,0.0,0.0,0.0,1.0,1.0
11,125,4.130872105744321,9.618238270045804,1.0,0.0,1.0,0.0,0.0,1.0
12,125,5.730422096348687,0.2388931053690931,0.0,0.0,1.0,1.0,0.0,0.0
13,125,4.830347137378819,0.8697592417909311,0.0,0.0,1.0,0.0,0.0,0.0
14,125,3.836511730565788,7.819582579910342,1.0,1.0,1.0,0.0,0.0,1.0
15,125,0.0,7.64143877859948,0.0,0.0,0.0,1.0,1.0,0.0
16,125,0.0,7.328143071498546,0.0,0.0,0.0,0.0,1.0,1.0
17,125,8.986172422566392,9.957388095401866,0.0,0.0,0.0,0.0,1.0,1.0
18,125,8.355548975891384,0.8255282749952287,0.0,1.0,0.0,0.0,0.0,1.0
19,125,1.9728363682591044,1.896829625906222,0.0,1.0,0.0,0.0,1.0,0.0
0,130,12.0,3.780783114594252,0.0,0.0,1.0,1.0,1.0,0.0
1,130,2.663017581390569,10.01351764175472,0.0,0.0,1.0,0.0,0.0,0.0
2,130,3.899768612996238,10.185906436959714,1.0,0.0,0.0,1.0,1.0,1.0
3,130,2.9270726579290725,5.560966214612906,0.0,0.0,0.0,0.0,1.0,1.0
4,130,0.0360426460266035,10.921081464052437,1.0,0.0,1.0,0.0,1.0,1.0
5,130,11.104590177123054,2.1908150093855303,0.0,1.0,0.0,0.0,0.0,0.0
6,130,3.368335738683088,2.93983342972014,0.0,1.0,0.0,1.0,1.0,0.0
7,130,3.2969128063800164,8.028208887757879,0.0,1.0,0.0,1.0,0.0,0.0
8,130,2.6543601365126936,2.8929421656232317,0.0,0.0,0.0,1.0,0.0,0.0
9,130,1.570809761265347,4.821418133729313,1.0,0.0,1.0,0.0,0.0,1.0
10,130,9.827447855813174,1.059164371226417,1.0,0.0,0.0,0.0,1.0,1.0
11,130,4.039380113456775,9.481795004686411,1.0,0.0,1.0,0.0,0.0,1.0
12,130,5.711980103064405,0.1818926342690065,0.0,0.0,1.0,1.0,0.0,0.0
13,130,4.90687406124105,0.9348709013338872,0.0,0.0,1.0,0.0,0.0,0.0
14,130,3.8389024624747146,7.818819226180425,1.0,1.0,1.0,0.0,0.0,1.0
15,130,0.0,7.632947883001559,0.0,0.0,0.0,1.0,1.0,0.0
16,130,0.0,7.244429096269464,0.0,0.0,0.0,0.0,1.0,1.0
17,130,8.958814713882326,10.007169945391228,0.0,0.0,0.0,0.0,1.0,1.0
18,130,8.334304643982147,0.7039666165794517,0.0,1.0,0.0,0.0,0.0,1.0
19,130,1.959158250175208,1.9606464244135136,0.0,1.0,0.0,0.0,1.0,0.0
0,135,12.0,3.76515032625312,0.0,0.0,1.0,1.0,1.0,0.0
1,135,2.659278829944977,10.01248887426958,0.0,0.0,1.0,0.0,0.0,0.0
2,135,3.929659853810509,10.05999962599012,1.0,0.0,0.0,1.0,1.0,1.0
3,135,2.970122539918024,5.635932153960174,0.0,0.0,0.0,0.0,1.0,1.0
4,135,0.0304471977288458,10.95749263696048,1.0,0.0,1.0,0.0,1.0,1.0
5,135,11.288277525792704,2.08637784440007,0.0,1.0,0.0,0.0,0.0,0.0
6,135,3.383395883568115,2.887043422053872,0.0,1.0,0.0,1.0,1.0,0.0
7,135,3.2607464148359613,7.944336178592279,0.0,1.0,0.0,1.0,0.0,0.0
8,135,2.654283923475466,2.8910862898278484,0.0,0.0,0.0,1.0,0.0,0.0
9,135,1.4427364147602209,4.891273802541644,1.0,0.0,1.0,0.0,0.0,1.0
10,135,9.75788871600162,1.0789443100080578,1.0,0.0,0.0,0.0,1.0,1.0
11,135,3.965676378566647,9.372828507842812,1.0,0.0,1.0,0.0,0.0,1.0
12,135,5.690898556848976,0.1183864351286962,0.0,0.0,1.0,1.0,0.0,0.0
13,135,4.972709373891704,0.9886518818072316,0.0,0.0,1.0,0.0,0.0,0.0
14,135,3.8428036295395422,7.817572651539414,1.0,1.0,1.0,0.0,0.0,1.0
15,135,0.0,7.621425349978827,0.0,0.0,0.0,1.0,1.0,0.0
16,135,0.0,7.152305592965135,0.0,0.0,0.0,0.0,1.0,1.0
17,135,8.938211458798229,10.04557302223199,0.0,0.0,0.0,0.0,1.0,1.0
18,135,8.312298107416543,0.5924649752994272,0.0,1.0,0.0,0.0,0.0,1.0
19,135,1.942778653336434,2.045693121997054,0.0,1.0,0.0,0.0,1.0,0.0
0,140,12.0,3.748196077817684,0.0,0.0,1.0,1.0,1.0,0.0
1,140,2.6536093624669803,10.010824344666128,0.0,0.0,1.0,0.0,0.0,0.0
2,140,3.9596528431834535,9.93064983523638,1.0,0.0,0.0,1.0,1.0,1.0
3,140,3.0089757615399746,5.704605878035706,0.0,0.0,0.0,0.0,1.0,1.0
4,140,0.0243280737458136,11.002071694859776,1.0,0.0,1.0,0.0,1.0,1.0
5,140,11.48937177623591,1.966525883306942,0.0,1.0,0.0,0.0,0.0,0.0
6,140,3.3993838361735067,2.836200718971384,0.0,1.0,0.0,1.0,1.0,0.0
7,140,3.219521008299385,7.848797715447642,0.0,1.0,0.0,1.0,0.0,0.0
8,140,2.654603917700636,2.8960856140801536,0.0,0.0,0.0,1.0,0.0,0.0
9,140,1.3352129118961482,4.951114268004346,1.0,0.0,1.0,0.0,0.0,1.0
10,140,9.703654556588711,1.0948810315582895,1.0,0.0,0.0,0.0,1.0,1.0
11,140,3.906715042147147,9.28660130133776,1.0,0.0,1.0,0.0,0.0,1.0
12,140,5.67085465340575,0.0568991301779719,0.0,0.0,1.0,1.0,0.0,0.0
13,140,5.025381912878629,1.0309485990050042,0.0,0.0,1.0,0.0,0.0,0.0
14,140,3.8644350483936414,7.811074481207406,1.0,1.0,1.0,0.0,0.0,1.0
15,140,0.0,7.6092844143249,0.0,0.0,0.0,1.0,1.0,0.0
16,140,0.0,7.056344516861579,0.0,0.0,0.0,0.0,1.0,1.0
17,140,8.91762251646583,10.083030778750876,0.0,0.0,0.0,0.0,1.0,1.0
18,140,8.293646589378733,0.4800440720487268,0.0,1.0,0.0,0.0,0.0,1.0
19,140,1.9284621352176416,2.12875461223392,0.0,1.0,0.0,0.0,1.0,0.0
0,145,12.0,3.733872217126778,0.0,0.0,1.0,1.0,1.0,0.0
1,145,2.6610590752813548,10.013070608231969,0.0,0.0,1.0,0.0,0.0,0.0
2,145,3.9903675040407416,9.787249921815231,1.0,0.0,0.0,1.0,1.0,1.0
3,145,3.054214770016332,5.7835220375881855,0.0,0.0,0.0,0.0,1.0,1.0
4,145,0.0161797008208581,11.061604111288036,1.0,0.0,1.0,0.0,1.0,1.0
5,145,11.68292133656423,1.851701045870009,0.0,1.0,0.0,0.0,0.0,0.0
6,145,3.4130467200563457,2.7902077109236583,0.0,1.0,0.0,1.0,1.0,0.0
7,145,3.1892867351343885,7.777829041278956,0.0,1.0,0.0,1.0,0.0,0.0
8,145,2.65405834297445,2.8878021864962173,0.0,0.0,0.0,1.0,0.0,0.0
9,145,1.230855386702702,5.007315521654928,1.0,0.0,1.0,0.0,0.0,1.0
10,145,9.642851113206351,1.1128374328621886,1.0,0.0,0.0,0.0,1.0,1.0
11,145,3.8450072634962926,9.201526236312448,1.0,0.0,1.0,0.0,0.0,1.0
12,145,5.652364019736928,0.0,0.0,0.0,1.0,1.0,0.0,0.0
13,145,5.0746557581025735,1.071972494884944,0.0,0.0,1.0,0.0,0.0,0.0
14,145,3.883917280866314,7.804804622649838,1.0,1.0,1.0,0.0,0.0,1.0
15,145,0.0,7.595345833696421,0.0,0.0,0.0,1.0,1.0,0.0
16,145,0.0,6.949967953226556,0.0,0.0,0.0,0.0,1.0,1.0
17,145,8.898193382765832,10.120081646694755,0.0,0.0,0.0,0.0,1.0,1.0
18,145,8.276886534607819,0.3736373695989705,0.0,1.0,0.0,0.0,0.0,1.0
19,145,1.9185384240211016,2.192657412418207,0.0,1.0,0.0,0.0,1.0,0.0
0,150,12.0,3.722899095995377,0.0,0.0,1.0,1.0,1.0,0.0
1,150,2.660761491829431,10.014049557417014,0.0,0.0,1.0,0.0,0.0,0.0
2,150,4.0194332369459005,9.650285879141135,1.0,0.0,0.0,1.0,1.0,1.0
3,150,3.098987715542113,5.867818163744621,0.0,0.0,0.0,0.0,1.0,1.0
4,150,0.0088878196576546,11.117862682646766,1.0,0.0,1.0,0.0,1.0,1.0
5,150,11.89629785967904,1.7245061213803008,0.0,1.0,0.0,0.0,0.0,0.0
6,150,3.419920557231064,2.7689552406912594,0.0,1.0,0.0,1.0,1.0,0.0
7,150,3.1502486507757346,7.685173501389477,0.0,1.0,0.0,1.0,0.0,0.0
8,150,2.6532932080761134,2.87228036959029,0.0,0.0,0.0,1.0,0.0,0.0
9,150,1.14471354572092,5.052607284223239,1.0,0.0,1.0,0.0,0.0,1.0
10,150,9.566276268731114,1.1343501544071677,1.0,0.0,0.0,0.0,1.0,1.0
11,150,3.774444756933817,9.110546919147772,1.0,0.0,1.0,0.0,0.0,1.0
12,150,5.633779169800024,0.0,0.0,0.0,1.0,1.0,0.0,0.0
13,150,5.10275727972298,1.0952407161868027,0.0,0.0,1.0,0.0,0.0,0.0
14,150,3.9022073718029646,7.798378130814567,1.0,1.0,1.0,0.0,0.0,1.0
15,150,0.0,7.583030823487123,0.0,0.0,0.0,1.0,1.0,0.0
16,150,0.0,6.84975300232921,0.0,0.0,0.0,0.0,1.0,1.0
17,150,8.877118787807575,10.159169948294592,0.0,0.0,0.0,0.0,1.0,1.0
18,150,8.183890479076044,0.3862355819778498,0.0,1.0,0.0,0.0,0.0,1.0
19,150,1.911756301031164,2.248296726087719,0.0,1.0,0.0,0.0,1.0,0.0
0,155,12.0,3.712562250302299,0.0,0.0,1.0,1.0,1.0,0.0
1,155,2.664174297815093,10.003074873252253,0.0,0.0,1.0,0.0,0.0,0.0
2,155,4.040158458891895,9.535268767717588,1.0,0.0,0.0,1.0,1.0,1.0
3,155,3.134717172227914,5.939055476957164,0.0,0.0,0.0,0.0,1.0,1.0
4,155,0.0,11.184647096050764,1.0,0.0,1.0,0.0,1.0,1.0
5,155,12.0,1.6171149620961895,0.0,1.0,0.0,0.0,0.0,0.0
6,155,3.4269913415678603,2.7471116520355814,0.0,1.0,0.0,1.0,1.0,0.0
7,155,3.112851112582644,7.600045254971717,0.0,1.0,0.0,1.0,0.0,0.0
8,155,2.6524628576732465,2.861529420324205,0.0,0.0,0.0,1.0,0.0,0.0
9,155,1.0716021247969776,5.090774046726176,1.0,0.0,1.0,0.0,0.0,1.0
10,155,9.514314071930734,1.1485712588618413,1.0,0.0,0.0,0.0,1.0,1.0
11,155,3.698747818690901,9.01040346074834,1.0,0.0,1.0,0.0,0.0,1.0
12,155,5.613459190765672,0.0,0.0,0.0,1.0,1.0,0.0,0.0
13,155,5.147281169947849,1.130552450009505,0.0,0.0,1.0,0.0,0.0,0.0
14,155,3.899985058390649,7.79915269947363,1.0,1.0,1.0,0.0,0.0,1.0
15,155,0.0,7.571985276709019,0.0,0.0,0.0,1.0,1.0,0.0
16,155,0.0,6.7395853339138725,0.0,0.0,0.0,0.0,1.0,1.0
17,155,8.849311446352958,10.209171175125515,0.0,0.0,0.0,0.0,1.0,1.0
18,155,8.103214407607277,0.3990330330081699,0.0,1.0,0.0,0.0,0.0,1.0
19,155,1.9047680954849424,2.305370482203488,0.0,1.0,0.0,0.0,1.0,0.0
0,160,12.0,3.70050428817386,0.0,0.0,1.0,1.0,1.0,0.0
1,160,2.670365874558966,9.984220113256349,0.0,0.0,1.0,0.0,0.0,0.0
2,160,4.064076799428968,9.424519584141189,1.0,0.0,0.0,1.0,1.0,1.0
3,160,3.1798880452316767,6.033082715032672,0.0,0.0,0.0,0.0,1.0,1.0
4,160,0.0,11.26949352389143,1.0,0.0,1.0,0.0,1.0,1.0
5,160,12.0,1.5092650746623906,0.0,1.0,0.0,0.0,0.0,0.0
6,160,3.436750237216964,2.7199264757719623,0.0,1.0,0.0,1.0,1.0,0.0
7,160,3.0860166394093147,7.538749612925516,0.0,1.0,0.0,1.0,0.0,0.0
8,160,2.651935111685321,2.855419820012784,0.0,0.0,0.0,1.0,0.0,0.0
9,160,1.0014280581426165,5.125676379428926,1.0,0.0,1.0,0.0,0.0,1.0
10,160,9.438255839073356,1.169371382574228,1.0,0.0,0.0,0.0,1.0,1.0
11,160,3.625873918841743,8.912244801175175,1.0,0.0,1.0,0.0,0.0,1.0
12,160,5.6004288561500415,0.0,0.0,0.0,1.0,1.0,0.0,0.0
13,160,5.206693545683034,1.178195695114455,0.0,0.0,1.0,0.0,0.0,0.0
14,160,3.91259469752534,7.79452578817733,1.0,1.0,1.0,0.0,0.0,1.0
15,160,0.0,7.557608265063183,0.0,0.0,0.0,1.0,1.0,0.0
16,160,0.0,6.63819478304272,0.0,0.0,0.0,0.0,1.0,1.0
17,160,8.813015531929702,10.272188965098591,0.0,0.0,0.0,0.0,1.0,1.0
18,160,8.032542481965356,0.4114493501051153,0.0,1.0,0.0,0.0,0.0,1.0
19,160,1.8986352329444909,2.364397053015004,0.0,1.0,0.0,0.0,1.0,0.0
0,165,12.0,3.6868311437289463,0.0,0.0,1.0,1.0,1.0,0.0
1,165,2.6738717381030743,9.973344516458848,0.0,0.0,1.0,0.0,0.0,0.0
2,165,4.088583079603922,9.308927560125207,1.0,0.0,0.0,1.0,1.0,1.0
3,165,3.220062780655693,6.112823927628649,0.0,0.0,0.0,0.0,1.0,1.0
4,165,0.0,11.345068498515756,1.0,0.0,1.0,0.0,1.0,1.0
5,165,12.0,1.3953444686681775,0.0,1.0,0.0,0.0,0.0,0.0
6,165,3.4504952942804508,2.6802271155129,0.0,1.0,0.0,1.0,1.0,0.0
7,165,3.054576987665816,7.4718688432657725,0.0,1.0,0.0,1.0,0.0,0.0
8,165,2.652615234735375,2.8648614086513398,0.0,0.0,0.0,1.0,0.0,0.0
9,165,0.9410904420549772,5.154435795212545,1.0,0.0,1.0,0.0,0.0,1.0
10,165,9.351576386078293,1.195246498790926,1.0,0.0,0.0,0.0,1.0,1.0
11,165,3.549006015537312,8.805180610839377,1.0,0.0,1.0,0.0,0.0,1.0
12,165,5.588450020446333,0.0,0.0,0.0,1.0,1.0,0.0,0.0
13,165,5.271422768345458,1.2353963314353928,0.0,0.0,1.0,0.0,0.0,0.0
14,165,3.91909858077684,7.79208676661784,1.0,1.0,1.0,0.0,0.0,1.0
15,165,0.0,7.541005210968874,0.0,0.0,0.0,1.0,1.0,0.0
16,165,0.0,6.521029638044773,0.0,0.0,0.0,0.0,1.0,1.0
17,165,8.785295817397127,10.324107629188028,0.0,0.0,0.0,0.0,1.0,1.0
18,165,7.964786466170929,0.421762252437089,0.0,1.0,0.0,0.0,0.0,1.0
19,165,1.8904169593171567,2.432805871566069,0.0,1.0,0.0,0.0,1.0,0.0
0,170,12.0,3.6741232320274713,0.0,0.0,1.0,1.0,1.0,0.0
1,170,2.680602518982929,9.950888524763698,0.0,0.0,1.0,0.0,0.0,0.0
2,170,4.1107156125480095,9.196699573689274,1.0,0.0,0.0,1.0,1.0,1.0
3,170,3.2683577199010574,6.213137681793705,0.0,0.0,0.0,0.0,1.0,1.0
4,170,0.0,11.432096775744949,1.0,0.0,1.0,0.0,1.0,1.0
5,170,12.0,1.2877193427612112,0.0,1.0,0.0,0.0,0.0,0.0
6,170,3.467008473559311,2.631618240107686,0.0,1.0,0.0,1.0,1.0,0.0
7,170,3.020553710844643,7.405244327555289,0.0,1.0,0.0,1.0,0.0,0.0
8,170,2.653204618121344,2.875007025549485,0.0,0.0,0.0,1.0,0.0,0.0
9,170,0.88395453417449,5.180581230738349,1.0,0.0,1.0,0.0,0.0,1.0
10,170,9.263517014032752,1.2209113326774634,1.0,0.0,0.0,0.0,1.0,1.0
11,170,3.482423349590768,8.717925114706782,1.0,0.0,1.0,0.0,0.0,1.0
12,170,5.570573431431508,0.0,0.0,0.0,1.0,1.0,0.0,0.0
13,170,5.339725828738195,1.295122460788177,0.0,0.0,1.0,0.0,0.0,0.0
14,170,3.924146143970423,7.790185009786185,1.0,1.0,1.0,0.0,0.0,1.0
15,170,0.0,7.516453527726408,0.0,0.0,0.0,1.0,1.0,0.0
16,170,0.0,6.4143041830149015,0.0,0.0,0.0,0.0,1.0,1.0
17,170,8.752142467995565,10.386097575545422,0.0,0.0,0.0,0.0,1.0,1.0
18,170,7.891089945732738,0.431373206113896,0.0,1.0,0.0,0.0,0.0,1.0
19,170,1.882394566987306,2.490126368221216,0.0,1.0,0.0,0.0,1.0,0.0
0,175,12.0,3.6591785669505783,0.0,0.0,1.0,1.0,1.0,0.0
1,175,2.686225594655016,9.933181937271922,0.0,0.0,1.0,0.0,0.0,0.0
2,175,4.138556260648911,9.066445871219727,1.0,0.0,0.0,1.0,1.0,1.0
3,175,3.316994381837337,6.317863891649305,0.0,0.0,0.0,0.0,1.0,1.0
4,175,0.0,11.508467499755994,1.0,0.0,1.0,0.0,1.0,1.0
5,175,12.0,1.1710124497356778,0.0,1.0,0.0,0.0,0.0,0.0
6,175,3.478888492686433,2.5965253408502846,0.0,1.0,0.0,1.0,1.0,0.0
7,175,2.9750280426207656,7.311528087880286,0.0,1.0,0.0,1.0,0.0,0.0
8,175,2.6549361529615245,2.901897235765712,0.0,0.0,0.0,1.0,0.0,0.0
9,175,0.8300012435943207,5.204103873038092,1.0,0.0,1.0,0.0,0.0,1.0
10,175,9.161117703050383,1.2525050554256838,1.0,0.0,0.0,0.0,1.0,1.0
11,175,3.4233926067997347,8.63952946359419,1.0,0.0,1.0,0.0,0.0,1.0
12,175,5.559437172527794,0.0,0.0,0.0,1.0,1.0,0.0,0.0
13,175,5.40618826340018,1.3491570276444802,0.0,0.0,1.0,0.0,0.0,0.0
14,175,3.9277486495498986,7.788649198834704,1.0,1.0,1.0,0.0,0.0,1.0
15,175,0.0,7.493529121191101,0.0,0.0,0.0,1.0,1.0,0.0
16,175,0.0,6.303932074777479,0.0,0.0,0.0,0.0,1.0,1.0
17,175,8.723805411228705,10.43731555703742,0.0,0.0,0.0,0.0,1.0,1.0
18,175,7.816100190007846,0.439741538274311,0.0,1.0,0.0,0.0,0.0,1.0
19,175,1.873736077577568,2.543228320325152,0.0,1.0,0.0,0.0,1.0,0.0
0,180,12.0,3.6425958424879936,0.0,0.0,1.0,1.0,1.0,0.0
1,180,2.690653606152469,9.91918202194573,0.0,0.0,1.0,0.0,0.0,0.0
2,180,4.163773308082832,8.950025791264169,1.0,0.0,0.0,1.0,1.0,1.0
3,180,3.364123262163252,6.414369518793853,0.0,0.0,0.0,0.0,1.0,1.0
4,180,0.0,11.578815650819289,1.0,0.0,1.0,0.0,1.0,1.0
5,180,12.0,1.060173821684154,0.0,1.0,0.0,0.0,0.0,0.0
6,180,3.4900448969563294,2.560913776671995,0.0,1.0,0.0,1.0,1.0,0.0
7,180,2.9350365302253936,7.230404642796166,0.0,1.0,0.0,1.0,0.0,0.0
8,180,2.6576342673092324,2.9416308735056296,0.0,0.0,0.0,1.0,0.0,0.0
9,180,0.7670195476060436,5.233139585087141,1.0,0.0,1.0,0.0,0.0,1.0
10,180,9.060928567963872,1.284035727139885,1.0,0.0,0.0,0.0,1.0,1.0
11,180,3.359890664829662,8.55416084792623,1.0,0.0,1.0,0.0,0.0,1.0
12,180,5.553268897397073,0.0,0.0,0.0,1.0,1.0,0.0,0.0
13,180,5.483544288671225,1.40730240853776,0.0,0.0,1.0,0.0,0.0,0.0
14,180,3.9205153064892384,7.791706680159609,1.0,1.0,1.0,0.0,0.0,1.0
15,180,0.0,7.476498242724725,0.0,0.0,0.0,1.0,1.0,0.0
16,180,0.0,6.196704598372036,0.0,0.0,0.0,0.0,1.0,1.0
17,180,8.701503198939669,10.476817297223135,0.0,0.0,0.0,0.0,1.0,1.0
18,180,7.750923179381477,0.4488018319937167,0.0,1.0,0.0,0.0,0.0,1.0
19,180,1.866249530749132,2.6031461048007585,0.0,1.0,0.0,0.0,1.0,0.0
0,185,12.0,3.6278543104959495,0.0,0.0,1.0,1.0,1.0,0.0
1,185,2.6962765139083285,9.90187418403113,0.0,0.0,1.0,0.0,0.0,0.0
2,185,4.190056634026242,8.835671371308798,1.0,0.0,0.0,1.0,1.0,1.0
3,185,3.4023123607289163,6.492863752311444,0.0,0.0,0.0,0.0,1.0,1.0
4,185,0.0,11.65500964745921,1.0,0.0,1.0,0.0,1.0,1.0
5,185,12.0,0.9522315295309608,0.0,1.0,0.0,0.0,0.0,0.0
6,185,3.50386127247506,2.5190604258631275,0.0,1.0,0.0,1.0,1.0,0.0
7,185,2.8898679327525927,7.135888111088487,0.0,1.0,0.0,1.0,0.0,0.0
8,185,2.658209853854046,2.9514708970910046,0.0,0.0,0.0,1.0,0.0,0.0
9,185,0.7036434242854349,5.263471198978938,1.0,0.0,1.0,0.0,0.0,1.0
10,185,8.950777868439998,1.3193943163822928,1.0,0.0,0.0,0.0,1.0,1.0
11,185,3.2983685631712376,8.460069536360262,1.0,0.0,1.0,0.0,0.0,1.0
12,185,5.545928490754962,0.0,0.0,0.0,1.0,1.0,0.0,0.0
13,185,5.549556979175258,1.4581345344920142,0.0,0.0,1.0,0.0,0.0,0.0
14,185,3.921363021008757,7.791369019430557,1.0,1.0,1.0,0.0,0.0,1.0
15,185,0.0,7.458915141557132,0.0,0.0,0.0,1.0,1.0,0.0
16,185,0.0,6.093216724018528,0.0,0.0,0.0,0.0,1.0,1.0
17,185,8.678261460956453,10.518504619169583,0.0,0.0,0.0,0.0,1.0,1.0
18,185,7.673038548864668,0.4580884969076153,0.0,1.0,0.0,0.0,0.0,1.0
19,185,1.8557629295453224,2.681108453983839,0.0,1.0,0.0,0.0,1.0,0.0
0,190,12.0,3.6148840913772826,0.0,0.0,1.0,1.0,1.0,0.0
1,190,2.6995489756856865,9.892023461416526,0.0,0.0,1.0,0.0,0.0,0.0
2,190,4.21591422671422,8.705977830506981,1.0,0.0,0.0,1.0,1.0,1.0
3,190,3.4402263013353336,6.569190673920887,0.0,0.0,0.0,0.0,1.0,1.0
4,190,0.0,11.747679803695403,1.0,0.0,1.0,0.0,1.0,1.0
5,190,12.0,0.835150690047224,0.0,1.0,0.0,0.0,0.0,0.0
6,190,3.5134938158014823,2.49110064197904,0.0,1.0,0.0,1.0,1.0,0.0
7,190,2.8509045454717934,7.0606567232637465,0.0,1.0,0.0,1.0,0.0,0.0
8,190,2.658624982492632,2.960460238020028,0.0,0.0,0.0,1.0,0.0,0.0
9,190,0.6394646950013607,5.2935652903374,1.0,0.0,1.0,0.0,0.0,1.0
10,190,8.849425272452454,1.3533553572871246,1.0,0.0,0.0,0.0,1.0,1.0
11,190,3.22590378664058,8.344614251664488,1.0,0.0,1.0,0.0,0.0,1.0
12,190,5.537325617199069,0.0,0.0,0.0,1.0,1.0,0.0,0.0
13,190,5.6103031048447525,1.5054084620863977,0.0,0.0,1.0,0.0,0.0,0.0
14,190,3.928282808639504,7.788609524824956,1.0,1.0,1.0,0.0,0.0,1.0
15,190,0.0,7.445975129283109,0.0,0.0,0.0,1.0,1.0,0.0
16,190,0.0,6.00033944924802,0.0,0.0,0.0,0.0,1.0,1.0
17,190,8.655510988510365,10.55926272220896,0.0,0.0,0.0,0.0,1.0,1.0
18,190,7.610177509266311,0.4668526444019333,0.0,1.0,0.0,0.0,0.0,1.0
19,190,1.846263554853477,2.750365938099855,0.0,1.0,0.0,0.0,1.0,0.0
0,195,12.0,3.5995262299740096,0.0,0.0,1.0,1.0,1.0,0.0
1,195,2.6995436047615,9.892039764362746,0.0,0.0,1.0,0.0,0.0,0.0
2,195,4.243146703417987,8.54651239414104,1.0,0.0,0.0,1.0,1.0,1.0
3,195,3.4864443353934917,6.658754900274879,0.0,0.0,0.0,0.0,1.0,1.0
4,195,0.0,11.832264833520457,1.0,0.0,1.0,0.0,1.0,1.0
5,195,12.0,0.7264165889780597,0.0,1.0,0.0,0.0,0.0,0.0
6,195,3.5237950520393837,2.4613531783620664,0.0,1.0,0.0,1.0,1.0,0.0
7,195,2.80895286185705,6.977154600943068,0.0,1.0,0.0,1.0,0.0,0.0
8,195,2.660811673428207,2.960393194960249,0.0,0.0,0.0,1.0,0.0,0.0
9,195,0.565160217065899,5.324271756917488,1.0,0.0,1.0,0.0,0.0,1.0
10,195,8.74013272555672,1.3904105918638432,1.0,0.0,0.0,0.0,1.0,1.0
11,195,3.1584582786421507,8.234268924681668,1.0,0.0,1.0,0.0,0.0,1.0
12,195,5.522265535209103,0.0,0.0,0.0,1.0,1.0,0.0,0.0
13,195,5.668691003435944,1.5490163150593197,0.0,0.0,1.0,0.0,0.0,0.0
14,195,3.934370864337204,7.786216224678581,1.0,1.0,1.0,0.0,0.0,1.0
15,195,0.0,7.431239345238751,0.0,0.0,0.0,1.0,1.0,0.0
16,195,0.0,5.909700637962373,0.0,0.0,0.0,0.0,1.0,1.0
17,195,8.628551864111714,10.607216333462905,0.0,0.0,0.0,0.0,1.0,1.0
18,195,7.554104558654011,0.4734826232419342,0.0,1.0,0.0,0.0,0.0,1.0
19,195,1.8357174092859576,2.8260028678985862,0.0,1.0,0.0,0.0,1.0,0.0
0,200,12.0,3.586179793973628,0.0,0.0,1.0,1.0,1.0,0.0
1,200,2.701272005938604,9.88701047901947,0.0,0.0,1.0,0.0,0.0,0.0
2,200,4.265744191813959,8.40066716554955,1.0,0.0,0.0,1.0,1.0,1.0
3,200,3.530811398622628,6.738235333596293,0.0,0.0,0.0,0.0,1.0,1.0
4,200,0.0,11.928636953550406,1.0,0.0,1.0,0.0,1.0,1.0
5,200,12.0,0.6087692950718716,0.0,1.0,0.0,0.0,0.0,0.0
6,200,3.5279574048674123,2.449289547206973,0.0,1.0,0.0,1.0,1.0,0.0
7,200,2.76267767262498,6.8853924344802255,0.0,1.0,0.0,1.0,0.0,0.0
8,200,2.64449177295054,2.960203651552278,0.0,0.0,0.0,1.0,0.0,0.0
9,200,0.4885240980297372,5.357575734151005,1.0,0.0,1.0,0.0,0.0,1.0
10,200,8.62350755846892,1.4321105456166827,1.0,0.0,0.0,0.0,1.0,1.0
11,200,3.0997880451180624,8.139297594158712,1.0,0.0,1.0,0.0,0.0,1.0
12,200,5.510394268968506,0.0,0.0,0.0,1.0,1.0,0.0,0.0
13,200,5.712701651674789,1.581438135075146,0.0,0.0,1.0,0.0,0.0,0.0
14,200,3.9216279977745314,7.791204042266401,1.0,1.0,1.0,0.0,0.0,1.0
15,200,0.0,7.414040684011877,0.0,0.0,0.0,1.0,1.0,0.0
16,200,0.0,5.814335189674571,0.0,0.0,0.0,0.0,1.0,1.0
17,200,8.604873417739597,10.652663958056127,0.0,0.0,0.0,0.0,1.0,1.0
18,200,7.493639980710257,0.4815638172146634,0.0,1.0,0.0,0.0,0.0,1.0
19,200,1.8190523965530103,2.9282705193055727,0.0,1.0,0.0,0.0,1.0,0.0
0,205,12.0,3.573318266678134,0.0,0.0,1.0,1.0,1.0,0.0
1,205,2.698181230424469,9.896047364551835,0.0,0.0,1.0,0.0,0.0,0.0
2,205,4.288981052850108,8.25801492565017,1.0,0.0,0.0,1.0,1.0,1.0
3,205,3.568662289256788,6.8069109002716335,0.0,0.0,0.0,0.0,1.0,1.0
4,205,0.0,12.0,1.0,0.0,1.0,0.0,1.0,1.0
5,205,12.0,0.4981757102021798,0.0,1.0,0.0,0.0,0.0,0.0
6,205,3.533972864347588,2.431834248154886,0.0,1.0,0.0,1.0,1.0,0.0
7,205,2.708610227058793,6.779012945805703,0.0,1.0,0.0,1.0,0.0,0.0
8,205,2.64050639822284,2.960229934821497,0.0,0.0,0.0,1.0,0.0,0.0
9,205,0.4233839690048399,5.384782465807828,1.0,0.0,1.0,0.0,0.0,1.0
10,205,8.514626541848477,1.4666815264442838,1.0,0.0,0.0,0.0,1.0,1.0
11,205,3.027439619878764,8.015718917311002,1.0,0.0,1.0,0.0,0.0,1.0
12,205,5.493868054359962,0.0,0.0,0.0,1.0,1.0,0.0,0.0
13,205,5.752308861515525,1.6115891947872223,0.0,0.0,1.0,0.0,0.0,0.0
14,205,3.899830557116336,7.799666568574618,1.0,1.0,1.0,0.0,0.0,1.0
15,205,0.0,7.393745194182526,0.0,0.0,0.0,1.0,1.0,0.0
16,205,0.0,5.725296866000364,0.0,0.0,0.0,0.0,1.0,1.0
17,205,8.57665649311045,10.710203426514529,0.0,0.0,0.0,0.0,1.0,1.0
18,205,7.438703614659943,0.4901645514009475,0.0,1.0,0.0,0.0,0.0,1.0
19,205,1.8011683805661716,3.0345179094594523,0.0,1.0,0.0,0.0,1.0,0.0
0,210,12.0,3.560070297611383,0.0,0.0,1.0,1.0,1.0,0.0
1,210,2.699028223416972,9.8935200451243,0.0,0.0,1.0,0.0,0.0,0.0
2,210,4.314797430186454,8.111796981808324,1.0,0.0,0.0,1.0,1.0,1.0
3,210,3.618434569317869,6.89146348330809,0.0,0.0,0.0,0.0,1.0,1.0
4,210,0.0,12.0,1.0,0.0,1.0,0.0,1.0,1.0
5,210,12.0,0.3822070012291779,0.0,1.0,0.0,0.0,0.0,0.0
6,210,3.5482175438316608,2.3936964876768028,0.0,1.0,0.0,1.0,1.0,0.0
7,210,2.6512994815654016,6.67157686642038,0.0,1.0,0.0,1.0,0.0,0.0
8,210,2.6263928286477287,2.960132989049236,0.0,0.0,0.0,1.0,0.0,0.0
9,210,0.3560282124891973,5.414042493239407,1.0,0.0,1.0,0.0,0.0,1.0
10,210,8.40870174226922,1.4989812658731403,1.0,0.0,0.0,0.0,1.0,1.0
11,210,2.95598844572981,7.899251530933434,1.0,0.0,1.0,0.0,0.0,1.0
12,210,5.48507215622517,0.0,0.0,0.0,1.0,1.0,0.0,0.0
13,210,5.786820295940312,1.6372063238926795,0.0,0.0,1.0,0.0,0.0,0.0
14,210,3.868277086076148,7.812094734990573,1.0,1.0,1.0,0.0,0.0,1.0
15,210,0.0,7.371359864511131,0.0,0.0,0.0,1.0,1.0,0.0
16,210,0.0,5.804087671796544,0.0,0.0,0.0,0.0,1.0,1.0
17,210,8.538939922001394,10.78801654890222,0.0,0.0,0.0,0.0,1.0,1.0
18,210,7.394001491952054,0.4979719188870886,0.0,1.0,0.0,0.0,0.0,1.0
19,210,1.7775977496470754,3.165402522568465,0.0,1.0,0.0,0.0,1.0,0.0
0,215,12.0,3.5503241210056595,0.0,0.0,1.0,1.0,1.0,0.0
1,215,2.7004302958487565,9.889243009694315,0.0,0.0,1.0,0.0,0.0,0.0
2,215,4.346439940211765,7.958214550551892,1.0,0.0,0.0,1.0,1.0,1.0
3,215,3.667446247591953,6.971776925619615,0.0,0.0,0.0,0.0,1.0,1.0
4,215,0.0,12.0,1.0,0.0,1.0,0.0,1.0,1.0
5,215,12.0,0.2674859717129808,0.0,1.0,0.0,0.0,0.0,0.0
6,215,3.561759696490665,2.3574816824671614,0.0,1.0,0.0,1.0,1.0,0.0
7,215,2.5972233248694265,6.575287562633376,0.0,1.0,0.0,1.0,0.0,0.0
8,215,2.595345588968127,2.9605236058292355,0.0,0.0,0.0,1.0,0.0,0.0
9,215,0.2839321907112905,5.443024398723159,1.0,0.0,1.0,0.0,0.0,1.0
10,215,8.287580045321576,1.54028687783931,1.0,0.0,0.0,0.0,1.0,1.0
11,215,2.875193831515099,7.7693131248144285,1.0,0.0,1.0,0.0,0.0,1.0
12,215,5.474327761450721,0.0,0.0,0.0,1.0,1.0,0.0,0.0
13,215,5.816754238030672,1.660323509943581,0.0,0.0,1.0,0.0,0.0,0.0
14,215,3.8217823752325386,7.829751087245331,1.0,1.0,1.0,0.0,0.0,1.0
15,215,0.0,7.35240296263571,0.0,0.0,0.0,1.0,1.0,0.0
16,215,0.0,5.885298736231658,0.0,0.0,0.0,0.0,1.0,1.0
17,215,8.497640988447301,10.874049463304122,0.0,0.0,0.0,0.0,1.0,1.0
18,215,7.343928010189764,0.5071468184732633,0.0,1.0,0.0,0.0,0.0,1.0
19,215,1.7540569434372209,3.2986986460732246,0.0,1.0,0.0,0.0,1.0,0.0
0,220,12.0,3.5390730185836863,0.0,0.0,1.0,1.0,1.0,0.0
1,220,2.701148933437055,9.887076074679523,0.0,0.0,1.0,0.0,0.0,0.0
2,220,4.37694042818574,7.815541241547925,1.0,0.0,0.0,1.0,1.0,1.0
3,220,3.721367725379449,7.069036986474023,0.0,0.0,0.0,0.0,1.0,1.0
4,220,0.0,12.0,1.0,0.0,1.0,0.0,1.0,1.0
5,220,12.0,0.1573909998717362,0.0,1.0,0.0,0.0,0.0,0.0
6,220,3.577517713264869,2.3126880746828125,0.0,1.0,0.0,1.0,1.0,0.0
7,220,2.541639992407909,6.477839647524878,0.0,1.0,0.0,1.0,0.0,0.0
8,220,2.5678135980020818,2.96102193275327,0.0,0.0,0.0,1.0,0.0,0.0
9,220,0.1984866449209404,5.477317290142385,1.0,0.0,1.0,0.0,0.0,1.0
10,220,8.160531435697337,1.5821480020481755,1.0,0.0,0.0,0.0,1.0,1.0
11,220,2.8037878561733187,7.654825979919749,1.0,0.0,1.0,0.0,0.0,1.0
12,220,5.468063965951033,0.0,0.0,0.0,1.0,1.0,0.0,0.0
13,220,5.857249012361582,1.6922597514639763,0.0,0.0,1.0,0.0,0.0,0.0
14,220,3.790715390919468,7.842973799427962,1.0,1.0,1.0,0.0,0.0,1.0
15,220,0.0,7.330500782084072,0.0,0.0,0.0,1.0,1.0,0.0
16,220,0.0,5.984085620370152,0.0,0.0,0.0,0.0,1.0,1.0
17,220,8.458240630371101,10.958788258548244,0.0,0.0,0.0,0.0,1.0,1.0
18,220,7.300739293982564,0.5164897252336557,0.0,1.0,0.0,0.0,0.0,1.0
19,220,1.7360485580258582,3.3941370102127046,0.0,1.0,0.0,0.0,1.0,0.0
0,225,12.0,3.5296628065526074,0.0,0.0,1.0,1.0,1.0,0.0
1,225,2.7057144261086683,9.872721341379185,0.0,0.0,1.0,0.0,0.0,0.0
2,225,4.401189767349962,7.677969202384683,1.0,0.0,0.0,1.0,1.0,1.0
3,225,3.7714139331994687,7.156145574589113,0.0,0.0,0.0,0.0,1.0,1.0
4,225,0.0,12.0,1.0,0.0,1.0,0.0,1.0,1.0
5,225,12.0,0.0435822043274829,0.0,1.0,0.0,0.0,0.0,0.0
6,225,3.5955783992959067,2.26378498012694,0.0,1.0,0.0,1.0,1.0,0.0
7,225,2.487906497318351,6.379004389427838,0.0,1.0,0.0,1.0,0.0,0.0
8,225,2.5676551620106007,2.948228940234227,0.0,0.0,0.0,1.0,0.0,0.0
9,225,0.111186529711557,5.512923992641412,1.0,0.0,1.0,0.0,0.0,1.0
10,225,8.027913356951146,1.6231407991090474,1.0,0.0,0.0,0.0,1.0,1.0
11,225,2.738036127620979,7.550626560509376,1.0,0.0,1.0,0.0,0.0,1.0
12,225,5.462226345238573,0.0,0.0,0.0,1.0,1.0,0.0,0.0
13,225,5.89503388309724,1.7225147088083392,0.0,0.0,1.0,0.0,0.0,0.0
14,225,3.7591122615952894,7.856079480750266,1.0,1.0,1.0,0.0,0.0,1.0
15,225,0.0,7.313381373737379,0.0,0.0,0.0,1.0,1.0,0.0
16,225,0.0,6.08857813120747,0.0,0.0,0.0,0.0,1.0,1.0
17,225,8.42119119826658,11.03358425885632,0.0,0.0,0.0,0.0,1.0,1.0
18,225,7.268997652019086,0.5240907365915506,0.0,1.0,0.0,0.0,0.0,1.0
19,225,1.7124614641955664,3.510705086736237,0.0,1.0,0.0,0.0,1.0,0.0
0,230,12.0,3.5212885003622207,0.0,0.0,1.0,1.0,1.0,0.0
1,230,2.7140904089631457,9.846161275626802,0.0,0.0,1.0,0.0,0.0,0.0
2,230,4.419507128805678,7.545924098304843,1.0,0.0,0.0,1.0,1.0,1.0
3,230,3.8186554120575473,7.237799735727088,0.0,0.0,0.0,0.0,1.0,1.0
4,230,0.0,12.0,1.0,0.0,1.0,0.0,1.0,1.0
5,230,12.0,0.0,0.0,1.0,0.0,0.0,0.0,0.0
6,230,3.618353876248676,2.205881942242432,0.0,1.0,0.0,1.0,1.0,0.0
7,230,2.43813932077385,6.29102911866898,0.0,1.0,0.0,1.0,0.0,0.0
8,230,2.5676630714113444,2.948923014909719,0.0,0.0,0.0,1.0,0.0,0.0
9,230,0.0294688014700822,5.544094518392227,1.0,0.0,1.0,0.0,0.0,1.0
10,230,7.898200161541597,1.6633728409595248,1.0,0.0,0.0,0.0,1.0,1.0
11,230,2.667533949211913,7.443911259927668,1.0,0.0,1.0,0.0,0.0,1.0
12,230,5.453218816979002,0.0,0.0,0.0,1.0,1.0,0.0,0.0
13,230,5.927880915065179,1.7492734731607156,0.0,0.0,1.0,0.0,0.0,0.0
14,230,3.737879694264619,7.865072255453556,1.0,1.0,1.0,0.0,0.0,1.0
15,230,0.0,7.301551106940419,0.0,0.0,0.0,1.0,1.0,0.0
16,230,0.0,6.18597214494066,0.0,0.0,0.0,0.0,1.0,1.0
17,230,8.386124221813171,11.104627922515125,0.0,0.0,0.0,0.0,1.0,1.0
18,230,7.240948983249206,0.5312705817264949,0.0,1.0,0.0,0.0,0.0,1.0
19,230,1.6942817251753053,3.600028521763866,0.0,1.0,0.0,0.0,1.0,0.0
0,235,12.0,3.513701234151517,0.0,0.0,1.0,1.0,1.0,0.0
1,235,2.730361034815637,9.793962600456831,0.0,0.0,1.0,0.0,0.0,0.0
2,235,4.439702560811549,7.411161132933048,1.0,0.0,0.0,1.0,1.0,1.0
3,235,3.860417682863424,7.3156275693468675,0.0,0.0,0.0,0.0,1.0,1.0
4,235,0.0,12.0,1.0,0.0,1.0,0.0,1.0,1.0
5,235,12.0,0.0,0.0,1.0,0.0,0.0,0.0,0.0
6,235,3.629239394032581,2.180393186896086,0.0,1.0,0.0,1.0,1.0,0.0
7,235,2.4007389631626386,6.221105601469457,0.0,1.0,0.0,1.0,0.0,0.0
8,235,2.567575708573853,2.9363931685767923,0.0,0.0,0.0,1.0,0.0,0.0
9,235,0.0,5.572705900598976,1.0,0.0,1.0,0.0,0.0,1.0
10,235,7.775188287369256,1.7012987544631113,1.0,0.0,0.0,0.0,1.0,1.0
11,235,2.59377143041754,7.333889280456037,1.0,0.0,1.0,0.0,0.0,1.0
12,235,5.444187162334102,0.0,0.0,0.0,1.0,1.0,0.0,0.0
13,235,5.896639623947797,1.7885900661827423,0.0,0.0,1.0,0.0,0.0,0.0
14,235,3.7365128613278578,7.865630347510445,1.0,1.0,1.0,0.0,0.0,1.0
15,235,0.0,7.291307527502841,0.0,0.0,0.0,1.0,1.0,0.0
16,235,0.0,6.270732858043073,0.0,0.0,0.0,0.0,1.0,1.0
17,235,8.356212721360272,11.163128328709028,0.0,0.0,0.0,0.0,1.0,1.0
18,235,7.217173566365737,0.537352439789407,0.0,1.0,0.0,0.0,0.0,1.0
19,235,1.6807168846874618,3.6717439466497215,0.0,1.0,0.0,0.0,1.0,0.0
0,240,12.0,3.499865717291282,0.0,0.0,1.0,1.0,1.0,0.0
1,240,2.747423502345028,9.74062481398585,0.0,0.0,1.0,0.0,0.0,0.0
2,240,4.466192308014549,7.249832210516095,1.0,0.0,0.0,1.0,1.0,1.0
3,240,3.912116010839143,7.422697609169258,0.0,0.0,0.0,0.0,1.0,1.0
4,240,0.0,12.0,1.0,0.0,1.0,0.0,1.0,1.0
5,240,12.0,0.0,0.0,1.0,0.0,0.0,0.0,0.0
6,240,3.644450248362866,2.146388893531668,0.0,1.0,0.0,1.0,1.0,0.0
7,240,2.3589208216982325,6.141887303919503,0.0,1.0,0.0,1.0,0.0,0.0
8,240,2.568108665321186,2.9123678249317098,0.0,0.0,0.0,1.0,0.0,0.0
9,240,0.0,5.59981645335689,1.0,0.0,1.0,0.0,0.0,1.0
10,240,7.656560979723888,1.7339048681203926,1.0,0.0,0.0,0.0,1.0,1.0
11,240,2.50652833821265,7.200056937823372,1.0,0.0,1.0,0.0,0.0,1.0
12,240,5.43930686596026,0.0,0.0,0.0,1.0,1.0,0.0,0.0
13,240,5.8790518036302775,1.8105857267492207,0.0,0.0,1.0,0.0,0.0,0.0
14,240,3.749181472736232,7.860657195817345,1.0,1.0,1.0,0.0,0.0,1.0
15,240,0.0,7.273277452354748,0.0,0.0,0.0,1.0,1.0,0.0
16,240,0.0,6.366606944388257,0.0,0.0,0.0,0.0,1.0,1.0
17,240,8.325429532621834,11.22421856636738,0.0,0.0,0.0,0.0,1.0,1.0
18,240,7.1963226505616325,0.5422499995199833,0.0,1.0,0.0,0.0,0.0,1.0
19,240,1.6667792253426637,3.736602418492236,0.0,1.0,0.0,0.0,1.0,0.0
0,245,12.0,3.490566665291124,0.0,0.0,1.0,1.0,1.0,0.0
1,245,2.762970486908326,9.692140803774164,0.0,0.0,1.0,0.0,0.0,0.0
2,245,4.495027320230551,7.073240045606795,1.0,0.0,0.0,1.0,1.0,1.0
3,245,3.965275985171896,7.533374662566654,0.0,0.0,0.0,0.0,1.0,1.0
4,245,0.0,12.0,1.0,0.0,1.0,0.0,1.0,1.0
5,245,12.0,0.0,0.0,1.0,0.0,0.0,0.0,0.0
6,245,3.668872711594787,2.094790879250066,0.0,1.0,0.0,1.0,1.0,0.0
7,245,2.315130217708596,6.059746846374982,0.0,1.0,0.0,1.0,0.0,0.0
8,245,2.5685849195318595,2.863833072353972,0.0,0.0,0.0,1.0,0.0,0.0
9,245,0.0,5.625738600832565,1.0,0.0,1.0,0.0,0.0,1.0
10,245,7.521863519496315,1.7726221748352229,1.0,0.0,0.0,0.0,1.0,1.0
11,245,2.417010518497304,7.064642734436369,1.0,0.0,1.0,0.0,0.0,1.0
12,245,5.435491272906463,0.0,0.0,0.0,1.0,1.0,0.0,0.0
13,245,5.863104615497073,1.830418442952899,0.0,0.0,1.0,0.0,0.0,0.0
14,245,3.7620295976273774,7.855607162093619,1.0,1.0,1.0,0.0,0.0,1.0
15,245,0.0,7.260794610837402,0.0,0.0,0.0,1.0,1.0,0.0
16,245,0.0,6.465363552319307,0.0,0.0,0.0,0.0,1.0,1.0
17,245,8.29170970394296,11.293162056479332,0.0,0.0,0.0,0.0,1.0,1.0
18,245,7.190293239433236,0.5438383485572656,0.0,1.0,0.0,0.0,0.0,1.0
19,245,1.6509349929109092,3.802795236808624,0.0,1.0,0.0,0.0,1.0,0.0
0,250,12.0,3.48350606055599,0.0,0.0,1.0,1.0,1.0,0.0
1,250,2.7753340508296778,9.65629940761304,0.0,0.0,1.0,0.0,0.0,0.0
2,250,4.525302757243347,6.898314498553499,1.0,0.0,0.0,1.0,1.0,1.0
3,250,4.018051151819327,7.649906982714574,0.0,0.0,0.0,0.0,1.0,1.0
4,250,0.0,12.0,1.0,0.0,1.0,0.0,1.0,1.0
5,250,12.0,0.0,0.0,1.0,0.0,0.0,0.0,0.0
6,250,3.6923007989349887,2.0478914139547446,0.0,1.0,0.0,1.0,1.0,0.0
7,250,2.2813526389848984,5.997420925339383,0.0,1.0,0.0,1.0,0.0,0.0
8,250,2.570446946023528,2.7940098481201523,0.0,0.0,0.0,1.0,0.0,0.0
9,250,0.0,5.64910374801006,1.0,0.0,1.0,0.0,0.0,1.0
10,250,7.383343390826774,1.8125251438784709,1.0,0.0,0.0,0.0,1.0,1.0
11,250,2.311011531151862,6.902956576150121,1.0,0.0,1.0,0.0,0.0,1.0
12,250,5.438168117196684,0.0100269502606397,0.0,0.0,1.0,1.0,0.0,0.0
13,250,5.843896298529249,1.8551657058661164,0.0,0.0,1.0,0.0,0.0,0.0
14,250,3.779858577198715,7.848631802630814,1.0,1.0,1.0,0.0,0.0,1.0
15,250,0.0,7.254517886220325,0.0,0.0,0.0,1.0,1.0,0.0
16,250,0.0,6.57441374006298,0.0,0.0,0.0,0.0,1.0,1.0
17,250,8.258881755131556,11.367099512519202,0.0,0.0,0.0,0.0,1.0,1.0
18,250,7.209612053131074,0.538529095285492,0.0,1.0,0.0,0.0,0.0,1.0
19,250,1.6317093994736462,3.884633547114367,0.0,1.0,0.0,0.0,1.0,0.0
0,255,12.0,3.47648603703075,0.0,0.0,1.0,1.0,1.0,0.0
1,255,2.790569727796816,9.61549687430272,0.0,0.0,1.0,0.0,0.0,0.0
2,255,4.556114009124051,6.7169152056584585,1.0,0.0,0.0,1.0,1.0,1.0
3,255,4.072169772242643,7.768376188085061,0.0,0.0,0.0,0.0,1.0,1.0
4,255,0.0,12.0,1.0,0.0,1.0,0.0,1.0,1.0
5,255,12.0,0.0,0.0,1.0,0.0,0.0,0.0,0.0
6,255,3.711957502488634,2.007344787896728,0.0,1.0,0.0,1.0,1.0,0.0
7,255,2.248515665455403,5.938397641503647,0.0,1.0,0.0,1.0,0.0,0.0
8,255,2.576930687938552,2.712520250579314,0.0,0.0,0.0,1.0,0.0,0.0
9,255,0.0,5.669246994672334,1.0,0.0,1.0,0.0,0.0,1.0
10,255,7.26716631574966,1.847012111431556,1.0,0.0,0.0,0.0,1.0,1.0
11,255,2.226943765252864,6.768248001587545,1.0,0.0,1.0,0.0,0.0,1.0
12,255,5.43761124957445,0.0078675556784025,0.0,0.0,1.0,1.0,0.0,0.0
13,255,5.820483169164596,1.885540497743432,0.0,0.0,1.0,0.0,0.0,0.0
14,255,3.8021295472501335,7.839761012185168,1.0,1.0,1.0,0.0,0.0,1.0
15,255,0.0,7.245592638236316,0.0,0.0,0.0,1.0,1.0,0.0
16,255,0.0,6.6941568978706805,0.0,0.0,0.0,0.0,1.0,1.0
17,255,8.223118229434194,11.454856095029486,0.0,0.0,0.0,0.0,1.0,1.0
18,255,7.236582558909947,0.5309364328278646,0.0,1.0,0.0,0.0,0.0,1.0
19,255,1.6139116084228755,3.9737373897597137,0.0,1.0,0.0,0.0,1.0,0.0
0,260,12.0,3.470122833163181,0.0,0.0,1.0,1.0,1.0,0.0
1,260,2.806189456874957,9.56917935296456,0.0,0.0,1.0,0.0,0.0,0.0
2,260,4.589303426113874,6.53377463584809,1.0,0.0,0.0,1.0,1.0,1.0
3,260,4.136684375392342,7.905159630420973,0.0,0.0,0.0,0.0,1.0,1.0
4,260,0.0,12.0,1.0,0.0,1.0,0.0,1.0,1.0
5,260,12.0,0.0,0.0,1.0,0.0,0.0,0.0,0.0
6,260,3.731959928150842,1.9672723017464373,0.0,1.0,0.0,1.0,1.0,0.0
7,260,2.2128412914040165,5.875303845898309,0.0,1.0,0.0,1.0,0.0,0.0
8,260,2.5834108049122357,2.624110079278569,0.0,0.0,0.0,1.0,0.0,0.0
9,260,0.0,5.687870628733829,1.0,0.0,1.0,0.0,0.0,1.0
10,260,7.119017158138979,1.892599027340908,1.0,0.0,0.0,0.0,1.0,1.0
11,260,2.147610849537147,6.636367226307624,1.0,0.0,1.0,0.0,0.0,1.0
12,260,5.443283787516103,0.0298392862525666,0.0,0.0,1.0,1.0,0.0,0.0
13,260,5.792974188063601,1.920095837667952,0.0,0.0,1.0,0.0,0.0,0.0
14,260,3.825096173414079,7.8305347230831694,1.0,1.0,1.0,0.0,0.0,1.0
15,260,0.0,7.240249499636908,0.0,0.0,0.0,1.0,1.0,0.0
16,260,0.0,6.822763482761124,0.0,0.0,0.0,0.0,1.0,1.0
17,260,8.183077382077458,11.548775947144511,0.0,0.0,0.0,0.0,1.0,1.0
18,260,7.257467059012516,0.5255277071567697,0.0,1.0,0.0,0.0,0.0,1.0
19,260,1.5942535528364496,4.075056488315192,0.0,1.0,0.0,0.0,1.0,0.0
0,265,12.0,3.4659232899074266,0.0,0.0,1.0,1.0,1.0,0.0
1,265,2.8196770860224696,9.530071741382349,0.0,0.0,1.0,0.0,0.0,0.0
2,265,4.62340768943949,6.3620462941043066,1.0,0.0,0.0,1.0,1.0,1.0
3,265,4.20731599753103,8.062174873663023,0.0,0.0,0.0,0.0,1.0,1.0
4,265,0.0,12.0,1.0,0.0,1.0,0.0,1.0,1.0
5,265,12.0,0.0,0.0,1.0,0.0,0.0,0.0,0.0
6,265,3.7494795779035326,1.9337888946662265,0.0,1.0,0.0,1.0,1.0,0.0
7,265,2.1729296270663614,5.804358677913166,0.0,1.0,0.0,1.0,0.0,0.0
8,265,2.59143843557188,2.5277441308552366,0.0,0.0,0.0,1.0,0.0,0.0
9,265,0.0,5.698974002409678,1.0,0.0,1.0,0.0,0.0,1.0
10,265,6.982362124230208,1.9372639758134989,1.0,0.0,0.0,0.0,1.0,1.0
11,265,2.069962641172548,6.5080885670392,1.0,0.0,1.0,0.0,0.0,1.0
12,265,5.448187828620066,0.048654847114998,0.0,0.0,1.0,1.0,0.0,0.0
13,265,5.7570107197702844,1.9636752151191736,0.0,0.0,1.0,0.0,0.0,0.0
14,265,3.849934907265515,7.821375534697066,1.0,1.0,1.0,0.0,0.0,1.0
15,265,0.0033920342148481,7.241471013043066,0.0,0.0,0.0,1.0,1.0,0.0
16,265,0.0,6.945445609299615,0.0,0.0,0.0,0.0,1.0,1.0
17,265,8.290014503710625,11.592217176369878,0.0,0.0,0.0,0.0,1.0,1.0
18,265,7.251568963775697,0.5269860856466099,0.0,1.0,0.0,0.0,0.0,1.0
19,265,1.5737275558834614,4.179732752245469,0.0,1.0,0.0,0.0,1.0,0.0
0,270,12.0,3.462273747822038,0.0,0.0,1.0,1.0,1.0,0.0
1,270,2.836770340246743,9.479727173459368,0.0,0.0,1.0,0.0,0.0,0.0
2,270,4.650982430861027,6.214323115319805,1.0,0.0,0.0,1.0,1.0,1.0
3,270,4.269544843515843,8.202615928673389,0.0,0.0,0.0,0.0,1.0,1.0
4,270,0.0,12.0,1.0,0.0,1.0,0.0,1.0,1.0
5,270,12.0,0.0,0.0,1.0,0.0,0.0,0.0,0.0
6,270,3.769947396175207,1.8937635865713276,0.0,1.0,0.0,1.0,1.0,0.0
7,270,2.138830652544414,5.741622733268587,0.0,1.0,0.0,1.0,0.0,0.0
8,270,2.599896661676365,2.420287957001903,0.0,0.0,0.0,1.0,0.0,0.0
9,270,0.0,5.706712939574964,1.0,0.0,1.0,0.0,0.0,1.0
10,270,6.84088853672168,1.9862783216116344,1.0,0.0,0.0,0.0,1.0,1.0
11,270,1.9943089197993824,6.392009907645823,1.0,0.0,1.0,0.0,0.0,1.0
12,270,5.455349388451781,0.076532768295081,0.0,0.0,1.0,1.0,0.0,0.0
13,270,5.721442312619798,2.0059347940961065,0.0,0.0,1.0,0.0,0.0,0.0
14,270,3.8635379702963024,7.816541800338546,1.0,1.0,1.0,0.0,0.0,1.0
15,270,0.0,7.234575920913973,0.0,0.0,0.0,1.0,1.0,0.0
16,270,0.0,7.073576395187638,0.0,0.0,0.0,0.0,1.0,1.0
17,270,8.4041604756381,11.639611803058044,0.0,0.0,0.0,0.0,1.0,1.0
18,270,7.228837543532701,0.5324546990394092,0.0,1.0,0.0,0.0,0.0,1.0
19,270,1.5536055943661728,4.287142126431943,0.0,1.0,0.0,0.0,1.0,0.0
0,275,12.0,3.461308565603064,0.0,0.0,1.0,1.0,1.0,0.0
1,275,2.847739872362052,9.449898403658704,0.0,0.0,1.0,0.0,0.0,0.0
2,275,4.680030475661803,6.057837846165782,1.0,0.0,0.0,1.0,1.0,1.0
3,275,4.330014370188354,8.331758154722976,0.0,0.0,0.0,0.0,1.0,1.0
4,275,0.0,12.0,1.0,0.0,1.0,0.0,1.0,1.0
5,275,12.0,0.0,0.0,1.0,0.0,0.0,0.0,0.0
6,275,3.786226941578031,1.8645705448669645,0.0,1.0,0.0,1.0,1.0,0.0
7,275,2.103413658221533,5.678162481103847,0.0,1.0,0.0,1.0,0.0,0.0
8,275,2.6089029298062147,2.2959761227884994,0.0,0.0,0.0,1.0,0.0,0.0
9,275,0.0,5.711800080655447,1.0,0.0,1.0,0.0,0.0,1.0
10,275,6.70818929473195,2.035527683208118,1.0,0.0,0.0,0.0,1.0,1.0
11,275,1.9108108068904432,6.265604364220025,1.0,0.0,1.0,0.0,0.0,1.0
12,275,5.463607909175965,0.1071069643177516,0.0,0.0,1.0,1.0,0.0,0.0
13,275,5.690080903242267,2.04400958516087,0.0,0.0,1.0,0.0,0.0,0.0
14,275,3.877453036530922,7.811433349273478,1.0,1.0,1.0,0.0,0.0,1.0
15,275,0.0,7.2652990654893,0.0,0.0,0.0,1.0,1.0,0.0
16,275,0.0,7.205640442844561,0.0,0.0,0.0,0.0,1.0,1.0
17,275,8.515287352689707,11.686117398090534,0.0,0.0,0.0,0.0,1.0,1.0
18,275,7.21323438664148,0.5364024603521045,0.0,1.0,0.0,0.0,0.0,1.0
19,275,1.531972698448126,4.398212934615152,0.0,1.0,0.0,0.0,1.0,0.0
0,280,11.990809175557226,3.463674882519989,0.0,0.0,1.0,1.0,1.0,0.0
1,280,2.860382789178362,9.413361100626563,0.0,0.0,1.0,0.0,0.0,0.0
2,280,4.7131086354790295,5.907413903605661,1.0,0.0,0.0,1.0,1.0,1.0
3,280,4.397482787853269,8.472109164055224,0.0,0.0,0.0,0.0,1.0,1.0
4,280,0.0,12.0,1.0,0.0,1.0,0.0,1.0,1.0
5,280,12.0,0.0,0.0,1.0,0.0,0.0,0.0,0.0
6,280,3.802192696326374,1.8376167560235448,0.0,1.0,0.0,1.0,1.0,0.0
7,280,2.05776806280857,5.595654633223371,0.0,1.0,0.0,1.0,0.0,0.0
8,280,2.6203023473735167,2.1611959146168074,0.0,0.0,0.0,1.0,0.0,0.0
9,280,0.0,5.718795599416702,1.0,0.0,1.0,0.0,0.0,1.0
10,280,6.575323234904586,2.0883736260772467,1.0,0.0,0.0,0.0,1.0,1.0
11,280,1.8308988699809068,6.140773659180445,1.0,0.0,1.0,0.0,0.0,1.0
12,280,5.47368808555193,0.1434798042860844,0.0,0.0,1.0,1.0,0.0,0.0
13,280,5.649461697326287,2.095074069113612,0.0,0.0,1.0,0.0,0.0,0.0
14,280,3.892105956537632,7.806231770161621,1.0,1.0,1.0,0.0,0.0,1.0
15,280,0.0,7.304802300106799,0.0,0.0,0.0,1.0,1.0,0.0
16,280,0.0,7.3357702388530415,0.0,0.0,0.0,0.0,1.0,1.0
17,280,8.614202080157588,11.73091188401441,0.0,0.0,0.0,0.0,1.0,1.0
18,280,7.188800018628508,0.5422055363955542,0.0,1.0,0.0,0.0,0.0,1.0
19,280,1.512802993792654,4.503455045526321,0.0,1.0,0.0,0.0,1.0,0.0
0,285,11.970343964460106,3.468823391454879,0.0,0.0,1.0,1.0,1.0,0.0
1,285,2.871325586628666,9.382986628428132,0.0,0.0,1.0,0.0,0.0,0.0
2,285,4.742844213815799,5.757205912580029,1.0,0.0,0.0,1.0,1.0,1.0
3,285,4.46237176991961,8.61142214423616,0.0,0.0,0.0,0.0,1.0,1.0
4,285,0.0,12.0,1.0,0.0,1.0,0.0,1.0,1.0
5,285,12.0,0.0,0.0,1.0,0.0,0.0,0.0,0.0
6,285,3.8305629277336233,1.7894478816220858,0.0,1.0,0.0,1.0,1.0,0.0
7,285,2.0006914687517114,5.492884266359582,0.0,1.0,0.0,1.0,0.0,0.0
8,285,2.630216217630224,2.007544364964544,0.0,0.0,0.0,1.0,0.0,0.0
9,285,0.0,5.720549321598419,1.0,0.0,1.0,0.0,0.0,1.0
10,285,6.445903576621181,2.1434389490302923,1.0,0.0,0.0,0.0,1.0,1.0
11,285,1.752914582688899,6.018860291339807,1.0,0.0,1.0,0.0,0.0,1.0
12,285,5.488089321745071,0.195394598298705,0.0,0.0,1.0,1.0,0.0,0.0
13,285,5.621587529056203,2.1325524737063613,0.0,0.0,1.0,0.0,0.0,0.0
14,285,3.884854692168996,7.809174789298577,1.0,1.0,1.0,0.0,0.0,1.0
15,285,0.0,7.350308689691536,0.0,0.0,0.0,1.0,1.0,0.0
16,285,0.0,7.464546149098115,0.0,0.0,0.0,0.0,1.0,1.0
17,285,8.726723033381159,11.782707906925678,0.0,0.0,0.0,0.0,1.0,1.0
18,285,7.15495610617104,0.5501620379995912,0.0,1.0,0.0,0.0,0.0,1.0
19,285,1.4917668789231242,4.613434466640856,0.0,1.0,0.0,0.0,1.0,0.0
0,290,11.946193144688698,3.474661355042903,0.0,0.0,1.0,1.0,1.0,0.0
1,290,2.8789976784328632,9.362531468471776,0.0,0.0,1.0,0.0,0.0,0.0
2,290,4.7770896074221385,5.614761365017353,1.0,0.0,0.0,1.0,1.0,1.0
3,290,4.539976531880143,8.772792559556214,0.0,0.0,0.0,0.0,1.0,1.0
4,290,0.0,12.0,1.0,0.0,1.0,0.0,1.0,1.0
5,290,12.0,0.0,0.0,1.0,0.0,0.0,0.0,0.0
6,290,3.856523970666992,1.7464095435166058,0.0,1.0,0.0,1.0,1.0,0.0
7,290,1.936227494764034,5.382831573133564,0.0,1.0,0.0,1.0,0.0,0.0
8,290,2.6390910570419126,1.8491729205134964,0.0,0.0,0.0,1.0,0.0,0.0
9,290,0.0031576433957478,5.719403862521036,1.0,0.0,1.0,0.0,0.0,1.0
10,290,6.316450600272455,2.2029048052738163,1.0,0.0,0.0,0.0,1.0,1.0
11,290,1.6646369934110068,5.883501111753335,1.0,0.0,1.0,0.0,0.0,1.0
12,290,5.496851924519308,0.2294469351967971,0.0,0.0,1.0,1.0,0.0,0.0
13,290,5.589417688322878,2.1764653699643715,0.0,0.0,1.0,0.0,0.0,0.0
14,290,3.871954919315552,7.815100115022377,1.0,1.0,1.0,0.0,0.0,1.0
15,290,0.0,7.385423236720536,0.0,0.0,0.0,1.0,1.0,0.0
16,290,0.0,7.596422431181666,0.0,0.0,0.0,0.0,1.0,1.0
17,290,8.81843830819211,11.826027295583105,0.0,0.0,0.0,0.0,1.0,1.0
18,290,7.130468772837928,0.5562049763643189,0.0,1.0,0.0,0.0,0.0,1.0
19,290,1.4755167792302115,4.714383241963682,0.0,1.0,0.0,0.0,1.0,0.0
0,295,11.93901462178586,3.4762854859083894,0.0,0.0,1.0,1.0,1.0,0.0
1,295,2.886602880983218,9.342600790935514,0.0,0.0,1.0,0.0,0.0,0.0
2,295,4.811406183076988,5.487623384971784,1.0,0.0,0.0,1.0,1.0,1.0
3,295,4.383901968262627,8.84420649714457,0.0,0.0,0.0,0.0,1.0,1.0
4,295,0.0,12.0,1.0,0.0,1.0,0.0,1.0,1.0
5,295,12.0,0.0,0.0,1.0,0.0,0.0,0.0,0.0
6,295,3.863752866739777,1.7342367176164442,0.0,1.0,0.0,1.0,1.0,0.0
7,295,1.8531984708999003,5.2468400869014085,0.0,1.0,0.0,1.0,0.0,0.0
8,295,2.6460794310491287,1.677668624409865,0.0,0.0,0.0,1.0,0.0,0.0
9,295,0.0115654824786989,5.716533364909046,1.0,0.0,1.0,0.0,0.0,1.0
10,295,6.19112687574583,2.264553173809676,1.0,0.0,0.0,0.0,1.0,1.0
11,295,1.5732470310856796,5.731933146538792,1.0,0.0,1.0,0.0,0.0,1.0
12,295,5.502452340089229,0.2502269105467983,0.0,0.0,1.0,1.0,0.0,0.0
13,295,5.569539818324042,2.204744130863757,0.0,0.0,1.0,0.0,0.0,0.0
14,295,3.852057564285472,7.82481541067874,1.0,1.0,1.0,0.0,0.0,1.0
15,295,0.0,7.429874993504383,0.0,0.0,0.0,1.0,1.0,0.0
16,295,0.0,7.7360730285746815,0.0,0.0,0.0,0.0,1.0,1.0
17,295,8.910937058343821,11.872661983591982,0.0,0.0,0.0,0.0,1.0,1.0
18,295,7.111352341279177,0.5609907692605054,0.0,1.0,0.0,0.0,0.0,1.0
19,295,1.4630423155297392,4.803723123243769,0.0,1.0,0.0,0.0,1.0,0.0
