0,0,3.9603556625358736,7.948539008749986,0.0,0.0,1.0,1.0,1.0,0.0
1,0,7.996773831476325,3.076093180333689,0.0,0.0,1.0,0.0,0.0,0.0
2,0,9.993115735420789,2.94445074126849,1.0,0.0,0.0,1.0,1.0,1.0
3,0,3.938177867214236,5.986230184824621,0.0,0.0,0.0,0.0,1.0,1.0
4,0,6.980345759499285,0.0,1.0,0.0,1.0,0.0,1.0,1.0
5,0,7.0745052050670045,2.9967471564428068,0.0,1.0,0.0,0.0,0.0,0.0
6,0,12.0,4.024963549396305,0.0,1.0,0.0,1.0,1.0,0.0
7,0,5.071620319526038,0.9567389500097376,0.0,1.0,0.0,1.0,0.0,0.0
8,0,10.944003885139846,11.01350861312484,0.0,0.0,0.0,1.0,0.0,0.0
9,0,9.96745300125848,0.0196310640592765,1.0,0.0,1.0,0.0,0.0,1.0
10,0,6.970156194223674,1.9582052489067376,1.0,0.0,0.0,0.0,1.0,1.0
11,0,11.059993485596795,10.984244199745758,1.0,0.0,1.0,0.0,0.0,1.0
12,0,4.961816476675303,5.990119303247919,0.0,0.0,1.0,1.0,0.0,0.0
13,0,8.04613829233069,3.036114208866953,0.0,0.0,1.0,0.0,0.0,0.0
14,0,0.0,7.02094637040653,1.0,1.0,1.0,0.0,0.0,1.0
15,0,11.989099127273038,11.944266709109174,0.0,0.0,0.0,1.0,1.0,0.0
16,0,11.990033563756946,4.958928358052573,0.0,0.0,0.0,0.0,1.0,1.0
17,0,8.037617538725494,3.973457532381979,0.0,0.0,0.0,0.0,1.0,1.0
18,0,3.949919603524316,4.973316154146908,0.0,1.0,0.0,0.0,0.0,1.0
19,0,9.936906707125612,12.0,0.0,1.0,0.0,0.0,1.0,0.0
0,5,3.935373458772823,7.915523884789757,0.0,0.0,1.0,1.0,1.0,0.0
1,5,7.9936625790620255,3.1426047563215977,0.0,0.0,1.0,0.0,0.0,0.0
2,5,9.98609412145609,2.890791781243564,1.0,0.0,0.0,1.0,1.0,1.0
3,5,3.851190848817376,5.96503061025892,0.0,0.0,0.0,0.0,1.0,1.0
4,5,6.96316334441127,0.0,1.0,0.0,1.0,0.0,1.0,1.0
5,5,7.150602111741535,2.9951151983277926,0.0,1.0,0.0,0.0,0.0,0.0
6,5,12.0,4.046303987398615,0.0,1.0,0.0,1.0,1.0,0.0
7,5,5.146444889875284,0.9135455011132102,0.0,1.0,0.0,1.0,0.0,0.0
8,5,10.89774722824894,11.024829136942198,0.0,0.0,0.0,1.0,0.0,0.0
9,5,9.93264006873592,0.0400250007664635,1.0,0.0,1.0,0.0,0.0,1.0
10,5,6.940553947022052,1.915821792516875,1.0,0.0,0.0,0.0,1.0,1.0
11,5,11.101900467986008,10.972241816321333,1.0,0.0,1.0,0.0,0.0,1.0
12,5,4.9112941626953575,5.976860984113955,0.0,0.0,1.0,1.0,0.0,0.0
13,5,8.076548855820363,3.059582855451259,0.0,0.0,1.0,0.0,0.0,0.0
14,5,0.0,7.045416195257341,1.0,1.0,1.0,0.0,0.0,1.0
15,5,11.978050600807816,11.889262856701752,0.0,0.0,0.0,1.0,1.0,0.0
16,5,11.98440724223535,4.935502297918618,0.0,0.0,0.0,0.0,1.0,1.0
17,5,8.079108896116994,3.943613803003511,0.0,0.0,0.0,0.0,1.0,1.0
18,5,3.9147824317185367,4.954702376077502,0.0,1.0,0.0,0.0,0.0,1.0
19,5,9.878330792283723,12.0,0.0,1.0,0.0,0.0,1.0,0.0
0,10,3.915092202541262,7.8887522121384945,0.0,0.0,1.0,1.0,1.0,0.0
1,10,7.991617205037755,3.1898866096302205,0.0,0.0,1.0,0.0,0.0,0.0
2,10,9.97763164287424,2.82934540177311,1.0,0.0,0.0,1.0,1.0,1.0
3,10,3.766573352732389,5.944575630525971,0.0,0.0,0.0,0.0,1.0,1.0
4,10,6.9569877466075125,0.0,1.0,0.0,1.0,0.0,1.0,1.0
5,10,7.233462424461706,2.992021130160289,0.0,1.0,0.0,0.0,0.0,0.0
6,10,12.0,4.071243849399685,0.0,1.0,0.0,1.0,1.0,0.0
7,10,5.218635476178739,0.8706584717717349,0.0,1.0,0.0,1.0,0.0,0.0
8,10,10.837600763222472,11.041287382929792,0.0,0.0,0.0,1.0,0.0,0.0
9,10,9.919757130862456,0.0477939503548577,1.0,0.0,1.0,0.0,0.0,1.0
10,10,6.906165782405858,1.8682966403982664,1.0,0.0,0.0,0.0,1.0,1.0
11,10,11.140760507189038,10.960662100336704,1.0,0.0,1.0,0.0,0.0,1.0
12,10,4.858290331450806,5.963872922615558,0.0,0.0,1.0,1.0,0.0,0.0
13,10,8.103845009264376,3.080653481486008,0.0,0.0,1.0,0.0,0.0,0.0
14,10,0.0,7.072805541745779,1.0,1.0,1.0,0.0,0.0,1.0
15,10,11.966415273843127,11.823077872220631,0.0,0.0,0.0,1.0,1.0,0.0
16,10,11.982769931124324,4.929123133735987,0.0,0.0,0.0,0.0,1.0,1.0
17,10,8.100732849084668,3.928001120057744,0.0,0.0,0.0,0.0,1.0,1.0
18,10,3.893020063102264,4.942741175027285,0.0,1.0,0.0,0.0,0.0,1.0
19,10,9.801856188588022,12.0,0.0,1.0,0.0,0.0,1.0,0.0
0,15,3.898824833482301,7.86562325893124,0.0,0.0,1.0,1.0,1.0,0.0
1,15,7.989712928052216,3.2431566246486656,0.0,0.0,1.0,0.0,0.0,0.0
2,15,9.9737671011817,2.792770587814078,1.0,0.0,0.0,1.0,1.0,1.0
3,15,3.6764117806580634,5.922776909368261,0.0,0.0,0.0,0.0,1.0,1.0
4,15,6.949476291962955,0.0,1.0,0.0,1.0,0.0,1.0,1.0
5,15,7.312372894902574,2.9888369768457674,0.0,1.0,0.0,0.0,0.0,0.0
6,15,12.0,4.010528445257341,0.0,1.0,0.0,1.0,1.0,0.0
7,15,5.279115293320732,0.8337992197534773,0.0,1.0,0.0,1.0,0.0,0.0
8,15,10.766932225538984,11.063185013417131,0.0,0.0,0.0,1.0,0.0,0.0
9,15,9.89731718296146,0.0621565989972365,1.0,0.0,1.0,0.0,0.0,1.0
10,15,6.861803551401276,1.8048328752017704,1.0,0.0,0.0,0.0,1.0,1.0
11,15,11.18993566000958,10.947066968195418,1.0,0.0,1.0,0.0,0.0,1.0
12,15,4.794534525592394,5.949557641633324,0.0,0.0,1.0,1.0,0.0,0.0
13,15,8.148087478493956,3.117096981386475,0.0,0.0,1.0,0.0,0.0,0.0
14,15,0.0,7.104310141466848,1.0,1.0,1.0,0.0,0.0,1.0
15,15,11.957160079248553,11.772316079793194,0.0,0.0,0.0,1.0,1.0,0.0
16,15,11.983138022210486,4.930881221270892,0.0,0.0,0.0,0.0,1.0,1.0
17,15,8.12387945794566,3.911081280560017,0.0,0.0,0.0,0.0,1.0,1.0
18,15,3.8684045686630766,4.929333844931492,0.0,1.0,0.0,0.0,0.0,1.0
19,15,9.717812952353814,12.0,0.0,1.0,0.0,0.0,1.0,0.0
0,20,3.890684004665245,7.853209916351036,0.0,0.0,1.0,1.0,1.0,0.0
1,20,7.987837129285825,3.289235201335627,0.0,0.0,1.0,0.0,0.0,0.0
2,20,9.969174191671486,2.748283605880559,1.0,0.0,0.0,1.0,1.0,1.0
3,20,3.60175799839931,5.904697532323624,0.0,0.0,0.0,0.0,1.0,1.0
4,20,6.9388653407044405,0.0,1.0,0.0,1.0,0.0,1.0,1.0
5,20,7.430264054212531,2.9793505151818453,0.0,1.0,0.0,0.0,0.0,0.0
6,20,12.0,3.936060042613165,0.0,1.0,0.0,1.0,1.0,0.0
7,20,5.350753491046346,0.7911732153720256,0.0,1.0,0.0,1.0,0.0,0.0
8,20,10.705226635089982,11.08209682546873,0.0,0.0,0.0,1.0,0.0,0.0
9,20,9.892083973309898,0.0654658910453302,1.0,0.0,1.0,0.0,0.0,1.0
10,20,6.811481959540945,1.7357559204884712,1.0,0.0,0.0,0.0,1.0,1.0
11,20,11.229886186463428,10.935979140072249,1.0,0.0,1.0,0.0,0.0,1.0
12,20,4.74077168476825,5.938746557884079,0.0,0.0,1.0,1.0,0.0,0.0
13,20,8.207492048234226,3.16702958804976,0.0,0.0,1.0,0.0,0.0,0.0
14,20,0.0,7.13759387520014,1.0,1.0,1.0,0.0,0.0,1.0
15,20,11.95087694244117,11.743186249878969,0.0,0.0,0.0,1.0,1.0,0.0
16,20,11.98275032685866,4.928721071886525,0.0,0.0,0.0,0.0,1.0,1.0
17,20,8.136846030641978,3.9012471873265424,0.0,0.0,0.0,0.0,1.0,1.0
18,20,3.833033796867472,4.910864547851509,0.0,1.0,0.0,0.0,0.0,1.0
19,20,9.627029058796555,12.0,0.0,1.0,0.0,0.0,1.0,0.0
0,25,3.890288933866101,7.8525906893705715,0.0,0.0,1.0,1.0,1.0,0.0
1,25,7.98516312891316,3.334296483948988,0.0,0.0,1.0,0.0,0.0,0.0
2,25,9.964900974161452,2.716941930192854,1.0,0.0,0.0,1.0,1.0,1.0
3,25,3.5614164539453617,5.894698230467616,0.0,0.0,0.0,0.0,1.0,1.0
4,25,6.924420746395328,0.0,1.0,0.0,1.0,0.0,1.0,1.0
5,25,7.544129692531542,2.97036445577467,0.0,1.0,0.0,0.0,0.0,0.0
6,25,12.0,3.8718216424475296,0.0,1.0,0.0,1.0,1.0,0.0
7,25,5.403789031184864,0.7596728381787955,0.0,1.0,0.0,1.0,0.0,0.0
8,25,10.65244790167117,11.099084884071546,0.0,0.0,0.0,1.0,0.0,0.0
9,25,9.91116968815403,0.0536816260827455,1.0,0.0,1.0,0.0,0.0,1.0
10,25,6.762295671446333,1.6702374116748593,1.0,0.0,0.0,0.0,1.0,1.0
11,25,11.246377505840645,10.931656623301356,1.0,0.0,1.0,0.0,0.0,1.0
12,25,4.694251906670487,5.930311441690429,0.0,0.0,1.0,1.0,0.0,0.0
13,25,8.25404354395654,3.206422527122379,0.0,0.0,1.0,0.0,0.0,0.0
14,25,0.0,7.176765087783198,1.0,1.0,1.0,0.0,0.0,1.0
15,25,11.939402153769857,11.683745391146282,0.0,0.0,0.0,1.0,1.0,0.0
16,25,11.981478006221648,4.921380635993169,0.0,0.0,0.0,0.0,1.0,1.0
17,25,8.15426414337179,3.8887829500491535,0.0,0.0,0.0,0.0,1.0,1.0
18,25,3.786106809474931,4.886246303803082,0.0,1.0,0.0,0.0,0.0,1.0
19,25,9.634098307720276,12.0,0.0,1.0,0.0,0.0,1.0,0.0
0,30,3.905037367528114,7.877469892352903,0.0,0.0,1.0,1.0,1.0,0.0
1,30,7.98216015970339,3.403853065017386,0.0,0.0,1.0,0.0,0.0,0.0
2,30,9.96288992210779,2.702332552925286,1.0,0.0,0.0,1.0,1.0,1.0
3,30,3.5675141283800773,5.869485141640793,0.0,0.0,0.0,0.0,1.0,1.0
4,30,6.907623295078334,0.0,1.0,0.0,1.0,0.0,1.0,1.0
5,30,7.65091127903399,2.961374255922949,0.0,1.0,0.0,0.0,0.0,0.0
6,30,12.0,3.817977247116017,0.0,1.0,0.0,1.0,1.0,0.0
7,30,5.471300397569616,0.7210751411929603,0.0,1.0,0.0,1.0,0.0,0.0
8,30,10.615727905892758,11.111336410513845,0.0,0.0,0.0,1.0,0.0,0.0
9,30,9.924729275913965,0.0458299120862657,1.0,0.0,1.0,0.0,0.0,1.0
10,30,6.7117122391232735,1.7086439776595264,1.0,0.0,0.0,0.0,1.0,1.0
11,30,11.263803417338274,10.927262756757072,1.0,0.0,1.0,0.0,0.0,1.0
12,30,4.653547790193389,5.922928981706895,0.0,0.0,1.0,1.0,0.0,0.0
13,30,8.306136249561142,3.2513318820326416,0.0,0.0,1.0,0.0,0.0,0.0
14,30,0.0,7.207028340660919,1.0,1.0,1.0,0.0,0.0,1.0
15,30,11.926198328780924,11.615106196434445,0.0,0.0,0.0,1.0,1.0,0.0
16,30,11.975881920405058,4.889014746310129,0.0,0.0,0.0,0.0,1.0,1.0
17,30,8.158480183955444,3.885566592983244,0.0,0.0,0.0,0.0,1.0,1.0
18,30,3.736350615092805,4.859601420365406,0.0,1.0,0.0,0.0,0.0,1.0
19,30,9.639499189288207,12.0,0.0,1.0,0.0,0.0,1.0,0.0
0,35,3.915565025644936,7.894814256061003,0.0,0.0,1.0,1.0,1.0,0.0
1,35,7.977330062185636,3.476382541608674,0.0,0.0,1.0,0.0,0.0,0.0
2,35,9.962436178186127,2.697741297789114,1.0,0.0,0.0,1.0,1.0,1.0
3,35,3.5699779452287106,5.85910078730001,0.0,0.0,0.0,0.0,1.0,1.0
4,35,6.888314282949856,0.0,1.0,0.0,1.0,0.0,1.0,1.0
5,35,7.731580397733798,2.955463775856177,0.0,1.0,0.0,0.0,0.0,0.0
6,35,12.0,3.7437936198247255,0.0,1.0,0.0,1.0,1.0,0.0
7,35,5.533876370783863,0.6869251325380531,0.0,1.0,0.0,1.0,0.0,0.0
8,35,10.598231448760927,11.116958788498222,0.0,0.0,0.0,1.0,0.0,0.0
9,35,9.932190688480231,0.0412558580125374,1.0,0.0,1.0,0.0,0.0,1.0
10,35,6.631242074035165,1.7660332029818422,1.0,0.0,0.0,0.0,1.0,1.0
11,35,11.281121069493814,10.923262369420955,1.0,0.0,1.0,0.0,0.0,1.0
12,35,4.629881139925592,5.917737357866332,0.0,0.0,1.0,1.0,0.0,0.0
13,35,8.361159340637082,3.2980733834428158,0.0,0.0,1.0,0.0,0.0,0.0
14,35,0.0,7.238055605622004,1.0,1.0,1.0,0.0,0.0,1.0
15,35,11.909808316274406,11.52748015974264,0.0,0.0,0.0,1.0,1.0,0.0
16,35,11.968915102815368,4.8509502747544735,0.0,0.0,0.0,0.0,1.0,1.0
17,35,8.162008691563088,3.8829485570077855,0.0,0.0,0.0,0.0,1.0,1.0
18,35,3.68908219378614,4.833326634009127,0.0,1.0,0.0,0.0,0.0,1.0
19,35,9.643380709169795,12.0,0.0,1.0,0.0,0.0,1.0,0.0
0,40,3.9351260882852728,7.928304797180614,0.0,0.0,1.0,1.0,1.0,0.0
1,40,7.965838171158468,3.581228851215882,0.0,0.0,1.0,0.0,0.0,0.0
2,40,9.96163022332207,2.691925204979536,1.0,0.0,0.0,1.0,1.0,1.0
3,40,3.571548420499012,5.852561505681743,0.0,0.0,0.0,0.0,1.0,1.0
4,40,6.869485706873662,0.0,1.0,0.0,1.0,0.0,1.0,1.0
5,40,7.798080061243349,2.951399043602179,0.0,1.0,0.0,0.0,0.0,0.0
6,40,12.0,3.678275827756441,0.0,1.0,0.0,1.0,1.0,0.0
7,40,5.588813124295333,0.6571962999080305,0.0,1.0,0.0,1.0,0.0,0.0
8,40,10.569287584202058,11.126468882592189,0.0,0.0,0.0,1.0,0.0,0.0
9,40,9.957834835947487,0.0254945635925082,1.0,0.0,1.0,0.0,0.0,1.0
10,40,6.70338488665085,1.8646538087121236,1.0,0.0,0.0,0.0,1.0,1.0
11,40,11.279780821792633,10.917667771911594,1.0,0.0,1.0,0.0,0.0,1.0
12,40,4.586915951688754,5.908721639009265,0.0,0.0,1.0,1.0,0.0,0.0
13,40,8.425931421813523,3.3537667717581097,0.0,0.0,1.0,0.0,0.0,0.0
14,40,0.0,7.2649833460058995,1.0,1.0,1.0,0.0,0.0,1.0
15,40,11.89018709123146,11.429695142916424,0.0,0.0,0.0,1.0,1.0,0.0
16,40,11.961558923432731,4.809046946839919,0.0,0.0,0.0,0.0,1.0,1.0
17,40,8.153925729061877,3.888968999927754,0.0,0.0,0.0,0.0,1.0,1.0
18,40,3.638707574257156,4.806993616905339,0.0,1.0,0.0,0.0,0.0,1.0
19,40,9.64659987796879,12.0,0.0,1.0,0.0,0.0,1.0,0.0
0,45,3.94744998649762,7.949790902430935,0.0,0.0,1.0,1.0,1.0,0.0
1,45,7.954303622628887,3.688348587481658,0.0,0.0,1.0,0.0,0.0,0.0
2,45,9.95919484160684,2.675120207751404,1.0,0.0,0.0,1.0,1.0,1.0
3,45,3.577912166041858,5.824462261248405,0.0,0.0,0.0,0.0,1.0,1.0
4,45,6.852811519353367,0.0,1.0,0.0,1.0,0.0,1.0,1.0
5,45,7.866135772847964,2.9476877506313253,0.0,1.0,0.0,0.0,0.0,0.0
6,45,12.0,3.617244226257224,0.0,1.0,0.0,1.0,1.0,0.0
7,45,5.625615680648997,0.6367559349337336,0.0,1.0,0.0,1.0,0.0,0.0
8,45,10.549054464951572,11.132700895569728,0.0,0.0,0.0,1.0,0.0,0.0
9,45,9.975589683211483,0.0150359630362609,1.0,0.0,1.0,0.0,0.0,1.0
10,45,6.777930541534085,1.962684935531304,1.0,0.0,0.0,0.0,1.0,1.0
11,45,11.278962610745118,10.91461224082701,1.0,0.0,1.0,0.0,0.0,1.0
12,45,4.54647976772128,5.898834243612359,0.0,0.0,1.0,1.0,0.0,0.0
13,45,8.497732376476526,3.412607264954708,0.0,0.0,1.0,0.0,0.0,0.0
14,45,0.0,7.292244481275634,1.0,1.0,1.0,0.0,0.0,1.0
15,45,11.868829584057323,11.31747074734229,0.0,0.0,0.0,1.0,1.0,0.0
16,45,11.951139497245515,4.741968022757152,0.0,0.0,0.0,0.0,1.0,1.0
17,45,8.143568896945075,3.896332887924828,0.0,0.0,0.0,0.0,1.0,1.0
18,45,3.6012534997512056,4.787680704959214,0.0,1.0,0.0,0.0,0.0,1.0
19,45,9.650837468008564,12.0,0.0,1.0,0.0,0.0,1.0,0.0
0,50,3.967718718145039,7.986011020351093,0.0,0.0,1.0,1.0,1.0,0.0
1,50,7.944629629121004,3.772525255833792,0.0,0.0,1.0,0.0,0.0,0.0
2,50,9.95713633489058,2.66125869000034,1.0,0.0,0.0,1.0,1.0,1.0
3,50,3.583383981107897,5.796114231581697,0.0,0.0,0.0,0.0,1.0,1.0
4,50,6.831483670104111,0.0,1.0,0.0,1.0,0.0,1.0,1.0
5,50,7.94333455353653,2.9443908294876757,0.0,1.0,0.0,0.0,0.0,0.0
6,50,12.0,3.5583277253208,0.0,1.0,0.0,1.0,1.0,0.0
7,50,5.678173100758727,0.60716190563649,0.0,1.0,0.0,1.0,0.0,0.0
8,50,10.52763607322989,11.139348858683205,0.0,0.0,0.0,1.0,0.0,0.0
9,50,9.96127041829161,0.0236754014190111,1.0,0.0,1.0,0.0,0.0,1.0
10,50,6.8530758073544416,2.0671605748032182,1.0,0.0,0.0,0.0,1.0,1.0
11,50,11.2819466021466,10.926411502421502,1.0,0.0,1.0,0.0,0.0,1.0
12,50,4.532306213185404,5.895187741660074,0.0,0.0,1.0,1.0,0.0,0.0
13,50,8.573664812770668,3.475747005108745,0.0,0.0,1.0,0.0,0.0,0.0
14,50,0.0,7.330769367895298,1.0,1.0,1.0,0.0,0.0,1.0
15,50,11.854503016738446,11.231533951354288,0.0,0.0,0.0,1.0,1.0,0.0
16,50,11.940820030327412,4.681926984352457,0.0,0.0,0.0,0.0,1.0,1.0
17,50,8.13063838552101,3.904848044459025,0.0,0.0,0.0,0.0,1.0,1.0
18,50,3.5639085895902194,4.769432819994613,0.0,1.0,0.0,0.0,0.0,1.0
19,50,9.655975721332034,12.0,0.0,1.0,0.0,0.0,1.0,0.0
0,55,3.977283496652912,8.003252362839188,0.0,0.0,1.0,1.0,1.0,0.0
1,55,7.933854872642272,3.844560480946134,0.0,0.0,1.0,0.0,0.0,0.0
2,55,9.95446754831477,2.641005579205776,1.0,0.0,0.0,1.0,1.0,1.0
3,55,3.58771881296468,5.773786460586579,0.0,0.0,0.0,0.0,1.0,1.0
4,55,6.816411658393943,0.0,1.0,0.0,1.0,0.0,1.0,1.0
5,55,8.002828853465635,2.942961177431177,0.0,1.0,0.0,0.0,0.0,0.0
6,55,12.0,3.5188937828309808,0.0,1.0,0.0,1.0,1.0,0.0
7,55,5.742666450511605,0.572359804420754,0.0,1.0,0.0,1.0,0.0,0.0
8,55,10.51802974204928,11.142442411278957,0.0,0.0,0.0,1.0,0.0,0.0
9,55,9.937884968263257,0.0384784856134515,1.0,0.0,1.0,0.0,0.0,1.0
10,55,6.924846716376955,2.1730112493415064,1.0,0.0,0.0,0.0,1.0,1.0
11,55,11.27899104211274,10.915162133379624,1.0,0.0,1.0,0.0,0.0,1.0
12,55,4.513327160448951,5.890669876917653,0.0,0.0,1.0,1.0,0.0,0.0
13,55,8.644004103295151,3.5388935303070017,0.0,0.0,1.0,0.0,0.0,0.0
14,55,0.0,7.374187706140741,1.0,1.0,1.0,0.0,0.0,1.0
15,55,11.840440812879477,11.156540766831773,0.0,0.0,0.0,1.0,1.0,0.0
16,55,11.92753043220943,4.612819473959943,0.0,0.0,0.0,0.0,1.0,1.0
17,55,8.115396555951781,3.9143654867503135,0.0,0.0,0.0,0.0,1.0,1.0
18,55,3.517257920093485,4.746085979786086,0.0,1.0,0.0,0.0,0.0,1.0
19,55,9.66121345136592,12.0,0.0,1.0,0.0,0.0,1.0,0.0
0,60,3.990172839426436,8.025705892934962,0.0,0.0,1.0,1.0,1.0,0.0
1,60,7.921053954935807,3.940485708640596,0.0,0.0,1.0,0.0,0.0,0.0
2,60,9.951789926455106,2.6219774130821016,1.0,0.0,0.0,1.0,1.0,1.0
3,60,3.5922849477740724,5.753884479079965,0.0,0.0,0.0,0.0,1.0,1.0
4,60,6.80807494086597,0.0,1.0,0.0,1.0,0.0,1.0,1.0
5,60,8.062236925240772,2.939143898482233,0.0,1.0,0.0,0.0,0.0,0.0
6,60,12.0,3.4846311053902053,0.0,1.0,0.0,1.0,1.0,0.0
7,60,5.79204001870081,0.5460249885089696,0.0,1.0,0.0,1.0,0.0,0.0
8,60,10.513391501887988,11.144048323939664,0.0,0.0,0.0,1.0,0.0,0.0
9,60,9.923157572255816,0.0471904673215989,1.0,0.0,1.0,0.0,0.0,1.0
10,60,6.999650261202258,2.284056738852581,1.0,0.0,0.0,0.0,1.0,1.0
11,60,11.28290460728416,10.93031755816218,1.0,0.0,1.0,0.0,0.0,1.0
12,60,4.474368562999648,5.8838836717268,0.0,0.0,1.0,1.0,0.0,0.0
13,60,8.7143017707136,3.603990313352673,0.0,0.0,1.0,0.0,0.0,0.0
14,60,0.0,7.408305816677891,1.0,1.0,1.0,0.0,0.0,1.0
15,60,11.825867861027112,11.07943798610998,0.0,0.0,0.0,1.0,1.0,0.0
16,60,11.914028321053598,4.550627538147455,0.0,0.0,0.0,0.0,1.0,1.0
17,60,8.091207596009667,3.9283543211532734,0.0,0.0,0.0,0.0,1.0,1.0
18,60,3.4763015410107845,4.726984573195362,0.0,1.0,0.0,0.0,0.0,1.0
19,60,9.6709713914423,12.0,0.0,1.0,0.0,0.0,1.0,0.0
0,65,4.009506686561955,8.056892330481846,0.0,0.0,1.0,1.0,1.0,0.0
1,65,7.909501860569045,4.031540210219417,0.0,0.0,1.0,0.0,0.0,0.0
2,65,9.952116700270144,2.6242890279345965,1.0,0.0,0.0,1.0,1.0,1.0
3,65,3.600671320884181,5.720118040323899,0.0,0.0,0.0,0.0,1.0,1.0
4,65,6.801313870450671,0.0,1.0,0.0,1.0,0.0,1.0,1.0
5,65,8.119306814063401,2.935884890205537,0.0,1.0,0.0,0.0,0.0,0.0
6,65,12.0,3.4387447175889605,0.0,1.0,0.0,1.0,1.0,0.0
7,65,5.842586957768019,0.5195354990497467,0.0,1.0,0.0,1.0,0.0,0.0
8,65,10.508348433443972,11.145771611649335,0.0,0.0,0.0,1.0,0.0,0.0
9,65,9.914072231733469,0.0528861876091031,1.0,0.0,1.0,0.0,0.0,1.0
10,65,7.0748555484061,2.391708705999824,1.0,0.0,0.0,0.0,1.0,1.0
11,65,11.286282222816356,10.942697600625968,1.0,0.0,1.0,0.0,0.0,1.0
12,65,4.456116660688897,5.880529894788702,0.0,0.0,1.0,1.0,0.0,0.0
13,65,8.764457344576877,3.652619096271843,0.0,0.0,1.0,0.0,0.0,0.0
14,65,0.0,7.445470227953253,1.0,1.0,1.0,0.0,0.0,1.0
15,65,11.812919590595827,11.0043350970227,0.0,0.0,0.0,1.0,1.0,0.0
16,65,11.899389076807074,4.476975974731222,0.0,0.0,0.0,0.0,1.0,1.0
17,65,8.073352290630616,3.939375801033405,0.0,0.0,0.0,0.0,1.0,1.0
18,65,3.436814899602535,4.708840294659007,0.0,1.0,0.0,0.0,0.0,1.0
19,65,9.68175489480315,12.0,0.0,1.0,0.0,0.0,1.0,0.0
0,70,4.036292058204608,8.097934945999121,0.0,0.0,1.0,1.0,1.0,0.0
1,70,7.89527794575794,4.111118264022442,0.0,0.0,1.0,0.0,0.0,0.0
2,70,9.952405613593664,2.6264973091362807,1.0,0.0,0.0,1.0,1.0,1.0
3,70,3.608317471820707,5.689527147153304,0.0,0.0,0.0,0.0,1.0,1.0
4,70,6.795927646185175,0.0,1.0,0.0,1.0,0.0,1.0,1.0
5,70,8.17201216832927,2.9327962172740967,0.0,1.0,0.0,0.0,0.0,0.0
6,70,12.0,3.399637436574106,0.0,1.0,0.0,1.0,1.0,0.0
7,70,5.911736130773762,0.4828848566267937,0.0,1.0,0.0,1.0,0.0,0.0
8,70,10.508252618486784,11.145806554453335,0.0,0.0,0.0,1.0,0.0,0.0
9,70,9.917545068120456,0.0506889157725371,1.0,0.0,1.0,0.0,0.0,1.0
10,70,7.138051267522041,2.486564065292537,1.0,0.0,0.0,0.0,1.0,1.0
11,70,11.285216776159476,10.938851951390085,1.0,0.0,1.0,0.0,0.0,1.0
12,70,4.460148314942779,5.88128917799915,0.0,0.0,1.0,1.0,0.0,0.0
13,70,8.807107458492588,3.6957696812846095,0.0,0.0,1.0,0.0,0.0,0.0
14,70,0.0,7.476433701164426,1.0,1.0,1.0,0.0,0.0,1.0
15,70,11.796871234783069,10.920179807559308,0.0,0.0,0.0,1.0,1.0,0.0
16,70,11.884798278675554,4.410105033324327,0.0,0.0,0.0,0.0,1.0,1.0
17,70,8.043238583549968,3.957536108041465,0.0,0.0,0.0,0.0,1.0,1.0
18,70,3.4140737290042056,4.699337616509099,0.0,1.0,0.0,0.0,0.0,1.0
19,70,9.691258442723456,12.0,0.0,1.0,0.0,0.0,1.0,0.0
0,75,4.062482798393819,8.138637594331348,0.0,0.0,1.0,1.0,1.0,0.0
1,75,7.879471939248224,4.204597845391668,0.0,0.0,1.0,0.0,0.0,0.0
2,75,9.970737953063797,2.6237345790392026,1.0,0.0,0.0,1.0,1.0,1.0
3,75,3.6146744824762727,5.663743730572483,0.0,0.0,0.0,0.0,1.0,1.0
4,75,6.79206024318733,0.0,1.0,0.0,1.0,0.0,1.0,1.0
5,75,8.224032113072683,2.9309602441853597,0.0,1.0,0.0,0.0,0.0,0.0
6,75,12.0,3.3571359317019462,0.0,1.0,0.0,1.0,1.0,0.0
7,75,5.983074881530564,0.4456591761841467,0.0,1.0,0.0,1.0,0.0,0.0
8,75,10.50046081954861,11.148655977446612,0.0,0.0,0.0,1.0,0.0,0.0
9,75,9.896544732528897,0.0631911792581197,1.0,0.0,1.0,0.0,0.0,1.0
10,75,7.200766529380499,2.579941286778085,1.0,0.0,0.0,0.0,1.0,1.0
11,75,11.278968741433378,10.916708226272023,1.0,0.0,1.0,0.0,0.0,1.0
12,75,4.447596868452964,5.87858990080823,0.0,0.0,1.0,1.0,0.0,0.0
13,75,8.852150155648067,3.743575177464541,0.0,0.0,1.0,0.0,0.0,0.0
14,75,0.0,7.51328146780876,1.0,1.0,1.0,0.0,0.0,1.0
15,75,11.781129105510528,10.838604804818631,0.0,0.0,0.0,1.0,1.0,0.0
16,75,11.87299665709096,4.355343547203576,0.0,0.0,0.0,0.0,1.0,1.0
17,75,8.00618119411893,3.980650374442712,0.0,0.0,0.0,0.0,1.0,1.0
18,75,3.3827780625420902,4.685287599764894,0.0,1.0,0.0,0.0,0.0,1.0
19,75,9.702871542146308,12.0,0.0,1.0,0.0,0.0,1.0,0.0
0,80,4.087641253051415,8.178530234949928,0.0,0.0,1.0,1.0,1.0,0.0
1,80,7.867272326600082,4.28890786690958,0.0,0.0,1.0,0.0,0.0,0.0
2,80,9.982336504451425,2.6222861130740114,1.0,0.0,0.0,1.0,1.0,1.0
3,80,3.621200464695544,5.637628073546586,0.0,0.0,0.0,0.0,1.0,1.0
4,80,6.7896155924611685,0.0,1.0,0.0,1.0,0.0,1.0,1.0
5,80,8.281786001527529,2.92910306913247,0.0,1.0,0.0,0.0,0.0,0.0
6,80,12.0,3.346937214026356,0.0,1.0,0.0,1.0,1.0,0.0
7,80,6.042920645852498,0.4147149872316401,0.0,1.0,0.0,1.0,0.0,0.0
8,80,10.483305137050566,11.154901948494697,0.0,0.0,0.0,1.0,0.0,0.0
9,80,9.85827522726811,0.0861242796318008,1.0,0.0,1.0,0.0,0.0,1.0
10,80,7.264768817772039,2.679089189199185,1.0,0.0,0.0,0.0,1.0,1.0
11,80,11.279515378267828,10.918828828679212,1.0,0.0,1.0,0.0,0.0,1.0
12,80,4.443045562261855,5.877534806210135,0.0,0.0,1.0,1.0,0.0,0.0
13,80,8.894915933830374,3.790342218578162,0.0,0.0,1.0,0.0,0.0,0.0
14,80,0.0,7.552371375558097,1.0,1.0,1.0,0.0,0.0,1.0
15,80,11.766005420100337,10.757895922978648,0.0,0.0,0.0,1.0,1.0,0.0
16,80,11.86106412907877,4.3056916953505215,0.0,0.0,0.0,0.0,1.0,1.0
17,80,7.95776394263123,4.009852893181203,0.0,0.0,0.0,0.0,1.0,1.0
18,80,3.3392709139541417,4.665429424269027,0.0,1.0,0.0,0.0,0.0,1.0
19,80,9.717308232611623,12.0,0.0,1.0,0.0,0.0,1.0,0.0
0,85,4.109282135573471,8.214206168241512,0.0,0.0,1.0,1.0,1.0,0.0
1,85,7.853504566217319,4.38110010342978,0.0,0.0,1.0,0.0,0.0,0.0
2,85,9.980411498955736,2.6087034789831742,1.0,0.0,0.0,1.0,1.0,1.0
3,85,3.626404871380492,5.618138800246432,0.0,0.0,0.0,0.0,1.0,1.0
4,85,6.779897069971697,0.0,1.0,0.0,1.0,0.0,1.0,1.0
5,85,8.328293987095536,2.927955658173849,0.0,1.0,0.0,0.0,0.0,0.0
6,85,12.0,3.345167320984066,0.0,1.0,0.0,1.0,1.0,0.0
7,85,6.117696602267136,0.3764577540812227,0.0,1.0,0.0,1.0,0.0,0.0
8,85,10.457566108571465,11.164005252875972,0.0,0.0,0.0,1.0,0.0,0.0
9,85,9.776476854454982,0.1357561050491415,1.0,0.0,1.0,0.0,0.0,1.0
10,85,7.33192027802773,2.785496969080974,1.0,0.0,0.0,0.0,1.0,1.0
11,85,11.27871913575662,10.915782867907618,1.0,0.0,1.0,0.0,0.0,1.0
12,85,4.435614827498772,5.875801198612381,0.0,0.0,1.0,1.0,0.0,0.0
13,85,8.931913366886551,3.830201829322832,0.0,0.0,1.0,0.0,0.0,0.0
14,85,0.0,7.59976313852396,1.0,1.0,1.0,0.0,0.0,1.0
15,85,11.749609977317366,10.673233634744342,0.0,0.0,0.0,1.0,1.0,0.0
16,85,11.848367325740169,4.258511967173271,0.0,0.0,0.0,0.0,1.0,1.0
17,85,7.892871785944236,4.04860702517939,0.0,0.0,0.0,0.0,1.0,1.0
18,85,3.289848004830754,4.642806462138285,0.0,1.0,0.0,0.0,0.0,1.0
19,85,9.736650214365882,12.0,0.0,1.0,0.0,0.0,1.0,0.0
0,90,4.13100261740126,8.250174031713426,0.0,0.0,1.0,1.0,1.0,0.0
1,90,7.8378576889686595,4.47648789981002,0.0,0.0,1.0,0.0,0.0,0.0
2,90,9.978937206327966,2.600086692856575,1.0,0.0,0.0,1.0,1.0,1.0
3,90,3.6301063619987626,5.604710649811624,0.0,0.0,0.0,0.0,1.0,1.0
4,90,6.776801333793448,0.0,1.0,0.0,1.0,0.0,1.0,1.0
5,90,8.389863541160741,2.9270649332359686,0.0,1.0,0.0,0.0,0.0,0.0
6,90,11.999421485615828,3.346219577504182,0.0,1.0,0.0,1.0,1.0,0.0
7,90,6.200306036306531,0.3356237195141173,0.0,1.0,0.0,1.0,0.0,0.0
8,90,10.430607744148125,11.172871232789417,0.0,0.0,0.0,1.0,0.0,0.0
9,90,9.691383075058184,0.1879275666020264,1.0,0.0,1.0,0.0,0.0,1.0
10,90,7.40629598170938,2.903997922196786,1.0,0.0,0.0,0.0,1.0,1.0
11,90,11.276072064296743,10.905778644785013,1.0,0.0,1.0,0.0,0.0,1.0
12,90,4.42926919986437,5.874249138586724,0.0,0.0,1.0,1.0,0.0,0.0
13,90,8.963317127894184,3.86572933997692,0.0,0.0,1.0,0.0,0.0,0.0
14,90,0.0,7.642749217979919,1.0,1.0,1.0,0.0,0.0,1.0
15,90,11.73258943056634,10.575165654100145,0.0,0.0,0.0,1.0,1.0,0.0
16,90,11.843586035011164,4.241945477840238,0.0,0.0,0.0,0.0,1.0,1.0
17,90,7.825655537685243,4.088785596071776,0.0,0.0,0.0,0.0,1.0,1.0
18,90,3.252800179596988,4.62550157193005,0.0,1.0,0.0,0.0,0.0,1.0
19,90,9.76273211913492,12.0,0.0,1.0,0.0,0.0,1.0,0.0
0,95,4.157423957942251,8.295294318813491,0.0,0.0,1.0,1.0,1.0,0.0
1,95,7.822840554802321,4.559316069760349,0.0,0.0,1.0,0.0,0.0,0.0
2,95,9.977120489454924,2.589572179996398,1.0,0.0,0.0,1.0,1.0,1.0
3,95,3.634388365847016,5.589861476753897,0.0,0.0,0.0,0.0,1.0,1.0
4,95,6.770343288782397,0.0,1.0,0.0,1.0,0.0,1.0,1.0
5,95,8.45090274009323,2.9256599204115505,0.0,1.0,0.0,0.0,0.0,0.0
6,95,11.99851894317218,3.347874651790692,0.0,1.0,0.0,1.0,1.0,0.0
7,95,6.255150571934255,0.3094652157315598,0.0,1.0,0.0,1.0,0.0,0.0
8,95,10.417690742374136,11.177261221767337,0.0,0.0,0.0,1.0,0.0,0.0
9,95,9.602263543694804,0.2403036287560213,1.0,0.0,1.0,0.0,0.0,1.0
10,95,7.481534215953149,3.0180639347683504,1.0,0.0,0.0,0.0,1.0,1.0
11,95,11.269221397640653,10.877958557656688,1.0,0.0,1.0,0.0,0.0,1.0
12,95,4.406907945007638,5.869164254110913,0.0,0.0,1.0,1.0,0.0,0.0
13,95,8.993421648649097,3.9005538831209767,0.0,0.0,1.0,0.0,0.0,0.0
14,95,0.0,7.681407280911863,1.0,1.0,1.0,0.0,0.0,1.0
15,95,11.713266520151963,10.46060546200498,0.0,0.0,0.0,1.0,1.0,0.0
16,95,11.846060937371885,4.250262866699161,0.0,0.0,0.0,0.0,1.0,1.0
17,95,7.741145472543955,4.141526745868016,0.0,0.0,0.0,0.0,1.0,1.0
18,95,3.198589599875763,4.59939297412877,0.0,1.0,0.0,0.0,0.0,1.0
19,95,9.794407661303516,12.0,0.0,1.0,0.0,0.0,1.0,0.0
0,100,4.179923233000704,8.3353626206447,0.0,0.0,1.0,1.0,1.0,0.0
1,100,7.8111061219418625,4.633716373967656,0.0,0.0,1.0,0.0,0.0,0.0
2,100,9.973995611927515,2.57165412716384,1.0,0.0,0.0,1.0,1.0,1.0
3,100,3.6318969568880055,5.59926701004694,0.0,0.0,0.0,0.0,1.0,1.0
4,100,6.760403030927527,0.0,1.0,0.0,1.0,0.0,1.0,1.0
5,100,8.510696222529802,2.926094878632203,0.0,1.0,0.0,0.0,0.0,0.0
6,100,11.993448896163594,3.3570530774520924,0.0,1.0,0.0,1.0,1.0,0.0
7,100,6.3280229610217535,0.2765197677952534,0.0,1.0,0.0,1.0,0.0,0.0
8,100,10.387450972639192,11.18762338074498,0.0,0.0,0.0,1.0,0.0,0.0
9,100,9.517738514273471,0.2924916194195315,1.0,0.0,1.0,0.0,0.0,1.0
10,100,7.549472337637789,3.120454261251974,1.0,0.0,0.0,0.0,1.0,1.0
11,100,11.261084010386522,10.840652208287654,1.0,0.0,1.0,0.0,0.0,1.0
12,100,4.395188892188382,5.866579114382092,0.0,0.0,1.0,1.0,0.0,0.0
13,100,9.042292242563477,3.955984867245467,0.0,0.0,1.0,0.0,0.0,0.0
14,100,0.0,7.719020793438418,1.0,1.0,1.0,0.0,0.0,1.0
15,100,11.69362321444183,10.34351328770047,0.0,0.0,0.0,1.0,1.0,0.0
16,100,11.844088854860098,4.24363887282508,0.0,0.0,0.0,0.0,1.0,1.0
17,100,7.657238239894116,4.190729107396043,0.0,0.0,0.0,0.0,1.0,1.0
18,100,3.149032165804355,4.575815908538852,0.0,1.0,0.0,0.0,0.0,1.0
19,100,9.830616947429936,12.0,0.0,1.0,0.0,0.0,1.0,0.0
0,105,4.206087382841555,8.380335978753306,0.0,0.0,1.0,1.0,1.0,0.0
1,105,7.796262524596812,4.723808254297002,0.0,0.0,1.0,0.0,0.0,0.0
2,105,9.968620229778956,2.537460082563866,1.0,0.0,0.0,1.0,1.0,1.0
3,105,3.631492456323712,5.600745563236057,0.0,0.0,0.0,0.0,1.0,1.0
4,105,6.752480795567907,0.0,1.0,0.0,1.0,0.0,1.0,1.0
5,105,8.524585620234948,2.9263065615212183,0.0,1.0,0.0,0.0,0.0,0.0
6,105,11.993719081117028,3.3565374824482896,0.0,1.0,0.0,1.0,1.0,0.0
7,105,6.406651764085033,0.2426698132781762,0.0,1.0,0.0,1.0,0.0,0.0
8,105,10.379612402368192,11.190670646504827,0.0,0.0,0.0,1.0,0.0,0.0
9,105,9.44172235645405,0.3368623567982793,1.0,0.0,1.0,0.0,0.0,1.0
10,105,7.616128669975319,3.222852161833423,1.0,0.0,0.0,0.0,1.0,1.0
11,105,11.25037674409539,10.793410011297713,1.0,0.0,1.0,0.0,0.0,1.0
12,105,4.390274366504531,5.865494730187832,0.0,0.0,1.0,1.0,0.0,0.0
13,105,9.094256226737354,4.013071228812728,0.0,0.0,1.0,0.0,0.0,0.0
14,105,0.0,7.755921141343822,1.0,1.0,1.0,0.0,0.0,1.0
15,105,11.674436636073214,10.203376215004834,0.0,0.0,0.0,1.0,1.0,0.0
16,105,11.839516222243809,4.226975381253369,0.0,0.0,0.0,0.0,1.0,1.0
17,105,7.5835389592047155,4.232756975607607,0.0,0.0,0.0,0.0,1.0,1.0
18,105,3.075048593911662,4.542684462252086,0.0,1.0,0.0,0.0,0.0,1.0
19,105,9.86646771306723,12.0,0.0,1.0,0.0,0.0,1.0,0.0
0,110,4.223978829546576,8.412795023494192,0.0,0.0,1.0,1.0,1.0,0.0
1,110,7.781478515764417,4.806245029699341,0.0,0.0,1.0,0.0,0.0,0.0
2,110,9.962824172849889,2.492986346054174,1.0,0.0,0.0,1.0,1.0,1.0
3,110,3.63760009552868,5.577698460856592,0.0,0.0,0.0,0.0,1.0,1.0
4,110,6.742224952792987,0.0,1.0,0.0,1.0,0.0,1.0,1.0
5,110,8.531098973645028,2.926404292944463,0.0,1.0,0.0,0.0,0.0,0.0
6,110,11.985038539903092,3.3732803620367977,0.0,1.0,0.0,1.0,1.0,0.0
7,110,6.482863489122439,0.2111322207646376,0.0,1.0,0.0,1.0,0.0,0.0
8,110,10.35862342363373,11.199175255313571,0.0,0.0,0.0,1.0,0.0,0.0
9,110,9.38011536477442,0.3733768542560878,1.0,0.0,1.0,0.0,0.0,1.0
10,110,7.680897127628284,3.319394415626113,1.0,0.0,0.0,0.0,1.0,1.0
11,110,11.235840889041736,10.728554386816135,1.0,0.0,1.0,0.0,0.0,1.0
12,110,4.379579299159686,5.863085330365386,0.0,0.0,1.0,1.0,0.0,0.0
13,110,9.144110682805678,4.066439935073396,0.0,0.0,1.0,0.0,0.0,0.0
14,110,0.0,7.7925303788619935,1.0,1.0,1.0,0.0,0.0,1.0
15,110,11.658228124807744,10.080626698935324,0.0,0.0,0.0,1.0,1.0,0.0
16,110,11.831258681052349,4.19701270670067,0.0,0.0,0.0,0.0,1.0,1.0
17,110,7.504132126832142,4.281520914990474,0.0,0.0,0.0,0.0,1.0,1.0
18,110,2.986091290750219,4.500840597317265,0.0,1.0,0.0,0.0,0.0,1.0
19,110,9.89938778299772,12.0,0.0,1.0,0.0,0.0,1.0,0.0
0,115,4.223945976684939,8.412732539221576,0.0,0.0,1.0,1.0,1.0,0.0
1,115,7.768534566053026,4.88208037268515,0.0,0.0,1.0,0.0,0.0,0.0
2,115,9.956109946633957,2.4506769427849955,1.0,0.0,0.0,1.0,1.0,1.0
3,115,3.637736921119072,5.577197655437846,0.0,0.0,0.0,0.0,1.0,1.0
4,115,6.732107452676439,0.0,1.0,0.0,1.0,0.0,1.0,1.0
5,115,8.518458300521115,2.926002150279752,0.0,1.0,0.0,0.0,0.0,0.0
6,115,11.95863903785222,3.4276012211224414,0.0,1.0,0.0,1.0,1.0,0.0
7,115,6.569891528725168,0.1737664808138969,0.0,1.0,0.0,1.0,0.0,0.0
8,115,10.340714913982016,11.206111846192908,0.0,0.0,0.0,1.0,0.0,0.0
9,115,9.328183149475496,0.4065636571212935,1.0,0.0,1.0,0.0,0.0,1.0
10,115,7.73146745299712,3.39908564643106,1.0,0.0,0.0,0.0,1.0,1.0
11,115,11.217141867877409,10.65301676470548,1.0,0.0,1.0,0.0,0.0,1.0
12,115,4.377446838057415,5.862633441402028,0.0,0.0,1.0,1.0,0.0,0.0
13,115,9.198083424413714,4.12606019760797,0.0,0.0,1.0,0.0,0.0,0.0
14,115,0.0,7.831334830323499,1.0,1.0,1.0,0.0,0.0,1.0
15,115,11.641005358231013,9.944712465774606,0.0,0.0,0.0,1.0,1.0,0.0
16,115,11.820807273650669,4.158488388093459,0.0,0.0,0.0,0.0,1.0,1.0
17,115,7.434605841524984,4.321907530079457,0.0,0.0,0.0,0.0,1.0,1.0
18,115,2.890395597684333,4.454460618506192,0.0,1.0,0.0,0.0,0.0,1.0
19,115,9.928227664494283,12.0,0.0,1.0,0.0,0.0,1.0,0.0
0,120,4.231423587070181,8.427164194074455,0.0,0.0,1.0,1.0,1.0,0.0
1,120,7.753085550450449,4.957620987879069,0.0,0.0,1.0,0.0,0.0,0.0
2,120,9.948526723493837,2.4004607036743124,1.0,0.0,0.0,1.0,1.0,1.0
3,120,3.6384394711948698,5.574685688406843,0.0,0.0,0.0,0.0,1.0,1.0
4,120,6.72424274716084,0.0,1.0,0.0,1.0,0.0,1.0,1.0
5,120,8.525571557169199,2.926166244790478,0.0,1.0,0.0,0.0,0.0,0.0
6,120,11.937559399139278,3.469858861393432,0.0,1.0,0.0,1.0,1.0,0.0
7,120,6.675958884701624,0.1321392700169332,0.0,1.0,0.0,1.0,0.0,0.0
8,120,10.302029087156528,11.221784847519489,0.0,0.0,0.0,1.0,0.0,0.0
9,120,9.285628876480107,0.4330669329332129,1.0,0.0,1.0,0.0,0.0,1.0
10,120,7.7731835284082305,3.468113707182289,1.0,0.0,0.0,0.0,1.0,1.0
11,120,11.192648513447985,10.564627706682526,1.0,0.0,1.0,0.0,0.0,1.0
12,120,4.375175036178341,5.862151364976917,0.0,0.0,1.0,1.0,0.0,0.0
13,120,9.271495282414136,4.207987668576846,0.0,0.0,1.0,0.0,0.0,0.0
14,120,0.0,7.869081530856942,1.0,1.0,1.0,0.0,0.0,1.0
15,120,11.623213569267778,9.833462380095035,0.0,0.0,0.0,1.0,1.0,0.0
16,120,11.809490188038543,4.116268822488735,0.0,0.0,0.0,0.0,1.0,1.0
17,120,7.369883953832272,4.3598027711586695,0.0,0.0,0.0,0.0,1.0,1.0
18,120,2.7986978846821717,4.40979818615501,0.0,1.0,0.0,0.0,0.0,1.0
19,120,9.95411601821206,12.0,0.0,1.0,0.0,0.0,1.0,0.0
0,125,4.235244462354085,8.434666936589325,0.0,0.0,1.0,1.0,1.0,0.0
1,125,7.740186920057098,5.0252730465078,0.0,0.0,1.0,0.0,0.0,0.0
2,125,9.94037598141962,2.3440544839155697,1.0,0.0,0.0,1.0,1.0,1.0
3,125,3.642230874355059,5.5755888969455984,0.0,0.0,0.0,0.0,1.0,1.0
4,125,6.716762993741133,0.0,1.0,0.0,1.0,0.0,1.0,1.0
5,125,8.544632754979341,2.926481474911243,0.0,1.0,0.0,0.0,0.0,0.0
6,125,11.913816198785993,3.516399489351477,0.0,1.0,0.0,1.0,1.0,0.0
7,125,6.776258649535272,0.0910350271024568,0.0,1.0,0.0,1.0,0.0,0.0
8,125,10.244606756302634,11.245311878403829,0.0,0.0,0.0,1.0,0.0,0.0
9,125,9.25302712511878,0.4540348146632337,1.0,0.0,1.0,0.0,0.0,1.0
10,125,7.814006980793374,3.5303354396118927,1.0,0.0,0.0,0.0,1.0,1.0
11,125,11.167995611354398,10.4828437186689,1.0,0.0,1.0,0.0,0.0,1.0
12,125,4.366987208616805,5.860444485964278,0.0,0.0,1.0,1.0,0.0,0.0
13,125,9.320793880301435,4.2628552250687655,0.0,0.0,1.0,0.0,0.0,0.0
14,125,0.0,7.9068901361282045,1.0,1.0,1.0,0.0,0.0,1.0
15,125,11.59916541166694,9.7165678383534,0.0,0.0,0.0,1.0,1.0,0.0
16,125,11.797784702526435,4.0702973190845,0.0,0.0,0.0,0.0,1.0,1.0
17,125,7.313390653710793,4.393433539502266,0.0,0.0,0.0,0.0,1.0,1.0
18,125,2.697344333205756,4.36047693457686,0.0,1.0,0.0,0.0,0.0,1.0
19,125,9.976145140805922,12.0,0.0,1.0,0.0,0.0,1.0,0.0
0,130,4.245212069287719,8.455085445511132,0.0,0.0,1.0,1.0,1.0,0.0
1,130,7.726491588542889,5.09107808362991,0.0,0.0,1.0,0.0,0.0,0.0
2,130,9.930800065314232,2.2777431504607493,1.0,0.0,0.0,1.0,1.0,1.0
3,130,3.651690124292508,5.577948208438401,0.0,0.0,0.0,0.0,1.0,1.0
4,130,6.698273916832551,0.0,1.0,0.0,1.0,0.0,1.0,1.0
5,130,8.559128008827555,2.926860605453942,0.0,1.0,0.0,0.0,0.0,0.0
6,130,11.891053616332275,3.560543768139857,0.0,1.0,0.0,1.0,1.0,0.0
7,130,6.876830880990268,0.0466571317164064,0.0,1.0,0.0,1.0,0.0,0.0
8,130,10.195144743081482,11.265178572199066,0.0,0.0,0.0,1.0,0.0,0.0
9,130,9.22951853030978,0.4692788900399341,1.0,0.0,1.0,0.0,0.0,1.0
10,130,7.8495095960506385,3.583509730428128,1.0,0.0,0.0,0.0,1.0,1.0
11,130,11.14613274526271,10.41473584857109,1.0,0.0,1.0,0.0,0.0,1.0
12,130,4.338629647817169,5.854931784299783,0.0,0.0,1.0,1.0,0.0,0.0
13,130,9.380025400360804,4.325793241137753,0.0,0.0,1.0,0.0,0.0,0.0
14,130,0.0,7.92892122031474,1.0,1.0,1.0,0.0,0.0,1.0
15,130,11.574750831739497,9.595761131426826,0.0,0.0,0.0,1.0,1.0,0.0
16,130,11.786570101806978,4.03196959331548,0.0,0.0,0.0,0.0,1.0,1.0
17,130,7.232643482517878,4.443224765448038,0.0,0.0,0.0,0.0,1.0,1.0
18,130,2.619098525939759,4.323454478884104,0.0,1.0,0.0,0.0,0.0,1.0
19,130,10.006535877508204,12.0,0.0,1.0,0.0,0.0,1.0,0.0
0,135,4.256382683701352,8.4781366731157,0.0,0.0,1.0,1.0,1.0,0.0
1,135,7.710853137799107,5.163128107058462,0.0,0.0,1.0,0.0,0.0,0.0
2,135,9.922755613832296,2.215765728968767,1.0,0.0,0.0,1.0,1.0,1.0
3,135,3.654601774145725,5.578721395086982,0.0,0.0,0.0,0.0,1.0,1.0
4,135,6.676420091803511,0.0,1.0,0.0,1.0,0.0,1.0,1.0
5,135,8.577405394813832,2.927057770505942,0.0,1.0,0.0,0.0,0.0,0.0
6,135,11.875943290510046,3.591641243223394,0.0,1.0,0.0,1.0,1.0,0.0
7,135,6.981867720263949,0.0,0.0,1.0,0.0,1.0,0.0,0.0
8,135,10.146690839286707,11.284683460065173,0.0,0.0,0.0,1.0,0.0,0.0
9,135,9.218554060361456,0.4763578198876348,1.0,0.0,1.0,0.0,0.0,1.0
10,135,7.884892001090623,3.636713843771335,1.0,0.0,0.0,0.0,1.0,1.0
11,135,11.123732136614104,10.338916160621594,1.0,0.0,1.0,0.0,0.0,1.0
12,135,4.318242221722835,5.851295127269138,0.0,0.0,1.0,1.0,0.0,0.0
13,135,9.445929615102596,4.39410546549008,0.0,0.0,1.0,0.0,0.0,0.0
14,135,0.0,7.940863418901453,1.0,1.0,1.0,0.0,0.0,1.0
15,135,11.555180517961716,9.494160537462514,0.0,0.0,0.0,1.0,1.0,0.0
16,135,11.78276864839463,4.019596858734046,0.0,0.0,0.0,0.0,1.0,1.0
17,135,7.131104473410837,4.501336540840607,0.0,0.0,0.0,0.0,1.0,1.0
18,135,2.5568173725181067,4.295232596850798,0.0,1.0,0.0,0.0,0.0,1.0
19,135,10.029325335902282,12.0,0.0,1.0,0.0,0.0,1.0,0.0
0,140,4.260917990054648,8.487050898911248,0.0,0.0,1.0,1.0,1.0,0.0
1,140,7.695903352188642,5.233528865715148,0.0,0.0,1.0,0.0,0.0,0.0
2,140,9.91187531169368,2.131650166136047,1.0,0.0,0.0,1.0,1.0,1.0
3,140,3.6549500085295343,5.578801819015896,0.0,0.0,0.0,0.0,1.0,1.0
4,140,6.662817445148477,0.0,1.0,0.0,1.0,0.0,1.0,1.0
5,140,8.60222208562748,2.926706598872848,0.0,1.0,0.0,0.0,0.0,0.0
6,140,11.86557768789105,3.615172914702692,0.0,1.0,0.0,1.0,1.0,0.0
7,140,7.097096131952774,0.0,0.0,1.0,0.0,1.0,0.0,0.0
8,140,10.09677585728462,11.303489314487852,0.0,0.0,0.0,1.0,0.0,0.0
9,140,9.215147061605837,0.4785899230571585,1.0,0.0,1.0,0.0,0.0,1.0
10,140,7.921054808377661,3.690386589466341,1.0,0.0,0.0,0.0,1.0,1.0
11,140,11.10034518729641,10.257483040496812,1.0,0.0,1.0,0.0,0.0,1.0
12,140,4.314066097272452,5.85046121439762,0.0,0.0,1.0,1.0,0.0,0.0
13,140,9.499529766106791,4.449648190228073,0.0,0.0,1.0,0.0,0.0,0.0
14,140,0.0,7.963466596634417,1.0,1.0,1.0,0.0,0.0,1.0
15,140,11.53162807489354,9.367487153980653,0.0,0.0,0.0,1.0,1.0,0.0
16,140,11.77343530580541,3.9892900956608655,0.0,0.0,0.0,0.0,1.0,1.0
17,140,7.025900560985784,4.559308725174266,0.0,0.0,0.0,0.0,1.0,1.0
18,140,2.4725266246101434,4.259184243159579,0.0,1.0,0.0,0.0,0.0,1.0
19,140,10.055077448031852,12.0,0.0,1.0,0.0,0.0,1.0,0.0
0,145,4.260756443159699,8.486719809121613,0.0,0.0,1.0,1.0,1.0,0.0
1,145,7.681279454760357,5.300002850092375,0.0,0.0,1.0,0.0,0.0,0.0
2,145,9.899401141902883,2.0256612020597755,1.0,0.0,0.0,1.0,1.0,1.0
3,145,3.658517101221429,5.579666901222866,0.0,0.0,0.0,0.0,1.0,1.0
4,145,6.648334319651141,0.0,1.0,0.0,1.0,0.0,1.0,1.0
5,145,8.627094081468188,2.925828796585047,0.0,1.0,0.0,0.0,0.0,0.0
6,145,11.847766007735686,3.654649524715916,0.0,1.0,0.0,1.0,1.0,0.0
7,145,7.196118299594209,0.0,0.0,1.0,0.0,1.0,0.0,0.0
8,145,10.074996846198236,11.311707730331069,0.0,0.0,0.0,1.0,0.0,0.0
9,145,9.206521765040604,0.4845533200220162,1.0,0.0,1.0,0.0,0.0,1.0
10,145,7.958743459765531,3.7493741029696745,1.0,0.0,0.0,0.0,1.0,1.0
11,145,11.077495234693153,10.181889015758992,1.0,0.0,1.0,0.0,0.0,1.0
12,145,4.32437463548567,5.852244260469277,0.0,0.0,1.0,1.0,0.0,0.0
13,145,9.556358972803055,4.509623086472033,0.0,0.0,1.0,0.0,0.0,0.0
14,145,0.0,7.979053763949883,1.0,1.0,1.0,0.0,0.0,1.0
15,145,11.508765858252934,9.249759650914436,0.0,0.0,0.0,1.0,1.0,0.0
16,145,11.76354307584904,3.955679075728675,0.0,0.0,0.0,0.0,1.0,1.0
17,145,6.935224207036602,4.609109837645069,0.0,0.0,0.0,0.0,1.0,1.0
18,145,2.39942122730766,4.229568003892384,0.0,1.0,0.0,0.0,0.0,1.0
19,145,9.912042395293597,12.0,0.0,1.0,0.0,0.0,1.0,0.0
0,150,4.261857271228354,8.488992714392518,0.0,0.0,1.0,1.0,1.0,0.0
1,150,7.659372800761682,5.39038055219236,0.0,0.0,1.0,0.0,0.0,0.0
2,150,9.885355845413445,1.922252539632607,1.0,0.0,0.0,1.0,1.0,1.0
3,150,3.664479446060243,5.581060791388378,0.0,0.0,0.0,0.0,1.0,1.0
4,150,6.642471412494531,0.0,1.0,0.0,1.0,0.0,1.0,1.0
5,150,8.661683470088374,2.92530774884886,0.0,1.0,0.0,0.0,0.0,0.0
6,150,11.835061382906792,3.681309655436081,0.0,1.0,0.0,1.0,1.0,0.0
7,150,7.289547988440688,0.0,0.0,1.0,0.0,1.0,0.0,0.0
8,150,10.038283896165478,11.327108624309526,0.0,0.0,0.0,1.0,0.0,0.0
9,150,9.185610927654924,0.4985685132655488,1.0,0.0,1.0,0.0,0.0,1.0
10,150,7.997394832465271,3.81079452528679,1.0,0.0,0.0,0.0,1.0,1.0
11,150,11.055424975067016,10.10895063591045,1.0,0.0,1.0,0.0,0.0,1.0
12,150,4.363000401737713,5.858830653382833,0.0,0.0,1.0,1.0,0.0,0.0
13,150,9.603205943916928,4.560112881622297,0.0,0.0,1.0,0.0,0.0,0.0
14,150,0.0,8.00771047130075,1.0,1.0,1.0,0.0,0.0,1.0
15,150,11.484607970455734,9.130215941018676,0.0,0.0,0.0,1.0,1.0,0.0
16,150,11.754673411233783,3.923298736152177,0.0,0.0,0.0,0.0,1.0,1.0
17,150,6.850572670524429,4.65480703717538,0.0,0.0,0.0,0.0,1.0,1.0
18,150,2.3375315609824345,4.205570791335979,0.0,1.0,0.0,0.0,0.0,1.0
19,150,9.758759821946969,12.0,0.0,1.0,0.0,0.0,1.0,0.0
0,155,4.259609796566606,8.484125853773682,0.0,0.0,1.0,1.0,1.0,0.0
1,155,7.641468110083733,5.469831379379819,0.0,0.0,1.0,0.0,0.0,0.0
2,155,9.874248342209558,1.8324585262895696,1.0,0.0,0.0,1.0,1.0,1.0
3,155,3.677728388510171,5.584449341447376,0.0,0.0,0.0,0.0,1.0,1.0
4,155,6.62856102508524,0.0,1.0,0.0,1.0,0.0,1.0,1.0
5,155,8.676149872162249,2.9248625150629937,0.0,1.0,0.0,0.0,0.0,0.0
6,155,11.82322523934278,3.7040524541621496,0.0,1.0,0.0,1.0,1.0,0.0
7,155,7.3821654929606595,0.0,0.0,1.0,0.0,1.0,0.0,0.0
8,155,9.997281100759796,11.346182539800058,0.0,0.0,0.0,1.0,0.0,0.0
9,155,9.15132965479228,0.5210717645853722,1.0,0.0,1.0,0.0,0.0,1.0
10,155,8.03783069657366,3.873500457429724,1.0,0.0,0.0,0.0,1.0,1.0
11,155,11.03819538839001,10.046096762643318,1.0,0.0,1.0,0.0,0.0,1.0
12,155,4.42972985865182,5.869922586907207,0.0,0.0,1.0,1.0,0.0,0.0
13,155,9.646450955015256,4.608329101665647,0.0,0.0,1.0,0.0,0.0,0.0
14,155,0.0,8.037585969287973,1.0,1.0,1.0,0.0,0.0,1.0
15,155,11.46563255790826,9.027879301017473,0.0,0.0,0.0,1.0,1.0,0.0
16,155,11.748855398922672,3.902825967770824,0.0,0.0,0.0,0.0,1.0,1.0
17,155,6.786017349551031,4.691894540060965,0.0,0.0,0.0,0.0,1.0,1.0
18,155,2.284695684336693,4.1859047716010975,0.0,1.0,0.0,0.0,0.0,1.0
19,155,9.610670217217937,12.0,0.0,1.0,0.0,0.0,1.0,0.0
0,160,4.254718148016368,8.473428906793362,0.0,0.0,1.0,1.0,1.0,0.0
1,160,7.620013902574929,5.5695504941103104,0.0,0.0,1.0,0.0,0.0,0.0
2,160,9.863199192958024,1.743716107241989,1.0,0.0,0.0,1.0,1.0,1.0
3,160,3.691520645223141,5.588324935431639,0.0,0.0,0.0,0.0,1.0,1.0
4,160,6.622022711539669,0.0,1.0,0.0,1.0,0.0,1.0,1.0
5,160,8.6959315834218,2.924077945749086,0.0,1.0,0.0,0.0,0.0,0.0
6,160,11.816236454452303,3.717098245617857,0.0,1.0,0.0,1.0,1.0,0.0
7,160,7.461915124566544,0.0,0.0,1.0,0.0,1.0,0.0,0.0
8,160,9.96493155039978,11.360993090357804,0.0,0.0,0.0,1.0,0.0,0.0
9,160,9.116845909009818,0.5437817492893786,1.0,0.0,1.0,0.0,0.0,1.0
10,160,8.081580055594618,3.937242710694901,1.0,0.0,0.0,0.0,1.0,1.0
11,160,11.024984243832153,9.996025765026197,1.0,0.0,1.0,0.0,0.0,1.0
12,160,4.508569630194092,5.883952897545179,0.0,0.0,1.0,1.0,0.0,0.0
13,160,9.696679019418356,4.665124188704367,0.0,0.0,1.0,0.0,0.0,0.0
14,160,0.0,8.078597221373926,1.0,1.0,1.0,0.0,0.0,1.0
15,160,11.442437447472898,8.909104906818357,0.0,0.0,0.0,1.0,1.0,0.0
16,160,11.743974902655468,3.884830968873122,0.0,0.0,0.0,0.0,1.0,1.0
17,160,6.726769743260912,4.725848757044694,0.0,0.0,0.0,0.0,1.0,1.0
18,160,2.2245030389904468,4.1635152926250365,0.0,1.0,0.0,0.0,0.0,1.0
19,160,9.465738379249352,12.0,0.0,1.0,0.0,0.0,1.0,0.0
0,165,4.246088922449219,8.454830809983365,0.0,0.0,1.0,1.0,1.0,0.0
1,165,7.601217485259971,5.663428669843722,0.0,0.0,1.0,0.0,0.0,0.0
2,165,9.851837381834049,1.6697359717487112,1.0,0.0,0.0,1.0,1.0,1.0
3,165,3.6982817903824015,5.590020988455878,0.0,0.0,0.0,0.0,1.0,1.0
4,165,6.612421996314572,0.0,1.0,0.0,1.0,0.0,1.0,1.0
5,165,8.717396363370169,2.923194473132078,0.0,1.0,0.0,0.0,0.0,0.0
6,165,11.815153376006378,3.719145763567432,0.0,1.0,0.0,1.0,1.0,0.0
7,165,7.545352984815519,0.0,0.0,1.0,0.0,1.0,0.0,0.0
8,165,9.93608788332302,11.37388801236296,0.0,0.0,0.0,1.0,0.0,0.0
9,165,9.098008140109703,0.5562850682004666,1.0,0.0,1.0,0.0,0.0,1.0
10,165,8.136912343975135,4.015452640196952,1.0,0.0,0.0,0.0,1.0,1.0
11,165,11.014220343848498,9.956287697119476,1.0,0.0,1.0,0.0,0.0,1.0
12,165,4.597377943928117,5.898637595715461,0.0,0.0,1.0,1.0,0.0,0.0
13,165,9.7425771092288,4.713748353213011,0.0,0.0,1.0,0.0,0.0,0.0
14,165,0.0,8.120613382461281,1.0,1.0,1.0,0.0,0.0,1.0
15,165,11.418709634139685,8.782098008802707,0.0,0.0,0.0,1.0,1.0,0.0
16,165,11.73551523251774,3.852739755396388,0.0,0.0,0.0,0.0,1.0,1.0
17,165,6.649426873484568,4.770116713599664,0.0,0.0,0.0,0.0,1.0,1.0
18,165,2.1668013169268305,4.142001141946825,0.0,1.0,0.0,0.0,0.0,1.0
19,165,9.32951327585748,12.0,0.0,1.0,0.0,0.0,1.0,0.0
0,170,4.233445086885486,8.426725464071168,0.0,0.0,1.0,1.0,1.0,0.0
1,170,7.582657926180935,5.746026489763117,0.0,0.0,1.0,0.0,0.0,0.0
2,170,9.842245159883358,1.6011585834235318,1.0,0.0,0.0,1.0,1.0,1.0
3,170,3.6864343309737744,5.587000796491769,0.0,0.0,0.0,0.0,1.0,1.0
4,170,6.602561021929788,0.0,1.0,0.0,1.0,0.0,1.0,1.0
5,170,8.713141811252584,2.923436413385641,0.0,1.0,0.0,0.0,0.0,0.0
6,170,11.818944789434534,3.711869404069302,0.0,1.0,0.0,1.0,1.0,0.0
7,170,7.610341127325705,0.0,0.0,1.0,0.0,1.0,0.0,0.0
8,170,9.90909348917624,11.38616453975724,0.0,0.0,0.0,1.0,0.0,0.0
9,170,9.113466151731869,0.580163373154512,1.0,0.0,1.0,0.0,0.0,1.0
10,170,8.188745756358196,4.087448738040473,1.0,0.0,0.0,0.0,1.0,1.0
11,170,11.004704840006973,9.920957820144134,1.0,0.0,1.0,0.0,0.0,1.0
12,170,4.697779674314288,5.915239126805111,0.0,0.0,1.0,1.0,0.0,0.0
13,170,9.794807287830276,4.767701553498165,0.0,0.0,1.0,0.0,0.0,0.0
14,170,0.0,8.155791668799216,1.0,1.0,1.0,0.0,0.0,1.0
15,170,11.388966528442124,8.633192181344715,0.0,0.0,0.0,1.0,1.0,0.0
16,170,11.734754778654514,3.849975119415365,0.0,0.0,0.0,0.0,1.0,1.0
17,170,6.577522472638226,4.8113516003442784,0.0,0.0,0.0,0.0,1.0,1.0
18,170,2.100240430152349,4.118577316274433,0.0,1.0,0.0,0.0,0.0,1.0
19,170,9.174638620271375,12.0,0.0,1.0,0.0,0.0,1.0,0.0
0,175,4.229023527838328,8.417367224861456,0.0,0.0,1.0,1.0,1.0,0.0
1,175,7.564979450551325,5.8278423791166825,0.0,0.0,1.0,0.0,0.0,0.0
2,175,9.83518663968749,1.5375955539716797,1.0,0.0,0.0,1.0,1.0,1.0
3,175,3.67828671797782,5.585145679666917,0.0,0.0,0.0,0.0,1.0,1.0
4,175,6.595758962442655,0.0,1.0,0.0,1.0,0.0,1.0,1.0
5,175,8.716814312083057,2.9232176207654783,0.0,1.0,0.0,0.0,0.0,0.0
6,175,11.825718164766712,3.69903907737644,0.0,1.0,0.0,1.0,1.0,0.0
7,175,7.666564015476752,0.0,0.0,1.0,0.0,1.0,0.0,0.0
8,175,9.873534488800315,11.40305138458916,0.0,0.0,0.0,1.0,0.0,0.0
9,175,9.124717379464256,0.5970935737787204,1.0,0.0,1.0,0.0,0.0,1.0
10,175,8.233087416297113,4.152952574508676,1.0,0.0,0.0,0.0,1.0,1.0
11,175,10.996182576448602,9.889396481429747,1.0,0.0,1.0,0.0,0.0,1.0
12,175,4.802764377544734,5.933404760561969,0.0,0.0,1.0,1.0,0.0,0.0
13,175,9.86104707454689,4.834512779072255,0.0,0.0,1.0,0.0,0.0,0.0
14,175,0.0,8.179823009049091,1.0,1.0,1.0,0.0,0.0,1.0
15,175,11.362745725490946,8.490096701763926,0.0,0.0,0.0,1.0,1.0,0.0
16,175,11.736036123617671,3.85454095758631,0.0,0.0,0.0,0.0,1.0,1.0
17,175,6.506588646221645,4.85118047138993,0.0,0.0,0.0,0.0,1.0,1.0
18,175,2.059901634574038,4.104058428375077,0.0,1.0,0.0,0.0,0.0,1.0
19,175,8.997304169877205,12.0,0.0,1.0,0.0,0.0,1.0,0.0
0,180,4.225545853551198,8.409401768848028,0.0,0.0,1.0,1.0,1.0,0.0
1,180,7.54947045075057,5.900700887663143,0.0,0.0,1.0,0.0,0.0,0.0
2,180,9.826810072662507,1.468412608850277,1.0,0.0,0.0,1.0,1.0,1.0
3,180,3.672484327036957,5.610878235711751,0.0,0.0,0.0,0.0,1.0,1.0
4,180,6.590003886847197,0.0,1.0,0.0,1.0,0.0,1.0,1.0
5,180,8.732601778150494,2.922343363758202,0.0,1.0,0.0,0.0,0.0,0.0
6,180,11.826401591394117,3.6977386142233377,0.0,1.0,0.0,1.0,1.0,0.0
7,180,7.681583157313647,0.0314789316887165,0.0,1.0,0.0,1.0,0.0,0.0
8,180,9.84798894478707,11.41463426470836,0.0,0.0,0.0,1.0,0.0,0.0
9,180,9.138416978378627,0.6178941185711739,1.0,0.0,1.0,0.0,0.0,1.0
10,180,8.283378658721391,4.227038861922797,1.0,0.0,0.0,0.0,1.0,1.0
11,180,10.986867756273684,9.853718474103342,1.0,0.0,1.0,0.0,0.0,1.0
12,180,4.917374391963785,5.951073685465556,0.0,0.0,1.0,1.0,0.0,0.0
13,180,9.928452293885224,4.904195323223592,0.0,0.0,1.0,0.0,0.0,0.0
14,180,0.0,8.203407138690308,1.0,1.0,1.0,0.0,0.0,1.0
15,180,11.336175955785787,8.354264280353002,0.0,0.0,0.0,1.0,1.0,0.0
16,180,11.734079831071398,3.848060302852234,0.0,0.0,0.0,0.0,1.0,1.0
17,180,6.4276896152794185,4.897178752989903,0.0,0.0,0.0,0.0,1.0,1.0
18,180,2.030960381035297,4.093533288888564,0.0,1.0,0.0,0.0,0.0,1.0
19,180,8.810034255704101,12.0,0.0,1.0,0.0,0.0,1.0,0.0
0,185,4.225328570789883,8.408909139466447,0.0,0.0,1.0,1.0,1.0,0.0
1,185,7.535768462071043,5.965887955920472,0.0,0.0,1.0,0.0,0.0,0.0
2,185,9.819016827327223,1.396087566266939,1.0,0.0,0.0,1.0,1.0,1.0
3,185,3.663957948132791,5.649868224675263,0.0,0.0,0.0,0.0,1.0,1.0
4,185,6.586192459348717,0.0,1.0,0.0,1.0,0.0,1.0,1.0
5,185,8.75620975374053,2.921534591719984,0.0,1.0,0.0,0.0,0.0,0.0
6,185,11.820146751897177,3.709586753484804,0.0,1.0,0.0,1.0,1.0,0.0
7,185,7.701044148994159,0.0723851555013327,0.0,1.0,0.0,1.0,0.0,0.0
8,185,9.816252773963168,11.428659262994136,0.0,0.0,0.0,1.0,0.0,0.0
9,185,9.146193233111664,0.6285752369287182,1.0,0.0,1.0,0.0,0.0,1.0
10,185,8.328074487535083,4.294468978467042,1.0,0.0,0.0,0.0,1.0,1.0
11,185,10.984252963119756,9.84475218069622,1.0,0.0,1.0,0.0,0.0,1.0
12,185,5.022080153087375,5.967148039324271,0.0,0.0,1.0,1.0,0.0,0.0
13,185,9.993338844949628,4.970587184264912,0.0,0.0,1.0,0.0,0.0,0.0
14,185,0.0,8.224097747544365,1.0,1.0,1.0,0.0,0.0,1.0
15,185,11.314945326714383,8.221918552195563,0.0,0.0,0.0,1.0,1.0,0.0
16,185,11.72677363302764,3.823498917298511,0.0,0.0,0.0,0.0,1.0,1.0
17,185,6.364798943210833,4.932227133422189,0.0,0.0,0.0,0.0,1.0,1.0
18,185,1.9776375855279515,4.07335416615458,0.0,1.0,0.0,0.0,0.0,1.0
19,185,8.622560131029136,12.0,0.0,1.0,0.0,0.0,1.0,0.0
0,190,4.2166877108347975,8.391705512689256,0.0,0.0,1.0,1.0,1.0,0.0
1,190,7.524586186635551,6.028252652471883,0.0,0.0,1.0,0.0,0.0,0.0
2,190,9.810294611596316,1.3243319950435124,1.0,0.0,0.0,1.0,1.0,1.0
3,190,3.654910523105232,5.686634580534828,0.0,0.0,0.0,0.0,1.0,1.0
4,190,6.589506412224473,0.0114914810958691,1.0,0.0,1.0,0.0,1.0,1.0
5,190,8.77601421066544,2.92028894685732,0.0,1.0,0.0,0.0,0.0,0.0
6,190,11.818058799163133,3.7136075520866463,0.0,1.0,0.0,1.0,1.0,0.0
7,190,7.723503215165455,0.1208182231673967,0.0,1.0,0.0,1.0,0.0,0.0
8,190,9.778471443632297,11.445254415515764,0.0,0.0,0.0,1.0,0.0,0.0
9,190,9.146211370907295,0.6286024939607884,1.0,0.0,1.0,0.0,0.0,1.0
10,190,8.369579001433028,4.35647220400538,1.0,0.0,0.0,0.0,1.0,1.0
11,190,10.9808063794403,9.831930203839162,1.0,0.0,1.0,0.0,0.0,1.0
12,190,5.114451710671425,5.979966246372992,0.0,0.0,1.0,1.0,0.0,0.0
13,190,10.06980370469327,5.046040646627306,0.0,0.0,1.0,0.0,0.0,0.0
14,190,0.0,8.253294828600298,1.0,1.0,1.0,0.0,0.0,1.0
15,190,11.295218201793666,8.08625119945214,0.0,0.0,0.0,1.0,1.0,0.0
16,190,11.72691382207268,3.823939885184143,0.0,0.0,0.0,0.0,1.0,1.0
17,190,6.28667210755496,4.978384679096185,0.0,0.0,0.0,0.0,1.0,1.0
18,190,1.9281251011999392,4.055603626554479,0.0,1.0,0.0,0.0,0.0,1.0
19,190,8.443768567411913,12.0,0.0,1.0,0.0,0.0,1.0,0.0
0,195,4.211401698834741,8.381841696117787,0.0,0.0,1.0,1.0,1.0,0.0
1,195,7.514122542101894,6.081049478249379,0.0,0.0,1.0,0.0,0.0,0.0
2,195,9.80114562044712,1.2519576706330302,1.0,0.0,0.0,1.0,1.0,1.0
3,195,3.6478693684039034,5.713082629218929,0.0,0.0,0.0,0.0,1.0,1.0
4,195,6.593209398902346,0.0240174508478663,1.0,0.0,1.0,0.0,1.0,1.0
5,195,8.802211406088018,2.9185492219563947,0.0,1.0,0.0,0.0,0.0,0.0
6,195,11.806804660934963,3.7354247378021888,0.0,1.0,0.0,1.0,1.0,0.0
7,195,7.745270532518686,0.1689737431730514,0.0,1.0,0.0,1.0,0.0,0.0
8,195,9.723681153420682,11.470417996670252,0.0,0.0,0.0,1.0,0.0,0.0
9,195,9.139654044147914,0.6184586418827747,1.0,0.0,1.0,0.0,0.0,1.0
10,195,8.40857238910127,4.420155609949601,1.0,0.0,0.0,0.0,1.0,1.0
11,195,10.973564651035916,9.803235132567654,1.0,0.0,1.0,0.0,0.0,1.0
12,195,5.205986412638698,5.989708750946155,0.0,0.0,1.0,1.0,0.0,0.0
13,195,10.158287538993426,5.130215428954229,0.0,0.0,1.0,0.0,0.0,0.0
14,195,0.0,8.283374084515915,1.0,1.0,1.0,0.0,0.0,1.0
15,195,11.273959260738946,7.9557293053380285,0.0,0.0,0.0,1.0,1.0,0.0
16,195,11.734408287462816,3.848121726982974,0.0,0.0,0.0,0.0,1.0,1.0
17,195,6.198944553317867,5.032010331088965,0.0,0.0,0.0,0.0,1.0,1.0
18,195,1.853205543495856,4.027751283330463,0.0,1.0,0.0,0.0,0.0,1.0
19,195,8.275001686195218,12.0,0.0,1.0,0.0,0.0,1.0,0.0
0,200,4.210139031374956,8.37936656888062,0.0,0.0,1.0,1.0,1.0,0.0
1,200,7.500641132010893,6.160880682820054,0.0,0.0,1.0,0.0,0.0,0.0
2,200,9.794311113377509,1.1955229965897152,1.0,0.0,0.0,1.0,1.0,1.0
3,200,3.641137747927736,5.739352912082867,0.0,0.0,0.0,0.0,1.0,1.0
4,200,6.604526532139662,0.0599084789643998,1.0,0.0,1.0,0.0,1.0,1.0
5,200,8.833559356315432,2.916040898433646,0.0,1.0,0.0,0.0,0.0,0.0
6,200,11.797540889786966,3.7511927546357215,0.0,1.0,0.0,1.0,1.0,0.0
7,200,7.77450400778118,0.2364825929930904,0.0,1.0,0.0,1.0,0.0,0.0
8,200,9.665349278466868,11.499049926269285,0.0,0.0,0.0,1.0,0.0,0.0
9,200,9.135948300035496,0.6128163414453197,1.0,0.0,1.0,0.0,0.0,1.0
10,200,8.451625823065815,4.486672256382653,1.0,0.0,0.0,0.0,1.0,1.0
11,200,10.96375829170266,9.765362515104924,1.0,0.0,1.0,0.0,0.0,1.0
12,200,5.313641637424416,6.000689101914998,0.0,0.0,1.0,1.0,0.0,0.0
13,200,10.239832992401086,5.20544189303054,0.0,0.0,1.0,0.0,0.0,0.0
14,200,0.0,8.318895313895158,1.0,1.0,1.0,0.0,0.0,1.0
15,200,11.253742411837408,7.820628349832661,0.0,0.0,0.0,1.0,1.0,0.0
16,200,11.744840096915937,3.886726459247445,0.0,0.0,0.0,0.0,1.0,1.0
17,200,6.1230259204401785,5.07564300836427,0.0,0.0,0.0,0.0,1.0,1.0
18,200,1.7898019378859251,4.004280350345654,0.0,1.0,0.0,0.0,0.0,1.0
19,200,8.085650466455425,12.0,0.0,1.0,0.0,0.0,1.0,0.0
0,205,4.206325713310592,8.371409575367945,0.0,0.0,1.0,1.0,1.0,0.0
1,205,7.489203414665199,6.232667837656282,0.0,0.0,1.0,0.0,0.0,0.0
2,205,9.789762592944976,1.1546599295243831,1.0,0.0,0.0,1.0,1.0,1.0
3,205,3.638938775703253,5.748120154410121,0.0,0.0,0.0,0.0,1.0,1.0
4,205,6.607213656144062,0.0676758587851981,1.0,0.0,1.0,0.0,1.0,1.0
5,205,8.859713359960821,2.9133964539678567,0.0,1.0,0.0,0.0,0.0,0.0
6,205,11.786211400037148,3.7708319871823694,0.0,1.0,0.0,1.0,1.0,0.0
7,205,7.807955793575039,0.3178739918605689,0.0,1.0,0.0,1.0,0.0,0.0
8,205,9.634327716954262,11.51354285269625,0.0,0.0,0.0,1.0,0.0,0.0
9,205,9.125747145830411,0.5973520940437272,1.0,0.0,1.0,0.0,0.0,1.0
10,205,8.49576200886272,4.553118430512202,1.0,0.0,0.0,0.0,1.0,1.0
11,205,10.955000111800931,9.723702709670995,1.0,0.0,1.0,0.0,0.0,1.0
12,205,5.421526874650084,6.012742713255044,0.0,0.0,1.0,1.0,0.0,0.0
13,205,10.345128236745913,5.306600927166019,0.0,0.0,1.0,0.0,0.0,0.0
14,205,0.0,8.356818372152201,1.0,1.0,1.0,0.0,0.0,1.0
15,205,11.232319624237114,7.680711826499714,0.0,0.0,0.0,1.0,1.0,0.0
16,205,11.759407971533706,3.94003059580994,0.0,0.0,0.0,0.0,1.0,1.0
17,205,6.0340935959587,5.127171985471853,0.0,0.0,0.0,0.0,1.0,1.0
18,205,1.7309302960964152,3.983127841635252,0.0,1.0,0.0,0.0,0.0,1.0
19,205,7.904037237312041,12.0,0.0,1.0,0.0,0.0,1.0,0.0
0,210,4.197941180506766,8.354264064239935,0.0,0.0,1.0,1.0,1.0,0.0
1,210,7.47969608091133,6.300000614549201,0.0,0.0,1.0,0.0,0.0,0.0
2,210,9.78634525448796,1.1146602601883449,1.0,0.0,0.0,1.0,1.0,1.0
3,210,3.633275544885134,5.772851171942265,0.0,0.0,0.0,0.0,1.0,1.0
4,210,6.602949438490071,0.056296285368388,1.0,0.0,1.0,0.0,1.0,1.0
5,210,8.894983932248163,2.910252256106573,0.0,1.0,0.0,0.0,0.0,0.0
6,210,11.766193421328357,3.8042933030027095,0.0,1.0,0.0,1.0,1.0,0.0
7,210,7.839707774715565,0.401853540412317,0.0,1.0,0.0,1.0,0.0,0.0
8,210,9.59500086117274,11.5312366308249,0.0,0.0,0.0,1.0,0.0,0.0
9,210,9.135299175561917,0.6106046978939721,1.0,0.0,1.0,0.0,0.0,1.0
10,210,8.52716804561731,4.600662134872777,1.0,0.0,0.0,0.0,1.0,1.0
11,210,10.94769948523831,9.69116767480996,1.0,0.0,1.0,0.0,0.0,1.0
12,210,5.536241687245958,6.028953574058384,0.0,0.0,1.0,1.0,0.0,0.0
13,210,10.456595638054802,5.410636458628553,0.0,0.0,1.0,0.0,0.0,0.0
14,210,0.0,8.3905926579608,1.0,1.0,1.0,0.0,0.0,1.0
15,210,11.211838498370588,7.559905778357217,0.0,0.0,0.0,1.0,1.0,0.0
16,210,11.772589181083626,3.983825586085568,0.0,0.0,0.0,0.0,1.0,1.0
17,210,5.953645025257353,5.17246338671756,0.0,0.0,0.0,0.0,1.0,1.0
18,210,1.6717141381434124,3.96310211276325,0.0,1.0,0.0,0.0,0.0,1.0
19,210,7.73371859119715,12.0,0.0,1.0,0.0,0.0,1.0,0.0
0,215,4.186524677774731,8.331140657904614,0.0,0.0,1.0,1.0,1.0,0.0
1,215,7.470924236778798,6.366246124416162,0.0,0.0,1.0,0.0,0.0,0.0
2,215,9.783727247063956,1.0697378451486603,1.0,0.0,0.0,1.0,1.0,1.0
3,215,3.630142086285623,5.786715843967619,0.0,0.0,0.0,0.0,1.0,1.0
4,215,6.60217530152599,0.0542046460374922,1.0,0.0,1.0,0.0,1.0,1.0
5,215,8.950639331332022,2.906627011356252,0.0,1.0,0.0,0.0,0.0,0.0
6,215,11.7451282376703,3.840411727256182,0.0,1.0,0.0,1.0,1.0,0.0
7,215,7.874189134246773,0.4895614064378149,0.0,1.0,0.0,1.0,0.0,0.0
8,215,9.56629607390918,11.54411552971374,0.0,0.0,0.0,1.0,0.0,0.0
9,215,9.130063400384572,0.6030541528435913,1.0,0.0,1.0,0.0,0.0,1.0
10,215,8.556767935100009,4.647509846556121,1.0,0.0,0.0,0.0,1.0,1.0
11,215,10.945586425814447,9.68001978738663,1.0,0.0,1.0,0.0,0.0,1.0
12,215,5.651709458243276,6.044469328271493,0.0,0.0,1.0,1.0,0.0,0.0
13,215,10.593324433479694,5.542803327025634,0.0,0.0,1.0,0.0,0.0,0.0
14,215,0.0,8.421020016400025,1.0,1.0,1.0,0.0,0.0,1.0
15,215,11.191827750478096,7.433632674793325,0.0,0.0,0.0,1.0,1.0,0.0
16,215,11.78904961453384,4.043623748233573,0.0,0.0,0.0,0.0,1.0,1.0
17,215,5.862248001299487,5.226589303108641,0.0,0.0,0.0,0.0,1.0,1.0
18,215,1.6318602052776434,3.949134783220323,0.0,1.0,0.0,0.0,0.0,1.0
19,215,7.579389196545341,12.0,0.0,1.0,0.0,0.0,1.0,0.0
0,220,4.187323815845411,8.332600270837563,0.0,0.0,1.0,1.0,1.0,0.0
1,220,7.46422174327685,6.425630553760103,0.0,0.0,1.0,0.0,0.0,0.0
2,220,9.78094601850571,1.0333010322160945,1.0,0.0,0.0,1.0,1.0,1.0
3,220,3.6294379793168607,5.790778638551232,0.0,0.0,0.0,0.0,1.0,1.0
4,220,6.601981079593722,0.0536389517908381,1.0,0.0,1.0,0.0,1.0,1.0
5,220,8.994103625283392,2.9048965663975346,0.0,1.0,0.0,0.0,0.0,0.0
6,220,11.741747995815334,3.8460847026336,0.0,1.0,0.0,1.0,1.0,0.0
7,220,7.912052785973062,0.5872553851985012,0.0,1.0,0.0,1.0,0.0,0.0
8,220,9.517184099159891,11.566243974153933,0.0,0.0,0.0,1.0,0.0,0.0
9,220,9.132043339828682,0.6059875743665546,1.0,0.0,1.0,0.0,0.0,1.0
10,220,8.584152453263124,4.689926395474619,1.0,0.0,0.0,0.0,1.0,1.0
11,220,10.9442194095145,9.671377395771946,1.0,0.0,1.0,0.0,0.0,1.0
12,220,5.7827138400429945,6.060254808660781,0.0,0.0,1.0,1.0,0.0,0.0
13,220,10.739085080802202,5.680103068806205,0.0,0.0,1.0,0.0,0.0,0.0
14,220,0.0,8.45035926272564,1.0,1.0,1.0,0.0,0.0,1.0
15,220,11.16852125551503,7.290618932918721,0.0,0.0,0.0,1.0,1.0,0.0
16,220,11.811808625314304,4.126638669454009,0.0,0.0,0.0,0.0,1.0,1.0
17,220,5.771179375098016,5.281921287318922,0.0,0.0,0.0,0.0,1.0,1.0
18,220,1.605983484071126,3.9400568109005496,0.0,1.0,0.0,0.0,0.0,1.0
19,220,7.446067166964507,12.0,0.0,1.0,0.0,0.0,1.0,0.0
0,225,4.186808752590089,8.331650275530299,0.0,0.0,1.0,1.0,1.0,0.0
1,225,7.458813737289914,6.472695304827018,0.0,0.0,1.0,0.0,0.0,0.0
2,225,9.779291024975985,1.0063739633990478,1.0,0.0,0.0,1.0,1.0,1.0
3,225,3.6272455328908095,5.80183246188985,0.0,0.0,0.0,0.0,1.0,1.0
4,225,6.599016564388051,0.0448679813554837,1.0,0.0,1.0,0.0,1.0,1.0
5,225,9.031389994361462,2.9038648951450403,0.0,1.0,0.0,0.0,0.0,0.0
6,225,11.73949699815427,3.8499210549183474,0.0,1.0,0.0,1.0,1.0,0.0
7,225,7.945426610535304,0.6720678769157375,0.0,1.0,0.0,1.0,0.0,0.0
8,225,9.488377972824455,11.578701469177004,0.0,0.0,0.0,1.0,0.0,0.0
9,225,9.130438120124136,0.6036968310719353,1.0,0.0,1.0,0.0,0.0,1.0
10,225,8.600360806862815,4.716961172222836,1.0,0.0,0.0,0.0,1.0,1.0
11,225,10.941820395406374,9.658263419938155,1.0,0.0,1.0,0.0,0.0,1.0
12,225,5.9075459858556965,6.072858812188802,0.0,0.0,1.0,1.0,0.0,0.0
13,225,10.879965553537923,5.8145625666067575,0.0,0.0,1.0,0.0,0.0,0.0
14,225,0.0,8.475864387655028,1.0,1.0,1.0,0.0,0.0,1.0
15,225,11.14319556800166,7.135209477354654,0.0,0.0,0.0,1.0,1.0,0.0
16,225,11.83585745396564,4.213252388889971,0.0,0.0,0.0,0.0,1.0,1.0
17,225,5.684788815305277,5.335506673467633,0.0,0.0,0.0,0.0,1.0,1.0
18,225,1.5590183027779996,3.922544375260664,0.0,1.0,0.0,0.0,0.0,1.0
19,225,7.307206498977774,12.0,0.0,1.0,0.0,0.0,1.0,0.0
0,230,4.198849317669348,8.353910643079791,0.0,0.0,1.0,1.0,1.0,0.0
1,230,7.452712439496805,6.523430039862372,0.0,0.0,1.0,0.0,0.0,0.0
2,230,9.776965317530196,0.9706896022415412,1.0,0.0,0.0,1.0,1.0,1.0
3,230,3.6196172713393713,5.837181981048364,0.0,0.0,0.0,0.0,1.0,1.0
4,230,6.59747735779493,0.0405175537580435,1.0,0.0,1.0,0.0,1.0,1.0
5,230,9.064458400184222,2.9028353487973977,0.0,1.0,0.0,0.0,0.0,0.0
6,230,11.734221626637703,3.858864046595508,0.0,1.0,0.0,1.0,1.0,0.0
7,230,7.983525369091972,0.7646665103254557,0.0,1.0,0.0,1.0,0.0,0.0
8,230,9.479413567323792,11.582496858093265,0.0,0.0,0.0,1.0,0.0,0.0
9,230,9.14044477290302,0.617892507940843,1.0,0.0,1.0,0.0,0.0,1.0
10,230,8.613406029610818,4.738301135950879,1.0,0.0,0.0,0.0,1.0,1.0
11,230,10.938046975319754,9.636693012679368,1.0,0.0,1.0,0.0,0.0,1.0
12,230,5.895000741617461,6.225878449500684,0.0,0.0,1.0,1.0,0.0,0.0
13,230,11.02236730326628,5.95148887948827,0.0,0.0,1.0,0.0,0.0,0.0
14,230,0.0,8.509033576893929,1.0,1.0,1.0,0.0,0.0,1.0
15,230,11.121203345847034,6.961266414196634,0.0,0.0,0.0,1.0,1.0,0.0
16,230,11.860294884210116,4.307249948673316,0.0,0.0,0.0,0.0,1.0,1.0
17,230,5.601518432868841,5.389809497388313,0.0,0.0,0.0,0.0,1.0,1.0
18,230,1.4982417264739614,3.9011764750681546,0.0,1.0,0.0,0.0,0.0,1.0
19,230,7.157708421267573,12.0,0.0,1.0,0.0,0.0,1.0,0.0
0,235,4.207106354578141,8.36981732275427,0.0,0.0,1.0,1.0,1.0,0.0
1,235,7.447500686644366,6.583430930511736,0.0,0.0,1.0,0.0,0.0,0.0
2,235,9.77518013422134,0.947633746178222,1.0,0.0,0.0,1.0,1.0,1.0
3,235,3.614286201963453,5.861820890126854,0.0,0.0,0.0,0.0,1.0,1.0
4,235,6.594962654706138,0.0329811133151748,1.0,0.0,1.0,0.0,1.0,1.0
5,235,9.11172003757863,2.902464638857273,0.0,1.0,0.0,0.0,0.0,0.0
6,235,11.727279092488342,3.870731383765293,0.0,1.0,0.0,1.0,1.0,0.0
7,235,8.028274897115196,0.8740214483971332,0.0,1.0,0.0,1.0,0.0,0.0
8,235,9.468453145976463,11.58754647646817,0.0,0.0,0.0,1.0,0.0,0.0
9,235,9.161278402707817,0.646388596084552,1.0,0.0,1.0,0.0,0.0,1.0
10,235,8.625365698074228,4.757631099684456,1.0,0.0,0.0,0.0,1.0,1.0
11,235,10.931718327983395,9.587750321650027,1.0,0.0,1.0,0.0,0.0,1.0
12,235,5.881888874086174,6.366706511380116,0.0,0.0,1.0,1.0,0.0,0.0
13,235,11.15814770508663,6.076308839969727,0.0,0.0,1.0,0.0,0.0,0.0
14,235,0.0,8.539296959627231,1.0,1.0,1.0,0.0,0.0,1.0
15,235,11.099595582997509,6.799587122635271,0.0,0.0,0.0,1.0,1.0,0.0
16,235,11.881039632991676,4.398426243408299,0.0,0.0,0.0,0.0,1.0,1.0
17,235,5.533080146088309,5.433963529223004,0.0,0.0,0.0,0.0,1.0,1.0
18,235,1.4299289609321653,3.878604125285656,0.0,1.0,0.0,0.0,0.0,1.0
19,235,7.021536016573823,12.0,0.0,1.0,0.0,0.0,1.0,0.0
0,240,4.207692030540619,8.37095841155446,0.0,0.0,1.0,1.0,1.0,0.0
1,240,7.441795677394064,6.641231425829563,0.0,0.0,1.0,0.0,0.0,0.0
2,240,9.77359676497667,0.924880007585935,1.0,0.0,0.0,1.0,1.0,1.0
3,240,3.6068711515138654,5.895609831519717,0.0,0.0,0.0,0.0,1.0,1.0
4,240,6.608454605323403,0.0283156161520297,1.0,0.0,1.0,0.0,1.0,1.0
5,240,9.16315390871442,2.90213423762211,0.0,1.0,0.0,0.0,0.0,0.0
6,240,11.726213752295296,3.872611531043453,0.0,1.0,0.0,1.0,1.0,0.0
7,240,8.07345426980042,0.976281295743318,0.0,1.0,0.0,1.0,0.0,0.0
8,240,9.462178841299895,11.590465519659098,0.0,0.0,0.0,1.0,0.0,0.0
9,240,9.174700958400823,0.6642443834789427,1.0,0.0,1.0,0.0,0.0,1.0
10,240,8.64378039252808,4.786740146345356,1.0,0.0,0.0,0.0,1.0,1.0
11,240,10.925200906951122,9.535890368637506,1.0,0.0,1.0,0.0,0.0,1.0
12,240,5.866634161380907,6.501738521472388,0.0,0.0,1.0,1.0,0.0,0.0
13,240,11.288230692428716,6.20061277493122,0.0,0.0,1.0,0.0,0.0,0.0
14,240,0.0,8.57048277928589,1.0,1.0,1.0,0.0,0.0,1.0
15,240,11.07512428354442,6.624472738605313,0.0,0.0,0.0,1.0,1.0,0.0
16,240,11.901398935052788,4.494784245935738,0.0,0.0,0.0,0.0,1.0,1.0
17,240,5.454018207501358,5.483919940108133,0.0,0.0,0.0,0.0,1.0,1.0
18,240,1.3448375839170166,3.849450022311832,0.0,1.0,0.0,0.0,0.0,1.0
19,240,6.890680591568843,12.0,0.0,1.0,0.0,0.0,1.0,0.0
0,245,4.212503486832087,8.379712143180125,0.0,0.0,1.0,1.0,1.0,0.0
1,245,7.436113123687557,6.690576910808006,0.0,0.0,1.0,0.0,0.0,0.0
2,245,9.771926585009853,0.9002475849941166,1.0,0.0,0.0,1.0,1.0,1.0
3,245,3.6003475148602297,5.926051465498579,0.0,0.0,0.0,0.0,1.0,1.0
4,245,6.640631858429376,0.0182230451598719,1.0,0.0,1.0,0.0,1.0,1.0
5,245,9.19514302853056,2.901822592808045,0.0,1.0,0.0,0.0,0.0,0.0
6,245,11.728148885548444,3.8691610766671,0.0,1.0,0.0,1.0,1.0,0.0
7,245,8.112005958995463,1.061838777745158,0.0,1.0,0.0,1.0,0.0,0.0
8,245,9.454732441060909,11.593984165851726,0.0,0.0,0.0,1.0,0.0,0.0
9,245,9.182523183514894,0.6741323788754927,1.0,0.0,1.0,0.0,0.0,1.0
10,245,8.657401681637369,4.807983384146682,1.0,0.0,0.0,0.0,1.0,1.0
11,245,10.923221685326174,9.508566126091967,1.0,0.0,1.0,0.0,0.0,1.0
12,245,5.85162898056474,6.635191462371863,0.0,0.0,1.0,1.0,0.0,0.0
13,245,11.41856514107834,6.31751381405728,0.0,0.0,1.0,0.0,0.0,0.0
14,245,0.0,8.612936331286738,1.0,1.0,1.0,0.0,0.0,1.0
15,245,11.054939045961984,6.4516434594752505,0.0,0.0,0.0,1.0,1.0,0.0
16,245,11.92127372563486,4.592137478339542,0.0,0.0,0.0,0.0,1.0,1.0
17,245,5.368272231817008,5.536304408882407,0.0,0.0,0.0,0.0,1.0,1.0
18,245,1.2459791906284383,3.816380878951758,0.0,1.0,0.0,0.0,0.0,1.0
19,245,6.751992218022979,12.0,0.0,1.0,0.0,0.0,1.0,0.0
0,250,4.207097314402768,8.369583867408577,0.0,0.0,1.0,1.0,1.0,0.0
1,250,7.42910437327767,6.748779181307268,0.0,0.0,1.0,0.0,0.0,0.0
2,250,9.77078734231474,0.8858892665651954,1.0,0.0,0.0,1.0,1.0,1.0
3,250,3.5976767962449845,5.938985617498221,0.0,0.0,0.0,0.0,1.0,1.0
4,250,6.6845317295577145,0.0047523941264887,1.0,0.0,1.0,0.0,1.0,1.0
5,250,9.225033000013289,2.9011933610153378,0.0,1.0,0.0,0.0,0.0,0.0
6,250,11.718954361986173,3.885358581150605,0.0,1.0,0.0,1.0,1.0,0.0
7,250,8.155630488978536,1.162281354606194,0.0,1.0,0.0,1.0,0.0,0.0
8,250,9.4516388498142,11.595362693765528,0.0,0.0,0.0,1.0,0.0,0.0
9,250,9.182541454088348,0.6741550503046914,1.0,0.0,1.0,0.0,0.0,1.0
10,250,8.666513793633946,4.822484893244773,1.0,0.0,0.0,0.0,1.0,1.0
11,250,10.9197682666486,9.47105053264811,1.0,0.0,1.0,0.0,0.0,1.0
12,250,5.83886920996324,6.767859004883424,0.0,0.0,1.0,1.0,0.0,0.0
13,250,11.52935365103536,6.421102582377708,0.0,0.0,1.0,0.0,0.0,0.0
14,250,0.0,8.657424955565324,1.0,1.0,1.0,0.0,0.0,1.0
15,250,11.03639918828832,6.295386487854001,0.0,0.0,0.0,1.0,1.0,0.0
16,250,11.948411627177922,4.709950284758783,0.0,0.0,0.0,0.0,1.0,1.0
17,250,5.278175822676163,5.593172365407457,0.0,0.0,0.0,0.0,1.0,1.0
18,250,1.1525431824341994,3.785242550077991,0.0,1.0,0.0,0.0,0.0,1.0
19,250,6.606434489606312,12.0,0.0,1.0,0.0,0.0,1.0,0.0
0,255,4.201346159394714,8.359507967768133,0.0,0.0,1.0,1.0,1.0,0.0
1,255,7.421414420943518,6.802701706374787,0.0,0.0,1.0,0.0,0.0,0.0
2,255,9.768817452394243,0.861956282727933,1.0,0.0,0.0,1.0,1.0,1.0
3,255,3.594437508868261,5.95457026434398,0.0,0.0,0.0,0.0,1.0,1.0
4,255,6.748297641422603,0.0,1.0,0.0,1.0,0.0,1.0,1.0
5,255,9.266797597998307,2.9013414635642145,0.0,1.0,0.0,0.0,0.0,0.0
6,255,11.707583329711948,3.8787500018840846,0.0,1.0,0.0,1.0,1.0,0.0
7,255,8.195507476822408,1.2506211346627425,0.0,1.0,0.0,1.0,0.0,0.0
8,255,9.455713915953975,11.593700166544904,0.0,0.0,0.0,1.0,0.0,0.0
9,255,9.170122632509493,0.6587208061629751,1.0,0.0,1.0,0.0,0.0,1.0
10,255,8.675214578902809,4.836264192272079,1.0,0.0,0.0,0.0,1.0,1.0
11,255,10.915096598553344,9.424097747008735,1.0,0.0,1.0,0.0,0.0,1.0
12,255,5.82266771951392,6.917685633199811,0.0,0.0,1.0,1.0,0.0,0.0
13,255,11.64047842577752,6.521628850557237,0.0,0.0,1.0,0.0,0.0,0.0
14,255,0.0,8.707989186380724,1.0,1.0,1.0,0.0,0.0,1.0
15,255,11.014944420821394,6.158577807036414,0.0,0.0,0.0,1.0,1.0,0.0
16,255,11.976338300926905,4.82810280555053,0.0,0.0,0.0,0.0,1.0,1.0
17,255,5.192075115854844,5.648470500908563,0.0,0.0,0.0,0.0,1.0,1.0
18,255,1.0629718704647142,3.753970989111958,0.0,1.0,0.0,0.0,0.0,1.0
19,255,6.486927384680448,12.0,0.0,1.0,0.0,0.0,1.0,0.0
0,260,4.184016259582833,8.330355420147441,0.0,0.0,1.0,1.0,1.0,0.0
1,260,7.414024637608347,6.859850056994215,0.0,0.0,1.0,0.0,0.0,0.0
2,260,9.76716267336365,0.843993244762561,1.0,0.0,0.0,1.0,1.0,1.0
3,260,3.595258655205224,5.950454515311964,0.0,0.0,0.0,0.0,1.0,1.0
4,260,6.812544743139072,0.0,1.0,0.0,1.0,0.0,1.0,1.0
5,260,9.323440493191978,2.9001165898286145,0.0,1.0,0.0,0.0,0.0,0.0
6,260,11.703535303909192,3.876447483767056,0.0,1.0,0.0,1.0,1.0,0.0
7,260,8.233260850880107,1.3297645392605817,0.0,1.0,0.0,1.0,0.0,0.0
8,260,9.459873662609724,11.591930896884143,0.0,0.0,0.0,1.0,0.0,0.0
9,260,9.151018339186727,0.6348959728030688,1.0,0.0,1.0,0.0,0.0,1.0
10,260,8.689774073227495,4.859110439992488,1.0,0.0,0.0,0.0,1.0,1.0
11,260,10.906335150326324,9.369057580916037,1.0,0.0,1.0,0.0,0.0,1.0
12,260,5.80382269559754,7.073329802569874,0.0,0.0,1.0,1.0,0.0,0.0
13,260,11.779644011428744,6.645889506097244,0.0,0.0,1.0,0.0,0.0,0.0
14,260,0.0,8.7692545655871,1.0,1.0,1.0,0.0,0.0,1.0
15,260,10.999919777682404,6.018685000334477,0.0,0.0,0.0,1.0,1.0,0.0
16,260,11.997129610976849,4.926368333351477,0.0,0.0,0.0,0.0,1.0,1.0
17,260,5.1159957702449566,5.695678539804917,0.0,0.0,0.0,0.0,1.0,1.0
18,260,0.9633315987669664,3.7188889119616495,0.0,1.0,0.0,0.0,0.0,1.0
19,260,6.3664316585232825,12.0,0.0,1.0,0.0,0.0,1.0,0.0
0,265,4.158783738469904,8.290275087487794,0.0,0.0,1.0,1.0,1.0,0.0
1,265,7.405344055409196,6.928919113598385,0.0,0.0,1.0,0.0,0.0,0.0
2,265,9.767060658810504,0.8423763553990898,1.0,0.0,0.0,1.0,1.0,1.0
3,265,3.5995961890442616,5.928683077716819,0.0,0.0,0.0,0.0,1.0,1.0
4,265,6.887313012964834,0.0,1.0,0.0,1.0,0.0,1.0,1.0
5,265,9.364005283031238,2.9003033788527905,0.0,1.0,0.0,0.0,0.0,0.0
6,265,11.686301310919966,3.866563267054709,0.0,1.0,0.0,1.0,1.0,0.0
7,265,8.279117455690967,1.4308378783075717,0.0,1.0,0.0,1.0,0.0,0.0
8,265,9.465613845067686,11.589463157463223,0.0,0.0,0.0,1.0,0.0,0.0
9,265,9.149983555038188,0.6336266857393226,1.0,0.0,1.0,0.0,0.0,1.0
10,265,8.708351394366158,4.889762311089289,1.0,0.0,0.0,0.0,1.0,1.0
11,265,10.898804660727702,9.320973704495197,1.0,0.0,1.0,0.0,0.0,1.0
12,265,5.781473525982668,7.206446415547174,0.0,0.0,1.0,1.0,0.0,0.0
13,265,11.915704187139148,6.767087952128293,0.0,0.0,1.0,0.0,0.0,0.0
14,265,0.0,8.829905272078957,1.0,1.0,1.0,0.0,0.0,1.0
15,265,10.984971679897203,5.894087097743714,0.0,0.0,0.0,1.0,1.0,0.0
16,265,12.0,5.051909385375184,0.0,0.0,0.0,0.0,1.0,1.0
17,265,5.050542476177663,5.734725566236012,0.0,0.0,0.0,0.0,1.0,1.0
18,265,0.8823360115692694,3.6894488821721634,0.0,1.0,0.0,0.0,0.0,1.0
19,265,6.246782006129468,12.0,0.0,1.0,0.0,0.0,1.0,0.0
0,270,4.143279028455606,8.26672964425737,0.0,0.0,1.0,1.0,1.0,0.0
1,270,7.399783177133158,6.9771452623175,0.0,0.0,1.0,0.0,0.0,0.0
2,270,9.765900549718957,0.8303254833043895,1.0,0.0,0.0,1.0,1.0,1.0
3,270,3.6085078414698977,5.8778179987068615,0.0,0.0,0.0,0.0,1.0,1.0
4,270,6.973770768635733,0.0,1.0,0.0,1.0,0.0,1.0,1.0
5,270,9.407622665101332,2.8989822199767628,0.0,1.0,0.0,0.0,0.0,0.0
6,270,11.675361471476656,3.859825051921813,0.0,1.0,0.0,1.0,1.0,0.0
7,270,8.331374841789858,1.5547428360534226,0.0,1.0,0.0,1.0,0.0,0.0
8,270,9.463233967381042,11.590392089148168,0.0,0.0,0.0,1.0,0.0,0.0
9,270,9.146346810754569,0.6293716134768459,1.0,0.0,1.0,0.0,0.0,1.0
10,270,8.7326127280157,4.926204624250044,1.0,0.0,0.0,0.0,1.0,1.0
11,270,10.887565987685212,9.25492544924814,1.0,0.0,1.0,0.0,0.0,1.0
12,270,5.763133852700495,7.33202271971429,0.0,0.0,1.0,1.0,0.0,0.0
13,270,12.0,6.882943711517401,0.0,0.0,1.0,0.0,0.0,0.0
14,270,0.0,8.891402710787732,1.0,1.0,1.0,0.0,0.0,1.0
15,270,10.972094212695342,5.752275953023257,0.0,0.0,0.0,1.0,1.0,0.0
16,270,12.0,5.15711085133717,0.0,0.0,0.0,0.0,1.0,1.0
17,270,4.977639988333611,5.779322361840279,0.0,0.0,0.0,0.0,1.0,1.0
18,270,0.8038612943303655,3.662291228276768,0.0,1.0,0.0,0.0,0.0,1.0
19,270,6.128095309106182,12.0,0.0,1.0,0.0,0.0,1.0,0.0
0,275,4.123968217633134,8.236605164342242,0.0,0.0,1.0,1.0,1.0,0.0
1,275,7.39357430689369,7.034853115397332,0.0,0.0,1.0,0.0,0.0,0.0
2,275,9.765856374065171,0.82996216001892,1.0,0.0,0.0,1.0,1.0,1.0
3,275,3.616824174755828,5.830723916924109,0.0,0.0,0.0,0.0,1.0,1.0
4,275,7.064327959934388,0.0,1.0,0.0,1.0,0.0,1.0,1.0
5,275,9.45152625535034,2.897223881052473,0.0,1.0,0.0,0.0,0.0,0.0
6,275,11.673547413330006,3.858681818394421,0.0,1.0,0.0,1.0,1.0,0.0
7,275,8.392268447009291,1.693612109367978,0.0,1.0,0.0,1.0,0.0,0.0
8,275,9.458177887341876,11.592333209816648,0.0,0.0,0.0,1.0,0.0,0.0
9,275,9.144333151739596,0.627121336547312,1.0,0.0,1.0,0.0,0.0,1.0
10,275,8.76262401272978,4.972670500304022,1.0,0.0,0.0,0.0,1.0,1.0
11,275,10.869893099055728,9.167472228100912,1.0,0.0,1.0,0.0,0.0,1.0
12,275,5.741985272642866,7.47317788922218,0.0,0.0,1.0,1.0,0.0,0.0
13,275,12.0,7.010372211924564,0.0,0.0,1.0,0.0,0.0,0.0
14,275,0.0,8.952456114843613,1.0,1.0,1.0,0.0,0.0,1.0
15,275,10.957767438996736,5.593695501155285,0.0,0.0,0.0,1.0,1.0,0.0
16,275,12.0,5.262663854193226,0.0,0.0,0.0,0.0,1.0,1.0
17,275,4.896850218868252,5.824746646869047,0.0,0.0,0.0,0.0,1.0,1.0
18,275,0.7406931442808018,3.638520964688145,0.0,1.0,0.0,0.0,0.0,1.0
19,275,6.006759435294391,12.0,0.0,1.0,0.0,0.0,1.0,0.0
0,280,4.084803712813136,8.177535517672377,0.0,0.0,1.0,1.0,1.0,0.0
1,280,7.386300889513077,7.107693223262737,0.0,0.0,1.0,0.0,0.0,0.0
2,280,9.767502745827397,0.8443091572903283,1.0,0.0,0.0,1.0,1.0,1.0
3,280,3.625220465177922,5.784262709462882,0.0,0.0,0.0,0.0,1.0,1.0
4,280,7.154004498116464,0.0,1.0,0.0,1.0,0.0,1.0,1.0
5,280,9.51452851827458,2.894951919195079,0.0,1.0,0.0,0.0,0.0,0.0
6,280,11.695900626708626,3.8732619627222062,0.0,1.0,0.0,1.0,1.0,0.0
7,280,8.449083370012096,1.8250103871495988,0.0,1.0,0.0,1.0,0.0,0.0
8,280,9.4389237735433,11.599720142997947,0.0,0.0,0.0,1.0,0.0,0.0
9,280,9.14167964967726,0.6242930061233247,1.0,0.0,1.0,0.0,0.0,1.0
10,280,8.791078576816288,5.016308619454081,1.0,0.0,0.0,0.0,1.0,1.0
11,280,10.853058049726052,9.071454219708228,1.0,0.0,1.0,0.0,0.0,1.0
12,280,5.720410408973162,7.632786018352446,0.0,0.0,1.0,1.0,0.0,0.0
13,280,12.0,7.141924923298931,0.0,0.0,1.0,0.0,0.0,0.0
14,280,0.0729763450772755,9.089906149276592,1.0,1.0,1.0,0.0,0.0,1.0
15,280,10.939271850496151,5.42038824982032,0.0,0.0,0.0,1.0,1.0,0.0
16,280,12.0,5.385047868043562,0.0,0.0,0.0,0.0,1.0,1.0
17,280,4.824345872257196,5.867316343892667,0.0,0.0,0.0,0.0,1.0,1.0
18,280,0.6620330879863539,3.609538518613932,0.0,1.0,0.0,0.0,0.0,1.0
19,280,5.89157514165598,12.0,0.0,1.0,0.0,0.0,1.0,0.0
0,285,4.045840649400836,8.120647492016538,0.0,0.0,1.0,1.0,1.0,0.0
1,285,7.382001858198445,7.1425894845824605,0.0,0.0,1.0,0.0,0.0,0.0
2,285,9.77143815238937,0.8715237343312382,1.0,0.0,0.0,1.0,1.0,1.0
3,285,3.6307198575548862,5.754613615025262,0.0,0.0,0.0,0.0,1.0,1.0
4,285,7.251979800706327,0.0,1.0,0.0,1.0,0.0,1.0,1.0
5,285,9.57536720936132,2.893383596404803,0.0,1.0,0.0,0.0,0.0,0.0
6,285,11.716298429862524,3.886290554643544,0.0,1.0,0.0,1.0,1.0,0.0
7,285,8.505359099103938,1.9596722978213803,0.0,1.0,0.0,1.0,0.0,0.0
8,285,9.419454430473271,11.606699161154324,0.0,0.0,0.0,1.0,0.0,0.0
9,285,9.126251386948878,0.6075915355777927,1.0,0.0,1.0,0.0,0.0,1.0
10,285,8.834506991734889,5.081089077335331,1.0,0.0,0.0,0.0,1.0,1.0
11,285,10.838927530936049,8.9874473623743,1.0,0.0,1.0,0.0,0.0,1.0
12,285,5.702862451495515,7.770712053317245,0.0,0.0,1.0,1.0,0.0,0.0
13,285,12.0,7.273927109828193,0.0,0.0,1.0,0.0,0.0,0.0
14,285,0.1506678862674397,9.227127365687116,1.0,1.0,1.0,0.0,0.0,1.0
15,285,10.915661884219148,5.233686145564544,0.0,0.0,0.0,1.0,1.0,0.0
16,285,12.0,5.50423709186727,0.0,0.0,0.0,0.0,1.0,1.0
17,285,4.738214184685606,5.917218124104026,0.0,0.0,0.0,0.0,1.0,1.0
18,285,0.5982937433764978,3.584191608130632,0.0,1.0,0.0,0.0,0.0,1.0
19,285,5.801402986770543,12.0,0.0,1.0,0.0,0.0,1.0,0.0
0,290,4.004468971272765,8.060018050902995,0.0,0.0,1.0,1.0,1.0,0.0
1,290,7.380788695252423,7.151236201109385,0.0,0.0,1.0,0.0,0.0,0.0
2,290,9.774935334620062,0.896414098487719,1.0,0.0,0.0,1.0,1.0,1.0
3,290,3.637878211190325,5.719399951397286,0.0,0.0,0.0,0.0,1.0,1.0
4,290,7.361939595296834,0.0,1.0,0.0,1.0,0.0,1.0,1.0
5,290,9.662766800766352,2.8917949690879,0.0,1.0,0.0,0.0,0.0,0.0
6,290,11.715404491604684,3.885717682342288,0.0,1.0,0.0,1.0,1.0,0.0
7,290,8.558782905924986,2.0949712443443635,0.0,1.0,0.0,1.0,0.0,0.0
8,290,9.40379076398595,11.61274718912774,0.0,0.0,0.0,1.0,0.0,0.0
9,290,9.110525707551783,0.5901808522568185,1.0,0.0,1.0,0.0,0.0,1.0
10,290,8.870158134049213,5.133806403770177,1.0,0.0,0.0,0.0,1.0,1.0
11,290,10.827674321482553,8.919825382566044,1.0,0.0,1.0,0.0,0.0,1.0
12,290,5.685064577686521,7.924788915402198,0.0,0.0,1.0,1.0,0.0,0.0
13,290,12.0,7.414731346028924,0.0,0.0,1.0,0.0,0.0,0.0
14,290,0.2387638903729845,9.385554394859964,1.0,1.0,1.0,0.0,0.0,1.0
15,290,10.892196527154006,5.029903184585318,0.0,0.0,0.0,1.0,1.0,0.0
16,290,12.0,5.622471994427598,0.0,0.0,0.0,0.0,1.0,1.0
17,290,4.651910225779815,5.965388389125915,0.0,0.0,0.0,0.0,1.0,1.0
18,290,0.5542504924953227,3.566433025608833,0.0,1.0,0.0,0.0,0.0,1.0
19,290,5.696751835488196,12.0,0.0,1.0,0.0,0.0,1.0,0.0
0,295,3.955680418173767,7.988717688571124,0.0,0.0,1.0,1.0,1.0,0.0
1,295,7.381663598206372,7.143616587790911,0.0,0.0,1.0,0.0,0.0,0.0
2,295,9.78345456301584,0.952291223684916,1.0,0.0,0.0,1.0,1.0,1.0
3,295,3.6513936771554656,5.663458584255445,0.0,0.0,0.0,0.0,1.0,1.0
4,295,7.496326855232576,0.0,1.0,0.0,1.0,0.0,1.0,1.0
5,295,9.754072430330766,2.891072037508231,0.0,1.0,0.0,0.0,0.0,0.0
6,295,11.71279679051548,3.8839899751098175,0.0,1.0,0.0,1.0,1.0,0.0
7,295,8.616370377877937,2.2323374186461638,0.0,1.0,0.0,1.0,0.0,0.0
8,295,9.381660228872372,11.620992395850914,0.0,0.0,0.0,1.0,0.0,0.0
9,295,9.111693747047363,0.5915026536489333,1.0,0.0,1.0,0.0,0.0,1.0
10,295,8.907386801922753,5.186694057718312,1.0,0.0,0.0,0.0,1.0,1.0
11,295,10.82349710092354,8.89283995824728,1.0,0.0,1.0,0.0,0.0,1.0
12,295,5.668946591722701,8.081601879018576,0.0,0.0,1.0,1.0,0.0,0.0
13,295,12.0,7.539172519858375,0.0,0.0,1.0,0.0,0.0,0.0
14,295,0.309645662637608,9.519550971931874,1.0,1.0,1.0,0.0,0.0,1.0
15,295,10.86086318776482,4.797061399653038,0.0,0.0,0.0,1.0,1.0,0.0
16,295,12.0,5.748830355372535,0.0,0.0,0.0,0.0,1.0,1.0
17,295,4.553562869113961,6.01858651947872,0.0,0.0,0.0,0.0,1.0,1.0
18,295,0.501934523127828,3.5457575116107165,0.0,1.0,0.0,0.0,0.0,1.0
19,295,5.593531098398964,12.0,0.0,1.0,0.0,0.0,1.0,0.0
