0,0,3.9545234489325223,6.037755698518607,0.0,0.0,1.0,1.0,1.0,0.0
1,0,11.99629216566542,1.960627911831962,0.0,0.0,1.0,0.0,0.0,0.0
2,0,6.02488443456009,5.04938631081591,1.0,0.0,0.0,1.0,1.0,1.0
3,0,9.984209819437885,4.007996039614174,0.0,0.0,0.0,0.0,1.0,1.0
4,0,5.978017677189631,5.931557104589734,1.0,0.0,1.0,0.0,1.0,1.0
5,0,4.051764108223341,1.0065915337424218,0.0,1.0,0.0,0.0,0.0,0.0
6,0,12.0,4.034139843608832,0.0,1.0,0.0,1.0,1.0,0.0
7,0,1.9857984157155877,0.9490292932555112,0.0,1.0,0.0,1.0,0.0,0.0
8,0,11.976115413359944,10.047123661727309,0.0,0.0,0.0,1.0,0.0,0.0
9,0,3.986334161524427,9.962561070289253,1.0,0.0,1.0,0.0,0.0,1.0
10,0,9.945683073779596,10.96650427505612,1.0,0.0,0.0,0.0,1.0,1.0
11,0,6.937508125492341,1.010980663450297,1.0,0.0,1.0,0.0,0.0,1.0
12,0,9.049231577536656,5.035648077332754,0.0,0.0,1.0,1.0,0.0,0.0
13,0,2.931950858751732,7.956674928482844,0.0,0.0,1.0,0.0,0.0,0.0
14,0,5.951346901893381,1.9566846943705063,1.0,1.0,1.0,0.0,0.0,1.0
15,0,11.002642074310904,5.015812688156493,0.0,0.0,0.0,1.0,1.0,0.0
16,0,5.022254279648247,8.07197548794342,0.0,0.0,0.0,0.0,1.0,1.0
17,0,4.023387333403679,6.048690820443045,0.0,0.0,0.0,0.0,1.0,1.0
18,0,0.0284551937584925,4.0437539392886,0.0,1.0,0.0,0.0,0.0,1.0
19,0,1.0555956733494345,6.993884679688194,0.0,1.0,0.0,0.0,1.0,0.0
0,5,3.8970171604599058,6.085673976969318,0.0,0.0,1.0,1.0,1.0,0.0
1,5,11.992826695778582,1.9317016395964488,0.0,0.0,1.0,0.0,0.0,0.0
2,5,6.039500897949034,5.075682568325108,1.0,0.0,0.0,1.0,1.0,1.0
3,5,9.941487561721653,4.030716808856338,0.0,0.0,0.0,0.0,1.0,1.0
4,5,5.963167687961114,5.879964472721394,1.0,0.0,1.0,0.0,1.0,1.0
5,5,4.098405063681938,1.0131807435366795,0.0,1.0,0.0,0.0,0.0,0.0
6,5,12.0,4.066976534116889,0.0,1.0,0.0,1.0,1.0,0.0
7,5,1.9689285079266172,0.89771615625298,0.0,1.0,0.0,1.0,0.0,0.0
8,5,11.946965340545333,10.105190969999253,0.0,0.0,0.0,1.0,0.0,0.0
9,5,3.9702613901280426,9.917815744442509,1.0,0.0,1.0,0.0,0.0,1.0
10,5,9.88239085430638,10.929590671632443,1.0,0.0,0.0,0.0,1.0,1.0
11,5,6.880205471174965,1.0213829921207274,1.0,0.0,1.0,0.0,0.0,1.0
12,5,9.105407413247528,5.073587678408774,0.0,0.0,1.0,1.0,0.0,0.0
13,5,2.8628149982676563,7.913101098125162,0.0,0.0,1.0,0.0,0.0,0.0
14,5,5.883887607570152,1.8962599429654288,1.0,1.0,1.0,0.0,0.0,1.0
15,5,11.001991712816215,5.011664927343709,0.0,0.0,0.0,1.0,1.0,0.0
16,5,5.043420363216262,8.13724353579944,0.0,0.0,0.0,0.0,1.0,1.0
17,5,4.050505977908429,6.102859811148577,0.0,0.0,0.0,0.0,1.0,1.0
18,5,0.0513608689197667,4.081441344517175,0.0,1.0,0.0,0.0,0.0,1.0
19,5,1.107450429870313,6.989124148914772,0.0,1.0,0.0,0.0,1.0,0.0
0,10,3.832966459415255,6.139206142618211,0.0,0.0,1.0,1.0,1.0,0.0
1,10,11.986211328263364,1.8805394282366168,0.0,0.0,1.0,0.0,0.0,0.0
2,10,6.05053009266044,5.095087923486146,1.0,0.0,0.0,1.0,1.0,1.0
3,10,9.905628425462536,4.049680990528555,0.0,0.0,0.0,0.0,1.0,1.0
4,10,5.946730770129439,5.829508154114594,1.0,0.0,1.0,0.0,1.0,1.0
5,10,4.139861339751929,1.0188784568407758,0.0,1.0,0.0,0.0,0.0,0.0
6,10,12.0,4.103037184492573,0.0,1.0,0.0,1.0,1.0,0.0
7,10,1.9542217547111749,0.8542888233502199,0.0,1.0,0.0,1.0,0.0,0.0
8,10,11.917237281283777,10.16381415495781,0.0,0.0,0.0,1.0,0.0,0.0
9,10,3.952866537098633,9.870032706256923,1.0,0.0,1.0,0.0,0.0,1.0
10,10,9.833586544696256,10.901371445405056,1.0,0.0,0.0,0.0,1.0,1.0
11,10,6.815633984718078,1.0343580971844182,1.0,0.0,1.0,0.0,0.0,1.0
12,10,9.145419131253332,5.101674349516593,0.0,0.0,1.0,1.0,0.0,0.0
13,10,2.8129982637843627,7.881322418294693,0.0,0.0,1.0,0.0,0.0,0.0
14,10,5.813214882234599,1.8328254288611756,1.0,1.0,1.0,0.0,0.0,1.0
15,10,11.00099427994019,5.004764377443528,0.0,0.0,0.0,1.0,1.0,0.0
16,10,5.0567382731626775,8.17614627824968,0.0,0.0,0.0,0.0,1.0,1.0
17,10,4.0816543374796925,6.165290997280363,0.0,0.0,0.0,0.0,1.0,1.0
18,10,0.0793570260334644,4.127130076194472,0.0,1.0,0.0,0.0,0.0,1.0
19,10,1.1567715656733273,6.984381469983492,0.0,1.0,0.0,0.0,1.0,0.0
0,15,3.754242384606296,6.20464867646063,0.0,0.0,1.0,1.0,1.0,0.0
1,15,11.979245254408529,1.8274339759877,0.0,0.0,1.0,0.0,0.0,0.0
2,15,6.070474940643292,5.131252912649176,1.0,0.0,0.0,1.0,1.0,1.0
3,15,9.858565200501635,4.073567130590203,0.0,0.0,0.0,0.0,1.0,1.0
4,15,5.922381962494629,5.760242408083448,1.0,0.0,1.0,0.0,1.0,1.0
5,15,4.190233271228181,1.024375690633221,0.0,1.0,0.0,0.0,0.0,0.0
6,15,12.0,4.147817273221099,0.0,1.0,0.0,1.0,1.0,0.0
7,15,1.9430214762780829,0.8198991575517518,0.0,1.0,0.0,1.0,0.0,0.0
8,15,11.895039337226317,10.20402662464387,0.0,0.0,0.0,1.0,0.0,0.0
9,15,3.9319907413963455,9.812799047434122,1.0,0.0,1.0,0.0,0.0,1.0
10,15,9.773674567627127,10.86629443993836,1.0,0.0,0.0,0.0,1.0,1.0
11,15,6.746653874755862,1.0468063209370446,1.0,0.0,1.0,0.0,0.0,1.0
12,15,9.198000876535426,5.13857402554971,0.0,0.0,1.0,1.0,0.0,0.0
13,15,2.7539679897319687,7.841943105166383,0.0,0.0,1.0,0.0,0.0,0.0
14,15,5.726711151162021,1.7513515692325807,1.0,1.0,1.0,0.0,0.0,1.0
15,15,11.01523264834618,5.002473100264325,0.0,0.0,0.0,1.0,1.0,0.0
16,15,5.074467653623326,8.226388600057795,0.0,0.0,0.0,0.0,1.0,1.0
17,15,4.105954259354428,6.213523840096565,0.0,0.0,0.0,0.0,1.0,1.0
18,15,0.1082628244696796,4.176800210341915,0.0,1.0,0.0,0.0,0.0,1.0
19,15,1.2106636277266234,6.978601188419987,0.0,1.0,0.0,0.0,1.0,0.0
0,20,3.692626004336285,6.25702273727596,0.0,0.0,1.0,1.0,1.0,0.0
1,20,11.974098402337075,1.78896463766611,0.0,0.0,1.0,0.0,0.0,0.0
2,20,6.090053383575865,5.163678576199565,1.0,0.0,0.0,1.0,1.0,1.0
3,20,9.8122740549541,4.096502163737835,0.0,0.0,0.0,0.0,1.0,1.0
4,20,5.903157119319755,5.695748208286554,1.0,0.0,1.0,0.0,1.0,1.0
5,20,4.236138887885208,1.0276223270723923,0.0,1.0,0.0,0.0,0.0,0.0
6,20,12.0,4.178899375766387,0.0,1.0,0.0,1.0,1.0,0.0
7,20,1.9315323989516295,0.7851261747808536,0.0,1.0,0.0,1.0,0.0,0.0
8,20,11.869625273228063,10.252459941904768,0.0,0.0,0.0,1.0,0.0,0.0
9,20,3.918442500672063,9.775063407864852,1.0,0.0,1.0,0.0,0.0,1.0
10,20,9.717700959648765,10.834882289766808,1.0,0.0,0.0,0.0,1.0,1.0
11,20,6.704077187769505,1.0543742060810777,1.0,0.0,1.0,0.0,0.0,1.0
12,20,9.29589036873549,5.204038030819236,0.0,0.0,1.0,1.0,0.0,0.0
13,20,2.688972106650217,7.799255505946642,0.0,0.0,1.0,0.0,0.0,0.0
14,20,5.638822415646677,1.6687388651578114,1.0,1.0,1.0,0.0,0.0,1.0
15,20,11.018635056371254,5.001937437368683,0.0,0.0,0.0,1.0,1.0,0.0
16,20,5.092475230510428,8.282642433639145,0.0,0.0,0.0,0.0,1.0,1.0
17,20,4.136645177763403,6.272079559522748,0.0,0.0,0.0,0.0,1.0,1.0
18,20,0.1469225206090808,4.244300144506338,0.0,1.0,0.0,0.0,0.0,1.0
19,20,1.2746226887679577,6.971523692722637,0.0,1.0,0.0,0.0,1.0,0.0
0,25,3.643629535498032,6.300606707725128,0.0,0.0,1.0,1.0,1.0,0.0
1,25,11.9699659701409,1.7575883943624566,0.0,0.0,1.0,0.0,0.0,0.0
2,25,6.108305096186439,5.197133329032146,1.0,0.0,0.0,1.0,1.0,1.0
3,25,9.753945333771894,4.126256556472941,0.0,0.0,0.0,0.0,1.0,1.0
4,25,5.888623427029287,5.651450431090859,1.0,0.0,1.0,0.0,1.0,1.0
5,25,4.2673911955681305,1.029592738486876,0.0,1.0,0.0,0.0,0.0,0.0
6,25,12.0,4.203456606634583,0.0,1.0,0.0,1.0,1.0,0.0
7,25,1.9238115761417511,0.7572391665345442,0.0,1.0,0.0,1.0,0.0,0.0
8,25,11.839704642473356,10.31192936429233,0.0,0.0,0.0,1.0,0.0,0.0
9,25,3.90598087917562,9.740067800212966,1.0,0.0,1.0,0.0,0.0,1.0
10,25,9.673415935812754,10.810210089805592,1.0,0.0,0.0,0.0,1.0,1.0
11,25,6.65545320972589,1.0634094457016814,1.0,0.0,1.0,0.0,0.0,1.0
12,25,9.382113288647265,5.259188779513797,0.0,0.0,1.0,1.0,0.0,0.0
13,25,2.6164962090792105,7.747414904605935,0.0,0.0,1.0,0.0,0.0,0.0
14,25,5.563341337345253,1.5947914576068225,1.0,1.0,1.0,0.0,0.0,1.0
15,25,11.000075368836704,5.004801500189452,0.0,0.0,0.0,1.0,1.0,0.0
16,25,5.110630961147746,8.340954077465229,0.0,0.0,0.0,0.0,1.0,1.0
17,25,4.172705629847198,6.339352266455227,0.0,0.0,0.0,0.0,1.0,1.0
18,25,0.1717001553947843,4.288806348735082,0.0,1.0,0.0,0.0,0.0,1.0
19,25,1.3446614216096446,6.964260923124168,0.0,1.0,0.0,0.0,1.0,0.0
0,30,3.594623501788378,6.345396289773339,0.0,0.0,1.0,1.0,1.0,0.0
1,30,11.966355152384624,1.7283590888420794,0.0,0.0,1.0,0.0,0.0,0.0
2,30,6.135143600090177,5.24202930006402,1.0,0.0,0.0,1.0,1.0,1.0
3,30,9.684793362765324,4.161762045320727,0.0,0.0,0.0,0.0,1.0,1.0
4,30,5.872945063941096,5.605053390478638,1.0,0.0,1.0,0.0,1.0,1.0
5,30,4.32539214421958,1.0315309888457558,0.0,1.0,0.0,0.0,0.0,0.0
6,30,12.0,4.2201711988681385,0.0,1.0,0.0,1.0,1.0,0.0
7,30,1.916344823905776,0.7306951263654623,0.0,1.0,0.0,1.0,0.0,0.0
8,30,11.824155978305022,10.342949310796982,0.0,0.0,0.0,1.0,0.0,0.0
9,30,3.904917225993402,9.737043673250248,1.0,0.0,1.0,0.0,0.0,1.0
10,30,9.651549772408082,10.798582663659582,1.0,0.0,0.0,0.0,1.0,1.0
11,30,6.607496895332101,1.071410558002361,1.0,0.0,1.0,0.0,0.0,1.0
12,30,9.46355459608507,5.313790879556301,0.0,0.0,1.0,1.0,0.0,0.0
13,30,2.543302064247541,7.694161915681732,0.0,0.0,1.0,0.0,0.0,0.0
14,30,5.488438383509844,1.5189115212630584,1.0,1.0,1.0,0.0,0.0,1.0
15,30,10.99362160785627,5.006024543506345,0.0,0.0,0.0,1.0,1.0,0.0
16,30,5.127448854011207,8.392380271771266,0.0,0.0,0.0,0.0,1.0,1.0
17,30,4.211585789324961,6.41277350390676,0.0,0.0,0.0,0.0,1.0,1.0
18,30,0.1934459007248367,4.329566322158016,0.0,1.0,0.0,0.0,0.0,1.0
19,30,1.386981894000988,6.960242353293091,0.0,1.0,0.0,0.0,1.0,0.0
0,35,3.5119679591488824,6.423813787491506,0.0,0.0,1.0,1.0,1.0,0.0
1,35,11.960657089456411,1.6752842961474226,0.0,0.0,1.0,0.0,0.0,0.0
2,35,6.160412868067714,5.283789763911543,1.0,0.0,0.0,1.0,1.0,1.0
3,35,9.72809798361009,4.252235861121011,0.0,0.0,0.0,0.0,1.0,1.0
4,35,5.854726392446752,5.552256936073296,1.0,0.0,1.0,0.0,1.0,1.0
5,35,4.396048644415058,1.0332545029574405,0.0,1.0,0.0,0.0,0.0,0.0
6,35,12.0,4.236688856787026,0.0,1.0,0.0,1.0,1.0,0.0
7,35,1.9137279905370888,0.7206013625487536,0.0,1.0,0.0,1.0,0.0,0.0
8,35,11.8063295215651,10.3782886116548,0.0,0.0,0.0,1.0,0.0,0.0
9,35,3.894063582446385,9.706214994487793,1.0,0.0,1.0,0.0,0.0,1.0
10,35,9.632023759587206,10.7877666758505,1.0,0.0,0.0,0.0,1.0,1.0
11,35,6.56955062368582,1.0766073044107998,1.0,0.0,1.0,0.0,0.0,1.0
12,35,9.528604497161613,5.358774386310501,0.0,0.0,1.0,1.0,0.0,0.0
13,35,2.471519737293273,7.642273620029867,0.0,0.0,1.0,0.0,0.0,0.0
14,35,5.420593844437884,1.4489024502775751,1.0,1.0,1.0,0.0,0.0,1.0
15,35,10.9899152946047,5.006645156898816,0.0,0.0,0.0,1.0,1.0,0.0
16,35,5.144876666487262,8.446811675899415,0.0,0.0,0.0,0.0,1.0,1.0
17,35,4.25786816392732,6.496643480063415,0.0,0.0,0.0,0.0,1.0,1.0
18,35,0.2212278425847364,4.3844515440393135,0.0,1.0,0.0,0.0,0.0,1.0
19,35,1.4446449304028577,6.954594133674273,0.0,1.0,0.0,0.0,1.0,0.0
0,40,3.42776779130642,6.503843127876749,0.0,0.0,1.0,1.0,1.0,0.0
1,40,11.956232932915311,1.6328246455482431,0.0,0.0,1.0,0.0,0.0,0.0
2,40,6.1856783888069735,5.327499699534249,1.0,0.0,0.0,1.0,1.0,1.0
3,40,9.77325067045637,4.346930621505259,0.0,0.0,0.0,0.0,1.0,1.0
4,40,5.840590750041074,5.514305953925604,1.0,0.0,1.0,0.0,1.0,1.0
5,40,4.443727342522636,1.0335539591926084,0.0,1.0,0.0,0.0,0.0,0.0
6,40,12.0,4.250961686113966,0.0,1.0,0.0,1.0,1.0,0.0
7,40,1.9123710405305272,0.7154571761848131,0.0,1.0,0.0,1.0,0.0,0.0
8,40,11.790979964884002,10.410729652847712,0.0,0.0,0.0,1.0,0.0,0.0
9,40,3.880759879785436,9.670397063963405,1.0,0.0,1.0,0.0,0.0,1.0
10,40,9.618523174960057,10.780562707906292,1.0,0.0,0.0,0.0,1.0,1.0
11,40,6.513784292233569,1.082656360219025,1.0,0.0,1.0,0.0,0.0,1.0
12,40,9.57155791368002,5.388225982476946,0.0,0.0,1.0,1.0,0.0,0.0
13,40,2.4106978038558204,7.598387775714089,0.0,0.0,1.0,0.0,0.0,0.0
14,40,5.36032156294621,1.38681679491805,1.0,1.0,1.0,0.0,0.0,1.0
15,40,10.99882689837315,5.005104786770428,0.0,0.0,0.0,1.0,1.0,0.0
16,40,5.156855781118833,8.486932663662595,0.0,0.0,0.0,0.0,1.0,1.0
17,40,4.295009447442903,6.569269500918545,0.0,0.0,0.0,0.0,1.0,1.0
18,40,0.252780418254211,4.445168131319599,0.0,1.0,0.0,0.0,0.0,1.0
19,40,1.4624076667719756,6.952471454803535,0.0,1.0,0.0,0.0,1.0,0.0
0,45,3.351754152201101,6.577412580864246,0.0,0.0,1.0,1.0,1.0,0.0
1,45,11.952251808281982,1.5726085958247562,0.0,0.0,1.0,0.0,0.0,0.0
2,45,6.200354327238719,5.355139279912041,1.0,0.0,0.0,1.0,1.0,1.0
3,45,9.821139996350585,4.453403032526597,0.0,0.0,0.0,0.0,1.0,1.0
4,45,5.828747547519281,5.481170184431275,1.0,0.0,1.0,0.0,1.0,1.0
5,45,4.498105713867304,1.0338979861960522,0.0,1.0,0.0,0.0,0.0,0.0
6,45,12.0,4.272552904885159,0.0,1.0,0.0,1.0,1.0,0.0
7,45,1.9050071822997656,0.6859749565430003,0.0,1.0,0.0,1.0,0.0,0.0
8,45,11.772227243354331,10.450165697286522,0.0,0.0,0.0,1.0,0.0,0.0
9,45,3.865626725017025,9.631905566083296,1.0,0.0,1.0,0.0,0.0,1.0
10,45,9.605084877739737,10.773460010391355,1.0,0.0,0.0,0.0,1.0,1.0
11,45,6.436622444833593,1.0903100458522557,1.0,0.0,1.0,0.0,0.0,1.0
12,45,9.61388526772674,5.417189070333356,0.0,0.0,1.0,1.0,0.0,0.0
13,45,2.355912931156012,7.55994107433295,0.0,0.0,1.0,0.0,0.0,0.0
14,45,5.296694863344785,1.3238405823342294,1.0,1.0,1.0,0.0,0.0,1.0
15,45,10.98392838662336,5.007351342683463,0.0,0.0,0.0,1.0,1.0,0.0
16,45,5.171662262592837,8.534475865903628,0.0,0.0,0.0,0.0,1.0,1.0
17,45,4.328965779434744,6.640557608869589,0.0,0.0,0.0,0.0,1.0,1.0
18,45,0.2763837404721503,4.499168793499893,0.0,1.0,0.0,0.0,0.0,1.0
19,45,1.4863192479471117,6.949046847988192,0.0,1.0,0.0,0.0,1.0,0.0
0,50,3.267105407558985,6.6586190040293,0.0,0.0,1.0,1.0,1.0,0.0
1,50,11.947575666365308,1.5027378120444208,0.0,0.0,1.0,0.0,0.0,0.0
2,50,6.207308655893843,5.367975054301615,1.0,0.0,0.0,1.0,1.0,1.0
3,50,9.873861869306046,4.570238016779552,0.0,0.0,0.0,0.0,1.0,1.0
4,50,5.813085909584874,5.439632289983552,1.0,0.0,1.0,0.0,1.0,1.0
5,50,4.521489385580637,1.0334213417796445,0.0,1.0,0.0,0.0,0.0,0.0
6,50,12.0,4.289016959906529,0.0,1.0,0.0,1.0,1.0,0.0
7,50,1.8915303019073932,0.6331256886476933,0.0,1.0,0.0,1.0,0.0,0.0
8,50,11.757922766133332,10.478427988260854,0.0,0.0,0.0,1.0,0.0,0.0
9,50,3.8514980626359727,9.596221082756566,1.0,0.0,1.0,0.0,0.0,1.0
10,50,9.577239858347813,10.759329865746126,1.0,0.0,0.0,0.0,1.0,1.0
11,50,6.339288827207746,1.1026543397724546,1.0,0.0,1.0,0.0,0.0,1.0
12,50,9.670759746070113,5.455503023006137,0.0,0.0,1.0,1.0,0.0,0.0
13,50,2.3117793999195184,7.52939614860984,0.0,0.0,1.0,0.0,0.0,0.0
14,50,5.222090415967585,1.3999986805270506,1.0,1.0,1.0,0.0,0.0,1.0
15,50,10.97145481115814,5.009174615200375,0.0,0.0,0.0,1.0,1.0,0.0
16,50,5.184504666895958,8.576235295709232,0.0,0.0,0.0,0.0,1.0,1.0
17,50,4.36282662133806,6.710321307830453,0.0,0.0,0.0,0.0,1.0,1.0
18,50,0.2921182951877404,4.5329067355081705,0.0,1.0,0.0,0.0,0.0,1.0
19,50,1.5013727768160647,6.947221622126417,0.0,1.0,0.0,0.0,1.0,0.0
0,55,3.190083903591213,6.730404046987722,0.0,0.0,1.0,1.0,1.0,0.0
1,55,11.941563807306256,1.438013709784861,0.0,0.0,1.0,0.0,0.0,0.0
2,55,6.214345218568387,5.380528985722567,1.0,0.0,0.0,1.0,1.0,1.0
3,55,9.917031156298542,4.670439659187883,0.0,0.0,0.0,0.0,1.0,1.0
4,55,5.802415755531795,5.411404566534792,1.0,0.0,1.0,0.0,1.0,1.0
5,55,4.5532201589485695,1.0328863680699032,0.0,1.0,0.0,0.0,0.0,0.0
6,55,12.0,4.306869983116294,0.0,1.0,0.0,1.0,1.0,0.0
7,55,1.8860158650268355,0.6138463407471235,0.0,1.0,0.0,1.0,0.0,0.0
8,55,11.746980345511792,10.50188872605122,0.0,0.0,0.0,1.0,0.0,0.0
9,55,3.83719640971137,9.557442025471468,1.0,0.0,1.0,0.0,0.0,1.0
10,55,9.519672054868254,10.731026551843462,1.0,0.0,0.0,0.0,1.0,1.0
11,55,6.232708984938931,1.1141880789470484,1.0,0.0,1.0,0.0,0.0,1.0
12,55,9.729084708270214,5.494369718255442,0.0,0.0,1.0,1.0,0.0,0.0
13,55,2.252495349550235,7.489362225753416,0.0,0.0,1.0,0.0,0.0,0.0
14,55,5.144237096815977,1.4800044259106198,1.0,1.0,1.0,0.0,0.0,1.0
15,55,10.951554566925097,5.012445373259994,0.0,0.0,0.0,1.0,1.0,0.0
16,55,5.196828544764171,8.614928361239777,0.0,0.0,0.0,0.0,1.0,1.0
17,55,4.40517033776741,6.80003527776212,0.0,0.0,0.0,0.0,1.0,1.0
18,55,0.3127966902472964,4.577331007223744,0.0,1.0,0.0,0.0,0.0,1.0
19,55,1.5126604787437774,6.945932384970945,0.0,1.0,0.0,0.0,1.0,0.0
0,60,3.113880984587303,6.802418596571721,0.0,0.0,1.0,1.0,1.0,0.0
1,60,11.933136228304258,1.3663292947022627,0.0,0.0,1.0,0.0,0.0,0.0
2,60,6.2207238418760165,5.392211177621392,1.0,0.0,0.0,1.0,1.0,1.0
3,60,9.96099975485873,4.775856332067507,0.0,0.0,0.0,0.0,1.0,1.0
4,60,5.78896965991119,5.377343826485309,1.0,0.0,1.0,0.0,1.0,1.0
5,60,4.583066016739735,1.0330865119517456,0.0,1.0,0.0,0.0,0.0,0.0
6,60,12.0,4.317978891038988,0.0,1.0,0.0,1.0,1.0,0.0
7,60,1.8802130640900296,0.5937636645979567,0.0,1.0,0.0,1.0,0.0,0.0
8,60,11.732431017237456,10.532744784260986,0.0,0.0,0.0,1.0,0.0,0.0
9,60,3.816602120122052,9.501468054172252,1.0,0.0,1.0,0.0,0.0,1.0
10,60,9.465111637152775,10.705073178448584,1.0,0.0,0.0,0.0,1.0,1.0
11,60,6.119760191174067,1.127875500091963,1.0,0.0,1.0,0.0,0.0,1.0
12,60,9.794176377544302,5.542762938109021,0.0,0.0,1.0,1.0,0.0,0.0
13,60,2.1899761852416173,7.446712237076734,0.0,0.0,1.0,0.0,0.0,0.0
14,60,5.043985760764687,1.5830685431536045,1.0,1.0,1.0,0.0,0.0,1.0
15,60,10.950846646454094,5.007919755323291,0.0,0.0,0.0,1.0,1.0,0.0
16,60,5.204342263099838,8.638586581466349,0.0,0.0,0.0,0.0,1.0,1.0
17,60,4.44582203875758,6.889652351365256,0.0,0.0,0.0,0.0,1.0,1.0
18,60,0.3290237114286554,4.613714899108978,0.0,1.0,0.0,0.0,0.0,1.0
19,60,1.5435742654462616,6.94186418608989,0.0,1.0,0.0,0.0,1.0,0.0
0,65,3.0404381607234803,6.87123151513263,0.0,0.0,1.0,1.0,1.0,0.0
1,65,11.925800366682498,1.3100433820326898,0.0,0.0,1.0,0.0,0.0,0.0
2,65,6.221980036727943,5.394283773965689,1.0,0.0,0.0,1.0,1.0,1.0
3,65,10.006559512436228,4.884953995691967,0.0,0.0,0.0,0.0,1.0,1.0
4,65,5.77855482805448,5.352287064344056,1.0,0.0,1.0,0.0,1.0,1.0
5,65,4.609923899022428,1.0333577281496424,0.0,1.0,0.0,0.0,0.0,0.0
6,65,12.0,4.346231908997752,0.0,1.0,0.0,1.0,1.0,0.0
7,65,1.8745089263079309,0.576022914411058,0.0,1.0,0.0,1.0,0.0,0.0
8,65,11.721424710873066,10.555135166816292,0.0,0.0,0.0,1.0,0.0,0.0
9,65,3.795705462124276,9.443426168011763,1.0,0.0,1.0,0.0,0.0,1.0
10,65,9.407576899902288,10.677379721733397,1.0,0.0,0.0,0.0,1.0,1.0
11,65,6.025315909597566,1.13966725323478,1.0,0.0,1.0,0.0,0.0,1.0
12,65,9.852272646094692,5.5861927491611,0.0,0.0,1.0,1.0,0.0,0.0
13,65,2.124418121045358,7.400695642872391,0.0,0.0,1.0,0.0,0.0,0.0
14,65,4.941570030166523,1.689239701215511,1.0,1.0,1.0,0.0,0.0,1.0
15,65,10.949687957555756,5.000802852650891,0.0,0.0,0.0,1.0,1.0,0.0
16,65,5.211569959972761,8.660353026837981,0.0,0.0,0.0,0.0,1.0,1.0
17,65,4.483012757392862,6.976146504454941,0.0,0.0,0.0,0.0,1.0,1.0
18,65,0.3482794118909523,4.65635130500434,0.0,1.0,0.0,0.0,0.0,1.0
19,65,1.5754528545246995,6.937855641031326,0.0,1.0,0.0,0.0,1.0,0.0
0,70,2.9763554561358485,6.930719458303722,0.0,0.0,1.0,1.0,1.0,0.0
1,70,11.9204638967632,1.2669683150482327,0.0,0.0,1.0,0.0,0.0,0.0
2,70,6.234663677385928,5.414072762206607,1.0,0.0,0.0,1.0,1.0,1.0
3,70,10.05317238404467,5.004008639074706,0.0,0.0,0.0,0.0,1.0,1.0
4,70,5.765762205042621,5.322669110840075,1.0,0.0,1.0,0.0,1.0,1.0
5,70,4.635707290757707,1.03324078155293,0.0,1.0,0.0,0.0,0.0,0.0
6,70,12.0,4.384765074587131,0.0,1.0,0.0,1.0,1.0,0.0
7,70,1.8709545137532468,0.5647829335014073,0.0,1.0,0.0,1.0,0.0,0.0
8,70,11.71375202601203,10.571095548506998,0.0,0.0,0.0,1.0,0.0,0.0
9,70,3.777295747429916,9.390765771406944,1.0,0.0,1.0,0.0,0.0,1.0
10,70,9.366585057680728,10.655656469189104,1.0,0.0,0.0,0.0,1.0,1.0
11,70,5.921176913915944,1.1535688739275236,1.0,0.0,1.0,0.0,0.0,1.0
12,70,9.823560431503074,5.627407837803598,0.0,0.0,1.0,1.0,0.0,0.0
13,70,2.0533269784771973,7.352262102289032,0.0,0.0,1.0,0.0,0.0,0.0
14,70,4.852370532168228,1.7825216436929523,1.0,1.0,1.0,0.0,0.0,1.0
15,70,10.951643836476702,5.013946276272328,0.0,0.0,0.0,1.0,1.0,0.0
16,70,5.213076821592065,8.66473757004949,0.0,0.0,0.0,0.0,1.0,1.0
17,70,4.52550962275174,7.08149700775464,0.0,0.0,0.0,0.0,1.0,1.0
18,70,0.3570386695662019,4.675933759122388,0.0,1.0,0.0,0.0,0.0,1.0
19,70,1.6231929931660904,6.930435776739655,0.0,1.0,0.0,0.0,1.0,0.0
0,75,2.9237877718022616,6.978536483169372,0.0,0.0,1.0,1.0,1.0,0.0
1,75,11.913144998869498,1.2092165340054355,0.0,0.0,1.0,0.0,0.0,0.0
2,75,6.233786277419669,5.412802705917365,1.0,0.0,0.0,1.0,1.0,1.0
3,75,10.101901074957304,5.132966219706142,0.0,0.0,0.0,0.0,1.0,1.0
4,75,5.76161993461993,5.313160741964264,1.0,0.0,1.0,0.0,1.0,1.0
5,75,4.686478776358632,1.032712688091761,0.0,1.0,0.0,0.0,0.0,0.0
6,75,12.0,4.42622053355795,0.0,1.0,0.0,1.0,1.0,0.0
7,75,1.870436905933915,0.5630969924457567,0.0,1.0,0.0,1.0,0.0,0.0
8,75,11.704302558730395,10.590599150737154,0.0,0.0,0.0,1.0,0.0,0.0
9,75,3.7617784858621697,9.343983143097462,1.0,0.0,1.0,0.0,0.0,1.0
10,75,9.316487487550331,10.629367513672744,1.0,0.0,0.0,0.0,1.0,1.0
11,75,5.814362429555295,1.1688287719994797,1.0,0.0,1.0,0.0,0.0,1.0
12,75,9.8034270668937,5.65900146336267,0.0,0.0,1.0,1.0,0.0,0.0
13,75,1.99124816632033,7.31050076219322,0.0,0.0,1.0,0.0,0.0,0.0
14,75,4.757620081783657,1.8787548389677136,1.0,1.0,1.0,0.0,0.0,1.0
15,75,10.953458512670398,5.025849557750369,0.0,0.0,0.0,1.0,1.0,0.0
16,75,5.2185727327550495,8.681855915253395,0.0,0.0,0.0,0.0,1.0,1.0
17,75,4.570731016353417,7.202982628222504,0.0,0.0,0.0,0.0,1.0,1.0
18,75,0.3636302297185297,4.689836671320847,0.0,1.0,0.0,0.0,0.0,1.0
19,75,1.6519120788223962,6.925756924303565,0.0,1.0,0.0,0.0,1.0,0.0
0,80,2.8790997107611083,7.018118013236844,0.0,0.0,1.0,1.0,1.0,0.0
1,80,11.903874823886342,1.1340580932326014,0.0,0.0,1.0,0.0,0.0,0.0
2,80,6.218362323474272,5.391069165994917,1.0,0.0,0.0,1.0,1.0,1.0
3,80,10.152214760755824,5.268203110211415,0.0,0.0,0.0,0.0,1.0,1.0
4,80,5.753078613406792,5.292781526831101,1.0,0.0,1.0,0.0,1.0,1.0
5,80,4.732962977229686,1.0323639874876789,0.0,1.0,0.0,0.0,0.0,0.0
6,80,12.0,4.457779145503685,0.0,1.0,0.0,1.0,1.0,0.0
7,80,1.8636964393162248,0.542499423125524,0.0,1.0,0.0,1.0,0.0,0.0
8,80,11.7010509677874,10.596617057717763,0.0,0.0,0.0,1.0,0.0,0.0
9,80,3.7442675585399896,9.288548979168672,1.0,0.0,1.0,0.0,0.0,1.0
10,80,9.265703292905474,10.602031523077176,1.0,0.0,0.0,0.0,1.0,1.0
11,80,5.7100949343901615,1.1767157405663875,1.0,0.0,1.0,0.0,0.0,1.0
12,80,9.77695146881205,5.701082309371527,0.0,0.0,1.0,1.0,0.0,0.0
13,80,1.9223143937982416,7.265175819652622,0.0,0.0,1.0,0.0,0.0,0.0
14,80,4.654975431771781,1.9835980957987225,1.0,1.0,1.0,0.0,0.0,1.0
15,80,10.952262223080655,5.018735715830524,0.0,0.0,0.0,1.0,1.0,0.0
16,80,5.222383750610008,8.69344524609859,0.0,0.0,0.0,0.0,1.0,1.0
17,80,4.614230592712537,7.323008039062105,0.0,0.0,0.0,0.0,1.0,1.0
18,80,0.3798437838945994,4.724821356945262,0.0,1.0,0.0,0.0,0.0,1.0
19,80,1.699843038568449,6.9194469638485625,0.0,1.0,0.0,0.0,1.0,0.0
0,85,2.8367434567060963,7.055660907874481,0.0,0.0,1.0,1.0,1.0,0.0
1,85,11.895052450258651,1.0607870692615884,0.0,0.0,1.0,0.0,0.0,0.0
2,85,6.209830072939533,5.379050274748001,1.0,0.0,0.0,1.0,1.0,1.0
3,85,10.20285670053546,5.402646612536011,0.0,0.0,0.0,0.0,1.0,1.0
4,85,5.744569220549664,5.273665553208675,1.0,0.0,1.0,0.0,1.0,1.0
5,85,4.766969716942015,1.0318883929347404,0.0,1.0,0.0,0.0,0.0,0.0
6,85,12.0,4.491771550965467,0.0,1.0,0.0,1.0,1.0,0.0
7,85,1.85756651400932,0.5237227640546874,0.0,1.0,0.0,1.0,0.0,0.0
8,85,11.7047825696787,10.589604145373922,0.0,0.0,0.0,1.0,0.0,0.0
9,85,3.7238604829565367,9.222338519737432,1.0,0.0,1.0,0.0,0.0,1.0
10,85,9.204340038686496,10.570610435126747,1.0,0.0,0.0,0.0,1.0,1.0
11,85,5.604276448256884,1.186910793646056,1.0,0.0,1.0,0.0,0.0,1.0
12,85,9.758543115275716,5.732837635840878,0.0,0.0,1.0,1.0,0.0,0.0
13,85,1.853791226426169,7.223547773288083,0.0,0.0,1.0,0.0,0.0,0.0
14,85,4.565362719112485,2.074035851261632,1.0,1.0,1.0,0.0,0.0,1.0
15,85,10.949966682731471,5.007575809858515,0.0,0.0,0.0,1.0,1.0,0.0
16,85,5.225543035929501,8.70325947228643,0.0,0.0,0.0,0.0,1.0,1.0
17,85,4.664192474300237,7.453664931164544,0.0,0.0,0.0,0.0,1.0,1.0
18,85,0.3969476846497538,4.763910340978258,0.0,1.0,0.0,0.0,0.0,1.0
19,85,1.7672423378639508,6.911436877706345,0.0,1.0,0.0,0.0,1.0,0.0
0,90,2.8021820526316925,7.08680214083113,0.0,0.0,1.0,1.0,1.0,0.0
1,90,11.886514971360096,0.9957281891262336,0.0,0.0,1.0,0.0,0.0,0.0
2,90,6.204108781403339,5.370969111846363,1.0,0.0,0.0,1.0,1.0,1.0
3,90,10.257276207774948,5.54381892000421,0.0,0.0,0.0,0.0,1.0,1.0
4,90,5.74498241507946,5.274604148344872,1.0,0.0,1.0,0.0,1.0,1.0
5,90,4.796228435895676,1.0315757199471356,0.0,1.0,0.0,0.0,0.0,0.0
6,90,12.0,4.51266312134462,0.0,1.0,0.0,1.0,1.0,0.0
7,90,1.8516795306184664,0.5058543785264669,0.0,1.0,0.0,1.0,0.0,0.0
8,90,11.714239344552672,10.56967249942533,0.0,0.0,0.0,1.0,0.0,0.0
9,90,3.703439484638616,9.154217241901163,1.0,0.0,1.0,0.0,0.0,1.0
10,90,9.14480268490362,10.54113506377577,1.0,0.0,0.0,0.0,1.0,1.0
11,90,5.508096426777259,1.1950607209148367,1.0,0.0,1.0,0.0,0.0,1.0
12,90,9.735858399802485,5.773222392905314,0.0,0.0,1.0,1.0,0.0,0.0
13,90,1.7909453722950732,7.185719786579122,0.0,0.0,1.0,0.0,0.0,0.0
14,90,4.468102941348193,2.1820101114208232,1.0,1.0,1.0,0.0,0.0,1.0
15,90,10.951097455413167,5.013374179011828,0.0,0.0,0.0,1.0,1.0,0.0
16,90,5.227188865168276,8.708595742969141,0.0,0.0,0.0,0.0,1.0,1.0
17,90,4.717331360728263,7.579178147468867,0.0,0.0,0.0,0.0,1.0,1.0
18,90,0.4163778423839261,4.803479713541163,0.0,1.0,0.0,0.0,0.0,1.0
19,90,1.8635106005205933,6.898429540544562,0.0,1.0,0.0,0.0,1.0,0.0
0,95,2.764702880614063,7.120673577659606,0.0,0.0,1.0,1.0,1.0,0.0
1,95,11.88005721226314,0.9436486475021864,0.0,0.0,1.0,0.0,0.0,0.0
2,95,6.2030247833861605,5.3694663303890025,1.0,0.0,0.0,1.0,1.0,1.0
3,95,10.300530591667394,5.66843764423241,0.0,0.0,0.0,0.0,1.0,1.0
4,95,5.7307886028789685,5.280871312921794,1.0,0.0,1.0,0.0,1.0,1.0
5,95,4.823996150310669,1.0301670182091636,0.0,1.0,0.0,0.0,0.0,0.0
6,95,12.0,4.530699753820567,0.0,1.0,0.0,1.0,1.0,0.0
7,95,1.849627390739354,0.4993380762194186,0.0,1.0,0.0,1.0,0.0,0.0
8,95,11.72139223466919,10.556189507220038,0.0,0.0,0.0,1.0,0.0,0.0
9,95,3.680999056628883,9.070775213050071,1.0,0.0,1.0,0.0,0.0,1.0
10,95,9.088515779087514,10.511710913060174,1.0,0.0,0.0,0.0,1.0,1.0
11,95,5.434124910167451,1.2019960033865198,1.0,0.0,1.0,0.0,0.0,1.0
12,95,9.71777240380166,5.805890858424372,0.0,0.0,1.0,1.0,0.0,0.0
13,95,1.7374506288185965,7.150655027721879,0.0,0.0,1.0,0.0,0.0,0.0
14,95,4.33388936536408,2.325397087129871,1.0,1.0,1.0,0.0,0.0,1.0
15,95,10.952738871330022,5.021672414445555,0.0,0.0,0.0,1.0,1.0,0.0
16,95,5.226287306714149,8.70592605475294,0.0,0.0,0.0,0.0,1.0,1.0
17,95,4.774490408305163,7.707955536935771,0.0,0.0,0.0,0.0,1.0,1.0
18,95,0.433506548501649,4.836613677381584,0.0,1.0,0.0,0.0,0.0,1.0
19,95,1.968063332199817,6.882698547965084,0.0,1.0,0.0,0.0,1.0,0.0
0,100,2.7371767941649225,7.144653941170157,0.0,0.0,1.0,1.0,1.0,0.0
1,100,11.872708527836528,0.8892115211120987,0.0,0.0,1.0,0.0,0.0,0.0
2,100,6.201689944643429,5.367574500213857,1.0,0.0,0.0,1.0,1.0,1.0
3,100,10.34525618879188,5.797787432269561,0.0,0.0,0.0,0.0,1.0,1.0
4,100,5.718211015399558,5.286875198617111,1.0,0.0,1.0,0.0,1.0,1.0
5,100,4.830237695309205,1.0297473066540033,0.0,1.0,0.0,0.0,0.0,0.0
6,100,12.0,4.54124678124226,0.0,1.0,0.0,1.0,1.0,0.0
7,100,1.8479027394110048,0.4940587730017646,0.0,1.0,0.0,1.0,0.0,0.0
8,100,11.72671191254338,10.546104582622352,0.0,0.0,0.0,1.0,0.0,0.0
9,100,3.65458481918918,8.9718723218495,1.0,0.0,1.0,0.0,0.0,1.0
10,100,9.021173793634464,10.477386540591745,1.0,0.0,0.0,0.0,1.0,1.0
11,100,5.344493139265157,1.210206421169655,1.0,0.0,1.0,0.0,0.0,1.0
12,100,9.704835554169106,5.829427614320432,0.0,0.0,1.0,1.0,0.0,0.0
13,100,1.6901684406082114,7.118807050511539,0.0,0.0,1.0,0.0,0.0,0.0
14,100,4.182574763445217,2.490180365538006,1.0,1.0,1.0,0.0,0.0,1.0
15,100,10.948164018594175,5.0019436853719546,0.0,0.0,0.0,1.0,1.0,0.0
16,100,5.227468145672529,8.709236726008506,0.0,0.0,0.0,0.0,1.0,1.0
17,100,4.832927356767154,7.84435584373316,0.0,0.0,0.0,0.0,1.0,1.0
18,100,0.4442167501378734,4.858708121408414,0.0,1.0,0.0,0.0,0.0,1.0
19,100,2.071848563867989,6.867859034601273,0.0,1.0,0.0,0.0,1.0,0.0
0,105,2.7009826388100437,7.17710396844047,0.0,0.0,1.0,1.0,1.0,0.0
1,105,11.868285253328898,0.8518676872410701,0.0,0.0,1.0,0.0,0.0,0.0
2,105,6.205712380137634,5.373431645398061,1.0,0.0,0.0,1.0,1.0,1.0
3,105,10.38454877325263,5.91328153961036,0.0,0.0,0.0,0.0,1.0,1.0
4,105,5.685193644488555,5.301652367472101,1.0,0.0,1.0,0.0,1.0,1.0
5,105,4.862045632797907,1.0277788370198746,0.0,1.0,0.0,0.0,0.0,0.0
6,105,12.0,4.554240027826291,0.0,1.0,0.0,1.0,1.0,0.0
7,105,1.848021693959189,0.49445851328178,0.0,1.0,0.0,1.0,0.0,0.0
8,105,11.731029846512136,10.537774306516306,0.0,0.0,0.0,1.0,0.0,0.0
9,105,3.6319186838950817,8.882787706753621,1.0,0.0,1.0,0.0,0.0,1.0
10,105,8.943966934932488,10.43763575589398,1.0,0.0,0.0,0.0,1.0,1.0
11,105,5.268786040703284,1.218512918664657,1.0,0.0,1.0,0.0,0.0,1.0
12,105,9.690316637299544,5.856004275585047,0.0,0.0,1.0,1.0,0.0,0.0
13,105,1.63790180751671,7.083751984480271,0.0,0.0,1.0,0.0,0.0,0.0
14,105,4.0346754182991456,2.6534246963210526,1.0,1.0,1.0,0.0,0.0,1.0
15,105,10.944370284073488,4.988057575368236,0.0,0.0,0.0,1.0,1.0,0.0
16,105,5.220431155495798,8.691514272587655,0.0,0.0,0.0,0.0,1.0,1.0
17,105,4.89432325037266,7.986799731985542,0.0,0.0,0.0,0.0,1.0,1.0
18,105,0.46395144507034,4.90125116366765,0.0,1.0,0.0,0.0,0.0,1.0
19,105,2.167600407154611,6.853317650550679,0.0,1.0,0.0,0.0,1.0,0.0
0,110,2.6637865724717877,7.210594432140979,0.0,0.0,1.0,1.0,1.0,0.0
1,110,11.864939883497254,0.8191518317642507,0.0,0.0,1.0,0.0,0.0,0.0
2,110,6.224809573884865,5.4002533039546,1.0,0.0,0.0,1.0,1.0,1.0
3,110,10.425907850187537,6.026032300738662,0.0,0.0,0.0,0.0,1.0,1.0
4,110,5.676941173244006,5.305702489449589,1.0,0.0,1.0,0.0,1.0,1.0
5,110,4.911048609202015,1.025231514607546,0.0,1.0,0.0,0.0,0.0,0.0
6,110,12.0,4.565755248965122,0.0,1.0,0.0,1.0,1.0,0.0
7,110,1.8500812915069127,0.5015709624154817,0.0,1.0,0.0,1.0,0.0,0.0
8,110,11.733349297906132,10.533315578701645,0.0,0.0,0.0,1.0,0.0,0.0
9,110,3.602883654917804,8.778482455727621,1.0,0.0,1.0,0.0,0.0,1.0
10,110,8.878012772509884,10.40365399167082,1.0,0.0,0.0,0.0,1.0,1.0
11,110,5.193556195283968,1.2273579389579656,1.0,0.0,1.0,0.0,0.0,1.0
12,110,9.66957409119366,5.895298351132558,0.0,0.0,1.0,1.0,0.0,0.0
13,110,1.601263541999307,7.05785848537882,0.0,0.0,1.0,0.0,0.0,0.0
14,110,3.8852667348834897,2.8141327770068307,1.0,1.0,1.0,0.0,0.0,1.0
15,110,10.940391985662512,4.972716713630582,0.0,0.0,0.0,1.0,1.0,0.0
16,110,5.223434242367649,8.699281188543159,0.0,0.0,0.0,0.0,1.0,1.0
17,110,4.952476302409795,8.13143588681857,0.0,0.0,0.0,0.0,1.0,1.0
18,110,0.4791587757411459,4.936495679503714,0.0,1.0,0.0,0.0,0.0,1.0
19,110,2.270884098056159,6.840178532590457,0.0,1.0,0.0,0.0,1.0,0.0
0,115,2.615576527943152,7.251442631318896,0.0,0.0,1.0,1.0,1.0,0.0
1,115,11.862413102804627,0.797269047216663,0.0,0.0,1.0,0.0,0.0,0.0
2,115,6.240554930795968,5.423034349006356,1.0,0.0,0.0,1.0,1.0,1.0
3,115,10.473890080948438,6.145172052386019,0.0,0.0,0.0,0.0,1.0,1.0
4,115,5.636416878874383,5.3251576505352025,1.0,0.0,1.0,0.0,1.0,1.0
5,115,4.949388906741664,1.024214831909328,0.0,1.0,0.0,0.0,0.0,0.0
6,115,12.0,4.582962898082511,0.0,1.0,0.0,1.0,1.0,0.0
7,115,1.8515804313791149,0.5072333297984433,0.0,1.0,0.0,1.0,0.0,0.0
8,115,11.734574479772954,10.531068313353654,0.0,0.0,0.0,1.0,0.0,0.0
9,115,3.577777479284638,8.674421996484305,1.0,0.0,1.0,0.0,0.0,1.0
10,115,8.797661627129663,10.360961901715568,1.0,0.0,0.0,0.0,1.0,1.0
11,115,5.106237542318148,1.2359092930153095,1.0,0.0,1.0,0.0,0.0,1.0
12,115,9.650856810815023,5.9310181350860285,0.0,0.0,1.0,1.0,0.0,0.0
13,115,1.557496548271107,7.027576557590749,0.0,0.0,1.0,0.0,0.0,0.0
14,115,3.736112472873868,2.967247244870535,1.0,1.0,1.0,0.0,0.0,1.0
15,115,10.939032166106871,4.967507895008237,0.0,0.0,0.0,1.0,1.0,0.0
16,115,5.229964485343813,8.716496367166243,0.0,0.0,0.0,0.0,1.0,1.0
17,115,4.998825678364915,8.248341583485606,0.0,0.0,0.0,0.0,1.0,1.0
18,115,0.4974397427970833,4.97967899049761,0.0,1.0,0.0,0.0,0.0,1.0
19,115,2.3933414940427493,6.82459152471786,0.0,1.0,0.0,0.0,1.0,0.0
0,120,2.5586752905769865,7.300503984305064,0.0,0.0,1.0,1.0,1.0,0.0
1,120,11.856921569443838,0.7585059707712429,0.0,0.0,1.0,0.0,0.0,0.0
2,120,6.237926253613232,5.419331053813959,1.0,0.0,0.0,1.0,1.0,1.0
3,120,10.530694131379414,6.284169753455984,0.0,0.0,0.0,0.0,1.0,1.0
4,120,5.5994805535696255,5.343834803525885,1.0,0.0,1.0,0.0,1.0,1.0
5,120,4.98367816585849,1.0247962906227497,0.0,1.0,0.0,0.0,0.0,0.0
6,120,12.0,4.601211151587813,0.0,1.0,0.0,1.0,1.0,0.0
7,120,1.852561083111763,0.5109752142489656,0.0,1.0,0.0,1.0,0.0,0.0
8,120,11.746401810680412,10.507967143614534,0.0,0.0,0.0,1.0,0.0,0.0
9,120,3.555064828488065,8.577211819291746,1.0,0.0,1.0,0.0,0.0,1.0
10,120,8.731291145053103,10.327634828347987,1.0,0.0,0.0,0.0,1.0,1.0
11,120,5.013568969566889,1.2441147438397897,1.0,0.0,1.0,0.0,0.0,1.0
12,120,9.634949162590532,5.961734125205222,0.0,0.0,1.0,1.0,0.0,0.0
13,120,1.507692909233601,6.996034995031327,0.0,0.0,1.0,0.0,0.0,0.0
14,120,3.605576836020633,3.1035230204688253,1.0,1.0,1.0,0.0,0.0,1.0
15,120,10.9352996475657,4.953372191364122,0.0,0.0,0.0,1.0,1.0,0.0
16,120,5.2373265284158,8.734591690124917,0.0,0.0,0.0,0.0,1.0,1.0
17,120,5.044447421642304,8.36659832848412,0.0,0.0,0.0,0.0,1.0,1.0
18,120,0.5195440001571661,5.028936911190455,0.0,1.0,0.0,0.0,0.0,1.0
19,120,2.4977869848467105,6.810695763479551,0.0,1.0,0.0,0.0,1.0,0.0
0,125,2.498202945225694,7.352629329605421,0.0,0.0,1.0,1.0,1.0,0.0
1,125,11.85404524939889,0.7374084476218546,0.0,0.0,1.0,0.0,0.0,0.0
2,125,6.242047002821995,5.425043127179211,1.0,0.0,0.0,1.0,1.0,1.0
3,125,10.686279170795508,6.221761789561977,0.0,0.0,0.0,0.0,1.0,1.0
4,125,5.556249101652191,5.3650377540324365,1.0,0.0,1.0,0.0,1.0,1.0
5,125,4.982979508235978,1.024790312119667,0.0,1.0,0.0,0.0,0.0,0.0
6,125,12.0,4.620451804972822,0.0,1.0,0.0,1.0,1.0,0.0
7,125,1.85221798457902,0.5096355728392776,0.0,1.0,0.0,1.0,0.0,0.0
8,125,11.75571605666724,10.48994573476301,0.0,0.0,0.0,1.0,0.0,0.0
9,125,3.525096167574442,8.452605336925686,1.0,0.0,1.0,0.0,0.0,1.0
10,125,8.663626019457759,10.29185298111222,1.0,0.0,0.0,0.0,1.0,1.0
11,125,4.910301465556886,1.257252007768393,1.0,0.0,1.0,0.0,0.0,1.0
12,125,9.621452703707366,5.98770202791749,0.0,0.0,1.0,1.0,0.0,0.0
13,125,1.4835077660487876,6.981113071651662,0.0,0.0,1.0,0.0,0.0,0.0
14,125,3.469033899130602,3.247955671728892,1.0,1.0,1.0,0.0,0.0,1.0
15,125,10.926040369301806,4.916847770381712,0.0,0.0,0.0,1.0,1.0,0.0
16,125,5.242227263505042,8.746680037657738,0.0,0.0,0.0,0.0,1.0,1.0
17,125,5.098799814349407,8.493324339408472,0.0,0.0,0.0,0.0,1.0,1.0
18,125,0.5458607706248501,5.088769232577971,0.0,1.0,0.0,0.0,0.0,1.0
19,125,2.591361565695754,6.797655577212948,0.0,1.0,0.0,0.0,1.0,0.0
0,130,2.444936330188792,7.398953578734504,0.0,0.0,1.0,1.0,1.0,0.0
1,130,11.847553358977358,0.690629974906013,0.0,0.0,1.0,0.0,0.0,0.0
2,130,6.250645522367181,5.436421085342182,1.0,0.0,0.0,1.0,1.0,1.0
3,130,10.84718477003811,6.158957071324776,0.0,0.0,0.0,0.0,1.0,1.0
4,130,5.514839372967857,5.386089181704514,1.0,0.0,1.0,0.0,1.0,1.0
5,130,4.972438354319514,1.0246236046239094,0.0,1.0,0.0,0.0,0.0,0.0
6,130,12.0,4.635554643077971,0.0,1.0,0.0,1.0,1.0,0.0
7,130,1.8511797679240471,0.5052771429877433,0.0,1.0,0.0,1.0,0.0,0.0
8,130,11.766285447420822,10.470260457145772,0.0,0.0,0.0,1.0,0.0,0.0
9,130,3.494825803226368,8.332167968433652,1.0,0.0,1.0,0.0,0.0,1.0
10,130,8.60517130211573,10.261171684980544,1.0,0.0,0.0,0.0,1.0,1.0
11,130,4.817270731598088,1.2675339683065483,1.0,0.0,1.0,0.0,0.0,1.0
12,130,9.615101619528772,5.999437710591047,0.0,0.0,1.0,1.0,0.0,0.0
13,130,1.457733710294249,6.965004359285103,0.0,0.0,1.0,0.0,0.0,0.0
14,130,3.3373966890212663,3.377428948400385,1.0,1.0,1.0,0.0,0.0,1.0
15,130,10.918356123504688,4.885877488471619,0.0,0.0,0.0,1.0,1.0,0.0
16,130,5.24199877792435,8.74609780611654,0.0,0.0,0.0,0.0,1.0,1.0
17,130,5.149035976393916,8.609845221783239,0.0,0.0,0.0,0.0,1.0,1.0
18,130,0.5670743701467726,5.137396049266954,0.0,1.0,0.0,0.0,0.0,1.0
19,130,2.6936045445298307,6.784805666369597,0.0,1.0,0.0,0.0,1.0,0.0
0,135,2.3985279425559365,7.438024409217073,0.0,0.0,1.0,1.0,1.0,0.0
1,135,11.842247403369951,0.6494149060526946,0.0,0.0,1.0,0.0,0.0,0.0
2,135,6.249650696180319,5.435169393612076,1.0,0.0,0.0,1.0,1.0,1.0
3,135,11.017192874614956,6.087706700305166,0.0,0.0,0.0,0.0,1.0,1.0
4,135,5.483361795372903,5.402366411966303,1.0,0.0,1.0,0.0,1.0,1.0
5,135,4.952912128513133,1.0246877473342666,0.0,1.0,0.0,0.0,0.0,0.0
6,135,12.0,4.65060132943357,0.0,1.0,0.0,1.0,1.0,0.0
7,135,1.8505278364024569,0.5027945499599656,0.0,1.0,0.0,1.0,0.0,0.0
8,135,11.776034728630384,10.45125772443814,0.0,0.0,0.0,1.0,0.0,0.0
9,135,3.46611897082477,8.212040998290247,1.0,0.0,1.0,0.0,0.0,1.0
10,135,8.530280858071771,10.218701657394773,1.0,0.0,0.0,0.0,1.0,1.0
11,135,4.693046314616686,1.2837804494754927,1.0,0.0,1.0,0.0,0.0,1.0
12,135,9.58875136608136,6.05048095936248,0.0,0.0,1.0,1.0,0.0,0.0
13,135,1.4229921253739253,6.943526918041364,0.0,0.0,1.0,0.0,0.0,0.0
14,135,3.2158331392620934,3.50050300410313,1.0,1.0,1.0,0.0,0.0,1.0
15,135,10.91409898127261,4.868980581180628,0.0,0.0,0.0,1.0,1.0,0.0
16,135,5.237694665484077,8.735412829590294,0.0,0.0,0.0,0.0,1.0,1.0
17,135,5.1971969793492745,8.717755406774437,0.0,0.0,0.0,0.0,1.0,1.0
18,135,0.5855744951365822,5.180076090506392,0.0,1.0,0.0,0.0,0.0,1.0
19,135,2.812500080606335,6.768654082331107,0.0,1.0,0.0,0.0,1.0,0.0
0,140,2.3441952790962035,7.484921778543673,0.0,0.0,1.0,1.0,1.0,0.0
1,140,11.83218287165771,0.5813944541218007,0.0,0.0,1.0,0.0,0.0,0.0
2,140,6.237596743469682,5.419556615369922,1.0,0.0,0.0,1.0,1.0,1.0
3,140,11.182056513929204,6.018161242882633,0.0,0.0,0.0,0.0,1.0,1.0
4,140,5.450840170050525,5.419631193557763,1.0,0.0,1.0,0.0,1.0,1.0
5,140,4.915096678290829,1.0239131416937644,0.0,1.0,0.0,0.0,0.0,0.0
6,140,12.0,4.670166090120325,0.0,1.0,0.0,1.0,1.0,0.0
7,140,1.847180638483061,0.4902532794808638,0.0,1.0,0.0,1.0,0.0,0.0
8,140,11.784689789066386,10.435470553324649,0.0,0.0,0.0,1.0,0.0,0.0
9,140,3.4376341793236302,8.094952840216422,1.0,0.0,1.0,0.0,0.0,1.0
10,140,8.443582106942891,10.168734716798404,1.0,0.0,0.0,0.0,1.0,1.0
11,140,4.582571626134153,1.2997572812619504,1.0,0.0,1.0,0.0,0.0,1.0
12,140,9.546993681554731,6.130012895024121,0.0,0.0,1.0,1.0,0.0,0.0
13,140,1.3844231930800397,6.919057769989699,0.0,0.0,1.0,0.0,0.0,0.0
14,140,3.0989045181259427,3.609973442491388,1.0,1.0,1.0,0.0,0.0,1.0
15,140,10.9078711738943,4.841582710440719,0.0,0.0,0.0,1.0,1.0,0.0
16,140,5.23169647731707,8.719958730771731,0.0,0.0,0.0,0.0,1.0,1.0
17,140,5.254231360441726,8.83763291415598,0.0,0.0,0.0,0.0,1.0,1.0
18,140,0.6092650063662117,5.234311298814146,0.0,1.0,0.0,0.0,0.0,1.0
19,140,2.941679039271029,6.753842437378891,0.0,1.0,0.0,0.0,1.0,0.0
0,145,2.3029805681668947,7.5195040069648655,0.0,0.0,1.0,1.0,1.0,0.0
1,145,11.819476259300313,0.5172163564725244,0.0,0.0,1.0,0.0,0.0,0.0
2,145,6.23415996375015,5.415018322339948,1.0,0.0,0.0,1.0,1.0,1.0
3,145,11.335628888766164,5.95618925120598,0.0,0.0,0.0,0.0,1.0,1.0
4,145,5.428892863141426,5.431819788350239,1.0,0.0,1.0,0.0,1.0,1.0
5,145,4.886410436273783,1.0232485183104905,0.0,1.0,0.0,0.0,0.0,0.0
6,145,12.0,4.692112044657067,0.0,1.0,0.0,1.0,1.0,0.0
7,145,1.8463921331685085,0.4871853896145979,0.0,1.0,0.0,1.0,0.0,0.0
8,145,11.804573907665716,10.40135207948114,0.0,0.0,0.0,1.0,0.0,0.0
9,145,3.409006422438971,7.9774538689469905,1.0,0.0,1.0,0.0,0.0,1.0
10,145,8.358972383604558,10.122129172511286,1.0,0.0,0.0,0.0,1.0,1.0
11,145,4.462344819796976,1.3185581222119762,1.0,0.0,1.0,0.0,0.0,1.0
12,145,9.508092417557052,6.20228799764288,0.0,0.0,1.0,1.0,0.0,0.0
13,145,1.368850848282058,6.909417691191984,0.0,0.0,1.0,0.0,0.0,0.0
14,145,2.987672848557253,3.7111675391861225,1.0,1.0,1.0,0.0,0.0,1.0
15,145,10.903647084748629,4.821772691580411,0.0,0.0,0.0,1.0,1.0,0.0
16,145,5.225369522817236,8.703885181984178,0.0,0.0,0.0,0.0,1.0,1.0
17,145,5.322659455131297,8.985802026231303,0.0,0.0,0.0,0.0,1.0,1.0
18,145,0.6363781878640251,5.291655671690079,0.0,1.0,0.0,0.0,0.0,1.0
19,145,3.070109016772653,6.738602239975642,0.0,1.0,0.0,0.0,1.0,0.0
0,150,2.247521790530301,7.564372852966789,0.0,0.0,1.0,1.0,1.0,0.0
1,150,11.805748331365123,0.4394988937858326,0.0,0.0,1.0,0.0,0.0,0.0
2,150,6.227291662769185,5.406069344772897,1.0,0.0,0.0,1.0,1.0,1.0
3,150,11.478743411064489,5.898298233703725,0.0,0.0,0.0,0.0,1.0,1.0
4,150,5.395069011435807,5.45159829769864,1.0,0.0,1.0,0.0,1.0,1.0
5,150,4.873199290774373,1.023199182780266,0.0,1.0,0.0,0.0,0.0,0.0
6,150,12.0,4.710536297708011,0.0,1.0,0.0,1.0,1.0,0.0
7,150,1.8417135372045832,0.4695951933536299,0.0,1.0,0.0,1.0,0.0,0.0
8,150,11.820535164025364,10.375160248941285,0.0,0.0,0.0,1.0,0.0,0.0
9,150,3.3740171450837373,7.844388504962289,1.0,0.0,1.0,0.0,0.0,1.0
10,150,8.263540577171515,10.071341112282498,1.0,0.0,0.0,0.0,1.0,1.0
11,150,4.364402302830101,1.333719332778363,1.0,0.0,1.0,0.0,0.0,1.0
12,150,9.470152762196095,6.272275410178139,0.0,0.0,1.0,1.0,0.0,0.0
13,150,1.3560608533574237,6.901713806183801,0.0,0.0,1.0,0.0,0.0,0.0
14,150,3.088170130664863,3.8213646651820974,1.0,1.0,1.0,0.0,0.0,1.0
15,150,10.903650519947046,4.821791564439221,0.0,0.0,0.0,1.0,1.0,0.0
16,150,5.22241055380847,8.69685754512738,0.0,0.0,0.0,0.0,1.0,1.0
17,150,5.400855814443471,9.150545778413774,0.0,0.0,0.0,0.0,1.0,1.0
18,150,0.6721045653671033,5.367365337431967,0.0,1.0,0.0,0.0,0.0,1.0
19,150,3.210366227284465,6.719198825908741,0.0,1.0,0.0,0.0,1.0,0.0
0,155,2.2009242315933544,7.600356656420963,0.0,0.0,1.0,1.0,1.0,0.0
1,155,11.716451389771136,0.4550074027855104,0.0,0.0,1.0,0.0,0.0,0.0
2,155,6.223384391013942,5.400898363525274,1.0,0.0,0.0,1.0,1.0,1.0
3,155,11.620029218031895,5.840005445185144,0.0,0.0,0.0,0.0,1.0,1.0
4,155,5.354568173687219,5.4758373684482295,1.0,0.0,1.0,0.0,1.0,1.0
5,155,4.863249303504896,1.023374350751595,0.0,1.0,0.0,0.0,0.0,0.0
6,155,12.0,4.718645266046658,0.0,1.0,0.0,1.0,1.0,0.0
7,155,1.8379130084537625,0.4568134025633911,0.0,1.0,0.0,1.0,0.0,0.0
8,155,11.834074087522872,10.35241497401742,0.0,0.0,0.0,1.0,0.0,0.0
9,155,3.333013272880014,7.698194260720855,1.0,0.0,1.0,0.0,0.0,1.0
10,155,8.159305294994386,10.010651357370117,1.0,0.0,0.0,0.0,1.0,1.0
11,155,4.290096912677255,1.3454282752958202,1.0,0.0,1.0,0.0,0.0,1.0
12,155,9.445859695881836,6.31753460115273,0.0,0.0,1.0,1.0,0.0,0.0
13,155,1.335094863837024,6.888814241148333,0.0,0.0,1.0,0.0,0.0,0.0
14,155,3.2042720297347,3.94350479006734,1.0,1.0,1.0,0.0,0.0,1.0
15,155,10.905351577579824,4.831017068920603,0.0,0.0,0.0,1.0,1.0,0.0
16,155,5.209773788491089,8.667797902594657,0.0,0.0,0.0,0.0,1.0,1.0
17,155,5.477291219881756,9.30500383483156,0.0,0.0,0.0,0.0,1.0,1.0
18,155,0.700137315350029,5.426403856144392,0.0,1.0,0.0,0.0,0.0,1.0
19,155,3.364317914614034,6.694379574972594,0.0,1.0,0.0,0.0,1.0,0.0
0,160,2.171103360096475,7.623979314144332,0.0,0.0,1.0,1.0,1.0,0.0
1,160,11.64030481686052,0.4674150885109394,0.0,0.0,1.0,0.0,0.0,0.0
2,160,6.227377723676405,5.405910655882448,1.0,0.0,0.0,1.0,1.0,1.0
3,160,11.773895175432273,5.771745904003439,0.0,0.0,0.0,0.0,1.0,1.0
4,160,5.317681270165634,5.497219179074891,1.0,0.0,1.0,0.0,1.0,1.0
5,160,4.835964433180321,1.024418562412311,0.0,1.0,0.0,0.0,0.0,0.0
6,160,12.0,4.71921200149145,0.0,1.0,0.0,1.0,1.0,0.0
7,160,1.8387505057311484,0.4595148989674108,0.0,1.0,0.0,1.0,0.0,0.0
8,160,11.85826947260987,10.3137219771195,0.0,0.0,0.0,1.0,0.0,0.0
9,160,3.2946751739979625,7.570903111836288,1.0,0.0,1.0,0.0,0.0,1.0
10,160,8.057877746425547,9.952655392891767,1.0,0.0,0.0,0.0,1.0,1.0
11,160,4.180255507656812,1.361690372570553,1.0,0.0,1.0,0.0,0.0,1.0
12,160,9.425525921405344,6.354988605095527,0.0,0.0,1.0,1.0,0.0,0.0
13,160,1.312316151052414,6.875020411990169,0.0,0.0,1.0,0.0,0.0,0.0
14,160,3.32193677791376,4.067005335170979,1.0,1.0,1.0,0.0,0.0,1.0
15,160,10.90794595676622,4.8479682201074334,0.0,0.0,0.0,1.0,1.0,0.0
16,160,5.1956884735373965,8.632522390770411,0.0,0.0,0.0,0.0,1.0,1.0
17,160,5.548870944204064,9.441335213359263,0.0,0.0,0.0,0.0,1.0,1.0
18,160,0.7270821400839713,5.484890044562936,0.0,1.0,0.0,0.0,0.0,1.0
19,160,3.49560214837104,6.671989028665722,0.0,1.0,0.0,0.0,1.0,0.0
0,165,2.146066332187674,7.643800198268038,0.0,0.0,1.0,1.0,1.0,0.0
1,165,11.558719410133175,0.4781265207600093,0.0,0.0,1.0,0.0,0.0,0.0
2,165,6.219138717473638,5.395661274296169,1.0,0.0,0.0,1.0,1.0,1.0
3,165,11.936940015634615,5.702242937753845,0.0,0.0,0.0,0.0,1.0,1.0
4,165,5.286266245880193,5.515417709566065,1.0,0.0,1.0,0.0,1.0,1.0
5,165,4.802170369762202,1.0254446166144435,0.0,1.0,0.0,0.0,0.0,0.0
6,165,12.0,4.720584564606782,0.0,1.0,0.0,1.0,1.0,0.0
7,165,1.84322595668212,0.4730688232549826,0.0,1.0,0.0,1.0,0.0,0.0
8,165,11.808341635108276,10.283144086179,0.0,0.0,0.0,1.0,0.0,0.0
9,165,3.253887855131436,7.437392118194797,1.0,0.0,1.0,0.0,0.0,1.0
10,165,7.95680614253264,9.895558090918948,1.0,0.0,0.0,0.0,1.0,1.0
11,165,4.079174426313561,1.3783902560892924,1.0,0.0,1.0,0.0,0.0,1.0
12,165,9.406456482956976,6.390449127022851,0.0,0.0,1.0,1.0,0.0,0.0
13,165,1.300372672043559,6.867700975402709,0.0,0.0,1.0,0.0,0.0,0.0
14,165,3.4109788610608387,4.167117017342465,1.0,1.0,1.0,0.0,0.0,1.0
15,165,10.90769359573417,4.846422130689562,0.0,0.0,0.0,1.0,1.0,0.0
16,165,5.230105561180493,8.619112355215297,0.0,0.0,0.0,0.0,1.0,1.0
17,165,5.6179077859825535,9.56470947886446,0.0,0.0,0.0,0.0,1.0,1.0
18,165,0.7522163801705196,5.53613638638482,0.0,1.0,0.0,0.0,0.0,1.0
19,165,3.6265828426029136,6.648611265458807,0.0,1.0,0.0,0.0,1.0,0.0
0,170,2.1190158090072537,7.665418316266883,0.0,0.0,1.0,1.0,1.0,0.0
1,170,11.473554969850705,0.489837693281032,0.0,0.0,1.0,0.0,0.0,0.0
2,170,6.20200145313694,5.374409201052417,1.0,0.0,0.0,1.0,1.0,1.0
3,170,12.0,5.629065350197556,0.0,0.0,0.0,0.0,1.0,1.0
4,170,5.258304687134619,5.532188504328206,1.0,0.0,1.0,0.0,1.0,1.0
5,170,4.764322118431343,1.0270179170136835,0.0,1.0,0.0,0.0,0.0,0.0
6,170,12.0,4.723441813252736,0.0,1.0,0.0,1.0,1.0,0.0
7,170,1.8457882955944385,0.4808358197135525,0.0,1.0,0.0,1.0,0.0,0.0
8,170,11.758063778005312,10.253244711222044,0.0,0.0,0.0,1.0,0.0,0.0
9,170,3.2191652277299,7.30321560203576,1.0,0.0,1.0,0.0,0.0,1.0
10,170,7.841187323775276,9.82694286242639,1.0,0.0,0.0,0.0,1.0,1.0
11,170,3.972871854331407,1.3966744760185328,1.0,0.0,1.0,0.0,0.0,1.0
12,170,9.384895392660438,6.430774032380839,0.0,0.0,1.0,1.0,0.0,0.0
13,170,1.28725530725843,6.859271122697911,0.0,0.0,1.0,0.0,0.0,0.0
14,170,3.506004523474929,4.272180500720427,1.0,1.0,1.0,0.0,0.0,1.0
15,170,10.90384236892142,4.828664725903167,0.0,0.0,0.0,1.0,1.0,0.0
16,170,5.303529505794296,8.591598920760052,0.0,0.0,0.0,0.0,1.0,1.0
17,170,5.6829475672147165,9.677927225658328,0.0,0.0,0.0,0.0,1.0,1.0
18,170,0.7852492073211669,5.601066760643322,0.0,1.0,0.0,0.0,0.0,1.0
19,170,3.7739672143547423,6.622067278718183,0.0,1.0,0.0,0.0,1.0,0.0
0,175,2.100598993756769,7.680634801133904,0.0,0.0,1.0,1.0,1.0,0.0
1,175,11.395264142596355,0.4979499576986902,0.0,0.0,1.0,0.0,0.0,0.0
2,175,6.185679656585575,5.353899310654363,1.0,0.0,0.0,1.0,1.0,1.0
3,175,12.0,5.553462161302781,0.0,0.0,0.0,0.0,1.0,1.0
4,175,5.220519491988775,5.555677149269707,1.0,0.0,1.0,0.0,1.0,1.0
5,175,4.739144310519489,1.028244506935503,0.0,1.0,0.0,0.0,0.0,0.0
6,175,12.0,4.733663644955749,0.0,1.0,0.0,1.0,1.0,0.0
7,175,1.843721453806255,0.4747095126259298,0.0,1.0,0.0,1.0,0.0,0.0
8,175,11.696363355040043,10.219005920212256,0.0,0.0,0.0,1.0,0.0,0.0
9,175,3.192484345236701,7.188158273643385,1.0,0.0,1.0,0.0,0.0,1.0
10,175,7.720508759225104,9.756721908639582,1.0,0.0,0.0,0.0,1.0,1.0
11,175,3.863077197303868,1.4148589182882512,1.0,0.0,1.0,0.0,0.0,1.0
12,175,9.359886292795323,6.477730150753293,0.0,0.0,1.0,1.0,0.0,0.0
13,175,1.299226046068758,6.866621626481459,0.0,0.0,1.0,0.0,0.0,0.0
14,175,3.614127734933275,4.391173201036345,1.0,1.0,1.0,0.0,0.0,1.0
15,175,10.89951870692296,4.808696666219818,0.0,0.0,0.0,1.0,1.0,0.0
16,175,5.39366803896917,8.558618106909465,0.0,0.0,0.0,0.0,1.0,1.0
17,175,5.7479243815223775,9.791893244129492,0.0,0.0,0.0,0.0,1.0,1.0
18,175,0.8178982599090602,5.667815884253648,0.0,1.0,0.0,0.0,0.0,1.0
19,175,3.942539584917588,6.5927990649184895,0.0,1.0,0.0,0.0,1.0,0.0
0,180,2.076685117319241,7.700117034186099,0.0,0.0,1.0,1.0,1.0,0.0
1,180,11.32890354021263,0.5056236855906449,0.0,0.0,1.0,0.0,0.0,0.0
2,180,6.170088937479168,5.367241679187043,1.0,0.0,0.0,1.0,1.0,1.0
3,180,12.0,5.478079701152714,0.0,0.0,0.0,0.0,1.0,1.0
4,180,5.17211140140809,5.585669753456102,1.0,0.0,1.0,0.0,1.0,1.0
5,180,4.705986426694079,1.0302799758952013,0.0,1.0,0.0,0.0,0.0,0.0
6,180,12.0,4.745063696865833,0.0,1.0,0.0,1.0,1.0,0.0
7,180,1.8374665343011567,0.4554479406948062,0.0,1.0,0.0,1.0,0.0,0.0
8,180,11.638933543284532,10.186785189754463,0.0,0.0,0.0,1.0,0.0,0.0
9,180,3.164727891110196,7.0803822468683615,1.0,0.0,1.0,0.0,0.0,1.0
10,180,7.595206157148992,9.685453712615296,1.0,0.0,0.0,0.0,1.0,1.0
11,180,3.76001194168348,1.4296443309973657,1.0,0.0,1.0,0.0,0.0,1.0
12,180,9.3303803145419,6.530139735226137,0.0,0.0,1.0,1.0,0.0,0.0
13,180,1.313282460018604,6.875339263882424,0.0,0.0,1.0,0.0,0.0,0.0
14,180,3.731142590314836,4.521181144286722,1.0,1.0,1.0,0.0,0.0,1.0
15,180,10.897794936393849,4.800618193111793,0.0,0.0,0.0,1.0,1.0,0.0
16,180,5.491438207758112,8.52545467850116,0.0,0.0,0.0,0.0,1.0,1.0
17,180,5.813046358671886,9.904580192027788,0.0,0.0,0.0,0.0,1.0,1.0
18,180,0.848959483967724,5.729409536663621,0.0,1.0,0.0,0.0,0.0,1.0
19,180,4.096246233677068,6.569393884513977,0.0,1.0,0.0,0.0,1.0,0.0
0,185,2.044867467472645,7.7260446378226835,0.0,0.0,1.0,1.0,1.0,0.0
1,185,11.261342631899362,0.5128881725653313,0.0,0.0,1.0,0.0,0.0,0.0
2,185,6.144705195842873,5.388200112077641,1.0,0.0,0.0,1.0,1.0,1.0
3,185,12.0,5.40292880848272,0.0,0.0,0.0,0.0,1.0,1.0
4,185,5.123083117719906,5.617345728209216,1.0,0.0,1.0,0.0,1.0,1.0
5,185,4.66495708487534,1.0321898400387943,0.0,1.0,0.0,0.0,0.0,0.0
6,185,12.0,4.748276041953201,0.0,1.0,0.0,1.0,1.0,0.0
7,185,1.8248640755357384,0.4156344244487427,0.0,1.0,0.0,1.0,0.0,0.0
8,185,11.57767643553126,10.153466009012512,0.0,0.0,0.0,1.0,0.0,0.0
9,185,3.137423581689215,6.969631047930581,1.0,0.0,1.0,0.0,0.0,1.0
10,185,7.472387648500914,9.614453957861144,1.0,0.0,0.0,0.0,1.0,1.0
11,185,3.6402984276850057,1.4456442470407145,1.0,0.0,1.0,0.0,0.0,1.0
12,185,9.297943431341054,6.586904730073327,0.0,0.0,1.0,1.0,0.0,0.0
13,185,1.3439903112066944,6.895230835487142,0.0,0.0,1.0,0.0,0.0,0.0
14,185,3.863705519702009,4.669103189753029,1.0,1.0,1.0,0.0,0.0,1.0
15,185,10.898094897983828,4.801988222973276,0.0,0.0,0.0,1.0,1.0,0.0
16,185,5.607294117896423,8.48427227236602,0.0,0.0,0.0,0.0,1.0,1.0
17,185,5.875226976113932,10.017950156820554,0.0,0.0,0.0,0.0,1.0,1.0
18,185,0.8917316074128934,5.81358748012081,0.0,1.0,0.0,0.0,0.0,1.0
19,185,4.254902344767067,6.553567140132163,0.0,1.0,0.0,0.0,1.0,0.0
0,190,2.0168783275858653,7.748504873710926,0.0,0.0,1.0,1.0,1.0,0.0
1,190,11.218716514552389,0.5173412565688054,0.0,0.0,1.0,0.0,0.0,0.0
2,190,6.145099739642391,5.387889475212582,1.0,0.0,0.0,1.0,1.0,1.0
3,190,12.0,5.605273480735704,0.0,0.0,0.0,0.0,1.0,1.0
4,190,5.06834694846696,5.6527412926000284,1.0,0.0,1.0,0.0,1.0,1.0
5,190,4.618688630774539,1.033780102562939,0.0,1.0,0.0,0.0,0.0,0.0
6,190,12.0,4.751829482668526,0.0,1.0,0.0,1.0,1.0,0.0
7,190,1.8108417142648512,0.3699089405129378,0.0,1.0,0.0,1.0,0.0,0.0
8,190,11.505344335285384,10.112016722595351,0.0,0.0,0.0,1.0,0.0,0.0
9,190,3.111242441428344,6.867081926599358,1.0,0.0,1.0,0.0,0.0,1.0
10,190,7.354463137469394,9.548052979590633,1.0,0.0,0.0,0.0,1.0,1.0
11,190,3.659794352699247,1.5832063167057713,1.0,0.0,1.0,0.0,0.0,1.0
12,190,9.253608305739451,6.663149912615966,0.0,0.0,1.0,1.0,0.0,0.0
13,190,1.3905327201390338,6.924293800112739,0.0,0.0,1.0,0.0,0.0,0.0
14,190,3.9928931312435663,4.815573290029066,1.0,1.0,1.0,0.0,0.0,1.0
15,190,10.8973658378379,4.797992210189379,0.0,0.0,0.0,1.0,1.0,0.0
16,190,5.70916609814548,8.450135711894024,0.0,0.0,0.0,0.0,1.0,1.0
17,190,5.940072869268673,10.135039141616238,0.0,0.0,0.0,0.0,1.0,1.0
18,190,0.9390483136505045,5.89974460050626,0.0,1.0,0.0,0.0,0.0,1.0
19,190,4.425330493799124,6.53588078857184,0.0,1.0,0.0,0.0,1.0,0.0
0,195,1.9729719972858544,7.782590359948416,0.0,0.0,1.0,1.0,1.0,0.0
1,195,11.1569626255931,0.5251404573102303,0.0,0.0,1.0,0.0,0.0,0.0
2,195,6.16703475127313,5.370604349692252,1.0,0.0,0.0,1.0,1.0,1.0
3,195,12.0,5.806439230505269,0.0,0.0,0.0,0.0,1.0,1.0
4,195,5.015559190052127,5.685495340182286,1.0,0.0,1.0,0.0,1.0,1.0
5,195,4.595428061967662,1.0348501460231558,0.0,1.0,0.0,0.0,0.0,0.0
6,195,12.0,4.754347813641281,0.0,1.0,0.0,1.0,1.0,0.0
7,195,1.7944641555831002,0.3197267994445396,0.0,1.0,0.0,1.0,0.0,0.0
8,195,11.444087588895842,10.076211305083426,0.0,0.0,0.0,1.0,0.0,0.0
9,195,3.081635083551052,6.7446174476893495,1.0,0.0,1.0,0.0,0.0,1.0
10,195,7.254112495596867,9.489931614829109,1.0,0.0,0.0,0.0,1.0,1.0
11,195,3.677923547536982,1.702605373321399,1.0,0.0,1.0,0.0,0.0,1.0
12,195,9.204050598498815,6.746753250188486,0.0,0.0,1.0,1.0,0.0,0.0
13,195,1.413914828621372,6.938654223191759,0.0,0.0,1.0,0.0,0.0,0.0
14,195,4.108114481803039,4.946185363394158,1.0,1.0,1.0,0.0,0.0,1.0
15,195,10.90094394110897,4.818433047047602,0.0,0.0,0.0,1.0,1.0,0.0
16,195,5.79717079420221,8.420712568980106,0.0,0.0,0.0,0.0,1.0,1.0
17,195,6.016443626386166,10.27999794093438,0.0,0.0,0.0,0.0,1.0,1.0
18,195,0.9730616550727488,5.967106525140279,0.0,1.0,0.0,0.0,0.0,1.0
19,195,4.597526567435297,6.514871445575757,0.0,1.0,0.0,0.0,1.0,0.0
0,200,1.9506160175406595,7.800406295121741,0.0,0.0,1.0,1.0,1.0,0.0
1,200,11.08368583652115,0.5340072926455299,0.0,0.0,1.0,0.0,0.0,0.0
2,200,6.200888358738553,5.342943505108791,1.0,0.0,0.0,1.0,1.0,1.0
3,200,12.0,6.004112810802355,0.0,0.0,0.0,0.0,1.0,1.0
4,200,4.9629400860039095,5.717418043800885,1.0,0.0,1.0,0.0,1.0,1.0
5,200,4.589161840908806,1.035111735837413,0.0,1.0,0.0,0.0,0.0,0.0
6,200,12.0,4.754744379974565,0.0,1.0,0.0,1.0,1.0,0.0
7,200,1.7811711323993782,0.2786294678319555,0.0,1.0,0.0,1.0,0.0,0.0
8,200,11.36262689363276,10.03006239298978,0.0,0.0,0.0,1.0,0.0,0.0
9,200,3.0530366644905382,6.61570532221418,1.0,0.0,1.0,0.0,0.0,1.0
10,200,7.147628620157308,9.434435969470313,1.0,0.0,0.0,0.0,1.0,1.0
11,200,3.6917778898275646,1.7970139142053747,1.0,0.0,1.0,0.0,0.0,1.0
12,200,9.14052605430845,6.848227472301253,0.0,0.0,1.0,1.0,0.0,0.0
13,200,1.4287417154251465,6.947469436595736,0.0,0.0,1.0,0.0,0.0,0.0
14,200,4.222019141528925,5.072066261849564,1.0,1.0,1.0,0.0,0.0,1.0
15,200,10.90520137955355,4.846658123563943,0.0,0.0,0.0,1.0,1.0,0.0
16,200,5.8693940307878805,8.394913403931216,0.0,0.0,0.0,0.0,1.0,1.0
17,200,6.100615975327556,10.45078591536137,0.0,0.0,0.0,0.0,1.0,1.0
18,200,0.992430884071372,6.005175555418961,0.0,1.0,0.0,0.0,0.0,1.0
19,200,4.753352090510454,6.504102782918988,0.0,1.0,0.0,0.0,1.0,0.0
0,205,1.9202305951727523,7.822944723913759,0.0,0.0,1.0,1.0,1.0,0.0
1,205,11.020066583538355,0.5424215052011468,0.0,0.0,1.0,0.0,0.0,0.0
2,205,6.229601747850495,5.320463883657262,1.0,0.0,0.0,1.0,1.0,1.0
3,205,12.0,6.213531132082731,0.0,0.0,0.0,0.0,1.0,1.0
4,205,4.914282709896557,5.74859710704309,1.0,0.0,1.0,0.0,1.0,1.0
5,205,4.580792143087305,1.0354866368575848,0.0,1.0,0.0,0.0,0.0,0.0
6,205,11.986863037234066,4.748882725743635,0.0,1.0,0.0,1.0,1.0,0.0
7,205,1.77608519117392,0.2616012235722681,0.0,1.0,0.0,1.0,0.0,0.0
8,205,11.271688644815304,9.975668782488894,0.0,0.0,0.0,1.0,0.0,0.0
9,205,3.027962199159272,6.500564364337676,1.0,0.0,1.0,0.0,0.0,1.0
10,205,7.029894079562874,9.370680090650362,1.0,0.0,0.0,0.0,1.0,1.0
11,205,3.705821189705641,1.898153875384348,1.0,0.0,1.0,0.0,0.0,1.0
12,205,9.086103300299184,6.931625427278544,0.0,0.0,1.0,1.0,0.0,0.0
13,205,1.460655942771291,6.967494908490879,0.0,0.0,1.0,0.0,0.0,0.0
14,205,4.343775561606349,5.201797001236931,1.0,1.0,1.0,0.0,0.0,1.0
15,205,10.908326661062118,4.873624870508548,0.0,0.0,0.0,1.0,1.0,0.0
16,205,5.935778660199959,8.372853768482605,0.0,0.0,0.0,0.0,1.0,1.0
17,205,6.181149443736109,10.612337673359717,0.0,0.0,0.0,0.0,1.0,1.0
18,205,1.0176291499818049,6.054519989710406,0.0,1.0,0.0,0.0,0.0,1.0
19,205,4.906135818583537,6.497738679058065,0.0,1.0,0.0,0.0,1.0,0.0
0,210,1.8946764817231412,7.842312739173638,0.0,0.0,1.0,1.0,1.0,0.0
1,210,10.955643834606017,0.5511804447609224,0.0,0.0,1.0,0.0,0.0,0.0
2,210,6.254330428136888,5.30104096678125,1.0,0.0,0.0,1.0,1.0,1.0
3,210,12.0,6.4080622253896,0.0,0.0,0.0,0.0,1.0,1.0
4,210,4.860611010752851,5.7829256873641866,1.0,0.0,1.0,0.0,1.0,1.0
5,210,4.570011491955073,1.0361977831281497,0.0,1.0,0.0,0.0,0.0,0.0
6,210,11.951402667188283,4.732348113463895,0.0,1.0,0.0,1.0,1.0,0.0
7,210,1.7656645828916118,0.2267311390734137,0.0,1.0,0.0,1.0,0.0,0.0
8,210,11.180886559938424,9.925234137412026,0.0,0.0,0.0,1.0,0.0,0.0
9,210,3.003017839050357,6.390375930087812,1.0,0.0,1.0,0.0,0.0,1.0
10,210,6.917960560377049,9.313009560706574,1.0,0.0,0.0,0.0,1.0,1.0
11,210,3.718252126413341,1.9819843856329344,1.0,0.0,1.0,0.0,0.0,1.0
12,210,9.035186067814244,7.006469758733315,0.0,0.0,1.0,1.0,0.0,0.0
13,210,1.5043185863969522,6.9955693723519925,0.0,0.0,1.0,0.0,0.0,0.0
14,210,4.450298334655797,5.322877040702769,1.0,1.0,1.0,0.0,0.0,1.0
15,210,10.910180763469366,4.897464152459745,0.0,0.0,0.0,1.0,1.0,0.0
16,210,5.9983560846265975,8.35232833938497,0.0,0.0,0.0,0.0,1.0,1.0
17,210,6.257064944893726,10.767247743792211,0.0,0.0,0.0,0.0,1.0,1.0
18,210,1.0418523965999522,6.1018089069728045,0.0,1.0,0.0,0.0,0.0,1.0
19,210,5.056431374987524,6.49419486628535,0.0,1.0,0.0,0.0,1.0,0.0
0,215,1.8753625734632824,7.8577208066552515,0.0,0.0,1.0,1.0,1.0,0.0
1,215,10.86394064123632,0.5596173198610889,0.0,0.0,1.0,0.0,0.0,0.0
2,215,6.28389610433852,5.277165697549624,1.0,0.0,0.0,1.0,1.0,1.0
3,215,12.0,6.610740655872944,0.0,0.0,0.0,0.0,1.0,1.0
4,215,4.79527548666445,5.825061989193296,1.0,0.0,1.0,0.0,1.0,1.0
5,215,4.545307739150018,1.0377636470056713,0.0,1.0,0.0,0.0,0.0,0.0
6,215,11.942050797201247,4.72827708054406,0.0,1.0,0.0,1.0,1.0,0.0
7,215,1.759346267003313,0.2057252226257923,0.0,1.0,0.0,1.0,0.0,0.0
8,215,11.090738621565784,9.874310172263298,0.0,0.0,0.0,1.0,0.0,0.0
9,215,2.978577403291557,6.281125655538088,1.0,0.0,1.0,0.0,0.0,1.0
10,215,6.80598901577135,9.253182355959398,1.0,0.0,0.0,0.0,1.0,1.0
11,215,3.728121177887176,2.052748924088712,1.0,0.0,1.0,0.0,0.0,1.0
12,215,8.996871956184851,7.061869531376334,0.0,0.0,1.0,1.0,0.0,0.0
13,215,1.5401428179865946,7.018775826754857,0.0,0.0,1.0,0.0,0.0,0.0
14,215,4.561758705422481,5.449774784390781,1.0,1.0,1.0,0.0,0.0,1.0
15,215,10.911098370112851,4.910405831175851,0.0,0.0,0.0,1.0,1.0,0.0
16,215,6.066638469143268,8.330040914459623,0.0,0.0,0.0,0.0,1.0,1.0
17,215,6.341037803764573,10.935670217308328,0.0,0.0,0.0,0.0,1.0,1.0
18,215,1.0639658718456466,6.145103996523249,0.0,1.0,0.0,0.0,0.0,1.0
19,215,5.202630371157465,6.485755810311867,0.0,1.0,0.0,0.0,1.0,0.0
0,220,1.86345028349257,7.867680986256477,0.0,0.0,1.0,1.0,1.0,0.0
1,220,10.762038971503015,0.5675211516132486,0.0,0.0,1.0,0.0,0.0,0.0
2,220,6.320268206836605,5.246632896013106,1.0,0.0,0.0,1.0,1.0,1.0
3,220,12.0,6.824904048967522,0.0,0.0,0.0,0.0,1.0,1.0
4,220,4.735040972915698,5.862279764779703,1.0,0.0,1.0,0.0,1.0,1.0
5,220,4.519432958246369,1.0390917530077055,0.0,1.0,0.0,0.0,0.0,0.0
6,220,11.947056322838945,4.7171379665407525,0.0,1.0,0.0,1.0,1.0,0.0
7,220,1.7555612865277042,0.1929420811342174,0.0,1.0,0.0,1.0,0.0,0.0
8,220,11.012729171335549,9.829490070821938,0.0,0.0,0.0,1.0,0.0,0.0
9,220,2.959947026559367,6.194314245721644,1.0,0.0,1.0,0.0,0.0,1.0
10,220,6.698148784552751,9.197852342716716,1.0,0.0,0.0,0.0,1.0,1.0
11,220,3.739498066557961,2.136818028872052,1.0,0.0,1.0,0.0,0.0,1.0
12,220,8.970934976128955,7.096950474160533,0.0,0.0,1.0,1.0,0.0,0.0
13,220,1.5701427430425745,7.040674854983542,0.0,0.0,1.0,0.0,0.0,0.0
14,220,4.672551932668214,5.575729555364832,1.0,1.0,1.0,0.0,0.0,1.0
15,220,10.910887706485696,4.906659736687064,0.0,0.0,0.0,1.0,1.0,0.0
16,220,6.154472831200477,8.301976514712957,0.0,0.0,0.0,0.0,1.0,1.0
17,220,6.430341935978536,11.129965341098467,0.0,0.0,0.0,0.0,1.0,1.0
18,220,1.0860901155847358,6.188838251402224,0.0,1.0,0.0,0.0,0.0,1.0
19,220,5.3479955340878105,6.477681767617059,0.0,1.0,0.0,0.0,1.0,0.0
0,225,1.8653009778482148,7.866102368154997,0.0,0.0,1.0,1.0,1.0,0.0
1,225,10.666662275206594,0.5745084830969519,0.0,0.0,1.0,0.0,0.0,0.0
2,225,6.351418553227532,5.220472821007451,1.0,0.0,0.0,1.0,1.0,1.0
3,225,12.0,7.0402658407119,0.0,0.0,0.0,0.0,1.0,1.0
4,225,4.669736859113463,5.902106769029382,1.0,0.0,1.0,0.0,1.0,1.0
5,225,4.485591776502842,1.0411156660575194,0.0,1.0,0.0,0.0,0.0,0.0
6,225,11.950271829527397,4.710328725189632,0.0,1.0,0.0,1.0,1.0,0.0
7,225,1.7522213976614671,0.1810621248598815,0.0,1.0,0.0,1.0,0.0,0.0
8,225,10.91666041511808,9.773446671059272,0.0,0.0,0.0,1.0,0.0,0.0
9,225,2.869724922627308,6.214985682505248,1.0,0.0,1.0,0.0,0.0,1.0
10,225,6.573972392630323,9.135068201729007,1.0,0.0,0.0,0.0,1.0,1.0
11,225,3.749105001285424,2.22019577435876,1.0,0.0,1.0,0.0,0.0,1.0
12,225,8.947229297459463,7.130450712401713,0.0,0.0,1.0,1.0,0.0,0.0
13,225,1.6042354381438837,7.064881316305238,0.0,0.0,1.0,0.0,0.0,0.0
14,225,4.7952695158746055,5.709842814032388,1.0,1.0,1.0,0.0,0.0,1.0
15,225,10.911144242453124,4.913930103903459,0.0,0.0,0.0,1.0,1.0,0.0
16,225,6.2337160463294055,8.277048684006942,0.0,0.0,0.0,0.0,1.0,1.0
17,225,6.525278995949257,11.322043278453071,0.0,0.0,0.0,0.0,1.0,1.0
18,225,1.1058585134018255,6.228558669559966,0.0,1.0,0.0,0.0,0.0,1.0
19,225,5.476077598907411,6.4719196707604985,0.0,1.0,0.0,0.0,1.0,0.0
0,230,1.8752440753702244,7.857350179024236,0.0,0.0,1.0,1.0,1.0,0.0
1,230,10.584305458122492,0.582112419912023,0.0,0.0,1.0,0.0,0.0,0.0
2,230,6.389141807731518,5.188736885164628,1.0,0.0,0.0,1.0,1.0,1.0
3,230,12.0,7.237853940530323,0.0,0.0,0.0,0.0,1.0,1.0
4,230,4.591759277298239,5.950286508920897,1.0,0.0,1.0,0.0,1.0,1.0
5,230,4.435994676102978,1.0427911831030765,0.0,1.0,0.0,0.0,0.0,0.0
6,230,11.955952180361091,4.698360557849408,0.0,1.0,0.0,1.0,1.0,0.0
7,230,1.7487636775043434,0.1667573135122743,0.0,1.0,0.0,1.0,0.0,0.0
8,230,10.82244692997707,9.716346018686156,0.0,0.0,0.0,1.0,0.0,0.0
9,230,2.771883746978354,6.237318708480264,1.0,0.0,1.0,0.0,0.0,1.0
10,230,6.471017723374552,9.083671632706478,1.0,0.0,0.0,0.0,1.0,1.0
11,230,3.7571887633279366,2.295003049487068,1.0,0.0,1.0,0.0,0.0,1.0
12,230,8.928220559520732,7.157534758060283,0.0,0.0,1.0,1.0,0.0,0.0
13,230,1.64606382628092,7.094580458123678,0.0,0.0,1.0,0.0,0.0,0.0
14,230,4.912162039170405,5.83735435654043,1.0,1.0,1.0,0.0,0.0,1.0
15,230,10.909817592772264,4.8941053184992205,0.0,0.0,0.0,1.0,1.0,0.0
16,230,6.298752480133317,8.253611363781092,0.0,0.0,0.0,0.0,1.0,1.0
17,230,6.615979816354629,11.49768103427662,0.0,0.0,0.0,0.0,1.0,1.0
18,230,1.1303933865220448,6.276144923226761,0.0,1.0,0.0,0.0,0.0,1.0
19,230,5.577018149004401,6.468656377080936,0.0,1.0,0.0,0.0,1.0,0.0
0,235,1.8674776929091903,7.864032834808786,0.0,0.0,1.0,1.0,1.0,0.0
1,235,10.511219446074032,0.5901910336440502,0.0,0.0,1.0,0.0,0.0,0.0
2,235,6.420572672520156,5.1605653384060775,1.0,0.0,0.0,1.0,1.0,1.0
3,235,12.0,7.417092941817143,0.0,0.0,0.0,0.0,1.0,1.0
4,235,4.531524882693409,5.98587481387032,1.0,0.0,1.0,0.0,1.0,1.0
5,235,4.384249397044192,1.0447339550659005,0.0,1.0,0.0,0.0,0.0,0.0
6,235,11.968338230995556,4.6739946985052665,0.0,1.0,0.0,1.0,1.0,0.0
7,235,1.7470560655303862,0.1593698751565151,0.0,1.0,0.0,1.0,0.0,0.0
8,235,10.740170530284038,9.662810300944384,0.0,0.0,0.0,1.0,0.0,0.0
9,235,2.673307717226098,6.264001893415744,1.0,0.0,1.0,0.0,0.0,1.0
10,235,6.353144501065465,9.024649004771256,1.0,0.0,0.0,0.0,1.0,1.0
11,235,3.769537472468462,2.390515903580887,1.0,0.0,1.0,0.0,0.0,1.0
12,235,8.90537555162554,7.192041100479735,0.0,0.0,1.0,1.0,0.0,0.0
13,235,1.699776148969376,7.132085784645496,0.0,0.0,1.0,0.0,0.0,0.0
14,235,5.029068090375245,5.968520858063782,1.0,1.0,1.0,0.0,0.0,1.0
15,235,10.908819708890665,4.874100837252035,0.0,0.0,0.0,1.0,1.0,0.0
16,235,6.358588756353067,8.230711338500294,0.0,0.0,0.0,0.0,1.0,1.0
17,235,6.70948412918597,11.672894113862192,0.0,0.0,0.0,0.0,1.0,1.0
18,235,1.1621101355276169,6.333494131004775,0.0,1.0,0.0,0.0,0.0,1.0
19,235,5.677286712279974,6.467693946482499,0.0,1.0,0.0,0.0,1.0,0.0
0,240,1.8687950637780173,7.862889796702013,0.0,0.0,1.0,1.0,1.0,0.0
1,240,10.456056296940544,0.5962320261682338,0.0,0.0,1.0,0.0,0.0,0.0
2,240,6.471898362451436,5.113383758118959,1.0,0.0,0.0,1.0,1.0,1.0
3,240,12.0,7.615049596023542,0.0,0.0,0.0,0.0,1.0,1.0
4,240,4.480741647406197,6.016473584344175,1.0,0.0,1.0,0.0,1.0,1.0
5,240,4.332554365250887,1.04560064009196,0.0,1.0,0.0,0.0,0.0,0.0
6,240,11.973315400256425,4.664400678409064,0.0,1.0,0.0,1.0,1.0,0.0
7,240,1.744134970359213,0.1475305807410076,0.0,1.0,0.0,1.0,0.0,0.0
8,240,10.668465324336909,9.61324539266698,0.0,0.0,0.0,1.0,0.0,0.0
9,240,2.591448468438271,6.284773828029244,1.0,0.0,1.0,0.0,0.0,1.0
10,240,6.229005919159277,8.961146060029078,1.0,0.0,0.0,0.0,1.0,1.0
11,240,3.777623889252975,2.463309902485081,1.0,0.0,1.0,0.0,0.0,1.0
12,240,8.873030866130176,7.2410369375814145,0.0,0.0,1.0,1.0,0.0,0.0
13,240,1.7444443618260168,7.16195733110923,0.0,0.0,1.0,0.0,0.0,0.0
14,240,5.158769393319945,6.112876964522571,1.0,1.0,1.0,0.0,0.0,1.0
15,240,10.908007869316435,4.848721793812995,0.0,0.0,0.0,1.0,1.0,0.0
16,240,6.414203783091335,8.209062914884413,0.0,0.0,0.0,0.0,1.0,1.0
17,240,6.801493012635266,11.832044540177796,0.0,0.0,0.0,0.0,1.0,1.0
18,240,1.2068148736827602,6.414383934084368,0.0,1.0,0.0,0.0,0.0,1.0
19,240,5.792596514592484,6.464657231225886,0.0,1.0,0.0,0.0,1.0,0.0
0,245,1.8604830350902184,7.870824934547025,0.0,0.0,1.0,1.0,1.0,0.0
1,245,10.400473941838584,0.6024624535345054,0.0,0.0,1.0,0.0,0.0,0.0
2,245,6.526520164933219,5.060198802507065,1.0,0.0,0.0,1.0,1.0,1.0
3,245,12.0,7.811475960507228,0.0,0.0,0.0,0.0,1.0,1.0
4,245,4.42391002926261,6.050055725521445,1.0,0.0,1.0,0.0,1.0,1.0
5,245,4.274683432737454,1.0456007274127648,0.0,1.0,0.0,0.0,0.0,0.0
6,245,11.97160584106737,4.667811181266546,0.0,1.0,0.0,1.0,1.0,0.0
7,245,1.7354974757846495,0.1114370859444747,0.0,1.0,0.0,1.0,0.0,0.0
8,245,10.61502862559428,9.575518595986296,0.0,0.0,0.0,1.0,0.0,0.0
9,245,2.50607616439758,6.30759746765456,1.0,0.0,1.0,0.0,0.0,1.0
10,245,6.115556183258253,8.905909747689128,1.0,0.0,0.0,0.0,1.0,1.0
11,245,3.785973987936969,2.5430814720336063,1.0,0.0,1.0,0.0,0.0,1.0
12,245,8.83034213721307,7.300776564988075,0.0,0.0,1.0,1.0,0.0,0.0
13,245,1.7736724929230123,7.181591718107678,0.0,0.0,1.0,0.0,0.0,0.0
14,245,5.308362561139491,6.278530439316451,1.0,1.0,1.0,0.0,0.0,1.0
15,245,10.907347977087086,4.81952317507327,0.0,0.0,0.0,1.0,1.0,0.0
16,245,6.485540286997907,8.181571574057754,0.0,0.0,0.0,0.0,1.0,1.0
17,245,6.899634621884405,11.994057292364646,0.0,0.0,0.0,0.0,1.0,1.0
18,245,1.2599138449530851,6.505750825586339,0.0,1.0,0.0,0.0,0.0,1.0
19,245,5.891505963287711,6.465252821021591,0.0,1.0,0.0,0.0,1.0,0.0
0,250,1.8632630742289096,7.86802512489172,0.0,0.0,1.0,1.0,1.0,0.0
1,250,10.360189418670508,0.6063620653736708,0.0,0.0,1.0,0.0,0.0,0.0
2,250,6.571930516674482,5.014146057418067,1.0,0.0,0.0,1.0,1.0,1.0
3,250,12.0,8.008549437039203,0.0,0.0,0.0,0.0,1.0,1.0
4,250,4.382342680018003,6.076379747095814,1.0,0.0,1.0,0.0,1.0,1.0
5,250,4.181803045189598,1.0441539976250065,0.0,1.0,0.0,0.0,0.0,0.0
6,250,11.969564513995172,4.671823957320701,0.0,1.0,0.0,1.0,1.0,0.0
7,250,1.727818883406894,0.0743089576966942,0.0,1.0,0.0,1.0,0.0,0.0
8,250,10.537451143912577,9.51938809017841,0.0,0.0,0.0,1.0,0.0,0.0
9,250,2.4152462777062085,6.333245958299298,1.0,0.0,1.0,0.0,0.0,1.0
10,250,6.017183570126832,8.855641762051082,1.0,0.0,0.0,0.0,1.0,1.0
11,250,3.790506941089088,2.59727879116018,1.0,0.0,1.0,0.0,0.0,1.0
12,250,8.794813321008498,7.351467653801871,0.0,0.0,1.0,1.0,0.0,0.0
13,250,1.8099093425881227,7.205269952588858,0.0,0.0,1.0,0.0,0.0,0.0
14,250,5.455539012056576,6.4349716578475,1.0,1.0,1.0,0.0,0.0,1.0
15,250,10.907118669190378,4.805155321316611,0.0,0.0,0.0,1.0,1.0,0.0
16,250,6.564261986041889,8.151149540051506,0.0,0.0,0.0,0.0,1.0,1.0
17,250,6.993813929828787,12.0,0.0,0.0,0.0,0.0,1.0,1.0
18,250,1.301754939152082,6.577228682250077,0.0,1.0,0.0,0.0,0.0,1.0
19,250,5.994019921396489,6.463788007401587,0.0,1.0,0.0,0.0,1.0,0.0
0,255,1.8817979004172445,7.8499284899765245,0.0,0.0,1.0,1.0,1.0,0.0
1,255,10.333756850694646,0.608619172608354,0.0,0.0,1.0,0.0,0.0,0.0
2,255,6.639373854273029,4.945318625758068,1.0,0.0,0.0,1.0,1.0,1.0
3,255,12.0,8.194842691611813,0.0,0.0,0.0,0.0,1.0,1.0
4,255,4.342593480265212,6.10156938238652,1.0,0.0,1.0,0.0,1.0,1.0
5,255,4.084251371766327,1.044139261699863,0.0,1.0,0.0,0.0,0.0,0.0
6,255,11.97068876530443,4.669578348110874,0.0,1.0,0.0,1.0,1.0,0.0
7,255,1.72035279645495,0.0371561875741638,0.0,1.0,0.0,1.0,0.0,0.0
8,255,10.45539260288525,9.458573507888255,0.0,0.0,0.0,1.0,0.0,0.0
9,255,2.340876794974823,6.353854184459887,1.0,0.0,1.0,0.0,0.0,1.0
10,255,5.907268801252987,8.795816372826335,1.0,0.0,0.0,0.0,1.0,1.0
11,255,3.792800608921348,2.63990844957534,1.0,0.0,1.0,0.0,0.0,1.0
12,255,8.766826227407659,7.391762017408832,0.0,0.0,1.0,1.0,0.0,0.0
13,255,1.8383382775290364,7.223556324161695,0.0,0.0,1.0,0.0,0.0,0.0
14,255,5.607958661002751,6.606875727358262,1.0,1.0,1.0,0.0,0.0,1.0
15,255,10.906706271996768,4.770203261454362,0.0,0.0,0.0,1.0,1.0,0.0
16,255,6.638204324983104,8.12371297809293,0.0,0.0,0.0,0.0,1.0,1.0
17,255,7.083229086366743,12.0,0.0,0.0,0.0,0.0,1.0,1.0
18,255,1.3365305441380742,6.63798048521742,0.0,1.0,0.0,0.0,0.0,1.0
19,255,6.112137670233477,6.462331138237721,0.0,1.0,0.0,0.0,1.0,0.0
0,260,1.9020494425091907,7.83041071445306,0.0,0.0,1.0,1.0,1.0,0.0
1,260,10.29270373571629,0.611045258414377,0.0,0.0,1.0,0.0,0.0,0.0
2,260,6.693060293396932,4.889984677631514,1.0,0.0,0.0,1.0,1.0,1.0
3,260,12.0,8.38907526896845,0.0,0.0,0.0,0.0,1.0,1.0
4,260,4.309793476887154,6.121986078902736,1.0,0.0,1.0,0.0,1.0,1.0
5,260,4.010888055755541,1.0421764762885857,0.0,1.0,0.0,0.0,0.0,0.0
6,260,11.965678952328828,4.680346193888948,0.0,1.0,0.0,1.0,1.0,0.0
7,260,1.7107756480249232,0.0,0.0,1.0,0.0,1.0,0.0,0.0
8,260,10.37310401794237,9.396064712309574,0.0,0.0,0.0,1.0,0.0,0.0
9,260,2.280650478194794,6.370810532160096,1.0,0.0,1.0,0.0,0.0,1.0
10,260,5.782352584710304,8.730396842746648,1.0,0.0,0.0,0.0,1.0,1.0
11,260,3.7944091207839015,2.68388850090842,1.0,0.0,1.0,0.0,0.0,1.0
12,260,8.72699165449795,7.364017736800815,0.0,0.0,1.0,1.0,0.0,0.0
13,260,1.859072164241276,7.237410937527696,0.0,0.0,1.0,0.0,0.0,0.0
14,260,5.747727816335742,6.764700958504467,1.0,1.0,1.0,0.0,0.0,1.0
15,260,10.905516656516031,4.736186885599782,0.0,0.0,0.0,1.0,1.0,0.0
16,260,6.708335796439278,8.097513114208258,0.0,0.0,0.0,0.0,1.0,1.0
17,260,7.165851635430831,12.0,0.0,0.0,0.0,0.0,1.0,1.0
18,260,1.3705929280412694,6.693478965482342,0.0,1.0,0.0,0.0,0.0,1.0
19,260,6.232208115003717,6.4607112046223385,0.0,1.0,0.0,0.0,1.0,0.0
0,265,1.934686147292232,7.799559080306897,0.0,0.0,1.0,1.0,1.0,0.0
1,265,10.251940695305343,0.6140348121102345,0.0,0.0,1.0,0.0,0.0,0.0
2,265,6.755981962854221,4.823787316035214,1.0,0.0,0.0,1.0,1.0,1.0
3,265,12.0,8.579207712807433,0.0,0.0,0.0,0.0,1.0,1.0
4,265,4.28417489151496,6.137798036194229,1.0,0.0,1.0,0.0,1.0,1.0
5,265,3.930646299164916,1.0381769533093896,0.0,1.0,0.0,0.0,0.0,0.0
6,265,11.95793379037773,4.696798622046738,0.0,1.0,0.0,1.0,1.0,0.0
7,265,1.7041100795676514,0.0,0.0,1.0,0.0,1.0,0.0,0.0
8,265,10.292538403041632,9.336416454905567,0.0,0.0,0.0,1.0,0.0,0.0
9,265,2.2114493272618505,6.38795324606668,1.0,0.0,1.0,0.0,0.0,1.0
10,265,5.714126451465076,8.86093101067084,1.0,0.0,0.0,0.0,1.0,1.0
11,265,3.795780084501046,2.742026973657216,1.0,0.0,1.0,0.0,0.0,1.0
12,265,8.677885868290506,7.329432298293968,0.0,0.0,1.0,1.0,0.0,0.0
13,265,1.8730650859447,7.246719719989322,0.0,0.0,1.0,0.0,0.0,0.0
14,265,5.8880397965061135,6.918910965191341,1.0,1.0,1.0,0.0,0.0,1.0
15,265,10.904643234735431,4.699346811659952,0.0,0.0,0.0,1.0,1.0,0.0
16,265,6.775379325950196,8.073292945894051,0.0,0.0,0.0,0.0,1.0,1.0
17,265,7.251960596296659,12.0,0.0,0.0,0.0,0.0,1.0,1.0
18,265,1.401104549096078,6.7416580662958365,0.0,1.0,0.0,0.0,0.0,1.0
19,265,6.3627268911928905,6.458177303390151,0.0,1.0,0.0,0.0,1.0,0.0
0,270,1.964654253610497,7.770573800953879,0.0,0.0,1.0,1.0,1.0,0.0
1,270,10.214037358538144,0.6180163449347054,0.0,0.0,1.0,0.0,0.0,0.0
2,270,6.832488600977754,4.743676980383516,1.0,0.0,0.0,1.0,1.0,1.0
3,270,12.0,8.769990447374944,0.0,0.0,0.0,0.0,1.0,1.0
4,270,4.241665079727539,6.163072963348621,1.0,0.0,1.0,0.0,1.0,1.0
5,270,3.8448245958226366,1.0324777124414322,0.0,1.0,0.0,0.0,0.0,0.0
6,270,11.945462206848228,4.724367734761356,0.0,1.0,0.0,1.0,1.0,0.0
7,270,1.6938159330040763,0.0,0.0,1.0,0.0,1.0,0.0,0.0
8,270,10.215276374221911,9.278168632619735,0.0,0.0,0.0,1.0,0.0,0.0
9,270,2.14748187189334,6.403616154085354,1.0,0.0,1.0,0.0,0.0,1.0
10,270,5.643783287096533,8.992310636193237,1.0,0.0,0.0,0.0,1.0,1.0
11,270,3.798364348963727,2.808619132406694,1.0,0.0,1.0,0.0,0.0,1.0
12,270,8.635566962963072,7.30067126070166,0.0,0.0,1.0,1.0,0.0,0.0
13,270,1.8839119345055728,7.253384343792368,0.0,0.0,1.0,0.0,0.0,0.0
14,270,6.033759428087051,7.090598065501905,1.0,1.0,1.0,0.0,0.0,1.0
15,270,10.904375700412643,4.662495776512186,0.0,0.0,0.0,1.0,1.0,0.0
16,270,6.829263759372901,8.053916572485864,0.0,0.0,0.0,0.0,1.0,1.0
17,270,7.342357918211243,12.0,0.0,0.0,0.0,0.0,1.0,1.0
18,270,1.4290692720383262,6.7882175492699455,0.0,1.0,0.0,0.0,0.0,1.0
19,270,6.499268184658709,6.456061673241689,0.0,1.0,0.0,0.0,1.0,0.0
0,275,1.9929735208858368,7.744006616642215,0.0,0.0,1.0,1.0,1.0,0.0
1,275,10.17947202306903,0.622593573278132,0.0,0.0,1.0,0.0,0.0,0.0
2,275,6.894458611546186,4.679214300881804,1.0,0.0,0.0,1.0,1.0,1.0
3,275,12.0,8.928070865961423,0.0,0.0,0.0,0.0,1.0,1.0
4,275,4.182163372322734,6.199549654121342,1.0,0.0,1.0,0.0,1.0,1.0
5,275,3.77848017648418,1.028774431256799,0.0,1.0,0.0,0.0,0.0,0.0
6,275,11.930759813074424,4.755369215949863,0.0,1.0,0.0,1.0,1.0,0.0
7,275,1.6848271675318334,0.0,0.0,1.0,0.0,1.0,0.0,0.0
8,275,10.135691234665876,9.21370832449151,0.0,0.0,0.0,1.0,0.0,0.0
9,275,2.110775012060133,6.4112106420920965,1.0,0.0,1.0,0.0,0.0,1.0
10,275,5.581780054889405,9.1217574823991,1.0,0.0,0.0,0.0,1.0,1.0
11,275,3.8012747806548526,2.85156171028644,1.0,0.0,1.0,0.0,0.0,1.0
12,275,8.590907359876583,7.270121489016676,0.0,0.0,1.0,1.0,0.0,0.0
13,275,1.8883042267038364,7.256287436941734,0.0,0.0,1.0,0.0,0.0,0.0
14,275,6.18361839402873,7.27983565018901,1.0,1.0,1.0,0.0,0.0,1.0
15,275,10.9040380477405,4.626235630947052,0.0,0.0,0.0,1.0,1.0,0.0
16,275,6.903406677767357,8.027163190116331,0.0,0.0,0.0,0.0,1.0,1.0
17,275,7.433787871381044,12.0,0.0,0.0,0.0,0.0,1.0,1.0
18,275,1.4549272651907788,6.833376064173465,0.0,1.0,0.0,0.0,0.0,1.0
19,275,6.628967879281316,6.45531321259884,0.0,1.0,0.0,0.0,1.0,0.0
0,280,2.019013048993629,7.718868340400792,0.0,0.0,1.0,1.0,1.0,0.0
1,280,10.139007041509323,0.6274119381234732,0.0,0.0,1.0,0.0,0.0,0.0
2,280,6.953849445881643,4.6158873418044655,1.0,0.0,0.0,1.0,1.0,1.0
3,280,12.0,9.066647299186137,0.0,0.0,0.0,0.0,1.0,1.0
4,280,4.118562435682375,6.238916084917416,1.0,0.0,1.0,0.0,1.0,1.0
5,280,3.703748499677276,1.0263729222146272,0.0,1.0,0.0,0.0,0.0,0.0
6,280,11.910670881020389,4.799880313243699,0.0,1.0,0.0,1.0,1.0,0.0
7,280,1.6752776858796474,0.0,0.0,1.0,0.0,1.0,0.0,0.0
8,280,10.047807427707202,9.14258863326015,0.0,0.0,0.0,1.0,0.0,0.0
9,280,2.0573318260663043,6.4202646362578815,1.0,0.0,1.0,0.0,0.0,1.0
10,280,5.505334684903762,9.271233176593451,1.0,0.0,0.0,0.0,1.0,1.0
11,280,3.8049601322031306,2.9093785657478586,1.0,0.0,1.0,0.0,0.0,1.0
12,280,8.552331951778005,7.2427796484184865,0.0,0.0,1.0,1.0,0.0,0.0
13,280,1.8934994839604296,7.248115030928236,0.0,0.0,1.0,0.0,0.0,0.0
14,280,6.328309881503806,7.456333421375285,1.0,1.0,1.0,0.0,0.0,1.0
15,280,10.904257907266434,4.588175544138351,0.0,0.0,0.0,1.0,1.0,0.0
16,280,6.961341974111934,8.006914805510739,0.0,0.0,0.0,0.0,1.0,1.0
17,280,7.524026542698291,12.0,0.0,0.0,0.0,0.0,1.0,1.0
18,280,1.485605908228828,6.888905757909457,0.0,1.0,0.0,0.0,0.0,1.0
19,280,6.753127559782793,6.454805925920934,0.0,1.0,0.0,0.0,1.0,0.0
0,285,2.037592915515841,7.700433865263743,0.0,0.0,1.0,1.0,1.0,0.0
1,285,10.093641554673704,0.632130266723806,0.0,0.0,1.0,0.0,0.0,0.0
2,285,7.0122591619013,4.54992220346801,1.0,0.0,0.0,1.0,1.0,1.0
3,285,12.0,9.208134499398213,0.0,0.0,0.0,0.0,1.0,1.0
4,285,4.033118061903917,6.291208998259566,1.0,0.0,1.0,0.0,1.0,1.0
5,285,3.641384500043244,1.0239411848179008,0.0,1.0,0.0,0.0,0.0,0.0
6,285,11.893441288834396,4.8379340559847455,0.0,1.0,0.0,1.0,1.0,0.0
7,285,1.6699830443808743,0.0,0.0,1.0,0.0,1.0,0.0,0.0
8,285,9.96357139449511,9.072329841115348,0.0,0.0,0.0,1.0,0.0,0.0
9,285,1.9993791192166237,6.429291783510086,1.0,0.0,1.0,0.0,0.0,1.0
10,285,5.43233719853811,9.419121575524985,1.0,0.0,0.0,0.0,1.0,1.0
11,285,3.8083047624701662,2.964416543968199,1.0,0.0,1.0,0.0,0.0,1.0
12,285,8.51866581859234,7.219464581683223,0.0,0.0,1.0,1.0,0.0,0.0
13,285,1.8948994395192496,7.245841608031836,0.0,0.0,1.0,0.0,0.0,0.0
14,285,6.477018503083095,7.636970628864685,1.0,1.0,1.0,0.0,0.0,1.0
15,285,10.903516348719352,4.535897025744712,0.0,0.0,0.0,1.0,1.0,0.0
16,285,7.0247746022132365,7.9820109177424445,0.0,0.0,0.0,0.0,1.0,1.0
17,285,7.614574925279355,12.0,0.0,0.0,0.0,0.0,1.0,1.0
18,285,1.5096481333354377,6.9323454872562165,0.0,1.0,0.0,0.0,0.0,1.0
19,285,6.866035918799758,6.453037237133437,0.0,1.0,0.0,0.0,1.0,0.0
0,290,2.036842146450349,7.701174675479235,0.0,0.0,1.0,1.0,1.0,0.0
1,290,10.045660658099752,0.6381572581550541,0.0,0.0,1.0,0.0,0.0,0.0
2,290,7.070220175331144,4.4831805482768905,1.0,0.0,0.0,1.0,1.0,1.0
3,290,12.0,9.33330275261902,0.0,0.0,0.0,0.0,1.0,1.0
4,290,3.941550555065077,6.349323624721015,1.0,0.0,1.0,0.0,1.0,1.0
5,290,3.5770499055663545,1.021097349292592,0.0,1.0,0.0,0.0,0.0,0.0
6,290,11.8573477987553,4.822214968519412,0.0,1.0,0.0,1.0,1.0,0.0
7,290,1.6698622896310438,0.0,0.0,1.0,0.0,1.0,0.0,0.0
8,290,9.87214597725189,8.997460057179028,0.0,0.0,0.0,1.0,0.0,0.0
9,290,1.9283349352146009,6.442747223730874,1.0,0.0,1.0,0.0,0.0,1.0
10,290,5.3506480048878124,9.575396958160646,1.0,0.0,0.0,0.0,1.0,1.0
11,290,3.812893814147232,3.0282200336164187,1.0,0.0,1.0,0.0,0.0,1.0
12,290,8.483400683994995,7.194283206323347,0.0,0.0,1.0,1.0,0.0,0.0
13,290,1.8971167236563853,7.242325317373517,0.0,0.0,1.0,0.0,0.0,0.0
14,290,6.6134759492464985,7.806428784053153,1.0,1.0,1.0,0.0,0.0,1.0
15,290,10.905366140414296,4.4778419646630025,0.0,0.0,0.0,1.0,1.0,0.0
16,290,7.086145536164622,7.958646124629705,0.0,0.0,0.0,0.0,1.0,1.0
17,290,7.708927234016084,12.0,0.0,0.0,0.0,0.0,1.0,1.0
18,290,1.5288103651469775,6.966598972736152,0.0,1.0,0.0,0.0,0.0,1.0
19,290,6.971725752664059,6.449611417123067,0.0,1.0,0.0,0.0,1.0,0.0
0,295,2.030632670297674,7.707445801657471,0.0,0.0,1.0,1.0,1.0,0.0
1,295,9.986455221461792,0.645137783118967,0.0,0.0,1.0,0.0,0.0,0.0
2,295,7.120851010128907,4.425169565026763,1.0,0.0,0.0,1.0,1.0,1.0
3,295,12.0,9.45797086114558,0.0,0.0,0.0,0.0,1.0,1.0
4,295,3.8533290499282793,6.400818431340537,1.0,0.0,1.0,0.0,1.0,1.0
5,295,3.515515766002732,1.0193866154648368,0.0,1.0,0.0,0.0,0.0,0.0
6,295,11.825936180390803,4.807159013042472,0.0,1.0,0.0,1.0,1.0,0.0
7,295,1.67220315356539,0.0107755081904766,0.0,1.0,0.0,1.0,0.0,0.0
8,295,9.781266717918523,8.925699255746903,0.0,0.0,0.0,1.0,0.0,0.0
9,295,1.8497106831607129,6.457555573229696,1.0,0.0,1.0,0.0,0.0,1.0
10,295,5.278850873428399,9.717123763136842,1.0,0.0,0.0,0.0,1.0,1.0
11,295,3.8171976556822425,3.0939197248223542,1.0,0.0,1.0,0.0,0.0,1.0
12,295,8.45040067657235,7.171337978706865,0.0,0.0,1.0,1.0,0.0,0.0
13,295,1.8947444823163428,7.2463238412414865,0.0,0.0,1.0,0.0,0.0,0.0
14,295,6.747145381604973,7.9710968078216755,1.0,1.0,1.0,0.0,0.0,1.0
15,295,10.907223808695504,4.417378764920335,0.0,0.0,0.0,1.0,1.0,0.0
16,295,7.163639227274878,7.930673761916131,0.0,0.0,0.0,0.0,1.0,1.0
17,295,7.8078663778018305,12.0,0.0,0.0,0.0,0.0,1.0,1.0
18,295,1.549374924437594,7.003029461223862,0.0,1.0,0.0,0.0,0.0,1.0
19,295,7.092617543371516,6.444588217396253,0.0,1.0,0.0,0.0,1.0,0.0
