0,0,5.057459236322627,9.03058977640735,0.0,0.0,1.0,1.0,1.0,0.0
1,0,6.052326276510491,10.99917046073868,0.0,0.0,1.0,0.0,0.0,0.0
2,0,10.96158769783332,10.017353844253968,1.0,0.0,0.0,1.0,1.0,1.0
3,0,0.0,7.9572321251351426,0.0,0.0,0.0,0.0,1.0,1.0
4,0,6.943602167400655,4.989195267184421,1.0,0.0,1.0,0.0,1.0,1.0
5,0,11.046392056148964,3.9796817373269295,0.0,1.0,0.0,0.0,0.0,0.0
6,0,0.9517490199782284,6.950026629861213,0.0,1.0,0.0,1.0,1.0,0.0
7,0,5.047914808768286,5.015174524651207,0.0,1.0,0.0,1.0,0.0,0.0
8,0,2.070424425857911,9.007836131145671,0.0,0.0,0.0,1.0,0.0,0.0
9,0,9.947097442533527,10.020917792824209,1.0,0.0,1.0,0.0,0.0,1.0
10,0,4.965682741658611,2.06536949773521,1.0,0.0,0.0,0.0,1.0,1.0
11,0,4.95146637300443,9.030469332253594,1.0,0.0,1.0,0.0,0.0,1.0
12,0,2.0331400555185595,0.0,0.0,0.0,1.0,1.0,0.0,0.0
13,0,3.95301697289498,8.977323695641786,0.0,0.0,1.0,0.0,0.0,0.0
14,0,11.957518764811631,2.994074221254214,1.0,1.0,1.0,0.0,0.0,1.0
15,0,7.009282976521071,1.0354644452589308,0.0,0.0,0.0,1.0,1.0,0.0
16,0,3.959237920176117,4.932024393753377,0.0,0.0,0.0,0.0,1.0,1.0
17,0,9.986053558865809,11.042949649964706,0.0,0.0,0.0,0.0,1.0,1.0
18,0,7.92548544922712,12.0,0.0,1.0,0.0,0.0,0.0,1.0
19,0,2.959181127487636,10.957447997753755,0.0,1.0,0.0,0.0,1.0,0.0
0,5,5.130415501905272,9.06641858254244,0.0,0.0,1.0,1.0,1.0,0.0
1,5,6.1096745979730045,10.99844604535918,0.0,0.0,1.0,0.0,0.0,0.0
2,5,10.922505680160793,10.035085262990238,1.0,0.0,0.0,1.0,1.0,1.0
3,5,0.0,7.918167983900954,0.0,0.0,0.0,0.0,1.0,1.0
4,5,6.910413828289044,4.982732422966718,1.0,0.0,1.0,0.0,1.0,1.0
5,5,11.091952893233117,3.959006042215064,0.0,1.0,0.0,0.0,0.0,0.0
6,5,0.900227641086949,6.893881858680226,0.0,1.0,0.0,1.0,1.0,0.0
7,5,5.096115363951205,5.029587697611423,0.0,1.0,0.0,1.0,0.0,0.0
8,5,2.1086011265954148,9.013263353148664,0.0,0.0,0.0,1.0,0.0,0.0
9,5,9.906306932264869,10.038796901302748,1.0,0.0,1.0,0.0,0.0,1.0
10,5,4.938226383994171,2.1193658779399143,1.0,0.0,0.0,0.0,1.0,1.0
11,5,4.879977711389065,9.075994838191246,1.0,0.0,1.0,0.0,0.0,1.0
12,5,2.053668159994951,0.0,0.0,0.0,1.0,1.0,0.0,0.0
13,5,3.902171706301993,8.954962379995147,0.0,0.0,1.0,0.0,0.0,0.0
14,5,11.911168090440029,2.9868945136805114,1.0,1.0,1.0,0.0,0.0,1.0
15,5,7.013459377874196,1.0522082396182852,0.0,0.0,0.0,1.0,1.0,0.0
16,5,3.909806074121692,4.851371313144281,0.0,0.0,0.0,0.0,1.0,1.0
17,5,9.97482038965647,11.080124326426128,0.0,0.0,0.0,0.0,1.0,1.0
18,5,7.830224894520172,12.0,0.0,1.0,0.0,0.0,0.0,1.0
19,5,2.9228746506661083,10.91752545301894,0.0,1.0,0.0,0.0,1.0,0.0
0,10,5.203317887441749,9.10154382561778,0.0,0.0,1.0,1.0,1.0,0.0
1,10,6.167597081465221,10.997555008120656,0.0,0.0,1.0,0.0,0.0,0.0
2,10,10.85925449008237,10.06434109931626,1.0,0.0,0.0,1.0,1.0,1.0
3,10,0.0,7.86774466209936,0.0,0.0,0.0,0.0,1.0,1.0
4,10,6.870056936323862,4.974581437616807,1.0,0.0,1.0,0.0,1.0,1.0
5,10,11.148868596428263,3.934256091193124,0.0,1.0,0.0,0.0,0.0,0.0
6,10,0.8431227653765659,6.832445908093103,0.0,1.0,0.0,1.0,1.0,0.0
7,10,5.153565644386958,5.047175239290999,0.0,1.0,0.0,1.0,0.0,0.0
8,10,2.1580110134226502,9.01959969586507,0.0,0.0,0.0,1.0,0.0,0.0
9,10,9.869553511771068,10.05576796616913,1.0,0.0,1.0,0.0,0.0,1.0
10,10,4.909224181540788,2.180251171242782,1.0,0.0,0.0,0.0,1.0,1.0
11,10,4.829015661757727,9.108557800337817,1.0,0.0,1.0,0.0,0.0,1.0
12,10,2.077562951245836,0.0,0.0,0.0,1.0,1.0,0.0,0.0
13,10,3.830960690347317,8.921344501614668,0.0,0.0,1.0,0.0,0.0,0.0
14,10,11.850311839090766,2.9757177939660364,1.0,1.0,1.0,0.0,0.0,1.0
15,10,7.026944933766191,1.1060187136402162,0.0,0.0,0.0,1.0,1.0,0.0
16,10,3.857965794199448,4.765212418863752,0.0,0.0,0.0,0.0,1.0,1.0
17,10,9.96280938602674,11.118559327333342,0.0,0.0,0.0,0.0,1.0,1.0
18,10,7.7392094459384735,12.0,0.0,1.0,0.0,0.0,0.0,1.0
19,10,2.890214482817989,10.882879387062095,0.0,1.0,0.0,0.0,1.0,0.0
0,15,5.275271394256355,9.13761196340575,0.0,0.0,1.0,1.0,1.0,0.0
1,15,6.233813424291919,10.994773891279086,0.0,0.0,1.0,0.0,0.0,0.0
2,15,10.777809602107796,10.102905050421972,1.0,0.0,0.0,1.0,1.0,1.0
3,15,0.0,7.821977466503281,0.0,0.0,0.0,0.0,1.0,1.0
4,15,6.839563355789194,4.968417256719299,1.0,0.0,1.0,0.0,1.0,1.0
5,15,11.208086195954222,3.908449545336425,0.0,1.0,0.0,0.0,0.0,0.0
6,15,0.7836477868868835,6.768823867632029,0.0,1.0,0.0,1.0,1.0,0.0
7,15,5.202754178111278,5.062057816547287,0.0,1.0,0.0,1.0,0.0,0.0
8,15,2.199519226432146,9.025710351830286,0.0,0.0,0.0,1.0,0.0,0.0
9,15,9.826551011599715,10.075674936038446,1.0,0.0,1.0,0.0,0.0,1.0
10,15,4.877820618947376,2.250200475465163,1.0,0.0,0.0,0.0,1.0,1.0
11,15,4.790872892803716,9.134528505991456,1.0,0.0,1.0,0.0,0.0,1.0
12,15,2.115395618345564,0.0,0.0,0.0,1.0,1.0,0.0,0.0
13,15,3.732953392973032,8.877678945179433,0.0,0.0,1.0,0.0,0.0,0.0
14,15,11.790981597654392,2.9638821134460764,1.0,1.0,1.0,0.0,0.0,1.0
15,15,7.03457988253649,1.1405174251952472,0.0,0.0,0.0,1.0,1.0,0.0
16,15,3.7893521463278272,4.654901855090304,0.0,0.0,0.0,0.0,1.0,1.0
17,15,9.944243917013408,11.17755635308954,0.0,0.0,0.0,0.0,1.0,1.0
18,15,7.634293891329736,12.0,0.0,1.0,0.0,0.0,0.0,1.0
19,15,2.8530995951814875,10.844106702754004,0.0,1.0,0.0,0.0,1.0,0.0
0,20,5.340528681193328,9.170178962625467,0.0,0.0,1.0,1.0,1.0,0.0
1,20,6.293813540438697,10.990409678928309,0.0,0.0,1.0,0.0,0.0,0.0
2,20,10.687927830182936,10.148824580480992,1.0,0.0,0.0,1.0,1.0,1.0
3,20,0.0,7.774756373745205,0.0,0.0,0.0,0.0,1.0,1.0
4,20,6.812413419623506,4.963094205838162,1.0,0.0,1.0,0.0,1.0,1.0
5,20,11.252619045680724,3.887740843575689,0.0,1.0,0.0,0.0,0.0,0.0
6,20,0.7328697222900075,6.715234176490459,0.0,1.0,0.0,1.0,1.0,0.0
7,20,5.271403121678893,5.082254997976923,0.0,1.0,0.0,1.0,0.0,0.0
8,20,2.2545238566136323,9.03222612235897,0.0,0.0,0.0,1.0,0.0,0.0
9,20,9.781465038656068,10.097487303320596,1.0,0.0,1.0,0.0,0.0,1.0
10,20,4.843109236349697,2.325929421264909,1.0,0.0,0.0,0.0,1.0,1.0
11,20,4.752841384221867,9.160505168563546,1.0,0.0,1.0,0.0,0.0,1.0
12,20,2.164413701958781,0.0,0.0,0.0,1.0,1.0,0.0,0.0
13,20,3.6239918956229222,8.82921851715626,0.0,0.0,1.0,0.0,0.0,0.0
14,20,11.746870902217568,2.9550193092097485,1.0,1.0,1.0,0.0,0.0,1.0
15,20,7.044684313609344,1.1836246605237477,0.0,0.0,0.0,1.0,1.0,0.0
16,20,3.714193393361081,4.529977693485781,0.0,0.0,0.0,0.0,1.0,1.0
17,20,9.98069961257738,11.189200095994488,0.0,0.0,0.0,0.0,1.0,1.0
18,20,7.516061046583439,12.0,0.0,1.0,0.0,0.0,0.0,1.0
19,20,2.7997538159686863,10.790538693127424,0.0,1.0,0.0,0.0,1.0,0.0
0,25,5.387020093249347,9.1937941482804,0.0,0.0,1.0,1.0,1.0,0.0
1,25,6.339221414970371,10.98624165453478,0.0,0.0,1.0,0.0,0.0,0.0
2,25,10.599954604460349,10.19342852639249,1.0,0.0,0.0,1.0,1.0,1.0
3,25,0.0,7.732685981074644,0.0,0.0,0.0,0.0,1.0,1.0
4,25,6.795699175965555,4.959957303414614,1.0,0.0,1.0,0.0,1.0,1.0
5,25,11.322122570519143,3.854872673682817,0.0,1.0,0.0,0.0,0.0,0.0
6,25,0.6642585450052495,6.646678768083673,0.0,1.0,0.0,1.0,1.0,0.0
7,25,5.325329159995315,5.099858336747144,0.0,1.0,0.0,1.0,0.0,0.0
8,25,2.3274632838358507,9.039947969170823,0.0,0.0,0.0,1.0,0.0,0.0
9,25,9.708762852064606,10.135020328357296,1.0,0.0,1.0,0.0,0.0,1.0
10,25,4.8143937133083154,2.3883183595653388,1.0,0.0,0.0,0.0,1.0,1.0
11,25,4.701986799487409,9.193207153711372,1.0,0.0,1.0,0.0,0.0,1.0
12,25,2.214983208218885,0.0,0.0,0.0,1.0,1.0,0.0,0.0
13,25,3.5221857800059118,8.783626539490232,0.0,0.0,1.0,0.0,0.0,0.0
14,25,11.689598520354224,2.9424760913698536,1.0,1.0,1.0,0.0,0.0,1.0
15,25,7.055059520018558,1.2294194396181144,0.0,0.0,0.0,1.0,1.0,0.0
16,25,3.634800873627249,4.3980562135375765,0.0,0.0,0.0,0.0,1.0,1.0
17,25,10.025825203703754,11.203915723642696,0.0,0.0,0.0,0.0,1.0,1.0
18,25,7.381507177576543,12.0,0.0,1.0,0.0,0.0,0.0,1.0
19,25,2.758916374183712,10.75028038182283,0.0,1.0,0.0,0.0,1.0,0.0
0,30,5.431952321454853,9.216410262642652,0.0,0.0,1.0,1.0,1.0,0.0
1,30,6.365571254910029,10.983532373173595,0.0,0.0,1.0,0.0,0.0,0.0
2,30,10.516238967334946,10.238356477978208,1.0,0.0,0.0,1.0,1.0,1.0
3,30,0.0,7.702360336099005,0.0,0.0,0.0,0.0,1.0,1.0
4,30,6.776291925030476,4.956901897763869,1.0,0.0,1.0,0.0,1.0,1.0
5,30,11.377390229320229,3.829910518746542,0.0,1.0,0.0,0.0,0.0,0.0
6,30,0.5973780477498615,6.581333092615738,0.0,1.0,0.0,1.0,1.0,0.0
7,30,5.391217237186316,5.12172706459148,0.0,1.0,0.0,1.0,0.0,0.0
8,30,2.399110740676204,9.04687081356745,0.0,0.0,0.0,1.0,0.0,0.0
9,30,9.632838972441302,10.1715083688817,1.0,0.0,1.0,0.0,0.0,1.0
10,30,4.791204237547519,2.4394596670144035,1.0,0.0,0.0,0.0,1.0,1.0
11,30,4.651959537565949,9.226482640995998,1.0,0.0,1.0,0.0,0.0,1.0
12,30,2.262815941223025,0.0,0.0,0.0,1.0,1.0,0.0,0.0
13,30,3.4255856320267406,8.742326321314096,0.0,0.0,1.0,0.0,0.0,0.0
14,30,11.606868492896965,2.923610833347716,1.0,1.0,1.0,0.0,0.0,1.0
15,30,7.068843892206983,1.2831949293174825,0.0,0.0,0.0,1.0,1.0,0.0
16,30,3.4889877676727568,4.48865142706185,0.0,0.0,0.0,0.0,1.0,1.0
17,30,10.060081889754754,11.21550193323874,0.0,0.0,0.0,0.0,1.0,1.0
18,30,7.258818685940009,12.0,0.0,1.0,0.0,0.0,0.0,1.0
19,30,2.7317258453206703,10.723951756801638,0.0,1.0,0.0,0.0,1.0,0.0
0,35,5.497121023672528,9.25152114730524,0.0,0.0,1.0,1.0,1.0,0.0
1,35,6.379000777462054,10.981933627223242,0.0,0.0,1.0,0.0,0.0,0.0
2,35,10.413971674644015,10.29501077805777,1.0,0.0,0.0,1.0,1.0,1.0
3,35,0.0,7.658142756359366,0.0,0.0,0.0,0.0,1.0,1.0
4,35,6.774442873525012,4.956573910718294,1.0,0.0,1.0,0.0,1.0,1.0
5,35,11.439768658684422,3.801714798578441,0.0,1.0,0.0,0.0,0.0,0.0
6,35,0.5316894463699529,6.517369226151109,0.0,1.0,0.0,1.0,1.0,0.0
7,35,5.445918344654993,5.142281083838019,0.0,1.0,0.0,1.0,0.0,0.0
8,35,2.48390371283036,9.055700767424684,0.0,0.0,0.0,1.0,0.0,0.0
9,35,9.54208538237732,10.215840172989626,1.0,0.0,1.0,0.0,0.0,1.0
10,35,4.757666420010674,2.5204700593438143,1.0,0.0,0.0,0.0,1.0,1.0
11,35,4.621128133584246,9.24796627435934,1.0,0.0,1.0,0.0,0.0,1.0
12,35,2.3229527475162075,0.0,0.0,0.0,1.0,1.0,0.0,0.0
13,35,3.334974282589866,8.704939863060396,0.0,0.0,1.0,0.0,0.0,0.0
14,35,11.537544181082406,2.907460471437512,1.0,1.0,1.0,0.0,0.0,1.0
15,35,7.083570945499027,1.3419831193735987,0.0,0.0,0.0,1.0,1.0,0.0
16,35,3.341979281812829,4.587716237126698,0.0,0.0,0.0,0.0,1.0,1.0
17,35,10.108846516924276,11.231536144809672,0.0,0.0,0.0,0.0,1.0,1.0
18,35,7.170805439814107,12.0,0.0,1.0,0.0,0.0,0.0,1.0
19,35,2.69380361021632,10.68645387243106,0.0,1.0,0.0,0.0,1.0,0.0
0,40,5.557848650154746,9.284951137522668,0.0,0.0,1.0,1.0,1.0,0.0
1,40,6.404570476422339,10.978929449137434,0.0,0.0,1.0,0.0,0.0,0.0
2,40,10.315278892290364,10.349953544026782,1.0,0.0,0.0,1.0,1.0,1.0
3,40,0.0,7.612148989686221,0.0,0.0,0.0,0.0,1.0,1.0
4,40,6.798783704447595,4.960706143489957,1.0,0.0,1.0,0.0,1.0,1.0
5,40,11.494142255068828,3.7767010966215047,0.0,1.0,0.0,0.0,0.0,0.0
6,40,0.4611009062737459,6.448452533126068,0.0,1.0,0.0,1.0,1.0,0.0
7,40,5.509940677498636,5.1660403218860615,0.0,1.0,0.0,1.0,0.0,0.0
8,40,2.56193942367821,9.063863747909208,0.0,0.0,0.0,1.0,0.0,0.0
9,40,9.4372372321675,10.272031937822389,1.0,0.0,1.0,0.0,0.0,1.0
10,40,4.723073435425723,2.601216832001368,1.0,0.0,0.0,0.0,1.0,1.0
11,40,4.595904390855059,9.266257537965814,1.0,0.0,1.0,0.0,0.0,1.0
12,40,2.3823216690663203,0.0,0.0,0.0,1.0,1.0,0.0,0.0
13,40,3.2539273230328902,8.668685773700084,0.0,0.0,1.0,0.0,0.0,0.0
14,40,11.479486274818797,2.893444155827032,1.0,1.0,1.0,0.0,0.0,1.0
15,40,7.098343136047726,1.3941549968443625,0.0,0.0,0.0,1.0,1.0,0.0
16,40,3.2094517252931656,4.678817342460467,0.0,0.0,0.0,0.0,1.0,1.0
17,40,10.183632860143517,11.253042563898733,0.0,0.0,0.0,0.0,1.0,1.0
18,40,7.092392042822888,12.0,0.0,1.0,0.0,0.0,0.0,1.0
19,40,2.676710873174266,10.669339172388916,0.0,1.0,0.0,0.0,1.0,0.0
0,45,5.624995738272066,9.321746524857222,0.0,0.0,1.0,1.0,1.0,0.0
1,45,6.452963085677769,10.974913244262432,0.0,0.0,1.0,0.0,0.0,0.0
2,45,10.223946882591472,10.401336945476114,1.0,0.0,0.0,1.0,1.0,1.0
3,45,0.0,7.56070520969166,0.0,0.0,0.0,0.0,1.0,1.0
4,45,6.842196919801609,4.968934141634893,1.0,0.0,1.0,0.0,1.0,1.0
5,45,11.554106102996382,3.7467116166446672,0.0,1.0,0.0,0.0,0.0,0.0
6,45,0.3790591384999763,6.369636193198525,0.0,1.0,0.0,1.0,1.0,0.0
7,45,5.5836157954543175,5.193997662129114,0.0,1.0,0.0,1.0,0.0,0.0
8,45,2.6449720602854714,9.072088680676694,0.0,0.0,0.0,1.0,0.0,0.0
9,45,9.326925508957329,10.331416491649357,1.0,0.0,1.0,0.0,0.0,1.0
10,45,4.674825975117869,2.709040947362826,1.0,0.0,0.0,0.0,1.0,1.0
11,45,4.565786013510344,9.290863906056606,1.0,0.0,1.0,0.0,0.0,1.0
12,45,2.4299966800966817,0.0,0.0,0.0,1.0,1.0,0.0,0.0
13,45,3.158772236737564,8.62555213032249,0.0,0.0,1.0,0.0,0.0,0.0
14,45,11.43977156462627,2.88352274177886,1.0,1.0,1.0,0.0,0.0,1.0
15,45,7.112327380362999,1.4504815666921762,0.0,0.0,0.0,1.0,1.0,0.0
16,45,3.08253828314763,4.76239934337013,0.0,0.0,0.0,0.0,1.0,1.0
17,45,10.267777629063506,11.27634402825214,0.0,0.0,0.0,0.0,1.0,1.0
18,45,7.028997192569808,12.0,0.0,1.0,0.0,0.0,0.0,1.0
19,45,2.6829773583945293,10.67564197841876,0.0,1.0,0.0,0.0,1.0,0.0
0,50,5.693071903276604,9.35970503823815,0.0,0.0,1.0,1.0,1.0,0.0
1,50,6.494518708172656,10.972237979928495,0.0,0.0,1.0,0.0,0.0,0.0
2,50,10.130079881078586,10.453855612226816,1.0,0.0,0.0,1.0,1.0,1.0
3,50,0.0,7.499755850298134,0.0,0.0,0.0,0.0,1.0,1.0
4,50,6.878190055143027,4.974256168925155,1.0,0.0,1.0,0.0,1.0,1.0
5,50,11.632879011173738,3.7071249141171543,0.0,1.0,0.0,0.0,0.0,0.0
6,50,0.29862090960772,6.291533391411197,0.0,1.0,0.0,1.0,1.0,0.0
7,50,5.655033274621926,5.222093510613774,0.0,1.0,0.0,1.0,0.0,0.0
8,50,2.7277409377948287,9.080633663249538,0.0,0.0,0.0,1.0,0.0,0.0
9,50,9.20661346125438,10.393161995567471,1.0,0.0,1.0,0.0,0.0,1.0
10,50,4.619538713214007,2.8281808784900697,1.0,0.0,0.0,0.0,1.0,1.0
11,50,4.523308986654835,9.323718394424931,1.0,0.0,1.0,0.0,0.0,1.0
12,50,2.481830301379753,0.0,0.0,0.0,1.0,1.0,0.0,0.0
13,50,3.064704220716609,8.581929804858275,0.0,0.0,1.0,0.0,0.0,0.0
14,50,11.40515726800304,2.874761713450119,1.0,1.0,1.0,0.0,0.0,1.0
15,50,7.12662886282894,1.507151048240397,0.0,0.0,0.0,1.0,1.0,0.0
16,50,2.953319419402248,4.846915257960296,0.0,0.0,0.0,0.0,1.0,1.0
17,50,10.354693263534426,11.298451999043303,0.0,0.0,0.0,0.0,1.0,1.0
18,50,6.9675862392444525,12.0,0.0,1.0,0.0,0.0,0.0,1.0
19,50,2.6911962532977127,10.684309687130972,0.0,1.0,0.0,0.0,1.0,0.0
0,55,5.745443404476115,9.387392211311894,0.0,0.0,1.0,1.0,1.0,0.0
1,55,6.546884373889566,10.971188181691335,0.0,0.0,1.0,0.0,0.0,0.0
2,55,10.033767642672,10.509206351475282,1.0,0.0,0.0,1.0,1.0,1.0
3,55,0.0,7.436543302859087,0.0,0.0,0.0,0.0,1.0,1.0
4,55,6.907365141499555,4.977437425621973,1.0,0.0,1.0,0.0,1.0,1.0
5,55,11.709716664427134,3.666112402998327,0.0,1.0,0.0,0.0,0.0,0.0
6,55,0.212532139255951,6.208305287479473,0.0,1.0,0.0,1.0,1.0,0.0
7,55,5.732305345316191,5.251231533131033,0.0,1.0,0.0,1.0,0.0,0.0
8,55,2.81528425209176,9.092477733454546,0.0,0.0,0.0,1.0,0.0,0.0
9,55,9.075719522511708,10.46432437460508,1.0,0.0,1.0,0.0,0.0,1.0
10,55,4.565734084841233,2.941169169573408,1.0,0.0,0.0,0.0,1.0,1.0
11,55,4.49184794243982,9.34893924381532,1.0,0.0,1.0,0.0,0.0,1.0
12,55,2.549742670021198,0.0,0.0,0.0,1.0,1.0,0.0,0.0
13,55,2.973413495560135,8.539385319669549,0.0,0.0,1.0,0.0,0.0,0.0
14,55,11.381825051088017,2.869395101031793,1.0,1.0,1.0,0.0,0.0,1.0
15,55,7.051418802065386,1.5257329512749322,0.0,0.0,0.0,1.0,1.0,0.0
16,55,2.822973441649368,4.931837085469004,0.0,0.0,0.0,0.0,1.0,1.0
17,55,10.45180676347817,11.32342057977386,0.0,0.0,0.0,0.0,1.0,1.0
18,55,6.908813628596053,12.0,0.0,1.0,0.0,0.0,0.0,1.0
19,55,2.701765990694524,10.695138867742056,0.0,1.0,0.0,0.0,1.0,0.0
0,60,5.7753063383236585,9.403655531814907,0.0,0.0,1.0,1.0,1.0,0.0
1,60,6.630721746591312,10.970679388185909,0.0,0.0,1.0,0.0,0.0,0.0
2,60,9.93247193126054,10.565165173362844,1.0,0.0,0.0,1.0,1.0,1.0
3,60,0.0,7.369911319777115,0.0,0.0,0.0,0.0,1.0,1.0
4,60,6.942347123943216,4.981084893862197,1.0,0.0,1.0,0.0,1.0,1.0
5,60,11.763489559457271,3.6368375614383854,0.0,1.0,0.0,0.0,0.0,0.0
6,60,0.1018373495711037,6.098497503106791,0.0,1.0,0.0,1.0,1.0,0.0
7,60,5.787749015306221,5.273389719831088,0.0,1.0,0.0,1.0,0.0,0.0
8,60,2.8774538975923303,9.102324811098546,0.0,0.0,0.0,1.0,0.0,0.0
9,60,8.967524853710174,10.526001435676749,1.0,0.0,1.0,0.0,0.0,1.0
10,60,4.5198036112710405,3.041769426457768,1.0,0.0,0.0,0.0,1.0,1.0
11,60,4.466012314266759,9.370213414231223,1.0,0.0,1.0,0.0,0.0,1.0
12,60,2.609701386442839,0.0,0.0,0.0,1.0,1.0,0.0,0.0
13,60,2.886698506384396,8.498673310861356,0.0,0.0,1.0,0.0,0.0,0.0
14,60,11.35490564367494,2.8631294257969557,1.0,1.0,1.0,0.0,0.0,1.0
15,60,6.961824343184126,1.5459830648933106,0.0,0.0,0.0,1.0,1.0,0.0
16,60,2.7018182012910685,5.009527150864398,0.0,0.0,0.0,0.0,1.0,1.0
17,60,10.529534809479872,11.34379281773166,0.0,0.0,0.0,0.0,1.0,1.0
18,60,6.839398059300743,12.0,0.0,1.0,0.0,0.0,0.0,1.0
19,60,2.6974026549339287,10.690679751475471,0.0,1.0,0.0,0.0,1.0,0.0
0,65,5.823777839959509,9.43037683572139,0.0,0.0,1.0,1.0,1.0,0.0
1,65,6.72082500198329,10.967947644734489,0.0,0.0,1.0,0.0,0.0,0.0
2,65,9.8136373966278,10.633904094897996,1.0,0.0,0.0,1.0,1.0,1.0
3,65,0.0,7.303194635178358,0.0,0.0,0.0,0.0,1.0,1.0
4,65,6.992155383573501,4.986119494657521,1.0,0.0,1.0,0.0,1.0,1.0
5,65,11.804370460735084,3.613405096859967,0.0,1.0,0.0,0.0,0.0,0.0
6,65,0.0,5.988788998463144,0.0,1.0,0.0,1.0,1.0,0.0
7,65,5.850423111938796,5.29877533202582,0.0,1.0,0.0,1.0,0.0,0.0
8,65,2.9314458575970725,9.110707830809558,0.0,0.0,0.0,1.0,0.0,0.0
9,65,8.864036523314901,10.587830920869182,1.0,0.0,1.0,0.0,0.0,1.0
10,65,4.474956484395713,3.1365104065901392,1.0,0.0,0.0,0.0,1.0,1.0
11,65,4.43828392918813,9.393540109971608,1.0,0.0,1.0,0.0,0.0,1.0
12,65,2.673858834143449,0.0,0.0,0.0,1.0,1.0,0.0,0.0
13,65,2.803388745215646,8.455141757913985,0.0,0.0,1.0,0.0,0.0,0.0
14,65,11.321307277396288,2.8550767307478067,1.0,1.0,1.0,0.0,0.0,1.0
15,65,6.869606433095284,1.5661314231047936,0.0,0.0,0.0,1.0,1.0,0.0
16,65,2.603696609380803,5.073748177959277,0.0,0.0,0.0,0.0,1.0,1.0
17,65,10.59597149571998,11.361340003476162,0.0,0.0,0.0,0.0,1.0,1.0
18,65,6.770830882020241,12.0,0.0,1.0,0.0,0.0,0.0,1.0
19,65,2.7104753880763006,10.704403924675342,0.0,1.0,0.0,0.0,1.0,0.0
0,70,5.89417700587035,9.467702302820884,0.0,0.0,1.0,1.0,1.0,0.0
1,70,6.803249322141893,10.968129822258057,0.0,0.0,1.0,0.0,0.0,0.0
2,70,9.70410932437734,10.698417471299388,1.0,0.0,0.0,1.0,1.0,1.0
3,70,0.0,7.237880078361028,0.0,0.0,0.0,0.0,1.0,1.0
4,70,7.030417124234839,4.991569341761789,1.0,0.0,1.0,0.0,1.0,1.0
5,70,11.854407544578269,3.585099592749155,0.0,1.0,0.0,0.0,0.0,0.0
6,70,0.0,5.881590626771628,0.0,1.0,0.0,1.0,1.0,0.0
7,70,5.909463481251022,5.324531102585072,0.0,1.0,0.0,1.0,0.0,0.0
8,70,2.997396606044695,9.119298415606064,0.0,0.0,0.0,1.0,0.0,0.0
9,70,8.749829237893133,10.655349647585547,1.0,0.0,1.0,0.0,0.0,1.0
10,70,4.423843437740389,3.2394752003226057,1.0,0.0,0.0,0.0,1.0,1.0
11,70,4.410728557530201,9.417519916097596,1.0,0.0,1.0,0.0,0.0,1.0
12,70,2.7398394185824158,0.0,0.0,0.0,1.0,1.0,0.0,0.0
13,70,2.7164859985133702,8.4091329188101,0.0,0.0,1.0,0.0,0.0,0.0
14,70,11.298739139148656,2.8500432657752426,1.0,1.0,1.0,0.0,0.0,1.0
15,70,6.779911648955211,1.585455787051042,0.0,0.0,0.0,1.0,1.0,0.0
16,70,2.507337085302516,5.135039245462926,0.0,0.0,0.0,0.0,1.0,1.0
17,70,10.665770795917457,11.37994800696456,0.0,0.0,0.0,0.0,1.0,1.0
18,70,6.708766010436467,12.0,0.0,1.0,0.0,0.0,0.0,1.0
19,70,2.7134337069161174,10.70757947461158,0.0,1.0,0.0,0.0,1.0,0.0
0,75,5.940092584511174,9.492639946470716,0.0,0.0,1.0,1.0,1.0,0.0
1,75,6.8939800240328815,10.970692057169272,0.0,0.0,1.0,0.0,0.0,0.0
2,75,9.594794502802614,10.763178316365224,1.0,0.0,0.0,1.0,1.0,1.0
3,75,0.0,7.162454312556432,0.0,0.0,0.0,0.0,1.0,1.0
4,75,7.087962638911595,5.000774403290658,1.0,0.0,1.0,0.0,1.0,1.0
5,75,11.926146927224345,3.545172404412914,0.0,1.0,0.0,0.0,0.0,0.0
6,75,0.0,5.7701354743387245,0.0,1.0,0.0,1.0,1.0,0.0
7,75,5.960804036383867,5.346656101839341,0.0,1.0,0.0,1.0,0.0,0.0
8,75,3.070677115447583,9.129063078036276,0.0,0.0,0.0,1.0,0.0,0.0
9,75,8.639665140300945,10.720019725571078,1.0,0.0,1.0,0.0,0.0,1.0
10,75,4.38013570463426,3.323467743138432,1.0,0.0,0.0,0.0,1.0,1.0
11,75,4.374706326862135,9.450127310006533,1.0,0.0,1.0,0.0,0.0,1.0
12,75,2.8060672173893453,0.0,0.0,0.0,1.0,1.0,0.0,0.0
13,75,2.621682832148374,8.353496817517943,0.0,0.0,1.0,0.0,0.0,0.0
14,75,11.285744965810531,2.847541962911529,1.0,1.0,1.0,0.0,0.0,1.0
15,75,6.682210235759071,1.6080248272881754,0.0,0.0,0.0,1.0,1.0,0.0
16,75,2.4197644120391217,5.193455904200082,0.0,0.0,0.0,0.0,1.0,1.0
17,75,10.714428934153394,11.392825712743454,0.0,0.0,0.0,0.0,1.0,1.0
18,75,6.6536557772909,12.0,0.0,1.0,0.0,0.0,0.0,1.0
19,75,2.7026629818171086,10.695529871357069,0.0,1.0,0.0,0.0,1.0,0.0
0,80,5.994126580096781,9.520317861996636,0.0,0.0,1.0,1.0,1.0,0.0
1,80,6.997139617965691,10.972910091512023,0.0,0.0,1.0,0.0,0.0,0.0
2,80,9.493383196017197,10.824149224764728,1.0,0.0,0.0,1.0,1.0,1.0
3,80,0.0,7.087868939456819,0.0,0.0,0.0,0.0,1.0,1.0
4,80,7.154077830590649,5.011330296163561,1.0,0.0,1.0,0.0,1.0,1.0
5,80,11.983768637395103,3.5120038698496807,0.0,1.0,0.0,0.0,0.0,0.0
6,80,0.0,5.650321856665604,0.0,1.0,0.0,1.0,1.0,0.0
7,80,6.014917558718881,5.370232164912947,0.0,1.0,0.0,1.0,0.0,0.0
8,80,3.1525447511348963,9.142035246114636,0.0,0.0,0.0,1.0,0.0,0.0
9,80,8.531359344902684,10.781719636644375,1.0,0.0,1.0,0.0,0.0,1.0
10,80,4.32376266302972,3.4321341300653967,1.0,0.0,0.0,0.0,1.0,1.0
11,80,4.349278542220736,9.47333780183184,1.0,0.0,1.0,0.0,0.0,1.0
12,80,2.8414944311663497,0.0,0.0,0.0,1.0,1.0,0.0,0.0
13,80,2.538894106657563,8.30374039310322,0.0,0.0,1.0,0.0,0.0,0.0
14,80,11.282816168501675,2.846954614625717,1.0,1.0,1.0,0.0,0.0,1.0
15,80,6.564584060026393,1.636833143145271,0.0,0.0,0.0,1.0,1.0,0.0
16,80,2.325493885894426,5.258196900961454,0.0,0.0,0.0,0.0,1.0,1.0
17,80,10.74726430026981,11.40213480031174,0.0,0.0,0.0,0.0,1.0,1.0
18,80,6.5846041942909,12.0,0.0,1.0,0.0,0.0,0.0,1.0
19,80,2.6980182495731078,10.69053088001473,0.0,1.0,0.0,0.0,1.0,0.0
0,85,6.033282542660777,9.539861635696742,0.0,0.0,1.0,1.0,1.0,0.0
1,85,7.075568979012352,10.976144965241224,0.0,0.0,1.0,0.0,0.0,0.0
2,85,9.399057760358993,10.881905866797204,1.0,0.0,0.0,1.0,1.0,1.0
3,85,0.0,7.015366190864025,0.0,0.0,0.0,0.0,1.0,1.0
4,85,7.222884431481888,5.021128897148585,1.0,0.0,1.0,0.0,1.0,1.0
5,85,12.0,3.4744549040604618,0.0,1.0,0.0,0.0,0.0,0.0
6,85,0.0,5.528936070249305,0.0,1.0,0.0,1.0,1.0,0.0
7,85,6.066703265569071,5.392520532233186,0.0,1.0,0.0,1.0,0.0,0.0
8,85,3.2203664437680515,9.151522557220634,0.0,0.0,0.0,1.0,0.0,0.0
9,85,8.421156754712346,10.844439010989875,1.0,0.0,1.0,0.0,0.0,1.0
10,85,4.26765992930821,3.5379266199345127,1.0,0.0,0.0,0.0,1.0,1.0
11,85,4.330006467567586,9.489974134668609,1.0,0.0,1.0,0.0,0.0,1.0
12,85,2.8738308137379502,0.0,0.0,0.0,1.0,1.0,0.0,0.0
13,85,2.457486197245748,8.255277541975348,0.0,0.0,1.0,0.0,0.0,0.0
14,85,11.27635079383602,2.845662910490206,1.0,1.0,1.0,0.0,0.0,1.0
15,85,6.446892360817618,1.6710827480114492,0.0,0.0,0.0,1.0,1.0,0.0
16,85,2.2241923428920143,5.324528054889002,0.0,0.0,0.0,0.0,1.0,1.0
17,85,10.755588372602844,11.369620930758124,0.0,0.0,0.0,0.0,1.0,1.0
18,85,6.522624497303866,12.0,0.0,1.0,0.0,0.0,0.0,1.0
19,85,2.696890871389683,10.68934747627073,0.0,1.0,0.0,0.0,1.0,0.0
0,90,6.070779895811218,9.558802949846411,0.0,0.0,1.0,1.0,1.0,0.0
1,90,7.148674252730223,10.982077670024628,0.0,0.0,1.0,0.0,0.0,0.0
2,90,9.329841613140482,10.921497100303382,1.0,0.0,0.0,1.0,1.0,1.0
3,90,0.0,6.940051787861397,0.0,0.0,0.0,0.0,1.0,1.0
4,90,7.28897255592899,5.029992686090988,1.0,0.0,1.0,0.0,1.0,1.0
5,90,12.0,3.4278561807358163,0.0,1.0,0.0,0.0,0.0,0.0
6,90,0.0,5.400115195850389,0.0,1.0,0.0,1.0,1.0,0.0
7,90,6.108238410807132,5.410914558382541,0.0,1.0,0.0,1.0,0.0,0.0
8,90,3.302316286865405,9.161073646705129,0.0,0.0,0.0,1.0,0.0,0.0
9,90,8.29438782383178,10.919873927896065,1.0,0.0,1.0,0.0,0.0,1.0
10,90,4.214807466919716,3.634298590833263,1.0,0.0,0.0,0.0,1.0,1.0
11,90,4.322142352954411,9.496993084561195,1.0,0.0,1.0,0.0,0.0,1.0
12,90,2.908638299717893,0.0,0.0,0.0,1.0,1.0,0.0,0.0
13,90,2.355231592820478,8.191114654710217,0.0,0.0,1.0,0.0,0.0,0.0
14,90,11.264275341059196,2.843175516030191,1.0,1.0,1.0,0.0,0.0,1.0
15,90,6.419283552409675,1.574931463338238,0.0,0.0,0.0,1.0,1.0,0.0
16,90,2.1404316645276835,5.377930945848766,0.0,0.0,0.0,0.0,1.0,1.0
17,90,10.759397129995453,11.35411698316909,0.0,0.0,0.0,0.0,1.0,1.0
18,90,6.459187889077852,12.0,0.0,1.0,0.0,0.0,0.0,1.0
19,90,2.688085332949634,10.680105022395333,0.0,1.0,0.0,0.0,1.0,0.0
0,95,6.099458828209891,9.57263185598681,0.0,0.0,1.0,1.0,1.0,0.0
1,95,7.225574599569761,10.986353215923662,0.0,0.0,1.0,0.0,0.0,0.0
2,95,9.286617662905384,10.843325177470676,1.0,0.0,0.0,1.0,1.0,1.0
3,95,0.0,6.872250603471256,0.0,0.0,0.0,0.0,1.0,1.0
4,95,7.349706404203544,5.03783755614452,1.0,0.0,1.0,0.0,1.0,1.0
5,95,12.0,3.364982805648624,0.0,1.0,0.0,0.0,0.0,0.0
6,95,0.0,5.273306218355117,0.0,1.0,0.0,1.0,1.0,0.0
7,95,6.148657415198608,5.428269210511164,0.0,1.0,0.0,1.0,0.0,0.0
8,95,3.374763153110352,9.171470212718589,0.0,0.0,0.0,1.0,0.0,0.0
9,95,8.174455659979646,10.994207258077337,1.0,0.0,1.0,0.0,0.0,1.0
10,95,4.147722882532981,3.7528308092203977,1.0,0.0,0.0,0.0,1.0,1.0
11,95,4.300136001740055,9.517989845119104,1.0,0.0,1.0,0.0,0.0,1.0
12,95,2.9636858768932197,0.0,0.0,0.0,1.0,1.0,0.0,0.0
13,95,2.2606146523846693,8.12769930031966,0.0,0.0,1.0,0.0,0.0,0.0
14,95,11.2655589663946,2.8434383722596923,1.0,1.0,1.0,0.0,0.0,1.0
15,95,6.394334212987688,1.4825941900683866,0.0,0.0,0.0,1.0,1.0,0.0
16,95,2.0755092216415267,5.420491099936292,0.0,0.0,0.0,0.0,1.0,1.0
17,95,10.76247606222735,11.34133482368659,0.0,0.0,0.0,0.0,1.0,1.0
18,95,6.394364638462881,12.0,0.0,1.0,0.0,0.0,0.0,1.0
19,95,2.703487381551236,10.69669229722196,0.0,1.0,0.0,0.0,1.0,0.0
0,100,6.134932895149652,9.58936554522826,0.0,0.0,1.0,1.0,1.0,0.0
1,100,7.276229442451296,10.989454077799698,0.0,0.0,1.0,0.0,0.0,0.0
2,100,9.237887548710727,10.752811979611398,1.0,0.0,0.0,1.0,1.0,1.0
3,100,0.0,6.802873646773801,0.0,0.0,0.0,0.0,1.0,1.0
4,100,7.415824176453279,5.046407167965357,1.0,0.0,1.0,0.0,1.0,1.0
5,100,12.0,3.309163817713781,0.0,1.0,0.0,0.0,0.0,0.0
6,100,0.0,5.144635077389699,0.0,1.0,0.0,1.0,1.0,0.0
7,100,6.208614872349663,5.454480971420423,0.0,1.0,0.0,1.0,0.0,0.0
8,100,3.4573362255352755,9.18510338061288,0.0,0.0,0.0,1.0,0.0,0.0
9,100,8.0507084395739,11.068679561904482,1.0,0.0,1.0,0.0,0.0,1.0
10,100,4.086368447783693,3.870213307103028,1.0,0.0,0.0,0.0,1.0,1.0
11,100,4.269086843579464,9.54944269441942,1.0,0.0,1.0,0.0,0.0,1.0
12,100,3.0142462802300702,0.0,0.0,0.0,1.0,1.0,0.0,0.0
13,100,2.179661596269574,8.074560353366126,0.0,0.0,1.0,0.0,0.0,0.0
14,100,11.25996383429364,2.842335296634237,1.0,1.0,1.0,0.0,0.0,1.0
15,100,6.368925462177652,1.3890182231437258,0.0,0.0,0.0,1.0,1.0,0.0
16,100,2.00088477493838,5.469061174161336,0.0,0.0,0.0,0.0,1.0,1.0
17,100,10.76305979877038,11.339071082890928,0.0,0.0,0.0,0.0,1.0,1.0
18,100,6.328141019340871,12.0,0.0,1.0,0.0,0.0,0.0,1.0
19,100,2.71371133813916,10.707352820527571,0.0,1.0,0.0,0.0,1.0,0.0
0,105,6.174959412908947,9.60835243245262,0.0,0.0,1.0,1.0,1.0,0.0
1,105,7.315583994271764,10.991407576771412,0.0,0.0,1.0,0.0,0.0,0.0
2,105,9.187371356155571,10.650949266024671,1.0,0.0,0.0,1.0,1.0,1.0
3,105,0.0,6.724106751197405,0.0,0.0,0.0,0.0,1.0,1.0
4,105,7.494124171591204,5.055215473090129,1.0,0.0,1.0,0.0,1.0,1.0
5,105,12.0,3.247158587350423,0.0,1.0,0.0,0.0,0.0,0.0
6,105,0.0,5.020617545620775,0.0,1.0,0.0,1.0,1.0,0.0
7,105,6.25387163074809,5.474613141701525,0.0,1.0,0.0,1.0,0.0,0.0
8,105,3.5538602308710616,9.200392785579698,0.0,0.0,0.0,1.0,0.0,0.0
9,105,7.92616164902281,11.14176124752183,1.0,0.0,1.0,0.0,0.0,1.0
10,105,4.0248715121208525,3.992401956594634,1.0,0.0,0.0,0.0,1.0,1.0
11,105,4.247849606748933,9.571549739984846,1.0,0.0,1.0,0.0,0.0,1.0
12,105,3.0770403363464176,0.0,0.0,0.0,1.0,1.0,0.0,0.0
13,105,2.088656436817116,8.010905880328496,0.0,0.0,1.0,0.0,0.0,0.0
14,105,11.276885913347003,2.845640980722356,1.0,1.0,1.0,0.0,0.0,1.0
15,105,6.348047133632965,1.3076072124022395,0.0,0.0,0.0,1.0,1.0,0.0
16,105,1.9188356603409051,5.519837733553398,0.0,0.0,0.0,0.0,1.0,1.0
17,105,10.76366005735627,11.336648329164102,0.0,0.0,0.0,0.0,1.0,1.0
18,105,6.291900545716131,12.0,0.0,1.0,0.0,0.0,0.0,1.0
19,105,2.7224746191760603,10.716843631665988,0.0,1.0,0.0,0.0,1.0,0.0
0,110,6.212711812255914,9.625744278054505,0.0,0.0,1.0,1.0,1.0,0.0
1,110,7.354272651180594,10.992812947843031,0.0,0.0,1.0,0.0,0.0,0.0
2,110,9.145249851736528,10.565526489021682,1.0,0.0,0.0,1.0,1.0,1.0
3,110,0.0,6.650655361257332,0.0,0.0,0.0,0.0,1.0,1.0
4,110,7.579520343221954,5.063315992676761,1.0,0.0,1.0,0.0,1.0,1.0
5,110,12.0,3.1785208525814888,0.0,1.0,0.0,0.0,0.0,0.0
6,110,0.0,4.913090851287644,0.0,1.0,0.0,1.0,1.0,0.0
7,110,6.311986011930827,5.500347255910884,0.0,1.0,0.0,1.0,0.0,0.0
8,110,3.653072500758072,9.217732556406432,0.0,0.0,0.0,1.0,0.0,0.0
9,110,7.796524711754351,11.222329969776602,1.0,0.0,1.0,0.0,0.0,1.0
10,110,3.958080729638013,4.12626950727316,1.0,0.0,0.0,0.0,1.0,1.0
11,110,4.226390028209081,9.594677898517462,1.0,0.0,1.0,0.0,0.0,1.0
12,110,3.1566448204327777,0.0,0.0,0.0,1.0,1.0,0.0,0.0
13,110,2.006116446668881,7.955110908282514,0.0,0.0,1.0,0.0,0.0,0.0
14,110,11.301783002521292,2.8504456938863694,1.0,1.0,1.0,0.0,0.0,1.0
15,110,6.328590555818953,1.2323551226543656,0.0,0.0,0.0,1.0,1.0,0.0
16,110,1.833097772358184,5.570635385721277,0.0,0.0,0.0,0.0,1.0,1.0
17,110,10.764027755238166,11.335317950614844,0.0,0.0,0.0,0.0,1.0,1.0
18,110,6.271518700595837,12.0,0.0,1.0,0.0,0.0,0.0,1.0
19,110,2.7202359314257194,10.714206062655707,0.0,1.0,0.0,0.0,1.0,0.0
0,115,6.255128696207226,9.64605394598591,0.0,0.0,1.0,1.0,1.0,0.0
1,115,7.380584092706675,10.994125922687369,0.0,0.0,1.0,0.0,0.0,0.0
2,115,9.099506514876982,10.47277355908154,1.0,0.0,0.0,1.0,1.0,1.0
3,115,0.0,6.5786284495108855,0.0,0.0,0.0,0.0,1.0,1.0
4,115,7.660719855872109,5.074313840151229,1.0,0.0,1.0,0.0,1.0,1.0
5,115,12.0,3.1022462685568475,0.0,1.0,0.0,0.0,0.0,0.0
6,115,0.0,4.810381418682277,0.0,1.0,0.0,1.0,1.0,0.0
7,115,6.365384352893894,5.52426213048353,0.0,1.0,0.0,1.0,0.0,0.0
8,115,3.7664535489462136,9.238494097709523,0.0,0.0,0.0,1.0,0.0,0.0
9,115,7.663321945301222,11.308022484356806,1.0,0.0,1.0,0.0,0.0,1.0
10,115,3.887418926101312,4.266748546117481,1.0,0.0,0.0,0.0,1.0,1.0
11,115,4.209211572834161,9.613349863267416,1.0,0.0,1.0,0.0,0.0,1.0
12,115,3.2373807311740137,0.0,0.0,0.0,1.0,1.0,0.0,0.0
13,115,1.9166847303884909,7.891609665119799,0.0,0.0,1.0,0.0,0.0,0.0
14,115,11.34478803142955,2.859068726608147,1.0,1.0,1.0,0.0,0.0,1.0
15,115,6.306603316002171,1.156097734711321,0.0,0.0,0.0,1.0,1.0,0.0
16,115,1.732503296284033,5.627794321278965,0.0,0.0,0.0,0.0,1.0,1.0
17,115,10.767458796521606,11.322438114059665,0.0,0.0,0.0,0.0,1.0,1.0
18,115,6.251918224272058,12.0,0.0,1.0,0.0,0.0,0.0,1.0
19,115,2.7205395419468634,10.714561499781622,0.0,1.0,0.0,0.0,1.0,0.0
0,120,6.308379819822727,9.671879713046788,0.0,0.0,1.0,1.0,1.0,0.0
1,120,7.398218975486027,10.994972312559328,0.0,0.0,1.0,0.0,0.0,0.0
2,120,9.04914429653789,10.37263156129194,1.0,0.0,0.0,1.0,1.0,1.0
3,120,0.0,6.509750654161649,0.0,0.0,0.0,0.0,1.0,1.0
4,120,7.741460721249987,5.084240740220657,1.0,0.0,1.0,0.0,1.0,1.0
5,120,12.0,3.03682431690406,0.0,1.0,0.0,0.0,0.0,0.0
6,120,0.0,4.701516596344004,0.0,1.0,0.0,1.0,1.0,0.0
7,120,6.425119183755279,5.550607201933979,0.0,1.0,0.0,1.0,0.0,0.0
8,120,3.896867606481187,9.266492370140211,0.0,0.0,0.0,1.0,0.0,0.0
9,120,7.523708012024255,11.400621555950224,1.0,0.0,1.0,0.0,0.0,1.0
10,120,3.815856706449039,4.403134595376725,1.0,0.0,0.0,0.0,1.0,1.0
11,120,4.187230007298789,9.63700106915939,1.0,0.0,1.0,0.0,0.0,1.0
12,120,3.3117851086653864,0.0,0.0,0.0,1.0,1.0,0.0,0.0
13,120,1.8337359911478168,7.832038268109582,0.0,0.0,1.0,0.0,0.0,0.0
14,120,11.387000822735578,2.8675314024957617,1.0,1.0,1.0,0.0,0.0,1.0
15,120,6.285557491743552,1.084941648892612,0.0,0.0,0.0,1.0,1.0,0.0
16,120,1.6375462169278212,5.680716361120375,0.0,0.0,0.0,0.0,1.0,1.0
17,120,10.770288539441376,11.311314231511044,0.0,0.0,0.0,0.0,1.0,1.0
18,120,6.243884856972597,12.0,0.0,1.0,0.0,0.0,0.0,1.0
19,120,2.7159247559666526,10.70913088439744,0.0,1.0,0.0,0.0,1.0,0.0
0,125,6.374833595909026,9.703995344683156,0.0,0.0,1.0,1.0,1.0,0.0
1,125,7.418129422084233,10.995853042090369,0.0,0.0,1.0,0.0,0.0,0.0
2,125,9.002216012218216,10.280368824829656,1.0,0.0,0.0,1.0,1.0,1.0
3,125,0.0,6.440089839221616,0.0,0.0,0.0,0.0,1.0,1.0
4,125,7.812139968054305,5.093823131234339,1.0,0.0,1.0,0.0,1.0,1.0
5,125,12.0,2.978074030337864,0.0,1.0,0.0,0.0,0.0,0.0
6,125,0.0,4.589313269764446,0.0,1.0,0.0,1.0,1.0,0.0
7,125,6.505858862079928,5.586194194421658,0.0,1.0,0.0,1.0,0.0,0.0
8,125,4.038755952277082,9.30015222902376,0.0,0.0,0.0,1.0,0.0,0.0
9,125,7.373651354450553,11.494711040182716,1.0,0.0,1.0,0.0,0.0,1.0
10,125,3.749074194853237,4.537076792204421,1.0,0.0,0.0,0.0,1.0,1.0
11,125,4.156077966519866,9.670453544537844,1.0,0.0,1.0,0.0,0.0,1.0
12,125,3.376544725371353,0.0,0.0,0.0,1.0,1.0,0.0,0.0
13,125,1.7595029387485157,7.778823225178318,0.0,0.0,1.0,0.0,0.0,0.0
14,125,11.428435516557132,2.876561621531134,1.0,1.0,1.0,0.0,0.0,1.0
15,125,6.269624124211683,1.030842593995562,0.0,0.0,0.0,1.0,1.0,0.0
16,125,1.539698385991341,5.737743378020561,0.0,0.0,0.0,0.0,1.0,1.0
17,125,10.770959205813163,11.308618391484815,0.0,0.0,0.0,0.0,1.0,1.0
18,125,6.230796899280223,12.0,0.0,1.0,0.0,0.0,0.0,1.0
19,125,2.70070965628343,10.690082883513217,0.0,1.0,0.0,0.0,1.0,0.0
0,130,6.431547918245135,9.73379643152941,0.0,0.0,1.0,1.0,1.0,0.0
1,130,7.445911104803749,10.996926811744434,0.0,0.0,1.0,0.0,0.0,0.0
2,130,8.945114356635528,10.168523336889823,1.0,0.0,0.0,1.0,1.0,1.0
3,130,0.0,6.360747295497144,0.0,0.0,0.0,0.0,1.0,1.0
4,130,7.88766678964263,5.10564586305927,1.0,0.0,1.0,0.0,1.0,1.0
5,130,12.0,2.9123057813366486,0.0,1.0,0.0,0.0,0.0,0.0
6,130,0.0,4.492328978160658,0.0,1.0,0.0,1.0,1.0,0.0
7,130,6.569321866519095,5.612988197131334,0.0,1.0,0.0,1.0,0.0,0.0
8,130,4.183032101868312,9.336622125126071,0.0,0.0,0.0,1.0,0.0,0.0
9,130,7.211870492042411,11.59376624156372,1.0,0.0,1.0,0.0,0.0,1.0
10,130,3.68524969829134,4.662132984252428,1.0,0.0,0.0,0.0,1.0,1.0
11,130,4.131240042852568,9.697307433564156,1.0,0.0,1.0,0.0,0.0,1.0
12,130,3.4456733795708936,0.0,0.0,0.0,1.0,1.0,0.0,0.0
13,130,1.679974202397467,7.723923316724883,0.0,0.0,1.0,0.0,0.0,0.0
14,130,11.462518820325196,2.88410406578087,1.0,1.0,1.0,0.0,0.0,1.0
15,130,6.320271137017856,1.0168760472310323,0.0,0.0,0.0,1.0,1.0,0.0
16,130,1.44474785813396,5.798321764909734,0.0,0.0,0.0,0.0,1.0,1.0
17,130,10.770844858654447,11.309119541819213,0.0,0.0,0.0,0.0,1.0,1.0
18,130,6.232739514163331,11.999664360651856,0.0,1.0,0.0,0.0,0.0,1.0
19,130,2.6909114935743057,10.678857602960496,0.0,1.0,0.0,0.0,1.0,0.0
0,135,6.463879644337535,9.750175659295476,0.0,0.0,1.0,1.0,1.0,0.0
1,135,7.474878020619187,10.998220602505809,0.0,0.0,1.0,0.0,0.0,0.0
2,135,8.889627381551419,10.059447322709746,1.0,0.0,0.0,1.0,1.0,1.0
3,135,0.0,6.279628011488004,0.0,0.0,0.0,0.0,1.0,1.0
4,135,7.951928529742714,5.114597739307902,1.0,0.0,1.0,0.0,1.0,1.0
5,135,12.0,2.8552606662150417,0.0,1.0,0.0,0.0,0.0,0.0
6,135,0.0,4.407931404079471,0.0,1.0,0.0,1.0,1.0,0.0
7,135,6.637007408308368,5.640097596443148,0.0,1.0,0.0,1.0,0.0,0.0
8,135,4.326892827071925,9.372250242699314,0.0,0.0,0.0,1.0,0.0,0.0
9,135,7.038833845868299,11.697336874109247,1.0,0.0,1.0,0.0,0.0,1.0
10,135,3.631787258860558,4.771469568777426,1.0,0.0,0.0,0.0,1.0,1.0
11,135,4.099108037670474,9.73235663989608,1.0,0.0,1.0,0.0,0.0,1.0
12,135,3.533759709872069,0.0,0.0,0.0,1.0,1.0,0.0,0.0
13,135,1.5844177334009175,7.665574981563429,0.0,0.0,1.0,0.0,0.0,0.0
14,135,11.496053392502033,2.891136553586989,1.0,1.0,1.0,0.0,0.0,1.0
15,135,6.389499451074356,0.9981461967637508,0.0,0.0,0.0,1.0,1.0,0.0
16,135,1.3385296608468782,5.867460794940326,0.0,0.0,0.0,0.0,1.0,1.0
17,135,10.77115489276719,11.307801568239608,0.0,0.0,0.0,0.0,1.0,1.0
18,135,6.212289152166103,12.0,0.0,1.0,0.0,0.0,0.0,1.0
19,135,2.6804229108468074,10.666690438096722,0.0,1.0,0.0,0.0,1.0,0.0
0,140,6.486672147804812,9.761865214390102,0.0,0.0,1.0,1.0,1.0,0.0
1,140,7.525480444089594,11.00067598416655,0.0,0.0,1.0,0.0,0.0,0.0
2,140,8.834389756402246,9.953341036127744,1.0,0.0,0.0,1.0,1.0,1.0
3,140,0.0,6.204168422866919,0.0,0.0,0.0,0.0,1.0,1.0
4,140,8.006770677542217,5.11957175971359,1.0,0.0,1.0,0.0,1.0,1.0
5,140,12.0,2.7912504372591145,0.0,1.0,0.0,0.0,0.0,0.0
6,140,0.0,4.31688457301773,0.0,1.0,0.0,1.0,1.0,0.0
7,140,6.694520805557707,5.664307661242736,0.0,1.0,0.0,1.0,0.0,0.0
8,140,4.471873304225605,9.410574485172187,0.0,0.0,0.0,1.0,0.0,0.0
9,140,6.857113559548105,11.81096859380114,1.0,0.0,1.0,0.0,0.0,1.0
10,140,3.5687438639500524,4.905302659548126,1.0,0.0,0.0,0.0,1.0,1.0
11,140,4.05487411042265,9.78060307100452,1.0,0.0,1.0,0.0,0.0,1.0
12,140,3.612992711849631,0.0,0.0,0.0,1.0,1.0,0.0,0.0
13,140,1.4896607735939942,7.608747908496609,0.0,0.0,1.0,0.0,0.0,0.0
14,140,11.53111411132756,2.897051642820617,1.0,1.0,1.0,0.0,0.0,1.0
15,140,6.477893559619766,0.9726211382969038,0.0,0.0,0.0,1.0,1.0,0.0
16,140,1.2369385522126188,5.934261685766757,0.0,0.0,0.0,0.0,1.0,1.0
17,140,10.7738989509662,11.29584425284113,0.0,0.0,0.0,0.0,1.0,1.0
18,140,6.206579032411288,12.0,0.0,1.0,0.0,0.0,0.0,1.0
19,140,2.6825518013877687,10.669149853865983,0.0,1.0,0.0,0.0,1.0,0.0
0,145,6.499734070438321,9.768676995516296,0.0,0.0,1.0,1.0,1.0,0.0
1,145,7.576396287704901,11.003023794722782,0.0,0.0,1.0,0.0,0.0,0.0
2,145,8.785427506505428,9.854088007058044,1.0,0.0,0.0,1.0,1.0,1.0
3,145,0.0,6.1292270952994645,0.0,0.0,0.0,0.0,1.0,1.0
4,145,8.08508882573965,5.128135230712463,1.0,0.0,1.0,0.0,1.0,1.0
5,145,12.0,2.72820690010449,0.0,1.0,0.0,0.0,0.0,0.0
6,145,0.0,4.210037198393987,0.0,1.0,0.0,1.0,1.0,0.0
7,145,6.741953249362108,5.684283495217152,0.0,1.0,0.0,1.0,0.0,0.0
8,145,4.627293066801145,9.450945088590236,0.0,0.0,0.0,1.0,0.0,0.0
9,145,6.663483522700575,11.931223188151526,1.0,0.0,1.0,0.0,0.0,1.0
10,145,3.502444706222012,5.043501130885209,1.0,0.0,0.0,0.0,1.0,1.0
11,145,4.009288394399103,9.830261566238482,1.0,0.0,1.0,0.0,0.0,1.0
12,145,3.692920011612797,0.0,0.0,0.0,1.0,1.0,0.0,0.0
13,145,1.3772744974048623,7.543411838918642,0.0,0.0,1.0,0.0,0.0,0.0
14,145,11.566722355504371,2.9042719092779934,1.0,1.0,1.0,0.0,0.0,1.0
15,145,6.574111409482212,0.9433746647310342,0.0,0.0,0.0,1.0,1.0,0.0
16,145,1.1438992735681277,5.994284954619308,0.0,0.0,0.0,0.0,1.0,1.0
17,145,10.773295036149475,11.298135520401834,0.0,0.0,0.0,0.0,1.0,1.0
18,145,6.2062771672017805,12.0,0.0,1.0,0.0,0.0,0.0,1.0
19,145,2.6897904300580846,10.677272777996883,0.0,1.0,0.0,0.0,1.0,0.0
0,150,6.508867723322384,9.773370468449787,0.0,0.0,1.0,1.0,1.0,0.0
1,150,7.610058643250586,11.004926476464624,0.0,0.0,1.0,0.0,0.0,0.0
2,150,8.74086733105249,9.75866101937596,1.0,0.0,0.0,1.0,1.0,1.0
3,150,0.0,6.0551475950801725,0.0,0.0,0.0,0.0,1.0,1.0
4,150,8.184961002585656,5.141422115732637,1.0,0.0,1.0,0.0,1.0,1.0
5,150,12.0,2.6535642364894483,0.0,1.0,0.0,0.0,0.0,0.0
6,150,0.0,4.109947868230703,0.0,1.0,0.0,1.0,1.0,0.0
7,150,6.797478324867903,5.7062616251165545,0.0,1.0,0.0,1.0,0.0,0.0
8,150,4.805672516023253,9.497697161837124,0.0,0.0,0.0,1.0,0.0,0.0
9,150,6.469669498162544,12.0,1.0,0.0,1.0,0.0,0.0,1.0
10,150,3.431162540956413,5.182366280437092,1.0,0.0,0.0,0.0,1.0,1.0
11,150,3.958529660800555,9.88426660956093,1.0,0.0,1.0,0.0,0.0,1.0
12,150,3.7753295191922103,0.0,0.0,0.0,1.0,1.0,0.0,0.0
13,150,1.2560662446896351,7.469478837502649,0.0,0.0,1.0,0.0,0.0,0.0
14,150,11.56030320095868,2.9348050771192518,1.0,1.0,1.0,0.0,0.0,1.0
15,150,6.675953203593115,0.9148580110360042,0.0,0.0,0.0,1.0,1.0,0.0
16,150,1.0717819989870263,6.042191591621521,0.0,0.0,0.0,0.0,1.0,1.0
17,150,10.770559863114675,11.308351081526297,0.0,0.0,0.0,0.0,1.0,1.0
18,150,6.2025510831464254,12.0,0.0,1.0,0.0,0.0,0.0,1.0
19,150,2.7066460287975818,10.6963115434306,0.0,1.0,0.0,0.0,1.0,0.0
0,155,6.542181500905575,9.791791736717736,0.0,0.0,1.0,1.0,1.0,0.0
1,155,7.663545818607541,11.006453287703854,0.0,0.0,1.0,0.0,0.0,0.0
2,155,8.690995632918609,9.651133882977575,1.0,0.0,0.0,1.0,1.0,1.0
3,155,0.0,5.979818690634068,0.0,0.0,0.0,0.0,1.0,1.0
4,155,8.290885482146496,5.158249920706086,1.0,0.0,1.0,0.0,1.0,1.0
5,155,12.0,2.58335144489487,0.0,1.0,0.0,0.0,0.0,0.0
6,155,0.0,3.987389582607281,0.0,1.0,0.0,1.0,1.0,0.0
7,155,6.838540855433995,5.721657058249006,0.0,1.0,0.0,1.0,0.0,0.0
8,155,4.984183911903634,9.543672283149103,0.0,0.0,0.0,1.0,0.0,0.0
9,155,6.259316058851607,12.0,1.0,0.0,1.0,0.0,0.0,1.0
10,155,3.3681266050666365,5.316887969571955,1.0,0.0,0.0,0.0,1.0,1.0
11,155,3.922840660415249,9.922255023372305,1.0,0.0,1.0,0.0,0.0,1.0
12,155,3.867106484260389,0.0,0.0,0.0,1.0,1.0,0.0,0.0
13,155,1.1322447202555417,7.397241544140487,0.0,0.0,1.0,0.0,0.0,0.0
14,155,11.549301606746104,2.982840898148837,1.0,1.0,1.0,0.0,0.0,1.0
15,155,6.756859932389261,0.893147576354187,0.0,0.0,0.0,1.0,1.0,0.0
16,155,0.9914199088208282,6.094739705351731,0.0,0.0,0.0,0.0,1.0,1.0
17,155,10.767100485684349,11.321172484878348,0.0,0.0,0.0,0.0,1.0,1.0
18,155,6.224426354421583,11.994864088237662,0.0,1.0,0.0,0.0,0.0,1.0
19,155,2.73303950726648,10.72371428236712,0.0,1.0,0.0,0.0,1.0,0.0
0,160,6.573135436217107,9.80829553497924,0.0,0.0,1.0,1.0,1.0,0.0
1,160,7.727276240214251,11.006664078919046,0.0,0.0,1.0,0.0,0.0,0.0
2,160,8.632281465848978,9.525738748635314,1.0,0.0,0.0,1.0,1.0,1.0
3,160,0.0,5.901897259846144,0.0,0.0,0.0,0.0,1.0,1.0
4,160,8.416826494378443,5.178860229259342,1.0,0.0,1.0,0.0,1.0,1.0
5,160,12.0,2.5066453037446266,0.0,1.0,0.0,0.0,0.0,0.0
6,160,0.0,3.8869888284339615,0.0,1.0,0.0,1.0,1.0,0.0
7,160,6.8824089198697465,5.738318274271216,0.0,1.0,0.0,1.0,0.0,0.0
8,160,5.177047134166275,9.593320804985533,0.0,0.0,0.0,1.0,0.0,0.0
9,160,6.039827331825856,12.0,1.0,0.0,1.0,0.0,0.0,1.0
10,160,3.303645995006112,5.451008784751718,1.0,0.0,0.0,0.0,1.0,1.0
11,160,3.884840819666856,9.963126552777227,1.0,0.0,1.0,0.0,0.0,1.0
12,160,3.9565445053620687,0.0,0.0,0.0,1.0,1.0,0.0,0.0
13,160,1.2136308104275595,7.257057465137223,0.0,0.0,1.0,0.0,0.0,0.0
14,160,11.53447008283543,3.035235078043673,1.0,1.0,1.0,0.0,0.0,1.0
15,160,6.843461907751529,0.8685133170837506,0.0,0.0,0.0,1.0,1.0,0.0
16,160,0.922261010334274,6.139635784029341,0.0,0.0,0.0,0.0,1.0,1.0
17,160,10.764821427579584,11.3298323911651,0.0,0.0,0.0,0.0,1.0,1.0
18,160,6.23797296710987,11.991753619465666,0.0,1.0,0.0,0.0,0.0,1.0
19,160,2.769881599812812,10.761463600189208,0.0,1.0,0.0,0.0,1.0,0.0
0,165,6.61834242311079,9.833065941614567,0.0,0.0,1.0,1.0,1.0,0.0
1,165,7.783084164117551,11.005711955685388,0.0,0.0,1.0,0.0,0.0,0.0
2,165,8.575446920360964,9.40019719079858,1.0,0.0,0.0,1.0,1.0,1.0
3,165,0.0,5.824901631465731,0.0,0.0,0.0,0.0,1.0,1.0
4,165,8.5590203675203,5.200006243023785,1.0,0.0,1.0,0.0,1.0,1.0
5,165,12.0,2.429131396925876,0.0,1.0,0.0,0.0,0.0,0.0
6,165,0.0,3.792388989197185,0.0,1.0,0.0,1.0,1.0,0.0
7,165,6.907272425199776,5.7477245278613935,0.0,1.0,0.0,1.0,0.0,0.0
8,165,5.37639199615267,9.641270681893154,0.0,0.0,0.0,1.0,0.0,0.0
9,165,5.818107554012338,12.0,1.0,0.0,1.0,0.0,0.0,1.0
10,165,3.240147922758428,5.575112717745541,1.0,0.0,0.0,0.0,1.0,1.0
11,165,3.841954824470801,10.0056792238348,1.0,0.0,1.0,0.0,0.0,1.0
12,165,4.049061315128999,0.0,0.0,0.0,1.0,1.0,0.0,0.0
13,165,1.2816663417066416,7.1417828882463885,0.0,0.0,1.0,0.0,0.0,0.0
14,165,11.52148937901038,3.0844010586542225,1.0,1.0,1.0,0.0,0.0,1.0
15,165,6.953483957269665,0.839774021719016,0.0,0.0,0.0,1.0,1.0,0.0
16,165,0.8422100626076324,6.19528789887773,0.0,0.0,0.0,0.0,1.0,1.0
17,165,10.767960271013402,11.316633200982707,0.0,0.0,0.0,0.0,1.0,1.0
18,165,6.270465000846386,11.985120183169974,0.0,1.0,0.0,0.0,0.0,1.0
19,165,2.8188629728204986,10.812376859791954,0.0,1.0,0.0,0.0,1.0,0.0
0,170,6.678885005609822,9.864002489624388,0.0,0.0,1.0,1.0,1.0,0.0
1,170,7.84301104750533,11.003973264101312,0.0,0.0,1.0,0.0,0.0,0.0
2,170,8.52215874355276,9.27924504685592,1.0,0.0,0.0,1.0,1.0,1.0
3,170,0.0,5.757220754074276,0.0,0.0,0.0,0.0,1.0,1.0
4,170,8.688774107800876,5.216451296803565,1.0,0.0,1.0,0.0,1.0,1.0
5,170,12.0,2.3322110254977613,0.0,1.0,0.0,0.0,0.0,0.0
6,170,0.0,3.719428071493808,0.0,1.0,0.0,1.0,1.0,0.0
7,170,6.934364847054469,5.758963357893818,0.0,1.0,0.0,1.0,0.0,0.0
8,170,5.574623074397106,9.68618395172763,0.0,0.0,0.0,1.0,0.0,0.0
9,170,5.608323633757764,12.0,1.0,0.0,1.0,0.0,0.0,1.0
10,170,3.1803407687731107,5.692072280317459,1.0,0.0,0.0,0.0,1.0,1.0
11,170,3.809649956753051,10.036073751817796,1.0,0.0,1.0,0.0,0.0,1.0
12,170,4.143680368328851,0.0,0.0,0.0,1.0,1.0,0.0,0.0
13,170,1.3591260999386323,7.015020429490152,0.0,0.0,1.0,0.0,0.0,0.0
14,170,11.51369649158812,3.120571143754513,1.0,1.0,1.0,0.0,0.0,1.0
15,170,7.060166602870426,0.8115583869073812,0.0,0.0,0.0,1.0,1.0,0.0
16,170,0.7528674070521022,6.256920016198153,0.0,0.0,0.0,0.0,1.0,1.0
17,170,10.766978929640556,11.32044517984229,0.0,0.0,0.0,0.0,1.0,1.0
18,170,6.287010368136112,11.982389236347109,0.0,1.0,0.0,0.0,0.0,1.0
19,170,2.8819494206454177,10.877010738489773,0.0,1.0,0.0,0.0,1.0,0.0
0,175,6.7355339996006816,9.89030913064392,0.0,0.0,1.0,1.0,1.0,0.0
1,175,7.879913089802374,11.00204268451415,0.0,0.0,1.0,0.0,0.0,0.0
2,175,8.46915576591272,9.160668673471502,1.0,0.0,0.0,1.0,1.0,1.0
3,175,0.0,5.690703028881235,0.0,0.0,0.0,0.0,1.0,1.0
4,175,8.814346604906198,5.232327604127335,1.0,0.0,1.0,0.0,1.0,1.0
5,175,12.0,2.2244099552011947,0.0,1.0,0.0,0.0,0.0,0.0
6,175,0.0,3.657570779078587,0.0,1.0,0.0,1.0,1.0,0.0
7,175,6.952512769590973,5.76633174473961,0.0,1.0,0.0,1.0,0.0,0.0
8,175,5.77379231624015,9.730941296459882,0.0,0.0,0.0,1.0,0.0,0.0
9,175,5.404832790416056,12.0,1.0,0.0,1.0,0.0,0.0,1.0
10,175,3.1240866083304866,5.804762750216266,1.0,0.0,0.0,0.0,1.0,1.0
11,175,3.7853762923942096,10.058559415452978,1.0,0.0,1.0,0.0,0.0,1.0
12,175,4.248473097267308,0.0,0.0,0.0,1.0,1.0,0.0,0.0
13,175,1.4130144826625988,6.924064921968989,0.0,0.0,1.0,0.0,0.0,0.0
14,175,11.506277613052024,3.1541647348168125,1.0,1.0,1.0,0.0,0.0,1.0
15,175,7.177851187732776,0.7762768818630924,0.0,0.0,0.0,1.0,1.0,0.0
16,175,0.6690063342832876,6.316535295221584,0.0,0.0,0.0,0.0,1.0,1.0
17,175,10.771459680301994,11.30568317973574,0.0,0.0,0.0,0.0,1.0,1.0
18,175,6.301617820351749,11.980231283658735,0.0,1.0,0.0,0.0,0.0,1.0
19,175,2.937106037389928,10.934196667064674,0.0,1.0,0.0,0.0,1.0,0.0
0,180,6.81326494780563,9.924748511534595,0.0,0.0,1.0,1.0,1.0,0.0
1,180,7.908654483716575,11.00047435713149,0.0,0.0,1.0,0.0,0.0,0.0
2,180,8.409906525019188,9.02630924850397,1.0,0.0,0.0,1.0,1.0,1.0
3,180,0.0,5.617769195637032,0.0,0.0,0.0,0.0,1.0,1.0
4,180,8.953624589949154,5.243572753453666,1.0,0.0,1.0,0.0,1.0,1.0
5,180,12.0,2.129384384386149,0.0,1.0,0.0,0.0,0.0,0.0
6,180,0.0,3.584193553089741,0.0,1.0,0.0,1.0,1.0,0.0
7,180,6.983213650703457,5.778048424105429,0.0,1.0,0.0,1.0,0.0,0.0
8,180,5.953209791372176,9.773289121284256,0.0,0.0,0.0,1.0,0.0,0.0
9,180,5.219888971523803,12.0,1.0,0.0,1.0,0.0,0.0,1.0
10,180,3.0578181242120595,5.932753226279448,1.0,0.0,0.0,0.0,1.0,1.0
11,180,3.774333968501888,10.068856609913,1.0,0.0,1.0,0.0,0.0,1.0
12,180,4.347477224658687,0.0,0.0,0.0,1.0,1.0,0.0,0.0
13,180,1.464070360808253,6.840713546996033,0.0,0.0,1.0,0.0,0.0,0.0
14,180,11.500774964009931,3.1762076521095333,1.0,1.0,1.0,0.0,0.0,1.0
15,180,7.296330445824869,0.7395277491139327,0.0,0.0,0.0,1.0,1.0,0.0
16,180,0.5853440826283843,6.377993444063779,0.0,0.0,0.0,0.0,1.0,1.0
17,180,10.774655257388249,11.296034094433669,0.0,0.0,0.0,0.0,1.0,1.0
18,180,6.327686518677499,11.977246561500667,0.0,1.0,0.0,0.0,0.0,1.0
19,180,3.0032131396219257,11.003255238770656,0.0,1.0,0.0,0.0,1.0,0.0
0,185,6.894019938353608,9.956342687957918,0.0,0.0,1.0,1.0,1.0,0.0
1,185,7.941133842352702,10.99902623316972,0.0,0.0,1.0,0.0,0.0,0.0
2,185,8.344660635960912,8.884706177257625,1.0,0.0,0.0,1.0,1.0,1.0
3,185,0.0,5.548319875468263,0.0,0.0,0.0,0.0,1.0,1.0
4,185,9.091593545504148,5.251523025561572,1.0,0.0,1.0,0.0,1.0,1.0
5,185,12.0,2.0247002808144234,0.0,1.0,0.0,0.0,0.0,0.0
6,185,0.0,3.521439216542128,0.0,1.0,0.0,1.0,1.0,0.0
7,185,7.016050732946864,5.789986286495179,0.0,1.0,0.0,1.0,0.0,0.0
8,185,6.128519728956532,9.819016146762,0.0,0.0,0.0,1.0,0.0,0.0
9,185,5.03839498207334,12.0,1.0,0.0,1.0,0.0,0.0,1.0
10,185,3.001843474781993,6.0424238793878855,1.0,0.0,0.0,0.0,1.0,1.0
11,185,3.791498003676192,10.052680751627223,1.0,0.0,1.0,0.0,0.0,1.0
12,185,4.414180462239044,0.0,0.0,0.0,1.0,1.0,0.0,0.0
13,185,1.5244091695124864,6.748922813614995,0.0,0.0,1.0,0.0,0.0,0.0
14,185,11.501517056717868,3.1736279636280544,1.0,1.0,1.0,0.0,0.0,1.0
15,185,7.401614700626992,0.7075851959727881,0.0,0.0,0.0,1.0,1.0,0.0
16,185,0.5061742895863921,6.435836724071497,0.0,0.0,0.0,0.0,1.0,1.0
17,185,10.783779757609224,11.268836314985773,0.0,0.0,0.0,0.0,1.0,1.0
18,185,6.341720584516445,11.975990220759376,0.0,1.0,0.0,0.0,0.0,1.0
19,185,3.056997984276537,11.059129570450452,0.0,1.0,0.0,0.0,1.0,0.0
0,190,6.9646200612754505,9.984701967785028,0.0,0.0,1.0,1.0,1.0,0.0
1,190,7.970349850945975,10.99804549300155,0.0,0.0,1.0,0.0,0.0,0.0
2,190,8.26634861815698,8.724635657746907,1.0,0.0,0.0,1.0,1.0,1.0
3,190,0.0,5.4728900591902345,0.0,0.0,0.0,0.0,1.0,1.0
4,190,9.236580045114913,5.260889533147127,1.0,0.0,1.0,0.0,1.0,1.0
5,190,12.0,1.9187692130415612,0.0,1.0,0.0,0.0,0.0,0.0
6,190,0.0,3.431209935034991,0.0,1.0,0.0,1.0,1.0,0.0
7,190,7.024985351864739,5.792950728055531,0.0,1.0,0.0,1.0,0.0,0.0
8,190,6.286677516029366,9.855882111526338,0.0,0.0,0.0,1.0,0.0,0.0
9,190,4.857703519841051,12.0,1.0,0.0,1.0,0.0,0.0,1.0
10,190,2.9501300125426506,6.146827497695542,1.0,0.0,0.0,0.0,1.0,1.0
11,190,3.8126201732985616,10.032271563003407,1.0,0.0,1.0,0.0,0.0,1.0
12,190,4.491121180475911,0.0,0.0,0.0,1.0,1.0,0.0,0.0
13,190,1.57489839795371,6.6712771780882285,0.0,0.0,1.0,0.0,0.0,0.0
14,190,11.49978667484196,3.179944453033809,1.0,1.0,1.0,0.0,0.0,1.0
15,190,7.512622141653342,0.6729802932431269,0.0,0.0,0.0,1.0,1.0,0.0
16,190,0.402082016416547,6.508755580019336,0.0,0.0,0.0,0.0,1.0,1.0
17,190,10.79260345732537,11.245432855972872,0.0,0.0,0.0,0.0,1.0,1.0
18,190,6.356146717251648,11.974361526328655,0.0,1.0,0.0,0.0,0.0,1.0
19,190,3.107064182826088,11.110411421673378,0.0,1.0,0.0,0.0,1.0,0.0
0,195,7.037858676222512,10.01562942590198,0.0,0.0,1.0,1.0,1.0,0.0
1,195,8.010124127154358,10.997055477591523,0.0,0.0,1.0,0.0,0.0,0.0
2,195,8.172495285110458,8.545576319291788,1.0,0.0,0.0,1.0,1.0,1.0
3,195,0.0,5.398079191058653,0.0,0.0,0.0,0.0,1.0,1.0
4,195,9.402934251217138,5.265214923493928,1.0,0.0,1.0,0.0,1.0,1.0
5,195,12.0,1.803479284113007,0.0,1.0,0.0,0.0,0.0,0.0
6,195,0.0,3.332686238999074,0.0,1.0,0.0,1.0,1.0,0.0
7,195,7.0278900269445845,5.793879235407448,0.0,1.0,0.0,1.0,0.0,0.0
8,195,6.4585454825223545,9.8965560721966,0.0,0.0,0.0,1.0,0.0,0.0
9,195,4.676787031300938,12.0,1.0,0.0,1.0,0.0,0.0,1.0
10,195,2.903042380335084,6.241993346927556,1.0,0.0,0.0,0.0,1.0,1.0
11,195,3.838611203978461,10.00853562092478,1.0,0.0,1.0,0.0,0.0,1.0
12,195,4.5838361518023785,0.0,0.0,0.0,1.0,1.0,0.0,0.0
13,195,1.62165133103643,6.598459111589452,0.0,0.0,1.0,0.0,0.0,0.0
14,195,11.499439913233967,3.181387741479772,1.0,1.0,1.0,0.0,0.0,1.0
15,195,7.627366418277679,0.6382400839576106,0.0,0.0,0.0,1.0,1.0,0.0
16,195,0.2976368072517377,6.579369301242889,0.0,0.0,0.0,0.0,1.0,1.0
17,195,10.798384572622794,11.228995325742568,0.0,0.0,0.0,0.0,1.0,1.0
18,195,6.386500311810513,11.971521652935207,0.0,1.0,0.0,0.0,0.0,1.0
19,195,3.171792814937638,11.17807943425617,0.0,1.0,0.0,0.0,1.0,0.0
0,200,7.112980419981912,10.047338097486998,0.0,0.0,1.0,1.0,1.0,0.0
1,200,8.068581440586767,10.995488754106354,0.0,0.0,1.0,0.0,0.0,0.0
2,200,8.07742716993249,8.35505306934529,1.0,0.0,0.0,1.0,1.0,1.0
3,200,0.0,5.317789561673397,0.0,0.0,0.0,0.0,1.0,1.0
4,200,9.570537042658326,5.276476206597193,1.0,0.0,1.0,0.0,1.0,1.0
5,200,12.0,1.687650709256948,0.0,1.0,0.0,0.0,0.0,0.0
6,200,0.0,3.238680640392227,0.0,1.0,0.0,1.0,1.0,0.0
7,200,7.005626097592253,5.786313855347174,0.0,1.0,0.0,1.0,0.0,0.0
8,200,6.639481726735056,9.943872133000308,0.0,0.0,0.0,1.0,0.0,0.0
9,200,4.493594767319345,12.0,1.0,0.0,1.0,0.0,0.0,1.0
10,200,2.8499027718662715,6.345775699421225,1.0,0.0,0.0,0.0,1.0,1.0
11,200,3.8556907399047367,9.993409984170071,1.0,0.0,1.0,0.0,0.0,1.0
12,200,4.662489924365911,0.0,0.0,0.0,1.0,1.0,0.0,0.0
13,200,1.6637368184248238,6.530787023095809,0.0,0.0,1.0,0.0,0.0,0.0
14,200,11.494038483006795,3.202838444074747,1.0,1.0,1.0,0.0,0.0,1.0
15,200,7.735982889113795,0.6042592758022122,0.0,0.0,0.0,1.0,1.0,0.0
16,200,0.1994833829020835,6.644698541531983,0.0,0.0,0.0,0.0,1.0,1.0
17,200,10.805394476064295,11.211112213329564,0.0,0.0,0.0,0.0,1.0,1.0
18,200,6.434883756695472,11.966256438186091,0.0,1.0,0.0,0.0,0.0,1.0
19,200,3.247194284476236,11.255553269391616,0.0,1.0,0.0,0.0,1.0,0.0
0,205,7.202008996152486,10.083505406442042,0.0,0.0,1.0,1.0,1.0,0.0
1,205,8.108788790176868,10.995135457589242,0.0,0.0,1.0,0.0,0.0,0.0
2,205,7.98478390790531,8.174671843555306,1.0,0.0,0.0,1.0,1.0,1.0
3,205,0.0,5.220271579098315,0.0,0.0,0.0,0.0,1.0,1.0
4,205,9.73187622205938,5.287480601266799,1.0,0.0,1.0,0.0,1.0,1.0
5,205,12.0,1.5712622714950717,0.0,1.0,0.0,0.0,0.0,0.0
6,205,0.0,3.1546922346970407,0.0,1.0,0.0,1.0,1.0,0.0
7,205,6.966505651032082,5.771541636463933,0.0,1.0,0.0,1.0,0.0,0.0
8,205,6.8331098360905385,9.994757010539038,0.0,0.0,0.0,1.0,0.0,0.0
9,205,4.303254885569495,12.0,1.0,0.0,1.0,0.0,0.0,1.0
10,205,2.790237212429623,6.458856163256245,1.0,0.0,0.0,0.0,1.0,1.0
11,205,3.870062934863855,9.98156615020761,1.0,0.0,1.0,0.0,0.0,1.0
12,205,4.748234722858113,0.0,0.0,0.0,1.0,1.0,0.0,0.0
13,205,1.7131125795938886,6.459939207032162,0.0,0.0,1.0,0.0,0.0,0.0
14,205,11.485429142786382,3.239835805374541,1.0,1.0,1.0,0.0,0.0,1.0
15,205,7.834993441618203,0.5732173943626327,0.0,0.0,0.0,1.0,1.0,0.0
16,205,0.0979610919496759,6.7118769821354,0.0,0.0,0.0,0.0,1.0,1.0
17,205,10.81367247530451,11.190222342974169,0.0,0.0,0.0,0.0,1.0,1.0
18,205,6.468294713164783,11.962156284030236,0.0,1.0,0.0,0.0,0.0,1.0
19,205,3.326021110013541,11.339451645275398,0.0,1.0,0.0,0.0,1.0,0.0
0,210,7.278545634248608,10.116233362503168,0.0,0.0,1.0,1.0,1.0,0.0
1,210,8.141238377306637,10.996605750043438,0.0,0.0,1.0,0.0,0.0,0.0
2,210,7.897980940037635,7.998268756213756,1.0,0.0,0.0,1.0,1.0,1.0
3,210,0.0,5.115477259559312,0.0,0.0,0.0,0.0,1.0,1.0
4,210,9.89819032373864,5.303336919283388,1.0,0.0,1.0,0.0,1.0,1.0
5,210,12.0,1.4454186189027691,0.0,1.0,0.0,0.0,0.0,0.0
6,210,0.0,3.0405035238812474,0.0,1.0,0.0,1.0,1.0,0.0
7,210,6.927893903928676,5.758674202593963,0.0,1.0,0.0,1.0,0.0,0.0
8,210,7.028732679304765,10.043403413839048,0.0,0.0,0.0,1.0,0.0,0.0
9,210,4.110426660984754,12.0,1.0,0.0,1.0,0.0,0.0,1.0
10,210,2.7424370432615457,6.551705932661322,1.0,0.0,0.0,0.0,1.0,1.0
11,210,3.8841429521224176,9.970164356561051,1.0,0.0,1.0,0.0,0.0,1.0
12,210,4.825946191505061,0.0,0.0,0.0,1.0,1.0,0.0,0.0
13,210,1.7564403909883406,6.39866890230743,0.0,0.0,1.0,0.0,0.0,0.0
14,210,11.475883682671403,3.2832049066379367,1.0,1.0,1.0,0.0,0.0,1.0
15,210,7.93735792030084,0.5413530516576306,0.0,0.0,0.0,1.0,1.0,0.0
16,210,0.0,6.779767621949522,0.0,0.0,0.0,0.0,1.0,1.0
17,210,10.812641241427787,11.19272863890932,0.0,0.0,0.0,0.0,1.0,1.0
18,210,6.515146792834095,11.957860445919364,0.0,1.0,0.0,0.0,0.0,1.0
19,210,3.389498260295533,11.408078210987789,0.0,1.0,0.0,0.0,1.0,0.0
0,215,7.339536099733243,10.141505812068448,0.0,0.0,1.0,1.0,1.0,0.0
1,215,8.182377380736801,10.998719890456998,0.0,0.0,1.0,0.0,0.0,0.0
2,215,7.805855889372849,7.828916270801821,1.0,0.0,0.0,1.0,1.0,1.0
3,215,0.0,5.0016735990925945,0.0,0.0,0.0,0.0,1.0,1.0
4,215,10.07521764311177,5.32230326576524,1.0,0.0,1.0,0.0,1.0,1.0
5,215,12.0,1.3158314477583457,0.0,1.0,0.0,0.0,0.0,0.0
6,215,0.0,2.9349402768153907,0.0,1.0,0.0,1.0,1.0,0.0
7,215,6.887035070560874,5.745903505783024,0.0,1.0,0.0,1.0,0.0,0.0
8,215,7.229865682424849,10.083725223473444,0.0,0.0,0.0,1.0,0.0,0.0
9,215,3.9101290492991048,12.0,1.0,0.0,1.0,0.0,0.0,1.0
10,215,2.696158186223639,6.646714678621307,1.0,0.0,0.0,0.0,1.0,1.0
11,215,3.910775124952632,9.948143979370029,1.0,0.0,1.0,0.0,0.0,1.0
12,215,4.881474795741855,0.0,0.0,0.0,1.0,1.0,0.0,0.0
13,215,1.78214281640554,6.362233692993782,0.0,0.0,1.0,0.0,0.0,0.0
14,215,11.471585839056528,3.30172256841734,1.0,1.0,1.0,0.0,0.0,1.0
15,215,8.04086008661002,0.5114042495914576,0.0,0.0,0.0,1.0,1.0,0.0
16,215,0.0,6.851860534202533,0.0,0.0,0.0,0.0,1.0,1.0
17,215,10.808540949440594,11.203091774965417,0.0,0.0,0.0,0.0,1.0,1.0
18,215,6.569686380038474,11.954780313357046,0.0,1.0,0.0,0.0,0.0,1.0
19,215,3.447166585622936,11.475338883011974,0.0,1.0,0.0,0.0,1.0,0.0
0,220,7.38468490007006,10.159832463190344,0.0,0.0,1.0,1.0,1.0,0.0
1,220,8.234822731296736,10.999968448615748,0.0,0.0,1.0,0.0,0.0,0.0
2,220,7.716589983129427,7.666153906165528,1.0,0.0,0.0,1.0,1.0,1.0
3,220,0.0,4.885145225818006,0.0,0.0,0.0,0.0,1.0,1.0
4,220,10.2332258919022,5.339223674600599,1.0,0.0,1.0,0.0,1.0,1.0
5,220,12.0,1.181797542966529,0.0,1.0,0.0,0.0,0.0,0.0
6,220,0.0,2.8174022390541587,0.0,1.0,0.0,1.0,1.0,0.0
7,220,6.872930863558424,5.741456455816092,0.0,1.0,0.0,1.0,0.0,0.0
8,220,7.4357874011534335,10.12924893732909,0.0,0.0,0.0,1.0,0.0,0.0
9,220,3.711980689002771,12.0,1.0,0.0,1.0,0.0,0.0,1.0
10,220,2.650305195224925,6.742868634453517,1.0,0.0,0.0,0.0,1.0,1.0
11,220,3.930303808832413,9.931320826352314,1.0,0.0,1.0,0.0,0.0,1.0
12,220,4.963376127561372,0.0,0.0,0.0,1.0,1.0,0.0,0.0
13,220,1.7993231223472068,6.338914425392375,0.0,0.0,1.0,0.0,0.0,0.0
14,220,11.467619855030094,3.319513021452423,1.0,1.0,1.0,0.0,0.0,1.0
15,220,8.138315042524995,0.4826530493426939,0.0,0.0,0.0,1.0,1.0,0.0
16,220,0.0,6.931191729445871,0.0,0.0,0.0,0.0,1.0,1.0
17,220,10.799546499637072,11.227256596494689,0.0,0.0,0.0,0.0,1.0,1.0
18,220,6.634827334282099,11.95193056607549,0.0,1.0,0.0,0.0,0.0,1.0
19,220,3.504727881332377,11.542031780251158,0.0,1.0,0.0,0.0,1.0,0.0
0,225,7.438358903769808,10.182852266572596,0.0,0.0,1.0,1.0,1.0,0.0
1,225,8.266576308878387,11.000577664760792,0.0,0.0,1.0,0.0,0.0,0.0
2,225,7.622926910364771,7.504273467001986,1.0,0.0,0.0,1.0,1.0,1.0
3,225,0.0,4.768830572676212,0.0,0.0,0.0,0.0,1.0,1.0
4,225,10.38156108000554,5.358078624351321,1.0,0.0,1.0,0.0,1.0,1.0
5,225,12.0,1.0450101115989303,0.0,1.0,0.0,0.0,0.0,0.0
6,225,0.0,2.698880897053345,0.0,1.0,0.0,1.0,1.0,0.0
7,225,6.857460927443528,5.736290448135531,0.0,1.0,0.0,1.0,0.0,0.0
8,225,7.651023261565535,10.17834567709554,0.0,0.0,0.0,1.0,0.0,0.0
9,225,3.4985550323404158,12.0,1.0,0.0,1.0,0.0,0.0,1.0
10,225,2.589553598638463,6.86368692135397,1.0,0.0,0.0,0.0,1.0,1.0
11,225,3.958505074181328,9.90861982496691,1.0,0.0,1.0,0.0,0.0,1.0
12,225,5.034312404781769,0.0,0.0,0.0,1.0,1.0,0.0,0.0
13,225,1.8185634432960407,6.313471018952213,0.0,0.0,1.0,0.0,0.0,0.0
14,225,11.46430816380791,3.336379953187597,1.0,1.0,1.0,0.0,0.0,1.0
15,225,8.231292770091624,0.4539856410472573,0.0,0.0,0.0,1.0,1.0,0.0
16,225,0.0,7.001108158955203,0.0,0.0,0.0,0.0,1.0,1.0
17,225,10.789641069085906,11.254802762401276,0.0,0.0,0.0,0.0,1.0,1.0
18,225,6.714133773891205,11.949458330809335,0.0,1.0,0.0,0.0,0.0,1.0
19,225,3.5561913582701967,11.600036687404325,0.0,1.0,0.0,0.0,1.0,0.0
0,230,7.480470419484899,10.200604685172651,0.0,0.0,1.0,1.0,1.0,0.0
1,230,8.332097379391866,11.001307549618888,0.0,0.0,1.0,0.0,0.0,0.0
2,230,7.520841426209871,7.335981194955298,1.0,0.0,0.0,1.0,1.0,1.0
3,230,0.0,4.658125954591331,0.0,0.0,0.0,0.0,1.0,1.0
4,230,10.531030408965504,5.373970196610969,1.0,0.0,1.0,0.0,1.0,1.0
5,230,12.0,0.9045742058046946,0.0,1.0,0.0,0.0,0.0,0.0
6,230,0.0,2.5701294006074225,0.0,1.0,0.0,1.0,1.0,0.0
7,230,6.847602527797458,5.733221603301322,0.0,1.0,0.0,1.0,0.0,0.0
8,230,7.883051139379368,10.238242362650755,0.0,0.0,0.0,1.0,0.0,0.0
9,230,3.2780032902411658,12.0,1.0,0.0,1.0,0.0,0.0,1.0
10,230,2.5269577012446227,6.987242204180198,1.0,0.0,0.0,0.0,1.0,1.0
11,230,3.98221003550956,9.889549060742338,1.0,0.0,1.0,0.0,0.0,1.0
12,230,5.111491130353149,0.0,0.0,0.0,1.0,1.0,0.0,0.0
13,230,1.8540576220118208,6.262821518869321,0.0,0.0,1.0,0.0,0.0,0.0
14,230,11.464243056122744,3.3367063238068946,1.0,1.0,1.0,0.0,0.0,1.0
15,230,8.313854103381923,0.4301903651261927,0.0,0.0,0.0,1.0,1.0,0.0
16,230,0.0,7.075580468596961,0.0,0.0,0.0,0.0,1.0,1.0
17,230,10.777491102702268,11.289591762134826,0.0,0.0,0.0,0.0,1.0,1.0
18,230,6.798600624993014,11.94487237391281,0.0,1.0,0.0,0.0,0.0,1.0
19,230,3.601647929533627,11.654836654171929,0.0,1.0,0.0,0.0,1.0,0.0
0,235,7.501830668213751,10.210474495564704,0.0,0.0,1.0,1.0,1.0,0.0
1,235,8.419166674582053,11.001521389246433,0.0,0.0,1.0,0.0,0.0,0.0
2,235,7.412323463488331,7.15663590859552,1.0,0.0,0.0,1.0,1.0,1.0
3,235,0.0,4.547450572545718,0.0,0.0,0.0,0.0,1.0,1.0
4,235,10.668842942045064,5.3896223530186775,1.0,0.0,1.0,0.0,1.0,1.0
5,235,12.0,0.7525348102698599,0.0,1.0,0.0,0.0,0.0,0.0
6,235,0.0,2.426610667732429,0.0,1.0,0.0,1.0,1.0,0.0
7,235,6.81724146750987,5.722797098971773,0.0,1.0,0.0,1.0,0.0,0.0
8,235,8.095080960239148,10.295116422523874,0.0,0.0,0.0,1.0,0.0,0.0
9,235,3.050265750394999,12.0,1.0,0.0,1.0,0.0,0.0,1.0
10,235,2.4723918168300405,7.097892649467451,1.0,0.0,0.0,0.0,1.0,1.0
11,235,4.011395784473225,9.866519697893915,1.0,0.0,1.0,0.0,0.0,1.0
12,235,5.196990640401268,0.0,0.0,0.0,1.0,1.0,0.0,0.0
13,235,1.8900284714406028,6.211536006666396,0.0,0.0,1.0,0.0,0.0,0.0
14,235,11.463361236917937,3.340598660982425,1.0,1.0,1.0,0.0,0.0,1.0
15,235,8.399609432031115,0.4047892103541564,0.0,0.0,0.0,1.0,1.0,0.0
16,235,0.0,7.157153889331466,0.0,0.0,0.0,0.0,1.0,1.0
17,235,10.767298463412803,11.320546204740236,0.0,0.0,0.0,0.0,1.0,1.0
18,235,6.903238652141843,11.93741900860964,0.0,1.0,0.0,0.0,0.0,1.0
19,235,3.64855951567834,11.708365273121329,0.0,1.0,0.0,0.0,1.0,0.0
0,240,7.548063871485787,10.231498960684169,0.0,0.0,1.0,1.0,1.0,0.0
1,240,8.52091303252163,11.001613082803177,0.0,0.0,1.0,0.0,0.0,0.0
2,240,7.2964463568927025,6.969371317261986,1.0,0.0,0.0,1.0,1.0,1.0
3,240,0.0,4.4271496584551,0.0,0.0,0.0,0.0,1.0,1.0
4,240,10.817777235822726,5.403796051761693,1.0,0.0,1.0,0.0,1.0,1.0
5,240,12.0,0.5974153091687585,0.0,1.0,0.0,0.0,0.0,0.0
6,240,0.0,2.291538565951881,0.0,1.0,0.0,1.0,1.0,0.0
7,240,6.770758858920053,5.707515000665614,0.0,1.0,0.0,1.0,0.0,0.0
8,240,8.315455997816054,10.35157469662692,0.0,0.0,0.0,1.0,0.0,0.0
9,240,2.811630317083019,12.0,1.0,0.0,1.0,0.0,0.0,1.0
10,240,2.4128259165392727,7.216967213638039,1.0,0.0,0.0,0.0,1.0,1.0
11,240,4.024949833044712,9.855868357950357,1.0,0.0,1.0,0.0,0.0,1.0
12,240,5.277891452738316,0.0,0.0,0.0,1.0,1.0,0.0,0.0
13,240,1.9233157401833916,6.165850616616375,0.0,0.0,1.0,0.0,0.0,0.0
14,240,11.465544931312625,3.330695785393201,1.0,1.0,1.0,0.0,0.0,1.0
15,240,8.478437864540595,0.3830988211321403,0.0,0.0,0.0,1.0,1.0,0.0
16,240,0.0,7.239504907211443,0.0,0.0,0.0,0.0,1.0,1.0
17,240,10.762614837907533,11.335572280529837,0.0,0.0,0.0,0.0,1.0,1.0
18,240,7.030049469582642,11.929823547101355,0.0,1.0,0.0,0.0,0.0,1.0
19,240,3.710583537694218,11.778416567193355,0.0,1.0,0.0,0.0,1.0,0.0
0,245,7.602915110102026,10.255907742189006,0.0,0.0,1.0,1.0,1.0,0.0
1,245,8.63615837595249,10.99944858073957,0.0,0.0,1.0,0.0,0.0,0.0
2,245,7.169243233570804,6.771304884489919,1.0,0.0,0.0,1.0,1.0,1.0
3,245,0.0,4.307728944941792,0.0,0.0,0.0,0.0,1.0,1.0
4,245,10.969649150785877,5.417916620656024,1.0,0.0,1.0,0.0,1.0,1.0
5,245,12.0,0.4431728395642742,0.0,1.0,0.0,0.0,0.0,0.0
6,245,0.0,2.141151669474002,0.0,1.0,0.0,1.0,1.0,0.0
7,245,6.73093052413068,5.693402424971601,0.0,1.0,0.0,1.0,0.0,0.0
8,245,8.515918852596284,10.396497122926906,0.0,0.0,0.0,1.0,0.0,0.0
9,245,2.5678358160909185,12.0,1.0,0.0,1.0,0.0,0.0,1.0
10,245,2.3575912146031284,7.321940484145033,1.0,0.0,0.0,0.0,1.0,1.0
11,245,4.043803652557827,9.84165640796377,1.0,0.0,1.0,0.0,0.0,1.0
12,245,5.356723704950684,0.0,0.0,0.0,1.0,1.0,0.0,0.0
13,245,1.96381813571763,6.111462783239123,0.0,0.0,1.0,0.0,0.0,0.0
14,245,11.466340597953726,3.327236977897664,1.0,1.0,1.0,0.0,0.0,1.0
15,245,8.556898598936932,0.3623705436840257,0.0,0.0,0.0,1.0,1.0,0.0
16,245,0.0,7.330517494481477,0.0,0.0,0.0,0.0,1.0,1.0
17,245,10.75147612584677,11.369877752955285,0.0,0.0,0.0,0.0,1.0,1.0
18,245,7.168568538092568,11.920073664648834,0.0,1.0,0.0,0.0,0.0,1.0
19,245,3.779444011198414,11.85500624625702,0.0,1.0,0.0,0.0,1.0,0.0
0,250,7.681992089038767,10.290977401208089,0.0,0.0,1.0,1.0,1.0,0.0
1,250,8.72483486037216,10.999069072415027,0.0,0.0,1.0,0.0,0.0,0.0
2,250,7.028135930257118,6.55328974468938,1.0,0.0,0.0,1.0,1.0,1.0
3,250,0.0,4.195761165831184,0.0,0.0,0.0,0.0,1.0,1.0
4,250,11.111368509414762,5.431629035730961,1.0,0.0,1.0,0.0,1.0,1.0
5,250,12.0,0.304381034435415,0.0,1.0,0.0,0.0,0.0,0.0
6,250,0.0,2.002153364173892,0.0,1.0,0.0,1.0,1.0,0.0
7,250,6.679783662046855,5.674650811468888,0.0,1.0,0.0,1.0,0.0,0.0
8,250,8.719295443848612,10.442570886027507,0.0,0.0,0.0,1.0,0.0,0.0
9,250,2.31344963099569,12.0,1.0,0.0,1.0,0.0,0.0,1.0
10,250,2.3074002563765843,7.415905430198924,1.0,0.0,0.0,0.0,1.0,1.0
11,250,4.06586891569324,9.825375900240031,1.0,0.0,1.0,0.0,0.0,1.0
12,250,5.4477975861825945,0.0,0.0,0.0,1.0,1.0,0.0,0.0
13,250,1.9900307555954129,6.074159444414813,0.0,0.0,1.0,0.0,0.0,0.0
14,250,11.46728996578698,3.3227638495813627,1.0,1.0,1.0,0.0,0.0,1.0
15,250,8.621820657412169,0.345692920199756,0.0,0.0,0.0,1.0,1.0,0.0
16,250,0.0,7.436125197934516,0.0,0.0,0.0,0.0,1.0,1.0
17,250,10.739946137114588,11.406819098807471,0.0,0.0,0.0,0.0,1.0,1.0
18,250,7.317314888958538,11.905833682300791,0.0,1.0,0.0,0.0,0.0,1.0
19,250,3.83796530285363,11.924725173525228,0.0,1.0,0.0,0.0,1.0,0.0
0,255,7.754873717716432,10.319571077241733,0.0,0.0,1.0,1.0,1.0,0.0
1,255,8.824695153269692,10.998646515915292,0.0,0.0,1.0,0.0,0.0,0.0
2,255,6.881848462757943,6.332516741579823,1.0,0.0,0.0,1.0,1.0,1.0
3,255,0.0,4.083226465302941,0.0,0.0,0.0,0.0,1.0,1.0
4,255,11.25767252661367,5.442994147852913,1.0,0.0,1.0,0.0,1.0,1.0
5,255,12.0,0.1588913066953512,0.0,1.0,0.0,0.0,0.0,0.0
6,255,0.0,1.8670512400445127,0.0,1.0,0.0,1.0,1.0,0.0
7,255,6.63321594255947,5.6571343042315485,0.0,1.0,0.0,1.0,0.0,0.0
8,255,8.910713493640063,10.480869547743186,0.0,0.0,0.0,1.0,0.0,0.0
9,255,2.058323265480554,12.0,1.0,0.0,1.0,0.0,0.0,1.0
10,255,2.2546604813198163,7.511057522756694,1.0,0.0,0.0,0.0,1.0,1.0
11,255,4.104787883589336,9.795214255271718,1.0,0.0,1.0,0.0,0.0,1.0
12,255,5.529673087174665,0.0,0.0,0.0,1.0,1.0,0.0,0.0
13,255,2.0094732297039704,6.046011594489676,0.0,0.0,1.0,0.0,0.0,0.0
14,255,11.466665028399657,3.32601552154368,1.0,1.0,1.0,0.0,0.0,1.0
15,255,8.683721688074375,0.3269012478573895,0.0,0.0,0.0,1.0,1.0,0.0
16,255,0.0,7.538727627318956,0.0,0.0,0.0,0.0,1.0,1.0
17,255,10.718527071295403,11.47803615433858,0.0,0.0,0.0,0.0,1.0,1.0
18,255,7.464963734228013,11.889663203287816,0.0,1.0,0.0,0.0,0.0,1.0
19,255,3.898590608416413,11.996197362074726,0.0,1.0,0.0,0.0,1.0,0.0
0,260,7.833150254794766,10.34916521061811,0.0,0.0,1.0,1.0,1.0,0.0
1,260,8.946464957804114,10.997293305551093,0.0,0.0,1.0,0.0,0.0,0.0
2,260,6.739897905721417,6.121207834586483,1.0,0.0,0.0,1.0,1.0,1.0
3,260,0.0,3.968447540004656,0.0,0.0,0.0,0.0,1.0,1.0
4,260,11.407556944712358,5.457190067678722,1.0,0.0,1.0,0.0,1.0,1.0
5,260,12.0,0.0204150343575424,0.0,1.0,0.0,0.0,0.0,0.0
6,260,0.0,1.7429487036600717,0.0,1.0,0.0,1.0,1.0,0.0
7,260,6.582969903210938,5.638701637255811,0.0,1.0,0.0,1.0,0.0,0.0
8,260,9.114509499753296,10.518532992568408,0.0,0.0,0.0,1.0,0.0,0.0
9,260,1.8040523261110395,12.0,1.0,0.0,1.0,0.0,0.0,1.0
10,260,2.2048947603461087,7.601651150575837,1.0,0.0,0.0,0.0,1.0,1.0
11,260,4.14216085783232,9.76556979312542,1.0,0.0,1.0,0.0,0.0,1.0
12,260,5.60354998066671,0.0,0.0,0.0,1.0,1.0,0.0,0.0
13,260,2.0365536882209314,6.008375295144072,0.0,0.0,1.0,0.0,0.0,0.0
14,260,11.467112762904998,3.323520714814568,1.0,1.0,1.0,0.0,0.0,1.0
15,260,8.752364787768405,0.3043714603750788,0.0,0.0,0.0,1.0,1.0,0.0
16,260,0.0,7.626618987440969,0.0,0.0,0.0,0.0,1.0,1.0
17,260,10.69837541214516,11.553818838274482,0.0,0.0,0.0,0.0,1.0,1.0
18,260,7.626871766407278,11.871558239310902,0.0,1.0,0.0,0.0,0.0,1.0
19,260,3.951764942437103,12.0,0.0,1.0,0.0,0.0,1.0,0.0
0,265,7.9135142304955375,10.376419793294987,0.0,0.0,1.0,1.0,1.0,0.0
1,265,9.0423273412745,10.995904008245295,0.0,0.0,1.0,0.0,0.0,0.0
2,265,6.597130786642976,5.916964781281182,1.0,0.0,0.0,1.0,1.0,1.0
3,265,0.0,3.850645345592719,0.0,0.0,0.0,0.0,1.0,1.0
4,265,11.57666794115482,5.4727173575642,1.0,0.0,1.0,0.0,1.0,1.0
5,265,12.0,0.0,0.0,1.0,0.0,0.0,0.0,0.0
6,265,0.0,1.619616021424042,0.0,1.0,0.0,1.0,1.0,0.0
7,265,6.548537545510174,5.625886240091395,0.0,1.0,0.0,1.0,0.0,0.0
8,265,9.331506637841072,10.553354214151607,0.0,0.0,0.0,1.0,0.0,0.0
9,265,1.54622723494412,12.0,1.0,0.0,1.0,0.0,0.0,1.0
10,265,2.14717089099304,7.704430758691471,1.0,0.0,0.0,0.0,1.0,1.0
11,265,4.196097177681311,9.722895459504166,1.0,0.0,1.0,0.0,0.0,1.0
12,265,5.665018563399245,0.0,0.0,0.0,1.0,1.0,0.0,0.0
13,265,2.062329307406624,5.972952003170358,0.0,0.0,1.0,0.0,0.0,0.0
14,265,11.467931551251898,3.3192580334514745,1.0,1.0,1.0,0.0,0.0,1.0
15,265,8.821687234855128,0.2825834879605791,0.0,0.0,0.0,1.0,1.0,0.0
16,265,0.0,7.704032701846081,0.0,0.0,0.0,0.0,1.0,1.0
17,265,10.6770908300171,11.62972626205509,0.0,0.0,0.0,0.0,1.0,1.0
18,265,7.773040448209922,11.855380135283903,0.0,1.0,0.0,0.0,0.0,1.0
19,265,3.9949535417579862,12.0,0.0,1.0,0.0,0.0,1.0,0.0
0,270,7.9906718730991075,10.403368026538956,0.0,0.0,1.0,1.0,1.0,0.0
1,270,9.151796421503464,10.996231619562154,0.0,0.0,1.0,0.0,0.0,0.0
2,270,6.4548659114522575,5.714550166241613,1.0,0.0,0.0,1.0,1.0,1.0
3,270,0.0,3.727210697477903,0.0,0.0,0.0,0.0,1.0,1.0
4,270,11.735541064006066,5.488673208926378,1.0,0.0,1.0,0.0,1.0,1.0
5,270,12.0,0.0,0.0,1.0,0.0,0.0,0.0,0.0
6,270,0.0,1.5109083683475342,0.0,1.0,0.0,1.0,1.0,0.0
7,270,6.51879806546734,5.6150824749136135,0.0,1.0,0.0,1.0,0.0,0.0
8,270,9.528606363125528,10.585255325687756,0.0,0.0,0.0,1.0,0.0,0.0
9,270,1.280499465258663,12.0,1.0,0.0,1.0,0.0,0.0,1.0
10,270,2.100588833195227,7.783426557158554,1.0,0.0,0.0,0.0,1.0,1.0
11,270,4.242694624135958,9.687130378250744,1.0,0.0,1.0,0.0,0.0,1.0
12,270,5.70690681246878,0.0,0.0,0.0,1.0,1.0,0.0,0.0
13,270,2.112826276516647,5.903406407247265,0.0,0.0,1.0,0.0,0.0,0.0
14,270,11.4715186590245,3.2993141119226626,1.0,1.0,1.0,0.0,0.0,1.0
15,270,8.88821186390377,0.2617690176944379,0.0,0.0,0.0,1.0,1.0,0.0
16,270,0.0,7.78961616552182,0.0,0.0,0.0,0.0,1.0,1.0
17,270,10.6489511644134,11.7279305461643,0.0,0.0,0.0,0.0,1.0,1.0
18,270,7.910465414409621,11.843450907490649,0.0,1.0,0.0,0.0,0.0,1.0
19,270,4.044513478446024,12.0,0.0,1.0,0.0,0.0,1.0,0.0
0,275,8.06793163264802,10.426725217463474,0.0,0.0,1.0,1.0,1.0,0.0
1,275,9.252999956780076,11.001102019885352,0.0,0.0,1.0,0.0,0.0,0.0
2,275,6.3229384882399495,5.530496550552921,1.0,0.0,0.0,1.0,1.0,1.0
3,275,0.0,3.6032527039352926,0.0,0.0,0.0,0.0,1.0,1.0
4,275,11.88647756910296,5.504784723513785,1.0,0.0,1.0,0.0,1.0,1.0
5,275,12.0,0.0,0.0,1.0,0.0,0.0,0.0,0.0
6,275,0.0,1.403500922109693,0.0,1.0,0.0,1.0,1.0,0.0
7,275,6.480780549409673,5.600899879741148,0.0,1.0,0.0,1.0,0.0,0.0
8,275,9.706518300961882,10.617927891615048,0.0,0.0,0.0,1.0,0.0,0.0
9,275,1.0132911716017747,12.0,1.0,0.0,1.0,0.0,0.0,1.0
10,275,2.04495549527747,7.880858730822176,1.0,0.0,0.0,0.0,1.0,1.0
11,275,4.289417983925618,9.651267448685989,1.0,0.0,1.0,0.0,0.0,1.0
12,275,5.743952938420987,0.0,0.0,0.0,1.0,1.0,0.0,0.0
13,275,2.148688465813719,5.850016976382999,0.0,0.0,1.0,0.0,0.0,0.0
14,275,11.473803887231249,3.2864860116167387,1.0,1.0,1.0,0.0,0.0,1.0
15,275,8.956669239092536,0.240385925543743,0.0,0.0,0.0,1.0,1.0,0.0
16,275,0.0,7.877787994322745,0.0,0.0,0.0,0.0,1.0,1.0
17,275,10.62393512795922,11.816568177157926,0.0,0.0,0.0,0.0,1.0,1.0
18,275,8.054620685237886,11.832605323473407,0.0,1.0,0.0,0.0,0.0,1.0
19,275,4.097957299842086,12.0,0.0,1.0,0.0,0.0,1.0,0.0
0,280,8.179445606761952,10.460600550967357,0.0,0.0,1.0,1.0,1.0,0.0
1,280,9.34106636723424,11.00444363577475,0.0,0.0,1.0,0.0,0.0,0.0
2,280,6.189332953931851,5.346110911798835,1.0,0.0,0.0,1.0,1.0,1.0
3,280,0.0,3.47591090880265,0.0,0.0,0.0,0.0,1.0,1.0
4,280,12.0,5.519852510829908,1.0,0.0,1.0,0.0,1.0,1.0
5,280,12.0,0.0,0.0,1.0,0.0,0.0,0.0,0.0
6,280,0.0,1.2992328569597429,0.0,1.0,0.0,1.0,1.0,0.0
7,280,6.445756014997767,5.588632927832349,0.0,1.0,0.0,1.0,0.0,0.0
8,280,9.88019476214718,10.648907972035696,0.0,0.0,0.0,1.0,0.0,0.0
9,280,0.7328349843496944,12.0,1.0,0.0,1.0,0.0,0.0,1.0
10,280,1.9944706499857725,7.967313684569611,1.0,0.0,0.0,0.0,1.0,1.0
11,280,4.345122204855909,9.607390475129511,1.0,0.0,1.0,0.0,0.0,1.0
12,280,5.762041858990993,0.0,0.0,0.0,1.0,1.0,0.0,0.0
13,280,2.1912610759099613,5.788110030400514,0.0,0.0,1.0,0.0,0.0,0.0
14,280,11.476413062473616,3.270187725233119,1.0,1.0,1.0,0.0,0.0,1.0
15,280,9.028679819700171,0.2169350427597143,0.0,0.0,0.0,1.0,1.0,0.0
16,280,0.0,7.966317768365087,0.0,0.0,0.0,0.0,1.0,1.0
17,280,10.595607656802372,11.911544763173785,0.0,0.0,0.0,0.0,1.0,1.0
18,280,8.207868781462812,11.818939059283847,0.0,1.0,0.0,0.0,0.0,1.0
19,280,4.149186418840893,12.0,0.0,1.0,0.0,0.0,1.0,0.0
0,285,8.318740318486427,10.507697386451207,0.0,0.0,1.0,1.0,1.0,0.0
1,285,9.441458291226756,11.007370322170631,0.0,0.0,1.0,0.0,0.0,0.0
2,285,6.0642704644133945,5.174807799368447,1.0,0.0,0.0,1.0,1.0,1.0
3,285,0.0,3.3367652874994325,0.0,0.0,0.0,0.0,1.0,1.0
4,285,12.0,5.541396741638687,1.0,0.0,1.0,0.0,1.0,1.0
5,285,12.0,0.0,0.0,1.0,0.0,0.0,0.0,0.0
6,285,0.0,1.1919361223205154,0.0,1.0,0.0,1.0,1.0,0.0
7,285,6.38888719579746,5.5685315754187625,0.0,1.0,0.0,1.0,0.0,0.0
8,285,10.039815596110884,10.676022101310036,0.0,0.0,0.0,1.0,0.0,0.0
9,285,0.4404925455700431,12.0,1.0,0.0,1.0,0.0,0.0,1.0
10,285,1.942760534811902,8.0609458079525,1.0,0.0,0.0,0.0,1.0,1.0
11,285,4.40915624499513,9.559535650388296,1.0,0.0,1.0,0.0,0.0,1.0
12,285,5.798187307524846,0.0,0.0,0.0,1.0,1.0,0.0,0.0
13,285,2.230420349102937,5.730775828771483,0.0,0.0,1.0,0.0,0.0,0.0
14,285,11.474942605638164,3.2793290845378085,1.0,1.0,1.0,0.0,0.0,1.0
15,285,9.110300915547914,0.1891811122780695,0.0,0.0,0.0,1.0,1.0,0.0
16,285,0.0,8.05917963142749,0.0,0.0,0.0,0.0,1.0,1.0
17,285,10.570765876057123,11.994781637038264,0.0,0.0,0.0,0.0,1.0,1.0
18,285,8.351823203043564,11.80730015082053,0.0,1.0,0.0,0.0,0.0,1.0
19,285,4.18729613404162,12.0,0.0,1.0,0.0,0.0,1.0,0.0
0,290,8.453901415935903,10.553338974937496,0.0,0.0,1.0,1.0,1.0,0.0
1,290,9.544410830551945,11.011132256429196,0.0,0.0,1.0,0.0,0.0,0.0
2,290,5.93881543138541,5.001336400260363,1.0,0.0,0.0,1.0,1.0,1.0
3,290,0.0,3.196146127578269,0.0,0.0,0.0,0.0,1.0,1.0
4,290,12.0,5.562366921307621,1.0,0.0,1.0,0.0,1.0,1.0
5,290,12.0,0.0,0.0,1.0,0.0,0.0,0.0,0.0
6,290,0.0,1.1005030205990596,0.0,1.0,0.0,1.0,1.0,0.0
7,290,6.325575514521908,5.547758765832963,0.0,1.0,0.0,1.0,0.0,0.0
8,290,10.196587207691964,10.70312577345234,0.0,0.0,0.0,1.0,0.0,0.0
9,290,0.1522339902752176,12.0,1.0,0.0,1.0,0.0,0.0,1.0
10,290,1.8956272797575255,8.143328130227696,1.0,0.0,0.0,0.0,1.0,1.0
11,290,4.45678571670248,9.525623554400669,1.0,0.0,1.0,0.0,0.0,1.0
12,290,5.84682006358997,0.0,0.0,0.0,1.0,1.0,0.0,0.0
13,290,2.2890205773124803,5.64533326646176,0.0,0.0,1.0,0.0,0.0,0.0
14,290,11.47111654734419,3.30327747356493,1.0,1.0,1.0,0.0,0.0,1.0
15,290,9.202737797710055,0.1577251967034919,0.0,0.0,0.0,1.0,1.0,0.0
16,290,0.0,8.144124953830303,0.0,0.0,0.0,0.0,1.0,1.0
17,290,10.546042401016145,12.0,0.0,0.0,0.0,0.0,1.0,1.0
18,290,8.49331766375252,11.79776939315802,0.0,1.0,0.0,0.0,0.0,1.0
19,290,4.210949451903684,12.0,0.0,1.0,0.0,0.0,1.0,0.0
0,295,8.600620246739814,10.60192159338695,0.0,0.0,1.0,1.0,1.0,0.0
1,295,9.64889374264496,11.016871087914252,0.0,0.0,1.0,0.0,0.0,0.0
2,295,5.817020228254759,4.8304535039261856,1.0,0.0,0.0,1.0,1.0,1.0
3,295,0.0,3.0567681415047225,0.0,0.0,0.0,0.0,1.0,1.0
4,295,12.0,5.584652299704132,1.0,0.0,1.0,0.0,1.0,1.0
5,295,12.0,0.0,0.0,1.0,0.0,0.0,0.0,0.0
6,295,0.0,1.0127731561887154,0.0,1.0,0.0,1.0,1.0,0.0
7,295,6.254000116256584,5.522599963340009,0.0,1.0,0.0,1.0,0.0,0.0
8,295,10.359908309119673,10.729927569984222,0.0,0.0,0.0,1.0,0.0,0.0
9,295,0.0,12.0,1.0,0.0,1.0,0.0,0.0,1.0
10,295,1.853162751199689,8.223399179862389,1.0,0.0,0.0,0.0,1.0,1.0
11,295,4.492523719687938,9.500938684563955,1.0,0.0,1.0,0.0,0.0,1.0
12,295,5.876197714612419,0.0,0.0,0.0,1.0,1.0,0.0,0.0
13,295,2.337651529717027,5.577283089177646,0.0,0.0,1.0,0.0,0.0,0.0
14,295,11.465886095787235,3.3361960555316927,1.0,1.0,1.0,0.0,0.0,1.0
15,295,9.306413981004624,0.1220698255468926,0.0,0.0,0.0,1.0,1.0,0.0
16,295,0.0,8.232737608210972,0.0,0.0,0.0,0.0,1.0,1.0
17,295,10.524240013552369,12.0,0.0,0.0,0.0,0.0,1.0,1.0
18,295,8.620552342386826,11.78840105825131,0.0,1.0,0.0,0.0,0.0,1.0
19,295,4.225810649951586,12.0,0.0,1.0,0.0,0.0,1.0,0.0
