0,0,11.051549542435392,4.964498773667995,0.0,0.0,1.0,1.0,1.0,0.0
1,0,11.041594359925783,4.981537028209268,0.0,0.0,1.0,0.0,0.0,0.0
2,0,2.988123266795034,4.076230909273215,1.0,0.0,0.0,1.0,1.0,1.0
3,0,6.029199714231759,1.032038557068154,0.0,0.0,0.0,0.0,1.0,1.0
4,0,5.951406555239031,1.064789017812504,1.0,0.0,1.0,0.0,1.0,1.0
5,0,7.937645610304857,3.0307896266249497,0.0,1.0,0.0,0.0,0.0,0.0
6,0,10.968439761019026,2.016405915557109,0.0,1.0,0.0,1.0,1.0,0.0
7,0,1.0561524764837322,8.012529229043388,0.0,1.0,0.0,1.0,0.0,0.0
8,0,0.0,1.9562885595227075,0.0,0.0,0.0,1.0,0.0,0.0
9,0,2.949986191065619,5.03085036276354,1.0,0.0,1.0,0.0,0.0,1.0
10,0,8.943278026436369,2.982432461459905,1.0,0.0,0.0,0.0,1.0,1.0
11,0,5.058142996600396,8.968513695978007,1.0,0.0,1.0,0.0,0.0,1.0
12,0,1.995689317621002,1.0340453648926489,0.0,0.0,1.0,1.0,0.0,0.0
13,0,5.966770938004613,10.02892901052995,0.0,0.0,1.0,0.0,0.0,0.0
14,0,0.9572173545559955,3.0387735587278253,1.0,1.0,1.0,0.0,0.0,1.0
15,0,6.965057384903005,3.978193363634517,0.0,0.0,0.0,1.0,1.0,0.0
16,0,1.0008566611709544,7.038547873415062,0.0,0.0,0.0,0.0,1.0,1.0
17,0,10.941931317431656,3.005143948443753,0.0,0.0,0.0,0.0,1.0,1.0
18,0,0.0490788523040835,7.019750473753237,0.0,1.0,0.0,0.0,0.0,1.0
19,0,7.015829851942272,2.049915584257998,0.0,1.0,0.0,0.0,1.0,0.0
0,5,11.092298709202584,4.935406086837716,0.0,0.0,1.0,1.0,1.0,0.0
1,5,11.07970805596428,4.964061257558288,0.0,0.0,1.0,0.0,0.0,0.0
2,5,2.9693371583192087,4.185446752597163,1.0,0.0,0.0,1.0,1.0,1.0
3,5,6.052089679886595,1.0581620745778797,0.0,0.0,0.0,0.0,1.0,1.0
4,5,5.8955564220063215,1.1382698611489022,1.0,0.0,1.0,0.0,1.0,1.0
5,5,7.856264400075029,3.0737127824129384,0.0,1.0,0.0,0.0,0.0,0.0
6,5,10.923043784912409,2.0387753689183064,0.0,1.0,0.0,1.0,1.0,0.0
7,5,1.110083186024972,8.025351002813858,0.0,1.0,0.0,1.0,0.0,0.0
8,5,0.0,1.911725751344104,0.0,0.0,0.0,1.0,0.0,0.0
9,5,2.877248669690452,5.07673956492833,1.0,0.0,1.0,0.0,0.0,1.0
10,5,8.888028130533261,2.9656182644769284,1.0,0.0,0.0,0.0,1.0,1.0
11,5,5.110697353921919,8.939726786918811,1.0,0.0,1.0,0.0,0.0,1.0
12,5,1.9884389875788264,1.0855935019030103,0.0,0.0,1.0,1.0,0.0,0.0
13,5,5.933808552190706,10.056145393410745,0.0,0.0,1.0,0.0,0.0,0.0
14,5,0.9354955391460268,3.0580944076966667,1.0,1.0,1.0,0.0,0.0,1.0
15,5,6.947134450073243,3.9678488559616256,0.0,0.0,0.0,1.0,1.0,0.0
16,5,1.0011848082672934,7.051950261274596,0.0,0.0,0.0,0.0,1.0,1.0
17,5,10.851202217766248,3.0126431438993104,0.0,0.0,0.0,0.0,1.0,1.0
18,5,0.1217433653304587,7.048745562580664,0.0,1.0,0.0,0.0,0.0,1.0
19,5,7.034778390958061,2.105531331016277,0.0,1.0,0.0,0.0,1.0,0.0
0,10,11.14081970604804,4.901479733032674,0.0,0.0,1.0,1.0,1.0,0.0
1,10,11.122923114038526,4.943365924370401,0.0,0.0,1.0,0.0,0.0,0.0
2,10,2.949534102702307,4.291705369980308,1.0,0.0,0.0,1.0,1.0,1.0
3,10,6.085702472919374,1.096388453625757,0.0,0.0,0.0,0.0,1.0,1.0
4,10,5.844569848914855,1.2074201488056715,1.0,0.0,1.0,0.0,1.0,1.0
5,10,7.779002804453015,3.1140790978373905,0.0,1.0,0.0,0.0,0.0,0.0
6,10,10.883824919927964,2.0564864344018914,0.0,1.0,0.0,1.0,1.0,0.0
7,10,1.164633228524568,8.038297973486134,0.0,1.0,0.0,1.0,0.0,0.0
8,10,0.0,1.8944546366263195,0.0,0.0,0.0,1.0,0.0,0.0
9,10,2.800252985388368,5.119622371041909,1.0,0.0,1.0,0.0,0.0,1.0
10,10,8.84158593412215,2.95097076971386,1.0,0.0,0.0,0.0,1.0,1.0
11,10,5.169204663396991,8.90845515509351,1.0,0.0,1.0,0.0,0.0,1.0
12,10,1.9803108798732856,1.152675106816718,0.0,0.0,1.0,1.0,0.0,0.0
13,10,5.902294738345367,10.081240514521092,0.0,0.0,1.0,0.0,0.0,0.0
14,10,0.9133561319005248,3.0774615284637354,1.0,1.0,1.0,0.0,0.0,1.0
15,10,6.938061131678059,3.9625553957702793,0.0,0.0,0.0,1.0,1.0,0.0
16,10,1.0012155458583651,7.064521079014847,0.0,0.0,0.0,0.0,1.0,1.0
17,10,10.766117901654672,3.0208705087443413,0.0,0.0,0.0,0.0,1.0,1.0
18,10,0.2170199730558673,7.088330834489073,0.0,1.0,0.0,0.0,0.0,1.0
19,10,7.059570563759077,2.183971779955731,0.0,1.0,0.0,0.0,1.0,0.0
0,15,11.188691630986886,4.86686859261568,0.0,0.0,1.0,1.0,1.0,0.0
1,15,11.178163123290478,4.916940209788133,0.0,0.0,1.0,0.0,0.0,0.0
2,15,2.9334089546372093,4.387393922141907,1.0,0.0,0.0,1.0,1.0,1.0
3,15,6.121597634044191,1.1387928807045118,0.0,0.0,0.0,0.0,1.0,1.0
4,15,5.782094643896554,1.2920682058965334,1.0,0.0,1.0,0.0,1.0,1.0
5,15,7.704412406740229,3.1520013001841667,0.0,1.0,0.0,0.0,0.0,0.0
6,15,10.848054796242131,2.07220061091045,0.0,1.0,0.0,1.0,1.0,0.0
7,15,1.2132822587095893,8.049415841447031,0.0,1.0,0.0,1.0,0.0,0.0
8,15,0.0,1.8707841966406349,0.0,0.0,0.0,1.0,0.0,0.0
9,15,2.7273772274289323,5.15792928711398,1.0,0.0,1.0,0.0,0.0,1.0
10,15,8.795603308577498,2.9362483563809145,1.0,0.0,0.0,0.0,1.0,1.0
11,15,5.24447032319772,8.868737674935492,1.0,0.0,1.0,0.0,0.0,1.0
12,15,1.9728593817188256,1.2233026071541613,0.0,0.0,1.0,1.0,0.0,0.0
13,15,5.889498944249905,10.09140380652959,0.0,0.0,1.0,0.0,0.0,0.0
14,15,0.9091036974918256,3.08125701849987,1.0,1.0,1.0,0.0,0.0,1.0
15,15,6.938091468597514,3.96257312722596,0.0,0.0,0.0,1.0,1.0,0.0
16,15,1.0012809662874365,7.067681759646389,0.0,0.0,0.0,0.0,1.0,1.0
17,15,10.697768214608155,3.0276543958037707,0.0,0.0,0.0,0.0,1.0,1.0
18,15,0.3100048744374454,7.127361490475278,0.0,1.0,0.0,0.0,0.0,1.0
19,15,7.086688603020155,2.2676137974081483,0.0,1.0,0.0,0.0,1.0,0.0
0,20,11.220186511306888,4.84329248011182,0.0,0.0,1.0,1.0,1.0,0.0
1,20,11.24245163763736,4.885708155642789,0.0,0.0,1.0,0.0,0.0,0.0
2,20,2.9126516487921705,4.496952876598587,1.0,0.0,0.0,1.0,1.0,1.0
3,20,6.167858713329103,1.1946832823551912,0.0,0.0,0.0,0.0,1.0,1.0
4,20,5.715883733077964,1.3833126098805435,1.0,0.0,1.0,0.0,1.0,1.0
5,20,7.630491094020093,3.188612817083022,0.0,1.0,0.0,0.0,0.0,0.0
6,20,10.809086087009511,2.088617932252271,0.0,1.0,0.0,1.0,1.0,0.0
7,20,1.2794879208431662,8.066380548262076,0.0,1.0,0.0,1.0,0.0,0.0
8,20,0.0,1.8477983839883296,0.0,0.0,0.0,1.0,0.0,0.0
9,20,2.655152757842283,5.197098867086466,1.0,0.0,1.0,0.0,0.0,1.0
10,20,8.756029919240369,2.9230493107995046,1.0,0.0,0.0,0.0,1.0,1.0
11,20,5.30502693735345,8.838211383073915,1.0,0.0,1.0,0.0,0.0,1.0
12,20,1.9628768050208305,1.3147409331513416,0.0,0.0,1.0,1.0,0.0,0.0
13,20,5.86756883331116,10.110463563451862,0.0,0.0,1.0,0.0,0.0,0.0
14,20,0.9027879873484712,3.08657939220912,1.0,1.0,1.0,0.0,0.0,1.0
15,20,6.929277665294747,3.957363937311881,0.0,0.0,0.0,1.0,1.0,0.0
16,20,1.0012893789747055,7.072256374635613,0.0,0.0,0.0,0.0,1.0,1.0
17,20,10.6893668823611,2.9461639233335,0.0,0.0,0.0,0.0,1.0,1.0
18,20,0.4092147981440104,7.166921199738162,0.0,1.0,0.0,0.0,0.0,1.0
19,20,7.109428972040225,2.3369317648896204,0.0,1.0,0.0,0.0,1.0,0.0
0,25,11.27491376953345,4.804210481576346,0.0,0.0,1.0,1.0,1.0,0.0
1,25,11.288174654900596,4.863334298714207,0.0,0.0,1.0,0.0,0.0,0.0
2,25,2.8962122493823457,4.594619889067264,1.0,0.0,0.0,1.0,1.0,1.0
3,25,6.2070642571736725,1.241474800554093,0.0,0.0,0.0,0.0,1.0,1.0
4,25,5.649006785771888,1.4760982216909833,1.0,0.0,1.0,0.0,1.0,1.0
5,25,7.546366985133417,3.2319153520756188,0.0,1.0,0.0,0.0,0.0,0.0
6,25,10.765903150778293,2.106623436633525,0.0,1.0,0.0,1.0,1.0,0.0
7,25,1.3391336621179573,8.081470475255802,0.0,1.0,0.0,1.0,0.0,0.0
8,25,0.0,1.7957582494925486,0.0,0.0,0.0,1.0,0.0,0.0
9,25,2.564480506050046,5.245328789734111,1.0,0.0,1.0,0.0,0.0,1.0
10,25,8.704869290106172,2.905350366663707,1.0,0.0,0.0,0.0,1.0,1.0
11,25,5.364518967316198,8.80915046544694,1.0,0.0,1.0,0.0,0.0,1.0
12,25,1.9477049569731224,1.4209334371958546,0.0,0.0,1.0,1.0,0.0,0.0
13,25,5.849870109295544,10.125698498230625,0.0,0.0,1.0,0.0,0.0,0.0
14,25,0.8795591215253131,3.106003131896743,1.0,1.0,1.0,0.0,0.0,1.0
15,25,6.914211286947963,3.948423511493629,0.0,0.0,0.0,1.0,1.0,0.0
16,25,1.001033482417293,7.088925170954234,0.0,0.0,0.0,0.0,1.0,1.0
17,25,10.677947645630647,2.838019465025098,0.0,0.0,0.0,0.0,1.0,1.0
18,25,0.5119871239121003,7.206520173909048,0.0,1.0,0.0,0.0,0.0,1.0
19,25,7.131783914472988,2.4029329193860947,0.0,1.0,0.0,0.0,1.0,0.0
0,30,11.33186197369898,4.7639365276736685,0.0,0.0,1.0,1.0,1.0,0.0
1,30,11.34879815756918,4.833603814034506,0.0,0.0,1.0,0.0,0.0,0.0
2,30,2.886346413041526,4.670190953352222,1.0,0.0,0.0,1.0,1.0,1.0
3,30,6.243521906249779,1.2867191094961128,0.0,0.0,0.0,0.0,1.0,1.0
4,30,5.589236840137184,1.560438099788489,1.0,0.0,1.0,0.0,1.0,1.0
5,30,7.46148248266417,3.276893508837537,0.0,1.0,0.0,0.0,0.0,0.0
6,30,10.727612210208491,2.123159643206017,0.0,1.0,0.0,1.0,1.0,0.0
7,30,1.4047292305268195,8.098058098198994,0.0,1.0,0.0,1.0,0.0,0.0
8,30,0.0,1.7390604656009236,0.0,0.0,0.0,1.0,0.0,0.0
9,30,2.489260773247143,5.284680309291867,1.0,0.0,1.0,0.0,0.0,1.0
10,30,8.64547816145688,2.884307118295762,1.0,0.0,0.0,0.0,1.0,1.0
11,30,5.439419196472667,8.772043214140393,1.0,0.0,1.0,0.0,0.0,1.0
12,30,1.929048823119956,1.545711618977155,0.0,0.0,1.0,1.0,0.0,0.0
13,30,5.826540836664862,10.14741003051768,0.0,0.0,1.0,0.0,0.0,0.0
14,30,0.8636544885903025,3.118203109871004,1.0,1.0,1.0,0.0,0.0,1.0
15,30,6.891369857504045,3.934817466817021,0.0,0.0,0.0,1.0,1.0,0.0
16,30,1.000999914654526,7.093135534959655,0.0,0.0,0.0,0.0,1.0,1.0
17,30,10.665283779234208,2.7227295539010328,0.0,0.0,0.0,0.0,1.0,1.0
18,30,0.6123299347115665,7.245047849890873,0.0,1.0,0.0,0.0,0.0,1.0
19,30,7.154957494904345,2.4737491462664094,0.0,1.0,0.0,0.0,1.0,0.0
0,35,11.395493151204288,4.716293625257865,0.0,0.0,1.0,1.0,1.0,0.0
1,35,11.385430383781095,4.815440578433924,0.0,0.0,1.0,0.0,0.0,0.0
2,35,2.876546136561285,4.746564493467859,1.0,0.0,0.0,1.0,1.0,1.0
3,35,6.292397696054072,1.3457911267164824,0.0,0.0,0.0,0.0,1.0,1.0
4,35,5.506521688541104,1.6669154681592768,1.0,0.0,1.0,0.0,1.0,1.0
5,35,7.386563830938414,3.316861105663108,0.0,1.0,0.0,0.0,0.0,0.0
6,35,10.71627141930988,2.1282400171510525,0.0,1.0,0.0,1.0,1.0,0.0
7,35,1.4877207825484529,8.119069788883792,0.0,1.0,0.0,1.0,0.0,0.0
8,35,0.0,1.6953527562681805,0.0,0.0,0.0,1.0,0.0,0.0
9,35,2.4390925323144925,5.308641880529877,1.0,0.0,1.0,0.0,0.0,1.0
10,35,8.667605522664157,2.8179683416749115,1.0,0.0,0.0,0.0,1.0,1.0
11,35,5.512884858751092,8.73536613021745,1.0,0.0,1.0,0.0,0.0,1.0
12,35,1.9099100666950897,1.6828573493436223,0.0,0.0,1.0,1.0,0.0,0.0
13,35,5.801943473729568,10.169961177558084,0.0,0.0,1.0,0.0,0.0,0.0
14,35,0.8545702571359893,3.1254160824271637,1.0,1.0,1.0,0.0,0.0,1.0
15,35,6.882497843874284,3.9294416784227058,0.0,0.0,0.0,1.0,1.0,0.0
16,35,1.0005269986549814,7.111157265045801,0.0,0.0,0.0,0.0,1.0,1.0
17,35,10.650238853417118,2.6081188670041007,0.0,0.0,0.0,0.0,1.0,1.0
18,35,0.7151049739006985,7.285673906004513,0.0,1.0,0.0,0.0,0.0,1.0
19,35,7.184691980410765,2.561261443304964,0.0,1.0,0.0,0.0,1.0,0.0
0,40,11.479803025009694,4.655791034208469,0.0,0.0,1.0,1.0,1.0,0.0
1,40,11.414730202094766,4.800567269564652,0.0,0.0,1.0,0.0,0.0,0.0
2,40,2.867721366996534,4.819988756700793,1.0,0.0,0.0,1.0,1.0,1.0
3,40,6.329666390108196,1.3933294333729067,0.0,0.0,0.0,0.0,1.0,1.0
4,40,5.418572787390554,1.7831089601577774,1.0,0.0,1.0,0.0,1.0,1.0
5,40,7.304771081621205,3.360282060123005,0.0,1.0,0.0,0.0,0.0,0.0
6,40,10.686877718679892,2.1416967276546486,0.0,1.0,0.0,1.0,1.0,0.0
7,40,1.5496570674290615,8.134998565397014,0.0,1.0,0.0,1.0,0.0,0.0
8,40,0.0,1.653137739953351,0.0,0.0,0.0,1.0,0.0,0.0
9,40,2.3774805217058166,5.338684374396426,1.0,0.0,1.0,0.0,0.0,1.0
10,40,8.697070934134956,2.726467523846643,1.0,0.0,0.0,0.0,1.0,1.0
11,40,5.607666485760611,8.6913057904841,1.0,0.0,1.0,0.0,0.0,1.0
12,40,1.8921323154512095,1.8113535905136875,0.0,0.0,1.0,1.0,0.0,0.0
13,40,5.764161544806031,10.20494706758549,0.0,0.0,1.0,0.0,0.0,0.0
14,40,0.8504360642108986,3.128567647327163,1.0,1.0,1.0,0.0,0.0,1.0
15,40,6.847799165006745,3.90900979937575,0.0,0.0,0.0,1.0,1.0,0.0
16,40,1.0002712177427937,7.1268653795019885,0.0,0.0,0.0,0.0,1.0,1.0
17,40,10.635910371325451,2.5031094575931925,0.0,0.0,0.0,0.0,1.0,1.0
18,40,0.8143591119191611,7.3241711396289615,0.0,1.0,0.0,0.0,0.0,1.0
19,40,7.213000580700197,2.643044352114231,0.0,1.0,0.0,0.0,1.0,0.0
0,45,11.560162480105353,4.596869992687442,0.0,0.0,1.0,1.0,1.0,0.0
1,45,11.44292854774748,4.785757252467931,0.0,0.0,1.0,0.0,0.0,0.0
2,45,2.8584288020057924,4.90145587714292,1.0,0.0,0.0,1.0,1.0,1.0
3,45,6.369293302818338,1.4460122808866822,0.0,0.0,0.0,0.0,1.0,1.0
4,45,5.32907851246797,1.9044313257357235,1.0,0.0,1.0,0.0,1.0,1.0
5,45,7.209738549737549,3.409315391294368,0.0,1.0,0.0,0.0,0.0,0.0
6,45,10.660903678156494,2.1542436060649743,0.0,1.0,0.0,1.0,1.0,0.0
7,45,1.635155540766266,8.154855435369504,0.0,1.0,0.0,1.0,0.0,0.0
8,45,0.0,1.6009350477666089,0.0,0.0,0.0,1.0,0.0,0.0
9,45,2.320903475716764,5.367070814679149,1.0,0.0,1.0,0.0,0.0,1.0
10,45,8.728920381724274,2.623390883694525,1.0,0.0,0.0,0.0,1.0,1.0
11,45,5.706869366480152,8.643798777009758,1.0,0.0,1.0,0.0,0.0,1.0
12,45,1.8786316080432228,1.9220858050031655,0.0,0.0,1.0,1.0,0.0,0.0
13,45,5.727252591544811,10.238843774577926,0.0,0.0,1.0,0.0,0.0,0.0
14,45,0.8485123669693294,3.130076207754444,1.0,1.0,1.0,0.0,0.0,1.0
15,45,6.802397047653016,3.884090298181318,0.0,0.0,0.0,1.0,1.0,0.0
16,45,1.000206264613981,7.130616616817112,0.0,0.0,0.0,0.0,1.0,1.0
17,45,10.623414095427847,2.400711587379249,0.0,0.0,0.0,0.0,1.0,1.0
18,45,0.9135522134908822,7.36023213174821,0.0,1.0,0.0,0.0,0.0,1.0
19,45,7.24199215053662,2.7269300371210403,0.0,1.0,0.0,0.0,1.0,0.0
0,50,11.62744263792066,4.548742123100461,0.0,0.0,1.0,1.0,1.0,0.0
1,50,11.45383286258546,4.780270180933848,0.0,0.0,1.0,0.0,0.0,0.0
2,50,2.8492367127278686,4.99095261863365,1.0,0.0,0.0,1.0,1.0,1.0
3,50,6.406288536472846,1.4961326583728096,0.0,0.0,0.0,0.0,1.0,1.0
4,50,5.239967389183927,2.027479600743904,1.0,0.0,1.0,0.0,1.0,1.0
5,50,7.111158607264587,3.458942647700976,0.0,1.0,0.0,0.0,0.0,0.0
6,50,10.63287991424215,2.1672106600915004,0.0,1.0,0.0,1.0,1.0,0.0
7,50,1.7235588704473543,8.178469996617864,0.0,1.0,0.0,1.0,0.0,0.0
8,50,0.0,1.5533445449837953,0.0,0.0,0.0,1.0,0.0,0.0
9,50,2.2708905696752297,5.395172866792436,1.0,0.0,1.0,0.0,0.0,1.0
10,50,8.769981802732735,2.49629135994358,1.0,0.0,0.0,0.0,1.0,1.0
11,50,5.792094718209466,8.604723840042096,1.0,0.0,1.0,0.0,0.0,1.0
12,50,1.8677154438300776,2.037712976380844,0.0,0.0,1.0,1.0,0.0,0.0
13,50,5.760349450445379,10.273642184701895,0.0,0.0,1.0,0.0,0.0,0.0
14,50,0.8491264873695784,3.1296025136030483,1.0,1.0,1.0,0.0,0.0,1.0
15,50,6.755266248468679,3.85785222219022,0.0,0.0,0.0,1.0,1.0,0.0
16,50,1.0002001116926675,7.137499487427914,0.0,0.0,0.0,0.0,1.0,1.0
17,50,10.611859491779866,2.302061211104168,0.0,0.0,0.0,0.0,1.0,1.0
18,50,1.0357935232002302,7.406293461933409,0.0,1.0,0.0,0.0,0.0,1.0
19,50,7.271838366522933,2.822014608386089,0.0,1.0,0.0,0.0,1.0,0.0
0,55,11.681767459201536,4.508725737810718,0.0,0.0,1.0,1.0,1.0,0.0
1,55,11.503133456589923,4.75640087998423,0.0,0.0,1.0,0.0,0.0,0.0
2,55,2.842508917213024,5.075994950389749,1.0,0.0,0.0,1.0,1.0,1.0
3,55,6.444479362797034,1.5445106253187395,0.0,0.0,0.0,0.0,1.0,1.0
4,55,5.144304397972221,2.159394685500686,1.0,0.0,1.0,0.0,1.0,1.0
5,55,7.031972970325025,3.4984643869076124,0.0,1.0,0.0,0.0,0.0,0.0
6,55,10.586809156106757,2.1884425305427566,0.0,1.0,0.0,1.0,1.0,0.0
7,55,1.8206518477018203,8.205243739616117,0.0,1.0,0.0,1.0,0.0,0.0
8,55,0.0,1.477621664049942,0.0,0.0,0.0,1.0,0.0,0.0
9,55,2.2242708126415285,5.421208872949714,1.0,0.0,1.0,0.0,0.0,1.0
10,55,8.812201525011677,2.3740457298215043,1.0,0.0,0.0,0.0,1.0,1.0
11,55,5.876298205862904,8.56461844152723,1.0,0.0,1.0,0.0,0.0,1.0
12,55,1.8598525240680868,2.133058363324889,0.0,0.0,1.0,1.0,0.0,0.0
13,55,5.779349709229641,10.294256328198108,0.0,0.0,1.0,0.0,0.0,0.0
14,55,0.8360352244226389,3.13985844360324,1.0,1.0,1.0,0.0,0.0,1.0
15,55,6.721932079492082,3.839167866235424,0.0,0.0,0.0,1.0,1.0,0.0
16,55,1.0003631875268524,7.159797128570252,0.0,0.0,0.0,0.0,1.0,1.0
17,55,10.600435573851504,2.2150333950501717,0.0,0.0,0.0,0.0,1.0,1.0
18,55,1.1644242886809348,7.455825313911595,0.0,1.0,0.0,0.0,0.0,1.0
19,55,7.298464846139134,2.9126172404254547,0.0,1.0,0.0,0.0,1.0,0.0
0,60,11.62626555765974,4.435082511924068,0.0,0.0,1.0,1.0,1.0,0.0
1,60,11.542617793593289,4.738723776762091,0.0,0.0,1.0,0.0,0.0,0.0
2,60,2.8349035666778764,5.1702648305622505,1.0,0.0,0.0,1.0,1.0,1.0
3,60,6.482779976364585,1.592725444695846,0.0,0.0,0.0,0.0,1.0,1.0
4,60,5.043315442934815,2.294719279907194,1.0,0.0,1.0,0.0,1.0,1.0
5,60,6.951773593751085,3.536163886143967,0.0,1.0,0.0,0.0,0.0,0.0
6,60,10.54660868265652,2.2081856727218825,0.0,1.0,0.0,1.0,1.0,0.0
7,60,1.94385623268148,8.243872342449196,0.0,1.0,0.0,1.0,0.0,0.0
8,60,0.0,1.4058873318255354,0.0,0.0,0.0,1.0,0.0,0.0
9,60,2.1830737628272683,5.445096499878741,1.0,0.0,1.0,0.0,0.0,1.0
10,60,8.860122556046235,2.252561602003001,1.0,0.0,0.0,0.0,1.0,1.0
11,60,5.978096794639719,8.514072072559925,1.0,0.0,1.0,0.0,0.0,1.0
12,60,1.8531737944933804,2.229587198257732,0.0,0.0,1.0,1.0,0.0,0.0
13,60,5.795743781285281,10.312147961116612,0.0,0.0,1.0,0.0,0.0,0.0
14,60,0.8126847567217453,3.158751275165715,1.0,1.0,1.0,0.0,0.0,1.0
15,60,6.684383381184824,3.817703868883741,0.0,0.0,0.0,1.0,1.0,0.0
16,60,1.000464411441134,7.152770918534434,0.0,0.0,0.0,0.0,1.0,1.0
17,60,10.5857187385382,2.131678429130635,0.0,0.0,0.0,0.0,1.0,1.0
18,60,1.3018373080964545,7.507440392314166,0.0,1.0,0.0,0.0,0.0,1.0
19,60,7.325844199308237,3.011791927708892,0.0,1.0,0.0,0.0,1.0,0.0
0,65,11.572340126965653,4.362084973908585,0.0,0.0,1.0,1.0,1.0,0.0
1,65,11.57131153404035,4.725765614636726,0.0,0.0,1.0,0.0,0.0,0.0
2,65,2.8270254975835067,5.263848910857494,1.0,0.0,0.0,1.0,1.0,1.0
3,65,6.512426128027756,1.629594364099379,0.0,0.0,0.0,0.0,1.0,1.0
4,65,4.938609377507948,2.436730498011684,1.0,0.0,1.0,0.0,1.0,1.0
5,65,6.856760138380831,3.585210065621698,0.0,1.0,0.0,0.0,0.0,0.0
6,65,10.483748885254029,2.2389521480670247,0.0,1.0,0.0,1.0,1.0,0.0
7,65,2.054510944012654,8.277312713735549,0.0,1.0,0.0,1.0,0.0,0.0
8,65,0.0734482694931519,1.3537209328262172,0.0,0.0,0.0,1.0,0.0,0.0
9,65,2.1260677384619138,5.480147036106327,1.0,0.0,1.0,0.0,0.0,1.0
10,65,8.911310893884197,2.127254896126606,1.0,0.0,0.0,0.0,1.0,1.0
11,65,6.074033574273827,8.464875115597001,1.0,0.0,1.0,0.0,0.0,1.0
12,65,1.849530860269702,2.331728958867324,0.0,0.0,1.0,1.0,0.0,0.0
13,65,5.822583690486655,10.340494523978585,0.0,0.0,1.0,0.0,0.0,0.0
14,65,0.7980386197363277,3.1707270904418423,1.0,1.0,1.0,0.0,0.0,1.0
15,65,6.64931681544328,3.797691109417546,0.0,0.0,0.0,1.0,1.0,0.0
16,65,1.0011771945607866,7.136962468133386,0.0,0.0,0.0,0.0,1.0,1.0
17,65,10.571618169690945,2.037070928963579,0.0,0.0,0.0,0.0,1.0,1.0
18,65,1.451621220712946,7.562920216343048,0.0,1.0,0.0,0.0,0.0,1.0
19,65,7.353046533676079,3.104799411002784,0.0,1.0,0.0,0.0,1.0,0.0
0,70,11.522965462748791,4.295538110230545,0.0,0.0,1.0,1.0,1.0,0.0
1,70,11.582364474048555,4.721022413508338,0.0,0.0,1.0,0.0,0.0,0.0
2,70,2.820394381635667,5.347567757663022,1.0,0.0,0.0,1.0,1.0,1.0
3,70,6.5387443378414325,1.660212154158747,0.0,0.0,0.0,0.0,1.0,1.0
4,70,4.835445117722785,2.5697585977435824,1.0,0.0,1.0,0.0,1.0,1.0
5,70,6.756045430027086,3.6352582075427233,0.0,1.0,0.0,0.0,0.0,0.0
6,70,10.41934499015434,2.2718852174873088,0.0,1.0,0.0,1.0,1.0,0.0
7,70,2.169448197795272,8.309411109160108,0.0,1.0,0.0,1.0,0.0,0.0
8,70,0.1377809921354824,1.309195370486574,0.0,0.0,0.0,1.0,0.0,0.0
9,70,2.039945101973533,5.532910156223579,1.0,0.0,1.0,0.0,0.0,1.0
10,70,8.962915859993112,2.001428204002292,1.0,0.0,0.0,0.0,1.0,1.0
11,70,6.154141219878111,8.425352049501084,1.0,0.0,1.0,0.0,0.0,1.0
12,70,1.8460065072109615,2.437688932632443,0.0,0.0,1.0,1.0,0.0,0.0
13,70,5.872631567724991,10.39231989938974,0.0,0.0,1.0,0.0,0.0,0.0
14,70,0.7831656990293361,3.1819034688902468,1.0,1.0,1.0,0.0,0.0,1.0
15,70,6.600376477126087,3.769574234117033,0.0,0.0,0.0,1.0,1.0,0.0
16,70,1.0010769889965911,7.139525110147504,0.0,0.0,0.0,0.0,1.0,1.0
17,70,10.558939981406366,1.95088241573033,0.0,0.0,0.0,0.0,1.0,1.0
18,70,1.606289047819558,7.626168934155696,0.0,1.0,0.0,0.0,0.0,1.0
19,70,7.384715235192537,3.209141591534318,0.0,1.0,0.0,0.0,1.0,0.0
0,75,11.45328415556536,4.201530109407707,0.0,0.0,1.0,1.0,1.0,0.0
1,75,11.607120670274725,4.710392563111135,0.0,0.0,1.0,0.0,0.0,0.0
2,75,2.811022931840129,5.447729121769467,1.0,0.0,0.0,1.0,1.0,1.0
3,75,6.584349966070834,1.713136494531614,0.0,0.0,0.0,0.0,1.0,1.0
4,75,4.740313788117905,2.697019073744857,1.0,0.0,1.0,0.0,1.0,1.0
5,75,6.649375280249736,3.686652351468004,0.0,1.0,0.0,0.0,0.0,0.0
6,75,10.365274944784623,2.299552167099068,0.0,1.0,0.0,1.0,1.0,0.0
7,75,2.29044187091964,8.346667560120004,0.0,1.0,0.0,1.0,0.0,0.0
8,75,0.2213840691601972,1.251819965929977,0.0,0.0,0.0,1.0,0.0,0.0
9,75,1.9424006020444784,5.594202933987682,1.0,0.0,1.0,0.0,0.0,1.0
10,75,9.013933075137947,1.874087042285996,1.0,0.0,0.0,0.0,1.0,1.0
11,75,6.23404813774826,8.384334037135359,1.0,0.0,1.0,0.0,0.0,1.0
12,75,1.8440630535697735,2.559106236914283,0.0,0.0,1.0,1.0,0.0,0.0
13,75,5.926398381578047,10.44577700222912,0.0,0.0,1.0,0.0,0.0,0.0
14,75,0.7748197473698817,3.18850699602754,1.0,1.0,1.0,0.0,0.0,1.0
15,75,6.566633062756745,3.750816736608659,0.0,0.0,0.0,1.0,1.0,0.0
16,75,1.0000398248271305,7.160352050946476,0.0,0.0,0.0,0.0,1.0,1.0
17,75,10.545996234659846,1.8551991880306224,0.0,0.0,0.0,0.0,1.0,1.0
18,75,1.75836314590543,7.68423891849375,0.0,1.0,0.0,0.0,0.0,1.0
19,75,7.415800762770163,3.3145811790238504,0.0,1.0,0.0,0.0,1.0,0.0
0,80,11.37976471718986,4.095144919322973,0.0,0.0,1.0,1.0,1.0,0.0
1,80,11.640340961006723,4.696729559729865,0.0,0.0,1.0,0.0,0.0,0.0
2,80,2.8022538941180395,5.537883925046217,1.0,0.0,0.0,1.0,1.0,1.0
3,80,6.645330657797607,1.7872568800176658,0.0,0.0,0.0,0.0,1.0,1.0
4,80,4.643411136781407,2.828280574287056,1.0,0.0,1.0,0.0,1.0,1.0
5,80,6.535157977393634,3.739686307737972,0.0,1.0,0.0,0.0,0.0,0.0
6,80,10.31509874666067,2.3237460878838228,0.0,1.0,0.0,1.0,1.0,0.0
7,80,2.4205542794153003,8.388647376351368,0.0,1.0,0.0,1.0,0.0,0.0
8,80,0.3130319508950288,1.189750341121178,0.0,0.0,0.0,1.0,0.0,0.0
9,80,1.846920021539314,5.651826296074748,1.0,0.0,1.0,0.0,0.0,1.0
10,80,9.063762421038389,1.751744791603953,1.0,0.0,0.0,0.0,1.0,1.0
11,80,6.331444012062998,8.336877553824392,1.0,0.0,1.0,0.0,0.0,1.0
12,80,1.8371106258757068,2.713777352060529,0.0,0.0,1.0,1.0,0.0,0.0
13,80,5.972409645118563,10.488671862627646,0.0,0.0,1.0,0.0,0.0,0.0
14,80,0.7773764572683982,3.1865024025229274,1.0,1.0,1.0,0.0,0.0,1.0
15,80,6.536069018965895,3.734882192172634,0.0,0.0,0.0,1.0,1.0,0.0
16,80,0.9975851128348264,7.189980543779937,0.0,0.0,0.0,0.0,1.0,1.0
17,80,10.535537408166482,1.7791095130626955,0.0,0.0,0.0,0.0,1.0,1.0
18,80,1.9146354473342972,7.744002826326643,0.0,1.0,0.0,0.0,0.0,1.0
19,80,7.442268617308156,3.415711946677722,0.0,1.0,0.0,0.0,1.0,0.0
0,85,11.307918148317116,3.984216764713282,0.0,0.0,1.0,1.0,1.0,0.0
1,85,11.66235136072192,4.687473062408844,0.0,0.0,1.0,0.0,0.0,0.0
2,85,2.79424283869439,5.64178978049238,1.0,0.0,0.0,1.0,1.0,1.0
3,85,6.710113260494783,1.8661271076360284,0.0,0.0,0.0,0.0,1.0,1.0
4,85,4.544015319117617,2.957045198735374,1.0,0.0,1.0,0.0,1.0,1.0
5,85,6.425325602251408,3.789107225521268,0.0,1.0,0.0,0.0,0.0,0.0
6,85,10.267154885030806,2.348404063346328,0.0,1.0,0.0,1.0,1.0,0.0
7,85,2.5384917974565133,8.426882537477226,0.0,1.0,0.0,1.0,0.0,0.0
8,85,0.399764151527919,1.1331160646986933,0.0,0.0,0.0,1.0,0.0,0.0
9,85,1.754994998787252,5.704691991679643,1.0,0.0,1.0,0.0,0.0,1.0
10,85,9.112113201685291,1.631373319315802,1.0,0.0,0.0,0.0,1.0,1.0
11,85,6.417049212433689,8.297187231594009,1.0,0.0,1.0,0.0,0.0,1.0
12,85,1.828806806922932,2.8580358040280576,0.0,0.0,1.0,1.0,0.0,0.0
13,85,6.010624887975685,10.52399302763726,0.0,0.0,1.0,0.0,0.0,0.0
14,85,0.7864121899752613,3.179902215303356,1.0,1.0,1.0,0.0,0.0,1.0
15,85,6.50056413097277,3.715739027607113,0.0,0.0,0.0,1.0,1.0,0.0
16,85,0.9947701478553438,7.236581007227328,0.0,0.0,0.0,0.0,1.0,1.0
17,85,10.527161655223557,1.7110676424612836,0.0,0.0,0.0,0.0,1.0,1.0
18,85,2.0678765677180664,7.804483221918548,0.0,1.0,0.0,0.0,0.0,1.0
19,85,7.46588287167363,3.5101643824431514,0.0,1.0,0.0,0.0,1.0,0.0
0,90,11.232396063157044,3.8606816326501376,0.0,0.0,1.0,1.0,1.0,0.0
1,90,11.686902146532653,4.677408721606208,0.0,0.0,1.0,0.0,0.0,0.0
2,90,2.7899116722676407,5.712734382124942,1.0,0.0,0.0,1.0,1.0,1.0
3,90,6.781694409135132,1.9538387338701573,0.0,0.0,0.0,0.0,1.0,1.0
4,90,4.440507289351013,3.084466077044974,1.0,0.0,1.0,0.0,1.0,1.0
5,90,6.292598653186755,3.8491822962692,0.0,1.0,0.0,0.0,0.0,0.0
6,90,10.226654439127204,2.3691177687852303,0.0,1.0,0.0,1.0,1.0,0.0
7,90,2.6531863242838734,8.465118340885871,0.0,1.0,0.0,1.0,0.0,0.0
8,90,0.4800121666882964,1.0811274921386398,0.0,0.0,0.0,1.0,0.0,0.0
9,90,1.657940687182796,5.757338690112633,1.0,0.0,1.0,0.0,0.0,1.0
10,90,9.17101524717462,1.4927930767734598,1.0,0.0,0.0,0.0,1.0,1.0
11,90,6.486098208359665,8.263898780736564,1.0,0.0,1.0,0.0,0.0,1.0
12,90,1.8157529373723256,3.0254532141128587,0.0,0.0,1.0,1.0,0.0,0.0
13,90,6.0686082459097,10.578502912081898,0.0,0.0,1.0,0.0,0.0,0.0
14,90,0.7971550625289855,3.171700580171787,1.0,1.0,1.0,0.0,0.0,1.0
15,90,6.470856672182478,3.700768503901953,0.0,0.0,0.0,1.0,1.0,0.0
16,90,0.9929215721210932,7.2647438320352595,0.0,0.0,0.0,0.0,1.0,1.0
17,90,10.517269848715838,1.636349974256029,0.0,0.0,0.0,0.0,1.0,1.0
18,90,2.217898702905324,7.862999470400331,0.0,1.0,0.0,0.0,0.0,1.0
19,90,7.49455239051905,3.6165719883482654,0.0,1.0,0.0,0.0,1.0,0.0
0,95,11.158481219181011,3.7394115340371727,0.0,0.0,1.0,1.0,1.0,0.0
1,95,11.700840861649686,4.671786118732923,0.0,0.0,1.0,0.0,0.0,0.0
2,95,2.784238785292978,5.787269892998265,1.0,0.0,0.0,1.0,1.0,1.0
3,95,6.847320905262687,2.0336797218871223,0.0,0.0,0.0,0.0,1.0,1.0
4,95,4.343602221151919,3.206459270563095,1.0,0.0,1.0,0.0,1.0,1.0
5,95,6.155004511091811,3.914366647183071,0.0,1.0,0.0,0.0,0.0,0.0
6,95,10.171919572017224,2.3965510700673103,0.0,1.0,0.0,1.0,1.0,0.0
7,95,2.79233346381205,8.512558184934948,0.0,1.0,0.0,1.0,0.0,0.0
8,95,0.5796929422105543,1.0168119924198258,0.0,0.0,0.0,1.0,0.0,0.0
9,95,1.578589232328526,5.801176845396725,1.0,0.0,1.0,0.0,0.0,1.0
10,95,9.217304821101203,1.3931211019462642,1.0,0.0,0.0,0.0,1.0,1.0
11,95,6.558893400785247,8.226109476323918,1.0,0.0,1.0,0.0,0.0,1.0
12,95,1.803021043698656,3.1898638903388625,0.0,0.0,1.0,1.0,0.0,0.0
13,95,6.115880896614856,10.622571133469403,0.0,0.0,1.0,0.0,0.0,0.0
14,95,0.811855652584264,3.159450694429671,1.0,1.0,1.0,0.0,0.0,1.0
15,95,6.436581923803464,3.6844028209917616,0.0,0.0,0.0,1.0,1.0,0.0
16,95,0.9923340624616712,7.27638316582311,0.0,0.0,0.0,0.0,1.0,1.0
17,95,10.505855172034092,1.5546192806665553,0.0,0.0,0.0,0.0,1.0,1.0
18,95,2.385879235143231,7.930317144013809,0.0,1.0,0.0,0.0,0.0,1.0
19,95,7.521299768987347,3.7351811329171913,0.0,1.0,0.0,0.0,1.0,0.0
0,100,11.0794026232193,3.6107593907709017,0.0,0.0,1.0,1.0,1.0,0.0
1,100,11.72276239276442,4.663330336296973,0.0,0.0,1.0,0.0,0.0,0.0
2,100,2.78086372337872,5.839447678482175,1.0,0.0,0.0,1.0,1.0,1.0
3,100,6.913297705103775,2.1101859192195493,0.0,0.0,0.0,0.0,1.0,1.0
4,100,4.24759708132817,3.3240910267441395,1.0,0.0,1.0,0.0,1.0,1.0
5,100,6.020595618602396,3.979532813431564,0.0,1.0,0.0,0.0,0.0,0.0
6,100,10.106160831090849,2.4296734580518637,0.0,1.0,0.0,1.0,1.0,0.0
7,100,2.928349469497151,8.557667613906029,0.0,1.0,0.0,1.0,0.0,0.0
8,100,0.6818266776763828,0.951508887093208,0.0,0.0,0.0,1.0,0.0,0.0
9,100,1.486459213997306,5.856207459732477,1.0,0.0,1.0,0.0,0.0,1.0
10,100,9.272478415027614,1.2757676228571015,1.0,0.0,0.0,0.0,1.0,1.0
11,100,6.614152024815638,8.198266814547054,1.0,0.0,1.0,0.0,0.0,1.0
12,100,1.7864367972941082,3.369157567948055,0.0,0.0,1.0,1.0,0.0,0.0
13,100,6.170869875293063,10.674231413645838,0.0,0.0,1.0,0.0,0.0,0.0
14,100,0.8195744735281765,3.1531923677980527,1.0,1.0,1.0,0.0,0.0,1.0
15,100,6.375485224113121,3.6529609162661223,0.0,0.0,0.0,1.0,1.0,0.0
16,100,0.9924141816652484,7.274785411763424,0.0,0.0,0.0,0.0,1.0,1.0
17,100,10.494983397876911,1.4862365071428134,0.0,0.0,0.0,0.0,1.0,1.0
18,100,2.57117936837438,8.002004787569083,0.0,1.0,0.0,0.0,0.0,1.0
19,100,7.551357832310392,3.875549299857462,0.0,1.0,0.0,0.0,1.0,0.0
0,105,10.992662131275996,3.469730189630179,0.0,0.0,1.0,1.0,1.0,0.0
1,105,11.770380989763822,4.64578769935925,0.0,0.0,1.0,0.0,0.0,0.0
2,105,2.776655948087109,5.897358204842304,1.0,0.0,0.0,1.0,1.0,1.0
3,105,6.977325351724541,2.1793234056831428,0.0,0.0,0.0,0.0,1.0,1.0
4,105,4.14039563188736,3.4529725063178662,1.0,0.0,1.0,0.0,1.0,1.0
5,105,5.878815752002901,4.0488044226847135,0.0,1.0,0.0,0.0,0.0,0.0
6,105,10.044916090390146,2.461628557780198,0.0,1.0,0.0,1.0,1.0,0.0
7,105,3.075032617055512,8.606165348533358,0.0,1.0,0.0,1.0,0.0,0.0
8,105,0.788463362418137,0.8796848084165512,0.0,0.0,0.0,1.0,0.0,0.0
9,105,1.4055649482555586,5.905710017584611,1.0,0.0,1.0,0.0,0.0,1.0
10,105,9.316252215434377,1.1797784254870174,1.0,0.0,0.0,0.0,1.0,1.0
11,105,6.661625877918031,8.173054335057076,1.0,0.0,1.0,0.0,0.0,1.0
12,105,1.7695955744019043,3.550229398073599,0.0,0.0,1.0,1.0,0.0,0.0
13,105,6.238256868090823,10.73475240667871,0.0,0.0,1.0,0.0,0.0,0.0
14,105,0.8230840269356461,3.1503964839877145,1.0,1.0,1.0,0.0,0.0,1.0
15,105,6.298982721738727,3.612662865130464,0.0,0.0,0.0,1.0,1.0,0.0
16,105,0.993231488851366,7.25640711545102,0.0,0.0,0.0,0.0,1.0,1.0
17,105,10.479860726572998,1.4065764384243378,0.0,0.0,0.0,0.0,1.0,1.0
18,105,2.7734793875972192,8.07509551587929,0.0,1.0,0.0,0.0,0.0,1.0
19,105,7.579615006936031,4.008143671185612,0.0,1.0,0.0,0.0,1.0,0.0
0,110,10.90402399191608,3.3305054328827075,0.0,0.0,1.0,1.0,1.0,0.0
1,110,11.823319506442594,4.627622267346712,0.0,0.0,1.0,0.0,0.0,0.0
2,110,2.768449849522589,5.976949680634244,1.0,0.0,0.0,1.0,1.0,1.0
3,110,7.04209104294118,2.252710682600579,0.0,0.0,0.0,0.0,1.0,1.0
4,110,4.00367074999922,3.619993176959689,1.0,0.0,1.0,0.0,1.0,1.0
5,110,5.712274406718605,4.131083542172337,0.0,1.0,0.0,0.0,0.0,0.0
6,110,9.968932573919604,2.501070401924166,0.0,1.0,0.0,1.0,1.0,0.0
7,110,3.2037023759587684,8.64308307045421,0.0,1.0,0.0,1.0,0.0,0.0
8,110,0.8749121153946661,0.8143539815508419,0.0,0.0,0.0,1.0,0.0,0.0
9,110,1.3442044079361135,5.943460196137815,1.0,0.0,1.0,0.0,0.0,1.0
10,110,9.371112098409917,1.069693225623639,1.0,0.0,0.0,0.0,1.0,1.0
11,110,6.698286930444651,8.153810446677461,1.0,0.0,1.0,0.0,0.0,1.0
12,110,1.747006826181413,3.736078950453607,0.0,0.0,1.0,1.0,0.0,0.0
13,110,6.315094416593552,10.80457665973642,0.0,0.0,1.0,0.0,0.0,0.0
14,110,0.8275183346764695,3.146679888537661,1.0,1.0,1.0,0.0,0.0,1.0
15,110,6.229871264490758,3.5752611292148533,0.0,0.0,0.0,1.0,1.0,0.0
16,110,0.9962220279388944,7.20377018013782,0.0,0.0,0.0,0.0,1.0,1.0
17,110,10.461660393233812,1.3065104564138927,0.0,0.0,0.0,0.0,1.0,1.0
18,110,2.9772821266329093,8.147240796925942,0.0,1.0,0.0,0.0,0.0,1.0
19,110,7.609197251122635,4.146748268237685,0.0,1.0,0.0,0.0,1.0,0.0
0,115,10.812819225820842,3.1879543844159803,0.0,0.0,1.0,1.0,1.0,0.0
1,115,11.8842770760065,4.605569614905943,0.0,0.0,1.0,0.0,0.0,0.0
2,115,2.75909867739263,6.04558633362794,1.0,0.0,0.0,1.0,1.0,1.0
3,115,7.115910995513704,2.3390506174004684,0.0,0.0,0.0,0.0,1.0,1.0
4,115,3.8592705896822337,3.798035591146308,1.0,0.0,1.0,0.0,1.0,1.0
5,115,5.537028859194448,4.2128308269059,0.0,1.0,0.0,0.0,0.0,0.0
6,115,9.892907656772568,2.538380766944523,0.0,1.0,0.0,1.0,1.0,0.0
7,115,3.3298976672520686,8.68405373318849,0.0,1.0,0.0,1.0,0.0,0.0
8,115,0.9655699027244062,0.7437876603575816,0.0,0.0,0.0,1.0,0.0,0.0
9,115,1.2778902070551648,5.986525970886964,1.0,0.0,1.0,0.0,0.0,1.0
10,115,9.426620634223603,0.9605838938782932,1.0,0.0,0.0,0.0,1.0,1.0
11,115,6.735387185147828,8.134164534983457,1.0,0.0,1.0,0.0,0.0,1.0
12,115,1.726599499109022,3.900312214006099,0.0,0.0,1.0,1.0,0.0,0.0
13,115,6.382230892299139,10.862017089711363,0.0,0.0,1.0,0.0,0.0,0.0
14,115,0.83837581659647,3.1377828082851016,1.0,1.0,1.0,0.0,0.0,1.0
15,115,6.158271660944176,3.5356085717906933,0.0,0.0,0.0,1.0,1.0,0.0
16,115,0.999705309636907,7.144228344513761,0.0,0.0,0.0,0.0,1.0,1.0
17,115,10.443507109679585,1.205417205190845,0.0,0.0,0.0,0.0,1.0,1.0
18,115,3.1805246752895933,8.218771501231751,0.0,1.0,0.0,0.0,0.0,1.0
19,115,7.643089476904599,4.292974165639485,0.0,1.0,0.0,0.0,1.0,0.0
0,120,10.7177371063427,3.037221520779981,0.0,0.0,1.0,1.0,1.0,0.0
1,120,11.942086377578326,4.583579518326899,0.0,0.0,1.0,0.0,0.0,0.0
2,120,2.7486430185344584,6.115850457375622,1.0,0.0,0.0,1.0,1.0,1.0
3,120,7.201746768537558,2.44728775817276,0.0,0.0,0.0,0.0,1.0,1.0
4,120,3.722234074783528,3.969040998373657,1.0,0.0,1.0,0.0,1.0,1.0
5,120,5.362129621880935,4.29409736506504,0.0,1.0,0.0,0.0,0.0,0.0
6,120,9.818931401583404,2.5749213560322626,0.0,1.0,0.0,1.0,1.0,0.0
7,120,3.4617175491720467,8.728428640910115,0.0,1.0,0.0,1.0,0.0,0.0
8,120,1.0770313998826475,0.6578280832097984,0.0,0.0,0.0,1.0,0.0,0.0
9,120,1.2218234766690852,6.020683014747911,1.0,0.0,1.0,0.0,0.0,1.0
10,120,9.485927735717109,0.8483501687999289,1.0,0.0,0.0,0.0,1.0,1.0
11,120,6.776698260054978,8.112077380213316,1.0,0.0,1.0,0.0,0.0,1.0
12,120,1.7077169243517412,4.062771054911535,0.0,0.0,1.0,1.0,0.0,0.0
13,120,6.434645943019056,10.905991110822333,0.0,0.0,1.0,0.0,0.0,0.0
14,120,0.841345709942705,3.1354215721145176,1.0,1.0,1.0,0.0,0.0,1.0
15,120,6.095427314356231,3.501584651670782,0.0,0.0,0.0,1.0,1.0,0.0
16,120,1.0027438874115928,7.100632294420374,0.0,0.0,0.0,0.0,1.0,1.0
17,120,10.424092419625524,1.1087216437866358,0.0,0.0,0.0,0.0,1.0,1.0
18,120,3.385483895357505,8.289472639757857,0.0,1.0,0.0,0.0,0.0,1.0
19,120,7.68197611067083,4.466868242867196,0.0,1.0,0.0,0.0,1.0,0.0
0,125,10.634360724047015,2.9007008557852143,0.0,0.0,1.0,1.0,1.0,0.0
1,125,11.994275496247951,4.563468013547773,0.0,0.0,1.0,0.0,0.0,0.0
2,125,2.737643060475144,6.198429628945568,1.0,0.0,0.0,1.0,1.0,1.0
3,125,7.292535273023968,2.375943111654599,0.0,0.0,0.0,0.0,1.0,1.0
4,125,3.592453985338811,4.1360425648223424,1.0,0.0,1.0,0.0,1.0,1.0
5,125,5.195364104446507,4.3729020056363765,0.0,1.0,0.0,0.0,0.0,0.0
6,125,9.758393239727104,2.6050088696464777,0.0,1.0,0.0,1.0,1.0,0.0
7,125,3.596017187200697,8.772343684026461,0.0,1.0,0.0,1.0,0.0,0.0
8,125,1.1869725819700894,0.5771936545682117,0.0,0.0,0.0,1.0,0.0,0.0
9,125,1.1783592241048826,6.04751726919614,1.0,0.0,1.0,0.0,0.0,1.0
10,125,9.5440734734659,0.7439032408390585,1.0,0.0,0.0,0.0,1.0,1.0
11,125,6.815004960827945,8.091456855627863,1.0,0.0,1.0,0.0,0.0,1.0
12,125,1.6921647583770116,4.215616093544768,0.0,0.0,1.0,1.0,0.0,0.0
13,125,6.477141334305249,10.939446035889828,0.0,0.0,1.0,0.0,0.0,0.0
14,125,0.8701470406122767,3.1141901359803947,1.0,1.0,1.0,0.0,0.0,1.0
15,125,6.005210130364612,3.4587888239797997,0.0,0.0,0.0,1.0,1.0,0.0
16,125,1.006306300695633,7.057443656414105,0.0,0.0,0.0,0.0,1.0,1.0
17,125,10.403806837207943,1.0106546234135048,0.0,0.0,0.0,0.0,1.0,1.0
18,125,3.605862592352425,8.362861982198659,0.0,1.0,0.0,0.0,0.0,1.0
19,125,7.726490082366325,4.642737766622739,0.0,1.0,0.0,0.0,1.0,0.0
0,130,10.548455061291742,2.7565324136743627,0.0,0.0,1.0,1.0,1.0,0.0
1,130,12.0,4.543567128993439,0.0,0.0,1.0,0.0,0.0,0.0
2,130,2.7256351704343924,6.288514148436513,1.0,0.0,0.0,1.0,1.0,1.0
3,130,7.379369382710726,2.3041689811264345,0.0,0.0,0.0,0.0,1.0,1.0
4,130,3.459696843159909,4.315182469331377,1.0,0.0,1.0,0.0,1.0,1.0
5,130,5.0166185807162025,4.454330690774348,0.0,1.0,0.0,0.0,0.0,0.0
6,130,9.705402745628756,2.632260336618712,0.0,1.0,0.0,1.0,1.0,0.0
7,130,3.750528092707776,8.823301020320423,0.0,1.0,0.0,1.0,0.0,0.0
8,130,1.2951900770315246,0.4992872829532502,0.0,0.0,0.0,1.0,0.0,0.0
9,130,1.1337665903599436,6.075694762612191,1.0,0.0,1.0,0.0,0.0,1.0
10,130,9.605124347053248,0.6227828005817454,1.0,0.0,0.0,0.0,1.0,1.0
11,130,6.869416733045193,8.061789615719597,1.0,0.0,1.0,0.0,0.0,1.0
12,130,1.679443655209125,4.355628298149612,0.0,0.0,1.0,1.0,0.0,0.0
13,130,6.509892898627733,10.965613217721245,0.0,0.0,1.0,0.0,0.0,0.0
14,130,0.9168024214895198,3.078236253558447,1.0,1.0,1.0,0.0,0.0,1.0
15,130,5.90395610682212,3.411242495380629,0.0,0.0,0.0,1.0,1.0,0.0
16,130,1.009500928895932,7.000544281456529,0.0,0.0,0.0,0.0,1.0,1.0
17,130,10.381322022891236,0.9089550913233284,0.0,0.0,0.0,0.0,1.0,1.0
18,130,3.847862884460189,8.44352681257439,0.0,1.0,0.0,0.0,0.0,1.0
19,130,7.774863080616212,4.8218485866897165,0.0,1.0,0.0,0.0,1.0,0.0
0,135,10.460086299754332,2.6088521911638787,0.0,0.0,1.0,1.0,1.0,0.0
1,135,12.0,4.524077888529289,0.0,0.0,1.0,0.0,0.0,0.0
2,135,2.71184601828402,6.379406090081914,1.0,0.0,0.0,1.0,1.0,1.0
3,135,7.466932641910443,2.2329665526120945,0.0,0.0,0.0,0.0,1.0,1.0
4,135,3.345220348734929,4.474482185316218,1.0,0.0,1.0,0.0,1.0,1.0
5,135,4.847746377006017,4.533299606904221,0.0,1.0,0.0,0.0,0.0,0.0
6,135,9.665330198931684,2.652410635876937,0.0,1.0,0.0,1.0,1.0,0.0
7,135,3.885386485666356,8.871904901053199,0.0,1.0,0.0,1.0,0.0,0.0
8,135,1.3838383804106944,0.4317404277799425,0.0,0.0,0.0,1.0,0.0,0.0
9,135,1.0909623941226727,6.102932096641093,1.0,0.0,1.0,0.0,0.0,1.0
10,135,9.656928477815647,0.5131883031993065,1.0,0.0,0.0,0.0,1.0,1.0
11,135,6.945214878743903,8.021882874942603,1.0,0.0,1.0,0.0,0.0,1.0
12,135,1.661023480266421,4.520847805090926,0.0,0.0,1.0,1.0,0.0,0.0
13,135,6.525755267928801,10.978662196265963,0.0,0.0,1.0,0.0,0.0,0.0
14,135,0.95550346369257,3.0477635611189418,1.0,1.0,1.0,0.0,0.0,1.0
15,135,5.801506765312622,3.362445211109363,0.0,0.0,0.0,1.0,1.0,0.0
16,135,1.0131372618066574,6.938971320766197,0.0,0.0,0.0,0.0,1.0,1.0
17,135,10.2806778797478,0.9339846255836868,0.0,0.0,0.0,0.0,1.0,1.0
18,135,4.096574971152666,8.529044193483152,0.0,1.0,0.0,0.0,0.0,1.0
19,135,7.8205246383325075,5.007549555080943,0.0,1.0,0.0,0.0,1.0,0.0
0,140,10.381515057183346,2.480706659521556,0.0,0.0,1.0,1.0,1.0,0.0
1,140,12.0,4.508160181227809,0.0,0.0,1.0,0.0,0.0,0.0
2,140,2.7035267366077256,6.436429112746996,1.0,0.0,0.0,1.0,1.0,1.0
3,140,7.550201129601666,2.166744091828416,0.0,0.0,0.0,0.0,1.0,1.0
4,140,3.230885060018003,4.636933598063762,1.0,0.0,1.0,0.0,1.0,1.0
5,140,4.681989144847663,4.611666463293798,0.0,1.0,0.0,0.0,0.0,0.0
6,140,9.633876083946866,2.667774132080561,0.0,1.0,0.0,1.0,1.0,0.0
7,140,4.019048051923225,8.92207013241528,0.0,1.0,0.0,1.0,0.0,0.0
8,140,1.463864086201378,0.3691532324020398,0.0,0.0,0.0,1.0,0.0,0.0
9,140,1.0629723082688705,6.119975725833745,1.0,0.0,1.0,0.0,0.0,1.0
10,140,9.71060284286556,0.4067267757734928,1.0,0.0,0.0,0.0,1.0,1.0
11,140,7.016310806368428,7.984388693279463,1.0,0.0,1.0,0.0,0.0,1.0
12,140,1.6458827892375103,4.657113905347363,0.0,0.0,1.0,1.0,0.0,0.0
13,140,6.5395610967012585,10.990227376394898,0.0,0.0,1.0,0.0,0.0,0.0
14,140,0.9995819025914988,3.0128567460015034,1.0,1.0,1.0,0.0,0.0,1.0
15,140,5.699372688974353,3.3178291275535314,0.0,0.0,0.0,1.0,1.0,0.0
16,140,1.01617274168505,6.879131835727472,0.0,0.0,0.0,0.0,1.0,1.0
17,140,10.195930811221585,0.9561389941079682,0.0,0.0,0.0,0.0,1.0,1.0
18,140,4.358475588558167,8.623294404440244,0.0,1.0,0.0,0.0,0.0,1.0
19,140,7.862195720734337,5.193944648459475,0.0,1.0,0.0,0.0,1.0,0.0
0,145,10.286898602551792,2.331067343716373,0.0,0.0,1.0,1.0,1.0,0.0
1,145,12.0,4.489539618685352,0.0,0.0,1.0,0.0,0.0,0.0
2,145,2.6951715067415463,6.511646638515899,1.0,0.0,0.0,1.0,1.0,1.0
3,145,7.641601727103789,2.096868798880717,0.0,0.0,0.0,0.0,1.0,1.0
4,145,3.111308166151683,4.810251148960711,1.0,0.0,1.0,0.0,1.0,1.0
5,145,4.511825335266793,4.695185579446092,0.0,1.0,0.0,0.0,0.0,0.0
6,145,9.594320624616836,2.686113926348753,0.0,1.0,0.0,1.0,1.0,0.0
7,145,4.146805451133538,8.967414818721668,0.0,1.0,0.0,1.0,0.0,0.0
8,145,1.5571288599724376,0.2978409429025,0.0,0.0,0.0,1.0,0.0,0.0
9,145,1.0223821737211003,6.144718754613935,1.0,0.0,1.0,0.0,0.0,1.0
10,145,9.761346585920728,0.3091116166558445,1.0,0.0,0.0,0.0,1.0,1.0
11,145,7.0805025331034495,7.952294062048802,1.0,0.0,1.0,0.0,0.0,1.0
12,145,1.6276854220758432,4.820399753647606,0.0,0.0,1.0,1.0,0.0,0.0
13,145,6.575015486552032,11.020359209558793,0.0,0.0,1.0,0.0,0.0,0.0
14,145,1.0284677669107638,2.9911392459692627,1.0,1.0,1.0,0.0,0.0,1.0
15,145,5.596319923009424,3.27252976806741,0.0,0.0,0.0,1.0,1.0,0.0
16,145,1.020087205043655,6.817843798629975,0.0,0.0,0.0,0.0,1.0,1.0
17,145,10.11849345977022,0.9801326264865768,0.0,0.0,0.0,0.0,1.0,1.0
18,145,4.6131902447305935,8.710438182529794,0.0,1.0,0.0,0.0,0.0,1.0
19,145,7.907779866368768,5.379439179622893,0.0,1.0,0.0,0.0,1.0,0.0
0,150,10.183977100304894,2.1705655917723465,0.0,0.0,1.0,1.0,1.0,0.0
1,150,12.0,4.472273440113384,0.0,0.0,1.0,0.0,0.0,0.0
2,150,2.6851945729750706,6.621940895759243,1.0,0.0,0.0,1.0,1.0,1.0
3,150,7.715279886745241,2.0394400552946013,0.0,0.0,0.0,0.0,1.0,1.0
4,150,2.9887836711380222,4.992381178709991,1.0,0.0,1.0,0.0,1.0,1.0
5,150,4.350348634146876,4.770836854256178,0.0,1.0,0.0,0.0,0.0,0.0
6,150,9.553086384595847,2.7055558135622366,0.0,1.0,0.0,1.0,1.0,0.0
7,150,4.276057607460723,9.012162060060206,0.0,1.0,0.0,1.0,0.0,0.0
8,150,1.6333278501661046,0.2356790384776702,0.0,0.0,0.0,1.0,0.0,0.0
9,150,0.9778772296021474,6.1708444658625305,1.0,0.0,1.0,0.0,0.0,1.0
10,150,9.81512527587802,0.1966250632838168,1.0,0.0,0.0,0.0,1.0,1.0
11,150,7.147205600637077,7.919253211050745,1.0,0.0,1.0,0.0,0.0,1.0
12,150,1.602343199271501,4.993134509751406,0.0,0.0,1.0,1.0,0.0,0.0
13,150,6.610208200252552,11.050822048230632,0.0,0.0,1.0,0.0,0.0,0.0
14,150,1.045740911078786,2.977813479271504,1.0,1.0,1.0,0.0,0.0,1.0
15,150,5.487439471513284,3.2254058943497705,0.0,0.0,0.0,1.0,1.0,0.0
16,150,1.0232723102888122,6.7598301172242925,0.0,0.0,0.0,0.0,1.0,1.0
17,150,10.053960410951683,1.000929573203415,0.0,0.0,0.0,0.0,1.0,1.0
18,150,4.869300315099429,8.800761299727501,0.0,1.0,0.0,0.0,0.0,1.0
19,150,7.958377258881094,5.58094075533521,0.0,1.0,0.0,0.0,1.0,0.0
0,155,10.086708381784856,2.0151208148924806,0.0,0.0,1.0,1.0,1.0,0.0
1,155,12.0,4.453745784903523,0.0,0.0,1.0,0.0,0.0,0.0
2,155,2.675343286427027,6.725382443688669,1.0,0.0,0.0,1.0,1.0,1.0
3,155,7.791322712545472,1.9800553475456557,0.0,0.0,0.0,0.0,1.0,1.0
4,155,2.8769375579512224,5.161093561162375,1.0,0.0,1.0,0.0,1.0,1.0
5,155,4.191304019293332,4.847128387002251,0.0,1.0,0.0,0.0,0.0,0.0
6,155,9.503464749509462,2.729608954383408,0.0,1.0,0.0,1.0,1.0,0.0
7,155,4.423222573329849,9.060713499633248,0.0,1.0,0.0,1.0,0.0,0.0
8,155,1.719994732272502,0.1661373812788085,0.0,0.0,0.0,1.0,0.0,0.0
9,155,0.9194062802483964,6.207674867516301,1.0,0.0,1.0,0.0,0.0,1.0
10,155,9.854927746716108,0.1102218645341613,1.0,0.0,0.0,0.0,1.0,1.0
11,155,7.224080511617163,7.878653968008749,1.0,0.0,1.0,0.0,0.0,1.0
12,155,1.580484351241488,5.164135594409821,0.0,0.0,1.0,1.0,0.0,0.0
13,155,6.61829550527434,11.057747357431968,0.0,0.0,1.0,0.0,0.0,0.0
14,155,1.0527504409766846,2.9724910345802584,1.0,1.0,1.0,0.0,0.0,1.0
15,155,5.36994178374498,3.176008221282305,0.0,0.0,0.0,1.0,1.0,0.0
16,155,1.025672292177334,6.678692400132147,0.0,0.0,0.0,0.0,1.0,1.0
17,155,9.992212483765403,1.020460467122836,0.0,0.0,0.0,0.0,1.0,1.0
18,155,5.138606592773405,8.899883175346114,0.0,1.0,0.0,0.0,0.0,1.0
19,155,8.006990959672658,5.776101485695375,0.0,1.0,0.0,0.0,1.0,0.0
0,160,9.993528073779084,1.8585202633228484,0.0,0.0,1.0,1.0,1.0,0.0
1,160,12.0,4.43799903219864,0.0,0.0,1.0,0.0,0.0,0.0
2,160,2.665208056523128,6.812672026266506,1.0,0.0,0.0,1.0,1.0,1.0
3,160,7.843727660787776,1.9381844192849105,0.0,0.0,0.0,0.0,1.0,1.0
4,160,2.775152623279012,5.314872785160024,1.0,0.0,1.0,0.0,1.0,1.0
5,160,4.023946177258336,4.928525584516608,0.0,1.0,0.0,0.0,0.0,0.0
6,160,9.449872612296438,2.754732679119745,0.0,1.0,0.0,1.0,1.0,0.0
7,160,4.569748230571913,9.11014135548046,0.0,1.0,0.0,1.0,0.0,0.0
8,160,1.798021443166797,0.1035567614749566,0.0,0.0,0.0,1.0,0.0,0.0
9,160,0.8455504608674634,6.257674505288621,1.0,0.0,1.0,0.0,0.0,1.0
10,160,9.907273504463202,0.0,1.0,0.0,0.0,0.0,1.0,1.0
11,160,7.308427118724778,7.833480407357885,1.0,0.0,1.0,0.0,0.0,1.0
12,160,1.5616597280074571,5.335621795415766,0.0,0.0,1.0,1.0,0.0,0.0
13,160,6.624679056553186,11.063075587929314,0.0,0.0,1.0,0.0,0.0,0.0
14,160,1.071305344950446,2.959179369454183,1.0,1.0,1.0,0.0,0.0,1.0
15,160,5.282770394906735,3.1383667923270577,0.0,0.0,0.0,1.0,1.0,0.0
16,160,1.0294969171202364,6.577765567491953,0.0,0.0,0.0,0.0,1.0,1.0
17,160,9.947318704386936,1.0346257609841374,0.0,0.0,0.0,0.0,1.0,1.0
18,160,5.385229608968803,8.989676935808534,0.0,1.0,0.0,0.0,0.0,1.0
19,160,8.056924448160743,5.980292319802541,0.0,1.0,0.0,0.0,1.0,0.0
0,165,9.900146286393648,1.7026003804080978,0.0,0.0,1.0,1.0,1.0,0.0
1,165,12.0,4.428408421745965,0.0,0.0,1.0,0.0,0.0,0.0
2,165,2.659039301713394,6.870650134806742,1.0,0.0,0.0,1.0,1.0,1.0
3,165,7.900725506832965,1.8938836095451363,0.0,0.0,0.0,0.0,1.0,1.0
4,165,2.668588421089223,5.475852110091174,1.0,0.0,1.0,0.0,1.0,1.0
5,165,3.8595978532632818,5.0054092615494,0.0,1.0,0.0,0.0,0.0,0.0
6,165,9.413240132703796,2.772500541051634,0.0,1.0,0.0,1.0,1.0,0.0
7,165,4.702774970326832,9.156709153011418,0.0,1.0,0.0,1.0,0.0,0.0
8,165,1.87418430628154,0.0431667765846992,0.0,0.0,0.0,1.0,0.0,0.0
9,165,0.8007232228641159,6.287748705278399,1.0,0.0,1.0,0.0,0.0,1.0
10,165,9.954868030453431,0.0,1.0,0.0,0.0,0.0,1.0,1.0
11,165,7.402016486234,7.781989836509847,1.0,0.0,1.0,0.0,0.0,1.0
12,165,1.5410268696383524,5.515173653896814,0.0,0.0,1.0,1.0,0.0,0.0
13,165,6.641630479295285,11.078393400578038,0.0,0.0,1.0,0.0,0.0,0.0
14,165,1.0783650635713682,2.9542411896418286,1.0,1.0,1.0,0.0,0.0,1.0
15,165,5.19557158300598,3.0990774610869067,0.0,0.0,0.0,1.0,1.0,0.0
16,165,1.0333724047538513,6.464930285608048,0.0,0.0,0.0,0.0,1.0,1.0
17,165,9.8857831355243,1.0535149594491853,0.0,0.0,0.0,0.0,1.0,1.0
18,165,5.629933945792164,9.078389932855933,0.0,1.0,0.0,0.0,0.0,1.0
19,165,8.115385191148075,6.196371451101565,0.0,1.0,0.0,0.0,1.0,0.0
0,170,9.80833015211762,1.5582825071687818,0.0,0.0,1.0,1.0,1.0,0.0
1,170,12.0,4.416945108516335,0.0,0.0,1.0,0.0,0.0,0.0
2,170,2.6533120081120907,6.91862012230238,1.0,0.0,0.0,1.0,1.0,1.0
3,170,7.946418053016587,1.8589917025858536,0.0,0.0,0.0,0.0,1.0,1.0
4,170,2.569960083475819,5.628766191861649,1.0,0.0,1.0,0.0,1.0,1.0
5,170,3.6879026572356857,5.081802137448933,0.0,1.0,0.0,0.0,0.0,0.0
6,170,9.38525180245177,2.7861040323983106,0.0,1.0,0.0,1.0,1.0,0.0
7,170,4.839079238465547,9.208124452148954,0.0,1.0,0.0,1.0,0.0,0.0
8,170,1.952366479758027,0.0,0.0,0.0,0.0,1.0,0.0,0.0
9,170,0.7660126963205032,6.311476322553553,1.0,0.0,1.0,0.0,0.0,1.0
10,170,10.008507213403284,0.0,1.0,0.0,0.0,0.0,1.0,1.0
11,170,7.494448013722807,7.729546993570508,1.0,0.0,1.0,0.0,0.0,1.0
12,170,1.5196476446646443,5.702832517249062,0.0,0.0,1.0,1.0,0.0,0.0
13,170,6.641784071165432,11.078525954954316,0.0,0.0,1.0,0.0,0.0,0.0
14,170,1.0890348296680303,2.9469414057642456,1.0,1.0,1.0,0.0,0.0,1.0
15,170,5.126348497211773,3.0659461313630256,0.0,0.0,0.0,1.0,1.0,0.0
16,170,1.0390416147040291,6.3657893547447575,0.0,0.0,0.0,0.0,1.0,1.0
17,170,9.82137157334952,1.0726539472232657,0.0,0.0,0.0,0.0,1.0,1.0
18,170,5.865360670370435,9.16175842512051,0.0,1.0,0.0,0.0,0.0,1.0
19,170,8.176648784919841,6.4294324766501285,0.0,1.0,0.0,0.0,1.0,0.0
0,175,9.700639425964509,1.3949729197967604,0.0,0.0,1.0,1.0,1.0,0.0
1,175,12.0,4.404403207005614,0.0,0.0,1.0,0.0,0.0,0.0
2,175,2.648311407610947,6.968183988236562,1.0,0.0,0.0,1.0,1.0,1.0
3,175,7.989680593557101,1.8277247677093127,0.0,0.0,0.0,0.0,1.0,1.0
4,175,2.4663395086280446,5.784999185420618,1.0,0.0,1.0,0.0,1.0,1.0
5,175,3.512842569460139,5.161433338779511,0.0,1.0,0.0,0.0,0.0,0.0
6,175,9.35599251932056,2.8004936371678344,0.0,1.0,0.0,1.0,1.0,0.0
7,175,4.9843003073078185,9.262298014096656,0.0,1.0,0.0,1.0,0.0,0.0
8,175,2.0545581982628174,0.0,0.0,0.0,0.0,1.0,0.0,0.0
9,175,0.7261067600405826,6.33916505162135,1.0,0.0,1.0,0.0,0.0,1.0
10,175,10.060976440420388,0.0,1.0,0.0,0.0,0.0,1.0,1.0
11,175,7.577121073300754,7.680461295108692,1.0,0.0,1.0,0.0,0.0,1.0
12,175,1.498211509557397,5.869950275575026,0.0,0.0,1.0,1.0,0.0,0.0
13,175,6.653246911968593,11.088458764885177,0.0,0.0,1.0,0.0,0.0,0.0
14,175,1.0952549289127949,2.942860192258227,1.0,1.0,1.0,0.0,0.0,1.0
15,175,5.059988551326208,3.035241747051834,0.0,0.0,0.0,1.0,1.0,0.0
16,175,1.0426345005708064,6.297331059438386,0.0,0.0,0.0,0.0,1.0,1.0
17,175,9.747823592653411,1.0961513223348351,0.0,0.0,0.0,0.0,1.0,1.0
18,175,6.0922175522223085,9.244804156634125,0.0,1.0,0.0,0.0,0.0,1.0
19,175,8.233893332987652,6.634090016951004,0.0,1.0,0.0,0.0,1.0,0.0
0,180,9.60757487794149,1.2551644873625427,0.0,0.0,1.0,1.0,1.0,0.0
1,180,12.0,4.388934524879146,0.0,0.0,1.0,0.0,0.0,0.0
2,180,2.6454894637820896,6.994541878722244,1.0,0.0,0.0,1.0,1.0,1.0
3,180,8.013576274349914,1.8103347758802464,0.0,0.0,0.0,0.0,1.0,1.0
4,180,2.3730589633019687,5.929400486862849,1.0,0.0,1.0,0.0,1.0,1.0
5,180,3.5953692216268083,5.348346024882628,0.0,1.0,0.0,0.0,0.0,0.0
6,180,9.32220660727077,2.817284114982276,0.0,1.0,0.0,1.0,1.0,0.0
7,180,5.140891745635363,9.320904313841252,0.0,1.0,0.0,1.0,0.0,0.0
8,180,2.1582372207814347,0.0,0.0,0.0,0.0,1.0,0.0,0.0
9,180,0.6954900278137927,6.360614971013374,1.0,0.0,1.0,0.0,0.0,1.0
10,180,10.111269509416196,0.0,1.0,0.0,0.0,0.0,1.0,1.0
11,180,7.676441947547387,7.621710538482174,1.0,0.0,1.0,0.0,0.0,1.0
12,180,1.477344339744846,6.025444708520433,0.0,0.0,1.0,1.0,0.0,0.0
13,180,6.664274402000118,11.09816577058561,0.0,0.0,1.0,0.0,0.0,0.0
14,180,1.1024135533595614,2.93806005032684,1.0,1.0,1.0,0.0,0.0,1.0
15,180,5.007672696091236,3.011766653188407,0.0,0.0,0.0,1.0,1.0,0.0
16,180,1.04746829649565,6.237167871751963,0.0,0.0,0.0,0.0,1.0,1.0
17,180,9.65436842730288,1.1280924766614735,0.0,0.0,0.0,0.0,1.0,1.0
18,180,6.312586797548435,9.31935120463826,0.0,1.0,0.0,0.0,0.0,1.0
19,180,8.293433508225453,6.838902987374422,0.0,1.0,0.0,0.0,1.0,0.0
0,185,9.51581968586899,1.117719308768995,0.0,0.0,1.0,1.0,1.0,0.0
1,185,12.0,4.368824150960813,0.0,0.0,1.0,0.0,0.0,0.0
2,185,2.6433427034670065,7.010039430145756,1.0,0.0,0.0,1.0,1.0,1.0
3,185,8.04879321861714,1.78369186264685,0.0,0.0,0.0,0.0,1.0,1.0
4,185,2.2825236688307635,6.063152905878483,1.0,0.0,1.0,0.0,1.0,1.0
5,185,3.6735606955203184,5.516477275383273,0.0,1.0,0.0,0.0,0.0,0.0
6,185,9.299492431987106,2.8281759870520222,0.0,1.0,0.0,1.0,1.0,0.0
7,185,5.3108426709533285,9.38991120815868,0.0,1.0,0.0,1.0,0.0,0.0
8,185,2.249835862374117,0.0,0.0,0.0,0.0,1.0,0.0,0.0
9,185,0.671881895766489,6.377408660056335,1.0,0.0,1.0,0.0,0.0,1.0
10,185,10.178836361353191,0.0,1.0,0.0,0.0,0.0,1.0,1.0
11,185,7.794468287999965,7.553574384190353,1.0,0.0,1.0,0.0,0.0,1.0
12,185,1.459681128228126,6.171416917300187,0.0,0.0,1.0,1.0,0.0,0.0
13,185,6.663622507557959,11.097596434220602,0.0,0.0,1.0,0.0,0.0,0.0
14,185,1.1277261995868482,2.920774044176287,1.0,1.0,1.0,0.0,0.0,1.0
15,185,4.959544921327792,2.990107908800269,0.0,0.0,0.0,1.0,1.0,0.0
16,185,1.0538943342079372,6.169728593290964,0.0,0.0,0.0,0.0,1.0,1.0
17,185,9.560906945231942,1.161803561664286,0.0,0.0,0.0,0.0,1.0,1.0
18,185,6.53640963512252,9.396708506121858,0.0,1.0,0.0,0.0,0.0,1.0
19,185,8.357883319181688,7.0477179205750256,0.0,1.0,0.0,0.0,1.0,0.0
0,190,9.427200809614105,0.9888045786119696,0.0,0.0,1.0,1.0,1.0,0.0
1,190,12.0,4.355373547321781,0.0,0.0,1.0,0.0,0.0,0.0
2,190,2.642520117709053,7.015746706093768,1.0,0.0,0.0,1.0,1.0,1.0
3,190,8.076485340827132,1.7628032780346383,0.0,0.0,0.0,0.0,1.0,1.0
4,190,2.190540834988552,6.194392296581901,1.0,0.0,1.0,0.0,1.0,1.0
5,190,3.7592401548525656,5.699006654657303,0.0,1.0,0.0,0.0,0.0,0.0
6,190,9.261659661061916,2.846636853901275,0.0,1.0,0.0,1.0,1.0,0.0
7,190,5.472423473989562,9.455078400243856,0.0,1.0,0.0,1.0,0.0,0.0
8,190,2.3465028954861875,0.0,0.0,0.0,0.0,1.0,0.0,0.0
9,190,0.6491763395986485,6.393212173626848,1.0,0.0,1.0,0.0,0.0,1.0
10,190,10.248083396695776,0.0,1.0,0.0,0.0,0.0,1.0,1.0
11,190,7.90876549943607,7.48809956545299,1.0,0.0,1.0,0.0,0.0,1.0
12,190,1.4427055830407725,6.295265412385263,0.0,0.0,1.0,1.0,0.0,0.0
13,190,6.658978368533268,11.093472313981154,0.0,0.0,1.0,0.0,0.0,0.0
14,190,1.1649995379537212,2.8955544442113603,1.0,1.0,1.0,0.0,0.0,1.0
15,190,4.886851039955801,2.956540282431727,0.0,0.0,0.0,1.0,1.0,0.0
16,190,1.0630752456120598,6.09027710742343,0.0,0.0,0.0,0.0,1.0,1.0
17,190,9.476672442449397,1.190779629054489,0.0,0.0,0.0,0.0,1.0,1.0
18,190,6.769494004950345,9.478488007075066,0.0,1.0,0.0,0.0,0.0,1.0
19,190,8.423176617225247,7.263696885419738,0.0,1.0,0.0,0.0,1.0,0.0
0,195,9.355540654898295,0.8833412233905809,0.0,0.0,1.0,1.0,1.0,0.0
1,195,12.0,4.335577705787284,0.0,0.0,1.0,0.0,0.0,0.0
2,195,2.645386200405141,6.994848783116066,1.0,0.0,0.0,1.0,1.0,1.0
3,195,8.08619146559325,1.755525148337793,0.0,0.0,0.0,0.0,1.0,1.0
4,195,2.0884719785879517,6.335036572414369,1.0,0.0,1.0,0.0,1.0,1.0
5,195,3.8387581993003614,5.869958405150557,0.0,1.0,0.0,0.0,0.0,0.0
6,195,9.224229479982238,2.8663038074979377,0.0,1.0,0.0,1.0,1.0,0.0
7,195,5.6587842950463605,9.530291201852569,0.0,1.0,0.0,1.0,0.0,0.0
8,195,2.440244323271139,0.0,0.0,0.0,0.0,1.0,0.0,0.0
9,195,0.6509637398549317,6.3920059496842505,1.0,0.0,1.0,0.0,0.0,1.0
10,195,10.323141874995732,0.0,1.0,0.0,0.0,0.0,1.0,1.0
11,195,8.019072801131548,7.423235124129883,1.0,0.0,1.0,0.0,0.0,1.0
12,195,1.424668114155909,6.422131799606299,0.0,0.0,1.0,1.0,0.0,0.0
13,195,6.673873476154019,11.106877503072765,0.0,0.0,1.0,0.0,0.0,0.0
14,195,1.2036121747895423,2.8699936457139565,1.0,1.0,1.0,0.0,0.0,1.0
15,195,4.80863015218244,2.920649563878948,0.0,0.0,0.0,1.0,1.0,0.0
16,195,1.0736779273861214,5.999591809256279,0.0,0.0,0.0,0.0,1.0,1.0
17,195,9.381837745678013,1.2226357095312512,0.0,0.0,0.0,0.0,1.0,1.0
18,195,6.993249229194809,9.556997901320065,0.0,1.0,0.0,0.0,0.0,1.0
19,195,8.49324607990995,7.476597780155865,0.0,1.0,0.0,0.0,1.0,0.0
0,200,9.297250205310284,0.7954211013201947,0.0,0.0,1.0,1.0,1.0,0.0
1,200,12.0,4.316493012166797,0.0,0.0,1.0,0.0,0.0,0.0
2,200,2.6471185329173976,6.979551941263819,1.0,0.0,0.0,1.0,1.0,1.0
3,200,8.094528454834464,1.7487414940735024,0.0,0.0,0.0,0.0,1.0,1.0
4,200,1.9647003073697336,6.500420313298164,1.0,0.0,1.0,0.0,1.0,1.0
5,200,3.9148272769305152,6.031565260347799,0.0,1.0,0.0,0.0,0.0,0.0
6,200,9.18823583462174,2.885981923434058,0.0,1.0,0.0,1.0,1.0,0.0
7,200,5.858934979679162,9.612468215578884,0.0,1.0,0.0,1.0,0.0,0.0
8,200,2.526419757247502,0.0,0.0,0.0,0.0,1.0,0.0,0.0
9,200,0.6531588905061637,6.39056308394852,1.0,0.0,1.0,0.0,0.0,1.0
10,200,10.39638099483462,0.0,1.0,0.0,0.0,0.0,1.0,1.0
11,200,8.117828004582053,7.364140748774877,1.0,0.0,1.0,0.0,0.0,1.0
12,200,1.4114083631048604,6.543021388071968,0.0,0.0,1.0,1.0,0.0,0.0
13,200,6.690069880717103,11.121907463569718,0.0,0.0,1.0,0.0,0.0,0.0
14,200,1.2415052358883971,2.846973187701026,1.0,1.0,1.0,0.0,0.0,1.0
15,200,4.728757243234129,2.88276568616515,0.0,0.0,0.0,1.0,1.0,0.0
16,200,1.082066830455095,5.90500169752774,0.0,0.0,0.0,0.0,1.0,1.0
17,200,9.28952089802381,1.257514368473004,0.0,0.0,0.0,0.0,1.0,1.0
18,200,7.2222713899150035,9.634149536716638,0.0,1.0,0.0,0.0,0.0,1.0
19,200,8.560678711672905,7.68723463113098,0.0,1.0,0.0,0.0,1.0,0.0
0,205,9.235658312101638,0.7035373797326749,0.0,0.0,1.0,1.0,1.0,0.0
1,205,12.0,4.307282332372025,0.0,0.0,1.0,0.0,0.0,0.0
2,205,2.647972157909857,6.97259364341252,1.0,0.0,0.0,1.0,1.0,1.0
3,205,8.10710258470259,1.7388202889851991,0.0,0.0,0.0,0.0,1.0,1.0
4,205,1.8450816977913111,6.659254685156072,1.0,0.0,1.0,0.0,1.0,1.0
5,205,3.988779150166309,6.197103274992869,0.0,1.0,0.0,0.0,0.0,0.0
6,205,9.128155641847156,2.9186732438494967,0.0,1.0,0.0,1.0,1.0,0.0
7,205,6.093188360788747,9.708042137666784,0.0,1.0,0.0,1.0,0.0,0.0
8,205,2.618950204759114,0.0,0.0,0.0,0.0,1.0,0.0,0.0
9,205,0.6740160709250843,6.377442237756071,1.0,0.0,1.0,0.0,0.0,1.0
10,205,10.465360942176254,0.0,1.0,0.0,0.0,0.0,1.0,1.0
11,205,8.227563056634848,7.305014058610884,1.0,0.0,1.0,0.0,0.0,1.0
12,205,1.395040941270399,6.668916771127781,0.0,0.0,1.0,1.0,0.0,0.0
13,205,6.706617218136075,11.13628714546786,0.0,0.0,1.0,0.0,0.0,0.0
14,205,1.2811501923419155,2.8211512378629138,1.0,1.0,1.0,0.0,0.0,1.0
15,205,4.624976565353925,2.8312757574796867,0.0,0.0,0.0,1.0,1.0,0.0
16,205,1.0944303265106452,5.7958568841979,0.0,0.0,0.0,0.0,1.0,1.0
17,205,9.198270803202456,1.2927397523632531,0.0,0.0,0.0,0.0,1.0,1.0
18,205,7.462294688341434,9.71636980774784,0.0,1.0,0.0,0.0,0.0,1.0
19,205,8.631066101043478,7.910913881997248,0.0,1.0,0.0,0.0,1.0,0.0
0,210,9.172594406438952,0.6116382614348028,0.0,0.0,1.0,1.0,1.0,0.0
1,210,12.0,4.29973068226942,0.0,0.0,1.0,0.0,0.0,0.0
2,210,2.6475186377893705,6.976713489734416,1.0,0.0,0.0,1.0,1.0,1.0
3,210,8.110165486608686,1.736488572642274,0.0,0.0,0.0,0.0,1.0,1.0
4,210,1.7422117447357426,6.806161064666483,1.0,0.0,1.0,0.0,1.0,1.0
5,210,4.057901831839757,6.344482329996881,0.0,1.0,0.0,0.0,0.0,0.0
6,210,9.08322434198616,2.9427542682598378,0.0,1.0,0.0,1.0,1.0,0.0
7,210,6.334343168863215,9.80821422641698,0.0,1.0,0.0,1.0,0.0,0.0
8,210,2.695743857364768,0.0,0.0,0.0,0.0,1.0,0.0,0.0
9,210,0.7027525324320643,6.3591751749902645,1.0,0.0,1.0,0.0,0.0,1.0
10,210,10.530735561941333,0.0,1.0,0.0,0.0,0.0,1.0,1.0
11,210,8.315364785995238,7.25127514141041,1.0,0.0,1.0,0.0,0.0,1.0
12,210,1.3796423540017142,6.800665373580981,0.0,0.0,1.0,1.0,0.0,0.0
13,210,6.720665363173839,11.14792834869982,0.0,0.0,1.0,0.0,0.0,0.0
14,210,1.326444570350292,2.793688261348376,1.0,1.0,1.0,0.0,0.0,1.0
15,210,4.52543755355977,2.782795017133782,0.0,0.0,0.0,1.0,1.0,0.0
16,210,1.1040922058508869,5.703717691459498,0.0,0.0,0.0,0.0,1.0,1.0
17,210,9.12247811859242,1.3221915433706424,0.0,0.0,0.0,0.0,1.0,1.0
18,210,7.684733082004645,9.79728009318651,0.0,1.0,0.0,0.0,0.0,1.0
19,210,8.693384443677465,8.116223099175464,0.0,1.0,0.0,0.0,1.0,0.0
0,215,9.12170527981039,0.5421920185918024,0.0,0.0,1.0,1.0,1.0,0.0
1,215,12.0,4.293962355473154,0.0,0.0,1.0,0.0,0.0,0.0
2,215,2.6480468345758026,6.971685396776158,1.0,0.0,0.0,1.0,1.0,1.0
3,215,8.113341744318939,1.7340166743487344,0.0,0.0,0.0,0.0,1.0,1.0
4,215,1.6499621764252967,6.935410797251107,1.0,0.0,1.0,0.0,1.0,1.0
5,215,4.116044361970973,6.473507601502747,0.0,1.0,0.0,0.0,0.0,0.0
6,215,9.051295072831486,2.959360590067461,0.0,1.0,0.0,1.0,1.0,0.0
7,215,6.592543803481037,9.917875099989486,0.0,1.0,0.0,1.0,0.0,0.0
8,215,2.7816933097040795,0.0,0.0,0.0,0.0,1.0,0.0,0.0
9,215,0.7348935728629923,6.339009398882957,1.0,0.0,1.0,0.0,0.0,1.0
10,215,10.6101708870692,0.0,1.0,0.0,0.0,0.0,1.0,1.0
11,215,8.407561120155151,7.200171258959975,1.0,0.0,1.0,0.0,0.0,1.0
12,215,1.3649452862736524,6.931082833411965,0.0,0.0,1.0,1.0,0.0,0.0
13,215,6.737635509622686,11.161162727086207,0.0,0.0,1.0,0.0,0.0,0.0
14,215,1.3874028610944935,2.7571085145846634,1.0,1.0,1.0,0.0,0.0,1.0
15,215,4.434859766365053,2.7405902652100047,0.0,0.0,0.0,1.0,1.0,0.0
16,215,1.1141922789471002,5.6211288454681805,0.0,0.0,0.0,0.0,1.0,1.0
17,215,9.04431649900153,1.3516202808921105,0.0,0.0,0.0,0.0,1.0,1.0
18,215,7.904836231263218,9.883210237305414,0.0,1.0,0.0,0.0,0.0,1.0
19,215,8.75804048308929,8.328299272490371,0.0,1.0,0.0,0.0,1.0,0.0
0,220,9.067983737293622,0.4673729461874808,0.0,0.0,1.0,1.0,1.0,0.0
1,220,11.996322857697589,4.295145978164722,0.0,0.0,1.0,0.0,0.0,0.0
2,220,2.6487288616310747,6.965311324941835,1.0,0.0,0.0,1.0,1.0,1.0
3,220,8.117027687031515,1.7311348347213986,0.0,0.0,0.0,0.0,1.0,1.0
4,220,1.5603376699921798,7.065047443758864,1.0,0.0,1.0,0.0,1.0,1.0
5,220,4.174231878868389,6.608006536328788,0.0,1.0,0.0,0.0,0.0,0.0
6,220,9.01952863621962,2.975024670390158,0.0,1.0,0.0,1.0,1.0,0.0
7,220,6.839053411211196,10.025101721916824,0.0,1.0,0.0,1.0,0.0,0.0
8,220,2.845130940842699,0.0,0.0,0.0,0.0,1.0,0.0,0.0
9,220,0.7783165037761279,6.311993481071044,1.0,0.0,1.0,0.0,0.0,1.0
10,220,10.696640750413152,0.0,1.0,0.0,0.0,0.0,1.0,1.0
11,220,8.497498479876642,7.149947386744227,1.0,0.0,1.0,0.0,0.0,1.0
12,220,1.3473391362913223,7.066023660379279,0.0,0.0,1.0,1.0,0.0,0.0
13,220,6.759416140384129,11.178115060121405,0.0,0.0,1.0,0.0,0.0,0.0
14,220,1.434011737342234,2.730147392225216,1.0,1.0,1.0,0.0,0.0,1.0
15,220,4.341652291589417,2.698097533075317,0.0,0.0,0.0,1.0,1.0,0.0
16,220,1.1326815284316434,5.5094531935257365,0.0,0.0,0.0,0.0,1.0,1.0
17,220,8.964242098957492,1.382223932237278,0.0,0.0,0.0,0.0,1.0,1.0
18,220,8.1279391899763,9.973158707344014,0.0,1.0,0.0,0.0,0.0,1.0
19,220,8.824055412890237,8.55164647774377,0.0,1.0,0.0,0.0,1.0,0.0
0,225,9.015532461348494,0.3926360950592367,0.0,0.0,1.0,1.0,1.0,0.0
1,225,11.986482437687576,4.298559531798281,0.0,0.0,1.0,0.0,0.0,0.0
2,225,2.6488395664234794,6.9642395411838605,1.0,0.0,0.0,1.0,1.0,1.0
3,225,8.112233750642952,1.734978084401341,0.0,0.0,0.0,0.0,1.0,1.0
4,225,1.4605027731392892,7.20759178403193,1.0,0.0,1.0,0.0,1.0,1.0
5,225,4.233836336044799,6.745777130335247,0.0,1.0,0.0,0.0,0.0,0.0
6,225,8.977605264717747,2.995780775581255,0.0,1.0,0.0,1.0,1.0,0.0
7,225,7.099930788623952,10.144150432968008,0.0,1.0,0.0,1.0,0.0,0.0
8,225,2.9027741473331425,0.0,0.0,0.0,0.0,1.0,0.0,0.0
9,225,0.8317575640013952,6.279751010182555,1.0,0.0,1.0,0.0,0.0,1.0
10,225,10.791183063498988,0.0,1.0,0.0,0.0,0.0,1.0,1.0
11,225,8.58843028070967,7.099025109793026,1.0,0.0,1.0,0.0,0.0,1.0
12,225,1.3330909999644722,7.214577256275779,0.0,0.0,1.0,1.0,0.0,0.0
13,225,6.777444844438962,11.192189409457889,0.0,0.0,1.0,0.0,0.0,0.0
14,225,1.4693657901197017,2.706501524640649,1.0,1.0,1.0,0.0,0.0,1.0
15,225,4.246092716117992,2.655380539365497,0.0,0.0,0.0,1.0,1.0,0.0
16,225,1.1555280798722651,5.3798940673704765,0.0,0.0,0.0,0.0,1.0,1.0
17,225,8.885534333643161,1.4101796048151995,0.0,0.0,0.0,0.0,1.0,1.0
18,225,8.349308859733409,10.060984619760855,0.0,1.0,0.0,0.0,0.0,1.0
19,225,8.890467168318848,8.770606380800272,0.0,1.0,0.0,0.0,1.0,0.0
0,230,8.975538590676505,0.3327329769664651,0.0,0.0,1.0,1.0,1.0,0.0
1,230,12.0,4.2920849436590505,0.0,0.0,1.0,0.0,0.0,0.0
2,230,2.651018533731593,6.94570959150372,1.0,0.0,0.0,1.0,1.0,1.0
3,230,8.119946144124842,1.729011606971215,0.0,0.0,0.0,0.0,1.0,1.0
4,230,1.3655287588383584,7.34743030368734,1.0,0.0,1.0,0.0,1.0,1.0
5,230,4.293755824098192,6.881657945599226,0.0,1.0,0.0,0.0,0.0,0.0
6,230,8.939904559549921,3.015201246857297,0.0,1.0,0.0,1.0,1.0,0.0
7,230,7.369194084093723,10.269524755877438,0.0,1.0,0.0,1.0,0.0,0.0
8,230,2.966521605104152,0.0,0.0,0.0,0.0,1.0,0.0,0.0
9,230,0.8914179556768326,6.2443012390370365,1.0,0.0,1.0,0.0,0.0,1.0
10,230,10.890223821848846,0.0,1.0,0.0,0.0,0.0,1.0,1.0
11,230,8.695778761876445,7.038436167296804,1.0,0.0,1.0,0.0,0.0,1.0
12,230,1.3203282544459645,7.382829225318062,0.0,0.0,1.0,1.0,0.0,0.0
13,230,6.79973445655174,11.20968523433058,0.0,0.0,1.0,0.0,0.0,0.0
14,230,1.5035679242362603,2.6848356765856742,1.0,1.0,1.0,0.0,0.0,1.0
15,230,4.159101061255348,2.615158028610322,0.0,0.0,0.0,1.0,1.0,0.0
16,230,1.182668700748542,5.225651961010462,0.0,0.0,0.0,0.0,1.0,1.0
17,230,8.813920786251485,1.4347271518075675,0.0,0.0,0.0,0.0,1.0,1.0
18,230,8.594237683780126,10.15894048265468,0.0,1.0,0.0,0.0,0.0,1.0
19,230,8.960653385940777,8.999667647890107,0.0,1.0,0.0,0.0,1.0,0.0
0,235,8.943025303121448,0.283916480668392,0.0,0.0,1.0,1.0,1.0,0.0
1,235,12.0,4.285060345485432,0.0,0.0,1.0,0.0,0.0,0.0
2,235,2.65358971192935,6.922197172344906,1.0,0.0,0.0,1.0,1.0,1.0
3,235,8.140783742714975,1.7128909092288498,0.0,0.0,0.0,0.0,1.0,1.0
4,235,1.2795929753107609,7.47290001001989,1.0,0.0,1.0,0.0,1.0,1.0
5,235,4.35126261041481,7.026483747431605,0.0,1.0,0.0,0.0,0.0,0.0
6,235,8.89091553778253,3.039900447730278,0.0,1.0,0.0,1.0,1.0,0.0
7,235,7.645694956448647,10.39044790403909,0.0,1.0,0.0,1.0,0.0,0.0
8,235,3.016832639319216,0.0,0.0,0.0,0.0,1.0,0.0,0.0
9,235,0.9482956131355512,6.211299376365567,1.0,0.0,1.0,0.0,0.0,1.0
10,235,11.000888605230422,0.0,1.0,0.0,0.0,0.0,1.0,1.0
11,235,8.816928149829042,6.975841502258435,1.0,0.0,1.0,0.0,0.0,1.0
12,235,1.298565129116677,7.560327407153882,0.0,0.0,1.0,1.0,0.0,0.0
13,235,6.807798613451909,11.216136383935174,0.0,0.0,1.0,0.0,0.0,0.0
14,235,1.5553248681100416,2.652218092133644,1.0,1.0,1.0,0.0,0.0,1.0
15,235,4.082563144745501,2.5787703138886067,0.0,0.0,0.0,1.0,1.0,0.0
16,235,1.2095844992636309,5.083916960592233,0.0,0.0,0.0,0.0,1.0,1.0
17,235,8.719252100119302,1.4667349088405428,0.0,0.0,0.0,0.0,1.0,1.0
18,235,8.834964560501627,10.25147849946796,0.0,1.0,0.0,0.0,0.0,1.0
19,235,9.022079946777,9.210005840452204,0.0,1.0,0.0,0.0,1.0,0.0
0,240,8.908297421196089,0.2322509477116176,0.0,0.0,1.0,1.0,1.0,0.0
1,240,12.0,4.281866391842127,0.0,0.0,1.0,0.0,0.0,0.0
2,240,2.65688765348138,6.891679785734806,1.0,0.0,0.0,1.0,1.0,1.0
3,240,8.161719801764411,1.695973996708738,0.0,0.0,0.0,0.0,1.0,1.0
4,240,1.1813020480950442,7.61501324666257,1.0,0.0,1.0,0.0,1.0,1.0
5,240,4.414173884539884,7.186124451196873,0.0,1.0,0.0,0.0,0.0,0.0
6,240,8.855157731790353,3.059521082764342,0.0,1.0,0.0,1.0,1.0,0.0
7,240,7.904288639480143,10.50730836077826,0.0,1.0,0.0,1.0,0.0,0.0
8,240,3.054566620123632,0.0,0.0,0.0,0.0,1.0,0.0,0.0
9,240,1.0012305935870138,6.182579529624991,1.0,0.0,1.0,0.0,0.0,1.0
10,240,11.121859481196344,0.0,1.0,0.0,0.0,0.0,1.0,1.0
11,240,8.92914268964631,6.919442907170727,1.0,0.0,1.0,0.0,0.0,1.0
12,240,1.2810417869716866,7.725812536557465,0.0,0.0,1.0,1.0,0.0,0.0
13,240,6.800463284386328,11.210054461272671,0.0,0.0,1.0,0.0,0.0,0.0
14,240,1.5905002106302362,2.630202221365233,1.0,1.0,1.0,0.0,0.0,1.0
15,240,4.025264979303024,2.550970013583908,0.0,0.0,0.0,1.0,1.0,0.0
16,240,1.2355742325908363,4.953290237904781,0.0,0.0,0.0,0.0,1.0,1.0
17,240,8.614479126535953,1.4993303518777703,0.0,0.0,0.0,0.0,1.0,1.0
18,240,9.081694994912375,10.345523077823067,0.0,1.0,0.0,0.0,0.0,1.0
19,240,9.087633941782595,9.434639552429752,0.0,1.0,0.0,0.0,1.0,0.0
0,245,8.857345290643114,0.1614100752688041,0.0,0.0,1.0,1.0,1.0,0.0
1,245,11.9976331533014,4.282654396298133,0.0,0.0,1.0,0.0,0.0,0.0
2,245,2.661112342274162,6.84862500387888,1.0,0.0,0.0,1.0,1.0,1.0
3,245,8.196969242235566,1.6687705567959743,0.0,0.0,0.0,0.0,1.0,1.0
4,245,1.0766874715335035,7.769679504434942,1.0,0.0,1.0,0.0,1.0,1.0
5,245,4.477209023532288,7.336272825889769,0.0,1.0,0.0,0.0,0.0,0.0
6,245,8.81284122817244,3.0814486302018844,0.0,1.0,0.0,1.0,1.0,0.0
7,245,8.177750086620264,10.629491986436728,0.0,1.0,0.0,1.0,0.0,0.0
8,245,3.0890884788856,0.0,0.0,0.0,0.0,1.0,0.0,0.0
9,245,1.0310476738538736,6.16620814976916,1.0,0.0,1.0,0.0,0.0,1.0
10,245,11.247694610387798,0.0,1.0,0.0,0.0,0.0,1.0,1.0
11,245,9.02618611941255,6.872759319443856,1.0,0.0,1.0,0.0,0.0,1.0
12,245,1.2640831151574452,7.898071899905716,0.0,0.0,1.0,1.0,0.0,0.0
13,245,6.778654300470491,11.192210123234991,0.0,0.0,1.0,0.0,0.0,0.0
14,245,1.6430541018484457,2.596548335913263,1.0,1.0,1.0,0.0,0.0,1.0
15,245,4.014094339545517,2.545282669319072,0.0,0.0,0.0,1.0,1.0,0.0
16,245,1.2595701468793778,4.8313834052253695,0.0,0.0,0.0,0.0,1.0,1.0
17,245,8.513141017827808,1.530792544925462,0.0,0.0,0.0,0.0,1.0,1.0
18,245,9.322567152613903,10.443247544150877,0.0,1.0,0.0,0.0,0.0,1.0
19,245,9.163823777963964,9.681138598856307,0.0,1.0,0.0,0.0,1.0,0.0
0,250,8.80732403793645,0.0876385057228338,0.0,0.0,1.0,1.0,1.0,0.0
1,250,11.988550977495466,4.285586923424383,0.0,0.0,1.0,0.0,0.0,0.0
2,250,2.665107583986464,6.811599181025615,1.0,0.0,0.0,1.0,1.0,1.0
3,250,8.235859848627241,1.639315582295355,0.0,0.0,0.0,0.0,1.0,1.0
4,250,0.9893547783037064,7.8987628078341565,1.0,0.0,1.0,0.0,1.0,1.0
5,250,4.53738857912246,7.471622761843442,0.0,1.0,0.0,0.0,0.0,0.0
6,250,8.76890233736003,3.103754252934396,0.0,1.0,0.0,1.0,1.0,0.0
7,250,8.428853394619477,10.753279395380783,0.0,1.0,0.0,1.0,0.0,0.0
8,250,3.1254969512707067,0.0,0.0,0.0,0.0,1.0,0.0,0.0
9,250,1.0616352891068983,6.148760725071046,1.0,0.0,1.0,0.0,0.0,1.0
10,250,11.369927688802564,0.0,1.0,0.0,0.0,0.0,1.0,1.0
11,250,9.111095716091569,6.828400605699296,1.0,0.0,1.0,0.0,0.0,1.0
12,250,1.2488712156747217,8.05973723152716,0.0,0.0,1.0,1.0,0.0,0.0
13,250,6.761001238053456,11.177862310274437,0.0,0.0,1.0,0.0,0.0,0.0
14,250,1.700722480840807,2.5610359419654056,1.0,1.0,1.0,0.0,0.0,1.0
15,250,3.998227891978008,2.5375465107054755,0.0,0.0,0.0,1.0,1.0,0.0
16,250,1.2812449542190636,4.716048251503058,0.0,0.0,0.0,0.0,1.0,1.0
17,250,8.424032822940184,1.557848923113717,0.0,0.0,0.0,0.0,1.0,1.0
18,250,9.563706004787743,10.53519093156554,0.0,1.0,0.0,0.0,0.0,1.0
19,250,9.23364492467875,9.91133053402586,0.0,1.0,0.0,0.0,1.0,0.0
0,255,8.766309906444187,0.0287443567350907,0.0,0.0,1.0,1.0,1.0,0.0
1,255,11.997368922202869,4.282814733982642,0.0,0.0,1.0,0.0,0.0,0.0
2,255,2.6666501620218708,6.799034640663933,1.0,0.0,0.0,1.0,1.0,1.0
3,255,8.271756852545314,1.6130605905869575,0.0,0.0,0.0,0.0,1.0,1.0
4,255,0.9117226952229728,8.012761621618699,1.0,0.0,1.0,0.0,1.0,1.0
5,255,4.603525185647075,7.624057551257578,0.0,1.0,0.0,0.0,0.0,0.0
6,255,8.737695093486224,3.1185920895328025,0.0,1.0,0.0,1.0,1.0,0.0
7,255,8.639198045755062,10.854490201839578,0.0,1.0,0.0,1.0,0.0,0.0
8,255,3.1979399272854487,0.0,0.0,0.0,0.0,1.0,0.0,0.0
9,255,1.1039976955061337,6.124973912057179,1.0,0.0,1.0,0.0,0.0,1.0
10,255,11.49856996844656,0.0,1.0,0.0,0.0,0.0,1.0,1.0
11,255,9.188828561041364,6.788107393088992,1.0,0.0,1.0,0.0,0.0,1.0
12,255,1.236019836463283,8.196066154346179,0.0,0.0,1.0,1.0,0.0,0.0
13,255,6.73901711840577,11.160043100995845,0.0,0.0,1.0,0.0,0.0,0.0
14,255,1.7492907592516007,2.532369149819019,1.0,1.0,1.0,0.0,0.0,1.0
15,255,3.981656657306508,2.528556661191767,0.0,0.0,0.0,1.0,1.0,0.0
16,255,1.3045461750510747,4.596088381987947,0.0,0.0,0.0,0.0,1.0,1.0
17,255,8.337538175052146,1.5838719575986893,0.0,0.0,0.0,0.0,1.0,1.0
18,255,9.805415598350288,10.62725137580011,0.0,1.0,0.0,0.0,0.0,1.0
19,255,9.298919439061253,10.148189446087578,0.0,1.0,0.0,0.0,1.0,0.0
0,260,8.727150660540648,0.0,0.0,0.0,1.0,1.0,1.0,0.0
1,260,12.0,4.281796448730322,0.0,0.0,1.0,0.0,0.0,0.0
2,260,2.6679255566103786,6.786904791971316,1.0,0.0,0.0,1.0,1.0,1.0
3,260,8.296026557746837,1.595555895386136,0.0,0.0,0.0,0.0,1.0,1.0
4,260,0.8296366985389303,8.13538154979172,1.0,0.0,1.0,0.0,1.0,1.0
5,260,4.673233200918439,7.795037287783355,0.0,1.0,0.0,0.0,0.0,0.0
6,260,8.719203503348098,3.127782208221501,0.0,1.0,0.0,1.0,1.0,0.0
7,260,8.83607879814453,10.946455479078676,0.0,1.0,0.0,1.0,0.0,0.0
8,260,3.2722193531921824,0.0,0.0,0.0,0.0,1.0,0.0,0.0
9,260,1.144554327567172,6.103377357285121,1.0,0.0,1.0,0.0,0.0,1.0
10,260,11.626113492907171,0.0,1.0,0.0,0.0,0.0,1.0,1.0
11,260,9.259733326690217,6.752676051967624,1.0,0.0,1.0,0.0,0.0,1.0
12,260,1.2234902363324007,8.341675602666978,0.0,0.0,1.0,1.0,0.0,0.0
13,260,6.727158141116263,11.150094702565596,0.0,0.0,1.0,0.0,0.0,0.0
14,260,1.830135881822308,2.484960302314603,1.0,1.0,1.0,0.0,0.0,1.0
15,260,3.974207600396623,2.524249388413964,0.0,0.0,0.0,1.0,1.0,0.0
16,260,1.327889694638697,4.475763657019901,0.0,0.0,0.0,0.0,1.0,1.0
17,260,8.240402705427543,1.6118945630681976,0.0,0.0,0.0,0.0,1.0,1.0
18,260,10.048948913921766,10.72300397799302,0.0,1.0,0.0,0.0,0.0,1.0
19,260,9.363491478054824,10.363406954323,0.0,1.0,0.0,0.0,1.0,0.0
0,265,8.690502038490358,0.0,0.0,0.0,1.0,1.0,1.0,0.0
1,265,11.960655197816632,4.293747904314801,0.0,0.0,1.0,0.0,0.0,0.0
2,265,2.6717435966774885,6.754946974697018,1.0,0.0,0.0,1.0,1.0,1.0
3,265,8.323597332737851,1.574009163549393,0.0,0.0,0.0,0.0,1.0,1.0
4,265,0.7000957372422704,8.044085007652074,1.0,0.0,1.0,0.0,1.0,1.0
5,265,4.730288569035706,7.938165978931467,0.0,1.0,0.0,0.0,0.0,0.0
6,265,8.674870304688817,3.1512296584888952,0.0,1.0,0.0,1.0,1.0,0.0
7,265,9.03319518237078,11.040290354604751,0.0,1.0,0.0,1.0,0.0,0.0
8,265,3.34945768515823,0.0,0.0,0.0,0.0,1.0,0.0,0.0
9,265,1.1932362786136592,6.078214044511439,1.0,0.0,1.0,0.0,0.0,1.0
10,265,11.766233026207406,0.0,1.0,0.0,0.0,0.0,1.0,1.0
11,265,9.3302916888537,6.71868930738383,1.0,0.0,1.0,0.0,0.0,1.0
12,265,1.2105387734473456,8.4686615091597,0.0,0.0,1.0,1.0,0.0,0.0
13,265,6.719679480783146,11.14412579309093,0.0,0.0,1.0,0.0,0.0,0.0
14,265,1.912764930791348,2.4349951023075964,1.0,1.0,1.0,0.0,0.0,1.0
15,265,3.9754393898271942,2.524913183775489,0.0,0.0,0.0,1.0,1.0,0.0
16,265,1.351181524799093,4.368592024511758,0.0,0.0,0.0,0.0,1.0,1.0
17,265,8.143639692789803,1.6399515544704872,0.0,0.0,0.0,0.0,1.0,1.0
18,265,10.297038573582263,10.827186610037051,0.0,1.0,0.0,0.0,0.0,1.0
19,265,9.422663706805498,10.580125192100564,0.0,1.0,0.0,0.0,1.0,0.0
0,270,8.645457526077278,0.0,0.0,0.0,1.0,1.0,1.0,0.0
1,270,11.92977467975202,4.303145792480376,0.0,0.0,1.0,0.0,0.0,0.0
2,270,2.6783152091877063,6.702325919789201,1.0,0.0,0.0,1.0,1.0,1.0
3,270,8.342602470787323,1.5589359674579872,0.0,0.0,0.0,0.0,1.0,1.0
4,270,0.5741510049355962,7.951847886999543,1.0,0.0,1.0,0.0,1.0,1.0
5,270,4.787899116524143,8.076842451793018,0.0,1.0,0.0,0.0,0.0,0.0
6,270,8.61473988779624,3.183025234918631,0.0,1.0,0.0,1.0,1.0,0.0
7,270,9.228757912897915,11.137354413439049,0.0,1.0,0.0,1.0,0.0,0.0
8,270,3.4386640623136646,0.0,0.0,0.0,0.0,1.0,0.0,0.0
9,270,1.228727313850309,6.06033831884172,1.0,0.0,1.0,0.0,0.0,1.0
10,270,11.898386079951868,0.0,1.0,0.0,0.0,0.0,1.0,1.0
11,270,9.40123095082954,6.68337506245483,1.0,0.0,1.0,0.0,0.0,1.0
12,270,1.2009231426593194,8.59932441151295,0.0,0.0,1.0,1.0,0.0,0.0
13,270,6.704702892776691,11.132711884470302,0.0,0.0,1.0,0.0,0.0,0.0
14,270,2.0068591692473152,2.3816094416223805,1.0,1.0,1.0,0.0,0.0,1.0
15,270,3.9600418040686,2.517010658617313,0.0,0.0,0.0,1.0,1.0,0.0
16,270,1.3744445253007902,4.266149904088449,0.0,0.0,0.0,0.0,1.0,1.0
17,270,8.048684904601203,1.669039223855436,0.0,0.0,0.0,0.0,1.0,1.0
18,270,10.544707580694906,10.929034799700103,0.0,1.0,0.0,0.0,0.0,1.0
19,270,9.482729383318611,10.80987170352,0.0,1.0,0.0,0.0,1.0,0.0
0,275,8.625954766682932,0.0,0.0,0.0,1.0,1.0,1.0,0.0
1,275,11.8878371498661,4.317302079966003,0.0,0.0,1.0,0.0,0.0,0.0
2,275,2.682879470326529,6.667772392449247,1.0,0.0,0.0,1.0,1.0,1.0
3,275,8.365505081492888,1.5409739601604056,0.0,0.0,0.0,0.0,1.0,1.0
4,275,0.4667079866356218,7.873308521635258,1.0,0.0,1.0,0.0,1.0,1.0
5,275,4.846151259597794,8.216686553273787,0.0,1.0,0.0,0.0,0.0,0.0
6,275,8.552332443053322,3.216480254744297,0.0,1.0,0.0,1.0,1.0,0.0
7,275,9.411617767251972,11.234193720142375,0.0,1.0,0.0,1.0,0.0,0.0
8,275,3.5311615279129747,0.0,0.0,0.0,0.0,1.0,0.0,0.0
9,275,1.269455106310972,6.040624462964894,1.0,0.0,1.0,0.0,0.0,1.0
10,275,12.0,0.0,1.0,0.0,0.0,0.0,1.0,1.0
11,275,9.479694081165755,6.643164704012206,1.0,0.0,1.0,0.0,0.0,1.0
12,275,1.1914154358075422,8.70513556942306,0.0,0.0,1.0,1.0,0.0,0.0
13,275,6.70812599149546,11.13546300200479,0.0,0.0,1.0,0.0,0.0,0.0
14,275,2.0879435839174403,2.336004590063702,1.0,1.0,1.0,0.0,0.0,1.0
15,275,3.938860801436813,2.506315102119027,0.0,0.0,0.0,1.0,1.0,0.0
16,275,1.4007956104974038,4.148434704745571,0.0,0.0,0.0,0.0,1.0,1.0
17,275,7.947673122523774,1.7024590846134204,0.0,0.0,0.0,0.0,1.0,1.0
18,275,10.78058795717352,11.032927957244056,0.0,1.0,0.0,0.0,0.0,1.0
19,275,9.54282367693576,11.047494047462244,0.0,1.0,0.0,0.0,1.0,0.0
0,280,8.612604942104891,0.0,0.0,0.0,1.0,1.0,1.0,0.0
1,280,11.89305879336983,4.332138818005322,0.0,0.0,1.0,0.0,0.0,0.0
2,280,2.6873450774476773,6.634588578702093,1.0,0.0,0.0,1.0,1.0,1.0
3,280,8.379616104667207,1.5297248495666158,0.0,0.0,0.0,0.0,1.0,1.0
4,280,0.3801937287230835,7.805792238386406,1.0,0.0,1.0,0.0,1.0,1.0
5,280,4.906420549530906,8.362169414416392,0.0,1.0,0.0,0.0,0.0,0.0
6,280,8.48330793729578,3.2549097278201966,0.0,1.0,0.0,1.0,1.0,0.0
7,280,9.585605479916753,11.330425357647067,0.0,1.0,0.0,1.0,0.0,0.0
8,280,3.604338513278994,0.0,0.0,0.0,0.0,1.0,0.0,0.0
9,280,1.3129465281447126,6.020357471690392,1.0,0.0,1.0,0.0,0.0,1.0
10,280,12.0,0.0,1.0,0.0,0.0,0.0,1.0,1.0
11,280,9.566064565106176,6.597114087420903,1.0,0.0,1.0,0.0,0.0,1.0
12,280,1.1807536125640623,8.800704687391812,0.0,0.0,1.0,1.0,0.0,0.0
13,280,6.699001644832694,11.12810712295797,0.0,0.0,1.0,0.0,0.0,0.0
14,280,2.1699197980315272,2.2842552228936377,1.0,1.0,1.0,0.0,0.0,1.0
15,280,3.912188471429925,2.4916078160389867,0.0,0.0,0.0,1.0,1.0,0.0
16,280,1.4310036393921175,4.01419180654863,0.0,0.0,0.0,0.0,1.0,1.0
17,280,7.865803193612831,1.7300313276833863,0.0,0.0,0.0,0.0,1.0,1.0
18,280,11.023718498478152,11.147794599552398,0.0,1.0,0.0,0.0,0.0,1.0
19,280,9.606489392511095,11.309834364620103,0.0,1.0,0.0,0.0,1.0,0.0
0,285,8.588677758081486,0.0,0.0,0.0,1.0,1.0,1.0,0.0
1,285,11.899046490427615,4.350443955107903,0.0,0.0,1.0,0.0,0.0,0.0
2,285,2.688150595187441,6.628713338827655,1.0,0.0,0.0,1.0,1.0,1.0
3,285,8.404501694093241,1.5101800863807489,0.0,0.0,0.0,0.0,1.0,1.0
4,285,0.3139813816636111,7.753522260651332,1.0,0.0,1.0,0.0,1.0,1.0
5,285,4.969072718546361,8.512858516701032,0.0,1.0,0.0,0.0,0.0,0.0
6,285,8.431434503927303,3.2838527081293383,0.0,1.0,0.0,1.0,1.0,0.0
7,285,9.732382763138096,11.41013689140708,0.0,1.0,0.0,1.0,0.0,0.0
8,285,3.662896191274005,0.0,0.0,0.0,0.0,1.0,0.0,0.0
9,285,1.3418467752184011,6.006992887195415,1.0,0.0,1.0,0.0,0.0,1.0
10,285,12.0,0.0,1.0,0.0,0.0,0.0,1.0,1.0
11,285,9.648981800735934,6.554300246094035,1.0,0.0,1.0,0.0,0.0,1.0
12,285,1.1698220843339395,8.915041306583385,0.0,0.0,1.0,1.0,0.0,0.0
13,285,6.701652546267841,11.130126142307446,0.0,0.0,1.0,0.0,0.0,0.0
14,285,2.272907428864066,2.217349075901141,1.0,1.0,1.0,0.0,0.0,1.0
15,285,3.8975137388201535,2.483271868427384,0.0,0.0,0.0,1.0,1.0,0.0
16,285,1.462666844973152,3.878927562540482,0.0,0.0,0.0,0.0,1.0,1.0
17,285,7.782079088785084,1.7563670722495448,0.0,0.0,0.0,0.0,1.0,1.0
18,285,11.281350843939778,11.273234092015768,0.0,1.0,0.0,0.0,0.0,1.0
19,285,9.67014094637746,11.583698625400284,0.0,1.0,0.0,0.0,1.0,0.0
0,290,8.557664021071396,0.0,0.0,0.0,1.0,1.0,1.0,0.0
1,290,11.901498137819484,4.358758276040751,0.0,0.0,1.0,0.0,0.0,0.0
2,290,2.669910726709141,6.627132278670249,1.0,0.0,0.0,1.0,1.0,1.0
3,290,8.419489597085379,1.4988579736932597,0.0,0.0,0.0,0.0,1.0,1.0
4,290,0.2621609793829801,7.711542369135058,1.0,0.0,1.0,0.0,1.0,1.0
5,290,5.0290005427203175,8.659923738089118,0.0,1.0,0.0,0.0,0.0,0.0
6,290,8.390251743827289,3.307379033125305,0.0,1.0,0.0,1.0,1.0,0.0
7,290,9.863254624732,11.4851223915021,0.0,1.0,0.0,1.0,0.0,0.0
8,290,3.734196018484485,0.0,0.0,0.0,0.0,1.0,0.0,0.0
9,290,1.365295039058246,5.996041730663102,1.0,0.0,1.0,0.0,0.0,1.0
10,290,12.0,0.0,1.0,0.0,0.0,0.0,1.0,1.0
11,290,9.72916144918222,6.512437819943141,1.0,0.0,1.0,0.0,0.0,1.0
12,290,1.1529686476589536,9.045222205898677,0.0,0.0,1.0,1.0,0.0,0.0
13,290,6.717003566842159,11.1411918173136,0.0,0.0,1.0,0.0,0.0,0.0
14,290,2.3882463690610805,2.1414563702283766,1.0,1.0,1.0,0.0,0.0,1.0
15,290,3.8888142776513535,2.4782480575371517,0.0,0.0,0.0,1.0,1.0,0.0
16,290,1.5002161019454676,3.733020445267212,0.0,0.0,0.0,0.0,1.0,1.0
17,290,7.700877320978927,1.7817365175101465,0.0,0.0,0.0,0.0,1.0,1.0
18,290,11.52262892291594,11.392382540167944,0.0,1.0,0.0,0.0,0.0,1.0
19,290,9.733494152628442,11.860290592441793,0.0,1.0,0.0,0.0,1.0,0.0
0,295,8.52851317385688,0.0,0.0,0.0,1.0,1.0,1.0,0.0
1,295,11.901586882057506,4.359063116957484,0.0,0.0,1.0,0.0,0.0,0.0
2,295,2.650168228255892,6.625674641645046,1.0,0.0,0.0,1.0,1.0,1.0
3,295,8.437272217716156,1.4851069733336235,0.0,0.0,0.0,0.0,1.0,1.0
4,295,0.1954066916904989,7.658283477203582,1.0,0.0,1.0,0.0,1.0,1.0
5,295,5.087690653610667,8.807931750015864,0.0,1.0,0.0,0.0,0.0,0.0
6,295,8.354193600585214,3.3289216952780443,0.0,1.0,0.0,1.0,1.0,0.0
7,295,9.96330788050378,11.541954549412312,0.0,1.0,0.0,1.0,0.0,0.0
8,295,3.806033425947275,0.0,0.0,0.0,0.0,1.0,0.0,0.0
9,295,1.3946992826163989,5.983348403146711,1.0,0.0,1.0,0.0,0.0,1.0
10,295,12.0,0.0,1.0,0.0,0.0,0.0,1.0,1.0
11,295,9.829110243613249,6.462109235132156,1.0,0.0,1.0,0.0,0.0,1.0
12,295,1.1382335299497868,9.15713150978408,0.0,0.0,1.0,1.0,0.0,0.0
13,295,6.7255218510292405,11.147637783387934,0.0,0.0,1.0,0.0,0.0,0.0
14,295,2.489778698206184,2.076086790358176,1.0,1.0,1.0,0.0,0.0,1.0
15,295,3.868709703931682,2.467150356568744,0.0,0.0,0.0,1.0,1.0,0.0
16,295,1.534286091855961,3.597459347400969,0.0,0.0,0.0,0.0,1.0,1.0
17,295,7.605485178970584,1.8119563713339268,0.0,0.0,0.0,0.0,1.0,1.0
18,295,11.75698237314419,11.50372952861469,0.0,1.0,0.0,0.0,0.0,1.0
19,295,9.800828786092591,12.0,0.0,1.0,0.0,0.0,1.0,0.0
