0,0,4.046885487370972,0.0259938462516389,0.0,0.0,1.0,1.0,1.0,0.0
1,0,5.020571208282255,10.03087100372034,0.0,0.0,1.0,0.0,0.0,0.0
2,0,0.0355907216908502,9.986585293198443,1.0,0.0,0.0,1.0,1.0,1.0
3,0,4.99105195516154,4.067381525742791,0.0,0.0,0.0,0.0,1.0,1.0
4,0,3.97752804410388,10.04075385134139,1.0,0.0,1.0,0.0,1.0,1.0
5,0,1.0303725113357185,2.029432145436369,0.0,1.0,0.0,0.0,0.0,0.0
6,0,1.053577512312641,11.064119987665723,0.0,1.0,0.0,1.0,1.0,0.0
7,0,11.023994980439452,5.052554942358662,0.0,1.0,0.0,1.0,0.0,0.0
8,0,3.027812881682199,6.953193935471679,0.0,0.0,0.0,1.0,0.0,0.0
9,0,0.9997707070127996,2.0267721431602648,1.0,0.0,1.0,0.0,0.0,1.0
10,0,0.9568989436959816,1.995237674686983,1.0,0.0,0.0,0.0,1.0,1.0
11,0,8.071570452589826,4.995566119691212,1.0,0.0,1.0,0.0,0.0,1.0
12,0,7.981074248285982,0.0,0.0,0.0,1.0,1.0,0.0,0.0
13,0,11.966517453077907,4.046703542382911,0.0,0.0,1.0,0.0,0.0,0.0
14,0,5.021647631578368,9.941716594789956,1.0,1.0,1.0,0.0,0.0,1.0
15,0,7.972519481486535,3.940217432803877,0.0,0.0,0.0,1.0,1.0,0.0
16,0,7.966221139820295,6.962887736842568,0.0,0.0,0.0,0.0,1.0,1.0
17,0,5.954899532928008,8.962644505506706,0.0,0.0,0.0,0.0,1.0,1.0
18,0,5.938154233252711,5.998539716467614,0.0,1.0,0.0,0.0,0.0,1.0
19,0,3.031324258971172,8.050258849168348,0.0,1.0,0.0,0.0,1.0,0.0
0,5,4.0736104928533,0.0409089580086949,0.0,0.0,1.0,1.0,1.0,0.0
1,5,5.030786104366198,10.047576884472132,0.0,0.0,1.0,0.0,0.0,0.0
2,5,0.056251610688244,9.97928022923831,1.0,0.0,0.0,1.0,1.0,1.0
3,5,4.979897861969266,4.148068083913638,0.0,0.0,0.0,0.0,1.0,1.0
4,5,3.9553572975170255,10.081653888675234,1.0,0.0,1.0,0.0,1.0,1.0
5,5,1.0489941348992309,2.04734442632778,0.0,1.0,0.0,0.0,0.0,0.0
6,5,1.1098315301154789,11.131014707770085,0.0,1.0,0.0,1.0,1.0,0.0
7,5,11.049470769722705,5.108918947364873,0.0,1.0,0.0,1.0,0.0,0.0
8,5,3.070890819509219,6.881940965330742,0.0,0.0,0.0,1.0,0.0,0.0
9,5,0.9991356364628452,2.073787019174067,1.0,0.0,1.0,0.0,0.0,1.0
10,5,0.8993141581786147,1.989460283257736,1.0,0.0,0.0,0.0,1.0,1.0
11,5,8.149359217167973,4.987335607019068,1.0,0.0,1.0,0.0,0.0,1.0
12,5,7.963728330292545,0.0,0.0,0.0,1.0,1.0,0.0,0.0
13,5,11.947217745537598,4.071220920812231,0.0,0.0,1.0,0.0,0.0,0.0
14,5,5.041541329551524,9.888335340860802,1.0,1.0,1.0,0.0,0.0,1.0
15,5,7.944055975905907,3.876905533995733,0.0,0.0,0.0,1.0,1.0,0.0
16,5,7.925176686039504,6.917188442179578,0.0,0.0,0.0,0.0,1.0,1.0
17,5,5.913569670463234,8.927561652661053,0.0,0.0,0.0,0.0,1.0,1.0
18,5,5.894256104020586,5.996152989066152,0.0,1.0,0.0,0.0,0.0,1.0
19,5,3.057707871230309,8.095663339449873,0.0,1.0,0.0,0.0,1.0,0.0
0,10,4.0997826410010525,0.0542338449471822,0.0,0.0,1.0,1.0,1.0,0.0
1,10,5.042703695652366,10.066524524435476,0.0,0.0,1.0,0.0,0.0,0.0
2,10,0.0643103164691297,9.976470722422729,1.0,0.0,0.0,1.0,1.0,1.0
3,10,4.964771371575576,4.257553176043126,0.0,0.0,0.0,0.0,1.0,1.0
4,10,3.931614895617445,10.126824210360656,1.0,0.0,1.0,0.0,1.0,1.0
5,10,1.0675376564661578,2.066257800970256,0.0,1.0,0.0,0.0,0.0,0.0
6,10,1.1661439056778808,11.195777992934197,0.0,1.0,0.0,1.0,1.0,0.0
7,10,11.07393922803744,5.159508560643327,0.0,1.0,0.0,1.0,0.0,0.0
8,10,3.1220305488183047,6.799410323404421,0.0,0.0,0.0,1.0,0.0,0.0
9,10,0.998128398017274,2.1129890780685487,1.0,0.0,1.0,0.0,0.0,1.0
10,10,0.8538313004255934,1.9852120289149868,1.0,0.0,0.0,0.0,1.0,1.0
11,10,8.24767104186759,4.976515634756066,1.0,0.0,1.0,0.0,0.0,1.0
12,10,7.941917792306443,0.0,0.0,0.0,1.0,1.0,0.0,0.0
13,10,11.917213182233644,4.10897134680033,0.0,0.0,1.0,0.0,0.0,0.0
14,10,5.062452642315988,9.83263150662486,1.0,1.0,1.0,0.0,0.0,1.0
15,10,7.918840899568968,3.8196484852731007,0.0,0.0,0.0,1.0,1.0,0.0
16,10,7.889015059228861,6.878314275633264,0.0,0.0,0.0,0.0,1.0,1.0
17,10,5.869353480900751,8.889540232730432,0.0,0.0,0.0,0.0,1.0,1.0
18,10,5.831032621923112,5.993620664312925,0.0,1.0,0.0,0.0,0.0,1.0
19,10,3.0920656349366564,8.156148039481298,0.0,1.0,0.0,0.0,1.0,0.0
0,15,4.137784683181342,0.0731341609534717,0.0,0.0,1.0,1.0,1.0,0.0
1,15,5.057155286480849,10.090763402897831,0.0,0.0,1.0,0.0,0.0,0.0
2,15,0.0906885108440734,9.96673174163387,1.0,0.0,0.0,1.0,1.0,1.0
3,15,4.949300700975127,4.362327880138574,0.0,0.0,0.0,0.0,1.0,1.0
4,15,3.9215884435898767,10.145962456377314,1.0,0.0,1.0,0.0,1.0,1.0
5,15,1.0899024298698186,2.088135061674383,0.0,1.0,0.0,0.0,0.0,0.0
6,15,1.2099036087498038,11.246424075485256,0.0,1.0,0.0,1.0,1.0,0.0
7,15,11.104350440335216,5.218496795708245,0.0,1.0,0.0,1.0,0.0,0.0
8,15,3.1787376318121745,6.71169799787443,0.0,0.0,0.0,1.0,0.0,0.0
9,15,0.9958626123352272,2.1488555952765616,1.0,0.0,1.0,0.0,0.0,1.0
10,15,0.8018810703277327,1.9802602100949795,1.0,0.0,0.0,0.0,1.0,1.0
11,15,8.344128326207281,4.964971238959296,1.0,0.0,1.0,0.0,0.0,1.0
12,15,7.904696882400869,0.0,0.0,0.0,1.0,1.0,0.0,0.0
13,15,11.885227909776802,4.149752062675497,0.0,0.0,1.0,0.0,0.0,0.0
14,15,5.085444692721347,9.77414827815037,1.0,1.0,1.0,0.0,0.0,1.0
15,15,7.89542130249932,3.766794345152445,0.0,0.0,0.0,1.0,1.0,0.0
16,15,7.920233856674205,6.84742361981413,0.0,0.0,0.0,0.0,1.0,1.0
17,15,5.818049007068586,8.847054821886822,0.0,0.0,0.0,0.0,1.0,1.0
18,15,5.763399699743612,5.991695274384904,0.0,1.0,0.0,0.0,0.0,1.0
19,15,3.1316416676513046,8.22551545181839,0.0,1.0,0.0,0.0,1.0,0.0
0,20,4.1703123106446425,0.0896973363274417,0.0,0.0,1.0,1.0,1.0,0.0
1,20,5.0721080989701965,10.11592551535061,0.0,0.0,1.0,0.0,0.0,0.0
2,20,0.0943063075580825,9.965353484529368,1.0,0.0,0.0,1.0,1.0,1.0
3,20,4.936235253788829,4.46820567924771,0.0,0.0,0.0,0.0,1.0,1.0
4,20,3.904347003639364,10.17960416654321,1.0,0.0,1.0,0.0,1.0,1.0
5,20,1.1229180277270563,2.1208311641847817,0.0,1.0,0.0,0.0,0.0,0.0
6,20,1.2467897596660793,11.29101193350424,0.0,1.0,0.0,1.0,1.0,0.0
7,20,11.140241771752889,5.284189527369327,0.0,1.0,0.0,1.0,0.0,0.0
8,20,3.246109158966364,6.607247989426864,0.0,0.0,0.0,1.0,0.0,0.0
9,20,0.992469451049473,2.190432314315352,1.0,0.0,1.0,0.0,0.0,1.0
10,20,0.7476643421035237,1.9750730908776124,1.0,0.0,0.0,0.0,1.0,1.0
11,20,8.475081305833456,4.949254247718628,1.0,0.0,1.0,0.0,0.0,1.0
12,20,7.869116910754237,0.0,0.0,0.0,1.0,1.0,0.0,0.0
13,20,11.862609952240192,4.178657275933863,0.0,0.0,1.0,0.0,0.0,0.0
14,20,5.104923034703141,9.724350164190756,1.0,1.0,1.0,0.0,0.0,1.0
15,20,7.8731382194256545,3.711680908938715,0.0,0.0,0.0,1.0,1.0,0.0
16,20,7.951088284546738,6.816768412774337,0.0,0.0,0.0,0.0,1.0,1.0
17,20,5.763861545950573,8.80369070744669,0.0,0.0,0.0,0.0,1.0,1.0
18,20,5.700342963117934,5.989071386478239,0.0,1.0,0.0,0.0,0.0,1.0
19,20,3.1528010444644505,8.262443508658954,0.0,1.0,0.0,0.0,1.0,0.0
0,25,4.193832281761418,0.1008554443788354,0.0,0.0,1.0,1.0,1.0,0.0
1,25,5.071952826188404,10.115655971914178,0.0,0.0,1.0,0.0,0.0,0.0
2,25,0.0908926481676197,9.966687836288653,1.0,0.0,0.0,1.0,1.0,1.0
3,25,4.921730223434868,4.593661256388664,0.0,0.0,0.0,0.0,1.0,1.0
4,25,3.874110607688117,10.237952511646846,1.0,0.0,1.0,0.0,1.0,1.0
5,25,1.158765121787299,2.159001089161727,0.0,1.0,0.0,0.0,0.0,0.0
6,25,1.2739463675891376,11.32457926838209,0.0,1.0,0.0,1.0,1.0,0.0
7,25,11.185418485428698,5.360466761433528,0.0,1.0,0.0,1.0,0.0,0.0
8,25,3.3122483999471157,6.504283405375339,0.0,0.0,0.0,1.0,0.0,0.0
9,25,0.9886972201559108,2.240953057946104,1.0,0.0,1.0,0.0,0.0,1.0
10,25,0.6830547975984806,1.9687233703569145,1.0,0.0,0.0,0.0,1.0,1.0
11,25,8.59187800804592,4.936785741669682,1.0,0.0,1.0,0.0,0.0,1.0
12,25,7.8374092531696276,0.0,0.0,0.0,1.0,1.0,0.0,0.0
13,25,11.828613657242126,4.222767392461525,0.0,0.0,1.0,0.0,0.0,0.0
14,25,5.12412972516377,9.672833984372636,1.0,1.0,1.0,0.0,0.0,1.0
15,25,7.85341777809692,3.666417245395743,0.0,0.0,0.0,1.0,1.0,0.0
16,25,7.97089183998188,6.797895557916287,0.0,0.0,0.0,0.0,1.0,1.0
17,25,5.698946177321719,8.754012228547952,0.0,0.0,0.0,0.0,1.0,1.0
18,25,5.643031443210984,5.985706396406512,0.0,1.0,0.0,0.0,0.0,1.0
19,25,3.1789165527834986,8.306753557304992,0.0,1.0,0.0,0.0,1.0,0.0
0,30,4.244882781569912,0.1266567292542316,0.0,0.0,1.0,1.0,1.0,0.0
1,30,5.081153005249234,10.130602921781636,0.0,0.0,1.0,0.0,0.0,0.0
2,30,0.0852683757919623,9.968900828648072,1.0,0.0,0.0,1.0,1.0,1.0
3,30,4.911029384798265,4.68334866017072,0.0,0.0,0.0,0.0,1.0,1.0
4,30,3.8550317067121256,10.27551069019126,1.0,0.0,1.0,0.0,1.0,1.0
5,30,1.196195424328737,2.197703253928186,0.0,1.0,0.0,0.0,0.0,0.0
6,30,1.291039026163065,11.34590442240552,0.0,1.0,0.0,1.0,1.0,0.0
7,30,11.22028643021311,5.4208227294417295,0.0,1.0,0.0,1.0,0.0,0.0
8,30,3.3677033062822304,6.418924394731708,0.0,0.0,0.0,1.0,0.0,0.0
9,30,0.9876253503499284,2.2591258848661275,1.0,0.0,1.0,0.0,0.0,1.0
10,30,0.6365001820496594,1.9642159142021425,1.0,0.0,0.0,0.0,1.0,1.0
11,30,8.723859879536212,4.925382861674098,1.0,0.0,1.0,0.0,0.0,1.0
12,30,7.789432157776011,0.0,0.0,0.0,1.0,1.0,0.0,0.0
13,30,11.791576640276515,4.273944980940189,0.0,0.0,1.0,0.0,0.0,0.0
14,30,5.149115297464823,9.609834251433968,1.0,1.0,1.0,0.0,0.0,1.0
15,30,7.835511917629986,3.626501218709268,0.0,0.0,0.0,1.0,1.0,0.0
16,30,7.989646275125955,6.780847498105496,0.0,0.0,0.0,0.0,1.0,1.0
17,30,5.639908722956863,8.710466923935869,0.0,0.0,0.0,0.0,1.0,1.0
18,30,5.56826785095796,5.982057072179264,0.0,1.0,0.0,0.0,0.0,1.0
19,30,3.1966200971032035,8.337265904095121,0.0,1.0,0.0,0.0,1.0,0.0
0,35,4.308072569132496,0.1594621758200878,0.0,0.0,1.0,1.0,1.0,0.0
1,35,5.089060883759845,10.1436390143706,0.0,0.0,1.0,0.0,0.0,0.0
2,35,0.0916054925132855,9.966429460169064,1.0,0.0,0.0,1.0,1.0,1.0
3,35,4.901785124466139,4.76790945351745,0.0,0.0,0.0,0.0,1.0,1.0
4,35,3.841898669868515,10.303297735000717,1.0,0.0,1.0,0.0,1.0,1.0
5,35,1.226996795736351,2.229903544793524,0.0,1.0,0.0,0.0,0.0,0.0
6,35,1.299370506967649,11.356620169640722,0.0,1.0,0.0,1.0,1.0,0.0
7,35,11.256690519071537,5.486526759676252,0.0,1.0,0.0,1.0,0.0,0.0
8,35,3.4267120085258576,6.335015524986538,0.0,0.0,0.0,1.0,0.0,0.0
9,35,0.986539381837313,2.285294681989085,1.0,0.0,1.0,0.0,0.0,1.0
10,35,0.5943463551538972,1.9578345373688668,1.0,0.0,0.0,0.0,1.0,1.0
11,35,8.871309829876498,4.912485603622409,1.0,0.0,1.0,0.0,0.0,1.0
12,35,7.7473499664045855,0.0,0.0,0.0,1.0,1.0,0.0,0.0
13,35,11.75968844389564,4.317855813868741,0.0,0.0,1.0,0.0,0.0,0.0
14,35,5.171434446412292,9.55412248232909,1.0,1.0,1.0,0.0,0.0,1.0
15,35,7.81676946203584,3.584357713117722,0.0,0.0,0.0,1.0,1.0,0.0
16,35,8.010307836027929,6.761979641630932,0.0,0.0,0.0,0.0,1.0,1.0
17,35,5.6072104292372655,8.686144963538593,0.0,0.0,0.0,0.0,1.0,1.0
18,35,5.5288323696299,5.979653965166009,0.0,1.0,0.0,0.0,0.0,1.0
19,35,3.2071359241758244,8.354725850090997,0.0,1.0,0.0,0.0,1.0,0.0
0,40,4.368230198877377,0.1908842644853834,0.0,0.0,1.0,1.0,1.0,0.0
1,40,5.0987302471456335,10.160264204078988,0.0,0.0,1.0,0.0,0.0,0.0
2,40,0.1128668337173895,9.958332584000244,1.0,0.0,0.0,1.0,1.0,1.0
3,40,4.89171700022533,4.869081502882475,0.0,0.0,0.0,0.0,1.0,1.0
4,40,3.8139744459824456,10.357921645015116,1.0,0.0,1.0,0.0,1.0,1.0
5,40,1.2418462270256587,2.245875228914167,0.0,1.0,0.0,0.0,0.0,0.0
6,40,1.3154061668354573,11.37734407048948,0.0,1.0,0.0,1.0,1.0,0.0
7,40,11.291557839183804,5.553457803127029,0.0,1.0,0.0,1.0,0.0,0.0
8,40,3.4865473825979176,6.250014223335172,0.0,0.0,0.0,1.0,0.0,0.0
9,40,0.9849366930963056,2.334754698114216,1.0,0.0,1.0,0.0,0.0,1.0
10,40,0.5523988927216056,1.9506619604172395,1.0,0.0,0.0,0.0,1.0,1.0
11,40,8.984534537561835,4.9039163960459575,1.0,0.0,1.0,0.0,0.0,1.0
12,40,7.707402840834935,0.0,0.0,0.0,1.0,1.0,0.0,0.0
13,40,11.717076365468497,4.376902878780967,0.0,0.0,1.0,0.0,0.0,0.0
14,40,5.1947953432649285,9.494081377793412,1.0,1.0,1.0,0.0,0.0,1.0
15,40,7.800012236779861,3.54861993089704,0.0,0.0,0.0,1.0,1.0,0.0
16,40,8.020607467068325,6.752600558495325,0.0,0.0,0.0,0.0,1.0,1.0
17,40,5.574849259872903,8.662276762204574,0.0,0.0,0.0,0.0,1.0,1.0
18,40,5.4824469014442565,5.977245089317865,0.0,1.0,0.0,0.0,0.0,1.0
19,40,3.22046085206645,8.378283402049055,0.0,1.0,0.0,0.0,1.0,0.0
0,45,4.4073160196186345,0.2119075209040438,0.0,0.0,1.0,1.0,1.0,0.0
1,45,5.104103630486289,10.169257070391714,0.0,0.0,1.0,0.0,0.0,0.0
2,45,0.1362203205945349,9.948936783882724,1.0,0.0,0.0,1.0,1.0,1.0
3,45,4.880704529184233,4.960915425396297,0.0,0.0,0.0,0.0,1.0,1.0
4,45,3.787836189429329,10.410285101197577,1.0,0.0,1.0,0.0,1.0,1.0
5,45,1.2211905961028129,2.2661102615241373,0.0,1.0,0.0,0.0,0.0,0.0
6,45,1.3461962733657635,11.418501367409217,0.0,1.0,0.0,1.0,1.0,0.0
7,45,11.324120075365686,5.618993575255947,0.0,1.0,0.0,1.0,0.0,0.0
8,45,3.550979543543265,6.159431575523861,0.0,0.0,0.0,1.0,0.0,0.0
9,45,0.9814095334256238,2.3900721062396406,1.0,0.0,1.0,0.0,0.0,1.0
10,45,0.5014058262237114,1.9410509156651328,1.0,0.0,0.0,0.0,1.0,1.0
11,45,9.106165987805666,4.892559327227064,1.0,0.0,1.0,0.0,0.0,1.0
12,45,7.674849763782188,0.0,0.0,0.0,1.0,1.0,0.0,0.0
13,45,11.68293464653285,4.423099731789018,0.0,0.0,1.0,0.0,0.0,0.0
14,45,5.2094908399690265,9.460649650073456,1.0,1.0,1.0,0.0,0.0,1.0
15,45,7.78197974797514,3.512820388775676,0.0,0.0,0.0,1.0,1.0,0.0
16,45,8.031621119198933,6.743085651099512,0.0,0.0,0.0,0.0,1.0,1.0
17,45,5.534625668842986,8.632073521930346,0.0,0.0,0.0,0.0,1.0,1.0
18,45,5.441658639471872,5.97535704372017,0.0,1.0,0.0,0.0,0.0,1.0
19,45,3.2443039518467045,8.419795505960469,0.0,1.0,0.0,0.0,1.0,0.0
0,50,4.44555247077131,0.2330621696688835,0.0,0.0,1.0,1.0,1.0,0.0
1,50,5.105693833268908,10.172077096930956,0.0,0.0,1.0,0.0,0.0,0.0
2,50,0.1575761415740146,9.94020571830648,1.0,0.0,0.0,1.0,1.0,1.0
3,50,4.870628144480899,5.042745134864339,0.0,0.0,0.0,0.0,1.0,1.0
4,50,3.764181491617872,10.456236086891794,1.0,0.0,1.0,0.0,1.0,1.0
5,50,1.1999642171111389,2.286921940004913,0.0,1.0,0.0,0.0,0.0,0.0
6,50,1.3900183401042283,11.475354072525375,0.0,1.0,0.0,1.0,1.0,0.0
7,50,11.353034501730434,5.674366757672935,0.0,1.0,0.0,1.0,0.0,0.0
8,50,3.633423472003316,6.050988746900574,0.0,0.0,0.0,1.0,0.0,0.0
9,50,0.977819906808799,2.442712009476115,1.0,0.0,1.0,0.0,0.0,1.0
10,50,0.4495292545248466,1.931052181531129,1.0,0.0,0.0,0.0,1.0,1.0
11,50,9.213683297801822,4.880311230490358,1.0,0.0,1.0,0.0,0.0,1.0
12,50,7.641377396251171,0.0,0.0,0.0,1.0,1.0,0.0,0.0
13,50,11.6435521004602,4.473490530546472,0.0,0.0,1.0,0.0,0.0,0.0
14,50,5.222560537051178,9.430555481445342,1.0,1.0,1.0,0.0,0.0,1.0
15,50,7.759683573810999,3.4694567579243447,0.0,0.0,0.0,1.0,1.0,0.0
16,50,8.047575900473458,6.728788801388682,0.0,0.0,0.0,0.0,1.0,1.0
17,50,5.505881911529509,8.61091890475159,0.0,0.0,0.0,0.0,1.0,1.0
18,50,5.408413486720809,5.974062854098473,0.0,1.0,0.0,0.0,0.0,1.0
19,50,3.261739828679846,8.449540056412458,0.0,1.0,0.0,0.0,1.0,0.0
0,55,4.48868646791732,0.2574362944759946,0.0,0.0,1.0,1.0,1.0,0.0
1,55,5.11781820636261,10.194227042078,0.0,0.0,1.0,0.0,0.0,0.0
2,55,0.1852587944368015,9.928787215768232,1.0,0.0,0.0,1.0,1.0,1.0
3,55,4.86115485358321,5.1244138221051,0.0,0.0,0.0,0.0,1.0,1.0
4,55,3.743652364321669,10.494939187477684,1.0,0.0,1.0,0.0,1.0,1.0
5,55,1.1768333560396689,2.3101433809716405,0.0,1.0,0.0,0.0,0.0,0.0
6,55,1.4458298819076918,11.546696492040589,0.0,1.0,0.0,1.0,1.0,0.0
7,55,11.375980138436152,5.718099786840426,0.0,1.0,0.0,1.0,0.0,0.0
8,55,3.516008141959267,5.961176806064993,0.0,0.0,0.0,1.0,0.0,0.0
9,55,0.9738400429641926,2.500648013510162,1.0,0.0,1.0,0.0,0.0,1.0
10,55,0.412522040715194,1.925652878183464,1.0,0.0,0.0,0.0,1.0,1.0
11,55,9.324675250943711,4.868393290897267,1.0,0.0,1.0,0.0,0.0,1.0
12,55,7.61011248918446,0.0,0.0,0.0,1.0,1.0,0.0,0.0
13,55,11.608980183663924,4.517993349819837,0.0,0.0,1.0,0.0,0.0,0.0
14,55,5.231329010419379,9.41035540492754,1.0,1.0,1.0,0.0,0.0,1.0
15,55,7.801536078275323,3.446763205900719,0.0,0.0,0.0,1.0,1.0,0.0
16,55,8.049974517394224,6.726656079434324,0.0,0.0,0.0,0.0,1.0,1.0
17,55,5.475836151539144,8.588925590221491,0.0,0.0,0.0,0.0,1.0,1.0
18,55,5.389298451769172,5.973090073931778,0.0,1.0,0.0,0.0,0.0,1.0
19,55,3.2877661087351338,8.493050909219372,0.0,1.0,0.0,0.0,1.0,0.0
0,60,4.542206723299644,0.2884691357857935,0.0,0.0,1.0,1.0,1.0,0.0
1,60,5.125988803090481,10.210023093231923,0.0,0.0,1.0,0.0,0.0,0.0
2,60,0.2070143598241007,9.919022815348209,1.0,0.0,0.0,1.0,1.0,1.0
3,60,4.8539346414291575,5.181134822115953,0.0,0.0,0.0,0.0,1.0,1.0
4,60,3.7134953012660894,10.553870976084612,1.0,0.0,1.0,0.0,1.0,1.0
5,60,1.1629250711578214,2.3248181288245293,0.0,1.0,0.0,0.0,0.0,0.0
6,60,1.494978986585518,11.60923516885412,0.0,1.0,0.0,1.0,1.0,0.0
7,60,11.396949518561383,5.758508705793299,0.0,1.0,0.0,1.0,0.0,0.0
8,60,3.390697818771393,5.861621989029088,0.0,0.0,0.0,1.0,0.0,0.0
9,60,0.9686824992020172,2.562712773935877,1.0,0.0,1.0,0.0,0.0,1.0
10,60,0.3693442265012117,1.9188322739784371,1.0,0.0,0.0,0.0,1.0,1.0
11,60,9.43264968703798,4.855862039321226,1.0,0.0,1.0,0.0,0.0,1.0
12,60,7.584941766439723,0.0,0.0,0.0,1.0,1.0,0.0,0.0
13,60,11.570213907479252,4.568413239831007,0.0,0.0,1.0,0.0,0.0,0.0
14,60,5.25339056635835,9.358378956800076,1.0,1.0,1.0,0.0,0.0,1.0
15,60,7.834453797839977,3.4306135936863065,0.0,0.0,0.0,1.0,1.0,0.0
16,60,8.05056559805294,6.726156573849771,0.0,0.0,0.0,0.0,1.0,1.0
17,60,5.4444495444080445,8.566799340884698,0.0,0.0,0.0,0.0,1.0,1.0
18,60,5.385575017665751,5.97300154852378,0.0,1.0,0.0,0.0,0.0,1.0
19,60,3.3149298157606792,8.539839233211714,0.0,1.0,0.0,0.0,1.0,0.0
0,65,4.581416762601123,0.3110906213127725,0.0,0.0,1.0,1.0,1.0,0.0
1,65,5.136185096936947,10.229330268347802,0.0,0.0,1.0,0.0,0.0,0.0
2,65,0.2439852011247301,9.90284693371702,1.0,0.0,0.0,1.0,1.0,1.0
3,65,4.850075452340295,5.212969599283214,0.0,0.0,0.0,0.0,1.0,1.0
4,65,3.6758611364584537,10.625269968853296,1.0,0.0,1.0,0.0,1.0,1.0
5,65,1.153403290955957,2.334273976141372,0.0,1.0,0.0,0.0,0.0,0.0
6,65,1.5338649273602047,11.657437635999807,0.0,1.0,0.0,1.0,1.0,0.0
7,65,11.403426510808735,5.770880384448514,0.0,1.0,0.0,1.0,0.0,0.0
8,65,3.274257395846569,5.769452797974976,0.0,0.0,0.0,1.0,0.0,0.0
9,65,0.9663395861690738,2.6127761034901256,1.0,0.0,1.0,0.0,0.0,1.0
10,65,0.343453455215374,1.9140926263419569,1.0,0.0,0.0,0.0,1.0,1.0
11,65,9.546669285292538,4.841090370806157,1.0,0.0,1.0,0.0,0.0,1.0
12,65,7.54749787751869,0.0,0.0,0.0,1.0,1.0,0.0,0.0
13,65,11.523594646462891,4.626405716268857,0.0,0.0,1.0,0.0,0.0,0.0
14,65,5.274964996943203,9.310153219433616,1.0,1.0,1.0,0.0,0.0,1.0
15,65,7.879155821640212,3.4106648260686088,0.0,0.0,0.0,1.0,1.0,0.0
16,65,8.06256781103848,6.716146967507679,0.0,0.0,0.0,0.0,1.0,1.0
17,65,5.395098435345537,8.53099399358279,0.0,0.0,0.0,0.0,1.0,1.0
18,65,5.383567292590632,5.972985997053472,0.0,1.0,0.0,0.0,0.0,1.0
19,65,3.337810711204225,8.578073933622086,0.0,1.0,0.0,0.0,1.0,0.0
0,70,4.62462037575104,0.3367040164612462,0.0,0.0,1.0,1.0,1.0,0.0
1,70,5.150028033362542,10.255830445486833,0.0,0.0,1.0,0.0,0.0,0.0
2,70,0.2394715376677524,9.89212363056969,1.0,0.0,0.0,1.0,1.0,1.0
3,70,4.846610029378576,5.234782198933806,0.0,0.0,0.0,0.0,1.0,1.0
4,70,3.634190347689546,10.706520470367948,1.0,0.0,1.0,0.0,1.0,1.0
5,70,1.150515954904478,2.3371642293421333,0.0,1.0,0.0,0.0,0.0,0.0
6,70,1.58105292132252,11.712206082908269,0.0,1.0,0.0,1.0,1.0,0.0
7,70,11.407444137139152,5.778584855281991,0.0,1.0,0.0,1.0,0.0,0.0
8,70,3.1623000155869456,5.678792325896656,0.0,0.0,0.0,1.0,0.0,0.0
9,70,0.9649100482259216,2.644021434561655,1.0,0.0,1.0,0.0,0.0,1.0
10,70,0.326011479577169,1.9107014413534709,1.0,0.0,0.0,0.0,1.0,1.0
11,70,9.67222027567761,4.825305773331939,1.0,0.0,1.0,0.0,0.0,1.0
12,70,7.509445166164308,0.0,0.0,0.0,1.0,1.0,0.0,0.0
13,70,11.480783148925518,4.679175938692979,0.0,0.0,1.0,0.0,0.0,0.0
14,70,5.301376045786479,9.252485461914947,1.0,1.0,1.0,0.0,0.0,1.0
15,70,7.920824915832479,3.3917485652841632,0.0,0.0,0.0,1.0,1.0,0.0
16,70,8.072425731748632,6.70783435481968,0.0,0.0,0.0,0.0,1.0,1.0
17,70,5.350755705622967,8.49754220579499,0.0,0.0,0.0,0.0,1.0,1.0
18,70,5.402463606580611,5.973535685037146,0.0,1.0,0.0,0.0,0.0,1.0
19,70,3.360327633494115,8.615526009495014,0.0,1.0,0.0,0.0,1.0,0.0
0,75,4.6593054116006565,0.3567947813783403,0.0,0.0,1.0,1.0,1.0,0.0
1,75,5.161612660209495,10.277684136708732,0.0,0.0,1.0,0.0,0.0,0.0
2,75,0.2445607049045349,9.90411793306088,1.0,0.0,0.0,1.0,1.0,1.0
3,75,4.845536322446603,5.242027669850809,0.0,0.0,0.0,0.0,1.0,1.0
4,75,3.5905088273790766,10.792040840507406,1.0,0.0,1.0,0.0,1.0,1.0
5,75,1.1593997867012955,2.328050422479025,0.0,1.0,0.0,0.0,0.0,0.0
6,75,1.6179086590396548,11.756227734348814,0.0,1.0,0.0,1.0,1.0,0.0
7,75,11.408618968258946,5.780746001045396,0.0,1.0,0.0,1.0,0.0,0.0
8,75,3.042197502842565,5.583224925564907,0.0,0.0,0.0,1.0,0.0,0.0
9,75,0.9612800081759966,2.7046786985040048,1.0,0.0,1.0,0.0,0.0,1.0
10,75,0.288572273486178,1.903031459455426,1.0,0.0,0.0,0.0,1.0,1.0
11,75,9.806766122779786,4.808610143349987,1.0,0.0,1.0,0.0,0.0,1.0
12,75,7.465682333324977,0.0,0.0,0.0,1.0,1.0,0.0,0.0
13,75,11.42730801753216,4.744751732169179,0.0,0.0,1.0,0.0,0.0,0.0
14,75,5.327570889509288,9.197942354511165,1.0,1.0,1.0,0.0,0.0,1.0
15,75,7.945872028045168,3.3806879891763364,0.0,0.0,0.0,1.0,1.0,0.0
16,75,8.079976628118498,6.701510787289754,0.0,0.0,0.0,0.0,1.0,1.0
17,75,5.290212582357524,8.447953749345883,0.0,0.0,0.0,0.0,1.0,1.0
18,75,5.421496953517059,5.973820620653295,0.0,1.0,0.0,0.0,0.0,1.0
19,75,3.382901031029855,8.651248854680537,0.0,1.0,0.0,0.0,1.0,0.0
0,80,4.6883288100553,0.3739588043900614,0.0,0.0,1.0,1.0,1.0,0.0
1,80,5.174739125773035,10.302944249168144,0.0,0.0,1.0,0.0,0.0,0.0
2,80,0.2511969220635083,9.920521707864571,1.0,0.0,0.0,1.0,1.0,1.0
3,80,4.844589800322712,5.248554958380183,0.0,0.0,0.0,0.0,1.0,1.0
4,80,3.5463994792289752,10.880133134357909,1.0,0.0,1.0,0.0,1.0,1.0
5,80,1.1721261060685857,2.3144971120663005,0.0,1.0,0.0,0.0,0.0,0.0
6,80,1.644698593466814,11.787224493656186,0.0,1.0,0.0,1.0,1.0,0.0
7,80,11.41071306506648,5.784410373763453,0.0,1.0,0.0,1.0,0.0,0.0
8,80,2.9051886997501155,5.471058895393436,0.0,0.0,0.0,1.0,0.0,0.0
9,80,0.9599529732912944,2.755342663004994,1.0,0.0,1.0,0.0,0.0,1.0
10,80,0.2387576144464358,1.892476216843924,1.0,0.0,0.0,0.0,1.0,1.0
11,80,9.94729970298206,4.7909654647178765,1.0,0.0,1.0,0.0,0.0,1.0
12,80,7.425250588585467,0.0,0.0,0.0,1.0,1.0,0.0,0.0
13,80,11.378484771882713,4.810219108086008,0.0,0.0,1.0,0.0,0.0,0.0
14,80,5.349194849561807,9.15152585223807,1.0,1.0,1.0,0.0,0.0,1.0
15,80,7.964061073135329,3.3726477013120197,0.0,0.0,0.0,1.0,1.0,0.0
16,80,8.089973415743387,6.69318703672494,0.0,0.0,0.0,0.0,1.0,1.0
17,80,5.246764294172699,8.412187175622286,0.0,0.0,0.0,0.0,1.0,1.0
18,80,5.41749440029431,5.973754405660852,0.0,1.0,0.0,0.0,0.0,1.0
19,80,3.403144200935787,8.681291494309944,0.0,1.0,0.0,0.0,1.0,0.0
0,85,4.701395255113639,0.381543082580918,0.0,0.0,1.0,1.0,1.0,0.0
1,85,5.183657942557389,10.320533135829333,0.0,0.0,1.0,0.0,0.0,0.0
2,85,0.2631408375189792,9.949903767268893,1.0,0.0,0.0,1.0,1.0,1.0
3,85,4.843251251089681,5.261006247924883,0.0,0.0,0.0,0.0,1.0,1.0
4,85,3.514137401306451,10.945372228072918,1.0,0.0,1.0,0.0,1.0,1.0
5,85,1.1775406655074654,2.30854343972747,0.0,1.0,0.0,0.0,0.0,0.0
6,85,1.6767238338898434,11.826159942846694,0.0,1.0,0.0,1.0,1.0,0.0
7,85,11.408583829635283,5.780611317755022,0.0,1.0,0.0,1.0,0.0,0.0
8,85,2.7789537913339686,5.3648246143819165,0.0,0.0,0.0,1.0,0.0,0.0
9,85,0.9599303666371162,2.8166441021300788,1.0,0.0,1.0,0.0,0.0,1.0
10,85,0.1861638315580754,1.88141455052142,1.0,0.0,0.0,0.0,1.0,1.0
11,85,10.097835295199186,4.775077028055997,1.0,0.0,1.0,0.0,0.0,1.0
12,85,7.384085813519419,0.0,0.0,0.0,1.0,1.0,0.0,0.0
13,85,11.32329668582573,4.88123974388679,0.0,0.0,1.0,0.0,0.0,0.0
14,85,5.364746641518842,9.11524036893207,1.0,1.0,1.0,0.0,0.0,1.0
15,85,7.974978862239868,3.367733150306444,0.0,0.0,0.0,1.0,1.0,0.0
16,85,8.101577513140496,6.683769857813997,0.0,0.0,0.0,0.0,1.0,1.0
17,85,5.201263129297685,8.372050936526335,0.0,0.0,0.0,0.0,1.0,1.0
18,85,5.436184615522347,5.974418646428799,0.0,1.0,0.0,0.0,0.0,1.0
19,85,3.4116989783844587,8.69430296135713,0.0,1.0,0.0,0.0,1.0,0.0
0,90,4.695759947518415,0.3782482053774421,0.0,0.0,1.0,1.0,1.0,0.0
1,90,5.197037715190995,10.345691022453982,0.0,0.0,1.0,0.0,0.0,0.0
2,90,0.2769826708751561,9.98196608919528,1.0,0.0,0.0,1.0,1.0,1.0
3,90,4.842044831994507,5.275128688590772,0.0,0.0,0.0,0.0,1.0,1.0
4,90,3.4806722428949377,11.011924062218872,1.0,0.0,1.0,0.0,1.0,1.0
5,90,1.189594334128616,2.2950190510390343,0.0,1.0,0.0,0.0,0.0,0.0
6,90,1.7190213587060836,11.877161096038297,0.0,1.0,0.0,1.0,1.0,0.0
7,90,11.402945259146202,5.770023527956793,0.0,1.0,0.0,1.0,0.0,0.0
8,90,2.640680099215898,5.246012682337172,0.0,0.0,0.0,1.0,0.0,0.0
9,90,0.96008503013383,2.865180661017153,1.0,0.0,1.0,0.0,0.0,1.0
10,90,0.1461980546970584,1.873365707312294,1.0,0.0,0.0,0.0,1.0,1.0
11,90,10.243829419314569,4.760355198852707,1.0,0.0,1.0,0.0,0.0,1.0
12,90,7.350082625455125,0.0,0.0,0.0,1.0,1.0,0.0,0.0
13,90,11.257354333909008,4.969785581301283,0.0,0.0,1.0,0.0,0.0,0.0
14,90,5.378467928728015,9.082085016917004,1.0,1.0,1.0,0.0,0.0,1.0
15,90,7.989011115776791,3.3619003402964,0.0,0.0,0.0,1.0,1.0,0.0
16,90,8.110978062578525,6.676163790375491,0.0,0.0,0.0,0.0,1.0,1.0
17,90,5.147727590827344,8.328053496509515,0.0,0.0,0.0,0.0,1.0,1.0
18,90,5.459975852529712,5.975694648517566,0.0,1.0,0.0,0.0,0.0,1.0
19,90,3.4097318186338352,8.691359750346567,0.0,1.0,0.0,0.0,1.0,0.0
0,95,4.703045390339827,0.3824471938839068,0.0,0.0,1.0,1.0,1.0,0.0
1,95,5.212624954075334,10.374254135345645,0.0,0.0,1.0,0.0,0.0,0.0
2,95,0.296624206520001,10.028117164158076,1.0,0.0,0.0,1.0,1.0,1.0
3,95,4.842314740085046,5.273045400180106,0.0,0.0,0.0,0.0,1.0,1.0
4,95,3.4570490117781043,11.06027359365108,1.0,0.0,1.0,0.0,1.0,1.0
5,95,1.1895645127827552,2.295051351426023,0.0,1.0,0.0,0.0,0.0,0.0
6,95,1.753974528171319,11.92141116297078,0.0,1.0,0.0,1.0,1.0,0.0
7,95,11.390778696477856,5.748110533211224,0.0,1.0,0.0,1.0,0.0,0.0
8,95,2.503124311568769,5.125852640428323,0.0,0.0,0.0,1.0,0.0,0.0
9,95,0.9589137491163626,2.9217353602224456,1.0,0.0,1.0,0.0,0.0,1.0
10,95,0.1570084563727437,1.8196198558829115,1.0,0.0,0.0,0.0,1.0,1.0
11,95,10.385930326426395,4.7401797986802405,1.0,0.0,1.0,0.0,0.0,1.0
12,95,7.316127381620927,0.0,0.0,0.0,1.0,1.0,0.0,0.0
13,95,11.17503720642231,5.079354316918096,0.0,0.0,1.0,0.0,0.0,0.0
14,95,5.393193130361147,9.048644059113464,1.0,1.0,1.0,0.0,0.0,1.0
15,95,8.012354472046145,3.352665526934952,0.0,0.0,0.0,1.0,1.0,0.0
16,95,8.1158563006719,6.672452475485351,0.0,0.0,0.0,0.0,1.0,1.0
17,95,5.092551887322575,8.283888278555661,0.0,0.0,0.0,0.0,1.0,1.0
18,95,5.453352082412464,5.9753917767516604,0.0,1.0,0.0,0.0,0.0,1.0
19,95,3.398492954891513,8.675125557073121,0.0,1.0,0.0,0.0,1.0,0.0
0,100,4.719832352985887,0.3916617441125973,0.0,0.0,1.0,1.0,1.0,0.0
1,100,5.226298112327908,10.399409610733182,0.0,0.0,1.0,0.0,0.0,0.0
2,100,0.3193417135257919,10.08068525431469,1.0,0.0,0.0,1.0,1.0,1.0
3,100,4.840533062212376,5.287410871839136,0.0,0.0,0.0,0.0,1.0,1.0
4,100,3.4306436966730693,11.116384003006488,1.0,0.0,1.0,0.0,1.0,1.0
5,100,1.1912339135695034,2.2965300616320965,0.0,1.0,0.0,0.0,0.0,0.0
6,100,1.799234861476135,11.977779549591794,0.0,1.0,0.0,1.0,1.0,0.0
7,100,11.393272339808018,5.752581598889138,0.0,1.0,0.0,1.0,0.0,0.0
8,100,2.3631344077560854,5.009263853907598,0.0,0.0,0.0,1.0,0.0,0.0
9,100,0.8976397772795827,2.918799771776568,1.0,0.0,1.0,0.0,0.0,1.0
10,100,0.1696241052493599,1.7626553833273535,1.0,0.0,0.0,0.0,1.0,1.0
11,100,10.510510297612065,4.723219717432732,1.0,0.0,1.0,0.0,0.0,1.0
12,100,7.285328054726173,0.0,0.0,0.0,1.0,1.0,0.0,0.0
13,100,11.085257823772205,5.202934015733074,0.0,0.0,1.0,0.0,0.0,0.0
14,100,5.413962728156781,9.003700699588626,1.0,1.0,1.0,0.0,0.0,1.0
15,100,8.049277612945941,3.338427980441251,0.0,0.0,0.0,1.0,1.0,0.0
16,100,8.096725065644991,6.6869292354333,0.0,0.0,0.0,0.0,1.0,1.0
17,100,5.049466981344899,8.249188103818696,0.0,0.0,0.0,0.0,1.0,1.0
18,100,5.445750052734247,5.974931709160882,0.0,1.0,0.0,0.0,0.0,1.0
19,100,3.3826923093208,8.653194192895336,0.0,1.0,0.0,0.0,1.0,0.0
0,105,4.746098725120435,0.4059592565097429,0.0,0.0,1.0,1.0,1.0,0.0
1,105,5.23331265410954,10.412364560688454,0.0,0.0,1.0,0.0,0.0,0.0
2,105,0.3519533010911452,10.15352083861922,1.0,0.0,0.0,1.0,1.0,1.0
3,105,4.839812417855494,5.295546009536425,0.0,0.0,0.0,0.0,1.0,1.0
4,105,3.4004857714226184,11.179771891699202,1.0,0.0,1.0,0.0,1.0,1.0
5,105,1.20847233989658,2.3115006550194543,0.0,1.0,0.0,0.0,0.0,0.0
6,105,1.843458441511862,12.0,0.0,1.0,0.0,1.0,1.0,0.0
7,105,11.39174991725064,5.749612504425236,0.0,1.0,0.0,1.0,0.0,0.0
8,105,2.239427138282633,4.903576945906403,0.0,0.0,0.0,1.0,0.0,0.0
9,105,0.8317625809791868,2.915976292881056,1.0,0.0,1.0,0.0,0.0,1.0
10,105,0.1838475057132558,1.6990408402929136,1.0,0.0,0.0,0.0,1.0,1.0
11,105,10.649568150414447,4.705627308500151,1.0,0.0,1.0,0.0,0.0,1.0
12,105,7.25647326458388,0.0,0.0,0.0,1.0,1.0,0.0,0.0
13,105,10.991388166549536,5.340770059159472,0.0,0.0,1.0,0.0,0.0,0.0
14,105,5.439163439529004,8.952040501003752,1.0,1.0,1.0,0.0,0.0,1.0
15,105,8.085407493050504,3.3254947824644034,0.0,0.0,0.0,1.0,1.0,0.0
16,105,8.071520517312937,6.706273540013865,0.0,0.0,0.0,0.0,1.0,1.0
17,105,5.006785717515436,8.217091006564857,0.0,0.0,0.0,0.0,1.0,1.0
18,105,5.415246544662494,5.973491866185038,0.0,1.0,0.0,0.0,0.0,1.0
19,105,3.364306422429693,8.628591315468745,0.0,1.0,0.0,0.0,1.0,0.0
0,110,4.758099619101919,0.411942127629827,0.0,0.0,1.0,1.0,1.0,0.0
1,110,5.241502844440483,10.427160925336652,0.0,0.0,1.0,0.0,0.0,0.0
2,110,0.3822388375619622,10.222003272618505,1.0,0.0,0.0,1.0,1.0,1.0
3,110,4.837427072298011,5.321613554075862,0.0,0.0,0.0,0.0,1.0,1.0
4,110,3.358045313713008,11.267620920357125,1.0,0.0,1.0,0.0,1.0,1.0
5,110,1.2359292814246932,2.3352052285323386,0.0,1.0,0.0,0.0,0.0,0.0
6,110,1.8817861321859377,12.0,0.0,1.0,0.0,1.0,1.0,0.0
7,110,11.3910559087527,5.74825564769433,0.0,1.0,0.0,1.0,0.0,0.0
8,110,2.1281200965539093,4.804170402349683,0.0,0.0,0.0,1.0,0.0,0.0
9,110,0.7636665129173181,2.9126527432249976,1.0,0.0,1.0,0.0,0.0,1.0
10,110,0.1975665780401832,1.6429403582133164,1.0,0.0,0.0,0.0,1.0,1.0
11,110,10.803563415114056,4.680411726870165,1.0,0.0,1.0,0.0,0.0,1.0
12,110,7.22491658509152,0.0,0.0,0.0,1.0,1.0,0.0,0.0
13,110,10.888951116537642,5.495157097540602,0.0,0.0,1.0,0.0,0.0,0.0
14,110,5.460071810383615,8.9102419799551,1.0,1.0,1.0,0.0,0.0,1.0
15,110,8.117437671132356,3.3147566784297706,0.0,0.0,0.0,1.0,1.0,0.0
16,110,8.04845628555599,6.724827128837559,0.0,0.0,0.0,0.0,1.0,1.0
17,110,4.9512062289178544,8.176839503907356,0.0,0.0,0.0,0.0,1.0,1.0
18,110,5.389440876549382,5.971942663501299,0.0,1.0,0.0,0.0,0.0,1.0
19,110,3.346998362711984,8.604324824070835,0.0,1.0,0.0,0.0,1.0,0.0
0,115,4.78205707494539,0.4237272429562221,0.0,0.0,1.0,1.0,1.0,0.0
1,115,5.251202908348458,10.444468380134778,0.0,0.0,1.0,0.0,0.0,0.0
2,115,0.4123705035014104,10.2939084269606,1.0,0.0,0.0,1.0,1.0,1.0
3,115,4.833054644740559,5.357890647515029,0.0,0.0,0.0,0.0,1.0,1.0
4,115,3.3139561775793576,11.360355236739167,1.0,0.0,1.0,0.0,1.0,1.0
5,115,1.2621714498123098,2.359098872437284,0.0,1.0,0.0,0.0,0.0,0.0
6,115,1.921098693409904,12.0,0.0,1.0,0.0,1.0,1.0,0.0
7,115,11.398910227131877,5.763415481479918,0.0,1.0,0.0,1.0,0.0,0.0
8,115,2.019178108662586,4.705689584322056,0.0,0.0,0.0,1.0,0.0,0.0
9,115,0.7082667851632842,2.9091236165339147,1.0,0.0,1.0,0.0,0.0,1.0
10,115,0.2141843218387938,1.5703881566711722,1.0,0.0,0.0,0.0,1.0,1.0
11,115,10.95103574539263,4.653442648013002,1.0,0.0,1.0,0.0,0.0,1.0
12,115,7.190363490793752,0.0,0.0,0.0,1.0,1.0,0.0,0.0
13,115,10.792900528157356,5.651616695766237,0.0,0.0,1.0,0.0,0.0,0.0
14,115,5.475355077893399,8.877285204302138,1.0,1.0,1.0,0.0,0.0,1.0
15,115,8.161294242111362,3.30102624431586,0.0,0.0,0.0,1.0,1.0,0.0
16,115,8.033389110463627,6.737197476909832,0.0,0.0,0.0,0.0,1.0,1.0
17,115,4.890280246458317,8.128922973591242,0.0,0.0,0.0,0.0,1.0,1.0
18,115,5.363065783595194,5.970565819939156,0.0,1.0,0.0,0.0,0.0,1.0
19,115,3.337774796754498,8.591294463396961,0.0,1.0,0.0,0.0,1.0,0.0
0,120,4.800124610018804,0.4328314531237356,0.0,0.0,1.0,1.0,1.0,0.0
1,120,5.255981584319247,10.453385573511174,0.0,0.0,1.0,0.0,0.0,0.0
2,120,0.4415257783814738,10.365116202966222,1.0,0.0,0.0,1.0,1.0,1.0
3,120,4.830359443557303,5.385129041934063,0.0,0.0,0.0,0.0,1.0,1.0
4,120,3.2725388717335093,11.450375673556549,1.0,0.0,1.0,0.0,1.0,1.0
5,120,1.275954698073514,2.3714219026978416,0.0,1.0,0.0,0.0,0.0,0.0
6,120,1.9551727159255965,12.0,0.0,1.0,0.0,1.0,1.0,0.0
7,120,11.401899517928165,5.768852522281152,0.0,1.0,0.0,1.0,0.0,0.0
8,120,1.9021045929375768,4.609476602494735,0.0,0.0,0.0,1.0,0.0,0.0
9,120,0.6642373323959723,2.9059507740933643,1.0,0.0,1.0,0.0,0.0,1.0
10,120,0.224967021990848,1.523366811778383,1.0,0.0,0.0,0.0,1.0,1.0
11,120,11.098743250279778,4.627830888857443,1.0,0.0,1.0,0.0,0.0,1.0
12,120,7.14678059269546,0.0,0.0,0.0,1.0,1.0,0.0,0.0
13,120,10.6994902171963,5.790376875489418,0.0,0.0,1.0,0.0,0.0,0.0
14,120,5.4849345758633055,8.856979000298352,1.0,1.0,1.0,0.0,0.0,1.0
15,120,8.217215076190818,3.285737085429052,0.0,0.0,0.0,1.0,1.0,0.0
16,120,8.008466410584438,6.757631472227248,0.0,0.0,0.0,0.0,1.0,1.0
17,120,4.839780742696038,8.089338422833402,0.0,0.0,0.0,0.0,1.0,1.0
18,120,5.3506680511731055,5.969841816868548,0.0,1.0,0.0,0.0,0.0,1.0
19,120,3.333200441430535,8.584511707432192,0.0,1.0,0.0,0.0,1.0,0.0
0,125,4.79216379192559,0.4482814990124348,0.0,0.0,1.0,1.0,1.0,0.0
1,125,5.263998556980622,10.468586173724296,0.0,0.0,1.0,0.0,0.0,0.0
2,125,0.4736481234481512,10.4398235823108,1.0,0.0,0.0,1.0,1.0,1.0
3,125,4.827441169815616,5.422970754703593,0.0,0.0,0.0,0.0,1.0,1.0
4,125,3.2324586451814903,11.533869701644138,1.0,0.0,1.0,0.0,1.0,1.0
5,125,1.2947066927370798,2.388412951041043,0.0,1.0,0.0,0.0,0.0,0.0
6,125,1.985499080908144,12.0,0.0,1.0,0.0,1.0,1.0,0.0
7,125,11.405822417061598,5.776442254628102,0.0,1.0,0.0,1.0,0.0,0.0
8,125,1.768026390330355,4.493758565274588,0.0,0.0,0.0,1.0,0.0,0.0
9,125,0.6003619067866441,2.9023719012218803,1.0,0.0,1.0,0.0,0.0,1.0
10,125,0.2380365631538238,1.4666242474869269,1.0,0.0,0.0,0.0,1.0,1.0
11,125,11.28059274290822,4.594291148463744,1.0,0.0,1.0,0.0,0.0,1.0
12,125,7.100425641362963,0.0,0.0,0.0,1.0,1.0,0.0,0.0
13,125,10.610609175628536,5.917219861749531,0.0,0.0,1.0,0.0,0.0,0.0
14,125,5.499069218084432,8.828407562095038,1.0,1.0,1.0,0.0,0.0,1.0
15,125,8.25892851580299,3.274100493243856,0.0,0.0,0.0,1.0,1.0,0.0
16,125,7.998363493841504,6.766268973951643,0.0,0.0,0.0,0.0,1.0,1.0
17,125,4.79451518262644,8.054821432766563,0.0,0.0,0.0,0.0,1.0,1.0
18,125,5.344602175200716,5.9697545416620565,0.0,1.0,0.0,0.0,0.0,1.0
19,125,3.3386939001634137,8.592410167725832,0.0,1.0,0.0,0.0,1.0,0.0
0,130,4.779712026776306,0.4738102721883611,0.0,0.0,1.0,1.0,1.0,0.0
1,130,5.271011228492776,10.482444352701954,0.0,0.0,1.0,0.0,0.0,0.0
2,130,0.5023879618353233,10.50767908915386,1.0,0.0,0.0,1.0,1.0,1.0
3,130,4.8230094363905645,5.472005994528089,0.0,0.0,0.0,0.0,1.0,1.0
4,130,3.1900723590802165,11.621640378057789,1.0,0.0,1.0,0.0,1.0,1.0
5,130,1.3182770736921008,2.410000256187683,0.0,1.0,0.0,0.0,0.0,0.0
6,130,2.0154023347460144,12.0,0.0,1.0,0.0,1.0,1.0,0.0
7,130,11.40790227144085,5.780497796681101,0.0,1.0,0.0,1.0,0.0,0.0
8,130,1.616109242827517,4.357568429213663,0.0,0.0,0.0,1.0,0.0,0.0
9,130,0.5391223506638158,2.898004868373394,1.0,0.0,1.0,0.0,0.0,1.0
10,130,0.2473801159086086,1.4299361724199149,1.0,0.0,0.0,0.0,1.0,1.0
11,130,11.447013132941706,4.564263879033277,1.0,0.0,1.0,0.0,0.0,1.0
12,130,7.050837651432127,0.0,0.0,0.0,1.0,1.0,0.0,0.0
13,130,10.517495911442351,6.046629586575043,0.0,0.0,1.0,0.0,0.0,0.0
14,130,5.522833783185475,8.778082246671218,1.0,1.0,1.0,0.0,0.0,1.0
15,130,8.327545436604263,3.254619860732232,0.0,0.0,0.0,1.0,1.0,0.0
16,130,8.00018660045593,6.764731402919551,0.0,0.0,0.0,0.0,1.0,1.0
17,130,4.7353219505839546,8.010505957579449,0.0,0.0,0.0,0.0,1.0,1.0
18,130,5.326460412018573,5.969417087265904,0.0,1.0,0.0,0.0,0.0,1.0
19,130,3.355972076500691,8.617514584633266,0.0,1.0,0.0,0.0,1.0,0.0
0,135,4.771685156380962,0.491211370184033,0.0,0.0,1.0,1.0,1.0,0.0
1,135,5.279678026319063,10.497887359333488,0.0,0.0,1.0,0.0,0.0,0.0
2,135,0.5379412822385141,10.596661236481133,1.0,0.0,0.0,1.0,1.0,1.0
3,135,4.818062315253345,5.527350893602152,0.0,0.0,0.0,0.0,1.0,1.0
4,135,3.1547880207349763,11.693172736607329,1.0,0.0,1.0,0.0,1.0,1.0
5,135,1.3376995855899831,2.427809706104139,0.0,1.0,0.0,0.0,0.0,0.0
6,135,2.042501563210698,12.0,0.0,1.0,0.0,1.0,1.0,0.0
7,135,11.4137588199843,5.791248817763211,0.0,1.0,0.0,1.0,0.0,0.0
8,135,1.4842716730570444,4.241037347517581,0.0,0.0,0.0,1.0,0.0,0.0
9,135,0.491337186270519,2.89425209008685,1.0,0.0,1.0,0.0,0.0,1.0
10,135,0.2584303551119374,1.3902834552386096,1.0,0.0,0.0,0.0,1.0,1.0
11,135,11.616335645390173,4.52837445179032,1.0,0.0,1.0,0.0,0.0,1.0
12,135,6.9905332323444505,0.0,0.0,0.0,1.0,1.0,0.0,0.0
13,135,10.427325134869166,6.165998676699444,0.0,0.0,1.0,0.0,0.0,0.0
14,135,5.551987244741757,8.719694880816785,1.0,1.0,1.0,0.0,0.0,1.0
15,135,8.406847828038424,3.234253293700581,0.0,0.0,0.0,1.0,1.0,0.0
16,135,8.003548918095287,6.761851498522518,0.0,0.0,0.0,0.0,1.0,1.0
17,135,4.668010512294591,7.959178430702246,0.0,0.0,0.0,0.0,1.0,1.0
18,135,5.334692860536519,5.969549706196199,0.0,1.0,0.0,0.0,0.0,1.0
19,135,3.373770962177407,8.643795760236095,0.0,1.0,0.0,0.0,1.0,0.0
0,140,4.7636510130615175,0.5093220658485085,0.0,0.0,1.0,1.0,1.0,0.0
1,140,5.283092931890365,10.503648446547617,0.0,0.0,1.0,0.0,0.0,0.0
2,140,0.5671851628585997,10.677529702911318,1.0,0.0,0.0,1.0,1.0,1.0
3,140,4.81543326909976,5.556106304796619,0.0,0.0,0.0,0.0,1.0,1.0
4,140,3.1213840877699845,11.763838422953553,1.0,0.0,1.0,0.0,1.0,1.0
5,140,1.3481936221076538,2.4375107550392703,0.0,1.0,0.0,0.0,0.0,0.0
6,140,2.0812565393675917,12.0,0.0,1.0,0.0,1.0,1.0,0.0
7,140,11.423888730990106,5.808758879482792,0.0,1.0,0.0,1.0,0.0,0.0
8,140,1.3398887169275049,4.11637517695609,0.0,0.0,0.0,1.0,0.0,0.0
9,140,0.4503864926414015,2.890400213901529,1.0,0.0,1.0,0.0,0.0,1.0
10,140,0.2708757103471647,1.346619869156584,1.0,0.0,0.0,0.0,1.0,1.0
11,140,11.776617428370391,4.494235759606556,1.0,0.0,1.0,0.0,0.0,1.0
12,140,6.933943758959907,0.0,0.0,0.0,1.0,1.0,0.0,0.0
13,140,10.338570212123866,6.286593973280604,0.0,0.0,1.0,0.0,0.0,0.0
14,140,5.579944990479678,8.664592577707191,1.0,1.0,1.0,0.0,0.0,1.0
15,140,8.484100918975843,3.212685862294162,0.0,0.0,0.0,1.0,1.0,0.0
16,140,8.003086475026652,6.762228709249944,0.0,0.0,0.0,0.0,1.0,1.0
17,140,4.619739791709387,7.920812220989394,0.0,0.0,0.0,0.0,1.0,1.0
18,140,5.336967146385862,5.969587403887966,0.0,1.0,0.0,0.0,0.0,1.0
19,140,3.400478490380354,8.681371741547904,0.0,1.0,0.0,0.0,1.0,0.0
0,145,4.753205634070365,0.5307719656374587,0.0,0.0,1.0,1.0,1.0,0.0
1,145,5.279323407016584,10.497515661361655,0.0,0.0,1.0,0.0,0.0,0.0
2,145,0.5975741357789742,10.771234535256111,1.0,0.0,0.0,1.0,1.0,1.0
3,145,4.813629461110365,5.584246403043724,0.0,0.0,0.0,0.0,1.0,1.0
4,145,3.088953982900992,11.83413712774358,1.0,0.0,1.0,0.0,1.0,1.0
5,145,1.335936597006863,2.4264664143829537,0.0,1.0,0.0,0.0,0.0,0.0
6,145,2.112332359258491,12.0,0.0,1.0,0.0,1.0,1.0,0.0
7,145,11.439650302039608,5.836379912193226,0.0,1.0,0.0,1.0,0.0,0.0
8,145,1.2132619325819454,4.000017750805453,0.0,0.0,0.0,1.0,0.0,0.0
9,145,0.4119779855123276,2.8864985085299155,1.0,0.0,1.0,0.0,0.0,1.0
10,145,0.2823656003105537,1.3076997803205137,1.0,0.0,0.0,0.0,1.0,1.0
11,145,11.941262262639208,4.453891856198197,1.0,0.0,1.0,0.0,0.0,1.0
12,145,6.8817779557431225,0.0,0.0,0.0,1.0,1.0,0.0,0.0
13,145,10.251607993266123,6.398646658580537,0.0,0.0,1.0,0.0,0.0,0.0
14,145,5.614709929950749,8.594063325977544,1.0,1.0,1.0,0.0,0.0,1.0
15,145,8.539331367301541,3.196455721673177,0.0,0.0,0.0,1.0,1.0,0.0
16,145,8.001710908401737,6.763348130091001,0.0,0.0,0.0,0.0,1.0,1.0
17,145,4.584295408949334,7.893116302648844,0.0,0.0,0.0,0.0,1.0,1.0
18,145,5.325976944515165,5.969480960993316,0.0,1.0,0.0,0.0,0.0,1.0
19,145,3.435764494900333,8.732242677910452,0.0,1.0,0.0,0.0,1.0,0.0
0,150,4.737574611694744,0.5617768956123452,0.0,0.0,1.0,1.0,1.0,0.0
1,150,5.262899890533175,10.468419476457164,0.0,0.0,1.0,0.0,0.0,0.0
2,150,0.6229018506715857,10.86081345115016,1.0,0.0,0.0,1.0,1.0,1.0
3,150,4.812315692706802,5.613175398618516,0.0,0.0,0.0,0.0,1.0,1.0
4,150,3.056486616940972,11.898581797426967,1.0,0.0,1.0,0.0,1.0,1.0
5,150,1.309183147482512,2.40255001621763,0.0,1.0,0.0,0.0,0.0,0.0
6,150,2.1498071578825164,12.0,0.0,1.0,0.0,1.0,1.0,0.0
7,150,11.452255937461407,5.858622244912545,0.0,1.0,0.0,1.0,0.0,0.0
8,150,1.0990291745780438,3.896976669047862,0.0,0.0,0.0,1.0,0.0,0.0
9,150,0.3452104824825077,2.879132354487103,1.0,0.0,1.0,0.0,0.0,1.0
10,150,0.2944030329992078,1.2675546140490093,1.0,0.0,0.0,0.0,1.0,1.0
11,150,12.0,4.413547323122538,1.0,0.0,1.0,0.0,0.0,1.0
12,150,6.824488365861549,0.0,0.0,0.0,1.0,1.0,0.0,0.0
13,150,10.17728136501105,6.497861037559391,0.0,0.0,1.0,0.0,0.0,0.0
14,150,5.65654047344114,8.506906017444551,1.0,1.0,1.0,0.0,0.0,1.0
15,150,8.584030199963376,3.1835499885658027,0.0,0.0,0.0,1.0,1.0,0.0
16,150,8.007401465365833,6.758633759031821,0.0,0.0,0.0,0.0,1.0,1.0
17,150,4.53981062291837,7.8577250716258495,0.0,0.0,0.0,0.0,1.0,1.0
18,150,5.313513515190992,5.969415654691084,0.0,1.0,0.0,0.0,0.0,1.0
19,150,3.4689674764883653,8.777340460022153,0.0,1.0,0.0,0.0,1.0,0.0
0,155,4.726785691589911,0.583188947935856,0.0,0.0,1.0,1.0,1.0,0.0
1,155,5.244784923764752,10.436262016280196,0.0,0.0,1.0,0.0,0.0,0.0
2,155,0.6445005574799177,10.947149394801697,1.0,0.0,0.0,1.0,1.0,1.0
3,155,4.810855788629767,5.661576205467723,0.0,0.0,0.0,0.0,1.0,1.0
4,155,3.0253051833612905,11.958879463441068,1.0,0.0,1.0,0.0,1.0,1.0
5,155,1.2870634842683983,2.38207731631214,0.0,1.0,0.0,0.0,0.0,0.0
6,155,2.196944383498244,12.0,0.0,1.0,0.0,1.0,1.0,0.0
7,155,11.47360573410602,5.894880489485663,0.0,1.0,0.0,1.0,0.0,0.0
8,155,0.9683469385634124,3.7757370787904745,0.0,0.0,0.0,1.0,0.0,0.0
9,155,0.2727424726214074,2.871922777606877,1.0,0.0,1.0,0.0,0.0,1.0
10,155,0.3042544671465193,1.2343153375990226,1.0,0.0,0.0,0.0,1.0,1.0
11,155,12.0,4.378373385528957,1.0,0.0,1.0,0.0,0.0,1.0
12,155,6.7595434889265045,0.0,0.0,0.0,1.0,1.0,0.0,0.0
13,155,10.105657962811158,6.593183101574391,0.0,0.0,1.0,0.0,0.0,0.0
14,155,5.704172414281851,8.41373002339967,1.0,1.0,1.0,0.0,0.0,1.0
15,155,8.616779485076943,3.174446032295113,0.0,0.0,0.0,1.0,1.0,0.0
16,155,8.01170419468316,6.755067881918482,0.0,0.0,0.0,0.0,1.0,1.0
17,155,4.4868534616059526,7.816447151672907,0.0,0.0,0.0,0.0,1.0,1.0
18,155,5.298352092608849,5.9690229630520095,0.0,1.0,0.0,0.0,0.0,1.0
19,155,3.503495913060592,8.82416214578849,0.0,1.0,0.0,0.0,1.0,0.0
0,160,4.721360664769413,0.5944752352817619,0.0,0.0,1.0,1.0,1.0,0.0
1,160,5.232897820518791,10.415721684315413,0.0,0.0,1.0,0.0,0.0,0.0
2,160,0.6646688828125189,11.023449935586465,1.0,0.0,0.0,1.0,1.0,1.0
3,160,4.810074855744138,5.7028651439875295,0.0,0.0,0.0,0.0,1.0,1.0
4,160,2.995319332544982,12.0,1.0,0.0,1.0,0.0,1.0,1.0
5,160,1.2646152414834655,2.362291751493572,0.0,1.0,0.0,0.0,0.0,0.0
6,160,2.235926168751904,12.0,0.0,1.0,0.0,1.0,1.0,0.0
7,160,11.499701583213977,5.937772728254092,0.0,1.0,0.0,1.0,0.0,0.0
8,160,0.8315553746663976,3.655852931293801,0.0,0.0,0.0,1.0,0.0,0.0
9,160,0.2070640203215504,2.864509818974074,1.0,0.0,1.0,0.0,0.0,1.0
10,160,0.316276774382475,1.2380240356349417,1.0,0.0,0.0,0.0,1.0,1.0
11,160,12.0,4.346016389340696,1.0,0.0,1.0,0.0,0.0,1.0
12,160,6.689034030568871,0.0,0.0,0.0,1.0,1.0,0.0,0.0
13,160,10.019036070995304,6.701740149279264,0.0,0.0,1.0,0.0,0.0,0.0
14,160,5.741990645123359,8.340586459762067,1.0,1.0,1.0,0.0,0.0,1.0
15,160,8.639530263105998,3.1683126192716733,0.0,0.0,0.0,1.0,1.0,0.0
16,160,8.01361227569125,6.753557127320198,0.0,0.0,0.0,0.0,1.0,1.0
17,160,4.433748029512446,7.773137894418376,0.0,0.0,0.0,0.0,1.0,1.0
18,160,5.2811863273858135,5.968850724673496,0.0,1.0,0.0,0.0,0.0,1.0
19,160,3.5268609806276343,8.855245479932009,0.0,1.0,0.0,0.0,1.0,0.0
0,165,4.7128684119105335,0.6130628718220659,0.0,0.0,1.0,1.0,1.0,0.0
1,165,5.22094464502879,10.394331446926186,0.0,0.0,1.0,0.0,0.0,0.0
2,165,0.6851512456619052,11.1069027638305,1.0,0.0,0.0,1.0,1.0,1.0
3,165,4.80861864205196,5.7453670126514735,0.0,0.0,0.0,0.0,1.0,1.0
4,165,2.974201043587905,12.0,1.0,0.0,1.0,0.0,1.0,1.0
5,165,1.2237144373620028,2.3257205913206644,0.0,1.0,0.0,0.0,0.0,0.0
6,165,2.2608206801082806,12.0,0.0,1.0,0.0,1.0,1.0,0.0
7,165,11.523319624266303,5.977010876024125,0.0,1.0,0.0,1.0,0.0,0.0
8,165,0.9480837046551333,3.524152069989407,0.0,0.0,0.0,1.0,0.0,0.0
9,165,0.1526752673220105,2.858142266609188,1.0,0.0,1.0,0.0,0.0,1.0
10,165,0.3140884454080611,1.2373017217318518,1.0,0.0,0.0,0.0,1.0,1.0
11,165,12.0,4.313069568879488,1.0,0.0,1.0,0.0,0.0,1.0
12,165,6.621423933073852,0.0,0.0,0.0,1.0,1.0,0.0,0.0
13,165,9.910581301562734,6.618337487672649,0.0,0.0,1.0,0.0,0.0,0.0
14,165,5.77515258168177,8.273871707576202,1.0,1.0,1.0,0.0,0.0,1.0
15,165,8.685379181374287,3.1558901610596664,0.0,0.0,0.0,1.0,1.0,0.0
16,165,8.014614255928393,6.75273560060074,0.0,0.0,0.0,0.0,1.0,1.0
17,165,4.370473981728624,7.719880117992648,0.0,0.0,0.0,0.0,1.0,1.0
18,165,5.252121643636396,5.9676636458193135,0.0,1.0,0.0,0.0,0.0,1.0
19,165,3.5414043593388675,8.874643662749893,0.0,1.0,0.0,0.0,1.0,0.0
0,170,4.703985810026237,0.632643042803132,0.0,0.0,1.0,1.0,1.0,0.0
1,170,5.203508146874037,10.36279341087183,0.0,0.0,1.0,0.0,0.0,0.0
2,170,0.7054670027653183,11.205563598684428,1.0,0.0,0.0,1.0,1.0,1.0
3,170,4.80805249821588,5.764005679902484,0.0,0.0,0.0,0.0,1.0,1.0
4,170,2.9488322536368834,12.0,1.0,0.0,1.0,0.0,1.0,1.0
5,170,1.1701346109498776,2.278586310826468,0.0,1.0,0.0,0.0,0.0,0.0
6,170,2.2810498160923256,12.0,0.0,1.0,0.0,1.0,1.0,0.0
7,170,11.549098151804635,6.021748225312963,0.0,1.0,0.0,1.0,0.0,0.0
8,170,1.0754377468230882,3.385383389045716,0.0,0.0,0.0,1.0,0.0,0.0
9,170,0.0701509453932642,2.848988506040369,1.0,0.0,1.0,0.0,0.0,1.0
10,170,0.325276135319522,1.2412302068935337,1.0,0.0,0.0,0.0,1.0,1.0
11,170,12.0,4.286531725756649,1.0,0.0,1.0,0.0,0.0,1.0
12,170,6.556518991064,0.0,0.0,0.0,1.0,1.0,0.0,0.0
13,170,9.78860933631257,6.527963490955727,0.0,0.0,1.0,0.0,0.0,0.0
14,170,5.800573968793231,8.224181002837843,1.0,1.0,1.0,0.0,0.0,1.0
15,170,8.730401072369112,3.145028962138757,0.0,0.0,0.0,1.0,1.0,0.0
16,170,8.039584102189165,6.732498448099706,0.0,0.0,0.0,0.0,1.0,1.0
17,170,4.297936289568063,7.660531309355436,0.0,0.0,0.0,0.0,1.0,1.0
18,170,5.200763698275667,5.965712107179235,0.0,1.0,0.0,0.0,0.0,1.0
19,170,3.55340059816649,8.890764426341015,0.0,1.0,0.0,0.0,1.0,0.0
0,175,4.695443828988725,0.6518360648186743,0.0,0.0,1.0,1.0,1.0,0.0
1,175,5.186567303354215,10.3319087986996,0.0,0.0,1.0,0.0,0.0,0.0
2,175,0.7187113750770683,11.283170855765077,1.0,0.0,0.0,1.0,1.0,1.0
3,175,4.807734097652517,5.804444762259317,0.0,0.0,0.0,0.0,1.0,1.0
4,175,2.930816837291357,12.0,1.0,0.0,1.0,0.0,1.0,1.0
5,175,1.1183181018317632,2.2342898270550284,0.0,1.0,0.0,0.0,0.0,0.0
6,175,2.304503383297138,12.0,0.0,1.0,0.0,1.0,1.0,0.0
7,175,11.574815350859954,6.065287760985992,0.0,1.0,0.0,1.0,0.0,0.0
8,175,1.190321933447023,3.265097428768769,0.0,0.0,0.0,1.0,0.0,0.0
9,175,0.0028044611815214,2.842335549859127,1.0,0.0,1.0,0.0,0.0,1.0
10,175,0.3536135035910479,1.250655989302396,1.0,0.0,0.0,0.0,1.0,1.0
11,175,12.0,4.262272586925013,1.0,0.0,1.0,0.0,0.0,1.0
12,175,6.487696413610745,0.0,0.0,0.0,1.0,1.0,0.0,0.0
13,175,9.672610716912644,6.44571411786047,0.0,0.0,1.0,0.0,0.0,0.0
14,175,5.82615838532033,8.17592853830296,1.0,1.0,1.0,0.0,0.0,1.0
15,175,8.788890306344701,3.129599173124304,0.0,0.0,0.0,1.0,1.0,0.0
16,175,8.045508165491349,6.728010764531099,0.0,0.0,0.0,0.0,1.0,1.0
17,175,4.231567862388029,7.608544310513873,0.0,0.0,0.0,0.0,1.0,1.0
18,175,5.160764427878775,5.963765854575164,0.0,1.0,0.0,0.0,0.0,1.0
19,175,3.573007157430033,8.915518434172567,0.0,1.0,0.0,0.0,1.0,0.0
0,180,4.688356477988573,0.6679567464789753,0.0,0.0,1.0,1.0,1.0,0.0
1,180,5.1648688782282814,10.290915562953703,0.0,0.0,1.0,0.0,0.0,0.0
2,180,0.7336414399789188,11.36456972838536,1.0,0.0,0.0,1.0,1.0,1.0
3,180,4.8076164894734,5.825742891168389,0.0,0.0,0.0,0.0,1.0,1.0
4,180,2.919444579611825,12.0,1.0,0.0,1.0,0.0,1.0,1.0
5,180,1.0424740614065435,2.1694638662120065,0.0,1.0,0.0,0.0,0.0,0.0
6,180,2.3417005898616763,12.0,0.0,1.0,0.0,1.0,1.0,0.0
7,180,11.601949598365744,6.107656037106215,0.0,1.0,0.0,1.0,0.0,0.0
8,180,1.30819665401041,3.1405733671138787,0.0,0.0,0.0,1.0,0.0,0.0
9,180,0.0,2.8332401564951155,1.0,0.0,1.0,0.0,0.0,1.0
10,180,0.361135101361567,1.253321359591753,1.0,0.0,0.0,0.0,1.0,1.0
11,180,12.0,4.241152408919231,1.0,0.0,1.0,0.0,0.0,1.0
12,180,6.424208696906869,0.0,0.0,0.0,1.0,1.0,0.0,0.0
13,180,9.573625963071878,6.377245595761889,0.0,0.0,1.0,0.0,0.0,0.0
14,180,5.856461954415414,8.121456365908177,1.0,1.0,1.0,0.0,0.0,1.0
15,180,8.850907848616844,3.110966578364468,0.0,0.0,0.0,1.0,1.0,0.0
16,180,8.04848780024844,6.725735914009435,0.0,0.0,0.0,0.0,1.0,1.0
17,180,4.174079436403607,7.564079733691909,0.0,0.0,0.0,0.0,1.0,1.0
18,180,5.163554345119992,5.924944617943948,0.0,1.0,0.0,0.0,0.0,1.0
19,180,3.6013440522460227,8.949738794900544,0.0,1.0,0.0,0.0,1.0,0.0
0,185,4.679933854534973,0.6862412616373543,0.0,0.0,1.0,1.0,1.0,0.0
1,185,5.144065602740297,10.25048907929177,0.0,0.0,1.0,0.0,0.0,0.0
2,185,0.7468291453467145,11.444953882547228,1.0,0.0,0.0,1.0,1.0,1.0
3,185,4.807322630475618,5.842329029393356,0.0,0.0,0.0,0.0,1.0,1.0
4,185,2.907694369924843,12.0,1.0,0.0,1.0,0.0,1.0,1.0
5,185,0.9719750855179514,2.1106386882148533,0.0,1.0,0.0,0.0,0.0,0.0
6,185,2.3780949465992656,12.0,0.0,1.0,0.0,1.0,1.0,0.0
7,185,11.62883570128865,6.153014612505236,0.0,1.0,0.0,1.0,0.0,0.0
8,185,1.4455487462630685,2.9981098346385626,0.0,0.0,0.0,1.0,0.0,0.0
9,185,0.0,2.827312953911926,1.0,0.0,1.0,0.0,0.0,1.0
10,185,0.3734561335207645,1.2578236452768952,1.0,0.0,0.0,0.0,1.0,1.0
11,185,12.0,4.223210285857316,1.0,0.0,1.0,0.0,0.0,1.0
12,185,6.357403960812521,0.0,0.0,0.0,1.0,1.0,0.0,0.0
13,185,9.499133480118138,6.326361524837913,0.0,0.0,1.0,0.0,0.0,0.0
14,185,5.885972077222395,8.065153827348794,1.0,1.0,1.0,0.0,0.0,1.0
15,185,8.909699288105,3.092533530031286,0.0,0.0,0.0,1.0,1.0,0.0
16,185,8.052932467765451,6.722224797316104,0.0,0.0,0.0,0.0,1.0,1.0
17,185,4.108491893222099,7.514653822563353,0.0,0.0,0.0,0.0,1.0,1.0
18,185,5.164996590296618,5.900358152997009,0.0,1.0,0.0,0.0,0.0,1.0
19,185,3.620220733785396,8.972400486653523,0.0,1.0,0.0,0.0,1.0,0.0
0,190,4.681935423810421,0.6819262435677284,0.0,0.0,1.0,1.0,1.0,0.0
1,190,5.1682639403923085,10.237297859283368,0.0,0.0,1.0,0.0,0.0,0.0
2,190,0.762563499693967,11.525671594897457,1.0,0.0,0.0,1.0,1.0,1.0
3,190,4.807382425247343,5.863629196156604,0.0,0.0,0.0,0.0,1.0,1.0
4,190,2.8941230529044395,12.0,1.0,0.0,1.0,0.0,1.0,1.0
5,190,0.9124018772928968,2.0566024562992022,0.0,1.0,0.0,0.0,0.0,0.0
6,190,2.430836759569807,12.0,0.0,1.0,0.0,1.0,1.0,0.0
7,190,11.666668976324562,6.213499885717382,0.0,1.0,0.0,1.0,0.0,0.0
8,190,1.5895097481524398,2.8495919167488384,0.0,0.0,0.0,1.0,0.0,0.0
9,190,0.0,2.823351879700899,1.0,0.0,1.0,0.0,0.0,1.0
10,190,0.3823101802864594,1.2610039889617253,1.0,0.0,0.0,0.0,1.0,1.0
11,190,12.0,4.206805952931986,1.0,0.0,1.0,0.0,0.0,1.0
12,190,6.290346163647978,0.0,0.0,0.0,1.0,1.0,0.0,0.0
13,190,9.421399630623783,6.272747329656756,0.0,0.0,1.0,0.0,0.0,0.0
14,190,5.906258149880244,8.027819150899198,1.0,1.0,1.0,0.0,0.0,1.0
15,190,8.973761072377096,3.073097938352146,0.0,0.0,0.0,1.0,1.0,0.0
16,190,8.049388796470728,6.724700778392042,0.0,0.0,0.0,0.0,1.0,1.0
17,190,4.037906073999499,7.461058890273184,0.0,0.0,0.0,0.0,1.0,1.0
18,190,5.165577992460471,5.868037786030989,0.0,1.0,0.0,0.0,0.0,1.0
19,190,3.6397045027825823,8.99499200112918,0.0,1.0,0.0,0.0,1.0,0.0
0,195,4.680987512796221,0.683882864465327,0.0,0.0,1.0,1.0,1.0,0.0
1,195,5.180233206104218,10.230793342701029,0.0,0.0,1.0,0.0,0.0,0.0
2,195,0.777427874810792,11.599071013398314,1.0,0.0,0.0,1.0,1.0,1.0
3,195,4.807669991526749,5.907825262996253,0.0,0.0,0.0,0.0,1.0,1.0
4,195,2.890574651233454,12.0,1.0,0.0,1.0,0.0,1.0,1.0
5,195,0.8757380839664313,2.022085836454627,0.0,1.0,0.0,0.0,0.0,0.0
6,195,2.4891217238731715,12.0,0.0,1.0,0.0,1.0,1.0,0.0
7,195,11.715699103881464,6.290270540899882,0.0,1.0,0.0,1.0,0.0,0.0
8,195,1.741946787701623,2.695023445519803,0.0,0.0,0.0,1.0,0.0,0.0
9,195,0.0,2.8187816741317664,1.0,0.0,1.0,0.0,0.0,1.0
10,195,0.3963053660752467,1.266125028161863,1.0,0.0,0.0,0.0,1.0,1.0
11,195,12.0,4.194787845526607,1.0,0.0,1.0,0.0,0.0,1.0
12,195,6.221231361829047,0.0,0.0,0.0,1.0,1.0,0.0,0.0
13,195,9.355083612059852,6.36108086638095,0.0,0.0,1.0,0.0,0.0,0.0
14,195,5.930038123999539,7.982121516758113,1.0,1.0,1.0,0.0,0.0,1.0
15,195,9.052369028961344,3.0480562898028336,0.0,0.0,0.0,1.0,1.0,0.0
16,195,8.053574101677608,6.721680180912191,0.0,0.0,0.0,0.0,1.0,1.0
17,195,3.970993852409748,7.408673028086674,0.0,0.0,0.0,0.0,1.0,1.0
18,195,5.166437488359115,5.811941980791246,0.0,1.0,0.0,0.0,0.0,1.0
19,195,3.652499120355335,9.0096659196447,0.0,1.0,0.0,0.0,1.0,0.0
0,200,4.676853876378005,0.692942992863227,0.0,0.0,1.0,1.0,1.0,0.0
1,200,5.18442356736715,10.228648811233608,0.0,0.0,1.0,0.0,0.0,0.0
2,200,0.7950943774977994,11.67481363442761,1.0,0.0,0.0,1.0,1.0,1.0
3,200,4.8074215970674805,5.955781272424425,0.0,0.0,0.0,0.0,1.0,1.0
4,200,2.8950188913817785,11.990646888829296,1.0,0.0,1.0,0.0,1.0,1.0
5,200,0.8281323346260032,1.9809348130646036,0.0,1.0,0.0,0.0,0.0,0.0
6,200,2.5550518991480744,12.0,0.0,1.0,0.0,1.0,1.0,0.0
7,200,11.774316095423536,6.384230860198615,0.0,1.0,0.0,1.0,0.0,0.0
8,200,1.892716672119044,2.5558057283726816,0.0,0.0,0.0,1.0,0.0,0.0
9,200,0.0,2.810021392711799,1.0,0.0,1.0,0.0,0.0,1.0
10,200,0.401184763878016,1.2678543526543409,1.0,0.0,0.0,0.0,1.0,1.0
11,200,12.0,4.181534639928144,1.0,0.0,1.0,0.0,0.0,1.0
12,200,6.156919440875228,0.0,0.0,0.0,1.0,1.0,0.0,0.0
13,200,9.284423445093497,6.450611530471409,0.0,0.0,1.0,0.0,0.0,0.0
14,200,5.95079284119421,7.940563327339799,1.0,1.0,1.0,0.0,0.0,1.0
15,200,9.141410683572918,3.021649247589853,0.0,0.0,0.0,1.0,1.0,0.0
16,200,8.070598356467563,6.708851717366651,0.0,0.0,0.0,0.0,1.0,1.0
17,200,3.895930592693656,7.348116757324429,0.0,0.0,0.0,0.0,1.0,1.0
18,200,5.167453189803243,5.746130140371124,0.0,1.0,0.0,0.0,0.0,1.0
19,200,3.6607403893469046,9.018839510771752,0.0,1.0,0.0,0.0,1.0,0.0
0,205,4.673145908457232,0.7013695372276054,0.0,0.0,1.0,1.0,1.0,0.0
1,205,5.184356610239219,10.228681529303074,0.0,0.0,1.0,0.0,0.0,0.0
2,205,0.810363700793382,11.746532986296964,1.0,0.0,0.0,1.0,1.0,1.0
3,205,4.807029136668048,5.984937009582019,0.0,0.0,0.0,0.0,1.0,1.0
4,205,2.897431094657212,11.985643586480451,1.0,0.0,1.0,0.0,1.0,1.0
5,205,0.7986545132349842,1.956175294916389,0.0,1.0,0.0,0.0,0.0,0.0
6,205,2.6096160879345747,12.0,0.0,1.0,0.0,1.0,1.0,0.0
7,205,11.836758236093264,6.473830414155034,0.0,1.0,0.0,1.0,0.0,0.0
8,205,2.0314569197366152,2.42405191564812,0.0,0.0,0.0,1.0,0.0,0.0
9,205,0.0,2.8017068421629325,1.0,0.0,1.0,0.0,0.0,1.0
10,205,0.4002654036095112,1.2675575435587243,1.0,0.0,0.0,0.0,1.0,1.0
11,205,12.0,4.163880492821508,1.0,0.0,1.0,0.0,0.0,1.0
12,205,6.3043023092220825,0.0,0.0,0.0,1.0,1.0,0.0,0.0
13,205,9.225257810634478,6.523495278874728,0.0,0.0,1.0,0.0,0.0,0.0
14,205,5.968296296405315,7.903867460630998,1.0,1.0,1.0,0.0,0.0,1.0
15,205,9.23793102963344,2.9921717978386924,0.0,0.0,0.0,1.0,1.0,0.0
16,205,8.091300409060626,6.69270228196933,0.0,0.0,0.0,0.0,1.0,1.0
17,205,3.829265082388027,7.295011819113238,0.0,0.0,0.0,0.0,1.0,1.0
18,205,5.16811642755478,5.693159355884193,0.0,1.0,0.0,0.0,0.0,1.0
19,205,3.6621488335467474,9.02057464310903,0.0,1.0,0.0,0.0,1.0,0.0
0,210,4.660177467415263,0.7288111409117811,0.0,0.0,1.0,1.0,1.0,0.0
1,210,5.19414802589141,10.224133581971572,0.0,0.0,1.0,0.0,0.0,0.0
2,210,0.8242551496030708,11.801134674262409,1.0,0.0,0.0,1.0,1.0,1.0
3,210,4.805304407278571,6.030434906345102,0.0,0.0,0.0,0.0,1.0,1.0
4,210,2.8839356481142784,11.979165296595635,1.0,0.0,1.0,0.0,1.0,1.0
5,210,0.7786740990394473,1.940195954981212,0.0,1.0,0.0,0.0,0.0,0.0
6,210,2.668799837549886,12.0,0.0,1.0,0.0,1.0,1.0,0.0
7,210,11.911354197110024,6.580277361306741,0.0,1.0,0.0,1.0,0.0,0.0
8,210,2.1536092809319167,2.3067831754148225,0.0,0.0,0.0,1.0,0.0,0.0
9,210,0.0,2.7962043220624584,1.0,0.0,1.0,0.0,0.0,1.0
10,210,0.4171704002288,1.273170105590064,1.0,0.0,0.0,0.0,1.0,1.0
11,210,12.0,4.146995551691796,1.0,0.0,1.0,0.0,0.0,1.0
12,210,6.446732761823909,0.0,0.0,0.0,1.0,1.0,0.0,0.0
13,210,9.163056521501977,6.596340203575688,0.0,0.0,1.0,0.0,0.0,0.0
14,210,5.981090892682745,7.876535075085096,1.0,1.0,1.0,0.0,0.0,1.0
15,210,9.320114467646718,2.96675034207643,0.0,0.0,0.0,1.0,1.0,0.0
16,210,8.112602732076155,6.676251201628728,0.0,0.0,0.0,0.0,1.0,1.0
17,210,3.7657007018066,7.248599595348016,0.0,0.0,0.0,0.0,1.0,1.0
18,210,5.170582426144828,5.641109239068721,0.0,1.0,0.0,0.0,0.0,1.0
19,210,3.660901700277686,9.018988313030563,0.0,1.0,0.0,0.0,1.0,0.0
0,215,4.641536150099944,0.7671899794296738,0.0,0.0,1.0,1.0,1.0,0.0
1,215,5.219344531045847,10.211833922658483,0.0,0.0,1.0,0.0,0.0,0.0
2,215,0.8406811766776924,11.868640602053674,1.0,0.0,0.0,1.0,1.0,1.0
3,215,4.803345066117077,6.094004417128507,0.0,0.0,0.0,0.0,1.0,1.0
4,215,2.883350165348449,11.978896389338272,1.0,0.0,1.0,0.0,1.0,1.0
5,215,0.7662774713492101,1.930196144645571,0.0,1.0,0.0,0.0,0.0,0.0
6,215,2.7046474277937405,12.0,0.0,1.0,0.0,1.0,1.0,0.0
7,215,11.98706202950154,6.690263865953924,0.0,1.0,0.0,1.0,0.0,0.0
8,215,2.2621212268081954,2.198766840771879,0.0,0.0,0.0,1.0,0.0,0.0
9,215,0.0,2.785785275665419,1.0,0.0,1.0,0.0,0.0,1.0
10,215,0.435682562994368,1.2795658677128996,1.0,0.0,0.0,0.0,1.0,1.0
11,215,12.0,4.13018624606838,1.0,0.0,1.0,0.0,0.0,1.0
12,215,6.605598595685134,0.0,0.0,0.0,1.0,1.0,0.0,0.0
13,215,9.106460201420642,6.661219077836805,0.0,0.0,1.0,0.0,0.0,0.0
14,215,6.001805886274472,7.838110466102604,1.0,1.0,1.0,0.0,0.0,1.0
15,215,9.398478515145078,2.9412226653198683,0.0,0.0,0.0,1.0,1.0,0.0
16,215,8.12680248229416,6.665829957660905,0.0,0.0,0.0,0.0,1.0,1.0
17,215,3.7064735600764473,7.205053064269738,0.0,0.0,0.0,0.0,1.0,1.0
18,215,5.172041825010035,5.5956672600192405,0.0,1.0,0.0,0.0,0.0,1.0
19,215,3.6604190961159166,9.018363049513008,0.0,1.0,0.0,0.0,1.0,0.0
0,220,4.625867535368704,0.799378940021814,0.0,0.0,1.0,1.0,1.0,0.0
1,220,5.235269990645667,10.20379328638062,0.0,0.0,1.0,0.0,0.0,0.0
2,220,0.8598644431499457,11.945974874273489,1.0,0.0,0.0,1.0,1.0,1.0
3,220,4.80092099714477,6.1399459510015335,0.0,0.0,0.0,0.0,1.0,1.0
4,220,2.8842311993197547,11.979277881444034,1.0,0.0,1.0,0.0,1.0,1.0
5,220,0.7574210334417494,1.923016602415245,0.0,1.0,0.0,0.0,0.0,0.0
6,220,2.727434850607104,12.0,0.0,1.0,0.0,1.0,1.0,0.0
7,220,12.0,6.803671758244265,0.0,1.0,0.0,1.0,0.0,0.0
8,220,2.3820186415299243,2.0777487536167256,0.0,0.0,0.0,1.0,0.0,0.0
9,220,0.0,2.7744434064339867,1.0,0.0,1.0,0.0,0.0,1.0
10,220,0.4548637982969697,1.2857942839490613,1.0,0.0,0.0,0.0,1.0,1.0
11,220,12.0,4.119810730331518,1.0,0.0,1.0,0.0,0.0,1.0
12,220,6.764402509474831,0.0,0.0,0.0,1.0,1.0,0.0,0.0
13,220,9.04737610943163,6.7298598408971735,0.0,0.0,1.0,0.0,0.0,0.0
14,220,6.010851993596378,7.821372295405618,1.0,1.0,1.0,0.0,0.0,1.0
15,220,9.460236635781454,2.9190062556048755,0.0,0.0,0.0,1.0,1.0,0.0
16,220,8.152934801796553,6.646495729669476,0.0,0.0,0.0,0.0,1.0,1.0
17,220,3.644795710409282,7.162501449915552,0.0,0.0,0.0,0.0,1.0,1.0
18,220,5.174195925457497,5.557276725349502,0.0,1.0,0.0,0.0,0.0,1.0
19,220,3.6596946479449297,9.017461855226292,0.0,1.0,0.0,0.0,1.0,0.0
0,225,4.61305356647313,0.8240596987706313,0.0,0.0,1.0,1.0,1.0,0.0
1,225,5.2410771444581945,10.200671420721669,0.0,0.0,1.0,0.0,0.0,0.0
2,225,0.8874840594673983,12.0,1.0,0.0,0.0,1.0,1.0,1.0
3,225,4.798928018107111,6.183462812161716,0.0,0.0,0.0,0.0,1.0,1.0
4,225,2.885931701697872,11.979975941381406,1.0,0.0,1.0,0.0,1.0,1.0
5,225,0.7445505560981254,1.9123213509905257,0.0,1.0,0.0,0.0,0.0,0.0
6,225,2.7502423873844086,12.0,0.0,1.0,0.0,1.0,1.0,0.0
7,225,12.0,6.927964490015478,0.0,1.0,0.0,1.0,0.0,0.0
8,225,2.5012904748052898,1.9568359818912344,0.0,0.0,0.0,1.0,0.0,0.0
9,225,0.0,2.756874028521433,1.0,0.0,1.0,0.0,0.0,1.0
10,225,0.4856278266251137,1.296112339452693,1.0,0.0,0.0,0.0,1.0,1.0
11,225,12.0,4.106394720778408,1.0,0.0,1.0,0.0,0.0,1.0
12,225,6.918867991405484,0.0,0.0,0.0,1.0,1.0,0.0,0.0
13,225,8.984010015888563,6.802086935881312,0.0,0.0,1.0,0.0,0.0,0.0
14,225,6.018787930785641,7.807555604044214,1.0,1.0,1.0,0.0,0.0,1.0
15,225,9.523842724674896,2.8975695818856133,0.0,0.0,0.0,1.0,1.0,0.0
16,225,8.195234184888857,6.616113825445999,0.0,0.0,0.0,0.0,1.0,1.0
17,225,3.6036377337006367,7.132762642110213,0.0,0.0,0.0,0.0,1.0,1.0
18,225,5.17609784532816,5.513529673750553,0.0,1.0,0.0,0.0,0.0,1.0
19,225,3.665585108243936,9.024441546548848,0.0,1.0,0.0,0.0,1.0,0.0
0,230,4.60502870326493,0.8408382915906799,0.0,0.0,1.0,1.0,1.0,0.0
1,230,5.254518389399623,10.193683175001828,0.0,0.0,1.0,0.0,0.0,0.0
2,230,0.9120492249901944,12.0,1.0,0.0,0.0,1.0,1.0,1.0
3,230,4.797482072021762,6.216543085108808,0.0,0.0,0.0,0.0,1.0,1.0
4,230,2.903975261239273,11.987132463230704,1.0,0.0,1.0,0.0,1.0,1.0
5,230,0.729219719032448,1.898339269558332,0.0,1.0,0.0,0.0,0.0,0.0
6,230,2.769108942544062,12.0,0.0,1.0,0.0,1.0,1.0,0.0
7,230,12.0,7.051030665394506,0.0,1.0,0.0,1.0,0.0,0.0
8,230,2.6097447801412623,1.84687073938956,0.0,0.0,0.0,1.0,0.0,0.0
9,230,0.0,2.737587936248836,1.0,0.0,1.0,0.0,0.0,1.0
10,230,0.5151763865761609,1.3060945023646524,1.0,0.0,0.0,0.0,1.0,1.0
11,230,12.0,4.099256814224125,1.0,0.0,1.0,0.0,0.0,1.0
12,230,7.062151405098674,0.0,0.0,0.0,1.0,1.0,0.0,0.0
13,230,8.902050773148346,6.890601181876775,0.0,0.0,1.0,0.0,0.0,0.0
14,230,6.027445113839272,7.792808845448653,1.0,1.0,1.0,0.0,0.0,1.0
15,230,9.594988288749786,2.8717273810652166,0.0,0.0,0.0,1.0,1.0,0.0
16,230,8.23607401654661,6.587131039487728,0.0,0.0,0.0,0.0,1.0,1.0
17,230,3.57796412357474,7.114246043063306,0.0,0.0,0.0,0.0,1.0,1.0
18,230,5.177869166405989,5.483218287400552,0.0,1.0,0.0,0.0,0.0,1.0
19,230,3.666149532490116,9.025104158391978,0.0,1.0,0.0,0.0,1.0,0.0
0,235,4.597072572059519,0.8580884059385774,0.0,0.0,1.0,1.0,1.0,0.0
1,235,5.293782996885909,10.173304826373684,0.0,0.0,1.0,0.0,0.0,0.0
2,235,0.9337926646607284,12.0,1.0,0.0,0.0,1.0,1.0,1.0
3,235,4.796867106157642,6.23756752585499,0.0,0.0,0.0,0.0,1.0,1.0
4,235,2.9344755501648,11.998646480604329,1.0,0.0,1.0,0.0,1.0,1.0
5,235,0.7013170055846131,1.873770691227065,0.0,1.0,0.0,0.0,0.0,0.0
6,235,2.785745910866781,12.0,0.0,1.0,0.0,1.0,1.0,0.0
7,235,12.0,7.1717129620570805,0.0,1.0,0.0,1.0,0.0,0.0
8,235,2.722799970936276,1.735541462659529,0.0,0.0,0.0,1.0,0.0,0.0
9,235,0.0,2.725151727228472,1.0,0.0,1.0,0.0,0.0,1.0
10,235,0.5641774624596564,1.3226376690591817,1.0,0.0,0.0,0.0,1.0,1.0
11,235,12.0,4.093385454974755,1.0,0.0,1.0,0.0,0.0,1.0
12,235,7.227031322496957,0.0,0.0,0.0,1.0,1.0,0.0,0.0
13,235,8.81470152041628,6.98579994588756,0.0,0.0,1.0,0.0,0.0,0.0
14,235,6.041226842294932,7.76952658679173,1.0,1.0,1.0,0.0,0.0,1.0
15,235,9.672887365696871,2.844024249310644,0.0,0.0,0.0,1.0,1.0,0.0
16,235,8.278692694669653,6.559913258941365,0.0,0.0,0.0,0.0,1.0,1.0
17,235,3.543644461350269,7.089625533718572,0.0,0.0,0.0,0.0,1.0,1.0
18,235,5.181802536509791,5.424066519784274,0.0,1.0,0.0,0.0,0.0,1.0
19,235,3.65579790337882,9.012605741898229,0.0,1.0,0.0,0.0,1.0,0.0
0,240,4.5810326552776,0.8926002996481276,0.0,0.0,1.0,1.0,1.0,0.0
1,240,5.33085195341304,10.155115938037977,0.0,0.0,1.0,0.0,0.0,0.0
2,240,0.9606521571099558,12.0,1.0,0.0,0.0,1.0,1.0,1.0
3,240,4.793453137733186,6.23749776788295,0.0,0.0,0.0,0.0,1.0,1.0
4,240,2.970092544212066,12.0,1.0,0.0,1.0,0.0,1.0,1.0
5,240,0.6719568254164692,1.8492533199966208,0.0,1.0,0.0,0.0,0.0,0.0
6,240,2.8050303572235404,12.0,0.0,1.0,0.0,1.0,1.0,0.0
7,240,12.0,7.284374146872644,0.0,1.0,0.0,1.0,0.0,0.0
8,240,2.840387471654636,1.6238149376751676,0.0,0.0,0.0,1.0,0.0,0.0
9,240,0.0,2.7143408013459616,1.0,0.0,1.0,0.0,0.0,1.0
10,240,0.6210398284816085,1.3437536105148924,1.0,0.0,0.0,0.0,1.0,1.0
11,240,12.0,4.085474593188171,1.0,0.0,1.0,0.0,0.0,1.0
12,240,7.40705359672003,0.0,0.0,0.0,1.0,1.0,0.0,0.0
13,240,8.726138516270819,7.077901136942051,0.0,0.0,1.0,0.0,0.0,0.0
14,240,6.063213005159227,7.731544167524215,1.0,1.0,1.0,0.0,0.0,1.0
15,240,9.74777561817556,2.8200210172367672,0.0,0.0,0.0,1.0,1.0,0.0
16,240,8.33979464960345,6.5190396828985815,0.0,0.0,0.0,0.0,1.0,1.0
17,240,3.5115205226468893,7.067558451529569,0.0,0.0,0.0,0.0,1.0,1.0
18,240,5.185398169336538,5.385434034095092,0.0,1.0,0.0,0.0,0.0,1.0
19,240,3.6490590924828616,9.004583364886276,0.0,1.0,0.0,0.0,1.0,0.0
0,245,4.5671350477120685,0.9244827788403832,0.0,0.0,1.0,1.0,1.0,0.0
1,245,5.381020815020558,10.130987125313306,0.0,0.0,1.0,0.0,0.0,0.0
2,245,0.9868986397344636,12.0,1.0,0.0,0.0,1.0,1.0,1.0
3,245,4.786455709977056,6.237201678838958,0.0,0.0,0.0,0.0,1.0,1.0
4,245,3.00223206403124,12.0,1.0,0.0,1.0,0.0,1.0,1.0
5,245,0.6343288148092423,1.816491571702859,0.0,1.0,0.0,0.0,0.0,0.0
6,245,2.81438168888508,12.0,0.0,1.0,0.0,1.0,1.0,0.0
7,245,12.0,7.390305252832903,0.0,1.0,0.0,1.0,0.0,0.0
8,245,2.9660148671822664,1.505576360478497,0.0,0.0,0.0,1.0,0.0,0.0
9,245,0.0108108364251926,2.660032990525324,1.0,0.0,1.0,0.0,0.0,1.0
10,245,0.6901060746529986,1.36919612862363,1.0,0.0,0.0,0.0,1.0,1.0
11,245,12.0,4.078387907916081,1.0,0.0,1.0,0.0,0.0,1.0
12,245,7.5798387543824175,0.0,0.0,0.0,1.0,1.0,0.0,0.0
13,245,8.64629594782167,7.162901551037392,0.0,0.0,1.0,0.0,0.0,0.0
14,245,6.077929788168741,7.705552993154549,1.0,1.0,1.0,0.0,0.0,1.0
15,245,9.829285647072066,2.790212989332383,0.0,0.0,0.0,1.0,1.0,0.0
16,245,8.422003028507797,6.464569149065828,0.0,0.0,0.0,0.0,1.0,1.0
17,245,3.4770756200754174,7.043907479944815,0.0,0.0,0.0,0.0,1.0,1.0
18,245,5.189669679477941,5.337508304489996,0.0,1.0,0.0,0.0,0.0,1.0
19,245,3.631884861942959,8.984180733223296,0.0,1.0,0.0,0.0,1.0,0.0
0,250,4.54612237123253,0.972614259549277,0.0,0.0,1.0,1.0,1.0,0.0
1,250,5.454654127820092,10.095457158224988,0.0,0.0,1.0,0.0,0.0,0.0
2,250,1.0112986106382278,12.0,1.0,0.0,0.0,1.0,1.0,1.0
3,250,4.7773470758819885,6.236908327995224,0.0,0.0,0.0,0.0,1.0,1.0
4,250,3.023993268644969,12.0,1.0,0.0,1.0,0.0,1.0,1.0
5,250,0.6215383911045205,1.805748054673729,0.0,1.0,0.0,0.0,0.0,0.0
6,250,2.8109650773895183,11.996839285113948,0.0,1.0,0.0,1.0,1.0,0.0
7,250,12.0,7.491604256124775,0.0,1.0,0.0,1.0,0.0,0.0
8,250,3.0976280800742555,1.3873905149815442,0.0,0.0,0.0,1.0,0.0,0.0
9,250,0.0151839821449506,2.6390205238748217,1.0,0.0,1.0,0.0,0.0,1.0
10,250,0.741360885962643,1.3883493619262943,1.0,0.0,0.0,0.0,1.0,1.0
11,250,12.0,4.071670555659811,1.0,0.0,1.0,0.0,0.0,1.0
12,250,7.743634105468507,0.0,0.0,0.0,1.0,1.0,0.0,0.0
13,250,8.555064020586325,7.25636280111478,0.0,0.0,1.0,0.0,0.0,0.0
14,250,6.094490376426871,7.675066122793574,1.0,1.0,1.0,0.0,0.0,1.0
15,250,9.921481868584635,2.756989634860368,0.0,0.0,0.0,1.0,1.0,0.0
16,250,8.497651014813787,6.415014538403809,0.0,0.0,0.0,0.0,1.0,1.0
17,250,3.446776674269292,7.022920271957424,0.0,0.0,0.0,0.0,1.0,1.0
18,250,5.194852954170595,5.291752853613401,0.0,1.0,0.0,0.0,0.0,1.0
19,250,3.632740249496775,8.985177773220542,0.0,1.0,0.0,0.0,1.0,0.0
0,255,4.515656862229512,1.0417450508703228,0.0,0.0,1.0,1.0,1.0,0.0
1,255,5.534730183005557,10.058468809217043,0.0,0.0,1.0,0.0,0.0,0.0
2,255,1.03812455888038,12.0,1.0,0.0,0.0,1.0,1.0,1.0
3,255,4.763483216423999,6.236236830820013,0.0,0.0,0.0,0.0,1.0,1.0
4,255,3.0608448363546232,12.0,1.0,0.0,1.0,0.0,1.0,1.0
5,255,0.611118922425283,1.7970202982015075,0.0,1.0,0.0,0.0,0.0,0.0
6,255,2.777765559997593,11.966484414739773,0.0,1.0,0.0,1.0,1.0,0.0
7,255,12.0,7.57693021941293,0.0,1.0,0.0,1.0,0.0,0.0
8,255,3.2067809118972765,1.5065527688954974,0.0,0.0,0.0,1.0,0.0,0.0
9,255,0.0186348296548362,2.622557826924768,1.0,0.0,1.0,0.0,0.0,1.0
10,255,0.7978814813626168,1.4121062977276593,1.0,0.0,0.0,0.0,1.0,1.0
11,255,12.0,4.069329813895103,1.0,0.0,1.0,0.0,0.0,1.0
12,255,7.905370440777977,0.0,0.0,0.0,1.0,1.0,0.0,0.0
13,255,8.467571806129586,7.349074664050129,0.0,0.0,1.0,0.0,0.0,0.0
14,255,6.12020555854701,7.629524522056096,1.0,1.0,1.0,0.0,0.0,1.0
15,255,9.993805679774471,2.732816791582488,0.0,0.0,0.0,1.0,1.0,0.0
16,255,8.56896745140064,6.370081828905314,0.0,0.0,0.0,0.0,1.0,1.0
17,255,3.4601686148925577,7.032028755654546,0.0,0.0,0.0,0.0,1.0,1.0
18,255,5.200378136926415,5.23790675017609,0.0,1.0,0.0,0.0,0.0,1.0
19,255,3.646357938659838,9.000772860587427,0.0,1.0,0.0,0.0,1.0,0.0
0,260,4.484942316395445,1.1121525102225749,0.0,0.0,1.0,1.0,1.0,0.0
1,260,5.610972404328402,10.024108439908654,0.0,0.0,1.0,0.0,0.0,0.0
2,260,1.066015069135023,12.0,1.0,0.0,0.0,1.0,1.0,1.0
3,260,4.751435992917996,6.235919763642838,0.0,0.0,0.0,0.0,1.0,1.0
4,260,3.0946516360748504,12.0,1.0,0.0,1.0,0.0,1.0,1.0
5,260,0.5954451226998931,1.7840848862657763,0.0,1.0,0.0,0.0,0.0,0.0
6,260,2.7339146986728085,11.926864217861269,0.0,1.0,0.0,1.0,1.0,0.0
7,260,12.0,7.660955830629067,0.0,1.0,0.0,1.0,0.0,0.0
8,260,3.3280512569961624,1.64131457713096,0.0,0.0,0.0,1.0,0.0,0.0
9,260,0.0185373662398104,2.6230177808166424,1.0,0.0,1.0,0.0,0.0,1.0
10,260,0.8666280046402259,1.4416066769612097,1.0,0.0,0.0,0.0,1.0,1.0
11,260,12.0,4.065760179575847,1.0,0.0,1.0,0.0,0.0,1.0
12,260,8.079770175932037,0.0,0.0,0.0,1.0,1.0,0.0,0.0
13,260,8.3915878205728,7.42798251514626,0.0,0.0,1.0,0.0,0.0,0.0
14,260,6.1286902292158,7.6140475988390275,1.0,1.0,1.0,0.0,0.0,1.0
15,260,10.0672994518093,2.705759304561685,0.0,0.0,0.0,1.0,1.0,0.0
16,260,8.62206472509394,6.334356439196071,0.0,0.0,0.0,0.0,1.0,1.0
17,260,3.490090804486146,7.051570381050106,0.0,0.0,0.0,0.0,1.0,1.0
18,260,5.2043371670278775,5.1915061289186415,0.0,1.0,0.0,0.0,0.0,1.0
19,260,3.664625337548374,9.021595461212632,0.0,1.0,0.0,0.0,1.0,0.0
0,265,4.457880803058314,1.175303379051007,0.0,0.0,1.0,1.0,1.0,0.0
1,265,5.67256085977062,9.998136133337209,0.0,0.0,1.0,0.0,0.0,0.0
2,265,1.0957887809898683,12.0,1.0,0.0,0.0,1.0,1.0,1.0
3,265,4.709681509944262,6.234776028505091,0.0,0.0,0.0,0.0,1.0,1.0
4,265,3.116463915955599,12.0,1.0,0.0,1.0,0.0,1.0,1.0
5,265,0.5670332647412143,1.7600355307410307,0.0,1.0,0.0,0.0,0.0,0.0
6,265,2.6855457654506303,11.882203053125282,0.0,1.0,0.0,1.0,1.0,0.0
7,265,12.0,7.746286767517599,0.0,1.0,0.0,1.0,0.0,0.0
8,265,3.452631719586824,1.7822623705205556,0.0,0.0,0.0,1.0,0.0,0.0
9,265,0.0188857146801861,2.621350706047628,1.0,0.0,1.0,0.0,0.0,1.0
10,265,0.9428656170149136,1.4724520903299572,1.0,0.0,0.0,0.0,1.0,1.0
11,265,12.0,4.063703060596663,1.0,0.0,1.0,0.0,0.0,1.0
12,265,8.267996941041377,0.0,0.0,0.0,1.0,1.0,0.0,0.0
13,265,8.316660187372582,7.502345027723503,0.0,0.0,1.0,0.0,0.0,0.0
14,265,6.133985930719735,7.60461457719928,1.0,1.0,1.0,0.0,0.0,1.0
15,265,10.133829470594009,2.679765653085064,0.0,0.0,0.0,1.0,1.0,0.0
16,265,8.669815247626255,6.302256467437894,0.0,0.0,0.0,0.0,1.0,1.0
17,265,3.501592302730779,7.059214097137781,0.0,0.0,0.0,0.0,1.0,1.0
18,265,5.210060983965447,5.135280883344988,0.0,1.0,0.0,0.0,0.0,1.0
19,265,3.6833052057066897,9.042945577448576,0.0,1.0,0.0,0.0,1.0,0.0
0,270,4.438152066167783,1.2228864642733226,0.0,0.0,1.0,1.0,1.0,0.0
1,270,5.736229943254288,9.973635520853517,0.0,0.0,1.0,0.0,0.0,0.0
2,270,1.1192176259317912,12.0,1.0,0.0,0.0,1.0,1.0,1.0
3,270,4.669350354631366,6.2342058949973085,0.0,0.0,0.0,0.0,1.0,1.0
4,270,3.134263022565541,12.0,1.0,0.0,1.0,0.0,1.0,1.0
5,270,0.5315261425114184,1.7319213748156872,0.0,1.0,0.0,0.0,0.0,0.0
6,270,2.6229386396356884,11.825736824565617,0.0,1.0,0.0,1.0,1.0,0.0
7,270,12.0,7.818355485117816,0.0,1.0,0.0,1.0,0.0,0.0
8,270,3.5807457709489823,1.9301525255384255,0.0,0.0,0.0,1.0,0.0,0.0
9,270,0.0161875403917076,2.633284218714751,1.0,0.0,1.0,0.0,0.0,1.0
10,270,1.028514193597755,1.508105632067961,1.0,0.0,0.0,0.0,1.0,1.0
11,270,12.0,4.062034979061064,1.0,0.0,1.0,0.0,0.0,1.0
12,270,8.455192208371955,0.0,0.0,0.0,1.0,1.0,0.0,0.0
13,270,8.249125745251652,7.570166096980249,0.0,0.0,1.0,0.0,0.0,0.0
14,270,6.1291041733357945,7.613043734795413,1.0,1.0,1.0,0.0,0.0,1.0
15,270,10.192938466846153,2.656758269314981,0.0,0.0,0.0,1.0,1.0,0.0
16,270,8.713579198383364,6.273135523946488,0.0,0.0,0.0,0.0,1.0,1.0
17,270,3.5308871341319805,7.079162392854333,0.0,0.0,0.0,0.0,1.0,1.0
18,270,5.213649471642142,5.099320758040999,0.0,1.0,0.0,0.0,0.0,1.0
19,270,3.69971026240956,9.061090724304238,0.0,1.0,0.0,0.0,1.0,0.0
0,275,4.422269330814997,1.261061516782793,0.0,0.0,1.0,1.0,1.0,0.0
1,275,5.800876973802012,9.94921844922852,0.0,0.0,1.0,0.0,0.0,0.0
2,275,1.1386164729335857,12.0,1.0,0.0,0.0,1.0,1.0,1.0
3,275,4.6331289696065046,6.23292821048832,0.0,0.0,0.0,0.0,1.0,1.0
4,275,3.1418803233602253,12.0,1.0,0.0,1.0,0.0,1.0,1.0
5,275,0.4937230767166806,1.701203223378001,0.0,1.0,0.0,0.0,0.0,0.0
6,275,2.5601504024201307,11.76715906798552,0.0,1.0,0.0,1.0,1.0,0.0
7,275,12.0,7.893142623444402,0.0,1.0,0.0,1.0,0.0,0.0
8,275,3.701803977612912,2.067991799226561,0.0,0.0,0.0,1.0,0.0,0.0
9,275,0.014235871916995,2.641167421160391,1.0,0.0,1.0,0.0,0.0,1.0
10,275,1.1292919030607629,1.5476109917676415,1.0,0.0,0.0,0.0,1.0,1.0
11,275,12.0,4.061805252013739,1.0,0.0,1.0,0.0,0.0,1.0
12,275,8.633001736640207,0.0,0.0,0.0,1.0,1.0,0.0,0.0
13,275,8.189883632120589,7.630966071821871,0.0,0.0,1.0,0.0,0.0,0.0
14,275,6.123269692101349,7.623674996512872,1.0,1.0,1.0,0.0,0.0,1.0
15,275,10.255131688983235,2.631997086859315,0.0,0.0,0.0,1.0,1.0,0.0
16,275,8.740140310779845,6.255840664652011,0.0,0.0,0.0,0.0,1.0,1.0
17,275,3.5659767530508164,7.103828274154219,0.0,0.0,0.0,0.0,1.0,1.0
18,275,5.21677343531124,5.074483437683159,0.0,1.0,0.0,0.0,0.0,1.0
19,275,3.731686832958301,9.098327472097386,0.0,1.0,0.0,0.0,1.0,0.0
0,280,4.403842047317677,1.304758153972606,0.0,0.0,1.0,1.0,1.0,0.0
1,280,5.875993328995376,9.91982202042737,0.0,0.0,1.0,0.0,0.0,0.0
2,280,1.1593430396695694,12.0,1.0,0.0,0.0,1.0,1.0,1.0
3,280,4.599062667457512,6.231500518231219,0.0,0.0,0.0,0.0,1.0,1.0
4,280,3.1570996672274485,12.0,1.0,0.0,1.0,0.0,1.0,1.0
5,280,0.4482662238868706,1.6632640991674237,0.0,1.0,0.0,0.0,0.0,0.0
6,280,2.5135862841561,11.722258548879784,0.0,1.0,0.0,1.0,1.0,0.0
7,280,12.0,7.969767057547922,0.0,1.0,0.0,1.0,0.0,0.0
8,280,3.82238651901431,2.2053776457287837,0.0,0.0,0.0,1.0,0.0,0.0
9,280,0.0089346097676067,2.6649931097375816,1.0,0.0,1.0,0.0,0.0,1.0
10,280,1.2332228098400022,1.5874179941628133,1.0,0.0,0.0,0.0,1.0,1.0
11,280,11.98464861846115,4.06212561576444,1.0,0.0,1.0,0.0,0.0,1.0
12,280,8.803242183083517,0.0,0.0,0.0,1.0,1.0,0.0,0.0
13,280,8.136071568294758,7.687478832029361,0.0,0.0,1.0,0.0,0.0,0.0
14,280,6.120544505202267,7.628614427759839,1.0,1.0,1.0,0.0,0.0,1.0
15,280,10.295346624368182,2.6168600911076387,0.0,0.0,0.0,1.0,1.0,0.0
16,280,8.77096343135692,6.236509543485342,0.0,0.0,0.0,0.0,1.0,1.0
17,280,3.6058385250530622,7.13238983525451,0.0,0.0,0.0,0.0,1.0,1.0
18,280,5.221060719389444,5.045295458793794,0.0,1.0,0.0,0.0,0.0,1.0
19,280,3.769783714662388,9.143886844720916,0.0,1.0,0.0,0.0,1.0,0.0
0,285,4.394203138281246,1.3279107442539728,0.0,0.0,1.0,1.0,1.0,0.0
1,285,5.943009231464905,9.892652435718809,0.0,0.0,1.0,0.0,0.0,0.0
2,285,1.1745365832084698,12.0,1.0,0.0,0.0,1.0,1.0,1.0
3,285,4.566959934188998,6.228994471866521,0.0,0.0,0.0,0.0,1.0,1.0
4,285,3.191898293442825,12.0,1.0,0.0,1.0,0.0,1.0,1.0
5,285,0.3947229508507019,1.6180025666513145,0.0,1.0,0.0,0.0,0.0,0.0
6,285,2.45632737389347,11.665994186689906,0.0,1.0,0.0,1.0,1.0,0.0
7,285,11.90662732817274,8.034914626501552,0.0,1.0,0.0,1.0,0.0,0.0
8,285,3.9491142072409073,2.351348549522048,0.0,0.0,0.0,1.0,0.0,0.0
9,285,0.007212199223731,2.672096108776894,1.0,0.0,1.0,0.0,0.0,1.0
10,285,1.340594418156333,1.6293863012293146,1.0,0.0,0.0,0.0,1.0,1.0
11,285,11.973405512065725,4.062406351377474,1.0,0.0,1.0,0.0,0.0,1.0
12,285,8.964564511385223,0.0,0.0,0.0,1.0,1.0,0.0,0.0
13,285,8.068579841356753,7.757249093875495,0.0,0.0,1.0,0.0,0.0,0.0
14,285,6.1245276181394575,7.621294952190484,1.0,1.0,1.0,0.0,0.0,1.0
15,285,10.318395243892375,2.6082349857669445,0.0,0.0,0.0,1.0,1.0,0.0
16,285,8.78520324486387,6.22777793420719,0.0,0.0,0.0,0.0,1.0,1.0
17,285,3.574856059695894,7.178656965744075,0.0,0.0,0.0,0.0,1.0,1.0
18,285,5.227914864962568,5.002834868906967,0.0,1.0,0.0,0.0,0.0,1.0
19,285,3.8159743151847456,9.198177703698292,0.0,1.0,0.0,0.0,1.0,0.0
0,290,4.388731159031432,1.3414877940613394,0.0,0.0,1.0,1.0,1.0,0.0
1,290,6.02084421020293,9.862065528400162,0.0,0.0,1.0,0.0,0.0,0.0
2,290,1.1912848539824423,12.0,1.0,0.0,0.0,1.0,1.0,1.0
3,290,4.550956383644217,6.227927942568825,0.0,0.0,0.0,0.0,1.0,1.0
4,290,3.2208743971826266,12.0,1.0,0.0,1.0,0.0,1.0,1.0
5,290,0.339064460880016,1.5696260575674947,0.0,1.0,0.0,0.0,0.0,0.0
6,290,2.4020849562870525,11.61403673686174,0.0,1.0,0.0,1.0,1.0,0.0
7,290,11.809793399315517,8.101318268057067,0.0,1.0,0.0,1.0,0.0,0.0
8,290,4.072446311730239,2.4886941623891228,0.0,0.0,0.0,1.0,0.0,0.0
9,290,0.004368811404634,2.6846458815417416,1.0,0.0,1.0,0.0,0.0,1.0
10,290,1.4379765110203024,1.672480033879313,1.0,0.0,0.0,0.0,1.0,1.0
11,290,11.960333707444075,4.062834930101479,1.0,0.0,1.0,0.0,0.0,1.0
12,290,9.129983570182434,0.0,0.0,0.0,1.0,1.0,0.0,0.0
13,290,7.993781930010838,7.832020245993405,0.0,0.0,1.0,0.0,0.0,0.0
14,290,6.128765581737203,7.614169152691837,1.0,1.0,1.0,0.0,0.0,1.0
15,290,10.342196797926295,2.5995167396325423,0.0,0.0,0.0,1.0,1.0,0.0
16,290,8.787296164508454,6.226457006956648,0.0,0.0,0.0,0.0,1.0,1.0
17,290,3.5410220363137475,7.228645460468939,0.0,0.0,0.0,0.0,1.0,1.0
18,290,5.237291553836921,4.954782683574924,0.0,1.0,0.0,0.0,0.0,1.0
19,290,3.877598669293029,9.26776852128465,0.0,1.0,0.0,0.0,1.0,0.0
0,295,4.381787613915469,1.3588495947487744,0.0,0.0,1.0,1.0,1.0,0.0
1,295,6.073941428790879,9.842347565412188,0.0,0.0,1.0,0.0,0.0,0.0
2,295,1.2128627481253242,12.0,1.0,0.0,0.0,1.0,1.0,1.0
3,295,4.544704532905543,6.227549689613713,0.0,0.0,0.0,0.0,1.0,1.0
4,295,3.263214493543442,12.0,1.0,0.0,1.0,0.0,1.0,1.0
5,295,0.31298775407453,1.5481833667973155,0.0,1.0,0.0,0.0,0.0,0.0
6,295,2.342465028063743,11.558461047238694,0.0,1.0,0.0,1.0,1.0,0.0
7,295,11.696109962756674,8.176728729631657,0.0,1.0,0.0,1.0,0.0,0.0
8,295,4.200589839334047,2.627740100832974,0.0,0.0,0.0,1.0,0.0,0.0
9,295,0.0,2.71643465605367,1.0,0.0,1.0,0.0,0.0,1.0
10,295,1.5339281878242277,1.7128380002794767,1.0,0.0,0.0,0.0,1.0,1.0
11,295,11.959233611580933,4.062874032589046,1.0,0.0,1.0,0.0,0.0,1.0
12,295,9.320627674707708,0.0,0.0,0.0,1.0,1.0,0.0,0.0
13,295,7.915665678360253,7.9102408225628595,0.0,0.0,1.0,0.0,0.0,0.0
14,295,6.121700159782235,7.626329469743021,1.0,1.0,1.0,0.0,0.0,1.0
15,295,10.372423629317955,2.587109097528468,0.0,0.0,0.0,1.0,1.0,0.0
16,295,8.791666272281597,6.223689624300318,0.0,0.0,0.0,0.0,1.0,1.0
17,295,3.5125781280664192,7.27114698484739,0.0,0.0,0.0,0.0,1.0,1.0
18,295,5.242686937894699,4.925910292495734,0.0,1.0,0.0,0.0,0.0,1.0
19,295,3.94026333243219,9.336891811394327,0.0,1.0,0.0,0.0,1.0,0.0
