0,0,5.991920184981807,11.958288615608046,0.0,0.0,1.0,1.0,1.0,0.0
1,0,7.061946938256038,3.956993901024216,0.0,0.0,1.0,0.0,0.0,0.0
2,0,4.954031431333628,11.017852893782456,1.0,0.0,0.0,1.0,1.0,1.0
3,0,9.939834066457294,6.988647463112482,0.0,0.0,0.0,0.0,1.0,1.0
4,0,0.980885103861562,5.058142844883513,1.0,0.0,1.0,0.0,1.0,1.0
5,0,2.9608175696028702,10.030975382515924,0.0,1.0,0.0,0.0,0.0,0.0
6,0,9.92473603040779,2.032091511462067,0.0,1.0,0.0,1.0,1.0,0.0
7,0,0.0,6.9733349340132005,0.0,1.0,0.0,1.0,0.0,0.0
8,0,12.0,0.9572429214794508,0.0,0.0,0.0,1.0,0.0,0.0
9,0,6.9951313326076665,6.06905883389467,1.0,0.0,1.0,0.0,0.0,1.0
10,0,3.0256747711362664,11.954928863411483,1.0,0.0,0.0,0.0,1.0,1.0
11,0,10.994835070595132,10.037270026122531,1.0,0.0,1.0,0.0,0.0,1.0
12,0,1.9705766566384657,2.9884992439576865,0.0,0.0,1.0,1.0,0.0,0.0
13,0,10.981831761789389,8.044940869691192,0.0,0.0,1.0,0.0,0.0,0.0
14,0,9.034527965154512,5.954282477210275,1.0,1.0,1.0,0.0,0.0,1.0
15,0,4.970555005504543,6.032167332815951,0.0,0.0,0.0,1.0,1.0,0.0
16,0,10.010335956417368,3.047397031251112,0.0,0.0,0.0,0.0,1.0,1.0
17,0,8.030739698022236,0.0,0.0,0.0,0.0,0.0,1.0,1.0
18,0,5.947497988986144,2.0079024872253486,0.0,1.0,0.0,0.0,0.0,1.0
19,0,11.988348102338003,9.009182986788154,0.0,1.0,0.0,0.0,1.0,0.0
0,5,5.98074477498016,11.903048418938624,0.0,0.0,1.0,1.0,1.0,0.0
1,5,7.106241733755736,3.927784492678446,0.0,0.0,1.0,0.0,0.0,0.0
2,5,4.905084481039159,11.037818319608078,1.0,0.0,0.0,1.0,1.0,1.0
3,5,9.88892028499522,6.979658500304045,0.0,0.0,0.0,0.0,1.0,1.0
4,5,0.9704566628392466,5.093860577397641,1.0,0.0,1.0,0.0,1.0,1.0
5,5,2.9089277543508323,10.074157402048272,0.0,1.0,0.0,0.0,0.0,0.0
6,5,9.856432888410694,2.0610237106148093,0.0,1.0,0.0,1.0,1.0,0.0
7,5,0.0,6.948141067276856,0.0,1.0,0.0,1.0,0.0,0.0
8,5,12.0,0.9303987329757584,0.0,0.0,0.0,1.0,0.0,0.0
9,5,6.991994756284464,6.148911062345239,1.0,0.0,1.0,0.0,0.0,1.0
10,5,3.0577589623946557,11.90066898328994,1.0,0.0,0.0,0.0,1.0,1.0
11,5,10.992216059045896,10.054254162157632,1.0,0.0,1.0,0.0,0.0,1.0
12,5,1.9233207327965955,2.969950740913472,0.0,0.0,1.0,1.0,0.0,0.0
13,5,10.962436809904824,8.090007860025814,0.0,0.0,1.0,0.0,0.0,0.0
14,5,9.07044093853769,5.907864383907589,1.0,1.0,1.0,0.0,0.0,1.0
15,5,4.946252919088128,6.057874728485551,0.0,0.0,0.0,1.0,1.0,0.0
16,5,10.020503325713284,3.092941729293208,0.0,0.0,0.0,0.0,1.0,1.0
17,5,8.070413351165765,0.0,0.0,0.0,0.0,0.0,1.0,1.0
18,5,5.873869623686311,2.0172205767141373,0.0,1.0,0.0,0.0,0.0,1.0
19,5,11.968765122340692,9.025019913068425,0.0,1.0,0.0,0.0,1.0,0.0
0,10,5.97455839969467,11.873808500908574,0.0,0.0,1.0,1.0,1.0,0.0
1,10,7.134485424030583,3.908114153547434,0.0,0.0,1.0,0.0,0.0,0.0
2,10,4.863067408051088,11.05366938988486,1.0,0.0,0.0,1.0,1.0,1.0
3,10,9.841874657691363,6.972659045005464,0.0,0.0,0.0,0.0,1.0,1.0
4,10,0.9554567743654284,5.146369830690717,1.0,0.0,1.0,0.0,1.0,1.0
5,10,2.84254253920861,10.1306471095574,0.0,1.0,0.0,0.0,0.0,0.0
6,10,9.80463611827106,2.0838757442424307,0.0,1.0,0.0,1.0,1.0,0.0
7,10,0.0,6.917894291442878,0.0,1.0,0.0,1.0,0.0,0.0
8,10,12.0,0.8904377965946276,0.0,0.0,0.0,1.0,0.0,0.0
9,10,6.989146110729281,6.222415091520463,1.0,0.0,1.0,0.0,0.0,1.0
10,10,3.094600077778274,11.840352986652722,1.0,0.0,0.0,0.0,1.0,1.0
11,10,10.988779800105656,10.08135373645472,1.0,0.0,1.0,0.0,0.0,1.0
12,10,1.858585702824956,2.946387130291747,0.0,0.0,1.0,1.0,0.0,0.0
13,10,10.953606488565358,8.112035498493915,0.0,0.0,1.0,0.0,0.0,0.0
14,10,9.09717149177132,5.873369890351201,1.0,1.0,1.0,0.0,0.0,1.0
15,10,4.949793354471135,6.05417913694585,0.0,0.0,0.0,1.0,1.0,0.0
16,10,10.032005607669223,3.1431581697065494,0.0,0.0,0.0,0.0,1.0,1.0
17,10,8.111885791239533,0.0,0.0,0.0,0.0,0.0,1.0,1.0
18,10,5.8121547059713725,2.022774203616187,0.0,1.0,0.0,0.0,0.0,1.0
19,10,11.939860645699572,9.04822695883018,0.0,1.0,0.0,0.0,1.0,0.0
0,15,5.976685580139747,11.883725359973234,0.0,0.0,1.0,1.0,1.0,0.0
1,15,7.17744790277207,3.8762887140694575,0.0,0.0,1.0,0.0,0.0,0.0
2,15,4.814470234951973,11.07181582658586,1.0,0.0,0.0,1.0,1.0,1.0
3,15,9.788044837386336,6.965841424190546,0.0,0.0,0.0,0.0,1.0,1.0
4,15,0.9383534571367268,5.20715832429308,1.0,0.0,1.0,0.0,1.0,1.0
5,15,2.7838799203801865,10.181687936795178,0.0,1.0,0.0,0.0,0.0,0.0
6,15,9.748850636768871,2.10942267020229,0.0,1.0,0.0,1.0,1.0,0.0
7,15,0.0,6.882461870665907,0.0,1.0,0.0,1.0,0.0,0.0
8,15,12.0,0.860781188367145,0.0,0.0,0.0,1.0,0.0,0.0
9,15,6.984619588715951,6.303113180446955,1.0,0.0,1.0,0.0,0.0,1.0
10,15,3.1393411853048696,11.769062337019571,1.0,0.0,0.0,0.0,1.0,1.0
11,15,10.98592486305556,10.101698685602694,1.0,0.0,1.0,0.0,0.0,1.0
12,15,1.776058622756868,2.9163126904772176,0.0,0.0,1.0,1.0,0.0,0.0
13,15,10.945606234544188,8.133159260757017,0.0,0.0,1.0,0.0,0.0,0.0
14,15,9.12641862724517,5.834134406581675,1.0,1.0,1.0,0.0,0.0,1.0
15,15,4.95147298894003,6.052382424243381,0.0,0.0,0.0,1.0,1.0,0.0
16,15,10.044058941095102,3.197380915606642,0.0,0.0,0.0,0.0,1.0,1.0
17,15,8.16078993613186,0.0,0.0,0.0,0.0,0.0,1.0,1.0
18,15,5.760268462350047,2.0270144668993337,0.0,1.0,0.0,0.0,0.0,1.0
19,15,11.896181439422946,9.082423499651016,0.0,1.0,0.0,0.0,1.0,0.0
0,20,5.978961458113978,11.894467812249172,0.0,0.0,1.0,1.0,1.0,0.0
1,20,7.233250029332421,3.836121851602102,0.0,0.0,1.0,0.0,0.0,0.0
2,20,4.750814036290717,11.095622898595364,1.0,0.0,0.0,1.0,1.0,1.0
3,20,9.734300857147684,6.95825166553193,0.0,0.0,0.0,0.0,1.0,1.0
4,20,0.9287278513160588,5.237445791309229,1.0,0.0,1.0,0.0,1.0,1.0
5,20,2.722624083208606,10.234163050091317,0.0,1.0,0.0,0.0,0.0,0.0
6,20,9.696759163991011,2.1324331554654505,0.0,1.0,0.0,1.0,1.0,0.0
7,20,0.0,6.847150095646537,0.0,1.0,0.0,1.0,0.0,0.0
8,20,12.0,0.845466067142642,0.0,0.0,0.0,1.0,0.0,0.0
9,20,6.978624195687352,6.415051860853913,1.0,0.0,1.0,0.0,0.0,1.0
10,20,3.184290181110822,11.704047510419764,1.0,0.0,0.0,0.0,1.0,1.0
11,20,10.986981518808491,10.095271221053594,1.0,0.0,1.0,0.0,0.0,1.0
12,20,1.697365624391918,2.8882825707977235,0.0,0.0,1.0,1.0,0.0,0.0
13,20,10.940775068112366,8.14492354605851,0.0,0.0,1.0,0.0,0.0,0.0
14,20,9.154248670316976,5.798167569627471,1.0,1.0,1.0,0.0,0.0,1.0
15,20,4.951572953775874,6.052271777424534,0.0,0.0,0.0,1.0,1.0,0.0
16,20,10.057629541448732,3.2601848101978845,0.0,0.0,0.0,0.0,1.0,1.0
17,20,8.214165005228049,0.0,0.0,0.0,0.0,0.0,1.0,1.0
18,20,5.714368499514822,2.030960390146399,0.0,1.0,0.0,0.0,0.0,1.0
19,20,11.846533225840638,9.123733614403564,0.0,1.0,0.0,0.0,1.0,0.0
0,25,5.979764478652999,11.898081388719724,0.0,0.0,1.0,1.0,1.0,0.0
1,25,7.294863532787999,3.793368319081317,0.0,0.0,1.0,0.0,0.0,0.0
2,25,4.673686537324723,11.123927266040385,1.0,0.0,0.0,1.0,1.0,1.0
3,25,9.68949342072354,6.951956922679024,0.0,0.0,0.0,0.0,1.0,1.0
4,25,0.9699588845474362,5.250706753164006,1.0,0.0,1.0,0.0,1.0,1.0
5,25,2.6648420258908785,10.283580153071188,0.0,1.0,0.0,0.0,0.0,0.0
6,25,9.65393299072141,2.151356415550284,0.0,1.0,0.0,1.0,1.0,0.0
7,25,0.0,6.823271971020425,0.0,1.0,0.0,1.0,0.0,0.0
8,25,11.996593047685211,0.8592136473738599,0.0,0.0,0.0,1.0,0.0,0.0
9,25,6.968400290746496,6.523933264168543,1.0,0.0,1.0,0.0,0.0,1.0
10,25,3.2370190057739823,11.628860761770824,1.0,0.0,0.0,0.0,1.0,1.0
11,25,10.987249007690169,10.093547514176672,1.0,0.0,1.0,0.0,0.0,1.0
12,25,1.6122948644717408,2.858667948463796,0.0,0.0,1.0,1.0,0.0,0.0
13,25,10.93304994210284,8.163410298308177,0.0,0.0,1.0,0.0,0.0,0.0
14,25,9.191797619459008,5.7494157253585625,1.0,1.0,1.0,0.0,0.0,1.0
15,25,4.949079344267118,6.055043782902502,0.0,0.0,0.0,1.0,1.0,0.0
16,25,10.07140290591334,3.324157970262543,0.0,0.0,0.0,0.0,1.0,1.0
17,25,8.261596185944459,0.0,0.0,0.0,0.0,0.0,1.0,1.0
18,25,5.649590270193291,2.0358461073907685,0.0,1.0,0.0,0.0,0.0,1.0
19,25,11.81042799571454,9.153283327893,0.0,1.0,0.0,0.0,1.0,0.0
0,30,5.979971356836069,11.899017019387816,0.0,0.0,1.0,1.0,1.0,0.0
1,30,7.364670395896339,3.7437748386065306,0.0,0.0,1.0,0.0,0.0,0.0
2,30,4.6156825877173295,11.14495519436046,1.0,0.0,0.0,1.0,1.0,1.0
3,30,9.648212821484062,6.945307220558952,0.0,0.0,0.0,0.0,1.0,1.0
4,30,1.017680330269208,5.266727647370191,1.0,0.0,1.0,0.0,1.0,1.0
5,30,2.615608774837942,10.327569707552282,0.0,1.0,0.0,0.0,0.0,0.0
6,30,9.628491313988864,2.162027579564231,0.0,1.0,0.0,1.0,1.0,0.0
7,30,0.0,6.792741477212105,0.0,1.0,0.0,1.0,0.0,0.0
8,30,11.994194754968388,0.8685726359757421,0.0,0.0,0.0,1.0,0.0,0.0
9,30,6.961378223827004,6.613832803667432,1.0,0.0,1.0,0.0,0.0,1.0
10,30,3.2804661535521555,11.567584471973824,1.0,0.0,0.0,0.0,1.0,1.0
11,30,10.9871809500234,10.093973051671052,1.0,0.0,1.0,0.0,0.0,1.0
12,30,1.5150642763809905,2.826397401091758,0.0,0.0,1.0,1.0,0.0,0.0
13,30,10.917466444480477,8.200272345155664,0.0,0.0,1.0,0.0,0.0,0.0
14,30,9.221808224780087,5.706442956566593,1.0,1.0,1.0,0.0,0.0,1.0
15,30,4.95449826785189,6.048790547182529,0.0,0.0,0.0,1.0,1.0,0.0
16,30,10.08780298082506,3.391602349385383,0.0,0.0,0.0,0.0,1.0,1.0
17,30,8.329056622844824,0.0,0.0,0.0,0.0,0.0,1.0,1.0
18,30,5.592144338470925,2.0395719120691624,0.0,1.0,0.0,0.0,0.0,1.0
19,30,11.764360747686728,9.19164012016399,0.0,1.0,0.0,0.0,1.0,0.0
0,35,5.9760446513274434,11.878528107913375,0.0,0.0,1.0,1.0,1.0,0.0
1,35,7.4389646754771555,3.6871839807545994,0.0,0.0,1.0,0.0,0.0,0.0
2,35,4.544786939394787,11.170537208625015,1.0,0.0,0.0,1.0,1.0,1.0
3,35,9.59008227971762,6.933941761216608,0.0,0.0,0.0,0.0,1.0,1.0
4,35,1.0607308971161316,5.280966122339717,1.0,0.0,1.0,0.0,1.0,1.0
5,35,2.5679761857577,10.369940966460334,0.0,1.0,0.0,0.0,0.0,0.0
6,35,9.599456432765487,2.1749532691872653,0.0,1.0,0.0,1.0,1.0,0.0
7,35,0.0,6.765628346891829,0.0,1.0,0.0,1.0,0.0,0.0
8,35,11.993362416127386,0.8721899886746548,0.0,0.0,0.0,1.0,0.0,0.0
9,35,6.954127237278987,6.694164973645495,1.0,0.0,1.0,0.0,0.0,1.0
10,35,3.3140831736130933,11.52067999333438,1.0,0.0,0.0,0.0,1.0,1.0
11,35,10.98677790472236,10.096211357017426,1.0,0.0,1.0,0.0,0.0,1.0
12,35,1.4081668317930849,2.791446214374381,0.0,0.0,1.0,1.0,0.0,0.0
13,35,10.899080864550491,8.242866433626721,0.0,0.0,1.0,0.0,0.0,0.0
14,35,9.256685509457483,5.653084927363018,1.0,1.0,1.0,0.0,0.0,1.0
15,35,4.955274024711614,6.047895054634821,0.0,0.0,0.0,1.0,1.0,0.0
16,35,10.102710397218962,3.4532412222346665,0.0,0.0,0.0,0.0,1.0,1.0
17,35,8.399961292361864,0.0,0.0,0.0,0.0,0.0,1.0,1.0
18,35,5.544207954414355,2.0425698446419727,0.0,1.0,0.0,0.0,0.0,1.0
19,35,11.736035998384468,9.216377713583576,0.0,1.0,0.0,0.0,1.0,0.0
0,40,5.969278917750577,11.842002906205382,0.0,0.0,1.0,1.0,1.0,0.0
1,40,7.502155852899375,3.639526545602802,0.0,0.0,1.0,0.0,0.0,0.0
2,40,4.477158450517605,11.193534896185104,1.0,0.0,0.0,1.0,1.0,1.0
3,40,9.51636507448566,6.919658203883481,0.0,0.0,0.0,0.0,1.0,1.0
4,40,1.0882827396435129,5.290536149438527,1.0,0.0,1.0,0.0,1.0,1.0
5,40,2.505624515165275,10.428493701891885,0.0,1.0,0.0,0.0,0.0,0.0
6,40,9.569522889192625,2.1883329051835347,0.0,1.0,0.0,1.0,1.0,0.0
7,40,0.0264367660387623,6.7148781869205285,0.0,1.0,0.0,1.0,0.0,0.0
8,40,11.993563153553271,0.8712889487974924,0.0,0.0,0.0,1.0,0.0,0.0
9,40,6.944670888134183,6.779033620874079,1.0,0.0,1.0,0.0,0.0,1.0
10,40,3.354321228769193,11.46368897557822,1.0,0.0,0.0,0.0,1.0,1.0
11,40,10.985479487019347,10.103690528718802,1.0,0.0,1.0,0.0,0.0,1.0
12,40,1.4407778936556492,2.680766803179404,0.0,0.0,1.0,1.0,0.0,0.0
13,40,10.881934443174108,8.282282394486465,0.0,0.0,1.0,0.0,0.0,0.0
14,40,9.31119073880368,5.56794437578264,1.0,1.0,1.0,0.0,0.0,1.0
15,40,4.970720364091505,6.030530568437498,0.0,0.0,0.0,1.0,1.0,0.0
16,40,10.113822149447344,3.503787481709785,0.0,0.0,0.0,0.0,1.0,1.0
17,40,8.478081778816575,0.0,0.0,0.0,0.0,0.0,1.0,1.0
18,40,5.516668399634624,2.044146791367144,0.0,1.0,0.0,0.0,0.0,1.0
19,40,11.717352277253976,9.233078324634366,0.0,1.0,0.0,0.0,1.0,0.0
0,45,5.964177360651931,11.815038784397574,0.0,0.0,1.0,1.0,1.0,0.0
1,45,7.556189665930321,3.598779123345808,0.0,0.0,1.0,0.0,0.0,0.0
2,45,4.397896231271054,11.220825415933048,1.0,0.0,0.0,1.0,1.0,1.0
3,45,9.430465508597292,6.9021163530668135,0.0,0.0,0.0,0.0,1.0,1.0
4,45,1.1029745306923024,5.295290828658947,1.0,0.0,1.0,0.0,1.0,1.0
5,45,2.436646945227621,10.491287447061168,0.0,1.0,0.0,0.0,0.0,0.0
6,45,9.539394748553152,2.202253841562127,0.0,1.0,0.0,1.0,1.0,0.0
7,45,0.0534573439164685,6.66141888050206,0.0,1.0,0.0,1.0,0.0,0.0
8,45,11.997945873068458,0.8524520876505128,0.0,0.0,0.0,1.0,0.0,0.0
9,45,6.93504456548512,6.8582068492536985,1.0,0.0,1.0,0.0,0.0,1.0
10,45,3.392912886478024,11.410356503585254,1.0,0.0,0.0,0.0,1.0,1.0
11,45,10.986517543530711,10.097642470539435,1.0,0.0,1.0,0.0,0.0,1.0
12,45,1.4797697292341094,2.5540882799109803,0.0,0.0,1.0,1.0,0.0,0.0
13,45,10.864409951154045,8.319669925491272,0.0,0.0,1.0,0.0,0.0,0.0
14,45,9.358247757845543,5.495238441594944,1.0,1.0,1.0,0.0,0.0,1.0
15,45,4.986128423396821,6.012415988549448,0.0,0.0,0.0,1.0,1.0,0.0
16,45,10.124082118198206,3.556120663560653,0.0,0.0,0.0,0.0,1.0,1.0
17,45,8.329001427361947,0.0,0.0,0.0,0.0,0.0,1.0,1.0
18,45,5.489766837998418,2.0459307315724704,0.0,1.0,0.0,0.0,0.0,1.0
19,45,11.690838614772462,9.256799665532242,0.0,1.0,0.0,0.0,1.0,0.0
0,50,5.9595449634468585,11.792260634124936,0.0,0.0,1.0,1.0,1.0,0.0
1,50,7.598917461379928,3.5674378655955943,0.0,0.0,1.0,0.0,0.0,0.0
2,50,4.322980929143999,11.244084394973155,1.0,0.0,0.0,1.0,1.0,1.0
3,50,9.346169493842163,6.888579487125964,0.0,0.0,0.0,0.0,1.0,1.0
4,50,1.1154455197172892,5.299190567282263,1.0,0.0,1.0,0.0,1.0,1.0
5,50,2.374838886727748,10.549738162600658,0.0,1.0,0.0,0.0,0.0,0.0
6,50,9.511224982724,2.215579008822808,0.0,1.0,0.0,1.0,1.0,0.0
7,50,0.0845215735115931,6.6006713496574925,0.0,1.0,0.0,1.0,0.0,0.0
8,50,12.0,0.8383313319073099,0.0,0.0,0.0,1.0,0.0,0.0
9,50,6.92611611101041,6.932935077450441,1.0,0.0,1.0,0.0,0.0,1.0
10,50,3.4416272985796823,11.339721776414946,1.0,0.0,0.0,0.0,1.0,1.0
11,50,10.987311460282005,10.093425301124658,1.0,0.0,1.0,0.0,0.0,1.0
12,50,1.5165992237031924,2.439038225300012,0.0,0.0,1.0,1.0,0.0,0.0
13,50,10.858318903001903,8.332666587973952,0.0,0.0,1.0,0.0,0.0,0.0
14,50,9.399650667012162,5.435179835000474,1.0,1.0,1.0,0.0,0.0,1.0
15,50,5.013412836267476,5.980601065507346,0.0,0.0,0.0,1.0,1.0,0.0
16,50,10.07784622699528,3.56626113665991,0.0,0.0,0.0,0.0,1.0,1.0
17,50,8.18316495419453,0.0,0.0,0.0,0.0,0.0,1.0,1.0
18,50,5.463691278452411,2.047364682605761,0.0,1.0,0.0,0.0,0.0,1.0
19,50,11.647580592502544,9.292592961095869,0.0,1.0,0.0,0.0,1.0,0.0
0,55,5.946635424273112,11.733447453370736,0.0,0.0,1.0,1.0,1.0,0.0
1,55,7.637713507448904,3.540048617893903,0.0,0.0,1.0,0.0,0.0,0.0
2,55,4.248362252315535,11.268185883612498,1.0,0.0,0.0,1.0,1.0,1.0
3,55,9.26735144527926,6.87472260726031,0.0,0.0,0.0,0.0,1.0,1.0
4,55,1.0996215834295902,5.294309235932,1.0,0.0,1.0,0.0,1.0,1.0
5,55,2.308197300931917,10.61051580065901,0.0,1.0,0.0,0.0,0.0,0.0
6,55,9.488047389596362,2.226154726670179,0.0,1.0,0.0,1.0,1.0,0.0
7,55,0.1184732701195642,6.535961544014728,0.0,1.0,0.0,1.0,0.0,0.0
8,55,12.0,0.8209729256958722,0.0,0.0,0.0,1.0,0.0,0.0
9,55,6.9174284098458685,7.021302496967915,1.0,0.0,1.0,0.0,0.0,1.0
10,55,3.47913901376961,11.284551152081145,1.0,0.0,0.0,0.0,1.0,1.0
11,55,10.987982282331858,10.08991339767933,1.0,0.0,1.0,0.0,0.0,1.0
12,55,1.5583669007124668,2.3102008897133333,0.0,0.0,1.0,1.0,0.0,0.0
13,55,10.848781640660766,8.35443370550036,0.0,0.0,1.0,0.0,0.0,0.0
14,55,9.454707448727971,5.355267486396071,1.0,1.0,1.0,0.0,0.0,1.0
15,55,5.034700512655995,5.957061176797195,0.0,0.0,0.0,1.0,1.0,0.0
16,55,10.028434791716752,3.577581144874593,0.0,0.0,0.0,0.0,1.0,1.0
17,55,8.028657315448811,0.0,0.0,0.0,0.0,0.0,1.0,1.0
18,55,5.432278263056412,2.048515423149088,0.0,1.0,0.0,0.0,0.0,1.0
19,55,11.585601608550164,9.342337879840349,0.0,1.0,0.0,0.0,1.0,0.0
0,60,5.93495035985842,11.684602131287264,0.0,0.0,1.0,1.0,1.0,0.0
1,60,7.67369248349342,3.5156336557483754,0.0,0.0,1.0,0.0,0.0,0.0
2,60,4.131374206966923,11.301323565126298,1.0,0.0,0.0,1.0,1.0,1.0
3,60,9.184574934165704,6.859312288200217,0.0,0.0,0.0,0.0,1.0,1.0
4,60,1.0878888040406665,5.290642555156195,1.0,0.0,1.0,0.0,1.0,1.0
5,60,2.232570254563583,10.679823128541438,0.0,1.0,0.0,0.0,0.0,0.0
6,60,9.46647683956308,2.2366199370505737,0.0,1.0,0.0,1.0,1.0,0.0
7,60,0.1514176521565701,6.471778586841852,0.0,1.0,0.0,1.0,0.0,0.0
8,60,12.0,0.8151494088730088,0.0,0.0,0.0,1.0,0.0,0.0
9,60,6.9082595455538485,7.109123865322951,1.0,0.0,1.0,0.0,0.0,1.0
10,60,3.517953077269904,11.226872770547656,1.0,0.0,0.0,0.0,1.0,1.0
11,60,10.988133238635095,10.089143491527269,1.0,0.0,1.0,0.0,0.0,1.0
12,60,1.608320037631097,2.152019586012991,0.0,0.0,1.0,1.0,0.0,0.0
13,60,10.84924812232378,8.353373877007542,0.0,0.0,1.0,0.0,0.0,0.0
14,60,9.518514537474289,5.261336003726552,1.0,1.0,1.0,0.0,0.0,1.0
15,60,5.072147613810951,5.914973678811236,0.0,0.0,0.0,1.0,1.0,0.0
16,60,9.963596921174524,3.5911754732591854,0.0,0.0,0.0,0.0,1.0,1.0
17,60,7.872054632545868,0.0,0.0,0.0,0.0,0.0,1.0,1.0
18,60,5.403433725655665,2.049851135445368,0.0,1.0,0.0,0.0,0.0,1.0
19,60,11.51861765297031,9.393433921292855,0.0,1.0,0.0,0.0,1.0,0.0
0,65,5.923243291972325,11.633512673824406,0.0,0.0,1.0,1.0,1.0,0.0
1,65,7.705606224069041,3.494033196482268,0.0,0.0,1.0,0.0,0.0,0.0
2,65,4.008535905834148,11.339645923375588,1.0,0.0,0.0,1.0,1.0,1.0
3,65,9.0888729221403,6.841243632263568,0.0,0.0,0.0,0.0,1.0,1.0
4,65,1.0649748688070266,5.282781062877344,1.0,0.0,1.0,0.0,1.0,1.0
5,65,2.1558153250405776,10.75046870764896,0.0,1.0,0.0,0.0,0.0,0.0
6,65,9.441987332302295,2.2485596700503927,0.0,1.0,0.0,1.0,1.0,0.0
7,65,0.1805513273325609,6.414958631152444,0.0,1.0,0.0,1.0,0.0,0.0
8,65,12.0,0.7966050812098655,0.0,0.0,0.0,1.0,0.0,0.0
9,65,6.896610304295414,7.219556897424595,1.0,0.0,1.0,0.0,0.0,1.0
10,65,3.5625344070707388,11.160216595303297,1.0,0.0,0.0,0.0,1.0,1.0
11,65,10.98806240791006,10.089455022147042,1.0,0.0,1.0,0.0,0.0,1.0
12,65,1.650945222718913,1.9979643099732756,0.0,0.0,1.0,1.0,0.0,0.0
13,65,10.850878862973612,8.349954719707597,0.0,0.0,1.0,0.0,0.0,0.0
14,65,9.590787147458723,5.15745645334589,1.0,1.0,1.0,0.0,0.0,1.0
15,65,5.110075278280879,5.872614603978303,0.0,0.0,0.0,1.0,1.0,0.0
16,65,9.90653311669648,3.6031586981724897,0.0,0.0,0.0,0.0,1.0,1.0
17,65,7.722252391231122,0.0,0.0,0.0,0.0,0.0,1.0,1.0
18,65,5.38557158926277,2.0507507068628383,0.0,1.0,0.0,0.0,0.0,1.0
19,65,11.432017752129653,9.458878233802947,0.0,1.0,0.0,0.0,1.0,0.0
0,70,5.902017300900352,11.551742589339868,0.0,0.0,1.0,1.0,1.0,0.0
1,70,7.737315138063171,3.472766096784004,0.0,0.0,1.0,0.0,0.0,0.0
2,70,3.8840290219419824,11.382187409234623,1.0,0.0,0.0,1.0,1.0,1.0
3,70,9.005423537699661,6.825032446130706,0.0,0.0,0.0,0.0,1.0,1.0
4,70,1.013314098421447,5.26523403771909,1.0,0.0,1.0,0.0,1.0,1.0
5,70,2.0654900509684064,10.83293194732413,0.0,1.0,0.0,0.0,0.0,0.0
6,70,9.404811961381707,2.266148163301158,0.0,1.0,0.0,1.0,1.0,0.0
7,70,0.2116546584438964,6.35820655789149,0.0,1.0,0.0,1.0,0.0,0.0
8,70,12.0,0.7837131553352154,0.0,0.0,0.0,1.0,0.0,0.0
9,70,6.882259056625566,7.347589341135011,1.0,0.0,1.0,0.0,0.0,1.0
10,70,3.605349247136049,11.09744245245884,1.0,0.0,0.0,0.0,1.0,1.0
11,70,10.98477166977575,10.104745506106292,1.0,0.0,1.0,0.0,0.0,1.0
12,70,1.6950264643996955,1.822156486360547,0.0,0.0,1.0,1.0,0.0,0.0
13,70,10.856645239886218,8.337210666121571,0.0,0.0,1.0,0.0,0.0,0.0
14,70,9.669450657950316,5.038026190981076,1.0,1.0,1.0,0.0,0.0,1.0
15,70,5.140832897372204,5.839203235806449,0.0,0.0,0.0,1.0,1.0,0.0
16,70,9.853686411228562,3.613590620431575,0.0,0.0,0.0,0.0,1.0,1.0
17,70,7.58873519783972,0.0,0.0,0.0,0.0,0.0,1.0,1.0
18,70,5.393183345841921,2.0504798440161336,0.0,1.0,0.0,0.0,0.0,1.0
19,70,11.35247987192363,9.520838495911562,0.0,1.0,0.0,0.0,1.0,0.0
0,75,5.881026569577435,11.48044638527123,0.0,0.0,1.0,1.0,1.0,0.0
1,75,7.756571560225163,3.460006364881483,0.0,0.0,1.0,0.0,0.0,0.0
2,75,3.758815963002956,11.421413965264188,1.0,0.0,0.0,1.0,1.0,1.0
3,75,8.952984476512304,6.815522262229775,0.0,0.0,0.0,0.0,1.0,1.0
4,75,0.9749449577418644,5.250279466548212,1.0,0.0,1.0,0.0,1.0,1.0
5,75,1.971914086978617,10.916899615024407,0.0,1.0,0.0,0.0,0.0,0.0
6,75,9.39138826681373,2.2719872221159965,0.0,1.0,0.0,1.0,1.0,0.0
7,75,0.2473852731927402,6.291647910707712,0.0,1.0,0.0,1.0,0.0,0.0
8,75,12.0,0.7733993969002497,0.0,0.0,0.0,1.0,0.0,0.0
9,75,6.869007011256588,7.469392433482169,1.0,0.0,1.0,0.0,0.0,1.0
10,75,3.6532109578657623,11.03112893335764,1.0,0.0,0.0,0.0,1.0,1.0
11,75,10.98837221128547,10.087885110924075,1.0,0.0,1.0,0.0,0.0,1.0
12,75,1.7370717278005177,1.6494148719741013,0.0,0.0,1.0,1.0,0.0,0.0
13,75,10.860898672495876,8.328162003043571,0.0,0.0,1.0,0.0,0.0,0.0
14,75,9.740014085287656,4.925621296891919,1.0,1.0,1.0,0.0,0.0,1.0
15,75,5.175551935803017,5.799388719537593,0.0,0.0,0.0,1.0,1.0,0.0
16,75,9.794165014590575,3.6245666502588105,0.0,0.0,0.0,0.0,1.0,1.0
17,75,7.44012189808694,0.0,0.0,0.0,0.0,0.0,1.0,1.0
18,75,5.388557690032995,2.0506605999429484,0.0,1.0,0.0,0.0,0.0,1.0
19,75,11.284557211405712,9.575823118529552,0.0,1.0,0.0,0.0,1.0,0.0
0,80,5.855057061703625,11.385190988408334,0.0,0.0,1.0,1.0,1.0,0.0
1,80,7.777795665711882,3.4458215811821185,0.0,0.0,1.0,0.0,0.0,0.0
2,80,3.650658505860573,11.455799492595444,1.0,0.0,0.0,1.0,1.0,1.0
3,80,8.888958460789853,6.80552836041595,0.0,0.0,0.0,0.0,1.0,1.0
4,80,0.9365253085869856,5.236668524792577,1.0,0.0,1.0,0.0,1.0,1.0
5,80,1.8767823637130416,10.997692824091096,0.0,1.0,0.0,0.0,0.0,0.0
6,80,9.35825608131254,2.286331395155906,0.0,1.0,0.0,1.0,1.0,0.0
7,80,0.2798281151401903,6.228357422342572,0.0,1.0,0.0,1.0,0.0,0.0
8,80,12.0,0.771263425434922,0.0,0.0,0.0,1.0,0.0,0.0
9,80,6.8584790999690375,7.578634348024144,1.0,0.0,1.0,0.0,0.0,1.0
10,80,3.692352423797672,10.976429187865005,1.0,0.0,0.0,0.0,1.0,1.0
11,80,10.992243994451137,10.068145296715304,1.0,0.0,1.0,0.0,0.0,1.0
12,80,1.7855721256409922,1.4525221708605185,0.0,0.0,1.0,1.0,0.0,0.0
13,80,10.860901688258192,8.32815519098892,0.0,0.0,1.0,0.0,0.0,0.0
14,80,9.805423033945472,4.817307035154551,1.0,1.0,1.0,0.0,0.0,1.0
15,80,5.216081527040809,5.7524254270185455,0.0,0.0,0.0,1.0,1.0,0.0
16,80,9.748534392374358,3.632307299376808,0.0,0.0,0.0,0.0,1.0,1.0
17,80,7.293982475827009,0.0,0.0,0.0,0.0,0.0,1.0,1.0
18,80,5.391613713525108,2.050495001332705,0.0,1.0,0.0,0.0,0.0,1.0
19,80,11.21995746192436,9.626428067191178,0.0,1.0,0.0,0.0,1.0,0.0
0,85,5.837079399991686,11.301210358151003,0.0,0.0,1.0,1.0,1.0,0.0
1,85,7.804851523868976,3.4289192003992723,0.0,0.0,1.0,0.0,0.0,0.0
2,85,3.5362071783896,11.491563355622969,1.0,0.0,0.0,1.0,1.0,1.0
3,85,8.813437351177024,6.796180755964395,0.0,0.0,0.0,0.0,1.0,1.0
4,85,0.8870617757150782,5.2187850834738425,1.0,0.0,1.0,0.0,1.0,1.0
5,85,1.7839331227776347,11.080308041721214,0.0,1.0,0.0,0.0,0.0,0.0
6,85,9.34103778236829,2.293666194697052,0.0,1.0,0.0,1.0,1.0,0.0
7,85,0.3142858144331522,6.16812394020528,0.0,1.0,0.0,1.0,0.0,0.0
8,85,12.0,0.767397915018214,0.0,0.0,0.0,1.0,0.0,0.0
9,85,6.846222038986406,7.687415951962818,1.0,0.0,1.0,0.0,0.0,1.0
10,85,3.731638092606932,10.921507272734074,1.0,0.0,0.0,0.0,1.0,1.0
11,85,10.997308869366696,10.045730309690107,1.0,0.0,1.0,0.0,0.0,1.0
12,85,1.8385667296920056,1.2328129957042329,0.0,0.0,1.0,1.0,0.0,0.0
13,85,10.861306686993505,8.327219225751643,0.0,0.0,1.0,0.0,0.0,0.0
14,85,9.87239984053571,4.707296956268499,1.0,1.0,1.0,0.0,0.0,1.0
15,85,5.265563315526583,5.6944115464155285,0.0,0.0,0.0,1.0,1.0,0.0
16,85,9.67389984321195,3.6427121295007145,0.0,0.0,0.0,0.0,1.0,1.0
17,85,7.136993203968847,0.0,0.0,0.0,0.0,0.0,1.0,1.0
18,85,5.396141579811845,2.050233397783204,0.0,1.0,0.0,0.0,0.0,1.0
19,85,11.138777027492209,9.692291095099018,0.0,1.0,0.0,0.0,1.0,0.0
0,90,5.8138136621986,11.204423792373872,0.0,0.0,1.0,1.0,1.0,0.0
1,90,7.841662788361012,3.4063282351114776,0.0,0.0,1.0,0.0,0.0,0.0
2,90,3.413521065193188,11.5281398080561,1.0,0.0,0.0,1.0,1.0,1.0
3,90,8.744761628081825,6.787468808953474,0.0,0.0,0.0,0.0,1.0,1.0
4,90,0.8447935297288802,5.203154619200508,1.0,0.0,1.0,0.0,1.0,1.0
5,90,1.7128113200726247,11.147666848845011,0.0,1.0,0.0,0.0,0.0,0.0
6,90,9.30632091298159,2.308018070271478,0.0,1.0,0.0,1.0,1.0,0.0
7,90,0.348217751571515,6.104777580657017,0.0,1.0,0.0,1.0,0.0,0.0
8,90,11.9980774321914,0.7765443264148734,0.0,0.0,0.0,1.0,0.0,0.0
9,90,6.835897505442376,7.789784895756174,1.0,0.0,1.0,0.0,0.0,1.0
10,90,3.773995658764314,10.864021432978255,1.0,0.0,0.0,0.0,1.0,1.0
11,90,11.004268792111572,10.013951541288549,1.0,0.0,1.0,0.0,0.0,1.0
12,90,1.892806643191483,0.9981122839969242,0.0,0.0,1.0,1.0,0.0,0.0
13,90,10.85847475897887,8.33353775531261,0.0,0.0,1.0,0.0,0.0,0.0
14,90,9.929509616446117,4.616850688478167,1.0,1.0,1.0,0.0,0.0,1.0
15,90,5.328018824450801,5.61966083144874,0.0,0.0,0.0,1.0,1.0,0.0
16,90,9.591304174796914,3.6525171996161343,0.0,0.0,0.0,0.0,1.0,1.0
17,90,7.004658516578738,0.0,0.0,0.0,0.0,0.0,1.0,1.0
18,90,5.408217143902668,2.0494978050530976,0.0,1.0,0.0,0.0,0.0,1.0
19,90,11.058407213693195,9.760251311927869,0.0,1.0,0.0,0.0,1.0,0.0
0,95,5.79383219047295,11.118349751929085,0.0,0.0,1.0,1.0,1.0,0.0
1,95,7.883586118195798,3.3823952441078786,0.0,0.0,1.0,0.0,0.0,0.0
2,95,3.2834189790306656,11.568134128485111,1.0,0.0,0.0,1.0,1.0,1.0
3,95,8.663379980265136,6.776265183133291,0.0,0.0,0.0,0.0,1.0,1.0
4,95,0.7879738901136619,5.183597712296612,1.0,0.0,1.0,0.0,1.0,1.0
5,95,1.6438699057493371,11.21482236435858,0.0,1.0,0.0,0.0,0.0,0.0
6,95,9.268049384132093,2.323927935185072,0.0,1.0,0.0,1.0,1.0,0.0
7,95,0.3808070744746935,6.039806536215612,0.0,1.0,0.0,1.0,0.0,0.0
8,95,11.996268099311909,0.7858038001088725,0.0,0.0,0.0,1.0,0.0,0.0
9,95,6.823797072709726,7.905803167645849,1.0,0.0,1.0,0.0,0.0,1.0
10,95,3.814416560105408,10.806932883524189,1.0,0.0,0.0,0.0,1.0,1.0
11,95,11.011261361283813,9.982428263840408,1.0,0.0,1.0,0.0,0.0,1.0
12,95,1.9470859493876411,0.7642626595412357,0.0,0.0,1.0,1.0,0.0,0.0
13,95,10.84395688893012,8.3667900252385,0.0,0.0,1.0,0.0,0.0,0.0
14,95,9.983465324719065,4.534747172037357,1.0,1.0,1.0,0.0,0.0,1.0
15,95,5.382238796325269,5.553878220665978,0.0,0.0,0.0,1.0,1.0,0.0
16,95,9.522202030335524,3.660474830124448,0.0,0.0,0.0,0.0,1.0,1.0
17,95,6.87295312242147,0.0,0.0,0.0,0.0,0.0,1.0,1.0
18,95,5.420939254471056,2.0486787926359638,0.0,1.0,0.0,0.0,0.0,1.0
19,95,10.983345094081464,9.831067678327118,0.0,1.0,0.0,0.0,1.0,0.0
0,100,5.76965424147527,11.019557743044976,0.0,0.0,1.0,1.0,1.0,0.0
1,100,7.926738067829113,3.35907922967282,0.0,0.0,1.0,0.0,0.0,0.0
2,100,3.147206193165885,11.609778235606685,1.0,0.0,0.0,1.0,1.0,1.0
3,100,8.573853678272418,6.7631388894167,0.0,0.0,0.0,0.0,1.0,1.0
4,100,0.7304073204520083,5.163220594571194,1.0,0.0,1.0,0.0,1.0,1.0
5,100,1.5863002010116496,11.267949481101065,0.0,1.0,0.0,0.0,0.0,0.0
6,100,9.22162520196506,2.343951250986477,0.0,1.0,0.0,1.0,1.0,0.0
7,100,0.4387164226692632,6.06989522243035,0.0,1.0,0.0,1.0,0.0,0.0
8,100,11.995024735054884,0.7916605350949485,0.0,0.0,0.0,1.0,0.0,0.0
9,100,6.809550225831326,8.011232388440098,1.0,0.0,1.0,0.0,0.0,1.0
10,100,3.7604664079350094,10.768561606118208,1.0,0.0,0.0,0.0,1.0,1.0
11,100,11.017173444479198,9.952794430989917,1.0,0.0,1.0,0.0,0.0,1.0
12,100,2.002980889913635,0.5140499436039285,0.0,0.0,1.0,1.0,0.0,0.0
13,100,10.82116074228509,8.418865086578197,0.0,0.0,1.0,0.0,0.0,0.0
14,100,10.042709519414382,4.44358192950927,1.0,1.0,1.0,0.0,0.0,1.0
15,100,5.432158445914673,5.494667351726855,0.0,0.0,0.0,1.0,1.0,0.0
16,100,9.439335065392257,3.67118313252168,0.0,0.0,0.0,0.0,1.0,1.0
17,100,6.726971151383259,0.0,0.0,0.0,0.0,0.0,1.0,1.0
18,100,5.434749938384455,2.0480576367693275,0.0,1.0,0.0,0.0,0.0,1.0
19,100,10.910419857543868,9.89953809906581,0.0,1.0,0.0,0.0,1.0,0.0
0,105,5.743422625623096,10.91415882934049,0.0,0.0,1.0,1.0,1.0,0.0
1,105,7.984566478380367,3.328608703769991,0.0,0.0,1.0,0.0,0.0,0.0
2,105,3.018522562775224,11.646423417537632,1.0,0.0,0.0,1.0,1.0,1.0
3,105,8.489913301846514,6.749942221906517,0.0,0.0,0.0,0.0,1.0,1.0
4,105,0.6640604379333183,5.139464481242397,1.0,0.0,1.0,0.0,1.0,1.0
5,105,1.5422845816266206,11.308866152155494,0.0,1.0,0.0,0.0,0.0,0.0
6,105,9.190465816957696,2.356531286734328,0.0,1.0,0.0,1.0,1.0,0.0
7,105,0.5078327210287016,6.103834336256881,0.0,1.0,0.0,1.0,0.0,0.0
8,105,12.0,0.7693148003962034,0.0,0.0,0.0,1.0,0.0,0.0
9,105,6.796974475053493,8.107465147889405,1.0,0.0,1.0,0.0,0.0,1.0
10,105,3.700131375131229,10.727427734922392,1.0,0.0,0.0,0.0,1.0,1.0
11,105,11.025504246328676,9.912717581702296,1.0,0.0,1.0,0.0,0.0,1.0
12,105,2.067376400860199,0.2509925317838496,0.0,0.0,1.0,1.0,0.0,0.0
13,105,10.799272331641117,8.471575986179863,0.0,0.0,1.0,0.0,0.0,0.0
14,105,10.101521084430674,4.35531491734761,1.0,1.0,1.0,0.0,0.0,1.0
15,105,5.485787100609621,5.43308717097047,0.0,0.0,0.0,1.0,1.0,0.0
16,105,9.367825068500608,3.682269219252461,0.0,0.0,0.0,0.0,1.0,1.0
17,105,6.577923660935426,0.0,0.0,0.0,0.0,0.0,1.0,1.0
18,105,5.448978977583166,2.0474785691231,0.0,1.0,0.0,0.0,0.0,1.0
19,105,10.839091260511855,9.967456554209836,0.0,1.0,0.0,0.0,1.0,0.0
0,110,5.71751317308669,10.803425613201204,0.0,0.0,1.0,1.0,1.0,0.0
1,110,8.037402361526402,3.29874123807594,0.0,0.0,1.0,0.0,0.0,0.0
2,110,2.868462439206572,11.68496867699543,1.0,0.0,0.0,1.0,1.0,1.0
3,110,8.395159666528883,6.736642608428226,0.0,0.0,0.0,0.0,1.0,1.0
4,110,0.6006848102608042,5.116950351699744,1.0,0.0,1.0,0.0,1.0,1.0
5,110,1.5146806183659602,11.335609929349433,0.0,1.0,0.0,0.0,0.0,0.0
6,110,9.148568163488877,2.372190680378154,0.0,1.0,0.0,1.0,1.0,0.0
7,110,0.5945232113354005,6.144065418688016,0.0,1.0,0.0,1.0,0.0,0.0
8,110,12.0,0.7240677998432714,0.0,0.0,0.0,1.0,0.0,0.0
9,110,6.787747283368261,8.192822500161432,1.0,0.0,1.0,0.0,0.0,1.0
10,110,3.633344001522485,10.682446847578468,1.0,0.0,0.0,0.0,1.0,1.0
11,110,11.032628824504345,9.876484371141135,1.0,0.0,1.0,0.0,0.0,1.0
12,110,2.1286968580911525,0.0,0.0,0.0,1.0,1.0,0.0,0.0
13,110,10.773167714863888,8.535667937229748,0.0,0.0,1.0,0.0,0.0,0.0
14,110,10.16456019714466,4.264134985316936,1.0,1.0,1.0,0.0,0.0,1.0
15,110,5.557175934903216,5.34538529964256,0.0,0.0,0.0,1.0,1.0,0.0
16,110,9.294051298674688,3.694019128180019,0.0,0.0,0.0,0.0,1.0,1.0
17,110,6.43276603972435,0.0,0.0,0.0,0.0,0.0,1.0,1.0
18,110,5.460494184067216,2.046964436063468,0.0,1.0,0.0,0.0,0.0,1.0
19,110,10.759481769549083,10.04683504406303,0.0,1.0,0.0,0.0,1.0,0.0
0,115,5.694624912124479,10.695928157455995,0.0,0.0,1.0,1.0,1.0,0.0
1,115,8.082109332350349,3.2725326638382515,0.0,0.0,1.0,0.0,0.0,0.0
2,115,2.704545094407752,11.72684153511072,1.0,0.0,0.0,1.0,1.0,1.0
3,115,8.30124794298516,6.725028022696047,0.0,0.0,0.0,0.0,1.0,1.0
4,115,0.5262248611590802,5.092246658676915,1.0,0.0,1.0,0.0,1.0,1.0
5,115,1.4959654936316125,11.35444989739241,0.0,1.0,0.0,0.0,0.0,0.0
6,115,9.115652058771484,2.3846003119770893,0.0,1.0,0.0,1.0,1.0,0.0
7,115,0.6840137878316422,6.186473933925624,0.0,1.0,0.0,1.0,0.0,0.0
8,115,12.0,0.6592436318466756,0.0,0.0,0.0,1.0,0.0,0.0
9,115,6.779120020670312,8.279253232959482,1.0,0.0,1.0,0.0,0.0,1.0
10,115,3.5644961072351267,10.637007103849967,1.0,0.0,0.0,0.0,1.0,1.0
11,115,11.03815571199921,9.847191897098323,1.0,0.0,1.0,0.0,0.0,1.0
12,115,2.189969813169526,0.0,0.0,0.0,1.0,1.0,0.0,0.0
13,115,10.742229503644545,8.606588963109209,0.0,0.0,1.0,0.0,0.0,0.0
14,115,10.22920519255258,4.163247013034784,1.0,1.0,1.0,0.0,0.0,1.0
15,115,5.626768377977728,5.263250835556166,0.0,0.0,0.0,1.0,1.0,0.0
16,115,9.233419856322875,3.704558105775231,0.0,0.0,0.0,0.0,1.0,1.0
17,115,6.287858878476547,0.0,0.0,0.0,0.0,0.0,1.0,1.0
18,115,5.470953706602688,2.0465234373792187,0.0,1.0,0.0,0.0,0.0,1.0
19,115,10.682960270922033,10.128506093250886,0.0,1.0,0.0,0.0,1.0,0.0
0,120,5.670844070061228,10.572679932893289,0.0,0.0,1.0,1.0,1.0,0.0
1,120,8.127015950161002,3.2466974945555305,0.0,0.0,1.0,0.0,0.0,0.0
2,120,2.5320344792218688,11.77032007043493,1.0,0.0,0.0,1.0,1.0,1.0
3,120,8.224874148028643,6.716055512302907,0.0,0.0,0.0,0.0,1.0,1.0
4,120,0.4840444217216828,5.077054523429943,1.0,0.0,1.0,0.0,1.0,1.0
5,120,1.474567972895071,11.37566235008454,0.0,1.0,0.0,0.0,0.0,0.0
6,120,9.08047347537071,2.397935445774249,0.0,1.0,0.0,1.0,1.0,0.0
7,120,0.7631107404753994,6.224190001035002,0.0,1.0,0.0,1.0,0.0,0.0
8,120,12.0,0.5926856310724713,0.0,0.0,0.0,1.0,0.0,0.0
9,120,6.7726377894817285,8.363157839532255,1.0,0.0,1.0,0.0,0.0,1.0
10,120,3.4929343366764183,10.589586075261517,1.0,0.0,0.0,0.0,1.0,1.0
11,120,11.042921421831556,9.81845786813038,1.0,0.0,1.0,0.0,0.0,1.0
12,120,2.2497179254130475,0.0,0.0,0.0,1.0,1.0,0.0,0.0
13,120,10.706896422616795,8.68597904703273,0.0,0.0,1.0,0.0,0.0,0.0
14,120,10.29721293027428,4.042627906775209,1.0,1.0,1.0,0.0,0.0,1.0
15,120,5.694003115583472,5.185997930414216,0.0,0.0,0.0,1.0,1.0,0.0
16,120,9.174286928426085,3.714424342394589,0.0,0.0,0.0,0.0,1.0,1.0
17,120,6.14664293425493,0.0,0.0,0.0,0.0,0.0,1.0,1.0
18,120,5.479965289644257,2.0456489928716106,0.0,1.0,0.0,0.0,0.0,1.0
19,120,10.595091914848606,10.21908317431342,0.0,1.0,0.0,0.0,1.0,0.0
0,125,5.645449611628345,10.444916833591302,0.0,0.0,1.0,1.0,1.0,0.0
1,125,8.17562412038916,3.21860096441303,0.0,0.0,1.0,0.0,0.0,0.0
2,125,2.3500054458364,11.822580093815253,1.0,0.0,0.0,1.0,1.0,1.0
3,125,8.159076001805522,6.7076470022711145,0.0,0.0,0.0,0.0,1.0,1.0
4,125,0.4313354362610584,5.058397230853412,1.0,0.0,1.0,0.0,1.0,1.0
5,125,1.4415973236749111,11.407224027872353,0.0,1.0,0.0,0.0,0.0,0.0
6,125,9.045555374903874,2.4111579500575058,0.0,1.0,0.0,1.0,1.0,0.0
7,125,0.829079685933574,6.25642191912946,0.0,1.0,0.0,1.0,0.0,0.0
8,125,12.0,0.5237466930788569,0.0,0.0,0.0,1.0,0.0,0.0
9,125,6.766196014732838,8.442706047621243,1.0,0.0,1.0,0.0,0.0,1.0
10,125,3.4056010340947704,10.531880064967682,1.0,0.0,0.0,0.0,1.0,1.0
11,125,11.048056596291335,9.7912572367425,1.0,0.0,1.0,0.0,0.0,1.0
12,125,2.3157037314019364,0.0,0.0,0.0,1.0,1.0,0.0,0.0
13,125,10.6789094544473,8.749359905210397,0.0,0.0,1.0,0.0,0.0,0.0
14,125,10.364942965939168,3.9211019572288897,1.0,1.0,1.0,0.0,0.0,1.0
15,125,5.749108000831837,5.1236162122702815,0.0,0.0,0.0,1.0,1.0,0.0
16,125,9.099087184578831,3.7254534421549983,0.0,0.0,0.0,0.0,1.0,1.0
17,125,5.993756603492827,0.0,0.0,0.0,0.0,0.0,1.0,1.0
18,125,5.490009678663265,2.0451192292965703,0.0,1.0,0.0,0.0,0.0,1.0
19,125,10.495311976579089,10.324235791932846,0.0,1.0,0.0,0.0,1.0,0.0
0,130,5.618644330300688,10.317370853479083,0.0,0.0,1.0,1.0,1.0,0.0
1,130,8.234438035319357,3.184358616974101,0.0,0.0,1.0,0.0,0.0,0.0
2,130,2.149001573815308,11.88708304246509,1.0,0.0,0.0,1.0,1.0,1.0
3,130,8.107405714343997,6.701158644391723,0.0,0.0,0.0,0.0,1.0,1.0
4,130,0.3874323620383315,5.042771457622765,1.0,0.0,1.0,0.0,1.0,1.0
5,130,1.4246856250513829,11.42266168261058,0.0,1.0,0.0,0.0,0.0,0.0
6,130,8.985056617537968,2.4357911984174163,0.0,1.0,0.0,1.0,1.0,0.0
7,130,0.8886967833086973,6.283944144524675,0.0,1.0,0.0,1.0,0.0,0.0
8,130,12.0,0.47536606654085,0.0,0.0,0.0,1.0,0.0,0.0
9,130,6.762408354903592,8.496752656660476,1.0,0.0,1.0,0.0,0.0,1.0
10,130,3.316855948382051,10.467669118665857,1.0,0.0,0.0,0.0,1.0,1.0
11,130,11.04822903527724,9.790286305056243,1.0,0.0,1.0,0.0,0.0,1.0
12,130,2.383427404610361,0.0,0.0,0.0,1.0,1.0,0.0,0.0
13,130,10.645089718376866,8.824316511187385,0.0,0.0,1.0,0.0,0.0,0.0
14,130,10.436009024199418,3.7960585699688254,1.0,1.0,1.0,0.0,0.0,1.0
15,130,5.815906269015278,5.047849889907547,0.0,0.0,0.0,1.0,1.0,0.0
16,130,9.0042439858016,3.740407828382063,0.0,0.0,0.0,0.0,1.0,1.0
17,130,5.865403092782175,0.0,0.0,0.0,0.0,0.0,1.0,1.0
18,130,5.494649429175773,2.0449786431222607,0.0,1.0,0.0,0.0,0.0,1.0
19,130,10.3964694290207,10.42976927151218,0.0,1.0,0.0,0.0,1.0,0.0
0,135,5.589076969256998,10.180901275584665,0.0,0.0,1.0,1.0,1.0,0.0
1,135,8.289324974661996,3.152846147962181,0.0,0.0,1.0,0.0,0.0,0.0
2,135,1.931691274016355,11.961645065687575,1.0,0.0,0.0,1.0,1.0,1.0
3,135,8.057854848116788,6.69465600701888,0.0,0.0,0.0,0.0,1.0,1.0
4,135,0.3485518636245845,5.028998785611503,1.0,0.0,1.0,0.0,1.0,1.0
5,135,1.4013049062013638,11.44439709852541,0.0,1.0,0.0,0.0,0.0,0.0
6,135,8.916601912288913,2.4659881644982637,0.0,1.0,0.0,1.0,1.0,0.0
7,135,0.9586171145120996,6.316807469758065,0.0,1.0,0.0,1.0,0.0,0.0
8,135,12.0,0.4294814770046041,0.0,0.0,0.0,1.0,0.0,0.0
9,135,6.756695901193068,8.568659680932795,1.0,0.0,1.0,0.0,0.0,1.0
10,135,3.222248201657113,10.398603046307468,1.0,0.0,0.0,0.0,1.0,1.0
11,135,11.047731018417698,9.793232295807483,1.0,0.0,1.0,0.0,0.0,1.0
12,135,2.4560417071071674,0.0,0.0,0.0,1.0,1.0,0.0,0.0
13,135,10.61563481018648,8.889250671958063,0.0,0.0,1.0,0.0,0.0,0.0
14,135,10.511194062371237,3.6604996842513216,1.0,1.0,1.0,0.0,0.0,1.0
15,135,5.873423110463912,4.982469497369717,0.0,0.0,0.0,1.0,1.0,0.0
16,135,8.904985771333614,3.7544983278597472,0.0,0.0,0.0,0.0,1.0,1.0
17,135,5.741620934441654,0.0,0.0,0.0,0.0,0.0,1.0,1.0
18,135,5.486985269805985,2.0451700360538942,0.0,1.0,0.0,0.0,0.0,1.0
19,135,10.28434130995837,10.53966388690647,0.0,1.0,0.0,0.0,1.0,0.0
0,140,5.570001651430381,10.078624205050138,0.0,0.0,1.0,1.0,1.0,0.0
1,140,8.356053312722391,3.1162371149024986,0.0,0.0,1.0,0.0,0.0,0.0
2,140,1.686669301744774,12.0,1.0,0.0,0.0,1.0,1.0,1.0
3,140,8.007509887435214,6.689577386242679,0.0,0.0,0.0,0.0,1.0,1.0
4,140,0.3099786325951241,5.015019624719144,1.0,0.0,1.0,0.0,1.0,1.0
5,140,1.3881495452401058,11.456369667834831,0.0,1.0,0.0,0.0,0.0,0.0
6,140,8.839817002762272,2.5007561763133306,0.0,1.0,0.0,1.0,1.0,0.0
7,140,1.027665344682838,6.349568380427535,0.0,1.0,0.0,1.0,0.0,0.0
8,140,12.0,0.3692814578858456,0.0,0.0,0.0,1.0,0.0,0.0
9,140,6.753700671344767,8.6291579463955,1.0,0.0,1.0,0.0,0.0,1.0
10,140,3.1291194926370607,10.329292021122072,1.0,0.0,0.0,0.0,1.0,1.0
11,140,11.04187570937202,9.830097078722789,1.0,0.0,1.0,0.0,0.0,1.0
12,140,2.530213193659396,0.0,0.0,0.0,1.0,1.0,0.0,0.0
13,140,10.594201834186054,8.937611979757627,0.0,0.0,1.0,0.0,0.0,0.0
14,140,10.586685324827336,3.5193844051453835,1.0,1.0,1.0,0.0,0.0,1.0
15,140,5.940134315377692,4.9054256792208015,0.0,0.0,0.0,1.0,1.0,0.0
16,140,8.815582935658895,3.765960731473829,0.0,0.0,0.0,0.0,1.0,1.0
17,140,5.601379026072246,0.0,0.0,0.0,0.0,0.0,1.0,1.0
18,140,5.480707975514445,2.045192782574675,0.0,1.0,0.0,0.0,0.0,1.0
19,140,10.173544481159908,10.65280487129228,0.0,1.0,0.0,0.0,1.0,0.0
0,145,5.546401914338642,9.970828368021657,0.0,0.0,1.0,1.0,1.0,0.0
1,145,8.418833385495898,3.0813680148214617,0.0,0.0,1.0,0.0,0.0,0.0
2,145,1.426450446867479,12.0,1.0,0.0,0.0,1.0,1.0,1.0
3,145,7.976784090400128,6.686486552581747,0.0,0.0,0.0,0.0,1.0,1.0
4,145,0.2763511068323937,5.001853734784527,1.0,0.0,1.0,0.0,1.0,1.0
5,145,1.382637683910911,11.461502960284012,0.0,1.0,0.0,0.0,0.0,0.0
6,145,8.739578240218028,2.5440862586456694,0.0,1.0,0.0,1.0,1.0,0.0
7,145,1.1028273462317963,6.385801768798431,0.0,1.0,0.0,1.0,0.0,0.0
8,145,12.0,0.3936160807526606,0.0,0.0,0.0,1.0,0.0,0.0
9,145,6.750402913462165,8.716749987039924,1.0,0.0,1.0,0.0,0.0,1.0
10,145,3.011839120629577,10.240656482898878,1.0,0.0,0.0,0.0,1.0,1.0
11,145,11.035958850450912,9.867079178225998,1.0,0.0,1.0,0.0,0.0,1.0
12,145,2.6102498881986635,0.0,0.0,0.0,1.0,1.0,0.0,0.0
13,145,10.570963682723912,8.989606946604683,0.0,0.0,1.0,0.0,0.0,0.0
14,145,10.657642743847417,3.3737532800934447,1.0,1.0,1.0,0.0,0.0,1.0
15,145,6.003473371432519,4.830698519355289,0.0,0.0,0.0,1.0,1.0,0.0
16,145,8.731423953498867,3.77892251685072,0.0,0.0,0.0,0.0,1.0,1.0
17,145,5.464866671550786,0.0,0.0,0.0,0.0,0.0,1.0,1.0
18,145,5.458984473147842,2.0450734468488223,0.0,1.0,0.0,0.0,0.0,1.0
19,145,10.056459503039791,10.763889075721432,0.0,1.0,0.0,0.0,1.0,0.0
0,150,5.522840853773777,9.867754445876644,0.0,0.0,1.0,1.0,1.0,0.0
1,150,8.471911826514885,3.052672841585651,0.0,0.0,1.0,0.0,0.0,0.0
2,150,1.1640805076336256,12.0,1.0,0.0,0.0,1.0,1.0,1.0
3,150,7.950508502686848,6.683869064078657,0.0,0.0,0.0,0.0,1.0,1.0
4,150,0.2398792538649928,4.987785086821104,1.0,0.0,1.0,0.0,1.0,1.0
5,150,1.3564680518623284,11.485948994917306,0.0,1.0,0.0,0.0,0.0,0.0
6,150,8.653244445779242,2.582420739224707,0.0,1.0,0.0,1.0,1.0,0.0
7,150,1.1769490414724475,6.41890962993268,0.0,1.0,0.0,1.0,0.0,0.0
8,150,12.0,0.4158940026923799,0.0,0.0,0.0,1.0,0.0,0.0
9,150,6.747500260210184,8.80445815657702,1.0,0.0,1.0,0.0,0.0,1.0
10,150,2.901980654140474,10.161758920416368,1.0,0.0,0.0,0.0,1.0,1.0
11,150,11.03146314717558,9.894344906632176,1.0,0.0,1.0,0.0,0.0,1.0
12,150,2.6915991540973176,0.0,0.0,0.0,1.0,1.0,0.0,0.0
13,150,10.539962799981454,9.060136024610284,0.0,0.0,1.0,0.0,0.0,0.0
14,150,10.726918812790847,3.228780538446526,1.0,1.0,1.0,0.0,0.0,1.0
15,150,6.069693389033235,4.756095402114639,0.0,0.0,0.0,1.0,1.0,0.0
16,150,8.630159847460858,3.7942610055552617,0.0,0.0,0.0,0.0,1.0,1.0
17,150,5.34449228469541,0.0,0.0,0.0,0.0,0.0,1.0,1.0
18,150,5.4245652167397465,2.0448214149528217,0.0,1.0,0.0,0.0,0.0,1.0
19,150,10.182604504932712,10.901300122476451,0.0,1.0,0.0,0.0,1.0,0.0
0,155,5.491706486198673,9.75018081056157,0.0,0.0,1.0,1.0,1.0,0.0
1,155,8.517704935154143,3.027884399171486,0.0,0.0,1.0,0.0,0.0,0.0
2,155,0.8841173270194375,12.0,1.0,0.0,0.0,1.0,1.0,1.0
3,155,7.933983993373187,6.6823949386633,0.0,0.0,0.0,0.0,1.0,1.0
4,155,0.2219232166778775,4.980956754322914,1.0,0.0,1.0,0.0,1.0,1.0
5,155,1.3432737964743522,11.498111031589875,0.0,1.0,0.0,0.0,0.0,0.0
6,155,8.546254330046825,2.6310108113683657,0.0,1.0,0.0,1.0,1.0,0.0
7,155,1.2600042768599429,6.456685392637082,0.0,1.0,0.0,1.0,0.0,0.0
8,155,12.0,0.4480289873314415,0.0,0.0,0.0,1.0,0.0,0.0
9,155,6.744889823676659,8.89714097376721,1.0,0.0,1.0,0.0,0.0,1.0
10,155,2.777252751223495,10.065943558661282,1.0,0.0,0.0,0.0,1.0,1.0
11,155,11.026022464316354,9.926442427371382,1.0,0.0,1.0,0.0,0.0,1.0
12,155,2.785231716344718,0.0,0.0,0.0,1.0,1.0,0.0,0.0
13,155,10.510035256035469,9.12866680786932,0.0,0.0,1.0,0.0,0.0,0.0
14,155,10.791688545041891,3.094268631221015,1.0,1.0,1.0,0.0,0.0,1.0
15,155,6.147002284574474,4.669194545271356,0.0,0.0,0.0,1.0,1.0,0.0
16,155,8.531145285986053,3.810523663478936,0.0,0.0,0.0,0.0,1.0,1.0
17,155,5.2170639273601545,0.0,0.0,0.0,0.0,0.0,1.0,1.0
18,155,5.380131078339431,2.044760265066245,0.0,1.0,0.0,0.0,0.0,1.0
19,155,10.31658501184361,11.045433750883191,0.0,1.0,0.0,0.0,1.0,0.0
0,160,5.45871918569395,9.626646241780266,0.0,0.0,1.0,1.0,1.0,0.0
1,160,8.502060314967796,2.996688654819045,0.0,0.0,1.0,0.0,0.0,0.0
2,160,0.626145551518628,12.0,1.0,0.0,0.0,1.0,1.0,1.0
3,160,7.917222018286142,6.680884899686746,0.0,0.0,0.0,0.0,1.0,1.0
4,160,0.2169048105391952,4.978966986760015,1.0,0.0,1.0,0.0,1.0,1.0
5,160,1.303513248464508,11.53399922273282,0.0,1.0,0.0,0.0,0.0,0.0
6,160,8.43038336665301,2.6804200121477018,0.0,1.0,0.0,1.0,1.0,0.0
7,160,1.320463104113876,6.485013169413135,0.0,1.0,0.0,1.0,0.0,0.0
8,160,12.0,0.4860411676836095,0.0,0.0,0.0,1.0,0.0,0.0
9,160,6.742914139447959,8.998300766096367,1.0,0.0,1.0,0.0,0.0,1.0
10,160,2.654500711692997,9.971704200856298,1.0,0.0,0.0,0.0,1.0,1.0
11,160,11.02093058032177,9.95392190345421,1.0,0.0,1.0,0.0,0.0,1.0
12,160,2.881389239951667,0.0,0.0,0.0,1.0,1.0,0.0,0.0
13,160,10.489114860261717,9.176747818391576,0.0,0.0,1.0,0.0,0.0,0.0
14,160,10.85799119986256,2.9531402271932827,1.0,1.0,1.0,0.0,0.0,1.0
15,160,6.238842956136134,4.5670160712236765,0.0,0.0,0.0,1.0,1.0,0.0
16,160,8.430379700496118,3.827885953269129,0.0,0.0,0.0,0.0,1.0,1.0
17,160,5.075700181713544,0.0,0.0,0.0,0.0,0.0,1.0,1.0
18,160,5.359222860011923,2.0446119096100164,0.0,1.0,0.0,0.0,0.0,1.0
19,160,10.450271764001196,11.187072858489843,0.0,1.0,0.0,0.0,1.0,0.0
0,165,5.429031496981132,9.517714051965145,0.0,0.0,1.0,1.0,1.0,0.0
1,165,8.497990695068012,2.988574293393399,0.0,0.0,1.0,0.0,0.0,0.0
2,165,0.356241176498666,12.0,1.0,0.0,0.0,1.0,1.0,1.0
3,165,7.908323669737646,6.680172955197836,0.0,0.0,0.0,0.0,1.0,1.0
4,165,0.1959327596011278,4.970700112867062,1.0,0.0,1.0,0.0,1.0,1.0
5,165,1.2456890676079684,11.586491446418206,0.0,1.0,0.0,0.0,0.0,0.0
6,165,8.30872246373711,2.7319652359982665,0.0,1.0,0.0,1.0,1.0,0.0
7,165,1.3822615814856027,6.51584991549689,0.0,1.0,0.0,1.0,0.0,0.0
8,165,12.0,0.5261866908646143,0.0,0.0,0.0,1.0,0.0,0.0
9,165,6.741722278415051,9.118011131396267,1.0,0.0,1.0,0.0,0.0,1.0
10,165,2.517735134019014,9.866353180003252,1.0,0.0,0.0,0.0,1.0,1.0
11,165,11.01904418666244,9.963046503269604,1.0,0.0,1.0,0.0,0.0,1.0
12,165,2.98124528540042,0.0,0.0,0.0,1.0,1.0,0.0,0.0
13,165,10.472655895009956,9.219356541547958,0.0,0.0,1.0,0.0,0.0,0.0
14,165,10.91775963698166,2.8267155881644763,1.0,1.0,1.0,0.0,0.0,1.0
15,165,6.341584840256365,4.44829636686407,0.0,0.0,0.0,1.0,1.0,0.0
16,165,8.314974212016633,3.8489588553204186,0.0,0.0,0.0,0.0,1.0,1.0
17,165,4.94321186750417,0.0,0.0,0.0,0.0,0.0,1.0,1.0
18,165,5.349867329424843,2.044524205657442,0.0,1.0,0.0,0.0,0.0,1.0
19,165,10.575388811710008,11.3240343259787,0.0,1.0,0.0,0.0,1.0,0.0
0,170,5.542158171441178,9.485347832828827,0.0,0.0,1.0,1.0,1.0,0.0
1,170,8.506099260685588,3.004241902419288,0.0,0.0,1.0,0.0,0.0,0.0
2,170,0.0872777400529085,12.0,1.0,0.0,0.0,1.0,1.0,1.0
3,170,7.879473428988689,6.678350122545249,0.0,0.0,0.0,0.0,1.0,1.0
4,170,0.1794872477278629,4.964612827692741,1.0,0.0,1.0,0.0,1.0,1.0
5,170,1.1931860630918407,11.636621231157095,0.0,1.0,0.0,0.0,0.0,0.0
6,170,8.183401055877415,2.786076631083215,0.0,1.0,0.0,1.0,1.0,0.0
7,170,1.4566640645305478,6.553220825535384,0.0,1.0,0.0,1.0,0.0,0.0
8,170,12.0,0.5655919118150844,0.0,0.0,0.0,1.0,0.0,0.0
9,170,6.741174055942826,9.238094995479512,1.0,0.0,1.0,0.0,0.0,1.0
10,170,2.3642123776401904,9.744993384074029,1.0,0.0,0.0,0.0,1.0,1.0
11,170,11.016193104621356,9.976317757134902,1.0,0.0,1.0,0.0,0.0,1.0
12,170,3.0859055697594515,0.0,0.0,0.0,1.0,1.0,0.0,0.0
13,170,10.45306802490253,9.268884698177288,0.0,0.0,1.0,0.0,0.0,0.0
14,170,10.975587255737146,2.6981615513878947,1.0,1.0,1.0,0.0,0.0,1.0
15,170,6.451771045783548,4.325636970377592,0.0,0.0,0.0,1.0,1.0,0.0
16,170,8.205873035595049,3.8675821941238304,0.0,0.0,0.0,0.0,1.0,1.0
17,170,4.813414114760769,0.0,0.0,0.0,0.0,0.0,1.0,1.0
18,170,5.34232049259546,2.044599643854616,0.0,1.0,0.0,0.0,0.0,1.0
19,170,10.697724668660058,11.455015970447745,0.0,1.0,0.0,0.0,1.0,0.0
0,175,5.655894800046601,9.454647403761175,0.0,0.0,1.0,1.0,1.0,0.0
1,175,8.504610065231743,3.001435971430053,0.0,0.0,1.0,0.0,0.0,0.0
2,175,0.0,12.0,1.0,0.0,0.0,1.0,1.0,1.0
3,175,7.856045600515883,6.676849696281782,0.0,0.0,0.0,0.0,1.0,1.0
4,175,0.1682792630741914,4.960507998952932,1.0,0.0,1.0,0.0,1.0,1.0
5,175,1.121902068419642,11.707866295219224,0.0,1.0,0.0,0.0,0.0,0.0
6,175,8.07488618698871,2.8347290118037374,0.0,1.0,0.0,1.0,1.0,0.0
7,175,1.5345107749028688,6.591774539551141,0.0,1.0,0.0,1.0,0.0,0.0
8,175,12.0,0.6091393618949107,0.0,0.0,0.0,1.0,0.0,0.0
9,175,6.739505844971018,9.362521003772086,1.0,0.0,1.0,0.0,0.0,1.0
10,175,2.210076182353529,9.619940811402392,1.0,0.0,0.0,0.0,1.0,1.0
11,175,11.01379872224904,9.986571871580328,1.0,0.0,1.0,0.0,0.0,1.0
12,175,3.17945720445126,0.0,0.0,0.0,1.0,1.0,0.0,0.0
13,175,10.435360442492184,9.313527630808604,0.0,0.0,1.0,0.0,0.0,0.0
14,175,11.038521798569514,2.5588840568130693,1.0,1.0,1.0,0.0,0.0,1.0
15,175,6.559140757307395,4.211531825005999,0.0,0.0,0.0,1.0,1.0,0.0
16,175,8.092165510415278,3.886442274660404,0.0,0.0,0.0,0.0,1.0,1.0
17,175,4.674753000600915,0.0,0.0,0.0,0.0,0.0,1.0,1.0
18,175,5.347749614696138,2.044594387547576,0.0,1.0,0.0,0.0,0.0,1.0
19,175,10.80594774180213,11.57425419057716,0.0,1.0,0.0,0.0,1.0,0.0
0,180,5.786286716149976,9.416819724325729,0.0,0.0,1.0,1.0,1.0,0.0
1,180,8.50790689771463,3.007633769945776,0.0,0.0,1.0,0.0,0.0,0.0
2,180,0.0,12.0,1.0,0.0,0.0,1.0,1.0,1.0
3,180,7.821516711370879,6.67520538367818,0.0,0.0,0.0,0.0,1.0,1.0
4,180,0.1541447135449974,4.955768523224814,1.0,0.0,1.0,0.0,1.0,1.0
5,180,1.0526738504033568,11.773159273900054,0.0,1.0,0.0,0.0,0.0,0.0
6,180,7.949764345844029,2.8936888026814587,0.0,1.0,0.0,1.0,1.0,0.0
7,180,1.5863446540523447,6.618286200559154,0.0,1.0,0.0,1.0,0.0,0.0
8,180,12.0,0.6529824156464386,0.0,0.0,0.0,1.0,0.0,0.0
9,180,6.740656455140483,9.489364713870398,1.0,0.0,1.0,0.0,0.0,1.0
10,180,2.064788113761531,9.494487717164075,1.0,0.0,0.0,0.0,1.0,1.0
11,180,11.013496739917516,9.987836388929342,1.0,0.0,1.0,0.0,0.0,1.0
12,180,3.267246554776074,0.0,0.0,0.0,1.0,1.0,0.0,0.0
13,180,10.417654272427134,9.358413876059112,0.0,0.0,1.0,0.0,0.0,0.0
14,180,11.096058038110362,2.4299987715052844,1.0,1.0,1.0,0.0,0.0,1.0
15,180,6.684264047189256,4.081708018638498,0.0,0.0,0.0,1.0,1.0,0.0
16,180,7.994717452019801,3.902250574805791,0.0,0.0,0.0,0.0,1.0,1.0
17,180,4.534217415781578,0.0,0.0,0.0,0.0,0.0,1.0,1.0
18,180,5.350611937631875,2.0445994259173528,0.0,1.0,0.0,0.0,0.0,1.0
19,180,10.905125241104075,11.678722329180909,0.0,1.0,0.0,0.0,1.0,0.0
0,185,5.902076035894348,9.384810908117204,0.0,0.0,1.0,1.0,1.0,0.0
1,185,8.504328408571475,3.0008239348832992,0.0,0.0,1.0,0.0,0.0,0.0
2,185,0.0,12.0,1.0,0.0,0.0,1.0,1.0,1.0
3,185,7.778378221024448,6.673623173986495,0.0,0.0,0.0,0.0,1.0,1.0
4,185,0.1280085523957782,4.947021331480093,1.0,0.0,1.0,0.0,1.0,1.0
5,185,0.991828978000064,11.829829432161166,0.0,1.0,0.0,0.0,0.0,0.0
6,185,7.838089413919375,2.9483490688471194,0.0,1.0,0.0,1.0,1.0,0.0
7,185,1.630477914784561,6.6393394569877495,0.0,1.0,0.0,1.0,0.0,0.0
8,185,12.0,0.6993639037620218,0.0,0.0,0.0,1.0,0.0,0.0
9,185,6.74393709612409,9.605202072302914,1.0,0.0,1.0,0.0,0.0,1.0
10,185,1.9254683128694607,9.375717794644364,1.0,0.0,0.0,0.0,1.0,1.0
11,185,11.014267010894422,9.984123050018349,1.0,0.0,1.0,0.0,0.0,1.0
12,185,3.354676262750082,0.0,0.0,0.0,1.0,1.0,0.0,0.0
13,185,10.402859861479133,9.394716999952838,0.0,0.0,1.0,0.0,0.0,0.0
14,185,11.157682882476626,2.289991804678716,1.0,1.0,1.0,0.0,0.0,1.0
15,185,6.811147197936784,3.95751178514504,0.0,0.0,0.0,1.0,1.0,0.0
16,185,7.977336575469394,3.793499595408574,0.0,0.0,0.0,0.0,1.0,1.0
17,185,4.3855705996058365,0.0,0.0,0.0,0.0,0.0,1.0,1.0
18,185,5.346726031538173,2.044620268953204,0.0,1.0,0.0,0.0,0.0,1.0
19,185,10.997150019903607,11.780933493754787,0.0,1.0,0.0,0.0,1.0,0.0
0,190,6.014334315302734,9.352280772633256,0.0,0.0,1.0,1.0,1.0,0.0
1,190,8.499197336395284,2.991015916800836,0.0,0.0,1.0,0.0,0.0,0.0
2,190,0.0,12.0,1.0,0.0,0.0,1.0,1.0,1.0
3,190,7.735957033941752,6.673184660834488,0.0,0.0,0.0,0.0,1.0,1.0
4,190,0.0962510952759173,4.936234936258623,1.0,0.0,1.0,0.0,1.0,1.0
5,190,0.9332157545411768,11.88455756126766,0.0,1.0,0.0,0.0,0.0,0.0
6,190,7.729430153537318,2.999551740924008,0.0,1.0,0.0,1.0,1.0,0.0
7,190,1.6696149453536169,6.657247140590517,0.0,1.0,0.0,1.0,0.0,0.0
8,190,12.0,0.7503068488784455,0.0,0.0,0.0,1.0,0.0,0.0
9,190,6.7503439085699375,9.73423198244327,1.0,0.0,1.0,0.0,0.0,1.0
10,190,1.7735400064567164,9.24427218714224,1.0,0.0,0.0,0.0,1.0,1.0
11,190,11.01656410295838,9.972454728594268,1.0,0.0,1.0,0.0,0.0,1.0
12,190,3.436725645437709,0.0,0.0,0.0,1.0,1.0,0.0,0.0
13,190,10.385035318999174,9.437958026885752,0.0,0.0,1.0,0.0,0.0,0.0
14,190,11.207706949941104,2.1709683712476053,1.0,1.0,1.0,0.0,0.0,1.0
15,190,6.939400247171084,3.8261895339522334,0.0,0.0,0.0,1.0,1.0,0.0
16,190,7.960774232096958,3.687749559432314,0.0,0.0,0.0,0.0,1.0,1.0
17,190,4.240235439891986,0.0,0.0,0.0,0.0,0.0,1.0,1.0
18,190,5.312277005469271,2.045407676276314,0.0,1.0,0.0,0.0,0.0,1.0
19,190,11.08121083808522,11.86888757063866,0.0,1.0,0.0,0.0,1.0,0.0
0,195,6.125846341458109,9.321011926453494,0.0,0.0,1.0,1.0,1.0,0.0
1,195,8.49830851277586,2.989205222099044,0.0,0.0,1.0,0.0,0.0,0.0
2,195,0.0,12.0,1.0,0.0,0.0,1.0,1.0,1.0
3,195,7.718195618010032,6.673042516966602,0.0,0.0,0.0,0.0,1.0,1.0
4,195,0.0594807522024288,4.923275184189352,1.0,0.0,1.0,0.0,1.0,1.0
5,195,0.8737491217161232,11.940561926029854,0.0,1.0,0.0,0.0,0.0,0.0
6,195,7.609944159157759,3.050517098740413,0.0,1.0,0.0,1.0,1.0,0.0
7,195,1.7038166411342557,6.673862356613835,0.0,1.0,0.0,1.0,0.0,0.0
8,195,12.0,0.7951413607463186,0.0,0.0,0.0,1.0,0.0,0.0
9,195,6.758398591036253,9.872752874738795,1.0,0.0,1.0,0.0,0.0,1.0
10,195,1.6289660408177788,9.123256150976896,1.0,0.0,0.0,0.0,1.0,1.0
11,195,11.014285484313591,9.984123076606256,1.0,0.0,1.0,0.0,0.0,1.0
12,195,3.5171899178221127,0.0,0.0,0.0,1.0,1.0,0.0,0.0
13,195,10.3630272623748,9.48778059880816,0.0,0.0,1.0,0.0,0.0,0.0
14,195,11.259697354803144,2.043177372161729,1.0,1.0,1.0,0.0,0.0,1.0
15,195,7.084690069042585,3.6903345983144966,0.0,0.0,0.0,1.0,1.0,0.0
16,195,7.941844702029463,3.5679498176186963,0.0,0.0,0.0,0.0,1.0,1.0
17,195,4.086950172063472,0.0,0.0,0.0,0.0,0.0,1.0,1.0
18,195,5.27956016272624,2.047045000461089,0.0,1.0,0.0,0.0,0.0,1.0
19,195,11.16415790539384,11.955037208527004,0.0,1.0,0.0,0.0,1.0,0.0
0,200,6.251247433815234,9.287895756720774,0.0,0.0,1.0,1.0,1.0,0.0
1,200,8.493248773420438,2.9790247569561576,0.0,0.0,1.0,0.0,0.0,0.0
2,200,0.0,12.0,1.0,0.0,0.0,1.0,1.0,1.0
3,200,7.703924149398312,6.673084667789628,0.0,0.0,0.0,0.0,1.0,1.0
4,200,0.0241669447559048,4.91056150553394,1.0,0.0,1.0,0.0,1.0,1.0
5,200,0.8107463260026737,12.0,0.0,1.0,0.0,0.0,0.0,0.0
6,200,7.500709596842838,3.0984033442725822,0.0,1.0,0.0,1.0,1.0,0.0
7,200,1.7278303685754393,6.685896430497962,0.0,1.0,0.0,1.0,0.0,0.0
8,200,12.0,0.848030953548402,0.0,0.0,0.0,1.0,0.0,0.0
9,200,6.763161496720658,10.055969472793228,1.0,0.0,1.0,0.0,0.0,1.0
10,200,1.5005424824788804,9.015873521298085,1.0,0.0,0.0,0.0,1.0,1.0
11,200,11.011302603967463,9.999853659409546,1.0,0.0,1.0,0.0,0.0,1.0
12,200,3.6044107877343294,0.0,0.0,0.0,1.0,1.0,0.0,0.0
13,200,10.34300564202599,9.534931024879366,0.0,0.0,1.0,0.0,0.0,0.0
14,200,11.31505206140662,1.9109891612762484,1.0,1.0,1.0,0.0,0.0,1.0
15,200,7.228688363611607,3.5569000345504413,0.0,0.0,0.0,1.0,1.0,0.0
16,200,7.921241892835186,3.4520746320258526,0.0,0.0,0.0,0.0,1.0,1.0
17,200,3.930997635982868,0.0,0.0,0.0,0.0,0.0,1.0,1.0
18,200,5.244113823728529,2.048650714361937,0.0,1.0,0.0,0.0,0.0,1.0
19,200,11.249331489369473,12.0,0.0,1.0,0.0,0.0,1.0,0.0
0,205,6.370675917210704,9.252990289275331,0.0,0.0,1.0,1.0,1.0,0.0
1,205,8.488766578723276,2.969878589346874,0.0,0.0,1.0,0.0,0.0,0.0
2,205,0.0,12.0,1.0,0.0,0.0,1.0,1.0,1.0
3,205,7.693159548360029,6.673082316402839,0.0,0.0,0.0,0.0,1.0,1.0
4,205,0.0068283054971274,4.904068124099055,1.0,0.0,1.0,0.0,1.0,1.0
5,205,0.768036859058351,12.0,0.0,1.0,0.0,0.0,0.0,0.0
6,205,7.379755430901857,3.144989239033152,0.0,1.0,0.0,1.0,1.0,0.0
7,205,1.7550568639843382,6.699684335128156,0.0,1.0,0.0,1.0,0.0,0.0
8,205,12.0,0.905815750617766,0.0,0.0,0.0,1.0,0.0,0.0
9,205,6.7681265521487335,10.230593915698574,1.0,0.0,1.0,0.0,0.0,1.0
10,205,1.3850661746942217,8.909521574784943,1.0,0.0,0.0,0.0,1.0,1.0
11,205,11.005085687007288,10.032917302869892,1.0,0.0,1.0,0.0,0.0,1.0
12,205,3.674970895651275,0.0,0.0,0.0,1.0,1.0,0.0,0.0
13,205,10.318205031421307,9.597151268777806,0.0,0.0,1.0,0.0,0.0,0.0
14,205,11.370532475973915,1.7803784782407728,1.0,1.0,1.0,0.0,0.0,1.0
15,205,7.367173817262365,3.424627958767151,0.0,0.0,0.0,1.0,1.0,0.0
16,205,7.90000569844256,3.340102622258755,0.0,0.0,0.0,0.0,1.0,1.0
17,205,3.794624713395161,0.0,0.0,0.0,0.0,0.0,1.0,1.0
18,205,5.245822709571543,2.1017424527084434,0.0,1.0,0.0,0.0,0.0,1.0
19,205,11.34016144118294,12.0,0.0,1.0,0.0,0.0,1.0,0.0
0,210,6.498422449162361,9.213137885702553,0.0,0.0,1.0,1.0,1.0,0.0
1,210,8.482738645081808,2.9577235689714767,0.0,0.0,1.0,0.0,0.0,0.0
2,210,0.0,12.0,1.0,0.0,0.0,1.0,1.0,1.0
3,210,7.685821702242424,6.6731925838273884,0.0,0.0,0.0,0.0,1.0,1.0
4,210,0.0,4.896243322820819,1.0,0.0,1.0,0.0,1.0,1.0
5,210,0.7237226656873977,12.0,0.0,1.0,0.0,0.0,0.0,0.0
6,210,7.265771485941412,3.191677037964386,0.0,1.0,0.0,1.0,1.0,0.0
7,210,1.7790864016360943,6.712448880408192,0.0,1.0,0.0,1.0,0.0,0.0
8,210,12.0,0.9696911718892748,0.0,0.0,0.0,1.0,0.0,0.0
9,210,6.771498476657451,10.403332503504853,1.0,0.0,1.0,0.0,0.0,1.0
10,210,1.2573819699396396,8.783159745424252,1.0,0.0,0.0,0.0,1.0,1.0
11,210,11.0016485296117,10.050306479666656,1.0,0.0,1.0,0.0,0.0,1.0
12,210,3.751973093176025,0.0,0.0,0.0,1.0,1.0,0.0,0.0
13,210,10.294470111948106,9.65842213768511,0.0,0.0,1.0,0.0,0.0,0.0
14,210,11.431756461389734,1.6481178627363846,1.0,1.0,1.0,0.0,0.0,1.0
15,210,7.516506939906065,3.2806081354160344,0.0,0.0,0.0,1.0,1.0,0.0
16,210,7.88139655730985,3.2429323379835258,0.0,0.0,0.0,0.0,1.0,1.0
17,210,3.675122230252931,0.0,0.0,0.0,0.0,0.0,1.0,1.0
18,210,5.247580801809887,2.154383373302844,0.0,1.0,0.0,0.0,0.0,1.0
19,210,11.438909942638915,12.0,0.0,1.0,0.0,0.0,1.0,0.0
0,215,6.632456810537221,9.17238757581278,0.0,0.0,1.0,1.0,1.0,0.0
1,215,8.464867726087503,2.921855635507083,0.0,0.0,1.0,0.0,0.0,0.0
2,215,0.0,12.0,1.0,0.0,0.0,1.0,1.0,1.0
3,215,7.683888107219809,6.673215597403857,0.0,0.0,0.0,0.0,1.0,1.0
4,215,0.0090276421282368,4.899483002806438,1.0,0.0,1.0,0.0,1.0,1.0
5,215,0.6838065297953204,12.0,0.0,1.0,0.0,0.0,0.0,0.0
6,215,7.140580154599055,3.243109214273862,0.0,1.0,0.0,1.0,1.0,0.0
7,215,1.787875828157065,6.716944981346465,0.0,1.0,0.0,1.0,0.0,0.0
8,215,12.0,1.031852431870246,0.0,0.0,0.0,1.0,0.0,0.0
9,215,6.776329016429894,10.581476238286369,1.0,0.0,1.0,0.0,0.0,1.0
10,215,1.1250160544853467,8.65774832383466,1.0,0.0,0.0,0.0,1.0,1.0
11,215,10.998294833001976,10.068901040914366,1.0,0.0,1.0,0.0,0.0,1.0
12,215,3.8189711945883342,0.0,0.0,0.0,1.0,1.0,0.0,0.0
13,215,10.272787741033389,9.712215439310668,0.0,0.0,1.0,0.0,0.0,0.0
14,215,11.49609120501687,1.5162066830434973,1.0,1.0,1.0,0.0,0.0,1.0
15,215,7.662833750972739,3.134811384279819,0.0,0.0,0.0,1.0,1.0,0.0
16,215,7.869125369008891,3.161441128104304,0.0,0.0,0.0,0.0,1.0,1.0
17,215,3.5565859174551933,0.0,0.0,0.0,0.0,0.0,1.0,1.0
18,215,5.248996724083903,2.1959552782645155,0.0,1.0,0.0,0.0,0.0,1.0
19,215,11.545604216845874,12.0,0.0,1.0,0.0,0.0,1.0,0.0
0,220,6.764566861537057,9.132601251632018,0.0,0.0,1.0,1.0,1.0,0.0
1,220,8.44428775006893,2.8815055395734817,0.0,0.0,1.0,0.0,0.0,0.0
2,220,0.0,12.0,1.0,0.0,0.0,1.0,1.0,1.0
3,220,7.674254065545479,6.673296913078484,0.0,0.0,0.0,0.0,1.0,1.0
4,220,0.0,4.894201787216178,1.0,0.0,1.0,0.0,1.0,1.0
5,220,0.6454037005367089,12.0,0.0,1.0,0.0,0.0,0.0,0.0
6,220,7.0005892160657615,3.296601992096235,0.0,1.0,0.0,1.0,1.0,0.0
7,220,1.8041487460801175,6.725240801053988,0.0,1.0,0.0,1.0,0.0,0.0
8,220,12.0,1.0955347780429978,0.0,0.0,0.0,1.0,0.0,0.0
9,220,6.783633922263983,10.761580019161569,1.0,0.0,1.0,0.0,0.0,1.0
10,220,0.9961129992879304,8.532586515475112,1.0,0.0,0.0,0.0,1.0,1.0
11,220,10.994735313641335,10.089880053793705,1.0,0.0,1.0,0.0,0.0,1.0
12,220,3.890980060915617,0.0,0.0,0.0,1.0,1.0,0.0,0.0
13,220,10.250379428766568,9.767423743510014,0.0,0.0,1.0,0.0,0.0,0.0
14,220,11.55457356044779,1.3912748967270625,1.0,1.0,1.0,0.0,0.0,1.0
15,220,7.807199012876821,2.9965120481741403,0.0,0.0,0.0,1.0,1.0,0.0
16,220,7.859098041349599,3.0947103018496422,0.0,0.0,0.0,0.0,1.0,1.0
17,220,3.429674262535304,0.0,0.0,0.0,0.0,0.0,1.0,1.0
18,220,5.251910836015741,2.259626164390902,0.0,1.0,0.0,0.0,0.0,1.0
19,220,11.646536390067324,12.0,0.0,1.0,0.0,0.0,1.0,0.0
0,225,6.897360363137449,9.093813035469877,0.0,0.0,1.0,1.0,1.0,0.0
1,225,8.427232377028515,2.8477897141186235,0.0,0.0,1.0,0.0,0.0,0.0
2,225,0.0,12.0,1.0,0.0,0.0,1.0,1.0,1.0
3,225,7.676479933018799,6.673295779755731,0.0,0.0,0.0,0.0,1.0,1.0
4,225,0.0,4.882370248521721,1.0,0.0,1.0,0.0,1.0,1.0
5,225,0.6263236025735894,12.0,0.0,1.0,0.0,0.0,0.0,0.0
6,225,6.865918171667351,3.3450613025715694,0.0,1.0,0.0,1.0,1.0,0.0
7,225,1.802425480778783,6.724355960416478,0.0,1.0,0.0,1.0,0.0,0.0
8,225,12.0,1.1669625726595028,0.0,0.0,0.0,1.0,0.0,0.0
9,225,6.797925614709039,10.951537319767912,1.0,0.0,1.0,0.0,0.0,1.0
10,225,0.8907481382046273,8.431761363573786,1.0,0.0,0.0,0.0,1.0,1.0
11,225,10.985795944083506,10.136151539353452,1.0,0.0,1.0,0.0,0.0,1.0
12,225,3.96673546765937,0.0,0.0,0.0,1.0,1.0,0.0,0.0
13,225,10.222002905164228,9.833404097355128,0.0,0.0,1.0,0.0,0.0,0.0
14,225,11.615019525002,1.26297564345199,1.0,1.0,1.0,0.0,0.0,1.0
15,225,7.955144239983414,2.8516788853061894,0.0,0.0,0.0,1.0,1.0,0.0
16,225,7.850871669212251,3.040478838971959,0.0,0.0,0.0,0.0,1.0,1.0
17,225,3.3086590668853546,0.0,0.0,0.0,0.0,0.0,1.0,1.0
18,225,5.257365431475028,2.325550093826146,0.0,1.0,0.0,0.0,0.0,1.0
19,225,11.750943339113268,12.0,0.0,1.0,0.0,0.0,1.0,0.0
0,230,7.056919245736574,9.044787169638132,0.0,0.0,1.0,1.0,1.0,0.0
1,230,8.417589825896309,2.82877115548594,0.0,0.0,1.0,0.0,0.0,0.0
2,230,0.0,12.0,1.0,0.0,0.0,1.0,1.0,1.0
3,230,7.6543741213030705,6.673154465565855,0.0,0.0,0.0,0.0,1.0,1.0
4,230,0.0,4.867222296752902,1.0,0.0,1.0,0.0,1.0,1.0
5,230,0.5932367283132601,12.0,0.0,1.0,0.0,0.0,0.0,0.0
6,230,6.734033589470936,3.3906293036683577,0.0,1.0,0.0,1.0,1.0,0.0
7,230,1.8011777368766555,6.72370758073913,0.0,1.0,0.0,1.0,0.0,0.0
8,230,12.0,1.24646147057469,0.0,0.0,0.0,1.0,0.0,0.0
9,230,6.808825078930242,11.153298370045606,1.0,0.0,1.0,0.0,0.0,1.0
10,230,0.7739790284244794,8.321465632132986,1.0,0.0,0.0,0.0,1.0,1.0
11,230,10.978508940839166,10.182165220284109,1.0,0.0,1.0,0.0,0.0,1.0
12,230,4.043520199596456,0.0,0.0,0.0,1.0,1.0,0.0,0.0
13,230,10.195529437170476,9.89649338177404,0.0,0.0,1.0,0.0,0.0,0.0
14,230,11.67119924473867,1.1414961928837115,1.0,1.0,1.0,0.0,0.0,1.0
15,230,8.106125695382037,2.715231713327163,0.0,0.0,0.0,1.0,1.0,0.0
16,230,7.841622155595297,2.974474680491537,0.0,0.0,0.0,0.0,1.0,1.0
17,230,3.1906707885766585,0.0,0.0,0.0,0.0,0.0,1.0,1.0
18,230,5.267286985214199,2.4024825490069275,0.0,1.0,0.0,0.0,0.0,1.0
19,230,11.863807025788963,12.0,0.0,1.0,0.0,0.0,1.0,0.0
0,235,7.190745604245073,9.002801799201784,0.0,0.0,1.0,1.0,1.0,0.0
1,235,8.413090154799086,2.820106363393346,0.0,0.0,1.0,0.0,0.0,0.0
2,235,0.0,12.0,1.0,0.0,0.0,1.0,1.0,1.0
3,235,7.633663997964519,6.672553810141738,0.0,0.0,0.0,0.0,1.0,1.0
4,235,0.0,4.857192173621667,1.0,0.0,1.0,0.0,1.0,1.0
5,235,0.5457221274063856,12.0,0.0,1.0,0.0,0.0,0.0,0.0
6,235,6.599934382705097,3.432926105609866,0.0,1.0,0.0,1.0,1.0,0.0
7,235,1.7802910423735752,6.712939466847989,0.0,1.0,0.0,1.0,0.0,0.0
8,235,12.0,1.3201525812884491,0.0,0.0,0.0,1.0,0.0,0.0
9,235,6.820581444851041,11.336543276403573,1.0,0.0,1.0,0.0,0.0,1.0
10,235,0.6606205219004347,8.217363282148721,1.0,0.0,0.0,0.0,1.0,1.0
11,235,10.971595808906642,10.228827751806636,1.0,0.0,1.0,0.0,0.0,1.0
12,235,4.114946162680679,0.0,0.0,0.0,1.0,1.0,0.0,0.0
13,235,10.175610601495247,9.945285817005924,0.0,0.0,1.0,0.0,0.0,0.0
14,235,11.7207280077513,1.0233566866699069,1.0,1.0,1.0,0.0,0.0,1.0
15,235,8.24833775653433,2.592301964267109,0.0,0.0,0.0,1.0,1.0,0.0
16,235,7.83089462278153,2.8986216498149044,0.0,0.0,0.0,0.0,1.0,1.0
17,235,3.067424445484636,0.0,0.0,0.0,0.0,0.0,1.0,1.0
18,235,5.27395711715804,2.472425540902425,0.0,1.0,0.0,0.0,0.0,1.0
19,235,11.989542927804573,12.0,0.0,1.0,0.0,0.0,1.0,0.0
0,240,7.314749796676331,8.96567411105129,0.0,0.0,1.0,1.0,1.0,0.0
1,240,8.402907605959395,2.799983372022645,0.0,0.0,1.0,0.0,0.0,0.0
2,240,0.0,12.0,1.0,0.0,0.0,1.0,1.0,1.0
3,240,7.592169497715318,6.671145799297976,0.0,0.0,0.0,0.0,1.0,1.0
4,240,0.0,4.844886949634942,1.0,0.0,1.0,0.0,1.0,1.0
5,240,0.5049542961091152,12.0,0.0,1.0,0.0,0.0,0.0,0.0
6,240,6.468800235033522,3.473558874536516,0.0,1.0,0.0,1.0,1.0,0.0
7,240,1.755700689057914,6.701519985038031,0.0,1.0,0.0,1.0,0.0,0.0
8,240,12.0,1.3835623789239584,0.0,0.0,0.0,1.0,0.0,0.0
9,240,6.829492166788855,11.513526651333732,1.0,0.0,1.0,0.0,0.0,1.0
10,240,0.5625027033008991,8.120595707698232,1.0,0.0,0.0,0.0,1.0,1.0
11,240,10.962914667338342,10.294523083736983,1.0,0.0,1.0,0.0,0.0,1.0
12,240,4.182967424182482,0.0,0.0,0.0,1.0,1.0,0.0,0.0
13,240,10.151812633955746,10.000810764430888,0.0,0.0,1.0,0.0,0.0,0.0
14,240,11.771925717263542,0.9016887151840278,1.0,1.0,1.0,0.0,0.0,1.0
15,240,8.401710766152636,2.454777392073496,0.0,0.0,0.0,1.0,1.0,0.0
16,240,7.820124048927044,2.806306458857833,0.0,0.0,0.0,0.0,1.0,1.0
17,240,2.9563790941023083,0.0,0.0,0.0,0.0,0.0,1.0,1.0
18,240,5.283713431010759,2.562390253243649,0.0,1.0,0.0,0.0,0.0,1.0
19,240,12.0,12.0,0.0,1.0,0.0,0.0,1.0,0.0
0,245,7.440470594254491,8.925014748588955,0.0,0.0,1.0,1.0,1.0,0.0
1,245,8.397419705316144,2.788871040866181,0.0,0.0,1.0,0.0,0.0,0.0
2,245,0.0,12.0,1.0,0.0,0.0,1.0,1.0,1.0
3,245,7.539211203790799,6.671094724617333,0.0,0.0,0.0,0.0,1.0,1.0
4,245,0.0,4.830319730209455,1.0,0.0,1.0,0.0,1.0,1.0
5,245,0.4758635460921851,12.0,0.0,1.0,0.0,0.0,0.0,0.0
6,245,6.337014973492583,3.5119127799480503,0.0,1.0,0.0,1.0,1.0,0.0
7,245,1.7125289242847963,6.681529902486976,0.0,1.0,0.0,1.0,0.0,0.0
8,245,12.0,1.4489586377327095,0.0,0.0,0.0,1.0,0.0,0.0
9,245,6.841127011193075,11.697644832283812,1.0,0.0,1.0,0.0,0.0,1.0
10,245,0.454053217786782,8.014326149099038,1.0,0.0,0.0,0.0,1.0,1.0
11,245,10.956206842234684,10.351623571890148,1.0,0.0,1.0,0.0,0.0,1.0
12,245,4.2565307316007335,0.0,0.0,0.0,1.0,1.0,0.0,0.0
13,245,10.126263802196137,10.0558953260588,0.0,0.0,1.0,0.0,0.0,0.0
14,245,11.82914184281103,0.7645295860618673,1.0,1.0,1.0,0.0,0.0,1.0
15,245,8.56344876041507,2.31338169202684,0.0,0.0,0.0,1.0,1.0,0.0
16,245,7.809129438305966,2.707243781134529,0.0,0.0,0.0,0.0,1.0,1.0
17,245,2.833202456720493,0.0,0.0,0.0,0.0,0.0,1.0,1.0
18,245,5.291893419734167,2.653176101251487,0.0,1.0,0.0,0.0,0.0,1.0
19,245,12.0,12.0,0.0,1.0,0.0,0.0,1.0,0.0
0,250,7.551317723351325,8.885946021373458,0.0,0.0,1.0,1.0,1.0,0.0
1,250,8.387001687813443,2.766802196942471,0.0,0.0,1.0,0.0,0.0,0.0
2,250,0.0,12.0,1.0,0.0,0.0,1.0,1.0,1.0
3,250,7.497711955058816,6.670902422715503,0.0,0.0,0.0,0.0,1.0,1.0
4,250,0.0,4.817990223778238,1.0,0.0,1.0,0.0,1.0,1.0
5,250,0.4574367097037631,12.0,0.0,1.0,0.0,0.0,0.0,0.0
6,250,6.195163140632748,3.5516715436960444,0.0,1.0,0.0,1.0,1.0,0.0
7,250,1.685512353880195,6.669542045293113,0.0,1.0,0.0,1.0,0.0,0.0
8,250,11.933200655878982,1.6126595087631326,0.0,0.0,0.0,1.0,0.0,0.0
9,250,6.849089637971221,11.841847633082724,1.0,0.0,1.0,0.0,0.0,1.0
10,250,0.3208340549303212,7.885900402233335,1.0,0.0,0.0,0.0,1.0,1.0
11,250,10.948890972055407,10.426162769373368,1.0,0.0,1.0,0.0,0.0,1.0
12,250,4.328761332768703,0.0,0.0,0.0,1.0,1.0,0.0,0.0
13,250,10.105397126025276,10.10419787512074,0.0,0.0,1.0,0.0,0.0,0.0
14,250,11.882229708325116,0.6321628383530458,1.0,1.0,1.0,0.0,0.0,1.0
15,250,8.72694151773435,2.1602509184428063,0.0,0.0,0.0,1.0,1.0,0.0
16,250,7.800940983647995,2.6216220501644045,0.0,0.0,0.0,0.0,1.0,1.0
17,250,2.76193676098978,0.1149010242289503,0.0,0.0,0.0,0.0,1.0,1.0
18,250,5.297913156401284,2.737995208478441,0.0,1.0,0.0,0.0,0.0,1.0
19,250,12.0,12.0,0.0,1.0,0.0,0.0,1.0,0.0
0,255,7.670387388311583,8.842993104252228,0.0,0.0,1.0,1.0,1.0,0.0
1,255,8.375999594482385,2.744212722204122,0.0,0.0,1.0,0.0,0.0,0.0
2,255,0.0,12.0,1.0,0.0,0.0,1.0,1.0,1.0
3,255,7.480137662014943,6.670780179001178,0.0,0.0,0.0,0.0,1.0,1.0
4,255,0.0,4.80403188221548,1.0,0.0,1.0,0.0,1.0,1.0
5,255,0.453807864542764,12.0,0.0,1.0,0.0,0.0,0.0,0.0
6,255,6.049444033679398,3.5915799535793456,0.0,1.0,0.0,1.0,1.0,0.0
7,255,1.6718608047726784,6.663259125843212,0.0,1.0,0.0,1.0,0.0,0.0
8,255,11.876476010070675,1.7594636168892408,0.0,0.0,0.0,1.0,0.0,0.0
9,255,6.854302987493951,12.0,1.0,0.0,1.0,0.0,0.0,1.0
10,255,0.1853512831108025,7.759435402581502,1.0,0.0,0.0,0.0,1.0,1.0
11,255,10.94155004297309,10.486644778015046,1.0,0.0,1.0,0.0,0.0,1.0
12,255,4.398814737870567,0.0,0.0,0.0,1.0,1.0,0.0,0.0
13,255,10.092763908426967,10.131998139400888,0.0,0.0,1.0,0.0,0.0,0.0
14,255,11.926266241693046,0.5208166602494706,1.0,1.0,1.0,0.0,0.0,1.0
15,255,8.887936651653579,2.004489913998853,0.0,0.0,0.0,1.0,1.0,0.0
16,255,7.792569952766147,2.521832565839942,0.0,0.0,0.0,0.0,1.0,1.0
17,255,2.690505838786468,0.2341986372197001,0.0,0.0,0.0,0.0,1.0,1.0
18,255,5.304477865114801,2.800103635824668,0.0,1.0,0.0,0.0,0.0,1.0
19,255,12.0,12.0,0.0,1.0,0.0,0.0,1.0,0.0
0,260,7.792987434451036,8.798167975125414,0.0,0.0,1.0,1.0,1.0,0.0
1,260,8.366370497114861,2.724052457385202,0.0,0.0,1.0,0.0,0.0,0.0
2,260,0.0,12.0,1.0,0.0,0.0,1.0,1.0,1.0
3,260,7.479598275915973,6.6707744973754695,0.0,0.0,0.0,0.0,1.0,1.0
4,260,0.0140986134469605,4.771122924450994,1.0,0.0,1.0,0.0,1.0,1.0
5,260,0.4409311240131136,12.0,0.0,1.0,0.0,0.0,0.0,0.0
6,260,5.897078724283928,3.630213436965368,0.0,1.0,0.0,1.0,1.0,0.0
7,260,1.664305632997663,6.659701036593094,0.0,1.0,0.0,1.0,0.0,0.0
8,260,11.819599284884296,1.9034149615414944,0.0,0.0,0.0,1.0,0.0,0.0
9,260,6.856860383658568,12.0,1.0,0.0,1.0,0.0,0.0,1.0
10,260,0.0445052639166971,7.625767819449967,1.0,0.0,0.0,0.0,1.0,1.0
11,260,10.93353167275002,10.55505094666467,1.0,0.0,1.0,0.0,0.0,1.0
12,260,4.4636621826965,0.0,0.0,0.0,1.0,1.0,0.0,0.0
13,260,10.078753955913538,10.161925047479668,0.0,0.0,1.0,0.0,0.0,0.0
14,260,11.977467566322948,0.3970008150204459,1.0,1.0,1.0,0.0,0.0,1.0
15,260,9.05412127475346,1.8502860468307876,0.0,0.0,0.0,1.0,1.0,0.0
16,260,7.78766377456342,2.444398098677832,0.0,0.0,0.0,0.0,1.0,1.0
17,260,2.621605445086092,0.3592429359008131,0.0,0.0,0.0,0.0,1.0,1.0
18,260,5.309704990232012,2.852233065684745,0.0,1.0,0.0,0.0,0.0,1.0
19,260,12.0,12.0,0.0,1.0,0.0,0.0,1.0,0.0
0,265,7.930057519837422,8.744924567125171,0.0,0.0,1.0,1.0,1.0,0.0
1,265,8.359482572425893,2.7102410322263606,0.0,0.0,1.0,0.0,0.0,0.0
2,265,0.0,12.0,1.0,0.0,0.0,1.0,1.0,1.0
3,265,7.469967799883976,6.670687441484318,0.0,0.0,0.0,0.0,1.0,1.0
4,265,0.0254863153835635,4.743803845860418,1.0,0.0,1.0,0.0,1.0,1.0
5,265,0.4325154277559194,12.0,0.0,1.0,0.0,0.0,0.0,0.0
6,265,5.752500505293709,3.6695108747800536,0.0,1.0,0.0,1.0,1.0,0.0
7,265,1.6576251347504494,6.656301116281754,0.0,1.0,0.0,1.0,0.0,0.0
8,265,11.766083113061717,2.0406755588720107,0.0,0.0,0.0,1.0,0.0,0.0
9,265,6.855755933049289,12.0,1.0,0.0,1.0,0.0,0.0,1.0
10,265,0.0,7.484260144327371,1.0,0.0,0.0,0.0,1.0,1.0
11,265,10.924324165579293,10.621046878262636,1.0,0.0,1.0,0.0,0.0,1.0
12,265,4.532429405798442,0.0,0.0,0.0,1.0,1.0,0.0,0.0
13,265,10.059144307934163,10.200026787899896,0.0,0.0,1.0,0.0,0.0,0.0
14,265,12.0,0.2948165593321936,1.0,1.0,1.0,0.0,0.0,1.0
15,265,9.244029336642589,1.6772595590118469,0.0,0.0,0.0,1.0,1.0,0.0
16,265,7.785168236923194,2.397138960582165,0.0,0.0,0.0,0.0,1.0,1.0
17,265,2.538901291761741,0.5041757995719035,0.0,0.0,0.0,0.0,1.0,1.0
18,265,5.313816734003767,2.904872828546325,0.0,1.0,0.0,0.0,0.0,1.0
19,265,12.0,12.0,0.0,1.0,0.0,0.0,1.0,0.0
0,270,8.076422242423272,8.691669096688935,0.0,0.0,1.0,1.0,1.0,0.0
1,270,8.34096522286643,2.671907082029804,0.0,0.0,1.0,0.0,0.0,0.0
2,270,0.0,12.0,1.0,0.0,0.0,1.0,1.0,1.0
3,270,7.473194998985146,6.670819074500553,0.0,0.0,0.0,0.0,1.0,1.0
4,270,0.0404777773413343,4.703099059167177,1.0,0.0,1.0,0.0,1.0,1.0
5,270,0.4421555029629346,11.987128769994383,0.0,1.0,0.0,0.0,0.0,0.0
6,270,5.627215723774664,3.701979673681995,0.0,1.0,0.0,1.0,1.0,0.0
7,270,1.664797896808224,6.65972174777153,0.0,1.0,0.0,1.0,0.0,0.0
8,270,11.719223042976722,2.158618907539339,0.0,0.0,0.0,1.0,0.0,0.0
9,270,6.850747698708181,12.0,1.0,0.0,1.0,0.0,0.0,1.0
10,270,0.0,7.349241927191598,1.0,0.0,0.0,0.0,1.0,1.0
11,270,10.914929073441812,10.696265411575936,1.0,0.0,1.0,0.0,0.0,1.0
12,270,4.600940919756118,0.0,0.0,0.0,1.0,1.0,0.0,0.0
13,270,10.043554943048438,10.23227242032064,0.0,0.0,1.0,0.0,0.0,0.0
14,270,12.0,0.1811916546525583,1.0,1.0,1.0,0.0,0.0,1.0
15,270,9.41377088428297,1.522909332443794,0.0,0.0,0.0,1.0,1.0,0.0
16,270,7.782420435734742,2.3367847933682424,0.0,0.0,0.0,0.0,1.0,1.0
17,270,2.4610332047483765,0.641710105534291,0.0,0.0,0.0,0.0,1.0,1.0
18,270,5.315555079001486,2.933340887620367,0.0,1.0,0.0,0.0,0.0,1.0
19,270,12.0,12.0,0.0,1.0,0.0,0.0,1.0,0.0
0,275,8.211655761472265,8.643558870763538,0.0,0.0,1.0,1.0,1.0,0.0
1,275,8.326172725676543,2.6416608082295863,0.0,0.0,1.0,0.0,0.0,0.0
2,275,0.0,12.0,1.0,0.0,0.0,1.0,1.0,1.0
3,275,7.477745274520329,6.670988760217612,0.0,0.0,0.0,0.0,1.0,1.0
4,275,0.055597055051622,4.662390947229142,1.0,0.0,1.0,0.0,1.0,1.0
5,275,0.455188458503005,11.969934474701196,0.0,1.0,0.0,0.0,0.0,0.0
6,275,5.506011983093867,3.735331463460674,0.0,1.0,0.0,1.0,1.0,0.0
7,275,1.6846508818401464,6.66863473038397,0.0,1.0,0.0,1.0,0.0,0.0
8,275,11.656395146928848,2.307349713668056,0.0,0.0,0.0,1.0,0.0,0.0
9,275,6.847029746481735,12.0,1.0,0.0,1.0,0.0,0.0,1.0
10,275,0.0,7.210852335318606,1.0,0.0,0.0,0.0,1.0,1.0
11,275,10.90424667926383,10.77594399338183,1.0,0.0,1.0,0.0,0.0,1.0
12,275,4.6599160080221225,0.0,0.0,0.0,1.0,1.0,0.0,0.0
13,275,10.016086527191506,10.288348388666536,0.0,0.0,1.0,0.0,0.0,0.0
14,275,12.0,0.0640241092740189,1.0,1.0,1.0,0.0,0.0,1.0
15,275,9.597752026872945,1.3544210129925305,0.0,0.0,0.0,1.0,1.0,0.0
16,275,7.779019694904608,2.267920977040322,0.0,0.0,0.0,0.0,1.0,1.0
17,275,2.3739382073962165,0.7915210315725343,0.0,0.0,0.0,0.0,1.0,1.0
18,275,5.316512464433178,2.95706360209562,0.0,1.0,0.0,0.0,0.0,1.0
19,275,12.0,12.0,0.0,1.0,0.0,0.0,1.0,0.0
0,280,8.344049825486252,8.600654629246336,0.0,0.0,1.0,1.0,1.0,0.0
1,280,8.302114385557513,2.595228404370425,0.0,0.0,1.0,0.0,0.0,0.0
2,280,0.0,12.0,1.0,0.0,0.0,1.0,1.0,1.0
3,280,7.484506379938735,6.671451983666409,0.0,0.0,0.0,0.0,1.0,1.0
4,280,0.0704946930565463,4.625775667431965,1.0,0.0,1.0,0.0,1.0,1.0
5,280,0.464888426857804,11.957023362342856,0.0,1.0,0.0,0.0,0.0,0.0
6,280,5.3902896357275445,3.765599073492756,0.0,1.0,0.0,1.0,1.0,0.0
7,280,1.703115007078117,6.677363759533996,0.0,1.0,0.0,1.0,0.0,0.0
8,280,11.49801669867582,2.2384930419405,0.0,0.0,0.0,1.0,0.0,0.0
9,280,6.8399483089959405,12.0,1.0,0.0,1.0,0.0,0.0,1.0
10,280,0.0,7.095598033229955,1.0,0.0,0.0,0.0,1.0,1.0
11,280,10.894949147979135,10.850160691434464,1.0,0.0,1.0,0.0,0.0,1.0
12,280,4.721270248825625,0.0,0.0,0.0,1.0,1.0,0.0,0.0
13,280,9.99020841551948,10.339184862190184,0.0,0.0,1.0,0.0,0.0,0.0
14,280,12.0,0.0,1.0,1.0,1.0,0.0,0.0,1.0
15,280,9.776056386406134,1.1893722648505158,0.0,0.0,0.0,1.0,1.0,0.0
16,280,7.775356026556303,2.2074364429789117,0.0,0.0,0.0,0.0,1.0,1.0
17,280,2.270304569835678,0.9468376238470562,0.0,0.0,0.0,0.0,1.0,1.0
18,280,5.316184948509164,2.951995114782041,0.0,1.0,0.0,0.0,0.0,1.0
19,280,12.0,12.0,0.0,1.0,0.0,0.0,1.0,0.0
0,285,8.476502981549531,8.553111088329382,0.0,0.0,1.0,1.0,1.0,0.0
1,285,8.281513192645523,2.556220625444063,0.0,0.0,1.0,0.0,0.0,0.0
2,285,0.0,12.0,1.0,0.0,0.0,1.0,1.0,1.0
3,285,7.518006650484922,6.673094359801554,0.0,0.0,0.0,0.0,1.0,1.0
4,285,0.0834853233282759,4.595111884472493,1.0,0.0,1.0,0.0,1.0,1.0
5,285,0.4612113401842339,11.96190825758428,0.0,1.0,0.0,0.0,0.0,0.0
6,285,5.279367201678158,3.796999354256466,0.0,1.0,0.0,1.0,1.0,0.0
7,285,1.7220008826938524,6.686096642578466,0.0,1.0,0.0,1.0,0.0,0.0
8,285,11.351464744923122,2.172027726212044,0.0,0.0,0.0,1.0,0.0,0.0
9,285,6.832645715799984,12.0,1.0,0.0,1.0,0.0,0.0,1.0
10,285,0.0,6.957434159722477,1.0,0.0,0.0,0.0,1.0,1.0
11,285,10.882807385948457,10.958428222546836,1.0,0.0,1.0,0.0,0.0,1.0
12,285,4.779297732152538,0.0,0.0,0.0,1.0,1.0,0.0,0.0
13,285,9.973843504141126,10.3692036471035,0.0,0.0,1.0,0.0,0.0,0.0
14,285,12.0,0.0,1.0,1.0,1.0,0.0,0.0,1.0
15,285,9.95306828799258,1.033333452612278,0.0,0.0,0.0,1.0,1.0,0.0
16,285,7.770173604701794,2.1386594154609275,0.0,0.0,0.0,0.0,1.0,1.0
17,285,2.1700352737078537,1.0953610451085487,0.0,0.0,0.0,0.0,1.0,1.0
18,285,5.314900693458368,2.9283153181120523,0.0,1.0,0.0,0.0,0.0,1.0
19,285,12.0,12.0,0.0,1.0,0.0,0.0,1.0,0.0
0,290,8.601377688559287,8.513403401239609,0.0,0.0,1.0,1.0,1.0,0.0
1,290,8.259315614935714,2.5145745240651007,0.0,0.0,1.0,0.0,0.0,0.0
2,290,0.0,12.0,1.0,0.0,0.0,1.0,1.0,1.0
3,290,7.54188046887405,6.674364253657287,0.0,0.0,0.0,0.0,1.0,1.0
4,290,0.0987467472262767,4.559694853250481,1.0,0.0,1.0,0.0,1.0,1.0
5,290,0.4562780019095089,11.96858995228506,0.0,1.0,0.0,0.0,0.0,0.0
6,290,5.173328144066493,3.831257240932292,0.0,1.0,0.0,1.0,1.0,0.0
7,290,1.739275754270576,6.693777436396238,0.0,1.0,0.0,1.0,0.0,0.0
8,290,11.209593113345772,2.1087820192656115,0.0,0.0,0.0,1.0,0.0,0.0
9,290,6.831014399624037,12.0,1.0,0.0,1.0,0.0,0.0,1.0
10,290,0.0,6.788243129707699,1.0,0.0,0.0,0.0,1.0,1.0
11,290,10.87616511159184,11.054345109952688,1.0,0.0,1.0,0.0,0.0,1.0
12,290,4.832781985717179,0.0,0.0,0.0,1.0,1.0,0.0,0.0
13,290,9.937905841687638,10.43480488300609,0.0,0.0,1.0,0.0,0.0,0.0
14,290,12.0,0.0,1.0,1.0,1.0,0.0,0.0,1.0
15,290,10.129801158392176,0.8819518349450692,0.0,0.0,0.0,1.0,1.0,0.0
16,290,7.764923543543703,2.085558770903911,0.0,0.0,0.0,0.0,1.0,1.0
17,290,2.064768409790156,1.248492723027942,0.0,0.0,0.0,0.0,1.0,1.0
18,290,5.312358905419766,2.884664567195632,0.0,1.0,0.0,0.0,0.0,1.0
19,290,12.0,12.0,0.0,1.0,0.0,0.0,1.0,0.0
0,295,8.74623255044296,8.468420475071177,0.0,0.0,1.0,1.0,1.0,0.0
1,295,8.233580386940318,2.4630071663737696,0.0,0.0,1.0,0.0,0.0,0.0
2,295,0.0,12.0,1.0,0.0,0.0,1.0,1.0,1.0
3,295,7.5663366258524976,6.676036266699321,0.0,0.0,0.0,0.0,1.0,1.0
4,295,0.1109219712881579,4.531179989008372,1.0,0.0,1.0,0.0,1.0,1.0
5,295,0.4443387152609008,11.985078364750509,0.0,1.0,0.0,0.0,0.0,0.0
6,295,5.0735028276029865,3.863091666961429,0.0,1.0,0.0,1.0,1.0,0.0
7,295,1.7509842695112612,6.698905876989794,0.0,1.0,0.0,1.0,0.0,0.0
8,295,11.081682143327413,2.051996443484742,0.0,0.0,0.0,1.0,0.0,0.0
9,295,6.832656668239882,12.0,1.0,0.0,1.0,0.0,0.0,1.0
10,295,0.0,6.630473558636957,1.0,0.0,0.0,0.0,1.0,1.0
11,295,10.867539834766278,11.141371695097822,1.0,0.0,1.0,0.0,0.0,1.0
12,295,4.894581858050231,0.0,0.0,0.0,1.0,1.0,0.0,0.0
13,295,9.905165793986445,10.498818857521323,0.0,0.0,1.0,0.0,0.0,0.0
14,295,12.0,0.0,1.0,1.0,1.0,0.0,0.0,1.0
15,295,10.2975554497906,0.7353504212003663,0.0,0.0,0.0,1.0,1.0,0.0
16,295,7.7590696178345295,2.031118801670417,0.0,0.0,0.0,0.0,1.0,1.0
17,295,1.970891604403244,1.3816287056242504,0.0,0.0,0.0,0.0,1.0,1.0
18,295,5.3111690520735415,2.857526159417482,0.0,1.0,0.0,0.0,0.0,1.0
19,295,12.0,12.0,0.0,1.0,0.0,0.0,1.0,0.0
