0,0,0.0056808026608642,7.971909064577017,0.0,1.0,0.0,1.0,0.0,1.0
1,0,5.021805337502816,8.017088144731007,1.0,0.0,1.0,1.0,1.0,1.0
2,0,11.96790572699248,7.97804726462401,0.0,0.0,0.0,0.0,0.0,0.0
3,0,10.948733611260907,11.002901137628944,0.0,0.0,1.0,0.0,0.0,0.0
4,0,2.975579636450264,2.0527052229574108,0.0,0.0,1.0,0.0,1.0,0.0
5,0,11.052860707949383,10.995506644859022,1.0,1.0,0.0,0.0,0.0,0.0
6,0,5.027347042525731,3.0588343446396107,1.0,0.0,1.0,0.0,1.0,1.0
7,0,10.010810936050284,10.044602222279076,0.0,0.0,0.0,0.0,1.0,0.0
8,0,7.989405348263269,4.959962946137781,0.0,0.0,1.0,1.0,0.0,1.0
9,0,4.039094522937774,0.0,1.0,0.0,0.0,1.0,0.0,0.0
10,0,9.973504941101131,2.069481434223765,0.0,1.0,1.0,0.0,0.0,0.0
11,0,11.962432504618471,10.961411927662931,0.0,0.0,0.0,0.0,1.0,1.0
12,0,10.038091400225436,10.032583548732472,0.0,0.0,0.0,0.0,0.0,0.0
13,0,11.002882347602908,0.0,0.0,1.0,0.0,1.0,1.0,0.0
14,0,12.0,2.949316692461868,1.0,0.0,0.0,1.0,0.0,0.0
15,0,3.040676935330652,11.955023419396746,0.0,0.0,0.0,0.0,1.0,0.0
16,0,6.071370922476353,1.0314410134020924,1.0,0.0,0.0,0.0,1.0,0.0
17,0,10.038721941557805,1.0574433324515615,1.0,0.0,0.0,1.0,0.0,0.0
18,0,11.973306965192137,5.062981666831025,0.0,0.0,0.0,0.0,0.0,0.0
19,0,12.0,3.0503030169540715,0.0,0.0,1.0,1.0,0.0,0.0
20,0,6.051848513261197,1.0245286381558667,0.0,0.0,0.0,0.0,0.0,0.0
21,0,5.959879429171045,2.0005222026351395,0.0,0.0,0.0,0.0,1.0,1.0
22,0,4.990081710257543,3.083465779158044,0.0,0.0,0.0,0.0,0.0,0.0
23,0,11.96299990576716,2.0115766405845585,0.0,1.0,1.0,1.0,0.0,1.0
24,0,0.9395852613279324,3.971688961634805,1.0,1.0,1.0,1.0,0.0,0.0
25,0,8.969824324724716,9.975135019160655,0.0,1.0,0.0,0.0,1.0,1.0
26,0,4.974037008313792,10.9675169706196,0.0,0.0,0.0,1.0,1.0,1.0
27,0,10.069131772679189,4.982545721944335,0.0,0.0,0.0,1.0,0.0,1.0
28,0,2.9533829251082584,6.051444656331277,0.0,0.0,0.0,0.0,0.0,0.0
29,0,5.953359736141064,9.990969675359734,1.0,0.0,0.0,0.0,0.0,0.0
30,0,10.0369478790466,10.988173688531214,1.0,1.0,0.0,0.0,1.0,1.0
31,0,0.0120765463673458,7.949190518769805,1.0,1.0,1.0,1.0,0.0,0.0
32,0,11.004480498598657,3.950728138587332,0.0,0.0,0.0,1.0,0.0,0.0
33,0,11.031003841857547,2.024897368576953,0.0,1.0,0.0,0.0,0.0,0.0
34,0,5.978140022822658,0.0,0.0,1.0,0.0,0.0,1.0,0.0
35,0,10.91513650076332,7.954508310229859,1.0,0.0,0.0,0.0,1.0,0.0
36,0,1.0274966443536155,0.0,0.0,1.0,1.0,0.0,1.0,1.0
37,0,6.025609457654636,6.049797250782837,1.0,0.0,0.0,0.0,1.0,1.0
38,0,9.970137402790284,10.020745784400036,1.0,0.0,1.0,0.0,1.0,0.0
39,0,3.937175083347308,8.044726589386597,0.0,1.0,1.0,1.0,1.0,1.0
0,5,0.0119503555882821,7.941655705303849,0.0,1.0,0.0,1.0,0.0,1.0
1,5,5.036838631179854,8.028085155390537,1.0,0.0,1.0,1.0,1.0,1.0
2,5,11.95242445765258,7.967602201498855,0.0,0.0,0.0,0.0,0.0,0.0
3,5,10.904332757837626,11.006077934884791,0.0,0.0,1.0,0.0,0.0,0.0
4,5,2.953720925332012,2.099482852610314,0.0,0.0,1.0,0.0,1.0,0.0
5,5,11.104425516938612,10.990415645951929,1.0,1.0,0.0,0.0,0.0,0.0
6,5,5.052263480175989,3.1103820874549304,1.0,0.0,1.0,0.0,1.0,1.0
7,5,10.022353224696742,10.095731556472934,0.0,0.0,0.0,0.0,1.0,0.0
8,5,7.979737669062945,4.922630127945999,0.0,0.0,1.0,1.0,0.0,1.0
9,5,4.072303708995135,0.0,1.0,0.0,0.0,1.0,0.0,0.0
10,5,9.94702097107961,2.140015467016052,0.0,1.0,1.0,0.0,0.0,0.0
11,5,11.910854246479412,10.908593441724538,0.0,0.0,0.0,0.0,1.0,1.0
12,5,10.055240025755475,10.04760645052338,0.0,0.0,0.0,0.0,0.0,0.0
13,5,11.007830460352388,0.0,0.0,1.0,0.0,1.0,1.0,0.0
14,5,12.0,2.912087569618767,1.0,0.0,0.0,1.0,0.0,0.0
15,5,3.086434144355503,11.906717255089184,0.0,0.0,0.0,0.0,1.0,0.0
16,5,6.145233485986879,1.066508577293393,1.0,0.0,0.0,0.0,1.0,0.0
17,5,10.076271015348588,1.1152575669044813,1.0,0.0,0.0,1.0,0.0,0.0
18,5,11.955793874352343,5.102306845271711,0.0,0.0,0.0,0.0,0.0,0.0
19,5,12.0,3.101418128934457,0.0,0.0,1.0,1.0,0.0,0.0
20,5,6.087599809087282,1.042067079544155,0.0,0.0,0.0,0.0,0.0,0.0
21,5,5.8981188745983655,1.99968105459206,0.0,0.0,0.0,0.0,1.0,1.0
22,5,4.979347092994459,3.1728278440266777,0.0,0.0,0.0,0.0,0.0,0.0
23,5,11.91508863577191,2.026289340355771,0.0,1.0,1.0,1.0,0.0,1.0
24,5,0.8697905907137319,3.939227004497612,1.0,1.0,1.0,1.0,0.0,0.0
25,5,8.941879215725583,9.952236955772298,0.0,1.0,0.0,0.0,1.0,1.0
26,5,4.930184389678762,10.912161394233191,0.0,0.0,0.0,1.0,1.0,1.0
27,5,10.1293634886442,4.96688069123376,0.0,0.0,0.0,1.0,0.0,1.0
28,5,2.925718162657956,6.081073575039926,0.0,0.0,0.0,0.0,0.0,0.0
29,5,5.907803196251846,9.979253186161374,1.0,0.0,0.0,0.0,0.0,0.0
30,5,10.078057101978663,10.97463765945384,1.0,1.0,0.0,0.0,1.0,1.0
31,5,0.0200281073688866,7.918256445622494,1.0,1.0,1.0,1.0,0.0,0.0
32,5,11.011994828559486,3.891142621106378,0.0,0.0,0.0,1.0,0.0,0.0
33,5,11.032664143671717,2.026232317132665,0.0,1.0,0.0,0.0,0.0,0.0
34,5,5.948786263099957,0.0,0.0,1.0,0.0,0.0,1.0,0.0
35,5,10.82370094562363,7.906436798043734,1.0,0.0,0.0,0.0,1.0,0.0
36,5,1.0460503474150566,0.0,0.0,1.0,1.0,0.0,1.0,1.0
37,5,6.04629673487346,6.091326095307356,1.0,0.0,0.0,0.0,1.0,1.0
38,5,9.929510810137222,10.049913823607035,1.0,0.0,1.0,0.0,1.0,0.0
39,5,3.868878339352073,8.092647185689389,0.0,1.0,1.0,1.0,1.0,1.0
0,10,0.0199973980557953,7.900528978436236,0.0,1.0,0.0,1.0,0.0,1.0
1,10,5.046997462128123,8.035587869671609,1.0,0.0,1.0,1.0,1.0,1.0
2,10,11.92487185857058,7.949857272144202,0.0,0.0,0.0,0.0,0.0,0.0
3,10,10.863553700699049,11.008494005527194,0.0,0.0,1.0,0.0,0.0,0.0
4,10,2.929526824887808,2.1505482242600875,0.0,0.0,1.0,0.0,1.0,0.0
5,10,11.146381230244655,10.985061786900715,1.0,1.0,0.0,0.0,0.0,0.0
6,10,5.074550557279687,3.158133747416529,1.0,0.0,1.0,0.0,1.0,1.0
7,10,10.02939695135078,10.125503035519616,0.0,0.0,0.0,0.0,1.0,0.0
8,10,7.971497320041687,4.889918279480318,0.0,0.0,1.0,1.0,0.0,1.0
9,10,4.085511887124493,0.0,1.0,0.0,0.0,1.0,0.0,0.0
10,10,9.92328776421321,2.2041029378552364,0.0,1.0,1.0,0.0,0.0,0.0
11,10,11.855342543986156,10.8511337302601,0.0,0.0,0.0,0.0,1.0,1.0
12,10,10.06033608167355,10.052327834154228,0.0,0.0,0.0,0.0,0.0,0.0
13,10,11.012528966213576,0.0,0.0,1.0,0.0,1.0,1.0,0.0
14,10,12.0,2.886738414107353,1.0,0.0,0.0,1.0,0.0,0.0
15,10,3.1178585702941386,11.873905844512809,0.0,0.0,0.0,0.0,1.0,0.0
16,10,6.214118071175932,1.0976459698009455,1.0,0.0,0.0,0.0,1.0,0.0
17,10,10.111113290607422,1.169745324304715,1.0,0.0,0.0,1.0,0.0,0.0
18,10,11.931138838030746,5.155601211674578,0.0,0.0,0.0,0.0,0.0,0.0
19,10,12.0,3.161698647491171,0.0,0.0,1.0,1.0,0.0,0.0
20,10,6.121999845723836,1.0588687446246348,0.0,0.0,0.0,0.0,0.0,0.0
21,10,5.816781433480947,1.99842074425065,0.0,0.0,0.0,0.0,1.0,1.0
22,10,4.968602129935625,3.2675845076697123,0.0,0.0,0.0,0.0,0.0,0.0
23,10,11.875258107351812,2.039506168717217,0.0,1.0,1.0,1.0,0.0,1.0
24,10,0.8060847219198721,3.908867684462448,1.0,1.0,1.0,1.0,0.0,0.0
25,10,8.911537038526495,9.927488137213146,0.0,1.0,0.0,0.0,1.0,1.0
26,10,4.87663717664854,10.84468681506624,0.0,0.0,0.0,1.0,1.0,1.0
27,10,10.20081938893354,4.948080380669038,0.0,0.0,0.0,1.0,0.0,1.0
28,10,2.8932829628459857,6.115126884191101,0.0,0.0,0.0,0.0,0.0,0.0
29,10,5.8408508753884325,9.960156778626745,1.0,0.0,0.0,0.0,0.0,0.0
30,10,10.11366125203358,10.96398227161768,1.0,1.0,0.0,0.0,1.0,1.0
31,10,0.030593950719777,7.878101355764317,1.0,1.0,1.0,1.0,0.0,0.0
32,10,11.020033269400804,3.832778398979528,0.0,0.0,0.0,1.0,0.0,0.0
33,10,11.042748752621373,2.0341326604114847,0.0,1.0,0.0,0.0,0.0,0.0
34,10,5.916579707372321,0.0,0.0,1.0,0.0,0.0,1.0,0.0
35,10,10.737462896479755,7.861157353198816,1.0,0.0,0.0,0.0,1.0,0.0
36,10,1.0702974032057428,0.0,0.0,1.0,1.0,0.0,1.0,1.0
37,10,6.055348525412106,6.110060452171515,1.0,0.0,0.0,0.0,1.0,1.0
38,10,9.876615422617265,10.088609120063383,1.0,0.0,1.0,0.0,1.0,0.0
39,10,3.809741980023445,8.13151324692989,0.0,1.0,1.0,1.0,1.0,1.0
0,15,0.0293465704548677,7.852758346999119,0.0,1.0,0.0,1.0,0.0,1.0
1,15,5.0569642720485,8.043017683693114,1.0,0.0,1.0,1.0,1.0,1.0
2,15,11.89969237250372,7.932945985630408,0.0,0.0,0.0,0.0,0.0,0.0
3,15,10.81677877379363,11.011905549664217,0.0,0.0,1.0,0.0,0.0,0.0
4,15,2.9040531629338675,2.2036847642385853,0.0,0.0,1.0,0.0,1.0,0.0
5,15,11.186922978782468,10.979382110822437,1.0,1.0,0.0,0.0,0.0,0.0
6,15,5.102634641401132,3.214047178692208,1.0,0.0,1.0,0.0,1.0,1.0
7,15,10.039476959784205,10.160913664259526,0.0,0.0,0.0,0.0,1.0,0.0
8,15,7.960995159835434,4.851583704004901,0.0,0.0,1.0,1.0,0.0,1.0
9,15,4.11119257998422,0.0,1.0,0.0,0.0,1.0,0.0,0.0
10,15,9.90621241151676,2.251630822443277,0.0,1.0,1.0,0.0,0.0,0.0
11,15,11.797758164300127,10.794162513878524,0.0,0.0,0.0,0.0,1.0,1.0
12,15,10.06159912986765,10.05348005529342,0.0,0.0,0.0,0.0,0.0,0.0
13,15,11.014655661178926,0.0,0.0,1.0,0.0,1.0,1.0,0.0
14,15,12.0,2.875655221794955,1.0,0.0,0.0,1.0,0.0,0.0
15,15,3.1575656715261498,11.834857348139888,0.0,0.0,0.0,0.0,1.0,0.0
16,15,6.304449929286533,1.1409811638655185,1.0,0.0,0.0,0.0,1.0,0.0
17,15,10.151328561020376,1.2301299898251663,1.0,0.0,0.0,1.0,0.0,0.0
18,15,11.90240510405454,5.217154414315947,0.0,0.0,0.0,0.0,0.0,0.0
19,15,12.0,3.212244077484744,0.0,0.0,1.0,1.0,0.0,0.0
20,15,6.15599796780586,1.0758923554649351,0.0,0.0,0.0,0.0,0.0,0.0
21,15,5.707808523737449,1.9966668358775583,0.0,0.0,0.0,0.0,1.0,1.0
22,15,4.95792525579782,3.368558461350592,0.0,0.0,0.0,0.0,0.0,0.0
23,15,11.82907001827552,2.055979503168332,0.0,1.0,1.0,1.0,0.0,1.0
24,15,0.7429449367247096,3.8787598091390345,1.0,1.0,1.0,1.0,0.0,0.0
25,15,8.874121872005889,9.897552754276354,0.0,1.0,0.0,0.0,1.0,1.0
26,15,4.820362175453557,10.778628632905914,0.0,0.0,0.0,1.0,1.0,1.0
27,15,10.270527862102853,4.9268086255853465,0.0,0.0,0.0,1.0,0.0,1.0
28,15,2.8433998273835157,6.165941598780044,0.0,0.0,0.0,0.0,0.0,0.0
29,15,5.775611973061974,9.941829359721632,1.0,0.0,0.0,0.0,0.0,0.0
30,15,10.133296869686031,10.958302011377173,1.0,1.0,0.0,0.0,1.0,1.0
31,15,0.0363875193969445,7.857532099775507,1.0,1.0,1.0,1.0,0.0,0.0
32,15,11.0293146176007,3.7541444633329633,0.0,0.0,0.0,1.0,0.0,0.0
33,15,11.043153948109978,2.034473953858272,0.0,1.0,0.0,0.0,0.0,0.0
34,15,5.88077481392187,0.0,0.0,1.0,0.0,0.0,1.0,0.0
35,15,10.653788265160616,7.818258129822649,1.0,0.0,0.0,0.0,1.0,0.0
36,15,1.1040000206189684,0.0,0.0,1.0,1.0,0.0,1.0,1.0
37,15,6.069196581555247,6.136447348930785,1.0,0.0,0.0,0.0,1.0,1.0
38,15,9.826749908236504,10.124287609122709,1.0,0.0,1.0,0.0,1.0,0.0
39,15,3.745391965812093,8.173622406644274,0.0,1.0,1.0,1.0,1.0,1.0
0,20,0.0419331065771402,7.790404122016695,0.0,1.0,0.0,1.0,0.0,1.0
1,20,5.062986079967562,8.047504341449363,1.0,0.0,1.0,1.0,1.0,1.0
2,20,11.88619951798711,7.924026593579991,0.0,0.0,0.0,0.0,0.0,0.0
3,20,10.755306475054022,11.016252093992604,0.0,0.0,1.0,0.0,0.0,0.0
4,20,2.8793452565039304,2.2579278102357034,0.0,0.0,1.0,0.0,1.0,0.0
5,20,11.191923866668308,10.978690265861427,1.0,1.0,0.0,0.0,0.0,0.0
6,20,5.136535876160402,3.274772662541332,1.0,0.0,1.0,0.0,1.0,1.0
7,20,10.046950055350376,10.185796473401608,0.0,0.0,0.0,0.0,1.0,0.0
8,20,7.956564455944552,4.834620034795238,0.0,0.0,1.0,1.0,0.0,1.0
9,20,4.149432957049828,0.0,1.0,0.0,0.0,1.0,0.0,0.0
10,20,9.89212414475523,2.2913806313888685,0.0,1.0,1.0,0.0,0.0,0.0
11,20,11.73617843234579,10.73349953003811,0.0,0.0,0.0,0.0,1.0,1.0
12,20,10.041858658780342,10.035717383166718,0.0,0.0,0.0,0.0,0.0,0.0
13,20,11.016342077071506,0.0,0.0,1.0,0.0,1.0,1.0,0.0
14,20,12.0,2.872335485707681,1.0,0.0,0.0,1.0,0.0,0.0
15,20,3.2102255069082024,11.784938836273428,0.0,0.0,0.0,0.0,1.0,0.0
16,20,6.401403001195156,1.1908885120511006,1.0,0.0,0.0,0.0,1.0,0.0
17,20,10.18922297622128,1.284962064286887,1.0,0.0,0.0,1.0,0.0,0.0
18,20,11.869076672522596,5.2833504467850645,0.0,0.0,0.0,0.0,0.0,0.0
19,20,12.0,3.27242427834114,0.0,0.0,1.0,1.0,0.0,0.0
20,20,6.169031217989442,1.08210594787279,0.0,0.0,0.0,0.0,0.0,0.0
21,20,5.621918103694161,1.993934771703526,0.0,0.0,0.0,0.0,1.0,1.0
22,20,4.947794934426647,3.472418069348717,0.0,0.0,0.0,0.0,0.0,0.0
23,20,11.815230470214663,2.060916202983149,0.0,1.0,1.0,1.0,0.0,1.0
24,20,0.6665381708917206,3.842181610287647,1.0,1.0,1.0,1.0,0.0,0.0
25,20,8.853264882754637,9.880663630715793,0.0,1.0,0.0,0.0,1.0,1.0
26,20,4.7622693535334815,10.709443025823164,0.0,0.0,0.0,1.0,1.0,1.0
27,20,10.365049950040229,4.902004029866226,0.0,0.0,0.0,1.0,0.0,1.0
28,20,2.792352803523646,6.218511889895739,0.0,0.0,0.0,0.0,0.0,0.0
29,20,5.718130611025583,9.924894963917062,1.0,0.0,0.0,0.0,0.0,0.0
30,20,10.145186469637675,10.955084679127046,1.0,1.0,0.0,0.0,1.0,1.0
31,20,0.0373891651818137,7.853641721727077,1.0,1.0,1.0,1.0,0.0,0.0
32,20,11.037555649275916,3.680936126387373,0.0,0.0,0.0,1.0,0.0,0.0
33,20,11.04253358671331,2.0339693463829485,0.0,1.0,0.0,0.0,0.0,0.0
34,20,5.852956392691785,0.0,0.0,1.0,0.0,0.0,1.0,0.0
35,20,10.568816597511791,7.773427984513634,1.0,0.0,0.0,0.0,1.0,0.0
36,20,1.1338287975717725,0.0,0.0,1.0,1.0,0.0,1.0,1.0
37,20,6.077875944687836,6.152647035022771,1.0,0.0,0.0,0.0,1.0,1.0
38,20,9.79011645180364,10.070944436010471,1.0,0.0,1.0,0.0,1.0,0.0
39,20,3.677852162959692,8.215172600904154,0.0,1.0,1.0,1.0,1.0,1.0
0,25,0.0,7.780766763251825,0.0,1.0,0.0,1.0,0.0,1.0
1,25,5.05456086668569,8.041150736520231,1.0,0.0,1.0,1.0,1.0,1.0
2,25,11.887728579476004,7.925008036165256,0.0,0.0,0.0,0.0,0.0,0.0
3,25,10.69176284117728,11.01988575905156,0.0,0.0,1.0,0.0,0.0,0.0
4,25,2.8545780246187578,2.3123656470289133,0.0,0.0,1.0,0.0,1.0,0.0
5,25,11.202679511010205,10.977123641728808,1.0,1.0,0.0,0.0,0.0,0.0
6,25,5.163266665673304,3.323270702278393,1.0,0.0,1.0,0.0,1.0,1.0
7,25,10.05046004375762,10.197454858581866,0.0,0.0,0.0,0.0,1.0,0.0
8,25,7.946377855055163,4.79746092279459,0.0,0.0,1.0,1.0,0.0,1.0
9,25,4.183611081431598,0.0,1.0,0.0,0.0,1.0,0.0,0.0
10,25,9.878953384849774,2.325809692414105,0.0,1.0,1.0,0.0,0.0,0.0
11,25,11.663449780502452,10.662571263387733,0.0,0.0,0.0,0.0,1.0,1.0
12,25,10.006912976675864,10.002889140463886,0.0,0.0,0.0,0.0,0.0,0.0
13,25,11.016959240537323,0.0,0.0,1.0,0.0,1.0,1.0,0.0
14,25,12.0,2.8691293827198643,1.0,0.0,0.0,1.0,0.0,0.0
15,25,3.2557482634768995,11.742064557785762,0.0,0.0,0.0,0.0,1.0,0.0
16,25,6.500888475416663,1.2436850686307832,1.0,0.0,0.0,0.0,1.0,0.0
17,25,10.220059219794534,1.3274114374766204,1.0,0.0,0.0,1.0,0.0,0.0
18,25,11.839169105139652,5.344555912378543,0.0,0.0,0.0,0.0,0.0,0.0
19,25,12.0,3.33666849314924,0.0,0.0,1.0,1.0,0.0,0.0
20,25,6.214171374225198,1.1046286024621674,0.0,0.0,0.0,0.0,0.0,0.0
21,25,5.524810593014298,1.9916712455035976,0.0,0.0,0.0,0.0,1.0,1.0
22,25,4.938133052307801,3.5777696910695536,0.0,0.0,0.0,0.0,0.0,0.0
23,25,11.81250205175902,2.061921348602939,0.0,1.0,1.0,1.0,0.0,1.0
24,25,0.6131302475735783,3.817474658673985,1.0,1.0,1.0,1.0,0.0,0.0
25,25,8.84593831539806,9.874301071523156,0.0,1.0,0.0,0.0,1.0,1.0
26,25,4.717810953784165,10.655739337074078,0.0,0.0,0.0,1.0,1.0,1.0
27,25,10.45530730253123,4.8805480763138265,0.0,0.0,0.0,1.0,0.0,1.0
28,25,2.740719724626854,6.270476733376345,0.0,0.0,0.0,0.0,0.0,0.0
29,25,5.672678227875995,9.91109782864613,1.0,0.0,0.0,0.0,0.0,0.0
30,25,10.129834652724172,10.959318715119842,1.0,1.0,0.0,0.0,1.0,1.0
31,25,0.0389413569655235,7.847184394117008,1.0,1.0,1.0,1.0,0.0,0.0
32,25,11.048165135011988,3.600724592573829,0.0,0.0,0.0,1.0,0.0,0.0
33,25,11.044351936796486,2.035393463381764,0.0,1.0,0.0,0.0,0.0,0.0
34,25,5.835281332220916,0.0,0.0,1.0,0.0,0.0,1.0,0.0
35,25,10.45446930132094,7.711297641223109,1.0,0.0,0.0,0.0,1.0,0.0
36,25,1.1619679102374598,0.0,0.0,1.0,1.0,0.0,1.0,1.0
37,25,6.067475392726098,6.158180500604623,1.0,0.0,0.0,0.0,1.0,1.0
38,25,9.745924805410365,10.005387160065457,1.0,0.0,1.0,0.0,1.0,0.0
39,25,3.605648008401177,8.260886361645541,0.0,1.0,1.0,1.0,1.0,1.0
0,30,0.0,7.773273024208091,0.0,1.0,0.0,1.0,0.0,1.0
1,30,5.044376443361494,8.033193707060505,1.0,0.0,1.0,1.0,1.0,1.0
2,30,11.868175608236298,7.912954650699147,0.0,0.0,0.0,0.0,0.0,0.0
3,30,10.610026421731542,11.024197845632996,0.0,0.0,1.0,0.0,0.0,0.0
4,30,2.8337406584141345,2.357318083165633,0.0,0.0,1.0,0.0,1.0,0.0
5,30,11.229620636472603,10.973271204698673,1.0,1.0,0.0,0.0,0.0,0.0
6,30,5.212958482670002,3.2961069813516244,1.0,0.0,1.0,0.0,1.0,1.0
7,30,10.061677740785294,10.23384132640098,0.0,0.0,0.0,0.0,1.0,0.0
8,30,7.943894432846548,4.788367157647511,0.0,0.0,1.0,1.0,0.0,1.0
9,30,4.208390870566714,0.0,1.0,0.0,0.0,1.0,0.0,0.0
10,30,9.864454977625629,2.365468742089466,0.0,1.0,1.0,0.0,0.0,0.0
11,30,11.584819352507164,10.585678218850402,0.0,0.0,0.0,0.0,1.0,1.0
12,30,9.945031168243638,9.94229179295436,0.0,0.0,0.0,0.0,0.0,0.0
13,30,11.017456528735757,0.0,0.0,1.0,0.0,1.0,1.0,0.0
14,30,12.0,2.863995928956084,1.0,0.0,0.0,1.0,0.0,0.0
15,30,3.293393008504292,11.705779395765996,0.0,0.0,0.0,0.0,1.0,0.0
16,30,6.581976001255442,1.2867863699209423,1.0,0.0,0.0,0.0,1.0,0.0
17,30,10.248008515850682,1.3641118506617196,1.0,0.0,0.0,1.0,0.0,0.0
18,30,11.816720650524816,5.389931332496556,0.0,0.0,0.0,0.0,0.0,0.0
19,30,12.0,3.3881315510252974,0.0,0.0,1.0,1.0,0.0,0.0
20,30,6.262015649553104,1.1280918716951518,0.0,0.0,0.0,0.0,0.0,0.0
21,30,5.432983844638077,1.9922628953670092,0.0,0.0,0.0,0.0,1.0,1.0
22,30,4.925907621059739,3.679038382698784,0.0,0.0,0.0,0.0,0.0,0.0
23,30,11.81635516758146,2.06045246012846,0.0,1.0,1.0,1.0,0.0,1.0
24,30,0.5662979937711732,3.794741295083511,1.0,1.0,1.0,1.0,0.0,0.0
25,30,8.817030690614834,9.848448899666565,0.0,1.0,0.0,0.0,1.0,1.0
26,30,4.664867152029027,10.593374811823304,0.0,0.0,0.0,1.0,1.0,1.0
27,30,10.547960436754323,4.85838609250059,0.0,0.0,0.0,1.0,0.0,1.0
28,30,2.682183462388481,6.329096092033021,0.0,0.0,0.0,0.0,0.0,0.0
29,30,5.628100745271718,9.898390868985487,1.0,0.0,0.0,0.0,0.0,0.0
30,30,10.101031959644114,10.966792607764358,1.0,1.0,0.0,0.0,1.0,1.0
31,30,0.0338255205169165,7.8691380463912335,1.0,1.0,1.0,1.0,0.0,0.0
32,30,11.058111629220086,3.5169066303550967,0.0,0.0,0.0,1.0,0.0,0.0
33,30,11.048580820455784,2.0300370664771954,0.0,1.0,0.0,0.0,0.0,0.0
34,30,5.874979020902914,0.0,0.0,1.0,0.0,0.0,1.0,0.0
35,30,10.35463901000914,7.657713216407573,1.0,0.0,0.0,0.0,1.0,0.0
36,30,1.1995199693493168,0.0,0.0,1.0,1.0,0.0,1.0,1.0
37,30,6.043267541795376,6.171610227872023,1.0,0.0,0.0,0.0,1.0,1.0
38,30,9.70976585783606,9.954717556232326,1.0,0.0,1.0,0.0,1.0,0.0
39,30,3.527186084053457,8.310179791620792,0.0,1.0,1.0,1.0,1.0,1.0
0,35,0.0,7.768028170490421,0.0,1.0,0.0,1.0,0.0,1.0
1,35,5.022755707724132,8.015917725269647,1.0,0.0,1.0,1.0,1.0,1.0
2,35,11.86548668768864,7.91130753809905,0.0,0.0,0.0,0.0,0.0,0.0
3,35,10.52186405562855,11.0311099538984,0.0,0.0,1.0,0.0,0.0,0.0
4,35,2.8079330836755294,2.414817538461481,0.0,0.0,1.0,0.0,1.0,0.0
5,35,11.24190768228804,10.971946369214354,1.0,1.0,0.0,0.0,0.0,0.0
6,35,5.268615852562232,3.266068408065607,1.0,0.0,1.0,0.0,1.0,1.0
7,35,10.0651572488378,10.245280110864735,0.0,0.0,0.0,0.0,1.0,0.0
8,35,7.94318142009731,4.785948312954615,0.0,0.0,1.0,1.0,0.0,1.0
9,35,4.236883964585775,0.0,1.0,0.0,0.0,1.0,0.0,0.0
10,35,9.841120261004738,2.4293039927633777,0.0,1.0,1.0,0.0,0.0,0.0
11,35,11.506753968647097,10.51081045251663,0.0,0.0,0.0,0.0,1.0,1.0
12,35,9.884557415272443,9.878887938950824,0.0,0.0,0.0,0.0,0.0,0.0
13,35,11.01801652574068,0.0,0.0,1.0,0.0,1.0,1.0,0.0
14,35,12.0,2.8446813076182744,1.0,0.0,0.0,1.0,0.0,0.0
15,35,3.3125948055859658,11.68685023863763,0.0,0.0,0.0,0.0,1.0,0.0
16,35,6.649638772522777,1.3212004305875382,1.0,0.0,0.0,0.0,1.0,0.0
17,35,10.274936622131769,1.3993159720118424,1.0,0.0,0.0,1.0,0.0,0.0
18,35,11.80840146345277,5.407680615912228,0.0,0.0,0.0,0.0,0.0,0.0
19,35,12.0,3.4347925463625155,0.0,0.0,1.0,1.0,0.0,0.0
20,35,6.318663698741521,1.157925460114957,0.0,0.0,0.0,0.0,0.0,0.0
21,35,5.342558475846363,1.9934085356809104,0.0,0.0,0.0,0.0,1.0,1.0
22,35,4.9128109786595004,3.770081847194236,0.0,0.0,0.0,0.0,0.0,0.0
23,35,11.833116031245511,2.0545184208295177,0.0,1.0,1.0,1.0,0.0,1.0
24,35,0.5450576950661772,3.784458221908177,1.0,1.0,1.0,1.0,0.0,0.0
25,35,8.797337639864626,9.830514261256392,0.0,1.0,0.0,0.0,1.0,1.0
26,35,4.6198375701455685,10.540538627132817,0.0,0.0,0.0,1.0,1.0,1.0
27,35,10.652843583618871,4.833838608325017,0.0,0.0,0.0,1.0,0.0,1.0
28,35,2.6197312013183405,6.391787340683687,0.0,0.0,0.0,0.0,0.0,0.0
29,35,5.563394658211929,9.881601531872692,1.0,0.0,0.0,0.0,0.0,0.0
30,35,10.08330963107842,10.97135791781273,1.0,1.0,0.0,0.0,1.0,1.0
31,35,0.023299446172221,7.909655135674946,1.0,1.0,1.0,1.0,0.0,0.0
32,35,11.069965481045452,3.4066674887656547,0.0,0.0,0.0,1.0,0.0,0.0
33,35,11.038772235238886,2.0424335442414825,0.0,1.0,0.0,0.0,0.0,0.0
34,35,5.908687588158684,0.0,0.0,1.0,0.0,0.0,1.0,0.0
35,35,10.26777765848122,7.609866831963333,1.0,0.0,0.0,0.0,1.0,0.0
36,35,1.258666850773973,0.0,0.0,1.0,1.0,0.0,1.0,1.0
37,35,6.02010991053225,6.184809516283508,1.0,0.0,0.0,0.0,1.0,1.0
38,35,9.666893422624874,9.895719995518183,1.0,0.0,1.0,0.0,1.0,0.0
39,35,3.4584929676995078,8.35462152192349,0.0,1.0,1.0,1.0,1.0,1.0
0,40,0.0,7.766036341189004,0.0,1.0,0.0,1.0,0.0,1.0
1,40,4.993452125063818,7.992985573945496,1.0,0.0,1.0,1.0,1.0,1.0
2,40,11.88410219493101,7.922738570007884,0.0,0.0,0.0,0.0,0.0,0.0
3,40,10.435680339625314,11.03889178916923,0.0,0.0,1.0,0.0,0.0,0.0
4,40,2.7760226798388943,2.487275267248341,0.0,0.0,1.0,0.0,1.0,0.0
5,40,11.253797255670134,10.970930029446222,1.0,1.0,0.0,0.0,0.0,0.0
6,40,5.326746648018911,3.235742501626115,1.0,0.0,1.0,0.0,1.0,1.0
7,40,10.071627230388204,10.266361735618222,0.0,0.0,0.0,0.0,1.0,0.0
8,40,7.944440764436349,4.790327073691816,0.0,0.0,1.0,1.0,0.0,1.0
9,40,4.247706233208406,0.0,1.0,0.0,0.0,1.0,0.0,0.0
10,40,9.81148524356425,2.5114725418761004,0.0,1.0,1.0,0.0,0.0,0.0
11,40,11.421632696517406,10.424214264224693,0.0,0.0,0.0,0.0,1.0,1.0
12,40,9.841035850983914,9.832929093082337,0.0,0.0,0.0,0.0,0.0,0.0
13,40,11.018233174303274,0.0,0.0,1.0,0.0,1.0,1.0,0.0
14,40,12.0,2.806014042202297,1.0,0.0,0.0,1.0,0.0,0.0
15,40,3.329057067817593,11.670684765378532,0.0,0.0,0.0,0.0,1.0,0.0
16,40,6.701146632634107,1.345798112372331,1.0,0.0,0.0,0.0,1.0,0.0
17,40,10.293867022441464,1.423957656835898,1.0,0.0,0.0,1.0,0.0,0.0
18,40,11.830356038139918,5.418051555091596,0.0,0.0,0.0,0.0,0.0,0.0
19,40,12.0,3.483945853920922,0.0,0.0,1.0,1.0,0.0,0.0
20,40,6.389446168085492,1.196471780882631,0.0,0.0,0.0,0.0,0.0,0.0
21,40,5.237453351931299,1.9957337573208749,0.0,0.0,0.0,0.0,1.0,1.0
22,40,4.900327747861852,3.868735331692299,0.0,0.0,0.0,0.0,0.0,0.0
23,40,11.861128009890376,2.0442203621154427,0.0,1.0,1.0,1.0,0.0,1.0
24,40,0.5072632558234856,3.7644296447618175,1.0,1.0,1.0,1.0,0.0,0.0
25,40,8.778906468158235,9.81332855697362,0.0,1.0,0.0,0.0,1.0,1.0
26,40,4.575632743659664,10.487777505848085,0.0,0.0,0.0,1.0,1.0,1.0
27,40,10.744001431559516,4.813961441172481,0.0,0.0,0.0,1.0,0.0,1.0
28,40,2.5477998354607223,6.465814452987867,0.0,0.0,0.0,0.0,0.0,0.0
29,40,5.495588010644458,9.86260733932042,1.0,0.0,0.0,0.0,0.0,0.0
30,40,10.051190702359426,10.979926602486248,1.0,1.0,0.0,0.0,1.0,1.0
31,40,0.0164439345805922,7.934092864894319,1.0,1.0,1.0,1.0,0.0,0.0
32,40,11.078280931832564,3.2973032835649407,0.0,0.0,0.0,1.0,0.0,0.0
33,40,11.0226580442856,2.063940627713178,0.0,1.0,0.0,0.0,0.0,0.0
34,40,5.9401278118981855,0.0,0.0,1.0,0.0,0.0,1.0,0.0
35,40,10.187406028615554,7.564013759545339,1.0,0.0,0.0,0.0,1.0,0.0
36,40,1.3057470860680525,0.0,0.0,1.0,1.0,0.0,1.0,1.0
37,40,5.998219477114004,6.197295324841891,1.0,0.0,0.0,0.0,1.0,1.0
38,40,9.620684905516772,9.834159154333888,1.0,0.0,1.0,0.0,1.0,0.0
39,40,3.3981624283633503,8.392605451018273,0.0,1.0,1.0,1.0,1.0,1.0
0,45,0.0,7.763886596432484,0.0,1.0,0.0,1.0,0.0,1.0
1,45,4.9622975699821765,7.968591583497613,1.0,0.0,1.0,1.0,1.0,1.0
2,45,11.91557788056419,7.942106443848872,0.0,0.0,0.0,0.0,0.0,0.0
3,45,10.3524834000383,11.045373512000577,0.0,0.0,1.0,0.0,0.0,0.0
4,45,2.7477714916517817,2.5466730771949613,0.0,0.0,1.0,0.0,1.0,0.0
5,45,11.244664837683134,10.971621044468426,1.0,1.0,0.0,0.0,0.0,0.0
6,45,5.384677657554509,3.207056553917735,1.0,0.0,1.0,0.0,1.0,1.0
7,45,10.074742053694834,10.276480666013796,0.0,0.0,0.0,0.0,1.0,0.0
8,45,7.946930005545552,4.797918536669689,0.0,0.0,1.0,1.0,0.0,1.0
9,45,4.28909365752363,0.0,1.0,0.0,0.0,1.0,0.0,0.0
10,45,9.784659359161752,2.5914550168739727,0.0,1.0,1.0,0.0,0.0,0.0
11,45,11.31690685870704,10.322204773177086,0.0,0.0,0.0,0.0,1.0,1.0
12,45,9.794254477940948,9.784444804895958,0.0,0.0,0.0,0.0,0.0,0.0
13,45,11.01794937358806,0.0032368659391778,0.0,1.0,0.0,1.0,1.0,0.0
14,45,12.0,2.746668347637011,1.0,0.0,0.0,1.0,0.0,0.0
15,45,3.3151627142480717,11.656938922039638,0.0,0.0,0.0,0.0,1.0,0.0
16,45,6.759842355498825,1.374597918541895,1.0,0.0,0.0,0.0,1.0,0.0
17,45,10.310498139836174,1.4469332171871714,1.0,0.0,0.0,1.0,0.0,0.0
18,45,11.875934598297858,5.440308253549535,0.0,0.0,0.0,0.0,0.0,0.0
19,45,12.0,3.5367158899611093,0.0,0.0,1.0,1.0,0.0,0.0
20,45,6.463508253853345,1.2336285664194582,0.0,0.0,0.0,0.0,0.0,0.0
21,45,5.148807920415892,2.000723199311065,0.0,0.0,0.0,0.0,1.0,1.0
22,45,4.889315810291986,3.966339970839351,0.0,0.0,0.0,0.0,0.0,0.0
23,45,11.888671430211115,2.034128489019854,0.0,1.0,1.0,1.0,0.0,1.0
24,45,0.4628385870499759,3.742900222527569,1.0,1.0,1.0,1.0,0.0,0.0
25,45,8.743022509014908,9.780075011179248,0.0,1.0,0.0,0.0,1.0,1.0
26,45,4.531527784858572,10.432948939386788,0.0,0.0,0.0,1.0,1.0,1.0
27,45,10.836287669136052,4.793225874186831,0.0,0.0,0.0,1.0,0.0,1.0
28,45,2.4849924562636416,6.531122273503422,0.0,0.0,0.0,0.0,0.0,0.0
29,45,5.413144561599292,9.838223934653376,1.0,0.0,0.0,0.0,0.0,0.0
30,45,10.059601114670002,11.013681883967772,1.0,1.0,0.0,0.0,1.0,1.0
31,45,0.0090617490926847,7.957437773827464,1.0,1.0,1.0,1.0,0.0,0.0
32,45,11.085014911487084,3.184011224143232,0.0,0.0,0.0,1.0,0.0,0.0
33,45,11.012084496976964,2.0780100814050013,0.0,1.0,0.0,0.0,0.0,0.0
34,45,5.966220850970168,0.0,0.0,1.0,0.0,0.0,1.0,0.0
35,45,10.09058635840483,7.508214154872058,1.0,0.0,0.0,0.0,1.0,0.0
36,45,1.3536216644968355,0.0,0.0,1.0,1.0,0.0,1.0,1.0
37,45,5.9554728054612855,6.221402418087643,1.0,0.0,0.0,0.0,1.0,1.0
38,45,9.580337199791298,9.779967980414291,1.0,0.0,1.0,0.0,1.0,0.0
39,45,3.353390319505289,8.318552763471075,0.0,1.0,1.0,1.0,1.0,1.0
0,50,0.0,7.762967676387238,0.0,1.0,0.0,1.0,0.0,1.0
1,50,4.92668580306822,7.941153723432293,1.0,0.0,1.0,1.0,1.0,1.0
2,50,11.964151209354863,7.971271317629856,0.0,0.0,0.0,0.0,0.0,0.0
3,50,10.264647828591508,11.053062119660463,0.0,0.0,1.0,0.0,0.0,0.0
4,50,2.7128183028190285,2.624552930686111,0.0,0.0,1.0,0.0,1.0,0.0
5,50,11.226555546133444,10.972945766643416,1.0,1.0,0.0,0.0,0.0,0.0
6,50,5.433814714926544,3.181395829369153,1.0,0.0,1.0,0.0,1.0,1.0
7,50,10.077381790597212,10.284973830065164,0.0,0.0,0.0,0.0,1.0,0.0
8,50,7.947203787382345,4.798767474054859,0.0,0.0,1.0,1.0,0.0,1.0
9,50,4.338086277777278,0.0,1.0,0.0,0.0,1.0,0.0,0.0
10,50,9.76231189901809,2.6608490386855874,0.0,1.0,1.0,0.0,0.0,0.0
11,50,11.221983416345177,10.224643522103005,0.0,0.0,0.0,0.0,1.0,1.0
12,50,9.727626451605564,9.713869129077022,0.0,0.0,0.0,0.0,0.0,0.0
13,50,11.01803034737049,0.0023446031016326,0.0,1.0,0.0,1.0,1.0,0.0
14,50,12.0,2.680300362826854,1.0,0.0,0.0,1.0,0.0,0.0
15,50,3.3039217193248738,11.645823795256598,0.0,0.0,0.0,0.0,1.0,0.0
16,50,6.822140635744663,1.4036213419680814,1.0,0.0,0.0,0.0,1.0,0.0
17,50,10.32968861872924,1.472935831082974,1.0,0.0,0.0,1.0,0.0,0.0
18,50,11.909826907984964,5.455930953193616,0.0,0.0,0.0,0.0,0.0,0.0
19,50,12.0,3.6003161577883493,0.0,0.0,1.0,1.0,0.0,0.0
20,50,6.5496482661056445,1.2790041894820223,0.0,0.0,0.0,0.0,0.0,0.0
21,50,5.095934589539281,2.003891779456823,0.0,0.0,0.0,0.0,1.0,1.0
22,50,4.877188418494864,4.055966195470888,0.0,0.0,0.0,0.0,0.0,0.0
23,50,11.91791627798506,2.0235324585411285,0.0,1.0,1.0,1.0,0.0,1.0
24,50,0.4353025599340486,3.729865200079901,1.0,1.0,1.0,1.0,0.0,0.0
25,50,8.71736342294121,9.756130731293185,0.0,1.0,0.0,0.0,1.0,1.0
26,50,4.49518518250773,10.388896119096108,0.0,0.0,0.0,1.0,1.0,1.0
27,50,10.923157567884724,4.773513143919314,0.0,0.0,0.0,1.0,0.0,1.0
28,50,2.406893302003123,6.609439529707542,0.0,0.0,0.0,0.0,0.0,0.0
29,50,5.336476218482116,9.81662379393964,1.0,0.0,0.0,0.0,0.0,0.0
30,50,10.063122147194877,11.02812574506008,1.0,1.0,0.0,0.0,1.0,1.0
31,50,0.0013285730968082,7.9829497372711025,1.0,1.0,1.0,1.0,0.0,0.0
32,50,11.089102008383549,3.086909261018965,0.0,0.0,0.0,1.0,0.0,0.0
33,50,10.993113881750006,2.102413916554758,0.0,1.0,0.0,0.0,0.0,0.0
34,50,5.990423088263208,0.0,0.0,1.0,0.0,0.0,1.0,0.0
35,50,10.0048015123944,7.456579613555398,1.0,0.0,0.0,0.0,1.0,0.0
36,50,1.3954507066388624,0.0,0.0,1.0,1.0,0.0,1.0,1.0
37,50,5.930343941995678,6.236016218044041,1.0,0.0,0.0,0.0,1.0,1.0
38,50,9.548547772084584,9.737367628116406,1.0,0.0,1.0,0.0,1.0,0.0
39,50,3.311232222326749,8.247664916182945,0.0,1.0,1.0,1.0,1.0,1.0
0,55,0.0028740190768088,7.763459143481544,0.0,1.0,0.0,1.0,0.0,1.0
1,55,4.90006473219857,7.920966442693426,1.0,0.0,1.0,1.0,1.0,1.0
2,55,12.0,8.003755082068702,0.0,0.0,0.0,0.0,0.0,0.0
3,55,10.177139783701923,11.061512338324508,0.0,0.0,1.0,0.0,0.0,0.0
4,55,2.6765696916561783,2.7111928520116644,0.0,0.0,1.0,0.0,1.0,0.0
5,55,11.211557201247729,10.974054581331186,1.0,1.0,0.0,0.0,0.0,0.0
6,55,5.48262296305696,3.1551507194355684,1.0,0.0,1.0,0.0,1.0,1.0
7,55,10.073757179049442,10.271859141392632,0.0,0.0,0.0,0.0,1.0,0.0
8,55,7.941290422589338,4.780467899114188,0.0,0.0,1.0,1.0,0.0,1.0
9,55,4.384194569524316,0.0,1.0,0.0,0.0,1.0,0.0,0.0
10,55,9.734767089829576,2.75244874876466,0.0,1.0,1.0,0.0,0.0,0.0
11,55,11.126439286634582,10.119561127361347,0.0,0.0,0.0,0.0,1.0,1.0
12,55,9.652085606832536,9.62977124858507,0.0,0.0,0.0,0.0,0.0,0.0
13,55,11.019949865196686,0.0,0.0,1.0,0.0,1.0,1.0,0.0
14,55,12.0,2.617381099935589,1.0,0.0,0.0,1.0,0.0,0.0
15,55,3.291209359850236,11.633066933760755,0.0,0.0,0.0,0.0,1.0,0.0
16,55,6.879853023344226,1.431101427462224,1.0,0.0,0.0,0.0,1.0,0.0
17,55,10.33884641175341,1.4856127139856163,1.0,0.0,0.0,1.0,0.0,0.0
18,55,11.971428343772988,5.483271185808669,0.0,0.0,0.0,0.0,0.0,0.0
19,55,12.0,3.676117321685664,0.0,0.0,1.0,1.0,0.0,0.0
20,55,6.645704614715703,1.3295814920552722,0.0,0.0,0.0,0.0,0.0,0.0
21,55,5.054649758849874,2.006130645963542,0.0,0.0,0.0,0.0,1.0,1.0
22,55,4.864493536252635,4.156789174946099,0.0,0.0,0.0,0.0,0.0,0.0
23,55,11.944541322070128,2.0131951644596837,0.0,1.0,1.0,1.0,0.0,1.0
24,55,0.379677025642132,3.703866201512028,1.0,1.0,1.0,1.0,0.0,0.0
25,55,8.70169544195518,9.742445326974924,0.0,1.0,0.0,0.0,1.0,1.0
26,55,4.459916463640843,10.339508878848154,0.0,0.0,0.0,1.0,1.0,1.0
27,55,11.004556345987533,4.75505367044854,0.0,0.0,0.0,1.0,0.0,1.0
28,55,2.3314818917931044,6.683246059852263,0.0,0.0,0.0,0.0,0.0,0.0
29,55,5.239596900687976,9.79203706448862,1.0,0.0,0.0,0.0,0.0,0.0
30,55,10.062958548655883,11.027531147616877,1.0,1.0,0.0,0.0,1.0,1.0
31,55,0.0,7.990617397084933,1.0,1.0,1.0,1.0,0.0,0.0
32,55,11.09265401608686,2.9960395709604546,0.0,0.0,0.0,1.0,0.0,0.0
33,55,10.97240286900332,2.129137831344673,0.0,1.0,0.0,0.0,0.0,0.0
34,55,6.003500870703118,0.0,0.0,1.0,0.0,0.0,1.0,0.0
35,55,9.90698397794353,7.393568082772413,1.0,0.0,0.0,0.0,1.0,0.0
36,55,1.4256958768100074,0.0,0.0,1.0,1.0,0.0,1.0,1.0
37,55,5.914290471700593,6.245561686574511,1.0,0.0,0.0,0.0,1.0,1.0
38,55,9.511562852406072,9.687036800041112,1.0,0.0,1.0,0.0,1.0,0.0
39,55,3.2647845274105545,8.170630250595726,0.0,1.0,1.0,1.0,1.0,1.0
0,60,0.0,7.762334628192038,0.0,1.0,0.0,1.0,0.0,1.0
1,60,4.851666924852228,7.880966035450715,1.0,0.0,1.0,1.0,1.0,1.0
2,60,12.0,8.030240971958888,0.0,0.0,0.0,0.0,0.0,0.0
3,60,10.083870434927832,11.070406805512508,0.0,0.0,1.0,0.0,0.0,0.0
4,60,2.6429388667581173,2.7988823065578106,0.0,0.0,1.0,0.0,1.0,0.0
5,60,11.198119818424656,10.97532052339012,1.0,1.0,0.0,0.0,0.0,0.0
6,60,5.541929657010561,3.12317476333624,1.0,0.0,1.0,0.0,1.0,1.0
7,60,10.067362494323133,10.249468549939165,0.0,0.0,0.0,0.0,1.0,0.0
8,60,7.941972535070767,4.782677962759892,0.0,0.0,1.0,1.0,0.0,1.0
9,60,4.444911594782428,0.0,1.0,0.0,0.0,1.0,0.0,0.0
10,60,9.708602225181563,2.827839593254357,0.0,1.0,1.0,0.0,0.0,0.0
11,60,11.031560686501376,10.00756483368689,0.0,0.0,0.0,0.0,1.0,1.0
12,60,9.559354706123658,9.521461444835111,0.0,0.0,0.0,0.0,0.0,0.0
13,60,11.021394098633577,0.0,0.0,1.0,0.0,1.0,1.0,0.0
14,60,12.0,2.551819930416231,1.0,0.0,0.0,1.0,0.0,0.0
15,60,3.310496796122074,11.652803328282104,0.0,0.0,0.0,0.0,1.0,0.0
16,60,6.927414639224881,1.4532604160644458,1.0,0.0,0.0,0.0,1.0,0.0
17,60,10.35223612928113,1.504906873465454,1.0,0.0,0.0,1.0,0.0,0.0
18,60,12.0,5.516022731964765,0.0,0.0,0.0,0.0,0.0,0.0
19,60,12.0,3.744233229501392,0.0,0.0,1.0,1.0,0.0,0.0
20,60,6.778963934430678,1.4008134073653549,0.0,0.0,0.0,0.0,0.0,0.0
21,60,5.014941234755588,2.0083958561074984,0.0,0.0,0.0,0.0,1.0,1.0
22,60,4.851600318676304,4.252744950454921,0.0,0.0,0.0,0.0,0.0,0.0
23,60,11.982046435740603,1.997443698572845,0.0,1.0,1.0,1.0,0.0,1.0
24,60,0.3189437564488182,3.674571251858816,1.0,1.0,1.0,1.0,0.0,0.0
25,60,8.684297627939904,9.726958636650478,0.0,1.0,0.0,0.0,1.0,1.0
26,60,4.429182682919592,10.297585682442143,0.0,0.0,0.0,1.0,1.0,1.0
27,60,11.093631174314126,4.734411237073474,0.0,0.0,0.0,1.0,0.0,1.0
28,60,2.253622709428394,6.759631139646021,0.0,0.0,0.0,0.0,0.0,0.0
29,60,5.138932325076159,9.76982490623134,1.0,0.0,0.0,0.0,0.0,0.0
30,60,10.062513948382248,11.025877993101272,1.0,1.0,0.0,0.0,1.0,1.0
31,60,0.0,8.011149200899075,1.0,1.0,1.0,1.0,0.0,0.0
32,60,11.199230073994888,2.9948285946105067,0.0,0.0,0.0,1.0,0.0,0.0
33,60,10.953865184701982,2.153098849912447,0.0,1.0,0.0,0.0,0.0,0.0
34,60,6.03615088621666,0.0,0.0,1.0,0.0,0.0,1.0,0.0
35,60,9.790474075070405,7.319730989520532,1.0,0.0,0.0,0.0,1.0,0.0
36,60,1.4610518759354654,0.0,0.0,1.0,1.0,0.0,1.0,1.0
37,60,5.895968564374591,6.256708868610385,1.0,0.0,0.0,0.0,1.0,1.0
38,60,9.473102498263971,9.63367541335512,1.0,0.0,1.0,0.0,1.0,0.0
39,60,3.217938892822985,8.094193167783477,0.0,1.0,1.0,1.0,1.0,1.0
0,65,0.0,7.761287991227712,0.0,1.0,0.0,1.0,0.0,1.0
1,65,4.802695323387988,7.840149923388799,1.0,0.0,1.0,1.0,1.0,1.0
2,65,12.0,8.046903070027994,0.0,0.0,0.0,0.0,0.0,0.0
3,65,9.986944124138224,11.077565797693852,0.0,0.0,1.0,0.0,0.0,0.0
4,65,2.6190967703787185,2.861156462179752,0.0,0.0,1.0,0.0,1.0,0.0
5,65,11.187206824966845,10.9763000183219,1.0,1.0,0.0,0.0,0.0,0.0
6,65,5.565755970676848,3.168170953443999,1.0,0.0,1.0,0.0,1.0,1.0
7,65,10.065628591714871,10.243430474683429,0.0,0.0,0.0,0.0,1.0,0.0
8,65,7.941636290975797,4.781617438956255,0.0,0.0,1.0,1.0,0.0,1.0
9,65,4.4735655321185215,0.0,1.0,0.0,0.0,1.0,0.0,0.0
10,65,9.686539797864,2.8940508349676746,0.0,1.0,1.0,0.0,0.0,0.0
11,65,10.934218207715272,9.888737593192522,0.0,0.0,0.0,0.0,1.0,1.0
12,65,9.45487178483016,9.40147190956298,0.0,0.0,0.0,0.0,0.0,0.0
13,65,11.022452121241606,0.0,0.0,1.0,0.0,1.0,1.0,0.0
14,65,12.0,2.48504608206803,1.0,0.0,0.0,1.0,0.0,0.0
15,65,3.3307978226552524,11.67341586385901,0.0,0.0,0.0,0.0,1.0,0.0
16,65,6.983263151280693,1.4788050141204414,1.0,0.0,0.0,0.0,1.0,0.0
17,65,10.34736079877287,1.4979888276826985,1.0,0.0,0.0,1.0,0.0,0.0
18,65,12.0,5.544356167422502,0.0,0.0,0.0,0.0,0.0,0.0
19,65,12.0,3.8077699682753896,0.0,0.0,1.0,1.0,0.0,0.0
20,65,6.926782789751399,1.4819414517274334,0.0,0.0,0.0,0.0,0.0,0.0
21,65,4.968367933528762,2.012017172816285,0.0,0.0,0.0,0.0,1.0,1.0
22,65,4.83471993329543,4.352722121131366,0.0,0.0,0.0,0.0,0.0,0.0
23,65,12.0,1.9828839451097269,0.0,1.0,1.0,1.0,0.0,1.0
24,65,0.2623451484335598,3.649713932172166,1.0,1.0,1.0,1.0,0.0,0.0
25,65,8.66993841886643,9.71354353129901,0.0,1.0,0.0,0.0,1.0,1.0
26,65,4.4084889502822415,10.267625639173833,0.0,0.0,0.0,1.0,1.0,1.0
27,65,11.176058928189008,4.715019247187297,0.0,0.0,0.0,1.0,0.0,1.0
28,65,2.184402104806134,6.827568943251606,0.0,0.0,0.0,0.0,0.0,0.0
29,65,5.028493133823815,9.739252453592057,1.0,0.0,0.0,0.0,0.0,0.0
30,65,10.068293256156004,11.04678380752024,1.0,1.0,0.0,0.0,1.0,1.0
31,65,0.0,8.030968909564766,1.0,1.0,1.0,1.0,0.0,0.0
32,65,11.3123433093574,2.993922360599639,0.0,0.0,0.0,1.0,0.0,0.0
33,65,10.944256382292291,2.1651031352997614,0.0,1.0,0.0,0.0,0.0,0.0
34,65,6.07161193645618,0.0,0.0,1.0,0.0,0.0,1.0,0.0
35,65,9.663578556515256,7.239046036348864,1.0,0.0,0.0,0.0,1.0,0.0
36,65,1.4987713667067724,0.0,0.0,1.0,1.0,0.0,1.0,1.0
37,65,5.865433500612679,6.275092860537597,1.0,0.0,0.0,0.0,1.0,1.0
38,65,9.438776483589132,9.585615691164849,1.0,0.0,1.0,0.0,1.0,0.0
39,65,3.174019973780646,8.021052401146099,0.0,1.0,1.0,1.0,1.0,1.0
0,70,0.0,7.760857551432851,0.0,1.0,0.0,1.0,0.0,1.0
1,70,4.736377689889794,7.788850622702752,1.0,0.0,1.0,1.0,1.0,1.0
2,70,12.0,8.0671136198515,0.0,0.0,0.0,0.0,0.0,0.0
3,70,9.88646360810692,11.086080805000204,0.0,0.0,1.0,0.0,0.0,0.0
4,70,2.5968320103229483,2.920992892867747,0.0,0.0,1.0,0.0,1.0,0.0
5,70,11.161956439129751,10.978389357851665,1.0,1.0,0.0,0.0,0.0,0.0
6,70,5.589875170481784,3.216586216156481,1.0,0.0,1.0,0.0,1.0,1.0
7,70,10.054508962723752,10.207437031498204,0.0,0.0,0.0,0.0,1.0,0.0
8,70,7.942353405161754,4.783574328568268,0.0,0.0,1.0,1.0,0.0,1.0
9,70,4.4879920278553005,0.0,1.0,0.0,0.0,1.0,0.0,0.0
10,70,9.65896723266964,2.975375598785764,0.0,1.0,1.0,0.0,0.0,0.0
11,70,10.830044395726066,9.762113314450104,0.0,0.0,0.0,0.0,1.0,1.0
12,70,9.576214922141048,9.292923515915817,0.0,0.0,0.0,0.0,0.0,0.0
13,70,11.024605368404332,0.0,0.0,1.0,0.0,1.0,1.0,0.0
14,70,12.0,2.406706452780947,1.0,0.0,0.0,1.0,0.0,0.0
15,70,3.356557667984642,11.69786569354258,0.0,0.0,0.0,0.0,1.0,0.0
16,70,7.028512085572706,1.4982677534705953,1.0,0.0,0.0,0.0,1.0,0.0
17,70,10.33511409128496,1.4808154508993832,1.0,0.0,0.0,1.0,0.0,0.0
18,70,12.0,5.577425162942897,0.0,0.0,0.0,0.0,0.0,0.0
19,70,12.0,3.871746930130929,0.0,0.0,1.0,1.0,0.0,0.0
20,70,7.073282806604058,1.5602900876278123,0.0,0.0,0.0,0.0,0.0,0.0
21,70,4.919922672874029,2.0160066672296058,0.0,0.0,0.0,0.0,1.0,1.0
22,70,4.816818116467479,4.45841293322308,0.0,0.0,0.0,0.0,0.0,0.0
23,70,12.0,1.9704010975043051,0.0,1.0,1.0,1.0,0.0,1.0
24,70,0.2012101656274523,3.623589415954641,1.0,1.0,1.0,1.0,0.0,0.0
25,70,8.662501434608343,9.706407297217655,0.0,1.0,0.0,0.0,1.0,1.0
26,70,4.386728612671973,10.235262966846989,0.0,0.0,0.0,1.0,1.0,1.0
27,70,11.281974221971,4.692177203562837,0.0,0.0,0.0,1.0,0.0,1.0
28,70,2.112033194447582,6.898414508250222,0.0,0.0,0.0,0.0,0.0,0.0
29,70,4.919789485861834,9.713025153615169,1.0,0.0,0.0,0.0,0.0,0.0
30,70,10.078427882805476,11.083936326180035,1.0,1.0,0.0,0.0,1.0,1.0
31,70,0.0,8.03537569953124,1.0,1.0,1.0,1.0,0.0,0.0
32,70,11.42737935227453,2.99274926559592,0.0,0.0,0.0,1.0,0.0,0.0
33,70,10.936826845783248,2.174272353713508,0.0,1.0,0.0,0.0,0.0,0.0
34,70,6.11918468269558,0.0,0.0,1.0,0.0,0.0,1.0,0.0
35,70,9.534855248222655,7.158302766207812,1.0,0.0,0.0,0.0,1.0,0.0
36,70,1.5398763281239294,0.0,0.0,1.0,1.0,0.0,1.0,1.0
37,70,5.840275507890704,6.288603397888752,1.0,0.0,0.0,0.0,1.0,1.0
38,70,9.415148837298778,9.5524593920245,1.0,0.0,1.0,0.0,1.0,0.0
39,70,3.124547523530292,7.931692487542521,0.0,1.0,1.0,1.0,1.0,1.0
0,75,0.0,7.758855350784938,0.0,1.0,0.0,1.0,0.0,1.0
1,75,4.683943753947664,7.749697182376847,1.0,0.0,1.0,1.0,1.0,1.0
2,75,12.0,8.083152192987074,0.0,0.0,0.0,0.0,0.0,0.0
3,75,9.783684575457276,11.095341267781867,0.0,0.0,1.0,0.0,0.0,0.0
4,75,2.5788618763499143,2.968633738080655,0.0,0.0,1.0,0.0,1.0,0.0
5,75,11.125219821489088,10.98137238427493,1.0,1.0,0.0,0.0,0.0,0.0
6,75,5.611587007032167,3.262125998495917,1.0,0.0,1.0,0.0,1.0,1.0
7,75,10.035275108873211,10.14136580162724,0.0,0.0,0.0,0.0,1.0,0.0
8,75,7.938826457804153,4.77332593470732,0.0,0.0,1.0,1.0,0.0,1.0
9,75,4.495474407236598,0.0,1.0,0.0,0.0,1.0,0.0,0.0
10,75,9.640711779093875,3.0285622757631905,0.0,1.0,1.0,0.0,0.0,0.0
11,75,10.713973324203806,9.618080376687947,0.0,0.0,0.0,0.0,1.0,1.0
12,75,9.70665932578568,9.17669832748033,0.0,0.0,0.0,0.0,0.0,0.0
13,75,11.027583170709027,0.0,0.0,1.0,0.0,1.0,1.0,0.0
14,75,12.0,2.3416159421490157,1.0,0.0,0.0,1.0,0.0,0.0
15,75,3.3836579082529905,11.723278528266112,0.0,0.0,0.0,0.0,1.0,0.0
16,75,7.072260028100385,1.5156440119250512,1.0,0.0,0.0,0.0,1.0,0.0
17,75,10.326621908700634,1.4690092801067804,1.0,0.0,0.0,1.0,0.0,0.0
18,75,12.0,5.614937562171341,0.0,0.0,0.0,0.0,0.0,0.0
19,75,12.0,3.9381590388813184,0.0,0.0,1.0,1.0,0.0,0.0
20,75,7.240951287580596,1.6534557337791709,0.0,0.0,0.0,0.0,0.0,0.0
21,75,4.916110207698122,1.97567169370464,0.0,0.0,0.0,0.0,1.0,1.0
22,75,4.798930961113418,4.5720117434409655,0.0,0.0,0.0,0.0,0.0,0.0
23,75,12.0,1.9526095986194532,0.0,1.0,1.0,1.0,0.0,1.0
24,75,0.1549892539726237,3.6031982489768217,1.0,1.0,1.0,1.0,0.0,0.0
25,75,8.654720567494328,9.698903684059118,0.0,1.0,0.0,0.0,1.0,1.0
26,75,4.363655897020347,10.20232179910252,0.0,0.0,0.0,1.0,1.0,1.0
27,75,11.380937046452852,4.671729702273107,0.0,0.0,0.0,1.0,0.0,1.0
28,75,2.0361810874223023,6.97344081242632,0.0,0.0,0.0,0.0,0.0,0.0
29,75,4.798808042152274,9.684495612785977,1.0,0.0,0.0,0.0,0.0,0.0
30,75,10.087289542640034,11.116376640270932,1.0,1.0,0.0,0.0,1.0,1.0
31,75,0.0,8.054665268412437,1.0,1.0,1.0,1.0,0.0,0.0
32,75,11.520029572333614,2.990867187965602,0.0,0.0,0.0,1.0,0.0,0.0
33,75,10.928512410124746,2.1841459663942606,0.0,1.0,0.0,0.0,0.0,0.0
34,75,6.174678971344506,0.0,0.0,1.0,0.0,0.0,1.0,0.0
35,75,9.406213819140335,7.0846222851287015,1.0,0.0,0.0,0.0,1.0,0.0
36,75,1.5848222415006994,0.0,0.0,1.0,1.0,0.0,1.0,1.0
37,75,5.813434020195647,6.302376275582964,1.0,0.0,0.0,0.0,1.0,1.0
38,75,9.400995470714522,9.533105585122874,1.0,0.0,1.0,0.0,1.0,0.0
39,75,3.0787007771287507,7.84767945205079,0.0,1.0,1.0,1.0,1.0,1.0
0,80,0.0,7.753175418838142,0.0,1.0,0.0,1.0,0.0,1.0
1,80,4.617549114076491,7.702134974861837,1.0,0.0,1.0,1.0,1.0,1.0
2,80,12.0,8.101141398604618,0.0,0.0,0.0,0.0,0.0,0.0
3,80,9.644492907252522,11.111729176653856,0.0,0.0,1.0,0.0,0.0,0.0
4,80,2.555039607196365,3.0329277058236217,0.0,0.0,1.0,0.0,1.0,0.0
5,80,11.058432574388943,10.985442149243594,1.0,1.0,0.0,0.0,0.0,0.0
6,80,5.627114254562244,3.296076514497444,1.0,0.0,1.0,0.0,1.0,1.0
7,80,10.018455854273297,10.08345351170999,0.0,0.0,0.0,0.0,1.0,0.0
8,80,7.936764245785846,4.767563986307087,0.0,0.0,1.0,1.0,0.0,1.0
9,80,4.4884068449470815,0.0003968616014582,1.0,0.0,0.0,1.0,0.0,0.0
10,80,9.623392237393729,3.075828375553882,0.0,1.0,1.0,0.0,0.0,0.0
11,80,10.607731807855258,9.4826325710265,0.0,0.0,0.0,0.0,1.0,1.0
12,80,9.866447113369308,9.02976328114548,0.0,0.0,0.0,0.0,0.0,0.0
13,80,11.03276648179503,0.0,0.0,1.0,0.0,1.0,1.0,0.0
14,80,12.0,2.2684434110215577,1.0,0.0,0.0,1.0,0.0,0.0
15,80,3.4123482147071265,11.750318601761125,0.0,0.0,0.0,0.0,1.0,0.0
16,80,7.118508702284131,1.5338451840403602,1.0,0.0,0.0,0.0,1.0,0.0
17,80,10.320615044550998,1.4609692226800612,1.0,0.0,0.0,1.0,0.0,0.0
18,80,12.0,5.660183179490506,0.0,0.0,0.0,0.0,0.0,0.0
19,80,12.0,4.0049308171558575,0.0,0.0,1.0,1.0,0.0,0.0
20,80,7.396362365161949,1.7391345819468806,0.0,0.0,0.0,0.0,0.0,0.0
21,80,4.909226474820568,1.917141387899239,0.0,0.0,0.0,0.0,1.0,1.0
22,80,4.7824432359385645,4.691368365140856,0.0,0.0,0.0,0.0,0.0,0.0
23,80,12.0,1.945647869483122,0.0,1.0,1.0,1.0,0.0,1.0
24,80,0.1032630364977592,3.580605005883649,1.0,1.0,1.0,1.0,0.0,0.0
25,80,8.653863782093199,9.698049355368363,0.0,1.0,0.0,0.0,1.0,1.0
26,80,4.348572448094159,10.180380674697204,0.0,0.0,0.0,1.0,1.0,1.0
27,80,11.482639637828203,4.652134616614315,0.0,0.0,0.0,1.0,0.0,1.0
28,80,1.9631023559022172,7.048858970786551,0.0,0.0,0.0,0.0,0.0,0.0
29,80,4.659255578242541,9.656260842731395,1.0,0.0,0.0,0.0,0.0,0.0
30,80,10.098708433532892,11.155952949423442,1.0,1.0,0.0,0.0,1.0,1.0
31,80,0.0,8.060963893690724,1.0,1.0,1.0,1.0,0.0,0.0
32,80,11.589980398001307,2.990206601551747,0.0,0.0,0.0,1.0,0.0,0.0
33,80,10.90875049594687,2.207998101107819,0.0,1.0,0.0,0.0,0.0,0.0
34,80,6.208655984996833,0.0,0.0,1.0,0.0,0.0,1.0,0.0
35,80,9.262468781820306,7.000964449599459,1.0,0.0,0.0,0.0,1.0,0.0
36,80,1.6328160903405422,0.0,0.0,1.0,1.0,0.0,1.0,1.0
37,80,5.797694891246105,6.310810834068394,1.0,0.0,0.0,0.0,1.0,1.0
38,80,9.388701754735145,9.516507837470108,1.0,0.0,1.0,0.0,1.0,0.0
39,80,3.0332518020834693,7.762912667645887,0.0,1.0,1.0,1.0,1.0,1.0
0,85,0.0,7.747120399897978,0.0,1.0,0.0,1.0,0.0,1.0
1,85,4.556054334688979,7.658908786722471,1.0,0.0,1.0,1.0,1.0,1.0
2,85,12.0,8.12547566293697,0.0,0.0,0.0,0.0,0.0,0.0
3,85,9.47546029502248,11.138046261800792,0.0,0.0,1.0,0.0,0.0,0.0
4,85,2.531850240665727,3.0958009009258127,0.0,0.0,1.0,0.0,1.0,0.0
5,85,10.987362833326092,10.989045444337766,1.0,1.0,0.0,0.0,0.0,0.0
6,85,5.629942349540501,3.302218154031688,1.0,0.0,1.0,0.0,1.0,1.0
7,85,10.001439096377192,10.01976801931468,0.0,0.0,0.0,0.0,1.0,0.0
8,85,7.938228600962318,4.7715198580887295,0.0,0.0,1.0,1.0,0.0,1.0
9,85,4.510909781248036,0.0,1.0,0.0,0.0,1.0,0.0,0.0
10,85,9.613055673776532,3.103510314339148,0.0,1.0,1.0,0.0,0.0,0.0
11,85,10.506748235887102,9.352557814269764,0.0,0.0,0.0,0.0,1.0,1.0
12,85,10.02466001174232,8.886993950405886,0.0,0.0,0.0,0.0,0.0,0.0
13,85,11.037257178235803,0.0,0.0,1.0,0.0,1.0,1.0,0.0
14,85,12.0,2.1795207055820645,1.0,0.0,0.0,1.0,0.0,0.0
15,85,3.4359186919072164,11.774018217588882,0.0,0.0,0.0,0.0,1.0,0.0
16,85,7.157808790563993,1.5488556387351615,1.0,0.0,0.0,0.0,1.0,0.0
17,85,10.322240215698116,1.4631105093281422,1.0,0.0,0.0,1.0,0.0,0.0
18,85,12.0,5.699642318378028,0.0,0.0,0.0,0.0,0.0,0.0
19,85,12.0,4.063599031866914,0.0,0.0,1.0,1.0,0.0,0.0
20,85,7.562796053185428,1.827978674404246,0.0,0.0,0.0,0.0,0.0,0.0
21,85,4.902105889357419,1.866420394792519,0.0,0.0,0.0,0.0,1.0,1.0
22,85,4.765842155921003,4.796412634406681,0.0,0.0,0.0,0.0,0.0,0.0
23,85,12.0,1.944028759900721,0.0,1.0,1.0,1.0,0.0,1.0
24,85,0.0586311357265277,3.5604486655841088,1.0,1.0,1.0,1.0,0.0,0.0
25,85,8.660007987766523,9.70424019489836,0.0,1.0,0.0,0.0,1.0,1.0
26,85,4.342845691737988,10.171595348747624,0.0,0.0,0.0,1.0,1.0,1.0
27,85,11.580588688635157,4.631995786002488,0.0,0.0,0.0,1.0,0.0,1.0
28,85,1.8830271361961544,7.128806636991547,0.0,0.0,0.0,0.0,0.0,0.0
29,85,4.51968376433421,9.625551017696145,1.0,0.0,0.0,0.0,0.0,0.0
30,85,10.107727274676536,11.192737058608875,1.0,1.0,0.0,0.0,1.0,1.0
31,85,0.0,8.077920349501612,1.0,1.0,1.0,1.0,0.0,0.0
32,85,11.623911782461734,2.9903220111104614,0.0,0.0,0.0,1.0,0.0,0.0
33,85,10.892074268524905,2.228630525694156,0.0,1.0,0.0,0.0,0.0,0.0
34,85,6.234147759065245,0.0,0.0,1.0,0.0,0.0,1.0,0.0
35,85,9.1239418285858,6.918407771208388,1.0,0.0,0.0,0.0,1.0,0.0
36,85,1.6912996166146712,0.0,0.0,1.0,1.0,0.0,1.0,1.0
37,85,5.782681813971623,6.318198985372387,1.0,0.0,0.0,0.0,1.0,1.0
38,85,9.36791242669226,9.488634115146748,1.0,0.0,1.0,0.0,1.0,0.0
39,85,2.9907037467403543,7.681719423074492,0.0,1.0,1.0,1.0,1.0,1.0
0,90,0.0,7.739851716598273,0.0,1.0,0.0,1.0,0.0,1.0
1,90,4.494322428372695,7.613746327315669,1.0,0.0,1.0,1.0,1.0,1.0
2,90,12.0,8.152387892622487,0.0,0.0,0.0,0.0,0.0,0.0
3,90,9.30958626073145,11.161552124794992,0.0,0.0,1.0,0.0,0.0,0.0
4,90,2.501820104592191,3.176490573747281,0.0,0.0,1.0,0.0,1.0,0.0
5,90,10.925980927130002,10.992085475748262,1.0,1.0,0.0,0.0,0.0,0.0
6,90,5.628367318269777,3.2988448493907425,1.0,0.0,1.0,0.0,1.0,1.0
7,90,9.98886183081623,9.970008720520998,0.0,0.0,0.0,0.0,1.0,0.0
8,90,7.94553071953391,4.792218542510672,0.0,0.0,1.0,1.0,0.0,1.0
9,90,4.542160831371493,0.0,1.0,0.0,0.0,1.0,0.0,0.0
10,90,9.60156073298347,3.1350059410900366,0.0,1.0,1.0,0.0,0.0,0.0
11,90,10.401872845281174,9.215768103086722,0.0,0.0,0.0,0.0,1.0,1.0
12,90,10.177838781070946,8.745100369246853,0.0,0.0,0.0,0.0,0.0,0.0
13,90,11.041441775446923,0.0,0.0,1.0,0.0,1.0,1.0,0.0
14,90,12.0,2.093514357718022,1.0,0.0,0.0,1.0,0.0,0.0
15,90,3.4762089555558857,11.812767991189537,0.0,0.0,0.0,0.0,1.0,0.0
16,90,7.194497092744797,1.563153297029209,1.0,0.0,0.0,0.0,1.0,0.0
17,90,10.314024465381689,1.452487041770499,1.0,0.0,0.0,1.0,0.0,0.0
18,90,12.0,5.738764706746338,0.0,0.0,0.0,0.0,0.0,0.0
19,90,12.0,4.108265621367717,0.0,0.0,1.0,1.0,0.0,0.0
20,90,7.727206936349067,1.9157206726909863,0.0,0.0,0.0,0.0,0.0,0.0
21,90,4.894791226523872,1.809847012719706,0.0,0.0,0.0,0.0,1.0,1.0
22,90,4.750838332797694,4.906537522158272,0.0,0.0,0.0,0.0,0.0,0.0
23,90,12.0,1.9432831012209264,0.0,1.0,1.0,1.0,0.0,1.0
24,90,0.0320029318677024,3.5487861195070747,1.0,1.0,1.0,1.0,0.0,0.0
25,90,8.659251246047269,9.70501352613338,0.0,1.0,0.0,0.0,1.0,1.0
26,90,4.341468721465022,10.169545087318255,0.0,0.0,0.0,1.0,1.0,1.0
27,90,11.653786073789009,4.615618668972497,0.0,0.0,0.0,1.0,0.0,1.0
28,90,1.814884383656851,7.197741977485172,0.0,0.0,0.0,0.0,0.0,0.0
29,90,4.379473344852652,9.587517214175705,1.0,0.0,0.0,0.0,0.0,0.0
30,90,10.11507858505774,11.222796627758688,1.0,1.0,0.0,0.0,1.0,1.0
31,90,0.0,8.110109650319359,1.0,1.0,1.0,1.0,0.0,0.0
32,90,11.672573358819358,2.988751132750903,0.0,0.0,0.0,1.0,0.0,0.0
33,90,10.873961636897825,2.249947002589036,0.0,1.0,0.0,0.0,0.0,0.0
34,90,6.257513591183648,0.0,0.0,1.0,0.0,0.0,1.0,0.0
35,90,8.9856881405586,6.837601389451991,1.0,0.0,0.0,0.0,1.0,0.0
36,90,1.7403746737010872,0.0,0.0,1.0,1.0,0.0,1.0,1.0
37,90,5.759405909521273,6.329938937898395,1.0,0.0,0.0,0.0,1.0,1.0
38,90,9.346838499949426,9.458926891538544,1.0,0.0,1.0,0.0,1.0,0.0
39,90,2.94896179715812,7.600366431130463,0.0,1.0,1.0,1.0,1.0,1.0
0,95,0.0,7.732510540906077,0.0,1.0,0.0,1.0,0.0,1.0
1,95,4.424068967706237,7.560908856646028,1.0,0.0,1.0,1.0,1.0,1.0
2,95,12.0,8.160443518175311,0.0,0.0,0.0,0.0,0.0,0.0
3,95,9.14934649667341,11.18286082860393,0.0,0.0,1.0,0.0,0.0,0.0
4,95,2.474197031453913,3.245949128893542,0.0,0.0,1.0,0.0,1.0,0.0
5,95,10.8604652455194,10.995205222482914,1.0,1.0,0.0,0.0,0.0,0.0
6,95,5.624244688046355,3.2904958258850407,1.0,0.0,1.0,0.0,1.0,1.0
7,95,9.973311713231936,9.90695228049335,0.0,0.0,0.0,0.0,1.0,0.0
8,95,7.948587922912629,4.801280330137574,0.0,0.0,1.0,1.0,0.0,1.0
9,95,4.581164416259869,0.0,1.0,0.0,0.0,1.0,0.0,0.0
10,95,9.590628672626892,3.164162003233132,0.0,1.0,1.0,0.0,0.0,0.0
11,95,10.30390949100321,9.089632252920405,0.0,0.0,0.0,0.0,1.0,1.0
12,95,10.3247304784057,8.615115446503436,0.0,0.0,0.0,0.0,0.0,0.0
13,95,11.04541198058262,0.0,0.0,1.0,0.0,1.0,1.0,0.0
14,95,12.0,2.006132200874135,1.0,0.0,0.0,1.0,0.0,0.0
15,95,3.5223128716313576,11.85535598620948,0.0,0.0,0.0,0.0,1.0,0.0
16,95,7.231350185857659,1.5774916675010824,1.0,0.0,0.0,0.0,1.0,0.0
17,95,10.314706274950922,1.4533679191191238,1.0,0.0,0.0,1.0,0.0,0.0
18,95,12.0,5.780856862827804,0.0,0.0,0.0,0.0,0.0,0.0
19,95,12.0,4.140200384245312,0.0,0.0,1.0,1.0,0.0,0.0
20,95,7.90106830556187,2.0076313890760265,0.0,0.0,0.0,0.0,0.0,0.0
21,95,4.888856982060159,1.762729809649145,0.0,0.0,0.0,0.0,1.0,1.0
22,95,4.733216375948637,5.021180700351696,0.0,0.0,0.0,0.0,0.0,0.0
23,95,11.980624404379892,1.9515605746014024,0.0,1.0,1.0,1.0,0.0,1.0
24,95,0.0,3.534124830594217,1.0,1.0,1.0,1.0,0.0,0.0
25,95,8.638391334683808,9.726570479804115,0.0,1.0,0.0,0.0,1.0,1.0
26,95,4.333021744286224,10.156230762484718,0.0,0.0,0.0,1.0,1.0,1.0
27,95,11.726982008712236,4.599087743861915,0.0,0.0,0.0,1.0,0.0,1.0
28,95,1.7520669390140793,7.259623018357081,0.0,0.0,0.0,0.0,0.0,0.0
29,95,4.23571250283564,9.549133396377188,1.0,0.0,0.0,0.0,0.0,0.0
30,95,10.118942187984675,11.238056909830274,1.0,1.0,0.0,0.0,1.0,1.0
31,95,0.0,8.172953490543481,1.0,1.0,1.0,1.0,0.0,0.0
32,95,11.707421004240397,2.987262741644355,0.0,0.0,0.0,1.0,0.0,0.0
33,95,10.855768522747184,2.271018901617895,0.0,1.0,0.0,0.0,0.0,0.0
34,95,6.292469641734211,0.0,0.0,1.0,0.0,0.0,1.0,0.0
35,95,8.840381665590881,6.746920475375713,1.0,0.0,0.0,0.0,1.0,0.0
36,95,1.7739738753764025,0.0,0.0,1.0,1.0,0.0,1.0,1.0
37,95,5.725572662531967,6.347516112983428,1.0,0.0,0.0,0.0,1.0,1.0
38,95,9.335179225566522,9.441906856138758,1.0,0.0,1.0,0.0,1.0,0.0
39,95,2.9117757979598604,7.527329772309346,0.0,1.0,1.0,1.0,1.0,1.0
0,100,0.0,7.726434657239672,0.0,1.0,0.0,1.0,0.0,1.0
1,100,4.333246789777934,7.490316865777613,1.0,0.0,1.0,1.0,1.0,1.0
2,100,12.0,8.164456207387822,0.0,0.0,0.0,0.0,0.0,0.0
3,100,8.977735819851606,11.204358803623196,0.0,0.0,1.0,0.0,0.0,0.0
4,100,2.451098782512529,3.299302110669889,0.0,0.0,1.0,0.0,1.0,0.0
5,100,10.795055749104886,10.998257464141542,1.0,1.0,0.0,0.0,0.0,0.0
6,100,5.626133394834312,3.2945646486597835,1.0,0.0,1.0,0.0,1.0,1.0
7,100,9.955312810304903,9.830572861105804,0.0,0.0,0.0,0.0,1.0,0.0
8,100,7.952165109030766,4.811819080923954,0.0,0.0,1.0,1.0,0.0,1.0
9,100,4.616568353730883,0.0,1.0,0.0,0.0,1.0,0.0,0.0
10,100,9.585429263007642,3.178279308407152,0.0,1.0,1.0,0.0,0.0,0.0
11,100,10.20927879361046,8.971857525787756,0.0,0.0,0.0,0.0,1.0,1.0
12,100,10.472843201286594,8.478720237946476,0.0,0.0,0.0,0.0,0.0,0.0
13,100,10.995536852885554,0.0,0.0,1.0,0.0,1.0,1.0,0.0
14,100,12.0,1.9423296716438283,1.0,0.0,0.0,1.0,0.0,0.0
15,100,3.575162997657768,11.90444117971998,0.0,0.0,0.0,0.0,1.0,0.0
16,100,7.261075694725151,1.5892798568548456,1.0,0.0,0.0,0.0,1.0,0.0
17,100,10.319117199440438,1.4591606804901351,1.0,0.0,0.0,1.0,0.0,0.0
18,100,12.0,5.820918082554381,0.0,0.0,0.0,0.0,0.0,0.0
19,100,12.0,4.176233172606156,0.0,0.0,1.0,1.0,0.0,0.0
20,100,8.055381484940918,2.0929472810746157,0.0,0.0,0.0,0.0,0.0,0.0
21,100,4.882075064494309,1.7192338939745784,0.0,0.0,0.0,0.0,1.0,1.0
22,100,4.719004568905088,5.138597903074994,0.0,0.0,0.0,0.0,0.0,0.0
23,100,11.954754543403434,1.9622437393510943,0.0,1.0,1.0,1.0,0.0,1.0
24,100,0.0,3.5199580253736795,1.0,1.0,1.0,1.0,0.0,0.0
25,100,8.61878676990611,9.747249629742242,0.0,1.0,0.0,0.0,1.0,1.0
26,100,4.361132531384248,10.138040207299785,0.0,0.0,0.0,1.0,1.0,1.0
27,100,11.816985257690655,4.578570784002552,0.0,0.0,0.0,1.0,0.0,1.0
28,100,1.6853183239889469,7.325675286311827,0.0,0.0,0.0,0.0,0.0,0.0
29,100,4.065913592492443,9.508549552028018,1.0,0.0,0.0,0.0,0.0,0.0
30,100,10.128893900800367,11.27669042722018,1.0,1.0,0.0,0.0,1.0,1.0
31,100,0.0,8.250752249346085,1.0,1.0,1.0,1.0,0.0,0.0
32,100,11.74095117172006,2.985042151991015,0.0,0.0,0.0,1.0,0.0,0.0
33,100,10.847773569001143,2.2804200145629383,0.0,1.0,0.0,0.0,0.0,0.0
34,100,6.318654188616397,0.0378315374822723,0.0,1.0,0.0,0.0,1.0,0.0
35,100,8.690490248837046,6.652024960124375,1.0,0.0,0.0,0.0,1.0,0.0
36,100,1.8127779244745588,0.0,0.0,1.0,1.0,0.0,1.0,1.0
37,100,5.702418541894264,6.359068853901046,1.0,0.0,0.0,0.0,1.0,1.0
38,100,9.320809595153872,9.421484562411855,1.0,0.0,1.0,0.0,1.0,0.0
39,100,2.866434602680455,7.43593928781771,0.0,1.0,1.0,1.0,1.0,1.0
0,105,0.0,7.722686690282457,0.0,1.0,0.0,1.0,0.0,1.0
1,105,4.253208444990976,7.4243496050667614,1.0,0.0,1.0,1.0,1.0,1.0
2,105,12.0,8.182590463923729,0.0,0.0,0.0,0.0,0.0,0.0
3,105,8.798538531195845,11.228421445430104,0.0,0.0,1.0,0.0,0.0,0.0
4,105,2.4340998543547183,3.3410409309023907,0.0,0.0,1.0,0.0,1.0,0.0
5,105,10.73627260618113,11.00071180197171,1.0,1.0,0.0,0.0,0.0,0.0
6,105,5.627265693147642,3.296970909099169,1.0,0.0,1.0,0.0,1.0,1.0
7,105,9.93953299385861,9.76773815019754,0.0,0.0,0.0,0.0,1.0,0.0
8,105,7.955868247444747,4.822533015238718,0.0,0.0,1.0,1.0,0.0,1.0
9,105,4.640143103062616,0.0,1.0,0.0,0.0,1.0,0.0,0.0
10,105,9.584392618397958,3.180947685508201,0.0,1.0,1.0,0.0,0.0,0.0
11,105,10.134023901555906,8.876510024552031,0.0,0.0,0.0,0.0,1.0,1.0
12,105,10.629753902442443,8.332742855430034,0.0,0.0,0.0,0.0,0.0,0.0
13,105,10.945956415546451,0.0,0.0,1.0,0.0,1.0,1.0,0.0
14,105,12.0,1.8994584982466216,1.0,0.0,0.0,1.0,0.0,0.0
15,105,3.612281523293168,11.93803407001177,0.0,0.0,0.0,0.0,1.0,0.0
16,105,7.293726611846506,1.6025741995469558,1.0,0.0,0.0,0.0,1.0,0.0
17,105,10.320036511813717,1.460358723071217,1.0,0.0,0.0,1.0,0.0,0.0
18,105,12.0,5.861461717072325,0.0,0.0,0.0,0.0,0.0,0.0
19,105,12.0,4.226413946828951,0.0,0.0,1.0,1.0,0.0,0.0
20,105,8.228428295387154,2.186311593081244,0.0,0.0,0.0,0.0,0.0,0.0
21,105,4.876962193413102,1.684061166160892,0.0,0.0,0.0,0.0,1.0,1.0
22,105,4.701017648268281,5.269414637896744,0.0,0.0,0.0,0.0,0.0,0.0
23,105,11.918876531930923,1.9773841731321804,0.0,1.0,1.0,1.0,0.0,1.0
24,105,0.0,3.512618146326014,1.0,1.0,1.0,1.0,0.0,0.0
25,105,8.600102963100904,9.766152504044594,0.0,1.0,0.0,0.0,1.0,1.0
26,105,4.388515584526392,10.121869255860252,0.0,0.0,0.0,1.0,1.0,1.0
27,105,11.90183058032468,4.559621807518397,0.0,0.0,0.0,1.0,0.0,1.0
28,105,1.6093959036770569,7.396272007119326,0.0,0.0,0.0,0.0,0.0,0.0
29,105,3.898561003134952,9.469989098066147,1.0,0.0,0.0,0.0,0.0,0.0
30,105,10.13962607275792,11.31520033087382,1.0,1.0,0.0,0.0,1.0,1.0
31,105,0.0,8.335125885742265,1.0,1.0,1.0,1.0,0.0,0.0
32,105,11.770261169918513,2.9827600029162658,0.0,0.0,0.0,1.0,0.0,0.0
33,105,10.851429860171828,2.2758510652444737,0.0,1.0,0.0,0.0,0.0,0.0
34,105,6.3473900974630855,0.0820273506125707,0.0,1.0,0.0,0.0,1.0,0.0
35,105,8.541502746998761,6.556283386444185,1.0,0.0,0.0,0.0,1.0,0.0
36,105,1.8472766325540304,0.0,0.0,1.0,1.0,0.0,1.0,1.0
37,105,5.668516024532876,6.374977614916032,1.0,0.0,0.0,0.0,1.0,1.0
38,105,9.3030287528926,9.397218768169662,1.0,0.0,1.0,0.0,1.0,0.0
39,105,2.821613929256231,7.3397661763714,0.0,1.0,1.0,1.0,1.0,1.0
0,110,0.0,7.720440732280083,0.0,1.0,0.0,1.0,0.0,1.0
1,110,4.167931045723165,7.354352894156615,1.0,0.0,1.0,1.0,1.0,1.0
2,110,12.0,8.193259159012074,0.0,0.0,0.0,0.0,0.0,0.0
3,110,8.622977996622332,11.25020347324432,0.0,0.0,1.0,0.0,0.0,0.0
4,110,2.4170411106151155,3.384711784920786,0.0,0.0,1.0,0.0,1.0,0.0
5,110,10.678678125075876,11.004338135779753,1.0,1.0,0.0,0.0,0.0,0.0
6,110,5.616160761464809,3.3021977228835278,1.0,0.0,1.0,0.0,1.0,1.0
7,110,9.931740341867949,9.738033868522606,0.0,0.0,0.0,0.0,1.0,0.0
8,110,7.954679576623856,4.818921803316028,0.0,0.0,1.0,1.0,0.0,1.0
9,110,4.686993388375575,0.0,1.0,0.0,0.0,1.0,0.0,0.0
10,110,9.580332819500596,3.190762037633531,0.0,1.0,1.0,0.0,0.0,0.0
11,110,10.051749103411831,8.769079121939283,0.0,0.0,0.0,0.0,1.0,1.0
12,110,10.78854987061842,8.17500671519568,0.0,0.0,0.0,0.0,0.0,0.0
13,110,10.885873721656454,0.0,0.0,1.0,0.0,1.0,1.0,0.0
14,110,12.0,1.85358082002592,1.0,0.0,0.0,1.0,0.0,0.0
15,110,3.6473234604268376,11.970282639238816,0.0,0.0,0.0,0.0,1.0,0.0
16,110,7.349103479877156,1.6238006043444688,1.0,0.0,0.0,0.0,1.0,0.0
17,110,10.32068130777493,1.4612016755971473,1.0,0.0,0.0,1.0,0.0,0.0
18,110,12.0,5.907147205829053,0.0,0.0,0.0,0.0,0.0,0.0
19,110,12.0,4.286175579129603,0.0,0.0,1.0,1.0,0.0,0.0
20,110,8.397035493086763,2.27910413253147,0.0,0.0,0.0,0.0,0.0,0.0
21,110,4.871438790449498,1.643872644293935,0.0,0.0,0.0,0.0,1.0,1.0
22,110,4.685192771598307,5.395654594272046,0.0,0.0,0.0,0.0,0.0,0.0
23,110,11.877262975630549,1.9956862188064608,0.0,1.0,1.0,1.0,0.0,1.0
24,110,0.0,3.501672787237508,1.0,1.0,1.0,1.0,0.0,0.0
25,110,8.57166157514188,9.798201193721043,0.0,1.0,0.0,0.0,1.0,1.0
26,110,4.428433193734025,10.097922330133892,0.0,0.0,0.0,1.0,1.0,1.0
27,110,11.918295993777996,4.634307274383027,0.0,0.0,0.0,1.0,0.0,1.0
28,110,1.5329699460189177,7.468863767817587,0.0,0.0,0.0,0.0,0.0,0.0
29,110,3.7418178411337135,9.438027496486209,1.0,0.0,0.0,0.0,0.0,0.0
30,110,10.14993665813159,11.352101023453448,1.0,1.0,0.0,0.0,1.0,1.0
31,110,0.0,8.409873364816372,1.0,1.0,1.0,1.0,0.0,0.0
32,110,11.77788774060109,2.9820752430737785,0.0,0.0,0.0,1.0,0.0,0.0
33,110,10.860497182967444,2.2651605451101564,0.0,1.0,0.0,0.0,0.0,0.0
34,110,6.3800628390554,0.1312395788053525,0.0,1.0,0.0,0.0,1.0,0.0
35,110,8.391214242667658,6.462102737175706,1.0,0.0,0.0,0.0,1.0,0.0
36,110,1.8834637277275053,0.0,0.0,1.0,1.0,0.0,1.0,1.0
37,110,5.644748934019411,6.385634878774022,1.0,0.0,0.0,0.0,1.0,1.0
38,110,9.296366902153164,9.38866451402516,1.0,0.0,1.0,0.0,1.0,0.0
39,110,2.7822417676954223,7.252713188227736,0.0,1.0,1.0,1.0,1.0,1.0
0,115,0.0,7.716571056698497,0.0,1.0,0.0,1.0,0.0,1.0
1,115,4.058548470787965,7.263938752117512,1.0,0.0,1.0,1.0,1.0,1.0
2,115,11.9947650771389,8.189077850876803,0.0,0.0,0.0,0.0,0.0,0.0
3,115,8.46282540079479,11.276041184346882,0.0,0.0,1.0,0.0,0.0,0.0
4,115,2.4001595962639204,3.428526768605666,0.0,0.0,1.0,0.0,1.0,0.0
5,115,10.638490340964749,11.00715270879239,1.0,1.0,0.0,0.0,0.0,0.0
6,115,5.603195746236302,3.308701029034652,1.0,0.0,1.0,0.0,1.0,1.0
7,115,9.926289467359316,9.716617049077447,0.0,0.0,0.0,0.0,1.0,0.0
8,115,7.957823957874773,4.829272802663271,0.0,0.0,1.0,1.0,0.0,1.0
9,115,4.720948692882342,0.0,1.0,0.0,0.0,1.0,0.0,0.0
10,115,9.57916948203137,3.1936098890325773,0.0,1.0,1.0,0.0,0.0,0.0
11,115,9.970243414041988,8.657754108550789,0.0,0.0,0.0,0.0,1.0,1.0
12,115,10.94992118379803,8.031381135340611,0.0,0.0,0.0,0.0,0.0,0.0
13,115,10.833551902616648,0.0,0.0,1.0,0.0,1.0,1.0,0.0
14,115,12.0,1.81552884821254,1.0,0.0,0.0,1.0,0.0,0.0
15,115,3.6693432474994254,11.991707505103635,0.0,0.0,0.0,0.0,1.0,0.0
16,115,7.416422191334628,1.6499353722583314,1.0,0.0,0.0,0.0,1.0,0.0
17,115,10.323718412341911,1.4650060055249812,1.0,0.0,0.0,1.0,0.0,0.0
18,115,12.0,5.9398716529497975,0.0,0.0,0.0,0.0,0.0,0.0
19,115,12.0,4.350128907304247,0.0,0.0,1.0,1.0,0.0,0.0
20,115,8.565585526882957,2.370460432289045,0.0,0.0,0.0,0.0,0.0,0.0
21,115,4.865172444539683,1.5992279863738053,0.0,0.0,0.0,0.0,1.0,1.0
22,115,4.671839348341389,5.509783200780536,0.0,0.0,0.0,0.0,0.0,0.0
23,115,11.849223193425358,2.0079036249692828,0.0,1.0,1.0,1.0,0.0,1.0
24,115,0.0,3.4883923325122006,1.0,1.0,1.0,1.0,0.0,0.0
25,115,8.53546115750614,9.8390468216332,0.0,1.0,0.0,0.0,1.0,1.0
26,115,4.426144674387984,10.099306831957543,0.0,0.0,0.0,1.0,1.0,1.0
27,115,11.930299538480352,4.698165987175325,0.0,0.0,0.0,1.0,0.0,1.0
28,115,1.4536204080552246,7.5420671599876,0.0,0.0,0.0,0.0,0.0,0.0
29,115,3.602599081341757,9.40536009646381,1.0,0.0,0.0,0.0,0.0,0.0
30,115,10.155050192185112,11.37170216249858,1.0,1.0,0.0,0.0,1.0,1.0
31,115,0.0,8.488760759119298,1.0,1.0,1.0,1.0,0.0,0.0
32,115,11.79737689070927,2.980077557642446,0.0,0.0,0.0,1.0,0.0,0.0
33,115,10.863036229761288,2.2619762765475646,0.0,1.0,0.0,0.0,0.0,0.0
34,115,6.431584977176217,0.2041291870716851,0.0,1.0,0.0,0.0,1.0,0.0
35,115,8.245092478053868,6.364838637264685,1.0,0.0,0.0,0.0,1.0,0.0
36,115,1.9166532375187464,0.0,0.0,1.0,1.0,0.0,1.0,1.0
37,115,5.628051285352149,6.392809606360123,1.0,0.0,0.0,0.0,1.0,1.0
38,115,9.299269364622791,9.392236904083454,1.0,0.0,1.0,0.0,1.0,0.0
39,115,2.75064980103386,7.173425653568128,0.0,1.0,1.0,1.0,1.0,1.0
0,120,0.0,7.708290551744088,0.0,1.0,0.0,1.0,0.0,1.0
1,120,3.956824555778947,7.183159171806637,1.0,0.0,1.0,1.0,1.0,1.0
2,120,11.978650680647831,8.176073034374486,0.0,0.0,0.0,0.0,0.0,0.0
3,120,8.310452700921715,11.307563400958117,0.0,0.0,1.0,0.0,0.0,0.0
4,120,2.386066836427362,3.465286210520257,0.0,0.0,1.0,0.0,1.0,0.0
5,120,10.602004806137346,11.00996848687145,1.0,1.0,0.0,0.0,0.0,0.0
6,120,5.595557693762238,3.312487532012874,1.0,0.0,1.0,0.0,1.0,1.0
7,120,9.91775565334456,9.679350050432712,0.0,0.0,0.0,0.0,1.0,0.0
8,120,7.967265944435753,4.863572357294979,0.0,0.0,1.0,1.0,0.0,1.0
9,120,4.774959940384595,0.0,1.0,0.0,0.0,1.0,0.0,0.0
10,120,9.577171238504064,3.198374253100233,0.0,1.0,1.0,0.0,0.0,0.0
11,120,9.876058829198566,8.514198923849365,0.0,0.0,0.0,0.0,1.0,1.0
12,120,11.113100737301098,7.890250508729457,0.0,0.0,0.0,0.0,0.0,0.0
13,120,10.77784917035019,0.0,0.0,1.0,0.0,1.0,1.0,0.0
14,120,12.0,1.7631317761059873,1.0,0.0,0.0,1.0,0.0,0.0
15,120,3.6849114774048215,12.0,0.0,0.0,0.0,0.0,1.0,0.0
16,120,7.49507197518023,1.6804482487583945,1.0,0.0,0.0,0.0,1.0,0.0
17,120,10.32421799115073,1.4656191894625148,1.0,0.0,0.0,1.0,0.0,0.0
18,120,12.0,5.991771228628309,0.0,0.0,0.0,0.0,0.0,0.0
19,120,12.0,4.397570709141161,0.0,0.0,1.0,1.0,0.0,0.0
20,120,8.752641943286037,2.4732470599403737,0.0,0.0,0.0,0.0,0.0,0.0
21,120,4.860085688594202,1.5592830407779612,0.0,0.0,0.0,0.0,1.0,1.0
22,120,4.65699431028714,5.613351461363887,0.0,0.0,0.0,0.0,0.0,0.0
23,120,11.840877904897292,2.011430492680633,0.0,1.0,1.0,1.0,0.0,1.0
24,120,0.0,3.476909105157404,1.0,1.0,1.0,1.0,0.0,0.0
25,120,8.52069104621432,9.856433696777652,0.0,1.0,0.0,0.0,1.0,1.0
26,120,4.443332430040681,10.088381706577987,0.0,0.0,0.0,1.0,1.0,1.0
27,120,11.943354243889466,4.7774606138948,0.0,0.0,0.0,1.0,0.0,1.0
28,120,1.377214437823121,7.610453549947137,0.0,0.0,0.0,0.0,0.0,0.0
29,120,3.460525920870228,9.373881415842174,1.0,0.0,0.0,0.0,0.0,0.0
30,120,10.155925723814612,11.374808230985456,1.0,1.0,0.0,0.0,1.0,1.0
31,120,0.0,8.583243563790715,1.0,1.0,1.0,1.0,0.0,0.0
32,120,11.826764029677594,2.9778758539519528,0.0,0.0,0.0,1.0,0.0,0.0
33,120,10.85950112792567,2.266290739182428,0.0,1.0,0.0,0.0,0.0,0.0
34,120,6.472495641876013,0.2644363260469002,0.0,1.0,0.0,0.0,1.0,0.0
35,120,8.118607942444916,6.280506240684489,1.0,0.0,0.0,0.0,1.0,0.0
36,120,1.941714579739376,0.0,0.0,1.0,1.0,0.0,1.0,1.0
37,120,5.612988422459671,6.39915206495728,1.0,0.0,0.0,0.0,1.0,1.0
38,120,9.303541628097271,9.397303372302764,1.0,0.0,1.0,0.0,1.0,0.0
39,120,2.721466067718828,7.100818949656171,0.0,1.0,1.0,1.0,1.0,1.0
0,125,0.0,7.697284435649952,0.0,1.0,0.0,1.0,0.0,1.0
1,125,3.85994380826058,7.10093347401278,1.0,0.0,1.0,1.0,1.0,1.0
2,125,11.966484201113108,8.166328184259427,0.0,0.0,0.0,0.0,0.0,0.0
3,125,8.17024215852404,11.33619794533988,0.0,0.0,1.0,0.0,0.0,0.0
4,125,2.3698218706076752,3.504745772643202,0.0,0.0,1.0,0.0,1.0,0.0
5,125,10.58776727671735,11.011460918147058,1.0,1.0,0.0,0.0,0.0,0.0
6,125,5.593457652139692,3.31353392903645,1.0,0.0,1.0,0.0,1.0,1.0
7,125,9.909429229516316,9.640815211546348,0.0,0.0,0.0,0.0,1.0,0.0
8,125,7.9815550410663585,4.914849328069126,0.0,0.0,1.0,1.0,0.0,1.0
9,125,4.831212762195405,0.0,1.0,0.0,0.0,1.0,0.0,0.0
10,125,9.570384839683095,3.214235316206902,0.0,1.0,1.0,0.0,0.0,0.0
11,125,9.799003558065962,8.391269321239232,0.0,0.0,0.0,0.0,1.0,1.0
12,125,11.259427622910662,7.76664243498072,0.0,0.0,0.0,0.0,0.0,0.0
13,125,10.741017688075024,0.0,0.0,1.0,0.0,1.0,1.0,0.0
14,125,12.0,1.7107558328726005,1.0,0.0,0.0,1.0,0.0,0.0
15,125,3.701429376761084,12.0,0.0,0.0,0.0,0.0,1.0,0.0
16,125,7.551977893502091,1.7022774231337725,1.0,0.0,0.0,0.0,1.0,0.0
17,125,10.32003176340257,1.4604906709680237,1.0,0.0,0.0,1.0,0.0,0.0
18,125,12.0,6.040192978968064,0.0,0.0,0.0,0.0,0.0,0.0
19,125,12.0,4.454723120852548,0.0,0.0,1.0,1.0,0.0,0.0
20,125,8.937710959304674,2.5783497173250747,0.0,0.0,0.0,0.0,0.0,0.0
21,125,4.8531645184891685,1.4917882588823144,0.0,0.0,0.0,0.0,1.0,1.0
22,125,4.642318420075584,5.723974945287841,0.0,0.0,0.0,0.0,0.0,0.0
23,125,11.846627978579072,2.009018018849919,0.0,1.0,1.0,1.0,0.0,1.0
24,125,0.0,3.46658405840152,1.0,1.0,1.0,1.0,0.0,0.0
25,125,8.505167663147672,9.87462804960242,0.0,1.0,0.0,0.0,1.0,1.0
26,125,4.482022672036635,10.06325390520132,0.0,0.0,0.0,1.0,1.0,1.0
27,125,11.95881204122953,4.869679331456879,0.0,0.0,0.0,1.0,0.0,1.0
28,125,1.2869437494458913,7.69423517583608,0.0,0.0,0.0,0.0,0.0,0.0
29,125,3.3387855853908914,9.347885616757315,1.0,0.0,0.0,0.0,0.0,0.0
30,125,10.159205804212617,11.386402922007262,1.0,1.0,0.0,0.0,1.0,1.0
31,125,0.0,8.699824911362104,1.0,1.0,1.0,1.0,0.0,0.0
32,125,11.854411364491062,2.9752673088127106,0.0,0.0,0.0,1.0,0.0,0.0
33,125,10.84192033189141,2.2871874371657475,0.0,1.0,0.0,0.0,0.0,0.0
34,125,6.5117331781576695,0.3249443352738387,0.0,1.0,0.0,0.0,1.0,0.0
35,125,7.988163412010812,6.193622496549965,1.0,0.0,0.0,0.0,1.0,0.0
36,125,1.9709239691735303,0.0,0.0,1.0,1.0,0.0,1.0,1.0
37,125,5.578715089074334,6.412764399532707,1.0,0.0,0.0,0.0,1.0,1.0
38,125,9.298380459072652,9.391193562923515,1.0,0.0,1.0,0.0,1.0,0.0
39,125,2.6908573735570824,7.020806088040034,0.0,1.0,1.0,1.0,1.0,1.0
0,130,0.0,7.685970200405586,0.0,1.0,0.0,1.0,0.0,1.0
1,130,3.764221477811974,7.021606726717564,1.0,0.0,1.0,1.0,1.0,1.0
2,130,11.9306494271033,8.136891751039371,0.0,0.0,0.0,0.0,0.0,0.0
3,130,8.017233073575554,11.365795519782685,0.0,0.0,1.0,0.0,0.0,0.0
4,130,2.3531846536258603,3.544270390839212,0.0,0.0,1.0,0.0,1.0,0.0
5,130,10.588090175615037,11.011434220133468,1.0,1.0,0.0,0.0,0.0,0.0
6,130,5.575564144212523,3.321964651257609,1.0,0.0,1.0,0.0,1.0,1.0
7,130,9.90149998171203,9.6007912780205,0.0,0.0,0.0,0.0,1.0,0.0
8,130,7.992233454734176,4.95740676960569,0.0,0.0,1.0,1.0,0.0,1.0
9,130,4.890929515305303,0.0,1.0,0.0,0.0,1.0,0.0,0.0
10,130,9.553952126871952,3.2521231404966637,0.0,1.0,1.0,0.0,0.0,0.0
11,130,9.717271928974734,8.26877917677901,0.0,0.0,0.0,0.0,1.0,1.0
12,130,11.404889499819372,7.643567622699276,0.0,0.0,0.0,0.0,0.0,0.0
13,130,10.691197949012343,0.0,0.0,1.0,0.0,1.0,1.0,0.0
14,130,12.0,1.6620430500196055,1.0,0.0,0.0,1.0,0.0,0.0
15,130,3.713739387731837,12.0,0.0,0.0,0.0,0.0,1.0,0.0
16,130,7.570815647219828,1.651349295105888,1.0,0.0,0.0,0.0,1.0,0.0
17,130,10.316483208687538,1.456249350897391,1.0,0.0,0.0,1.0,0.0,0.0
18,130,12.0,6.094605995757263,0.0,0.0,0.0,0.0,0.0,0.0
19,130,12.0,4.5101935999819975,0.0,0.0,1.0,1.0,0.0,0.0
20,130,9.120472200660538,2.679874090927904,0.0,0.0,0.0,0.0,0.0,0.0
21,130,4.846931067490232,1.424859758923637,0.0,0.0,0.0,0.0,1.0,1.0
22,130,4.627433289071845,5.829602601642791,0.0,0.0,0.0,0.0,0.0,0.0
23,130,11.838518853223636,2.012451919031175,0.0,1.0,1.0,1.0,0.0,1.0
24,130,0.0,3.45815044757284,1.0,1.0,1.0,1.0,0.0,0.0
25,130,8.489026174429895,9.894238597470483,0.0,1.0,0.0,0.0,1.0,1.0
26,130,4.537117555216699,10.02482365722044,0.0,0.0,0.0,1.0,1.0,1.0
27,130,11.977917874730808,4.96247762804947,0.0,0.0,0.0,1.0,0.0,1.0
28,130,1.1964429875053977,7.778484230612871,0.0,0.0,0.0,0.0,0.0,0.0
29,130,3.225377439539761,9.321427355631338,1.0,0.0,0.0,0.0,0.0,0.0
30,130,10.167622295170734,11.416982963949964,1.0,1.0,0.0,0.0,1.0,1.0
31,130,0.0,8.814142896570681,1.0,1.0,1.0,1.0,0.0,0.0
32,130,11.889719662407078,2.972801838081727,0.0,0.0,0.0,1.0,0.0,0.0
33,130,10.825555903529548,2.305420638312027,0.0,1.0,0.0,0.0,0.0,0.0
34,130,6.553710803409514,0.3885883759621581,0.0,1.0,0.0,0.0,1.0,0.0
35,130,7.858973354363584,6.107351887024695,1.0,0.0,0.0,0.0,1.0,0.0
36,130,2.0011531472930573,0.0,0.0,1.0,1.0,0.0,1.0,1.0
37,130,5.542402345605831,6.4275081589383465,1.0,0.0,0.0,0.0,1.0,1.0
38,130,9.300822714183925,9.3943044580607,1.0,0.0,1.0,0.0,1.0,0.0
39,130,2.659223451257804,6.937095967739603,0.0,1.0,1.0,1.0,1.0,1.0
0,135,0.0,7.67819944078428,0.0,1.0,0.0,1.0,0.0,1.0
1,135,3.673700247609384,6.953866880914441,1.0,0.0,1.0,1.0,1.0,1.0
2,135,11.894897706909012,8.108315970170903,0.0,0.0,0.0,0.0,0.0,0.0
3,135,7.866339993641727,11.398201637655369,0.0,0.0,1.0,0.0,0.0,0.0
4,135,2.3284484273792168,3.603842295207584,0.0,0.0,1.0,0.0,1.0,0.0
5,135,10.590885997607362,11.011296346615165,1.0,1.0,0.0,0.0,0.0,0.0
6,135,5.555511700675429,3.331328925477608,1.0,0.0,1.0,0.0,1.0,1.0
7,135,9.88686806398428,9.53009208693555,0.0,0.0,0.0,0.0,1.0,0.0
8,135,7.99511340360071,4.969909704495612,0.0,0.0,1.0,1.0,0.0,1.0
9,135,4.986454253600339,0.0,1.0,0.0,0.0,1.0,0.0,0.0
10,135,9.52824592676772,3.3138021920254674,0.0,1.0,1.0,0.0,0.0,0.0
11,135,9.641427472672987,8.152016395626712,0.0,0.0,0.0,0.0,1.0,1.0
12,135,11.560194861487396,7.515449538037513,0.0,0.0,0.0,0.0,0.0,0.0
13,135,10.618161530013523,0.0,0.0,1.0,0.0,1.0,1.0,0.0
14,135,12.0,1.6074718088406403,1.0,0.0,0.0,1.0,0.0,0.0
15,135,3.726924703393096,12.0,0.0,0.0,0.0,0.0,1.0,0.0
16,135,7.592360415488058,1.5900239966272052,1.0,0.0,0.0,0.0,1.0,0.0
17,135,10.309334404776036,1.4473834004536834,1.0,0.0,0.0,1.0,0.0,0.0
18,135,12.0,6.164366891451674,0.0,0.0,0.0,0.0,0.0,0.0
19,135,12.0,4.558989765249424,0.0,0.0,1.0,1.0,0.0,0.0
20,135,9.299901917170462,2.7797968107956166,0.0,0.0,0.0,0.0,0.0,0.0
21,135,4.83906403093891,1.3297132555192712,0.0,0.0,0.0,0.0,1.0,1.0
22,135,4.613175589484358,5.943805155583709,0.0,0.0,0.0,0.0,0.0,0.0
23,135,11.839767451683697,2.0119242148748144,0.0,1.0,1.0,1.0,0.0,1.0
24,135,0.0,3.447640614725919,1.0,1.0,1.0,1.0,0.0,0.0
25,135,8.485934420737783,9.89787942136675,0.0,1.0,0.0,0.0,1.0,1.0
26,135,4.580722326259152,9.993868185264468,0.0,0.0,0.0,1.0,1.0,1.0
27,135,11.99848155030015,5.057989693217102,0.0,0.0,0.0,1.0,0.0,1.0
28,135,1.093779424891181,7.87417431007516,0.0,0.0,0.0,0.0,0.0,0.0
29,135,3.097553936213655,9.28789743613837,1.0,0.0,0.0,0.0,0.0,0.0
30,135,10.172744613383715,11.43521703940834,1.0,1.0,0.0,0.0,1.0,1.0
31,135,0.0,8.918840779475058,1.0,1.0,1.0,1.0,0.0,0.0
32,135,11.928896348673794,2.970891358988875,0.0,0.0,0.0,1.0,0.0,0.0
33,135,10.789200794149403,2.346834614404398,0.0,1.0,0.0,0.0,0.0,0.0
34,135,6.599299766357386,0.457472841879132,0.0,1.0,0.0,0.0,1.0,0.0
35,135,7.721573643330855,6.019823058096056,1.0,0.0,0.0,0.0,1.0,0.0
36,135,2.027525099883979,0.0,0.0,1.0,1.0,0.0,1.0,1.0
37,135,5.5188111391883865,6.436339151536656,1.0,0.0,0.0,0.0,1.0,1.0
38,135,9.305756522028204,9.400501808757255,1.0,0.0,1.0,0.0,1.0,0.0
39,135,2.620141922547768,6.838100390428219,0.0,1.0,1.0,1.0,1.0,1.0
0,140,0.0,7.670132846466531,0.0,1.0,0.0,1.0,0.0,1.0
1,140,3.596193493543466,6.895250183994911,1.0,0.0,1.0,1.0,1.0,1.0
2,140,11.86526402455678,8.085150597944411,0.0,0.0,0.0,0.0,0.0,0.0
3,140,7.700108039489556,11.42972710478734,0.0,0.0,1.0,0.0,0.0,0.0
4,140,2.296132470733149,3.5888254011314187,0.0,0.0,1.0,0.0,1.0,0.0
5,140,10.5959745669902,11.010948645226614,1.0,1.0,0.0,0.0,0.0,0.0
6,140,5.527204457263127,3.344482000493591,1.0,0.0,1.0,0.0,1.0,1.0
7,140,9.87125232968268,9.452239959293603,0.0,0.0,0.0,0.0,1.0,0.0
8,140,7.994428279199685,4.966715776163595,0.0,0.0,1.0,1.0,0.0,1.0
9,140,5.066148050525498,0.0,1.0,0.0,0.0,1.0,0.0,0.0
10,140,9.50267345761597,3.37449682433324,0.0,1.0,1.0,0.0,0.0,0.0
11,140,9.55432646823736,8.01993932729358,0.0,0.0,0.0,0.0,1.0,1.0
12,140,11.711363951893771,7.389381237391383,0.0,0.0,0.0,0.0,0.0,0.0
13,140,10.540880645448956,0.0,0.0,1.0,0.0,1.0,1.0,0.0
14,140,12.0,1.5671232645655906,1.0,0.0,0.0,1.0,0.0,0.0
15,140,3.733559638184167,12.0,0.0,0.0,0.0,0.0,1.0,0.0
16,140,7.609260233575693,1.5390071787949204,1.0,0.0,0.0,0.0,1.0,0.0
17,140,10.322230827282477,1.464450336054619,1.0,0.0,0.0,1.0,0.0,0.0
18,140,12.0,6.2376567980261015,0.0,0.0,0.0,0.0,0.0,0.0
19,140,12.0,4.595465241185681,0.0,0.0,1.0,1.0,0.0,0.0
20,140,9.484682573201072,2.8857350348461086,0.0,0.0,0.0,0.0,0.0,0.0
21,140,4.831954515509334,1.2352907597893492,0.0,0.0,0.0,0.0,1.0,1.0
22,140,4.597348521203861,6.075819325349082,0.0,0.0,0.0,0.0,0.0,0.0
23,140,11.850450109353028,2.007329895327192,0.0,1.0,1.0,1.0,0.0,1.0
24,140,0.0,3.4363994596821947,1.0,1.0,1.0,1.0,0.0,0.0
25,140,8.49166234433206,9.891073533364697,0.0,1.0,0.0,0.0,1.0,1.0
26,140,4.631621697215798,9.95578513662196,0.0,0.0,0.0,1.0,1.0,1.0
27,140,12.0,5.15252201239177,0.0,0.0,0.0,1.0,0.0,1.0
28,140,0.988157507365288,7.977984049504873,0.0,0.0,0.0,0.0,0.0,0.0
29,140,2.97800187766014,9.25722170137418,1.0,0.0,0.0,0.0,0.0,0.0
30,140,10.175911706372736,11.445348750774263,1.0,1.0,0.0,0.0,1.0,1.0
31,140,0.0,9.013409661500356,1.0,1.0,1.0,1.0,0.0,0.0
32,140,11.962468383073205,2.9688547477535563,0.0,0.0,0.0,1.0,0.0,0.0
33,140,10.768240094508668,2.370834402920496,0.0,1.0,0.0,0.0,0.0,0.0
34,140,6.630443926732355,0.505427442816392,0.0,1.0,0.0,0.0,1.0,0.0
35,140,7.580049302902474,5.9287793538481655,1.0,0.0,0.0,0.0,1.0,0.0
36,140,2.04695845703853,0.0,0.0,1.0,1.0,0.0,1.0,1.0
37,140,5.50255346751638,6.442291457120321,1.0,0.0,0.0,0.0,1.0,1.0
38,140,9.30779171992957,9.40303556581979,1.0,0.0,1.0,0.0,1.0,0.0
39,140,2.587416223767608,6.755153482567217,0.0,1.0,1.0,1.0,1.0,1.0
0,145,0.0,7.663042359633458,0.0,1.0,0.0,1.0,0.0,1.0
1,145,3.5297886305934005,6.845940376345808,1.0,0.0,1.0,1.0,1.0,1.0
2,145,11.822822671671052,8.051295654404196,0.0,0.0,0.0,0.0,0.0,0.0
3,145,7.517436007404023,11.46311221308371,0.0,0.0,1.0,0.0,0.0,0.0
4,145,2.263435596382121,3.574326952193024,0.0,0.0,1.0,0.0,1.0,0.0
5,145,10.58889660868984,11.011472069122132,1.0,1.0,0.0,0.0,0.0,0.0
6,145,5.525442152654381,3.345254597853994,1.0,0.0,1.0,0.0,1.0,1.0
7,145,9.859394099754242,9.393729092114633,0.0,0.0,0.0,0.0,1.0,0.0
8,145,7.993923406507547,4.964257239738766,0.0,0.0,1.0,1.0,0.0,1.0
9,145,5.136193509129802,0.0,1.0,0.0,0.0,1.0,0.0,0.0
10,145,9.478670562139284,3.4292935590056364,0.0,1.0,1.0,0.0,0.0,0.0
11,145,9.464106844132836,7.885927185455911,0.0,0.0,0.0,0.0,1.0,1.0
12,145,11.8520669378612,7.274932346418631,0.0,0.0,0.0,0.0,0.0,0.0
13,145,10.457103769382826,0.0,0.0,1.0,0.0,1.0,1.0,0.0
14,145,12.0,1.4865265851107936,1.0,0.0,0.0,1.0,0.0,0.0
15,145,3.73516381401864,12.0,0.0,0.0,0.0,0.0,1.0,0.0
16,145,7.629884702213847,1.4737126051475626,1.0,0.0,0.0,0.0,1.0,0.0
17,145,10.317508154894302,1.4580211118792543,1.0,0.0,0.0,1.0,0.0,0.0
18,145,12.0,6.30585575578553,0.0,0.0,0.0,0.0,0.0,0.0
19,145,12.0,4.644763889540054,0.0,0.0,1.0,1.0,0.0,0.0
20,145,9.670783184636658,2.9917498963405262,0.0,0.0,0.0,0.0,0.0,0.0
21,145,4.826122124827189,1.1248183895492856,0.0,0.0,0.0,0.0,1.0,1.0
22,145,4.581077377655055,6.203787208769185,0.0,0.0,0.0,0.0,0.0,0.0
23,145,11.859955372018227,2.003056476847179,0.0,1.0,1.0,1.0,0.0,1.0
24,145,0.0,3.419020311555191,1.0,1.0,1.0,1.0,0.0,0.0
25,145,8.483515266050672,9.900657945447191,0.0,1.0,0.0,0.0,1.0,1.0
26,145,4.665023180779988,9.931098538110843,0.0,0.0,0.0,1.0,1.0,1.0
27,145,12.0,5.24531552057479,0.0,0.0,0.0,1.0,0.0,1.0
28,145,0.8805521911408055,8.08490188860484,0.0,0.0,0.0,0.0,0.0,0.0
29,145,2.8305439783452675,9.21814959100599,1.0,0.0,0.0,0.0,0.0,0.0
30,145,10.17971729391341,11.457678721212224,1.0,1.0,0.0,0.0,1.0,1.0
31,145,0.0,9.12792002893912,1.0,1.0,1.0,1.0,0.0,0.0
32,145,12.0,2.966058363432237,0.0,0.0,0.0,1.0,0.0,0.0
33,145,10.749508225439946,2.3920768461579285,0.0,1.0,0.0,0.0,0.0,0.0
34,145,6.658330919718131,0.5466294600880854,0.0,1.0,0.0,0.0,1.0,0.0
35,145,7.421309423671862,5.827217234456979,1.0,0.0,0.0,0.0,1.0,0.0
36,145,2.081518251608822,0.0,0.0,1.0,1.0,0.0,1.0,1.0
37,145,5.484345266257083,6.449040544091226,1.0,0.0,0.0,0.0,1.0,1.0
38,145,9.301889165075938,9.395788177627471,1.0,0.0,1.0,0.0,1.0,0.0
39,145,2.5497106329238,6.65906878810468,0.0,1.0,1.0,1.0,1.0,1.0
0,150,0.0,7.656772547170744,0.0,1.0,0.0,1.0,0.0,1.0
1,150,3.479103715357412,6.8062976847959895,1.0,0.0,1.0,1.0,1.0,1.0
2,150,11.772943160511945,8.013091165839798,0.0,0.0,0.0,0.0,0.0,0.0
3,150,7.309413758032203,11.498302413272311,0.0,0.0,1.0,0.0,0.0,0.0
4,150,2.2305603698228587,3.561346228091265,0.0,0.0,1.0,0.0,1.0,0.0
5,150,10.565555081486558,11.013195088259844,1.0,1.0,0.0,0.0,0.0,0.0
6,150,5.514899980520259,3.349747039533809,1.0,0.0,1.0,0.0,1.0,1.0
7,150,9.845889263032417,9.32582354424612,0.0,0.0,0.0,0.0,1.0,0.0
8,150,7.987577899426375,4.9333745253699055,0.0,0.0,1.0,1.0,0.0,1.0
9,150,5.2030129181952764,0.0,1.0,0.0,0.0,1.0,0.0,0.0
10,150,9.449397893578448,3.495514192336341,0.0,1.0,1.0,0.0,0.0,0.0
11,150,9.391199127227337,7.772824646384188,0.0,0.0,0.0,0.0,1.0,1.0
12,150,11.992797462614952,7.159450372983832,0.0,0.0,0.0,0.0,0.0,0.0
13,150,10.378808656669833,0.0,0.0,1.0,0.0,1.0,1.0,0.0
14,150,12.0,1.407894742862529,1.0,0.0,0.0,1.0,0.0,0.0
15,150,3.735757522253857,12.0,0.0,0.0,0.0,0.0,1.0,0.0
16,150,7.645942216637905,1.424481742825796,1.0,0.0,0.0,0.0,1.0,0.0
17,150,10.317401646358531,1.457882340636743,1.0,0.0,0.0,1.0,0.0,0.0
18,150,12.0,6.379415250629501,0.0,0.0,0.0,0.0,0.0,0.0
19,150,12.0,4.674070791379823,0.0,0.0,1.0,1.0,0.0,0.0
20,150,9.88690774099683,3.121513563180992,0.0,0.0,0.0,0.0,0.0,0.0
21,150,4.823396822491206,1.017616554619976,0.0,0.0,0.0,0.0,1.0,1.0
22,150,4.562942826808314,6.34761609672624,0.0,0.0,0.0,0.0,0.0,0.0
23,150,11.851002883070738,2.006573253909833,0.0,1.0,1.0,1.0,0.0,1.0
24,150,0.0,3.399222148348747,1.0,1.0,1.0,1.0,0.0,0.0
25,150,8.488970455498361,9.894089267934856,0.0,1.0,0.0,0.0,1.0,1.0
26,150,4.702691543331857,9.902293407445889,0.0,0.0,0.0,1.0,1.0,1.0
27,150,12.0,5.359753531559262,0.0,0.0,0.0,1.0,0.0,1.0
28,150,0.7749397823790181,8.19008013622949,0.0,0.0,0.0,0.0,0.0,0.0
29,150,2.704476470741978,9.184252916511843,1.0,0.0,0.0,0.0,0.0,0.0
30,150,10.184602506152704,11.474062910431476,1.0,1.0,0.0,0.0,1.0,1.0
31,150,0.0,9.259250382770432,1.0,1.0,1.0,1.0,0.0,0.0
32,150,12.0,2.962922226283094,0.0,0.0,0.0,1.0,0.0,0.0
33,150,10.71877396863413,2.4276478800782817,0.0,1.0,0.0,0.0,0.0,0.0
34,150,6.695092259733362,0.6027334416357036,0.0,1.0,0.0,0.0,1.0,0.0
35,150,7.264402501788558,5.725572570711719,1.0,0.0,0.0,0.0,1.0,0.0
36,150,2.124426802038347,0.0,0.0,1.0,1.0,0.0,1.0,1.0
37,150,5.478902945362978,6.451130752181145,1.0,0.0,0.0,0.0,1.0,1.0
38,150,9.284926648413691,9.375433439814678,1.0,0.0,1.0,0.0,1.0,0.0
39,150,2.507642757824709,6.548701340760949,0.0,1.0,1.0,1.0,1.0,1.0
0,155,0.0,7.653565845329126,0.0,1.0,0.0,1.0,0.0,1.0
1,155,3.412468002152431,6.759284382920344,1.0,0.0,1.0,1.0,1.0,1.0
2,155,11.705799352731416,7.969066863999768,0.0,0.0,0.0,0.0,0.0,0.0
3,155,7.089636791837401,11.536931538228178,0.0,0.0,1.0,0.0,0.0,0.0
4,155,2.1856013859936723,3.5457653761385672,0.0,0.0,1.0,0.0,1.0,0.0
5,155,10.522563939584089,11.015434244071368,1.0,1.0,0.0,0.0,0.0,0.0
6,155,5.508732147422802,3.352337651485384,1.0,0.0,1.0,0.0,1.0,1.0
7,155,9.83114430619558,9.249824187296095,0.0,0.0,0.0,0.0,1.0,0.0
8,155,7.983375396248615,4.91339872877055,0.0,0.0,1.0,1.0,0.0,1.0
9,155,5.270787851490376,0.0,1.0,0.0,0.0,1.0,0.0,0.0
10,155,9.413389134822674,3.573774224865045,0.0,1.0,1.0,0.0,0.0,0.0
11,155,9.313062129487964,7.644806841250841,0.0,0.0,0.0,0.0,1.0,1.0
12,155,12.0,7.055315618587324,0.0,0.0,0.0,0.0,0.0,0.0
13,155,10.27890462069633,0.0,0.0,1.0,0.0,1.0,1.0,0.0
14,155,12.0,1.3335253315957194,1.0,0.0,0.0,1.0,0.0,0.0
15,155,3.724512777550301,11.989957436113134,0.0,0.0,0.0,0.0,1.0,0.0
16,155,7.667763693523844,1.361479856178767,1.0,0.0,0.0,0.0,1.0,0.0
17,155,10.311466148539733,1.4503914177146968,1.0,0.0,0.0,1.0,0.0,0.0
18,155,12.0,6.44831998450317,0.0,0.0,0.0,0.0,0.0,0.0
19,155,12.0,4.712471255831594,0.0,0.0,1.0,1.0,0.0,0.0
20,155,10.116868645798757,3.2707579624061127,0.0,0.0,0.0,0.0,0.0,0.0
21,155,4.821312708690195,0.8993086458001646,0.0,0.0,0.0,0.0,1.0,1.0
22,155,4.54727603061296,6.492447077688417,0.0,0.0,0.0,0.0,0.0,0.0
23,155,11.845708055257598,2.008743501854474,0.0,1.0,1.0,1.0,0.0,1.0
24,155,0.0,3.380636794882645,1.0,1.0,1.0,1.0,0.0,0.0
25,155,8.49821313189979,9.883584726023011,0.0,1.0,0.0,0.0,1.0,1.0
26,155,4.723442130056375,9.88718285819586,0.0,0.0,0.0,1.0,1.0,1.0
27,155,12.0,5.460139494875094,0.0,0.0,0.0,1.0,0.0,1.0
28,155,0.6585283570477436,8.304714071873887,0.0,0.0,0.0,0.0,0.0,0.0
29,155,2.5869246783562114,9.151117800162494,1.0,0.0,0.0,0.0,0.0,0.0
30,155,10.194926315600584,11.506266809402826,1.0,1.0,0.0,0.0,1.0,1.0
31,155,0.0,9.401213214438144,1.0,1.0,1.0,1.0,0.0,0.0
32,155,12.0,2.958771556397779,0.0,0.0,0.0,1.0,0.0,0.0
33,155,10.68579119304782,2.468672739678495,0.0,1.0,0.0,0.0,0.0,0.0
34,155,6.730677304898284,0.6576890704282586,0.0,1.0,0.0,0.0,1.0,0.0
35,155,7.10588644233682,5.625688238578789,1.0,0.0,0.0,0.0,1.0,0.0
36,155,2.171323552555307,0.0,0.0,1.0,1.0,0.0,1.0,1.0
37,155,5.473012070298123,6.453041022930477,1.0,0.0,0.0,0.0,1.0,1.0
38,155,9.26149030130273,9.347211614075258,1.0,0.0,1.0,0.0,1.0,0.0
39,155,2.4558708180334468,6.420067008241325,0.0,1.0,1.0,1.0,1.0,1.0
0,160,0.0,7.650790683409598,0.0,1.0,0.0,1.0,0.0,1.0
1,160,3.33176287330267,6.702922756218404,1.0,0.0,1.0,1.0,1.0,1.0
2,160,11.64196925668542,7.9260253645435075,0.0,0.0,0.0,0.0,0.0,0.0
3,160,6.858841643137114,11.578898382282526,0.0,0.0,1.0,0.0,0.0,0.0
4,160,2.140731529656985,3.531162931794966,0.0,0.0,1.0,0.0,1.0,0.0
5,160,10.480848232445728,11.01827524637244,1.0,1.0,0.0,0.0,0.0,0.0
6,160,5.505482258383347,3.3538153384624807,1.0,0.0,1.0,0.0,1.0,1.0
7,160,9.814449805721674,9.16998292537821,0.0,0.0,0.0,0.0,1.0,0.0
8,160,7.979728510337684,4.893593056016171,0.0,0.0,1.0,1.0,0.0,1.0
9,160,5.301597731945445,0.0,1.0,0.0,0.0,1.0,0.0,0.0
10,160,9.38015159552256,3.643662869284275,0.0,1.0,1.0,0.0,0.0,0.0
11,160,9.233548179896308,7.513827329361536,0.0,0.0,0.0,0.0,1.0,1.0
12,160,12.0,6.955409648359582,0.0,0.0,0.0,0.0,0.0,0.0
13,160,10.161467230332232,0.0,0.0,1.0,0.0,1.0,1.0,0.0
14,160,12.0,1.2423260682319115,1.0,0.0,0.0,1.0,0.0,0.0
15,160,3.699522893767242,11.967142339184967,0.0,0.0,0.0,0.0,1.0,0.0
16,160,7.688319341633285,1.3030025355076718,1.0,0.0,0.0,0.0,1.0,0.0
17,160,10.311096717965018,1.449942050494179,1.0,0.0,0.0,1.0,0.0,0.0
18,160,12.0,6.510530180305562,0.0,0.0,0.0,0.0,0.0,0.0
19,160,12.0,4.739532414552145,0.0,0.0,1.0,1.0,0.0,0.0
20,160,10.343329930946094,3.4240510369306296,0.0,0.0,0.0,0.0,0.0,0.0
21,160,4.819091794448742,0.7924654205531946,0.0,0.0,0.0,0.0,1.0,1.0
22,160,4.528859257736356,6.652312288442948,0.0,0.0,0.0,0.0,0.0,0.0
23,160,11.852653674632524,2.005736392148629,0.0,1.0,1.0,1.0,0.0,1.0
24,160,0.0,3.369488026057992,1.0,1.0,1.0,1.0,0.0,0.0
25,160,8.510962943242681,9.868626318500375,0.0,1.0,0.0,0.0,1.0,1.0
26,160,4.7515341752340845,9.8673934256025,0.0,0.0,0.0,1.0,1.0,1.0
27,160,12.0,5.540088588853945,0.0,0.0,0.0,1.0,0.0,1.0
28,160,0.5353999691168468,8.428939576851501,0.0,0.0,0.0,0.0,0.0,0.0
29,160,2.478214425585361,9.11690768048896,1.0,0.0,0.0,0.0,0.0,0.0
30,160,10.201231477198895,11.529384032254931,1.0,1.0,0.0,0.0,1.0,1.0
31,160,0.0,9.544318566386972,1.0,1.0,1.0,1.0,0.0,0.0
32,160,12.0,2.955001609889305,0.0,0.0,0.0,1.0,0.0,0.0
33,160,10.65999423505617,2.499816713241164,0.0,1.0,0.0,0.0,0.0,0.0
34,160,6.761682692689982,0.7071486048585054,0.0,1.0,0.0,0.0,1.0,0.0
35,160,6.942390269064011,5.525742416473033,1.0,0.0,0.0,0.0,1.0,0.0
36,160,2.203047317268365,0.0,0.0,1.0,1.0,0.0,1.0,1.0
37,160,5.467476713308869,6.454983891444424,1.0,0.0,0.0,0.0,1.0,1.0
38,160,9.230171949406111,9.310990167194651,1.0,0.0,1.0,0.0,1.0,0.0
39,160,2.4014249261130107,6.28422698003631,0.0,1.0,1.0,1.0,1.0,1.0
0,165,0.0117281247831971,7.652642214711573,0.0,1.0,0.0,1.0,0.0,1.0
1,165,3.2564259294454376,6.648655110878565,1.0,0.0,1.0,1.0,1.0,1.0
2,165,11.606636021383093,7.90419526018596,0.0,0.0,0.0,0.0,0.0,0.0
3,165,6.633160843559801,11.622612146272935,0.0,0.0,1.0,0.0,0.0,0.0
4,165,2.108125995833637,3.52110994819546,0.0,0.0,1.0,0.0,1.0,0.0
5,165,10.441818063083726,11.021792036182129,1.0,1.0,0.0,0.0,0.0,0.0
6,165,5.4867954339700935,3.3620844585135474,1.0,0.0,1.0,0.0,1.0,1.0
7,165,9.79999908728044,9.101229320011596,0.0,0.0,0.0,0.0,1.0,0.0
8,165,7.974520447248851,4.864487571830076,0.0,0.0,1.0,1.0,0.0,1.0
9,165,5.31315443081358,0.0,1.0,0.0,0.0,1.0,0.0,0.0
10,165,9.44304779242224,3.6744571371230488,0.0,1.0,1.0,0.0,0.0,0.0
11,165,9.157279486001649,7.385718389067716,0.0,0.0,0.0,0.0,1.0,1.0
12,165,12.0,6.862713976993629,0.0,0.0,0.0,0.0,0.0,0.0
13,165,10.021648170119628,0.0,0.0,1.0,0.0,1.0,1.0,0.0
14,165,12.0,1.1488298667186554,1.0,0.0,0.0,1.0,0.0,0.0
15,165,3.6622310963380222,11.93356141837313,0.0,0.0,0.0,0.0,1.0,0.0
16,165,7.705001142340135,1.2486284182198746,1.0,0.0,0.0,0.0,1.0,0.0
17,165,10.309390087446358,1.4477264617090373,1.0,0.0,0.0,1.0,0.0,0.0
18,165,12.0,6.5683791014544095,0.0,0.0,0.0,0.0,0.0,0.0
19,165,12.0,4.752055217651273,0.0,0.0,1.0,1.0,0.0,0.0
20,165,10.55629457746494,3.563530138363183,0.0,0.0,0.0,0.0,0.0,0.0
21,165,4.815886750430191,0.6898127694297671,0.0,0.0,0.0,0.0,1.0,1.0
22,165,4.506889942492729,6.81238351497449,0.0,0.0,0.0,0.0,0.0,0.0
23,165,11.846838125383464,2.0082546244224284,0.0,1.0,1.0,1.0,0.0,1.0
24,165,0.0,3.3623131944477502,1.0,1.0,1.0,1.0,0.0,0.0
25,165,8.523137691680358,9.853881289411474,0.0,1.0,0.0,0.0,1.0,1.0
26,165,4.729188070923268,9.83452474755586,0.0,0.0,0.0,1.0,1.0,1.0
27,165,12.0,5.6447637494549205,0.0,0.0,0.0,1.0,0.0,1.0
28,165,0.4121859079297547,8.551839853675132,0.0,0.0,0.0,0.0,0.0,0.0
29,165,2.3612545255734383,9.082036997121293,1.0,0.0,0.0,0.0,0.0,0.0
30,165,10.20823940417214,11.555753273468952,1.0,1.0,0.0,0.0,1.0,1.0
31,165,0.0,9.700172565419646,1.0,1.0,1.0,1.0,0.0,0.0
32,165,12.0,2.9519218748679874,0.0,0.0,0.0,1.0,0.0,0.0
33,165,10.649308145710522,2.5128199607923607,0.0,1.0,0.0,0.0,0.0,0.0
34,165,6.782047875176313,0.738999155601165,0.0,1.0,0.0,0.0,1.0,0.0
35,165,6.786414353319362,5.435062906823415,1.0,0.0,0.0,0.0,1.0,0.0
36,165,2.2427169815896737,0.0,0.0,1.0,1.0,0.0,1.0,1.0
37,165,5.462446741104222,6.456557722725759,1.0,0.0,0.0,0.0,1.0,1.0
38,165,9.191628019107563,9.267965798842022,1.0,0.0,1.0,0.0,1.0,0.0
39,165,2.3477123610457107,6.140570954227092,0.0,1.0,1.0,1.0,1.0,1.0
0,170,0.0308077506511512,7.655870812903315,0.0,1.0,0.0,1.0,0.0,1.0
1,170,3.15201619552643,6.575524894355229,1.0,0.0,1.0,1.0,1.0,1.0
2,170,11.551460585512087,7.872808133359085,0.0,0.0,0.0,0.0,0.0,0.0
3,170,6.397346455917855,11.670631001468184,0.0,0.0,1.0,0.0,0.0,0.0
4,170,2.0844339428841847,3.513668315941853,0.0,0.0,1.0,0.0,1.0,0.0
5,170,10.384487853797744,11.02818156923616,1.0,1.0,0.0,0.0,0.0,0.0
6,170,5.465241197330759,3.371829676164721,1.0,0.0,1.0,0.0,1.0,1.0
7,170,9.788361568862552,9.0427140774242,0.0,0.0,0.0,0.0,1.0,0.0
8,170,7.971544064219634,4.848145642418611,0.0,0.0,1.0,1.0,0.0,1.0
9,170,5.2945982128660365,0.0014080649211159,1.0,0.0,0.0,1.0,0.0,0.0
10,170,9.49771259970204,3.703168912741661,0.0,1.0,1.0,0.0,0.0,0.0
11,170,9.08339524712332,7.2545177984436,0.0,0.0,0.0,0.0,1.0,1.0
12,170,12.0,6.778934342536955,0.0,0.0,0.0,0.0,0.0,0.0
13,170,9.902715678711957,0.0,0.0,1.0,0.0,1.0,1.0,0.0
14,170,12.0,1.0502159878679165,1.0,0.0,0.0,1.0,0.0,0.0
15,170,3.6222577004922143,11.898517246986495,0.0,0.0,0.0,0.0,1.0,0.0
16,170,7.726256516625856,1.1801444246623802,1.0,0.0,0.0,0.0,1.0,0.0
17,170,10.316093870127794,1.4563170257734823,1.0,0.0,0.0,1.0,0.0,0.0
18,170,12.0,6.643975757749562,0.0,0.0,0.0,0.0,0.0,0.0
19,170,12.0,4.773031273076209,0.0,0.0,1.0,1.0,0.0,0.0
20,170,10.772280677009318,3.696235879335842,0.0,0.0,0.0,0.0,0.0,0.0
21,170,4.812326572416344,0.5711710897937579,0.0,0.0,0.0,0.0,1.0,1.0
22,170,4.484417024999331,6.957221989563955,0.0,0.0,0.0,0.0,0.0,0.0
23,170,11.826632154592424,2.017742746654017,0.0,1.0,1.0,1.0,0.0,1.0
24,170,0.0,3.350279194281526,1.0,1.0,1.0,1.0,0.0,0.0
25,170,8.529374280772444,9.846728648593416,0.0,1.0,0.0,0.0,1.0,1.0
26,170,4.7153261108593725,9.81504492622358,0.0,0.0,0.0,1.0,1.0,1.0
27,170,12.0,5.760063100488963,0.0,0.0,0.0,1.0,0.0,1.0
28,170,0.2812232419304658,8.685197961005434,0.0,0.0,0.0,0.0,0.0,0.0
29,170,2.216947552679484,9.042355931272496,1.0,0.0,0.0,0.0,0.0,0.0
30,170,10.211686387426989,11.567742294393009,1.0,1.0,0.0,0.0,1.0,1.0
31,170,0.0,9.867247570459812,1.0,1.0,1.0,1.0,0.0,0.0
32,170,12.0,2.949649774813928,0.0,0.0,0.0,1.0,0.0,0.0
33,170,10.633654362098907,2.531909630213279,0.0,1.0,0.0,0.0,0.0,0.0
34,170,6.802219527977701,0.7738143633938485,0.0,1.0,0.0,0.0,1.0,0.0
35,170,6.639947586749889,5.355600687297422,1.0,0.0,0.0,0.0,1.0,0.0
36,170,2.285636645982136,0.0,0.0,1.0,1.0,0.0,1.0,1.0
37,170,5.470907205099322,6.45386295768705,1.0,0.0,0.0,0.0,1.0,1.0
38,170,9.129501057955547,9.195821720444552,1.0,0.0,1.0,0.0,1.0,0.0
39,170,2.3008150426507243,6.005623421298957,0.0,1.0,1.0,1.0,1.0,1.0
0,175,0.0390376367785949,7.657220018166623,0.0,1.0,0.0,1.0,0.0,1.0
1,175,3.031536078830672,6.490023537685891,1.0,0.0,1.0,1.0,1.0,1.0
2,175,11.504713051757165,7.846763317775547,0.0,0.0,0.0,0.0,0.0,0.0
3,175,6.173516095971106,11.730010013340449,0.0,0.0,1.0,0.0,0.0,0.0
4,175,2.070784720951511,3.509021491089773,0.0,0.0,1.0,0.0,1.0,0.0
5,175,10.323822451970868,11.035139734504565,1.0,1.0,0.0,0.0,0.0,0.0
6,175,5.466724451460364,3.3711804898871423,1.0,0.0,1.0,0.0,1.0,1.0
7,175,9.77129438659809,8.969215349627135,0.0,0.0,0.0,0.0,1.0,0.0
8,175,7.967428097058382,4.824789893020322,0.0,0.0,1.0,1.0,0.0,1.0
9,175,5.270440067804756,0.0033735104181229,1.0,0.0,0.0,1.0,0.0,0.0
10,175,9.552931415116674,3.732535649668695,0.0,1.0,1.0,0.0,0.0,0.0
11,175,9.005686231281198,7.110973388071933,0.0,0.0,0.0,0.0,1.0,1.0
12,175,12.0,6.702577618241076,0.0,0.0,0.0,0.0,0.0,0.0
13,175,9.761375854682294,0.0,0.0,1.0,0.0,1.0,1.0,0.0
14,175,12.0,0.955598189253822,1.0,0.0,0.0,1.0,0.0,0.0
15,175,3.5751577696348216,11.856776804096617,0.0,0.0,0.0,0.0,1.0,0.0
16,175,7.746240402483501,1.1177119554665276,1.0,0.0,0.0,0.0,1.0,0.0
17,175,10.319400184753285,1.4605773203302643,1.0,0.0,0.0,1.0,0.0,0.0
18,175,12.0,6.719862165920262,0.0,0.0,0.0,0.0,0.0,0.0
19,175,12.0,4.803264898853491,0.0,0.0,1.0,1.0,0.0,0.0
20,175,10.9811449582982,3.828428221035846,0.0,0.0,0.0,0.0,0.0,0.0
21,175,4.807578621957783,0.4279423356757554,0.0,0.0,0.0,0.0,1.0,1.0
22,175,4.465911181041077,7.087823439918613,0.0,0.0,0.0,0.0,0.0,0.0
23,175,11.832456570877955,2.0311195021390187,0.0,1.0,1.0,1.0,0.0,1.0
24,175,0.0,3.338053588394243,1.0,1.0,1.0,1.0,0.0,0.0
25,175,8.523074987749368,9.854433184415994,0.0,1.0,0.0,0.0,1.0,1.0
26,175,4.709133753032938,9.806505898398246,0.0,0.0,0.0,1.0,1.0,1.0
27,175,12.0,5.872451844210482,0.0,0.0,0.0,1.0,0.0,1.0
28,175,0.1207435611542974,8.850445277018746,0.0,0.0,0.0,0.0,0.0,0.0
29,175,2.070207931032668,9.00345852545552,1.0,0.0,0.0,0.0,0.0,0.0
30,175,10.20951814790284,11.56008724960509,1.0,1.0,0.0,0.0,1.0,1.0
31,175,0.0,10.029531060287043,1.0,1.0,1.0,1.0,0.0,0.0
32,175,12.0,2.9485219114164707,0.0,0.0,0.0,1.0,0.0,0.0
33,175,10.6099294628896,2.560565030626479,0.0,1.0,0.0,0.0,0.0,0.0
34,175,6.815624293382912,0.7967024754336743,0.0,1.0,0.0,0.0,1.0,0.0
35,175,6.496220181173977,5.2720910546772615,1.0,0.0,0.0,0.0,1.0,0.0
36,175,2.3208605277314134,0.0,0.0,1.0,1.0,0.0,1.0,1.0
37,175,5.461903603813723,6.456810473675297,1.0,0.0,0.0,0.0,1.0,1.0
38,175,9.0691742336447,9.1222733136685,1.0,0.0,1.0,0.0,1.0,0.0
39,175,2.2543846677425123,5.868037115422914,0.0,1.0,1.0,1.0,1.0,1.0
0,180,0.054497630481511,7.660017475818902,0.0,1.0,0.0,1.0,0.0,1.0
1,180,2.938387103024532,6.4258302357039465,1.0,0.0,1.0,1.0,1.0,1.0
2,180,11.465756428828414,7.824969912913924,0.0,0.0,0.0,0.0,0.0,0.0
3,180,5.9677994408998485,11.785579440574317,0.0,0.0,1.0,0.0,0.0,0.0
4,180,2.0454630978506017,3.500497820481412,0.0,0.0,1.0,0.0,1.0,0.0
5,180,10.25957220896643,11.044813743509962,1.0,1.0,0.0,0.0,0.0,0.0
6,180,5.472955392919774,3.3684922004649884,1.0,0.0,1.0,0.0,1.0,1.0
7,180,9.750094635043164,8.87561310348823,0.0,0.0,0.0,0.0,1.0,0.0
8,180,7.965219318040489,4.810643186502178,0.0,0.0,1.0,1.0,0.0,1.0
9,180,5.225456444161254,0.0067956895262833,1.0,0.0,0.0,1.0,0.0,0.0
10,180,9.594850062238558,3.754682273138975,0.0,1.0,1.0,0.0,0.0,0.0
11,180,8.928661424379472,6.980350717152151,0.0,0.0,0.0,0.0,1.0,1.0
12,180,12.0,6.63624277750908,0.0,0.0,0.0,0.0,0.0,0.0
13,180,9.607339520389894,0.0,0.0,1.0,0.0,1.0,1.0,0.0
14,180,12.0,0.8569418937518131,1.0,0.0,0.0,1.0,0.0,0.0
15,180,3.5275555603082944,11.815483144549322,0.0,0.0,0.0,0.0,1.0,0.0
16,180,7.76628120935991,1.0526198611803137,1.0,0.0,0.0,0.0,1.0,0.0
17,180,10.294824663610898,1.428287548626196,1.0,0.0,0.0,1.0,0.0,0.0
18,180,12.0,6.805547738736911,0.0,0.0,0.0,0.0,0.0,0.0
19,180,12.0,4.829188949219418,0.0,0.0,1.0,1.0,0.0,0.0
20,180,11.196789105686566,3.9596701157471847,0.0,0.0,0.0,0.0,0.0,0.0
21,180,4.800793606331217,0.2859731901271471,0.0,0.0,0.0,0.0,1.0,1.0
22,180,4.449247958930043,7.199313089246497,0.0,0.0,0.0,0.0,0.0,0.0
23,180,11.841424124065744,2.053272800358352,0.0,1.0,1.0,1.0,0.0,1.0
24,180,0.0,3.3165892492344766,1.0,1.0,1.0,1.0,0.0,0.0
25,180,8.509373666255192,9.871931461106154,0.0,1.0,0.0,0.0,1.0,1.0
26,180,4.70012799754241,9.79424963615843,0.0,0.0,0.0,1.0,1.0,1.0
27,180,12.0,5.978216744179318,0.0,0.0,0.0,1.0,0.0,1.0
28,180,0.0,9.0274942821504,0.0,0.0,0.0,0.0,0.0,0.0
29,180,1.923321966343834,8.962216890319645,1.0,0.0,0.0,0.0,0.0,0.0
30,180,10.209561625453912,11.560232916185903,1.0,1.0,0.0,0.0,1.0,1.0
31,180,0.0,10.199817677081697,1.0,1.0,1.0,1.0,0.0,0.0
32,180,12.0,2.946356794114743,0.0,0.0,0.0,1.0,0.0,0.0
33,180,10.590639464403452,2.582274501501999,0.0,1.0,0.0,0.0,0.0,0.0
34,180,6.823683266208339,0.8096998474050108,0.0,1.0,0.0,0.0,1.0,0.0
35,180,6.345748095211806,5.182849382299333,1.0,0.0,0.0,0.0,1.0,0.0
36,180,2.3583012081759174,0.0,0.0,1.0,1.0,0.0,1.0,1.0
37,180,5.4551401727249225,6.458861639594379,1.0,0.0,0.0,0.0,1.0,1.0
38,180,9.010390844199168,9.052105089730471,1.0,0.0,1.0,0.0,1.0,0.0
39,180,2.211791049517497,5.742757478456477,0.0,1.0,1.0,1.0,1.0,1.0
0,185,0.0700485700942547,7.662386529973729,0.0,1.0,0.0,1.0,0.0,1.0
1,185,2.8482550099461226,6.364440900451771,1.0,0.0,1.0,1.0,1.0,1.0
2,185,11.407479561665973,7.792375692832681,0.0,0.0,0.0,0.0,0.0,0.0
3,185,5.918898490160442,11.590404934404054,0.0,0.0,1.0,0.0,0.0,0.0
4,185,2.032512444772196,3.4961965430328936,0.0,0.0,1.0,0.0,1.0,0.0
5,185,10.19745224580218,11.052396400269265,1.0,1.0,0.0,0.0,0.0,0.0
6,185,5.485862382290335,3.363001130277764,1.0,0.0,1.0,0.0,1.0,1.0
7,185,9.73063027121342,8.784975337420184,0.0,0.0,0.0,0.0,1.0,0.0
8,185,7.964184136786976,4.804988225215414,0.0,0.0,1.0,1.0,0.0,1.0
9,185,5.15594403246808,0.0118952774576964,1.0,0.0,0.0,1.0,0.0,0.0
10,185,9.652695466168533,3.787442133243871,0.0,1.0,1.0,0.0,0.0,0.0
11,185,8.852030357542638,6.8432311427577694,0.0,0.0,0.0,0.0,1.0,1.0
12,185,12.0,6.568144444888564,0.0,0.0,0.0,0.0,0.0,0.0
13,185,9.448525322914088,0.0,0.0,1.0,0.0,1.0,1.0,0.0
14,185,12.0,0.7678630227338937,1.0,0.0,0.0,1.0,0.0,0.0
15,185,3.4895414316262845,11.782741125988348,0.0,0.0,0.0,0.0,1.0,0.0
16,185,7.784213262243833,0.9977564558891788,1.0,0.0,0.0,0.0,1.0,0.0
17,185,10.271875233326034,1.3972131521552238,1.0,0.0,0.0,1.0,0.0,0.0
18,185,12.0,6.88665887786832,0.0,0.0,0.0,0.0,0.0,0.0
19,185,12.0,4.853687616324398,0.0,0.0,1.0,1.0,0.0,0.0
20,185,11.393107719752503,4.075424246473959,0.0,0.0,0.0,0.0,0.0,0.0
21,185,4.796840471747613,0.1445445239547898,0.0,0.0,0.0,0.0,1.0,1.0
22,185,4.428839843768828,7.330180560459596,0.0,0.0,0.0,0.0,0.0,0.0
23,185,11.85181297407478,2.0772522534736133,0.0,1.0,1.0,1.0,0.0,1.0
24,185,0.0,3.288400426483829,1.0,1.0,1.0,1.0,0.0,0.0
25,185,8.504607144579085,9.877766779218875,0.0,1.0,0.0,0.0,1.0,1.0
26,185,4.688305370773425,9.777966605293663,0.0,0.0,0.0,1.0,1.0,1.0
27,185,12.0,6.103217741027284,0.0,0.0,0.0,1.0,0.0,1.0
28,185,0.0,9.215908976333337,0.0,0.0,0.0,0.0,0.0,0.0
29,185,1.7859383126833108,8.924217792569316,1.0,0.0,0.0,0.0,0.0,0.0
30,185,10.209854817429028,11.56114952554331,1.0,1.0,0.0,0.0,1.0,1.0
31,185,0.0,10.37423341315484,1.0,1.0,1.0,1.0,0.0,0.0
32,185,12.0,2.941947470908684,0.0,0.0,0.0,1.0,0.0,0.0
33,185,10.564147608118663,2.611503232001595,0.0,1.0,0.0,0.0,0.0,0.0
34,185,6.8306408787679285,0.8221254932442681,0.0,1.0,0.0,0.0,1.0,0.0
35,185,6.210852036856606,5.101950601954166,1.0,0.0,0.0,0.0,1.0,0.0
36,185,2.413622639644448,0.0,0.0,1.0,1.0,0.0,1.0,1.0
37,185,5.444984047131777,6.46211924951642,1.0,0.0,0.0,0.0,1.0,1.0
38,185,8.96964827451366,9.003299721413617,1.0,0.0,1.0,0.0,1.0,0.0
39,185,2.170193254430656,5.624337674043694,0.0,1.0,1.0,1.0,1.0,1.0
0,190,0.0986837396232407,7.667486330189771,0.0,1.0,0.0,1.0,0.0,1.0
1,190,2.7447946793477023,6.292534437683543,1.0,0.0,1.0,1.0,1.0,1.0
2,190,11.359671771645944,7.76578727676504,0.0,0.0,0.0,0.0,0.0,0.0
3,190,5.871164589233718,11.401484738112975,0.0,0.0,1.0,0.0,0.0,0.0
4,190,2.039937693957286,3.4986039512570324,0.0,0.0,1.0,0.0,1.0,0.0
5,190,10.122107431000888,11.060383405381904,1.0,1.0,0.0,0.0,0.0,0.0
6,190,5.526066379370855,3.344680895971522,1.0,0.0,1.0,0.0,1.0,1.0
7,190,9.71171621472387,8.6982255424237,0.0,0.0,0.0,0.0,1.0,0.0
8,190,7.96141630093523,4.789674925993791,0.0,0.0,1.0,1.0,0.0,1.0
9,190,5.090627365769409,0.0178899774002713,1.0,0.0,0.0,1.0,0.0,0.0
10,190,9.70045952563549,3.815069187456237,0.0,1.0,1.0,0.0,0.0,0.0
11,190,8.776761026481587,6.707526075048474,0.0,0.0,0.0,0.0,1.0,1.0
12,190,12.0,6.494945649961254,0.0,0.0,0.0,0.0,0.0,0.0
13,190,9.462959585413362,0.0,0.0,1.0,0.0,1.0,1.0,0.0
14,190,12.0,0.691870680592351,1.0,0.0,0.0,1.0,0.0,0.0
15,190,3.451962850297837,11.749028403348715,0.0,0.0,0.0,0.0,1.0,0.0
16,190,7.802142202613307,0.9427752292092564,1.0,0.0,0.0,0.0,1.0,0.0
17,190,10.254164531502484,1.3735101369702527,1.0,0.0,0.0,1.0,0.0,0.0
18,190,12.0,6.969657926052905,0.0,0.0,0.0,0.0,0.0,0.0
19,190,12.0,4.8899656189921,0.0,0.0,1.0,1.0,0.0,0.0
20,190,11.586959851957973,4.188571983183478,0.0,0.0,0.0,0.0,0.0,0.0
21,190,4.7989368642919,0.0069277275734208,0.0,0.0,0.0,0.0,1.0,1.0
22,190,4.409051524840922,7.461396016883027,0.0,0.0,0.0,0.0,0.0,0.0
23,190,11.873120305613398,2.126783353873908,0.0,1.0,1.0,1.0,0.0,1.0
24,190,0.0,3.257381215758754,1.0,1.0,1.0,1.0,0.0,0.0
25,190,8.518750013288404,9.859409419333806,0.0,1.0,0.0,0.0,1.0,1.0
26,190,4.6770259708269535,9.762236876470809,0.0,0.0,0.0,1.0,1.0,1.0
27,190,12.0,6.218296443822233,0.0,0.0,0.0,1.0,0.0,1.0
28,190,0.0,9.398107970595808,0.0,0.0,0.0,0.0,0.0,0.0
29,190,1.666391318676328,8.888659762087379,1.0,0.0,0.0,0.0,0.0,0.0
30,190,10.213643897873917,11.572948280964326,1.0,1.0,0.0,0.0,1.0,1.0
31,190,0.0,10.556898693768268,1.0,1.0,1.0,1.0,0.0,0.0
32,190,12.0,2.938827956039316,0.0,0.0,0.0,1.0,0.0,0.0
33,190,10.543456953431036,2.63228617473965,0.0,1.0,0.0,0.0,0.0,0.0
34,190,6.84084099873319,0.8414703388341493,0.0,1.0,0.0,0.0,1.0,0.0
35,190,6.089012256167315,5.028637190267051,1.0,0.0,0.0,0.0,1.0,0.0
36,190,2.466137385694413,0.0,0.0,1.0,1.0,0.0,1.0,1.0
37,190,5.422576421646979,6.470126395690143,1.0,0.0,0.0,0.0,1.0,1.0
38,190,8.934640064115692,8.962274427153094,1.0,0.0,1.0,0.0,1.0,0.0
39,190,2.120366839050762,5.489397859120536,0.0,1.0,1.0,1.0,1.0,1.0
0,195,0.091531568817643,7.666106352144069,0.0,1.0,0.0,1.0,0.0,1.0
1,195,2.661541947938998,6.233992312929942,1.0,0.0,1.0,1.0,1.0,1.0
2,195,11.317449180584523,7.743392115647843,0.0,0.0,0.0,0.0,0.0,0.0
3,195,5.819301340127063,11.21107753028706,0.0,0.0,1.0,0.0,0.0,0.0
4,195,2.078923703250312,3.510758044960524,0.0,0.0,1.0,0.0,1.0,0.0
5,195,10.04517693340294,11.06624957575897,1.0,1.0,0.0,0.0,0.0,0.0
6,195,5.566058810117322,3.326371812783088,1.0,0.0,1.0,0.0,1.0,1.0
7,195,9.691734544002088,8.611712839305131,0.0,0.0,0.0,0.0,1.0,0.0
8,195,7.964328684159866,4.804647039463391,0.0,0.0,1.0,1.0,0.0,1.0
9,195,5.024314708051079,0.0252738912657462,1.0,0.0,0.0,1.0,0.0,0.0
10,195,9.757692497103152,3.8493813706399513,0.0,1.0,1.0,0.0,0.0,0.0
11,195,8.704644631640907,6.577191367004804,0.0,0.0,0.0,0.0,1.0,1.0
12,195,12.0,6.428599706961907,0.0,0.0,0.0,0.0,0.0,0.0
13,195,9.474738096573502,0.0,0.0,1.0,0.0,1.0,1.0,0.0
14,195,12.0,0.6253332699654869,1.0,0.0,0.0,1.0,0.0,0.0
15,195,3.411033648919959,11.714213875804395,0.0,0.0,0.0,0.0,1.0,0.0
16,195,7.812197955527358,0.9103804884962968,1.0,0.0,0.0,0.0,1.0,0.0
17,195,10.23694411854636,1.3498321808448572,1.0,0.0,0.0,1.0,0.0,0.0
18,195,12.0,7.06397309381964,0.0,0.0,0.0,0.0,0.0,0.0
19,195,12.0,4.925133361438372,0.0,0.0,1.0,1.0,0.0,0.0
20,195,11.766891298851558,4.29667083102137,0.0,0.0,0.0,0.0,0.0,0.0
21,195,4.799104599052212,0.0,0.0,0.0,0.0,0.0,1.0,1.0
22,195,4.393132789198901,7.581156592493754,0.0,0.0,0.0,0.0,0.0,0.0
23,195,11.88798605266339,2.160690384966521,0.0,1.0,1.0,1.0,0.0,1.0
24,195,0.0,3.227958935082565,1.0,1.0,1.0,1.0,0.0,0.0
25,195,8.52700986587308,9.848987100955217,0.0,1.0,0.0,0.0,1.0,1.0
26,195,4.661681103615249,9.741050625686077,0.0,0.0,0.0,1.0,1.0,1.0
27,195,12.0,6.343581152071206,0.0,0.0,0.0,1.0,0.0,1.0
28,195,0.0,9.573944154758772,0.0,0.0,0.0,0.0,0.0,0.0
29,195,1.5469714535513597,8.854835711044592,1.0,0.0,0.0,0.0,0.0,0.0
30,195,10.214549318083613,11.575728130483956,1.0,1.0,0.0,0.0,1.0,1.0
31,195,0.0,10.722329440976766,1.0,1.0,1.0,1.0,0.0,0.0
32,195,12.0,2.9348639428376044,0.0,0.0,0.0,1.0,0.0,0.0
33,195,10.51771874188884,2.657966699644202,0.0,1.0,0.0,0.0,0.0,0.0
34,195,6.855998533194472,0.8700625446431891,0.0,1.0,0.0,0.0,1.0,0.0
35,195,5.974991396984253,4.963704516128248,1.0,0.0,0.0,0.0,1.0,0.0
36,195,2.504659117744469,0.0,0.0,1.0,1.0,0.0,1.0,1.0
37,195,5.415868801957006,6.472583029548134,1.0,0.0,0.0,0.0,1.0,1.0
38,195,8.879450815303851,8.89681104891729,1.0,0.0,1.0,0.0,1.0,0.0
39,195,2.07387805935851,5.349304907432653,0.0,1.0,1.0,1.0,1.0,1.0
0,200,0.0610918444538634,7.660475507557474,0.0,1.0,0.0,1.0,0.0,1.0
1,200,2.5850798708991323,6.179206639895492,1.0,0.0,1.0,1.0,1.0,1.0
2,200,11.264540169586873,7.715179456166738,0.0,0.0,0.0,0.0,0.0,0.0
3,200,5.774544520879869,11.026879385120704,0.0,0.0,1.0,0.0,0.0,0.0
4,200,2.120700725607138,3.524655111569864,0.0,0.0,1.0,0.0,1.0,0.0
5,200,9.976787203571574,11.072440806700117,1.0,1.0,0.0,0.0,0.0,0.0
6,200,5.602317947684443,3.310144420712277,1.0,0.0,1.0,0.0,1.0,1.0
7,200,9.667079252886452,8.50595698397262,0.0,0.0,0.0,0.0,1.0,0.0
8,200,7.968716433860262,4.826201438292387,0.0,0.0,1.0,1.0,0.0,1.0
9,200,4.973932281831111,0.030765937158198,1.0,0.0,0.0,1.0,0.0,0.0
10,200,9.80613681932584,3.878973563327764,0.0,1.0,1.0,0.0,0.0,0.0
11,200,8.639787658064662,6.45104356176693,0.0,0.0,0.0,0.0,1.0,1.0
12,200,12.0,6.362277101180816,0.0,0.0,0.0,0.0,0.0,0.0
13,200,9.48147860916865,0.0,0.0,1.0,0.0,1.0,1.0,0.0
14,200,12.0,0.5527928268693667,1.0,0.0,0.0,1.0,0.0,0.0
15,200,3.3807548713884588,11.688269591051617,0.0,0.0,0.0,0.0,1.0,0.0
16,200,7.821611517489752,0.8805239081397362,1.0,0.0,0.0,0.0,1.0,0.0
17,200,10.226117707139618,1.3344336977759914,1.0,0.0,0.0,1.0,0.0,0.0
18,200,12.0,7.148975884468778,0.0,0.0,0.0,0.0,0.0,0.0
19,200,12.0,4.970876615594473,0.0,0.0,1.0,1.0,0.0,0.0
20,200,11.9403985438593,4.4024342815744735,0.0,0.0,0.0,0.0,0.0,0.0
21,200,4.797836661142434,0.0,0.0,0.0,0.0,0.0,1.0,1.0
22,200,4.380315911055924,7.6780916521112195,0.0,0.0,0.0,0.0,0.0,0.0
23,200,11.895251792945883,2.1785448158277374,0.0,1.0,1.0,1.0,0.0,1.0
24,200,0.0,3.208857584622689,1.0,1.0,1.0,1.0,0.0,0.0
25,200,8.541128696333473,9.832515848621302,0.0,1.0,0.0,0.0,1.0,1.0
26,200,4.643618235357788,9.71594245114203,0.0,0.0,0.0,1.0,1.0,1.0
27,200,12.0,6.462186142424814,0.0,0.0,0.0,1.0,0.0,1.0
28,200,0.0,9.76732615686287,0.0,0.0,0.0,0.0,0.0,0.0
29,200,1.4237993148933277,8.824374166708642,1.0,0.0,0.0,0.0,0.0,0.0
30,200,10.217933031622191,11.587020633614824,1.0,1.0,0.0,0.0,1.0,1.0
31,200,0.0,10.88258030741554,1.0,1.0,1.0,1.0,0.0,0.0
32,200,12.0,2.9302963043313146,0.0,0.0,0.0,1.0,0.0,0.0
33,200,10.479001967581851,2.6967342071057527,0.0,1.0,0.0,0.0,0.0,0.0
34,200,6.87617725626985,0.9083730580881778,0.0,1.0,0.0,0.0,1.0,0.0
35,200,5.851573307670878,4.891446628193426,1.0,0.0,0.0,0.0,1.0,0.0
36,200,2.536222411421722,0.0,0.0,1.0,1.0,0.0,1.0,1.0
37,200,5.395505931435253,6.480286966361568,1.0,0.0,0.0,0.0,1.0,1.0
38,200,8.937379939741252,8.847666254053179,1.0,0.0,1.0,0.0,1.0,0.0
39,200,2.0272597247521382,5.209873104611399,0.0,1.0,1.0,1.0,1.0,1.0
0,205,0.0231889317061854,7.653349188918283,0.0,1.0,0.0,1.0,0.0,1.0
1,205,2.504786845466184,6.11978226193184,1.0,0.0,1.0,1.0,1.0,1.0
2,205,11.2041761212279,7.684241339400244,0.0,0.0,0.0,0.0,0.0,0.0
3,205,5.73746387875077,10.87517547638792,0.0,0.0,1.0,0.0,0.0,0.0
4,205,2.177622489470105,3.542911977921314,0.0,0.0,1.0,0.0,1.0,0.0
5,205,9.907965887501618,11.079472264712733,1.0,1.0,0.0,0.0,0.0,0.0
6,205,5.619114447896241,3.302151628448015,1.0,0.0,1.0,0.0,1.0,1.0
7,205,9.643095796703577,8.411303373354833,0.0,0.0,0.0,0.0,1.0,0.0
8,205,7.978553556472476,4.874522522302963,0.0,0.0,1.0,1.0,0.0,1.0
9,205,4.929319734681315,0.035561640829093,1.0,0.0,0.0,1.0,0.0,0.0
10,205,9.867060072921255,3.914990161942413,0.0,1.0,1.0,0.0,0.0,0.0
11,205,8.569850738754164,6.3250159452645125,0.0,0.0,0.0,0.0,1.0,1.0
12,205,12.0,6.306377354539987,0.0,0.0,0.0,0.0,0.0,0.0
13,205,9.488495296326423,0.0,0.0,1.0,0.0,1.0,1.0,0.0
14,205,12.0,0.4653622562518436,1.0,0.0,0.0,1.0,0.0,0.0
15,205,3.330192107880052,11.648727579841756,0.0,0.0,0.0,0.0,1.0,0.0
16,205,7.825528596020547,0.8689251100880931,1.0,0.0,0.0,0.0,1.0,0.0
17,205,10.217869621071266,1.322640975568635,1.0,0.0,0.0,1.0,0.0,0.0
18,205,12.0,7.246271228507517,0.0,0.0,0.0,0.0,0.0,0.0
19,205,12.0,5.011858310278384,0.0,0.0,1.0,1.0,0.0,0.0
20,205,12.0,4.514822564543031,0.0,0.0,0.0,0.0,0.0,0.0
21,205,4.800098153137774,0.0,0.0,0.0,0.0,0.0,1.0,1.0
22,205,4.366589243373633,7.783254211023074,0.0,0.0,0.0,0.0,0.0,0.0
23,205,11.90437349509402,2.200153293801794,0.0,1.0,1.0,1.0,0.0,1.0
24,205,0.0,3.185753397591522,1.0,1.0,1.0,1.0,0.0,0.0
25,205,8.5436715709674,9.82950807628754,0.0,1.0,0.0,0.0,1.0,1.0
26,205,4.625057137279331,9.691691561430767,0.0,0.0,0.0,1.0,1.0,1.0
27,205,12.0,6.561755484110686,0.0,0.0,0.0,1.0,0.0,1.0
28,205,0.0,9.94784823104052,0.0,0.0,0.0,0.0,0.0,0.0
29,205,1.3108611778037154,8.79720306316301,1.0,0.0,0.0,0.0,0.0,0.0
30,205,10.219002850387396,11.590700305911136,1.0,1.0,0.0,0.0,1.0,1.0
31,205,0.0,11.033780449393133,1.0,1.0,1.0,1.0,0.0,0.0
32,205,12.0,2.926264626702536,0.0,0.0,0.0,1.0,0.0,0.0
33,205,10.44271510901808,2.734044854219324,0.0,1.0,0.0,0.0,0.0,0.0
34,205,6.897375213959579,0.948345308320812,0.0,1.0,0.0,0.0,1.0,0.0
35,205,5.715707356706514,4.809861358029565,1.0,0.0,0.0,0.0,1.0,0.0
36,205,2.557566459519648,0.0,0.0,1.0,1.0,0.0,1.0,1.0
37,205,5.339250811875055,6.501109216976599,1.0,0.0,0.0,0.0,1.0,1.0
38,205,8.982004018570214,8.806576241064178,1.0,0.0,1.0,0.0,1.0,0.0
39,205,1.9755597357172747,5.052223131450509,0.0,1.0,1.0,1.0,1.0,1.0
0,210,0.0,7.648442576928695,0.0,1.0,0.0,1.0,0.0,1.0
1,210,2.428498907633495,6.06520226962034,1.0,0.0,1.0,1.0,1.0,1.0
2,210,11.141221463319644,7.653190006930548,0.0,0.0,0.0,0.0,0.0,0.0
3,210,5.7064700676654345,10.747395900962662,0.0,0.0,1.0,0.0,0.0,0.0
4,210,2.24955769083104,3.5676924914617474,0.0,0.0,1.0,0.0,1.0,0.0
5,210,9.837713060456744,11.087394705701737,1.0,1.0,0.0,0.0,0.0,0.0
6,210,5.640718380223822,3.292071051553203,1.0,0.0,1.0,0.0,1.0,1.0
7,210,9.619373105179497,8.320547115128514,0.0,0.0,0.0,0.0,1.0,0.0
8,210,7.987180089856343,4.914194002304983,0.0,0.0,1.0,1.0,0.0,1.0
9,210,4.877049414990116,0.0413388487929444,1.0,0.0,0.0,1.0,0.0,0.0
10,210,9.914647148994929,3.9430015383085193,0.0,1.0,1.0,0.0,0.0,0.0
11,210,8.494135421115574,6.191866128674326,0.0,0.0,0.0,0.0,1.0,1.0
12,210,12.0,6.241243404049013,0.0,0.0,0.0,0.0,0.0,0.0
13,210,9.49512925970202,0.0,0.0,1.0,0.0,1.0,1.0,0.0
14,210,12.0,0.3789149801286352,1.0,0.0,0.0,1.0,0.0,0.0
15,210,3.291340359564436,11.617797087521533,0.0,0.0,0.0,0.0,1.0,0.0
16,210,7.824275957350699,0.8725775013282641,1.0,0.0,0.0,0.0,1.0,0.0
17,210,10.208929382827115,1.3093070709128232,1.0,0.0,0.0,1.0,0.0,0.0
18,210,12.0,7.329115193850931,0.0,0.0,0.0,0.0,0.0,0.0
19,210,12.0,5.05349801551769,0.0,0.0,1.0,1.0,0.0,0.0
20,210,12.0,4.623808195229769,0.0,0.0,0.0,0.0,0.0,0.0
21,210,4.803475351131198,0.0,0.0,0.0,0.0,0.0,1.0,1.0
22,210,4.352494362264108,7.874153194920232,0.0,0.0,0.0,0.0,0.0,0.0
23,210,11.915603454143662,2.227364363766715,0.0,1.0,1.0,1.0,0.0,1.0
24,210,0.0,3.156231475448916,1.0,1.0,1.0,1.0,0.0,0.0
25,210,8.554522121842353,9.817336429080424,0.0,1.0,0.0,0.0,1.0,1.0
26,210,4.603294221074504,9.66233328180951,0.0,0.0,0.0,1.0,1.0,1.0
27,210,12.0,6.668169232801087,0.0,0.0,0.0,1.0,0.0,1.0
28,210,0.0,10.1169279099403,0.0,0.0,0.0,0.0,0.0,0.0
29,210,1.1877577340684948,8.769667217200043,1.0,0.0,0.0,0.0,0.0,0.0
30,210,10.22215814663173,11.602302916904316,1.0,1.0,0.0,0.0,1.0,1.0
31,210,0.0,10.992068373852094,1.0,1.0,1.0,1.0,0.0,0.0
32,210,12.0,2.9749529731026825,0.0,0.0,0.0,1.0,0.0,0.0
33,210,10.409002752285996,2.7696675262425825,0.0,1.0,0.0,0.0,0.0,0.0
34,210,6.921881905446117,0.998872782539702,0.0,1.0,0.0,0.0,1.0,0.0
35,210,5.575868758176513,4.732269229168438,1.0,0.0,0.0,0.0,1.0,0.0
36,210,2.5716940851224317,0.0,0.0,1.0,1.0,0.0,1.0,1.0
37,210,5.276075019293945,6.526150554836206,1.0,0.0,0.0,0.0,1.0,1.0
38,210,9.01242587563773,8.778847454267503,1.0,0.0,1.0,0.0,1.0,0.0
39,210,1.9183478418014852,4.888825647825355,0.0,1.0,1.0,1.0,1.0,1.0
0,215,0.0,7.645067413979166,0.0,1.0,0.0,1.0,0.0,1.0
1,215,2.352941985110095,6.011986118730935,1.0,0.0,1.0,1.0,1.0,1.0
2,215,11.065781558029862,7.617941917890928,0.0,0.0,0.0,0.0,0.0,0.0
3,215,5.595356633703346,10.776580381454304,0.0,0.0,1.0,0.0,0.0,0.0
4,215,2.320761933999789,3.590908013918666,0.0,0.0,1.0,0.0,1.0,0.0
5,215,9.75890516021073,11.09595876794331,1.0,1.0,0.0,0.0,0.0,0.0
6,215,5.69063517741711,3.268528317987715,1.0,0.0,1.0,0.0,1.0,1.0
7,215,9.59912770938703,8.239960886920532,0.0,0.0,0.0,0.0,1.0,0.0
8,215,7.994615618995597,4.951696676991968,0.0,0.0,1.0,1.0,0.0,1.0
9,215,4.821387779208134,0.0470582442891802,1.0,0.0,0.0,1.0,0.0,0.0
10,215,9.951453029342282,3.964398242092344,0.0,1.0,1.0,0.0,0.0,0.0
11,215,8.428366221086156,6.067978209648944,0.0,0.0,0.0,0.0,1.0,1.0
12,215,12.0,6.203978861606524,0.0,0.0,0.0,0.0,0.0,0.0
13,215,9.500894943938102,0.0,0.0,1.0,0.0,1.0,1.0,0.0
14,215,12.0,0.2860610306365928,1.0,0.0,0.0,1.0,0.0,0.0
15,215,3.267114934182005,11.598335651180374,0.0,0.0,0.0,0.0,1.0,0.0
16,215,7.823228612205017,0.8756799519860009,1.0,0.0,0.0,0.0,1.0,0.0
17,215,10.192530293209078,1.285139036583333,1.0,0.0,0.0,1.0,0.0,0.0
18,215,12.0,7.408508251782879,0.0,0.0,0.0,0.0,0.0,0.0
19,215,12.0,5.08718141111665,0.0,0.0,1.0,1.0,0.0,0.0
20,215,12.0,4.7374458488650495,0.0,0.0,0.0,0.0,0.0,0.0
21,215,4.8084156222655725,0.0,0.0,0.0,0.0,0.0,1.0,1.0
22,215,4.335696258891771,7.970898783074316,0.0,0.0,0.0,0.0,0.0,0.0
23,215,11.932408360571598,2.26898096653049,0.0,1.0,1.0,1.0,0.0,1.0
24,215,0.0,3.1238735240906745,1.0,1.0,1.0,1.0,0.0,0.0
25,215,8.575080133481407,9.794707412390736,0.0,1.0,0.0,0.0,1.0,1.0
26,215,4.580076559748034,9.630352915959696,0.0,0.0,0.0,1.0,1.0,1.0
27,215,12.0,6.766047298483882,0.0,0.0,0.0,1.0,0.0,1.0
28,215,0.0,10.294185967104932,0.0,0.0,0.0,0.0,0.0,0.0
29,215,1.0475195213396011,8.734599359617489,1.0,0.0,0.0,0.0,0.0,0.0
30,215,10.225985156107669,11.616452355689908,1.0,1.0,0.0,0.0,1.0,1.0
31,215,0.0,10.94368252732716,1.0,1.0,1.0,1.0,0.0,0.0
32,215,12.0,3.0075154313127643,0.0,0.0,0.0,1.0,0.0,0.0
33,215,10.37160751366487,2.8138155993337506,0.0,1.0,0.0,0.0,0.0,0.0
34,215,6.935088808964035,1.0246673393319912,0.0,1.0,0.0,0.0,1.0,0.0
35,215,5.434505308346578,4.654630255717108,1.0,0.0,0.0,0.0,1.0,0.0
36,215,2.5889500454188625,0.0,0.0,1.0,1.0,0.0,1.0,1.0
37,215,5.204451296979335,6.55689815672904,1.0,0.0,0.0,0.0,1.0,1.0
38,215,9.045397380266914,8.748680388153584,1.0,0.0,1.0,0.0,1.0,0.0
39,215,1.8661550883960651,4.742604738350841,0.0,1.0,1.0,1.0,1.0,1.0
0,220,0.0,7.64122638074179,0.0,1.0,0.0,1.0,0.0,1.0
1,220,2.286903876164548,5.965609673471677,1.0,0.0,1.0,1.0,1.0,1.0
2,220,10.99010571970159,7.582444723834315,0.0,0.0,0.0,0.0,0.0,0.0
3,220,5.496063795538853,10.80392200297895,0.0,0.0,1.0,0.0,0.0,0.0
4,220,2.381303454242117,3.609152317212208,0.0,0.0,1.0,0.0,1.0,0.0
5,220,9.69944845436548,11.103869463836894,1.0,1.0,0.0,0.0,0.0,0.0
6,220,5.752458891476372,3.240239244194139,1.0,0.0,1.0,0.0,1.0,1.0
7,220,9.577426908871626,8.152453044276644,0.0,0.0,0.0,0.0,1.0,0.0
8,220,8.00479548143781,5.00850213975506,0.0,0.0,1.0,1.0,0.0,1.0
9,220,4.784629782856016,0.0519901325662246,1.0,0.0,0.0,1.0,0.0,0.0
10,220,9.984388024526282,3.983926660019499,0.0,1.0,1.0,0.0,0.0,0.0
11,220,8.364115208754969,5.953256641277651,0.0,0.0,0.0,0.0,1.0,1.0
12,220,12.0,6.160497731314608,0.0,0.0,0.0,0.0,0.0,0.0
13,220,9.500912026757014,0.0,0.0,1.0,0.0,1.0,1.0,0.0
14,220,12.0,0.2025151862162992,1.0,0.0,0.0,1.0,0.0,0.0
15,220,3.244833360686359,11.580077562506125,0.0,0.0,0.0,0.0,1.0,0.0
16,220,7.816254913734782,0.8945717660970018,1.0,0.0,0.0,0.0,1.0,0.0
17,220,10.170697499286982,1.252308474697687,1.0,0.0,0.0,1.0,0.0,0.0
18,220,12.0,7.484248377537099,0.0,0.0,0.0,0.0,0.0,0.0
19,220,12.0,5.14543491952712,0.0,0.0,1.0,1.0,0.0,0.0
20,220,12.0,4.856882807160459,0.0,0.0,0.0,0.0,0.0,0.0
21,220,4.815110111499464,0.0,0.0,0.0,0.0,0.0,1.0,1.0
22,220,4.319828804581406,8.052731169790166,0.0,0.0,0.0,0.0,0.0,0.0
23,220,11.95391750389654,2.319023466829416,0.0,1.0,1.0,1.0,0.0,1.0
24,220,0.0,3.088399428312948,1.0,1.0,1.0,1.0,0.0,0.0
25,220,8.58410874102203,9.784949067182254,0.0,1.0,0.0,0.0,1.0,1.0
26,220,4.557900347786529,9.600563479150535,0.0,0.0,0.0,1.0,1.0,1.0
27,220,12.0,6.872536217369074,0.0,0.0,0.0,1.0,0.0,1.0
28,220,0.0,10.466230490669576,0.0,0.0,0.0,0.0,0.0,0.0
29,220,0.8938408489209204,8.696647110657317,1.0,0.0,0.0,0.0,0.0,0.0
30,220,10.228965399036076,11.627834738043587,1.0,1.0,0.0,0.0,1.0,1.0
31,220,0.0,10.890358585262536,1.0,1.0,1.0,1.0,0.0,0.0
32,220,12.0,3.043497282532314,0.0,0.0,0.0,1.0,0.0,0.0
33,220,10.341466991316093,2.848530438819733,0.0,1.0,0.0,0.0,0.0,0.0
34,220,6.956426545199535,1.0715508406567265,0.0,1.0,0.0,0.0,1.0,0.0
35,220,5.310308763033838,4.583862453984437,1.0,0.0,0.0,0.0,1.0,0.0
36,220,2.613096471929736,0.0,0.0,1.0,1.0,0.0,1.0,1.0
37,220,5.124738650855706,6.591398536439363,1.0,0.0,0.0,0.0,1.0,1.0
38,220,9.082970608958346,8.714704458297998,1.0,0.0,1.0,0.0,1.0,0.0
39,220,1.8080190166987469,4.58299141157699,0.0,1.0,1.0,1.0,1.0,1.0
0,225,0.0,7.639279746071883,0.0,1.0,0.0,1.0,0.0,1.0
1,225,2.2269899883487603,5.92265393960967,1.0,0.0,1.0,1.0,1.0,1.0
2,225,10.911655673606036,7.546250729119828,0.0,0.0,0.0,0.0,0.0,0.0
3,225,5.406802071445865,10.82877303994485,0.0,0.0,1.0,0.0,0.0,0.0
4,225,2.44508054714874,3.627884032539873,0.0,0.0,1.0,0.0,1.0,0.0
5,225,9.655759451494683,11.109686994869447,1.0,1.0,0.0,0.0,0.0,0.0
6,225,5.810180488849959,3.213806793604732,1.0,0.0,1.0,0.0,1.0,1.0
7,225,9.554952212288466,8.060256637480117,0.0,0.0,0.0,0.0,1.0,0.0
8,225,8.01512013236845,5.073488305189617,0.0,0.0,1.0,1.0,0.0,1.0
9,225,4.745458197756507,0.0576118678095718,1.0,0.0,0.0,1.0,0.0,0.0
10,225,10.042153536897343,4.018069606178751,0.0,1.0,1.0,0.0,0.0,0.0
11,225,8.304795102501974,5.835875897404852,0.0,0.0,0.0,0.0,1.0,1.0
12,225,12.0,6.125646865538198,0.0,0.0,0.0,0.0,0.0,0.0
13,225,9.49768937981196,0.0,0.0,1.0,0.0,1.0,1.0,0.0
14,225,12.0,0.1298588957996034,1.0,0.0,0.0,1.0,0.0,0.0
15,225,3.224570553700013,11.563614039400797,0.0,0.0,0.0,0.0,1.0,0.0
16,225,7.815940605024738,0.8954487475012296,1.0,0.0,0.0,0.0,1.0,0.0
17,225,10.156413525293498,1.230282489944838,1.0,0.0,0.0,1.0,0.0,0.0
18,225,12.0,7.564133217644903,0.0,0.0,0.0,0.0,0.0,0.0
19,225,12.0,5.197860645280583,0.0,0.0,1.0,1.0,0.0,0.0
20,225,12.0,4.986944401997915,0.0,0.0,0.0,0.0,0.0,0.0
21,225,4.823155531347995,0.0,0.0,0.0,0.0,0.0,1.0,1.0
22,225,4.301683613074061,8.130672042751062,0.0,0.0,0.0,0.0,0.0,0.0
23,225,11.96815064415012,2.3529097876148466,0.0,1.0,1.0,1.0,0.0,1.0
24,225,0.0,3.055458433552214,1.0,1.0,1.0,1.0,0.0,0.0
25,225,8.599333529963832,9.768285255207902,0.0,1.0,0.0,0.0,1.0,1.0
26,225,4.533432074127596,9.568743979947072,0.0,0.0,0.0,1.0,1.0,1.0
27,225,12.0,7.001444960316869,0.0,0.0,0.0,1.0,0.0,1.0
28,225,0.0,10.639404795748732,0.0,0.0,0.0,0.0,0.0,0.0
29,225,0.7426497259380757,8.664951670729035,1.0,0.0,0.0,0.0,0.0,0.0
30,225,10.22977006574622,11.630815457772997,1.0,1.0,0.0,0.0,1.0,1.0
31,225,0.0,10.823322142246772,1.0,1.0,1.0,1.0,0.0,0.0
32,225,12.0,3.0921441764375035,0.0,0.0,0.0,1.0,0.0,0.0
33,225,10.319466283262466,2.873505185072857,0.0,1.0,0.0,0.0,0.0,0.0
34,225,6.973948942984816,1.1079590620320725,0.0,1.0,0.0,0.0,1.0,0.0
35,225,5.197595396253276,4.523346762001957,1.0,0.0,0.0,0.0,1.0,0.0
36,225,2.650118667770226,0.0,0.0,1.0,1.0,0.0,1.0,1.0
37,225,5.07060150737026,6.61389999445168,1.0,0.0,0.0,0.0,1.0,1.0
38,225,9.122285402113937,8.679315744801977,1.0,0.0,1.0,0.0,1.0,0.0
39,225,1.7453926073310384,4.405957053813938,0.0,1.0,1.0,1.0,1.0,1.0
0,230,0.0,7.636061799807029,0.0,1.0,0.0,1.0,0.0,1.0
1,230,2.176070762575812,5.885531497214025,1.0,0.0,1.0,1.0,1.0,1.0
2,230,10.84813208088487,7.516604521503485,0.0,0.0,0.0,0.0,0.0,0.0
3,230,5.321434327266169,10.853538512579698,0.0,0.0,1.0,0.0,0.0,0.0
4,230,2.5179549604693823,3.649160705264397,0.0,0.0,1.0,0.0,1.0,0.0
5,230,9.60267458054309,11.117407981203018,1.0,1.0,0.0,0.0,0.0,0.0
6,230,5.884919090879459,3.1802539510209766,1.0,0.0,1.0,0.0,1.0,1.0
7,230,9.528259374994704,7.956150420869867,0.0,0.0,0.0,0.0,1.0,0.0
8,230,8.022241920685769,5.127173422910377,0.0,0.0,1.0,1.0,0.0,1.0
9,230,4.703283078495274,0.0634112807841479,1.0,0.0,0.0,1.0,0.0,0.0
10,230,10.085357211150036,4.0449766531608216,0.0,1.0,1.0,0.0,0.0,0.0
11,230,8.253581654053976,5.733640087363073,0.0,0.0,0.0,0.0,1.0,1.0
12,230,12.0,6.085816992711005,0.0,0.0,0.0,0.0,0.0,0.0
13,230,9.491387057602196,0.0,0.0,1.0,0.0,1.0,1.0,0.0
14,230,12.0,0.0643362170360762,1.0,0.0,0.0,1.0,0.0,0.0
15,230,3.21727184784472,11.55764608063086,0.0,0.0,0.0,0.0,1.0,0.0
16,230,7.8194850962710225,0.8864512977838241,1.0,0.0,0.0,0.0,1.0,0.0
17,230,10.137388732234363,1.203226150014998,1.0,0.0,0.0,1.0,0.0,0.0
18,230,12.0,7.650598534815503,0.0,0.0,0.0,0.0,0.0,0.0
19,230,12.0,5.237680839585551,0.0,0.0,1.0,1.0,0.0,0.0
20,230,12.0,5.121481889494049,0.0,0.0,0.0,0.0,0.0,0.0
21,230,4.83451559935497,0.0,0.0,0.0,0.0,0.0,1.0,1.0
22,230,4.280031992716231,8.223141800965859,0.0,0.0,0.0,0.0,0.0,0.0
23,230,11.98007890910626,2.3813933870643957,0.0,1.0,1.0,1.0,0.0,1.0
24,230,0.0,3.024582496473508,1.0,1.0,1.0,1.0,0.0,0.0
25,230,8.61853196506779,9.746573720242324,0.0,1.0,0.0,0.0,1.0,1.0
26,230,4.490456362283456,9.513862595347378,0.0,0.0,0.0,1.0,1.0,1.0
27,230,12.0,7.130175156536889,0.0,0.0,0.0,1.0,0.0,1.0
28,230,0.0,10.81157954028465,0.0,0.0,0.0,0.0,0.0,0.0
29,230,0.5843657169047027,8.63106084620721,1.0,0.0,0.0,0.0,0.0,0.0
30,230,10.232235674285532,11.639937168129968,1.0,1.0,0.0,0.0,1.0,1.0
31,230,0.0,10.750454723461136,1.0,1.0,1.0,1.0,0.0,0.0
32,230,12.0,3.1248490948700374,0.0,0.0,0.0,1.0,0.0,0.0
33,230,10.293552942660076,2.900406205898438,0.0,1.0,0.0,0.0,0.0,0.0
34,230,6.993677571611532,1.1484205303656854,0.0,1.0,0.0,0.0,1.0,0.0
35,230,5.085159551239291,4.461289344524497,1.0,0.0,0.0,0.0,1.0,0.0
36,230,2.6714354096087964,0.0,0.0,1.0,1.0,0.0,1.0,1.0
37,230,5.031041943712724,6.629953374042979,1.0,0.0,0.0,0.0,1.0,1.0
38,230,9.161019479284008,8.64369545313268,1.0,0.0,1.0,0.0,1.0,0.0
39,230,1.6823064520807016,4.215419773969627,0.0,1.0,1.0,1.0,1.0,1.0
0,235,0.0,7.63076970714321,0.0,1.0,0.0,1.0,0.0,1.0
1,235,2.125959707508833,5.850204831594724,1.0,0.0,1.0,1.0,1.0,1.0
2,235,10.767861196513472,7.48053207111849,0.0,0.0,0.0,0.0,0.0,0.0
3,235,5.345751431412921,10.940846664606362,0.0,0.0,1.0,0.0,0.0,0.0
4,235,2.5996344173987462,3.6732630618852378,0.0,0.0,1.0,0.0,1.0,0.0
5,235,9.556730468945892,11.123432080435288,1.0,1.0,0.0,0.0,0.0,0.0
6,235,5.963815938830921,3.143050447392495,1.0,0.0,1.0,0.0,1.0,1.0
7,235,9.49821841777767,7.843662249470991,0.0,0.0,0.0,0.0,1.0,0.0
8,235,8.02895902123057,5.176938374348584,0.0,0.0,1.0,1.0,0.0,1.0
9,235,4.641741812604051,0.0716828833537518,1.0,0.0,0.0,1.0,0.0,0.0
10,235,10.126982961326178,4.069993234008916,0.0,1.0,1.0,0.0,0.0,0.0
11,235,8.209148009275834,5.641671911819338,0.0,0.0,0.0,0.0,1.0,1.0
12,235,12.0,6.038307073768457,0.0,0.0,0.0,0.0,0.0,0.0
13,235,9.47961721198297,0.0,0.0,1.0,0.0,1.0,1.0,0.0
14,235,12.0,0.0153722339573207,1.0,0.0,0.0,1.0,0.0,0.0
15,235,3.1901307879210017,11.534826528505292,0.0,0.0,0.0,0.0,1.0,0.0
16,235,7.827395699773899,0.8649108019869608,1.0,0.0,0.0,0.0,1.0,0.0
17,235,10.127354953034787,1.1889140679669594,1.0,0.0,0.0,1.0,0.0,0.0
18,235,12.0,7.730060056018861,0.0,0.0,0.0,0.0,0.0,0.0
19,235,12.0,5.275648505402758,0.0,0.0,1.0,1.0,0.0,0.0
20,235,12.0,5.260116068511749,0.0,0.0,0.0,0.0,0.0,0.0
21,235,4.845428232102059,0.0,0.0,0.0,0.0,0.0,1.0,1.0
22,235,4.255819794567948,8.319529819911232,0.0,0.0,0.0,0.0,0.0,0.0
23,235,11.981150787264484,2.383922958035824,0.0,1.0,1.0,1.0,0.0,1.0
24,235,0.0,2.996737075796902,1.0,1.0,1.0,1.0,0.0,0.0
25,235,8.638500639189274,9.72429595906796,0.0,1.0,0.0,0.0,1.0,1.0
26,235,4.438046857921413,9.447441105929446,0.0,0.0,0.0,1.0,1.0,1.0
27,235,12.0,7.253683128359368,0.0,0.0,0.0,1.0,0.0,1.0
28,235,0.0,10.988246970711549,0.0,0.0,0.0,0.0,0.0,0.0
29,235,0.4186422562217885,8.590763345261305,1.0,0.0,0.0,0.0,0.0,0.0
30,235,10.234625395267429,11.648283561799165,1.0,1.0,0.0,0.0,1.0,1.0
31,235,0.0,10.675319316185288,1.0,1.0,1.0,1.0,0.0,0.0
32,235,12.0,3.148711966089605,0.0,0.0,0.0,1.0,0.0,0.0
33,235,10.267739001670895,2.9279991518345097,0.0,1.0,0.0,0.0,0.0,0.0
34,235,7.012617708447551,1.1863686707619938,0.0,1.0,0.0,0.0,1.0,0.0
35,235,4.97266857532986,4.398233757497483,1.0,0.0,0.0,0.0,1.0,0.0
36,235,2.6843490620756043,0.0,0.0,1.0,1.0,0.0,1.0,1.0
37,235,5.005765536324341,6.639620945367071,1.0,0.0,0.0,0.0,1.0,1.0
38,235,9.215581148789086,8.594037696882188,1.0,0.0,1.0,0.0,1.0,0.0
39,235,1.614817875668601,4.0274830132036845,0.0,1.0,1.0,1.0,1.0,1.0
0,240,0.0,7.623235114738452,0.0,1.0,0.0,1.0,0.0,1.0
1,240,2.0669860556333024,5.807793539956383,1.0,0.0,1.0,1.0,1.0,1.0
2,240,10.669413504067082,7.435960710967345,0.0,0.0,0.0,0.0,0.0,0.0
3,240,5.378483535902273,11.051915962656796,0.0,0.0,1.0,0.0,0.0,0.0
4,240,2.692110875456423,3.700721447308447,0.0,0.0,1.0,0.0,1.0,0.0
5,240,9.50315209951916,11.130486697976972,1.0,1.0,0.0,0.0,0.0,0.0
6,240,6.069928408834755,3.094228112924651,1.0,0.0,1.0,0.0,1.0,1.0
7,240,9.474360679824024,7.749091877380414,0.0,0.0,0.0,0.0,1.0,0.0
8,240,8.03733538244251,5.234251645893026,0.0,0.0,1.0,1.0,0.0,1.0
9,240,4.56898188911852,0.0830077192017564,1.0,0.0,0.0,1.0,0.0,0.0
10,240,10.145162835700846,4.080483637873268,0.0,1.0,1.0,0.0,0.0,0.0
11,240,8.16231523786902,5.549544895148394,0.0,0.0,0.0,0.0,1.0,1.0
12,240,12.0,6.003554401785059,0.0,0.0,0.0,0.0,0.0,0.0
13,240,9.4651725076642,0.0,0.0,1.0,0.0,1.0,1.0,0.0
14,240,12.0,0.0,1.0,0.0,0.0,1.0,0.0,0.0
15,240,3.2194030034665126,11.499278493021352,0.0,0.0,0.0,0.0,1.0,0.0
16,240,7.836187863861894,0.8417937266036064,1.0,0.0,0.0,0.0,1.0,0.0
17,240,10.105000791423604,1.1564550280526966,1.0,0.0,0.0,1.0,0.0,0.0
18,240,12.0,7.81148006978424,0.0,0.0,0.0,0.0,0.0,0.0
19,240,12.0,5.312128114606145,0.0,0.0,1.0,1.0,0.0,0.0
20,240,12.0,5.405823177067858,0.0,0.0,0.0,0.0,0.0,0.0
21,240,4.857299950605044,0.0,0.0,0.0,0.0,0.0,1.0,1.0
22,240,4.22783850971145,8.435130156003867,0.0,0.0,0.0,0.0,0.0,0.0
23,240,11.973269848786824,2.3649208459170468,0.0,1.0,1.0,1.0,0.0,1.0
24,240,0.0,2.9795242115579623,1.0,1.0,1.0,1.0,0.0,0.0
25,240,8.671496480138995,9.686063491706928,0.0,1.0,0.0,0.0,1.0,1.0
26,240,4.378094920506586,9.36744244494474,0.0,0.0,0.0,1.0,1.0,1.0
27,240,12.0,7.379651329262689,0.0,0.0,0.0,1.0,0.0,1.0
28,240,0.0,11.170845392191884,0.0,0.0,0.0,0.0,0.0,0.0
29,240,0.2628462478803114,8.555239018885398,1.0,0.0,0.0,0.0,0.0,0.0
30,240,10.240106056149854,11.667716474690872,1.0,1.0,0.0,0.0,1.0,1.0
31,240,0.0,10.613261772128933,1.0,1.0,1.0,1.0,0.0,0.0
32,240,12.0,3.1628509304266434,0.0,0.0,0.0,1.0,0.0,0.0
33,240,10.239104765441288,2.9580675216695704,0.0,1.0,0.0,0.0,0.0,0.0
34,240,7.04145485558553,1.2407485545564867,0.0,1.0,0.0,0.0,1.0,0.0
35,240,4.843006868691558,4.329132869551101,1.0,0.0,0.0,0.0,1.0,0.0
36,240,2.695231678940074,0.0,0.0,1.0,1.0,0.0,1.0,1.0
37,240,4.987482048417629,6.646512810549536,1.0,0.0,0.0,0.0,1.0,1.0
38,240,9.258607154482322,8.553831046216189,1.0,0.0,1.0,0.0,1.0,0.0
39,240,1.5475313888173907,3.83238438658076,0.0,1.0,1.0,1.0,1.0,1.0
0,245,0.0,7.617086909180028,0.0,1.0,0.0,1.0,0.0,1.0
1,245,2.0090631405242574,5.76724685998265,1.0,0.0,1.0,1.0,1.0,1.0
2,245,10.571635507838876,7.389072804345389,0.0,0.0,0.0,0.0,0.0,0.0
3,245,5.412112116177404,11.171355670258832,0.0,0.0,1.0,0.0,0.0,0.0
4,245,2.7876290856381,3.726717013570422,0.0,0.0,1.0,0.0,1.0,0.0
5,245,9.42938881835978,11.140714188200349,1.0,1.0,0.0,0.0,0.0,0.0
6,245,6.16013502516696,3.053127423646988,1.0,0.0,1.0,0.0,1.0,1.0
7,245,9.450430109252022,7.64515882200906,0.0,0.0,0.0,0.0,1.0,0.0
8,245,8.050155131233758,5.320248602428997,0.0,0.0,1.0,1.0,0.0,1.0
9,245,4.4721956975115065,0.0987446270350406,1.0,0.0,0.0,1.0,0.0,0.0
10,245,10.154159816743796,4.0853814958233015,0.0,1.0,1.0,0.0,0.0,0.0
11,245,8.112713852177617,5.454421840525059,0.0,0.0,0.0,0.0,1.0,1.0
12,245,12.0,5.978511946940757,0.0,0.0,0.0,0.0,0.0,0.0
13,245,9.446495688152895,0.0,0.0,1.0,0.0,1.0,1.0,0.0
14,245,12.0,0.0,1.0,0.0,0.0,1.0,0.0,0.0
15,245,3.2552320019507297,11.456460846755316,0.0,0.0,0.0,0.0,1.0,0.0
16,245,7.846829783343207,0.8147850082906456,1.0,0.0,0.0,0.0,1.0,0.0
17,245,10.085646957036824,1.1265734629008024,1.0,0.0,0.0,1.0,0.0,0.0
18,245,12.0,7.883075505249201,0.0,0.0,0.0,0.0,0.0,0.0
19,245,12.0,5.346738700037208,0.0,0.0,1.0,1.0,0.0,0.0
20,245,12.0,5.555716250868704,0.0,0.0,0.0,0.0,0.0,0.0
21,245,4.867870058909144,0.0,0.0,0.0,0.0,0.0,1.0,1.0
22,245,4.196861650375326,8.554883197684275,0.0,0.0,0.0,0.0,0.0,0.0
23,245,11.96828928361388,2.352311820299537,0.0,1.0,1.0,1.0,0.0,1.0
24,245,0.0,2.9738295563610326,1.0,1.0,1.0,1.0,0.0,0.0
25,245,8.7066333327238,9.647563614420276,0.0,1.0,0.0,0.0,1.0,1.0
26,245,4.314971196018578,9.278491574279943,0.0,0.0,0.0,1.0,1.0,1.0
27,245,12.0,7.506538666077684,0.0,0.0,0.0,1.0,0.0,1.0
28,245,0.1808029005694084,11.342366323866353,0.0,0.0,0.0,0.0,0.0,0.0
29,245,0.1178085507609013,8.522535892838615,1.0,0.0,0.0,0.0,0.0,0.0
30,245,10.248844986773646,11.69544672119224,1.0,1.0,0.0,0.0,1.0,1.0
31,245,0.0,10.558552036891015,1.0,1.0,1.0,1.0,0.0,0.0
32,245,12.0,3.191033451130697,0.0,0.0,0.0,1.0,0.0,0.0
33,245,10.217775410886738,2.9817750819204987,0.0,1.0,0.0,0.0,0.0,0.0
34,245,7.075298039153886,1.301537172865638,0.0,1.0,0.0,0.0,1.0,0.0
35,245,4.718438667049522,4.261543424784112,1.0,0.0,0.0,0.0,1.0,0.0
36,245,2.7007416199059566,0.0,0.0,1.0,1.0,0.0,1.0,1.0
37,245,4.98245202806701,6.6484655111329,1.0,0.0,0.0,0.0,1.0,1.0
38,245,9.300272869254531,8.5137567970978,1.0,0.0,1.0,0.0,1.0,0.0
39,245,1.481338491691319,3.6295669583199306,0.0,1.0,1.0,1.0,1.0,1.0
0,250,0.0,7.612827639732268,0.0,1.0,0.0,1.0,0.0,1.0
1,250,1.9558408639882356,5.729847497173772,1.0,0.0,1.0,1.0,1.0,1.0
2,250,10.473907021517014,7.344656545056443,0.0,0.0,0.0,0.0,0.0,0.0
3,250,5.441773478831679,11.278048674374451,0.0,0.0,1.0,0.0,0.0,0.0
4,250,2.9071958366437567,3.7601729985696064,0.0,0.0,1.0,0.0,1.0,0.0
5,250,9.366823377825424,11.148361634879576,1.0,1.0,0.0,0.0,0.0,0.0
6,250,6.2415025224893865,3.015936157016451,1.0,0.0,1.0,0.0,1.0,1.0
7,250,9.432827360447847,7.560915790813224,0.0,0.0,0.0,0.0,1.0,0.0
8,250,8.058600559696727,5.3798350958458965,0.0,0.0,1.0,1.0,0.0,1.0
9,250,4.371124083663764,0.1137921154877863,1.0,0.0,0.0,1.0,0.0,0.0
10,250,10.154542126149993,4.085588936756235,0.0,1.0,1.0,0.0,0.0,0.0
11,250,8.05143816001702,5.337395787909854,0.0,0.0,0.0,0.0,1.0,1.0
12,250,12.0,5.9566236751924215,0.0,0.0,0.0,0.0,0.0,0.0
13,250,9.427424871247268,0.0,0.0,1.0,0.0,1.0,1.0,0.0
14,250,12.0,0.0,1.0,0.0,0.0,1.0,0.0,0.0
15,250,3.2987290195125354,11.403790290897753,0.0,0.0,0.0,0.0,1.0,0.0
16,250,7.860063667859298,0.7822031973422564,1.0,0.0,0.0,0.0,1.0,0.0
17,250,10.070539816731772,1.1033560262682272,1.0,0.0,0.0,1.0,0.0,0.0
18,250,12.0,7.957323753642666,0.0,0.0,0.0,0.0,0.0,0.0
19,250,12.0,5.368202914777267,0.0,0.0,1.0,1.0,0.0,0.0
20,250,12.0,5.71051356203984,0.0,0.0,0.0,0.0,0.0,0.0
21,250,4.880193201731561,0.0,0.0,0.0,0.0,0.0,1.0,1.0
22,250,4.165905361645253,8.68032869326417,0.0,0.0,0.0,0.0,0.0,0.0
23,250,11.964294316628513,2.3422424826030523,0.0,1.0,1.0,1.0,0.0,1.0
24,250,0.0,2.9813765555444696,1.0,1.0,1.0,1.0,0.0,0.0
25,250,8.749625468323536,9.601312162232585,0.0,1.0,0.0,0.0,1.0,1.0
26,250,4.245355718853315,9.18448676845609,0.0,0.0,0.0,1.0,1.0,1.0
27,250,12.0,7.62429906396649,0.0,0.0,0.0,1.0,0.0,1.0
28,250,0.3430271896014066,11.49738744134566,0.0,0.0,0.0,0.0,0.0,0.0
29,250,0.0,8.489103955996567,1.0,0.0,0.0,0.0,0.0,0.0
30,250,10.262469937797864,11.740011973138564,1.0,1.0,0.0,0.0,1.0,1.0
31,250,0.0,10.50494428372037,1.0,1.0,1.0,1.0,0.0,0.0
32,250,12.0,3.215907009616604,0.0,0.0,0.0,1.0,0.0,0.0
33,250,10.208295760762892,2.9919868827824465,0.0,1.0,0.0,0.0,0.0,0.0
34,250,7.106757956963058,1.356284489923794,0.0,1.0,0.0,0.0,1.0,0.0
35,250,4.599719350763499,4.200367508729283,1.0,0.0,0.0,0.0,1.0,0.0
36,250,2.7082691121418194,0.0,0.0,1.0,1.0,0.0,1.0,1.0
37,250,4.996262022414306,6.643383911100611,1.0,0.0,0.0,0.0,1.0,1.0
38,250,9.368173391441449,8.448596086292591,1.0,0.0,1.0,0.0,1.0,0.0
39,250,1.4116303495755196,3.421942357869799,0.0,1.0,1.0,1.0,1.0,1.0
0,255,0.0,7.609823532339382,0.0,1.0,0.0,1.0,0.0,1.0
1,255,1.8962313127014827,5.689044237970291,1.0,0.0,1.0,1.0,1.0,1.0
2,255,10.382607099648531,7.300448855101278,0.0,0.0,0.0,0.0,0.0,0.0
3,255,5.477068758615111,11.400004026129665,0.0,0.0,1.0,0.0,0.0,0.0
4,255,3.0240027688217825,3.7921091968316474,0.0,0.0,1.0,0.0,1.0,0.0
5,255,9.33099088585082,11.153376544245106,1.0,1.0,0.0,0.0,0.0,0.0
6,255,6.317400940272923,2.980529293863646,1.0,0.0,1.0,0.0,1.0,1.0
7,255,9.419860394786342,7.503505027274002,0.0,0.0,0.0,0.0,1.0,0.0
8,255,8.067451112573977,5.450365035929218,0.0,0.0,1.0,1.0,0.0,1.0
9,255,4.2688857931041095,0.1281583044669193,1.0,0.0,0.0,1.0,0.0,0.0
10,255,10.143746890457107,4.079474468315649,0.0,1.0,1.0,0.0,0.0,0.0
11,255,7.990415042352911,5.225924129262853,0.0,0.0,0.0,0.0,1.0,1.0
12,255,12.0,5.936345185963087,0.0,0.0,0.0,0.0,0.0,0.0
13,255,9.409006141523236,0.0,0.0,1.0,0.0,1.0,1.0,0.0
14,255,12.0,0.0,1.0,0.0,0.0,1.0,0.0,0.0
15,255,3.342851056072072,11.350556200056028,0.0,0.0,0.0,0.0,1.0,0.0
16,255,7.871183708518777,0.755955222526405,1.0,0.0,0.0,0.0,1.0,0.0
17,255,10.050786605369307,1.0723289481292462,1.0,0.0,0.0,1.0,0.0,0.0
18,255,12.0,8.021135073998115,0.0,0.0,0.0,0.0,0.0,0.0
19,255,12.0,5.409519420570712,0.0,0.0,1.0,1.0,0.0,0.0
20,255,12.0,5.863490850650999,0.0,0.0,0.0,0.0,0.0,0.0
21,255,4.893823911413678,0.0,0.0,0.0,0.0,0.0,1.0,1.0
22,255,4.144301677583029,8.765530157629396,0.0,0.0,0.0,0.0,0.0,0.0
23,255,11.949093179298336,2.302321927623591,0.0,1.0,1.0,1.0,0.0,1.0
24,255,0.0011928676658498,2.978948839370877,1.0,1.0,1.0,1.0,0.0,0.0
25,255,8.792188541065993,9.557544002295163,0.0,1.0,0.0,0.0,1.0,1.0
26,255,4.170382746097574,9.081056084978254,0.0,0.0,0.0,1.0,1.0,1.0
27,255,12.0,7.733724307266477,0.0,0.0,0.0,1.0,0.0,1.0
28,255,0.5224793806672021,11.657980377221998,0.0,0.0,0.0,0.0,0.0,0.0
29,255,0.0,8.452824525118157,1.0,0.0,0.0,0.0,0.0,0.0
30,255,10.27287454991346,11.774848589566322,1.0,1.0,0.0,0.0,1.0,1.0
31,255,0.0,10.45823764673621,1.0,1.0,1.0,1.0,0.0,0.0
32,255,12.0,3.241129325137538,0.0,0.0,0.0,1.0,0.0,0.0
33,255,10.1941023505149,3.007329573934772,0.0,1.0,0.0,0.0,0.0,0.0
34,255,7.139481979684112,1.4144690684078034,0.0,1.0,0.0,0.0,1.0,0.0
35,255,4.505923906689371,4.148923131286255,1.0,0.0,0.0,0.0,1.0,0.0
36,255,2.7323677815290157,0.0,0.0,1.0,1.0,0.0,1.0,1.0
37,255,5.03851126896452,6.627528557560616,1.0,0.0,0.0,0.0,1.0,1.0
38,255,9.41822437655452,8.400936636394146,1.0,0.0,1.0,0.0,1.0,0.0
39,255,1.3344014482843685,3.1942497765010245,0.0,1.0,1.0,1.0,1.0,1.0
0,260,0.0,7.608002244471701,0.0,1.0,0.0,1.0,0.0,1.0
1,260,1.8296712796698884,5.644246359044455,1.0,0.0,1.0,1.0,1.0,1.0
2,260,10.288343113860444,7.2544961292129155,0.0,0.0,0.0,0.0,0.0,0.0
3,260,5.517030933257085,11.533303656659823,0.0,0.0,1.0,0.0,0.0,0.0
4,260,3.1113911378607173,3.814990071479789,0.0,0.0,1.0,0.0,1.0,0.0
5,260,9.303161743232572,11.157680290860178,1.0,1.0,0.0,0.0,0.0,0.0
6,260,6.4077439226193365,2.942419357514026,1.0,0.0,1.0,0.0,1.0,1.0
7,260,9.403552748073372,7.428795293271247,0.0,0.0,0.0,0.0,1.0,0.0
8,260,8.077808343473505,5.5257454645759685,0.0,0.0,1.0,1.0,0.0,1.0
9,260,4.156494350230326,0.1408844956174728,1.0,0.0,0.0,1.0,0.0,0.0
10,260,10.121833162825984,4.0668522933604665,0.0,1.0,1.0,0.0,0.0,0.0
11,260,7.927747347619467,5.114585016301647,0.0,0.0,0.0,0.0,1.0,1.0
12,260,12.0,5.915294527225454,0.0,0.0,0.0,0.0,0.0,0.0
13,260,9.385221680428256,0.0,0.0,1.0,0.0,1.0,1.0,0.0
14,260,12.0,0.0,1.0,0.0,0.0,1.0,0.0,0.0
15,260,3.382711434605654,11.302131573535734,0.0,0.0,0.0,0.0,1.0,0.0
16,260,7.881473084711898,0.7313398584169565,1.0,0.0,0.0,0.0,1.0,0.0
17,260,10.021719961204354,1.026534654794237,1.0,0.0,0.0,1.0,0.0,0.0
18,260,12.0,8.07938157062847,0.0,0.0,0.0,0.0,0.0,0.0
19,260,12.0,5.46092243716626,0.0,0.0,1.0,1.0,0.0,0.0
20,260,12.0,5.998219129988881,0.0,0.0,0.0,0.0,0.0,0.0
21,260,4.905606406576871,0.0,0.0,0.0,0.0,0.0,1.0,1.0
22,260,4.1227123019939125,8.846815559761144,0.0,0.0,0.0,0.0,0.0,0.0
23,260,11.929092976419671,2.2522078053403543,0.0,1.0,1.0,1.0,0.0,1.0
24,260,0.0123909652006676,2.9570284242197227,1.0,1.0,1.0,1.0,0.0,0.0
25,260,8.850286100879945,9.497954067044969,0.0,1.0,0.0,0.0,1.0,1.0
26,260,4.102761361553237,8.986455006838401,0.0,0.0,0.0,1.0,1.0,1.0
27,260,12.0,7.854387055006016,0.0,0.0,0.0,1.0,0.0,1.0
28,260,0.7078079602484577,11.819766205690987,0.0,0.0,0.0,0.0,0.0,0.0
29,260,0.0,8.420717958363403,1.0,0.0,0.0,0.0,0.0,0.0
30,260,10.29349249628501,11.840224871463386,1.0,1.0,0.0,0.0,1.0,1.0
31,260,0.0,10.408726824610648,1.0,1.0,1.0,1.0,0.0,0.0
32,260,12.0,3.2485271786688688,0.0,0.0,0.0,1.0,0.0,0.0
33,260,10.191510377273293,3.010165933411358,0.0,1.0,0.0,0.0,0.0,0.0
34,260,7.179018676953433,1.484811296072075,0.0,1.0,0.0,0.0,1.0,0.0
35,260,4.415557808582535,4.100105201146984,1.0,0.0,0.0,0.0,1.0,0.0
36,260,2.753055290135912,0.0,0.0,1.0,1.0,0.0,1.0,1.0
37,260,5.1045832248206,6.601808636475408,1.0,0.0,0.0,0.0,1.0,1.0
38,260,9.463653121812175,8.357385807507669,1.0,0.0,1.0,0.0,1.0,0.0
39,260,1.249637675590658,2.936288171165276,0.0,1.0,1.0,1.0,1.0,1.0
0,265,0.0,7.60675626055792,0.0,1.0,0.0,1.0,0.0,1.0
1,265,1.7628580972585686,5.596559602158555,1.0,0.0,1.0,1.0,1.0,1.0
2,265,10.198622634484249,7.210883533570216,0.0,0.0,0.0,0.0,0.0,0.0
3,265,5.55640118443341,11.676039692174609,0.0,0.0,1.0,0.0,0.0,0.0
4,265,3.200277357786636,3.837043127890716,0.0,0.0,1.0,0.0,1.0,0.0
5,265,9.28656629913696,11.160471268373492,1.0,1.0,0.0,0.0,0.0,0.0
6,265,6.508429631092692,2.901164319934372,1.0,0.0,1.0,0.0,1.0,1.0
7,265,9.385562774492676,7.3462641627622975,0.0,0.0,0.0,0.0,1.0,0.0
8,265,8.085879177552352,5.588530248958126,0.0,0.0,1.0,1.0,0.0,1.0
9,265,4.045502720656825,0.1534738210689863,1.0,0.0,0.0,1.0,0.0,0.0
10,265,10.113262812011817,4.061891673844328,0.0,1.0,1.0,0.0,0.0,0.0
11,265,7.872565324568166,5.013514872039021,0.0,0.0,0.0,0.0,1.0,1.0
12,265,12.0,5.894532748470111,0.0,0.0,0.0,0.0,0.0,0.0
13,265,9.361429876614372,0.0,0.0,1.0,0.0,1.0,1.0,0.0
14,265,12.0,0.0,1.0,0.0,0.0,1.0,0.0,0.0
15,265,3.4204660451853632,11.2564612657958,0.0,0.0,0.0,0.0,1.0,0.0
16,265,7.8977766856899265,0.6926512480177928,1.0,0.0,0.0,0.0,1.0,0.0
17,265,9.994100673790992,0.9850759398373122,1.0,0.0,0.0,1.0,0.0,0.0
18,265,12.0,8.1325148216153,0.0,0.0,0.0,0.0,0.0,0.0
19,265,12.0,5.5182757348092695,0.0,0.0,1.0,1.0,0.0,0.0
20,265,12.0,6.1323570314295095,0.0,0.0,0.0,0.0,0.0,0.0
21,265,4.917276751722804,0.0,0.0,0.0,0.0,0.0,1.0,1.0
22,265,4.099477582742537,8.92759289428578,0.0,0.0,0.0,0.0,0.0,0.0
23,265,11.91198416058537,2.205083003980112,0.0,1.0,1.0,1.0,0.0,1.0
24,265,0.0321856929780476,2.9169950761734498,1.0,1.0,1.0,1.0,0.0,0.0
25,265,8.90460780726961,9.440923512871729,0.0,1.0,0.0,0.0,1.0,1.0
26,265,4.042442743561189,8.895478706812106,0.0,0.0,0.0,1.0,1.0,1.0
27,265,12.0,7.944085214110588,0.0,0.0,0.0,1.0,0.0,1.0
28,265,0.8960182188983873,11.979268673035437,0.0,0.0,0.0,0.0,0.0,0.0
29,265,0.0,8.38997773281947,1.0,0.0,0.0,0.0,0.0,0.0
30,265,10.321174702345148,11.91887510736368,1.0,1.0,0.0,0.0,1.0,1.0
31,265,0.0,10.35985532547794,1.0,1.0,1.0,1.0,0.0,0.0
32,265,12.0,3.2772127841817493,0.0,0.0,0.0,1.0,0.0,0.0
33,265,10.187304663412212,3.014967026785885,0.0,1.0,0.0,0.0,0.0,0.0
34,265,7.227678323443201,1.5718951516438024,0.0,1.0,0.0,0.0,1.0,0.0
35,265,4.332155864197373,4.054294300186573,1.0,0.0,0.0,0.0,1.0,0.0
36,265,2.7596510516374115,0.0,0.0,1.0,1.0,0.0,1.0,1.0
37,265,5.165727787261508,6.577953743177655,1.0,0.0,0.0,0.0,1.0,1.0
38,265,9.507811489043297,8.316110302178217,1.0,0.0,1.0,0.0,1.0,0.0
39,265,1.1536702615337373,2.674975711507168,0.0,1.0,1.0,1.0,1.0,1.0
0,270,0.0,7.607711480065092,0.0,1.0,0.0,1.0,0.0,1.0
1,270,1.6975264458713129,5.548081516892811,1.0,0.0,1.0,1.0,1.0,1.0
2,270,10.114794303722505,7.17019855439194,0.0,0.0,0.0,0.0,0.0,0.0
3,270,5.592962245030195,11.816849984491691,0.0,0.0,1.0,0.0,0.0,0.0
4,270,3.281499113225728,3.8563629844680665,0.0,0.0,1.0,0.0,1.0,0.0
5,270,9.27147339832632,11.1632310098938,1.0,1.0,0.0,0.0,0.0,0.0
6,270,6.622168322347858,2.8562458615248274,1.0,0.0,1.0,0.0,1.0,1.0
7,270,9.362795464376344,7.255225850101373,0.0,0.0,0.0,0.0,1.0,0.0
8,270,8.096249806720719,5.6607493144980285,0.0,0.0,1.0,1.0,0.0,1.0
9,270,3.951648321304005,0.164664993006041,1.0,0.0,0.0,1.0,0.0,0.0
10,270,10.11370659656084,4.062154360238632,0.0,1.0,1.0,0.0,0.0,0.0
11,270,7.821250226980853,4.922236848023992,0.0,0.0,0.0,0.0,1.0,1.0
12,270,12.0,5.883013998642261,0.0,0.0,0.0,0.0,0.0,0.0
13,270,9.33606552495331,0.0,0.0,1.0,0.0,1.0,1.0,0.0
14,270,12.0,0.0,1.0,0.0,0.0,1.0,0.0,0.0
15,270,3.451710787140836,11.218538797625248,0.0,0.0,0.0,0.0,1.0,0.0
16,270,7.915237980822703,0.6515085594585304,1.0,0.0,0.0,0.0,1.0,0.0
17,270,9.95248402465767,0.924348713486504,1.0,0.0,0.0,1.0,0.0,0.0
18,270,12.0,8.185965183181128,0.0,0.0,0.0,0.0,0.0,0.0
19,270,12.0,5.556522900024881,0.0,0.0,1.0,1.0,0.0,0.0
20,270,12.0,6.261648295415337,0.0,0.0,0.0,0.0,0.0,0.0
21,270,4.803282466080418,0.0,0.0,0.0,0.0,0.0,1.0,1.0
22,270,4.068065866509307,9.02822365443448,0.0,0.0,0.0,0.0,0.0,0.0
23,270,11.894971366323178,2.153758133025199,0.0,1.0,1.0,1.0,0.0,1.0
24,270,0.0609834174562877,2.861249419536688,1.0,1.0,1.0,1.0,0.0,0.0
25,270,8.941120887045487,9.402663378206034,0.0,1.0,0.0,0.0,1.0,1.0
26,270,3.9738353874328327,8.797778779526025,0.0,0.0,0.0,1.0,1.0,1.0
27,270,12.0,8.020958100277994,0.0,0.0,0.0,1.0,0.0,1.0
28,270,1.0789857904345246,12.0,0.0,0.0,0.0,0.0,0.0,0.0
29,270,0.0,8.364235751673942,1.0,0.0,0.0,0.0,0.0,0.0
30,270,10.354141966011754,12.0,1.0,1.0,0.0,0.0,1.0,1.0
31,270,0.0,10.309447719885952,1.0,1.0,1.0,1.0,0.0,0.0
32,270,12.0,3.327723984193506,0.0,0.0,0.0,1.0,0.0,0.0
33,270,10.187247479908264,3.015035073424804,0.0,1.0,0.0,0.0,0.0,0.0
34,270,7.283208559634427,1.6734410677971514,0.0,1.0,0.0,0.0,1.0,0.0
35,270,4.269680829391636,4.018393876214499,1.0,0.0,0.0,0.0,1.0,0.0
36,270,2.7790564694248263,0.0,0.0,1.0,1.0,0.0,1.0,1.0
37,270,5.209782487155144,6.560350924047789,1.0,0.0,0.0,0.0,1.0,1.0
38,270,9.55193473591119,8.273252234612416,1.0,0.0,1.0,0.0,1.0,0.0
39,270,1.070999528727662,2.443011718572459,0.0,1.0,1.0,1.0,1.0,1.0
0,275,0.0,7.608578551498173,0.0,1.0,0.0,1.0,0.0,1.0
1,275,1.643972476859321,5.509067199135188,1.0,0.0,1.0,1.0,1.0,1.0
2,275,10.063874212828717,7.14561426438134,0.0,0.0,0.0,0.0,0.0,0.0
3,275,5.624331644359583,11.938114645089676,0.0,0.0,1.0,0.0,0.0,0.0
4,275,3.3779566621794435,3.8788816236779216,0.0,0.0,1.0,0.0,1.0,0.0
5,275,9.286309417811973,11.160610824037157,1.0,1.0,0.0,0.0,0.0,0.0
6,275,6.743008324449454,2.8125379308944005,1.0,0.0,1.0,0.0,1.0,1.0
7,275,9.33947698128419,7.156725910852303,0.0,0.0,0.0,0.0,1.0,0.0
8,275,8.10376863778385,5.716025497427958,0.0,0.0,1.0,1.0,0.0,1.0
9,275,3.8822985732464,0.1726545555149742,1.0,0.0,0.0,1.0,0.0,0.0
10,275,10.115157273830915,4.062987933129898,0.0,1.0,1.0,0.0,0.0,0.0
11,275,7.769879195661602,4.829434613097921,0.0,0.0,0.0,0.0,1.0,1.0
12,275,12.0,5.859483885089028,0.0,0.0,0.0,0.0,0.0,0.0
13,275,9.311478700552124,0.0,0.0,1.0,0.0,1.0,1.0,0.0
14,275,12.0,0.0,1.0,0.0,0.0,1.0,0.0,0.0
15,275,3.469999750649319,11.195151207530698,0.0,0.0,0.0,0.0,1.0,0.0
16,275,7.934404314380184,0.6059855054297665,1.0,0.0,0.0,0.0,1.0,0.0
17,275,9.896352397963232,0.8421730165241883,1.0,0.0,0.0,1.0,0.0,0.0
18,275,12.0,8.241259069804718,0.0,0.0,0.0,0.0,0.0,0.0
19,275,12.0,5.585415723243054,0.0,0.0,1.0,1.0,0.0,0.0
20,275,12.0,6.390920236236683,0.0,0.0,0.0,0.0,0.0,0.0
21,275,4.689161570876398,0.0,0.0,0.0,0.0,0.0,1.0,1.0
22,275,4.036990334428003,9.1178383584244,0.0,0.0,0.0,0.0,0.0,0.0
23,275,11.877110576751075,2.0969677643095173,0.0,1.0,1.0,1.0,0.0,1.0
24,275,0.0953523992295488,2.7942932943928303,1.0,1.0,1.0,1.0,0.0,0.0
25,275,8.992065054678319,9.346608179818295,0.0,1.0,0.0,0.0,1.0,1.0
26,275,3.897678092637198,8.69108391561314,0.0,0.0,0.0,1.0,1.0,1.0
27,275,12.0,8.0954994212128,0.0,0.0,0.0,1.0,0.0,1.0
28,275,1.262898071894225,12.0,0.0,0.0,0.0,0.0,0.0,0.0
29,275,0.0,8.341966210988721,1.0,0.0,0.0,0.0,0.0,0.0
30,275,10.381472766965246,12.0,1.0,1.0,0.0,0.0,1.0,1.0
31,275,0.0,10.250447424103871,1.0,1.0,1.0,1.0,0.0,0.0
32,275,12.0,3.375213503803311,0.0,0.0,0.0,1.0,0.0,0.0
33,275,10.183772742835767,3.0195714494282577,0.0,1.0,0.0,0.0,0.0,0.0
34,275,7.348824710898911,1.792859392094865,0.0,1.0,0.0,0.0,1.0,0.0
35,275,4.2106029486550565,3.9863887387471832,1.0,0.0,0.0,0.0,1.0,0.0
36,275,2.8001692735648644,0.0,0.0,1.0,1.0,0.0,1.0,1.0
37,275,5.264313311210503,6.537469842363609,1.0,0.0,0.0,0.0,1.0,1.0
38,275,9.589436991437674,8.23819384413529,1.0,0.0,1.0,0.0,1.0,0.0
39,275,0.9922208258717776,2.215422332485728,0.0,1.0,1.0,1.0,1.0,1.0
0,280,0.0,7.60881709593454,0.0,1.0,0.0,1.0,0.0,1.0
1,280,1.564834168038344,5.449258058923236,1.0,0.0,1.0,1.0,1.0,1.0
2,280,10.012951144386886,7.121443176760599,0.0,0.0,0.0,0.0,0.0,0.0
3,280,5.661328609234626,12.0,0.0,0.0,1.0,0.0,0.0,0.0
4,280,3.4806663329180347,3.905066603062495,0.0,0.0,1.0,0.0,1.0,0.0
5,280,9.294531404388756,11.159271417304929,1.0,1.0,0.0,0.0,0.0,0.0
6,280,6.875083288043414,2.762734227992631,1.0,0.0,1.0,0.0,1.0,1.0
7,280,9.312719497830502,7.046641968087186,0.0,0.0,0.0,0.0,1.0,0.0
8,280,8.109979944115137,5.759846683831723,0.0,0.0,1.0,1.0,0.0,1.0
9,280,3.8152534359234265,0.1782946910343216,1.0,0.0,0.0,1.0,0.0,0.0
10,280,10.11984274700235,4.065389041839186,0.0,1.0,1.0,0.0,0.0,0.0
11,280,7.711920407305303,4.7201788224931525,0.0,0.0,0.0,0.0,1.0,1.0
12,280,12.0,5.834323487851158,0.0,0.0,0.0,0.0,0.0,0.0
13,280,9.28873919744074,0.0,0.0,1.0,0.0,1.0,1.0,0.0
14,280,11.991499589330727,0.020183090779021,1.0,0.0,0.0,1.0,0.0,0.0
15,280,3.4966076689047543,11.161783098827156,0.0,0.0,0.0,0.0,1.0,0.0
16,280,7.95247405076846,0.5638237912055769,1.0,0.0,0.0,0.0,1.0,0.0
17,280,9.84058004481033,0.7642780771695743,1.0,0.0,0.0,1.0,0.0,0.0
18,280,12.0,8.300632234114119,0.0,0.0,0.0,0.0,0.0,0.0
19,280,12.0,5.624748640715109,0.0,0.0,1.0,1.0,0.0,0.0
20,280,12.0,6.513440103120265,0.0,0.0,0.0,0.0,0.0,0.0
21,280,4.579783933231795,0.0,0.0,0.0,0.0,0.0,1.0,1.0
22,280,4.003545808328438,9.22321591795084,0.0,0.0,0.0,0.0,0.0,0.0
23,280,11.857716736502544,2.032966204640589,0.0,1.0,1.0,1.0,0.0,1.0
24,280,0.1194274884316996,2.742791035089577,1.0,1.0,1.0,1.0,0.0,0.0
25,280,9.044891899157545,9.287806688112653,0.0,1.0,0.0,0.0,1.0,1.0
26,280,3.8129036235641776,8.568719494309477,0.0,0.0,0.0,1.0,1.0,1.0
27,280,12.0,8.170224963069035,0.0,0.0,0.0,1.0,0.0,1.0
28,280,1.4608808243054794,12.0,0.0,0.0,0.0,0.0,0.0,0.0
29,280,0.0,8.322398252497797,1.0,0.0,0.0,0.0,0.0,0.0
30,280,10.416671027074395,12.0,1.0,1.0,0.0,0.0,1.0,1.0
31,280,0.0,10.19196611350064,1.0,1.0,1.0,1.0,0.0,0.0
32,280,12.0,3.410262794118892,0.0,0.0,0.0,1.0,0.0,0.0
33,280,10.18377981284334,3.0195619646932403,0.0,1.0,0.0,0.0,0.0,0.0
34,280,7.420404116618732,1.9192563617681264,0.0,1.0,0.0,0.0,1.0,0.0
35,280,4.168724385866585,3.963763648374844,1.0,0.0,0.0,0.0,1.0,0.0
36,280,2.8185265985280075,0.0,0.0,1.0,1.0,0.0,1.0,1.0
37,280,5.311522728356852,6.517785481400518,1.0,0.0,0.0,0.0,1.0,1.0
38,280,9.636370194978245,8.194307363519952,1.0,0.0,1.0,0.0,1.0,0.0
39,280,0.9044859755283656,1.9613746386342117,0.0,1.0,1.0,1.0,1.0,1.0
0,285,0.0,7.60811998796501,0.0,1.0,0.0,1.0,0.0,1.0
1,285,1.474168724423176,5.378220296851789,1.0,0.0,1.0,1.0,1.0,1.0
2,285,9.946191876081542,7.090374937852692,0.0,0.0,0.0,0.0,0.0,0.0
3,285,5.692625302325548,12.0,0.0,0.0,1.0,0.0,0.0,0.0
4,285,3.581193027816309,3.929625147943933,0.0,0.0,1.0,0.0,1.0,0.0
5,285,9.282255713678918,11.161654272444837,1.0,1.0,0.0,0.0,0.0,0.0
6,285,7.003173201332786,2.71529380459333,1.0,0.0,1.0,0.0,1.0,1.0
7,285,9.281982238459443,6.92295428601472,0.0,0.0,0.0,0.0,1.0,0.0
8,285,8.116057195329494,5.80503850248883,0.0,0.0,1.0,1.0,0.0,1.0
9,285,3.744620771378999,0.1851941644772723,1.0,0.0,0.0,1.0,0.0,0.0
10,285,10.119747937028302,4.06534095389476,0.0,1.0,1.0,0.0,0.0,0.0
11,285,7.6592391980744114,4.619664326868856,0.0,0.0,0.0,0.0,1.0,1.0
12,285,12.0,5.815069152575561,0.0,0.0,0.0,0.0,0.0,0.0
13,285,9.263300829810069,0.0,0.0,1.0,0.0,1.0,1.0,0.0
14,285,11.984347850657574,0.0397393208972889,1.0,0.0,0.0,1.0,0.0,0.0
15,285,3.519402427354452,11.13341785957171,0.0,0.0,0.0,0.0,1.0,0.0
16,285,7.9677618998969955,0.5291498763411304,1.0,0.0,0.0,0.0,1.0,0.0
17,285,9.7832880365584,0.6824245368852164,1.0,0.0,0.0,1.0,0.0,0.0
18,285,12.0,8.362094071075166,0.0,0.0,0.0,0.0,0.0,0.0
19,285,12.0,5.657851881658534,0.0,0.0,1.0,1.0,0.0,0.0
20,285,12.0,6.628691684083576,0.0,0.0,0.0,0.0,0.0,0.0
21,285,4.445519994367795,0.0,0.0,0.0,0.0,0.0,1.0,1.0
22,285,3.9703260862255463,9.32782821449791,0.0,0.0,0.0,0.0,0.0,0.0
23,285,11.837066018823483,1.9594300432861655,0.0,1.0,1.0,1.0,0.0,1.0
24,285,0.1441738476172496,2.6871541128806866,1.0,1.0,1.0,1.0,0.0,0.0
25,285,9.098201307825873,9.226427831089255,0.0,1.0,0.0,0.0,1.0,1.0
26,285,3.721139585372795,8.436816468377746,0.0,0.0,0.0,1.0,1.0,1.0
27,285,12.0,8.261925307253884,0.0,0.0,0.0,1.0,0.0,1.0
28,285,1.670446986339798,12.0,0.0,0.0,0.0,0.0,0.0,0.0
29,285,0.0,8.302863715266957,1.0,0.0,0.0,0.0,0.0,0.0
30,285,10.4549882887754,12.0,1.0,1.0,0.0,0.0,1.0,1.0
31,285,0.0,10.131742562526975,1.0,1.0,1.0,1.0,0.0,0.0
32,285,12.0,3.4318659322418337,0.0,0.0,0.0,1.0,0.0,0.0
33,285,10.1806661740165,3.0236902784091115,0.0,1.0,0.0,0.0,0.0,0.0
34,285,7.484338755324373,2.03163753051921,0.0,1.0,0.0,0.0,1.0,0.0
35,285,4.13141777994663,3.943620583095665,1.0,0.0,0.0,0.0,1.0,0.0
36,285,2.830511990664493,0.0,0.0,1.0,1.0,0.0,1.0,1.0
37,285,5.353677719488153,6.501360333235177,1.0,0.0,0.0,0.0,1.0,1.0
38,285,9.692190603763958,8.141309905017517,1.0,0.0,1.0,0.0,1.0,0.0
39,285,0.8172631143720603,1.6981380573978202,0.0,1.0,1.0,1.0,1.0,1.0
0,290,0.0,7.6067775916044,0.0,1.0,0.0,1.0,0.0,1.0
1,290,1.3601090603367598,5.297818958657518,1.0,0.0,1.0,1.0,1.0,1.0
2,290,9.87513299563995,7.056529668204823,0.0,0.0,0.0,0.0,0.0,0.0
3,290,5.730824093357721,12.0,0.0,0.0,1.0,0.0,0.0,0.0
4,290,3.6967181097673056,3.960002593625299,0.0,0.0,1.0,0.0,1.0,0.0
5,290,9.284673266089042,11.1611845664507,1.0,1.0,0.0,0.0,0.0,0.0
6,290,7.14372402384665,2.6663181622074537,1.0,0.0,1.0,0.0,1.0,1.0
7,290,9.25458559460708,6.8042067079087065,0.0,0.0,0.0,0.0,1.0,0.0
8,290,8.123652084065519,5.861198713895615,0.0,0.0,1.0,1.0,0.0,1.0
9,290,3.675807115931676,0.1893116139128428,1.0,0.0,0.0,1.0,0.0,0.0
10,290,10.109124207108046,4.060290683761536,0.0,1.0,1.0,0.0,0.0,0.0
11,290,7.604560613942693,4.515919830678029,0.0,0.0,0.0,0.0,1.0,1.0
12,290,12.0,5.81422464457347,0.0,0.0,0.0,0.0,0.0,0.0
13,290,9.240234457616324,0.0,0.0,1.0,0.0,1.0,1.0,0.0
14,290,11.971518833766243,0.0761790093880777,1.0,0.0,0.0,1.0,0.0,0.0
15,290,3.5242862838932063,11.127266452586158,0.0,0.0,0.0,0.0,1.0,0.0
16,290,7.990506829366178,0.4755697071655511,1.0,0.0,0.0,0.0,1.0,0.0
17,290,9.71609369990262,0.5912835248031005,1.0,0.0,0.0,1.0,0.0,0.0
18,290,12.0,8.422196342623854,0.0,0.0,0.0,0.0,0.0,0.0
19,290,12.0,5.690135254950998,0.0,0.0,1.0,1.0,0.0,0.0
20,290,12.0,6.74682928779296,0.0,0.0,0.0,0.0,0.0,0.0
21,290,4.297363308639357,0.0,0.0,0.0,0.0,0.0,1.0,1.0
22,290,3.93459993718761,9.438064297750651,0.0,0.0,0.0,0.0,0.0,0.0
23,290,11.819803766722073,1.890293179267378,0.0,1.0,1.0,1.0,0.0,1.0
24,290,0.1720415219538829,2.6195547088567883,1.0,1.0,1.0,1.0,0.0,0.0
25,290,9.142668273960757,9.175102080178007,0.0,1.0,0.0,0.0,1.0,1.0
26,290,3.630024905229309,8.301155840142513,0.0,0.0,0.0,1.0,1.0,1.0
27,290,12.0,8.34520309968019,0.0,0.0,0.0,1.0,0.0,1.0
28,290,1.857403938423102,12.0,0.0,0.0,0.0,0.0,0.0,0.0
29,290,0.0,8.276232711974517,1.0,0.0,0.0,0.0,0.0,0.0
30,290,10.484361327610038,12.0,1.0,1.0,0.0,0.0,1.0,1.0
31,290,0.0,10.072095806742512,1.0,1.0,1.0,1.0,0.0,0.0
32,290,12.0,3.45785628441027,0.0,0.0,0.0,1.0,0.0,0.0
33,290,10.18643198373285,3.0158461248725947,0.0,1.0,0.0,0.0,0.0,0.0
34,290,7.531444817629889,2.1176558151833484,0.0,1.0,0.0,0.0,1.0,0.0
35,290,4.075678682562455,3.914214815110496,1.0,0.0,0.0,0.0,1.0,0.0
36,290,2.8384961501903256,0.0,0.0,1.0,1.0,0.0,1.0,1.0
37,290,5.400844394534608,6.4835683478113415,1.0,0.0,0.0,0.0,1.0,1.0
38,290,9.7484265077208,8.086383476961807,1.0,0.0,1.0,0.0,1.0,0.0
39,290,0.7345222247757381,1.4182897498111964,0.0,1.0,1.0,1.0,1.0,1.0
0,295,0.0,7.6045295864782,0.0,1.0,0.0,1.0,0.0,1.0
1,295,1.269174637648233,5.2311034348053695,1.0,0.0,1.0,1.0,1.0,1.0
2,295,9.783325715474854,7.0130085103932185,0.0,0.0,0.0,0.0,0.0,0.0
3,295,5.7762168253145,12.0,0.0,0.0,1.0,0.0,0.0,0.0
4,295,3.819953223505046,3.994722983288773,0.0,0.0,1.0,0.0,1.0,0.0
5,295,9.27957465370393,11.162038912555037,1.0,1.0,0.0,0.0,0.0,0.0
6,295,7.279406870854457,2.614263868234981,1.0,0.0,1.0,0.0,1.0,1.0
7,295,9.219297289781938,6.665570031236551,0.0,0.0,0.0,0.0,1.0,0.0
8,295,8.131665129126361,5.911175024374528,0.0,0.0,1.0,1.0,0.0,1.0
9,295,3.6300348886766898,0.1918519922005598,1.0,0.0,0.0,1.0,0.0,0.0
10,295,10.106051313381284,4.058839294004035,0.0,1.0,1.0,0.0,0.0,0.0
11,295,7.561061114637623,4.425223505008367,0.0,0.0,0.0,0.0,1.0,1.0
12,295,12.0,5.800119634778721,0.0,0.0,0.0,0.0,0.0,0.0
13,295,9.222512676899344,0.0,0.0,1.0,0.0,1.0,1.0,0.0
14,295,11.962400906086742,0.10342291095484,1.0,0.0,0.0,1.0,0.0,0.0
15,295,3.535663631575269,11.112466167880497,0.0,0.0,0.0,0.0,1.0,0.0
16,295,8.021792645243275,0.4032872258362479,1.0,0.0,0.0,0.0,1.0,0.0
17,295,9.634638647256798,0.4898849385023432,1.0,0.0,0.0,1.0,0.0,0.0
18,295,12.0,8.488239382008611,0.0,0.0,0.0,0.0,0.0,0.0
19,295,12.0,5.7291519367525305,0.0,0.0,1.0,1.0,0.0,0.0
20,295,12.0,6.872863239864428,0.0,0.0,0.0,0.0,0.0,0.0
21,295,4.158154612395842,0.0,0.0,0.0,0.0,0.0,1.0,1.0
22,295,3.8990858712715473,9.557464765928447,0.0,0.0,0.0,0.0,0.0,0.0
23,295,11.887112760254505,1.871026468744464,0.0,1.0,1.0,1.0,0.0,1.0
24,295,0.2004587323944644,2.552080987363618,1.0,1.0,1.0,1.0,0.0,0.0
25,295,9.183146315369893,9.1281368541692,0.0,1.0,0.0,0.0,1.0,1.0
26,295,3.530432845404659,8.145997638522426,0.0,0.0,0.0,1.0,1.0,1.0
27,295,12.0,8.425185411045035,0.0,0.0,0.0,1.0,0.0,1.0
28,295,2.0331781062570897,12.0,0.0,0.0,0.0,0.0,0.0,0.0
29,295,0.0,8.246429151650416,1.0,0.0,0.0,0.0,0.0,0.0
30,295,10.5187274714025,12.0,1.0,1.0,0.0,0.0,1.0,1.0
31,295,0.0,10.017140532552048,1.0,1.0,1.0,1.0,0.0,0.0
32,295,12.0,3.4653772940732304,0.0,0.0,0.0,1.0,0.0,0.0
33,295,10.19563945328908,3.003152387548658,0.0,1.0,0.0,0.0,0.0,0.0
34,295,7.583638617570459,2.212092483797156,0.0,1.0,0.0,0.0,1.0,0.0
35,295,4.015998179227713,3.880970289167828,1.0,0.0,0.0,0.0,1.0,0.0
36,295,2.8509701928921043,0.0,0.0,1.0,1.0,0.0,1.0,1.0
37,295,5.452216971476684,6.46469737621956,1.0,0.0,0.0,0.0,1.0,1.0
38,295,9.821218163746568,8.013369692001415,1.0,0.0,1.0,0.0,1.0,0.0
39,295,0.6490906935821985,1.1436843800938716,0.0,1.0,1.0,1.0,1.0,1.0
