0,0,10.036636962909984,4.996324154264017,0.0,1.0,0.0,1.0,0.0,1.0
1,0,9.012651977734766,3.060037872153904,1.0,0.0,1.0,1.0,1.0,1.0
2,0,0.96095563898058,7.060851299722792,0.0,0.0,0.0,0.0,0.0,0.0
3,0,7.031152151142646,9.056426511683789,0.0,0.0,1.0,0.0,0.0,0.0
4,0,1.9529210970613784,10.947197034764152,0.0,0.0,1.0,0.0,1.0,0.0
5,0,11.035555883068138,6.942481714270176,1.0,1.0,0.0,0.0,0.0,0.0
6,0,4.044348256741789,7.972815823804798,1.0,0.0,1.0,0.0,1.0,1.0
7,0,12.0,5.052334671166518,0.0,0.0,0.0,0.0,1.0,0.0
8,0,5.95852883108152,5.009084420900764,0.0,0.0,1.0,1.0,0.0,1.0
9,0,8.970220537896743,0.0,1.0,0.0,0.0,1.0,0.0,0.0
10,0,1.9733843833046771,10.985746775086328,0.0,1.0,1.0,0.0,0.0,0.0
11,0,11.988030647617164,1.956559460465034,0.0,0.0,0.0,0.0,1.0,1.0
12,0,9.06151999252285,8.972617810195716,0.0,0.0,0.0,0.0,0.0,0.0
13,0,4.906328418414758,6.994362911232336,0.0,1.0,0.0,1.0,1.0,0.0
14,0,0.9096416822293768,0.0010053247207301,1.0,0.0,0.0,1.0,0.0,0.0
15,0,1.9350943460343493,6.026280871164754,0.0,0.0,0.0,0.0,1.0,0.0
16,0,11.0099736149874,11.937865605888694,1.0,0.0,0.0,0.0,1.0,0.0
17,0,8.05815430158718,0.0178130582735591,1.0,0.0,0.0,1.0,0.0,0.0
18,0,2.0377211443384944,0.9363594265524288,0.0,0.0,0.0,0.0,0.0,0.0
19,0,3.0363467970082816,7.027151931955941,0.0,0.0,1.0,1.0,0.0,0.0
20,0,10.007310031494338,3.947386191998747,0.0,0.0,0.0,0.0,0.0,0.0
21,0,11.939361416729485,8.997042280898194,0.0,0.0,0.0,0.0,1.0,1.0
22,0,7.937695131744294,0.9834207922952484,0.0,0.0,0.0,0.0,0.0,0.0
23,0,6.933844068394987,6.010268828942534,0.0,1.0,1.0,1.0,0.0,1.0
24,0,3.0048714214996832,2.053165147051323,1.0,1.0,1.0,1.0,0.0,0.0
25,0,9.952704703511255,4.051396057664896,0.0,1.0,0.0,0.0,1.0,1.0
26,0,5.015646340835015,1.0324897232466752,0.0,0.0,0.0,1.0,1.0,1.0
27,0,1.977523931938084,4.013416145238008,0.0,0.0,0.0,1.0,0.0,1.0
28,0,0.0,3.023469596638648,0.0,0.0,0.0,0.0,0.0,0.0
29,0,5.933956190606459,2.026250557516053,1.0,0.0,0.0,0.0,0.0,0.0
30,0,11.982886313665372,1.9444706124221287,1.0,1.0,0.0,0.0,1.0,1.0
31,0,1.9562457003475664,7.990012704011612,1.0,1.0,1.0,1.0,0.0,0.0
32,0,4.920241755773023,11.01246497290463,0.0,0.0,0.0,1.0,0.0,0.0
33,0,3.0244551152468384,2.0629563352272244,0.0,1.0,0.0,0.0,0.0,0.0
34,0,4.952369514078661,12.0,0.0,1.0,0.0,0.0,1.0,0.0
35,0,5.98836678271486,1.070140892698377,1.0,0.0,0.0,0.0,1.0,0.0
36,0,0.0,4.04774457937204,0.0,1.0,1.0,0.0,1.0,1.0
37,0,10.969136285691244,11.932829595101609,1.0,0.0,0.0,0.0,1.0,1.0
38,0,0.0,12.0,1.0,0.0,1.0,0.0,1.0,0.0
39,0,11.001594282499813,4.042028718552002,0.0,1.0,1.0,1.0,1.0,1.0
0,5,10.062740986882089,4.993469903162188,0.0,1.0,0.0,1.0,0.0,1.0
1,5,9.026066091491767,3.12144716437465,1.0,0.0,1.0,1.0,1.0,1.0
2,5,0.915595643268624,7.128182272617097,0.0,0.0,0.0,0.0,0.0,0.0
3,5,7.059874626975369,9.105729665640244,0.0,0.0,1.0,0.0,0.0,0.0
4,5,1.905630152953113,10.89108449341126,0.0,0.0,1.0,0.0,1.0,0.0
5,5,11.06079431271418,6.900783634732015,1.0,1.0,0.0,0.0,0.0,0.0
6,5,4.0839661361823625,7.946954510840372,1.0,0.0,1.0,0.0,1.0,1.0
7,5,12.0,5.094595995997473,0.0,0.0,0.0,0.0,1.0,0.0
8,5,5.946510529051294,5.011677227678647,0.0,0.0,1.0,1.0,0.0,1.0
9,5,8.933534417463157,0.0,1.0,0.0,0.0,1.0,0.0,0.0
10,5,1.953932613000404,10.97571042429488,0.0,1.0,1.0,0.0,0.0,0.0
11,5,11.981964364625291,1.937084183164407,0.0,0.0,0.0,0.0,1.0,1.0
12,5,9.127007537216109,8.940794327265278,0.0,0.0,0.0,0.0,0.0,0.0
13,5,4.814226618033172,6.988001466463595,0.0,1.0,0.0,1.0,1.0,0.0
14,5,0.8131691750327444,0.0020004443555887,1.0,0.0,0.0,1.0,0.0,0.0
15,5,1.8634854364134756,6.055603623035572,0.0,0.0,0.0,0.0,1.0,0.0
16,5,11.017248367387976,11.89335082713671,1.0,0.0,0.0,0.0,1.0,0.0
17,5,8.108629994113128,0.0321164679315634,1.0,0.0,0.0,1.0,0.0,0.0
18,5,2.073581681363517,0.87858700784603,0.0,0.0,0.0,0.0,0.0,0.0
19,5,3.085786494017754,7.062983918567025,0.0,0.0,1.0,1.0,0.0,0.0
20,5,10.014840174315903,3.9011023180168514,0.0,0.0,0.0,0.0,0.0,0.0
21,5,11.88442893305998,8.994145887471056,0.0,0.0,0.0,0.0,1.0,1.0
22,5,7.859654846511789,0.9625547408161264,0.0,0.0,0.0,0.0,0.0,0.0
23,5,6.858106933349042,6.021599672010197,0.0,1.0,1.0,1.0,0.0,1.0
24,5,3.009731834709773,2.0933787672763216,1.0,1.0,1.0,1.0,0.0,0.0
25,5,9.898149225089565,4.108285703695343,0.0,1.0,0.0,0.0,1.0,1.0
26,5,5.035366502297476,1.0756866120060804,0.0,0.0,0.0,1.0,1.0,1.0
27,5,1.944468035304325,4.033531908088466,0.0,0.0,0.0,1.0,0.0,1.0
28,5,0.0,3.040081925158181,0.0,0.0,0.0,0.0,0.0,0.0
29,5,5.850279088167039,2.059572550463634,1.0,0.0,0.0,0.0,0.0,0.0
30,5,11.96016905579161,1.8749433061521488,1.0,1.0,0.0,0.0,1.0,1.0
31,5,1.902951493728664,7.977814009714391,1.0,1.0,1.0,1.0,0.0,0.0
32,5,4.836101531821844,11.024598353302586,0.0,0.0,0.0,1.0,0.0,0.0
33,5,3.0477478074630038,2.122503858119157,0.0,1.0,0.0,0.0,0.0,0.0
34,5,4.907865899607852,12.0,0.0,1.0,0.0,0.0,1.0,0.0
35,5,5.972547779639098,1.160364448274345,1.0,0.0,0.0,0.0,1.0,0.0
36,5,0.0,4.110223697241581,0.0,1.0,1.0,0.0,1.0,1.0
37,5,10.945956439843538,11.879694602560711,1.0,0.0,0.0,0.0,1.0,1.0
38,5,0.0,12.0,1.0,0.0,1.0,0.0,1.0,0.0
39,5,11.002848430016954,4.095483957161552,0.0,1.0,1.0,1.0,1.0,1.0
0,10,10.075665085673194,4.9922707110535045,0.0,1.0,0.0,1.0,0.0,1.0
1,10,9.040392907770824,3.1788091641899343,1.0,0.0,1.0,1.0,1.0,1.0
2,10,0.8552564155223171,7.217137352675795,0.0,0.0,0.0,0.0,0.0,0.0
3,10,7.07249444619736,9.129008162871587,0.0,0.0,1.0,0.0,0.0,0.0
4,10,1.856418979681396,10.833335497274051,0.0,0.0,1.0,0.0,1.0,0.0
5,10,11.08255105950861,6.863155215047359,1.0,1.0,0.0,0.0,0.0,0.0
6,10,4.150759857401598,7.903743832712443,1.0,0.0,1.0,0.0,1.0,1.0
7,10,12.0,5.128756417098515,0.0,0.0,0.0,0.0,1.0,0.0
8,10,5.937029890854336,5.013736182292562,0.0,0.0,1.0,1.0,0.0,1.0
9,10,8.869715438488672,0.0,1.0,0.0,0.0,1.0,0.0,0.0
10,10,1.9332951959603475,10.965691915400171,0.0,1.0,1.0,0.0,0.0,0.0
11,10,11.978884328312416,1.925749376249445,0.0,0.0,0.0,0.0,1.0,1.0
12,10,9.184065424155415,8.91086606574789,0.0,0.0,0.0,0.0,0.0,0.0
13,10,4.70695171194974,6.983493034287424,0.0,1.0,0.0,1.0,1.0,0.0
14,10,0.732923195605989,0.0037091428159899,1.0,0.0,0.0,1.0,0.0,0.0
15,10,1.805047181795177,6.078610792930469,0.0,0.0,0.0,0.0,1.0,0.0
16,10,11.024827040279469,11.846244884259766,1.0,0.0,0.0,0.0,1.0,0.0
17,10,8.183780576084901,0.0513356174409655,1.0,0.0,0.0,1.0,0.0,0.0
18,10,2.107863671735264,0.8226147956501982,0.0,0.0,0.0,0.0,0.0,0.0
19,10,3.024947283419186,7.144906069360577,0.0,0.0,1.0,1.0,0.0,0.0
20,10,10.024599830636175,3.844815031188576,0.0,0.0,0.0,0.0,0.0,0.0
21,10,11.808922589694674,8.98988675309429,0.0,0.0,0.0,0.0,1.0,1.0
22,10,7.787961519195258,0.9432069408757074,0.0,0.0,0.0,0.0,0.0,0.0
23,10,6.770830096364145,6.034291463141073,0.0,1.0,1.0,1.0,0.0,1.0
24,10,3.013007595842698,2.1248911563906288,1.0,1.0,1.0,1.0,0.0,0.0
25,10,9.839541031989178,4.166491041943458,0.0,1.0,0.0,0.0,1.0,1.0
26,10,5.059942966214178,1.1267277297068836,0.0,0.0,0.0,1.0,1.0,1.0
27,10,1.9332225386673223,4.040383707495458,0.0,0.0,0.0,1.0,0.0,1.0
28,10,0.0,3.0605241923921773,0.0,0.0,0.0,0.0,0.0,0.0
29,10,5.769624604541431,2.089748637900249,1.0,0.0,0.0,0.0,0.0,0.0
30,10,11.941270038768216,1.8170566939963804,1.0,1.0,0.0,0.0,1.0,1.0
31,10,1.8774555569497555,7.971927674023544,1.0,1.0,1.0,1.0,0.0,0.0
32,10,4.755084411799732,11.036735577127896,0.0,0.0,0.0,1.0,0.0,0.0
33,10,3.0689917902848607,2.1739185520757305,0.0,1.0,0.0,0.0,0.0,0.0
34,10,4.859585335988196,12.0,0.0,1.0,0.0,0.0,1.0,0.0
35,10,5.956239089167637,1.2456117599574918,1.0,0.0,0.0,0.0,1.0,0.0
36,10,0.0,4.182638048669531,0.0,1.0,1.0,0.0,1.0,1.0
37,10,10.9178509985959,11.815109752126036,1.0,0.0,0.0,0.0,1.0,1.0
38,10,0.0,12.0,1.0,0.0,1.0,0.0,1.0,0.0
39,10,11.005682442003344,4.176066454525475,0.0,1.0,1.0,1.0,1.0,1.0
0,15,10.069210638783446,4.992994517766857,0.0,1.0,0.0,1.0,0.0,1.0
1,15,9.060040707340496,3.256364377759145,1.0,0.0,1.0,1.0,1.0,1.0
2,15,0.7980393728730373,7.3016150091354834,0.0,0.0,0.0,0.0,0.0,0.0
3,15,7.091070666295302,9.161497557979928,0.0,0.0,1.0,0.0,0.0,0.0
4,15,1.8072502654093512,10.770321309690818,0.0,0.0,1.0,0.0,1.0,0.0
5,15,11.101634324775356,6.831871360854136,1.0,1.0,0.0,0.0,0.0,0.0
6,15,4.218284813626699,7.860068773334828,1.0,0.0,1.0,0.0,1.0,1.0
7,15,12.0,5.164383953970275,0.0,0.0,0.0,0.0,1.0,0.0
8,15,5.936497889178541,5.013839256593228,0.0,0.0,1.0,1.0,0.0,1.0
9,15,8.818240554384623,0.0,1.0,0.0,0.0,1.0,0.0,0.0
10,15,1.9356768091719956,10.966837723448664,0.0,1.0,1.0,0.0,0.0,0.0
11,15,11.97569371702298,1.9139992003543609,0.0,0.0,0.0,0.0,1.0,1.0
12,15,9.151112216853404,8.845877018798054,0.0,0.0,0.0,0.0,0.0,0.0
13,15,4.609355596218057,6.9763618360887305,0.0,1.0,0.0,1.0,1.0,0.0
14,15,0.6774747712020932,0.0050062297170137,1.0,0.0,0.0,1.0,0.0,0.0
15,15,1.7383871882303925,6.1061808079036535,0.0,0.0,0.0,0.0,1.0,0.0
16,15,11.03311914655527,11.80187887855368,1.0,0.0,0.0,0.0,1.0,0.0
17,15,8.272314333356125,0.0738007736177633,1.0,0.0,0.0,1.0,0.0,0.0
18,15,2.1443359263371304,0.762771712267647,0.0,0.0,0.0,0.0,0.0,0.0
19,15,2.9531400636774747,7.239703590700435,0.0,0.0,1.0,1.0,0.0,0.0
20,15,10.034223181788075,3.78181816218636,0.0,0.0,0.0,0.0,0.0,0.0
21,15,11.73678319885726,8.985347053627939,0.0,0.0,0.0,0.0,1.0,1.0
22,15,7.730803977837279,0.9293658877623412,0.0,0.0,0.0,0.0,0.0,0.0
23,15,6.687981584986347,6.044849277730705,0.0,1.0,1.0,1.0,0.0,1.0
24,15,3.016644007504615,2.1599365752892874,1.0,1.0,1.0,1.0,0.0,0.0
25,15,9.767787381018298,4.236999112032766,0.0,1.0,0.0,0.0,1.0,1.0
26,15,5.084270647707548,1.175927381594262,0.0,0.0,0.0,1.0,1.0,1.0
27,15,1.9208602169174087,4.048372372719731,0.0,0.0,0.0,1.0,0.0,1.0
28,15,0.0,3.086903623304279,0.0,0.0,0.0,0.0,0.0,0.0
29,15,5.677604425799421,2.124672132408225,1.0,0.0,0.0,0.0,0.0,0.0
30,15,11.926706786481876,1.77398702671947,1.0,1.0,0.0,0.0,1.0,1.0
31,15,1.8623112646254516,7.968010089429264,1.0,1.0,1.0,1.0,0.0,0.0
32,15,4.663086295157594,11.050749948992571,0.0,0.0,0.0,1.0,0.0,0.0
33,15,3.0914289850950563,2.231253649535525,0.0,1.0,0.0,0.0,0.0,0.0
34,15,4.816263717749655,12.0,0.0,1.0,0.0,0.0,1.0,0.0
35,15,5.943942460048182,1.314335621534778,1.0,0.0,0.0,0.0,1.0,0.0
36,15,0.0,4.254158737212539,0.0,1.0,1.0,0.0,1.0,1.0
37,15,10.895996101649116,11.759360991970206,1.0,0.0,0.0,0.0,1.0,1.0
38,15,0.0,12.0,1.0,0.0,1.0,0.0,1.0,0.0
39,15,11.008991301366176,4.24902274918147,0.0,1.0,1.0,1.0,1.0,1.0
0,20,10.069559613887192,4.9929599275357965,0.0,1.0,0.0,1.0,0.0,1.0
1,20,9.073797934276678,3.3211137662862087,1.0,0.0,1.0,1.0,1.0,1.0
2,20,0.7383806885788303,7.385988158380124,0.0,0.0,0.0,0.0,0.0,0.0
3,20,7.105627524210137,9.18549238252395,0.0,0.0,1.0,0.0,0.0,0.0
4,20,1.76384971974988,10.712380740598851,0.0,0.0,1.0,0.0,1.0,0.0
5,20,11.11886316458039,6.802884661761855,1.0,1.0,0.0,0.0,0.0,0.0
6,20,4.264269826380881,7.831908187047852,1.0,0.0,1.0,0.0,1.0,1.0
7,20,12.0,5.193951745523847,0.0,0.0,0.0,0.0,1.0,0.0
8,20,5.944519347904356,5.0123112792326845,0.0,0.0,1.0,1.0,0.0,1.0
9,20,8.788431557101454,0.0,1.0,0.0,0.0,1.0,0.0,0.0
10,20,1.9525759902918896,10.974175545952338,0.0,1.0,1.0,0.0,0.0,0.0
11,20,11.975017061594691,1.911662134080774,0.0,0.0,0.0,0.0,1.0,1.0
12,20,9.113350748522013,8.770679909391339,0.0,0.0,0.0,0.0,0.0,0.0
13,20,4.495520130704717,6.968497277012857,0.0,1.0,0.0,1.0,1.0,0.0
14,20,0.6241832703682231,0.0068858969538209,1.0,0.0,0.0,1.0,0.0,0.0
15,20,1.657895128609958,6.13961257354103,0.0,0.0,0.0,0.0,1.0,0.0
16,20,11.042527213011168,11.758857120048283,1.0,0.0,0.0,0.0,1.0,0.0
17,20,8.353212011694945,0.0968010916795778,1.0,0.0,0.0,1.0,0.0,0.0
18,20,2.1834167845032724,0.6975809324316488,0.0,0.0,0.0,0.0,0.0,0.0
19,20,2.8925644574139566,7.316561868703755,0.0,0.0,1.0,1.0,0.0,0.0
20,20,10.046925371163953,3.70226883651837,0.0,0.0,0.0,0.0,0.0,0.0
21,20,11.69377643922186,8.981268430297355,0.0,0.0,0.0,0.0,1.0,1.0
22,20,7.685721629523361,0.9184208861952028,0.0,0.0,0.0,0.0,0.0,0.0
23,20,6.62423421047268,6.053831747076517,0.0,1.0,1.0,1.0,0.0,1.0
24,20,3.0205052525883214,2.2027362885304265,1.0,1.0,1.0,1.0,0.0,0.0
25,20,9.70528162196532,4.3022155953202095,0.0,1.0,0.0,0.0,1.0,1.0
26,20,5.1193932720196,1.2482475912347044,0.0,0.0,0.0,1.0,1.0,1.0
27,20,1.9048816032485287,4.058730446234782,0.0,0.0,0.0,1.0,0.0,1.0
28,20,0.0,3.11883346937608,0.0,0.0,0.0,0.0,0.0,0.0
29,20,5.590361055192032,2.160645363436276,1.0,0.0,0.0,0.0,0.0,0.0
30,20,11.909845823418284,1.7216130703957608,1.0,1.0,0.0,0.0,1.0,1.0
31,20,1.8599859964292087,7.9674231475617,1.0,1.0,1.0,1.0,0.0,0.0
32,20,4.569333169496437,11.066603015185343,0.0,0.0,0.0,1.0,0.0,0.0
33,20,3.118675461202242,2.303229112380348,0.0,1.0,0.0,0.0,0.0,0.0
34,20,4.76386607685638,12.0,0.0,1.0,0.0,0.0,1.0,0.0
35,20,5.932049456229201,1.3891973601945058,1.0,0.0,0.0,0.0,1.0,0.0
36,20,0.0,4.333912597860803,0.0,1.0,1.0,0.0,1.0,1.0
37,20,10.885324155886956,11.73183591515115,1.0,0.0,0.0,0.0,1.0,1.0
38,20,0.0,12.0,1.0,0.0,1.0,0.0,1.0,0.0
39,20,11.014108281623969,4.336040676384719,0.0,1.0,1.0,1.0,1.0,1.0
0,25,10.062545247536407,4.99366465777095,0.0,1.0,0.0,1.0,0.0,1.0
1,25,9.087687655540082,3.392109410069357,1.0,0.0,1.0,1.0,1.0,1.0
2,25,0.6841114227041651,7.465027258413165,0.0,0.0,0.0,0.0,0.0,0.0
3,25,7.114189363926204,9.200423699511395,0.0,0.0,1.0,0.0,0.0,0.0
4,25,1.719595705897693,10.656204141392498,0.0,0.0,1.0,0.0,1.0,0.0
5,25,11.137115581681174,6.772086192994861,1.0,1.0,0.0,0.0,0.0,0.0
6,25,4.298279656366251,7.810825000294645,1.0,0.0,1.0,0.0,1.0,1.0
7,25,12.0,5.237090700032995,0.0,0.0,0.0,0.0,1.0,0.0
8,25,5.967124192560655,5.00824052145718,0.0,0.0,1.0,1.0,0.0,1.0
9,25,8.756758172356193,0.0,1.0,0.0,0.0,1.0,0.0,0.0
10,25,1.9486196921182952,10.9726328026079,0.0,1.0,1.0,0.0,0.0,0.0
11,25,11.977469536260244,1.920252604873685,0.0,0.0,0.0,0.0,1.0,1.0
12,25,9.080682036396718,8.705192130736945,0.0,0.0,0.0,0.0,0.0,0.0
13,25,4.365831590893887,6.959242989157438,0.0,1.0,0.0,1.0,1.0,0.0
14,25,0.5676447650887646,0.0073075933517439,1.0,0.0,0.0,1.0,0.0,0.0
15,25,1.5759581790118724,6.174732112648057,0.0,0.0,0.0,0.0,1.0,0.0
16,25,11.04716478700248,11.734856634732592,1.0,0.0,0.0,0.0,1.0,0.0
17,25,8.430518399694474,0.1190928530734893,1.0,0.0,0.0,1.0,0.0,0.0
18,25,2.218162909931792,0.6390184265331474,0.0,0.0,0.0,0.0,0.0,0.0
19,25,2.842008669784501,7.384437600903783,0.0,0.0,1.0,1.0,0.0,0.0
20,25,10.057572301136371,3.6375677101395065,0.0,0.0,0.0,0.0,0.0,0.0
21,25,11.658998632314423,8.977838507245892,0.0,0.0,0.0,0.0,1.0,1.0
22,25,7.636438875395703,0.9064482185219104,0.0,0.0,0.0,0.0,0.0,0.0
23,25,6.5418715025929774,6.06338305693791,0.0,1.0,1.0,1.0,0.0,1.0
24,25,3.0240385072645943,2.244309602125548,1.0,1.0,1.0,1.0,0.0,0.0
25,25,9.645105856844646,4.367841856336248,0.0,1.0,0.0,0.0,1.0,1.0
26,25,5.149671255046575,1.3132763738414652,0.0,0.0,0.0,1.0,1.0,1.0
27,25,1.8939395426904757,4.065828586856526,0.0,0.0,0.0,1.0,0.0,1.0
28,25,0.0,3.151322401245242,0.0,0.0,0.0,0.0,0.0,0.0
29,25,5.501124136255696,2.197027793174348,1.0,0.0,0.0,0.0,0.0,0.0
30,25,11.89758484875204,1.6790676023131788,1.0,1.0,0.0,0.0,1.0,1.0
31,25,1.8670856897265395,7.969146534697391,1.0,1.0,1.0,1.0,0.0,0.0
32,25,4.492630809820798,11.078945257185552,0.0,0.0,0.0,1.0,0.0,0.0
33,25,3.148492537283585,2.380574855809474,0.0,1.0,0.0,0.0,0.0,0.0
34,25,4.708546730617592,12.0,0.0,1.0,0.0,0.0,1.0,0.0
35,25,5.918791147793474,1.467299642693799,1.0,0.0,0.0,0.0,1.0,0.0
36,25,0.0,4.408318560908243,0.0,1.0,1.0,0.0,1.0,1.0
37,25,10.874525104711102,11.704354297800116,1.0,0.0,0.0,0.0,1.0,1.0
38,25,0.0,12.0,1.0,0.0,1.0,0.0,1.0,0.0
39,25,11.02034601113266,4.428001776719704,0.0,1.0,1.0,1.0,1.0,1.0
0,30,10.064799352321153,4.993375700910545,0.0,1.0,0.0,1.0,0.0,1.0
1,30,9.101456644676416,3.4664389221730736,1.0,0.0,1.0,1.0,1.0,1.0
2,30,0.6371244204676623,7.533318556301197,0.0,0.0,0.0,0.0,0.0,0.0
3,30,7.121339948424537,9.21245217228674,0.0,0.0,1.0,0.0,0.0,0.0
4,30,1.6686373151335656,10.594696050326691,0.0,0.0,1.0,0.0,1.0,0.0
5,30,11.16525441090594,6.725196080407687,1.0,1.0,0.0,0.0,0.0,0.0
6,30,4.325727849340351,7.792979228837838,1.0,0.0,1.0,0.0,1.0,1.0
7,30,12.0,5.27556334043359,0.0,0.0,0.0,0.0,1.0,0.0
8,30,6.016977802388981,4.998755094973316,0.0,0.0,1.0,1.0,0.0,1.0
9,30,8.718643533230045,0.0,1.0,0.0,0.0,1.0,0.0,0.0
10,30,1.95878215315354,10.976359543607035,0.0,1.0,1.0,0.0,0.0,0.0
11,30,11.975627458072582,1.9140476792354493,0.0,0.0,0.0,0.0,1.0,1.0
12,30,9.051002762913114,8.644859587912647,0.0,0.0,0.0,0.0,0.0,0.0
13,30,4.255548860834393,6.957055799505556,0.0,1.0,0.0,1.0,1.0,0.0
14,30,0.5241446908595715,0.0074238284979065,1.0,0.0,0.0,1.0,0.0,0.0
15,30,1.5026307717608074,6.206868688877272,0.0,0.0,0.0,0.0,1.0,0.0
16,30,11.050646260992805,11.717544805888528,1.0,0.0,0.0,0.0,1.0,0.0
17,30,8.491400345465207,0.1389133457409472,1.0,0.0,0.0,1.0,0.0,0.0
18,30,2.254609325454553,0.5822303189152133,0.0,0.0,0.0,0.0,0.0,0.0
19,30,2.790072424361118,7.454928643413229,0.0,0.0,1.0,1.0,0.0,0.0
20,30,10.06879245468313,3.56925766419802,0.0,0.0,0.0,0.0,0.0,0.0
21,30,11.632208985734144,8.97431831594066,0.0,0.0,0.0,0.0,1.0,1.0
22,30,7.563205197697374,0.8879159484667738,0.0,0.0,0.0,0.0,0.0,0.0
23,30,6.4580616959400095,6.073100128246328,0.0,1.0,1.0,1.0,0.0,1.0
24,30,3.029365681168632,2.2996679155417565,1.0,1.0,1.0,1.0,0.0,0.0
25,30,9.579727722767371,4.437319457256981,0.0,1.0,0.0,0.0,1.0,1.0
26,30,5.175159932386009,1.3689126595635663,0.0,0.0,0.0,1.0,1.0,1.0
27,30,1.8775915058128292,4.076741382059589,0.0,0.0,0.0,1.0,0.0,1.0
28,30,0.0,3.1940047962037337,0.0,0.0,0.0,0.0,0.0,0.0
29,30,5.418677520437641,2.229636657498048,1.0,0.0,0.0,0.0,0.0,0.0
30,30,11.88208953315104,1.6281991784979015,1.0,1.0,0.0,0.0,1.0,1.0
31,30,1.885806797847595,7.972897289608793,1.0,1.0,1.0,1.0,0.0,0.0
32,30,4.426794306088063,11.087868912096242,0.0,0.0,0.0,1.0,0.0,0.0
33,30,3.178165464098655,2.459266592144192,0.0,1.0,0.0,0.0,0.0,0.0
34,30,4.641279235124918,12.0,0.0,1.0,0.0,0.0,1.0,0.0
35,30,5.9025664344273725,1.5684118046115585,1.0,0.0,0.0,0.0,1.0,0.0
36,30,0.0,4.4906955335358685,0.0,1.0,1.0,0.0,1.0,1.0
37,30,10.863444579846265,11.675623423836264,1.0,0.0,0.0,0.0,1.0,1.0
38,30,0.0,12.0,1.0,0.0,1.0,0.0,1.0,0.0
39,30,11.027329464441666,4.535809152577454,0.0,1.0,1.0,1.0,1.0,1.0
0,35,10.064336168847811,4.993435066462171,0.0,1.0,0.0,1.0,0.0,1.0
1,35,9.111698748430047,3.525418310978037,1.0,0.0,1.0,1.0,1.0,1.0
2,35,0.6058099203064751,7.580073186341041,0.0,0.0,0.0,0.0,0.0,0.0
3,35,7.1148309015376805,9.201923711538292,0.0,0.0,1.0,0.0,0.0,0.0
4,35,1.6246066649472797,10.540380269718073,0.0,0.0,1.0,0.0,1.0,0.0
5,35,11.19564007827642,6.669985634533719,1.0,1.0,0.0,0.0,0.0,0.0
6,35,4.380068930579952,7.759901528880159,1.0,0.0,1.0,0.0,1.0,1.0
7,35,12.0,5.318945956465308,0.0,0.0,0.0,0.0,1.0,0.0
8,35,6.063825928349952,4.991094905039384,0.0,0.0,1.0,1.0,0.0,1.0
9,35,8.676792780648825,0.0,1.0,0.0,0.0,1.0,0.0,0.0
10,35,1.9443201477487968,10.97087011845213,0.0,1.0,1.0,0.0,0.0,0.0
11,35,11.976248943516232,1.9162679992947853,0.0,0.0,0.0,0.0,1.0,1.0
12,35,9.02172629055464,8.586670535511523,0.0,0.0,0.0,0.0,0.0,0.0
13,35,4.138176998367541,6.954681071400737,0.0,1.0,0.0,1.0,1.0,0.0
14,35,0.4575344646488254,0.0059613249230474,1.0,0.0,0.0,1.0,0.0,0.0
15,35,1.422225693321595,6.241981184717014,0.0,0.0,0.0,0.0,1.0,0.0
16,35,11.057684445056331,11.686730675076852,1.0,0.0,0.0,0.0,1.0,0.0
17,35,8.536245820033294,0.1544121951029342,1.0,0.0,0.0,1.0,0.0,0.0
18,35,2.287515170389017,0.5332691011972951,0.0,0.0,0.0,0.0,0.0,0.0
19,35,2.7298452383658924,7.533296889299183,0.0,0.0,1.0,1.0,0.0,0.0
20,35,10.078759089577368,3.520081554864392,0.0,0.0,0.0,0.0,0.0,0.0
21,35,11.627494710139718,8.973801831157873,0.0,0.0,0.0,0.0,1.0,1.0
22,35,7.4798036965807695,0.8704164761671526,0.0,0.0,0.0,0.0,0.0,0.0
23,35,6.395112357474597,6.081109823456896,0.0,1.0,1.0,1.0,0.0,1.0
24,35,3.0328312429553645,2.340377041949066,1.0,1.0,1.0,1.0,0.0,0.0
25,35,9.507043521746857,4.512890635901584,0.0,1.0,0.0,0.0,1.0,1.0
26,35,5.198712524920219,1.4212317656165312,0.0,0.0,0.0,1.0,1.0,1.0
27,35,1.8686861274771391,4.082422114480266,0.0,0.0,0.0,1.0,0.0,1.0
28,35,0.0,3.2426248693681448,0.0,0.0,0.0,0.0,0.0,0.0
29,35,5.3255450038457495,2.2662096095951862,1.0,0.0,0.0,0.0,0.0,0.0
30,35,11.865735460689942,1.5757113953212467,1.0,1.0,0.0,0.0,1.0,1.0
31,35,1.8907334028010097,7.973922073499213,1.0,1.0,1.0,1.0,0.0,0.0
32,35,4.35731774885868,11.09894029156172,0.0,0.0,0.0,1.0,0.0,0.0
33,35,3.105556193170467,2.4857448576189274,0.0,1.0,0.0,0.0,0.0,0.0
34,35,4.580445138247793,12.0,0.0,1.0,0.0,0.0,1.0,0.0
35,35,5.885416088289574,1.6947154738459218,1.0,0.0,0.0,0.0,1.0,0.0
36,35,0.0,4.569813520471822,0.0,1.0,1.0,0.0,1.0,1.0
37,35,10.85156791161596,11.641854334457696,1.0,0.0,0.0,0.0,1.0,1.0
38,35,0.0,12.0,1.0,0.0,1.0,0.0,1.0,0.0
39,35,11.034890537768682,4.660279082028579,0.0,1.0,1.0,1.0,1.0,1.0
0,40,10.044968951541238,4.996138707109817,0.0,1.0,0.0,1.0,0.0,1.0
1,40,9.121316356430192,3.5834315129640126,1.0,0.0,1.0,1.0,1.0,1.0
2,40,0.5605933576051154,7.648994244708328,0.0,0.0,0.0,0.0,0.0,0.0
3,40,7.101603229497425,9.18079627917305,0.0,0.0,1.0,0.0,0.0,0.0
4,40,1.584909084784381,10.492937976892692,0.0,0.0,1.0,0.0,1.0,0.0
5,40,11.2175333187678,6.630206370854608,1.0,1.0,0.0,0.0,0.0,0.0
6,40,4.460522844980247,7.710301874021109,1.0,0.0,1.0,0.0,1.0,1.0
7,40,12.0,5.360512490004715,0.0,0.0,0.0,0.0,1.0,0.0
8,40,6.121161992315189,4.982660824510701,0.0,0.0,1.0,1.0,0.0,1.0
9,40,8.623831577369996,0.0,1.0,0.0,0.0,1.0,0.0,0.0
10,40,1.92637735932646,10.964245086345503,0.0,1.0,1.0,0.0,0.0,0.0
11,40,11.972248375290237,1.9009324830949703,0.0,0.0,0.0,0.0,1.0,1.0
12,40,8.987000149947137,8.518842770283475,0.0,0.0,0.0,0.0,0.0,0.0
13,40,4.045045424851178,6.953450343669671,0.0,1.0,0.0,1.0,1.0,0.0
14,40,0.3963477086495006,0.0054497662116678,1.0,0.0,0.0,1.0,0.0,0.0
15,40,1.3521613585210022,6.270906293798301,0.0,0.0,0.0,0.0,1.0,0.0
16,40,11.061559561181044,11.667280676587106,1.0,0.0,0.0,0.0,1.0,0.0
17,40,8.552359755689016,0.1602009861226136,1.0,0.0,0.0,1.0,0.0,0.0
18,40,2.328833563447395,0.4707068611349507,0.0,0.0,0.0,0.0,0.0,0.0
19,40,2.661053082025454,7.624154503983338,0.0,0.0,1.0,1.0,0.0,0.0
20,40,10.087441563222002,3.48151743112814,0.0,0.0,0.0,0.0,0.0,0.0
21,40,11.624335976639768,8.973533693137076,0.0,0.0,0.0,0.0,1.0,1.0
22,40,7.374939197095935,0.8476561964352433,0.0,0.0,0.0,0.0,0.0,0.0
23,40,6.336891535242846,6.089138694886728,0.0,1.0,1.0,1.0,0.0,1.0
24,40,3.0733086593348773,2.335929372734256,1.0,1.0,1.0,1.0,0.0,0.0
25,40,9.445098473312344,4.577032301698663,0.0,1.0,0.0,0.0,1.0,1.0
26,40,5.216391005125078,1.4613717462773503,0.0,0.0,0.0,1.0,1.0,1.0
27,40,1.873649677968561,4.090519000408952,0.0,0.0,0.0,1.0,0.0,1.0
28,40,0.0,3.2874536194749107,0.0,0.0,0.0,0.0,0.0,0.0
29,40,5.232197944241703,2.301028182067629,1.0,0.0,0.0,0.0,0.0,0.0
30,40,11.84389040796081,1.506009916137247,1.0,1.0,0.0,0.0,1.0,1.0
31,40,1.889832751494195,7.973746341436476,1.0,1.0,1.0,1.0,0.0,0.0
32,40,4.267591541273824,11.112964295583108,0.0,0.0,0.0,1.0,0.0,0.0
33,40,3.0393969267592627,2.5110909583371988,0.0,1.0,0.0,0.0,0.0,0.0
34,40,4.525092603920382,12.0,0.0,1.0,0.0,0.0,1.0,0.0
35,40,5.865836930883139,1.8247139407931692,1.0,0.0,0.0,0.0,1.0,0.0
36,40,0.0,4.631611114105503,0.0,1.0,1.0,0.0,1.0,1.0
37,40,10.837564519012364,11.602289400501917,1.0,0.0,0.0,0.0,1.0,1.0
38,40,0.0,12.0,1.0,0.0,1.0,0.0,1.0,0.0
39,40,11.041565603478672,4.771255559757677,0.0,1.0,1.0,1.0,1.0,1.0
0,45,10.0305091302668,4.998156184283995,0.0,1.0,0.0,1.0,0.0,1.0
1,45,9.130102195170648,3.644881673922575,1.0,0.0,1.0,1.0,1.0,1.0
2,45,0.5248094572946809,7.705897208157637,0.0,0.0,0.0,0.0,0.0,0.0
3,45,7.0977251403335,9.174582006338104,0.0,0.0,1.0,0.0,0.0,0.0
4,45,1.5497560399497332,10.450816113143905,0.0,0.0,1.0,0.0,1.0,0.0
5,45,11.252168837324282,6.564096626187388,1.0,1.0,0.0,0.0,0.0,0.0
6,45,4.547537743729497,7.659449737089543,1.0,0.0,1.0,0.0,1.0,1.0
7,45,12.0,5.405548493372672,0.0,0.0,0.0,0.0,1.0,0.0
8,45,6.177335915103758,4.975178630687825,0.0,0.0,1.0,1.0,0.0,1.0
9,45,8.55839376245883,0.0,1.0,0.0,0.0,1.0,0.0,0.0
10,45,1.901152999379196,10.955991227869193,0.0,1.0,1.0,0.0,0.0,0.0
11,45,11.968648830608986,1.8880304331337423,0.0,0.0,0.0,0.0,1.0,1.0
12,45,8.94675206507742,8.438769840530092,0.0,0.0,0.0,0.0,0.0,0.0
13,45,3.938724509477815,6.951913293492245,0.0,1.0,0.0,1.0,1.0,0.0
14,45,0.3423676722687706,0.0047580765571266,1.0,0.0,0.0,1.0,0.0,0.0
15,45,1.26731282294734,6.305270678020452,0.0,0.0,0.0,0.0,1.0,0.0
16,45,11.06382270142282,11.657386528154998,1.0,0.0,0.0,0.0,1.0,0.0
17,45,8.557522426542704,0.1620645141160618,1.0,0.0,0.0,1.0,0.0,0.0
18,45,2.376380032894797,0.4037466304888478,0.0,0.0,0.0,0.0,0.0,0.0
19,45,2.6009212895821503,7.705988804826845,0.0,0.0,1.0,1.0,0.0,0.0
20,45,10.098572928708313,3.4328640540166533,0.0,0.0,0.0,0.0,0.0,0.0
21,45,11.620980241867008,8.97314017955808,0.0,0.0,0.0,0.0,1.0,1.0
22,45,7.269650943508335,0.8246400925053472,0.0,0.0,0.0,0.0,0.0,0.0
23,45,6.277311373417704,6.097165758388853,0.0,1.0,1.0,1.0,0.0,1.0
24,45,3.117275216154897,2.3310521956076724,1.0,1.0,1.0,1.0,0.0,0.0
25,45,9.37380073068377,4.648712761795058,0.0,1.0,0.0,0.0,1.0,1.0
26,45,5.222720292099914,1.4756142873469529,0.0,0.0,0.0,1.0,1.0,1.0
27,45,1.8736330594692785,4.0904930891096205,0.0,0.0,0.0,1.0,0.0,1.0
28,45,0.0,3.3280128379546383,0.0,0.0,0.0,0.0,0.0,0.0
29,45,5.1301805521595085,2.3345183598573422,1.0,0.0,0.0,0.0,0.0,0.0
30,45,11.823088038363649,1.4448022537438756,1.0,1.0,0.0,0.0,1.0,1.0
31,45,1.888663546947968,7.973534827643096,1.0,1.0,1.0,1.0,0.0,0.0
32,45,4.181946949545996,11.12641749303816,0.0,0.0,0.0,1.0,0.0,0.0
33,45,2.9570751477368744,2.5441947119527835,0.0,1.0,0.0,0.0,0.0,0.0
34,45,4.466756954792219,12.0,0.0,1.0,0.0,0.0,1.0,0.0
35,45,5.843495801274547,1.957688619802951,1.0,0.0,0.0,0.0,1.0,0.0
36,45,0.0,4.711795460713156,0.0,1.0,1.0,0.0,1.0,1.0
37,45,10.822347112918754,11.557695701048312,1.0,0.0,0.0,0.0,1.0,1.0
38,45,0.0008364889115087,11.996660678740277,1.0,0.0,1.0,0.0,1.0,0.0
39,45,11.050695690255637,4.896247927933231,0.0,1.0,1.0,1.0,1.0,1.0
0,50,10.026098924835162,4.99876364040862,0.0,1.0,0.0,1.0,0.0,1.0
1,50,9.140763301525432,3.716004413461798,1.0,0.0,1.0,1.0,1.0,1.0
2,50,0.4978749259917706,7.748582021333629,0.0,0.0,0.0,0.0,0.0,0.0
3,50,7.094716623803429,9.169659930989106,0.0,0.0,1.0,0.0,0.0,0.0
4,50,1.522774762398733,10.420309534292018,0.0,0.0,1.0,0.0,1.0,0.0
5,50,11.285136059683856,6.5027797606833415,1.0,1.0,0.0,0.0,0.0,0.0
6,50,4.659501784670785,7.596558303038463,1.0,0.0,1.0,0.0,1.0,1.0
7,50,12.0,5.439546428930189,0.0,0.0,0.0,0.0,1.0,0.0
8,50,6.240589087202532,4.965039677314747,0.0,0.0,1.0,1.0,0.0,1.0
9,50,8.502728212462195,0.0,1.0,0.0,0.0,1.0,0.0,0.0
10,50,1.8731540095608308,10.94652929295567,0.0,1.0,1.0,0.0,0.0,0.0
11,50,11.9682276851047,1.886570399318896,0.0,0.0,0.0,0.0,1.0,1.0
12,50,8.901968242570698,8.354968402896864,0.0,0.0,0.0,0.0,0.0,0.0
13,50,3.815835452240762,6.95039076873236,0.0,1.0,0.0,1.0,1.0,0.0
14,50,0.2860554856191626,0.004466838410028,1.0,0.0,0.0,1.0,0.0,0.0
15,50,1.1608737492458503,6.348181419082702,0.0,0.0,0.0,0.0,1.0,0.0
16,50,11.0678024458632,11.639901174460372,1.0,0.0,0.0,0.0,1.0,0.0
17,50,8.563175822157143,0.1642506594157256,1.0,0.0,0.0,1.0,0.0,0.0
18,50,2.4220516434621358,0.3448427435953701,0.0,0.0,0.0,0.0,0.0,0.0
19,50,2.536909201974027,7.79451076047961,0.0,0.0,1.0,1.0,0.0,0.0
20,50,10.111152685205662,3.3749201616378173,0.0,0.0,0.0,0.0,0.0,0.0
21,50,11.616684657380825,8.972564192999668,0.0,0.0,0.0,0.0,1.0,1.0
22,50,7.152880521023547,0.8028935039939245,0.0,0.0,0.0,0.0,0.0,0.0
23,50,6.233558278342256,6.103838503820601,0.0,1.0,1.0,1.0,0.0,1.0
24,50,3.172614386615238,2.324005532729184,1.0,1.0,1.0,1.0,0.0,0.0
25,50,9.30193881914751,4.7213588824843855,0.0,1.0,0.0,0.0,1.0,1.0
26,50,5.225795534370813,1.4828152881071572,0.0,0.0,0.0,1.0,1.0,1.0
27,50,1.8769835924968443,4.095521515310447,0.0,0.0,0.0,1.0,0.0,1.0
28,50,0.0,3.363131380111663,0.0,0.0,0.0,0.0,0.0,0.0
29,50,5.014585858111382,2.368296236260262,1.0,0.0,0.0,0.0,0.0,0.0
30,50,11.794540060523891,1.3615754634545811,1.0,1.0,0.0,0.0,1.0,1.0
31,50,1.8694325828077965,7.969740137984899,1.0,1.0,1.0,1.0,0.0,0.0
32,50,4.121269639129002,11.136476227702367,0.0,0.0,0.0,1.0,0.0,0.0
33,50,2.870241523184462,2.5787331258076454,0.0,1.0,0.0,0.0,0.0,0.0
34,50,4.40244229003408,12.0,0.0,1.0,0.0,0.0,1.0,0.0
35,50,5.822437594050345,2.082443877456692,1.0,0.0,0.0,0.0,1.0,0.0
36,50,0.0,4.777276481953487,0.0,1.0,1.0,0.0,1.0,1.0
37,50,10.800448907498843,11.492752587750685,1.0,0.0,0.0,0.0,1.0,1.0
38,50,0.0030185547342385,11.987725140228273,1.0,0.0,1.0,0.0,1.0,0.0
39,50,11.059020857559062,4.994468276886118,0.0,1.0,1.0,1.0,1.0,1.0
0,55,10.012747815511297,5.000598387651131,0.0,1.0,0.0,1.0,0.0,1.0
1,55,9.150295346628733,3.787182828377662,1.0,0.0,1.0,1.0,1.0,1.0
2,55,0.4778880901067404,7.783439113763476,0.0,0.0,0.0,0.0,0.0,0.0
3,55,7.10515769438554,9.186706203355032,0.0,0.0,1.0,0.0,0.0,0.0
4,55,1.4809288336469588,10.374366993409732,0.0,0.0,1.0,0.0,1.0,0.0
5,55,11.310811861360198,6.454530718905526,1.0,1.0,0.0,0.0,0.0,0.0
6,55,4.768991030538619,7.534459733862873,1.0,0.0,1.0,0.0,1.0,1.0
7,55,12.0,5.466248173823652,0.0,0.0,0.0,0.0,1.0,0.0
8,55,6.316398533593396,4.9506855606272975,0.0,0.0,1.0,1.0,0.0,1.0
9,55,8.44851894624557,0.0,1.0,0.0,0.0,1.0,0.0,0.0
10,55,1.8453153122556416,10.937519577166574,0.0,1.0,1.0,0.0,0.0,0.0
11,55,11.97034097503611,1.8941931180225555,0.0,0.0,0.0,0.0,1.0,1.0
12,55,8.858133683588383,8.274031815869357,0.0,0.0,0.0,0.0,0.0,0.0
13,55,3.696053503328207,6.948203979425482,0.0,1.0,0.0,1.0,1.0,0.0
14,55,0.2174453944333241,0.0043240518418697,1.0,0.0,0.0,1.0,0.0,0.0
15,55,1.0683295388687912,6.384338020545036,0.0,0.0,0.0,0.0,1.0,0.0
16,55,11.074221992778128,11.613459444429092,1.0,0.0,0.0,0.0,1.0,0.0
17,55,8.575074457990668,0.1686176128043195,1.0,0.0,0.0,1.0,0.0,0.0
18,55,2.4798984491026546,0.2708519254999686,0.0,0.0,0.0,0.0,0.0,0.0
19,55,2.475553605659779,7.87840439201964,0.0,0.0,1.0,1.0,0.0,0.0
20,55,10.16411227119326,3.386186934145537,0.0,0.0,0.0,0.0,0.0,0.0
21,55,11.605845685011458,8.97144823284418,0.0,0.0,0.0,0.0,1.0,1.0
22,55,7.01863946117243,0.7803330174412071,0.0,0.0,0.0,0.0,0.0,0.0
23,55,6.171434106093717,6.113255156121555,0.0,1.0,1.0,1.0,0.0,1.0
24,55,3.2236821602978103,2.3178596195885883,1.0,1.0,1.0,1.0,0.0,0.0
25,55,9.235895237081332,4.786387408774045,0.0,1.0,0.0,0.0,1.0,1.0
26,55,5.224681214883993,1.4804724668971772,0.0,0.0,0.0,1.0,1.0,1.0
27,55,1.871761658020091,4.0880378651093645,0.0,0.0,0.0,1.0,0.0,1.0
28,55,0.0,3.3970780657324653,0.0,0.0,0.0,0.0,0.0,0.0
29,55,4.899264007671874,2.4042858996796395,1.0,0.0,0.0,0.0,0.0,0.0
30,55,11.762208802999966,1.263266972574329,1.0,1.0,0.0,0.0,1.0,1.0
31,55,1.8424579153261185,7.964358029143165,1.0,1.0,1.0,1.0,0.0,0.0
32,55,4.073856111211351,11.143997726710388,0.0,0.0,0.0,1.0,0.0,0.0
33,55,2.790321228868602,2.613424106268325,0.0,1.0,0.0,0.0,0.0,0.0
34,55,4.355814903317717,12.0,0.0,1.0,0.0,0.0,1.0,0.0
35,55,5.802576238045543,2.209263647910966,1.0,0.0,0.0,0.0,1.0,0.0
36,55,0.072440674280048,4.795758637724478,0.0,1.0,1.0,0.0,1.0,1.0
37,55,10.777613102218108,11.422024893053097,1.0,0.0,0.0,0.0,1.0,1.0
38,55,0.01081484339152,11.955059182060154,1.0,0.0,1.0,0.0,1.0,0.0
39,55,11.064758751303756,5.099908394559834,0.0,1.0,1.0,1.0,1.0,1.0
0,60,9.99836486754658,5.002821320155638,0.0,1.0,0.0,1.0,0.0,1.0
1,60,9.158006788136136,3.848695204498079,1.0,0.0,1.0,1.0,1.0,1.0
2,60,0.4539031933840501,7.825298710696707,0.0,0.0,0.0,0.0,0.0,0.0
3,60,7.124023326233937,9.21812877111848,0.0,0.0,1.0,0.0,0.0,0.0
4,60,1.4148293965711425,10.301367750315915,0.0,0.0,1.0,0.0,1.0,0.0
5,60,11.341015650177251,6.398065576530367,1.0,1.0,0.0,0.0,0.0,0.0
6,60,4.88772015951435,7.467876317916644,1.0,0.0,1.0,0.0,1.0,1.0
7,60,12.0,5.492892645072947,0.0,0.0,0.0,0.0,1.0,0.0
8,60,6.403605406372973,4.936932652538349,0.0,0.0,1.0,1.0,0.0,1.0
9,60,8.388533984472593,0.0,1.0,0.0,0.0,1.0,0.0,0.0
10,60,1.832151214143715,10.933371694285226,0.0,1.0,1.0,0.0,0.0,0.0
11,60,11.983372033966262,1.9360511498884243,0.0,0.0,0.0,0.0,1.0,1.0
12,60,8.81687683209262,8.200012708472395,0.0,0.0,0.0,0.0,0.0,0.0
13,60,3.5737529436022832,6.943117861473405,0.0,1.0,0.0,1.0,1.0,0.0
14,60,0.1462125656659071,0.0046234435367461,1.0,0.0,0.0,1.0,0.0,0.0
15,60,0.9824350628931529,6.417600346700429,0.0,0.0,0.0,0.0,1.0,0.0
16,60,11.08611343335262,11.56832741114135,1.0,0.0,0.0,0.0,1.0,0.0
17,60,8.57020683507422,0.1667457348450609,1.0,0.0,0.0,1.0,0.0,0.0
18,60,2.537389140535876,0.1962231086327535,0.0,0.0,0.0,0.0,0.0,0.0
19,60,2.418312726939766,7.957668004529664,0.0,0.0,1.0,1.0,0.0,0.0
20,60,10.20998159770512,3.3975440244004487,0.0,0.0,0.0,0.0,0.0,0.0
21,60,11.587287442444111,8.968791833324435,0.0,0.0,0.0,0.0,1.0,1.0
22,60,6.885546973217028,0.7581523343613449,0.0,0.0,0.0,0.0,0.0,0.0
23,60,6.105624375814786,6.122475104022975,0.0,1.0,1.0,1.0,0.0,1.0
24,60,3.2712666663824272,2.3114215938980696,1.0,1.0,1.0,1.0,0.0,0.0
25,60,9.168422744873231,4.849362994295695,0.0,1.0,0.0,0.0,1.0,1.0
26,60,5.227315379017842,1.4858984500652408,0.0,0.0,0.0,1.0,1.0,1.0
27,60,1.880291212722579,4.100240754786631,0.0,0.0,0.0,1.0,0.0,1.0
28,60,0.0,3.4292552190802605,0.0,0.0,0.0,0.0,0.0,0.0
29,60,4.785495917558364,2.4463646278992983,1.0,0.0,0.0,0.0,0.0,0.0
30,60,11.734052368314345,1.1772848343797189,1.0,1.0,0.0,0.0,1.0,1.0
31,60,1.7938542010537533,7.954685267514054,1.0,1.0,1.0,1.0,0.0,0.0
32,60,4.018932406973472,11.152848409099848,0.0,0.0,0.0,1.0,0.0,0.0
33,60,2.726874621799332,2.639084408408422,0.0,1.0,0.0,0.0,0.0,0.0
34,60,4.325270584020858,12.0,0.0,1.0,0.0,0.0,1.0,0.0
35,60,5.786175099651631,2.330653416952984,1.0,0.0,0.0,0.0,1.0,0.0
36,60,0.1388183323035721,4.815565944980533,0.0,1.0,1.0,0.0,1.0,1.0
37,60,10.751367582477592,11.345084494144322,1.0,0.0,0.0,0.0,1.0,1.0
38,60,0.0210272013263788,11.90842683873042,1.0,0.0,1.0,0.0,1.0,0.0
39,60,11.07087859134433,5.193442723830195,0.0,1.0,1.0,1.0,1.0,1.0
0,65,9.998751535858782,5.002764370323548,0.0,1.0,0.0,1.0,0.0,1.0
1,65,9.163969345896678,3.90569548213324,1.0,0.0,1.0,1.0,1.0,1.0
2,65,0.4267406620452059,7.874987884215828,0.0,0.0,0.0,0.0,0.0,0.0
3,65,7.147442008330777,9.257049331493484,0.0,0.0,1.0,0.0,0.0,0.0
4,65,1.3597849943569096,10.236187949377744,0.0,0.0,1.0,0.0,1.0,0.0
5,65,11.380820468271088,6.329662395787142,1.0,1.0,0.0,0.0,0.0,0.0
6,65,5.009474574536728,7.390551150314661,1.0,0.0,1.0,0.0,1.0,1.0
7,65,12.0,5.532253916413264,0.0,0.0,0.0,0.0,1.0,0.0
8,65,6.501208877010126,4.923534461232287,0.0,0.0,1.0,1.0,0.0,1.0
9,65,8.338480908242943,0.0,1.0,0.0,0.0,1.0,0.0,0.0
10,65,1.8086988092710865,10.926225959971244,0.0,1.0,1.0,0.0,0.0,0.0
11,65,11.997188203751543,1.983415980726241,0.0,0.0,0.0,0.0,1.0,1.0
12,65,8.780728760482736,8.137331723547218,0.0,0.0,0.0,0.0,0.0,0.0
13,65,3.4302806399048325,6.93659017894729,0.0,1.0,0.0,1.0,1.0,0.0
14,65,0.0750426567000666,0.0059403535397683,1.0,0.0,0.0,1.0,0.0,0.0
15,65,0.8822856675258447,6.454531690564329,0.0,0.0,0.0,0.0,1.0,0.0
16,65,11.102337772656572,11.50911443183139,1.0,0.0,0.0,0.0,1.0,0.0
17,65,8.545914096419898,0.1569949663760294,1.0,0.0,0.0,1.0,0.0,0.0
18,65,2.6061961580405195,0.1108829828753615,0.0,0.0,0.0,0.0,0.0,0.0
19,65,2.3496869366953503,8.057261362149621,0.0,0.0,1.0,1.0,0.0,0.0
20,65,10.295073884992174,3.419801178081245,0.0,0.0,0.0,0.0,0.0,0.0
21,65,11.572364788264922,8.966451440602373,0.0,0.0,0.0,0.0,1.0,1.0
22,65,6.766741498776328,0.7411736637002583,0.0,0.0,0.0,0.0,0.0,0.0
23,65,6.009784936424669,6.135436175236985,0.0,1.0,1.0,1.0,0.0,1.0
24,65,3.3207010606106,2.303892595291373,1.0,1.0,1.0,1.0,0.0,0.0
25,65,9.09173330516374,4.918192350757079,0.0,1.0,0.0,0.0,1.0,1.0
26,65,5.22893237071049,1.4893233406554671,0.0,0.0,0.0,1.0,1.0,1.0
27,65,1.875905579194017,4.093958756719093,0.0,0.0,0.0,1.0,0.0,1.0
28,65,0.0,3.463299052323081,0.0,0.0,0.0,0.0,0.0,0.0
29,65,4.651415148085526,2.4961969867871305,1.0,0.0,0.0,0.0,0.0,0.0
30,65,11.706961517662275,1.088361047595704,1.0,1.0,0.0,0.0,1.0,1.0
31,65,1.73578834536178,7.943474662345764,1.0,1.0,1.0,1.0,0.0,0.0
32,65,3.962351899571356,11.160763785406925,0.0,0.0,0.0,1.0,0.0,0.0
33,65,2.670301510983965,2.6613753261474584,0.0,1.0,0.0,0.0,0.0,0.0
34,65,4.292611119002206,12.0,0.0,1.0,0.0,0.0,1.0,0.0
35,65,5.769619138743551,2.444285143433901,1.0,0.0,0.0,0.0,1.0,0.0
36,65,0.2213443280893725,4.838729500856794,0.0,1.0,1.0,0.0,1.0,1.0
37,65,10.72492271985051,11.268942855006983,1.0,0.0,0.0,0.0,1.0,1.0
38,65,0.029085654916789,11.864788285294178,1.0,0.0,1.0,0.0,1.0,0.0
39,65,11.076192094731311,5.286752017943681,0.0,1.0,1.0,1.0,1.0,1.0
0,70,9.994010289152529,5.003570967278738,0.0,1.0,0.0,1.0,0.0,1.0
1,70,9.170403002787568,3.973584038662704,1.0,0.0,1.0,1.0,1.0,1.0
2,70,0.4029285512948226,7.915679802364573,0.0,0.0,0.0,0.0,0.0,0.0
3,70,7.1652531998158455,9.285997520439771,0.0,0.0,1.0,0.0,0.0,0.0
4,70,1.2937928658483773,10.159512533226358,0.0,0.0,1.0,0.0,1.0,0.0
5,70,11.42983411966779,6.245810389956302,1.0,1.0,0.0,0.0,0.0,0.0
6,70,5.114983488068066,7.320457711151361,1.0,0.0,1.0,0.0,1.0,1.0
7,70,12.0,5.587594389423661,0.0,0.0,0.0,0.0,1.0,0.0
8,70,6.576525012887389,4.91422907202752,0.0,0.0,1.0,1.0,0.0,1.0
9,70,8.27736168625863,0.0,1.0,0.0,0.0,1.0,0.0,0.0
10,70,1.8015887713002217,10.924114796676813,0.0,1.0,1.0,0.0,0.0,0.0
11,70,12.0,2.026447047003724,0.0,0.0,0.0,0.0,1.0,1.0
12,70,8.738017032536877,8.064763855776915,0.0,0.0,0.0,0.0,0.0,0.0
13,70,3.280818035278302,6.92912154836975,0.0,1.0,0.0,1.0,1.0,0.0
14,70,0.0,0.0070185194846643,1.0,0.0,0.0,1.0,0.0,0.0
15,70,0.779983524736305,6.492904773971003,0.0,0.0,0.0,0.0,1.0,0.0
16,70,11.116006477481625,11.454331896108396,1.0,0.0,0.0,0.0,1.0,0.0
17,70,8.53458792913262,0.1526125694207846,1.0,0.0,0.0,1.0,0.0,0.0
18,70,2.676253128514808,0.0212375256807714,0.0,0.0,0.0,0.0,0.0,0.0
19,70,2.26985348673276,8.171967325825387,0.0,0.0,1.0,1.0,0.0,0.0
20,70,10.37802993464187,3.441633042778931,0.0,0.0,0.0,0.0,0.0,0.0
21,70,11.538886994954623,8.961305637370863,0.0,0.0,0.0,0.0,1.0,1.0
22,70,6.662006024249078,0.7234256967794047,0.0,0.0,0.0,0.0,0.0,0.0
23,70,5.892940709040489,6.150575148740034,0.0,1.0,1.0,1.0,0.0,1.0
24,70,3.3857547440867046,2.293996916100982,1.0,1.0,1.0,1.0,0.0,0.0
25,70,9.03033843213334,4.972828354905933,0.0,1.0,0.0,0.0,1.0,1.0
26,70,5.217408682800347,1.463927152485934,0.0,0.0,0.0,1.0,1.0,1.0
27,70,1.8577681504548464,4.067899423515753,0.0,0.0,0.0,1.0,0.0,1.0
28,70,0.0,3.490682541259435,0.0,0.0,0.0,0.0,0.0,0.0
29,70,4.530740417477055,2.542937172075157,1.0,0.0,0.0,0.0,0.0,0.0
30,70,11.679494002181483,0.9971355731117508,1.0,1.0,0.0,0.0,1.0,1.0
31,70,1.691876619511523,7.93383413093325,1.0,1.0,1.0,1.0,0.0,0.0
32,70,3.8910756746694384,11.1707716773461,0.0,0.0,0.0,1.0,0.0,0.0
33,70,2.600011015290145,2.6877679313116407,0.0,1.0,0.0,0.0,0.0,0.0
34,70,4.2351041879355,12.0,0.0,1.0,0.0,0.0,1.0,0.0
35,70,5.747314836590059,2.570460336676033,1.0,0.0,0.0,0.0,1.0,0.0
36,70,0.318332634211598,4.869056614788651,0.0,1.0,1.0,0.0,1.0,1.0
37,70,10.69745598010481,11.187329497399498,1.0,0.0,0.0,0.0,1.0,1.0
38,70,0.0395287287730826,11.810395541541634,1.0,0.0,1.0,0.0,1.0,0.0
39,70,11.081192401889284,5.389500428055116,0.0,1.0,1.0,1.0,1.0,1.0
0,75,9.9865590199956,5.004766220131203,0.0,1.0,0.0,1.0,0.0,1.0
1,75,9.174227428996366,4.024488008566409,1.0,0.0,1.0,1.0,1.0,1.0
2,75,0.3759621221362059,7.960789387852762,0.0,0.0,0.0,0.0,0.0,0.0
3,75,7.185977110351313,9.320047446993405,0.0,0.0,1.0,0.0,0.0,0.0
4,75,1.206182702177247,10.056675373272048,0.0,0.0,1.0,0.0,1.0,0.0
5,75,11.469922826074267,6.172660864535843,1.0,1.0,0.0,0.0,0.0,0.0
6,75,5.2184203031691645,7.25421799468657,1.0,0.0,1.0,0.0,1.0,1.0
7,75,12.0,5.649840900249101,0.0,0.0,0.0,0.0,1.0,0.0
8,75,6.660331953511468,4.901183729158244,0.0,0.0,1.0,1.0,0.0,1.0
9,75,8.22325179370628,0.0,1.0,0.0,0.0,1.0,0.0,0.0
10,75,1.8190711519206235,10.92953488839438,0.0,1.0,1.0,0.0,0.0,0.0
11,75,12.0,2.071565012582986,0.0,0.0,0.0,0.0,1.0,1.0
12,75,8.691770552579277,7.989940926137136,0.0,0.0,0.0,0.0,0.0,0.0
13,75,3.148028395369181,6.920703270327812,0.0,1.0,0.0,1.0,1.0,0.0
14,75,0.0,0.0080741812455141,1.0,0.0,0.0,1.0,0.0,0.0
15,75,0.6792415870850711,6.529185733064047,0.0,0.0,0.0,0.0,1.0,0.0
16,75,11.129857372129935,11.398747287429966,1.0,0.0,0.0,0.0,1.0,0.0
17,75,8.526367352604113,0.1496296219977205,1.0,0.0,0.0,1.0,0.0,0.0
18,75,2.7483929196204366,0.0,0.0,0.0,0.0,0.0,0.0,0.0
19,75,2.1965779038313014,8.278246179839336,0.0,0.0,1.0,1.0,0.0,0.0
20,75,10.479237418634275,3.467554287735005,0.0,0.0,0.0,0.0,0.0,0.0
21,75,11.51793583116815,8.95802625463808,0.0,0.0,0.0,0.0,1.0,1.0
22,75,6.570329325206028,0.7076342940368474,0.0,0.0,0.0,0.0,0.0,0.0
23,75,5.771059342337208,6.166178801758053,0.0,1.0,1.0,1.0,0.0,1.0
24,75,3.457339193710253,2.283808314596313,1.0,1.0,1.0,1.0,0.0,0.0
25,75,8.970515728309776,5.028253839449019,0.0,1.0,0.0,0.0,1.0,1.0
26,75,5.203219406902419,1.4337305500100956,0.0,0.0,0.0,1.0,1.0,1.0
27,75,1.8388521421001904,4.039984253464849,0.0,0.0,0.0,1.0,0.0,1.0
28,75,0.0,3.5262276595984385,0.0,0.0,0.0,0.0,0.0,0.0
29,75,4.412420101786631,2.593958688871964,1.0,0.0,0.0,0.0,0.0,0.0
30,75,11.65675186452666,0.9188532669273186,1.0,1.0,0.0,0.0,1.0,1.0
31,75,1.6515065093655656,7.924428726980007,1.0,1.0,1.0,1.0,0.0,0.0
32,75,3.841929298816505,11.178254277437729,0.0,0.0,0.0,1.0,0.0,0.0
33,75,2.539821650742544,2.7120518189232152,0.0,1.0,0.0,0.0,0.0,0.0
34,75,4.180004627254465,12.0,0.0,1.0,0.0,0.0,1.0,0.0
35,75,5.721223792899967,2.71337302733843,1.0,0.0,0.0,0.0,1.0,0.0
36,75,0.4188694517579401,4.896464796085024,0.0,1.0,1.0,0.0,1.0,1.0
37,75,10.660782686146296,11.081783635017516,1.0,0.0,0.0,0.0,1.0,1.0
38,75,0.0474060632236768,11.767290390513809,1.0,0.0,1.0,0.0,1.0,0.0
39,75,11.083023965104957,5.479584298591874,0.0,1.0,1.0,1.0,1.0,1.0
0,80,9.970569703025072,5.007572420296946,0.0,1.0,0.0,1.0,0.0,1.0
1,80,9.179347924089877,4.09473183768377,1.0,0.0,1.0,1.0,1.0,1.0
2,80,0.3497009756219776,8.003499121017482,0.0,0.0,0.0,0.0,0.0,0.0
3,80,7.208667220823498,9.358843160462053,0.0,0.0,1.0,0.0,0.0,0.0
4,80,1.1270426978661583,9.96602584378715,0.0,0.0,1.0,0.0,1.0,0.0
5,80,11.50628205309258,6.10383895024875,1.0,1.0,0.0,0.0,0.0,0.0
6,80,5.313200270947521,7.1904560555106105,1.0,0.0,1.0,0.0,1.0,1.0
7,80,12.0,5.699912066881666,0.0,0.0,0.0,0.0,1.0,0.0
8,80,6.742431655729379,4.888273898037384,0.0,0.0,1.0,1.0,0.0,1.0
9,80,8.153382038713172,0.0,1.0,0.0,0.0,1.0,0.0,0.0
10,80,1.82158402443216,10.930300936199398,0.0,1.0,1.0,0.0,0.0,0.0
11,80,12.0,2.1151180996147856,0.0,0.0,0.0,0.0,1.0,1.0
12,80,8.647094943301035,7.9175776005717875,0.0,0.0,0.0,0.0,0.0,0.0
13,80,3.0249636334647416,6.909040265040273,0.0,1.0,0.0,1.0,1.0,0.0
14,80,0.0,0.0097226147702699,1.0,0.0,0.0,1.0,0.0,0.0
15,80,0.5981041884004462,6.55996541799405,0.0,0.0,0.0,0.0,1.0,0.0
16,80,11.140907645050827,11.353284857494288,1.0,0.0,0.0,0.0,1.0,0.0
17,80,8.538064026196848,0.1540959972538514,1.0,0.0,0.0,1.0,0.0,0.0
18,80,2.812729315250275,0.0,0.0,0.0,0.0,0.0,0.0,0.0
19,80,2.111046992656255,8.40163594654158,0.0,0.0,1.0,1.0,0.0,0.0
20,80,10.5987886001323,3.4966017982056434,0.0,0.0,0.0,0.0,0.0,0.0
21,80,11.490228126450528,8.9536911951256,0.0,0.0,0.0,0.0,1.0,1.0
22,80,6.481240047139967,0.6921354978392852,0.0,0.0,0.0,0.0,0.0,0.0
23,80,5.6604039500421965,6.179708319324482,0.0,1.0,1.0,1.0,0.0,1.0
24,80,3.5348006973283232,2.269935106612675,1.0,1.0,1.0,1.0,0.0,0.0
25,80,8.91336856741931,5.082059103223705,0.0,1.0,0.0,0.0,1.0,1.0
26,80,5.188027411727507,1.4032206144939483,0.0,0.0,0.0,1.0,1.0,1.0
27,80,1.8331467013491056,4.031828270364184,0.0,0.0,0.0,1.0,0.0,1.0
28,80,0.0,3.559171603086088,0.0,0.0,0.0,0.0,0.0,0.0
29,80,4.327384425016822,2.6285411824051894,1.0,0.0,0.0,0.0,0.0,0.0
30,80,11.632872574685097,0.8325641518597093,1.0,1.0,0.0,0.0,1.0,1.0
31,80,1.5973269454391543,7.913451461696506,1.0,1.0,1.0,1.0,0.0,0.0
32,80,3.7946048495088256,11.184688461227694,0.0,0.0,0.0,1.0,0.0,0.0
33,80,2.45801218718103,2.746105754049435,0.0,1.0,0.0,0.0,0.0,0.0
34,80,4.136799110866982,12.0,0.0,1.0,0.0,0.0,1.0,0.0
35,80,5.697349188837685,2.830295183411311,1.0,0.0,0.0,0.0,1.0,0.0
36,80,0.5082585853145305,4.92032813866966,0.0,1.0,1.0,0.0,1.0,1.0
37,80,10.6203451553161,10.961851687098608,1.0,0.0,0.0,0.0,1.0,1.0
38,80,0.0562987584287743,11.720668982124902,1.0,0.0,1.0,0.0,1.0,0.0
39,80,11.082794609751696,5.573293996931621,0.0,1.0,1.0,1.0,1.0,1.0
0,85,9.94537602691284,5.012128733702293,0.0,1.0,0.0,1.0,0.0,1.0
1,85,9.185101652630076,4.176059490896777,1.0,0.0,1.0,1.0,1.0,1.0
2,85,0.3286869940221804,8.036333989042864,0.0,0.0,0.0,0.0,0.0,0.0
3,85,7.231543889142378,9.39500626135866,0.0,0.0,1.0,0.0,0.0,0.0
4,85,1.0545667632405409,9.8768965201284,0.0,0.0,1.0,0.0,1.0,0.0
5,85,11.54184044796018,6.0335912850442135,1.0,1.0,0.0,0.0,0.0,0.0
6,85,5.401838261150902,7.132633727121809,1.0,0.0,1.0,0.0,1.0,1.0
7,85,12.0,5.759088134052436,0.0,0.0,0.0,0.0,1.0,0.0
8,85,6.811324251210399,4.875940084156469,0.0,0.0,1.0,1.0,0.0,1.0
9,85,8.094688388105576,0.0,1.0,0.0,0.0,1.0,0.0,0.0
10,85,1.809521344159294,10.926667344427036,0.0,1.0,1.0,0.0,0.0,0.0
11,85,12.0,2.1595575443536537,0.0,0.0,0.0,0.0,1.0,1.0
12,85,8.598931341585413,7.842517328652303,0.0,0.0,0.0,0.0,0.0,0.0
13,85,2.902881946096637,6.897433081078538,0.0,1.0,0.0,1.0,1.0,0.0
14,85,0.0,0.0120312797970041,1.0,0.0,0.0,1.0,0.0,0.0
15,85,0.5208380160664023,6.592399683689321,0.0,0.0,0.0,0.0,1.0,0.0
16,85,11.153187390045128,11.30440658725034,1.0,0.0,0.0,0.0,1.0,0.0
17,85,8.551486465157947,0.1599609990337988,1.0,0.0,0.0,1.0,0.0,0.0
18,85,2.880800368292021,0.0,0.0,0.0,0.0,0.0,0.0,0.0
19,85,2.000874785962486,8.562255432674252,0.0,0.0,1.0,1.0,0.0,0.0
20,85,10.728423406233317,3.527177839343272,0.0,0.0,0.0,0.0,0.0,0.0
21,85,11.469926232391908,8.95068428388153,0.0,0.0,0.0,0.0,1.0,1.0
22,85,6.381049476341412,0.6748222045523992,0.0,0.0,0.0,0.0,0.0,0.0
23,85,5.566005614684108,6.190006900714297,0.0,1.0,1.0,1.0,0.0,1.0
24,85,3.6149645313304415,2.25685711645818,1.0,1.0,1.0,1.0,0.0,0.0
25,85,8.854418434595495,5.140507966042944,0.0,1.0,0.0,0.0,1.0,1.0
26,85,5.165139458795046,1.3569107274827712,0.0,0.0,0.0,1.0,1.0,1.0
27,85,1.830922693062209,4.028763284615573,0.0,0.0,0.0,1.0,0.0,1.0
28,85,0.0,3.592545021138849,0.0,0.0,0.0,0.0,0.0,0.0
29,85,4.244555017735279,2.6650534901802234,1.0,0.0,0.0,0.0,0.0,0.0
30,85,11.610306481620196,0.7508026328287509,1.0,1.0,0.0,0.0,1.0,1.0
31,85,1.5201195229185456,7.898271193077926,1.0,1.0,1.0,1.0,0.0,0.0
32,85,3.743390521810212,11.192443128200171,0.0,0.0,0.0,1.0,0.0,0.0
33,85,2.372128153133876,2.7815416159863124,0.0,1.0,0.0,0.0,0.0,0.0
34,85,4.080665898454132,12.0,0.0,1.0,0.0,0.0,1.0,0.0
35,85,5.673443441726691,2.9486406841331125,1.0,0.0,0.0,0.0,1.0,0.0
36,85,0.5911052680389917,4.942100286805596,0.0,1.0,1.0,0.0,1.0,1.0
37,85,10.578693855333633,10.839661370551488,1.0,0.0,0.0,0.0,1.0,1.0
38,85,0.0626547068771405,11.690149117524548,1.0,0.0,1.0,0.0,1.0,0.0
39,85,11.085010933976536,5.660414372138816,0.0,1.0,1.0,1.0,1.0,1.0
0,90,9.923614216544737,5.0161120732898405,0.0,1.0,0.0,1.0,0.0,1.0
1,90,9.190448019573116,4.26650346136101,1.0,0.0,1.0,1.0,1.0,1.0
2,90,0.313785500517579,8.059923497234658,0.0,0.0,0.0,0.0,0.0,0.0
3,90,7.243522448351176,9.412876086417237,0.0,0.0,1.0,0.0,0.0,0.0
4,90,0.9725288484111247,9.776233123581164,0.0,0.0,1.0,0.0,1.0,0.0
5,90,11.581767789573078,5.955671293066074,1.0,1.0,0.0,0.0,0.0,0.0
6,90,5.509176887267823,7.062269371792385,1.0,0.0,1.0,0.0,1.0,1.0
7,90,12.0,5.811932213450075,0.0,0.0,0.0,0.0,1.0,0.0
8,90,6.872959710121432,4.865950560320116,0.0,0.0,1.0,1.0,0.0,1.0
9,90,8.037199116683805,0.0,1.0,0.0,0.0,1.0,0.0,0.0
10,90,1.792837238320063,10.920919157633882,0.0,1.0,1.0,0.0,0.0,0.0
11,90,12.0,2.185976565697231,0.0,0.0,0.0,0.0,1.0,1.0
12,90,8.538119308143706,7.747110603853513,0.0,0.0,0.0,0.0,0.0,0.0
13,90,2.7884630236409698,6.887525755883822,0.0,1.0,0.0,1.0,1.0,0.0
14,90,0.0,0.0172573021912567,1.0,0.0,0.0,1.0,0.0,0.0
15,90,0.4240460925847983,6.632059344966241,0.0,0.0,0.0,0.0,1.0,0.0
16,90,11.168856713424356,11.232923172615935,1.0,0.0,0.0,0.0,1.0,0.0
17,90,8.569647327304596,0.1681977598154621,1.0,0.0,0.0,1.0,0.0,0.0
18,90,2.9455426330632264,0.0,0.0,0.0,0.0,0.0,0.0,0.0
19,90,1.886843677653033,8.736727457658121,0.0,0.0,1.0,1.0,0.0,0.0
20,90,10.869681964026862,3.5647800607322617,0.0,0.0,0.0,0.0,0.0,0.0
21,90,11.467655619224209,8.950376323591762,0.0,0.0,0.0,0.0,1.0,1.0
22,90,6.278927802440113,0.6612483660793277,0.0,0.0,0.0,0.0,0.0,0.0
23,90,5.486743309328574,6.197160461135114,0.0,1.0,1.0,1.0,0.0,1.0
24,90,3.6892930188365622,2.2448862207332563,1.0,1.0,1.0,1.0,0.0,0.0
25,90,8.776747691841893,5.214428452365317,0.0,1.0,0.0,0.0,1.0,1.0
26,90,5.140031500392601,1.30531447814113,0.0,0.0,0.0,1.0,1.0,1.0
27,90,1.8291524083677635,4.026368807551629,0.0,0.0,0.0,1.0,0.0,1.0
28,90,0.0,3.625811946755401,0.0,0.0,0.0,0.0,0.0,0.0
29,90,4.163073207866796,2.698118426932425,1.0,0.0,0.0,0.0,0.0,0.0
30,90,11.577428953654955,0.6395511074283533,1.0,1.0,0.0,0.0,1.0,1.0
31,90,1.454833984054687,7.884539443516413,1.0,1.0,1.0,1.0,0.0,0.0
32,90,3.675428052475931,11.202056138952903,0.0,0.0,0.0,1.0,0.0,0.0
33,90,2.317327339630709,2.804428824386757,0.0,1.0,0.0,0.0,0.0,0.0
34,90,4.030527695119575,12.0,0.0,1.0,0.0,0.0,1.0,0.0
35,90,5.651908394346904,3.057972347866156,1.0,0.0,0.0,0.0,1.0,0.0
36,90,0.6743248536570704,4.963482144007112,0.0,1.0,1.0,0.0,1.0,1.0
37,90,10.536488221737104,10.718775589515742,1.0,0.0,0.0,0.0,1.0,1.0
38,90,0.0725494755149751,11.641585778450604,1.0,0.0,1.0,0.0,1.0,0.0
39,90,11.089743946643628,5.746473295679641,0.0,1.0,1.0,1.0,1.0,1.0
0,95,9.924614541724123,5.015949860178919,0.0,1.0,0.0,1.0,0.0,1.0
1,95,9.248494429180294,4.261816908125911,1.0,0.0,1.0,1.0,1.0,1.0
2,95,0.317574905188334,8.05404728806464,0.0,0.0,0.0,0.0,0.0,0.0
3,95,7.262125644485888,9.439467578423471,0.0,0.0,1.0,0.0,0.0,0.0
4,95,0.893592041952741,9.675027854911,0.0,0.0,1.0,0.0,1.0,0.0
5,95,11.614254639374806,5.889906377141816,1.0,1.0,0.0,0.0,0.0,0.0
6,95,5.625026242745043,6.984992834145586,1.0,0.0,1.0,0.0,1.0,1.0
7,95,12.0,5.862054751829946,0.0,0.0,0.0,0.0,1.0,0.0
8,95,6.939722461076255,4.855307455269444,0.0,0.0,1.0,1.0,0.0,1.0
9,95,7.961182612469067,0.0,1.0,0.0,0.0,1.0,0.0,0.0
10,95,1.7463428031576205,10.905866801676586,0.0,1.0,1.0,0.0,0.0,0.0
11,95,12.0,2.213717501504822,0.0,0.0,0.0,0.0,1.0,1.0
12,95,8.486855780664717,7.664794292010121,0.0,0.0,0.0,0.0,0.0,0.0
13,95,2.6850472735331885,6.883162837562667,0.0,1.0,0.0,1.0,1.0,0.0
14,95,0.0,0.0234717424080845,1.0,0.0,0.0,1.0,0.0,0.0
15,95,0.3394327207656594,6.665416269645892,0.0,0.0,0.0,0.0,1.0,0.0
16,95,11.183473089281888,11.157029603226842,1.0,0.0,0.0,0.0,1.0,0.0
17,95,8.584141188225344,0.1747719802085236,1.0,0.0,0.0,1.0,0.0,0.0
18,95,3.012976971784573,0.0,0.0,0.0,0.0,0.0,0.0,0.0
19,95,1.7716526291678218,8.90296882797039,0.0,0.0,1.0,1.0,0.0,0.0
20,95,11.00083506457414,3.6001580551808705,0.0,0.0,0.0,0.0,0.0,0.0
21,95,11.474332595536108,8.951426768176848,0.0,0.0,0.0,0.0,1.0,1.0
22,95,6.1866184261189465,0.6509875498661186,0.0,0.0,0.0,0.0,0.0,0.0
23,95,5.433007040944145,6.2006557902119015,0.0,1.0,1.0,1.0,0.0,1.0
24,95,3.749136071338439,2.2365060133134675,1.0,1.0,1.0,1.0,0.0,0.0
25,95,8.699955103416784,5.288462236375239,0.0,1.0,0.0,0.0,1.0,1.0
26,95,5.1174196181727964,1.2611830291070534,0.0,0.0,0.0,1.0,1.0,1.0
27,95,1.8222410670234408,4.017895005657962,0.0,0.0,0.0,1.0,0.0,1.0
28,95,0.0,3.653546039523549,0.0,0.0,0.0,0.0,0.0,0.0
29,95,4.068134731780928,2.7362362357323136,1.0,0.0,0.0,0.0,0.0,0.0
30,95,11.544531724829804,0.5213960043289125,1.0,1.0,0.0,0.0,1.0,1.0
31,95,1.3769326203279972,7.868874641112883,1.0,1.0,1.0,1.0,0.0,0.0
32,95,3.612406408899104,11.211681646688024,0.0,0.0,0.0,1.0,0.0,0.0
33,95,2.242837395299748,2.832673214550188,0.0,1.0,0.0,0.0,0.0,0.0
34,95,3.973214118180552,12.0,0.0,1.0,0.0,0.0,1.0,0.0
35,95,5.63615696241921,3.1471781143461426,1.0,0.0,0.0,0.0,1.0,0.0
36,95,0.7601249877223637,4.984319929865056,0.0,1.0,1.0,0.0,1.0,1.0
37,95,10.496901713576984,10.5954966216265,1.0,0.0,0.0,0.0,1.0,1.0
38,95,0.0818244498836345,11.596626386406149,1.0,0.0,1.0,0.0,1.0,0.0
39,95,11.094506655574389,5.8327805176169605,0.0,1.0,1.0,1.0,1.0,1.0
0,100,9.924433215330186,5.015979445564736,0.0,1.0,0.0,1.0,0.0,1.0
1,100,9.296388966496416,4.257281846654754,1.0,0.0,1.0,1.0,1.0,1.0
2,100,0.314374477281352,8.059161216145828,0.0,0.0,0.0,0.0,0.0,0.0
3,100,7.278557411319235,9.462287078179218,0.0,0.0,1.0,0.0,0.0,0.0
4,100,0.8155203285651667,9.573033133373626,0.0,0.0,1.0,0.0,1.0,0.0
5,100,11.530439203431204,5.846202864699836,1.0,1.0,0.0,0.0,0.0,0.0
6,100,5.7311915066815615,6.917237246285106,1.0,0.0,1.0,0.0,1.0,1.0
7,100,12.0,5.924955947286602,0.0,0.0,0.0,0.0,1.0,0.0
8,100,7.021120742581777,4.841845295251589,0.0,0.0,1.0,1.0,0.0,1.0
9,100,7.896066485617381,0.0,1.0,0.0,0.0,1.0,0.0,0.0
10,100,1.6961176170495549,10.89029568532736,0.0,1.0,1.0,0.0,0.0,0.0
11,100,12.0,2.2547795181455843,0.0,0.0,0.0,0.0,1.0,1.0
12,100,8.447310425519234,7.603039277496986,0.0,0.0,0.0,0.0,0.0,0.0
13,100,2.577457483100078,6.878913461594047,0.0,1.0,0.0,1.0,1.0,0.0
14,100,0.0,0.0305370731299538,1.0,0.0,0.0,1.0,0.0,0.0
15,100,0.2384996985655627,6.705270070734527,0.0,0.0,0.0,0.0,1.0,0.0
16,100,11.19753185943986,11.084777607079024,1.0,0.0,0.0,0.0,1.0,0.0
17,100,8.636493209533747,0.1980951132013436,1.0,0.0,0.0,1.0,0.0,0.0
18,100,3.0713534281888246,0.0,0.0,0.0,0.0,0.0,0.0,0.0
19,100,1.654727383198069,9.06479402655406,0.0,0.0,1.0,1.0,0.0,0.0
20,100,11.117671039127798,3.630609068061824,0.0,0.0,0.0,0.0,0.0,0.0
21,100,11.451368627949698,8.947695403527288,0.0,0.0,0.0,0.0,1.0,1.0
22,100,6.084644994385689,0.6406052798067985,0.0,0.0,0.0,0.0,0.0,0.0
23,100,5.396220254744308,6.203195501509347,0.0,1.0,1.0,1.0,0.0,1.0
24,100,3.8106115125397664,2.228513987522403,1.0,1.0,1.0,1.0,0.0,0.0
25,100,8.610930508670704,5.372354926389341,0.0,1.0,0.0,0.0,1.0,1.0
26,100,5.0885359220555255,1.2097140579720171,0.0,0.0,0.0,1.0,1.0,1.0
27,100,1.812671197483801,4.0054815570636295,0.0,0.0,0.0,1.0,0.0,1.0
28,100,0.0,3.687124845814792,0.0,0.0,0.0,0.0,0.0,0.0
29,100,3.972455620645048,2.7757760796510595,1.0,0.0,0.0,0.0,0.0,0.0
30,100,11.505629096905002,0.4027876980600241,1.0,1.0,0.0,0.0,1.0,1.0
31,100,1.3233982734288243,7.857667131797575,1.0,1.0,1.0,1.0,0.0,0.0
32,100,3.531186686722247,11.22700664160065,0.0,0.0,0.0,1.0,0.0,0.0
33,100,2.173261875423603,2.8589757864948804,0.0,1.0,0.0,0.0,0.0,0.0
34,100,3.925241030046143,12.0,0.0,1.0,0.0,0.0,1.0,0.0
35,100,5.625985544042755,3.216014511495448,1.0,0.0,0.0,0.0,1.0,0.0
36,100,0.8431535078471553,5.003517702944441,0.0,1.0,1.0,0.0,1.0,1.0
37,100,10.455929650882627,10.469381296056824,1.0,0.0,0.0,0.0,1.0,1.0
38,100,0.0947402993608454,11.541210981169082,1.0,0.0,1.0,0.0,1.0,0.0
39,100,11.101077366035652,5.9207329243004025,0.0,1.0,1.0,1.0,1.0,1.0
0,105,9.910349852926196,5.018137246727226,0.0,1.0,0.0,1.0,0.0,1.0
1,105,9.32606489174238,4.255466640011662,1.0,0.0,1.0,1.0,1.0,1.0
2,105,0.3205388538014638,8.048750152243745,0.0,0.0,0.0,0.0,0.0,0.0
3,105,7.298452938862074,9.489701826856058,0.0,0.0,1.0,0.0,0.0,0.0
4,105,0.736856568556336,9.462113741010244,0.0,0.0,1.0,0.0,1.0,0.0
5,105,11.453183563586704,5.806739570766405,1.0,1.0,0.0,0.0,0.0,0.0
6,105,5.832502058719179,6.854373626268332,1.0,0.0,1.0,0.0,1.0,1.0
7,105,12.0,5.99421454163714,0.0,0.0,0.0,0.0,1.0,0.0
8,105,7.103788140106558,4.8296005599622776,0.0,0.0,1.0,1.0,0.0,1.0
9,105,7.829386510892704,0.0,1.0,0.0,0.0,1.0,0.0,0.0
10,105,1.653520387523652,10.877133597961032,0.0,1.0,1.0,0.0,0.0,0.0
11,105,12.0,2.303221749600306,0.0,0.0,0.0,0.0,1.0,1.0
12,105,8.40504752089814,7.534436487835463,0.0,0.0,0.0,0.0,0.0,0.0
13,105,2.4865388834324365,6.874471761771547,0.0,1.0,0.0,1.0,1.0,0.0
14,105,0.0,0.0380870420187662,1.0,0.0,0.0,1.0,0.0,0.0
15,105,0.12478764868283,6.747570839051685,0.0,0.0,0.0,0.0,1.0,0.0
16,105,11.204957140648672,11.041832463263042,1.0,0.0,0.0,0.0,1.0,0.0
17,105,8.688757556293448,0.2215943133561918,1.0,0.0,0.0,1.0,0.0,0.0
18,105,3.128571722944724,0.0,0.0,0.0,0.0,0.0,0.0,0.0
19,105,1.532057169698906,9.235035197253683,0.0,0.0,1.0,1.0,0.0,0.0
20,105,11.23838199633123,3.66000309874584,0.0,0.0,0.0,0.0,0.0,0.0
21,105,11.428085612883224,8.944215380096242,0.0,0.0,0.0,0.0,1.0,1.0
22,105,5.964661784232324,0.6321278778635506,0.0,0.0,0.0,0.0,0.0,0.0
23,105,5.378228833532433,6.204304051274499,0.0,1.0,1.0,1.0,0.0,1.0
24,105,3.862985693239557,2.221778278111911,1.0,1.0,1.0,1.0,0.0,0.0
25,105,8.515824088734972,5.460678743513694,0.0,1.0,0.0,0.0,1.0,1.0
26,105,5.070061170009992,1.1766823596234195,0.0,0.0,0.0,1.0,1.0,1.0
27,105,1.7962232206639333,3.983372138511181,0.0,0.0,0.0,1.0,0.0,1.0
28,105,0.0,3.7135701649101542,0.0,0.0,0.0,0.0,0.0,0.0
29,105,3.849713695269712,2.828940843173241,1.0,0.0,0.0,0.0,0.0,0.0
30,105,11.467627649942612,0.2973031674068118,1.0,1.0,0.0,0.0,1.0,1.0
31,105,1.2527461727074944,7.845004637119016,1.0,1.0,1.0,1.0,0.0,0.0
32,105,3.427490010839264,11.247958253446445,0.0,0.0,0.0,1.0,0.0,0.0
33,105,2.131225207459552,2.875305318819096,0.0,1.0,0.0,0.0,0.0,0.0
34,105,3.887413386379918,12.0,0.0,1.0,0.0,0.0,1.0,0.0
35,105,5.614993983181436,3.290614195278073,1.0,0.0,0.0,0.0,1.0,0.0
36,105,0.9434715569041634,5.026961086686764,0.0,1.0,1.0,0.0,1.0,1.0
37,105,10.411365778378755,10.335994459086098,1.0,0.0,0.0,0.0,1.0,1.0
38,105,0.1066906611190983,11.49232669169237,1.0,0.0,1.0,0.0,1.0,0.0
39,105,11.11125017316188,6.022315530932188,0.0,1.0,1.0,1.0,1.0,1.0
0,110,9.859191949350372,5.025682684473572,0.0,1.0,0.0,1.0,0.0,1.0
1,110,9.346903271992408,4.253972021636103,1.0,0.0,1.0,1.0,1.0,1.0
2,110,0.3303323650819669,8.032908070164382,0.0,0.0,0.0,0.0,0.0,0.0
3,110,7.325403301669262,9.525862398814269,0.0,0.0,1.0,0.0,0.0,0.0
4,110,0.6588174170655622,9.355008314489972,0.0,0.0,1.0,0.0,1.0,0.0
5,110,11.376630953227492,5.767441649985638,1.0,1.0,0.0,0.0,0.0,0.0
6,110,5.922287090704486,6.796080377232453,1.0,0.0,1.0,0.0,1.0,1.0
7,110,12.0,6.056896071873041,0.0,0.0,0.0,0.0,1.0,0.0
8,110,7.195113033599837,4.816710643793029,0.0,0.0,1.0,1.0,0.0,1.0
9,110,7.760222150074926,0.0,1.0,0.0,0.0,1.0,0.0,0.0
10,110,1.620716333643947,10.867371734342331,0.0,1.0,1.0,0.0,0.0,0.0
11,110,12.0,2.347599154781133,0.0,0.0,0.0,0.0,1.0,1.0
12,110,8.366171312172602,7.472883083498784,0.0,0.0,0.0,0.0,0.0,0.0
13,110,2.37972513835792,6.867580404523747,0.0,1.0,0.0,1.0,1.0,0.0
14,110,0.0,0.0416845631241681,1.0,0.0,0.0,1.0,0.0,0.0
15,110,0.0081890530259726,6.792260330563959,0.0,0.0,0.0,0.0,1.0,0.0
16,110,11.208794835516464,11.019209249351182,1.0,0.0,0.0,0.0,1.0,0.0
17,110,8.753020753341179,0.2533190273272863,1.0,0.0,0.0,1.0,0.0,0.0
18,110,3.1920648797517344,0.0,0.0,0.0,0.0,0.0,0.0,0.0
19,110,1.416484505971065,9.396999546753012,0.0,0.0,1.0,1.0,0.0,0.0
20,110,11.366061847834809,3.69305399935779,0.0,0.0,0.0,0.0,0.0,0.0
21,110,11.386020607052028,8.937918892915043,0.0,0.0,0.0,0.0,1.0,1.0
22,110,5.856917818704952,0.6256386958261269,0.0,0.0,0.0,0.0,0.0,0.0
23,110,5.35218575489463,6.205306208863617,0.0,1.0,1.0,1.0,0.0,1.0
24,110,3.905318538731233,2.2164728692875952,1.0,1.0,1.0,1.0,0.0,0.0
25,110,8.430526290925565,5.536356360782524,0.0,1.0,0.0,0.0,1.0,1.0
26,110,5.038507987599353,1.1203171700607275,0.0,0.0,0.0,1.0,1.0,1.0
27,110,1.781959247114738,3.965347377279687,0.0,0.0,0.0,1.0,0.0,1.0
28,110,0.0,3.731133128729302,0.0,0.0,0.0,0.0,0.0,0.0
29,110,3.734352464373788,2.8756121465826974,1.0,0.0,0.0,0.0,0.0,0.0
30,110,11.427179254966076,0.1816817977891699,1.0,1.0,0.0,0.0,1.0,1.0
31,110,1.2006928268124857,7.835980126741819,1.0,1.0,1.0,1.0,0.0,0.0
32,110,3.322905046801015,11.269513409059853,0.0,0.0,0.0,1.0,0.0,0.0
33,110,2.0951969354018867,2.889333498439838,0.0,1.0,0.0,0.0,0.0,0.0
34,110,3.84127093558064,12.0,0.0,1.0,0.0,0.0,1.0,0.0
35,110,5.605662733323213,3.35407987480082,1.0,0.0,0.0,0.0,1.0,0.0
36,110,1.0573498718197762,5.057620027699798,0.0,1.0,1.0,0.0,1.0,1.0
37,110,10.36076132710606,10.187219788151996,1.0,0.0,0.0,0.0,1.0,1.0
38,110,0.122000719942177,11.431188697680549,1.0,0.0,1.0,0.0,1.0,0.0
39,110,11.122411727997866,6.112992311911984,0.0,1.0,1.0,1.0,1.0,1.0
0,115,9.783537276766456,5.036273611937534,0.0,1.0,0.0,1.0,0.0,1.0
1,115,9.371010146280312,4.252148508063232,1.0,0.0,1.0,1.0,1.0,1.0
2,115,0.3400202925854154,8.018437016728125,0.0,0.0,0.0,0.0,0.0,0.0
3,115,7.35747419099238,9.570614640916364,0.0,0.0,1.0,0.0,0.0,0.0
4,115,0.6054464395071307,9.27961780172122,0.0,0.0,1.0,0.0,1.0,0.0
5,115,11.292821797570952,5.7219415708987,1.0,1.0,0.0,0.0,0.0,0.0
6,115,6.005322637146064,6.740548548254024,1.0,0.0,1.0,0.0,1.0,1.0
7,115,12.0,6.122452651540293,0.0,0.0,0.0,0.0,1.0,0.0
8,115,7.279283939175414,4.805144496588602,0.0,0.0,1.0,1.0,0.0,1.0
9,115,7.692953985335181,0.0,1.0,0.0,0.0,1.0,0.0,0.0
10,115,1.602453334723848,10.862083619304258,0.0,1.0,1.0,0.0,0.0,0.0
11,115,12.0,2.39405433694256,0.0,0.0,0.0,0.0,1.0,1.0
12,115,8.318376643572298,7.397900833495719,0.0,0.0,0.0,0.0,0.0,0.0
13,115,2.2729524822283,6.8601768008086985,0.0,1.0,0.0,1.0,1.0,0.0
14,115,0.0,0.0453656656646002,1.0,0.0,0.0,1.0,0.0,0.0
15,115,0.0,6.844765328657759,0.0,0.0,0.0,0.0,1.0,0.0
16,115,11.216887500024916,10.97544495916684,1.0,0.0,0.0,0.0,1.0,0.0
17,115,8.791249114440138,0.2706559981830005,1.0,0.0,0.0,1.0,0.0,0.0
18,115,3.2611734943624278,0.0,0.0,0.0,0.0,0.0,0.0,0.0
19,115,1.3031765077629625,9.563382354164109,0.0,0.0,1.0,1.0,0.0,0.0
20,115,11.49890655014832,3.726143122094304,0.0,0.0,0.0,0.0,0.0,0.0
21,115,11.347593280158002,8.932922163981171,0.0,0.0,0.0,0.0,1.0,1.0
22,115,5.743699553923749,0.6173702416669687,0.0,0.0,0.0,0.0,0.0,0.0
23,115,5.341257375676874,6.205477681213985,0.0,1.0,1.0,1.0,0.0,1.0
24,115,3.93171789163452,2.212925381453506,1.0,1.0,1.0,1.0,0.0,0.0
25,115,8.345771651763867,5.613915355276911,0.0,1.0,0.0,0.0,1.0,1.0
26,115,4.999867696311055,1.0524461151229174,0.0,0.0,0.0,1.0,1.0,1.0
27,115,1.7676712568812905,3.946430620400858,0.0,0.0,0.0,1.0,0.0,1.0
28,115,0.0,3.749354001330424,0.0,0.0,0.0,0.0,0.0,0.0
29,115,3.634296489334816,2.919875479922116,1.0,0.0,0.0,0.0,0.0,0.0
30,115,11.39281688653914,0.0789075793015511,1.0,1.0,0.0,0.0,1.0,1.0
31,115,1.1745502192405892,7.830867398260628,1.0,1.0,1.0,1.0,0.0,0.0
32,115,3.206154282682764,11.293872080376651,0.0,0.0,0.0,1.0,0.0,0.0
33,115,2.062395049582732,2.9020493493920028,0.0,1.0,0.0,0.0,0.0,0.0
34,115,3.797360489371048,12.0,0.0,1.0,0.0,0.0,1.0,0.0
35,115,5.5995993525264565,3.4098444694979206,1.0,0.0,0.0,0.0,1.0,0.0
36,115,1.17040206198183,5.085563178046239,0.0,1.0,1.0,0.0,1.0,1.0
37,115,10.311625990357063,10.028055853284297,1.0,0.0,0.0,0.0,1.0,1.0
38,115,0.1363558438947527,11.364401464897108,1.0,0.0,1.0,0.0,1.0,0.0
39,115,11.1336061998965,6.216789132960615,0.0,1.0,1.0,1.0,1.0,1.0
0,120,9.701479614065663,5.049020977301131,0.0,1.0,0.0,1.0,0.0,1.0
1,120,9.398992263095243,4.250326451386572,1.0,0.0,1.0,1.0,1.0,1.0
2,120,0.3400040917347148,8.018462438232874,0.0,0.0,0.0,0.0,0.0,0.0
3,120,7.377964765731102,9.598575633605623,0.0,0.0,1.0,0.0,0.0,0.0
4,120,0.5698629785385795,9.227517127988763,0.0,0.0,1.0,0.0,1.0,0.0
5,120,11.231458227606808,5.688984798818535,1.0,1.0,0.0,0.0,0.0,0.0
6,120,6.089625525314502,6.683987986492186,1.0,0.0,1.0,0.0,1.0,1.0
7,120,12.0,6.197379181002095,0.0,0.0,0.0,0.0,1.0,0.0
8,120,7.378118851480637,4.789928679002951,0.0,0.0,1.0,1.0,0.0,1.0
9,120,7.624491144102732,0.0,1.0,0.0,0.0,1.0,0.0,0.0
10,120,1.5647422701877396,10.850659028509927,0.0,1.0,1.0,0.0,0.0,0.0
11,120,12.0,2.435336682089691,0.0,0.0,0.0,0.0,1.0,1.0
12,120,8.282852321244505,7.342225846225489,0.0,0.0,0.0,0.0,0.0,0.0
13,120,2.1533016367147337,6.851648636265772,0.0,1.0,0.0,1.0,1.0,0.0
14,120,0.0,0.0480708690977905,1.0,0.0,0.0,1.0,0.0,0.0
15,120,0.0,6.893118263613823,0.0,0.0,0.0,0.0,1.0,0.0
16,120,11.227943343373232,10.914397337390264,1.0,0.0,0.0,0.0,1.0,0.0
17,120,8.842311188520773,0.292628808534678,1.0,0.0,0.0,1.0,0.0,0.0
18,120,3.329222661096923,0.0,0.0,0.0,0.0,0.0,0.0,0.0
19,120,1.1948533365477,9.719650869834314,0.0,0.0,1.0,1.0,0.0,0.0
20,120,11.62193432704887,3.7529405478110736,0.0,0.0,0.0,0.0,0.0,0.0
21,120,11.301567498197402,8.927762753020007,0.0,0.0,0.0,0.0,1.0,1.0
22,120,5.645837715504367,0.6088545135306209,0.0,0.0,0.0,0.0,0.0,0.0
23,120,5.339529437186871,6.205532344637708,0.0,1.0,1.0,1.0,0.0,1.0
24,120,3.980893111069831,2.2059271552798045,1.0,1.0,1.0,1.0,0.0,0.0
25,120,8.267863026172522,5.68693371086944,0.0,1.0,0.0,0.0,1.0,1.0
26,120,4.953501447511605,0.976958185684116,0.0,0.0,0.0,1.0,1.0,1.0
27,120,1.7515337100614183,3.925034294262912,0.0,0.0,0.0,1.0,0.0,1.0
28,120,0.0,3.761647261441866,0.0,0.0,0.0,0.0,0.0,0.0
29,120,3.54537091410524,2.9587735307100487,1.0,0.0,0.0,0.0,0.0,0.0
30,120,11.363147073125848,0.0,1.0,1.0,0.0,0.0,1.0,1.0
31,120,1.148831142402034,7.826490207961342,1.0,1.0,1.0,1.0,0.0,0.0
32,120,3.0893764216773123,11.322959694323169,0.0,0.0,0.0,1.0,0.0,0.0
33,120,2.030341103768787,2.9138657275965625,0.0,1.0,0.0,0.0,0.0,0.0
34,120,3.740391454148386,12.0,0.0,1.0,0.0,0.0,1.0,0.0
35,120,5.5930459888482185,3.470855282003692,1.0,0.0,0.0,0.0,1.0,0.0
36,120,1.2956001422113683,5.1155598034887895,0.0,1.0,1.0,0.0,1.0,1.0
37,120,10.2613175297594,9.871651241277767,1.0,0.0,0.0,0.0,1.0,1.0
38,120,0.1498979605426813,11.296891219865394,1.0,0.0,1.0,0.0,1.0,0.0
39,120,11.141500820938523,6.308056567558521,0.0,1.0,1.0,1.0,1.0,1.0
0,125,9.612768597135853,5.062252780557246,0.0,1.0,0.0,1.0,0.0,1.0
1,125,9.421802029298467,4.24874331286956,1.0,0.0,1.0,1.0,1.0,1.0
2,125,0.3240535323808591,8.043622492373766,0.0,0.0,0.0,0.0,0.0,0.0
3,125,7.397135659239564,9.6268065957364,0.0,0.0,1.0,0.0,0.0,0.0
4,125,0.5375363103354319,9.179353490820812,0.0,0.0,1.0,0.0,1.0,0.0
5,125,11.180005700802903,5.661690851090595,1.0,1.0,0.0,0.0,0.0,0.0
6,125,6.182106100410826,6.626709770201848,1.0,0.0,1.0,0.0,1.0,1.0
7,125,12.0,6.279113516015363,0.0,0.0,0.0,0.0,1.0,0.0
8,125,7.491199072591669,4.76755196091489,0.0,0.0,1.0,1.0,0.0,1.0
9,125,7.549427767738119,0.0,1.0,0.0,0.0,1.0,0.0,0.0
10,125,1.5625670853830314,10.849971419813668,0.0,1.0,1.0,0.0,0.0,0.0
11,125,12.0,2.4919597465840946,0.0,0.0,0.0,0.0,1.0,1.0
12,125,8.254312020706305,7.297839085265963,0.0,0.0,0.0,0.0,0.0,0.0
13,125,2.036038612744468,6.847225698997578,0.0,1.0,0.0,1.0,1.0,0.0
14,125,0.0,0.0512423275375858,1.0,0.0,0.0,1.0,0.0,0.0
15,125,0.0,6.939711571273051,0.0,0.0,0.0,0.0,1.0,0.0
16,125,11.239400542208342,10.841551357897265,1.0,0.0,0.0,0.0,1.0,0.0
17,125,8.87514124770651,0.3060272669946379,1.0,0.0,0.0,1.0,0.0,0.0
18,125,3.3971148590493803,0.0,0.0,0.0,0.0,0.0,0.0,0.0
19,125,1.069786956321209,9.891412813252693,0.0,0.0,1.0,1.0,0.0,0.0
20,125,11.737741414832415,3.775495592035266,0.0,0.0,0.0,0.0,0.0,0.0
21,125,11.2457912957211,8.921745812521728,0.0,0.0,0.0,0.0,1.0,1.0
22,125,5.538204672355864,0.5994879848564821,0.0,0.0,0.0,0.0,0.0,0.0
23,125,5.346877467827817,6.205338288481764,0.0,1.0,1.0,1.0,0.0,1.0
24,125,4.018697476019605,2.1990929837116324,1.0,1.0,1.0,1.0,0.0,0.0
25,125,8.179347807176343,5.771565950334687,0.0,1.0,0.0,0.0,1.0,1.0
26,125,4.911486784720238,0.909089327368547,0.0,0.0,0.0,1.0,1.0,1.0
27,125,1.7409913174523537,3.910179657715432,0.0,0.0,0.0,1.0,0.0,1.0
28,125,0.0,3.782996311847545,0.0,0.0,0.0,0.0,0.0,0.0
29,125,3.4595504990638446,2.997225019110438,1.0,0.0,0.0,0.0,0.0,0.0
30,125,11.333068998061702,0.0,1.0,1.0,0.0,0.0,1.0,1.0
31,125,1.1213647856501503,7.821965060557778,1.0,1.0,1.0,1.0,0.0,0.0
32,125,2.966430665635813,11.35564541054865,0.0,0.0,0.0,1.0,0.0,0.0
33,125,1.9846928405879247,2.9293030480170925,0.0,1.0,0.0,0.0,0.0,0.0
34,125,3.680559476461589,12.0,0.0,1.0,0.0,0.0,1.0,0.0
35,125,5.586612142996724,3.54200395451897,1.0,0.0,0.0,0.0,1.0,0.0
36,125,1.4241901378833963,5.138241932252321,0.0,1.0,1.0,0.0,1.0,1.0
37,125,10.206535830503816,9.716243397850274,1.0,0.0,0.0,0.0,1.0,1.0
38,125,0.1669502313902523,11.21686445808727,1.0,0.0,1.0,0.0,1.0,0.0
39,125,11.150644284110449,6.400335186281754,0.0,1.0,1.0,1.0,1.0,1.0
0,130,9.514164483727876,5.077572617061483,0.0,1.0,0.0,1.0,0.0,1.0
1,130,9.440472004216492,4.247951748125263,1.0,0.0,1.0,1.0,1.0,1.0
2,130,0.3066508459135645,8.0710552619992,0.0,0.0,0.0,0.0,0.0,0.0
3,130,7.421674905558257,9.66081984489675,0.0,0.0,1.0,0.0,0.0,0.0
4,130,0.5092437187633898,9.135607536181483,0.0,0.0,1.0,0.0,1.0,0.0
5,130,11.12662323136006,5.632830029569203,1.0,1.0,0.0,0.0,0.0,0.0
6,130,6.284005432161433,6.567085346773696,1.0,0.0,1.0,0.0,1.0,1.0
7,130,12.0,6.351750706408796,0.0,0.0,0.0,0.0,1.0,0.0
8,130,7.591228100964555,4.749237464344779,0.0,0.0,1.0,1.0,0.0,1.0
9,130,7.475440830773266,0.0,1.0,0.0,0.0,1.0,0.0,0.0
10,130,1.5546426675238925,10.847630476140946,0.0,1.0,1.0,0.0,0.0,0.0
11,130,12.0,2.541691710968765,0.0,0.0,0.0,0.0,1.0,1.0
12,130,8.242294350012859,7.279364384483553,0.0,0.0,0.0,0.0,0.0,0.0
13,130,1.9190755814663445,6.842768740169225,0.0,1.0,0.0,1.0,1.0,0.0
14,130,0.0,0.0529452671054296,1.0,0.0,0.0,1.0,0.0,0.0
15,130,0.0,6.985899051427003,0.0,0.0,0.0,0.0,1.0,0.0
16,130,11.24633542410514,10.791800540052506,1.0,0.0,0.0,0.0,1.0,0.0
17,130,8.894653435343187,0.3142063910896155,1.0,0.0,0.0,1.0,0.0,0.0
18,130,3.455824202642044,0.0,0.0,0.0,0.0,0.0,0.0,0.0
19,130,0.951151651716136,10.057580021852324,0.0,0.0,1.0,1.0,0.0,0.0
20,130,11.833164394140264,3.7964264891973913,0.0,0.0,0.0,0.0,0.0,0.0
21,130,11.24064319460086,8.980599119439223,0.0,0.0,0.0,0.0,1.0,1.0
22,130,5.4190269142766985,0.5890846949424282,0.0,0.0,0.0,0.0,0.0,0.0
23,130,5.371492991510771,6.205038465534188,0.0,1.0,1.0,1.0,0.0,1.0
24,130,4.077913469430428,2.1872149942454286,1.0,1.0,1.0,1.0,0.0,0.0
25,130,8.090590139419572,5.859293741190889,0.0,1.0,0.0,0.0,1.0,1.0
26,130,4.878888070511766,0.8554382381021499,0.0,0.0,0.0,1.0,1.0,1.0
27,130,1.7326827601501986,3.898523043899152,0.0,0.0,0.0,1.0,0.0,1.0
28,130,0.0,3.804708747969274,0.0,0.0,0.0,0.0,0.0,0.0
29,130,3.3696549513608924,3.038797042484617,1.0,0.0,0.0,0.0,0.0,0.0
30,130,11.298894076663936,0.0,1.0,1.0,0.0,0.0,1.0,1.0
31,130,1.0975594450278257,7.818982321680997,1.0,1.0,1.0,1.0,0.0,0.0
32,130,2.8479266702208346,11.386084496042647,0.0,0.0,0.0,1.0,0.0,0.0
33,130,1.9221102958494332,2.9494379597270357,0.0,1.0,0.0,0.0,0.0,0.0
34,130,3.606745955813523,12.0,0.0,1.0,0.0,0.0,1.0,0.0
35,130,5.658654301576237,3.5482918333387503,1.0,0.0,0.0,0.0,1.0,0.0
36,130,1.5540130306428803,5.16437329889792,0.0,1.0,1.0,0.0,1.0,1.0
37,130,10.155634724065376,9.559767598583417,1.0,0.0,0.0,0.0,1.0,1.0
38,130,0.1860295959922839,11.126226036770197,1.0,0.0,1.0,0.0,1.0,0.0
39,130,11.1626540457742,6.494008137581079,0.0,1.0,1.0,1.0,1.0,1.0
0,135,9.42039023367576,5.091213243841682,0.0,1.0,0.0,1.0,0.0,1.0
1,135,9.451508867872787,4.247412655402972,1.0,0.0,1.0,1.0,1.0,1.0
2,135,0.3081405956589632,8.068850451555956,0.0,0.0,0.0,0.0,0.0,0.0
3,135,7.450827234600695,9.700891025048024,0.0,0.0,1.0,0.0,0.0,0.0
4,135,0.481678097140268,9.092624176512594,0.0,0.0,1.0,0.0,1.0,0.0
5,135,11.062783998159055,5.597933966211826,1.0,1.0,0.0,0.0,0.0,0.0
6,135,6.389264823998446,6.504140183937762,1.0,0.0,1.0,0.0,1.0,1.0
7,135,12.0,6.413237735642521,0.0,0.0,0.0,0.0,1.0,0.0
8,135,7.682939589369297,4.733296292170424,0.0,0.0,1.0,1.0,0.0,1.0
9,135,7.398943385105671,0.0,1.0,0.0,0.0,1.0,0.0,0.0
10,135,1.565268143583277,10.850476053084297,0.0,1.0,1.0,0.0,0.0,0.0
11,135,12.0,2.6016627448324154,0.0,0.0,0.0,0.0,1.0,1.0
12,135,8.237695374749451,7.272522934811527,0.0,0.0,0.0,0.0,0.0,0.0
13,135,1.7991291532919171,6.839491715868343,0.0,1.0,0.0,1.0,1.0,0.0
14,135,0.0,0.0553022856034389,1.0,0.0,0.0,1.0,0.0,0.0
15,135,0.0,7.025029001180788,0.0,0.0,0.0,0.0,1.0,0.0
16,135,11.25304482489918,10.760791856403754,1.0,0.0,0.0,0.0,1.0,0.0
17,135,8.903736958813722,0.317903364009572,1.0,0.0,0.0,1.0,0.0,0.0
18,135,3.5104734393581243,0.0,0.0,0.0,0.0,0.0,0.0,0.0
19,135,0.8190131541519416,10.250664948327106,0.0,0.0,1.0,1.0,0.0,0.0
20,135,11.94722083859798,3.821698316981764,0.0,0.0,0.0,0.0,0.0,0.0
21,135,11.235838871808516,9.034181604846296,0.0,0.0,0.0,0.0,1.0,1.0
22,135,5.272047999146203,0.584276394529692,0.0,0.0,0.0,0.0,0.0,0.0
23,135,5.410669339593863,6.204565828717752,0.0,1.0,1.0,1.0,0.0,1.0
24,135,4.126403074048248,2.1772207188599384,1.0,1.0,1.0,1.0,0.0,0.0
25,135,8.010046760706501,5.937789021894579,0.0,1.0,0.0,0.0,1.0,1.0
26,135,4.836821879355197,0.7864917361399184,0.0,0.0,0.0,1.0,1.0,1.0
27,135,1.7299973572221496,3.8948902924274815,0.0,0.0,0.0,1.0,0.0,1.0
28,135,0.0,3.8331985363499657,0.0,0.0,0.0,0.0,0.0,0.0
29,135,3.3006060988317283,3.0740675352001405,1.0,0.0,0.0,0.0,0.0,0.0
30,135,11.26494233223536,0.0,1.0,1.0,0.0,0.0,1.0,1.0
31,135,1.0638384602444089,7.814629910505634,1.0,1.0,1.0,1.0,0.0,0.0
32,135,2.725454415348111,11.418857133606814,0.0,0.0,0.0,1.0,0.0,0.0
33,135,1.8374630332698387,2.9754600928221824,0.0,1.0,0.0,0.0,0.0,0.0
34,135,3.5315277768892344,12.0,0.0,1.0,0.0,0.0,1.0,0.0
35,135,5.749491285701188,3.5525509475262016,1.0,0.0,0.0,0.0,1.0,0.0
36,135,1.6861924393755947,5.185893400504656,0.0,1.0,1.0,0.0,1.0,1.0
37,135,10.108670872581074,9.421779511301684,1.0,0.0,0.0,0.0,1.0,1.0
38,135,0.2040620380986941,11.041468344191252,1.0,0.0,1.0,0.0,1.0,0.0
39,135,11.182182838025913,6.615398615167185,0.0,1.0,1.0,1.0,1.0,1.0
0,140,9.356770047592326,5.100819286137339,0.0,1.0,0.0,1.0,0.0,1.0
1,140,9.4530674564093,4.24735279815775,1.0,0.0,1.0,1.0,1.0,1.0
2,140,0.3202648447537772,8.050618156687573,0.0,0.0,0.0,0.0,0.0,0.0
3,140,7.468860733511519,9.726587468329535,0.0,0.0,1.0,0.0,0.0,0.0
4,140,0.4480182807677296,9.03988373534682,0.0,0.0,1.0,0.0,1.0,0.0
5,140,11.000206185126013,5.5644002326962365,1.0,1.0,0.0,0.0,0.0,0.0
6,140,6.508715720390664,6.431913933674509,1.0,0.0,1.0,0.0,1.0,1.0
7,140,12.0,6.480219628767288,0.0,0.0,0.0,0.0,1.0,0.0
8,140,7.7621140382318705,4.722275261283174,0.0,0.0,1.0,1.0,0.0,1.0
9,140,7.302063317091151,0.0,1.0,0.0,0.0,1.0,0.0,0.0
10,140,1.5804040689434773,10.854490599844674,0.0,1.0,1.0,0.0,0.0,0.0
11,140,12.0,2.646607950982573,0.0,0.0,0.0,0.0,1.0,1.0
12,140,8.235063088106552,7.268325076220762,0.0,0.0,0.0,0.0,0.0,0.0
13,140,1.7047251392006828,6.836094538846409,0.0,1.0,0.0,1.0,1.0,0.0
14,140,0.0,0.057624612883741,1.0,0.0,0.0,1.0,0.0,0.0
15,140,0.0,7.068900930784187,0.0,0.0,0.0,0.0,1.0,0.0
16,140,11.259300484252046,10.73115137027336,1.0,0.0,0.0,0.0,1.0,0.0
17,140,8.910623675423354,0.3204792849008547,1.0,0.0,0.0,1.0,0.0,0.0
18,140,3.570888161084341,0.0,0.0,0.0,0.0,0.0,0.0,0.0
19,140,0.6767326548860905,10.45962193188385,0.0,0.0,1.0,1.0,0.0,0.0
20,140,12.0,3.8515511737528816,0.0,0.0,0.0,0.0,0.0,0.0
21,140,11.233438684452851,9.080971125270828,0.0,0.0,0.0,0.0,1.0,1.0
22,140,5.123844561081062,0.5847254852195334,0.0,0.0,0.0,0.0,0.0,0.0
23,140,5.437598107443991,6.203312258124884,0.0,1.0,1.0,1.0,0.0,1.0
24,140,4.167678214204725,2.1682493195013453,1.0,1.0,1.0,1.0,0.0,0.0
25,140,7.92605947312246,6.013882563053088,0.0,1.0,0.0,0.0,1.0,1.0
26,140,4.795157988356581,0.7158019053712659,0.0,0.0,0.0,1.0,1.0,1.0
27,140,1.7371131183822717,3.904150541037063,0.0,0.0,0.0,1.0,0.0,1.0
28,140,0.0,3.857230679955077,0.0,0.0,0.0,0.0,0.0,0.0
29,140,3.234909758079849,3.1066158026271125,1.0,0.0,0.0,0.0,0.0,0.0
30,140,11.224003282656604,0.0,1.0,1.0,0.0,0.0,1.0,1.0
31,140,1.012669792120263,7.806708951876775,1.0,1.0,1.0,1.0,0.0,0.0
32,140,2.60551173269492,11.448263062947849,0.0,0.0,0.0,1.0,0.0,0.0
33,140,1.7506146188513176,3.003198906789002,0.0,1.0,0.0,0.0,0.0,0.0
34,140,3.4455833397939224,12.0,0.0,1.0,0.0,0.0,1.0,0.0
35,140,5.823804714443326,3.556351966416438,1.0,0.0,0.0,0.0,1.0,0.0
36,140,1.8175216799362968,5.2072733552157215,0.0,1.0,1.0,0.0,1.0,1.0
37,140,10.06248603685133,9.288441534210012,1.0,0.0,0.0,0.0,1.0,1.0
38,140,0.2188039480705582,10.97280872001628,1.0,0.0,1.0,0.0,1.0,0.0
39,140,11.205015183290632,6.75664052479658,0.0,1.0,1.0,1.0,1.0,1.0
0,145,9.293920922294754,5.109165467470504,0.0,1.0,0.0,1.0,0.0,1.0
1,145,9.461748219683326,4.246977115368424,1.0,0.0,1.0,1.0,1.0,1.0
2,145,0.347835944906099,8.01085725010233,0.0,0.0,0.0,0.0,0.0,0.0
3,145,7.478790100509272,9.740859200509156,0.0,0.0,1.0,0.0,0.0,0.0
4,145,0.4085225309839347,8.975268903464213,0.0,0.0,1.0,0.0,1.0,0.0
5,145,10.943110680336122,5.534249479144463,1.0,1.0,0.0,0.0,0.0,0.0
6,145,6.608795111673611,6.372623592665784,1.0,0.0,1.0,0.0,1.0,1.0
7,145,12.0,6.530474428168448,0.0,0.0,0.0,0.0,1.0,0.0
8,145,7.828216035833075,4.712354503526484,0.0,0.0,1.0,1.0,0.0,1.0
9,145,7.2047311525157065,0.0,1.0,0.0,0.0,1.0,0.0,0.0
10,145,1.608985961848099,10.862812232114546,0.0,1.0,1.0,0.0,0.0,0.0
11,145,12.0,2.6663331211057013,0.0,0.0,0.0,0.0,1.0,1.0
12,145,8.235943198276841,7.269697351221137,0.0,0.0,0.0,0.0,0.0,0.0
13,145,1.616340543242768,6.8337389973746525,0.0,1.0,0.0,1.0,1.0,0.0
14,145,0.0,0.0605161231343539,1.0,0.0,0.0,1.0,0.0,0.0
15,145,0.0,7.106610381438128,0.0,0.0,0.0,0.0,1.0,0.0
16,145,11.265515923371035,10.70574383490226,1.0,0.0,0.0,0.0,1.0,0.0
17,145,8.909139601634418,0.3198816980872223,1.0,0.0,0.0,1.0,0.0,0.0
18,145,3.624400334624125,0.0,0.0,0.0,0.0,0.0,0.0,0.0
19,145,0.5364566398430775,10.677258190529326,0.0,0.0,1.0,1.0,0.0,0.0
20,145,12.0,3.881841149624688,0.0,0.0,0.0,0.0,0.0,0.0
21,145,11.232071336396183,9.112099325578964,0.0,0.0,0.0,0.0,1.0,1.0
22,145,4.980916226888693,0.5836825475195698,0.0,0.0,0.0,0.0,0.0,0.0
23,145,5.487929972116246,6.200815384367677,0.0,1.0,1.0,1.0,0.0,1.0
24,145,4.21657455578426,2.1570002930140024,1.0,1.0,1.0,1.0,0.0,0.0
25,145,7.852476691882825,6.079791875025072,0.0,1.0,0.0,0.0,1.0,1.0
26,145,4.753446085158693,0.6418069609281013,0.0,0.0,0.0,1.0,1.0,1.0
27,145,1.739820169533924,3.907779382885632,0.0,0.0,0.0,1.0,0.0,1.0
28,145,0.0,3.876521248916623,0.0,0.0,0.0,0.0,0.0,0.0
29,145,3.13962742839235,3.1557199548085637,1.0,0.0,0.0,0.0,0.0,0.0
30,145,11.186223344853357,0.0,1.0,1.0,0.0,0.0,1.0,1.0
31,145,0.9630816614145228,7.800575042271592,1.0,1.0,1.0,1.0,0.0,0.0
32,145,2.4772477135213204,11.47972090033618,0.0,0.0,0.0,1.0,0.0,0.0
33,145,1.6855503213122272,3.0248634047512035,0.0,1.0,0.0,0.0,0.0,0.0
34,145,3.386193938058329,12.0,0.0,1.0,0.0,0.0,1.0,0.0
35,145,5.876886136157236,3.5597839514014344,1.0,0.0,0.0,0.0,1.0,0.0
36,145,1.9422686211153075,5.227637073432447,0.0,1.0,1.0,0.0,1.0,1.0
37,145,10.019695322550035,9.15200206057796,1.0,0.0,0.0,0.0,1.0,1.0
38,145,0.2283472810412213,10.92742994153918,1.0,0.0,1.0,0.0,1.0,0.0
39,145,11.23037927398541,6.90893284574488,0.0,1.0,1.0,1.0,1.0,1.0
0,150,9.223457027592204,5.120116920234857,0.0,1.0,0.0,1.0,0.0,1.0
1,150,9.463831144764631,4.246897245484481,1.0,0.0,1.0,1.0,1.0,1.0
2,150,0.3707963940120539,7.976877360558079,0.0,0.0,0.0,0.0,0.0,0.0
3,150,7.499151476069905,9.769475760914696,0.0,0.0,1.0,0.0,0.0,0.0
4,150,0.3637126923383394,8.905053398954031,0.0,0.0,1.0,0.0,1.0,0.0
5,150,10.865168737383716,5.49419049510318,1.0,1.0,0.0,0.0,0.0,0.0
6,150,6.72290209975793,6.301250852418305,1.0,0.0,1.0,0.0,1.0,1.0
7,150,12.0,6.588235293765083,0.0,0.0,0.0,0.0,1.0,0.0
8,150,7.908840068603991,4.700209981158721,0.0,0.0,1.0,1.0,0.0,1.0
9,150,7.0881422408412575,0.0,1.0,0.0,0.0,1.0,0.0,0.0
10,150,1.620510923301259,10.866026381444966,0.0,1.0,1.0,0.0,0.0,0.0
11,150,12.0,2.685006657042552,0.0,0.0,0.0,0.0,1.0,1.0
12,150,8.241022954705251,7.277448021933063,0.0,0.0,0.0,0.0,0.0,0.0
13,150,1.5255856331316788,6.831918818854044,0.0,1.0,0.0,1.0,1.0,0.0
14,150,0.0,0.062466889820215,1.0,0.0,0.0,1.0,0.0,0.0
15,150,0.0,7.139756910158769,0.0,0.0,0.0,0.0,1.0,0.0
16,150,11.278230890940751,10.661136545424956,1.0,0.0,0.0,0.0,1.0,0.0
17,150,8.906374967826395,0.3186755767416034,1.0,0.0,0.0,1.0,0.0,0.0
18,150,3.678660958690053,0.0,0.0,0.0,0.0,0.0,0.0,0.0
19,150,0.4067483969690184,10.871066478496068,0.0,0.0,1.0,1.0,0.0,0.0
20,150,12.0,3.913177729275111,0.0,0.0,0.0,0.0,0.0,0.0
21,150,11.230008806345923,9.136562943785492,0.0,0.0,0.0,0.0,1.0,1.0
22,150,4.842452612898673,0.5823632634947064,0.0,0.0,0.0,0.0,0.0,0.0
23,150,5.525039921986422,6.198356176109754,0.0,1.0,1.0,1.0,0.0,1.0
24,150,4.271860532439695,2.145265041707808,1.0,1.0,1.0,1.0,0.0,0.0
25,150,7.780434064485305,6.14206518534417,0.0,1.0,0.0,0.0,1.0,1.0
26,150,4.703844892604691,0.5552434411934932,0.0,0.0,0.0,1.0,1.0,1.0
27,150,1.7458425579432113,3.916305685524636,0.0,0.0,0.0,1.0,0.0,1.0
28,150,0.0,3.899080335002956,0.0,0.0,0.0,0.0,0.0,0.0
29,150,3.026399411376074,3.2162750599131527,1.0,0.0,0.0,0.0,0.0,0.0
30,150,11.152931497893366,0.0,1.0,1.0,0.0,0.0,1.0,1.0
31,150,0.9042402002783412,7.7915456564595855,1.0,1.0,1.0,1.0,0.0,0.0
32,150,2.3458607638530853,11.513804797668442,0.0,0.0,0.0,1.0,0.0,0.0
33,150,1.6228172403464307,3.046677030116214,0.0,1.0,0.0,0.0,0.0,0.0
34,150,3.31307873207014,12.0,0.0,1.0,0.0,0.0,1.0,0.0
35,150,5.922726925667935,3.561791661781322,1.0,0.0,0.0,0.0,1.0,0.0
36,150,2.0688632436601964,5.250582586605676,0.0,1.0,1.0,0.0,1.0,1.0
37,150,9.972814505341544,9.011411303040214,1.0,0.0,0.0,0.0,1.0,1.0
38,150,0.239468169037461,10.869489700409137,1.0,0.0,1.0,0.0,1.0,0.0
39,150,11.255910462444795,7.081368599749815,0.0,1.0,1.0,1.0,1.0,1.0
0,155,9.140242036170894,5.131351383981068,0.0,1.0,0.0,1.0,0.0,1.0
1,155,9.47731048368214,4.246278989371344,1.0,0.0,1.0,1.0,1.0,1.0
2,155,0.3879762423743296,7.950845148905416,0.0,0.0,0.0,0.0,0.0,0.0
3,155,7.5232121667272915,9.80007844248397,0.0,0.0,1.0,0.0,0.0,0.0
4,155,0.300926257088311,8.808086369243952,0.0,0.0,1.0,0.0,1.0,0.0
5,155,10.803994436740064,5.463155898328132,1.0,1.0,0.0,0.0,0.0,0.0
6,155,6.840017734057259,6.2313148269819045,1.0,0.0,1.0,0.0,1.0,1.0
7,155,12.0,6.66516492231603,0.0,0.0,0.0,0.0,1.0,0.0
8,155,8.010903030705338,4.6842166096857545,0.0,0.0,1.0,1.0,0.0,1.0
9,155,6.975266909296133,0.0,1.0,0.0,0.0,1.0,0.0,0.0
10,155,1.6220292334208148,10.866439914283648,0.0,1.0,1.0,0.0,0.0,0.0
11,155,12.0,2.7071501021451003,0.0,0.0,0.0,0.0,1.0,1.0
12,155,8.251467301668034,7.29285091930045,0.0,0.0,0.0,0.0,0.0,0.0
13,155,1.4329137122571955,6.830007265096981,0.0,1.0,0.0,1.0,1.0,0.0
14,155,0.0,0.0637885233887841,1.0,0.0,0.0,1.0,0.0,0.0
15,155,0.0,7.177723908233976,0.0,0.0,0.0,0.0,1.0,0.0
16,155,11.290921360196531,10.61507735455936,1.0,0.0,0.0,0.0,1.0,0.0
17,155,8.890261946100049,0.3114912919268213,1.0,0.0,0.0,1.0,0.0,0.0
18,155,3.730091304729737,0.0,0.0,0.0,0.0,0.0,0.0,0.0
19,155,0.2831096556305913,11.045599809649078,0.0,0.0,1.0,1.0,0.0,0.0
20,155,12.0,3.9423982420700434,0.0,0.0,0.0,0.0,0.0,0.0
21,155,11.226982013343097,9.166144667116797,0.0,0.0,0.0,0.0,1.0,1.0
22,155,4.721775918061197,0.5803179398167851,0.0,0.0,0.0,0.0,0.0,0.0
23,155,5.568960736686622,6.194193643787842,0.0,1.0,1.0,1.0,0.0,1.0
24,155,4.327094499267083,2.1332662437614998,1.0,1.0,1.0,1.0,0.0,0.0
25,155,7.705830216437103,6.206317196318377,0.0,1.0,0.0,0.0,1.0,1.0
26,155,4.665082726820812,0.4874588848184777,0.0,0.0,0.0,1.0,1.0,1.0
27,155,1.7550000125251255,3.928383518664584,0.0,0.0,0.0,1.0,0.0,1.0
28,155,0.0,3.913367035991232,0.0,0.0,0.0,0.0,0.0,0.0
29,155,2.898535813340815,3.2875564357391247,1.0,0.0,0.0,0.0,0.0,0.0
30,155,11.122015276035988,0.0,1.0,1.0,0.0,0.0,1.0,1.0
31,155,0.8428286363611405,7.782088434927835,1.0,1.0,1.0,1.0,0.0,0.0
32,155,2.190824313404104,11.553662012499885,0.0,0.0,0.0,1.0,0.0,0.0
33,155,1.5592286844030483,3.067868497785782,0.0,1.0,0.0,0.0,0.0,0.0
34,155,3.2342516425348897,12.0,0.0,1.0,0.0,0.0,1.0,0.0
35,155,5.979805917573491,3.563680820149237,1.0,0.0,0.0,0.0,1.0,0.0
36,155,2.194079562118939,5.272049760177399,0.0,1.0,1.0,0.0,1.0,1.0
37,155,9.929997435881056,8.879174250249026,1.0,0.0,0.0,0.0,1.0,1.0
38,155,0.2546037252104372,10.786301304052532,1.0,0.0,1.0,0.0,1.0,0.0
39,155,11.286806093806335,7.271940704120454,0.0,1.0,1.0,1.0,1.0,1.0
0,160,9.06284403257851,5.142794065906404,0.0,1.0,0.0,1.0,0.0,1.0
1,160,9.490752152176324,4.245493012725226,1.0,0.0,1.0,1.0,1.0,1.0
2,160,0.4002606063207677,7.931583313787587,0.0,0.0,0.0,0.0,0.0,0.0
3,160,7.539546203046787,9.820192811154111,0.0,0.0,1.0,0.0,0.0,0.0
4,160,0.240110680032507,8.717303760570012,0.0,0.0,1.0,0.0,1.0,0.0
5,160,10.75101889011624,5.436815632694368,1.0,1.0,0.0,0.0,0.0,0.0
6,160,6.931728604916432,6.174844982077584,1.0,0.0,1.0,0.0,1.0,1.0
7,160,12.0,6.743479207984978,0.0,0.0,0.0,0.0,1.0,0.0
8,160,8.109725893519446,4.6678263013717975,0.0,0.0,1.0,1.0,0.0,1.0
9,160,6.87065572592462,0.0,1.0,0.0,0.0,1.0,0.0,0.0
10,160,1.6429940441352326,10.87280948801006,0.0,1.0,1.0,0.0,0.0,0.0
11,160,12.0,2.729472641756275,0.0,0.0,0.0,0.0,1.0,1.0
12,160,8.262648879024335,7.309093851199565,0.0,0.0,0.0,0.0,0.0,0.0
13,160,1.3338961598543684,6.826746089694015,0.0,1.0,0.0,1.0,1.0,0.0
14,160,0.0,0.0661361672116959,1.0,0.0,0.0,1.0,0.0,0.0
15,160,0.0,7.215355801935156,0.0,0.0,0.0,0.0,1.0,0.0
16,160,11.301694497875513,10.574702838181333,1.0,0.0,0.0,0.0,1.0,0.0
17,160,8.854485471798863,0.295745454376829,1.0,0.0,0.0,1.0,0.0,0.0
18,160,3.7758287332469926,0.0,0.0,0.0,0.0,0.0,0.0,0.0
19,160,0.1620575801792941,11.216993640532804,0.0,0.0,1.0,1.0,0.0,0.0
20,160,12.0,3.9738656859845016,0.0,0.0,0.0,0.0,0.0,0.0
21,160,11.225800669445128,9.179467658728829,0.0,0.0,0.0,0.0,1.0,1.0
22,160,4.615487503750311,0.5791307730405448,0.0,0.0,0.0,0.0,0.0,0.0
23,160,5.612504787829324,6.188812480931566,0.0,1.0,1.0,1.0,0.0,1.0
24,160,4.39310972475465,2.1158257406499126,1.0,1.0,1.0,1.0,0.0,0.0
25,160,7.637119312169288,6.265654959698512,0.0,1.0,0.0,0.0,1.0,1.0
26,160,4.63713183092892,0.4383276059610457,0.0,0.0,0.0,1.0,1.0,1.0
27,160,1.7740061431083682,3.954038752820597,0.0,0.0,0.0,1.0,0.0,1.0
28,160,0.0,3.929457735408799,0.0,0.0,0.0,0.0,0.0,0.0
29,160,2.77200015328657,3.3591965043242182,1.0,0.0,0.0,0.0,0.0,0.0
30,160,11.099001042759443,0.0,1.0,1.0,0.0,0.0,1.0,1.0
31,160,0.7789847798457936,7.769625946243115,1.0,1.0,1.0,1.0,0.0,0.0
32,160,2.041765641125655,11.58768779608084,0.0,0.0,0.0,1.0,0.0,0.0
33,160,1.4744041390726803,3.093770766209216,0.0,1.0,0.0,0.0,0.0,0.0
34,160,3.162643556740043,12.0,0.0,1.0,0.0,0.0,1.0,0.0
35,160,6.026881283784373,3.565643606101703,1.0,0.0,0.0,0.0,1.0,0.0
36,160,2.3081573759483045,5.291629724862349,0.0,1.0,1.0,0.0,1.0,1.0
37,160,9.886599747138648,8.749685081386918,1.0,0.0,0.0,0.0,1.0,1.0
38,160,0.2698206672451666,10.6995253732724,1.0,0.0,1.0,0.0,1.0,0.0
39,160,11.31825022692828,7.4474408373248036,0.0,1.0,1.0,1.0,1.0,1.0
0,165,8.990419926748745,5.153699958292658,0.0,1.0,0.0,1.0,0.0,1.0
1,165,9.509222080465584,4.24486342012069,1.0,0.0,1.0,1.0,1.0,1.0
2,165,0.406058868210382,7.935468057129599,0.0,0.0,0.0,0.0,0.0,0.0
3,165,7.559163176345048,9.84422468413967,0.0,0.0,1.0,0.0,0.0,0.0
4,165,0.3444620610200712,8.644456941628187,0.0,0.0,1.0,0.0,1.0,0.0
5,165,10.690122066624651,5.405466526814712,1.0,1.0,0.0,0.0,0.0,0.0
6,165,7.04486769118198,6.1052756477770345,1.0,0.0,1.0,0.0,1.0,1.0
7,165,12.0,6.819637229429405,0.0,0.0,0.0,0.0,1.0,0.0
8,165,8.203230115939888,4.651954200610698,0.0,0.0,1.0,1.0,0.0,1.0
9,165,6.7648102165401305,0.0,1.0,0.0,0.0,1.0,0.0,0.0
10,165,1.6706966498358713,10.881610928742386,0.0,1.0,1.0,0.0,0.0,0.0
11,165,12.0,2.7638855258740764,0.0,0.0,0.0,0.0,1.0,1.0
12,165,8.279528243678486,7.3342788188230355,0.0,0.0,0.0,0.0,0.0,0.0
13,165,1.2318018139896143,6.826777230036552,0.0,1.0,0.0,1.0,1.0,0.0
14,165,0.0,0.0676893561996078,1.0,0.0,0.0,1.0,0.0,0.0
15,165,0.0,7.2542981574234995,0.0,0.0,0.0,0.0,1.0,0.0
16,165,11.31590959959973,10.520428631252829,1.0,0.0,0.0,0.0,1.0,0.0
17,165,8.817524930582218,0.2792033567219705,1.0,0.0,0.0,1.0,0.0,0.0
18,165,3.795276332027007,0.0,0.0,0.0,0.0,0.0,0.0,0.0
19,165,0.0344914835045114,11.4002585188962,0.0,0.0,1.0,1.0,0.0,0.0
20,165,12.0,3.999076760869917,0.0,0.0,0.0,0.0,0.0,0.0
21,165,11.226466996807783,9.17090574889866,0.0,0.0,0.0,0.0,1.0,1.0
22,165,4.536262183607686,0.5783844327027564,0.0,0.0,0.0,0.0,0.0,0.0
23,165,5.6410135173606495,6.18528962791938,0.0,1.0,1.0,1.0,0.0,1.0
24,165,4.450247964878408,2.097938439698084,1.0,1.0,1.0,1.0,0.0,0.0
25,165,7.570036627010973,6.325709694786301,0.0,1.0,0.0,0.0,1.0,1.0
26,165,4.611864863182618,0.3926366393846932,0.0,0.0,0.0,1.0,1.0,1.0
27,165,1.784054663759311,3.967610610127548,0.0,0.0,0.0,1.0,0.0,1.0
28,165,0.0,3.955926672968184,0.0,0.0,0.0,0.0,0.0,0.0
29,165,2.647781012443483,3.4273300835346503,1.0,0.0,0.0,0.0,0.0,0.0
30,165,11.07496677369811,0.0,1.0,1.0,0.0,0.0,1.0,1.0
31,165,0.7151582389673419,7.757469282650187,1.0,1.0,1.0,1.0,0.0,0.0
32,165,1.9140835883108291,11.618889014346593,0.0,0.0,0.0,1.0,0.0,0.0
33,165,1.3785921706618784,3.122025290708021,0.0,1.0,0.0,0.0,0.0,0.0
34,165,3.115969139575057,12.0,0.0,1.0,0.0,0.0,1.0,0.0
35,165,6.068166500023691,3.5674506706423603,1.0,0.0,0.0,0.0,1.0,0.0
36,165,2.439125455139204,5.314862455975876,0.0,1.0,1.0,0.0,1.0,1.0
37,165,9.848230263236193,8.635294897488356,1.0,0.0,0.0,0.0,1.0,1.0
38,165,0.2848493299013699,10.614729211616243,1.0,0.0,1.0,0.0,1.0,0.0
39,165,11.3540839934117,7.640003478107264,0.0,1.0,1.0,1.0,1.0,1.0
0,170,8.916716005406625,5.163891000905069,0.0,1.0,0.0,1.0,0.0,1.0
1,170,9.527683787696825,4.244341179737271,1.0,0.0,1.0,1.0,1.0,1.0
2,170,0.4155097122780162,7.941250479049169,0.0,0.0,0.0,0.0,0.0,0.0
3,170,7.577181938593431,9.864825033567453,0.0,0.0,1.0,0.0,0.0,0.0
4,170,0.4556644740557195,8.56647884376011,0.0,0.0,1.0,0.0,1.0,0.0
5,170,10.626314269622052,5.372496879765757,1.0,1.0,0.0,0.0,0.0,0.0
6,170,7.151830302299744,6.03933675586056,1.0,0.0,1.0,0.0,1.0,1.0
7,170,12.0,6.901496899353209,0.0,0.0,0.0,0.0,1.0,0.0
8,170,8.281259680685716,4.6379091312222345,0.0,0.0,1.0,1.0,0.0,1.0
9,170,6.652480031521767,0.0,1.0,0.0,0.0,1.0,0.0,0.0
10,170,1.6999513467609408,10.890821231292437,0.0,1.0,1.0,0.0,0.0,0.0
11,170,12.0,2.812940737403628,0.0,0.0,0.0,0.0,1.0,1.0
12,170,8.293098429116828,7.353333401313779,0.0,0.0,0.0,0.0,0.0,0.0
13,170,1.1286606138755446,6.827468771993007,0.0,1.0,0.0,1.0,1.0,0.0
14,170,0.0,0.0704250030043934,1.0,0.0,0.0,1.0,0.0,0.0
15,170,0.0,7.298920058509084,0.0,0.0,0.0,0.0,1.0,0.0
16,170,11.329415391193184,10.466005854111012,1.0,0.0,0.0,0.0,1.0,0.0
17,170,8.772851607311177,0.2600801344931676,1.0,0.0,0.0,1.0,0.0,0.0
18,170,3.813000721224789,0.0,0.0,0.0,0.0,0.0,0.0,0.0
19,170,0.0,11.60540449833865,0.0,0.0,1.0,1.0,0.0,0.0
20,170,12.0,4.026531190253124,0.0,0.0,0.0,0.0,0.0,0.0
21,170,11.225246523350204,9.190205867636193,0.0,0.0,0.0,0.0,1.0,1.0
22,170,4.4331513369924815,0.5798767188889647,0.0,0.0,0.0,0.0,0.0,0.0
23,170,5.68042393702776,6.179939993182426,0.0,1.0,1.0,1.0,0.0,1.0
24,170,4.514550991358012,2.079306095561553,1.0,1.0,1.0,1.0,0.0,0.0
25,170,7.500264109172912,6.386840153017386,0.0,1.0,0.0,0.0,1.0,1.0
26,170,4.5824768725538085,0.3395560746594067,0.0,0.0,0.0,1.0,1.0,1.0
27,170,1.7870779143287594,3.9717409295624257,0.0,0.0,0.0,1.0,0.0,1.0
28,170,0.0,3.9774823151212817,0.0,0.0,0.0,0.0,0.0,0.0
29,170,2.535990510222184,3.488273904747125,1.0,0.0,0.0,0.0,0.0,0.0
30,170,11.052487411745496,0.0,1.0,1.0,0.0,0.0,1.0,1.0
31,170,0.640888302912996,7.7412443594272915,1.0,1.0,1.0,1.0,0.0,0.0
32,170,1.7834202819005418,11.647900511026888,0.0,0.0,0.0,1.0,0.0,0.0
33,170,1.2815540740103843,3.1527182836307026,0.0,1.0,0.0,0.0,0.0,0.0
34,170,3.060012613229864,12.0,0.0,1.0,0.0,0.0,1.0,0.0
35,170,6.0942628687392855,3.568481436520829,1.0,0.0,0.0,0.0,1.0,0.0
36,170,2.600919781952556,5.342402827305542,0.0,1.0,1.0,0.0,1.0,1.0
37,170,9.810878491471842,8.514141351651611,1.0,0.0,0.0,0.0,1.0,1.0
38,170,0.2979010443831353,10.546292005149835,1.0,0.0,1.0,0.0,1.0,0.0
39,170,11.39420353984038,7.855839596438543,0.0,1.0,1.0,1.0,1.0,1.0
0,175,8.84843549506173,5.175279067976338,0.0,1.0,0.0,1.0,0.0,1.0
1,175,9.545418691114165,4.243754595373052,1.0,0.0,1.0,1.0,1.0,1.0
2,175,0.4308851517548603,7.951424879885212,0.0,0.0,0.0,0.0,0.0,0.0
3,175,7.598301324614428,9.890895552952662,0.0,0.0,1.0,0.0,0.0,0.0
4,175,0.5821530230991177,8.476014164175696,0.0,0.0,1.0,0.0,1.0,0.0
5,175,10.560427919823145,5.336608114377246,1.0,1.0,0.0,0.0,0.0,0.0
6,175,7.241603723089047,5.986185619484755,1.0,0.0,1.0,0.0,1.0,1.0
7,175,12.0,6.980310147289578,0.0,0.0,0.0,0.0,1.0,0.0
8,175,8.373788474043394,4.617879045301206,0.0,0.0,1.0,1.0,0.0,1.0
9,175,6.538723597047353,0.0,1.0,0.0,0.0,1.0,0.0,0.0
10,175,1.738811549949286,10.90371613575211,0.0,1.0,1.0,0.0,0.0,0.0
11,175,12.0,2.8632909358424965,0.0,0.0,0.0,0.0,1.0,1.0
12,175,8.319422496650294,7.38867390697896,0.0,0.0,0.0,0.0,0.0,0.0
13,175,1.015275848002673,6.829432109137247,0.0,1.0,0.0,1.0,1.0,0.0
14,175,0.0,0.0741719639643318,1.0,0.0,0.0,1.0,0.0,0.0
15,175,0.0,7.345426370643202,0.0,0.0,0.0,0.0,1.0,0.0
16,175,11.34767660160318,10.391538384746832,1.0,0.0,0.0,0.0,1.0,0.0
17,175,8.72562366521723,0.2399616757186278,1.0,0.0,0.0,1.0,0.0,0.0
18,175,3.84046604078404,0.0,0.0,0.0,0.0,0.0,0.0,0.0
19,175,0.0,11.805101095678312,0.0,0.0,1.0,1.0,0.0,0.0
20,175,12.0,4.054812722952226,0.0,0.0,0.0,0.0,0.0,0.0
21,175,11.223962787462195,9.225328048327825,0.0,0.0,0.0,0.0,1.0,1.0
22,175,4.323138794469045,0.5774738829903687,0.0,0.0,0.0,0.0,0.0,0.0
23,175,5.6950368750296345,6.177718707686688,0.0,1.0,1.0,1.0,0.0,1.0
24,175,4.602684797369622,2.0552691314576266,1.0,1.0,1.0,1.0,0.0,0.0
25,175,7.43655182972681,6.315890229524193,0.0,1.0,0.0,0.0,1.0,1.0
26,175,4.558230174630625,0.2950850791860865,0.0,0.0,0.0,1.0,1.0,1.0
27,175,1.795004172214132,3.9827032100991615,0.0,0.0,0.0,1.0,0.0,1.0
28,175,0.0,4.003088649793903,0.0,0.0,0.0,0.0,0.0,0.0
29,175,2.418235635110578,3.5528690178453908,1.0,0.0,0.0,0.0,0.0,0.0
30,175,10.97939565390508,0.0229280286306155,1.0,1.0,0.0,0.0,1.0,1.0
31,175,0.5579344989123123,7.726663263483885,1.0,1.0,1.0,1.0,0.0,0.0
32,175,1.665340917938068,11.673562881082464,0.0,0.0,0.0,1.0,0.0,0.0
33,175,1.1993116539519184,3.178810280702605,0.0,1.0,0.0,0.0,0.0,0.0
34,175,3.0117897704799703,12.0,0.0,1.0,0.0,0.0,1.0,0.0
35,175,6.105208661480961,3.5690861223631702,1.0,0.0,0.0,0.0,1.0,0.0
36,175,2.7637625046582985,5.366410588128617,0.0,1.0,1.0,0.0,1.0,1.0
37,175,9.76442157646092,8.36433185553828,1.0,0.0,0.0,0.0,1.0,1.0
38,175,0.3099379842714948,10.48312902423802,1.0,0.0,1.0,0.0,1.0,0.0
39,175,11.4399986953957,8.069323084469346,0.0,1.0,1.0,1.0,1.0,1.0
0,180,8.790435107911698,5.182585336421906,0.0,1.0,0.0,1.0,0.0,1.0
1,180,9.568627043984725,4.242965319687968,1.0,0.0,1.0,1.0,1.0,1.0
2,180,0.4548313564207731,7.96622465498261,0.0,0.0,0.0,0.0,0.0,0.0
3,180,7.618976177477614,9.91655929152746,0.0,0.0,1.0,0.0,0.0,0.0
4,180,0.699450375789048,8.387081901001716,0.0,0.0,1.0,0.0,1.0,0.0
5,180,10.48839448733367,5.295651533957059,1.0,1.0,0.0,0.0,0.0,0.0
6,180,7.359351818625626,5.919690219534992,1.0,0.0,1.0,0.0,1.0,1.0
7,180,12.0,7.076189417318221,0.0,0.0,0.0,0.0,1.0,0.0
8,180,8.476715438050478,4.594351084242143,0.0,0.0,1.0,1.0,0.0,1.0
9,180,6.4231115947790975,0.0,1.0,0.0,0.0,1.0,0.0,0.0
10,180,1.7711293800848762,10.914706051977308,0.0,1.0,1.0,0.0,0.0,0.0
11,180,12.0,2.908513507198353,0.0,0.0,0.0,0.0,1.0,1.0
12,180,8.340427579575985,7.416830382804149,0.0,0.0,0.0,0.0,0.0,0.0
13,180,0.920380934278878,6.830024519395685,0.0,1.0,0.0,1.0,1.0,0.0
14,180,0.0,0.076842768214348,1.0,0.0,0.0,1.0,0.0,0.0
15,180,0.0,7.3923556988659325,0.0,0.0,0.0,0.0,1.0,0.0
16,180,11.370551502542185,10.306826734284352,1.0,0.0,0.0,0.0,1.0,0.0
17,180,8.673086856570196,0.217605147294551,1.0,0.0,0.0,1.0,0.0,0.0
18,180,3.863141085623931,0.0,0.0,0.0,0.0,0.0,0.0,0.0
19,180,0.0,12.0,0.0,0.0,1.0,1.0,0.0,0.0
20,180,12.0,4.089146118629023,0.0,0.0,0.0,0.0,0.0,0.0
21,180,11.192499842470378,9.224355599290687,0.0,0.0,0.0,0.0,1.0,1.0
22,180,4.206456626628577,0.5787716026865672,0.0,0.0,0.0,0.0,0.0,0.0
23,180,5.693112593458918,6.177984437334774,0.0,1.0,1.0,1.0,0.0,1.0
24,180,4.675228881482235,2.036342959952831,1.0,1.0,1.0,1.0,0.0,0.0
25,180,7.367401635590439,6.241623375900483,0.0,1.0,0.0,0.0,1.0,1.0
26,180,4.544626250701483,0.2700548331103753,0.0,0.0,0.0,1.0,1.0,1.0
27,180,1.804364825809764,3.995836201364871,0.0,0.0,0.0,1.0,0.0,1.0
28,180,0.0,4.034062914496517,0.0,0.0,0.0,0.0,0.0,0.0
29,180,2.284659832677506,3.6197122739115377,1.0,0.0,0.0,0.0,0.0,0.0
30,180,10.923252174436904,0.0413415423106731,1.0,1.0,0.0,0.0,1.0,1.0
31,180,0.4855660322968175,7.714007509005215,1.0,1.0,1.0,1.0,0.0,0.0
32,180,1.5620994892841342,11.698733223309144,0.0,0.0,0.0,1.0,0.0,0.0
33,180,1.1335475842830305,3.201929186208813,0.0,1.0,0.0,0.0,0.0,0.0
34,180,2.964813357070985,12.0,0.0,1.0,0.0,0.0,1.0,0.0
35,180,6.121303493668347,3.569665373910008,1.0,0.0,0.0,0.0,1.0,0.0
36,180,2.9258015440148557,5.388581268850551,0.0,1.0,1.0,0.0,1.0,1.0
37,180,9.721108769320049,8.233160050106973,1.0,0.0,0.0,0.0,1.0,1.0
38,180,0.3222055682803161,10.414591160617835,1.0,0.0,1.0,0.0,1.0,0.0
39,180,11.485690936797088,8.29270999058807,0.0,1.0,1.0,1.0,1.0,1.0
0,185,8.772602837582587,5.185225619976274,0.0,1.0,0.0,1.0,0.0,1.0
1,185,9.60240128729885,4.242519192595688,1.0,0.0,1.0,1.0,1.0,1.0
2,185,0.4892122856017445,7.987110725614204,0.0,0.0,0.0,0.0,0.0,0.0
3,185,7.645891302106779,9.950443405141089,0.0,0.0,1.0,0.0,0.0,0.0
4,185,0.8166091327929442,8.295211405729011,0.0,0.0,1.0,0.0,1.0,0.0
5,185,10.411855868407091,5.252778511034098,1.0,1.0,0.0,0.0,0.0,0.0
6,185,7.480037782785489,5.849951070392842,1.0,0.0,1.0,0.0,1.0,1.0
7,185,12.0,7.166487871440279,0.0,0.0,0.0,0.0,1.0,0.0
8,185,8.601994185479162,4.568238386855208,0.0,0.0,1.0,1.0,0.0,1.0
9,185,6.306868207116119,0.0,1.0,0.0,0.0,1.0,0.0,0.0
10,185,1.803840604119791,10.926496072102706,0.0,1.0,1.0,0.0,0.0,0.0
11,185,12.0,2.9688775646481345,0.0,0.0,0.0,0.0,1.0,1.0
12,185,8.372764481834022,7.459850305051279,0.0,0.0,0.0,0.0,0.0,0.0
13,185,0.8220308108161367,6.832547718191716,0.0,1.0,0.0,1.0,1.0,0.0
14,185,0.0,0.0798075743721235,1.0,0.0,0.0,1.0,0.0,0.0
15,185,0.0,7.4410387410872225,0.0,0.0,0.0,0.0,1.0,0.0
16,185,11.395693217599412,10.208119454800377,1.0,0.0,0.0,0.0,1.0,0.0
17,185,8.612801919263891,0.1903790060208032,1.0,0.0,0.0,1.0,0.0,0.0
18,185,3.889174088975457,0.0,0.0,0.0,0.0,0.0,0.0,0.0
19,185,0.0,12.0,0.0,0.0,1.0,1.0,0.0,0.0
20,185,12.0,4.120339459716064,0.0,0.0,0.0,0.0,0.0,0.0
21,185,11.149993767375994,9.222885921161932,0.0,0.0,0.0,0.0,1.0,1.0
22,185,4.092186858471963,0.5800241946578223,0.0,0.0,0.0,0.0,0.0,0.0
23,185,5.687623450624197,6.178615653024696,0.0,1.0,1.0,1.0,0.0,1.0
24,185,4.734571280894985,2.019936693495052,1.0,1.0,1.0,1.0,0.0,0.0
25,185,7.296977991858389,6.166087199923432,0.0,1.0,0.0,0.0,1.0,1.0
26,185,4.525021615189088,0.2345837215950085,0.0,0.0,0.0,1.0,1.0,1.0
27,185,1.814431248877256,4.00927033813507,0.0,0.0,0.0,1.0,0.0,1.0
28,185,0.0,4.076607176851021,0.0,0.0,0.0,0.0,0.0,0.0
29,185,2.1539875439443934,3.683970051149774,1.0,0.0,0.0,0.0,0.0,0.0
30,185,10.879666404829878,0.054768827478827,1.0,1.0,0.0,0.0,1.0,1.0
31,185,0.4293749291040405,7.704226563593616,1.0,1.0,1.0,1.0,0.0,0.0
32,185,1.4525798100494651,11.723772546646304,0.0,0.0,0.0,1.0,0.0,0.0
33,185,1.073341126195235,3.222086652951636,0.0,1.0,0.0,0.0,0.0,0.0
34,185,2.9193001262330958,12.0,0.0,1.0,0.0,0.0,1.0,0.0
35,185,6.126672537610463,3.569882365499639,1.0,0.0,0.0,0.0,1.0,0.0
36,185,3.0716195570139404,5.404220704740878,0.0,1.0,1.0,0.0,1.0,1.0
37,185,9.68093712304655,8.109557901303946,1.0,0.0,0.0,0.0,1.0,1.0
38,185,0.333620033705771,10.341337591612586,1.0,0.0,1.0,0.0,1.0,0.0
39,185,11.534211816799967,8.539640880873224,0.0,1.0,1.0,1.0,1.0,1.0
0,190,8.75835265765253,5.187343897865768,0.0,1.0,0.0,1.0,0.0,1.0
1,190,9.639937679460258,4.24328469943264,1.0,0.0,1.0,1.0,1.0,1.0
2,190,0.5060975073620907,7.99692779302231,0.0,0.0,0.0,0.0,0.0,0.0
3,190,7.674565271726744,9.985043941513233,0.0,0.0,1.0,0.0,0.0,0.0
4,190,0.916330264564378,8.218687618014268,0.0,0.0,1.0,0.0,1.0,0.0
5,190,10.35451041607312,5.22051189907044,1.0,1.0,0.0,0.0,0.0,0.0
6,190,7.597488303453176,5.779304466106646,1.0,0.0,1.0,0.0,1.0,1.0
7,190,12.0,7.265234410488225,0.0,0.0,0.0,0.0,1.0,0.0
8,190,8.731038971591982,4.542124070488407,0.0,0.0,1.0,1.0,0.0,1.0
9,190,6.179244124249117,0.0,1.0,0.0,0.0,1.0,0.0,0.0
10,190,1.8465329096482672,10.94167634089126,0.0,1.0,1.0,0.0,0.0,0.0
11,190,12.0,3.0391973794386327,0.0,0.0,0.0,0.0,1.0,1.0
12,190,8.404671627369165,7.500344724197202,0.0,0.0,0.0,0.0,0.0,0.0
13,190,0.7065559231368711,6.8362950482284655,0.0,1.0,0.0,1.0,1.0,0.0
14,190,0.0,0.0836820358316935,1.0,0.0,0.0,1.0,0.0,0.0
15,190,0.0,7.488893406800534,0.0,0.0,0.0,0.0,1.0,0.0
16,190,11.42124344769073,10.098095947371345,1.0,0.0,0.0,0.0,1.0,0.0
17,190,8.55037014443703,0.1616904580179711,1.0,0.0,0.0,1.0,0.0,0.0
18,190,3.920301881312255,0.0,0.0,0.0,0.0,0.0,0.0,0.0
19,190,0.0,12.0,0.0,0.0,1.0,1.0,0.0,0.0
20,190,12.0,4.157641327520603,0.0,0.0,0.0,0.0,0.0,0.0
21,190,11.082004116806516,9.219293113735636,0.0,0.0,0.0,0.0,1.0,1.0
22,190,3.9640536633621504,0.5821514648844653,0.0,0.0,0.0,0.0,0.0,0.0
23,190,5.658141919733233,6.182073430617122,0.0,1.0,1.0,1.0,0.0,1.0
24,190,4.793623051919813,2.0031799542254065,1.0,1.0,1.0,1.0,0.0,0.0
25,190,7.222139748504476,6.086860724293132,0.0,1.0,0.0,0.0,1.0,1.0
26,190,4.514227721711068,0.2140973370923757,0.0,0.0,0.0,1.0,1.0,1.0
27,190,1.8242166361044256,4.022884656541142,0.0,0.0,0.0,1.0,0.0,1.0
28,190,0.0,4.113623091639924,0.0,0.0,0.0,0.0,0.0,0.0
29,190,2.0250243362035776,3.7490125911302,1.0,0.0,0.0,0.0,0.0,0.0
30,190,10.831587481914902,0.0700195874687241,1.0,1.0,0.0,0.0,1.0,1.0
31,190,0.3666828503297502,7.6937439137692785,1.0,1.0,1.0,1.0,0.0,0.0
32,190,1.3327305421077322,11.749047162144995,0.0,0.0,0.0,1.0,0.0,0.0
33,190,1.0138223442115566,3.2404154221501686,0.0,1.0,0.0,0.0,0.0,0.0
34,190,2.8762833816684164,12.0,0.0,1.0,0.0,0.0,1.0,0.0
35,190,6.143902884412472,3.5705889192650995,1.0,0.0,0.0,0.0,1.0,0.0
36,190,3.217587652145334,5.421105118796241,0.0,1.0,1.0,0.0,1.0,1.0
37,190,9.636142056879592,7.97205573219745,1.0,0.0,0.0,0.0,1.0,1.0
38,190,0.344374003878635,10.25683426343797,1.0,0.0,1.0,0.0,1.0,0.0
39,190,11.5890714625757,8.805982456882056,0.0,1.0,1.0,1.0,1.0,1.0
0,195,8.73133464876945,5.191455036268396,0.0,1.0,0.0,1.0,0.0,1.0
1,195,9.64359837259707,4.24329906817889,1.0,0.0,1.0,1.0,1.0,1.0
2,195,0.5244107222045913,8.007501508977564,0.0,0.0,0.0,0.0,0.0,0.0
3,195,7.694358917645045,10.008934187911612,0.0,0.0,1.0,0.0,0.0,0.0
4,195,1.0252980209376832,8.129691728283825,0.0,0.0,1.0,0.0,1.0,0.0
5,195,10.290882621623052,5.183862225688184,1.0,1.0,0.0,0.0,0.0,0.0
6,195,7.739382134904227,5.698884899723306,1.0,0.0,1.0,0.0,1.0,1.0
7,195,12.0,7.359773276808074,0.0,0.0,0.0,0.0,1.0,0.0
8,195,8.852943427427583,4.520234722326449,0.0,0.0,1.0,1.0,0.0,1.0
9,195,6.059844397024165,0.0,1.0,0.0,0.0,1.0,0.0,0.0
10,195,1.8494610255659136,10.942715437817927,0.0,1.0,1.0,0.0,0.0,0.0
11,195,12.0,3.1227952643776304,0.0,0.0,0.0,0.0,1.0,1.0
12,195,8.439804092904588,7.544996446974994,0.0,0.0,0.0,0.0,0.0,0.0
13,195,0.5936616516169805,6.837713268627818,0.0,1.0,0.0,1.0,1.0,0.0
14,195,0.0,0.0904312674214569,1.0,0.0,0.0,1.0,0.0,0.0
15,195,0.0,7.53318812204473,0.0,0.0,0.0,0.0,1.0,0.0
16,195,11.450345624026443,9.985054680808464,1.0,0.0,0.0,0.0,1.0,0.0
17,195,8.484987648250044,0.1304104920255555,1.0,0.0,0.0,1.0,0.0,0.0
18,195,3.94008503778581,0.0,0.0,0.0,0.0,0.0,0.0,0.0
19,195,0.0,12.0,0.0,0.0,1.0,1.0,0.0,0.0
20,195,12.0,4.194111054593995,0.0,0.0,0.0,0.0,0.0,0.0
21,195,10.997961284858892,9.213984498566957,0.0,0.0,0.0,0.0,1.0,1.0
22,195,3.8323012909023264,0.5864939437055825,0.0,0.0,0.0,0.0,0.0,0.0
23,195,5.6273398320566965,6.18604893268884,0.0,1.0,1.0,1.0,0.0,1.0
24,195,4.859846954757133,1.9825321512611287,1.0,1.0,1.0,1.0,0.0,0.0
25,195,7.160160498712485,6.02094457943973,0.0,1.0,0.0,0.0,1.0,1.0
26,195,4.491515250626885,0.1699321273241051,0.0,0.0,0.0,1.0,1.0,1.0
27,195,1.83089519505511,4.032598004160349,0.0,0.0,0.0,1.0,0.0,1.0
28,195,0.0,4.142478189409999,0.0,0.0,0.0,0.0,0.0,0.0
29,195,1.9137377005212484,3.808304135990675,1.0,0.0,0.0,0.0,0.0,0.0
30,195,10.796491697701969,0.081984088327987,1.0,1.0,0.0,0.0,1.0,1.0
31,195,0.3138344600845443,7.685299030739854,1.0,1.0,1.0,1.0,0.0,0.0
32,195,1.2241938468458555,11.768387497586684,0.0,0.0,0.0,1.0,0.0,0.0
33,195,0.9398366514650108,3.263602241024603,0.0,1.0,0.0,0.0,0.0,0.0
34,195,2.84854616302623,12.0,0.0,1.0,0.0,0.0,1.0,0.0
35,195,6.1713906365554685,3.571328548100171,1.0,0.0,0.0,0.0,1.0,0.0
36,195,3.3736823601564585,5.438783662125532,0.0,1.0,1.0,0.0,1.0,1.0
37,195,9.601495994260103,7.863909927225511,1.0,0.0,0.0,0.0,1.0,1.0
38,195,0.3554555866380525,10.172974821824466,1.0,0.0,1.0,0.0,1.0,0.0
39,195,11.642225320110557,9.081853703694778,0.0,1.0,1.0,1.0,1.0,1.0
0,200,8.701437240980528,5.196263209295753,0.0,1.0,0.0,1.0,0.0,1.0
1,200,9.649817059586018,4.243407866672873,1.0,0.0,1.0,1.0,1.0,1.0
2,200,0.5229992302711088,8.00670199790846,0.0,0.0,0.0,0.0,0.0,0.0
3,200,7.721300399726488,10.041439006494915,0.0,0.0,1.0,0.0,0.0,0.0
4,200,1.1397885446108909,8.038708089693671,0.0,0.0,1.0,0.0,1.0,0.0
5,200,10.229040963718088,5.147569814303986,1.0,1.0,0.0,0.0,0.0,0.0
6,200,7.871068668898459,5.628318519109687,1.0,0.0,1.0,0.0,1.0,1.0
7,200,12.0,7.438538258734792,0.0,0.0,0.0,0.0,1.0,0.0
8,200,8.97334128137301,4.500060488535226,0.0,0.0,1.0,1.0,0.0,1.0
9,200,5.936653674532242,0.0,1.0,0.0,0.0,1.0,0.0,0.0
10,200,1.8497110004448585,10.942798304038064,0.0,1.0,1.0,0.0,0.0,0.0
11,200,12.0,3.2058513836235187,0.0,0.0,0.0,0.0,1.0,1.0
12,200,8.470542699996098,7.584642225544751,0.0,0.0,0.0,0.0,0.0,0.0
13,200,0.5911398584839483,6.719543054611748,0.0,1.0,0.0,1.0,1.0,0.0
14,200,0.0,0.100684247830016,1.0,0.0,0.0,1.0,0.0,0.0
15,200,0.0,7.577914790640071,0.0,0.0,0.0,0.0,1.0,0.0
16,200,11.479035619235994,9.86802583959499,1.0,0.0,0.0,0.0,1.0,0.0
17,200,8.435507911719798,0.1064417684815707,1.0,0.0,0.0,1.0,0.0,0.0
18,200,3.961660590649133,0.0,0.0,0.0,0.0,0.0,0.0,0.0
19,200,0.0,12.0,0.0,0.0,1.0,1.0,0.0,0.0
20,200,12.0,4.225302352431963,0.0,0.0,0.0,0.0,0.0,0.0
21,200,10.928311927639989,9.210312535739895,0.0,0.0,0.0,0.0,1.0,1.0
22,200,3.6902520728672807,0.5923134173736834,0.0,0.0,0.0,0.0,0.0,0.0
23,200,5.6102536592031305,6.188060696106952,0.0,1.0,1.0,1.0,0.0,1.0
24,200,4.9249073431332375,1.9628517484059085,1.0,1.0,1.0,1.0,0.0,0.0
25,200,7.10034565133943,5.9622779035328,0.0,1.0,0.0,0.0,1.0,1.0
26,200,4.468068765703938,0.1219855449901101,0.0,0.0,0.0,1.0,1.0,1.0
27,200,1.8437890940990944,4.050514388335809,0.0,0.0,0.0,1.0,0.0,1.0
28,200,0.0,4.1670112341941845,0.0,0.0,0.0,0.0,0.0,0.0
29,200,1.807880637225944,3.864761382447457,1.0,0.0,0.0,0.0,0.0,0.0
30,200,10.766882407382704,0.0908358547592677,1.0,1.0,0.0,0.0,1.0,1.0
31,200,0.269457051766917,7.678508092311123,1.0,1.0,1.0,1.0,0.0,0.0
32,200,1.106724659806035,11.78784940249801,0.0,0.0,0.0,1.0,0.0,0.0
33,200,0.9163349594238572,3.193902975763076,0.0,1.0,0.0,0.0,0.0,0.0
34,200,2.814897126368824,12.0,0.0,1.0,0.0,0.0,1.0,0.0
35,200,6.211399431378687,3.5725191547649686,1.0,0.0,0.0,0.0,1.0,0.0
36,200,3.5194504855365194,5.454877926488633,0.0,1.0,1.0,0.0,1.0,1.0
37,200,9.55843250719809,7.7337228661933874,1.0,0.0,0.0,0.0,1.0,1.0
38,200,0.3692022331652373,10.061987110972185,1.0,0.0,1.0,0.0,1.0,0.0
39,200,11.69857370352958,9.357396618254626,0.0,1.0,1.0,1.0,1.0,1.0
0,205,8.67427147912287,5.200850812621507,0.0,1.0,0.0,1.0,0.0,1.0
1,205,9.64559933510685,4.243391229126399,1.0,0.0,1.0,1.0,1.0,1.0
2,205,0.5141522790658896,8.00162942952959,0.0,0.0,0.0,0.0,0.0,0.0
3,205,7.746485744059019,10.073307427310857,0.0,0.0,1.0,0.0,0.0,0.0
4,205,1.250019875940152,7.944309425754911,0.0,0.0,1.0,0.0,1.0,0.0
5,205,10.141176775387718,5.094972909201902,1.0,1.0,0.0,0.0,0.0,0.0
6,205,8.007760712518486,5.547612340561365,1.0,0.0,1.0,0.0,1.0,1.0
7,205,12.0,7.5048661873866145,0.0,0.0,0.0,0.0,1.0,0.0
8,205,9.07822141904676,4.480885648583296,0.0,0.0,1.0,1.0,0.0,1.0
9,205,5.8237930674121845,0.0,1.0,0.0,0.0,1.0,0.0,0.0
10,205,1.8275789548507373,10.935366172664017,0.0,1.0,1.0,0.0,0.0,0.0
11,205,12.0,3.299762951208545,0.0,0.0,0.0,0.0,1.0,1.0
12,205,8.517131423420425,7.645809515708368,0.0,0.0,0.0,0.0,0.0,0.0
13,205,0.5851501339375812,6.594935326127523,0.0,1.0,0.0,1.0,1.0,0.0
14,205,0.0,0.1085964820821566,1.0,0.0,0.0,1.0,0.0,0.0
15,205,0.0,7.629451142897112,0.0,0.0,0.0,0.0,1.0,0.0
16,205,11.50988183386026,9.7300842078495,1.0,0.0,0.0,0.0,1.0,0.0
17,205,8.376428789734355,0.0782718983969016,1.0,0.0,0.0,1.0,0.0,0.0
18,205,3.974430507270753,0.0,0.0,0.0,0.0,0.0,0.0,0.0
19,205,0.0,12.0,0.0,0.0,1.0,1.0,0.0,0.0
20,205,12.0,4.2566271348232485,0.0,0.0,0.0,0.0,0.0,0.0
21,205,10.857810536206523,9.207317373035806,0.0,0.0,0.0,0.0,1.0,1.0
22,205,3.549690231503343,0.6023004598628046,0.0,0.0,0.0,0.0,0.0,0.0
23,205,5.583989997783346,6.191029023246216,0.0,1.0,1.0,1.0,0.0,1.0
24,205,5.00237512831611,1.9368875761173845,1.0,1.0,1.0,1.0,0.0,0.0
25,205,7.0365631679434415,5.897142113045998,0.0,1.0,0.0,0.0,1.0,1.0
26,205,4.449557900452722,0.0802566486143463,0.0,0.0,0.0,1.0,1.0,1.0
27,205,1.8476019755426136,4.0557921638686505,0.0,0.0,0.0,1.0,0.0,1.0
28,205,0.0,4.196083173449663,0.0,0.0,0.0,0.0,0.0,0.0
29,205,1.7149737195860697,3.913852514814702,1.0,0.0,0.0,0.0,0.0,0.0
30,205,10.73602066203775,0.1006297823897958,1.0,1.0,0.0,0.0,1.0,1.0
31,205,0.2267869255734701,7.671631982314228,1.0,1.0,1.0,1.0,0.0,0.0
32,205,0.9708478004112152,11.811924810386094,0.0,0.0,0.0,1.0,0.0,0.0
33,205,0.8874957586197781,3.11216017500382,0.0,1.0,0.0,0.0,0.0,0.0
34,205,2.804290704151202,12.0,0.0,1.0,0.0,0.0,1.0,0.0
35,205,6.253094205380674,3.57215065363262,1.0,0.0,0.0,0.0,1.0,0.0
36,205,3.652452438503548,5.470058452937452,0.0,1.0,1.0,0.0,1.0,1.0
37,205,9.515245295219705,7.609984039214193,1.0,0.0,0.0,0.0,1.0,1.0
38,205,0.3859995152140163,9.93732827019857,1.0,0.0,1.0,0.0,1.0,0.0
39,205,11.75570918293785,9.626975453964135,0.0,1.0,1.0,1.0,1.0,1.0
0,210,8.648292877147066,5.204918835269544,0.0,1.0,0.0,1.0,0.0,1.0
1,210,9.635381372817385,4.243490961313388,1.0,0.0,1.0,1.0,1.0,1.0
2,210,0.5126667091184711,8.000816807645363,0.0,0.0,0.0,0.0,0.0,0.0
3,210,7.769435713357141,10.104566918016758,0.0,0.0,1.0,0.0,0.0,0.0
4,210,1.3564517939062977,7.84332577218366,0.0,0.0,1.0,0.0,1.0,0.0
5,210,10.051899057254175,5.039748106437126,1.0,1.0,0.0,0.0,0.0,0.0
6,210,8.146696780551792,5.469411656146758,1.0,0.0,1.0,0.0,1.0,1.0
7,210,12.0,7.581179121467882,0.0,0.0,0.0,0.0,1.0,0.0
8,210,9.17586121955481,4.464672731101769,0.0,0.0,1.0,1.0,0.0,1.0
9,210,5.700873136734222,0.0,1.0,0.0,0.0,1.0,0.0,0.0
10,210,1.7880598484690262,10.921705959164225,0.0,1.0,1.0,0.0,0.0,0.0
11,210,12.0,3.3904001953726497,0.0,0.0,0.0,0.0,1.0,1.0
12,210,8.561877872016323,7.704815717334493,0.0,0.0,0.0,0.0,0.0,0.0
13,210,0.5791643281984178,6.486545973005881,0.0,1.0,0.0,1.0,1.0,0.0
14,210,0.0,0.12097102248831,1.0,0.0,0.0,1.0,0.0,0.0
15,210,0.0,7.678978469741475,0.0,0.0,0.0,0.0,1.0,0.0
16,210,11.541676181138598,9.584617154271472,1.0,0.0,0.0,0.0,1.0,0.0
17,210,8.313884355612974,0.0492209209519589,1.0,0.0,0.0,1.0,0.0,0.0
18,210,3.9869932350733768,0.0,0.0,0.0,0.0,0.0,0.0,0.0
19,210,0.0,12.0,0.0,0.0,1.0,1.0,0.0,0.0
20,210,12.0,4.289266587158568,0.0,0.0,0.0,0.0,0.0,0.0
21,210,10.80198240081149,9.204972140077924,0.0,0.0,0.0,0.0,1.0,1.0
22,210,3.424253367734086,0.6117563792314118,0.0,0.0,0.0,0.0,0.0,0.0
23,210,5.586783552559036,6.190663516083734,0.0,1.0,1.0,1.0,0.0,1.0
24,210,5.047206439128176,1.9200357449538776,1.0,1.0,1.0,1.0,0.0,0.0
25,210,6.981604911344007,5.838442203974661,0.0,1.0,0.0,0.0,1.0,1.0
26,210,4.433248930698934,0.0441374541772325,0.0,0.0,0.0,1.0,1.0,1.0
27,210,1.8494330231839984,4.058192090899414,0.0,0.0,0.0,1.0,0.0,1.0
28,210,0.0,4.2321788331064445,0.0,0.0,0.0,0.0,0.0,0.0
29,210,1.6342856044552532,3.957506479992712,1.0,0.0,0.0,0.0,0.0,0.0
30,210,10.715352363226833,0.1076295198738009,1.0,1.0,0.0,0.0,1.0,1.0
31,210,0.1844314463580096,7.665216369732581,1.0,1.0,1.0,1.0,0.0,0.0
32,210,0.8164706129453111,11.836713155625898,0.0,0.0,0.0,1.0,0.0,0.0
33,210,0.8562034977894721,3.0216483499396927,0.0,1.0,0.0,0.0,0.0,0.0
34,210,2.802103674578936,12.0,0.0,1.0,0.0,0.0,1.0,0.0
35,210,6.30795453102151,3.571225765296266,1.0,0.0,0.0,0.0,1.0,0.0
36,210,3.790296641581328,5.48527207560219,0.0,1.0,1.0,0.0,1.0,1.0
37,210,9.473141702825025,7.491141540946618,1.0,0.0,0.0,0.0,1.0,1.0
38,210,0.3991162664686109,9.847794445878636,1.0,0.0,1.0,0.0,1.0,0.0
39,210,11.82040718176282,9.89564132737501,0.0,1.0,1.0,1.0,1.0,1.0
0,215,8.62772565092799,5.208521821151178,0.0,1.0,0.0,1.0,0.0,1.0
1,215,9.62049664713502,4.244026220972072,1.0,0.0,1.0,1.0,1.0,1.0
2,215,0.5159453221509234,8.002584852856199,0.0,0.0,0.0,0.0,0.0,0.0
3,215,7.785830516816467,10.12692928561265,0.0,0.0,1.0,0.0,0.0,0.0
4,215,1.4683513166724609,7.741925894017288,0.0,0.0,1.0,0.0,1.0,0.0
5,215,9.964374296498384,4.985287221515727,1.0,1.0,0.0,0.0,0.0,0.0
6,215,8.269988689055513,5.395796598538124,1.0,0.0,1.0,0.0,1.0,1.0
7,215,12.0,7.65780697266789,0.0,0.0,0.0,0.0,1.0,0.0
8,215,9.26409659863221,4.450292286520938,0.0,0.0,1.0,1.0,0.0,1.0
9,215,5.560302065605726,0.0,1.0,0.0,0.0,1.0,0.0,0.0
10,215,1.7407643815612968,10.904527429701044,0.0,1.0,1.0,0.0,0.0,0.0
11,215,12.0,3.4581144154811585,0.0,0.0,0.0,0.0,1.0,1.0
12,215,8.600982349206499,7.755041692196665,0.0,0.0,0.0,0.0,0.0,0.0
13,215,0.5732285102304829,6.3641411639231285,0.0,1.0,0.0,1.0,1.0,0.0
14,215,0.0,0.1329827649122298,1.0,0.0,0.0,1.0,0.0,0.0
15,215,0.0,7.727051543261749,0.0,0.0,0.0,0.0,1.0,0.0
16,215,11.570567755879324,9.456488991097707,1.0,0.0,0.0,0.0,1.0,0.0
17,215,8.247601621629775,0.0170611062238119,1.0,0.0,0.0,1.0,0.0,0.0
18,215,4.007132380625039,0.0,0.0,0.0,0.0,0.0,0.0,0.0
19,215,0.0,12.0,0.0,0.0,1.0,1.0,0.0,0.0
20,215,12.0,4.329268274644775,0.0,0.0,0.0,0.0,0.0,0.0
21,215,10.73573124518396,9.203235754545853,0.0,0.0,0.0,0.0,1.0,1.0
22,215,3.29577099287921,0.6193248245828211,0.0,0.0,0.0,0.0,0.0,0.0
23,215,5.599400486349728,6.188696710515763,0.0,1.0,1.0,1.0,0.0,1.0
24,215,5.098487224995028,1.8992965137689803,1.0,1.0,1.0,1.0,0.0,0.0
25,215,7.033231778631082,5.789093495448218,0.0,1.0,0.0,0.0,1.0,1.0
26,215,4.423184952300253,0.0228425277263093,0.0,0.0,0.0,1.0,1.0,1.0
27,215,1.849558744422799,4.05835058045975,0.0,0.0,0.0,1.0,0.0,1.0
28,215,0.0,4.266343935080572,0.0,0.0,0.0,0.0,0.0,0.0
29,215,1.5790805499305758,3.9863447536598393,1.0,0.0,0.0,0.0,0.0,0.0
30,215,10.70209813186202,0.1124324146842289,1.0,1.0,0.0,0.0,1.0,1.0
31,215,0.139801376352328,7.659170435584385,1.0,1.0,1.0,1.0,0.0,0.0
32,215,0.6407738242914247,11.863130511925284,0.0,0.0,0.0,1.0,0.0,0.0
33,215,0.8261418908345346,2.9417163291174973,0.0,1.0,0.0,0.0,0.0,0.0
34,215,2.814661544026805,11.988204263714042,0.0,1.0,0.0,0.0,1.0,0.0
35,215,6.351484075686588,3.569129304778107,1.0,0.0,0.0,0.0,1.0,0.0
36,215,3.917444104054981,5.496985204762238,0.0,1.0,1.0,0.0,1.0,1.0
37,215,9.431895727419963,7.377715533260228,1.0,0.0,0.0,0.0,1.0,1.0
38,215,0.4196171902393303,9.729813530337122,1.0,0.0,1.0,0.0,1.0,0.0
39,215,11.879677818245703,10.157533465375804,0.0,1.0,1.0,1.0,1.0,1.0
0,220,8.614035486881807,5.211085336576706,0.0,1.0,0.0,1.0,0.0,1.0
1,220,9.614312699148089,4.244406188666929,1.0,0.0,1.0,1.0,1.0,1.0
2,220,0.5302231135017373,8.010107782019034,0.0,0.0,0.0,0.0,0.0,0.0
3,220,7.790128122606128,10.132557689614606,0.0,0.0,1.0,0.0,0.0,0.0
4,220,1.5964214346727337,7.628811067993904,0.0,0.0,1.0,0.0,1.0,0.0
5,220,9.858159121367564,4.924607086102131,1.0,1.0,0.0,0.0,0.0,0.0
6,220,8.365605737646748,5.337043732867896,1.0,0.0,1.0,0.0,1.0,1.0
7,220,12.0,7.536746028523362,0.0,0.0,0.0,0.0,1.0,0.0
8,220,9.348688364016809,4.4383655447558334,0.0,0.0,1.0,1.0,0.0,1.0
9,220,5.42036483133188,0.0,1.0,0.0,0.0,1.0,0.0,0.0
10,220,1.7034764601809205,10.88994875802424,0.0,1.0,1.0,0.0,0.0,0.0
11,220,12.0,3.527628768840982,0.0,0.0,0.0,0.0,1.0,1.0
12,220,8.635187975349675,7.799803500553508,0.0,0.0,0.0,0.0,0.0,0.0
13,220,0.5671031462703369,6.275381954517752,0.0,1.0,0.0,1.0,1.0,0.0
14,220,0.0,0.1443000984489474,1.0,0.0,0.0,1.0,0.0,0.0
15,220,0.0,7.761132938514891,0.0,0.0,0.0,0.0,1.0,0.0
16,220,11.604553363047057,9.319850912473004,1.0,0.0,0.0,0.0,1.0,0.0
17,220,8.194746217162798,0.0,1.0,0.0,0.0,1.0,0.0,0.0
18,220,4.025381936649185,0.0,0.0,0.0,0.0,0.0,0.0,0.0
19,220,0.0,12.0,0.0,0.0,1.0,1.0,0.0,0.0
20,220,12.0,4.363406928053349,0.0,0.0,0.0,0.0,0.0,0.0
21,220,10.66953953366782,9.199692519533356,0.0,0.0,0.0,0.0,1.0,1.0
22,220,3.1762337368889173,0.6259190934485104,0.0,0.0,0.0,0.0,0.0,0.0
23,220,5.60397950136852,6.187948946424252,0.0,1.0,1.0,1.0,0.0,1.0
24,220,5.158319317681828,1.872887999797156,1.0,1.0,1.0,1.0,0.0,0.0
25,220,7.079541830099129,5.743938074196121,0.0,1.0,0.0,0.0,1.0,1.0
26,220,4.409736818399076,0.0,0.0,0.0,0.0,1.0,1.0,1.0
27,220,1.8472523380860149,4.055390088917798,0.0,0.0,0.0,1.0,0.0,1.0
28,220,0.0,4.297098605322882,0.0,0.0,0.0,0.0,0.0,0.0
29,220,1.6077594034747438,4.037770384414037,1.0,0.0,0.0,0.0,0.0,0.0
30,220,10.678184076513457,0.1208288805362496,1.0,1.0,0.0,0.0,1.0,1.0
31,220,0.0946816467248787,7.651715107577753,1.0,1.0,1.0,1.0,0.0,0.0
32,220,0.4563540157371347,11.89097722408722,0.0,0.0,0.0,1.0,0.0,0.0
33,220,0.790075947303806,2.8475448570476964,0.0,1.0,0.0,0.0,0.0,0.0
34,220,2.8277696530542764,11.975693866006562,0.0,1.0,0.0,0.0,1.0,0.0
35,220,6.395263660645566,3.5684244004807137,1.0,0.0,0.0,0.0,1.0,0.0
36,220,4.038205273012707,5.509875191405683,0.0,1.0,1.0,0.0,1.0,1.0
37,220,9.396910698440433,7.276882501194723,1.0,0.0,0.0,0.0,1.0,1.0
38,220,0.4376559071542891,9.620356421844606,1.0,0.0,1.0,0.0,1.0,0.0
39,220,11.940411511879075,10.43491227280165,0.0,1.0,1.0,1.0,1.0,1.0
0,225,8.592795283563152,5.2150962528495866,0.0,1.0,0.0,1.0,0.0,1.0
1,225,9.600971368655488,4.245108193281202,1.0,0.0,1.0,1.0,1.0,1.0
2,225,0.555579330738511,8.023020327849814,0.0,0.0,0.0,0.0,0.0,0.0
3,225,7.794229322671301,10.137991525480526,0.0,0.0,1.0,0.0,0.0,0.0
4,225,1.7230473259198806,7.516937151992464,0.0,0.0,1.0,0.0,1.0,0.0
5,225,9.762204396544291,4.86950850588333,1.0,1.0,0.0,0.0,0.0,0.0
6,225,8.450575989951707,5.286720079697955,1.0,0.0,1.0,0.0,1.0,1.0
7,225,12.0,7.4053147124632765,0.0,0.0,0.0,0.0,1.0,0.0
8,225,9.447452140987332,4.42356219386013,0.0,0.0,1.0,1.0,0.0,1.0
9,225,5.293068061510835,0.0,1.0,0.0,0.0,1.0,0.0,0.0
10,225,1.658445787284215,10.871421991972577,0.0,1.0,1.0,0.0,0.0,0.0
11,225,12.0,3.5899631028861902,0.0,0.0,0.0,0.0,1.0,1.0
12,225,8.677159344806082,7.852337111069055,0.0,0.0,0.0,0.0,0.0,0.0
13,225,0.5641705013410636,6.213620268367602,0.0,1.0,0.0,1.0,1.0,0.0
14,225,0.0,0.1580406137821502,1.0,0.0,0.0,1.0,0.0,0.0
15,225,0.0,7.798099898509296,0.0,0.0,0.0,0.0,1.0,0.0
16,225,11.646747488108296,9.171065133319807,1.0,0.0,0.0,0.0,1.0,0.0
17,225,8.136214547980684,0.0,1.0,0.0,0.0,1.0,0.0,0.0
18,225,4.05067087132222,0.0,0.0,0.0,0.0,0.0,0.0,0.0
19,225,0.0,12.0,0.0,0.0,1.0,1.0,0.0,0.0
20,225,12.0,4.203814908311482,0.0,0.0,0.0,0.0,0.0,0.0
21,225,10.618833870046895,9.196007563388791,0.0,0.0,0.0,0.0,1.0,1.0
22,225,3.045008825114943,0.630463620747533,0.0,0.0,0.0,0.0,0.0,0.0
23,225,5.608702449406335,6.187191321611926,0.0,1.0,1.0,1.0,0.0,1.0
24,225,5.21471780620388,1.8465011706488468,1.0,1.0,1.0,1.0,0.0,0.0
25,225,7.124796219509359,5.699028231837409,0.0,1.0,0.0,0.0,1.0,1.0
26,225,4.39781834987915,0.0,0.0,0.0,0.0,1.0,1.0,1.0
27,225,1.835173052340704,4.040602833265011,0.0,0.0,0.0,1.0,0.0,1.0
28,225,0.0,4.323799800296405,0.0,0.0,0.0,0.0,0.0,0.0
29,225,1.638209044797338,4.089945053705185,1.0,0.0,0.0,0.0,0.0,0.0
30,225,10.63982420739382,0.1343352761587045,1.0,1.0,0.0,0.0,1.0,1.0
31,225,0.0303124252690487,7.637543998017584,1.0,1.0,1.0,1.0,0.0,0.0
32,225,0.25247304488948,11.91531153577045,0.0,0.0,0.0,1.0,0.0,0.0
33,225,0.7498783109466791,2.744606939553077,0.0,1.0,0.0,0.0,0.0,0.0
34,225,2.83294748722367,11.97104113976557,0.0,1.0,0.0,0.0,1.0,0.0
35,225,6.43721071825161,3.567875934139378,1.0,0.0,0.0,0.0,1.0,0.0
36,225,4.177317374312151,5.524256590907648,0.0,1.0,1.0,0.0,1.0,1.0
37,225,9.355514412130516,7.154848735894509,1.0,0.0,0.0,0.0,1.0,1.0
38,225,0.4541405981990042,9.524607039333006,1.0,0.0,1.0,0.0,1.0,0.0
39,225,12.0,10.7113068845918,0.0,1.0,1.0,1.0,1.0,1.0
0,230,8.572134630842559,5.218963651395066,0.0,1.0,0.0,1.0,0.0,1.0
1,230,9.600302221972605,4.245145680328347,1.0,0.0,1.0,1.0,1.0,1.0
2,230,0.588581983623206,8.040448750349954,0.0,0.0,0.0,0.0,0.0,0.0
3,230,7.780719614336708,10.120084950665438,0.0,0.0,1.0,0.0,0.0,0.0
4,230,1.8422833746106997,7.409292493033381,0.0,0.0,1.0,0.0,1.0,0.0
5,230,9.673287667189154,4.817924978455006,1.0,1.0,0.0,0.0,0.0,0.0
6,230,8.561074322520605,5.218046770156853,1.0,0.0,1.0,0.0,1.0,1.0
7,230,12.0,7.281692693884542,0.0,0.0,0.0,0.0,1.0,0.0
8,230,9.548588845335985,4.410130265414711,0.0,0.0,1.0,1.0,0.0,1.0
9,230,5.178858907406204,0.0,1.0,0.0,0.0,1.0,0.0,0.0
10,230,1.6255811617572309,10.857869424835837,0.0,1.0,1.0,0.0,0.0,0.0
11,230,12.0,3.6405193674630674,0.0,0.0,0.0,0.0,1.0,1.0
12,230,8.708364888743677,7.890371611199125,0.0,0.0,0.0,0.0,0.0,0.0
13,230,0.5624262090766682,6.144519439082589,0.0,1.0,0.0,1.0,1.0,0.0
14,230,0.0,0.0356090399257414,1.0,0.0,0.0,1.0,0.0,0.0
15,230,0.0,7.830321755638074,0.0,0.0,0.0,0.0,1.0,0.0
16,230,11.686532941950144,9.01820172245668,1.0,0.0,0.0,0.0,1.0,0.0
17,230,8.102897116387975,0.0654958200157626,1.0,0.0,0.0,1.0,0.0,0.0
18,230,4.083778979690468,0.0,0.0,0.0,0.0,0.0,0.0,0.0
19,230,0.0,12.0,0.0,0.0,1.0,1.0,0.0,0.0
20,230,12.0,4.044084668211548,0.0,0.0,0.0,0.0,0.0,0.0
21,230,10.55425230596712,9.192462301042656,0.0,0.0,0.0,0.0,1.0,1.0
22,230,2.902348827704226,0.6371250590975958,0.0,0.0,0.0,0.0,0.0,0.0
23,230,5.633824021949832,6.182984259258687,0.0,1.0,1.0,1.0,0.0,1.0
24,230,5.287110062966667,1.8118387908214848,1.0,1.0,1.0,1.0,0.0,0.0
25,230,7.177075641916342,5.65000964527492,0.0,1.0,0.0,0.0,1.0,1.0
26,230,4.393313250172839,0.0,0.0,0.0,0.0,1.0,1.0,1.0
27,230,1.8181551673417151,4.019601505287977,0.0,0.0,0.0,1.0,0.0,1.0
28,230,0.0,4.352761833099468,0.0,0.0,0.0,0.0,0.0,0.0
29,230,1.6711225987873504,4.144110172476673,1.0,0.0,0.0,0.0,0.0,0.0
30,230,10.611746097324165,0.1445586269833741,1.0,1.0,0.0,0.0,1.0,1.0
31,230,0.0,7.620599723880545,1.0,1.0,1.0,1.0,0.0,0.0
32,230,0.0601671883751254,11.932104372822192,0.0,0.0,0.0,1.0,0.0,0.0
33,230,0.709378662599848,2.644489295813745,0.0,1.0,0.0,0.0,0.0,0.0
34,230,2.831006845109221,11.972845058099992,0.0,1.0,0.0,0.0,1.0,0.0
35,230,6.477072790796029,3.566388550539595,1.0,0.0,0.0,0.0,1.0,0.0
36,230,4.310285844565709,5.540587787141195,0.0,1.0,1.0,0.0,1.0,1.0
37,230,9.306453282209622,7.01941738564094,1.0,0.0,0.0,0.0,1.0,1.0
38,230,0.4720121503374084,9.426772820333133,1.0,0.0,1.0,0.0,1.0,0.0
39,230,12.0,10.995045868685704,0.0,1.0,1.0,1.0,1.0,1.0
0,235,8.558804628828467,5.2215628873860895,0.0,1.0,0.0,1.0,0.0,1.0
1,235,9.596251591032235,4.245223920038578,1.0,0.0,1.0,1.0,1.0,1.0
2,235,0.6248055796665546,8.061109506407382,0.0,0.0,0.0,0.0,0.0,0.0
3,235,7.776098537669313,10.113944506024684,0.0,0.0,1.0,0.0,0.0,0.0
4,235,1.9740909327642524,7.295771835170002,0.0,0.0,1.0,0.0,1.0,0.0
5,235,9.586016686874974,4.764308620598738,1.0,1.0,0.0,0.0,0.0,0.0
6,235,8.6603801591883,5.15557440465982,1.0,0.0,1.0,0.0,1.0,1.0
7,235,12.0,7.173542800219718,0.0,0.0,0.0,0.0,1.0,0.0
8,235,9.654040892630665,4.396546886157028,0.0,0.0,1.0,1.0,0.0,1.0
9,235,5.039963013830964,0.0,1.0,0.0,0.0,1.0,0.0,0.0
10,235,1.6110746166694243,10.85156436376858,0.0,1.0,1.0,0.0,0.0,0.0
11,235,12.0,3.681723596961012,0.0,0.0,0.0,0.0,1.0,1.0
12,235,8.727691052495796,7.914115393544151,0.0,0.0,0.0,0.0,0.0,0.0
13,235,0.561129744975632,6.077886044975831,0.0,1.0,0.0,1.0,1.0,0.0
14,235,0.0,0.0,1.0,0.0,0.0,1.0,0.0,0.0
15,235,0.0,7.860100026787458,0.0,0.0,0.0,0.0,1.0,0.0
16,235,11.729373413434589,8.861618215076788,1.0,0.0,0.0,0.0,1.0,0.0
17,235,8.061732126899164,0.144664591791742,1.0,0.0,0.0,1.0,0.0,0.0
18,235,4.119372933039376,0.0,0.0,0.0,0.0,0.0,0.0,0.0
19,235,0.0,12.0,0.0,0.0,1.0,1.0,0.0,0.0
20,235,12.0,3.868376245396928,0.0,0.0,0.0,0.0,0.0,0.0
21,235,10.464931663794667,9.187292163824496,0.0,0.0,0.0,0.0,1.0,1.0
22,235,2.764283151081289,0.6462143429693828,0.0,0.0,0.0,0.0,0.0,0.0
23,235,5.6609415467692585,6.178124880639756,0.0,1.0,1.0,1.0,0.0,1.0
24,235,5.355150893823766,1.7774181577761743,1.0,1.0,1.0,1.0,0.0,0.0
25,235,7.237434104922619,5.594663618256346,0.0,1.0,0.0,0.0,1.0,1.0
26,235,4.379346963850353,0.0,0.0,0.0,0.0,1.0,1.0,1.0
27,235,1.7985840038438765,3.995153019611136,0.0,0.0,0.0,1.0,0.0,1.0
28,235,0.0,4.391831470415749,0.0,0.0,0.0,0.0,0.0,0.0
29,235,1.700294897152978,4.188698159791938,1.0,0.0,0.0,0.0,0.0,0.0
30,235,10.586414688204052,0.1538893877115674,1.0,1.0,0.0,0.0,1.0,1.0
31,235,0.0,7.60043491529813,1.0,1.0,1.0,1.0,0.0,0.0
32,235,0.0,11.94477684856765,0.0,0.0,0.0,1.0,0.0,0.0
33,235,0.6728384130814637,2.55018224474906,0.0,1.0,0.0,0.0,0.0,0.0
34,235,2.823009578897288,11.980384487309893,0.0,1.0,0.0,0.0,1.0,0.0
35,235,6.50305456891472,3.5658213984853013,1.0,0.0,0.0,0.0,1.0,0.0
36,235,4.457076604096243,5.559214940281554,0.0,1.0,1.0,0.0,1.0,1.0
37,235,9.249838034281034,6.867522489228581,1.0,0.0,0.0,0.0,1.0,1.0
38,235,0.4877446955240246,9.353457268665757,1.0,0.0,1.0,0.0,1.0,0.0
39,235,12.0,11.272228382940716,0.0,1.0,1.0,1.0,1.0,1.0
0,240,8.561305405419919,5.221078762854573,0.0,1.0,0.0,1.0,0.0,1.0
1,240,9.576848306144209,4.245676409130202,1.0,0.0,1.0,1.0,1.0,1.0
2,240,0.6692145889355099,8.085671048822105,0.0,0.0,0.0,0.0,0.0,0.0
3,240,7.764086074166732,10.098606386118623,0.0,0.0,1.0,0.0,0.0,0.0
4,240,2.09509579691217,7.187109139608845,0.0,0.0,1.0,0.0,1.0,0.0
5,240,9.501451179545436,4.7097739555856,1.0,1.0,0.0,0.0,0.0,0.0
6,240,8.767456418264938,5.087613950994204,1.0,0.0,1.0,0.0,1.0,1.0
7,240,12.0,7.067552608587599,0.0,0.0,0.0,0.0,1.0,0.0
8,240,9.75719627642373,4.3852898214034965,0.0,0.0,1.0,1.0,0.0,1.0
9,240,4.912407761070191,0.0,1.0,0.0,0.0,1.0,0.0,0.0
10,240,1.5952220136825606,10.845121608796486,0.0,1.0,1.0,0.0,0.0,0.0
11,240,12.0,3.762634980844485,0.0,0.0,0.0,0.0,1.0,1.0
12,240,8.752714582608569,7.94481443741696,0.0,0.0,0.0,0.0,0.0,0.0
13,240,0.5592985951235268,6.01771755921984,0.0,1.0,0.0,1.0,1.0,0.0
14,240,0.0,0.0,1.0,0.0,0.0,1.0,0.0,0.0
15,240,0.0,7.90238617044362,0.0,0.0,0.0,0.0,1.0,0.0
16,240,11.770658874209255,8.710510316218556,1.0,0.0,0.0,0.0,1.0,0.0
17,240,8.021090941103482,0.2209994220786979,1.0,0.0,0.0,1.0,0.0,0.0
18,240,4.156291488748484,0.0,0.0,0.0,0.0,0.0,0.0,0.0
19,240,0.0,12.0,0.0,0.0,1.0,1.0,0.0,0.0
20,240,12.0,3.704309637630178,0.0,0.0,0.0,0.0,0.0,0.0
21,240,10.384843822456569,9.180473989861424,0.0,0.0,0.0,0.0,1.0,1.0
22,240,2.6229896287789365,0.6592580055205387,0.0,0.0,0.0,0.0,0.0,0.0
23,240,5.695677938207377,6.17309374693458,0.0,1.0,1.0,1.0,0.0,1.0
24,240,5.409595762915751,1.7513895909225563,1.0,1.0,1.0,1.0,0.0,0.0
25,240,7.315923414749373,5.523878508888532,0.0,1.0,0.0,0.0,1.0,1.0
26,240,4.360713189944272,0.0,0.0,0.0,0.0,1.0,1.0,1.0
27,240,1.783947380420141,3.9762300894581775,0.0,0.0,0.0,1.0,0.0,1.0
28,240,0.0,4.427203013604645,0.0,0.0,0.0,0.0,0.0,0.0
29,240,1.7260708645192575,4.226251364683074,1.0,0.0,0.0,0.0,0.0,0.0
30,240,10.548880044037231,0.1684953401626527,1.0,1.0,0.0,0.0,1.0,1.0
31,240,0.0,7.577011923873138,1.0,1.0,1.0,1.0,0.0,0.0
32,240,0.0,11.956650141476027,0.0,0.0,0.0,1.0,0.0,0.0
33,240,0.6339478271244176,2.454070367550258,0.0,1.0,0.0,0.0,0.0,0.0
34,240,2.8183746884545067,11.984755817831868,0.0,1.0,0.0,0.0,1.0,0.0
35,240,6.533540329807079,3.564993718113688,1.0,0.0,0.0,0.0,1.0,0.0
36,240,4.602025275943739,5.579925010539564,0.0,1.0,1.0,0.0,1.0,1.0
37,240,9.187996838007225,6.7092435537484025,1.0,0.0,0.0,0.0,1.0,1.0
38,240,0.5025434260973963,9.283731297379822,1.0,0.0,1.0,0.0,1.0,0.0
39,240,12.0,11.522795093420424,0.0,1.0,1.0,1.0,1.0,1.0
0,245,8.576057911222726,5.218549011756309,0.0,1.0,0.0,1.0,0.0,1.0
1,245,9.556117291028391,4.245937144551675,1.0,0.0,1.0,1.0,1.0,1.0
2,245,0.6976641382336095,8.100219676732799,0.0,0.0,0.0,0.0,0.0,0.0
3,245,7.742264118324572,10.068956898386872,0.0,0.0,1.0,0.0,0.0,0.0
4,245,2.2100990930713458,7.075072398129093,0.0,0.0,1.0,0.0,1.0,0.0
5,245,9.40199818864207,4.643829453310854,1.0,1.0,0.0,0.0,0.0,0.0
6,245,8.853820127854494,5.033576931688632,1.0,0.0,1.0,0.0,1.0,1.0
7,245,12.0,6.965020949530358,0.0,0.0,0.0,0.0,1.0,0.0
8,245,9.864621240283489,4.377271045231589,0.0,0.0,1.0,1.0,0.0,1.0
9,245,4.791769569268103,0.0,1.0,0.0,0.0,1.0,0.0,0.0
10,245,1.5793789964207123,10.838391817647764,0.0,1.0,1.0,0.0,0.0,0.0
11,245,12.0,3.8613728641072265,0.0,0.0,0.0,0.0,1.0,1.0
12,245,8.78119971677668,7.979683348388263,0.0,0.0,0.0,0.0,0.0,0.0
13,245,0.556742719589083,5.958026732936257,0.0,1.0,0.0,1.0,1.0,0.0
14,245,0.0,0.0,1.0,0.0,0.0,1.0,0.0,0.0
15,245,0.0,7.940413123643952,0.0,0.0,0.0,0.0,1.0,0.0
16,245,11.814483820066084,8.554486537354933,1.0,0.0,0.0,0.0,1.0,0.0
17,245,7.9785509775035,0.3000889141638835,1.0,0.0,0.0,1.0,0.0,0.0
18,245,4.178298391055338,0.0,0.0,0.0,0.0,0.0,0.0,0.0
19,245,0.0,12.0,0.0,0.0,1.0,1.0,0.0,0.0
20,245,12.0,3.5710995767243325,0.0,0.0,0.0,0.0,0.0,0.0
21,245,10.311427458358452,9.173172107495809,0.0,0.0,0.0,0.0,1.0,1.0
22,245,2.4694722284235318,0.6756002550982096,0.0,0.0,0.0,0.0,0.0,0.0
23,245,5.715238116437736,6.170320860861337,0.0,1.0,1.0,1.0,0.0,1.0
24,245,5.453558689099596,1.7313689868511255,1.0,1.0,1.0,1.0,0.0,0.0
25,245,7.398922529557216,5.452084923673212,0.0,1.0,0.0,0.0,1.0,1.0
26,245,4.337486396470773,0.0,0.0,0.0,0.0,1.0,1.0,1.0
27,245,1.7619597763632795,3.9463976202625073,0.0,0.0,0.0,1.0,0.0,1.0
28,245,0.0,4.462464763659524,0.0,0.0,0.0,0.0,0.0,0.0
29,245,1.7464861174912618,4.256280458851377,1.0,0.0,0.0,0.0,0.0,0.0
30,245,10.500431694554823,0.1880207128320094,1.0,1.0,0.0,0.0,1.0,1.0
31,245,0.0,7.557431063739325,1.0,1.0,1.0,1.0,0.0,0.0
32,245,0.0,11.971014551332502,0.0,0.0,0.0,1.0,0.0,0.0
33,245,0.6017656579724712,2.3763256190013795,0.0,1.0,0.0,0.0,0.0,0.0
34,245,2.8214163523533102,11.981800489597855,0.0,1.0,0.0,0.0,1.0,0.0
35,245,6.545794035876695,3.5646343334983777,1.0,0.0,0.0,0.0,1.0,0.0
36,245,4.760983502215032,5.599146120120505,0.0,1.0,1.0,0.0,1.0,1.0
37,245,9.125357720713952,6.561603532237238,1.0,0.0,0.0,0.0,1.0,1.0
38,245,0.5183384761302212,9.216133209158142,1.0,0.0,1.0,0.0,1.0,0.0
39,245,12.0,11.77984671418906,0.0,1.0,1.0,1.0,1.0,1.0
0,250,8.589703657283698,5.216219516956046,0.0,1.0,0.0,1.0,0.0,1.0
1,250,9.53383554236205,4.24619817759518,1.0,0.0,1.0,1.0,1.0,1.0
2,250,0.7178971321348862,8.110412754617903,0.0,0.0,0.0,0.0,0.0,0.0
3,250,7.723771228740756,10.043597076905971,0.0,0.0,1.0,0.0,0.0,0.0
4,250,2.329677450536471,6.95967773757517,0.0,0.0,1.0,0.0,1.0,0.0
5,250,9.301110075319874,4.581437823744015,1.0,1.0,0.0,0.0,0.0,0.0
6,250,8.936731441195006,4.984313736941713,1.0,0.0,1.0,0.0,1.0,1.0
7,250,12.0,6.876860235568076,0.0,0.0,0.0,0.0,1.0,0.0
8,250,9.956375424875947,4.369314358357471,0.0,0.0,1.0,1.0,0.0,1.0
9,250,4.673044483612068,0.0,1.0,0.0,0.0,1.0,0.0,0.0
10,250,1.5621990005059772,10.831467859672893,0.0,1.0,1.0,0.0,0.0,0.0
11,250,12.0,3.928677880034727,0.0,0.0,0.0,0.0,1.0,1.0
12,250,8.805890398184983,8.009772675821518,0.0,0.0,0.0,0.0,0.0,0.0
13,250,0.5535877457071473,5.884305137582675,0.0,1.0,0.0,1.0,1.0,0.0
14,250,0.0,0.0,1.0,0.0,0.0,1.0,0.0,0.0
15,250,0.0,7.982981055472933,0.0,0.0,0.0,0.0,1.0,0.0
16,250,11.862562845434232,8.382498419088499,1.0,0.0,0.0,0.0,1.0,0.0
17,250,7.926654920631127,0.3957405303987701,1.0,0.0,0.0,1.0,0.0,0.0
18,250,4.198509791289393,0.0,0.0,0.0,0.0,0.0,0.0,0.0
19,250,0.0,12.0,0.0,0.0,1.0,1.0,0.0,0.0
20,250,12.0,3.435748961818035,0.0,0.0,0.0,0.0,0.0,0.0
21,250,10.258843793848852,9.16865836438127,0.0,0.0,0.0,0.0,1.0,1.0
22,250,2.3270758697596348,0.6904162227002465,0.0,0.0,0.0,0.0,0.0,0.0
23,250,5.735625512550149,6.1672484036584345,0.0,1.0,1.0,1.0,0.0,1.0
24,250,5.495800642619749,1.7125218243553724,1.0,1.0,1.0,1.0,0.0,0.0
25,250,7.497960273698935,5.365550522841204,0.0,1.0,0.0,0.0,1.0,1.0
26,250,4.316566277118776,0.0,0.0,0.0,0.0,1.0,1.0,1.0
27,250,1.7377127697670949,3.9144637422510185,0.0,0.0,0.0,1.0,0.0,1.0
28,250,0.0,4.497613781548632,0.0,0.0,0.0,0.0,0.0,0.0
29,250,1.7799291851575314,4.304639411292832,1.0,0.0,0.0,0.0,0.0,0.0
30,250,10.445168699931584,0.2105643829760638,1.0,1.0,0.0,0.0,1.0,1.0
31,250,0.0,7.537314605213719,1.0,1.0,1.0,1.0,0.0,0.0
32,250,0.0,11.98907572964554,0.0,0.0,0.0,1.0,0.0,0.0
33,250,0.5740918639607178,2.3111026573532096,0.0,1.0,0.0,0.0,0.0,0.0
34,250,2.8043151494928718,11.998876019973528,0.0,1.0,0.0,0.0,1.0,0.0
35,250,6.586528142914468,3.563468460283937,1.0,0.0,0.0,0.0,1.0,0.0
36,250,4.926509299077737,5.615550602636777,0.0,1.0,1.0,0.0,1.0,1.0
37,250,9.068723476896396,6.420848738708365,1.0,0.0,0.0,0.0,1.0,1.0
38,250,0.5386598005457167,9.127326367851149,1.0,0.0,1.0,0.0,1.0,0.0
39,250,12.0,12.0,0.0,1.0,1.0,1.0,1.0,1.0
0,255,8.584621625333785,5.216934800230384,0.0,1.0,0.0,1.0,0.0,1.0
1,255,9.505993052406437,4.245918122789734,1.0,0.0,1.0,1.0,1.0,1.0
2,255,0.7503255841892086,8.12692011359049,0.0,0.0,0.0,0.0,0.0,0.0
3,255,7.685999676988663,9.99175707373411,0.0,0.0,1.0,0.0,0.0,0.0
4,255,2.4363488855948567,6.859021474886246,0.0,0.0,1.0,0.0,1.0,0.0
5,255,9.241577378799054,4.673096689394248,1.0,1.0,0.0,0.0,0.0,0.0
6,255,9.030724589050148,4.92711830182167,1.0,0.0,1.0,0.0,1.0,1.0
7,255,12.0,6.785329525283231,0.0,0.0,0.0,0.0,1.0,0.0
8,255,10.047880927377578,4.361206560755152,0.0,0.0,1.0,1.0,0.0,1.0
9,255,4.550891079692267,0.0,1.0,0.0,0.0,1.0,0.0,0.0
10,255,1.5498059793695418,10.82675300689817,0.0,1.0,1.0,0.0,0.0,0.0
11,255,12.0,4.000686214064591,0.0,0.0,0.0,0.0,1.0,1.0
12,255,8.827773302704129,8.037735988957271,0.0,0.0,0.0,0.0,0.0,0.0
13,255,0.551399610430706,5.820850299732335,0.0,1.0,0.0,1.0,1.0,0.0
14,255,0.0,0.0,1.0,0.0,0.0,1.0,0.0,0.0
15,255,0.0,8.021318579408758,0.0,0.0,0.0,0.0,1.0,0.0
16,255,11.90903629895839,8.20667058729671,1.0,0.0,0.0,0.0,1.0,0.0
17,255,7.883249538347207,0.4726182226311369,1.0,0.0,0.0,1.0,0.0,0.0
18,255,4.215146840908982,0.0,0.0,0.0,0.0,0.0,0.0,0.0
19,255,0.0,12.0,0.0,0.0,1.0,1.0,0.0,0.0
20,255,12.0,3.2968852278626843,0.0,0.0,0.0,0.0,0.0,0.0
21,255,10.22150326146486,9.16629864291767,0.0,0.0,0.0,0.0,1.0,1.0
22,255,2.3123373798776843,0.552819085305099,0.0,0.0,0.0,0.0,0.0,0.0
23,255,5.7439430526705015,6.165980703021803,0.0,1.0,1.0,1.0,0.0,1.0
24,255,5.5324175058505,1.696338266364137,1.0,1.0,1.0,1.0,0.0,0.0
25,255,7.599229074733766,5.271642671740375,0.0,1.0,0.0,0.0,1.0,1.0
26,255,4.300951207804757,0.0,0.0,0.0,0.0,1.0,1.0,1.0
27,255,1.7093514213766747,3.87688705418556,0.0,0.0,0.0,1.0,0.0,1.0
28,255,0.0,4.5359634106909565,0.0,0.0,0.0,0.0,0.0,0.0
29,255,1.8146998429575392,4.35643200865282,1.0,0.0,0.0,0.0,0.0,0.0
30,255,10.392614478485916,0.2325746387878333,1.0,1.0,0.0,0.0,1.0,1.0
31,255,0.0,7.52055470251676,1.0,1.0,1.0,1.0,0.0,0.0
32,255,0.0191512972021557,12.0,0.0,0.0,0.0,1.0,0.0,0.0
33,255,0.5449358825149991,2.2404246861201416,0.0,1.0,0.0,0.0,0.0,0.0
34,255,2.782374284251235,12.0,0.0,1.0,0.0,0.0,1.0,0.0
35,255,6.6127704086808246,3.561667019132357,1.0,0.0,0.0,0.0,1.0,0.0
36,255,5.082698117959841,5.629579826996072,0.0,1.0,1.0,0.0,1.0,1.0
37,255,8.998924667268277,6.26351571915089,1.0,0.0,0.0,0.0,1.0,1.0
38,255,0.5574718244794522,9.050514957153757,1.0,0.0,1.0,0.0,1.0,0.0
39,255,12.0,12.0,0.0,1.0,1.0,1.0,1.0,1.0
0,260,8.579065270481028,5.217872172760572,0.0,1.0,0.0,1.0,0.0,1.0
1,260,9.504583024956707,4.245940388178778,1.0,0.0,1.0,1.0,1.0,1.0
2,260,0.8041498756165026,8.155009351512442,0.0,0.0,0.0,0.0,0.0,0.0
3,260,7.6471622393799805,9.93807665507587,0.0,0.0,1.0,0.0,0.0,0.0
4,260,2.526377272398517,6.776822276818894,0.0,0.0,1.0,0.0,1.0,0.0
5,260,9.191678939841664,4.7519634172579295,1.0,1.0,0.0,0.0,0.0,0.0
6,260,9.08692582420211,5.026036043343593,1.0,0.0,1.0,0.0,1.0,1.0
7,260,12.0,6.680341271388201,0.0,0.0,0.0,0.0,1.0,0.0
8,260,10.133722084611811,4.3525524964103,0.0,0.0,1.0,1.0,0.0,1.0
9,260,4.425039095486675,0.0,1.0,0.0,0.0,1.0,0.0,0.0
10,260,1.5309769281339882,10.819576847864194,0.0,1.0,1.0,0.0,0.0,0.0
11,260,12.0,4.0852313156061095,0.0,0.0,0.0,0.0,1.0,1.0
12,260,8.850688491969489,8.066901959647863,0.0,0.0,0.0,0.0,0.0,0.0
13,260,0.5500132784994081,5.764972134305626,0.0,1.0,0.0,1.0,1.0,0.0
14,260,0.0,0.0,1.0,0.0,0.0,1.0,0.0,0.0
15,260,0.0,8.058435368541513,0.0,0.0,0.0,0.0,1.0,0.0
16,260,11.955816238206278,8.014260227643385,1.0,0.0,0.0,0.0,1.0,0.0
17,260,7.831511358785208,0.5655651510005584,1.0,0.0,0.0,1.0,0.0,0.0
18,260,4.228134580462229,0.0,0.0,0.0,0.0,0.0,0.0,0.0
19,260,0.0,12.0,0.0,0.0,1.0,1.0,0.0,0.0
20,260,12.0,3.15101421924172,0.0,0.0,0.0,0.0,0.0,0.0
21,260,10.198639585005605,9.164521847121865,0.0,0.0,0.0,0.0,1.0,1.0
22,260,2.297872401200064,0.4117529077523496,0.0,0.0,0.0,0.0,0.0,0.0
23,260,5.733871718295329,6.167142327716221,0.0,1.0,1.0,1.0,0.0,1.0
24,260,5.558026892118105,1.6849594032667896,1.0,1.0,1.0,1.0,0.0,0.0
25,260,7.702505013046481,5.173664878126031,0.0,1.0,0.0,0.0,1.0,1.0
26,260,4.300254699453622,0.0,0.0,0.0,0.0,1.0,1.0,1.0
27,260,1.6921140220576896,3.8547443265448007,0.0,0.0,0.0,1.0,0.0,1.0
28,260,0.0,4.565167577841252,0.0,0.0,0.0,0.0,0.0,0.0
29,260,1.851082114649993,4.410764891464694,1.0,0.0,0.0,0.0,0.0,0.0
30,260,10.356374857061905,0.2480772756692933,1.0,1.0,0.0,0.0,1.0,1.0
31,260,0.0,7.504495545474331,1.0,1.0,1.0,1.0,0.0,0.0
32,260,0.0374051744196843,12.0,0.0,0.0,0.0,1.0,0.0,0.0
33,260,0.5175664434692758,2.1765782365741777,0.0,1.0,0.0,0.0,0.0,0.0
34,260,2.7585955050598767,12.0,0.0,1.0,0.0,0.0,1.0,0.0
35,260,6.61602021161774,3.600762367903929,1.0,0.0,0.0,0.0,1.0,0.0
36,260,5.246819275869648,5.642970903524751,0.0,1.0,1.0,0.0,1.0,1.0
37,260,8.938220552949321,6.112444684259622,1.0,0.0,0.0,0.0,1.0,1.0
38,260,0.5723842422757875,8.99331592910373,1.0,0.0,1.0,0.0,1.0,0.0
39,260,12.0,12.0,0.0,1.0,1.0,1.0,1.0,1.0
0,265,8.565236930092464,5.219988041681169,0.0,1.0,0.0,1.0,0.0,1.0
1,265,9.46899900466204,4.2462864271852405,1.0,0.0,1.0,1.0,1.0,1.0
2,265,0.8573611388857852,8.183074731784076,0.0,0.0,0.0,0.0,0.0,0.0
3,265,7.607427956572707,9.88579562027163,0.0,0.0,1.0,0.0,0.0,0.0
4,265,2.6156446770680053,6.696574897795268,0.0,0.0,1.0,0.0,1.0,0.0
5,265,9.15172115252754,4.816299624842872,1.0,1.0,0.0,0.0,0.0,0.0
6,265,9.150153121424008,5.135196142108894,1.0,0.0,1.0,0.0,1.0,1.0
7,265,12.0,6.589248106698343,0.0,0.0,0.0,0.0,1.0,0.0
8,265,10.220672617437987,4.345618380805777,0.0,0.0,1.0,1.0,0.0,1.0
9,265,4.2946799141307,0.0,1.0,0.0,0.0,1.0,0.0,0.0
10,265,1.4879399152605142,10.80360179541406,0.0,1.0,1.0,0.0,0.0,0.0
11,265,12.0,4.171216036440877,0.0,0.0,0.0,0.0,1.0,1.0
12,265,8.866780513299295,8.08666621226783,0.0,0.0,0.0,0.0,0.0,0.0
13,265,0.5479394045516962,5.697247096131284,0.0,1.0,0.0,1.0,1.0,0.0
14,265,0.0,0.0,1.0,0.0,0.0,1.0,0.0,0.0
15,265,0.0,8.094733231143639,0.0,0.0,0.0,0.0,1.0,0.0
16,265,12.0,7.806933401588493,1.0,0.0,0.0,0.0,1.0,0.0
17,265,7.78606117885942,0.6490575404501024,1.0,0.0,0.0,1.0,0.0,0.0
18,265,4.23010535172833,0.0,0.0,0.0,0.0,0.0,0.0,0.0
19,265,0.0,12.0,0.0,0.0,1.0,1.0,0.0,0.0
20,265,12.0,3.0120972410421367,0.0,0.0,0.0,0.0,0.0,0.0
21,265,10.17405998650901,9.162394484894666,0.0,0.0,0.0,0.0,1.0,1.0
22,265,2.2850546386013435,0.2730490273457764,0.0,0.0,0.0,0.0,0.0,0.0
23,265,5.726970653083932,6.167916681190708,0.0,1.0,1.0,1.0,0.0,1.0
24,265,5.586728515660645,1.671485075782188,1.0,1.0,1.0,1.0,0.0,0.0
25,265,7.813691583627394,5.0734117361342745,0.0,1.0,0.0,0.0,1.0,1.0
26,265,4.301123495297253,0.0019018135247339,0.0,0.0,0.0,1.0,1.0,1.0
27,265,1.67347040976864,3.830499161610756,0.0,0.0,0.0,1.0,0.0,1.0
28,265,0.0,4.596699907466107,0.0,0.0,0.0,0.0,0.0,0.0
29,265,1.8928900246148248,4.472856468052397,1.0,0.0,0.0,0.0,0.0,0.0
30,265,10.32884866890925,0.2599707186086367,1.0,1.0,0.0,0.0,1.0,1.0
31,265,0.0,7.491836242067412,1.0,1.0,1.0,1.0,0.0,0.0
32,265,0.0469322051659961,12.0,0.0,0.0,0.0,1.0,0.0,0.0
33,265,0.4904573651842866,2.1144382886926385,0.0,1.0,0.0,0.0,0.0,0.0
34,265,2.740680725518947,12.0,0.0,1.0,0.0,0.0,1.0,0.0
35,265,6.618537207108959,3.632831266133773,1.0,0.0,0.0,0.0,1.0,0.0
36,265,5.390972439765221,5.65109516796433,0.0,1.0,1.0,0.0,1.0,1.0
37,265,8.88428433575763,5.976229133317568,1.0,0.0,0.0,0.0,1.0,1.0
38,265,0.5887482185547082,8.92664486350554,1.0,0.0,1.0,0.0,1.0,0.0
39,265,12.0,12.0,0.0,1.0,1.0,1.0,1.0,1.0
0,270,8.584439602739595,5.21667474218143,0.0,1.0,0.0,1.0,0.0,1.0
1,270,9.426225451496547,4.24717496532795,1.0,0.0,1.0,1.0,1.0,1.0
2,270,0.9070679864996178,8.208945685143563,0.0,0.0,0.0,0.0,0.0,0.0
3,270,7.573025690503242,9.839270692846542,0.0,0.0,1.0,0.0,0.0,0.0
4,270,2.712166259697851,6.603949306457889,0.0,0.0,1.0,0.0,1.0,0.0
5,270,9.108586409170815,4.883220145569731,1.0,1.0,0.0,0.0,0.0,0.0
6,270,9.197127849179363,5.219649573338755,1.0,0.0,1.0,0.0,1.0,1.0
7,270,12.0,6.487115129009035,0.0,0.0,0.0,0.0,1.0,0.0
8,270,10.299681121868568,4.340892416046782,0.0,0.0,1.0,1.0,0.0,1.0
9,270,4.154372211292857,0.0,1.0,0.0,0.0,1.0,0.0,0.0
10,270,1.445507861164714,10.787709977645594,0.0,1.0,1.0,0.0,0.0,0.0
11,270,12.0,4.244044718703441,0.0,0.0,0.0,0.0,1.0,1.0
12,270,8.885700986858332,8.110942452217529,0.0,0.0,0.0,0.0,0.0,0.0
13,270,0.5447529247207484,5.607851269838634,0.0,1.0,0.0,1.0,1.0,0.0
14,270,0.0,0.0,1.0,0.0,0.0,1.0,0.0,0.0
15,270,0.0,8.127956631407777,0.0,0.0,0.0,0.0,1.0,0.0
16,270,12.0,7.612377255856294,1.0,0.0,0.0,0.0,1.0,0.0
17,270,7.743158301815709,0.7261553217931549,1.0,0.0,0.0,1.0,0.0,0.0
18,270,4.240750996759084,0.0,0.0,0.0,0.0,0.0,0.0,0.0
19,270,0.0,12.0,0.0,0.0,1.0,1.0,0.0,0.0
20,270,12.0,2.872516527614409,0.0,0.0,0.0,0.0,0.0,0.0
21,270,10.146625455086966,9.159996217429628,0.0,0.0,0.0,0.0,1.0,1.0
22,270,2.2722170487352287,0.1380862141949672,0.0,0.0,0.0,0.0,0.0,0.0
23,270,5.732689001632294,6.167313384406435,0.0,1.0,1.0,1.0,0.0,1.0
24,270,5.603972647817065,1.663313693907585,1.0,1.0,1.0,1.0,0.0,0.0
25,270,7.914501448459889,4.977898733764403,0.0,1.0,0.0,0.0,1.0,1.0
26,270,4.30051591405524,0.0006656151091762,0.0,0.0,0.0,1.0,1.0,1.0
27,270,1.6497943554213956,3.800734675058612,0.0,0.0,0.0,1.0,0.0,1.0
28,270,0.0,4.628001605586202,0.0,0.0,0.0,0.0,0.0,0.0
29,270,1.93659131650628,4.541192175413965,1.0,0.0,0.0,0.0,0.0,0.0
30,270,10.301370511756316,0.2714759142471455,1.0,1.0,0.0,0.0,1.0,1.0
31,270,0.0,7.477910626980078,1.0,1.0,1.0,1.0,0.0,0.0
32,270,0.056306118273077,12.0,0.0,0.0,0.0,1.0,0.0,0.0
33,270,0.4753519278080106,2.0797516584791493,0.0,1.0,0.0,0.0,0.0,0.0
34,270,2.7583915954708957,12.0,0.0,1.0,0.0,0.0,1.0,0.0
35,270,6.619083617330711,3.641030218056154,1.0,0.0,0.0,0.0,1.0,0.0
36,270,5.537084690982824,5.660689212258452,0.0,1.0,1.0,0.0,1.0,1.0
37,270,8.824306952001905,5.824104402019475,1.0,0.0,0.0,0.0,1.0,1.0
38,270,0.6111340708048965,8.828111490480593,1.0,0.0,1.0,0.0,1.0,0.0
39,270,12.0,12.0,0.0,1.0,1.0,1.0,1.0,1.0
0,275,8.593187139767588,5.215119935121363,0.0,1.0,0.0,1.0,0.0,1.0
1,275,9.366885192636351,4.247272804691024,1.0,0.0,1.0,1.0,1.0,1.0
2,275,0.9383115858303346,8.225282743215297,0.0,0.0,0.0,0.0,0.0,0.0
3,275,7.5535083621403665,9.813979636096535,0.0,0.0,1.0,0.0,0.0,0.0
4,275,2.8209102667517176,6.502717945728044,0.0,0.0,1.0,0.0,1.0,0.0
5,275,9.07298442241774,4.938418398419038,1.0,1.0,0.0,0.0,0.0,0.0
6,275,9.247238811549726,5.308051840610331,1.0,0.0,1.0,0.0,1.0,1.0
7,275,12.0,6.365888038668286,0.0,0.0,0.0,0.0,1.0,0.0
8,275,10.357385389379958,4.33741809344664,0.0,0.0,1.0,1.0,0.0,1.0
9,275,4.017831498361273,0.0,1.0,0.0,0.0,1.0,0.0,0.0
10,275,1.378667293273408,10.764850533735132,0.0,1.0,1.0,0.0,0.0,0.0
11,275,12.0,4.319441802781407,0.0,0.0,0.0,0.0,1.0,1.0
12,275,8.893961073344439,8.121566624521485,0.0,0.0,0.0,0.0,0.0,0.0
13,275,0.5409261415503157,5.516222719228538,0.0,1.0,0.0,1.0,1.0,0.0
14,275,0.0,0.0,1.0,0.0,0.0,1.0,0.0,0.0
15,275,0.0,8.155634711994873,0.0,0.0,0.0,0.0,1.0,0.0
16,275,12.0,7.4041648892617635,1.0,0.0,0.0,0.0,1.0,0.0
17,275,7.709084816209143,0.7856708329037406,1.0,0.0,0.0,1.0,0.0,0.0
18,275,4.2524565042887295,0.0,0.0,0.0,0.0,0.0,0.0,0.0
19,275,0.0,12.0,0.0,0.0,1.0,1.0,0.0,0.0
20,275,12.0,2.7329608397091305,0.0,0.0,0.0,0.0,0.0,0.0
21,275,10.07884506671463,9.15486835679962,0.0,0.0,0.0,0.0,1.0,1.0
22,275,2.2584090789402333,0.0013199607605903,0.0,0.0,0.0,0.0,0.0,0.0
23,275,5.725400533889776,6.168032869150216,0.0,1.0,1.0,1.0,0.0,1.0
24,275,5.618718598462236,1.6562896917381258,1.0,1.0,1.0,1.0,0.0,0.0
25,275,8.027163023456547,4.877809953927666,0.0,1.0,0.0,0.0,1.0,1.0
26,275,4.29585607543782,0.0,0.0,0.0,0.0,1.0,1.0,1.0
27,275,1.6406088686244658,3.789226982701182,0.0,0.0,0.0,1.0,0.0,1.0
28,275,0.0,4.657701184981117,0.0,0.0,0.0,0.0,0.0,0.0
29,275,1.9788674289321064,4.604268350956672,1.0,0.0,0.0,0.0,0.0,0.0
30,275,10.272779613566964,0.2832977206996109,1.0,1.0,0.0,0.0,1.0,1.0
31,275,0.0,7.458690952664162,1.0,1.0,1.0,1.0,0.0,0.0
32,275,0.065219526130727,12.0,0.0,0.0,0.0,1.0,0.0,0.0
33,275,0.4614025161074244,2.045853457140878,0.0,1.0,0.0,0.0,0.0,0.0
34,275,2.7563891967664964,11.997813460642584,0.0,1.0,0.0,0.0,1.0,0.0
35,275,6.61884105883713,3.6380122691291006,1.0,0.0,0.0,0.0,1.0,0.0
36,275,5.702929327799057,5.674144640283729,0.0,1.0,1.0,0.0,1.0,1.0
37,275,8.761644315415781,5.667714537667391,1.0,0.0,0.0,0.0,1.0,1.0
38,275,0.6395903124138776,8.707473458145781,1.0,0.0,1.0,0.0,1.0,0.0
39,275,12.0,12.0,0.0,1.0,1.0,1.0,1.0,1.0
0,280,8.590877452717244,5.21563986184844,0.0,1.0,0.0,1.0,0.0,1.0
1,280,9.30161612807564,4.24844360889165,1.0,0.0,1.0,1.0,1.0,1.0
2,280,0.9575899788809764,8.235175460071355,0.0,0.0,0.0,0.0,0.0,0.0
3,280,7.532659353426817,9.7870187122172,0.0,0.0,1.0,0.0,0.0,0.0
4,280,2.9209069161190424,6.411087747472319,0.0,0.0,1.0,0.0,1.0,0.0
5,280,9.023337997714153,5.013344774809611,1.0,1.0,0.0,0.0,0.0,0.0
6,280,9.293884631563332,5.395591040234282,1.0,0.0,1.0,0.0,1.0,1.0
7,280,12.0,6.247245204224855,0.0,0.0,0.0,0.0,1.0,0.0
8,280,10.410465775274988,4.334194114031399,0.0,0.0,1.0,1.0,0.0,1.0
9,280,3.882713991350634,0.0,1.0,0.0,0.0,1.0,0.0,0.0
10,280,1.312344633283314,10.741465534727444,0.0,1.0,1.0,0.0,0.0,0.0
11,280,12.0,4.389913141120612,0.0,0.0,0.0,0.0,1.0,1.0
12,280,8.910379746875238,8.14289986428236,0.0,0.0,0.0,0.0,0.0,0.0
13,280,0.5359899488243276,5.429289225984826,0.0,1.0,0.0,1.0,1.0,0.0
14,280,0.0,0.0,1.0,0.0,0.0,1.0,0.0,0.0
15,280,0.0,8.18628704442261,0.0,0.0,0.0,0.0,1.0,0.0
16,280,12.0,7.173104139740347,1.0,0.0,0.0,0.0,1.0,0.0
17,280,7.684042662038126,0.8327935116672308,1.0,0.0,0.0,1.0,0.0,0.0
18,280,4.273253613253822,0.0,0.0,0.0,0.0,0.0,0.0,0.0
19,280,0.0,12.0,0.0,0.0,1.0,1.0,0.0,0.0
20,280,12.0,2.5756208911678558,0.0,0.0,0.0,0.0,0.0,0.0
21,280,10.018452655595354,9.151357100514964,0.0,0.0,0.0,0.0,1.0,1.0
22,280,2.247662389258592,0.0,0.0,0.0,0.0,0.0,0.0,0.0
23,280,5.734502031578644,6.167111829270924,0.0,1.0,1.0,1.0,0.0,1.0
24,280,5.624065164461285,1.6537731098982251,1.0,1.0,1.0,1.0,0.0,0.0
25,280,8.121859737357413,4.796131390248758,0.0,1.0,0.0,0.0,1.0,1.0
26,280,4.288497633416762,0.0,0.0,0.0,0.0,1.0,1.0,1.0
27,280,1.6337984010117852,3.780845290817843,0.0,0.0,0.0,1.0,0.0,1.0
28,280,0.0,4.600811455999537,0.0,0.0,0.0,0.0,0.0,0.0
29,280,2.024438518480614,4.676237365098089,1.0,0.0,0.0,0.0,0.0,0.0
30,280,10.249332499301133,0.2933732067516612,1.0,1.0,0.0,0.0,1.0,1.0
31,280,0.0,7.4354445308644115,1.0,1.0,1.0,1.0,0.0,0.0
32,280,0.0789416378833197,12.0,0.0,0.0,0.0,1.0,0.0,0.0
33,280,0.4517658414493627,2.0232653472190725,0.0,1.0,0.0,0.0,0.0,0.0
34,280,2.760081474346737,12.0,0.0,1.0,0.0,0.0,1.0,0.0
35,280,6.618218409192386,3.6295930186779857,1.0,0.0,0.0,0.0,1.0,0.0
36,280,5.861659190340141,5.690200078283669,0.0,1.0,1.0,0.0,1.0,1.0
37,280,8.697949256210158,5.486227141880236,1.0,0.0,0.0,0.0,1.0,1.0
38,280,0.6630338708233703,8.608323983742052,1.0,0.0,1.0,0.0,1.0,0.0
39,280,12.0,12.0,0.0,1.0,1.0,1.0,1.0,1.0
0,285,8.598137106451526,5.214109896488917,0.0,1.0,0.0,1.0,0.0,1.0
1,285,9.246485166164613,4.2519174801496495,1.0,0.0,1.0,1.0,1.0,1.0
2,285,0.9712204463993288,8.242302756980859,0.0,0.0,0.0,0.0,0.0,0.0
3,285,7.519817579918249,9.7707133855901,0.0,0.0,1.0,0.0,0.0,0.0
4,285,3.021538029264671,6.317146407002255,0.0,0.0,1.0,0.0,1.0,0.0
5,285,8.970271498855125,5.096550599175658,1.0,1.0,0.0,0.0,0.0,0.0
6,285,9.335540407450932,5.476430605820111,1.0,0.0,1.0,0.0,1.0,1.0
7,285,12.0,6.132916897238167,0.0,0.0,0.0,0.0,1.0,0.0
8,285,10.44859259441896,4.331905878063232,0.0,0.0,1.0,1.0,0.0,1.0
9,285,3.7486969477524665,0.0,1.0,0.0,0.0,1.0,0.0,0.0
10,285,1.227466743695934,10.71230978192455,0.0,1.0,1.0,0.0,0.0,0.0
11,285,12.0,4.450821908558636,0.0,0.0,0.0,0.0,1.0,1.0
12,285,8.922494804930816,8.158738445117038,0.0,0.0,0.0,0.0,0.0,0.0
13,285,0.5312206116600663,5.34368683591214,0.0,1.0,0.0,1.0,1.0,0.0
14,285,0.0,0.0,1.0,0.0,0.0,1.0,0.0,0.0
15,285,0.0,8.220726661079807,0.0,0.0,0.0,0.0,1.0,0.0
16,285,12.0,6.945639689641999,1.0,0.0,0.0,0.0,1.0,0.0
17,285,7.658893215300015,0.8785330407659881,1.0,0.0,0.0,1.0,0.0,0.0
18,285,4.304825804983046,0.0,0.0,0.0,0.0,0.0,0.0,0.0
19,285,0.0,12.0,0.0,0.0,1.0,1.0,0.0,0.0
20,285,12.0,2.435420652982817,0.0,0.0,0.0,0.0,0.0,0.0
21,285,9.969286149080167,9.149079770912522,0.0,0.0,0.0,0.0,1.0,1.0
22,285,2.238026795999634,0.0,0.0,0.0,0.0,0.0,0.0,0.0
23,285,5.730211533299658,6.167476582654009,0.0,1.0,1.0,1.0,0.0,1.0
24,285,5.628723333726032,1.651504284688834,1.0,1.0,1.0,1.0,0.0,0.0
25,285,8.207644519004237,4.7234410496609724,0.0,1.0,0.0,0.0,1.0,1.0
26,285,4.28311943703377,0.0,0.0,0.0,0.0,1.0,1.0,1.0
27,285,1.6430289883401212,3.7919153208762286,0.0,0.0,0.0,1.0,0.0,1.0
28,285,0.0,4.520926678924705,0.0,0.0,0.0,0.0,0.0,0.0
29,285,2.06998710505608,4.7498339480783285,1.0,0.0,0.0,0.0,0.0,0.0
30,285,10.24075404997605,0.2972138720425443,1.0,1.0,0.0,0.0,1.0,1.0
31,285,0.0,7.41157740990061,1.0,1.0,1.0,1.0,0.0,0.0
32,285,0.0946861863794096,12.0,0.0,0.0,0.0,1.0,0.0,0.0
33,285,0.4551826013364605,2.0313836873643427,0.0,1.0,0.0,0.0,0.0,0.0
34,285,2.756557095423527,11.995772147560508,0.0,1.0,0.0,0.0,1.0,0.0
35,285,6.618601032946535,3.633854747695802,1.0,0.0,0.0,0.0,1.0,0.0
36,285,6.016919731488453,5.708869743028205,0.0,1.0,1.0,0.0,1.0,1.0
37,285,8.6355159670551,5.315453398867792,1.0,0.0,0.0,0.0,1.0,1.0
38,285,0.6875654590134149,8.50477720872723,1.0,0.0,1.0,0.0,1.0,0.0
39,285,12.0,12.0,0.0,1.0,1.0,1.0,1.0,1.0
0,290,8.610807269898942,5.211282297579606,0.0,1.0,0.0,1.0,0.0,1.0
1,290,9.192561777997591,4.253974887406588,1.0,0.0,1.0,1.0,1.0,1.0
2,290,0.9855251644529622,8.249646016366864,0.0,0.0,0.0,0.0,0.0,0.0
3,290,7.512198872959115,9.761213927786386,0.0,0.0,1.0,0.0,0.0,0.0
4,290,3.125722429103826,6.219788520785703,0.0,0.0,1.0,0.0,1.0,0.0
5,290,8.934824582038194,5.154394513357535,1.0,1.0,0.0,0.0,0.0,0.0
6,290,9.382414752299791,5.56507761003221,1.0,0.0,1.0,0.0,1.0,1.0
7,290,12.0,6.029206533722841,0.0,0.0,0.0,0.0,1.0,0.0
8,290,10.461745849739128,4.331308904957663,0.0,0.0,1.0,1.0,0.0,1.0
9,290,3.626159342756575,0.0,1.0,0.0,0.0,1.0,0.0,0.0
10,290,1.1318503702252518,10.680981246268331,0.0,1.0,1.0,0.0,0.0,0.0
11,290,12.0,4.52906987835964,0.0,0.0,0.0,0.0,1.0,1.0
12,290,8.95058030465101,8.195156225748143,0.0,0.0,0.0,0.0,0.0,0.0
13,290,0.5225090994181325,5.243706009189904,0.0,1.0,0.0,1.0,1.0,0.0
14,290,0.0,0.0,1.0,0.0,0.0,1.0,0.0,0.0
15,290,0.0,8.254898070101962,0.0,0.0,0.0,0.0,1.0,0.0
16,290,12.0,6.727626236782254,1.0,0.0,0.0,0.0,1.0,0.0
17,290,7.63075633643707,0.9299348226692185,1.0,0.0,0.0,1.0,0.0,0.0
18,290,4.336081436491068,0.0,0.0,0.0,0.0,0.0,0.0,0.0
19,290,0.0,12.0,0.0,0.0,1.0,1.0,0.0,0.0
20,290,12.0,2.290662043865697,0.0,0.0,0.0,0.0,0.0,0.0
21,290,9.916188282416163,9.148001893832747,0.0,0.0,0.0,0.0,1.0,1.0
22,290,2.147941690666133,0.0084952796828833,0.0,0.0,0.0,0.0,0.0,0.0
23,290,5.73602625419618,6.167039262906,0.0,1.0,1.0,1.0,0.0,1.0
24,290,5.628872436433067,1.6514304646099691,1.0,1.0,1.0,1.0,0.0,0.0
25,290,8.282738207812171,4.660251799711205,0.0,1.0,0.0,0.0,1.0,1.0
26,290,4.272387677917112,0.0,0.0,0.0,0.0,1.0,1.0,1.0
27,290,1.6464609481450123,3.7961561858377486,0.0,0.0,0.0,1.0,0.0,1.0
28,290,0.0,4.442391043684069,0.0,0.0,0.0,0.0,0.0,0.0
29,290,2.1133440044638268,4.822344110099871,1.0,0.0,0.0,0.0,0.0,0.0
30,290,10.24222827115866,0.2964893497743356,1.0,1.0,0.0,0.0,1.0,1.0
31,290,0.0,7.380210959001126,1.0,1.0,1.0,1.0,0.0,0.0
32,290,0.1080379616937871,12.0,0.0,0.0,0.0,1.0,0.0,0.0
33,290,0.4642173919059216,2.052147416825457,0.0,1.0,0.0,0.0,0.0,0.0
34,290,2.7514661658431656,11.99007968445399,0.0,1.0,0.0,0.0,1.0,0.0
35,290,6.637640768912461,3.6319396983560246,1.0,0.0,0.0,0.0,1.0,0.0
36,290,6.186917058795458,5.734916842756622,0.0,1.0,1.0,0.0,1.0,1.0
37,290,8.568790030089515,5.1287632210762775,1.0,0.0,0.0,0.0,1.0,1.0
38,290,0.7113265583372701,8.396864143953199,1.0,0.0,1.0,0.0,1.0,0.0
39,290,12.0,12.0,0.0,1.0,1.0,1.0,1.0,1.0
0,295,8.605546761490334,5.212488459095837,0.0,1.0,0.0,1.0,0.0,1.0
1,295,9.147065419944097,4.255413753144964,1.0,0.0,1.0,1.0,1.0,1.0
2,295,1.0054050997148192,8.259811570696494,0.0,0.0,0.0,0.0,0.0,0.0
3,295,7.48326756878483,9.726116376353932,0.0,0.0,1.0,0.0,0.0,0.0
4,295,3.2349161042361287,6.114225135393576,0.0,0.0,1.0,0.0,1.0,0.0
5,295,8.890781986400173,5.227582564916174,1.0,1.0,0.0,0.0,0.0,0.0
6,295,9.430405800514473,5.653622665140904,1.0,0.0,1.0,0.0,1.0,1.0
7,295,12.0,5.929485041901265,0.0,0.0,0.0,0.0,1.0,0.0
8,295,10.471723803279287,4.3310124981440135,0.0,0.0,1.0,1.0,0.0,1.0
9,295,3.4895184640264767,0.0,1.0,0.0,0.0,1.0,0.0,0.0
10,295,1.012414430338868,10.643334835301594,0.0,1.0,1.0,0.0,0.0,0.0
11,295,12.0,4.605910536276424,0.0,0.0,0.0,0.0,1.0,1.0
12,295,8.984613202071888,8.238512900083636,0.0,0.0,0.0,0.0,0.0,0.0
13,295,0.5093760433427904,5.127443771579979,0.0,1.0,0.0,1.0,1.0,0.0
14,295,0.0,0.0,1.0,0.0,0.0,1.0,0.0,0.0
15,295,0.0,8.289591742904719,0.0,0.0,0.0,0.0,1.0,0.0
16,295,12.0,6.520126222341908,1.0,0.0,0.0,0.0,1.0,0.0
17,295,7.591240176990007,1.0012190750013816,1.0,0.0,0.0,1.0,0.0,0.0
18,295,4.374270514940791,0.0,0.0,0.0,0.0,0.0,0.0,0.0
19,295,0.0,12.0,0.0,0.0,1.0,1.0,0.0,0.0
20,295,12.0,2.1431585177311643,0.0,0.0,0.0,0.0,0.0,0.0
21,295,9.853205114258037,9.145609753190444,0.0,0.0,0.0,0.0,1.0,1.0
22,295,2.065977733308729,0.0147305468889477,0.0,0.0,0.0,0.0,0.0,0.0
23,295,5.744956818914082,6.166439730078815,0.0,1.0,1.0,1.0,0.0,1.0
24,295,5.612379058288508,1.6590499331773323,1.0,1.0,1.0,1.0,0.0,0.0
25,295,8.358100409769486,4.597480170048556,0.0,1.0,0.0,0.0,1.0,1.0
26,295,4.272818066754351,0.000829977386146,0.0,0.0,0.0,1.0,1.0,1.0
27,295,1.6500445600233524,3.8008612993203976,0.0,0.0,0.0,1.0,0.0,1.0
28,295,0.0,4.358000196894117,0.0,0.0,0.0,0.0,0.0,0.0
29,295,2.1569307813842897,4.891680203252514,1.0,0.0,0.0,0.0,0.0,0.0
30,295,10.252037721996349,0.291844001136737,1.0,1.0,0.0,0.0,1.0,1.0
31,295,0.0,7.348694347219331,1.0,1.0,1.0,1.0,0.0,0.0
32,295,0.1238991461453336,12.0,0.0,0.0,0.0,1.0,0.0,0.0
33,295,0.469220946917662,2.063463926642138,0.0,1.0,0.0,0.0,0.0,0.0
34,295,2.7387997037927145,11.97610043162074,0.0,1.0,0.0,0.0,1.0,0.0
35,295,6.649046246389403,3.630815479494164,1.0,0.0,0.0,0.0,1.0,0.0
36,295,6.350344091883244,5.761274772907453,0.0,1.0,1.0,0.0,1.0,1.0
37,295,8.500732154005096,4.936948444766739,1.0,0.0,0.0,0.0,1.0,1.0
38,295,0.7395970214083791,8.26633313884421,1.0,0.0,1.0,0.0,1.0,0.0
39,295,12.0,12.0,0.0,1.0,1.0,1.0,1.0,1.0
