0,0,8.987280258741979,5.048402384610634,0.0,1.0,0.0,1.0,0.0,1.0
1,0,10.93939160089272,11.955163910428697,1.0,0.0,1.0,1.0,1.0,1.0
2,0,10.963330766480638,8.05902584068652,0.0,0.0,0.0,0.0,0.0,0.0
3,0,11.99882802905149,5.963597684574265,0.0,0.0,1.0,0.0,0.0,0.0
4,0,12.0,9.933218797982036,0.0,0.0,1.0,0.0,1.0,0.0
5,0,8.949400916177968,5.026129854716909,1.0,1.0,0.0,0.0,0.0,0.0
6,0,5.958434930435227,6.031594179298015,1.0,0.0,1.0,0.0,1.0,1.0
7,0,8.966178257001323,5.05399652996191,0.0,0.0,0.0,0.0,1.0,0.0
8,0,6.970553565699467,0.0,0.0,0.0,1.0,1.0,0.0,1.0
9,0,6.048010759037439,8.947068999791085,1.0,0.0,0.0,1.0,0.0,0.0
10,0,1.9950844604164848,2.9377871717247617,0.0,1.0,1.0,0.0,0.0,0.0
11,0,5.943002425141927,3.993997793826933,0.0,0.0,0.0,0.0,1.0,1.0
12,0,8.02148058877673,10.975234177327645,0.0,0.0,0.0,0.0,0.0,0.0
13,0,11.058544055331938,9.027056716384106,0.0,1.0,0.0,1.0,1.0,0.0
14,0,8.96144556110452,3.026782144061879,1.0,0.0,0.0,1.0,0.0,0.0
15,0,12.0,2.0256536801519878,0.0,0.0,0.0,0.0,1.0,0.0
16,0,9.018637444071004,1.9611606631528555,1.0,0.0,0.0,0.0,1.0,0.0
17,0,5.0500474959427,5.004488830230736,1.0,0.0,0.0,1.0,0.0,0.0
18,0,12.0,11.031445726560277,0.0,0.0,0.0,0.0,0.0,0.0
19,0,7.941318711093412,1.0219661976149126,0.0,0.0,1.0,1.0,0.0,0.0
20,0,3.019972297862826,7.952769784448809,0.0,0.0,0.0,0.0,0.0,0.0
21,0,2.0391513923015148,0.987629610786784,0.0,0.0,0.0,0.0,1.0,1.0
22,0,11.023181853409383,0.9523194903901998,0.0,0.0,0.0,0.0,0.0,0.0
23,0,0.9903442241026962,2.9567266524089337,0.0,1.0,1.0,1.0,0.0,1.0
24,0,1.960738193892316,0.9967455598014108,1.0,1.0,1.0,1.0,0.0,0.0
25,0,2.080830815239868,7.020396180477783,0.0,1.0,0.0,0.0,1.0,1.0
26,0,11.06481195155994,0.972113293501686,0.0,0.0,0.0,1.0,1.0,1.0
27,0,5.996726678879949,4.956312332595028,0.0,0.0,0.0,1.0,0.0,1.0
28,0,4.015292089076598,2.0426341058857065,0.0,0.0,0.0,0.0,0.0,0.0
29,0,6.025807067302872,4.050806339610179,1.0,0.0,0.0,0.0,0.0,0.0
30,0,7.978791756344496,3.030306541010241,1.0,1.0,0.0,0.0,1.0,1.0
31,0,0.0,10.037370832747095,1.0,1.0,1.0,1.0,0.0,0.0
32,0,7.063476168323694,1.0175441173638704,0.0,0.0,0.0,1.0,0.0,0.0
33,0,11.96533867459774,0.0,0.0,1.0,0.0,0.0,0.0,0.0
34,0,8.943379040842006,1.0070609932002053,0.0,1.0,0.0,0.0,1.0,0.0
35,0,11.9541294937202,2.000316883665776,1.0,0.0,0.0,0.0,1.0,0.0
36,0,3.970453975514742,11.055160872233674,0.0,1.0,1.0,0.0,1.0,1.0
37,0,3.957290804625704,0.978255851801065,1.0,0.0,0.0,0.0,1.0,1.0
38,0,10.054272342957317,11.053412415950769,1.0,0.0,1.0,0.0,1.0,0.0
39,0,3.0553261918309107,9.003920765444594,0.0,1.0,1.0,1.0,1.0,1.0
0,5,8.975331241232382,5.097528683699183,0.0,1.0,0.0,1.0,0.0,1.0
1,5,10.8780986992593,11.90928022611311,1.0,0.0,1.0,1.0,1.0,1.0
2,5,10.920063323989927,8.132453265799473,0.0,0.0,0.0,0.0,0.0,0.0
3,5,11.99839202957259,5.94211286941657,0.0,0.0,1.0,0.0,0.0,0.0
4,5,12.0,9.87953735974696,0.0,0.0,1.0,0.0,1.0,0.0
5,5,8.901836689959817,5.049154146081452,1.0,1.0,0.0,0.0,0.0,0.0
6,5,5.926195487757873,6.055703729975679,1.0,0.0,1.0,0.0,1.0,1.0
7,5,8.945905881752598,5.08479946567975,0.0,0.0,0.0,0.0,1.0,0.0
8,5,6.940688094417175,0.0,0.0,0.0,1.0,1.0,0.0,1.0
9,5,6.119889883509297,8.86884010744887,1.0,0.0,0.0,1.0,0.0,0.0
10,5,1.990788367974123,2.8806210919693465,0.0,1.0,1.0,0.0,0.0,0.0
11,5,5.900978375696209,3.9897937975985456,0.0,0.0,0.0,0.0,1.0,1.0
12,5,8.033652158616576,10.961316325853106,0.0,0.0,0.0,0.0,0.0,0.0
13,5,11.121933248971391,9.055248141815444,0.0,1.0,0.0,1.0,1.0,0.0
14,5,8.924019398507058,3.053225280782217,1.0,0.0,0.0,1.0,0.0,0.0
15,5,12.0,2.048732715986977,0.0,0.0,0.0,0.0,1.0,0.0
16,5,9.044464853298049,1.910644805789745,1.0,0.0,0.0,0.0,1.0,0.0
17,5,5.109799490718546,5.010904205620241,1.0,0.0,0.0,1.0,0.0,0.0
18,5,12.0,11.05722911362358,0.0,0.0,0.0,0.0,0.0,0.0
19,5,7.890641898565461,1.0412750799588806,0.0,0.0,1.0,1.0,0.0,0.0
20,5,3.039073956661814,7.902959983418992,0.0,0.0,0.0,0.0,0.0,0.0
21,5,2.0766812314711958,0.9755852224548652,0.0,0.0,0.0,0.0,1.0,1.0
22,5,11.046576567363044,0.9053744766198424,0.0,0.0,0.0,0.0,0.0,0.0
23,5,0.9807487852174348,2.91043797545889,0.0,1.0,1.0,1.0,0.0,1.0
24,5,1.9475543746150727,0.9956318959931544,1.0,1.0,1.0,1.0,0.0,0.0
25,5,2.156248125880524,7.03909199844272,0.0,1.0,0.0,0.0,1.0,1.0
26,5,11.13547670427606,0.9395608942236942,0.0,0.0,0.0,1.0,1.0,1.0
27,5,5.993672780075067,4.924949836293301,0.0,0.0,0.0,1.0,0.0,1.0
28,5,4.024984253636651,2.070740043413991,0.0,0.0,0.0,0.0,0.0,0.0
29,5,6.051707547881838,4.10373622603454,1.0,0.0,0.0,0.0,0.0,0.0
30,5,7.957308436501944,3.060265233904679,1.0,1.0,0.0,0.0,1.0,1.0
31,5,0.0,10.069673920553493,1.0,1.0,1.0,1.0,0.0,0.0
32,5,7.12561393911482,1.0343464167360936,0.0,0.0,0.0,1.0,0.0,0.0
33,5,11.92936126737689,0.0,0.0,1.0,0.0,0.0,0.0,0.0
34,5,8.88616386895792,1.0138858175634018,0.0,1.0,0.0,0.0,1.0,0.0
35,5,11.918920116436336,2.000049339886168,1.0,0.0,0.0,0.0,1.0,0.0
36,5,3.9455089025019694,11.102463290567115,0.0,1.0,1.0,0.0,1.0,1.0
37,5,3.914296108212351,0.9540366997244666,1.0,0.0,0.0,0.0,1.0,1.0
38,5,10.11931519780893,11.114950574525608,1.0,0.0,1.0,0.0,1.0,0.0
39,5,3.093360628395107,9.00758031258846,0.0,1.0,1.0,1.0,1.0,1.0
0,10,8.961444584606715,5.156716220296541,0.0,1.0,0.0,1.0,0.0,1.0
1,10,10.827119682411237,11.872280080332873,1.0,0.0,1.0,1.0,1.0,1.0
2,10,10.879446825842946,8.197402589114809,0.0,0.0,0.0,0.0,0.0,0.0
3,10,11.996574556378487,5.899302861162979,0.0,0.0,1.0,0.0,0.0,0.0
4,10,12.0,9.82575186556532,0.0,0.0,1.0,0.0,1.0,0.0
5,10,8.847580354138504,5.077402846624425,1.0,1.0,0.0,0.0,0.0,0.0
6,10,5.891822330214621,6.081808650503908,1.0,0.0,1.0,0.0,1.0,1.0
7,10,8.921728470336573,5.11969281567143,0.0,0.0,0.0,0.0,1.0,0.0
8,10,6.913536109558329,0.0,0.0,0.0,1.0,1.0,0.0,1.0
9,10,6.170933974010268,8.81373323628485,1.0,0.0,0.0,1.0,0.0,0.0
10,10,1.988701420885092,2.8498078350920664,0.0,1.0,1.0,0.0,0.0,0.0
11,10,5.867745646075947,3.9857980097619623,0.0,0.0,0.0,0.0,1.0,1.0
12,10,8.052465091334948,10.939808404720695,0.0,0.0,0.0,0.0,0.0,0.0
13,10,11.224776271751685,9.101455789165714,0.0,1.0,0.0,1.0,1.0,0.0
14,10,8.877662293728031,3.085829749125335,1.0,0.0,0.0,1.0,0.0,0.0
15,10,12.0,2.0584177621129225,0.0,0.0,0.0,0.0,1.0,0.0
16,10,9.07999658253364,1.840553225925486,1.0,0.0,0.0,0.0,1.0,0.0
17,10,5.172179677929934,5.01777422143281,1.0,0.0,0.0,1.0,0.0,0.0
18,10,12.0,11.082357397089694,0.0,0.0,0.0,0.0,0.0,0.0
19,10,7.837570426958726,1.0613104951413677,0.0,0.0,1.0,1.0,0.0,0.0
20,10,3.060738637203516,7.847323493765301,0.0,0.0,0.0,0.0,0.0,0.0
21,10,2.1025611001639173,0.9667224164325184,0.0,0.0,0.0,0.0,1.0,1.0
22,10,11.068660406332985,0.8584813516774856,0.0,0.0,0.0,0.0,0.0,0.0
23,10,0.9716612726762468,2.8672169731517503,0.0,1.0,1.0,1.0,0.0,1.0
24,10,1.9134545636687863,0.9934777774422212,1.0,1.0,1.0,1.0,0.0,0.0
25,10,2.245077766080834,7.063275950612802,0.0,1.0,0.0,0.0,1.0,1.0
26,10,11.20740910075714,0.9079566799944732,0.0,0.0,0.0,1.0,1.0,1.0
27,10,5.992270252188341,4.911476765799717,0.0,0.0,0.0,1.0,0.0,1.0
28,10,4.036123029462978,2.1044791426969627,0.0,0.0,0.0,0.0,0.0,0.0
29,10,6.087447208117483,4.174052423196904,1.0,0.0,0.0,0.0,0.0,0.0
30,10,7.936443133227829,3.089098889155221,1.0,1.0,0.0,0.0,1.0,1.0
31,10,0.0,10.100668916249385,1.0,1.0,1.0,1.0,0.0,0.0
32,10,7.185846338025229,1.0517969844082498,0.0,0.0,0.0,1.0,0.0,0.0
33,10,11.896156078477992,0.0,0.0,1.0,0.0,0.0,0.0,0.0
34,10,8.841454784279417,1.0195488280170046,0.0,1.0,0.0,0.0,1.0,0.0
35,10,11.86877734987921,1.999703870424222,1.0,0.0,0.0,0.0,1.0,0.0
36,10,3.9230251274751256,11.142935051864976,0.0,1.0,1.0,0.0,1.0,1.0
37,10,3.865288879167719,0.9258546228120798,1.0,0.0,0.0,0.0,1.0,1.0
38,10,10.206788874962648,11.198479155932713,1.0,0.0,1.0,0.0,1.0,0.0
39,10,3.1369287647793125,9.012087178113086,0.0,1.0,1.0,1.0,1.0,1.0
0,15,8.945188697518335,5.228014297549793,0.0,1.0,0.0,1.0,0.0,1.0
1,15,10.784572129530256,11.842660233407155,1.0,0.0,1.0,1.0,1.0,1.0
2,15,10.839979021996324,8.262173003452912,0.0,0.0,0.0,0.0,0.0,0.0
3,15,11.99508317990479,5.851976305568109,0.0,0.0,1.0,0.0,0.0,0.0
4,15,12.0,9.754603121503296,0.0,0.0,1.0,0.0,1.0,0.0
5,15,8.776498190215642,5.116107474969779,1.0,1.0,0.0,0.0,0.0,0.0
6,15,5.833279369135231,6.123380547513636,1.0,0.0,1.0,0.0,1.0,1.0
7,15,8.903752992804161,5.144946114978145,0.0,0.0,0.0,0.0,1.0,0.0
8,15,6.873424000503184,0.0,0.0,0.0,1.0,1.0,0.0,1.0
9,15,6.2413421438968335,8.738317417874958,1.0,0.0,0.0,1.0,0.0,0.0
10,15,1.988000146859609,2.832913412207507,0.0,1.0,1.0,0.0,0.0,0.0
11,15,5.835616146163506,3.98052771297608,0.0,0.0,0.0,0.0,1.0,1.0
12,15,8.080976828072918,10.908077374874386,0.0,0.0,0.0,0.0,0.0,0.0
13,15,11.32768902261778,9.144497496984116,0.0,1.0,0.0,1.0,1.0,0.0
14,15,8.834785918799858,3.114635238957937,1.0,0.0,0.0,1.0,0.0,0.0
15,15,12.0,2.07401465986049,0.0,0.0,0.0,0.0,1.0,0.0
16,15,9.110553212199166,1.778461159191056,1.0,0.0,0.0,0.0,1.0,0.0
17,15,5.209296158857257,5.021550623171833,1.0,0.0,0.0,1.0,0.0,0.0
18,15,12.0,11.11071307319357,0.0,0.0,0.0,0.0,0.0,0.0
19,15,7.778071991827738,1.0841580497432672,0.0,0.0,1.0,1.0,0.0,0.0
20,15,3.07929294558262,7.800749134538329,0.0,0.0,0.0,0.0,0.0,0.0
21,15,2.1264789136429623,0.9586173926242896,0.0,0.0,0.0,0.0,1.0,1.0
22,15,11.089826881189124,0.8120482439648601,0.0,0.0,0.0,0.0,0.0,0.0
23,15,0.957028424561649,2.801241633399814,0.0,1.0,1.0,1.0,0.0,1.0
24,15,1.887425999922494,0.9917383631307936,1.0,1.0,1.0,1.0,0.0,0.0
25,15,2.3569487482926865,7.092969702972601,0.0,1.0,0.0,0.0,1.0,1.0
26,15,11.264333588418795,0.8815548686175118,0.0,0.0,0.0,1.0,1.0,1.0
27,15,5.99293432485548,4.916601874958516,0.0,0.0,0.0,1.0,0.0,1.0
28,15,4.037214925318152,2.107678416747292,0.0,0.0,0.0,0.0,0.0,0.0
29,15,6.123159300670609,4.247035429825247,1.0,0.0,0.0,0.0,0.0,0.0
30,15,7.915805063855337,3.1187399407127567,1.0,1.0,0.0,0.0,1.0,1.0
31,15,0.0,10.137433602953992,1.0,1.0,1.0,1.0,0.0,0.0
32,15,7.243199853483517,1.0690514383815382,0.0,0.0,0.0,1.0,0.0,0.0
33,15,11.864418555659404,0.0,0.0,1.0,0.0,0.0,0.0,0.0
34,15,8.808210180992846,1.023018817848809,0.0,1.0,0.0,0.0,1.0,0.0
35,15,11.812304989358326,1.9983414755912232,1.0,0.0,0.0,0.0,1.0,0.0
36,15,3.882544728619957,11.214307128303982,0.0,1.0,1.0,0.0,1.0,1.0
37,15,3.823087394934115,0.9018661144176152,1.0,0.0,0.0,0.0,1.0,1.0
38,15,10.30252205328023,11.291203668050786,1.0,0.0,1.0,0.0,1.0,0.0
39,15,3.1687365356873274,9.014996928036291,0.0,1.0,1.0,1.0,1.0,1.0
0,20,8.924936398079689,5.3126535862884845,0.0,1.0,0.0,1.0,0.0,1.0
1,20,10.745460512611793,11.81577481512215,1.0,0.0,1.0,1.0,1.0,1.0
2,20,10.808760857178244,8.315558476490207,0.0,0.0,0.0,0.0,0.0,0.0
3,20,11.993525367021505,5.8170873041866,0.0,0.0,1.0,0.0,0.0,0.0
4,20,12.0,9.680586524290694,0.0,0.0,1.0,0.0,1.0,0.0
5,20,8.70087836032492,5.15511913439355,1.0,1.0,0.0,0.0,0.0,0.0
6,20,5.765955405826839,6.170366888281677,1.0,0.0,1.0,0.0,1.0,1.0
7,20,8.87912369515274,5.179754936318141,0.0,0.0,0.0,0.0,1.0,0.0
8,20,6.837783415344426,0.0,0.0,0.0,1.0,1.0,0.0,1.0
9,20,6.300126518974792,8.672102475391988,1.0,0.0,0.0,1.0,0.0,0.0
10,20,1.9875381235973548,2.812729081772626,0.0,1.0,1.0,0.0,0.0,0.0
11,20,5.789981487335748,3.9736865003601065,0.0,0.0,0.0,0.0,1.0,1.0
12,20,8.10462104311288,10.881687477161938,0.0,0.0,0.0,0.0,0.0,0.0
13,20,11.418720944056986,9.182342331691864,0.0,1.0,0.0,1.0,1.0,0.0
14,20,8.800610905692812,3.1375834828738385,1.0,0.0,0.0,1.0,0.0,0.0
15,20,12.0,2.0908560102720744,0.0,0.0,0.0,0.0,1.0,0.0
16,20,9.14666861412861,1.7015102463633631,1.0,0.0,0.0,0.0,1.0,0.0
17,20,5.233803758060809,5.023716770315684,1.0,0.0,0.0,1.0,0.0,0.0
18,20,12.0,11.140114617656442,0.0,0.0,0.0,0.0,0.0,0.0
19,20,7.713686649816265,1.1095887941172846,0.0,0.0,1.0,1.0,0.0,0.0
20,20,3.1012157804296603,7.745277374447427,0.0,0.0,0.0,0.0,0.0,0.0
21,20,2.161368844232922,0.9461559727533656,0.0,0.0,0.0,0.0,1.0,1.0
22,20,11.113962714893862,0.7602629916757885,0.0,0.0,0.0,0.0,0.0,0.0
23,20,0.9368895033333302,2.719437199833293,0.0,1.0,1.0,1.0,0.0,1.0
24,20,1.858175053863061,0.9900760595091718,1.0,1.0,1.0,1.0,0.0,0.0
25,20,2.4703716784919627,7.1208872179616165,0.0,1.0,0.0,0.0,1.0,1.0
26,20,11.325552945446717,0.8529211853542698,0.0,0.0,0.0,1.0,1.0,1.0
27,20,5.9911030658485895,4.900209842738424,0.0,0.0,0.0,1.0,0.0,1.0
28,20,4.046970319770119,2.1357841507162,0.0,0.0,0.0,0.0,0.0,0.0
29,20,6.155161521668058,4.308660591523911,1.0,0.0,0.0,0.0,0.0,0.0
30,20,7.880829998232906,3.169921766920262,1.0,1.0,0.0,0.0,1.0,1.0
31,20,0.0,10.167093928787423,1.0,1.0,1.0,1.0,0.0,0.0
32,20,7.316493623355818,1.089171471104185,0.0,0.0,0.0,1.0,0.0,0.0
33,20,11.828840438399943,0.0,0.0,1.0,0.0,0.0,0.0,0.0
34,20,8.757108626680122,1.0282228105388227,0.0,1.0,0.0,0.0,1.0,0.0
35,20,11.741503819899432,1.9943805378756296,1.0,0.0,0.0,0.0,1.0,0.0
36,20,3.849774359213327,11.275257823438444,0.0,1.0,1.0,0.0,1.0,1.0
37,20,3.7707823482823297,0.8716496826738374,1.0,0.0,0.0,0.0,1.0,1.0
38,20,10.400636159476395,11.381163288265387,1.0,0.0,1.0,0.0,1.0,0.0
39,20,3.211595114934556,9.017990116751822,0.0,1.0,1.0,1.0,1.0,1.0
0,25,8.901904513416106,5.409447953677744,0.0,1.0,0.0,1.0,0.0,1.0
1,25,10.703347429338717,11.785412883842229,1.0,0.0,1.0,1.0,1.0,1.0
2,25,10.769866742253186,8.383806859867619,0.0,0.0,0.0,0.0,0.0,0.0
3,25,11.99300299005733,5.789827269412634,0.0,0.0,1.0,0.0,0.0,0.0
4,25,12.0,9.601208662707249,0.0,0.0,1.0,0.0,1.0,0.0
5,25,8.63103393457951,5.19178825931748,1.0,1.0,0.0,0.0,0.0,0.0
6,25,5.684008287069069,6.2285320462980085,1.0,0.0,1.0,0.0,1.0,1.0
7,25,8.851500097471103,5.219456616556428,0.0,0.0,0.0,0.0,1.0,0.0
8,25,6.800304393620632,0.0,0.0,0.0,1.0,1.0,0.0,1.0
9,25,6.358244011305484,8.6064915058109,1.0,0.0,0.0,1.0,0.0,0.0
10,25,1.986444304512975,2.785012372816876,0.0,1.0,1.0,0.0,0.0,0.0
11,25,5.750250285966709,3.9678127653294095,0.0,0.0,0.0,0.0,1.0,1.0
12,25,8.120056020764407,10.865087413699518,0.0,0.0,0.0,0.0,0.0,0.0
13,25,11.49786572766,9.215833456865411,0.0,1.0,0.0,1.0,1.0,0.0
14,25,8.77039021023168,3.157108630071776,1.0,0.0,0.0,1.0,0.0,0.0
15,25,12.0,2.0958358056731528,0.0,0.0,0.0,0.0,1.0,0.0
16,25,9.187430252574645,1.6151259374165774,1.0,0.0,0.0,0.0,1.0,0.0
17,25,5.241013969939506,5.024182801527404,1.0,0.0,0.0,1.0,0.0,0.0
18,25,12.0,11.176480032792846,0.0,0.0,0.0,0.0,0.0,0.0
19,25,7.658138905903272,1.1318149252064902,0.0,0.0,1.0,1.0,0.0,0.0
20,25,3.128110336577543,7.681044734501832,0.0,0.0,0.0,0.0,0.0,0.0
21,25,2.1997311039245853,0.9323530559983368,0.0,0.0,0.0,0.0,1.0,1.0
22,25,11.134652269211156,0.7144624202941372,0.0,0.0,0.0,0.0,0.0,0.0
23,25,0.9145183533912016,2.633272207392033,0.0,1.0,1.0,1.0,0.0,1.0
24,25,1.8205306431175865,0.9877583042388932,1.0,1.0,1.0,1.0,0.0,0.0
25,25,2.5769304506386925,7.147474901444069,0.0,1.0,0.0,0.0,1.0,1.0
26,25,11.386699235927688,0.8249520854561573,0.0,0.0,0.0,1.0,1.0,1.0
27,25,5.98892505601247,4.876847614228112,0.0,0.0,0.0,1.0,0.0,1.0
28,25,4.052866612912307,2.153539970973106,0.0,0.0,0.0,0.0,0.0,0.0
29,25,6.191595205110332,4.382820463517393,1.0,0.0,0.0,0.0,0.0,0.0
30,25,7.851588400283997,3.210584379292833,1.0,1.0,0.0,0.0,1.0,1.0
31,25,0.0,10.19300029243207,1.0,1.0,1.0,1.0,0.0,0.0
32,25,7.397208417719377,1.1113283227171913,0.0,0.0,0.0,1.0,0.0,0.0
33,25,11.799003925915748,0.0,0.0,1.0,0.0,0.0,0.0,0.0
34,25,8.727453207307848,1.0313338787278243,0.0,1.0,0.0,0.0,1.0,0.0
35,25,11.69021618804926,1.9901347507975735,1.0,0.0,0.0,0.0,1.0,0.0
36,25,3.8248175601248815,11.323562901525907,0.0,1.0,1.0,0.0,1.0,1.0
37,25,3.71169146427156,0.8391857744831209,1.0,0.0,0.0,0.0,1.0,1.0
38,25,10.495885778010804,11.466468904958289,1.0,0.0,1.0,0.0,1.0,0.0
39,25,3.2551774286486403,9.01971414535974,0.0,1.0,1.0,1.0,1.0,1.0
0,30,8.879371455678811,5.49969638444836,0.0,1.0,0.0,1.0,0.0,1.0
1,30,10.652324744924142,11.748606725545486,1.0,0.0,1.0,1.0,1.0,1.0
2,30,10.72125704179914,8.468080245282222,0.0,0.0,0.0,0.0,0.0,0.0
3,30,11.992941907357418,5.766478672208537,0.0,0.0,1.0,0.0,0.0,0.0
4,30,12.0,9.5158480911413,0.0,0.0,1.0,0.0,1.0,0.0
5,30,8.556450788288934,5.230619799361854,1.0,1.0,0.0,0.0,0.0,0.0
6,30,5.615910532469604,6.275662329860659,1.0,0.0,1.0,0.0,1.0,1.0
7,30,8.812270769123787,5.276556769268722,0.0,0.0,0.0,0.0,1.0,0.0
8,30,6.772257829095153,0.0,0.0,0.0,1.0,1.0,0.0,1.0
9,30,6.41317008157279,8.545245624205874,1.0,0.0,0.0,1.0,0.0,0.0
10,30,1.9851810583151728,2.7579563780965923,0.0,1.0,1.0,0.0,0.0,0.0
11,30,5.698788895942423,3.9597314798461536,0.0,0.0,0.0,0.0,1.0,1.0
12,30,8.134891254715011,10.8498864533462,0.0,0.0,0.0,0.0,0.0,0.0
13,30,11.60397363356276,9.259185844909014,0.0,1.0,0.0,1.0,1.0,0.0
14,30,8.708533950639902,3.1987379131778453,1.0,0.0,0.0,1.0,0.0,0.0
15,30,12.0,2.095856029995661,0.0,0.0,0.0,0.0,1.0,0.0
16,30,9.227015401657724,1.531490748134371,1.0,0.0,0.0,0.0,1.0,0.0
17,30,5.266106895097117,5.0266835897305056,1.0,0.0,0.0,1.0,0.0,0.0
18,30,12.0,11.209425573773045,0.0,0.0,0.0,0.0,0.0,0.0
19,30,7.604532331268273,1.1531102537838576,0.0,0.0,1.0,1.0,0.0,0.0
20,30,3.145756640689878,7.637359023416731,0.0,0.0,0.0,0.0,0.0,0.0
21,30,2.227356731840933,0.9218992820360712,0.0,0.0,0.0,0.0,1.0,1.0
22,30,11.147808774292752,0.6841510568412924,0.0,0.0,0.0,0.0,0.0,0.0
23,30,0.8899380328808416,2.5425226020439187,0.0,1.0,1.0,1.0,0.0,1.0
24,30,1.8093610600068937,0.9868198597047936,1.0,1.0,1.0,1.0,0.0,0.0
25,30,2.6891626512787625,7.175479194804264,0.0,1.0,0.0,0.0,1.0,1.0
26,30,11.43175120041401,0.804215631933113,0.0,0.0,0.0,1.0,1.0,1.0
27,30,5.986271306412644,4.845263249542648,0.0,0.0,0.0,1.0,0.0,1.0
28,30,4.0592513480526975,2.1719315823926717,0.0,0.0,0.0,0.0,0.0,0.0
29,30,6.229428258581564,4.464157999912056,1.0,0.0,0.0,0.0,0.0,0.0
30,30,7.809807739043116,3.2689029544014785,1.0,1.0,0.0,0.0,1.0,1.0
31,30,0.0295185241481499,10.234683378387723,1.0,1.0,1.0,1.0,0.0,0.0
32,30,7.486309309352068,1.1349307415373775,0.0,0.0,0.0,1.0,0.0,0.0
33,30,11.767885451150825,0.0,0.0,1.0,0.0,0.0,0.0,0.0
34,30,8.698944867375822,1.0349150414858344,0.0,1.0,0.0,0.0,1.0,0.0
35,30,11.6099434775785,1.9836891333268944,1.0,0.0,0.0,0.0,1.0,0.0
36,30,3.800174466598156,11.373222840405091,0.0,1.0,1.0,0.0,1.0,1.0
37,30,3.658734048611102,0.8105186575581925,1.0,0.0,0.0,0.0,1.0,1.0
38,30,10.585749662401732,11.54483427464934,1.0,0.0,1.0,0.0,1.0,0.0
39,30,3.306976136492487,9.022076662814149,0.0,1.0,1.0,1.0,1.0,1.0
0,35,8.856743813995703,5.587805677658209,0.0,1.0,0.0,1.0,0.0,1.0
1,35,10.599063495073016,11.709879208812922,1.0,0.0,1.0,1.0,1.0,1.0
2,35,10.677047718133448,8.546892279638763,0.0,0.0,0.0,0.0,0.0,0.0
3,35,11.99289130035926,5.723443114796977,0.0,0.0,1.0,0.0,0.0,0.0
4,35,12.0,9.435776777105684,0.0,0.0,1.0,0.0,1.0,0.0
5,35,8.491225899195348,5.26289521705259,1.0,1.0,0.0,0.0,0.0,0.0
6,35,5.5599460367263855,6.313942974024673,1.0,0.0,1.0,0.0,1.0,1.0
7,35,8.780688102539406,5.320804918376169,0.0,0.0,0.0,0.0,1.0,0.0
8,35,6.742880617675495,0.0,0.0,0.0,1.0,1.0,0.0,1.0
9,35,6.472561046187648,8.480765771525864,1.0,0.0,0.0,1.0,0.0,0.0
10,35,1.982679521894276,2.7112787144679285,0.0,1.0,1.0,0.0,0.0,0.0
11,35,5.645657925622283,3.9509422641409153,0.0,0.0,0.0,0.0,1.0,1.0
12,35,8.148888715946908,10.835385394110157,0.0,0.0,0.0,0.0,0.0,0.0
13,35,11.70741603844371,9.30309628198804,0.0,1.0,0.0,1.0,1.0,0.0
14,35,8.643588729677365,3.239587311597611,1.0,0.0,0.0,1.0,0.0,0.0
15,35,12.0,2.0993960014661144,0.0,0.0,0.0,0.0,1.0,0.0
16,35,9.270033993827637,1.4414645992687931,1.0,0.0,0.0,0.0,1.0,0.0
17,35,5.268273011735551,5.026938180233208,1.0,0.0,0.0,1.0,0.0,0.0
18,35,12.0,11.235399289785876,0.0,0.0,0.0,0.0,0.0,0.0
19,35,7.559728286189657,1.1715988985861774,0.0,0.0,1.0,1.0,0.0,0.0
20,35,3.1642889257251454,7.593054321120405,0.0,0.0,0.0,0.0,0.0,0.0
21,35,2.233182759091705,0.9197881265183128,0.0,0.0,0.0,0.0,1.0,1.0
22,35,11.167165101857575,0.6427551356662827,0.0,0.0,0.0,0.0,0.0,0.0
23,35,0.8625455140916873,2.427885802204535,0.0,1.0,1.0,1.0,0.0,1.0
24,35,1.811419702701564,0.9870155996136114,1.0,1.0,1.0,1.0,0.0,0.0
25,35,2.777140721338383,7.195638905806725,0.0,1.0,0.0,0.0,1.0,1.0
26,35,11.45288789076052,0.7950247413263511,0.0,0.0,0.0,1.0,1.0,1.0
27,35,5.9846105410285775,4.820983494627503,0.0,0.0,0.0,1.0,0.0,1.0
28,35,4.061622726283761,2.179606763092818,0.0,0.0,0.0,0.0,0.0,0.0
29,35,6.275723445767397,4.558193559685963,1.0,0.0,0.0,0.0,0.0,0.0
30,35,7.773573721723674,3.319680543839817,1.0,1.0,0.0,0.0,1.0,1.0
31,35,0.0648045803385237,10.284973572931788,1.0,1.0,1.0,1.0,0.0,0.0
32,35,7.586558528420396,1.162667899644926,0.0,0.0,0.0,1.0,0.0,0.0
33,35,11.73426215237196,0.0,0.0,1.0,0.0,0.0,0.0,0.0
34,35,8.685309822249616,1.0364533459738037,0.0,1.0,0.0,0.0,1.0,0.0
35,35,11.517831421758506,1.9759390850881864,1.0,0.0,0.0,0.0,1.0,0.0
36,35,3.7794324994697504,11.416013683990812,0.0,1.0,1.0,0.0,1.0,1.0
37,35,3.612022712034567,0.7851446661966212,1.0,0.0,0.0,0.0,1.0,1.0
38,35,10.677201693648032,11.628627816945553,1.0,0.0,1.0,0.0,1.0,0.0
39,35,3.381647847010406,9.023312958182029,0.0,1.0,1.0,1.0,1.0,1.0
0,40,8.831377578194976,5.698160634068849,0.0,1.0,0.0,1.0,0.0,1.0
1,40,10.552557673123284,11.676579574077406,1.0,0.0,1.0,1.0,1.0,1.0
2,40,10.626421864122458,8.634003438387127,0.0,0.0,0.0,0.0,0.0,0.0
3,40,12.0,5.7235497654433605,0.0,0.0,1.0,0.0,0.0,0.0
4,40,12.0,9.379369868219666,0.0,0.0,1.0,0.0,1.0,0.0
5,40,8.423039776212676,5.295037404679009,1.0,1.0,0.0,0.0,0.0,0.0
6,40,5.509656086997103,6.347651574250068,1.0,0.0,1.0,0.0,1.0,1.0
7,40,8.744034249847157,5.369637433368085,0.0,0.0,0.0,0.0,1.0,0.0
8,40,6.715599457387762,0.0,0.0,0.0,1.0,1.0,0.0,1.0
9,40,6.535750610947042,8.412064860187586,1.0,0.0,0.0,1.0,0.0,0.0
10,40,1.9778060271502729,2.665786407753851,0.0,1.0,1.0,0.0,0.0,0.0
11,40,5.605131535569483,3.9443480496172514,0.0,0.0,0.0,0.0,1.0,1.0
12,40,8.163320363013685,10.82092066219481,0.0,0.0,0.0,0.0,0.0,0.0
13,40,11.82254983602108,9.356639443205085,0.0,1.0,0.0,1.0,1.0,0.0
14,40,8.587707866156357,3.274597982339939,1.0,0.0,0.0,1.0,0.0,0.0
15,40,12.0,2.1003622441503715,0.0,0.0,0.0,0.0,1.0,0.0
16,40,9.31891454068791,1.3407107673246357,1.0,0.0,0.0,0.0,1.0,0.0
17,40,5.254075149264216,5.024973657939685,1.0,0.0,0.0,1.0,0.0,0.0
18,40,12.0,11.255255591432435,0.0,0.0,0.0,0.0,0.0,0.0
19,40,7.527683485121302,1.1852345023306263,0.0,0.0,1.0,1.0,0.0,0.0
20,40,3.1794347303784214,7.556424293388185,0.0,0.0,0.0,0.0,0.0,0.0
21,40,2.2358750561468987,0.918751240002355,0.0,0.0,0.0,0.0,1.0,1.0
22,40,11.185418879165251,0.6031240454260592,0.0,0.0,0.0,0.0,0.0,0.0
23,40,0.7328157935392552,2.4557417994684143,0.0,1.0,1.0,1.0,0.0,1.0
24,40,1.8018969601835189,0.9861559152591224,1.0,1.0,1.0,1.0,0.0,0.0
25,40,2.877220898284256,7.218547203828407,0.0,1.0,0.0,0.0,1.0,1.0
26,40,11.484654143360448,0.7801379515825271,0.0,0.0,0.0,1.0,1.0,1.0
27,40,5.980204922159989,4.775404543478402,0.0,0.0,0.0,1.0,0.0,1.0
28,40,4.067108950265191,2.197185731659942,0.0,0.0,0.0,0.0,0.0,0.0
29,40,6.3228106997650215,4.645522453843701,1.0,0.0,0.0,0.0,0.0,0.0
30,40,7.737598657171193,3.3720158025003624,1.0,1.0,0.0,0.0,1.0,1.0
31,40,0.0995898997412433,10.336460071861358,1.0,1.0,1.0,1.0,0.0,0.0
32,40,7.704493645904563,1.198291993778384,0.0,0.0,0.0,1.0,0.0,0.0
33,40,11.711400597953606,0.0,0.0,1.0,0.0,0.0,0.0,0.0
34,40,8.699205637491447,1.035060365179317,0.0,1.0,0.0,0.0,1.0,0.0
35,40,11.415062119122751,1.9665542332110115,1.0,0.0,0.0,0.0,1.0,0.0
36,40,3.753348453097922,11.472909419907676,0.0,1.0,1.0,0.0,1.0,1.0
37,40,3.558722334444234,0.757259834640652,1.0,0.0,0.0,0.0,1.0,1.0
38,40,10.767530201378287,11.70979598746332,1.0,0.0,1.0,0.0,1.0,0.0
39,40,3.4486013495384378,9.026415768368793,0.0,1.0,1.0,1.0,1.0,1.0
0,45,8.809360201824406,5.793016162994293,0.0,1.0,0.0,1.0,0.0,1.0
1,45,10.509505590378804,11.64403332139211,1.0,0.0,1.0,1.0,1.0,1.0
2,45,10.58428920901308,8.705264685478875,0.0,0.0,0.0,0.0,0.0,0.0
3,45,12.0,5.7238391719400274,0.0,0.0,1.0,0.0,0.0,0.0
4,45,12.0,9.301792393613116,0.0,0.0,1.0,0.0,1.0,0.0
5,45,8.365802182394049,5.321411592744176,1.0,1.0,0.0,0.0,0.0,0.0
6,45,5.46455653528708,6.377716867278364,1.0,0.0,1.0,0.0,1.0,1.0
7,45,8.717633705525449,5.405024936177687,0.0,0.0,0.0,0.0,1.0,0.0
8,45,6.683856643040717,0.0,0.0,0.0,1.0,1.0,0.0,1.0
9,45,6.602744464543231,8.339913068617486,1.0,0.0,0.0,1.0,0.0,0.0
10,45,1.975114601535347,2.638495382103838,0.0,1.0,1.0,0.0,0.0,0.0
11,45,5.558320335000421,3.937106290234481,0.0,0.0,0.0,0.0,1.0,1.0
12,45,8.156124753815739,10.828166781439386,0.0,0.0,0.0,0.0,0.0,0.0
13,45,11.92189277688452,9.3988418556203,0.0,1.0,0.0,1.0,1.0,0.0
14,45,8.534238050238036,3.307484362203924,1.0,0.0,0.0,1.0,0.0,0.0
15,45,11.987571470286182,2.091635497640421,0.0,0.0,0.0,0.0,1.0,0.0
16,45,9.363923914108604,1.2495687521163314,1.0,0.0,0.0,0.0,1.0,0.0
17,45,5.266181720177906,5.026940206590849,1.0,0.0,0.0,1.0,0.0,0.0
18,45,12.0,11.279038358506911,0.0,0.0,0.0,0.0,0.0,0.0
19,45,7.499668115218343,1.1970375879498385,0.0,0.0,1.0,1.0,0.0,0.0
20,45,3.188831368738825,7.5322040486182,0.0,0.0,0.0,0.0,0.0,0.0
21,45,2.254322366433615,0.9112607935392733,0.0,0.0,0.0,0.0,1.0,1.0
22,45,11.207004525171614,0.557228578382059,0.0,0.0,0.0,0.0,0.0,0.0
23,45,0.5920882816412275,2.484562939887029,0.0,1.0,1.0,1.0,0.0,1.0
24,45,1.799315100873063,0.9859255354928774,1.0,1.0,1.0,1.0,0.0,0.0
25,45,2.974551612959507,7.239165956963124,0.0,1.0,0.0,0.0,1.0,1.0
26,45,11.490020607933683,0.7777255903202903,0.0,0.0,0.0,1.0,1.0,1.0
27,45,5.9746309085716405,4.706557563656274,0.0,0.0,0.0,1.0,0.0,1.0
28,45,4.072708734220921,2.216955697065893,0.0,0.0,0.0,0.0,0.0,0.0
29,45,6.361753107872172,4.7208650509078325,1.0,0.0,0.0,0.0,0.0,0.0
30,45,7.705076436163226,3.417929690417892,1.0,1.0,0.0,0.0,1.0,1.0
31,45,0.1348934465299818,10.389041268164126,1.0,1.0,1.0,1.0,0.0,0.0
32,45,7.825823834537627,1.2375071131810005,0.0,0.0,0.0,1.0,0.0,0.0
33,45,11.698424084822207,0.0,0.0,1.0,0.0,0.0,0.0,0.0
34,45,8.722436106240785,1.033065017761993,0.0,1.0,0.0,0.0,1.0,0.0
35,45,11.323571324413235,1.9603271740840489,1.0,0.0,0.0,0.0,1.0,0.0
36,45,3.728728094148756,11.529589719642814,0.0,1.0,1.0,0.0,1.0,1.0
37,45,3.479305556327752,0.7117169770119872,1.0,0.0,0.0,0.0,1.0,1.0
38,45,10.854558043552853,11.785903434233102,1.0,0.0,1.0,0.0,1.0,0.0
39,45,3.526028902048253,9.029872367068974,0.0,1.0,1.0,1.0,1.0,1.0
0,50,8.792169651550932,5.868237066033388,0.0,1.0,0.0,1.0,0.0,1.0
1,50,10.467749202368044,11.613623242700264,1.0,0.0,1.0,1.0,1.0,1.0
2,50,10.53513751654098,8.78525496761511,0.0,0.0,0.0,0.0,0.0,0.0
3,50,12.0,5.724101181506578,0.0,0.0,1.0,0.0,0.0,0.0
4,50,12.0,9.211142708329316,0.0,0.0,1.0,0.0,1.0,0.0
5,50,8.279210903197347,5.361542913303989,1.0,1.0,0.0,0.0,0.0,0.0
6,50,5.40713649574127,6.418647344360334,1.0,0.0,1.0,0.0,1.0,1.0
7,50,8.695787227214575,5.434439846405562,0.0,0.0,0.0,0.0,1.0,0.0
8,50,6.654257662321734,0.0,0.0,0.0,1.0,1.0,0.0,1.0
9,50,6.671663087556261,8.264461606563314,1.0,0.0,0.0,1.0,0.0,0.0
10,50,1.9706815493398837,2.603130040897421,0.0,1.0,1.0,0.0,0.0,0.0
11,50,5.513796553181508,3.929779693972474,0.0,0.0,0.0,0.0,1.0,1.0
12,50,8.145579995191394,10.839114335462726,0.0,0.0,0.0,0.0,0.0,0.0
13,50,12.0,9.438880491073265,0.0,1.0,0.0,1.0,1.0,0.0
14,50,8.49667653325054,3.3306687682795832,1.0,0.0,0.0,1.0,0.0,0.0
15,50,11.986891947824033,2.0911694410297117,0.0,0.0,0.0,0.0,1.0,0.0
16,50,9.39758355560217,1.1775896360528848,1.0,0.0,0.0,0.0,1.0,0.0
17,50,5.279511186464788,5.029148492107778,1.0,0.0,0.0,1.0,0.0,0.0
18,50,12.0,11.301224695505148,0.0,0.0,0.0,0.0,0.0,0.0
19,50,7.47003860204405,1.2087111552427694,0.0,0.0,1.0,1.0,0.0,0.0
20,50,3.1988870481137885,7.50293270154877,0.0,0.0,0.0,0.0,0.0,0.0
21,50,2.25351079718507,0.9116166630152208,0.0,0.0,0.0,0.0,1.0,1.0
22,50,11.225303779350895,0.5199668529165122,0.0,0.0,0.0,0.0,0.0,0.0
23,50,0.4578266515695786,2.509470544696966,0.0,1.0,1.0,1.0,0.0,1.0
24,50,1.801619849315491,0.9860617234722786,1.0,1.0,1.0,1.0,0.0,0.0
25,50,3.1015291149819526,7.267523698559134,0.0,1.0,0.0,0.0,1.0,1.0
26,50,11.514233598894402,0.7674056960206368,0.0,0.0,0.0,1.0,1.0,1.0
27,50,5.968981955635474,4.648128935023662,0.0,0.0,0.0,1.0,0.0,1.0
28,50,4.078579995344322,2.2362903720384115,0.0,0.0,0.0,0.0,0.0,0.0
29,50,6.403113077430714,4.800471059598949,1.0,0.0,0.0,0.0,0.0,0.0
30,50,7.677434184409812,3.4565176584528103,1.0,1.0,0.0,0.0,1.0,1.0
31,50,0.158915837059277,10.423547096009536,1.0,1.0,1.0,1.0,0.0,0.0
32,50,7.942151739444458,1.27758941912799,0.0,0.0,0.0,1.0,0.0,0.0
33,50,11.696093781855154,0.0,0.0,1.0,0.0,0.0,0.0,0.0
34,50,8.734449300180872,1.0320023038212542,0.0,1.0,0.0,0.0,1.0,0.0
35,50,11.219023578302934,1.9484090684490971,1.0,0.0,0.0,0.0,1.0,0.0
36,50,3.6957567499421087,11.606985112913184,0.0,1.0,1.0,0.0,1.0,1.0
37,50,3.392170608059523,0.6593777558712143,1.0,0.0,0.0,0.0,1.0,1.0
38,50,10.945340849008,11.864690492648284,1.0,0.0,1.0,0.0,1.0,0.0
39,50,3.607310054351507,9.030358217436769,0.0,1.0,1.0,1.0,1.0,1.0
0,55,8.779111974937155,5.93723393576068,0.0,1.0,0.0,1.0,0.0,1.0
1,55,10.422935452058208,11.580405232512204,1.0,0.0,1.0,1.0,1.0,1.0
2,55,10.484330059506297,8.8659841846548,0.0,0.0,0.0,0.0,0.0,0.0
3,55,12.0,5.724121916270045,0.0,0.0,1.0,0.0,0.0,0.0
4,55,12.0,9.122229650189915,0.0,0.0,1.0,0.0,1.0,0.0
5,55,8.198795651464494,5.399751486538572,1.0,1.0,0.0,0.0,0.0,0.0
6,55,5.357654004261255,6.454420144435312,1.0,0.0,1.0,0.0,1.0,1.0
7,55,8.671224098210581,5.467219948176742,0.0,0.0,0.0,0.0,1.0,0.0
8,55,6.615116029200939,0.0,0.0,0.0,1.0,1.0,0.0,1.0
9,55,6.735845714923042,8.192910859216862,1.0,0.0,0.0,1.0,0.0,0.0
10,55,1.9656199504573373,2.567671188385669,0.0,1.0,1.0,0.0,0.0,0.0
11,55,5.481036779048822,3.9242377478844026,0.0,0.0,0.0,0.0,1.0,1.0
12,55,8.127427038528431,10.858455062149858,0.0,0.0,0.0,0.0,0.0,0.0
13,55,12.0,9.484064107533088,0.0,1.0,0.0,1.0,1.0,0.0
14,55,8.464350450651539,3.351430329830772,1.0,0.0,0.0,1.0,0.0,0.0
15,55,11.983230600921363,2.0886102255762053,0.0,0.0,0.0,0.0,1.0,0.0
16,55,9.438713964632877,1.0875495225202616,1.0,0.0,0.0,0.0,1.0,0.0
17,55,5.296126360627003,5.031680134892842,1.0,0.0,0.0,1.0,0.0,0.0
18,55,12.0,11.329137162717164,0.0,0.0,0.0,0.0,0.0,0.0
19,55,7.4409209611838545,1.2203591714166753,0.0,0.0,1.0,1.0,0.0,0.0
20,55,3.208131534221347,7.476528130457263,0.0,0.0,0.0,0.0,0.0,0.0
21,55,2.255056115196706,0.9109231362090648,0.0,0.0,0.0,0.0,1.0,1.0
22,55,11.246321388441483,0.4773190200298741,0.0,0.0,0.0,0.0,0.0,0.0
23,55,0.311343386375325,2.536162830809514,0.0,1.0,1.0,1.0,0.0,1.0
24,55,1.7806359268527634,0.9849070943364158,1.0,1.0,1.0,1.0,0.0,0.0
25,55,3.2472317525659875,7.298417086499912,0.0,1.0,0.0,0.0,1.0,1.0
26,55,11.536518625842294,0.7576695804558788,0.0,0.0,0.0,1.0,1.0,1.0
27,55,5.963398503203002,4.59627984401714,0.0,0.0,0.0,1.0,0.0,1.0
28,55,4.087108770706719,2.2664982633970183,0.0,0.0,0.0,0.0,0.0,0.0
29,55,6.445743658238475,4.887664880881049,1.0,0.0,0.0,0.0,0.0,0.0
30,55,7.63376549731124,3.512727310299284,1.0,1.0,0.0,0.0,1.0,1.0
31,55,0.1741991460304321,10.44578855860817,1.0,1.0,1.0,1.0,0.0,0.0
32,55,8.054527861562244,1.3180319705745782,0.0,0.0,0.0,1.0,0.0,0.0
33,55,11.695734975142548,0.0,0.0,1.0,0.0,0.0,0.0,0.0
34,55,8.730192564113763,1.0323400995751897,0.0,1.0,0.0,0.0,1.0,0.0
35,55,11.104435164072262,1.9405827369018076,1.0,0.0,0.0,0.0,1.0,0.0
36,55,3.6619144859393855,11.685016320360203,0.0,1.0,1.0,0.0,1.0,1.0
37,55,3.305182594758585,0.6072928993267565,1.0,0.0,0.0,0.0,1.0,1.0
38,55,11.046946955252194,11.953923308943692,1.0,0.0,1.0,0.0,1.0,0.0
39,55,3.689316120900824,9.031168831785422,0.0,1.0,1.0,1.0,1.0,1.0
0,60,8.768543375566818,5.996806940495114,0.0,1.0,0.0,1.0,0.0,1.0
1,60,10.36894602471037,11.53943775186062,1.0,0.0,1.0,1.0,1.0,1.0
2,60,10.44253043106044,8.933572877826126,0.0,0.0,0.0,0.0,0.0,0.0
3,60,12.0,5.724212727470665,0.0,0.0,1.0,0.0,0.0,0.0
4,60,12.0,9.050232735870155,0.0,0.0,1.0,0.0,1.0,0.0
5,60,8.110616095014421,5.439823563467184,1.0,1.0,0.0,0.0,0.0,0.0
6,60,5.301926503068586,6.493580340854488,1.0,0.0,1.0,0.0,1.0,1.0
7,60,8.6473202324685,5.49841380906292,0.0,0.0,0.0,0.0,1.0,0.0
8,60,6.57506160244378,0.0,0.0,0.0,1.0,1.0,0.0,1.0
9,60,6.801049444813575,8.12454195402951,1.0,0.0,0.0,1.0,0.0,0.0
10,60,1.956323425989441,2.5062955279875707,0.0,1.0,1.0,0.0,0.0,0.0
11,60,5.44525069964277,3.91897147294966,0.0,0.0,0.0,0.0,1.0,1.0
12,60,8.113990684939205,10.872623547044237,0.0,0.0,0.0,0.0,0.0,0.0
13,60,12.0,9.526112834172956,0.0,1.0,0.0,1.0,1.0,0.0
14,60,8.433114353238414,3.3702213730093624,1.0,0.0,0.0,1.0,0.0,0.0
15,60,12.0,2.10793067471112,0.0,0.0,0.0,0.0,1.0,0.0
16,60,9.488111095784983,0.980982308705927,1.0,0.0,0.0,0.0,1.0,0.0
17,60,5.312273686506621,5.034705938931624,1.0,0.0,0.0,1.0,0.0,0.0
18,60,12.0,11.365109779573569,0.0,0.0,0.0,0.0,0.0,0.0
19,60,7.391065108577235,1.2398191474320732,0.0,0.0,1.0,1.0,0.0,0.0
20,60,3.212917370558974,7.462404030178032,0.0,0.0,0.0,0.0,0.0,0.0
21,60,2.240506471952228,0.9169765378832436,0.0,0.0,0.0,0.0,1.0,1.0
22,60,11.270671655700966,0.4301480661893688,0.0,0.0,0.0,0.0,0.0,0.0
23,60,0.1720376156911701,2.5606739755810985,0.0,1.0,1.0,1.0,0.0,1.0
24,60,1.75976252388854,0.9836167032543042,1.0,1.0,1.0,1.0,0.0,0.0
25,60,3.402515735711735,7.332542537444407,0.0,1.0,0.0,0.0,1.0,1.0
26,60,11.539933475878572,0.7560763238464242,0.0,0.0,0.0,1.0,1.0,1.0
27,60,5.955431606661876,4.528253205382501,0.0,0.0,0.0,1.0,0.0,1.0
28,60,4.094993121032889,2.291445273938285,0.0,0.0,0.0,0.0,0.0,0.0
29,60,6.492642966508019,4.982036727082184,1.0,0.0,0.0,0.0,0.0,0.0
30,60,7.59159460586133,3.5615694235988578,1.0,1.0,0.0,0.0,1.0,1.0
31,60,0.1832523660726974,10.459866927763857,1.0,1.0,1.0,1.0,0.0,0.0
32,60,8.180209040345694,1.3617826453405033,0.0,0.0,0.0,1.0,0.0,0.0
33,60,11.69213394682688,0.0,0.0,1.0,0.0,0.0,0.0,0.0
34,60,8.713639231881961,1.0332072514583697,0.0,1.0,0.0,0.0,1.0,0.0
35,60,11.002832677307024,1.931597476364052,1.0,0.0,0.0,0.0,1.0,0.0
36,60,3.6295697491061594,11.758170703690618,0.0,1.0,1.0,0.0,1.0,1.0
37,60,3.2143181379045678,0.5533858038577655,1.0,0.0,0.0,0.0,1.0,1.0
38,60,11.135015826678238,12.0,1.0,0.0,1.0,0.0,1.0,0.0
39,60,3.783248039453129,9.035195903250353,0.0,1.0,1.0,1.0,1.0,1.0
0,65,8.761805821000843,6.035776096762005,0.0,1.0,0.0,1.0,0.0,1.0
1,65,10.324918070417263,11.508224290061197,1.0,0.0,1.0,1.0,1.0,1.0
2,65,10.400626769308522,9.004329997178576,0.0,0.0,0.0,0.0,0.0,0.0
3,65,12.0,5.724257315277445,0.0,0.0,1.0,0.0,0.0,0.0
4,65,12.0,8.958792930065949,0.0,0.0,1.0,0.0,1.0,0.0
5,65,8.03692868940655,5.473129367729688,1.0,1.0,0.0,0.0,0.0,0.0
6,65,5.255427778117446,6.528329091136432,1.0,0.0,1.0,0.0,1.0,1.0
7,65,8.618356547345664,5.538023938390887,0.0,0.0,0.0,0.0,1.0,0.0
8,65,6.532782201086337,0.0,0.0,0.0,1.0,1.0,0.0,1.0
9,65,6.858870507115866,8.067444798108093,1.0,0.0,0.0,1.0,0.0,0.0
10,65,1.8913180260243143,2.516187470186897,0.0,1.0,1.0,0.0,0.0,0.0
11,65,5.461186622264766,3.922060053631209,0.0,0.0,0.0,0.0,1.0,1.0
12,65,8.0925407130338,10.894421000831336,0.0,0.0,0.0,0.0,0.0,0.0
13,65,12.0,9.561270142263806,0.0,1.0,0.0,1.0,1.0,0.0
14,65,8.425652515358856,3.3746302191866437,1.0,0.0,0.0,1.0,0.0,0.0
15,65,12.0,2.128714503545712,0.0,0.0,0.0,0.0,1.0,0.0
16,65,9.530172816352644,0.889748251321603,1.0,0.0,0.0,0.0,1.0,0.0
17,65,5.3300441605971045,5.037507624852457,1.0,0.0,0.0,1.0,0.0,0.0
18,65,12.0,11.3933715678698,0.0,0.0,0.0,0.0,0.0,0.0
19,65,7.3425019575496115,1.258853626269212,0.0,0.0,1.0,1.0,0.0,0.0
20,65,3.2185925042123147,7.444348693924852,0.0,0.0,0.0,0.0,0.0,0.0
21,65,2.232034099264763,0.9207365156178862,0.0,0.0,0.0,0.0,1.0,1.0
22,65,11.30077567789694,0.3735382708079008,0.0,0.0,0.0,0.0,0.0,0.0
23,65,0.03074860746117,2.585180954457803,0.0,1.0,1.0,1.0,0.0,1.0
24,65,1.737338933205442,0.9823283292069052,1.0,1.0,1.0,1.0,0.0,0.0
25,65,3.5661246954985386,7.369335497579168,0.0,1.0,0.0,0.0,1.0,1.0
26,65,11.55977193676805,0.7462243324547223,0.0,0.0,0.0,1.0,1.0,1.0
27,65,5.947720860861127,4.465719143843232,0.0,0.0,0.0,1.0,0.0,1.0
28,65,4.096078864213444,2.294922302700793,0.0,0.0,0.0,0.0,0.0,0.0
29,65,6.534965631426564,5.063569706990607,1.0,0.0,0.0,0.0,0.0,0.0
30,65,7.561475680235159,3.597860787865148,1.0,1.0,0.0,0.0,1.0,1.0
31,65,0.1992287634592819,10.485166563668896,1.0,1.0,1.0,1.0,0.0,0.0
32,65,8.307586874995188,1.407098043513601,0.0,0.0,0.0,1.0,0.0,0.0
33,65,11.681501667704508,0.0,0.0,1.0,0.0,0.0,0.0,0.0
34,65,8.693852759689694,1.034025345932202,0.0,1.0,0.0,0.0,1.0,0.0
35,65,10.893307994626571,1.922174273636869,1.0,0.0,0.0,0.0,1.0,0.0
36,65,3.5951766104425382,11.840647117855406,0.0,1.0,1.0,0.0,1.0,1.0
37,65,3.131562525537974,0.5021900007217103,1.0,0.0,0.0,0.0,1.0,1.0
38,65,11.223027531191835,12.0,1.0,0.0,1.0,0.0,1.0,0.0
39,65,3.876288929035896,9.03946492691849,0.0,1.0,1.0,1.0,1.0,1.0
0,70,8.756567145124752,6.067742060017553,0.0,1.0,0.0,1.0,0.0,1.0
1,70,10.279957696893607,11.477107925384662,1.0,0.0,1.0,1.0,1.0,1.0
2,70,10.362226944914962,9.071244583232014,0.0,0.0,0.0,0.0,0.0,0.0
3,70,11.975535799523495,5.723397291685793,0.0,0.0,1.0,0.0,0.0,0.0
4,70,12.0,8.880067764553209,0.0,0.0,1.0,0.0,1.0,0.0
5,70,7.940291654229955,5.519068152307119,1.0,1.0,0.0,0.0,0.0,0.0
6,70,5.216899051100192,6.558965705945476,1.0,0.0,1.0,0.0,1.0,1.0
7,70,8.584914245857835,5.584823504878272,0.0,0.0,0.0,0.0,1.0,0.0
8,70,6.490464238862564,0.0,0.0,0.0,1.0,1.0,0.0,1.0
9,70,6.922469691129389,8.00177702891293,1.0,0.0,0.0,1.0,0.0,0.0
10,70,1.8155843426079683,2.5273319957493623,0.0,1.0,1.0,0.0,0.0,0.0
11,70,5.48229269251395,3.9257759573554183,0.0,0.0,0.0,0.0,1.0,1.0
12,70,8.064821365391154,10.922130030915037,0.0,0.0,0.0,0.0,0.0,0.0
13,70,12.0,9.59458741889288,0.0,1.0,0.0,1.0,1.0,0.0
14,70,8.40204763677559,3.3890658166088867,1.0,0.0,0.0,1.0,0.0,0.0
15,70,12.0,2.149241213087707,0.0,0.0,0.0,0.0,1.0,0.0
16,70,9.573483652751662,0.8031485165545641,1.0,0.0,0.0,0.0,1.0,0.0
17,70,5.328749979972253,5.037317200848538,1.0,0.0,0.0,1.0,0.0,0.0
18,70,12.0,11.416091840485016,0.0,0.0,0.0,0.0,0.0,0.0
19,70,7.26803434738419,1.2882896841500242,0.0,0.0,1.0,1.0,0.0,0.0
20,70,3.225155854488595,7.423054674363922,0.0,0.0,0.0,0.0,0.0,0.0
21,70,2.247284953247641,0.9558532799220848,0.0,0.0,0.0,0.0,1.0,1.0
22,70,11.33631730528388,0.3083647429538875,0.0,0.0,0.0,0.0,0.0,0.0
23,70,0.0,2.612068274199688,0.0,1.0,1.0,1.0,0.0,1.0
24,70,1.6994807633425746,0.98066530532027,1.0,1.0,1.0,1.0,0.0,0.0
25,70,3.7367276159309153,7.405349097758076,0.0,1.0,0.0,0.0,1.0,1.0
26,70,11.561218619552267,0.7454836896935707,0.0,0.0,0.0,1.0,1.0,1.0
27,70,5.9423944436825495,4.41053002870776,0.0,0.0,0.0,1.0,0.0,1.0
28,70,4.095733484336519,2.2937952286348424,0.0,0.0,0.0,0.0,0.0,0.0
29,70,6.578554078090731,5.149948917015152,1.0,0.0,0.0,0.0,0.0,0.0
30,70,7.516211422256123,3.6521268047353495,1.0,1.0,0.0,0.0,1.0,1.0
31,70,0.2197929529095577,10.51595100694775,1.0,1.0,1.0,1.0,0.0,0.0
32,70,8.454223915622144,1.459082977341092,0.0,0.0,0.0,1.0,0.0,0.0
33,70,11.687955992843094,0.0073360798976564,0.0,1.0,0.0,0.0,0.0,0.0
34,70,8.691129704578072,1.034084424682032,0.0,1.0,0.0,0.0,1.0,0.0
35,70,10.764839747330598,1.9129391024894689,1.0,0.0,0.0,0.0,1.0,0.0
36,70,3.5605201089014127,11.918406753061864,0.0,1.0,1.0,0.0,1.0,1.0
37,70,3.0629164953963683,0.4591570325839678,1.0,0.0,0.0,0.0,1.0,1.0
38,70,11.32075838255896,12.0,1.0,0.0,1.0,0.0,1.0,0.0
39,70,3.9727178327752606,9.043268376165624,0.0,1.0,1.0,1.0,1.0,1.0
0,75,8.753408191722363,6.085655038793544,0.0,1.0,0.0,1.0,0.0,1.0
1,75,10.25253818074486,11.458115422669431,1.0,0.0,1.0,1.0,1.0,1.0
2,75,10.329187831092815,9.129573924884095,0.0,0.0,0.0,0.0,0.0,0.0
3,75,11.957667669047936,5.723137866722676,0.0,0.0,1.0,0.0,0.0,0.0
4,75,12.0,8.816567374068285,0.0,0.0,1.0,0.0,1.0,0.0
5,75,7.838536896776711,5.567198906910367,1.0,1.0,0.0,0.0,0.0,0.0
6,75,5.17286555220648,6.5919224267389085,1.0,0.0,1.0,0.0,1.0,1.0
7,75,8.545154951697969,5.637340189843808,0.0,0.0,0.0,0.0,1.0,0.0
8,75,6.448553370198638,0.0,0.0,0.0,1.0,1.0,0.0,1.0
9,75,6.992282945500183,7.931752892411359,1.0,0.0,0.0,1.0,0.0,0.0
10,75,1.741271583333731,2.5377441922822976,0.0,1.0,1.0,0.0,0.0,0.0
11,75,5.5117662788310655,3.9304317163759896,0.0,0.0,0.0,0.0,1.0,1.0
12,75,8.036017428238305,10.948905853603296,0.0,0.0,0.0,0.0,0.0,0.0
13,75,12.0,9.620367923347157,0.0,1.0,0.0,1.0,1.0,0.0
14,75,8.377959922644731,3.4031362941505883,1.0,0.0,0.0,1.0,0.0,0.0
15,75,12.0,2.1771531334780803,0.0,0.0,0.0,0.0,1.0,0.0
16,75,9.6246403299353,0.705680670222609,1.0,0.0,0.0,0.0,1.0,0.0
17,75,5.337855384983351,5.038685369816832,1.0,0.0,0.0,1.0,0.0,0.0
18,75,12.0,11.43850425346722,0.0,0.0,0.0,0.0,0.0,0.0
19,75,7.192016478647839,1.3182976144551617,0.0,0.0,1.0,1.0,0.0,0.0
20,75,3.2281091193168208,7.411747407836933,0.0,0.0,0.0,0.0,0.0,0.0
21,75,2.2723766191391386,1.0152626043256792,0.0,0.0,0.0,0.0,1.0,1.0
22,75,11.376689989534274,0.2350158817211204,0.0,0.0,0.0,0.0,0.0,0.0
23,75,0.0,2.6392879183309184,0.0,1.0,1.0,1.0,0.0,1.0
24,75,1.6582907574174734,0.978497331971244,1.0,1.0,1.0,1.0,0.0,0.0
25,75,3.927956786377901,7.445553837076947,0.0,1.0,0.0,0.0,1.0,1.0
26,75,11.565880965067716,0.743158204956014,0.0,0.0,0.0,1.0,1.0,1.0
27,75,5.937422520497304,4.3623522103772,0.0,0.0,0.0,1.0,0.0,1.0
28,75,4.095739060592044,2.29381293940392,0.0,0.0,0.0,0.0,0.0,0.0
29,75,6.61878271975318,5.230441277193604,1.0,0.0,0.0,0.0,0.0,0.0
30,75,7.463278991725527,3.716873917250637,1.0,1.0,0.0,0.0,1.0,1.0
31,75,0.2387551387600834,10.54513682171872,1.0,1.0,1.0,1.0,0.0,0.0
32,75,8.605716444675597,1.5108022354743778,0.0,0.0,0.0,1.0,0.0,0.0
33,75,11.6804662193188,0.0,0.0,1.0,0.0,0.0,0.0,0.0
34,75,8.688216218985882,1.0341814358635726,0.0,1.0,0.0,0.0,1.0,0.0
35,75,10.605709723393746,1.9037082551400677,1.0,0.0,0.0,0.0,1.0,0.0
36,75,3.5285852062500527,11.99154916592218,0.0,1.0,1.0,0.0,1.0,1.0
37,75,3.021806839690912,0.4339351108466186,1.0,0.0,0.0,0.0,1.0,1.0
38,75,11.413006486772383,12.0,1.0,0.0,1.0,0.0,1.0,0.0
39,75,4.063208917737171,9.046153012063158,0.0,1.0,1.0,1.0,1.0,1.0
0,80,8.747355230569722,6.115758018005024,0.0,1.0,0.0,1.0,0.0,1.0
1,80,10.24238878234514,11.45086534267721,1.0,0.0,1.0,1.0,1.0,1.0
2,80,10.29799237983631,9.181864193609028,0.0,0.0,0.0,0.0,0.0,0.0
3,80,11.929834782710811,5.722672107708188,0.0,0.0,1.0,0.0,0.0,0.0
4,80,12.0,8.840227743129086,0.0,0.0,1.0,0.0,1.0,0.0
5,80,7.72923845084596,5.618622603503996,1.0,1.0,0.0,0.0,0.0,0.0
6,80,5.116781165492065,6.633372752343642,1.0,0.0,1.0,0.0,1.0,1.0
7,80,8.504114672434644,5.691632877433592,0.0,0.0,0.0,0.0,1.0,0.0
8,80,6.412774132221245,0.0,0.0,0.0,1.0,1.0,0.0,1.0
9,80,7.052167188382974,7.87078081024127,1.0,0.0,0.0,1.0,0.0,0.0
10,80,1.6640195249141467,2.5494804800503426,0.0,1.0,1.0,0.0,0.0,0.0
11,80,5.521981205752298,3.931872924311381,0.0,0.0,0.0,0.0,1.0,1.0
12,80,8.012045259220546,10.970984587969337,0.0,0.0,0.0,0.0,0.0,0.0
13,80,12.0,9.64208907921456,0.0,1.0,0.0,1.0,1.0,0.0
14,80,8.35310848355331,3.417651245896665,1.0,0.0,0.0,1.0,0.0,0.0
15,80,12.0,2.196770586625816,0.0,0.0,0.0,0.0,1.0,0.0
16,80,9.675479561219737,0.6122261684070622,1.0,0.0,0.0,0.0,1.0,0.0
17,80,5.330569752431397,5.037335624070362,1.0,0.0,0.0,1.0,0.0,0.0
18,80,12.0,11.465741483368472,0.0,0.0,0.0,0.0,0.0,0.0
19,80,7.115823907811821,1.34922597297835,0.0,0.0,1.0,1.0,0.0,0.0
20,80,3.233335168645403,7.389345424043247,0.0,0.0,0.0,0.0,0.0,0.0
21,80,2.2927153047975266,1.062539332441878,0.0,0.0,0.0,0.0,1.0,1.0
22,80,11.414262304866428,0.166200827597168,0.0,0.0,0.0,0.0,0.0,0.0
23,80,0.0,2.664426094222325,0.0,1.0,1.0,1.0,0.0,1.0
24,80,1.6102950148960764,0.9760121863930816,1.0,1.0,1.0,1.0,0.0,0.0
25,80,4.137092908206648,7.491975645799876,0.0,1.0,0.0,0.0,1.0,1.0
26,80,11.583263990922193,0.7343843412935613,0.0,0.0,0.0,1.0,1.0,1.0
27,80,5.934051667405531,4.317616332989161,0.0,0.0,0.0,1.0,0.0,1.0
28,80,4.090128262234506,2.276684841161787,0.0,0.0,0.0,0.0,0.0,0.0
29,80,6.666151065967055,5.322391150647709,1.0,0.0,0.0,0.0,0.0,0.0
30,80,7.42679075704098,3.7601662175870776,1.0,1.0,0.0,0.0,1.0,1.0
31,80,0.2671083895885801,10.587850636683138,1.0,1.0,1.0,1.0,0.0,0.0
32,80,8.768385448861874,1.5637611572118226,0.0,0.0,0.0,1.0,0.0,0.0
33,80,11.665023415926765,0.0,0.0,1.0,0.0,0.0,0.0,0.0
34,80,8.686298378285489,1.034235986997403,0.0,1.0,0.0,0.0,1.0,0.0
35,80,10.4445738292038,1.8949779059918992,1.0,0.0,0.0,0.0,1.0,0.0
36,80,3.4979483678283305,12.0,0.0,1.0,1.0,0.0,1.0,1.0
37,80,2.9802333399795184,0.4080561468907712,1.0,0.0,0.0,0.0,1.0,1.0
38,80,11.487571702099322,12.0,1.0,0.0,1.0,0.0,1.0,0.0
39,80,4.163039369727988,9.047639952825593,0.0,1.0,1.0,1.0,1.0,1.0
0,85,8.744157611929925,6.13261041690645,0.0,1.0,0.0,1.0,0.0,1.0
1,85,10.250372217886648,11.456474809430125,1.0,0.0,1.0,1.0,1.0,1.0
2,85,10.267178730811244,9.22976779201882,0.0,0.0,0.0,0.0,0.0,0.0
3,85,11.88475299375327,5.720915771375433,0.0,0.0,1.0,0.0,0.0,0.0
4,85,12.0,8.861174457417468,0.0,0.0,1.0,0.0,1.0,0.0
5,85,7.610852810678348,5.674108041351237,1.0,1.0,0.0,0.0,0.0,0.0
6,85,5.064846213714374,6.671505837134812,1.0,0.0,1.0,0.0,1.0,1.0
7,85,8.464055241633263,5.741243112300354,0.0,0.0,0.0,0.0,1.0,0.0
8,85,6.369030814500133,0.0,0.0,0.0,1.0,1.0,0.0,1.0
9,85,7.096283951751492,7.826329370331955,1.0,0.0,0.0,1.0,0.0,0.0
10,85,1.5795785130302027,2.561764471126001,0.0,1.0,1.0,0.0,0.0,0.0
11,85,5.561712451631764,3.9361011684374607,0.0,0.0,0.0,0.0,1.0,1.0
12,85,8.019137279229586,10.964314529685335,0.0,0.0,0.0,0.0,0.0,0.0
13,85,12.0,9.662526241265544,0.0,1.0,0.0,1.0,1.0,0.0
14,85,8.33196254290319,3.430097267514797,1.0,0.0,0.0,1.0,0.0,0.0
15,85,12.0,2.2162695556216354,0.0,0.0,0.0,0.0,1.0,0.0
16,85,9.725230735689252,0.5206889751113537,1.0,0.0,0.0,0.0,1.0,0.0
17,85,5.338087212491737,5.038228522743317,1.0,0.0,0.0,1.0,0.0,0.0
18,85,12.0,11.485032605067582,0.0,0.0,0.0,0.0,0.0,0.0
19,85,7.023203060840046,1.3882238538793623,0.0,0.0,1.0,1.0,0.0,0.0
20,85,3.242469309643061,7.352144669375066,0.0,0.0,0.0,0.0,0.0,0.0
21,85,2.3146389736669746,1.1125495091056237,0.0,0.0,0.0,0.0,1.0,1.0
22,85,11.44445221660552,0.1050776884421773,0.0,0.0,0.0,0.0,0.0,0.0
23,85,0.0,2.6917202544345344,0.0,1.0,1.0,1.0,0.0,1.0
24,85,1.5555872241220552,0.9733200570723826,1.0,1.0,1.0,1.0,0.0,0.0
25,85,4.334989557843735,7.542856867193555,0.0,1.0,0.0,0.0,1.0,1.0
26,85,11.601683083069524,0.7246024941749574,0.0,0.0,0.0,1.0,1.0,1.0
27,85,5.929631180508496,4.2631876808918046,0.0,0.0,0.0,1.0,0.0,1.0
28,85,4.083580432195265,2.255118817531829,0.0,0.0,0.0,0.0,0.0,0.0
29,85,6.716644654328513,5.416105403298154,1.0,0.0,0.0,0.0,0.0,0.0
30,85,7.382204747376183,3.810721886305537,1.0,1.0,0.0,0.0,1.0,1.0
31,85,0.29787144631273,10.633965017896836,1.0,1.0,1.0,1.0,0.0,0.0
32,85,8.948983280257968,1.6250812889638464,0.0,0.0,0.0,1.0,0.0,0.0
33,85,11.643578943964734,0.0,0.0,1.0,0.0,0.0,0.0,0.0
34,85,8.69796844098384,1.0336705641805524,0.0,1.0,0.0,0.0,1.0,0.0
35,85,10.29558347702536,1.8796662347575688,1.0,0.0,0.0,0.0,1.0,0.0
36,85,3.455221020324185,12.0,0.0,1.0,1.0,0.0,1.0,1.0
37,85,2.9290326699852107,0.3771191249890942,1.0,0.0,0.0,0.0,1.0,1.0
38,85,11.573422330127794,12.0,1.0,0.0,1.0,0.0,1.0,0.0
39,85,4.263440509962664,9.047984889123333,0.0,1.0,1.0,1.0,1.0,1.0
0,90,8.741566990171869,6.146204216534869,0.0,1.0,0.0,1.0,0.0,1.0
1,90,10.240729263881985,11.449703090235468,1.0,0.0,1.0,1.0,1.0,1.0
2,90,10.244780066497166,9.26658972205184,0.0,0.0,0.0,0.0,0.0,0.0
3,90,11.841526548398612,5.719231971337642,0.0,0.0,1.0,0.0,0.0,0.0
4,90,12.0,8.88192769586944,0.0,0.0,1.0,0.0,1.0,0.0
5,90,7.480499585945338,5.738122360425083,1.0,1.0,0.0,0.0,0.0,0.0
6,90,5.01346048430668,6.710267337955477,1.0,0.0,1.0,0.0,1.0,1.0
7,90,8.417038373336265,5.798717340309272,0.0,0.0,0.0,0.0,1.0,0.0
8,90,6.314099061102575,0.0,0.0,0.0,1.0,1.0,0.0,1.0
9,90,7.16017671034226,7.763043004687823,1.0,0.0,0.0,1.0,0.0,0.0
10,90,1.487339661201161,2.573453676199488,0.0,1.0,1.0,0.0,0.0,0.0
11,90,5.619325036185765,3.9422320683427294,0.0,0.0,0.0,0.0,1.0,1.0
12,90,8.019565691657004,10.96391718014262,0.0,0.0,0.0,0.0,0.0,0.0
13,90,12.0,9.679413162525872,0.0,1.0,0.0,1.0,1.0,0.0
14,90,8.322949226324374,3.4358133650025837,1.0,0.0,0.0,1.0,0.0,0.0
15,90,12.0,2.229960263214704,0.0,0.0,0.0,0.0,1.0,0.0
16,90,9.770997272397858,0.4382957219406144,1.0,0.0,0.0,0.0,1.0,0.0
17,90,5.307096570833517,5.033865941601566,1.0,0.0,0.0,1.0,0.0,0.0
18,90,12.0,11.496173552328836,0.0,0.0,0.0,0.0,0.0,0.0
19,90,6.917649746630141,1.4332546138490514,0.0,0.0,1.0,1.0,0.0,0.0
20,90,3.2558712370284035,7.292311994965286,0.0,0.0,0.0,0.0,0.0,0.0
21,90,2.34824060995812,1.1830271467886893,0.0,0.0,0.0,0.0,1.0,1.0
22,90,11.480847561591256,0.0308951734049124,0.0,0.0,0.0,0.0,0.0,0.0
23,90,0.0,2.7130304470581503,0.0,1.0,1.0,1.0,0.0,1.0
24,90,1.5188602397917454,0.9702217513244098,1.0,1.0,1.0,1.0,0.0,0.0
25,90,4.523964900658465,7.592255216854044,0.0,1.0,0.0,0.0,1.0,1.0
26,90,11.623517228223536,0.7127258151080865,0.0,0.0,0.0,1.0,1.0,1.0
27,90,5.92456457570845,4.206939428197588,0.0,0.0,0.0,1.0,0.0,1.0
28,90,4.082977403414106,2.2530575276353724,0.0,0.0,0.0,0.0,0.0,0.0
29,90,6.749177423497467,5.476730138980985,1.0,0.0,0.0,0.0,0.0,0.0
30,90,7.321563333227403,3.8776695127628273,1.0,1.0,0.0,0.0,1.0,1.0
31,90,0.3246247879088095,10.67544924935098,1.0,1.0,1.0,1.0,0.0,0.0
32,90,9.143234889867712,1.6868936034406747,0.0,0.0,0.0,1.0,0.0,0.0
33,90,11.62568514601336,0.0,0.0,1.0,0.0,0.0,0.0,0.0
34,90,8.721499995777249,1.032507023421881,0.0,1.0,0.0,0.0,1.0,0.0
35,90,10.154056664168571,1.8692849236333369,1.0,0.0,0.0,0.0,1.0,0.0
36,90,3.412638103904493,12.0,0.0,1.0,1.0,0.0,1.0,1.0
37,90,2.8806183702980155,0.3492817657126171,1.0,0.0,0.0,0.0,1.0,1.0
38,90,11.660501719580164,12.0,1.0,0.0,1.0,0.0,1.0,0.0
39,90,4.365328569042758,9.049364460600607,0.0,1.0,1.0,1.0,1.0,1.0
0,95,8.74206719836188,6.143494950384166,0.0,1.0,0.0,1.0,0.0,1.0
1,95,10.246679418649808,11.453770994705522,1.0,0.0,1.0,1.0,1.0,1.0
2,95,10.21187346441868,9.319021814562571,0.0,0.0,0.0,0.0,0.0,0.0
3,95,11.804594022824418,5.719269240404028,0.0,0.0,1.0,0.0,0.0,0.0
4,95,12.0,8.903969028687023,0.0,0.0,1.0,0.0,1.0,0.0
5,95,7.332536832564184,5.807706674189039,1.0,1.0,0.0,0.0,0.0,0.0
6,95,4.971750796834202,6.741744237944954,1.0,0.0,1.0,0.0,1.0,1.0
7,95,8.37592413250279,5.850348048575215,0.0,0.0,0.0,0.0,1.0,0.0
8,95,6.263098515213984,0.0,0.0,0.0,1.0,1.0,0.0,1.0
9,95,7.226232873535676,7.697933069906245,1.0,0.0,0.0,1.0,0.0,0.0
10,95,1.396254490916989,2.585167943005047,0.0,1.0,1.0,0.0,0.0,0.0
11,95,5.670741614708319,3.9481744948648902,0.0,0.0,0.0,0.0,1.0,1.0
12,95,8.02940304170884,10.954528042212972,0.0,0.0,0.0,0.0,0.0,0.0
13,95,11.978090143027902,9.73490710765442,0.0,1.0,0.0,1.0,1.0,0.0
14,95,8.309503243997993,3.4437541338266127,1.0,0.0,0.0,1.0,0.0,0.0
15,95,12.0,2.2469587537372244,0.0,0.0,0.0,0.0,1.0,0.0
16,95,9.819118359531046,0.3429913189562589,1.0,0.0,0.0,0.0,1.0,0.0
17,95,5.2642370009166175,5.029268480943701,1.0,0.0,0.0,1.0,0.0,0.0
18,95,12.0,11.509583225123466,0.0,0.0,0.0,0.0,0.0,0.0
19,95,6.8121521681764206,1.478939008907927,0.0,0.0,1.0,1.0,0.0,0.0
20,95,3.272740683457313,7.222795184795645,0.0,0.0,0.0,0.0,0.0,0.0
21,95,2.383188083780093,1.2538566208486828,0.0,0.0,0.0,0.0,1.0,1.0
22,95,11.523458104814583,0.0,0.0,0.0,0.0,0.0,0.0,0.0
23,95,0.0,2.7361846670121923,0.0,1.0,1.0,1.0,0.0,1.0
24,95,1.498263999151695,0.9690277857032176,1.0,1.0,1.0,1.0,0.0,0.0
25,95,4.739262214496736,7.645872572651531,0.0,1.0,0.0,0.0,1.0,1.0
26,95,11.64186918287688,0.7029508873321025,0.0,0.0,0.0,1.0,1.0,1.0
27,95,5.920627625439549,4.172474633207372,0.0,0.0,0.0,1.0,0.0,1.0
28,95,4.083908798470834,2.2562887498842468,0.0,0.0,0.0,0.0,0.0,0.0
29,95,6.781386092308942,5.538863693994806,1.0,0.0,0.0,0.0,0.0,0.0
30,95,7.276152107821399,3.929902082607773,1.0,1.0,0.0,0.0,1.0,1.0
31,95,0.3571096415365327,10.727566728210215,1.0,1.0,1.0,1.0,0.0,0.0
32,95,9.32257903588273,1.7471798265900085,0.0,0.0,0.0,1.0,0.0,0.0
33,95,11.601092359711824,0.0,0.0,1.0,0.0,0.0,0.0,0.0
34,95,8.746394208017394,1.0316688357804824,0.0,1.0,0.0,0.0,1.0,0.0
35,95,9.99196832101337,1.8619505543100208,1.0,0.0,0.0,0.0,1.0,0.0
36,95,3.369393142159175,12.0,0.0,1.0,1.0,0.0,1.0,1.0
37,95,2.8379690497545376,0.3247607355553977,1.0,0.0,0.0,0.0,1.0,1.0
38,95,11.72790906928422,12.0,1.0,0.0,1.0,0.0,1.0,0.0
39,95,4.474464503851411,9.05023192779983,0.0,1.0,1.0,1.0,1.0,1.0
0,100,8.74066966916248,6.153001732358496,0.0,1.0,0.0,1.0,0.0,1.0
1,100,10.249846140827756,11.455902097137605,1.0,0.0,1.0,1.0,1.0,1.0
2,100,10.178034825424662,9.373488385507518,0.0,0.0,0.0,0.0,0.0,0.0
3,100,11.779205205855506,5.719755400694792,0.0,0.0,1.0,0.0,0.0,0.0
4,100,12.0,8.924983841381888,0.0,0.0,1.0,0.0,1.0,0.0
5,100,7.391141338098672,5.9372565773801504,1.0,1.0,0.0,0.0,0.0,0.0
6,100,4.938290850122886,6.767234047487162,1.0,0.0,1.0,0.0,1.0,1.0
7,100,8.33927268801519,5.89917346394213,0.0,0.0,0.0,0.0,1.0,0.0
8,100,6.218697125245678,0.0,0.0,0.0,1.0,1.0,0.0,1.0
9,100,7.282844751491965,7.645694732054167,1.0,0.0,0.0,1.0,0.0,0.0
10,100,1.3104631662361763,2.596013396942603,0.0,1.0,1.0,0.0,0.0,0.0
11,100,5.69582681718879,3.951284579020248,0.0,0.0,0.0,0.0,1.0,1.0
12,100,8.053267829497408,10.932777950462508,0.0,0.0,0.0,0.0,0.0,0.0
13,100,11.965180753148772,9.766138724919616,0.0,1.0,0.0,1.0,1.0,0.0
14,100,8.280993698605135,3.46038118101748,1.0,0.0,0.0,1.0,0.0,0.0
15,100,12.0,2.2557845147095628,0.0,0.0,0.0,0.0,1.0,0.0
16,100,9.853220546288128,0.269291400769709,1.0,0.0,0.0,0.0,1.0,0.0
17,100,5.211060994503884,5.025014846601153,1.0,0.0,0.0,1.0,0.0,0.0
18,100,12.0,11.525922126211276,0.0,0.0,0.0,0.0,0.0,0.0
19,100,6.715811754566723,1.5194250331003432,0.0,0.0,1.0,1.0,0.0,0.0
20,100,3.293298228993882,7.142086284161066,0.0,0.0,0.0,0.0,0.0,0.0
21,100,2.4164678500334413,1.323415345808463,0.0,0.0,0.0,0.0,1.0,1.0
22,100,11.566433462807058,0.0,0.0,0.0,0.0,0.0,0.0,0.0
23,100,0.0,2.751366245631731,0.0,1.0,1.0,1.0,0.0,1.0
24,100,1.4900770869294964,0.9684938604142296,1.0,1.0,1.0,1.0,0.0,0.0
25,100,4.947228678671182,7.706637785560805,0.0,1.0,0.0,0.0,1.0,1.0
26,100,11.649753492160288,0.6988492181271797,0.0,0.0,0.0,1.0,1.0,1.0
27,100,5.918337530650479,4.153987089533002,0.0,0.0,0.0,1.0,0.0,1.0
28,100,4.084716563059938,2.2589614273105307,0.0,0.0,0.0,0.0,0.0,0.0
29,100,6.808603127582501,5.592109684993528,1.0,0.0,0.0,0.0,0.0,0.0
30,100,7.219336614932592,3.997117662812436,1.0,1.0,0.0,0.0,1.0,1.0
31,100,0.3870569313046298,10.775380160410275,1.0,1.0,1.0,1.0,0.0,0.0
32,100,9.498447229899284,1.7995010478706832,0.0,0.0,0.0,1.0,0.0,0.0
33,100,11.575111526589131,0.0,0.0,1.0,0.0,0.0,0.0,0.0
34,100,8.77491651517563,1.0310573074929457,0.0,1.0,0.0,0.0,1.0,0.0
35,100,9.816236679003682,1.853610076332692,1.0,0.0,0.0,0.0,1.0,0.0
36,100,3.319798196793984,12.0,0.0,1.0,1.0,0.0,1.0,1.0
37,100,2.7845596490715105,0.2955827648950114,1.0,0.0,0.0,0.0,1.0,1.0
38,100,11.796247893495329,12.0,1.0,0.0,1.0,0.0,1.0,0.0
39,100,4.595431095688212,9.050780644172,0.0,1.0,1.0,1.0,1.0,1.0
0,105,8.73871740231132,6.16451042168549,0.0,1.0,0.0,1.0,0.0,1.0
1,105,10.259171082586162,11.46253048064933,1.0,0.0,1.0,1.0,1.0,1.0
2,105,10.142908679248002,9.428428983574744,0.0,0.0,0.0,0.0,0.0,0.0
3,105,11.755477637590042,5.721085486904114,0.0,0.0,1.0,0.0,0.0,0.0
4,105,12.0,8.943741283607382,0.0,0.0,1.0,0.0,1.0,0.0
5,105,7.447548184916799,6.057170078136623,1.0,1.0,0.0,0.0,0.0,0.0
6,105,4.907863510279377,6.79133675823011,1.0,0.0,1.0,0.0,1.0,1.0
7,105,8.279925984270186,5.975661579573777,0.0,0.0,0.0,0.0,1.0,0.0
8,105,6.172331778865155,0.0,0.0,0.0,1.0,1.0,0.0,1.0
9,105,7.341290695186301,7.592800712109671,1.0,0.0,0.0,1.0,0.0,0.0
10,105,1.2284587195851375,2.6063760545585453,0.0,1.0,1.0,0.0,0.0,0.0
11,105,5.716130209759155,3.954542252430477,0.0,0.0,0.0,0.0,1.0,1.0
12,105,8.058519218314173,10.92803262411786,0.0,0.0,0.0,0.0,0.0,0.0
13,105,11.956915214783464,9.78668667475594,0.0,1.0,0.0,1.0,1.0,0.0
14,105,8.241219677521052,3.483648372686694,1.0,0.0,0.0,1.0,0.0,0.0
15,105,12.0,2.2579407991502567,0.0,0.0,0.0,0.0,1.0,0.0
16,105,9.874122462727357,0.2241325104150191,1.0,0.0,0.0,0.0,1.0,0.0
17,105,5.154543522710286,5.022204393880018,1.0,0.0,0.0,1.0,0.0,0.0
18,105,12.0,11.548221031176196,0.0,0.0,0.0,0.0,0.0,0.0
19,105,6.609963146436862,1.5598046239964969,0.0,0.0,1.0,1.0,0.0,0.0
20,105,3.315127672313772,7.056900093529915,0.0,0.0,0.0,0.0,0.0,0.0
21,105,2.438319274669901,1.371482261120387,0.0,0.0,0.0,0.0,1.0,1.0
22,105,11.599870809336531,0.0,0.0,0.0,0.0,0.0,0.0,0.0
23,105,0.0,2.774435582683783,0.0,1.0,1.0,1.0,0.0,1.0
24,105,1.4701339648955638,0.967631727953744,1.0,1.0,1.0,1.0,0.0,0.0
25,105,5.146263968742043,7.765115943007763,0.0,1.0,0.0,0.0,1.0,1.0
26,105,11.670949432549971,0.6877306003809207,0.0,0.0,0.0,1.0,1.0,1.0
27,105,5.916619560082314,4.140301205806602,0.0,0.0,0.0,1.0,0.0,1.0
28,105,4.08314739035356,2.2539444499774506,0.0,0.0,0.0,0.0,0.0,0.0
29,105,6.8339532701219445,5.639989064068385,1.0,0.0,0.0,0.0,0.0,0.0
30,105,7.170666778857001,4.054661510246284,1.0,1.0,0.0,0.0,1.0,1.0
31,105,0.4220305825380089,10.831623689661424,1.0,1.0,1.0,1.0,0.0,0.0
32,105,9.666567378580046,1.8485050243653425,0.0,0.0,0.0,1.0,0.0,0.0
33,105,11.544037942499296,0.0,0.0,1.0,0.0,0.0,0.0,0.0
34,105,8.781629010781764,1.03094915106511,0.0,1.0,0.0,0.0,1.0,0.0
35,105,9.64144895961397,1.845615201464584,1.0,0.0,0.0,0.0,1.0,0.0
36,105,3.2750076921403326,12.0,0.0,1.0,1.0,0.0,1.0,1.0
37,105,2.733137290182039,0.2694677213097109,1.0,0.0,0.0,0.0,1.0,1.0
38,105,11.855434484074474,12.0,1.0,0.0,1.0,0.0,1.0,0.0
39,105,4.726447664394394,9.051623640472732,0.0,1.0,1.0,1.0,1.0,1.0
0,110,8.73565525446182,6.1820580473782325,0.0,1.0,0.0,1.0,0.0,1.0
1,110,10.262551713482903,11.46481179838986,1.0,0.0,1.0,1.0,1.0,1.0
2,110,10.100098989567504,9.495019676061943,0.0,0.0,0.0,0.0,0.0,0.0
3,110,11.709949429386787,5.724483002453517,0.0,0.0,1.0,0.0,0.0,0.0
4,110,12.0,8.97135072771767,0.0,0.0,1.0,0.0,1.0,0.0
5,110,7.512260925293695,6.185974976094876,1.0,1.0,0.0,0.0,0.0,0.0
6,110,4.871958372047562,6.8202645760688005,1.0,0.0,1.0,0.0,1.0,1.0
7,110,8.23038475727593,6.04494900233859,0.0,0.0,0.0,0.0,1.0,0.0
8,110,6.12335182590519,0.0,0.0,0.0,1.0,1.0,0.0,1.0
9,110,7.405538075518661,7.533719488446284,1.0,0.0,0.0,1.0,0.0,0.0
10,110,1.1406932352078043,2.617550997834209,0.0,1.0,1.0,0.0,0.0,0.0
11,110,5.726765168177328,3.956341172347309,0.0,0.0,0.0,0.0,1.0,1.0
12,110,8.066001677961388,10.92107083291744,0.0,0.0,0.0,0.0,0.0,0.0
13,110,11.94512766803948,9.814994260911076,0.0,1.0,0.0,1.0,1.0,0.0
14,110,8.207405053602336,3.5038624243622527,1.0,0.0,0.0,1.0,0.0,0.0
15,110,11.993020216993113,2.252221585375456,0.0,0.0,0.0,0.0,1.0,0.0
16,110,9.901740060572855,0.1648397739893722,1.0,0.0,0.0,0.0,1.0,0.0
17,110,5.118668630693103,5.01997573989546,1.0,0.0,0.0,1.0,0.0,0.0
18,110,12.0,11.570195833934026,0.0,0.0,0.0,0.0,0.0,0.0
19,110,6.49335923652074,1.6082285703156547,0.0,0.0,1.0,1.0,0.0,0.0
20,110,3.335812078191428,6.970389240748799,0.0,0.0,0.0,0.0,0.0,0.0
21,110,2.460713773466546,1.4224547071135651,0.0,0.0,0.0,0.0,1.0,1.0
22,110,11.631024678655876,0.0,0.0,0.0,0.0,0.0,0.0,0.0
23,110,0.0,2.7979792717628658,0.0,1.0,1.0,1.0,0.0,1.0
24,110,1.4294971637408471,0.9662182510413672,1.0,1.0,1.0,1.0,0.0,0.0
25,110,5.325595372326588,7.822563210877463,0.0,1.0,0.0,0.0,1.0,1.0
26,110,11.677956350788126,0.683848806750617,0.0,0.0,0.0,1.0,1.0,1.0
27,110,5.911356245702252,4.10074083674488,0.0,0.0,0.0,1.0,0.0,1.0
28,110,4.080544889661092,2.2547839136422234,0.0,0.0,0.0,0.0,0.0,0.0
29,110,6.856877293755411,5.682082682996974,1.0,0.0,0.0,0.0,0.0,0.0
30,110,7.127034234258171,4.106355525229935,1.0,1.0,0.0,0.0,1.0,1.0
31,110,0.4536058832890329,10.883136165135944,1.0,1.0,1.0,1.0,0.0,0.0
32,110,9.85047167306818,1.8976661024644657,0.0,0.0,0.0,1.0,0.0,0.0
33,110,11.513020853563676,0.0,0.0,1.0,0.0,0.0,0.0,0.0
34,110,8.79249592684017,1.0305766592205297,0.0,1.0,0.0,0.0,1.0,0.0
35,110,9.464473037528604,1.8403165196101003,1.0,0.0,0.0,0.0,1.0,0.0
36,110,3.217890856473083,12.0,0.0,1.0,1.0,0.0,1.0,1.0
37,110,2.708466357245206,0.2569628154523494,1.0,0.0,0.0,0.0,1.0,1.0
38,110,11.910624517154666,12.0,1.0,0.0,1.0,0.0,1.0,0.0
39,110,4.832014895843205,9.05103779371247,0.0,1.0,1.0,1.0,1.0,1.0
0,115,8.72984128090639,6.213858801587956,0.0,1.0,0.0,1.0,0.0,1.0
1,115,10.254998990710671,11.459463432284595,1.0,0.0,1.0,1.0,1.0,1.0
2,115,10.067622338458929,9.54773962370346,0.0,0.0,0.0,0.0,0.0,0.0
3,115,11.668971308788093,5.727694315202872,0.0,0.0,1.0,0.0,0.0,0.0
4,115,12.0,8.868179246800944,0.0,0.0,1.0,0.0,1.0,0.0
5,115,7.589533045303123,6.335856605838248,1.0,1.0,0.0,0.0,0.0,0.0
6,115,4.854119769908523,6.834796740179493,1.0,0.0,1.0,0.0,1.0,1.0
7,115,8.1800614902055,6.115114824741787,0.0,0.0,0.0,0.0,1.0,0.0
8,115,6.083141671326377,0.0,0.0,0.0,1.0,1.0,0.0,1.0
9,115,7.463719089958719,7.480221732589444,1.0,0.0,0.0,1.0,0.0,0.0
10,115,1.059481225062146,2.6273144667257133,0.0,1.0,1.0,0.0,0.0,0.0
11,115,5.732580994751764,3.957300157314927,0.0,0.0,0.0,0.0,1.0,1.0
12,115,8.075520894957437,10.91242584934321,0.0,0.0,0.0,0.0,0.0,0.0
13,115,11.937127552388748,9.83403702725669,0.0,1.0,0.0,1.0,1.0,0.0
14,115,8.182532290257262,3.5186157371075613,1.0,0.0,0.0,1.0,0.0,0.0
15,115,11.979968546030364,2.2413379259668567,0.0,0.0,0.0,0.0,1.0,0.0
16,115,9.923406276466416,0.1199367673873625,1.0,0.0,0.0,0.0,1.0,0.0
17,115,5.093049076593396,5.018293019063388,1.0,0.0,0.0,1.0,0.0,0.0
18,115,12.0,11.585232001888585,0.0,0.0,0.0,0.0,0.0,0.0
19,115,6.381886056376604,1.6542647450939394,0.0,0.0,1.0,1.0,0.0,0.0
20,115,3.355583523549863,6.883344840000279,0.0,0.0,0.0,0.0,0.0,0.0
21,115,2.4768126688496794,1.4588082464115737,0.0,0.0,0.0,0.0,1.0,1.0
22,115,11.66604402928122,0.0,0.0,0.0,0.0,0.0,0.0,0.0
23,115,0.0,2.825657177916476,0.0,1.0,1.0,1.0,0.0,1.0
24,115,1.3897995007450878,0.9638698875740054,1.0,1.0,1.0,1.0,0.0,0.0
25,115,5.4935253112921005,7.880326200637813,0.0,1.0,0.0,0.0,1.0,1.0
26,115,11.702400841092787,0.6704683129274293,0.0,0.0,0.0,1.0,1.0,1.0
27,115,5.905287906275515,4.058933264921465,0.0,0.0,0.0,1.0,0.0,1.0
28,115,4.078744333341632,2.255310469175716,0.0,0.0,0.0,0.0,0.0,0.0
29,115,6.882161803475968,5.729227552677006,1.0,0.0,0.0,0.0,0.0,0.0
30,115,7.081307841704188,4.15873389488491,1.0,1.0,0.0,0.0,1.0,1.0
31,115,0.482299142511928,10.92774342340002,1.0,1.0,1.0,1.0,0.0,0.0
32,115,10.013752681818582,1.9389520760794936,0.0,0.0,0.0,1.0,0.0,0.0
33,115,11.491037496120732,0.0,0.0,1.0,0.0,0.0,0.0,0.0
34,115,8.812161152825615,1.030483101608686,0.0,1.0,0.0,0.0,1.0,0.0
35,115,9.265137729728686,1.839652607494337,1.0,0.0,0.0,0.0,1.0,0.0
36,115,3.1505557329340066,12.0,0.0,1.0,1.0,0.0,1.0,1.0
37,115,2.703573835255097,0.2544382512076811,1.0,0.0,0.0,0.0,1.0,1.0
38,115,11.965840613790313,12.0,1.0,0.0,1.0,0.0,1.0,0.0
39,115,4.950519766227587,9.048246124098762,0.0,1.0,1.0,1.0,1.0,1.0
0,120,8.718303965574597,6.275448679126161,0.0,1.0,0.0,1.0,0.0,1.0
1,120,10.25676140340371,11.460666901919083,1.0,0.0,1.0,1.0,1.0,1.0
2,120,10.026864441413274,9.614540498373472,0.0,0.0,0.0,0.0,0.0,0.0
3,120,11.656713634988348,5.728901565023328,0.0,0.0,1.0,0.0,0.0,0.0
4,120,12.0,8.777008787517522,0.0,0.0,1.0,0.0,1.0,0.0
5,120,7.664949904930173,6.497398433765765,1.0,1.0,0.0,0.0,0.0,0.0
6,120,4.848425104415929,6.839259817790235,1.0,0.0,1.0,0.0,1.0,1.0
7,120,8.133288882135702,6.180824395591305,0.0,0.0,0.0,0.0,1.0,0.0
8,120,6.041435932899634,0.0,0.0,0.0,1.0,1.0,0.0,1.0
9,120,7.495774785878987,7.450754348153048,1.0,0.0,0.0,1.0,0.0,0.0
10,120,0.956685118540242,2.641649740580249,0.0,1.0,1.0,0.0,0.0,0.0
11,120,5.72390346583633,3.955997587107402,0.0,0.0,0.0,0.0,1.0,1.0
12,120,8.086970332485249,10.902103232467756,0.0,0.0,0.0,0.0,0.0,0.0
13,120,11.926170457667244,9.857423561612231,0.0,1.0,0.0,1.0,1.0,0.0
14,120,8.143530769588233,3.5420043549602065,1.0,0.0,0.0,1.0,0.0,0.0
15,120,11.961697642429304,2.2268860601187206,0.0,0.0,0.0,0.0,1.0,0.0
16,120,9.940008527206048,0.0829556481443385,1.0,0.0,0.0,0.0,1.0,0.0
17,120,5.070667039272616,5.017824951736804,1.0,0.0,0.0,1.0,0.0,0.0
18,120,12.0,11.596682990807862,0.0,0.0,0.0,0.0,0.0,0.0
19,120,6.264388887915173,1.7051260007939746,0.0,0.0,1.0,1.0,0.0,0.0
20,120,3.3768311664919675,6.773283444351918,0.0,0.0,0.0,0.0,0.0,0.0
21,120,2.4924211721361904,1.493990449526152,0.0,0.0,0.0,0.0,1.0,1.0
22,120,11.70251050579794,0.0,0.0,0.0,0.0,0.0,0.0,0.0
23,120,0.0,2.8533332604595283,0.0,1.0,1.0,1.0,0.0,1.0
24,120,1.3302247997731855,0.9606304720415596,1.0,1.0,1.0,1.0,0.0,0.0
25,120,5.663154405812671,7.936954543318246,0.0,1.0,0.0,0.0,1.0,1.0
26,120,11.73010713862202,0.6546560676654117,0.0,0.0,0.0,1.0,1.0,1.0
27,120,5.902065994699955,4.033633585467664,0.0,0.0,0.0,1.0,0.0,1.0
28,120,4.064079208171657,2.2591832167808827,0.0,0.0,0.0,0.0,0.0,0.0
29,120,6.887952253055475,5.740647050710383,1.0,0.0,0.0,0.0,0.0,0.0
30,120,7.021667821210591,4.226076120999654,1.0,1.0,0.0,0.0,1.0,1.0
31,120,0.5027370337046556,10.960960024681665,1.0,1.0,1.0,1.0,0.0,0.0
32,120,10.173221637878775,1.9798718657418608,0.0,0.0,0.0,1.0,0.0,0.0
33,120,11.478815639399286,0.0,0.0,1.0,0.0,0.0,0.0,0.0
34,120,8.818449199991171,1.030628880242232,0.0,1.0,0.0,0.0,1.0,0.0
35,120,9.039315358395216,1.8402095716767155,1.0,0.0,0.0,0.0,1.0,0.0
36,120,3.076414994936853,12.0,0.0,1.0,1.0,0.0,1.0,1.0
37,120,2.7021968161964582,0.2537188890825738,1.0,0.0,0.0,0.0,1.0,1.0
38,120,12.0,12.0,1.0,0.0,1.0,0.0,1.0,0.0
39,120,5.069887567774535,9.04412326803369,0.0,1.0,1.0,1.0,1.0,1.0
0,125,8.71159316851756,6.31587954814226,0.0,1.0,0.0,1.0,0.0,1.0
1,125,10.251917961759233,11.457287691980794,1.0,0.0,1.0,1.0,1.0,1.0
2,125,9.9706278075658,9.706724863406452,0.0,0.0,0.0,0.0,0.0,0.0
3,125,11.643249930810388,5.730214326050643,0.0,0.0,1.0,0.0,0.0,0.0
4,125,12.0,8.681603679372566,0.0,0.0,1.0,0.0,1.0,0.0
5,125,7.726191632524983,6.630129687485405,1.0,1.0,0.0,0.0,0.0,0.0
6,125,4.833968860555736,6.850711067055984,1.0,0.0,1.0,0.0,1.0,1.0
7,125,8.074852635759356,6.268919153333781,0.0,0.0,0.0,0.0,1.0,0.0
8,125,5.996685466367325,0.0,0.0,0.0,1.0,1.0,0.0,1.0
9,125,7.527877616378038,7.42207254580824,1.0,0.0,0.0,1.0,0.0,0.0
10,125,0.8307221563519873,2.6557874809170112,0.0,1.0,1.0,0.0,0.0,0.0
11,125,5.7190556970541575,3.955374784239507,0.0,0.0,0.0,0.0,1.0,1.0
12,125,8.093180787613141,10.896703095277338,0.0,0.0,0.0,0.0,0.0,0.0
13,125,11.918603131336232,9.87538087045592,0.0,1.0,0.0,1.0,1.0,0.0
14,125,8.09371727305693,3.571808554500376,1.0,0.0,0.0,1.0,0.0,0.0
15,125,11.937011331633778,2.2082847974579227,0.0,0.0,0.0,0.0,1.0,0.0
16,125,9.957938863639017,0.0413892627920023,1.0,0.0,0.0,0.0,1.0,0.0
17,125,5.064383756599816,5.017613137877739,1.0,0.0,0.0,1.0,0.0,0.0
18,125,12.0,11.598973840210936,0.0,0.0,0.0,0.0,0.0,0.0
19,125,6.144819795325957,1.7569084382549047,0.0,0.0,1.0,1.0,0.0,0.0
20,125,3.396450634729675,6.655277172867999,0.0,0.0,0.0,0.0,0.0,0.0
21,125,2.5050506533174075,1.5206955070406587,0.0,0.0,0.0,0.0,1.0,1.0
22,125,11.73627039401974,0.0,0.0,0.0,0.0,0.0,0.0,0.0
23,125,0.0,2.882543979155016,0.0,1.0,1.0,1.0,0.0,1.0
24,125,1.2648521129995711,0.9571629079540374,1.0,1.0,1.0,1.0,0.0,0.0
25,125,5.826711779990572,7.987561652402818,0.0,1.0,0.0,0.0,1.0,1.0
26,125,11.765940257541155,0.6325498139749703,0.0,0.0,0.0,1.0,1.0,1.0
27,125,5.902402737635482,4.035670296149511,0.0,0.0,0.0,1.0,0.0,1.0
28,125,4.0332873562078,2.267701117611778,0.0,0.0,0.0,0.0,0.0,0.0
29,125,6.887932618442694,5.740609718211303,1.0,0.0,0.0,0.0,0.0,0.0
30,125,6.970614739269039,4.284326998805833,1.0,1.0,0.0,0.0,1.0,1.0
31,125,0.5106504062552376,10.97484112916233,1.0,1.0,1.0,1.0,0.0,0.0
32,125,10.321460765192072,2.019758929262834,0.0,0.0,0.0,1.0,0.0,0.0
33,125,11.46352539103018,0.0,0.0,1.0,0.0,0.0,0.0,0.0
34,125,8.813059589046897,1.0304939921227,0.0,1.0,0.0,0.0,1.0,0.0
35,125,8.826199163508438,1.8437250097499485,1.0,0.0,0.0,0.0,1.0,0.0
36,125,3.000841644459604,12.0,0.0,1.0,1.0,0.0,1.0,1.0
37,125,2.722677502118613,0.2642828913785086,1.0,0.0,0.0,0.0,1.0,1.0
38,125,12.0,12.0,1.0,0.0,1.0,0.0,1.0,0.0
39,125,5.170716337680763,9.04349055368638,0.0,1.0,1.0,1.0,1.0,1.0
0,130,8.704478220882518,6.366364711170129,0.0,1.0,0.0,1.0,0.0,1.0
1,130,10.267526738620385,11.467738339228468,1.0,0.0,1.0,1.0,1.0,1.0
2,130,9.912542735227316,9.803466100044282,0.0,0.0,0.0,0.0,0.0,0.0
3,130,11.607821121240535,5.733978056592704,0.0,0.0,1.0,0.0,0.0,0.0
4,130,12.0,8.587155629015331,0.0,0.0,1.0,0.0,1.0,0.0
5,130,7.788843956669158,6.757816908409789,1.0,1.0,0.0,0.0,0.0,0.0
6,130,4.825990243528495,6.856852099666173,1.0,0.0,1.0,0.0,1.0,1.0
7,130,8.016370303889087,6.360284210996531,0.0,0.0,0.0,0.0,1.0,0.0
8,130,5.948538115372161,0.0,0.0,0.0,1.0,1.0,0.0,1.0
9,130,7.551915393175345,7.399264650764986,1.0,0.0,0.0,1.0,0.0,0.0
10,130,0.8203555454577913,2.528875936298509,0.0,1.0,1.0,0.0,0.0,0.0
11,130,5.697843231455979,3.953254163013713,0.0,0.0,0.0,0.0,1.0,1.0
12,130,8.101475152846492,10.889525822612676,0.0,0.0,0.0,0.0,0.0,0.0
13,130,11.91213103726054,9.892364914429477,0.0,1.0,0.0,1.0,1.0,0.0
14,130,8.033331789807896,3.609269368450295,1.0,0.0,0.0,1.0,0.0,0.0
15,130,11.919542564708625,2.195373258859883,0.0,0.0,0.0,0.0,1.0,0.0
16,130,9.978788110730228,0.0,1.0,0.0,0.0,0.0,1.0,0.0
17,130,5.069079593775633,5.017733970644139,1.0,0.0,0.0,1.0,0.0,0.0
18,130,11.977715231298006,11.580571037442402,0.0,0.0,0.0,0.0,0.0,0.0
19,130,6.023754181748912,1.811554061221468,0.0,0.0,1.0,1.0,0.0,0.0
20,130,3.419698444865795,6.53467884949952,0.0,0.0,0.0,0.0,0.0,0.0
21,130,2.506824190882364,1.5246708947682592,0.0,0.0,0.0,0.0,1.0,1.0
22,130,11.746110708832449,0.0,0.0,0.0,0.0,0.0,0.0,0.0
23,130,0.0,2.9059199719911644,0.0,1.0,1.0,1.0,0.0,1.0
24,130,1.1945821157740697,0.95397430542428,1.0,1.0,1.0,1.0,0.0,0.0
25,130,5.974371451907031,8.031433322349399,0.0,1.0,0.0,0.0,1.0,1.0
26,130,11.794225675185142,0.6148673457737818,0.0,0.0,0.0,1.0,1.0,1.0
27,130,5.8974383684948535,4.011151528877559,0.0,0.0,0.0,1.0,0.0,1.0
28,130,3.981921636838423,2.2814919935482205,0.0,0.0,0.0,0.0,0.0,0.0
29,130,6.898102140693679,5.760504927399516,1.0,0.0,0.0,0.0,0.0,0.0
30,130,6.916014339300917,4.344504547720204,1.0,1.0,0.0,0.0,1.0,1.0
31,130,0.5156203682233218,10.983320280613816,1.0,1.0,1.0,1.0,0.0,0.0
32,130,10.48421036245936,2.061381526185393,0.0,0.0,0.0,1.0,0.0,0.0
33,130,11.455470567445522,0.0,0.0,1.0,0.0,0.0,0.0,0.0
34,130,8.811614149094098,1.030452226436035,0.0,1.0,0.0,0.0,1.0,0.0
35,130,8.63158979515579,1.8495369222768103,1.0,0.0,0.0,0.0,1.0,0.0
36,130,2.924250396413499,12.0,0.0,1.0,1.0,0.0,1.0,1.0
37,130,2.76277949456762,0.285114719781505,1.0,0.0,0.0,0.0,1.0,1.0
38,130,12.0,12.0,1.0,0.0,1.0,0.0,1.0,0.0
39,130,5.279340727898014,9.043581230966234,0.0,1.0,1.0,1.0,1.0,1.0
0,135,8.697476789319017,6.4207338931185935,0.0,1.0,0.0,1.0,0.0,1.0
1,135,10.296389208887367,11.48704711282122,1.0,0.0,1.0,1.0,1.0,1.0
2,135,9.850358794941773,9.906719802551356,0.0,0.0,0.0,0.0,0.0,0.0
3,135,11.58156338174289,5.736114464201027,0.0,0.0,1.0,0.0,0.0,0.0
4,135,12.0,8.47543028044325,0.0,0.0,1.0,0.0,1.0,0.0
5,135,7.846936345346199,6.87877696054398,1.0,1.0,0.0,0.0,0.0,0.0
6,135,4.824584151132386,6.857952962018265,1.0,0.0,1.0,0.0,1.0,1.0
7,135,7.954964922263337,6.458925001806674,0.0,0.0,0.0,0.0,1.0,0.0
8,135,5.897365367033264,0.0,0.0,0.0,1.0,1.0,0.0,1.0
9,135,7.577762582441378,7.372857904893102,1.0,0.0,0.0,1.0,0.0,0.0
10,135,0.8113972223211225,2.416175449155445,0.0,1.0,1.0,0.0,0.0,0.0
11,135,5.655703729328667,3.94915756478834,0.0,0.0,0.0,0.0,1.0,1.0
12,135,8.10482599964743,10.886728006681752,0.0,0.0,0.0,0.0,0.0,0.0
13,135,11.9043645179804,9.91121423692902,0.0,1.0,0.0,1.0,1.0,0.0
14,135,7.965924665717065,3.649563415560268,1.0,0.0,0.0,1.0,0.0,0.0
15,135,11.896033800663322,2.178666589434169,0.0,0.0,0.0,0.0,1.0,0.0
16,135,9.999628815381422,0.0,1.0,0.0,0.0,0.0,1.0,0.0
17,135,5.09743074842227,5.018107255222602,1.0,0.0,0.0,1.0,0.0,0.0
18,135,11.928874059963578,11.54245855868674,0.0,0.0,0.0,0.0,0.0,0.0
19,135,5.893255380393309,1.8743021332338117,0.0,0.0,1.0,1.0,0.0,0.0
20,135,3.442699199153599,6.399485766837156,0.0,0.0,0.0,0.0,0.0,0.0
21,135,2.5049483394350167,1.5206819284216049,0.0,0.0,0.0,0.0,1.0,1.0
22,135,11.755040784328443,0.0,0.0,0.0,0.0,0.0,0.0,0.0
23,135,0.0,2.930972435974029,0.0,1.0,1.0,1.0,0.0,1.0
24,135,1.1166226785232705,0.9495074366739412,1.0,1.0,1.0,1.0,0.0,0.0
25,135,6.129867506829708,8.077207146557813,0.0,1.0,0.0,0.0,1.0,1.0
26,135,11.820497416911966,0.5971088631681086,0.0,0.0,0.0,1.0,1.0,1.0
27,135,5.894298173536925,3.994236242318865,0.0,0.0,0.0,1.0,0.0,1.0
28,135,3.9390985959497913,2.2945043911435032,0.0,0.0,0.0,0.0,0.0,0.0
29,135,6.899777953885987,5.76372896214356,1.0,0.0,0.0,0.0,0.0,0.0
30,135,6.864334695903096,4.404001018474317,1.0,1.0,0.0,0.0,1.0,1.0
31,135,0.5257859227762987,11.000687026253152,1.0,1.0,1.0,1.0,0.0,0.0
32,135,10.645919973482773,2.099158136810188,0.0,0.0,0.0,1.0,0.0,0.0
33,135,11.44947325058308,0.0,0.0,1.0,0.0,0.0,0.0,0.0
34,135,8.81327093967047,1.0304733174236589,0.0,1.0,0.0,0.0,1.0,0.0
35,135,8.439685381061395,1.8528005225005104,1.0,0.0,0.0,0.0,1.0,0.0
36,135,2.850268556373503,12.0,0.0,1.0,1.0,0.0,1.0,1.0
37,135,2.8048708043915926,0.3069144497711566,1.0,0.0,0.0,0.0,1.0,1.0
38,135,12.0,12.0,1.0,0.0,1.0,0.0,1.0,0.0
39,135,5.385262982569184,9.04382092034468,0.0,1.0,1.0,1.0,1.0,1.0
0,140,8.69031150945672,6.471091955589594,0.0,1.0,0.0,1.0,0.0,1.0
1,140,10.327938627853667,11.509318195991243,1.0,0.0,1.0,1.0,1.0,1.0
2,140,9.79727651038402,9.997269151607696,0.0,0.0,0.0,0.0,0.0,0.0
3,140,11.530227330719972,5.739101136313809,0.0,0.0,1.0,0.0,0.0,0.0
4,140,12.0,8.349284110879074,0.0,0.0,1.0,0.0,1.0,0.0
5,140,7.901286386939255,6.996123798340324,1.0,1.0,0.0,0.0,0.0,0.0
6,140,4.835086243203175,6.850104432876456,1.0,0.0,1.0,0.0,1.0,1.0
7,140,7.902743243948272,6.548980384978877,0.0,0.0,0.0,0.0,1.0,0.0
8,140,5.840691767746144,0.0,0.0,0.0,1.0,1.0,0.0,1.0
9,140,7.594170783393543,7.356638841974585,1.0,0.0,0.0,1.0,0.0,0.0
10,140,0.8019087673800575,2.299390000079951,0.0,1.0,1.0,0.0,0.0,0.0
11,140,5.610058887947318,3.943847866026793,0.0,0.0,0.0,0.0,1.0,1.0
12,140,8.109086721254242,10.883055534873703,0.0,0.0,0.0,0.0,0.0,0.0
13,140,11.888863724596405,9.947663246975129,0.0,1.0,0.0,1.0,1.0,0.0
14,140,7.916010487577683,3.680089054643128,1.0,0.0,0.0,1.0,0.0,0.0
15,140,11.877538063498772,2.165076929214921,0.0,0.0,0.0,0.0,1.0,0.0
16,140,10.024451267473063,0.0,1.0,0.0,0.0,0.0,1.0,0.0
17,140,5.144453211456439,5.018635979950405,1.0,0.0,0.0,1.0,0.0,0.0
18,140,11.872468333149502,11.499581743328418,0.0,0.0,0.0,0.0,0.0,0.0
19,140,5.770200049686077,1.9342045838877504,0.0,0.0,1.0,1.0,0.0,0.0
20,140,3.4643710972362185,6.269888248999048,0.0,0.0,0.0,0.0,0.0,0.0
21,140,2.5087506936823343,1.5280869111543876,0.0,0.0,0.0,0.0,1.0,1.0
22,140,11.768762484281318,0.0,0.0,0.0,0.0,0.0,0.0,0.0
23,140,0.0,2.956531105346283,0.0,1.0,1.0,1.0,0.0,1.0
24,140,1.0396780492817532,0.9429757043429536,1.0,1.0,1.0,1.0,0.0,0.0
25,140,6.279153004599541,8.124588599820829,0.0,1.0,0.0,0.0,1.0,1.0
26,140,11.84337409124095,0.5810030160494468,0.0,0.0,0.0,1.0,1.0,1.0
27,140,5.891563073185111,3.978794453227145,0.0,0.0,0.0,1.0,0.0,1.0
28,140,3.914834295767287,2.3020707557485225,0.0,0.0,0.0,0.0,0.0,0.0
29,140,6.896528391992795,5.757762876035607,1.0,0.0,0.0,0.0,0.0,0.0
30,140,6.81611773581904,4.459743856516311,1.0,1.0,0.0,0.0,1.0,1.0
31,140,0.5260755165435432,11.00121289990705,1.0,1.0,1.0,1.0,0.0,0.0
32,140,10.792587129081882,2.133583747646968,0.0,0.0,0.0,1.0,0.0,0.0
33,140,11.45013219467022,0.0007303876977349,0.0,1.0,0.0,0.0,0.0,0.0
34,140,8.793855307554754,1.030016266511712,0.0,1.0,0.0,0.0,1.0,0.0
35,140,8.239409502401225,1.8565078576360716,1.0,0.0,0.0,0.0,1.0,0.0
36,140,2.792117067372542,12.0,0.0,1.0,1.0,0.0,1.0,1.0
37,140,2.837814582578853,0.3236247811950023,1.0,0.0,0.0,0.0,1.0,1.0
38,140,12.0,12.0,1.0,0.0,1.0,0.0,1.0,0.0
39,140,5.48428119661213,9.043351162752892,0.0,1.0,1.0,1.0,1.0,1.0
0,145,8.681295564798711,6.538234112849113,0.0,1.0,0.0,1.0,0.0,1.0
1,145,10.373371337324048,11.540556330826924,1.0,0.0,1.0,1.0,1.0,1.0
2,145,9.743724227288087,10.083847007781262,0.0,0.0,0.0,0.0,0.0,0.0
3,145,11.485842051973076,5.741310213511818,0.0,0.0,1.0,0.0,0.0,0.0
4,145,12.0,8.230953939150767,0.0,0.0,1.0,0.0,1.0,0.0
5,145,7.960010660559647,7.125170046568417,1.0,1.0,0.0,0.0,0.0,0.0
6,145,4.840942137866326,6.845714766513599,1.0,0.0,1.0,0.0,1.0,1.0
7,145,7.862616123683948,6.613556053840204,0.0,0.0,0.0,0.0,1.0,0.0
8,145,5.784204600701196,0.0,0.0,0.0,1.0,1.0,0.0,1.0
9,145,7.599947671850354,7.350808069290112,1.0,0.0,0.0,1.0,0.0,0.0
10,145,0.7935810989020556,2.1758894472628323,0.0,1.0,1.0,0.0,0.0,0.0
11,145,5.562831160088405,3.937486770248838,0.0,0.0,0.0,0.0,1.0,1.0
12,145,8.128253577102075,10.866555393371206,0.0,0.0,0.0,0.0,0.0,0.0
13,145,11.87831551818178,9.97294626803342,0.0,1.0,0.0,1.0,1.0,0.0
14,145,7.872265885092501,3.7059499658831614,1.0,0.0,0.0,1.0,0.0,0.0
15,145,11.847033314567936,2.143314943643903,0.0,0.0,0.0,0.0,1.0,0.0
16,145,10.051048201916588,0.0,1.0,0.0,0.0,0.0,1.0,0.0
17,145,5.20382395070363,5.020189894942947,1.0,0.0,0.0,1.0,0.0,0.0
18,145,11.81453481247442,11.45624761238482,0.0,0.0,0.0,0.0,0.0,0.0
19,145,5.628552344006389,2.005100069319895,0.0,0.0,1.0,1.0,0.0,0.0
20,145,3.487027501507043,6.12574401378817,0.0,0.0,0.0,0.0,0.0,0.0
21,145,2.509946638654033,1.530584096446512,0.0,0.0,0.0,0.0,1.0,1.0
22,145,11.78399761716514,0.0,0.0,0.0,0.0,0.0,0.0,0.0
23,145,0.0,2.982906383959565,0.0,1.0,1.0,1.0,0.0,1.0
24,145,0.937741766548043,0.9337112886982404,1.0,1.0,1.0,1.0,0.0,0.0
25,145,6.4300459216122094,8.175617614102237,0.0,1.0,0.0,0.0,1.0,1.0
26,145,11.88338140965867,0.5503476460156774,0.0,0.0,0.0,1.0,1.0,1.0
27,145,5.890649288478322,3.9742553273562526,0.0,0.0,0.0,1.0,0.0,1.0
28,145,3.889137730096715,2.310923106984051,0.0,0.0,0.0,0.0,0.0,0.0
29,145,6.8946576433654805,5.754107542802696,1.0,0.0,0.0,0.0,0.0,0.0
30,145,6.77615780918737,4.509255185271516,1.0,1.0,0.0,0.0,1.0,1.0
31,145,0.5183769924052382,10.986943687403723,1.0,1.0,1.0,1.0,0.0,0.0
32,145,10.951623068531251,2.1683372563730443,0.0,0.0,0.0,1.0,0.0,0.0
33,145,11.436478676435716,0.0,0.0,1.0,0.0,0.0,0.0,0.0
34,145,8.752781961679538,1.029004801232524,0.0,1.0,0.0,0.0,1.0,0.0
35,145,8.046775243877155,1.859336958183173,1.0,0.0,0.0,0.0,1.0,0.0
36,145,2.7376170562610067,12.0,0.0,1.0,1.0,0.0,1.0,1.0
37,145,2.877727438228015,0.3435916304788324,1.0,0.0,0.0,0.0,1.0,1.0
38,145,12.0,12.0,1.0,0.0,1.0,0.0,1.0,0.0
39,145,5.566747225758887,9.040472949894728,0.0,1.0,1.0,1.0,1.0,1.0
0,150,8.676260077714387,6.572378361509559,0.0,1.0,0.0,1.0,0.0,1.0
1,150,10.414359068995426,11.568105567903146,1.0,0.0,1.0,1.0,1.0,1.0
2,150,9.701138378441414,10.14991029365192,0.0,0.0,0.0,0.0,0.0,0.0
3,150,11.41110878890818,5.745074345804543,0.0,0.0,1.0,0.0,0.0,0.0
4,150,12.0,8.126049777533876,0.0,0.0,1.0,0.0,1.0,0.0
5,150,7.827718218164381,7.187362076339572,1.0,1.0,0.0,0.0,0.0,0.0
6,150,4.841483444425583,6.845312951287817,1.0,0.0,1.0,0.0,1.0,1.0
7,150,7.831311236863896,6.665160824795954,0.0,0.0,0.0,0.0,1.0,0.0
8,150,5.7297910731484025,0.0,0.0,0.0,1.0,1.0,0.0,1.0
9,150,7.580781404228383,7.369706793080862,1.0,0.0,0.0,1.0,0.0,0.0
10,150,0.7802229453204226,2.0240919486997764,0.0,1.0,1.0,0.0,0.0,0.0
11,150,5.509632467662391,3.929082815288131,0.0,0.0,0.0,0.0,1.0,1.0
12,150,8.134837447200995,10.86085346163014,0.0,0.0,0.0,0.0,0.0,0.0
13,150,11.863063570771992,10.007909009309111,0.0,1.0,0.0,1.0,1.0,0.0
14,150,7.838583730661288,3.7267532703744894,1.0,0.0,0.0,1.0,0.0,0.0
15,150,11.795557873207894,2.1046354577636586,0.0,0.0,0.0,0.0,1.0,0.0
16,150,10.079833093433498,0.0,1.0,0.0,0.0,0.0,1.0,0.0
17,150,5.271026736680295,5.0207674794918935,1.0,0.0,0.0,1.0,0.0,0.0
18,150,11.748727215626127,11.405766477617345,0.0,0.0,0.0,0.0,0.0,0.0
19,150,5.558732744316158,1.8629182176775696,0.0,0.0,1.0,1.0,0.0,0.0
20,150,3.5109947403569697,5.971967351133516,0.0,0.0,0.0,0.0,0.0,0.0
21,150,2.5131933619060427,1.5374498355811046,0.0,0.0,0.0,0.0,1.0,1.0
22,150,11.800778034858668,0.0,0.0,0.0,0.0,0.0,0.0,0.0
23,150,0.0,3.0070704260838954,0.0,1.0,1.0,1.0,0.0,1.0
24,150,0.8591798540531559,0.9283958180460712,1.0,1.0,1.0,1.0,0.0,0.0
25,150,6.574261820386703,8.221785593608686,0.0,1.0,0.0,0.0,1.0,1.0
26,150,11.929258706510169,0.516783415034207,0.0,0.0,0.0,1.0,1.0,1.0
27,150,5.894571676282374,3.996188843200197,0.0,0.0,0.0,1.0,0.0,1.0
28,150,3.8712376913872033,2.316977916704837,0.0,0.0,0.0,0.0,0.0,0.0
29,150,6.892061146086443,5.749235939563276,1.0,0.0,0.0,0.0,0.0,0.0
30,150,6.723941876177803,4.573002852809548,1.0,1.0,0.0,0.0,1.0,1.0
31,150,0.5259543614118606,10.999742148675423,1.0,1.0,1.0,1.0,0.0,0.0
32,150,11.122261892986913,2.2144716336613537,0.0,0.0,0.0,1.0,0.0,0.0
33,150,11.41867419385367,0.0,0.0,1.0,0.0,0.0,0.0,0.0
34,150,8.701190687356414,1.027504816093324,0.0,1.0,0.0,0.0,1.0,0.0
35,150,7.858486868259387,1.8579799699561188,1.0,0.0,0.0,0.0,1.0,0.0
36,150,2.683199000477713,12.0,0.0,1.0,1.0,0.0,1.0,1.0
37,150,2.940494890013856,0.3737114432499285,1.0,0.0,0.0,0.0,1.0,1.0
38,150,12.0,12.0,1.0,0.0,1.0,0.0,1.0,0.0
39,150,5.619020889711566,9.037232811974434,0.0,1.0,1.0,1.0,1.0,1.0
0,155,8.672357960380323,6.60487629182772,0.0,1.0,0.0,1.0,0.0,1.0
1,155,10.477663658458074,11.608792510963257,1.0,0.0,1.0,1.0,1.0,1.0
2,155,9.648131233379976,10.23070106343894,0.0,0.0,0.0,0.0,0.0,0.0
3,155,11.326481724485284,5.748684813983852,0.0,0.0,1.0,0.0,0.0,0.0
4,155,12.0,8.0280222666489,0.0,0.0,1.0,0.0,1.0,0.0
5,155,7.689917759790372,7.249870678243252,1.0,1.0,0.0,0.0,0.0,0.0
6,155,4.8367404263527,6.849145511857234,1.0,0.0,1.0,0.0,1.0,1.0
7,155,7.802852387864563,6.711473248857462,0.0,0.0,0.0,0.0,1.0,0.0
8,155,5.677033176715868,0.0,0.0,0.0,1.0,1.0,0.0,1.0
9,155,7.5709527314877665,7.379495208448806,1.0,0.0,0.0,1.0,0.0,0.0
10,155,0.7666096299238888,1.857534492421824,0.0,1.0,1.0,0.0,0.0,0.0
11,155,5.461234856772986,3.9198810430575937,0.0,0.0,0.0,0.0,1.0,1.0
12,155,8.135414106530725,10.860354603465668,0.0,0.0,0.0,0.0,0.0,0.0
13,155,11.844333332318712,10.049065561008128,0.0,1.0,0.0,1.0,1.0,0.0
14,155,7.792813145794629,3.7545264192945313,1.0,0.0,0.0,1.0,0.0,0.0
15,155,11.735785200383829,2.061303512640924,0.0,0.0,0.0,0.0,1.0,0.0
16,155,10.014708803239916,0.0,1.0,0.0,0.0,0.0,1.0,0.0
17,155,5.329932583814576,5.020823118496006,1.0,0.0,0.0,1.0,0.0,0.0
18,155,11.694250037515555,11.362510095006384,0.0,0.0,0.0,0.0,0.0,0.0
19,155,5.494379042089585,1.7247978551403873,0.0,0.0,1.0,1.0,0.0,0.0
20,155,3.533891673027314,5.831855910926055,0.0,0.0,0.0,0.0,0.0,0.0
21,155,2.5105512446802667,1.532106875187568,0.0,0.0,0.0,0.0,1.0,1.0
22,155,11.819407336363442,0.0,0.0,0.0,0.0,0.0,0.0,0.0
23,155,0.0,3.0370001364708004,0.0,1.0,1.0,1.0,0.0,1.0
24,155,0.8019677286044231,0.9246856243988972,1.0,1.0,1.0,1.0,0.0,0.0
25,155,6.715025469359105,8.26289930971865,0.0,1.0,0.0,0.0,1.0,1.0
26,155,11.986136353679482,0.4770339160412484,0.0,0.0,0.0,1.0,1.0,1.0
27,155,5.896328598341068,4.005810761967778,0.0,0.0,0.0,1.0,0.0,1.0
28,155,3.830841896324792,2.3307156383418985,0.0,0.0,0.0,0.0,0.0,0.0
29,155,6.896049894088994,5.756611391675493,1.0,0.0,0.0,0.0,0.0,0.0
30,155,6.672318305425652,4.632871981421962,1.0,1.0,0.0,0.0,1.0,1.0
31,155,0.5256780599142801,10.999278148400313,1.0,1.0,1.0,1.0,0.0,0.0
32,155,11.271796787686348,2.254625111703663,0.0,0.0,0.0,1.0,0.0,0.0
33,155,11.384250723713336,0.0,0.0,1.0,0.0,0.0,0.0,0.0
34,155,8.651793309384331,1.0267461847872446,0.0,1.0,0.0,0.0,1.0,0.0
35,155,7.668846743564826,1.860383128395816,1.0,0.0,0.0,0.0,1.0,0.0
36,155,2.625099369471235,12.0,0.0,1.0,1.0,0.0,1.0,1.0
37,155,2.997531608030088,0.4011596762182012,1.0,0.0,0.0,0.0,1.0,1.0
38,155,12.0,12.0,1.0,0.0,1.0,0.0,1.0,0.0
39,155,5.665031441314226,9.034939840729066,0.0,1.0,1.0,1.0,1.0,1.0
0,160,8.671284805191316,6.613566167136484,0.0,1.0,0.0,1.0,0.0,1.0
1,160,10.550877189732176,11.653448929315518,1.0,0.0,1.0,1.0,1.0,1.0
2,160,9.600799030857331,10.30841744258476,0.0,0.0,0.0,0.0,0.0,0.0
3,160,11.243280481647576,5.752135658696966,0.0,0.0,1.0,0.0,0.0,0.0
4,160,12.0,7.927404473160509,0.0,0.0,1.0,0.0,1.0,0.0
5,160,7.545563013319297,7.312256132318604,1.0,1.0,0.0,0.0,0.0,0.0
6,160,4.839143605551044,6.8471107957280735,1.0,0.0,1.0,0.0,1.0,1.0
7,160,7.759497229254112,6.781934109378671,0.0,0.0,0.0,0.0,1.0,0.0
8,160,5.630759110590322,0.0,0.0,0.0,1.0,1.0,0.0,1.0
9,160,7.560491144743547,7.389828091647623,1.0,0.0,0.0,1.0,0.0,0.0
10,160,0.753057544482562,1.6973241089898314,0.0,1.0,1.0,0.0,0.0,0.0
11,160,5.414535274655139,3.9112605845535446,0.0,0.0,0.0,0.0,1.0,1.0
12,160,8.143168909513959,10.85385139043692,0.0,0.0,0.0,0.0,0.0,0.0
13,160,11.82753919673702,10.08337700751584,0.0,1.0,0.0,1.0,1.0,0.0
14,160,7.726683331474121,3.795070973831925,1.0,0.0,0.0,1.0,0.0,0.0
15,160,11.6725400899672,2.0137666325642924,0.0,0.0,0.0,0.0,1.0,0.0
16,160,9.956896367944648,0.0,1.0,0.0,0.0,0.0,1.0,0.0
17,160,5.387861603207026,5.020301117500943,1.0,0.0,0.0,1.0,0.0,0.0
18,160,11.6152204780488,11.297219077824636,0.0,0.0,0.0,0.0,0.0,0.0
19,160,5.416437621379344,1.5684910429204968,0.0,0.0,1.0,1.0,0.0,0.0
20,160,3.556056833545451,5.692344892045071,0.0,0.0,0.0,0.0,0.0,0.0
21,160,2.510347169526292,1.5316800110099558,0.0,0.0,0.0,0.0,1.0,1.0
22,160,11.843608702172196,0.0,0.0,0.0,0.0,0.0,0.0,0.0
23,160,0.0,3.069034901579402,0.0,1.0,1.0,1.0,0.0,1.0
24,160,0.7588317040603573,0.9215301351036648,1.0,1.0,1.0,1.0,0.0,0.0
25,160,6.844758463271382,8.300154926019905,0.0,1.0,0.0,0.0,1.0,1.0
26,160,12.0,0.4489985221615833,0.0,0.0,0.0,1.0,1.0,1.0
27,160,5.897555861640575,4.013303914172968,0.0,0.0,0.0,1.0,0.0,1.0
28,160,3.7902982999411736,2.3453343753014746,0.0,0.0,0.0,0.0,0.0,0.0
29,160,6.9028161999545965,5.769817121984806,1.0,0.0,0.0,0.0,0.0,0.0
30,160,6.624323350546944,4.687396074256563,1.0,1.0,0.0,0.0,1.0,1.0
31,160,0.5271927091274123,11.001857942930338,1.0,1.0,1.0,1.0,0.0,0.0
32,160,11.414238536428613,2.291495605726333,0.0,0.0,0.0,1.0,0.0,0.0
33,160,11.347417292458358,0.0,0.0,1.0,0.0,0.0,0.0,0.0
34,160,8.610184541576077,1.0261994105581298,0.0,1.0,0.0,0.0,1.0,0.0
35,160,7.4482308715779375,1.86646921562426,1.0,0.0,0.0,0.0,1.0,0.0
36,160,2.5727738294382068,12.0,0.0,1.0,1.0,0.0,1.0,1.0
37,160,3.038294249852176,0.4201054446826842,1.0,0.0,0.0,0.0,1.0,1.0
38,160,12.0,12.0,1.0,0.0,1.0,0.0,1.0,0.0
39,160,5.717996717531055,9.030812393622844,0.0,1.0,1.0,1.0,1.0,1.0
0,165,8.672148501039851,6.607193316334441,0.0,1.0,0.0,1.0,0.0,1.0
1,165,10.62709722303272,11.700102243569996,1.0,0.0,1.0,1.0,1.0,1.0
2,165,9.55692719367052,10.380999205325008,0.0,0.0,0.0,0.0,0.0,0.0
3,165,11.243876449097083,5.845978231701801,0.0,0.0,1.0,0.0,0.0,0.0
4,165,12.0,7.834210890820415,0.0,0.0,1.0,0.0,1.0,0.0
5,165,7.606061619177447,7.452169042082364,1.0,1.0,0.0,0.0,0.0,0.0
6,165,4.854655613864207,6.8342671810366165,1.0,0.0,1.0,0.0,1.0,1.0
7,165,7.722150070881001,6.844459933928567,0.0,0.0,0.0,0.0,1.0,0.0
8,165,5.583923346998038,0.0,0.0,0.0,1.0,1.0,0.0,1.0
9,165,7.5559499027893935,7.394196072761768,1.0,0.0,0.0,1.0,0.0,0.0
10,165,0.7379819895061551,1.5400736873496546,0.0,1.0,1.0,0.0,0.0,0.0
11,165,5.376961351931132,3.904062630502119,0.0,0.0,0.0,0.0,1.0,1.0
12,165,8.149276959048672,10.848600851211229,0.0,0.0,0.0,0.0,0.0,0.0
13,165,11.814042672519127,10.111474367225116,0.0,1.0,0.0,1.0,1.0,0.0
14,165,7.629124244678387,3.857773623730415,1.0,0.0,0.0,1.0,0.0,0.0
15,165,11.625627363578564,1.9779912480646529,0.0,0.0,0.0,0.0,1.0,0.0
16,165,9.89367587176658,0.0,1.0,0.0,0.0,0.0,1.0,0.0
17,165,5.402606825300058,5.020224761631992,1.0,0.0,0.0,1.0,0.0,0.0
18,165,11.543789351472212,11.240267947209544,0.0,0.0,0.0,0.0,0.0,0.0
19,165,5.339333699751079,1.4123180842111756,0.0,0.0,1.0,1.0,0.0,0.0
20,165,3.5814551167624207,5.533818058510664,0.0,0.0,0.0,0.0,0.0,0.0
21,165,2.513981165812704,1.538626610332758,0.0,0.0,0.0,0.0,1.0,1.0
22,165,11.86451236352395,0.0,0.0,0.0,0.0,0.0,0.0,0.0
23,165,0.0,3.1011851711697567,0.0,1.0,1.0,1.0,0.0,1.0
24,165,0.763451206172561,0.869142546054145,1.0,1.0,1.0,1.0,0.0,0.0
25,165,6.97344823239322,8.337192434188024,0.0,1.0,0.0,0.0,1.0,1.0
26,165,12.0,0.4132740565843927,0.0,0.0,0.0,1.0,1.0,1.0
27,165,5.896896666010539,4.0089957106258645,0.0,0.0,0.0,1.0,0.0,1.0
28,165,3.743800171199629,2.3625838645569197,0.0,0.0,0.0,0.0,0.0,0.0
29,165,6.908806653515548,5.781760453528292,1.0,0.0,0.0,0.0,0.0,0.0
30,165,6.572760794829391,4.74684218393164,1.0,1.0,0.0,0.0,1.0,1.0
31,165,0.5285057677710902,11.00419777797594,1.0,1.0,1.0,1.0,0.0,0.0
32,165,11.54855815615254,2.3265016157444407,0.0,0.0,0.0,1.0,0.0,0.0
33,165,11.326343087416657,0.0,0.0,1.0,0.0,0.0,0.0,0.0
34,165,8.595617154871888,1.026123713271459,0.0,1.0,0.0,0.0,1.0,0.0
35,165,7.257568275075706,1.8760547746746308,1.0,0.0,0.0,0.0,1.0,0.0
36,165,2.5151545141814373,12.0,0.0,1.0,1.0,0.0,1.0,1.0
37,165,3.093496805785615,0.4464410509067931,1.0,0.0,0.0,0.0,1.0,1.0
38,165,12.0,12.0,1.0,0.0,1.0,0.0,1.0,0.0
39,165,5.755433441245618,9.02771153639342,0.0,1.0,1.0,1.0,1.0,1.0
0,170,8.670535181899165,6.619579153487048,0.0,1.0,0.0,1.0,0.0,1.0
1,170,10.69965908216765,11.743718511453018,1.0,0.0,1.0,1.0,1.0,1.0
2,170,9.516569735470645,10.448475407488656,0.0,0.0,0.0,0.0,0.0,0.0
3,170,11.245153566914938,5.929240315310982,0.0,0.0,1.0,0.0,0.0,0.0
4,170,12.0,7.737748424598988,0.0,0.0,1.0,0.0,1.0,0.0
5,170,7.660222969013329,7.587629987674883,1.0,1.0,0.0,0.0,0.0,0.0
6,170,4.875835326439674,6.859863040414565,1.0,0.0,1.0,0.0,1.0,1.0
7,170,7.692579442565515,6.895882991401727,0.0,0.0,0.0,0.0,1.0,0.0
8,170,5.53798372167448,0.0,0.0,0.0,1.0,1.0,0.0,1.0
9,170,7.5528389862626915,7.397021558148802,1.0,0.0,0.0,1.0,0.0,0.0
10,170,0.7230385907326253,1.352842426915558,0.0,1.0,1.0,0.0,0.0,0.0
11,170,5.3267068525283285,3.8943397799759647,0.0,0.0,0.0,0.0,1.0,1.0
12,170,8.150636457673931,10.847330635241574,0.0,0.0,0.0,0.0,0.0,0.0
13,170,11.800028040674508,10.139595275344384,0.0,1.0,0.0,1.0,1.0,0.0
14,170,7.529425080906856,3.9198202328861225,1.0,0.0,0.0,1.0,0.0,0.0
15,170,11.609271296589656,1.96589070412059,0.0,0.0,0.0,0.0,1.0,0.0
16,170,9.81459430992611,0.0,1.0,0.0,0.0,0.0,1.0,0.0
17,170,5.428357611041086,5.020533094328807,1.0,0.0,0.0,1.0,0.0,0.0
18,170,11.464305607718808,11.180052575598609,0.0,0.0,0.0,0.0,0.0,0.0
19,170,5.265407348328024,1.2647228616933068,0.0,0.0,1.0,1.0,0.0,0.0
20,170,3.609011659600592,5.3734902051295865,0.0,0.0,0.0,0.0,0.0,0.0
21,170,2.5221736426732524,1.5538079886356884,0.0,0.0,0.0,0.0,1.0,1.0
22,170,11.880386046880812,0.0,0.0,0.0,0.0,0.0,0.0,0.0
23,170,0.0,3.13879716521891,0.0,1.0,1.0,1.0,0.0,1.0
24,170,0.7671674516277509,0.8389388941227932,1.0,1.0,1.0,1.0,0.0,0.0
25,170,7.099937069248624,8.370652658012043,0.0,1.0,0.0,0.0,1.0,1.0
26,170,12.0,0.3700375912284226,0.0,0.0,0.0,1.0,1.0,1.0
27,170,5.896723590225623,4.007884969674135,0.0,0.0,0.0,1.0,0.0,1.0
28,170,3.6946279011144,2.382597818288509,0.0,0.0,0.0,0.0,0.0,0.0
29,170,6.912167518074976,5.788643348649184,1.0,0.0,0.0,0.0,0.0,0.0
30,170,6.541087710957085,4.7833178534707566,1.0,1.0,0.0,0.0,1.0,1.0
31,170,0.5233285985067458,10.995496841648189,1.0,1.0,1.0,1.0,0.0,0.0
32,170,11.667628681842809,2.359467242372388,0.0,0.0,0.0,1.0,0.0,0.0
33,170,11.294169049823768,0.0,0.0,1.0,0.0,0.0,0.0,0.0
34,170,8.590534769686796,1.0258843980494556,0.0,1.0,0.0,0.0,1.0,0.0
35,170,7.058215326709144,1.8878791045030432,1.0,0.0,0.0,0.0,1.0,0.0
36,170,2.4609858947686654,12.0,0.0,1.0,1.0,0.0,1.0,1.0
37,170,3.1388441893961203,0.4684776134139885,1.0,0.0,0.0,0.0,1.0,1.0
38,170,12.0,12.0,1.0,0.0,1.0,0.0,1.0,0.0
39,170,5.810805946819297,9.02437414386466,0.0,1.0,1.0,1.0,1.0,1.0
0,175,8.667910475512224,6.637999910337252,0.0,1.0,0.0,1.0,0.0,1.0
1,175,10.783597948698745,11.7948719533501,1.0,0.0,1.0,1.0,1.0,1.0
2,175,9.47826500810138,10.51244612296143,0.0,0.0,0.0,0.0,0.0,0.0
3,175,11.247831733803013,6.004871041797258,0.0,0.0,1.0,0.0,0.0,0.0
4,175,12.0,7.670621485144681,0.0,0.0,1.0,0.0,1.0,0.0
5,175,7.723368988191981,7.735265197155151,1.0,1.0,0.0,0.0,0.0,0.0
6,175,4.882741279827532,6.86814786169657,1.0,0.0,1.0,0.0,1.0,1.0
7,175,7.668410997996385,6.941200275511252,0.0,0.0,0.0,0.0,1.0,0.0
8,175,5.496724464068663,0.0,0.0,0.0,1.0,1.0,0.0,1.0
9,175,7.561509105521421,7.389188265170712,1.0,0.0,0.0,1.0,0.0,0.0
10,175,0.7061089168564441,1.1444447644698512,0.0,1.0,1.0,0.0,0.0,0.0
11,175,5.282545435378923,3.886252459392568,0.0,0.0,0.0,0.0,1.0,1.0
12,175,8.179756607256179,10.820355759274094,0.0,0.0,0.0,0.0,0.0,0.0
13,175,11.783137834263476,10.173782825366072,0.0,1.0,0.0,1.0,1.0,0.0
14,175,7.430431157885835,3.983149447159761,1.0,0.0,0.0,1.0,0.0,0.0
15,175,11.588283449762208,1.9498249890889583,0.0,0.0,0.0,0.0,1.0,0.0
16,175,9.721682487832314,0.0,1.0,0.0,0.0,0.0,1.0,0.0
17,175,5.456262522022242,5.020523930263339,1.0,0.0,0.0,1.0,0.0,0.0
18,175,11.389728203036452,11.125085691214872,0.0,0.0,0.0,0.0,0.0,0.0
19,175,5.191597149556125,1.1273059173086342,0.0,0.0,1.0,1.0,0.0,0.0
20,175,3.64083881917484,5.197834654345123,0.0,0.0,0.0,0.0,0.0,0.0
21,175,2.534439582474085,1.5754601140337918,0.0,0.0,0.0,0.0,1.0,1.0
22,175,11.894021120540463,0.0,0.0,0.0,0.0,0.0,0.0,0.0
23,175,0.0409959149661731,3.334137910777161,0.0,1.0,1.0,1.0,0.0,1.0
24,175,0.7756035573227348,0.784191558814623,1.0,1.0,1.0,1.0,0.0,0.0
25,175,7.195030645733617,8.395702355322838,0.0,1.0,0.0,0.0,1.0,1.0
26,175,12.0,0.3275656119129591,0.0,0.0,0.0,1.0,1.0,1.0
27,175,5.896464315471088,4.006141980351464,0.0,0.0,0.0,1.0,0.0,1.0
28,175,3.636553031381845,2.4080899480911757,0.0,0.0,0.0,0.0,0.0,0.0
29,175,6.934107456214418,5.831754850264444,1.0,0.0,0.0,0.0,0.0,0.0
30,175,6.507939936425177,4.822431915830504,1.0,1.0,0.0,0.0,1.0,1.0
31,175,0.5161674960683731,10.98314960881839,1.0,1.0,1.0,1.0,0.0,0.0
32,175,11.78383955770569,2.3912003930259558,0.0,0.0,0.0,1.0,0.0,0.0
33,175,11.280094175610255,0.0,0.0,1.0,0.0,0.0,0.0,0.0
34,175,8.580134604578204,1.0255115525219607,0.0,1.0,0.0,0.0,1.0,0.0
35,175,6.845741789685221,1.8902136357074304,1.0,0.0,0.0,0.0,1.0,0.0
36,175,2.3975739137192136,12.0,0.0,1.0,1.0,0.0,1.0,1.0
37,175,3.176837687357777,0.4849966989298467,1.0,0.0,0.0,0.0,1.0,1.0
38,175,12.0,12.0,1.0,0.0,1.0,0.0,1.0,0.0
39,175,5.833748812315814,9.022885980036945,0.0,1.0,1.0,1.0,1.0,1.0
0,180,8.666481600664126,6.649322563360834,0.0,1.0,0.0,1.0,0.0,1.0
1,180,10.865640516025971,11.844084968542676,1.0,0.0,1.0,1.0,1.0,1.0
2,180,9.435219378952606,10.583282969687817,0.0,0.0,0.0,0.0,0.0,0.0
3,180,11.248906785960363,6.083780766153228,0.0,0.0,1.0,0.0,0.0,0.0
4,180,12.0,7.58793714194119,0.0,0.0,1.0,0.0,1.0,0.0
5,180,7.77191003865917,7.853000706607157,1.0,1.0,0.0,0.0,0.0,0.0
6,180,4.872908783518157,6.856501609411335,1.0,0.0,1.0,0.0,1.0,1.0
7,180,7.644899437570137,6.981900679182232,0.0,0.0,0.0,0.0,1.0,0.0
8,180,5.4549187242222725,0.0,0.0,0.0,1.0,1.0,0.0,1.0
9,180,7.574338744996838,7.377461833122003,1.0,0.0,0.0,1.0,0.0,0.0
10,180,0.6894649372401647,0.9349320073289484,0.0,1.0,1.0,0.0,0.0,0.0
11,180,5.219057428929691,3.875346395937016,0.0,0.0,0.0,0.0,1.0,1.0
12,180,8.229176023985685,10.775138909286186,0.0,0.0,0.0,0.0,0.0,0.0
13,180,11.770028685947867,10.198656139859184,0.0,1.0,0.0,1.0,1.0,0.0
14,180,7.320248948869958,4.050473115017417,1.0,0.0,0.0,1.0,0.0,0.0
15,180,11.569817238403008,1.9357335652958567,0.0,0.0,0.0,0.0,1.0,0.0
16,180,9.634130869043169,0.0,1.0,0.0,0.0,0.0,1.0,0.0
17,180,5.50419844871023,5.020824583161362,1.0,0.0,0.0,1.0,0.0,0.0
18,180,11.310433617999283,11.065409717994395,0.0,0.0,0.0,0.0,0.0,0.0
19,180,5.128340409323625,1.00269467598187,0.0,0.0,1.0,1.0,0.0,0.0
20,180,3.675083123334976,5.008458525428212,0.0,0.0,0.0,0.0,0.0,0.0
21,180,2.5494359660450625,1.6039655264901789,0.0,0.0,0.0,0.0,1.0,1.0
22,180,11.90227320530128,0.0,0.0,0.0,0.0,0.0,0.0,0.0
23,180,0.0696326133920327,3.5080867038477788,0.0,1.0,1.0,1.0,0.0,1.0
24,180,0.7836596721709774,0.736862137847996,1.0,1.0,1.0,1.0,0.0,0.0
25,180,7.289897240624593,8.418253775708328,0.0,1.0,0.0,0.0,1.0,1.0
26,180,12.0,0.3123152710767565,0.0,0.0,0.0,1.0,1.0,1.0
27,180,5.894908664030494,3.9948127109661353,0.0,0.0,0.0,1.0,0.0,1.0
28,180,3.5748736038007283,2.434374132363474,0.0,0.0,0.0,0.0,0.0,0.0
29,180,6.946428685098793,5.856641840029721,1.0,0.0,0.0,0.0,0.0,0.0
30,180,6.478380750188022,4.856742609443894,1.0,1.0,0.0,0.0,1.0,1.0
31,180,0.4975096793577641,10.952512072262364,1.0,1.0,1.0,1.0,0.0,0.0
32,180,11.892014943259356,2.4206808344942203,0.0,0.0,0.0,1.0,0.0,0.0
33,180,11.260065436356468,0.0,0.0,1.0,0.0,0.0,0.0,0.0
34,180,8.578042068977037,1.0254574437715107,0.0,1.0,0.0,0.0,1.0,0.0
35,180,6.639150046835809,1.889405626767308,1.0,0.0,0.0,0.0,1.0,0.0
36,180,2.331695905862756,12.0,0.0,1.0,1.0,0.0,1.0,1.0
37,180,3.2324425495117115,0.5071767210930148,1.0,0.0,0.0,0.0,1.0,1.0
38,180,12.0,12.0,1.0,0.0,1.0,0.0,1.0,0.0
39,180,5.853344304541513,9.021956003124869,0.0,1.0,1.0,1.0,1.0,1.0
0,185,8.664703020636672,6.667100014361578,0.0,1.0,0.0,1.0,0.0,1.0
1,185,10.947190540360856,11.89153761708733,1.0,0.0,1.0,1.0,1.0,1.0
2,185,9.388480733218591,10.655026415029113,0.0,0.0,0.0,0.0,0.0,0.0
3,185,11.249237869277106,6.155470451310531,0.0,0.0,1.0,0.0,0.0,0.0
4,185,12.0,7.51761368415382,0.0,0.0,1.0,0.0,1.0,0.0
5,185,7.81096739676814,7.948833464140963,1.0,1.0,0.0,0.0,0.0,0.0
6,185,4.859673061825355,6.841090926294893,1.0,0.0,1.0,0.0,1.0,1.0
7,185,7.621833175187723,7.020729216112326,0.0,0.0,0.0,0.0,1.0,0.0
8,185,5.40379348672498,0.0,0.0,0.0,1.0,1.0,0.0,1.0
9,185,7.590664709162947,7.362716457600189,1.0,0.0,0.0,1.0,0.0,0.0
10,185,0.6740920223147852,0.7360074537392636,0.0,1.0,1.0,0.0,0.0,0.0
11,185,5.139284072225008,3.86260154625618,0.0,0.0,0.0,0.0,1.0,1.0
12,185,8.28452687528859,10.726470956151006,0.0,0.0,0.0,0.0,0.0,0.0
13,185,11.756724520452671,10.22339048899894,0.0,1.0,0.0,1.0,1.0,0.0
14,185,7.191017213033376,4.12565341669701,1.0,0.0,0.0,1.0,0.0,0.0
15,185,11.544530817071683,1.9162667603069097,0.0,0.0,0.0,0.0,1.0,0.0
16,185,9.518352998282534,0.0,1.0,0.0,0.0,0.0,1.0,0.0
17,185,5.563178427575991,5.020270544359958,1.0,0.0,0.0,1.0,0.0,0.0
18,185,11.22463339331343,10.9998032321938,0.0,0.0,0.0,0.0,0.0,0.0
19,185,5.056163769878631,0.861281008272556,0.0,0.0,1.0,1.0,0.0,0.0
20,185,3.7088298297173554,4.825749401052081,0.0,0.0,0.0,0.0,0.0,0.0
21,185,2.5664553130571046,1.6399878736739977,0.0,0.0,0.0,0.0,1.0,1.0
22,185,11.902960319422956,0.0,0.0,0.0,0.0,0.0,0.0,0.0
23,185,0.0982854522649537,3.694778488037932,0.0,1.0,1.0,1.0,0.0,1.0
24,185,0.7929301568366461,0.6777547845811537,1.0,1.0,1.0,1.0,0.0,0.0
25,185,7.391427302645353,8.445429291472454,0.0,1.0,0.0,0.0,1.0,1.0
26,185,12.0,0.3043518282617569,0.0,0.0,0.0,1.0,1.0,1.0
27,185,5.892503420788808,3.977113408441061,0.0,0.0,0.0,1.0,0.0,1.0
28,185,3.513010065808167,2.46049417587117,0.0,0.0,0.0,0.0,0.0,0.0
29,185,6.94923729707668,5.862207076645836,1.0,0.0,0.0,0.0,0.0,0.0
30,185,6.456096664763334,4.881657545325876,1.0,1.0,0.0,0.0,1.0,1.0
31,185,0.4744808327082419,10.91362900790488,1.0,1.0,1.0,1.0,0.0,0.0
32,185,11.999302859237051,2.449502811302437,0.0,0.0,0.0,1.0,0.0,0.0
33,185,11.229127392397118,0.0,0.0,1.0,0.0,0.0,0.0,0.0
34,185,8.583809951225115,1.0255635326665586,0.0,1.0,0.0,0.0,1.0,0.0
35,185,6.422302335649642,1.8940625852242945,1.0,0.0,0.0,0.0,1.0,0.0
36,185,2.2602709287341978,12.0,0.0,1.0,1.0,0.0,1.0,1.0
37,185,3.268447658012999,0.5211326498440524,1.0,0.0,0.0,0.0,1.0,1.0
38,185,12.0,12.0,1.0,0.0,1.0,0.0,1.0,0.0
39,185,5.862800682720519,9.021568128640292,0.0,1.0,1.0,1.0,1.0,1.0
0,190,8.664921486889007,6.66537120649377,0.0,1.0,0.0,1.0,0.0,1.0
1,190,11.024512215032068,11.939488820341012,1.0,0.0,1.0,1.0,1.0,1.0
2,190,9.33436855351468,10.740232617559563,0.0,0.0,0.0,0.0,0.0,0.0
3,190,11.248545603604548,6.244866178555727,0.0,0.0,1.0,0.0,0.0,0.0
4,190,12.0,7.437096332872082,0.0,0.0,1.0,0.0,1.0,0.0
5,190,7.849358803613422,8.040892619670686,1.0,1.0,0.0,0.0,0.0,0.0
6,190,4.823802202136125,6.7998319537403,1.0,0.0,1.0,0.0,1.0,1.0
7,190,7.592648791484745,7.071988067034198,0.0,0.0,0.0,0.0,1.0,0.0
8,190,5.355936902254973,0.0,0.0,0.0,1.0,1.0,0.0,1.0
9,190,7.597589315037955,7.356758758049159,1.0,0.0,0.0,1.0,0.0,0.0
10,190,0.6621271466688817,0.517096274216481,0.0,1.0,1.0,0.0,0.0,0.0
11,190,5.075445013368141,3.852759410843001,0.0,0.0,0.0,0.0,1.0,1.0
12,190,8.3394327608123,10.678764720487823,0.0,0.0,0.0,0.0,0.0,0.0
13,190,11.745109866959524,10.244722311359366,0.0,1.0,0.0,1.0,1.0,0.0
14,190,7.074443256906023,4.194175348784162,1.0,0.0,0.0,1.0,0.0,0.0
15,190,11.527414603434062,1.9029078136149271,0.0,0.0,0.0,0.0,1.0,0.0
16,190,9.410676266724847,0.0,1.0,0.0,0.0,0.0,1.0,0.0
17,190,5.623571048692077,5.018887533096886,1.0,0.0,0.0,1.0,0.0,0.0
18,190,11.164784332730948,10.955482278205867,0.0,0.0,0.0,0.0,0.0,0.0
19,190,4.983251554982748,0.7123858725377334,0.0,0.0,1.0,1.0,0.0,0.0
20,190,3.732672006031991,4.652503376422748,0.0,0.0,0.0,0.0,0.0,0.0
21,190,2.5964717790964795,1.7031895665540508,0.0,0.0,0.0,0.0,1.0,1.0
22,190,11.899172498405576,0.0108041971184363,0.0,0.0,0.0,0.0,0.0,0.0
23,190,0.123355477825055,3.881773238989751,0.0,1.0,1.0,1.0,0.0,1.0
24,190,0.7987185170830579,0.6437101600009502,1.0,1.0,1.0,1.0,0.0,0.0
25,190,7.493678462296606,8.47125358115652,0.0,1.0,0.0,0.0,1.0,1.0
26,190,12.0,0.2946715405871896,0.0,0.0,0.0,1.0,1.0,1.0
27,190,5.888886333156422,3.9521731758592376,0.0,0.0,0.0,1.0,0.0,1.0
28,190,3.4545865871974257,2.4863036819179025,0.0,0.0,0.0,0.0,0.0,0.0
29,190,6.95799832794647,5.880513763186708,1.0,0.0,0.0,0.0,0.0,0.0
30,190,6.436671760332953,4.903731925728319,1.0,1.0,0.0,0.0,1.0,1.0
31,190,0.4494048309740655,10.87273899749334,1.0,1.0,1.0,1.0,0.0,0.0
32,190,12.0,2.475393123891266,0.0,0.0,0.0,1.0,0.0,0.0
33,190,11.17872196156266,0.0,0.0,1.0,0.0,0.0,0.0,0.0
34,190,8.56162323546068,1.0246968763606517,0.0,1.0,0.0,0.0,1.0,0.0
35,190,6.192980910815439,1.8974493544501296,1.0,0.0,0.0,0.0,1.0,0.0
36,190,2.2019017243938874,12.0,0.0,1.0,1.0,0.0,1.0,1.0
37,190,3.2856830515571924,0.5274454790677774,1.0,0.0,0.0,0.0,1.0,1.0
38,190,12.0,12.0,1.0,0.0,1.0,0.0,1.0,0.0
39,190,5.856044352568252,9.021855861181646,0.0,1.0,1.0,1.0,1.0,1.0
0,195,8.665370828425448,6.661575534481538,0.0,1.0,0.0,1.0,0.0,1.0
1,195,11.098324047538572,11.985277093115736,1.0,0.0,1.0,1.0,1.0,1.0
2,195,9.28498399462199,10.81650604314234,0.0,0.0,0.0,0.0,0.0,0.0
3,195,11.247227817939663,6.346070192948033,0.0,0.0,1.0,0.0,0.0,0.0
4,195,12.0,7.347421365508788,0.0,0.0,1.0,0.0,1.0,0.0
5,195,7.884454052531312,8.121807803573585,1.0,1.0,0.0,0.0,0.0,0.0
6,195,4.792908943629665,6.764340249999728,1.0,0.0,1.0,0.0,1.0,1.0
7,195,7.564062170313196,7.1227772635409,0.0,0.0,0.0,0.0,1.0,0.0
8,195,5.299064788931337,0.0,0.0,0.0,1.0,1.0,0.0,1.0
9,195,7.617541492070652,7.339981790018305,1.0,0.0,0.0,1.0,0.0,0.0
10,195,0.6526998759040955,0.275314087353971,0.0,1.0,1.0,0.0,0.0,0.0
11,195,5.015761381015111,3.8439876772747055,0.0,0.0,0.0,0.0,1.0,1.0
12,195,8.396071925444343,10.628587117674174,0.0,0.0,0.0,0.0,0.0,0.0
13,195,11.739697691435923,10.25461751234818,0.0,1.0,0.0,1.0,1.0,0.0
14,195,6.966340185621212,4.252545444269899,1.0,0.0,0.0,1.0,0.0,0.0
15,195,11.504756003686484,1.8861767479500948,0.0,0.0,0.0,0.0,1.0,0.0
16,195,9.307828300269474,0.0,1.0,0.0,0.0,0.0,1.0,0.0
17,195,5.67874602000766,5.016251642402355,1.0,0.0,0.0,1.0,0.0,0.0
18,195,11.118863146974752,10.921577919033846,0.0,0.0,0.0,0.0,0.0,0.0
19,195,4.914144177738691,0.5693555580776488,0.0,0.0,1.0,1.0,0.0,0.0
20,195,3.761247664219538,4.451773902936999,0.0,0.0,0.0,0.0,0.0,0.0
21,195,2.622861093435581,1.76400267395135,0.0,0.0,0.0,0.0,1.0,1.0
22,195,11.89653889007289,0.018201271612896,0.0,0.0,0.0,0.0,0.0,0.0
23,195,0.1486400678876812,4.05549766668141,0.0,1.0,1.0,1.0,0.0,1.0
24,195,0.8065259048798501,0.6007916148002873,1.0,1.0,1.0,1.0,0.0,0.0
25,195,7.588154909692815,8.496071412307815,0.0,1.0,0.0,0.0,1.0,1.0
26,195,12.0,0.2887597072402115,0.0,0.0,0.0,1.0,1.0,1.0
27,195,5.889332842574595,3.9552347490086297,0.0,0.0,0.0,1.0,0.0,1.0
28,195,3.4060796015279795,2.50789489027625,0.0,0.0,0.0,0.0,0.0,0.0
29,195,6.963784691723176,5.892977402006182,1.0,0.0,0.0,0.0,0.0,0.0
30,195,6.404922207299815,4.939025541212017,1.0,1.0,0.0,0.0,1.0,1.0
31,195,0.4142935792039791,10.813975843802842,1.0,1.0,1.0,1.0,0.0,0.0
32,195,12.0,2.4987950011101203,0.0,0.0,0.0,1.0,0.0,0.0
33,195,11.12799414912344,0.0,0.0,1.0,0.0,0.0,0.0,0.0
34,195,8.539386246161513,1.0238178116167274,0.0,1.0,0.0,0.0,1.0,0.0
35,195,5.962036661501032,1.8969870189189444,1.0,0.0,0.0,0.0,1.0,0.0
36,195,2.1437466334696293,12.0,0.0,1.0,1.0,0.0,1.0,1.0
37,195,3.3051051130722464,0.5346362315054102,1.0,0.0,0.0,0.0,1.0,1.0
38,195,12.0,12.0,1.0,0.0,1.0,0.0,1.0,0.0
39,195,5.862365872278248,9.02149163889862,0.0,1.0,1.0,1.0,1.0,1.0
0,200,8.665446540372228,6.660979432284202,0.0,1.0,0.0,1.0,0.0,1.0
1,200,11.190849337664323,12.0,1.0,0.0,1.0,1.0,1.0,1.0
2,200,9.240356369707191,10.891473591565578,0.0,0.0,0.0,0.0,0.0,0.0
3,200,11.246996308838558,6.453034213321378,0.0,0.0,1.0,0.0,0.0,0.0
4,200,12.0,7.274742489874223,0.0,0.0,1.0,0.0,1.0,0.0
5,200,7.921774706301799,8.205603458942981,1.0,1.0,0.0,0.0,0.0,0.0
6,200,4.763179953676392,6.731710025960867,1.0,0.0,1.0,0.0,1.0,1.0
7,200,7.535440920610097,7.172958971297073,0.0,0.0,0.0,0.0,1.0,0.0
8,200,5.240626018347359,0.0,0.0,0.0,1.0,1.0,0.0,1.0
9,200,7.65066940929693,7.311001493864177,1.0,0.0,0.0,1.0,0.0,0.0
10,200,0.6461747586755371,0.0335763140127083,0.0,1.0,1.0,0.0,0.0,0.0
11,200,4.972689739596112,3.836689573562437,0.0,0.0,0.0,0.0,1.0,1.0
12,200,8.434987331271227,10.594112775726106,0.0,0.0,0.0,0.0,0.0,0.0
13,200,11.726473190034282,10.27955708411516,0.0,1.0,0.0,1.0,1.0,0.0
14,200,6.834193647326394,4.322622491563988,1.0,0.0,0.0,1.0,0.0,0.0
15,200,11.464348127650142,1.856670197026397,0.0,0.0,0.0,0.0,1.0,0.0
16,200,9.201037609062968,0.0,1.0,0.0,0.0,0.0,1.0,0.0
17,200,5.734817970500934,5.012766950256204,1.0,0.0,0.0,1.0,0.0,0.0
18,200,11.070267147041424,10.885858475349606,0.0,0.0,0.0,0.0,0.0,0.0
19,200,4.843129886062448,0.4344394700885166,0.0,0.0,1.0,1.0,0.0,0.0
20,200,3.7908292829357215,4.246083781819336,0.0,0.0,0.0,0.0,0.0,0.0
21,200,2.660471675609282,1.8439549053207505,0.0,0.0,0.0,0.0,1.0,1.0
22,200,11.895809862634929,0.0203269106377298,0.0,0.0,0.0,0.0,0.0,0.0
23,200,0.176280954939463,4.248909572560614,0.0,1.0,1.0,1.0,0.0,1.0
24,200,0.8144058788990431,0.5537379572796254,1.0,1.0,1.0,1.0,0.0,0.0
25,200,7.660227074160723,8.51481642751138,0.0,1.0,0.0,0.0,1.0,1.0
26,200,11.990026244386106,0.2961945031603667,0.0,0.0,0.0,1.0,1.0,1.0
27,200,5.8914516224896,3.970672986695301,0.0,0.0,0.0,1.0,0.0,1.0
28,200,3.3526127848812064,2.5335119506411834,0.0,0.0,0.0,0.0,0.0,0.0
29,200,6.966833057078861,5.898948580681112,1.0,0.0,0.0,0.0,0.0,0.0
30,200,6.37916462304859,4.967439605148297,1.0,1.0,0.0,0.0,1.0,1.0
31,200,0.3916630508804243,10.772288036677482,1.0,1.0,1.0,1.0,0.0,0.0
32,200,12.0,2.5208533654708662,0.0,0.0,0.0,1.0,0.0,0.0
33,200,11.078682223733232,0.0,0.0,1.0,0.0,0.0,0.0,0.0
34,200,8.521580077009217,1.0227043612153508,0.0,1.0,0.0,0.0,1.0,0.0
35,200,5.712214315704111,1.8976468732651612,1.0,0.0,0.0,0.0,1.0,0.0
36,200,2.0835554209672043,12.0,0.0,1.0,1.0,0.0,1.0,1.0
37,200,3.3133503579697434,0.5374983545262578,1.0,0.0,0.0,0.0,1.0,1.0
38,200,12.0,12.0,1.0,0.0,1.0,0.0,1.0,0.0
39,200,5.86853552250495,9.021060268495852,0.0,1.0,1.0,1.0,1.0,1.0
0,205,8.663275428576497,6.675443677254869,0.0,1.0,0.0,1.0,0.0,1.0
1,205,11.279903321773508,12.0,1.0,0.0,1.0,1.0,1.0,1.0
2,205,9.179269358160914,10.997280729304345,0.0,0.0,0.0,0.0,0.0,0.0
3,205,11.246787754874315,6.557956426960234,0.0,0.0,1.0,0.0,0.0,0.0
4,205,12.0,7.194420182801495,0.0,0.0,1.0,0.0,1.0,0.0
5,205,7.9510641712265615,8.271428804876717,1.0,1.0,0.0,0.0,0.0,0.0
6,205,4.728382295973722,6.693562729161021,1.0,0.0,1.0,0.0,1.0,1.0
7,205,7.50840028384984,7.219201774712108,0.0,0.0,0.0,0.0,1.0,0.0
8,205,5.169354194579529,0.0,0.0,0.0,1.0,1.0,0.0,1.0
9,205,7.675404728287831,7.288576342128368,1.0,0.0,0.0,1.0,0.0,0.0
10,205,0.6371424349157698,0.0,0.0,1.0,1.0,0.0,0.0,0.0
11,205,4.919778024979623,3.828254876919415,0.0,0.0,0.0,0.0,1.0,1.0
12,205,8.46429182213284,10.5676771377067,0.0,0.0,0.0,0.0,0.0,0.0
13,205,11.716625237533734,10.298356228596202,0.0,1.0,0.0,1.0,1.0,0.0
14,205,6.707538732954809,4.388436851094913,1.0,0.0,0.0,1.0,0.0,0.0
15,205,11.4282887403464,1.8300607342413049,0.0,0.0,0.0,0.0,1.0,0.0
16,205,9.099831063790823,0.0,1.0,0.0,0.0,0.0,1.0,0.0
17,205,5.802278023905428,5.009741298037091,1.0,0.0,0.0,1.0,0.0,0.0
18,205,11.030141891331574,10.857211525834783,0.0,0.0,0.0,0.0,0.0,0.0
19,205,4.771945259166823,0.291971752204772,0.0,0.0,1.0,1.0,0.0,0.0
20,205,3.821939395331286,4.041761292696524,0.0,0.0,0.0,0.0,0.0,0.0
21,205,2.703717371913261,1.9361330489989816,0.0,0.0,0.0,0.0,1.0,1.0
22,205,11.89381504072534,0.0258251378862527,0.0,0.0,0.0,0.0,0.0,0.0
23,205,0.1979223119467545,4.426680452252095,0.0,1.0,1.0,1.0,0.0,1.0
24,205,0.8242667946585122,0.4924940381045609,1.0,1.0,1.0,1.0,0.0,0.0
25,205,7.7269794429545025,8.532474606259845,0.0,1.0,0.0,0.0,1.0,1.0
26,205,11.980053182619796,0.3033979503721571,0.0,0.0,0.0,1.0,1.0,1.0
27,205,5.891758003034395,3.972925615985459,0.0,0.0,0.0,1.0,0.0,1.0
28,205,3.2754172328970883,2.571613991405384,0.0,0.0,0.0,0.0,0.0,0.0
29,205,6.964848638838172,5.8950627236072,1.0,0.0,0.0,0.0,0.0,0.0
30,205,6.3475979910885965,5.002668999927828,1.0,1.0,0.0,0.0,1.0,1.0
31,205,0.3741321230444661,10.74169915571979,1.0,1.0,1.0,1.0,0.0,0.0
32,205,12.0,2.5405161412217923,0.0,0.0,0.0,1.0,0.0,0.0
33,205,11.038300735613536,0.0,0.0,1.0,0.0,0.0,0.0,0.0
34,205,8.530316936147821,1.0232637214156095,0.0,1.0,0.0,0.0,1.0,0.0
35,205,5.470630416778202,1.9001840443528093,1.0,0.0,0.0,0.0,1.0,0.0
36,205,2.0288522803860016,12.0,0.0,1.0,1.0,0.0,1.0,1.0
37,205,3.3241770203636065,0.5412085859457452,1.0,0.0,0.0,0.0,1.0,1.0
38,205,12.0,12.0,1.0,0.0,1.0,0.0,1.0,0.0
39,205,5.8661777301373474,9.021275724945689,0.0,1.0,1.0,1.0,1.0,1.0
0,210,8.6583955350277,6.703004265093514,0.0,1.0,0.0,1.0,0.0,1.0
1,210,11.37658408679046,12.0,1.0,0.0,1.0,1.0,1.0,1.0
2,210,9.11923342799149,11.099813028486617,0.0,0.0,0.0,0.0,0.0,0.0
3,210,11.246499510766563,6.652319984526658,0.0,0.0,1.0,0.0,0.0,0.0
4,210,12.0,7.114392084017223,0.0,0.0,1.0,0.0,1.0,0.0
5,210,7.978149969085005,8.32984775441075,1.0,1.0,0.0,0.0,0.0,0.0
6,210,4.688855708849935,6.6516403884467215,1.0,0.0,1.0,0.0,1.0,1.0
7,210,7.477195307215073,7.270737390337608,0.0,0.0,0.0,0.0,1.0,0.0
8,210,5.110371202729399,0.0,0.0,0.0,1.0,1.0,0.0,1.0
9,210,7.686281075696042,7.278778222035175,1.0,0.0,0.0,1.0,0.0,0.0
10,210,0.8439826445513344,0.0,0.0,1.0,1.0,0.0,0.0,0.0
11,210,4.867615138231297,3.819540651284018,0.0,0.0,0.0,0.0,1.0,1.0
12,210,8.485018362671028,10.547990804587176,0.0,0.0,0.0,0.0,0.0,0.0
13,210,11.71388187974848,10.30332987817128,0.0,1.0,0.0,1.0,1.0,0.0
14,210,6.570558511393566,4.459489545451283,1.0,0.0,0.0,1.0,0.0,0.0
15,210,11.377076167086017,1.793931983121795,0.0,0.0,0.0,0.0,1.0,0.0
16,210,9.014465677139006,0.0,1.0,0.0,0.0,0.0,1.0,0.0
17,210,5.885356264896516,5.002275398847138,1.0,0.0,0.0,1.0,0.0,0.0
18,210,10.986465297331105,10.828127517831016,0.0,0.0,0.0,0.0,0.0,0.0
19,210,4.704455509914715,0.1714928928481464,0.0,0.0,1.0,1.0,0.0,0.0
20,210,3.852909223779092,3.81312235892938,0.0,0.0,0.0,0.0,0.0,0.0
21,210,2.743273275239982,2.0227122074805304,0.0,0.0,0.0,0.0,1.0,1.0
22,210,11.90223999072932,0.0029349358221785,0.0,0.0,0.0,0.0,0.0,0.0
23,210,0.217840154268584,4.611145628493695,0.0,1.0,1.0,1.0,0.0,1.0
24,210,0.834256827911905,0.4339419839495086,1.0,1.0,1.0,1.0,0.0,0.0
25,210,7.813232204820452,8.551800455968053,0.0,1.0,0.0,0.0,1.0,1.0
26,210,11.965136539649304,0.3140395161301359,0.0,0.0,0.0,1.0,1.0,1.0
27,210,5.888612811270589,3.951165338767172,0.0,0.0,0.0,1.0,0.0,1.0
28,210,3.193356737645414,2.611367135978463,0.0,0.0,0.0,0.0,0.0,0.0
29,210,6.963204673060572,5.891789118150797,1.0,0.0,0.0,0.0,0.0,0.0
30,210,6.310837736369948,5.045406943985684,1.0,1.0,0.0,0.0,1.0,1.0
31,210,0.3464348098902589,10.697772863500456,1.0,1.0,1.0,1.0,0.0,0.0
32,210,12.0,2.5686147536734416,0.0,0.0,0.0,1.0,0.0,0.0
33,210,10.996830294777237,0.0,0.0,1.0,0.0,0.0,0.0,0.0
34,210,8.559756416609043,1.0241158915178763,0.0,1.0,0.0,0.0,1.0,0.0
35,210,5.240065455491711,1.8981786224618404,1.0,0.0,0.0,0.0,1.0,0.0
36,210,1.9626241686285175,12.0,0.0,1.0,1.0,0.0,1.0,1.0
37,210,3.3173689909181245,0.5609657410227714,1.0,0.0,0.0,0.0,1.0,1.0
38,210,12.0,12.0,1.0,0.0,1.0,0.0,1.0,0.0
39,210,5.854901904564877,9.022448549868717,0.0,1.0,1.0,1.0,1.0,1.0
0,215,8.6512824351768,6.742455572732617,0.0,1.0,0.0,1.0,0.0,1.0
1,215,11.478249762219304,12.0,1.0,0.0,1.0,1.0,1.0,1.0
2,215,9.0627800262814,11.195693975291077,0.0,0.0,0.0,0.0,0.0,0.0
3,215,11.250455824140364,6.758450337743706,0.0,0.0,1.0,0.0,0.0,0.0
4,215,12.0,7.014021163529982,0.0,0.0,1.0,0.0,1.0,0.0
5,215,8.009589176396984,8.391509805847637,1.0,1.0,0.0,0.0,0.0,0.0
6,215,4.646608148564316,6.605920087203882,1.0,0.0,1.0,0.0,1.0,1.0
7,215,7.447530878654162,7.320268146281982,0.0,0.0,0.0,0.0,1.0,0.0
8,215,5.05748814690807,0.0,0.0,0.0,1.0,1.0,0.0,1.0
9,215,7.704443532147732,7.262450255799752,1.0,0.0,0.0,1.0,0.0,0.0
10,215,1.067250073884256,0.0,0.0,1.0,1.0,0.0,0.0,0.0
11,215,4.826725530040751,3.811602467427682,0.0,0.0,0.0,0.0,1.0,1.0
12,215,8.516039507867411,10.519395979294162,0.0,0.0,0.0,0.0,0.0,0.0
13,215,11.718399851798086,10.29489369231538,0.0,1.0,0.0,1.0,1.0,0.0
14,215,6.450315066879682,4.529001580801301,1.0,0.0,0.0,1.0,0.0,0.0
15,215,11.332480060609022,1.7618387486015226,0.0,0.0,0.0,0.0,1.0,0.0
16,215,8.929425838519782,0.0,1.0,0.0,0.0,0.0,1.0,0.0
17,215,5.983575117581327,4.994271517823259,1.0,0.0,0.0,1.0,0.0,0.0
18,215,10.938989188707955,10.79654461641931,0.0,0.0,0.0,0.0,0.0,0.0
19,215,4.629582653031868,0.0389649929787065,0.0,0.0,1.0,1.0,0.0,0.0
20,215,3.881656886300088,3.583945326404185,0.0,0.0,0.0,0.0,0.0,0.0
21,215,2.7880262389935733,2.118355343208802,0.0,0.0,0.0,0.0,1.0,1.0
22,215,11.885893844687564,0.0,0.0,0.0,0.0,0.0,0.0,0.0
23,215,0.2389661202611164,4.762161339356945,0.0,1.0,1.0,1.0,0.0,1.0
24,215,0.8480509929591045,0.3533231046681082,1.0,1.0,1.0,1.0,0.0,0.0
25,215,7.899123686308142,8.574837954423241,0.0,1.0,0.0,0.0,1.0,1.0
26,215,11.953106644933872,0.322557600350177,0.0,0.0,0.0,1.0,1.0,1.0
27,215,5.88641414830912,3.935027635035178,0.0,0.0,0.0,1.0,0.0,1.0
28,215,3.120833266321817,2.6456205440186253,0.0,0.0,0.0,0.0,0.0,0.0
29,215,6.960193450444713,5.885700254129489,1.0,0.0,0.0,0.0,0.0,0.0
30,215,6.29339782671293,5.065224776717886,1.0,1.0,0.0,0.0,1.0,1.0
31,215,0.3153001947727248,10.6459194892892,1.0,1.0,1.0,1.0,0.0,0.0
32,215,12.0,2.6000414199024315,0.0,0.0,0.0,1.0,0.0,0.0
33,215,10.962738348795552,0.0,0.0,1.0,0.0,0.0,0.0,0.0
34,215,8.587947055711181,1.025295282039972,0.0,1.0,0.0,0.0,1.0,0.0
35,215,4.982122354543277,1.8986922720994253,1.0,0.0,0.0,0.0,1.0,0.0
36,215,1.896714385068625,12.0,0.0,1.0,1.0,0.0,1.0,1.0
37,215,3.3092721013229145,0.5840427190909058,1.0,0.0,0.0,0.0,1.0,1.0
38,215,12.0,12.0,1.0,0.0,1.0,0.0,1.0,0.0
39,215,5.858629256353045,9.022012649840708,0.0,1.0,1.0,1.0,1.0,1.0
0,220,8.64544323265686,6.77991314850527,0.0,1.0,0.0,1.0,0.0,1.0
1,220,11.596677041252583,12.0,1.0,0.0,1.0,1.0,1.0,1.0
2,220,9.013675626283526,11.275634594162357,0.0,0.0,0.0,0.0,0.0,0.0
3,220,11.25555481341392,6.868956007765769,0.0,0.0,1.0,0.0,0.0,0.0
4,220,12.0,6.941276171472556,0.0,0.0,1.0,0.0,1.0,0.0
5,220,8.0502041580189,8.476210176508896,1.0,1.0,0.0,0.0,0.0,0.0
6,220,4.600487459425612,6.5589801570400175,1.0,0.0,1.0,0.0,1.0,1.0
7,220,7.424015996342723,7.363944277930432,0.0,0.0,0.0,0.0,1.0,0.0
8,220,5.005795805829544,0.0,0.0,0.0,1.0,1.0,0.0,1.0
9,220,7.690598878309125,7.246805959469818,1.0,0.0,0.0,1.0,0.0,0.0
10,220,1.295301558704724,0.0,0.0,1.0,1.0,0.0,0.0,0.0
11,220,4.774418113246679,3.800796339411825,0.0,0.0,0.0,0.0,1.0,1.0
12,220,8.55650579326752,10.48186359701302,0.0,0.0,0.0,0.0,0.0,0.0
13,220,11.720457118292456,10.29095007562352,0.0,1.0,0.0,1.0,1.0,0.0
14,220,6.328888726437896,4.595587418691547,1.0,0.0,0.0,1.0,0.0,0.0
15,220,11.285262733682266,1.727459946385754,0.0,0.0,0.0,0.0,1.0,0.0
16,220,8.863946653089169,0.0,1.0,0.0,0.0,0.0,1.0,0.0
17,220,6.082138643276796,4.98406572580273,1.0,0.0,0.0,1.0,0.0,0.0
18,220,10.886436020734989,10.760792249835584,0.0,0.0,0.0,0.0,0.0,0.0
19,220,4.556890331376464,0.0,0.0,0.0,1.0,1.0,0.0,0.0
20,220,3.9102646738353775,3.3420615275232577,0.0,0.0,0.0,0.0,0.0,0.0
21,220,2.82985252603308,2.203780996801602,0.0,0.0,0.0,0.0,1.0,1.0
22,220,11.866943431789725,0.0,0.0,0.0,0.0,0.0,0.0,0.0
23,220,0.2539354005059732,4.913827838834607,0.0,1.0,1.0,1.0,0.0,1.0
24,220,0.861488492779503,0.2662190606613227,1.0,1.0,1.0,1.0,0.0,0.0
25,220,7.985252169387982,8.597465800624644,0.0,1.0,0.0,0.0,1.0,1.0
26,220,11.941048868377528,0.3315109482619344,0.0,0.0,0.0,1.0,1.0,1.0
27,220,5.8828544378825125,3.911201696422857,0.0,0.0,0.0,1.0,0.0,1.0
28,220,3.0568623574517075,2.677039830982644,0.0,0.0,0.0,0.0,0.0,0.0
29,220,6.971583785272282,5.907242047740485,1.0,0.0,0.0,0.0,0.0,0.0
30,220,6.268431805649369,5.094486217094491,1.0,1.0,0.0,0.0,1.0,1.0
31,220,0.2907782127165123,10.604187943499044,1.0,1.0,1.0,1.0,0.0,0.0
32,220,12.0,2.63749418686374,0.0,0.0,0.0,1.0,0.0,0.0
33,220,10.917073750673262,0.0,0.0,1.0,0.0,0.0,0.0,0.0
34,220,8.624893642614941,1.0266155912765007,0.0,1.0,0.0,0.0,1.0,0.0
35,220,4.731185870933043,1.8975500510981167,1.0,0.0,0.0,0.0,1.0,0.0
36,220,1.8416479077321135,12.0,0.0,1.0,1.0,0.0,1.0,1.0
37,220,3.3144996785539416,0.5679262244853815,1.0,0.0,0.0,0.0,1.0,1.0
38,220,12.0,12.0,1.0,0.0,1.0,0.0,1.0,0.0
39,220,5.8538376132100725,9.022477340543368,0.0,1.0,1.0,1.0,1.0,1.0
0,225,8.639416923293119,6.818684927112591,0.0,1.0,0.0,1.0,0.0,1.0
1,225,11.705069724542993,12.0,1.0,0.0,1.0,1.0,1.0,1.0
2,225,8.966661126372152,11.351144629597494,0.0,0.0,0.0,0.0,0.0,0.0
3,225,11.261036423219483,6.997883856128603,0.0,0.0,1.0,0.0,0.0,0.0
4,225,12.0,6.857807906736262,0.0,0.0,1.0,0.0,1.0,0.0
5,225,8.08993701601153,8.561396959719342,1.0,1.0,0.0,0.0,0.0,0.0
6,225,4.5520805610548205,6.50877806488005,1.0,0.0,1.0,0.0,1.0,1.0
7,225,7.39333261343613,7.419213826638923,0.0,0.0,0.0,0.0,1.0,0.0
8,225,4.946364779182082,0.0,0.0,0.0,1.0,1.0,0.0,1.0
9,225,7.661942549522085,7.214444362455608,1.0,0.0,0.0,1.0,0.0,0.0
10,225,1.5216474133237856,0.0,0.0,1.0,1.0,0.0,0.0,0.0
11,225,4.71100681403391,3.7866233564686542,0.0,0.0,0.0,0.0,1.0,1.0
12,225,8.616726835428064,10.42485082544985,0.0,0.0,0.0,0.0,0.0,0.0
13,225,11.712710095517126,10.305812244020045,0.0,1.0,0.0,1.0,1.0,0.0
14,225,6.205933298089338,4.657650409245669,1.0,0.0,0.0,1.0,0.0,0.0
15,225,11.240379267653214,1.696553890929724,0.0,0.0,0.0,0.0,1.0,0.0
16,225,8.799451613027237,0.0,1.0,0.0,0.0,0.0,1.0,0.0
17,225,6.1570900322404025,4.975759658223221,1.0,0.0,0.0,1.0,0.0,0.0
18,225,10.82850596409668,10.72332971519897,0.0,0.0,0.0,0.0,0.0,0.0
19,225,4.475379214238775,0.0,0.0,0.0,1.0,1.0,0.0,0.0
20,225,3.9355104389867126,3.116848908197823,0.0,0.0,0.0,0.0,0.0,0.0
21,225,2.8682755947383445,2.2799943541577115,0.0,0.0,0.0,0.0,1.0,1.0
22,225,11.840643916073413,0.0,0.0,0.0,0.0,0.0,0.0,0.0
23,225,0.2680155187909033,5.06569946914593,0.0,1.0,1.0,1.0,0.0,1.0
24,225,0.8747268160198872,0.1836992168846321,1.0,1.0,1.0,1.0,0.0,0.0
25,225,8.065146257532886,8.61920325278759,0.0,1.0,0.0,0.0,1.0,1.0
26,225,11.931897599685923,0.3379859045876228,0.0,0.0,0.0,1.0,1.0,1.0
27,225,5.880395152179501,3.893182642913738,0.0,0.0,0.0,1.0,0.0,1.0
28,225,2.995789321748376,2.71001060086582,0.0,0.0,0.0,0.0,0.0,0.0
29,225,6.981313164669397,5.927277324490552,1.0,0.0,0.0,0.0,0.0,0.0
30,225,6.25853996022735,5.10652015229728,1.0,1.0,0.0,0.0,1.0,1.0
31,225,0.273229423827298,10.575858168208844,1.0,1.0,1.0,1.0,0.0,0.0
32,225,12.0,2.674269267203583,0.0,0.0,0.0,1.0,0.0,0.0
33,225,10.878405237619456,0.0,0.0,1.0,0.0,0.0,0.0,0.0
34,225,8.64511781065014,1.0274607632425554,0.0,1.0,0.0,0.0,1.0,0.0
35,225,4.496128042315932,1.8987045630982364,1.0,0.0,0.0,0.0,1.0,0.0
36,225,1.787061635468423,12.0,0.0,1.0,1.0,0.0,1.0,1.0
37,225,3.3158288190655805,0.5638197251507256,1.0,0.0,0.0,0.0,1.0,1.0
38,225,12.0,12.0,1.0,0.0,1.0,0.0,1.0,0.0
39,225,5.840083860461856,9.023870773538524,0.0,1.0,1.0,1.0,1.0,1.0
0,230,8.632990683100877,6.853884368756357,0.0,1.0,0.0,1.0,0.0,1.0
1,230,11.813284220139437,12.0,1.0,0.0,1.0,1.0,1.0,1.0
2,230,8.92128504280444,11.424005806493316,0.0,0.0,0.0,0.0,0.0,0.0
3,230,11.26788590735945,7.133112103210528,0.0,0.0,1.0,0.0,0.0,0.0
4,230,12.0,6.761811130693712,0.0,0.0,1.0,0.0,1.0,0.0
5,230,8.134111739673152,8.659137887159414,1.0,1.0,0.0,0.0,0.0,0.0
6,230,4.502088119639975,6.45678158740774,1.0,0.0,1.0,0.0,1.0,1.0
7,230,7.371984514196519,7.45718460771082,0.0,0.0,0.0,0.0,1.0,0.0
8,230,4.8865977348130825,0.0,0.0,0.0,1.0,1.0,0.0,1.0
9,230,7.6310648697252015,7.1811498519153885,1.0,0.0,0.0,1.0,0.0,0.0
10,230,1.762691739370732,0.0,0.0,1.0,1.0,0.0,0.0,0.0
11,230,4.667761156909706,3.777603522617656,0.0,0.0,0.0,0.0,1.0,1.0
12,230,8.687614039054889,10.358270143311826,0.0,0.0,0.0,0.0,0.0,0.0
13,230,11.706583939443144,10.317939812073472,0.0,1.0,0.0,1.0,1.0,0.0
14,230,6.085978691404267,4.71548049004194,1.0,0.0,0.0,1.0,0.0,0.0
15,230,11.19618423969676,1.6655566394883834,0.0,0.0,0.0,0.0,1.0,0.0
16,230,8.734148033432925,0.0,1.0,0.0,0.0,0.0,1.0,0.0
17,230,6.222898076923735,4.969263874185198,1.0,0.0,0.0,1.0,0.0,0.0
18,230,10.790017824118932,10.699645083612907,0.0,0.0,0.0,0.0,0.0,0.0
19,230,4.391491693975654,0.0,0.0,0.0,1.0,1.0,0.0,0.0
20,230,3.960587045399435,2.878351548233751,0.0,0.0,0.0,0.0,0.0,0.0
21,230,2.909784463326126,2.358511953500497,0.0,0.0,0.0,0.0,1.0,1.0
22,230,11.799738012464385,0.0,0.0,0.0,0.0,0.0,0.0,0.0
23,230,0.2780250616444069,5.194030037842517,0.0,1.0,1.0,1.0,0.0,1.0
24,230,0.8878958651636388,0.1021389769973054,1.0,1.0,1.0,1.0,0.0,0.0
25,230,8.136579016183148,8.635294456282589,0.0,1.0,0.0,0.0,1.0,1.0
26,230,11.952208541334272,0.3232750204543177,0.0,0.0,0.0,1.0,1.0,1.0
27,230,5.879644175469657,3.887445330179647,0.0,0.0,0.0,1.0,0.0,1.0
28,230,2.9529080901647715,2.7340905295317444,0.0,0.0,0.0,0.0,0.0,0.0
29,230,6.988386854595378,5.941885494099502,1.0,0.0,0.0,0.0,0.0,0.0
30,230,6.2487274240193,5.118298320970403,1.0,1.0,0.0,0.0,1.0,1.0
31,230,0.2604190572921881,10.55587386372494,1.0,1.0,1.0,1.0,0.0,0.0
32,230,12.0,2.709625428989241,0.0,0.0,0.0,1.0,0.0,0.0
33,230,10.834257295524806,0.0,0.0,1.0,0.0,0.0,0.0,0.0
34,230,8.643572692154532,1.0273332259110943,0.0,1.0,0.0,0.0,1.0,0.0
35,230,4.267509957609676,1.8926362393147165,1.0,0.0,0.0,0.0,1.0,0.0
36,230,1.739698645315095,12.0,0.0,1.0,1.0,0.0,1.0,1.0
37,230,3.32209684651423,0.5443852225147012,1.0,0.0,0.0,0.0,1.0,1.0
38,230,12.0,12.0,1.0,0.0,1.0,0.0,1.0,0.0
39,230,5.799870195574278,9.027709411740956,0.0,1.0,1.0,1.0,1.0,1.0
0,235,8.627049236535743,6.888768049913994,0.0,1.0,0.0,1.0,0.0,1.0
1,235,11.926949371015382,12.0,1.0,0.0,1.0,1.0,1.0,1.0
2,235,8.87082555203595,11.507311169884812,0.0,0.0,0.0,0.0,0.0,0.0
3,235,11.2716178741097,7.261588457911094,0.0,0.0,1.0,0.0,0.0,0.0
4,235,12.0,6.661968803475387,0.0,0.0,1.0,0.0,1.0,0.0
5,235,8.17489244571404,8.74612141077407,1.0,1.0,0.0,0.0,0.0,0.0
6,235,4.460367898699832,6.4134748769763,1.0,0.0,1.0,0.0,1.0,1.0
7,235,7.357560274409753,7.483217069325975,0.0,0.0,0.0,0.0,1.0,0.0
8,235,4.828246659108552,0.0,0.0,0.0,1.0,1.0,0.0,1.0
9,235,7.596153412560949,7.144785357402439,1.0,0.0,0.0,1.0,0.0,0.0
10,235,1.98982545350828,0.0,0.0,1.0,1.0,0.0,0.0,0.0
11,235,4.621876768288303,3.7670012882807136,0.0,0.0,0.0,0.0,1.0,1.0
12,235,8.746685544339758,10.304317267396607,0.0,0.0,0.0,0.0,0.0,0.0
13,235,11.698688642261525,10.333790258691186,0.0,1.0,0.0,1.0,1.0,0.0
14,235,5.99658943733582,4.759602243506894,1.0,0.0,0.0,1.0,0.0,0.0
15,235,11.135770501949247,1.6201512071657718,0.0,0.0,0.0,0.0,1.0,0.0
16,235,8.66872074689748,0.0,1.0,0.0,0.0,0.0,1.0,0.0
17,235,6.289089132467762,4.96331591414759,1.0,0.0,0.0,1.0,0.0,0.0
18,235,10.74974385525682,10.675249414060447,0.0,0.0,0.0,0.0,0.0,0.0
19,235,4.307159414863693,0.0,0.0,0.0,1.0,1.0,0.0,0.0
20,235,3.9847168374568898,2.650373299439857,0.0,0.0,0.0,0.0,0.0,0.0
21,235,2.953976046266205,2.441087972663689,0.0,0.0,0.0,0.0,1.0,1.0
22,235,11.752878935608916,0.0,0.0,0.0,0.0,0.0,0.0,0.0
23,235,0.2882034621230686,5.315919753606281,0.0,1.0,1.0,1.0,0.0,1.0
24,235,0.8991090943523595,0.0357747879758995,1.0,1.0,1.0,1.0,0.0,0.0
25,235,8.20599107483076,8.650472917575199,0.0,1.0,0.0,0.0,1.0,1.0
26,235,11.980715906865315,0.3017604685704014,0.0,0.0,0.0,1.0,1.0,1.0
27,235,5.878168428269356,3.875953588705053,0.0,0.0,0.0,1.0,0.0,1.0
28,235,2.9149950697743217,2.7552499208349213,0.0,0.0,0.0,0.0,0.0,0.0
29,235,7.008590453710018,5.982860168188224,1.0,0.0,0.0,0.0,0.0,0.0
30,235,6.237120226753345,5.132645872310174,1.0,1.0,0.0,0.0,1.0,1.0
31,235,0.2639689474893916,10.56143971271451,1.0,1.0,1.0,1.0,0.0,0.0
32,235,12.0,2.746472005195281,0.0,0.0,0.0,1.0,0.0,0.0
33,235,10.78420396489885,0.0,0.0,1.0,0.0,0.0,0.0,0.0
34,235,8.647416636100186,1.0276469027927813,0.0,1.0,0.0,0.0,1.0,0.0
35,235,4.0217178998471965,1.8912556928572823,1.0,0.0,0.0,0.0,1.0,0.0
36,235,1.6970807379810136,12.0,0.0,1.0,1.0,0.0,1.0,1.0
37,235,3.3272934415919693,0.5264960666703905,1.0,0.0,0.0,0.0,1.0,1.0
38,235,12.0,12.0,1.0,0.0,1.0,0.0,1.0,0.0
39,235,5.755511422080703,9.032162147866243,0.0,1.0,1.0,1.0,1.0,1.0
0,240,8.62425583369219,6.910503226891448,0.0,1.0,0.0,1.0,0.0,1.0
1,240,12.0,12.0,1.0,0.0,1.0,1.0,1.0,1.0
2,240,8.816940353516394,11.597358633713108,0.0,0.0,0.0,0.0,0.0,0.0
3,240,11.27319751600282,7.389386683514497,0.0,0.0,1.0,0.0,0.0,0.0
4,240,12.0,6.565400733305566,0.0,0.0,1.0,0.0,1.0,0.0
5,240,8.219246766121044,8.839461133273637,1.0,1.0,0.0,0.0,0.0,0.0
6,240,4.414171991926243,6.366321928490316,1.0,0.0,1.0,0.0,1.0,1.0
7,240,7.335145439428608,7.523466025304487,0.0,0.0,0.0,0.0,1.0,0.0
8,240,4.769693637570941,0.0,0.0,0.0,1.0,1.0,0.0,1.0
9,240,7.559695447111064,7.103852596399977,1.0,0.0,0.0,1.0,0.0,0.0
10,240,2.2124728334019483,0.0,0.0,1.0,1.0,0.0,0.0,0.0
11,240,4.570987184172751,3.755214862330481,0.0,0.0,0.0,0.0,1.0,1.0
12,240,8.806960336419552,10.249914833034635,0.0,0.0,0.0,0.0,0.0,0.0
13,240,11.678779839684015,10.371767945012133,0.0,1.0,0.0,1.0,1.0,0.0
14,240,5.920802740880422,4.794050511551283,1.0,0.0,0.0,1.0,0.0,0.0
15,240,11.185923575501834,1.5545995906325245,0.0,0.0,0.0,0.0,1.0,0.0
16,240,8.586061580606742,0.0,1.0,0.0,0.0,0.0,1.0,0.0
17,240,6.360744913758603,4.9560429854756665,1.0,0.0,0.0,1.0,0.0,0.0
18,240,10.720266593549534,10.656514580664297,0.0,0.0,0.0,0.0,0.0,0.0
19,240,4.238933853113337,0.0,0.0,0.0,1.0,1.0,0.0,0.0
20,240,4.008330033884819,2.437600064482789,0.0,0.0,0.0,0.0,0.0,0.0
21,240,2.9797190639113365,2.486874566645533,0.0,0.0,0.0,0.0,1.0,1.0
22,240,11.71473515642505,0.0,0.0,0.0,0.0,0.0,0.0,0.0
23,240,0.3005731905436307,5.431706098838346,0.0,1.0,1.0,1.0,0.0,1.0
24,240,0.9125211754518832,0.0,1.0,1.0,1.0,1.0,0.0,0.0
25,240,8.293705354269035,8.671343001672502,0.0,1.0,0.0,0.0,1.0,1.0
26,240,12.0,0.2783008582377967,0.0,0.0,0.0,1.0,1.0,1.0
27,240,5.875584342888477,3.85207943424238,0.0,0.0,0.0,1.0,0.0,1.0
28,240,2.877976954315252,2.775589356145475,0.0,0.0,0.0,0.0,0.0,0.0
29,240,7.038018984887259,6.037906733654086,1.0,0.0,0.0,0.0,0.0,0.0
30,240,6.222832664563528,5.150882511079789,1.0,1.0,0.0,0.0,1.0,1.0
31,240,0.2539915319284372,10.54616211291206,1.0,1.0,1.0,1.0,0.0,0.0
32,240,12.0,2.781861484218509,0.0,0.0,0.0,1.0,0.0,0.0
33,240,10.7289517919029,0.0,0.0,1.0,0.0,0.0,0.0,0.0
34,240,8.666284248972982,1.029712591896902,0.0,1.0,0.0,0.0,1.0,0.0
35,240,3.760246533378245,1.900002054189616,1.0,0.0,0.0,0.0,1.0,0.0
36,240,1.6592209958453703,12.0,0.0,1.0,1.0,0.0,1.0,1.0
37,240,3.334046160265932,0.5042066537298753,1.0,0.0,0.0,0.0,1.0,1.0
38,240,12.0,12.0,1.0,0.0,1.0,0.0,1.0,0.0
39,240,5.720013254898688,9.035282233350996,0.0,1.0,1.0,1.0,1.0,1.0
0,245,8.619463093097615,6.9471562879086335,0.0,1.0,0.0,1.0,0.0,1.0
1,245,12.0,12.0,1.0,0.0,1.0,1.0,1.0,1.0
2,245,8.771061274007065,11.67602195757082,0.0,0.0,0.0,0.0,0.0,0.0
3,245,11.275825892175346,7.542986201614354,0.0,0.0,1.0,0.0,0.0,0.0
4,245,12.0,6.461655885853545,0.0,0.0,1.0,0.0,1.0,0.0
5,245,8.268762708448744,8.950223305560677,1.0,1.0,0.0,0.0,0.0,0.0
6,245,4.357069924510838,6.309195446900509,1.0,0.0,1.0,0.0,1.0,1.0
7,245,7.309307435095834,7.568832121003282,0.0,0.0,0.0,0.0,1.0,0.0
8,245,4.713243177749564,0.0,0.0,0.0,1.0,1.0,0.0,1.0
9,245,7.530239414176641,7.068813309670257,1.0,0.0,0.0,1.0,0.0,0.0
10,245,2.436846196667479,0.0,0.0,1.0,1.0,0.0,0.0,0.0
11,245,4.551794127107197,3.7504410410380578,0.0,0.0,0.0,0.0,1.0,1.0
12,245,8.88109865409603,10.184254730222882,0.0,0.0,0.0,0.0,0.0,0.0
13,245,11.65747501776099,10.414121306710886,0.0,1.0,0.0,1.0,1.0,0.0
14,245,5.851537456889011,4.825723236763895,1.0,0.0,0.0,1.0,0.0,0.0
15,245,11.234013188414556,1.4961892748012144,0.0,0.0,0.0,0.0,1.0,0.0
16,245,8.52013374823748,0.0,1.0,0.0,0.0,0.0,1.0,0.0
17,245,6.434056434444785,4.949361596466498,1.0,0.0,0.0,1.0,0.0,0.0
18,245,10.693087269674333,10.63851775821098,0.0,0.0,0.0,0.0,0.0,0.0
19,245,4.169952045402086,0.0,0.0,0.0,1.0,1.0,0.0,0.0
20,245,4.028666762127645,2.217465062135082,0.0,0.0,0.0,0.0,0.0,0.0
21,245,3.0272679968479275,2.568348090231793,0.0,0.0,0.0,0.0,1.0,1.0
22,245,11.6768247433333,0.0,0.0,0.0,0.0,0.0,0.0,0.0
23,245,0.3143131020641506,5.553396188413883,0.0,1.0,1.0,1.0,0.0,1.0
24,245,0.9319298856899472,0.0,1.0,1.0,1.0,1.0,0.0,0.0
25,245,8.374941459551756,8.693461142107326,0.0,1.0,0.0,0.0,1.0,1.0
26,245,12.0,0.244974443473044,0.0,0.0,0.0,1.0,1.0,1.0
27,245,5.871726793416427,3.8120929927627016,0.0,0.0,0.0,1.0,0.0,1.0
28,245,2.85292822400141,2.7891277111183306,0.0,0.0,0.0,0.0,0.0,0.0
29,245,7.070552005177435,6.101349794943942,1.0,0.0,0.0,0.0,0.0,0.0
30,245,6.208327706583545,5.169788022588885,1.0,1.0,0.0,0.0,1.0,1.0
31,245,0.2413066631346761,10.527255181593423,1.0,1.0,1.0,1.0,0.0,0.0
32,245,12.0,2.822591956590551,0.0,0.0,0.0,1.0,0.0,0.0
33,245,10.66777581587302,0.0,0.0,1.0,0.0,0.0,0.0,0.0
34,245,8.690999196200334,1.0325434423881776,0.0,1.0,0.0,0.0,1.0,0.0
35,245,3.4896229261819327,1.9085184786875076,1.0,0.0,0.0,0.0,1.0,0.0
36,245,1.6028749136928493,12.0,0.0,1.0,1.0,0.0,1.0,1.0
37,245,3.340762282231532,0.4828235116050733,1.0,0.0,0.0,0.0,1.0,1.0
38,245,12.0,12.0,1.0,0.0,1.0,0.0,1.0,0.0
39,245,5.719563123927044,9.035322524694893,0.0,1.0,1.0,1.0,1.0,1.0
0,250,8.616301917926032,6.970836480397206,0.0,1.0,0.0,1.0,0.0,1.0
1,250,12.0,12.0,1.0,0.0,1.0,1.0,1.0,1.0
2,250,8.725192473403423,11.757708352760368,0.0,0.0,0.0,0.0,0.0,0.0
3,250,11.277349983147994,7.687699753512789,0.0,0.0,1.0,0.0,0.0,0.0
4,250,12.0,6.381978984673418,0.0,0.0,1.0,0.0,1.0,0.0
5,250,8.312604651980044,9.049576767154392,1.0,1.0,0.0,0.0,0.0,0.0
6,250,4.290741671684385,6.242279294340134,1.0,0.0,1.0,0.0,1.0,1.0
7,250,7.270126497696036,7.631556508256278,0.0,0.0,0.0,0.0,1.0,0.0
8,250,4.660663649733667,0.0,0.0,0.0,1.0,1.0,0.0,1.0
9,250,7.522378543225806,7.059546453191127,1.0,0.0,0.0,1.0,0.0,0.0
10,250,2.64045208255914,0.0,0.0,1.0,1.0,0.0,0.0,0.0
11,250,4.530758222924262,3.7443829038686887,0.0,0.0,0.0,0.0,1.0,1.0
12,250,8.95858023767465,10.115736083770967,0.0,0.0,0.0,0.0,0.0,0.0
13,250,11.642194632386094,10.44369183805431,0.0,1.0,0.0,1.0,1.0,0.0
14,250,5.776652577044365,4.858046221936472,1.0,0.0,0.0,1.0,0.0,0.0
15,250,11.276801823716124,1.4448822641146897,0.0,0.0,0.0,0.0,1.0,0.0
16,250,8.458180510555708,0.0,1.0,0.0,0.0,0.0,1.0,0.0
17,250,6.509538487737972,4.940655250326103,1.0,0.0,0.0,1.0,0.0,0.0
18,250,10.663958339012002,10.618220995971498,0.0,0.0,0.0,0.0,0.0,0.0
19,250,4.10611789458048,0.0,0.0,0.0,1.0,1.0,0.0,0.0
20,250,4.04482907426148,1.97194124275234,0.0,0.0,0.0,0.0,0.0,0.0
21,250,3.0664700845707635,2.6342320217334243,0.0,0.0,0.0,0.0,1.0,1.0
22,250,11.6396682218369,0.0,0.0,0.0,0.0,0.0,0.0,0.0
23,250,0.3262542100080112,5.678555819732416,0.0,1.0,1.0,1.0,0.0,1.0
24,250,0.9513569171226648,0.0,1.0,1.0,1.0,1.0,0.0,0.0
25,250,8.45318805684998,8.714990926321882,0.0,1.0,0.0,0.0,1.0,1.0
26,250,12.0,0.2116891203707008,0.0,0.0,0.0,1.0,1.0,1.0
27,250,5.86689461952346,3.724413023086634,0.0,0.0,0.0,1.0,0.0,1.0
28,250,2.8129361505742096,2.8113076512252766,0.0,0.0,0.0,0.0,0.0,0.0
29,250,7.098096110075278,6.157741181934795,1.0,0.0,0.0,0.0,0.0,0.0
30,250,6.19792546449207,5.1825804449282735,1.0,1.0,0.0,0.0,1.0,1.0
31,250,0.2091210684500533,10.475518991333509,1.0,1.0,1.0,1.0,0.0,0.0
32,250,12.0,2.864371239093493,0.0,0.0,0.0,1.0,0.0,0.0
33,250,10.625514148273496,0.0,0.0,1.0,0.0,0.0,0.0,0.0
34,250,8.711274521579867,1.0343342686038337,0.0,1.0,0.0,0.0,1.0,0.0
35,250,3.234738815340733,1.9142111146863643,1.0,0.0,0.0,0.0,1.0,0.0
36,250,1.5469774103600205,12.0,0.0,1.0,1.0,0.0,1.0,1.0
37,250,3.347494166673415,0.4631853292688663,1.0,0.0,0.0,0.0,1.0,1.0
38,250,12.0,12.0,1.0,0.0,1.0,0.0,1.0,0.0
39,250,5.7208886181633485,9.035202549037304,0.0,1.0,1.0,1.0,1.0,1.0
0,255,8.613173134984974,6.995724519009191,0.0,1.0,0.0,1.0,0.0,1.0
1,255,12.0,12.0,1.0,0.0,1.0,1.0,1.0,1.0
2,255,8.677258781218603,11.851997020422468,0.0,0.0,0.0,0.0,0.0,0.0
3,255,11.279723747990818,7.821953153434478,0.0,0.0,1.0,0.0,0.0,0.0
4,255,12.0,6.311005298682368,0.0,0.0,1.0,0.0,1.0,0.0
5,255,8.357510058837237,9.154685762257843,1.0,1.0,0.0,0.0,0.0,0.0
6,255,4.224491633008892,6.1781460529002175,1.0,0.0,1.0,0.0,1.0,1.0
7,255,7.226624871610065,7.700793117020167,0.0,0.0,0.0,0.0,1.0,0.0
8,255,4.603504564837146,0.0,0.0,0.0,1.0,1.0,0.0,1.0
9,255,7.501889100059518,7.035062195621856,1.0,0.0,0.0,1.0,0.0,0.0
10,255,2.8440630544010315,0.0,0.0,1.0,1.0,0.0,0.0,0.0
11,255,4.507220194844879,3.7374262615017466,0.0,0.0,0.0,0.0,1.0,1.0
12,255,9.046393105345723,10.036537792152926,0.0,0.0,0.0,0.0,0.0,0.0
13,255,11.611556435792874,10.50368997032755,0.0,1.0,0.0,1.0,1.0,0.0
14,255,5.7179357363503565,4.885134128154653,1.0,0.0,0.0,1.0,0.0,0.0
15,255,11.31845295274706,1.3966403543031325,0.0,0.0,0.0,0.0,1.0,0.0
16,255,8.378227346763282,0.0,1.0,0.0,0.0,0.0,1.0,0.0
17,255,6.588087152751421,4.932402404758236,1.0,0.0,0.0,1.0,0.0,0.0
18,255,10.646933420834582,10.606287954171815,0.0,0.0,0.0,0.0,0.0,0.0
19,255,4.040445576691564,0.0,0.0,0.0,1.0,1.0,0.0,0.0
20,255,4.06258703527589,1.7318545190543695,0.0,0.0,0.0,0.0,0.0,0.0
21,255,3.1488451431440887,2.586436757213639,0.0,0.0,0.0,0.0,1.0,1.0
22,255,11.600668185058888,0.0,0.0,0.0,0.0,0.0,0.0,0.0
23,255,0.3441311835009488,5.813710311924558,0.0,1.0,1.0,1.0,0.0,1.0
24,255,0.968974632366812,0.0,1.0,1.0,1.0,1.0,0.0,0.0
25,255,8.506783352089814,8.72934860761095,0.0,1.0,0.0,0.0,1.0,1.0
26,255,12.0,0.1792484688686678,0.0,0.0,0.0,1.0,1.0,1.0
27,255,5.864140943018826,3.62226768948608,0.0,0.0,0.0,1.0,0.0,1.0
28,255,2.771779042311305,2.8341678613767654,0.0,0.0,0.0,0.0,0.0,0.0
29,255,7.122096387936141,6.211879909366146,1.0,0.0,0.0,0.0,0.0,0.0
30,255,6.209536772773745,5.168486557718419,1.0,1.0,0.0,0.0,1.0,1.0
31,255,0.1696438717867924,10.40679296983345,1.0,1.0,1.0,1.0,0.0,0.0
32,255,12.0,2.910457213937317,0.0,0.0,0.0,1.0,0.0,0.0
33,255,10.591470075753415,0.0,0.0,1.0,0.0,0.0,0.0,0.0
34,255,8.737148425501125,1.0360810637904945,0.0,1.0,0.0,0.0,1.0,0.0
35,255,3.0227215613734,1.9202311982186215,1.0,0.0,0.0,0.0,1.0,0.0
36,255,1.4955438183680785,12.0,0.0,1.0,1.0,0.0,1.0,1.0
37,255,3.3531689148936064,0.4464939163447047,1.0,0.0,0.0,0.0,1.0,1.0
38,255,12.0,12.0,1.0,0.0,1.0,0.0,1.0,0.0
39,255,5.733425520767068,9.033793368352232,0.0,1.0,1.0,1.0,1.0,1.0
0,260,8.611053243930746,7.014576045832376,0.0,1.0,0.0,1.0,0.0,1.0
1,260,12.0,12.0,1.0,0.0,1.0,1.0,1.0,1.0
2,260,8.636568657588416,11.929385682617657,0.0,0.0,0.0,0.0,0.0,0.0
3,260,11.284169914583442,7.980240360403743,0.0,0.0,1.0,0.0,0.0,0.0
4,260,12.0,6.238670261694284,0.0,0.0,1.0,0.0,1.0,0.0
5,260,8.396061814216242,9.244165593093973,1.0,1.0,0.0,0.0,0.0,0.0
6,260,4.137287913048657,6.0924922018640775,1.0,0.0,1.0,0.0,1.0,1.0
7,260,7.193522742452611,7.754491924780543,0.0,0.0,0.0,0.0,1.0,0.0
8,260,4.543768811180421,0.0,0.0,0.0,1.0,1.0,0.0,1.0
9,260,7.4859300195002945,7.014717778241906,1.0,0.0,0.0,1.0,0.0,0.0
10,260,3.0305208612932075,0.0,0.0,1.0,1.0,0.0,0.0,0.0
11,260,4.499629909930781,3.766131530499323,0.0,0.0,0.0,0.0,1.0,1.0
12,260,9.126030111911591,9.959623776739422,0.0,0.0,0.0,0.0,0.0,0.0
13,260,11.595081088846964,10.538819509504137,0.0,1.0,0.0,1.0,1.0,0.0
14,260,5.668753649897456,4.909721968918365,1.0,0.0,0.0,1.0,0.0,0.0
15,260,11.35954516917036,1.3477302398168385,0.0,0.0,0.0,0.0,1.0,0.0
16,260,8.290906722717455,0.0,1.0,0.0,0.0,0.0,1.0,0.0
17,260,6.68321271478648,4.917796068110866,1.0,0.0,0.0,1.0,0.0,0.0
18,260,10.640515576433076,10.60183045472689,0.0,0.0,0.0,0.0,0.0,0.0
19,260,3.985154526702805,0.0,0.0,0.0,1.0,1.0,0.0,0.0
20,260,4.080933888235564,1.497182055517983,0.0,0.0,0.0,0.0,0.0,0.0
21,260,3.227552877480038,2.537715525991453,0.0,0.0,0.0,0.0,1.0,1.0
22,260,11.55206106919292,0.0,0.0,0.0,0.0,0.0,0.0,0.0
23,260,0.3646245457258929,5.946512740553115,0.0,1.0,1.0,1.0,0.0,1.0
24,260,0.988726222886425,0.0,1.0,1.0,1.0,1.0,0.0,0.0
25,260,8.536455311757893,8.737205637631323,0.0,1.0,0.0,0.0,1.0,1.0
26,260,12.0,0.1398735173230919,0.0,0.0,0.0,1.0,1.0,1.0
27,260,5.857493349265718,3.5043344248961565,0.0,0.0,0.0,1.0,0.0,1.0
28,260,2.7329377560965304,2.8547925559035923,0.0,0.0,0.0,0.0,0.0,0.0
29,260,7.141627856998968,6.257980940868346,1.0,0.0,0.0,0.0,0.0,0.0
30,260,6.2272905654310895,5.146875510101751,1.0,1.0,0.0,0.0,1.0,1.0
31,260,0.1291845511104417,10.335022732716793,1.0,1.0,1.0,1.0,0.0,0.0
32,260,12.0,2.953380733731441,0.0,0.0,0.0,1.0,0.0,0.0
33,260,10.570696240923846,0.0,0.0,1.0,0.0,0.0,0.0,0.0
34,260,8.767700195050043,1.0378543212690017,0.0,1.0,0.0,0.0,1.0,0.0
35,260,2.816229236324922,1.9307756557172595,1.0,0.0,0.0,0.0,1.0,0.0
36,260,1.4505592803096072,12.0,0.0,1.0,1.0,0.0,1.0,1.0
37,260,3.35519375444234,0.4408835367222151,1.0,0.0,0.0,0.0,1.0,1.0
38,260,12.0,12.0,1.0,0.0,1.0,0.0,1.0,0.0
39,260,5.752569398365339,9.031027651430517,0.0,1.0,1.0,1.0,1.0,1.0
0,265,8.609908852264493,7.026654621603121,0.0,1.0,0.0,1.0,0.0,1.0
1,265,12.0,12.0,1.0,0.0,1.0,1.0,1.0,1.0
2,265,8.589656671506974,12.0,0.0,0.0,0.0,0.0,0.0,0.0
3,265,11.284482106844486,8.142216951352916,0.0,0.0,1.0,0.0,0.0,0.0
4,265,12.0,6.154312353489531,0.0,0.0,1.0,0.0,1.0,0.0
5,265,8.42617216186962,9.317206483452072,1.0,1.0,0.0,0.0,0.0,0.0
6,265,4.053640725524565,6.010841670092089,1.0,0.0,1.0,0.0,1.0,1.0
7,265,7.157540877720435,7.810189653088759,0.0,0.0,0.0,0.0,1.0,0.0
8,265,4.476356771278311,0.0,0.0,0.0,1.0,1.0,0.0,1.0
9,265,7.473455599660884,6.999341480843063,1.0,0.0,0.0,1.0,0.0,0.0
10,265,3.220321587511892,0.0,0.0,1.0,1.0,0.0,0.0,0.0
11,265,4.487978746491135,3.809080260868516,0.0,0.0,0.0,0.0,1.0,1.0
12,265,9.207352812360275,9.882751537309789,0.0,0.0,0.0,0.0,0.0,0.0
13,265,11.57314414839366,10.58436881758138,0.0,1.0,0.0,1.0,1.0,0.0
14,265,5.644664016684513,4.9225367552662735,1.0,0.0,0.0,1.0,0.0,0.0
15,265,11.411436099393912,1.283926161519386,0.0,0.0,0.0,0.0,1.0,0.0
16,265,8.19388527928116,0.0,1.0,0.0,0.0,0.0,1.0,0.0
17,265,6.799144166219421,4.8983147293071205,1.0,0.0,0.0,1.0,0.0,0.0
18,265,10.63208782140479,10.596376115377586,0.0,0.0,0.0,0.0,0.0,0.0
19,265,3.9269716868070224,0.0,0.0,0.0,1.0,1.0,0.0,0.0
20,265,4.091904822646944,1.2588580578152166,0.0,0.0,0.0,0.0,0.0,0.0
21,265,3.320479402810685,2.4788607151058897,0.0,0.0,0.0,0.0,1.0,1.0
22,265,11.50621546795715,0.0,0.0,0.0,0.0,0.0,0.0,0.0
23,265,0.3903787990812747,6.097531604042382,0.0,1.0,1.0,1.0,0.0,1.0
24,265,1.00917795532537,0.0,1.0,1.0,1.0,1.0,0.0,0.0
25,265,8.577565772169828,8.748773683531082,0.0,1.0,0.0,0.0,1.0,1.0
26,265,12.0,0.1122999253828456,0.0,0.0,0.0,1.0,1.0,1.0
27,265,5.8499652074617465,3.393032666778945,0.0,0.0,0.0,1.0,0.0,1.0
28,265,2.7102293756979297,2.867652085156015,0.0,0.0,0.0,0.0,0.0,0.0
29,265,7.155601281464876,6.292432781786719,1.0,0.0,0.0,0.0,0.0,0.0
30,265,6.257764460046872,5.108429299779532,1.0,1.0,0.0,0.0,1.0,1.0
31,265,0.0937510694490766,10.272640925154596,1.0,1.0,1.0,1.0,0.0,0.0
32,265,12.0,2.996531281371489,0.0,0.0,0.0,1.0,0.0,0.0
33,265,10.55661420271536,0.0,0.0,1.0,0.0,0.0,0.0,0.0
34,265,8.7824655795872,1.0385367822496696,0.0,1.0,0.0,0.0,1.0,0.0
35,265,2.6075142577045165,1.9360126787051328,1.0,0.0,0.0,0.0,1.0,0.0
36,265,1.3996302780546497,12.0,0.0,1.0,1.0,0.0,1.0,1.0
37,265,3.357391114289197,0.4341766205446581,1.0,0.0,0.0,0.0,1.0,1.0
38,265,12.0,12.0,1.0,0.0,1.0,0.0,1.0,0.0
39,265,5.753000319686139,9.030964995702195,0.0,1.0,1.0,1.0,1.0,1.0
0,270,8.6059634589072,7.069343980397934,0.0,1.0,0.0,1.0,0.0,1.0
1,270,12.0,12.0,1.0,0.0,1.0,1.0,1.0,1.0
2,270,8.547190345600677,12.0,0.0,0.0,0.0,0.0,0.0,0.0
3,270,11.282522781029146,8.319249054001563,0.0,0.0,1.0,0.0,0.0,0.0
4,270,12.0,6.068373666708808,0.0,0.0,1.0,0.0,1.0,0.0
5,270,8.454837638093212,9.383670408558617,1.0,1.0,0.0,0.0,0.0,0.0
6,270,3.9627133376721777,5.925170817126732,1.0,0.0,1.0,0.0,1.0,1.0
7,270,7.121781334866216,7.866181378511959,0.0,0.0,0.0,0.0,1.0,0.0
8,270,4.403946835993408,0.0,0.0,0.0,1.0,1.0,0.0,1.0
9,270,7.459754633800294,6.981877967763457,1.0,0.0,0.0,1.0,0.0,0.0
10,270,3.3899052453994454,0.0010282763565957,0.0,1.0,1.0,0.0,0.0,0.0
11,270,4.476037307515892,3.8546523130918753,0.0,0.0,0.0,0.0,1.0,1.0
12,270,9.292390668379806,9.803354540358638,0.0,0.0,0.0,0.0,0.0,0.0
13,270,11.541343572020844,10.64879366628791,0.0,1.0,0.0,1.0,1.0,0.0
14,270,5.6128451610304655,4.939561264789307,1.0,0.0,0.0,1.0,0.0,0.0
15,270,11.469618280228106,1.207832287231658,0.0,0.0,0.0,0.0,1.0,0.0
16,270,8.096550933452857,0.0,1.0,0.0,0.0,0.0,1.0,0.0
17,270,6.907643407693253,4.881016364557986,1.0,0.0,0.0,1.0,0.0,0.0
18,270,10.629379554766262,10.594665437961725,0.0,0.0,0.0,0.0,0.0,0.0
19,270,3.874096202857781,0.0,0.0,0.0,1.0,1.0,0.0,0.0
20,270,4.1067602213553975,1.003618795105615,0.0,0.0,0.0,0.0,0.0,0.0
21,270,3.4159136886446784,2.4224713607784296,0.0,0.0,0.0,0.0,1.0,1.0
22,270,11.471050941381383,0.0,0.0,0.0,0.0,0.0,0.0,0.0
23,270,0.415032465462959,6.2505317203031145,0.0,1.0,1.0,1.0,0.0,1.0
24,270,1.0293474098936268,0.0,1.0,1.0,1.0,1.0,0.0,0.0
25,270,8.616236697232475,8.75970966668222,0.0,1.0,0.0,0.0,1.0,1.0
26,270,12.0,0.0818777531213142,0.0,0.0,0.0,1.0,1.0,1.0
27,270,5.845211579085022,3.304432909830695,0.0,0.0,0.0,1.0,0.0,1.0
28,270,2.6859614528759006,2.8806463934410464,0.0,0.0,0.0,0.0,0.0,0.0
29,270,7.169133846290561,6.324255929640309,1.0,0.0,0.0,0.0,0.0,0.0
30,270,6.283768117410492,5.074683438662966,1.0,1.0,0.0,0.0,1.0,1.0
31,270,0.052953655049837,10.198343995936789,1.0,1.0,1.0,1.0,0.0,0.0
32,270,12.0,3.0363891869576336,0.0,0.0,0.0,1.0,0.0,0.0
33,270,10.513746524685004,0.0,0.0,1.0,0.0,0.0,0.0,0.0
34,270,8.784859310173282,1.03862833604366,0.0,1.0,0.0,0.0,1.0,0.0
35,270,2.404115127090793,1.943670837444869,1.0,0.0,0.0,0.0,1.0,0.0
36,270,1.346490630135534,12.0,0.0,1.0,1.0,0.0,1.0,1.0
37,270,3.366534433642194,0.4068653207009818,1.0,0.0,0.0,0.0,1.0,1.0
38,270,12.0,12.0,1.0,0.0,1.0,0.0,1.0,0.0
39,270,5.748540852980021,9.031682123521373,0.0,1.0,1.0,1.0,1.0,1.0
0,275,8.60182125438681,7.123787540362598,0.0,1.0,0.0,1.0,0.0,1.0
1,275,12.0,12.0,1.0,0.0,1.0,1.0,1.0,1.0
2,275,8.505824645010327,12.0,0.0,0.0,0.0,0.0,0.0,0.0
3,275,11.279632652611896,8.496599974645779,0.0,0.0,1.0,0.0,0.0,0.0
4,275,12.0,5.98874141437202,0.0,0.0,1.0,0.0,1.0,0.0
5,275,8.483629132023864,9.445048483161292,1.0,1.0,0.0,0.0,0.0,0.0
6,275,3.869468706116215,5.83567011267268,1.0,0.0,1.0,0.0,1.0,1.0
7,275,7.086755219018366,7.923809587306656,0.0,0.0,0.0,0.0,1.0,0.0
8,275,4.336311309237102,0.0,0.0,0.0,1.0,1.0,0.0,1.0
9,275,7.449048278306368,6.967582172393517,1.0,0.0,0.0,1.0,0.0,0.0
10,275,3.569409483267267,0.0,0.0,1.0,1.0,0.0,0.0,0.0
11,275,4.465292732912117,3.8946939281971846,0.0,0.0,0.0,0.0,1.0,1.0
12,275,9.36842753492787,9.726687074146058,0.0,0.0,0.0,0.0,0.0,0.0
13,275,11.50925846751112,10.713548420962752,0.0,1.0,0.0,1.0,1.0,0.0
14,275,5.580467845225294,4.957157578150134,1.0,0.0,0.0,1.0,0.0,0.0
15,275,11.537002697851785,1.1193270608448378,0.0,0.0,0.0,0.0,1.0,0.0
16,275,8.007962388595159,0.0,1.0,0.0,0.0,0.0,1.0,0.0
17,275,7.021839545707725,4.861970678109621,1.0,0.0,0.0,1.0,0.0,0.0
18,275,10.635646121788968,10.598571191486478,0.0,0.0,0.0,0.0,0.0,0.0
19,275,3.829147664128549,0.0,0.0,0.0,1.0,1.0,0.0,0.0
20,275,4.1183922738650365,0.7363176919903773,0.0,0.0,0.0,0.0,0.0,0.0
21,275,3.5148608215498114,2.35987212544376,0.0,0.0,0.0,0.0,1.0,1.0
22,275,11.426160246379323,0.0,0.0,0.0,0.0,0.0,0.0,0.0
23,275,0.4427990671201521,6.411775813770133,0.0,1.0,1.0,1.0,0.0,1.0
24,275,1.0501802212817577,0.0,1.0,1.0,1.0,1.0,0.0,0.0
25,275,8.65444065027931,8.771556711609497,0.0,1.0,0.0,0.0,1.0,1.0
26,275,12.0,0.0549805230702332,0.0,0.0,0.0,1.0,1.0,1.0
27,275,5.84241242116317,3.2205170762898945,0.0,0.0,0.0,1.0,0.0,1.0
28,275,2.67594447061642,2.88626623469072,0.0,0.0,0.0,0.0,0.0,0.0
29,275,7.176476456857048,6.340092869905204,1.0,0.0,0.0,0.0,0.0,0.0
30,275,6.305073803040012,5.046934366586131,1.0,1.0,0.0,0.0,1.0,1.0
31,275,0.0159958412070028,10.126732176787693,1.0,1.0,1.0,1.0,0.0,0.0
32,275,12.0,3.0847286883571243,0.0,0.0,0.0,1.0,0.0,0.0
33,275,10.463669177883231,0.0,0.0,1.0,0.0,0.0,0.0,0.0
34,275,8.800400572170492,1.0395923680092614,0.0,1.0,0.0,0.0,1.0,0.0
35,275,2.216674744447,1.945609562300446,1.0,0.0,0.0,0.0,1.0,0.0
36,275,1.296901724660311,12.0,0.0,1.0,1.0,0.0,1.0,1.0
37,275,3.3762550467172976,0.3784266486967291,1.0,0.0,0.0,0.0,1.0,1.0
38,275,12.0,12.0,1.0,0.0,1.0,0.0,1.0,0.0
39,275,5.722045849190239,9.035659457575148,0.0,1.0,1.0,1.0,1.0,1.0
0,280,8.597011987212468,7.183998754771666,0.0,1.0,0.0,1.0,0.0,1.0
1,280,12.0,12.0,1.0,0.0,1.0,1.0,1.0,1.0
2,280,8.465559810967841,12.0,0.0,0.0,0.0,0.0,0.0,0.0
3,280,11.276988985520005,8.669749047940769,0.0,0.0,1.0,0.0,0.0,0.0
4,280,12.0,5.90752159561277,0.0,0.0,1.0,0.0,1.0,0.0
5,280,8.519957937211023,9.52604663052983,1.0,1.0,0.0,0.0,0.0,0.0
6,280,3.7829049132426538,5.751118584345686,1.0,0.0,1.0,0.0,1.0,1.0
7,280,7.039137211916678,8.002558103102373,0.0,0.0,0.0,0.0,1.0,0.0
8,280,4.276130624653263,0.0,0.0,0.0,1.0,1.0,0.0,1.0
9,280,7.449096585946613,6.967643668902386,1.0,0.0,0.0,1.0,0.0,0.0
10,280,3.751009685844066,0.0,0.0,1.0,1.0,0.0,0.0,0.0
11,280,4.452356819968895,3.9414161864205695,0.0,0.0,0.0,0.0,1.0,1.0
12,280,9.455730684734055,9.643356887707398,0.0,0.0,0.0,0.0,0.0,0.0
13,280,11.481235262938457,10.766629820504033,0.0,1.0,0.0,1.0,1.0,0.0
14,280,5.536380918872215,4.981799997821177,1.0,0.0,0.0,1.0,0.0,0.0
15,280,11.60280273131654,1.0361890104335427,0.0,0.0,0.0,0.0,1.0,0.0
16,280,7.922606351301071,0.0,1.0,0.0,0.0,0.0,1.0,0.0
17,280,7.137775564557495,4.843799726122704,1.0,0.0,0.0,1.0,0.0,0.0
18,280,10.636837499514938,10.599284888752113,0.0,0.0,0.0,0.0,0.0,0.0
19,280,3.775304500610858,0.0,0.0,0.0,1.0,1.0,0.0,0.0
20,280,4.132232937738607,0.4799519183201851,0.0,0.0,0.0,0.0,0.0,0.0
21,280,3.600361628852452,2.307380936344257,0.0,0.0,0.0,0.0,1.0,1.0
22,280,11.359863517443028,0.0,0.0,0.0,0.0,0.0,0.0,0.0
23,280,0.4640365846881472,6.567152369610358,0.0,1.0,1.0,1.0,0.0,1.0
24,280,1.0734542186880425,0.0,1.0,1.0,1.0,1.0,0.0,0.0
25,280,8.69486030420527,8.784349835560878,0.0,1.0,0.0,0.0,1.0,1.0
26,280,12.0,0.0360832810024546,0.0,0.0,0.0,1.0,1.0,1.0
27,280,5.841101636697405,3.1513645757972597,0.0,0.0,0.0,1.0,0.0,1.0
28,280,2.66173248705338,2.894291075364006,0.0,0.0,0.0,0.0,0.0,0.0
29,280,7.184435458176057,6.356822861802073,1.0,0.0,0.0,0.0,0.0,0.0
30,280,6.334959364485264,5.009211731673852,1.0,1.0,0.0,0.0,1.0,1.0
31,280,0.0,10.038419118913778,1.0,1.0,1.0,1.0,0.0,0.0
32,280,12.0,3.13305948283371,0.0,0.0,0.0,1.0,0.0,0.0
33,280,10.416237147251085,0.0,0.0,1.0,0.0,0.0,0.0,0.0
34,280,8.80668841137784,1.039986971816424,0.0,1.0,0.0,0.0,1.0,0.0
35,280,2.041275957728413,1.9473046663194329,1.0,0.0,0.0,0.0,1.0,0.0
36,280,1.2430473164720994,12.0,0.0,1.0,1.0,0.0,1.0,1.0
37,280,3.384992872537281,0.3510256034148939,1.0,0.0,0.0,0.0,1.0,1.0
38,280,12.0,12.0,1.0,0.0,1.0,0.0,1.0,0.0
39,280,5.712982363749014,9.03708926695161,0.0,1.0,1.0,1.0,1.0,1.0
0,285,8.591831756456761,7.252636821392564,0.0,1.0,0.0,1.0,0.0,1.0
1,285,12.0,12.0,1.0,0.0,1.0,1.0,1.0,1.0
2,285,8.434570509658528,12.0,0.0,0.0,0.0,0.0,0.0,0.0
3,285,11.273514160367556,8.82528375338166,0.0,0.0,1.0,0.0,0.0,0.0
4,285,12.0,5.828618714779711,0.0,0.0,1.0,0.0,1.0,0.0
5,285,8.557522164222565,9.606744011129951,1.0,1.0,0.0,0.0,0.0,0.0
6,285,3.7029179441682696,5.6784447704388725,1.0,0.0,1.0,0.0,1.0,1.0
7,285,6.9909983619280025,8.076964396153352,0.0,0.0,0.0,0.0,1.0,0.0
8,285,4.218926785156241,0.0,0.0,0.0,1.0,1.0,0.0,1.0
9,285,7.447191862115542,6.965263534972677,1.0,0.0,0.0,1.0,0.0,0.0
10,285,3.9175824566493778,0.0,0.0,1.0,1.0,0.0,0.0,0.0
11,285,4.439992819032069,3.991102377594705,0.0,0.0,0.0,0.0,1.0,1.0
12,285,9.551783909908464,9.5531570098598,0.0,0.0,0.0,0.0,0.0,0.0
13,285,11.454998024522338,10.819013685360334,0.0,1.0,0.0,1.0,1.0,0.0
14,285,5.5045456812013,4.999480848258918,1.0,0.0,0.0,1.0,0.0,0.0
15,285,11.663814201694349,0.9609194709941864,0.0,0.0,0.0,0.0,1.0,0.0
16,285,7.828518257187687,0.0,1.0,0.0,0.0,0.0,1.0,0.0
17,285,7.261073393149081,4.824224199041285,1.0,0.0,0.0,1.0,0.0,0.0
18,285,10.647980610558268,10.60618219742492,0.0,0.0,0.0,0.0,0.0,0.0
19,285,3.72310146534717,0.0,0.0,0.0,1.0,1.0,0.0,0.0
20,285,4.14325705412858,0.2205902758022677,0.0,0.0,0.0,0.0,0.0,0.0
21,285,3.6737008628288415,2.262049482303056,0.0,0.0,0.0,0.0,1.0,1.0
22,285,11.303607598793116,0.0,0.0,0.0,0.0,0.0,0.0,0.0
23,285,0.4823808851722336,6.724371738031104,0.0,1.0,1.0,1.0,0.0,1.0
24,285,1.099154607136014,0.0,1.0,1.0,1.0,1.0,0.0,0.0
25,285,8.734302778685759,8.796040955131359,0.0,1.0,0.0,0.0,1.0,1.0
26,285,12.0,0.0140176726130171,0.0,0.0,0.0,1.0,1.0,1.0
27,285,5.841013912012871,3.0872764661231438,0.0,0.0,0.0,1.0,0.0,1.0
28,285,2.6585421789226644,2.896187194714432,0.0,0.0,0.0,0.0,0.0,0.0
29,285,7.187571693348708,6.363023807938107,1.0,0.0,0.0,0.0,0.0,0.0
30,285,6.366295191142052,4.970841163276671,1.0,1.0,0.0,0.0,1.0,1.0
31,285,0.0,9.968027263922783,1.0,1.0,1.0,1.0,0.0,0.0
32,285,12.0,3.1705091166864263,0.0,0.0,0.0,1.0,0.0,0.0
33,285,10.372755037544202,0.0,0.0,1.0,0.0,0.0,0.0,0.0
34,285,8.827153939404143,1.04059896961328,0.0,1.0,0.0,0.0,1.0,0.0
35,285,1.8701206468398808,1.9509264893703069,1.0,0.0,0.0,0.0,1.0,0.0
36,285,1.1972014731962226,12.0,0.0,1.0,1.0,0.0,1.0,1.0
37,285,3.3892217198615646,0.3380033250155072,1.0,0.0,0.0,0.0,1.0,1.0
38,285,12.0,12.0,1.0,0.0,1.0,0.0,1.0,0.0
39,285,5.706624166060076,9.03824034706896,0.0,1.0,1.0,1.0,1.0,1.0
0,290,8.58781990280433,7.340968319110747,0.0,1.0,0.0,1.0,0.0,1.0
1,290,12.0,12.0,1.0,0.0,1.0,1.0,1.0,1.0
2,290,8.397069781614542,12.0,0.0,0.0,0.0,0.0,0.0,0.0
3,290,11.268713033068687,8.967236658018454,0.0,0.0,1.0,0.0,0.0,0.0
4,290,12.0,5.74777950745657,0.0,0.0,1.0,0.0,1.0,0.0
5,290,8.600062054001187,9.69366867155006,1.0,1.0,0.0,0.0,0.0,0.0
6,290,3.641155645300066,5.62255157867424,1.0,0.0,1.0,0.0,1.0,1.0
7,290,6.940649999812737,8.152150387734935,0.0,0.0,0.0,0.0,1.0,0.0
8,290,4.056303189401107,0.0634350718716288,0.0,0.0,1.0,1.0,0.0,1.0
9,290,7.440887708416004,6.957240669044563,1.0,0.0,0.0,1.0,0.0,0.0
10,290,4.084018092793944,0.0,0.0,1.0,1.0,0.0,0.0,0.0
11,290,4.434127557244594,4.015119444325562,0.0,0.0,0.0,0.0,1.0,1.0
12,290,9.649208728403664,9.46717379039216,0.0,0.0,0.0,0.0,0.0,0.0
13,290,11.429828886219218,10.868267617233156,0.0,1.0,0.0,1.0,1.0,0.0
14,290,5.477429739953758,5.014233266539804,1.0,0.0,0.0,1.0,0.0,0.0
15,290,11.7139988031294,0.9001862425244087,0.0,0.0,0.0,0.0,1.0,0.0
16,290,7.72585016142057,0.0,1.0,0.0,0.0,0.0,1.0,0.0
17,290,7.388935588233108,4.808281856483883,1.0,0.0,0.0,1.0,0.0,0.0
18,290,10.660996723631422,10.61465846254134,0.0,0.0,0.0,0.0,0.0,0.0
19,290,3.662937265921877,0.0,0.0,0.0,1.0,1.0,0.0,0.0
20,290,4.162821091500933,0.0,0.0,0.0,0.0,0.0,0.0,0.0
21,290,3.738557805648545,2.2220422699858835,0.0,0.0,0.0,0.0,1.0,1.0
22,290,11.247668378909305,0.0,0.0,0.0,0.0,0.0,0.0,0.0
23,290,0.5031555003677493,6.884844255330291,0.0,1.0,1.0,1.0,0.0,1.0
24,290,1.1329015163969562,0.0,1.0,1.0,1.0,1.0,0.0,0.0
25,290,8.774313561282941,8.80959260461945,0.0,1.0,0.0,0.0,1.0,1.0
26,290,12.0,0.0,0.0,0.0,0.0,1.0,1.0,1.0
27,290,5.8406242265788775,3.011827548319587,0.0,0.0,0.0,1.0,0.0,1.0
28,290,2.650758158084181,2.9006791673277834,0.0,0.0,0.0,0.0,0.0,0.0
29,290,7.1825890590421215,6.352756970783134,1.0,0.0,0.0,0.0,0.0,0.0
30,290,6.387031404797035,4.9439804499143785,1.0,1.0,0.0,0.0,1.0,1.0
31,290,0.0,9.893097691657491,1.0,1.0,1.0,1.0,0.0,0.0
32,290,12.0,3.205818807699562,0.0,0.0,0.0,1.0,0.0,0.0
33,290,10.346013655247058,0.0,0.0,1.0,0.0,0.0,0.0,0.0
34,290,8.838348194422649,1.040811010841021,0.0,1.0,0.0,0.0,1.0,0.0
35,290,1.7013772266114986,1.9576903178974263,1.0,0.0,0.0,0.0,1.0,0.0
36,290,1.1471891024618568,12.0,0.0,1.0,1.0,0.0,1.0,1.0
37,290,3.398167075627386,0.311339915016917,1.0,0.0,0.0,0.0,1.0,1.0
38,290,12.0,12.0,1.0,0.0,1.0,0.0,1.0,0.0
39,290,5.710735326556404,9.037261742398494,0.0,1.0,1.0,1.0,1.0,1.0
0,295,8.584500659150299,7.427734728969827,0.0,1.0,0.0,1.0,0.0,1.0
1,295,12.0,12.0,1.0,0.0,1.0,1.0,1.0,1.0
2,295,8.3584806134236,12.0,0.0,0.0,0.0,0.0,0.0,0.0
3,295,11.265365686419996,9.101339504588127,0.0,0.0,1.0,0.0,0.0,0.0
4,295,12.0,5.670017386396789,0.0,0.0,1.0,0.0,1.0,0.0
5,295,8.649367226800683,9.797459488201612,1.0,1.0,0.0,0.0,0.0,0.0
6,295,3.570542173966292,5.557681906735446,1.0,0.0,1.0,0.0,1.0,1.0
7,295,6.89861629393543,8.218536459154464,0.0,0.0,0.0,0.0,1.0,0.0
8,295,3.901202266475729,0.1219163916988335,0.0,0.0,1.0,1.0,0.0,1.0
9,295,7.440800977576542,6.95713339002656,1.0,0.0,0.0,1.0,0.0,0.0
10,295,4.273419753157565,0.0,0.0,1.0,1.0,0.0,0.0,0.0
11,295,4.426504485149324,4.0453512454566605,0.0,0.0,0.0,0.0,1.0,1.0
12,295,9.729468439905116,9.396087650021386,0.0,0.0,0.0,0.0,0.0,0.0
13,295,11.40077061559034,10.9256244706826,0.0,1.0,0.0,1.0,1.0,0.0
14,295,5.438077049410815,5.03356336804329,1.0,0.0,0.0,1.0,0.0,0.0
15,295,11.772515719754034,0.828389027643997,0.0,0.0,0.0,0.0,1.0,0.0
16,295,7.634430960011853,0.0,1.0,0.0,0.0,0.0,1.0,0.0
17,295,7.528213849911258,4.786924436205823,1.0,0.0,0.0,1.0,0.0,0.0
18,295,10.68950746044012,10.6337397432767,0.0,0.0,0.0,0.0,0.0,0.0
19,295,3.607293549832336,0.0,0.0,0.0,1.0,1.0,0.0,0.0
20,295,4.182737345710336,0.0,0.0,0.0,0.0,0.0,0.0,0.0
21,295,3.799154565556991,2.185268593574961,0.0,0.0,0.0,0.0,1.0,1.0
22,295,11.18554966941798,0.0,0.0,0.0,0.0,0.0,0.0,0.0
23,295,0.5214713266867489,7.039044436088869,0.0,1.0,1.0,1.0,0.0,1.0
24,295,1.1671678488186925,0.0,1.0,1.0,1.0,1.0,0.0,0.0
25,295,8.803197123983406,8.818603715845917,0.0,1.0,0.0,0.0,1.0,1.0
26,295,12.0,0.0,0.0,0.0,0.0,1.0,1.0,1.0
27,295,5.84190398703677,2.924786875160662,0.0,0.0,0.0,1.0,0.0,1.0
28,295,2.649098427474037,2.897925481373309,0.0,0.0,0.0,0.0,0.0,0.0
29,295,7.179606026180568,6.346044002150417,1.0,0.0,0.0,0.0,0.0,0.0
30,295,6.408423738908016,4.917635915725104,1.0,1.0,0.0,0.0,1.0,1.0
31,295,0.0,9.81164792414661,1.0,1.0,1.0,1.0,0.0,0.0
32,295,12.0,3.243133598493644,0.0,0.0,0.0,1.0,0.0,0.0
33,295,10.323160343437632,0.0,0.0,1.0,0.0,0.0,0.0,0.0
34,295,8.849029282114477,1.0409950383599813,0.0,1.0,0.0,0.0,1.0,0.0
35,295,1.5493871768367045,1.9608449418798644,1.0,0.0,0.0,0.0,1.0,0.0
36,295,1.104198944156796,12.0,0.0,1.0,1.0,0.0,1.0,1.0
37,295,3.4128385050505248,0.2702302124205932,1.0,0.0,0.0,0.0,1.0,1.0
38,295,12.0,12.0,1.0,0.0,1.0,0.0,1.0,0.0
39,295,5.739751783268503,9.030110779031537,0.0,1.0,1.0,1.0,1.0,1.0
