0,0,2.0119008554539795,1.962920489140375,0.0,1.0,0.0,1.0,0.0,1.0
1,0,3.97393939858914,0.0506744372034819,1.0,0.0,1.0,1.0,1.0,1.0
2,0,3.0284685430998177,7.012676043943381,0.0,0.0,0.0,0.0,0.0,0.0
3,0,7.02672685288454,2.0319843537502407,0.0,0.0,1.0,0.0,0.0,0.0
4,0,9.96616130206188,6.997305472864646,0.0,0.0,1.0,0.0,1.0,0.0
5,0,11.0146541994686,12.0,1.0,1.0,0.0,0.0,0.0,0.0
6,0,10.043284986467068,0.0,1.0,0.0,1.0,0.0,1.0,1.0
7,0,10.04260226591136,4.013764526934228,0.0,0.0,0.0,0.0,1.0,0.0
8,0,3.024016552562004,4.068180623971928,0.0,0.0,1.0,1.0,0.0,1.0
9,0,1.04193594822213,0.0,1.0,0.0,0.0,1.0,0.0,0.0
10,0,0.0,1.0184839935239791,0.0,1.0,1.0,0.0,0.0,0.0
11,0,3.9948974337845033,6.054064451041787,0.0,0.0,0.0,0.0,1.0,1.0
12,0,2.031605694238754,1.9449777274371247,0.0,0.0,0.0,0.0,0.0,0.0
13,0,1.0002429641061548,9.056240981125038,0.0,1.0,0.0,1.0,1.0,0.0
14,0,3.003279186235314,3.037616881434335,1.0,0.0,0.0,1.0,0.0,0.0
15,0,10.0418379846569,10.951836333150684,0.0,0.0,0.0,0.0,1.0,0.0
16,0,5.021047406131976,6.958331230265602,1.0,0.0,0.0,0.0,1.0,0.0
17,0,8.027958541592152,3.030815068112571,1.0,0.0,0.0,1.0,0.0,0.0
18,0,4.05557728878518,1.0083626451153953,0.0,0.0,0.0,0.0,0.0,0.0
19,0,1.963604921553865,6.975320433870021,0.0,0.0,1.0,1.0,0.0,0.0
20,0,12.0,0.939773560446434,0.0,0.0,0.0,0.0,0.0,0.0
21,0,0.0065312919199274,2.9568530173640624,0.0,0.0,0.0,0.0,1.0,1.0
22,0,5.010744734411843,0.0806262822679048,0.0,0.0,0.0,0.0,0.0,0.0
23,0,6.055783006990112,7.037001336027725,0.0,1.0,1.0,1.0,0.0,1.0
24,0,12.0,10.96482038452342,1.0,1.0,1.0,1.0,0.0,0.0
25,0,5.934525990317759,12.0,0.0,1.0,0.0,0.0,1.0,1.0
26,0,0.9777351461615312,5.041746588182151,0.0,0.0,0.0,1.0,1.0,1.0
27,0,6.962639258999446,1.9714361263549929,0.0,0.0,0.0,1.0,0.0,1.0
28,0,9.966368839248643,0.98898730857846,0.0,0.0,0.0,0.0,0.0,0.0
29,0,8.004789905577837,8.943175026449472,1.0,0.0,0.0,0.0,0.0,0.0
30,0,6.997391282648171,5.045526792297536,1.0,1.0,0.0,0.0,1.0,1.0
31,0,1.9952552257189988,11.058688764878298,1.0,1.0,1.0,1.0,0.0,0.0
32,0,10.976219771536904,6.024424574697724,0.0,0.0,0.0,1.0,0.0,0.0
33,0,6.077437963528763,2.000607514098029,0.0,1.0,0.0,0.0,0.0,0.0
34,0,12.0,9.010285507193768,0.0,1.0,0.0,0.0,1.0,0.0
35,0,6.979837487876914,10.921374862018784,1.0,0.0,0.0,0.0,1.0,0.0
36,0,3.038585818044069,0.0150855812432276,0.0,1.0,1.0,0.0,1.0,1.0
37,0,10.941070194086477,3.030499714754017,1.0,0.0,0.0,0.0,1.0,1.0
38,0,2.9653834924289453,5.944309343144351,1.0,0.0,1.0,0.0,1.0,0.0
39,0,11.027746350532617,1.957346255598754,0.0,1.0,1.0,1.0,1.0,1.0
0,5,2.0212355906089123,1.9342816749030427,0.0,1.0,0.0,1.0,0.0,1.0
1,5,3.944874341933228,0.1054374764832013,1.0,0.0,1.0,1.0,1.0,1.0
2,5,3.0518982638463314,7.022200975083535,0.0,0.0,0.0,0.0,0.0,0.0
3,5,7.04631376082116,2.0562725552920087,0.0,0.0,1.0,0.0,0.0,0.0
4,5,9.915156152132438,6.992868562282903,0.0,0.0,1.0,0.0,1.0,0.0
5,5,11.026870637868642,12.0,1.0,1.0,0.0,0.0,0.0,0.0
6,5,10.086921739308757,0.0,1.0,0.0,1.0,0.0,1.0,1.0
7,5,10.060316701182016,4.019713928482192,0.0,0.0,0.0,0.0,1.0,0.0
8,5,3.0463986900242683,4.13305485167108,0.0,0.0,1.0,1.0,0.0,1.0
9,5,1.0873128026170265,0.0,1.0,0.0,0.0,1.0,0.0,0.0
10,5,0.0,1.0354727851401035,0.0,1.0,1.0,0.0,0.0,0.0
11,5,3.987130456601256,6.120269873333274,0.0,0.0,0.0,0.0,1.0,1.0
12,5,2.0574118864329902,1.903317680374612,0.0,0.0,0.0,0.0,0.0,0.0
13,5,1.0003936011166896,9.097061427477367,0.0,1.0,0.0,1.0,1.0,0.0
14,5,3.005326454231532,3.071450464621002,1.0,0.0,0.0,1.0,0.0,0.0
15,5,10.082630229868194,10.906640431045314,0.0,0.0,0.0,0.0,1.0,0.0
16,5,5.04997545749228,6.902225428453379,1.0,0.0,0.0,0.0,1.0,0.0
17,5,8.053399091972235,3.05730939567329,1.0,0.0,0.0,1.0,0.0,0.0
18,5,4.105553911675503,1.0164355729770769,0.0,0.0,0.0,0.0,0.0,0.0
19,5,1.9309846278465608,6.952726035016212,0.0,0.0,1.0,1.0,0.0,0.0
20,5,12.0,0.8928374224041133,0.0,0.0,0.0,0.0,0.0,0.0
21,5,0.0135076009223388,2.900434732222614,0.0,0.0,0.0,0.0,1.0,1.0
22,5,5.020892715495417,0.1509063688405389,0.0,0.0,0.0,0.0,0.0,0.0
23,5,6.124557132335964,7.082835814314914,0.0,1.0,1.0,1.0,0.0,1.0
24,5,12.0,10.92984012047013,1.0,1.0,1.0,1.0,0.0,0.0
25,5,5.874902990751143,12.0,0.0,1.0,0.0,0.0,1.0,1.0
26,5,0.9647842417423286,5.066049296571241,0.0,0.0,0.0,1.0,1.0,1.0
27,5,6.9079779736249485,1.9285966131943304,0.0,0.0,0.0,1.0,0.0,1.0
28,5,9.913375808509016,0.9724884010208048,0.0,0.0,0.0,0.0,0.0,0.0
29,5,8.009971077363895,8.887438961824703,1.0,0.0,0.0,0.0,0.0,0.0
30,5,6.991908736228755,5.112214728165018,1.0,1.0,0.0,0.0,1.0,1.0
31,5,1.9896262023722144,11.129853107612272,1.0,1.0,1.0,1.0,0.0,0.0
32,5,10.942744392107045,6.057766706973281,0.0,0.0,0.0,1.0,0.0,0.0
33,5,6.164535828928152,2.000156646294698,0.0,1.0,0.0,0.0,0.0,0.0
34,5,12.0,9.019578936222045,0.0,1.0,0.0,0.0,1.0,0.0
35,5,6.960184722182489,10.83825348935632,1.0,0.0,0.0,0.0,1.0,0.0
36,5,3.0910835381627537,0.0360860159457625,0.0,1.0,1.0,0.0,1.0,1.0
37,5,10.868476002019689,3.0716056635078304,1.0,0.0,0.0,0.0,1.0,1.0
38,5,2.930744845336342,5.889231982364263,1.0,0.0,1.0,0.0,1.0,0.0
39,5,11.035758045717722,1.9454231638933628,0.0,1.0,1.0,1.0,1.0,1.0
0,10,2.040011366393451,1.8773727152152115,0.0,1.0,0.0,1.0,0.0,1.0
1,10,3.914045401059352,0.1615536234298089,1.0,0.0,1.0,1.0,1.0,1.0
2,10,3.079754613389662,7.034353538444819,0.0,0.0,0.0,0.0,0.0,0.0
3,10,7.069422987517694,2.0854506738677787,0.0,0.0,1.0,0.0,0.0,0.0
4,10,9.85499443816607,6.989045383624846,0.0,0.0,1.0,0.0,1.0,0.0
5,10,11.041139027573935,12.0,1.0,1.0,0.0,0.0,0.0,0.0
6,10,10.114059953698852,0.0,1.0,0.0,1.0,0.0,1.0,1.0
7,10,10.079402564051168,4.026065365847132,0.0,0.0,0.0,0.0,1.0,0.0
8,10,3.0694584929840167,4.196272187289247,0.0,0.0,1.0,1.0,0.0,1.0
9,10,1.136356115015361,0.0,1.0,0.0,0.0,1.0,0.0,0.0
10,10,0.0,1.0514514205580183,0.0,1.0,1.0,0.0,0.0,0.0
11,10,3.979728339588871,6.185630400525935,0.0,0.0,0.0,0.0,1.0,1.0
12,10,2.077760326370448,1.8705866820978312,0.0,0.0,0.0,0.0,0.0,0.0
13,10,1.0010885142921295,9.135610893215391,0.0,1.0,0.0,1.0,1.0,0.0
14,10,3.008473061838849,3.1162918302659293,1.0,0.0,0.0,1.0,0.0,0.0
15,10,10.129658029417833,10.857908944769074,0.0,0.0,0.0,0.0,1.0,0.0
16,10,5.082852956127272,6.839874061869188,1.0,0.0,0.0,0.0,1.0,0.0
17,10,8.085738202607127,3.0917056231698714,1.0,0.0,0.0,1.0,0.0,0.0
18,10,4.14394163735449,1.022874548347834,0.0,0.0,0.0,0.0,0.0,0.0
19,10,1.89180989109546,6.925970057409515,0.0,0.0,1.0,1.0,0.0,0.0
20,10,12.0,0.854455157759456,0.0,0.0,0.0,0.0,0.0,0.0
21,10,0.0178498545098155,2.8725638987550437,0.0,0.0,0.0,0.0,1.0,1.0
22,10,5.029063094639924,0.2014933782329668,0.0,0.0,0.0,0.0,0.0,0.0
23,10,6.178416229562011,7.118153009742074,0.0,1.0,1.0,1.0,0.0,1.0
24,10,12.0,10.901080722149755,1.0,1.0,1.0,1.0,0.0,0.0
25,10,5.821204118842235,12.0,0.0,1.0,0.0,0.0,1.0,1.0
26,10,0.9358471399486512,5.115976677409042,0.0,0.0,0.0,1.0,1.0,1.0
27,10,6.861397437360622,1.893484789242952,0.0,0.0,0.0,1.0,0.0,1.0
28,10,9.858967456127212,0.9563480169562628,0.0,0.0,0.0,0.0,0.0,0.0
29,10,8.015430083496666,8.824342296597909,1.0,0.0,0.0,0.0,0.0,0.0
30,10,6.987067860477982,5.193904669722057,1.0,1.0,0.0,0.0,1.0,1.0
31,10,1.9831717294932083,11.203442856512796,1.0,1.0,1.0,1.0,0.0,0.0
32,10,10.890002380655543,6.108145026148115,0.0,0.0,0.0,1.0,0.0,0.0
33,10,6.278128481029041,2.0000398877512597,0.0,1.0,0.0,0.0,0.0,0.0
34,10,12.0,9.026843334032154,0.0,1.0,0.0,0.0,1.0,0.0
35,10,6.944552763963009,10.778154170204834,1.0,0.0,0.0,0.0,1.0,0.0
36,10,3.1639692347907955,0.0643449225006207,0.0,1.0,1.0,0.0,1.0,1.0
37,10,10.789526498611949,3.1199123893790155,1.0,0.0,0.0,0.0,1.0,1.0
38,10,2.884927084951707,5.814743265227545,1.0,0.0,1.0,0.0,1.0,0.0
39,10,11.051424283241785,1.922350163290048,0.0,1.0,1.0,1.0,1.0,1.0
0,15,2.055050585805264,1.8315148500612144,0.0,1.0,0.0,1.0,0.0,1.0
1,15,3.8774520377446366,0.2291433844438764,1.0,0.0,1.0,1.0,1.0,1.0
2,15,3.097621230450534,7.042744636727599,0.0,0.0,0.0,0.0,0.0,0.0
3,15,7.080827686646619,2.1003339674454597,0.0,0.0,1.0,0.0,0.0,0.0
4,15,9.8050903999518,6.985003397322837,0.0,0.0,1.0,0.0,1.0,0.0
5,15,11.057426215602332,12.0,1.0,1.0,0.0,0.0,0.0,0.0
6,15,10.126797390821665,0.0,1.0,0.0,1.0,0.0,1.0,1.0
7,15,10.110613769348374,4.036696628558115,0.0,0.0,0.0,0.0,1.0,0.0
8,15,3.089414010844922,4.254560519566958,0.0,0.0,1.0,1.0,0.0,1.0
9,15,1.1752960441717242,0.0,1.0,0.0,0.0,1.0,0.0,0.0
10,15,0.0,1.068019602668271,0.0,1.0,1.0,0.0,0.0,0.0
11,15,3.973408102367403,6.260469852351968,0.0,0.0,0.0,0.0,1.0,1.0
12,15,2.084182574867301,1.85974699936513,0.0,0.0,0.0,0.0,0.0,0.0
13,15,1.0040471933853627,9.212909577355326,0.0,1.0,0.0,1.0,1.0,0.0
14,15,3.0102303452379884,3.1472115170309,1.0,0.0,0.0,1.0,0.0,0.0
15,15,10.168412140526172,10.81738762413547,0.0,0.0,0.0,0.0,1.0,0.0
16,15,5.107949334301198,6.7921179288088,1.0,0.0,0.0,0.0,1.0,0.0
17,15,8.11045372945653,3.11710116957986,1.0,0.0,0.0,1.0,0.0,0.0
18,15,4.181988336392382,1.028677832338953,0.0,0.0,0.0,0.0,0.0,0.0
19,15,1.8571817908514503,6.902507048244527,0.0,0.0,1.0,1.0,0.0,0.0
20,15,12.0,0.8336015649058357,0.0,0.0,0.0,0.0,0.0,0.0
21,15,0.0211966752805297,2.8533647637220096,0.0,0.0,0.0,0.0,1.0,1.0
22,15,5.037854486606587,0.248477247305209,0.0,0.0,0.0,0.0,0.0,0.0
23,15,6.232641646405433,7.155366804415865,0.0,1.0,1.0,1.0,0.0,1.0
24,15,12.0,10.864808843494192,1.0,1.0,1.0,1.0,0.0,0.0
25,15,5.767318966336691,12.0,0.0,1.0,0.0,0.0,1.0,1.0
26,15,0.9068191928692664,5.167433355640535,0.0,0.0,0.0,1.0,1.0,1.0
27,15,6.811379678462923,1.854811640532648,0.0,0.0,0.0,1.0,0.0,1.0
28,15,9.789689540241588,0.9381256885415344,0.0,0.0,0.0,0.0,0.0,0.0
29,15,8.021856070797925,8.761382885437618,1.0,0.0,0.0,0.0,0.0,0.0
30,15,6.983043169213045,5.259989021690344,1.0,1.0,0.0,0.0,1.0,1.0
31,15,1.9759397424434708,11.27321291578746,1.0,1.0,1.0,1.0,0.0,0.0
32,15,10.826570267108478,6.168339408173875,0.0,0.0,0.0,1.0,0.0,0.0
33,15,6.3786344085869136,1.998240268815626,0.0,1.0,0.0,0.0,0.0,0.0
34,15,12.0,9.03336960124112,0.0,1.0,0.0,0.0,1.0,0.0
35,15,6.925569286984652,10.709846216153768,1.0,0.0,0.0,0.0,1.0,0.0
36,15,3.2104536677845767,0.0820221647369497,0.0,1.0,1.0,0.0,1.0,1.0
37,15,10.699118920012646,3.1767106346417773,1.0,0.0,0.0,0.0,1.0,1.0
38,15,2.846291959852298,5.753337291070631,1.0,0.0,1.0,0.0,1.0,0.0
39,15,11.062229510497888,1.906125828647384,0.0,1.0,1.0,1.0,1.0,1.0
0,20,2.0736798378504044,1.7697504056449145,0.0,1.0,0.0,1.0,0.0,1.0
1,20,3.840605085088935,0.2989432720477793,1.0,0.0,1.0,1.0,1.0,1.0
2,20,3.130346920827795,7.057578544101578,0.0,0.0,0.0,0.0,0.0,0.0
3,20,7.106884968222023,2.134194197734847,0.0,0.0,1.0,0.0,0.0,0.0
4,20,9.762971743766707,6.980609292307786,0.0,0.0,1.0,0.0,1.0,0.0
5,20,11.074640044371105,12.0,1.0,1.0,0.0,0.0,0.0,0.0
6,20,10.129014403685376,0.0,1.0,0.0,1.0,0.0,1.0,1.0
7,20,10.146572318668005,4.048725085918978,0.0,0.0,0.0,0.0,1.0,0.0
8,20,3.1071166207099044,4.303519465737149,0.0,0.0,1.0,1.0,0.0,1.0
9,20,1.2211999962688218,0.0,1.0,0.0,0.0,1.0,0.0,0.0
10,20,0.0,1.0850622584336351,0.0,1.0,1.0,0.0,0.0,0.0
11,20,3.9685243844614457,6.32715093377655,0.0,0.0,0.0,0.0,1.0,1.0
12,20,2.0938976175384667,1.8421901911964584,0.0,0.0,0.0,0.0,0.0,0.0
13,20,1.0087616448372738,9.301322162446382,0.0,1.0,0.0,1.0,1.0,0.0
14,20,3.0120691931194927,3.1704531287425324,1.0,0.0,0.0,1.0,0.0,0.0
15,20,10.234448698209269,10.749461588114707,0.0,0.0,0.0,0.0,1.0,0.0
16,20,5.12576302048407,6.759739266580078,1.0,0.0,0.0,0.0,1.0,0.0
17,20,8.143997873567308,3.15118002947144,1.0,0.0,0.0,1.0,0.0,0.0
18,20,4.227655817923683,1.036041580694685,0.0,0.0,0.0,0.0,0.0,0.0
19,20,1.830231424686873,6.884934654254655,0.0,0.0,1.0,1.0,0.0,0.0
20,20,12.0,0.8212646495344699,0.0,0.0,0.0,0.0,0.0,0.0
21,20,0.0261388968670706,2.8258161192950464,0.0,0.0,0.0,0.0,1.0,1.0
22,20,5.045950905579742,0.2956036342323023,0.0,0.0,0.0,0.0,0.0,0.0
23,20,6.274596114695583,7.182613814608297,0.0,1.0,1.0,1.0,0.0,1.0
24,20,12.0,10.826326556362384,1.0,1.0,1.0,1.0,0.0,0.0
25,20,5.724541809033746,12.0,0.0,1.0,0.0,0.0,1.0,1.0
26,20,0.8766941303192631,5.220469513420244,0.0,0.0,0.0,1.0,1.0,1.0
27,20,6.756634936802879,1.812179566490849,0.0,0.0,0.0,1.0,0.0,1.0
28,20,9.738011261362502,0.9263250389363944,0.0,0.0,0.0,0.0,0.0,0.0
29,20,8.028242301873018,8.705733349727536,1.0,0.0,0.0,0.0,0.0,0.0
30,20,6.980248646957633,5.330357459886919,1.0,1.0,0.0,0.0,1.0,1.0
31,20,1.9679931950521512,11.35906998167828,1.0,1.0,1.0,1.0,0.0,0.0
32,20,10.77805160592583,6.212433908903147,0.0,0.0,0.0,1.0,0.0,0.0
33,20,6.490177440506692,1.9947237416285413,0.0,1.0,0.0,0.0,0.0,0.0
34,20,12.0,9.040790932298446,0.0,1.0,0.0,0.0,1.0,0.0
35,20,6.908894540181589,10.64490957570853,1.0,0.0,0.0,0.0,1.0,0.0
36,20,3.272482905654078,0.1055050309898127,0.0,1.0,1.0,0.0,1.0,1.0
37,20,10.609272098358844,3.232050770424629,1.0,0.0,0.0,0.0,1.0,1.0
38,20,2.812702922705016,5.698973125161154,1.0,0.0,1.0,0.0,1.0,0.0
39,20,11.067035065953256,1.899126466506645,0.0,1.0,1.0,1.0,1.0,1.0
0,25,2.089083934963201,1.7116677125035882,0.0,1.0,0.0,1.0,0.0,1.0
1,25,3.8033555565486368,0.3681812500099599,1.0,0.0,1.0,1.0,1.0,1.0
2,25,3.1625788765547544,7.074158810517475,0.0,0.0,0.0,0.0,0.0,0.0
3,25,7.1333818708846914,2.1681321191487597,0.0,0.0,1.0,0.0,0.0,0.0
4,25,9.714764375983316,6.974391471125012,0.0,0.0,1.0,0.0,1.0,0.0
5,25,11.091420188915173,12.0,1.0,1.0,0.0,0.0,0.0,0.0
6,25,10.170025361099682,0.0,1.0,0.0,1.0,0.0,1.0,1.0
7,25,10.180005343149924,4.060255756000861,0.0,0.0,0.0,0.0,1.0,0.0
8,25,3.121088807032463,4.343264121422789,0.0,0.0,1.0,1.0,0.0,1.0
9,25,1.2686318122563482,0.0,1.0,0.0,0.0,1.0,0.0,0.0
10,25,0.0,1.099226898591769,0.0,1.0,1.0,0.0,0.0,0.0
11,25,3.960767075674095,6.4319643917828815,0.0,0.0,0.0,0.0,1.0,1.0
12,25,2.107717886316105,1.8166926818433,0.0,0.0,0.0,0.0,0.0,0.0
13,25,1.015319164356763,9.401498747164595,0.0,1.0,0.0,1.0,1.0,0.0
14,25,3.013012207878341,3.184667385898284,1.0,0.0,0.0,1.0,0.0,0.0
15,25,10.291901406107035,10.68966383164118,0.0,0.0,0.0,0.0,1.0,0.0
16,25,5.1582804819635735,6.7030061766424005,1.0,0.0,0.0,0.0,1.0,0.0
17,25,8.172454086752822,3.180627557893074,1.0,0.0,0.0,1.0,0.0,0.0
18,25,4.269949798572278,1.042949625432284,0.0,0.0,0.0,0.0,0.0,0.0
19,25,1.806941906395272,6.869751742857096,0.0,0.0,1.0,1.0,0.0,0.0
20,25,11.995277309623296,0.8294501243417439,0.0,0.0,0.0,0.0,0.0,0.0
21,25,0.0301095926275032,2.803078376242175,0.0,0.0,0.0,0.0,1.0,1.0
22,25,5.0570433722776045,0.3645644857090597,0.0,0.0,0.0,0.0,0.0,0.0
23,25,6.306151924106231,7.201850002438558,0.0,1.0,1.0,1.0,0.0,1.0
24,25,12.0,10.779719137551265,1.0,1.0,1.0,1.0,0.0,0.0
25,25,5.67584306453206,12.0,0.0,1.0,0.0,0.0,1.0,1.0
26,25,0.8476964041574688,5.270431391273435,0.0,0.0,0.0,1.0,1.0,1.0
27,25,6.718703853071047,1.7824486281521748,0.0,0.0,0.0,1.0,0.0,1.0
28,25,9.678567891310184,0.9132082231414032,0.0,0.0,0.0,0.0,0.0,0.0
29,25,8.036015891497371,8.637610754196896,1.0,0.0,0.0,0.0,0.0,0.0
30,25,6.978520953575488,5.394138264614697,1.0,1.0,0.0,0.0,1.0,1.0
31,25,1.9587846664361968,11.436466010798188,1.0,1.0,1.0,1.0,0.0,0.0
32,25,10.747389876653047,6.2395107926382005,0.0,0.0,0.0,1.0,0.0,0.0
33,25,6.600049790516605,1.9935945518416232,0.0,1.0,0.0,0.0,0.0,0.0
34,25,12.0,9.047599731245484,0.0,1.0,0.0,0.0,1.0,0.0
35,25,6.894219765205516,10.588306638323957,1.0,0.0,0.0,0.0,1.0,0.0
36,25,3.3184693509656045,0.1232453538992335,0.0,1.0,1.0,0.0,1.0,1.0
37,25,10.541845060948251,3.274905724093446,1.0,0.0,0.0,0.0,1.0,1.0
38,25,2.782151108157384,5.649647364198112,1.0,0.0,1.0,0.0,1.0,0.0
39,25,11.058059565427888,1.911660484567122,0.0,1.0,1.0,1.0,1.0,1.0
0,30,2.100947562002881,1.6685167818327111,0.0,1.0,0.0,1.0,0.0,1.0
1,30,3.763507079185996,0.4375708254787782,1.0,0.0,1.0,1.0,1.0,1.0
2,30,3.186248916567084,7.086449583567148,0.0,0.0,0.0,0.0,0.0,0.0
3,30,7.16948763694444,2.214906269222116,0.0,0.0,1.0,0.0,0.0,0.0
4,30,9.661231217831885,6.966254215984845,0.0,0.0,1.0,0.0,1.0,0.0
5,30,11.108121752006944,12.0,1.0,1.0,0.0,0.0,0.0,0.0
6,30,10.225879642229176,0.0,1.0,0.0,1.0,0.0,1.0,1.0
7,30,10.19801280301197,4.065833831905498,0.0,0.0,0.0,0.0,1.0,0.0
8,30,3.138483958814138,4.39355910230075,0.0,0.0,1.0,1.0,0.0,1.0
9,30,1.3200569738911456,0.0,1.0,0.0,0.0,1.0,0.0,0.0
10,30,0.0,1.112228213462114,0.0,1.0,1.0,0.0,0.0,0.0
11,30,3.954209834122736,6.540151383604295,0.0,0.0,0.0,0.0,1.0,1.0
12,30,2.1255126048295168,1.7858248401095915,0.0,0.0,0.0,0.0,0.0,0.0
13,30,1.0192116714331456,9.497284635326324,0.0,1.0,0.0,1.0,1.0,0.0
14,30,3.013807045898588,3.198629588504237,1.0,0.0,0.0,1.0,0.0,0.0
15,30,10.337934100374474,10.638073354744389,0.0,0.0,0.0,0.0,1.0,0.0
16,30,5.202717818443288,6.628832028228458,1.0,0.0,0.0,0.0,1.0,0.0
17,30,8.206307544846904,3.21311252547712,1.0,0.0,0.0,1.0,0.0,0.0
18,30,4.308648133929685,1.0498548612210412,0.0,0.0,0.0,0.0,0.0,0.0
19,30,1.7623757852608442,6.842667281646974,0.0,0.0,1.0,1.0,0.0,0.0
20,30,11.974958354767988,0.8629910633237555,0.0,0.0,0.0,0.0,0.0,0.0
21,30,0.0314290471681757,2.793639755952986,0.0,0.0,0.0,0.0,1.0,1.0
22,30,5.069212355982279,0.4444389349289877,0.0,0.0,0.0,0.0,0.0,0.0
23,30,6.33332188933991,7.155851352488939,0.0,1.0,1.0,1.0,0.0,1.0
24,30,12.0,10.74328461731669,1.0,1.0,1.0,1.0,0.0,0.0
25,30,5.614944040990782,12.0,0.0,1.0,0.0,0.0,1.0,1.0
26,30,0.8284668108738157,5.303723071304945,0.0,0.0,0.0,1.0,1.0,1.0
27,30,6.67113116949718,1.7455365824010882,0.0,0.0,0.0,1.0,0.0,1.0
28,30,9.62210957264472,0.9001914204189794,0.0,0.0,0.0,0.0,0.0,0.0
29,30,8.044615799268906,8.564684976497189,1.0,0.0,0.0,0.0,0.0,0.0
30,30,6.97613845222094,5.466881609844268,1.0,1.0,0.0,0.0,1.0,1.0
31,30,1.9490671380882951,11.50479729984139,1.0,1.0,1.0,1.0,0.0,0.0
32,30,10.707086319625406,6.2753470436533245,0.0,0.0,0.0,1.0,0.0,0.0
33,30,6.710402182735504,1.991742557342362,0.0,1.0,0.0,0.0,0.0,0.0
34,30,12.0,9.053618523668732,0.0,1.0,0.0,0.0,1.0,0.0
35,30,6.882271748671359,10.539636737607465,1.0,0.0,0.0,0.0,1.0,0.0
36,30,3.3476981151879235,0.1353106584265684,0.0,1.0,1.0,0.0,1.0,1.0
37,30,10.474195744221545,3.320423713481485,1.0,0.0,0.0,0.0,1.0,1.0
38,30,2.763890802526711,5.6194092764103605,1.0,0.0,1.0,0.0,1.0,0.0
39,30,11.06546041611985,1.901368401816295,0.0,1.0,1.0,1.0,1.0,1.0
0,35,2.1134317757725163,1.6246965771653452,0.0,1.0,0.0,1.0,0.0,1.0
1,35,3.721795913750273,0.5132784743281645,1.0,0.0,1.0,1.0,1.0,1.0
2,35,3.1957430097657538,7.091191356235012,0.0,0.0,0.0,0.0,0.0,0.0
3,35,7.211826637859087,2.2697164694183085,0.0,0.0,1.0,0.0,0.0,0.0
4,35,9.621925584341074,6.960125054979179,0.0,0.0,1.0,0.0,1.0,0.0
5,35,11.124552065721597,12.0,1.0,1.0,0.0,0.0,0.0,0.0
6,35,10.257275267951298,0.0,1.0,0.0,1.0,0.0,1.0,1.0
7,35,10.212214734375747,4.070418293462956,0.0,0.0,0.0,0.0,1.0,0.0
8,35,3.1559691393280205,4.446495602169742,0.0,0.0,1.0,1.0,0.0,1.0
9,35,1.3640925195283269,0.0,1.0,0.0,0.0,1.0,0.0,0.0
10,35,0.0,1.1225264479919663,0.0,1.0,1.0,0.0,0.0,0.0
11,35,3.944207347262836,6.654978724275167,0.0,0.0,0.0,0.0,1.0,1.0
12,35,2.142629409094248,1.754983814340919,0.0,0.0,0.0,0.0,0.0,0.0
13,35,1.0217319938339928,9.575257870703735,0.0,1.0,0.0,1.0,1.0,0.0
14,35,3.01372750496508,3.1959372531628456,1.0,0.0,0.0,1.0,0.0,0.0
15,35,10.38599070342445,10.586293642867645,0.0,0.0,0.0,0.0,1.0,0.0
16,35,5.254186614848012,6.541323629976118,1.0,0.0,0.0,0.0,1.0,0.0
17,35,8.248165106663468,3.252229036418893,1.0,0.0,0.0,1.0,0.0,0.0
18,35,4.342698646604875,1.0558629875183103,0.0,0.0,0.0,0.0,0.0,0.0
19,35,1.721091507896047,6.817872090296422,0.0,0.0,1.0,1.0,0.0,0.0
20,35,12.0,0.8907409754682275,0.0,0.0,0.0,0.0,0.0,0.0
21,35,0.0319324932111931,2.7892752951913447,0.0,0.0,0.0,0.0,1.0,1.0
22,35,5.171998312971557,0.4287182656816595,0.0,0.0,0.0,0.0,0.0,0.0
23,35,6.373454468958766,7.090159331381724,0.0,1.0,1.0,1.0,0.0,1.0
24,35,12.0,10.704547285814554,1.0,1.0,1.0,1.0,0.0,0.0
25,35,5.566011772037187,12.0,0.0,1.0,0.0,0.0,1.0,1.0
26,35,0.8105869068399918,5.333338629334858,0.0,0.0,0.0,1.0,1.0,1.0
27,35,6.613561630779752,1.7013058493433313,0.0,0.0,0.0,1.0,0.0,1.0
28,35,9.560445662996427,0.8852457871011051,0.0,0.0,0.0,0.0,0.0,0.0
29,35,8.054276820734334,8.465753635903615,1.0,0.0,0.0,0.0,0.0,0.0
30,35,6.97354188464175,5.543711196647072,1.0,1.0,0.0,0.0,1.0,1.0
31,35,1.9439338976016267,11.546670300407836,1.0,1.0,1.0,1.0,0.0,0.0
32,35,10.658324051867526,6.320466258236498,0.0,0.0,0.0,1.0,0.0,0.0
33,35,6.829784479771516,1.986993304526549,0.0,1.0,0.0,0.0,0.0,0.0
34,35,12.0,9.060355142489325,0.0,1.0,0.0,0.0,1.0,0.0
35,35,6.863529493048675,10.466281673824394,1.0,0.0,0.0,0.0,1.0,0.0
36,35,3.3915727260114616,0.1517380788084573,0.0,1.0,1.0,0.0,1.0,1.0
37,35,10.4125512561196,3.362823138555472,1.0,0.0,0.0,0.0,1.0,1.0
38,35,2.7507519792151505,5.597313938979817,1.0,0.0,1.0,0.0,1.0,0.0
39,35,11.065973281211797,1.9006578525163025,0.0,1.0,1.0,1.0,1.0,1.0
0,40,2.1272193269834774,1.572333597237496,0.0,1.0,0.0,1.0,0.0,1.0
1,40,3.683644364854968,0.58842090447045,1.0,0.0,1.0,1.0,1.0,1.0
2,40,3.211022484802774,7.099080021959188,0.0,0.0,0.0,0.0,0.0,0.0
3,40,7.242469514905134,2.3080253449641206,0.0,0.0,1.0,0.0,0.0,0.0
4,40,9.589191840461664,6.953450485998656,0.0,0.0,1.0,0.0,1.0,0.0
5,40,11.139310810855555,12.0,1.0,1.0,0.0,0.0,0.0,0.0
6,40,10.305291500005431,0.0,1.0,0.0,1.0,0.0,1.0,1.0
7,40,10.240252346583402,4.078694491491735,0.0,0.0,0.0,0.0,1.0,0.0
8,40,3.17134537286793,4.49064878136304,0.0,0.0,1.0,1.0,0.0,1.0
9,40,1.414334524488758,0.0,1.0,0.0,0.0,1.0,0.0,0.0
10,40,0.0,1.1330188047388676,0.0,1.0,1.0,0.0,0.0,0.0
11,40,3.935949998699369,6.750887423803008,0.0,0.0,0.0,0.0,1.0,1.0
12,40,2.167287909552436,1.709497303082473,0.0,0.0,0.0,0.0,0.0,0.0
13,40,1.0221849259843845,9.66555702638175,0.0,1.0,0.0,1.0,1.0,0.0
14,40,3.013391956982063,3.186874131767288,1.0,0.0,0.0,1.0,0.0,0.0
15,40,10.44079900131524,10.526076858466151,0.0,0.0,0.0,0.0,1.0,0.0
16,40,5.310852678493452,6.446352471160108,1.0,0.0,0.0,0.0,1.0,0.0
17,40,8.289859279403549,3.294594309361571,1.0,0.0,0.0,1.0,0.0,0.0
18,40,4.38418453562557,1.061139276869801,0.0,0.0,0.0,0.0,0.0,0.0
19,40,1.673330443233815,6.788672567462309,0.0,0.0,1.0,1.0,0.0,0.0
20,40,12.0,0.9226990700202344,0.0,0.0,0.0,0.0,0.0,0.0
21,40,0.0359900776430576,2.758115762881519,0.0,0.0,0.0,0.0,1.0,1.0
22,40,5.254315178543641,0.4177714118185668,0.0,0.0,0.0,0.0,0.0,0.0
23,40,6.415993847605685,7.021018045076702,0.0,1.0,1.0,1.0,0.0,1.0
24,40,12.0,10.67326067156363,1.0,1.0,1.0,1.0,0.0,0.0
25,40,5.506154765270747,12.0,0.0,1.0,0.0,0.0,1.0,1.0
26,40,0.8106788566159265,5.333170472584582,0.0,0.0,0.0,1.0,1.0,1.0
27,40,6.5519638984324935,1.6525664206588178,0.0,0.0,0.0,1.0,0.0,1.0
28,40,9.49108988733064,0.8675385292062634,0.0,0.0,0.0,0.0,0.0,0.0
29,40,8.06476108547198,8.370884039443993,1.0,0.0,0.0,0.0,0.0,0.0
30,40,6.971508303435484,5.611123593343765,1.0,1.0,0.0,0.0,1.0,1.0
31,40,1.935780834549813,11.609032301352922,1.0,1.0,1.0,1.0,0.0,0.0
32,40,10.600300479293558,6.37403589225061,0.0,0.0,0.0,1.0,0.0,0.0
33,40,6.942160824646391,1.9797026960035016,0.0,1.0,0.0,0.0,0.0,0.0
34,40,12.0,9.066447656035155,0.0,1.0,0.0,0.0,1.0,0.0
35,40,6.843349951268698,10.391534595132462,1.0,0.0,0.0,0.0,1.0,0.0
36,40,3.425672586096812,0.1652979651828622,0.0,1.0,1.0,0.0,1.0,1.0
37,40,10.353360262286875,3.405116021730799,1.0,0.0,0.0,0.0,1.0,1.0
38,40,2.7474221315639125,5.591939524187659,1.0,0.0,1.0,0.0,1.0,0.0
39,40,11.07931967375163,1.8831954496076464,0.0,1.0,1.0,1.0,1.0,1.0
0,45,2.1383378607712995,1.5322159608309365,0.0,1.0,0.0,1.0,0.0,1.0
1,45,3.636968049625732,0.6830743094933265,1.0,0.0,1.0,1.0,1.0,1.0
2,45,3.214586050418069,7.10096922201032,0.0,0.0,0.0,0.0,0.0,0.0
3,45,7.270614892841815,2.3443633897299727,0.0,0.0,1.0,0.0,0.0,0.0
4,45,9.570878134146136,6.949489544299831,0.0,0.0,1.0,0.0,1.0,0.0
5,45,11.151088702869444,12.0,1.0,1.0,0.0,0.0,0.0,0.0
6,45,10.369911525879685,0.0,1.0,0.0,1.0,0.0,1.0,1.0
7,45,10.269339660741172,4.086413882705108,0.0,0.0,0.0,0.0,1.0,0.0
8,45,3.1833962559323075,4.526174191425145,0.0,0.0,1.0,1.0,0.0,1.0
9,45,1.4715790011184782,0.0,1.0,0.0,0.0,1.0,0.0,0.0
10,45,0.0,1.141678829023908,0.0,1.0,1.0,0.0,0.0,0.0
11,45,3.927594707064204,6.851589721066576,0.0,0.0,0.0,0.0,1.0,1.0
12,45,2.1957054429662293,1.6595668193310442,0.0,0.0,0.0,0.0,0.0,0.0
13,45,1.0264900513124158,9.76078033241155,0.0,1.0,0.0,1.0,1.0,0.0
14,45,3.0134538260026207,3.1880478666549625,1.0,0.0,0.0,1.0,0.0,0.0
15,45,10.49073290084129,10.473402706574266,0.0,0.0,0.0,0.0,1.0,0.0
16,45,5.369781310603049,6.355381362486527,1.0,0.0,0.0,0.0,1.0,0.0
17,45,8.3270766008054,3.3349037629348386,1.0,0.0,0.0,1.0,0.0,0.0
18,45,4.420510238474365,1.06637883896295,0.0,0.0,0.0,0.0,0.0,0.0
19,45,1.621986772938477,6.759988012589228,0.0,0.0,1.0,1.0,0.0,0.0
20,45,12.0,0.9607809274246092,0.0,0.0,0.0,0.0,0.0,0.0
21,45,0.0443099990233458,2.699893278002921,0.0,0.0,0.0,0.0,1.0,1.0
22,45,5.340611207132927,0.4082474222850767,0.0,0.0,0.0,0.0,0.0,0.0
23,45,6.461220954097591,6.946989788142199,0.0,1.0,1.0,1.0,0.0,1.0
24,45,12.0,10.644349511933669,1.0,1.0,1.0,1.0,0.0,0.0
25,45,5.438340433219393,12.0,0.0,1.0,0.0,0.0,1.0,1.0
26,45,0.8077954003460655,5.33877504359032,0.0,0.0,0.0,1.0,1.0,1.0
27,45,6.481918274506539,1.5997103123811551,0.0,0.0,0.0,1.0,0.0,1.0
28,45,9.422836714577084,0.8500466886573042,0.0,0.0,0.0,0.0,0.0,0.0
29,45,8.076905326632948,8.259415528110928,1.0,0.0,0.0,0.0,0.0,0.0
30,45,6.96861381003291,5.6939066583286495,1.0,1.0,0.0,0.0,1.0,1.0
31,45,1.930003373597111,11.663021615546764,1.0,1.0,1.0,1.0,0.0,0.0
32,45,10.532995671293111,6.43361434268699,0.0,0.0,0.0,1.0,0.0,0.0
33,45,7.05357661619176,1.974863474046521,0.0,1.0,0.0,0.0,0.0,0.0
34,45,12.0,9.072013034378786,0.0,1.0,0.0,0.0,1.0,0.0
35,45,6.825318568298884,10.32334859975508,1.0,0.0,0.0,0.0,1.0,0.0
36,45,3.46190639270778,0.1790197227593293,0.0,1.0,1.0,0.0,1.0,1.0
37,45,10.30231084414994,3.439366737407459,1.0,0.0,0.0,0.0,1.0,1.0
38,45,2.7363720026550675,5.575419477123382,1.0,0.0,1.0,0.0,1.0,0.0
39,45,11.085108005828356,1.8758749272628072,0.0,1.0,1.0,1.0,1.0,1.0
0,50,2.150433144284725,1.4906427407944365,0.0,1.0,0.0,1.0,0.0,1.0
1,50,3.5956647079085537,0.7628283832193901,1.0,0.0,1.0,1.0,1.0,1.0
2,50,3.22742547191371,7.107733639413221,0.0,0.0,0.0,0.0,0.0,0.0
3,50,7.296191457243189,2.37684281637352,0.0,0.0,1.0,0.0,0.0,0.0
4,50,9.554933715457436,6.946395924454004,0.0,0.0,1.0,0.0,1.0,0.0
5,50,11.158979885333906,12.0,1.0,1.0,0.0,0.0,0.0,0.0
6,50,10.426150913426596,0.0,1.0,0.0,1.0,0.0,1.0,1.0
7,50,10.286973633413345,4.090930156634431,0.0,0.0,0.0,0.0,1.0,0.0
8,50,3.198275390900296,4.570798297827526,0.0,0.0,1.0,1.0,0.0,1.0
9,50,1.5467209879230597,0.0,1.0,0.0,0.0,1.0,0.0,0.0
10,50,0.0,1.1502633996279237,0.0,1.0,1.0,0.0,0.0,0.0
11,50,3.920264857265584,6.940587891225864,0.0,0.0,0.0,0.0,1.0,1.0
12,50,2.218024372736784,1.6190226832127177,0.0,0.0,0.0,0.0,0.0,0.0
13,50,1.0274792361036882,9.862188569568492,0.0,1.0,0.0,1.0,1.0,0.0
14,50,3.013588408675409,3.198932919280571,1.0,0.0,0.0,1.0,0.0,0.0
15,50,10.549572504933034,10.411405507551134,0.0,0.0,0.0,0.0,1.0,0.0
16,50,5.438538229205988,6.253565146545642,1.0,0.0,0.0,0.0,1.0,0.0
17,50,8.360136670053478,3.3710651791324957,1.0,0.0,0.0,1.0,0.0,0.0
18,50,4.460367184724987,1.0732498240453974,0.0,0.0,0.0,0.0,0.0,0.0
19,50,1.564332943630834,6.728500758546254,0.0,0.0,1.0,1.0,0.0,0.0
20,50,12.0,0.9908034099350064,0.0,0.0,0.0,0.0,0.0,0.0
21,50,0.0499663181462321,2.661988090312537,0.0,0.0,0.0,0.0,1.0,1.0
22,50,5.404782588546271,0.3997444964399781,0.0,0.0,0.0,0.0,0.0,0.0
23,50,6.501006848313454,6.879791626275275,0.0,1.0,1.0,1.0,0.0,1.0
24,50,12.0,10.61474103020231,1.0,1.0,1.0,1.0,0.0,0.0
25,50,5.365390579388959,12.0,0.0,1.0,0.0,0.0,1.0,1.0
26,50,0.8110438343039584,5.332483471387822,0.0,0.0,0.0,1.0,1.0,1.0
27,50,6.4094335393682815,1.542884022120781,0.0,0.0,0.0,1.0,0.0,1.0
28,50,9.345365964607875,0.8291899775480327,0.0,0.0,0.0,0.0,0.0,0.0
29,50,8.087974457705835,8.15225288040104,1.0,0.0,0.0,0.0,0.0,0.0
30,50,6.965137276888982,5.780643756694824,1.0,1.0,0.0,0.0,1.0,1.0
31,50,1.9225719370197796,11.73775677848909,1.0,1.0,1.0,1.0,0.0,0.0
32,50,10.470949730359084,6.4894642974100325,0.0,0.0,0.0,1.0,0.0,0.0
33,50,7.155785458001456,1.9707825474552672,0.0,1.0,0.0,0.0,0.0,0.0
34,50,12.0,9.078501199682602,0.0,1.0,0.0,0.0,1.0,0.0
35,50,6.807023177196749,10.250359292406737,1.0,0.0,0.0,0.0,1.0,0.0
36,50,3.5141514700850367,0.1989949871559971,0.0,1.0,1.0,0.0,1.0,1.0
37,50,10.25112475533521,3.472404875665195,1.0,0.0,0.0,0.0,1.0,1.0
38,50,2.7207789601429497,5.552387156041202,1.0,0.0,1.0,0.0,1.0,0.0
39,50,11.094566958079524,1.8634098403383803,0.0,1.0,1.0,1.0,1.0,1.0
0,55,2.164312914014031,1.4379356470154618,0.0,1.0,0.0,1.0,0.0,1.0
1,55,3.563627653694538,0.8213577738448684,1.0,0.0,1.0,1.0,1.0,1.0
2,55,3.236665535819789,7.112638957552963,0.0,0.0,0.0,0.0,0.0,0.0
3,55,7.314469693810002,2.399124830136483,0.0,0.0,1.0,0.0,0.0,0.0
4,55,9.55476395919765,6.946366418256585,0.0,0.0,1.0,0.0,1.0,0.0
5,55,11.159963914686347,12.0,1.0,1.0,0.0,0.0,0.0,0.0
6,55,10.472304635179263,0.0,1.0,0.0,1.0,0.0,1.0,1.0
7,55,10.308335554748725,4.096199497334612,0.0,0.0,0.0,0.0,1.0,0.0
8,55,3.205405345322032,4.591822255229876,0.0,0.0,1.0,1.0,0.0,1.0
9,55,1.6278725722512033,0.0,1.0,0.0,0.0,1.0,0.0,0.0
10,55,0.0,1.1615975107929593,0.0,1.0,1.0,0.0,0.0,0.0
11,55,3.916239075104718,7.012426965403808,0.0,0.0,0.0,0.0,1.0,1.0
12,55,2.2440723969390945,1.57142702312763,0.0,0.0,0.0,0.0,0.0,0.0
13,55,1.0274019640338046,9.949421059776975,0.0,1.0,0.0,1.0,1.0,0.0
14,55,3.013518736770465,3.208778691987081,1.0,0.0,0.0,1.0,0.0,0.0
15,55,10.597339072682006,10.361578569530588,0.0,0.0,0.0,0.0,1.0,0.0
16,55,5.506202021390797,6.154451960699737,1.0,0.0,0.0,0.0,1.0,0.0
17,55,8.395317856223166,3.412422253964187,1.0,0.0,0.0,1.0,0.0,0.0
18,55,4.495125752087961,1.0795168887575124,0.0,0.0,0.0,0.0,0.0,0.0
19,55,1.503118027462418,6.697053399116168,0.0,0.0,1.0,1.0,0.0,0.0
20,55,12.0,1.0138445016816144,0.0,0.0,0.0,0.0,0.0,0.0
21,55,0.0583024614664532,2.599821099284838,0.0,0.0,0.0,0.0,1.0,1.0
22,55,5.456254602319885,0.3923589723226332,0.0,0.0,0.0,0.0,0.0,0.0
23,55,6.546745816631407,6.79815149095255,0.0,1.0,1.0,1.0,0.0,1.0
24,55,12.0,10.594255359836176,1.0,1.0,1.0,1.0,0.0,0.0
25,55,5.288580829629235,12.0,0.0,1.0,0.0,0.0,1.0,1.0
26,55,0.8140234318667576,5.326688278390976,0.0,0.0,0.0,1.0,1.0,1.0
27,55,6.460720550154744,1.476182764438655,0.0,0.0,0.0,1.0,0.0,1.0
28,55,9.267573099229768,0.8069218547653136,0.0,0.0,0.0,0.0,0.0,0.0
29,55,8.09643258129347,8.062964557339711,1.0,0.0,0.0,0.0,0.0,0.0
30,55,6.962932347048845,5.877021579485256,1.0,1.0,0.0,0.0,1.0,1.0
31,55,1.9168596179529864,11.807500974702522,1.0,1.0,1.0,1.0,0.0,0.0
32,55,10.411843995330331,6.54213555908929,0.0,0.0,0.0,1.0,0.0,0.0
33,55,7.2565454553679585,1.9677199649173664,0.0,1.0,0.0,0.0,0.0,0.0
34,55,12.0,9.084193691320806,0.0,1.0,0.0,0.0,1.0,0.0
35,55,6.785568817919701,10.15223481471263,1.0,0.0,0.0,0.0,1.0,0.0
36,55,3.5694786481368013,0.2196791489482191,0.0,1.0,1.0,0.0,1.0,1.0
37,55,10.196694041337784,3.50908526786497,1.0,0.0,0.0,0.0,1.0,1.0
38,55,2.7061310004870265,5.528745066967148,1.0,0.0,1.0,0.0,1.0,0.0
39,55,11.117699633436574,1.833019047982697,0.0,1.0,1.0,1.0,1.0,1.0
0,60,2.181923345632641,1.3764825486750565,0.0,1.0,0.0,1.0,0.0,1.0
1,60,3.5250031941445457,0.8896867567601534,1.0,0.0,1.0,1.0,1.0,1.0
2,60,3.250421378645441,7.11951996968206,0.0,0.0,0.0,0.0,0.0,0.0
3,60,7.326193390783029,2.4139876066034267,0.0,0.0,1.0,0.0,0.0,0.0
4,60,9.5468433770883,6.944961007059947,0.0,0.0,1.0,0.0,1.0,0.0
5,60,11.162628392214437,12.0,1.0,1.0,0.0,0.0,0.0,0.0
6,60,10.523388108147492,0.0,1.0,0.0,1.0,0.0,1.0,1.0
7,60,10.33742444729384,4.103740013605501,0.0,0.0,0.0,0.0,1.0,0.0
8,60,3.214274508661192,4.618262516951821,0.0,0.0,1.0,1.0,0.0,1.0
9,60,1.7097859216530769,0.0,1.0,0.0,0.0,1.0,0.0,0.0
10,60,0.0,1.1660689008854652,0.0,1.0,1.0,0.0,0.0,0.0
11,60,3.913253912732813,7.078570196115974,0.0,0.0,0.0,0.0,1.0,1.0
12,60,2.272472308614349,1.5184158352727082,0.0,0.0,0.0,0.0,0.0,0.0
13,60,1.0257722188736542,10.042422079222812,0.0,1.0,0.0,1.0,1.0,0.0
14,60,3.013478292786983,3.2156157988357053,1.0,0.0,0.0,1.0,0.0,0.0
15,60,10.664458411882691,10.29703877482735,0.0,0.0,0.0,0.0,1.0,0.0
16,60,5.582483678253981,6.051215966122645,1.0,0.0,0.0,0.0,1.0,0.0
17,60,8.433295651414165,3.460960861680923,1.0,0.0,0.0,1.0,0.0,0.0
18,60,4.511483474711231,1.0826333851926773,0.0,0.0,0.0,0.0,0.0,0.0
19,60,1.4368765580859586,6.66292346746858,0.0,0.0,1.0,1.0,0.0,0.0
20,60,12.0,1.0226661308121492,0.0,0.0,0.0,0.0,0.0,0.0
21,60,0.0622046161938029,2.5745663072116245,0.0,0.0,0.0,0.0,1.0,1.0
22,60,5.5172667058991065,0.3828219201450838,0.0,0.0,0.0,0.0,0.0,0.0
23,60,6.601156347427326,6.708128770365545,0.0,1.0,1.0,1.0,0.0,1.0
24,60,12.0,10.573465807956747,1.0,1.0,1.0,1.0,0.0,0.0
25,60,5.214029240436581,12.0,0.0,1.0,0.0,0.0,1.0,1.0
26,60,0.8077829915311735,5.339114303745112,0.0,0.0,0.0,1.0,1.0,1.0
27,60,6.513122760725136,1.4038451682968065,0.0,0.0,0.0,1.0,0.0,1.0
28,60,9.185619245739256,0.7846868707583661,0.0,0.0,0.0,0.0,0.0,0.0
29,60,8.10679144086909,7.972297042198796,1.0,0.0,0.0,0.0,0.0,0.0
30,60,6.9606349465090895,5.97452280906657,1.0,1.0,0.0,0.0,1.0,1.0
31,60,1.9141942833547916,11.852575847080912,1.0,1.0,1.0,1.0,0.0,0.0
32,60,10.362155270679644,6.586370173636686,0.0,0.0,0.0,1.0,0.0,0.0
33,60,7.386106827866286,1.968459641743501,0.0,1.0,0.0,0.0,0.0,0.0
34,60,12.0,9.090319779049146,0.0,1.0,0.0,0.0,1.0,0.0
35,60,6.763364187123014,10.04706997415765,1.0,0.0,0.0,0.0,1.0,0.0
36,60,3.647666346206908,0.2487924092206848,0.0,1.0,1.0,0.0,1.0,1.0
37,60,10.136414114828652,3.549673666933317,1.0,0.0,0.0,0.0,1.0,1.0
38,60,2.687681141899039,5.4981062799421165,1.0,0.0,1.0,0.0,1.0,0.0
39,60,11.123439752987302,1.8252141069604595,0.0,1.0,1.0,1.0,1.0,1.0
0,65,2.2020510348233,1.3004072282008212,0.0,1.0,0.0,1.0,0.0,1.0
1,65,3.487795077094062,0.9556996539035952,1.0,0.0,1.0,1.0,1.0,1.0
2,65,3.252198327565074,7.120456291228268,0.0,0.0,0.0,0.0,0.0,0.0
3,65,7.349550535603757,2.4431324435908093,0.0,0.0,1.0,0.0,0.0,0.0
4,65,9.540574217277364,6.943941966041973,0.0,0.0,1.0,0.0,1.0,0.0
5,65,11.171881206038512,12.0,1.0,1.0,0.0,0.0,0.0,0.0
6,65,10.586201225978154,0.0,1.0,0.0,1.0,0.0,1.0,1.0
7,65,10.357881859764698,4.108964802517948,0.0,0.0,0.0,0.0,1.0,0.0
8,65,3.2258910330606225,4.651947279024015,0.0,0.0,1.0,1.0,0.0,1.0
9,65,1.799609196720598,0.0,1.0,0.0,0.0,1.0,0.0,0.0
10,65,0.0,1.1693147150048413,0.0,1.0,1.0,0.0,0.0,0.0
11,65,3.911099843241146,7.131793550033095,0.0,0.0,0.0,0.0,1.0,1.0
12,65,2.29618951380027,1.4749691810678704,0.0,0.0,0.0,0.0,0.0,0.0
13,65,1.02576996847142,10.122588697390931,0.0,1.0,0.0,1.0,1.0,0.0
14,65,3.013455900531829,3.2146116919120136,1.0,0.0,0.0,1.0,0.0,0.0
15,65,10.742390500841928,10.222092569724552,0.0,0.0,0.0,0.0,1.0,0.0
16,65,5.658457120477204,5.948315386613427,1.0,0.0,0.0,0.0,1.0,0.0
17,65,8.468904668555357,3.507446154977982,1.0,0.0,0.0,1.0,0.0,0.0
18,65,4.528265125847099,1.085775117173334,0.0,0.0,0.0,0.0,0.0,0.0
19,65,1.3998037454146302,6.734818097982281,0.0,0.0,1.0,1.0,0.0,0.0
20,65,12.0,1.050946988345858,0.0,0.0,0.0,0.0,0.0,0.0
21,65,0.0629748712543384,2.5700777053798345,0.0,0.0,0.0,0.0,1.0,1.0
22,65,5.556084078030422,0.3769037849965002,0.0,0.0,0.0,0.0,0.0,0.0
23,65,6.6781632434071705,6.59237028519853,0.0,1.0,1.0,1.0,0.0,1.0
24,65,12.0,10.561422130241636,1.0,1.0,1.0,1.0,0.0,0.0
25,65,5.148147084019558,12.0,0.0,1.0,0.0,0.0,1.0,1.0
26,65,0.7913026723164149,5.36881945030765,0.0,0.0,0.0,1.0,1.0,1.0
27,65,6.546786838290172,1.3582605230420597,0.0,0.0,0.0,1.0,0.0,1.0
28,65,9.116022841002453,0.7657858323351785,0.0,0.0,0.0,0.0,0.0,0.0
29,65,8.113749759960355,7.901602965551636,1.0,0.0,0.0,0.0,0.0,0.0
30,65,6.957648039254357,6.084874560091806,1.0,1.0,0.0,0.0,1.0,1.0
31,65,1.9134486401238229,11.867635928784054,1.0,1.0,1.0,1.0,0.0,0.0
32,65,10.316879616422634,6.62686873142347,0.0,0.0,0.0,1.0,0.0,0.0
33,65,7.50533143645067,1.9704537794221024,0.0,1.0,0.0,0.0,0.0,0.0
34,65,12.0,9.096513596318,0.0,1.0,0.0,0.0,1.0,0.0
35,65,6.742169939378042,9.938589439049894,1.0,0.0,0.0,0.0,1.0,0.0
36,65,3.713383737396795,0.2726374647290465,0.0,1.0,1.0,0.0,1.0,1.0
37,65,10.072188951514107,3.593978650091979,1.0,0.0,0.0,0.0,1.0,1.0
38,65,2.680428499612036,5.485559460693812,1.0,0.0,1.0,0.0,1.0,0.0
39,65,11.130213955450335,1.816175564918472,0.0,1.0,1.0,1.0,1.0,1.0
0,70,2.230348348791115,1.192195294100126,0.0,1.0,0.0,1.0,0.0,1.0
1,70,3.4570272882881974,1.0131277461526662,1.0,0.0,1.0,1.0,1.0,1.0
2,70,3.272764458998571,7.130717796049922,0.0,0.0,0.0,0.0,0.0,0.0
3,70,7.366286570515928,2.4642596545344,0.0,0.0,1.0,0.0,0.0,0.0
4,70,9.571835691762088,6.948684017406753,0.0,0.0,1.0,0.0,1.0,0.0
5,70,11.186401429110086,12.0,1.0,1.0,0.0,0.0,0.0,0.0
6,70,10.650488890888344,0.0,1.0,0.0,1.0,0.0,1.0,1.0
7,70,10.385787000150886,4.116278143772666,0.0,0.0,0.0,0.0,1.0,0.0
8,70,3.2471896770752275,4.711438663592348,0.0,0.0,1.0,1.0,0.0,1.0
9,70,1.9057131564697936,0.0,1.0,0.0,0.0,1.0,0.0,0.0
10,70,0.0,1.1667961919960628,0.0,1.0,1.0,0.0,0.0,0.0
11,70,3.9096236278623233,7.171709437728507,0.0,0.0,0.0,0.0,1.0,1.0
12,70,2.3192457916496885,1.4302231057352257,0.0,0.0,0.0,0.0,0.0,0.0
13,70,1.0243808371621488,10.18279560159373,0.0,1.0,0.0,1.0,1.0,0.0
14,70,3.013540964532125,3.2177341730202462,1.0,0.0,0.0,1.0,0.0,0.0
15,70,10.827333090724515,10.14130565206204,0.0,0.0,0.0,0.0,1.0,0.0
16,70,5.734433576299333,5.847132746505438,1.0,0.0,0.0,0.0,1.0,0.0
17,70,8.520457056460991,3.466821918115732,1.0,0.0,0.0,1.0,0.0,0.0
18,70,4.540992464590561,1.0882139117552367,0.0,0.0,0.0,0.0,0.0,0.0
19,70,1.3538669050431118,6.827515786667373,0.0,0.0,1.0,1.0,0.0,0.0
20,70,12.0,1.0792545326379983,0.0,0.0,0.0,0.0,0.0,0.0
21,70,0.0669848976656436,2.5491617765230608,0.0,0.0,0.0,0.0,1.0,1.0
22,70,5.598402316387144,0.369604451262051,0.0,0.0,0.0,0.0,0.0,0.0
23,70,6.756734707923142,6.472882624038736,0.0,1.0,1.0,1.0,0.0,1.0
24,70,12.0,10.544899671259364,1.0,1.0,1.0,1.0,0.0,0.0
25,70,5.084851491900451,12.0,0.0,1.0,0.0,0.0,1.0,1.0
26,70,0.7787359577468916,5.392320596113386,0.0,0.0,0.0,1.0,1.0,1.0
27,70,6.579280212191829,1.3129355581443778,0.0,0.0,0.0,1.0,0.0,1.0
28,70,9.061013761810171,0.7506747005737231,0.0,0.0,0.0,0.0,0.0,0.0
29,70,8.1193868390663,7.828014681373349,1.0,0.0,0.0,0.0,0.0,0.0
30,70,6.956319797024692,6.190998653817571,1.0,1.0,0.0,0.0,1.0,1.0
31,70,1.9131885025228328,11.87837202089182,1.0,1.0,1.0,1.0,0.0,0.0
32,70,10.279126629724322,6.660875573641147,0.0,0.0,0.0,1.0,0.0,0.0
33,70,7.637354417702332,1.9700130502141209,0.0,1.0,0.0,0.0,0.0,0.0
34,70,12.0,9.10469925892159,0.0,1.0,0.0,0.0,1.0,0.0
35,70,6.719599825874381,9.832281780030964,1.0,0.0,0.0,0.0,1.0,0.0
36,70,3.791080858467636,0.2995083940039817,0.0,1.0,1.0,0.0,1.0,1.0
37,70,10.027964440545396,3.624267591973721,1.0,0.0,0.0,0.0,1.0,1.0
38,70,2.672768092338348,5.472867996634533,1.0,0.0,1.0,0.0,1.0,0.0
39,70,11.129688997721546,1.816836817968968,0.0,1.0,1.0,1.0,1.0,1.0
0,75,2.2635689217322663,1.07166308944692,0.0,1.0,0.0,1.0,0.0,1.0
1,75,3.425501661684909,1.0724044912901878,1.0,0.0,1.0,1.0,1.0,1.0
2,75,3.289714150084317,7.139452136693281,0.0,0.0,0.0,0.0,0.0,0.0
3,75,7.388441346743504,2.491523129444174,0.0,0.0,1.0,0.0,0.0,0.0
4,75,9.603834354377437,6.953945713006533,0.0,0.0,1.0,0.0,1.0,0.0
5,75,11.19611030143128,12.0,1.0,1.0,0.0,0.0,0.0,0.0
6,75,10.698497200155598,0.0,1.0,0.0,1.0,0.0,1.0,1.0
7,75,10.398575147693917,4.1194423928408215,0.0,0.0,0.0,0.0,1.0,0.0
8,75,3.2651680912999037,4.761902648112943,0.0,0.0,1.0,1.0,0.0,1.0
9,75,2.013986164216073,0.0,1.0,0.0,0.0,1.0,0.0,0.0
10,75,0.00435716462321,1.187720487827459,0.0,1.0,1.0,0.0,0.0,0.0
11,75,3.907937757692082,7.221036193267077,0.0,0.0,0.0,0.0,1.0,1.0
12,75,2.3347354478573785,1.3993579854129807,0.0,0.0,0.0,0.0,0.0,0.0
13,75,1.0227266884716637,10.244902084545773,0.0,1.0,0.0,1.0,1.0,0.0
14,75,3.012557833001529,3.1774766104787533,1.0,0.0,0.0,1.0,0.0,0.0
15,75,10.9187170258781,10.050915818926471,0.0,0.0,0.0,0.0,1.0,0.0
16,75,5.80901727057426,5.7449455292499705,1.0,0.0,0.0,0.0,1.0,0.0
17,75,8.561176346157984,3.435276617236544,1.0,0.0,0.0,1.0,0.0,0.0
18,75,4.558867876739294,1.091731698032187,0.0,0.0,0.0,0.0,0.0,0.0
19,75,1.307218406013449,6.922705742428361,0.0,0.0,1.0,1.0,0.0,0.0
20,75,12.0,1.1145480357434532,0.0,0.0,0.0,0.0,0.0,0.0
21,75,0.0682328066557796,2.5433248299944307,0.0,0.0,0.0,0.0,1.0,1.0
22,75,5.62388869039678,0.3651378988437054,0.0,0.0,0.0,0.0,0.0,0.0
23,75,6.8501946486153305,6.345688880760535,0.0,1.0,1.0,1.0,0.0,1.0
24,75,12.0,10.528586257031336,1.0,1.0,1.0,1.0,0.0,0.0
25,75,5.008909268076248,12.0,0.0,1.0,0.0,0.0,1.0,1.0
26,75,0.7615969732623901,5.423865432775937,0.0,0.0,0.0,1.0,1.0,1.0
27,75,6.618769730805661,1.2567509267901242,0.0,0.0,0.0,1.0,0.0,1.0
28,75,9.015146833920282,0.7368512573515817,0.0,0.0,0.0,0.0,0.0,0.0
29,75,8.123220526692343,7.75884245372949,1.0,0.0,0.0,0.0,0.0,0.0
30,75,6.954507737654069,6.30773705561766,1.0,1.0,0.0,0.0,1.0,1.0
31,75,1.913349276986399,11.89994171768364,1.0,1.0,1.0,1.0,0.0,0.0
32,75,10.24876212954056,6.688328036883856,0.0,0.0,0.0,1.0,0.0,0.0
33,75,7.778114075178066,1.9654529082049537,0.0,1.0,0.0,0.0,0.0,0.0
34,75,12.0,9.112063814347824,0.0,1.0,0.0,0.0,1.0,0.0
35,75,6.696398321460959,9.724568324924975,1.0,0.0,0.0,0.0,1.0,0.0
36,75,3.8617983583706152,0.3239452257468386,0.0,1.0,1.0,0.0,1.0,1.0
37,75,9.981769838647663,3.654790592235902,1.0,0.0,0.0,0.0,1.0,1.0
38,75,2.675653980885435,5.477658319260226,1.0,0.0,1.0,0.0,1.0,0.0
39,75,11.133679304200538,1.8116581844812685,0.0,1.0,1.0,1.0,1.0,1.0
0,80,2.29352708548718,0.9692000052151064,0.0,1.0,0.0,1.0,0.0,1.0
1,80,3.385992202612253,1.1504712732469615,1.0,0.0,1.0,1.0,1.0,1.0
2,80,3.3199427079185857,7.15654792872357,0.0,0.0,0.0,0.0,0.0,0.0
3,80,7.416029016938623,2.525764504850217,0.0,0.0,1.0,0.0,0.0,0.0
4,80,9.62655839639628,6.957480808766196,0.0,0.0,1.0,0.0,1.0,0.0
5,80,11.218662758321525,12.0,1.0,1.0,0.0,0.0,0.0,0.0
6,80,10.744205669557864,0.0,1.0,0.0,1.0,0.0,1.0,1.0
7,80,10.394794107121562,4.118430265250503,0.0,0.0,0.0,0.0,1.0,0.0
8,80,3.288636537131956,4.824447256502111,0.0,0.0,1.0,1.0,0.0,1.0
9,80,2.102291884360707,0.0,1.0,0.0,0.0,1.0,0.0,0.0
10,80,0.0088456251306155,1.2074377492450712,0.0,1.0,1.0,0.0,0.0,0.0
11,80,3.905505324613622,7.289240457018942,0.0,0.0,0.0,0.0,1.0,1.0
12,80,2.345877167911691,1.3767528008444767,0.0,0.0,0.0,0.0,0.0,0.0
13,80,1.022041674836865,10.282614792676991,0.0,1.0,0.0,1.0,1.0,0.0
14,80,3.011912054521736,3.1416927443509874,1.0,0.0,0.0,1.0,0.0,0.0
15,80,11.014895146451536,9.959670225831928,0.0,0.0,0.0,0.0,1.0,0.0
16,80,5.867163404838282,5.66754630415843,1.0,0.0,0.0,0.0,1.0,0.0
17,80,8.587896358149314,3.4146112089799265,1.0,0.0,0.0,1.0,0.0,0.0
18,80,4.5634764106434575,1.0926847684550938,0.0,0.0,0.0,0.0,0.0,0.0
19,80,1.2592364953903852,7.022236352051661,0.0,0.0,1.0,1.0,0.0,0.0
20,80,12.0,1.149111282704019,0.0,0.0,0.0,0.0,0.0,0.0
21,80,0.0730001039714537,2.517574052073695,0.0,0.0,0.0,0.0,1.0,1.0
22,80,5.625056729835674,0.3648773810486785,0.0,0.0,0.0,0.0,0.0,0.0
23,80,6.72971671021233,6.250487650617445,0.0,1.0,1.0,1.0,0.0,1.0
24,80,12.0,10.52161021575567,1.0,1.0,1.0,1.0,0.0,0.0
25,80,4.942022830185498,12.0,0.0,1.0,0.0,0.0,1.0,1.0
26,80,0.7424562183328196,5.460238979333865,0.0,0.0,0.0,1.0,1.0,1.0
27,80,6.646823842960339,1.2185934385296262,0.0,0.0,0.0,1.0,0.0,1.0
28,80,8.97246739899129,0.7244740752991287,0.0,0.0,0.0,0.0,0.0,0.0
29,80,8.126464818428184,7.69828284664708,1.0,0.0,0.0,0.0,0.0,0.0
30,80,6.954589854770038,6.430421780657635,1.0,1.0,0.0,0.0,1.0,1.0
31,80,1.9135526246443195,11.915097020644764,1.0,1.0,1.0,1.0,0.0,0.0
32,80,10.235432543437122,6.699852161554566,0.0,0.0,0.0,1.0,0.0,0.0
33,80,7.913475296302269,1.9607862047808504,0.0,1.0,0.0,0.0,0.0,0.0
34,80,12.0,9.11910109827074,0.0,1.0,0.0,0.0,1.0,0.0
35,80,6.673433697358306,9.622540133557854,1.0,0.0,0.0,0.0,1.0,0.0
36,80,3.9333231147611176,0.3499032071249864,0.0,1.0,1.0,0.0,1.0,1.0
37,80,9.935250505454434,3.685035347225313,1.0,0.0,0.0,0.0,1.0,1.0
38,80,2.6807053321072,5.486167940062517,1.0,0.0,1.0,0.0,1.0,0.0
39,80,11.15174495237416,1.7883606845957252,0.0,1.0,1.0,1.0,1.0,1.0
0,85,2.330564976060522,0.8539317853537635,0.0,1.0,0.0,1.0,0.0,1.0
1,85,3.3445146881043017,1.2312381004743234,1.0,0.0,1.0,1.0,1.0,1.0
2,85,3.343360455831798,7.170750891440027,0.0,0.0,0.0,0.0,0.0,0.0
3,85,7.4451993847545,2.563441386990183,0.0,0.0,1.0,0.0,0.0,0.0
4,85,9.642720264364476,6.959985434252352,0.0,0.0,1.0,0.0,1.0,0.0
5,85,11.23959384130712,12.0,1.0,1.0,0.0,0.0,0.0,0.0
6,85,10.773755548609628,0.0,1.0,0.0,1.0,0.0,1.0,1.0
7,85,10.414052163289128,4.12382173070847,0.0,0.0,0.0,0.0,1.0,0.0
8,85,3.318246307832439,4.9037724459609375,0.0,0.0,1.0,1.0,0.0,1.0
9,85,2.1918438967050857,0.0,1.0,0.0,0.0,1.0,0.0,0.0
10,85,0.007646785195716,1.2022044512351762,0.0,1.0,1.0,0.0,0.0,0.0
11,85,3.9019813168856095,7.361901320582194,0.0,0.0,0.0,0.0,1.0,1.0
12,85,2.35372626569226,1.361413123736121,0.0,0.0,0.0,0.0,0.0,0.0
13,85,1.020970170435686,10.315570244795056,0.0,1.0,0.0,1.0,1.0,0.0
14,85,3.0117210737528377,3.111041114864969,1.0,0.0,0.0,1.0,0.0,0.0
15,85,11.090082255797878,9.888000686504276,0.0,0.0,0.0,0.0,1.0,0.0
16,85,5.926577678222976,5.5843740041084695,1.0,0.0,0.0,0.0,1.0,0.0
17,85,8.62262546436003,3.38953741738406,1.0,0.0,0.0,1.0,0.0,0.0
18,85,4.572333461436279,1.09476916828108,0.0,0.0,0.0,0.0,0.0,0.0
19,85,1.2071459046917277,7.127894280212874,0.0,0.0,1.0,1.0,0.0,0.0
20,85,12.0,1.172632602678514,0.0,0.0,0.0,0.0,0.0,0.0
21,85,0.0773879507183739,2.4933536949934947,0.0,0.0,0.0,0.0,1.0,1.0
22,85,5.624666822990883,0.3649684627420977,0.0,0.0,0.0,0.0,0.0,0.0
23,85,6.600482494149137,6.1528659870191085,0.0,1.0,1.0,1.0,0.0,1.0
24,85,12.0,10.516169140501994,1.0,1.0,1.0,1.0,0.0,0.0
25,85,4.880393512072354,12.0,0.0,1.0,0.0,0.0,1.0,1.0
26,85,0.7291927200862449,5.485690601395816,0.0,0.0,0.0,1.0,1.0,1.0
27,85,6.6617826342367925,1.197676001694966,0.0,0.0,0.0,1.0,0.0,1.0
28,85,8.933684795377621,0.7133286480558613,0.0,0.0,0.0,0.0,0.0,0.0
29,85,8.129567176455646,7.644673719537277,1.0,0.0,0.0,0.0,0.0,0.0
30,85,6.953982339594165,6.542040605342555,1.0,1.0,0.0,0.0,1.0,1.0
31,85,1.913481857807266,11.930379420315235,1.0,1.0,1.0,1.0,0.0,0.0
32,85,10.21609703517084,6.715743820849693,0.0,0.0,0.0,1.0,0.0,0.0
33,85,8.072749431618043,1.9544313694413584,0.0,1.0,0.0,0.0,0.0,0.0
34,85,12.0,9.129127804234043,0.0,1.0,0.0,0.0,1.0,0.0
35,85,6.642184556882238,9.498059575056706,1.0,0.0,0.0,0.0,1.0,0.0
36,85,3.9832548131522665,0.3684948415522004,0.0,1.0,1.0,0.0,1.0,1.0
37,85,9.872155877879283,3.725510777150524,1.0,0.0,0.0,0.0,1.0,1.0
38,85,2.67658401440354,5.479411151112723,1.0,0.0,1.0,0.0,1.0,0.0
39,85,11.18739261699517,1.744778380462091,0.0,1.0,1.0,1.0,1.0,1.0
0,90,2.3696090927114395,0.7251632377500943,0.0,1.0,0.0,1.0,0.0,1.0
1,90,3.306939613850558,1.3057470693897073,1.0,0.0,1.0,1.0,1.0,1.0
2,90,3.3536161341957302,7.177398707059577,0.0,0.0,0.0,0.0,0.0,0.0
3,90,7.476765293568502,2.6032666910868576,0.0,0.0,1.0,0.0,0.0,0.0
4,90,9.678926745210164,6.966173352064401,0.0,0.0,1.0,0.0,1.0,0.0
5,90,11.254603972586688,12.0,1.0,1.0,0.0,0.0,0.0,0.0
6,90,10.81618972995353,0.0,1.0,0.0,1.0,0.0,1.0,1.0
7,90,10.452873096723744,4.13555072761438,0.0,0.0,0.0,0.0,1.0,0.0
8,90,3.3505297266574425,4.985283335333035,0.0,0.0,1.0,1.0,0.0,1.0
9,90,2.2834398347244176,0.0,1.0,0.0,0.0,1.0,0.0,0.0
10,90,0.006560387253471,1.1976595069080516,0.0,1.0,1.0,0.0,0.0,0.0
11,90,3.900112449273649,7.407481871629434,0.0,0.0,0.0,0.0,1.0,1.0
12,90,2.3595192768772524,1.35022682527909,0.0,0.0,0.0,0.0,0.0,0.0
13,90,1.0205870160603765,10.346176216770804,0.0,1.0,0.0,1.0,1.0,0.0
14,90,3.011109298899368,3.0481197184132576,1.0,0.0,0.0,1.0,0.0,0.0
15,90,11.156878512378896,9.823915932792737,0.0,0.0,0.0,0.0,1.0,0.0
16,90,5.985429091708006,5.504332064522119,1.0,0.0,0.0,0.0,1.0,0.0
17,90,8.659355450871494,3.363232057255632,1.0,0.0,0.0,1.0,0.0,0.0
18,90,4.6024635337554365,1.1011615382711215,0.0,0.0,0.0,0.0,0.0,0.0
19,90,1.1447646240495313,7.250520438211244,0.0,0.0,1.0,1.0,0.0,0.0
20,90,12.0,1.191906205651964,0.0,0.0,0.0,0.0,0.0,0.0
21,90,0.0811751843610901,2.4743097623017096,0.0,0.0,0.0,0.0,1.0,1.0
22,90,5.626619410201341,0.3645462574388918,0.0,0.0,0.0,0.0,0.0,0.0
23,90,6.47423560850667,6.063400677086034,0.0,1.0,1.0,1.0,0.0,1.0
24,90,11.987056616949888,10.520857511969789,1.0,1.0,1.0,1.0,0.0,0.0
25,90,4.82659428082385,12.0,0.0,1.0,0.0,0.0,1.0,1.0
26,90,0.7169486642147122,5.510227633593402,0.0,0.0,0.0,1.0,1.0,1.0
27,90,6.686775743673418,1.1638617853057154,0.0,0.0,0.0,1.0,0.0,1.0
28,90,8.8940263710125,0.7019157657444034,0.0,0.0,0.0,0.0,0.0,0.0
29,90,8.131916733525618,7.61127718545846,1.0,0.0,0.0,0.0,0.0,0.0
30,90,6.953923108120799,6.6337689883296775,1.0,1.0,0.0,0.0,1.0,1.0
31,90,1.913339975425192,11.959909204606548,1.0,1.0,1.0,1.0,0.0,0.0
32,90,10.222407057063087,6.710671909118545,0.0,0.0,0.0,1.0,0.0,0.0
33,90,8.267698842619222,1.9473539056219096,0.0,1.0,0.0,0.0,0.0,0.0
34,90,12.0,9.136607799696108,0.0,1.0,0.0,0.0,1.0,0.0
35,90,6.609928265160541,9.358594470092669,1.0,0.0,0.0,0.0,1.0,0.0
36,90,4.046926649839378,0.3906353514473191,0.0,1.0,1.0,0.0,1.0,1.0
37,90,9.802226695921572,3.768219013633597,1.0,0.0,0.0,0.0,1.0,1.0
38,90,2.66230298616394,5.455097336679866,1.0,0.0,1.0,0.0,1.0,0.0
39,90,11.218319894714243,1.7070109126417587,0.0,1.0,1.0,1.0,1.0,1.0
0,95,2.4143334021907923,0.5822469784226253,0.0,1.0,0.0,1.0,0.0,1.0
1,95,3.2759848807882515,1.3682541951164318,1.0,0.0,1.0,1.0,1.0,1.0
2,95,3.3842663089408,7.197532974315485,0.0,0.0,0.0,0.0,0.0,0.0
3,95,7.506441584870566,2.6377132066159303,0.0,0.0,1.0,0.0,0.0,0.0
4,95,9.716024758568846,6.972680883390128,0.0,0.0,1.0,0.0,1.0,0.0
5,95,11.278871610028371,12.0,1.0,1.0,0.0,0.0,0.0,0.0
6,95,10.851069891049267,0.0,1.0,0.0,1.0,0.0,1.0,1.0
7,95,10.501521658869448,4.148595211247609,0.0,0.0,0.0,0.0,1.0,0.0
8,95,3.3878280136036225,5.066249328960527,0.0,0.0,1.0,1.0,0.0,1.0
9,95,2.3922746400109234,0.0,1.0,0.0,0.0,1.0,0.0,0.0
10,95,0.0044212335247081,1.187737916049004,0.0,1.0,1.0,0.0,0.0,0.0
11,95,3.8981125079359495,7.451246532320368,0.0,0.0,0.0,0.0,1.0,1.0
12,95,2.366029408216712,1.3380085685444545,0.0,0.0,0.0,0.0,0.0,0.0
13,95,1.0206569950239572,10.37976825842188,0.0,1.0,0.0,1.0,1.0,0.0
14,95,3.009934325920391,3.001112788670514,1.0,0.0,0.0,1.0,0.0,0.0
15,95,11.21999231441572,9.764521069126577,0.0,0.0,0.0,0.0,1.0,0.0
16,95,6.054988354836369,5.555099116296774,1.0,0.0,0.0,0.0,1.0,0.0
17,95,8.690177203175944,3.341185219620941,1.0,0.0,0.0,1.0,0.0,0.0
18,95,4.625628020638859,1.1055639798225514,0.0,0.0,0.0,0.0,0.0,0.0
19,95,1.0779853875418557,7.38065680592624,0.0,0.0,1.0,1.0,0.0,0.0
20,95,11.994692052281216,1.1886170792608577,0.0,0.0,0.0,0.0,0.0,0.0
21,95,0.0823873343150049,2.468346939651497,0.0,0.0,0.0,0.0,1.0,1.0
22,95,5.6584419808492346,0.3577280698623649,0.0,0.0,0.0,0.0,0.0,0.0
23,95,6.359207293322467,5.984135371084349,0.0,1.0,1.0,1.0,0.0,1.0
24,95,11.955442672820515,10.533112067613066,1.0,1.0,1.0,1.0,0.0,0.0
25,95,4.768557117573168,12.0,0.0,1.0,0.0,0.0,1.0,1.0
26,95,0.7070256274426007,5.5302720147170366,0.0,0.0,0.0,1.0,1.0,1.0
27,95,6.707150958053276,1.135830071951418,0.0,0.0,0.0,1.0,0.0,1.0
28,95,8.84525678048058,0.6894422615368255,0.0,0.0,0.0,0.0,0.0,0.0
29,95,8.134989637723498,7.561520014045983,1.0,0.0,0.0,0.0,0.0,0.0
30,95,6.952170549871505,6.723862191637664,1.0,1.0,0.0,0.0,1.0,1.0
31,95,1.9139723304006315,12.0,1.0,1.0,1.0,1.0,0.0,0.0
32,95,10.214076612595218,6.717097392761173,0.0,0.0,0.0,1.0,0.0,0.0
33,95,8.46206817290652,1.9396625673486445,0.0,1.0,0.0,0.0,0.0,0.0
34,95,12.0,9.142315342626754,0.0,1.0,0.0,0.0,1.0,0.0
35,95,6.585035390324721,9.216518912169622,1.0,0.0,0.0,0.0,1.0,0.0
36,95,4.107314423553418,0.4129958311067153,0.0,1.0,1.0,0.0,1.0,1.0
37,95,9.73692956899062,3.8091415537675672,1.0,0.0,0.0,0.0,1.0,1.0
38,95,2.637544167856836,5.408798796856658,1.0,0.0,1.0,0.0,1.0,0.0
39,95,11.24754278961111,1.6702030057836992,0.0,1.0,1.0,1.0,1.0,1.0
0,100,2.4635118133505927,0.4426654095298634,0.0,1.0,0.0,1.0,0.0,1.0
1,100,3.2464008307428,1.4318347033919412,1.0,0.0,1.0,1.0,1.0,1.0
2,100,3.4151590192360524,7.216721331547873,0.0,0.0,0.0,0.0,0.0,0.0
3,100,7.538686198362998,2.6761608476451078,0.0,0.0,1.0,0.0,0.0,0.0
4,100,9.772499819433406,6.984310417395263,0.0,0.0,1.0,0.0,1.0,0.0
5,100,11.306831752618292,12.0,1.0,1.0,0.0,0.0,0.0,0.0
6,100,10.889790107443435,0.0001223910781144,1.0,0.0,1.0,0.0,1.0,1.0
7,100,10.53496687233035,4.158385881265705,0.0,0.0,0.0,0.0,1.0,0.0
8,100,3.429860431643169,5.158259835748936,0.0,0.0,1.0,1.0,0.0,1.0
9,100,2.5064745535245403,0.0,1.0,0.0,0.0,1.0,0.0,0.0
10,100,0.0018705149484345,1.1768503663906809,0.0,1.0,1.0,0.0,0.0,0.0
11,100,3.8950168006822574,7.501147944511685,0.0,0.0,0.0,0.0,1.0,1.0
12,100,2.367460199288919,1.335433844636527,0.0,0.0,0.0,0.0,0.0,0.0
13,100,1.021206927461747,10.427791334585024,0.0,1.0,0.0,1.0,1.0,0.0
14,100,3.008332525867168,2.947640190493472,1.0,0.0,0.0,1.0,0.0,0.0
15,100,11.288820639589686,9.698723119323564,0.0,0.0,0.0,0.0,1.0,0.0
16,100,6.124524130080832,5.606965353179281,1.0,0.0,0.0,0.0,1.0,0.0
17,100,8.739009616321141,3.305592188381833,1.0,0.0,0.0,1.0,0.0,0.0
18,100,4.618879242422064,1.1042170745272195,0.0,0.0,0.0,0.0,0.0,0.0
19,100,1.0175248425223586,7.502112455822338,0.0,0.0,1.0,1.0,0.0,0.0
20,100,11.979298797496872,1.1795073524153732,0.0,0.0,0.0,0.0,0.0,0.0
21,100,0.0824057375642362,2.46824756933419,0.0,0.0,0.0,0.0,1.0,1.0
22,100,5.686785337903864,0.3510615483046982,0.0,0.0,0.0,0.0,0.0,0.0
23,100,6.225589712019811,5.894968429731102,0.0,1.0,1.0,1.0,0.0,1.0
24,100,11.916055886791844,10.549334777576576,1.0,1.0,1.0,1.0,0.0,0.0
25,100,4.708080315484483,12.0,0.0,1.0,0.0,0.0,1.0,1.0
26,100,0.7123364631052205,5.51993855031498,0.0,0.0,0.0,1.0,1.0,1.0
27,100,6.723324255355493,1.113542925192066,0.0,0.0,0.0,1.0,0.0,1.0
28,100,8.78716142900756,0.6739280491998555,0.0,0.0,0.0,0.0,0.0,0.0
29,100,8.135994113638706,7.5404457227601025,1.0,0.0,0.0,0.0,0.0,0.0
30,100,6.951364477857285,6.794370379587948,1.0,1.0,0.0,0.0,1.0,1.0
31,100,1.9153885522219212,12.0,1.0,1.0,1.0,1.0,0.0,0.0
32,100,10.188595559878957,6.736185218326726,0.0,0.0,0.0,1.0,0.0,0.0
33,100,8.678045699698297,1.9340133487461224,0.0,1.0,0.0,0.0,0.0,0.0
34,100,12.0,9.145281936032468,0.0,1.0,0.0,0.0,1.0,0.0
35,100,6.557059088694973,9.053106691158307,1.0,0.0,0.0,0.0,1.0,0.0
36,100,4.157320194027079,0.4309747561881565,0.0,1.0,1.0,0.0,1.0,1.0
37,100,9.6837222904782,3.84419627714587,1.0,0.0,0.0,0.0,1.0,1.0
38,100,2.616441007063063,5.371304295582098,1.0,0.0,1.0,0.0,1.0,0.0
39,100,11.263649886921304,1.6502351297161972,0.0,1.0,1.0,1.0,1.0,1.0
0,105,2.51252548056704,0.3060956333761342,0.0,1.0,0.0,1.0,0.0,1.0
1,105,3.218910985896657,1.4915493903349553,1.0,0.0,1.0,1.0,1.0,1.0
2,105,3.4413593488192817,7.232659647218884,0.0,0.0,0.0,0.0,0.0,0.0
3,105,7.571987728991522,2.717744898546849,0.0,0.0,1.0,0.0,0.0,0.0
4,105,9.842138533536469,6.997597321794671,0.0,0.0,1.0,0.0,1.0,0.0
5,105,11.342188277546356,12.0,1.0,1.0,0.0,0.0,0.0,0.0
6,105,10.939457275555045,0.0,1.0,0.0,1.0,0.0,1.0,1.0
7,105,10.552951000730006,4.164021109347876,0.0,0.0,0.0,0.0,1.0,0.0
8,105,3.4658196684222435,5.240332473171945,0.0,0.0,1.0,1.0,0.0,1.0
9,105,2.607130613212639,0.0,1.0,0.0,0.0,1.0,0.0,0.0
10,105,0.0,1.163403780865678,0.0,1.0,1.0,0.0,0.0,0.0
11,105,3.8933466080563393,7.538038122626081,0.0,0.0,0.0,0.0,1.0,1.0
12,105,2.372563744023378,1.3261309388852511,0.0,0.0,0.0,0.0,0.0,0.0
13,105,1.0205277373694477,10.462541517952634,0.0,1.0,0.0,1.0,1.0,0.0
14,105,3.0064975750216,2.906672581507142,1.0,0.0,0.0,1.0,0.0,0.0
15,105,11.368981154565608,9.620625638414388,0.0,0.0,0.0,0.0,1.0,0.0
16,105,6.175073577200343,5.64496966352585,1.0,0.0,0.0,0.0,1.0,0.0
17,105,8.792879628693138,3.2652339599829765,1.0,0.0,0.0,1.0,0.0,0.0
18,105,4.58718566862333,1.0982756743821298,0.0,0.0,0.0,0.0,0.0,0.0
19,105,0.9604788607714936,7.62367598898533,0.0,0.0,1.0,1.0,0.0,0.0
20,105,11.970169322890785,1.173914161293815,0.0,0.0,0.0,0.0,0.0,0.0
21,105,0.0801144923615366,2.481237206451089,0.0,0.0,0.0,0.0,1.0,1.0
22,105,5.737706048419143,0.3394801632425264,0.0,0.0,0.0,0.0,0.0,0.0
23,105,6.081780252030003,5.794714692169936,0.0,1.0,1.0,1.0,0.0,1.0
24,105,11.88483776810591,10.56300723800286,1.0,1.0,1.0,1.0,0.0,0.0
25,105,4.649094099249857,12.0,0.0,1.0,0.0,0.0,1.0,1.0
26,105,0.7184720107144507,5.508259240506863,0.0,0.0,0.0,1.0,1.0,1.0
27,105,6.733893111125255,1.0983455019500687,0.0,0.0,0.0,1.0,0.0,1.0
28,105,8.72870045076102,0.658799653790419,0.0,0.0,0.0,0.0,0.0,0.0
29,105,8.136226935891658,7.535119680515244,1.0,0.0,0.0,0.0,0.0,0.0
30,105,6.9517781712301,6.873443581938474,1.0,1.0,0.0,0.0,1.0,1.0
31,105,1.9149410211878135,12.0,1.0,1.0,1.0,1.0,0.0,0.0
32,105,10.172124442780891,6.748631697599014,0.0,0.0,0.0,1.0,0.0,0.0
33,105,8.895551369854102,1.932828500836732,0.0,1.0,0.0,0.0,0.0,0.0
34,105,12.0,9.157471355496192,0.0,1.0,0.0,0.0,1.0,0.0
35,105,6.533287695563792,8.903569493131519,1.0,0.0,0.0,0.0,1.0,0.0
36,105,4.201196241163127,0.4470404147238867,0.0,1.0,1.0,0.0,1.0,1.0
37,105,9.611643189466673,3.891789581054864,1.0,0.0,0.0,0.0,1.0,1.0
38,105,2.603256695603749,5.3485216383185135,1.0,0.0,1.0,0.0,1.0,0.0
39,105,11.287579968554864,1.6197284649179398,0.0,1.0,1.0,1.0,1.0,1.0
0,110,2.555173010438616,0.1863254379980328,0.0,1.0,0.0,1.0,0.0,1.0
1,110,3.1843198994835613,1.5672109138293415,1.0,0.0,1.0,1.0,1.0,1.0
2,110,3.4744169091854267,7.252449917523877,0.0,0.0,0.0,0.0,0.0,0.0
3,110,7.606033474107308,2.760976846246273,0.0,0.0,1.0,0.0,0.0,0.0
4,110,9.91684883875796,7.013846798929008,0.0,0.0,1.0,0.0,1.0,0.0
5,110,11.383585264588898,12.0,1.0,1.0,0.0,0.0,0.0,0.0
6,110,11.019094775691324,0.0,1.0,0.0,1.0,0.0,1.0,1.0
7,110,10.573936694935146,4.170266220212813,0.0,0.0,0.0,0.0,1.0,0.0
8,110,3.502643725391341,5.329079905570267,0.0,0.0,1.0,1.0,0.0,1.0
9,110,2.704712355016862,0.0,1.0,0.0,0.0,1.0,0.0,0.0
10,110,0.0,1.1344567665754184,0.0,1.0,1.0,0.0,0.0,0.0
11,110,3.893482243100345,7.534973647867559,0.0,0.0,0.0,0.0,1.0,1.0
12,110,2.373796784716497,1.323933274676282,0.0,0.0,0.0,0.0,0.0,0.0
13,110,1.0182553781705554,10.513894424842483,0.0,1.0,0.0,1.0,1.0,0.0
14,110,3.004666530277148,2.8477870075978644,1.0,0.0,0.0,1.0,0.0,0.0
15,110,11.465785786468247,9.525642835917807,0.0,0.0,0.0,0.0,1.0,0.0
16,110,6.225071487931152,5.68411466674893,1.0,0.0,0.0,0.0,1.0,0.0
17,110,8.856835397172947,3.215885191270254,1.0,0.0,0.0,1.0,0.0,0.0
18,110,4.5617029602080486,1.093060989923789,0.0,0.0,0.0,0.0,0.0,0.0
19,110,0.9082404315248566,7.739265457546234,0.0,0.0,1.0,1.0,0.0,0.0
20,110,11.96519124560453,1.1708948078886652,0.0,0.0,0.0,0.0,0.0,0.0
21,110,0.0758834881773919,2.5102061846833217,0.0,0.0,0.0,0.0,1.0,1.0
22,110,5.799308602906403,0.3254570494390188,0.0,0.0,0.0,0.0,0.0,0.0
23,110,5.929413357673797,5.690520532214004,0.0,1.0,1.0,1.0,0.0,1.0
24,110,11.87116829497313,10.56889294507485,1.0,1.0,1.0,1.0,0.0,0.0
25,110,4.596860949231812,12.0,0.0,1.0,0.0,0.0,1.0,1.0
26,110,0.7131215240003795,5.5189535646323815,0.0,0.0,0.0,1.0,1.0,1.0
27,110,6.74621689446458,1.0806485297483797,0.0,0.0,0.0,1.0,0.0,1.0
28,110,8.674241580325647,0.6440178526836493,0.0,0.0,0.0,0.0,0.0,0.0
29,110,8.136221645053695,7.536055606714388,1.0,0.0,0.0,0.0,0.0,0.0
30,110,6.95044816816064,6.9451197206096085,1.0,1.0,0.0,0.0,1.0,1.0
31,110,1.9149664435556408,12.0,1.0,1.0,1.0,1.0,0.0,0.0
32,110,10.145785813181751,6.767811601618685,0.0,0.0,0.0,1.0,0.0,0.0
33,110,9.09229520053202,1.928905294571425,0.0,1.0,0.0,0.0,0.0,0.0
34,110,12.0,9.160888518053692,0.0,1.0,0.0,0.0,1.0,0.0
35,110,6.511792190397604,8.759913923191897,1.0,0.0,0.0,0.0,1.0,0.0
36,110,4.240405654034232,0.4627265059393091,0.0,1.0,1.0,0.0,1.0,1.0
37,110,9.535882544747317,3.941091794709413,1.0,0.0,0.0,0.0,1.0,1.0
38,110,2.5751029687631397,5.300344248484854,1.0,0.0,1.0,0.0,1.0,0.0
39,110,11.309934016192724,1.5894346036467382,0.0,1.0,1.0,1.0,1.0,1.0
0,115,2.59623589031111,0.0695932289109342,0.0,1.0,0.0,1.0,0.0,1.0
1,115,3.1483275489072224,1.6436946737044875,1.0,0.0,1.0,1.0,1.0,1.0
2,115,3.498226597329057,7.26806266463599,0.0,0.0,0.0,0.0,0.0,0.0
3,115,7.640325894998635,2.8031572451901727,0.0,0.0,1.0,0.0,0.0,0.0
4,115,9.97677517544299,7.02764098719582,0.0,0.0,1.0,0.0,1.0,0.0
5,115,11.43301540913377,12.0,1.0,1.0,0.0,0.0,0.0,0.0
6,115,11.095398511374125,0.0,1.0,0.0,1.0,0.0,1.0,1.0
7,115,10.616514987693089,4.183387079255984,0.0,0.0,0.0,0.0,1.0,0.0
8,115,3.533326769402138,5.410195749066171,0.0,0.0,1.0,1.0,0.0,1.0
9,115,2.8141114703816617,0.0,1.0,0.0,0.0,1.0,0.0,0.0
10,115,0.0,1.102414951522526,0.0,1.0,1.0,0.0,0.0,0.0
11,115,3.908088469836897,7.535299754096428,0.0,0.0,0.0,0.0,1.0,1.0
12,115,2.3787263241968497,1.3149647160294369,0.0,0.0,0.0,0.0,0.0,0.0
13,115,1.0156312275292991,10.566866973778906,0.0,1.0,0.0,1.0,1.0,0.0
14,115,3.003072790524672,2.805295666732533,1.0,0.0,0.0,1.0,0.0,0.0
15,115,11.557904011155255,9.435982799704515,0.0,0.0,0.0,0.0,1.0,0.0
16,115,6.288065400853613,5.732036375188519,1.0,0.0,0.0,0.0,1.0,0.0
17,115,8.900863281845776,3.181838761212249,1.0,0.0,0.0,1.0,0.0,0.0
18,115,4.552950668322328,1.0910714754036803,0.0,0.0,0.0,0.0,0.0,0.0
19,115,0.8605232601254922,7.847639130270699,0.0,0.0,1.0,1.0,0.0,0.0
20,115,11.94798016457096,1.160700488354853,0.0,0.0,0.0,0.0,0.0,0.0
21,115,0.0685935570981008,2.5551446345085744,0.0,0.0,0.0,0.0,1.0,1.0
22,115,5.876109403088103,0.3067691905328122,0.0,0.0,0.0,0.0,0.0,0.0
23,115,5.764908838130323,5.580607981706997,0.0,1.0,1.0,1.0,0.0,1.0
24,115,11.873805071917824,10.567685495770204,1.0,1.0,1.0,1.0,0.0,0.0
25,115,4.547558307324319,12.0,0.0,1.0,0.0,0.0,1.0,1.0
26,115,0.7112030851649651,5.522813098196523,0.0,0.0,0.0,1.0,1.0,1.0
27,115,6.758553534655607,1.0623341016024357,0.0,0.0,0.0,1.0,0.0,1.0
28,115,8.624095184990633,0.6310993266869656,0.0,0.0,0.0,0.0,0.0,0.0
29,115,8.13622071586436,7.536194751933525,1.0,0.0,0.0,0.0,0.0,0.0
30,115,6.948676185240143,7.023398776869405,1.0,1.0,0.0,0.0,1.0,1.0
31,115,1.91516554117609,12.0,1.0,1.0,1.0,1.0,0.0,0.0
32,115,10.155494524849004,6.780737189779431,0.0,0.0,0.0,1.0,0.0,0.0
33,115,9.088831689530428,1.7348693742359722,0.0,1.0,0.0,0.0,0.0,0.0
34,115,12.0,9.161783124240866,0.0,1.0,0.0,0.0,1.0,0.0
35,115,6.491445455852651,8.619441701787022,1.0,0.0,0.0,0.0,1.0,0.0
36,115,4.260313914268777,0.4703994078242564,0.0,1.0,1.0,0.0,1.0,1.0
37,115,9.459922717455235,3.98935649501131,1.0,0.0,0.0,0.0,1.0,1.0
38,115,2.5551538113726115,5.263723097862037,1.0,0.0,1.0,0.0,1.0,0.0
39,115,11.327911677457443,1.5657149885007169,0.0,1.0,1.0,1.0,1.0,1.0
0,120,2.635192176132962,0.0,0.0,1.0,0.0,1.0,0.0,1.0
1,120,3.1000075008974197,1.7436822704171626,1.0,0.0,1.0,1.0,1.0,1.0
2,120,3.53808454071026,7.293944251157759,0.0,0.0,0.0,0.0,0.0,0.0
3,120,7.589750448981835,2.843792738679912,0.0,0.0,1.0,0.0,0.0,0.0
4,120,10.029709155371515,7.04076319513531,0.0,0.0,1.0,0.0,1.0,0.0
5,120,11.481327183751802,12.0,1.0,1.0,0.0,0.0,0.0,0.0
6,120,11.16057469838924,0.0,1.0,0.0,1.0,0.0,1.0,1.0
7,120,10.67744312677415,4.201580225517436,0.0,0.0,0.0,0.0,1.0,0.0
8,120,3.5713025686057724,5.506147563254888,0.0,0.0,1.0,1.0,0.0,1.0
9,120,2.935895952355237,0.0,1.0,0.0,0.0,1.0,0.0,0.0
10,120,0.0,1.0777347425489183,0.0,1.0,1.0,0.0,0.0,0.0
11,120,3.928058719558128,7.535493436373402,0.0,0.0,0.0,0.0,1.0,1.0
12,120,2.381947333708769,1.3167215178720235,0.0,0.0,0.0,0.0,0.0,0.0
13,120,1.0124163279100529,10.619999323232046,0.0,1.0,0.0,1.0,1.0,0.0
14,120,3.00121176451011,2.7231854971881635,1.0,0.0,0.0,1.0,0.0,0.0
15,120,11.64391496422259,9.35273438861114,0.0,0.0,0.0,0.0,1.0,0.0
16,120,6.348359558902057,5.779423619001864,1.0,0.0,0.0,0.0,1.0,0.0
17,120,8.92591288583666,3.1615209789747856,1.0,0.0,0.0,1.0,0.0,0.0
18,120,4.5330454017307344,1.0867186892447718,0.0,0.0,0.0,0.0,0.0,0.0
19,120,0.8172326782220188,7.939865075918557,0.0,0.0,1.0,1.0,0.0,0.0
20,120,11.927494303005249,1.1478427907842563,0.0,0.0,0.0,0.0,0.0,0.0
21,120,0.0613448071619494,2.616583991047812,0.0,0.0,0.0,0.0,1.0,1.0
22,120,5.954925948502049,0.2861395280430641,0.0,0.0,0.0,0.0,0.0,0.0
23,120,5.604995516124161,5.469425138540487,0.0,1.0,1.0,1.0,0.0,1.0
24,120,11.878653952012751,10.565502193146498,1.0,1.0,1.0,1.0,0.0,0.0
25,120,4.497003118350231,12.0,0.0,1.0,0.0,0.0,1.0,1.0
26,120,0.7124649044630684,5.520179324499473,0.0,0.0,0.0,1.0,1.0,1.0
27,120,6.783210506255133,1.025157695228173,0.0,0.0,0.0,1.0,0.0,1.0
28,120,8.56685342545866,0.6172285836610537,0.0,0.0,0.0,0.0,0.0,0.0
29,120,8.136001148654858,7.520093494180207,1.0,0.0,0.0,0.0,0.0,0.0
30,120,6.947925298799023,7.079798156677716,1.0,1.0,0.0,0.0,1.0,1.0
31,120,1.915020128729172,12.0,1.0,1.0,1.0,1.0,0.0,0.0
32,120,10.172085370122623,6.802947512015277,0.0,0.0,0.0,1.0,0.0,0.0
33,120,9.083839369190958,1.5697627908926135,0.0,1.0,0.0,0.0,0.0,0.0
34,120,12.0,9.164583718820888,0.0,1.0,0.0,0.0,1.0,0.0
35,120,6.471035066285942,8.469182850582902,1.0,0.0,0.0,0.0,1.0,0.0
36,120,4.284125156193966,0.4790283668325353,0.0,1.0,1.0,0.0,1.0,1.0
37,120,9.366206976120736,4.049902338435147,1.0,0.0,0.0,0.0,1.0,1.0
38,120,2.5301847847672847,5.215363297614886,1.0,0.0,1.0,0.0,1.0,0.0
39,120,11.356316045740549,1.5280419226739006,0.0,1.0,1.0,1.0,1.0,1.0
0,125,2.6842655857800977,0.0,0.0,1.0,0.0,1.0,0.0,1.0
1,125,3.0529606312039097,1.8395512819879656,1.0,0.0,1.0,1.0,1.0,1.0
2,125,3.583651708883695,7.322879558384752,0.0,0.0,0.0,0.0,0.0,0.0
3,125,7.553102577219986,2.8751835313546428,0.0,0.0,1.0,0.0,0.0,0.0
4,125,10.06155947811852,7.048172122623567,0.0,0.0,1.0,0.0,1.0,0.0
5,125,11.53282277799412,12.0,1.0,1.0,0.0,0.0,0.0,0.0
6,125,11.227786316602357,0.0,1.0,0.0,1.0,0.0,1.0,1.0
7,125,10.731872369963977,4.217561252655379,0.0,0.0,0.0,0.0,1.0,0.0
8,125,3.607079940298558,5.592607689309782,0.0,0.0,1.0,1.0,0.0,1.0
9,125,3.0516016302161826,0.0,1.0,0.0,0.0,1.0,0.0,0.0
10,125,0.0,1.0648969713571232,0.0,1.0,1.0,0.0,0.0,0.0
11,125,3.929653255090542,7.535487132506404,0.0,0.0,0.0,0.0,1.0,1.0
12,125,2.3746833471101003,1.3126368008766909,0.0,0.0,0.0,0.0,0.0,0.0
13,125,1.0069271101534405,10.676089754662874,0.0,1.0,0.0,1.0,1.0,0.0
14,125,2.9997290671622423,2.6531377728057435,1.0,0.0,0.0,1.0,0.0,0.0
15,125,11.723015181168622,9.2762136065076,0.0,0.0,0.0,0.0,1.0,0.0
16,125,6.41249977317478,5.828826817060241,1.0,0.0,0.0,0.0,1.0,0.0
17,125,8.954725801458293,3.1374457123100856,1.0,0.0,0.0,1.0,0.0,0.0
18,125,4.52244978835118,1.084295461335378,0.0,0.0,0.0,0.0,0.0,0.0
19,125,0.7801919576825653,8.018352655081163,0.0,0.0,1.0,1.0,0.0,0.0
20,125,11.92042121078871,1.1434404974524943,0.0,0.0,0.0,0.0,0.0,0.0
21,125,0.0558876915946832,2.660031666539719,0.0,0.0,0.0,0.0,1.0,1.0
22,125,6.03582472734965,0.26571899363779,0.0,0.0,0.0,0.0,0.0,0.0
23,125,5.444282458100654,5.351964783144258,0.0,1.0,1.0,1.0,0.0,1.0
24,125,11.87381019267528,10.56751439015117,1.0,1.0,1.0,1.0,0.0,0.0
25,125,4.449163895196961,12.0,0.0,1.0,0.0,0.0,1.0,1.0
26,125,0.7116277157441219,5.521880248069916,0.0,0.0,0.0,1.0,1.0,1.0
27,125,6.8073013331474215,0.99042795448048,0.0,0.0,0.0,1.0,0.0,1.0
28,125,8.490106503210242,0.5975167197983168,0.0,0.0,0.0,0.0,0.0,0.0
29,125,8.13665215110665,7.495192951128322,1.0,0.0,0.0,0.0,0.0,0.0
30,125,6.945571867039902,7.153689650534975,1.0,1.0,0.0,0.0,1.0,1.0
31,125,1.914588586193552,12.0,1.0,1.0,1.0,1.0,0.0,0.0
32,125,10.178800868449692,6.812425037319856,0.0,0.0,0.0,1.0,0.0,0.0
33,125,9.075600751704885,1.41630831893904,0.0,1.0,0.0,0.0,0.0,0.0
34,125,11.975364927333551,9.157535660829163,0.0,1.0,0.0,0.0,1.0,0.0
35,125,6.45511270853505,8.342608967308982,1.0,0.0,0.0,0.0,1.0,0.0
36,125,4.302225843727548,0.4852668381530343,0.0,1.0,1.0,0.0,1.0,1.0
37,125,9.262637903782013,4.114555784439577,1.0,0.0,0.0,0.0,1.0,1.0
38,125,2.5023819986418463,5.158927493015796,1.0,0.0,1.0,0.0,1.0,0.0
39,125,11.387436655365514,1.4846130611997996,0.0,1.0,1.0,1.0,1.0,1.0
0,130,2.736125599821941,0.0,0.0,1.0,0.0,1.0,0.0,1.0
1,130,2.9971140410130936,1.957719197764548,1.0,0.0,1.0,1.0,1.0,1.0
2,130,3.633833803763373,7.354150631735078,0.0,0.0,0.0,0.0,0.0,0.0
3,130,7.516269134011144,2.907534666349729,0.0,0.0,1.0,0.0,0.0,0.0
4,130,10.09371640438725,7.055399823988982,0.0,0.0,1.0,0.0,1.0,0.0
5,130,11.58672595681206,12.0,1.0,1.0,0.0,0.0,0.0,0.0
6,130,11.295401321736785,0.0,1.0,0.0,1.0,0.0,1.0,1.0
7,130,10.806824451176729,4.241682664719694,0.0,0.0,0.0,0.0,1.0,0.0
8,130,3.639644331621052,5.67501925715645,0.0,0.0,1.0,1.0,0.0,1.0
9,130,3.162413492125922,0.0,1.0,0.0,0.0,1.0,0.0,0.0
10,130,0.0025337036792434,1.0729231660424472,0.0,1.0,1.0,0.0,0.0,0.0
11,130,3.900393418215141,7.535581155141258,0.0,0.0,0.0,0.0,1.0,1.0
12,130,2.3732425579217087,1.3118009959837147,0.0,0.0,0.0,0.0,0.0,0.0
13,130,1.0014176498618494,10.7351000944469,0.0,1.0,0.0,1.0,1.0,0.0
14,130,3.0015587035883686,2.579482407718502,1.0,0.0,0.0,1.0,0.0,0.0
15,130,11.794703167006992,9.209200802740291,0.0,0.0,0.0,0.0,1.0,0.0
16,130,6.481648863554396,5.880542330453444,1.0,0.0,0.0,0.0,1.0,0.0
17,130,8.96892974646802,3.1260580514138443,1.0,0.0,0.0,1.0,0.0,0.0
18,130,4.519251903652332,1.0835197435488928,0.0,0.0,0.0,0.0,0.0,0.0
19,130,0.727780005299872,8.12256146105628,0.0,0.0,1.0,1.0,0.0,0.0
20,130,11.88770210356646,1.1229687223841789,0.0,0.0,0.0,0.0,0.0,0.0
21,130,0.0502820822914814,2.7011087888327645,0.0,0.0,0.0,0.0,1.0,1.0
22,130,6.120051893131942,0.2456527159952554,0.0,0.0,0.0,0.0,0.0,0.0
23,130,5.278718200328916,5.226296773111384,0.0,1.0,1.0,1.0,0.0,1.0
24,130,11.85725357981958,10.5740408177779,1.0,1.0,1.0,1.0,0.0,0.0
25,130,4.393403742397502,12.0,0.0,1.0,0.0,0.0,1.0,1.0
26,130,0.7119506042774985,5.521197504646339,0.0,0.0,0.0,1.0,1.0,1.0
27,130,6.841635488543981,0.9429267451516437,0.0,0.0,0.0,1.0,0.0,1.0
28,130,8.411861304826845,0.5762040522017017,0.0,0.0,0.0,0.0,0.0,0.0
29,130,8.136738296036848,7.477144761831234,1.0,0.0,0.0,0.0,0.0,0.0
30,130,6.940212417845267,7.222286373353776,1.0,1.0,0.0,0.0,1.0,1.0
31,130,1.9141718699053385,12.0,1.0,1.0,1.0,1.0,0.0,0.0
32,130,10.202160517804728,6.844681005197112,0.0,0.0,0.0,1.0,0.0,0.0
33,130,9.067544611795173,1.2896530918698,0.0,1.0,0.0,0.0,0.0,0.0
34,130,11.937811442593793,9.146030517555968,0.0,1.0,0.0,0.0,1.0,0.0
35,130,6.4347953324474805,8.200244495585299,1.0,0.0,0.0,0.0,1.0,0.0
36,130,4.33351091051111,0.495571286716037,0.0,1.0,1.0,0.0,1.0,1.0
37,130,9.171260880165605,4.174872225538863,1.0,0.0,0.0,0.0,1.0,1.0
38,130,2.473432774479983,5.1062372630373964,1.0,0.0,1.0,0.0,1.0,0.0
39,130,11.426149149810538,1.4308938287893307,0.0,1.0,1.0,1.0,1.0,1.0
0,135,2.786606612976096,0.0,0.0,1.0,0.0,1.0,0.0,1.0
1,135,2.9454561585003587,2.0659148672712853,1.0,0.0,1.0,1.0,1.0,1.0
2,135,3.6814568034900863,7.383835560651682,0.0,0.0,0.0,0.0,0.0,0.0
3,135,7.486421400117645,2.934564638387068,0.0,0.0,1.0,0.0,0.0,0.0
4,135,10.122316720387662,7.062623602143704,0.0,0.0,1.0,0.0,1.0,0.0
5,135,11.636178431496065,12.0,1.0,1.0,0.0,0.0,0.0,0.0
6,135,11.342162508312011,0.0,1.0,0.0,1.0,0.0,1.0,1.0
7,135,10.866060345602811,4.25960581089936,0.0,0.0,0.0,0.0,1.0,0.0
8,135,3.674892407698773,5.76188384559807,0.0,0.0,1.0,1.0,0.0,1.0
9,135,3.271715963619247,0.0,1.0,0.0,0.0,1.0,0.0,0.0
10,135,0.0,1.0629792671862994,0.0,1.0,1.0,0.0,0.0,0.0
11,135,3.8769269217758016,7.536063231930226,0.0,0.0,0.0,0.0,1.0,1.0
12,135,2.368343908259549,1.3088979278253547,0.0,0.0,0.0,0.0,0.0,0.0
13,135,0.9957930604199732,10.792984330165265,0.0,1.0,0.0,1.0,1.0,0.0
14,135,3.0029769748159185,2.5343441520526238,1.0,0.0,0.0,1.0,0.0,0.0
15,135,11.867467270543637,9.142822865697225,0.0,0.0,0.0,0.0,1.0,0.0
16,135,6.541658020228009,5.927534887356835,1.0,0.0,0.0,0.0,1.0,0.0
17,135,8.973097238748592,3.1226978925554163,1.0,0.0,0.0,1.0,0.0,0.0
18,135,4.53272216199724,1.08652476838112,0.0,0.0,0.0,0.0,0.0,0.0
19,135,0.6782168152087441,8.222071611567932,0.0,0.0,1.0,1.0,0.0,0.0
20,135,11.854577165095709,1.1021342193444978,0.0,0.0,0.0,0.0,0.0,0.0
21,135,0.0479285363316261,2.717931759037604,0.0,0.0,0.0,0.0,1.0,1.0
22,135,6.211825123479564,0.2237923488255462,0.0,0.0,0.0,0.0,0.0,0.0
23,135,5.100681837036193,5.097305273850394,0.0,1.0,1.0,1.0,0.0,1.0
24,135,11.827066190487455,10.585148489168413,1.0,1.0,1.0,1.0,0.0,0.0
25,135,4.3433494549563365,12.0,0.0,1.0,0.0,0.0,1.0,1.0
26,135,0.7128994212535404,5.5192821517465385,0.0,0.0,0.0,1.0,1.0,1.0
27,135,6.896692149280457,0.8652775706186895,0.0,0.0,0.0,1.0,0.0,1.0
28,135,8.327571316782338,0.5525957617243832,0.0,0.0,0.0,0.0,0.0,0.0
29,135,8.136894952905898,7.446261471371348,1.0,0.0,0.0,0.0,0.0,0.0
30,135,6.936760404609144,7.273734116749482,1.0,1.0,0.0,0.0,1.0,1.0
31,135,1.9136865031154344,12.0,1.0,1.0,1.0,1.0,0.0,0.0
32,135,10.223730399281202,6.87509358584917,0.0,0.0,0.0,1.0,0.0,0.0
33,135,9.061527559277929,1.1774710947893814,0.0,1.0,0.0,0.0,0.0,0.0
34,135,11.901662610837196,9.134372381245832,0.0,1.0,0.0,0.0,1.0,0.0
35,135,6.414110773680452,8.057767259148452,1.0,0.0,0.0,0.0,1.0,0.0
36,135,4.359360541657527,0.5042718491960331,0.0,1.0,1.0,0.0,1.0,1.0
37,135,9.07651420356392,4.232556922137932,1.0,0.0,0.0,0.0,1.0,1.0
38,135,2.434694822457122,5.034207059718178,1.0,0.0,1.0,0.0,1.0,0.0
39,135,11.463456478990516,1.380724320094404,0.0,1.0,1.0,1.0,1.0,1.0
0,140,2.829018350196852,0.0,0.0,1.0,0.0,1.0,0.0,1.0
1,140,2.892220452153728,2.1801430526822294,1.0,0.0,1.0,1.0,1.0,1.0
2,140,3.747812905682535,7.426478870633505,0.0,0.0,0.0,0.0,0.0,0.0
3,140,7.453242777049505,2.9656309500967173,0.0,0.0,1.0,0.0,0.0,0.0
4,140,10.13489316187289,7.065862155819484,0.0,0.0,1.0,0.0,1.0,0.0
5,140,11.675850940181348,12.0,1.0,1.0,0.0,0.0,0.0,0.0
6,140,11.376468931731845,0.0,1.0,0.0,1.0,0.0,1.0,1.0
7,140,10.914241155527485,4.27481691927749,0.0,0.0,0.0,0.0,1.0,0.0
8,140,3.7085298953078367,5.84235326769559,0.0,0.0,1.0,1.0,0.0,1.0
9,140,3.3587834917625585,0.0,1.0,0.0,0.0,1.0,0.0,0.0
10,140,0.0,1.0454249341696975,0.0,1.0,1.0,0.0,0.0,0.0
11,140,3.878406548837064,7.536044579170263,0.0,0.0,0.0,0.0,1.0,1.0
12,140,2.3574420267837395,1.3021821107888942,0.0,0.0,0.0,0.0,0.0,0.0
13,140,0.9911351528531112,10.837151419247958,0.0,1.0,0.0,1.0,1.0,0.0
14,140,3.0043527551559674,2.4953316860853527,1.0,0.0,0.0,1.0,0.0,0.0
15,140,11.945997758855432,9.07003767892698,0.0,0.0,0.0,0.0,1.0,0.0
16,140,6.596801685866115,5.971385853740161,1.0,0.0,0.0,0.0,1.0,0.0
17,140,8.979922993830186,3.1170047878368274,1.0,0.0,0.0,1.0,0.0,0.0
18,140,4.564998651298003,1.093265709592376,0.0,0.0,0.0,0.0,0.0,0.0
19,140,0.644088703551119,8.28767962102669,0.0,0.0,1.0,1.0,0.0,0.0
20,140,11.8137786673956,1.0770922305424262,0.0,0.0,0.0,0.0,0.0,0.0
21,140,0.0440364756105528,2.748381860383339,0.0,0.0,0.0,0.0,1.0,1.0
22,140,6.300858016929091,0.2014848506076088,0.0,0.0,0.0,0.0,0.0,0.0
23,140,4.915797637449753,4.955359290780954,0.0,1.0,1.0,1.0,0.0,1.0
24,140,11.794878152985516,10.596694153886016,1.0,1.0,1.0,1.0,0.0,0.0
25,140,4.300778881008323,12.0,0.0,1.0,0.0,0.0,1.0,1.0
26,140,0.71519493499636,5.515134301816076,0.0,0.0,0.0,1.0,1.0,1.0
27,140,6.961325552418526,0.7798090924042871,0.0,0.0,0.0,1.0,0.0,1.0
28,140,8.232791513153634,0.5282011303272086,0.0,0.0,0.0,0.0,0.0,0.0
29,140,8.13731820299924,7.416799445771706,1.0,0.0,0.0,0.0,0.0,0.0
30,140,6.935256537324692,7.291925438482596,1.0,1.0,0.0,0.0,1.0,1.0
31,140,1.913616700579636,12.0,1.0,1.0,1.0,1.0,0.0,0.0
32,140,10.24809340601252,6.909117046599837,0.0,0.0,0.0,1.0,0.0,0.0
33,140,9.056713279959954,1.0727260218382288,0.0,1.0,0.0,0.0,0.0,0.0
34,140,11.871842720115106,9.124961994657545,0.0,1.0,0.0,0.0,1.0,0.0
35,140,6.396599782511533,7.927911121520575,1.0,0.0,0.0,0.0,1.0,0.0
36,140,4.38714855550844,0.5141124613035891,0.0,1.0,1.0,0.0,1.0,1.0
37,140,8.98942110374168,4.285623258199628,1.0,0.0,0.0,0.0,1.0,1.0
38,140,2.384916365079915,4.94444295083176,1.0,0.0,1.0,0.0,1.0,0.0
39,140,11.505859390173114,1.323004356543586,0.0,1.0,1.0,1.0,1.0,1.0
0,145,2.861867327707941,0.0,0.0,1.0,0.0,1.0,0.0,1.0
1,145,2.843139985800108,2.2885674214423357,1.0,0.0,1.0,1.0,1.0,1.0
2,145,3.8236077323015487,7.476240085596872,0.0,0.0,0.0,0.0,0.0,0.0
3,145,7.416057653827964,2.999389704283413,0.0,0.0,1.0,0.0,0.0,0.0
4,145,10.156023085648126,7.070789797920016,0.0,0.0,1.0,0.0,1.0,0.0
5,145,11.71889557805644,12.0,1.0,1.0,0.0,0.0,0.0,0.0
6,145,11.42186659449304,0.0009247297404565,1.0,0.0,1.0,0.0,1.0,1.0
7,145,10.959291732923704,4.289662118582784,0.0,0.0,0.0,0.0,1.0,0.0
8,145,3.735868293900846,5.907265324653467,0.0,0.0,1.0,1.0,0.0,1.0
9,145,3.459052584240087,0.0,1.0,0.0,0.0,1.0,0.0,0.0
10,145,0.0,1.0153157813160256,0.0,1.0,1.0,0.0,0.0,0.0
11,145,3.877398944721971,7.536040228034736,0.0,0.0,0.0,0.0,1.0,1.0
12,145,2.3638489539624987,1.3060584174966452,0.0,0.0,0.0,0.0,0.0,0.0
13,145,0.9871968323377583,10.879206491949088,0.0,1.0,0.0,1.0,1.0,0.0
14,145,3.0047916580724747,2.449122375971325,1.0,0.0,0.0,1.0,0.0,0.0
15,145,12.0,8.994400598756718,0.0,0.0,0.0,0.0,1.0,0.0
16,145,6.643611289741799,6.007768707484058,1.0,0.0,0.0,0.0,1.0,0.0
17,145,8.990391162692946,3.108258015945756,1.0,0.0,0.0,1.0,0.0,0.0
18,145,4.601172985369497,1.1010220279959673,0.0,0.0,0.0,0.0,0.0,0.0
19,145,0.6196002793632696,8.334903557076402,0.0,0.0,1.0,1.0,0.0,0.0
20,145,11.77736775213539,1.0552924334783502,0.0,0.0,0.0,0.0,0.0,0.0
21,145,0.0398844797182818,2.780515587834078,0.0,0.0,0.0,0.0,1.0,1.0
22,145,6.281967331789192,0.1133734205033541,0.0,0.0,0.0,0.0,0.0,0.0
23,145,4.738691175187123,4.82220324563758,0.0,1.0,1.0,1.0,0.0,1.0
24,145,11.769892134431272,10.605907612196471,1.0,1.0,1.0,1.0,0.0,0.0
25,145,4.255058576643529,12.0,0.0,1.0,0.0,0.0,1.0,1.0
26,145,0.7133266920158097,5.518607446896543,0.0,0.0,0.0,1.0,1.0,1.0
27,145,7.013787159266552,0.7147956876070153,0.0,0.0,0.0,1.0,0.0,1.0
28,145,8.14506199950011,0.5050156311366258,0.0,0.0,0.0,0.0,0.0,0.0
29,145,8.137498173086872,7.3870563165142595,1.0,0.0,0.0,0.0,0.0,0.0
30,145,6.93111449057903,7.338062079082272,1.0,1.0,0.0,0.0,1.0,1.0
31,145,1.9144560201925755,12.0,1.0,1.0,1.0,1.0,0.0,0.0
32,145,10.285547375220542,6.963737260711011,0.0,0.0,0.0,1.0,0.0,0.0
33,145,9.04933420412592,0.9487728430283572,0.0,1.0,0.0,0.0,0.0,0.0
34,145,11.85118879899329,9.118402896886188,0.0,1.0,0.0,0.0,1.0,0.0
35,145,6.382832482036697,7.83169011596901,1.0,0.0,0.0,0.0,1.0,0.0
36,145,4.429445112140526,0.5292086564113695,0.0,1.0,1.0,0.0,1.0,1.0
37,145,8.916326481743246,4.328848093873148,1.0,0.0,0.0,0.0,1.0,1.0
38,145,2.317356816159217,4.831308096390152,1.0,0.0,1.0,0.0,1.0,0.0
39,145,11.541766053366109,1.2739404699551211,0.0,1.0,1.0,1.0,1.0,1.0
0,150,2.896179795764707,0.0,0.0,1.0,0.0,1.0,0.0,1.0
1,150,2.7840058361615787,2.414652329074109,1.0,0.0,1.0,1.0,1.0,1.0
2,150,3.908573091391799,7.533766860672225,0.0,0.0,0.0,0.0,0.0,0.0
3,150,7.367657992460087,3.0458778163159823,0.0,0.0,1.0,0.0,0.0,0.0
4,150,10.175904188492003,7.075546521701619,0.0,0.0,1.0,0.0,1.0,0.0
5,150,11.761319770871332,12.0,1.0,1.0,0.0,0.0,0.0,0.0
6,150,11.475407213271756,0.0033492659910677,1.0,0.0,1.0,0.0,1.0,1.0
7,150,10.999946138247129,4.303439827685571,0.0,0.0,0.0,0.0,1.0,0.0
8,150,3.772107476703968,5.989159381561897,0.0,0.0,1.0,1.0,0.0,1.0
9,150,3.5670737939781687,0.0,1.0,0.0,0.0,1.0,0.0,0.0
10,150,0.0,0.968856701710766,0.0,1.0,1.0,0.0,0.0,0.0
11,150,3.879475049574427,7.535981612417316,0.0,0.0,0.0,0.0,1.0,1.0
12,150,2.36899881616927,1.3092056409850024,0.0,0.0,0.0,0.0,0.0,0.0
13,150,0.98336801752489,10.914075680616731,0.0,1.0,0.0,1.0,1.0,0.0
14,150,3.00517819797567,2.4084000286996394,1.0,0.0,0.0,1.0,0.0,0.0
15,150,12.0,8.908735843201551,0.0,0.0,0.0,0.0,1.0,0.0
16,150,6.694062669927508,6.046526814162703,1.0,0.0,0.0,0.0,1.0,0.0
17,150,8.994669656521168,3.1047497182338994,1.0,0.0,0.0,1.0,0.0,0.0
18,150,4.637175263047849,1.108258745301131,0.0,0.0,0.0,0.0,0.0,0.0
19,150,0.5962709299273234,8.377511572237243,0.0,0.0,1.0,1.0,0.0,0.0
20,150,11.752007184994776,1.040626542642641,0.0,0.0,0.0,0.0,0.0,0.0
21,150,0.0345951348461541,2.830365897766929,0.0,0.0,0.0,0.0,1.0,1.0
22,150,6.266147047477349,0.0417807350967287,0.0,0.0,0.0,0.0,0.0,0.0
23,150,4.575327278588334,4.697033437550097,0.0,1.0,1.0,1.0,0.0,1.0
24,150,11.748491137216494,10.613562392128202,1.0,1.0,1.0,1.0,0.0,0.0
25,150,4.229729772655665,12.0,0.0,1.0,0.0,0.0,1.0,1.0
26,150,0.7201078186181493,5.505785948293104,0.0,0.0,0.0,1.0,1.0,1.0
27,150,7.071072175720138,0.648293361288308,0.0,0.0,0.0,1.0,0.0,1.0
28,150,8.043957331466961,0.4778199197067314,0.0,0.0,0.0,0.0,0.0,0.0
29,150,8.138653003527793,7.340031768975252,1.0,0.0,0.0,0.0,0.0,0.0
30,150,6.927095219340833,7.382346517451173,1.0,1.0,0.0,0.0,1.0,1.0
31,150,1.9140509375746928,12.0,1.0,1.0,1.0,1.0,0.0,0.0
32,150,10.325935386990691,7.024092259372622,0.0,0.0,0.0,1.0,0.0,0.0
33,150,9.042856416103469,0.8334134473429128,0.0,1.0,0.0,0.0,0.0,0.0
34,150,11.85469418070148,9.119454595911956,0.0,1.0,0.0,0.0,1.0,0.0
35,150,6.36942422163318,7.746067603865428,1.0,0.0,0.0,0.0,1.0,0.0
36,150,4.4613359600830265,0.5403207272268044,0.0,1.0,1.0,0.0,1.0,1.0
37,150,8.826790264860307,4.381469284646056,1.0,0.0,0.0,0.0,1.0,1.0
38,150,2.252656809922021,4.720950779526526,1.0,0.0,1.0,0.0,1.0,0.0
39,150,11.562339176795051,1.246112893036572,0.0,1.0,1.0,1.0,1.0,1.0
0,155,2.920944527958442,0.0,0.0,1.0,0.0,1.0,0.0,1.0
1,155,2.7058086824122056,2.563541452478661,1.0,0.0,1.0,1.0,1.0,1.0
2,155,4.001751546039793,7.600604733894741,0.0,0.0,0.0,0.0,0.0,0.0
3,155,7.321923704944726,3.08877361317938,0.0,0.0,1.0,0.0,0.0,0.0
4,155,10.216884114275844,7.085332034354973,0.0,0.0,1.0,0.0,1.0,0.0
5,155,11.805113076738316,12.0,1.0,1.0,0.0,0.0,0.0,0.0
6,155,11.530698392340373,0.0039004870694809,1.0,0.0,1.0,0.0,1.0,1.0
7,155,11.056262625664436,4.322189388888045,0.0,0.0,0.0,0.0,1.0,0.0
8,155,3.806810990344325,6.066121364847644,0.0,0.0,1.0,1.0,0.0,1.0
9,155,3.660125612633247,0.0,1.0,0.0,0.0,1.0,0.0,0.0
10,155,0.0,0.9440391442610336,0.0,1.0,1.0,0.0,0.0,0.0
11,155,3.8640372780031655,7.536722288720688,0.0,0.0,0.0,0.0,1.0,1.0
12,155,2.347521643541753,1.2965052836054387,0.0,0.0,0.0,0.0,0.0,0.0
13,155,0.98033470257583,10.940194828901184,0.0,1.0,0.0,1.0,1.0,0.0
14,155,3.0046723422884583,2.352415502573012,1.0,0.0,0.0,1.0,0.0,0.0
15,155,12.0,8.81194525930037,0.0,0.0,0.0,0.0,1.0,0.0
16,155,6.7424008705459295,6.082113844570324,1.0,0.0,0.0,0.0,1.0,0.0
17,155,8.975023010524094,3.120362740606302,1.0,0.0,0.0,1.0,0.0,0.0
18,155,4.692591819671788,1.118623155737918,0.0,0.0,0.0,0.0,0.0,0.0
19,155,0.5711809855588562,8.42060850527758,0.0,0.0,1.0,1.0,0.0,0.0
20,155,11.734377899749564,1.02984922070925,0.0,0.0,0.0,0.0,0.0,0.0
21,155,0.0299536062917623,2.873323659589757,0.0,0.0,0.0,0.0,1.0,1.0
22,155,6.249016220220812,0.0,0.0,0.0,0.0,0.0,0.0,0.0
23,155,4.402529466398524,4.56111087754185,0.0,1.0,1.0,1.0,0.0,1.0
24,155,11.738778185956814,10.616998786527738,1.0,1.0,1.0,1.0,0.0,0.0
25,155,4.214933974759867,11.986327593234892,0.0,1.0,0.0,0.0,1.0,1.0
26,155,0.7226025222314635,5.50103358456748,0.0,0.0,0.0,1.0,1.0,1.0
27,155,7.125955514688728,0.5849045916782467,0.0,0.0,0.0,1.0,0.0,1.0
28,155,7.948495744228616,0.447905690027947,0.0,0.0,0.0,0.0,0.0,0.0
29,155,8.139826332010308,7.285818342457526,1.0,0.0,0.0,0.0,0.0,0.0
30,155,6.923589259443407,7.423298703568816,1.0,1.0,0.0,0.0,1.0,1.0
31,155,1.916925157299052,12.0,1.0,1.0,1.0,1.0,0.0,0.0
32,155,10.362561771184753,7.082232507982693,0.0,0.0,0.0,1.0,0.0,0.0
33,155,9.037494048397942,0.7242907759228313,0.0,1.0,0.0,0.0,0.0,0.0
34,155,11.853711414147414,9.11915245489267,0.0,1.0,0.0,0.0,1.0,0.0
35,155,6.356090456389377,7.669442859859027,1.0,0.0,0.0,0.0,1.0,0.0
36,155,4.48399879461214,0.5479499210693574,0.0,1.0,1.0,0.0,1.0,1.0
37,155,8.71865414552338,4.449510866402426,1.0,0.0,0.0,0.0,1.0,1.0
38,155,2.1885279400314914,4.615009198496175,1.0,0.0,1.0,0.0,1.0,0.0
39,155,11.58980099133659,1.2090583188715225,0.0,1.0,1.0,1.0,1.0,1.0
0,160,2.945232284441967,0.0,0.0,1.0,0.0,1.0,0.0,1.0
1,160,2.6262014511433924,2.718494044470386,1.0,0.0,1.0,1.0,1.0,1.0
2,160,4.124121962891222,7.688135629244647,0.0,0.0,0.0,0.0,0.0,0.0
3,160,7.277907101785046,3.1296829291175423,0.0,0.0,1.0,0.0,0.0,0.0
4,160,10.257381757614718,7.093835424720243,0.0,0.0,1.0,0.0,1.0,0.0
5,160,11.851240934890823,12.0,1.0,1.0,0.0,0.0,0.0,0.0
6,160,11.604526948226896,0.0060175492322551,1.0,0.0,1.0,0.0,1.0,1.0
7,160,11.109843439161477,4.339606345301406,0.0,0.0,0.0,0.0,1.0,0.0
8,160,3.83233384844276,6.119766405903333,0.0,0.0,1.0,1.0,0.0,1.0
9,160,3.749627951292669,0.0,1.0,0.0,0.0,1.0,0.0,0.0
10,160,0.0,0.9215741487467471,0.0,1.0,1.0,0.0,0.0,0.0
11,160,3.833801914542505,7.538065483931855,0.0,0.0,0.0,0.0,1.0,1.0
12,160,2.325982965494651,1.283578461342464,0.0,0.0,0.0,0.0,0.0,0.0
13,160,0.9775746892201068,10.96170171556503,0.0,1.0,0.0,1.0,1.0,0.0
14,160,3.004548098433124,2.3315511418494976,1.0,0.0,0.0,1.0,0.0,0.0
15,160,12.0,8.701215093508178,0.0,0.0,0.0,0.0,1.0,0.0
16,160,6.789616871275842,6.115851481551518,1.0,0.0,0.0,0.0,1.0,0.0
17,160,8.949827176233839,3.139517636409419,1.0,0.0,0.0,1.0,0.0,0.0
18,160,4.746548777773536,1.129969141544087,0.0,0.0,0.0,0.0,0.0,0.0
19,160,0.5498484310066726,8.454628823413609,0.0,0.0,1.0,1.0,0.0,0.0
20,160,11.71324105349041,1.017382383719817,0.0,0.0,0.0,0.0,0.0,0.0
21,160,0.0242171397773086,2.9312321642167976,0.0,0.0,0.0,0.0,1.0,1.0
22,160,6.228940687817728,0.0,0.0,0.0,0.0,0.0,0.0,0.0
23,160,4.221393309549008,4.414953818539388,0.0,1.0,1.0,1.0,0.0,1.0
24,160,11.734636670515302,10.61853222626176,1.0,1.0,1.0,1.0,0.0,0.0
25,160,4.196514441898753,11.968163996676186,0.0,1.0,0.0,0.0,1.0,1.0
26,160,0.7192300387393064,5.507289896987055,0.0,0.0,0.0,1.0,1.0,1.0
27,160,7.180300721742678,0.5192971647030127,0.0,0.0,0.0,1.0,0.0,1.0
28,160,7.862471946284798,0.4202296795189242,0.0,0.0,0.0,0.0,0.0,0.0
29,160,8.139233659554897,7.241911168580117,1.0,0.0,0.0,0.0,0.0,0.0
30,160,6.920145732785343,7.452520067261065,1.0,1.0,0.0,0.0,1.0,1.0
31,160,1.9200217887345872,12.0,1.0,1.0,1.0,1.0,0.0,0.0
32,160,10.405663973967812,7.147746434587321,0.0,0.0,0.0,1.0,0.0,0.0
33,160,9.033662291516768,0.6324526118566162,0.0,1.0,0.0,0.0,0.0,0.0
34,160,11.827574751947587,9.111454290166025,0.0,1.0,0.0,0.0,1.0,0.0
35,160,6.341649481207105,7.586083910697783,1.0,0.0,0.0,0.0,1.0,0.0
36,160,4.516968133811741,0.5588620215791537,0.0,1.0,1.0,0.0,1.0,1.0
37,160,8.617098040162157,4.520013999500646,1.0,0.0,0.0,0.0,1.0,1.0
38,160,2.115213982473132,4.49479282675039,1.0,0.0,1.0,0.0,1.0,0.0
39,160,11.61116663806762,1.178076206141082,0.0,1.0,1.0,1.0,1.0,1.0
0,165,2.9728528704059007,0.0,0.0,1.0,0.0,1.0,0.0,1.0
1,165,2.5502066275771265,2.8648783094376347,1.0,0.0,1.0,1.0,1.0,1.0
2,165,4.229813005729971,7.767183813931554,0.0,0.0,0.0,0.0,0.0,0.0
3,165,7.242089935574857,3.1624884116920007,0.0,0.0,1.0,0.0,0.0,0.0
4,165,10.292118317879744,7.101152781291441,0.0,0.0,1.0,0.0,1.0,0.0
5,165,11.898027521238618,12.0,1.0,1.0,0.0,0.0,0.0,0.0
6,165,11.680270487723018,0.0082872990279915,1.0,0.0,1.0,0.0,1.0,1.0
7,165,11.173759936708406,4.358540011626412,0.0,0.0,0.0,0.0,1.0,0.0
8,165,3.862428523199724,6.180848584411118,0.0,0.0,1.0,1.0,0.0,1.0
9,165,3.846906922367325,0.0,1.0,0.0,0.0,1.0,0.0,0.0
10,165,0.0,0.8987748323273896,0.0,1.0,1.0,0.0,0.0,0.0
11,165,3.8168710844846663,7.538819358233362,0.0,0.0,0.0,0.0,1.0,1.0
12,165,2.2859267900432823,1.2588155864805717,0.0,0.0,0.0,0.0,0.0,0.0
13,165,0.973769612252144,10.993445258018111,0.0,1.0,0.0,1.0,1.0,0.0
14,165,3.004361686580955,2.301469543077154,1.0,0.0,0.0,1.0,0.0,0.0
15,165,12.0,8.595271855304336,0.0,0.0,0.0,0.0,1.0,0.0
16,165,6.83318444959131,6.146417732521993,1.0,0.0,0.0,0.0,1.0,0.0
17,165,8.923229755080035,3.159778597917496,1.0,0.0,0.0,1.0,0.0,0.0
18,165,4.816237995758232,1.1458835685995548,0.0,0.0,0.0,0.0,0.0,0.0
19,165,0.521768386519693,8.496494144096866,0.0,0.0,1.0,1.0,0.0,0.0
20,165,11.700009242353431,1.0095976798484554,0.0,0.0,0.0,0.0,0.0,0.0
21,165,0.0213422100141543,2.986338047791878,0.0,0.0,0.0,0.0,1.0,1.0
22,165,6.208271492392393,0.0,0.0,0.0,0.0,0.0,0.0,0.0
23,165,4.039470219666542,4.2666582031741305,0.0,1.0,1.0,1.0,0.0,1.0
24,165,11.73698533818332,10.61771400972213,1.0,1.0,1.0,1.0,0.0,0.0
25,165,4.188262374902324,11.95984535343242,0.0,1.0,0.0,0.0,1.0,1.0
26,165,0.7145821443514178,5.516120576003974,0.0,0.0,0.0,1.0,1.0,1.0
27,165,7.243270355389634,0.4427871088491271,0.0,0.0,0.0,1.0,0.0,1.0
28,165,7.772657530777588,0.393117946628416,0.0,0.0,0.0,0.0,0.0,0.0
29,165,8.138292504427113,7.189013269052941,1.0,0.0,0.0,0.0,0.0,0.0
30,165,6.917211091350585,7.474372258943308,1.0,1.0,0.0,0.0,1.0,1.0
31,165,1.922934703834826,12.0,1.0,1.0,1.0,1.0,0.0,0.0
32,165,10.441187685479315,7.200431496216892,0.0,0.0,0.0,1.0,0.0,0.0
33,165,9.02873578213797,0.5401750529746211,0.0,1.0,0.0,0.0,0.0,0.0
34,165,11.808269875526976,9.10597465879194,0.0,1.0,0.0,0.0,1.0,0.0
35,165,6.323832924531051,7.477477231046526,1.0,0.0,0.0,0.0,1.0,0.0
36,165,4.541833406055355,0.5680863299155953,0.0,1.0,1.0,0.0,1.0,1.0
37,165,8.511693069799367,4.590250877988426,1.0,0.0,0.0,0.0,1.0,1.0
38,165,2.034840240547871,4.368250652209799,1.0,0.0,1.0,0.0,1.0,0.0
39,165,11.629759506466073,1.1513030706318894,0.0,1.0,1.0,1.0,1.0,1.0
0,170,3.0027796018673927,0.0,0.0,1.0,0.0,1.0,0.0,1.0
1,170,2.4791469956443644,2.998042882200139,1.0,0.0,1.0,1.0,1.0,1.0
2,170,4.342628976955507,7.849863707079565,0.0,0.0,0.0,0.0,0.0,0.0
3,170,7.196086855525125,3.204516173601279,0.0,0.0,1.0,0.0,0.0,0.0
4,170,10.28729566608653,7.122757742561064,0.0,0.0,1.0,0.0,1.0,0.0
5,170,11.944448244906225,12.0,1.0,1.0,0.0,0.0,0.0,0.0
6,170,11.76065098487162,0.0082917700502452,1.0,0.0,1.0,0.0,1.0,1.0
7,170,11.226714231204028,4.374920638344079,0.0,0.0,0.0,0.0,1.0,0.0
8,170,3.895618313107709,6.25097060985169,0.0,0.0,1.0,1.0,0.0,1.0
9,170,3.936939034262993,0.0,1.0,0.0,0.0,1.0,0.0,0.0
10,170,0.0,0.8662761917814525,0.0,1.0,1.0,0.0,0.0,0.0
11,170,3.788711017134878,7.539436591098425,0.0,0.0,0.0,0.0,1.0,1.0
12,170,2.250252439429556,1.235563501746264,0.0,0.0,0.0,0.0,0.0,0.0
13,170,0.9681586609094892,11.032113525389049,0.0,1.0,0.0,1.0,1.0,0.0
14,170,3.004636316517433,2.278085967283712,1.0,0.0,0.0,1.0,0.0,0.0
15,170,12.0,8.490914098544346,0.0,0.0,0.0,0.0,1.0,0.0
16,170,6.892685405680943,6.189219561739464,1.0,0.0,0.0,0.0,1.0,0.0
17,170,8.921653978450383,3.161086859324436,1.0,0.0,0.0,1.0,0.0,0.0
18,170,4.874727595321806,1.1599992472583884,0.0,0.0,0.0,0.0,0.0,0.0
19,170,0.4833684781912348,8.555584881262208,0.0,0.0,1.0,1.0,0.0,0.0
20,170,11.703994514035989,1.0119555809714524,0.0,0.0,0.0,0.0,0.0,0.0
21,170,0.0187925232511537,3.0543496391896587,0.0,0.0,0.0,0.0,1.0,1.0
22,170,6.184480970604476,0.0,0.0,0.0,0.0,0.0,0.0,0.0
23,170,3.85345436546594,4.116435274056425,0.0,1.0,1.0,1.0,0.0,1.0
24,170,11.715897315414372,10.62455640005448,1.0,1.0,1.0,1.0,0.0,0.0
25,170,4.172916742973272,11.94466632672655,0.0,1.0,0.0,0.0,1.0,1.0
26,170,0.7079622849909472,5.528372949264215,0.0,0.0,0.0,1.0,1.0,1.0
27,170,7.299068002446074,0.3741799276578409,0.0,0.0,0.0,1.0,0.0,1.0
28,170,7.70044526906296,0.3722948409228682,0.0,0.0,0.0,0.0,0.0,0.0
29,170,8.137422941948694,7.166722697624175,1.0,0.0,0.0,0.0,0.0,0.0
30,170,6.915053329642117,7.488539866311749,1.0,1.0,0.0,0.0,1.0,1.0
31,170,1.9261065646418691,12.0,1.0,1.0,1.0,1.0,0.0,0.0
32,170,10.48090512791599,7.260467334362782,0.0,0.0,0.0,1.0,0.0,0.0
33,170,9.023303187276952,0.4344423026529563,0.0,1.0,0.0,0.0,0.0,0.0
34,170,11.786148008873676,9.099481557055226,0.0,1.0,0.0,0.0,1.0,0.0
35,170,6.309581272022964,7.386821436140984,1.0,0.0,0.0,0.0,1.0,0.0
36,170,4.59300778813605,0.5859977088840688,0.0,1.0,1.0,0.0,1.0,1.0
37,170,8.40710576617247,4.660345630734065,1.0,0.0,0.0,0.0,1.0,1.0
38,170,1.960653259123202,4.259330708511485,1.0,0.0,1.0,0.0,1.0,0.0
39,170,11.62380957701275,1.1598765436314429,0.0,1.0,1.0,1.0,1.0,1.0
0,175,3.0341065416467514,0.0,0.0,1.0,0.0,1.0,0.0,1.0
1,175,2.404989546650995,3.1373707000490114,1.0,0.0,1.0,1.0,1.0,1.0
2,175,4.456677097851432,7.932669899508683,0.0,0.0,0.0,0.0,0.0,0.0
3,175,7.1378360145759805,3.25714908022384,0.0,0.0,1.0,0.0,0.0,0.0
4,175,10.281401913694408,7.148659081962566,0.0,0.0,1.0,0.0,1.0,0.0
5,175,12.0,12.0,1.0,1.0,0.0,0.0,0.0,0.0
6,175,11.834984132910934,0.0073603257506501,1.0,0.0,1.0,0.0,1.0,1.0
7,175,11.27715825748542,4.389555832031725,0.0,0.0,0.0,0.0,1.0,0.0
8,175,3.932622494249295,6.327548660126049,0.0,0.0,1.0,1.0,0.0,1.0
9,175,4.030737740880579,0.0,1.0,0.0,0.0,1.0,0.0,0.0
10,175,0.0,0.8147066500055088,0.0,1.0,1.0,0.0,0.0,0.0
11,175,3.756858000294791,7.540528670750888,0.0,0.0,0.0,0.0,1.0,1.0
12,175,2.22379728350284,1.218428068039235,0.0,0.0,0.0,0.0,0.0,0.0
13,175,0.9621855537787558,11.069738128126978,0.0,1.0,0.0,1.0,1.0,0.0
14,175,3.0043393540676124,2.244906963617653,1.0,0.0,0.0,1.0,0.0,0.0
15,175,12.0,8.370223355820483,0.0,0.0,0.0,0.0,1.0,0.0
16,175,6.943627266714783,6.227623530502074,1.0,0.0,0.0,0.0,1.0,0.0
17,175,8.93111668188584,3.1532388430734923,1.0,0.0,0.0,1.0,0.0,0.0
18,175,4.936991110477592,1.17232553481192,0.0,0.0,0.0,0.0,0.0,0.0
19,175,0.4415047041402403,8.623720858131655,0.0,0.0,1.0,1.0,0.0,0.0
20,175,11.702529440846144,1.011106255817552,0.0,0.0,0.0,0.0,0.0,0.0
21,175,0.0158667436720041,3.1372020676140298,0.0,0.0,0.0,0.0,1.0,1.0
22,175,6.158763092529324,0.0,0.0,0.0,0.0,0.0,0.0,0.0
23,175,3.66254892052469,3.965097922602221,0.0,1.0,1.0,1.0,0.0,1.0
24,175,11.717185122898329,10.62413740937652,1.0,1.0,1.0,1.0,0.0,0.0
25,175,4.146992121695603,11.91797185068161,0.0,1.0,0.0,0.0,1.0,1.0
26,175,0.7145724995861676,5.51543938477083,0.0,0.0,0.0,1.0,1.0,1.0
27,175,7.347258597416923,0.3132082517660088,0.0,0.0,0.0,1.0,0.0,1.0
28,175,7.624483003014641,0.3489511878252503,0.0,0.0,0.0,0.0,0.0,0.0
29,175,8.137677943408438,7.176363985258979,1.0,0.0,0.0,0.0,0.0,0.0
30,175,6.910543250598658,7.523926733460285,1.0,1.0,0.0,0.0,1.0,1.0
31,175,1.9304316659013183,12.0,1.0,1.0,1.0,1.0,0.0,0.0
32,175,10.521904490558454,7.32464290927399,0.0,0.0,0.0,1.0,0.0,0.0
33,175,9.018375443652976,0.3265643110938956,0.0,1.0,0.0,0.0,0.0,0.0
34,175,11.75802266381605,9.091603101835776,0.0,1.0,0.0,0.0,1.0,0.0
35,175,6.296843171544184,7.315510405533584,1.0,0.0,0.0,0.0,1.0,0.0
36,175,4.652778207034367,0.6054375002641665,0.0,1.0,1.0,0.0,1.0,1.0
37,175,8.295786421246593,4.732539493187152,1.0,0.0,0.0,0.0,1.0,1.0
38,175,1.8840396720012271,4.15422707915034,1.0,0.0,1.0,0.0,1.0,0.0
39,175,11.632412623482136,1.1476148338889958,0.0,1.0,1.0,1.0,1.0,1.0
0,180,2.931314925116747,0.0,0.0,1.0,0.0,1.0,0.0,1.0
1,180,2.33279969481476,3.263769649039418,1.0,0.0,1.0,1.0,1.0,1.0
2,180,4.580397814714464,8.020944205753198,0.0,0.0,0.0,0.0,0.0,0.0
3,180,7.082966521434113,3.309063645671017,0.0,0.0,1.0,0.0,0.0,0.0
4,180,10.272960814831707,7.187064557027379,0.0,0.0,1.0,0.0,1.0,0.0
5,180,12.0,12.0,1.0,1.0,0.0,0.0,0.0,0.0
6,180,11.898378637478505,0.0067692954084982,1.0,0.0,1.0,0.0,1.0,1.0
7,180,11.322676554289217,4.403085527355581,0.0,0.0,0.0,0.0,1.0,0.0
8,180,3.97815123448357,6.414232545047596,0.0,0.0,1.0,1.0,0.0,1.0
9,180,4.130595365168059,0.0,1.0,0.0,0.0,1.0,0.0,0.0
10,180,0.0,0.7443097634039564,0.0,1.0,1.0,0.0,0.0,0.0
11,180,3.745823213011692,7.541098934854855,0.0,0.0,0.0,0.0,1.0,1.0
12,180,2.1852429082595077,1.1922434824940369,0.0,0.0,0.0,0.0,0.0,0.0
13,180,0.9542069523783296,11.115174683447524,0.0,1.0,0.0,1.0,1.0,0.0
14,180,3.004541691113357,2.2311720079953408,1.0,0.0,0.0,1.0,0.0,0.0
15,180,12.0,8.266604286726068,0.0,0.0,0.0,0.0,1.0,0.0
16,180,6.984485896817394,6.258163589591112,1.0,0.0,0.0,0.0,1.0,0.0
17,180,8.94097847695738,3.1443774242894764,1.0,0.0,0.0,1.0,0.0,0.0
18,180,5.000254761257725,1.1859009153779936,0.0,0.0,0.0,0.0,0.0,0.0
19,180,0.3990850813273323,8.694742470251333,0.0,0.0,1.0,1.0,0.0,0.0
20,180,11.684072843306778,1.000937663403881,0.0,0.0,0.0,0.0,0.0,0.0
21,180,0.0126563503027934,3.2243388042596117,0.0,0.0,0.0,0.0,1.0,1.0
22,180,6.134528180253821,0.0,0.0,0.0,0.0,0.0,0.0,0.0
23,180,3.467656153250185,3.809903413732311,0.0,1.0,1.0,1.0,0.0,1.0
24,180,11.736806254241374,10.618169475764065,1.0,1.0,1.0,1.0,0.0,0.0
25,180,4.121894612837285,11.893021886338367,0.0,1.0,0.0,0.0,1.0,1.0
26,180,0.7214675259084118,5.501724056793575,0.0,0.0,0.0,1.0,1.0,1.0
27,180,7.410868250525447,0.2307127355854571,0.0,0.0,0.0,1.0,0.0,1.0
28,180,7.544615614129915,0.3255789193647962,0.0,0.0,0.0,0.0,0.0,0.0
29,180,8.138603843649214,7.195043895442179,1.0,0.0,0.0,0.0,0.0,0.0
30,180,6.905519260200705,7.56950588818689,1.0,1.0,0.0,0.0,1.0,1.0
31,180,1.933793208947956,12.0,1.0,1.0,1.0,1.0,0.0,0.0
32,180,10.559906670038002,7.38580915189381,0.0,0.0,0.0,1.0,0.0,0.0
33,180,9.011956449110231,0.2122481800847877,0.0,1.0,0.0,0.0,0.0,0.0
34,180,11.730573716816728,9.082786477079456,0.0,1.0,0.0,0.0,1.0,0.0
35,180,6.279777013745871,7.239237886207261,1.0,0.0,0.0,0.0,1.0,0.0
36,180,4.7154448319556,0.627849540706104,0.0,1.0,1.0,0.0,1.0,1.0
37,180,8.194361163055785,4.804490019480545,1.0,0.0,0.0,0.0,1.0,1.0
38,180,1.8008647319142246,4.043919715783818,1.0,0.0,1.0,0.0,1.0,0.0
39,180,11.636071039041394,1.1421183763310934,0.0,1.0,1.0,1.0,1.0,1.0
0,185,2.8273824985652687,0.0,0.0,1.0,0.0,1.0,0.0,1.0
1,185,2.2472987730757272,3.407540100937344,1.0,0.0,1.0,1.0,1.0,1.0
2,185,4.718939474540607,8.127212690097494,0.0,0.0,0.0,0.0,0.0,0.0
3,185,7.01833645523655,3.3676723315474195,0.0,0.0,1.0,0.0,0.0,0.0
4,185,10.263002684955298,7.233621442258709,0.0,0.0,1.0,0.0,1.0,0.0
5,185,12.0,12.0,1.0,1.0,0.0,0.0,0.0,0.0
6,185,11.942685181000776,0.0073432837460521,1.0,0.0,1.0,0.0,1.0,1.0
7,185,11.36493998232067,4.414878074094847,0.0,0.0,0.0,0.0,1.0,0.0
8,185,4.029390629551611,6.512339341550021,0.0,0.0,1.0,1.0,0.0,1.0
9,185,4.218361857278262,0.0,1.0,0.0,0.0,1.0,0.0,0.0
10,185,0.0,0.6621658253986433,0.0,1.0,1.0,0.0,0.0,0.0
11,185,3.759039633060671,7.540868013217142,0.0,0.0,0.0,0.0,1.0,1.0
12,185,2.1581641451478424,1.1747861937472697,0.0,0.0,0.0,0.0,0.0,0.0
13,185,0.9453857987587472,11.164274882065069,0.0,1.0,0.0,1.0,1.0,0.0
14,185,3.004626083903286,2.2248759770635185,1.0,0.0,0.0,1.0,0.0,0.0
15,185,12.0,8.18861745016811,0.0,0.0,0.0,0.0,1.0,0.0
16,185,7.003831519266705,6.273073350327176,1.0,0.0,0.0,0.0,1.0,0.0
17,185,8.951352127373974,3.1357576655264467,1.0,0.0,0.0,1.0,0.0,0.0
18,185,5.070171121027319,1.2020499842186154,0.0,0.0,0.0,0.0,0.0,0.0
19,185,0.3522768038926546,8.776277739756285,0.0,0.0,1.0,1.0,0.0,0.0
20,185,11.666627126479142,0.9909785695217752,0.0,0.0,0.0,0.0,0.0,0.0
21,185,0.0098337592920951,3.331589526631031,0.0,0.0,0.0,0.0,1.0,1.0
22,185,6.107669513300571,0.0,0.0,0.0,0.0,0.0,0.0,0.0
23,185,3.266139605862596,3.654752195523181,0.0,1.0,1.0,1.0,0.0,1.0
24,185,11.74216901979533,10.616439226543546,1.0,1.0,1.0,1.0,0.0,0.0
25,185,4.097757925260479,11.869390885788588,0.0,1.0,0.0,0.0,1.0,1.0
26,185,0.7358771564617764,5.469633679614371,0.0,0.0,0.0,1.0,1.0,1.0
27,185,7.473706427800058,0.1495096360012569,0.0,0.0,0.0,1.0,0.0,1.0
28,185,7.476960757611884,0.305237967644658,0.0,0.0,0.0,0.0,0.0,0.0
29,185,8.141101607549603,7.224318597002742,1.0,0.0,0.0,0.0,0.0,0.0
30,185,6.897777652335254,7.631129875967272,1.0,1.0,0.0,0.0,1.0,1.0
31,185,1.936127449282584,12.0,1.0,1.0,1.0,1.0,0.0,0.0
32,185,10.586677033241688,7.426001632773708,0.0,0.0,0.0,1.0,0.0,0.0
33,185,9.00712434574662,0.0918918963401066,0.0,1.0,0.0,0.0,0.0,0.0
34,185,11.694775950530303,9.07179349799709,0.0,1.0,0.0,0.0,1.0,0.0
35,185,6.262815363835602,7.159475492989005,1.0,0.0,0.0,0.0,1.0,0.0
36,185,4.776144302296164,0.6514992112511211,0.0,1.0,1.0,0.0,1.0,1.0
37,185,8.1045084387772,4.867182314625266,1.0,0.0,0.0,0.0,1.0,1.0
38,185,1.721330469032322,3.939572510347517,1.0,0.0,1.0,0.0,1.0,0.0
39,185,11.650103070212946,1.1214896418738656,0.0,1.0,1.0,1.0,1.0,1.0
0,190,2.71610588947502,0.0,0.0,1.0,0.0,1.0,0.0,1.0
1,190,2.1422227032715324,3.582900156738216,1.0,0.0,1.0,1.0,1.0,1.0
2,190,4.854914198130118,8.233374393891761,0.0,0.0,0.0,0.0,0.0,0.0
3,190,6.957313169278176,3.4220660668536693,0.0,0.0,1.0,0.0,0.0,0.0
4,190,10.25237705412576,7.283788675920969,0.0,0.0,1.0,0.0,1.0,0.0
5,190,12.0,12.0,1.0,1.0,0.0,0.0,0.0,0.0
6,190,11.973140099381563,0.0074655738207777,1.0,0.0,1.0,0.0,1.0,1.0
7,190,11.401404303352107,4.424918672137459,0.0,0.0,0.0,0.0,1.0,0.0
8,190,4.079113033976003,6.6035471617635455,0.0,0.0,1.0,1.0,0.0,1.0
9,190,4.3302062201653015,0.0,1.0,0.0,0.0,1.0,0.0,0.0
10,190,0.0,0.5863573474831487,0.0,1.0,1.0,0.0,0.0,0.0
11,190,3.776500060565145,7.540602078829647,0.0,0.0,0.0,0.0,1.0,1.0
12,190,2.141577667319749,1.1638981736056224,0.0,0.0,0.0,0.0,0.0,0.0
13,190,0.9382524748793192,11.209613216067368,0.0,1.0,0.0,1.0,1.0,0.0
14,190,3.004864792054376,2.2195316196792416,1.0,0.0,0.0,1.0,0.0,0.0
15,190,12.0,8.10982039302067,0.0,0.0,0.0,0.0,1.0,0.0
16,190,7.036889672376384,6.29835179487897,1.0,0.0,0.0,0.0,1.0,0.0
17,190,8.965518809615007,3.1240958141594533,1.0,0.0,0.0,1.0,0.0,0.0
18,190,5.1677052502482566,1.2238635508256164,0.0,0.0,0.0,0.0,0.0,0.0
19,190,0.3199684388076425,8.83305639361372,0.0,0.0,1.0,1.0,0.0,0.0
20,190,11.648338398252717,0.9802529443409026,0.0,0.0,0.0,0.0,0.0,0.0
21,190,0.0092434570489334,3.441825520531545,0.0,0.0,0.0,0.0,1.0,1.0
22,190,6.075204738615821,0.0,0.0,0.0,0.0,0.0,0.0,0.0
23,190,3.0492016372662407,3.4924585326062765,0.0,1.0,1.0,1.0,0.0,1.0
24,190,11.74361434509072,10.6159879384113,1.0,1.0,1.0,1.0,0.0,0.0
25,190,4.0839826589003385,11.85601100199297,0.0,1.0,0.0,0.0,1.0,1.0
26,190,0.7600452631860094,5.422807895156007,0.0,0.0,0.0,1.0,1.0,1.0
27,190,7.533689108699166,0.0739593406434394,0.0,0.0,0.0,1.0,0.0,1.0
28,190,7.411418300743625,0.285466538416407,0.0,0.0,0.0,0.0,0.0,0.0
29,190,8.141543034338934,7.233700030944117,1.0,0.0,0.0,0.0,0.0,0.0
30,190,6.89271229154272,7.677416836840508,1.0,1.0,0.0,0.0,1.0,1.0
31,190,1.9364555924775253,12.0,1.0,1.0,1.0,1.0,0.0,0.0
32,190,10.631761614166106,7.492887972974272,0.0,0.0,0.0,1.0,0.0,0.0
33,190,9.003530154736131,0.0,0.0,1.0,0.0,0.0,0.0,0.0
34,190,11.656206962991922,9.060007173520562,0.0,1.0,0.0,0.0,1.0,0.0
35,190,6.248764795531897,7.098865268911105,1.0,0.0,0.0,0.0,1.0,0.0
36,190,4.841825551018055,0.6765190290532463,0.0,1.0,1.0,0.0,1.0,1.0
37,190,8.002712961217135,4.936561558709582,1.0,0.0,0.0,0.0,1.0,1.0
38,190,1.6296850271438854,3.8162393008254782,1.0,0.0,1.0,0.0,1.0,0.0
39,190,11.661331422234268,1.1046081455729608,0.0,1.0,1.0,1.0,1.0,1.0
0,195,2.588412333085053,0.0,0.0,1.0,0.0,1.0,0.0,1.0
1,195,2.0370247432175157,3.759170295651134,1.0,0.0,1.0,1.0,1.0,1.0
2,195,4.989603646430226,8.342744020715648,0.0,0.0,0.0,0.0,0.0,0.0
3,195,6.9007391310325294,3.4685462942654737,0.0,0.0,1.0,0.0,0.0,0.0
4,195,10.241138447580198,7.341084923516121,0.0,0.0,1.0,0.0,1.0,0.0
5,195,12.0,12.0,1.0,1.0,0.0,0.0,0.0,0.0
6,195,11.983236642407832,0.0072607696306364,1.0,0.0,1.0,0.0,1.0,1.0
7,195,11.445553172222317,4.436310870729571,0.0,0.0,0.0,0.0,1.0,0.0
8,195,4.1320290471511525,6.693348497178085,0.0,0.0,1.0,1.0,0.0,1.0
9,195,4.438886831287996,0.0,1.0,0.0,0.0,1.0,0.0,0.0
10,195,0.0,0.523520852475429,0.0,1.0,1.0,0.0,0.0,0.0
11,195,3.803199928424692,7.540133180030146,0.0,0.0,0.0,0.0,1.0,1.0
12,195,2.120165227044871,1.1501313393524593,0.0,0.0,0.0,0.0,0.0,0.0
13,195,0.9315096248968332,11.25889183484638,0.0,1.0,0.0,1.0,1.0,0.0
14,195,3.0058796959563536,2.197997269512126,1.0,0.0,0.0,1.0,0.0,0.0
15,195,12.0,8.01909217764355,0.0,0.0,0.0,0.0,1.0,0.0
16,195,7.073561209396787,6.3271662762678895,1.0,0.0,0.0,0.0,1.0,0.0
17,195,8.976646366801987,3.1142433526348583,1.0,0.0,0.0,1.0,0.0,0.0
18,195,5.266908615940972,1.247344323634833,0.0,0.0,0.0,0.0,0.0,0.0
19,195,0.301712942278241,8.867077396513633,0.0,0.0,1.0,1.0,0.0,0.0
20,195,11.638584081914496,0.9743764590820406,0.0,0.0,0.0,0.0,0.0,0.0
21,195,0.0091957684072876,3.5488060134813058,0.0,0.0,0.0,0.0,1.0,1.0
22,195,6.04566786291611,0.0,0.0,0.0,0.0,0.0,0.0,0.0
23,195,2.8209932859650584,3.328018481311467,0.0,1.0,1.0,1.0,0.0,1.0
24,195,11.741136432081625,10.616784716832768,1.0,1.0,1.0,1.0,0.0,0.0
25,195,4.085883665487571,11.857899215080598,0.0,1.0,0.0,0.0,1.0,1.0
26,195,0.7727584781034517,5.398569773507655,0.0,0.0,0.0,1.0,1.0,1.0
27,195,7.597778293469853,0.0,0.0,0.0,0.0,1.0,0.0,1.0
28,195,7.343700779418074,0.2662217113932554,0.0,0.0,0.0,0.0,0.0,0.0
29,195,8.140849362269545,7.216155036847452,1.0,0.0,0.0,0.0,0.0,0.0
30,195,6.8873680130571735,7.730182605653442,1.0,1.0,0.0,0.0,1.0,1.0
31,195,1.936135397420947,12.0,1.0,1.0,1.0,1.0,0.0,0.0
32,195,10.664780865969222,7.544459806924206,0.0,0.0,0.0,1.0,0.0,0.0
33,195,8.997600332707758,0.0,0.0,1.0,0.0,0.0,0.0,0.0
34,195,11.58869873649516,9.041785229054131,0.0,1.0,0.0,0.0,1.0,0.0
35,195,6.236559217194822,7.046521238923761,1.0,0.0,0.0,0.0,1.0,0.0
36,195,4.925190565963446,0.7113156337049464,0.0,1.0,1.0,0.0,1.0,1.0
37,195,7.881852745059909,5.015284993945812,1.0,0.0,0.0,0.0,1.0,1.0
38,195,1.541564052687039,3.688644431930606,1.0,0.0,1.0,0.0,1.0,0.0
39,195,11.684337236985778,1.0713609100844397,0.0,1.0,1.0,1.0,1.0,1.0
0,200,2.456077031624206,0.0,0.0,1.0,0.0,1.0,0.0,1.0
1,200,1.9408492585814352,3.9255472041885535,1.0,0.0,1.0,1.0,1.0,1.0
2,200,5.125591363653375,8.44643282448441,0.0,0.0,0.0,0.0,0.0,0.0
3,200,6.843563214898031,3.513759641372245,0.0,0.0,1.0,0.0,0.0,0.0
4,200,10.232433455792764,7.386543972549773,0.0,0.0,1.0,0.0,1.0,0.0
5,200,12.0,12.0,1.0,1.0,0.0,0.0,0.0,0.0
6,200,11.990304808535718,0.007264793419464,1.0,0.0,1.0,0.0,1.0,1.0
7,200,11.504171660454398,4.451590952921988,0.0,0.0,0.0,0.0,1.0,0.0
8,200,4.183638409577109,6.784184463056546,0.0,0.0,1.0,1.0,0.0,1.0
9,200,4.538989200288757,0.0,1.0,0.0,0.0,1.0,0.0,0.0
10,200,0.0,0.4509729965452003,0.0,1.0,1.0,0.0,0.0,0.0
11,200,3.8264985444702737,7.540088540606189,0.0,0.0,0.0,0.0,1.0,1.0
12,200,2.107672485425699,1.141956909726097,0.0,0.0,0.0,0.0,0.0,0.0
13,200,0.9248307698594492,11.316447780493878,0.0,1.0,0.0,1.0,1.0,0.0
14,200,3.006282959549728,2.1830347248935342,1.0,0.0,0.0,1.0,0.0,0.0
15,200,12.0,7.943204096355946,0.0,0.0,0.0,0.0,1.0,0.0
16,200,7.114586090222506,6.358542526097776,1.0,0.0,0.0,0.0,1.0,0.0
17,200,9.001121767587552,3.092465252858872,1.0,0.0,0.0,1.0,0.0,0.0
18,200,5.361348666653538,1.2702225979731032,0.0,0.0,0.0,0.0,0.0,0.0
19,200,0.2792598211284297,8.907661151122856,0.0,0.0,1.0,1.0,0.0,0.0
20,200,11.62702574274222,0.9672916038369924,0.0,0.0,0.0,0.0,0.0,0.0
21,200,0.0092023290271422,3.663005313408194,0.0,0.0,0.0,0.0,1.0,1.0
22,200,6.019727734958297,0.0,0.0,0.0,0.0,0.0,0.0,0.0
23,200,2.5841325478503685,3.170596509883441,0.0,1.0,1.0,1.0,0.0,1.0
24,200,11.760504693003975,10.610679746285896,1.0,1.0,1.0,1.0,0.0,0.0
25,200,4.1053762053263805,11.876621957827178,0.0,1.0,0.0,0.0,1.0,1.0
26,200,0.7858507362742282,5.371771712816738,0.0,0.0,0.0,1.0,1.0,1.0
27,200,7.531345145303614,0.0,0.0,0.0,0.0,1.0,0.0,1.0
28,200,7.281940548647599,0.2498059671902882,0.0,0.0,0.0,0.0,0.0,0.0
29,200,8.14080051776728,7.214283718869167,1.0,0.0,0.0,0.0,0.0,0.0
30,200,6.8824558106354194,7.783644370945204,1.0,1.0,0.0,0.0,1.0,1.0
31,200,1.9355735786086488,12.0,1.0,1.0,1.0,1.0,0.0,0.0
32,200,10.613047443829776,7.579990641493804,0.0,0.0,0.0,1.0,0.0,0.0
33,200,8.99399888405772,0.0,0.0,1.0,0.0,0.0,0.0,0.0
34,200,11.52995375311651,9.02596860757569,0.0,1.0,0.0,0.0,1.0,0.0
35,200,6.224151431948778,6.999968369034789,1.0,0.0,0.0,0.0,1.0,0.0
36,200,4.88658836993343,0.8012870406654184,0.0,1.0,1.0,0.0,1.0,1.0
37,200,7.762131097493041,5.09042042150015,1.0,0.0,0.0,0.0,1.0,1.0
38,200,1.461986381098585,3.5638193644092704,1.0,0.0,1.0,0.0,1.0,0.0
39,200,11.70474825733062,1.0417628977437643,0.0,1.0,1.0,1.0,1.0,1.0
0,205,2.3461480632681857,0.0,0.0,1.0,0.0,1.0,0.0,1.0
1,205,1.8357054509609487,4.113011102871098,1.0,0.0,1.0,1.0,1.0,1.0
2,205,5.268770381784809,8.559904390192902,0.0,0.0,0.0,0.0,0.0,0.0
3,205,6.786110098682292,3.560040875277104,0.0,0.0,1.0,0.0,0.0,0.0
4,205,10.22123469648653,7.443451400546535,0.0,0.0,1.0,0.0,1.0,0.0
5,205,12.0,12.0,1.0,1.0,0.0,0.0,0.0,0.0
6,205,12.0,0.0071607278432465,1.0,0.0,1.0,0.0,1.0,1.0
7,205,11.5914620862514,4.474852171728586,0.0,0.0,0.0,0.0,1.0,0.0
8,205,4.227731365668702,6.867887019735951,0.0,0.0,1.0,1.0,0.0,1.0
9,205,4.639157323064864,0.0,1.0,0.0,0.0,1.0,0.0,0.0
10,205,0.0,0.3806788267263286,0.0,1.0,1.0,0.0,0.0,0.0
11,205,3.8346180728560255,7.540024078145359,0.0,0.0,0.0,0.0,1.0,1.0
12,205,2.092115311973364,1.13099811963937,0.0,0.0,0.0,0.0,0.0,0.0
13,205,0.917487010917292,11.38924813153614,0.0,1.0,0.0,1.0,1.0,0.0
14,205,3.0064084592958227,2.162584718860165,1.0,0.0,0.0,1.0,0.0,0.0
15,205,12.0,7.868235447184561,0.0,0.0,0.0,0.0,1.0,0.0
16,205,7.154466602020804,6.38766158907423,1.0,0.0,0.0,0.0,1.0,0.0
17,205,9.033396821264194,3.064446161942228,1.0,0.0,0.0,1.0,0.0,0.0
18,205,5.46669758691547,1.299602222397067,0.0,0.0,0.0,0.0,0.0,0.0
19,205,0.2607563646275482,8.941723101576958,0.0,0.0,1.0,1.0,0.0,0.0
20,205,11.625950567553389,0.9666116559397516,0.0,0.0,0.0,0.0,0.0,0.0
21,205,0.0125877626862606,3.7833880791768655,0.0,0.0,0.0,0.0,1.0,1.0
22,205,5.99540495849908,0.0,0.0,0.0,0.0,0.0,0.0,0.0
23,205,2.3616448484457253,3.0304421050738792,0.0,1.0,1.0,1.0,0.0,1.0
24,205,11.76750623902943,10.608306070536766,1.0,1.0,1.0,1.0,0.0,0.0
25,205,4.126960612032323,11.897751999770032,0.0,1.0,0.0,0.0,1.0,1.0
26,205,0.7956089641338948,5.352825286447931,0.0,0.0,0.0,1.0,1.0,1.0
27,205,7.46502758487749,0.0,0.0,0.0,0.0,1.0,0.0,1.0
28,205,7.219787463166102,0.2338536908931903,0.0,0.0,0.0,0.0,0.0,0.0
29,205,8.140366869655221,7.196175401578783,1.0,0.0,0.0,0.0,0.0,0.0
30,205,6.878007296920315,7.8262805078217905,1.0,1.0,0.0,0.0,1.0,1.0
31,205,1.9352922491272844,12.0,1.0,1.0,1.0,1.0,0.0,0.0
32,205,10.540892015499791,7.629172075093765,0.0,0.0,0.0,1.0,0.0,0.0
33,205,8.992198133067513,0.0,0.0,1.0,0.0,0.0,0.0,0.0
34,205,11.450345170237346,9.003570796509463,0.0,1.0,0.0,0.0,1.0,0.0
35,205,6.213875506735123,6.961151514197711,1.0,0.0,0.0,0.0,1.0,0.0
36,205,4.84894777188059,0.8919961176572226,0.0,1.0,1.0,0.0,1.0,1.0
37,205,7.632246795399235,5.173352676241698,1.0,0.0,0.0,0.0,1.0,1.0
38,205,1.3925673384412514,3.455141402140547,1.0,0.0,1.0,0.0,1.0,0.0
39,205,11.72831720183276,1.0082827399353729,0.0,1.0,1.0,1.0,1.0,1.0
0,210,2.2242024465782357,0.0,0.0,1.0,0.0,1.0,0.0,1.0
1,210,1.7358043943607586,4.297951311792911,1.0,0.0,1.0,1.0,1.0,1.0
2,210,5.412009680365428,8.678927359565149,0.0,0.0,0.0,0.0,0.0,0.0
3,210,6.72089744543154,3.61329848793092,0.0,0.0,1.0,0.0,0.0,0.0
4,210,10.209258215339618,7.501848685431898,0.0,0.0,1.0,0.0,1.0,0.0
5,210,12.0,12.0,1.0,1.0,0.0,0.0,0.0,0.0
6,210,12.0,0.0083744801261266,1.0,0.0,1.0,0.0,1.0,1.0
7,210,11.684519378054771,4.501664213150203,0.0,0.0,0.0,0.0,1.0,0.0
8,210,4.265331864479811,6.9421994529822175,0.0,0.0,1.0,1.0,0.0,1.0
9,210,4.74193764511311,0.0,1.0,0.0,0.0,1.0,0.0,0.0
10,210,0.0,0.2846648791228404,0.0,1.0,1.0,0.0,0.0,0.0
11,210,3.840752595585742,7.539861231680851,0.0,0.0,0.0,0.0,1.0,1.0
12,210,2.0741281253934503,1.118280453346428,0.0,0.0,0.0,0.0,0.0,0.0
13,210,0.90964906668013,11.457592330749195,0.0,1.0,0.0,1.0,1.0,0.0
14,210,3.005983926594211,2.1389963695123337,1.0,0.0,0.0,1.0,0.0,0.0
15,210,12.0,7.785518151220023,0.0,0.0,0.0,0.0,1.0,0.0
16,210,7.206834603595182,6.426927591353555,1.0,0.0,0.0,0.0,1.0,0.0
17,210,9.052349107030274,3.0473800962686344,1.0,0.0,0.0,1.0,0.0,0.0
18,210,5.597395764688018,1.3331582390221686,0.0,0.0,0.0,0.0,0.0,0.0
19,210,0.2397623835224455,8.982503646959865,0.0,0.0,1.0,1.0,0.0,0.0
20,210,11.623063520780256,0.9648219899716424,0.0,0.0,0.0,0.0,0.0,0.0
21,210,0.0136734146453687,3.888679020787832,0.0,0.0,0.0,0.0,1.0,1.0
22,210,5.975227595345949,0.0,0.0,0.0,0.0,0.0,0.0,0.0
23,210,2.138780952588756,2.883680395169318,0.0,1.0,1.0,1.0,0.0,1.0
24,210,11.76445269054575,10.609360262788329,1.0,1.0,1.0,1.0,0.0,0.0
25,210,4.136671539218472,11.887996690620003,0.0,1.0,0.0,0.0,1.0,1.0
26,210,0.800401217876252,5.343427391283257,0.0,0.0,0.0,1.0,1.0,1.0
27,210,7.402562668424886,0.0,0.0,0.0,0.0,1.0,0.0,1.0
28,210,7.145668778694104,0.2170692247643034,0.0,0.0,0.0,0.0,0.0,0.0
29,210,8.14030194295756,7.183974367817386,1.0,0.0,0.0,0.0,0.0,0.0
30,210,6.873294065832647,7.870908167385448,1.0,1.0,0.0,0.0,1.0,1.0
31,210,1.9349961463959604,12.0,1.0,1.0,1.0,1.0,0.0,0.0
32,210,10.461481794358956,7.683748787272767,0.0,0.0,0.0,1.0,0.0,0.0
33,210,8.993894481179758,0.0,0.0,1.0,0.0,0.0,0.0,0.0
34,210,11.389506625231643,8.986409549785522,0.0,1.0,0.0,0.0,1.0,0.0
35,210,6.17449619770316,6.971835622048777,1.0,0.0,0.0,0.0,1.0,0.0
36,210,4.813244022537259,0.9788169384723068,0.0,1.0,1.0,0.0,1.0,1.0
37,210,7.497911882986597,5.260523897238498,1.0,0.0,0.0,0.0,1.0,1.0
38,210,1.3181740299193103,3.339890767055053,1.0,0.0,1.0,0.0,1.0,0.0
39,210,11.744669585451978,0.9854675116069735,0.0,1.0,1.0,1.0,1.0,1.0
0,215,2.1112719222182803,0.0,0.0,1.0,0.0,1.0,0.0,1.0
1,215,1.6361411709616898,4.478189756034211,1.0,0.0,1.0,1.0,1.0,1.0
2,215,5.5408159070767935,8.790134416962946,0.0,0.0,0.0,0.0,0.0,0.0
3,215,6.6676004297155,3.65455645239937,0.0,0.0,1.0,0.0,0.0,0.0
4,215,10.201316913179127,7.5398560823241265,0.0,0.0,1.0,0.0,1.0,0.0
5,215,12.0,12.0,1.0,1.0,0.0,0.0,0.0,0.0
6,215,12.0,0.0093321430083667,1.0,0.0,1.0,0.0,1.0,1.0
7,215,11.795252669736897,4.535082579341396,0.0,0.0,0.0,0.0,1.0,0.0
8,215,4.3041473707778914,7.01792345637641,0.0,0.0,1.0,1.0,0.0,1.0
9,215,4.854172673169376,0.0,1.0,0.0,0.0,1.0,0.0,0.0
10,215,0.0,0.2100022031486787,0.0,1.0,1.0,0.0,0.0,0.0
11,215,3.8547803553028905,7.5391455822651805,0.0,0.0,0.0,0.0,1.0,1.0
12,215,2.07303657294138,1.1175079600864275,0.0,0.0,0.0,0.0,0.0,0.0
13,215,0.9020339222665562,11.522953757182531,0.0,1.0,0.0,1.0,1.0,0.0
14,215,3.006123562237381,2.1429330865742915,1.0,0.0,0.0,1.0,0.0,0.0
15,215,12.0,7.698923180374556,0.0,0.0,0.0,0.0,1.0,0.0
16,215,7.262805774013726,6.466591614565148,1.0,0.0,0.0,0.0,1.0,0.0
17,215,9.06802562684645,3.03339436441211,1.0,0.0,0.0,1.0,0.0,0.0
18,215,5.733908782542025,1.372568597914808,0.0,0.0,0.0,0.0,0.0,0.0
19,215,0.2094392014579706,9.037363520347318,0.0,0.0,1.0,1.0,0.0,0.0
20,215,11.619253782111787,0.962582707751248,0.0,0.0,0.0,0.0,0.0,0.0
21,215,0.0,3.89211196264,0.0,0.0,0.0,0.0,1.0,1.0
22,215,5.953973557571794,0.0,0.0,0.0,0.0,0.0,0.0,0.0
23,215,1.9092585902454775,2.730450897126977,0.0,1.0,1.0,1.0,0.0,1.0
24,215,11.767108919484851,10.608457685666812,1.0,1.0,1.0,1.0,0.0,0.0
25,215,4.151541114230393,11.872429536305402,0.0,1.0,0.0,0.0,1.0,1.0
26,215,0.8158794855755708,5.313972015754184,0.0,0.0,0.0,1.0,1.0,1.0
27,215,7.330184854724868,0.0,0.0,0.0,0.0,1.0,0.0,1.0
28,215,7.079801689402551,0.202001285529757,0.0,0.0,0.0,0.0,0.0,0.0
29,215,8.141440706806286,7.151363593121742,1.0,0.0,0.0,0.0,0.0,0.0
30,215,6.870079520718194,7.900965084759247,1.0,1.0,0.0,0.0,1.0,1.0
31,215,1.9336451304534008,12.0,1.0,1.0,1.0,1.0,0.0,0.0
32,215,10.380107275126988,7.740233623761816,0.0,0.0,0.0,1.0,0.0,0.0
33,215,8.99702825359125,0.0,0.0,1.0,0.0,0.0,0.0,0.0
34,215,11.328805438247532,8.969072320224807,0.0,1.0,0.0,0.0,1.0,0.0
35,215,6.1311223559242025,6.982773514072041,1.0,0.0,0.0,0.0,1.0,0.0
36,215,4.785516574066434,1.0461087341803137,0.0,1.0,1.0,0.0,1.0,1.0
37,215,7.374865217505433,5.333098731994144,1.0,0.0,0.0,0.0,1.0,1.0
38,215,1.245665834065024,3.2281945681848376,1.0,0.0,1.0,0.0,1.0,0.0
39,215,11.761940156602163,0.9610715912731902,0.0,1.0,1.0,1.0,1.0,1.0
0,220,2.0005933973009737,0.0,0.0,1.0,0.0,1.0,0.0,1.0
1,220,1.541565627165482,4.650680602474332,1.0,0.0,1.0,1.0,1.0,1.0
2,220,5.643609989319383,8.878470186995362,0.0,0.0,0.0,0.0,0.0,0.0
3,220,6.615089276313405,3.696108169023834,0.0,0.0,1.0,0.0,0.0,0.0
4,220,10.191815902419869,7.58589934293595,0.0,0.0,1.0,0.0,1.0,0.0
5,220,12.0,12.0,1.0,1.0,0.0,0.0,0.0,0.0
6,220,12.0,0.0103026799340067,1.0,0.0,1.0,0.0,1.0,1.0
7,220,11.898447415480092,4.570849875323485,0.0,0.0,0.0,0.0,1.0,0.0
8,220,4.336413763280548,7.087117216552081,0.0,0.0,1.0,1.0,0.0,1.0
9,220,4.958908230577049,0.0,1.0,0.0,0.0,1.0,0.0,0.0
10,220,0.0,0.1439096649812373,0.0,1.0,1.0,0.0,0.0,0.0
11,220,3.8400551854900833,7.539733307659597,0.0,0.0,0.0,0.0,1.0,1.0
12,220,2.0809002959956806,1.1230295257118643,0.0,0.0,0.0,0.0,0.0,0.0
13,220,0.8950920429321274,11.572718984512871,0.0,1.0,0.0,1.0,1.0,0.0
14,220,3.00534163985853,2.127172917222444,1.0,0.0,0.0,1.0,0.0,0.0
15,220,12.0,7.600171813300914,0.0,0.0,0.0,0.0,1.0,0.0
16,220,7.335577537621503,6.519196787245361,1.0,0.0,0.0,0.0,1.0,0.0
17,220,9.073754604871809,3.0281296585786435,1.0,0.0,0.0,1.0,0.0,0.0
18,220,5.89384724890215,1.4177215597984063,0.0,0.0,0.0,0.0,0.0,0.0
19,220,0.1796047795287566,9.091161355967364,0.0,0.0,1.0,1.0,0.0,0.0
20,220,11.61524179075782,0.96032287158869,0.0,0.0,0.0,0.0,0.0,0.0
21,220,0.0,3.8952812191292696,0.0,0.0,0.0,0.0,1.0,1.0
22,220,5.934634236565824,0.0,0.0,0.0,0.0,0.0,0.0,0.0
23,220,1.6742709345737132,2.56955327652109,0.0,1.0,1.0,1.0,0.0,1.0
24,220,11.77847325210756,10.604503012205798,1.0,1.0,1.0,1.0,0.0,0.0
25,220,4.170596590549766,11.85224390724686,0.0,1.0,0.0,0.0,1.0,1.0
26,220,0.8361079077306592,5.273903748101914,0.0,0.0,0.0,1.0,1.0,1.0
27,220,7.238606615042522,0.0,0.0,0.0,0.0,1.0,0.0,1.0
28,220,7.009039912348499,0.1863019920675119,0.0,0.0,0.0,0.0,0.0,0.0
29,220,8.14314584137662,7.101951206043302,1.0,0.0,0.0,0.0,0.0,0.0
30,220,6.865580510560983,7.946011599893353,1.0,1.0,0.0,0.0,1.0,1.0
31,220,1.933305673233059,12.0,1.0,1.0,1.0,1.0,0.0,0.0
32,220,10.277496270232197,7.809295796053881,0.0,0.0,0.0,1.0,0.0,0.0
33,220,8.998498510566533,0.0,0.0,1.0,0.0,0.0,0.0,0.0
34,220,11.290007585032614,8.958478962651407,0.0,1.0,0.0,0.0,1.0,0.0
35,220,6.075371340513343,6.99716570981517,1.0,0.0,0.0,0.0,1.0,0.0
36,220,4.757778534901621,1.1125312477860303,0.0,1.0,1.0,0.0,1.0,1.0
37,220,7.243189925814398,5.41293533133326,1.0,0.0,0.0,0.0,1.0,1.0
38,220,1.1771856988394858,3.1252619751950848,1.0,0.0,1.0,0.0,1.0,0.0
39,220,11.784606528783046,0.929937662519801,0.0,1.0,1.0,1.0,1.0,1.0
0,225,1.892322343238633,0.0,0.0,1.0,0.0,1.0,0.0,1.0
1,225,1.4348789387073089,4.830539558455854,1.0,0.0,1.0,1.0,1.0,1.0
2,225,5.735607263069976,8.961254712888776,0.0,0.0,0.0,0.0,0.0,0.0
3,225,6.541088648105727,3.754036118898789,0.0,0.0,1.0,0.0,0.0,0.0
4,225,10.179960188274316,7.643383671634872,0.0,0.0,1.0,0.0,1.0,0.0
5,225,12.0,12.0,1.0,1.0,0.0,0.0,0.0,0.0
6,225,12.0,0.0111237015642366,1.0,0.0,1.0,0.0,1.0,1.0
7,225,12.0,4.60855847376363,0.0,0.0,0.0,0.0,1.0,0.0
8,225,4.382929205861952,7.180799153895696,0.0,0.0,1.0,1.0,0.0,1.0
9,225,5.070890578266209,0.0,1.0,0.0,0.0,1.0,0.0,0.0
10,225,0.0,0.0858844713297461,0.0,1.0,1.0,0.0,0.0,0.0
11,225,3.8312789595320216,7.540094982616809,0.0,0.0,0.0,0.0,1.0,1.0
12,225,2.09040005268956,1.1296389569556695,0.0,0.0,0.0,0.0,0.0,0.0
13,225,0.8361814951713535,11.565815187270978,0.0,1.0,0.0,1.0,1.0,0.0
14,225,3.004257014626202,2.1019820502799296,1.0,0.0,0.0,1.0,0.0,0.0
15,225,12.0,7.510762337540539,0.0,0.0,0.0,0.0,1.0,0.0
16,225,7.416870766691042,6.5768645985119605,1.0,0.0,0.0,0.0,1.0,0.0
17,225,9.066055665818157,3.035774256696361,1.0,0.0,0.0,1.0,0.0,0.0
18,225,6.032234492373282,1.4617503857781842,0.0,0.0,0.0,0.0,0.0,0.0
19,225,0.1521645976031881,9.14091022453644,0.0,0.0,1.0,1.0,0.0,0.0
20,225,11.590266725276996,0.9460005653081802,0.0,0.0,0.0,0.0,0.0,0.0
21,225,0.0,3.897571588606777,0.0,0.0,0.0,0.0,1.0,1.0
22,225,5.918499236665633,0.0,0.0,0.0,0.0,0.0,0.0,0.0
23,225,1.4541494763173588,2.4017211620709578,0.0,1.0,1.0,1.0,0.0,1.0
24,225,11.79552212859524,10.59925201860132,1.0,1.0,1.0,1.0,0.0,0.0
25,225,4.1833791182996425,11.838504021175316,0.0,1.0,0.0,0.0,1.0,1.0
26,225,0.8546683255231399,5.235088880619176,0.0,0.0,0.0,1.0,1.0,1.0
27,225,7.143948386490561,0.0,0.0,0.0,0.0,1.0,0.0,1.0
28,225,6.950021511242881,0.1729979516639346,0.0,0.0,0.0,0.0,0.0,0.0
29,225,8.14611386945452,7.049173731583671,1.0,0.0,0.0,0.0,0.0,0.0
30,225,6.865522145697578,7.946600159018111,1.0,1.0,0.0,0.0,1.0,1.0
31,225,1.9335508087971471,12.0,1.0,1.0,1.0,1.0,0.0,0.0
32,225,10.185841709540162,7.87083677608424,0.0,0.0,0.0,1.0,0.0,0.0
33,225,9.00017711348172,0.0,0.0,1.0,0.0,0.0,0.0,0.0
34,225,11.24711586788121,8.947048686272359,0.0,1.0,0.0,0.0,1.0,0.0
35,225,6.002178398171917,7.016674082719404,1.0,0.0,0.0,0.0,1.0,0.0
36,225,4.732885606999786,1.1748339182243563,0.0,1.0,1.0,0.0,1.0,1.0
37,225,7.121603948384685,5.487573609751185,1.0,0.0,0.0,0.0,1.0,1.0
38,225,1.1010875089108187,3.0100548234411404,1.0,0.0,1.0,0.0,1.0,0.0
39,225,11.80255504608328,0.907187932069855,0.0,1.0,1.0,1.0,1.0,1.0
0,230,1.796988903123036,0.0,0.0,1.0,0.0,1.0,0.0,1.0
1,230,1.3322326149335,5.0059178621021685,1.0,0.0,1.0,1.0,1.0,1.0
2,230,5.854487070634804,9.068822572777531,0.0,0.0,0.0,0.0,0.0,0.0
3,230,6.472591062939174,3.808049855146084,0.0,0.0,1.0,0.0,0.0,0.0
4,230,10.167961491887606,7.7051212831586895,0.0,0.0,1.0,0.0,1.0,0.0
5,230,12.0,12.0,1.0,1.0,0.0,0.0,0.0,0.0
6,230,12.0,0.0123872912234105,1.0,0.0,1.0,0.0,1.0,1.0
7,230,12.0,4.636615941314686,0.0,0.0,0.0,0.0,1.0,0.0
8,230,4.428589827659106,7.270583027748579,0.0,0.0,1.0,1.0,0.0,1.0
9,230,5.175962192318721,0.0,1.0,0.0,0.0,1.0,0.0,0.0
10,230,0.0,0.0253273838599598,0.0,1.0,1.0,0.0,0.0,0.0
11,230,3.827184329454444,7.540298488394981,0.0,0.0,0.0,0.0,1.0,1.0
12,230,2.0966892515076294,1.133889232246068,0.0,0.0,0.0,0.0,0.0,0.0
13,230,0.7865479019518917,11.560412172357765,0.0,1.0,0.0,1.0,1.0,0.0
14,230,3.0019419996770758,2.0681383871176138,1.0,0.0,0.0,1.0,0.0,0.0
15,230,12.0,7.419060492233799,0.0,0.0,0.0,0.0,1.0,0.0
16,230,7.461367874865354,6.607754358378038,1.0,0.0,0.0,0.0,1.0,0.0
17,230,9.05022935701878,3.05089551686838,1.0,0.0,0.0,1.0,0.0,0.0
18,230,6.1781305848270085,1.5080613409857735,0.0,0.0,0.0,0.0,0.0,0.0
19,230,0.1330557668842382,9.17737282756394,0.0,0.0,1.0,1.0,0.0,0.0
20,230,11.581089103437924,0.9403525591224412,0.0,0.0,0.0,0.0,0.0,0.0
21,230,0.0,3.901893202568887,0.0,0.0,0.0,0.0,1.0,1.0
22,230,5.900675241130164,0.0,0.0,0.0,0.0,0.0,0.0,0.0
23,230,1.2424622034107529,2.247488307601245,0.0,1.0,1.0,1.0,0.0,1.0
24,230,11.821909263948902,10.590481791173357,1.0,1.0,1.0,1.0,0.0,0.0
25,230,4.191743275867452,11.829224507268185,0.0,1.0,0.0,0.0,1.0,1.0
26,230,0.8774811257784927,5.18958387676871,0.0,0.0,0.0,1.0,1.0,1.0
27,230,7.035199901441005,0.0,0.0,0.0,0.0,1.0,0.0,1.0
28,230,6.87582922901824,0.1565998808104761,0.0,0.0,0.0,0.0,0.0,0.0
29,230,8.150850923403329,6.987086823530376,1.0,0.0,0.0,0.0,0.0,0.0
30,230,6.864022831119098,7.962481713670141,1.0,1.0,0.0,0.0,1.0,1.0
31,230,1.9356038984685284,12.0,1.0,1.0,1.0,1.0,0.0,0.0
32,230,10.23877841363149,7.94832744355408,0.0,0.0,0.0,1.0,0.0,0.0
33,230,9.000724902799755,0.0,0.0,1.0,0.0,0.0,0.0,0.0
34,230,11.192244496954002,8.931993017085073,0.0,1.0,0.0,0.0,1.0,0.0
35,230,5.9246781800811865,7.0388705437535375,1.0,0.0,0.0,0.0,1.0,0.0
36,230,4.705777302737257,1.2411143776667548,0.0,1.0,1.0,0.0,1.0,1.0
37,230,7.011457429733609,5.55568788271575,1.0,0.0,0.0,0.0,1.0,1.0
38,230,1.027071260573169,2.898396262990023,1.0,0.0,1.0,0.0,1.0,0.0
39,230,11.826904220474502,0.8773932498908582,0.0,1.0,1.0,1.0,1.0,1.0
0,235,1.666158547245913,0.0,0.0,1.0,0.0,1.0,0.0,1.0
1,235,1.2347215437540888,5.1782941427014375,1.0,0.0,1.0,1.0,1.0,1.0
2,235,5.985670561702816,9.195064104942894,0.0,0.0,0.0,0.0,0.0,0.0
3,235,6.399797847093247,3.866526931989204,0.0,0.0,1.0,0.0,0.0,0.0
4,235,10.15547341474204,7.764103394119988,0.0,0.0,1.0,0.0,1.0,0.0
5,235,12.0,12.0,1.0,1.0,0.0,0.0,0.0,0.0
6,235,12.0,0.0135870121507912,1.0,0.0,1.0,0.0,1.0,1.0
7,235,12.0,4.66075512344722,0.0,0.0,0.0,0.0,1.0,0.0
8,235,4.529200285387388,7.217857299971114,0.0,0.0,1.0,1.0,0.0,1.0
9,235,5.2709014218687225,0.0,1.0,0.0,0.0,1.0,0.0,0.0
10,235,0.0,0.0,0.0,1.0,1.0,0.0,0.0,0.0
11,235,3.840748565782064,7.539528930707455,0.0,0.0,0.0,0.0,1.0,1.0
12,235,2.096010361642558,1.133412640671419,0.0,0.0,0.0,0.0,0.0,0.0
13,235,0.7472821462017959,11.555958283910158,0.0,1.0,0.0,1.0,1.0,0.0
14,235,3.0006995390180613,2.0335048541788616,1.0,0.0,0.0,1.0,0.0,0.0
15,235,12.0,7.343849007749128,0.0,0.0,0.0,0.0,1.0,0.0
16,235,7.4941078789490865,6.629313871464319,1.0,0.0,0.0,0.0,1.0,0.0
17,235,9.044914492262375,3.0559674177145424,1.0,0.0,0.0,1.0,0.0,0.0
18,235,6.322324862757555,1.558057696026169,0.0,0.0,0.0,0.0,0.0,0.0
19,235,0.1154094412747687,9.2132081553093,0.0,0.0,1.0,1.0,0.0,0.0
20,235,11.563629579322384,0.9300439892436128,0.0,0.0,0.0,0.0,0.0,0.0
21,235,0.0,3.9054476918742536,0.0,0.0,0.0,0.0,1.0,1.0
22,235,5.882999797395137,0.0,0.0,0.0,0.0,0.0,0.0,0.0
23,235,1.0304414403714877,2.08151055120202,0.0,1.0,1.0,1.0,0.0,1.0
24,235,11.851471051563571,10.579594020537284,1.0,1.0,1.0,1.0,0.0,0.0
25,235,4.197798567105023,11.822399173176036,0.0,1.0,0.0,0.0,1.0,1.0
26,235,0.9042645718200132,5.137991031166549,0.0,0.0,0.0,1.0,1.0,1.0
27,235,6.933306569841518,0.0,0.0,0.0,0.0,1.0,0.0,1.0
28,235,6.814034836192623,0.1384802169513784,0.0,0.0,0.0,0.0,0.0,0.0
29,235,8.156893574195676,6.9279864112964455,1.0,0.0,0.0,0.0,0.0,0.0
30,235,6.861444886227656,7.990342886772455,1.0,1.0,0.0,0.0,1.0,1.0
31,235,1.9355701098264275,12.0,1.0,1.0,1.0,1.0,0.0,0.0
32,235,10.278383534926416,8.010703039023275,0.0,0.0,0.0,1.0,0.0,0.0
33,235,9.00350493190199,0.0,0.0,1.0,0.0,0.0,0.0,0.0
34,235,11.151664407267372,8.919601183369993,0.0,1.0,0.0,0.0,1.0,0.0
35,235,5.84764346420397,7.064878895695409,1.0,0.0,0.0,0.0,1.0,0.0
36,235,4.671675249134415,1.3192470003907146,0.0,1.0,1.0,0.0,1.0,1.0
37,235,6.894686979630844,5.625848993452599,1.0,0.0,0.0,0.0,1.0,1.0
38,235,0.9507884027450374,2.776112432994606,1.0,0.0,1.0,0.0,1.0,0.0
39,235,11.856826379120315,0.8397246813693162,0.0,1.0,1.0,1.0,1.0,1.0
0,240,1.538882892172777,0.0,0.0,1.0,0.0,1.0,0.0,1.0
1,240,1.138316368358001,5.352835422722772,1.0,0.0,1.0,1.0,1.0,1.0
2,240,6.106395642624002,9.320692825533598,0.0,0.0,0.0,0.0,0.0,0.0
3,240,6.326127391599922,3.924377319169561,0.0,0.0,1.0,0.0,0.0,0.0
4,240,10.140509761123704,7.837436278735585,0.0,0.0,1.0,0.0,1.0,0.0
5,240,12.0,12.0,1.0,1.0,0.0,0.0,0.0,0.0
6,240,12.0,0.0153220443233096,1.0,0.0,1.0,0.0,1.0,1.0
7,240,12.0,4.681704384933504,0.0,0.0,0.0,0.0,1.0,0.0
8,240,4.648666827010241,7.15413192069428,0.0,0.0,1.0,1.0,0.0,1.0
9,240,5.363501450606815,0.0,1.0,0.0,0.0,1.0,0.0,0.0
10,240,0.0,0.0,0.0,1.0,1.0,0.0,0.0,0.0
11,240,3.8108932595989686,7.539827365993354,0.0,0.0,0.0,0.0,1.0,1.0
12,240,2.095338499179432,1.1329363912069492,0.0,0.0,0.0,0.0,0.0,0.0
13,240,0.6893264446471798,11.549043707281866,0.0,1.0,0.0,1.0,1.0,0.0
14,240,2.998011227638957,1.9857458254177107,1.0,0.0,0.0,1.0,0.0,0.0
15,240,12.0,7.276023380355883,0.0,0.0,0.0,0.0,1.0,0.0
16,240,7.5194283882822655,6.646258126766483,1.0,0.0,0.0,0.0,1.0,0.0
17,240,9.04591182587971,3.055009513344833,1.0,0.0,0.0,1.0,0.0,0.0
18,240,6.456124547042618,1.6028519829364154,0.0,0.0,0.0,0.0,0.0,0.0
19,240,0.0918146613411884,9.255887564959774,0.0,0.0,1.0,1.0,0.0,0.0
20,240,11.572794004719732,0.9349930667429606,0.0,0.0,0.0,0.0,0.0,0.0
21,240,0.0,3.9094239289675623,0.0,0.0,0.0,0.0,1.0,1.0
22,240,5.867428644567058,0.0,0.0,0.0,0.0,0.0,0.0,0.0
23,240,0.7922900979887717,1.8815331768307773,0.0,1.0,1.0,1.0,0.0,1.0
24,240,11.878415871103778,10.568686106227611,1.0,1.0,1.0,1.0,0.0,0.0
25,240,4.21019859348786,11.808161184689787,0.0,1.0,0.0,0.0,1.0,1.0
26,240,0.9296597025006772,5.090582536753295,0.0,0.0,0.0,1.0,1.0,1.0
27,240,6.832884538501077,0.0,0.0,0.0,0.0,1.0,0.0,1.0
28,240,6.746203682770483,0.1178509498009264,0.0,0.0,0.0,0.0,0.0,0.0
29,240,8.161059789936317,6.891541904199169,1.0,0.0,0.0,0.0,0.0,0.0
30,240,6.859071016702023,8.022498449894876,1.0,1.0,0.0,0.0,1.0,1.0
31,240,1.9356639495484844,12.0,1.0,1.0,1.0,1.0,0.0,0.0
32,240,10.306847948535736,8.055342854478546,0.0,0.0,0.0,1.0,0.0,0.0
33,240,9.005632278061768,0.0,0.0,1.0,0.0,0.0,0.0,0.0
34,240,11.10008513017374,8.904794800475958,0.0,1.0,0.0,0.0,1.0,0.0
35,240,5.766708872829781,7.094041414721374,1.0,0.0,0.0,0.0,1.0,0.0
36,240,4.646799126100971,1.3782225319471653,0.0,1.0,1.0,0.0,1.0,1.0
37,240,6.760347365450248,5.708064279994509,1.0,0.0,0.0,0.0,1.0,1.0
38,240,0.8843036547036063,2.6606257240158144,1.0,0.0,1.0,0.0,1.0,0.0
39,240,11.88169863261336,0.8061613733030226,0.0,1.0,1.0,1.0,1.0,1.0
0,245,1.4110129366629722,0.0,0.0,1.0,0.0,1.0,0.0,1.0
1,245,1.0518219026694564,5.503697455760433,1.0,0.0,1.0,1.0,1.0,1.0
2,245,6.218310132348073,9.439415748402451,0.0,0.0,0.0,0.0,0.0,0.0
3,245,6.231682035640302,3.9976238630402223,0.0,0.0,1.0,0.0,0.0,0.0
4,245,10.123120775302567,7.919054460981725,0.0,0.0,1.0,0.0,1.0,0.0
5,245,12.0,12.0,1.0,1.0,0.0,0.0,0.0,0.0
6,245,12.0,0.0171865388386334,1.0,0.0,1.0,0.0,1.0,1.0
7,245,12.0,4.701558250590048,0.0,0.0,0.0,0.0,1.0,0.0
8,245,4.77069474914089,7.085838065956708,0.0,0.0,1.0,1.0,0.0,1.0
9,245,5.461500756254495,0.0,1.0,0.0,0.0,1.0,0.0,0.0
10,245,0.0,0.0,0.0,1.0,1.0,0.0,0.0,0.0
11,245,3.751783550518884,7.54102310804875,0.0,0.0,0.0,0.0,1.0,1.0
12,245,2.0933899390684267,1.1316653626364024,0.0,0.0,0.0,0.0,0.0,0.0
13,245,0.616508408376797,11.538336802539767,0.0,1.0,0.0,1.0,1.0,0.0
14,245,2.994062726247315,1.9233925259832816,1.0,0.0,0.0,1.0,0.0,0.0
15,245,12.0,7.206097521983264,0.0,0.0,0.0,0.0,1.0,0.0
16,245,7.558305234954926,6.670496747591829,1.0,0.0,0.0,0.0,1.0,0.0
17,245,9.048932281672071,3.0521875692615645,1.0,0.0,0.0,1.0,0.0,0.0
18,245,6.602117585342541,1.648634754941206,0.0,0.0,0.0,0.0,0.0,0.0
19,245,0.0828343480748932,9.27198019154732,0.0,0.0,1.0,1.0,0.0,0.0
20,245,11.556119389680612,0.9254797245535118,0.0,0.0,0.0,0.0,0.0,0.0
21,245,0.0,3.917057845316813,0.0,0.0,0.0,0.0,1.0,1.0
22,245,5.851547413581338,0.0,0.0,0.0,0.0,0.0,0.0,0.0
23,245,0.5348590660663801,1.6607109103300404,0.0,1.0,1.0,1.0,0.0,1.0
24,245,11.897987983469436,10.56133199667162,1.0,1.0,1.0,1.0,0.0,0.0
25,245,4.216876025639806,11.800490069925596,0.0,1.0,0.0,0.0,1.0,1.0
26,245,0.9488559115284056,5.056570768109597,0.0,0.0,0.0,1.0,1.0,1.0
27,245,6.732670843451441,0.0,0.0,0.0,0.0,1.0,0.0,1.0
28,245,6.723406105996394,0.1930220774388795,0.0,0.0,0.0,0.0,0.0,0.0
29,245,8.164881739242755,6.85186019193436,1.0,0.0,0.0,0.0,0.0,0.0
30,245,6.8589172404024215,8.024253378498962,1.0,1.0,0.0,0.0,1.0,1.0
31,245,1.936270040257137,12.0,1.0,1.0,1.0,1.0,0.0,0.0
32,245,10.33083085586775,8.094345313513498,0.0,0.0,0.0,1.0,0.0,0.0
33,245,9.009243161940034,0.0,0.0,1.0,0.0,0.0,0.0,0.0
34,245,11.043332258824853,8.888182603832666,0.0,1.0,0.0,0.0,1.0,0.0
35,245,5.678309704492473,7.123458649612324,1.0,0.0,0.0,0.0,1.0,0.0
36,245,4.617157771259108,1.447942485666589,0.0,1.0,1.0,0.0,1.0,1.0
37,245,6.61736451571235,5.797871598641654,1.0,0.0,0.0,0.0,1.0,1.0
38,245,0.805287360131353,2.5247371559261302,1.0,0.0,1.0,0.0,1.0,0.0
39,245,11.882298920790353,0.8053181012571204,0.0,1.0,1.0,1.0,1.0,1.0
0,250,1.2774678040464391,0.0,0.0,1.0,0.0,1.0,0.0,1.0
1,250,0.9648091068191031,5.654374242192206,1.0,0.0,1.0,1.0,1.0,1.0
2,250,6.336026795734009,9.561282331760363,0.0,0.0,0.0,0.0,0.0,0.0
3,250,6.136598381892402,4.070950424859042,0.0,0.0,1.0,0.0,0.0,0.0
4,250,10.097831769011393,8.032698754315518,0.0,0.0,1.0,0.0,1.0,0.0
5,250,12.0,12.0,1.0,1.0,0.0,0.0,0.0,0.0
6,250,12.0,0.0197178380240075,1.0,0.0,1.0,0.0,1.0,1.0
7,250,12.0,4.733254777580495,0.0,0.0,0.0,0.0,1.0,0.0
8,250,4.914051975964411,7.003127690372659,0.0,0.0,1.0,1.0,0.0,1.0
9,250,5.558093087575889,0.0,1.0,0.0,0.0,1.0,0.0,0.0
10,250,0.0,0.0,0.0,1.0,1.0,0.0,0.0,0.0
11,250,3.681711193927571,7.540571003565391,0.0,0.0,0.0,0.0,1.0,1.0
12,250,2.0988687231783216,1.135212552683271,0.0,0.0,0.0,0.0,0.0,0.0
13,250,0.5540952318458972,11.52894036249292,0.0,1.0,0.0,1.0,1.0,0.0
14,250,2.9924276352519303,1.861557879507685,1.0,0.0,0.0,1.0,0.0,0.0
15,250,12.0,7.131351727409109,0.0,0.0,0.0,0.0,1.0,0.0
16,250,7.595637523405528,6.693825702989538,1.0,0.0,0.0,0.0,1.0,0.0
17,250,9.054356664110546,3.047014630984381,1.0,0.0,0.0,1.0,0.0,0.0
18,250,6.7575774104662045,1.692486216860445,0.0,0.0,0.0,0.0,0.0,0.0
19,250,0.0860795540362985,9.26654470217202,0.0,0.0,1.0,1.0,0.0,0.0
20,250,11.558462939968017,0.9268259833636832,0.0,0.0,0.0,0.0,0.0,0.0
21,250,0.0,3.923541544857653,0.0,0.0,0.0,0.0,1.0,1.0
22,250,5.833649015164999,0.0,0.0,0.0,0.0,0.0,0.0,0.0
23,250,0.2766075971097509,1.444813555303872,0.0,1.0,1.0,1.0,0.0,1.0
24,250,11.92063663545437,10.552262074659811,1.0,1.0,1.0,1.0,0.0,0.0
25,250,4.231389524351389,11.783120860753408,0.0,1.0,0.0,0.0,1.0,1.0
26,250,0.9546314535819708,5.046664064111814,0.0,0.0,0.0,1.0,1.0,1.0
27,250,6.641255271392475,0.0,0.0,0.0,0.0,1.0,0.0,1.0
28,250,6.699120676597289,0.2730772543537006,0.0,0.0,0.0,0.0,0.0,0.0
29,250,8.167637646246513,6.826183972694074,1.0,0.0,0.0,0.0,0.0,0.0
30,250,6.859039388162041,8.022842436904114,1.0,1.0,0.0,0.0,1.0,1.0
31,250,1.936530184817532,12.0,1.0,1.0,1.0,1.0,0.0,0.0
32,250,10.358354073960458,8.138709246831114,0.0,0.0,0.0,1.0,0.0,0.0
33,250,9.012870189812633,0.0,0.0,1.0,0.0,0.0,0.0,0.0
34,250,10.987158555402868,8.873284277361266,0.0,1.0,0.0,0.0,1.0,0.0
35,250,5.611033906386703,7.146345300907035,1.0,0.0,0.0,0.0,1.0,0.0
36,250,4.587480377732995,1.518026520877496,0.0,1.0,1.0,0.0,1.0,1.0
37,250,6.478210684721897,5.8806794152063775,1.0,0.0,0.0,0.0,1.0,1.0
38,250,0.7370417800361566,2.3972156241503817,1.0,0.0,1.0,0.0,1.0,0.0
39,250,11.879951285494045,0.8086843267889952,0.0,1.0,1.0,1.0,1.0,1.0
0,255,1.135218228860717,0.0,0.0,1.0,0.0,1.0,0.0,1.0
1,255,0.8793558309485905,5.805336003789801,1.0,0.0,1.0,1.0,1.0,1.0
2,255,6.457185542508242,9.686712400406776,0.0,0.0,0.0,0.0,0.0,0.0
3,255,6.041668935573398,4.142220988017486,0.0,0.0,1.0,0.0,0.0,0.0
4,255,10.067430879770097,8.152409557752117,0.0,0.0,1.0,0.0,1.0,0.0
5,255,12.0,12.0,1.0,1.0,0.0,0.0,0.0,0.0
6,255,12.0,0.0239668318064156,1.0,0.0,1.0,0.0,1.0,1.0
7,255,12.0,4.770046346762907,0.0,0.0,0.0,0.0,1.0,0.0
8,255,5.045581432214111,6.930240452739505,0.0,0.0,1.0,1.0,0.0,1.0
9,255,5.652909162355319,0.0,1.0,0.0,0.0,1.0,0.0,0.0
10,255,0.0,0.0,0.0,1.0,1.0,0.0,0.0,0.0
11,255,3.6802419803896735,7.613047940509902,0.0,0.0,0.0,0.0,1.0,1.0
12,255,2.10915105665621,1.1423073950191465,0.0,0.0,0.0,0.0,0.0,0.0
13,255,0.4708728776145193,11.517091811057862,0.0,1.0,0.0,1.0,1.0,0.0
14,255,2.988188265114135,1.7913186369306409,1.0,0.0,0.0,1.0,0.0,0.0
15,255,12.0,7.063945300776793,0.0,0.0,0.0,0.0,1.0,0.0
16,255,7.637956137704379,6.720338696377065,1.0,0.0,0.0,0.0,1.0,0.0
17,255,9.073180056891887,3.029932881919437,1.0,0.0,0.0,1.0,0.0,0.0
18,255,6.923637960958669,1.7349030977493158,0.0,0.0,0.0,0.0,0.0,0.0
19,255,0.0850996934683866,9.268255360663243,0.0,0.0,1.0,1.0,0.0,0.0
20,255,11.583043568133483,0.9409140766566352,0.0,0.0,0.0,0.0,0.0,0.0
21,255,0.0,3.9289270390864304,0.0,0.0,0.0,0.0,1.0,1.0
22,255,5.811103275917612,0.0,0.0,0.0,0.0,0.0,0.0,0.0
23,255,0.4833956709361643,1.190133542840038,0.0,1.0,1.0,1.0,0.0,1.0
24,255,11.937386561611524,10.545399597139047,1.0,1.0,1.0,1.0,0.0,0.0
25,255,4.261063748756026,11.746758040646933,0.0,1.0,0.0,0.0,1.0,1.0
26,255,0.9626573041390156,5.033216134074255,0.0,0.0,0.0,1.0,1.0,1.0
27,255,6.541502880349476,0.0,0.0,0.0,0.0,1.0,0.0,1.0
28,255,6.676645009531048,0.3450258750482244,0.0,0.0,0.0,0.0,0.0,0.0
29,255,8.170099314083616,6.806333138317501,1.0,0.0,0.0,0.0,0.0,0.0
30,255,6.858054312814299,8.03412682783164,1.0,1.0,0.0,0.0,1.0,1.0
31,255,1.9380161594385643,12.0,1.0,1.0,1.0,1.0,0.0,0.0
32,255,10.390444489626548,8.191255616976461,0.0,0.0,0.0,1.0,0.0,0.0
33,255,9.016853776625975,0.0,0.0,1.0,0.0,0.0,0.0,0.0
34,255,10.915901824648358,8.857080792642929,0.0,1.0,0.0,0.0,1.0,0.0
35,255,5.539194112823391,7.169833285381149,1.0,0.0,0.0,0.0,1.0,0.0
36,255,4.56290874802368,1.5744264905852037,0.0,1.0,1.0,0.0,1.0,1.0
37,255,6.329386199994514,5.967762988209399,1.0,0.0,0.0,0.0,1.0,1.0
38,255,0.6886709581680598,2.3114036513246123,1.0,0.0,1.0,0.0,1.0,0.0
39,255,11.87310469983215,0.8183690902857186,0.0,1.0,1.0,1.0,1.0,1.0
0,260,1.0062865808041337,0.0,0.0,1.0,0.0,1.0,0.0,1.0
1,260,0.798846224499244,5.952258470976799,1.0,0.0,1.0,1.0,1.0,1.0
2,260,6.584654621060367,9.81352867160275,0.0,0.0,0.0,0.0,0.0,0.0
3,260,5.934805609402265,4.2286481851004885,0.0,0.0,1.0,0.0,0.0,0.0
4,260,10.0349130294716,8.266346293791134,0.0,0.0,1.0,0.0,1.0,0.0
5,260,12.0,12.0,1.0,1.0,0.0,0.0,0.0,0.0
6,260,12.0,0.0298401576253966,1.0,0.0,1.0,0.0,1.0,1.0
7,260,12.0,4.806257424730614,0.0,0.0,0.0,0.0,1.0,0.0
8,260,5.178028378478904,6.856902757842954,0.0,0.0,1.0,1.0,0.0,1.0
9,260,5.751293064563107,0.0,1.0,0.0,0.0,1.0,0.0,0.0
10,260,0.0,0.0,0.0,1.0,1.0,0.0,0.0,0.0
11,260,3.678593247715573,7.6735989072796755,0.0,0.0,0.0,0.0,1.0,1.0
12,260,2.1186179725177654,1.1488535945422829,0.0,0.0,0.0,0.0,0.0,0.0
13,260,0.3725878492661685,11.500095253927444,0.0,1.0,0.0,1.0,1.0,0.0
14,260,2.9854654907895117,1.7092808218431723,1.0,0.0,0.0,1.0,0.0,0.0
15,260,12.0,6.987701289999071,0.0,0.0,0.0,0.0,1.0,0.0
16,260,7.66735731007811,6.7386437547865015,1.0,0.0,0.0,0.0,1.0,0.0
17,260,9.079302986343446,3.023968196039849,1.0,0.0,0.0,1.0,0.0,0.0
18,260,7.108187913974626,1.7867410722523602,0.0,0.0,0.0,0.0,0.0,0.0
19,260,0.0764608486453961,9.281722851964687,0.0,0.0,1.0,1.0,0.0,0.0
20,260,11.599681857451158,0.9505570854984592,0.0,0.0,0.0,0.0,0.0,0.0
21,260,0.0,3.932908377570657,0.0,0.0,0.0,0.0,1.0,1.0
22,260,5.789249781245584,0.0,0.0,0.0,0.0,0.0,0.0,0.0
23,260,0.6786973727270296,0.9385735375495258,0.0,1.0,1.0,1.0,0.0,1.0
24,260,11.946407487802205,10.541651866345362,1.0,1.0,1.0,1.0,0.0,0.0
25,260,4.2689622964473735,11.737105143004754,0.0,1.0,0.0,0.0,1.0,1.0
26,260,0.9339015187509644,5.0163454155348655,0.0,0.0,0.0,1.0,1.0,1.0
27,260,6.44016666360961,0.0,0.0,0.0,0.0,1.0,0.0,1.0
28,260,6.657414022874936,0.4108237641726896,0.0,0.0,0.0,0.0,0.0,0.0
29,260,8.170895323048017,6.798856854379241,1.0,0.0,0.0,0.0,0.0,0.0
30,260,6.858292743914039,8.031447624539393,1.0,1.0,0.0,0.0,1.0,1.0
31,260,1.939762586905014,12.0,1.0,1.0,1.0,1.0,0.0,0.0
32,260,10.430605460382136,8.25468629838228,0.0,0.0,0.0,1.0,0.0,0.0
33,260,9.022348657311662,0.0,0.0,1.0,0.0,0.0,0.0,0.0
34,260,10.84340505483749,8.84066187752524,0.0,1.0,0.0,0.0,1.0,0.0
35,260,5.4796458584828285,7.189620550618878,1.0,0.0,0.0,0.0,1.0,0.0
36,260,4.531942824486808,1.6468502176133226,0.0,1.0,1.0,0.0,1.0,1.0
37,260,6.172070327469228,6.058326985913907,1.0,0.0,0.0,0.0,1.0,1.0
38,260,0.6562626542592226,2.256005769015667,1.0,0.0,1.0,0.0,1.0,0.0
39,260,11.878294344481308,0.8110389666989721,0.0,1.0,1.0,1.0,1.0,1.0
0,265,0.8841690085665409,0.0,0.0,1.0,0.0,1.0,0.0,1.0
1,265,0.7210355950056023,6.088824768637883,1.0,0.0,1.0,1.0,1.0,1.0
2,265,6.730057825444685,9.958143163513723,0.0,0.0,0.0,0.0,0.0,0.0
3,265,5.813226435439905,4.328383132426695,0.0,0.0,1.0,0.0,0.0,0.0
4,265,10.004712336240924,8.36597329740225,0.0,0.0,1.0,0.0,1.0,0.0
5,265,12.0,12.0,1.0,1.0,0.0,0.0,0.0,0.0
6,265,12.0,0.0402441499828754,1.0,0.0,1.0,0.0,1.0,1.0
7,265,12.0,4.848649653120343,0.0,0.0,0.0,0.0,1.0,0.0
8,265,5.303658972299374,6.781226729624247,0.0,0.0,1.0,1.0,0.0,1.0
9,265,5.854567110030818,0.0,1.0,0.0,0.0,1.0,0.0,0.0
10,265,0.0,0.0,0.0,1.0,1.0,0.0,0.0,0.0
11,265,3.6771928829119696,7.727454819828817,0.0,0.0,0.0,0.0,1.0,1.0
12,265,2.1178607250099266,1.1483536505690763,0.0,0.0,0.0,0.0,0.0,0.0
13,265,0.2763651943097551,11.484762491813632,0.0,1.0,0.0,1.0,1.0,0.0
14,265,2.9816228562596017,1.6375067121889195,1.0,0.0,0.0,1.0,0.0,0.0
15,265,12.0,6.911014212019395,0.0,0.0,0.0,0.0,1.0,0.0
16,265,7.679058521929264,6.745687588155682,1.0,0.0,0.0,0.0,1.0,0.0
17,265,9.065684974533038,3.036538865475946,1.0,0.0,0.0,1.0,0.0,0.0
18,265,7.2871886705385664,1.8355463157130287,0.0,0.0,0.0,0.0,0.0,0.0
19,265,0.064370106268745,9.30037058724846,0.0,0.0,1.0,1.0,0.0,0.0
20,265,11.637506201015132,0.972372029246981,0.0,0.0,0.0,0.0,0.0,0.0
21,265,0.0,3.93695412247421,0.0,0.0,0.0,0.0,1.0,1.0
22,265,5.766324557559342,0.0,0.0,0.0,0.0,0.0,0.0,0.0
23,265,0.4277260247332047,0.7436542949276053,0.0,1.0,1.0,1.0,0.0,1.0
24,265,11.96638785651404,10.53327925689602,1.0,1.0,1.0,1.0,0.0,0.0
25,265,4.29017546694916,11.7114157664744,0.0,1.0,0.0,0.0,1.0,1.0
26,265,0.9371694070955928,5.018194598754238,0.0,0.0,0.0,1.0,1.0,1.0
27,265,6.338340379060886,0.0,0.0,0.0,0.0,1.0,0.0,1.0
28,265,6.639001657428605,0.4700918865402846,0.0,0.0,0.0,0.0,0.0,0.0
29,265,8.173903350986738,6.768046747136104,1.0,0.0,0.0,0.0,0.0,0.0
30,265,6.858186990078461,8.032798949639306,1.0,1.0,0.0,0.0,1.0,1.0
31,265,1.9400053593277904,12.0,1.0,1.0,1.0,1.0,0.0,0.0
32,265,10.48489805915054,8.342736861550629,0.0,0.0,0.0,1.0,0.0,0.0
33,265,9.030964480010638,0.0,0.0,1.0,0.0,0.0,0.0,0.0
34,265,10.74854991328608,8.820897938884324,0.0,1.0,0.0,0.0,1.0,0.0
35,265,5.426905800944833,7.206067212777527,1.0,0.0,0.0,0.0,1.0,0.0
36,265,4.495106192609364,1.7264074803015457,0.0,1.0,1.0,0.0,1.0,1.0
37,265,6.0218148122978725,6.143336931641366,1.0,0.0,0.0,0.0,1.0,1.0
38,265,0.6255031911934574,2.2033399655708346,1.0,0.0,1.0,0.0,1.0,0.0
39,265,11.892804915065572,0.7905879029375922,0.0,1.0,1.0,1.0,1.0,1.0
0,270,0.7592820836332783,0.0,0.0,1.0,0.0,1.0,0.0,1.0
1,270,0.6334517559709133,6.226084427711285,1.0,0.0,1.0,1.0,1.0,1.0
2,270,6.865397941726771,10.087590831685151,0.0,0.0,0.0,0.0,0.0,0.0
3,270,5.689148295648555,4.433083636312813,0.0,0.0,1.0,0.0,0.0,0.0
4,270,9.970395531707249,8.486920339531135,0.0,0.0,1.0,0.0,1.0,0.0
5,270,12.0,12.0,1.0,1.0,0.0,0.0,0.0,0.0
6,270,12.0,0.0551436039326215,1.0,0.0,1.0,0.0,1.0,1.0
7,270,12.0,4.8954806794541295,0.0,0.0,0.0,0.0,1.0,0.0
8,270,5.429725066884373,6.707302517476214,0.0,0.0,1.0,1.0,0.0,1.0
9,270,5.9577197358871405,0.0,1.0,0.0,0.0,1.0,0.0,0.0
10,270,0.0,0.0,0.0,1.0,1.0,0.0,0.0,0.0
11,270,3.673999418443732,7.7951794244499535,0.0,0.0,0.0,0.0,1.0,1.0
12,270,2.0941366658801805,1.133220975842686,0.0,0.0,0.0,0.0,0.0,0.0
13,270,0.2084074609856889,11.473840394751308,0.0,1.0,0.0,1.0,1.0,0.0
14,270,2.9741156068492125,1.5723282894605404,1.0,0.0,0.0,1.0,0.0,0.0
15,270,12.0,6.845035401511488,0.0,0.0,0.0,0.0,1.0,0.0
16,270,7.691678899300979,6.753638664245938,1.0,0.0,0.0,0.0,1.0,0.0
17,270,9.069922151290552,3.032627302371953,1.0,0.0,0.0,1.0,0.0,0.0
18,270,7.48312140404777,1.8887700163571357,0.0,0.0,0.0,0.0,0.0,0.0
19,270,0.0494287635121536,9.323456570426064,0.0,0.0,1.0,1.0,0.0,0.0
20,270,11.69094076673005,1.00254539702202,0.0,0.0,0.0,0.0,0.0,0.0
21,270,0.0,3.940547139677881,0.0,0.0,0.0,0.0,1.0,1.0
22,270,5.740563691393288,0.0,0.0,0.0,0.0,0.0,0.0,0.0
23,270,0.1511833028899281,0.5379520290307946,0.0,1.0,1.0,1.0,0.0,1.0
24,270,11.993604145153704,10.52162875352903,1.0,1.0,1.0,1.0,0.0,0.0
25,270,4.304727604364161,11.694148384871152,0.0,1.0,0.0,0.0,1.0,1.0
26,270,0.9510801183746724,5.0264085987645934,0.0,0.0,0.0,1.0,1.0,1.0
27,270,6.214479778303986,0.0,0.0,0.0,0.0,1.0,0.0,1.0
28,270,6.615845647970949,0.5443274390769055,0.0,0.0,0.0,0.0,0.0,0.0
29,270,8.17815066767324,6.713996454854825,1.0,0.0,0.0,0.0,0.0,0.0
30,270,6.86375385990902,8.033280007192072,1.0,1.0,0.0,0.0,1.0,1.0
31,270,1.9404083788525464,12.0,1.0,1.0,1.0,1.0,0.0,0.0
32,270,10.530663208946162,8.417657943024896,0.0,0.0,0.0,1.0,0.0,0.0
33,270,9.037731995756912,0.0,0.0,1.0,0.0,0.0,0.0,0.0
34,270,10.818427654948836,8.835944950410822,0.0,1.0,0.0,0.0,1.0,0.0
35,270,5.359373279492132,7.224894881408055,1.0,0.0,0.0,0.0,1.0,0.0
36,270,4.456268020101611,1.8143279970225423,0.0,1.0,1.0,0.0,1.0,1.0
37,270,5.875794200478469,6.223028752334311,1.0,0.0,0.0,0.0,1.0,1.0
38,270,0.6063013232371315,2.1700246142232777,1.0,0.0,1.0,0.0,1.0,0.0
39,270,11.908662511389725,0.7681256595663021,0.0,1.0,1.0,1.0,1.0,1.0
0,275,0.6402691412207466,0.0,0.0,1.0,0.0,1.0,0.0,1.0
1,275,0.5479723138289802,6.355328942153499,1.0,0.0,1.0,1.0,1.0,1.0
2,275,7.021466324778942,10.240534829240346,0.0,0.0,0.0,0.0,0.0,0.0
3,275,5.5819651192014765,4.525337225076648,0.0,0.0,1.0,0.0,0.0,0.0
4,275,9.939097365855533,8.602802442491186,0.0,0.0,1.0,0.0,1.0,0.0
5,275,12.0,12.0,1.0,1.0,0.0,0.0,0.0,0.0
6,275,12.0,0.0693458169776281,1.0,0.0,1.0,0.0,1.0,1.0
7,275,12.0,4.939913046860564,0.0,0.0,0.0,0.0,1.0,0.0
8,275,5.55076117596047,6.638263691072436,0.0,0.0,1.0,1.0,0.0,1.0
9,275,6.058692421356257,0.0,1.0,0.0,0.0,1.0,0.0,0.0
10,275,0.0,0.0,0.0,1.0,1.0,0.0,0.0,0.0
11,275,3.6663828553972215,7.901206774018204,0.0,0.0,0.0,0.0,1.0,1.0
12,275,2.059315422545995,1.1111747423803109,0.0,0.0,0.0,0.0,0.0,0.0
13,275,0.1469782873496995,11.46490700505394,0.0,1.0,0.0,1.0,1.0,0.0
14,275,2.964675431448404,1.5029312249852624,1.0,0.0,0.0,1.0,0.0,0.0
15,275,12.0,6.780423633817443,0.0,0.0,0.0,0.0,1.0,0.0
16,275,7.700960145409824,6.759210525938577,1.0,0.0,0.0,0.0,1.0,0.0
17,275,9.06312234891211,3.0387389144940578,1.0,0.0,0.0,1.0,0.0,0.0
18,275,7.682067831146092,1.943014835091676,0.0,0.0,0.0,0.0,0.0,0.0
19,275,0.0486521661895713,9.324651231366929,0.0,0.0,1.0,1.0,0.0,0.0
20,275,11.728134697613802,1.0226937630451916,0.0,0.0,0.0,0.0,0.0,0.0
21,275,0.0,3.942376833651539,0.0,0.0,0.0,0.0,1.0,1.0
22,275,5.715047819676638,0.0,0.0,0.0,0.0,0.0,0.0,0.0
23,275,0.0,0.3386226186168386,0.0,1.0,1.0,1.0,0.0,1.0
24,275,12.0,10.5145003914405,1.0,1.0,1.0,1.0,0.0,0.0
25,275,4.324090108283777,11.670943868182956,0.0,1.0,0.0,0.0,1.0,1.0
26,275,0.9664061429897096,5.035700538721595,0.0,0.0,0.0,1.0,1.0,1.0
27,275,6.099831355583024,0.0,0.0,0.0,0.0,1.0,0.0,1.0
28,275,6.587763632115458,0.631174644265728,0.0,0.0,0.0,0.0,0.0,0.0
29,275,8.181741783788631,6.653503665348041,1.0,0.0,0.0,0.0,0.0,0.0
30,275,6.8504568766861205,8.0321268182754,1.0,1.0,0.0,0.0,1.0,1.0
31,275,1.9409000580707596,12.0,1.0,1.0,1.0,1.0,0.0,0.0
32,275,10.57254015697119,8.488444011920436,0.0,0.0,0.0,1.0,0.0,0.0
33,275,9.047722326897029,0.0,0.0,1.0,0.0,0.0,0.0,0.0
34,275,10.86904677699257,8.846626541318985,0.0,1.0,0.0,0.0,1.0,0.0
35,275,5.282276166030264,7.246217082320296,1.0,0.0,0.0,0.0,1.0,0.0
36,275,4.4177386646580015,1.8994013273780208,0.0,1.0,1.0,0.0,1.0,1.0
37,275,5.7490356163707474,6.285652952312162,1.0,0.0,0.0,0.0,1.0,1.0
38,275,0.589410261631402,2.141311173621298,1.0,0.0,1.0,0.0,1.0,0.0
39,275,11.928998433632753,0.7421778077497565,0.0,1.0,1.0,1.0,1.0,1.0
0,280,0.5192833917215248,0.0,0.0,1.0,0.0,1.0,0.0,1.0
1,280,0.4743875451859285,6.462177858964182,1.0,0.0,1.0,1.0,1.0,1.0
2,280,7.191573083677529,10.417233512897816,0.0,0.0,0.0,0.0,0.0,0.0
3,280,5.481011350798494,4.616319570087197,0.0,0.0,1.0,0.0,0.0,0.0
4,280,9.903663593355107,8.727153531632755,0.0,0.0,1.0,0.0,1.0,0.0
5,280,12.0,12.0,1.0,1.0,0.0,0.0,0.0,0.0
6,280,12.0,0.084898683893506,1.0,0.0,1.0,0.0,1.0,1.0
7,280,12.0,4.981595511636119,0.0,0.0,0.0,0.0,1.0,0.0
8,280,5.650882566640077,6.581187485325611,0.0,0.0,1.0,1.0,0.0,1.0
9,280,6.1479143251753525,0.0,1.0,0.0,0.0,1.0,0.0,0.0
10,280,0.0,0.0,0.0,1.0,1.0,0.0,0.0,0.0
11,280,3.763463444776918,7.908269800907729,0.0,0.0,0.0,0.0,1.0,1.0
12,280,2.0370053657166487,1.0977825225247395,0.0,0.0,0.0,0.0,0.0,0.0
13,280,0.0975333187711058,11.457973220606233,0.0,1.0,0.0,1.0,1.0,0.0
14,280,2.953849688026032,1.4234799276373344,1.0,0.0,0.0,1.0,0.0,0.0
15,280,12.0,6.710477912176249,0.0,0.0,0.0,0.0,1.0,0.0
16,280,7.731925982843839,6.776791931172247,1.0,0.0,0.0,0.0,1.0,0.0
17,280,9.058952837871797,3.0425015516163936,1.0,0.0,0.0,1.0,0.0,0.0
18,280,7.891678053604232,1.994563727195945,0.0,0.0,0.0,0.0,0.0,0.0
19,280,0.0395910905245959,9.338364598481844,0.0,0.0,1.0,1.0,0.0,0.0
20,280,11.760455913290228,1.04101895094199,0.0,0.0,0.0,0.0,0.0,0.0
21,280,0.0,3.944249618044983,0.0,0.0,0.0,0.0,1.0,1.0
22,280,5.688997502061729,0.0,0.0,0.0,0.0,0.0,0.0,0.0
23,280,0.0,0.1346036005469836,0.0,1.0,1.0,1.0,0.0,1.0
24,280,12.0,10.513305369583945,1.0,1.0,1.0,1.0,0.0,0.0
25,280,4.3524765499227245,11.637537908147005,0.0,1.0,0.0,0.0,1.0,1.0
26,280,0.9901819079820724,5.050550201894568,0.0,0.0,0.0,1.0,1.0,1.0
27,280,5.977222776995266,0.0,0.0,0.0,0.0,1.0,0.0,1.0
28,280,6.559006499540703,0.7278759756286661,0.0,0.0,0.0,0.0,0.0,0.0
29,280,8.185896727674809,6.580143065171087,1.0,0.0,0.0,0.0,0.0,0.0
30,280,6.812264719569038,8.028616805658155,1.0,1.0,0.0,0.0,1.0,1.0
31,280,1.9418313871905937,12.0,1.0,1.0,1.0,1.0,0.0,0.0
32,280,10.619085115697654,8.563073760337062,0.0,0.0,0.0,1.0,0.0,0.0
33,280,9.056760404342402,0.0,0.0,1.0,0.0,0.0,0.0,0.0
34,280,10.931779098775229,8.859453311117173,0.0,1.0,0.0,0.0,1.0,0.0
35,280,5.19232364693387,7.270998522098129,1.0,0.0,0.0,0.0,1.0,0.0
36,280,4.390882610952253,1.9633285891832684,0.0,1.0,1.0,0.0,1.0,1.0
37,280,5.606780979142155,6.358245120025316,1.0,0.0,0.0,0.0,1.0,1.0
38,280,0.5750270748169772,2.1178338854894667,1.0,0.0,1.0,0.0,1.0,0.0
39,280,11.946071723295926,0.7205674121418848,0.0,1.0,1.0,1.0,1.0,1.0
0,285,0.3895451626190933,0.0,0.0,1.0,0.0,1.0,0.0,1.0
1,285,0.4073670594249816,6.559700519448084,1.0,0.0,1.0,1.0,1.0,1.0
2,285,7.347840781286495,10.579139133384333,0.0,0.0,0.0,0.0,0.0,0.0
3,285,5.383661414683319,4.702465293637467,0.0,0.0,1.0,0.0,0.0,0.0
4,285,9.872135847943088,8.83480460242484,0.0,0.0,1.0,0.0,1.0,0.0
5,285,12.0,12.0,1.0,1.0,0.0,0.0,0.0,0.0
6,285,12.0,0.1001916148285423,1.0,0.0,1.0,0.0,1.0,1.0
7,285,12.0,5.012204332494741,0.0,0.0,0.0,0.0,1.0,0.0
8,285,5.741670890262234,6.528034650784815,0.0,0.0,1.0,1.0,0.0,1.0
9,285,6.231914707400731,0.0,1.0,0.0,0.0,1.0,0.0,0.0
10,285,0.0,0.0,0.0,1.0,1.0,0.0,0.0,0.0
11,285,3.894959995131307,7.921044734951709,0.0,0.0,0.0,0.0,1.0,1.0
12,285,2.030000027890416,1.0934573271546415,0.0,0.0,0.0,0.0,0.0,0.0
13,285,0.0613231990329012,11.453329472040252,0.0,1.0,0.0,1.0,1.0,0.0
14,285,2.9432796861964268,1.3408995949833664,1.0,0.0,0.0,1.0,0.0,0.0
15,285,12.0,6.6339539528518365,0.0,0.0,0.0,0.0,1.0,0.0
16,285,7.742236913807615,6.782519237555554,1.0,0.0,0.0,0.0,1.0,0.0
17,285,9.059951964281291,3.0415566605454147,1.0,0.0,0.0,1.0,0.0,0.0
18,285,8.092362095386394,2.042279211779438,0.0,0.0,0.0,0.0,0.0,0.0
19,285,0.0259227127520428,9.360427975829229,0.0,0.0,1.0,1.0,0.0,0.0
20,285,11.800611681721968,1.062883441786654,0.0,0.0,0.0,0.0,0.0,0.0
21,285,0.0,3.9460240119194423,0.0,0.0,0.0,0.0,1.0,1.0
22,285,5.66076151762427,0.0,0.0,0.0,0.0,0.0,0.0,0.0
23,285,0.0,0.0,0.0,1.0,1.0,1.0,0.0,1.0
24,285,12.0,10.511585951545188,1.0,1.0,1.0,1.0,0.0,0.0
25,285,4.377318549521307,11.607666473019098,0.0,1.0,0.0,0.0,1.0,1.0
26,285,1.0140040740753673,5.065094565943771,0.0,0.0,0.0,1.0,1.0,1.0
27,285,5.864974358470815,0.0,0.0,0.0,0.0,1.0,0.0,1.0
28,285,6.461278804394229,0.6955102640172777,0.0,0.0,0.0,0.0,0.0,0.0
29,285,8.19070560466565,6.496960441709011,1.0,0.0,0.0,0.0,0.0,0.0
30,285,6.77448755214671,8.025603882229285,1.0,1.0,0.0,0.0,1.0,1.0
31,285,1.9434926407779904,12.0,1.0,1.0,1.0,1.0,0.0,0.0
32,285,10.659769073888745,8.634624289039103,0.0,0.0,0.0,1.0,0.0,0.0
33,285,9.065806152615298,0.0,0.0,1.0,0.0,0.0,0.0,0.0
34,285,10.99126921995553,8.871227628062718,0.0,1.0,0.0,0.0,1.0,0.0
35,285,5.079702765644613,7.304075839579021,1.0,0.0,0.0,0.0,1.0,0.0
36,285,4.366902053431141,2.020998304197396,0.0,1.0,1.0,0.0,1.0,1.0
37,285,5.4597275220532735,6.436497632558371,1.0,0.0,0.0,0.0,1.0,1.0
38,285,0.5527457779353802,2.0834500406938585,1.0,0.0,1.0,0.0,1.0,0.0
39,285,11.97041337358716,0.6894175375885414,0.0,1.0,1.0,1.0,1.0,1.0
0,290,0.2474803598343311,0.0,0.0,1.0,0.0,1.0,0.0,1.0
1,290,0.3326315251307574,6.667328567240255,1.0,0.0,1.0,1.0,1.0,1.0
2,290,7.511019733523354,10.746923671553292,0.0,0.0,0.0,0.0,0.0,0.0
3,290,5.283178704197844,4.793336179618732,0.0,0.0,1.0,0.0,0.0,0.0
4,290,9.840249203659583,8.958710825503362,0.0,0.0,1.0,0.0,1.0,0.0
5,290,12.0,12.0,1.0,1.0,0.0,0.0,0.0,0.0
6,290,12.0,0.1160447307825074,1.0,0.0,1.0,0.0,1.0,1.0
7,290,12.0,5.048557593001032,0.0,0.0,0.0,0.0,1.0,0.0
8,290,5.83705008835473,6.4701951595162495,0.0,0.0,1.0,1.0,0.0,1.0
9,290,6.310269696596741,0.0,1.0,0.0,0.0,1.0,0.0,0.0
10,290,0.0036828414372239,0.0126218209618683,0.0,1.0,1.0,0.0,0.0,0.0
11,290,4.019949502913849,7.931386845570728,0.0,0.0,0.0,0.0,1.0,1.0
12,290,2.043631617009924,1.101793786663206,0.0,0.0,0.0,0.0,0.0,0.0
13,290,0.0215342561957539,11.449342236296369,0.0,1.0,0.0,1.0,1.0,0.0
14,290,2.9342381786139877,1.257146681108425,1.0,0.0,0.0,1.0,0.0,0.0
15,290,12.0,6.551964600409039,0.0,0.0,0.0,0.0,1.0,0.0
16,290,7.762782916946515,6.793431405340729,1.0,0.0,0.0,0.0,1.0,0.0
17,290,9.050402226045826,3.050791820016236,1.0,0.0,0.0,1.0,0.0,0.0
18,290,8.276205900565465,2.088455005999124,0.0,0.0,0.0,0.0,0.0,0.0
19,290,0.0096677536383917,9.386293568562024,0.0,0.0,1.0,1.0,0.0,0.0
20,290,11.851828348503672,1.0906533355220611,0.0,0.0,0.0,0.0,0.0,0.0
21,290,0.0,3.9448014286648414,0.0,0.0,0.0,0.0,1.0,1.0
22,290,5.625273199064951,0.0,0.0,0.0,0.0,0.0,0.0,0.0
23,290,0.0,0.0,0.0,1.0,1.0,1.0,0.0,1.0
24,290,11.995793332704975,10.51348546504656,1.0,1.0,1.0,1.0,0.0,0.0
25,290,4.388107813679246,11.594659379283572,0.0,1.0,0.0,0.0,1.0,1.0
26,290,1.038157290851133,5.080318208675731,0.0,0.0,0.0,1.0,1.0,1.0
27,290,5.749982968987982,0.0,0.0,0.0,0.0,1.0,0.0,1.0
28,290,6.337121596091427,0.6550054033471564,0.0,0.0,0.0,0.0,0.0,0.0
29,290,8.193561125635906,6.410099222954459,1.0,0.0,0.0,0.0,0.0,0.0
30,290,6.719688972191568,8.020442764415138,1.0,1.0,0.0,0.0,1.0,1.0
31,290,1.9942556346911144,11.996524062406316,1.0,1.0,1.0,1.0,0.0,0.0
32,290,10.689240717561246,8.686822908110098,0.0,0.0,0.0,1.0,0.0,0.0
33,290,9.07216759452493,0.0,0.0,1.0,0.0,0.0,0.0,0.0
34,290,11.036607311573908,8.881922719171797,0.0,1.0,0.0,0.0,1.0,0.0
35,290,4.950098787910829,7.343390345807903,1.0,0.0,0.0,0.0,1.0,0.0
36,290,4.343107188078511,2.082495796024036,0.0,1.0,1.0,0.0,1.0,1.0
37,290,5.297985781035952,6.519850059953529,1.0,0.0,0.0,0.0,1.0,1.0
38,290,0.5267525965928986,2.044753289988853,1.0,0.0,1.0,0.0,1.0,0.0
39,290,12.0,0.64803684401557,0.0,1.0,1.0,1.0,1.0,1.0
0,295,0.1092372489032894,0.0,0.0,1.0,0.0,1.0,0.0,1.0
1,295,0.2510729829978311,6.790718290408224,1.0,0.0,1.0,1.0,1.0,1.0
2,295,7.67761866293448,10.915241963274724,0.0,0.0,0.0,0.0,0.0,0.0
3,295,5.186401302805035,4.882520268992598,0.0,0.0,1.0,0.0,0.0,0.0
4,295,9.81185608405214,9.081165447161826,0.0,0.0,1.0,0.0,1.0,0.0
5,295,12.0,12.0,1.0,1.0,0.0,0.0,0.0,0.0
6,295,12.0,0.1357124986579749,1.0,0.0,1.0,0.0,1.0,1.0
7,295,12.0,5.091069054362384,0.0,0.0,0.0,0.0,1.0,0.0
8,295,5.777702745154809,6.364736036727903,0.0,0.0,1.0,1.0,0.0,1.0
9,295,6.375457188708624,0.0,1.0,0.0,0.0,1.0,0.0,0.0
10,295,0.0,0.0,0.0,1.0,1.0,0.0,0.0,0.0
11,295,4.133919508194427,7.94004760991619,0.0,0.0,0.0,0.0,1.0,1.0
12,295,2.0638836950044808,1.1141972805949614,0.0,0.0,0.0,0.0,0.0,0.0
13,295,0.0,11.443612266179038,0.0,1.0,0.0,1.0,1.0,0.0
14,295,2.926845716150052,1.177032202164835,1.0,0.0,0.0,1.0,0.0,0.0
15,295,12.0,6.466108495342639,0.0,0.0,0.0,0.0,1.0,0.0
16,295,7.773585601607434,6.799037811786022,1.0,0.0,0.0,0.0,1.0,0.0
17,295,9.024389443588442,3.075942392680711,1.0,0.0,0.0,1.0,0.0,0.0
18,295,8.468979990799685,2.133311360650939,0.0,0.0,0.0,0.0,0.0,0.0
19,295,0.0,9.403401752037666,0.0,0.0,1.0,1.0,0.0,0.0
20,295,11.88754086771978,1.1092895970997176,0.0,0.0,0.0,0.0,0.0,0.0
21,295,0.0,3.942744388932907,0.0,0.0,0.0,0.0,1.0,1.0
22,295,5.589333752055637,0.0,0.0,0.0,0.0,0.0,0.0,0.0
23,295,0.0,0.0,0.0,1.0,1.0,1.0,0.0,1.0
24,295,12.0,10.507512696986,1.0,1.0,1.0,1.0,0.0,0.0
25,295,4.393888847037987,11.587783231895136,0.0,1.0,0.0,0.0,1.0,1.0
26,295,1.0627560521344184,5.095492387419964,0.0,0.0,0.0,1.0,1.0,1.0
27,295,5.637198486210941,0.0,0.0,0.0,0.0,1.0,0.0,1.0
28,295,6.2022039739219474,0.6149235821194573,0.0,0.0,0.0,0.0,0.0,0.0
29,295,8.198679948399903,6.313904347899334,1.0,0.0,0.0,0.0,0.0,0.0
30,295,6.667110669531487,8.015763649212662,1.0,1.0,0.0,0.0,1.0,1.0
31,295,2.0451054208703727,11.993876102234236,1.0,1.0,1.0,1.0,0.0,0.0
32,295,10.716032866340871,8.735406301346377,0.0,0.0,0.0,1.0,0.0,0.0
33,295,9.07660698110032,0.0,0.0,1.0,0.0,0.0,0.0,0.0
34,295,11.072164777735168,8.89053138893663,0.0,1.0,0.0,0.0,1.0,0.0
35,295,4.827184990161751,7.382345852462395,1.0,0.0,0.0,0.0,1.0,0.0
36,295,4.317717682472071,2.1497167584604613,0.0,1.0,1.0,0.0,1.0,1.0
37,295,5.128027147288328,6.607024478606162,1.0,0.0,0.0,0.0,1.0,1.0
38,295,0.5013328944963306,2.0057074088226425,1.0,0.0,1.0,0.0,1.0,0.0
39,295,12.0,0.60913996286327,0.0,1.0,1.0,1.0,1.0,1.0
