0,0,9.03735783096958,2.9952076111449637,0.0,1.0,0.0,1.0,0.0,1.0
1,0,5.056120041736552,3.9554426193298537,1.0,0.0,1.0,1.0,1.0,1.0
2,0,3.9888748116572974,0.0399825945230732,0.0,0.0,0.0,0.0,0.0,0.0
3,0,2.9370870063619257,3.985079031903362,0.0,0.0,1.0,0.0,0.0,0.0
4,0,9.9768711959759,5.006659248341595,0.0,0.0,1.0,0.0,1.0,0.0
5,0,12.0,4.979359316503575,1.0,1.0,0.0,0.0,0.0,0.0
6,0,3.9742686431796086,10.92817412755643,1.0,0.0,1.0,0.0,1.0,1.0
7,0,12.0,3.0210432615149765,0.0,0.0,0.0,0.0,1.0,0.0
8,0,8.984505006209035,4.015097549537992,0.0,0.0,1.0,1.0,0.0,1.0
9,0,6.95019664702848,7.9393222835294255,1.0,0.0,0.0,1.0,0.0,0.0
10,0,11.980615452163384,0.0537826268675707,0.0,1.0,1.0,0.0,0.0,0.0
11,0,8.057383443915379,6.972835394357007,0.0,0.0,0.0,0.0,1.0,1.0
12,0,0.0696082766093888,3.0026588649507264,0.0,0.0,0.0,0.0,0.0,0.0
13,0,0.0141101581317145,2.0747869995050463,0.0,1.0,0.0,1.0,1.0,0.0
14,0,11.94546761420513,2.002054496040954,1.0,0.0,0.0,1.0,0.0,0.0
15,0,8.043604621315005,3.041896102224785,0.0,0.0,0.0,0.0,1.0,0.0
16,0,5.061555763149897,7.008669931156135,1.0,0.0,0.0,0.0,1.0,0.0
17,0,6.951471605519025,12.0,1.0,0.0,0.0,1.0,0.0,0.0
18,0,3.9709387044991593,11.03062857295408,0.0,0.0,0.0,0.0,0.0,0.0
19,0,5.067777300658643,9.98762307240796,0.0,0.0,1.0,1.0,0.0,0.0
20,0,5.942884367515572,6.946821206712475,0.0,0.0,0.0,0.0,0.0,0.0
21,0,1.99787823099708,9.05773286054681,0.0,0.0,0.0,0.0,1.0,1.0
22,0,6.963486216546822,5.999147427521362,0.0,0.0,0.0,0.0,0.0,0.0
23,0,12.0,5.992946947978352,0.0,1.0,1.0,1.0,0.0,1.0
24,0,2.996918653276673,12.0,1.0,1.0,1.0,1.0,0.0,0.0
25,0,8.001085034540873,8.950992784567523,0.0,1.0,0.0,0.0,1.0,1.0
26,0,1.03500770156361,8.939612552623828,0.0,0.0,0.0,1.0,1.0,1.0
27,0,7.931510377013628,0.0,0.0,0.0,0.0,1.0,0.0,1.0
28,0,0.9873659704920834,6.070144607044323,0.0,0.0,0.0,0.0,0.0,0.0
29,0,11.009747584494496,9.946810960007694,1.0,0.0,0.0,0.0,0.0,0.0
30,0,8.038953894800237,4.03701960154245,1.0,1.0,0.0,0.0,1.0,1.0
31,0,9.984556335792965,3.938265688808584,1.0,1.0,1.0,1.0,0.0,0.0
32,0,6.969575413866044,2.0276090759040515,0.0,0.0,0.0,1.0,0.0,0.0
33,0,8.960635882040087,3.031110648330714,0.0,1.0,0.0,0.0,0.0,0.0
34,0,8.968683823107192,8.06591989197285,0.0,1.0,0.0,0.0,1.0,0.0
35,0,4.056045943186184,12.0,1.0,0.0,0.0,0.0,1.0,0.0
36,0,4.962240946917162,1.9531406049747169,0.0,1.0,1.0,0.0,1.0,1.0
37,0,5.069501741099635,7.011148851616843,1.0,0.0,0.0,0.0,1.0,1.0
38,0,10.04147708233849,9.995488633032672,1.0,0.0,1.0,0.0,1.0,0.0
39,0,12.0,2.9893398845093766,0.0,1.0,1.0,1.0,1.0,1.0
0,5,9.076030870769586,2.990832906825997,0.0,1.0,0.0,1.0,0.0,1.0
1,5,5.133965963241805,3.896443333615748,1.0,0.0,1.0,1.0,1.0,1.0
2,5,3.9771530496864753,0.0813553416677295,0.0,0.0,0.0,0.0,0.0,0.0
3,5,2.8741065913011896,3.972539819665916,0.0,0.0,1.0,0.0,0.0,0.0
4,5,9.957340819693988,5.012335947660153,0.0,0.0,1.0,0.0,1.0,0.0
5,5,12.0,4.961603948148469,1.0,1.0,0.0,0.0,0.0,0.0
6,5,3.950669218528993,10.863671715702491,1.0,0.0,1.0,0.0,1.0,1.0
7,5,12.0,3.038254694841427,0.0,0.0,0.0,0.0,1.0,0.0
8,5,8.963104089424212,4.035782534464822,0.0,0.0,1.0,1.0,0.0,1.0
9,5,6.900671923377687,7.876314188845979,1.0,0.0,0.0,1.0,0.0,0.0
10,5,11.96727261806726,0.0942843033894276,0.0,1.0,1.0,0.0,0.0,0.0
11,5,8.095462905096761,6.954816834489216,0.0,0.0,0.0,0.0,1.0,1.0
12,5,0.1226814331980318,3.005394983696016,0.0,0.0,0.0,0.0,0.0,0.0
13,5,0.0287661876683539,2.1426932084220653,0.0,1.0,0.0,1.0,1.0,0.0
14,5,11.876624650511795,2.004276652576973,1.0,0.0,0.0,1.0,0.0,0.0
15,5,8.089485673419137,3.085913066976078,0.0,0.0,0.0,0.0,1.0,0.0
16,5,5.115748647416279,7.015865876153353,1.0,0.0,0.0,0.0,1.0,0.0
17,5,6.892615992997299,12.0,1.0,0.0,0.0,1.0,0.0,0.0
18,5,3.931783580824377,11.071440708147092,0.0,0.0,0.0,0.0,0.0,0.0
19,5,5.149448475431411,9.970443153433576,0.0,0.0,1.0,1.0,0.0,0.0
20,5,5.881460983128276,6.892884501599973,0.0,0.0,0.0,0.0,0.0,0.0
21,5,1.997604148698335,9.117553671149132,0.0,0.0,0.0,0.0,1.0,1.0
22,5,6.9069449986607205,5.998823751430245,0.0,0.0,0.0,0.0,0.0,0.0
23,5,12.0,5.979475940948497,0.0,1.0,1.0,1.0,0.0,1.0
24,5,2.9922207082921406,12.0,1.0,1.0,1.0,1.0,0.0,0.0
25,5,8.003325779579693,8.901489949284185,0.0,1.0,0.0,0.0,1.0,1.0
26,5,1.0728937698401937,8.873693938281809,0.0,0.0,0.0,1.0,1.0,1.0
27,5,7.869373359538114,0.0,0.0,0.0,0.0,1.0,0.0,1.0
28,5,0.9764759380776136,6.125868617580025,0.0,0.0,0.0,0.0,0.0,0.0
29,5,11.020836509594604,9.885656809681434,1.0,0.0,0.0,0.0,0.0,0.0
30,5,8.071644516604893,4.066179054631467,1.0,1.0,0.0,0.0,1.0,1.0
31,5,9.971163020786642,3.883323452836121,1.0,1.0,1.0,1.0,0.0,0.0
32,5,6.938199374148456,2.057088426064384,0.0,0.0,0.0,1.0,0.0,0.0
33,5,8.944401387788984,3.043671324044896,0.0,1.0,0.0,0.0,0.0,0.0
34,5,8.939983554118067,8.12510492814127,0.0,1.0,0.0,0.0,1.0,0.0
35,5,4.104028300004061,12.0,1.0,0.0,0.0,0.0,1.0,0.0
36,5,4.911851512063839,1.8908140390889776,0.0,1.0,1.0,0.0,1.0,1.0
37,5,5.145272461150764,7.023135312576909,1.0,0.0,0.0,0.0,1.0,1.0
38,5,10.106480496780044,9.986646115989377,1.0,0.0,1.0,0.0,1.0,0.0
39,5,12.0,2.978393297252492,0.0,1.0,1.0,1.0,1.0,1.0
0,10,9.116448820707175,2.9866314014804813,0.0,1.0,0.0,1.0,0.0,1.0
1,10,5.203358480717927,3.8406413886557296,1.0,0.0,1.0,1.0,1.0,1.0
2,10,3.975004401037576,0.0884559392059875,0.0,0.0,0.0,0.0,0.0,0.0
3,10,2.8082138509892816,3.9596463826286055,0.0,0.0,1.0,0.0,0.0,0.0
4,10,9.924252483134277,5.02140527375262,0.0,0.0,1.0,0.0,1.0,0.0
5,10,12.0,4.942915743701815,1.0,1.0,0.0,0.0,0.0,0.0
6,10,3.919397622104024,10.783858638812545,1.0,0.0,1.0,0.0,1.0,1.0
7,10,12.0,3.0545824231386494,0.0,0.0,0.0,0.0,1.0,0.0
8,10,8.957734013367595,4.04083727695298,0.0,0.0,1.0,1.0,0.0,1.0
9,10,6.845863290256017,7.804206282783577,1.0,0.0,0.0,1.0,0.0,0.0
10,10,11.957466863637674,0.1245641279090469,0.0,1.0,1.0,0.0,0.0,0.0
11,10,8.109989497997727,6.948266924425009,0.0,0.0,0.0,0.0,1.0,1.0
12,10,0.1880334992893384,3.0087935515159843,0.0,0.0,0.0,0.0,0.0,0.0
13,10,0.0373721446772498,2.191450245250011,0.0,1.0,0.0,1.0,1.0,0.0
14,10,11.795336823580593,2.004176746827914,1.0,0.0,0.0,1.0,0.0,0.0
15,10,8.14424846816547,3.1402674117940905,0.0,0.0,0.0,0.0,1.0,0.0
16,10,5.1685561052559486,7.022185159384666,1.0,0.0,0.0,0.0,1.0,0.0
17,10,6.8553075958435485,12.0,1.0,0.0,0.0,1.0,0.0,0.0
18,10,3.890960662760493,11.11527609594886,0.0,0.0,0.0,0.0,0.0,0.0
19,10,5.218977892365694,9.9550238793713,0.0,0.0,1.0,1.0,0.0,0.0
20,10,5.826399975799023,6.846315467994282,0.0,0.0,0.0,0.0,0.0,0.0
21,10,1.99876617428487,9.14958098595675,0.0,0.0,0.0,0.0,1.0,1.0
22,10,6.8562644411308575,5.999059855925995,0.0,0.0,0.0,0.0,0.0,0.0
23,10,12.0,5.955907788996974,0.0,1.0,1.0,1.0,0.0,1.0
24,10,2.988228843647575,12.0,1.0,1.0,1.0,1.0,0.0,0.0
25,10,8.004208763672333,8.849013049546418,0.0,1.0,0.0,0.0,1.0,1.0
26,10,1.1116871369823305,8.805856286607659,0.0,0.0,0.0,1.0,1.0,1.0
27,10,7.778830188602356,0.0,0.0,0.0,0.0,1.0,0.0,1.0
28,10,0.9690208176019218,6.17039721385824,0.0,0.0,0.0,0.0,0.0,0.0
29,10,11.031688252651682,9.818734943325722,1.0,0.0,0.0,0.0,0.0,0.0
30,10,8.092100575971866,4.085237694497168,1.0,1.0,0.0,0.0,1.0,1.0
31,10,9.955889935161284,3.819362952516087,1.0,1.0,1.0,1.0,0.0,0.0
32,10,6.892565583744879,2.097857510669748,0.0,0.0,0.0,1.0,0.0,0.0
33,10,8.92668195442995,3.056244332947278,0.0,1.0,0.0,0.0,0.0,0.0
34,10,8.9057614158542,8.199540070807808,0.0,1.0,0.0,0.0,1.0,0.0
35,10,4.164703255396625,12.0,1.0,0.0,0.0,0.0,1.0,0.0
36,10,4.868117517758149,1.836793873644723,0.0,1.0,1.0,0.0,1.0,1.0
37,10,5.232846899838597,7.036877051198984,1.0,0.0,0.0,0.0,1.0,1.0
38,10,10.181296775890782,9.975273090629289,1.0,0.0,1.0,0.0,1.0,0.0
39,10,12.0,2.96566932128041,0.0,1.0,1.0,1.0,1.0,1.0
0,15,9.164160499138566,2.981405939586051,0.0,1.0,0.0,1.0,0.0,1.0
1,15,5.285038695736279,3.7784273638821273,1.0,0.0,1.0,1.0,1.0,1.0
2,15,3.972081753517173,0.0980866345028245,0.0,0.0,0.0,0.0,0.0,0.0
3,15,2.7569570891157027,3.949290692977481,0.0,0.0,1.0,0.0,0.0,0.0
4,15,9.922612839576786,5.02190194952088,0.0,0.0,1.0,0.0,1.0,0.0
5,15,12.0,4.928130135379235,1.0,1.0,0.0,0.0,0.0,0.0
6,15,3.8857997858008,10.700954837704344,1.0,0.0,1.0,0.0,1.0,1.0
7,15,12.0,3.074653601437193,0.0,0.0,0.0,0.0,1.0,0.0
8,15,8.946045713662674,4.05181133455046,0.0,0.0,1.0,1.0,0.0,1.0
9,15,6.798235503733272,7.7426313233234545,1.0,0.0,0.0,1.0,0.0,0.0
10,15,11.94883946136085,0.1485593522307334,0.0,1.0,1.0,0.0,0.0,0.0
11,15,8.130546293294271,6.938403662831019,0.0,0.0,0.0,0.0,1.0,1.0
12,15,0.2702844047179982,3.012510183271069,0.0,0.0,0.0,0.0,0.0,0.0
13,15,0.0478569555676253,2.2459681499254,0.0,1.0,0.0,1.0,1.0,0.0
14,15,11.720737048461231,2.0037903245101534,1.0,0.0,0.0,1.0,0.0,0.0
15,15,8.184756469871129,3.180874591248624,0.0,0.0,0.0,0.0,1.0,0.0
16,15,5.222646822504719,7.027434050254628,1.0,0.0,0.0,0.0,1.0,0.0
17,15,6.818946677152972,12.0,1.0,0.0,0.0,1.0,0.0,0.0
18,15,3.845439778855352,11.164591685858884,0.0,0.0,0.0,0.0,0.0,0.0
19,15,5.297688135298882,9.937253790163847,0.0,0.0,1.0,1.0,0.0,0.0
20,15,5.781017937749399,6.809571037522756,0.0,0.0,0.0,0.0,0.0,0.0
21,15,2.0000276245235256,9.179983021013108,0.0,0.0,0.0,0.0,1.0,1.0
22,15,6.799078906161673,5.99897421779956,0.0,0.0,0.0,0.0,0.0,0.0
23,15,12.0,5.932304053852723,0.0,1.0,1.0,1.0,0.0,1.0
24,15,2.984977654909114,12.0,1.0,1.0,1.0,1.0,0.0,0.0
25,15,8.004830411491783,8.810691835808766,0.0,1.0,0.0,0.0,1.0,1.0
26,15,1.1514764411033436,8.731724704421667,0.0,0.0,0.0,1.0,1.0,1.0
27,15,7.693917738437996,0.0,0.0,0.0,0.0,1.0,0.0,1.0
28,15,0.9600614950723044,6.217328112623484,0.0,0.0,0.0,0.0,0.0,0.0
29,15,11.039135467249778,9.775473055006769,1.0,0.0,0.0,0.0,0.0,0.0
30,15,8.118785635705015,4.110260121780232,1.0,1.0,0.0,0.0,1.0,1.0
31,15,9.937737082658783,3.7411341062620633,1.0,1.0,1.0,1.0,0.0,0.0
32,15,6.84069200408568,2.143728693467095,0.0,0.0,0.0,1.0,0.0,0.0
33,15,8.896434286018417,3.077142968163968,0.0,1.0,0.0,0.0,0.0,0.0
34,15,8.8821487304859,8.251926586135754,0.0,1.0,0.0,0.0,1.0,0.0
35,15,4.225955503521523,12.0,1.0,0.0,0.0,0.0,1.0,0.0
36,15,4.8214163741158975,1.875279842786826,0.0,1.0,1.0,0.0,1.0,1.0
37,15,5.341534630692967,7.048567922202095,1.0,0.0,0.0,0.0,1.0,1.0
38,15,10.236162506702732,9.970130362246536,1.0,0.0,1.0,0.0,1.0,0.0
39,15,12.0,2.950322894993703,0.0,1.0,1.0,1.0,1.0,1.0
0,20,9.216164600641356,2.9743760881356254,0.0,1.0,0.0,1.0,0.0,1.0
1,20,5.3711973809215445,3.715110894731386,1.0,0.0,1.0,1.0,1.0,1.0
2,20,3.96814672164024,0.1106574039649025,0.0,0.0,0.0,0.0,0.0,0.0
3,20,2.71276909330591,3.9411080843939295,0.0,0.0,1.0,0.0,0.0,0.0
4,20,9.902492880142557,5.0272795848052665,0.0,0.0,1.0,0.0,1.0,0.0
5,20,12.0,4.907760258069931,1.0,1.0,0.0,0.0,0.0,0.0
6,20,3.8502699075894817,10.611734863464996,1.0,0.0,1.0,0.0,1.0,1.0
7,20,12.0,3.098630828690793,0.0,0.0,0.0,0.0,1.0,0.0
8,20,8.91800676109634,4.076919629313548,0.0,0.0,1.0,1.0,0.0,1.0
9,20,6.739314431407218,7.665172832904913,1.0,0.0,0.0,1.0,0.0,0.0
10,20,11.942435053695258,0.166265118319257,0.0,1.0,1.0,0.0,0.0,0.0
11,20,8.158393051297239,6.92510034215842,0.0,0.0,0.0,0.0,1.0,1.0
12,20,0.3617979137056625,3.017733998730696,0.0,0.0,0.0,0.0,0.0,0.0
13,20,0.0541572712702906,2.2799217539692798,0.0,1.0,0.0,1.0,1.0,0.0
14,20,11.640339396111768,2.003569290581655,1.0,0.0,0.0,1.0,0.0,0.0
15,20,8.216451691642076,3.211579824365755,0.0,0.0,0.0,0.0,1.0,0.0
16,20,5.277382399410983,7.033207434741896,1.0,0.0,0.0,0.0,1.0,0.0
17,20,6.772328823003708,12.0,1.0,0.0,0.0,1.0,0.0,0.0
18,20,3.8116162323865073,11.201662257439803,0.0,0.0,0.0,0.0,0.0,0.0
19,20,5.321488880815426,9.93153492971409,0.0,0.0,1.0,1.0,0.0,0.0
20,20,5.737068609389638,6.773624639435711,0.0,0.0,0.0,0.0,0.0,0.0
21,20,2.001045971018632,9.209269963110431,0.0,0.0,0.0,0.0,1.0,1.0
22,20,6.753563799770527,6.000509763709707,0.0,0.0,0.0,0.0,0.0,0.0
23,20,12.0,5.91996925051631,0.0,1.0,1.0,1.0,0.0,1.0
24,20,2.983023570452854,12.0,1.0,1.0,1.0,1.0,0.0,0.0
25,20,8.005465760435735,8.779959141938118,0.0,1.0,0.0,0.0,1.0,1.0
26,20,1.1931614968098252,8.652908645968312,0.0,0.0,0.0,1.0,1.0,1.0
27,20,7.609386232978267,0.0,0.0,0.0,0.0,1.0,0.0,1.0
28,20,0.9515072710908898,6.261804200684772,0.0,0.0,0.0,0.0,0.0,0.0
29,20,11.048714892427135,9.718284072238498,1.0,0.0,0.0,0.0,0.0,0.0
30,20,8.140824052042795,4.132566947455681,1.0,1.0,0.0,0.0,1.0,1.0
31,20,9.923327094627224,3.682877015274866,1.0,1.0,1.0,1.0,0.0,0.0
32,20,6.785660733054809,2.1913025687888146,0.0,0.0,0.0,1.0,0.0,0.0
33,20,8.875902874958474,3.0925431465707267,0.0,1.0,0.0,0.0,0.0,0.0
34,20,8.87047932375337,8.278790902533197,0.0,1.0,0.0,0.0,1.0,0.0
35,20,4.292397144929466,12.0,1.0,0.0,0.0,0.0,1.0,0.0
36,20,4.774221909030013,1.9154011954460344,0.0,1.0,1.0,0.0,1.0,1.0
37,20,5.452339813567981,7.062241136307724,1.0,0.0,0.0,0.0,1.0,1.0
38,20,10.315908919022116,9.964261573802036,1.0,0.0,1.0,0.0,1.0,0.0
39,20,12.0,2.9338863699694926,0.0,1.0,1.0,1.0,1.0,1.0
0,25,9.26949497704855,2.9679648726002523,0.0,1.0,0.0,1.0,0.0,1.0
1,25,5.461973290115663,3.647732687846904,1.0,0.0,1.0,1.0,1.0,1.0
2,25,3.971656517738118,0.0995497942747434,0.0,0.0,0.0,0.0,0.0,0.0
3,25,2.674079136710139,3.934568268996501,0.0,0.0,1.0,0.0,0.0,0.0
4,25,9.859932637458254,5.038235408833844,0.0,0.0,1.0,0.0,1.0,0.0
5,25,12.0,4.888459182406348,1.0,1.0,0.0,0.0,0.0,0.0
6,25,3.828613394070679,10.556045268386166,1.0,0.0,1.0,0.0,1.0,1.0
7,25,12.0,3.127505630456596,0.0,0.0,0.0,0.0,1.0,0.0
8,25,8.89674345095386,4.094582705414347,0.0,0.0,1.0,1.0,0.0,1.0
9,25,6.689736823237088,7.603498599504612,1.0,0.0,0.0,1.0,0.0,0.0
10,25,11.934793607228825,0.1884392122445597,0.0,1.0,1.0,0.0,0.0,0.0
11,25,8.20186139216636,6.903994520617669,0.0,0.0,0.0,0.0,1.0,1.0
12,25,0.4375270547119596,3.0224671141068145,0.0,0.0,0.0,0.0,0.0,0.0
13,25,0.057964755151617,2.3036084535654315,0.0,1.0,0.0,1.0,1.0,0.0
14,25,11.54376288273946,2.001340969712869,1.0,0.0,0.0,1.0,0.0,0.0
15,25,8.242983127925566,3.2358632516365797,0.0,0.0,0.0,0.0,1.0,0.0
16,25,5.314608574087125,7.037337507186267,1.0,0.0,0.0,0.0,1.0,0.0
17,25,6.737957934395987,12.0,1.0,0.0,0.0,1.0,0.0,0.0
18,25,3.7639437698460334,11.25537870604579,0.0,0.0,0.0,0.0,0.0,0.0
19,25,5.350814141132898,9.924123076241155,0.0,0.0,1.0,1.0,0.0,0.0
20,25,5.683966738205401,6.729643590167225,0.0,0.0,0.0,0.0,0.0,0.0
21,25,2.001654694906723,9.232650527349556,0.0,0.0,0.0,0.0,1.0,1.0
22,25,6.710620965956377,6.001354566540455,0.0,0.0,0.0,0.0,0.0,0.0
23,25,12.0,5.909260003551614,0.0,1.0,1.0,1.0,0.0,1.0
24,25,2.979901961189,12.0,1.0,1.0,1.0,1.0,0.0,0.0
25,25,8.006551308750502,8.740787615708388,0.0,1.0,0.0,0.0,1.0,1.0
26,25,1.2414548409196628,8.566450492076873,0.0,0.0,0.0,1.0,1.0,1.0
27,25,7.543732924816196,0.0,0.0,0.0,0.0,1.0,0.0,1.0
28,25,0.9447192756023816,6.293907443007689,0.0,0.0,0.0,0.0,0.0,0.0
29,25,11.058492108947608,9.659046125482885,1.0,0.0,0.0,0.0,0.0,0.0
30,25,8.154451177761388,4.14696517286184,1.0,1.0,0.0,0.0,1.0,1.0
31,25,9.906692390009647,3.619709858694444,1.0,1.0,1.0,1.0,0.0,0.0
32,25,6.729143085856799,2.242065141196216,0.0,0.0,0.0,1.0,0.0,0.0
33,25,8.853614514857338,3.109495957541238,0.0,1.0,0.0,0.0,0.0,0.0
34,25,8.860873678504221,8.30130105541803,0.0,1.0,0.0,0.0,1.0,0.0
35,25,4.34988715679754,12.0,1.0,0.0,0.0,0.0,1.0,0.0
36,25,4.720067157752971,1.962021232076539,0.0,1.0,1.0,0.0,1.0,1.0
37,25,5.583635616931492,7.079982996979631,1.0,0.0,0.0,0.0,1.0,1.0
38,25,10.390668245385209,9.958906281407089,1.0,0.0,1.0,0.0,1.0,0.0
39,25,12.0,2.916470186267977,0.0,1.0,1.0,1.0,1.0,1.0
0,30,9.295624880860744,2.9643273948764746,0.0,1.0,0.0,1.0,0.0,1.0
1,30,5.556759646747995,3.575731740630213,1.0,0.0,1.0,1.0,1.0,1.0
2,30,3.9777836686701495,0.077776343387726,0.0,0.0,0.0,0.0,0.0,0.0
3,30,2.6502898839691422,3.929822269026024,0.0,0.0,1.0,0.0,0.0,0.0
4,30,9.82717251187614,5.045487585144704,0.0,0.0,1.0,0.0,1.0,0.0
5,30,12.0,4.875081886887854,1.0,1.0,0.0,0.0,0.0,0.0
6,30,3.809339513498197,10.503060723232773,1.0,0.0,1.0,0.0,1.0,1.0
7,30,12.0,3.1500380120594493,0.0,0.0,0.0,0.0,1.0,0.0
8,30,8.878529598115447,4.110597697217641,0.0,0.0,1.0,1.0,0.0,1.0
9,30,6.634922634674101,7.536887486248707,1.0,0.0,0.0,1.0,0.0,0.0
10,30,11.934254328398124,0.1900474715670875,0.0,1.0,1.0,0.0,0.0,0.0
11,30,8.251514976291787,6.879841222466888,0.0,0.0,0.0,0.0,1.0,1.0
12,30,0.5217985636555836,3.02891309405794,0.0,0.0,0.0,0.0,0.0,0.0
13,30,0.0617011066070179,2.325597337326484,0.0,1.0,0.0,1.0,1.0,0.0
14,30,11.458870535853556,1.9992688971768453,1.0,0.0,0.0,1.0,0.0,0.0
15,30,8.288244455343301,3.27840199553178,0.0,0.0,0.0,0.0,1.0,0.0
16,30,5.362096776443467,7.044118375599704,1.0,0.0,0.0,0.0,1.0,0.0
17,30,6.713209583456017,12.0,1.0,0.0,0.0,1.0,0.0,0.0
18,30,3.7062679562149,11.317518671514286,0.0,0.0,0.0,0.0,0.0,0.0
19,30,5.381418161507862,9.915597352926255,0.0,0.0,1.0,1.0,0.0,0.0
20,30,5.610076220978015,6.668971524454011,0.0,0.0,0.0,0.0,0.0,0.0
21,30,2.001691549070067,9.234937196761278,0.0,0.0,0.0,0.0,1.0,1.0
22,30,6.643143403110424,6.004441360734655,0.0,0.0,0.0,0.0,0.0,0.0
23,30,11.995742446337886,5.9135435637357,0.0,1.0,1.0,1.0,0.0,1.0
24,30,2.975174123565631,12.0,1.0,1.0,1.0,1.0,0.0,0.0
25,30,8.00659183291504,8.703525634718867,0.0,1.0,0.0,0.0,1.0,1.0
26,30,1.2914651324336706,8.474651836893148,0.0,0.0,0.0,1.0,1.0,1.0
27,30,7.472053240327396,0.0,0.0,0.0,0.0,1.0,0.0,1.0
28,30,0.9341075602091912,6.338857413157699,0.0,0.0,0.0,0.0,0.0,0.0
29,30,11.067866064658327,9.60357555193918,1.0,0.0,0.0,0.0,0.0,0.0
30,30,8.143077536164745,4.134068797263581,1.0,1.0,0.0,0.0,1.0,1.0
31,30,9.895729322483566,3.577104327692695,1.0,1.0,1.0,1.0,0.0,0.0
32,30,6.664132709208118,2.30180090041971,0.0,0.0,0.0,1.0,0.0,0.0
33,30,8.825903390189069,3.130958340713463,0.0,1.0,0.0,0.0,0.0,0.0
34,30,8.858783140328896,8.306657455849171,0.0,1.0,0.0,0.0,1.0,0.0
35,30,4.396724149187026,12.0,1.0,0.0,0.0,0.0,1.0,0.0
36,30,4.666144349029753,2.006503482208929,0.0,1.0,1.0,0.0,1.0,1.0
37,30,5.695125286722804,7.09310377526088,1.0,0.0,0.0,0.0,1.0,1.0
38,30,10.466221751969456,9.953082590023657,1.0,0.0,1.0,0.0,1.0,0.0
39,30,12.0,2.9019780813961717,0.0,1.0,1.0,1.0,1.0,1.0
0,35,9.336752764830884,2.9578815228120128,0.0,1.0,0.0,1.0,0.0,1.0
1,35,5.643937041984586,3.509409492223988,1.0,0.0,1.0,1.0,1.0,1.0
2,35,3.9801425653141216,0.069447371902191,0.0,0.0,0.0,0.0,0.0,0.0
3,35,2.619950644553415,3.923024130461796,0.0,0.0,1.0,0.0,0.0,0.0
4,35,9.80912827245078,5.049466718913587,0.0,0.0,1.0,0.0,1.0,0.0
5,35,12.0,4.862575678315246,1.0,1.0,0.0,0.0,0.0,0.0
6,35,3.7907454413091015,10.45034204993799,1.0,0.0,1.0,0.0,1.0,1.0
7,35,12.0,3.173628151399392,0.0,0.0,0.0,0.0,1.0,0.0
8,35,8.852358010527475,4.133924891780442,0.0,0.0,1.0,1.0,0.0,1.0
9,35,6.58051503105839,7.47061890866492,1.0,0.0,0.0,1.0,0.0,0.0
10,35,11.931771758723617,0.1973646514736909,0.0,1.0,1.0,0.0,0.0,0.0
11,35,8.304126757193805,6.853960248116348,0.0,0.0,0.0,0.0,1.0,1.0
12,35,0.6214692666374103,3.035909894383978,0.0,0.0,0.0,0.0,0.0,0.0
13,35,0.0638992859584556,2.3384342449661064,0.0,1.0,0.0,1.0,1.0,0.0
14,35,11.36494046730061,1.9986727862414828,1.0,0.0,0.0,1.0,0.0,0.0
15,35,8.34241483390282,3.331418430714563,0.0,0.0,0.0,0.0,1.0,0.0
16,35,5.389598452219374,7.047555510430457,1.0,0.0,0.0,0.0,1.0,0.0
17,35,6.687510220633106,12.0,1.0,0.0,0.0,1.0,0.0,0.0
18,35,3.6481378586370905,11.379596084105785,0.0,0.0,0.0,0.0,0.0,0.0
19,35,5.401237147106256,9.909584754155231,0.0,0.0,1.0,1.0,0.0,0.0
20,35,5.530960742903089,6.606454292428169,0.0,0.0,0.0,0.0,0.0,0.0
21,35,2.0019098622975067,9.241228278928077,0.0,0.0,0.0,0.0,1.0,1.0
22,35,6.571385460248963,6.008923688012165,0.0,0.0,0.0,0.0,0.0,0.0
23,35,11.970207440091611,5.9404022217349,0.0,1.0,1.0,1.0,0.0,1.0
24,35,2.9706399991186907,12.0,1.0,1.0,1.0,1.0,0.0,0.0
25,35,8.007274057908736,8.668361575235961,0.0,1.0,0.0,0.0,1.0,1.0
26,35,1.3452906463027594,8.374208521543876,0.0,0.0,0.0,1.0,1.0,1.0
27,35,7.403696995304308,0.0,0.0,0.0,0.0,1.0,0.0,1.0
28,35,0.9225836267839024,6.387456181453774,0.0,0.0,0.0,0.0,0.0,0.0
29,35,11.076982271236773,9.556687827053413,1.0,0.0,0.0,0.0,0.0,0.0
30,35,8.132186281740761,4.121639527489341,1.0,1.0,0.0,0.0,1.0,1.0
31,35,9.885519017949402,3.533158452575744,1.0,1.0,1.0,1.0,0.0,0.0
32,35,6.5852266614803945,2.3714190439611373,0.0,0.0,0.0,1.0,0.0,0.0
33,35,8.805244832475253,3.1472194069101205,0.0,1.0,0.0,0.0,0.0,0.0
34,35,8.851600758811047,8.32410487229311,0.0,1.0,0.0,0.0,1.0,0.0
35,35,4.451521226478012,12.0,1.0,0.0,0.0,0.0,1.0,0.0
36,35,4.611579350112788,2.0537721626805334,0.0,1.0,1.0,0.0,1.0,1.0
37,35,5.812179358889363,7.1048111139825885,1.0,0.0,0.0,0.0,1.0,1.0
38,35,10.509312397797409,9.949466553275215,1.0,0.0,1.0,0.0,1.0,0.0
39,35,12.0,2.8877119555510657,0.0,1.0,1.0,1.0,1.0,1.0
0,40,9.3862822938331,2.9504445319154184,0.0,1.0,0.0,1.0,0.0,1.0
1,40,5.725007926818614,3.4441210597677427,1.0,0.0,1.0,1.0,1.0,1.0
2,40,3.980519809715948,0.0681545262911101,0.0,0.0,0.0,0.0,0.0,0.0
3,40,2.5634869638193734,3.9115365668610313,0.0,0.0,1.0,0.0,0.0,0.0
4,40,9.795399613303712,5.052641412217629,0.0,0.0,1.0,0.0,1.0,0.0
5,40,12.0,4.844614845310322,1.0,1.0,0.0,0.0,0.0,0.0
6,40,3.771658272432444,10.39983422090839,1.0,0.0,1.0,0.0,1.0,1.0
7,40,12.0,3.203441425294721,0.0,0.0,0.0,0.0,1.0,0.0
8,40,8.83350640190789,4.151347989372392,0.0,0.0,1.0,1.0,0.0,1.0
9,40,6.532641968313183,7.408394577577413,1.0,0.0,0.0,1.0,0.0,0.0
10,40,11.925280747726475,0.2156574481627957,0.0,1.0,1.0,0.0,0.0,0.0
11,40,8.359445199793257,6.826227748218894,0.0,0.0,0.0,0.0,1.0,1.0
12,40,0.7099161786994062,3.038952260898516,0.0,0.0,0.0,0.0,0.0,0.0
13,40,0.064628639295485,2.342820147119734,0.0,1.0,0.0,1.0,1.0,0.0
14,40,11.263917946173216,1.999092566996573,1.0,0.0,0.0,1.0,0.0,0.0
15,40,8.398658855778356,3.384356610707719,0.0,0.0,0.0,0.0,1.0,0.0
16,40,5.439027555090769,7.051951858987179,1.0,0.0,0.0,0.0,1.0,0.0
17,40,6.663782574993634,12.0,1.0,0.0,0.0,1.0,0.0,0.0
18,40,3.605988269280186,11.42553537425626,0.0,0.0,0.0,0.0,0.0,0.0
19,40,5.418899030019473,9.904673931163815,0.0,0.0,1.0,1.0,0.0,0.0
20,40,5.46815704599184,6.557606661350556,0.0,0.0,0.0,0.0,0.0,0.0
21,40,2.0018572903952045,9.23613153314712,0.0,0.0,0.0,0.0,1.0,1.0
22,40,6.497038458385255,6.011478146362204,0.0,0.0,0.0,0.0,0.0,0.0
23,40,11.951073417048775,5.960609500346281,0.0,1.0,1.0,1.0,0.0,1.0
24,40,2.965739218236746,12.0,1.0,1.0,1.0,1.0,0.0,0.0
25,40,8.00730045267793,8.66596371605903,0.0,1.0,0.0,0.0,1.0,1.0
26,40,1.3860320700951008,8.302437478857268,0.0,0.0,0.0,1.0,1.0,1.0
27,40,7.33333776448265,0.0,0.0,0.0,0.0,1.0,0.0,1.0
28,40,0.9116464234808764,6.440087723807273,0.0,0.0,0.0,0.0,0.0,0.0
29,40,11.085428428737655,9.509857586256151,1.0,0.0,0.0,0.0,0.0,0.0
30,40,8.137037600388108,4.127219688943762,1.0,1.0,0.0,0.0,1.0,1.0
31,40,9.877879864576723,3.500719948601971,1.0,1.0,1.0,1.0,0.0,0.0
32,40,6.499684759859516,2.4414130407498025,0.0,0.0,0.0,1.0,0.0,0.0
33,40,8.764301464590076,3.181362404059678,0.0,1.0,0.0,0.0,0.0,0.0
34,40,8.845193456269655,8.338924727780382,0.0,1.0,0.0,0.0,1.0,0.0
35,40,4.504764775222959,12.0,1.0,0.0,0.0,0.0,1.0,0.0
36,40,4.578136462641146,2.083209699539544,0.0,1.0,1.0,0.0,1.0,1.0
37,40,5.948040837923581,7.1193891268799,1.0,0.0,0.0,0.0,1.0,1.0
38,40,10.577494677879292,9.943037605446182,1.0,0.0,1.0,0.0,1.0,0.0
39,40,12.0,2.869602691710085,0.0,1.0,1.0,1.0,1.0,1.0
0,45,9.42530323938569,2.9464763018384565,0.0,1.0,0.0,1.0,0.0,1.0
1,45,5.801570735749135,3.3794234085747856,1.0,0.0,1.0,1.0,1.0,1.0
2,45,3.980867514098946,0.0670263765267946,0.0,0.0,0.0,0.0,0.0,0.0
3,45,2.4913781492093614,3.898249527918586,0.0,0.0,1.0,0.0,0.0,0.0
4,45,9.75338898779648,5.062811604971158,0.0,0.0,1.0,0.0,1.0,0.0
5,45,12.0,4.821998131699611,1.0,1.0,0.0,0.0,0.0,0.0
6,45,3.7479922302405977,10.340991240227067,1.0,0.0,1.0,0.0,1.0,1.0
7,45,12.0,3.238189674337184,0.0,0.0,0.0,0.0,1.0,0.0
8,45,8.791573471809173,4.187987547102746,0.0,0.0,1.0,1.0,0.0,1.0
9,45,6.50333911564435,7.371052002226627,1.0,0.0,0.0,1.0,0.0,0.0
10,45,11.925436141354,0.2152104821123334,0.0,1.0,1.0,0.0,0.0,0.0
11,45,8.411493736900816,6.800686568665828,0.0,0.0,0.0,0.0,1.0,1.0
12,45,0.7948695807179822,3.038900219528851,0.0,0.0,0.0,0.0,0.0,0.0
13,45,0.0629389126732423,2.3320153434546778,0.0,1.0,0.0,1.0,1.0,0.0
14,45,11.16840011617166,1.9994253110779845,1.0,0.0,0.0,1.0,0.0,0.0
15,45,8.43939928555944,3.420881911196928,0.0,0.0,0.0,0.0,1.0,0.0
16,45,5.472863017800754,7.054577997435255,1.0,0.0,0.0,0.0,1.0,0.0
17,45,6.632273524808706,12.0,1.0,0.0,0.0,1.0,0.0,0.0
18,45,3.5497852921017383,11.482686805729289,0.0,0.0,0.0,0.0,0.0,0.0
19,45,5.434096575671165,9.900646532180518,0.0,0.0,1.0,1.0,0.0,0.0
20,45,5.387048195432725,6.495940936191494,0.0,0.0,0.0,0.0,0.0,0.0
21,45,2.001800238556969,9.232905609625146,0.0,0.0,0.0,0.0,1.0,1.0
22,45,6.444331067635388,6.012250510575979,0.0,0.0,0.0,0.0,0.0,0.0
23,45,11.921917290636443,5.991647381064433,0.0,1.0,1.0,1.0,0.0,1.0
24,45,2.9611935690054536,12.0,1.0,1.0,1.0,1.0,0.0,0.0
25,45,8.007352261009332,8.663177655728324,0.0,1.0,0.0,0.0,1.0,1.0
26,45,1.42520949727792,8.229596398733314,0.0,0.0,0.0,1.0,1.0,1.0
27,45,7.280173322933978,0.0,0.0,0.0,0.0,1.0,0.0,1.0
28,45,0.9046804172953558,6.470272242444109,0.0,0.0,0.0,0.0,0.0,0.0
29,45,11.09085222397989,9.481981355928347,1.0,0.0,0.0,0.0,0.0,0.0
30,45,8.14092254875363,4.131652769456643,1.0,1.0,0.0,0.0,1.0,1.0
31,45,9.87035022500696,3.462004481297107,1.0,1.0,1.0,1.0,0.0,0.0
32,45,6.412571301050123,2.5143017070115063,0.0,0.0,0.0,1.0,0.0,0.0
33,45,8.751206648359423,3.191444519003696,0.0,1.0,0.0,0.0,0.0,0.0
34,45,8.84594154028067,8.33722357408836,0.0,1.0,0.0,0.0,1.0,0.0
35,45,4.555909971292101,12.0,1.0,0.0,0.0,0.0,1.0,0.0
36,45,4.546362090993557,2.111012614649429,0.0,1.0,1.0,0.0,1.0,1.0
37,45,6.06013019686526,7.131424626659321,1.0,0.0,0.0,0.0,1.0,1.0
38,45,10.641983737155202,9.93782040845713,1.0,0.0,1.0,0.0,1.0,0.0
39,45,12.0,2.849745593397196,0.0,1.0,1.0,1.0,1.0,1.0
0,50,9.453684801867212,2.9430325169864315,0.0,1.0,0.0,1.0,0.0,1.0
1,50,5.883635185460824,3.31113939748723,1.0,0.0,1.0,1.0,1.0,1.0
2,50,3.974118058259696,0.0921743830824697,0.0,0.0,0.0,0.0,0.0,0.0
3,50,2.4371242817120846,3.888086848122625,0.0,0.0,1.0,0.0,0.0,0.0
4,50,9.729824053831608,5.0681414118687975,0.0,0.0,1.0,0.0,1.0,0.0
5,50,12.0,4.79089051238517,1.0,1.0,0.0,0.0,0.0,0.0
6,50,3.727087773522043,10.288318520272028,1.0,0.0,1.0,0.0,1.0,1.0
7,50,12.0,3.276820154819075,0.0,0.0,0.0,0.0,1.0,0.0
8,50,8.752041350603415,4.221649147417075,0.0,0.0,1.0,1.0,0.0,1.0
9,50,6.470385858981346,7.330523004603978,1.0,0.0,0.0,1.0,0.0,0.0
10,50,11.919906447700075,0.2303424015931644,0.0,1.0,1.0,0.0,0.0,0.0
11,50,8.476125336155173,6.768475802035065,0.0,0.0,0.0,0.0,1.0,1.0
12,50,0.8833251234757739,3.037205200500256,0.0,0.0,0.0,0.0,0.0,0.0
13,50,0.0638688597021708,2.337802207143665,0.0,1.0,0.0,1.0,1.0,0.0
14,50,11.075940011277764,2.001894522844774,1.0,0.0,0.0,1.0,0.0,0.0
15,50,8.477386872998524,3.455134273363804,0.0,0.0,0.0,0.0,1.0,0.0
16,50,5.478074465880536,7.054965189210158,1.0,0.0,0.0,0.0,1.0,0.0
17,50,6.597127660201708,12.0,1.0,0.0,0.0,1.0,0.0,0.0
18,50,3.491719820226073,11.54201389629995,0.0,0.0,0.0,0.0,0.0,0.0
19,50,5.443780467048472,9.89807302564025,0.0,0.0,1.0,1.0,0.0,0.0
20,50,5.296107432657309,6.427124372573664,0.0,0.0,0.0,0.0,0.0,0.0
21,50,2.0014363299936626,9.216236000041212,0.0,0.0,0.0,0.0,1.0,1.0
22,50,6.402128378814468,6.013436814127704,0.0,0.0,0.0,0.0,0.0,0.0
23,50,11.897111576908127,6.018951942616117,0.0,1.0,1.0,1.0,0.0,1.0
24,50,2.959099563571488,12.0,1.0,1.0,1.0,1.0,0.0,0.0
25,50,8.007357116898206,8.656039347360426,0.0,1.0,0.0,0.0,1.0,1.0
26,50,1.451888138600884,8.179680506883582,0.0,0.0,0.0,1.0,1.0,1.0
27,50,7.230294563017516,0.0,0.0,0.0,0.0,1.0,0.0,1.0
28,50,0.8930276566777012,6.515561920140861,0.0,0.0,0.0,0.0,0.0,0.0
29,50,11.098778443528332,9.44591359620132,1.0,0.0,0.0,0.0,0.0,0.0
30,50,8.15179099071648,4.14427163674752,1.0,1.0,0.0,0.0,1.0,1.0
31,50,9.85968652954883,3.4073187815298605,1.0,1.0,1.0,1.0,0.0,0.0
32,50,6.329405993243167,2.581770409225732,0.0,0.0,0.0,1.0,0.0,0.0
33,50,8.733243490323192,3.2053899447141374,0.0,1.0,0.0,0.0,0.0,0.0
34,50,8.846733446621066,8.335459502687014,0.0,1.0,0.0,0.0,1.0,0.0
35,50,4.613846049626006,12.0,1.0,0.0,0.0,0.0,1.0,0.0
36,50,4.500119837719932,2.147255682071657,0.0,1.0,1.0,0.0,1.0,1.0
37,50,6.18819395844909,7.14542205623335,1.0,0.0,0.0,0.0,1.0,1.0
38,50,10.713072669414093,9.93177118246264,1.0,0.0,1.0,0.0,1.0,0.0
39,50,12.0,2.832735299659724,0.0,1.0,1.0,1.0,1.0,1.0
0,55,9.476476236004771,2.94039544468918,0.0,1.0,0.0,1.0,0.0,1.0
1,55,5.971132789688245,3.241020826128902,1.0,0.0,1.0,1.0,1.0,1.0
2,55,3.965455134772746,0.1236123081875534,0.0,0.0,0.0,0.0,0.0,0.0
3,55,2.3843235578490414,3.8788641472660896,0.0,0.0,1.0,0.0,0.0,0.0
4,55,9.70729468122254,5.072926824993061,0.0,0.0,1.0,0.0,1.0,0.0
5,55,12.0,4.754510187725523,1.0,1.0,0.0,0.0,0.0,0.0
6,55,3.713341848001662,10.253171551541572,1.0,0.0,1.0,0.0,1.0,1.0
7,55,12.0,3.3084512469882297,0.0,0.0,0.0,0.0,1.0,0.0
8,55,8.704166594174902,4.260788392414137,0.0,0.0,1.0,1.0,0.0,1.0
9,55,6.435032844593122,7.287466855559918,1.0,0.0,0.0,1.0,0.0,0.0
10,55,11.91765219407439,0.2363605796960084,0.0,1.0,1.0,0.0,0.0,0.0
11,55,8.531769453793094,6.739237254027382,0.0,0.0,0.0,0.0,1.0,1.0
12,55,0.943531446348575,3.0359636572029056,0.0,0.0,0.0,0.0,0.0,0.0
13,55,0.0627395053135513,2.3295394463486137,0.0,1.0,0.0,1.0,1.0,0.0
14,55,11.020379221912188,2.0030269266500422,1.0,0.0,0.0,1.0,0.0,0.0
15,55,8.502878504939783,3.4771208336316155,0.0,0.0,0.0,0.0,1.0,0.0
16,55,5.464656858514068,7.054009625978448,1.0,0.0,0.0,0.0,1.0,0.0
17,55,6.563039625335417,12.0,1.0,0.0,0.0,1.0,0.0,0.0
18,55,3.4268428411689773,11.60820328587472,0.0,0.0,0.0,0.0,0.0,0.0
19,55,5.461628442306803,9.893082339790078,0.0,0.0,1.0,1.0,0.0,0.0
20,55,5.226792323511933,6.371109100955944,0.0,0.0,0.0,0.0,0.0,0.0
21,55,1.9845692200364895,9.216723358161657,0.0,0.0,0.0,0.0,1.0,1.0
22,55,6.370936667989664,6.014397566698799,0.0,0.0,0.0,0.0,0.0,0.0
23,55,11.86896717432812,6.049250067436374,0.0,1.0,1.0,1.0,0.0,1.0
24,55,2.9549991516326948,12.0,1.0,1.0,1.0,1.0,0.0,0.0
25,55,8.007470870321116,8.645912978346981,0.0,1.0,0.0,0.0,1.0,1.0
26,55,1.475109610159126,8.136790218143972,0.0,0.0,0.0,1.0,1.0,1.0
27,55,7.167749127048666,0.0,0.0,0.0,0.0,1.0,0.0,1.0
28,55,0.8806845658991549,6.565254986049655,0.0,0.0,0.0,0.0,0.0,0.0
29,55,11.10692674209896,9.412162088197066,1.0,0.0,0.0,0.0,0.0,0.0
30,55,8.128644487087355,4.118322250319909,1.0,1.0,0.0,0.0,1.0,1.0
31,55,9.849883396460664,3.348985298666525,1.0,1.0,1.0,1.0,0.0,0.0
32,55,6.264902308245516,2.6324509728429093,0.0,0.0,0.0,1.0,0.0,0.0
33,55,8.73282622417112,3.2057006869856752,0.0,1.0,0.0,0.0,0.0,0.0
34,55,8.846137772381088,8.336753761758626,0.0,1.0,0.0,0.0,1.0,0.0
35,55,4.676653342564843,12.0,1.0,0.0,0.0,0.0,1.0,0.0
36,55,4.449489005088677,2.1859239220878672,0.0,1.0,1.0,0.0,1.0,1.0
37,55,6.334217418328163,7.163343918567569,1.0,0.0,0.0,0.0,1.0,1.0
38,55,10.7864278326055,9.926885782293196,1.0,0.0,1.0,0.0,1.0,0.0
39,55,12.0,2.8129952006074515,0.0,1.0,1.0,1.0,1.0,1.0
0,60,9.503518273158509,2.937377232348885,0.0,1.0,0.0,1.0,0.0,1.0
1,60,6.048776448803223,3.178084768683467,1.0,0.0,1.0,1.0,1.0,1.0
2,60,3.9506854932279833,0.1772435365490147,0.0,0.0,0.0,0.0,0.0,0.0
3,60,2.336900815789328,3.8701879704315583,0.0,0.0,1.0,0.0,0.0,0.0
4,60,9.665619570703216,5.081911378530438,0.0,0.0,1.0,0.0,1.0,0.0
5,60,12.0,4.722004809068959,1.0,1.0,0.0,0.0,0.0,0.0
6,60,3.697499136038888,10.21488065284565,1.0,0.0,1.0,0.0,1.0,1.0
7,60,12.0,3.335286921655489,0.0,0.0,0.0,0.0,1.0,0.0
8,60,8.654823476392723,4.302631571318518,0.0,0.0,1.0,1.0,0.0,1.0
9,60,6.389229408373228,7.228659919742403,1.0,0.0,0.0,1.0,0.0,0.0
10,60,11.919694321451413,0.2303808127071165,0.0,1.0,1.0,0.0,0.0,0.0
11,60,8.604486753733598,6.700060120885114,0.0,0.0,0.0,0.0,1.0,1.0
12,60,0.9831750714103216,3.0354810039747853,0.0,0.0,0.0,0.0,0.0,0.0
13,60,0.0610991134031935,2.3164725369846706,0.0,1.0,0.0,1.0,1.0,0.0
14,60,10.967985198852114,2.002908814769952,1.0,0.0,0.0,1.0,0.0,0.0
15,60,8.519991130958555,3.4910986865074025,0.0,0.0,0.0,0.0,1.0,0.0
16,60,5.467531520806375,7.054198571402151,1.0,0.0,0.0,0.0,1.0,0.0
17,60,6.542721843934088,12.0,1.0,0.0,0.0,1.0,0.0,0.0
18,60,3.3671960155292293,11.66818217575402,0.0,0.0,0.0,0.0,0.0,0.0
19,60,5.478241649171992,9.888704049840014,0.0,0.0,1.0,1.0,0.0,0.0
20,60,5.162398171974239,6.317451581733304,0.0,0.0,0.0,0.0,0.0,0.0
21,60,1.963204422474048,9.217139142650112,0.0,0.0,0.0,0.0,1.0,1.0
22,60,6.366730086923875,6.014581710519963,0.0,0.0,0.0,0.0,0.0,0.0
23,60,11.85166642100206,6.066926293914144,0.0,1.0,1.0,1.0,0.0,1.0
24,60,2.949435996481646,12.0,1.0,1.0,1.0,1.0,0.0,0.0
25,60,8.007540017199151,8.642871934884836,0.0,1.0,0.0,0.0,1.0,1.0
26,60,1.5035483824660456,8.085111647720469,0.0,0.0,0.0,1.0,1.0,1.0
27,60,7.107035172927968,0.0,0.0,0.0,0.0,1.0,0.0,1.0
28,60,0.8751971458789677,6.58735957523829,0.0,0.0,0.0,0.0,0.0,0.0
29,60,11.115971958927789,9.376943064063148,1.0,0.0,0.0,0.0,0.0,0.0
30,60,8.091113558117602,4.076565411686577,1.0,1.0,0.0,0.0,1.0,1.0
31,60,9.836404713698489,3.2628464886971087,1.0,1.0,1.0,1.0,0.0,0.0
32,60,6.20670597098236,2.6790781714232144,0.0,0.0,0.0,1.0,0.0,0.0
33,60,8.730707519955649,3.207396068071714,0.0,1.0,0.0,0.0,0.0,0.0
34,60,8.844236400000973,8.340809063539249,0.0,1.0,0.0,0.0,1.0,0.0
35,60,4.743749820801936,12.0,1.0,0.0,0.0,0.0,1.0,0.0
36,60,4.405723893518573,2.221276715494548,0.0,1.0,1.0,0.0,1.0,1.0
37,60,6.4811330776609966,7.177643217452428,1.0,0.0,0.0,0.0,1.0,1.0
38,60,10.85132674000983,9.921815443721345,1.0,0.0,1.0,0.0,1.0,0.0
39,60,12.0,2.7984758933835545,0.0,1.0,1.0,1.0,1.0,1.0
0,65,9.507141431293327,2.9654480996914234,0.0,1.0,0.0,1.0,0.0,1.0
1,65,6.113491443296719,3.1234636982573702,1.0,0.0,1.0,1.0,1.0,1.0
2,65,3.941029088084578,0.2120762371294797,0.0,0.0,0.0,0.0,0.0,0.0
3,65,2.2767295738391558,3.858939545688144,0.0,0.0,1.0,0.0,0.0,0.0
4,65,9.62965214976831,5.089878387061362,0.0,0.0,1.0,0.0,1.0,0.0
5,65,12.0,4.68629472080746,1.0,1.0,0.0,0.0,0.0,0.0
6,65,3.688656659059435,10.194040658988802,1.0,0.0,1.0,0.0,1.0,1.0
7,65,12.0,3.3648471987688344,0.0,0.0,0.0,0.0,1.0,0.0
8,65,8.59575145398391,4.351060166864445,0.0,0.0,1.0,1.0,0.0,1.0
9,65,6.337042985581003,7.160746458963507,1.0,0.0,0.0,1.0,0.0,0.0
10,65,11.917111527184584,0.2379331574533368,0.0,1.0,1.0,0.0,0.0,0.0
11,65,8.674062696022295,6.66251719436561,0.0,0.0,0.0,0.0,1.0,1.0
12,65,1.016274610138472,3.0347444913909905,0.0,0.0,0.0,0.0,0.0,0.0
13,65,0.0600873683213802,2.304308679131885,0.0,1.0,0.0,1.0,1.0,0.0
14,65,10.90786723908881,2.002864065450762,1.0,0.0,0.0,1.0,0.0,0.0
15,65,8.539641216587302,3.506463085033623,0.0,0.0,0.0,0.0,1.0,0.0
16,65,5.453029904684833,7.053470955791644,1.0,0.0,0.0,0.0,1.0,0.0
17,65,6.519862384901263,12.0,1.0,0.0,0.0,1.0,0.0,0.0
18,65,3.3123383512636924,11.722755285639208,0.0,0.0,0.0,0.0,0.0,0.0
19,65,5.5184902829494895,9.876783378826389,0.0,0.0,1.0,1.0,0.0,0.0
20,65,5.107854587607236,6.2706269613115895,0.0,0.0,0.0,0.0,0.0,0.0
21,65,1.9430699636640676,9.21789673149167,0.0,0.0,0.0,0.0,1.0,1.0
22,65,6.375689118620011,6.014189054278948,0.0,0.0,0.0,0.0,0.0,0.0
23,65,11.83861018222941,6.080555498046063,0.0,1.0,1.0,1.0,0.0,1.0
24,65,2.943142216807631,12.0,1.0,1.0,1.0,1.0,0.0,0.0
25,65,8.008311384032702,8.619565747485185,0.0,1.0,0.0,0.0,1.0,1.0
26,65,1.522456089149118,8.050266300883177,0.0,0.0,0.0,1.0,1.0,1.0
27,65,7.054876938037068,0.0,0.0,0.0,0.0,1.0,0.0,1.0
28,65,0.8688419223083653,6.614614734843519,0.0,0.0,0.0,0.0,0.0,0.0
29,65,11.121700916852149,9.356948413520984,1.0,0.0,0.0,0.0,0.0,0.0
30,65,8.048368522243612,4.029276351950415,1.0,1.0,0.0,0.0,1.0,1.0
31,65,9.819402359004812,3.1521163470459364,1.0,1.0,1.0,1.0,0.0,0.0
32,65,6.135474033863842,2.734191513880579,0.0,0.0,0.0,1.0,0.0,0.0
33,65,8.732818966379211,3.205715209972691,0.0,1.0,0.0,0.0,0.0,0.0
34,65,8.837287582106963,8.35526260992933,0.0,1.0,0.0,0.0,1.0,0.0
35,65,4.816555473456386,12.0,1.0,0.0,0.0,0.0,1.0,0.0
36,65,4.358630904631956,2.257751652332798,0.0,1.0,1.0,0.0,1.0,1.0
37,65,6.629615861222209,7.192341154646412,1.0,0.0,0.0,0.0,1.0,1.0
38,65,10.906900259197368,9.916971402731798,1.0,0.0,1.0,0.0,1.0,0.0
39,65,12.0,2.785817233342876,0.0,1.0,1.0,1.0,1.0,1.0
0,70,9.510133701701278,2.989062358494852,0.0,1.0,0.0,1.0,0.0,1.0
1,70,6.183738046198135,3.0642510823118063,1.0,0.0,1.0,1.0,1.0,1.0
2,70,3.92646911586112,0.2664690201174154,0.0,0.0,0.0,0.0,0.0,0.0
3,70,2.2088935552349604,3.846805702964729,0.0,0.0,1.0,0.0,0.0,0.0
4,70,9.62231082494366,5.091479101643039,0.0,0.0,1.0,0.0,1.0,0.0
5,70,12.0,4.634488474300182,1.0,1.0,0.0,0.0,0.0,0.0
6,70,3.67408894281506,10.15733394947495,1.0,0.0,1.0,0.0,1.0,1.0
7,70,12.0,3.395013048544146,0.0,0.0,0.0,0.0,1.0,0.0
8,70,8.562459028883165,4.38067696251114,0.0,0.0,1.0,1.0,0.0,1.0
9,70,6.285200052189039,7.09531948082553,1.0,0.0,0.0,1.0,0.0,0.0
10,70,11.913375314289947,0.2485302957309247,0.0,1.0,1.0,0.0,0.0,0.0
11,70,8.755517902992384,6.619628334618404,0.0,0.0,0.0,0.0,1.0,1.0
12,70,1.0173165987497952,3.0812659362131027,0.0,0.0,0.0,0.0,0.0,0.0
13,70,0.059290203329991,2.297086779289778,0.0,1.0,0.0,1.0,1.0,0.0
14,70,10.83259049114345,2.001680541606157,1.0,0.0,0.0,1.0,0.0,0.0
15,70,8.560195994413608,3.523081216261537,0.0,0.0,0.0,0.0,1.0,0.0
16,70,5.437283225246859,7.053785442365361,1.0,0.0,0.0,0.0,1.0,0.0
17,70,6.488168795114237,12.0,1.0,0.0,0.0,1.0,0.0,0.0
18,70,3.265659797261228,11.769539414397476,0.0,0.0,0.0,0.0,0.0,0.0
19,70,5.539094556329792,9.870616836750244,0.0,0.0,1.0,1.0,0.0,0.0
20,70,5.04795554682669,6.218825763936151,0.0,0.0,0.0,0.0,0.0,0.0
21,70,1.9268135019664172,9.218277055915118,0.0,0.0,0.0,0.0,1.0,1.0
22,70,6.390627157533147,6.013439591161669,0.0,0.0,0.0,0.0,0.0,0.0
23,70,11.845658519530646,6.073255547890484,0.0,1.0,1.0,1.0,0.0,1.0
24,70,2.936039468674404,12.0,1.0,1.0,1.0,1.0,0.0,0.0
25,70,8.009986634466124,8.598181306807293,0.0,1.0,0.0,0.0,1.0,1.0
26,70,1.538604504862213,8.020426760327291,0.0,0.0,0.0,1.0,1.0,1.0
27,70,6.990540988668712,0.0,0.0,0.0,0.0,1.0,0.0,1.0
28,70,0.86356378426396,6.636444509821809,0.0,0.0,0.0,0.0,0.0,0.0
29,70,11.123678414844992,9.34979058683707,1.0,0.0,0.0,0.0,0.0,0.0
30,70,8.008048087305143,3.985057425926672,1.0,1.0,0.0,0.0,1.0,1.0
31,70,9.800915451535436,3.031049591703775,1.0,1.0,1.0,1.0,0.0,0.0
32,70,6.048875525584674,2.795594005816708,0.0,0.0,0.0,1.0,0.0,0.0
33,70,8.732416717034102,3.2060507253018944,0.0,1.0,0.0,0.0,0.0,0.0
34,70,8.823423495719066,8.382829071575543,0.0,1.0,0.0,0.0,1.0,0.0
35,70,4.899394728588308,12.0,1.0,0.0,0.0,0.0,1.0,0.0
36,70,4.322213349113641,2.285923116457823,0.0,1.0,1.0,0.0,1.0,1.0
37,70,6.788690287373004,7.203848584598144,1.0,0.0,0.0,0.0,1.0,1.0
38,70,10.961745342000698,9.912525433566756,1.0,0.0,1.0,0.0,1.0,0.0
39,70,12.0,2.770238486811736,0.0,1.0,1.0,1.0,1.0,1.0
0,75,9.515985480607217,3.0304999946236912,0.0,1.0,0.0,1.0,0.0,1.0
1,75,6.268625630529572,2.99411789073833,1.0,0.0,1.0,1.0,1.0,1.0
2,75,3.91239812847373,0.3225476638348384,0.0,0.0,0.0,0.0,0.0,0.0
3,75,2.11320285281275,3.832658381777668,0.0,0.0,1.0,0.0,0.0,0.0
4,75,9.641486387341846,5.087455084461491,0.0,0.0,1.0,0.0,1.0,0.0
5,75,12.0,4.593311399528804,1.0,1.0,0.0,0.0,0.0,0.0
6,75,3.65885155707457,10.163262577306968,1.0,0.0,1.0,0.0,1.0,1.0
7,75,12.0,3.4295138178031013,0.0,0.0,0.0,0.0,1.0,0.0
8,75,8.54790629024446,4.393655464027672,0.0,0.0,1.0,1.0,0.0,1.0
9,75,6.215476994451953,7.00692898178639,1.0,0.0,0.0,1.0,0.0,0.0
10,75,11.910925687770472,0.2560322338928686,0.0,1.0,1.0,0.0,0.0,0.0
11,75,8.84126365149083,6.578207841472535,0.0,0.0,0.0,0.0,1.0,1.0
12,75,1.0183859871730752,3.139117260234133,0.0,0.0,0.0,0.0,0.0,0.0
13,75,0.0582329369828758,2.287850199074897,0.0,1.0,0.0,1.0,1.0,0.0
14,75,10.754729626261954,2.001002161386153,1.0,0.0,0.0,1.0,0.0,0.0
15,75,8.587433269745084,3.54458975455501,0.0,0.0,0.0,0.0,1.0,0.0
16,75,5.4197285204983245,7.053471004038987,1.0,0.0,0.0,0.0,1.0,0.0
17,75,6.452539492243812,12.0,1.0,0.0,0.0,1.0,0.0,0.0
18,75,3.198767041434447,11.836155017103405,0.0,0.0,0.0,0.0,0.0,0.0
19,75,5.572956938449025,9.861351225840798,0.0,0.0,1.0,1.0,0.0,0.0
20,75,4.995410484629403,6.173960047447294,0.0,0.0,0.0,0.0,0.0,0.0
21,75,1.90916546366374,9.218650791195522,0.0,0.0,0.0,0.0,1.0,1.0
22,75,6.400390945116662,6.012561975571743,0.0,0.0,0.0,0.0,0.0,0.0
23,75,11.85589473254964,6.062259044270036,0.0,1.0,1.0,1.0,0.0,1.0
24,75,2.929963814386207,12.0,1.0,1.0,1.0,1.0,0.0,0.0
25,75,8.01209209298734,8.562152010044706,0.0,1.0,0.0,0.0,1.0,1.0
26,75,1.5707552317471505,8.037672781346759,0.0,0.0,0.0,1.0,1.0,1.0
27,75,6.931743384190638,0.0,0.0,0.0,0.0,1.0,0.0,1.0
28,75,0.8606530816510896,6.647633480295033,0.0,0.0,0.0,0.0,0.0,0.0
29,75,11.12798436354615,9.333749380250095,1.0,0.0,0.0,0.0,0.0,0.0
30,75,7.969341175879733,3.9423380830303434,1.0,1.0,0.0,0.0,1.0,1.0
31,75,9.77749036886778,2.9107758066730582,1.0,1.0,1.0,1.0,0.0,0.0
32,75,5.981944721038648,2.8393930486554995,0.0,0.0,0.0,1.0,0.0,0.0
33,75,8.743886023794435,3.196890285669613,0.0,1.0,0.0,0.0,0.0,0.0
34,75,8.806851060266968,8.415811777730383,0.0,1.0,0.0,0.0,1.0,0.0
35,75,5.004573233746495,12.0,1.0,0.0,0.0,0.0,1.0,0.0
36,75,4.296099335331599,2.305171021773836,0.0,1.0,1.0,0.0,1.0,1.0
37,75,6.963187464311754,7.218051911528061,1.0,0.0,0.0,0.0,1.0,1.0
38,75,11.022570497935142,9.908378288061822,1.0,0.0,1.0,0.0,1.0,0.0
39,75,12.0,2.751108826733588,0.0,1.0,1.0,1.0,1.0,1.0
0,80,9.516802476633057,3.035483491612697,0.0,1.0,0.0,1.0,0.0,1.0
1,80,6.387137651858017,2.899890605334971,1.0,0.0,1.0,1.0,1.0,1.0
2,80,3.892534948771458,0.3948086393725805,0.0,0.0,0.0,0.0,0.0,0.0
3,80,2.035456384841686,3.821458021084504,0.0,0.0,1.0,0.0,0.0,0.0
4,80,9.68318304428182,5.078526245354733,0.0,0.0,1.0,0.0,1.0,0.0
5,80,12.0,4.553898885368926,1.0,1.0,0.0,0.0,0.0,0.0
6,80,3.635044733532327,10.17304507154716,1.0,0.0,1.0,0.0,1.0,1.0
7,80,12.0,3.460427169999567,0.0,0.0,0.0,0.0,1.0,0.0
8,80,8.539732784179169,4.400470366849549,0.0,0.0,1.0,1.0,0.0,1.0
9,80,6.111903005871425,7.081694875133995,1.0,0.0,0.0,1.0,0.0,0.0
10,80,11.908519645834083,0.2639243002788383,0.0,1.0,1.0,0.0,0.0,0.0
11,80,8.9226251980063,6.53520807347375,0.0,0.0,0.0,0.0,1.0,1.0
12,80,1.0196159191110843,3.201525759245587,0.0,0.0,0.0,0.0,0.0,0.0
13,80,0.0592724497875531,2.301164003680181,0.0,1.0,0.0,1.0,1.0,0.0
14,80,10.669587927720986,2.0010792514928823,1.0,0.0,0.0,1.0,0.0,0.0
15,80,8.603367179896447,3.55744760331689,0.0,0.0,0.0,0.0,1.0,0.0
16,80,5.389306780277459,7.053034115345474,1.0,0.0,0.0,0.0,1.0,0.0
17,80,6.43864757341293,12.0,1.0,0.0,0.0,1.0,0.0,0.0
18,80,3.1237934869516577,11.908366864804986,0.0,0.0,0.0,0.0,0.0,0.0
19,80,5.607001665148331,9.85212348207789,0.0,0.0,1.0,1.0,0.0,0.0
20,80,4.937840970206828,6.124092222303441,0.0,0.0,0.0,0.0,0.0,0.0
21,80,1.892688787868681,9.21850428345755,0.0,0.0,0.0,0.0,1.0,1.0
22,80,6.412596083694738,6.011398750818098,0.0,0.0,0.0,0.0,0.0,0.0
23,80,11.856911660929258,6.06111601833521,0.0,1.0,1.0,1.0,0.0,1.0
24,80,2.9249334035353645,12.0,1.0,1.0,1.0,1.0,0.0,0.0
25,80,8.016379191199803,8.507609642244224,0.0,1.0,0.0,0.0,1.0,1.0
26,80,1.5882469963349335,8.047514353839553,0.0,0.0,0.0,1.0,1.0,1.0
27,80,6.895601450065223,0.0,0.0,0.0,0.0,1.0,0.0,1.0
28,80,0.8598763422187098,6.650665968981592,0.0,0.0,0.0,0.0,0.0,0.0
29,80,11.134827152879582,9.30874623213824,1.0,0.0,0.0,0.0,0.0,0.0
30,80,7.930378564945546,3.900791056039449,1.0,1.0,0.0,0.0,1.0,1.0
31,80,9.757489569712966,2.8036820064139305,1.0,1.0,1.0,1.0,0.0,0.0
32,80,5.8978536016398,2.8902101423343054,0.0,0.0,0.0,1.0,0.0,0.0
33,80,8.747093188413336,3.194373304348745,0.0,1.0,0.0,0.0,0.0,0.0
34,80,8.794617606818626,8.440698279351244,0.0,1.0,0.0,0.0,1.0,0.0
35,80,5.11012402551221,12.0,1.0,0.0,0.0,0.0,1.0,0.0
36,80,4.277165325888933,2.318898556505562,0.0,1.0,1.0,0.0,1.0,1.0
37,80,7.127451683495612,7.228208036174847,1.0,0.0,0.0,0.0,1.0,1.0
38,80,11.08664140254469,9.905170382459431,1.0,0.0,1.0,0.0,1.0,0.0
39,80,12.0,2.7336666032510726,0.0,1.0,1.0,1.0,1.0,1.0
0,85,9.517456301389569,3.03999382648736,0.0,1.0,0.0,1.0,0.0,1.0
1,85,6.507893375097098,2.804718144188452,1.0,0.0,1.0,1.0,1.0,1.0
2,85,3.874237344220128,0.4607173080493519,0.0,0.0,0.0,0.0,0.0,0.0
3,85,1.9447502257711045,3.810435146156197,0.0,0.0,1.0,0.0,0.0,0.0
4,85,9.738661016848006,5.06598091844127,0.0,0.0,1.0,0.0,1.0,0.0
5,85,12.0,4.619420699378609,1.0,1.0,0.0,0.0,0.0,0.0
6,85,3.591001226714333,10.189835574404466,1.0,0.0,1.0,0.0,1.0,1.0
7,85,12.0,3.5004683827084806,0.0,0.0,0.0,0.0,1.0,0.0
8,85,8.53892995392613,4.40111027767029,0.0,0.0,1.0,1.0,0.0,1.0
9,85,6.031451553497369,7.140209452038552,1.0,0.0,0.0,1.0,0.0,0.0
10,85,11.90455745194094,0.2768265255897845,0.0,1.0,1.0,0.0,0.0,0.0
11,85,8.993442652018816,6.498182018536635,0.0,0.0,0.0,0.0,1.0,1.0
12,85,1.0199355208076786,3.2498943424222952,0.0,0.0,0.0,0.0,0.0,0.0
13,85,0.0585666985186559,2.291000785676585,0.0,1.0,0.0,1.0,1.0,0.0
14,85,10.56885505874451,2.00319060230365,1.0,0.0,0.0,1.0,0.0,0.0
15,85,8.617251599330624,3.568904378776064,0.0,0.0,0.0,0.0,1.0,0.0
16,85,5.390247650243503,7.053061243579103,1.0,0.0,0.0,0.0,1.0,0.0
17,85,6.448386863652091,11.99371069426924,1.0,0.0,0.0,1.0,0.0,0.0
18,85,3.0441422962247886,11.983124701770237,0.0,0.0,0.0,0.0,0.0,0.0
19,85,5.634293488408699,9.844890360214274,0.0,0.0,1.0,1.0,0.0,0.0
20,85,4.874470808304399,6.069109099988811,0.0,0.0,0.0,0.0,0.0,0.0
21,85,1.8929172102582208,9.218510343181949,0.0,0.0,0.0,0.0,1.0,1.0
22,85,6.444727248915132,6.008790469956212,0.0,0.0,0.0,0.0,0.0,0.0
23,85,11.862137336766873,6.055360779883156,0.0,1.0,1.0,1.0,0.0,1.0
24,85,2.917492671335772,12.0,1.0,1.0,1.0,1.0,0.0,0.0
25,85,8.023445804454386,8.440586808779317,0.0,1.0,0.0,0.0,1.0,1.0
26,85,1.598029919825114,8.053057860033443,0.0,0.0,0.0,1.0,1.0,1.0
27,85,6.845499954472071,0.0,0.0,0.0,0.0,1.0,0.0,1.0
28,85,0.859607257921409,6.6516777905346,0.0,0.0,0.0,0.0,0.0,0.0
29,85,11.138434224608355,9.29614457677104,1.0,0.0,0.0,0.0,0.0,0.0
30,85,7.882493951177214,3.8470376055466815,1.0,1.0,0.0,0.0,1.0,1.0
31,85,9.74024995509712,2.7139806479113218,1.0,1.0,1.0,1.0,0.0,0.0
32,85,5.818940120627857,2.9389382442213985,0.0,0.0,0.0,1.0,0.0,0.0
33,85,8.763343528611015,3.181828157692844,0.0,1.0,0.0,0.0,0.0,0.0
34,85,8.782317279704632,8.46506781299671,0.0,1.0,0.0,0.0,1.0,0.0
35,85,5.213019234224949,12.0,1.0,0.0,0.0,0.0,1.0,0.0
36,85,4.244708026842266,2.342517277787627,0.0,1.0,1.0,0.0,1.0,1.0
37,85,7.302122878736727,7.238754670329023,1.0,0.0,0.0,0.0,1.0,1.0
38,85,11.18404241714587,9.899849167019108,1.0,0.0,1.0,0.0,1.0,0.0
39,85,12.0,2.7164638197550546,0.0,1.0,1.0,1.0,1.0,1.0
0,90,9.519890959949633,3.053594783163237,0.0,1.0,0.0,1.0,0.0,1.0
1,90,6.606386628687745,2.722804364727965,1.0,0.0,1.0,1.0,1.0,1.0
2,90,3.858837111646356,0.5109706132403968,0.0,0.0,0.0,0.0,0.0,0.0
3,90,1.8549708106575544,3.7996678858866,0.0,0.0,1.0,0.0,0.0,0.0
4,90,9.782256458226914,5.056141390003132,0.0,0.0,1.0,0.0,1.0,0.0
5,90,12.0,4.686289699740043,1.0,1.0,0.0,0.0,0.0,0.0
6,90,3.557086529324053,10.203044743334557,1.0,0.0,1.0,0.0,1.0,1.0
7,90,12.0,3.5478833489766552,0.0,0.0,0.0,0.0,1.0,0.0
8,90,8.536255096547489,4.403189616073594,0.0,0.0,1.0,1.0,0.0,1.0
9,90,5.9426477403673,7.203434218677347,1.0,0.0,0.0,1.0,0.0,0.0
10,90,11.906429372404943,0.271086667022696,0.0,1.0,1.0,0.0,0.0,0.0
11,90,9.074501918335418,6.454871058785864,0.0,0.0,0.0,0.0,1.0,1.0
12,90,1.0208310303907806,3.3161068377886758,0.0,0.0,0.0,0.0,0.0,0.0
13,90,0.057461708022054,2.272657173028192,0.0,1.0,0.0,1.0,1.0,0.0
14,90,10.478240887330562,2.004008410108034,1.0,0.0,0.0,1.0,0.0,0.0
15,90,8.620898285855484,3.5720077009818616,0.0,0.0,0.0,0.0,1.0,0.0
16,90,5.369383769573565,7.052194079155044,1.0,0.0,0.0,0.0,1.0,0.0
17,90,6.458086350945717,11.987985846007676,1.0,0.0,0.0,1.0,0.0,0.0
18,90,2.9562610016840805,12.0,0.0,0.0,0.0,0.0,0.0,0.0
19,90,5.6676846126520735,9.836603682711626,0.0,0.0,1.0,1.0,0.0,0.0
20,90,4.82750712229781,6.026571435188387,0.0,0.0,0.0,0.0,0.0,0.0
21,90,1.8930665100700808,9.218512931438257,0.0,0.0,0.0,0.0,1.0,1.0
22,90,6.490274202498165,6.003693556327748,0.0,0.0,0.0,0.0,0.0,0.0
23,90,11.872428141000906,6.044034453880305,0.0,1.0,1.0,1.0,0.0,1.0
24,90,2.911466431059921,12.0,1.0,1.0,1.0,1.0,0.0,0.0
25,90,8.029511133464261,8.368355153693358,0.0,1.0,0.0,0.0,1.0,1.0
26,90,1.5918157145782164,8.049551775002834,0.0,0.0,0.0,1.0,1.0,1.0
27,90,6.761085165742114,0.0,0.0,0.0,0.0,1.0,0.0,1.0
28,90,0.8559228991162431,6.666792832488031,0.0,0.0,0.0,0.0,0.0,0.0
29,90,11.136943702795122,9.301218131464704,1.0,0.0,0.0,0.0,0.0,0.0
30,90,7.832580512525481,3.790821491236069,1.0,1.0,0.0,0.0,1.0,1.0
31,90,9.71631260082724,2.6047509979794152,1.0,1.0,1.0,1.0,0.0,0.0
32,90,5.732211494160726,2.994600083333392,0.0,0.0,0.0,1.0,0.0,0.0
33,90,8.77588146162174,3.172210292037748,0.0,1.0,0.0,0.0,0.0,0.0
34,90,8.75970395004381,8.510753403595162,0.0,1.0,0.0,0.0,1.0,0.0
35,90,5.295027965571472,12.0,1.0,0.0,0.0,0.0,1.0,0.0
36,90,4.232742308327052,2.350849688807937,0.0,1.0,1.0,0.0,1.0,1.0
37,90,7.476189461486274,7.247325976338373,1.0,0.0,0.0,0.0,1.0,1.0
38,90,11.299682358192385,9.897804964702472,1.0,0.0,1.0,0.0,1.0,0.0
39,90,12.0,2.7007658721735286,0.0,1.0,1.0,1.0,1.0,1.0
0,95,9.520223840924595,3.0557370105623187,0.0,1.0,0.0,1.0,0.0,1.0
1,95,6.703434473575824,2.6446411518312867,1.0,0.0,1.0,1.0,1.0,1.0
2,95,3.8420374317159616,0.5642784331765798,0.0,0.0,0.0,0.0,0.0,0.0
3,95,1.745797154660097,3.792566569225651,0.0,0.0,1.0,0.0,0.0,0.0
4,95,9.817817462157317,5.048712585302662,0.0,0.0,1.0,0.0,1.0,0.0
5,95,12.0,4.768231277925876,1.0,1.0,0.0,0.0,0.0,0.0
6,95,3.512320146457219,10.221313595786324,1.0,0.0,1.0,0.0,1.0,1.0
7,95,12.0,3.5845564135418564,0.0,0.0,0.0,0.0,1.0,0.0
8,95,8.540513480433,4.399861382772031,0.0,0.0,1.0,1.0,0.0,1.0
9,95,5.852224533960994,7.267627551081936,1.0,0.0,0.0,1.0,0.0,0.0
10,95,11.907577517284468,0.2674980248833286,0.0,1.0,1.0,0.0,0.0,0.0
11,95,9.150155400835176,6.414521998203031,0.0,0.0,0.0,0.0,1.0,1.0
12,95,1.0225641378269397,3.3779812513112,0.0,0.0,0.0,0.0,0.0,0.0
13,95,0.0559858971211368,2.2444367843979807,0.0,1.0,0.0,1.0,1.0,0.0
14,95,10.38505511332759,2.004961488757425,1.0,0.0,0.0,1.0,0.0,0.0
15,95,8.625999137859795,3.57653193350818,0.0,0.0,0.0,0.0,1.0,0.0
16,95,5.352289863878068,7.051965454376575,1.0,0.0,0.0,0.0,1.0,0.0
17,95,6.486289193889323,11.971873178483888,1.0,0.0,0.0,1.0,0.0,0.0
18,95,2.847225178465348,12.0,0.0,0.0,0.0,0.0,0.0,0.0
19,95,5.712473196438225,9.826411810851177,0.0,0.0,1.0,1.0,0.0,0.0
20,95,4.793432257312895,5.995280267128505,0.0,0.0,0.0,0.0,0.0,0.0
21,95,1.904133269551566,9.218734299566837,0.0,0.0,0.0,0.0,1.0,1.0
22,95,6.542131569218929,5.998230719188934,0.0,0.0,0.0,0.0,0.0,0.0
23,95,11.887197248859511,6.028886868017781,0.0,1.0,1.0,1.0,0.0,1.0
24,95,2.9060510143099365,12.0,1.0,1.0,1.0,1.0,0.0,0.0
25,95,8.036390197355784,8.281985132613231,0.0,1.0,0.0,0.0,1.0,1.0
26,95,1.5828488214223126,8.044790335976343,0.0,0.0,0.0,1.0,1.0,1.0
27,95,6.677118566561116,0.0,0.0,0.0,0.0,1.0,0.0,1.0
28,95,0.8562259160762847,6.665716123216808,0.0,0.0,0.0,0.0,0.0,0.0
29,95,11.131799734725812,9.31815446880915,1.0,0.0,0.0,0.0,0.0,0.0
30,95,7.787912901473865,3.7368976383333616,1.0,1.0,0.0,0.0,1.0,1.0
31,95,9.694497957725536,2.508489083926352,1.0,1.0,1.0,1.0,0.0,0.0
32,95,5.643980364031305,3.049173293031854,0.0,0.0,0.0,1.0,0.0,0.0
33,95,8.806863290473828,3.1477041517540925,0.0,1.0,0.0,0.0,0.0,0.0
34,95,8.717925065375116,8.595450041084003,0.0,1.0,0.0,0.0,1.0,0.0
35,95,5.374011924727349,12.0,1.0,0.0,0.0,0.0,1.0,0.0
36,95,4.252616623241444,2.3786783669886447,0.0,1.0,1.0,0.0,1.0,1.0
37,95,7.655564393725848,7.256838251213216,1.0,0.0,0.0,0.0,1.0,1.0
38,95,11.399920460596476,9.895477827074265,1.0,0.0,1.0,0.0,1.0,0.0
39,95,12.0,2.686593511058564,0.0,1.0,1.0,1.0,1.0,1.0
0,100,9.519958463957186,3.0538739741301497,0.0,1.0,0.0,1.0,0.0,1.0
1,100,6.8183132897225445,2.5551982018576496,1.0,0.0,1.0,1.0,1.0,1.0
2,100,3.826884917480173,0.6095596952587007,0.0,0.0,0.0,0.0,0.0,0.0
3,100,1.618711124074637,3.784742413350129,0.0,0.0,1.0,0.0,0.0,0.0
4,100,9.847203018531454,5.041920055062939,0.0,0.0,1.0,0.0,1.0,0.0
5,100,12.0,4.86712167987602,1.0,1.0,0.0,0.0,0.0,0.0
6,100,3.4658942140343685,10.24071611730032,1.0,0.0,1.0,0.0,1.0,1.0
7,100,12.0,3.619681908524069,0.0,0.0,0.0,0.0,1.0,0.0
8,100,8.54148499050388,4.399083577534349,0.0,0.0,1.0,1.0,0.0,1.0
9,100,5.755262104617585,7.334674724684109,1.0,0.0,0.0,1.0,0.0,0.0
10,100,11.908223135684477,0.2656132104105025,0.0,1.0,1.0,0.0,0.0,0.0
11,100,9.233935777341442,6.369643754955317,0.0,0.0,0.0,0.0,1.0,1.0
12,100,1.0242049222137055,3.455975997803612,0.0,0.0,0.0,0.0,0.0,0.0
13,100,0.0169010297949682,2.2452667122610785,0.0,1.0,0.0,1.0,1.0,0.0
14,100,10.302478688149565,2.0039857738253284,1.0,0.0,0.0,1.0,0.0,0.0
15,100,8.630599632450567,3.58045345913685,0.0,0.0,0.0,0.0,1.0,0.0
16,100,5.343257376776887,7.051948760279895,1.0,0.0,0.0,0.0,1.0,0.0
17,100,6.529651100193011,11.946557997335796,1.0,0.0,0.0,1.0,0.0,0.0
18,100,2.747005297473001,12.0,0.0,0.0,0.0,0.0,0.0,0.0
19,100,5.736550590105752,9.821055411372972,0.0,0.0,1.0,1.0,0.0,0.0
20,100,4.73195554516086,5.93685843125355,0.0,0.0,0.0,0.0,0.0,0.0
21,100,1.9232500004830384,9.218623387290316,0.0,0.0,0.0,0.0,1.0,1.0
22,100,6.603841133252687,5.992902365171969,0.0,0.0,0.0,0.0,0.0,0.0
23,100,11.890113811600235,6.025914378340055,0.0,1.0,1.0,1.0,0.0,1.0
24,100,2.899475819979425,12.0,1.0,1.0,1.0,1.0,0.0,0.0
25,100,8.04073655154034,8.212600543608827,0.0,1.0,0.0,0.0,1.0,1.0
26,100,1.568887281770051,8.037462808634697,0.0,0.0,0.0,1.0,1.0,1.0
27,100,6.6065397491704685,0.0,0.0,0.0,0.0,1.0,0.0,1.0
28,100,0.8547198561722156,6.671165341408104,0.0,0.0,0.0,0.0,0.0,0.0
29,100,11.119081259660687,9.361350608892222,1.0,0.0,0.0,0.0,0.0,0.0
30,100,7.758380138540233,3.700357578717131,1.0,1.0,0.0,0.0,1.0,1.0
31,100,9.679205043814358,2.4237549650814216,1.0,1.0,1.0,1.0,0.0,0.0
32,100,5.55226033136404,3.10475661207396,0.0,0.0,0.0,1.0,0.0,0.0
33,100,8.829849473644476,3.128647580716004,0.0,1.0,0.0,0.0,0.0,0.0
34,100,8.679353605202252,8.674242143960512,0.0,1.0,0.0,0.0,1.0,0.0
35,100,5.477173363382435,12.0,1.0,0.0,0.0,0.0,1.0,0.0
36,100,4.276829038951613,2.4126214400937145,0.0,1.0,1.0,0.0,1.0,1.0
37,100,7.842101031374884,7.266050388071725,1.0,0.0,0.0,0.0,1.0,1.0
38,100,11.497935413455874,9.894334774063475,1.0,0.0,1.0,0.0,1.0,0.0
39,100,12.0,2.671942552526425,0.0,1.0,1.0,1.0,1.0,1.0
0,105,9.518662965956937,3.0451233504240798,0.0,1.0,0.0,1.0,0.0,1.0
1,105,6.9264485660509685,2.471198244891872,1.0,0.0,1.0,1.0,1.0,1.0
2,105,3.818092527833056,0.6359722337270276,0.0,0.0,0.0,0.0,0.0,0.0
3,105,1.4977471157843183,3.776636942974599,0.0,0.0,1.0,0.0,0.0,0.0
4,105,9.886116966659054,5.032632706232402,0.0,0.0,1.0,0.0,1.0,0.0
5,105,12.0,4.977300326125252,1.0,1.0,0.0,0.0,0.0,0.0
6,105,3.3965614154605634,10.273265016120074,1.0,0.0,1.0,0.0,1.0,1.0
7,105,12.0,3.658582910531742,0.0,0.0,0.0,0.0,1.0,0.0
8,105,8.554082831785752,4.389077382182396,0.0,0.0,1.0,1.0,0.0,1.0
9,105,5.639316266567595,7.4116691144652735,1.0,0.0,0.0,1.0,0.0,0.0
10,105,11.910822111548493,0.2589095337324615,0.0,1.0,1.0,0.0,0.0,0.0
11,105,9.328683610268172,6.319191580140507,0.0,0.0,0.0,0.0,1.0,1.0
12,105,1.0245355059716348,3.534182321629778,0.0,0.0,0.0,0.0,0.0,0.0
13,105,0.0,2.245397873990385,0.0,1.0,0.0,1.0,1.0,0.0
14,105,10.217905136023694,2.006971085980436,1.0,0.0,0.0,1.0,0.0,0.0
15,105,8.63713726188633,3.585803007600511,0.0,0.0,0.0,0.0,1.0,0.0
16,105,5.3496220597954425,7.052017803812258,1.0,0.0,0.0,0.0,1.0,0.0
17,105,6.585914920374223,11.912777773778132,1.0,0.0,0.0,1.0,0.0,0.0
18,105,2.631396057062878,12.0,0.0,0.0,0.0,0.0,0.0,0.0
19,105,5.748792878043957,9.818098006060865,0.0,0.0,1.0,1.0,0.0,0.0
20,105,4.666995969672606,5.876698587862792,0.0,0.0,0.0,0.0,0.0,0.0
21,105,1.942594253870382,9.2190408797834,0.0,0.0,0.0,0.0,1.0,1.0
22,105,6.642419620725846,5.989131158191709,0.0,0.0,0.0,0.0,0.0,0.0
23,105,11.899539259592268,6.016693248015538,0.0,1.0,1.0,1.0,0.0,1.0
24,105,2.896353794552297,12.0,1.0,1.0,1.0,1.0,0.0,0.0
25,105,8.043270014482921,8.128785553199542,0.0,1.0,0.0,0.0,1.0,1.0
26,105,1.5473525336164398,8.025921957946288,0.0,0.0,0.0,1.0,1.0,1.0
27,105,6.51789852939471,0.0,0.0,0.0,0.0,1.0,0.0,1.0
28,105,0.8505910692622474,6.688093275853961,0.0,0.0,0.0,0.0,0.0,0.0
29,105,11.104071673732076,9.416376205699873,1.0,0.0,0.0,0.0,0.0,0.0
30,105,7.712553147141796,3.644322115474523,1.0,1.0,0.0,0.0,1.0,1.0
31,105,9.66943435639342,2.361368761670945,1.0,1.0,1.0,1.0,0.0,0.0
32,105,5.451463335539506,3.168501378753427,0.0,0.0,0.0,1.0,0.0,0.0
33,105,8.858174446077035,3.105446990768229,0.0,1.0,0.0,0.0,0.0,0.0
34,105,8.654832687829623,8.727082312742114,0.0,1.0,0.0,0.0,1.0,0.0
35,105,5.582519736065048,12.0,1.0,0.0,0.0,0.0,1.0,0.0
36,105,4.314203814758736,2.46298381066874,0.0,1.0,1.0,0.0,1.0,1.0
37,105,8.00968864315839,7.272171342352564,1.0,0.0,0.0,0.0,1.0,1.0
38,105,11.608278844640829,9.891286041790671,1.0,0.0,1.0,0.0,1.0,0.0
39,105,12.0,2.657282474661029,0.0,1.0,1.0,1.0,1.0,1.0
0,110,9.51760056047663,3.0389047272658973,0.0,1.0,0.0,1.0,0.0,1.0
1,110,7.051459890537767,2.3679052919308665,1.0,0.0,1.0,1.0,1.0,1.0
2,110,3.809557048293711,0.661091351976975,0.0,0.0,0.0,0.0,0.0,0.0
3,110,1.5055264109355446,3.655331498529994,0.0,0.0,1.0,0.0,0.0,0.0
4,110,9.951453873824187,5.018908822846828,0.0,0.0,1.0,0.0,1.0,0.0
5,110,12.0,5.086625682513398,1.0,1.0,0.0,0.0,0.0,0.0
6,110,3.333891897316059,10.30546082570901,1.0,0.0,1.0,0.0,1.0,1.0
7,110,12.0,3.7006621339969255,0.0,0.0,0.0,0.0,1.0,0.0
8,110,8.56994969031427,4.376672640314126,0.0,0.0,1.0,1.0,0.0,1.0
9,110,5.534156462676714,7.481840630195201,1.0,0.0,0.0,1.0,0.0,0.0
10,110,11.914391801554409,0.249630683369429,0.0,1.0,1.0,0.0,0.0,0.0
11,110,9.424033836918458,6.265497751268502,0.0,0.0,0.0,0.0,1.0,1.0
12,110,1.025319129235701,3.583054854021392,0.0,0.0,0.0,0.0,0.0,0.0
13,110,0.0,2.245712279415708,0.0,1.0,0.0,1.0,1.0,0.0
14,110,10.127331491997603,2.0093964905414965,1.0,0.0,0.0,1.0,0.0,0.0
15,110,8.65516570672707,3.6006927785128666,0.0,0.0,0.0,0.0,1.0,0.0
16,110,5.335517669808899,7.05148085961781,1.0,0.0,0.0,0.0,1.0,0.0
17,110,6.616045240135274,11.8946843050678,1.0,0.0,0.0,1.0,0.0,0.0
18,110,2.517509058091778,12.0,0.0,0.0,0.0,0.0,0.0,0.0
19,110,5.760394841538177,9.815765750647564,0.0,0.0,1.0,1.0,0.0,0.0
20,110,4.612887049236433,5.829912938317332,0.0,0.0,0.0,0.0,0.0,0.0
21,110,1.9634803916305203,9.219210387701414,0.0,0.0,0.0,0.0,1.0,1.0
22,110,6.662254777222446,5.986752408439841,0.0,0.0,0.0,0.0,0.0,0.0
23,110,11.91456543639045,6.002500838590096,0.0,1.0,1.0,1.0,0.0,1.0
24,110,2.895323259586129,12.0,1.0,1.0,1.0,1.0,0.0,0.0
25,110,8.044039763814869,8.047625752108884,0.0,1.0,0.0,0.0,1.0,1.0
26,110,1.5358983214368835,8.01960641256041,0.0,0.0,0.0,1.0,1.0,1.0
27,110,6.42908921098736,0.0,0.0,0.0,0.0,1.0,0.0,1.0
28,110,0.8462023764110927,6.707936157543155,0.0,0.0,0.0,0.0,0.0,0.0
29,110,11.084838768580216,9.484796199978357,1.0,0.0,0.0,0.0,0.0,0.0
30,110,7.675161080628701,3.5978035827307786,1.0,1.0,0.0,0.0,1.0,1.0
31,110,9.661646887848203,2.3143375420017445,1.0,1.0,1.0,1.0,0.0,0.0
32,110,5.381918895669601,3.212362186730351,0.0,0.0,0.0,1.0,0.0,0.0
33,110,8.882922507690065,3.0857556619342,0.0,1.0,0.0,0.0,0.0,0.0
34,110,8.624823105699736,8.791320677341268,0.0,1.0,0.0,0.0,1.0,0.0
35,110,5.695441916962824,12.0,1.0,0.0,0.0,0.0,1.0,0.0
36,110,4.356715221688262,2.5196196721643838,0.0,1.0,1.0,0.0,1.0,1.0
37,110,8.162522939573746,7.275795844221485,1.0,0.0,0.0,0.0,1.0,1.0
38,110,11.732828391624151,9.886369432831897,1.0,0.0,1.0,0.0,1.0,0.0
39,110,12.0,2.780453478473273,0.0,1.0,1.0,1.0,1.0,1.0
0,115,9.515024394015905,3.024341496460216,0.0,1.0,0.0,1.0,0.0,1.0
1,115,7.182424844340855,2.2652721522977566,1.0,0.0,1.0,1.0,1.0,1.0
2,115,3.800074067198851,0.6891185932948751,0.0,0.0,0.0,0.0,0.0,0.0
3,115,1.515447742565362,3.543531599650537,0.0,0.0,1.0,0.0,0.0,0.0
4,115,9.990542691366038,5.01072868212949,0.0,0.0,1.0,0.0,1.0,0.0
5,115,12.0,5.191379152452115,1.0,1.0,0.0,0.0,0.0,0.0
6,115,3.266422019322356,10.340181102091613,1.0,0.0,1.0,0.0,1.0,1.0
7,115,12.0,3.7462061579259553,0.0,0.0,0.0,0.0,1.0,0.0
8,115,8.59092945705901,4.360274068986512,0.0,0.0,1.0,1.0,0.0,1.0
9,115,5.423627583431022,7.549680321343318,1.0,0.0,0.0,1.0,0.0,0.0
10,115,11.922139677300493,0.2283843878471139,0.0,1.0,1.0,0.0,0.0,0.0
11,115,9.508713653968703,6.218631980777257,0.0,0.0,0.0,0.0,1.0,1.0
12,115,1.0254870387400756,3.62791935362605,0.0,0.0,0.0,0.0,0.0,0.0
13,115,0.0,2.24601538628692,0.0,1.0,0.0,1.0,1.0,0.0
14,115,10.050645562238527,2.012469643537829,1.0,0.0,0.0,1.0,0.0,0.0
15,115,8.671745169055097,3.614679005422128,0.0,0.0,0.0,0.0,1.0,0.0
16,115,5.335467267500992,7.051477205847569,1.0,0.0,0.0,0.0,1.0,0.0
17,115,6.644196029917694,11.877184326045397,1.0,0.0,0.0,1.0,0.0,0.0
18,115,2.4004963987702483,12.0,0.0,0.0,0.0,0.0,0.0,0.0
19,115,5.777772062139955,9.812057161934971,0.0,0.0,1.0,1.0,0.0,0.0
20,115,4.584533842262229,5.805644571009962,0.0,0.0,0.0,0.0,0.0,0.0
21,115,1.952410475619417,9.21887893687409,0.0,0.0,0.0,0.0,1.0,1.0
22,115,6.685894199003796,5.983439299631373,0.0,0.0,0.0,0.0,0.0,0.0
23,115,11.91838530889775,5.998928307035279,0.0,1.0,1.0,1.0,0.0,1.0
24,115,2.89297707180402,12.0,1.0,1.0,1.0,1.0,0.0,0.0
25,115,8.04709490228928,7.967330871421269,0.0,1.0,0.0,0.0,1.0,1.0
26,115,1.5390531837248702,8.021345018713507,0.0,0.0,0.0,1.0,1.0,1.0
27,115,6.350641237389308,0.0,0.0,0.0,0.0,1.0,0.0,1.0
28,115,0.8356006555938259,6.753130216685743,0.0,0.0,0.0,0.0,0.0,0.0
29,115,11.066676720812806,9.554890332112668,1.0,0.0,0.0,0.0,0.0,0.0
30,115,7.643089768145275,3.556941060893392,1.0,1.0,0.0,0.0,1.0,1.0
31,115,9.655173697741889,2.2753808962341204,1.0,1.0,1.0,1.0,0.0,0.0
32,115,5.304386681431383,3.2641533083160006,0.0,0.0,0.0,1.0,0.0,0.0
33,115,8.904481794301983,3.069536424104036,0.0,1.0,0.0,0.0,0.0,0.0
34,115,8.593900811940639,8.85928956343502,0.0,1.0,0.0,0.0,1.0,0.0
35,115,5.817821855625335,12.0,1.0,0.0,0.0,0.0,1.0,0.0
36,115,4.397907459487566,2.5795340929602424,0.0,1.0,1.0,0.0,1.0,1.0
37,115,8.316652795037296,7.279879306780937,1.0,0.0,0.0,0.0,1.0,1.0
38,115,11.84583039338294,9.883497241537428,1.0,0.0,1.0,0.0,1.0,0.0
39,115,12.0,2.896366911092523,0.0,1.0,1.0,1.0,1.0,1.0
0,120,9.515875053692332,3.029002770242633,0.0,1.0,0.0,1.0,0.0,1.0
1,120,7.3164339123506,2.16264745766219,1.0,0.0,1.0,1.0,1.0,1.0
2,120,3.788126902763445,0.723727216116458,0.0,0.0,0.0,0.0,0.0,0.0
3,120,1.5281035252520712,3.424715995883784,0.0,0.0,1.0,0.0,0.0,0.0
4,120,10.05121474705592,4.997275351679977,0.0,0.0,1.0,0.0,1.0,0.0
5,120,12.0,5.296055088180055,1.0,1.0,0.0,0.0,0.0,0.0
6,120,3.1950100483327573,10.376677914541634,1.0,0.0,1.0,0.0,1.0,1.0
7,120,12.0,3.793173635488328,0.0,0.0,0.0,0.0,1.0,0.0
8,120,8.617979907913934,4.338864415579369,0.0,0.0,1.0,1.0,0.0,1.0
9,120,5.324784605688186,7.612211159270051,1.0,0.0,0.0,1.0,0.0,0.0
10,120,11.929335582755751,0.2062484178162937,0.0,1.0,1.0,0.0,0.0,0.0
11,120,9.580349480714023,6.178535705795586,0.0,0.0,0.0,0.0,1.0,1.0
12,120,1.0257110245612104,3.673843259108141,0.0,0.0,0.0,0.0,0.0,0.0
13,120,0.011179027077787,2.2456468805630783,0.0,1.0,0.0,1.0,1.0,0.0
14,120,9.974745175252089,2.0151216083821004,1.0,0.0,0.0,1.0,0.0,0.0
15,120,8.67915419994528,3.620325764115394,0.0,0.0,0.0,0.0,1.0,0.0
16,120,5.340348249387264,7.051786159241327,1.0,0.0,0.0,0.0,1.0,0.0
17,120,6.676617222530442,11.856973275740142,1.0,0.0,0.0,1.0,0.0,0.0
18,120,2.2903008705895,12.0,0.0,0.0,0.0,0.0,0.0,0.0
19,120,5.804472677422645,9.80672009524902,0.0,0.0,1.0,1.0,0.0,0.0
20,120,4.542912078461984,5.767755420558382,0.0,0.0,0.0,0.0,0.0,0.0
21,120,1.937217144057791,9.218633943393003,0.0,0.0,0.0,0.0,1.0,1.0
22,120,6.704303730500815,5.980842379449539,0.0,0.0,0.0,0.0,0.0,0.0
23,120,11.910127084073457,6.007054053650937,0.0,1.0,1.0,1.0,0.0,1.0
24,120,2.889985502457996,12.0,1.0,1.0,1.0,1.0,0.0,0.0
25,120,8.047706371504182,7.875767375647961,0.0,1.0,0.0,0.0,1.0,1.0
26,120,1.5521285407564207,8.02866039876022,0.0,0.0,0.0,1.0,1.0,1.0
27,120,6.287026620140535,0.0,0.0,0.0,0.0,1.0,0.0,1.0
28,120,0.8237175150232317,6.802435349907055,0.0,0.0,0.0,0.0,0.0,0.0
29,120,11.0456296137662,9.635045761889964,1.0,0.0,0.0,0.0,0.0,0.0
30,120,7.605347676004202,3.507619457306242,1.0,1.0,0.0,0.0,1.0,1.0
31,120,9.64742918393328,2.225902469627893,1.0,1.0,1.0,1.0,0.0,0.0
32,120,5.211293496377916,3.325772031924548,0.0,0.0,0.0,1.0,0.0,0.0
33,120,8.92222574352624,3.0557976152309183,0.0,1.0,0.0,0.0,0.0,0.0
34,120,8.559077441144739,8.935603817785868,0.0,1.0,0.0,0.0,1.0,0.0
35,120,5.945843566810813,12.0,1.0,0.0,0.0,0.0,1.0,0.0
36,120,4.447580617898116,2.6511324381368837,0.0,1.0,1.0,0.0,1.0,1.0
37,120,8.480476734910564,7.283423231823212,1.0,0.0,0.0,0.0,1.0,1.0
38,120,11.977014070740443,9.880866869036268,1.0,0.0,1.0,0.0,1.0,0.0
39,120,12.0,3.0060077071661184,0.0,1.0,1.0,1.0,1.0,1.0
0,125,9.516596584782096,3.0327295399505063,0.0,1.0,0.0,1.0,0.0,1.0
1,125,7.43236148796947,2.0714186585162246,1.0,0.0,1.0,1.0,1.0,1.0
2,125,3.777083214812479,0.7588101354186794,0.0,0.0,0.0,0.0,0.0,0.0
3,125,1.5421927932667108,3.3038304808230583,0.0,0.0,1.0,0.0,0.0,0.0
4,125,10.090966617270766,4.987667009524848,0.0,0.0,1.0,0.0,1.0,0.0
5,125,12.0,5.400253658370199,1.0,1.0,0.0,0.0,0.0,0.0
6,125,3.131770567268671,10.409471286992249,1.0,0.0,1.0,0.0,1.0,1.0
7,125,12.0,3.842036099381145,0.0,0.0,0.0,0.0,1.0,0.0
8,125,8.656444537614332,4.30845593695693,0.0,0.0,1.0,1.0,0.0,1.0
9,125,5.221448769228905,7.677856979935651,1.0,0.0,0.0,1.0,0.0,0.0
10,125,11.938461374729112,0.1784424767788293,0.0,1.0,1.0,0.0,0.0,0.0
11,125,9.636761718932796,6.147226672981109,0.0,0.0,0.0,0.0,1.0,1.0
12,125,1.0264212290729198,3.711655593920982,0.0,0.0,0.0,0.0,0.0,0.0
13,125,0.0171539163311526,2.245578488921017,0.0,1.0,0.0,1.0,1.0,0.0
14,125,9.89260129325936,2.016704882828946,1.0,0.0,0.0,1.0,0.0,0.0
15,125,8.698332333535745,3.6347891958359937,0.0,0.0,0.0,0.0,1.0,0.0
16,125,5.328858174352495,7.051181868735989,1.0,0.0,0.0,0.0,1.0,0.0
17,125,6.704934321705512,11.8394166079678,1.0,0.0,0.0,1.0,0.0,0.0
18,125,2.193102996051705,12.0,0.0,0.0,0.0,0.0,0.0,0.0
19,125,5.831102757521906,9.801426740203112,0.0,0.0,1.0,1.0,0.0,0.0
20,125,4.500791934902389,5.729186312109505,0.0,0.0,0.0,0.0,0.0,0.0
21,125,1.9342330090680373,9.218577770508904,0.0,0.0,0.0,0.0,1.0,1.0
22,125,6.728098674484423,5.976833188295,0.0,0.0,0.0,0.0,0.0,0.0
23,125,11.90414361230834,6.013155984668006,0.0,1.0,1.0,1.0,0.0,1.0
24,125,2.887582443785424,12.0,1.0,1.0,1.0,1.0,0.0,0.0
25,125,8.047890359365152,7.80103472960938,0.0,1.0,0.0,0.0,1.0,1.0
26,125,1.552445847159757,8.028096240371202,0.0,0.0,0.0,1.0,1.0,1.0
27,125,6.227643045868028,0.0,0.0,0.0,0.0,1.0,0.0,1.0
28,125,0.8150276703474085,6.841767967324964,0.0,0.0,0.0,0.0,0.0,0.0
29,125,11.025344856521407,9.712012365929771,1.0,0.0,0.0,0.0,0.0,0.0
30,125,7.555684196929205,3.442574091472923,1.0,1.0,0.0,0.0,1.0,1.0
31,125,9.640756885194843,2.1878844016205727,1.0,1.0,1.0,1.0,0.0,0.0
32,125,5.129279802986128,3.3795585226732983,0.0,0.0,0.0,1.0,0.0,0.0
33,125,8.9405865635618,3.042213798622559,0.0,1.0,0.0,0.0,0.0,0.0
34,125,8.519390648674003,9.019295879856443,0.0,1.0,0.0,0.0,1.0,0.0
35,125,6.100838845363446,12.0,1.0,0.0,0.0,0.0,1.0,0.0
36,125,4.482497259978477,2.7023621375874742,0.0,1.0,1.0,0.0,1.0,1.0
37,125,8.641418728719081,7.28606775795511,1.0,0.0,0.0,0.0,1.0,1.0
38,125,12.0,9.876924076655934,1.0,0.0,1.0,0.0,1.0,0.0
39,125,12.0,3.1386965302200287,0.0,1.0,1.0,1.0,1.0,1.0
0,130,9.51772033358625,3.037863387252171,0.0,1.0,0.0,1.0,0.0,1.0
1,130,7.550182124313241,1.9771169789950231,1.0,0.0,1.0,1.0,1.0,1.0
2,130,3.760515451716421,0.8133672580214188,0.0,0.0,0.0,0.0,0.0,0.0
3,130,1.5557718357420898,3.1888438218763,0.0,0.0,1.0,0.0,0.0,0.0
4,130,10.13901459556832,4.976921527680343,0.0,0.0,1.0,0.0,1.0,0.0
5,130,12.0,5.32986736107821,1.0,1.0,0.0,0.0,0.0,0.0
6,130,3.0663130257324376,10.440757135955367,1.0,0.0,1.0,0.0,1.0,1.0
7,130,12.0,3.891741359125097,0.0,0.0,0.0,0.0,1.0,0.0
8,130,8.71046448009937,4.265773925308945,0.0,0.0,1.0,1.0,0.0,1.0
9,130,5.106070480080138,7.753481038934851,1.0,0.0,0.0,1.0,0.0,0.0
10,130,11.942293293120771,0.166074643209704,0.0,1.0,1.0,0.0,0.0,0.0
11,130,9.702587903977829,6.112963746703807,0.0,0.0,0.0,0.0,1.0,1.0
12,130,1.0264762520131208,3.748286384342973,0.0,0.0,0.0,0.0,0.0,0.0
13,130,0.0354168949793472,2.244595383234236,0.0,1.0,0.0,1.0,1.0,0.0
14,130,9.799601513213062,2.0188792334798635,1.0,0.0,0.0,1.0,0.0,0.0
15,130,8.723731300606437,3.654507991084053,0.0,0.0,0.0,0.0,1.0,0.0
16,130,5.312776318549164,7.050109205755103,1.0,0.0,0.0,0.0,1.0,0.0
17,130,6.7333271261931165,11.82171000571168,1.0,0.0,0.0,1.0,0.0,0.0
18,130,2.0918325761614,12.0,0.0,0.0,0.0,0.0,0.0,0.0
19,130,5.8483366458940464,9.798157503084342,0.0,0.0,1.0,1.0,0.0,0.0
20,130,4.442489572544739,5.676684629653649,0.0,0.0,0.0,0.0,0.0,0.0
21,130,1.9630877963376276,9.217977903828416,0.0,0.0,0.0,0.0,1.0,1.0
22,130,6.751545416355342,5.972898214599524,0.0,0.0,0.0,0.0,0.0,0.0
23,130,11.898996654590295,6.0183686495439925,0.0,1.0,1.0,1.0,0.0,1.0
24,130,2.8853554608585523,12.0,1.0,1.0,1.0,1.0,0.0,0.0
25,130,8.048477176410326,7.72597150757485,0.0,1.0,0.0,0.0,1.0,1.0
26,130,1.557887584486939,8.01832538125284,0.0,0.0,0.0,1.0,1.0,1.0
27,130,6.144200686722614,0.0,0.0,0.0,0.0,1.0,0.0,1.0
28,130,0.8077390221401174,6.87562488056882,0.0,0.0,0.0,0.0,0.0,0.0
29,130,11.002410879666572,9.8003607554507,1.0,0.0,0.0,0.0,0.0,0.0
30,130,7.505399507655523,3.383620288607053,1.0,1.0,0.0,0.0,1.0,1.0
31,130,9.635060546591795,2.1509397529279437,1.0,1.0,1.0,1.0,0.0,0.0
32,130,5.040973338240965,3.437606423547281,0.0,0.0,0.0,1.0,0.0,0.0
33,130,8.958710368250589,3.0293714840092254,0.0,1.0,0.0,0.0,0.0,0.0
34,130,8.48148571483278,9.10092427329804,0.0,1.0,0.0,0.0,1.0,0.0
35,130,6.25929657415798,12.0,1.0,0.0,0.0,0.0,1.0,0.0
36,130,4.527337039539018,2.764034131831967,0.0,1.0,1.0,0.0,1.0,1.0
37,130,8.804112677318413,7.292728288249727,1.0,0.0,0.0,0.0,1.0,1.0
38,130,12.0,9.870587361794009,1.0,0.0,1.0,0.0,1.0,0.0
39,130,12.0,3.2734675734513923,0.0,1.0,1.0,1.0,1.0,1.0
0,135,9.516798862055932,3.0332414966431807,0.0,1.0,0.0,1.0,0.0,1.0
1,135,7.690638988409861,1.8661645083654037,1.0,0.0,1.0,1.0,1.0,1.0
2,135,3.748921996713383,0.8543158187737788,0.0,0.0,0.0,0.0,0.0,0.0
3,135,1.5679125749751337,3.09025473112727,0.0,0.0,1.0,0.0,0.0,0.0
4,135,10.190411853853636,4.965341266166568,0.0,0.0,1.0,0.0,1.0,0.0
5,135,12.0,5.250634129104411,1.0,1.0,0.0,0.0,0.0,0.0
6,135,3.0090884290826896,10.468052224109943,1.0,0.0,1.0,0.0,1.0,1.0
7,135,12.0,3.9466656190037774,0.0,0.0,0.0,0.0,1.0,0.0
8,135,8.771538009968987,4.218224073994657,0.0,0.0,1.0,1.0,0.0,1.0
9,135,4.989259750782222,7.821743037716883,1.0,0.0,0.0,1.0,0.0,0.0
10,135,11.941286949987298,0.1691880057955473,0.0,1.0,1.0,0.0,0.0,0.0
11,135,9.754550778619535,6.085290755694204,0.0,0.0,0.0,0.0,1.0,1.0
12,135,1.0267486147733522,3.7820604692456823,0.0,0.0,0.0,0.0,0.0,0.0
13,135,0.0557299903356697,2.24361968283963,0.0,1.0,0.0,1.0,1.0,0.0
14,135,9.719486827583571,2.021693914590512,1.0,0.0,0.0,1.0,0.0,0.0
15,135,8.7691758035588,3.6907013624933738,0.0,0.0,0.0,0.0,1.0,0.0
16,135,5.276479557519593,7.046835741055416,1.0,0.0,0.0,0.0,1.0,0.0
17,135,6.772169007122962,11.796646583735605,1.0,0.0,0.0,1.0,0.0,0.0
18,135,1.9553048668837607,12.0,0.0,0.0,0.0,0.0,0.0,0.0
19,135,5.859166355618241,9.796002776909733,0.0,0.0,1.0,1.0,0.0,0.0
20,135,4.379452791835442,5.618496841584922,0.0,0.0,0.0,0.0,0.0,0.0
21,135,1.9923073579434225,9.217271651456883,0.0,0.0,0.0,0.0,1.0,1.0
22,135,6.803331093888289,5.96329145975626,0.0,0.0,0.0,0.0,0.0,0.0
23,135,11.894264378942882,6.023108647904185,0.0,1.0,1.0,1.0,0.0,1.0
24,135,2.882880674437737,12.0,1.0,1.0,1.0,1.0,0.0,0.0
25,135,8.05016602658936,7.661719955769484,0.0,1.0,0.0,0.0,1.0,1.0
26,135,1.5720797544571263,7.992815194202122,0.0,0.0,0.0,1.0,1.0,1.0
27,135,6.064010769733215,0.0,0.0,0.0,0.0,1.0,0.0,1.0
28,135,0.8262994349144579,6.879302191630073,0.0,0.0,0.0,0.0,0.0,0.0
29,135,10.98373129548443,9.864626444794858,1.0,0.0,0.0,0.0,0.0,0.0
30,135,7.456750291677983,3.326724988368487,1.0,1.0,0.0,0.0,1.0,1.0
31,135,9.6339598801538,2.14270350086417,1.0,1.0,1.0,1.0,0.0,0.0
32,135,4.95649254510605,3.492699889568048,0.0,0.0,0.0,1.0,0.0,0.0
33,135,8.9772697640054,3.0171351305251317,0.0,1.0,0.0,0.0,0.0,0.0
34,135,8.440179357258268,9.187020864704492,0.0,1.0,0.0,0.0,1.0,0.0
35,135,6.403959245568007,12.0,1.0,0.0,0.0,0.0,1.0,0.0
36,135,4.560091216941228,2.808490646593404,0.0,1.0,1.0,0.0,1.0,1.0
37,135,8.974604308259845,7.301169047041726,1.0,0.0,0.0,0.0,1.0,1.0
38,135,12.0,9.86521436294301,1.0,0.0,1.0,0.0,1.0,0.0
39,135,12.0,3.3957083816949925,0.0,1.0,1.0,1.0,1.0,1.0
0,140,9.51854611622334,3.041696226555965,0.0,1.0,0.0,1.0,0.0,1.0
1,140,7.821959638429285,1.7600589917221832,1.0,0.0,1.0,1.0,1.0,1.0
2,140,3.7415323004739816,0.8808413321510766,0.0,0.0,0.0,0.0,0.0,0.0
3,140,1.580676715052558,2.999746397960667,0.0,0.0,1.0,0.0,0.0,0.0
4,140,10.245992812564564,4.954371582737971,0.0,0.0,1.0,0.0,1.0,0.0
5,140,12.0,5.165836262635185,1.0,1.0,0.0,0.0,0.0,0.0
6,140,2.975897439785742,10.483339820822325,1.0,0.0,1.0,0.0,1.0,1.0
7,140,12.0,4.007056316353103,0.0,0.0,0.0,0.0,1.0,0.0
8,140,8.844923857849226,4.162815279826185,0.0,0.0,1.0,1.0,0.0,1.0
9,140,4.874528311381595,7.8872726525880115,1.0,0.0,0.0,1.0,0.0,0.0
10,140,11.943373681769907,0.1623077963698723,0.0,1.0,1.0,0.0,0.0,0.0
11,140,9.80979729779767,6.056471741927533,0.0,0.0,0.0,0.0,1.0,1.0
12,140,1.0264409345076495,3.830038825227508,0.0,0.0,0.0,0.0,0.0,0.0
13,140,0.0881359460035116,2.2429685109342965,0.0,1.0,0.0,1.0,1.0,0.0
14,140,9.645056830902911,2.0238096627205264,1.0,0.0,0.0,1.0,0.0,0.0
15,140,8.81345066734934,3.726602456462777,0.0,0.0,0.0,0.0,1.0,0.0
16,140,5.228273948154227,7.043418207648688,1.0,0.0,0.0,0.0,1.0,0.0
17,140,6.828978947060893,11.75794107483857,1.0,0.0,0.0,1.0,0.0,0.0
18,140,1.8205381467233517,12.0,0.0,0.0,0.0,0.0,0.0,0.0
19,140,5.861172343241548,9.795601100692725,0.0,0.0,1.0,1.0,0.0,0.0
20,140,4.317509293552504,5.559026855842807,0.0,0.0,0.0,0.0,0.0,0.0
21,140,2.0232996346850416,9.21583476972032,0.0,0.0,0.0,0.0,1.0,1.0
22,140,6.844118896306394,5.956223749777582,0.0,0.0,0.0,0.0,0.0,0.0
23,140,11.88662524509124,6.030371157630915,0.0,1.0,1.0,1.0,0.0,1.0
24,140,2.881075497433569,12.0,1.0,1.0,1.0,1.0,0.0,0.0
25,140,8.052964219110631,7.598894638863541,0.0,1.0,0.0,0.0,1.0,1.0
26,140,1.579507039086799,7.978706944871363,0.0,0.0,0.0,1.0,1.0,1.0
27,140,6.003257471843821,0.0,0.0,0.0,0.0,1.0,0.0,1.0
28,140,0.8588522675952054,6.885669211369496,0.0,0.0,0.0,0.0,0.0,0.0
29,140,10.963120379133729,9.942552649628256,1.0,0.0,0.0,0.0,0.0,0.0
30,140,7.4115074541450685,3.276654969641653,1.0,1.0,0.0,0.0,1.0,1.0
31,140,9.636619313569769,2.1642960522512165,1.0,1.0,1.0,1.0,0.0,0.0
32,140,4.854954647366373,3.559210157684461,0.0,0.0,0.0,1.0,0.0,0.0
33,140,9.011477117201403,2.9946196657767064,0.0,1.0,0.0,0.0,0.0,0.0
34,140,8.398324693295585,9.277283397434529,0.0,1.0,0.0,0.0,1.0,0.0
35,140,6.527368150337433,12.0,1.0,0.0,0.0,0.0,1.0,0.0
36,140,4.594589988001171,2.8560003854997618,0.0,1.0,1.0,0.0,1.0,1.0
37,140,9.14245027981624,7.306599198779326,1.0,0.0,0.0,0.0,1.0,1.0
38,140,12.0,9.857940250935954,1.0,0.0,1.0,0.0,1.0,0.0
39,140,12.0,3.517305444688788,0.0,1.0,1.0,1.0,1.0,1.0
0,145,9.519183614389124,3.044813034317281,0.0,1.0,0.0,1.0,0.0,1.0
1,145,7.922079000980314,1.6781119750233506,1.0,0.0,1.0,1.0,1.0,1.0
2,145,3.73762111400024,0.8937949827980516,0.0,0.0,0.0,0.0,0.0,0.0
3,145,1.5912251974321965,2.9021796660643493,0.0,0.0,1.0,0.0,0.0,0.0
4,145,10.32353463732206,4.9400717339647615,0.0,0.0,1.0,0.0,1.0,0.0
5,145,12.0,5.0798186170820205,1.0,1.0,0.0,0.0,0.0,0.0
6,145,2.9164199259246235,10.509210156039703,1.0,0.0,1.0,0.0,1.0,1.0
7,145,12.0,4.066956673298084,0.0,0.0,0.0,0.0,1.0,0.0
8,145,8.920093748228954,4.106675805375542,0.0,0.0,1.0,1.0,0.0,1.0
9,145,4.745134360391442,7.95668617338213,1.0,0.0,0.0,1.0,0.0,0.0
10,145,11.948665292059388,0.1457800742565654,0.0,1.0,1.0,0.0,0.0,0.0
11,145,9.849779082862852,6.035401687480127,0.0,0.0,0.0,0.0,1.0,1.0
12,145,1.0267068674082875,3.873370434648257,0.0,0.0,0.0,0.0,0.0,0.0
13,145,0.1383072879520468,2.241982305557217,0.0,1.0,0.0,1.0,1.0,0.0
14,145,9.589504602849454,2.026913654959216,1.0,0.0,0.0,1.0,0.0,0.0
15,145,8.847169721365336,3.755151093888718,0.0,0.0,0.0,0.0,1.0,0.0
16,145,5.218086315979988,7.042186412284959,1.0,0.0,0.0,0.0,1.0,0.0
17,145,6.892386066666189,11.716193738834962,1.0,0.0,0.0,1.0,0.0,0.0
18,145,1.687239225048517,12.0,0.0,0.0,0.0,0.0,0.0,0.0
19,145,5.8905421378480325,9.788743077873251,0.0,0.0,1.0,1.0,0.0,0.0
20,145,4.2684812533785,5.514935557763071,0.0,0.0,0.0,0.0,0.0,0.0
21,145,2.027027802642025,9.215675909175102,0.0,0.0,0.0,0.0,1.0,1.0
22,145,6.883872943287242,5.950129311686573,0.0,0.0,0.0,0.0,0.0,0.0
23,145,11.877311043073504,6.03908356257766,0.0,1.0,1.0,1.0,0.0,1.0
24,145,2.8790788217355323,12.0,1.0,1.0,1.0,1.0,0.0,0.0
25,145,8.056832053254766,7.511009382194032,0.0,1.0,0.0,0.0,1.0,1.0
26,145,1.5842565770636232,7.981357092794385,0.0,0.0,0.0,1.0,1.0,1.0
27,145,5.9387018309828,0.0,0.0,0.0,0.0,1.0,0.0,1.0
28,145,0.8807407637096694,6.890717860875112,0.0,0.0,0.0,0.0,0.0,0.0
29,145,10.94396612483784,10.01956515189585,1.0,0.0,0.0,0.0,0.0,0.0
30,145,7.3619982617675,3.222399375665727,1.0,1.0,0.0,0.0,1.0,1.0
31,145,9.640847181598968,2.196188751278858,1.0,1.0,1.0,1.0,0.0,0.0
32,145,4.737559763275311,3.6367430620167234,0.0,0.0,0.0,1.0,0.0,0.0
33,145,9.059750418851335,2.9582091887455264,0.0,1.0,0.0,0.0,0.0,0.0
34,145,8.358891284236668,9.372983250881996,0.0,1.0,0.0,0.0,1.0,0.0
35,145,6.644309379617374,12.0,1.0,0.0,0.0,0.0,1.0,0.0
36,145,4.643170158219114,2.9212823879368,0.0,1.0,1.0,0.0,1.0,1.0
37,145,9.312191616855854,7.310152683587464,1.0,0.0,0.0,0.0,1.0,1.0
38,145,12.0,9.849593852152168,1.0,0.0,1.0,0.0,1.0,0.0
39,145,12.0,3.641532409419927,0.0,1.0,1.0,1.0,1.0,1.0
0,150,9.519671205328128,3.047059633059157,0.0,1.0,0.0,1.0,0.0,1.0
1,150,8.025608454519052,1.5982439470973466,1.0,0.0,1.0,1.0,1.0,1.0
2,150,3.733429974217302,0.908268065256408,0.0,0.0,0.0,0.0,0.0,0.0
3,150,1.6014153935524578,2.806130689805768,0.0,0.0,1.0,0.0,0.0,0.0
4,150,10.413772256564911,4.924085573680127,0.0,0.0,1.0,0.0,1.0,0.0
5,150,12.0,4.995717414162028,1.0,1.0,0.0,0.0,0.0,0.0
6,150,2.857156865029729,10.537127927397648,1.0,0.0,1.0,0.0,1.0,1.0
7,150,12.0,4.125358448613565,0.0,0.0,0.0,0.0,1.0,0.0
8,150,8.993312829174839,4.050670587532649,0.0,0.0,1.0,1.0,0.0,1.0
9,150,4.591717993252166,8.038354714500416,1.0,0.0,0.0,1.0,0.0,0.0
10,150,11.952026158136125,0.1352575634073907,0.0,1.0,1.0,0.0,0.0,0.0
11,150,9.87184183606017,6.023666837411324,0.0,0.0,0.0,0.0,1.0,1.0
12,150,1.0268084865602285,3.923165387435146,0.0,0.0,0.0,0.0,0.0,0.0
13,150,0.1847654351332903,2.2410471798232345,0.0,1.0,0.0,1.0,1.0,0.0
14,150,9.534978542633368,2.0272837474954697,1.0,0.0,0.0,1.0,0.0,0.0
15,150,8.862015745004536,3.767450728019605,0.0,0.0,0.0,0.0,1.0,0.0
16,150,5.205744457756525,7.040910146118715,1.0,0.0,0.0,0.0,1.0,0.0
17,150,6.951735798597222,11.676949179450268,1.0,0.0,0.0,1.0,0.0,0.0
18,150,1.5903859474159712,11.8606699040604,0.0,0.0,0.0,0.0,0.0,0.0
19,150,5.917020383004978,9.7830563492535,0.0,0.0,1.0,1.0,0.0,0.0
20,150,4.217160902037517,5.471192796289251,0.0,0.0,0.0,0.0,0.0,0.0
21,150,2.0368578801939394,9.215316924439623,0.0,0.0,0.0,0.0,1.0,1.0
22,150,6.914440751414173,5.946069479706988,0.0,0.0,0.0,0.0,0.0,0.0
23,150,11.8603662640589,6.054238139990479,0.0,1.0,1.0,1.0,0.0,1.0
24,150,2.876807447624488,12.0,1.0,1.0,1.0,1.0,0.0,0.0
25,150,8.05869879691875,7.415968699392523,0.0,1.0,0.0,0.0,1.0,1.0
26,150,1.6131483235574278,7.997535145690663,0.0,0.0,0.0,1.0,1.0,1.0
27,150,5.863152034135585,0.0,0.0,0.0,0.0,1.0,0.0,1.0
28,150,0.8792346257287269,6.890357781466433,0.0,0.0,0.0,0.0,0.0,0.0
29,150,10.924505437266108,10.11557232632182,1.0,0.0,0.0,0.0,0.0,0.0
30,150,7.314591574411962,3.1729179094913285,1.0,1.0,0.0,0.0,1.0,1.0
31,150,9.645245012357703,2.227244514966457,1.0,1.0,1.0,1.0,0.0,0.0
32,150,4.603880829331417,3.731620117768414,0.0,0.0,0.0,1.0,0.0,0.0
33,150,9.103331931057468,2.9249391187085774,0.0,1.0,0.0,0.0,0.0,0.0
34,150,8.318314673157746,9.474431974007816,0.0,1.0,0.0,0.0,1.0,0.0
35,150,6.751827418148232,12.0,1.0,0.0,0.0,0.0,1.0,0.0
36,150,4.686184161629972,2.978536378703988,0.0,1.0,1.0,0.0,1.0,1.0
37,150,9.463829903107476,7.317958013796092,1.0,0.0,0.0,0.0,1.0,1.0
38,150,12.0,9.842069276026333,1.0,0.0,1.0,0.0,1.0,0.0
39,150,12.0,3.790097609561836,0.0,1.0,1.0,1.0,1.0,1.0
0,155,9.516074102901904,3.030183335900703,0.0,1.0,0.0,1.0,0.0,1.0
1,155,8.1352518770685,1.5104313423927036,1.0,0.0,1.0,1.0,1.0,1.0
2,155,3.729962108743809,0.9194075859206938,0.0,0.0,0.0,0.0,0.0,0.0
3,155,1.6119389908602504,2.6924275912179176,0.0,0.0,1.0,0.0,0.0,0.0
4,155,10.505564912872888,4.905168692208826,0.0,0.0,1.0,0.0,1.0,0.0
5,155,12.0,4.915386202922539,1.0,1.0,0.0,0.0,0.0,0.0
6,155,2.803212203103264,10.56253183036174,1.0,0.0,1.0,0.0,1.0,1.0
7,155,12.0,4.178285271355051,0.0,0.0,0.0,0.0,1.0,0.0
8,155,9.072740029095248,3.992475981603409,0.0,0.0,1.0,1.0,0.0,1.0
9,155,4.437995279866184,8.124371571741174,1.0,0.0,0.0,1.0,0.0,0.0
10,155,11.953935123011597,0.1294604626794687,0.0,1.0,1.0,0.0,0.0,0.0
11,155,9.89003175708046,6.01459611779791,0.0,0.0,0.0,0.0,1.0,1.0
12,155,1.026632493108424,3.958986810560682,0.0,0.0,0.0,0.0,0.0,0.0
13,155,0.2424017552577828,2.2388825328496798,0.0,1.0,0.0,1.0,1.0,0.0
14,155,9.493564546341204,2.0274151855411517,1.0,0.0,0.0,1.0,0.0,0.0
15,155,8.88857993279174,3.789103039727179,0.0,0.0,0.0,0.0,1.0,0.0
16,155,5.2080822739199135,7.0410900438639015,1.0,0.0,0.0,0.0,1.0,0.0
17,155,7.000415946446095,11.641392300622234,1.0,0.0,0.0,1.0,0.0,0.0
18,155,1.4931530909836896,11.721852910433828,0.0,0.0,0.0,0.0,0.0,0.0
19,155,5.9579112097071,9.774922116286428,0.0,0.0,1.0,1.0,0.0,0.0
20,155,4.151136777093008,5.415366476835384,0.0,0.0,0.0,0.0,0.0,0.0
21,155,2.0466342432735654,9.21515790444018,0.0,0.0,0.0,0.0,1.0,1.0
22,155,6.971167897031421,5.937940176253528,0.0,0.0,0.0,0.0,0.0,0.0
23,155,11.844896641821196,6.068218553438556,0.0,1.0,1.0,1.0,0.0,1.0
24,155,2.8749991974559186,12.0,1.0,1.0,1.0,1.0,0.0,0.0
25,155,8.056744510164698,7.323788307106535,0.0,1.0,0.0,0.0,1.0,1.0
26,155,1.6546454663558865,8.021607644498854,0.0,0.0,0.0,1.0,1.0,1.0
27,155,5.806101188430842,0.0,0.0,0.0,0.0,1.0,0.0,1.0
28,155,0.8779341769502612,6.890038048718127,0.0,0.0,0.0,0.0,0.0,0.0
29,155,10.90350451690239,10.228531551536395,1.0,0.0,0.0,0.0,0.0,0.0
30,155,7.280323447251663,3.133912539781214,1.0,1.0,0.0,0.0,1.0,1.0
31,155,9.649110988500002,2.249631341870952,1.0,1.0,1.0,1.0,0.0,0.0
32,155,4.494493239954679,3.806635689173261,0.0,0.0,0.0,1.0,0.0,0.0
33,155,9.146755733316674,2.893869157094953,0.0,1.0,0.0,0.0,0.0,0.0
34,155,8.276562555040647,9.574688377963028,0.0,1.0,0.0,0.0,1.0,0.0
35,155,6.801242090992559,11.909022844808128,1.0,0.0,0.0,0.0,1.0,0.0
36,155,4.728607758363109,3.034800614906214,0.0,1.0,1.0,0.0,1.0,1.0
37,155,9.603227095778635,7.324340042502061,1.0,0.0,0.0,0.0,1.0,1.0
38,155,12.0,9.826991137935146,1.0,0.0,1.0,0.0,1.0,0.0
39,155,12.0,3.957654460867826,0.0,1.0,1.0,1.0,1.0,1.0
0,160,9.51391250397511,3.0195442783490107,0.0,1.0,0.0,1.0,0.0,1.0
1,160,8.23842803141206,1.4258487049692334,1.0,0.0,1.0,1.0,1.0,1.0
2,160,3.724614230927152,0.936731976308528,0.0,0.0,0.0,0.0,0.0,0.0
3,160,1.6218808664979982,2.582680343475876,0.0,0.0,1.0,0.0,0.0,0.0
4,160,10.598701902291824,4.882551484565626,0.0,0.0,1.0,0.0,1.0,0.0
5,160,12.0,4.844075429421067,1.0,1.0,0.0,0.0,0.0,0.0
6,160,2.7311302329054854,10.59593281880413,1.0,0.0,1.0,0.0,1.0,1.0
7,160,12.0,4.233703558626327,0.0,0.0,0.0,0.0,1.0,0.0
8,160,9.14859123025519,3.929800433084398,0.0,0.0,1.0,1.0,0.0,1.0
9,160,4.276665002123983,8.220560731775334,1.0,0.0,0.0,1.0,0.0,0.0
10,160,11.953874936221148,0.1296470188775605,0.0,1.0,1.0,0.0,0.0,0.0
11,160,9.899917252556554,6.010130150569562,0.0,0.0,0.0,0.0,1.0,1.0
12,160,1.0267628726817208,3.993597361767935,0.0,0.0,0.0,0.0,0.0,0.0
13,160,0.2985867816327516,2.2364477359330475,0.0,1.0,0.0,1.0,1.0,0.0
14,160,9.455259628778856,2.026503275051703,1.0,0.0,0.0,1.0,0.0,0.0
15,160,8.914270550857651,3.81008052134348,0.0,0.0,0.0,0.0,1.0,0.0
16,160,5.230832401069812,7.042379345412403,1.0,0.0,0.0,0.0,1.0,0.0
17,160,7.031621786201031,11.618701426470714,1.0,0.0,0.0,1.0,0.0,0.0
18,160,1.373923397190355,11.552302888288848,0.0,0.0,0.0,0.0,0.0,0.0
19,160,5.989535565747776,9.768528865486962,0.0,0.0,1.0,1.0,0.0,0.0
20,160,4.101936865308473,5.374353596060487,0.0,0.0,0.0,0.0,0.0,0.0
21,160,2.048956555683229,9.215080767237447,0.0,0.0,0.0,0.0,1.0,1.0
22,160,7.026966698073341,5.930519745432664,0.0,0.0,0.0,0.0,0.0,0.0
23,160,11.838680426674223,6.073964390828744,0.0,1.0,1.0,1.0,0.0,1.0
24,160,2.873272315538675,12.0,1.0,1.0,1.0,1.0,0.0,0.0
25,160,8.0529956118972,7.234135259356708,0.0,1.0,0.0,0.0,1.0,1.0
26,160,1.7069513757276216,8.051111366784397,0.0,0.0,0.0,1.0,1.0,1.0
27,160,5.759612737984605,0.0,0.0,0.0,0.0,1.0,0.0,1.0
28,160,0.8875222433574225,6.892342901796195,0.0,0.0,0.0,0.0,0.0,0.0
29,160,10.878957371235702,10.351715752528587,1.0,0.0,0.0,0.0,0.0,0.0
30,160,7.249799801015696,3.099332981814144,1.0,1.0,0.0,0.0,1.0,1.0
31,160,9.656072139305389,2.286180297886188,1.0,1.0,1.0,1.0,0.0,0.0
32,160,4.369367849812152,3.892892885105344,0.0,0.0,0.0,1.0,0.0,0.0
33,160,9.19458147343569,2.856829742304155,0.0,1.0,0.0,0.0,0.0,0.0
34,160,8.231775439650281,9.679884837861849,0.0,1.0,0.0,0.0,1.0,0.0
35,160,6.842404862210263,11.83088316396896,1.0,0.0,0.0,0.0,1.0,0.0
36,160,4.774593313458304,3.095984388875274,0.0,1.0,1.0,0.0,1.0,1.0
37,160,9.749373937757042,7.330395888797845,1.0,0.0,0.0,0.0,1.0,1.0
38,160,12.0,9.814560242181098,1.0,0.0,1.0,0.0,1.0,0.0
39,160,12.0,4.135742323033979,0.0,1.0,1.0,1.0,1.0,1.0
0,165,9.513371124245754,3.016982969287913,0.0,1.0,0.0,1.0,0.0,1.0
1,165,8.344278220620389,1.33770056465394,1.0,0.0,1.0,1.0,1.0,1.0
2,165,3.7208515087160334,0.9494843980983404,0.0,0.0,0.0,0.0,0.0,0.0
3,165,1.6302171770820035,2.4934841563452528,0.0,0.0,1.0,0.0,0.0,0.0
4,165,10.699477233494854,4.86018143265757,0.0,0.0,1.0,0.0,1.0,0.0
5,165,12.0,4.773815479463586,1.0,1.0,0.0,0.0,0.0,0.0
6,165,2.658388573046463,10.63153104611538,1.0,0.0,1.0,0.0,1.0,1.0
7,165,12.0,4.283178976788118,0.0,0.0,0.0,0.0,1.0,0.0
8,165,9.221886622001826,3.870534682535697,0.0,0.0,1.0,1.0,0.0,1.0
9,165,4.12631277941924,8.317341873994257,1.0,0.0,0.0,1.0,0.0,0.0
10,165,11.947795926859005,0.1483858799199421,0.0,1.0,1.0,0.0,0.0,0.0
11,165,9.91656749372236,6.002840723379136,0.0,0.0,0.0,0.0,1.0,1.0
12,165,1.0256475021216762,4.035096349227008,0.0,0.0,0.0,0.0,0.0,0.0
13,165,0.2969289646709397,2.192291646990648,0.0,1.0,0.0,1.0,1.0,0.0
14,165,9.40953280033542,2.0253484138636355,1.0,0.0,0.0,1.0,0.0,0.0
15,165,8.958240330798207,3.8473577365948968,0.0,0.0,0.0,0.0,1.0,0.0
16,165,5.219232079950164,7.041959501160066,1.0,0.0,0.0,0.0,1.0,0.0
17,165,7.0652837785088085,11.59377128612989,1.0,0.0,0.0,1.0,0.0,0.0
18,165,1.2525538250979598,11.371594557747509,0.0,0.0,0.0,0.0,0.0,0.0
19,165,6.008368142572879,9.765106925998698,0.0,0.0,1.0,1.0,0.0,0.0
20,165,4.072628662731366,5.350456086504349,0.0,0.0,0.0,0.0,0.0,0.0
21,165,2.048946704788593,9.212223867126449,0.0,0.0,0.0,0.0,1.0,1.0
22,165,7.07409653327844,5.924988119675005,0.0,0.0,0.0,0.0,0.0,0.0
23,165,11.847122768877066,6.065985911538629,0.0,1.0,1.0,1.0,0.0,1.0
24,165,2.8724581452017817,12.0,1.0,1.0,1.0,1.0,0.0,0.0
25,165,8.049007405926693,7.13971708058407,0.0,1.0,0.0,0.0,1.0,1.0
26,165,1.76411072112013,8.083731140281479,0.0,0.0,0.0,1.0,1.0,1.0
27,165,5.725111731622897,0.0,0.0,0.0,0.0,1.0,0.0,1.0
28,165,0.8961197343455443,6.894380188303753,0.0,0.0,0.0,0.0,0.0,0.0
29,165,10.847052561092418,10.485094858129395,1.0,0.0,0.0,0.0,0.0,0.0
30,165,7.209905103895656,3.054809659205581,1.0,1.0,0.0,0.0,1.0,1.0
31,165,9.66508491747275,2.3402363541205475,1.0,1.0,1.0,1.0,0.0,0.0
32,165,4.2439552373040295,3.982968731143296,0.0,0.0,0.0,1.0,0.0,0.0
33,165,9.22748081471089,2.829527311845341,0.0,1.0,0.0,0.0,0.0,0.0
34,165,8.191527202993356,9.776322363312389,0.0,1.0,0.0,0.0,1.0,0.0
35,165,6.893912941901875,11.734251163278866,1.0,0.0,0.0,0.0,1.0,0.0
36,165,4.827268173934267,3.169677351750864,0.0,1.0,1.0,0.0,1.0,1.0
37,165,9.8962784402927,7.33584372765669,1.0,0.0,0.0,0.0,1.0,1.0
38,165,12.0,9.80407812348992,1.0,0.0,1.0,0.0,1.0,0.0
39,165,12.0,4.321098470468033,0.0,1.0,1.0,1.0,1.0,1.0
0,170,9.516306104610344,3.0319087332021253,0.0,1.0,0.0,1.0,0.0,1.0
1,170,8.470604258908399,1.2308804534121256,1.0,0.0,1.0,1.0,1.0,1.0
2,170,3.718635489820744,0.9574937409604796,0.0,0.0,0.0,0.0,0.0,0.0
3,170,1.6394632441916264,2.410561029279089,0.0,0.0,1.0,0.0,0.0,0.0
4,170,10.806008819166433,4.834631011222971,0.0,0.0,1.0,0.0,1.0,0.0
5,170,12.0,4.705507310164025,1.0,1.0,0.0,0.0,0.0,0.0
6,170,2.6007961432487896,10.659421718351185,1.0,0.0,1.0,0.0,1.0,1.0
7,170,12.0,4.329460115766997,0.0,0.0,0.0,0.0,1.0,0.0
8,170,9.313699551969686,3.793514016830104,0.0,0.0,1.0,1.0,0.0,1.0
9,170,3.9793261649035463,8.412418105832275,1.0,0.0,0.0,1.0,0.0,0.0
10,170,11.938410409811656,0.1749015285751029,0.0,1.0,1.0,0.0,0.0,0.0
11,170,9.919333614501417,6.001635889582404,0.0,0.0,0.0,0.0,1.0,1.0
12,170,1.0253181104116698,4.072390040082446,0.0,0.0,0.0,0.0,0.0,0.0
13,170,0.2955833148323194,2.151401374715571,0.0,1.0,0.0,1.0,1.0,0.0
14,170,9.36983536271886,2.024308941934952,1.0,0.0,0.0,1.0,0.0,0.0
15,170,8.922215778984292,3.889940363987756,0.0,0.0,0.0,0.0,1.0,0.0
16,170,5.210734695587829,7.041572752190287,1.0,0.0,0.0,0.0,1.0,0.0
17,170,7.103418434358643,11.56547490546772,1.0,0.0,0.0,1.0,0.0,0.0
18,170,1.1370661131598556,11.205958161457945,0.0,0.0,0.0,0.0,0.0,0.0
19,170,6.049887514052824,9.756937803705895,0.0,0.0,1.0,1.0,0.0,0.0
20,170,4.039866336572471,5.323045440350041,0.0,0.0,0.0,0.0,0.0,0.0
21,170,2.0488430842293077,9.237414481925258,0.0,0.0,0.0,0.0,1.0,1.0
22,170,7.108617676272227,5.920596933017118,0.0,0.0,0.0,0.0,0.0,0.0
23,170,11.864996297803131,6.049121515530835,0.0,1.0,1.0,1.0,0.0,1.0
24,170,2.8759504103002347,12.0,1.0,1.0,1.0,1.0,0.0,0.0
25,170,8.045102323627225,7.076814830584774,0.0,1.0,0.0,0.0,1.0,1.0
26,170,1.7965291080275856,8.102421714573095,0.0,0.0,0.0,1.0,1.0,1.0
27,170,5.682541818636043,0.0,0.0,0.0,0.0,1.0,0.0,1.0
28,170,0.8991745552963488,6.895108510288057,0.0,0.0,0.0,0.0,0.0,0.0
29,170,10.818026597111404,10.597580472466044,1.0,0.0,0.0,0.0,0.0,0.0
30,170,7.168332355343439,3.008663464813857,1.0,1.0,0.0,0.0,1.0,1.0
31,170,9.676501210920664,2.3967442623616835,1.0,1.0,1.0,1.0,0.0,0.0
32,170,4.131014899094196,4.063133064626353,0.0,0.0,0.0,1.0,0.0,0.0
33,170,9.274192669740142,2.7897191804929595,0.0,1.0,0.0,0.0,0.0,0.0
34,170,8.145696790114885,9.88408473288622,0.0,1.0,0.0,0.0,1.0,0.0
35,170,6.948695087454371,11.627526237744888,1.0,0.0,0.0,0.0,1.0,0.0
36,170,4.889951000719342,3.2567890110479056,0.0,1.0,1.0,0.0,1.0,1.0
37,170,10.03611777447662,7.338901882268654,1.0,0.0,0.0,0.0,1.0,1.0
38,170,12.0,9.791355731444382,1.0,0.0,1.0,0.0,1.0,0.0
39,170,12.0,4.525254418532481,0.0,1.0,1.0,1.0,1.0,1.0
0,175,9.515238999662929,3.025974526287126,0.0,1.0,0.0,1.0,0.0,1.0
1,175,8.582664544388281,1.1307123761769209,1.0,0.0,1.0,1.0,1.0,1.0
2,175,3.714818808319252,0.9715449792082772,0.0,0.0,0.0,0.0,0.0,0.0
3,175,1.648366513637906,2.325917566437913,0.0,0.0,1.0,0.0,0.0,0.0
4,175,10.890898575955946,4.8145468132524405,0.0,0.0,1.0,0.0,1.0,0.0
5,175,12.0,4.639277042166453,1.0,1.0,0.0,0.0,0.0,0.0
6,175,2.5580228993679333,10.679699718480435,1.0,0.0,1.0,0.0,1.0,1.0
7,175,12.0,4.384054557818682,0.0,0.0,0.0,0.0,1.0,0.0
8,175,9.412704577480069,3.7097270519434375,0.0,0.0,1.0,1.0,0.0,1.0
9,175,3.822460833566596,8.513999192113943,1.0,0.0,0.0,1.0,0.0,0.0
10,175,11.929070819598047,0.2006836256850251,0.0,1.0,1.0,0.0,0.0,0.0
11,175,9.926860100781427,5.998358687970056,0.0,0.0,0.0,0.0,1.0,1.0
12,175,1.024733703564211,4.109857432824619,0.0,0.0,0.0,0.0,0.0,0.0
13,175,0.2938521832471372,2.107891929610266,0.0,1.0,0.0,1.0,1.0,0.0
14,175,9.324960394264806,2.0233152968720702,1.0,0.0,0.0,1.0,0.0,0.0
15,175,8.878569310836324,3.948331603026432,0.0,0.0,0.0,0.0,1.0,0.0
16,175,5.214811645325478,7.041717318676195,1.0,0.0,0.0,0.0,1.0,0.0
17,175,7.143841165872667,11.53626059245896,1.0,0.0,0.0,1.0,0.0,0.0
18,175,1.026084368963145,11.052114031096922,0.0,0.0,0.0,0.0,0.0,0.0
19,175,6.091301357780983,9.748254031213634,0.0,0.0,1.0,1.0,0.0,0.0
20,175,4.008559735311172,5.298089327955547,0.0,0.0,0.0,0.0,0.0,0.0
21,175,2.048780428593516,9.26378944566858,0.0,0.0,0.0,0.0,1.0,1.0
22,175,7.142345233775449,5.91716881304826,0.0,0.0,0.0,0.0,0.0,0.0
23,175,11.89007986599668,6.02545319730234,0.0,1.0,1.0,1.0,0.0,1.0
24,175,2.878732784771514,12.0,1.0,1.0,1.0,1.0,0.0,0.0
25,175,8.040611488021806,7.004981205363329,0.0,1.0,0.0,0.0,1.0,1.0
26,175,1.8330557386050477,8.123247762400926,0.0,0.0,0.0,1.0,1.0,1.0
27,175,5.639427605249913,0.0,0.0,0.0,0.0,1.0,0.0,1.0
28,175,0.9276601172529272,6.901432431633269,0.0,0.0,0.0,0.0,0.0,0.0
29,175,10.78709941746683,10.717131900666232,1.0,0.0,0.0,0.0,0.0,0.0
30,175,7.1220360674917575,2.959905096384424,1.0,1.0,0.0,0.0,1.0,1.0
31,175,9.689996678129583,2.4674367313891183,1.0,1.0,1.0,1.0,0.0,0.0
32,175,4.025749328548072,4.1389946806140125,0.0,0.0,0.0,1.0,0.0,0.0
33,175,9.330025678135607,2.74428494753639,0.0,1.0,0.0,0.0,0.0,0.0
34,175,8.086465403371154,10.009431575541916,0.0,1.0,0.0,0.0,1.0,0.0
35,175,7.015588354065234,11.501917918753255,1.0,0.0,0.0,0.0,1.0,0.0
36,175,4.967859874924639,3.3614287494812256,0.0,1.0,1.0,0.0,1.0,1.0
37,175,10.168680022878796,7.34330601995478,1.0,0.0,0.0,0.0,1.0,1.0
38,175,12.0,9.778295306639992,1.0,0.0,1.0,0.0,1.0,0.0
39,175,12.0,4.719345617363016,0.0,1.0,1.0,1.0,1.0,1.0
0,180,9.512729051209666,3.0127755122663884,0.0,1.0,0.0,1.0,0.0,1.0
1,180,8.697342001078614,1.0350494178615115,1.0,0.0,1.0,1.0,1.0,1.0
2,180,3.705293980429332,1.0032770500646568,0.0,0.0,0.0,0.0,0.0,0.0
3,180,1.6571572365499707,2.246542166503983,0.0,0.0,1.0,0.0,0.0,0.0
4,180,11.000601141102544,4.787576216045036,0.0,0.0,1.0,0.0,1.0,0.0
5,180,12.0,4.58036393309683,1.0,1.0,0.0,0.0,0.0,0.0
6,180,2.5101001752392693,10.702045603658288,1.0,0.0,1.0,0.0,1.0,1.0
7,180,12.0,4.437186978588351,0.0,0.0,0.0,0.0,1.0,0.0
8,180,9.511592430972811,3.624471942660165,0.0,0.0,1.0,1.0,0.0,1.0
9,180,3.6538492772498943,8.6278952633482,1.0,0.0,0.0,1.0,0.0,0.0
10,180,11.92329242774364,0.2160422424473085,0.0,1.0,1.0,0.0,0.0,0.0
11,180,9.91087382729161,6.004969977517078,0.0,0.0,0.0,0.0,1.0,1.0
12,180,1.025163481732573,4.137287833954355,0.0,0.0,0.0,0.0,0.0,0.0
13,180,0.2924415532752181,2.077564237288253,0.0,1.0,0.0,1.0,1.0,0.0
14,180,9.290649419175184,2.023046585457423,1.0,0.0,0.0,1.0,0.0,0.0
15,180,8.828046517258384,4.016556169365663,0.0,0.0,0.0,0.0,1.0,0.0
16,180,5.202328862452555,7.041564237930314,1.0,0.0,0.0,0.0,1.0,0.0
17,180,7.1747398490840935,11.513614771208063,1.0,0.0,0.0,1.0,0.0,0.0
18,180,0.9103642749593744,10.888882860512222,0.0,0.0,0.0,0.0,0.0,0.0
19,180,6.148036649015899,9.737175957239636,0.0,0.0,1.0,1.0,0.0,0.0
20,180,3.978312202477345,5.27366367303857,0.0,0.0,0.0,0.0,0.0,0.0
21,180,2.0485335945226164,9.291749250570728,0.0,0.0,0.0,0.0,1.0,1.0
22,180,7.167865780242105,5.915382697368132,0.0,0.0,0.0,0.0,0.0,0.0
23,180,11.932577985868145,5.988284934828813,0.0,1.0,1.0,1.0,0.0,1.0
24,180,2.8805783022589906,12.0,1.0,1.0,1.0,1.0,0.0,0.0
25,180,8.037296016176564,6.928998067933079,0.0,1.0,0.0,0.0,1.0,1.0
26,180,1.874462504708872,8.146019247101774,0.0,0.0,0.0,1.0,1.0,1.0
27,180,5.601887763453867,0.0,0.0,0.0,0.0,1.0,0.0,1.0
28,180,0.9971038290499104,6.91677992588657,0.0,0.0,0.0,0.0,0.0,0.0
29,180,10.759197171427902,10.830262410290809,1.0,0.0,0.0,0.0,0.0,0.0
30,180,7.054607621949076,2.8875671879682905,1.0,1.0,0.0,0.0,1.0,1.0
31,180,9.705561042365307,2.543236992827532,1.0,1.0,1.0,1.0,0.0,0.0
32,180,3.9313986725196224,4.2048019047966205,0.0,0.0,0.0,1.0,0.0,0.0
33,180,9.383420424717272,2.700907699386526,0.0,1.0,0.0,0.0,0.0,0.0
34,180,8.025186396500983,10.138683638178277,0.0,1.0,0.0,0.0,1.0,0.0
35,180,7.086280811706388,11.379503280528873,1.0,0.0,0.0,0.0,1.0,0.0
36,180,5.043990392039429,3.461984902718595,0.0,1.0,1.0,0.0,1.0,1.0
37,180,10.284507709620309,7.346143992638516,1.0,0.0,0.0,0.0,1.0,1.0
38,180,12.0,9.76482365456098,1.0,0.0,1.0,0.0,1.0,0.0
39,180,12.0,4.914199724810493,0.0,1.0,1.0,1.0,1.0,1.0
0,185,9.50886131715176,2.9915939160872984,0.0,1.0,0.0,1.0,0.0,1.0
1,185,8.804397189147826,0.944900966329628,1.0,0.0,1.0,1.0,1.0,1.0
2,185,3.6973147696720337,1.0313735275028044,0.0,0.0,0.0,0.0,0.0,0.0
3,185,1.6640977865650934,2.1883494316991747,0.0,0.0,1.0,0.0,0.0,0.0
4,185,11.09542908899392,4.764983990610341,0.0,0.0,1.0,0.0,1.0,0.0
5,185,12.0,4.514998587065587,1.0,1.0,0.0,0.0,0.0,0.0
6,185,2.447316870587948,10.72965364734222,1.0,0.0,1.0,0.0,1.0,1.0
7,185,12.0,4.485426937987366,0.0,0.0,0.0,0.0,1.0,0.0
8,185,9.633395400538465,3.5178530308144262,0.0,0.0,1.0,1.0,0.0,1.0
9,185,3.489159153994958,8.747717001697836,1.0,0.0,0.0,1.0,0.0,0.0
10,185,11.910474876625624,0.250455016340494,0.0,1.0,1.0,0.0,0.0,0.0
11,185,9.888805082462378,6.0136661086340295,0.0,0.0,0.0,0.0,1.0,1.0
12,185,1.0255258274141763,4.149834876129385,0.0,0.0,0.0,0.0,0.0,0.0
13,185,0.2900771931951303,2.0414646782570927,0.0,1.0,0.0,1.0,1.0,0.0
14,185,9.257419635441591,2.022248258846052,1.0,0.0,0.0,1.0,0.0,0.0
15,185,8.770411698328568,4.0956421388460384,0.0,0.0,0.0,0.0,1.0,0.0
16,185,5.170826827515338,7.040441409348515,1.0,0.0,0.0,0.0,1.0,0.0
17,185,7.192025300199957,11.501450228513807,1.0,0.0,0.0,1.0,0.0,0.0
18,185,0.7965648669731832,10.73650818056107,0.0,0.0,0.0,0.0,0.0,0.0
19,185,6.21387033281873,9.726107082632236,0.0,0.0,1.0,1.0,0.0,0.0
20,185,3.951106454081892,5.2515967731327065,0.0,0.0,0.0,0.0,0.0,0.0
21,185,2.048224227856533,9.31123446375071,0.0,0.0,0.0,0.0,1.0,1.0
22,185,7.181578880199558,5.914122232010693,0.0,0.0,0.0,0.0,0.0,0.0
23,185,11.970981348510088,5.957194396422623,0.0,1.0,1.0,1.0,0.0,1.0
24,185,2.8822266151808407,12.0,1.0,1.0,1.0,1.0,0.0,0.0
25,185,8.033566321611238,6.850247528609229,0.0,1.0,0.0,0.0,1.0,1.0
26,185,1.9241179647083548,8.171468937765248,0.0,0.0,0.0,1.0,1.0,1.0
27,185,5.579057660867017,0.0,0.0,0.0,0.0,1.0,0.0,1.0
28,185,1.0492497204431694,6.928709039515827,0.0,0.0,0.0,0.0,0.0,0.0
29,185,10.732319069908511,10.953100297651218,1.0,0.0,0.0,0.0,0.0,0.0
30,185,6.986942128124379,2.8206211205612948,1.0,1.0,0.0,0.0,1.0,1.0
31,185,9.726544656253648,2.6291997546558683,1.0,1.0,1.0,1.0,0.0,0.0
32,185,3.821806837179785,4.280492255345948,0.0,0.0,0.0,1.0,0.0,0.0
33,185,9.44154460110548,2.65382896062215,0.0,1.0,0.0,0.0,0.0,0.0
34,185,7.962496597174867,10.27182206231833,0.0,1.0,0.0,0.0,1.0,0.0
35,185,7.161179335249551,11.252946456618767,1.0,0.0,0.0,0.0,1.0,0.0
36,185,5.131351662051189,3.575354054214676,0.0,1.0,1.0,0.0,1.0,1.0
37,185,10.3764254804857,7.346965222665971,1.0,0.0,0.0,0.0,1.0,1.0
38,185,12.0,9.753759190965749,1.0,0.0,1.0,0.0,1.0,0.0
39,185,12.0,5.139940259516764,0.0,1.0,1.0,1.0,1.0,1.0
0,190,9.508678886900896,2.990671007134849,0.0,1.0,0.0,1.0,0.0,1.0
1,190,8.905471122632711,0.8639708192729186,1.0,0.0,1.0,1.0,1.0,1.0
2,190,3.688946374832789,1.059089375124742,0.0,0.0,0.0,0.0,0.0,0.0
3,190,1.6722556029250597,2.13359589967904,0.0,0.0,1.0,0.0,0.0,0.0
4,190,11.175326659592267,4.745442321679538,0.0,0.0,1.0,0.0,1.0,0.0
5,190,12.0,4.454210057670433,1.0,1.0,0.0,0.0,0.0,0.0
6,190,2.379482752305274,10.759731380470186,1.0,0.0,1.0,0.0,1.0,1.0
7,190,12.0,4.536693106728713,0.0,0.0,0.0,0.0,1.0,0.0
8,190,9.76870796588834,3.4008968770492847,0.0,0.0,1.0,1.0,0.0,1.0
9,190,3.337727221585321,8.858421244121146,1.0,0.0,0.0,1.0,0.0,0.0
10,190,11.893213686167687,0.2986544392239555,0.0,1.0,1.0,0.0,0.0,0.0
11,190,9.868817290142664,6.0215453163659935,0.0,0.0,0.0,0.0,1.0,1.0
12,190,1.0260824936749495,4.161755023501401,0.0,0.0,0.0,0.0,0.0,0.0
13,190,0.2872430126317452,2.00117931660996,0.0,1.0,0.0,1.0,1.0,0.0
14,190,9.22863335191776,2.0212949562709634,1.0,0.0,0.0,1.0,0.0,0.0
15,190,8.713904461448212,4.181700432272234,0.0,0.0,0.0,0.0,1.0,0.0
16,190,5.121856126043088,7.039196271881222,1.0,0.0,0.0,0.0,1.0,0.0
17,190,7.220182553257069,11.481266596130816,1.0,0.0,0.0,1.0,0.0,0.0
18,190,0.698407185983118,10.610534250969142,0.0,0.0,0.0,0.0,0.0,0.0
19,190,6.299702300776271,9.708901842115653,0.0,0.0,1.0,1.0,0.0,0.0
20,190,3.9250388585801312,5.230503228507502,0.0,0.0,0.0,0.0,0.0,0.0
21,190,2.04831563867083,9.306134670016414,0.0,0.0,0.0,0.0,1.0,1.0
22,190,7.208637818450204,5.9115983593923325,0.0,0.0,0.0,0.0,0.0,0.0
23,190,12.0,5.920293671063171,0.0,1.0,1.0,1.0,0.0,1.0
24,190,2.884686406593492,12.0,1.0,1.0,1.0,1.0,0.0,0.0
25,190,8.02913691368955,6.78315971950323,0.0,1.0,0.0,0.0,1.0,1.0
26,190,1.9690148547302468,8.193647627042886,0.0,0.0,0.0,1.0,1.0,1.0
27,190,5.580200760453198,0.0002174482871096,0.0,0.0,0.0,1.0,0.0,1.0
28,190,1.1013936185297262,6.939886782288761,0.0,0.0,0.0,0.0,0.0,0.0
29,190,10.70824344813221,11.063486022112455,1.0,0.0,0.0,0.0,0.0,0.0
30,190,6.939122389908076,2.7725505852805985,1.0,1.0,0.0,0.0,1.0,1.0
31,190,9.743721193642829,2.6965921459770903,1.0,1.0,1.0,1.0,0.0,0.0
32,190,3.729521035246007,4.342401984687903,0.0,0.0,0.0,1.0,0.0,0.0
33,190,9.52138473549819,2.5920013552394643,0.0,1.0,0.0,0.0,0.0,0.0
34,190,7.907017645981471,10.399864865187045,0.0,1.0,0.0,0.0,1.0,0.0
35,190,7.233624083612379,11.127515171548374,1.0,0.0,0.0,0.0,1.0,0.0
36,190,5.209914019084234,3.676975862353405,0.0,1.0,1.0,0.0,1.0,1.0
37,190,10.46964167640337,7.346666845895102,1.0,0.0,0.0,0.0,1.0,1.0
38,190,12.0,9.745201611787085,1.0,0.0,1.0,0.0,1.0,0.0
39,190,12.0,5.362298807669573,0.0,1.0,1.0,1.0,1.0,1.0
0,195,9.505256826646502,2.973107894535202,0.0,1.0,0.0,1.0,0.0,1.0
1,195,9.01496805641584,0.7725112283971933,1.0,0.0,1.0,1.0,1.0,1.0
2,195,3.677584551102159,1.0986792463483182,0.0,0.0,0.0,0.0,0.0,0.0
3,195,1.6796840204408494,2.084012689258432,0.0,0.0,1.0,0.0,0.0,0.0
4,195,11.260543236252303,4.725949378229511,0.0,0.0,1.0,0.0,1.0,0.0
5,195,12.0,4.402945560491726,1.0,1.0,0.0,0.0,0.0,0.0
6,195,2.312493398395483,10.786087514552394,1.0,0.0,1.0,0.0,1.0,1.0
7,195,12.0,4.577798878207108,0.0,0.0,0.0,0.0,1.0,0.0
8,195,9.905907864487435,3.2860394445174137,0.0,0.0,1.0,1.0,0.0,1.0
9,195,3.1786731436012072,8.977112794088121,1.0,0.0,0.0,1.0,0.0,0.0
10,195,11.87968198736368,0.3376917273791302,0.0,1.0,1.0,0.0,0.0,0.0
11,195,9.8467032990566,6.030876557972849,0.0,0.0,0.0,0.0,1.0,1.0
12,195,1.0275911711359582,4.183383714701253,0.0,0.0,0.0,0.0,0.0,0.0
13,195,0.2846801124983114,1.95964782380173,0.0,1.0,0.0,1.0,1.0,0.0
14,195,9.19666316385776,2.0206076525136583,1.0,0.0,0.0,1.0,0.0,0.0
15,195,8.658845750117043,4.260882217496923,0.0,0.0,0.0,0.0,1.0,0.0
16,195,5.080462271672223,7.03665337697331,1.0,0.0,0.0,0.0,1.0,0.0
17,195,7.254412470818084,11.455393802009237,1.0,0.0,0.0,1.0,0.0,0.0
18,195,0.5943223481604674,10.478877792756291,0.0,0.0,0.0,0.0,0.0,0.0
19,195,6.36721350633103,9.69533600662978,0.0,0.0,1.0,1.0,0.0,0.0
20,195,3.882560140305263,5.1976450706072015,0.0,0.0,0.0,0.0,0.0,0.0
21,195,2.053391617710733,9.306178072558842,0.0,0.0,0.0,0.0,1.0,1.0
22,195,7.251008589549487,5.9087233619635855,0.0,0.0,0.0,0.0,0.0,0.0
23,195,12.0,5.881217188534178,0.0,1.0,1.0,1.0,0.0,1.0
24,195,2.885951808623457,12.0,1.0,1.0,1.0,1.0,0.0,0.0
25,195,8.026677871397306,6.734479154234556,0.0,1.0,0.0,0.0,1.0,1.0
26,195,2.013794030149599,8.216058493528559,0.0,0.0,0.0,1.0,1.0,1.0
27,195,5.582438276276193,0.0006627905740663,0.0,0.0,0.0,1.0,0.0,1.0
28,195,1.1481137648756212,6.949827556271763,0.0,0.0,0.0,0.0,0.0,0.0
29,195,10.690266360405843,11.148358358653889,1.0,0.0,0.0,0.0,0.0,0.0
30,195,6.89258278114808,2.7228187498519443,1.0,1.0,0.0,0.0,1.0,1.0
31,195,9.761394151446568,2.7647200415747344,1.0,1.0,1.0,1.0,0.0,0.0
32,195,3.62796858795596,4.412703121513498,0.0,0.0,0.0,1.0,0.0,0.0
33,195,9.617116880245078,2.516687601387526,0.0,1.0,0.0,0.0,0.0,0.0
34,195,7.85170242690121,10.52805442857586,0.0,1.0,0.0,0.0,1.0,0.0
35,195,7.309493548028247,10.994258594041929,1.0,0.0,0.0,0.0,1.0,0.0
36,195,5.313312747571239,3.600705277618644,0.0,1.0,1.0,0.0,1.0,1.0
37,195,10.57659014272459,7.344062391230461,1.0,0.0,0.0,0.0,1.0,1.0
38,195,12.0,9.736947463329724,1.0,0.0,1.0,0.0,1.0,0.0
39,195,12.0,5.572970121828912,0.0,1.0,1.0,1.0,1.0,1.0
0,200,9.495716863654254,2.9749951007330533,0.0,1.0,0.0,1.0,0.0,1.0
1,200,9.13330939714585,0.67163208243405,1.0,0.0,1.0,1.0,1.0,1.0
2,200,3.6684464541323063,1.133014054581725,0.0,0.0,0.0,0.0,0.0,0.0
3,200,1.691490823976973,2.021327021776492,0.0,0.0,1.0,0.0,0.0,0.0
4,200,11.359518675526408,4.701362433787106,0.0,0.0,1.0,0.0,1.0,0.0
5,200,12.0,4.345354943079496,1.0,1.0,0.0,0.0,0.0,0.0
6,200,2.26257070082694,10.806267957877536,1.0,0.0,1.0,0.0,1.0,1.0
7,200,12.0,4.6193737400563535,0.0,0.0,0.0,0.0,1.0,0.0
8,200,10.047591908415605,3.166539993266897,0.0,0.0,1.0,1.0,0.0,1.0
9,200,3.0410595074923017,9.082471842761995,1.0,0.0,0.0,1.0,0.0,0.0
10,200,11.868538031565029,0.3696846020558417,0.0,1.0,1.0,0.0,0.0,0.0
11,200,9.830623515940369,6.037830998283726,0.0,0.0,0.0,0.0,1.0,1.0
12,200,1.029142019051903,4.212178900334441,0.0,0.0,0.0,0.0,0.0,0.0
13,200,0.2817817266052715,1.896192888468527,0.0,1.0,0.0,1.0,1.0,0.0
14,200,9.166224295266389,2.020549988907001,1.0,0.0,0.0,1.0,0.0,0.0
15,200,8.592836518500382,4.346534812425111,0.0,0.0,0.0,0.0,1.0,0.0
16,200,5.0357857944072615,7.033503459062104,1.0,0.0,0.0,0.0,1.0,0.0
17,200,7.277128828193447,11.438163583268706,1.0,0.0,0.0,1.0,0.0,0.0
18,200,0.5013837461305005,10.353701339462834,0.0,0.0,0.0,0.0,0.0,0.0
19,200,6.430855006077266,9.682883655359456,0.0,0.0,1.0,1.0,0.0,0.0
20,200,3.815223612660623,5.14722100508124,0.0,0.0,0.0,0.0,0.0,0.0
21,200,2.054515162610157,9.306155472953694,0.0,0.0,0.0,0.0,1.0,1.0
22,200,7.311328452746864,5.903444863636406,0.0,0.0,0.0,0.0,0.0,0.0
23,200,12.0,5.848083890836236,0.0,1.0,1.0,1.0,0.0,1.0
24,200,2.8857067366677343,12.0,1.0,1.0,1.0,1.0,0.0,0.0
25,200,8.023761358343195,6.663901073289703,0.0,1.0,0.0,0.0,1.0,1.0
26,200,2.0635322734902943,8.241967584950153,0.0,0.0,0.0,1.0,1.0,1.0
27,200,5.580206839691057,0.0002450706251247,0.0,0.0,0.0,1.0,0.0,1.0
28,200,1.191407432863842,6.958130989515761,0.0,0.0,0.0,0.0,0.0,0.0
29,200,10.668978281343142,11.241114107448038,1.0,0.0,0.0,0.0,0.0,0.0
30,200,6.842242609415367,2.66594969174406,1.0,1.0,0.0,0.0,1.0,1.0
31,200,9.77791020891324,2.829217655231571,1.0,1.0,1.0,1.0,0.0,0.0
32,200,3.5137365029712915,4.488070675538778,0.0,0.0,0.0,1.0,0.0,0.0
33,200,9.740703879098302,2.42319709984869,0.0,1.0,0.0,0.0,0.0,0.0
34,200,7.794027060138059,10.65186970155282,0.0,1.0,0.0,0.0,1.0,0.0
35,200,7.384188390238969,10.864962877474689,1.0,0.0,0.0,0.0,1.0,0.0
36,200,5.421846148800105,3.5217202858358285,0.0,1.0,1.0,0.0,1.0,1.0
37,200,10.691189282668368,7.339490270432385,1.0,0.0,0.0,0.0,1.0,1.0
38,200,12.0,9.731066366701922,1.0,0.0,1.0,0.0,1.0,0.0
39,200,12.0,5.774561209823013,0.0,1.0,1.0,1.0,1.0,1.0
0,205,9.491259957461777,2.975890781809999,0.0,1.0,0.0,1.0,0.0,1.0
1,205,9.262427706271728,0.558249819287709,1.0,0.0,1.0,1.0,1.0,1.0
2,205,3.655775805474177,1.1794315229040977,0.0,0.0,0.0,0.0,0.0,0.0
3,205,1.7092088504671177,1.928975470892086,0.0,0.0,1.0,0.0,0.0,0.0
4,205,11.428286880946525,4.684676143701446,0.0,0.0,1.0,0.0,1.0,0.0
5,205,12.0,4.289486835679901,1.0,1.0,0.0,0.0,0.0,0.0
6,205,2.2779583323205346,10.846302364441854,1.0,0.0,1.0,0.0,1.0,1.0
7,205,12.0,4.6732318856726405,0.0,0.0,0.0,0.0,1.0,0.0
8,205,10.195928534291069,3.035492989689893,0.0,0.0,1.0,1.0,0.0,1.0
9,205,2.9011183373431164,9.182365803837005,1.0,0.0,0.0,1.0,0.0,0.0
10,205,11.855995781132144,0.4081949820837252,0.0,1.0,1.0,0.0,0.0,0.0
11,205,9.814221067472126,6.044702981710966,0.0,0.0,0.0,0.0,1.0,1.0
12,205,1.0301285060916603,4.227010017228388,0.0,0.0,0.0,0.0,0.0,0.0
13,205,0.2798748708927959,1.8158039115536624,0.0,1.0,0.0,1.0,1.0,0.0
14,205,9.128977996641348,2.021255954420244,1.0,0.0,0.0,1.0,0.0,0.0
15,205,8.530066920567847,4.430289055100862,0.0,0.0,0.0,0.0,1.0,0.0
16,205,5.000406881593623,7.030461153550159,1.0,0.0,0.0,0.0,1.0,0.0
17,205,7.312186302309164,11.411810666464676,1.0,0.0,0.0,1.0,0.0,0.0
18,205,0.4116944029015045,10.23690893961508,0.0,0.0,0.0,0.0,0.0,0.0
19,205,6.477731206577573,9.67217148932473,0.0,0.0,1.0,1.0,0.0,0.0
20,205,3.772913568860522,5.115014722882975,0.0,0.0,0.0,0.0,0.0,0.0
21,205,2.0791672936435246,9.306017366463786,0.0,0.0,0.0,0.0,1.0,1.0
22,205,7.353038996833981,5.899949729335229,0.0,0.0,0.0,0.0,0.0,0.0
23,205,12.0,5.806716855773161,0.0,1.0,1.0,1.0,0.0,1.0
24,205,2.8832442358566714,12.0,1.0,1.0,1.0,1.0,0.0,0.0
25,205,8.020540684963875,6.593670707622651,0.0,1.0,0.0,0.0,1.0,1.0
26,205,2.1219241098042065,8.273469424775117,0.0,0.0,0.0,1.0,1.0,1.0
27,205,5.593295703775812,0.0027196609456978,0.0,0.0,0.0,1.0,0.0,1.0
28,205,1.2546569196607515,6.967794528164731,0.0,0.0,0.0,0.0,0.0,0.0
29,205,10.651193759989004,11.321365127505311,1.0,0.0,0.0,0.0,0.0,0.0
30,205,6.800045056504776,2.615463190563515,1.0,1.0,0.0,0.0,1.0,1.0
31,205,9.798159776221985,2.9099793539468783,1.0,1.0,1.0,1.0,0.0,0.0
32,205,3.393867753146338,4.570820358322027,0.0,0.0,0.0,1.0,0.0,0.0
33,205,9.876543850079782,2.319129503031077,0.0,1.0,0.0,0.0,0.0,0.0
34,205,7.73489908413716,10.784803688760636,0.0,1.0,0.0,0.0,1.0,0.0
35,205,7.469076183548092,10.72555950151718,1.0,0.0,0.0,0.0,1.0,0.0
36,205,5.534137153815309,3.441968665170092,0.0,1.0,1.0,0.0,1.0,1.0
37,205,10.801326084920596,7.332299265231107,1.0,0.0,0.0,0.0,1.0,1.0
38,205,12.0,9.728173227938644,1.0,0.0,1.0,0.0,1.0,0.0
39,205,12.0,6.002652130190714,0.0,1.0,1.0,1.0,1.0,1.0
0,210,9.479929104313031,2.978245000732453,0.0,1.0,0.0,1.0,0.0,1.0
1,210,9.385345391308515,0.4501321002451299,1.0,0.0,1.0,1.0,1.0,1.0
2,210,3.6436014037474935,1.217592309548902,0.0,0.0,0.0,0.0,0.0,0.0
3,210,1.7280075974899038,1.828103118141884,0.0,0.0,1.0,0.0,0.0,0.0
4,210,11.4773704195739,4.671941426673553,0.0,0.0,1.0,0.0,1.0,0.0
5,210,12.0,4.249236589450259,1.0,1.0,0.0,0.0,0.0,0.0
6,210,2.286507705688475,10.86681546850606,1.0,0.0,1.0,0.0,1.0,1.0
7,210,12.0,4.7267085741980255,0.0,0.0,0.0,0.0,1.0,0.0
8,210,10.339150982914193,2.9071063097713954,0.0,0.0,1.0,1.0,0.0,1.0
9,210,2.7733729170108137,9.275472308754788,1.0,0.0,0.0,1.0,0.0,0.0
10,210,11.84213107562127,0.4511035391814451,0.0,1.0,1.0,0.0,0.0,0.0
11,210,9.79183911034469,6.054041644009983,0.0,0.0,0.0,0.0,1.0,1.0
12,210,1.0304094099601684,4.232696001696317,0.0,0.0,0.0,0.0,0.0,0.0
13,210,0.2803874646142015,1.7519632182763634,0.0,1.0,0.0,1.0,1.0,0.0
14,210,9.088796839372218,2.021235929716209,1.0,0.0,0.0,1.0,0.0,0.0
15,210,8.476315532914613,4.503904545772179,0.0,0.0,0.0,0.0,1.0,0.0
16,210,4.982810654200348,7.029241916890165,1.0,0.0,0.0,0.0,1.0,0.0
17,210,7.343132818332472,11.387592931252891,1.0,0.0,0.0,1.0,0.0,0.0
18,210,0.3188562114637782,10.113655107640858,0.0,0.0,0.0,0.0,0.0,0.0
19,210,6.533024778758824,9.659035502612593,0.0,0.0,1.0,1.0,0.0,0.0
20,210,3.735177056664294,5.085357586514794,0.0,0.0,0.0,0.0,0.0,0.0
21,210,2.10159548127122,9.305816686496042,0.0,0.0,0.0,0.0,1.0,1.0
22,210,7.4108873819138354,5.894403555128266,0.0,0.0,0.0,0.0,0.0,0.0
23,210,12.0,5.760529776920129,0.0,1.0,1.0,1.0,0.0,1.0
24,210,2.879248265295932,12.0,1.0,1.0,1.0,1.0,0.0,0.0
25,210,8.015945084497407,6.497770807167132,0.0,1.0,0.0,0.0,1.0,1.0
26,210,2.201414519050136,8.316235025120788,0.0,0.0,0.0,1.0,1.0,1.0
27,210,5.5976373431036,0.003413086087832,0.0,0.0,0.0,1.0,0.0,1.0
28,210,1.3256182312990177,6.980136534649635,0.0,0.0,0.0,0.0,0.0,0.0
29,210,10.633712579529648,11.397991036001065,1.0,0.0,0.0,0.0,0.0,0.0
30,210,6.772387699815857,2.583723200904045,1.0,1.0,0.0,0.0,1.0,1.0
31,210,9.820623365952622,2.9924785628113084,1.0,1.0,1.0,1.0,0.0,0.0
32,210,3.2748779293599046,4.654758218463215,0.0,0.0,0.0,1.0,0.0,0.0
33,210,10.003766948269964,2.225219322862732,0.0,1.0,0.0,0.0,0.0,0.0
34,210,7.851479790246613,10.83217754957892,0.0,1.0,0.0,0.0,1.0,0.0
35,210,7.547044739275866,10.595382320450772,1.0,0.0,0.0,0.0,1.0,0.0
36,210,5.658678395769263,3.3537622158047578,0.0,1.0,1.0,0.0,1.0,1.0
37,210,10.91176216339186,7.324563471279122,1.0,0.0,0.0,0.0,1.0,1.0
38,210,12.0,9.72640276281337,1.0,0.0,1.0,0.0,1.0,0.0
39,210,12.0,6.2367065178983445,0.0,1.0,1.0,1.0,1.0,1.0
0,215,9.460131222823824,2.9823363826737785,0.0,1.0,0.0,1.0,0.0,1.0
1,215,9.52382378796754,0.3256476831677891,1.0,0.0,1.0,1.0,1.0,1.0
2,215,3.6304600483815817,1.25926493723984,0.0,0.0,0.0,0.0,0.0,0.0
3,215,1.7484998874382451,1.7066719037766769,0.0,0.0,1.0,0.0,0.0,0.0
4,215,11.51479909439978,4.661816008504405,0.0,0.0,1.0,0.0,1.0,0.0
5,215,12.0,4.204230082284031,1.0,1.0,0.0,0.0,0.0,0.0
6,215,2.290365677687488,10.876958413202926,1.0,0.0,1.0,0.0,1.0,1.0
7,215,12.0,4.77771957057413,0.0,0.0,0.0,0.0,1.0,0.0
8,215,10.462970976946876,2.7983139265290866,0.0,0.0,1.0,1.0,0.0,1.0
9,215,2.645332270436508,9.363593853101118,1.0,0.0,0.0,1.0,0.0,0.0
10,215,11.824451295193535,0.5094954284893519,0.0,1.0,1.0,0.0,0.0,0.0
11,215,9.760453365884183,6.066086531986411,0.0,0.0,0.0,0.0,1.0,1.0
12,215,1.0299527975385343,4.218194967255142,0.0,0.0,0.0,0.0,0.0,0.0
13,215,0.28062422698928,1.707310624435468,0.0,1.0,0.0,1.0,1.0,0.0
14,215,9.060007139758609,2.0222562420718417,1.0,0.0,0.0,1.0,0.0,0.0
15,215,8.431095323095354,4.568155004280544,0.0,0.0,0.0,0.0,1.0,0.0
16,215,4.966569723469502,7.027863340270447,1.0,0.0,0.0,0.0,1.0,0.0
17,215,7.375638600296186,11.362055877235925,1.0,0.0,0.0,1.0,0.0,0.0
18,215,0.2187380382025059,9.987825945740283,0.0,0.0,0.0,0.0,0.0,0.0
19,215,6.593989769297862,9.645273390702036,0.0,0.0,1.0,1.0,0.0,0.0
20,215,3.686706699897623,5.046441389311153,0.0,0.0,0.0,0.0,0.0,0.0
21,215,2.1390710747199577,9.30635511363131,0.0,0.0,0.0,0.0,1.0,1.0
22,215,7.459374866598351,5.889273954501879,0.0,0.0,0.0,0.0,0.0,0.0
23,215,12.0,5.703368461426287,0.0,1.0,1.0,1.0,0.0,1.0
24,215,2.876417222999902,12.0,1.0,1.0,1.0,1.0,0.0,0.0
25,215,8.012320769427296,6.425074663003265,0.0,1.0,0.0,0.0,1.0,1.0
26,215,2.2832750431525346,8.359495271977117,0.0,0.0,0.0,1.0,1.0,1.0
27,215,5.591926254302301,0.0024726836858031,0.0,0.0,0.0,1.0,0.0,1.0
28,215,1.408832463837664,6.995046931142497,0.0,0.0,0.0,0.0,0.0,0.0
29,215,10.614586472186431,11.477365334222355,1.0,0.0,0.0,0.0,0.0,0.0
30,215,6.742396678769353,2.548825198544617,1.0,1.0,0.0,0.0,1.0,1.0
31,215,9.841633423657054,3.0744814579614985,1.0,1.0,1.0,1.0,0.0,0.0
32,215,3.144441277856834,4.749183424561235,0.0,0.0,0.0,1.0,0.0,0.0
33,215,10.127417100544148,2.130572457214136,0.0,1.0,0.0,0.0,0.0,0.0
34,215,7.961960309745949,10.875010514287831,0.0,1.0,0.0,0.0,1.0,0.0
35,215,7.623946768464751,10.46429965696321,1.0,0.0,0.0,0.0,1.0,0.0
36,215,5.796630848699604,3.2572119015197254,0.0,1.0,1.0,0.0,1.0,1.0
37,215,11.016676205157191,7.315730336614396,1.0,0.0,0.0,0.0,1.0,1.0
38,215,12.0,9.727334971146083,1.0,0.0,1.0,0.0,1.0,0.0
39,215,12.0,6.468146193172902,0.0,1.0,1.0,1.0,1.0,1.0
0,220,9.424308653524028,2.9903982511215714,0.0,1.0,0.0,1.0,0.0,1.0
1,220,9.646208953556249,0.2139261159995332,1.0,0.0,1.0,1.0,1.0,1.0
2,220,3.6273325012113182,1.2698981775612157,0.0,0.0,0.0,0.0,0.0,0.0
3,220,1.7646586522984185,1.6061980683586772,0.0,0.0,1.0,0.0,0.0,0.0
4,220,11.550432857309932,4.652140623533778,0.0,0.0,1.0,0.0,1.0,0.0
5,220,12.0,4.167534451675485,1.0,1.0,0.0,0.0,0.0,0.0
6,220,2.292789087312914,10.883286270845238,1.0,0.0,1.0,0.0,1.0,1.0
7,220,12.0,4.828057662220376,0.0,0.0,0.0,0.0,1.0,0.0
8,220,10.575455695836563,2.7035211587326677,0.0,0.0,1.0,1.0,0.0,1.0
9,220,2.5138347173350573,9.458885273597785,1.0,0.0,0.0,1.0,0.0,0.0
10,220,11.807028862402383,0.5649935112493943,0.0,1.0,1.0,0.0,0.0,0.0
11,220,9.716931780357818,6.082006315179432,0.0,0.0,0.0,0.0,1.0,1.0
12,220,1.0298577353842766,4.199572023715486,0.0,0.0,0.0,0.0,0.0,0.0
13,220,0.2813325705662264,1.6543371165848766,0.0,1.0,0.0,1.0,1.0,0.0
14,220,9.040383181693716,2.023398454032843,1.0,0.0,0.0,1.0,0.0,0.0
15,220,8.382859490754766,4.635204876844255,0.0,0.0,0.0,0.0,1.0,0.0
16,220,4.957519999056975,7.026920061135332,1.0,0.0,0.0,0.0,1.0,0.0
17,220,7.396331530848496,11.345337434830927,1.0,0.0,0.0,1.0,0.0,0.0
18,220,0.1133158394585315,9.852631701690362,0.0,0.0,0.0,0.0,0.0,0.0
19,220,6.691914996150912,9.625968805204716,0.0,0.0,1.0,1.0,0.0,0.0
20,220,3.635289090149465,5.003944467123457,0.0,0.0,0.0,0.0,0.0,0.0
21,220,2.180172754156841,9.306812277057412,0.0,0.0,0.0,0.0,1.0,1.0
22,220,7.509180884196638,5.883664895849122,0.0,0.0,0.0,0.0,0.0,0.0
23,220,12.0,5.644340335246614,0.0,1.0,1.0,1.0,0.0,1.0
24,220,2.8739598356114686,12.0,1.0,1.0,1.0,1.0,0.0,0.0
25,220,8.008028917496643,6.344459885686054,0.0,1.0,0.0,0.0,1.0,1.0
26,220,2.3680272417252564,8.40137012620954,0.0,0.0,0.0,1.0,1.0,1.0
27,220,5.565060786749083,0.0,0.0,0.0,0.0,1.0,0.0,1.0
28,220,1.488361799392536,7.011643367503204,0.0,0.0,0.0,0.0,0.0,0.0
29,220,10.591438543530428,11.574044107146536,1.0,0.0,0.0,0.0,0.0,0.0
30,220,6.714529341237047,2.516203011252631,1.0,1.0,0.0,0.0,1.0,1.0
31,220,9.865047637432056,3.165112759369189,1.0,1.0,1.0,1.0,0.0,0.0
32,220,3.016138717355296,4.845197995808744,0.0,0.0,0.0,1.0,0.0,0.0
33,220,10.233869965535606,2.0485881393371885,0.0,1.0,0.0,0.0,0.0,0.0
34,220,8.07292727753459,10.917810843773502,0.0,1.0,0.0,0.0,1.0,0.0
35,220,7.695668130345917,10.343699702980093,1.0,0.0,0.0,0.0,1.0,0.0
36,220,5.9471096472532015,3.1498195900121537,0.0,1.0,1.0,0.0,1.0,1.0
37,220,11.119937061196618,7.303395530214697,1.0,0.0,0.0,0.0,1.0,1.0
38,220,12.0,9.728065971621495,1.0,0.0,1.0,0.0,1.0,0.0
39,220,12.0,6.684026109492896,0.0,1.0,1.0,1.0,1.0,1.0
0,225,9.395364177460166,2.997434244126655,0.0,1.0,0.0,1.0,0.0,1.0
1,225,9.784808470381291,0.0952814556865927,1.0,0.0,1.0,1.0,1.0,1.0
2,225,3.625911461309411,1.274633641903703,0.0,0.0,0.0,0.0,0.0,0.0
3,225,1.7814742601200382,1.5118077095271298,0.0,0.0,1.0,0.0,0.0,0.0
4,225,11.56881223348548,4.647087983645193,0.0,0.0,1.0,0.0,1.0,0.0
5,225,12.0,4.131817266665985,1.0,1.0,0.0,0.0,0.0,0.0
6,225,2.301123016434906,10.90420303211879,1.0,0.0,1.0,0.0,1.0,1.0
7,225,12.0,4.873619788632567,0.0,0.0,0.0,0.0,1.0,0.0
8,225,10.705484457665408,2.598562701978617,0.0,0.0,1.0,1.0,0.0,1.0
9,225,2.3636019956944265,9.57231997516725,1.0,0.0,0.0,1.0,0.0,0.0
10,225,11.789804120423748,0.628917218967522,0.0,1.0,1.0,0.0,0.0,0.0
11,225,9.689713797143147,6.0921354791425495,0.0,0.0,0.0,0.0,1.0,1.0
12,225,1.0295291529586654,4.144653870998453,0.0,0.0,0.0,0.0,0.0,0.0
13,225,0.283039280353155,1.6037498229672664,0.0,1.0,0.0,1.0,1.0,0.0
14,225,9.00572780774178,2.024580019590751,1.0,0.0,0.0,1.0,0.0,0.0
15,225,8.32235372088755,4.717092183455319,0.0,0.0,0.0,0.0,1.0,0.0
16,225,4.943074423990136,7.0254341845690575,1.0,0.0,0.0,0.0,1.0,0.0
17,225,7.4371656493608915,11.311596404644616,1.0,0.0,0.0,1.0,0.0,0.0
18,225,0.0052725522023934,9.714028614401055,0.0,0.0,0.0,0.0,0.0,0.0
19,225,6.8051708461981,9.607834065791652,0.0,0.0,1.0,1.0,0.0,0.0
20,225,3.6088549422229073,4.982784875554398,0.0,0.0,0.0,0.0,0.0,0.0
21,225,2.241723010370728,9.306478604191684,0.0,0.0,0.0,0.0,1.0,1.0
22,225,7.553043322847386,5.878718796836161,0.0,0.0,0.0,0.0,0.0,0.0
23,225,12.0,5.59557954932804,0.0,1.0,1.0,1.0,0.0,1.0
24,225,2.871730651160225,12.0,1.0,1.0,1.0,1.0,0.0,0.0
25,225,8.003919076711021,6.261706925394673,0.0,1.0,0.0,0.0,1.0,1.0
26,225,2.4471805316123216,8.438296401495318,0.0,0.0,0.0,1.0,1.0,1.0
27,225,5.535243435500775,0.0,0.0,0.0,0.0,1.0,0.0,1.0
28,225,1.5662341655205287,7.029807995452995,0.0,0.0,0.0,0.0,0.0,0.0
29,225,10.56678468668994,11.678859702987513,1.0,0.0,0.0,0.0,0.0,0.0
30,225,6.693920896615907,2.4924628372109745,1.0,1.0,0.0,0.0,1.0,1.0
31,225,9.89092614478144,3.259256664673502,1.0,1.0,1.0,1.0,0.0,0.0
32,225,2.8874491724327656,4.938453310440317,0.0,0.0,0.0,1.0,0.0,0.0
33,225,10.34493251480776,1.959133637296795,0.0,1.0,0.0,0.0,0.0,0.0
34,225,8.190738336215373,10.964826101016902,0.0,1.0,0.0,0.0,1.0,0.0
35,225,7.777160178569843,10.213103666356208,1.0,0.0,0.0,0.0,1.0,0.0
36,225,6.101183804702954,3.043019486966548,0.0,1.0,1.0,0.0,1.0,1.0
37,225,11.246488329409294,7.286289221487444,1.0,0.0,0.0,0.0,1.0,1.0
38,225,12.0,9.727323171689234,1.0,0.0,1.0,0.0,1.0,0.0
39,225,12.0,6.921079665022715,0.0,1.0,1.0,1.0,1.0,1.0
0,230,9.356474597417648,3.0078997627878787,0.0,1.0,0.0,1.0,0.0,1.0
1,230,9.896861706908934,0.2218135011143801,1.0,0.0,1.0,1.0,1.0,1.0
2,230,3.626784164717361,1.2719484285622549,0.0,0.0,0.0,0.0,0.0,0.0
3,230,1.7979187889698658,1.426368184004032,0.0,0.0,1.0,0.0,0.0,0.0
4,230,11.598555208948914,4.639328906363434,0.0,0.0,1.0,0.0,1.0,0.0
5,230,12.0,4.0910604646290745,1.0,1.0,0.0,0.0,0.0,0.0
6,230,2.319253232168732,10.945664928248885,1.0,0.0,1.0,0.0,1.0,1.0
7,230,12.0,4.926142516077821,0.0,0.0,0.0,0.0,1.0,0.0
8,230,10.826429849770948,2.4987332810547533,0.0,0.0,1.0,1.0,0.0,1.0
9,230,2.2270784396489964,9.67180779324834,1.0,0.0,0.0,1.0,0.0,0.0
10,230,11.77212906454871,0.6868837388997553,0.0,1.0,1.0,0.0,0.0,0.0
11,230,9.663673551830998,6.101940485655742,0.0,0.0,0.0,0.0,1.0,1.0
12,230,1.028762030279552,4.056051962900339,0.0,0.0,0.0,0.0,0.0,0.0
13,230,0.2860219004225956,1.5403144727202576,0.0,1.0,0.0,1.0,1.0,0.0
14,230,8.978150994272474,2.0250902049343624,1.0,0.0,0.0,1.0,0.0,0.0
15,230,8.264683264578846,4.791827385282353,0.0,0.0,0.0,0.0,1.0,0.0
16,230,4.917486315774137,7.022255739112778,1.0,0.0,0.0,0.0,1.0,0.0
17,230,7.484435898321466,11.27462224561326,1.0,0.0,0.0,1.0,0.0,0.0
18,230,0.0,9.5792398749009,0.0,0.0,0.0,0.0,0.0,0.0
19,230,6.937288812808405,9.586951753045591,0.0,0.0,1.0,1.0,0.0,0.0
20,230,3.579872546750472,4.959287091286792,0.0,0.0,0.0,0.0,0.0,0.0
21,230,2.3120176442783285,9.305935407404132,0.0,0.0,0.0,0.0,1.0,1.0
22,230,7.611569113110284,5.872924791579389,0.0,0.0,0.0,0.0,0.0,0.0
23,230,12.0,5.552782016758775,0.0,1.0,1.0,1.0,0.0,1.0
24,230,2.8690170564889805,12.0,1.0,1.0,1.0,1.0,0.0,0.0
25,230,8.002100000122372,6.201076280894661,0.0,1.0,0.0,0.0,1.0,1.0
26,230,2.521717248384157,8.474342797786052,0.0,0.0,0.0,1.0,1.0,1.0
27,230,5.507034174017482,0.0,0.0,0.0,0.0,1.0,0.0,1.0
28,230,1.644510258215344,7.0503617529684295,0.0,0.0,0.0,0.0,0.0,0.0
29,230,10.545257684358866,11.763564191892993,1.0,0.0,0.0,0.0,0.0,0.0
30,230,6.667790148659844,2.4608283490729206,1.0,1.0,0.0,0.0,1.0,1.0
31,230,9.917019555249766,3.358839106042356,1.0,1.0,1.0,1.0,0.0,0.0
32,230,2.754560728623132,5.031849321323213,0.0,0.0,0.0,1.0,0.0,0.0
33,230,10.451167068053325,1.8742054218858684,0.0,1.0,0.0,0.0,0.0,0.0
34,230,8.30442789390558,11.011618752515956,0.0,1.0,0.0,0.0,1.0,0.0
35,230,7.85678470073162,10.084965388704008,1.0,0.0,0.0,0.0,1.0,0.0
36,230,6.255104628925502,2.936573645089327,0.0,1.0,1.0,0.0,1.0,1.0
37,230,11.38674829273852,7.266959960519991,1.0,0.0,0.0,0.0,1.0,1.0
38,230,12.0,9.727787172007645,1.0,0.0,1.0,0.0,1.0,0.0
39,230,12.0,7.16091601126464,0.0,1.0,1.0,1.0,1.0,1.0
0,235,9.33518743016908,3.014122487987821,0.0,1.0,0.0,1.0,0.0,1.0
1,235,10.014156296069382,0.3534960031876629,1.0,0.0,1.0,1.0,1.0,1.0
2,235,3.632064730235403,1.254020122096271,0.0,0.0,0.0,0.0,0.0,0.0
3,235,1.8103454411134496,1.352023399157205,0.0,0.0,1.0,0.0,0.0,0.0
4,235,11.624070314847865,4.633134110376188,0.0,0.0,1.0,0.0,1.0,0.0
5,235,12.0,4.050363284851179,1.0,1.0,0.0,0.0,0.0,0.0
6,235,2.331558092496121,10.974241635002794,1.0,0.0,1.0,0.0,1.0,1.0
7,235,12.0,4.979231115132123,0.0,0.0,0.0,0.0,1.0,0.0
8,235,10.95202358486182,2.3919843968188035,0.0,0.0,1.0,1.0,0.0,1.0
9,235,2.091432497584411,9.77186819992165,1.0,0.0,0.0,1.0,0.0,0.0
10,235,11.748173860770947,0.7606416424018403,0.0,1.0,1.0,0.0,0.0,0.0
11,235,9.61923877358696,6.118236648691038,0.0,0.0,0.0,0.0,1.0,1.0
12,235,1.027913942999006,3.980974271022014,0.0,0.0,0.0,0.0,0.0,0.0
13,235,0.2921312832865145,1.467836410526572,0.0,1.0,0.0,1.0,1.0,0.0
14,235,8.956219001238484,2.0260895237412035,1.0,0.0,0.0,1.0,0.0,0.0
15,235,8.19832732076529,4.8766446954736775,0.0,0.0,0.0,0.0,1.0,0.0
16,235,4.898036688923436,7.020213858954621,1.0,0.0,0.0,0.0,1.0,0.0
17,235,7.450775528823673,11.233009308904895,1.0,0.0,0.0,1.0,0.0,0.0
18,235,0.0,9.43483792961364,0.0,0.0,0.0,0.0,0.0,0.0
19,235,7.078907090071666,9.56512454618152,0.0,0.0,1.0,1.0,0.0,0.0
20,235,3.552478993423072,4.93719579936079,0.0,0.0,0.0,0.0,0.0,0.0
21,235,2.376484550172424,9.304305807867124,0.0,0.0,0.0,0.0,1.0,1.0
22,235,7.66632043984907,5.867240391671222,0.0,0.0,0.0,0.0,0.0,0.0
23,235,12.0,5.505884611506753,0.0,1.0,1.0,1.0,0.0,1.0
24,235,2.866132780925793,12.0,1.0,1.0,1.0,1.0,0.0,0.0
25,235,8.00059214424704,6.130198931364508,0.0,1.0,0.0,0.0,1.0,1.0
26,235,2.586978149030144,8.505938472354611,0.0,0.0,0.0,1.0,1.0,1.0
27,235,5.492211572453355,0.0,0.0,0.0,0.0,1.0,0.0,1.0
28,235,1.7133847852950617,7.0672605183141135,0.0,0.0,0.0,0.0,0.0,0.0
29,235,10.52810671513794,11.831992827327213,1.0,0.0,0.0,0.0,0.0,0.0
30,235,6.638246404000912,2.426229768421884,1.0,1.0,0.0,0.0,1.0,1.0
31,235,9.94124924791104,3.448388875936596,1.0,1.0,1.0,1.0,0.0,0.0
32,235,2.644233341468511,5.106488164158777,0.0,0.0,0.0,1.0,0.0,0.0
33,235,10.54384847340274,1.8040292453884863,0.0,1.0,0.0,0.0,0.0,0.0
34,235,8.41511624754433,11.057233289752524,0.0,1.0,0.0,0.0,1.0,0.0
35,235,7.929789937591392,9.96818052652314,1.0,0.0,0.0,0.0,1.0,0.0
36,235,6.420513206118323,2.8261703275589576,0.0,1.0,1.0,0.0,1.0,1.0
37,235,11.512676994305751,7.250659037914709,1.0,0.0,0.0,0.0,1.0,1.0
38,235,12.0,9.724959434295451,1.0,0.0,1.0,0.0,1.0,0.0
39,235,12.0,7.389668246758043,0.0,1.0,1.0,1.0,1.0,1.0
0,240,9.28560645905356,3.025946225044344,0.0,1.0,0.0,1.0,0.0,1.0
1,240,10.133108031198756,0.4887012961757866,1.0,0.0,1.0,1.0,1.0,1.0
2,240,3.637956037791096,1.2346411912149715,0.0,0.0,0.0,0.0,0.0,0.0
3,240,1.8266838415036253,1.26953967920413,0.0,0.0,1.0,0.0,0.0,0.0
4,240,11.642836421173822,4.628856005588596,0.0,0.0,1.0,0.0,1.0,0.0
5,240,12.0,4.004624958250884,1.0,1.0,0.0,0.0,0.0,0.0
6,240,2.2743711824643653,10.997952173022316,1.0,0.0,1.0,0.0,1.0,1.0
7,240,12.0,5.03367737065113,0.0,0.0,0.0,0.0,1.0,0.0
8,240,11.077327680635516,2.277989483940558,0.0,0.0,1.0,1.0,0.0,1.0
9,240,1.947252634715132,9.875621830866464,1.0,0.0,0.0,1.0,0.0,0.0
10,240,11.723039857127215,0.8413765549924533,0.0,1.0,1.0,0.0,0.0,0.0
11,240,9.573431711219756,6.1337004902929175,0.0,0.0,0.0,0.0,1.0,1.0
12,240,1.0270934891350454,3.902155064436096,0.0,0.0,0.0,0.0,0.0,0.0
13,240,0.3018030871140282,1.3717103736287175,0.0,1.0,0.0,1.0,1.0,0.0
14,240,8.949144900507818,2.026360980493501,1.0,0.0,0.0,1.0,0.0,0.0
15,240,8.130607398956256,4.961324404183525,0.0,0.0,0.0,0.0,1.0,0.0
16,240,4.88720520808566,7.019131692039339,1.0,0.0,0.0,0.0,1.0,0.0
17,240,7.408842215211908,11.18122613146886,1.0,0.0,0.0,1.0,0.0,0.0
18,240,0.0,9.28666104235492,0.0,0.0,0.0,0.0,0.0,0.0
19,240,7.20822150772802,9.547074570196964,0.0,0.0,1.0,1.0,0.0,0.0
20,240,3.5308150981358777,4.919312329248474,0.0,0.0,0.0,0.0,0.0,0.0
21,240,2.4258336843134587,9.303475043332964,0.0,0.0,0.0,0.0,1.0,1.0
22,240,7.719750554213321,5.860913607522587,0.0,0.0,0.0,0.0,0.0,0.0
23,240,12.0,5.457013915777949,0.0,1.0,1.0,1.0,0.0,1.0
24,240,2.864831494501424,12.0,1.0,1.0,1.0,1.0,0.0,0.0
25,240,7.999538640196972,6.049649284026499,0.0,1.0,0.0,0.0,1.0,1.0
26,240,2.647348456957323,8.536156720083882,0.0,0.0,0.0,1.0,1.0,1.0
27,240,5.4710365974002615,0.0,0.0,0.0,0.0,1.0,0.0,1.0
28,240,1.7683785819171904,7.081432164699026,0.0,0.0,0.0,0.0,0.0,0.0
29,240,10.518394594640723,11.874470458200587,1.0,0.0,0.0,0.0,0.0,0.0
30,240,6.603104573987663,2.3848848154557407,1.0,1.0,0.0,0.0,1.0,1.0
31,240,9.96878657951461,3.547461353980629,1.0,1.0,1.0,1.0,0.0,0.0
32,240,2.5201879312963764,5.191216300210013,0.0,0.0,0.0,1.0,0.0,0.0
33,240,10.646227240923215,1.7280691319837098,0.0,1.0,0.0,0.0,0.0,0.0
34,240,8.540740584584897,11.107439066280048,0.0,1.0,0.0,0.0,1.0,0.0
35,240,7.997327736544226,9.85480129574955,1.0,0.0,0.0,0.0,1.0,0.0
36,240,6.588344864149042,2.7053438083966777,0.0,1.0,1.0,0.0,1.0,1.0
37,240,11.636595280542322,7.237324698377295,1.0,0.0,0.0,0.0,1.0,1.0
38,240,12.0,9.723680482712226,1.0,0.0,1.0,0.0,1.0,0.0
39,240,12.0,7.618328522928375,0.0,1.0,1.0,1.0,1.0,1.0
0,245,9.240453851364745,3.036407252040518,0.0,1.0,0.0,1.0,0.0,1.0
1,245,10.259910012941472,0.6343362648241305,1.0,0.0,1.0,1.0,1.0,1.0
2,245,3.646655707380316,1.2067958507934522,0.0,0.0,0.0,0.0,0.0,0.0
3,245,1.839386473390363,1.1976465942124486,0.0,0.0,1.0,0.0,0.0,0.0
4,245,11.647388120122498,4.627870577835825,0.0,0.0,1.0,0.0,1.0,0.0
5,245,12.0,3.9568899789658394,1.0,1.0,0.0,0.0,0.0,0.0
6,245,2.206426916755101,11.027832681330446,1.0,0.0,1.0,0.0,1.0,1.0
7,245,12.0,5.086214427712192,0.0,0.0,0.0,0.0,1.0,0.0
8,245,11.205819699770888,2.1631020470458786,0.0,0.0,1.0,1.0,0.0,1.0
9,245,1.7947829175941563,9.988959271737905,1.0,0.0,0.0,1.0,0.0,0.0
10,245,11.689394450022789,0.9409995809322677,0.0,1.0,1.0,0.0,0.0,0.0
11,245,9.51424506868988,6.15523121415501,0.0,0.0,0.0,0.0,1.0,1.0
12,245,1.026951046744234,3.7918899733748743,0.0,0.0,0.0,0.0,0.0,0.0
13,245,0.3959454687550795,1.3833842272127193,0.0,1.0,0.0,1.0,1.0,0.0
14,245,8.932611170419168,2.027070267111947,1.0,0.0,0.0,1.0,0.0,0.0
15,245,8.058269504813595,5.04936717597642,0.0,0.0,0.0,0.0,1.0,0.0
16,245,4.866296442835275,7.017526352111926,1.0,0.0,0.0,0.0,1.0,0.0
17,245,7.36494794129463,11.128874197604697,1.0,0.0,0.0,1.0,0.0,0.0
18,245,0.0,9.137705595105269,0.0,0.0,0.0,0.0,0.0,0.0
19,245,7.334011644288485,9.52935698307901,0.0,0.0,1.0,1.0,0.0,0.0
20,245,3.509212671793139,4.900519008183507,0.0,0.0,0.0,0.0,0.0,0.0
21,245,2.4747298521303787,9.303678602498811,0.0,0.0,0.0,0.0,1.0,1.0
22,245,7.764178560646669,5.85479171885066,0.0,0.0,0.0,0.0,0.0,0.0
23,245,11.947548664575,5.393238865126821,0.0,1.0,1.0,1.0,0.0,1.0
24,245,2.863328083648089,12.0,1.0,1.0,1.0,1.0,0.0,0.0
25,245,7.999391798738329,5.959566072781696,0.0,1.0,0.0,0.0,1.0,1.0
26,245,2.711733594134176,8.568037977091212,0.0,0.0,0.0,1.0,1.0,1.0
27,245,5.437791096267035,0.0,0.0,0.0,0.0,1.0,0.0,1.0
28,245,1.799088092830618,7.089942279758052,0.0,0.0,0.0,0.0,0.0,0.0
29,245,10.50943653485657,11.917563990116989,1.0,0.0,0.0,0.0,0.0,0.0
30,245,6.576426860482952,2.3531087711944823,1.0,1.0,0.0,0.0,1.0,1.0
31,245,9.993718864055753,3.6331865878281766,1.0,1.0,1.0,1.0,0.0,0.0
32,245,2.3877803727321645,5.286431123233552,0.0,0.0,0.0,1.0,0.0,0.0
33,245,10.760219385887062,1.6411692370465052,0.0,1.0,0.0,0.0,0.0,0.0
34,245,8.64582946792026,11.151110177809162,0.0,1.0,0.0,0.0,1.0,0.0
35,245,8.072016743995537,9.733952726833326,1.0,0.0,0.0,0.0,1.0,0.0
36,245,6.767683714997373,2.58122947036006,0.0,1.0,1.0,0.0,1.0,1.0
37,245,11.752056596374045,7.226828997228673,1.0,0.0,0.0,0.0,1.0,1.0
38,245,12.0,9.722214685336896,1.0,0.0,1.0,0.0,1.0,0.0
39,245,12.0,7.8397744940933265,0.0,1.0,1.0,1.0,1.0,1.0
0,250,9.198904205396232,3.045843298476428,0.0,1.0,0.0,1.0,0.0,1.0
1,250,10.389160173940498,0.7792688062579674,1.0,0.0,1.0,1.0,1.0,1.0
2,250,3.661098724813456,1.1634090651233868,0.0,0.0,0.0,0.0,0.0,0.0
3,250,1.847830218140112,1.1481540758072324,0.0,0.0,1.0,0.0,0.0,0.0
4,250,11.646949514038107,4.6279541732002185,0.0,0.0,1.0,0.0,1.0,0.0
5,250,12.0,3.9098222413510535,1.0,1.0,0.0,0.0,0.0,0.0
6,250,2.121474638164891,11.062196669849458,1.0,0.0,1.0,0.0,1.0,1.0
7,250,12.0,5.143598196301361,0.0,0.0,0.0,0.0,1.0,0.0
8,250,11.309831767156233,2.0696102530929643,0.0,0.0,1.0,1.0,0.0,1.0
9,250,1.6577950471778564,10.086934030296415,1.0,0.0,0.0,1.0,0.0,0.0
10,250,11.661969484726308,1.0246261000843078,0.0,1.0,1.0,0.0,0.0,0.0
11,250,9.44995413978674,6.177851979433872,0.0,0.0,0.0,0.0,1.0,1.0
12,250,1.0251966622157265,3.6744987263212265,0.0,0.0,0.0,0.0,0.0,0.0
13,250,0.4804565302181717,1.3927514027357677,0.0,1.0,0.0,1.0,1.0,0.0
14,250,8.915779683986118,2.027976054797063,1.0,0.0,0.0,1.0,0.0,0.0
15,250,7.990063723090482,5.130195205797314,0.0,0.0,0.0,0.0,1.0,0.0
16,250,4.836062914145831,7.014563239837773,1.0,0.0,0.0,0.0,1.0,0.0
17,250,7.317963558200569,11.073398276439477,1.0,0.0,0.0,1.0,0.0,0.0
18,250,0.0,8.98512824750168,0.0,0.0,0.0,0.0,0.0,0.0
19,250,7.470647012524372,9.5087479055345,0.0,0.0,1.0,1.0,0.0,0.0
20,250,3.4783329715042486,4.874493710611678,0.0,0.0,0.0,0.0,0.0,0.0
21,250,2.5433974032737474,9.303980831038704,0.0,0.0,0.0,0.0,1.0,1.0
22,250,7.805613170329567,5.850391061070054,0.0,0.0,0.0,0.0,0.0,0.0
23,250,11.890523028696949,5.325114388006856,0.0,1.0,1.0,1.0,0.0,1.0
24,250,2.862328148460382,12.0,1.0,1.0,1.0,1.0,0.0,0.0
25,250,7.997793382864367,5.884378199136549,0.0,1.0,0.0,0.0,1.0,1.0
26,250,2.7629078939777125,8.594290901047673,0.0,0.0,0.0,1.0,1.0,1.0
27,250,5.403192925973737,0.0,0.0,0.0,0.0,1.0,0.0,1.0
28,250,1.837205531077373,7.100398747885651,0.0,0.0,0.0,0.0,0.0,0.0
29,250,10.499517553345894,11.973205761291853,1.0,0.0,0.0,0.0,0.0,0.0
30,250,6.554140392162599,2.326715955918706,1.0,1.0,0.0,0.0,1.0,1.0
31,250,10.0169314464279,3.7146246963171703,1.0,1.0,1.0,1.0,0.0,0.0
32,250,2.269110716800604,5.373333991222099,0.0,0.0,0.0,1.0,0.0,0.0
33,250,10.867281645636387,1.556905924766395,0.0,1.0,0.0,0.0,0.0,0.0
34,250,8.752179754144047,11.197925142663273,0.0,1.0,0.0,0.0,1.0,0.0
35,250,8.14804304842996,9.613388070800276,1.0,0.0,0.0,0.0,1.0,0.0
36,250,6.931730530739182,2.463267937864221,0.0,1.0,1.0,0.0,1.0,1.0
37,250,11.884663415532223,7.211471930605064,1.0,0.0,0.0,0.0,1.0,1.0
38,250,12.0,9.715857873589403,1.0,0.0,1.0,0.0,1.0,0.0
39,250,12.0,8.065672930213902,0.0,1.0,1.0,1.0,1.0,1.0
0,255,9.17023237876185,3.05167183209067,0.0,1.0,0.0,1.0,0.0,1.0
1,255,10.515494779580012,0.9204816879691682,1.0,0.0,1.0,1.0,1.0,1.0
2,255,3.6732490072784993,1.126299926799894,0.0,0.0,0.0,0.0,0.0,0.0
3,255,1.8555606109775131,1.099590842228254,0.0,0.0,1.0,0.0,0.0,0.0
4,255,11.627377346185042,4.631797862003967,0.0,0.0,1.0,0.0,1.0,0.0
5,255,12.0,3.856701460351493,1.0,1.0,0.0,0.0,0.0,0.0
6,255,2.0285278302825835,11.103765826966672,1.0,0.0,1.0,0.0,1.0,1.0
7,255,12.0,5.205194269957055,0.0,0.0,0.0,0.0,1.0,0.0
8,255,11.414521600336313,1.9767548315514607,0.0,0.0,1.0,1.0,0.0,1.0
9,255,1.518795446026988,10.184077498530216,1.0,0.0,0.0,1.0,0.0,0.0
10,255,11.631646874431794,1.1205980393830337,0.0,1.0,1.0,0.0,0.0,0.0
11,255,9.38087076669427,6.204317526178283,0.0,0.0,0.0,0.0,1.0,1.0
12,255,1.023099250504076,3.5532577282188256,0.0,0.0,0.0,0.0,0.0,0.0
13,255,0.5503396480143103,1.4008306827200725,0.0,1.0,0.0,1.0,1.0,0.0
14,255,8.924296370519768,2.02728656430196,1.0,0.0,0.0,1.0,0.0,0.0
15,255,7.939165006143503,5.193682025947408,0.0,0.0,0.0,0.0,1.0,0.0
16,255,4.840160242728221,6.971028904459111,1.0,0.0,0.0,0.0,1.0,0.0
17,255,7.274278412512679,11.021581566150326,1.0,0.0,0.0,1.0,0.0,0.0
18,255,0.0,8.81567977824398,0.0,0.0,0.0,0.0,0.0,0.0
19,255,7.593747772127799,9.491358986035992,0.0,0.0,1.0,1.0,0.0,0.0
20,255,3.436859162659033,4.839204527935425,0.0,0.0,0.0,0.0,0.0,0.0
21,255,2.5887491007439003,9.303912804586302,0.0,0.0,0.0,0.0,1.0,1.0
22,255,7.848316422543026,5.845304220002383,0.0,0.0,0.0,0.0,0.0,0.0
23,255,11.833677066308608,5.255197995171346,0.0,1.0,1.0,1.0,0.0,1.0
24,255,2.8621715514733204,12.0,1.0,1.0,1.0,1.0,0.0,0.0
25,255,7.995357628837952,5.818692972254967,0.0,1.0,0.0,0.0,1.0,1.0
26,255,2.794442238872495,8.610145975398886,0.0,0.0,0.0,1.0,1.0,1.0
27,255,5.347706931070071,0.0,0.0,0.0,0.0,1.0,0.0,1.0
28,255,1.895772440854402,7.116511775266112,0.0,0.0,0.0,0.0,0.0,0.0
29,255,10.48801307988975,12.0,1.0,0.0,0.0,0.0,0.0,0.0
30,255,6.516896124865914,2.2816899342861063,1.0,1.0,0.0,0.0,1.0,1.0
31,255,10.031013001534882,3.767266515353804,1.0,1.0,1.0,1.0,0.0,0.0
32,255,2.155541926086068,5.45184250714112,0.0,0.0,0.0,1.0,0.0,0.0
33,255,10.970919402606548,1.4758489477867476,0.0,1.0,0.0,0.0,0.0,0.0
34,255,8.858232963483365,11.245246136709678,0.0,1.0,0.0,0.0,1.0,0.0
35,255,8.228958530668748,9.48360566089054,1.0,0.0,0.0,0.0,1.0,0.0
36,255,7.089002723041701,2.347011885673524,0.0,1.0,1.0,0.0,1.0,1.0
37,255,12.0,7.194015553680645,1.0,0.0,0.0,0.0,1.0,1.0
38,255,12.0,9.708498625792885,1.0,0.0,1.0,0.0,1.0,0.0
39,255,12.0,8.292546580631894,0.0,1.0,1.0,1.0,1.0,1.0
0,260,9.14218789966798,3.0571862666762475,0.0,1.0,0.0,1.0,0.0,1.0
1,260,10.64303294719775,1.0674756915272705,1.0,0.0,1.0,1.0,1.0,1.0
2,260,3.6870122155224174,1.0862998270955566,0.0,0.0,0.0,0.0,0.0,0.0
3,260,1.863501043471356,1.044528264690383,0.0,0.0,1.0,0.0,0.0,0.0
4,260,11.598977999628511,4.6381158489570335,0.0,0.0,1.0,0.0,1.0,0.0
5,260,12.0,3.808890286402583,1.0,1.0,0.0,0.0,0.0,0.0
6,260,1.925668394474256,11.150944692345808,1.0,0.0,1.0,0.0,1.0,1.0
7,260,12.0,5.264553628951315,0.0,0.0,0.0,0.0,1.0,0.0
8,260,11.525836134349664,1.8793077931214,0.0,0.0,1.0,1.0,0.0,1.0
9,260,1.3865542664003945,10.277319766261304,1.0,0.0,0.0,1.0,0.0,0.0
10,260,11.599162004314064,1.2189430886133148,0.0,1.0,1.0,0.0,0.0,0.0
11,260,9.334093127770007,6.2237672736525385,0.0,0.0,0.0,0.0,1.0,1.0
12,260,1.0217780170504147,3.418591029430255,0.0,0.0,0.0,0.0,0.0,0.0
13,260,0.6175364333763114,1.408851357062889,0.0,1.0,0.0,1.0,1.0,0.0
14,260,8.93048932717803,2.026964002014256,1.0,0.0,0.0,1.0,0.0,0.0
15,260,7.891387309691817,5.250760041667791,0.0,0.0,0.0,0.0,1.0,0.0
16,260,4.850032302322376,6.901640895712997,1.0,0.0,0.0,0.0,1.0,0.0
17,260,7.223308944797002,10.961262314391778,1.0,0.0,0.0,1.0,0.0,0.0
18,260,0.0,8.636177011782607,0.0,0.0,0.0,0.0,0.0,0.0
19,260,7.610111070426481,9.609612442449048,0.0,0.0,1.0,1.0,0.0,0.0
20,260,3.384151522894839,4.793030431888039,0.0,0.0,0.0,0.0,0.0,0.0
21,260,2.631413740875693,9.303861715253651,0.0,0.0,0.0,0.0,1.0,1.0
22,260,7.902828964467973,5.839264833903699,0.0,0.0,0.0,0.0,0.0,0.0
23,260,11.766399207105424,5.174151838262131,0.0,1.0,1.0,1.0,0.0,1.0
24,260,2.8622885810158047,11.996125369730397,1.0,1.0,1.0,1.0,0.0,0.0
25,260,7.992140255426767,5.742166868769671,0.0,1.0,0.0,0.0,1.0,1.0
26,260,2.817896983391742,8.622294582678533,0.0,0.0,0.0,1.0,1.0,1.0
27,260,5.263646918535331,0.0,0.0,0.0,0.0,1.0,0.0,1.0
28,260,1.938151564428937,7.128107422988104,0.0,0.0,0.0,0.0,0.0,0.0
29,260,10.477417025263442,12.0,1.0,0.0,0.0,0.0,0.0,0.0
30,260,6.473760575131871,2.230108854616413,1.0,1.0,0.0,0.0,1.0,1.0
31,260,10.044713919787496,3.818782197001278,1.0,1.0,1.0,1.0,0.0,0.0
32,260,2.060862639943812,5.518160539013588,0.0,0.0,0.0,1.0,0.0,0.0
33,260,11.097833312295547,1.3772722953793737,0.0,1.0,0.0,0.0,0.0,0.0
34,260,8.97719183324332,11.29752304357114,0.0,1.0,0.0,0.0,1.0,0.0
35,260,8.305592054192921,9.360165238606344,1.0,0.0,0.0,0.0,1.0,0.0
36,260,7.245706636884497,2.22728540409926,0.0,1.0,1.0,0.0,1.0,1.0
37,260,12.0,7.176529771633734,1.0,0.0,0.0,0.0,1.0,1.0
38,260,12.0,9.699629112636453,1.0,0.0,1.0,0.0,1.0,0.0
39,260,12.0,8.497365580639341,0.0,1.0,1.0,1.0,1.0,1.0
0,265,9.115639698680306,3.0626669716365256,0.0,1.0,0.0,1.0,0.0,1.0
1,265,10.772741479936489,1.218876214364558,1.0,0.0,1.0,1.0,1.0,1.0
2,265,3.703310873887144,1.0418365400818588,0.0,0.0,0.0,0.0,0.0,0.0
3,265,1.8678428453957607,1.0082073502592734,0.0,0.0,1.0,0.0,0.0,0.0
4,265,11.573104130875947,4.643539515473013,0.0,0.0,1.0,0.0,1.0,0.0
5,265,12.0,3.768329184215369,1.0,1.0,0.0,0.0,0.0,0.0
6,265,1.8210239055997728,11.1960629292572,1.0,0.0,1.0,0.0,1.0,1.0
7,265,12.0,5.321641386501984,0.0,0.0,0.0,0.0,1.0,0.0
8,265,11.650519740656538,1.773014157753359,0.0,0.0,1.0,1.0,0.0,1.0
9,265,1.2560436332377405,10.37042399387238,1.0,0.0,0.0,1.0,0.0,0.0
10,265,11.570427974671867,1.3000680394771802,0.0,1.0,1.0,0.0,0.0,0.0
11,265,9.278815846160873,6.248195206360444,0.0,0.0,0.0,0.0,1.0,1.0
12,265,1.0211008978789615,3.286617815505494,0.0,0.0,0.0,0.0,0.0,0.0
13,265,0.6782784517104699,1.415942923407062,0.0,1.0,0.0,1.0,1.0,0.0
14,265,8.941707383476059,2.0265376577241025,1.0,0.0,0.0,1.0,0.0,0.0
15,265,7.842925830464915,5.307781132348273,0.0,0.0,0.0,0.0,1.0,0.0
16,265,4.8580001936423525,6.8368647480703935,1.0,0.0,0.0,0.0,1.0,0.0
17,265,7.175998870184125,10.905885604367937,1.0,0.0,0.0,1.0,0.0,0.0
18,265,0.0,8.4616657042653,0.0,0.0,0.0,0.0,0.0,0.0
19,265,7.627549904860165,9.715711778029233,0.0,0.0,1.0,1.0,0.0,0.0
20,265,3.3590657969900373,4.770069330674184,0.0,0.0,0.0,0.0,0.0,0.0
21,265,2.6819751255907933,9.30262641065297,0.0,0.0,0.0,0.0,1.0,1.0
22,265,7.953589844111267,5.83383334660977,0.0,0.0,0.0,0.0,0.0,0.0
23,265,11.697634974655411,5.090340303339081,0.0,1.0,1.0,1.0,0.0,1.0
24,265,2.862293474848117,11.999168011743205,1.0,1.0,1.0,1.0,0.0,0.0
25,265,7.989429348342646,5.655237767530609,0.0,1.0,0.0,0.0,1.0,1.0
26,265,2.843547824584285,8.63483550995947,0.0,0.0,0.0,1.0,1.0,1.0
27,265,5.186370332363199,0.0,0.0,0.0,0.0,1.0,0.0,1.0
28,265,1.9825170801500744,7.141076899597859,0.0,0.0,0.0,0.0,0.0,0.0
29,265,10.468440668094646,12.0,1.0,0.0,0.0,0.0,0.0,0.0
30,265,6.43260526569635,2.179530655626192,1.0,1.0,0.0,0.0,1.0,1.0
31,265,10.06313588731354,3.899228385485393,1.0,1.0,1.0,1.0,0.0,0.0
32,265,1.9442304597755868,5.598337875354085,0.0,0.0,0.0,1.0,0.0,0.0
33,265,11.217404710411412,1.285617876749043,0.0,1.0,0.0,0.0,0.0,0.0
34,265,9.0913791054841,11.343157147743746,0.0,1.0,0.0,0.0,1.0,0.0
35,265,8.37126665738657,9.252618922128068,1.0,0.0,0.0,0.0,1.0,0.0
36,265,7.403997412488701,2.106441074514824,0.0,1.0,1.0,0.0,1.0,1.0
37,265,12.0,7.161583176574857,1.0,0.0,0.0,0.0,1.0,1.0
38,265,12.0,9.693369540617132,1.0,0.0,1.0,0.0,1.0,0.0
39,265,12.0,8.695695401873298,0.0,1.0,1.0,1.0,1.0,1.0
0,270,9.101343433020094,3.065718910040721,0.0,1.0,0.0,1.0,0.0,1.0
1,270,10.899834159658766,1.3660161018952357,1.0,0.0,1.0,1.0,1.0,1.0
2,270,3.720993957637416,0.9962586115198356,0.0,0.0,0.0,0.0,0.0,0.0
3,270,1.8726264780091737,0.9653259210477716,0.0,0.0,1.0,0.0,0.0,0.0
4,270,11.549344162645104,4.648233939991746,0.0,0.0,1.0,0.0,1.0,0.0
5,270,12.0,3.733199037444803,1.0,1.0,0.0,0.0,0.0,0.0
6,270,1.725940654088168,11.234588363815394,1.0,0.0,1.0,0.0,1.0,1.0
7,270,12.0,5.384892981191786,0.0,0.0,0.0,0.0,1.0,0.0
8,270,11.785935941138428,1.6541867676535842,0.0,0.0,1.0,1.0,0.0,1.0
9,270,1.1309418224411978,10.462153699642958,1.0,0.0,0.0,1.0,0.0,0.0
10,270,11.537130935997071,1.387998857786943,0.0,1.0,1.0,0.0,0.0,0.0
11,270,9.22540235941083,6.271602201176811,0.0,0.0,0.0,0.0,1.0,1.0
12,270,1.0135547848611104,3.13188840558658,0.0,0.0,0.0,0.0,0.0,0.0
13,270,0.7561241946663603,1.4232368319021211,0.0,1.0,0.0,1.0,1.0,0.0
14,270,8.961271077080239,2.0261843496214142,1.0,0.0,0.0,1.0,0.0,0.0
15,270,7.803287878003239,5.352417711682494,0.0,0.0,0.0,0.0,1.0,0.0
16,270,4.86468101470211,6.780236940961094,1.0,0.0,0.0,0.0,1.0,0.0
17,270,7.131902669574093,10.851557145674237,1.0,0.0,0.0,1.0,0.0,0.0
18,270,0.0,8.297044894027607,0.0,0.0,0.0,0.0,0.0,0.0
19,270,7.64313152116014,9.817324187386856,0.0,0.0,1.0,1.0,0.0,0.0
20,270,3.329439142830524,4.743083893176718,0.0,0.0,0.0,0.0,0.0,0.0
21,270,2.7535012385365047,9.299343651462408,0.0,0.0,0.0,0.0,1.0,1.0
22,270,8.011269842783756,5.827548605071517,0.0,0.0,0.0,0.0,0.0,0.0
23,270,11.63489421591266,5.010849741373431,0.0,1.0,1.0,1.0,0.0,1.0
24,270,2.8622349271653413,12.0,1.0,1.0,1.0,1.0,0.0,0.0
25,270,7.988816081221572,5.56542812345989,0.0,1.0,0.0,0.0,1.0,1.0
26,270,2.870760657775395,8.647923897270337,0.0,0.0,0.0,1.0,1.0,1.0
27,270,5.0873268235065785,0.0,0.0,0.0,0.0,1.0,0.0,1.0
28,270,2.01256393230909,7.150156124075272,0.0,0.0,0.0,0.0,0.0,0.0
29,270,10.45797568430031,12.0,1.0,0.0,0.0,0.0,0.0,0.0
30,270,6.390747523057399,2.126405961259509,1.0,1.0,0.0,0.0,1.0,1.0
31,270,10.086550486036383,4.002506516251685,1.0,1.0,1.0,1.0,0.0,0.0
32,270,1.832936069577632,5.668050397639912,0.0,0.0,0.0,1.0,0.0,0.0
33,270,11.347360104473289,1.182275736076838,0.0,1.0,0.0,0.0,0.0,0.0
34,270,9.18725092609849,11.380586549778224,0.0,1.0,0.0,0.0,1.0,0.0
35,270,8.437870255680552,9.148238138183729,1.0,0.0,0.0,0.0,1.0,0.0
36,270,7.562376102460404,1.9839656094199567,0.0,1.0,1.0,0.0,1.0,1.0
37,270,12.0,7.14554596508002,1.0,0.0,0.0,0.0,1.0,1.0
38,270,12.0,9.688495093524525,1.0,0.0,1.0,0.0,1.0,0.0
39,270,12.0,8.915080098963632,0.0,1.0,1.0,1.0,1.0,1.0
0,275,9.081079975379136,3.0706514087749133,0.0,1.0,0.0,1.0,0.0,1.0
1,275,11.037974081401511,1.5306755004310733,1.0,0.0,1.0,1.0,1.0,1.0
2,275,3.742079955249622,0.9391510684915192,0.0,0.0,0.0,0.0,0.0,0.0
3,275,1.8815329532733949,0.9019159209147796,0.0,0.0,1.0,0.0,0.0,0.0
4,275,11.55412517491216,4.647102886339322,0.0,0.0,1.0,0.0,1.0,0.0
5,275,12.0,3.698213719594938,1.0,1.0,0.0,0.0,0.0,0.0
6,275,1.637911110243693,11.271026634536756,1.0,0.0,1.0,0.0,1.0,1.0
7,275,12.0,5.446473236797267,0.0,0.0,0.0,0.0,1.0,0.0
8,275,11.90651759287188,1.5483650104684503,0.0,0.0,1.0,1.0,0.0,1.0
9,275,0.9964437516389086,10.56046689250866,1.0,0.0,0.0,1.0,0.0,0.0
10,275,11.497634119225872,1.4906976255770032,0.0,1.0,1.0,0.0,0.0,0.0
11,275,9.15924518017673,6.3013752367773295,0.0,0.0,0.0,0.0,1.0,1.0
12,275,1.0055180472627308,2.9833815050933343,0.0,0.0,0.0,0.0,0.0,0.0
13,275,0.841535134941809,1.4318008004583498,0.0,1.0,0.0,1.0,1.0,0.0
14,275,8.9888803035805,2.025845963817835,1.0,0.0,0.0,1.0,0.0,0.0
15,275,7.783812938222387,5.374233229519879,0.0,0.0,0.0,0.0,1.0,0.0
16,275,4.8698689952427765,6.733293247535215,1.0,0.0,0.0,0.0,1.0,0.0
17,275,7.088619432746371,10.7998151823386,1.0,0.0,0.0,1.0,0.0,0.0
18,275,0.0,8.124882003965045,0.0,0.0,0.0,0.0,0.0,0.0
19,275,7.657004645768673,9.922696124982348,0.0,0.0,1.0,1.0,0.0,0.0
20,275,3.2929650303721374,4.710385819750737,0.0,0.0,0.0,0.0,0.0,0.0
21,275,2.848581664526756,9.29266716751304,0.0,0.0,0.0,0.0,1.0,1.0
22,275,8.053271044853014,5.82287093481631,0.0,0.0,0.0,0.0,0.0,0.0
23,275,11.576380085876467,4.9368373576536175,0.0,1.0,1.0,1.0,0.0,1.0
24,275,2.861834693094929,12.0,1.0,1.0,1.0,1.0,0.0,0.0
25,275,7.986547656057936,5.472378192329638,0.0,1.0,0.0,0.0,1.0,1.0
26,275,2.867585870260772,8.646339796976623,0.0,0.0,0.0,1.0,1.0,1.0
27,275,4.994488484720593,0.0,0.0,0.0,0.0,1.0,0.0,1.0
28,275,2.0569517485030064,7.162890404558809,0.0,0.0,0.0,0.0,0.0,0.0
29,275,10.446306064629873,12.0,1.0,0.0,0.0,0.0,0.0,0.0
30,275,6.341673623973821,2.05927254432267,1.0,1.0,0.0,0.0,1.0,1.0
31,275,10.116937727018223,4.129277152729371,1.0,1.0,1.0,1.0,0.0,0.0
32,275,1.7272279069403755,5.733744951481661,0.0,0.0,0.0,1.0,0.0,0.0
33,275,11.483279000093669,1.0739348168357878,0.0,1.0,0.0,0.0,0.0,0.0
34,275,9.298140397779775,11.420676389746289,0.0,1.0,0.0,0.0,1.0,0.0
35,275,8.537042158717814,9.21300315173726,1.0,0.0,0.0,0.0,1.0,0.0
36,275,7.727476740442731,1.862348998061967,0.0,1.0,1.0,0.0,1.0,1.0
37,275,12.0,7.132441970373051,1.0,0.0,0.0,0.0,1.0,1.0
38,275,12.0,9.683873489353664,1.0,0.0,1.0,0.0,1.0,0.0
39,275,12.0,9.129762863570198,0.0,1.0,1.0,1.0,1.0,1.0
0,280,9.062096845388288,3.0746599534378274,0.0,1.0,0.0,1.0,0.0,1.0
1,280,11.174642422043965,1.68344066616039,1.0,0.0,1.0,1.0,1.0,1.0
2,280,3.7617479148618354,0.8880737705139894,0.0,0.0,0.0,0.0,0.0,0.0
3,280,1.8918650115695297,0.8341412189813214,0.0,0.0,1.0,0.0,0.0,0.0
4,280,11.558330831831178,4.645985294440062,0.0,0.0,1.0,0.0,1.0,0.0
5,280,12.0,3.664000282182745,1.0,1.0,0.0,0.0,0.0,0.0
6,280,1.53899026969738,11.310418484015734,1.0,0.0,1.0,0.0,1.0,1.0
7,280,12.0,5.503932028811711,0.0,0.0,0.0,0.0,1.0,0.0
8,280,12.0,1.459048393476609,0.0,0.0,1.0,1.0,0.0,1.0
9,280,0.8630974985157271,10.661560359851478,1.0,0.0,0.0,1.0,0.0,0.0
10,280,11.460875392249942,1.5834263337171308,0.0,1.0,1.0,0.0,0.0,0.0
11,280,9.065313202296332,6.345660795728476,0.0,0.0,0.0,0.0,1.0,1.0
12,280,0.9936490384931614,2.818530612404113,0.0,0.0,0.0,0.0,0.0,0.0
13,280,0.9188343706628872,1.4390758309916805,0.0,1.0,0.0,1.0,1.0,0.0
14,280,9.024769514988082,2.0245036725252814,1.0,0.0,0.0,1.0,0.0,0.0
15,280,7.765768806975779,5.393665216560179,0.0,0.0,0.0,0.0,1.0,0.0
16,280,4.871795363369263,6.714562524823422,1.0,0.0,0.0,0.0,1.0,0.0
17,280,7.0297928695760605,10.730762067023736,1.0,0.0,0.0,1.0,0.0,0.0
18,280,0.0,7.946517546032658,0.0,0.0,0.0,0.0,0.0,0.0
19,280,7.666850083671003,10.025795467533712,0.0,0.0,1.0,1.0,0.0,0.0
20,280,3.268775814549364,4.6893558950252086,0.0,0.0,0.0,0.0,0.0,0.0
21,280,2.9458286531286912,9.287355705775193,0.0,0.0,0.0,0.0,1.0,1.0
22,280,8.087777034136009,5.818094470962814,0.0,0.0,0.0,0.0,0.0,0.0
23,280,11.512686653318886,4.852204592562208,0.0,1.0,1.0,1.0,0.0,1.0
24,280,2.8612885048379537,12.0,1.0,1.0,1.0,1.0,0.0,0.0
25,280,7.984610205363869,5.377855725701474,0.0,1.0,0.0,0.0,1.0,1.0
26,280,2.856608999130573,8.640967788529668,0.0,0.0,0.0,1.0,1.0,1.0
27,280,4.891847166995383,0.0,0.0,0.0,0.0,1.0,0.0,1.0
28,280,2.1046568179620837,7.177739905252378,0.0,0.0,0.0,0.0,0.0,0.0
29,280,10.436540514054776,12.0,1.0,0.0,0.0,0.0,0.0,0.0
30,280,6.284373904386003,1.9852190543661692,1.0,1.0,0.0,0.0,1.0,1.0
31,280,10.14579819146106,4.238093172755874,1.0,1.0,1.0,1.0,0.0,0.0
32,280,1.621338283384388,5.794940435817189,0.0,0.0,0.0,1.0,0.0,0.0
33,280,11.61916593716892,0.9661229449697372,0.0,1.0,0.0,0.0,0.0,0.0
34,280,9.419983086823658,11.468049257658665,0.0,1.0,0.0,0.0,1.0,0.0
35,280,8.638846995495877,9.288061482585649,1.0,0.0,0.0,0.0,1.0,0.0
36,280,7.903476526420358,1.7297164793637934,0.0,1.0,1.0,0.0,1.0,1.0
37,280,12.0,7.1187934325697135,1.0,0.0,0.0,0.0,1.0,1.0
38,280,12.0,9.673600604943378,1.0,0.0,1.0,0.0,1.0,0.0
39,280,12.0,9.373518176101747,0.0,1.0,1.0,1.0,1.0,1.0
0,285,9.02833877796824,3.082225019570464,0.0,1.0,0.0,1.0,0.0,1.0
1,285,11.323798713026516,1.5516465743377568,1.0,0.0,1.0,1.0,1.0,1.0
2,285,3.789846246435957,0.8144530518000151,0.0,0.0,0.0,0.0,0.0,0.0
3,285,1.9004743045962424,0.7707675611351166,0.0,0.0,1.0,0.0,0.0,0.0
4,285,11.563253921491704,4.644710215909929,0.0,0.0,1.0,0.0,1.0,0.0
5,285,12.0,3.624061858373353,1.0,1.0,0.0,0.0,0.0,0.0
6,285,1.44186392258521,11.35253277098138,1.0,0.0,1.0,0.0,1.0,1.0
7,285,12.0,5.560903233124393,0.0,0.0,0.0,0.0,1.0,0.0
8,285,12.0,1.3777068357211948,0.0,0.0,1.0,1.0,0.0,1.0
9,285,0.7468186941690154,10.74720752313141,1.0,0.0,0.0,1.0,0.0,0.0
10,285,11.420349288646458,1.688247081435318,0.0,1.0,1.0,0.0,0.0,0.0
11,285,8.978977788463293,6.387604142298423,0.0,0.0,0.0,0.0,1.0,1.0
12,285,0.9848541214363784,2.6330468479470746,0.0,0.0,0.0,0.0,0.0,0.0
13,285,0.998655111045458,1.4448536163018544,0.0,1.0,0.0,1.0,1.0,0.0
14,285,9.04574535939222,2.023711650886253,1.0,0.0,0.0,1.0,0.0,0.0
15,285,7.742731882861126,5.417643573928504,0.0,0.0,0.0,0.0,1.0,0.0
16,285,4.873713082895737,6.689019202477423,1.0,0.0,0.0,0.0,1.0,0.0
17,285,6.967281876705506,10.657723897097345,1.0,0.0,0.0,1.0,0.0,0.0
18,285,0.0,7.764228718161572,0.0,0.0,0.0,0.0,0.0,0.0
19,285,7.676060849911123,10.132227498809836,0.0,0.0,1.0,1.0,0.0,0.0
20,285,3.237769143539586,4.6631363970101045,0.0,0.0,0.0,0.0,0.0,0.0
21,285,3.0613656822292263,9.280899813859602,0.0,0.0,0.0,0.0,1.0,1.0
22,285,8.123708974431924,5.8133131572899845,0.0,0.0,0.0,0.0,0.0,0.0
23,285,11.447201752369288,4.762363438445937,0.0,1.0,1.0,1.0,0.0,1.0
24,285,2.860709193065116,12.0,1.0,1.0,1.0,1.0,0.0,0.0
25,285,7.982470805304125,5.282350285963875,0.0,1.0,0.0,0.0,1.0,1.0
26,285,2.8509782866737354,8.638370547101136,0.0,0.0,0.0,1.0,1.0,1.0
27,285,4.788620313129625,0.0,0.0,0.0,0.0,1.0,0.0,1.0
28,285,2.1716375697001964,7.1974187005947465,0.0,0.0,0.0,0.0,0.0,0.0
29,285,10.403731287062564,11.993643713083854,1.0,0.0,0.0,0.0,0.0,0.0
30,285,6.224653439904515,1.9092099772064293,1.0,1.0,0.0,0.0,1.0,1.0
31,285,10.174234942367546,4.347891159018197,1.0,1.0,1.0,1.0,0.0,0.0
32,285,1.5192119573508769,5.854904622676132,0.0,0.0,0.0,1.0,0.0,0.0
33,285,11.742123787340384,0.8646738974847308,0.0,1.0,0.0,0.0,0.0,0.0
34,285,9.534223534376036,11.511106255070109,0.0,1.0,0.0,0.0,1.0,0.0
35,285,8.744079613285479,9.361635767877145,1.0,0.0,0.0,0.0,1.0,0.0
36,285,8.075755339618478,1.6014506725312585,0.0,1.0,1.0,0.0,1.0,1.0
37,285,12.0,7.100675754748049,1.0,0.0,0.0,0.0,1.0,1.0
38,285,12.0,9.66055831136887,1.0,0.0,1.0,0.0,1.0,0.0
39,285,12.0,9.6047810879447,0.0,1.0,1.0,1.0,1.0,1.0
0,290,9.000861859342505,3.088454688788727,0.0,1.0,0.0,1.0,0.0,1.0
1,290,11.471985601832529,1.4197561014637636,1.0,0.0,1.0,1.0,1.0,1.0
2,290,3.815961446559504,0.7418042530502119,0.0,0.0,0.0,0.0,0.0,0.0
3,290,1.9077640759430272,0.7207461743900475,0.0,0.0,1.0,0.0,0.0,0.0
4,290,11.555498552205924,4.646905438161816,0.0,0.0,1.0,0.0,1.0,0.0
5,290,12.0,3.5824497725624598,1.0,1.0,0.0,0.0,0.0,0.0
6,290,1.342713435936301,11.394898675811516,1.0,0.0,1.0,0.0,1.0,1.0
7,290,12.0,5.620096452150626,0.0,0.0,0.0,0.0,1.0,0.0
8,290,12.0,1.3118864500575182,0.0,0.0,1.0,1.0,0.0,1.0
9,290,0.6238744315527833,10.832072769358204,1.0,0.0,0.0,1.0,0.0,0.0
10,290,11.381993484100134,1.792404883807281,0.0,1.0,1.0,0.0,0.0,0.0
11,290,8.90496015263539,6.4233985652713255,0.0,0.0,0.0,0.0,1.0,1.0
12,290,0.9814371937424532,2.44852920999622,0.0,0.0,0.0,0.0,0.0,0.0
13,290,1.0544856303997026,1.4471659830410026,0.0,1.0,0.0,1.0,1.0,0.0
14,290,9.051151390522508,2.0236409222022087,1.0,0.0,0.0,1.0,0.0,0.0
15,290,7.729781893125147,5.430510089821957,0.0,0.0,0.0,0.0,1.0,0.0
16,290,4.876534336653151,6.642873047065141,1.0,0.0,0.0,0.0,1.0,0.0
17,290,6.917789533588381,10.600216023882917,1.0,0.0,0.0,1.0,0.0,0.0
18,290,0.0,7.596087408111102,0.0,0.0,0.0,0.0,0.0,0.0
19,290,7.6808843997411165,10.222167640504075,0.0,0.0,1.0,1.0,0.0,0.0
20,290,3.204315901773161,4.634194749954509,0.0,0.0,0.0,0.0,0.0,0.0
21,290,3.1697051941064345,9.27688408774763,0.0,0.0,0.0,0.0,1.0,1.0
22,290,8.145392043141175,5.810673279030341,0.0,0.0,0.0,0.0,0.0,0.0
23,290,11.37657654856456,4.667463379560076,0.0,1.0,1.0,1.0,0.0,1.0
24,290,2.860120140812713,12.0,1.0,1.0,1.0,1.0,0.0,0.0
25,290,7.979762786129338,5.177794496629962,0.0,1.0,0.0,0.0,1.0,1.0
26,290,2.87482928166044,8.649063998504966,0.0,0.0,0.0,1.0,1.0,1.0
27,290,4.805063054579058,0.0,0.0,0.0,0.0,1.0,0.0,1.0
28,290,2.222496532481112,7.211614933475914,0.0,0.0,0.0,0.0,0.0,0.0
29,290,10.39859451794195,11.992657469992077,1.0,0.0,0.0,0.0,0.0,0.0
30,290,6.174000407859918,1.8467547855082505,1.0,1.0,0.0,0.0,1.0,1.0
31,290,10.196998646600251,4.434717568203699,1.0,1.0,1.0,1.0,0.0,0.0
32,290,1.4242372813419388,5.911705753254904,0.0,0.0,0.0,1.0,0.0,0.0
33,290,11.854842772668803,0.7742703385158414,0.0,1.0,0.0,0.0,0.0,0.0
34,290,9.671149134988172,11.561445396418646,0.0,1.0,0.0,0.0,1.0,0.0
35,290,8.840434818939944,9.427214028254353,1.0,0.0,0.0,0.0,1.0,0.0
36,290,8.242035957098535,1.4786111941125253,0.0,1.0,1.0,0.0,1.0,1.0
37,290,12.0,7.08076921479265,1.0,0.0,0.0,0.0,1.0,1.0
38,290,12.0,9.651551656119585,1.0,0.0,1.0,0.0,1.0,0.0
39,290,12.0,9.821560410720783,0.0,1.0,1.0,1.0,1.0,1.0
0,295,8.988792380904403,3.090830282815632,0.0,1.0,0.0,1.0,0.0,1.0
1,295,11.633631020888808,1.2732249846662362,1.0,0.0,1.0,1.0,1.0,1.0
2,295,3.838234779833795,0.6753404030133661,0.0,0.0,0.0,0.0,0.0,0.0
3,295,1.916261830868938,0.6598066867007554,0.0,0.0,1.0,0.0,0.0,0.0
4,295,11.521355549980292,4.655896119979949,0.0,0.0,1.0,0.0,1.0,0.0
5,295,12.0,3.552127499163664,1.0,1.0,0.0,0.0,0.0,0.0
6,295,1.2501979738761857,11.43381104474124,1.0,0.0,1.0,0.0,1.0,1.0
7,295,12.0,5.678580140974997,0.0,0.0,0.0,0.0,1.0,0.0
8,295,12.0,1.2437686732424762,0.0,0.0,1.0,1.0,0.0,1.0
9,295,0.5104362046620705,10.91398270823912,1.0,0.0,0.0,1.0,0.0,0.0
10,295,11.350302287900996,1.8804146075406691,0.0,1.0,1.0,0.0,0.0,0.0
11,295,8.842938293735983,6.453844528135299,0.0,0.0,0.0,0.0,1.0,1.0
12,295,0.9775253593516516,2.2637773597243287,0.0,0.0,0.0,0.0,0.0,0.0
13,295,1.1150665353229137,1.4489435477152492,0.0,1.0,0.0,1.0,1.0,0.0
14,295,9.065795452900824,2.023796701321705,1.0,0.0,0.0,1.0,0.0,0.0
15,295,7.709386705606205,5.451340928031715,0.0,0.0,0.0,0.0,1.0,0.0
16,295,4.878027128273061,6.618657889650841,1.0,0.0,0.0,0.0,1.0,0.0
17,295,6.8643728953824725,10.5388221008058,1.0,0.0,0.0,1.0,0.0,0.0
18,295,0.0,7.428812818758965,0.0,0.0,0.0,0.0,0.0,0.0
19,295,7.688652513991283,10.32855251355233,0.0,0.0,1.0,1.0,0.0,0.0
20,295,3.172087041079501,4.605254309662482,0.0,0.0,0.0,0.0,0.0,0.0
21,295,3.280753865375252,9.275911924625309,0.0,0.0,0.0,0.0,1.0,1.0
22,295,8.181567337972954,5.806274266338034,0.0,0.0,0.0,0.0,0.0,0.0
23,295,11.31311384791709,4.5834433431531245,0.0,1.0,1.0,1.0,0.0,1.0
24,295,2.858897470299329,12.0,1.0,1.0,1.0,1.0,0.0,0.0
25,295,7.976969411025419,5.07410831959902,0.0,1.0,0.0,0.0,1.0,1.0
26,295,2.904625139660153,8.663258461597666,0.0,0.0,0.0,1.0,1.0,1.0
27,295,4.820169092390375,0.0,0.0,0.0,0.0,1.0,0.0,1.0
28,295,2.2723466618940527,7.224439538451792,0.0,0.0,0.0,0.0,0.0,0.0
29,295,10.42819960858188,11.997972702322496,1.0,0.0,0.0,0.0,0.0,0.0
30,295,6.125847188602476,1.7886873488690886,1.0,1.0,0.0,0.0,1.0,1.0
31,295,10.213590646113746,4.495092248014689,1.0,1.0,1.0,1.0,0.0,0.0
32,295,1.3147105980771556,5.974809838965577,0.0,0.0,0.0,1.0,0.0,0.0
33,295,11.981476769634751,0.6774778741340812,0.0,1.0,0.0,0.0,0.0,0.0
34,295,9.820391313708978,11.618132086808297,0.0,1.0,0.0,0.0,1.0,0.0
35,295,8.948172647909605,9.500082782142902,1.0,0.0,0.0,0.0,1.0,0.0
36,295,8.401418155979634,1.3576486313828744,0.0,1.0,1.0,0.0,1.0,1.0
37,295,12.0,7.0612162178360895,1.0,0.0,0.0,0.0,1.0,1.0
38,295,12.0,9.64310109244252,1.0,0.0,1.0,0.0,1.0,0.0
39,295,12.0,10.022507183144658,0.0,1.0,1.0,1.0,1.0,1.0
