id,time,x,y
0,0,6.0189556936887465,7.0448819943241086
1,0,6.967360747591906,7.054295773488338
2,0,3.9800812386465263,9.959275080962406
3,0,4.065520598293766,2.99052092068989
4,0,1.939936729768359,5.018142593410135
5,0,5.031546869704343,8.960673697070744
6,0,5.045952430914093,0.04430296819024957
7,0,12,3.932557688349068
8,0,2.950187973913604,9.001479855540765
9,0,2.949723318294481,6.053175804032997
10,0,1.9432600157179254,2.99982369577872
11,0,8.954396666645406,0.9297463749654254
12,0,6.975175207104738,5.950468815565481
13,0,3.041395425786935,4.9506283721887545
14,0,1.9335738266635518,10.980447851231004
0,5,6.0371951047771875,7.085069448378558
1,5,6.930558333305479,7.120065782969838
2,5,3.9561476499330994,9.909044352913458
3,5,4.137634880683571,2.9797093934599834
4,5,1.8908024202163547,5.0342536779797635
5,5,5.038574021628639,8.952255300233116
6,5,5.097243090048613,0.09369619478616512
7,5,12,3.8742687201111354
8,5,2.8725756432814644,9.00121859128929
9,5,2.8850152829803095,6.117565930755153
10,5,1.8812367595603716,2.9985087031428312
11,5,8.899924784312995,0.8464640759692391
12,5,6.953540675344907,5.908656846141389
13,5,3.070016683613183,4.914302376963583
14,5,1.8596692421001235,10.959646131187364
0,10,6.04624327520025,7.104652360220459
1,10,6.88530778955964,7.197665977993145
2,10,3.9207993611949172,9.836609862339861
3,10,4.207131625688512,2.9709605969262514
4,10,1.8416051442983952,5.051641196130293
5,10,5.044416039390272,8.945394938775957
6,10,5.160070277778166,0.15227319494180397
7,10,11.95633438212266,3.8696044565637524
8,10,2.805799811700891,9.001997945750121
9,10,2.8117640194419753,6.190390827639613
10,10,1.827306398081348,2.9965951095360936
11,10,8.858030666093615,0.7855449170627664
12,10,6.93389029749915,5.871331992181523
13,10,3.101596399943206,4.8759034040973015
14,10,1.7895149089287818,10.94059205784378
0,15,6.061442270247843,7.137493803341563
1,15,6.848923531486228,7.264565807089981
2,15,3.888128206070976,9.769709041340612
3,15,4.298602464837135,2.9580172695875167
4,15,1.7824331663150768,5.072497604496725
5,15,5.056444549163645,8.930641777763167
6,15,5.224818393173851,0.20775823930579895
7,15,11.933085891115859,3.867336651530876
8,15,2.805662387563772,9.059605442928508
9,15,2.7333200407190668,6.266497460834656
10,15,1.7847895591410816,2.9956153741153404
11,15,8.82180925416169,0.7338663474921331
12,15,6.909780592473211,5.823443023154628
13,15,3.1361102549374924,4.903491342404319
14,15,1.6977101495084235,10.916782548067003
0,20,6.080865141247238,7.177389531751287
1,20,6.817471330166019,7.317624733259377
2,20,3.8542466899476406,9.699032081493804
3,20,4.40642227905394,2.9430651221756423
4,20,1.7201327785103606,5.095328368994902
5,20,5.072445215650875,8.911133582345048
6,20,5.298612978964612,0.2707767484478072
7,20,11.925093071762209,3.866531402331373
8,20,2.806593613176908,9.12109804291092
9,20,2.6646563157034615,6.335176771454002
10,20,1.738170457472489,2.9943029547741653
11,20,8.78657315858847,0.6853597948540638
12,20,6.88391500648763,5.776141109909468
13,20,3.1582816388718027,4.922002892842631
14,20,1.5929090391729521,10.89008632006521
0,25,6.098235845899159,7.2132018007496015
1,25,6.782672350961904,7.377093832716422
2,25,3.8183539436827134,9.621996738197659
3,25,4.534333008466678,2.926684018451849
4,25,1.6614980644404114,5.117155383746924
5,25,5.110255762292324,8.86501712240441
6,25,5.380505557162623,0.33405995973219954
7,25,11.925760608219063,3.866589385336419
8,25,2.8079036210825614,9.181285660631968
9,25,2.593684818963172,6.405920974515123
10,25,1.7213020312382974,2.993369922821998
11,25,8.736765497512875,0.6167197259125403
12,25,6.871750078380627,5.7532907794435255
13,25,3.176440150369678,4.938282716425386
14,25,1.486858865664896,10.86597080610624
0,30,6.114867793421632,7.24832818268416
1,30,6.7569843695322325,7.420355861266537
2,30,3.778780343451308,9.539285601146773
3,30,4.64251967878515,2.910480274737382
4,30,1.5965825640316378,5.1402682226324075
5,30,5.158271066261745,8.805433179464796
6,30,5.469316001983192,0.40520294007586843
7,30,11.914975063930259,3.8654255805166313
8,30,2.8085693967159426,9.233706408660279
9,30,2.5194842815694933,6.479563396723484
10,30,1.6878105455961947,2.990799213835995
11,30,8.689346224158621,0.5541048173957265
12,30,6.869973164832546,5.749629909374795
13,30,3.200958993392398,4.9612117696398395
14,30,1.3957909529797692,10.846028444271383
0,35,6.13170520761921,7.282643527046434
1,35,6.72521526345375,7.473588315634787
2,35,3.7287871247343483,9.437960062032662
3,35,4.754688996540977,2.895137201301565
4,35,1.5209108786073826,5.168032413720057
5,35,5.205859533945869,8.745507505645804
6,35,5.553083476070352,0.476839918335624
7,35,11.90285435642454,3.864239912218099
8,35,2.8087492811358943,9.288481344645758
9,35,2.438150348473146,6.560116189584663
10,35,1.6586100103307504,2.9881450102901463
11,35,8.634054619065289,0.4803120702170857
12,35,6.865105223744361,5.73906204616805
13,35,3.218441784327643,4.9777345638282355
14,35,1.4170771919607166,10.759125943938075
0,40,6.151176160455596,7.3233738263940005
1,40,6.691427188867416,7.529965286747175
2,40,3.671369097452754,9.327912824879826
3,40,4.861266087407165,2.879148000658692
4,40,1.445874083887417,5.194751787574574
5,40,5.248351613345301,8.691374107002792
6,40,5.649067995334626,0.5597086822428801
7,40,11.923260838284609,3.865945250146108
8,40,2.8083320657495334,9.3416898393892
9,40,2.35988032350393,6.638052276619577
10,40,1.6282841181159822,2.9847753927638943
11,40,8.57659201070674,0.4050335015406661
12,40,6.86306290683334,5.734389416093805
13,40,3.231095743082347,4.989870055039874
14,40,1.4440501442037885,10.654045739752071
0,45,6.167177281693567,7.359761838470172
1,45,6.650915989559314,7.592631265944131
2,45,3.6153933839430263,9.22346913326271
3,45,4.965070907991952,2.861431361217531
4,45,1.3705615715960575,5.221566604293173
5,45,5.275799786938422,8.653982145002571
6,45,5.753745939448509,0.6430852425478574
7,45,11.958141911022793,3.868661510014359
8,45,2.8092251305987808,9.379456047987388
9,45,2.271199228707091,6.726815555950393
10,45,1.6091214803557015,2.9822566265621453
11,45,8.521319049575489,0.33254610048026334
12,45,6.866020280810563,5.740800347020733
13,45,3.2493551673291337,5.008563589928925
14,45,1.4676707753460174,10.55694853944914
0,50,6.18627242956406,7.40169949995484
1,50,6.6076800612833715,7.660199080166127
2,50,3.569371331306319,9.141318309503928
3,50,5.077198283873503,2.8434719266370165
4,50,1.3040209793263953,5.244824697394474
5,50,5.3018166232624635,8.61806491935898
6,50,5.856611359395214,0.7242226597510416
7,50,11.970149981955357,3.8692699728191107
8,50,2.8097396655634004,9.410401126999115
9,50,2.191046015889921,6.807238090118765
10,50,1.591517034807676,2.979985279322398
11,50,8.461532623154415,0.2537500459001742
12,50,6.863040031102881,5.734281534170863
13,50,3.2809212081739734,5.0400413452698025
14,50,1.488265096187231,10.477818100983468
0,55,6.210058268256156,7.4544842654185945
1,55,6.566767690319465,7.72675978724189
2,55,3.546314789484605,9.100045381101122
3,55,5.206803250991987,2.8234299198869772
4,55,1.2281100486667158,5.273278353748959
5,55,5.329373327750123,8.578258194042757
6,55,5.970643169849019,0.8070321927967168
7,55,11.968930417215581,3.869184949037931
8,55,2.8099743816801626,9.449209771168475
9,55,2.1027337418302134,6.893162020813464
10,55,1.5745692926313335,2.9779083636069434
11,55,8.408518559751062,0.18139581902031426
12,55,6.858837010679385,5.724420340725911
13,55,3.304047300672809,5.062044042312199
14,55,1.5062818244470186,10.411684456457406
0,60,6.235022745706137,7.50917152144272
1,60,6.524343303363798,7.794078735984438
2,60,3.5297010816263628,9.070347607922967
3,60,5.315371467097378,2.8039248650525725
4,60,1.1571316555046247,5.299224250186884
5,60,5.350452580329557,8.549450307667911
6,60,6.089857155448724,0.9012563061886634
7,60,11.980062890835425,3.870011472921067
8,60,2.81019477707709,9.530004400291139
9,60,2.0316830284977883,6.9610387120724795
10,60,1.5705366356101789,2.9775550025333266
11,60,8.3503396068091,0.10319579106737319
12,60,6.8537450314785655,5.711912488544151
13,60,3.3195971936611226,5.076405281988111
14,60,1.5206305471033135,10.356924503191948
0,65,6.25977534167896,7.563823016602128
1,65,6.491013616264676,7.8477186768864495
2,65,3.518507533320379,9.051159392511106
3,65,5.438988545053219,2.779413985690056
4,65,1.0738158373824267,5.331081420120543
5,65,5.371694418462102,8.519334913488434
6,65,6.205158753405472,0.9908306683090922
7,65,12,3.8721303481177474
8,65,2.8102765256191975,9.607591092427707
9,65,1.9485379536552228,7.042211801509727
10,65,1.5713496777804339,2.9776478554188546
11,65,8.303099556078626,0.04395315693700222
12,65,6.848789349467742,5.699995383765811
13,65,3.350320371730417,5.104482390155423
14,65,1.5334012282078933,10.308066874310676
0,70,6.284781298468286,7.620077122877542
1,70,6.456735239840885,7.903289597662105
2,70,3.498312826163569,9.014763234512012
3,70,5.539691107557811,2.7597077354611304
4,70,0.9809530477337568,5.36447326136207
5,70,5.398333954096148,8.481063199788275
6,70,6.332066707351147,1.0937486146974114
7,70,12,3.875092840410481
8,70,2.81064584770772,9.668063677108702
9,70,1.8661587809899267,7.126562444770453
10,70,1.5855460444084921,2.97892869822733
11,70,8.257469284425042,0
12,70,6.840765451636987,5.68042458725559
13,70,3.387836514009709,5.139377849118219
14,70,1.5511528056313275,10.24592232667925
0,75,6.307529968160044,7.671292968726762
1,75,6.428013798902957,7.955506789810532
2,75,3.4780807376867906,8.976858413511476
3,75,5.654542535654402,2.7374789201674137
4,75,0.8716968324094877,5.399885254256716
5,75,5.432068491379925,8.433713440220899
6,75,6.467809496647325,1.2047647211865438
7,75,12,3.877124637487525
8,75,2.810524341196394,9.698319777694499
9,75,1.7759751720201418,7.216052625071486
10,75,1.5963783682956967,2.979934306822706
11,75,8.22036878933391,0
12,75,6.83808297773858,5.673052353143222
13,75,3.4222898187386375,5.171724337602729
14,75,1.566097334214332,10.192149002504523
0,80,6.32884331556634,7.716455178388134
1,80,6.410539065353818,7.988480190812599
2,80,3.4614718034773384,8.945469278104644
3,80,5.7881514059048245,2.711258048888444
4,80,0.764731943579597,5.431597150288983
5,80,5.480180442842061,8.367248735819839
6,80,6.61919533409203,1.3225012142826786
7,80,12,3.879895524203177
8,80,2.811085291947369,9.722410614561738
9,80,1.669709376421954,7.3203525196802754
10,80,1.6123816143075778,2.9818602641372633
11,80,8.191196234183009,0
12,80,6.840216083908291,5.678960203585189
13,80,3.4607411265895807,5.209039152035137
14,80,1.5753313370863715,10.157296249740975
0,85,6.355516104246282,7.770848451721822
1,85,6.394033894711492,8.018463176013915
2,85,3.4325909789783,8.89500381910154
3,85,5.922298150651173,2.6816636381129935
4,85,0.6501682784813867,5.463853776578946
5,85,5.538589119868941,8.283854835692535
6,85,6.784372739901068,1.4453560252543043
7,85,12,3.884681232377876
8,85,2.8110655839658905,9.732731208312236
9,85,1.5607435135393186,7.428594780125996
10,85,1.6101184877676549,2.9815659058575887
11,85,8.159443297833345,0
12,85,6.842954287790331,5.686487289028574
13,85,3.4924428929567424,5.241278740332519
14,85,1.5843655756794366,10.124473430217527
0,90,6.380591074862167,7.821263598031689
1,90,6.366154004935733,8.066174826568385
2,90,3.3967621634896927,8.833411663493239
3,90,6.052436082076553,2.6507411763591793
4,90,0.5054828257111728,5.503221539967354
5,90,5.612280117526173,8.170223931320507
6,90,6.951433333854062,1.57150172475205
7,90,12,3.8881834603401773
8,90,2.8111292053723207,9.743760348252668
9,90,1.4506901327591846,7.535036609348555
10,90,1.6372557877922995,2.985227796098709
11,90,8.11421301027182,0
12,90,6.848679700053923,5.703578581986604
13,90,3.498412920754584,5.246940929065919
14,90,1.5927995891600581,10.091329414632025
0,95,6.413561957861667,7.8836360167423924
1,95,6.3419174451047855,8.108026849745785
2,95,3.353137632784336,8.758001890689785
3,95,6.2103613169294345,2.6109180402490195
4,95,0.3679291919785542,5.539642643744814
5,95,5.6822007063223845,8.065927507696511
6,95,7.103463551353059,1.6826565493362111
7,95,12,3.892461803575351
8,95,2.811328859456715,9.74775837909985
9,95,1.3373738469452103,7.4114864768745194
10,95,1.6826281409612414,2.9914892868548795
11,95,8.06639747259792,0
12,95,6.860639449654359,5.740432014631656
13,95,3.498812971460422,5.246518133938257
14,95,1.5967627242717441,10.075496932020942
0,100,6.44875327520041,7.94718605173728
1,100,6.323484658878106,8.139915238846834
2,100,3.3132514498867605,8.689113311047915
3,100,6.393666129352543,2.5676131160580122
4,100,0.23225680012959285,5.574433250034363
5,100,5.746460563356676,7.97242548491111
6,100,7.264666496542603,1.8004909353428773
7,100,12,3.896328650902557
8,100,2.811586360792251,9.755130106676237
9,100,1.2239085016059539,7.291874993367788
10,100,1.7184666259606858,2.996754299827965
11,100,8.010329350755715,0
12,100,6.863099279299665,5.747967046501877
13,100,3.501051586621588,5.24413395357582
14,100,1.6002463497240522,10.062932048965697
0,105,6.487546502978268,8.022019673279042
1,105,6.305424337655322,8.172382660336407
2,105,3.2759950280343135,8.62382320362839
3,105,6.577461092801039,2.5259926060475273
4,105,0.09124813818274086,5.608642157749767
5,105,5.816134456826556,7.8632184489790165
6,105,7.413594726103194,1.9126958409961428
7,105,12,3.8986539080156355
8,105,2.812168974125054,9.772734672273693
9,105,1.0924702412685172,7.1506345007093595
10,105,1.7560066404368537,3.003435305163442
11,105,7.9486662206917424,0
12,105,6.86413988681176,5.7513669444500515
13,105,3.505257607096179,5.239624470309603
14,105,1.6053772367701895,10.043707353840414
0,110,6.519804628723622,8.085345906608508
1,110,6.277679573643814,8.223883976763245
2,110,3.2384863001086126,8.551606781945354
3,110,6.757941085200534,2.4848726253477174
4,110,0,5.645445320584774
5,110,5.884625328239477,7.763377104306858
6,110,7.548784882717724,2.0011583252337735
7,110,12,3.902009987200604
8,110,2.8127627320093613,9.793822233292733
9,110,0.9614824586342001,7.007733171432299
10,110,1.7972793573500316,3.0095549889763107
11,110,7.893735666240994,0
12,110,6.864599999322367,5.752888440430738
13,110,3.5163931835552393,5.227501117320209
14,110,1.6138581133474899,10.011199517960385
0,115,6.541969233132667,8.128774036267165
1,115,6.25127009242535,8.274807101143875
2,115,3.2049317930178476,8.48755740070032
3,115,6.909471684304685,2.4444647613118837
4,115,0,5.683407775681353
5,115,5.946921047125456,7.672339887157343
6,115,7.689452864687065,2.0896869441720427
7,115,12,3.9050550529773265
8,115,2.81320815798216,9.821497380937272
9,115,0.823502808444793,6.8543789399963515
10,115,1.8262791235654412,3.0141272860625645
11,115,7.844498453262196,0
12,115,6.858711459831737,5.7341712282463035
13,115,3.531391488737449,5.240946939736218
14,115,1.6186186239360845,9.990300583728699
0,120,6.557609024629735,8.161066273068071
1,120,6.2184537680483345,8.334616743503185
2,120,3.171753698587596,8.420505370238859
3,120,7.026120992561272,2.4093409150350613
4,120,0,5.724016276138934
5,120,6.008122747808148,7.581590771310388
6,120,7.829458232837012,2.17913140905673
7,120,12,3.9099164519762812
8,120,2.8135203201316723,9.84788266658072
9,120,0.6772436138535924,6.6963530074382325
10,120,1.8553514928764747,3.0189487139145337
11,120,7.796177519522736,0
12,120,6.854433831776555,5.720766787968552
13,120,3.550610933091943,5.257986742261717
14,120,1.628690010984455,9.95139105416132
0,125,6.574543354387576,8.19769938112441
1,125,6.194399997066166,8.37814656239058
2,125,3.1407259968238423,8.358457224825486
3,125,7.131957188239843,2.3789882479651894
4,125,0,5.759563041409766
5,125,6.073308455342236,7.4840170682819815
6,125,7.951624721023383,2.256714869213018
7,125,12,3.9147909703076924
8,125,2.8136039458573245,9.862086594193908
9,125,0.5288869341455715,6.5252359184004245
10,125,1.8832252779335341,3.0236736378202216
11,125,7.756805708438683,0
12,125,6.847886387956033,5.698950648327946
13,125,3.5581887745808225,5.264577617651132
14,125,1.6358098371337557,9.923395085666685
0,130,6.524839136853947,8.21911279537494
1,130,6.1579525583529,8.444391150071212
2,130,3.109961686927185,8.289258146991873
3,130,7.24782129952141,2.347791654500646
4,130,0,5.799393872010915
5,130,6.140904791621841,7.384022785838459
6,130,8.080670761000976,2.336233943663915
7,130,12,3.919160929622117
8,130,2.8134166467319686,9.849823805615049
9,130,0.3613719000157364,6.3355541523349235
10,130,1.9041223513649224,3.0268103445460266
11,130,7.705378432500476,0
12,130,6.8457830563237785,5.692481504573828
13,130,3.5716202229528804,5.275599957151847
14,130,1.640930104081001,9.905400279938961
0,135,6.515336321121496,8.223218269056815
1,135,6.124675052872788,8.50478463961461
2,135,3.0876222562154703,8.241163178692185
3,135,7.365695122255365,2.313905890296331
4,135,0,5.831358838878823
5,135,6.213134953078332,7.278897646818936
6,135,8.193892542671502,2.406868012577441
7,135,12,3.923808148140246
8,135,2.813623647018568,9.833694206127563
9,135,0.19572559171474788,6.153733489391366
10,135,1.9159661583401812,3.028662701172299
11,135,7.6458308898778515,0
12,135,6.848522533712685,5.701523488120933
13,135,3.5782881225388,5.2810179466959415
14,135,1.6494416973042187,9.877071549507388
0,140,6.492370672958376,8.233287022572178
1,140,6.088735254816691,8.566181246594933
2,140,3.0663628370846117,8.19822138684238
3,140,7.480266594930406,2.282753954143308
4,140,0,5.862907239966678
5,140,6.280994178514585,7.174787910187835
6,140,8.310607054166136,2.4815165806035506
7,140,12,3.928750628256263
8,140,2.8135489867557877,9.848222134875718
9,140,0.021988616730683974,5.954815977853191
10,140,1.89682463462966,3.0261307175586327
11,140,7.583885920661324,0
12,140,6.854013850427775,5.720432065070926
13,140,3.583340506194739,5.284792392080993
14,140,1.6690971368578935,9.81362569891527
0,145,6.485538368528764,8.23648442114985
1,145,6.059497319232464,8.615722097677473
2,145,3.0453968719498667,8.156490227242102
3,145,7.581377954987943,2.256062710134277
4,145,0,5.891586181552331
5,145,6.348397147424334,7.079767870980711
6,145,8.420896460190635,2.550211366371216
7,145,12,3.9345951650472566
8,145,2.812707273087136,9.872828516310362
9,145,0,5.749861829321584
10,145,1.8880094919924482,3.024985218427358
11,145,7.50956488590103,0
12,145,6.862149971866794,5.74728911736179
13,145,3.574960641957927,5.2788401642074305
14,145,1.684742625851288,9.761166917787712
0,150,6.494401743665851,8.23207746883201
1,150,6.032486670769448,8.663171269486716
2,150,3.0212468053354544,8.107187890291206
3,150,7.684380939743495,2.2290841854068093
4,150,0,5.925712217147374
5,150,6.417208756607979,6.984759846798224
6,150,8.543796179432837,2.631095594514991
7,150,12,3.9413070932935783
8,150,2.81256574679242,9.875866699801174
9,150,0,5.548564281902447
10,150,1.8532556662014594,3.020396735831103
11,150,7.428803437190228,0
12,150,6.868918650279837,5.768052308158708
13,150,3.5909719237277913,5.2901026786336205
14,150,1.7010833393679647,9.711437104605713
0,155,6.475003379728317,8.2419419570662
1,155,6.010596738229077,8.699145841228201
2,155,2.998690760494435,8.057834098196398
3,155,7.782092849489165,2.203510632494006
4,155,0,5.959818827188362
5,155,6.474813167080028,6.9023386838662235
6,155,8.689059908910087,2.727136597743114
7,155,12,3.946565855835306
8,155,2.8115649129934788,9.91513897305417
9,155,0,5.343367332317272
10,155,1.8317203706587484,3.0184977044024954
11,155,7.33689782275659,0
12,155,6.880268015187448,5.8041433039791
13,155,3.6106901272843808,5.303969912329103
14,155,1.7182511758209766,9.65652297687185
0,160,6.4472967394629785,8.256461403476594
1,160,5.981443759087876,8.745781219649261
2,160,2.9720774910334375,7.997491377071277
3,160,7.860375410602804,2.181741023834306
4,160,0,5.995050915638208
5,160,6.524793418041498,6.832460887747093
6,160,8.836067624878787,2.8176347919594296
7,160,12,3.9528994676665263
8,160,2.8108022780397897,9.971064350930819
9,160,0,5.149339402363252
10,160,1.8143202744238514,3.0164709172510817
11,160,7.237509322116371,0
12,160,6.884830620789263,5.820497058103834
13,160,3.631047643615886,5.317880403241581
14,160,1.7362525500660242,9.598328618867658
0,165,6.402754797606357,8.279645590382104
1,165,5.949661768795386,8.799461888947942
2,165,2.9519764651642264,7.946797996025561
3,165,7.948702099183179,2.154550274290689
4,165,0,6.028308041625466
5,165,6.583771630834043,6.753059175732939
6,165,8.99278423291305,2.9176523991808163
7,165,12,3.961401982317892
8,165,2.8107747710143047,10.016672527464868
9,165,0,4.978172800685556
10,165,1.7969112617189225,3.0151272591862934
11,165,7.1304375693501045,0
12,165,6.887881397631651,5.830836051333803
13,165,3.6589488226453217,5.2768629209779405
14,165,1.7459455301861488,9.567181614150915
0,170,6.3591593094639185,8.302202509975457
1,170,5.931325062587618,8.832404794631106
2,170,2.9332624017977027,7.900509314608634
3,170,8.027535932556008,2.1291013307068742
4,170,0,6.062444078974132
5,170,6.6295668449789735,6.686810390550568
6,170,9.1400340984719,3.0133620479997902
7,170,12,3.9751230865324216
8,170,2.8107872982247346,10.064912614993949
9,170,0.1770681351522698,4.796144591371181
10,170,1.8053450748063973,3.0155374681025866
11,170,7.033914415878529,0
12,170,6.895953639626911,5.856779640570049
13,170,3.6826804211965922,5.241359561479317
14,170,1.7571830646248272,9.534381375894293
0,175,6.390025389214485,8.360141213922377
1,175,5.910404580174593,8.871083377778325
2,175,2.920406861736675,7.866557889366092
3,175,8.108936303544363,2.1034939118875604
4,175,0,6.101650152005955
5,175,6.678668409440503,6.616406504370484
6,175,9.293036627849503,3.114350461978334
7,175,12,3.9933519668169675
8,175,2.810619646977087,10.103214599200472
9,175,0.33999305055276635,4.620588935564134
10,175,1.8087361949318843,3.0156924924820023
11,175,6.943212267255519,0
12,175,6.911286161016077,5.905622362749065
13,175,3.706095726145241,5.206029829047009
14,175,1.7667342184557062,9.5073395847283
0,180,6.425415418103341,8.428102580913183
1,180,5.899898129618616,8.891092954075303
2,180,2.9126505769196718,7.847244826154035
3,180,8.172775205635093,2.0818146431630535
4,180,0,6.133759056873781
5,180,6.73245004856262,6.5452057841895
6,180,9.460996432479199,3.2197937083317436
7,180,12,4.014412566673415
8,180,2.8100348874485204,10.142548733744444
9,180,0.4913605554008176,4.4590753839358355
10,180,1.8179802970379813,3.0159507318459076
11,180,6.847488875505165,0
12,180,6.925735716826982,5.950257427549882
13,180,3.7178114320475073,5.1881155439659095
14,180,1.7791442569596598,9.474390144901218
0,185,6.44154007184777,8.46032607795228
1,185,5.889956024887062,8.909718092159448
2,185,2.9032410587242343,7.821077885348535
3,185,8.243135836218528,2.058754346761331
4,185,0,6.166170042187233
5,185,6.773467721825089,6.492130949514066
6,185,9.645816066078874,3.3272855418471172
7,185,12,4.040719746794777
8,185,2.809937966308616,10.175956732741067
9,185,0.6458710910286245,4.299895551039555
10,185,1.8333033843744475,3.016718956975144
11,185,6.759774911081688,0
12,185,6.942227493972398,6.002684086276395
13,185,3.73994453329588,5.154560710353475
14,185,1.790715803092746,9.439944489454103
0,190,6.45932175437647,8.496277553188428
1,190,5.878973273355236,8.929871213340416
2,190,2.895632784775849,7.798997019438844
3,190,8.310802968327003,2.035944976515877
4,190,0,6.206231448800717
5,190,6.824863621178294,6.422785990716741
6,190,9.826746306920827,3.4264138550241623
7,190,12,4.061433357454852
8,190,2.809272778540276,10.203456588965377
9,190,0.7912734470719195,4.146109416289211
10,190,1.8419439467977925,3.0173761099842693
11,190,6.681257738353635,0
12,190,6.9553977813484975,6.045949167712873
13,190,3.7596408163665713,5.1244569612751345
14,190,1.805399135285972,9.39262873541601
0,195,6.476376992877734,8.529483107545076
1,195,5.8683166419130615,8.949453225469032
2,195,2.8854264132651197,7.769717509944441
3,195,8.385113449786516,2.009830061517018
4,195,0,6.246228964320804
5,195,6.876569364466014,6.3519877960824624
6,195,10.031035762203423,3.5415582527925893
7,195,12,4.08416414474802
8,195,2.80850832391569,10.242566075931007
9,195,0.9502580118813433,3.9709419228692973
10,195,1.876186667804258,3.019531638228781
11,195,6.613711692271546,0
12,195,6.966591498090594,6.080821219067423
13,195,3.7767944656360726,5.098812976379263
14,195,1.8246402597227949,9.333698309368726
0,200,6.489896483743573,8.55664042094827
1,200,5.861966459945591,8.961655337640043
2,200,2.876901636248404,7.744860580645622
3,200,8.4604156754362,1.9813785508034356
4,200,0,6.28375905775569
5,200,6.929769034035915,6.272497772461074
6,200,10.239526472410109,3.6587963908459344
7,200,12,4.102483839348399
8,200,2.807500293676086,10.294717273751106
9,200,1.128445856157911,4.128081478751192
10,200,1.925708045917841,3.022696000582003
11,200,6.546569702322241,0
12,200,6.97535408332899,6.106859674126136
13,200,3.7966901462614016,5.070066689497723
14,200,1.8447799033049768,9.265389130303294
0,205,6.513184662030568,8.603605564144338
1,205,5.857715854767783,8.969723345717986
2,205,2.868938583547703,7.721355985781374
3,205,8.539132539475919,1.9533473648393818
4,205,0,6.323897734598192
5,205,6.994770671816902,6.174987019028368
6,205,10.425479298839061,3.7631089666520023
7,205,12,4.119704773857157
8,205,2.806764967765458,10.33986646220154
9,205,1.308497568867327,4.27469717022212
10,205,1.9973990922332014,3.025328224337154
11,205,6.479569758263961,0
12,205,6.9797773387984305,6.1192426266489495
13,205,3.8258508540360436,5.0254084328448005
14,205,1.8665350097720956,9.187895843228352
0,210,6.540428759028908,8.660965856035633
1,210,5.854576731668889,8.975895884140629
2,210,2.8588327489140055,7.691669054833136
3,210,8.592975229082752,1.9334634731744962
4,210,0,6.365300452994297
5,210,7.061598353256398,6.074331596427427
6,210,10.603630232051666,3.860893849116609
7,210,12,4.133808379482382
8,210,2.806018129379974,10.408094082844713
9,210,1.4775712898444655,4.415505717071551
10,210,2.059791300052621,3.028364401782841
11,210,6.425286234491131,0
12,210,6.985001891496127,6.134138462514893
13,210,3.8578990995935056,4.97868198974485
14,210,1.89363879278465,9.100733967214094
0,215,6.565841752462769,8.71861533071958
1,215,5.858818920529424,8.96753313174412
2,215,2.846274848459931,7.652941401292949
3,215,8.651342440532458,1.9118366965493077
4,215,0,6.401933392072779
5,215,7.121870271605294,5.975279028953494
6,215,10.778268619429673,3.95611445091572
7,215,12,4.150229470680436
8,215,2.8048754946605405,10.456655356973478
9,215,1.6361734826342158,4.549389379887726
10,215,2.12146913926187,3.0326341301389905
11,215,6.380408588223508,0
12,215,6.989939970959024,6.148136082262729
13,215,3.903932655749764,4.9144650454682255
14,215,1.9242582607823313,9.003054409722104
0,220,6.587686582176791,8.768293228758827
1,220,5.8646859840935885,8.955774015822803
2,220,2.8348378425423624,7.616372507637996
3,220,8.696390987651133,1.893823746816345
4,220,0,6.440774670731787
5,220,7.187657163636912,5.857673465895378
6,220,10.965846936712893,4.051435131262724
7,220,12,4.167661415073067
8,220,2.80374829643506,10.510810501924322
9,220,1.7812097763675858,4.672412098373786
10,220,2.1713321180362244,3.0366005905093623
11,220,6.344024811908443,0
12,220,7.003316617190301,6.1885091069401925
13,220,3.9533392935194267,4.846977111280125
14,220,1.956183963807576,8.903022737032838
0,225,6.607194845980042,8.81284217082965
1,225,5.87939172541069,8.926315100280982
2,225,2.823454617412106,7.5784623647504
3,225,8.73813039502727,1.8749264181324057
4,225,0,6.480977694295187
5,225,7.244304878374709,5.753850294503418
6,225,11.169283735484148,4.150482160346199
7,225,12,4.18526108598493
8,225,2.802952041153437,10.559774584990324
9,225,1.9180877129554144,4.790077221628575
10,225,2.2257650365528683,3.041677420168854
11,225,6.288412669777448,0
12,225,7.0181160429588445,6.232115924072495
13,225,4.00316075047008,4.779093808968844
14,225,1.985983521654696,8.804469224469258
0,230,6.6350269694100845,8.875843115282548
1,230,5.895514069317123,8.894740668362955
2,230,2.8103523073197216,7.535133514715752
3,230,8.767535082492119,1.8604619772011757
4,230,0,6.522966355069408
5,230,7.342743866411227,5.806749768216509
6,230,11.388720695672358,4.2496935955800375
7,230,12,4.2027385727025255
8,230,2.8021703785486585,10.60880558271698
9,230,2.0488626355539274,4.9040290428005004
10,230,2.2808704844362637,3.046562456960796
11,230,6.23292695358668,0
12,230,7.034370413319086,6.280876595589586
13,230,4.043425149988669,4.724105029853039
14,230,2.0216763129992743,8.697273346903168
0,235,6.669519048486036,8.950094391074312
1,235,5.907091368201159,8.87244458399421
2,235,2.7975071149448594,7.491760321136041
3,235,8.803425050643614,1.841646682949487
4,235,0,6.569012148508065
5,235,7.447936675094092,5.86389274826832
6,235,11.638011575049298,4.37548956105078
7,235,12,4.218957008223433
8,235,2.8031194374252584,10.689924886773612
9,235,2.1834247830055133,5.027471207882483
10,235,2.3309831880198955,3.051840047686467
11,235,6.178930171311328,0
12,235,7.044150921929986,6.309235485248479
13,235,4.07360831855663,4.6818285529957935
14,235,2.0608675106627268,8.583743086212062
0,240,6.705679411361219,9.031853070869705
1,240,5.928795526189163,8.831112279408769
2,240,2.78722313027961,7.4591323449848685
3,240,8.828519347881903,1.828930074715569
4,240,0,6.612761996542636
5,240,7.562150980729071,5.92769679137734
6,240,11.884831940232523,4.504984900428933
7,240,12,4.238649560676782
8,240,2.8058722666455385,10.772189227788065
9,240,2.334598777420629,5.168664868449951
10,240,2.366190672819815,3.0558290661901912
11,240,6.105680920845521,0
12,240,7.059997000730302,6.354129918628076
13,240,4.10302744283217,4.703727558091398
14,240,2.107909766186275,8.44954016440577
0,245,6.739404006689375,9.110755257100683
1,245,5.9603955432407725,8.77056111245963
2,245,2.763944779111566,7.382130348204209
3,245,8.855602559189615,1.815429690200991
4,245,0,6.658238688321576
5,245,7.691820437789553,5.999975545217803
6,245,12,4.623579526661415
7,245,12,4.258937339519347
8,245,2.7172239616556473,10.775286568275586
9,245,2.4904773008995593,5.31174663946338
10,245,2.4085388613972563,3.0600353382112706
11,245,6.047790192606228,0
12,245,7.074222776292223,6.390553233385648
13,245,4.120214774261149,4.716851195630364
14,245,2.166389165978674,8.288096623411093
0,250,6.830615837318458,9.074720878136924
1,250,5.974127460085519,8.742047476492218
2,250,2.741790544246087,7.3057536454026515
3,250,8.90026564460309,1.7929243771847811
4,250,0,6.696458676715576
5,250,7.8290146348255965,6.075596772836628
6,250,12,4.737703497419116
7,250,12,4.275415354097164
8,250,2.5917322907195657,10.776084163595904
9,250,2.622535223224933,5.1675279597812525
10,250,2.4590090903176183,3.064807003581697
11,250,6.004425388588914,0
12,250,7.087029614475075,6.422068140804703
13,250,4.1179937836675125,4.715077023074278
14,250,2.2188415058103725,8.147023703625967
0,255,6.919649783341971,9.038547561997243
1,255,5.981138165849406,8.728867892172602
2,255,2.7198059895846987,7.232610570976588
3,255,8.928750049467444,1.7789706620600751
4,255,0,6.733108310559237
5,255,7.96116138127659,6.150446360691955
6,255,12,4.8721738409961155
7,255,12,4.293796242516225
8,255,2.4679869610787484,10.778796973194508
9,255,2.761963425038533,5.019653104863525
10,255,2.506948574723048,3.068140157561737
11,255,5.982018889766533,0
12,255,7.103248055479955,6.462370198463705
13,255,4.1109438536338345,4.709238351393097
14,255,2.268669391980575,8.003667854000094
0,260,6.985901796111783,9.008723396765731
1,260,5.984288214467631,8.722826469451526
2,260,2.7951076896984977,7.210282843872273
3,260,8.950017007748247,1.7691197812675512
4,260,0,6.767278728430685
5,260,8.104225165335746,6.227856451720554
6,260,12,5.013809295495544
7,260,12,4.316435623422571
8,260,2.345475776677243,10.781888991143566
9,260,2.8872842148686764,4.876143954609541
10,260,2.5605921102090434,3.072346174104712
11,260,5.949883700923508,0
12,260,7.121619777540609,6.510545814010694
13,260,4.095622348353745,4.696771701330776
14,260,2.3098557019985755,7.883558416859151
0,265,7.044491424730719,8.981607442413628
1,265,5.9980376955212185,8.696583406300103
2,265,2.868490592334749,7.186433141779747
3,265,8.978816487613969,1.7549298785118372
4,265,0,6.80832556536311
5,265,8.220206655961523,6.293637047415272
6,265,11.87358930797305,5.2295212925532315
7,265,12,4.3396901645083386
8,265,2.201947188758841,10.7883654664632
9,265,3.015240822250363,4.731075279659916
10,265,2.611435373360756,3.0745446409944175
11,265,5.914011906338073,0
12,265,7.141695599611993,6.563124930519518
13,265,4.068504576657072,4.674349849863016
14,265,2.359724710311104,7.742447631781081
0,270,7.104960823185335,8.954687084278552
1,270,6.007849152939064,8.677918524275938
2,270,2.9270920153884266,7.166669374560153
3,270,8.990329684194696,1.7494594653194344
4,270,0,6.842033038730712
5,270,8.342562412948482,6.363129227270741
6,270,11.745927906757643,5.451125255373979
7,270,12,4.363182782178623
8,270,2.0480065573471373,10.794889982175762
9,270,3.1328430729463097,4.601408197838653
10,270,2.649941457452358,3.074984193603227
11,270,5.881820290344075,0
12,270,7.161801912903831,6.617442944085284
13,270,4.026222191873796,4.639046858100579
14,270,2.4089961713913954,7.605529369977998
0,275,7.169764314763605,8.92593054379619
1,275,6.021100943776634,8.653463670835842
2,275,2.985053498648404,7.146426202770458
3,275,8.999332971118477,1.7450361896263906
4,275,0,6.8814565347898915
5,275,8.460309673831366,6.429905745047675
6,275,11.626619974534583,5.653613084106071
7,275,12,4.392762469642867
8,275,1.9181472092580727,10.801903005733072
9,275,3.2622582306905126,4.458856402001621
10,275,2.7124284258199007,3.073790912060323
11,275,5.860182705687033,0
12,275,7.181214455001861,6.668824764351715
13,275,3.9879144396980544,4.6061759999140754
14,275,2.4519744283822646,7.479848570623047
0,280,7.244797675046368,8.895245081673908
1,280,6.034463463640876,8.627654889858801
2,280,3.056376367736884,7.121822800631703
3,280,9.003276378225184,1.7431718349712746
4,280,0,6.923864505917966
5,280,8.582956306478613,6.500213095776004
6,280,11.505006159143472,5.863594856780398
7,280,12,4.422685635350841
8,280,1.7716057562886398,10.809832348963392
9,280,3.399567196912053,4.310610613935842
10,280,2.763647117829156,3.0700311680984633
11,280,5.836260197187086,0
12,280,7.195069633324303,6.705874000307047
13,280,3.9662865081973844,4.58645549802769
14,280,2.4882675939882044,7.368624650427988
0,285,7.324146868516291,8.859330223916905
1,285,6.0505144665653425,8.595669817678534
2,285,3.1408846436973565,7.09394537883448
3,285,9.000493789857087,1.7371420294588946
4,285,0,6.963821753373902
5,285,8.70090157394361,6.567905991740992
6,285,11.386411526532246,6.073114249795752
7,285,12,4.452971251226404
8,285,1.6329272039034621,10.818846518557752
9,285,3.5484278123819104,4.144066613259557
10,285,2.82032692670298,3.0672622889758148
11,285,5.824384248198826,0
12,285,7.210221328020348,6.745702162615837
13,285,3.9486092657327743,4.569216196880293
14,285,2.5286211281619613,7.252470876561059
0,290,7.4082277683346565,8.819635332535617
1,290,6.059932318863163,8.577188825425596
2,290,3.207166493160871,7.073160110898421
3,290,8.998586299988958,1.7332322168967662
4,290,0,7.010299978953227
5,290,8.799325610724576,6.62431584529851
6,290,11.255298319787427,6.286456352494014
7,290,12,4.486743995390829
8,290,1.507467063165583,10.828485887276077
9,290,3.700277585718165,3.9780083780840063
10,290,2.8795752806645774,3.0656141716004175
11,290,5.816003804165358,0
12,290,7.21642312739714,6.7624322475852425
13,290,3.9578666920040706,4.578196620871012
14,290,2.5640429118719887,7.143998867842488
0,295,7.478783870801335,8.786477651840261
1,295,6.0670900617675505,8.563906688960785
2,295,3.301971521171879,7.042517161163002
3,295,8.997074355315947,1.7299951023882199
4,295,0,7.05038775399166
5,295,8.904582755668292,6.6877965605018606
6,295,11.11790850386204,6.503550401178615
7,295,12,4.52442729437822
8,295,1.3919711610426293,10.83627540669965
9,295,3.8548262481577913,3.811240312939359
10,295,2.9488290840424427,3.065563000680573
11,295,5.816612299989649,0.0006172555246201333
12,295,7.226600550542115,6.79053705821136
13,295,3.9672516021296516,4.587419606685167
14,295,2.601409555618339,7.0343545274423995
