0,0,2.9516821302240683,9.0207565696432,0.0,1.0,1.0,0.0,1.0,1.0
1,0,10.96025903018112,6.975336320821879,0.0,0.0,0.0,0.0,0.0,1.0
2,0,5.99391200355492,11.049610230987543,0.0,1.0,1.0,1.0,0.0,1.0
3,0,8.057029989467418,11.978090011425078,0.0,1.0,0.0,1.0,0.0,0.0
4,0,0.0375612041320004,5.996915760489458,0.0,1.0,0.0,0.0,0.0,0.0
5,0,8.018200879499197,8.97876772066458,1.0,0.0,0.0,0.0,0.0,1.0
6,0,6.00231635129182,10.938832290194023,0.0,1.0,0.0,0.0,0.0,0.0
7,0,10.964667713042278,8.952794202539536,0.0,1.0,0.0,1.0,0.0,0.0
8,0,5.970584148516259,11.059188717229608,1.0,0.0,0.0,1.0,0.0,0.0
9,0,5.037604920448,3.05453212042845,1.0,0.0,1.0,1.0,1.0,1.0
10,0,3.948059634130384,5.980949701274243,1.0,0.0,1.0,0.0,0.0,0.0
11,0,7.97762205031492,10.035143362211356,0.0,0.0,0.0,0.0,1.0,0.0
12,0,8.0253526526981,0.0,0.0,0.0,0.0,1.0,1.0,0.0
13,0,4.063062507223955,0.0325541355005292,0.0,0.0,0.0,0.0,1.0,0.0
14,0,1.9149434982528064,4.003241775460544,0.0,1.0,0.0,1.0,0.0,0.0
0,5,2.9278439097595097,9.031889021699106,0.0,1.0,1.0,0.0,1.0,1.0
1,5,10.926059668628213,6.954227667774989,0.0,0.0,0.0,0.0,0.0,1.0
2,5,5.988244491875392,11.098842686496022,0.0,1.0,1.0,1.0,0.0,1.0
3,5,8.112731229345973,11.957987203731602,0.0,1.0,0.0,1.0,0.0,0.0
4,5,0.0660634728395668,5.994344898165437,0.0,1.0,0.0,0.0,0.0,0.0
5,5,8.028023141245795,8.966743580978132,1.0,0.0,0.0,0.0,0.0,1.0
6,5,6.00357643405279,10.90053498456789,0.0,1.0,0.0,0.0,0.0,0.0
7,5,10.928425061746047,8.904213446921235,0.0,1.0,0.0,1.0,0.0,0.0
8,5,5.948462107038423,11.108684592803712,1.0,0.0,0.0,1.0,0.0,0.0
9,5,5.06765066285772,3.098740638818909,1.0,0.0,1.0,1.0,1.0,1.0
10,5,3.891923601207546,5.9596523398831405,1.0,0.0,1.0,0.0,0.0,0.0
11,5,7.966110174568518,10.053541152423902,0.0,0.0,0.0,0.0,1.0,0.0
12,5,8.045287572267151,0.0,0.0,0.0,0.0,1.0,1.0,0.0
13,5,4.115820313058517,0.0595803248359281,0.0,0.0,0.0,0.0,1.0,0.0
14,5,1.837811894313617,4.005774610886751,0.0,1.0,0.0,1.0,0.0,0.0
0,10,2.908085384124485,9.04001120360561,0.0,1.0,1.0,0.0,1.0,1.0
1,10,10.867858042416184,6.919334081567934,0.0,0.0,0.0,0.0,0.0,1.0
2,10,5.984834025323577,11.132827025197203,0.0,1.0,1.0,1.0,0.0,1.0
3,10,8.172857950597187,11.934855372358664,0.0,1.0,0.0,1.0,0.0,0.0
4,10,0.0906406574987039,5.991994843329826,0.0,1.0,0.0,0.0,0.0,0.0
5,10,8.039970481773599,8.952386868269443,1.0,0.0,0.0,0.0,0.0,1.0
6,10,6.004645475520155,10.878253818285607,0.0,1.0,0.0,0.0,0.0,0.0
7,10,10.878949460679832,8.83977631466847,0.0,1.0,0.0,1.0,0.0,0.0
8,10,5.923838733434541,11.17095392772285,1.0,0.0,0.0,1.0,0.0,0.0
9,10,5.103384585108396,3.1540309857529314,1.0,0.0,1.0,1.0,1.0,1.0
10,10,3.832856370064958,5.935130414375547,1.0,0.0,1.0,0.0,0.0,0.0
11,10,7.955119663392429,10.070221396867304,0.0,0.0,0.0,0.0,1.0,0.0
12,10,8.058149342418378,0.0,0.0,0.0,0.0,1.0,1.0,0.0
13,10,4.159380190675274,0.0835174438740103,0.0,0.0,0.0,0.0,1.0,0.0
14,10,1.835126056880508,3.9071413187563295,0.0,1.0,0.0,1.0,0.0,0.0
0,15,2.8912282261916253,9.047015752665557,0.0,1.0,1.0,0.0,1.0,1.0
1,15,10.820334792080956,6.891167457903722,0.0,0.0,0.0,0.0,0.0,1.0
2,15,5.983022365837895,11.153116389554096,0.0,1.0,1.0,1.0,0.0,1.0
3,15,8.234652646255599,11.910530739659505,0.0,1.0,0.0,1.0,0.0,0.0
4,15,0.1404471079787614,5.987112951198133,0.0,1.0,0.0,0.0,0.0,0.0
5,15,8.057150990387285,8.931459711004525,1.0,0.0,0.0,0.0,0.0,1.0
6,15,6.0060795712448325,10.85060321130747,0.0,1.0,0.0,0.0,0.0,0.0
7,15,10.839463272251162,8.787690725384616,0.0,1.0,0.0,1.0,0.0,0.0
8,15,5.896277703169371,11.23821503967325,1.0,0.0,0.0,1.0,0.0,0.0
9,15,5.149345807317085,3.226922687928856,1.0,0.0,1.0,1.0,1.0,1.0
10,15,3.742134218188284,5.896473445073176,1.0,0.0,1.0,0.0,0.0,0.0
11,15,7.955496988360098,10.069622087661662,0.0,0.0,0.0,0.0,1.0,0.0
12,15,8.068402078771657,0.0,0.0,0.0,0.0,1.0,1.0,0.0
13,15,4.21346814846302,0.1137492516082204,0.0,0.0,0.0,0.0,1.0,0.0
14,15,1.8314326633834053,3.793653849087465,0.0,1.0,0.0,1.0,0.0,0.0
0,20,2.895385719413956,9.045244253552529,0.0,1.0,1.0,0.0,1.0,1.0
1,20,10.769369812085966,6.861954027802291,0.0,0.0,0.0,0.0,0.0,1.0
2,20,5.982795077064514,11.156078048703048,0.0,1.0,1.0,1.0,0.0,1.0
3,20,8.283838462222505,11.891524564384737,0.0,1.0,0.0,1.0,0.0,0.0
4,20,0.2098886118943345,5.982015158685685,0.0,1.0,0.0,0.0,0.0,0.0
5,20,8.070605193265925,8.914722804683324,1.0,0.0,0.0,0.0,0.0,1.0
6,20,6.008168253088404,10.80429754827808,0.0,1.0,0.0,0.0,0.0,0.0
7,20,10.819472018688309,8.761133578391336,0.0,1.0,0.0,1.0,0.0,0.0
8,20,5.866027084499431,11.310562375589724,1.0,0.0,0.0,1.0,0.0,0.0
9,20,5.195075012445736,3.3041652574269103,1.0,0.0,1.0,1.0,1.0,1.0
10,20,3.650539679219156,5.857620151197969,1.0,0.0,1.0,0.0,0.0,0.0
11,20,7.945987662104223,10.085935588547734,0.0,0.0,0.0,0.0,1.0,0.0
12,20,8.07740626917584,0.0,0.0,0.0,0.0,1.0,1.0,0.0
13,20,4.25850844172679,0.1392275639673178,0.0,0.0,0.0,0.0,1.0,0.0
14,20,1.82595331404048,3.7007824738375463,0.0,1.0,0.0,1.0,0.0,0.0
0,25,2.901356051405084,9.042570377792693,0.0,1.0,1.0,0.0,1.0,1.0
1,25,10.707076899041162,6.827443080204566,0.0,0.0,0.0,0.0,0.0,1.0
2,25,5.983112168186953,11.151171887236975,0.0,1.0,1.0,1.0,0.0,1.0
3,25,8.361729629455944,11.8619744502795,0.0,1.0,0.0,1.0,0.0,0.0
4,25,0.2873180448810585,5.976730764709343,0.0,1.0,0.0,0.0,0.0,0.0
5,25,8.080649639660292,8.902796791123658,1.0,0.0,0.0,0.0,0.0,1.0
6,25,6.010517985229537,10.75608388501449,0.0,1.0,0.0,0.0,0.0,0.0
7,25,10.80801337548653,8.745322251223772,0.0,1.0,0.0,1.0,0.0,0.0
8,25,5.824657880248492,11.4041237329868,1.0,0.0,0.0,1.0,0.0,0.0
9,25,5.238704670266064,3.37986042444286,1.0,0.0,1.0,1.0,1.0,1.0
10,25,3.556377679181738,5.817555424487808,1.0,0.0,1.0,0.0,0.0,0.0
11,25,7.945408177048905,10.086919362433688,0.0,0.0,0.0,0.0,1.0,0.0
12,25,8.08839149862475,0.0,0.0,0.0,0.0,1.0,1.0,0.0
13,25,4.289154604708273,0.1578331349036127,0.0,0.0,0.0,0.0,1.0,0.0
14,25,1.8223695873684125,3.6144916156975615,0.0,1.0,0.0,1.0,0.0,0.0
0,30,2.906405725263368,9.040216311405285,0.0,1.0,1.0,0.0,1.0,1.0
1,30,10.654667150353596,6.798171968087778,0.0,0.0,0.0,0.0,0.0,1.0
2,30,5.983955542630497,11.13689451153331,0.0,1.0,1.0,1.0,0.0,1.0
3,30,8.451623257328858,11.82657417078487,0.0,1.0,0.0,1.0,0.0,0.0
4,30,0.361068741840583,5.971979233230058,0.0,1.0,0.0,0.0,0.0,0.0
5,30,8.058123482283548,8.884711188922658,1.0,0.0,0.0,0.0,0.0,1.0
6,30,6.012914169542561,10.711622574489136,0.0,1.0,0.0,0.0,0.0,0.0
7,30,10.78100866203028,8.710482174300855,0.0,1.0,0.0,1.0,0.0,0.0
8,30,5.785334028915953,11.492242865621096,1.0,0.0,0.0,1.0,0.0,0.0
9,30,5.2748427850756725,3.445166014720172,1.0,0.0,1.0,1.0,1.0,1.0
10,30,3.4789260832761406,5.78477053333063,1.0,0.0,1.0,0.0,0.0,0.0
11,30,7.94304269582605,10.090844535757904,0.0,0.0,0.0,0.0,1.0,0.0
12,30,8.099209710475677,0.0,0.0,0.0,0.0,1.0,1.0,0.0
13,30,4.310544825533505,0.1708388988946988,0.0,0.0,0.0,0.0,1.0,0.0
14,30,1.8185259673434768,3.534094094810441,0.0,1.0,0.0,1.0,0.0,0.0
0,35,2.9211184596104345,9.033062292904956,0.0,1.0,1.0,0.0,1.0,1.0
1,35,10.626340858691588,6.782174756375282,0.0,0.0,0.0,0.0,0.0,1.0
2,35,5.984144055239888,11.115229403658674,0.0,1.0,1.0,1.0,0.0,1.0
3,35,8.54679342928689,11.78619166691403,0.0,1.0,0.0,1.0,0.0,0.0
4,35,0.425891129687187,5.968496007890536,0.0,1.0,0.0,0.0,0.0,0.0
5,35,8.065796251075538,8.891013182811532,1.0,0.0,0.0,0.0,0.0,1.0
6,35,6.017092005841336,10.657084609784611,0.0,1.0,0.0,0.0,0.0,0.0
7,35,10.74978884867738,8.671722540848403,0.0,1.0,0.0,1.0,0.0,0.0
8,35,5.748146920679931,11.575218062538712,1.0,0.0,0.0,1.0,0.0,0.0
9,35,5.308297964368754,3.503119168302581,1.0,0.0,1.0,1.0,1.0,1.0
10,35,3.4091785737134224,5.757142864082311,1.0,0.0,1.0,0.0,0.0,0.0
11,35,7.938063098310562,10.098694729166777,0.0,0.0,0.0,0.0,1.0,0.0
12,35,8.102807064532907,0.0,0.0,0.0,0.0,1.0,1.0,0.0
13,35,4.317768545378366,0.1756754763626306,0.0,0.0,0.0,0.0,1.0,0.0
14,35,1.8142404734769075,3.436256901334475,0.0,1.0,0.0,1.0,0.0,0.0
0,40,2.935150685455364,9.026557793857664,0.0,1.0,1.0,0.0,1.0,1.0
1,40,10.614632763258347,6.775805185885561,0.0,0.0,0.0,0.0,0.0,1.0
2,40,5.983971027225511,11.10915102491409,0.0,1.0,1.0,1.0,0.0,1.0
3,40,8.63394664263685,11.74883931357149,0.0,1.0,0.0,1.0,0.0,0.0
4,40,0.4817674067580042,5.9657088822919055,0.0,1.0,0.0,0.0,0.0,0.0
5,40,8.047724299597057,8.87654955911261,1.0,0.0,0.0,0.0,0.0,1.0
6,40,6.020891709754929,10.616822882860076,0.0,1.0,0.0,0.0,0.0,0.0
7,40,10.73078942566652,8.648774680732004,0.0,1.0,0.0,1.0,0.0,0.0
8,40,5.710671260086954,11.657008424164044,1.0,0.0,0.0,1.0,0.0,0.0
9,40,5.334035553869354,3.5474572746297297,1.0,0.0,1.0,1.0,1.0,1.0
10,40,3.327719679330967,5.724058251516891,1.0,0.0,1.0,0.0,0.0,0.0
11,40,7.942820872682124,10.09135149627111,0.0,0.0,0.0,0.0,1.0,0.0
12,40,8.108089144630032,0.0,0.0,0.0,0.0,1.0,1.0,0.0
13,40,4.3252408073393225,0.1806484903527848,0.0,0.0,0.0,0.0,1.0,0.0
14,40,1.8077616373048608,3.331765455277901,0.0,1.0,0.0,1.0,0.0,0.0
0,45,2.9435325851029743,9.022630616008554,0.0,1.0,1.0,0.0,1.0,1.0
1,45,10.615812536213811,6.776478713181563,0.0,0.0,0.0,0.0,0.0,1.0
2,45,5.984016380437494,11.111104799068912,0.0,1.0,1.0,1.0,0.0,1.0
3,45,8.731242476860867,11.710450943864569,0.0,1.0,0.0,1.0,0.0,0.0
4,45,0.5301719471211408,5.962942283397164,0.0,1.0,0.0,0.0,0.0,0.0
5,45,8.046792075439049,8.875778340352559,1.0,0.0,0.0,0.0,0.0,1.0
6,45,6.025518669623776,10.569987713010123,0.0,1.0,0.0,0.0,0.0,0.0
7,45,10.716032691106207,8.630587553882922,0.0,1.0,0.0,1.0,0.0,0.0
8,45,5.664750142153753,11.755835273500695,1.0,0.0,0.0,1.0,0.0,0.0
9,45,5.34977213990979,3.5750080671834934,1.0,0.0,1.0,1.0,1.0,1.0
10,45,3.247536155772797,5.693361435747049,1.0,0.0,1.0,0.0,0.0,0.0
11,45,7.962662911844117,10.059366334802087,0.0,0.0,0.0,0.0,1.0,0.0
12,45,8.113944369680539,0.0,0.0,0.0,0.0,1.0,1.0,0.0
13,45,4.336035945436982,0.1876003519220231,0.0,0.0,0.0,0.0,1.0,0.0
14,45,1.8018749452507092,3.232330709764089,0.0,1.0,0.0,1.0,0.0,0.0
0,50,2.932945423494346,9.027705694958584,0.0,1.0,1.0,0.0,1.0,1.0
1,50,10.623308909284273,6.78081856035187,0.0,0.0,0.0,0.0,0.0,1.0
2,50,5.984585300020384,11.13096697288857,0.0,1.0,1.0,1.0,0.0,1.0
3,50,8.822298454841974,11.674668285606822,0.0,1.0,0.0,1.0,0.0,0.0
4,50,0.5810583461885395,5.959333654007189,0.0,1.0,0.0,0.0,0.0,0.0
5,50,8.047067556534149,8.876022565034555,1.0,0.0,0.0,0.0,0.0,1.0
6,50,6.029239124328865,10.523657602159227,0.0,1.0,0.0,0.0,0.0,0.0
7,50,10.707374967493962,8.619247685082401,0.0,1.0,0.0,1.0,0.0,0.0
8,50,5.6218368815318565,11.85289962877066,1.0,0.0,0.0,1.0,0.0,0.0
9,50,5.357539651001001,3.587738768936953,1.0,0.0,1.0,1.0,1.0,1.0
10,50,3.169379418665805,5.666977423415639,1.0,0.0,1.0,0.0,0.0,0.0
11,50,7.98442527583563,10.021196187812023,0.0,0.0,0.0,0.0,1.0,0.0
12,50,8.117939030078587,0.0,0.0,0.0,0.0,1.0,1.0,0.0
13,50,4.3385476210771845,0.1891597382081041,0.0,0.0,0.0,0.0,1.0,0.0
14,50,1.795334287605117,3.124960381114165,0.0,1.0,0.0,1.0,0.0,0.0
0,55,2.9097732380353025,9.039013354266658,0.0,1.0,1.0,0.0,1.0,1.0
1,55,10.639587070181674,6.790765641680655,0.0,0.0,0.0,0.0,0.0,1.0
2,55,5.985127456017419,11.151912413991464,0.0,1.0,1.0,1.0,0.0,1.0
3,55,8.922795588640232,11.635672122852885,0.0,1.0,0.0,1.0,0.0,0.0
4,55,0.6455210294454392,5.953785190475636,0.0,1.0,0.0,0.0,0.0,0.0
5,55,8.039662754737241,8.869613567713138,1.0,0.0,0.0,0.0,0.0,1.0
6,55,6.030714919182375,10.504578901550811,0.0,1.0,0.0,0.0,0.0,0.0
7,55,10.69132723962693,8.598425686302765,0.0,1.0,0.0,1.0,0.0,0.0
8,55,5.56992992421674,11.96122456218722,1.0,0.0,0.0,1.0,0.0,0.0
9,55,5.373062471619583,3.6137938539010768,1.0,0.0,1.0,1.0,1.0,1.0
10,55,3.083276706558554,5.6378710484925465,1.0,0.0,1.0,0.0,0.0,0.0
11,55,7.951297251186013,10.001465765145776,0.0,0.0,0.0,0.0,1.0,0.0
12,55,8.118122243092358,0.0,0.0,0.0,0.0,1.0,1.0,0.0
13,55,4.352991904380828,0.1981201376897532,0.0,0.0,0.0,0.0,1.0,0.0
14,55,1.7885656799787808,3.021665522308365,0.0,1.0,0.0,1.0,0.0,0.0
0,60,2.8807497830894,9.053106133333523,0.0,1.0,1.0,0.0,1.0,1.0
1,60,10.670795595275267,6.809350532723881,0.0,0.0,0.0,0.0,0.0,1.0
2,60,5.98545007896925,11.162979180730664,0.0,1.0,1.0,1.0,0.0,1.0
3,60,9.027095326524115,11.593434199260797,0.0,1.0,0.0,1.0,0.0,0.0
4,60,0.7002621281591566,5.948658828882448,0.0,1.0,0.0,0.0,0.0,0.0
5,60,8.032525777018378,8.863707522096833,1.0,0.0,0.0,0.0,0.0,1.0
6,60,6.031488635705856,10.492086868028483,0.0,1.0,0.0,0.0,0.0,0.0
7,60,10.6794177050175,8.583554312918794,0.0,1.0,0.0,1.0,0.0,0.0
8,60,5.522399906279127,12.0,1.0,0.0,0.0,1.0,0.0,0.0
9,60,5.3994744568555895,3.657127051200941,1.0,0.0,1.0,1.0,1.0,1.0
10,60,3.0051009728958853,5.60929783670643,1.0,0.0,1.0,0.0,0.0,0.0
11,60,7.919337667328602,9.982347174153045,0.0,0.0,0.0,0.0,1.0,0.0
12,60,8.11293168620112,0.0100448818913213,0.0,0.0,0.0,1.0,1.0,0.0
13,60,4.381108154002081,0.2149617597194256,0.0,0.0,0.0,0.0,1.0,0.0
14,60,1.7838605087041284,2.892879358727821,0.0,1.0,0.0,1.0,0.0,0.0
0,65,2.8729659986785743,9.056792262785986,0.0,1.0,1.0,0.0,1.0,1.0
1,65,10.709484668936264,6.83171472340752,0.0,0.0,0.0,0.0,0.0,1.0
2,65,5.985956732894577,11.182093444830633,0.0,1.0,1.0,1.0,0.0,1.0
3,65,9.114315925077854,11.55795107334314,0.0,1.0,0.0,1.0,0.0,0.0
4,65,0.7326469390323691,5.945759680419883,0.0,1.0,0.0,0.0,0.0,0.0
5,65,8.025876442174237,8.857931177986078,1.0,0.0,0.0,0.0,0.0,1.0
6,65,6.03218107067806,10.48172809241223,0.0,1.0,0.0,0.0,0.0,0.0
7,65,10.679674861328248,8.583887131300669,0.0,1.0,0.0,1.0,0.0,0.0
8,65,5.481353931890582,12.0,1.0,0.0,0.0,1.0,0.0,0.0
9,65,5.431028970014723,3.7121477491080808,1.0,0.0,1.0,1.0,1.0,1.0
10,65,2.931092077563572,5.582356607592023,1.0,0.0,1.0,0.0,0.0,0.0
11,65,7.888506395465222,9.964634015572724,0.0,0.0,0.0,0.0,1.0,0.0
12,65,8.104618021004262,0.0264609467660523,0.0,0.0,0.0,1.0,1.0,0.0
13,65,4.4054149062388825,0.2283538014358722,0.0,0.0,0.0,0.0,1.0,0.0
14,65,1.7806818327191831,2.748779275420388,0.0,1.0,0.0,1.0,0.0,0.0
0,70,2.8404335451370804,9.071296151383468,0.0,1.0,1.0,0.0,1.0,1.0
1,70,10.762309195718853,6.861678229103675,0.0,0.0,0.0,0.0,0.0,1.0
2,70,5.985978968204334,11.182878833914453,0.0,1.0,1.0,1.0,0.0,1.0
3,70,9.208199353969723,11.521375396452822,0.0,1.0,0.0,1.0,0.0,0.0
4,70,0.780652767773843,5.9418544943974,0.0,1.0,0.0,0.0,0.0,0.0
5,70,8.011846460730615,8.845308073790765,1.0,0.0,0.0,0.0,0.0,1.0
6,70,6.032824778933494,10.472349982851338,0.0,1.0,0.0,0.0,0.0,0.0
7,70,10.674843425467564,8.577415822104125,0.0,1.0,0.0,1.0,0.0,0.0
8,70,5.441681071145293,12.0,1.0,0.0,0.0,1.0,0.0,0.0
9,70,5.458609247613675,3.7617984955083887,1.0,0.0,1.0,1.0,1.0,1.0
10,70,2.8382288085061966,5.548512639623452,1.0,0.0,1.0,0.0,0.0,0.0
11,70,7.848230818293826,9.940932056285105,0.0,0.0,0.0,0.0,1.0,0.0
12,70,8.089276150786473,0.0572040231201721,0.0,0.0,0.0,1.0,1.0,0.0
13,70,4.439075899901962,0.2474907827180221,0.0,0.0,0.0,0.0,1.0,0.0
14,70,1.7765233170126364,2.599812413003902,0.0,1.0,0.0,1.0,0.0,0.0
0,75,2.8077694973043887,9.085689473332154,0.0,1.0,1.0,0.0,1.0,1.0
1,75,10.802272097976712,6.884132410829142,0.0,0.0,0.0,0.0,0.0,1.0
2,75,5.985749100325755,11.171133742302386,0.0,1.0,1.0,1.0,0.0,1.0
3,75,9.293387969304735,11.488971426385476,0.0,1.0,0.0,1.0,0.0,0.0
4,75,0.8207962662689374,5.939595752025752,0.0,1.0,0.0,0.0,0.0,0.0
5,75,7.997310246982209,8.832069758610448,1.0,0.0,0.0,0.0,0.0,1.0
6,75,6.036467434293581,10.430553696634012,0.0,1.0,0.0,0.0,0.0,0.0
7,75,10.672590259671123,8.574208024681864,0.0,1.0,0.0,1.0,0.0,0.0
8,75,5.409471345152349,12.0,1.0,0.0,0.0,1.0,0.0,0.0
9,75,5.484381465178219,3.80928860030442,1.0,0.0,1.0,1.0,1.0,1.0
10,75,2.7780972415565985,5.526188846085078,1.0,0.0,1.0,0.0,0.0,0.0
11,75,7.81404925604231,9.919191483202429,0.0,0.0,0.0,0.0,1.0,0.0
12,75,8.07792518751645,0.079709931461299,0.0,0.0,0.0,1.0,1.0,0.0
13,75,4.47638719711791,0.2686816022016386,0.0,0.0,0.0,0.0,1.0,0.0
14,75,1.7714538936626276,2.4349579863903337,0.0,1.0,0.0,1.0,0.0,0.0
0,80,2.7718012712002555,9.100228961060791,0.0,1.0,1.0,0.0,1.0,1.0
1,80,10.853007728817548,6.914574977844344,0.0,0.0,0.0,0.0,0.0,1.0
2,80,5.983288757559534,11.137835285476491,0.0,1.0,1.0,1.0,0.0,1.0
3,80,9.40132164277674,11.447105939200586,0.0,1.0,0.0,1.0,0.0,0.0
4,80,0.8313027513950837,5.939104868247749,0.0,1.0,0.0,0.0,0.0,0.0
5,80,7.976236894944659,8.813675521721946,1.0,0.0,0.0,0.0,0.0,1.0
6,80,6.039752865479265,10.387431874674547,0.0,1.0,0.0,0.0,0.0,0.0
7,80,10.66150329858228,8.559258012469197,0.0,1.0,0.0,1.0,0.0,0.0
8,80,5.394303622323062,12.0,1.0,0.0,0.0,1.0,0.0,0.0
9,80,5.513412224683033,3.8621439343029,1.0,0.0,1.0,1.0,1.0,1.0
10,80,2.7242961072663383,5.506116833247359,1.0,0.0,1.0,0.0,0.0,0.0
11,80,7.796070370591243,9.90888620949838,0.0,0.0,0.0,0.0,1.0,0.0
12,80,8.06610266452846,0.1034249110738227,0.0,0.0,0.0,1.0,1.0,0.0
13,80,4.517567101007187,0.2915622715306227,0.0,0.0,0.0,0.0,1.0,0.0
14,80,1.7647886826885808,2.2564912690796954,0.0,1.0,0.0,1.0,0.0,0.0
0,85,2.7176051576239,9.122568480099508,0.0,1.0,1.0,0.0,1.0,1.0
1,85,10.91416432303613,6.951670537224783,0.0,0.0,0.0,0.0,0.0,1.0
2,85,5.980585891275021,11.108171535687402,0.0,1.0,1.0,1.0,0.0,1.0
3,85,9.529649877749694,11.397608555690056,0.0,1.0,0.0,1.0,0.0,0.0
4,85,0.8634656950749272,5.937422112606878,0.0,1.0,0.0,0.0,0.0,0.0
5,85,7.954579057286138,8.795829955375144,1.0,0.0,0.0,0.0,0.0,1.0
6,85,6.043400530474236,10.347446911532566,0.0,1.0,0.0,0.0,0.0,0.0
7,85,10.654708966470324,8.550317649226418,0.0,1.0,0.0,1.0,0.0,0.0
8,85,5.379780585707136,12.0,1.0,0.0,0.0,1.0,0.0,0.0
9,85,5.543662116334635,3.918136677218969,1.0,0.0,1.0,1.0,1.0,1.0
10,85,2.682338082686063,5.490785754809105,1.0,0.0,1.0,0.0,0.0,0.0
11,85,7.767692097694621,9.891881320091672,0.0,0.0,0.0,0.0,1.0,0.0
12,85,8.060123473301454,0.1148986306020921,0.0,0.0,0.0,1.0,1.0,0.0
13,85,4.545146690980086,0.3072126679979357,0.0,0.0,0.0,0.0,1.0,0.0
14,85,1.7613181667015552,2.0946194332339974,0.0,1.0,0.0,1.0,0.0,0.0
0,90,2.677753516990097,9.137037399066656,0.0,1.0,1.0,0.0,1.0,1.0
1,90,10.988760796604709,6.998888538542326,0.0,0.0,0.0,0.0,0.0,1.0
2,90,5.976143308285432,11.070020295400024,0.0,1.0,1.0,1.0,0.0,1.0
3,90,9.660999603851966,11.345643844103002,0.0,1.0,0.0,1.0,0.0,0.0
4,90,0.8917311629108804,5.935288332736631,0.0,1.0,0.0,0.0,0.0,0.0
5,90,7.942888031387735,8.786374978670173,1.0,0.0,0.0,0.0,0.0,1.0
6,90,6.048504045558055,10.276583429183196,0.0,1.0,0.0,0.0,0.0,0.0
7,90,10.637383864931063,8.526907312302649,0.0,1.0,0.0,1.0,0.0,0.0
8,90,5.365529969476087,12.0,1.0,0.0,0.0,1.0,0.0,0.0
9,90,5.563747989496759,3.9536265852656247,1.0,0.0,1.0,1.0,1.0,1.0
10,90,2.628253822141648,5.472401704584996,1.0,0.0,1.0,0.0,0.0,0.0
11,90,7.746664154475296,9.878909048417386,0.0,0.0,0.0,0.0,1.0,0.0
12,90,8.04565317163085,0.1427135590485133,0.0,0.0,0.0,1.0,1.0,0.0
13,90,4.563274551780182,0.318093387491545,0.0,0.0,0.0,0.0,1.0,0.0
14,90,1.7557785105307728,1.927476995382268,0.0,1.0,0.0,1.0,0.0,0.0
0,95,2.6316038236816413,9.15275322213358,0.0,1.0,1.0,0.0,1.0,1.0
1,95,11.05968436540161,7.042307530955934,0.0,0.0,0.0,0.0,0.0,1.0
2,95,5.971200087353035,11.030339975916988,0.0,1.0,1.0,1.0,0.0,1.0
3,95,9.781818620710052,11.299018704605269,0.0,1.0,0.0,1.0,0.0,0.0
4,95,0.9104672792309372,5.933495864817255,0.0,1.0,0.0,0.0,0.0,0.0
5,95,7.9168438732686655,8.764114148017299,1.0,0.0,0.0,0.0,0.0,1.0
6,95,6.055913114336889,10.185048328650566,0.0,1.0,0.0,0.0,0.0,0.0
7,95,10.626989791740993,8.513102168322344,0.0,1.0,0.0,1.0,0.0,0.0
8,95,5.349147414975294,12.0,1.0,0.0,0.0,1.0,0.0,0.0
9,95,5.574004078773544,3.972576479688285,1.0,0.0,1.0,1.0,1.0,1.0
10,95,2.574229293675803,5.4536888793025255,1.0,0.0,1.0,0.0,0.0,0.0
11,95,7.717273839656761,9.861589271033823,0.0,0.0,0.0,0.0,1.0,0.0
12,95,8.034605979359629,0.1639971537879395,0.0,0.0,0.0,1.0,1.0,0.0
13,95,4.543730259754688,0.3502528503343622,0.0,0.0,0.0,0.0,1.0,0.0
14,95,1.751139398375697,1.7849419069417725,0.0,1.0,0.0,1.0,0.0,0.0
0,100,2.5721500454951305,9.172800361646692,0.0,1.0,1.0,0.0,1.0,1.0
1,100,11.149210711394982,7.100642289236686,0.0,0.0,0.0,0.0,0.0,1.0
2,100,5.96709518742886,10.977029528571116,0.0,1.0,1.0,1.0,0.0,1.0
3,100,9.893416004760647,11.252480496128092,0.0,1.0,0.0,1.0,0.0,0.0
4,100,0.9224109448613216,5.932536953421882,0.0,1.0,0.0,0.0,0.0,0.0
5,100,7.890362114633293,8.740392135291888,1.0,0.0,0.0,0.0,0.0,1.0
6,100,6.061769507887838,10.099066628112489,0.0,1.0,0.0,0.0,0.0,0.0
7,100,10.611814669185671,8.492631297391235,0.0,1.0,0.0,1.0,0.0,0.0
8,100,5.331447212669255,12.0,1.0,0.0,0.0,1.0,0.0,0.0
9,100,5.588064718618982,3.9985680548405114,1.0,0.0,1.0,1.0,1.0,1.0
10,100,2.5203670039457227,5.434203806922022,1.0,0.0,1.0,0.0,0.0,0.0
11,100,7.6872843308157055,9.844353897309482,0.0,0.0,0.0,0.0,1.0,0.0
12,100,8.028017253345194,0.1763939328608332,0.0,0.0,0.0,1.0,1.0,0.0
13,100,4.522288412461213,0.384788666414065,0.0,0.0,0.0,0.0,1.0,0.0
14,100,1.7481944393891071,1.6238385550151275,0.0,1.0,0.0,1.0,0.0,0.0
0,105,2.516310596322666,9.191522680791412,0.0,1.0,1.0,0.0,1.0,1.0
1,105,11.225024893090016,7.14951777573931,0.0,0.0,0.0,0.0,0.0,1.0
2,105,5.965170221914347,10.938106948916076,0.0,1.0,1.0,1.0,0.0,1.0
3,105,10.004667503855616,11.206703440733955,0.0,1.0,0.0,1.0,0.0,0.0
4,105,0.9341941302655964,5.93191753658236,0.0,1.0,0.0,0.0,0.0,0.0
5,105,7.880772370911162,8.73216070815074,1.0,0.0,0.0,0.0,0.0,1.0
6,105,6.066702269148609,10.03637143389887,0.0,1.0,0.0,0.0,0.0,0.0
7,105,10.600919176552262,8.477426294845849,0.0,1.0,0.0,1.0,0.0,0.0
8,105,5.311314111083703,12.0,1.0,0.0,0.0,1.0,0.0,0.0
9,105,5.598234011522084,4.016506415950435,1.0,0.0,1.0,1.0,1.0,1.0
10,105,2.4633269436024112,5.413516026794067,1.0,0.0,1.0,0.0,0.0,0.0
11,105,7.646496592831963,9.821263843368078,0.0,0.0,0.0,0.0,1.0,0.0
12,105,8.031653612557601,0.1698435101086148,0.0,0.0,0.0,1.0,1.0,0.0
13,105,4.503249439134939,0.4155453805702168,0.0,0.0,0.0,0.0,1.0,0.0
14,105,1.746703974689803,1.471064474488202,0.0,1.0,0.0,1.0,0.0,0.0
0,110,2.462182663387533,9.208751235734873,0.0,1.0,1.0,0.0,1.0,1.0
1,110,11.321645030444206,7.214401970236799,0.0,0.0,0.0,0.0,0.0,1.0
2,110,5.963372152963187,10.901845038255775,0.0,1.0,1.0,1.0,0.0,1.0
3,110,10.125002286312148,11.155065563798098,0.0,1.0,0.0,1.0,0.0,0.0
4,110,0.9280812086230332,5.932395014579219,0.0,1.0,0.0,0.0,0.0,0.0
5,110,7.881977099270489,8.733216067769849,1.0,0.0,0.0,0.0,0.0,1.0
6,110,6.069959573647826,9.986964738396448,0.0,1.0,0.0,0.0,0.0,0.0
7,110,10.592644223013735,8.46611692337208,0.0,1.0,0.0,1.0,0.0,0.0
8,110,5.286054972161182,12.0,1.0,0.0,0.0,1.0,0.0,0.0
9,110,5.601940184361652,4.023362740438246,1.0,0.0,1.0,1.0,1.0,1.0
10,110,2.489997324926408,5.341385998677149,1.0,0.0,1.0,0.0,0.0,0.0
11,110,7.600697133309125,9.796002732889914,0.0,0.0,0.0,0.0,1.0,0.0
12,110,8.03373552350659,0.165914600589896,0.0,0.0,0.0,1.0,1.0,0.0
13,110,4.464823767139826,0.4778352194463868,0.0,0.0,0.0,0.0,1.0,0.0
14,110,1.742530382625808,1.30978125358824,0.0,1.0,0.0,1.0,0.0,0.0
0,115,2.4168046876246088,9.222144997595995,0.0,1.0,1.0,0.0,1.0,1.0
1,115,11.416716170101248,7.277468017045788,0.0,0.0,0.0,0.0,0.0,1.0
2,115,5.962243101452238,10.862479100788658,0.0,1.0,1.0,1.0,0.0,1.0
3,115,10.248850569728468,11.105518515308374,0.0,1.0,0.0,1.0,0.0,0.0
4,115,0.930796936055743,5.932167643093456,0.0,1.0,0.0,0.0,0.0,0.0
5,115,7.883284586876925,8.73446998721076,1.0,0.0,0.0,0.0,0.0,1.0
6,115,6.07546871411814,9.91449272302384,0.0,1.0,0.0,0.0,0.0,0.0
7,115,10.590639981479953,8.463351703163314,0.0,1.0,0.0,1.0,0.0,0.0
8,115,5.256639335570132,12.0,1.0,0.0,0.0,1.0,0.0,0.0
9,115,5.611928481392618,4.042419793655246,1.0,0.0,1.0,1.0,1.0,1.0
10,115,2.509125844655463,5.288527726758399,1.0,0.0,1.0,0.0,0.0,0.0
11,115,7.556522763323035,9.77110977914143,0.0,0.0,0.0,0.0,1.0,0.0
12,115,8.035658118727042,0.1623111641487722,0.0,0.0,0.0,1.0,1.0,0.0
13,115,4.42766850426124,0.5353402021789068,0.0,0.0,0.0,0.0,1.0,0.0
14,115,1.7436781545405409,1.1283475745315077,0.0,1.0,0.0,1.0,0.0,0.0
0,120,2.388454526176768,9.230275517078567,0.0,1.0,1.0,0.0,1.0,1.0
1,120,11.492214528793816,7.324997024794269,0.0,0.0,0.0,0.0,0.0,1.0
2,120,5.961772419638812,10.793590654505843,0.0,1.0,1.0,1.0,0.0,1.0
3,120,10.375270366688968,11.05231692612149,0.0,1.0,0.0,1.0,0.0,0.0
4,120,0.9351598180859012,5.9317733601160665,0.0,1.0,0.0,0.0,0.0,0.0
5,120,7.887673850778357,8.738555887575664,1.0,0.0,0.0,0.0,0.0,1.0
6,120,6.080560503529172,9.819408711657047,0.0,1.0,0.0,0.0,0.0,0.0
7,120,10.587744602579392,8.45944635718666,0.0,1.0,0.0,1.0,0.0,0.0
8,120,5.2291052439150985,12.0,1.0,0.0,0.0,1.0,0.0,0.0
9,120,5.617736054049112,4.053595483842467,1.0,0.0,1.0,1.0,1.0,1.0
10,120,2.524093622906306,5.24881968795584,1.0,0.0,1.0,0.0,0.0,0.0
11,120,7.519502227965381,9.749523494240576,0.0,0.0,0.0,0.0,1.0,0.0
12,120,8.03729086170774,0.1592023132697064,0.0,0.0,0.0,1.0,1.0,0.0
13,120,4.3796078750987775,0.610963499017023,0.0,0.0,0.0,0.0,1.0,0.0
14,120,1.7458145649605123,0.9435271449626114,0.0,1.0,0.0,1.0,0.0,0.0
0,125,2.375982096991347,9.233996107233336,0.0,1.0,1.0,0.0,1.0,1.0
1,125,11.576080063489997,7.3779659559632496,0.0,0.0,0.0,0.0,0.0,1.0
2,125,5.960311028958322,10.727085135376274,0.0,1.0,1.0,1.0,0.0,1.0
3,125,10.434136729763036,11.189132754846751,0.0,1.0,0.0,1.0,0.0,0.0
4,125,0.9448020243575694,5.9310019929900815,0.0,1.0,0.0,0.0,0.0,0.0
5,125,7.893511473054334,8.743994166229916,1.0,0.0,0.0,0.0,0.0,1.0
6,125,6.085276119894367,9.741522313266705,0.0,1.0,0.0,0.0,0.0,0.0
7,125,10.581867815570767,8.451324240374449,0.0,1.0,0.0,1.0,0.0,0.0
8,125,5.203923255186029,12.0,1.0,0.0,0.0,1.0,0.0,0.0
9,125,5.627960140860428,4.071906813499406,1.0,0.0,1.0,1.0,1.0,1.0
10,125,2.534305805346657,5.221463039026882,1.0,0.0,1.0,0.0,0.0,0.0
11,125,7.469363469170426,9.72105335787542,0.0,0.0,0.0,0.0,1.0,0.0
12,125,8.038390627735087,0.1571117126942171,0.0,0.0,0.0,1.0,1.0,0.0
13,125,4.32908183018191,0.6948729882617588,0.0,0.0,0.0,0.0,1.0,0.0
14,125,1.7456232409109316,0.7672345917660732,0.0,1.0,0.0,1.0,0.0,0.0
0,130,2.3739088669287227,9.23459299445844,0.0,1.0,1.0,0.0,1.0,1.0
1,130,11.673820162195865,7.441563489836306,0.0,0.0,0.0,0.0,0.0,1.0
2,130,5.9588162545684655,10.669151351058794,0.0,1.0,1.0,1.0,0.0,1.0
3,130,10.48919205347202,11.309135614199402,0.0,1.0,0.0,1.0,0.0,0.0
4,130,0.9594205807362935,5.929699477604151,0.0,1.0,0.0,0.0,0.0,0.0
5,130,7.896718344740118,8.747235612451076,1.0,0.0,0.0,0.0,0.0,1.0
6,130,6.088798471187212,9.685173944079652,0.0,1.0,0.0,0.0,0.0,0.0
7,130,10.577473980907277,8.445545442170486,0.0,1.0,0.0,1.0,0.0,0.0
8,130,5.178875840076702,12.0,1.0,0.0,0.0,1.0,0.0,0.0
9,130,5.624117975737149,4.064972151008224,1.0,0.0,1.0,1.0,1.0,1.0
10,130,2.543262635951079,5.198097745889827,1.0,0.0,1.0,0.0,0.0,0.0
11,130,7.426194088226452,9.697277419296386,0.0,0.0,0.0,0.0,1.0,0.0
12,130,8.046838256030012,0.1413543469533598,0.0,0.0,0.0,1.0,1.0,0.0
13,130,4.285094811830399,0.7654292697031969,0.0,0.0,0.0,0.0,1.0,0.0
14,130,1.7436925262921072,0.6061856631194822,0.0,1.0,0.0,1.0,0.0,0.0
0,135,2.3714585191949817,9.23527966812856,0.0,1.0,1.0,0.0,1.0,1.0
1,135,11.776043795430477,7.506050019411033,0.0,0.0,0.0,0.0,0.0,1.0
2,135,5.957931391932174,10.603609990577128,0.0,1.0,1.0,1.0,0.0,1.0
3,135,10.54071470508404,11.421052008062414,0.0,1.0,0.0,1.0,0.0,0.0
4,135,0.9666780896620312,5.929228265468178,0.0,1.0,0.0,0.0,0.0,0.0
5,135,7.929969815633278,8.782213351081404,1.0,0.0,0.0,0.0,0.0,1.0
6,135,6.091652809972092,9.637974688963656,0.0,1.0,0.0,0.0,0.0,0.0
7,135,10.574660486850537,8.441855725858506,0.0,1.0,0.0,1.0,0.0,0.0
8,135,5.146441545086395,12.0,1.0,0.0,0.0,1.0,0.0,0.0
9,135,5.618846458731875,4.055431349185295,1.0,0.0,1.0,1.0,1.0,1.0
10,135,2.551209208971569,5.177932144610413,1.0,0.0,1.0,0.0,0.0,0.0
11,135,7.375478140200897,9.668714774608128,0.0,0.0,0.0,0.0,1.0,0.0
12,135,8.056533645930923,0.1226567540932147,0.0,0.0,0.0,1.0,1.0,0.0
13,135,4.253840346065541,0.817283284034884,0.0,0.0,0.0,0.0,1.0,0.0
14,135,1.7430765243833746,0.4291341221420724,0.0,1.0,0.0,1.0,0.0,0.0
0,140,2.313339763926014,9.251178446185056,0.0,1.0,1.0,0.0,1.0,1.0
1,140,11.891944667714014,7.581464302704833,0.0,0.0,0.0,0.0,0.0,1.0
2,140,5.957003138510747,10.542288249791037,0.0,1.0,1.0,1.0,0.0,1.0
3,140,10.60156574219056,11.555506418628212,0.0,1.0,0.0,1.0,0.0,0.0
4,140,0.9879041408331252,5.928437244400406,0.0,1.0,0.0,0.0,0.0,0.0
5,140,7.971538036450286,8.829732367643915,1.0,0.0,0.0,0.0,0.0,1.0
6,140,6.032536820780665,9.634182818404485,0.0,1.0,0.0,0.0,0.0,0.0
7,140,10.574778350322452,8.442016792201562,0.0,1.0,0.0,1.0,0.0,0.0
8,140,5.112772264271416,12.0,1.0,0.0,0.0,1.0,0.0,0.0
9,140,5.610938681139884,4.041046135612749,1.0,0.0,1.0,1.0,1.0,1.0
10,140,2.560640817317376,5.151571814878411,1.0,0.0,1.0,0.0,0.0,0.0
11,140,7.32024757996667,9.63788457780822,0.0,0.0,0.0,0.0,1.0,0.0
12,140,8.067439580660603,0.100729715113725,0.0,0.0,0.0,1.0,1.0,0.0
13,140,4.226620366416498,0.8614702196791979,0.0,0.0,0.0,0.0,1.0,0.0
14,140,1.7345294030904224,0.2542885394062816,0.0,1.0,0.0,1.0,0.0,0.0
0,145,2.261164990795601,9.267070849890956,0.0,1.0,1.0,0.0,1.0,1.0
1,145,12.0,7.670077166344229,0.0,0.0,0.0,0.0,0.0,1.0
2,145,5.956035646143051,10.488843611041364,0.0,1.0,1.0,1.0,0.0,1.0
3,145,10.673102028432966,11.708199786228253,0.0,1.0,0.0,1.0,0.0,0.0
4,145,1.00979681378793,5.928222601146588,0.0,1.0,0.0,0.0,0.0,0.0
5,145,8.018781352609054,8.882136747334284,1.0,0.0,0.0,0.0,0.0,1.0
6,145,5.946369992852709,9.625913508553136,0.0,1.0,0.0,0.0,0.0,0.0
7,145,10.56493824679193,8.428104407741534,0.0,1.0,0.0,1.0,0.0,0.0
8,145,5.085673945611618,12.0,1.0,0.0,0.0,1.0,0.0,0.0
9,145,5.587172378010814,3.996390190194476,1.0,0.0,1.0,1.0,1.0,1.0
10,145,2.5728505326649107,5.1157404086057445,1.0,0.0,1.0,0.0,0.0,0.0
11,145,7.266725222428021,9.609219413030194,0.0,0.0,0.0,0.0,1.0,0.0
12,145,8.080141423988488,0.0756399240089073,0.0,0.0,0.0,1.0,1.0,0.0
13,145,4.203490076002193,0.8480084075772717,0.0,0.0,0.0,0.0,1.0,0.0
14,145,1.7273955750048873,0.0604002555131286,0.0,1.0,0.0,1.0,0.0,0.0
0,150,2.2153710599880805,9.281051882349644,0.0,1.0,1.0,0.0,1.0,1.0
1,150,12.0,7.752071926719714,0.0,0.0,0.0,0.0,0.0,1.0
2,150,5.955982009832363,10.443438465769924,0.0,1.0,1.0,1.0,0.0,1.0
3,150,10.738497558628996,11.846991910744924,0.0,1.0,0.0,1.0,0.0,0.0
4,150,1.012941791184018,5.928218404694099,0.0,1.0,0.0,0.0,0.0,0.0
5,150,8.063542715587504,8.933436080370937,1.0,0.0,0.0,0.0,0.0,1.0
6,150,5.862827630454777,9.621515686610916,0.0,1.0,0.0,0.0,0.0,0.0
7,150,10.553642569267309,8.412678322642185,0.0,1.0,0.0,1.0,0.0,0.0
8,150,5.053067666528589,12.0,1.0,0.0,0.0,1.0,0.0,0.0
9,150,5.563754364334464,3.9536010368000527,1.0,0.0,1.0,1.0,1.0,1.0
10,150,2.583705442177527,5.08228229617151,1.0,0.0,1.0,0.0,0.0,0.0
11,150,7.219478598489496,9.585454570306348,0.0,0.0,0.0,0.0,1.0,0.0
12,150,8.0964220268919,0.0433311650349482,0.0,0.0,0.0,1.0,1.0,0.0
13,150,4.192288270332718,0.8415343316013209,0.0,0.0,0.0,0.0,1.0,0.0
14,150,1.7185448372015035,0.0,0.0,1.0,0.0,1.0,0.0,0.0
0,155,2.167979138344172,9.297669048957092,0.0,1.0,1.0,0.0,1.0,1.0
1,155,12.0,7.817995582298936,0.0,0.0,0.0,0.0,0.0,1.0
2,155,5.956733826060198,10.350433687444744,0.0,1.0,1.0,1.0,0.0,1.0
3,155,10.801558328796212,11.98645724787247,0.0,1.0,0.0,1.0,0.0,0.0
4,155,1.012727744516539,5.928217989454198,0.0,1.0,0.0,0.0,0.0,0.0
5,155,8.105257902374147,8.983591448001642,1.0,0.0,0.0,0.0,0.0,1.0
6,155,5.7891225865369424,9.61575560408961,0.0,1.0,0.0,0.0,0.0,0.0
7,155,10.538372978625883,8.392662795624025,0.0,1.0,0.0,1.0,0.0,0.0
8,155,5.027764766757471,12.0,1.0,0.0,0.0,1.0,0.0,0.0
9,155,5.539119305680572,3.911065951065021,1.0,0.0,1.0,1.0,1.0,1.0
10,155,2.5852780897454566,5.077337063813326,1.0,0.0,1.0,0.0,0.0,0.0
11,155,7.173026536177336,9.561564254619602,0.0,0.0,0.0,0.0,1.0,0.0
12,155,8.113402185958012,0.0114520282828669,0.0,0.0,0.0,1.0,1.0,0.0
13,155,4.173564955005159,0.830467155534218,0.0,0.0,0.0,0.0,1.0,0.0
14,155,1.7115607153556252,0.0,0.0,1.0,0.0,1.0,0.0,0.0
0,160,2.129704664674415,9.310607568129234,0.0,1.0,1.0,0.0,1.0,1.0
1,160,12.0,7.873564338229093,0.0,0.0,0.0,0.0,0.0,1.0
2,160,5.957166812414595,10.230156512519308,0.0,1.0,1.0,1.0,0.0,1.0
3,160,10.8673716409059,12.0,0.0,1.0,0.0,1.0,0.0,0.0
4,160,1.008127722470561,5.928192352309667,0.0,1.0,0.0,0.0,0.0,0.0
5,160,8.175990301424585,9.06869783894021,1.0,0.0,0.0,0.0,0.0,1.0
6,160,5.723989649726813,9.610923858929802,0.0,1.0,0.0,0.0,0.0,0.0
7,160,10.524002831936764,8.373923702345971,0.0,1.0,0.0,1.0,0.0,0.0
8,160,5.003694388315301,12.0,1.0,0.0,0.0,1.0,0.0,0.0
9,160,5.505998900366292,3.8531224696366695,1.0,0.0,1.0,1.0,1.0,1.0
10,160,2.5898546879559907,5.062216643805016,1.0,0.0,1.0,0.0,0.0,0.0
11,160,7.123064682380166,9.536832555151433,0.0,0.0,0.0,0.0,1.0,0.0
12,160,8.114992958304569,0.0083852349636688,0.0,0.0,0.0,1.0,1.0,0.0
13,160,4.160561319631957,0.8232767561961523,0.0,0.0,0.0,0.0,1.0,0.0
14,160,1.703317728292931,0.0,0.0,1.0,0.0,1.0,0.0,0.0
0,165,2.093888506166813,9.322611081884316,0.0,1.0,1.0,0.0,1.0,1.0
1,165,12.0,7.941002877305388,0.0,0.0,0.0,0.0,0.0,1.0
2,165,5.95423245038092,10.112920450196617,0.0,1.0,1.0,1.0,0.0,1.0
3,165,10.928250461296113,12.0,0.0,1.0,0.0,1.0,0.0,0.0
4,165,0.9903235055234338,5.928300168656618,0.0,1.0,0.0,0.0,0.0,0.0
5,165,8.24624916309419,9.15067022619001,1.0,0.0,0.0,0.0,0.0,1.0
6,165,5.659211549075559,9.60763054174842,0.0,1.0,0.0,0.0,0.0,0.0
7,165,10.496212137541868,8.338125477373087,0.0,1.0,0.0,1.0,0.0,0.0
8,165,4.983261413172369,12.0,1.0,0.0,0.0,1.0,0.0,0.0
9,165,5.483809912470769,3.815697661657056,1.0,0.0,1.0,1.0,1.0,1.0
10,165,2.587294142030426,5.0711158198497,1.0,0.0,1.0,0.0,0.0,0.0
11,165,7.057358779573321,9.504195264661062,0.0,0.0,0.0,0.0,1.0,0.0
12,165,8.113405481639843,0.0115702486972713,0.0,0.0,0.0,1.0,1.0,0.0
13,165,4.156240311641643,0.8209334530552916,0.0,0.0,0.0,0.0,1.0,0.0
14,165,1.6922189936916356,0.0,0.0,1.0,0.0,1.0,0.0,0.0
0,170,2.0819257737955077,9.326915667300195,0.0,1.0,1.0,0.0,1.0,1.0
1,170,12.0,8.011420356182015,0.0,0.0,0.0,0.0,0.0,1.0
2,170,5.953705252703045,10.002563098837756,0.0,1.0,1.0,1.0,0.0,1.0
3,170,10.994163555390353,12.0,0.0,1.0,0.0,1.0,0.0,0.0
4,170,0.9473514400815102,5.927899048679263,0.0,1.0,0.0,0.0,0.0,0.0
5,170,8.322639052324693,9.241900406373045,1.0,0.0,0.0,0.0,0.0,1.0
6,170,5.601586481630888,9.6067275728437,0.0,1.0,0.0,0.0,0.0,0.0
7,170,10.46518273839073,8.29821509934341,0.0,1.0,0.0,1.0,0.0,0.0
8,170,4.968936973896015,12.0,1.0,0.0,0.0,1.0,0.0,0.0
9,170,5.456958299984626,3.769253239903729,1.0,0.0,1.0,1.0,1.0,1.0
10,170,2.5880926637947828,5.068014916516188,1.0,0.0,1.0,0.0,0.0,0.0
11,170,6.995487731464894,9.475321151063278,0.0,0.0,0.0,0.0,1.0,0.0
12,170,8.113434858945778,0.0115097837103575,0.0,0.0,0.0,1.0,1.0,0.0
13,170,4.142716458431048,0.8142281403962244,0.0,0.0,0.0,0.0,1.0,0.0
14,170,1.6796246859225703,0.0,0.0,1.0,0.0,1.0,0.0,0.0
0,175,2.0820881073491666,9.326854229784136,0.0,1.0,1.0,0.0,1.0,1.0
1,175,12.0,8.088516257272843,0.0,0.0,0.0,0.0,0.0,1.0
2,175,5.950268811761789,9.877748994825566,0.0,1.0,1.0,1.0,0.0,1.0
3,175,11.05612967086305,12.0,0.0,1.0,0.0,1.0,0.0,0.0
4,175,0.9075735880072348,5.927759742488152,0.0,1.0,0.0,0.0,0.0,0.0
5,175,8.397273288985328,9.333642371280195,1.0,0.0,0.0,0.0,0.0,1.0
6,175,5.567939657960758,9.60690592486806,0.0,1.0,0.0,0.0,0.0,0.0
7,175,10.4261162676364,8.24771197308392,0.0,1.0,0.0,1.0,0.0,0.0
8,175,4.960848257007575,12.0,1.0,0.0,0.0,1.0,0.0,0.0
9,175,5.427537426980127,3.7189269412334487,1.0,0.0,1.0,1.0,1.0,1.0
10,175,2.5924816304996163,5.049992272846962,1.0,0.0,1.0,0.0,0.0,0.0
11,175,6.940181668311248,9.450287600276438,0.0,0.0,0.0,0.0,1.0,0.0
12,175,8.10067895968708,0.0372966905041151,0.0,0.0,0.0,1.0,1.0,0.0
13,175,4.140681942559263,0.8132181971215522,0.0,0.0,0.0,0.0,1.0,0.0
14,175,1.662225910656566,0.0,0.0,1.0,0.0,1.0,0.0,0.0
0,180,2.1031457998507217,9.31924801465498,0.0,1.0,1.0,0.0,1.0,1.0
1,180,12.0,8.157185139228673,0.0,0.0,0.0,0.0,0.0,1.0
2,180,5.948267918397391,9.743750686939936,0.0,1.0,1.0,1.0,0.0,1.0
3,180,11.116703449609512,12.0,0.0,1.0,0.0,1.0,0.0,0.0
4,180,0.829138846308384,5.925703747080173,0.0,1.0,0.0,0.0,0.0,0.0
5,180,8.451365067309535,9.400634077959046,1.0,0.0,0.0,0.0,0.0,1.0
6,180,5.538598546654735,9.607484753402854,0.0,1.0,0.0,0.0,0.0,0.0
7,180,10.38413874755892,8.195781530889354,0.0,1.0,0.0,1.0,0.0,0.0
8,180,4.9440973389040925,12.0,1.0,0.0,0.0,1.0,0.0,0.0
9,180,5.405509587122526,3.6791605237321967,1.0,0.0,1.0,1.0,1.0,1.0
10,180,2.602744490944344,5.008147945293492,1.0,0.0,1.0,0.0,0.0,0.0
11,180,6.88270402772907,9.424350968938365,0.0,0.0,0.0,0.0,1.0,0.0
12,180,8.083100520121995,0.0736991000659739,0.0,0.0,0.0,1.0,1.0,0.0
13,180,4.143858586571703,0.8148087154124601,0.0,0.0,0.0,0.0,1.0,0.0
14,180,1.6472191128758118,0.0,0.0,1.0,0.0,1.0,0.0,0.0
0,185,2.1357650908293992,9.307431925242147,0.0,1.0,1.0,0.0,1.0,1.0
1,185,12.0,8.233297705495183,0.0,0.0,0.0,0.0,0.0,1.0
2,185,5.944577735707695,9.620536868270053,0.0,1.0,1.0,1.0,0.0,1.0
3,185,11.254656755028932,11.939384512754524,0.0,1.0,0.0,1.0,0.0,0.0
4,185,0.751963701464871,5.922851360485579,0.0,1.0,0.0,0.0,0.0,0.0
5,185,8.487737975533825,9.443070290483089,1.0,0.0,0.0,0.0,0.0,1.0
6,185,5.505280122935281,9.608807705509289,0.0,1.0,0.0,0.0,0.0,0.0
7,185,10.333918502075338,8.134841673518697,0.0,1.0,0.0,1.0,0.0,0.0
8,185,4.937182682050164,12.0,1.0,0.0,0.0,1.0,0.0,0.0
9,185,5.3883842896949465,3.650281378336624,1.0,0.0,1.0,1.0,1.0,1.0
10,185,2.611974729239844,4.9691313596218185,1.0,0.0,1.0,0.0,0.0,0.0
11,185,6.830360388965561,9.400372247741975,0.0,0.0,0.0,0.0,1.0,0.0
12,185,8.062914424466644,0.1160145370693099,0.0,0.0,0.0,1.0,1.0,0.0
13,185,4.162804865164877,0.8245344757675794,0.0,0.0,0.0,0.0,1.0,0.0
14,185,1.6315521867177063,0.0,0.0,1.0,0.0,1.0,0.0,0.0
0,190,2.161721580692109,9.298274959884411,0.0,1.0,1.0,0.0,1.0,1.0
1,190,12.0,8.30900198086937,0.0,0.0,0.0,0.0,0.0,1.0
2,190,5.940375459275488,9.501139876203723,0.0,1.0,1.0,1.0,0.0,1.0
3,190,11.417205156430816,11.862492334317484,0.0,1.0,0.0,1.0,0.0,0.0
4,190,0.6923140086813093,5.920967285815852,0.0,1.0,0.0,0.0,0.0,0.0
5,190,8.540193425089951,9.501822179920143,1.0,0.0,0.0,0.0,0.0,1.0
6,190,5.472083719655236,9.610888774697516,0.0,1.0,0.0,0.0,0.0,0.0
7,190,10.292334816884086,8.082660008196173,0.0,1.0,0.0,1.0,0.0,0.0
8,190,4.926849879239836,12.0,1.0,0.0,0.0,1.0,0.0,0.0
9,190,5.3698944798937776,3.6181885814628174,1.0,0.0,1.0,1.0,1.0,1.0
10,190,2.62128650947496,4.931206748723089,1.0,0.0,1.0,0.0,0.0,0.0
11,190,6.796580260278828,9.3845987753633,0.0,0.0,0.0,0.0,1.0,0.0
12,190,8.037485401677959,0.1681049023135178,0.0,0.0,0.0,1.0,1.0,0.0
13,190,4.186387628528381,0.8375247880406714,0.0,0.0,0.0,0.0,1.0,0.0
14,190,1.6188321229575686,0.0,0.0,1.0,0.0,1.0,0.0,0.0
0,195,2.197014216488844,9.285007783681236,0.0,1.0,1.0,0.0,1.0,1.0
1,195,12.0,8.38530185507719,0.0,0.0,0.0,0.0,0.0,1.0
2,195,5.934462768583401,9.384716566488423,0.0,1.0,1.0,1.0,0.0,1.0
3,195,11.543925923950765,11.805116468169516,0.0,1.0,0.0,1.0,0.0,0.0
4,195,0.6563220902191591,5.918102985588568,0.0,1.0,0.0,0.0,0.0,0.0
5,195,8.588736332893992,9.551366302777238,1.0,0.0,0.0,0.0,0.0,1.0
6,195,5.445895520748644,9.6117300043737,0.0,1.0,0.0,0.0,0.0,0.0
7,195,10.24931861877759,8.0293301041636,0.0,1.0,0.0,1.0,0.0,0.0
8,195,4.923754382831067,12.0,1.0,0.0,0.0,1.0,0.0,0.0
9,195,5.347935315332278,3.580673587787905,1.0,0.0,1.0,1.0,1.0,1.0
10,195,2.6272943533082627,4.904943496364921,1.0,0.0,1.0,0.0,0.0,0.0
11,195,6.771463338195002,9.371869545524618,0.0,0.0,0.0,0.0,1.0,0.0
12,195,8.006514052998742,0.2313538991522889,0.0,0.0,0.0,1.0,1.0,0.0
13,195,4.19477917927441,0.842209904417965,0.0,0.0,0.0,0.0,1.0,0.0
14,195,1.603608146402124,0.0,0.0,1.0,0.0,1.0,0.0,0.0
0,200,2.2320692537414746,9.272812509263684,0.0,1.0,1.0,0.0,1.0,1.0
1,200,12.0,8.463441337293597,0.0,0.0,0.0,0.0,0.0,1.0
2,200,5.928894716787224,9.276762080435828,0.0,1.0,1.0,1.0,0.0,1.0
3,200,11.692216371333284,11.734169426176372,0.0,1.0,0.0,1.0,0.0,0.0
4,200,0.6173928900952541,5.91461059557655,0.0,1.0,0.0,0.0,0.0,0.0
5,200,8.63045042410781,9.59502575436505,1.0,0.0,0.0,0.0,0.0,1.0
6,200,5.415667865428103,9.613481677075438,0.0,1.0,0.0,0.0,0.0,0.0
7,200,10.202086621960644,7.972342283890369,0.0,1.0,0.0,1.0,0.0,0.0
8,200,4.92082753751128,12.0,1.0,0.0,0.0,1.0,0.0,0.0
9,200,5.396854898808019,3.5535758339082806,1.0,0.0,1.0,1.0,1.0,1.0
10,200,2.6329569143847884,4.883216334326105,1.0,0.0,1.0,0.0,0.0,0.0
11,200,6.760995338075389,9.366979236429252,0.0,0.0,0.0,0.0,1.0,0.0
12,200,7.983205558342355,0.2841756607058858,0.0,0.0,0.0,1.0,1.0,0.0
13,200,4.178662905959343,0.8334360278104266,0.0,0.0,0.0,0.0,1.0,0.0
14,200,1.5846686022888232,0.0,0.0,1.0,0.0,1.0,0.0,0.0
0,205,2.2632287750510494,9.26306854255328,0.0,1.0,1.0,0.0,1.0,1.0
1,205,12.0,8.541101774241307,0.0,0.0,0.0,0.0,0.0,1.0
2,205,5.924713400657806,9.17068351601838,0.0,1.0,1.0,1.0,0.0,1.0
3,205,11.839827289828277,11.661506445177858,0.0,1.0,0.0,1.0,0.0,0.0
4,205,0.5645129139973863,5.909748593911451,0.0,1.0,0.0,0.0,0.0,0.0
5,205,8.67274059003901,9.638460026325587,1.0,0.0,0.0,0.0,0.0,1.0
6,205,5.391819812750058,9.61492599844313,0.0,1.0,0.0,0.0,0.0,0.0
7,205,10.161368891899256,7.922979573400528,0.0,1.0,0.0,1.0,0.0,0.0
8,205,4.923650281148388,11.993644598917744,1.0,0.0,0.0,1.0,0.0,0.0
9,205,5.4492946668938975,3.524482314026536,1.0,0.0,1.0,1.0,1.0,1.0
10,205,2.631996914767812,4.886984413351945,1.0,0.0,1.0,0.0,0.0,0.0
11,205,6.753365162980028,9.363493638883291,0.0,0.0,0.0,0.0,1.0,0.0
12,205,7.961062387223324,0.3331375455764258,0.0,0.0,0.0,1.0,1.0,0.0
13,205,4.152932702280985,0.8200797442320205,0.0,0.0,0.0,0.0,1.0,0.0
14,205,1.5681680353705885,0.0,0.0,1.0,0.0,1.0,0.0,0.0
0,210,2.294171499112766,9.25400138651051,0.0,1.0,1.0,0.0,1.0,1.0
1,210,12.0,8.619660059621259,0.0,0.0,0.0,0.0,0.0,1.0
2,210,5.922954333675206,9.078146439839337,0.0,1.0,1.0,1.0,0.0,1.0
3,210,11.967327951861948,11.602359697344047,0.0,1.0,0.0,1.0,0.0,0.0
4,210,0.5410885220201948,5.907731803036596,0.0,1.0,0.0,0.0,0.0,0.0
5,210,8.72166786020848,9.686898614022668,1.0,0.0,0.0,0.0,0.0,1.0
6,210,5.330208048625333,9.617167047295991,0.0,1.0,0.0,0.0,0.0,0.0
7,210,10.105275508027624,7.8597256309528625,0.0,1.0,0.0,1.0,0.0,0.0
8,210,4.921044339552471,11.999274440863518,1.0,0.0,0.0,1.0,0.0,0.0
9,210,5.504202297572175,3.4939953725230297,1.0,0.0,1.0,1.0,1.0,1.0
10,210,2.626329496324043,4.911199167771549,1.0,0.0,1.0,0.0,0.0,0.0
11,210,6.749741414614526,9.361804724861258,0.0,0.0,0.0,0.0,1.0,0.0
12,210,7.944942504567534,0.3690010117910266,0.0,0.0,0.0,1.0,1.0,0.0
13,210,4.125028872364917,0.8055562018726122,0.0,0.0,0.0,0.0,1.0,0.0
14,210,1.5501465673340906,0.0,0.0,1.0,0.0,1.0,0.0,0.0
0,215,2.3226799682427584,9.245199152646483,0.0,1.0,1.0,0.0,1.0,1.0
1,215,12.0,8.699864027525857,0.0,0.0,0.0,0.0,0.0,1.0
2,215,5.921914179262681,8.98931126425085,0.0,1.0,1.0,1.0,0.0,1.0
3,215,12.0,11.555252320382913,0.0,1.0,0.0,1.0,0.0,0.0
4,215,0.5180990655530526,5.905663582839694,0.0,1.0,0.0,0.0,0.0,0.0
5,215,8.778238742654738,9.742361567487675,1.0,0.0,0.0,0.0,0.0,1.0
6,215,5.267735043614268,9.619308234423888,0.0,1.0,0.0,0.0,0.0,0.0
7,215,10.050476027682354,7.794119954930627,0.0,1.0,0.0,1.0,0.0,0.0
8,215,4.913090265269829,12.0,1.0,0.0,0.0,1.0,0.0,0.0
9,215,5.582583533700121,3.4513631975002905,1.0,0.0,1.0,1.0,1.0,1.0
10,215,2.6245655279615927,4.918925959909134,1.0,0.0,1.0,0.0,0.0,0.0
11,215,6.742522611853943,9.358534535124202,0.0,0.0,0.0,0.0,1.0,0.0
12,215,7.930998273625912,0.398642612980158,0.0,0.0,0.0,1.0,1.0,0.0
13,215,4.073833540375561,0.7802786876324588,0.0,0.0,0.0,0.0,1.0,0.0
14,215,1.536693616767376,0.0,0.0,1.0,0.0,1.0,0.0,0.0
0,220,2.3560056982039788,9.235634487876585,0.0,1.0,1.0,0.0,1.0,1.0
1,220,12.0,8.777909715617849,0.0,0.0,0.0,0.0,0.0,1.0
2,220,5.919768082362033,8.897643343136405,0.0,1.0,1.0,1.0,0.0,1.0
3,220,12.0,11.50652429344141,0.0,1.0,0.0,1.0,0.0,0.0
4,220,0.5060393586398577,5.9049012155224565,0.0,1.0,0.0,0.0,0.0,0.0
5,220,8.857009115023715,9.817873944309628,1.0,0.0,0.0,0.0,0.0,1.0
6,220,5.222850735155693,9.62065356545433,0.0,1.0,0.0,0.0,0.0,0.0
7,220,9.980170154847473,7.706071748779792,0.0,1.0,0.0,1.0,0.0,0.0
8,220,4.897967105536769,12.0,1.0,0.0,0.0,1.0,0.0,0.0
9,220,5.676632683548071,3.399090550737088,1.0,0.0,1.0,1.0,1.0,1.0
10,220,2.616923900371289,4.953912657550645,1.0,0.0,1.0,0.0,0.0,0.0
11,220,6.754417777343747,9.363783051663509,0.0,0.0,0.0,0.0,1.0,0.0
12,220,7.917870648307768,0.426843378901672,0.0,0.0,0.0,1.0,1.0,0.0
13,220,4.025621790166035,0.7558561779913924,0.0,0.0,0.0,0.0,1.0,0.0
14,220,1.5224079613793944,0.0,0.0,1.0,0.0,1.0,0.0,0.0
0,225,2.388355888139841,9.227208921417516,0.0,1.0,1.0,0.0,1.0,1.0
1,225,12.0,8.851736515385618,0.0,0.0,0.0,0.0,0.0,1.0
2,225,5.917016479981476,8.818846109711075,0.0,1.0,1.0,1.0,0.0,1.0
3,225,12.0,11.454762811494666,0.0,1.0,0.0,1.0,0.0,0.0
4,225,0.5021280714649721,5.904707539976418,0.0,1.0,0.0,0.0,0.0,0.0
5,225,8.933122755244385,9.891895782667545,1.0,0.0,0.0,0.0,0.0,1.0
6,225,5.198080974925205,9.621829682485858,0.0,1.0,0.0,0.0,0.0,0.0
7,225,9.90110454365089,7.611400096948527,0.0,1.0,0.0,1.0,0.0,0.0
8,225,4.884871605454837,12.0,1.0,0.0,0.0,1.0,0.0,0.0
9,225,5.784327611612416,3.342609730758445,1.0,0.0,1.0,1.0,1.0,1.0
10,225,2.608863295887311,4.98805638692286,1.0,0.0,1.0,0.0,0.0,0.0
11,225,6.750249894211096,9.361893571575752,0.0,0.0,0.0,0.0,1.0,0.0
12,225,7.904279254462161,0.4536346377613635,0.0,0.0,0.0,1.0,1.0,0.0
13,225,3.985116890368805,0.7353309670147272,0.0,0.0,0.0,0.0,1.0,0.0
14,225,1.5043244418086477,0.0,0.0,1.0,0.0,1.0,0.0,0.0
0,230,2.4306988447182887,9.217267274509917,0.0,1.0,1.0,0.0,1.0,1.0
1,230,12.0,8.927057235651626,0.0,0.0,0.0,0.0,0.0,1.0
2,230,5.9127371988262345,8.761880613997585,0.0,1.0,1.0,1.0,0.0,1.0
3,230,12.0,11.401409930661371,0.0,1.0,0.0,1.0,0.0,0.0
4,230,0.508041559676382,5.9049897635471655,0.0,1.0,0.0,0.0,0.0,0.0
5,230,9.019046756484626,9.978618323826767,1.0,0.0,0.0,0.0,0.0,1.0
6,230,5.1970292969552006,9.621865800754763,0.0,1.0,0.0,0.0,0.0,0.0
7,230,9.830241546963308,7.524730976077801,0.0,1.0,0.0,1.0,0.0,0.0
8,230,4.871364912297125,12.0,1.0,0.0,0.0,1.0,0.0,0.0
9,230,5.907250566319253,3.2779086438450107,1.0,0.0,1.0,1.0,1.0,1.0
10,230,2.60406879476493,5.006199118770929,1.0,0.0,1.0,0.0,0.0,0.0
11,230,6.75056183263589,9.362045656125492,0.0,0.0,0.0,0.0,1.0,0.0
12,230,7.886095966421492,0.4911307785430637,0.0,0.0,0.0,1.0,1.0,0.0
13,230,3.932504839588825,0.709530063916378,0.0,0.0,0.0,0.0,1.0,0.0
14,230,1.4874508329413625,0.0,0.0,1.0,0.0,1.0,0.0,0.0
0,235,2.454450251385511,9.212105472243254,0.0,1.0,1.0,0.0,1.0,1.0
1,235,12.0,9.010930515950106,0.0,0.0,0.0,0.0,0.0,1.0
2,235,5.90899573498114,8.712977258432613,0.0,1.0,1.0,1.0,0.0,1.0
3,235,12.0,11.351983772069724,0.0,1.0,0.0,1.0,0.0,0.0
4,235,0.5193082699416405,5.905596580832161,0.0,1.0,0.0,0.0,0.0,0.0
5,235,9.098140781319458,10.054245469270713,1.0,0.0,0.0,0.0,0.0,1.0
6,235,5.189177783117469,9.621908162674526,0.0,1.0,0.0,0.0,0.0,0.0
7,235,9.755972730848304,7.4319109323537775,0.0,1.0,0.0,1.0,0.0,0.0
8,235,4.84628675037792,12.0,1.0,0.0,0.0,1.0,0.0,0.0
9,235,6.01014739775361,3.2191638006804544,1.0,0.0,1.0,1.0,1.0,1.0
10,235,2.59886116333074,5.024661079830774,1.0,0.0,1.0,0.0,0.0,0.0
11,235,6.7630786470941855,9.368115972035152,0.0,0.0,0.0,0.0,1.0,0.0
12,235,7.867687184077227,0.5304171211892641,0.0,0.0,0.0,1.0,1.0,0.0
13,235,3.887884814240752,0.6883695446165676,0.0,0.0,0.0,0.0,1.0,0.0
14,235,1.4725629966157363,0.0,0.0,1.0,0.0,1.0,0.0,0.0
0,240,2.488436085615686,9.204439371164865,0.0,1.0,1.0,0.0,1.0,1.0
1,240,12.0,9.094011227109975,0.0,0.0,0.0,0.0,0.0,1.0
2,240,5.90578756350855,8.669910638300097,0.0,1.0,1.0,1.0,0.0,1.0
3,240,12.0,11.300950375646872,0.0,1.0,0.0,1.0,0.0,0.0
4,240,0.5104755308142837,5.904780047482408,0.0,1.0,0.0,0.0,0.0,0.0
5,240,9.178468715815756,10.131493352265958,1.0,0.0,0.0,0.0,0.0,1.0
6,240,5.167707291001999,9.622450989666556,0.0,1.0,0.0,0.0,0.0,0.0
7,240,9.677924726065458,7.33963067026185,0.0,1.0,0.0,1.0,0.0,0.0
8,240,4.828149861320674,12.0,1.0,0.0,0.0,1.0,0.0,0.0
9,240,6.115153662521524,3.1591366727477523,1.0,0.0,1.0,1.0,1.0,1.0
10,240,2.592687925466933,5.048738574574324,1.0,0.0,1.0,0.0,0.0,0.0
11,240,6.762374505120855,9.36772151644261,0.0,0.0,0.0,0.0,1.0,0.0
12,240,7.853862048542282,0.5594740801095397,0.0,0.0,0.0,1.0,1.0,0.0
13,240,3.842478439171573,0.6678706307556794,0.0,0.0,0.0,0.0,1.0,0.0
14,240,1.4588347687514849,0.0,0.0,1.0,0.0,1.0,0.0,0.0
0,245,2.533523223362638,9.19544992996076,0.0,1.0,1.0,0.0,1.0,1.0
1,245,12.0,9.167635237323973,0.0,0.0,0.0,0.0,0.0,1.0
2,245,5.901800388928033,8.611006474595944,0.0,1.0,1.0,1.0,0.0,1.0
3,245,12.0,11.25232070322269,0.0,1.0,0.0,1.0,0.0,0.0
4,245,0.5124645268225633,5.90499176751051,0.0,1.0,0.0,0.0,0.0,0.0
5,245,9.25204128237646,10.20335109103023,1.0,0.0,0.0,0.0,0.0,1.0
6,245,5.1468629651544,9.622956621940226,0.0,1.0,0.0,0.0,0.0,0.0
7,245,9.600641893367465,7.249613144689423,0.0,1.0,0.0,1.0,0.0,0.0
8,245,4.79643747241149,12.0,1.0,0.0,0.0,1.0,0.0,0.0
9,245,6.208671089177015,3.1117873572838795,1.0,0.0,1.0,1.0,1.0,1.0
10,245,2.581134510714921,5.088923258725803,1.0,0.0,1.0,0.0,0.0,0.0
11,245,6.7581459727937565,9.365363266303016,0.0,0.0,0.0,0.0,1.0,0.0
12,245,7.849050911962389,0.5698124151131387,0.0,0.0,0.0,1.0,1.0,0.0
13,245,3.793545582527816,0.645806573269989,0.0,0.0,0.0,0.0,1.0,0.0
14,245,1.4489573840733003,0.0,0.0,1.0,0.0,1.0,0.0,0.0
0,250,2.5865379419607124,9.183550137133976,0.0,1.0,1.0,0.0,1.0,1.0
1,250,12.0,9.248473267166236,0.0,0.0,0.0,0.0,0.0,1.0
2,250,5.900208766227818,8.572141687264061,0.0,1.0,1.0,1.0,0.0,1.0
3,250,12.0,11.195050914704057,0.0,1.0,0.0,1.0,0.0,0.0
4,250,0.5062483086990075,5.904216763297081,0.0,1.0,0.0,0.0,0.0,0.0
5,250,9.185585171088468,10.27550123351315,1.0,0.0,0.0,0.0,0.0,1.0
6,250,5.136493260966516,9.623004964142494,0.0,1.0,0.0,0.0,0.0,0.0
7,250,9.518892293317034,7.159869565697284,0.0,1.0,0.0,1.0,0.0,0.0
8,250,4.767578488189973,12.0,1.0,0.0,0.0,1.0,0.0,0.0
9,250,6.311916908280517,3.0623501507794386,1.0,0.0,1.0,1.0,1.0,1.0
10,250,2.566632012507265,5.137041783775119,1.0,0.0,1.0,0.0,0.0,0.0
11,250,6.758128894410212,9.365353700178511,0.0,0.0,0.0,0.0,1.0,0.0
12,250,7.847771412812952,0.5724376776240279,0.0,0.0,0.0,1.0,1.0,0.0
13,250,3.757602244747844,0.6292068874891679,0.0,0.0,0.0,0.0,1.0,0.0
14,250,1.440605666705454,0.0,0.0,1.0,0.0,1.0,0.0,0.0
0,255,2.651883747909897,9.168101318470196,0.0,1.0,1.0,0.0,1.0,1.0
1,255,12.0,9.327639403817866,0.0,0.0,0.0,0.0,0.0,1.0
2,255,5.89911715188633,8.527456537059114,0.0,1.0,1.0,1.0,0.0,1.0
3,255,12.0,11.132471992804934,0.0,1.0,0.0,1.0,0.0,0.0
4,255,0.5048629364972476,5.904032919818437,0.0,1.0,0.0,0.0,0.0,0.0
5,255,9.121476678323424,10.345254174351492,1.0,0.0,0.0,0.0,0.0,1.0
6,255,5.102595466116116,9.623998066512328,0.0,1.0,0.0,0.0,0.0,0.0
7,255,9.445988792213008,7.081646491214422,0.0,1.0,0.0,1.0,0.0,0.0
8,255,4.736422976630035,12.0,1.0,0.0,0.0,1.0,0.0,0.0
9,255,6.396218411482211,3.0217258682810333,1.0,0.0,1.0,1.0,1.0,1.0
10,255,2.5533438591266244,5.18007776992804,1.0,0.0,1.0,0.0,0.0,0.0
11,255,6.7517279304832405,9.361606120068474,0.0,0.0,0.0,0.0,1.0,0.0
12,255,7.854048871792088,0.559406562864132,0.0,0.0,0.0,1.0,1.0,0.0
13,255,3.7040631308400833,0.6036086297832025,0.0,0.0,0.0,0.0,1.0,0.0
14,255,1.4276347320629768,0.0,0.0,1.0,0.0,1.0,0.0,0.0
0,260,2.705488810215218,9.15420265335391,0.0,1.0,1.0,0.0,1.0,1.0
1,260,12.0,9.404881964937005,0.0,0.0,0.0,0.0,0.0,1.0
2,260,5.899796456359669,8.46443429792299,0.0,1.0,1.0,1.0,0.0,1.0
3,260,12.0,11.06487475617849,0.0,1.0,0.0,1.0,0.0,0.0
4,260,0.501904951354456,5.90368137214327,0.0,1.0,0.0,0.0,0.0,0.0
5,260,9.053832950999189,10.419924875786418,1.0,0.0,0.0,0.0,0.0,1.0
6,260,5.076592854484688,9.625175930236129,0.0,1.0,0.0,0.0,0.0,0.0
7,260,9.390613116284758,7.020894787740797,0.0,1.0,0.0,1.0,0.0,0.0
8,260,4.703451588133493,12.0,1.0,0.0,0.0,1.0,0.0,0.0
9,260,6.495718269447445,2.9742594839685346,1.0,0.0,1.0,1.0,1.0,1.0
10,260,2.538934653155954,5.222806816016064,1.0,0.0,1.0,0.0,0.0,0.0
11,260,6.733818338829755,9.350703389630883,0.0,0.0,0.0,0.0,1.0,0.0
12,260,7.860749484866303,0.5464297682200333,0.0,0.0,0.0,1.0,1.0,0.0
13,260,3.647912280223434,0.574956092126773,0.0,0.0,0.0,0.0,1.0,0.0
14,260,1.4209739075700931,0.0,0.0,1.0,0.0,1.0,0.0,0.0
0,265,2.763178106616656,9.139049767399246,0.0,1.0,1.0,0.0,1.0,1.0
1,265,12.0,9.47330264365929,0.0,0.0,0.0,0.0,0.0,1.0
2,265,5.900302744347528,8.408856053617868,0.0,1.0,1.0,1.0,0.0,1.0
3,265,12.0,11.002241939029144,0.0,1.0,0.0,1.0,0.0,0.0
4,265,0.4945036795796854,5.90272087597518,0.0,1.0,0.0,0.0,0.0,0.0
5,265,8.998798791176693,10.481818214243589,1.0,0.0,0.0,0.0,0.0,1.0
6,265,5.040431577231285,9.62745693729535,0.0,1.0,0.0,0.0,0.0,0.0
7,265,9.338147323429132,6.962610846902576,0.0,1.0,0.0,1.0,0.0,0.0
8,265,4.68640884355003,12.0,1.0,0.0,0.0,1.0,0.0,0.0
9,265,6.582345039297974,2.935146409653444,1.0,0.0,1.0,1.0,1.0,1.0
10,265,2.5282746935224854,5.25534359001115,1.0,0.0,1.0,0.0,0.0,0.0
11,265,6.697760369821082,9.327842708815844,0.0,0.0,0.0,0.0,1.0,0.0
12,265,7.868252401325653,0.5314084808735856,0.0,0.0,0.0,1.0,1.0,0.0
13,265,3.5778368979192576,0.5379367630232272,0.0,0.0,0.0,0.0,1.0,0.0
14,265,1.419778667671276,0.0,0.0,1.0,0.0,1.0,0.0,0.0
0,270,2.821542357588661,9.123802883444402,0.0,1.0,1.0,0.0,1.0,1.0
1,270,12.0,9.54808170606171,0.0,0.0,0.0,0.0,0.0,1.0
2,270,5.899981071980428,8.361343596117399,0.0,1.0,1.0,1.0,0.0,1.0
3,270,12.0,10.93976671695599,0.0,1.0,0.0,1.0,0.0,0.0
4,270,0.4916688459320898,5.902271218021314,0.0,1.0,0.0,0.0,0.0,0.0
5,270,8.94552479359337,10.54467320777226,1.0,0.0,0.0,0.0,0.0,1.0
6,270,4.9920894468042,9.630249473839076,0.0,1.0,0.0,0.0,0.0,0.0
7,270,9.280462207726767,6.894241687870311,0.0,1.0,0.0,1.0,0.0,0.0
8,270,4.671563626391776,12.0,1.0,0.0,0.0,1.0,0.0,0.0
9,270,6.662592174347072,2.8974142594014225,1.0,0.0,1.0,1.0,1.0,1.0
10,270,2.524916294449632,5.266392245888492,1.0,0.0,1.0,0.0,0.0,0.0
11,270,6.649262481745121,9.299140100177349,0.0,0.0,0.0,0.0,1.0,0.0
12,270,7.874534076523226,0.5191348136296504,0.0,0.0,0.0,1.0,1.0,0.0
13,270,3.5221463867519827,0.508589570489799,0.0,0.0,0.0,0.0,1.0,0.0
14,270,1.4265924641040133,0.0,0.0,1.0,0.0,1.0,0.0,0.0
0,275,2.874810973134129,9.11014366161765,0.0,1.0,1.0,0.0,1.0,1.0
1,275,12.0,9.63167652346605,0.0,0.0,0.0,0.0,0.0,1.0
2,275,5.899246590787014,8.326268656518975,0.0,1.0,1.0,1.0,0.0,1.0
3,275,12.0,10.872790505025211,0.0,1.0,0.0,1.0,0.0,0.0
4,275,0.4869932557767373,5.9015737167205895,0.0,1.0,0.0,0.0,0.0,0.0
5,275,8.89232616441212,10.612282271414603,1.0,0.0,0.0,0.0,0.0,1.0
6,275,4.941168740273681,9.632217007639902,0.0,1.0,0.0,0.0,0.0,0.0
7,275,9.239127962446943,6.84307967823845,0.0,1.0,0.0,1.0,0.0,0.0
8,275,4.65937094636249,12.0,1.0,0.0,0.0,1.0,0.0,0.0
9,275,6.735936789027481,2.861923917969301,1.0,0.0,1.0,1.0,1.0,1.0
10,275,2.5342663126786453,5.235660798601392,1.0,0.0,1.0,0.0,0.0,0.0
11,275,6.5730547393212,9.25432370007448,0.0,0.0,0.0,0.0,1.0,0.0
12,275,7.890196481689644,0.4904029202547937,0.0,0.0,0.0,1.0,1.0,0.0
13,275,3.463592166812512,0.4771633590421289,0.0,0.0,0.0,0.0,1.0,0.0
14,275,1.437451875101435,0.0,0.0,1.0,0.0,1.0,0.0,0.0
0,280,2.9269470332993577,9.097381201468568,0.0,1.0,1.0,0.0,1.0,1.0
1,280,12.0,9.719872478151869,0.0,0.0,0.0,0.0,0.0,1.0
2,280,5.897869940038112,8.28931291082666,0.0,1.0,1.0,1.0,0.0,1.0
3,280,12.0,10.807410034326558,0.0,1.0,0.0,1.0,0.0,0.0
4,280,0.4818139420491426,5.900880109584034,0.0,1.0,0.0,0.0,0.0,0.0
5,280,8.8358204343081,10.683865937320506,1.0,0.0,0.0,0.0,0.0,1.0
6,280,4.89704035546558,9.633052800602536,0.0,1.0,0.0,0.0,0.0,0.0
7,280,9.209736228995316,6.807013358475653,0.0,1.0,0.0,1.0,0.0,0.0
8,280,4.63267584072403,12.0,1.0,0.0,0.0,1.0,0.0,0.0
9,280,6.782308421687658,2.8385877201941976,1.0,0.0,1.0,1.0,1.0,1.0
10,280,2.552284019236174,5.178888353858389,1.0,0.0,1.0,0.0,0.0,0.0
11,280,6.498591490031946,9.21086188254503,0.0,0.0,0.0,0.0,1.0,0.0
12,280,7.851122060936728,0.4691983846355161,0.0,0.0,0.0,1.0,1.0,0.0
13,280,3.3956408626900423,0.4421472823096981,0.0,0.0,0.0,0.0,1.0,0.0
14,280,1.4487386285830508,0.0,0.0,1.0,0.0,1.0,0.0,0.0
0,285,2.982731607794965,9.083966380998838,0.0,1.0,1.0,0.0,1.0,1.0
1,285,12.0,9.812569782317862,0.0,0.0,0.0,0.0,0.0,1.0
2,285,5.896644088646864,8.254796784779273,0.0,1.0,1.0,1.0,0.0,1.0
3,285,12.0,10.748614205440022,0.0,1.0,0.0,1.0,0.0,0.0
4,285,0.4913646165067432,5.90209928734112,0.0,1.0,0.0,0.0,0.0,0.0
5,285,8.774701889660218,10.763931185036146,1.0,0.0,0.0,0.0,0.0,1.0
6,285,4.869672935383292,9.633064505753932,0.0,1.0,0.0,0.0,0.0,0.0
7,285,9.179562140018051,6.767687501255938,0.0,1.0,0.0,1.0,0.0,0.0
8,285,4.605473284006885,12.0,1.0,0.0,0.0,1.0,0.0,0.0
9,285,6.814902356104598,2.821343505799584,1.0,0.0,1.0,1.0,1.0,1.0
10,285,2.5727094311444625,5.116257246279849,1.0,0.0,1.0,0.0,0.0,0.0
11,285,6.416912908809916,9.163806781891887,0.0,0.0,0.0,0.0,1.0,0.0
12,285,7.795868092607893,0.4418623076135144,0.0,0.0,0.0,1.0,1.0,0.0
13,285,3.330508323177719,0.4077273443056395,0.0,0.0,0.0,0.0,1.0,0.0
14,285,1.461017376398411,0.0,0.0,1.0,0.0,1.0,0.0,0.0
0,290,3.0144335314806283,9.076344631317257,0.0,1.0,1.0,0.0,1.0,1.0
1,290,12.0,9.909037314457688,0.0,0.0,0.0,0.0,0.0,1.0
2,290,5.8949848446934805,8.226263972354513,0.0,1.0,1.0,1.0,0.0,1.0
3,290,12.0,10.68492189465546,0.0,1.0,0.0,1.0,0.0,0.0
4,290,0.4778339566793052,5.900415699525906,0.0,1.0,0.0,0.0,0.0,0.0
5,290,8.694547874004861,10.869945360364705,1.0,0.0,0.0,0.0,0.0,1.0
6,290,4.843372647335227,9.632859361975871,0.0,1.0,0.0,0.0,0.0,0.0
7,290,9.145108141375776,6.721472214302001,0.0,1.0,0.0,1.0,0.0,0.0
8,290,4.586412200672212,12.0,1.0,0.0,0.0,1.0,0.0,0.0
9,290,6.852894882913988,2.801341599436729,1.0,0.0,1.0,1.0,1.0,1.0
10,290,2.584295365213415,5.081795928403847,1.0,0.0,1.0,0.0,0.0,0.0
11,290,6.343679205795951,9.12036091805878,0.0,0.0,0.0,0.0,1.0,0.0
12,290,7.749437416033515,0.4187001012816538,0.0,0.0,0.0,1.0,1.0,0.0
13,290,3.275465999765192,0.3782541670793937,0.0,0.0,0.0,0.0,1.0,0.0
14,290,1.477388239560506,0.0,0.0,1.0,0.0,1.0,0.0,0.0
0,295,3.054034458942884,9.06666548832606,0.0,1.0,1.0,0.0,1.0,1.0
1,295,12.0,9.989903609197729,0.0,0.0,0.0,0.0,0.0,1.0
2,295,5.894165626700414,8.208987899245479,0.0,1.0,1.0,1.0,0.0,1.0
3,295,12.0,10.626663168406244,0.0,1.0,0.0,1.0,0.0,0.0
4,295,0.4498688427088069,5.897398105115343,0.0,1.0,0.0,0.0,0.0,0.0
5,295,8.612776614647563,10.984686443811231,1.0,0.0,0.0,0.0,0.0,1.0
6,295,4.8319008371914,9.632577039684326,0.0,1.0,0.0,0.0,0.0,0.0
7,295,9.095434197765346,6.655858134355172,0.0,1.0,0.0,1.0,0.0,0.0
8,295,4.566484646193927,12.0,1.0,0.0,0.0,1.0,0.0,0.0
9,295,6.87805858333193,2.7886069916366165,1.0,0.0,1.0,1.0,1.0,1.0
10,295,2.594661753467405,5.047919276718103,1.0,0.0,1.0,0.0,0.0,0.0
11,295,6.267526311659172,9.079492974040049,0.0,0.0,0.0,0.0,1.0,0.0
12,295,7.6806569660626,0.3853708115329395,0.0,0.0,0.0,1.0,1.0,0.0
13,295,3.2267702276500128,0.3506918238427505,0.0,0.0,0.0,0.0,1.0,0.0
14,295,1.4981995877784458,0.0,0.0,1.0,0.0,1.0,0.0,0.0
