0,0,9.9831666685253,0.0,0.0,0.0,0.0,0.0,1.0,0.0
1,0,1.0573228361856293,6.969719725598717,0.0,1.0,0.0,0.0,0.0,1.0
2,0,7.981364890885947,5.946482873434413,0.0,1.0,0.0,0.0,0.0,0.0
3,0,6.059856143486574,9.01511908187571,0.0,0.0,1.0,0.0,0.0,1.0
4,0,7.042121735067799,6.05932491646049,1.0,0.0,1.0,1.0,0.0,1.0
5,0,10.97711029388376,2.031441888412224,0.0,0.0,1.0,1.0,0.0,0.0
6,0,4.931963281639568,2.002750875764518,0.0,1.0,1.0,1.0,0.0,0.0
7,0,11.03250279551392,7.9783102666404195,1.0,0.0,0.0,0.0,0.0,1.0
8,0,11.97202696527371,3.952739609845651,1.0,0.0,1.0,0.0,1.0,1.0
9,0,8.056893926428398,7.0305271054293925,0.0,0.0,0.0,1.0,0.0,0.0
10,0,6.982267073119489,9.972522299894628,0.0,0.0,1.0,0.0,0.0,0.0
11,0,8.037637413913105,11.966012826660084,0.0,0.0,0.0,0.0,1.0,1.0
12,0,10.94857461049406,10.96539259104714,1.0,0.0,0.0,1.0,1.0,1.0
13,0,0.9562941359181124,12.0,0.0,0.0,1.0,0.0,1.0,1.0
14,0,4.988389494752105,6.052300383285417,0.0,0.0,0.0,1.0,0.0,0.0
0,5,9.966848829946326,0.0,0.0,0.0,0.0,0.0,1.0,0.0
1,5,1.112305334860364,6.9395873822172,0.0,1.0,0.0,0.0,0.0,1.0
2,5,7.969579194077266,5.9096188613796,0.0,1.0,0.0,0.0,0.0,0.0
3,5,6.0946295421055465,9.024773879308755,0.0,0.0,1.0,0.0,0.0,1.0
4,5,7.089176671375263,6.121377793009422,1.0,0.0,1.0,1.0,0.0,1.0
5,5,10.95075541138455,2.068101589555753,0.0,0.0,1.0,1.0,0.0,0.0
6,5,4.889560975853766,2.0051381758405435,0.0,1.0,1.0,1.0,0.0,0.0
7,5,11.078805169610629,7.946259555296836,1.0,0.0,0.0,0.0,0.0,1.0
8,5,11.943740439173482,3.904770292086149,1.0,0.0,1.0,0.0,1.0,1.0
9,5,8.091281958118339,7.050472834546536,0.0,0.0,0.0,1.0,0.0,0.0
10,5,6.964256041621326,9.946206964808043,0.0,0.0,1.0,0.0,0.0,0.0
11,5,8.05778585728797,11.948797498702929,0.0,0.0,0.0,0.0,1.0,1.0
12,5,10.901947678867314,10.934593939489814,1.0,0.0,0.0,1.0,1.0,1.0
13,5,0.9072882866767462,12.0,0.0,0.0,1.0,0.0,1.0,1.0
14,5,4.97312427759962,6.120057911176445,0.0,0.0,0.0,1.0,0.0,0.0
0,10,9.952692299895483,0.0,0.0,0.0,0.0,0.0,1.0,0.0
1,10,1.1629393780943642,6.913628542037998,0.0,1.0,0.0,0.0,0.0,1.0
2,10,7.959101425846698,5.875208260753245,0.0,1.0,0.0,0.0,0.0,0.0
3,10,6.120102278207331,9.03122701488852,0.0,0.0,1.0,0.0,0.0,1.0
4,10,7.145767419025989,6.195288464188577,1.0,0.0,1.0,1.0,0.0,1.0
5,10,10.929368776988564,2.098758466857011,0.0,0.0,1.0,1.0,0.0,0.0
6,10,4.852120479124979,2.0067113653002777,0.0,1.0,1.0,1.0,0.0,0.0
7,10,11.121217829192505,7.914268161762604,1.0,0.0,0.0,0.0,0.0,1.0
8,10,11.906466880532824,3.841665123103101,1.0,0.0,1.0,0.0,1.0,1.0
9,10,8.117283945687113,7.065092726577776,0.0,0.0,0.0,1.0,0.0,0.0
10,10,6.940115244654396,9.91256715746968,0.0,0.0,1.0,0.0,0.0,0.0
11,10,8.07141369400837,11.936617452584883,0.0,0.0,0.0,0.0,1.0,1.0
12,10,10.858720537309573,10.904933964001016,1.0,0.0,0.0,1.0,1.0,1.0
13,10,0.8789394809546843,12.0,0.0,0.0,1.0,0.0,1.0,1.0
14,10,4.950204828140984,6.224385840589741,0.0,0.0,0.0,1.0,0.0,0.0
0,15,9.941726982884427,0.0,0.0,0.0,0.0,0.0,1.0,0.0
1,15,1.2045894356624895,6.8938097288965965,0.0,1.0,0.0,0.0,0.0,1.0
2,15,7.948500046704685,5.839460836623116,0.0,1.0,0.0,0.0,0.0,0.0
3,15,6.150356422405995,9.039047943831235,0.0,0.0,1.0,0.0,0.0,1.0
4,15,7.211957502415737,6.280896756471195,1.0,0.0,1.0,1.0,0.0,1.0
5,15,10.911036641134574,2.124752922997222,0.0,0.0,1.0,1.0,0.0,0.0
6,15,4.809746790335893,2.008419356107472,0.0,1.0,1.0,1.0,0.0,0.0
7,15,11.13670411269528,7.90276750080537,1.0,0.0,0.0,0.0,0.0,1.0
8,15,11.862656867700665,3.768354063785716,1.0,0.0,1.0,0.0,1.0,1.0
9,15,8.145420978499017,7.080689585996176,0.0,0.0,0.0,1.0,0.0,0.0
10,15,6.918059341674728,9.881795834841755,0.0,0.0,1.0,0.0,0.0,0.0
11,15,8.076337601792703,11.932184905603064,0.0,0.0,0.0,0.0,1.0,1.0
12,15,10.809917609357466,10.873223641697258,1.0,0.0,0.0,1.0,1.0,1.0
13,15,0.872395849092188,12.0,0.0,0.0,1.0,0.0,1.0,1.0
14,15,4.928248952985913,6.324143860899698,0.0,0.0,0.0,1.0,0.0,0.0
0,20,9.934681427515022,0.0,0.0,0.0,0.0,0.0,1.0,0.0
1,20,1.2316668540873332,6.879992857941089,0.0,1.0,0.0,0.0,0.0,1.0
2,20,7.93265787300091,5.78384429505566,0.0,1.0,0.0,0.0,0.0,0.0
3,20,6.178131354581439,9.046210939433804,0.0,0.0,1.0,0.0,0.0,1.0
4,20,7.277357127034016,6.370343013126784,1.0,0.0,1.0,1.0,0.0,1.0
5,20,10.88954427921697,2.1551132839666858,0.0,0.0,1.0,1.0,0.0,0.0
6,20,4.763962427393425,2.0097050687782207,0.0,1.0,1.0,1.0,0.0,0.0
7,20,11.16102506020627,7.88322404061454,1.0,0.0,0.0,0.0,0.0,1.0
8,20,11.82213885667126,3.696929166874797,1.0,0.0,1.0,0.0,1.0,1.0
9,20,8.170502276124829,7.094474619688934,0.0,0.0,0.0,1.0,0.0,0.0
10,20,6.898014200521393,9.85425624131528,0.0,0.0,1.0,0.0,0.0,0.0
11,20,8.084813154599324,11.924726061945266,0.0,0.0,0.0,0.0,1.0,1.0
12,20,10.74808596555158,10.834306555967784,1.0,0.0,0.0,1.0,1.0,1.0
13,20,0.8474375805249612,12.0,0.0,0.0,1.0,0.0,1.0,1.0
14,20,4.910192437344726,6.417663098970961,0.0,0.0,0.0,1.0,0.0,0.0
0,25,9.929702308757411,0.0,0.0,0.0,0.0,0.0,1.0,0.0
1,25,1.240940922615942,6.875486761908524,0.0,1.0,0.0,0.0,0.0,1.0
2,25,7.917175922481193,5.726179463831093,0.0,1.0,0.0,0.0,0.0,0.0
3,25,6.185557531898668,9.048090918182902,0.0,0.0,1.0,0.0,0.0,1.0
4,25,7.337331592926595,6.450146664061407,1.0,0.0,1.0,1.0,0.0,1.0
5,25,10.87319715990994,2.178290925769437,0.0,0.0,1.0,1.0,0.0,0.0
6,25,4.734197749369539,2.010732825001449,0.0,1.0,1.0,1.0,0.0,0.0
7,25,11.20183971398779,7.850362709692634,1.0,0.0,0.0,0.0,0.0,1.0
8,25,11.76805279240529,3.607161185715693,1.0,0.0,1.0,0.0,1.0,1.0
9,25,8.189473744476865,7.104596205822026,0.0,0.0,0.0,1.0,0.0,0.0
10,25,6.877461383136207,9.824683920094802,0.0,0.0,1.0,0.0,0.0,0.0
11,25,8.071629789318683,11.936002560908266,0.0,0.0,0.0,0.0,1.0,1.0
12,25,10.681824909753356,10.793188802677452,1.0,0.0,0.0,1.0,1.0,1.0
13,25,0.8292027722664035,12.0,0.0,0.0,1.0,0.0,1.0,1.0
14,25,4.889904773167204,6.509926803874845,0.0,0.0,0.0,1.0,0.0,0.0
0,30,9.920978126868317,0.0,0.0,0.0,0.0,0.0,1.0,0.0
1,30,1.2466185604186744,6.887707084694411,0.0,1.0,0.0,0.0,0.0,1.0
2,30,7.9004917120334595,5.662859739024548,0.0,1.0,0.0,0.0,0.0,0.0
3,30,6.17568461821772,9.045590309235989,0.0,0.0,1.0,0.0,0.0,1.0
4,30,7.393813222358544,6.525351698673384,1.0,0.0,1.0,1.0,0.0,1.0
5,30,10.86849088347139,2.1854627209699253,0.0,0.0,1.0,1.0,0.0,0.0
6,30,4.693367349617521,2.0128627065942606,0.0,1.0,1.0,1.0,0.0,0.0
7,30,11.235183920341449,7.824908955156983,1.0,0.0,0.0,0.0,0.0,1.0
8,30,11.70865326733871,3.506457268562537,1.0,0.0,1.0,0.0,1.0,1.0
9,30,8.197859772567485,7.108854100986823,0.0,0.0,0.0,1.0,0.0,0.0
10,30,6.861597377417577,9.802987296058223,0.0,0.0,1.0,0.0,0.0,0.0
11,30,8.047332193484886,11.956199043380185,0.0,0.0,0.0,0.0,1.0,1.0
12,30,10.626267768041444,10.758539006588816,1.0,0.0,0.0,1.0,1.0,1.0
13,30,0.7826196916128789,12.0,0.0,0.0,1.0,0.0,1.0,1.0
14,30,4.8701166925130215,6.6098470938786535,0.0,0.0,0.0,1.0,0.0,0.0
0,35,9.91536194202375,0.0,0.0,0.0,0.0,0.0,1.0,0.0
1,35,1.2458645128319157,6.886101484357626,0.0,1.0,0.0,0.0,0.0,1.0
2,35,7.883053262567983,5.6014225173331385,0.0,1.0,0.0,0.0,0.0,0.0
3,35,6.166093107453409,9.043215467971551,0.0,0.0,1.0,0.0,0.0,1.0
4,35,7.435731649358425,6.585882925221847,1.0,0.0,1.0,1.0,0.0,1.0
5,35,10.863295513618256,2.1937884835867987,0.0,0.0,1.0,1.0,0.0,0.0
6,35,4.652979072965146,2.015039101294425,0.0,1.0,1.0,1.0,0.0,0.0
7,35,11.280112013500592,7.78910176344279,1.0,0.0,0.0,0.0,0.0,1.0
8,35,11.642141626427858,3.3979863921252096,1.0,0.0,1.0,0.0,1.0,1.0
9,35,8.203251793748349,7.1114789249762485,0.0,0.0,0.0,1.0,0.0,0.0
10,35,6.838323859371058,9.77154826262531,0.0,0.0,1.0,0.0,0.0,0.0
11,35,8.031939368457584,11.968216782006085,0.0,0.0,0.0,0.0,1.0,1.0
12,35,10.555613293231463,10.715979606834606,1.0,0.0,0.0,1.0,1.0,1.0
13,35,0.7198481741937584,12.0,0.0,0.0,1.0,0.0,1.0,1.0
14,35,4.850744802019589,6.717774665483921,0.0,0.0,0.0,1.0,0.0,0.0
0,40,9.90727589337516,0.0,0.0,0.0,0.0,0.0,1.0,0.0
1,40,1.247007694775536,6.888538105324307,0.0,1.0,0.0,0.0,0.0,1.0
2,40,7.867181319314425,5.546383094566138,0.0,1.0,0.0,0.0,0.0,0.0
3,40,6.14531335228024,9.038389148785631,0.0,0.0,1.0,0.0,0.0,1.0
4,40,7.360083004934415,6.635937765150882,1.0,0.0,1.0,1.0,0.0,1.0
5,40,10.851477610459488,2.212849584289524,0.0,0.0,1.0,1.0,0.0,0.0
6,40,4.615402071647362,2.017555162551241,0.0,1.0,1.0,1.0,0.0,0.0
7,40,11.32903806258825,7.749060632073149,1.0,0.0,0.0,0.0,0.0,1.0
8,40,11.57856491434804,3.2971318195524253,1.0,0.0,1.0,0.0,1.0,1.0
9,40,8.2277616291003,7.12327724840107,0.0,0.0,0.0,1.0,0.0,0.0
10,40,6.799567308413379,9.719620298773966,0.0,0.0,1.0,0.0,0.0,0.0
11,40,8.02790786693272,11.971423039515177,0.0,0.0,0.0,0.0,1.0,1.0
12,40,10.483266666638364,10.672675167488563,1.0,0.0,0.0,1.0,1.0,1.0
13,40,0.6578768285399033,12.0,0.0,0.0,1.0,0.0,1.0,1.0
14,40,4.833183913413328,6.814845095141769,0.0,0.0,0.0,1.0,0.0,0.0
0,45,9.8917999917401,0.0,0.0,0.0,0.0,0.0,1.0,0.0
1,45,1.2452785950652236,6.884628223934294,0.0,1.0,0.0,0.0,0.0,1.0
2,45,7.85561936357817,5.507818943594904,0.0,1.0,0.0,0.0,0.0,0.0
3,45,6.1317842573397385,9.035136487967865,0.0,0.0,1.0,0.0,0.0,1.0
4,45,7.275183518499709,6.692724264234569,1.0,0.0,1.0,1.0,0.0,1.0
5,45,10.834279394782309,2.2408075200535795,0.0,0.0,1.0,1.0,0.0,0.0
6,45,4.579639317094826,2.019967654510844,0.0,1.0,1.0,1.0,0.0,0.0
7,45,11.360042278760938,7.725906449420213,1.0,0.0,0.0,0.0,0.0,1.0
8,45,11.51605840702388,3.19711293548824,1.0,0.0,1.0,0.0,1.0,1.0
9,45,8.262342432467563,7.139807390418882,0.0,0.0,0.0,1.0,0.0,0.0
10,45,6.749942182693721,9.65112252032661,0.0,0.0,1.0,0.0,0.0,0.0
11,45,8.01551050523846,11.98130510197705,0.0,0.0,0.0,0.0,1.0,1.0
12,45,10.412752167374103,10.628840882546031,1.0,0.0,0.0,1.0,1.0,1.0
13,45,0.5903595691026158,12.0,0.0,0.0,1.0,0.0,1.0,1.0
14,45,4.813816574634676,6.945765059663441,0.0,0.0,0.0,1.0,0.0,0.0
0,50,9.87888944492196,0.0,0.0,0.0,0.0,0.0,1.0,0.0
1,50,1.2457798145157342,6.885743763737237,0.0,1.0,0.0,0.0,0.0,1.0
2,50,7.846451942716898,5.477955103496449,0.0,1.0,0.0,0.0,0.0,0.0
3,50,6.11736130173466,9.032025442964972,0.0,0.0,1.0,0.0,0.0,1.0
4,50,7.187040660038681,6.751250733419306,1.0,0.0,1.0,1.0,0.0,1.0
5,50,10.820138189739534,2.2636633229395486,0.0,0.0,1.0,1.0,0.0,0.0
6,50,4.577647941737694,2.020083204160914,0.0,1.0,1.0,1.0,0.0,0.0
7,50,11.37465051566866,7.714607580446249,1.0,0.0,0.0,0.0,0.0,1.0
8,50,11.447376415278946,3.092304411235173,1.0,0.0,1.0,0.0,1.0,1.0
9,50,8.293155058190909,7.153447682338956,0.0,0.0,0.0,1.0,0.0,0.0
10,50,6.706672557770273,9.59139436845829,0.0,0.0,1.0,0.0,0.0,0.0
11,50,8.019054657185531,11.97848459351029,0.0,0.0,0.0,0.0,1.0,1.0
12,50,10.339561199955371,10.584692814939398,1.0,0.0,0.0,1.0,1.0,1.0
13,50,0.5366997180653834,12.0,0.0,0.0,1.0,0.0,1.0,1.0
14,50,4.796071962744261,7.07623060521194,0.0,0.0,0.0,1.0,0.0,0.0
0,55,9.868004824638476,0.0,0.0,0.0,0.0,0.0,1.0,0.0
1,55,1.2581537876491635,6.912844473840814,0.0,1.0,0.0,0.0,0.0,1.0
2,55,7.838576757647241,5.455169780163909,0.0,1.0,0.0,0.0,0.0,0.0
3,55,6.097730707513064,9.028230276587754,0.0,0.0,1.0,0.0,0.0,1.0
4,55,7.111031905196991,6.801773953621862,1.0,0.0,1.0,1.0,0.0,1.0
5,55,10.801472204641849,2.295440243613672,0.0,0.0,1.0,1.0,0.0,0.0
6,55,4.571181047124705,2.020596811082605,0.0,1.0,1.0,1.0,0.0,0.0
7,55,11.384667064723606,7.706720826818639,1.0,0.0,0.0,0.0,0.0,1.0
8,55,11.37301278775648,2.974082581017227,1.0,0.0,1.0,0.0,1.0,1.0
9,55,8.328154081670965,7.170061365119784,0.0,0.0,0.0,1.0,0.0,0.0
10,55,6.664653617307853,9.532459324848835,0.0,0.0,1.0,0.0,0.0,0.0
11,55,8.023267400628287,11.97516172699558,0.0,0.0,0.0,0.0,1.0,1.0
12,55,10.285085807532896,10.551814877845674,1.0,0.0,0.0,1.0,1.0,1.0
13,55,0.4796053111590344,12.0,0.0,0.0,1.0,0.0,1.0,1.0
14,55,4.7757968224689815,7.231455906741741,0.0,0.0,0.0,1.0,0.0,0.0
0,60,9.85763092302849,0.0,0.0,0.0,0.0,0.0,1.0,0.0
1,60,1.2708935693907524,6.941371499144047,0.0,1.0,0.0,0.0,0.0,1.0
2,60,7.820799239969911,5.402500948239085,0.0,1.0,0.0,0.0,0.0,0.0
3,60,6.085116118236332,9.025686883739198,0.0,0.0,1.0,0.0,0.0,1.0
4,60,7.040427303886868,6.847980394259844,1.0,0.0,1.0,1.0,0.0,1.0
5,60,10.785505312548588,2.3222561808943345,0.0,0.0,1.0,1.0,0.0,0.0
6,60,4.559827327968311,2.0213379005258094,0.0,1.0,1.0,1.0,0.0,0.0
7,60,11.403305256456456,7.691889556647504,1.0,0.0,0.0,0.0,0.0,1.0
8,60,11.303047906828947,2.864383889834413,1.0,0.0,1.0,0.0,1.0,1.0
9,60,8.363251452278242,7.1866408328022295,0.0,0.0,0.0,1.0,0.0,0.0
10,60,6.616199262704475,9.464426515032043,0.0,0.0,1.0,0.0,0.0,0.0
11,60,8.023864100165662,11.974702436361351,0.0,0.0,0.0,0.0,1.0,1.0
12,60,10.229322853380763,10.517981425430786,1.0,0.0,0.0,1.0,1.0,1.0
13,60,0.4319952002656403,12.0,0.0,0.0,1.0,0.0,1.0,1.0
14,60,4.752883049249424,7.385737216297766,0.0,0.0,0.0,1.0,0.0,0.0
0,65,9.848646833806198,0.0,0.0,0.0,0.0,0.0,1.0,0.0
1,65,1.2928367471404028,6.993478370745471,0.0,1.0,0.0,0.0,0.0,1.0
2,65,7.800465898080645,5.342154598281018,0.0,1.0,0.0,0.0,0.0,0.0
3,65,6.100663093721818,9.028713157781477,0.0,0.0,1.0,0.0,0.0,1.0
4,65,6.946053960848479,6.912728050422175,1.0,0.0,1.0,1.0,0.0,1.0
5,65,10.77044540056304,2.3461238204532604,0.0,0.0,1.0,1.0,0.0,0.0
6,65,4.5588555405366655,2.021377650840474,0.0,1.0,1.0,1.0,0.0,0.0
7,65,11.41658369661934,7.681369662193904,1.0,0.0,0.0,0.0,0.0,1.0
8,65,11.23672463500692,2.763604433462948,1.0,0.0,1.0,0.0,1.0,1.0
9,65,8.395896129521411,7.201928623194291,0.0,0.0,0.0,1.0,0.0,0.0
10,65,6.563689833235154,9.388218791096827,0.0,0.0,1.0,0.0,0.0,0.0
11,65,8.034477996698675,11.966169627734857,0.0,0.0,0.0,0.0,1.0,1.0
12,65,10.176705222323749,10.48707683793498,1.0,0.0,0.0,1.0,1.0,1.0
13,65,0.4016198780591256,12.0,0.0,0.0,1.0,0.0,1.0,1.0
14,65,4.727119370054561,7.536263419659349,0.0,0.0,0.0,1.0,0.0,0.0
0,70,9.8345202689729,0.0,0.0,0.0,0.0,0.0,1.0,0.0
1,70,1.306207828728738,7.027636192709845,0.0,1.0,0.0,0.0,0.0,1.0
2,70,7.779932290695401,5.282473095667276,0.0,1.0,0.0,0.0,0.0,0.0
3,70,6.103110134179095,9.02911939782656,0.0,0.0,1.0,0.0,0.0,1.0
4,70,6.838308459095732,6.990539166504472,1.0,0.0,1.0,1.0,0.0,1.0
5,70,10.770705971001943,2.345691578884008,0.0,0.0,1.0,1.0,0.0,0.0
6,70,4.545756515586136,2.0221727598003176,0.0,1.0,1.0,1.0,0.0,0.0
7,70,11.41156097754766,7.685441617034768,1.0,0.0,0.0,0.0,0.0,1.0
8,70,11.164289828512697,2.655764586941185,1.0,0.0,1.0,0.0,1.0,1.0
9,70,8.43328680410977,7.218871933634713,0.0,0.0,0.0,1.0,0.0,0.0
10,70,6.499908640828797,9.2954617617214,0.0,0.0,1.0,0.0,0.0,0.0
11,70,8.054975951633548,11.949560072153812,0.0,0.0,0.0,0.0,1.0,1.0
12,70,10.13685148823108,10.462925982459014,1.0,0.0,0.0,1.0,1.0,1.0
13,70,0.3708088262753597,12.0,0.0,0.0,1.0,0.0,1.0,1.0
14,70,4.703828936770575,7.660821597196778,0.0,0.0,0.0,1.0,0.0,0.0
0,75,9.818829275099016,0.0,0.0,0.0,0.0,0.0,1.0,0.0
1,75,1.3284472156647225,7.085415019015489,0.0,1.0,0.0,0.0,0.0,1.0
2,75,7.752916385540165,5.206444987587463,0.0,1.0,0.0,0.0,0.0,0.0
3,75,6.099563578511881,9.028553045395752,0.0,0.0,1.0,0.0,0.0,1.0
4,75,6.742799948242529,7.059082123564203,1.0,0.0,1.0,1.0,0.0,1.0
5,75,10.777047062600127,2.335741786552714,0.0,0.0,1.0,1.0,0.0,0.0
6,75,4.538713971165032,2.0224923448030374,0.0,1.0,1.0,1.0,0.0,0.0
7,75,11.407832922621068,7.688524837264372,1.0,0.0,0.0,0.0,0.0,1.0
8,75,11.08212935479092,2.525840891294452,1.0,0.0,1.0,0.0,1.0,1.0
9,75,8.466727162145284,7.233629066860742,0.0,0.0,0.0,1.0,0.0,0.0
10,75,6.439095120782323,9.205162485524443,0.0,0.0,1.0,0.0,0.0,0.0
11,75,8.077845480052854,11.93159152893867,0.0,0.0,0.0,0.0,1.0,1.0
12,75,10.088271045229734,10.433848331576913,1.0,0.0,0.0,1.0,1.0,1.0
13,75,0.3464000447845799,12.0,0.0,0.0,1.0,0.0,1.0,1.0
14,75,4.681628345710209,7.783717795508067,0.0,0.0,0.0,1.0,0.0,0.0
0,80,9.804072818963288,0.0,0.0,0.0,0.0,0.0,1.0,0.0
1,80,1.3532831740745015,7.148040022989635,0.0,1.0,0.0,0.0,0.0,1.0
2,80,7.718755749297327,5.111188962250818,0.0,1.0,0.0,0.0,0.0,0.0
3,80,6.125004130022197,9.032612673473164,0.0,0.0,1.0,0.0,0.0,1.0
4,80,6.6467061631215705,7.130450122513025,1.0,0.0,1.0,1.0,0.0,1.0
5,80,10.782873340650593,2.326703393766107,0.0,0.0,1.0,1.0,0.0,0.0
6,80,4.533129143491256,2.022675109507595,0.0,1.0,1.0,1.0,0.0,0.0
7,80,11.420835669943656,7.677749910126131,1.0,0.0,0.0,0.0,0.0,1.0
8,80,10.983107703160275,2.37437955622039,1.0,0.0,1.0,0.0,1.0,1.0
9,80,8.494134186924759,7.245462428187784,0.0,0.0,0.0,1.0,0.0,0.0
10,80,6.374321801490662,9.115738374896452,0.0,0.0,1.0,0.0,0.0,0.0
11,80,8.123727621070325,11.895394018717782,0.0,0.0,0.0,0.0,1.0,1.0
12,80,10.023821774490289,10.39416989848428,1.0,0.0,0.0,1.0,1.0,1.0
13,80,0.306020565622973,12.0,0.0,0.0,1.0,0.0,1.0,1.0
14,80,4.665223162208091,7.90073452583763,0.0,0.0,0.0,1.0,0.0,0.0
0,85,9.784702080588918,0.0,0.0,0.0,0.0,0.0,1.0,0.0
1,85,1.3709663999337964,7.190485481112306,0.0,1.0,0.0,0.0,0.0,1.0
2,85,7.684893870286923,5.019115091033488,0.0,1.0,0.0,0.0,0.0,0.0
3,85,6.1600619776313845,9.037827378025163,0.0,0.0,1.0,0.0,0.0,1.0
4,85,6.53890854194021,7.212250701196933,1.0,0.0,1.0,1.0,0.0,1.0
5,85,10.804179986358823,2.2948545612745703,0.0,0.0,1.0,1.0,0.0,0.0
6,85,4.517464577898022,2.0232927000773677,0.0,1.0,1.0,1.0,0.0,0.0
7,85,11.442714661082912,7.658897542887431,1.0,0.0,0.0,0.0,0.0,1.0
8,85,10.877766559789414,2.217074539961827,1.0,0.0,1.0,0.0,1.0,1.0
9,85,8.539736108013454,7.265950395514332,0.0,0.0,0.0,1.0,0.0,0.0
10,85,6.30015371202757,9.011133284811956,0.0,0.0,1.0,0.0,0.0,0.0
11,85,8.16941184162754,11.859908125280691,0.0,0.0,0.0,0.0,1.0,1.0
12,85,9.945694506616574,10.345188414875947,1.0,0.0,0.0,1.0,1.0,1.0
13,85,0.2616105621969589,12.0,0.0,0.0,1.0,0.0,1.0,1.0
14,85,4.647230154108375,8.024324664632966,0.0,0.0,0.0,1.0,0.0,0.0
0,90,9.766425536848631,0.0,0.0,0.0,0.0,0.0,1.0,0.0
1,90,1.3868736497722405,7.2319964710538915,0.0,1.0,0.0,0.0,0.0,1.0
2,90,7.649232324890072,4.927092822142084,0.0,1.0,0.0,0.0,0.0,0.0
3,90,6.18899710221507,9.042946760399644,0.0,0.0,1.0,0.0,0.0,1.0
4,90,6.420746089217912,7.301298818530647,1.0,0.0,1.0,1.0,0.0,1.0
5,90,10.82232673536979,2.269247075388464,0.0,0.0,1.0,1.0,0.0,0.0
6,90,4.476756034553948,2.0257546556004886,0.0,1.0,1.0,1.0,0.0,0.0
7,90,11.466999352092436,7.638349896453854,1.0,0.0,0.0,0.0,0.0,1.0
8,90,10.781684811769995,2.0707683218424613,1.0,0.0,1.0,0.0,1.0,1.0
9,90,8.583241753260234,7.284866532337474,0.0,0.0,0.0,1.0,0.0,0.0
10,90,6.239419883762185,8.924974111887407,0.0,0.0,1.0,0.0,0.0,0.0
11,90,8.204522720393612,11.832569118949817,0.0,0.0,0.0,0.0,1.0,1.0
12,90,9.87149881069133,10.30027324487012,1.0,0.0,0.0,1.0,1.0,1.0
13,90,0.1996264553496826,12.0,0.0,0.0,1.0,0.0,1.0,1.0
14,90,4.631973882529904,8.144869089716797,0.0,0.0,0.0,1.0,0.0,0.0
0,95,9.752458251992772,0.0,0.0,0.0,0.0,0.0,1.0,0.0
1,95,1.4143288433297794,7.299698412131799,0.0,1.0,0.0,0.0,0.0,1.0
2,95,7.615143738881818,4.838016445458442,0.0,1.0,0.0,0.0,0.0,0.0
3,95,6.231804818971089,9.052415919341662,0.0,0.0,1.0,0.0,0.0,1.0
4,95,6.291830397357209,7.398830345089915,1.0,0.0,1.0,1.0,0.0,1.0
5,95,10.840554030373124,2.243275213051428,0.0,0.0,1.0,1.0,0.0,0.0
6,95,4.422560478342448,2.0278873376104123,0.0,1.0,1.0,1.0,0.0,0.0
7,95,11.481433796518877,7.625803677579586,1.0,0.0,0.0,0.0,0.0,1.0
8,95,10.696347465164944,1.934315878968378,1.0,0.0,1.0,0.0,1.0,1.0
9,95,8.626936772955299,7.303549984468592,0.0,0.0,0.0,1.0,0.0,0.0
10,95,6.184375380141877,8.84788806478031,0.0,0.0,1.0,0.0,0.0,0.0
11,95,8.236322660215743,11.807985161581456,0.0,0.0,0.0,0.0,1.0,1.0
12,95,9.801142577431513,10.257523483290914,1.0,0.0,0.0,1.0,1.0,1.0
13,95,0.1273896318636108,12.0,0.0,0.0,1.0,0.0,1.0,1.0
14,95,4.621326168819891,8.255112833510966,0.0,0.0,0.0,1.0,0.0,0.0
0,100,9.741142764542014,0.0,0.0,0.0,0.0,0.0,1.0,0.0
1,100,1.443889067331912,7.375053801517588,0.0,1.0,0.0,0.0,0.0,1.0
2,100,7.579054602380014,4.737800831517245,0.0,1.0,0.0,0.0,0.0,0.0
3,100,6.272560602913381,9.061368830605804,0.0,0.0,1.0,0.0,0.0,1.0
4,100,6.160077714208716,7.495101727339992,1.0,0.0,1.0,1.0,0.0,1.0
5,100,10.866160841962616,2.205596047657106,0.0,0.0,1.0,1.0,0.0,0.0
6,100,4.394724111026929,2.0293476676155198,0.0,1.0,1.0,1.0,0.0,0.0
7,100,11.48093933077441,7.626227525001915,1.0,0.0,0.0,0.0,0.0,1.0
8,100,10.612560749056088,1.80229615118,1.0,0.0,1.0,0.0,1.0,1.0
9,100,8.640960794662542,7.309659235265432,0.0,0.0,0.0,1.0,0.0,0.0
10,100,6.128346920603398,8.763373047328104,0.0,0.0,1.0,0.0,0.0,0.0
11,100,8.257791130237587,11.791571383893816,0.0,0.0,0.0,0.0,1.0,1.0
12,100,9.740382884179926,10.220993021664118,1.0,0.0,0.0,1.0,1.0,1.0
13,100,0.0447713542566305,12.0,0.0,0.0,1.0,0.0,1.0,1.0
14,100,4.610131253487174,8.368596052066675,0.0,0.0,0.0,1.0,0.0,0.0
0,105,9.731726258211658,0.0,0.0,0.0,0.0,0.0,1.0,0.0
1,105,1.4724374772834277,7.45104342370699,0.0,1.0,0.0,0.0,0.0,1.0
2,105,7.548029774278507,4.6383041711189374,0.0,1.0,0.0,0.0,0.0,0.0
3,105,6.32897692661706,9.07390013806788,0.0,0.0,1.0,0.0,0.0,1.0
4,105,6.049777830366076,7.575319675268199,1.0,0.0,1.0,1.0,0.0,1.0
5,105,10.886281766065048,2.17689917116532,0.0,0.0,1.0,1.0,0.0,0.0
6,105,4.380220457512303,2.030129907310632,0.0,1.0,1.0,1.0,0.0,0.0
7,105,11.472486541607582,7.633441778125563,1.0,0.0,0.0,0.0,0.0,1.0
8,105,10.532996672341694,1.6753546997560358,1.0,0.0,1.0,0.0,1.0,1.0
9,105,8.678816579987727,7.325348663084203,0.0,0.0,0.0,1.0,0.0,0.0
10,105,6.069517883381412,8.6759636139013,0.0,0.0,1.0,0.0,0.0,0.0
11,105,8.282121010362768,11.772357918621056,0.0,0.0,0.0,0.0,1.0,1.0
12,105,9.696947062347595,10.19401722308329,1.0,0.0,0.0,1.0,1.0,1.0
13,105,0.0,12.0,0.0,0.0,1.0,0.0,1.0,1.0
14,105,4.600479598760893,8.491077930633152,0.0,0.0,0.0,1.0,0.0,0.0
0,110,9.719574351084187,0.0,0.0,0.0,0.0,0.0,1.0,0.0
1,110,1.5000991300422737,7.528868690781121,0.0,1.0,0.0,0.0,0.0,1.0
2,110,7.515106747272052,4.543124921460346,0.0,1.0,0.0,0.0,0.0,0.0
3,110,6.371033202360032,9.08396232637833,0.0,0.0,1.0,0.0,0.0,1.0
4,110,5.939482345583079,7.656006923956776,1.0,0.0,1.0,1.0,0.0,1.0
5,110,10.91199506338503,2.1409824820885675,0.0,0.0,1.0,1.0,0.0,0.0
6,110,4.3565185286017885,2.031409067657223,0.0,1.0,1.0,1.0,0.0,0.0
7,110,11.472486558639428,7.633441762890348,1.0,0.0,0.0,0.0,0.0,1.0
8,110,10.442698224835086,1.533299362333369,1.0,0.0,1.0,0.0,1.0,1.0
9,110,8.735406622096857,7.346663476297185,0.0,0.0,0.0,1.0,0.0,0.0
10,110,6.014433303781061,8.59457690154808,0.0,0.0,1.0,0.0,0.0,0.0
11,110,8.303066897076539,11.755341738313978,0.0,0.0,0.0,0.0,1.0,1.0
12,110,9.648348457041369,10.16330827270894,1.0,0.0,0.0,1.0,1.0,1.0
13,110,0.0,12.0,0.0,0.0,1.0,0.0,1.0,1.0
14,110,4.588923055218769,8.63184342341986,0.0,0.0,0.0,1.0,0.0,0.0
0,115,9.708084524253616,0.0,0.0,0.0,0.0,0.0,1.0,0.0
1,115,1.526873039255672,7.605618076723648,0.0,1.0,0.0,0.0,0.0,1.0
2,115,7.485406707919261,4.454499317094004,0.0,1.0,0.0,0.0,0.0,0.0
3,115,6.390905411817628,9.089017608097,0.0,0.0,1.0,0.0,0.0,1.0
4,115,5.820521635626758,7.743873329409177,1.0,0.0,1.0,1.0,0.0,1.0
5,115,10.9526368562428,2.0843493433577134,0.0,0.0,1.0,1.0,0.0,0.0
6,115,4.337708399422883,2.0320012811871693,0.0,1.0,1.0,1.0,0.0,0.0
7,115,11.476693750441978,7.629944375441099,1.0,0.0,0.0,0.0,0.0,1.0
8,115,10.356187384805192,1.3981190066587283,1.0,0.0,1.0,0.0,1.0,1.0
9,115,8.792735214250989,7.369069348077562,0.0,0.0,0.0,1.0,0.0,0.0
10,115,5.966829192164108,8.526260754479779,0.0,0.0,1.0,0.0,0.0,0.0
11,115,8.333619438974415,11.729713677731995,0.0,0.0,0.0,0.0,1.0,1.0
12,115,9.597558049094662,10.13187948939767,1.0,0.0,0.0,1.0,1.0,1.0
13,115,0.0,12.0,0.0,0.0,1.0,0.0,1.0,1.0
14,115,4.572382376702613,8.79460568618701,0.0,0.0,0.0,1.0,0.0,0.0
0,120,9.70143473102369,0.0,0.0,0.0,0.0,0.0,1.0,0.0
1,120,1.5593646677761237,7.692324414586257,0.0,1.0,0.0,0.0,0.0,1.0
2,120,7.450192913335131,4.35408167867381,0.0,1.0,0.0,0.0,0.0,0.0
3,120,6.40716526535294,9.09298138059834,0.0,0.0,1.0,0.0,0.0,1.0
4,120,5.707479206951614,7.825515099551779,1.0,0.0,1.0,1.0,0.0,1.0
5,120,10.99868641218028,2.019829558870234,0.0,0.0,1.0,1.0,0.0,0.0
6,120,4.296165348172296,2.0335823956921817,0.0,1.0,1.0,1.0,0.0,0.0
7,120,11.485276158558335,7.62264890159795,1.0,0.0,0.0,0.0,0.0,1.0
8,120,10.258847397435884,1.2459581441776466,1.0,0.0,1.0,0.0,1.0,1.0
9,120,8.839525606428401,7.388004094277192,0.0,0.0,0.0,1.0,0.0,0.0
10,120,5.92111136924518,8.459492179511729,0.0,0.0,1.0,0.0,0.0,0.0
11,120,8.369673896463617,11.700300678532406,0.0,0.0,0.0,0.0,1.0,1.0
12,120,9.553376890980791,10.105013109460224,1.0,0.0,0.0,1.0,1.0,1.0
13,120,0.0,12.0,0.0,0.0,1.0,0.0,1.0,1.0
14,120,4.559250558630525,8.966493251296342,0.0,0.0,0.0,1.0,0.0,0.0
0,125,9.6904507353652,0.0,0.0,0.0,0.0,0.0,1.0,0.0
1,125,1.596221386055538,7.788733104540162,0.0,1.0,0.0,0.0,0.0,1.0
2,125,7.421192538711228,4.267766833341215,0.0,1.0,0.0,0.0,0.0,0.0
3,125,6.413012515374089,9.09440847435377,0.0,0.0,1.0,0.0,0.0,1.0
4,125,5.589481235835895,7.907154587486418,1.0,0.0,1.0,1.0,0.0,1.0
5,125,11.032255868351609,1.9745792190520723,0.0,0.0,1.0,1.0,0.0,0.0
6,125,4.253598470082913,2.0367397939435383,0.0,1.0,1.0,1.0,0.0,0.0
7,125,11.510842784952272,7.601475008003652,1.0,0.0,0.0,0.0,0.0,1.0
8,125,10.1599537789375,1.0920016964955603,1.0,0.0,1.0,0.0,1.0,1.0
9,125,8.86214730535874,7.396881316521435,0.0,0.0,0.0,1.0,0.0,0.0
10,125,5.878533956266527,8.392708901192735,0.0,0.0,1.0,0.0,0.0,0.0
11,125,8.4098990709971,11.6666249951479,0.0,0.0,0.0,0.0,1.0,1.0
12,125,9.50381439316624,10.07481645448472,1.0,0.0,0.0,1.0,1.0,1.0
13,125,0.0,12.0,0.0,0.0,1.0,0.0,1.0,1.0
14,125,4.54757270335056,9.152078436071296,0.0,0.0,0.0,1.0,0.0,0.0
0,130,9.681599226536225,0.0,0.0,0.0,0.0,0.0,1.0,0.0
1,130,1.6389147428260835,7.892470469419919,0.0,1.0,0.0,0.0,0.0,1.0
2,130,7.396277868741853,4.198505100964456,0.0,1.0,0.0,0.0,0.0,0.0
3,130,6.437693669952063,9.1006641707412,0.0,0.0,1.0,0.0,0.0,1.0
4,130,5.4622354864137295,7.996807055030917,1.0,0.0,1.0,1.0,0.0,1.0
5,130,11.066419357921664,1.9283981442643847,0.0,0.0,1.0,1.0,0.0,0.0
6,130,4.2050174200881,2.041399926342617,0.0,1.0,1.0,1.0,0.0,0.0
7,130,11.532176737013318,7.584731895429519,1.0,0.0,0.0,0.0,0.0,1.0
8,130,10.061038757920524,0.9367848616175436,1.0,0.0,1.0,0.0,1.0,1.0
9,130,8.905246367513254,7.414857547933858,0.0,0.0,0.0,1.0,0.0,0.0
10,130,5.810187006326429,8.291786639816124,0.0,0.0,1.0,0.0,0.0,0.0
11,130,8.448274536021135,11.632093100048843,0.0,0.0,0.0,0.0,1.0,1.0
12,130,9.465827390722769,10.051910379543452,1.0,0.0,0.0,1.0,1.0,1.0
13,130,0.0,12.0,0.0,0.0,1.0,0.0,1.0,1.0
14,130,4.537881117099266,9.325667118001052,0.0,0.0,0.0,1.0,0.0,0.0
0,135,9.67662480743258,0.0,0.0,0.0,0.0,0.0,1.0,0.0
1,135,1.6775661563054909,7.9917219980868435,0.0,1.0,0.0,0.0,0.0,1.0
2,135,7.377620148270883,4.144934470381296,0.0,1.0,0.0,0.0,0.0,0.0
3,135,6.470838640491515,9.10981868172672,0.0,0.0,1.0,0.0,0.0,1.0
4,135,5.318090859431207,8.100215437756736,1.0,0.0,1.0,1.0,0.0,1.0
5,135,11.105455845713069,1.8776053996690247,0.0,0.0,1.0,1.0,0.0,0.0
6,135,4.153090966748456,2.047417207408711,0.0,1.0,1.0,1.0,0.0,0.0
7,135,11.570437352088431,7.555947942874053,1.0,0.0,0.0,0.0,0.0,1.0
8,135,9.942654953505707,0.7494144657278162,1.0,0.0,1.0,0.0,1.0,1.0
9,135,8.944642381746965,7.430161554436945,0.0,0.0,0.0,1.0,0.0,0.0
10,135,5.739714545379002,8.186342412772712,0.0,0.0,1.0,0.0,0.0,0.0
11,135,8.494302678576124,11.591693986935644,0.0,0.0,0.0,0.0,1.0,1.0
12,135,9.4318910619523,10.031302333921928,1.0,0.0,0.0,1.0,1.0,1.0
13,135,0.0,12.0,0.0,0.0,1.0,0.0,1.0,1.0
14,135,4.527323645967457,9.496751088103654,0.0,0.0,0.0,1.0,0.0,0.0
0,140,9.668272913703474,0.0,0.0,0.0,0.0,0.0,1.0,0.0
1,140,1.7119686755262162,8.077623973722437,0.0,1.0,0.0,0.0,0.0,1.0
2,140,7.357346788600752,4.086442338098568,0.0,1.0,0.0,0.0,0.0,0.0
3,140,6.510593650896072,9.120877872961628,0.0,0.0,1.0,0.0,0.0,1.0
4,140,5.151861388493632,8.210389340756503,1.0,0.0,1.0,1.0,0.0,1.0
5,140,11.14122226342651,1.832542755668052,0.0,0.0,1.0,1.0,0.0,0.0
6,140,4.076726394877438,2.0551810834104685,0.0,1.0,1.0,1.0,0.0,0.0
7,140,11.60673383860511,7.529430762628903,1.0,0.0,0.0,0.0,0.0,1.0
8,140,9.820922939226334,0.5553891970250042,1.0,0.0,1.0,0.0,1.0,1.0
9,140,8.96977165454987,7.439745334368003,0.0,0.0,0.0,1.0,0.0,0.0
10,140,5.671718392755426,8.085310360700378,0.0,0.0,1.0,0.0,0.0,0.0
11,140,8.551988752115232,11.54147322423181,0.0,0.0,0.0,0.0,1.0,1.0
12,140,9.391984557365136,10.00702414808214,1.0,0.0,0.0,1.0,1.0,1.0
13,140,0.0,12.0,0.0,0.0,1.0,0.0,1.0,1.0
14,140,4.522913849777158,9.651601854452398,0.0,0.0,0.0,1.0,0.0,0.0
0,145,9.661144668769929,0.0,0.0,0.0,0.0,0.0,1.0,0.0
1,145,1.748632581845375,8.17194615489135,0.0,1.0,0.0,0.0,0.0,1.0
2,145,7.337235983347117,4.0317951502695735,0.0,1.0,0.0,0.0,0.0,0.0
3,145,6.574789268884377,9.139485508074952,0.0,0.0,1.0,0.0,0.0,1.0
4,145,5.006936284666105,8.300739082601664,1.0,0.0,1.0,1.0,0.0,1.0
5,145,11.192997471337312,1.7652432212303684,0.0,0.0,1.0,1.0,0.0,0.0
6,145,4.004883926597072,2.063677801857561,0.0,1.0,1.0,1.0,0.0,0.0
7,145,11.660809120845196,7.490577831040393,1.0,0.0,0.0,0.0,0.0,1.0
8,145,9.697765585192355,0.3573496802422893,1.0,0.0,1.0,0.0,1.0,1.0
9,145,8.986129897494848,7.445702775661783,0.0,0.0,0.0,1.0,0.0,0.0
10,145,5.60386112709599,7.9864474520432225,0.0,0.0,1.0,0.0,0.0,0.0
11,145,8.630406072642034,11.469415939155573,0.0,0.0,0.0,0.0,1.0,1.0
12,145,9.351593686214818,9.981632727181577,1.0,0.0,0.0,1.0,1.0,1.0
13,145,0.0,12.0,0.0,0.0,1.0,0.0,1.0,1.0
14,145,4.520683888522023,9.800697084807917,0.0,0.0,0.0,1.0,0.0,0.0
0,150,9.65652888676462,0.0,0.0,0.0,0.0,0.0,1.0,0.0
1,150,1.776923614912356,8.243085905442019,0.0,1.0,0.0,0.0,0.0,1.0
2,150,7.3158229022866115,3.96477941028799,0.0,1.0,0.0,0.0,0.0,0.0
3,150,6.63257143523211,9.154951145738927,0.0,0.0,1.0,0.0,0.0,1.0
4,150,4.8565271365488965,8.39932132438352,1.0,0.0,1.0,1.0,0.0,1.0
5,150,11.250873497947646,1.6890698595112397,0.0,0.0,1.0,1.0,0.0,0.0
6,150,3.924026053439021,2.069929939435041,0.0,1.0,1.0,1.0,0.0,0.0
7,150,11.700965160983598,7.460709689527392,1.0,0.0,0.0,0.0,0.0,1.0
8,150,9.572137430190024,0.1673436888171885,1.0,0.0,1.0,0.0,1.0,1.0
9,150,9.016773576738329,7.4576096555053075,0.0,0.0,0.0,1.0,0.0,0.0
10,150,5.545402326938592,7.900599557730316,0.0,0.0,1.0,0.0,0.0,0.0
11,150,8.717198501494428,11.383538455910749,0.0,0.0,0.0,0.0,1.0,1.0
12,150,9.318904973798553,9.961189085079027,1.0,0.0,0.0,1.0,1.0,1.0
13,150,0.0,12.0,0.0,0.0,1.0,0.0,1.0,1.0
14,150,4.518504268555762,9.952451956716,0.0,0.0,0.0,1.0,0.0,0.0
0,155,9.65319570945487,0.0,0.0,0.0,0.0,0.0,1.0,0.0
1,155,1.8009142918665744,8.30113130776315,0.0,1.0,0.0,0.0,0.0,1.0
2,155,7.291624706298887,3.886425158825069,0.0,1.0,0.0,0.0,0.0,0.0
3,155,6.70596370683634,9.17602960070212,0.0,0.0,1.0,0.0,0.0,1.0
4,155,4.690630103581899,8.500831011478107,1.0,0.0,1.0,1.0,0.0,1.0
5,155,11.309597901652026,1.6117576494215,0.0,0.0,1.0,1.0,0.0,0.0
6,155,3.828336308396376,2.077432776452771,0.0,1.0,1.0,1.0,0.0,0.0
7,155,11.748259284047991,7.424390800171152,1.0,0.0,0.0,0.0,0.0,1.0
8,155,9.446452585797353,0.0,1.0,0.0,1.0,0.0,1.0,1.0
9,155,9.052366350041131,7.471864139369727,0.0,0.0,0.0,1.0,0.0,0.0
10,155,5.48801225329224,7.8133972919437,0.0,0.0,1.0,0.0,0.0,0.0
11,155,8.811706195174319,11.293667155250215,0.0,0.0,0.0,0.0,1.0,1.0
12,155,9.280322963213434,9.936754970781411,1.0,0.0,0.0,1.0,1.0,1.0
13,155,0.0,12.0,0.0,0.0,1.0,0.0,1.0,1.0
14,155,4.515825561911382,10.088301953210545,0.0,0.0,0.0,1.0,0.0,0.0
0,160,9.653179788106554,0.0,0.0,0.0,0.0,0.0,1.0,0.0
1,160,1.8268482090139504,8.366056414864909,0.0,1.0,0.0,0.0,0.0,1.0
2,160,7.263978774630743,3.8046839697124586,0.0,1.0,0.0,0.0,0.0,0.0
3,160,6.766375214995447,9.19443823794622,0.0,0.0,1.0,0.0,0.0,1.0
4,160,4.521276511081877,8.600875947262754,1.0,0.0,1.0,1.0,0.0,1.0
5,160,11.370398909232383,1.5306203024268,0.0,0.0,1.0,1.0,0.0,0.0
6,160,3.7155727966264167,2.088729557036374,0.0,1.0,1.0,1.0,0.0,0.0
7,160,11.802458478493795,7.384262366034588,1.0,0.0,0.0,0.0,0.0,1.0
8,160,9.331676974041637,0.0,1.0,0.0,1.0,0.0,1.0,1.0
9,160,9.090604009091958,7.487782144407098,0.0,0.0,0.0,1.0,0.0,0.0
10,160,5.424604880399006,7.721072046029516,0.0,0.0,1.0,0.0,0.0,0.0
11,160,8.919375374242026,11.190185432599629,0.0,0.0,0.0,0.0,1.0,1.0
12,160,9.2285860529234,9.907031003480409,1.0,0.0,0.0,1.0,1.0,1.0
13,160,0.0,12.0,0.0,0.0,1.0,0.0,1.0,1.0
14,160,4.512154263526055,10.238962395679282,0.0,0.0,0.0,1.0,0.0,0.0
0,165,9.648216652796314,0.0,0.0,0.0,0.0,0.0,1.0,0.0
1,165,1.8542033172648524,8.436253770978158,0.0,1.0,0.0,0.0,0.0,1.0
2,165,7.238766932409938,3.723387872329488,0.0,1.0,0.0,0.0,0.0,0.0
3,165,6.807233539084514,9.2068363488434,0.0,0.0,1.0,0.0,0.0,1.0
4,165,4.366438666510435,8.69249678508267,1.0,0.0,1.0,1.0,0.0,1.0
5,165,11.430193627772296,1.452670534504893,0.0,0.0,1.0,1.0,0.0,0.0
6,165,3.5916545711186734,2.101452020030924,0.0,1.0,1.0,1.0,0.0,0.0
7,165,11.86347576533844,7.337161533827319,1.0,0.0,0.0,0.0,0.0,1.0
8,165,9.22094844092116,0.0,1.0,0.0,1.0,0.0,1.0,1.0
9,165,9.115881354034848,7.498770503670562,0.0,0.0,0.0,1.0,0.0,0.0
10,165,5.3703954406338426,7.644293648340662,0.0,0.0,1.0,0.0,0.0,0.0
11,165,9.017146434592858,11.095041420688736,0.0,0.0,0.0,0.0,1.0,1.0
12,165,9.167232319398638,9.873430243309436,1.0,0.0,0.0,1.0,1.0,1.0
13,165,0.0,12.0,0.0,0.0,1.0,0.0,1.0,1.0
14,165,4.50599296321609,10.401434844153734,0.0,0.0,0.0,1.0,0.0,0.0
0,170,9.643214112112055,0.0,0.0,0.0,0.0,0.0,1.0,0.0
1,170,1.878763684871478,8.498420267072534,0.0,1.0,0.0,0.0,0.0,1.0
2,170,7.209221290852738,3.637441497480833,0.0,1.0,0.0,0.0,0.0,0.0
3,170,6.8544873431327495,9.222698759040105,0.0,0.0,1.0,0.0,0.0,1.0
4,170,4.22594210175767,8.779073724308738,1.0,0.0,1.0,1.0,0.0,1.0
5,170,11.486514783306705,1.3794930781241517,0.0,0.0,1.0,1.0,0.0,0.0
6,170,3.4803952033774816,2.113307975299052,0.0,1.0,1.0,1.0,0.0,0.0
7,170,11.932152359261911,7.284239126523457,1.0,0.0,0.0,0.0,0.0,1.0
8,170,9.0986606820417,0.0,1.0,0.0,1.0,0.0,1.0,1.0
9,170,9.142144807840888,7.509986734797806,0.0,0.0,0.0,1.0,0.0,0.0
10,170,5.322538477429546,7.576706615779665,0.0,0.0,1.0,0.0,0.0,0.0
11,170,9.129031248483802,10.988853356818892,0.0,0.0,0.0,0.0,1.0,1.0
12,170,9.100971602720632,9.839146541499428,1.0,0.0,0.0,1.0,1.0,1.0
13,170,0.0,12.0,0.0,0.0,1.0,0.0,1.0,1.0
14,170,4.505920238332744,10.546583739706415,0.0,0.0,0.0,1.0,0.0,0.0
0,175,9.638390595237832,0.0,0.0,0.0,0.0,0.0,1.0,0.0
1,175,1.897557326133256,8.54379835809897,0.0,1.0,0.0,0.0,0.0,1.0
2,175,7.188931700161417,3.5739359512337554,0.0,1.0,0.0,0.0,0.0,0.0
3,175,6.887227692380482,9.233360651687972,0.0,0.0,1.0,0.0,0.0,1.0
4,175,4.303841573308164,8.901580240004185,1.0,0.0,1.0,1.0,0.0,1.0
5,175,11.54872539132598,1.3004617127835905,0.0,0.0,1.0,1.0,0.0,0.0
6,175,3.357917554246617,2.125073314754171,0.0,1.0,1.0,1.0,0.0,0.0
7,175,12.0,7.230846843824432,1.0,0.0,0.0,0.0,0.0,1.0
8,175,8.977062179387076,0.0,1.0,0.0,1.0,0.0,1.0,1.0
9,175,9.162818356509376,7.518177963156347,0.0,0.0,0.0,1.0,0.0,0.0
10,175,5.285041853532322,7.525053343856308,0.0,0.0,1.0,0.0,0.0,0.0
11,175,9.253674882556036,10.869299179566028,0.0,0.0,0.0,0.0,1.0,1.0
12,175,9.052050764525164,9.813770343169754,1.0,0.0,0.0,1.0,1.0,1.0
13,175,0.0,12.0,0.0,0.0,1.0,0.0,1.0,1.0
14,175,4.506215829334497,10.690680427178572,0.0,0.0,0.0,1.0,0.0,0.0
0,180,9.633199810148714,0.0,0.0,0.0,0.0,0.0,1.0,0.0
1,180,1.9079359099633404,8.56928256384349,0.0,1.0,0.0,0.0,0.0,1.0
2,180,7.2419510975863775,3.5583624521979558,0.0,1.0,0.0,0.0,0.0,0.0
3,180,6.92561421963929,9.245601467529465,0.0,0.0,1.0,0.0,0.0,1.0
4,180,4.379243844356915,9.024378011362476,1.0,0.0,1.0,1.0,0.0,1.0
5,180,11.606991772443202,1.22309339484517,0.0,0.0,1.0,1.0,0.0,0.0
6,180,3.2280558529936614,2.136060376718641,0.0,1.0,1.0,1.0,0.0,0.0
7,180,12.0,7.174329032804734,1.0,0.0,0.0,0.0,0.0,1.0
8,180,8.852504374263757,0.0,1.0,0.0,1.0,0.0,1.0,1.0
9,180,9.193356499453662,7.530243628618018,0.0,0.0,0.0,1.0,0.0,0.0
10,180,5.25160241494132,7.477712580836412,0.0,0.0,1.0,0.0,0.0,0.0
11,180,9.402904875595013,10.719978292713291,0.0,0.0,0.0,0.0,1.0,1.0
12,180,9.00935573246777,9.792006870315522,1.0,0.0,0.0,1.0,1.0,1.0
13,180,0.0,12.0,0.0,0.0,1.0,0.0,1.0,1.0
14,180,4.50961916004937,10.84958668028828,0.0,0.0,0.0,1.0,0.0,0.0
0,185,9.627641895977966,0.0,0.0,0.0,0.0,0.0,1.0,0.0
1,185,1.9209057698057497,8.600722831520102,0.0,1.0,0.0,0.0,0.0,1.0
2,185,7.281290518582698,3.548283359948946,0.0,1.0,0.0,0.0,0.0,0.0
3,185,6.969593771753504,9.25963195824567,0.0,0.0,1.0,0.0,0.0,1.0
4,185,4.452690508354314,9.137717382938654,1.0,0.0,1.0,1.0,0.0,1.0
5,185,11.654123266776232,1.1616835693817598,0.0,0.0,1.0,1.0,0.0,0.0
6,185,3.1174808662932665,2.1480088357297062,0.0,1.0,1.0,1.0,0.0,0.0
7,185,12.0,7.12849542417939,1.0,0.0,0.0,0.0,0.0,1.0
8,185,8.743579927014872,0.0,1.0,0.0,1.0,0.0,1.0,1.0
9,185,9.211620123376196,7.537446111792557,0.0,0.0,0.0,1.0,0.0,0.0
10,185,5.209236418080804,7.413754216277073,0.0,0.0,1.0,0.0,0.0,0.0
11,185,9.545396951289748,10.579589256096876,0.0,0.0,0.0,0.0,1.0,1.0
12,185,8.95968031998982,9.766011953920112,1.0,0.0,0.0,1.0,1.0,1.0
13,185,0.0,12.0,0.0,0.0,1.0,0.0,1.0,1.0
14,185,4.518629622754956,11.027279728212886,0.0,0.0,0.0,1.0,0.0,0.0
0,190,9.623315063979074,0.0,0.0,0.0,0.0,0.0,1.0,0.0
1,190,1.9259737530883445,8.613310216570584,0.0,1.0,0.0,0.0,0.0,1.0
2,190,7.330363523293204,3.536398974667534,0.0,1.0,0.0,0.0,0.0,0.0
3,190,6.999681625191078,9.2682926406107,0.0,0.0,1.0,0.0,0.0,1.0
4,190,4.520651430577167,9.2476890823785,1.0,0.0,1.0,1.0,0.0,1.0
5,190,11.700579458338469,1.10012208188665,0.0,0.0,1.0,1.0,0.0,0.0
6,190,3.0405153894198875,2.156849390893988,0.0,1.0,1.0,1.0,0.0,0.0
7,190,12.0,7.075518738008628,1.0,0.0,0.0,0.0,0.0,1.0
8,190,8.621280229191127,0.0,1.0,0.0,1.0,0.0,1.0,1.0
9,190,9.213617573530422,7.538308721891727,0.0,0.0,0.0,1.0,0.0,0.0
10,190,5.164680614987944,7.348236699048931,0.0,0.0,1.0,0.0,0.0,0.0
11,190,9.702094088003246,10.418241039022767,0.0,0.0,0.0,0.0,1.0,1.0
12,190,8.903696779311186,9.737201128406824,1.0,0.0,0.0,1.0,1.0,1.0
13,190,0.0,12.0,0.0,0.0,1.0,0.0,1.0,1.0
14,190,4.52929906800176,11.20673463154079,0.0,0.0,0.0,1.0,0.0,0.0
0,195,9.61963299707348,0.0,0.0,0.0,0.0,0.0,1.0,0.0
1,195,1.9405933480742903,8.648487754273575,0.0,1.0,0.0,0.0,0.0,1.0
2,195,7.367778068907227,3.5278066833236825,0.0,1.0,0.0,0.0,0.0,0.0
3,195,7.0149113010578805,9.27225664632534,0.0,0.0,1.0,0.0,0.0,1.0
4,195,4.594297212233878,9.365587360346424,1.0,0.0,1.0,1.0,0.0,1.0
5,195,11.744512985054724,1.0420616780836989,0.0,0.0,1.0,1.0,0.0,0.0
6,195,2.958877144380144,2.166481850632527,0.0,1.0,1.0,1.0,0.0,0.0
7,195,12.0,7.03957547013334,1.0,0.0,0.0,0.0,0.0,1.0
8,195,8.493532267440331,0.0,1.0,0.0,1.0,0.0,1.0,1.0
9,195,9.2259975344793,7.54362303446941,0.0,0.0,0.0,1.0,0.0,0.0
10,195,5.122601695614693,7.289082742014027,0.0,0.0,1.0,0.0,0.0,0.0
11,195,9.858477457907428,10.257425544700723,0.0,0.0,0.0,0.0,1.0,1.0
12,195,8.85403252184748,9.709485263160612,1.0,0.0,0.0,1.0,1.0,1.0
13,195,0.0,12.0,0.0,0.0,1.0,0.0,1.0,1.0
14,195,4.539383917670079,11.397458567125955,0.0,0.0,0.0,1.0,0.0,0.0
0,200,9.617063554431438,0.0,0.0,0.0,0.0,0.0,1.0,0.0
1,200,1.9554477647332988,8.681534216946408,0.0,1.0,0.0,0.0,0.0,1.0
2,200,7.409540559421933,3.518729775188408,0.0,1.0,0.0,0.0,0.0,0.0
3,200,7.0318094939175895,9.276196178367494,0.0,0.0,1.0,0.0,0.0,1.0
4,200,4.649773968775683,9.461205531430837,1.0,0.0,1.0,1.0,0.0,1.0
5,200,11.79655943712353,0.9750685266414304,0.0,0.0,1.0,1.0,0.0,0.0
6,200,2.8805079213562528,2.1777533881204887,0.0,1.0,1.0,1.0,0.0,0.0
7,200,12.0,6.994892800124519,1.0,0.0,0.0,0.0,0.0,1.0
8,200,8.378023746752872,0.0,1.0,0.0,1.0,0.0,1.0,1.0
9,200,9.239371308057889,7.549537951164249,0.0,0.0,0.0,1.0,0.0,0.0
10,200,5.0820927605158674,7.233890887116927,0.0,0.0,1.0,0.0,0.0,0.0
11,200,10.023401727611128,10.095407282977488,0.0,0.0,0.0,0.0,1.0,1.0
12,200,8.804956290712123,9.680270951737445,1.0,0.0,0.0,1.0,1.0,1.0
13,200,0.0,12.0,0.0,0.0,1.0,0.0,1.0,1.0
14,200,4.543641035387758,11.600792627967198,0.0,0.0,0.0,1.0,0.0,0.0
0,205,9.615279472996772,0.0,0.0,0.0,0.0,0.0,1.0,0.0
1,205,1.9660466944438844,8.705579015544751,0.0,1.0,0.0,0.0,0.0,1.0
2,205,7.481632015373183,3.503736711656835,0.0,1.0,0.0,0.0,0.0,0.0
3,205,7.0294655461824345,9.275618205519212,0.0,0.0,1.0,0.0,0.0,1.0
4,205,4.7205309217418,9.586282438262328,1.0,0.0,1.0,1.0,0.0,1.0
5,205,11.857223433253106,0.903852862899384,0.0,0.0,1.0,1.0,0.0,0.0
6,205,2.805018377570703,2.19064798843278,0.0,1.0,1.0,1.0,0.0,0.0
7,205,12.0,6.958841400080353,1.0,0.0,0.0,0.0,0.0,1.0
8,205,8.25491858395177,0.0,1.0,0.0,1.0,0.0,1.0,1.0
9,205,9.239848711979167,7.549753081381585,0.0,0.0,0.0,1.0,0.0,0.0
10,205,5.043490336009352,7.179342461500522,0.0,0.0,1.0,0.0,0.0,0.0
11,205,10.170531124384452,9.949590011167867,0.0,0.0,0.0,0.0,1.0,1.0
12,205,8.75706597455706,9.652148993133547,1.0,0.0,0.0,1.0,1.0,1.0
13,205,0.0075889006935778,11.998661691631431,0.0,0.0,1.0,0.0,1.0,1.0
14,205,4.548674471144658,11.786871076379905,0.0,0.0,0.0,1.0,0.0,0.0
0,210,9.615054980844986,0.0,0.0,0.0,0.0,0.0,1.0,0.0
1,210,1.971100880475255,8.71603792621452,0.0,1.0,0.0,0.0,0.0,1.0
2,210,7.556236760362425,3.4908538427079883,0.0,1.0,0.0,0.0,0.0,0.0
3,210,7.00706591822718,9.270371169666667,0.0,0.0,1.0,0.0,0.0,1.0
4,210,4.792024006243191,9.70938857044306,1.0,0.0,1.0,1.0,0.0,1.0
5,210,11.92871605753356,0.8191332594701826,0.0,0.0,1.0,1.0,0.0,0.0
6,210,2.689492498633022,2.20944222829879,0.0,1.0,1.0,1.0,0.0,0.0
7,210,12.0,6.92662588108638,1.0,0.0,0.0,0.0,0.0,1.0
8,210,8.130913291937894,0.0,1.0,0.0,1.0,0.0,1.0,1.0
9,210,9.244215748451774,7.551769688072079,0.0,0.0,0.0,1.0,0.0,0.0
10,210,5.004944414447197,7.125540357507551,0.0,0.0,1.0,0.0,0.0,0.0
11,210,10.31291195560288,9.811935736373036,0.0,0.0,0.0,0.0,1.0,1.0
12,210,8.700663941149033,9.619695737632618,1.0,0.0,0.0,1.0,1.0,1.0
13,210,0.017433967665455,11.996759570887424,0.0,0.0,1.0,0.0,1.0,1.0
14,210,4.552805036079087,11.990717567935905,0.0,0.0,0.0,1.0,0.0,0.0
0,215,9.61586278644914,0.0029677029348131,0.0,0.0,0.0,0.0,1.0,0.0
1,215,1.9760490362913548,8.72517572922158,0.0,1.0,0.0,0.0,0.0,1.0
2,215,7.614299485489448,3.481744741919481,0.0,1.0,0.0,0.0,0.0,0.0
3,215,6.989822950880244,9.266563917597932,0.0,0.0,1.0,0.0,0.0,1.0
4,215,4.862603341116161,9.82754850511314,1.0,0.0,1.0,1.0,0.0,1.0
5,215,12.0,0.7324380425874502,0.0,0.0,1.0,1.0,0.0,0.0
6,215,2.555938987196371,2.229314709021405,0.0,1.0,1.0,1.0,0.0,0.0
7,215,12.0,6.901084912111148,1.0,0.0,0.0,0.0,0.0,1.0
8,215,8.007626850222142,0.0,1.0,0.0,1.0,0.0,1.0,1.0
9,215,9.23722750990787,7.548830810509542,0.0,0.0,0.0,1.0,0.0,0.0
10,215,4.964493062397347,7.069167607385265,0.0,0.0,1.0,0.0,0.0,0.0
11,215,10.456990212500912,9.970442728373468,0.0,0.0,0.0,0.0,1.0,1.0
12,215,8.649612014552718,9.59066608234334,1.0,0.0,0.0,1.0,1.0,1.0
13,215,0.0324259684480728,11.994392646838058,0.0,0.0,1.0,0.0,1.0,1.0
14,215,4.557270297081395,12.0,0.0,0.0,0.0,1.0,0.0,0.0
0,220,9.615993102906598,0.0035381251261339,0.0,0.0,0.0,0.0,1.0,0.0
1,220,1.967945341665584,8.711255895915528,0.0,1.0,0.0,0.0,0.0,1.0
2,220,7.683978539135218,3.473750444160526,0.0,1.0,0.0,0.0,0.0,0.0
3,220,6.976810506901963,9.26385608471456,0.0,0.0,1.0,0.0,0.0,1.0
4,220,4.919215387889494,9.93071790940993,1.0,0.0,1.0,1.0,0.0,1.0
5,220,12.0,0.6426604240673611,0.0,0.0,1.0,1.0,0.0,0.0
6,220,2.454085153768968,2.2464090793414644,0.0,1.0,1.0,1.0,0.0,0.0
7,220,12.0,6.869955110681564,1.0,0.0,0.0,0.0,0.0,1.0
8,220,7.887734263360408,0.0,1.0,0.0,1.0,0.0,1.0,1.0
9,220,9.238115381084237,7.54924888362768,0.0,0.0,0.0,1.0,0.0,0.0
10,220,4.941270649205528,7.035707337668513,0.0,0.0,1.0,0.0,0.0,0.0
11,220,10.588313124047415,10.11578902173694,0.0,0.0,0.0,0.0,1.0,1.0
12,220,8.608800357639664,9.566689633414908,1.0,0.0,0.0,1.0,1.0,1.0
13,220,0.0520287822559369,11.991931965316947,0.0,0.0,1.0,0.0,1.0,1.0
14,220,4.5718087048931,12.0,0.0,0.0,0.0,1.0,0.0,0.0
0,225,9.617130261452662,0.0082940072304871,0.0,0.0,0.0,0.0,1.0,0.0
1,225,1.950099328116197,8.67962637303479,0.0,1.0,0.0,0.0,0.0,1.0
2,225,7.755914272034658,3.467595598581529,0.0,1.0,0.0,0.0,0.0,0.0
3,225,6.961297505944989,9.260719302117446,0.0,0.0,1.0,0.0,0.0,1.0
4,225,4.971198246646575,10.02220342818379,1.0,0.0,1.0,1.0,0.0,1.0
5,225,12.0,0.5196743515202935,0.0,0.0,1.0,1.0,0.0,0.0
6,225,2.365020476902532,2.262004603216727,0.0,1.0,1.0,1.0,0.0,0.0
7,225,11.968685110626456,6.825803099108002,1.0,0.0,0.0,0.0,0.0,1.0
8,225,7.764679884173432,0.0,1.0,0.0,1.0,0.0,1.0,1.0
9,225,9.232061297416244,7.561932904819886,0.0,0.0,0.0,1.0,0.0,0.0
10,225,4.907336649601586,6.984945848747083,0.0,0.0,1.0,0.0,0.0,0.0
11,225,10.713666648425471,10.265656435648763,0.0,0.0,0.0,0.0,1.0,1.0
12,225,8.575298349690982,9.54774114774853,1.0,0.0,0.0,1.0,1.0,1.0
13,225,0.0948355403638001,11.98604790279192,0.0,0.0,1.0,0.0,1.0,1.0
14,225,4.585194851596523,12.0,0.0,0.0,0.0,1.0,0.0,0.0
0,230,9.618936780357345,0.0162922792219408,0.0,0.0,0.0,0.0,1.0,0.0
1,230,1.931186046646701,8.644051139199792,0.0,1.0,0.0,0.0,0.0,1.0
2,230,7.800467377551075,3.4643185289202862,0.0,1.0,0.0,0.0,0.0,0.0
3,230,6.928174414889817,9.253595252353003,0.0,0.0,1.0,0.0,0.0,1.0
4,230,5.0346150459203205,10.1354137641467,1.0,0.0,1.0,1.0,0.0,1.0
5,230,12.0,0.4091979696030143,0.0,0.0,1.0,1.0,0.0,0.0
6,230,2.291910775687174,2.27351962612776,0.0,1.0,1.0,1.0,0.0,0.0
7,230,11.945601512578095,6.795241804625098,1.0,0.0,0.0,0.0,0.0,1.0
8,230,7.640993112523413,0.0,1.0,0.0,1.0,0.0,1.0,1.0
9,230,9.222758371167908,7.580641127811734,0.0,0.0,0.0,1.0,0.0,0.0
10,230,4.947575214992175,6.958507049301637,0.0,0.0,1.0,0.0,0.0,0.0
11,230,10.82974163858234,10.397959074056365,0.0,0.0,0.0,0.0,1.0,1.0
12,230,8.544428148491747,9.531326296146586,1.0,0.0,0.0,1.0,1.0,1.0
13,230,0.1303853604941721,11.981438460244956,0.0,0.0,1.0,0.0,1.0,1.0
14,230,4.604396158017649,12.0,0.0,0.0,0.0,1.0,0.0,0.0
0,235,9.622050569344262,0.030659544638914,0.0,0.0,0.0,0.0,1.0,0.0
1,235,1.908447495650233,8.601385063563757,0.0,1.0,0.0,0.0,0.0,1.0
2,235,7.849059855919986,3.461516603199838,0.0,1.0,0.0,0.0,0.0,0.0
3,235,6.89824110032373,9.247671716778711,0.0,0.0,1.0,0.0,0.0,1.0
4,235,5.108043404330748,10.26104119698234,1.0,0.0,1.0,1.0,0.0,1.0
5,235,12.0,0.3048994318732707,0.0,0.0,1.0,1.0,0.0,0.0
6,235,2.200997004004944,2.2894775825798304,0.0,1.0,1.0,1.0,0.0,0.0
7,235,11.931127319805835,6.7764492091780655,1.0,0.0,0.0,0.0,0.0,1.0
8,235,7.514002027826319,0.0,1.0,0.0,1.0,0.0,1.0,1.0
9,235,9.223905403706192,7.578193705495175,0.0,0.0,0.0,1.0,0.0,0.0
10,235,4.993055694393149,6.928275083962488,0.0,0.0,1.0,0.0,0.0,0.0
11,235,10.952378126461156,10.543932551393254,0.0,0.0,0.0,0.0,1.0,1.0
12,235,8.50028050997469,9.508286519557704,1.0,0.0,0.0,1.0,1.0,1.0
13,235,0.1416709271283827,11.979699405633166,0.0,0.0,1.0,0.0,1.0,1.0
14,235,4.617815305791138,12.0,0.0,0.0,0.0,1.0,0.0,0.0
0,240,9.626499347387671,0.052727757510813,0.0,0.0,0.0,0.0,1.0,0.0
1,240,1.874990201928581,8.53722687121252,0.0,1.0,0.0,0.0,0.0,1.0
2,240,7.9186187000392865,3.455275926643572,0.0,1.0,0.0,0.0,0.0,0.0
3,240,6.889233502939336,9.246063010625369,0.0,0.0,1.0,0.0,0.0,1.0
4,240,5.180228577385122,10.382836104575892,1.0,0.0,1.0,1.0,0.0,1.0
5,240,12.0,0.197896549942452,0.0,0.0,1.0,1.0,0.0,0.0
6,240,2.0831607694051564,2.3092704948442364,0.0,1.0,1.0,1.0,0.0,0.0
7,240,11.923235668607392,6.766578545225903,1.0,0.0,0.0,0.0,0.0,1.0
8,240,7.392212663115381,0.0,1.0,0.0,1.0,0.0,1.0,1.0
9,240,9.234414904255711,7.556532893874706,0.0,0.0,0.0,1.0,0.0,0.0
10,240,5.047316948332087,6.891740393096135,0.0,0.0,1.0,0.0,0.0,0.0
11,240,11.085272642003815,10.700752663951638,0.0,0.0,0.0,0.0,1.0,1.0
12,240,8.443061861345152,9.480027400103626,1.0,0.0,0.0,1.0,1.0,1.0
13,240,0.1444719645428268,11.97923051065282,0.0,0.0,1.0,0.0,1.0,1.0
14,240,4.635258587918286,12.0,0.0,0.0,0.0,1.0,0.0,0.0
0,245,9.632924708228243,0.0804700786678227,0.0,0.0,0.0,0.0,1.0,0.0
1,245,1.8382240335324072,8.467430138577688,0.0,1.0,0.0,0.0,0.0,1.0
2,245,7.98802724927127,3.447505612852875,0.0,1.0,0.0,0.0,0.0,0.0
3,245,6.882369288036489,9.244648260568342,0.0,0.0,1.0,0.0,0.0,1.0
4,245,5.24615115327178,10.498262627819942,1.0,0.0,1.0,1.0,0.0,1.0
5,245,12.0,0.0896283602798629,0.0,0.0,1.0,1.0,0.0,0.0
6,245,1.9690269239009808,2.3302105239943267,0.0,1.0,1.0,1.0,0.0,0.0
7,245,11.91081760684452,6.75055978789493,1.0,0.0,0.0,0.0,0.0,1.0
8,245,7.270612071151774,0.0,1.0,0.0,1.0,0.0,1.0,1.0
9,245,9.249356767651449,7.526199760996043,0.0,0.0,0.0,1.0,0.0,0.0
10,245,5.096840974843015,6.8553322359088975,0.0,0.0,1.0,0.0,0.0,0.0
11,245,11.231859271355304,10.866182057438252,0.0,0.0,0.0,0.0,1.0,1.0
12,245,8.402087872188748,9.458909663189184,1.0,0.0,0.0,1.0,1.0,1.0
13,245,0.1444739101497997,11.979230241806215,0.0,0.0,1.0,0.0,1.0,1.0
14,245,4.652379852462108,12.0,0.0,0.0,0.0,1.0,0.0,0.0
0,250,9.643540971444311,0.1224481469102649,0.0,0.0,0.0,0.0,1.0,0.0
1,250,1.8007066226716766,8.389235684003747,0.0,1.0,0.0,0.0,0.0,1.0
2,250,8.055299938793626,3.438611979686337,0.0,1.0,0.0,0.0,0.0,0.0
3,250,6.8484322544967,9.23700044431699,0.0,0.0,1.0,0.0,0.0,1.0
4,250,5.305670906309932,10.602247084405771,1.0,0.0,1.0,1.0,0.0,1.0
5,250,12.0,0.0,0.0,0.0,1.0,1.0,0.0,0.0
6,250,1.8479122267458143,2.349422336058679,0.0,1.0,1.0,1.0,0.0,0.0
7,250,11.901742590124394,6.738618777003755,1.0,0.0,0.0,0.0,0.0,1.0
8,250,7.147033079594969,0.0,1.0,0.0,1.0,0.0,1.0,1.0
9,250,9.25902773260999,7.506331226716712,0.0,0.0,0.0,1.0,0.0,0.0
10,250,5.150067822503885,6.8151745503377645,0.0,0.0,1.0,0.0,0.0,0.0
11,250,11.389048020132112,11.037601608855462,0.0,0.0,0.0,0.0,1.0,1.0
12,250,8.353673526984187,9.434338118313752,1.0,0.0,0.0,1.0,1.0,1.0
13,250,0.160791499419443,11.977283464499092,0.0,0.0,1.0,0.0,1.0,1.0
14,250,4.670947683422296,12.0,0.0,0.0,0.0,1.0,0.0,0.0
0,255,9.652356178261584,0.1568067216048648,0.0,0.0,0.0,0.0,1.0,0.0
1,255,1.757684048924486,8.304022772131017,0.0,1.0,0.0,0.0,0.0,1.0
2,255,8.135650267679484,3.4273535185955475,0.0,1.0,0.0,0.0,0.0,0.0
3,255,6.790496808272494,9.224864049042488,0.0,0.0,1.0,0.0,0.0,1.0
4,255,5.371671790635034,10.714878022937231,1.0,0.0,1.0,1.0,0.0,1.0
5,255,12.0,0.0,0.0,0.0,1.0,1.0,0.0,0.0
6,255,1.760691198668095,2.362942455559476,0.0,1.0,1.0,1.0,0.0,0.0
7,255,11.892912182736582,6.726869993608248,1.0,0.0,0.0,0.0,0.0,1.0
8,255,7.012716661905317,0.0,1.0,0.0,1.0,0.0,1.0,1.0
9,255,9.267087006975894,7.489009608562246,0.0,0.0,0.0,1.0,0.0,0.0
10,255,5.201581449976035,6.778001514649179,0.0,0.0,1.0,0.0,0.0,0.0
11,255,11.55092050143514,11.21447120419965,0.0,0.0,0.0,0.0,1.0,1.0
12,255,8.28838167377785,9.403089452392887,1.0,0.0,0.0,1.0,1.0,1.0
13,255,0.1571133660245676,11.950513046266774,0.0,0.0,1.0,0.0,1.0,1.0
14,255,4.689886405833297,12.0,0.0,0.0,0.0,1.0,0.0,0.0
0,260,9.66143418645974,0.1923104497959163,0.0,0.0,0.0,0.0,1.0,0.0
1,260,1.7198397639875431,8.225511989977498,0.0,1.0,0.0,0.0,0.0,1.0
2,260,8.194650604681188,3.41979696262428,0.0,1.0,0.0,0.0,0.0,0.0
3,260,6.723825956346162,9.208157102596749,0.0,0.0,1.0,0.0,0.0,1.0
4,260,5.4431120960816415,10.82762440347859,1.0,0.0,1.0,1.0,0.0,1.0
5,260,12.0,0.0,0.0,0.0,1.0,1.0,0.0,0.0
6,260,1.6820691521578373,2.3759711168783686,0.0,1.0,1.0,1.0,0.0,0.0
7,260,11.878698420299031,6.707246623346133,1.0,0.0,0.0,0.0,0.0,1.0
8,260,6.877024272966908,0.0,1.0,0.0,1.0,0.0,1.0,1.0
9,260,9.274676123534372,7.472788670973303,0.0,0.0,0.0,1.0,0.0,0.0
10,260,5.246969494673796,6.747530918333996,0.0,0.0,1.0,0.0,0.0,0.0
11,260,11.714340544199326,11.380554750548203,0.0,0.0,0.0,0.0,1.0,1.0
12,260,8.228797766223876,9.37414267551618,1.0,0.0,0.0,1.0,1.0,1.0
13,260,0.1548145176041915,11.933723366015492,0.0,0.0,1.0,0.0,1.0,1.0
14,260,4.704258750679106,12.0,0.0,0.0,0.0,1.0,0.0,0.0
0,265,9.667770664582212,0.2166909022514009,0.0,0.0,0.0,0.0,1.0,0.0
1,265,1.6773488313434777,8.139847846825122,0.0,1.0,0.0,0.0,0.0,1.0
2,265,8.243568044338415,3.413436686851284,0.0,1.0,0.0,0.0,0.0,0.0
3,265,6.654828576295317,9.191282644103406,0.0,0.0,1.0,0.0,0.0,1.0
4,265,5.511082599893939,10.943093772580298,1.0,0.0,1.0,1.0,0.0,1.0
5,265,12.0,0.0,0.0,0.0,1.0,1.0,0.0,0.0
6,265,1.6402226979453125,2.382268577448359,0.0,1.0,1.0,1.0,0.0,0.0
7,265,11.86175523397828,6.682980917871149,1.0,0.0,0.0,0.0,0.0,1.0
8,265,6.747716930157677,0.0,1.0,0.0,1.0,0.0,1.0,1.0
9,265,9.275535672432907,7.471164271838186,0.0,0.0,0.0,1.0,0.0,0.0
10,265,5.28589418955466,6.719834593974374,0.0,0.0,1.0,0.0,0.0,0.0
11,265,11.89724676203899,11.5608503992019,0.0,0.0,0.0,0.0,1.0,1.0
12,265,8.170219980742866,9.347017900955388,1.0,0.0,0.0,1.0,1.0,1.0
13,265,0.1551946516972442,11.93636406655992,0.0,0.0,1.0,0.0,1.0,1.0
14,265,4.720358690784976,12.0,0.0,0.0,0.0,1.0,0.0,0.0
0,270,9.675432827768685,0.2463631081566329,0.0,0.0,0.0,0.0,1.0,0.0
1,270,1.6370398100464254,8.058803489803367,0.0,1.0,0.0,0.0,0.0,1.0
2,270,8.311416638457057,3.4046799015125075,0.0,1.0,0.0,0.0,0.0,0.0
3,270,6.583864819810192,9.173137284394322,0.0,0.0,1.0,0.0,0.0,1.0
4,270,5.588070440793122,11.063937776513734,1.0,0.0,1.0,1.0,0.0,1.0
5,270,12.0,0.0,0.0,0.0,1.0,1.0,0.0,0.0
6,270,1.5861055816871923,2.3897381568874727,0.0,1.0,1.0,1.0,0.0,0.0
7,270,11.841975312401804,6.655319967881892,1.0,0.0,0.0,0.0,0.0,1.0
8,270,6.607275065704156,0.0,1.0,0.0,1.0,0.0,1.0,1.0
9,270,9.281361505812765,7.459027399554166,0.0,0.0,0.0,1.0,0.0,0.0
10,270,5.319368637927749,6.695589219365267,0.0,0.0,1.0,0.0,0.0,0.0
11,270,12.0,11.736395738640736,0.0,0.0,0.0,0.0,1.0,1.0
12,270,8.108527052064124,9.31781037827182,1.0,0.0,0.0,1.0,1.0,1.0
13,270,0.1580943089539055,11.957205868213718,0.0,0.0,1.0,0.0,1.0,1.0
14,270,4.729321596575946,12.0,0.0,0.0,0.0,1.0,0.0,0.0
0,275,9.68782170109973,0.2907103904338188,0.0,0.0,0.0,0.0,1.0,0.0
1,275,1.59851501277609,7.983471602819496,0.0,1.0,0.0,0.0,0.0,1.0
2,275,8.373489355337389,3.3969038119250867,0.0,1.0,0.0,0.0,0.0,0.0
3,275,6.529700520663753,9.16009050633509,0.0,0.0,1.0,0.0,0.0,1.0
4,275,5.672327937676212,11.19106135973713,1.0,0.0,1.0,1.0,0.0,1.0
5,275,12.0,0.0,0.0,0.0,1.0,1.0,0.0,0.0
6,275,1.5324300407557196,2.396660691455958,0.0,1.0,1.0,1.0,0.0,0.0
7,275,11.820877456738836,6.625112600619287,1.0,0.0,0.0,0.0,0.0,1.0
8,275,6.45798126554212,0.0,1.0,0.0,1.0,0.0,1.0,1.0
9,275,9.28545013345098,7.450391045945994,0.0,0.0,0.0,1.0,0.0,0.0
10,275,5.366504918489589,6.662846125812751,0.0,0.0,1.0,0.0,0.0,0.0
11,275,12.0,11.903916006770208,0.0,0.0,0.0,0.0,1.0,1.0
12,275,8.137245713577753,9.256617697522271,1.0,0.0,0.0,1.0,1.0,1.0
13,275,0.1592870615328874,11.966295063410072,0.0,0.0,1.0,0.0,1.0,1.0
14,275,4.739040465860404,12.0,0.0,0.0,0.0,1.0,0.0,0.0
0,280,9.691842440370522,0.3056080746563045,0.0,0.0,0.0,0.0,1.0,0.0
1,280,1.5665045814222958,7.916248940556437,0.0,1.0,0.0,0.0,0.0,1.0
2,280,8.434587120703267,3.3877980241907326,0.0,1.0,0.0,0.0,0.0,0.0
3,280,6.500946617921021,9.153148973113854,0.0,0.0,1.0,0.0,0.0,1.0
4,280,5.748998269544239,11.309742972932732,1.0,0.0,1.0,1.0,0.0,1.0
5,280,12.0,0.0,0.0,0.0,1.0,1.0,0.0,0.0
6,280,1.5406179665885238,2.457106797267677,0.0,1.0,1.0,1.0,0.0,0.0
7,280,11.807144136181018,6.606095659301038,1.0,0.0,0.0,0.0,0.0,1.0
8,280,6.302019872864658,0.0,1.0,0.0,1.0,0.0,1.0,1.0
9,280,9.28751097511222,7.445818009316479,0.0,0.0,0.0,1.0,0.0,0.0
10,280,5.414622155226829,6.629205962111983,0.0,0.0,1.0,0.0,0.0,0.0
11,280,12.0,12.0,0.0,0.0,0.0,0.0,1.0,1.0
12,280,8.151703568505456,9.226800735088624,1.0,0.0,0.0,1.0,1.0,1.0
13,280,0.160924213506488,11.980537608908255,0.0,0.0,1.0,0.0,1.0,1.0
14,280,4.749456486825251,12.0,0.0,0.0,0.0,1.0,0.0,0.0
0,285,9.697674772493931,0.3264274574081225,0.0,0.0,0.0,0.0,1.0,0.0
1,285,1.535910186191821,7.852293168469894,0.0,1.0,0.0,0.0,0.0,1.0
2,285,8.495527090529785,3.3783103617150703,0.0,1.0,0.0,0.0,0.0,0.0
3,285,6.472730364798876,9.14660403925336,0.0,0.0,1.0,0.0,0.0,1.0
4,285,5.822473597463414,11.42522239466333,1.0,0.0,1.0,1.0,0.0,1.0
5,285,12.0,0.0,0.0,0.0,1.0,1.0,0.0,0.0
6,285,1.5502790941529798,2.5296490394806783,0.0,1.0,1.0,1.0,0.0,0.0
7,285,11.794684654018852,6.589441179663796,1.0,0.0,0.0,0.0,0.0,1.0
8,285,6.150597105591085,0.0,1.0,0.0,1.0,0.0,1.0,1.0
9,285,9.2831165841446,7.45515772106708,0.0,0.0,0.0,1.0,0.0,0.0
10,285,5.444921969883773,6.609215774541885,0.0,0.0,1.0,0.0,0.0,0.0
11,285,12.0,12.0,0.0,0.0,0.0,0.0,1.0,1.0
12,285,8.165007824008653,9.20059815200259,1.0,0.0,0.0,1.0,1.0,1.0
13,285,0.1601047016379827,11.97366619646514,0.0,0.0,1.0,0.0,1.0,1.0
14,285,4.759469473290416,12.0,0.0,0.0,0.0,1.0,0.0,0.0
0,290,9.70605855047012,0.3588429084820546,0.0,0.0,0.0,0.0,1.0,0.0
1,290,1.4992835228902652,7.773051321952371,0.0,1.0,0.0,0.0,0.0,1.0
2,290,8.568935844778018,3.367310282223301,0.0,1.0,0.0,0.0,0.0,0.0
3,290,6.450674041352607,9.141396592601486,0.0,0.0,1.0,0.0,0.0,1.0
4,290,5.8957437196237255,11.540475662086909,1.0,0.0,1.0,1.0,0.0,1.0
5,290,12.0,0.0,0.0,0.0,1.0,1.0,0.0,0.0
6,290,1.559357663733708,2.6003318817276058,0.0,1.0,1.0,1.0,0.0,0.0
7,290,11.77955275625838,6.568851435446204,1.0,0.0,0.0,0.0,0.0,1.0
8,290,5.997112885287491,0.0,1.0,0.0,1.0,0.0,1.0,1.0
9,290,9.287330137355852,7.446239301978021,0.0,0.0,0.0,1.0,0.0,0.0
10,290,5.457165276212968,6.601183194595497,0.0,0.0,1.0,0.0,0.0,0.0
11,290,12.0,12.0,0.0,0.0,0.0,0.0,1.0,1.0
12,290,8.178175688012587,9.174714174879629,1.0,0.0,0.0,1.0,1.0,1.0
13,290,0.1567322621317239,11.94752095426366,0.0,0.0,1.0,0.0,1.0,1.0
14,290,4.76872282231563,12.0,0.0,0.0,0.0,1.0,0.0,0.0
0,295,9.711938507672858,0.3822753881387758,0.0,0.0,0.0,0.0,1.0,0.0
1,295,1.462950724181,7.695047179146592,0.0,1.0,0.0,0.0,0.0,1.0
2,295,8.579005045366495,3.4314914673663592,0.0,1.0,0.0,0.0,0.0,0.0
3,295,6.419018919634736,9.13538304317569,0.0,0.0,1.0,0.0,0.0,1.0
4,295,5.964590939407715,11.656008141815107,1.0,0.0,1.0,1.0,0.0,1.0
5,295,12.0,0.0,0.0,0.0,1.0,1.0,0.0,0.0
6,295,1.575093865919344,2.700187019142704,0.0,1.0,1.0,1.0,0.0,0.0
7,295,11.752443155926088,6.531856457478096,1.0,0.0,0.0,0.0,0.0,1.0
8,295,5.845501964080295,0.0,1.0,0.0,1.0,0.0,1.0,1.0
9,295,9.295173304701072,7.428988854785255,0.0,0.0,0.0,1.0,0.0,0.0
10,295,5.45994380814933,6.599412112997482,0.0,0.0,1.0,0.0,0.0,0.0
11,295,12.0,12.0,0.0,0.0,0.0,0.0,1.0,1.0
12,295,8.195288514521613,9.138417871445872,1.0,0.0,0.0,1.0,1.0,1.0
13,295,0.1550164218223932,11.933327614704991,0.0,0.0,1.0,0.0,1.0,1.0
14,295,4.775134786747361,12.0,0.0,0.0,0.0,1.0,0.0,0.0
