0,0,5.99725434034736,7.044198623529369,1.0,0.0,1.0,0.0,1.0,1.0
1,0,2.932806131283878,8.01453724007941,1.0,0.0,0.0,0.0,0.0,0.0
2,0,10.02732431087143,10.072322240072744,1.0,0.0,0.0,1.0,1.0,0.0
3,0,4.029153101451463,6.949204826179323,1.0,0.0,1.0,0.0,0.0,1.0
4,0,3.975838086282981,10.915922680938628,1.0,0.0,0.0,0.0,1.0,1.0
5,0,4.980829636211669,10.931487347102705,0.0,0.0,0.0,0.0,1.0,0.0
6,0,5.056035295231572,0.0383070187070836,0.0,0.0,0.0,1.0,1.0,0.0
7,0,11.962807052381402,5.011176003119255,0.0,0.0,1.0,1.0,1.0,0.0
8,0,9.016524418025066,11.946686335534368,0.0,1.0,0.0,0.0,0.0,0.0
9,0,0.9872999556188008,10.058181732088531,1.0,1.0,1.0,0.0,1.0,0.0
10,0,6.042620035608209,8.995154889497323,1.0,0.0,1.0,0.0,1.0,0.0
11,0,5.982782573383099,6.959448976485122,1.0,0.0,0.0,0.0,0.0,1.0
12,0,3.977239572741619,2.9719134262734577,0.0,0.0,1.0,0.0,0.0,1.0
13,0,3.933336502692808,10.980003823062606,0.0,0.0,1.0,0.0,0.0,0.0
14,0,10.036918371138198,9.009116620798483,0.0,0.0,1.0,0.0,1.0,1.0
0,5,5.993970087532033,7.084000346514236,1.0,0.0,1.0,0.0,1.0,1.0
1,5,2.888520850268688,8.024290643084283,1.0,0.0,0.0,0.0,0.0,0.0
2,5,10.050989253051725,10.132134597280704,1.0,0.0,0.0,1.0,1.0,0.0
3,5,4.056029327492856,6.90341275732124,1.0,0.0,1.0,0.0,0.0,1.0
4,5,3.951831446324349,10.835256223599728,1.0,0.0,0.0,0.0,1.0,1.0
5,5,4.9652189976850485,10.873496128641753,0.0,0.0,0.0,0.0,1.0,0.0
6,5,5.11274796883264,0.0776423020989565,0.0,0.0,0.0,1.0,1.0,0.0
7,5,11.92421536325112,5.023458448095862,0.0,0.0,1.0,1.0,1.0,0.0
8,5,9.032027414426304,11.899933161264736,0.0,1.0,0.0,0.0,0.0,0.0
9,5,0.9771168801436074,10.11286502511316,1.0,1.0,1.0,0.0,1.0,0.0
10,5,6.0949967179703695,8.988024651529823,1.0,0.0,1.0,0.0,1.0,0.0
11,5,5.972601342851112,6.933984922666798,1.0,0.0,0.0,0.0,0.0,1.0
12,5,3.959524710503367,2.9499807565996488,0.0,0.0,1.0,0.0,0.0,1.0
13,5,3.8652928239241993,10.959222601330726,0.0,0.0,1.0,0.0,0.0,0.0
14,5,10.07857640018798,9.01869940392048,0.0,0.0,1.0,0.0,1.0,1.0
0,10,5.99113263556565,7.1221858387726495,1.0,0.0,1.0,0.0,1.0,1.0
1,10,2.8405969762554277,8.033314803783226,1.0,0.0,0.0,0.0,0.0,0.0
2,10,10.07100440192786,10.184376036383622,1.0,0.0,0.0,1.0,1.0,0.0
3,10,4.094964772726239,6.834925892635839,1.0,0.0,1.0,0.0,0.0,1.0
4,10,3.932481062247129,10.765826279887367,1.0,0.0,0.0,0.0,1.0,1.0
5,10,4.948175085486675,10.809525241424868,0.0,0.0,0.0,0.0,1.0,0.0
6,10,5.155983677797446,0.1104293213727148,0.0,0.0,0.0,1.0,1.0,0.0
7,10,11.873838959863436,5.039096792330171,0.0,0.0,1.0,1.0,1.0,0.0
8,10,9.047724070946028,11.849837354308004,0.0,1.0,0.0,0.0,0.0,0.0
9,10,0.9650047953020072,10.164731175084611,1.0,1.0,1.0,0.0,1.0,0.0
10,10,6.156731643331358,8.979788017239198,1.0,0.0,1.0,0.0,1.0,0.0
11,10,5.958926212033225,6.898952615571615,1.0,0.0,0.0,0.0,0.0,1.0
12,10,3.9452707970428302,2.9329033385053123,0.0,0.0,1.0,0.0,0.0,1.0
13,10,3.774018264463948,10.9289701162903,0.0,0.0,1.0,0.0,0.0,0.0
14,10,10.118658979893013,9.027834025044804,0.0,0.0,1.0,0.0,1.0,1.0
0,15,5.990183196605307,7.153720499972304,1.0,0.0,1.0,0.0,1.0,1.0
1,15,2.7711413721981937,8.0467162740414,1.0,0.0,0.0,0.0,0.0,0.0
2,15,10.090239284176905,10.235161767399838,1.0,0.0,0.0,1.0,1.0,0.0
3,15,4.137544843042569,6.757863408728509,1.0,0.0,1.0,0.0,0.0,1.0
4,15,3.919133759210535,10.718446393066984,1.0,0.0,0.0,0.0,1.0,1.0
5,15,4.930026872487167,10.743961258833508,0.0,0.0,0.0,0.0,1.0,0.0
6,15,5.1989309555077625,0.1423600186987022,0.0,0.0,0.0,1.0,1.0,0.0
7,15,11.858386127513173,5.044597705476965,0.0,0.0,1.0,1.0,1.0,0.0
8,15,9.063926562904276,11.803771886615792,0.0,1.0,0.0,0.0,0.0,0.0
9,15,0.9501013256523232,10.224432744565409,1.0,1.0,1.0,0.0,1.0,0.0
10,15,6.206018900483376,8.972835649524049,1.0,0.0,1.0,0.0,1.0,0.0
11,15,5.950856424393716,6.879510582016509,1.0,0.0,0.0,0.0,0.0,1.0
12,15,3.9363146142520575,2.9217515829090903,0.0,0.0,1.0,0.0,0.0,1.0
13,15,3.683190399306485,10.902797737911255,0.0,0.0,1.0,0.0,0.0,0.0
14,15,10.173455713457823,9.041729418636605,0.0,0.0,1.0,0.0,1.0,1.0
0,20,5.990172593376949,7.177626331138977,1.0,0.0,1.0,0.0,1.0,1.0
1,20,2.7038280578183027,8.056668009820475,1.0,0.0,0.0,0.0,0.0,0.0
2,20,10.103165230020014,10.269017137380542,1.0,0.0,0.0,1.0,1.0,0.0
3,20,4.179405595583721,6.683880663427777,1.0,0.0,1.0,0.0,0.0,1.0
4,20,3.905727437467007,10.671515253678391,1.0,0.0,0.0,0.0,1.0,1.0
5,20,4.882625429766427,10.757783522507498,0.0,0.0,0.0,0.0,1.0,0.0
6,20,5.237166534619028,0.1722900403635636,0.0,0.0,0.0,1.0,1.0,0.0
7,20,11.857276686521198,5.044960203894591,0.0,0.0,1.0,1.0,1.0,0.0
8,20,9.080349773621975,11.758505907874008,0.0,1.0,0.0,0.0,0.0,0.0
9,20,0.9382563646396616,10.274244266793774,1.0,1.0,1.0,0.0,1.0,0.0
10,20,6.2323202599146805,8.968251838780084,1.0,0.0,1.0,0.0,1.0,0.0
11,20,5.947210567646961,6.870088417190112,1.0,0.0,0.0,0.0,0.0,1.0
12,20,3.9281860269892297,2.91171529970955,0.0,0.0,1.0,0.0,0.0,1.0
13,20,3.5728086709328504,10.872596617273611,0.0,0.0,1.0,0.0,0.0,0.0
14,20,10.22884307033716,9.055693634830654,0.0,0.0,1.0,0.0,1.0,1.0
0,25,5.990194693205871,7.213685138619297,1.0,0.0,1.0,0.0,1.0,1.0
1,25,2.6294358471096806,8.06939973426615,1.0,0.0,0.0,0.0,0.0,0.0
2,25,10.105000587371403,10.27407024024414,1.0,0.0,0.0,1.0,1.0,0.0
3,25,4.2151151910635845,6.619080205943373,1.0,0.0,1.0,0.0,0.0,1.0
4,25,3.887703524851398,10.609245272560944,1.0,0.0,0.0,0.0,1.0,1.0
5,25,4.856202684323004,10.766149987577869,0.0,0.0,0.0,0.0,1.0,0.0
6,25,5.268511124516381,0.1963987118146736,0.0,0.0,0.0,1.0,1.0,0.0
7,25,11.85058115520956,5.025018599671759,0.0,0.0,1.0,1.0,1.0,0.0
8,25,9.098631543416005,11.705677085514802,0.0,1.0,0.0,0.0,0.0,0.0
9,25,0.9253396450605684,10.333131403992637,1.0,1.0,1.0,0.0,1.0,0.0
10,25,6.261846232868211,8.963746108268296,1.0,0.0,1.0,0.0,1.0,0.0
11,25,5.935233056510636,6.839115536545775,1.0,0.0,0.0,0.0,0.0,1.0
12,25,3.927097109720104,2.9104097522159136,0.0,0.0,1.0,0.0,0.0,1.0
13,25,3.4501913077378177,10.837939600612035,0.0,0.0,1.0,0.0,0.0,0.0
14,25,10.282730570702306,9.069579311487214,0.0,0.0,1.0,0.0,1.0,1.0
0,30,5.990868443770154,7.266767682315915,1.0,0.0,1.0,0.0,1.0,1.0
1,30,2.5545396385897967,8.079983513357448,1.0,0.0,0.0,0.0,0.0,0.0
2,30,10.10598385126755,10.276697388834176,1.0,0.0,0.0,1.0,1.0,0.0
3,30,4.2662575211114335,6.528061519954277,1.0,0.0,1.0,0.0,0.0,1.0
4,30,3.866322733121003,10.539258897442595,1.0,0.0,0.0,0.0,1.0,1.0
5,30,4.812271235615423,10.781431974822654,0.0,0.0,0.0,0.0,1.0,0.0
6,30,5.301742040470564,0.2199713188652814,0.0,0.0,0.0,1.0,1.0,0.0
7,30,11.840311889233408,4.993923706365213,0.0,0.0,1.0,1.0,1.0,0.0
8,30,9.112279641982308,11.66953042089798,0.0,1.0,0.0,0.0,0.0,0.0
9,30,0.9128958134429496,10.390958384700305,1.0,1.0,1.0,0.0,1.0,0.0
10,30,6.321393168105295,8.954314153834908,1.0,0.0,1.0,0.0,1.0,0.0
11,30,5.925503270595645,6.813208083806188,1.0,0.0,0.0,0.0,0.0,1.0
12,30,3.912821860118664,2.8946086861596854,0.0,0.0,1.0,0.0,0.0,1.0
13,30,3.316639579133473,10.803809811761392,0.0,0.0,1.0,0.0,0.0,0.0
14,30,10.347408408848972,9.085738378013222,0.0,0.0,1.0,0.0,1.0,1.0
0,35,5.992232982928755,7.320788882215756,1.0,0.0,1.0,0.0,1.0,1.0
1,35,2.489352286972195,8.088416259169362,1.0,0.0,0.0,0.0,0.0,0.0
2,35,10.117214732976787,10.271938561020526,1.0,0.0,0.0,1.0,1.0,0.0
3,35,4.309540296858422,6.448204230545123,1.0,0.0,1.0,0.0,0.0,1.0
4,35,3.8414674752313,10.461346176133311,1.0,0.0,0.0,0.0,1.0,1.0
5,35,4.753157916106137,10.80317864280522,0.0,0.0,0.0,0.0,1.0,0.0
6,35,5.329580883554034,0.2402724724887062,0.0,0.0,0.0,1.0,1.0,0.0
7,35,11.821215382256735,4.937527386561854,0.0,0.0,1.0,1.0,1.0,0.0
8,35,9.13243666614227,11.62029568097018,0.0,1.0,0.0,0.0,0.0,0.0
9,35,0.9041776405173376,10.4307202886885,1.0,1.0,1.0,0.0,1.0,0.0
10,35,6.380082440251607,8.945998701423958,1.0,0.0,1.0,0.0,1.0,0.0
11,35,5.920393580652973,6.799417924550521,1.0,0.0,0.0,0.0,0.0,1.0
12,35,3.888248538689132,2.867971359088904,0.0,0.0,1.0,0.0,0.0,1.0
13,35,3.2248859628902062,10.781307748697294,0.0,0.0,1.0,0.0,0.0,0.0
14,35,10.400001760829626,9.097818084893946,0.0,0.0,1.0,0.0,1.0,1.0
0,40,5.995822460901506,7.392724232421582,1.0,0.0,1.0,0.0,1.0,1.0
1,40,2.432236686796428,8.096720334951888,1.0,0.0,0.0,0.0,0.0,0.0
2,40,10.144501124980824,10.260300869689177,1.0,0.0,0.0,1.0,1.0,0.0
3,40,4.358333485343558,6.361701942813726,1.0,0.0,1.0,0.0,0.0,1.0
4,40,3.819038526275312,10.385337577475198,1.0,0.0,0.0,0.0,1.0,1.0
5,40,4.73293787000839,10.810595046736328,0.0,0.0,0.0,0.0,1.0,0.0
6,40,5.341060700724784,0.2481578121169911,0.0,0.0,0.0,1.0,1.0,0.0
7,40,11.806232040963865,4.895116461679846,0.0,0.0,1.0,1.0,1.0,0.0
8,40,9.158347409075658,11.56101051006565,0.0,1.0,0.0,0.0,0.0,0.0
9,40,0.889171832080062,10.49438318966138,1.0,1.0,1.0,0.0,1.0,0.0
10,40,6.439526881234217,8.93661936831234,1.0,0.0,1.0,0.0,1.0,0.0
11,40,5.919738577693343,6.797606615594764,1.0,0.0,0.0,0.0,0.0,1.0
12,40,3.868872984328434,2.8451361015620096,0.0,0.0,1.0,0.0,0.0,1.0
13,40,3.1512402704491733,10.765381651176584,0.0,0.0,1.0,0.0,0.0,0.0
14,40,10.464370669742216,9.114134745626163,0.0,0.0,1.0,0.0,1.0,1.0
0,45,5.999130451217386,7.48179002083961,1.0,0.0,1.0,0.0,1.0,1.0
1,45,2.394269357727331,8.101496647550418,1.0,0.0,0.0,0.0,0.0,0.0
2,45,10.178575550782352,10.246438131756484,1.0,0.0,0.0,1.0,1.0,0.0
3,45,4.410324494153644,6.268778539036961,1.0,0.0,1.0,0.0,0.0,1.0
4,45,3.798211804343696,10.31169077026268,1.0,0.0,0.0,0.0,1.0,1.0
5,45,4.72303361175904,10.814282164767416,0.0,0.0,0.0,0.0,1.0,0.0
6,45,5.3632939811454055,0.264645376877196,0.0,0.0,0.0,1.0,1.0,0.0
7,45,11.791400892484448,4.856598965581174,0.0,0.0,1.0,1.0,1.0,0.0
8,45,9.18177433209586,11.50522313079566,0.0,1.0,0.0,0.0,0.0,0.0
9,45,0.8748171741458315,10.55178295159344,1.0,1.0,1.0,0.0,1.0,0.0
10,45,6.480587730843546,8.931115165033974,1.0,0.0,1.0,0.0,1.0,0.0
11,45,5.91911769302891,6.795892618847226,1.0,0.0,0.0,0.0,0.0,1.0
12,45,3.840009916829267,2.8113889388545474,0.0,0.0,1.0,0.0,0.0,1.0
13,45,3.0651426132356177,10.745060895918831,0.0,0.0,1.0,0.0,0.0,0.0
14,45,10.544070234877026,9.136847683987751,0.0,0.0,1.0,0.0,1.0,1.0
0,50,6.002116028057639,7.558931416942547,1.0,0.0,1.0,0.0,1.0,1.0
1,50,2.3425341996886107,8.108091535455742,1.0,0.0,0.0,0.0,0.0,0.0
2,50,10.202909717819962,10.236892282775369,1.0,0.0,0.0,1.0,1.0,0.0
3,50,4.466898769288783,6.167804403392321,1.0,0.0,1.0,0.0,0.0,1.0
4,50,3.7734355853115114,10.223847957550388,1.0,0.0,0.0,0.0,1.0,1.0
5,50,4.714852026419373,10.817248239137662,0.0,0.0,0.0,0.0,1.0,0.0
6,50,5.383127299816909,0.2790128832188087,0.0,0.0,0.0,1.0,1.0,0.0
7,50,11.77716099342439,4.821672139613507,0.0,0.0,1.0,1.0,1.0,0.0
8,50,9.205690501806728,11.450489653709266,0.0,1.0,0.0,0.0,0.0,0.0
9,50,0.8600680304560466,10.607320299512711,1.0,1.0,1.0,0.0,1.0,0.0
10,50,6.553147213907417,8.921727693052041,1.0,0.0,1.0,0.0,1.0,0.0
11,50,5.914180928344148,6.781291603356278,1.0,0.0,0.0,0.0,0.0,1.0
12,50,3.829222550961073,2.799038360201481,0.0,0.0,1.0,0.0,0.0,1.0
13,50,2.9735148331553183,10.72395885154271,0.0,0.0,1.0,0.0,0.0,0.0
14,50,10.637645084615976,9.161694839997145,0.0,0.0,1.0,0.0,1.0,1.0
0,55,6.0055093954041325,7.618718336734366,1.0,0.0,1.0,0.0,1.0,1.0
1,55,2.292937524717163,8.114031910583765,1.0,0.0,0.0,0.0,0.0,0.0
2,55,10.216914594313556,10.231524734021251,1.0,0.0,0.0,1.0,1.0,0.0
3,55,4.52802450411096,6.058998970563302,1.0,0.0,1.0,0.0,0.0,1.0
4,55,3.748027984086237,10.130732983354427,1.0,0.0,0.0,0.0,1.0,1.0
5,55,4.729810082507548,10.811471654936406,0.0,0.0,0.0,0.0,1.0,0.0
6,55,5.390931018648128,0.2848145272526822,0.0,0.0,0.0,1.0,1.0,0.0
7,55,11.758768523728175,4.777530332449852,0.0,0.0,1.0,1.0,1.0,0.0
8,55,9.235241891969563,11.37688912505364,0.0,1.0,0.0,0.0,0.0,0.0
9,55,0.8441698967544397,10.675222752946825,1.0,1.0,1.0,0.0,1.0,0.0
10,55,6.609123264780636,8.915580296216698,1.0,0.0,1.0,0.0,1.0,0.0
11,55,5.903159676499904,6.742348829604444,1.0,0.0,0.0,0.0,0.0,1.0
12,55,3.8259129996114463,2.7954615029059333,0.0,0.0,1.0,0.0,0.0,1.0
13,55,2.889220851717712,10.70302606013596,0.0,0.0,1.0,0.0,0.0,0.0
14,55,10.73983456050133,9.187475634216776,0.0,0.0,1.0,0.0,1.0,1.0
0,60,6.011275183420575,7.699103563035294,1.0,0.0,1.0,0.0,1.0,1.0
1,60,2.225605721583826,8.12320241553432,1.0,0.0,0.0,0.0,0.0,0.0
2,60,10.236772873280248,10.224352610550172,1.0,0.0,0.0,1.0,1.0,0.0
3,60,4.594376801176972,5.943915490876823,1.0,0.0,1.0,0.0,0.0,1.0
4,60,3.731003272765725,10.067262624833502,1.0,0.0,0.0,0.0,1.0,1.0
5,60,4.735662580199942,10.809216845518003,0.0,0.0,0.0,0.0,1.0,0.0
6,60,5.391333240467568,0.285115240712797,0.0,0.0,0.0,1.0,1.0,0.0
7,60,11.732679043447057,4.716000069710502,0.0,0.0,1.0,1.0,1.0,0.0
8,60,9.265245726741892,11.300007546788962,0.0,1.0,0.0,0.0,0.0,0.0
9,60,0.820685946310738,10.758314913595576,1.0,1.0,1.0,0.0,1.0,0.0
10,60,6.67114307375491,8.908928686061724,1.0,0.0,1.0,0.0,1.0,0.0
11,60,5.898503374991466,6.724886892130316,1.0,0.0,0.0,0.0,0.0,1.0
12,60,3.817807130680997,2.786642936884057,0.0,0.0,1.0,0.0,0.0,1.0
13,60,2.7965313150428264,10.679387775730762,0.0,0.0,1.0,0.0,0.0,0.0
14,60,10.853027656335398,9.21572753589694,0.0,0.0,1.0,0.0,1.0,1.0
0,65,6.015958890403469,7.782944026834039,1.0,0.0,1.0,0.0,1.0,1.0
1,65,2.17216467510798,8.13120671044845,1.0,0.0,0.0,0.0,0.0,0.0
2,65,10.249888088651367,10.219543700818685,1.0,0.0,0.0,1.0,1.0,0.0
3,65,4.665530803868622,5.818382156451587,1.0,0.0,1.0,0.0,0.0,1.0
4,65,3.71219183339716,9.994277118728368,1.0,0.0,0.0,0.0,1.0,1.0
5,65,4.735989635055881,10.809096656567052,0.0,0.0,0.0,0.0,1.0,0.0
6,65,5.394053254597342,0.2871305109041173,0.0,0.0,0.0,1.0,1.0,0.0
7,65,11.708697795726891,4.663618384020635,0.0,0.0,1.0,1.0,1.0,0.0
8,65,9.30166854053438,11.213111702379331,0.0,1.0,0.0,0.0,0.0,0.0
9,65,0.7985799937139251,10.836483748927234,1.0,1.0,1.0,0.0,1.0,0.0
10,65,6.716422846120728,8.903788930108917,1.0,0.0,1.0,0.0,1.0,0.0
11,65,5.899607509358202,6.729175672314991,1.0,0.0,0.0,0.0,0.0,1.0
12,65,3.8204741354841807,2.7896502988010394,0.0,0.0,1.0,0.0,0.0,1.0
13,65,2.697644357295466,10.655343099088192,0.0,0.0,1.0,0.0,0.0,0.0
14,65,10.94086362669838,9.240273384190496,0.0,0.0,1.0,0.0,1.0,1.0
0,70,6.021073363420019,7.866527139111479,1.0,0.0,1.0,0.0,1.0,1.0
1,70,2.1049155916218,8.143122295315676,1.0,0.0,0.0,0.0,0.0,0.0
2,70,10.271075241987225,10.212320690333014,1.0,0.0,0.0,1.0,1.0,0.0
3,70,4.725205815025403,5.708237058343821,1.0,0.0,1.0,0.0,0.0,1.0
4,70,3.695999674843234,9.93046131949575,1.0,0.0,0.0,0.0,1.0,1.0
5,70,4.732858040920334,10.810350854076814,0.0,0.0,0.0,0.0,1.0,0.0
6,70,5.394309413329094,0.2873259142680195,0.0,0.0,0.0,1.0,1.0,0.0
7,70,11.698145931417905,4.639839711777481,0.0,0.0,1.0,1.0,1.0,0.0
8,70,9.3473464373854,11.111315043505078,0.0,1.0,0.0,0.0,0.0,0.0
9,70,0.7716856571721045,10.941741737302186,1.0,1.0,1.0,0.0,1.0,0.0
10,70,6.758475545495167,8.898001154212627,1.0,0.0,1.0,0.0,1.0,0.0
11,70,5.902568493728264,6.741407989334647,1.0,0.0,0.0,0.0,0.0,1.0
12,70,3.821562810863901,2.7908796818563197,0.0,0.0,1.0,0.0,0.0,1.0
13,70,2.6125993035684,10.63487581063768,0.0,0.0,1.0,0.0,0.0,0.0
14,70,11.010888035667977,9.260118166085627,0.0,0.0,1.0,0.0,1.0,1.0
0,75,6.025907808621285,7.958807799067015,1.0,0.0,1.0,0.0,1.0,1.0
1,75,2.0257607856131448,8.156218341937308,1.0,0.0,0.0,0.0,0.0,0.0
2,75,10.290395071518308,10.20517757254754,1.0,0.0,0.0,1.0,1.0,0.0
3,75,4.788996660356213,5.58921649174249,1.0,0.0,1.0,0.0,0.0,1.0
4,75,3.678943190055596,9.865385817814728,1.0,0.0,0.0,0.0,1.0,1.0
5,75,4.722464958825437,10.814569935677168,0.0,0.0,0.0,0.0,1.0,0.0
6,75,5.385657283988411,0.2808126520639572,0.0,0.0,0.0,1.0,1.0,0.0
7,75,11.68615712716456,4.612600523235854,0.0,0.0,1.0,1.0,1.0,0.0
8,75,9.39871644394846,10.999556309614125,0.0,1.0,0.0,0.0,0.0,0.0
9,75,0.7416970516681496,11.05369220684492,1.0,1.0,1.0,0.0,1.0,0.0
10,75,6.808737700968161,8.891480995748887,1.0,0.0,1.0,0.0,1.0,0.0
11,75,5.906712967134047,6.758729782387118,1.0,0.0,0.0,0.0,0.0,1.0
12,75,3.826017363319738,2.795769508638457,0.0,0.0,1.0,0.0,0.0,1.0
13,75,2.536072845588361,10.618766279472757,0.0,0.0,1.0,0.0,0.0,0.0
14,75,11.097161265057228,9.283815873865096,0.0,0.0,1.0,0.0,1.0,1.0
0,80,6.032114646384609,8.060565298670006,1.0,0.0,1.0,0.0,1.0,1.0
1,80,1.9084338375493477,8.180658778459158,1.0,0.0,0.0,0.0,0.0,0.0
2,80,10.317512065698653,10.19514266104082,1.0,0.0,0.0,1.0,1.0,0.0
3,80,4.845713942918289,5.480927166018976,1.0,0.0,1.0,0.0,0.0,1.0
4,80,3.667749773737909,9.82685534861884,1.0,0.0,0.0,0.0,1.0,1.0
5,80,4.726007061114018,10.813177122925602,0.0,0.0,0.0,0.0,1.0,0.0
6,80,5.397654141750118,0.2894140400564741,0.0,0.0,0.0,1.0,1.0,0.0
7,80,11.674717561594084,4.58707112098909,0.0,0.0,1.0,1.0,1.0,0.0
8,80,9.44374595975353,10.89150337392748,0.0,1.0,0.0,0.0,0.0,0.0
9,80,0.7089399867953802,11.182921944308092,1.0,1.0,1.0,0.0,1.0,0.0
10,80,6.845587294004945,8.88744706934293,1.0,0.0,1.0,0.0,1.0,0.0
11,80,5.9103534212534,6.773176725606522,1.0,0.0,0.0,0.0,0.0,1.0
12,80,3.833888342863649,2.805193025728487,0.0,0.0,1.0,0.0,0.0,1.0
13,80,2.444390150567507,10.59973405857749,0.0,0.0,1.0,0.0,0.0,0.0
14,80,11.197349279123438,9.30932672469079,0.0,0.0,1.0,0.0,1.0,1.0
0,85,6.036081444596831,8.155450066028022,1.0,0.0,1.0,0.0,1.0,1.0
1,85,1.7998183386852054,8.203051428834875,1.0,0.0,0.0,0.0,0.0,0.0
2,85,10.352676917808935,10.181608653882863,1.0,0.0,0.0,1.0,1.0,0.0
3,85,4.891374742337952,5.384816338131099,1.0,0.0,1.0,0.0,0.0,1.0
4,85,3.6605697986980736,9.80170737166674,1.0,0.0,0.0,0.0,1.0,1.0
5,85,4.747014572636323,10.805353450242729,0.0,0.0,0.0,0.0,1.0,0.0
6,85,5.399804484273814,0.290908991190703,0.0,0.0,0.0,1.0,1.0,0.0
7,85,11.659777969414586,4.554732707481156,0.0,0.0,1.0,1.0,1.0,0.0
8,85,9.491954182015872,10.779356340834232,0.0,1.0,0.0,0.0,0.0,0.0
9,85,0.6815607661532531,11.29021037175031,1.0,1.0,1.0,0.0,1.0,0.0
10,85,6.891980674165541,8.882032025337082,1.0,0.0,1.0,0.0,1.0,0.0
11,85,5.917095642951427,6.80093401918792,1.0,0.0,0.0,0.0,0.0,1.0
12,85,3.856012338660313,2.83187001352309,0.0,0.0,1.0,0.0,0.0,1.0
13,85,2.358327963083425,10.582006625770562,0.0,0.0,1.0,0.0,0.0,0.0
14,85,11.275621375028008,9.329762930808847,0.0,0.0,1.0,0.0,1.0,1.0
0,90,6.038981506986105,8.23747862252611,1.0,0.0,1.0,0.0,1.0,1.0
1,90,1.698334322173108,8.22206475567035,1.0,0.0,0.0,0.0,0.0,0.0
2,90,10.37037315045655,10.17464516173547,1.0,0.0,0.0,1.0,1.0,0.0
3,90,4.937938160605048,5.285429996913157,1.0,0.0,1.0,0.0,0.0,1.0
4,90,3.656632609610968,9.78805922476116,1.0,0.0,0.0,0.0,1.0,1.0
5,90,4.781003893404149,10.791705910772048,0.0,0.0,0.0,0.0,1.0,0.0
6,90,5.405985929731776,0.2952932508726251,0.0,0.0,0.0,1.0,1.0,0.0
7,90,11.637307847682674,4.506686905250235,0.0,0.0,1.0,1.0,1.0,0.0
8,90,9.547282071382512,10.663763187371616,0.0,1.0,0.0,0.0,0.0,0.0
9,90,0.659564505162511,11.385780015126274,1.0,1.0,1.0,0.0,1.0,0.0
10,90,6.966043508391071,8.874391561594948,1.0,0.0,1.0,0.0,1.0,0.0
11,90,5.920238407441452,6.812783846462623,1.0,0.0,0.0,0.0,0.0,1.0
12,90,3.868695888013776,2.847974546509922,0.0,0.0,1.0,0.0,0.0,1.0
13,90,2.231177364516613,10.555855724424736,0.0,0.0,1.0,0.0,0.0,0.0
14,90,11.347030542992126,9.35054220504519,0.0,0.0,1.0,0.0,1.0,1.0
0,95,6.042073447149191,8.33287164761568,1.0,0.0,1.0,0.0,1.0,1.0
1,95,1.5857828583466609,8.2426150913618,1.0,0.0,0.0,0.0,0.0,0.0
2,95,10.405669467541369,10.162176686805338,1.0,0.0,0.0,1.0,1.0,0.0
3,95,4.985879690333739,5.187639308639088,1.0,0.0,1.0,0.0,0.0,1.0
4,95,3.6522434426132,9.773836143887928,1.0,0.0,0.0,0.0,1.0,1.0
5,95,4.812995615122111,10.779396186834266,0.0,0.0,0.0,0.0,1.0,0.0
6,95,5.405768190270852,0.29513198355748,0.0,0.0,0.0,1.0,1.0,0.0
7,95,11.611116797457074,4.450712827659588,0.0,0.0,1.0,1.0,1.0,0.0
8,95,9.601529658085337,10.55369081348564,0.0,1.0,0.0,0.0,0.0,0.0
9,95,0.6363739383244604,11.484285344966644,1.0,1.0,1.0,0.0,1.0,0.0
10,95,7.047499973215643,8.863922421448475,1.0,0.0,1.0,0.0,1.0,0.0
11,95,5.920442350406064,6.813633276739115,1.0,0.0,0.0,0.0,0.0,1.0
12,95,3.883064875932395,2.865754838474744,0.0,0.0,1.0,0.0,0.0,1.0
13,95,2.1104956938900603,10.530827781026671,0.0,0.0,1.0,0.0,0.0,0.0
14,95,11.427728220238578,9.3771315326979,0.0,0.0,1.0,0.0,1.0,1.0
0,100,6.047015884254944,8.45464911858645,1.0,0.0,1.0,0.0,1.0,1.0
1,100,1.4939572210308525,8.260513559923163,1.0,0.0,0.0,0.0,0.0,0.0
2,100,10.440782500136775,10.149392360582604,1.0,0.0,0.0,1.0,1.0,0.0
3,100,5.031003829084727,5.093490958153615,1.0,0.0,1.0,0.0,0.0,1.0
4,100,3.6476462711741657,9.760051986632464,1.0,0.0,0.0,0.0,1.0,1.0
5,100,4.841985424738033,10.7682327396828,0.0,0.0,0.0,0.0,1.0,0.0
6,100,5.417257921671536,0.3037602309475193,0.0,0.0,0.0,1.0,1.0,0.0
7,100,11.579022174809614,4.383652343129179,0.0,0.0,1.0,1.0,1.0,0.0
8,100,9.648927839722637,10.454957939101735,0.0,1.0,0.0,0.0,0.0,0.0
9,100,0.6150373791878085,11.571961911660944,1.0,1.0,1.0,0.0,1.0,0.0
10,100,7.115235259337831,8.854936439623224,1.0,0.0,1.0,0.0,1.0,0.0
11,100,5.928115336206004,6.845446198919074,1.0,0.0,0.0,0.0,0.0,1.0
12,100,3.907187608101786,2.895655803535719,0.0,0.0,1.0,0.0,0.0,1.0
13,100,1.994343812588925,10.506034770871178,0.0,0.0,1.0,0.0,0.0,0.0
14,100,11.510556264587144,9.402752143326598,0.0,0.0,1.0,0.0,1.0,1.0
0,105,6.050628115422698,8.571106414437804,1.0,0.0,1.0,0.0,1.0,1.0
1,105,1.4089958830477636,8.276057414817258,1.0,0.0,0.0,0.0,0.0,0.0
2,105,10.497921574228195,10.130277310457274,1.0,0.0,0.0,1.0,1.0,0.0
3,105,5.071475526449385,5.015000415488921,1.0,0.0,1.0,0.0,0.0,1.0
4,105,3.63484586014058,9.721301401366553,1.0,0.0,0.0,0.0,1.0,1.0
5,105,4.862390460591611,10.760732322187458,0.0,0.0,0.0,0.0,1.0,0.0
6,105,5.410710843679092,0.2987874851159041,0.0,0.0,0.0,1.0,1.0,0.0
7,105,11.547723398409776,4.321605038762773,0.0,0.0,1.0,1.0,1.0,0.0
8,105,9.69433396017516,10.360113385442656,0.0,1.0,0.0,0.0,0.0,0.0
9,105,0.5854441434227573,11.681129835998044,1.0,1.0,1.0,0.0,1.0,0.0
10,105,7.106911924391713,8.773879597413481,1.0,0.0,1.0,0.0,1.0,0.0
11,105,5.939071542078246,6.892405314036584,1.0,0.0,0.0,0.0,0.0,1.0
12,105,3.9340436308996383,2.926932094875613,0.0,0.0,1.0,0.0,0.0,1.0
13,105,1.8710266694078077,10.47412964911299,0.0,0.0,1.0,0.0,0.0,0.0
14,105,11.606342493878971,9.432469225378044,0.0,0.0,1.0,0.0,1.0,1.0
0,110,6.052190317555281,8.689660133219197,1.0,0.0,1.0,0.0,1.0,1.0
1,110,1.3332160917024023,8.289661195010481,1.0,0.0,0.0,0.0,0.0,0.0
2,110,10.55549728877213,10.110285714090107,1.0,0.0,0.0,1.0,1.0,0.0
3,110,5.101110568190223,4.9594601018730495,1.0,0.0,1.0,0.0,0.0,1.0
4,110,3.6190043599096415,9.674564892150952,1.0,0.0,0.0,0.0,1.0,1.0
5,110,4.876305681089736,10.755608947506772,0.0,0.0,0.0,0.0,1.0,0.0
6,110,5.414658833296021,0.3018171226000327,0.0,0.0,0.0,1.0,1.0,0.0
7,110,11.522158757524464,4.276323593452497,0.0,0.0,1.0,1.0,1.0,0.0
8,110,9.748386116237736,10.246977824367407,0.0,1.0,0.0,0.0,0.0,0.0
9,110,0.5547475985384797,11.789361415524263,1.0,1.0,1.0,0.0,1.0,0.0
10,110,7.098569543566362,8.685410296029964,1.0,0.0,1.0,0.0,1.0,0.0
11,110,5.985881282592779,6.882813730185076,1.0,0.0,0.0,0.0,0.0,1.0
12,110,3.975322174728443,2.977953456717312,0.0,0.0,1.0,0.0,0.0,1.0
13,110,1.7568255568881916,10.441986600023956,0.0,0.0,1.0,0.0,0.0,0.0
14,110,11.705541991751335,9.4649617112044,0.0,0.0,1.0,0.0,1.0,1.0
0,115,6.053366677853185,8.804943161499404,1.0,0.0,1.0,0.0,1.0,1.0
1,115,1.2597261315336148,8.302855742338064,1.0,0.0,0.0,0.0,0.0,0.0
2,115,10.631201371005778,10.084204152704077,1.0,0.0,0.0,1.0,1.0,0.0
3,115,5.128851232984121,4.906551851952157,1.0,0.0,1.0,0.0,0.0,1.0
4,115,3.599722014310173,9.61649928935354,1.0,0.0,0.0,0.0,1.0,1.0
5,115,4.864854474736475,10.76009304746985,0.0,0.0,0.0,0.0,1.0,0.0
6,115,5.433234959662388,0.315279033427592,0.0,0.0,0.0,1.0,1.0,0.0
7,115,11.55256571033158,4.259047446834666,0.0,0.0,1.0,1.0,1.0,0.0
8,115,9.804969164601872,10.12316703169968,0.0,1.0,0.0,0.0,0.0,0.0
9,115,0.5232559734830704,11.899920364553802,1.0,1.0,1.0,0.0,1.0,0.0
10,115,7.089648349524516,8.572436952024393,1.0,0.0,1.0,0.0,1.0,0.0
11,115,6.032681954885205,6.873662869223521,1.0,0.0,0.0,0.0,0.0,1.0
12,115,4.006929437158295,3.0141638301602023,0.0,0.0,1.0,0.0,0.0,1.0
13,115,1.6237410162365506,10.403155363720606,0.0,0.0,1.0,0.0,0.0,0.0
14,115,11.80767605477357,9.497266631257489,0.0,0.0,1.0,0.0,1.0,1.0
0,120,6.054723680165256,8.906534250607058,1.0,0.0,1.0,0.0,1.0,1.0
1,120,1.1920955997966085,8.315848657358014,1.0,0.0,0.0,0.0,0.0,0.0
2,120,10.713624791668233,10.055798989121978,1.0,0.0,0.0,1.0,1.0,0.0
3,120,5.143868860703744,4.87868414119671,1.0,0.0,1.0,0.0,0.0,1.0
4,120,3.577844477534015,9.55592486060949,1.0,0.0,0.0,0.0,1.0,1.0
5,120,4.845548680313008,10.76795624779854,0.0,0.0,0.0,0.0,1.0,0.0
6,120,5.466921195227301,0.3393896215514875,0.0,0.0,0.0,1.0,1.0,0.0
7,120,11.59374064267754,4.234765434475312,0.0,0.0,1.0,1.0,1.0,0.0
8,120,9.869855303076886,9.986239213681836,0.0,1.0,0.0,0.0,0.0,0.0
9,120,0.489752986678072,12.0,1.0,1.0,1.0,0.0,1.0,0.0
10,120,7.080181995737856,8.47494641386887,1.0,0.0,1.0,0.0,1.0,0.0
11,120,6.102239206136157,6.859315838849485,1.0,0.0,0.0,0.0,0.0,1.0
12,120,4.042374546833118,3.0528084403007867,0.0,0.0,1.0,0.0,0.0,1.0
13,120,1.5214712948732507,10.376756339980847,0.0,0.0,1.0,0.0,0.0,0.0
14,120,11.900796915690709,9.527816194733974,0.0,0.0,1.0,0.0,1.0,1.0
0,125,6.056538157109892,9.006394748520007,1.0,0.0,1.0,0.0,1.0,1.0
1,125,1.1248481477543253,8.326859620272014,1.0,0.0,0.0,0.0,0.0,0.0
2,125,10.781384936214108,10.033492132119616,1.0,0.0,0.0,1.0,1.0,0.0
3,125,5.168995122924126,4.831243514852472,1.0,0.0,1.0,0.0,0.0,1.0
4,125,3.5512949245777263,9.482276996860511,1.0,0.0,0.0,0.0,1.0,1.0
5,125,4.817030600754575,10.780203571362172,0.0,0.0,0.0,0.0,1.0,0.0
6,125,5.512337298183243,0.373731590560451,0.0,0.0,0.0,1.0,1.0,0.0
7,125,11.656640977797128,4.196379615681828,0.0,0.0,1.0,1.0,1.0,0.0
8,125,9.934451599738004,9.847340464938988,0.0,1.0,0.0,0.0,0.0,0.0
9,125,0.4518174443286996,12.0,1.0,1.0,1.0,0.0,1.0,0.0
10,125,7.0667927387323735,8.355026975968581,1.0,0.0,1.0,0.0,1.0,0.0
11,125,6.165066177002871,6.847360200148298,1.0,0.0,0.0,0.0,0.0,1.0
12,125,4.071213289991592,3.0843411810454104,0.0,0.0,1.0,0.0,0.0,1.0
13,125,1.4390927402464606,10.354807889643787,0.0,0.0,1.0,0.0,0.0,0.0
14,125,11.991930764846236,9.554517849340131,0.0,0.0,1.0,0.0,1.0,1.0
0,130,6.054368370879104,9.099312315832512,1.0,0.0,1.0,0.0,1.0,1.0
1,130,1.0553062445621904,8.339699696115929,1.0,0.0,0.0,0.0,0.0,0.0
2,130,10.833863414680527,10.014526355584383,1.0,0.0,0.0,1.0,1.0,0.0
3,130,5.195434200976618,4.780941105468245,1.0,0.0,1.0,0.0,0.0,1.0
4,130,3.51889841230982,9.397493098472028,1.0,0.0,0.0,0.0,1.0,1.0
5,130,4.775391818750817,10.79808601957844,0.0,0.0,0.0,0.0,1.0,0.0
6,130,5.5573073493127225,0.4077955272088129,0.0,0.0,0.0,1.0,1.0,0.0
7,130,11.730166166405374,4.149969371435488,0.0,0.0,1.0,1.0,1.0,0.0
8,130,9.985232796900254,9.733732165141523,0.0,1.0,0.0,0.0,0.0,0.0
9,130,0.4076578530505588,12.0,1.0,1.0,1.0,0.0,1.0,0.0
10,130,7.054138919601535,8.237163321449213,1.0,0.0,1.0,0.0,1.0,0.0
11,130,6.218646638827275,6.839449738219417,1.0,0.0,0.0,0.0,0.0,1.0
12,130,4.091975917986016,3.107156619402605,0.0,0.0,1.0,0.0,0.0,1.0
13,130,1.347249744513473,10.330155131939955,0.0,0.0,1.0,0.0,0.0,0.0
14,130,12.0,9.583602684472384,0.0,0.0,1.0,0.0,1.0,1.0
0,135,6.051374812386143,9.20257660594323,1.0,0.0,1.0,0.0,1.0,1.0
1,135,0.9933352434492584,8.349445393559105,1.0,0.0,0.0,0.0,0.0,0.0
2,135,10.89361201365183,9.9938346490938,1.0,0.0,0.0,1.0,1.0,0.0
3,135,5.234679168631162,4.713715507973001,1.0,0.0,1.0,0.0,0.0,1.0
4,135,3.488056299567309,9.319270864688582,1.0,0.0,0.0,0.0,1.0,1.0
5,135,4.747654345802748,10.809486439072336,0.0,0.0,0.0,0.0,1.0,0.0
6,135,5.590981220076183,0.431249210611981,0.0,0.0,0.0,1.0,1.0,0.0
7,135,11.797385718396814,4.110752033984282,0.0,0.0,1.0,1.0,1.0,0.0
8,135,10.029917326026036,9.6345919450709,0.0,1.0,0.0,0.0,0.0,0.0
9,135,0.2601499090298902,11.951699502072206,1.0,1.0,1.0,0.0,1.0,0.0
10,135,7.043185804218633,8.103159000603839,1.0,0.0,1.0,0.0,1.0,0.0
11,135,6.264517780222088,6.832596725205558,1.0,0.0,0.0,0.0,0.0,1.0
12,135,4.114170717474998,3.131623052337368,0.0,0.0,1.0,0.0,0.0,1.0
13,135,1.2474883357038722,10.302534180675911,0.0,0.0,1.0,0.0,0.0,0.0
14,135,12.0,9.604499721775085,0.0,0.0,1.0,0.0,1.0,1.0
0,140,6.048568744565145,9.31409215627809,1.0,0.0,1.0,0.0,1.0,1.0
1,140,0.9321691729029236,8.356895848603282,1.0,0.0,0.0,0.0,0.0,0.0
2,140,10.953056898917046,9.975113882301486,1.0,0.0,0.0,1.0,1.0,0.0
3,140,5.298644233363556,4.752002434280191,1.0,0.0,1.0,0.0,0.0,1.0
4,140,3.4616120710395704,9.250199621801787,1.0,0.0,0.0,0.0,1.0,1.0
5,140,4.708843044883332,10.82621594274189,0.0,0.0,0.0,0.0,1.0,0.0
6,140,5.608396430053253,0.4436477433903102,0.0,0.0,0.0,1.0,1.0,0.0
7,140,11.856107707130848,4.077018015691042,0.0,0.0,1.0,1.0,1.0,0.0
8,140,10.079675381956337,9.528796658880832,0.0,1.0,0.0,0.0,0.0,0.0
9,140,0.1093680477750305,11.91007232262225,1.0,1.0,1.0,0.0,1.0,0.0
10,140,7.029877904452544,7.967007983824647,1.0,0.0,1.0,0.0,1.0,0.0
11,140,6.291529195447456,6.82969053068227,1.0,0.0,0.0,0.0,0.0,1.0
12,140,4.135745484798411,3.1548827870676326,0.0,0.0,1.0,0.0,0.0,1.0
13,140,1.1522675829785185,10.275815837453072,0.0,0.0,1.0,0.0,0.0,0.0
14,140,12.0,9.62654784262593,0.0,0.0,1.0,0.0,1.0,1.0
0,145,6.163823357593923,9.315593854350904,1.0,0.0,1.0,0.0,1.0,1.0
1,145,0.8846021398647453,8.362680175700314,1.0,0.0,0.0,0.0,0.0,0.0
2,145,11.025603535169758,9.952913903357045,1.0,0.0,0.0,1.0,1.0,0.0
3,145,5.365072624825434,4.792140001637766,1.0,0.0,1.0,0.0,0.0,1.0
4,145,3.4316135527440537,9.165465032434485,1.0,0.0,0.0,0.0,1.0,1.0
5,145,4.66652702095093,10.844594878139818,0.0,0.0,0.0,0.0,1.0,0.0
6,145,5.608900746403618,0.4440205685091107,0.0,0.0,0.0,1.0,1.0,0.0
7,145,11.907067524576382,4.046675305876189,0.0,0.0,1.0,1.0,1.0,0.0
8,145,10.133026463674089,9.416418082390072,0.0,1.0,0.0,0.0,0.0,0.0
9,145,0.0,11.867886331849816,1.0,1.0,1.0,0.0,1.0,0.0
10,145,7.0146934551985485,7.819533785004302,1.0,0.0,1.0,0.0,1.0,0.0
11,145,6.308681761800858,6.827149481837123,1.0,0.0,0.0,0.0,0.0,1.0
12,145,4.160352299495571,3.181688533995644,0.0,0.0,1.0,0.0,0.0,1.0
13,145,1.0479513172297352,10.24510309661654,0.0,0.0,1.0,0.0,0.0,0.0
14,145,12.0,9.65311998489009,0.0,0.0,1.0,0.0,1.0,1.0
0,150,6.286122398607794,9.318379842793334,1.0,0.0,1.0,0.0,1.0,1.0
1,150,0.8626461179990524,8.36527587198054,1.0,0.0,0.0,0.0,0.0,0.0
2,150,11.079735120803422,9.93592392867379,1.0,0.0,0.0,1.0,1.0,0.0
3,150,5.446255432323103,4.841415676814645,1.0,0.0,1.0,0.0,0.0,1.0
4,150,3.403085659976588,9.081303469414106,1.0,0.0,0.0,0.0,1.0,1.0
5,150,4.618583062359012,10.865668775451546,0.0,0.0,0.0,0.0,1.0,0.0
6,150,5.603173733275271,0.4397732671477999,0.0,0.0,0.0,1.0,1.0,0.0
7,150,11.963556150505092,4.009895188826295,0.0,0.0,1.0,1.0,1.0,0.0
8,150,10.174089497719004,9.327552039792227,0.0,1.0,0.0,0.0,0.0,0.0
9,150,0.0,11.831183010326184,1.0,1.0,1.0,0.0,1.0,0.0
10,150,7.0006694340984765,7.689381856731432,1.0,0.0,1.0,0.0,1.0,0.0
11,150,6.333458828022916,6.823444891185455,1.0,0.0,0.0,0.0,0.0,1.0
12,150,4.199518065811063,3.2243509451046206,0.0,0.0,1.0,0.0,0.0,1.0
13,150,0.9382092901623268,10.212995608477115,0.0,0.0,1.0,0.0,0.0,0.0
14,150,12.0,9.683923924174657,0.0,0.0,1.0,0.0,1.0,1.0
0,155,6.392011389619864,9.322589213535048,1.0,0.0,1.0,0.0,1.0,1.0
1,155,0.8382205012546027,8.368365878751398,1.0,0.0,0.0,0.0,0.0,0.0
2,155,11.12922548144979,9.920564825586386,1.0,0.0,0.0,1.0,1.0,0.0
3,155,5.5345236700715805,4.898091153687888,1.0,0.0,1.0,0.0,0.0,1.0
4,155,3.372590464563446,8.993362720444491,1.0,0.0,0.0,0.0,1.0,1.0
5,155,4.564549009920141,10.890662845782751,0.0,0.0,0.0,0.0,1.0,0.0
6,155,5.584598986839875,0.4257063690887507,0.0,0.0,0.0,1.0,1.0,0.0
7,155,12.0,3.9813272715926873,0.0,0.0,1.0,1.0,1.0,0.0
8,155,10.210392145186196,9.246694028430008,0.0,1.0,0.0,0.0,0.0,0.0
9,155,0.0,11.794790315959126,1.0,1.0,1.0,0.0,1.0,0.0
10,155,6.990864184818333,7.586070456512172,1.0,0.0,1.0,0.0,1.0,0.0
11,155,6.381816972387707,6.817066711799789,1.0,0.0,0.0,0.0,0.0,1.0
12,155,4.234836599996848,3.262659287742057,0.0,0.0,1.0,0.0,0.0,1.0
13,155,0.8287350218920131,10.179016228804924,0.0,0.0,1.0,0.0,0.0,0.0
14,155,12.0,9.709131150772576,0.0,0.0,1.0,0.0,1.0,1.0
0,160,6.47872630553022,9.32574725340317,1.0,0.0,1.0,0.0,1.0,1.0
1,160,0.8129232548981866,8.372133236452797,1.0,0.0,0.0,0.0,0.0,0.0
2,160,11.179786524144427,9.903883696218829,1.0,0.0,0.0,1.0,1.0,0.0
3,160,5.625845652548356,4.9592900207127455,1.0,0.0,1.0,0.0,0.0,1.0
4,160,3.341726681767109,8.90906723797415,1.0,0.0,0.0,0.0,1.0,1.0
5,160,4.5159228484103,10.91400260246546,0.0,0.0,0.0,0.0,1.0,0.0
6,160,5.551915152344812,0.4018432161419991,0.0,0.0,0.0,1.0,1.0,0.0
7,160,12.0,3.9452575400132206,0.0,0.0,1.0,1.0,1.0,0.0
8,160,10.233293170372818,9.191200267296272,0.0,1.0,0.0,0.0,0.0,0.0
9,160,0.0,11.75900236639087,1.0,1.0,1.0,0.0,1.0,0.0
10,160,6.97682524865961,7.441476601947243,1.0,0.0,1.0,0.0,1.0,0.0
11,160,6.372919773630135,6.741671822004086,1.0,0.0,0.0,0.0,0.0,1.0
12,160,4.251965194287187,3.2819729995280733,0.0,0.0,1.0,0.0,0.0,1.0
13,160,0.7417259933096346,10.152603000309746,0.0,0.0,1.0,0.0,0.0,0.0
14,160,12.0,9.736220787519969,0.0,0.0,1.0,0.0,1.0,1.0
0,165,6.54810524856891,9.329935148864845,1.0,0.0,1.0,0.0,1.0,1.0
1,165,0.8041341745469789,8.373364173410474,1.0,0.0,0.0,0.0,0.0,0.0
2,165,11.25138358097971,9.879240966477123,1.0,0.0,0.0,1.0,1.0,0.0
3,165,5.713662801243326,5.016977054199728,1.0,0.0,1.0,0.0,0.0,1.0
4,165,3.3195526851872863,8.845749874994413,1.0,0.0,0.0,0.0,1.0,1.0
5,165,4.474787947497224,10.932815353947031,0.0,0.0,0.0,0.0,1.0,0.0
6,165,5.5207045287386265,0.3799337558093119,0.0,0.0,0.0,1.0,1.0,0.0
7,165,12.0,3.909150385057799,0.0,0.0,1.0,1.0,1.0,0.0
8,165,10.260546580665418,9.121360117805338,0.0,1.0,0.0,0.0,0.0,0.0
9,165,0.0,11.726714994804984,1.0,1.0,1.0,0.0,1.0,0.0
10,165,6.825028789446916,7.451565081121787,1.0,0.0,1.0,0.0,1.0,0.0
11,165,6.363431056515438,6.6569496756403055,1.0,0.0,0.0,0.0,0.0,1.0
12,165,4.263384701447569,3.295287621470338,0.0,0.0,1.0,0.0,0.0,1.0
13,165,0.6754511298990911,10.133112928491068,0.0,0.0,1.0,0.0,0.0,0.0
14,165,12.0,9.754664815594223,0.0,0.0,1.0,0.0,1.0,1.0
0,170,6.606871507938525,9.333883151354446,1.0,0.0,1.0,0.0,1.0,1.0
1,170,0.7933613071870104,8.37468040646961,1.0,0.0,0.0,0.0,0.0,0.0
2,170,11.343259403629688,9.84753812105698,1.0,0.0,0.0,1.0,1.0,0.0
3,170,5.804855909098604,5.0806867171852845,1.0,0.0,1.0,0.0,0.0,1.0
4,170,3.297882708232413,8.785943839088516,1.0,0.0,0.0,0.0,1.0,1.0
5,170,4.458376580137896,10.94025656974715,0.0,0.0,0.0,0.0,1.0,0.0
6,170,5.480733015335755,0.3517120359323296,0.0,0.0,0.0,1.0,1.0,0.0
7,170,12.0,3.859167473866584,0.0,0.0,1.0,1.0,1.0,0.0
8,170,10.286341725960506,9.057235803160308,0.0,1.0,0.0,0.0,0.0,0.0
9,170,0.0,11.696388632221836,1.0,1.0,1.0,0.0,1.0,0.0
10,170,6.711443088186055,7.454865292406098,1.0,0.0,1.0,0.0,1.0,0.0
11,170,6.350116045621877,6.5553103015273,1.0,0.0,0.0,0.0,0.0,1.0
12,170,4.279483131180571,3.3142718360228325,0.0,0.0,1.0,0.0,0.0,1.0
13,170,0.5932172350807159,10.10950452707748,0.0,0.0,1.0,0.0,0.0,0.0
14,170,12.0,9.76820870103822,0.0,0.0,1.0,0.0,1.0,1.0
0,175,6.661450408506155,9.337965592690544,1.0,0.0,1.0,0.0,1.0,1.0
1,175,0.7785990494538562,8.376639164024807,1.0,0.0,0.0,0.0,0.0,0.0
2,175,11.418634876827197,9.823415554707156,1.0,0.0,0.0,1.0,1.0,0.0
3,175,5.906472165894822,5.150255695729907,1.0,0.0,1.0,0.0,0.0,1.0
4,175,3.281118190279583,8.74065681981657,1.0,0.0,0.0,0.0,1.0,1.0
5,175,4.447629850223531,10.944821817291023,0.0,0.0,0.0,0.0,1.0,0.0
6,175,5.430105437984947,0.3151106097581586,0.0,0.0,0.0,1.0,1.0,0.0
7,175,12.0,3.797972180120359,0.0,0.0,1.0,1.0,1.0,0.0
8,175,10.312530706220926,8.993287003414503,0.0,1.0,0.0,0.0,0.0,0.0
9,175,0.0,11.669045328386048,1.0,1.0,1.0,0.0,1.0,0.0
10,175,6.609435287224104,7.45746759471312,1.0,0.0,1.0,0.0,1.0,0.0
11,175,6.336021539633538,6.452914740821818,1.0,0.0,0.0,0.0,0.0,1.0
12,175,4.289564432971248,3.3256173635700974,0.0,0.0,1.0,0.0,0.0,1.0
13,175,0.483738020402915,10.076617711655214,0.0,0.0,1.0,0.0,0.0,0.0
14,175,12.0,9.782841826061036,0.0,0.0,1.0,0.0,1.0,1.0
0,180,6.707750882695588,9.34174862553893,1.0,0.0,1.0,0.0,1.0,1.0
1,180,0.7504555142298891,8.38004419385233,1.0,0.0,0.0,0.0,0.0,0.0
2,180,11.49587043210314,9.79741541692826,1.0,0.0,0.0,1.0,1.0,0.0
3,180,6.016980370180157,5.227675977659518,1.0,0.0,1.0,0.0,0.0,1.0
4,180,3.257829144227668,8.677888476874735,1.0,0.0,0.0,0.0,1.0,1.0
5,180,4.43776434709571,10.949235430639938,0.0,0.0,0.0,0.0,1.0,0.0
6,180,5.381980115186104,0.2789121978697563,0.0,0.0,0.0,1.0,1.0,0.0
7,180,12.0,3.747202724548777,0.0,0.0,1.0,1.0,1.0,0.0
8,180,10.221182071039758,8.955930212835016,0.0,1.0,0.0,0.0,0.0,0.0
9,180,0.0,11.640250185305144,1.0,1.0,1.0,0.0,1.0,0.0
10,180,6.502971327565609,7.457642537949089,1.0,0.0,1.0,0.0,1.0,0.0
11,180,6.3221581438083465,6.363354023303125,1.0,0.0,0.0,0.0,0.0,1.0
12,180,4.296540817188699,3.333781596654456,0.0,0.0,1.0,0.0,0.0,1.0
13,180,0.3871660011792205,10.047997996478871,0.0,0.0,1.0,0.0,0.0,0.0
14,180,12.0,9.7930913172019,0.0,0.0,1.0,0.0,1.0,1.0
0,185,6.736940434165434,9.343412026798434,1.0,0.0,1.0,0.0,1.0,1.0
1,185,0.7564165270928489,8.379170955480582,1.0,0.0,0.0,0.0,0.0,0.0
2,185,11.57717972655008,9.772512084175697,1.0,0.0,0.0,1.0,1.0,0.0
3,185,6.1228012646143215,5.303481409277468,1.0,0.0,1.0,0.0,0.0,1.0
4,185,3.233127369228647,8.612333483834227,1.0,0.0,0.0,0.0,1.0,1.0
5,185,4.421478024882993,10.95633567356028,0.0,0.0,0.0,0.0,1.0,0.0
6,185,5.313344703089201,0.2296259752224963,0.0,0.0,0.0,1.0,1.0,0.0
7,185,12.0,3.689496030353528,0.0,0.0,1.0,1.0,1.0,0.0
8,185,10.11436352578873,8.912068019095578,0.0,1.0,0.0,0.0,0.0,0.0
9,185,0.0,11.61338526507622,1.0,1.0,1.0,0.0,1.0,0.0
10,185,6.381578988600526,7.45552511568536,1.0,0.0,1.0,0.0,1.0,0.0
11,185,6.305565236268451,6.272455076217927,1.0,0.0,0.0,0.0,0.0,1.0
12,185,4.292422785784725,3.329189183168049,0.0,0.0,1.0,0.0,0.0,1.0
13,185,0.3043691126434316,10.02225559072138,0.0,0.0,1.0,0.0,0.0,0.0
14,185,12.0,9.806081629162684,0.0,0.0,1.0,0.0,1.0,1.0
0,190,6.7814956833163,9.34501819191342,1.0,0.0,1.0,0.0,1.0,1.0
1,190,0.7556870965226682,8.379280197122947,1.0,0.0,0.0,0.0,0.0,0.0
2,190,11.67339443101746,9.746428207530723,1.0,0.0,0.0,1.0,1.0,0.0
3,190,6.214689894747936,5.369817175450564,1.0,0.0,1.0,0.0,0.0,1.0
4,190,3.202045004569644,8.524444725201175,1.0,0.0,0.0,0.0,1.0,1.0
5,190,4.403715472014127,10.963969390739983,0.0,0.0,0.0,0.0,1.0,0.0
6,190,5.246559443775563,0.1825580157544936,0.0,0.0,0.0,1.0,1.0,0.0
7,190,12.0,3.627791105244856,0.0,0.0,1.0,1.0,1.0,0.0
8,190,10.026684004169338,8.876507806847576,0.0,1.0,0.0,0.0,0.0,0.0
9,190,0.0,11.587877456067366,1.0,1.0,1.0,0.0,1.0,0.0
10,190,6.243562072014383,7.454972511610572,1.0,0.0,1.0,0.0,1.0,0.0
11,190,6.284847262536309,6.172088972322564,1.0,0.0,0.0,0.0,0.0,1.0
12,190,4.298938954013051,3.3364335060578587,0.0,0.0,1.0,0.0,0.0,1.0
13,190,0.2349729965301822,9.998620212861333,0.0,0.0,1.0,0.0,0.0,0.0
14,190,12.0,9.821216107286787,0.0,0.0,1.0,0.0,1.0,1.0
0,195,6.812410730894846,9.34554102524426,1.0,0.0,1.0,0.0,1.0,1.0
1,195,0.7443461763362723,8.381257049150086,1.0,0.0,0.0,0.0,0.0,0.0
2,195,11.76211469387561,9.72538161560562,1.0,0.0,0.0,1.0,1.0,0.0
3,195,6.303889959428428,5.43014729332081,1.0,0.0,1.0,0.0,0.0,1.0
4,195,3.17664171228085,8.450978703032623,1.0,0.0,0.0,0.0,1.0,1.0
5,195,4.403251111953001,10.964160557822463,0.0,0.0,0.0,0.0,1.0,0.0
6,195,5.169482108245911,0.1262146794567891,0.0,0.0,0.0,1.0,1.0,0.0
7,195,12.0,3.562964414802784,0.0,0.0,1.0,1.0,1.0,0.0
8,195,9.924629919825517,8.836241081528133,0.0,1.0,0.0,0.0,0.0,0.0
9,195,0.0,11.554880680983674,1.0,1.0,1.0,0.0,1.0,0.0
10,195,6.104013215380438,7.4576642853555155,1.0,0.0,1.0,0.0,1.0,0.0
11,195,6.269388855137759,6.098442312089091,1.0,0.0,0.0,0.0,0.0,1.0
12,195,4.310012701960875,3.348346271392473,0.0,0.0,1.0,0.0,0.0,1.0
13,195,0.1581081517556135,9.971894187689667,0.0,0.0,1.0,0.0,0.0,0.0
14,195,12.0,9.83963774587571,0.0,0.0,1.0,0.0,1.0,1.0
0,200,6.860708015219067,9.346583956726978,1.0,0.0,1.0,0.0,1.0,1.0
1,200,0.7176239994282357,8.385783774004658,1.0,0.0,0.0,0.0,0.0,0.0
2,200,11.85125456388896,9.706240141320208,1.0,0.0,0.0,1.0,1.0,0.0
3,200,6.384700864063414,5.48406635919226,1.0,0.0,1.0,0.0,0.0,1.0
4,200,3.1535365936168462,8.384215264528086,1.0,0.0,0.0,0.0,1.0,1.0
5,200,4.397784257815901,10.966537329104735,0.0,0.0,0.0,0.0,1.0,0.0
6,200,5.0888150760629225,0.0668716284271285,0.0,0.0,0.0,1.0,1.0,0.0
7,200,12.0,3.502260683084016,0.0,0.0,1.0,1.0,1.0,0.0
8,200,9.804062452376522,8.788309358003977,0.0,1.0,0.0,0.0,0.0,0.0
9,200,0.0,11.526772776724014,1.0,1.0,1.0,0.0,1.0,0.0
10,200,5.976835369548904,7.461813427611812,1.0,0.0,1.0,0.0,1.0,0.0
11,200,6.251579632590196,6.016376241128173,1.0,0.0,0.0,0.0,0.0,1.0
12,200,4.318025293999108,3.357105493958521,0.0,0.0,1.0,0.0,0.0,1.0
13,200,0.0925308968598482,9.948666303058909,0.0,0.0,1.0,0.0,0.0,0.0
14,200,12.0,9.854979269849506,0.0,0.0,1.0,0.0,1.0,1.0
0,205,6.903952780962482,9.346655822249089,1.0,0.0,1.0,0.0,1.0,1.0
1,205,0.67163813437217,8.393832204791412,1.0,0.0,0.0,0.0,0.0,0.0
2,205,11.935216786690075,9.687598571670758,1.0,0.0,0.0,1.0,1.0,0.0
3,205,6.467361962518901,5.540990729903197,1.0,0.0,1.0,0.0,0.0,1.0
4,205,3.1297082310131543,8.313579259229579,1.0,0.0,0.0,0.0,1.0,1.0
5,205,4.3779279755288725,10.974331427079726,0.0,0.0,0.0,0.0,1.0,0.0
6,205,5.009099656764969,0.0104150067698391,0.0,0.0,0.0,1.0,1.0,0.0
7,205,12.0,3.437017610575444,0.0,0.0,1.0,1.0,1.0,0.0
8,205,9.694221545822703,8.743795650202099,0.0,1.0,0.0,0.0,0.0,0.0
9,205,0.0,11.499083697419088,1.0,1.0,1.0,0.0,1.0,0.0
10,205,5.84657073856124,7.462687945948379,1.0,0.0,1.0,0.0,1.0,0.0
11,205,6.232665409885279,5.91892506875054,1.0,0.0,0.0,0.0,0.0,1.0
12,205,4.305377361846837,3.343483610613599,0.0,0.0,1.0,0.0,0.0,1.0
13,205,0.0069570629687287,9.91971319927949,0.0,0.0,1.0,0.0,0.0,0.0
14,205,12.0,9.864302121536854,0.0,0.0,1.0,0.0,1.0,1.0
0,210,6.923546873078697,9.346793572726328,1.0,0.0,1.0,0.0,1.0,1.0
1,210,0.6318731676163335,8.400727025017858,1.0,0.0,0.0,0.0,0.0,0.0
2,210,11.999211343089538,9.674910134783625,1.0,0.0,0.0,1.0,1.0,0.0
3,210,6.536332630478508,5.588633021401522,1.0,0.0,1.0,0.0,0.0,1.0
4,210,3.110376393158025,8.253801324887856,1.0,0.0,0.0,0.0,1.0,1.0
5,210,4.368241571197072,10.978447742606898,0.0,0.0,0.0,0.0,1.0,0.0
6,210,4.941300042178964,0.0,0.0,0.0,0.0,1.0,1.0,0.0
7,210,12.0,3.3536288054486194,0.0,0.0,1.0,1.0,1.0,0.0
8,210,9.604128824862553,8.70822468198931,0.0,1.0,0.0,0.0,0.0,0.0
9,210,0.0,11.464270155107313,1.0,1.0,1.0,0.0,1.0,0.0
10,210,5.680947663817601,7.4647372437957245,1.0,0.0,1.0,0.0,1.0,0.0
11,210,6.212692122523725,5.822636662165241,1.0,0.0,0.0,0.0,0.0,1.0
12,210,4.296638548788943,3.3346777222104103,0.0,0.0,1.0,0.0,0.0,1.0
13,210,0.0,9.896518554703253,0.0,0.0,1.0,0.0,0.0,0.0
14,210,12.0,9.873218313184124,0.0,0.0,1.0,0.0,1.0,1.0
0,215,6.942033079234257,9.346668050322856,1.0,0.0,1.0,0.0,1.0,1.0
1,215,0.5984121545691942,8.40683685525797,1.0,0.0,0.0,0.0,0.0,0.0
2,215,12.0,9.66477711870707,1.0,0.0,0.0,1.0,1.0,0.0
3,215,6.6086549564304855,5.637459727295348,1.0,0.0,1.0,0.0,0.0,1.0
4,215,3.092686035429296,8.19499686084054,1.0,0.0,0.0,0.0,1.0,1.0
5,215,4.358688114425185,10.982361219697138,0.0,0.0,0.0,0.0,1.0,0.0
6,215,4.878024407385521,0.0,0.0,0.0,0.0,1.0,1.0,0.0
7,215,12.0,3.2771678747704445,0.0,0.0,1.0,1.0,1.0,0.0
8,215,9.50108828665355,8.665804271203607,0.0,1.0,0.0,0.0,0.0,0.0
9,215,0.0,11.432590074199412,1.0,1.0,1.0,0.0,1.0,0.0
10,215,5.501554099924217,7.463366073055028,1.0,0.0,1.0,0.0,1.0,0.0
11,215,6.194837162572374,5.741517449651266,1.0,0.0,0.0,0.0,0.0,1.0
12,215,4.283951272147974,3.3222549109477244,0.0,0.0,1.0,0.0,0.0,1.0
13,215,0.0,9.87108736097406,0.0,0.0,1.0,0.0,0.0,0.0
14,215,12.0,9.879648715964246,0.0,0.0,1.0,0.0,1.0,1.0
0,220,6.984258551737162,9.347984576252514,1.0,0.0,1.0,0.0,1.0,1.0
1,220,0.5557220778424136,8.414284588077171,1.0,0.0,0.0,0.0,0.0,0.0
2,220,12.0,9.654640225809905,1.0,0.0,0.0,1.0,1.0,0.0
3,220,6.67984964994691,5.683061678928522,1.0,0.0,1.0,0.0,0.0,1.0
4,220,3.071020090702893,8.126151059594024,1.0,0.0,0.0,0.0,1.0,1.0
5,220,4.334412961566287,10.993277913747791,0.0,0.0,0.0,0.0,1.0,0.0
6,220,4.817151016931713,0.0,0.0,0.0,0.0,1.0,1.0,0.0
7,220,12.0,3.204887341039047,0.0,0.0,1.0,1.0,1.0,0.0
8,220,9.400511532017315,8.62731000484527,0.0,1.0,0.0,0.0,0.0,0.0
9,220,0.0,11.403892006407265,1.0,1.0,1.0,0.0,1.0,0.0
10,220,5.334849086165029,7.4624016881136015,1.0,0.0,1.0,0.0,1.0,0.0
11,220,6.1740181912942536,5.6393535491257625,1.0,0.0,0.0,0.0,0.0,1.0
12,220,4.2696866450437385,3.307766198522906,0.0,0.0,1.0,0.0,0.0,1.0
13,220,0.0,9.844637080653165,0.0,0.0,1.0,0.0,0.0,0.0
14,220,12.0,9.888862563996796,0.0,0.0,1.0,0.0,1.0,1.0
0,225,7.028059302826829,9.347430551574709,1.0,0.0,1.0,0.0,1.0,1.0
1,225,0.5075648858873486,8.42413678427036,1.0,0.0,0.0,0.0,0.0,0.0
2,225,12.0,9.645283348030697,1.0,0.0,0.0,1.0,1.0,0.0
3,225,6.735069300350929,5.7178090025784805,1.0,0.0,1.0,0.0,0.0,1.0
4,225,3.049113850693314,8.059674720807402,1.0,0.0,0.0,0.0,1.0,1.0
5,225,4.312997923337673,11.0030261155636,0.0,0.0,0.0,0.0,1.0,0.0
6,225,4.749677987798445,0.0,0.0,0.0,0.0,1.0,1.0,0.0
7,225,12.0,3.126388885926477,0.0,0.0,1.0,1.0,1.0,0.0
8,225,9.295664688259174,8.586872602066414,0.0,1.0,0.0,0.0,0.0,0.0
9,225,0.0,11.369399749400635,1.0,1.0,1.0,0.0,1.0,0.0
10,225,5.174396832547118,7.45752054912911,1.0,0.0,1.0,0.0,1.0,0.0
11,225,6.151890728357745,5.522251591980777,1.0,0.0,0.0,0.0,0.0,1.0
12,225,4.255860864564006,3.294328274173347,0.0,0.0,1.0,0.0,0.0,1.0
13,225,0.0,9.809153337241932,0.0,0.0,1.0,0.0,0.0,0.0
14,225,12.0,9.89395898952524,0.0,0.0,1.0,0.0,1.0,1.0
0,230,7.081983751818456,9.346368247917974,1.0,0.0,1.0,0.0,1.0,1.0
1,230,0.5602861612834859,8.41234796904566,1.0,0.0,0.0,0.0,0.0,0.0
2,230,12.0,9.640640180010545,1.0,0.0,0.0,1.0,1.0,0.0
3,230,6.783770327618622,5.7500883387013175,1.0,0.0,1.0,0.0,0.0,1.0
4,230,3.0258000535504626,7.992195501700427,1.0,0.0,0.0,0.0,1.0,1.0
5,230,4.294335292870213,11.01161538452379,0.0,0.0,0.0,0.0,1.0,0.0
6,230,4.695018833992478,0.0,0.0,0.0,0.0,1.0,1.0,0.0
7,230,12.0,3.0587068730661287,0.0,0.0,1.0,1.0,1.0,0.0
8,230,9.184473607185568,8.542010364667469,0.0,1.0,0.0,0.0,0.0,0.0
9,230,0.0,11.338940067203769,1.0,1.0,1.0,0.0,1.0,0.0
10,230,4.9969462725315,7.454661801318675,1.0,0.0,1.0,0.0,1.0,0.0
11,230,6.132789687378958,5.4017208440565225,1.0,0.0,0.0,0.0,0.0,1.0
12,230,4.237257104320224,3.275501007832516,0.0,0.0,1.0,0.0,0.0,1.0
13,230,0.0,9.77354965036788,0.0,0.0,1.0,0.0,0.0,0.0
14,230,12.0,9.89494591615018,0.0,0.0,1.0,0.0,1.0,1.0
0,235,7.143058082883945,9.344807223908695,1.0,0.0,1.0,0.0,1.0,1.0
1,235,0.615897316613084,8.400090518202791,1.0,0.0,0.0,0.0,0.0,0.0
2,235,12.0,9.637142366807902,1.0,0.0,0.0,1.0,1.0,0.0
3,235,6.830711034269736,5.781624595463544,1.0,0.0,1.0,0.0,0.0,1.0
4,235,3.002944357267919,7.929132336519792,1.0,0.0,0.0,0.0,1.0,1.0
5,235,4.27438777952782,11.020619446798776,0.0,0.0,0.0,0.0,1.0,0.0
6,235,4.640810455423711,0.0,0.0,0.0,0.0,1.0,1.0,0.0
7,235,12.0,2.985502799662738,0.0,0.0,1.0,1.0,1.0,0.0
8,235,9.062021623318294,8.487771138116411,0.0,1.0,0.0,0.0,0.0,0.0
9,235,0.0,11.304556793454877,1.0,1.0,1.0,0.0,1.0,0.0
10,235,4.815968793121803,7.4516103457320755,1.0,0.0,1.0,0.0,1.0,0.0
11,235,6.114077270502731,5.28335586651507,1.0,0.0,0.0,0.0,0.0,1.0
12,235,4.220180230847678,3.2593730659173543,0.0,0.0,1.0,0.0,0.0,1.0
13,235,0.0,9.740610041969216,0.0,0.0,1.0,0.0,0.0,0.0
14,235,11.97826560902632,9.887656501383654,0.0,0.0,1.0,0.0,1.0,1.0
0,240,7.196378892683857,9.3432167878898,1.0,0.0,1.0,0.0,1.0,1.0
1,240,0.682524082050083,8.385044326999209,1.0,0.0,0.0,0.0,0.0,0.0
2,240,12.0,9.630937101937985,1.0,0.0,0.0,1.0,1.0,0.0
3,240,6.8696753540331095,5.809385972032371,1.0,0.0,1.0,0.0,0.0,1.0
4,240,2.9835190134954,7.878491357990608,1.0,0.0,0.0,0.0,1.0,1.0
5,240,4.254264027386258,11.030587726949424,0.0,0.0,0.0,0.0,1.0,0.0
6,240,4.575347975926429,0.0,0.0,0.0,0.0,1.0,1.0,0.0
7,240,12.0,2.9039071329929222,0.0,0.0,1.0,1.0,1.0,0.0
8,240,8.91765619409735,8.425865188687162,0.0,1.0,0.0,0.0,0.0,0.0
9,240,0.0,11.270668437476145,1.0,1.0,1.0,0.0,1.0,0.0
10,240,4.614038471143721,7.447161197240128,1.0,0.0,1.0,0.0,1.0,0.0
11,240,6.097812708845843,5.177242565900805,1.0,0.0,0.0,0.0,0.0,1.0
12,240,4.202758753731523,3.242974019752436,0.0,0.0,1.0,0.0,0.0,1.0
13,240,0.0,9.707853403613491,0.0,0.0,1.0,0.0,0.0,0.0
14,240,11.948678959834258,9.878617379949208,0.0,0.0,1.0,0.0,1.0,1.0
0,245,7.245072872243732,9.342194341142465,1.0,0.0,1.0,0.0,1.0,1.0
1,245,0.7309441394901159,8.372873040812323,1.0,0.0,0.0,0.0,0.0,0.0
2,245,12.0,9.625437396338176,1.0,0.0,0.0,1.0,1.0,0.0
3,245,6.916043936294946,5.842967712463698,1.0,0.0,1.0,0.0,0.0,1.0
4,245,2.972502343688602,7.849344722499177,1.0,0.0,0.0,0.0,1.0,1.0
5,245,4.242708465947527,11.035866866702593,0.0,0.0,0.0,0.0,1.0,0.0
6,245,4.515129925913911,0.0,0.0,0.0,0.0,1.0,1.0,0.0
7,245,12.0,2.823964828233663,0.0,0.0,1.0,1.0,1.0,0.0
8,245,8.771377883352017,8.358568907035444,0.0,1.0,0.0,0.0,0.0,0.0
9,245,0.0,11.232776950568812,1.0,1.0,1.0,0.0,1.0,0.0
10,245,4.425361032680288,7.44268314153001,1.0,0.0,1.0,0.0,1.0,0.0
11,245,6.081952529349402,5.069577638839928,1.0,0.0,0.0,0.0,0.0,1.0
12,245,4.179166239874032,3.2194000445579305,0.0,0.0,1.0,0.0,0.0,1.0
13,245,0.0,9.67672184964874,0.0,0.0,1.0,0.0,0.0,0.0
14,245,11.917640317847583,9.868598283209325,0.0,0.0,1.0,0.0,1.0,1.0
0,250,7.307817727576452,9.341163104693244,1.0,0.0,1.0,0.0,1.0,1.0
1,250,0.782883980468879,8.359371837137722,1.0,0.0,0.0,0.0,0.0,0.0
2,250,12.0,9.62035932658912,1.0,0.0,0.0,1.0,1.0,0.0
3,250,6.949368983647844,5.8677223616649625,1.0,0.0,1.0,0.0,0.0,1.0
4,250,2.968648941487335,7.838549653667068,1.0,0.0,0.0,0.0,1.0,1.0
5,250,4.229424308034912,11.041984661357136,0.0,0.0,0.0,0.0,1.0,0.0
6,250,4.439316675779645,0.0,0.0,0.0,0.0,1.0,1.0,0.0
7,250,12.0,2.7351589444247364,0.0,0.0,1.0,1.0,1.0,0.0
8,250,8.62764650497077,8.296416943259871,0.0,1.0,0.0,0.0,0.0,0.0
9,250,0.0,11.197214839239628,1.0,1.0,1.0,0.0,1.0,0.0
10,250,4.250605721538058,7.438065265582228,1.0,0.0,1.0,0.0,1.0,0.0
11,250,6.068617466549055,4.965107388488212,1.0,0.0,0.0,0.0,0.0,1.0
12,250,4.178280922857652,3.218499273751915,0.0,0.0,1.0,0.0,0.0,1.0
13,250,0.0,9.650031688973955,0.0,0.0,1.0,0.0,0.0,0.0
14,250,11.870986827147522,9.852974003661265,0.0,0.0,1.0,0.0,1.0,1.0
0,255,7.386388659176838,9.34082385784481,1.0,0.0,1.0,0.0,1.0,1.0
1,255,0.8382944774148644,8.344338461357411,1.0,0.0,0.0,0.0,0.0,0.0
2,255,12.0,9.614953691539643,1.0,0.0,0.0,1.0,1.0,0.0
3,255,6.984344857960206,5.893845339461307,1.0,0.0,1.0,0.0,0.0,1.0
4,255,2.958344000313152,7.809005941847211,1.0,0.0,0.0,0.0,1.0,1.0
5,255,4.2118119850783335,11.04999638196828,0.0,0.0,0.0,0.0,1.0,0.0
6,255,4.347159515434726,0.0,0.0,0.0,0.0,1.0,1.0,0.0
7,255,12.0,2.63781562368869,0.0,0.0,1.0,1.0,1.0,0.0
8,255,8.466601279817722,8.223716275654128,0.0,1.0,0.0,0.0,0.0,0.0
9,255,0.0,11.164570071444276,1.0,1.0,1.0,0.0,1.0,0.0
10,255,4.0754685167835865,7.433147701678171,1.0,0.0,1.0,0.0,1.0,0.0
11,255,6.0598272165449165,4.880805283367026,1.0,0.0,0.0,0.0,0.0,1.0
12,255,4.167773361196415,3.208025528545241,0.0,0.0,1.0,0.0,0.0,1.0
13,255,0.0,9.625653613137136,0.0,0.0,1.0,0.0,0.0,0.0
14,255,11.819491210280884,9.836506394182564,0.0,0.0,1.0,0.0,1.0,1.0
0,260,7.474031918980386,9.343529095865936,1.0,0.0,1.0,0.0,1.0,1.0
1,260,0.8904578727829763,8.328518896616881,1.0,0.0,0.0,0.0,0.0,0.0
2,260,12.0,9.609726565621628,1.0,0.0,0.0,1.0,1.0,0.0
3,260,7.01096179453898,5.914062578329293,1.0,0.0,1.0,0.0,0.0,1.0
4,260,2.9461828969506585,7.770654954385709,1.0,0.0,0.0,0.0,1.0,1.0
5,260,4.201322783733359,11.054669608374674,0.0,0.0,0.0,0.0,1.0,0.0
6,260,4.262706835093911,0.0,0.0,0.0,0.0,1.0,1.0,0.0
7,260,12.0,2.551366601265141,0.0,0.0,1.0,1.0,1.0,0.0
8,260,8.295017722187605,8.14570095466925,0.0,1.0,0.0,0.0,0.0,0.0
9,260,0.0,11.132154314226126,1.0,1.0,1.0,0.0,1.0,0.0
10,260,3.88936897638172,7.432744344063404,1.0,0.0,1.0,0.0,1.0,0.0
11,260,6.045202979587395,4.787190436347774,1.0,0.0,0.0,0.0,0.0,1.0
12,260,4.141190600632503,3.181903627423569,0.0,0.0,1.0,0.0,0.0,1.0
13,260,0.0,9.597836463947372,0.0,0.0,1.0,0.0,0.0,0.0
14,260,11.788670985746554,9.826721721358368,0.0,0.0,1.0,0.0,1.0,1.0
0,265,7.541838436706521,9.345382997834976,1.0,0.0,1.0,0.0,1.0,1.0
1,265,0.9307376676420902,8.316592005149957,1.0,0.0,0.0,0.0,0.0,0.0
2,265,12.0,9.603905420481194,1.0,0.0,0.0,1.0,1.0,0.0
3,265,7.049049338828539,5.942311651306087,1.0,0.0,1.0,0.0,0.0,1.0
4,265,2.929887519439751,7.720148295327597,1.0,0.0,0.0,0.0,1.0,1.0
5,265,4.195779478496868,11.05705193671757,0.0,0.0,0.0,0.0,1.0,0.0
6,265,4.163582085021224,0.0,0.0,0.0,0.0,1.0,1.0,0.0
7,265,12.0,2.467841849761406,0.0,0.0,1.0,1.0,1.0,0.0
8,265,8.11794230140704,8.064686278564249,0.0,1.0,0.0,0.0,0.0,0.0
9,265,0.0,11.091101331127913,1.0,1.0,1.0,0.0,1.0,0.0
10,265,3.675164454267528,7.433996331516725,1.0,0.0,1.0,0.0,1.0,0.0
11,265,6.032193714334678,4.689309405346995,1.0,0.0,0.0,0.0,0.0,1.0
12,265,4.122732365729432,3.16423458966634,0.0,0.0,1.0,0.0,0.0,1.0
13,265,0.0,9.562777661387637,0.0,0.0,1.0,0.0,0.0,0.0
14,265,11.764558883232125,9.818987132022158,0.0,0.0,1.0,0.0,1.0,1.0
0,270,7.598148367706572,9.347974271003604,1.0,0.0,1.0,0.0,1.0,1.0
1,270,0.986977277233948,8.299147406804627,1.0,0.0,0.0,0.0,0.0,0.0
2,270,12.0,9.595537895737206,1.0,0.0,0.0,1.0,1.0,0.0
3,270,7.074535365587039,5.960329338824035,1.0,0.0,1.0,0.0,0.0,1.0
4,270,2.91676258076724,7.678133978293447,1.0,0.0,0.0,0.0,1.0,1.0
5,270,4.214116314742281,11.049867604903827,0.0,0.0,0.0,0.0,1.0,0.0
6,270,4.043088082473002,0.0,0.0,0.0,0.0,1.0,1.0,0.0
7,270,12.0,2.3818886021848247,0.0,0.0,1.0,1.0,1.0,0.0
8,270,7.944940936496216,7.983924597789925,0.0,1.0,0.0,0.0,0.0,0.0
9,270,0.0,11.034079003637872,1.0,1.0,1.0,0.0,1.0,0.0
10,270,3.448106078636927,7.432392199700168,1.0,0.0,1.0,0.0,1.0,0.0
11,270,6.015052126710137,4.583312484842214,1.0,0.0,0.0,0.0,0.0,1.0
12,270,4.109476768258173,3.151236947749533,0.0,0.0,1.0,0.0,0.0,1.0
13,270,0.0,9.528243455094836,0.0,0.0,1.0,0.0,0.0,0.0
14,270,11.719811532467046,9.802592113204549,0.0,0.0,1.0,0.0,1.0,1.0
0,275,7.675802718163696,9.35026462010219,1.0,0.0,1.0,0.0,1.0,1.0
1,275,1.0364241486689685,8.282880628990734,1.0,0.0,0.0,0.0,0.0,0.0
2,275,12.0,9.590443418586087,1.0,0.0,0.0,1.0,1.0,0.0
3,275,7.107804081349335,5.984052820073694,1.0,0.0,1.0,0.0,0.0,1.0
4,275,2.9039555797126444,7.637282697550432,1.0,0.0,0.0,0.0,1.0,1.0
5,275,4.2265601764062,11.04500399858968,0.0,0.0,0.0,0.0,1.0,0.0
6,275,3.9121294540608336,0.0,0.0,0.0,0.0,1.0,1.0,0.0
7,275,12.0,2.3072040411508463,0.0,0.0,1.0,1.0,1.0,0.0
8,275,7.761001760230079,7.88998931254379,0.0,1.0,0.0,0.0,0.0,0.0
9,275,0.0,10.973756307135863,1.0,1.0,1.0,0.0,1.0,0.0
10,275,3.2033598885072623,7.438912362237329,1.0,0.0,1.0,0.0,1.0,0.0
11,275,6.000471004304569,4.494677034804838,1.0,0.0,0.0,0.0,0.0,1.0
12,275,4.091577522321485,3.1329494235957664,0.0,0.0,1.0,0.0,0.0,1.0
13,275,0.0,9.487617356451134,0.0,0.0,1.0,0.0,0.0,0.0
14,275,11.682288076438606,9.78866782964503,0.0,0.0,1.0,0.0,1.0,1.0
0,280,7.751807851835176,9.35306578684802,1.0,0.0,1.0,0.0,1.0,1.0
1,280,1.1042519095854282,8.262240966942127,1.0,0.0,0.0,0.0,0.0,0.0
2,280,12.0,9.58613446394554,1.0,0.0,0.0,1.0,1.0,0.0
3,280,7.147358482135239,6.012941709668364,1.0,0.0,1.0,0.0,0.0,1.0
4,280,2.895027122560421,7.609282596376507,1.0,0.0,0.0,0.0,1.0,1.0
5,280,4.229690498606101,11.0437817167684,0.0,0.0,0.0,0.0,1.0,0.0
6,280,3.7943472427390703,0.0,0.0,0.0,0.0,1.0,1.0,0.0
7,280,12.0,2.2279526089304302,0.0,0.0,1.0,1.0,1.0,0.0
8,280,7.564882858719776,7.787093441848271,0.0,1.0,0.0,0.0,0.0,0.0
9,280,0.0,10.922774996967416,1.0,1.0,1.0,0.0,1.0,0.0
10,280,2.9388215347659994,7.443009494026143,1.0,0.0,1.0,0.0,1.0,0.0
11,280,5.9873967671811705,4.3989134995668335,1.0,0.0,0.0,0.0,0.0,1.0
12,280,4.06364001452706,3.1037644611069144,0.0,0.0,1.0,0.0,0.0,1.0
13,280,0.0,9.444194180304123,0.0,0.0,1.0,0.0,0.0,0.0
14,280,11.64107200528947,9.774810499541188,0.0,0.0,1.0,0.0,1.0,1.0
0,285,7.839388457096517,9.35589412856578,1.0,0.0,1.0,0.0,1.0,1.0
1,285,1.1891255979483115,8.237360323532927,1.0,0.0,0.0,0.0,0.0,0.0
2,285,12.0,9.578513987114606,1.0,0.0,0.0,1.0,1.0,0.0
3,285,7.113140836547823,6.062458252574485,1.0,0.0,1.0,0.0,0.0,1.0
4,285,2.8898266722944967,7.592244147876188,1.0,0.0,0.0,0.0,1.0,1.0
5,285,4.247244640488933,11.037154963238454,0.0,0.0,0.0,0.0,1.0,0.0
6,285,3.687643584875114,0.0,0.0,0.0,0.0,1.0,1.0,0.0
7,285,12.0,2.152119517347869,0.0,0.0,1.0,1.0,1.0,0.0
8,285,7.360612068989499,7.682027560553386,0.0,1.0,0.0,0.0,0.0,0.0
9,285,0.0,10.871858277152764,1.0,1.0,1.0,0.0,1.0,0.0
10,285,2.6696601562913926,7.443900528905787,1.0,0.0,1.0,0.0,1.0,0.0
11,285,5.979131558229931,4.323887346208012,1.0,0.0,0.0,0.0,0.0,1.0
12,285,4.028242153750002,3.0682150578990064,0.0,0.0,1.0,0.0,0.0,1.0
13,285,0.0,9.407498780506335,0.0,0.0,1.0,0.0,0.0,0.0
14,285,11.591573277133794,9.757098795082705,0.0,0.0,1.0,0.0,1.0,1.0
0,290,7.924557144211721,9.35811370931172,1.0,0.0,1.0,0.0,1.0,1.0
1,290,1.269798074046982,8.211875382826276,1.0,0.0,0.0,0.0,0.0,0.0
2,290,12.0,9.5679266065543,1.0,0.0,0.0,1.0,1.0,0.0
3,290,7.082799610045925,6.105036849189498,1.0,0.0,1.0,0.0,0.0,1.0
4,290,2.886093991242938,7.57971842481723,1.0,0.0,0.0,0.0,1.0,1.0
5,290,4.25071674655908,11.035866462446709,0.0,0.0,0.0,0.0,1.0,0.0
6,290,3.5866864582190328,0.0,0.0,0.0,0.0,1.0,1.0,0.0
7,290,12.0,2.0821867068970352,0.0,0.0,1.0,1.0,1.0,0.0
8,290,7.162045221955231,7.585697744277391,0.0,1.0,0.0,0.0,0.0,0.0
9,290,0.0,10.816909403045935,1.0,1.0,1.0,0.0,1.0,0.0
10,290,2.400919071344,7.4432064254429,1.0,0.0,1.0,0.0,1.0,0.0
11,290,5.970598512462788,4.252882598078416,1.0,0.0,0.0,0.0,0.0,1.0
12,290,3.9899005717789904,3.0302567617359197,0.0,0.0,1.0,0.0,0.0,1.0
13,290,0.0,9.358223581548186,0.0,0.0,1.0,0.0,0.0,0.0
14,290,11.519937034191267,9.731860547860135,0.0,0.0,1.0,0.0,1.0,1.0
0,295,8.014477041519246,9.361560885087435,1.0,0.0,1.0,0.0,1.0,1.0
1,295,1.3697161159822455,8.180012331761638,1.0,0.0,0.0,0.0,0.0,0.0
2,295,12.0,9.560776405565154,1.0,0.0,0.0,1.0,1.0,0.0
3,295,7.064493806796016,6.129831091552998,1.0,0.0,1.0,0.0,0.0,1.0
4,295,2.886217946436558,7.580112627972963,1.0,0.0,0.0,0.0,1.0,1.0
5,295,4.247968714416614,11.03683260000393,0.0,0.0,0.0,0.0,1.0,0.0
6,295,3.483112839619857,0.0,0.0,0.0,0.0,1.0,1.0,0.0
7,295,12.0,2.0191136897924404,0.0,0.0,1.0,1.0,1.0,0.0
8,295,6.964855725831458,7.4785284008433885,0.0,1.0,0.0,0.0,0.0,0.0
9,295,0.0,10.75757655012142,1.0,1.0,1.0,0.0,1.0,0.0
10,295,2.121814470185128,7.444187532119986,1.0,0.0,1.0,0.0,1.0,0.0
11,295,5.957228171595958,4.163273299037723,1.0,0.0,0.0,0.0,0.0,1.0
12,295,3.9571754522780926,2.998118449883801,0.0,0.0,1.0,0.0,0.0,1.0
13,295,0.0,9.293981146938595,0.0,0.0,1.0,0.0,0.0,0.0
14,295,11.452236872309872,9.70798731010323,0.0,0.0,1.0,0.0,1.0,1.0
