0,0,8.023765344062246,1.9655841009972657,0.0,1.0,0.0,0.0,0.0,0.0
1,0,5.062068558899155,2.9812965772425195,0.0,0.0,1.0,1.0,0.0,0.0
2,0,3.044280572246265,8.019643482025058,0.0,0.0,0.0,0.0,1.0,1.0
3,0,0.9582280402786274,11.99088661124072,0.0,0.0,0.0,0.0,1.0,0.0
4,0,0.0,10.967100174344464,0.0,0.0,1.0,0.0,0.0,0.0
5,0,5.959487181196561,0.9554447177695417,0.0,1.0,1.0,0.0,1.0,0.0
6,0,0.0357888414024581,11.02055630156407,1.0,0.0,1.0,0.0,0.0,0.0
7,0,7.0391656108881655,4.028367270351496,0.0,0.0,0.0,1.0,0.0,0.0
8,0,1.0622105989031034,4.010555810901926,0.0,0.0,0.0,0.0,1.0,0.0
9,0,10.049084777457926,8.986704569379693,0.0,1.0,0.0,0.0,0.0,1.0
10,0,11.969903568394626,3.010054610155763,0.0,1.0,0.0,0.0,1.0,0.0
11,0,2.0232219051243487,7.056119503515028,1.0,0.0,1.0,1.0,0.0,1.0
12,0,8.980784019348917,9.049707511164502,0.0,0.0,0.0,1.0,0.0,1.0
13,0,6.950288913106948,5.056679607971671,1.0,0.0,0.0,0.0,0.0,0.0
14,0,11.010577269413268,2.945310352320324,0.0,0.0,1.0,1.0,0.0,0.0
0,5,8.04940380008879,1.9308144421750029,0.0,1.0,0.0,0.0,0.0,0.0
1,5,5.117254879944817,2.9655378820563,0.0,0.0,1.0,1.0,0.0,0.0
2,5,3.0721674730762847,8.031873099013366,0.0,0.0,0.0,0.0,1.0,1.0
3,5,0.9208997477292344,11.984279050794068,0.0,0.0,0.0,0.0,1.0,0.0
4,5,0.0,10.93445851928636,0.0,0.0,1.0,0.0,0.0,0.0
5,5,5.919740265137523,0.9120842510492332,0.0,1.0,1.0,0.0,1.0,0.0
6,5,0.0942483011010677,11.056262993598134,1.0,0.0,1.0,0.0,0.0,0.0
7,5,7.061226183511556,4.04423875055367,0.0,0.0,0.0,1.0,0.0,0.0
8,5,1.1304567708601243,4.024805206403734,0.0,0.0,0.0,0.0,1.0,0.0
9,5,10.116212726417665,8.967275585738813,0.0,1.0,0.0,0.0,0.0,1.0
10,5,11.948526909209315,3.0176711936833343,0.0,1.0,0.0,0.0,1.0,0.0
11,5,2.0494642032449955,7.121276561775326,1.0,0.0,1.0,1.0,0.0,1.0
12,5,8.960641803803751,9.098467786017563,0.0,0.0,0.0,1.0,0.0,1.0
13,5,6.892649154414081,5.1219804560725,1.0,0.0,0.0,0.0,0.0,0.0
14,5,11.020554627216438,2.8929661260091453,0.0,0.0,1.0,1.0,0.0,0.0
0,10,8.063207188961746,1.911887739175156,0.0,1.0,0.0,0.0,0.0,0.0
1,10,5.189791108162269,2.943281462911946,0.0,0.0,1.0,1.0,0.0,0.0
2,10,3.056592937277986,8.06810380380667,0.0,0.0,0.0,0.0,1.0,1.0
3,10,0.8896895279416709,11.979405586780272,0.0,0.0,0.0,0.0,1.0,0.0
4,10,0.0,10.896465645093487,0.0,0.0,1.0,0.0,0.0,0.0
5,10,5.86937583446934,0.8556318946227579,0.0,1.0,1.0,0.0,1.0,0.0
6,10,0.1243862549777625,11.074697627820749,1.0,0.0,1.0,0.0,0.0,0.0
7,10,7.077344390756782,4.056544460098928,0.0,0.0,0.0,1.0,0.0,0.0
8,10,1.2049078713261938,4.041520396199798,0.0,0.0,0.0,0.0,1.0,0.0
9,10,10.171146995740544,8.94983473942687,0.0,1.0,0.0,0.0,0.0,1.0
10,10,11.933544647261009,3.0231039095849126,0.0,1.0,0.0,0.0,1.0,0.0
11,10,2.074462072322341,7.177832845944852,1.0,0.0,1.0,1.0,0.0,1.0
12,10,8.939915411917312,9.148145414196923,0.0,0.0,0.0,1.0,0.0,1.0
13,10,6.840603810484728,5.182963691889425,1.0,0.0,0.0,0.0,0.0,0.0
14,10,11.02960337858694,2.847230909441852,0.0,0.0,1.0,1.0,0.0,0.0
0,15,8.089840186119327,1.874973457273297,0.0,1.0,0.0,0.0,0.0,0.0
1,15,5.260504943316898,2.922791137143785,0.0,0.0,1.0,1.0,0.0,0.0
2,15,3.0485144559203987,8.086460473584927,0.0,0.0,0.0,0.0,1.0,1.0
3,15,0.883853731838702,11.97874351761489,0.0,0.0,0.0,0.0,1.0,0.0
4,15,0.0,10.869965621416393,0.0,0.0,1.0,0.0,0.0,0.0
5,15,5.819425786774335,0.8000903185056291,0.0,1.0,1.0,0.0,1.0,0.0
6,15,0.1608732857868697,11.096643518108673,1.0,0.0,1.0,0.0,0.0,0.0
7,15,7.0910935994206366,4.06692887883057,0.0,0.0,0.0,1.0,0.0,0.0
8,15,1.2770934574782915,4.054952427170478,0.0,0.0,0.0,0.0,1.0,0.0
9,15,10.19629252934721,8.941478184620172,0.0,1.0,0.0,0.0,0.0,1.0
10,15,11.923208909101096,3.0272058948070155,0.0,1.0,0.0,0.0,1.0,0.0
11,15,2.1423366269820816,7.148252170781238,1.0,0.0,1.0,1.0,0.0,1.0
12,15,8.921591930368711,9.194474730492065,0.0,0.0,0.0,1.0,0.0,1.0
13,15,6.777466261607878,5.2609432290270295,1.0,0.0,0.0,0.0,0.0,0.0
14,15,11.034135869375383,2.8243700384534987,0.0,0.0,1.0,1.0,0.0,0.0
0,20,8.109957488994509,1.8454435735789727,0.0,1.0,0.0,0.0,0.0,0.0
1,20,5.359359590383315,2.894271136669321,0.0,0.0,1.0,1.0,0.0,0.0
2,20,3.0331906375280258,8.121479886154857,0.0,0.0,0.0,0.0,1.0,1.0
3,20,0.8796216843535666,11.978335211674764,0.0,0.0,0.0,0.0,1.0,0.0
4,20,0.0,10.835547146970285,0.0,0.0,1.0,0.0,0.0,0.0
5,20,5.777422562393302,0.7490366137665564,0.0,1.0,1.0,0.0,1.0,0.0
6,20,0.1930415601555767,11.117552050161349,1.0,0.0,1.0,0.0,0.0,0.0
7,20,7.090736971281555,4.06665328539913,0.0,0.0,0.0,1.0,0.0,0.0
8,20,1.350046282029962,4.070970566622332,0.0,0.0,0.0,0.0,1.0,0.0
9,20,10.199716320065331,8.940340565000504,0.0,1.0,0.0,0.0,0.0,1.0
10,20,11.918928645965504,3.028928218632664,0.0,1.0,0.0,0.0,1.0,0.0
11,20,2.2089833643485672,7.118360187353176,1.0,0.0,1.0,1.0,0.0,1.0
12,20,8.910177478873889,9.22481943919876,0.0,0.0,0.0,1.0,0.0,1.0
13,20,6.699928173766247,5.3554699093997336,1.0,0.0,0.0,0.0,0.0,0.0
14,20,11.048874310960516,2.8271515406826206,0.0,0.0,1.0,1.0,0.0,0.0
0,25,8.116361152200325,1.8365494593653349,0.0,1.0,0.0,0.0,0.0,0.0
1,25,5.465905603465431,2.864142264485782,0.0,0.0,1.0,1.0,0.0,0.0
2,25,3.0135825452399314,8.165280681766403,0.0,0.0,0.0,0.0,1.0,1.0
3,25,0.9009760370082152,11.98047661657363,0.0,0.0,0.0,0.0,1.0,0.0
4,25,0.0,10.788782481431824,0.0,0.0,1.0,0.0,0.0,0.0
5,25,5.730484221650904,0.690322449328696,0.0,1.0,1.0,0.0,1.0,0.0
6,25,0.2188852401300369,11.134489381308931,1.0,0.0,1.0,0.0,0.0,0.0
7,25,7.089617400729567,4.06577301099315,0.0,0.0,0.0,1.0,0.0,0.0
8,25,1.4206857881755208,4.085030016383765,0.0,0.0,0.0,0.0,1.0,0.0
9,25,10.183838257922384,8.945225884613524,0.0,1.0,0.0,0.0,0.0,1.0
10,25,11.908685974575446,3.0325863271120075,0.0,1.0,0.0,0.0,1.0,0.0
11,25,2.266489080529222,7.093525218411137,1.0,0.0,1.0,1.0,0.0,1.0
12,25,8.895548789238216,9.262818008349967,0.0,0.0,0.0,1.0,0.0,1.0
13,25,6.652481247101163,5.417554307271958,1.0,0.0,0.0,0.0,0.0,0.0
14,25,11.063534123274655,2.8303120679029354,0.0,0.0,1.0,1.0,0.0,0.0
0,30,8.120539337487832,1.83128722269238,0.0,1.0,0.0,0.0,0.0,0.0
1,30,5.57522244266876,2.8344798093186903,0.0,0.0,1.0,1.0,0.0,0.0
2,30,2.9948973940292074,8.203332230185161,0.0,0.0,0.0,0.0,1.0,1.0
3,30,0.9226559134603038,11.982578919814602,0.0,0.0,0.0,0.0,1.0,0.0
4,30,0.0,10.729486826501535,0.0,0.0,1.0,0.0,0.0,0.0
5,30,5.692621486566531,0.6424275937970723,0.0,1.0,1.0,0.0,1.0,0.0
6,30,0.2369776485515465,11.146697714353287,1.0,0.0,1.0,0.0,0.0,0.0
7,30,7.088943528677871,4.065242467438517,0.0,0.0,0.0,1.0,0.0,0.0
8,30,1.495391002216572,4.099887808678156,0.0,0.0,0.0,0.0,1.0,0.0
9,30,10.158842976793398,8.953136744573165,0.0,1.0,0.0,0.0,0.0,1.0
10,30,11.87359942851012,3.045941580237073,0.0,1.0,0.0,0.0,1.0,0.0
11,30,2.3360079627111854,7.064536484699078,1.0,0.0,1.0,1.0,0.0,1.0
12,30,8.8734779829246,9.31967906889463,0.0,0.0,0.0,1.0,0.0,1.0
13,30,6.611991132775354,5.471047622768757,1.0,0.0,0.0,0.0,0.0,0.0
14,30,11.053029971035054,2.8279429758670704,0.0,0.0,1.0,1.0,0.0,0.0
0,35,8.128811250882574,1.8212458350640568,0.0,1.0,0.0,0.0,0.0,0.0
1,35,5.711532291567235,2.796111231540819,0.0,0.0,1.0,1.0,0.0,0.0
2,35,2.975692424266556,8.240719172441635,0.0,0.0,0.0,0.0,1.0,1.0
3,35,0.9538463809844072,11.985300324470268,0.0,0.0,0.0,0.0,1.0,0.0
4,35,0.0,10.654947660546984,0.0,0.0,1.0,0.0,0.0,0.0
5,35,5.650462167564662,0.5887694220951738,0.0,1.0,1.0,0.0,1.0,0.0
6,35,0.2685275400176118,11.168540900831792,1.0,0.0,1.0,0.0,0.0,0.0
7,35,7.086443090834295,4.063096865244295,0.0,0.0,0.0,1.0,0.0,0.0
8,35,1.565509052727862,4.114326048835412,0.0,0.0,0.0,0.0,1.0,0.0
9,35,10.148869024110478,8.956196875544395,0.0,1.0,0.0,0.0,0.0,1.0
10,35,11.854512107986247,3.0534745491620057,0.0,1.0,0.0,0.0,1.0,0.0
11,35,2.394655719506689,7.040021192420207,1.0,0.0,1.0,1.0,0.0,1.0
12,35,8.850202336231234,9.380297157399836,0.0,0.0,0.0,1.0,0.0,1.0
13,35,6.556605406753259,5.5480851541763805,1.0,0.0,0.0,0.0,0.0,0.0
14,35,11.065790589480295,2.830505700963057,0.0,0.0,1.0,1.0,0.0,0.0
0,40,8.128122158169216,1.8220894204075533,0.0,1.0,0.0,0.0,0.0,0.0
1,40,5.851875928852855,2.754196009168521,0.0,0.0,1.0,1.0,0.0,0.0
2,40,2.9605712541028666,8.269159406784922,0.0,0.0,0.0,0.0,1.0,1.0
3,40,1.007929993830095,11.990233407212813,0.0,0.0,0.0,0.0,1.0,0.0
4,40,0.0,10.588554172199856,0.0,0.0,1.0,0.0,0.0,0.0
5,40,5.613146354461119,0.5406978157075871,0.0,1.0,1.0,0.0,1.0,0.0
6,40,0.2504389751852598,11.193122042043932,1.0,0.0,1.0,0.0,0.0,0.0
7,40,7.078198369265314,4.056135539295627,0.0,0.0,0.0,1.0,0.0,0.0
8,40,1.6738306348221348,4.135002060715059,0.0,0.0,0.0,0.0,1.0,0.0
9,40,10.127900463203968,8.963120277020245,0.0,1.0,0.0,0.0,0.0,1.0
10,40,11.84612981176568,3.0566306211614225,0.0,1.0,0.0,0.0,1.0,0.0
11,40,2.459553478902307,7.016028261555983,1.0,0.0,1.0,1.0,0.0,1.0
12,40,8.825266822727691,9.445328219849236,0.0,0.0,0.0,1.0,0.0,1.0
13,40,6.491343581167857,5.633191296482256,1.0,0.0,0.0,0.0,0.0,0.0
14,40,11.08394794428624,2.834122130967528,0.0,0.0,1.0,1.0,0.0,0.0
0,45,8.127450236452228,1.8229152500888912,0.0,1.0,0.0,0.0,0.0,0.0
1,45,5.995980660486632,2.7126705243612736,0.0,0.0,1.0,1.0,0.0,0.0
2,45,2.949103981952054,8.291445325639417,0.0,0.0,0.0,0.0,1.0,1.0
3,45,0.9993239381387368,12.0,0.0,0.0,0.0,0.0,1.0,0.0
4,45,0.0,10.521301731605805,0.0,0.0,1.0,0.0,0.0,0.0
5,45,5.573271565842625,0.4860766114993636,0.0,1.0,1.0,0.0,1.0,0.0
6,45,0.2344496864929774,11.21432511615721,1.0,0.0,1.0,0.0,0.0,0.0
7,45,7.064573685878245,4.045676398093096,0.0,0.0,0.0,1.0,0.0,0.0
8,45,1.7876056608708633,4.158678149525395,0.0,0.0,0.0,0.0,1.0,0.0
9,45,10.101133857248197,8.971665351708198,0.0,1.0,0.0,0.0,0.0,1.0
10,45,11.854599853613127,3.0535777887346645,0.0,1.0,0.0,0.0,1.0,0.0
11,45,2.5353235826153866,6.989114700112047,1.0,0.0,1.0,1.0,0.0,1.0
12,45,8.799573247655877,9.516460136328512,0.0,0.0,0.0,1.0,0.0,1.0
13,45,6.4242041854832745,5.719710316388641,1.0,0.0,0.0,0.0,0.0,0.0
14,45,11.08933640282493,2.8351936958345405,0.0,0.0,1.0,1.0,0.0,0.0
0,50,8.136401478416026,1.8114883324606523,0.0,1.0,0.0,0.0,0.0,0.0
1,50,6.134656946000241,2.673276261820971,0.0,0.0,1.0,1.0,0.0,0.0
2,50,2.940902462951019,8.306927054538049,0.0,0.0,0.0,0.0,1.0,1.0
3,50,0.9883408298923678,12.0,0.0,0.0,0.0,0.0,1.0,0.0
4,50,0.0,10.476714319152174,0.0,0.0,1.0,0.0,0.0,0.0
5,50,5.521700818995647,0.4155206725862503,0.0,1.0,1.0,0.0,1.0,0.0
6,50,0.2069479825133601,11.250703597546092,1.0,0.0,1.0,0.0,0.0,0.0
7,50,7.055956138499004,4.039251395738245,0.0,0.0,0.0,1.0,0.0,0.0
8,50,1.8948129662123587,4.179901641353351,0.0,0.0,0.0,0.0,1.0,0.0
9,50,10.048711827225754,8.987219656479468,0.0,1.0,0.0,0.0,0.0,1.0
10,50,11.870318202976124,3.047888850464986,0.0,1.0,0.0,0.0,1.0,0.0
11,50,2.6215339023599595,6.958998659409902,1.0,0.0,1.0,1.0,0.0,1.0
12,50,8.781339354086933,9.565273918616231,0.0,0.0,0.0,1.0,0.0,1.0
13,50,6.359435478271204,5.806020870363677,1.0,0.0,0.0,0.0,0.0,0.0
14,50,11.099510330425572,2.837339010663301,0.0,0.0,1.0,1.0,0.0,0.0
0,55,8.137591906119397,1.809964860478027,0.0,1.0,0.0,0.0,0.0,0.0
1,55,6.285174305035116,2.6313659449495583,0.0,0.0,1.0,1.0,0.0,0.0
2,55,2.9344570092543947,8.31831342657723,0.0,0.0,0.0,0.0,1.0,1.0
3,55,1.0891638773279173,12.0,0.0,0.0,0.0,0.0,1.0,0.0
4,55,0.0,10.439207495162016,0.0,0.0,1.0,0.0,0.0,0.0
5,55,5.47217141920363,0.3457668216812174,0.0,1.0,1.0,0.0,1.0,0.0
6,55,0.1824203783037977,11.283363701961209,1.0,0.0,1.0,0.0,0.0,0.0
7,55,7.037766617313643,4.025902865625924,0.0,0.0,0.0,1.0,0.0,0.0
8,55,2.0131968512243845,4.204466376048671,0.0,0.0,0.0,0.0,1.0,0.0
9,55,9.989630325641574,9.004253961580337,0.0,1.0,0.0,0.0,0.0,1.0
10,55,11.875237305186252,3.0461219447842995,0.0,1.0,0.0,0.0,1.0,0.0
11,55,2.7156219474589856,6.921894775526378,1.0,0.0,1.0,1.0,0.0,1.0
12,55,8.765419601445535,9.606900404767485,0.0,0.0,0.0,1.0,0.0,1.0
13,55,6.29426103355538,5.891602195016094,1.0,0.0,0.0,0.0,0.0,0.0
14,55,11.095313710916033,2.8364701014398537,0.0,0.0,1.0,1.0,0.0,0.0
0,60,8.138069357771132,1.809326979284893,0.0,1.0,0.0,0.0,0.0,0.0
1,60,6.447993564459241,2.594741424361233,0.0,0.0,1.0,1.0,0.0,0.0
2,60,2.9266457322092485,8.332688324746925,0.0,0.0,0.0,0.0,1.0,1.0
3,60,1.165653752818378,12.0,0.0,0.0,0.0,0.0,1.0,0.0
4,60,0.0,10.380116627635411,0.0,0.0,1.0,0.0,0.0,0.0
5,60,5.418211426720912,0.2666010002538773,0.0,1.0,1.0,0.0,1.0,0.0
6,60,0.1426438464692385,11.336818041422482,1.0,0.0,1.0,0.0,0.0,0.0
7,60,7.024619179941163,4.016460830217745,0.0,0.0,0.0,1.0,0.0,0.0
8,60,2.120654700188744,4.227609445118081,0.0,0.0,0.0,0.0,1.0,0.0
9,60,9.927384958688096,9.022492547921864,0.0,1.0,0.0,0.0,0.0,1.0
10,60,11.886505637599164,3.041909920456381,0.0,1.0,0.0,0.0,1.0,0.0
11,60,2.806530877949644,6.887583844242424,1.0,0.0,1.0,1.0,0.0,1.0
12,60,8.752771033614776,9.64079109406836,0.0,0.0,0.0,1.0,0.0,1.0
13,60,6.217824244052635,5.988903081719785,1.0,0.0,0.0,0.0,0.0,0.0
14,60,11.085544555230658,2.834540447962697,0.0,0.0,1.0,1.0,0.0,0.0
0,65,8.135899968072449,1.8122650845796184,0.0,1.0,0.0,0.0,0.0,0.0
1,65,6.61536167460904,2.556662358402921,0.0,0.0,1.0,1.0,0.0,0.0
2,65,2.913902961666612,8.356569151741372,0.0,0.0,0.0,0.0,1.0,1.0
3,65,1.2210811985986858,12.0,0.0,0.0,0.0,0.0,1.0,0.0
4,65,0.0,10.33387552113022,0.0,0.0,1.0,0.0,0.0,0.0
5,65,5.380132319290326,0.2087432324715592,0.0,1.0,1.0,0.0,1.0,0.0
6,65,0.1061250722063025,11.38597219142656,1.0,0.0,1.0,0.0,0.0,0.0
7,65,7.017272101448086,4.010954266226914,0.0,0.0,0.0,1.0,0.0,0.0
8,65,2.2262935518930997,4.25098175599099,0.0,0.0,0.0,0.0,1.0,0.0
9,65,9.886230373062396,9.033922660219693,0.0,1.0,0.0,0.0,0.0,1.0
10,65,11.896749903321366,3.0383676211488995,0.0,1.0,0.0,0.0,1.0,0.0
11,65,2.9104054163795454,6.846223065252646,1.0,0.0,1.0,1.0,0.0,1.0
12,65,8.741687259125714,9.669429449195768,0.0,0.0,0.0,1.0,0.0,1.0
13,65,6.137946132384915,6.088216475372024,1.0,0.0,0.0,0.0,0.0,0.0
14,65,11.08356797195829,2.8341230074011654,0.0,0.0,1.0,1.0,0.0,0.0
0,70,8.1370111328172,1.8107421689417973,0.0,1.0,0.0,0.0,0.0,0.0
1,70,6.794283494798037,2.518254842095871,0.0,0.0,1.0,1.0,0.0,0.0
2,70,2.8874199309010025,8.401891141618039,0.0,0.0,0.0,0.0,1.0,1.0
3,70,1.2921023037794963,12.0,0.0,0.0,0.0,0.0,1.0,0.0
4,70,0.0,10.287604115551511,0.0,0.0,1.0,0.0,0.0,0.0
5,70,5.350250542913368,0.1627200621578593,0.0,1.0,1.0,0.0,1.0,0.0
6,70,0.0638713781319457,11.44267932864676,1.0,0.0,1.0,0.0,0.0,0.0
7,70,7.007181316061028,4.003803500129364,0.0,0.0,0.0,1.0,0.0,0.0
8,70,2.303597337257217,4.270887152414404,0.0,0.0,0.0,0.0,1.0,0.0
9,70,9.838928781819485,9.04594896319171,0.0,1.0,0.0,0.0,0.0,1.0
10,70,11.9105032257859,3.033479243674138,0.0,1.0,0.0,0.0,1.0,0.0
11,70,3.011755784103527,6.807592221826676,1.0,0.0,1.0,1.0,0.0,1.0
12,70,8.734389745896438,9.68789252973055,0.0,0.0,0.0,1.0,0.0,1.0
13,70,6.064451417345117,6.178742813546637,1.0,0.0,0.0,0.0,0.0,0.0
14,70,11.102934215846988,2.83798912063692,0.0,0.0,1.0,1.0,0.0,0.0
0,75,8.13909616002117,1.8079485588960609,0.0,1.0,0.0,0.0,0.0,0.0
1,75,6.973749014119389,2.4795827860606154,0.0,0.0,1.0,1.0,0.0,0.0
2,75,2.851728753691873,8.46451864032383,0.0,0.0,0.0,0.0,1.0,1.0
3,75,1.3529102454027422,12.0,0.0,0.0,0.0,0.0,1.0,0.0
4,75,0.0,10.237431543754052,0.0,0.0,1.0,0.0,0.0,0.0
5,75,5.327491625171152,0.1270595427009574,0.0,1.0,1.0,0.0,1.0,0.0
6,75,0.0186660750221407,11.503518063561772,1.0,0.0,1.0,0.0,0.0,0.0
7,75,7.009557566082287,4.005415410446134,0.0,0.0,0.0,1.0,0.0,0.0
8,75,2.398040335977139,4.292718633585086,0.0,0.0,0.0,0.0,1.0,0.0
9,75,9.807702010769605,9.054370950484358,0.0,1.0,0.0,0.0,0.0,1.0
10,75,11.927243709780011,3.0274418402288235,0.0,1.0,0.0,0.0,1.0,0.0
11,75,3.1304894435265997,6.763595005850427,1.0,0.0,1.0,1.0,0.0,1.0
12,75,8.724432493507875,9.713866065156772,0.0,0.0,0.0,1.0,0.0,1.0
13,75,5.995415056146831,6.266087276292834,1.0,0.0,0.0,0.0,0.0,0.0
14,75,11.131128800632796,2.8430416334815605,0.0,0.0,1.0,1.0,0.0,0.0
0,80,8.131977224369926,1.8174198389321348,0.0,1.0,0.0,0.0,0.0,0.0
1,80,7.1292088180054645,2.4469556928515206,0.0,0.0,1.0,1.0,0.0,0.0
2,80,2.821563815760195,8.521053361170763,0.0,0.0,0.0,0.0,1.0,1.0
3,80,1.4186569058280756,12.0,0.0,0.0,0.0,0.0,1.0,0.0
4,80,0.0,10.178683219896715,0.0,0.0,1.0,0.0,0.0,0.0
5,80,5.308239594665248,0.0969424791267674,0.0,1.0,1.0,0.0,1.0,0.0
6,80,0.0,11.57043269872474,1.0,0.0,1.0,0.0,0.0,0.0
7,80,7.007864255706642,4.004230505172297,0.0,0.0,0.0,1.0,0.0,0.0
8,80,2.492029277163636,4.312562237357318,0.0,0.0,0.0,0.0,1.0,0.0
9,80,9.75378520707188,9.07008289217024,0.0,1.0,0.0,0.0,0.0,1.0
10,80,11.957957972427478,3.0166060199691014,0.0,1.0,0.0,0.0,1.0,0.0
11,80,3.2316317911127745,6.724322247316879,1.0,0.0,1.0,1.0,0.0,1.0
12,80,8.712060241588382,9.747146634803512,0.0,0.0,0.0,1.0,0.0,1.0
13,80,5.900052775949985,6.384855797967222,1.0,0.0,0.0,0.0,0.0,0.0
14,80,11.149759630299984,2.846516622838868,0.0,0.0,1.0,1.0,0.0,0.0
0,85,8.117352660718295,1.837119652991229,0.0,1.0,0.0,0.0,0.0,0.0
1,85,7.303509666436396,2.4071411709164368,0.0,0.0,1.0,1.0,0.0,0.0
2,85,2.8011390271787224,8.559526694669852,0.0,0.0,0.0,0.0,1.0,1.0
3,85,1.500505699900903,12.0,0.0,0.0,0.0,0.0,1.0,0.0
4,85,0.0,10.122985873858964,0.0,0.0,1.0,0.0,0.0,0.0
5,85,5.282709461558281,0.0557849523269784,0.0,1.0,1.0,0.0,1.0,0.0
6,85,0.0,11.640424595104893,1.0,0.0,1.0,0.0,0.0,0.0
7,85,7.011376274056324,4.006804530432341,0.0,0.0,0.0,1.0,0.0,0.0
8,85,2.5951006262614187,4.3334666994323,0.0,0.0,0.0,0.0,1.0,0.0
9,85,9.7001928407696,9.08582309331841,0.0,1.0,0.0,0.0,0.0,1.0
10,85,11.973744341207574,3.011202316137597,0.0,1.0,0.0,0.0,1.0,0.0
11,85,3.3507737157186424,6.676885609383877,1.0,0.0,1.0,1.0,0.0,1.0
12,85,8.697863473621146,9.786191835009182,0.0,0.0,0.0,1.0,0.0,1.0
13,85,5.812892638089128,6.490333323742562,1.0,0.0,0.0,0.0,0.0,0.0
14,85,11.157033217211364,2.847574080077694,0.0,0.0,1.0,1.0,0.0,0.0
0,90,8.115554112062842,1.8395816359831505,0.0,1.0,0.0,0.0,0.0,0.0
1,90,7.478206048190221,2.365434563500984,0.0,0.0,1.0,1.0,0.0,0.0
2,90,2.789680561972639,8.579493510421612,0.0,0.0,0.0,0.0,1.0,1.0
3,90,1.5822758463828994,12.0,0.0,0.0,0.0,0.0,1.0,0.0
4,90,0.0,10.074002473056444,0.0,0.0,1.0,0.0,0.0,0.0
5,90,5.262039478461986,0.0237802202729603,0.0,1.0,1.0,0.0,1.0,0.0
6,90,0.0,11.727473224421889,1.0,0.0,1.0,0.0,0.0,0.0
7,90,7.013693964628409,4.008389239252776,0.0,0.0,0.0,1.0,0.0,0.0
8,90,2.702154729758626,4.3594170104876895,0.0,0.0,0.0,0.0,1.0,0.0
9,90,9.681317566874274,9.091015985386017,0.0,1.0,0.0,0.0,0.0,1.0
10,90,12.0,3.001749378965506,0.0,1.0,0.0,0.0,1.0,0.0
11,90,3.4773691444293107,6.627901293314427,1.0,0.0,1.0,1.0,0.0,1.0
12,90,8.67531127210757,9.848375557636968,0.0,0.0,0.0,1.0,0.0,1.0
13,90,5.715697167844797,6.606155182339857,1.0,0.0,0.0,0.0,0.0,0.0
14,90,11.144458467274758,2.8459392769045966,0.0,0.0,1.0,1.0,0.0,0.0
0,95,8.117012105223703,1.837670466073196,0.0,1.0,0.0,0.0,0.0,0.0
1,95,7.627944829504167,2.327438798084708,0.0,0.0,1.0,1.0,0.0,0.0
2,95,2.778002566024467,8.599261894934903,0.0,0.0,0.0,0.0,1.0,1.0
3,95,1.685160302923086,12.0,0.0,0.0,0.0,0.0,1.0,0.0
4,95,0.0,10.012126573586988,0.0,0.0,1.0,0.0,0.0,0.0
5,95,5.238575756078912,0.0,0.0,1.0,1.0,0.0,1.0,0.0
6,95,0.0,11.80478887149662,1.0,0.0,1.0,0.0,0.0,0.0
7,95,7.013939290947386,4.008543285496437,0.0,0.0,0.0,1.0,0.0,0.0
8,95,2.677780362559156,4.47661948192136,0.0,0.0,0.0,0.0,1.0,0.0
9,95,9.647810443522074,9.100232112119368,0.0,1.0,0.0,0.0,0.0,1.0
10,95,12.0,2.995102940052337,0.0,1.0,0.0,0.0,1.0,0.0
11,95,3.60950619883776,6.580370596355985,1.0,0.0,1.0,1.0,0.0,1.0
12,95,8.650730177864775,9.917983236786084,0.0,0.0,0.0,1.0,0.0,1.0
13,95,5.626860364014856,6.712103716380798,1.0,0.0,0.0,0.0,0.0,0.0
14,95,11.13959493608677,2.8453819905187863,0.0,0.0,1.0,1.0,0.0,0.0
0,100,8.114978117109018,1.840289699646926,0.0,1.0,0.0,0.0,0.0,0.0
1,100,7.793784770809068,2.287477490299165,0.0,0.0,1.0,1.0,0.0,0.0
2,100,2.7615902489452187,8.627609670031037,0.0,0.0,0.0,0.0,1.0,1.0
3,100,1.775125351449849,12.0,0.0,0.0,0.0,0.0,1.0,0.0
4,100,0.0,9.94558418292471,0.0,0.0,1.0,0.0,0.0,0.0
5,100,5.206365511429478,0.0,0.0,1.0,1.0,0.0,1.0,0.0
6,100,0.0,11.911371147247849,1.0,0.0,1.0,0.0,0.0,0.0
7,100,7.004528918042649,4.002582256277785,0.0,0.0,0.0,1.0,0.0,0.0
8,100,2.6514183944018086,4.601883196252726,0.0,0.0,0.0,0.0,1.0,0.0
9,100,9.628055868392495,9.105078908907,0.0,1.0,0.0,0.0,0.0,1.0
10,100,12.0,2.989542983735256,0.0,1.0,0.0,0.0,1.0,0.0
11,100,3.74547207886516,6.52971879953637,1.0,0.0,1.0,1.0,0.0,1.0
12,100,8.619529689195963,10.012570978856097,0.0,0.0,0.0,1.0,0.0,1.0
13,100,5.542134725434421,6.814239025925927,1.0,0.0,0.0,0.0,0.0,0.0
14,100,11.151371870299773,2.846736737700021,0.0,0.0,1.0,1.0,0.0,0.0
0,105,8.111310762486633,1.8449012212376037,0.0,1.0,0.0,0.0,0.0,0.0
1,105,7.956487708333513,2.2485458806133454,0.0,0.0,1.0,1.0,0.0,0.0
2,105,2.734466077084425,8.672504606041587,0.0,0.0,0.0,0.0,1.0,1.0
3,105,1.7878214045864371,11.928544301703251,0.0,0.0,0.0,0.0,1.0,0.0
4,105,0.0,9.87089222808971,0.0,0.0,1.0,0.0,0.0,0.0
5,105,5.157242379589281,0.0,0.0,1.0,1.0,0.0,1.0,0.0
6,105,0.0,12.0,1.0,0.0,1.0,0.0,0.0,0.0
7,105,6.986463739742072,3.991518608161956,0.0,0.0,0.0,1.0,0.0,0.0
8,105,2.6174926489004884,4.743219504192792,0.0,0.0,0.0,0.0,1.0,0.0
9,105,9.606061575705525,9.110208138833078,0.0,1.0,0.0,0.0,0.0,1.0
10,105,12.0,2.983999492331784,0.0,1.0,0.0,0.0,1.0,0.0
11,105,3.871672353053091,6.479168942192264,1.0,0.0,1.0,1.0,0.0,1.0
12,105,8.592015986572429,10.098315921373189,0.0,0.0,0.0,1.0,0.0,1.0
13,105,5.462953042769226,6.908441621687481,1.0,0.0,0.0,0.0,0.0,0.0
14,105,11.178492550991388,2.849575996340354,0.0,0.0,1.0,1.0,0.0,0.0
0,110,8.10639602615183,1.850966825580942,0.0,1.0,0.0,0.0,0.0,0.0
1,110,8.095654934842747,2.212554310971861,0.0,0.0,1.0,1.0,0.0,0.0
2,110,2.705992607416665,8.720049077316174,0.0,0.0,0.0,0.0,1.0,1.0
3,110,1.8006105603694813,11.857435636445386,0.0,0.0,0.0,0.0,1.0,0.0
4,110,0.0,9.78664759979527,0.0,0.0,1.0,0.0,0.0,0.0
5,110,5.113905653279745,0.0,0.0,1.0,1.0,0.0,1.0,0.0
6,110,0.0,12.0,1.0,0.0,1.0,0.0,0.0,0.0
7,110,6.965679281601368,3.979063367588384,0.0,0.0,0.0,1.0,0.0,0.0
8,110,2.5889377987165987,4.8632755105614125,0.0,0.0,0.0,0.0,1.0,0.0
9,110,9.596976079159017,9.112545449145143,0.0,1.0,0.0,0.0,0.0,1.0
10,110,12.0,2.979535902814995,0.0,1.0,0.0,0.0,1.0,0.0
11,110,3.9947997041128094,6.429958428011831,1.0,0.0,1.0,1.0,0.0,1.0
12,110,8.565037986705102,10.18478372305468,0.0,0.0,0.0,1.0,0.0,1.0
13,110,5.377286340167496,7.005004914157944,1.0,0.0,0.0,0.0,0.0,0.0
14,110,11.208439786686002,2.8524636960018164,0.0,0.0,1.0,1.0,0.0,0.0
0,115,8.104831188751069,1.8529222957193745,0.0,1.0,0.0,0.0,0.0,0.0
1,115,8.247418547429248,2.170379649487398,0.0,0.0,1.0,1.0,0.0,0.0
2,115,2.6827955614985584,8.759072824922868,0.0,0.0,0.0,0.0,1.0,1.0
3,115,1.812283879882243,11.797180088132675,0.0,0.0,0.0,0.0,1.0,0.0
4,115,0.0,9.694676859570402,0.0,0.0,1.0,0.0,0.0,0.0
5,115,5.074628815288818,0.0,0.0,1.0,1.0,0.0,1.0,0.0
6,115,0.0,12.0,1.0,0.0,1.0,0.0,0.0,0.0
7,115,6.954227958992933,3.9720365762228313,0.0,0.0,0.0,1.0,0.0,0.0
8,115,2.556254149501568,4.989176882580608,0.0,0.0,0.0,0.0,1.0,0.0
9,115,9.61168173996899,9.1084253878925,0.0,1.0,0.0,0.0,0.0,1.0
10,115,12.0,2.9685102308899025,0.0,1.0,0.0,0.0,1.0,0.0
11,115,4.118958285206588,6.378962971376036,1.0,0.0,1.0,1.0,0.0,1.0
12,115,8.535348806144288,10.27580702582166,0.0,0.0,0.0,1.0,0.0,1.0
13,115,5.283764032237098,7.115043200122552,1.0,0.0,0.0,0.0,0.0,0.0
14,115,11.23456232185631,2.8553641914028303,0.0,0.0,1.0,1.0,0.0,0.0
0,120,8.106383374735874,1.8510025397564829,0.0,1.0,0.0,0.0,0.0,0.0
1,120,8.39293753020334,2.132477693818797,0.0,0.0,1.0,1.0,0.0,0.0
2,120,2.655774738865148,8.804280093056075,0.0,0.0,0.0,0.0,1.0,1.0
3,120,1.8174791809952584,11.76968943651953,0.0,0.0,0.0,0.0,1.0,0.0
4,120,0.0,9.609787533811732,0.0,0.0,1.0,0.0,0.0,0.0
5,120,5.055198511805971,0.0,0.0,1.0,1.0,0.0,1.0,0.0
6,120,0.0,12.0,1.0,0.0,1.0,0.0,0.0,0.0
7,120,6.948069452898882,3.9685373245622575,0.0,0.0,0.0,1.0,0.0,0.0
8,120,2.5169378752926237,5.129305382867547,0.0,0.0,0.0,0.0,1.0,0.0
9,120,9.603985121475649,9.11065546728451,0.0,1.0,0.0,0.0,0.0,1.0
10,120,12.0,2.9530350393581246,0.0,1.0,0.0,0.0,1.0,0.0
11,120,4.2560241160489305,6.3236846657865655,1.0,0.0,1.0,1.0,0.0,1.0
12,120,8.50255687115962,10.36744921171058,0.0,0.0,0.0,1.0,0.0,1.0
13,120,5.17875052077093,7.239070942661399,1.0,0.0,0.0,0.0,0.0,0.0
14,120,11.260475552061454,2.858366433201619,0.0,0.0,1.0,1.0,0.0,0.0
0,125,8.114898109959078,1.857807604495768,0.0,1.0,0.0,0.0,0.0,0.0
1,125,8.546309925425097,2.0913422414118843,0.0,0.0,1.0,1.0,0.0,0.0
2,125,2.617657486911145,8.867570287716593,0.0,0.0,0.0,0.0,1.0,1.0
3,125,1.826320331986689,11.73014444041726,0.0,0.0,0.0,0.0,1.0,0.0
4,125,0.0,9.52933719756349,0.0,0.0,1.0,0.0,0.0,0.0
5,125,5.038160673761428,0.0,0.0,1.0,1.0,0.0,1.0,0.0
6,125,0.0,12.0,1.0,0.0,1.0,0.0,0.0,0.0
7,125,6.9326547484800845,3.9596667281391,0.0,0.0,0.0,1.0,0.0,0.0
8,125,2.480639295088554,5.256730714494581,0.0,0.0,0.0,0.0,1.0,0.0
9,125,9.564856353614015,9.121871395305924,0.0,1.0,0.0,0.0,0.0,1.0
10,125,12.0,2.940371601427544,0.0,1.0,0.0,0.0,1.0,0.0
11,125,4.405650308163531,6.26703248994348,1.0,0.0,1.0,1.0,0.0,1.0
12,125,8.474460265494441,10.446709225176964,0.0,0.0,0.0,1.0,0.0,1.0
13,125,5.064956691990147,7.375046451566816,1.0,0.0,0.0,0.0,0.0,0.0
14,125,11.282440146912542,2.8613247489088973,0.0,0.0,1.0,1.0,0.0,0.0
0,130,8.138760574751885,1.8768182752817568,0.0,1.0,0.0,0.0,0.0,0.0
1,130,8.693054562855428,2.05211641570212,0.0,0.0,1.0,1.0,0.0,0.0
2,130,2.5649329184845557,8.95468877597443,0.0,0.0,0.0,0.0,1.0,1.0
3,130,1.8390423208791853,11.67684919596192,0.0,0.0,0.0,0.0,1.0,0.0
4,130,0.0,9.44920497679706,0.0,0.0,1.0,0.0,0.0,0.0
5,130,5.014754308992899,0.0,0.0,1.0,1.0,0.0,1.0,0.0
6,130,0.0,12.0,1.0,0.0,1.0,0.0,0.0,0.0
7,130,6.908648727030494,3.944854381257739,0.0,0.0,0.0,1.0,0.0,0.0
8,130,2.4508930556316115,5.358441472158543,0.0,0.0,0.0,0.0,1.0,0.0
9,130,9.533984414119942,9.132013657573374,0.0,1.0,0.0,0.0,0.0,1.0
10,130,12.0,2.9302837249984783,0.0,1.0,0.0,0.0,1.0,0.0
11,130,4.568671522717095,6.207127598521129,1.0,0.0,1.0,1.0,0.0,1.0
12,130,8.443732605376999,10.53120171799533,0.0,0.0,0.0,1.0,0.0,1.0
13,130,4.945003045459215,7.520377224127725,1.0,0.0,0.0,0.0,0.0,0.0
14,130,11.28237354745105,2.8613129828732475,0.0,0.0,1.0,1.0,0.0,0.0
0,135,8.155095862310041,1.8901032396349735,0.0,1.0,0.0,0.0,0.0,0.0
1,135,8.846044004047657,2.0098639606494864,0.0,0.0,1.0,1.0,0.0,0.0
2,135,2.513609866502948,9.044231689377542,0.0,0.0,0.0,0.0,1.0,1.0
3,135,1.8503062820500729,11.628394760751158,0.0,0.0,0.0,0.0,1.0,0.0
4,135,0.0,9.360494687813125,0.0,0.0,1.0,0.0,0.0,0.0
5,135,4.998771708228817,0.0,0.0,1.0,1.0,0.0,1.0,0.0
6,135,0.0,12.0,1.0,0.0,1.0,0.0,0.0,0.0
7,135,6.877988921490967,3.925591077404565,0.0,0.0,0.0,1.0,0.0,0.0
8,135,2.4193436276916787,5.453935483250882,0.0,0.0,0.0,0.0,1.0,0.0
9,135,9.49258319629784,9.146123104821084,0.0,1.0,0.0,0.0,0.0,1.0
10,135,12.0,2.9255100147514623,0.0,1.0,0.0,0.0,1.0,0.0
11,135,4.7313354467935245,6.141316165490045,1.0,0.0,1.0,1.0,0.0,1.0
12,135,8.418107096348656,10.60163230798032,0.0,0.0,0.0,1.0,0.0,1.0
13,135,4.810380636352078,7.682247240184829,1.0,0.0,0.0,0.0,0.0,0.0
14,135,11.28392455516875,2.8615440430236525,0.0,0.0,1.0,1.0,0.0,0.0
0,140,8.155824920137398,1.8907042290941296,0.0,1.0,0.0,0.0,0.0,0.0
1,140,9.003447547488985,1.9700610493756316,0.0,0.0,1.0,1.0,0.0,0.0
2,140,2.4665492400432054,9.130492082126745,0.0,0.0,0.0,0.0,1.0,1.0
3,140,1.8581312786052635,11.591644324965571,0.0,0.0,0.0,0.0,1.0,0.0
4,140,0.0,9.27521282759338,0.0,0.0,1.0,0.0,0.0,0.0
5,140,4.977411164701612,0.0,0.0,1.0,1.0,0.0,1.0,0.0
6,140,0.0,12.0,1.0,0.0,1.0,0.0,0.0,0.0
7,140,6.8442746282345945,3.9035382527044185,0.0,0.0,0.0,1.0,0.0,0.0
8,140,2.3887288891530507,5.542146677033623,0.0,0.0,0.0,0.0,1.0,0.0
9,140,9.472166140331696,9.15300505541177,0.0,1.0,0.0,0.0,0.0,1.0
10,140,12.0,2.9217187282372565,0.0,1.0,0.0,0.0,1.0,0.0
11,140,4.891302436633067,6.072916438702331,1.0,0.0,1.0,1.0,0.0,1.0
12,140,8.389907486219373,10.681986852835804,0.0,0.0,0.0,1.0,0.0,1.0
13,140,4.957825664095504,7.805567064564998,1.0,0.0,0.0,0.0,0.0,0.0
14,140,11.295655016452852,2.8630728340176623,0.0,0.0,1.0,1.0,0.0,0.0
0,145,8.155778114581063,1.8906658479519964,0.0,1.0,0.0,0.0,0.0,0.0
1,145,9.176225906639848,1.9241962870447196,0.0,0.0,1.0,1.0,0.0,0.0
2,145,2.4263987133982465,9.202103645852626,0.0,0.0,0.0,0.0,1.0,1.0
3,145,1.8646125165508811,11.559896172148571,0.0,0.0,0.0,0.0,1.0,0.0
4,145,0.0,9.201693451715885,0.0,0.0,1.0,0.0,0.0,0.0
5,145,4.951365385264419,0.0,0.0,1.0,1.0,0.0,1.0,0.0
6,145,0.0,12.0,1.0,0.0,1.0,0.0,0.0,0.0
7,145,6.820715631617913,3.888766840584264,0.0,0.0,0.0,1.0,0.0,0.0
8,145,2.3529245114231587,5.644826652919966,0.0,0.0,0.0,0.0,1.0,0.0
9,145,9.455054346394013,9.158481583508536,0.0,1.0,0.0,0.0,0.0,1.0
10,145,12.0,2.920107575791281,0.0,1.0,0.0,0.0,1.0,0.0
11,145,5.056965526231614,6.001432202054723,1.0,0.0,1.0,1.0,0.0,1.0
12,145,8.36407365737062,10.766325266409906,0.0,0.0,0.0,1.0,0.0,1.0
13,145,5.110847497670815,7.93397468408645,1.0,0.0,0.0,0.0,0.0,0.0
14,145,11.299640296545224,2.863661829190573,0.0,0.0,1.0,1.0,0.0,0.0
0,150,8.141904468636893,1.879661551850524,0.0,1.0,0.0,0.0,0.0,0.0
1,150,9.345493317490902,1.886277259910038,0.0,0.0,1.0,1.0,0.0,0.0
2,150,2.383716811722832,9.27826540023435,0.0,0.0,0.0,0.0,1.0,1.0
3,150,1.873252036128321,11.519284660555712,0.0,0.0,0.0,0.0,1.0,0.0
4,150,0.0,9.133570738175006,0.0,0.0,1.0,0.0,0.0,0.0
5,150,4.926410299255028,0.0,0.0,1.0,1.0,0.0,1.0,0.0
6,150,0.0,12.0,1.0,0.0,1.0,0.0,0.0,0.0
7,150,6.795445455314512,3.872449897284828,0.0,0.0,0.0,1.0,0.0,0.0
8,150,2.3181553132220403,5.746341889949629,0.0,0.0,0.0,0.0,1.0,0.0
9,150,9.443482478964237,9.162084227136416,0.0,1.0,0.0,0.0,0.0,1.0
10,150,12.0,2.9180126442036567,0.0,1.0,0.0,0.0,1.0,0.0
11,150,5.22916176350402,5.930083851386822,1.0,0.0,1.0,1.0,0.0,1.0
12,150,8.341557998631908,10.8436061645656,0.0,0.0,0.0,1.0,0.0,1.0
13,150,5.263726926182012,8.063646763246172,1.0,0.0,0.0,0.0,0.0,0.0
14,150,11.289756210199815,2.86205809838446,0.0,0.0,1.0,1.0,0.0,0.0
0,155,8.118162485530812,1.8611513045822023,0.0,1.0,0.0,0.0,0.0,0.0
1,155,9.513295012799452,1.8522259150158145,0.0,0.0,1.0,1.0,0.0,0.0
2,155,2.3464327504522675,9.346752601098116,0.0,0.0,0.0,0.0,1.0,1.0
3,155,1.9223586341213472,11.529064665199652,0.0,0.0,0.0,0.0,1.0,0.0
4,155,0.0,9.07130493995779,0.0,0.0,1.0,0.0,0.0,0.0
5,155,4.902572304109951,0.0,0.0,1.0,1.0,0.0,1.0,0.0
6,155,0.0,12.0,1.0,0.0,1.0,0.0,0.0,0.0
7,155,6.772562001170409,3.8576671604721176,0.0,0.0,0.0,1.0,0.0,0.0
8,155,2.287430204299256,5.8322967914365424,0.0,0.0,0.0,0.0,1.0,0.0
9,155,9.44743430813058,9.160761346204836,0.0,1.0,0.0,0.0,0.0,1.0
10,155,12.0,2.9148751018611705,0.0,1.0,0.0,0.0,1.0,0.0
11,155,5.443326704376723,5.845377892541177,1.0,0.0,1.0,1.0,0.0,1.0
12,155,8.32346326062734,10.903607784881014,0.0,0.0,0.0,1.0,0.0,1.0
13,155,5.446546622149752,8.215843229258075,1.0,0.0,0.0,0.0,0.0,0.0
14,155,11.268245407802572,2.8590157275846595,0.0,0.0,1.0,1.0,0.0,0.0
0,160,8.109416969261778,1.854336666704009,0.0,1.0,0.0,0.0,0.0,0.0
1,160,9.663709945255198,1.821292603582869,0.0,0.0,1.0,1.0,0.0,0.0
2,160,2.307853464198646,9.42485282517357,0.0,0.0,0.0,0.0,1.0,1.0
3,160,1.9385735787459533,11.532647621511943,0.0,0.0,0.0,0.0,1.0,0.0
4,160,0.0,9.002394074016843,0.0,0.0,1.0,0.0,0.0,0.0
5,160,4.876807822739641,0.0,0.0,1.0,1.0,0.0,1.0,0.0
6,160,0.0,12.0,1.0,0.0,1.0,0.0,0.0,0.0
7,160,6.763686630986862,3.851806443951892,0.0,0.0,0.0,1.0,0.0,0.0
8,160,2.251602516862288,5.929041665924658,0.0,0.0,0.0,0.0,1.0,0.0
9,160,9.450362305147484,9.159816214775695,0.0,1.0,0.0,0.0,0.0,1.0
10,160,12.0,2.912212678792835,0.0,1.0,0.0,0.0,1.0,0.0
11,160,5.651469194751288,5.756229469630707,1.0,0.0,1.0,1.0,0.0,1.0
12,160,8.302977731365969,10.96348908774443,0.0,0.0,0.0,1.0,0.0,1.0
13,160,5.639784040638128,8.375488592156973,1.0,0.0,0.0,0.0,0.0,0.0
14,160,11.262221474011056,2.8581369934642,0.0,0.0,1.0,1.0,0.0,0.0
0,165,8.092889483301164,1.8410132928214928,0.0,1.0,0.0,0.0,0.0,0.0
1,165,9.821024590291811,1.788201363270194,0.0,0.0,1.0,1.0,0.0,0.0
2,165,2.2649920241127,9.51376258876032,0.0,0.0,0.0,0.0,1.0,1.0
3,165,1.9286646669479317,11.530856058580513,0.0,0.0,0.0,0.0,1.0,0.0
4,165,0.0,8.926957020017001,0.0,0.0,1.0,0.0,0.0,0.0
5,165,4.851005225582828,0.0,0.0,1.0,1.0,0.0,1.0,0.0
6,165,0.0,12.0,1.0,0.0,1.0,0.0,0.0,0.0
7,165,6.7556630275417175,3.846419946712753,0.0,0.0,0.0,1.0,0.0,0.0
8,165,2.2037019742823234,6.0501782015555925,0.0,0.0,0.0,0.0,1.0,0.0
9,165,9.478565987300062,9.150071555326226,0.0,1.0,0.0,0.0,0.0,1.0
10,165,12.0,2.9053928963813624,0.0,1.0,0.0,0.0,1.0,0.0
11,165,5.859731228263808,5.660494503150859,1.0,0.0,1.0,1.0,0.0,1.0
12,165,8.288060541914994,11.00742080741252,0.0,0.0,0.0,1.0,0.0,1.0
13,165,5.839478470473598,8.541279136553372,1.0,0.0,0.0,0.0,0.0,0.0
14,165,11.251067443408978,2.856506470289325,0.0,0.0,1.0,1.0,0.0,0.0
0,170,8.089753862758982,1.838418806826223,0.0,1.0,0.0,0.0,0.0,0.0
1,170,9.97558276461233,1.7542483812465186,0.0,0.0,1.0,1.0,0.0,0.0
2,170,2.226652798138768,9.593748397563749,0.0,0.0,0.0,0.0,1.0,1.0
3,170,1.924244938407827,11.530008025336048,0.0,0.0,0.0,0.0,1.0,0.0
4,170,0.0,8.842309439702984,0.0,0.0,1.0,0.0,0.0,0.0
5,170,4.826413595408521,0.0,0.0,1.0,1.0,0.0,1.0,0.0
6,170,0.0,12.0,1.0,0.0,1.0,0.0,0.0,0.0
7,170,6.751021801692914,3.843311403076813,0.0,0.0,0.0,1.0,0.0,0.0
8,170,2.166790090058594,6.150189623264114,0.0,0.0,0.0,0.0,1.0,0.0
9,170,9.500607791873463,9.142588245758226,0.0,1.0,0.0,0.0,0.0,1.0
10,170,12.0,2.899690960416525,0.0,1.0,0.0,0.0,1.0,0.0
11,170,6.065380135332462,5.564307143349128,1.0,0.0,1.0,1.0,0.0,1.0
12,170,8.277324413356826,11.04253834613082,0.0,0.0,0.0,1.0,0.0,1.0
13,170,6.049374967272355,8.707518190566653,1.0,0.0,0.0,0.0,0.0,0.0
14,170,11.251119198984574,2.856514533700435,0.0,0.0,1.0,1.0,0.0,0.0
0,175,8.078757447736319,1.8294355826075672,0.0,1.0,0.0,0.0,0.0,0.0
1,175,10.137213248646916,1.7236728112320778,0.0,0.0,1.0,1.0,0.0,0.0
2,175,2.190199691338637,9.666605113192723,0.0,0.0,0.0,0.0,1.0,1.0
3,175,1.928111494379661,11.5309104574024,0.0,0.0,0.0,0.0,1.0,0.0
4,175,0.0,8.748845810776272,0.0,0.0,1.0,0.0,0.0,0.0
5,175,4.800197083131599,0.0,0.0,1.0,1.0,0.0,1.0,0.0
6,175,0.0,12.0,1.0,0.0,1.0,0.0,0.0,0.0
7,175,6.751168429244698,3.843406284729296,0.0,0.0,0.0,1.0,0.0,0.0
8,175,2.126695322068414,6.256387397202793,0.0,0.0,0.0,0.0,1.0,0.0
9,175,9.539302084390751,9.128928587463928,0.0,1.0,0.0,0.0,0.0,1.0
10,175,12.0,2.893902851428376,0.0,1.0,0.0,0.0,1.0,0.0
11,175,6.281725161444296,5.460285112905052,1.0,0.0,1.0,1.0,0.0,1.0
12,175,8.261896157469321,11.097135892999171,0.0,0.0,0.0,1.0,0.0,1.0
13,175,6.265599919238038,8.88125131316543,1.0,0.0,0.0,0.0,0.0,0.0
14,175,11.270338315698009,2.859583932059153,0.0,0.0,1.0,1.0,0.0,0.0
0,180,8.049410104550166,1.806085670446972,0.0,1.0,0.0,0.0,0.0,0.0
1,180,10.295204070648564,1.6896264304048565,0.0,0.0,1.0,1.0,0.0,0.0
2,180,2.154488101340968,9.734448787237332,0.0,0.0,0.0,0.0,1.0,1.0
3,180,1.9505892870214032,11.536046261276756,0.0,0.0,0.0,0.0,1.0,0.0
4,180,0.0,8.655527384848552,0.0,0.0,1.0,0.0,0.0,0.0
5,180,4.77013051539223,0.0,0.0,1.0,1.0,0.0,1.0,0.0
6,180,0.0,12.0,1.0,0.0,1.0,0.0,0.0,0.0
7,180,6.737420684625972,3.8347185214710353,0.0,0.0,0.0,1.0,0.0,0.0
8,180,2.079756577241123,6.375825733153461,0.0,0.0,0.0,0.0,1.0,0.0
9,180,9.59200145780994,9.108865585797998,0.0,1.0,0.0,0.0,0.0,1.0
10,180,12.0,2.888520003019724,0.0,1.0,0.0,0.0,1.0,0.0
11,180,6.491957827785675,5.355437626373676,1.0,0.0,1.0,1.0,0.0,1.0
12,180,8.249439875568529,11.141889187109076,0.0,0.0,0.0,1.0,0.0,1.0
13,180,6.4799731169032,9.053152400488734,1.0,0.0,0.0,0.0,0.0,0.0
14,180,11.27512807191487,2.8602861381111078,0.0,0.0,1.0,1.0,0.0,0.0
0,185,8.031431283562732,1.7913022083853736,0.0,1.0,0.0,0.0,0.0,0.0
1,185,10.441371771407448,1.6582586314154888,0.0,0.0,1.0,1.0,0.0,0.0
2,185,2.125566110086198,9.792801868586318,0.0,0.0,0.0,0.0,1.0,1.0
3,185,1.9780355299967791,11.542102263501151,0.0,0.0,0.0,0.0,1.0,0.0
4,185,0.0,8.570131556185423,0.0,0.0,1.0,0.0,0.0,0.0
5,185,4.747752503319665,0.0,0.0,1.0,1.0,0.0,1.0,0.0
6,185,0.0,12.0,1.0,0.0,1.0,0.0,0.0,0.0
7,185,6.722964427520185,3.8258071328548895,0.0,0.0,0.0,1.0,0.0,0.0
8,185,2.038596129733528,6.488972135880073,0.0,0.0,0.0,0.0,1.0,0.0
9,185,9.62691135141534,9.094681421081422,0.0,1.0,0.0,0.0,0.0,1.0
10,185,12.0,2.8829244934864224,0.0,1.0,0.0,0.0,1.0,0.0
11,185,6.700587572442078,5.2518370097636815,1.0,0.0,1.0,1.0,0.0,1.0
12,185,8.240718252388678,11.170263687092133,0.0,0.0,0.0,1.0,0.0,1.0
13,185,6.69977254390674,9.222549394583298,1.0,0.0,0.0,0.0,0.0,0.0
14,185,11.290271167314666,2.862723272744886,0.0,0.0,1.0,1.0,0.0,0.0
0,190,7.998738143566631,1.7645026240280628,0.0,1.0,0.0,0.0,0.0,0.0
1,190,10.587783346818863,1.6241200073089166,0.0,0.0,1.0,1.0,0.0,0.0
2,190,2.110516629513114,9.824719546606104,0.0,0.0,0.0,0.0,1.0,1.0
3,190,2.000663638181908,11.546739878036895,0.0,0.0,0.0,0.0,1.0,0.0
4,190,0.0,8.478510510371565,0.0,0.0,1.0,0.0,0.0,0.0
5,190,4.727412898177834,0.0,0.0,1.0,1.0,0.0,1.0,0.0
6,190,0.0,12.0,1.0,0.0,1.0,0.0,0.0,0.0
7,190,6.695469595455195,3.808531657078434,0.0,0.0,0.0,1.0,0.0,0.0
8,190,2.000834628060768,6.600817130799613,0.0,0.0,0.0,0.0,1.0,0.0
9,190,9.63842053617719,9.09035275997648,0.0,1.0,0.0,0.0,0.0,1.0
10,190,12.0,2.880428088631281,0.0,1.0,0.0,0.0,1.0,0.0
11,190,6.889763095035368,5.1579254289943774,1.0,0.0,1.0,1.0,0.0,1.0
12,190,8.223913687789876,11.226080053878192,0.0,0.0,0.0,1.0,0.0,1.0
13,190,6.943588967909024,9.41172981211175,1.0,0.0,0.0,0.0,0.0,0.0
14,190,11.302194065858844,2.864560296590567,0.0,0.0,1.0,1.0,0.0,0.0
0,195,7.96912106076012,1.740017180705685,0.0,1.0,0.0,0.0,0.0,0.0
1,195,10.726572473554455,1.591195045793086,0.0,0.0,1.0,1.0,0.0,0.0
2,195,2.0894701596605887,9.865726376631011,0.0,0.0,0.0,0.0,1.0,1.0
3,195,2.043081913814555,11.555128955218946,0.0,0.0,0.0,0.0,1.0,0.0
4,195,0.0,8.383726931669429,0.0,0.0,1.0,0.0,0.0,0.0
5,195,4.706575289543169,0.0,0.0,1.0,1.0,0.0,1.0,0.0
6,195,0.0,12.0,1.0,0.0,1.0,0.0,0.0,0.0
7,195,6.663628821474798,3.78706282628971,0.0,0.0,0.0,1.0,0.0,0.0
8,195,1.96406893590478,6.714001980693656,0.0,0.0,0.0,0.0,1.0,0.0
9,195,9.661150938169955,9.081744901700324,0.0,1.0,0.0,0.0,0.0,1.0
10,195,12.0,2.876841620007625,0.0,1.0,0.0,0.0,1.0,0.0
11,195,7.069014049797387,5.074868501428812,1.0,0.0,1.0,1.0,0.0,1.0
12,195,8.204879584365635,11.293755708847527,0.0,0.0,0.0,1.0,0.0,1.0
13,195,7.185308438295625,9.604757000192077,1.0,0.0,0.0,0.0,0.0,0.0
14,195,11.303148775732495,2.864722216773509,0.0,0.0,1.0,1.0,0.0,0.0
0,200,7.928195022175055,1.7060618970524897,0.0,1.0,0.0,0.0,0.0,0.0
1,200,10.6991422805751,1.4743562642525043,0.0,0.0,1.0,1.0,0.0,0.0
2,200,2.065411521311684,9.913799107503252,0.0,0.0,0.0,0.0,1.0,1.0
3,200,2.09456369705754,11.56529625219912,0.0,0.0,0.0,0.0,1.0,0.0
4,200,0.0,8.287577128082726,0.0,0.0,1.0,0.0,0.0,0.0
5,200,4.687493125257463,0.0,0.0,1.0,1.0,0.0,1.0,0.0
6,200,0.0,11.906854333321956,1.0,0.0,1.0,0.0,0.0,0.0
7,200,6.628497918703527,3.76449647179674,0.0,0.0,0.0,1.0,0.0,0.0
8,200,1.9236378990699312,6.835395364538025,0.0,0.0,0.0,0.0,1.0,0.0
9,200,9.689105049894932,9.071231207341022,0.0,1.0,0.0,0.0,0.0,1.0
10,200,11.976937127900651,2.880816677838013,0.0,1.0,0.0,0.0,1.0,0.0
11,200,7.24372852453985,4.993317683341767,1.0,0.0,1.0,1.0,0.0,1.0
12,200,8.185984913268745,11.360205322126289,0.0,0.0,0.0,1.0,0.0,1.0
13,200,7.437844444352217,9.800557940649162,1.0,0.0,0.0,0.0,0.0,0.0
14,200,11.283265994634156,2.861444352271872,0.0,0.0,1.0,1.0,0.0,0.0
0,205,7.878598164073098,1.6661780079591073,0.0,1.0,0.0,0.0,0.0,0.0
1,205,10.669433994354632,1.350628737130738,0.0,0.0,1.0,1.0,0.0,0.0
2,205,2.0388295234681437,9.97060068412439,0.0,0.0,0.0,0.0,1.0,1.0
3,205,2.15025976491936,11.576828462709983,0.0,0.0,0.0,0.0,1.0,0.0
4,205,0.0,8.193417907128042,0.0,0.0,1.0,0.0,0.0,0.0
5,205,4.676927798266174,0.0,0.0,1.0,1.0,0.0,1.0,0.0
6,205,0.0808882786192687,11.806523477861852,1.0,0.0,1.0,0.0,0.0,0.0
7,205,6.59204078556338,3.740260851173431,0.0,0.0,0.0,1.0,0.0,0.0
8,205,1.8823355861311688,6.972601573752739,0.0,0.0,0.0,0.0,1.0,0.0
9,205,9.711495357304724,9.06342800204553,0.0,1.0,0.0,0.0,0.0,1.0
10,205,11.97443637051241,2.8812501696354818,0.0,1.0,0.0,0.0,1.0,0.0
11,205,7.429298300778271,4.913995496283655,1.0,0.0,1.0,1.0,0.0,1.0
12,205,8.164974422520611,11.437274892546974,0.0,0.0,0.0,1.0,0.0,1.0
13,205,7.66962884883452,9.984652869447851,1.0,0.0,0.0,0.0,0.0,0.0
14,205,11.274083399167765,2.859857476414443,0.0,0.0,1.0,1.0,0.0,0.0
0,210,7.822850740469369,1.6186265765640495,0.0,1.0,0.0,0.0,0.0,0.0
1,210,10.634565598179108,1.2156098232885777,0.0,0.0,1.0,1.0,0.0,0.0
2,210,2.007741389233056,10.037472340247437,0.0,0.0,0.0,0.0,1.0,1.0
3,210,2.217960056498785,11.590823658158833,0.0,0.0,0.0,0.0,1.0,0.0
4,210,0.0,8.104259407657516,0.0,0.0,1.0,0.0,0.0,0.0
5,210,4.658839526859704,0.0,0.0,1.0,1.0,0.0,1.0,0.0
6,210,0.1670910765554101,11.69478671234536,1.0,0.0,1.0,0.0,0.0,0.0
7,210,6.540713869948461,3.7079988605927072,0.0,0.0,0.0,1.0,0.0,0.0
8,210,1.8384199643622912,7.107549956421739,0.0,0.0,0.0,0.0,1.0,0.0
9,210,9.733875028953864,9.055599627286732,0.0,1.0,0.0,0.0,0.0,1.0
10,210,11.949628188137188,2.885002935551584,0.0,1.0,0.0,0.0,1.0,0.0
11,210,7.592074248725429,4.841952878593478,1.0,0.0,1.0,1.0,0.0,1.0
12,210,8.14515322741296,11.5163006291101,0.0,0.0,0.0,1.0,0.0,1.0
13,210,7.921585478529889,10.18582031929069,1.0,0.0,0.0,0.0,0.0,0.0
14,210,11.277641813947314,2.8604733983974904,0.0,0.0,1.0,1.0,0.0,0.0
0,215,7.785526790132815,1.5859698845826735,0.0,1.0,0.0,0.0,0.0,0.0
1,215,10.59108709993724,1.0404093368983804,0.0,0.0,1.0,1.0,0.0,0.0
2,215,1.9787631926651716,10.103675326428029,0.0,0.0,0.0,0.0,1.0,1.0
3,215,2.290257606308884,11.60383058927027,0.0,0.0,0.0,0.0,1.0,0.0
4,215,0.0,8.01131982478378,0.0,0.0,1.0,0.0,0.0,0.0
5,215,4.636544060786991,0.0,0.0,1.0,1.0,0.0,1.0,0.0
6,215,0.2512613826543034,11.586001688699852,1.0,0.0,1.0,0.0,0.0,0.0
7,215,6.499250570909192,3.68204091584206,0.0,0.0,0.0,1.0,0.0,0.0
8,215,1.7948396575805654,7.231299760518721,0.0,0.0,0.0,0.0,1.0,0.0
9,215,9.77482229129155,9.039695914455375,0.0,1.0,0.0,0.0,0.0,1.0
10,215,11.932607969287082,2.887593990436095,0.0,1.0,0.0,0.0,1.0,0.0
11,215,7.761962064015338,4.7690246050623335,1.0,0.0,1.0,1.0,0.0,1.0
12,215,8.122867648688649,11.599877911338556,0.0,0.0,0.0,1.0,0.0,1.0
13,215,8.193917914979217,10.401071152584125,1.0,0.0,0.0,0.0,0.0,0.0
14,215,11.274900360976336,2.859967032307627,0.0,0.0,1.0,1.0,0.0,0.0
0,220,7.758348211667493,1.56284779707912,0.0,1.0,0.0,0.0,0.0,0.0
1,220,10.543156947825905,0.8516597259378647,0.0,0.0,1.0,1.0,0.0,0.0
2,220,1.9145753155072591,10.076216351066371,0.0,0.0,0.0,0.0,1.0,1.0
3,220,2.3532984815807168,11.616569925084525,0.0,0.0,0.0,0.0,1.0,0.0
4,220,0.0,7.905659567150002,0.0,0.0,1.0,0.0,0.0,0.0
5,220,4.60574646214311,0.0,0.0,1.0,1.0,0.0,1.0,0.0
6,220,0.3311936298716743,11.486058213580764,1.0,0.0,1.0,0.0,0.0,0.0
7,220,6.469923057176207,3.663468499272511,0.0,0.0,0.0,1.0,0.0,0.0
8,220,1.7527056666335097,7.343184334310223,0.0,0.0,0.0,0.0,1.0,0.0
9,220,9.822177871373242,9.020949787115244,0.0,1.0,0.0,0.0,0.0,1.0
10,220,11.916714288204329,2.8901290026414848,0.0,1.0,0.0,0.0,1.0,0.0
11,220,7.936011895785254,4.693994926008204,1.0,0.0,1.0,1.0,0.0,1.0
12,220,8.103644151919935,11.674012510256157,0.0,0.0,0.0,1.0,0.0,1.0
13,220,8.45919753216376,10.60747297038027,1.0,0.0,0.0,0.0,0.0,0.0
14,220,11.256594298587942,2.856641299309075,0.0,0.0,1.0,1.0,0.0,0.0
0,225,7.74396798815522,1.549551434290716,0.0,1.0,0.0,0.0,0.0,0.0
1,225,10.49396357060194,0.6674110800467459,0.0,0.0,1.0,1.0,0.0,0.0
2,225,1.8512794535651664,10.051503468121282,0.0,0.0,0.0,0.0,1.0,1.0
3,225,2.422127683295164,11.628188724282538,0.0,0.0,0.0,0.0,1.0,0.0
4,225,0.0,7.80572345799533,0.0,0.0,1.0,0.0,0.0,0.0
5,225,4.573762873474275,0.0,0.0,1.0,1.0,0.0,1.0,0.0
6,225,0.4126485072133162,11.386583726321904,1.0,0.0,1.0,0.0,0.0,0.0
7,225,6.440114754619953,3.6432231200102017,0.0,0.0,0.0,1.0,0.0,0.0
8,225,1.7123716043626436,7.443217680116911,0.0,0.0,0.0,0.0,1.0,0.0
9,225,9.873324859177364,9.00153862581141,0.0,1.0,0.0,0.0,0.0,1.0
10,225,11.920903986654434,2.889482150922199,0.0,1.0,0.0,0.0,1.0,0.0
11,225,8.137403729446023,4.606681236577124,1.0,0.0,1.0,1.0,0.0,1.0
12,225,8.085819862628489,11.737667626820382,0.0,0.0,0.0,1.0,0.0,1.0
13,225,8.736020715598222,10.832776191029469,1.0,0.0,0.0,0.0,0.0,0.0
14,225,11.224418544614686,2.850711999453717,0.0,0.0,1.0,1.0,0.0,0.0
0,230,7.713189096453765,1.5205678435175305,0.0,1.0,0.0,0.0,0.0,0.0
1,230,10.4403701315721,0.4583460563929735,0.0,0.0,1.0,1.0,0.0,0.0
2,230,1.7855107245122432,10.025633669648943,0.0,0.0,0.0,0.0,1.0,1.0
3,230,2.487040062844451,11.639411275179691,0.0,0.0,0.0,0.0,1.0,0.0
4,230,0.0,7.7069040821189,0.0,0.0,1.0,0.0,0.0,0.0
5,230,4.53216736222631,0.0,0.0,1.0,1.0,0.0,1.0,0.0
6,230,0.493353858974479,11.284973091218674,1.0,0.0,1.0,0.0,0.0,0.0
7,230,6.406804682622516,3.621559520297886,0.0,0.0,0.0,1.0,0.0,0.0
8,230,1.6720378529186488,7.541259220578574,0.0,0.0,0.0,0.0,1.0,0.0
9,230,9.928009498617696,8.979997845448667,0.0,1.0,0.0,0.0,0.0,1.0
10,230,11.91771747315052,2.8899532890102924,0.0,1.0,0.0,0.0,1.0,0.0
11,230,8.328610710345085,4.525493869789157,1.0,0.0,1.0,1.0,0.0,1.0
12,230,8.062223543378982,11.82563218516862,0.0,0.0,0.0,1.0,0.0,1.0
13,230,9.003996148595093,11.048552436756648,1.0,0.0,0.0,0.0,0.0,0.0
14,230,11.187958580423729,2.8442353806532714,0.0,0.0,1.0,1.0,0.0,0.0
0,235,7.667288990901578,1.4789418711566955,0.0,1.0,0.0,0.0,0.0,0.0
1,235,10.389938920076393,0.2659500269460135,0.0,0.0,1.0,1.0,0.0,0.0
2,235,1.713986381906527,9.996839011580288,0.0,0.0,0.0,0.0,1.0,1.0
3,235,2.552802022702392,11.651479945539284,0.0,0.0,0.0,0.0,1.0,0.0
4,235,0.0,7.60192312173372,0.0,0.0,1.0,0.0,0.0,0.0
5,235,4.475865921005628,0.0,0.0,1.0,1.0,0.0,1.0,0.0
6,235,0.5749125561790707,11.18093677749438,1.0,0.0,1.0,0.0,0.0,0.0
7,235,6.379180576646643,3.6027538584860164,0.0,0.0,0.0,1.0,0.0,0.0
8,235,1.63434041359521,7.630756935217545,0.0,0.0,0.0,0.0,1.0,0.0
9,235,9.985160836617538,8.957057623933398,0.0,1.0,0.0,0.0,0.0,1.0
10,235,11.911171886264876,2.891055381415933,0.0,1.0,0.0,0.0,1.0,0.0
11,235,8.518866039697324,4.448638123717746,1.0,0.0,1.0,1.0,0.0,1.0
12,235,8.040072500177656,11.90864376349612,0.0,0.0,0.0,1.0,0.0,1.0
13,235,9.281988959543217,11.27483696069178,1.0,0.0,0.0,0.0,0.0,0.0
14,235,11.135599835274467,2.8324920977832284,0.0,0.0,1.0,1.0,0.0,0.0
0,240,7.629508558011978,1.4446807515296856,0.0,1.0,0.0,0.0,0.0,0.0
1,240,10.339132105133938,0.0577579454091223,0.0,0.0,1.0,1.0,0.0,0.0
2,240,1.6590917337915143,9.974069875943975,0.0,0.0,0.0,0.0,1.0,1.0
3,240,2.612147128197,11.66039765453813,0.0,0.0,0.0,0.0,1.0,0.0
4,240,0.0,7.491662622635798,0.0,0.0,1.0,0.0,0.0,0.0
5,240,4.427139964218196,0.0,0.0,1.0,1.0,0.0,1.0,0.0
6,240,0.6449167131174386,11.091380129502696,1.0,0.0,1.0,0.0,0.0,0.0
7,240,6.366186491293151,3.594287321705685,0.0,0.0,0.0,1.0,0.0,0.0
8,240,1.5929764751590734,7.730485773503348,0.0,0.0,0.0,0.0,1.0,0.0
9,240,10.03564310619985,8.937081529274705,0.0,1.0,0.0,0.0,0.0,1.0
10,240,11.903270787392096,2.8923930741551813,0.0,1.0,0.0,0.0,1.0,0.0
11,240,8.694066190367499,4.37910894982058,1.0,0.0,1.0,1.0,0.0,1.0
12,240,8.019197221086763,11.995073454710711,0.0,0.0,0.0,1.0,0.0,1.0
13,240,9.566363412011738,11.508128492727185,1.0,0.0,0.0,0.0,0.0,0.0
14,240,11.085819366827048,2.8201572841487583,0.0,0.0,1.0,1.0,0.0,0.0
0,245,7.576992506587751,1.3961908580935254,0.0,1.0,0.0,0.0,0.0,0.0
1,245,10.292304727898282,0.0,0.0,0.0,1.0,1.0,0.0,0.0
2,245,1.6126015653869892,9.955307576015072,0.0,0.0,0.0,0.0,1.0,1.0
3,245,2.6751305949728468,11.669903290444164,0.0,0.0,0.0,0.0,1.0,0.0
4,245,0.0,7.374716372118015,0.0,0.0,1.0,0.0,0.0,0.0
5,245,4.373704981620236,0.0,0.0,1.0,1.0,0.0,1.0,0.0
6,245,0.7135053276252218,11.000913081128775,1.0,0.0,1.0,0.0,0.0,0.0
7,245,6.353204608129923,3.585818598680237,0.0,0.0,0.0,1.0,0.0,0.0
8,245,1.5495287454879298,7.833951182854247,0.0,0.0,0.0,0.0,1.0,0.0
9,245,10.089136943897987,8.91488952035617,0.0,1.0,0.0,0.0,0.0,1.0
10,245,11.886222193215003,2.895357159370182,0.0,1.0,0.0,0.0,1.0,0.0
11,245,8.833850934186836,4.32246868501097,1.0,0.0,1.0,1.0,0.0,1.0
12,245,7.992149898792916,12.0,0.0,0.0,0.0,1.0,0.0,1.0
13,245,9.855250945311813,11.736346935274808,1.0,0.0,0.0,0.0,0.0,0.0
14,245,11.001406918168264,2.7996350452340497,0.0,0.0,1.0,1.0,0.0,0.0
0,250,7.523899200117381,1.3475973299833592,0.0,1.0,0.0,0.0,0.0,0.0
1,250,10.249429111408377,0.0,0.0,0.0,1.0,1.0,0.0,0.0
2,250,1.5516899424849722,9.929623492800994,0.0,0.0,0.0,0.0,1.0,1.0
3,250,2.7364492053954903,11.68060627617242,0.0,0.0,0.0,0.0,1.0,0.0
4,250,0.0,7.260082926049811,0.0,0.0,1.0,0.0,0.0,0.0
5,250,4.30495253177895,0.0,0.0,1.0,1.0,0.0,1.0,0.0
6,250,0.7777979301887898,10.917185380794423,1.0,0.0,1.0,0.0,0.0,0.0
7,250,6.350039204629393,3.5837421438409467,0.0,0.0,0.0,1.0,0.0,0.0
8,250,1.4961235024943158,7.962162977816107,0.0,0.0,0.0,0.0,1.0,0.0
9,250,10.155431089118885,8.885739872708456,0.0,1.0,0.0,0.0,0.0,1.0
10,250,11.842380702854548,2.9017607292638967,0.0,1.0,0.0,0.0,1.0,0.0
11,250,8.974647827678599,4.262656351280759,1.0,0.0,1.0,1.0,0.0,1.0
12,250,7.967725347911009,12.0,0.0,0.0,0.0,1.0,0.0,1.0
13,250,10.152059044051631,11.96505287301526,1.0,0.0,0.0,0.0,0.0,0.0
14,250,10.921783735525809,2.780289525506141,0.0,0.0,1.0,1.0,0.0,0.0
0,255,7.4688223613207905,1.2988338947803215,0.0,1.0,0.0,0.0,0.0,0.0
1,255,10.21085595793726,0.0,0.0,0.0,1.0,1.0,0.0,0.0
2,255,1.5041491916403278,9.909801611817509,0.0,0.0,0.0,0.0,1.0,1.0
3,255,2.7994872719974326,11.690661859070488,0.0,0.0,0.0,0.0,1.0,0.0
4,255,0.0,7.152592531772617,0.0,0.0,1.0,0.0,0.0,0.0
5,255,4.236344388960333,0.0,0.0,1.0,1.0,0.0,1.0,0.0
6,255,0.8388426771249354,10.841614550459193,1.0,0.0,1.0,0.0,0.0,0.0
7,255,6.351001624063793,3.584353301658568,0.0,0.0,0.0,1.0,0.0,0.0
8,255,1.4436666266502558,8.090174633741773,0.0,0.0,0.0,0.0,1.0,0.0
9,255,10.222071893094288,8.857035829533364,0.0,1.0,0.0,0.0,0.0,1.0
10,255,11.800523924511618,2.905929761377798,0.0,1.0,0.0,0.0,1.0,0.0
11,255,9.114362811261527,4.20194970217918,1.0,0.0,1.0,1.0,0.0,1.0
12,255,7.942904758903893,12.0,0.0,0.0,0.0,1.0,0.0,1.0
13,255,10.442332403581686,12.0,1.0,0.0,0.0,0.0,0.0,0.0
14,255,10.851186940022938,2.7646257988362524,0.0,0.0,1.0,1.0,0.0,0.0
0,260,7.415354912373105,1.2528835147930064,0.0,1.0,0.0,0.0,0.0,0.0
1,260,10.181471771448113,0.0,0.0,0.0,1.0,1.0,0.0,0.0
2,260,1.4639053215006952,9.892363995353536,0.0,0.0,0.0,0.0,1.0,1.0
3,260,2.865291578262421,11.700886331723908,0.0,0.0,0.0,0.0,1.0,0.0
4,260,0.0,7.048816023742892,0.0,0.0,1.0,0.0,0.0,0.0
5,260,4.1478447671381415,0.0,0.0,1.0,1.0,0.0,1.0,0.0
6,260,0.9066071510259824,10.75972097430584,1.0,0.0,1.0,0.0,0.0,0.0
7,260,6.354418896785736,3.586495765047157,0.0,0.0,0.0,1.0,0.0,0.0
8,260,1.390846718798365,8.222105586237326,0.0,0.0,0.0,0.0,1.0,0.0
9,260,10.299429141838647,8.823412969703856,0.0,1.0,0.0,0.0,0.0,1.0
10,260,11.74410681206419,2.9099637763057205,0.0,1.0,0.0,0.0,1.0,0.0
11,260,9.27016350791936,4.1335229212312,1.0,0.0,1.0,1.0,0.0,1.0
12,260,7.919184000137565,12.0,0.0,0.0,0.0,1.0,0.0,1.0
13,260,10.725122599628945,12.0,1.0,0.0,0.0,0.0,0.0,0.0
14,260,10.777767941925548,2.7474401968197366,0.0,0.0,1.0,1.0,0.0,0.0
0,265,7.351653823685843,1.2015793871024487,0.0,1.0,0.0,0.0,0.0,0.0
1,265,10.151983335937617,0.0,0.0,0.0,1.0,1.0,0.0,0.0
2,265,1.423003135580033,9.874413792797174,0.0,0.0,0.0,0.0,1.0,1.0
3,265,2.951422100956268,11.716077344781295,0.0,0.0,0.0,0.0,1.0,0.0
4,265,0.0,6.939822922578999,0.0,0.0,1.0,0.0,0.0,0.0
5,265,4.043729110989251,0.0,0.0,1.0,1.0,0.0,1.0,0.0
6,265,0.9775477954516604,10.67070503716035,1.0,0.0,1.0,0.0,0.0,0.0
7,265,6.348197787370278,3.582583444135432,0.0,0.0,0.0,1.0,0.0,0.0
8,265,1.3327519084953112,8.372017603081588,0.0,0.0,0.0,0.0,1.0,0.0
9,265,10.368839381563095,8.79041200230069,0.0,1.0,0.0,0.0,0.0,1.0
10,265,11.67952078018399,2.913741649208736,0.0,1.0,0.0,0.0,1.0,0.0
11,265,9.409583744043069,4.063790998828544,1.0,0.0,1.0,1.0,0.0,1.0
12,265,7.89181513228224,12.0,0.0,0.0,0.0,1.0,0.0,1.0
13,265,11.011129752161304,12.0,1.0,0.0,0.0,0.0,0.0,0.0
14,265,10.700278582734509,2.7260100567405936,0.0,0.0,1.0,1.0,0.0,0.0
0,270,7.288998721249011,1.149880473181081,0.0,1.0,0.0,0.0,0.0,0.0
1,270,10.118707964142487,0.0,0.0,0.0,1.0,1.0,0.0,0.0
2,270,1.3751771033075968,9.85250076297884,0.0,0.0,0.0,0.0,1.0,1.0
3,270,3.0302084785935897,11.72706498331009,0.0,0.0,0.0,0.0,1.0,0.0
4,270,0.0,6.846553133355423,0.0,0.0,1.0,0.0,0.0,0.0
5,270,3.946387933193419,0.0,0.0,1.0,1.0,0.0,1.0,0.0
6,270,1.0559710186720628,10.573611898290803,1.0,0.0,1.0,0.0,0.0,0.0
7,270,6.322453466565745,3.566223087607689,0.0,0.0,0.0,1.0,0.0,0.0
8,270,1.2718481045254069,8.532516987255235,0.0,0.0,0.0,0.0,1.0,0.0
9,270,10.449433344501143,8.750881491714525,0.0,1.0,0.0,0.0,0.0,1.0
10,270,11.67559735917767,2.808344465671386,0.0,1.0,0.0,0.0,1.0,0.0
11,270,9.545587517321923,3.99222235092856,1.0,0.0,1.0,1.0,0.0,1.0
12,270,7.8650327525470844,12.0,0.0,0.0,0.0,1.0,0.0,1.0
13,270,11.326914117550922,12.0,1.0,0.0,0.0,0.0,0.0,0.0
14,270,10.64885212596734,2.7120771924613094,0.0,0.0,1.0,1.0,0.0,0.0
0,275,7.230490072963805,1.10190572844931,0.0,1.0,0.0,0.0,0.0,0.0
1,275,10.084047786817615,0.0,0.0,0.0,1.0,1.0,0.0,0.0
2,275,1.31939972173256,9.82458774026588,0.0,0.0,0.0,0.0,1.0,1.0
3,275,3.1131585703040305,11.738222005581866,0.0,0.0,0.0,0.0,1.0,0.0
4,275,0.0,6.746226737722236,0.0,0.0,1.0,0.0,0.0,0.0
5,275,3.836313757440605,0.0,0.0,1.0,1.0,0.0,1.0,0.0
6,275,1.1198117925458015,10.495375261884318,1.0,0.0,1.0,0.0,0.0,0.0
7,275,6.293154549380821,3.547869428470509,0.0,0.0,0.0,1.0,0.0,0.0
8,275,1.2108627744880271,8.700458491003403,0.0,0.0,0.0,0.0,1.0,0.0
9,275,10.534072201966174,8.707709305606771,0.0,1.0,0.0,0.0,0.0,1.0
10,275,11.673855091414032,2.7020302186019487,0.0,1.0,0.0,0.0,1.0,0.0
11,275,9.705324746591884,3.908230030931127,1.0,0.0,1.0,1.0,0.0,1.0
12,275,7.840353193522457,12.0,0.0,0.0,0.0,1.0,0.0,1.0
13,275,11.627638698941483,12.0,1.0,0.0,0.0,0.0,0.0,0.0
14,275,10.572833248292367,2.6948234257358963,0.0,0.0,1.0,1.0,0.0,0.0
0,280,7.154465010028275,1.038950627628874,0.0,1.0,0.0,0.0,0.0,0.0
1,280,10.04719711396917,0.0,0.0,0.0,1.0,1.0,0.0,0.0
2,280,1.2617737270907683,9.796996517112836,0.0,0.0,0.0,0.0,1.0,1.0
3,280,3.1937601183768183,11.749428648350523,0.0,0.0,0.0,0.0,1.0,0.0
4,280,0.0,6.66148017605969,0.0,0.0,1.0,0.0,0.0,0.0
5,280,3.723199210879748,0.0,0.0,1.0,1.0,0.0,1.0,0.0
6,280,1.161221020578594,10.441450854984216,1.0,0.0,1.0,0.0,0.0,0.0
7,280,6.271897341038249,3.534028040159628,0.0,0.0,0.0,1.0,0.0,0.0
8,280,1.143918266866942,8.879039173342756,0.0,0.0,0.0,0.0,1.0,0.0
9,280,10.639009930541311,8.65682159887698,0.0,1.0,0.0,0.0,0.0,1.0
10,280,11.66683527804257,2.575954938038793,0.0,1.0,0.0,0.0,1.0,0.0
11,280,9.862830013618067,3.821575582769295,1.0,0.0,1.0,1.0,0.0,1.0
12,280,7.816650819812557,12.0,0.0,0.0,0.0,1.0,0.0,1.0
13,280,11.943479554499532,12.0,1.0,0.0,0.0,0.0,0.0,0.0
14,280,10.474180313752454,2.672223831487432,0.0,0.0,1.0,1.0,0.0,0.0
0,285,7.0651698012621145,0.966040514909508,0.0,1.0,0.0,0.0,0.0,0.0
1,285,10.00265227331966,0.0,0.0,0.0,1.0,1.0,0.0,0.0
2,285,1.203589668394912,9.76864074355754,0.0,0.0,0.0,0.0,1.0,1.0
3,285,3.2628122195090774,11.75990147697352,0.0,0.0,0.0,0.0,1.0,0.0
4,285,0.0,6.581209511823953,0.0,0.0,1.0,0.0,0.0,0.0
5,285,3.62426340784984,0.0,0.0,1.0,1.0,0.0,1.0,0.0
6,285,1.2085874692241168,10.477217642703955,1.0,0.0,1.0,0.0,0.0,0.0
7,285,6.260634456441784,3.526424590781724,0.0,0.0,0.0,1.0,0.0,0.0
8,285,1.0731943139846507,9.081625773590526,0.0,0.0,0.0,0.0,1.0,0.0
9,285,10.751045536646062,8.60056356683019,0.0,1.0,0.0,0.0,0.0,1.0
10,285,11.658564315947611,2.4480276576614104,0.0,1.0,0.0,0.0,1.0,0.0
11,285,9.998990346668949,3.747532398744065,1.0,0.0,1.0,1.0,0.0,1.0
12,285,7.796880603274329,12.0,0.0,0.0,0.0,1.0,0.0,1.0
13,285,12.0,12.0,1.0,0.0,0.0,0.0,0.0,0.0
14,285,10.380957366822429,2.647651506006472,0.0,0.0,1.0,1.0,0.0,0.0
0,290,6.9750685446708784,0.8913785883477565,0.0,1.0,0.0,0.0,0.0,0.0
1,290,9.9565749130261,0.0,0.0,0.0,1.0,1.0,0.0,0.0
2,290,1.149562917976647,9.742594630892308,0.0,0.0,0.0,0.0,1.0,1.0
3,290,3.3245897039191497,11.769553304631954,0.0,0.0,0.0,0.0,1.0,0.0
4,290,0.0,6.494117681632538,0.0,0.0,1.0,0.0,0.0,0.0
5,290,3.514505813503724,0.0,0.0,1.0,1.0,0.0,1.0,0.0
6,290,1.24877795962271,10.50570835097642,1.0,0.0,1.0,0.0,0.0,0.0
7,290,6.249803957495395,3.518880640817147,0.0,0.0,0.0,1.0,0.0,0.0
8,290,1.0031757055346158,9.28468499505694,0.0,0.0,0.0,0.0,1.0,0.0
9,290,10.869731470066894,8.53983386903647,0.0,1.0,0.0,0.0,0.0,1.0
10,290,11.652499233803008,2.3324141479703964,0.0,1.0,0.0,0.0,1.0,0.0
11,290,10.14727050977905,3.6681931802606855,1.0,0.0,1.0,1.0,0.0,1.0
12,290,7.774059505027847,12.0,0.0,0.0,0.0,1.0,0.0,1.0
13,290,12.0,12.0,1.0,0.0,0.0,0.0,0.0,0.0
14,290,10.290394947949082,2.622603115928485,0.0,0.0,1.0,1.0,0.0,0.0
0,295,6.879298111651934,0.8069181429080937,0.0,1.0,0.0,0.0,0.0,0.0
1,295,9.90569553023962,0.0,0.0,0.0,1.0,1.0,0.0,0.0
2,295,1.1020691316082831,9.720126238673444,0.0,0.0,0.0,0.0,1.0,1.0
3,295,3.399529801246889,11.782989650755564,0.0,0.0,0.0,0.0,1.0,0.0
4,295,0.0,6.414304967184755,0.0,0.0,1.0,0.0,0.0,0.0
5,295,3.402129407746497,0.0,0.0,1.0,1.0,0.0,1.0,0.0
6,295,1.2897563539182608,10.533492737190414,1.0,0.0,1.0,0.0,0.0,0.0
7,295,6.258836135134742,3.525244039747494,0.0,0.0,0.0,1.0,0.0,0.0
8,295,0.9361797050279556,9.481650219427449,0.0,0.0,0.0,0.0,1.0,0.0
9,295,10.971240533188237,8.48462045469865,0.0,1.0,0.0,0.0,0.0,1.0
10,295,11.649927484498788,2.231452565422385,0.0,1.0,0.0,0.0,1.0,0.0
11,295,10.285968581523308,3.591887759003156,1.0,0.0,1.0,1.0,0.0,1.0
12,295,7.754979615641114,12.0,0.0,0.0,0.0,1.0,0.0,1.0
13,295,12.0,12.0,1.0,0.0,0.0,0.0,0.0,0.0
14,295,10.212336413197972,2.599808334102556,0.0,0.0,1.0,1.0,0.0,0.0
