0,0,0.0,0.9844161252462208,1.0,1.0,0.0,0.0,0.0,0.0
1,0,8.080583870556268,1.9936818292562408,1.0,0.0,0.0,0.0,0.0,1.0
2,0,10.014793738926686,9.953504930139728,0.0,0.0,1.0,0.0,1.0,1.0
3,0,0.0090923398856751,7.045505274817455,1.0,0.0,0.0,0.0,1.0,0.0
4,0,9.035576480158932,10.956842482602791,0.0,0.0,0.0,1.0,0.0,1.0
5,0,4.94104636217433,7.003558475509695,0.0,0.0,1.0,1.0,0.0,1.0
6,0,3.057649129443748,7.961062510293647,1.0,1.0,0.0,0.0,0.0,1.0
7,0,3.96942957953298,9.976588395109196,1.0,0.0,1.0,0.0,0.0,1.0
8,0,2.9548670688895746,0.9611693610477045,0.0,1.0,0.0,1.0,0.0,1.0
9,0,10.980457052606823,3.955605691043475,0.0,0.0,1.0,0.0,0.0,1.0
10,0,9.960938892947752,6.032956398664828,0.0,1.0,0.0,0.0,0.0,1.0
11,0,10.967537498305132,12.0,1.0,0.0,0.0,0.0,0.0,0.0
12,0,3.9511164637316014,4.99945689398264,0.0,0.0,0.0,1.0,0.0,0.0
13,0,3.97852966920966,4.059267686923366,1.0,1.0,1.0,1.0,1.0,0.0
14,0,3.0390347230027537,2.947320639586056,1.0,0.0,1.0,1.0,1.0,0.0
0,5,0.0,0.9745070065220908,1.0,1.0,0.0,0.0,0.0,0.0
1,5,8.159750261867375,1.98533548499245,1.0,0.0,0.0,0.0,0.0,1.0
2,5,10.02303626173629,9.928602647331294,0.0,0.0,1.0,0.0,1.0,1.0
3,5,0.0169473053772443,7.083114534685625,1.0,0.0,0.0,0.0,1.0,0.0
4,5,9.077248479879495,10.906028846214276,0.0,0.0,0.0,1.0,0.0,1.0
5,5,4.902869047887663,7.006298091053068,0.0,0.0,1.0,1.0,0.0,1.0
6,5,3.128843479304876,7.9131848667599805,1.0,1.0,0.0,0.0,0.0,1.0
7,5,3.9323505953071223,9.947548115827267,1.0,0.0,1.0,0.0,0.0,1.0
8,5,2.9305312344844534,0.9401649670524206,0.0,1.0,0.0,1.0,0.0,1.0
9,5,10.961061070126746,3.913833582409195,0.0,0.0,1.0,0.0,0.0,1.0
10,5,9.919306017548928,6.068105922497509,0.0,1.0,0.0,0.0,0.0,1.0
11,5,10.936081475676945,12.0,1.0,0.0,0.0,0.0,0.0,0.0
12,5,3.904507625038692,4.99704481354216,0.0,0.0,0.0,1.0,0.0,0.0
13,5,3.956458748233693,4.118173050872332,1.0,1.0,1.0,1.0,1.0,0.0
14,5,3.100489136852272,2.865685192345613,1.0,0.0,1.0,1.0,1.0,0.0
0,10,0.0,0.9694605947589092,1.0,1.0,0.0,0.0,0.0,0.0
1,10,8.237684162822612,1.9776501117265315,1.0,0.0,0.0,0.0,0.0,1.0
2,10,10.031206822421527,9.901839788791586,0.0,0.0,1.0,0.0,1.0,1.0
3,10,0.0202878219649913,7.09870772124932,1.0,0.0,0.0,0.0,1.0,0.0
4,10,9.107172337297468,10.869820397988496,0.0,0.0,0.0,1.0,0.0,1.0
5,10,4.886243711303488,7.007185894675193,0.0,0.0,1.0,1.0,0.0,1.0
6,10,3.1942592607815787,7.870251077046698,1.0,1.0,0.0,0.0,0.0,1.0
7,10,3.906574306638568,9.928420881876118,1.0,0.0,1.0,0.0,0.0,1.0
8,10,2.9023092553001075,0.9160371063000904,0.0,1.0,0.0,1.0,0.0,1.0
9,10,10.938021985032014,3.8665408901604175,0.0,0.0,1.0,0.0,0.0,1.0
10,10,9.88156390217855,6.1009921310123,0.0,1.0,0.0,0.0,0.0,1.0
11,10,10.914243613693836,12.0,1.0,0.0,0.0,0.0,0.0,0.0
12,10,3.884869526577983,4.9963085896980335,0.0,0.0,0.0,1.0,0.0,0.0
13,10,3.933245112373581,4.178623490411484,1.0,1.0,1.0,1.0,1.0,0.0
14,10,3.160850863759821,2.786778234751978,1.0,0.0,1.0,1.0,1.0,0.0
0,15,0.0,0.9682036961026113,1.0,1.0,0.0,0.0,0.0,0.0
1,15,8.332356468918425,1.965089895107109,1.0,0.0,0.0,0.0,0.0,1.0
2,15,10.038951175513418,9.874067111825497,0.0,0.0,1.0,0.0,1.0,1.0
3,15,0.0218450255746123,7.106144670760124,1.0,0.0,0.0,0.0,1.0,0.0
4,15,9.13241399249038,10.841193331220875,0.0,0.0,0.0,1.0,0.0,1.0
5,15,4.895009921424032,7.006922065068309,0.0,0.0,1.0,1.0,0.0,1.0
6,15,3.2781206258524973,7.813155790606983,1.0,1.0,0.0,0.0,0.0,1.0
7,15,3.882783642311492,9.912171966353998,1.0,0.0,1.0,0.0,0.0,1.0
8,15,2.936540912874982,0.8770354702506219,0.0,1.0,0.0,1.0,0.0,1.0
9,15,10.91552015458177,3.821771989416068,0.0,0.0,1.0,0.0,0.0,1.0
10,15,9.852790842665264,6.124994674491627,0.0,1.0,0.0,0.0,0.0,1.0
11,15,10.883176617796884,12.0,1.0,0.0,0.0,0.0,0.0,0.0
12,15,3.855026468054854,4.995239064318566,0.0,0.0,0.0,1.0,0.0,0.0
13,15,3.9167662563613495,4.216782905913571,1.0,1.0,1.0,1.0,1.0,0.0
14,15,3.221765438454921,2.706841700518172,1.0,0.0,1.0,1.0,1.0,0.0
0,20,0.0,0.9665070939416526,1.0,1.0,0.0,0.0,0.0,0.0
1,20,8.42623187691757,1.9511001681912847,1.0,0.0,0.0,0.0,0.0,1.0
2,20,10.045874033279546,9.84690195417955,0.0,0.0,1.0,0.0,1.0,1.0
3,20,0.0218429857224968,7.106134297710255,1.0,0.0,0.0,0.0,1.0,0.0
4,20,9.166726218747591,10.80337408591896,0.0,0.0,0.0,1.0,0.0,1.0
5,20,4.915268948545693,7.005798110610462,0.0,0.0,1.0,1.0,0.0,1.0
6,20,3.3633288232924987,7.75422319235951,1.0,1.0,0.0,0.0,0.0,1.0
7,20,3.8568227336320215,9.894227891138256,1.0,0.0,1.0,0.0,0.0,1.0
8,20,2.975306123792671,0.8312900076619463,0.0,1.0,0.0,1.0,0.0,1.0
9,20,10.887667388017132,3.761145525024308,0.0,0.0,1.0,0.0,0.0,1.0
10,20,9.827393853305292,6.145414546189477,0.0,1.0,0.0,0.0,0.0,1.0
11,20,10.850745195738025,12.0,1.0,0.0,0.0,0.0,0.0,0.0
12,20,3.831242728195084,4.994511507359166,0.0,0.0,0.0,1.0,0.0,0.0
13,20,3.902145939141341,4.25297169792536,1.0,1.0,1.0,1.0,1.0,0.0
14,20,3.2838481601649328,2.6265836661605477,1.0,0.0,1.0,1.0,1.0,0.0
0,25,0.0,0.9660559974908568,1.0,1.0,0.0,0.0,0.0,0.0
1,25,8.53924886889955,1.9361122669724824,1.0,0.0,0.0,0.0,0.0,1.0
2,25,10.057435479628252,9.80192404778414,0.0,0.0,1.0,0.0,1.0,1.0
3,25,0.0184728721813526,7.091472787379947,1.0,0.0,0.0,0.0,1.0,0.0
4,25,9.2076256725949,10.756722626993188,0.0,0.0,0.0,1.0,0.0,1.0
5,25,4.941816922390972,7.004094671795647,0.0,0.0,1.0,1.0,0.0,1.0
6,25,3.4598245682470834,7.681852679342733,1.0,1.0,0.0,0.0,0.0,1.0
7,25,3.8223266410460295,9.871064814097384,1.0,0.0,1.0,0.0,0.0,1.0
8,25,3.0165896603547657,0.7821845591864305,0.0,1.0,0.0,1.0,0.0,1.0
9,25,10.871009227592968,3.72505554569062,0.0,0.0,1.0,0.0,0.0,1.0
10,25,9.81651111772634,6.154590292562,0.0,1.0,0.0,0.0,0.0,1.0
11,25,10.805110024261555,12.0,1.0,0.0,0.0,0.0,0.0,0.0
12,25,3.807636592222112,4.992933278169423,0.0,0.0,0.0,1.0,0.0,0.0
13,25,3.889359891714117,4.284678831564115,1.0,1.0,1.0,1.0,1.0,0.0
14,25,3.344764600321036,2.548670083487418,1.0,0.0,1.0,1.0,1.0,0.0
0,30,0.0,0.9595986009921624,1.0,1.0,0.0,0.0,0.0,0.0
1,30,8.651970778547827,1.922562445541759,1.0,0.0,0.0,0.0,0.0,1.0
2,30,10.076308477784494,9.73162264724711,0.0,0.0,1.0,0.0,1.0,1.0
3,30,0.0157303074164085,7.077776439010856,1.0,0.0,0.0,0.0,1.0,0.0
4,30,9.247747746138762,10.712661083038578,0.0,0.0,0.0,1.0,0.0,1.0
5,30,4.930394919856101,7.004753476448103,0.0,0.0,1.0,1.0,0.0,1.0
6,30,3.569036255814197,7.60315148640177,1.0,1.0,0.0,0.0,0.0,1.0
7,30,3.789087368989773,9.84949066534143,1.0,0.0,1.0,0.0,0.0,1.0
8,30,3.066315685948428,0.7226457625075686,0.0,1.0,0.0,1.0,0.0,1.0
9,30,10.86317326438312,3.7072137247467647,0.0,0.0,1.0,0.0,0.0,1.0
10,30,9.801074170206164,6.1676006676174415,0.0,1.0,0.0,0.0,0.0,1.0
11,30,10.7570713564664,12.0,1.0,0.0,0.0,0.0,0.0,0.0
12,30,3.79278429155795,4.991534911453488,0.0,0.0,0.0,1.0,0.0,0.0
13,30,3.881109128109874,4.303919434285636,1.0,1.0,1.0,1.0,1.0,0.0
14,30,3.4082407946524897,2.471562866624581,1.0,0.0,1.0,1.0,1.0,0.0
0,35,0.0,0.9528318863398596,1.0,1.0,0.0,0.0,0.0,0.0
1,35,8.752803609205287,1.9071517646118568,1.0,0.0,0.0,0.0,0.0,1.0
2,35,10.087239635297957,9.69385131280434,0.0,0.0,1.0,0.0,1.0,1.0
3,35,0.0086559432894286,7.044138229794725,1.0,0.0,0.0,0.0,1.0,0.0
4,35,9.291716740317678,10.664427439923877,0.0,0.0,0.0,1.0,0.0,1.0
5,35,4.913139108634296,7.00577133136706,0.0,0.0,1.0,1.0,0.0,1.0
6,35,3.6840987498407554,7.518609697500519,1.0,1.0,0.0,0.0,0.0,1.0
7,35,3.751662485634186,9.826734289762252,1.0,0.0,1.0,0.0,0.0,1.0
8,35,3.1121799143916773,0.6681854336483228,0.0,1.0,0.0,1.0,0.0,1.0
9,35,10.864879592831391,3.7110928832680847,0.0,0.0,1.0,0.0,0.0,1.0
10,35,9.775783703430688,6.189046550163523,0.0,1.0,0.0,0.0,0.0,1.0
11,35,10.698582679322175,12.0,1.0,0.0,0.0,0.0,0.0,0.0
12,35,3.763410849306551,4.989422028503588,0.0,0.0,0.0,1.0,0.0,0.0
13,35,3.884499516781138,4.296094975710171,1.0,1.0,1.0,1.0,1.0,0.0
14,35,3.454709633548221,2.413219650250952,1.0,0.0,1.0,1.0,1.0,0.0
0,40,0.0073937312343186,0.9549375556389847,1.0,1.0,0.0,0.0,0.0,0.0
1,40,8.857901337074095,1.8899119053657147,1.0,0.0,0.0,0.0,0.0,1.0
2,40,10.101361158849308,9.647185084408129,0.0,0.0,1.0,0.0,1.0,1.0
3,40,0.007197745300172,7.03772933514399,1.0,0.0,0.0,0.0,1.0,0.0
4,40,9.344254064407991,10.60569199233585,0.0,0.0,0.0,1.0,0.0,1.0
5,40,4.893646813250502,7.006554414840764,0.0,0.0,1.0,1.0,0.0,1.0
6,40,3.770778978848491,7.453526013620848,1.0,1.0,0.0,0.0,0.0,1.0
7,40,3.738292468719366,9.818845789708371,1.0,0.0,1.0,0.0,0.0,1.0
8,40,3.170794116291721,0.6056129599080248,0.0,1.0,0.0,1.0,0.0,1.0
9,40,10.86543519443287,3.712351641570671,0.0,0.0,1.0,0.0,0.0,1.0
10,40,9.740395633481258,6.218921055802896,0.0,1.0,0.0,0.0,0.0,1.0
11,40,10.646473236485395,12.0,1.0,0.0,0.0,0.0,0.0,0.0
12,40,3.742190143436705,4.988138179190332,0.0,0.0,0.0,1.0,0.0,0.0
13,40,3.887481092663068,4.28935798933811,1.0,1.0,1.0,1.0,1.0,0.0
14,40,3.513896144984712,2.332628575108928,1.0,0.0,1.0,1.0,1.0,0.0
0,45,0.0217732996370728,0.9589394797719644,1.0,1.0,0.0,0.0,0.0,0.0
1,45,8.963645688129123,1.8734239937001544,1.0,0.0,0.0,0.0,0.0,1.0
2,45,10.11341670000697,9.605735873741068,0.0,0.0,1.0,0.0,1.0,1.0
3,45,0.0081829824862295,7.041750857148003,1.0,0.0,0.0,0.0,1.0,0.0
4,45,9.39220171198192,10.553382465758098,0.0,0.0,0.0,1.0,0.0,1.0
5,45,4.85991918680975,7.008208596619381,0.0,0.0,1.0,1.0,0.0,1.0
6,45,3.866221462396541,7.382775426468708,1.0,1.0,0.0,0.0,0.0,1.0
7,45,3.7326868884890816,9.815513893240285,1.0,0.0,1.0,0.0,0.0,1.0
8,45,3.229186722692153,0.5453313278736448,0.0,1.0,0.0,1.0,0.0,1.0
9,45,10.859422908306485,3.698780529031641,0.0,0.0,1.0,0.0,0.0,1.0
10,45,9.701396589001794,6.250907826007615,0.0,1.0,0.0,0.0,0.0,1.0
11,45,10.608541412957177,12.0,1.0,0.0,0.0,0.0,0.0,0.0
12,45,3.736331265778881,4.98785929937458,0.0,0.0,0.0,1.0,0.0,0.0
13,45,3.894518010286192,4.275137898438676,1.0,1.0,1.0,1.0,1.0,0.0
14,45,3.576133832790823,2.248922192661769,1.0,0.0,1.0,1.0,1.0,0.0
0,50,0.04932681374229,0.9672169586104268,1.0,1.0,0.0,0.0,0.0,0.0
1,50,9.080807613480085,1.851909953304403,1.0,0.0,0.0,0.0,0.0,1.0
2,50,10.128811542850928,9.55809926326098,0.0,0.0,1.0,0.0,1.0,1.0
3,50,0.0046299419446728,7.026387183566222,1.0,0.0,0.0,0.0,1.0,0.0
4,50,9.450165998257797,10.485849655541308,0.0,0.0,0.0,1.0,0.0,1.0
5,50,4.831371419565743,7.010105866286683,0.0,0.0,1.0,1.0,0.0,1.0
6,50,3.9737452329096414,7.3057229674849555,1.0,1.0,0.0,0.0,0.0,1.0
7,50,3.719444323484314,9.807595873826012,1.0,0.0,1.0,0.0,0.0,1.0
8,50,3.292985432956715,0.4765732404225664,0.0,1.0,0.0,1.0,0.0,1.0
9,50,10.8477625581424,3.6742433445994287,0.0,0.0,1.0,0.0,0.0,1.0
10,50,9.677755118648747,6.270353229232612,0.0,1.0,0.0,0.0,0.0,1.0
11,50,10.583676063234378,12.0,1.0,0.0,0.0,0.0,0.0,0.0
12,50,3.744042452691552,4.988219951692751,0.0,0.0,0.0,1.0,0.0,0.0
13,50,3.888319837479242,4.28845396367007,1.0,1.0,1.0,1.0,1.0,0.0
14,50,3.6643555250051327,2.127564320614112,1.0,0.0,1.0,1.0,1.0,0.0
0,55,0.0670498668407803,0.9722652402548604,1.0,1.0,0.0,0.0,0.0,0.0
1,55,9.20389957569509,1.8272841994843931,1.0,0.0,0.0,0.0,0.0,1.0
2,55,10.14355372805962,9.509075430162946,0.0,0.0,1.0,0.0,1.0,1.0
3,55,0.0103695749414146,7.051197524724227,1.0,0.0,0.0,0.0,1.0,0.0
4,55,9.500725848215929,10.428746771076606,0.0,0.0,0.0,1.0,0.0,1.0
5,55,4.795861849176969,7.011658070449985,0.0,0.0,1.0,1.0,0.0,1.0
6,55,4.074615782111627,7.233490105961306,1.0,1.0,0.0,0.0,0.0,1.0
7,55,3.720250897955624,9.808085970422056,1.0,0.0,1.0,0.0,0.0,1.0
8,55,3.34255584105303,0.4210166137795961,0.0,1.0,0.0,1.0,0.0,1.0
9,55,10.843319660920606,3.665569685210721,0.0,0.0,1.0,0.0,0.0,1.0
10,55,9.646746074502364,6.294890155175399,0.0,1.0,0.0,0.0,0.0,1.0
11,55,10.558699602917436,12.0,1.0,0.0,0.0,0.0,0.0,0.0
12,55,3.729914031054825,4.9873416936051385,0.0,0.0,0.0,1.0,0.0,0.0
13,55,3.8767011746711098,4.314766700887144,1.0,1.0,1.0,1.0,1.0,0.0
14,55,3.755191634040118,1.998261272948424,1.0,0.0,1.0,1.0,1.0,0.0
0,60,0.0836960484342938,0.9768293702385792,1.0,1.0,0.0,0.0,0.0,0.0
1,60,9.347128115086862,1.7973833632078886,1.0,0.0,0.0,0.0,0.0,1.0
2,60,10.161324979187508,9.450190344627416,0.0,0.0,1.0,0.0,1.0,1.0
3,60,0.0152510896053522,7.075786787618755,1.0,0.0,0.0,0.0,1.0,0.0
4,60,9.557890283925625,10.364349852108084,0.0,0.0,0.0,1.0,0.0,1.0
5,60,4.748786501909332,7.014424454446434,0.0,0.0,1.0,1.0,0.0,1.0
6,60,4.194571756423356,7.145173588077052,1.0,1.0,0.0,0.0,0.0,1.0
7,60,3.7243362565825313,9.810804953419137,1.0,0.0,1.0,0.0,0.0,1.0
8,60,3.395294505668077,0.3648065168229283,0.0,1.0,0.0,1.0,0.0,1.0
9,60,10.837175277058275,3.653753373599762,0.0,0.0,1.0,0.0,0.0,1.0
10,60,9.6141108336277,6.321666168905994,0.0,1.0,0.0,0.0,0.0,1.0
11,60,10.51896628123253,12.0,1.0,0.0,0.0,0.0,0.0,0.0
12,60,3.717571783829588,4.9865597107436255,0.0,0.0,0.0,1.0,0.0,0.0
13,60,3.8661697450597865,4.338005478742138,1.0,1.0,1.0,1.0,1.0,0.0
14,60,3.85435961883342,1.855881062591044,1.0,0.0,1.0,1.0,1.0,0.0
0,65,0.0865478790590273,0.977613878602388,1.0,1.0,0.0,0.0,0.0,0.0
1,65,9.487236840895225,1.7674514101039018,1.0,0.0,0.0,0.0,0.0,1.0
2,65,10.183807313822802,9.379076289328012,0.0,0.0,1.0,0.0,1.0,1.0
3,65,0.0204979306158341,7.100449614656301,1.0,0.0,0.0,0.0,1.0,0.0
4,65,9.615419829048635,10.299749105048596,0.0,0.0,0.0,1.0,0.0,1.0
5,65,4.693701776938755,7.01862040105624,0.0,0.0,1.0,1.0,0.0,1.0
6,65,4.296164230110677,7.066953484757474,1.0,1.0,0.0,0.0,0.0,1.0
7,65,3.726623583046856,9.812379691628731,1.0,0.0,1.0,0.0,0.0,1.0
8,65,3.445444838335716,0.3102024520528423,0.0,1.0,0.0,1.0,0.0,1.0
9,65,10.83527864789837,3.650005826430225,0.0,0.0,1.0,0.0,0.0,1.0
10,65,9.58222226122606,6.347614421150944,0.0,1.0,0.0,0.0,0.0,1.0
11,65,10.46881639413822,12.0,1.0,0.0,0.0,0.0,0.0,0.0
12,65,3.684675023335641,4.984809690545623,0.0,0.0,0.0,1.0,0.0,0.0
13,65,3.854133841145276,4.363765311290079,1.0,1.0,1.0,1.0,1.0,0.0
14,65,3.964104293764055,1.6943587021150208,1.0,0.0,1.0,1.0,1.0,0.0
0,70,0.0754478708936606,0.974488086222208,1.0,1.0,0.0,0.0,0.0,0.0
1,70,9.629564998882916,1.7359196881499954,1.0,0.0,0.0,0.0,0.0,1.0
2,70,10.211124879021945,9.290326022682349,0.0,0.0,1.0,0.0,1.0,1.0
3,70,0.0224613598343713,7.110059907168853,1.0,0.0,0.0,0.0,1.0,0.0
4,70,9.676943933942088,10.234921441915484,0.0,0.0,0.0,1.0,0.0,1.0
5,70,4.618841285163223,7.022863406914809,0.0,0.0,1.0,1.0,0.0,1.0
6,70,4.400591458341039,6.985178412513118,1.0,1.0,0.0,0.0,0.0,1.0
7,70,3.699520043684037,9.792906651274818,1.0,0.0,1.0,0.0,0.0,1.0
8,70,3.4944338391134013,0.2572658199582975,0.0,1.0,0.0,1.0,0.0,1.0
9,70,10.819783604691963,3.619560327211671,0.0,0.0,1.0,0.0,0.0,1.0
10,70,9.538614561188608,6.382116871884533,0.0,1.0,0.0,0.0,0.0,1.0
11,70,10.424533513528162,12.0,1.0,0.0,0.0,0.0,0.0,0.0
12,70,3.645140995999732,4.98257242515326,0.0,0.0,0.0,1.0,0.0,0.0
13,70,3.839018250658517,4.394954166012821,1.0,1.0,1.0,1.0,1.0,0.0
14,70,4.061217993341889,1.5449275128048112,1.0,0.0,1.0,1.0,1.0,0.0
0,75,0.0741066764901171,0.9741176866259864,1.0,1.0,0.0,0.0,0.0,0.0
1,75,9.759240282792137,1.7094923087890714,1.0,0.0,0.0,0.0,0.0,1.0
2,75,10.252370785694303,9.16777279533524,0.0,0.0,1.0,0.0,1.0,1.0
3,75,0.0203175860270541,7.099310717429272,1.0,0.0,0.0,0.0,1.0,0.0
4,75,9.72632465165568,10.184276602438535,0.0,0.0,0.0,1.0,0.0,1.0
5,75,4.562449246079689,7.026436628105151,0.0,0.0,1.0,1.0,0.0,1.0
6,75,4.511232279178907,6.900858025237035,1.0,1.0,0.0,0.0,0.0,1.0
7,75,3.6558985985459382,9.76120872390499,1.0,0.0,1.0,0.0,0.0,1.0
8,75,3.537016879439189,0.210799021084342,0.0,1.0,0.0,1.0,0.0,1.0
9,75,10.803064840521314,3.586446683382365,0.0,0.0,1.0,0.0,0.0,1.0
10,75,9.482480208852364,6.426925993422294,0.0,1.0,0.0,0.0,0.0,1.0
11,75,10.379755909094142,12.0,1.0,0.0,0.0,0.0,0.0,0.0
12,75,3.607918928987141,4.981028660071148,0.0,0.0,0.0,1.0,0.0,0.0
13,75,3.834721608539388,4.403297743820224,1.0,1.0,1.0,1.0,1.0,0.0
14,75,4.175393041359477,1.3703119162857555,1.0,0.0,1.0,1.0,1.0,0.0
0,80,0.0645145967326083,1.010275156272973,1.0,1.0,0.0,0.0,0.0,0.0
1,80,9.88957918452516,1.689714799107548,1.0,0.0,0.0,0.0,0.0,1.0
2,80,10.289409836903015,9.061259749405812,0.0,0.0,1.0,0.0,1.0,1.0
3,80,0.0192329034426,7.093433697917297,1.0,0.0,0.0,0.0,1.0,0.0
4,80,9.773247306701991,10.136220206789574,0.0,0.0,0.0,1.0,0.0,1.0
5,80,4.50203289878098,7.029565195169345,0.0,0.0,1.0,1.0,0.0,1.0
6,80,4.638590564590777,6.8081748928145736,1.0,1.0,0.0,0.0,0.0,1.0
7,80,3.615238135580472,9.732145555493338,1.0,0.0,1.0,0.0,0.0,1.0
8,80,3.587873436702941,0.1556349752945774,0.0,1.0,0.0,1.0,0.0,1.0
9,80,10.79280017089294,3.566626377867822,0.0,0.0,1.0,0.0,0.0,1.0
10,80,9.401243048130318,6.491371683941353,0.0,1.0,0.0,0.0,0.0,1.0
11,80,10.339151470730243,12.0,1.0,0.0,0.0,0.0,0.0,0.0
12,80,3.576252369358337,4.9797382307056495,0.0,0.0,0.0,1.0,0.0,0.0
13,80,3.838156923037371,4.396893030864457,1.0,1.0,1.0,1.0,1.0,0.0
14,80,4.293230662419845,1.1963797679072323,1.0,0.0,1.0,1.0,1.0,0.0
0,85,0.0628344310163346,1.0166065815234164,1.0,1.0,0.0,0.0,0.0,0.0
1,85,10.001510056723692,1.673848370458238,1.0,0.0,0.0,0.0,0.0,1.0
2,85,10.324937631123657,8.953488603446285,0.0,0.0,1.0,0.0,1.0,1.0
3,85,0.0162521030006809,7.076687924673875,1.0,0.0,0.0,0.0,1.0,0.0
4,85,9.825452233314154,10.084560565710294,0.0,0.0,0.0,1.0,0.0,1.0
5,85,4.446275120144871,7.032703062023078,0.0,0.0,1.0,1.0,0.0,1.0
6,85,4.7731877384775805,6.70948192936378,1.0,1.0,0.0,0.0,0.0,1.0
7,85,3.574143025424421,9.70123733832631,1.0,0.0,1.0,0.0,0.0,1.0
8,85,3.63820969237317,0.1014551389358305,0.0,1.0,0.0,1.0,0.0,1.0
9,85,10.778745132774878,3.539931240834764,0.0,0.0,1.0,0.0,0.0,1.0
10,85,9.295729590327,6.572335809373734,0.0,1.0,0.0,0.0,0.0,1.0
11,85,10.312002989991823,12.0,1.0,0.0,0.0,0.0,0.0,0.0
12,85,3.5503151946935536,4.9791251085521,0.0,0.0,0.0,1.0,0.0,0.0
13,85,3.847089343669919,4.379413897012968,1.0,1.0,1.0,1.0,1.0,0.0
14,85,4.40276284443211,1.027996065165802,1.0,0.0,1.0,1.0,1.0,0.0
0,90,0.0705957294699408,0.9858831943358038,1.0,1.0,0.0,0.0,0.0,0.0
1,90,10.097769087652908,1.6619541545780434,1.0,0.0,0.0,0.0,0.0,1.0
2,90,10.357983652280764,8.848428799177466,0.0,0.0,1.0,0.0,1.0,1.0
3,90,0.0117840147760983,7.049286633570871,1.0,0.0,0.0,0.0,1.0,0.0
4,90,9.88016297464646,10.03065289042368,0.0,0.0,0.0,1.0,0.0,1.0
5,90,4.371960008581868,7.035798900245054,0.0,0.0,1.0,1.0,0.0,1.0
6,90,4.929471009621626,6.593580526692095,1.0,1.0,0.0,0.0,0.0,1.0
7,90,3.537377471392838,9.672194917934062,1.0,0.0,1.0,0.0,0.0,1.0
8,90,3.6811562602640233,0.0544370208503913,0.0,1.0,0.0,1.0,0.0,1.0
9,90,10.760673529967436,3.5068590934070563,0.0,0.0,1.0,0.0,0.0,1.0
10,90,9.201329527933297,6.651179971122081,0.0,1.0,0.0,0.0,0.0,1.0
11,90,10.286651649271342,12.0,1.0,0.0,0.0,0.0,0.0,0.0
12,90,3.529106299472519,4.978382314657396,0.0,0.0,0.0,1.0,0.0,0.0
13,90,3.857748984459829,4.358438512035724,1.0,1.0,1.0,1.0,1.0,0.0
14,90,4.497661609904636,0.8766352216835233,1.0,0.0,1.0,1.0,1.0,0.0
0,95,0.0820939473307926,0.9361414697897544,1.0,1.0,0.0,0.0,0.0,0.0
1,95,10.208973485353663,1.6478251175890244,1.0,0.0,0.0,0.0,0.0,1.0
2,95,10.394080837728628,8.730220893762207,0.0,0.0,1.0,0.0,1.0,1.0
3,95,0.0082698469295373,7.029037208181802,1.0,0.0,0.0,0.0,1.0,0.0
4,95,9.939807235366278,9.972470538102158,0.0,0.0,0.0,1.0,0.0,1.0
5,95,4.282477586316849,7.039496277285723,0.0,0.0,1.0,1.0,0.0,1.0
6,95,5.0846702668407255,6.466396820520637,1.0,1.0,0.0,0.0,0.0,1.0
7,95,3.490340577354453,9.636152463894495,1.0,0.0,1.0,0.0,0.0,1.0
8,95,3.721474659939435,0.0086390805039332,0.0,1.0,0.0,1.0,0.0,1.0
9,95,10.74964460743048,3.487299242011827,0.0,0.0,1.0,0.0,0.0,1.0
10,95,9.10788935281234,6.728273349842716,0.0,1.0,0.0,0.0,0.0,1.0
11,95,10.278506867247035,12.0,1.0,0.0,0.0,0.0,0.0,0.0
12,95,3.500864943737232,4.978473975345506,0.0,0.0,0.0,1.0,0.0,0.0
13,95,3.8707418931455777,4.332970289606541,1.0,1.0,1.0,1.0,1.0,0.0
14,95,4.330991803520679,0.769666110069639,1.0,0.0,1.0,1.0,1.0,0.0
0,100,0.1000245138245529,0.8726985691908007,1.0,1.0,0.0,0.0,0.0,0.0
1,100,10.329523287467524,1.6333545241555674,1.0,0.0,0.0,0.0,0.0,1.0
2,100,10.433645763890826,8.602255842084757,0.0,0.0,1.0,0.0,1.0,1.0
3,100,0.00617720598375,7.016896815227099,1.0,0.0,0.0,0.0,1.0,0.0
4,100,10.0000137228589,9.91361378387554,0.0,0.0,0.0,1.0,0.0,1.0
5,100,4.197128638125326,7.041540672203618,0.0,0.0,1.0,1.0,0.0,1.0
6,100,5.251721070152797,6.332406718683679,1.0,1.0,0.0,0.0,0.0,1.0
7,100,3.455142234452008,9.607679043787137,1.0,0.0,1.0,0.0,0.0,1.0
8,100,3.75638930375671,0.0,0.0,1.0,0.0,1.0,0.0,1.0
9,100,10.740014159802945,3.4705579035821086,0.0,0.0,1.0,0.0,0.0,1.0
10,100,8.99299851495835,6.818011128598718,0.0,1.0,0.0,0.0,0.0,1.0
11,100,10.258097214490036,12.0,1.0,0.0,0.0,0.0,0.0,0.0
12,100,3.4645477015842414,4.978711743758798,0.0,0.0,0.0,1.0,0.0,0.0
13,100,3.888275065562425,4.297427008939709,1.0,1.0,1.0,1.0,1.0,0.0
14,100,4.166677017302143,0.6620231865313999,1.0,0.0,1.0,1.0,1.0,0.0
0,105,0.118270304350521,0.8087064487233716,1.0,1.0,0.0,0.0,0.0,0.0
1,105,10.45822595781654,1.6189062204297977,1.0,0.0,0.0,0.0,0.0,1.0
2,105,10.469727489721558,8.490941692619687,0.0,0.0,1.0,0.0,1.0,1.0
3,105,0.008267219108646,7.031027291238286,1.0,0.0,0.0,0.0,1.0,0.0
4,105,10.072712223547535,9.839905943136872,0.0,0.0,0.0,1.0,0.0,1.0
5,105,4.119171574473084,7.043263234139087,0.0,0.0,1.0,1.0,0.0,1.0
6,105,5.409375847172313,6.2034037057037645,1.0,1.0,0.0,0.0,0.0,1.0
7,105,3.429122908073512,9.58634571653452,1.0,0.0,1.0,0.0,0.0,1.0
8,105,3.7837490122772,0.0,0.0,1.0,0.0,1.0,0.0,1.0
9,105,10.73542610317048,3.462563723414054,0.0,0.0,1.0,0.0,0.0,1.0
10,105,8.87556505383728,6.90484307858663,0.0,1.0,0.0,0.0,0.0,1.0
11,105,10.241109137123452,12.0,1.0,0.0,0.0,0.0,0.0,0.0
12,105,3.430057922526562,4.979080138759134,0.0,0.0,0.0,1.0,0.0,0.0
13,105,3.901094662978201,4.270218811149657,1.0,1.0,1.0,1.0,1.0,0.0
14,105,3.9874739491504174,0.5451629430584353,1.0,0.0,1.0,1.0,1.0,0.0
0,110,0.1400370365004158,0.729552264641645,1.0,1.0,0.0,0.0,0.0,0.0
1,110,10.577096685196018,1.6110429668252075,1.0,0.0,0.0,0.0,0.0,1.0
2,110,10.509009170846992,8.37846099148419,0.0,0.0,1.0,0.0,1.0,1.0
3,110,0.0056348219438998,7.011848508743617,1.0,0.0,0.0,0.0,1.0,0.0
4,110,10.134850916032022,9.776640160083364,0.0,0.0,0.0,1.0,0.0,1.0
5,110,4.039816825018711,7.045654404221182,0.0,0.0,1.0,1.0,0.0,1.0
6,110,5.557529212209968,6.088696971158415,1.0,1.0,0.0,0.0,0.0,1.0
7,110,3.4136048646299844,9.573864332091926,1.0,0.0,1.0,0.0,0.0,1.0
8,110,3.814790532815096,0.0,0.0,1.0,0.0,1.0,0.0,1.0
9,110,10.72865392649238,3.4510895703096605,0.0,0.0,1.0,0.0,0.0,1.0
10,110,8.75752219113585,6.98706449291686,0.0,1.0,0.0,0.0,0.0,1.0
11,110,10.211961243502738,12.0,1.0,0.0,0.0,0.0,0.0,0.0
12,110,3.4096367682718216,4.979491183739364,0.0,0.0,0.0,1.0,0.0,0.0
13,110,3.91211124752537,4.248948973139757,1.0,1.0,1.0,1.0,1.0,0.0
14,110,3.80860646442456,0.429562253014944,1.0,0.0,1.0,1.0,1.0,0.0
0,115,0.1666143850784383,0.6335845940984556,1.0,1.0,0.0,0.0,0.0,0.0
1,115,10.704809522983671,1.6017151697547571,1.0,0.0,0.0,0.0,0.0,1.0
2,115,10.556414758138516,8.252164803124469,0.0,0.0,1.0,0.0,1.0,1.0
3,115,0.003101180553545,6.995380540407432,1.0,0.0,0.0,0.0,1.0,0.0
4,115,10.06281184628592,9.704929186036011,0.0,0.0,0.0,1.0,0.0,1.0
5,115,3.951902710203359,7.051467496187038,0.0,0.0,1.0,1.0,0.0,1.0
6,115,5.723749647648347,5.963914801887879,1.0,1.0,0.0,0.0,0.0,1.0
7,115,3.3876740336439286,9.55208211411607,1.0,0.0,1.0,0.0,0.0,1.0
8,115,3.843162539839273,0.0,0.0,1.0,0.0,1.0,0.0,1.0
9,115,10.727156440371209,3.4484734599051605,0.0,0.0,1.0,0.0,0.0,1.0
10,115,8.645590021779494,7.0683333395260055,0.0,1.0,0.0,0.0,0.0,1.0
11,115,10.182601262934142,12.0,1.0,0.0,0.0,0.0,0.0,0.0
12,115,3.399467144357393,4.979782630017647,0.0,0.0,0.0,1.0,0.0,0.0
13,115,3.9318167087392895,4.211101867211774,1.0,1.0,1.0,1.0,1.0,0.0
14,115,3.627769599815751,0.311869821104939,1.0,0.0,1.0,1.0,1.0,0.0
0,120,0.1892341934635494,0.5395696616443514,1.0,1.0,0.0,0.0,0.0,0.0
1,120,10.81625920939566,1.5955761544610532,1.0,0.0,0.0,0.0,0.0,1.0
2,120,10.609126886907056,8.10775873648776,0.0,0.0,1.0,0.0,1.0,1.0
3,120,0.0037220379306426,6.998972246428407,1.0,0.0,0.0,0.0,1.0,0.0
4,120,9.9841856092026,9.627527905325644,0.0,0.0,0.0,1.0,0.0,1.0
5,120,3.853507926706949,7.057410633050322,0.0,0.0,1.0,1.0,0.0,1.0
6,120,5.901845796567781,5.829159536855601,1.0,1.0,0.0,0.0,0.0,1.0
7,120,3.3603769944191795,9.584281098709797,1.0,0.0,1.0,0.0,0.0,1.0
8,120,3.8299818228523743,0.0,0.0,1.0,0.0,1.0,0.0,1.0
9,120,10.725333679546663,3.445431671699436,0.0,0.0,1.0,0.0,0.0,1.0
10,120,8.524158144274162,7.158148371207302,0.0,1.0,0.0,0.0,0.0,1.0
11,120,10.166529055077882,12.0,1.0,0.0,0.0,0.0,0.0,0.0
12,120,3.381426258830963,4.980625725346291,0.0,0.0,0.0,1.0,0.0,0.0
13,120,3.947062102235716,4.1825441004517305,1.0,1.0,1.0,1.0,1.0,0.0
14,120,3.4351236466232926,0.1863033604122666,1.0,0.0,1.0,1.0,1.0,0.0
0,125,0.2142925643070783,0.4443495969493857,1.0,1.0,0.0,0.0,0.0,0.0
1,125,10.92511731983567,1.5897240908005286,1.0,0.0,0.0,0.0,0.0,1.0
2,125,10.672696022899128,7.935859806881124,0.0,0.0,1.0,0.0,1.0,1.0
3,125,0.0054913727433442,7.008612786806943,1.0,0.0,0.0,0.0,1.0,0.0
4,125,9.90514092200738,9.549263870266817,0.0,0.0,0.0,1.0,0.0,1.0
5,125,3.7646499375433167,7.065516802117477,0.0,0.0,1.0,1.0,0.0,1.0
6,125,6.071476551376094,5.703653506271352,1.0,1.0,0.0,0.0,0.0,1.0
7,125,3.333859524355097,9.616087463539564,1.0,0.0,1.0,0.0,0.0,1.0
8,125,3.80989539384506,0.0,0.0,1.0,0.0,1.0,0.0,1.0
9,125,10.72211066973816,3.440302256011429,0.0,0.0,1.0,0.0,0.0,1.0
10,125,8.383449865573954,7.266395465025747,0.0,1.0,0.0,0.0,0.0,1.0
11,125,10.139868932207214,12.0,1.0,0.0,0.0,0.0,0.0,0.0
12,125,3.3592674304775896,4.981714818618059,0.0,0.0,0.0,1.0,0.0,0.0
13,125,3.966387193842726,4.147948137925987,1.0,1.0,1.0,1.0,1.0,0.0
14,125,3.251721142708308,0.0677342378879949,1.0,0.0,1.0,1.0,1.0,0.0
0,130,0.2365732906918646,0.3466410965505836,1.0,1.0,0.0,0.0,0.0,0.0
1,130,11.04197227190974,1.580646966466168,1.0,0.0,0.0,0.0,0.0,1.0
2,130,10.741508962161271,7.759182016137582,0.0,0.0,1.0,0.0,1.0,1.0
3,130,0.0077737771236977,7.0227736370600855,1.0,0.0,0.0,0.0,1.0,0.0
4,130,9.814020836374471,9.460936351295016,0.0,0.0,0.0,1.0,0.0,1.0
5,130,3.672925756900264,7.074155341051965,0.0,0.0,1.0,1.0,0.0,1.0
6,130,6.237107306407111,5.581701384345107,1.0,1.0,0.0,0.0,0.0,1.0
7,130,3.3034661803018923,9.654351395900402,1.0,0.0,1.0,0.0,0.0,1.0
8,130,3.780197747701118,0.0,0.0,1.0,0.0,1.0,0.0,1.0
9,130,10.727177704101951,3.448242657011185,0.0,0.0,1.0,0.0,0.0,1.0
10,130,8.252624533619935,7.361566982195523,0.0,1.0,0.0,0.0,0.0,1.0
11,130,10.11630711851456,12.0,1.0,0.0,0.0,0.0,0.0,0.0
12,130,3.3530586355535905,4.982212853508984,0.0,0.0,0.0,1.0,0.0,0.0
13,130,3.988618051175866,4.108700614295906,1.0,1.0,1.0,1.0,1.0,0.0
14,130,3.0658027655972195,0.0,1.0,0.0,1.0,1.0,1.0,0.0
0,135,0.2697300028763511,0.2166982204292174,1.0,1.0,0.0,0.0,0.0,0.0
1,135,11.147578850074924,1.5712985860120363,1.0,0.0,0.0,0.0,0.0,1.0
2,135,10.802836234314098,7.5863767335019,0.0,0.0,1.0,0.0,1.0,1.0
3,135,0.005746402199814,7.007215269514602,1.0,0.0,0.0,0.0,1.0,0.0
4,135,9.733692134398694,9.385525156417364,0.0,0.0,0.0,1.0,0.0,1.0
5,135,3.5461022045383843,7.088689638090756,0.0,0.0,1.0,1.0,0.0,1.0
6,135,6.416032719753648,5.448867608458317,1.0,1.0,0.0,0.0,0.0,1.0
7,135,3.254593984003995,9.718255278159218,1.0,0.0,1.0,0.0,0.0,1.0
8,135,3.732503492544376,0.0,0.0,1.0,0.0,1.0,0.0,1.0
9,135,10.728590823858656,3.4503527243581185,0.0,0.0,1.0,0.0,0.0,1.0
10,135,8.116514772006315,7.458749434113723,0.0,1.0,0.0,0.0,0.0,1.0
11,135,10.088073260044712,12.0,1.0,0.0,0.0,0.0,0.0,0.0
12,135,3.3606243131761047,4.981459592045457,0.0,0.0,0.0,1.0,0.0,0.0
13,135,4.019534714183712,4.056884433289586,1.0,1.0,1.0,1.0,1.0,0.0
14,135,2.8836864325654705,0.0,1.0,0.0,1.0,1.0,1.0,0.0
0,140,0.3055482978192594,0.0791418513460953,1.0,1.0,0.0,0.0,0.0,0.0
1,140,11.264211724300573,1.5624615857277142,1.0,0.0,0.0,0.0,0.0,1.0
2,140,10.853934908950125,7.4448260765674625,0.0,0.0,1.0,0.0,1.0,1.0
3,140,0.0053346200560302,7.004318204602981,1.0,0.0,0.0,0.0,1.0,0.0
4,140,9.628650128333105,9.289865685034334,0.0,0.0,0.0,1.0,0.0,1.0
5,140,3.4128216697733675,7.101255463878869,0.0,0.0,1.0,1.0,0.0,1.0
6,140,6.583282796653766,5.316080430620147,1.0,1.0,0.0,0.0,0.0,1.0
7,140,3.193470646250748,9.801473615515896,1.0,0.0,1.0,0.0,0.0,1.0
8,140,3.691838121676387,0.0,0.0,1.0,0.0,1.0,0.0,1.0
9,140,10.72648436526164,3.447076868019836,0.0,0.0,1.0,0.0,0.0,1.0
10,140,7.979638019057164,7.552433645196813,0.0,1.0,0.0,0.0,0.0,1.0
11,140,10.061751898437375,12.0,1.0,0.0,0.0,0.0,0.0,0.0
12,140,3.3587093749290085,4.981614294864875,0.0,0.0,0.0,1.0,0.0,0.0
13,140,4.043406504264452,4.016999597603604,1.0,1.0,1.0,1.0,1.0,0.0
14,140,2.772883944251105,0.1809872218025105,1.0,0.0,1.0,1.0,1.0,0.0
0,145,0.3425438924084477,0.0,1.0,1.0,0.0,0.0,0.0,0.0
1,145,11.385760818499977,1.5556509969619217,1.0,0.0,0.0,0.0,0.0,1.0
2,145,10.906963116192252,7.301807383709585,0.0,0.0,1.0,0.0,1.0,1.0
3,145,0.0054247907081667,7.0050159285776274,1.0,0.0,0.0,0.0,1.0,0.0
4,145,9.514054452303364,9.184446615421429,0.0,0.0,0.0,1.0,0.0,1.0
5,145,3.252556371389581,7.120217496995782,0.0,0.0,1.0,1.0,0.0,1.0
6,145,6.743373476967786,5.192950469122979,1.0,1.0,0.0,0.0,0.0,1.0
7,145,3.1415493906910847,9.874241800146736,1.0,0.0,1.0,0.0,0.0,1.0
8,145,3.6551684283054553,0.0,0.0,1.0,0.0,1.0,0.0,1.0
9,145,10.71917161774792,3.436090843905779,0.0,0.0,1.0,0.0,0.0,1.0
10,145,7.847432264971179,7.644981888035147,0.0,1.0,0.0,0.0,0.0,1.0
11,145,10.044281074102472,12.0,1.0,0.0,0.0,0.0,0.0,0.0
12,145,3.375591040526413,4.980331605068321,0.0,0.0,0.0,1.0,0.0,0.0
13,145,4.0600307279080665,3.988808174588691,1.0,1.0,1.0,1.0,1.0,0.0
14,145,2.661888464239873,0.367922431132863,1.0,0.0,1.0,1.0,1.0,0.0
0,150,0.3782229536785823,0.0,1.0,1.0,0.0,0.0,0.0,0.0
1,150,11.500029275791045,1.5459299509060338,1.0,0.0,0.0,0.0,0.0,1.0
2,150,10.958813124817253,7.1687735853447645,0.0,0.0,1.0,0.0,1.0,1.0
3,150,0.0026905294084086,6.981706547325751,1.0,0.0,0.0,0.0,1.0,0.0
4,150,9.41489188042052,9.094101218219445,0.0,0.0,0.0,1.0,0.0,1.0
5,150,3.090333612692619,7.135644861034322,0.0,0.0,1.0,1.0,0.0,1.0
6,150,6.87682151521565,5.0909250015398735,1.0,1.0,0.0,0.0,0.0,1.0
7,150,3.098261035251698,9.934034561597851,1.0,0.0,1.0,0.0,0.0,1.0
8,150,3.638072174996551,0.0,0.0,1.0,0.0,1.0,0.0,1.0
9,150,10.728806423259352,3.451074546582857,0.0,0.0,1.0,0.0,0.0,1.0
10,150,7.717731747122574,7.7403170150024545,0.0,1.0,0.0,0.0,0.0,1.0
11,150,10.026323557611605,12.0,1.0,0.0,0.0,0.0,0.0,0.0
12,150,3.39462899095007,4.97903647904681,0.0,0.0,0.0,1.0,0.0,0.0
13,150,4.090380517649706,3.938254052020793,1.0,1.0,1.0,1.0,1.0,0.0
14,150,2.548096044319697,0.5720759490880509,1.0,0.0,1.0,1.0,1.0,0.0
0,155,0.4111371591831735,0.0,1.0,1.0,0.0,0.0,0.0,0.0
1,155,11.608361113274256,1.5368497239942542,1.0,0.0,0.0,0.0,0.0,1.0
2,155,11.009455690306792,7.035430572476819,0.0,0.0,1.0,0.0,1.0,1.0
3,155,0.0,6.931230007068179,1.0,0.0,0.0,0.0,1.0,0.0
4,155,9.292989571458328,8.9920120902001,0.0,0.0,0.0,1.0,0.0,1.0
5,155,2.9340206884526365,7.151913635137764,0.0,0.0,1.0,1.0,0.0,1.0
6,155,6.996676029104604,4.997424373153589,1.0,1.0,0.0,0.0,0.0,1.0
7,155,3.0413777586714987,10.014378620247896,1.0,0.0,1.0,0.0,0.0,1.0
8,155,3.6148129719624142,0.0,0.0,1.0,0.0,1.0,0.0,1.0
9,155,10.729687355143696,3.4524699153363207,0.0,0.0,1.0,0.0,0.0,1.0
10,155,7.585163924032144,7.831836875647919,0.0,1.0,0.0,0.0,0.0,1.0
11,155,9.989298349704953,12.0,1.0,0.0,0.0,0.0,0.0,0.0
12,155,3.402121276566186,4.978783488032199,0.0,0.0,0.0,1.0,0.0,0.0
13,155,4.124609558389076,3.8810995145785294,1.0,1.0,1.0,1.0,1.0,0.0
14,155,2.444473544201568,0.7645654350365642,1.0,0.0,1.0,1.0,1.0,0.0
0,160,0.4371279729445403,0.0,1.0,1.0,0.0,0.0,0.0,0.0
1,160,11.722224397472004,1.5287821206815913,1.0,0.0,0.0,0.0,0.0,1.0
2,160,11.072081499198305,6.880993242642731,0.0,0.0,1.0,0.0,1.0,1.0
3,160,0.0,6.881193615079319,1.0,0.0,0.0,0.0,1.0,0.0
4,160,9.15471300530846,8.879972581171465,0.0,0.0,0.0,1.0,0.0,1.0
5,160,2.7785656123245546,7.163408465414498,0.0,0.0,1.0,1.0,0.0,1.0
6,160,7.121884186007916,4.891605505753007,1.0,1.0,0.0,0.0,0.0,1.0
7,160,2.985869241303621,10.094177879842896,1.0,0.0,1.0,0.0,0.0,1.0
8,160,3.591291352335756,0.0,0.0,1.0,0.0,1.0,0.0,1.0
9,160,10.739539612368622,3.468190910140633,0.0,0.0,1.0,0.0,0.0,1.0
10,160,7.4652819113852,7.9098072325579105,0.0,1.0,0.0,0.0,0.0,1.0
11,160,9.950491699408865,12.0,1.0,0.0,0.0,0.0,0.0,0.0
12,160,3.415111952457803,4.978295296306579,0.0,0.0,0.0,1.0,0.0,0.0
13,160,4.152362793074647,3.83357382410775,1.0,1.0,1.0,1.0,1.0,0.0
14,160,2.329484584550208,0.967738564285129,1.0,0.0,1.0,1.0,1.0,0.0
0,165,0.4615834479176816,0.0,1.0,1.0,0.0,0.0,0.0,0.0
1,165,11.816261584278756,1.5193714330841952,1.0,0.0,0.0,0.0,0.0,1.0
2,165,11.138700379543728,6.720704945623723,0.0,0.0,1.0,0.0,1.0,1.0
3,165,0.0,6.812216638019322,1.0,0.0,0.0,0.0,1.0,0.0
4,165,8.988870540738981,8.741682571991678,0.0,0.0,0.0,1.0,0.0,1.0
5,165,2.613111764662019,7.173967950868737,0.0,0.0,1.0,1.0,0.0,1.0
6,165,7.251325594391159,4.788438872522715,1.0,1.0,0.0,0.0,0.0,1.0
7,165,2.928722254773391,10.17975740122404,1.0,0.0,1.0,0.0,0.0,1.0
8,165,3.5893973306320994,0.0,0.0,1.0,0.0,1.0,0.0,1.0
9,165,10.740962895988488,3.47056062168191,0.0,0.0,1.0,0.0,0.0,1.0
10,165,7.344996322419483,7.98600845975217,0.0,1.0,0.0,0.0,0.0,1.0
11,165,9.923400930606205,12.0,1.0,0.0,0.0,0.0,0.0,0.0
12,165,3.4291902956649425,4.97779170254779,0.0,0.0,0.0,1.0,0.0,0.0
13,165,4.179791503978572,3.786127798275934,1.0,1.0,1.0,1.0,1.0,0.0
14,165,2.2205152597417888,1.1717754062337098,1.0,0.0,1.0,1.0,1.0,0.0
0,170,0.4868469810931526,0.0,1.0,1.0,0.0,0.0,0.0,0.0
1,170,11.90836102056717,1.5095609245368915,1.0,0.0,0.0,0.0,0.0,1.0
2,170,11.204794233509473,6.574912168448231,0.0,0.0,1.0,0.0,1.0,1.0
3,170,0.0,6.747612099977104,1.0,0.0,0.0,0.0,1.0,0.0
4,170,8.80025474456612,8.58612081552119,0.0,0.0,0.0,1.0,0.0,1.0
5,170,2.47568516003353,7.186116463887199,0.0,0.0,1.0,1.0,0.0,1.0
6,170,7.388950959166539,4.680074210224068,1.0,1.0,0.0,0.0,0.0,1.0
7,170,2.878202482628562,10.25895235950355,1.0,0.0,1.0,0.0,0.0,1.0
8,170,3.5779793446339445,0.0,0.0,1.0,0.0,1.0,0.0,1.0
9,170,10.732162797807872,3.456237327239357,0.0,0.0,1.0,0.0,0.0,1.0
10,170,7.220420902770466,8.06221311226415,0.0,1.0,0.0,0.0,0.0,1.0
11,170,9.895894876674063,12.0,1.0,0.0,0.0,0.0,0.0,0.0
12,170,3.425269794818681,4.977955717116707,0.0,0.0,0.0,1.0,0.0,0.0
13,170,4.198343342987674,3.754331881778203,1.0,1.0,1.0,1.0,1.0,0.0
14,170,2.1162457129674137,1.37105186530572,1.0,0.0,1.0,1.0,1.0,0.0
0,175,0.5100685173574143,0.0,1.0,1.0,0.0,0.0,0.0,0.0
1,175,12.0,1.4978100706547997,1.0,0.0,0.0,0.0,0.0,1.0
2,175,11.265202278645416,6.426759397702915,0.0,0.0,1.0,0.0,1.0,1.0
3,175,0.0,6.760788151454952,1.0,0.0,0.0,0.0,1.0,0.0
4,175,8.63004869994834,8.43916307331099,0.0,0.0,0.0,1.0,0.0,1.0
5,175,2.347533811437124,7.197209457176527,0.0,0.0,1.0,1.0,0.0,1.0
6,175,7.538754508351562,4.562499321782404,1.0,1.0,0.0,0.0,0.0,1.0
7,175,2.8364167357710053,10.324663854567298,1.0,0.0,1.0,0.0,0.0,1.0
8,175,3.584140265646436,0.0056395131597366,0.0,1.0,0.0,1.0,0.0,1.0
9,175,10.74479997085244,3.4779312648288547,0.0,0.0,1.0,0.0,0.0,1.0
10,175,7.101813486395041,8.13624153387337,0.0,1.0,0.0,0.0,0.0,1.0
11,175,9.866153991943197,12.0,1.0,0.0,0.0,0.0,0.0,0.0
12,175,3.3998528723747405,4.978823923999941,0.0,0.0,0.0,1.0,0.0,0.0
13,175,4.230710071020675,3.696749130583817,1.0,1.0,1.0,1.0,1.0,0.0
14,175,2.019280661999716,1.56585014376075,1.0,0.0,1.0,1.0,1.0,0.0
0,180,0.5387458487138186,0.0,1.0,1.0,0.0,0.0,0.0,0.0
1,180,12.0,1.4897536772273474,1.0,0.0,0.0,0.0,0.0,1.0
2,180,11.315514531087006,6.286158027660849,0.0,0.0,1.0,0.0,1.0,1.0
3,180,0.0,6.775474177975152,1.0,0.0,0.0,0.0,1.0,0.0
4,180,8.493996072849978,8.317191537749842,0.0,0.0,0.0,1.0,0.0,1.0
5,180,2.2228887285596013,7.209715521784078,0.0,0.0,1.0,1.0,0.0,1.0
6,180,7.6965613431057855,4.442594828475626,1.0,1.0,0.0,0.0,0.0,1.0
7,180,2.789855064732003,10.39991940156342,1.0,0.0,1.0,0.0,0.0,1.0
8,180,3.595973691429664,0.0164186512517838,0.0,1.0,0.0,1.0,0.0,1.0
9,180,10.753982443699146,3.4935141267341443,0.0,0.0,1.0,0.0,0.0,1.0
10,180,6.989504027173888,8.206006565557074,0.0,1.0,0.0,0.0,0.0,1.0
11,180,9.820348912768186,12.0,1.0,0.0,0.0,0.0,0.0,0.0
12,180,3.355145311969231,4.979672105898207,0.0,0.0,0.0,1.0,0.0,0.0
13,180,4.254055438730284,3.6543348048813673,1.0,1.0,1.0,1.0,1.0,0.0
14,180,1.9323488109983464,1.7502530665941811,1.0,0.0,1.0,1.0,1.0,0.0
0,185,0.5674885695640904,0.0,1.0,1.0,0.0,0.0,0.0,0.0
1,185,12.0,1.4841415687035442,1.0,0.0,0.0,0.0,0.0,1.0
2,185,11.37024399432994,6.137125991580852,0.0,0.0,1.0,0.0,1.0,1.0
3,185,0.0,6.791663839169435,1.0,0.0,0.0,0.0,1.0,0.0
4,185,8.337932826571667,8.176912145477433,0.0,0.0,0.0,1.0,0.0,1.0
5,185,2.098958257613605,7.220940710215413,0.0,0.0,1.0,1.0,0.0,1.0
6,185,7.864344439052371,4.315849938059155,1.0,1.0,0.0,0.0,0.0,1.0
7,185,2.757086534417922,10.453155955369937,1.0,0.0,1.0,0.0,0.0,1.0
8,185,3.620993780777572,0.0388966898410365,0.0,1.0,0.0,1.0,0.0,1.0
9,185,10.77125331117906,3.523028778439152,0.0,0.0,1.0,0.0,0.0,1.0
10,185,6.881608238548704,8.274775244799379,0.0,1.0,0.0,0.0,0.0,1.0
11,185,9.777076258556049,12.0,1.0,0.0,0.0,0.0,0.0,0.0
12,185,3.319442626862977,4.979782258575718,0.0,0.0,0.0,1.0,0.0,0.0
13,185,4.2758523738762895,3.61410736581302,1.0,1.0,1.0,1.0,1.0,0.0
14,185,1.837232929770614,1.9499912950419165,1.0,0.0,1.0,1.0,1.0,0.0
0,190,0.5937950266833834,0.0,1.0,1.0,0.0,0.0,0.0,0.0
1,190,12.0,1.472310647222362,1.0,0.0,0.0,0.0,0.0,1.0
2,190,11.421338783185286,6.001903053657386,0.0,0.0,1.0,0.0,1.0,1.0
3,190,0.0,6.806887849922942,1.0,0.0,0.0,0.0,1.0,0.0
4,190,8.175145144431717,8.031292857787994,0.0,0.0,0.0,1.0,0.0,1.0
5,190,1.954117325147051,7.235374419641021,0.0,0.0,1.0,1.0,0.0,1.0
6,190,8.022658584311818,4.19566421550904,1.0,1.0,0.0,0.0,0.0,1.0
7,190,2.7215083743869566,10.513828252178186,1.0,0.0,1.0,0.0,0.0,1.0
8,190,3.644896452006393,0.0614045179432667,0.0,1.0,0.0,1.0,0.0,1.0
9,190,10.784987038017936,3.545790542195243,0.0,0.0,1.0,0.0,0.0,1.0
10,190,6.81503089915421,8.320870887742768,0.0,1.0,0.0,0.0,0.0,1.0
11,190,9.729984422303652,12.0,1.0,0.0,0.0,0.0,0.0,0.0
12,190,3.2619720370051266,4.9798049662348784,0.0,0.0,0.0,1.0,0.0,0.0
13,190,4.299746935105378,3.5722432576021084,1.0,1.0,1.0,1.0,1.0,0.0
14,190,1.749265769331751,2.137117159788969,1.0,0.0,1.0,1.0,1.0,0.0
0,195,0.6263387505893477,0.0,1.0,1.0,0.0,0.0,0.0,0.0
1,195,12.0,1.4644183462538691,1.0,0.0,0.0,0.0,0.0,1.0
2,195,11.479505824177426,5.8417583818211485,0.0,0.0,1.0,0.0,1.0,1.0
3,195,0.0,6.819792147378304,1.0,0.0,0.0,0.0,1.0,0.0
4,195,8.01565714634851,7.885468392872404,0.0,0.0,0.0,1.0,0.0,1.0
5,195,1.804921515451448,7.250065517514213,0.0,0.0,1.0,1.0,0.0,1.0
6,195,8.17576089262659,4.075936562115543,1.0,1.0,0.0,0.0,0.0,1.0
7,195,2.677705962184,10.5840548329047,1.0,0.0,1.0,0.0,0.0,1.0
8,195,3.6616046872280217,0.0765630228495838,0.0,1.0,0.0,1.0,0.0,1.0
9,195,10.793599201739893,3.560563057081786,0.0,0.0,1.0,0.0,0.0,1.0
10,195,6.748917814303445,8.36716009674019,0.0,1.0,0.0,0.0,0.0,1.0
11,195,9.68952164291882,12.0,1.0,0.0,0.0,0.0,0.0,0.0
12,195,3.223959619141869,4.97785426777758,0.0,0.0,0.0,1.0,0.0,0.0
13,195,4.3365745327962975,3.505485680124748,1.0,1.0,1.0,1.0,1.0,0.0
14,195,1.6678390288781602,2.298995129239945,1.0,0.0,1.0,1.0,1.0,0.0
0,200,0.6544313873828127,0.0,1.0,1.0,0.0,0.0,0.0,0.0
1,200,11.993022507770227,1.408440833475726,1.0,0.0,0.0,0.0,0.0,1.0
2,200,11.541618216736184,5.685514512382132,0.0,0.0,1.0,0.0,1.0,1.0
3,200,0.0,6.831839472600737,1.0,0.0,0.0,0.0,1.0,0.0
4,200,7.853517235016666,7.736338118084191,0.0,0.0,0.0,1.0,0.0,1.0
5,200,1.6707714887317469,7.267898752097155,0.0,0.0,1.0,1.0,0.0,1.0
6,200,8.320843462343095,3.958484300557668,1.0,1.0,0.0,0.0,0.0,1.0
7,200,2.6518093592010024,10.625448413395716,1.0,0.0,1.0,0.0,0.0,1.0
8,200,3.672313305971813,0.085972828082377,0.0,1.0,0.0,1.0,0.0,1.0
9,200,10.793526989627376,3.560437454900208,0.0,0.0,1.0,0.0,0.0,1.0
10,200,6.685929807958815,8.411256463851553,0.0,1.0,0.0,0.0,0.0,1.0
11,200,9.64107213651952,12.0,1.0,0.0,0.0,0.0,0.0,0.0
12,200,3.164464282666525,4.975006457946816,0.0,0.0,0.0,1.0,0.0,0.0
13,200,4.377676566327788,3.4356468982171005,1.0,1.0,1.0,1.0,1.0,0.0
14,200,1.5924917654434947,2.452848490476337,1.0,0.0,1.0,1.0,1.0,0.0
0,205,0.6779489143121256,0.0,1.0,1.0,0.0,0.0,0.0,0.0
1,205,11.9821992500875,1.3364499784434123,1.0,0.0,0.0,0.0,0.0,1.0
2,205,11.60213071373847,5.526084690046447,0.0,0.0,1.0,0.0,1.0,1.0
3,205,0.0,6.843333496236764,1.0,0.0,0.0,0.0,1.0,0.0
4,205,7.711174361418663,7.595691031782277,0.0,0.0,0.0,1.0,0.0,1.0
5,205,1.5122806527808488,7.289524970780632,0.0,0.0,1.0,1.0,0.0,1.0
6,205,8.451291717746095,3.8429733182411816,1.0,1.0,0.0,0.0,0.0,1.0
7,205,2.635320283723072,10.651964429219245,1.0,0.0,1.0,0.0,0.0,1.0
8,205,3.681181015045661,0.0932715518904921,0.0,1.0,0.0,1.0,0.0,1.0
9,205,10.797498191486197,3.5675089839245997,0.0,0.0,1.0,0.0,0.0,1.0
10,205,6.629673991287048,8.45114001291166,0.0,1.0,0.0,0.0,0.0,1.0
11,205,9.608101693948138,12.0,1.0,0.0,0.0,0.0,0.0,0.0
12,205,3.1072112645495205,4.973441415600449,0.0,0.0,0.0,1.0,0.0,0.0
13,205,4.4312560401139525,3.34964213136918,1.0,1.0,1.0,1.0,1.0,0.0
14,205,1.524044802026749,2.5956107382435847,1.0,0.0,1.0,1.0,1.0,0.0
0,210,0.7047146646982907,0.0,1.0,1.0,0.0,0.0,0.0,0.0
1,210,11.96832769757193,1.2547051294025262,1.0,0.0,0.0,0.0,0.0,1.0
2,210,11.665775060184425,5.354075441691723,0.0,0.0,1.0,0.0,1.0,1.0
3,210,0.0,6.858464991740539,1.0,0.0,0.0,0.0,1.0,0.0
4,210,7.555758813634558,7.443638814478591,0.0,0.0,0.0,1.0,0.0,1.0
5,210,1.3387382372131873,7.31508729576911,0.0,0.0,1.0,1.0,0.0,1.0
6,210,8.55890918198392,3.75088507612819,1.0,1.0,0.0,0.0,0.0,1.0
7,210,2.617709712266477,10.681218838154066,1.0,0.0,1.0,0.0,0.0,1.0
8,210,3.690409690992411,0.1006321851974022,0.0,1.0,0.0,1.0,0.0,1.0
9,210,10.803733147805394,3.578265546387309,0.0,0.0,1.0,0.0,0.0,1.0
10,210,6.559332175012559,8.501270110179739,0.0,1.0,0.0,0.0,0.0,1.0
11,210,9.566560370495464,12.0,1.0,0.0,0.0,0.0,0.0,0.0
12,210,3.020156771376532,4.969482925965798,0.0,0.0,0.0,1.0,0.0,0.0
13,210,4.481330337695633,3.27211060259283,1.0,1.0,1.0,1.0,1.0,0.0
14,210,1.4529261350013989,2.731193460593178,1.0,0.0,1.0,1.0,1.0,0.0
0,215,0.7344548962537014,0.0,1.0,1.0,0.0,0.0,0.0,0.0
1,215,11.954247153304962,1.1760859228105174,1.0,0.0,0.0,0.0,0.0,1.0
2,215,11.724467679859757,5.186712713449317,0.0,0.0,1.0,0.0,1.0,1.0
3,215,0.0,6.876177461963652,1.0,0.0,0.0,0.0,1.0,0.0
4,215,7.4100074014547985,7.298402789242909,0.0,0.0,0.0,1.0,0.0,1.0
5,215,1.1472310652417017,7.342652539975721,0.0,0.0,1.0,1.0,0.0,1.0
6,215,8.663201433818054,3.660160375607422,1.0,1.0,0.0,0.0,0.0,1.0
7,215,2.597955081653692,10.712655428943972,1.0,0.0,1.0,0.0,0.0,1.0
8,215,3.687379775609392,0.0982445185668567,0.0,1.0,0.0,1.0,0.0,1.0
9,215,10.806046176444276,3.582055313840715,0.0,0.0,1.0,0.0,0.0,1.0
10,215,6.500540127222361,8.543179591767439,0.0,1.0,0.0,0.0,0.0,1.0
11,215,9.531629371748462,12.0,1.0,0.0,0.0,0.0,0.0,0.0
12,215,2.9270695553596173,4.96731257060706,0.0,0.0,0.0,1.0,0.0,0.0
13,215,4.536937131082539,3.184235465043455,1.0,1.0,1.0,1.0,1.0,0.0
14,215,1.3829768814243129,2.857904618439618,1.0,0.0,1.0,1.0,1.0,0.0
0,220,0.763872336778685,0.0,1.0,1.0,0.0,0.0,0.0,0.0
1,220,11.944212139755782,1.1169763103123214,1.0,0.0,0.0,0.0,0.0,1.0
2,220,11.781730001886675,5.026972805613241,0.0,0.0,1.0,0.0,1.0,1.0
3,220,0.0,6.89319169161408,1.0,0.0,0.0,0.0,1.0,0.0
4,220,7.2732237531722355,7.153325013731264,0.0,0.0,0.0,1.0,0.0,1.0
5,220,0.9610475034205788,7.369299154231181,0.0,0.0,1.0,1.0,0.0,1.0
6,220,8.761322113773598,3.5677906685826497,1.0,1.0,0.0,0.0,0.0,1.0
7,220,2.5766911447070955,10.74493115089582,1.0,0.0,1.0,0.0,0.0,1.0
8,220,3.6820826619201714,0.094112477648068,0.0,1.0,0.0,1.0,0.0,1.0
9,220,10.814179074962306,3.595717058659333,0.0,0.0,1.0,0.0,0.0,1.0
10,220,6.447088762132527,8.581521385041897,0.0,1.0,0.0,0.0,0.0,1.0
11,220,9.48773875848954,12.0,1.0,0.0,0.0,0.0,0.0,0.0
12,220,2.8302755331741203,4.962964218430585,0.0,0.0,0.0,1.0,0.0,0.0
13,220,4.593506025990099,3.098073757801458,1.0,1.0,1.0,1.0,1.0,0.0
14,220,1.3082724564558152,2.987365319147705,1.0,0.0,1.0,1.0,1.0,0.0
0,225,0.7900782123149849,0.0,1.0,1.0,0.0,0.0,0.0,0.0
1,225,11.936759110198985,1.0630642132376762,1.0,0.0,0.0,0.0,0.0,1.0
2,225,11.850174476626728,4.834479982972656,0.0,0.0,1.0,0.0,1.0,1.0
3,225,0.0,6.911174236895554,1.0,0.0,0.0,0.0,1.0,0.0
4,225,7.149537480142658,7.019190932076806,0.0,0.0,0.0,1.0,0.0,1.0
5,225,0.7769773356056382,7.3967772991810525,0.0,0.0,1.0,1.0,0.0,1.0
6,225,8.848015803143172,3.4857331565259924,1.0,1.0,0.0,0.0,0.0,1.0
7,225,2.548255809041465,10.785294253999702,1.0,0.0,1.0,0.0,0.0,1.0
8,225,3.6794168689883366,0.0919406175492044,0.0,1.0,0.0,1.0,0.0,1.0
9,225,10.826044405818868,3.616422144600566,0.0,0.0,1.0,0.0,0.0,1.0
10,225,6.385074566901007,8.62839091369067,0.0,1.0,0.0,0.0,0.0,1.0
11,225,9.43512195591972,12.0,1.0,0.0,0.0,0.0,0.0,0.0
12,225,2.7426269059013824,4.959777627310601,0.0,0.0,0.0,1.0,0.0,0.0
13,225,4.655813644913037,2.9995674804751387,1.0,1.0,1.0,1.0,1.0,0.0
14,225,1.2297607798409926,3.119819884886492,1.0,0.0,1.0,1.0,1.0,0.0
0,230,0.8253498213312491,0.0,1.0,1.0,0.0,0.0,0.0,0.0
1,230,11.930129459571512,1.0184323820756578,1.0,0.0,0.0,0.0,0.0,1.0
2,230,11.936868158561072,4.611331090373631,0.0,0.0,1.0,0.0,1.0,1.0
3,230,0.0,6.929410329424038,1.0,0.0,0.0,0.0,1.0,0.0
4,230,7.036542389514262,6.888259350509551,0.0,0.0,0.0,1.0,0.0,1.0
5,230,0.5920787844151617,7.427074020518126,0.0,0.0,1.0,1.0,0.0,1.0
6,230,8.945855729355259,3.395416973139852,1.0,1.0,0.0,0.0,0.0,1.0
7,230,2.5291032263210345,10.812721180253408,1.0,0.0,1.0,0.0,0.0,1.0
8,230,3.690222735306564,0.101106517192682,0.0,1.0,0.0,1.0,0.0,1.0
9,230,10.837567747870327,3.637251735859451,0.0,0.0,1.0,0.0,0.0,1.0
10,230,6.322541306492756,8.677156809583769,0.0,1.0,0.0,0.0,0.0,1.0
11,230,9.37022915370284,12.0,1.0,0.0,0.0,0.0,0.0,0.0
12,230,2.6636647769968373,4.956365786377278,0.0,0.0,0.0,1.0,0.0,0.0
13,230,4.726435720992848,2.8861329672283187,1.0,1.0,1.0,1.0,1.0,0.0
14,230,1.1580979035861891,3.234857080531635,1.0,0.0,1.0,1.0,1.0,0.0
0,235,0.858389307429126,0.0,1.0,1.0,0.0,0.0,0.0,0.0
1,235,11.92205655094489,0.9628403118228108,1.0,0.0,0.0,0.0,0.0,1.0
2,235,12.0,4.385740589689827,0.0,0.0,1.0,0.0,1.0,1.0
3,235,0.0,6.943526621419164,1.0,0.0,0.0,0.0,1.0,0.0
4,235,6.926440346645653,6.756132207114703,0.0,0.0,0.0,1.0,0.0,1.0
5,235,0.3973490611641187,7.455628607310691,0.0,0.0,1.0,1.0,0.0,1.0
6,235,9.04638467210927,3.303155763977154,1.0,1.0,0.0,0.0,0.0,1.0
7,235,2.510044271625285,10.839249532975373,1.0,0.0,1.0,0.0,0.0,1.0
8,235,3.680361842899979,0.0931713798335286,0.0,1.0,0.0,1.0,0.0,1.0
9,235,10.841394234780514,3.644723818918344,0.0,0.0,1.0,0.0,0.0,1.0
10,235,6.247840579386709,8.73537392277522,0.0,1.0,0.0,0.0,0.0,1.0
11,235,9.318901933474573,12.0,1.0,0.0,0.0,0.0,0.0,0.0
12,235,2.5595934922609325,4.953088816269045,0.0,0.0,0.0,1.0,0.0,0.0
13,235,4.787333248867466,2.785806958407131,1.0,1.0,1.0,1.0,1.0,0.0
14,235,1.0944268865310989,3.3385736576249845,1.0,0.0,1.0,1.0,1.0,0.0
0,240,0.8909259820723738,0.0,1.0,1.0,0.0,0.0,0.0,0.0
1,240,11.911637243829334,0.9001166599411783,1.0,0.0,0.0,0.0,0.0,1.0
2,240,12.0,4.166479697150501,0.0,0.0,1.0,0.0,1.0,1.0
3,240,0.0,6.953163358188133,1.0,0.0,0.0,0.0,1.0,0.0
4,240,6.815912483991809,6.619373629895445,0.0,0.0,0.0,1.0,0.0,1.0
5,240,0.2078685163138198,7.486358678189703,0.0,0.0,1.0,1.0,0.0,1.0
6,240,9.155440954183216,3.205189500867027,1.0,1.0,0.0,0.0,0.0,1.0
7,240,2.478819491501188,10.880192383917814,1.0,0.0,1.0,0.0,0.0,1.0
8,240,3.676494945988182,0.0900085786726356,0.0,1.0,0.0,1.0,0.0,1.0
9,240,10.842968503699227,3.6478150326276255,0.0,0.0,1.0,0.0,0.0,1.0
10,240,6.1666884821719385,8.79748727453224,0.0,1.0,0.0,0.0,0.0,1.0
11,240,9.263699489245791,12.0,1.0,0.0,0.0,0.0,0.0,0.0
12,240,2.48371533612118,4.948776027953261,0.0,0.0,0.0,1.0,0.0,0.0
13,240,4.848216534292303,2.685365259210485,1.0,1.0,1.0,1.0,1.0,0.0
14,240,1.0319923575486676,3.4377695458857715,1.0,0.0,1.0,1.0,1.0,0.0
0,245,0.9264021314612516,0.0,1.0,1.0,0.0,0.0,0.0,0.0
1,245,11.902003328737123,0.8387157527329853,1.0,0.0,0.0,0.0,0.0,1.0
2,245,12.0,3.943742185900391,0.0,0.0,1.0,0.0,1.0,1.0
3,245,0.0,6.960565840879479,1.0,0.0,0.0,0.0,1.0,0.0
4,245,6.705617555036646,6.483719809813684,0.0,0.0,0.0,1.0,0.0,1.0
5,245,0.0,7.515562436171537,0.0,0.0,1.0,1.0,0.0,1.0
6,245,9.26430362954278,3.108633072107477,1.0,1.0,0.0,0.0,0.0,1.0
7,245,2.4412034120030315,10.926807264143989,1.0,0.0,1.0,0.0,0.0,1.0
8,245,3.6609345092593903,0.0774925585212792,0.0,1.0,0.0,1.0,0.0,1.0
9,245,10.838339338451831,3.6389509920533794,0.0,0.0,1.0,0.0,0.0,1.0
10,245,6.086967798761157,8.86109511971267,0.0,1.0,0.0,0.0,0.0,1.0
11,245,9.218389053002335,12.0,1.0,0.0,0.0,0.0,0.0,0.0
12,245,2.4096088600697483,4.945563107037399,0.0,0.0,0.0,1.0,0.0,0.0
13,245,4.907014063128195,2.588243450505102,1.0,1.0,1.0,1.0,1.0,0.0
14,245,0.9638566155977244,3.5396490587094687,1.0,0.0,1.0,1.0,1.0,0.0
0,250,0.9659352907096732,0.0,1.0,1.0,0.0,0.0,0.0,0.0
1,250,11.897332730260096,0.8081474390589236,1.0,0.0,0.0,0.0,0.0,1.0
2,250,12.0,3.7232624906542537,0.0,0.0,1.0,0.0,1.0,1.0
3,250,0.0,6.966132864020728,1.0,0.0,0.0,0.0,1.0,0.0
4,250,6.591719162275568,6.349673858654501,0.0,0.0,0.0,1.0,0.0,1.0
5,250,0.0,7.541401648320522,0.0,0.0,1.0,1.0,0.0,1.0
6,250,9.364448997825289,3.023161681621493,1.0,1.0,0.0,0.0,0.0,1.0
7,250,2.405193741387877,10.972192104670173,1.0,0.0,1.0,0.0,0.0,1.0
8,250,3.644365239592628,0.0636742645010742,0.0,1.0,0.0,1.0,0.0,1.0
9,250,10.834853934895468,3.6325525746309406,0.0,0.0,1.0,0.0,0.0,1.0
10,250,6.00373337465386,8.928370705293073,0.0,1.0,0.0,0.0,0.0,1.0
11,250,9.18080710185581,12.0,1.0,0.0,0.0,0.0,0.0,0.0
12,250,2.356899647360699,4.941409164714731,0.0,0.0,0.0,1.0,0.0,0.0
13,250,4.960390821435062,2.5026616969086684,1.0,1.0,1.0,1.0,1.0,0.0
14,250,0.8966891676257323,3.634556326234165,1.0,0.0,1.0,1.0,1.0,0.0
0,255,1.0091564408524965,0.0,1.0,1.0,0.0,0.0,0.0,0.0
1,255,11.89363056354797,0.7837708729505848,1.0,0.0,0.0,0.0,0.0,1.0
2,255,12.0,3.4972445443357967,0.0,0.0,1.0,0.0,1.0,1.0
3,255,0.0,6.969123070235976,1.0,0.0,0.0,0.0,1.0,0.0
4,255,6.485709361394648,6.2206495701348175,0.0,0.0,0.0,1.0,0.0,1.0
5,255,0.0,7.567777839496757,0.0,0.0,1.0,1.0,0.0,1.0
6,255,9.477481135709144,2.9215465982162634,1.0,1.0,0.0,0.0,0.0,1.0
7,255,2.386229964485156,10.9973452612726,1.0,0.0,1.0,0.0,0.0,1.0
8,255,3.63748421816787,0.0580377379313386,0.0,1.0,0.0,1.0,0.0,1.0
9,255,10.833662968679976,3.630273867626969,0.0,0.0,1.0,0.0,0.0,1.0
10,255,5.91609969518705,8.995221460195987,0.0,1.0,0.0,0.0,0.0,1.0
11,255,9.135040440500882,12.0,1.0,0.0,0.0,0.0,0.0,0.0
12,255,2.302155825062491,4.937409860081363,0.0,0.0,0.0,1.0,0.0,0.0
13,255,5.026581490893035,2.400674488736055,1.0,1.0,1.0,1.0,1.0,0.0
14,255,0.8144710854891444,3.573147397758107,1.0,0.0,1.0,1.0,1.0,0.0
0,260,1.053952001116064,0.0,1.0,1.0,0.0,0.0,0.0,0.0
1,260,11.88382403692561,0.7282952147064602,1.0,0.0,0.0,0.0,0.0,1.0
2,260,12.0,3.273968829618757,0.0,0.0,1.0,0.0,1.0,1.0
3,260,0.0,6.971895814280263,1.0,0.0,0.0,0.0,1.0,0.0
4,260,6.387236777924023,6.098333841754446,0.0,0.0,0.0,1.0,0.0,1.0
5,260,0.0,7.595500856063189,0.0,0.0,1.0,1.0,0.0,1.0
6,260,9.60768088338981,2.8071965830572267,1.0,1.0,0.0,0.0,0.0,1.0
7,260,2.3647505019460247,11.025489101602943,1.0,0.0,1.0,0.0,0.0,1.0
8,260,3.6169231195778857,0.0403140751051468,0.0,1.0,0.0,1.0,0.0,1.0
9,260,10.83058396703917,3.6244768783656616,0.0,0.0,1.0,0.0,0.0,1.0
10,260,5.812055088805982,9.074213186945768,0.0,1.0,0.0,0.0,0.0,1.0
11,260,9.091115785801152,12.0,1.0,0.0,0.0,0.0,0.0,0.0
12,260,2.250234833256368,4.934431326341953,0.0,0.0,0.0,1.0,0.0,0.0
13,260,5.091895051113422,2.29955683717244,1.0,1.0,1.0,1.0,1.0,0.0
14,260,0.7401249396011643,3.516345417962767,1.0,0.0,1.0,1.0,1.0,0.0
0,265,1.0963773023852503,0.0,1.0,1.0,0.0,0.0,0.0,0.0
1,265,11.874911994535111,0.6718801030903926,1.0,0.0,0.0,0.0,0.0,1.0
2,265,12.0,3.021383190529637,0.0,0.0,1.0,0.0,1.0,1.0
3,265,0.0,6.97265572192546,1.0,0.0,0.0,0.0,1.0,0.0
4,265,6.308242258590985,5.996484375973879,0.0,0.0,0.0,1.0,0.0,1.0
5,265,0.0,7.624047322355252,0.0,0.0,1.0,1.0,0.0,1.0
6,265,9.736258309552024,2.695763405138615,1.0,1.0,0.0,0.0,0.0,1.0
7,265,2.3432296633819742,11.052772324914471,1.0,0.0,1.0,0.0,0.0,1.0
8,265,3.5994405225915256,0.0247497257739927,0.0,1.0,0.0,1.0,0.0,1.0
9,265,10.821623943640564,3.607612423577396,0.0,0.0,1.0,0.0,0.0,1.0
10,265,5.709498351616361,9.153020831014569,0.0,1.0,0.0,0.0,0.0,1.0
11,265,9.050953439813114,12.0,1.0,0.0,0.0,0.0,0.0,0.0
12,265,2.165881095893726,4.931313388500157,0.0,0.0,0.0,1.0,0.0,0.0
13,265,5.1543953811361085,2.202607547105184,1.0,1.0,1.0,1.0,1.0,0.0
14,265,0.666979111762587,3.457623904765668,1.0,0.0,1.0,1.0,1.0,0.0
0,270,1.1347272222877722,0.0,1.0,1.0,0.0,0.0,0.0,0.0
1,270,11.86730192272135,0.6228165761177047,1.0,0.0,0.0,0.0,0.0,1.0
2,270,12.0,2.7669561524982216,0.0,0.0,1.0,0.0,1.0,1.0
3,270,0.0039338509933512,6.972473643509935,1.0,0.0,0.0,0.0,1.0,0.0
4,270,6.213091958043285,5.881286338841208,0.0,0.0,0.0,1.0,0.0,1.0
5,270,0.0,7.650764884126325,0.0,0.0,1.0,1.0,0.0,1.0
6,270,9.874035850166914,2.5812142977380863,1.0,1.0,0.0,0.0,0.0,1.0
7,270,2.3169237786421597,11.0853574887725,1.0,0.0,1.0,0.0,0.0,1.0
8,270,3.587188642045676,0.0133429706479178,0.0,1.0,0.0,1.0,0.0,1.0
9,270,10.826594287982712,3.616782777914476,0.0,0.0,1.0,0.0,0.0,1.0
10,270,5.599642268670587,9.23599655225935,0.0,1.0,0.0,0.0,0.0,1.0
11,270,8.99868932390316,12.0,1.0,0.0,0.0,0.0,0.0,0.0
12,270,2.12106937716978,4.928385113091637,0.0,0.0,0.0,1.0,0.0,0.0
13,270,5.212413955015406,2.105472468048623,1.0,1.0,1.0,1.0,1.0,0.0
14,270,0.5993488985121316,3.40478033586482,1.0,0.0,1.0,1.0,1.0,0.0
0,275,1.1761309367807102,0.0,1.0,1.0,0.0,0.0,0.0,0.0
1,275,11.854245818921004,0.5417926592933775,1.0,0.0,0.0,0.0,0.0,1.0
2,275,12.0,2.5207659126453947,0.0,0.0,1.0,0.0,1.0,1.0
3,275,0.0152507881022946,6.971943048504008,1.0,0.0,0.0,0.0,1.0,0.0
4,275,6.11264236102567,5.764181052081641,0.0,0.0,0.0,1.0,0.0,1.0
5,275,0.0,7.673854983168767,0.0,0.0,1.0,1.0,0.0,1.0
6,275,10.009380502624571,2.4643591269328944,1.0,1.0,0.0,0.0,0.0,1.0
7,275,2.2835639928072355,11.127557400569945,1.0,0.0,1.0,0.0,0.0,1.0
8,275,3.571852479173398,0.0,0.0,1.0,0.0,1.0,0.0,1.0
9,275,10.82668678831867,3.6169432655016793,0.0,0.0,1.0,0.0,0.0,1.0
10,275,5.4964169691151845,9.312882675911192,0.0,1.0,0.0,0.0,0.0,1.0
11,275,8.93845421289904,12.0,1.0,0.0,0.0,0.0,0.0,0.0
12,275,2.0564840572791456,4.923401986372348,0.0,0.0,0.0,1.0,0.0,0.0
13,275,5.273788629945153,2.002377139377749,1.0,1.0,1.0,1.0,1.0,0.0
14,275,0.5413736686811123,3.3600807286202987,1.0,0.0,1.0,1.0,1.0,0.0
0,280,1.2229787626349915,0.0,1.0,1.0,0.0,0.0,0.0,0.0
1,280,11.83937298453964,0.4557663910369821,1.0,0.0,0.0,0.0,0.0,1.0
2,280,12.0,2.279896785154404,0.0,0.0,1.0,0.0,1.0,1.0
3,280,0.0138718150840453,6.971993838438984,1.0,0.0,0.0,0.0,1.0,0.0
4,280,6.018065913078693,5.658859693558807,0.0,0.0,0.0,1.0,0.0,1.0
5,280,0.0,7.699577505595488,0.0,0.0,1.0,1.0,0.0,1.0
6,280,10.126026891844909,2.359326953039827,1.0,1.0,0.0,0.0,0.0,1.0
7,280,2.2527507747322093,11.16679738713017,1.0,0.0,1.0,0.0,0.0,1.0
8,280,3.5770540878915686,0.0,0.0,1.0,0.0,1.0,0.0,1.0
9,280,10.82347580229363,3.61136818990603,0.0,0.0,1.0,0.0,0.0,1.0
10,280,5.401944927735364,9.38588518954016,0.0,1.0,0.0,0.0,0.0,1.0
11,280,8.881003865302388,12.0,1.0,0.0,0.0,0.0,0.0,0.0
12,280,1.979251697482663,4.919031016333317,0.0,0.0,0.0,1.0,0.0,0.0
13,280,5.333328670473108,1.9083852102654455,1.0,1.0,1.0,1.0,1.0,0.0
14,280,0.5044366618493886,3.3327146065396605,1.0,0.0,1.0,1.0,1.0,0.0
0,285,1.2695066879951145,0.0,1.0,1.0,0.0,0.0,0.0,0.0
1,285,11.822798629777632,0.370218281305558,1.0,0.0,0.0,0.0,0.0,1.0
2,285,12.0,2.0431849078742856,0.0,0.0,1.0,0.0,1.0,1.0
3,285,0.0258093011338376,6.971729123121164,1.0,0.0,0.0,0.0,1.0,0.0
4,285,5.919415993821562,5.548808130652738,0.0,0.0,0.0,1.0,0.0,1.0
5,285,0.0,7.720003374580422,0.0,0.0,1.0,1.0,0.0,1.0
6,285,10.246842285894523,2.250630220537139,1.0,1.0,0.0,0.0,0.0,1.0
7,285,2.215884068776485,11.216432112233642,1.0,0.0,1.0,0.0,0.0,1.0
8,285,3.577898090397794,0.0,0.0,1.0,0.0,1.0,0.0,1.0
9,285,10.823728844551756,3.61181004351778,0.0,0.0,1.0,0.0,0.0,1.0
10,285,5.305081654284819,9.461024327482017,0.0,1.0,0.0,0.0,0.0,1.0
11,285,8.81995530377758,12.0,1.0,0.0,0.0,0.0,0.0,0.0
12,285,1.878885733200344,4.912920295347396,0.0,0.0,0.0,1.0,0.0,0.0
13,285,5.390042002927278,1.8201845003086028,1.0,1.0,1.0,1.0,1.0,0.0
14,285,0.4757132244264557,3.3111911961235228,1.0,0.0,1.0,1.0,1.0,0.0
0,290,1.3210310363802922,0.0,1.0,1.0,0.0,0.0,0.0,0.0
1,290,11.805825836267104,0.2740535364862007,1.0,0.0,0.0,0.0,0.0,1.0
2,290,12.0,1.8201700817536488,0.0,0.0,1.0,0.0,1.0,1.0
3,290,0.034481955715254,6.971571323901698,1.0,0.0,0.0,0.0,1.0,0.0
4,290,5.833871919122843,5.459494440460191,0.0,0.0,0.0,1.0,0.0,1.0
5,290,0.0,7.741567887242444,0.0,0.0,1.0,1.0,0.0,1.0
6,290,10.349475105869615,2.153320059436717,1.0,1.0,0.0,0.0,0.0,1.0
7,290,2.1949240822749294,11.24363170898656,1.0,0.0,1.0,0.0,0.0,1.0
8,290,3.574808387017677,0.0030508036219449,0.0,1.0,0.0,1.0,0.0,1.0
9,290,10.823004504942322,3.610599360909933,0.0,0.0,1.0,0.0,0.0,1.0
10,290,5.209083404082259,9.534738555144036,0.0,1.0,0.0,0.0,0.0,1.0
11,290,8.742514427411948,12.0,1.0,0.0,0.0,0.0,0.0,0.0
12,290,1.7788128494524929,4.90301324237753,0.0,0.0,0.0,1.0,0.0,0.0
13,290,5.45309190276409,1.7171706981122272,1.0,1.0,1.0,1.0,1.0,0.0
14,290,0.4242619312195628,3.2742339296780134,1.0,0.0,1.0,1.0,1.0,0.0
0,295,1.3865822332854405,0.0,1.0,1.0,0.0,0.0,0.0,0.0
1,295,11.784685476175952,0.1619595703431489,1.0,0.0,0.0,0.0,0.0,1.0
2,295,12.0,1.617565492520913,0.0,0.0,1.0,0.0,1.0,1.0
3,295,0.0593195288013301,6.971416567928605,1.0,0.0,0.0,0.0,1.0,0.0
4,295,5.761005164486603,5.384541890986257,0.0,0.0,0.0,1.0,0.0,1.0
5,295,0.0,7.763639211497002,0.0,0.0,1.0,1.0,0.0,1.0
6,295,10.462937810014155,2.048995225254904,1.0,1.0,0.0,0.0,0.0,1.0
7,295,2.176051119421803,11.268312089682407,1.0,0.0,1.0,0.0,0.0,1.0
8,295,3.584371928122964,0.0,0.0,1.0,0.0,1.0,0.0,1.0
9,295,10.820123372736836,3.6058074872974246,0.0,0.0,1.0,0.0,0.0,1.0
10,295,5.087282736456558,9.618488308571669,0.0,1.0,0.0,0.0,0.0,1.0
11,295,8.65285561584665,12.0,1.0,0.0,0.0,0.0,0.0,0.0
12,295,1.6862377030414526,4.89152815287044,0.0,0.0,0.0,1.0,0.0,0.0
13,295,5.512668136126163,1.6119057505863694,1.0,1.0,1.0,1.0,1.0,0.0
14,295,0.3788579573598407,3.24095601452204,1.0,0.0,1.0,1.0,1.0,0.0
