0,0,9.074287929228062,5.996602390208252,0.0,0.0,0.0,0.0,1.0,0.0
1,0,8.021781048430888,0.0,0.0,1.0,1.0,1.0,0.0,0.0
2,0,8.047324038580104,6.964787794379855,0.0,0.0,0.0,0.0,0.0,1.0
3,0,0.0,10.057080777581568,1.0,1.0,0.0,1.0,1.0,1.0
4,0,8.977163610140552,8.933959593534437,0.0,0.0,0.0,0.0,0.0,1.0
5,0,11.02728601703452,9.073533615862615,1.0,1.0,0.0,0.0,0.0,0.0
6,0,9.012207523247737,7.047436465914692,0.0,1.0,0.0,0.0,1.0,1.0
7,0,9.971764694923095,1.9618074059193604,0.0,0.0,1.0,0.0,0.0,1.0
8,0,6.952675726339182,9.948284549059288,0.0,0.0,0.0,0.0,1.0,0.0
9,0,7.050656976287601,3.033052571208483,0.0,1.0,1.0,0.0,1.0,1.0
10,0,5.050824721775728,10.954870402565575,0.0,0.0,1.0,0.0,1.0,0.0
11,0,11.04230869085347,4.986231191741752,1.0,1.0,0.0,0.0,1.0,1.0
12,0,1.9837213170174883,0.9533962949586822,1.0,0.0,0.0,0.0,1.0,1.0
13,0,11.97911919326886,10.039513880225789,0.0,0.0,0.0,1.0,0.0,0.0
14,0,9.037529504675549,6.020383923707039,1.0,1.0,1.0,1.0,0.0,0.0
0,5,9.136719273283449,5.993883691936788,0.0,0.0,0.0,0.0,1.0,0.0
1,5,8.064021971152346,0.0,0.0,1.0,1.0,1.0,0.0,0.0
2,5,8.089596425304046,6.933185206109961,0.0,0.0,0.0,0.0,0.0,1.0
3,5,0.0,10.103363421848655,1.0,1.0,0.0,1.0,1.0,1.0
4,5,8.956513638246397,8.878027773876655,0.0,0.0,0.0,0.0,0.0,1.0
5,5,11.052640067807122,9.142720635301252,1.0,1.0,0.0,0.0,0.0,0.0
6,5,9.021271613985816,7.080185847899418,0.0,1.0,0.0,0.0,1.0,1.0
7,5,9.951524811807904,1.9356178066546268,0.0,0.0,1.0,0.0,0.0,1.0
8,5,6.920828579763988,9.911904251025808,0.0,0.0,0.0,0.0,1.0,0.0
9,5,7.090633566994758,3.060373877524495,0.0,1.0,1.0,0.0,1.0,1.0
10,5,5.098621548850113,10.90935132686528,0.0,0.0,1.0,0.0,1.0,0.0
11,5,11.077587334172884,4.975017014076124,1.0,1.0,0.0,0.0,1.0,1.0
12,5,1.9615418457044005,0.8905631846606319,1.0,0.0,0.0,0.0,1.0,1.0
13,5,11.940591927406633,10.111434485784724,0.0,0.0,0.0,1.0,0.0,0.0
14,5,9.07641732944995,6.041985513076067,1.0,1.0,1.0,1.0,0.0,0.0
0,10,9.188513967455105,5.991693238602113,0.0,0.0,0.0,0.0,1.0,0.0
1,10,8.120466332950727,0.0,0.0,1.0,1.0,1.0,0.0,0.0
2,10,8.120391174507134,6.911294296631351,0.0,0.0,0.0,0.0,0.0,1.0
3,10,0.0,10.169063492795424,1.0,1.0,0.0,1.0,1.0,1.0
4,10,8.937287222147758,8.82428273981146,0.0,0.0,0.0,0.0,0.0,1.0
5,10,11.08505915164634,9.231630183205509,1.0,1.0,0.0,0.0,0.0,0.0
6,10,9.033644260524348,7.123438377809871,0.0,1.0,0.0,0.0,1.0,1.0
7,10,9.927339684753465,1.9060122494954963,0.0,0.0,1.0,0.0,0.0,1.0
8,10,6.882344953864986,9.868920548671651,0.0,0.0,0.0,0.0,1.0,0.0
9,10,7.12410710627807,3.0831608106527293,0.0,1.0,1.0,0.0,1.0,1.0
10,10,5.144343220561187,10.864600233538766,0.0,0.0,1.0,0.0,1.0,0.0
11,10,11.122809357858507,4.961680811955494,1.0,1.0,0.0,0.0,1.0,1.0
12,10,1.9451604389449064,0.843625155750826,1.0,0.0,0.0,0.0,1.0,1.0
13,10,11.909441676791966,10.167019154376735,0.0,0.0,0.0,1.0,0.0,0.0
14,10,9.117148139959385,6.064869633183198,1.0,1.0,1.0,1.0,0.0,0.0
0,15,9.263148370518634,5.988891216340041,0.0,0.0,0.0,0.0,1.0,0.0
1,15,8.174571278932694,0.0,0.0,1.0,1.0,1.0,0.0,0.0
2,15,8.131973698665506,6.902172477652296,0.0,0.0,0.0,0.0,0.0,1.0
3,15,0.0,10.25095540601936,1.0,1.0,0.0,1.0,1.0,1.0
4,15,8.921399500451578,8.782669293097586,0.0,0.0,0.0,0.0,0.0,1.0
5,15,11.118782407446302,9.323494824021694,1.0,1.0,0.0,0.0,0.0,0.0
6,15,9.046528873182217,7.163858094614449,0.0,1.0,0.0,0.0,1.0,1.0
7,15,9.908743530105165,1.883144060935966,0.0,0.0,1.0,0.0,0.0,1.0
8,15,6.8536293958844245,9.83739064276372,0.0,0.0,0.0,0.0,1.0,0.0
9,15,7.16381963890302,3.1085246997615745,0.0,1.0,1.0,0.0,1.0,1.0
10,15,5.174030688236182,10.836166811083398,0.0,0.0,1.0,0.0,1.0,0.0
11,15,11.171564751547496,4.94645078676669,1.0,1.0,0.0,0.0,1.0,1.0
12,15,1.9311802726062772,0.7998182120143045,1.0,0.0,0.0,0.0,1.0,1.0
13,15,11.893599236010436,10.194685601613012,0.0,0.0,0.0,1.0,0.0,0.0
14,15,9.159117411236476,6.087952401838133,1.0,1.0,1.0,1.0,0.0,0.0
0,20,9.342386181982937,5.986493455356661,0.0,0.0,0.0,0.0,1.0,0.0
1,20,8.23711753388468,0.0,0.0,1.0,1.0,1.0,0.0,0.0
2,20,8.139018526919077,6.896808405766427,0.0,0.0,0.0,0.0,0.0,1.0
3,20,0.0,10.333598580583711,1.0,1.0,0.0,1.0,1.0,1.0
4,20,8.904389159934517,8.741500651788389,0.0,0.0,0.0,0.0,0.0,1.0
5,20,11.144657516041647,9.392587863180568,1.0,1.0,0.0,0.0,0.0,0.0
6,20,9.065584712797136,7.226242879662456,0.0,1.0,0.0,0.0,1.0,1.0
7,20,9.895967920424509,1.867232211038076,0.0,0.0,1.0,0.0,0.0,1.0
8,20,6.846718657069108,9.829423657328656,0.0,0.0,0.0,0.0,1.0,0.0
9,20,7.206941224927534,3.136423259221908,0.0,1.0,1.0,0.0,1.0,1.0
10,20,5.208329452777124,10.804403052095646,0.0,0.0,1.0,0.0,1.0,0.0
11,20,11.212909598876164,4.9325775720365135,1.0,1.0,0.0,0.0,1.0,1.0
12,20,1.9157381406066345,0.747858181990863,1.0,0.0,0.0,0.0,1.0,1.0
13,20,11.889328357265184,10.202380034189815,0.0,0.0,0.0,1.0,0.0,0.0
14,20,9.194802568871737,6.107813818278678,1.0,1.0,1.0,1.0,0.0,0.0
0,25,9.440444878275605,5.984424299222495,0.0,0.0,0.0,0.0,1.0,0.0
1,25,8.294077474781647,0.0,0.0,1.0,1.0,1.0,0.0,0.0
2,25,8.137825202923066,6.897709510070044,0.0,0.0,0.0,0.0,0.0,1.0
3,25,0.0,10.39871034891988,1.0,1.0,0.0,1.0,1.0,1.0
4,25,8.890329101208891,8.706679897412213,0.0,0.0,0.0,0.0,0.0,1.0
5,25,11.168983103335137,9.461112716976109,1.0,1.0,0.0,0.0,0.0,0.0
6,25,9.084045310552169,7.286641819676062,0.0,1.0,0.0,0.0,1.0,1.0
7,25,9.872274444744416,1.836596200633395,0.0,0.0,1.0,0.0,0.0,1.0
8,25,6.863541857025399,9.848133018279448,0.0,0.0,0.0,0.0,1.0,0.0
9,25,7.252568407821717,3.1660752171910755,0.0,1.0,1.0,0.0,1.0,1.0
10,25,5.234676025792718,10.779685949323513,0.0,0.0,1.0,0.0,1.0,0.0
11,25,11.247512107328046,4.920934182777788,1.0,1.0,0.0,0.0,1.0,1.0
12,25,1.9002671207330917,0.6914680917074967,1.0,0.0,0.0,0.0,1.0,1.0
13,25,11.887745112924602,10.205488508674028,0.0,0.0,0.0,1.0,0.0,0.0
14,25,9.238376748446589,6.132640486386688,1.0,1.0,1.0,1.0,0.0,0.0
0,30,9.539397271906068,5.981946323731546,0.0,0.0,0.0,0.0,1.0,0.0
1,30,8.355489237490445,0.0,0.0,1.0,1.0,1.0,0.0,0.0
2,30,8.14197128979964,6.894758813576197,0.0,0.0,0.0,0.0,0.0,1.0
3,30,0.0,10.45202338790674,1.0,1.0,0.0,1.0,1.0,1.0
4,30,8.891819600186968,8.710507434089592,0.0,0.0,0.0,0.0,0.0,1.0
5,30,11.193111275116276,9.528860669916948,1.0,1.0,0.0,0.0,0.0,0.0
6,30,9.099036414336076,7.336035701261731,0.0,1.0,0.0,0.0,1.0,1.0
7,30,9.844802764451249,1.8025581753322173,0.0,0.0,1.0,0.0,0.0,1.0
8,30,6.891293252500878,9.879074870630063,0.0,0.0,0.0,0.0,1.0,0.0
9,30,7.293838247026581,3.1939330953066483,0.0,1.0,1.0,0.0,1.0,1.0
10,30,5.253070750083885,10.763029958812318,0.0,0.0,1.0,0.0,1.0,0.0
11,30,11.297046565382823,4.903384054425597,1.0,1.0,0.0,0.0,1.0,1.0
12,30,1.8866165359987863,0.640046497574066,1.0,0.0,0.0,0.0,1.0,1.0
13,30,11.893773550817356,10.194615120612305,0.0,0.0,0.0,1.0,0.0,0.0
14,30,9.283820135125112,6.159798798395411,1.0,1.0,1.0,1.0,0.0,0.0
0,35,9.642344874592675,5.97590511430511,0.0,0.0,0.0,0.0,1.0,0.0
1,35,8.419006121690092,0.0,0.0,1.0,1.0,1.0,0.0,0.0
2,35,8.146623512199357,6.891427150460772,0.0,0.0,0.0,0.0,0.0,1.0
3,35,0.0,10.496114465321424,1.0,1.0,0.0,1.0,1.0,1.0
4,35,8.889448270312172,8.704213535890906,0.0,0.0,0.0,0.0,0.0,1.0
5,35,11.216618050565478,9.596530314072282,1.0,1.0,0.0,0.0,0.0,0.0
6,35,9.068807623597092,7.344957475896462,0.0,1.0,0.0,0.0,1.0,1.0
7,35,9.82002487449513,1.7724090039377651,0.0,0.0,1.0,0.0,0.0,1.0
8,35,6.917083601034963,9.907474228899297,0.0,0.0,0.0,0.0,1.0,0.0
9,35,7.318155607215608,3.209771433165082,0.0,1.0,1.0,0.0,1.0,1.0
10,35,5.277394212074246,10.741079748638382,0.0,0.0,1.0,0.0,1.0,0.0
11,35,11.37346336895516,4.877608073079598,1.0,1.0,0.0,0.0,1.0,1.0
12,35,1.878054122526238,0.6060055695022007,1.0,0.0,0.0,0.0,1.0,1.0
13,35,11.896647577874916,10.189521717437795,0.0,0.0,0.0,1.0,0.0,0.0
14,35,9.322500596960856,6.182586010256205,1.0,1.0,1.0,1.0,0.0,0.0
0,40,9.756227628727618,5.971180572963682,0.0,0.0,0.0,0.0,1.0,0.0
1,40,8.477306670048955,0.0,0.0,1.0,1.0,1.0,0.0,0.0
2,40,8.14597870045527,6.891860653904482,0.0,0.0,0.0,0.0,0.0,1.0
3,40,0.0,10.53164430526703,1.0,1.0,0.0,1.0,1.0,1.0
4,40,8.890586488063072,8.707187168215784,0.0,0.0,0.0,0.0,0.0,1.0
5,40,11.236632107359654,9.655072313481526,1.0,1.0,0.0,0.0,0.0,0.0
6,40,9.0440160652989,7.351450161058111,0.0,1.0,0.0,0.0,1.0,1.0
7,40,9.80518586518423,1.753973180464224,0.0,0.0,1.0,0.0,0.0,1.0
8,40,6.951944597920593,9.943491858162105,0.0,0.0,0.0,0.0,1.0,0.0
9,40,7.3462020098362,3.228370203318396,0.0,1.0,1.0,0.0,1.0,1.0
10,40,5.300521977879415,10.719687773687417,0.0,0.0,1.0,0.0,1.0,0.0
11,40,11.46024264006937,4.84709700336166,1.0,1.0,0.0,0.0,1.0,1.0
12,40,1.869708571720518,0.5739805924655084,1.0,0.0,0.0,0.0,1.0,1.0
13,40,11.899190473749012,10.18543167085635,0.0,0.0,0.0,1.0,0.0,0.0
14,40,9.365155808017589,6.206767497562102,1.0,1.0,1.0,1.0,0.0,0.0
0,45,9.858497126121565,5.96747693919843,0.0,0.0,0.0,0.0,1.0,0.0
1,45,8.520304832573823,0.0,0.0,1.0,1.0,1.0,0.0,0.0
2,45,8.151989395103596,6.887662840509046,0.0,0.0,0.0,0.0,0.0,1.0
3,45,0.0,10.568198812123974,1.0,1.0,0.0,1.0,1.0,1.0
4,45,8.893831994082088,8.715634531542685,0.0,0.0,0.0,0.0,0.0,1.0
5,45,11.258677845426458,9.715529863767722,1.0,1.0,0.0,0.0,0.0,0.0
6,45,9.010507281203308,7.359664844124892,0.0,1.0,0.0,0.0,1.0,1.0
7,45,9.794211872467535,1.7400213076650806,0.0,0.0,1.0,0.0,0.0,1.0
8,45,7.004160392881388,9.998509842948462,0.0,0.0,0.0,0.0,1.0,0.0
9,45,7.364076484254134,3.240437170466781,0.0,1.0,1.0,0.0,1.0,1.0
10,45,5.323876855314015,10.699186787152208,0.0,0.0,1.0,0.0,1.0,0.0
11,45,11.545497393116886,4.820436434176871,1.0,1.0,0.0,0.0,1.0,1.0
12,45,1.8655187351734537,0.557719893929007,1.0,0.0,0.0,0.0,1.0,1.0
13,45,11.896376668960274,10.189619173114616,0.0,0.0,0.0,1.0,0.0,0.0
14,45,9.435041872047355,6.246222866134639,1.0,1.0,1.0,1.0,0.0,0.0
0,50,9.94886321958283,5.962786666400676,0.0,0.0,0.0,0.0,1.0,0.0
1,50,8.576669067935892,0.0,0.0,1.0,1.0,1.0,0.0,0.0
2,50,8.134677854331716,6.899605782093444,0.0,0.0,0.0,0.0,0.0,1.0
3,50,0.0,10.616095767743571,1.0,1.0,0.0,1.0,1.0,1.0
4,50,8.899737823253941,8.731844771732945,0.0,0.0,0.0,0.0,0.0,1.0
5,50,11.275272748778674,9.763103703032696,1.0,1.0,0.0,0.0,0.0,0.0
6,50,8.974012723586824,7.368704740749264,0.0,1.0,0.0,0.0,1.0,1.0
7,50,9.791990689517174,1.7372431720798291,0.0,0.0,1.0,0.0,0.0,1.0
8,50,7.045302391472239,10.041054662127411,0.0,0.0,0.0,0.0,1.0,0.0
9,50,7.385762008532475,3.254763555480032,0.0,1.0,1.0,0.0,1.0,1.0
10,50,5.352048564264416,10.674594380518696,0.0,0.0,1.0,0.0,1.0,0.0
11,50,11.631826121317928,4.794249045500762,1.0,1.0,0.0,0.0,1.0,1.0
12,50,1.8633026183247576,0.5494206668584558,1.0,0.0,0.0,0.0,1.0,1.0
13,50,11.898072536591474,10.18695083605212,0.0,0.0,0.0,1.0,0.0,0.0
14,50,9.5257034069434,6.297728976207801,1.0,1.0,1.0,1.0,0.0,0.0
0,55,10.03008613164748,5.958902815472329,0.0,0.0,0.0,0.0,1.0,0.0
1,55,8.648764417234846,0.0,0.0,1.0,1.0,1.0,0.0,0.0
2,55,8.124245876676493,6.907027581744631,0.0,0.0,0.0,0.0,0.0,1.0
3,55,0.0,10.65284307565979,1.0,1.0,0.0,1.0,1.0,1.0
4,55,8.908282611473332,8.75606921681428,0.0,0.0,0.0,0.0,0.0,1.0
5,55,11.29509890346736,9.822607080761646,1.0,1.0,0.0,0.0,0.0,0.0
6,55,8.932909450605617,7.378365074439454,0.0,1.0,0.0,0.0,1.0,1.0
7,55,9.782121177610248,1.7255651401133905,0.0,0.0,1.0,0.0,0.0,1.0
8,55,7.084885760836163,10.082732722429474,0.0,0.0,0.0,0.0,1.0,0.0
9,55,7.411766601174243,3.2721108314640124,0.0,1.0,1.0,0.0,1.0,1.0
10,55,5.383094696106396,10.647010005680228,0.0,0.0,1.0,0.0,1.0,0.0
11,55,11.72909904589423,4.766484788722891,1.0,1.0,0.0,0.0,1.0,1.0
12,55,1.856946161885817,0.5239146339282911,1.0,0.0,0.0,0.0,1.0,1.0
13,55,11.894464695585718,10.19197881663528,0.0,0.0,0.0,1.0,0.0,0.0
14,55,9.616995286572878,6.347921512047832,1.0,1.0,1.0,1.0,0.0,0.0
0,60,10.117446452942808,5.955029447107714,0.0,0.0,0.0,0.0,1.0,0.0
1,60,8.70836736585649,0.0,0.0,1.0,1.0,1.0,0.0,0.0
2,60,8.099947933492809,6.925173989577563,0.0,0.0,0.0,0.0,0.0,1.0
3,60,0.0,10.676248046599325,1.0,1.0,0.0,1.0,1.0,1.0
4,60,8.916361035399031,8.779229952537607,0.0,0.0,0.0,0.0,0.0,1.0
5,60,11.30973574607097,9.86284235984101,1.0,1.0,0.0,0.0,0.0,0.0
6,60,8.883729239811952,7.390059911640455,0.0,1.0,0.0,0.0,1.0,1.0
7,60,9.763529601413008,1.7033011366837798,0.0,0.0,1.0,0.0,0.0,1.0
8,60,7.126724013328546,10.127959551900398,0.0,0.0,0.0,0.0,1.0,0.0
9,60,7.428776115865594,3.2843429322739137,0.0,1.0,1.0,0.0,1.0,1.0
10,60,5.401598642639545,10.631397244453227,0.0,0.0,1.0,0.0,1.0,0.0
11,60,11.83639101449296,4.736388247525801,1.0,1.0,0.0,0.0,1.0,1.0
12,60,1.853146916713653,0.5084372436581767,1.0,0.0,0.0,0.0,1.0,1.0
13,60,11.894958978579812,10.191306639295906,0.0,0.0,0.0,1.0,0.0,0.0
14,60,9.710253173394266,6.4008060549013175,1.0,1.0,1.0,1.0,0.0,0.0
0,65,10.215024598151874,5.947361071504016,0.0,0.0,0.0,0.0,1.0,0.0
1,65,8.773362915226508,0.0,0.0,1.0,1.0,1.0,0.0,0.0
2,65,8.080182250748967,6.94076372656279,0.0,0.0,0.0,0.0,0.0,1.0
3,65,0.0,10.6872574115594,1.0,1.0,0.0,1.0,1.0,1.0
4,65,8.929577570187341,8.815572612993572,0.0,0.0,0.0,0.0,0.0,1.0
5,65,11.316618927708252,9.88388993859613,1.0,1.0,0.0,0.0,0.0,0.0
6,65,8.805227577052117,7.407750262005723,0.0,1.0,0.0,0.0,1.0,1.0
7,65,9.740345036372776,1.6743263481569983,0.0,0.0,1.0,0.0,0.0,1.0
8,65,7.189598834985384,10.196395864218529,0.0,0.0,0.0,0.0,1.0,0.0
9,65,7.447961883913454,3.2979771948450063,0.0,1.0,1.0,0.0,1.0,1.0
10,65,5.422098340477517,10.613917834238825,0.0,0.0,1.0,0.0,1.0,0.0
11,65,11.93895156827472,4.7088676127577695,1.0,1.0,0.0,0.0,1.0,1.0
12,65,1.851931752379089,0.5032651511609999,1.0,0.0,0.0,0.0,1.0,1.0
13,65,11.900121001623893,10.18438106906635,0.0,0.0,0.0,1.0,0.0,0.0
14,65,9.79091321388224,6.447554689320889,1.0,1.0,1.0,1.0,0.0,0.0
0,70,10.316671668996683,5.937277594929551,0.0,0.0,0.0,0.0,1.0,0.0
1,70,8.848937631595676,0.0,0.0,1.0,1.0,1.0,0.0,0.0
2,70,8.069058138586653,6.949562274415848,0.0,0.0,0.0,0.0,0.0,1.0
3,70,0.0,10.69092208478619,1.0,1.0,0.0,1.0,1.0,1.0
4,70,8.94008775500008,8.846838692709406,0.0,0.0,0.0,0.0,0.0,1.0
5,70,11.321829100298917,9.900645857514265,1.0,1.0,0.0,0.0,0.0,0.0
6,70,8.748544294131666,7.419875189807459,0.0,1.0,0.0,0.0,1.0,1.0
7,70,9.71788963695356,1.6454605221628926,0.0,0.0,1.0,0.0,0.0,1.0
8,70,7.244441143053652,10.25478182233516,0.0,0.0,0.0,0.0,1.0,0.0
9,70,7.48132975603269,3.3222758705800235,0.0,1.0,1.0,0.0,1.0,1.0
10,70,5.436555776583912,10.60170477426296,0.0,0.0,1.0,0.0,1.0,0.0
11,70,12.0,4.679465946062807,1.0,1.0,0.0,0.0,1.0,1.0
12,70,1.8509459603207907,0.4988452890666603,1.0,0.0,0.0,0.0,1.0,1.0
13,70,11.912085439584864,10.168514773928043,0.0,0.0,0.0,1.0,0.0,0.0
14,70,9.885902638861058,6.503314466141518,1.0,1.0,1.0,1.0,0.0,0.0
0,75,10.418608793774688,5.925832632269322,0.0,0.0,0.0,0.0,1.0,0.0
1,75,8.929320499214835,0.0,0.0,1.0,1.0,1.0,0.0,0.0
2,75,8.055783791270937,6.9594125814484045,0.0,0.0,0.0,0.0,0.0,1.0
3,75,0.0,10.699731966373124,1.0,1.0,0.0,1.0,1.0,1.0
4,75,8.949569702022266,8.877335601392687,0.0,0.0,0.0,0.0,0.0,1.0
5,75,11.323594169725029,9.90663062027495,1.0,1.0,0.0,0.0,0.0,0.0
6,75,8.694382902546879,7.433665802430514,0.0,1.0,0.0,0.0,1.0,1.0
7,75,9.694580034802966,1.6141393297433246,0.0,0.0,1.0,0.0,0.0,1.0
8,75,7.298078750935802,10.308579664722023,0.0,0.0,0.0,0.0,1.0,0.0
9,75,7.505629051731717,3.3400293372864827,0.0,1.0,1.0,0.0,1.0,1.0
10,75,5.46527544388791,10.57826164225594,0.0,0.0,1.0,0.0,1.0,0.0
11,75,12.0,4.654268399687815,1.0,1.0,0.0,0.0,1.0,1.0
12,75,1.8471535051008037,0.4822917854313102,1.0,0.0,0.0,0.0,1.0,1.0
13,75,11.91497987827543,10.164565864355104,0.0,0.0,0.0,1.0,0.0,0.0
14,75,9.99417870140334,6.566805340750398,1.0,1.0,1.0,1.0,0.0,0.0
0,80,10.520866661802197,5.912373913581076,0.0,0.0,0.0,0.0,1.0,0.0
1,80,9.008672013890006,0.0,0.0,1.0,1.0,1.0,0.0,0.0
2,80,8.035698300244103,6.97479065796116,0.0,0.0,0.0,0.0,0.0,1.0
3,80,0.0103664247952875,10.671424612291831,1.0,1.0,0.0,1.0,1.0,1.0
4,80,8.951307182786236,8.882996959983233,0.0,0.0,0.0,0.0,0.0,1.0
5,80,11.321655424200197,9.899594507736436,1.0,1.0,0.0,0.0,0.0,0.0
6,80,8.640111796719058,7.44749566517602,0.0,1.0,0.0,0.0,1.0,1.0
7,80,9.667293168453789,1.5749022494334244,0.0,0.0,1.0,0.0,0.0,1.0
8,80,7.34639232280744,10.360222593129144,0.0,0.0,0.0,0.0,1.0,0.0
9,80,7.517015697710453,3.3481866718493234,0.0,1.0,1.0,0.0,1.0,1.0
10,80,5.499360627245104,10.621939755865313,0.0,0.0,1.0,0.0,1.0,0.0
11,80,12.0,4.628959944033286,1.0,1.0,0.0,0.0,1.0,1.0
12,80,1.845474325854622,0.474851917034378,1.0,0.0,0.0,0.0,1.0,1.0
13,80,11.91416577497611,10.165616418339235,0.0,0.0,0.0,1.0,0.0,0.0
14,80,10.09153780046337,6.623034200640482,1.0,1.0,1.0,1.0,0.0,0.0
0,85,10.604821763792776,5.901378669608936,0.0,0.0,0.0,0.0,1.0,0.0
1,85,9.106138207105058,0.0,0.0,1.0,1.0,1.0,0.0,0.0
2,85,8.019583721256804,6.987744351627499,0.0,0.0,0.0,0.0,0.0,1.0
3,85,0.0181593492346939,10.647651842972492,1.0,1.0,0.0,1.0,1.0,1.0
4,85,8.957188423499657,8.902111520303688,0.0,0.0,0.0,0.0,0.0,1.0
5,85,11.319206627438469,9.891239249842185,1.0,1.0,0.0,0.0,0.0,0.0
6,85,8.585737010277926,7.462237743765585,0.0,1.0,0.0,0.0,1.0,1.0
7,85,9.629440834190197,1.524267468271714,0.0,0.0,1.0,0.0,0.0,1.0
8,85,7.408517071800399,10.428245825003977,0.0,0.0,0.0,0.0,1.0,0.0
9,85,7.5085500442426065,3.342195070400537,0.0,1.0,1.0,0.0,1.0,1.0
10,85,5.527392991941598,10.657316713437,0.0,0.0,1.0,0.0,1.0,0.0
11,85,12.0,4.601569682463878,1.0,1.0,0.0,0.0,1.0,1.0
12,85,1.8456959848168533,0.4758890892788553,1.0,0.0,0.0,0.0,1.0,1.0
13,85,11.918847926027285,10.159813223224084,0.0,0.0,0.0,1.0,0.0,0.0
14,85,10.196716885362136,6.677560574609152,1.0,1.0,1.0,1.0,0.0,0.0
0,90,10.71081482317659,5.887152251198993,0.0,0.0,0.0,0.0,1.0,0.0
1,90,9.195094331114024,0.0,0.0,1.0,1.0,1.0,0.0,0.0
2,90,8.023839300361669,6.983970204720386,0.0,0.0,0.0,0.0,0.0,1.0
3,90,0.0199065745312254,10.64196398258638,1.0,1.0,0.0,1.0,1.0,1.0
4,90,8.96114753426777,8.915888941422473,0.0,0.0,0.0,0.0,0.0,1.0
5,90,11.319574249932977,9.892388463534624,1.0,1.0,0.0,0.0,0.0,0.0
6,90,8.518471621007077,7.479549156454998,0.0,1.0,0.0,0.0,1.0,1.0
7,90,9.59350352721929,1.47674951629539,0.0,0.0,1.0,0.0,0.0,1.0
8,90,7.466202400532906,10.493089158223754,0.0,0.0,0.0,0.0,1.0,0.0
9,90,7.49411437148984,3.3311393880699693,0.0,1.0,1.0,0.0,1.0,1.0
10,90,5.550021628627202,10.686397512717068,0.0,0.0,1.0,0.0,1.0,0.0
11,90,12.0,4.578846899499292,1.0,1.0,0.0,0.0,1.0,1.0
12,90,1.8420419397047436,0.4583882159557295,1.0,0.0,0.0,0.0,1.0,1.0
13,90,11.921814323332272,10.15603272953706,0.0,0.0,0.0,1.0,0.0,0.0
14,90,10.301264755220537,6.731855771784492,1.0,1.0,1.0,1.0,0.0,0.0
0,95,10.798844823991164,5.874138471784254,0.0,0.0,0.0,0.0,1.0,0.0
1,95,9.275523639293915,0.0,0.0,1.0,1.0,1.0,0.0,0.0
2,95,8.037708010255223,6.971931467233222,0.0,0.0,0.0,0.0,0.0,1.0
3,95,0.0273854994486584,10.617737378485524,1.0,1.0,0.0,1.0,1.0,1.0
4,95,8.968489579622604,8.944408143452355,0.0,0.0,0.0,0.0,0.0,1.0
5,95,11.318651773819578,9.889644304246325,1.0,1.0,0.0,0.0,0.0,0.0
6,95,8.452726228652189,7.495981381716154,0.0,1.0,0.0,0.0,1.0,1.0
7,95,9.553449448040118,1.4237308702317333,0.0,0.0,1.0,0.0,0.0,1.0
8,95,7.519332156641663,10.552867717390429,0.0,0.0,0.0,0.0,1.0,0.0
9,95,7.490585429015805,3.3285043687645754,0.0,1.0,1.0,0.0,1.0,1.0
10,95,5.556478061701374,10.694734212374774,0.0,0.0,1.0,0.0,1.0,0.0
11,95,12.0,4.560438048416859,1.0,1.0,0.0,0.0,1.0,1.0
12,95,1.837353103383749,0.4302550264258863,1.0,0.0,0.0,0.0,1.0,1.0
13,95,11.92846483843403,10.147654117365166,0.0,0.0,0.0,1.0,0.0,0.0
14,95,10.4040324464257,6.780713664756299,1.0,1.0,1.0,1.0,0.0,0.0
0,100,10.868311920153896,5.8639158574013095,0.0,0.0,0.0,0.0,1.0,0.0
1,100,9.358728059806358,0.0,0.0,1.0,1.0,1.0,0.0,0.0
2,100,8.05317772275643,6.958998112042533,0.0,0.0,0.0,0.0,0.0,1.0
3,100,0.0413724212739078,10.576794294131965,1.0,1.0,0.0,1.0,1.0,1.0
4,100,8.976687594866775,8.97732494221683,0.0,0.0,0.0,0.0,0.0,1.0
5,100,11.319697409340424,9.892429830939658,1.0,1.0,0.0,0.0,0.0,0.0
6,100,8.358699750198953,7.518380735115339,0.0,1.0,0.0,0.0,1.0,1.0
7,100,9.52079947580894,1.3781916826383014,0.0,0.0,1.0,0.0,0.0,1.0
8,100,7.567709985259029,10.610041108355784,0.0,0.0,0.0,0.0,1.0,0.0
9,100,7.462336637101886,3.3078351108758555,0.0,1.0,1.0,0.0,1.0,1.0
10,100,5.556790684881385,10.695126336830857,0.0,0.0,1.0,0.0,1.0,0.0
11,100,12.0,4.540264166797736,1.0,1.0,0.0,0.0,1.0,1.0
12,100,1.8323438575820048,0.4004146332438524,1.0,0.0,0.0,0.0,1.0,1.0
13,100,11.927756205110777,10.148527736721892,0.0,0.0,0.0,1.0,0.0,0.0
14,100,10.520245134446968,6.83549348524783,1.0,1.0,1.0,1.0,0.0,0.0
0,105,10.936287268988728,5.854599056521987,0.0,0.0,0.0,0.0,1.0,0.0
1,105,9.43242962822789,0.0,0.0,1.0,1.0,1.0,0.0,0.0
2,105,8.06358756394813,6.950615661825136,0.0,0.0,0.0,0.0,0.0,1.0
3,105,0.0560473735584528,10.531637255688782,1.0,1.0,0.0,1.0,1.0,1.0
4,105,8.988229519302397,9.016661828801888,0.0,0.0,0.0,0.0,0.0,1.0
5,105,11.325905343374709,9.909535863634057,1.0,1.0,0.0,0.0,0.0,0.0
6,105,8.264935606014031,7.539374331651743,0.0,1.0,0.0,0.0,1.0,1.0
7,105,9.476236703107029,1.3175738000354429,0.0,0.0,1.0,0.0,0.0,1.0
8,105,7.613275570167842,10.664840146945885,0.0,0.0,0.0,0.0,1.0,0.0
9,105,7.42981887196214,3.283586163784701,0.0,1.0,1.0,0.0,1.0,1.0
10,105,5.556564589801065,10.694848652134938,0.0,0.0,1.0,0.0,1.0,0.0
11,105,12.0,4.5281307586144965,1.0,1.0,0.0,0.0,1.0,1.0
12,105,1.8278219239414253,0.3713196096487024,1.0,0.0,0.0,0.0,1.0,1.0
13,105,11.920407806103194,10.157715739805152,0.0,0.0,0.0,1.0,0.0,0.0
14,105,10.64902353591314,6.893398416645986,1.0,1.0,1.0,1.0,0.0,0.0
0,110,11.002297478954429,5.845784404846886,0.0,0.0,0.0,0.0,1.0,0.0
1,110,9.530317379099756,0.0,0.0,1.0,1.0,1.0,0.0,0.0
2,110,8.065700707467375,6.9488518351661535,0.0,0.0,0.0,0.0,0.0,1.0
3,110,0.0708669378605471,10.486233406493534,1.0,1.0,0.0,1.0,1.0,1.0
4,110,9.00108356309682,9.057623151969686,0.0,0.0,0.0,0.0,0.0,1.0
5,110,11.340108889936298,9.9475202813108,1.0,1.0,0.0,0.0,0.0,0.0
6,110,8.160032364729835,7.565296304820358,0.0,1.0,0.0,0.0,1.0,1.0
7,110,9.426613410480558,1.2489183332188485,0.0,0.0,1.0,0.0,0.0,1.0
8,110,7.665746287776759,10.727372162646873,0.0,0.0,0.0,0.0,1.0,0.0
9,110,7.406381215645741,3.265213965927759,0.0,1.0,1.0,0.0,1.0,1.0
10,110,5.547122535026804,10.68331715072301,0.0,0.0,1.0,0.0,1.0,0.0
11,110,12.0,4.512574591988833,1.0,1.0,0.0,0.0,1.0,1.0
12,110,1.8231163788967415,0.3407333892543278,1.0,0.0,0.0,0.0,1.0,1.0
13,110,11.90082053506775,10.181761476591864,0.0,0.0,0.0,1.0,0.0,0.0
14,110,10.772808207440162,6.9481135823663145,1.0,1.0,1.0,1.0,0.0,0.0
0,115,11.05419972179212,5.839597591127997,0.0,0.0,0.0,0.0,1.0,0.0
1,115,9.635266006903292,0.0,0.0,1.0,1.0,1.0,0.0,0.0
2,115,8.068659782992148,6.946432555182097,0.0,0.0,0.0,0.0,0.0,1.0
3,115,0.0819169620312492,10.452267558402454,1.0,1.0,0.0,1.0,1.0,1.0
4,115,9.015159389100916,9.101470142045883,0.0,0.0,0.0,0.0,0.0,1.0
5,115,11.353022141257812,9.979170402381,1.0,1.0,0.0,0.0,0.0,0.0
6,115,8.054733180104218,7.58912225444973,0.0,1.0,0.0,0.0,1.0,1.0
7,115,9.37809978397393,1.1853393432638466,0.0,0.0,1.0,0.0,0.0,1.0
8,115,7.716975149531413,10.787236051895237,0.0,0.0,0.0,0.0,1.0,0.0
9,115,7.378079547332339,3.243710035658766,0.0,1.0,1.0,0.0,1.0,1.0
10,115,5.520917786887246,10.650702971562977,0.0,0.0,1.0,0.0,1.0,0.0
11,115,12.0,4.496411587863453,1.0,1.0,0.0,0.0,1.0,1.0
12,115,1.816071145140028,0.3015337099083912,1.0,0.0,0.0,0.0,1.0,1.0
13,115,11.892178169930958,10.192675827847086,0.0,0.0,0.0,1.0,0.0,0.0
14,115,10.892254554904724,7.001785446740341,1.0,1.0,1.0,1.0,0.0,0.0
0,120,11.148444617202356,5.82643821412911,0.0,0.0,0.0,0.0,1.0,0.0
1,120,9.737685606275653,0.0,0.0,1.0,1.0,1.0,0.0,0.0
2,120,8.075977552991471,6.940684277193381,0.0,0.0,0.0,0.0,0.0,1.0
3,120,0.0860776453162526,10.438215652835355,1.0,1.0,0.0,1.0,1.0,1.0
4,120,9.028131298217591,9.148219466397515,0.0,0.0,0.0,0.0,0.0,1.0
5,120,11.373109047744824,10.030951087675929,1.0,1.0,0.0,0.0,0.0,0.0
6,120,7.955292686895285,7.612257935451225,0.0,1.0,0.0,0.0,1.0,1.0
7,120,9.335367905610523,1.129897777110838,0.0,0.0,1.0,0.0,0.0,1.0
8,120,7.766121612668766,10.841751227861987,0.0,0.0,0.0,0.0,1.0,0.0
9,120,7.35236990704827,3.224092924893154,0.0,1.0,1.0,0.0,1.0,1.0
10,120,5.491986309522937,10.614411974027842,0.0,0.0,1.0,0.0,1.0,0.0
11,120,12.0,4.483300221689412,1.0,1.0,0.0,0.0,1.0,1.0
12,120,1.8109189159614176,0.2751260145553964,1.0,0.0,0.0,0.0,1.0,1.0
13,120,11.87356380007306,10.215381071150697,0.0,0.0,0.0,1.0,0.0,0.0
14,120,11.009932940089838,7.057585238584213,1.0,1.0,1.0,1.0,0.0,0.0
0,125,11.262601948426031,5.810652779475445,0.0,0.0,0.0,0.0,1.0,0.0
1,125,9.843829730098149,0.0,0.0,1.0,1.0,1.0,0.0,0.0
2,125,8.083815877590245,6.934227663583275,0.0,0.0,0.0,0.0,0.0,1.0
3,125,0.0980625701293992,10.399321334523398,1.0,1.0,0.0,1.0,1.0,1.0
4,125,9.03713352123972,9.184688997761372,0.0,0.0,0.0,0.0,0.0,1.0
5,125,11.398381306766575,10.08780902657837,1.0,1.0,0.0,0.0,0.0,0.0
6,125,7.856246650560984,7.635222054498701,0.0,1.0,0.0,0.0,1.0,1.0
7,125,9.288078706398943,1.066033804784564,0.0,0.0,1.0,0.0,0.0,1.0
8,125,7.816908767591373,10.899235672839048,0.0,0.0,0.0,0.0,1.0,0.0
9,125,7.308872839678403,3.1919359158855105,0.0,1.0,1.0,0.0,1.0,1.0
10,125,5.462914897976188,10.575794076974203,0.0,0.0,1.0,0.0,1.0,0.0
11,125,12.0,4.470719940776617,1.0,1.0,0.0,0.0,1.0,1.0
12,125,1.803990170072812,0.2400809826625927,1.0,0.0,0.0,0.0,1.0,1.0
13,125,11.864161068492155,10.226981301221896,0.0,0.0,0.0,1.0,0.0,0.0
14,125,11.131960719483263,7.109702916440489,1.0,1.0,1.0,1.0,0.0,0.0
0,130,11.382547736586243,5.793529962531434,0.0,0.0,0.0,0.0,1.0,0.0
1,130,9.92890322877296,0.0,0.0,1.0,1.0,1.0,0.0,0.0
2,130,8.095490038145357,6.924383115411206,0.0,0.0,0.0,0.0,0.0,1.0
3,130,0.1075354033992201,10.366893677627496,1.0,1.0,0.0,1.0,1.0,1.0
4,130,9.044873576155805,9.215201186026531,0.0,0.0,0.0,0.0,0.0,1.0
5,130,11.417344796399576,10.12969765482591,1.0,1.0,0.0,0.0,0.0,0.0
6,130,7.745746724107258,7.660435950569651,0.0,1.0,0.0,0.0,1.0,1.0
7,130,9.238163503982232,0.9997543320014972,0.0,0.0,1.0,0.0,0.0,1.0
8,130,7.864923477998084,10.953110517514082,0.0,0.0,0.0,0.0,1.0,0.0
9,130,7.261202598282602,3.156235970256258,0.0,1.0,1.0,0.0,1.0,1.0
10,130,5.432555580964961,10.53469793751081,0.0,0.0,1.0,0.0,1.0,0.0
11,130,12.0,4.456386567514353,1.0,1.0,0.0,0.0,1.0,1.0
12,130,1.7961296780071203,0.1984244744559386,1.0,0.0,0.0,0.0,1.0,1.0
13,130,11.850766204303817,10.243692239227672,0.0,0.0,0.0,1.0,0.0,0.0
14,130,11.264645715964168,7.165443934397541,1.0,1.0,1.0,1.0,0.0,0.0
0,135,11.403051768883032,5.926564716152798,0.0,0.0,0.0,0.0,1.0,0.0
1,135,9.996601181034398,0.0,0.0,1.0,1.0,1.0,0.0,0.0
2,135,8.107332342366425,6.914774055181321,0.0,0.0,0.0,0.0,0.0,1.0
3,135,0.1192281562936178,10.328958906870078,1.0,1.0,0.0,1.0,1.0,1.0
4,135,9.049816727259564,9.234942525636091,0.0,0.0,0.0,0.0,0.0,1.0
5,135,11.442879782990357,10.189321330785344,1.0,1.0,0.0,0.0,0.0,0.0
6,135,7.635655657662447,7.6889405884626525,0.0,1.0,0.0,0.0,1.0,1.0
7,135,9.198480601778948,0.9473621845321676,0.0,0.0,1.0,0.0,0.0,1.0
8,135,7.920403278929005,11.019615980239887,0.0,0.0,0.0,0.0,1.0,0.0
9,135,7.216911491718627,3.1230961302767173,0.0,1.0,1.0,0.0,1.0,1.0
10,135,5.402653762995576,10.495438203912578,0.0,0.0,1.0,0.0,1.0,0.0
11,135,12.0,4.442796110909062,1.0,1.0,0.0,0.0,1.0,1.0
12,135,1.7847523598014878,0.1393895453002217,1.0,0.0,0.0,0.0,1.0,1.0
13,135,11.842951284035458,10.252719037471415,0.0,0.0,0.0,1.0,0.0,0.0
14,135,11.388597148031502,7.22281345895612,1.0,1.0,1.0,1.0,0.0,0.0
0,140,11.426879750589444,6.075940148012092,0.0,0.0,0.0,0.0,1.0,0.0
1,140,10.046428828006972,0.0,0.0,1.0,1.0,1.0,0.0,0.0
2,140,8.12744453396629,6.899024995525413,0.0,0.0,0.0,0.0,0.0,1.0
3,140,0.1293959433229887,10.296715639227171,1.0,1.0,0.0,1.0,1.0,1.0
4,140,9.05463283347713,9.254024452257124,0.0,0.0,0.0,0.0,0.0,1.0
5,140,11.472985735174278,10.255461694227352,1.0,1.0,0.0,0.0,0.0,0.0
6,140,7.523973806696557,7.71703613727892,0.0,1.0,0.0,0.0,1.0,1.0
7,140,9.158376392628163,0.8936291140510428,0.0,0.0,1.0,0.0,0.0,1.0
8,140,7.977585863958616,11.09071982478916,0.0,0.0,0.0,0.0,1.0,0.0
9,140,7.179360926273972,3.0948310176195264,0.0,1.0,1.0,0.0,1.0,1.0
10,140,5.366682634985083,10.44751065853869,0.0,0.0,1.0,0.0,1.0,0.0
11,140,12.0,4.421720186297554,1.0,1.0,0.0,0.0,1.0,1.0
12,140,1.7720041007065626,0.0822871953038473,1.0,0.0,0.0,0.0,1.0,1.0
13,140,11.819883303924872,10.280443522774403,0.0,0.0,0.0,1.0,0.0,0.0
14,140,11.50181437048839,7.280302052033784,1.0,1.0,1.0,1.0,0.0,0.0
0,145,11.446248888903597,6.208401668313802,0.0,0.0,0.0,0.0,1.0,0.0
1,145,10.098333429691412,0.0,0.0,1.0,1.0,1.0,0.0,0.0
2,145,8.147796301881073,6.883325229643014,0.0,0.0,0.0,0.0,0.0,1.0
3,145,0.1407726949113386,10.256644154216836,1.0,1.0,0.0,1.0,1.0,1.0
4,145,9.058752068312206,9.27223569593357,0.0,0.0,0.0,0.0,0.0,1.0
5,145,11.51461260806559,10.343794628542732,1.0,1.0,0.0,0.0,0.0,0.0
6,145,7.413037553221424,7.744229598953789,0.0,1.0,0.0,0.0,1.0,1.0
7,145,9.125059978221834,0.8510958332365004,0.0,0.0,1.0,0.0,0.0,1.0
8,145,8.029631135104172,11.154997818856604,0.0,0.0,0.0,0.0,1.0,0.0
9,145,7.132897504075797,3.060760851732987,0.0,1.0,1.0,0.0,1.0,1.0
10,145,5.323080554010748,10.388704975628617,0.0,0.0,1.0,0.0,1.0,0.0
11,145,12.0,4.40353385044982,1.0,1.0,0.0,0.0,1.0,1.0
12,145,1.7541714848656174,0.0081605684085565,1.0,0.0,0.0,0.0,1.0,1.0
13,145,11.784315904560524,10.322902595489968,0.0,0.0,0.0,1.0,0.0,0.0
14,145,11.626369512652408,7.34677268684611,1.0,1.0,1.0,1.0,0.0,0.0
0,150,11.467083158098651,6.343787238682858,0.0,0.0,0.0,0.0,1.0,0.0
1,150,10.155013860560098,0.0,0.0,1.0,1.0,1.0,0.0,0.0
2,150,8.187727755869686,6.852044266281304,0.0,0.0,0.0,0.0,0.0,1.0
3,150,0.1481265191589293,10.229098944190946,1.0,1.0,0.0,1.0,1.0,1.0
4,150,9.059465649880586,9.274910956394775,0.0,0.0,0.0,0.0,0.0,1.0
5,150,11.550626185714462,10.422832858595603,1.0,1.0,0.0,0.0,0.0,0.0
6,150,7.299471252732964,7.773095093599865,0.0,1.0,0.0,0.0,1.0,1.0
7,150,9.077330028530852,0.8874146293068326,0.0,0.0,1.0,0.0,0.0,1.0
8,150,8.077109148448425,11.213129248115496,0.0,0.0,0.0,0.0,1.0,0.0
9,150,7.0923720532958985,3.0298037584801305,0.0,1.0,1.0,0.0,1.0,1.0
10,150,5.275815571350747,10.323178724048796,0.0,0.0,1.0,0.0,1.0,0.0
11,150,12.0,4.389580514447093,1.0,1.0,0.0,0.0,1.0,1.0
12,150,1.731305850835498,0.0,1.0,0.0,0.0,0.0,1.0,1.0
13,150,11.746376515533395,10.368229385762683,0.0,0.0,0.0,1.0,0.0,0.0
14,150,11.755522899326843,7.413931385438521,1.0,1.0,1.0,1.0,0.0,0.0
0,155,11.48847719750372,6.475350686179103,0.0,0.0,0.0,0.0,1.0,0.0
1,155,10.222340548747162,0.0,0.0,1.0,1.0,1.0,0.0,0.0
2,155,8.22767359090276,6.8202491255482665,0.0,0.0,0.0,0.0,0.0,1.0
3,155,0.1524369904991233,10.210995796923546,1.0,1.0,0.0,1.0,1.0,1.0
4,155,9.060404315470748,9.278386104549952,0.0,0.0,0.0,0.0,0.0,1.0
5,155,11.584026106096571,10.497268978933365,1.0,1.0,0.0,0.0,0.0,0.0
6,155,7.192735268398696,7.798824458179846,0.0,1.0,0.0,0.0,1.0,1.0
7,155,9.024086557386372,0.9279110356580108,0.0,0.0,1.0,0.0,0.0,1.0
8,155,8.124558339284523,11.2713536101126,0.0,0.0,0.0,0.0,1.0,0.0
9,155,7.0374429218447805,2.987295136766464,0.0,1.0,1.0,0.0,1.0,1.0
10,155,5.229318173981814,10.255852945933604,0.0,0.0,1.0,0.0,1.0,0.0
11,155,12.0,4.378642124795793,1.0,1.0,0.0,0.0,1.0,1.0
12,155,1.7089995253555483,0.0,1.0,0.0,0.0,0.0,1.0,1.0
13,155,11.714798580510486,10.404641448623952,0.0,0.0,0.0,1.0,0.0,0.0
14,155,11.876035915601909,7.477777185841538,1.0,1.0,1.0,1.0,0.0,0.0
0,160,11.505902344803356,6.588753015294257,0.0,0.0,0.0,0.0,1.0,0.0
1,160,10.278329797886435,0.0,0.0,1.0,1.0,1.0,0.0,0.0
2,160,8.278317574920155,6.777719109724735,0.0,0.0,0.0,0.0,0.0,1.0
3,160,0.1483793823678891,10.2269130352374,1.0,1.0,0.0,1.0,1.0,1.0
4,160,9.057996185329175,9.26869380595394,0.0,0.0,0.0,0.0,0.0,1.0
5,160,11.610026821375367,10.555744463826562,1.0,1.0,0.0,0.0,0.0,0.0
6,160,7.073814805345784,7.8251328771348465,0.0,1.0,0.0,0.0,1.0,1.0
7,160,8.94384473115267,0.9876644630289017,0.0,0.0,1.0,0.0,0.0,1.0
8,160,8.164626714729533,11.320913520021618,0.0,0.0,0.0,0.0,1.0,0.0
9,160,6.973404791086358,2.938587861459058,0.0,1.0,1.0,0.0,1.0,1.0
10,160,5.176059928972742,10.179642758952111,0.0,0.0,1.0,0.0,1.0,0.0
11,160,12.0,4.365523491797688,1.0,1.0,0.0,0.0,1.0,1.0
12,160,1.6796129481135318,0.0,1.0,0.0,0.0,0.0,1.0,1.0
13,160,11.68452564177226,10.440762937052382,0.0,0.0,0.0,1.0,0.0,0.0
14,160,12.0,7.54754086498959,1.0,1.0,1.0,1.0,0.0,0.0
0,165,11.52225694215228,6.700453178863328,0.0,0.0,0.0,0.0,1.0,0.0
1,165,10.340748779266072,0.0,0.0,1.0,1.0,1.0,0.0,0.0
2,165,8.333397176427848,6.729140390568954,0.0,0.0,0.0,0.0,0.0,1.0
3,165,0.1445435793375517,10.242323441359584,1.0,1.0,0.0,1.0,1.0,1.0
4,165,9.050384346929398,9.236864433306598,0.0,0.0,0.0,0.0,0.0,1.0
5,165,11.641584731311236,10.628000713925886,1.0,1.0,0.0,0.0,0.0,0.0
6,165,7.103734843226336,7.976942202547206,0.0,1.0,0.0,0.0,1.0,1.0
7,165,8.84596070397203,1.0584063065393612,0.0,0.0,1.0,0.0,0.0,1.0
8,165,8.196562537054511,11.359296378816245,0.0,0.0,0.0,0.0,1.0,0.0
9,165,6.9159786344594245,2.8985223267825964,0.0,1.0,1.0,0.0,1.0,1.0
10,165,5.114813319192208,10.092202093282731,0.0,0.0,1.0,0.0,1.0,0.0
11,165,12.0,4.3446784758125165,1.0,1.0,0.0,0.0,1.0,1.0
12,165,1.6484538551903152,0.0,1.0,0.0,0.0,0.0,1.0,1.0
13,165,11.665721432336625,10.462796047470848,0.0,0.0,0.0,1.0,0.0,0.0
14,165,12.0,7.617316365167637,1.0,1.0,1.0,1.0,0.0,0.0
0,170,11.539032749190024,6.801812496075389,0.0,0.0,0.0,0.0,1.0,0.0
1,170,10.40218067404939,0.0,0.0,1.0,1.0,1.0,0.0,0.0
2,170,8.402591953158394,6.668226560634904,0.0,0.0,0.0,0.0,0.0,1.0
3,170,0.1393370396644451,10.260857182875691,1.0,1.0,0.0,1.0,1.0,1.0
4,170,9.04418445308556,9.21049156415971,0.0,0.0,0.0,0.0,0.0,1.0
5,170,11.669219653876308,10.698857293825755,1.0,1.0,0.0,0.0,0.0,0.0
6,170,7.135732070408579,8.134844626987011,0.0,1.0,0.0,0.0,1.0,1.0
7,170,8.736440703210375,1.136805497243634,0.0,0.0,1.0,0.0,0.0,1.0
8,170,8.221319319449403,11.389652122016017,0.0,0.0,0.0,0.0,1.0,0.0
9,170,6.874385305298638,2.8687085196134774,0.0,1.0,1.0,0.0,1.0,1.0
10,170,5.050461827131918,9.99997991272322,0.0,0.0,1.0,0.0,1.0,0.0
11,170,12.0,4.328158746461669,1.0,1.0,0.0,0.0,1.0,1.0
12,170,1.6209740900895793,0.0,1.0,0.0,0.0,0.0,1.0,1.0
13,170,11.641904789330347,10.49159173655387,0.0,0.0,0.0,1.0,0.0,0.0
14,170,12.0,7.69160364222808,1.0,1.0,1.0,1.0,0.0,0.0
0,175,11.55381632861764,6.884161817203684,0.0,0.0,0.0,0.0,1.0,0.0
1,175,10.454298995505264,0.0,0.0,1.0,1.0,1.0,0.0,0.0
2,175,8.461196556624568,6.612648478203596,0.0,0.0,0.0,0.0,0.0,1.0
3,175,0.1411658583894907,10.253877322204596,1.0,1.0,0.0,1.0,1.0,1.0
4,175,9.040063920480527,9.19077939169838,0.0,0.0,0.0,0.0,0.0,1.0
5,175,11.695756857654752,10.764840365555642,1.0,1.0,0.0,0.0,0.0,0.0
6,175,7.169782273649429,8.278644629509879,0.0,1.0,0.0,0.0,1.0,1.0
7,175,8.620539476888688,1.2242343090228869,0.0,0.0,1.0,0.0,0.0,1.0
8,175,8.246495048998717,11.419642834205176,0.0,0.0,0.0,0.0,1.0,0.0
9,175,6.838970911008607,2.8452030419257346,0.0,1.0,1.0,0.0,1.0,1.0
10,175,4.983179196187472,9.911688276477278,0.0,0.0,1.0,0.0,1.0,0.0
11,175,12.0,4.312468135441025,1.0,1.0,0.0,0.0,1.0,1.0
12,175,1.5948563289792586,0.0,1.0,0.0,0.0,0.0,1.0,1.0
13,175,11.625002220802871,10.511542199677598,0.0,0.0,0.0,1.0,0.0,0.0
14,175,12.0,7.768995039303268,1.0,1.0,1.0,1.0,0.0,0.0
0,180,11.562519576746,6.9373922511191655,0.0,0.0,0.0,0.0,1.0,0.0
1,180,10.48916830180167,0.0,0.0,1.0,1.0,1.0,0.0,0.0
2,180,8.53041627029064,6.549843890096582,0.0,0.0,0.0,0.0,0.0,1.0
3,180,0.1387118714964386,10.263412418518724,1.0,1.0,0.0,1.0,1.0,1.0
4,180,9.036124217788586,9.169696055978234,0.0,0.0,0.0,0.0,0.0,1.0
5,180,11.717316227001229,10.820620390006033,1.0,1.0,0.0,0.0,0.0,0.0
6,180,7.207598333225713,8.444742205603124,0.0,1.0,0.0,0.0,1.0,1.0
7,180,8.487000759081306,1.3276233237949011,0.0,0.0,1.0,0.0,0.0,1.0
8,180,8.287287711964627,11.467750508775394,0.0,0.0,0.0,0.0,1.0,0.0
9,180,6.811202958607907,2.827528457415522,0.0,1.0,1.0,0.0,1.0,1.0
10,180,4.910832467003753,9.817964730533951,0.0,0.0,1.0,0.0,1.0,0.0
11,180,12.0,4.295126130679488,1.0,1.0,0.0,0.0,1.0,1.0
12,180,1.573088885936731,0.0,1.0,0.0,0.0,0.0,1.0,1.0
13,180,11.605873360220134,10.533845748397397,0.0,0.0,0.0,1.0,0.0,0.0
14,180,12.0,7.847200002889807,1.0,1.0,1.0,1.0,0.0,0.0
0,185,11.570219973509436,6.984585899872742,0.0,0.0,0.0,0.0,1.0,0.0
1,185,10.502223717388802,0.0,0.0,1.0,1.0,1.0,0.0,0.0
2,185,8.603229871808992,6.485434763040191,0.0,0.0,0.0,0.0,0.0,1.0
3,185,0.1337366462558684,10.28181584714769,1.0,1.0,0.0,1.0,1.0,1.0
4,185,9.029225975447146,9.133882921911164,0.0,0.0,0.0,0.0,0.0,1.0
5,185,11.729632026126096,10.852016982337403,1.0,1.0,0.0,0.0,0.0,0.0
6,185,7.24490424620915,8.606506494932285,0.0,1.0,0.0,0.0,1.0,1.0
7,185,8.341151904837275,1.4421326193472408,0.0,0.0,1.0,0.0,0.0,1.0
8,185,8.320734698041166,11.505691273822457,0.0,0.0,0.0,0.0,1.0,0.0
9,185,6.77225030850783,2.801854967152572,0.0,1.0,1.0,0.0,1.0,1.0
10,185,4.823739142138195,9.699876912157714,0.0,0.0,1.0,0.0,1.0,0.0
11,185,12.0,4.28030210115366,1.0,1.0,0.0,0.0,1.0,1.0
12,185,1.5625798233570165,0.0,1.0,0.0,0.0,0.0,1.0,1.0
13,185,11.58810079803181,10.553862885951476,0.0,0.0,0.0,1.0,0.0,0.0
14,185,12.0,7.929290016303987,1.0,1.0,1.0,1.0,0.0,0.0
0,190,11.576266397348228,7.021210359798759,0.0,0.0,0.0,0.0,1.0,0.0
1,190,10.524239043694887,0.0,0.0,1.0,1.0,1.0,0.0,0.0
2,190,8.677620052203537,6.410940644798835,0.0,0.0,0.0,0.0,0.0,1.0
3,190,0.1252043857203803,10.313750394950478,1.0,1.0,0.0,1.0,1.0,1.0
4,190,9.020289868877615,9.08803596213109,0.0,0.0,0.0,0.0,0.0,1.0
5,190,11.735455432256517,10.866354890523713,1.0,1.0,0.0,0.0,0.0,0.0
6,190,7.282589569288209,8.783107766417192,0.0,1.0,0.0,0.0,1.0,1.0
7,190,8.213515993955305,1.5437758071789855,0.0,0.0,1.0,0.0,0.0,1.0
8,190,8.34667766141045,11.534679382888504,0.0,0.0,0.0,0.0,1.0,0.0
9,190,6.7493858176362,2.786032962475232,0.0,1.0,1.0,0.0,1.0,1.0
10,190,4.733687229290594,9.57417186351515,0.0,0.0,1.0,0.0,1.0,0.0
11,190,12.0,4.264971803750261,1.0,1.0,0.0,0.0,1.0,1.0
12,190,1.559378303536672,0.0,1.0,0.0,0.0,0.0,1.0,1.0
13,190,11.584339145511752,10.558098729693276,0.0,0.0,0.0,1.0,0.0,0.0
14,190,12.0,8.010538048117576,1.0,1.0,1.0,1.0,0.0,0.0
0,195,11.584419727666784,7.064472264160757,0.0,0.0,0.0,0.0,1.0,0.0
1,195,10.548129404535109,0.0,0.0,1.0,1.0,1.0,0.0,0.0
2,195,8.75537779247092,6.335300882599802,0.0,0.0,0.0,0.0,0.0,1.0
3,195,0.1283497990994737,10.302329910300704,1.0,1.0,0.0,1.0,1.0,1.0
4,195,9.012125624387505,9.049231131432116,0.0,0.0,0.0,0.0,0.0,1.0
5,195,11.736885814930025,10.869899217578382,1.0,1.0,0.0,0.0,0.0,0.0
6,195,7.325531779494295,8.971498551309152,0.0,1.0,0.0,0.0,1.0,1.0
7,195,8.090901901647152,1.64208329664093,0.0,0.0,1.0,0.0,0.0,1.0
8,195,8.330551047693392,11.549316752872732,0.0,0.0,0.0,0.0,1.0,0.0
9,195,6.704769424196932,2.755250782122385,0.0,1.0,1.0,0.0,1.0,1.0
10,195,4.648146336010242,9.44355269628638,0.0,0.0,1.0,0.0,1.0,0.0
11,195,12.0,4.245647751889105,1.0,1.0,0.0,0.0,1.0,1.0
12,195,1.5572604010750115,0.0,1.0,0.0,0.0,0.0,1.0,1.0
13,195,11.579171990862266,10.563939511372302,0.0,0.0,0.0,1.0,0.0,0.0
14,195,12.0,8.087621660614765,1.0,1.0,1.0,1.0,0.0,0.0
0,200,11.592260289728909,7.106509349651491,0.0,0.0,0.0,0.0,1.0,0.0
1,200,10.57915235496734,0.0,0.0,1.0,1.0,1.0,0.0,0.0
2,200,8.844564959402964,6.245712168561317,0.0,0.0,0.0,0.0,0.0,1.0
3,200,0.1370260097751849,10.267653298345593,1.0,1.0,0.0,1.0,1.0,1.0
4,200,9.006516582384126,9.017608457471871,0.0,0.0,0.0,0.0,0.0,1.0
5,200,11.736529831764518,10.869015610587274,1.0,1.0,0.0,0.0,0.0,0.0
6,200,7.3647011953245025,9.14318582098165,0.0,1.0,0.0,0.0,1.0,1.0
7,200,7.960070155077863,1.7420116569862931,0.0,0.0,1.0,0.0,0.0,1.0
8,200,8.3167591379164,11.5627399032315,0.0,0.0,0.0,0.0,1.0,0.0
9,200,6.662488346421083,2.72653803181083,0.0,1.0,1.0,0.0,1.0,1.0
10,200,4.561481479947398,9.31325003863564,0.0,0.0,1.0,0.0,1.0,0.0
11,200,12.0,4.222016309135716,1.0,1.0,0.0,0.0,1.0,1.0
12,200,1.55420733704064,0.0,1.0,0.0,0.0,0.0,1.0,1.0
13,200,11.57789429948059,10.56538341052975,0.0,0.0,0.0,1.0,0.0,0.0
14,200,12.0,8.164637300881497,1.0,1.0,1.0,1.0,0.0,0.0
0,205,11.60046077410762,7.149993935251417,0.0,0.0,0.0,0.0,1.0,0.0
1,205,10.619457442232852,0.0,0.0,1.0,1.0,1.0,0.0,0.0
2,205,8.934204844020027,6.156328298040877,0.0,0.0,0.0,0.0,0.0,1.0
3,205,0.1427270381956014,10.243627806299706,1.0,1.0,0.0,1.0,1.0,1.0
4,205,9.003995615337367,9.004075971725152,0.0,0.0,0.0,0.0,0.0,1.0
5,205,11.736949109546286,10.870118306936885,1.0,1.0,0.0,0.0,0.0,0.0
6,205,7.40627854454423,9.330019835044718,0.0,1.0,0.0,0.0,1.0,1.0
7,205,7.824042954003898,1.8420534654727627,0.0,0.0,1.0,0.0,0.0,1.0
8,205,8.300839543505944,11.578594925814697,0.0,0.0,0.0,0.0,1.0,0.0
9,205,6.615032314085831,2.6935066776895877,0.0,1.0,1.0,0.0,1.0,1.0
10,205,4.470852911207791,9.171758936312328,0.0,0.0,1.0,0.0,1.0,0.0
11,205,12.0,4.200029116347397,1.0,1.0,0.0,0.0,1.0,1.0
12,205,1.5551465502632251,0.0026288373903727,1.0,0.0,0.0,0.0,1.0,1.0
13,205,11.57487041799362,10.568809805196064,0.0,0.0,0.0,1.0,0.0,0.0
14,205,12.0,8.230605853953266,1.0,1.0,1.0,1.0,0.0,0.0
0,210,11.609048422494489,7.19174606785025,0.0,0.0,0.0,0.0,1.0,0.0
1,210,10.646660923034757,0.0,0.0,1.0,1.0,1.0,0.0,0.0
2,210,9.024030654345864,6.066765696018523,0.0,0.0,0.0,0.0,0.0,1.0
3,210,0.1466767290826858,10.228506651823391,1.0,1.0,0.0,1.0,1.0,1.0
4,210,9.001669297085456,8.992472818970056,0.0,0.0,0.0,0.0,0.0,1.0
5,210,11.7389565877048,10.875475299284128,1.0,1.0,0.0,0.0,0.0,0.0
6,210,7.45400731640642,9.521691949223566,0.0,1.0,0.0,0.0,1.0,1.0
7,210,7.690093930858026,1.9320306505764235,0.0,0.0,1.0,0.0,0.0,1.0
8,210,8.272278936859024,11.606938175007606,0.0,0.0,0.0,0.0,1.0,0.0
9,210,6.574997415587303,2.6657808630442177,0.0,1.0,1.0,0.0,1.0,1.0
10,210,4.365295894500744,9.019035020639423,0.0,0.0,1.0,0.0,1.0,0.0
11,210,12.0,4.183203801920142,1.0,1.0,0.0,0.0,1.0,1.0
12,210,1.5559774424561883,0.0049284772495587,1.0,0.0,0.0,0.0,1.0,1.0
13,210,11.575072376212496,10.568582137090273,0.0,0.0,0.0,1.0,0.0,0.0
14,210,12.0,8.29346486028392,1.0,1.0,1.0,1.0,0.0,0.0
0,215,11.621529217711773,7.2458946267516255,0.0,0.0,0.0,0.0,1.0,0.0
1,215,10.690295639435666,0.0,0.0,1.0,1.0,1.0,0.0,0.0
2,215,9.135057777356142,5.960168959988659,0.0,0.0,0.0,0.0,0.0,1.0
3,215,0.1521451938076612,10.210685148255576,1.0,1.0,0.0,1.0,1.0,1.0
4,215,9.002264692780232,8.99519734221281,0.0,0.0,0.0,0.0,0.0,1.0
5,215,11.743893170860018,10.889285739778478,1.0,1.0,0.0,0.0,0.0,0.0
6,215,7.503539835144184,9.713133223799671,0.0,1.0,0.0,0.0,1.0,1.0
7,215,7.541876029173016,2.0324450404608543,0.0,0.0,1.0,0.0,0.0,1.0
8,215,8.2367660075248,11.642680517174732,0.0,0.0,0.0,0.0,1.0,0.0
9,215,6.512870399228396,2.622191036850452,0.0,1.0,1.0,0.0,1.0,1.0
10,215,4.267313379233611,8.877521371152778,0.0,0.0,1.0,0.0,1.0,0.0
11,215,12.0,4.167368076606532,1.0,1.0,0.0,0.0,1.0,1.0
12,215,1.5502820083686957,0.0,1.0,0.0,0.0,0.0,1.0,1.0
13,215,11.585150543856216,10.55672048829202,0.0,0.0,0.0,1.0,0.0,0.0
14,215,12.0,8.370086516093783,1.0,1.0,1.0,1.0,0.0,0.0
0,220,11.634202970770898,7.298382057647093,0.0,0.0,0.0,0.0,1.0,0.0
1,220,10.717328316220636,0.0,0.0,1.0,1.0,1.0,0.0,0.0
2,220,9.045161640782544,5.865115153108897,0.0,0.0,0.0,0.0,0.0,1.0
3,220,0.1565275338417358,10.19800435620549,1.0,1.0,0.0,1.0,1.0,1.0
4,220,9.003545811822589,9.00040394287968,0.0,0.0,0.0,0.0,0.0,1.0
5,220,11.744665044532525,10.89154685704144,1.0,1.0,0.0,0.0,0.0,0.0
6,220,7.548533893649998,9.90471073676147,0.0,1.0,0.0,0.0,1.0,1.0
7,220,7.377206749979869,2.1388958337808286,0.0,0.0,1.0,0.0,0.0,1.0
8,220,8.19806215812373,11.681317432894303,0.0,0.0,0.0,0.0,1.0,0.0
9,220,6.4521568778050815,2.5782189716859185,0.0,1.0,1.0,0.0,1.0,1.0
10,220,4.166181482805121,8.735587979503666,0.0,0.0,1.0,0.0,1.0,0.0
11,220,12.0,4.153524444612751,1.0,1.0,0.0,0.0,1.0,1.0
12,220,1.53866686752165,0.0,1.0,0.0,0.0,0.0,1.0,1.0
13,220,11.597348131169788,10.542238510371424,0.0,0.0,0.0,1.0,0.0,0.0
14,220,12.0,8.445658327640677,1.0,1.0,1.0,1.0,0.0,0.0
0,225,11.64320920671363,7.333058188196633,0.0,0.0,0.0,0.0,1.0,0.0
1,225,10.733458742142792,0.0,0.0,1.0,1.0,1.0,0.0,0.0
2,225,8.944363774923776,5.753881631092709,0.0,0.0,0.0,0.0,0.0,1.0
3,225,0.1653681126542791,10.174278822933008,1.0,1.0,0.0,1.0,1.0,1.0
4,225,9.00512768990897,9.006901154925195,0.0,0.0,0.0,0.0,0.0,1.0
5,225,11.740692130231952,10.87886360522053,1.0,1.0,0.0,0.0,0.0,0.0
6,225,7.592234276193193,10.101382311186784,0.0,1.0,0.0,0.0,1.0,1.0
7,225,7.218889564329008,2.236562494986253,0.0,0.0,1.0,0.0,0.0,1.0
8,225,8.152720061844507,11.725579407264709,0.0,0.0,0.0,0.0,1.0,0.0
9,225,6.399686329353145,2.541804110571668,0.0,1.0,1.0,0.0,1.0,1.0
10,225,4.058296759778289,8.586129969446505,0.0,0.0,1.0,0.0,1.0,0.0
11,225,12.0,4.134741314918752,1.0,1.0,0.0,0.0,1.0,1.0
12,225,1.5274189539341558,0.0,1.0,0.0,0.0,0.0,1.0,1.0
13,225,11.617061362779054,10.519496202716752,0.0,0.0,0.0,1.0,0.0,0.0
14,225,12.0,8.52717703735201,1.0,1.0,1.0,1.0,0.0,0.0
0,230,11.648613983249952,7.355877614789189,0.0,0.0,0.0,0.0,1.0,0.0
1,230,10.6995405082132,0.0,0.0,1.0,1.0,1.0,0.0,0.0
2,230,8.843588260790826,5.642987406961569,0.0,0.0,0.0,0.0,0.0,1.0
3,230,0.1768309652750402,10.14471416071777,1.0,1.0,0.0,1.0,1.0,1.0
4,230,9.001548115071577,8.991714016694868,0.0,0.0,0.0,0.0,0.0,1.0
5,230,11.735296097494924,10.86345453938945,1.0,1.0,0.0,0.0,0.0,0.0
6,230,7.641233092127655,10.310722211166372,0.0,1.0,0.0,0.0,1.0,1.0
7,230,7.068233569008721,2.3292695889437,0.0,0.0,1.0,0.0,0.0,1.0
8,230,8.107314078471498,11.769779440804678,0.0,0.0,0.0,0.0,1.0,0.0
9,230,6.351313208376289,2.50877362649653,0.0,1.0,1.0,0.0,1.0,1.0
10,230,3.944582081835703,8.42012177466761,0.0,0.0,1.0,0.0,1.0,0.0
11,230,12.0,4.122474098235526,1.0,1.0,0.0,0.0,1.0,1.0
12,230,1.5090487497009002,0.0,1.0,0.0,0.0,0.0,1.0,1.0
13,230,11.636819490081251,10.497283895785786,0.0,0.0,0.0,1.0,0.0,0.0
14,230,12.0,8.606136668661378,1.0,1.0,1.0,1.0,0.0,0.0
0,235,11.651063225610296,7.365081161942237,0.0,0.0,0.0,0.0,1.0,0.0
1,235,10.662931125527598,0.0,0.0,1.0,1.0,1.0,0.0,0.0
2,235,8.743130319039965,5.5414684012451305,0.0,0.0,0.0,0.0,0.0,1.0
3,235,0.1894594042019332,10.111033055402403,1.0,1.0,0.0,1.0,1.0,1.0
4,235,9.001210386927,8.990179615452583,0.0,0.0,0.0,0.0,0.0,1.0
5,235,11.735764058170824,10.864741320371683,1.0,1.0,0.0,0.0,0.0,0.0
6,235,7.696949553380999,10.532159215355598,0.0,1.0,0.0,0.0,1.0,1.0
7,235,6.914770186835114,2.4239276409892634,0.0,0.0,1.0,0.0,0.0,1.0
8,235,8.052532117191147,11.822074825129672,0.0,0.0,0.0,0.0,1.0,0.0
9,235,6.30844470806569,2.4785269636160003,0.0,1.0,1.0,0.0,1.0,1.0
10,235,3.815633215880045,8.231388408469309,0.0,0.0,1.0,0.0,1.0,0.0
11,235,12.0,4.110256178664491,1.0,1.0,0.0,0.0,1.0,1.0
12,235,1.487198438051509,0.0,1.0,0.0,0.0,0.0,1.0,1.0
13,235,11.664069265286182,10.467924878140634,0.0,0.0,0.0,1.0,0.0,0.0
14,235,12.0,8.672542920007995,1.0,1.0,1.0,1.0,0.0,0.0
0,240,11.658183540900303,7.393381994540593,0.0,0.0,0.0,0.0,1.0,0.0
1,240,10.636697523189042,0.0,0.0,1.0,1.0,1.0,0.0,0.0
2,240,8.662932326504679,5.461047989592929,0.0,0.0,0.0,0.0,0.0,1.0
3,240,0.1969573970420697,10.090631545122122,1.0,1.0,0.0,1.0,1.0,1.0
4,240,8.998157011582032,8.976791165057278,0.0,0.0,0.0,0.0,0.0,1.0
5,240,11.73695551468109,10.86816555281036,1.0,1.0,0.0,0.0,0.0,0.0
6,240,7.755888565853914,10.77053448769169,0.0,1.0,0.0,0.0,1.0,1.0
7,240,6.830084638572231,2.2903120336464604,0.0,0.0,1.0,0.0,0.0,1.0
8,240,8.004723005285117,11.867799230221506,0.0,0.0,0.0,0.0,1.0,0.0
9,240,6.27643119738654,2.4559823012519035,0.0,1.0,1.0,0.0,1.0,1.0
10,240,3.685277205815496,8.034796389965221,0.0,0.0,1.0,0.0,1.0,0.0
11,240,12.0,4.095150088780951,1.0,1.0,0.0,0.0,1.0,1.0
12,240,1.457001045388845,0.0,1.0,0.0,0.0,0.0,1.0,1.0
13,240,11.702588004434627,10.424970131273753,0.0,0.0,0.0,1.0,0.0,0.0
14,240,12.0,8.739217705866542,1.0,1.0,1.0,1.0,0.0,0.0
0,245,11.660259660911963,7.401459683802995,0.0,0.0,0.0,0.0,1.0,0.0
1,245,10.61611474258982,0.0,0.0,1.0,1.0,1.0,0.0,0.0
2,245,8.57634117974898,5.379478681838089,0.0,0.0,0.0,0.0,0.0,1.0
3,245,0.2076559922662267,10.061818495470412,1.0,1.0,0.0,1.0,1.0,1.0
4,245,8.998065924746456,8.976427215400465,0.0,0.0,0.0,0.0,0.0,1.0
5,245,11.734123646382091,10.859337277370484,1.0,1.0,0.0,0.0,0.0,0.0
6,245,7.816238604688752,11.021793329643272,0.0,1.0,0.0,0.0,1.0,1.0
7,245,6.7447895887534655,2.152182197306636,0.0,0.0,1.0,0.0,0.0,1.0
8,245,7.971538909556416,11.89974542659882,0.0,0.0,0.0,0.0,1.0,0.0
9,245,6.259068082714916,2.443817727093155,0.0,1.0,1.0,0.0,1.0,1.0
10,245,3.5517125976738915,7.834641680340355,0.0,0.0,1.0,0.0,1.0,0.0
11,245,12.0,4.079169587393982,1.0,1.0,0.0,0.0,1.0,1.0
12,245,1.4335296876714496,0.0,1.0,0.0,0.0,0.0,1.0,1.0
13,245,11.748439431828768,10.376942365350107,0.0,0.0,0.0,1.0,0.0,0.0
14,245,12.0,8.806337148186662,1.0,1.0,1.0,1.0,0.0,0.0
0,250,11.666368315020453,7.421583501079231,0.0,0.0,0.0,0.0,1.0,0.0
1,250,10.593025374957897,0.0,0.0,1.0,1.0,1.0,0.0,0.0
2,250,8.506644611425077,5.31462961360284,0.0,0.0,0.0,0.0,0.0,1.0
3,250,0.2158417024235663,10.038788265853732,1.0,1.0,0.0,1.0,1.0,1.0
4,250,8.997927271464967,8.97590027124912,0.0,0.0,0.0,0.0,0.0,1.0
5,250,11.728484387512127,10.84339941544292,1.0,1.0,0.0,0.0,0.0,0.0
6,250,7.8691761366201955,11.27003408437742,0.0,1.0,0.0,0.0,1.0,1.0
7,250,6.659589546446841,2.0176543699482035,0.0,0.0,1.0,0.0,0.0,1.0
8,250,7.94443486551303,11.926895584162583,0.0,0.0,0.0,0.0,1.0,0.0
9,250,6.242069350108967,2.431793279901938,0.0,1.0,1.0,0.0,1.0,1.0
10,250,3.4222920067963183,7.628323172120702,0.0,0.0,1.0,0.0,1.0,0.0
11,250,12.0,4.072640620005928,1.0,1.0,0.0,0.0,1.0,1.0
12,250,1.4146120791076977,0.0,1.0,0.0,0.0,0.0,1.0,1.0
13,250,11.805334736782918,10.319264035677469,0.0,0.0,0.0,1.0,0.0,0.0
14,250,12.0,8.876244154477675,1.0,1.0,1.0,1.0,0.0,0.0
0,255,11.66633392041688,7.421469231699933,0.0,0.0,0.0,0.0,1.0,0.0
1,255,10.562226529946251,0.0,0.0,1.0,1.0,1.0,0.0,0.0
2,255,8.430975893988869,5.24126774592174,0.0,0.0,0.0,0.0,0.0,1.0
3,255,0.2233924579689433,10.018265107207167,1.0,1.0,0.0,1.0,1.0,1.0
4,255,8.996186942077175,8.969746386834233,0.0,0.0,0.0,0.0,0.0,1.0
5,255,11.716352324735295,10.808104425787732,1.0,1.0,0.0,0.0,0.0,0.0
6,255,7.912799861005776,11.489340230400218,0.0,1.0,0.0,0.0,1.0,1.0
7,255,6.579299552409637,1.888135079286953,0.0,0.0,1.0,0.0,0.0,1.0
8,255,7.915312060517372,11.954823834727206,0.0,0.0,0.0,0.0,1.0,0.0
9,255,6.23626878655857,2.4276397915224104,0.0,1.0,1.0,0.0,1.0,1.0
10,255,3.298846025414135,7.433806406622313,0.0,0.0,1.0,0.0,1.0,0.0
11,255,12.0,4.067517318287313,1.0,1.0,0.0,0.0,1.0,1.0
12,255,1.4026226292665096,0.0,1.0,0.0,0.0,0.0,1.0,1.0
13,255,11.858535797803716,10.265899433450482,0.0,0.0,0.0,1.0,0.0,0.0
14,255,12.0,8.948576747832064,1.0,1.0,1.0,1.0,0.0,0.0
0,260,11.669976484058084,7.433399117073523,0.0,0.0,0.0,0.0,1.0,0.0
1,260,10.536148514392467,0.0,0.0,1.0,1.0,1.0,0.0,0.0
2,260,8.36145720572621,5.1713739563671375,0.0,0.0,0.0,0.0,0.0,1.0
3,260,0.191868747834213,10.00602888015126,1.0,1.0,0.0,1.0,1.0,1.0
4,260,8.994572005752836,8.963963215840252,0.0,0.0,0.0,0.0,0.0,1.0
5,260,11.703716705684624,10.769254963940996,1.0,1.0,0.0,0.0,0.0,0.0
6,260,7.949616727436674,11.70059660805948,0.0,1.0,0.0,0.0,1.0,1.0
7,260,6.502114503928773,1.761621833275246,0.0,0.0,1.0,0.0,0.0,1.0
8,260,7.889685590144003,11.979197047098678,0.0,0.0,0.0,0.0,1.0,0.0
9,260,6.223309705719324,2.41842648135428,0.0,1.0,1.0,0.0,1.0,1.0
10,260,3.1877615563740083,7.249100100382921,0.0,0.0,1.0,0.0,1.0,0.0
11,260,12.0,4.064247725363032,1.0,1.0,0.0,0.0,1.0,1.0
12,260,1.3899396152102286,0.0,1.0,0.0,0.0,0.0,1.0,1.0
13,260,11.899208949254366,10.225188880424778,0.0,0.0,0.0,1.0,0.0,0.0
14,260,12.0,9.017874881916203,1.0,1.0,1.0,1.0,0.0,0.0
0,265,11.678088235142516,7.461203686947941,0.0,0.0,0.0,0.0,1.0,0.0
1,265,10.514566052217331,0.0,0.0,1.0,1.0,1.0,0.0,0.0
2,265,8.274168010973845,5.088872806644227,0.0,0.0,0.0,0.0,0.0,1.0
3,265,0.1660649575018684,9.99706438072444,1.0,1.0,0.0,1.0,1.0,1.0
4,265,8.99467892189801,8.964353159209331,0.0,0.0,0.0,0.0,0.0,1.0
5,265,11.690063188460115,10.729542937396715,1.0,1.0,0.0,0.0,0.0,0.0
6,265,7.989326064287652,11.915748054457168,0.0,1.0,0.0,0.0,1.0,1.0
7,265,6.419829419945899,1.625845292571272,0.0,0.0,1.0,0.0,0.0,1.0
8,265,7.876638018988504,11.991955190343868,0.0,0.0,0.0,0.0,1.0,0.0
9,265,6.223978136890876,2.4188960907833845,0.0,1.0,1.0,0.0,1.0,1.0
10,265,3.0866407640054754,7.080392149522448,0.0,0.0,1.0,0.0,1.0,0.0
11,265,12.0,4.05618199142931,1.0,1.0,0.0,0.0,1.0,1.0
12,265,1.380013376640458,0.0,1.0,0.0,0.0,0.0,1.0,1.0
13,265,11.947749877779469,10.17725636566563,0.0,0.0,0.0,1.0,0.0,0.0
14,265,12.0,9.082594140332825,1.0,1.0,1.0,1.0,0.0,0.0
0,270,11.684785654850252,7.484856990149961,0.0,0.0,0.0,0.0,1.0,0.0
1,270,10.490012470850544,0.0,0.0,1.0,1.0,1.0,0.0,0.0
2,270,8.178901744330144,4.998281916823444,0.0,0.0,0.0,0.0,0.0,1.0
3,270,0.1389366627063194,9.98821519764468,1.0,1.0,0.0,1.0,1.0,1.0
4,270,8.996593297654591,8.971393887354353,0.0,0.0,0.0,0.0,0.0,1.0
5,270,11.669738568493576,10.669228037071152,1.0,1.0,0.0,0.0,0.0,0.0
6,270,8.025582866230074,12.0,0.0,1.0,0.0,0.0,1.0,1.0
7,270,6.346644494396366,1.511429988383468,0.0,0.0,1.0,0.0,0.0,1.0
8,270,7.839959523175409,12.0,0.0,0.0,0.0,0.0,1.0,0.0
9,270,6.233622722627329,2.4260248629599146,0.0,1.0,1.0,0.0,1.0,1.0
10,270,2.989924145312859,6.910967055526706,0.0,0.0,1.0,0.0,1.0,0.0
11,270,12.0,4.048809220640946,1.0,1.0,0.0,0.0,1.0,1.0
12,270,1.3680825595107922,0.0,1.0,0.0,0.0,0.0,1.0,1.0
13,270,11.993921806839586,10.130719071970548,0.0,0.0,0.0,1.0,0.0,0.0
14,270,12.0,9.13736110061165,1.0,1.0,1.0,1.0,0.0,0.0
0,275,11.693525356370724,7.51328541845147,0.0,0.0,0.0,0.0,1.0,0.0
1,275,10.471060824052111,0.0,0.0,1.0,1.0,1.0,0.0,0.0
2,275,8.095633699926305,4.922583786627161,0.0,0.0,0.0,0.0,0.0,1.0
3,275,0.0799555357186982,9.96750227995277,1.0,1.0,0.0,1.0,1.0,1.0
4,275,9.004540582860184,8.999207741229013,0.0,0.0,0.0,0.0,0.0,1.0
5,275,11.645461104129613,10.595768955104033,1.0,1.0,0.0,0.0,0.0,0.0
6,275,8.059651357176232,12.0,0.0,1.0,0.0,0.0,1.0,1.0
7,275,6.261167768173053,1.3776292784965518,0.0,0.0,1.0,0.0,0.0,1.0
8,275,7.78353959853149,12.0,0.0,0.0,0.0,0.0,1.0,0.0
9,275,6.227864602763657,2.421663235413963,0.0,1.0,1.0,0.0,1.0,1.0
10,275,2.9008660261639934,6.756153279576216,0.0,0.0,1.0,0.0,1.0,0.0
11,275,11.999149321396876,4.049073562296149,1.0,1.0,0.0,0.0,1.0,1.0
12,275,1.350708351226103,0.0,1.0,0.0,0.0,0.0,1.0,1.0
13,275,12.0,10.074506940036535,0.0,0.0,0.0,1.0,0.0,0.0
14,275,12.0,9.188870397674693,1.0,1.0,1.0,1.0,0.0,0.0
0,280,11.70713271582009,7.55484059848768,0.0,0.0,0.0,0.0,1.0,0.0
1,280,10.448223058950903,0.0,0.0,1.0,1.0,1.0,0.0,0.0
2,280,8.169181418521328,4.841376229513566,0.0,0.0,0.0,0.0,0.0,1.0
3,280,0.0154071388840478,9.945035508299249,1.0,1.0,0.0,1.0,1.0,1.0
4,280,9.014649772798048,9.037786151926428,0.0,0.0,0.0,0.0,0.0,1.0
5,280,11.62253206237912,10.52466117524982,1.0,1.0,0.0,0.0,0.0,0.0
6,280,8.091041366191313,12.0,0.0,1.0,0.0,0.0,1.0,1.0
7,280,6.182496049826615,1.2506668224584103,0.0,0.0,1.0,0.0,0.0,1.0
8,280,7.719657176789908,12.0,0.0,0.0,0.0,0.0,1.0,0.0
9,280,6.238065941604583,2.429579604187702,0.0,1.0,1.0,0.0,1.0,1.0
10,280,2.812184889349484,6.595037553915069,0.0,0.0,1.0,0.0,1.0,0.0
11,280,12.0,4.047187120509149,1.0,1.0,0.0,0.0,1.0,1.0
12,280,1.3228529622604686,0.0,1.0,0.0,0.0,0.0,1.0,1.0
13,280,12.0,10.030268117893234,0.0,0.0,0.0,1.0,0.0,0.0
14,280,12.0,9.252212646139904,1.0,1.0,1.0,1.0,0.0,0.0
0,285,11.7260874827424,7.612323795491733,0.0,0.0,0.0,0.0,1.0,0.0
1,285,10.415515115643329,0.0,0.0,1.0,1.0,1.0,0.0,0.0
2,285,8.238328432149506,4.758518008968252,0.0,0.0,0.0,0.0,0.0,1.0
3,285,0.0,9.915606069157,1.0,1.0,0.0,1.0,1.0,1.0
4,285,9.015549107277453,9.041260124705044,0.0,0.0,0.0,0.0,0.0,1.0
5,285,11.598880128371356,10.441382992562149,1.0,1.0,0.0,0.0,0.0,0.0
6,285,8.11823216230577,12.0,0.0,1.0,0.0,0.0,1.0,1.0
7,285,6.083645849248348,1.096968647676461,0.0,0.0,1.0,0.0,0.0,1.0
8,285,7.658910501510645,12.0,0.0,0.0,0.0,0.0,1.0,0.0
9,285,6.257657439477139,2.443628368915442,0.0,1.0,1.0,0.0,1.0,1.0
10,285,2.72441224905404,6.428790543138118,0.0,0.0,1.0,0.0,1.0,0.0
11,285,12.0,4.045359582586835,1.0,1.0,0.0,0.0,1.0,1.0
12,285,1.289745493666405,0.0,1.0,0.0,0.0,0.0,1.0,1.0
13,285,12.0,9.981469688039065,0.0,0.0,0.0,1.0,0.0,0.0
14,285,12.0,9.312533085981132,1.0,1.0,1.0,1.0,0.0,0.0
0,290,11.748356158986596,7.675804727887603,0.0,0.0,0.0,0.0,1.0,0.0
1,290,10.3886791698578,0.0,0.0,1.0,1.0,1.0,0.0,0.0
2,290,8.32088411875727,4.662654269580145,0.0,0.0,0.0,0.0,0.0,1.0
3,290,0.0,9.895307454318958,1.0,1.0,0.0,1.0,1.0,1.0
4,290,9.019579207610311,9.057770419924422,0.0,0.0,0.0,0.0,0.0,1.0
5,290,11.570787773902731,10.348622506465771,1.0,1.0,0.0,0.0,0.0,0.0
6,290,8.144417477430075,12.0,0.0,1.0,0.0,0.0,1.0,1.0
7,290,5.972245328092851,0.9222606216016944,0.0,0.0,1.0,0.0,0.0,1.0
8,290,7.616709852884834,12.0,0.0,0.0,0.0,0.0,1.0,0.0
9,290,6.249204755197812,2.43755996747096,0.0,1.0,1.0,0.0,1.0,1.0
10,290,2.6404153968974144,6.269165102356947,0.0,0.0,1.0,0.0,1.0,0.0
11,290,12.0,4.043521825891895,1.0,1.0,0.0,0.0,1.0,1.0
12,290,1.251480144700413,0.0,1.0,0.0,0.0,0.0,1.0,1.0
13,290,12.0,9.93134823156613,0.0,0.0,0.0,1.0,0.0,0.0
14,290,12.0,9.368912238930516,1.0,1.0,1.0,1.0,0.0,0.0
0,295,11.767888503489011,7.735780538690012,0.0,0.0,0.0,0.0,1.0,0.0
1,295,10.369657214920569,0.0,0.0,1.0,1.0,1.0,0.0,0.0
2,295,8.39119072834949,4.5832936193414815,0.0,0.0,0.0,0.0,0.0,1.0
3,295,0.0,9.869430535765488,1.0,1.0,0.0,1.0,1.0,1.0
4,295,9.02437158315142,9.0770991803652,0.0,0.0,0.0,0.0,0.0,1.0
5,295,11.53670690178554,10.23406461884147,1.0,1.0,0.0,0.0,0.0,0.0
6,295,8.173696934726351,12.0,0.0,1.0,0.0,0.0,1.0,1.0
7,295,5.861543263605899,0.7459197768931934,0.0,0.0,1.0,0.0,0.0,1.0
8,295,7.570892380338801,12.0,0.0,0.0,0.0,0.0,1.0,0.0
9,295,6.22909529079353,2.423053819427847,0.0,1.0,1.0,0.0,1.0,1.0
10,295,2.5511477880691724,6.105013670787586,0.0,0.0,1.0,0.0,1.0,0.0
11,295,12.0,4.034804607398435,1.0,1.0,0.0,0.0,1.0,1.0
12,295,1.2103547511278454,0.0,1.0,0.0,0.0,0.0,1.0,1.0
13,295,12.0,9.894068523847466,0.0,0.0,0.0,1.0,0.0,0.0
14,295,12.0,9.423255710444204,1.0,1.0,1.0,1.0,0.0,0.0
