0,0,3.0071030542999337,12.0,1.0,0.0,0.0,0.0,0.0,1.0
1,0,10.972329718776258,4.023644397143593,0.0,0.0,0.0,1.0,0.0,0.0
2,0,1.0239981317658842,11.94741660921618,1.0,0.0,1.0,0.0,1.0,1.0
3,0,5.963029840228001,0.0325479706859707,1.0,1.0,0.0,0.0,1.0,0.0
4,0,8.047407674001255,5.0274191298148265,0.0,0.0,0.0,1.0,0.0,0.0
5,0,3.9477653156712793,5.001477419819622,0.0,1.0,0.0,0.0,0.0,0.0
6,0,5.004107307402914,3.9485540303812,1.0,0.0,0.0,0.0,1.0,1.0
7,0,7.949382285685974,5.023277770833623,0.0,0.0,1.0,0.0,0.0,0.0
8,0,10.943119792537663,0.0,0.0,0.0,0.0,1.0,0.0,1.0
9,0,8.00282002204355,5.979842155112779,0.0,0.0,0.0,1.0,0.0,0.0
10,0,9.968272721541387,9.983118851351492,0.0,1.0,1.0,0.0,1.0,0.0
11,0,8.041388478638865,8.972871977067252,1.0,1.0,1.0,0.0,0.0,0.0
12,0,9.05468530901137,6.024267926749906,0.0,1.0,0.0,0.0,0.0,0.0
13,0,1.0023629911387382,3.059000999190813,0.0,0.0,0.0,1.0,0.0,0.0
14,0,7.048119474228863,7.9626010923590655,1.0,1.0,0.0,0.0,1.0,0.0
0,5,3.013448327703121,12.0,1.0,0.0,0.0,0.0,0.0,1.0
1,5,10.947626568348268,4.044349064995534,0.0,0.0,0.0,1.0,0.0,0.0
2,5,1.0345051814374169,11.924123682071157,1.0,0.0,1.0,0.0,1.0,1.0
3,5,5.917752022121534,0.070998218481135,1.0,1.0,0.0,0.0,1.0,0.0
4,5,8.089298777409402,5.052014435217729,0.0,0.0,0.0,1.0,0.0,0.0
5,5,3.926072459621371,5.002106541862437,0.0,1.0,0.0,0.0,0.0,0.0
6,5,5.005785731656204,3.910122918851133,1.0,0.0,0.0,0.0,1.0,1.0
7,5,7.909500474421256,5.041761503489835,0.0,0.0,1.0,0.0,0.0,0.0
8,5,10.894892440007856,0.0,0.0,0.0,0.0,1.0,0.0,1.0
9,5,8.004880145421224,5.962461918380875,0.0,0.0,0.0,1.0,0.0,0.0
10,5,9.926888203479995,9.959708545992084,0.0,1.0,1.0,0.0,1.0,0.0
11,5,8.093309172304847,8.939294875493353,1.0,1.0,1.0,0.0,0.0,0.0
12,5,9.127814424910236,6.055293404753759,0.0,1.0,0.0,0.0,0.0,0.0
13,5,1.0053204360223158,3.1149742452666587,0.0,0.0,0.0,1.0,0.0,0.0
14,5,7.102179220947714,7.922057288217968,1.0,1.0,0.0,0.0,1.0,0.0
0,10,3.021080288981058,12.0,1.0,0.0,0.0,0.0,0.0,1.0
1,10,10.9325171702335,4.056941630735985,0.0,0.0,0.0,1.0,0.0,0.0
2,10,1.0482119263602594,11.89454043267054,1.0,0.0,1.0,0.0,1.0,1.0
3,10,5.878477618435123,0.1058086025573752,1.0,1.0,0.0,0.0,1.0,0.0
4,10,8.137820671327525,5.080852195711685,0.0,0.0,0.0,1.0,0.0,0.0
5,10,3.898476801986537,5.00320487865495,0.0,1.0,0.0,0.0,0.0,0.0
6,10,5.007276895498783,3.875150713093059,1.0,0.0,0.0,0.0,1.0,1.0
7,10,7.868563588773265,5.059202564727654,0.0,0.0,1.0,0.0,0.0,0.0
8,10,10.85094470107798,0.0,0.0,0.0,0.0,1.0,0.0,1.0
9,10,8.006967493404295,5.945495077990476,0.0,0.0,0.0,1.0,0.0,0.0
10,10,9.872312784528024,9.929005743249734,0.0,1.0,1.0,0.0,1.0,0.0
11,10,8.143564437655396,8.905936888674026,1.0,1.0,1.0,0.0,0.0,0.0
12,10,9.22798463045543,6.097712059041967,0.0,1.0,0.0,0.0,0.0,0.0
13,10,1.0560402841930752,3.112068688502469,0.0,0.0,0.0,1.0,0.0,0.0
14,10,7.14017712416975,7.892545944082894,1.0,1.0,0.0,0.0,1.0,0.0
0,15,3.033376037221838,12.0,1.0,0.0,0.0,0.0,0.0,1.0
1,15,10.904206210132944,4.080254496847845,0.0,0.0,0.0,1.0,0.0,0.0
2,15,1.0559038299975043,11.877404351801472,1.0,0.0,1.0,0.0,1.0,1.0
3,15,5.844748398271086,0.1364537922965498,1.0,1.0,0.0,0.0,1.0,0.0
4,15,8.185049602040296,5.108920268755464,0.0,0.0,0.0,1.0,0.0,0.0
5,15,3.8782117001781495,5.004162788294426,0.0,1.0,0.0,0.0,0.0,0.0
6,15,5.010015775976259,3.828619741632411,1.0,0.0,0.0,0.0,1.0,1.0
7,15,7.81104885209439,5.081892584844396,0.0,0.0,1.0,0.0,0.0,0.0
8,15,10.7995773251006,0.0,0.0,0.0,0.0,1.0,0.0,1.0
9,15,8.00824058281587,5.93540905662416,0.0,0.0,0.0,1.0,0.0,0.0
10,15,9.80630628708844,9.89458887556142,0.0,1.0,1.0,0.0,1.0,0.0
11,15,8.16744261939903,8.889861700589588,1.0,1.0,1.0,0.0,0.0,0.0
12,15,9.304276598748796,6.1269771830258986,0.0,1.0,0.0,0.0,0.0,0.0
13,15,1.0968210231952604,3.109818590272434,0.0,0.0,0.0,1.0,0.0,0.0
14,15,7.183664665761648,7.859584427218221,1.0,1.0,0.0,0.0,1.0,0.0
0,20,3.0455837435911484,12.0,1.0,0.0,0.0,0.0,0.0,1.0
1,20,10.864345696799278,4.112872143519519,0.0,0.0,0.0,1.0,0.0,0.0
2,20,1.0660264705240667,11.856450624653286,1.0,0.0,1.0,0.0,1.0,1.0
3,20,5.805457372573708,0.1706760269280459,1.0,1.0,0.0,0.0,1.0,0.0
4,20,8.224886805058471,5.133507367260618,0.0,0.0,0.0,1.0,0.0,0.0
5,20,3.846288854519651,5.005245401249567,0.0,1.0,0.0,0.0,0.0,0.0
6,20,5.013474354390671,3.7889234256526167,1.0,0.0,0.0,0.0,1.0,1.0
7,20,7.762119159866926,5.100156382807542,0.0,0.0,1.0,0.0,0.0,0.0
8,20,10.756728285018772,0.0,0.0,0.0,0.0,1.0,0.0,1.0
9,20,8.008644454698619,5.932070531761497,0.0,0.0,0.0,1.0,0.0,0.0
10,20,9.747864948166074,9.866249280600238,0.0,1.0,1.0,0.0,1.0,0.0
11,20,8.198349412671861,8.867761401151492,1.0,1.0,1.0,0.0,0.0,0.0
12,20,9.374096722766918,6.155520157105216,0.0,1.0,0.0,0.0,0.0,0.0
13,20,1.1390045801295992,3.1086668636570893,0.0,0.0,0.0,1.0,0.0,0.0
14,20,7.240063621576733,7.815597402502345,1.0,1.0,0.0,0.0,1.0,0.0
0,25,3.0521499313491014,12.0,1.0,0.0,0.0,0.0,0.0,1.0
1,25,10.818464335257682,4.151113233042178,0.0,0.0,0.0,1.0,0.0,0.0
2,25,1.082643808178861,11.818296132426887,1.0,0.0,1.0,0.0,1.0,1.0
3,25,5.775677069698372,0.1974722994678042,1.0,1.0,0.0,0.0,1.0,0.0
4,25,8.27350754658848,5.163703799279784,0.0,0.0,0.0,1.0,0.0,0.0
5,25,3.835446147782908,5.005881453983882,0.0,1.0,0.0,0.0,0.0,0.0
6,25,5.018208213006348,3.73834187673984,1.0,0.0,0.0,0.0,1.0,1.0
7,25,7.727723877375739,5.113397154218065,0.0,0.0,1.0,0.0,0.0,0.0
8,25,10.709540738831285,0.0,0.0,0.0,0.0,1.0,0.0,1.0
9,25,8.00534111855851,5.958662595869095,0.0,0.0,0.0,1.0,0.0,0.0
10,25,9.676237946735087,9.832533544679505,0.0,1.0,1.0,0.0,1.0,0.0
11,25,8.23457357787711,8.841173942188087,1.0,1.0,1.0,0.0,0.0,0.0
12,25,9.443540353096571,6.187451736351242,0.0,1.0,0.0,0.0,0.0,0.0
13,25,1.140191379203241,3.137855702444402,0.0,0.0,0.0,1.0,0.0,0.0
14,25,7.3037375550698,7.763626807781286,1.0,1.0,0.0,0.0,1.0,0.0
0,30,3.0579792100196976,12.0,1.0,0.0,0.0,0.0,0.0,1.0
1,30,10.779499807585838,4.1828265467194745,0.0,0.0,0.0,1.0,0.0,0.0
2,30,1.1063892055435387,11.76359177965071,1.0,0.0,1.0,0.0,1.0,1.0
3,30,5.746027780328949,0.2250201858045701,1.0,1.0,0.0,0.0,1.0,0.0
4,30,8.338013004835766,5.204908242868939,0.0,0.0,0.0,1.0,0.0,0.0
5,30,3.8374590873130714,5.005666356147158,0.0,1.0,0.0,0.0,0.0,0.0
6,30,5.024095474675361,3.664437025199664,1.0,0.0,0.0,0.0,1.0,1.0
7,30,7.700597352044529,5.124367115497524,0.0,0.0,1.0,0.0,0.0,0.0
8,30,10.653603785628832,0.0,0.0,0.0,0.0,1.0,0.0,1.0
9,30,8.001691763553993,5.984564579796374,0.0,0.0,0.0,1.0,0.0,0.0
10,30,9.615365948931505,9.80395420023544,0.0,1.0,1.0,0.0,1.0,0.0
11,30,8.263361686893886,8.82087838330111,1.0,1.0,1.0,0.0,0.0,0.0
12,30,9.541552294077391,6.231323802941724,0.0,1.0,0.0,0.0,0.0,0.0
13,30,1.140781666795352,3.1565965320563403,0.0,0.0,0.0,1.0,0.0,0.0
14,30,7.355507202753529,7.7222172327471394,1.0,1.0,0.0,0.0,1.0,0.0
0,35,3.01818273334593,12.0,1.0,0.0,0.0,0.0,0.0,1.0
1,35,10.754096101958318,4.203583752131832,0.0,0.0,0.0,1.0,0.0,0.0
2,35,1.1385749020067155,11.686724852455026,1.0,0.0,1.0,0.0,1.0,1.0
3,35,5.734912873599471,0.234865453531388,1.0,1.0,0.0,0.0,1.0,0.0
4,35,8.40436925809043,5.248433495177277,0.0,0.0,0.0,1.0,0.0,0.0
5,35,3.854554832152108,5.003526196984634,0.0,1.0,0.0,0.0,0.0,0.0
6,35,5.031398590230849,3.574949096232645,1.0,0.0,0.0,0.0,1.0,1.0
7,35,7.7007435191324465,5.1243114578095135,0.0,0.0,1.0,0.0,0.0,0.0
8,35,10.614187435106338,0.0,0.0,0.0,0.0,1.0,0.0,1.0
9,35,7.998470182716391,6.005874721034438,0.0,0.0,0.0,1.0,0.0,0.0
10,35,9.543540719625598,9.771213661002012,0.0,1.0,1.0,0.0,1.0,0.0
11,35,8.2963025536164,8.797472277452671,1.0,1.0,1.0,0.0,0.0,0.0
12,35,9.633531355377974,6.272493137412795,0.0,1.0,0.0,0.0,0.0,0.0
13,35,1.141298310261024,3.176206616820574,0.0,0.0,0.0,1.0,0.0,0.0
14,35,7.403024235915423,7.684563676820413,1.0,1.0,0.0,0.0,1.0,0.0
0,40,2.990067265796949,12.0,1.0,0.0,0.0,0.0,0.0,1.0
1,40,10.730484638042366,4.222152847870865,0.0,0.0,0.0,1.0,0.0,0.0
2,40,1.1710573283952632,11.609656484575126,1.0,0.0,1.0,0.0,1.0,1.0
3,40,5.7165712144887655,0.2504142585154816,1.0,1.0,0.0,0.0,1.0,0.0
4,40,8.476598474690626,5.294935761678722,0.0,0.0,0.0,1.0,0.0,0.0
5,40,3.892856667979448,4.997514175935626,0.0,1.0,0.0,0.0,0.0,0.0
6,40,5.037656653492107,3.493504806014216,1.0,0.0,0.0,0.0,1.0,1.0
7,40,7.683063323658047,5.130411719236136,0.0,0.0,1.0,0.0,0.0,0.0
8,40,10.59616696159421,0.0,0.0,0.0,0.0,1.0,0.0,1.0
9,40,7.994139121527988,6.033637435184281,0.0,0.0,0.0,1.0,0.0,0.0
10,40,9.45889872549532,9.731310344320136,0.0,1.0,1.0,0.0,1.0,0.0
11,40,8.324919898488988,8.777184691210694,1.0,1.0,1.0,0.0,0.0,0.0
12,40,9.71991319487955,6.3109569027100045,0.0,1.0,0.0,0.0,0.0,0.0
13,40,1.1414328824762576,3.1841236198111544,0.0,0.0,0.0,1.0,0.0,0.0
14,40,7.456492734988591,7.641016834470462,1.0,1.0,0.0,0.0,1.0,0.0
0,45,2.9605311927132227,12.0,1.0,0.0,0.0,0.0,0.0,1.0
1,45,10.695844916567488,4.248916835409717,0.0,0.0,0.0,1.0,0.0,0.0
2,45,1.1957889533687165,11.550892047811567,1.0,0.0,1.0,0.0,1.0,1.0
3,45,5.702760540791729,0.2623590291857354,1.0,1.0,0.0,0.0,1.0,0.0
4,45,8.544446729723354,5.338422491836055,0.0,0.0,0.0,1.0,0.0,0.0
5,45,3.9286569730864,4.991144895679587,0.0,1.0,0.0,0.0,0.0,0.0
6,45,5.045541719324603,3.395462752485408,1.0,0.0,0.0,0.0,1.0,1.0
7,45,7.699009447511332,5.124379255226756,0.0,0.0,1.0,0.0,0.0,0.0
8,45,10.580355216604106,0.0,0.0,0.0,0.0,1.0,0.0,1.0
9,45,7.99028880195471,6.0637889623845,0.0,0.0,0.0,1.0,0.0,0.0
10,45,9.375264668088631,9.692907333572713,0.0,1.0,1.0,0.0,1.0,0.0
11,45,8.352226280620322,8.756468089320888,1.0,1.0,1.0,0.0,0.0,0.0
12,45,9.7917763819463,6.346271928177086,0.0,1.0,0.0,0.0,0.0,0.0
13,45,1.1413854269931831,3.1735794167508824,0.0,0.0,0.0,1.0,0.0,0.0
14,45,7.506923141056344,7.597611281248553,1.0,1.0,0.0,0.0,1.0,0.0
0,50,2.907512286136738,12.0,1.0,0.0,0.0,0.0,0.0,1.0
1,50,10.680207215726526,4.261299400627768,0.0,0.0,0.0,1.0,0.0,0.0
2,50,1.2102830360514143,11.512335337822048,1.0,0.0,1.0,0.0,1.0,1.0
3,50,5.680183037810005,0.2822077445642638,1.0,1.0,0.0,0.0,1.0,0.0
4,50,8.632155763482876,5.394879672749936,0.0,0.0,0.0,1.0,0.0,0.0
5,50,3.957391683748473,4.986734356946784,0.0,1.0,0.0,0.0,0.0,0.0
6,50,5.052989710809044,3.2778226651255244,1.0,0.0,0.0,0.0,1.0,1.0
7,50,7.740537502013221,5.108865996484352,0.0,0.0,1.0,0.0,0.0,0.0
8,50,10.548754655073536,0.0,0.0,0.0,0.0,1.0,0.0,1.0
9,50,7.986650839107908,6.095274585596673,0.0,0.0,0.0,1.0,0.0,0.0
10,50,9.310220621362554,9.662724157704332,0.0,1.0,1.0,0.0,1.0,0.0
11,50,8.366145092739067,8.746062285549051,1.0,1.0,1.0,0.0,0.0,0.0
12,50,9.867686666958098,6.382027262881396,0.0,1.0,0.0,0.0,0.0,0.0
13,50,1.1413164651704295,3.1699471191145223,0.0,0.0,0.0,1.0,0.0,0.0
14,50,7.541376794567736,7.567619137682868,1.0,1.0,0.0,0.0,1.0,0.0
0,55,2.862403596306046,12.0,1.0,0.0,0.0,0.0,0.0,1.0
1,55,10.663089893200384,4.274991720303679,0.0,0.0,0.0,1.0,0.0,0.0
2,55,1.225849426316704,11.468218444059293,1.0,0.0,1.0,0.0,1.0,1.0
3,55,5.665981377945242,0.2948529742114552,1.0,1.0,0.0,0.0,1.0,0.0
4,55,8.707645816940301,5.443459536704139,0.0,0.0,0.0,1.0,0.0,0.0
5,55,4.000716167731914,4.979954007964904,0.0,1.0,0.0,0.0,0.0,0.0
6,55,5.060069288087406,3.165386979043705,1.0,0.0,0.0,0.0,1.0,1.0
7,55,7.766000950490818,5.098749837134063,0.0,0.0,1.0,0.0,0.0,0.0
8,55,10.497098554333954,0.0,0.0,0.0,0.0,1.0,0.0,1.0
9,55,7.9822034120436465,6.1271077537123295,0.0,0.0,0.0,1.0,0.0,0.0
10,55,9.248767570521622,9.633058440899257,0.0,1.0,1.0,0.0,1.0,0.0
11,55,8.401531225864927,8.718648671162791,1.0,1.0,1.0,0.0,0.0,0.0
12,55,9.936193314258274,6.414594414199839,0.0,1.0,0.0,0.0,0.0,0.0
13,55,1.1413930587286674,3.172306094459475,0.0,0.0,0.0,1.0,0.0,0.0
14,55,7.589279139010251,7.526283064441103,1.0,1.0,0.0,0.0,1.0,0.0
0,60,2.8074682978458365,12.0,1.0,0.0,0.0,0.0,0.0,1.0
1,60,10.633038437760131,4.29980990933619,0.0,0.0,0.0,1.0,0.0,0.0
2,60,1.2444850240817125,11.416582445003414,1.0,0.0,1.0,0.0,1.0,1.0
3,60,5.652318826383524,0.3068112014290926,1.0,1.0,0.0,0.0,1.0,0.0
4,60,8.790039642581736,5.49762248051375,0.0,0.0,0.0,1.0,0.0,0.0
5,60,4.047973478989606,4.9715658196946,0.0,1.0,0.0,0.0,0.0,0.0
6,60,5.065888300328442,3.052718127022993,1.0,0.0,0.0,0.0,1.0,1.0
7,60,7.814743357573658,5.081329931674471,0.0,0.0,1.0,0.0,0.0,0.0
8,60,10.443304146563667,0.0,0.0,0.0,0.0,1.0,0.0,1.0
9,60,7.97964688326146,6.144752805015361,0.0,0.0,0.0,1.0,0.0,0.0
10,60,9.189677004162782,9.605373435767662,0.0,1.0,1.0,0.0,1.0,0.0
11,60,8.42873202481986,8.698023471961053,1.0,1.0,1.0,0.0,0.0,0.0
12,60,10.00683425364788,6.448406303481859,0.0,1.0,0.0,0.0,0.0,0.0
13,60,1.1414031162250178,3.1724702640125733,0.0,0.0,0.0,1.0,0.0,0.0
14,60,7.636067911909977,7.4864392200770045,1.0,1.0,0.0,0.0,1.0,0.0
0,65,2.772164112718324,12.0,1.0,0.0,0.0,0.0,0.0,1.0
1,65,10.616794780789371,4.313444290772006,0.0,0.0,0.0,1.0,0.0,0.0
2,65,1.2616166168166043,11.373194714512076,1.0,0.0,1.0,0.0,1.0,1.0
3,65,5.622585430552445,0.3334635268488063,1.0,1.0,0.0,0.0,1.0,0.0
4,65,8.892354287965825,5.564326185428924,0.0,0.0,0.0,1.0,0.0,0.0
5,65,4.08814066403998,4.964681905366131,0.0,1.0,0.0,0.0,0.0,0.0
6,65,5.070636769659521,2.9475376785397263,1.0,0.0,0.0,0.0,1.0,1.0
7,65,7.853362986138122,5.067766309824678,0.0,0.0,1.0,0.0,0.0,0.0
8,65,10.37843602432785,0.0,0.0,0.0,0.0,1.0,0.0,1.0
9,65,7.97878431758777,6.150078270527373,0.0,0.0,0.0,1.0,0.0,0.0
10,65,9.12054474457758,9.573375981630551,0.0,1.0,1.0,0.0,1.0,0.0
11,65,8.4907033402458,8.648614945794868,1.0,1.0,1.0,0.0,0.0,0.0
12,65,10.070067373374282,6.478506377468278,0.0,1.0,0.0,0.0,0.0,0.0
13,65,1.142173767237744,3.1883739900707053,0.0,0.0,0.0,1.0,0.0,0.0
14,65,7.679523276665135,7.450630543884259,1.0,1.0,0.0,0.0,1.0,0.0
0,70,2.721221468539076,12.0,1.0,0.0,0.0,0.0,0.0,1.0
1,70,10.60061888156406,4.32693423821547,0.0,0.0,0.0,1.0,0.0,0.0
2,70,1.2740652966838195,11.342973521533978,1.0,0.0,1.0,0.0,1.0,1.0
3,70,5.589389054572267,0.3624271639951296,1.0,1.0,0.0,0.0,1.0,0.0
4,70,8.9855599331644,5.625624678874129,0.0,0.0,0.0,1.0,0.0,0.0
5,70,4.125255026443899,4.958562637637789,0.0,1.0,0.0,0.0,0.0,0.0
6,70,5.072352820235131,2.839190633529153,1.0,0.0,0.0,0.0,1.0,1.0
7,70,7.909243601191879,5.049436516186879,0.0,0.0,1.0,0.0,0.0,0.0
8,70,10.332016900064618,0.0,0.0,0.0,0.0,1.0,0.0,1.0
9,70,7.977658175536078,6.157940297146819,0.0,0.0,0.0,1.0,0.0,0.0
10,70,9.059294604841533,9.545873910410762,0.0,1.0,1.0,0.0,1.0,0.0
11,70,8.570763034235451,8.584204478371605,1.0,1.0,1.0,0.0,0.0,0.0
12,70,10.147374631176673,6.511599437211282,0.0,1.0,0.0,0.0,0.0,0.0
13,70,1.1417822708622851,3.1833852335586723,0.0,0.0,0.0,1.0,0.0,0.0
14,70,7.699476941309254,7.4342808177656305,1.0,1.0,0.0,0.0,1.0,0.0
0,75,2.674379292525572,12.0,1.0,0.0,0.0,0.0,0.0,1.0
1,75,10.593258817899796,4.332826866927308,0.0,0.0,0.0,1.0,0.0,0.0
2,75,1.2851686273162213,11.31732939639309,1.0,0.0,1.0,0.0,1.0,1.0
3,75,5.565109623333695,0.3841765307729752,1.0,1.0,0.0,0.0,1.0,0.0
4,75,9.08240520088218,5.693928360919435,0.0,0.0,0.0,1.0,0.0,0.0
5,75,4.17290640178606,4.950719616921553,0.0,1.0,0.0,0.0,0.0,0.0
6,75,5.075565284244694,2.739717527604796,1.0,0.0,0.0,0.0,1.0,1.0
7,75,7.974023172580555,5.028961152525802,0.0,0.0,1.0,0.0,0.0,0.0
8,75,10.295723534519194,0.0,0.0,0.0,0.0,1.0,0.0,1.0
9,75,7.977215005041439,6.160937080883655,0.0,0.0,0.0,1.0,0.0,0.0
10,75,8.998754756284757,9.519573942567163,0.0,1.0,1.0,0.0,1.0,0.0
11,75,8.631717071173934,8.533225387725723,1.0,1.0,1.0,0.0,0.0,0.0
12,75,10.231489251556726,6.547583899508978,0.0,1.0,0.0,0.0,0.0,0.0
13,75,1.1396848845933465,3.1597499200991934,0.0,0.0,0.0,1.0,0.0,0.0
14,75,7.727800237890682,7.411277186314612,1.0,1.0,0.0,0.0,1.0,0.0
0,80,2.6248576962083408,12.0,1.0,0.0,0.0,0.0,0.0,1.0
1,80,10.593469261023875,4.332661437942075,0.0,0.0,0.0,1.0,0.0,0.0
2,80,1.2922359551874285,11.30070184654702,1.0,0.0,1.0,0.0,1.0,1.0
3,80,5.539526214779303,0.4061249157377935,1.0,1.0,0.0,0.0,1.0,0.0
4,80,9.2223411375211,5.791680400978333,0.0,0.0,0.0,1.0,0.0,0.0
5,80,4.231163630513848,4.940984951474509,0.0,1.0,0.0,0.0,0.0,0.0
6,80,5.078290204576986,2.6412222715448666,1.0,0.0,0.0,0.0,1.0,1.0
7,80,8.055895705423447,5.002581567362069,0.0,0.0,1.0,0.0,0.0,0.0
8,80,10.242425993521396,0.0,0.0,0.0,0.0,1.0,0.0,1.0
9,80,7.977328120071894,6.1601704667064725,0.0,0.0,0.0,1.0,0.0,0.0
10,80,8.939423495963831,9.492659550772768,0.0,1.0,1.0,0.0,1.0,0.0
11,80,8.694613569480579,8.480711189471563,1.0,1.0,1.0,0.0,0.0,0.0
12,80,10.322788758205746,6.587169495466715,0.0,1.0,0.0,0.0,0.0,0.0
13,80,1.1374979922856563,3.1234568353597267,0.0,0.0,0.0,1.0,0.0,0.0
14,80,7.765040530842309,7.382611994100692,1.0,1.0,0.0,0.0,1.0,0.0
0,85,2.552888549612015,12.0,1.0,0.0,0.0,0.0,0.0,1.0
1,85,10.59647254555203,4.330297139912172,0.0,0.0,0.0,1.0,0.0,0.0
2,85,1.3098112885835416,11.26240468807976,1.0,0.0,1.0,0.0,1.0,1.0
3,85,5.516930683310258,0.424649065118442,1.0,1.0,0.0,0.0,1.0,0.0
4,85,9.356046347049157,5.891967549048418,0.0,0.0,0.0,1.0,0.0,0.0
5,85,4.26988071294875,4.934957785871523,0.0,1.0,0.0,0.0,0.0,0.0
6,85,5.079472310368888,2.541582825144497,1.0,0.0,0.0,0.0,1.0,1.0
7,85,8.104371988956284,4.986635109601595,0.0,0.0,1.0,0.0,0.0,0.0
8,85,10.184180840272468,0.0,0.0,0.0,0.0,1.0,0.0,1.0
9,85,7.978372349956394,6.152668630483471,0.0,0.0,0.0,1.0,0.0,0.0
10,85,8.887885918529877,9.468146760125586,0.0,1.0,1.0,0.0,1.0,0.0
11,85,8.760342447503591,8.427082497982925,1.0,1.0,1.0,0.0,0.0,0.0
12,85,10.427122410037462,6.629126028501875,0.0,1.0,0.0,0.0,0.0,0.0
13,85,1.135023034855434,3.091513731223884,0.0,0.0,0.0,1.0,0.0,0.0
14,85,7.7991142671048115,7.356217514405799,1.0,1.0,0.0,0.0,1.0,0.0
0,90,2.4998295366737304,12.0,1.0,0.0,0.0,0.0,0.0,1.0
1,90,10.595818597234508,4.32946979820819,0.0,0.0,0.0,1.0,0.0,0.0
2,90,1.32822092163606,11.227312217504952,1.0,0.0,1.0,0.0,1.0,1.0
3,90,5.507335669460982,0.4324705981435152,1.0,1.0,0.0,0.0,1.0,0.0
4,90,9.494095487595144,5.998710136828741,0.0,0.0,0.0,1.0,0.0,0.0
5,90,4.280633797082379,4.933488687460565,0.0,1.0,0.0,0.0,0.0,0.0
6,90,5.078796009985141,2.4546226345233397,1.0,0.0,0.0,0.0,1.0,1.0
7,90,8.157601614251803,4.96971388784159,0.0,0.0,1.0,0.0,0.0,0.0
8,90,10.112830715173994,0.0,0.0,0.0,0.0,1.0,0.0,1.0
9,90,7.97467555141174,6.176126243302609,0.0,0.0,0.0,1.0,0.0,0.0
10,90,8.842984681912533,9.446462993045264,0.0,1.0,1.0,0.0,1.0,0.0
11,90,8.8279886615396,8.370278941936732,1.0,1.0,1.0,0.0,0.0,0.0
12,90,10.542240629738949,6.67340799090485,0.0,1.0,0.0,0.0,0.0,0.0
13,90,1.1321481700964269,3.053243113490124,0.0,0.0,0.0,1.0,0.0,0.0
14,90,7.821535178749985,7.338317422728673,1.0,1.0,0.0,0.0,1.0,0.0
0,95,2.4675778878899086,12.0,1.0,0.0,0.0,0.0,0.0,1.0
1,95,10.599588490472982,4.3343940587688525,0.0,0.0,0.0,1.0,0.0,0.0
2,95,1.341090655976912,11.20395277120248,1.0,0.0,1.0,0.0,1.0,1.0
3,95,5.4856582484846985,0.4495818942381277,1.0,1.0,0.0,0.0,1.0,0.0
4,95,9.626047091706328,6.096358739109394,0.0,0.0,0.0,1.0,0.0,0.0
5,95,4.29855576955347,4.93136285615404,0.0,1.0,0.0,0.0,0.0,0.0
6,95,5.077903730653318,2.3701240840740803,1.0,0.0,0.0,0.0,1.0,1.0
7,95,8.212165404388127,4.953018797737311,0.0,0.0,1.0,0.0,0.0,0.0
8,95,10.039074201846436,0.0,0.0,0.0,0.0,1.0,0.0,1.0
9,95,7.972453981520623,6.188876960178052,0.0,0.0,0.0,1.0,0.0,0.0
10,95,8.79947741475192,9.425425463559687,0.0,1.0,1.0,0.0,1.0,0.0
11,95,8.894665959972567,8.317222778150345,1.0,1.0,1.0,0.0,0.0,0.0
12,95,10.673663809325104,6.72391881123301,0.0,1.0,0.0,0.0,0.0,0.0
13,95,1.1291290213404797,2.9995769001592567,0.0,0.0,0.0,1.0,0.0,0.0
14,95,7.853031999943725,7.31383114845296,1.0,1.0,0.0,0.0,1.0,0.0
0,100,2.4451747047992,11.99965062227048,1.0,0.0,0.0,0.0,0.0,1.0
1,100,10.599198422759622,4.333877328852312,0.0,0.0,0.0,1.0,0.0,0.0
2,100,1.3558101961938582,11.176464650019298,1.0,0.0,1.0,0.0,1.0,1.0
3,100,5.466619580208686,0.4654120046455846,1.0,1.0,0.0,0.0,1.0,0.0
4,100,9.744348220255482,6.186477827989108,0.0,0.0,0.0,1.0,0.0,0.0
5,100,4.318856893919478,4.929310556932819,0.0,1.0,0.0,0.0,0.0,0.0
6,100,5.075793062368091,2.2694010352713185,1.0,0.0,0.0,0.0,1.0,1.0
7,100,8.294446847177907,4.926572664068013,0.0,0.0,1.0,0.0,0.0,0.0
8,100,9.96583223767703,0.0,0.0,0.0,0.0,1.0,0.0,1.0
9,100,7.972456068374799,6.1888633596237,0.0,0.0,0.0,1.0,0.0,0.0
10,100,8.744644235549643,9.397873183773603,0.0,1.0,1.0,0.0,1.0,0.0
11,100,8.94597236255588,8.275854474077635,1.0,1.0,1.0,0.0,0.0,0.0
12,100,10.782751204395783,6.767689548459626,0.0,1.0,0.0,0.0,0.0,0.0
13,100,1.1277405375890992,2.9718944192739736,0.0,0.0,0.0,1.0,0.0,0.0
14,100,7.901527321240954,7.27546893787598,1.0,1.0,0.0,0.0,1.0,0.0
0,105,2.4093603713429985,11.999068976589632,1.0,0.0,0.0,0.0,0.0,1.0
1,105,10.597001392793874,4.330932393680235,0.0,0.0,0.0,1.0,0.0,0.0
2,105,1.3607307949864011,11.167609001372034,1.0,0.0,1.0,0.0,1.0,1.0
3,105,5.434386878726609,0.4915678210629144,1.0,1.0,0.0,0.0,1.0,0.0
4,105,9.852783994400998,6.275064498117724,0.0,0.0,0.0,1.0,0.0,0.0
5,105,4.3292264865043775,4.928462564862355,0.0,1.0,0.0,0.0,0.0,0.0
6,105,5.074084676036379,2.176524235686697,1.0,0.0,0.0,0.0,1.0,1.0
7,105,8.370545111643244,4.901851707574046,0.0,0.0,1.0,0.0,0.0,0.0
8,105,9.893102125432767,0.0,0.0,0.0,0.0,1.0,0.0,1.0
9,105,7.972914990537077,6.186314392432472,0.0,0.0,0.0,1.0,0.0,0.0
10,105,8.70083048405925,9.377264348131254,0.0,1.0,1.0,0.0,1.0,0.0
11,105,8.99083503506855,8.241514141257097,1.0,1.0,1.0,0.0,0.0,0.0
12,105,10.88145514358465,6.806567207777168,0.0,1.0,0.0,0.0,0.0,0.0
13,105,1.126984853194007,2.9495221222748293,0.0,0.0,0.0,1.0,0.0,0.0
14,105,7.938222259323938,7.246647844438459,1.0,1.0,0.0,0.0,1.0,0.0
0,110,2.406321017606737,11.998968541976383,1.0,0.0,0.0,0.0,0.0,1.0
1,110,10.600028058933727,4.335156781712421,0.0,0.0,0.0,1.0,0.0,0.0
2,110,1.3673816507853649,11.154820673278152,1.0,0.0,1.0,0.0,1.0,1.0
3,110,5.398790789528738,0.5199360934500523,1.0,1.0,0.0,0.0,1.0,0.0
4,110,9.941238344032488,6.348219328844755,0.0,0.0,0.0,1.0,0.0,0.0
5,110,4.334883642562906,4.92814183667954,0.0,1.0,0.0,0.0,0.0,0.0
6,110,5.0722082210959405,2.073382053655072,1.0,0.0,0.0,0.0,1.0,1.0
7,110,8.440560864560526,4.880988164022052,0.0,0.0,1.0,0.0,0.0,0.0
8,110,9.81407929011078,0.0,0.0,0.0,0.0,1.0,0.0,1.0
9,110,7.97004158059725,6.20608314020388,0.0,0.0,0.0,1.0,0.0,0.0
10,110,8.667210378526253,9.362569667110629,0.0,1.0,1.0,0.0,1.0,0.0
11,110,9.03392662802452,8.207949059273192,1.0,1.0,1.0,0.0,0.0,0.0
12,110,10.973217654183122,6.842897976684372,0.0,1.0,0.0,0.0,0.0,0.0
13,110,1.1272485485415156,2.9563677082673894,0.0,0.0,0.0,1.0,0.0,0.0
14,110,7.997459083626703,7.202810804666436,1.0,1.0,0.0,0.0,1.0,0.0
0,115,2.396424676517509,11.99871823273669,1.0,0.0,0.0,0.0,0.0,1.0
1,115,10.61120963205732,4.351340428964278,0.0,0.0,0.0,1.0,0.0,0.0
2,115,1.3786216149700086,11.132224626356072,1.0,0.0,1.0,0.0,1.0,1.0
3,115,5.357688872907475,0.5519537753517438,1.0,1.0,0.0,0.0,1.0,0.0
4,115,10.024047073465276,6.42045832029935,0.0,0.0,0.0,1.0,0.0,0.0
5,115,4.353109925251816,4.927178745144617,0.0,1.0,0.0,0.0,0.0,0.0
6,115,5.070390755345842,1.964716630251967,1.0,0.0,0.0,0.0,1.0,1.0
7,115,8.519020230854094,4.857946622690503,0.0,0.0,1.0,0.0,0.0,0.0
8,115,9.72428659046128,0.0,0.0,0.0,0.0,1.0,0.0,1.0
9,115,7.96704699515225,6.225207159001504,0.0,0.0,0.0,1.0,0.0,0.0
10,115,8.63849029992665,9.35018028779923,0.0,1.0,1.0,0.0,1.0,0.0
11,115,9.07567041264358,8.1742643963294,1.0,1.0,1.0,0.0,0.0,0.0
12,115,11.06724202105719,6.877637354325449,0.0,1.0,0.0,0.0,0.0,0.0
13,115,1.127177313966122,2.9548399584447145,0.0,0.0,0.0,1.0,0.0,0.0
14,115,8.052572913447246,7.162155613833798,1.0,1.0,0.0,0.0,1.0,0.0
0,120,2.38542144185015,11.9985652448394,1.0,0.0,0.0,0.0,0.0,1.0
1,120,10.60369829439098,4.340708548196972,0.0,0.0,0.0,1.0,0.0,0.0
2,120,1.386056340399302,11.117810490833325,1.0,0.0,1.0,0.0,1.0,1.0
3,120,5.324366060575878,0.5785059249439689,1.0,1.0,0.0,0.0,1.0,0.0
4,120,10.11889580237027,6.506363453866135,0.0,0.0,0.0,1.0,0.0,0.0
5,120,4.399105160330853,4.92474886372794,0.0,1.0,0.0,0.0,0.0,0.0
6,120,5.068881943804728,1.841014814538132,1.0,0.0,0.0,0.0,1.0,1.0
7,120,8.604171084284589,4.829612276431131,0.0,0.0,1.0,0.0,0.0,0.0
8,120,9.633204202474683,0.0,0.0,0.0,0.0,1.0,0.0,1.0
9,120,7.964745562710504,6.238947038825371,0.0,0.0,0.0,1.0,0.0,0.0
10,120,8.619286407581937,9.342179830616027,0.0,1.0,1.0,0.0,1.0,0.0
11,120,9.114584537291986,8.143221256321572,1.0,1.0,1.0,0.0,0.0,0.0
12,120,11.16583901150502,6.914358389244628,0.0,1.0,0.0,0.0,0.0,0.0
13,120,1.1265066504615011,2.9374911693185517,0.0,0.0,0.0,1.0,0.0,0.0
14,120,8.105298609889074,7.121533955640046,1.0,1.0,0.0,0.0,1.0,0.0
0,125,2.362200783063893,11.998344767175888,1.0,0.0,0.0,0.0,0.0,1.0
1,125,10.595342469264155,4.328099631272044,0.0,0.0,0.0,1.0,0.0,0.0
2,125,1.3939758065094956,11.102890657523144,1.0,0.0,1.0,0.0,1.0,1.0
3,125,5.279696382787553,0.6142168460003085,1.0,1.0,0.0,0.0,1.0,0.0
4,125,10.213509671780844,6.593398075615494,0.0,0.0,0.0,1.0,0.0,0.0
5,125,4.448961042806788,4.9227898562272525,0.0,1.0,0.0,0.0,0.0,0.0
6,125,5.066263724336299,1.7320166340776757,1.0,0.0,0.0,0.0,1.0,1.0
7,125,8.69126157175308,4.800849658849539,0.0,0.0,1.0,0.0,0.0,0.0
8,125,9.55214723550549,0.0,0.0,0.0,0.0,1.0,0.0,1.0
9,125,7.958577533655839,6.28228683948747,0.0,0.0,0.0,1.0,0.0,0.0
10,125,8.621012082807962,9.34285972892923,0.0,1.0,1.0,0.0,1.0,0.0
11,125,9.152169301320782,8.112087487405024,1.0,1.0,1.0,0.0,0.0,0.0
12,125,11.260927189259592,6.952861889074784,0.0,1.0,0.0,0.0,0.0,0.0
13,125,1.1264358687373257,2.9350846156462915,0.0,0.0,0.0,1.0,0.0,0.0
14,125,8.146639907954516,7.088840160623897,1.0,1.0,0.0,0.0,1.0,0.0
0,130,2.3240627309787905,11.998741812963456,1.0,0.0,0.0,0.0,0.0,1.0
1,130,10.594351552795231,4.326748407159768,0.0,0.0,0.0,1.0,0.0,0.0
2,130,1.4126862664003434,11.068724026673658,1.0,0.0,1.0,0.0,1.0,1.0
3,130,5.232100044278902,0.6506128513119702,1.0,1.0,0.0,0.0,1.0,0.0
4,130,10.300061478722538,6.675120229782942,0.0,0.0,0.0,1.0,0.0,0.0
5,130,4.502295244097943,4.9209707837698495,0.0,1.0,0.0,0.0,0.0,0.0
6,130,5.065384363324469,1.6483071720640428,1.0,0.0,0.0,0.0,1.0,1.0
7,130,8.778793504148505,4.771604832858365,0.0,0.0,1.0,0.0,0.0,0.0
8,130,9.456495514354064,0.0,0.0,0.0,0.0,1.0,0.0,1.0
9,130,7.952574171772357,6.32032821608313,0.0,0.0,0.0,1.0,0.0,0.0
10,130,8.603053757343465,9.335825072398428,0.0,1.0,1.0,0.0,1.0,0.0
11,130,9.199842978371914,8.075197071035383,1.0,1.0,1.0,0.0,0.0,0.0
12,130,11.364101106412493,6.994596563097503,0.0,1.0,0.0,0.0,0.0,0.0
13,130,1.1269183768771516,2.9575015923630232,0.0,0.0,0.0,1.0,0.0,0.0
14,130,8.192703134337574,7.053411662518238,1.0,1.0,0.0,0.0,1.0,0.0
0,135,2.287559020186277,11.99858618843501,1.0,0.0,0.0,0.0,0.0,1.0
1,135,10.574302918857322,4.300332196096161,0.0,0.0,0.0,1.0,0.0,0.0
2,135,1.4375442350852916,11.024854148139642,1.0,0.0,1.0,0.0,1.0,1.0
3,135,5.177673101480688,0.6944925489051224,1.0,1.0,0.0,0.0,1.0,0.0
4,135,10.38792543438663,6.76336729983941,0.0,0.0,0.0,1.0,0.0,0.0
5,135,4.548972148124247,4.917793360364924,0.0,1.0,0.0,0.0,0.0,0.0
6,135,5.06232656223449,1.5771783516097284,1.0,0.0,0.0,0.0,1.0,1.0
7,135,8.865902035122224,4.744991848172268,0.0,0.0,1.0,0.0,0.0,0.0
8,135,9.347161653540828,0.0,0.0,0.0,0.0,1.0,0.0,1.0
9,135,7.945452823870575,6.3640650411953,0.0,0.0,0.0,1.0,0.0,0.0
10,135,8.57330584322801,9.32499710589514,0.0,1.0,1.0,0.0,1.0,0.0
11,135,9.226761163781136,8.054615472096295,1.0,1.0,1.0,0.0,0.0,0.0
12,135,11.462341720450915,7.033147179156098,0.0,1.0,0.0,0.0,0.0,0.0
13,135,1.1270401400073655,2.9705860847218943,0.0,0.0,0.0,1.0,0.0,0.0
14,135,8.240021388400372,7.017602670923698,1.0,1.0,0.0,0.0,1.0,0.0
0,140,2.265089840326192,11.998672435581206,1.0,0.0,0.0,0.0,0.0,1.0
1,140,10.554209841827891,4.275329155814405,0.0,0.0,0.0,1.0,0.0,0.0
2,140,1.460749327653302,10.98286761410677,1.0,0.0,1.0,0.0,1.0,1.0
3,140,5.099115311807943,0.753520567964119,1.0,1.0,0.0,0.0,1.0,0.0
4,140,10.470152928972851,6.8495563486844135,0.0,0.0,0.0,1.0,0.0,0.0
5,140,4.571990766848519,4.916018773126276,0.0,1.0,0.0,0.0,0.0,0.0
6,140,5.060340841561322,1.52716913931215,1.0,0.0,0.0,0.0,1.0,1.0
7,140,8.944363290913701,4.720940526241409,0.0,0.0,1.0,0.0,0.0,0.0
8,140,9.237121665444288,0.0,0.0,0.0,0.0,1.0,0.0,1.0
9,140,7.937830344609501,6.411860474137388,0.0,0.0,0.0,1.0,0.0,0.0
10,140,8.53540541899367,9.310985180217845,0.0,1.0,1.0,0.0,1.0,0.0
11,140,9.248090668014791,8.038255263274838,1.0,1.0,1.0,0.0,0.0,0.0
12,140,11.565103565966488,7.074625605175989,0.0,1.0,0.0,0.0,0.0,0.0
13,140,1.1271597977019272,2.9810468889182835,0.0,0.0,0.0,1.0,0.0,0.0
14,140,8.28530249849682,6.983505725198817,1.0,1.0,0.0,0.0,1.0,0.0
0,145,2.2428897863024213,11.999388087997778,1.0,0.0,0.0,0.0,0.0,1.0
1,145,10.531511109372977,4.245786637964906,0.0,0.0,0.0,1.0,0.0,0.0
2,145,1.4785054759862264,10.948938034597203,1.0,0.0,1.0,0.0,1.0,1.0
3,145,5.011809167291389,0.819275674268771,1.0,1.0,0.0,0.0,1.0,0.0
4,145,10.55092804479071,6.937928149864832,0.0,0.0,0.0,1.0,0.0,0.0
5,145,4.590116445313161,4.914172614950759,0.0,1.0,0.0,0.0,0.0,0.0
6,145,5.059842921205121,1.487413816675195,1.0,0.0,0.0,0.0,1.0,1.0
7,145,8.994848921861296,4.7067151055035765,0.0,0.0,1.0,0.0,0.0,0.0
8,145,9.138661059979912,0.0,0.0,0.0,0.0,1.0,0.0,1.0
9,145,7.932091030539327,6.448356331503725,0.0,0.0,0.0,1.0,0.0,0.0
10,145,8.52445366800165,9.30690331359239,0.0,1.0,1.0,0.0,1.0,0.0
11,145,9.277938473299388,8.015200368989218,1.0,1.0,1.0,0.0,0.0,0.0
12,145,11.679186206581402,7.1200053421818,0.0,1.0,0.0,0.0,0.0,0.0
13,145,1.126965335869198,3.0078064231697472,0.0,0.0,0.0,1.0,0.0,0.0
14,145,8.32137894893944,6.95536081975959,1.0,1.0,0.0,0.0,1.0,0.0
0,150,2.2391526863997697,11.999446698107985,1.0,0.0,0.0,0.0,0.0,1.0
1,150,10.514598544796376,4.222844495722316,0.0,0.0,0.0,1.0,0.0,0.0
2,150,1.4977939779799894,10.911918675658256,1.0,0.0,1.0,0.0,1.0,1.0
3,150,4.929769001477745,0.8838035980485183,1.0,1.0,0.0,0.0,1.0,0.0
4,150,10.6400859893186,7.036686254168345,0.0,0.0,0.0,1.0,0.0,0.0
5,150,4.590508579956851,4.914136526923669,0.0,1.0,0.0,0.0,0.0,0.0
6,150,5.0584768426427695,1.46395986939289,1.0,0.0,0.0,0.0,1.0,1.0
7,150,9.059758520766074,4.688079974438493,0.0,0.0,1.0,0.0,0.0,0.0
8,150,9.087476648602957,0.0814817307229176,0.0,0.0,0.0,1.0,0.0,1.0
9,150,7.925633729417233,6.505174747680342,0.0,0.0,0.0,1.0,0.0,0.0
10,150,8.50402196798623,9.299971459033518,0.0,1.0,1.0,0.0,1.0,0.0
11,150,9.291434747410612,8.004622724818452,1.0,1.0,1.0,0.0,0.0,0.0
12,150,11.77831860624534,7.159357265413336,0.0,1.0,0.0,0.0,0.0,0.0
13,150,1.1263163203018656,3.0398777420378438,0.0,0.0,0.0,1.0,0.0,0.0
14,150,8.362887999702373,6.923444361306066,1.0,1.0,0.0,0.0,1.0,0.0
0,155,2.237192142089852,11.999473608012783,1.0,0.0,0.0,0.0,0.0,1.0
1,155,10.48549103648355,4.18379515539702,0.0,0.0,0.0,1.0,0.0,0.0
2,155,1.5079986138660046,10.893026529475977,1.0,0.0,1.0,0.0,1.0,1.0
3,155,4.849820311484629,0.9426968713132634,1.0,1.0,0.0,0.0,1.0,0.0
4,155,10.72715014282266,7.13624248701232,0.0,0.0,0.0,1.0,0.0,0.0
5,155,4.582910173250509,4.914816956465243,0.0,1.0,0.0,0.0,0.0,0.0
6,155,5.054423432569525,1.4078931186159538,1.0,0.0,0.0,0.0,1.0,1.0
7,155,9.11921887542636,4.671425839067684,0.0,0.0,1.0,0.0,0.0,0.0
8,155,9.032730411094272,0.1727813962309571,0.0,0.0,0.0,1.0,0.0,1.0
9,155,7.919311991892362,6.569724769777431,0.0,0.0,0.0,1.0,0.0,0.0
10,155,8.491186123609216,9.295309899445678,0.0,1.0,1.0,0.0,1.0,0.0
11,155,9.307740447075068,7.991548227415156,1.0,1.0,1.0,0.0,0.0,0.0
12,155,11.882721945357751,7.1996269345781965,0.0,1.0,0.0,0.0,0.0,0.0
13,155,1.1255124222876087,3.076486039805173,0.0,0.0,0.0,1.0,0.0,0.0
14,155,8.396871291097098,6.895881021305469,1.0,1.0,0.0,0.0,1.0,0.0
0,160,2.2201420606324094,11.999552767833585,1.0,0.0,0.0,0.0,0.0,1.0
1,160,10.460379070338014,4.149319079575445,0.0,0.0,0.0,1.0,0.0,0.0
2,160,1.5153301508200845,10.879594408435214,1.0,0.0,1.0,0.0,1.0,1.0
3,160,4.775962390825994,0.9983903116985454,1.0,1.0,0.0,0.0,1.0,0.0
4,160,10.813654460096348,7.238532305207221,0.0,0.0,0.0,1.0,0.0,0.0
5,160,4.575407005823696,4.915287716936556,0.0,1.0,0.0,0.0,0.0,0.0
6,160,5.052433570181755,1.3765960398432742,1.0,0.0,0.0,0.0,1.0,1.0
7,160,9.187328089006824,4.653942001515483,0.0,0.0,1.0,0.0,0.0,0.0
8,160,8.984400129515382,0.2548079538849488,0.0,0.0,0.0,1.0,0.0,1.0
9,160,7.909601715767275,6.65535428282795,0.0,0.0,0.0,1.0,0.0,0.0
10,160,8.468181006265134,9.286916809008195,0.0,1.0,1.0,0.0,1.0,0.0
11,160,9.328757927700224,7.974484482970695,1.0,1.0,1.0,0.0,0.0,0.0
12,160,11.976928331138994,7.234495179051081,0.0,1.0,0.0,0.0,0.0,0.0
13,160,1.1245317547574811,3.1106741221157623,0.0,0.0,0.0,1.0,0.0,0.0
14,160,8.427618019432076,6.8716946429164,1.0,1.0,0.0,0.0,1.0,0.0
0,165,2.2062034990123,11.99974878781786,1.0,0.0,0.0,0.0,0.0,1.0
1,165,10.440219289937051,4.1228913475841145,0.0,0.0,0.0,1.0,0.0,0.0
2,165,1.5226734960279733,10.865894854014282,1.0,0.0,1.0,0.0,1.0,1.0
3,165,4.681675724854998,1.0702853768479477,1.0,1.0,0.0,0.0,1.0,0.0
4,165,10.907558872465335,7.343226422638782,0.0,0.0,0.0,1.0,0.0,0.0
5,165,4.562542301213971,4.916138159153339,0.0,1.0,0.0,0.0,0.0,0.0
6,165,5.048602263852535,1.3331162568557129,1.0,0.0,0.0,0.0,1.0,1.0
7,165,9.261353729172097,4.634301678201423,0.0,0.0,1.0,0.0,0.0,0.0
8,165,8.932256888047075,0.3444417918314746,0.0,0.0,0.0,1.0,0.0,1.0
9,165,7.902384896819964,6.7307611355051495,0.0,0.0,0.0,1.0,0.0,0.0
10,165,8.450594359760446,9.33905084661695,0.0,1.0,1.0,0.0,1.0,0.0
11,165,9.334322805538628,7.970099585531198,1.0,1.0,1.0,0.0,0.0,0.0
12,165,12.0,7.267232979866109,0.0,1.0,0.0,0.0,0.0,0.0
13,165,1.124252762236526,3.132640336702778,0.0,0.0,0.0,1.0,0.0,0.0
14,165,8.454657988089352,6.850759990047665,1.0,1.0,0.0,0.0,1.0,0.0
0,170,2.1749576449386105,11.999904399428242,1.0,0.0,0.0,0.0,0.0,1.0
1,170,10.417275648068523,4.092975726696793,0.0,0.0,0.0,1.0,0.0,0.0
2,170,1.5310189258757343,10.851371731060832,1.0,0.0,1.0,0.0,1.0,1.0
3,170,4.573331600911496,1.1544949789596002,1.0,1.0,0.0,0.0,1.0,0.0
4,170,10.995204394890813,7.439547012695154,0.0,0.0,0.0,1.0,0.0,0.0
5,170,4.542761473091252,4.917574183548364,0.0,1.0,0.0,0.0,0.0,0.0
6,170,5.043791676049583,1.288138204952544,1.0,0.0,0.0,0.0,1.0,1.0
7,170,9.358436845747836,4.608990320635175,0.0,0.0,1.0,0.0,0.0,0.0
8,170,8.881886306972604,0.4268848968114388,0.0,0.0,0.0,1.0,0.0,1.0
9,170,7.895344163466318,6.790732642536805,0.0,0.0,0.0,1.0,0.0,0.0
10,170,8.431074084994997,9.399009457710044,0.0,1.0,1.0,0.0,1.0,0.0
11,170,9.330036563161798,7.973504482562753,1.0,1.0,1.0,0.0,0.0,0.0
12,170,12.0,7.302704978543501,0.0,1.0,0.0,0.0,0.0,0.0
13,170,1.1236801789552868,3.1622886103839893,0.0,0.0,0.0,1.0,0.0,0.0
14,170,8.473487629719797,6.836199397054827,1.0,1.0,0.0,0.0,1.0,0.0
0,175,2.154839821631344,12.0,1.0,0.0,0.0,0.0,0.0,1.0
1,175,10.39691285840664,4.067621054909877,0.0,0.0,0.0,1.0,0.0,0.0
2,175,1.545527750202607,10.827848632632804,1.0,0.0,1.0,0.0,1.0,1.0
3,175,4.466363754297656,1.2357972865456186,1.0,1.0,0.0,0.0,1.0,0.0
4,175,11.10468053649226,7.551722140298059,0.0,0.0,0.0,1.0,0.0,0.0
5,175,4.530569690318881,4.918472206700381,0.0,1.0,0.0,0.0,0.0,0.0
6,175,5.038730253308311,1.2395090617976887,1.0,0.0,0.0,0.0,1.0,1.0
7,175,9.44627738172952,4.585391098157792,0.0,0.0,1.0,0.0,0.0,0.0
8,175,8.827146001566046,0.5164387392877599,0.0,0.0,0.0,1.0,0.0,1.0
9,175,7.885435800441742,6.860770751768522,0.0,0.0,0.0,1.0,0.0,0.0
10,175,8.412102566946963,9.459572729697005,0.0,1.0,1.0,0.0,1.0,0.0
11,175,9.322608872797728,7.979402427379674,1.0,1.0,1.0,0.0,0.0,0.0
12,175,12.0,7.335863327175509,0.0,1.0,0.0,0.0,0.0,0.0
13,175,1.1236104657145929,3.172283065071709,0.0,0.0,0.0,1.0,0.0,0.0
14,175,8.497099376199015,6.818641589780191,1.0,1.0,0.0,0.0,1.0,0.0
0,180,2.1556278159250626,12.0,1.0,0.0,0.0,0.0,0.0,1.0
1,180,10.380198805008678,4.046200242777009,0.0,0.0,0.0,1.0,0.0,0.0
2,180,1.5505392020515678,10.81987108491342,1.0,0.0,1.0,0.0,1.0,1.0
3,180,4.352107136585072,1.3276492047594917,1.0,1.0,0.0,0.0,1.0,0.0
4,180,11.202136371310528,7.653182865745853,0.0,0.0,0.0,1.0,0.0,0.0
5,180,4.512073839219132,4.920043480088037,0.0,1.0,0.0,0.0,0.0,0.0
6,180,5.031844672352546,1.181645380899352,1.0,0.0,0.0,0.0,1.0,1.0
7,180,9.468477554286732,4.661949153895028,0.0,0.0,1.0,0.0,0.0,0.0
8,180,8.773229979194241,0.6027126545679539,0.0,0.0,0.0,1.0,0.0,1.0
9,180,7.876372357534342,6.940377909298928,0.0,0.0,0.0,1.0,0.0,0.0
10,180,8.389284739831773,9.530979077315878,0.0,1.0,1.0,0.0,1.0,0.0
11,180,9.318420843865413,7.982698745378372,1.0,1.0,1.0,0.0,0.0,0.0
12,180,12.0,7.367687289205088,0.0,1.0,0.0,0.0,0.0,0.0
13,180,1.123647212043291,3.177141877389545,0.0,0.0,0.0,1.0,0.0,0.0
14,180,8.499786664029207,6.816639541259182,1.0,1.0,0.0,0.0,1.0,0.0
0,185,2.155444131636868,11.995764677209117,1.0,0.0,0.0,0.0,0.0,1.0
1,185,10.35564691296241,4.015548264390173,0.0,0.0,0.0,1.0,0.0,0.0
2,185,1.5719925246602222,10.787860890347426,1.0,0.0,1.0,0.0,1.0,1.0
3,185,4.247443060433398,1.4138289197375524,1.0,1.0,0.0,0.0,1.0,0.0
4,185,11.309267342329177,7.771660872570731,0.0,0.0,0.0,1.0,0.0,0.0
5,185,4.4832816489606095,4.923012534492699,0.0,1.0,0.0,0.0,0.0,0.0
6,185,5.025575336916939,1.12501080546276,1.0,0.0,0.0,0.0,1.0,1.0
7,185,9.491672762709564,4.740233057330189,0.0,0.0,1.0,0.0,0.0,0.0
8,185,8.73123909893389,0.6714860551849963,0.0,0.0,0.0,1.0,0.0,1.0
9,185,7.864497587481585,7.039374649709402,0.0,0.0,0.0,1.0,0.0,0.0
10,185,8.370792005323594,9.588655028276314,0.0,1.0,1.0,0.0,1.0,0.0
11,185,9.311303058566535,7.988174071402484,1.0,1.0,1.0,0.0,0.0,0.0
12,185,12.0,7.410197263675139,0.0,1.0,0.0,0.0,0.0,0.0
13,185,1.123733770678287,3.1848443734325107,0.0,0.0,0.0,1.0,0.0,0.0
14,185,8.493703871042234,6.82125741341854,1.0,1.0,0.0,0.0,1.0,0.0
0,190,2.1552316990461358,11.991265763959264,1.0,0.0,0.0,0.0,0.0,1.0
1,190,10.326644189029764,3.9818362327865153,0.0,0.0,0.0,1.0,0.0,0.0
2,190,1.584414721129184,10.768678033227625,1.0,0.0,1.0,0.0,1.0,1.0
3,190,4.140237671243395,1.4991505444093214,1.0,1.0,0.0,0.0,1.0,0.0
4,190,11.425813656966858,7.903972006795006,0.0,0.0,0.0,1.0,0.0,0.0
5,190,4.447281632029855,4.926676246843486,0.0,1.0,0.0,0.0,0.0,0.0
6,190,5.018462988373115,1.075249924707,1.0,0.0,0.0,0.0,1.0,1.0
7,190,9.515577936057008,4.8116295457895735,0.0,0.0,1.0,0.0,0.0,0.0
8,190,8.692276129742256,0.7344901680287436,0.0,0.0,0.0,1.0,0.0,1.0
9,190,7.85007018646996,7.133407777572724,0.0,0.0,0.0,1.0,0.0,0.0
10,190,8.351167981764334,9.645174203853548,0.0,1.0,1.0,0.0,1.0,0.0
11,190,9.29087357204706,8.003714664271996,1.0,1.0,1.0,0.0,0.0,0.0
12,190,12.0,7.456395801684948,0.0,1.0,0.0,0.0,0.0,0.0
13,190,1.124214133220057,3.195207934200848,0.0,0.0,0.0,1.0,0.0,0.0
14,190,8.517137902780732,6.804132768999204,1.0,1.0,0.0,0.0,1.0,0.0
0,195,2.155774177942861,12.0,1.0,0.0,0.0,0.0,0.0,1.0
1,195,10.29403265662443,3.943281791050985,0.0,0.0,0.0,1.0,0.0,0.0
2,195,1.6053887887033569,10.736632876674095,1.0,0.0,1.0,0.0,1.0,1.0
3,195,4.031826112889827,1.5833714480774657,1.0,1.0,0.0,0.0,1.0,0.0
4,195,11.530099213992491,8.021385769117819,0.0,0.0,0.0,1.0,0.0,0.0
5,195,4.37969413090008,4.931922003142196,0.0,1.0,0.0,0.0,0.0,0.0
6,195,5.017618644238447,1.06711677564103,1.0,0.0,0.0,0.0,1.0,1.0
7,195,9.534251357727593,4.863743992865621,0.0,0.0,1.0,0.0,0.0,0.0
8,195,8.649309522301726,0.8051046647819281,0.0,0.0,0.0,1.0,0.0,1.0
9,195,7.8392758538621505,7.218330449922977,0.0,0.0,0.0,1.0,0.0,0.0
10,195,8.316710886035823,9.63266552689545,0.0,1.0,1.0,0.0,1.0,0.0
11,195,9.281798251214202,8.01074893881538,1.0,1.0,1.0,0.0,0.0,0.0
12,195,12.0,7.499862832370521,0.0,1.0,0.0,0.0,0.0,0.0
13,195,1.1243384041528277,3.197188934798106,0.0,0.0,0.0,1.0,0.0,0.0
14,195,8.540940579188876,6.786510735222705,1.0,1.0,0.0,0.0,1.0,0.0
0,200,2.1565358792287497,12.0,1.0,0.0,0.0,0.0,0.0,1.0
1,200,10.264681870058723,3.908133553261765,0.0,0.0,0.0,1.0,0.0,0.0
2,200,1.6067396365578896,10.734518646523634,1.0,0.0,1.0,0.0,1.0,1.0
3,200,3.921540140041385,1.6690519846603444,1.0,1.0,0.0,0.0,1.0,0.0
4,200,11.622193693998074,8.121473975505593,0.0,0.0,0.0,1.0,0.0,0.0
5,200,4.309518688120425,4.939181713700216,0.0,1.0,0.0,0.0,0.0,0.0
6,200,5.015742047175573,1.0437070077146418,1.0,0.0,0.0,0.0,1.0,1.0
7,200,9.556921453568252,4.933538811317468,0.0,0.0,1.0,0.0,0.0,0.0
8,200,8.612346872540698,0.8595295757210725,0.0,0.0,0.0,1.0,0.0,1.0
9,200,7.829670856023299,7.309461685973051,0.0,0.0,0.0,1.0,0.0,0.0
10,200,8.277258470146888,9.617771800435412,0.0,1.0,1.0,0.0,1.0,0.0
11,200,9.280000246151031,8.012145227507052,1.0,1.0,1.0,0.0,0.0,0.0
12,200,12.0,7.555126825736708,0.0,1.0,0.0,0.0,0.0,0.0
13,200,1.1276444862251371,3.2343401533269907,0.0,0.0,0.0,1.0,0.0,0.0
14,200,8.573773304786727,6.761196005181039,1.0,1.0,0.0,0.0,1.0,0.0
0,205,2.156843350678427,12.0,1.0,0.0,0.0,0.0,0.0,1.0
1,205,10.239708232919122,3.879121575543978,0.0,0.0,0.0,1.0,0.0,0.0
2,205,1.6138392695485193,10.723744804375334,1.0,0.0,1.0,0.0,1.0,1.0
3,205,3.81848002682439,1.7456208169709804,1.0,1.0,0.0,0.0,1.0,0.0
4,205,11.70552768222754,8.20977705748456,0.0,0.0,0.0,1.0,0.0,0.0
5,205,4.239283986018436,4.946071444412826,0.0,1.0,0.0,0.0,0.0,0.0
6,205,5.013759467757025,1.0113875329614304,1.0,0.0,0.0,0.0,1.0,1.0
7,205,9.57660080063166,4.988665603281343,0.0,0.0,1.0,0.0,0.0,0.0
8,205,8.571696920552014,0.921111167125822,0.0,0.0,0.0,1.0,0.0,1.0
9,205,7.817518728453417,7.416347452678633,0.0,0.0,0.0,1.0,0.0,0.0
10,205,8.237827025484298,9.601865880991584,0.0,1.0,1.0,0.0,1.0,0.0
11,205,9.281626838645977,8.010829788182077,1.0,1.0,1.0,0.0,0.0,0.0
12,205,12.0,7.6110397994504035,0.0,1.0,0.0,0.0,0.0,0.0
13,205,1.1330729045274082,3.286070984446219,0.0,0.0,0.0,1.0,0.0,0.0
14,205,8.616656960226328,6.7276295723512,1.0,1.0,0.0,0.0,1.0,0.0
0,210,2.158146985015736,12.0,1.0,0.0,0.0,0.0,0.0,1.0
1,210,10.217389767278926,3.852871081905216,0.0,0.0,0.0,1.0,0.0,0.0
2,210,1.6132791631612755,10.72457532152463,1.0,0.0,1.0,0.0,1.0,1.0
3,210,3.706134736096352,1.8266584200306435,1.0,1.0,0.0,0.0,1.0,0.0
4,210,11.77639705573092,8.286184348986302,0.0,0.0,0.0,1.0,0.0,0.0
5,210,4.180637993500992,4.951879851937413,0.0,1.0,0.0,0.0,0.0,0.0
6,210,5.0126230873056565,0.9958081755498268,1.0,0.0,0.0,0.0,1.0,1.0
7,210,9.603309053667044,5.063109697781015,0.0,0.0,1.0,0.0,0.0,0.0
8,210,8.529302227484163,0.9871600420717594,0.0,0.0,0.0,1.0,0.0,1.0
9,210,7.808257695307104,7.509375011672752,0.0,0.0,0.0,1.0,0.0,0.0
10,210,8.17603362443326,9.577814644652172,0.0,1.0,1.0,0.0,1.0,0.0
11,210,9.283088275346886,8.009692460552968,1.0,1.0,1.0,0.0,0.0,0.0
12,210,12.0,7.665644551233258,0.0,1.0,0.0,0.0,0.0,0.0
13,210,1.1373676600352636,3.327954661625041,0.0,0.0,0.0,1.0,0.0,0.0
14,210,8.650201308640655,6.701410323898327,1.0,1.0,0.0,0.0,1.0,0.0
0,215,2.161053202717838,12.0,1.0,0.0,0.0,0.0,0.0,1.0
1,215,10.18737871222942,3.817532653311835,0.0,0.0,0.0,1.0,0.0,0.0
2,215,1.6105676352442009,10.728336689715636,1.0,0.0,1.0,0.0,1.0,1.0
3,215,3.613106036177324,1.8948792927499292,1.0,1.0,0.0,0.0,1.0,0.0
4,215,11.8627112992467,8.373275483926614,0.0,0.0,0.0,1.0,0.0,0.0
5,215,4.1250864667910445,4.959037811991541,0.0,1.0,0.0,0.0,0.0,0.0
6,215,5.010886154959574,0.972264945654278,1.0,0.0,0.0,0.0,1.0,1.0
7,215,9.63352551194052,5.14024354218407,0.0,0.0,1.0,0.0,0.0,0.0
8,215,8.499841523142633,1.0319761391818092,0.0,0.0,0.0,1.0,0.0,1.0
9,215,7.803555189586987,7.559665682438654,0.0,0.0,0.0,1.0,0.0,0.0
10,215,8.122547052019428,9.556936738159312,0.0,1.0,1.0,0.0,1.0,0.0
11,215,9.28159732717594,8.010777754967506,1.0,1.0,1.0,0.0,0.0,0.0
12,215,12.0,7.725137096423245,0.0,1.0,0.0,0.0,0.0,0.0
13,215,1.1398302262428663,3.3583625423330274,0.0,0.0,0.0,1.0,0.0,0.0
14,215,8.667906891670777,6.687047503027956,1.0,1.0,0.0,0.0,1.0,0.0
0,220,2.1645072105390644,12.0,1.0,0.0,0.0,0.0,0.0,1.0
1,220,10.148143205480254,3.7704357690024457,0.0,0.0,0.0,1.0,0.0,0.0
2,220,1.6170709162504229,10.719127592177284,1.0,0.0,1.0,0.0,1.0,1.0
3,220,3.5319801419813333,1.95600571246812,1.0,1.0,0.0,0.0,1.0,0.0
4,220,11.93793247311024,8.447079787995568,0.0,0.0,0.0,1.0,0.0,0.0
5,220,4.0741738868184925,4.967812119807117,0.0,1.0,0.0,0.0,0.0,0.0
6,220,5.006631196510523,0.9169052066268774,1.0,0.0,0.0,0.0,1.0,1.0
7,220,9.664866251908824,5.225870196804008,0.0,0.0,1.0,0.0,0.0,0.0
8,220,8.474346899510929,1.0722352134826196,0.0,0.0,0.0,1.0,0.0,1.0
9,220,7.799973594250293,7.604933278887076,0.0,0.0,0.0,1.0,0.0,0.0
10,220,8.06843287135642,9.53500206433242,0.0,1.0,1.0,0.0,1.0,0.0
11,220,9.273442866541313,8.016673153102833,1.0,1.0,1.0,0.0,0.0,0.0
12,220,12.0,7.7852935509121295,0.0,1.0,0.0,0.0,0.0,0.0
13,220,1.1402520158956269,3.3637670824923096,0.0,0.0,0.0,1.0,0.0,0.0
14,220,8.685177482061986,6.67198005547319,1.0,1.0,0.0,0.0,1.0,0.0
0,225,2.1655861979216278,12.0,1.0,0.0,0.0,0.0,0.0,1.0
1,225,10.09430999786727,3.708963184731468,0.0,0.0,0.0,1.0,0.0,0.0
2,225,1.6259437142817983,10.705861920307024,1.0,0.0,1.0,0.0,1.0,1.0
3,225,3.4505754463453173,2.0143662454422344,1.0,1.0,0.0,0.0,1.0,0.0
4,225,12.0,8.53759065773052,0.0,0.0,0.0,1.0,0.0,0.0
5,225,4.004786239399476,4.979622608781966,0.0,1.0,0.0,0.0,0.0,0.0
6,225,4.998969485306093,0.8472159532821945,1.0,0.0,0.0,0.0,1.0,1.0
7,225,9.693238148110597,5.3040503923767055,0.0,0.0,1.0,0.0,0.0,0.0
8,225,8.447051038924169,1.1169976786554578,0.0,0.0,0.0,1.0,0.0,1.0
9,225,7.79639778987227,7.649331049267426,0.0,0.0,0.0,1.0,0.0,0.0
10,225,8.021981946877931,9.51519723263234,0.0,1.0,1.0,0.0,1.0,0.0
11,225,9.257792282014664,8.027713900618785,1.0,1.0,1.0,0.0,0.0,0.0
12,225,12.0,7.84304324964954,0.0,1.0,0.0,0.0,0.0,0.0
13,225,1.139492748448438,3.354793610649884,0.0,0.0,0.0,1.0,0.0,0.0
14,225,8.71528879305542,6.646213220769759,1.0,1.0,0.0,0.0,1.0,0.0
0,230,2.164884497643582,12.0,1.0,0.0,0.0,0.0,0.0,1.0
1,230,10.029456853735832,3.630870997051282,0.0,0.0,0.0,1.0,0.0,0.0
2,230,1.6362911246791043,10.690524951755958,1.0,0.0,1.0,0.0,1.0,1.0
3,230,3.357283746230685,2.0783459552343166,1.0,1.0,0.0,0.0,1.0,0.0
4,230,12.0,8.624354952564259,0.0,0.0,0.0,1.0,0.0,0.0
5,230,3.920323328108464,4.991941304059341,0.0,1.0,0.0,0.0,0.0,0.0
6,230,4.989022100553837,0.7722762071141325,1.0,0.0,0.0,0.0,1.0,1.0
7,230,9.721876442634624,5.380391762309938,0.0,0.0,1.0,0.0,0.0,0.0
8,230,8.401821740239297,1.1924681365173428,0.0,0.0,0.0,1.0,0.0,1.0
9,230,7.792051473076253,7.706646254631214,0.0,0.0,0.0,1.0,0.0,0.0
10,230,7.962045633901588,9.48970164923169,0.0,1.0,1.0,0.0,1.0,0.0
11,230,9.248801533540007,8.033924519111654,1.0,1.0,1.0,0.0,0.0,0.0
12,230,12.0,7.902842951533551,0.0,1.0,0.0,0.0,0.0,0.0
13,230,1.138749183505929,3.345285655793869,0.0,0.0,0.0,1.0,0.0,0.0
14,230,8.721161802776201,6.641155778490228,1.0,1.0,0.0,0.0,1.0,0.0
0,235,2.162605987955992,12.0,1.0,0.0,0.0,0.0,0.0,1.0
1,235,9.970747699107433,3.556562042572307,0.0,0.0,0.0,1.0,0.0,0.0
2,235,1.6551820245506743,10.661394545566836,1.0,0.0,1.0,0.0,1.0,1.0
3,235,3.264436092926671,2.140343600037645,1.0,1.0,0.0,0.0,1.0,0.0
4,235,12.0,8.70085137838069,0.0,0.0,0.0,1.0,0.0,0.0
5,235,3.838921836199793,5.00387396681546,0.0,1.0,0.0,0.0,0.0,0.0
6,235,4.976687188533995,0.6780444184613359,1.0,0.0,0.0,0.0,1.0,1.0
7,235,9.753331987621063,5.465311675620249,0.0,0.0,1.0,0.0,0.0,0.0
8,235,8.360128155588225,1.2656045449983744,0.0,0.0,0.0,1.0,0.0,1.0
9,235,7.784724361523339,7.781263078502704,0.0,0.0,0.0,1.0,0.0,0.0
10,235,7.907187006724377,9.46676161882332,0.0,1.0,1.0,0.0,1.0,0.0
11,235,9.239262062077556,8.041064281061187,1.0,1.0,1.0,0.0,0.0,0.0
12,235,12.0,7.965657017582882,0.0,1.0,0.0,0.0,0.0,0.0
13,235,1.1384246023647946,3.3398817129229554,0.0,0.0,0.0,1.0,0.0,0.0
14,235,8.714180484235998,6.647167417612654,1.0,1.0,0.0,0.0,1.0,0.0
0,240,2.1603524279571995,12.0,1.0,0.0,0.0,0.0,0.0,1.0
1,240,9.917505197862871,3.491046304812677,0.0,0.0,0.0,1.0,0.0,0.0
2,240,1.6813719200073156,10.622181309573133,1.0,0.0,1.0,0.0,1.0,1.0
3,240,3.18126519356598,2.19504568369339,1.0,1.0,0.0,0.0,1.0,0.0
4,240,12.0,8.784195951930542,0.0,0.0,0.0,1.0,0.0,0.0
5,240,3.773694687111246,5.013833320535211,0.0,1.0,0.0,0.0,0.0,0.0
6,240,4.963481111565939,0.5820388548632236,1.0,0.0,0.0,0.0,1.0,1.0
7,240,9.77844288207852,5.533378870323512,0.0,0.0,1.0,0.0,0.0,0.0
8,240,8.32328369981897,1.329790348709219,0.0,0.0,0.0,1.0,0.0,1.0
9,240,7.77580273420907,7.859501681294506,0.0,0.0,0.0,1.0,0.0,0.0
10,240,7.830499213261656,9.435374070732744,0.0,1.0,1.0,0.0,1.0,0.0
11,240,9.208827038794308,8.06396363814895,1.0,1.0,1.0,0.0,0.0,0.0
12,240,12.0,8.033304834948717,0.0,1.0,0.0,0.0,0.0,0.0
13,240,1.1377963919549914,3.32689394140505,0.0,0.0,0.0,1.0,0.0,0.0
14,240,8.700534410703707,6.65867846203022,1.0,1.0,0.0,0.0,1.0,0.0
0,245,2.156638845347396,12.0,1.0,0.0,0.0,0.0,0.0,1.0
1,245,9.868615802350975,3.431098144598279,0.0,0.0,0.0,1.0,0.0,0.0
2,245,1.7095625848161096,10.578448396404031,1.0,0.0,1.0,0.0,1.0,1.0
3,245,3.087004986996009,2.253571642337043,1.0,1.0,0.0,0.0,1.0,0.0
4,245,12.0,8.887992651496546,0.0,0.0,0.0,1.0,0.0,0.0
5,245,3.700887268310853,5.026970924256781,0.0,1.0,0.0,0.0,0.0,0.0
6,245,4.948329000822567,0.4926998461872531,1.0,0.0,0.0,0.0,1.0,1.0
7,245,9.803701573741732,5.607198680944845,0.0,0.0,1.0,0.0,0.0,0.0
8,245,8.290507798578497,1.3885209648286532,0.0,0.0,0.0,1.0,0.0,1.0
9,245,7.768086341300722,7.935627933291678,0.0,0.0,0.0,1.0,0.0,0.0
10,245,7.742961989408889,9.399404530991372,0.0,1.0,1.0,0.0,1.0,0.0
11,245,9.170929219077127,8.09186396860125,1.0,1.0,1.0,0.0,0.0,0.0
12,245,12.0,8.098796807551162,0.0,1.0,0.0,0.0,0.0,0.0
13,245,1.1376671782025607,3.324100660399856,0.0,0.0,0.0,1.0,0.0,0.0
14,245,8.686690830418557,6.669844858663671,1.0,1.0,0.0,0.0,1.0,0.0
0,250,2.154025357276625,12.0,1.0,0.0,0.0,0.0,0.0,1.0
1,250,9.823682556348013,3.377719855788138,0.0,0.0,0.0,1.0,0.0,0.0
2,250,1.7465652505294822,10.521739489948445,1.0,0.0,1.0,0.0,1.0,1.0
3,250,3.001317907290906,2.3065507958163844,1.0,1.0,0.0,0.0,1.0,0.0
4,250,12.0,8.993465050849464,0.0,0.0,0.0,1.0,0.0,0.0
5,250,3.623587084067204,5.040008851922039,0.0,1.0,0.0,0.0,0.0,0.0
6,250,4.933067813581331,0.401788065197005,1.0,0.0,0.0,0.0,1.0,1.0
7,250,9.822991506171602,5.6684153268576445,0.0,0.0,1.0,0.0,0.0,0.0
8,250,8.263116155393725,1.4395090725573003,0.0,0.0,0.0,1.0,0.0,1.0
9,250,7.760027197082874,8.0154025666069,0.0,0.0,0.0,1.0,0.0,0.0
10,250,7.632506995659365,9.353895720568282,0.0,1.0,1.0,0.0,1.0,0.0
11,250,9.142498268208094,8.112939714149514,1.0,1.0,1.0,0.0,0.0,0.0
12,250,12.0,8.169717432750724,0.0,1.0,0.0,0.0,0.0,0.0
13,250,1.1375414091469414,3.321809061658384,0.0,0.0,0.0,1.0,0.0,0.0
14,250,8.678497026774721,6.676514756100453,1.0,1.0,0.0,0.0,1.0,0.0
0,255,2.1532033579856327,12.0,1.0,0.0,0.0,0.0,0.0,1.0
1,255,9.776115225721046,3.314410829159044,0.0,0.0,0.0,1.0,0.0,0.0
2,255,1.7865546367438905,10.459466029910438,1.0,0.0,1.0,0.0,1.0,1.0
3,255,2.9242066301821343,2.357104770189655,1.0,1.0,0.0,0.0,1.0,0.0
4,255,12.0,9.12904628770058,0.0,0.0,0.0,1.0,0.0,0.0
5,255,3.527932622780137,5.05883767380737,0.0,1.0,0.0,0.0,0.0,0.0
6,255,4.91325508802844,0.2965597372042513,1.0,0.0,0.0,0.0,1.0,1.0
7,255,9.843000087675414,5.734635123277963,0.0,0.0,1.0,0.0,0.0,0.0
8,255,8.24404124990795,1.4760161123698774,0.0,0.0,0.0,1.0,0.0,1.0
9,255,7.756060250468473,8.072775707764182,0.0,0.0,0.0,1.0,0.0,0.0
10,255,7.528357491597454,9.310128764800666,0.0,1.0,1.0,0.0,1.0,0.0
11,255,9.102919239101489,8.142025737991453,1.0,1.0,1.0,0.0,0.0,0.0
12,255,12.0,8.24119127834516,0.0,1.0,0.0,0.0,0.0,0.0
13,255,1.1366193609947286,3.309828664817346,0.0,0.0,0.0,1.0,0.0,0.0
14,255,8.659867011315017,6.692682048010657,1.0,1.0,0.0,0.0,1.0,0.0
0,260,2.151541415448877,12.0,1.0,0.0,0.0,0.0,0.0,1.0
1,260,9.720254218826668,3.236927039937308,0.0,0.0,0.0,1.0,0.0,0.0
2,260,1.8125783895621133,10.420068883825872,1.0,0.0,1.0,0.0,1.0,1.0
3,260,2.8413699011329143,2.410367007486206,1.0,1.0,0.0,0.0,1.0,0.0
4,260,12.0,9.249423931753828,0.0,0.0,0.0,1.0,0.0,0.0
5,260,3.4285761976266675,5.0743508669633695,0.0,1.0,0.0,0.0,0.0,0.0
6,260,4.893738295857193,0.1830262121595011,1.0,0.0,0.0,0.0,1.0,1.0
7,260,9.857273964456338,5.7858848877832365,0.0,0.0,1.0,0.0,0.0,0.0
8,260,8.228615486115869,1.5072068285930136,0.0,0.0,0.0,1.0,0.0,1.0
9,260,7.749182445998825,8.157712863646463,0.0,0.0,0.0,1.0,0.0,0.0
10,260,7.437294213728634,9.271763783372716,0.0,1.0,1.0,0.0,1.0,0.0
11,260,9.053114273790296,8.1779618905723,1.0,1.0,1.0,0.0,0.0,0.0
12,260,12.0,8.316857904258276,0.0,1.0,0.0,0.0,0.0,0.0
13,260,1.1329932809193524,3.2767616678930067,0.0,0.0,0.0,1.0,0.0,0.0
14,260,8.645681209855809,6.704127541042977,1.0,1.0,0.0,0.0,1.0,0.0
0,265,2.1487901831713065,12.0,1.0,0.0,0.0,0.0,0.0,1.0
1,265,9.6557415692775,3.1530946136558446,0.0,0.0,0.0,1.0,0.0,0.0
2,265,1.83215544139876,10.390586236434224,1.0,0.0,1.0,0.0,1.0,1.0
3,265,2.7701686885705747,2.4601179107881888,1.0,1.0,0.0,0.0,1.0,0.0
4,265,12.0,9.367888033810573,0.0,0.0,0.0,1.0,0.0,0.0
5,265,3.313591318114614,5.088491616589782,0.0,1.0,0.0,0.0,0.0,0.0
6,265,4.87345183497461,0.0618730999122981,1.0,0.0,0.0,0.0,1.0,1.0
7,265,9.874216589991327,5.842933613091905,0.0,0.0,1.0,0.0,0.0,0.0
8,265,8.220479226403352,1.523487097666678,0.0,0.0,0.0,1.0,0.0,1.0
9,265,7.738789719402151,8.243542421976283,0.0,0.0,0.0,1.0,0.0,0.0
10,265,7.332637578476378,9.226426739651664,0.0,1.0,1.0,0.0,1.0,0.0
11,265,8.996728215373201,8.217445723317228,1.0,1.0,1.0,0.0,0.0,0.0
12,265,12.0,8.395701472355315,0.0,1.0,0.0,0.0,0.0,0.0
13,265,1.1300411873943148,3.2532074509107853,0.0,0.0,0.0,1.0,0.0,0.0
14,265,8.610505459818281,6.733049562366529,1.0,1.0,0.0,0.0,1.0,0.0
0,270,2.1476125403372177,12.0,1.0,0.0,0.0,0.0,0.0,1.0
1,270,9.598764101078984,3.0757894317106262,0.0,0.0,0.0,1.0,0.0,0.0
2,270,1.8551716510857852,10.35480189140274,1.0,0.0,1.0,0.0,1.0,1.0
3,270,2.692356316838854,2.513386243862501,1.0,1.0,0.0,0.0,1.0,0.0
4,270,12.0,9.485079663919937,0.0,0.0,0.0,1.0,0.0,0.0
5,270,3.1753442049742957,5.103845325587576,0.0,1.0,0.0,0.0,0.0,0.0
6,270,4.85286250224044,0.0,1.0,0.0,0.0,0.0,1.0,1.0
7,270,9.88967636284826,5.893595476936423,0.0,0.0,1.0,0.0,0.0,0.0
8,270,8.214411561504877,1.5356751090098697,0.0,0.0,0.0,1.0,0.0,1.0
9,270,7.728391356841337,8.331528035129441,0.0,0.0,0.0,1.0,0.0,0.0
10,270,7.243103501638543,9.187415791161277,0.0,1.0,1.0,0.0,1.0,0.0
11,270,9.030605711860366,8.263872622260118,1.0,1.0,1.0,0.0,0.0,0.0
12,270,12.0,8.469269063203049,0.0,1.0,0.0,0.0,0.0,0.0
13,270,1.1236806102138162,3.195821299624683,0.0,0.0,0.0,1.0,0.0,0.0
14,270,8.572803831830502,6.765742120755439,1.0,1.0,0.0,0.0,1.0,0.0
0,275,2.142004518435916,12.0,1.0,0.0,0.0,0.0,0.0,1.0
1,275,9.55692924850892,3.020439452511761,0.0,0.0,0.0,1.0,0.0,0.0
2,275,1.882651241158612,10.310485871559008,1.0,0.0,1.0,0.0,1.0,1.0
3,275,2.604284380424594,2.5768440648973456,1.0,1.0,0.0,0.0,1.0,0.0
4,275,12.0,9.585649484567782,0.0,0.0,0.0,1.0,0.0,0.0
5,275,3.065168365213873,5.117031781799811,0.0,1.0,0.0,0.0,0.0,0.0
6,275,4.830568151892757,0.0,1.0,0.0,0.0,0.0,1.0,1.0
7,275,9.896951104760552,5.917563588330859,0.0,0.0,1.0,0.0,0.0,0.0
8,275,8.209004423266176,1.5462856720467366,0.0,0.0,0.0,1.0,0.0,1.0
9,275,7.720380185519319,8.408576337722117,0.0,0.0,0.0,1.0,0.0,0.0
10,275,7.160642914660269,9.153708037955925,0.0,1.0,1.0,0.0,1.0,0.0
11,275,9.04268905963064,8.280683673522855,1.0,1.0,1.0,0.0,0.0,0.0
12,275,12.0,8.548832481902682,0.0,1.0,0.0,0.0,0.0,0.0
13,275,1.1179257682463593,3.142088901909949,0.0,0.0,0.0,1.0,0.0,0.0
14,275,8.539922946558557,6.793901163073622,1.0,1.0,0.0,0.0,1.0,0.0
0,280,2.137091030373904,12.0,1.0,0.0,0.0,0.0,0.0,1.0
1,280,9.523372375770595,2.972731958647805,0.0,0.0,0.0,1.0,0.0,0.0
2,280,1.9038478500647893,10.274464949350785,1.0,0.0,1.0,0.0,1.0,1.0
3,280,2.505249764462796,2.646701918017805,1.0,1.0,0.0,0.0,1.0,0.0
4,280,12.0,9.66509833446332,0.0,0.0,0.0,1.0,0.0,0.0
5,280,2.944746834234365,5.129170693318352,0.0,1.0,0.0,0.0,0.0,0.0
6,280,4.810101892608054,0.0,1.0,0.0,0.0,0.0,1.0,1.0
7,280,9.907540394348583,5.954421564252987,0.0,0.0,1.0,0.0,0.0,0.0
8,280,8.210500331381098,1.543387177613886,0.0,0.0,0.0,1.0,0.0,1.0
9,280,7.712392478209082,8.472579613310609,0.0,0.0,0.0,1.0,0.0,0.0
10,280,7.094632048717382,9.128750089384113,0.0,1.0,1.0,0.0,1.0,0.0
11,280,9.054874436489715,8.29681739639579,1.0,1.0,1.0,0.0,0.0,0.0
12,280,12.0,8.633371506241783,0.0,1.0,0.0,0.0,0.0,0.0
13,280,1.110408817124572,3.0733416715361512,0.0,0.0,0.0,1.0,0.0,0.0
14,280,8.503924211539768,6.825125558898331,1.0,1.0,0.0,0.0,1.0,0.0
0,285,2.1301563842325857,12.0,1.0,0.0,0.0,0.0,0.0,1.0
1,285,9.49366338967716,2.930086892561983,0.0,0.0,0.0,1.0,0.0,0.0
2,285,1.9309296613337368,10.228374558079482,1.0,0.0,1.0,0.0,1.0,1.0
3,285,2.4200254121944167,2.7028542435850995,1.0,1.0,0.0,0.0,1.0,0.0
4,285,12.0,9.75673252963102,0.0,0.0,0.0,1.0,0.0,0.0
5,285,2.845092267441696,5.141379894704135,0.0,1.0,0.0,0.0,0.0,0.0
6,285,4.707889019144423,0.0208165299242065,1.0,0.0,0.0,0.0,1.0,1.0
7,285,9.921553742009268,6.002590527443694,0.0,0.0,1.0,0.0,0.0,0.0
8,285,8.218494105245833,1.5280965234599388,0.0,0.0,0.0,1.0,0.0,1.0
9,285,7.703530552093603,8.54049299464719,0.0,0.0,0.0,1.0,0.0,0.0
10,285,7.01256180136594,9.097792891341037,0.0,1.0,1.0,0.0,1.0,0.0
11,285,9.058309897500395,8.300951030257526,1.0,1.0,1.0,0.0,0.0,0.0
12,285,12.0,8.724416228630714,0.0,1.0,0.0,0.0,0.0,0.0
13,285,1.1008183635484885,3.0042194495010044,0.0,0.0,0.0,1.0,0.0,0.0
14,285,8.479305574177896,6.846429787124834,1.0,1.0,0.0,0.0,1.0,0.0
0,290,2.124990398299288,12.0,1.0,0.0,0.0,0.0,0.0,1.0
1,290,9.458066791520386,2.8814548563283062,0.0,0.0,0.0,1.0,0.0,0.0
2,290,1.959878168856944,10.179324892002676,1.0,0.0,1.0,0.0,1.0,1.0
3,290,2.3352569969209265,2.759054510784825,1.0,1.0,0.0,0.0,1.0,0.0
4,290,12.0,9.860236887702522,0.0,0.0,0.0,1.0,0.0,0.0
5,290,2.7596220273476177,5.152112141359913,0.0,1.0,0.0,0.0,0.0,0.0
6,290,4.615744574689258,0.0413906646436121,1.0,0.0,0.0,0.0,1.0,1.0
7,290,9.933597827813813,6.044228148733531,0.0,0.0,1.0,0.0,0.0,0.0
8,290,8.213887056580992,1.5370375813742747,0.0,0.0,0.0,1.0,0.0,1.0
9,290,7.69126095069468,8.616859459495227,0.0,0.0,0.0,1.0,0.0,0.0
10,290,6.935809225161316,9.070312081868313,0.0,1.0,1.0,0.0,1.0,0.0
11,290,9.07240915366669,8.318291115413277,1.0,1.0,1.0,0.0,0.0,0.0
12,290,12.0,8.813855766619419,0.0,1.0,0.0,0.0,0.0,0.0
13,290,1.0881052090262144,2.920856067700646,0.0,0.0,0.0,1.0,0.0,0.0
14,290,8.451479741202206,6.870240046138568,1.0,1.0,0.0,0.0,1.0,0.0
0,295,2.117858269404292,12.0,1.0,0.0,0.0,0.0,0.0,1.0
1,295,9.436807247112377,2.851269916679,0.0,0.0,0.0,1.0,0.0,0.0
2,295,1.9981050615025504,10.11931650570446,1.0,0.0,1.0,0.0,1.0,1.0
3,295,2.253465941917529,2.812880423409416,1.0,1.0,0.0,0.0,1.0,0.0
4,295,12.0,9.96938541168172,0.0,0.0,0.0,1.0,0.0,0.0
5,295,2.690590639936587,5.159838111947418,0.0,1.0,0.0,0.0,0.0,0.0
6,295,4.514035429624615,0.0634590943193972,1.0,0.0,0.0,0.0,1.0,1.0
7,295,9.947225880626869,6.09455459695181,0.0,0.0,1.0,0.0,0.0,0.0
8,295,8.21277820552716,1.538996795123834,0.0,0.0,0.0,1.0,0.0,1.0
9,295,7.683800803897526,8.665648632906505,0.0,0.0,0.0,1.0,0.0,0.0
10,295,6.871756638919926,9.047674036475646,0.0,1.0,1.0,0.0,1.0,0.0
11,295,9.109047646946212,8.362440394658947,1.0,1.0,1.0,0.0,0.0,0.0
12,295,12.0,8.896827860905114,0.0,1.0,0.0,0.0,0.0,0.0
13,295,1.0743592401825206,2.8332475662714587,0.0,0.0,0.0,1.0,0.0,0.0
14,295,8.423895231618616,6.894632587307224,1.0,1.0,0.0,0.0,1.0,0.0
