0,0,5.039071992182172,0.0,0.0,1.0,0.0,1.0,0.0,0.0
1,0,1.96224077113972,9.041034601977644,0.0,1.0,0.0,0.0,0.0,0.0
2,0,9.056951799102194,3.035504012901676,1.0,0.0,1.0,0.0,0.0,1.0
3,0,10.016328977634442,6.038322461404476,1.0,0.0,0.0,1.0,0.0,0.0
4,0,9.937947565226132,10.006314732795945,0.0,0.0,0.0,1.0,0.0,0.0
5,0,0.0,5.004307199383647,1.0,1.0,0.0,1.0,0.0,1.0
6,0,5.016225886186446,4.9300313195662895,1.0,0.0,1.0,0.0,1.0,0.0
7,0,12.0,2.050114524035218,1.0,1.0,1.0,0.0,1.0,0.0
8,0,5.993609094568416,9.957946469611262,1.0,0.0,0.0,0.0,1.0,0.0
9,0,6.995337296980079,1.9193865488270212,0.0,0.0,1.0,1.0,1.0,1.0
10,0,1.994492737706441,4.045007348252748,0.0,0.0,1.0,0.0,1.0,0.0
11,0,2.015926969083381,11.947197624512388,1.0,1.0,0.0,1.0,0.0,0.0
12,0,12.0,10.960968209465427,1.0,0.0,0.0,0.0,1.0,1.0
13,0,10.977547081381086,2.9829685793642304,0.0,0.0,1.0,0.0,0.0,0.0
14,0,11.028211195216,12.0,0.0,1.0,0.0,1.0,1.0,0.0
0,5,5.084714518448063,0.0,0.0,1.0,0.0,1.0,0.0,0.0
1,5,1.9272565492711944,9.078851925943525,0.0,1.0,0.0,0.0,0.0,0.0
2,5,9.11508832048644,3.071792265299029,1.0,0.0,1.0,0.0,0.0,1.0
3,5,10.03714281918392,6.08467938671858,1.0,0.0,0.0,1.0,0.0,0.0
4,5,9.853702663699645,10.01442273552131,0.0,0.0,0.0,1.0,0.0,0.0
5,5,0.0,5.008848216844902,1.0,1.0,0.0,1.0,0.0,1.0
6,5,5.03011783198105,4.873263020101028,1.0,0.0,1.0,0.0,1.0,0.0
7,5,12.0,2.103175256957788,1.0,1.0,1.0,0.0,1.0,0.0
8,5,5.986701606310951,9.909507849013146,1.0,0.0,0.0,0.0,1.0,0.0
9,5,6.990727672522031,1.8510871263340445,0.0,0.0,1.0,1.0,1.0,1.0
10,5,1.9907619456948136,4.087684979479756,0.0,0.0,1.0,0.0,1.0,0.0
11,5,2.033781025460018,11.88822081969641,1.0,1.0,0.0,1.0,0.0,0.0
12,5,12.0,10.929516258701726,1.0,0.0,0.0,0.0,1.0,1.0
13,5,10.960389651563275,2.969688846475445,0.0,0.0,1.0,0.0,0.0,0.0
14,5,11.046860825967007,12.0,0.0,1.0,0.0,1.0,1.0,0.0
0,10,5.128438480020468,0.0,0.0,1.0,0.0,1.0,0.0,0.0
1,10,1.8981535397582625,9.108982179631733,0.0,1.0,0.0,0.0,0.0,0.0
2,10,9.182298635531314,3.1142101314396995,1.0,0.0,1.0,0.0,0.0,1.0
3,10,10.053720546707988,6.120611549833124,1.0,0.0,0.0,1.0,0.0,0.0
4,10,9.80438209016208,10.018728275105008,0.0,0.0,0.0,1.0,0.0,0.0
5,10,0.0,5.015172857241751,1.0,1.0,0.0,1.0,0.0,1.0
6,10,5.043381258679686,4.815546052610117,1.0,0.0,1.0,0.0,1.0,0.0
7,10,12.0,2.160540324216053,1.0,1.0,1.0,0.0,1.0,0.0
8,10,5.980916564196261,9.860140089070123,1.0,0.0,0.0,0.0,1.0,0.0
9,10,6.986209288043268,1.7752938101502362,0.0,0.0,1.0,1.0,1.0,1.0
10,10,1.9883287546293271,4.131163201609965,0.0,0.0,1.0,0.0,1.0,0.0
11,10,2.054685516322172,11.81950310112229,1.0,1.0,0.0,1.0,0.0,0.0
12,10,12.0,10.886900996053658,1.0,0.0,0.0,0.0,1.0,1.0
13,10,10.944630640708978,2.957041788838485,0.0,0.0,1.0,0.0,0.0,0.0
14,10,11.056368121675977,12.0,0.0,1.0,0.0,1.0,1.0,0.0
0,15,5.169962731450268,0.0,0.0,1.0,0.0,1.0,0.0,0.0
1,15,1.8623716529690224,9.144695320245868,0.0,1.0,0.0,0.0,0.0,0.0
2,15,9.246991542573976,3.1557083428358186,1.0,0.0,1.0,0.0,0.0,1.0
3,15,10.070963910750644,6.157557787349346,1.0,0.0,0.0,1.0,0.0,0.0
4,15,9.75090570735113,10.022963298633302,0.0,0.0,0.0,1.0,0.0,0.0
5,15,0.0,5.021402407764415,1.0,1.0,0.0,1.0,0.0,1.0
6,15,5.061147202295516,4.747212677898144,1.0,0.0,1.0,0.0,1.0,0.0
7,15,12.0,2.2245123996328995,1.0,1.0,1.0,0.0,1.0,0.0
8,15,5.976000106734403,9.823115199694014,1.0,0.0,0.0,0.0,1.0,0.0
9,15,6.983773833100477,1.700962985443987,0.0,0.0,1.0,1.0,1.0,1.0
10,15,1.9884810637890749,4.129116899092958,0.0,0.0,1.0,0.0,1.0,0.0
11,15,2.080274991972586,11.728453478192748,1.0,1.0,0.0,1.0,0.0,0.0
12,15,12.0,10.840008004012072,1.0,0.0,0.0,0.0,1.0,1.0
13,15,10.926379429154728,2.9426731593728515,0.0,0.0,1.0,0.0,0.0,0.0
14,15,11.053513551275376,11.995746113754524,0.0,1.0,0.0,1.0,1.0,0.0
0,20,5.208501129213593,0.0,0.0,1.0,0.0,1.0,0.0,0.0
1,20,1.841195132416642,9.165479508304548,0.0,1.0,0.0,0.0,0.0,0.0
2,20,9.305127478565566,3.192373109677709,1.0,0.0,1.0,0.0,0.0,1.0
3,20,10.088959213184872,6.194248780905219,1.0,0.0,0.0,1.0,0.0,0.0
4,20,9.69551807983783,10.02773934366832,0.0,0.0,0.0,1.0,0.0,0.0
5,20,0.0,5.028402706251118,1.0,1.0,0.0,1.0,0.0,1.0
6,20,5.082150228672966,4.656369556862408,1.0,0.0,1.0,0.0,1.0,0.0
7,20,12.0,2.2936504301242087,1.0,1.0,1.0,0.0,1.0,0.0
8,20,5.971115005900735,9.786861047101452,1.0,0.0,0.0,0.0,1.0,0.0
9,20,6.979670275920725,1.621831535813144,0.0,0.0,1.0,1.0,1.0,1.0
10,20,1.9874373682715007,4.150189442028192,0.0,0.0,1.0,0.0,1.0,0.0
11,20,2.111163534255344,11.625287888706591,1.0,1.0,0.0,1.0,0.0,0.0
12,20,12.0,10.783462838976272,1.0,0.0,0.0,0.0,1.0,1.0
13,20,10.876166710771049,2.9018560628984864,0.0,0.0,1.0,0.0,0.0,0.0
14,20,11.062513314334698,12.0,0.0,1.0,0.0,1.0,1.0,0.0
0,25,5.249860406484644,0.0,0.0,1.0,0.0,1.0,0.0,0.0
1,25,1.8265471135473224,9.18012921976958,0.0,1.0,0.0,0.0,0.0,0.0
2,25,9.332730933792462,3.209604000371685,1.0,0.0,1.0,0.0,0.0,1.0
3,25,10.109195566054408,6.2350112215898825,1.0,0.0,0.0,1.0,0.0,0.0
4,25,9.64307943081946,10.03263579493486,0.0,0.0,0.0,1.0,0.0,0.0
5,25,0.0,5.03699669713361,1.0,1.0,0.0,1.0,0.0,1.0
6,25,5.095840237256834,4.586315529729917,1.0,0.0,1.0,0.0,1.0,0.0
7,25,12.0,2.344940868348073,1.0,1.0,1.0,0.0,1.0,0.0
8,25,5.965911203339715,9.749087551099294,1.0,0.0,0.0,0.0,1.0,0.0
9,25,6.973264112202965,1.5423275082776295,0.0,0.0,1.0,1.0,1.0,1.0
10,25,1.9864681698066724,4.17357248108911,0.0,0.0,1.0,0.0,1.0,0.0
11,25,2.143711495805712,11.525976253395555,1.0,1.0,0.0,1.0,0.0,0.0
12,25,12.0,10.721058385483548,1.0,0.0,0.0,0.0,1.0,1.0
13,25,10.828411990529842,2.8618880493994467,0.0,0.0,1.0,0.0,0.0,0.0
14,25,11.059070399999564,11.994384219231906,0.0,1.0,0.0,1.0,1.0,0.0
0,30,5.282988997798814,0.0,0.0,1.0,0.0,1.0,0.0,0.0
1,30,1.8212520919459407,9.18575403216327,0.0,1.0,0.0,0.0,0.0,0.0
2,30,9.352937038028715,3.2226141940567774,1.0,0.0,1.0,0.0,0.0,1.0
3,30,10.13375193054447,6.282169089572503,1.0,0.0,0.0,1.0,0.0,0.0
4,30,9.566171555652057,10.04229364256146,0.0,0.0,0.0,1.0,0.0,0.0
5,30,0.0,5.047684247185372,1.0,1.0,0.0,1.0,0.0,1.0
6,30,5.1178756304608894,4.482453891479993,1.0,0.0,1.0,0.0,1.0,0.0
7,30,12.0,2.4113296046520274,1.0,1.0,1.0,0.0,1.0,0.0
8,30,5.959348269026402,9.706663760945863,1.0,0.0,0.0,0.0,1.0,0.0
9,30,6.966849053369316,1.474667094605228,0.0,0.0,1.0,1.0,1.0,1.0
10,30,1.9842316062343623,4.208685895884881,0.0,0.0,1.0,0.0,1.0,0.0
11,30,2.264246778827669,11.567852573194754,1.0,1.0,0.0,1.0,0.0,0.0
12,30,12.0,10.657045632955445,1.0,0.0,0.0,0.0,1.0,1.0
13,30,10.77657720232348,2.819875865655753,0.0,0.0,1.0,0.0,0.0,0.0
14,30,11.055011846775413,11.987531499595844,0.0,1.0,0.0,1.0,1.0,0.0
0,35,5.350055078394155,0.0378267417500879,0.0,1.0,0.0,1.0,0.0,0.0
1,35,1.812333976597457,9.1947571945164,0.0,1.0,0.0,0.0,0.0,0.0
2,35,9.36099604013811,3.228280868688759,1.0,0.0,1.0,0.0,0.0,1.0
3,35,10.158649291465936,6.330030305717792,1.0,0.0,0.0,1.0,0.0,0.0
4,35,9.462355681533776,10.05083951671446,0.0,0.0,0.0,1.0,0.0,0.0
5,35,0.0,5.0591009319540685,1.0,1.0,0.0,1.0,0.0,1.0
6,35,5.141688112799126,4.355822134047977,1.0,0.0,1.0,0.0,1.0,0.0
7,35,12.0,2.461432065189026,1.0,1.0,1.0,0.0,1.0,0.0
8,35,5.953535124196032,9.673532619760447,1.0,0.0,0.0,0.0,1.0,0.0
9,35,6.962681145731794,1.416429891394258,0.0,0.0,1.0,1.0,1.0,1.0
10,35,1.982575469567268,4.236528986215645,0.0,0.0,1.0,0.0,1.0,0.0
11,35,2.383404707445116,11.611035978906084,1.0,1.0,0.0,1.0,0.0,0.0
12,35,12.0,10.600936552185177,1.0,0.0,0.0,0.0,1.0,1.0
13,35,10.72932681085005,2.781641461425916,0.0,0.0,1.0,0.0,0.0,0.0
14,35,11.038828644808875,11.960309956179602,0.0,1.0,0.0,1.0,1.0,0.0
0,40,5.398203659435024,0.0653257200023569,0.0,1.0,0.0,1.0,0.0,0.0
1,40,1.774322710330649,9.23187605580872,0.0,1.0,0.0,0.0,0.0,0.0
2,40,9.377294896357276,3.2395491042146314,1.0,0.0,1.0,0.0,0.0,1.0
3,40,10.1784179388537,6.369797903339131,1.0,0.0,0.0,1.0,0.0,0.0
4,40,9.348938731877215,10.057517795371984,0.0,0.0,0.0,1.0,0.0,0.0
5,40,0.0,5.070312492605454,1.0,1.0,0.0,1.0,0.0,1.0
6,40,5.164733362351564,4.236513208390788,1.0,0.0,1.0,0.0,1.0,0.0
7,40,12.0,2.51087560509408,1.0,1.0,1.0,0.0,1.0,0.0
8,40,5.942222385357996,9.609163430530328,1.0,0.0,0.0,0.0,1.0,0.0
9,40,6.960685244229175,1.3805358314118348,0.0,0.0,1.0,1.0,1.0,1.0
10,40,1.9805257824307687,4.262448548550731,0.0,0.0,1.0,0.0,1.0,0.0
11,40,2.509202790568471,11.660363996366163,1.0,1.0,0.0,1.0,0.0,0.0
12,40,12.0,10.54109987021039,1.0,0.0,0.0,0.0,1.0,1.0
13,40,10.672875599511109,2.737443188350228,0.0,0.0,1.0,0.0,0.0,0.0
14,40,11.029115491207166,11.944124713491478,0.0,1.0,0.0,1.0,1.0,0.0
0,45,5.438084798749852,0.0893588807465272,0.0,1.0,0.0,1.0,0.0,0.0
1,45,1.738998608827669,9.265389101606733,0.0,1.0,0.0,0.0,0.0,0.0
2,45,9.364771897732052,3.2578519150738385,1.0,0.0,1.0,0.0,0.0,1.0
3,45,10.1872521564494,6.387565577404095,1.0,0.0,0.0,1.0,0.0,0.0
4,45,9.231133017003703,10.065721830233182,0.0,0.0,0.0,1.0,0.0,0.0
5,45,0.0,5.080582950867564,1.0,1.0,0.0,1.0,0.0,1.0
6,45,5.1950660424195005,4.092895747995286,1.0,0.0,1.0,0.0,1.0,0.0
7,45,12.0,2.54913657164876,1.0,1.0,1.0,0.0,1.0,0.0
8,45,5.925587455805442,9.52796387687046,1.0,0.0,0.0,0.0,1.0,0.0
9,45,6.959457052057837,1.3593677552494696,0.0,0.0,1.0,1.0,1.0,1.0
10,45,1.9768049040626556,4.307989702714235,0.0,0.0,1.0,0.0,1.0,0.0
11,45,2.638081292559781,11.709132114346897,1.0,1.0,0.0,1.0,0.0,0.0
12,45,12.0,10.48949961658813,1.0,0.0,0.0,0.0,1.0,1.0
13,45,10.610873110059677,2.6876877682140226,0.0,0.0,1.0,0.0,0.0,0.0
14,45,11.027972354890789,11.942383124581054,0.0,1.0,0.0,1.0,1.0,0.0
0,50,5.479516725996394,0.1157528033451518,0.0,1.0,0.0,1.0,0.0,0.0
1,50,1.684331771272788,9.320529183660009,0.0,1.0,0.0,0.0,0.0,0.0
2,50,9.352308936926692,3.275544435865206,1.0,0.0,1.0,0.0,0.0,1.0
3,50,10.189312475651796,6.391676442984972,1.0,0.0,0.0,1.0,0.0,0.0
4,50,9.1107260035863,10.073086597733337,0.0,0.0,0.0,1.0,0.0,0.0
5,50,0.0,5.092524638999421,1.0,1.0,0.0,1.0,0.0,1.0
6,50,5.226928507130807,3.936419243877957,1.0,0.0,1.0,0.0,1.0,0.0
7,50,12.0,2.580829239282277,1.0,1.0,1.0,0.0,1.0,0.0
8,50,5.905279032723206,9.440103373852471,1.0,0.0,0.0,0.0,1.0,0.0
9,50,6.958652945345534,1.348599179576065,0.0,0.0,1.0,1.0,1.0,1.0
10,50,1.9731940601218043,4.362370893909643,0.0,0.0,1.0,0.0,1.0,0.0
11,50,2.778371392635518,11.761888482080591,1.0,1.0,0.0,1.0,0.0,0.0
12,50,12.0,10.44127877503566,1.0,0.0,0.0,0.0,1.0,1.0
13,50,10.550422482861196,2.6412703455080777,0.0,0.0,1.0,0.0,0.0,0.0
14,50,11.022355261279156,11.933854848794615,0.0,1.0,0.0,1.0,1.0,0.0
0,55,5.536063763826951,0.151462955580471,0.0,1.0,0.0,1.0,0.0,0.0
1,55,1.6166415366930698,9.388868109092932,0.0,1.0,0.0,0.0,0.0,0.0
2,55,9.332940813832364,3.3016863160795467,1.0,0.0,1.0,0.0,0.0,1.0
3,55,10.185035404527936,6.383298575716878,1.0,0.0,0.0,1.0,0.0,0.0
4,55,8.986196001254317,10.082504191626107,0.0,0.0,0.0,1.0,0.0,0.0
5,55,0.0,5.111144682758672,1.0,1.0,0.0,1.0,0.0,1.0
6,55,5.254057989367376,3.804653864837337,1.0,0.0,1.0,0.0,1.0,0.0
7,55,12.0,2.6208836307559977,1.0,1.0,1.0,0.0,1.0,0.0
8,55,5.888593030444924,9.356040070038189,1.0,0.0,0.0,0.0,1.0,0.0
9,55,6.958354771521438,1.343990677676641,0.0,0.0,1.0,1.0,1.0,1.0
10,55,1.9728764700816896,4.416192449095592,0.0,0.0,1.0,0.0,1.0,0.0
11,55,2.913605411681905,11.81275389541376,1.0,1.0,0.0,1.0,0.0,0.0
12,55,12.0,10.385389873886789,1.0,0.0,0.0,0.0,1.0,1.0
13,55,10.471827247758888,2.5814813211436984,0.0,0.0,1.0,0.0,0.0,0.0
14,55,11.01685295818212,11.925037998633355,0.0,1.0,0.0,1.0,1.0,0.0
0,60,5.598969251532072,0.1899782912156253,0.0,1.0,0.0,1.0,0.0,0.0
1,60,1.5396829498388955,9.4676220276526,0.0,1.0,0.0,0.0,0.0,0.0
2,60,9.323160725825757,3.314869590636833,1.0,0.0,1.0,0.0,0.0,1.0
3,60,10.203012843614568,6.373722857030263,1.0,0.0,0.0,1.0,0.0,0.0
4,60,8.853402349182575,10.096012481127936,0.0,0.0,0.0,1.0,0.0,0.0
5,60,0.0,5.1282258580209765,1.0,1.0,0.0,1.0,0.0,1.0
6,60,5.279421870870925,3.6708638591906935,1.0,0.0,1.0,0.0,1.0,0.0
7,60,12.0,2.6602448234489646,1.0,1.0,1.0,0.0,1.0,0.0
8,60,5.866107839159692,9.257852222282349,1.0,0.0,0.0,0.0,1.0,0.0
9,60,6.958713630589528,1.350044499880886,0.0,0.0,1.0,1.0,1.0,1.0
10,60,1.9730966578018831,4.447147379930473,0.0,0.0,1.0,0.0,1.0,0.0
11,60,3.0344246940556343,11.858121946162951,1.0,1.0,0.0,1.0,0.0,0.0
12,60,12.0,10.342230328421287,1.0,0.0,0.0,0.0,1.0,1.0
13,60,10.386498874108105,2.517486803492097,0.0,0.0,1.0,0.0,0.0,0.0
14,60,11.001646160322831,11.90166551512132,0.0,1.0,0.0,1.0,1.0,0.0
0,65,5.657699395280692,0.22809003175241,0.0,1.0,0.0,1.0,0.0,0.0
1,65,1.4723790387441893,9.53227258851364,0.0,1.0,0.0,0.0,0.0,0.0
2,65,9.302011346385251,3.3441002580447203,1.0,0.0,1.0,0.0,0.0,1.0
3,65,10.207646864857123,6.371363597572938,1.0,0.0,0.0,1.0,0.0,0.0
4,65,8.719184131394112,10.110973871118462,0.0,0.0,0.0,1.0,0.0,0.0
5,65,0.0,5.139521333318052,1.0,1.0,0.0,1.0,0.0,1.0
6,65,5.299555690064068,3.5612215558814717,1.0,0.0,1.0,0.0,1.0,0.0
7,65,12.0,2.720248221967804,1.0,1.0,1.0,0.0,1.0,0.0
8,65,5.843265436369025,9.153640370564329,1.0,0.0,0.0,0.0,1.0,0.0
9,65,6.958181537994416,1.3441516978946002,0.0,0.0,1.0,1.0,1.0,1.0
10,65,1.9725114282548248,4.482780856845037,0.0,0.0,1.0,0.0,1.0,0.0
11,65,3.185133258631127,11.909813883403684,1.0,1.0,0.0,1.0,0.0,0.0
12,65,12.0,10.30317673292143,1.0,0.0,0.0,0.0,1.0,1.0
13,65,10.301835060364407,2.4549896127270454,0.0,0.0,1.0,0.0,0.0,0.0
14,65,10.982896346970351,11.870964980621304,0.0,1.0,0.0,1.0,1.0,0.0
0,70,5.710515327120088,0.2603650546398919,0.0,1.0,0.0,1.0,0.0,0.0
1,70,1.3978031561144373,9.601542912555278,0.0,1.0,0.0,0.0,0.0,0.0
2,70,9.298303195576532,3.349625317160099,1.0,0.0,1.0,0.0,0.0,1.0
3,70,10.22064439404161,6.365237175501525,1.0,0.0,0.0,1.0,0.0,0.0
4,70,8.58040113292544,10.125355626143868,0.0,0.0,0.0,1.0,0.0,0.0
5,70,0.0,5.145111373227144,1.0,1.0,0.0,1.0,0.0,1.0
6,70,5.324266097812694,3.449928571732059,1.0,0.0,1.0,0.0,1.0,0.0
7,70,12.0,2.772800267961898,1.0,1.0,1.0,0.0,1.0,0.0
8,70,5.8116312180618,9.02786008899018,1.0,0.0,0.0,0.0,1.0,0.0
9,70,6.958095929067994,1.342905043816312,0.0,0.0,1.0,1.0,1.0,1.0
10,70,1.9720841856327795,4.521350736313149,0.0,0.0,1.0,0.0,1.0,0.0
11,70,3.3524487118308923,11.965651977973476,1.0,1.0,0.0,1.0,0.0,0.0
12,70,12.0,10.253928612417813,1.0,0.0,0.0,0.0,1.0,1.0
13,70,10.217876845892327,2.3943950889283774,0.0,0.0,1.0,0.0,0.0,0.0
14,70,10.956539882728956,11.828902271751064,0.0,1.0,0.0,1.0,1.0,0.0
0,75,5.741764609723963,0.2809178299615855,0.0,1.0,0.0,1.0,0.0,0.0
1,75,1.3358720542550109,9.65853293381662,0.0,1.0,0.0,0.0,0.0,0.0
2,75,9.306169794740969,3.338101814506332,1.0,0.0,1.0,0.0,0.0,1.0
3,75,10.239562589394652,6.356415136253665,1.0,0.0,0.0,1.0,0.0,0.0
4,75,8.459286523972736,10.140807123304116,0.0,0.0,0.0,1.0,0.0,0.0
5,75,0.0,5.152557438489851,1.0,1.0,0.0,1.0,0.0,1.0
6,75,5.347196885938778,3.3393886375298107,1.0,0.0,1.0,0.0,1.0,0.0
7,75,12.0,2.7986655293118536,1.0,1.0,1.0,0.0,1.0,0.0
8,75,5.77844548140728,8.92008630336752,1.0,0.0,0.0,0.0,1.0,0.0
9,75,6.958240863549727,1.3453726085989186,0.0,0.0,1.0,1.0,1.0,1.0
10,75,1.971335285412704,4.556729144411734,0.0,0.0,1.0,0.0,1.0,0.0
11,75,3.5141200914502546,12.0,1.0,1.0,0.0,1.0,0.0,0.0
12,75,12.0,10.201349509660252,1.0,0.0,0.0,0.0,1.0,1.0
13,75,10.141269556553995,2.3362495650503536,0.0,0.0,1.0,0.0,0.0,0.0
14,75,10.93537891067098,11.795643877998904,0.0,1.0,0.0,1.0,1.0,0.0
0,80,5.755855121179568,0.2904887618095251,0.0,1.0,0.0,1.0,0.0,0.0
1,80,1.2544564394031794,9.733275180168135,0.0,1.0,0.0,0.0,0.0,0.0
2,80,9.305699120095278,3.3387521654867616,1.0,0.0,1.0,0.0,0.0,1.0
3,80,10.267790329114334,6.343690802022747,1.0,0.0,0.0,1.0,0.0,0.0
4,80,8.320321391602612,10.152490068043107,0.0,0.0,0.0,1.0,0.0,0.0
5,80,0.0,5.156204077427732,1.0,1.0,0.0,1.0,0.0,1.0
6,80,5.372471141899252,3.210812479639476,1.0,0.0,1.0,0.0,1.0,0.0
7,80,12.0,2.8105877165623974,1.0,1.0,1.0,0.0,1.0,0.0
8,80,5.746204105700531,8.824421137701957,1.0,0.0,0.0,0.0,1.0,0.0
9,80,6.958299439241193,1.3463475521200696,0.0,0.0,1.0,1.0,1.0,1.0
10,80,1.971115858037339,4.576791016386884,0.0,0.0,1.0,0.0,1.0,0.0
11,80,3.6786314403349634,12.0,1.0,1.0,0.0,1.0,0.0,0.0
12,80,12.0,10.12858364472424,1.0,0.0,0.0,0.0,1.0,1.0
13,80,10.0579540617683,2.269074549604589,0.0,0.0,1.0,0.0,0.0,0.0
14,80,10.9324321707645,11.790640728800016,0.0,1.0,0.0,1.0,1.0,0.0
0,85,5.768416239597636,0.2986519027649613,0.0,1.0,0.0,1.0,0.0,0.0
1,85,1.1787256074569474,9.80267798742525,0.0,1.0,0.0,0.0,0.0,0.0
2,85,9.305900452772644,3.3384535376672497,1.0,0.0,1.0,0.0,0.0,1.0
3,85,10.28443518847318,6.33660813654816,1.0,0.0,0.0,1.0,0.0,0.0
4,85,8.171276320318666,10.163759641808008,0.0,0.0,0.0,1.0,0.0,0.0
5,85,0.0,5.157517547977219,1.0,1.0,0.0,1.0,0.0,1.0
6,85,5.398180677568819,3.072864626475015,1.0,0.0,1.0,0.0,1.0,0.0
7,85,12.0,2.8267610390277915,1.0,1.0,1.0,0.0,1.0,0.0
8,85,5.71696298869862,8.733011827067806,1.0,0.0,0.0,0.0,1.0,0.0
9,85,6.958645895950008,1.3606258152460158,0.0,0.0,1.0,1.0,1.0,1.0
10,85,1.971172344146198,4.596138332528181,0.0,0.0,1.0,0.0,1.0,0.0
11,85,3.836985001278724,12.0,1.0,1.0,0.0,1.0,0.0,0.0
12,85,12.0,10.063084057500545,1.0,0.0,0.0,0.0,1.0,1.0
13,85,9.98712340625332,2.212587019035426,0.0,0.0,1.0,0.0,0.0,0.0
14,85,10.933192845483644,11.791933326298508,0.0,1.0,0.0,1.0,1.0,0.0
0,90,5.793000739997056,0.3147150416966063,0.0,1.0,0.0,1.0,0.0,0.0
1,90,1.1111033725069337,9.864976821064577,0.0,1.0,0.0,0.0,0.0,0.0
2,90,9.299169543521913,3.347992176254399,1.0,0.0,1.0,0.0,0.0,1.0
3,90,10.310521993646176,6.325162365133316,1.0,0.0,0.0,1.0,0.0,0.0
4,90,8.024928378000096,10.17573469910532,0.0,0.0,0.0,1.0,0.0,0.0
5,90,0.0,5.150667933680234,1.0,1.0,0.0,1.0,0.0,1.0
6,90,5.417106090060784,2.946331232885163,1.0,0.0,1.0,0.0,1.0,0.0
7,90,12.0,2.8503784010288187,1.0,1.0,1.0,0.0,1.0,0.0
8,90,5.696026148283821,8.663195575734012,1.0,0.0,0.0,0.0,1.0,0.0
9,90,6.95879607019676,1.368587545835559,0.0,0.0,1.0,1.0,1.0,1.0
10,90,1.9711018419569368,4.627652627668745,0.0,0.0,1.0,0.0,1.0,0.0
11,90,3.999544693477424,12.0,1.0,1.0,0.0,1.0,0.0,0.0
12,90,12.0,9.995124071948586,1.0,0.0,0.0,0.0,1.0,1.0
13,90,9.915137443768812,2.157440056651538,0.0,0.0,1.0,0.0,0.0,0.0
14,90,10.928795823500591,11.78442315012674,0.0,1.0,0.0,1.0,1.0,0.0
0,95,5.8078206150039,0.3240882854138885,0.0,1.0,0.0,1.0,0.0,0.0
1,95,1.0427695445637264,9.92630765902285,0.0,1.0,0.0,0.0,0.0,0.0
2,95,9.291682321889676,3.3592646936072144,1.0,0.0,1.0,0.0,0.0,1.0
3,95,10.350004467478763,6.307554953939921,1.0,0.0,0.0,1.0,0.0,0.0
4,95,7.879243755703145,10.190097636165843,0.0,0.0,0.0,1.0,0.0,0.0
5,95,0.0,5.1390131549100015,1.0,1.0,0.0,1.0,0.0,1.0
6,95,5.43516034508931,2.8099730576922908,1.0,0.0,1.0,0.0,1.0,0.0
7,95,12.0,2.864435838117844,1.0,1.0,1.0,0.0,1.0,0.0
8,95,5.677272877766377,8.60154858457321,1.0,0.0,0.0,0.0,1.0,0.0
9,95,6.9583577420321845,1.3923981726859804,0.0,0.0,1.0,1.0,1.0,1.0
10,95,1.9704531000202703,4.656989522256214,0.0,0.0,1.0,0.0,1.0,0.0
11,95,4.173320018188843,12.0,1.0,1.0,0.0,1.0,0.0,0.0
12,95,12.0,9.930969602874086,1.0,0.0,0.0,0.0,1.0,1.0
13,95,9.82261552146497,2.085908702178868,0.0,0.0,1.0,0.0,0.0,0.0
14,95,10.928898598821595,11.78461015165253,0.0,1.0,0.0,1.0,1.0,0.0
0,100,5.811146629169124,0.326154784078482,0.0,1.0,0.0,1.0,0.0,0.0
1,100,0.971074573763608,9.990648163003092,0.0,1.0,0.0,0.0,0.0,0.0
2,100,9.281084139282749,3.3749999604656,1.0,0.0,1.0,0.0,0.0,1.0
3,100,10.368643404109164,6.299527326645706,1.0,0.0,0.0,1.0,0.0,0.0
4,100,7.722470733114192,10.204171999155191,0.0,0.0,0.0,1.0,0.0,0.0
5,100,0.0,5.142987264237775,1.0,1.0,0.0,1.0,0.0,1.0
6,100,5.451626170293619,2.68026954523498,1.0,0.0,1.0,0.0,1.0,0.0
7,100,12.0,2.869390206553032,1.0,1.0,1.0,0.0,1.0,0.0
8,100,5.655697451791667,8.540764416780453,1.0,0.0,0.0,0.0,1.0,0.0
9,100,6.95905451413403,1.4251804008473614,0.0,0.0,1.0,1.0,1.0,1.0
10,100,1.970017339860165,4.670552415365985,0.0,0.0,1.0,0.0,1.0,0.0
11,100,4.332020538323629,12.0,1.0,1.0,0.0,1.0,0.0,0.0
12,100,12.0,9.875191110559406,1.0,0.0,0.0,0.0,1.0,1.0
13,100,9.733873888186418,2.013736752232205,0.0,0.0,1.0,0.0,0.0,0.0
14,100,10.918036928190157,11.763887650146636,0.0,1.0,0.0,1.0,1.0,0.0
0,105,5.805840623113391,0.3227486963417492,0.0,1.0,0.0,1.0,0.0,0.0
1,105,0.9002276752530233,10.0545216880163,0.0,1.0,0.0,0.0,0.0,0.0
2,105,9.26372169535113,3.3999783414629103,1.0,0.0,1.0,0.0,0.0,1.0
3,105,10.353663044766993,6.305721207505791,1.0,0.0,0.0,1.0,0.0,0.0
4,105,7.554393867329624,10.215703161442784,0.0,0.0,0.0,1.0,0.0,0.0
5,105,0.0,5.1478875416972745,1.0,1.0,0.0,1.0,0.0,1.0
6,105,5.470093441350167,2.5389260277223413,1.0,0.0,1.0,0.0,1.0,0.0
7,105,12.0,2.871137221600985,1.0,1.0,1.0,0.0,1.0,0.0
8,105,5.634530446863409,8.478440797382978,1.0,0.0,0.0,0.0,1.0,0.0
9,105,6.9595015517331245,1.443936224805615,0.0,0.0,1.0,1.0,1.0,1.0
10,105,1.9700034396197716,4.682059739542176,0.0,0.0,1.0,0.0,1.0,0.0
11,105,4.495718605553761,12.0,1.0,1.0,0.0,1.0,0.0,0.0
12,105,12.0,9.828015706965047,1.0,0.0,0.0,0.0,1.0,1.0
13,105,9.647967722117924,1.94474692796738,0.0,0.0,1.0,0.0,0.0,0.0
14,105,10.918714879977829,11.765198669936687,0.0,1.0,0.0,1.0,1.0,0.0
0,110,5.811933439379981,0.3266523827984515,0.0,1.0,0.0,1.0,0.0,0.0
1,110,0.8293114731111981,10.122202516034625,0.0,1.0,0.0,0.0,0.0,0.0
2,110,9.23422293519459,3.443108206903835,1.0,0.0,1.0,0.0,0.0,1.0
3,110,10.336143195434374,6.312649801213537,1.0,0.0,0.0,1.0,0.0,0.0
4,110,7.397284148088628,10.234236748646468,0.0,0.0,0.0,1.0,0.0,0.0
5,110,0.0,5.160690474779581,1.0,1.0,0.0,1.0,0.0,1.0
6,110,5.490855007313703,2.3941981211034733,1.0,0.0,1.0,0.0,1.0,0.0
7,110,12.0,2.8932352652004787,1.0,1.0,1.0,0.0,1.0,0.0
8,110,5.607067396599155,8.395594343789407,1.0,0.0,0.0,0.0,1.0,0.0
9,110,6.959905976929589,1.4608504367565889,0.0,0.0,1.0,1.0,1.0,1.0
10,110,1.9700096702307064,4.696597152539126,0.0,0.0,1.0,0.0,1.0,0.0
11,110,4.668287633253453,12.0,1.0,1.0,0.0,1.0,0.0,0.0
12,110,12.0,9.777644330254205,1.0,0.0,0.0,0.0,1.0,1.0
13,110,9.54897883606066,1.866484757588316,0.0,0.0,1.0,0.0,0.0,0.0
14,110,10.936913265594946,11.799934188252523,0.0,1.0,0.0,1.0,1.0,0.0
0,115,5.8313400932256165,0.3394486486599931,0.0,1.0,0.0,1.0,0.0,0.0
1,115,0.7650185252823951,10.182863704341422,0.0,1.0,0.0,0.0,0.0,0.0
2,115,9.221572692795156,3.461805916853026,1.0,0.0,1.0,0.0,0.0,1.0
3,115,10.30190918007351,6.326131741150458,1.0,0.0,0.0,1.0,0.0,0.0
4,115,7.245769366218494,10.249984991022718,0.0,0.0,0.0,1.0,0.0,0.0
5,115,0.0,5.167692309041691,1.0,1.0,0.0,1.0,0.0,1.0
6,115,5.513555362683431,2.258740174630986,1.0,0.0,1.0,0.0,1.0,0.0
7,115,12.0,2.9262145764740453,1.0,1.0,1.0,0.0,1.0,0.0
8,115,5.578963436719671,8.318046672777681,1.0,0.0,0.0,0.0,1.0,0.0
9,115,6.960723028001373,1.4818145906277058,0.0,0.0,1.0,1.0,1.0,1.0
10,115,1.9701135117452089,4.688945575641309,0.0,0.0,1.0,0.0,1.0,0.0
11,115,4.856507450948606,12.0,1.0,1.0,0.0,1.0,0.0,0.0
12,115,12.0,9.739770361090091,1.0,0.0,0.0,0.0,1.0,1.0
13,115,9.442608323039288,1.7887581842406004,0.0,0.0,1.0,0.0,0.0,0.0
14,115,10.965614640867388,11.854443656913602,0.0,1.0,0.0,1.0,1.0,0.0
0,120,5.846363152213871,0.3496102307820194,0.0,1.0,0.0,1.0,0.0,0.0
1,120,0.7015434533366895,10.244266999211296,0.0,1.0,0.0,0.0,0.0,0.0
2,120,9.206558747302385,3.484535783428242,1.0,0.0,1.0,0.0,0.0,1.0
3,120,10.254838561251074,6.344046358674135,1.0,0.0,0.0,1.0,0.0,0.0
4,120,7.08496642905119,10.266605094054563,0.0,0.0,0.0,1.0,0.0,0.0
5,120,0.0,5.185482708402953,1.0,1.0,0.0,1.0,0.0,1.0
6,120,5.532815326297433,2.1180941860817293,1.0,0.0,1.0,0.0,1.0,0.0
7,120,12.0,2.952778436839432,1.0,1.0,1.0,0.0,1.0,0.0
8,120,5.547265768225289,8.234545175601006,1.0,0.0,0.0,0.0,1.0,0.0
9,120,6.9617655842145,1.505419651940255,0.0,0.0,1.0,1.0,1.0,1.0
10,120,1.9702425679516304,4.67472075057642,0.0,0.0,1.0,0.0,1.0,0.0
11,120,5.02252308492663,12.0,1.0,1.0,0.0,1.0,0.0,0.0
12,120,12.0,9.689391965760077,1.0,0.0,0.0,0.0,1.0,1.0
13,120,9.343370874738998,1.7148975791616778,0.0,0.0,1.0,0.0,0.0,0.0
14,120,11.000270436991006,11.922217618830464,0.0,1.0,0.0,1.0,1.0,0.0
0,125,5.856040399559138,0.3560794123999639,0.0,1.0,0.0,1.0,0.0,0.0
1,125,0.6337640737763599,10.308631515812204,0.0,1.0,0.0,0.0,0.0,0.0
2,125,9.186650062809951,3.515169365315425,1.0,0.0,1.0,0.0,0.0,1.0
3,125,10.208424015859896,6.36230811995681,1.0,0.0,0.0,1.0,0.0,0.0
4,125,6.93335174372679,10.283848769048952,0.0,0.0,0.0,1.0,0.0,0.0
5,125,0.0,5.205875467389054,1.0,1.0,0.0,1.0,0.0,1.0
6,125,5.552557638728097,1.9873764465450432,1.0,0.0,1.0,0.0,1.0,0.0
7,125,12.0,2.9633525541796737,1.0,1.0,1.0,0.0,1.0,0.0
8,125,5.51509313704667,8.150683208297698,1.0,0.0,0.0,0.0,1.0,0.0
9,125,6.964212134104815,1.539090593808771,0.0,0.0,1.0,1.0,1.0,1.0
10,125,1.970240672731679,4.674320974480341,0.0,0.0,1.0,0.0,1.0,0.0
11,125,5.197113312531531,12.0,1.0,1.0,0.0,1.0,0.0,0.0
12,125,12.0,9.640030917551584,1.0,0.0,0.0,0.0,1.0,1.0
13,125,9.233400898817118,1.634168347634677,0.0,0.0,1.0,0.0,0.0,0.0
14,125,11.042748272375372,11.999944792813372,0.0,1.0,0.0,1.0,1.0,0.0
0,130,5.85516892141639,0.355514820396242,0.0,1.0,0.0,1.0,0.0,0.0
1,130,0.5503342833783423,10.383812109912748,0.0,1.0,0.0,0.0,0.0,0.0
2,130,9.163660151463546,3.549239267335744,1.0,0.0,1.0,0.0,0.0,1.0
3,130,10.162743545033544,6.379311101606917,1.0,0.0,0.0,1.0,0.0,0.0
4,130,6.781166193222815,10.302844483340133,0.0,0.0,0.0,1.0,0.0,0.0
5,130,0.0,5.222122337886638,1.0,1.0,0.0,1.0,0.0,1.0
6,130,5.571009334880023,1.857928884506053,1.0,0.0,1.0,0.0,1.0,0.0
7,130,12.0,2.981521620334036,1.0,1.0,1.0,0.0,1.0,0.0
8,130,5.483461636271353,8.065137319799675,1.0,0.0,0.0,0.0,1.0,0.0
9,130,6.964969069320015,1.5502717966288604,0.0,0.0,1.0,1.0,1.0,1.0
10,130,1.969877033121583,4.654810918793092,0.0,0.0,1.0,0.0,1.0,0.0
11,130,5.370719850953511,12.0,1.0,1.0,0.0,1.0,0.0,0.0
12,130,12.0,9.581510395378375,1.0,0.0,0.0,0.0,1.0,1.0
13,130,9.132073408014763,1.564228376611213,0.0,0.0,1.0,0.0,0.0,0.0
14,130,11.08808131062218,12.0,0.0,1.0,0.0,1.0,1.0,0.0
0,135,5.860551618018513,0.3591355831255864,0.0,1.0,0.0,1.0,0.0,0.0
1,135,0.4694973427546796,10.456693032127534,0.0,1.0,0.0,0.0,0.0,0.0
2,135,9.155497637085872,3.561475398565328,1.0,0.0,1.0,0.0,0.0,1.0
3,135,10.121096991040243,6.395846018173811,1.0,0.0,0.0,1.0,0.0,0.0
4,135,6.6347974788497,10.315087933402712,0.0,0.0,0.0,1.0,0.0,0.0
5,135,0.0,5.236108531475856,1.0,1.0,0.0,1.0,0.0,1.0
6,135,5.588662343056779,1.6930040675345372,1.0,0.0,1.0,0.0,1.0,0.0
7,135,12.0,3.001504623591674,1.0,1.0,1.0,0.0,1.0,0.0
8,135,5.4466774168891385,7.960296388165801,1.0,0.0,0.0,0.0,1.0,0.0
9,135,6.965221496193234,1.5543128462480515,0.0,0.0,1.0,1.0,1.0,1.0
10,135,1.969731973713147,4.633443444042795,0.0,0.0,1.0,0.0,1.0,0.0
11,135,5.533666841361264,12.0,1.0,1.0,0.0,1.0,0.0,0.0
12,135,12.0,9.5191013736802,1.0,0.0,0.0,0.0,1.0,1.0
13,135,9.00969165760917,1.485131326985668,0.0,0.0,1.0,0.0,0.0,0.0
14,135,11.127932539467462,12.0,0.0,1.0,0.0,1.0,1.0,0.0
0,140,5.865627745741143,0.3626171874393077,0.0,1.0,0.0,1.0,0.0,0.0
1,140,0.3913501556370752,10.530425547016092,0.0,1.0,0.0,0.0,0.0,0.0
2,140,9.15545687148012,3.5615371072373305,1.0,0.0,1.0,0.0,0.0,1.0
3,140,10.085952093273391,6.410107926213035,1.0,0.0,0.0,1.0,0.0,0.0
4,140,6.492888941840504,10.327940668873577,0.0,0.0,0.0,1.0,0.0,0.0
5,140,0.0,5.251749509168109,1.0,1.0,0.0,1.0,0.0,1.0
6,140,5.601742194778178,1.5341956321658528,1.0,0.0,1.0,0.0,1.0,0.0
7,140,12.0,3.025535937923191,1.0,1.0,1.0,0.0,1.0,0.0
8,140,5.413187736811882,7.851656696810667,1.0,0.0,0.0,0.0,1.0,0.0
9,140,6.96592818755544,1.574050238330079,0.0,0.0,1.0,1.0,1.0,1.0
10,140,1.969699091576294,4.628225699436374,0.0,0.0,1.0,0.0,1.0,0.0
11,140,5.690397044353967,12.0,1.0,1.0,0.0,1.0,0.0,0.0
12,140,12.0,9.45798122908758,1.0,0.0,0.0,0.0,1.0,1.0
13,140,8.880511191803327,1.4028735182884922,0.0,0.0,1.0,0.0,0.0,0.0
14,140,11.160804960365589,12.0,0.0,1.0,0.0,1.0,1.0,0.0
0,145,5.889128374422953,0.3780429726324443,0.0,1.0,0.0,1.0,0.0,0.0
1,145,0.3314266679212682,10.584838534512876,0.0,1.0,0.0,0.0,0.0,0.0
2,145,9.158281141758172,3.556970594285623,1.0,0.0,1.0,0.0,0.0,1.0
3,145,10.059263940103977,6.420751876823327,1.0,0.0,0.0,1.0,0.0,0.0
4,145,6.357940317321544,10.335955574278032,0.0,0.0,0.0,1.0,0.0,0.0
5,145,0.0,5.280646633529992,1.0,1.0,0.0,1.0,0.0,1.0
6,145,5.6148513170735175,1.3779826850812211,1.0,0.0,1.0,0.0,1.0,0.0
7,145,12.0,3.028323191873987,1.0,1.0,1.0,0.0,1.0,0.0
8,145,5.378624381506301,7.742671054128195,1.0,0.0,0.0,0.0,1.0,0.0
9,145,6.966575605148655,1.5881561251500962,0.0,0.0,1.0,1.0,1.0,1.0
10,145,1.969421146016559,4.615263439255919,0.0,0.0,1.0,0.0,1.0,0.0
11,145,5.848243086136133,12.0,1.0,1.0,0.0,1.0,0.0,0.0
12,145,12.0,9.38811971030012,1.0,0.0,0.0,0.0,1.0,1.0
13,145,8.747733915597157,1.3075330806059084,0.0,0.0,1.0,0.0,0.0,0.0
14,145,11.189716205469749,12.0,0.0,1.0,0.0,1.0,1.0,0.0
0,150,5.899784374016935,0.3847514833340403,0.0,1.0,0.0,1.0,0.0,0.0
1,150,0.261379404261826,10.64621122276899,0.0,1.0,0.0,0.0,0.0,0.0
2,150,9.148801720698518,3.5725235985238477,1.0,0.0,1.0,0.0,0.0,1.0
3,150,10.04346658170195,6.4274641708662354,1.0,0.0,0.0,1.0,0.0,0.0
4,150,6.217438236688795,10.345348826547529,0.0,0.0,0.0,1.0,0.0,0.0
5,150,0.0,5.3067968575467575,1.0,1.0,0.0,1.0,0.0,1.0
6,150,5.628818347356277,1.2093004752739072,1.0,0.0,1.0,0.0,1.0,0.0
7,150,11.995968781664818,3.023509868423325,1.0,1.0,1.0,0.0,1.0,0.0
8,150,5.343850866377983,7.6294189771219,1.0,0.0,0.0,0.0,1.0,0.0
9,150,6.9676626101166725,1.6118703370933063,0.0,0.0,1.0,1.0,1.0,1.0
10,150,1.9694177575119527,4.616735738503345,0.0,0.0,1.0,0.0,1.0,0.0
11,150,5.9924398024788825,12.0,1.0,1.0,0.0,1.0,0.0,0.0
12,150,12.0,9.322532910147531,1.0,0.0,0.0,0.0,1.0,1.0
13,150,8.612777901926442,1.215638002771155,0.0,0.0,1.0,0.0,0.0,0.0
14,150,11.221095122461524,12.0,0.0,1.0,0.0,1.0,1.0,0.0
0,155,5.917003329995074,0.3953290502854497,0.0,1.0,0.0,1.0,0.0,0.0
1,155,0.1850260205738095,10.71360025539799,0.0,1.0,0.0,0.0,0.0,0.0
2,155,9.14635672010746,3.576500855486432,1.0,0.0,1.0,0.0,0.0,1.0
3,155,10.042308579213694,6.427921543524312,1.0,0.0,0.0,1.0,0.0,0.0
4,155,6.060541332807874,10.351578807283872,0.0,0.0,0.0,1.0,0.0,0.0
5,155,0.0,5.333883975994098,1.0,1.0,0.0,1.0,0.0,1.0
6,155,5.6424398694630025,1.0476171856774927,1.0,0.0,1.0,0.0,1.0,0.0
7,155,11.99888496949209,3.027048268355576,1.0,1.0,1.0,0.0,1.0,0.0
8,155,5.301822712401646,7.496933170739703,1.0,0.0,0.0,0.0,1.0,0.0
9,155,6.9696943527086805,1.6485929392559653,0.0,0.0,1.0,1.0,1.0,1.0
10,155,1.969265970710783,4.625201212976285,0.0,0.0,1.0,0.0,1.0,0.0
11,155,6.142726694578592,12.0,1.0,1.0,0.0,1.0,0.0,0.0
12,155,12.0,9.251192084726014,1.0,0.0,0.0,0.0,1.0,1.0
13,155,8.489738474225605,1.1360955999398072,0.0,0.0,1.0,0.0,0.0,0.0
14,155,11.24707439493814,12.0,0.0,1.0,0.0,1.0,1.0,0.0
0,160,5.945565616590944,0.41324017233063,0.0,1.0,0.0,1.0,0.0,0.0
1,160,0.1041443070926978,10.78078341512394,0.0,1.0,0.0,0.0,0.0,0.0
2,160,9.13914645222332,3.587791991704618,1.0,0.0,1.0,0.0,0.0,1.0
3,160,10.04046782310191,6.4286705830573965,1.0,0.0,0.0,1.0,0.0,0.0
4,160,5.911839307206093,10.358374454178945,0.0,0.0,0.0,1.0,0.0,0.0
5,160,0.0,5.361307063699545,1.0,1.0,0.0,1.0,0.0,1.0
6,160,5.653868471931206,0.8891295252235262,1.0,0.0,1.0,0.0,1.0,0.0
7,160,12.0,3.028960814613536,1.0,1.0,1.0,0.0,1.0,0.0
8,160,5.258475150073735,7.353091156861269,1.0,0.0,0.0,0.0,1.0,0.0
9,160,6.970415881142043,1.6860837622368312,0.0,0.0,1.0,1.0,1.0,1.0
10,160,1.969247311711447,4.631449150102648,0.0,0.0,1.0,0.0,1.0,0.0
11,160,6.303156435823538,12.0,1.0,1.0,0.0,1.0,0.0,0.0
12,160,12.0,9.171343940550138,1.0,0.0,0.0,0.0,1.0,1.0
13,160,8.367793197777724,1.053872540692783,0.0,0.0,1.0,0.0,0.0,0.0
14,160,11.265150281273469,12.0,0.0,1.0,0.0,1.0,1.0,0.0
0,165,5.958117213289542,0.4207758190531254,0.0,1.0,0.0,1.0,0.0,0.0
1,165,0.0114917926523482,10.85427631810657,0.0,1.0,0.0,0.0,0.0,0.0
2,165,9.124955218761317,3.6095289742486583,1.0,0.0,1.0,0.0,0.0,1.0
3,165,10.021024968754684,6.436410225565961,1.0,0.0,0.0,1.0,0.0,0.0
4,165,5.77037412737017,10.364553065450956,0.0,0.0,0.0,1.0,0.0,0.0
5,165,0.0,5.3909109061211975,1.0,1.0,0.0,1.0,0.0,1.0
6,165,5.664504936645374,0.7397352137810934,1.0,0.0,1.0,0.0,1.0,0.0
7,165,12.0,3.0342311187498576,1.0,1.0,1.0,0.0,1.0,0.0
8,165,5.222736816164261,7.234534786933792,1.0,0.0,0.0,0.0,1.0,0.0
9,165,6.971400923999091,1.7155833198974395,0.0,0.0,1.0,1.0,1.0,1.0
10,165,1.969243243503632,4.631761189692359,0.0,0.0,1.0,0.0,1.0,0.0
11,165,6.459081951272875,12.0,1.0,1.0,0.0,1.0,0.0,0.0
12,165,12.0,9.08532959522322,1.0,0.0,0.0,0.0,1.0,1.0
13,165,8.262413743508093,0.9815213269692938,0.0,0.0,1.0,0.0,0.0,0.0
14,165,11.275593813238665,12.0,0.0,1.0,0.0,1.0,1.0,0.0
0,170,5.996275367163415,0.4439826158124254,0.0,1.0,0.0,1.0,0.0,0.0
1,170,0.0,10.925564322412605,0.0,1.0,0.0,0.0,0.0,0.0
2,170,9.118974986739694,3.618845375430928,1.0,0.0,1.0,0.0,0.0,1.0
3,170,10.01908843010833,6.437058840440422,1.0,0.0,0.0,1.0,0.0,0.0
4,170,5.621409219006048,10.371097853347758,0.0,0.0,0.0,1.0,0.0,0.0
5,170,0.0,5.419442741362591,1.0,1.0,0.0,1.0,0.0,1.0
6,170,5.674241549026534,0.6009781144252665,1.0,0.0,1.0,0.0,1.0,0.0
7,170,12.0,3.0469515897566253,1.0,1.0,1.0,0.0,1.0,0.0
8,170,5.182734755897264,7.114439736063626,1.0,0.0,0.0,0.0,1.0,0.0
9,170,6.975196115986091,1.769692058319544,0.0,0.0,1.0,1.0,1.0,1.0
10,170,1.9692382314979096,4.6326284797361446,0.0,0.0,1.0,0.0,1.0,0.0
11,170,6.64405544011115,12.0,1.0,1.0,0.0,1.0,0.0,0.0
12,170,12.0,8.994155611637703,1.0,0.0,0.0,0.0,1.0,1.0
13,170,8.15102649869038,0.900620437738373,0.0,0.0,1.0,0.0,0.0,0.0
14,170,11.296908469705876,12.0,0.0,1.0,0.0,1.0,1.0,0.0
0,175,6.045295016760118,0.4728179179458546,0.0,1.0,0.0,1.0,0.0,0.0
1,175,0.0,10.98414826650142,0.0,1.0,0.0,0.0,0.0,0.0
2,175,9.116250353577716,3.6231490285614414,1.0,0.0,1.0,0.0,0.0,1.0
3,175,10.032922641838622,6.431983708219247,1.0,0.0,0.0,1.0,0.0,0.0
4,175,5.461520573532459,10.376973656589804,0.0,0.0,0.0,1.0,0.0,0.0
5,175,0.0,5.451933332607451,1.0,1.0,0.0,1.0,0.0,1.0
6,175,5.68508394640122,0.4524341166232286,1.0,0.0,1.0,0.0,1.0,0.0
7,175,12.0,3.069784402992916,1.0,1.0,1.0,0.0,1.0,0.0
8,175,5.139286148856107,6.993454573837439,1.0,0.0,0.0,0.0,1.0,0.0
9,175,6.9798832235496295,1.8188761144330845,0.0,0.0,1.0,1.0,1.0,1.0
10,175,1.9696459139872324,4.653698482074216,0.0,0.0,1.0,0.0,1.0,0.0
11,175,6.828176126777438,12.0,1.0,1.0,0.0,1.0,0.0,0.0
12,175,12.0,8.901756119495015,1.0,0.0,0.0,0.0,1.0,1.0
13,175,8.027576869768549,0.8127488799806404,0.0,0.0,1.0,0.0,0.0,0.0
14,175,11.31912481619509,12.0,0.0,1.0,0.0,1.0,1.0,0.0
0,180,6.102372046722145,0.5062062082166375,0.0,1.0,0.0,1.0,0.0,0.0
1,180,0.0,11.051058039642474,0.0,1.0,0.0,0.0,0.0,0.0
2,180,9.1160596708777,3.623447756290048,1.0,0.0,1.0,0.0,0.0,1.0
3,180,10.017145121568,6.437028918283429,1.0,0.0,0.0,1.0,0.0,0.0
4,180,5.317421075487449,10.377462322575562,0.0,0.0,0.0,1.0,0.0,0.0
5,180,0.0,5.489893477327412,1.0,1.0,0.0,1.0,0.0,1.0
6,180,5.689667415014821,0.3043555197179544,1.0,0.0,1.0,0.0,1.0,0.0
7,180,12.0,3.098955765122477,1.0,1.0,1.0,0.0,1.0,0.0
8,180,5.08845549514093,6.856254749640072,1.0,0.0,0.0,0.0,1.0,0.0
9,180,6.985063765757317,1.8754377817158,0.0,0.0,1.0,1.0,1.0,1.0
10,180,1.9702228783426563,4.676195402397113,0.0,0.0,1.0,0.0,1.0,0.0
11,180,7.020934778897492,12.0,1.0,1.0,0.0,1.0,0.0,0.0
12,180,12.0,8.817815694436453,1.0,0.0,0.0,0.0,1.0,1.0
13,180,7.904925150469662,0.7237619480580321,0.0,0.0,1.0,0.0,0.0,0.0
14,180,11.33532663109137,12.0,0.0,1.0,0.0,1.0,1.0,0.0
0,185,6.156629664448338,0.537860861329888,0.0,1.0,0.0,1.0,0.0,0.0
1,185,0.0,11.1110754238945,0.0,1.0,0.0,0.0,0.0,0.0
2,185,9.12536163719646,3.6101334000636567,1.0,0.0,1.0,0.0,0.0,1.0
3,185,9.974392033478251,6.451098419245358,1.0,0.0,0.0,1.0,0.0,0.0
4,185,5.174483255969238,10.380850233202093,0.0,0.0,0.0,1.0,0.0,0.0
5,185,0.0,5.529016359468427,1.0,1.0,0.0,1.0,0.0,1.0
6,185,5.693157993455247,0.1375114226878774,1.0,0.0,1.0,0.0,1.0,0.0
7,185,12.0,3.12184421376417,1.0,1.0,1.0,0.0,1.0,0.0
8,185,5.040596683978356,6.731485364370265,1.0,0.0,0.0,0.0,1.0,0.0
9,185,6.991247612171078,1.937783135006194,0.0,0.0,1.0,1.0,1.0,1.0
10,185,1.9704025872349935,4.688048718153266,0.0,0.0,1.0,0.0,1.0,0.0
11,185,7.21767564658164,12.0,1.0,1.0,0.0,1.0,0.0,0.0
12,185,12.0,8.739164849758746,1.0,0.0,0.0,0.0,1.0,1.0
13,185,7.754559473918312,0.6167440815714236,0.0,0.0,1.0,0.0,0.0,0.0
14,185,11.352816599256789,12.0,0.0,1.0,0.0,1.0,1.0,0.0
0,190,6.215547063111067,0.5727833776975761,0.0,1.0,0.0,1.0,0.0,0.0
1,190,0.0,11.17212343220046,0.0,1.0,0.0,0.0,0.0,0.0
2,190,9.129312984545155,3.604421999090364,1.0,0.0,1.0,0.0,0.0,1.0
3,190,9.916687299712097,6.470440983448008,1.0,0.0,0.0,1.0,0.0,0.0
4,190,5.033370207841067,10.384416398552728,0.0,0.0,0.0,1.0,0.0,0.0
5,190,0.0,5.561314116585908,1.0,1.0,0.0,1.0,0.0,1.0
6,190,5.698015655089924,0.0019133947498382,1.0,0.0,1.0,0.0,1.0,0.0
7,190,12.0,3.1453723192202565,1.0,1.0,1.0,0.0,1.0,0.0
8,190,4.915684911684704,6.782741358471448,1.0,0.0,0.0,0.0,1.0,0.0
9,190,6.996523201171275,2.008576026781966,0.0,0.0,1.0,1.0,1.0,1.0
10,190,1.9704287483817668,4.691480244211365,0.0,0.0,1.0,0.0,1.0,0.0
11,190,7.407443792334515,12.0,1.0,1.0,0.0,1.0,0.0,0.0
12,190,12.0,8.662104780479371,1.0,0.0,0.0,0.0,1.0,1.0
13,190,7.597892185015206,0.5042210893887329,0.0,0.0,1.0,0.0,0.0,0.0
14,190,11.363435721158565,12.0,0.0,1.0,0.0,1.0,1.0,0.0
0,195,6.28994572409483,0.6155073183576943,0.0,1.0,0.0,1.0,0.0,0.0
1,195,0.0,11.22963696440796,0.0,1.0,0.0,0.0,0.0,0.0
2,195,9.142019619110014,3.58555481227684,1.0,0.0,1.0,0.0,0.0,1.0
3,195,9.859446660031647,6.48945586779013,1.0,0.0,0.0,1.0,0.0,0.0
4,195,4.887461949087856,10.387803641755411,0.0,0.0,0.0,1.0,0.0,0.0
5,195,0.0,5.601149992105406,1.0,1.0,0.0,1.0,0.0,1.0
6,195,5.701525819164386,0.0,1.0,0.0,1.0,0.0,1.0,0.0
7,195,12.0,3.1494015728314606,1.0,1.0,1.0,0.0,1.0,0.0
8,195,4.786313928332583,6.834986383620174,1.0,0.0,0.0,0.0,1.0,0.0
9,195,7.002461131611864,2.082760559110284,0.0,0.0,1.0,1.0,1.0,1.0
10,195,1.97048372206075,4.701775142457254,0.0,0.0,1.0,0.0,1.0,0.0
11,195,7.599823149145804,12.0,1.0,1.0,0.0,1.0,0.0,0.0
12,195,12.0,8.585315806740693,1.0,0.0,0.0,0.0,1.0,1.0
13,195,7.42461885820672,0.3738044633742299,0.0,0.0,1.0,0.0,0.0,0.0
14,195,11.375929849330516,12.0,0.0,1.0,0.0,1.0,1.0,0.0
0,200,6.36061331114563,0.6532848157378245,0.0,1.0,0.0,1.0,0.0,0.0
1,200,0.0,11.28886341895142,0.0,1.0,0.0,0.0,0.0,0.0
2,200,9.156588579404543,3.5632183097543786,1.0,0.0,1.0,0.0,0.0,1.0
3,200,9.784170668288857,6.513370815550248,1.0,0.0,0.0,1.0,0.0,0.0
4,200,4.732949178284747,10.399578659957864,0.0,0.0,0.0,1.0,0.0,0.0
5,200,0.0,5.637282936222984,1.0,1.0,0.0,1.0,0.0,1.0
6,200,5.7095592924467775,0.0,1.0,0.0,1.0,0.0,1.0,0.0
7,200,11.992989183736588,3.141089083775776,1.0,1.0,1.0,0.0,1.0,0.0
8,200,4.647873165993319,6.885086886027582,1.0,0.0,0.0,0.0,1.0,0.0
9,200,7.010037110530985,2.160662135266977,0.0,0.0,1.0,1.0,1.0,1.0
10,200,1.97045719554082,4.704264938725519,0.0,0.0,1.0,0.0,1.0,0.0
11,200,7.794321364023182,12.0,1.0,1.0,0.0,1.0,0.0,0.0
12,200,12.0,8.516496928316629,1.0,0.0,0.0,0.0,1.0,1.0
13,200,7.260277017885629,0.2545452147640502,0.0,0.0,1.0,0.0,0.0,0.0
14,200,11.386992340825635,12.0,0.0,1.0,0.0,1.0,1.0,0.0
0,205,6.444268696722057,0.6972008487565617,0.0,1.0,0.0,1.0,0.0,0.0
1,205,0.0,11.344508084380756,0.0,1.0,0.0,0.0,0.0,0.0
2,205,9.176571037582436,3.531548820998334,1.0,0.0,1.0,0.0,0.0,1.0
3,205,9.716459364517767,6.53344637852803,1.0,0.0,0.0,1.0,0.0,0.0
4,205,4.573787898772167,10.412137676275828,0.0,0.0,0.0,1.0,0.0,0.0
5,205,0.0,5.667716513837619,1.0,1.0,0.0,1.0,0.0,1.0
6,205,5.72007995972883,0.0,1.0,0.0,1.0,0.0,1.0,0.0
7,205,11.997140765844955,3.146081647750292,1.0,1.0,1.0,0.0,1.0,0.0
8,205,4.49432175783774,6.942870480542083,1.0,0.0,0.0,0.0,1.0,0.0
9,205,7.020147412338142,2.2406309215588984,0.0,0.0,1.0,1.0,1.0,1.0
10,205,1.970295765712761,4.72626936181775,0.0,0.0,1.0,0.0,1.0,0.0
11,205,7.978761198874624,12.0,1.0,1.0,0.0,1.0,0.0,0.0
12,205,12.0,8.447906263742015,1.0,0.0,0.0,0.0,1.0,1.0
13,205,7.073291237756375,0.1248560164086033,0.0,0.0,1.0,0.0,0.0,0.0
14,205,11.41123113151248,12.0,0.0,1.0,0.0,1.0,1.0,0.0
0,210,6.53037097508241,0.7466010913686016,0.0,1.0,0.0,1.0,0.0,0.0
1,210,0.0,11.404773522211617,0.0,1.0,0.0,0.0,0.0,0.0
2,210,9.19318216257412,3.503799730800289,1.0,0.0,1.0,0.0,0.0,1.0
3,210,9.658099715408904,6.553082501361719,1.0,0.0,0.0,1.0,0.0,0.0
4,210,4.409575879088937,10.427004857434156,0.0,0.0,0.0,1.0,0.0,0.0
5,210,0.0,5.698232377764522,1.0,1.0,0.0,1.0,0.0,1.0
6,210,5.736229111843727,0.0,1.0,0.0,1.0,0.0,1.0,0.0
7,210,11.991892589496649,3.139718543892586,1.0,1.0,1.0,0.0,1.0,0.0
8,210,4.347410182379646,6.99345699761949,1.0,0.0,0.0,0.0,1.0,0.0
9,210,7.0283975571915525,2.314905099460826,0.0,0.0,1.0,1.0,1.0,1.0
10,210,1.9702117580711984,4.729744237469762,0.0,0.0,1.0,0.0,1.0,0.0
11,210,8.155208468327666,12.0,1.0,1.0,0.0,1.0,0.0,0.0
12,210,12.0,8.371774290556235,1.0,0.0,0.0,0.0,1.0,1.0
13,210,6.88176447322888,0.0,0.0,0.0,1.0,0.0,0.0,0.0
14,210,11.438494271083355,12.0,0.0,1.0,0.0,1.0,1.0,0.0
0,215,6.651915072673519,0.8170825130324376,0.0,1.0,0.0,1.0,0.0,0.0
1,215,0.0,11.471478297569282,0.0,1.0,0.0,0.0,0.0,0.0
2,215,9.207586132827185,3.4797435231304075,1.0,0.0,1.0,0.0,0.0,1.0
3,215,9.578199864057057,6.578372942166074,1.0,0.0,0.0,1.0,0.0,0.0
4,215,4.221827940128317,10.443079702034666,0.0,0.0,0.0,1.0,0.0,0.0
5,215,0.0,5.725267970561229,1.0,1.0,0.0,1.0,0.0,1.0
6,215,5.748599308043764,0.0,1.0,0.0,1.0,0.0,1.0,0.0
7,215,11.99010085255252,3.1374718607571537,1.0,1.0,1.0,0.0,1.0,0.0
8,215,4.202126799686335,7.038518093266776,1.0,0.0,0.0,0.0,1.0,0.0
9,215,7.037726620853484,2.4029687806140854,0.0,0.0,1.0,1.0,1.0,1.0
10,215,1.9698934220919475,4.741047315087633,0.0,0.0,1.0,0.0,1.0,0.0
11,215,8.34552964748778,12.0,1.0,1.0,0.0,1.0,0.0,0.0
12,215,12.0,8.299528681340991,1.0,0.0,0.0,0.0,1.0,1.0
13,215,6.6977845803632485,0.0,0.0,0.0,1.0,0.0,0.0,0.0
14,215,11.461599919133166,12.0,0.0,1.0,0.0,1.0,1.0,0.0
0,220,6.770686615428268,0.8811644082653692,0.0,1.0,0.0,1.0,0.0,0.0
1,220,0.0,11.53670888159962,0.0,1.0,0.0,0.0,0.0,0.0
2,220,9.227707735034896,3.4446387443345223,1.0,0.0,1.0,0.0,0.0,1.0
3,220,9.498208034004136,6.602944898944871,1.0,0.0,0.0,1.0,0.0,0.0
4,220,4.051557391591291,10.457009368036603,0.0,0.0,0.0,1.0,0.0,0.0
5,220,0.0,5.751421379533914,1.0,1.0,0.0,1.0,0.0,1.0
6,220,5.771078815827655,0.0,1.0,0.0,1.0,0.0,1.0,0.0
7,220,11.983538379285903,3.128671610630928,1.0,1.0,1.0,0.0,1.0,0.0
8,220,4.0540818891415125,7.085116494832208,1.0,0.0,0.0,0.0,1.0,0.0
9,220,7.0492848798647625,2.48029754742984,0.0,0.0,1.0,1.0,1.0,1.0
10,220,1.9699367179949416,4.740200401392732,0.0,0.0,1.0,0.0,1.0,0.0
11,220,8.538465902467482,12.0,1.0,1.0,0.0,1.0,0.0,0.0
12,220,12.0,8.229618122795827,1.0,0.0,0.0,0.0,1.0,1.0
13,220,6.513404708476445,0.0,0.0,0.0,1.0,0.0,0.0,0.0
14,220,11.481243852608094,12.0,0.0,1.0,0.0,1.0,1.0,0.0
0,225,6.870289041522398,0.9374566373817148,0.0,1.0,0.0,1.0,0.0,0.0
1,225,0.0,11.600901845856862,0.0,1.0,0.0,0.0,0.0,0.0
2,225,9.2536466231881,3.3995263857400797,1.0,0.0,1.0,0.0,0.0,1.0
3,225,9.420951122679046,6.626012533056808,1.0,0.0,0.0,1.0,0.0,0.0
4,225,3.861515170779201,10.478523490386316,0.0,0.0,0.0,1.0,0.0,0.0
5,225,0.0,5.788826998586734,1.0,1.0,0.0,1.0,0.0,1.0
6,225,5.792650531233322,0.0,1.0,0.0,1.0,0.0,1.0,0.0
7,225,11.98624076079822,3.132166468895449,1.0,1.0,1.0,0.0,1.0,0.0
8,225,3.9236695327356177,7.12729313037259,1.0,0.0,0.0,0.0,1.0,0.0
9,225,7.059334129986399,2.555373768213862,0.0,0.0,1.0,1.0,1.0,1.0
10,225,1.96982173287132,4.742823826958168,0.0,0.0,1.0,0.0,1.0,0.0
11,225,8.729626030213804,12.0,1.0,1.0,0.0,1.0,0.0,0.0
12,225,12.0,8.169119035330874,1.0,0.0,0.0,0.0,1.0,1.0
13,225,6.332856254547608,0.0,0.0,0.0,1.0,0.0,0.0,0.0
14,225,11.485149488499236,12.0,0.0,1.0,0.0,1.0,1.0,0.0
0,230,6.958542737510067,0.989896399661771,0.0,1.0,0.0,1.0,0.0,0.0
1,230,0.0,11.660747755798909,0.0,1.0,0.0,0.0,0.0,0.0
2,230,9.280642123260836,3.35259085297299,1.0,0.0,1.0,0.0,0.0,1.0
3,230,9.345062491370957,6.650358516622173,1.0,0.0,0.0,1.0,0.0,0.0
4,230,3.668322440364008,10.499309565559534,0.0,0.0,0.0,1.0,0.0,0.0
5,230,0.0,5.826230411402403,1.0,1.0,0.0,1.0,0.0,1.0
6,230,5.8144790273376605,0.0,1.0,0.0,1.0,0.0,1.0,0.0
7,230,11.98764603586104,3.13403237524412,1.0,1.0,1.0,0.0,1.0,0.0
8,230,3.789242202340504,7.171045448371218,1.0,0.0,0.0,0.0,1.0,0.0
9,230,7.0692064268048735,2.625914011412996,0.0,0.0,1.0,1.0,1.0,1.0
10,230,1.969715031580063,4.750298279515423,0.0,0.0,1.0,0.0,1.0,0.0
11,230,8.911996544092325,12.0,1.0,1.0,0.0,1.0,0.0,0.0
12,230,12.0,8.12940593381662,1.0,0.0,0.0,0.0,1.0,1.0
13,230,6.149245686485109,0.0,0.0,0.0,1.0,0.0,0.0,0.0
14,230,11.49413141688843,12.0,0.0,1.0,0.0,1.0,1.0,0.0
0,235,7.022302639540258,1.0282761852508782,0.0,1.0,0.0,1.0,0.0,0.0
1,235,0.0,11.711743915265016,0.0,1.0,0.0,0.0,0.0,0.0
2,235,9.31700693894375,3.2921830446921385,1.0,0.0,1.0,0.0,0.0,1.0
3,235,9.275458877623883,6.674436088990883,1.0,0.0,0.0,1.0,0.0,0.0
4,235,3.4778216955818104,10.52309596459539,0.0,0.0,0.0,1.0,0.0,0.0
5,235,0.0,5.867625643754243,1.0,1.0,0.0,1.0,0.0,1.0
6,235,5.833937813894702,0.0,1.0,0.0,1.0,0.0,1.0,0.0
7,235,11.985748000360264,3.1314158120443243,1.0,1.0,1.0,0.0,1.0,0.0
8,235,3.647249315364843,7.218959386962519,1.0,0.0,0.0,0.0,1.0,0.0
9,235,7.078788159729991,2.710026250979526,0.0,0.0,1.0,1.0,1.0,1.0
10,235,1.9697372756305327,4.748394596332947,0.0,0.0,1.0,0.0,1.0,0.0
11,235,9.087524069082978,12.0,1.0,1.0,0.0,1.0,0.0,0.0
12,235,12.0,8.101761846622898,1.0,0.0,0.0,0.0,1.0,1.0
13,235,5.96308112652726,0.0,0.0,0.0,1.0,0.0,0.0,0.0
14,235,11.50401367157246,12.0,0.0,1.0,0.0,1.0,1.0,0.0
0,240,7.065190041145204,1.0540949873705534,0.0,1.0,0.0,1.0,0.0,0.0
1,240,0.0,11.747576097850487,0.0,1.0,0.0,0.0,0.0,0.0
2,240,9.34733479532056,3.2409196843457373,1.0,0.0,1.0,0.0,0.0,1.0
3,240,9.211859254450069,6.694169526833239,1.0,0.0,0.0,1.0,0.0,0.0
4,240,3.291974909587245,10.54640730239898,0.0,0.0,0.0,1.0,0.0,0.0
5,240,0.0,5.916220816328404,1.0,1.0,0.0,1.0,0.0,1.0
6,240,5.851371557863111,0.0,1.0,0.0,1.0,0.0,1.0,0.0
7,240,11.977476773860923,3.120435663713012,1.0,1.0,1.0,0.0,1.0,0.0
8,240,3.467401470007223,7.281642822958826,1.0,0.0,0.0,0.0,1.0,0.0
9,240,7.088134584309104,2.8048445333196748,0.0,0.0,1.0,1.0,1.0,1.0
10,240,1.9698514022684777,4.744322949300573,0.0,0.0,1.0,0.0,1.0,0.0
11,240,9.2663738490578,12.0,1.0,1.0,0.0,1.0,0.0,0.0
12,240,12.0,8.067172103778603,1.0,0.0,0.0,0.0,1.0,1.0
13,240,5.757965671419426,0.0,0.0,0.0,1.0,0.0,0.0,0.0
14,240,11.515262780918006,12.0,0.0,1.0,0.0,1.0,1.0,0.0
0,245,7.121992039879706,1.0885020629458717,0.0,1.0,0.0,1.0,0.0,0.0
1,245,0.0,11.77482331885889,0.0,1.0,0.0,0.0,0.0,0.0
2,245,9.385086357889769,3.175679777085749,1.0,0.0,1.0,0.0,0.0,1.0
3,245,9.13168349429414,6.720431765426585,1.0,0.0,0.0,1.0,0.0,0.0
4,245,3.2666430218143785,10.359563165110613,0.0,0.0,0.0,1.0,0.0,0.0
5,245,0.0,5.983121664184727,1.0,1.0,0.0,1.0,0.0,1.0
6,245,5.863884346126169,0.0,1.0,0.0,1.0,0.0,1.0,0.0
7,245,11.97388047550232,3.115932893292683,1.0,1.0,1.0,0.0,1.0,0.0
8,245,3.2806507749864013,7.342302273938256,1.0,0.0,0.0,0.0,1.0,0.0
9,245,7.097836752192736,2.911575245541186,0.0,0.0,1.0,1.0,1.0,1.0
10,245,1.9698344930202776,4.7448998540953085,0.0,0.0,1.0,0.0,1.0,0.0
11,245,9.444392599989454,12.0,1.0,1.0,0.0,1.0,0.0,0.0
12,245,12.0,8.018759402625681,1.0,0.0,0.0,0.0,1.0,1.0
13,245,5.564634639065781,0.0,0.0,0.0,1.0,0.0,0.0,0.0
14,245,11.530454202313242,12.0,0.0,1.0,0.0,1.0,1.0,0.0
0,250,7.168461650920444,1.117826817773621,0.0,1.0,0.0,1.0,0.0,0.0
1,250,0.0,11.80391884795407,0.0,1.0,0.0,0.0,0.0,0.0
2,250,9.425014808031705,3.1043819078424786,1.0,0.0,1.0,0.0,0.0,1.0
3,250,9.04661227759054,6.74935677357276,1.0,0.0,0.0,1.0,0.0,0.0
4,250,3.239677736027124,10.175082410129331,0.0,0.0,0.0,1.0,0.0,0.0
5,250,0.0,6.050656661032916,1.0,1.0,0.0,1.0,0.0,1.0
6,250,5.878618111077127,0.0,1.0,0.0,1.0,0.0,1.0,0.0
7,250,11.971707146924189,3.1131749255317978,1.0,1.0,1.0,0.0,1.0,0.0
8,250,3.109455413247016,7.398535904588332,1.0,0.0,0.0,0.0,1.0,0.0
9,250,7.107780754230859,3.0229035897831547,0.0,0.0,1.0,1.0,1.0,1.0
10,250,1.9699960837201849,4.73507075765832,0.0,0.0,1.0,0.0,1.0,0.0
11,250,9.629491840233202,12.0,1.0,1.0,0.0,1.0,0.0,0.0
12,250,12.0,7.96263562398728,1.0,0.0,0.0,0.0,1.0,1.0
13,250,5.356294697617721,0.0,0.0,0.0,1.0,0.0,0.0,0.0
14,250,11.54496020945353,12.0,0.0,1.0,0.0,1.0,1.0,0.0
0,255,7.195731362642427,1.1356007864759934,0.0,1.0,0.0,1.0,0.0,0.0
1,255,0.0,11.833180379566516,0.0,1.0,0.0,0.0,0.0,0.0
2,255,9.461695244185409,3.03879979515548,1.0,0.0,1.0,0.0,0.0,1.0
3,255,8.963089320411212,6.777148813754081,1.0,0.0,0.0,1.0,0.0,0.0
4,255,3.2132501165494265,9.97531797436374,0.0,0.0,0.0,1.0,0.0,0.0
5,255,0.0,6.1243604933152165,1.0,1.0,0.0,1.0,0.0,1.0
6,255,5.898867073754322,0.0,1.0,0.0,1.0,0.0,1.0,0.0
7,255,11.969997897626108,3.1110416051886896,1.0,1.0,1.0,0.0,1.0,0.0
8,255,2.9528260908507606,7.449165622810721,1.0,0.0,0.0,0.0,1.0,0.0
9,255,7.12167447939911,3.147470552637436,0.0,0.0,1.0,1.0,1.0,1.0
10,255,1.9699963055701704,4.729735001196508,0.0,0.0,1.0,0.0,1.0,0.0
11,255,9.82071041309121,12.0,1.0,1.0,0.0,1.0,0.0,0.0
12,255,12.0,7.899917996153329,1.0,0.0,0.0,0.0,1.0,1.0
13,255,5.146816479792003,0.0,0.0,0.0,1.0,0.0,0.0,0.0
14,255,11.564154258820542,12.0,0.0,1.0,0.0,1.0,1.0,0.0
0,260,7.222806663079466,1.1534406019686316,0.0,1.0,0.0,1.0,0.0,0.0
1,260,0.0,11.834614103273069,0.0,1.0,0.0,0.0,0.0,0.0
2,260,9.510126873496636,2.951018404277921,1.0,0.0,1.0,0.0,0.0,1.0
3,260,8.8819501658659,6.804728700712108,1.0,0.0,0.0,1.0,0.0,0.0
4,260,3.185290620062132,9.781521243329315,0.0,0.0,0.0,1.0,0.0,0.0
5,260,0.0,6.194279854249426,1.0,1.0,0.0,1.0,0.0,1.0
6,260,5.920824559003594,0.0,1.0,0.0,1.0,0.0,1.0,0.0
7,260,11.971914343450916,3.113465401821704,1.0,1.0,1.0,0.0,1.0,0.0
8,260,2.803465021143513,7.501309495827825,1.0,0.0,0.0,0.0,1.0,0.0
9,260,7.136505068795338,3.284166118711505,0.0,0.0,1.0,1.0,1.0,1.0
10,260,1.969947588397779,4.725777667134399,0.0,0.0,1.0,0.0,1.0,0.0
11,260,10.01676952820758,12.0,1.0,1.0,0.0,1.0,0.0,0.0
12,260,12.0,7.821888569132124,1.0,0.0,0.0,0.0,1.0,1.0
13,260,4.941129755134926,0.0,0.0,0.0,1.0,0.0,0.0,0.0
14,260,11.592630493877833,12.0,0.0,1.0,0.0,1.0,1.0,0.0
0,265,7.252246940732485,1.1717852126748995,0.0,1.0,0.0,1.0,0.0,0.0
1,265,0.0,11.838943835257393,0.0,1.0,0.0,0.0,0.0,0.0
2,265,9.556399651013898,2.8652265799444687,1.0,0.0,1.0,0.0,0.0,1.0
3,265,8.799133957185346,6.832978034414556,1.0,0.0,0.0,1.0,0.0,0.0
4,265,3.1569711716078186,9.578578548098156,0.0,0.0,0.0,1.0,0.0,0.0
5,265,0.0,6.2667131825669244,1.0,1.0,0.0,1.0,0.0,1.0
6,265,5.941882665313637,0.0,1.0,0.0,1.0,0.0,1.0,0.0
7,265,11.969090736009871,3.1099005604245478,1.0,1.0,1.0,0.0,1.0,0.0
8,265,2.6357512888521684,7.5554673050707555,1.0,0.0,0.0,0.0,1.0,0.0
9,265,7.1551821579251005,3.4533129039945547,0.0,0.0,1.0,1.0,1.0,1.0
10,265,1.970071097782193,4.73323838456335,0.0,0.0,1.0,0.0,1.0,0.0
11,265,10.222985869801214,12.0,1.0,1.0,0.0,1.0,0.0,0.0
12,265,12.0,7.732617457184639,1.0,0.0,0.0,0.0,1.0,1.0
13,265,4.735914119401016,0.0,0.0,0.0,1.0,0.0,0.0,0.0
14,265,11.622834477721904,12.0,0.0,1.0,0.0,1.0,1.0,0.0
0,270,7.287453493338666,1.1935703278090188,0.0,1.0,0.0,1.0,0.0,0.0
1,270,0.0154272105171782,11.822918000054951,0.0,1.0,0.0,0.0,0.0,0.0
2,270,9.603346617974443,2.779462900908582,1.0,0.0,1.0,0.0,0.0,1.0
3,270,8.707211165333687,6.863959415615929,1.0,0.0,0.0,1.0,0.0,0.0
4,270,3.1296453788034038,9.39133680860065,0.0,0.0,0.0,1.0,0.0,0.0
5,270,0.0,6.334177201188827,1.0,1.0,0.0,1.0,0.0,1.0
6,270,5.962918847641744,0.0,1.0,0.0,1.0,0.0,1.0,0.0
7,270,11.954955764693391,3.0914203384320325,1.0,1.0,1.0,0.0,1.0,0.0
8,270,2.4703353972815085,7.606908403302122,1.0,0.0,0.0,0.0,1.0,0.0
9,270,7.174438280331948,3.623483822563318,0.0,0.0,1.0,1.0,1.0,1.0
10,270,1.9699368495756624,4.728179725906744,0.0,0.0,1.0,0.0,1.0,0.0
11,270,10.44188981853111,12.0,1.0,1.0,0.0,1.0,0.0,0.0
12,270,12.0,7.629414575920905,1.0,0.0,0.0,0.0,1.0,1.0
13,270,4.537339530303121,0.0,0.0,0.0,1.0,0.0,0.0,0.0
14,270,11.655431718789574,12.0,0.0,1.0,0.0,1.0,1.0,0.0
0,275,7.31839606906018,1.2123158908997596,0.0,1.0,0.0,1.0,0.0,0.0
1,275,0.0291748418593109,11.809504846533624,0.0,1.0,0.0,0.0,0.0,0.0
2,275,9.645737605063632,2.701455487909556,1.0,0.0,1.0,0.0,0.0,1.0
3,275,8.619686524659238,6.894246692158834,1.0,0.0,0.0,1.0,0.0,0.0
4,275,3.1040508617562987,9.196432306416698,0.0,0.0,0.0,1.0,0.0,0.0
5,275,0.0,6.403163169852502,1.0,1.0,0.0,1.0,0.0,1.0
6,275,5.979810447658283,0.0,1.0,0.0,1.0,0.0,1.0,0.0
7,275,11.948290460711007,3.0829433256785057,1.0,1.0,1.0,0.0,1.0,0.0
8,275,2.306879726541777,7.660749897295913,1.0,0.0,0.0,0.0,1.0,0.0
9,275,7.192022638996175,3.7848730504163655,0.0,0.0,1.0,1.0,1.0,1.0
10,275,1.969614565137059,4.719218317141791,0.0,0.0,1.0,0.0,1.0,0.0
11,275,10.642478261200656,12.0,1.0,1.0,0.0,1.0,0.0,0.0
12,275,12.0,7.529416419870214,1.0,0.0,0.0,0.0,1.0,1.0
13,275,4.35366976999273,0.0,0.0,0.0,1.0,0.0,0.0,0.0
14,275,11.6912917123843,12.0,0.0,1.0,0.0,1.0,1.0,0.0
0,280,7.337263691242192,1.2242905572638123,0.0,1.0,0.0,1.0,0.0,0.0
1,280,0.0527586758495949,11.786529901019192,0.0,1.0,0.0,0.0,0.0,0.0
2,280,9.699880250181108,2.6007692086247145,1.0,0.0,1.0,0.0,0.0,1.0
3,280,8.55012976559594,6.9188330962202045,1.0,0.0,0.0,1.0,0.0,0.0
4,280,3.078844800237339,8.99945979185423,0.0,0.0,0.0,1.0,0.0,0.0
5,280,0.0,6.472381859751412,1.0,1.0,0.0,1.0,0.0,1.0
6,280,5.996379653201368,0.0,1.0,0.0,1.0,0.0,1.0,0.0
7,280,11.94698858149702,3.0812488257394657,1.0,1.0,1.0,0.0,1.0,0.0
8,280,2.148865389088909,7.711217216867706,1.0,0.0,0.0,0.0,1.0,0.0
9,280,7.208349794020493,3.946011995713664,0.0,0.0,1.0,1.0,1.0,1.0
10,280,1.9805981421662384,4.718866591642743,0.0,0.0,1.0,0.0,1.0,0.0
11,280,10.864114986061804,12.0,1.0,1.0,0.0,1.0,0.0,0.0
12,280,12.0,7.435486524056047,1.0,0.0,0.0,0.0,1.0,1.0
13,280,4.169981414710057,0.0,0.0,0.0,1.0,0.0,0.0,0.0
14,280,11.724161812299585,12.0,0.0,1.0,0.0,1.0,1.0,0.0
0,285,7.357267799833011,1.2365867755437867,0.0,1.0,0.0,1.0,0.0,0.0
1,285,0.0715478891751739,11.767256993208605,0.0,1.0,0.0,0.0,0.0,0.0
2,285,9.750066471426964,2.508811369617764,1.0,0.0,1.0,0.0,0.0,1.0
3,285,8.480933241647097,6.943784251699293,1.0,0.0,0.0,1.0,0.0,0.0
4,285,3.0513108060816485,8.787411491186813,0.0,0.0,0.0,1.0,0.0,0.0
5,285,0.0,6.540677965966244,1.0,1.0,0.0,1.0,0.0,1.0
6,285,6.008169427678723,0.0,1.0,0.0,1.0,0.0,1.0,0.0
7,285,11.946281394628672,3.080340044446607,1.0,1.0,1.0,0.0,1.0,0.0
8,285,1.989747021791984,7.762415911658599,1.0,0.0,0.0,0.0,1.0,0.0
9,285,7.228593887783646,4.116821046190464,0.0,0.0,1.0,1.0,1.0,1.0
10,285,1.9952247781226624,4.718154827306578,0.0,0.0,1.0,0.0,1.0,0.0
11,285,11.05828569581915,12.0,1.0,1.0,0.0,1.0,0.0,0.0
12,285,12.0,7.344667337397748,1.0,0.0,0.0,0.0,1.0,1.0
13,285,3.9722799160709674,0.0,0.0,0.0,1.0,0.0,0.0,0.0
14,285,11.761804414316767,12.0,0.0,1.0,0.0,1.0,1.0,0.0
0,290,7.373562473797557,1.2473012695451973,0.0,1.0,0.0,1.0,0.0,0.0
1,290,0.0834565883502777,11.755208299338037,0.0,1.0,0.0,0.0,0.0,0.0
2,290,9.815452752750073,2.400100728199713,1.0,0.0,1.0,0.0,0.0,1.0
3,290,8.399606493515881,6.970930576333945,1.0,0.0,0.0,1.0,0.0,0.0
4,290,3.020029113843905,8.572656121700293,0.0,0.0,0.0,1.0,0.0,0.0
5,290,0.0,6.600420569202008,1.0,1.0,0.0,1.0,0.0,1.0
6,290,6.019256889331471,0.0,1.0,0.0,1.0,0.0,1.0,0.0
7,290,11.947215505596882,3.081602351524671,1.0,1.0,1.0,0.0,1.0,0.0
8,290,1.832252582323513,7.814902257563896,1.0,0.0,0.0,0.0,1.0,0.0
9,290,7.247988348533466,4.280298879445386,0.0,0.0,1.0,1.0,1.0,1.0
10,290,2.0049371789484263,4.717610374262616,0.0,0.0,1.0,0.0,1.0,0.0
11,290,11.245776759869694,12.0,1.0,1.0,0.0,1.0,0.0,0.0
12,290,12.0,7.269388967849252,1.0,0.0,0.0,0.0,1.0,1.0
13,290,3.769724406626704,0.0,0.0,0.0,1.0,0.0,0.0,0.0
14,290,11.792187426278034,12.0,0.0,1.0,0.0,1.0,1.0,0.0
0,295,7.4021321484573,1.267379394683246,0.0,1.0,0.0,1.0,0.0,0.0
1,295,0.08639998365778,11.752303246923494,0.0,1.0,0.0,0.0,0.0,0.0
2,295,9.891718984311185,2.269712762403883,1.0,0.0,1.0,0.0,0.0,1.0
3,295,8.337981864802286,6.9914726712378,1.0,0.0,0.0,1.0,0.0,0.0
4,295,2.9890385742920387,8.357523751858801,0.0,0.0,0.0,1.0,0.0,0.0
5,295,0.0,6.660452881314984,1.0,1.0,0.0,1.0,0.0,1.0
6,295,6.035634018639279,0.0,1.0,0.0,1.0,0.0,1.0,0.0
7,295,11.933209070909752,3.062621237528436,1.0,1.0,1.0,0.0,1.0,0.0
8,295,1.6834520097217047,7.86959700361038,1.0,0.0,0.0,0.0,1.0,0.0
9,295,7.267527389971288,4.445670828847795,0.0,0.0,1.0,1.0,1.0,1.0
10,295,1.99419741877269,4.718452567365141,0.0,0.0,1.0,0.0,1.0,0.0
11,295,11.434269669758008,12.0,1.0,1.0,0.0,1.0,0.0,0.0
12,295,12.0,7.19579777884963,1.0,0.0,0.0,0.0,1.0,1.0
13,295,3.5507639626387517,0.0,0.0,0.0,1.0,0.0,0.0,0.0
14,295,11.822355184031387,12.0,0.0,1.0,0.0,1.0,1.0,0.0
