0,0,8.016802804068028,0.0,1.0,0.0,0.0,0.0,0.0,1.0
1,0,8.99671466327095,1.0565597014032655,0.0,0.0,0.0,1.0,0.0,1.0
2,0,5.978515736820902,8.980190322310552,1.0,1.0,0.0,1.0,1.0,0.0
3,0,2.9649447544592507,6.043582954765008,1.0,0.0,1.0,0.0,0.0,0.0
4,0,4.018389195804991,8.959567670045875,0.0,0.0,0.0,1.0,1.0,0.0
5,0,4.02655915687023,0.0456691508920996,1.0,1.0,1.0,1.0,0.0,0.0
6,0,6.969594729304318,8.022060707730914,1.0,0.0,0.0,1.0,0.0,0.0
7,0,12.0,3.994187827936779,0.0,0.0,0.0,1.0,1.0,0.0
8,0,1.0735260428911313,2.020238125585718,1.0,1.0,0.0,1.0,0.0,0.0
9,0,0.0031931103397046,11.050160064114763,0.0,0.0,0.0,1.0,1.0,0.0
10,0,11.931113519236613,8.013426041825218,0.0,1.0,0.0,1.0,0.0,0.0
11,0,4.957959721412573,1.0000223917707491,0.0,1.0,1.0,0.0,0.0,0.0
12,0,1.0382908660158778,0.943214086413784,0.0,1.0,0.0,0.0,1.0,0.0
13,0,2.950665023795324,2.005237669132964,0.0,1.0,0.0,0.0,0.0,0.0
14,0,5.048588343734087,6.966472734966363,0.0,0.0,1.0,0.0,0.0,0.0
0,5,8.039257646282163,0.0,1.0,0.0,0.0,0.0,0.0,1.0
1,5,8.994039530571806,1.1137458305046697,0.0,0.0,0.0,1.0,0.0,1.0
2,5,5.95599136961657,8.959308153457336,1.0,1.0,0.0,1.0,1.0,0.0
3,5,2.9185943061229724,6.103094010458059,1.0,0.0,1.0,0.0,0.0,0.0
4,5,4.0343618086769295,8.924549357818504,0.0,0.0,0.0,1.0,1.0,0.0
5,5,4.041353066422884,0.071312894986609,1.0,1.0,1.0,1.0,0.0,0.0
6,5,6.933813571600133,8.04762842410183,1.0,0.0,0.0,1.0,0.0,0.0
7,5,12.0,3.987448781238151,0.0,0.0,0.0,1.0,1.0,0.0
8,5,1.1481479839927684,2.043026160577959,1.0,1.0,0.0,1.0,0.0,0.0
9,5,0.004023767143998,11.091137583979206,0.0,0.0,0.0,1.0,1.0,0.0
10,5,11.860020676620213,8.027172152572756,0.0,1.0,0.0,1.0,0.0,0.0
11,5,4.946427670460217,1.000100292828782,0.0,1.0,1.0,0.0,0.0,0.0
12,5,1.0774414484785302,0.8883962645658091,0.0,1.0,0.0,0.0,1.0,0.0
13,5,2.919142994474736,2.0083136637235905,0.0,1.0,0.0,0.0,0.0,0.0
14,5,5.0912081734884245,6.937505087236205,0.0,0.0,1.0,0.0,0.0,0.0
0,10,8.063663079416068,0.0,1.0,0.0,0.0,0.0,0.0,1.0
1,10,8.99255720490893,1.150595353149779,0.0,0.0,0.0,1.0,0.0,1.0
2,10,5.934057199168493,8.938562185029358,1.0,1.0,0.0,1.0,1.0,0.0
3,10,2.878878006199952,6.155396283400326,1.0,0.0,1.0,0.0,0.0,0.0
4,10,4.051027842601055,8.887945037990562,0.0,0.0,0.0,1.0,1.0,0.0
5,10,4.066601617316292,0.1130564361301883,1.0,1.0,1.0,1.0,0.0,0.0
6,10,6.893243663823512,8.076255524414695,1.0,0.0,0.0,1.0,0.0,0.0
7,10,12.0,3.983443736397714,0.0,0.0,0.0,1.0,1.0,0.0
8,10,1.2451775973477952,2.0728998548267925,1.0,1.0,0.0,1.0,0.0,0.0
9,10,0.0069699648813756,11.133641867084094,0.0,0.0,0.0,1.0,1.0,0.0
10,10,11.761660218310658,8.045790898440575,0.0,1.0,0.0,1.0,0.0,0.0
11,10,4.927627184762563,1.0001056204683656,0.0,1.0,1.0,0.0,0.0,0.0
12,10,1.1122720914989956,0.8399628209525859,0.0,1.0,0.0,0.0,1.0,0.0
13,10,2.9191554552558823,2.0083127926880184,0.0,1.0,0.0,0.0,0.0,0.0
14,10,5.13100963145708,6.910119094140202,0.0,0.0,1.0,0.0,0.0,0.0
0,15,8.091521500592433,0.0,1.0,0.0,0.0,0.0,0.0,1.0
1,15,8.992186240596507,1.1598626561588865,0.0,0.0,0.0,1.0,0.0,1.0
2,15,5.914315583796808,8.91917449454649,1.0,1.0,0.0,1.0,1.0,0.0
3,15,2.847184236416569,6.19585306741486,1.0,0.0,1.0,0.0,0.0,0.0
4,15,4.078856565035589,8.831397119742146,0.0,0.0,0.0,1.0,1.0,0.0
5,15,4.107435318874642,0.1782610680407987,1.0,1.0,1.0,1.0,0.0,0.0
6,15,6.864637650470309,8.096035766195977,1.0,0.0,0.0,1.0,0.0,0.0
7,15,12.0,3.978951773937136,0.0,0.0,0.0,1.0,1.0,0.0
8,15,1.3208655897860293,2.0963470782272164,1.0,1.0,0.0,1.0,0.0,0.0
9,15,0.0100549138774829,11.173379650073402,0.0,0.0,0.0,1.0,1.0,0.0
10,15,11.674831135215449,8.06284202234037,0.0,1.0,0.0,1.0,0.0,0.0
11,15,4.922531084711881,1.0001377853440725,0.0,1.0,1.0,0.0,0.0,0.0
12,15,1.155863647945943,0.7799634853553172,0.0,1.0,0.0,0.0,1.0,0.0
13,15,2.896818906817052,2.0102780700216347,0.0,1.0,0.0,0.0,0.0,0.0
14,15,5.164788552619709,6.886716348075288,0.0,0.0,1.0,0.0,0.0,0.0
0,20,8.114190493834508,0.0,1.0,0.0,0.0,0.0,0.0,1.0
1,20,8.99222907804811,1.1590027585265217,0.0,0.0,0.0,1.0,0.0,1.0
2,20,5.8873822263261735,8.893401889158461,1.0,1.0,0.0,1.0,1.0,0.0
3,20,2.8253673446019127,6.22386433870054,1.0,0.0,1.0,0.0,0.0,0.0
4,20,4.101987611176085,8.78482677425416,0.0,0.0,0.0,1.0,1.0,0.0
5,20,4.145617810499122,0.2400192007595891,1.0,1.0,1.0,1.0,0.0,0.0
6,20,6.819472569554042,8.128998086411642,1.0,0.0,0.0,1.0,0.0,0.0
7,20,12.0,3.9753106161415737,0.0,0.0,0.0,1.0,1.0,0.0
8,20,1.3982722566335888,2.1203612254604542,1.0,1.0,0.0,1.0,0.0,0.0
9,20,0.0114790810249552,11.196354262459026,0.0,0.0,0.0,1.0,1.0,0.0
10,20,11.598431331932838,8.07842740736422,0.0,1.0,0.0,1.0,0.0,0.0
11,20,4.922802635887012,1.0001328275751484,0.0,1.0,1.0,0.0,0.0,0.0
12,20,1.1972031740453009,0.7256408400375237,0.0,1.0,0.0,0.0,1.0,0.0
13,20,2.8455448390390634,2.015793075167002,0.0,1.0,0.0,0.0,0.0,0.0
14,20,5.210314495434388,6.855564913920474,0.0,0.0,1.0,0.0,0.0,0.0
0,25,8.133613973483293,0.0,1.0,0.0,0.0,0.0,0.0,1.0
1,25,8.991091544122474,1.1853985703581789,0.0,0.0,0.0,1.0,0.0,1.0
2,25,5.858477454703887,8.865442377132565,1.0,1.0,0.0,1.0,1.0,0.0
3,25,2.7901226072270533,6.266679225045293,1.0,0.0,1.0,0.0,0.0,0.0
4,25,4.1088484549722,8.770672266035415,0.0,0.0,0.0,1.0,1.0,0.0
5,25,4.183504787934389,0.3019409083146766,1.0,1.0,1.0,1.0,0.0,0.0
6,25,6.777705069719608,8.159293913415812,1.0,0.0,0.0,1.0,0.0,0.0
7,25,12.0,3.9687453346768606,0.0,0.0,0.0,1.0,1.0,0.0
8,25,1.4794666613894336,2.145631524088292,1.0,1.0,0.0,1.0,0.0,0.0
9,25,0.0144571236711689,11.227955882869487,0.0,0.0,0.0,1.0,1.0,0.0
10,25,11.519244305133904,8.094976106711846,0.0,1.0,0.0,1.0,0.0,0.0
11,25,4.92421818451945,1.000096673157914,0.0,1.0,1.0,0.0,0.0,0.0
12,25,1.2300790242534836,0.6836879560661749,0.0,1.0,0.0,0.0,1.0,0.0
13,25,2.80156059726082,2.0220639516886494,0.0,1.0,0.0,0.0,0.0,0.0
14,25,5.246530390302193,6.830735434422408,0.0,0.0,1.0,0.0,0.0,0.0
0,30,8.149507141120983,0.0,1.0,0.0,0.0,0.0,0.0,1.0
1,30,8.991106190912175,1.1851364313296568,0.0,0.0,0.0,1.0,0.0,1.0
2,30,5.815623624416752,8.825126077408216,1.0,1.0,0.0,1.0,1.0,0.0
3,30,2.7664551827116077,6.297098402907944,1.0,0.0,1.0,0.0,0.0,0.0
4,30,4.118243814030666,8.752406571699348,0.0,0.0,0.0,1.0,1.0,0.0
5,30,4.21612849400152,0.3519296936644737,1.0,1.0,1.0,1.0,0.0,0.0
6,30,6.7279207147044335,8.196169025000271,1.0,0.0,0.0,1.0,0.0,0.0
7,30,12.0,3.9602091805133632,0.0,0.0,0.0,1.0,1.0,0.0
8,30,1.5520920047359226,2.1656020374574663,1.0,1.0,0.0,1.0,0.0,0.0
9,30,0.0162537961130965,11.244391510151532,0.0,0.0,0.0,1.0,1.0,0.0
10,30,11.449077503732966,8.109119378508563,0.0,1.0,0.0,1.0,0.0,0.0
11,30,4.922967383118573,1.0001365276937246,0.0,1.0,1.0,0.0,0.0,0.0
12,30,1.255570792346549,0.6508362458908082,0.0,1.0,0.0,0.0,1.0,0.0
13,30,2.7782181730876627,2.025229253132689,0.0,1.0,0.0,0.0,0.0,0.0
14,30,5.281120333621926,6.8068617367203865,0.0,0.0,1.0,0.0,0.0,0.0
0,35,8.159736236903392,0.0,1.0,0.0,0.0,0.0,0.0,1.0
1,35,8.990957793541897,1.1924349459978707,0.0,0.0,0.0,1.0,0.0,1.0
2,35,5.764982663043611,8.77825443714763,1.0,1.0,0.0,1.0,1.0,0.0
3,35,2.738294448115677,6.333960480806627,1.0,0.0,1.0,0.0,0.0,0.0
4,35,4.127594452799607,8.734547922492272,0.0,0.0,0.0,1.0,1.0,0.0
5,35,4.248674985988027,0.3998290903693432,1.0,1.0,1.0,1.0,0.0,0.0
6,35,6.672428554967183,8.238565784268728,1.0,0.0,0.0,1.0,0.0,0.0
7,35,12.0,3.953933530256474,0.0,0.0,0.0,1.0,1.0,0.0
8,35,1.6192312410575906,2.1815124382705124,1.0,1.0,0.0,1.0,0.0,0.0
9,35,0.0164482760126061,11.246171224800577,0.0,0.0,0.0,1.0,1.0,0.0
10,35,11.3674842724694,8.12470109881449,0.0,1.0,0.0,1.0,0.0,0.0
11,35,4.936016769549997,0.9991758799480944,0.0,1.0,1.0,0.0,0.0,0.0
12,35,1.282022644571277,0.6159729911490659,0.0,1.0,0.0,0.0,1.0,0.0
13,35,2.778046758254922,2.023775858000185,0.0,1.0,0.0,0.0,0.0,0.0
14,35,5.324852755489601,6.774695575844584,0.0,0.0,1.0,0.0,0.0,0.0
0,40,8.170413646623231,0.0,1.0,0.0,0.0,0.0,0.0,1.0
1,40,8.991092569360092,1.2200645880476677,0.0,0.0,0.0,1.0,0.0,1.0
2,40,5.705546546025543,8.72337905756078,1.0,1.0,0.0,1.0,1.0,0.0
3,40,2.7080227768203025,6.37478880025505,1.0,0.0,1.0,0.0,0.0,0.0
4,40,4.138195256511626,8.71341963181713,0.0,0.0,0.0,1.0,1.0,0.0
5,40,4.283808210391196,0.448418860512645,1.0,1.0,1.0,1.0,0.0,0.0
6,40,6.638182449943698,8.26632363899783,1.0,0.0,0.0,1.0,0.0,0.0
7,40,12.0,3.948192555236619,0.0,0.0,0.0,1.0,1.0,0.0
8,40,1.6764012706805822,2.195474467708547,1.0,1.0,0.0,1.0,0.0,0.0
9,40,0.0166537191383174,11.24789977441619,0.0,0.0,0.0,1.0,1.0,0.0
10,40,11.288486956926985,8.138881685137644,0.0,1.0,0.0,1.0,0.0,0.0
11,40,4.9212713006413535,0.999909666782146,0.0,1.0,1.0,0.0,0.0,0.0
12,40,1.2992754198262388,0.5945652681737074,0.0,1.0,0.0,0.0,1.0,0.0
13,40,2.777464866975876,2.019547785390412,0.0,1.0,0.0,0.0,0.0,0.0
14,40,5.364083770173844,6.746379480490345,0.0,0.0,1.0,0.0,0.0,0.0
0,45,8.17923771519531,0.0,1.0,0.0,0.0,0.0,0.0,1.0
1,45,8.991810329844595,1.2517153255952769,0.0,0.0,0.0,1.0,0.0,1.0
2,45,5.657416834676863,8.678418365504742,1.0,1.0,0.0,1.0,1.0,0.0
3,45,2.6830185160992928,6.406322403429376,1.0,0.0,1.0,0.0,0.0,0.0
4,45,4.145502178793221,8.697586200490466,0.0,0.0,0.0,1.0,1.0,0.0
5,45,4.321277049784982,0.4991727077646793,1.0,1.0,1.0,1.0,0.0,0.0
6,45,6.617105760746762,8.282368046283583,1.0,0.0,0.0,1.0,0.0,0.0
7,45,12.0,3.943350027012303,0.0,0.0,0.0,1.0,1.0,0.0
8,45,1.730435686593364,2.208571802984113,1.0,1.0,0.0,1.0,0.0,0.0
9,45,0.0164678186746588,11.246063625096058,0.0,0.0,0.0,1.0,1.0,0.0
10,45,11.178601522176468,8.157748960835457,0.0,1.0,0.0,1.0,0.0,0.0
11,45,4.893899762083939,1.000781948929764,0.0,1.0,1.0,0.0,0.0,0.0
12,45,1.3061884684218297,0.585563246708876,0.0,1.0,0.0,0.0,1.0,0.0
13,45,2.775847920959408,2.0053279809920164,0.0,1.0,0.0,0.0,0.0,0.0
14,45,5.390380982484031,6.781678729255045,0.0,0.0,1.0,0.0,0.0,0.0
0,50,8.196829838822206,0.0,1.0,0.0,0.0,0.0,0.0,1.0
1,50,8.99186842190053,1.2756349809205327,0.0,0.0,0.0,1.0,0.0,1.0
2,50,5.608450873964805,8.633023023900817,1.0,1.0,0.0,1.0,1.0,0.0
3,50,2.653008940285722,6.444035014166285,1.0,0.0,1.0,0.0,0.0,0.0
4,50,4.154638972651364,8.678204413895067,0.0,0.0,0.0,1.0,1.0,0.0
5,50,4.347017561781973,0.5325140544195692,1.0,1.0,1.0,1.0,0.0,0.0
6,50,6.599690277089889,8.294866224799183,1.0,0.0,0.0,1.0,0.0,0.0
7,50,12.0,3.936595057761954,0.0,0.0,0.0,1.0,1.0,0.0
8,50,1.7793701271548965,2.221054026319148,1.0,1.0,0.0,1.0,0.0,0.0
9,50,0.0147962915647236,11.232968682891867,0.0,0.0,0.0,1.0,1.0,0.0
10,50,11.05428295760152,8.183966822063873,0.0,1.0,0.0,1.0,0.0,0.0
11,50,4.858588651928788,1.001723288762572,0.0,1.0,1.0,0.0,0.0,0.0
12,50,1.332181071947987,0.5521458441844834,0.0,1.0,0.0,0.0,1.0,0.0
13,50,2.7731134804348945,1.9837309071099472,0.0,1.0,0.0,0.0,0.0,0.0
14,50,5.418504531236475,6.8202405148669945,0.0,0.0,1.0,0.0,0.0,0.0
0,55,8.2047358963407,0.0,1.0,0.0,0.0,0.0,0.0,1.0
1,55,8.990881260714312,1.3024742429361291,0.0,0.0,0.0,1.0,0.0,1.0
2,55,5.5595298910304125,8.588754109176623,1.0,1.0,0.0,1.0,1.0,0.0
3,55,2.638474092310748,6.462096453961875,1.0,0.0,1.0,0.0,0.0,0.0
4,55,4.167024585137806,8.651389693181457,0.0,0.0,0.0,1.0,1.0,0.0
5,55,4.360566078219605,0.5502942840923346,1.0,1.0,1.0,1.0,0.0,0.0
6,55,6.574960788862221,8.261303952972247,1.0,0.0,0.0,1.0,0.0,0.0
7,55,12.0,3.930488940124092,0.0,0.0,0.0,1.0,1.0,0.0
8,55,1.8326654792462664,2.2347220905822187,1.0,1.0,0.0,1.0,0.0,0.0
9,55,0.0132874893056923,11.219980122650911,0.0,0.0,0.0,1.0,1.0,0.0
10,55,10.912485579584196,8.219276538019372,0.0,1.0,0.0,1.0,0.0,0.0
11,55,4.81869492015567,1.0027622316610034,0.0,1.0,1.0,0.0,0.0,0.0
12,55,1.3579502145777438,0.5190906649061693,0.0,1.0,0.0,0.0,1.0,0.0
13,55,2.769483799895376,1.9498930283207063,0.0,1.0,0.0,0.0,0.0,0.0
14,55,5.4339570950218565,6.841366303346788,0.0,0.0,1.0,0.0,0.0,0.0
0,60,8.214618521480428,0.0,1.0,0.0,0.0,0.0,0.0,1.0
1,60,8.990195175767356,1.3299685009142637,0.0,0.0,0.0,1.0,0.0,1.0
2,60,5.502519304075324,8.53889170066946,1.0,1.0,0.0,1.0,1.0,0.0
3,60,2.6275293985934285,6.475752951468289,1.0,0.0,1.0,0.0,0.0,0.0
4,60,4.19192366026976,8.601977309855188,0.0,0.0,0.0,1.0,1.0,0.0
5,60,4.370309690517459,0.5630989574304535,1.0,1.0,1.0,1.0,0.0,0.0
6,60,6.5542831981697365,8.232293457217178,1.0,0.0,0.0,1.0,0.0,0.0
7,60,12.0,3.923908715028005,0.0,0.0,0.0,1.0,1.0,0.0
8,60,1.8810401073609095,2.247281687614784,1.0,1.0,0.0,1.0,0.0,0.0
9,60,0.0110494154611645,11.20098004561769,0.0,0.0,0.0,1.0,1.0,0.0
10,60,10.772420709267996,8.256339715025115,0.0,1.0,0.0,1.0,0.0,0.0
11,60,4.764732799244521,1.0043157242488925,0.0,1.0,1.0,0.0,0.0,0.0
12,60,1.3756018176055174,0.4958288902395409,0.0,1.0,0.0,0.0,1.0,0.0
13,60,2.7637761967368206,1.9079741030350916,0.0,1.0,0.0,0.0,0.0,0.0
14,60,5.457838644865384,6.872991966651494,0.0,0.0,1.0,0.0,0.0,0.0
0,65,8.221268516609644,0.0,1.0,0.0,0.0,0.0,0.0,1.0
1,65,8.989791958087858,1.3468220794319854,0.0,0.0,0.0,1.0,0.0,1.0
2,65,5.460426574770424,8.501039531824183,1.0,1.0,0.0,1.0,1.0,0.0
3,65,2.623323631796207,6.480740220990286,1.0,0.0,1.0,0.0,0.0,0.0
4,65,4.218408266309006,8.5461043374589,0.0,0.0,0.0,1.0,1.0,0.0
5,65,4.363404614748807,0.5538156961937161,1.0,1.0,1.0,1.0,0.0,0.0
6,65,6.538163318550151,8.209848590629731,1.0,0.0,0.0,1.0,0.0,0.0
7,65,12.0,3.9163372184657073,0.0,0.0,0.0,1.0,1.0,0.0
8,65,1.9335814703233285,2.26115153598007,1.0,1.0,0.0,1.0,0.0,0.0
9,65,0.0087140030139824,11.17669211589122,0.0,0.0,0.0,1.0,1.0,0.0
10,65,10.616750547338295,8.30062187298983,0.0,1.0,0.0,1.0,0.0,0.0
11,65,4.678454857977181,1.0078057088793513,0.0,1.0,1.0,0.0,0.0,0.0
12,65,1.3915242279668634,0.473690925400277,0.0,1.0,0.0,0.0,1.0,0.0
13,65,2.7596732795689345,1.8817545795440809,0.0,1.0,0.0,0.0,0.0,0.0
14,65,5.48118658440391,6.9052604027601925,0.0,0.0,1.0,0.0,0.0,0.0
0,70,8.2282611415219,0.0,1.0,0.0,0.0,0.0,0.0,1.0
1,70,8.989453852496608,1.3609796237592335,0.0,0.0,0.0,1.0,0.0,1.0
2,70,5.395135445752842,8.444483827352467,1.0,1.0,0.0,1.0,1.0,0.0
3,70,2.627204331781759,6.476412420748414,1.0,0.0,1.0,0.0,0.0,0.0
4,70,4.240755114515907,8.500651992734733,0.0,0.0,0.0,1.0,1.0,0.0
5,70,4.366850447327683,0.5582758460173818,1.0,1.0,1.0,1.0,0.0,0.0
6,70,6.521363639282155,8.186304986864958,1.0,0.0,0.0,1.0,0.0,0.0
7,70,12.0,3.907906207852638,0.0,0.0,0.0,1.0,1.0,0.0
8,70,2.002069893219925,2.2765205924980534,1.0,1.0,0.0,1.0,0.0,0.0
9,70,0.0059861637168317,11.152841333941613,0.0,0.0,0.0,1.0,1.0,0.0
10,70,10.435369084191676,8.351938940083722,0.0,1.0,0.0,1.0,0.0,0.0
11,70,4.571871045543592,1.0121419310631636,0.0,1.0,1.0,0.0,0.0,0.0
12,70,1.39993000343428,0.4624843320724113,0.0,1.0,0.0,0.0,1.0,0.0
13,70,2.7581396618668914,1.874161007778049,0.0,1.0,0.0,0.0,0.0,0.0
14,70,5.511698607824983,6.945427372217609,0.0,0.0,1.0,0.0,0.0,0.0
0,75,8.225190023356546,0.0061657411261583,1.0,0.0,0.0,0.0,0.0,1.0
1,75,8.989672218115533,1.3540675597747864,0.0,0.0,0.0,1.0,0.0,1.0
2,75,5.318983043672349,8.37636117941693,1.0,1.0,0.0,1.0,1.0,0.0
3,75,2.624902935995146,6.478952474976025,1.0,0.0,1.0,0.0,0.0,0.0
4,75,4.259515200105508,8.46243051776754,0.0,0.0,0.0,1.0,1.0,0.0
5,75,4.365885392524775,0.5570501716855143,1.0,1.0,1.0,1.0,0.0,0.0
6,75,6.520597979718644,8.185158470605034,1.0,0.0,0.0,1.0,0.0,0.0
7,75,12.0,3.902367668840339,0.0,0.0,0.0,1.0,1.0,0.0
8,75,2.0734166611710965,2.292856121846392,1.0,1.0,0.0,1.0,0.0,0.0
9,75,0.0020183583147148,11.117545577229452,0.0,0.0,0.0,1.0,1.0,0.0
10,75,10.245703007076866,8.403563300688257,0.0,1.0,0.0,1.0,0.0,0.0
11,75,4.466779415322709,1.016989978481304,0.0,1.0,1.0,0.0,0.0,0.0
12,75,1.414550430596826,0.4426692587727665,0.0,1.0,0.0,0.0,1.0,0.0
13,75,2.7613879342106475,1.8919632652521023,0.0,1.0,0.0,0.0,0.0,0.0
14,75,5.542789789187766,6.98384299104228,0.0,0.0,1.0,0.0,0.0,0.0
0,80,8.22205758892561,0.0120666758583456,1.0,0.0,0.0,0.0,0.0,1.0
1,80,8.990393464261452,1.3232662196585727,0.0,0.0,0.0,1.0,0.0,1.0
2,80,5.247037114539242,8.316159909006934,1.0,1.0,0.0,1.0,1.0,0.0
3,80,2.626934962775145,6.476684619433699,1.0,0.0,1.0,0.0,0.0,0.0
4,80,4.309254349931609,8.484994731231298,0.0,0.0,0.0,1.0,1.0,0.0
5,80,4.3667351062285045,0.5581755945576248,1.0,1.0,1.0,1.0,0.0,0.0
6,80,6.52665194725336,8.19384539861763,1.0,0.0,0.0,1.0,0.0,0.0
7,80,12.0,3.8965813828784497,0.0,0.0,0.0,1.0,1.0,0.0
8,80,2.1223709454396853,2.3044208614877864,1.0,1.0,0.0,1.0,0.0,0.0
9,80,0.0,11.077039415483046,0.0,0.0,0.0,1.0,1.0,0.0
10,80,10.053661825547389,8.450476144595408,0.0,1.0,0.0,1.0,0.0,0.0
11,80,4.36758992861444,1.0204504328451214,0.0,1.0,1.0,0.0,0.0,0.0
12,80,1.4147650598004222,0.4423742970587862,0.0,1.0,0.0,0.0,1.0,0.0
13,80,2.767266285519681,1.921709859637568,0.0,1.0,0.0,0.0,0.0,0.0
14,80,5.569086805196342,7.016943450491745,0.0,0.0,1.0,0.0,0.0,0.0
0,85,8.218910832106204,0.017806952151587,1.0,0.0,0.0,0.0,0.0,1.0
1,85,8.991030850766876,1.303505471933471,0.0,0.0,0.0,1.0,0.0,1.0
2,85,5.172421489684498,8.25426423048942,1.0,1.0,0.0,1.0,1.0,0.0
3,85,2.638775311998629,6.462739008186808,1.0,0.0,1.0,0.0,0.0,0.0
4,85,4.351068564957835,8.503647813412083,0.0,0.0,0.0,1.0,1.0,0.0
5,85,4.3755851235066965,0.5699575328279676,1.0,1.0,1.0,1.0,0.0,0.0
6,85,6.51294940945515,8.174164452035559,1.0,0.0,0.0,1.0,0.0,0.0
7,85,12.0,3.891629400850181,0.0,0.0,0.0,1.0,1.0,0.0
8,85,2.1607888108512228,2.3123117480648205,1.0,1.0,0.0,1.0,0.0,0.0
9,85,0.0,11.01720561276542,0.0,0.0,0.0,1.0,1.0,0.0
10,85,9.851111904563432,8.502429203272989,0.0,1.0,0.0,1.0,0.0,0.0
11,85,4.261660302575439,1.0247755259800075,0.0,1.0,1.0,0.0,0.0,0.0
12,85,1.4094696601698682,0.4498335039114391,0.0,1.0,0.0,0.0,1.0,0.0
13,85,2.7714291986543094,1.942004195933976,0.0,1.0,0.0,0.0,0.0,0.0
14,85,5.589903105322902,7.043720501689291,0.0,0.0,1.0,0.0,0.0,0.0
0,90,8.218514615215383,0.0185415747403157,1.0,0.0,0.0,0.0,0.0,1.0
1,90,8.9927860330528,1.266998215958824,0.0,0.0,0.0,1.0,0.0,1.0
2,90,5.098555853029894,8.197460617618749,1.0,1.0,0.0,1.0,1.0,0.0
3,90,2.6538374027081715,6.443865730415249,1.0,0.0,1.0,0.0,0.0,0.0
4,90,4.415354259119002,8.533416659779492,0.0,0.0,0.0,1.0,1.0,0.0
5,90,4.401397205878538,0.6027936026794866,1.0,1.0,1.0,1.0,0.0,0.0
6,90,6.495828490901644,8.148048925356884,1.0,0.0,0.0,1.0,0.0,0.0
7,90,12.0,3.884164928533014,0.0,0.0,0.0,1.0,1.0,0.0
8,90,2.218364744615969,2.3210429121132554,1.0,1.0,0.0,1.0,0.0,0.0
9,90,0.0,10.959979129038336,0.0,0.0,0.0,1.0,1.0,0.0
10,90,9.622501798456955,8.558661312202226,0.0,1.0,0.0,1.0,0.0,0.0
11,90,4.1599850405730985,1.0289307354820472,0.0,1.0,1.0,0.0,0.0,0.0
12,90,1.4045066229376957,0.4573371538911488,0.0,1.0,0.0,0.0,1.0,0.0
13,90,2.7709043254657413,1.9391025966603108,0.0,1.0,0.0,0.0,0.0,0.0
14,90,5.605927083027482,7.063576162945608,0.0,0.0,1.0,0.0,0.0,0.0
0,95,8.214325852046963,0.0264081029571306,1.0,0.0,0.0,0.0,0.0,1.0
1,95,8.994513060848403,1.1994620261800857,0.0,0.0,0.0,1.0,0.0,1.0
2,95,5.022862822315418,8.137329815512347,1.0,1.0,0.0,1.0,1.0,0.0
3,95,2.670198049476425,6.422725771316618,1.0,0.0,1.0,0.0,0.0,0.0
4,95,4.48223754727526,8.566660468438764,0.0,0.0,0.0,1.0,1.0,0.0
5,95,4.418194630978506,0.6236086895464411,1.0,1.0,1.0,1.0,0.0,0.0
6,95,6.484373903088693,8.12903310049346,1.0,0.0,0.0,1.0,0.0,0.0
7,95,12.0,3.876904700366839,0.0,0.0,0.0,1.0,1.0,0.0
8,95,2.2790192410046424,2.331332695115843,1.0,1.0,0.0,1.0,0.0,0.0
9,95,0.0,10.91363002569081,0.0,0.0,0.0,1.0,1.0,0.0
10,95,9.408259945243309,8.614190294303409,0.0,1.0,0.0,1.0,0.0,0.0
11,95,4.075608653075809,1.032976317749762,0.0,1.0,1.0,0.0,0.0,0.0
12,95,1.3878958342503624,0.480990019685094,0.0,1.0,0.0,0.0,1.0,0.0
13,95,2.765032920155745,1.90776561963244,0.0,1.0,0.0,0.0,0.0,0.0
14,95,5.567810673001104,7.093660571545645,0.0,0.0,1.0,0.0,0.0,0.0
0,100,8.205350347482325,0.0445668185518134,1.0,0.0,0.0,0.0,0.0,1.0
1,100,8.997205343115803,1.130105155124081,0.0,0.0,0.0,1.0,0.0,1.0
2,100,4.958316189236854,8.087731903841766,1.0,1.0,0.0,1.0,1.0,0.0
3,100,2.701971913785632,6.383591665031427,1.0,0.0,1.0,0.0,0.0,0.0
4,100,4.575625803133656,8.614212158143737,0.0,0.0,0.0,1.0,1.0,0.0
5,100,4.420295275964881,0.626095722845083,1.0,1.0,1.0,1.0,0.0,0.0
6,100,6.47254980788398,8.109422039142832,1.0,0.0,0.0,1.0,0.0,0.0
7,100,12.0,3.868931078983224,0.0,0.0,0.0,1.0,1.0,0.0
8,100,2.356543035409347,2.345068268134171,1.0,1.0,0.0,1.0,0.0,0.0
9,100,0.0,10.868268900999109,0.0,0.0,0.0,1.0,1.0,0.0
10,100,9.185955052653537,8.672370030741142,0.0,1.0,0.0,1.0,0.0,0.0
11,100,3.98043276506264,1.0369023373207835,0.0,1.0,1.0,0.0,0.0,0.0
12,100,1.3977232034607123,0.4674732893517591,0.0,1.0,0.0,0.0,1.0,0.0
13,100,2.759245636807192,1.868704215189303,0.0,1.0,0.0,0.0,0.0,0.0
14,100,5.538491184966822,7.115682874012225,0.0,0.0,1.0,0.0,0.0,0.0
0,105,8.20695170685055,0.0413635790595196,1.0,0.0,0.0,0.0,0.0,1.0
1,105,8.999723389531557,1.067751729262514,0.0,0.0,0.0,1.0,0.0,1.0
2,105,4.884230757747587,8.029281157530166,1.0,1.0,0.0,1.0,1.0,0.0
3,105,2.741356561276735,6.333495131978368,1.0,0.0,1.0,0.0,0.0,0.0
4,105,4.6718195642544496,8.664217260139225,0.0,0.0,0.0,1.0,1.0,0.0
5,105,4.427552905360486,0.6346367294585815,1.0,1.0,1.0,1.0,0.0,0.0
6,105,6.461347154111502,8.090719189539977,1.0,0.0,0.0,1.0,0.0,0.0
7,105,12.0,3.8618871389374583,0.0,0.0,0.0,1.0,1.0,0.0
8,105,2.438527067486893,2.360593900338961,1.0,1.0,0.0,1.0,0.0,0.0
9,105,0.0,10.827319346556552,0.0,0.0,0.0,1.0,1.0,0.0
10,105,8.951102170908328,8.736841321780906,0.0,1.0,0.0,1.0,0.0,0.0
11,105,3.888782663952624,1.043114730687995,0.0,1.0,1.0,0.0,0.0,0.0
12,105,1.3991706484161617,0.4654325242271769,0.0,1.0,0.0,0.0,1.0,0.0
13,105,2.7497001674690256,1.8181577247977447,0.0,1.0,0.0,0.0,0.0,0.0
14,105,5.498286985600445,7.146119085880774,0.0,0.0,1.0,0.0,0.0,0.0
0,110,8.211305281567386,0.0327985809408644,1.0,0.0,0.0,0.0,0.0,1.0
1,110,9.002574161156643,0.9941829463584768,0.0,0.0,0.0,1.0,0.0,1.0
2,110,4.804034545453955,7.97160099122983,1.0,1.0,0.0,1.0,1.0,0.0
3,110,2.790613805187048,6.2711843833381415,1.0,0.0,1.0,0.0,0.0,0.0
4,110,4.767271719406603,8.71016094677875,0.0,0.0,0.0,1.0,1.0,0.0
5,110,4.436733830436693,0.6456804173391948,1.0,1.0,1.0,1.0,0.0,0.0
6,110,6.438303603181833,8.052237079317385,1.0,0.0,0.0,1.0,0.0,0.0
7,110,12.0,3.857930327508536,0.0,0.0,0.0,1.0,1.0,0.0
8,110,2.5163137964791957,2.375453274719914,1.0,1.0,0.0,1.0,0.0,0.0
9,110,0.0,10.776984635162728,0.0,0.0,0.0,1.0,1.0,0.0
10,110,8.705542343616992,8.80901994158392,0.0,1.0,0.0,1.0,0.0,0.0
11,110,3.802455410371488,1.0477075563894438,0.0,1.0,1.0,0.0,0.0,0.0
12,110,1.3887254704156866,0.4802683625218623,0.0,1.0,0.0,0.0,1.0,0.0
13,110,2.7416436357261205,1.7742980185109405,0.0,1.0,0.0,0.0,0.0,0.0
14,110,5.4510666321425045,7.182716793149019,0.0,0.0,1.0,0.0,0.0,0.0
0,115,8.219092873774464,0.0179495232361946,1.0,0.0,0.0,0.0,0.0,1.0
1,115,9.005552290825753,0.9112701985211504,0.0,0.0,0.0,1.0,0.0,1.0
2,115,4.717009863665171,7.910490831998168,1.0,1.0,0.0,1.0,1.0,0.0
3,115,2.823286880102996,6.227511874640438,1.0,0.0,1.0,0.0,0.0,0.0
4,115,4.872937299757453,8.761274819169767,0.0,0.0,0.0,1.0,1.0,0.0
5,115,4.449817084231533,0.6617641009170241,1.0,1.0,1.0,1.0,0.0,0.0
6,115,6.416846406854522,8.016575834275926,1.0,0.0,0.0,1.0,0.0,0.0
7,115,12.0,3.856800110490029,0.0,0.0,0.0,1.0,1.0,0.0
8,115,2.6052249392546947,2.391371919758213,1.0,1.0,0.0,1.0,0.0,0.0
9,115,0.0,10.712162874688543,0.0,0.0,0.0,1.0,1.0,0.0
10,115,8.472029936002288,8.87776142342609,0.0,1.0,0.0,1.0,0.0,0.0
11,115,3.7273365348046954,1.050415955578286,0.0,1.0,1.0,0.0,0.0,0.0
12,115,1.3970297121966182,0.4693644614097297,0.0,1.0,0.0,0.0,1.0,0.0
13,115,2.734857790201736,1.737113281793245,0.0,1.0,0.0,0.0,0.0,0.0
14,115,5.399885457364095,7.223276689086949,0.0,0.0,1.0,0.0,0.0,0.0
0,120,8.230733245235731,0.0,1.0,0.0,0.0,0.0,0.0,1.0
1,120,9.009021092539824,0.8252002477470386,0.0,0.0,0.0,1.0,0.0,1.0
2,120,4.619163015563335,7.839686735719786,1.0,1.0,0.0,1.0,1.0,0.0
3,120,2.849532665283303,6.194105307179118,1.0,0.0,1.0,0.0,0.0,0.0
4,120,4.981244806353772,8.81468522320241,0.0,0.0,0.0,1.0,1.0,0.0
5,120,4.467684784891122,0.6845527726235627,1.0,1.0,1.0,1.0,0.0,0.0
6,120,6.39422001857722,7.97969459367048,1.0,0.0,0.0,1.0,0.0,0.0
7,120,12.0,3.855520799969874,0.0,0.0,0.0,1.0,1.0,0.0
8,120,2.706761558627288,2.4090735732822486,1.0,1.0,0.0,1.0,0.0,0.0
9,120,0.0,10.651824094069154,0.0,0.0,0.0,1.0,1.0,0.0
10,120,8.231886091883425,8.952758790686406,0.0,1.0,0.0,1.0,0.0,0.0
11,120,3.656450855386252,1.0522939952155383,0.0,1.0,1.0,0.0,0.0,0.0
12,120,1.4082060198034876,0.4545382339754446,0.0,1.0,0.0,0.0,1.0,0.0
13,120,2.7267589616732177,1.6968777254923515,0.0,1.0,0.0,0.0,0.0,0.0
14,120,5.330075227398896,7.276202121440873,0.0,0.0,1.0,0.0,0.0,0.0
0,125,8.250305680256048,0.0,1.0,0.0,0.0,0.0,0.0,1.0
1,125,9.015423996196468,0.7159288690686296,0.0,0.0,0.0,1.0,0.0,1.0
2,125,4.511386764287864,7.759965596660947,1.0,1.0,0.0,1.0,1.0,0.0
3,125,2.866422048270945,6.172486368695139,1.0,0.0,1.0,0.0,0.0,0.0
4,125,5.073473868522725,8.86281576058744,0.0,0.0,0.0,1.0,1.0,0.0
5,125,4.494388843884587,0.7183283247080765,1.0,1.0,1.0,1.0,0.0,0.0
6,125,6.363061903416333,7.931111432755567,1.0,0.0,0.0,1.0,0.0,0.0
7,125,12.0,3.853031037316565,0.0,0.0,0.0,1.0,1.0,0.0
8,125,2.8161109967341686,2.429468043522636,1.0,1.0,0.0,1.0,0.0,0.0
9,125,0.0,10.605233205873835,0.0,0.0,0.0,1.0,1.0,0.0
10,125,7.985827836041939,9.02496625407831,0.0,1.0,0.0,1.0,0.0,0.0
11,125,3.5937246807614605,1.0532299854208362,0.0,1.0,1.0,0.0,0.0,0.0
12,125,1.4100812001961425,0.4518578060062101,0.0,1.0,0.0,0.0,1.0,0.0
13,125,2.723348319770408,1.6738738898154533,0.0,1.0,0.0,0.0,0.0,0.0
14,125,5.268842746517271,7.325644687698933,0.0,0.0,1.0,0.0,0.0,0.0
0,130,8.270195811455402,0.0,1.0,0.0,0.0,0.0,0.0,1.0
1,130,9.026898443185331,0.6076313560107752,0.0,0.0,0.0,1.0,0.0,1.0
2,130,4.39895222434859,7.673687486913543,1.0,1.0,0.0,1.0,1.0,0.0
3,130,2.8821622243770326,6.151011817134306,1.0,0.0,1.0,0.0,0.0,0.0
4,130,5.178892237054845,8.91635101342369,0.0,0.0,0.0,1.0,1.0,0.0
5,130,4.512968261431448,0.7416514698370892,1.0,1.0,1.0,1.0,0.0,0.0
6,130,6.337939164634177,7.889320462127608,1.0,0.0,0.0,1.0,0.0,0.0
7,130,12.0,3.851639733295084,0.0,0.0,0.0,1.0,1.0,0.0
8,130,2.9438224199595657,2.4508486426196705,1.0,1.0,0.0,1.0,0.0,0.0
9,130,0.0,10.55486341723774,0.0,0.0,0.0,1.0,1.0,0.0
10,130,7.759491749953581,9.09028409771309,0.0,1.0,0.0,1.0,0.0,0.0
11,130,3.5314434488579685,1.0544006244662854,0.0,1.0,1.0,0.0,0.0,0.0
12,130,1.4158706973129846,0.4441263891129959,0.0,1.0,0.0,0.0,1.0,0.0
13,130,2.725531150450059,1.685605120477852,0.0,1.0,0.0,0.0,0.0,0.0
14,130,5.213752649076437,7.371716080554946,0.0,0.0,1.0,0.0,0.0,0.0
0,135,8.281818984075908,0.0,1.0,0.0,0.0,0.0,0.0,1.0
1,135,9.032772731980154,0.5346443490941725,0.0,0.0,0.0,1.0,0.0,1.0
2,135,4.272849386566396,7.576530135541295,1.0,1.0,0.0,1.0,1.0,0.0
3,135,2.8862220878203955,6.145320891026169,1.0,0.0,1.0,0.0,0.0,0.0
4,135,5.297830530670199,8.97812775259235,0.0,0.0,0.0,1.0,1.0,0.0
5,135,4.533944803897839,0.7684569643000297,1.0,1.0,1.0,1.0,0.0,0.0
6,135,6.31238008282452,7.848395482440425,1.0,0.0,0.0,1.0,0.0,0.0
7,135,11.997257472658326,3.852112129057885,0.0,0.0,0.0,1.0,1.0,0.0
8,135,3.075825164338347,2.4710785844927514,1.0,1.0,0.0,1.0,0.0,0.0
9,135,0.0,10.511702370457233,0.0,0.0,0.0,1.0,1.0,0.0
10,135,7.523822271018775,9.159528835120906,0.0,1.0,0.0,1.0,0.0,0.0
11,135,3.4729963759792746,1.056144001247234,0.0,1.0,1.0,0.0,0.0,0.0
12,135,1.4227369313400924,0.4350337650572052,0.0,1.0,0.0,0.0,1.0,0.0
13,135,2.7286154614197007,1.702398493543491,0.0,1.0,0.0,0.0,0.0,0.0
14,135,5.1671317544916695,7.413035867478845,0.0,0.0,1.0,0.0,0.0,0.0
0,140,8.294192491349408,0.0,1.0,0.0,0.0,0.0,0.0,1.0
1,140,9.03755563006499,0.4520230448808965,0.0,0.0,0.0,1.0,0.0,1.0
2,140,4.152530042596946,7.480009979666141,1.0,1.0,0.0,1.0,1.0,0.0
3,140,2.88832991562964,6.14233422689614,1.0,0.0,1.0,0.0,0.0,0.0
4,140,5.430023030567132,9.049856560518023,0.0,0.0,0.0,1.0,1.0,0.0
5,140,4.561510963633664,0.8038584713224989,1.0,1.0,1.0,1.0,0.0,0.0
6,140,6.278711449900146,7.795687640746418,1.0,0.0,0.0,1.0,0.0,0.0
7,140,11.985529338702108,3.854039493448584,0.0,0.0,0.0,1.0,1.0,0.0
8,140,3.2019591981689035,2.485150826700063,1.0,1.0,0.0,1.0,0.0,0.0
9,140,0.0,10.460747918868504,0.0,0.0,0.0,1.0,1.0,0.0
10,140,7.302595593612628,9.222686497649915,0.0,1.0,0.0,1.0,0.0,0.0
11,140,3.414157833859175,1.05683724688591,0.0,1.0,1.0,0.0,0.0,0.0
12,140,1.422724058751083,0.4350503619348504,0.0,1.0,0.0,0.0,1.0,0.0
13,140,2.7305729336065614,1.713384187665537,0.0,1.0,0.0,0.0,0.0,0.0
14,140,5.116170924834947,7.459221768703806,0.0,0.0,1.0,0.0,0.0,0.0
0,145,8.30506816510809,0.0,1.0,0.0,0.0,0.0,0.0,1.0
1,145,9.040321811892134,0.3772786269305332,0.0,0.0,0.0,1.0,0.0,1.0
2,145,4.02329028454012,7.372348384549992,1.0,1.0,0.0,1.0,1.0,0.0
3,145,2.8856346318714885,6.146025145356849,1.0,0.0,1.0,0.0,0.0,0.0
4,145,5.562436348375496,9.122146848336342,0.0,0.0,0.0,1.0,1.0,0.0
5,145,4.6106038309496125,0.8648524008631031,1.0,1.0,1.0,1.0,0.0,0.0
6,145,6.244422833071326,7.741081761674345,1.0,0.0,0.0,1.0,0.0,0.0
7,145,11.983799679863434,3.8543405333586542,0.0,0.0,0.0,1.0,1.0,0.0
8,145,3.3347511385954194,2.500964607766129,1.0,1.0,0.0,1.0,0.0,0.0
9,145,0.0,10.412470637072795,0.0,0.0,0.0,1.0,1.0,0.0
10,145,7.064156569991368,9.293542535963343,0.0,1.0,0.0,1.0,0.0,0.0
11,145,3.3547078507428774,1.057303555151179,0.0,1.0,1.0,0.0,0.0,0.0
12,145,1.418912130540792,0.4400026457368038,0.0,1.0,0.0,0.0,1.0,0.0
13,145,2.7315954478108253,1.7183733483955732,0.0,1.0,0.0,0.0,0.0,0.0
14,145,5.064196824094003,7.505823529513923,0.0,0.0,1.0,0.0,0.0,0.0
0,150,8.317736945049765,0.0,1.0,0.0,0.0,0.0,0.0,1.0
1,150,9.042586344536964,0.3169459441239911,0.0,0.0,0.0,1.0,0.0,1.0
2,150,3.882414536567481,7.260248452094602,1.0,1.0,0.0,1.0,1.0,0.0
3,150,2.882779978178971,6.149824732339324,1.0,0.0,1.0,0.0,0.0,0.0
4,150,5.704393780791696,9.20438818562129,0.0,0.0,0.0,1.0,1.0,0.0
5,150,4.654382645374096,0.918306700004519,1.0,1.0,1.0,1.0,0.0,0.0
6,150,6.214718897681444,7.692112960227699,1.0,0.0,0.0,1.0,0.0,0.0
7,150,11.984594059639166,3.8541824055004654,0.0,0.0,0.0,1.0,1.0,0.0
8,150,3.466329202330906,2.5142762140533046,1.0,1.0,0.0,1.0,0.0,0.0
9,150,0.0,10.367172050722292,0.0,0.0,0.0,1.0,1.0,0.0
10,150,6.817530374932057,9.374122969536533,0.0,1.0,0.0,1.0,0.0,0.0
11,150,3.27255260773875,1.0559379570423884,0.0,1.0,1.0,0.0,0.0,0.0
12,150,1.4128574580677171,0.4481362936253587,0.0,1.0,0.0,0.0,1.0,0.0
13,150,2.737349448212716,1.7457027722542853,0.0,1.0,0.0,0.0,0.0,0.0
14,150,4.993959718956775,7.570530180639602,0.0,0.0,1.0,0.0,0.0,0.0
0,155,8.325202736510942,0.0,1.0,0.0,0.0,0.0,0.0,1.0
1,155,9.047199966043836,0.2427385359483907,0.0,0.0,0.0,1.0,0.0,1.0
2,155,3.730968957889397,7.135268243902876,1.0,1.0,0.0,1.0,1.0,0.0
3,155,2.868594360277801,6.168323606621536,1.0,0.0,1.0,0.0,0.0,0.0
4,155,5.846815860043551,9.286534235750231,0.0,0.0,0.0,1.0,1.0,0.0
5,155,4.712136257805724,0.8713111487839449,1.0,1.0,1.0,1.0,0.0,0.0
6,155,6.1840426582077885,7.641602175417874,1.0,0.0,0.0,1.0,0.0,0.0
7,155,11.996606647955176,3.851704893634933,0.0,0.0,0.0,1.0,1.0,0.0
8,155,3.616614213033839,2.5295767110194363,1.0,1.0,0.0,1.0,0.0,0.0
9,155,0.0,10.326535188408396,0.0,0.0,0.0,1.0,1.0,0.0
10,155,6.566249318864006,9.453305808961474,0.0,1.0,0.0,1.0,0.0,0.0
11,155,3.184877352674789,1.0555992728907737,0.0,1.0,1.0,0.0,0.0,0.0
12,155,1.4110289271135994,0.4505612468869863,0.0,1.0,0.0,0.0,1.0,0.0
13,155,2.7458537694940537,1.7942090981738297,0.0,1.0,0.0,0.0,0.0,0.0
14,155,4.919438817999019,7.642262824363307,0.0,0.0,1.0,0.0,0.0,0.0
0,160,8.326704464655885,0.0,1.0,0.0,0.0,0.0,0.0,1.0
1,160,9.050309334644574,0.1802333283614542,0.0,0.0,0.0,1.0,0.0,1.0
2,160,3.593453825072938,7.017575947044478,1.0,1.0,0.0,1.0,1.0,0.0
3,160,2.843016368998329,6.201800495484336,1.0,0.0,1.0,0.0,0.0,0.0
4,160,5.998111917611104,9.37512880368833,0.0,0.0,0.0,1.0,1.0,0.0
5,160,4.760031434460845,0.8331059864953998,1.0,1.0,1.0,1.0,0.0,0.0
6,160,6.149858962012462,7.584994158194847,1.0,0.0,0.0,1.0,0.0,0.0
7,160,12.0,3.849267900381798,0.0,0.0,0.0,1.0,1.0,0.0
8,160,3.7896751504884993,2.544983537202488,1.0,1.0,0.0,1.0,0.0,0.0
9,160,0.0,10.284889849829849,0.0,0.0,0.0,1.0,1.0,0.0
10,160,6.289677904710223,9.52977816880499,0.0,1.0,0.0,1.0,0.0,0.0
11,160,3.0874159312152023,1.0524450912502767,0.0,1.0,1.0,0.0,0.0,0.0
12,160,1.4235134352782108,0.4327815572567,0.0,1.0,0.0,0.0,1.0,0.0
13,160,2.75760468780724,1.8557175831519757,0.0,1.0,0.0,0.0,0.0,0.0
14,160,4.85539669169526,7.70186678393865,0.0,0.0,1.0,0.0,0.0,0.0
0,165,8.328698953380762,0.0,1.0,0.0,0.0,0.0,0.0,1.0
1,165,9.05374150139074,0.1115309510834326,0.0,0.0,0.0,1.0,0.0,1.0
2,165,3.4439799127008177,6.894804922111007,1.0,1.0,0.0,1.0,1.0,0.0
3,165,2.825475003645885,6.2259429183259725,1.0,0.0,1.0,0.0,0.0,0.0
4,165,6.170497257234211,9.473562161565267,0.0,0.0,0.0,1.0,1.0,0.0
5,165,4.80341146335588,0.797545092934547,1.0,1.0,1.0,1.0,0.0,0.0
6,165,6.097361868434679,7.495060312700405,1.0,0.0,0.0,1.0,0.0,0.0
7,165,11.994896427484866,3.850459798658169,0.0,0.0,0.0,1.0,1.0,0.0
8,165,3.9593439162501154,2.5610536314140604,1.0,1.0,0.0,1.0,0.0,0.0
9,165,0.0,10.24427892625024,0.0,0.0,0.0,1.0,1.0,0.0
10,165,6.02678215347768,9.606318941399032,0.0,1.0,0.0,1.0,0.0,0.0
11,165,2.970081044116629,1.0507668633812552,0.0,1.0,1.0,0.0,0.0,0.0
12,165,1.4378016074853344,0.412440655658941,0.0,1.0,0.0,0.0,1.0,0.0
13,165,2.762826113007663,1.8818911508233207,0.0,1.0,0.0,0.0,0.0,0.0
14,165,4.788384179977455,7.764603854422102,0.0,0.0,1.0,0.0,0.0,0.0
0,170,8.327090729202512,0.0029256519280423,1.0,0.0,0.0,0.0,0.0,1.0
1,170,9.055230733451038,0.0510975914179089,0.0,0.0,0.0,1.0,0.0,1.0
2,170,3.2904411954649424,6.767854201902574,1.0,1.0,0.0,1.0,1.0,0.0
3,170,2.8127185390212848,6.244142880081957,1.0,0.0,1.0,0.0,0.0,0.0
4,170,6.341784804525926,9.569008725139955,0.0,0.0,0.0,1.0,1.0,0.0
5,170,4.857956602455373,0.7473272152054458,1.0,1.0,1.0,1.0,0.0,0.0
6,170,6.038329906818362,7.38625881377184,1.0,0.0,0.0,1.0,0.0,0.0
7,170,11.99501774711745,3.850433993187559,0.0,0.0,0.0,1.0,1.0,0.0
8,170,4.139811005211972,2.5753373042630088,1.0,1.0,0.0,1.0,0.0,0.0
9,170,0.0,10.188437906092483,0.0,0.0,0.0,1.0,1.0,0.0
10,170,5.748417073246124,9.693649771524129,0.0,1.0,0.0,1.0,0.0,0.0
11,170,2.8524371341995334,1.0471850158652225,0.0,1.0,1.0,0.0,0.0,0.0
12,170,1.446223777766659,0.4004961446845788,0.0,1.0,0.0,0.0,1.0,0.0
13,170,2.770153244962956,1.9157546087579276,0.0,1.0,0.0,0.0,0.0,0.0
14,170,4.713181411718848,7.828863316036386,0.0,0.0,1.0,0.0,0.0,0.0
0,175,8.328335791651954,0.0006756098293551,1.0,0.0,0.0,0.0,0.0,1.0
1,175,9.057725024775504,0.0,0.0,0.0,0.0,1.0,0.0,1.0
2,175,3.1266416236602628,6.62895380584272,1.0,1.0,0.0,1.0,1.0,0.0
3,175,2.80555591672082,6.253993042682712,1.0,0.0,1.0,0.0,0.0,0.0
4,175,6.494111327775208,9.649238341245152,0.0,0.0,0.0,1.0,1.0,0.0
5,175,4.927498764673794,0.6860448789752456,1.0,1.0,1.0,1.0,0.0,0.0
6,175,5.976033507969511,7.2705192820029,1.0,0.0,0.0,1.0,0.0,0.0
7,175,11.998052087397207,3.849783098936955,0.0,0.0,0.0,1.0,1.0,0.0
8,175,4.320517820267908,2.590883821114736,1.0,1.0,0.0,1.0,0.0,0.0
9,175,0.0,10.148894234998988,0.0,0.0,0.0,1.0,1.0,0.0
10,175,5.479508257868702,9.780602476016906,0.0,1.0,0.0,1.0,0.0,0.0
11,175,2.740696898947371,1.0435567296592123,0.0,1.0,1.0,0.0,0.0,0.0
12,175,1.4638344011516575,0.3755466673387049,0.0,1.0,0.0,0.0,1.0,0.0
13,175,2.782221326666017,1.973056330253108,0.0,1.0,0.0,0.0,0.0,0.0
14,175,4.639428982077847,7.893212369224877,0.0,0.0,1.0,0.0,0.0,0.0
0,180,8.326717914630382,0.0036223781733891,1.0,0.0,0.0,0.0,0.0,1.0
1,180,9.060951873405369,0.0,0.0,0.0,0.0,1.0,0.0,1.0
2,180,2.968419390273683,6.500833227183369,1.0,1.0,0.0,1.0,1.0,0.0
3,180,2.7878323897600845,6.280102653719462,1.0,0.0,1.0,0.0,0.0,0.0
4,180,6.623756057485598,9.71836031615761,0.0,0.0,0.0,1.0,1.0,0.0
5,180,4.993749420750093,0.6301327581856611,1.0,1.0,1.0,1.0,0.0,0.0
6,180,5.91335891081914,7.158235999427941,1.0,0.0,0.0,1.0,0.0,0.0
7,180,12.0,3.8483118738520976,0.0,0.0,0.0,1.0,1.0,0.0
8,180,4.481099605124325,2.6063424989675985,1.0,1.0,0.0,1.0,0.0,0.0
9,180,0.0,10.099571283798683,0.0,0.0,0.0,1.0,1.0,0.0
10,180,5.191615768081206,9.880193369506708,0.0,1.0,0.0,1.0,0.0,0.0
11,180,2.6293805183873697,1.039155083280726,0.0,1.0,1.0,0.0,0.0,0.0
12,180,1.481617636673286,0.3487679341624704,0.0,1.0,0.0,0.0,1.0,0.0
13,180,2.7116105559018178,1.987430611759788,0.0,1.0,0.0,0.0,0.0,0.0
14,180,4.5754086222685855,7.945557275745717,0.0,0.0,1.0,0.0,0.0,0.0
0,185,8.33095380568491,0.0060013514968777,1.0,0.0,0.0,0.0,0.0,1.0
1,185,9.063477959688354,0.0,0.0,0.0,0.0,1.0,0.0,1.0
2,185,2.802982235313024,6.356232528575786,1.0,1.0,0.0,1.0,1.0,0.0
3,185,2.758779905611749,6.324763679951041,1.0,0.0,1.0,0.0,0.0,0.0
4,185,6.746095435634709,9.788850663706588,0.0,0.0,0.0,1.0,1.0,0.0
5,185,5.06090989825587,0.5736260373446932,1.0,1.0,1.0,1.0,0.0,0.0
6,185,5.847254122799666,7.046296866295315,1.0,0.0,0.0,1.0,0.0,0.0
7,185,12.0,3.8467638041695578,0.0,0.0,0.0,1.0,1.0,0.0
8,185,4.653971599397359,2.6214396688234114,1.0,1.0,0.0,1.0,0.0,0.0
9,185,0.0,10.058066255830306,0.0,0.0,0.0,1.0,1.0,0.0
10,185,4.935079247033268,9.966864184807346,0.0,1.0,0.0,1.0,0.0,0.0
11,185,2.506513793741939,1.0350841700500633,0.0,1.0,1.0,0.0,0.0,0.0
12,185,1.482994157853895,0.3466913178134759,0.0,1.0,0.0,0.0,1.0,0.0
13,185,2.626834945548544,2.005316423427621,0.0,1.0,0.0,0.0,0.0,0.0
14,185,4.4945455684086975,8.006657327145296,0.0,0.0,1.0,0.0,0.0,0.0
0,190,8.35936550403358,0.0219553524127773,1.0,0.0,0.0,0.0,0.0,1.0
1,190,9.066399504431578,0.0,0.0,0.0,0.0,1.0,0.0,1.0
2,190,2.6399339296081,6.2175640793483336,1.0,1.0,0.0,1.0,1.0,0.0
3,190,2.727626826798807,6.374829966780235,1.0,0.0,1.0,0.0,0.0,0.0
4,190,6.888372816331648,9.869586681700092,0.0,0.0,0.0,1.0,1.0,0.0
5,190,5.136404219346903,0.5063330426292922,1.0,1.0,1.0,1.0,0.0,0.0
6,190,5.773613550035712,6.918364733878098,1.0,0.0,0.0,1.0,0.0,0.0
7,190,12.0,3.84350955474328,0.0,0.0,0.0,1.0,1.0,0.0
8,190,4.835454879702867,2.634946322353715,1.0,1.0,0.0,1.0,0.0,0.0
9,190,0.0,9.996868130777663,0.0,0.0,0.0,1.0,1.0,0.0
10,190,4.675768590094972,10.057976674968533,0.0,1.0,0.0,1.0,0.0,0.0
11,190,2.3995164571859324,1.0323380860222993,0.0,1.0,1.0,0.0,0.0,0.0
12,190,1.4875990436197557,0.3394596430709241,0.0,1.0,0.0,0.0,1.0,0.0
13,190,2.5496611719661813,2.020538718336731,0.0,1.0,0.0,0.0,0.0,0.0
14,190,4.395614317994798,8.076775951045391,0.0,0.0,1.0,0.0,0.0,0.0
0,195,8.393612128219308,0.0404381596708753,1.0,0.0,0.0,0.0,0.0,1.0
1,195,9.069574516402476,0.0,0.0,0.0,0.0,1.0,0.0,1.0
2,195,2.4544269423995444,6.062012382316699,1.0,1.0,0.0,1.0,1.0,0.0
3,195,2.7066204017335043,6.407406283627327,1.0,0.0,1.0,0.0,0.0,0.0
4,195,7.029147456665972,9.948690896448912,0.0,0.0,0.0,1.0,1.0,0.0
5,195,5.190995559843431,0.4582213867320033,1.0,1.0,1.0,1.0,0.0,0.0
6,195,5.699927090976936,6.793262967930098,1.0,0.0,0.0,1.0,0.0,0.0
7,195,12.0,3.8398473605705936,0.0,0.0,0.0,1.0,1.0,0.0
8,195,5.010352596987698,2.6472632723474265,1.0,1.0,0.0,1.0,0.0,0.0
9,195,0.0,9.946921321688022,0.0,0.0,0.0,1.0,1.0,0.0
10,195,4.414099614587255,10.15883396243952,0.0,1.0,0.0,1.0,0.0,0.0
11,195,2.295227663369535,1.0300630653466396,0.0,1.0,1.0,0.0,0.0,0.0
12,195,1.4975200603116372,0.3234126232399015,0.0,1.0,0.0,0.0,1.0,0.0
13,195,2.4705050426801054,2.035778286941286,0.0,1.0,0.0,0.0,0.0,0.0
14,195,4.294548359305281,8.149846525203753,0.0,0.0,1.0,0.0,0.0,0.0
0,200,8.435096996055037,0.0622615427745968,1.0,0.0,0.0,0.0,0.0,1.0
1,200,9.072663618047116,0.0,0.0,0.0,0.0,1.0,0.0,1.0
2,200,2.271898270743589,5.911296828948149,1.0,1.0,0.0,1.0,1.0,0.0
3,200,2.6819300392363976,6.446946368145722,1.0,0.0,1.0,0.0,0.0,0.0
4,200,7.16628132468886,10.030064515313702,0.0,0.0,0.0,1.0,1.0,0.0
5,200,5.244840511556496,0.4095307698783494,1.0,1.0,1.0,1.0,0.0,0.0
6,200,5.62114623244352,6.65924695187445,1.0,0.0,0.0,1.0,0.0,0.0
7,200,12.0,3.832712950112724,0.0,0.0,0.0,1.0,1.0,0.0
8,200,5.184845768294511,2.6544647285744336,1.0,1.0,0.0,1.0,0.0,0.0
9,200,0.0,9.907008861260472,0.0,0.0,0.0,1.0,1.0,0.0
10,200,4.148550747490213,10.26408117440254,0.0,1.0,0.0,1.0,0.0,0.0
11,200,2.187807881225722,1.0284521620237173,0.0,1.0,1.0,0.0,0.0,0.0
12,200,1.518119507363365,0.2896463242972981,0.0,1.0,0.0,0.0,1.0,0.0
13,200,2.4126308247211097,2.0473702546335235,0.0,1.0,0.0,0.0,0.0,0.0
14,200,4.191128136041298,8.225776610927694,0.0,0.0,1.0,0.0,0.0,0.0
0,205,8.480269784733457,0.0838331931102807,1.0,0.0,0.0,0.0,0.0,1.0
1,205,9.078007355652357,0.0,0.0,0.0,0.0,1.0,0.0,1.0
2,205,2.081698467217352,5.761368096132758,1.0,1.0,0.0,1.0,1.0,0.0
3,205,2.6526088898539744,6.493190083057159,1.0,0.0,1.0,0.0,0.0,0.0
4,205,7.29498918425325,10.109560653504117,0.0,0.0,0.0,1.0,1.0,0.0
5,205,5.314867012054076,0.3451768868370481,1.0,1.0,1.0,1.0,0.0,0.0
6,205,5.54106869527082,6.526598333494918,1.0,0.0,0.0,1.0,0.0,0.0
7,205,12.0,3.82837718403145,0.0,0.0,0.0,1.0,1.0,0.0
8,205,5.359211134907204,2.662804412200457,1.0,1.0,0.0,1.0,0.0,0.0
9,205,0.0,9.875461187593912,0.0,0.0,0.0,1.0,1.0,0.0
10,205,3.896929904867549,10.361778675622537,0.0,1.0,0.0,1.0,0.0,0.0
11,205,2.080498415174441,1.025852123282741,0.0,1.0,1.0,0.0,0.0,0.0
12,205,1.5369801520955233,0.2574321937492609,0.0,1.0,0.0,0.0,1.0,0.0
13,205,2.36238758029954,2.057484917024056,0.0,1.0,0.0,0.0,0.0,0.0
14,205,4.098688841671282,8.298062989449793,0.0,0.0,1.0,0.0,0.0,0.0
0,210,8.526799811383917,0.1068324880704327,1.0,0.0,0.0,0.0,0.0,1.0
1,210,9.0847376656281,0.0,0.0,0.0,0.0,1.0,0.0,1.0
2,210,1.9061036237664133,5.617370056612234,1.0,1.0,0.0,1.0,1.0,0.0
3,210,2.634052002069857,6.522086974297528,1.0,0.0,1.0,0.0,0.0,0.0
4,210,7.4173600442465775,10.183512930930949,0.0,0.0,0.0,1.0,1.0,0.0
5,210,5.389765346108929,0.278560703870062,1.0,1.0,1.0,1.0,0.0,0.0
6,210,5.457288501484834,6.3898902933587145,1.0,0.0,0.0,1.0,0.0,0.0
7,210,11.992887780509866,3.829651451430656,0.0,0.0,0.0,1.0,1.0,0.0
8,210,5.5298532996193765,2.669358719507074,1.0,1.0,0.0,1.0,0.0,0.0
9,210,0.0,9.856239464544284,0.0,0.0,0.0,1.0,1.0,0.0
10,210,3.6392762783078094,10.46398528781669,0.0,1.0,0.0,1.0,0.0,0.0
11,210,1.955007307995052,1.0218924272631635,0.0,1.0,1.0,0.0,0.0,0.0
12,210,1.5425952646549446,0.2477805510695105,0.0,1.0,0.0,0.0,1.0,0.0
13,210,2.306133166515026,2.0683981443273467,0.0,1.0,0.0,0.0,0.0,0.0
14,210,4.000020999933526,8.3690842175423,0.0,0.0,1.0,0.0,0.0,0.0
0,215,8.56801422851953,0.1265485494262414,1.0,0.0,0.0,0.0,0.0,1.0
1,215,9.09092817201924,0.0,0.0,0.0,0.0,1.0,0.0,1.0
2,215,1.711153975145615,5.455061867180669,1.0,1.0,0.0,1.0,1.0,0.0
3,215,2.615759115978684,6.54820605509547,1.0,0.0,1.0,0.0,0.0,0.0
4,215,7.546849278409311,10.25848310449102,0.0,0.0,0.0,1.0,1.0,0.0
5,215,5.464422237102659,0.2171465182292626,1.0,1.0,1.0,1.0,0.0,0.0
6,215,5.376170962268152,6.2546982803069815,1.0,0.0,0.0,1.0,0.0,0.0
7,215,11.984784845592468,3.830980277096551,0.0,0.0,0.0,1.0,1.0,0.0
8,215,5.704998188235965,2.6788220307995947,1.0,1.0,0.0,1.0,0.0,0.0
9,215,0.0,9.846813030278016,0.0,0.0,0.0,1.0,1.0,0.0
10,215,3.3605651116501365,10.570746524060162,0.0,1.0,0.0,1.0,0.0,0.0
11,215,1.7955564602348937,1.0166403215477693,0.0,1.0,1.0,0.0,0.0,0.0
12,215,1.5486652205215772,0.2384459188256592,0.0,1.0,0.0,0.0,1.0,0.0
13,215,2.276864147933534,2.075306183004326,0.0,1.0,0.0,0.0,0.0,0.0
14,215,3.892065863563861,8.44485215977995,0.0,0.0,1.0,0.0,0.0,0.0
0,220,8.630131369626628,0.1563659258504325,1.0,0.0,0.0,0.0,0.0,1.0
1,220,9.094854144235756,0.0,0.0,0.0,0.0,1.0,0.0,1.0
2,220,1.5213627391394315,5.292054563577822,1.0,1.0,0.0,1.0,1.0,0.0
3,220,2.5948861341219613,6.577968400428587,1.0,0.0,1.0,0.0,0.0,0.0
4,220,7.669523691804244,10.336579372770098,0.0,0.0,0.0,1.0,1.0,0.0
5,220,5.541241765000778,0.1553727597360979,1.0,1.0,1.0,1.0,0.0,0.0
6,220,5.30079247035752,6.134010798185268,1.0,0.0,0.0,1.0,0.0,0.0
7,220,11.992665978484151,3.829641892421638,0.0,0.0,0.0,1.0,1.0,0.0
8,220,5.879370158501319,2.6896979461953894,1.0,1.0,0.0,1.0,0.0,0.0
9,220,0.0,9.843114572911771,0.0,0.0,0.0,1.0,1.0,0.0
10,220,3.0782926658304817,10.665691982153726,0.0,1.0,0.0,1.0,0.0,0.0
11,220,1.6218696352371682,1.0132725709672523,0.0,1.0,1.0,0.0,0.0,0.0
12,220,1.5385089582614395,0.2538716738929546,0.0,1.0,0.0,0.0,1.0,0.0
13,220,2.2827129876053838,2.097908540047667,0.0,1.0,0.0,0.0,0.0,0.0
14,220,3.7788261967925743,8.524910450500544,0.0,0.0,1.0,0.0,0.0,0.0
0,225,8.702755711506605,0.1900787526375254,1.0,0.0,0.0,0.0,0.0,1.0
1,225,9.097415831448677,0.0,0.0,0.0,0.0,1.0,0.0,1.0
2,225,1.3497776162867514,5.140841291898552,1.0,1.0,0.0,1.0,1.0,0.0
3,225,2.5981364492300383,6.573330784739876,1.0,0.0,1.0,0.0,0.0,0.0
4,225,7.7720086395559,10.40197385065614,0.0,0.0,0.0,1.0,1.0,0.0
5,225,5.596974931635222,0.1091820837906139,1.0,1.0,1.0,1.0,0.0,0.0
6,225,5.244768022795036,6.047073250232388,1.0,0.0,0.0,1.0,0.0,0.0
7,225,12.0,3.82808214992248,0.0,0.0,0.0,1.0,1.0,0.0
8,225,6.07427157146888,2.704788272816811,1.0,1.0,0.0,1.0,0.0,0.0
9,225,0.0013511194334517,9.867873672071775,0.0,0.0,0.0,1.0,1.0,0.0
10,225,2.800040766787476,10.754553881385329,0.0,1.0,0.0,1.0,0.0,0.0
11,225,1.4472589278855763,1.0095323296128724,0.0,1.0,1.0,0.0,0.0,0.0
12,225,1.5297895915333617,0.2670760919369203,0.0,1.0,0.0,0.0,1.0,0.0
13,225,2.289423859856493,2.1222582831655235,0.0,1.0,0.0,0.0,0.0,0.0
14,225,3.658273153712022,8.608344219751979,0.0,0.0,1.0,0.0,0.0,0.0
0,230,8.774476432493,0.224330977050073,1.0,0.0,0.0,0.0,0.0,1.0
1,230,9.099965550846134,0.0,0.0,0.0,0.0,1.0,0.0,1.0
2,230,1.1696300018018944,4.9810121542792,1.0,1.0,0.0,1.0,1.0,0.0
3,230,2.5989028752200536,6.572261896762738,1.0,0.0,1.0,0.0,0.0,0.0
4,230,7.881529600772788,10.471924931431843,0.0,0.0,0.0,1.0,1.0,0.0
5,230,5.64577133080979,0.069695044361142,1.0,1.0,1.0,1.0,0.0,0.0
6,230,5.189735990272989,5.957095145955638,1.0,0.0,0.0,1.0,0.0,0.0
7,230,11.998412762146756,3.8283302840015887,0.0,0.0,0.0,1.0,1.0,0.0
8,230,6.260909578002584,2.7142312865916973,1.0,1.0,0.0,1.0,0.0,0.0
9,230,0.0019030918316554,9.876970643738847,0.0,0.0,0.0,1.0,1.0,0.0
10,230,2.503346944723647,10.848882452483446,0.0,1.0,0.0,1.0,0.0,0.0
11,230,1.2848348195663,1.004169449032711,0.0,1.0,1.0,0.0,0.0,0.0
12,230,1.5213339374357358,0.2793721922232206,0.0,1.0,0.0,0.0,1.0,0.0
13,230,2.302227970285076,2.170235159393233,0.0,1.0,0.0,0.0,0.0,0.0
14,230,3.562206848248649,8.673172373955712,0.0,0.0,1.0,0.0,0.0,0.0
0,235,8.852978300048862,0.2623568844641452,1.0,0.0,0.0,0.0,0.0,1.0
1,235,9.102518397005593,0.0,0.0,0.0,0.0,1.0,0.0,1.0
2,235,1.0084766273183177,4.844658981163189,1.0,1.0,0.0,1.0,1.0,0.0
3,235,2.577673081081392,6.602394415377823,1.0,0.0,1.0,0.0,0.0,0.0
4,235,7.818205760293888,10.56920710426253,0.0,0.0,0.0,1.0,1.0,0.0
5,235,5.699012225947373,0.0265754946979071,1.0,1.0,1.0,1.0,0.0,0.0
6,235,5.135721819185889,5.865835138954224,1.0,0.0,0.0,1.0,0.0,0.0
7,235,11.977701325446413,3.8318274683355273,0.0,0.0,0.0,1.0,1.0,0.0
8,235,6.448079030149001,2.727138814336634,1.0,1.0,0.0,1.0,0.0,0.0
9,235,0.0033126484725389,9.899870393995265,0.0,0.0,0.0,1.0,1.0,0.0
10,235,2.2053524478651805,10.941365126638985,0.0,1.0,0.0,1.0,0.0,0.0
11,235,1.0903426397961664,0.99975205715439,0.0,1.0,1.0,0.0,0.0,0.0
12,235,1.5166477932171318,0.2859686719665201,0.0,1.0,0.0,0.0,1.0,0.0
13,235,2.312471749012791,2.209372352318012,0.0,1.0,0.0,0.0,0.0,0.0
14,235,3.482584611197095,8.728377155294869,0.0,0.0,1.0,0.0,0.0,0.0
0,240,8.94732512289356,0.3079348119523223,1.0,0.0,0.0,0.0,0.0,1.0
1,240,9.104540398279806,0.0,0.0,0.0,0.0,1.0,0.0,1.0
2,240,0.8609673097721897,4.724592627969089,1.0,1.0,0.0,1.0,1.0,0.0
3,240,2.5523159450068547,6.637983282820096,1.0,0.0,1.0,0.0,0.0,0.0
4,240,7.749363864910299,10.671711824863946,0.0,0.0,0.0,1.0,1.0,0.0
5,240,5.76622031097465,0.0,1.0,1.0,1.0,1.0,0.0,0.0
6,240,5.081318849362268,5.773589354342622,1.0,0.0,0.0,1.0,0.0,0.0
7,240,11.966890748664293,3.83376479977732,0.0,0.0,0.0,1.0,1.0,0.0
8,240,6.652722545670265,2.7417694528338874,1.0,1.0,0.0,1.0,0.0,0.0
9,240,0.0042910020190257,9.918223536340571,0.0,0.0,0.0,1.0,1.0,0.0
10,240,1.9247307777621507,11.040111016783424,0.0,1.0,0.0,1.0,0.0,0.0
11,240,0.8785679262156054,0.9958077021582882,0.0,1.0,1.0,0.0,0.0,0.0
12,240,1.518423858428844,0.2836392287518631,0.0,1.0,0.0,0.0,1.0,0.0
13,240,2.326393018927237,2.2575168257149185,0.0,1.0,0.0,0.0,0.0,0.0
14,240,3.4010619744023627,8.785466196619279,0.0,0.0,1.0,0.0,0.0,0.0
0,245,9.034736880456858,0.3516811940370078,1.0,0.0,0.0,0.0,0.0,1.0
1,245,9.106594562580115,0.0,0.0,0.0,0.0,1.0,0.0,1.0
2,245,0.7196460266378082,4.60850946413319,1.0,1.0,0.0,1.0,1.0,0.0
3,245,2.529011722136403,6.671772367136518,1.0,0.0,1.0,0.0,0.0,0.0
4,245,7.6849350654012465,10.772942685535869,0.0,0.0,0.0,1.0,1.0,0.0
5,245,5.85522723594186,0.0,1.0,1.0,1.0,1.0,0.0,0.0
6,245,5.0299983713019145,5.684315677377291,1.0,0.0,0.0,1.0,0.0,0.0
7,245,11.949433816554263,3.836764354738594,0.0,0.0,0.0,1.0,1.0,0.0
8,245,6.873807950449583,2.758810861849836,1.0,1.0,0.0,1.0,0.0,0.0
9,245,0.0066150662484527,9.95155395192485,0.0,0.0,0.0,1.0,1.0,0.0
10,245,1.6564738420944556,11.138287784348972,0.0,1.0,0.0,1.0,0.0,0.0
11,245,0.6392706330961782,0.9875312066711252,0.0,1.0,1.0,0.0,0.0,0.0
12,245,1.5213900841431214,0.2796218849618104,0.0,1.0,0.0,0.0,1.0,0.0
13,245,2.34358213963852,2.316148825698934,0.0,1.0,0.0,0.0,0.0,0.0
14,245,3.338507433730662,8.827632874785971,0.0,0.0,1.0,0.0,0.0,0.0
0,250,9.119267748170838,0.3933596780242834,1.0,0.0,0.0,0.0,0.0,1.0
1,250,9.108738020507474,0.0,0.0,0.0,0.0,1.0,0.0,1.0
2,250,0.5949537032916739,4.506233594739076,1.0,1.0,0.0,1.0,1.0,0.0
3,250,2.5085288045172454,6.6571823936286645,1.0,0.0,1.0,0.0,0.0,0.0
4,250,7.61979095755729,10.883122614043073,0.0,0.0,0.0,1.0,1.0,0.0
5,250,5.942438163536566,0.0,1.0,1.0,1.0,1.0,0.0,0.0
6,250,4.97374185512693,5.584801168042712,1.0,0.0,0.0,1.0,0.0,0.0
7,250,11.945785301720775,3.837495605498126,0.0,0.0,0.0,1.0,1.0,0.0
8,250,7.105986643226848,2.777047896775944,1.0,1.0,0.0,1.0,0.0,0.0
9,250,0.0081866373892821,9.980212410303237,0.0,0.0,0.0,1.0,1.0,0.0
10,250,1.371907923299597,11.238515504250667,0.0,1.0,0.0,1.0,0.0,0.0
11,250,0.3818018803523447,0.9779808213414084,0.0,1.0,1.0,0.0,0.0,0.0
12,250,1.5157768809958716,0.2871971531232535,0.0,1.0,0.0,0.0,1.0,0.0
13,250,2.356610967038271,2.3623884267161683,0.0,1.0,0.0,0.0,0.0,0.0
14,250,3.2820649728589144,8.86876784021169,0.0,0.0,1.0,0.0,0.0,0.0
0,255,9.20106990095169,0.434919747952861,1.0,0.0,0.0,0.0,0.0,1.0
1,255,9.11118982730532,0.0,0.0,0.0,0.0,1.0,0.0,1.0
2,255,0.4875030881805089,4.4155406305255,1.0,1.0,0.0,1.0,1.0,0.0
3,255,2.4933028229592,6.645905017916855,1.0,0.0,1.0,0.0,0.0,0.0
4,255,7.5637898526543,10.978892020299387,0.0,0.0,0.0,1.0,1.0,0.0
5,255,6.010981843277848,0.0,1.0,1.0,1.0,1.0,0.0,0.0
6,255,4.913453164600762,5.483247347617158,1.0,0.0,0.0,1.0,0.0,0.0
7,255,11.930888935527369,3.8404897801156537,0.0,0.0,0.0,1.0,1.0,0.0
8,255,7.3322673424126465,2.7904457768210147,1.0,1.0,0.0,1.0,0.0,0.0
9,255,0.0084198449040997,9.984638463285572,0.0,0.0,0.0,1.0,1.0,0.0
10,255,1.0880237858374862,11.340789037510715,0.0,1.0,0.0,1.0,0.0,0.0
11,255,0.133721141962084,0.9665775225555714,0.0,1.0,1.0,0.0,0.0,0.0
12,255,1.516325028513973,0.2864624134273398,0.0,1.0,0.0,0.0,1.0,0.0
13,255,2.369162030467761,2.407513117262174,0.0,1.0,0.0,0.0,0.0,0.0
14,255,3.220943058685057,8.913293554588954,0.0,0.0,1.0,0.0,0.0,0.0
0,260,9.286350280419342,0.4758972801404343,1.0,0.0,0.0,0.0,0.0,1.0
1,260,9.11376505854765,0.0,0.0,0.0,0.0,1.0,0.0,1.0
2,260,0.3740299519540726,4.318047396240181,1.0,1.0,0.0,1.0,1.0,0.0
3,260,2.4572647168375603,6.620821888131244,1.0,0.0,1.0,0.0,0.0,0.0
4,260,7.508291078386715,11.07571830879266,0.0,0.0,0.0,1.0,1.0,0.0
5,260,6.06811122055862,0.0,1.0,1.0,1.0,1.0,0.0,0.0
6,260,4.847864413328946,5.370406918311304,1.0,0.0,0.0,1.0,0.0,0.0
7,260,11.930722096276693,3.83968746236602,0.0,0.0,0.0,1.0,1.0,0.0
8,260,7.555863934786151,2.8021870226258403,1.0,1.0,0.0,1.0,0.0,0.0
9,260,0.0084667856954669,9.985689411729032,0.0,0.0,0.0,1.0,1.0,0.0
10,260,0.795690840560549,11.439910273008303,0.0,1.0,0.0,1.0,0.0,0.0
11,260,0.0,0.9457114562020352,0.0,1.0,1.0,0.0,0.0,0.0
12,260,1.5187995964952163,0.2831984370916874,0.0,1.0,0.0,0.0,1.0,0.0
13,260,2.384634392052249,2.459727143338173,0.0,1.0,0.0,0.0,0.0,0.0
14,260,3.156416636946999,8.960494559088163,0.0,0.0,1.0,0.0,0.0,0.0
0,265,9.376612668135111,0.5165245247717448,1.0,0.0,0.0,0.0,0.0,1.0
1,265,9.116474370010517,0.0,0.0,0.0,0.0,1.0,0.0,1.0
2,265,0.2563251057517282,4.219043115930148,1.0,1.0,0.0,1.0,1.0,0.0
3,265,2.41289484511151,6.5886748668235,1.0,0.0,1.0,0.0,0.0,0.0
4,265,7.4634530238347745,11.154238035120509,0.0,0.0,0.0,1.0,1.0,0.0
5,265,6.122453554163767,0.0,1.0,1.0,1.0,1.0,0.0,0.0
6,265,4.7948665876978245,5.27124555262243,1.0,0.0,0.0,1.0,0.0,0.0
7,265,11.929622908874284,3.834561217982346,0.0,0.0,0.0,1.0,1.0,0.0
8,265,7.756676220925558,2.813123041401103,1.0,1.0,0.0,1.0,0.0,0.0
9,265,0.00949086542473,10.006891416581238,0.0,0.0,0.0,1.0,1.0,0.0
10,265,0.4996450130010183,11.538835531896916,0.0,1.0,0.0,1.0,0.0,0.0
11,265,0.0,0.9255081136566556,0.0,1.0,1.0,0.0,0.0,0.0
12,265,1.5117693825131602,0.2924228946194608,0.0,1.0,0.0,0.0,1.0,0.0
13,265,2.4036963207910897,2.520773456114453,0.0,1.0,0.0,0.0,0.0,0.0
14,265,3.0959954454106677,9.004739119542766,0.0,0.0,1.0,0.0,0.0,0.0
0,270,9.463536540750692,0.5569369872537261,1.0,0.0,0.0,0.0,0.0,1.0
1,270,9.122380439478832,0.0,0.0,0.0,0.0,1.0,0.0,1.0
2,270,0.1395457997852089,4.113326417685654,1.0,1.0,0.0,1.0,1.0,0.0
3,270,2.367511524606329,6.556098467579808,1.0,0.0,1.0,0.0,0.0,0.0
4,270,7.423229613098559,11.225257244440543,0.0,0.0,0.0,1.0,1.0,0.0
5,270,6.179088763196685,0.0,1.0,1.0,1.0,1.0,0.0,0.0
6,270,4.749899060223597,5.177480213504825,1.0,0.0,0.0,1.0,0.0,0.0
7,270,11.927820539026753,3.825971475619386,0.0,0.0,0.0,1.0,1.0,0.0
8,270,7.946742736733157,2.823669242782726,1.0,1.0,0.0,1.0,0.0,0.0
9,270,0.0106861338058367,10.038802972929814,0.0,0.0,0.0,1.0,1.0,0.0
10,270,0.1916053025344768,11.648179470343168,0.0,1.0,0.0,1.0,0.0,0.0
11,270,0.0,0.9094701454816184,0.0,1.0,1.0,0.0,0.0,0.0
12,270,1.4921277756765918,0.3179943432499786,0.0,1.0,0.0,0.0,1.0,0.0
13,270,2.4155142772781644,2.562455079539378,0.0,1.0,0.0,0.0,0.0,0.0
14,270,3.0579038807137744,9.03227052599395,0.0,0.0,1.0,0.0,0.0,0.0
0,275,9.562252812310128,0.6053140578120829,1.0,0.0,0.0,0.0,0.0,1.0
1,275,9.128480030853568,0.0,0.0,0.0,0.0,1.0,0.0,1.0
2,275,0.0268799477713784,4.01085264066957,1.0,1.0,0.0,1.0,1.0,0.0
3,275,2.316821797345292,6.520346986434134,1.0,0.0,1.0,0.0,0.0,0.0
4,275,7.38007389815888,11.300489272716522,0.0,0.0,0.0,1.0,1.0,0.0
5,275,6.241871093939187,0.0,1.0,1.0,1.0,1.0,0.0,0.0
6,275,4.701912806630731,5.07835382438032,1.0,0.0,0.0,1.0,0.0,0.0
7,275,11.923981084894578,3.804575674977599,0.0,0.0,0.0,1.0,1.0,0.0
8,275,8.125335084253326,2.8332505493053586,1.0,1.0,0.0,1.0,0.0,0.0
9,275,0.011823220184575,10.067315041949,0.0,0.0,0.0,1.0,1.0,0.0
10,275,0.0,11.75780022410012,0.0,1.0,0.0,1.0,0.0,0.0
11,275,0.0,0.8993937565525338,0.0,1.0,1.0,0.0,0.0,0.0
12,275,1.4827986195107237,0.3300905278977916,0.0,1.0,0.0,0.0,1.0,0.0
13,275,2.426539112866529,2.601085599736219,0.0,1.0,0.0,0.0,0.0,0.0
14,275,3.0159749046570994,9.060844202629935,0.0,0.0,1.0,0.0,0.0,0.0
0,280,9.661710549423196,0.6561152839673058,1.0,0.0,0.0,0.0,0.0,1.0
1,280,9.135886806728523,0.0,0.0,0.0,0.0,1.0,0.0,1.0
2,280,0.0,3.891754351186079,1.0,1.0,0.0,1.0,1.0,0.0
3,280,2.270715839855241,6.488827513343082,1.0,0.0,1.0,0.0,0.0,0.0
4,280,7.344290362112233,11.365453525773106,0.0,0.0,0.0,1.0,1.0,0.0
5,280,6.306592454393336,0.0,1.0,1.0,1.0,1.0,0.0,0.0
6,280,4.6499378234015705,4.977103267322156,1.0,0.0,0.0,1.0,0.0,0.0
7,280,11.920890636842572,3.786731601942294,0.0,0.0,0.0,1.0,1.0,0.0
8,280,8.285717781508538,2.838881630081099,1.0,1.0,0.0,1.0,0.0,0.0
9,280,0.0125539683488294,10.082618145034578,0.0,0.0,0.0,1.0,1.0,0.0
10,280,0.0,11.869869805110373,0.0,1.0,0.0,1.0,0.0,0.0
11,280,0.0,0.8936378011161143,0.0,1.0,1.0,0.0,0.0,0.0
12,280,1.485127074609742,0.3270830637700505,0.0,1.0,0.0,0.0,1.0,0.0
13,280,2.4413294642126413,2.651685992503624,0.0,1.0,0.0,0.0,0.0,0.0
14,280,2.98522130278313,9.080725424478036,0.0,0.0,1.0,0.0,0.0,0.0
0,285,9.763254043000028,0.707700604316703,1.0,0.0,0.0,0.0,0.0,1.0
1,285,9.142510525957457,0.0,0.0,0.0,0.0,1.0,0.0,1.0
2,285,0.0,3.763971127942455,1.0,1.0,0.0,1.0,1.0,0.0
3,285,2.21701662452391,6.454451963757544,1.0,0.0,1.0,0.0,0.0,0.0
4,285,7.308340092078265,11.430705586417556,0.0,0.0,0.0,1.0,1.0,0.0
5,285,6.358071767286274,0.0,1.0,1.0,1.0,1.0,0.0,0.0
6,285,4.609558504425501,4.891307099189163,1.0,0.0,0.0,1.0,0.0,0.0
7,285,11.911859413228749,3.736214362709502,0.0,0.0,0.0,1.0,1.0,0.0
8,285,8.436693897474353,2.841259276263468,1.0,1.0,0.0,1.0,0.0,0.0
9,285,0.0133618215910222,10.10402423086868,0.0,0.0,0.0,1.0,1.0,0.0
10,285,0.0,11.989864281348629,0.0,1.0,0.0,1.0,0.0,0.0
11,285,0.0,0.8973359999368342,0.0,1.0,1.0,0.0,0.0,0.0
12,285,1.4926930027033465,0.317427386466485,0.0,1.0,0.0,0.0,1.0,0.0
13,285,2.4556278203203976,2.6947504608705644,0.0,1.0,0.0,0.0,0.0,0.0
14,285,2.966050024322915,9.09330111997888,0.0,0.0,1.0,0.0,0.0,0.0
0,290,9.855283617177744,0.7550766463563012,1.0,0.0,0.0,0.0,0.0,1.0
1,290,9.147410234390442,0.0,0.0,0.0,0.0,1.0,0.0,1.0
2,290,0.0,3.634507985774246,1.0,1.0,0.0,1.0,1.0,0.0
3,290,2.171746699258039,6.426451275608773,1.0,0.0,1.0,0.0,0.0,0.0
4,290,7.27260883857573,11.499375543113755,0.0,0.0,0.0,1.0,1.0,0.0
5,290,6.421975508830774,0.0,1.0,1.0,1.0,1.0,0.0,0.0
6,290,4.562982853335626,4.796854048185865,1.0,0.0,0.0,1.0,0.0,0.0
7,290,11.897267261762437,3.654296826700088,0.0,0.0,0.0,1.0,1.0,0.0
8,290,8.610506766766441,2.841939496600284,1.0,1.0,0.0,1.0,0.0,0.0
9,290,0.0134902466732861,10.11373139455131,0.0,0.0,0.0,1.0,1.0,0.0
10,290,0.0,12.0,0.0,1.0,0.0,1.0,0.0,0.0
11,290,0.0,0.8964531346674324,0.0,1.0,1.0,0.0,0.0,0.0
12,290,1.497476580201061,0.3111821571165661,0.0,1.0,0.0,0.0,1.0,0.0
13,290,2.469502633982026,2.739336055649272,0.0,1.0,0.0,0.0,0.0,0.0
14,290,2.96624928854008,9.093171893611546,0.0,0.0,1.0,0.0,0.0,0.0
0,295,9.938348265044382,0.796353982212851,1.0,0.0,0.0,0.0,0.0,1.0
1,295,9.15170613829154,0.0,0.0,0.0,0.0,1.0,0.0,1.0
2,295,0.0,3.5023181366088143,1.0,1.0,0.0,1.0,1.0,0.0
3,295,2.133836221026551,6.40298544077867,1.0,0.0,1.0,0.0,0.0,0.0
4,295,7.249206097473645,11.547753047330875,0.0,0.0,0.0,1.0,1.0,0.0
5,295,6.4937226951191205,0.0,1.0,1.0,1.0,1.0,0.0,0.0
6,295,4.514048863148955,4.701815787464034,1.0,0.0,0.0,1.0,0.0,0.0
7,295,11.87629214173022,3.556569854387172,0.0,0.0,0.0,1.0,1.0,0.0
8,295,8.7872135927562,2.842813132548443,1.0,1.0,0.0,1.0,0.0,0.0
9,295,0.012896714905841,10.09895178902074,0.0,0.0,0.0,1.0,1.0,0.0
10,295,0.0,12.0,0.0,1.0,0.0,1.0,0.0,0.0
11,295,0.0,0.8934304553541165,0.0,1.0,1.0,0.0,0.0,0.0
12,295,1.4906439699633218,0.3194820241329441,0.0,1.0,0.0,0.0,1.0,0.0
13,295,2.4799858372140267,2.7714664034833234,0.0,1.0,0.0,0.0,0.0,0.0
14,295,2.9908851579958387,9.076313073977651,0.0,0.0,1.0,0.0,0.0,0.0
