0,0,7.980958135372094,12.0,0.0,1.0,0.0,1.0,0.0,0.0
1,0,0.0580211101013615,4.02703940055321,0.0,1.0,0.0,1.0,0.0,1.0
2,0,4.990598561993366,7.943245146743551,1.0,0.0,0.0,0.0,0.0,0.0
3,0,10.085823507896247,10.99595261276941,0.0,0.0,0.0,0.0,0.0,1.0
4,0,7.072976972616775,1.9830692801514027,0.0,0.0,0.0,1.0,1.0,0.0
5,0,5.040200607452311,10.928381175374842,0.0,1.0,1.0,0.0,0.0,0.0
6,0,10.074488306984415,3.024445924477593,0.0,0.0,1.0,0.0,0.0,1.0
7,0,11.97434879234759,11.95176545630136,0.0,0.0,0.0,0.0,0.0,1.0
8,0,8.037366572142377,2.960267009668325,0.0,0.0,1.0,0.0,0.0,0.0
9,0,1.021702314498049,1.9715694463105533,0.0,0.0,0.0,1.0,0.0,1.0
10,0,12.0,8.963160907878205,0.0,0.0,0.0,1.0,1.0,0.0
11,0,11.093644413683394,3.0086433852739547,0.0,1.0,0.0,0.0,0.0,1.0
12,0,9.99917980377949,9.966837502080583,0.0,0.0,1.0,0.0,0.0,0.0
13,0,8.03247696821705,3.9413122716297466,1.0,0.0,0.0,0.0,0.0,1.0
14,0,5.963046612436203,2.01867720745566,0.0,0.0,0.0,1.0,1.0,1.0
0,5,7.958628399505133,12.0,0.0,1.0,0.0,1.0,0.0,0.0
1,5,0.1122659523370993,4.054265895764281,0.0,1.0,0.0,1.0,0.0,1.0
2,5,4.977078568427569,7.869165193249916,1.0,0.0,0.0,0.0,0.0,0.0
3,5,10.174798946759758,10.993966293971502,0.0,0.0,0.0,0.0,0.0,1.0
4,5,7.159794512363466,1.9610720799080907,0.0,0.0,0.0,1.0,1.0,0.0
5,5,5.089986255513394,10.842043788362473,0.0,1.0,1.0,0.0,0.0,0.0
6,5,10.130109831923154,3.0449468996794087,0.0,0.0,1.0,0.0,0.0,1.0
7,5,11.943091567984398,11.896330195312988,0.0,0.0,0.0,0.0,0.0,1.0
8,5,8.073168566110095,2.920527324698973,0.0,0.0,1.0,0.0,0.0,0.0
9,5,1.0417182036743475,1.9458260558188556,0.0,0.0,0.0,1.0,0.0,1.0
10,5,12.0,8.930034352063693,0.0,0.0,0.0,1.0,1.0,0.0
11,5,11.17658076266815,3.017730391047832,0.0,1.0,0.0,0.0,0.0,1.0
12,5,9.997301168333596,9.938182581933326,0.0,0.0,1.0,0.0,0.0,0.0
13,5,8.067690707793309,3.8743862315207513,1.0,0.0,0.0,0.0,0.0,1.0
14,5,5.9402994853487225,2.0301766265792285,0.0,0.0,0.0,1.0,1.0,1.0
0,10,7.928480793255355,12.0,0.0,1.0,0.0,1.0,0.0,0.0
1,10,0.1721674146300688,4.082377049698402,0.0,1.0,0.0,1.0,0.0,1.0
2,10,4.963061775007225,7.796959721218602,1.0,0.0,0.0,0.0,0.0,0.0
3,10,10.259363838539702,10.992873633715702,0.0,0.0,0.0,0.0,0.0,1.0
4,10,7.243900026759261,1.9406487828212096,0.0,0.0,0.0,1.0,1.0,0.0
5,10,5.1321634391782,10.769912279351397,0.0,1.0,1.0,0.0,0.0,0.0
6,10,10.17127553132153,3.059613049274028,0.0,0.0,1.0,0.0,0.0,1.0
7,10,11.907241934921164,11.831450499404374,0.0,0.0,0.0,0.0,0.0,1.0
8,10,8.109661942565001,2.881238627142852,0.0,0.0,1.0,0.0,0.0,0.0
9,10,1.0667309785459829,1.913835166891408,0.0,0.0,0.0,1.0,0.0,1.0
10,10,12.0,8.893231593436008,0.0,0.0,0.0,1.0,1.0,0.0
11,10,11.232966312629925,3.0256742677283697,0.0,1.0,0.0,0.0,0.0,1.0
12,10,9.994026087810294,9.902497291171631,0.0,0.0,1.0,0.0,0.0,0.0
13,10,8.097838145044083,3.8202114302013337,1.0,0.0,0.0,0.0,0.0,1.0
14,10,5.945902432377324,2.0271468530104304,0.0,0.0,0.0,1.0,1.0,1.0
0,15,7.901560906183308,12.0,0.0,1.0,0.0,1.0,0.0,0.0
1,15,0.2454160097532457,4.113271852541969,0.0,1.0,0.0,1.0,0.0,1.0
2,15,4.949933712243135,7.715672703506314,1.0,0.0,0.0,0.0,0.0,0.0
3,15,10.26183078189526,11.085304858602202,0.0,0.0,0.0,0.0,0.0,1.0
4,15,7.326213629343795,1.9197832935481776,0.0,0.0,0.0,1.0,1.0,0.0
5,15,5.185451649069552,10.680292594484095,0.0,1.0,1.0,0.0,0.0,0.0
6,15,10.213914826585974,3.0748322373656207,0.0,0.0,1.0,0.0,0.0,1.0
7,15,11.874776319184244,11.772729183076734,0.0,0.0,0.0,0.0,0.0,1.0
8,15,8.130875727530182,2.858485468772289,0.0,0.0,1.0,0.0,0.0,0.0
9,15,1.094532619248883,1.8781905940396104,0.0,0.0,0.0,1.0,0.0,1.0
10,15,12.0,8.868052174093283,0.0,0.0,0.0,1.0,1.0,0.0
11,15,11.289087876885304,3.0333821869700244,0.0,1.0,0.0,0.0,0.0,1.0
12,15,9.991228410627446,9.876599098094852,0.0,0.0,1.0,0.0,0.0,0.0
13,15,8.129064383819552,3.7641413478965062,1.0,0.0,0.0,0.0,0.0,1.0
14,15,5.940919950569622,2.0297941046031585,0.0,0.0,0.0,1.0,1.0,1.0
0,20,7.866716668462042,12.0,0.0,1.0,0.0,1.0,0.0,0.0
1,20,0.3025088858346733,4.138512998676126,0.0,1.0,0.0,1.0,0.0,1.0
2,20,4.935304380173472,7.635867129149056,1.0,0.0,0.0,0.0,0.0,0.0
3,20,10.261801348236594,11.18168631333618,0.0,0.0,0.0,0.0,0.0,1.0
4,20,7.408421669225711,1.8992065377811536,0.0,0.0,0.0,1.0,1.0,0.0
5,20,5.2310264109683065,10.601252995277449,0.0,1.0,1.0,0.0,0.0,0.0
6,20,10.25953893112527,3.0898639189571866,0.0,0.0,1.0,0.0,0.0,1.0
7,20,11.84094087712195,11.715135054163405,0.0,0.0,0.0,0.0,0.0,1.0
8,20,8.152161385449087,2.836194493375746,0.0,0.0,1.0,0.0,0.0,0.0
9,20,1.1245919391167378,1.8383495773808904,0.0,0.0,0.0,1.0,0.0,1.0
10,20,12.0,8.84588613742359,0.0,0.0,0.0,1.0,1.0,0.0
11,20,11.345159158071366,3.041085497313676,0.0,1.0,0.0,0.0,0.0,1.0
12,20,9.985473654415175,9.825995886415228,0.0,0.0,1.0,0.0,0.0,0.0
13,20,8.164644586488347,3.701054794414565,1.0,0.0,0.0,0.0,0.0,1.0
14,20,5.942053325683396,2.029157745428498,0.0,0.0,0.0,1.0,1.0,1.0
0,25,7.836593365724202,12.0,0.0,1.0,0.0,1.0,0.0,0.0
1,25,0.3689475784839702,4.166709199732689,0.0,1.0,0.0,1.0,0.0,1.0
2,25,4.925422533277058,7.583395021723172,1.0,0.0,0.0,0.0,0.0,0.0
3,25,10.263788362391496,11.314107469709448,0.0,0.0,0.0,0.0,0.0,1.0
4,25,7.495428784542234,1.8778259660959384,0.0,0.0,0.0,1.0,1.0,0.0
5,25,5.266094632372703,10.539884008610075,0.0,1.0,1.0,0.0,0.0,0.0
6,25,10.311005770363044,3.106893108113669,0.0,0.0,1.0,0.0,0.0,1.0
7,25,11.817872486308609,11.674427475828358,0.0,0.0,0.0,0.0,0.0,1.0
8,25,8.185959322640947,2.800588910567876,0.0,0.0,1.0,0.0,0.0,0.0
9,25,1.1527392033621249,1.8014927869783084,0.0,0.0,0.0,1.0,0.0,1.0
10,25,12.0,8.824620926196795,0.0,0.0,0.0,1.0,1.0,0.0
11,25,11.423335374199551,3.050323990826693,0.0,1.0,0.0,0.0,0.0,1.0
12,25,9.981332980569178,9.780430507648209,0.0,0.0,1.0,0.0,0.0,0.0
13,25,8.19855386290035,3.639719765817469,1.0,0.0,0.0,0.0,0.0,1.0
14,25,5.940916461308105,2.029815552608614,0.0,0.0,0.0,1.0,1.0,1.0
0,30,7.809043077329108,12.0,0.0,1.0,0.0,1.0,0.0,0.0
1,30,0.4381514646887418,4.194058427850203,0.0,1.0,0.0,1.0,0.0,1.0
2,30,4.916532033927126,7.539432515744691,1.0,0.0,0.0,0.0,0.0,0.0
3,30,10.26557519373738,11.443460581244205,0.0,0.0,0.0,0.0,0.0,1.0
4,30,7.581103618200969,1.8584583766588083,0.0,0.0,0.0,1.0,1.0,0.0
5,30,5.302553502503427,10.473296824239029,0.0,1.0,1.0,0.0,0.0,0.0
6,30,10.37468610775963,3.1288709719411054,0.0,0.0,1.0,0.0,0.0,1.0
7,30,11.810058867988612,11.660763088296433,0.0,0.0,0.0,0.0,0.0,1.0
8,30,8.206134437980955,2.778478919575785,0.0,0.0,1.0,0.0,0.0,0.0
9,30,1.166091728692244,1.7834570702980392,0.0,0.0,0.0,1.0,0.0,1.0
10,30,12.0,8.796679245618535,0.0,0.0,0.0,1.0,1.0,0.0
11,30,11.500529779630291,3.060543946899685,0.0,1.0,0.0,0.0,0.0,1.0
12,30,9.977734258811898,9.742280226147226,0.0,0.0,1.0,0.0,0.0,0.0
13,30,8.241213047832677,3.5638569358289858,1.0,0.0,0.0,0.0,0.0,1.0
14,30,5.934221820688665,2.0340595115287208,0.0,0.0,0.0,1.0,1.0,1.0
0,35,7.77478705781802,12.0,0.0,1.0,0.0,1.0,0.0,0.0
1,35,0.4989560255511881,4.220792076698597,0.0,1.0,0.0,1.0,0.0,1.0
2,35,4.906807242641888,7.491485429540599,1.0,0.0,0.0,0.0,0.0,0.0
3,35,10.266408821015462,11.581543256417248,0.0,0.0,0.0,0.0,0.0,1.0
4,35,7.556892590071181,1.7618218926541842,0.0,0.0,0.0,1.0,1.0,0.0
5,35,5.343777035971901,10.398420478426385,0.0,1.0,1.0,0.0,0.0,0.0
6,35,10.449283487100908,3.1542240913084525,0.0,0.0,1.0,0.0,0.0,1.0
7,35,11.802110845064528,11.647306585915072,0.0,0.0,0.0,0.0,0.0,1.0
8,35,8.228166344681657,2.7545944530351885,0.0,0.0,1.0,0.0,0.0,0.0
9,35,1.178501950293332,1.7668420689794642,0.0,0.0,0.0,1.0,0.0,1.0
10,35,12.0,8.777458290489436,0.0,0.0,0.0,1.0,1.0,0.0
11,35,11.591723944946368,3.074744754769767,0.0,1.0,0.0,0.0,0.0,1.0
12,35,9.971830910274065,9.691404871415669,0.0,0.0,1.0,0.0,0.0,0.0
13,35,8.277312069490884,3.4983999348799566,1.0,0.0,0.0,0.0,0.0,1.0
14,35,5.930911761459796,2.035965149751516,0.0,0.0,0.0,1.0,1.0,1.0
0,40,7.732873531477927,12.0,0.0,1.0,0.0,1.0,0.0,0.0
1,40,0.5691466336099653,4.251568164344127,0.0,1.0,0.0,1.0,0.0,1.0
2,40,4.897940904848441,7.4460572371800975,1.0,0.0,0.0,0.0,0.0,0.0
3,40,10.266917405420722,11.68770840964533,0.0,0.0,0.0,0.0,0.0,1.0
4,40,7.535437025920151,1.6686935757121582,0.0,0.0,0.0,1.0,1.0,0.0
5,40,5.382061714378682,10.32547974417822,0.0,1.0,1.0,0.0,0.0,0.0
6,40,10.535739999752694,3.185123006969373,0.0,0.0,1.0,0.0,0.0,1.0
7,40,11.793184330265431,11.6325416126129,0.0,0.0,0.0,0.0,0.0,1.0
8,40,8.236180224135977,2.746278906544596,0.0,0.0,1.0,0.0,0.0,0.0
9,40,1.2041533140048604,1.7319033031185058,0.0,0.0,0.0,1.0,0.0,1.0
10,40,12.0,8.758778534996509,0.0,0.0,0.0,1.0,1.0,0.0
11,40,11.695880058089095,3.093176495311417,0.0,1.0,0.0,0.0,0.0,1.0
12,40,10.039649087395752,9.682619876567111,0.0,0.0,1.0,0.0,0.0,0.0
13,40,8.308238887938087,3.440204791899566,1.0,0.0,0.0,0.0,0.0,1.0
14,40,5.916849782468908,2.044074476235073,0.0,0.0,0.0,1.0,1.0,1.0
0,45,7.679151257864686,12.0,0.0,1.0,0.0,1.0,0.0,0.0
1,45,0.6331491800555479,4.278492120449545,0.0,1.0,0.0,1.0,0.0,1.0
2,45,4.885224633704479,7.375119795436066,1.0,0.0,0.0,0.0,0.0,0.0
3,45,10.270157253000372,11.811131294640576,0.0,0.0,0.0,0.0,0.0,1.0
4,45,7.51273211155076,1.57823984055288,0.0,0.0,0.0,1.0,1.0,0.0
5,45,5.412260192624708,10.266734310349811,0.0,1.0,1.0,0.0,0.0,0.0
6,45,10.623063790001943,3.216974429020581,0.0,0.0,1.0,0.0,0.0,1.0
7,45,11.7856688464774,11.621177585859536,0.0,0.0,0.0,0.0,0.0,1.0
8,45,8.239495673280922,2.7427531658306936,0.0,0.0,1.0,0.0,0.0,0.0
9,45,1.2279043608702696,1.6997336172329165,0.0,0.0,0.0,1.0,0.0,1.0
10,45,12.0,8.751268249239951,0.0,0.0,0.0,1.0,1.0,0.0
11,45,11.779201867020053,3.1074629380743355,0.0,1.0,0.0,0.0,0.0,1.0
12,45,10.097668741183664,9.675848498029964,0.0,0.0,1.0,0.0,0.0,0.0
13,45,8.343866900381242,3.372707030404389,1.0,0.0,0.0,0.0,0.0,1.0
14,45,5.914978925251551,2.04517541492008,0.0,0.0,0.0,1.0,1.0,1.0
0,50,7.620308818733629,12.0,0.0,1.0,0.0,1.0,0.0,0.0
1,50,0.6884102200607085,4.301697554771715,0.0,1.0,0.0,1.0,0.0,1.0
2,50,4.87244075235399,7.311773036390044,1.0,0.0,0.0,0.0,0.0,0.0
3,50,10.2720904233987,11.9307587121208,0.0,0.0,0.0,0.0,0.0,1.0
4,50,7.490068030874721,1.4794142519090705,0.0,0.0,0.0,1.0,1.0,0.0
5,50,5.4345645420473145,10.221649545964626,0.0,1.0,1.0,0.0,0.0,0.0
6,50,10.71798994476172,3.253806692424779,0.0,0.0,1.0,0.0,0.0,1.0
7,50,11.772205463888325,11.602073033403972,0.0,0.0,0.0,0.0,0.0,1.0
8,50,8.24217013117689,2.7397952010176527,0.0,0.0,1.0,0.0,0.0,0.0
9,50,1.2404965373506696,1.6810312089278658,0.0,0.0,0.0,1.0,0.0,1.0
10,50,12.0,8.744980597863744,0.0,0.0,0.0,1.0,1.0,0.0
11,50,11.867183574123665,3.124625715729641,0.0,1.0,0.0,0.0,0.0,1.0
12,50,10.1432534920671,9.671035768788244,0.0,0.0,1.0,0.0,0.0,0.0
13,50,8.381185469686736,3.2998201528241142,1.0,0.0,0.0,0.0,0.0,1.0
14,50,5.925363109536789,2.0391860232208643,0.0,0.0,0.0,1.0,1.0,1.0
0,55,7.564894575928355,12.0,0.0,1.0,0.0,1.0,0.0,0.0
1,55,0.7461348671196552,4.32769964430591,0.0,1.0,0.0,1.0,0.0,1.0
2,55,4.858092546107539,7.246696929156176,1.0,0.0,0.0,0.0,0.0,0.0
3,55,10.270059506630172,12.0,0.0,0.0,0.0,0.0,0.0,1.0
4,55,7.459179781737038,1.351006386878309,0.0,0.0,0.0,1.0,1.0,0.0
5,55,5.454772577393534,10.180861427641906,0.0,1.0,1.0,0.0,0.0,0.0
6,55,10.852808998578675,3.3045575318646376,0.0,0.0,1.0,0.0,0.0,1.0
7,55,11.768029670100246,11.596208946199724,0.0,0.0,0.0,0.0,0.0,1.0
8,55,8.255578341113937,2.7247938798477085,0.0,0.0,1.0,0.0,0.0,0.0
9,55,1.2459990391403033,1.6730732785229634,0.0,0.0,0.0,1.0,0.0,1.0
10,55,12.0,8.734062803619805,0.0,0.0,0.0,1.0,1.0,0.0
11,55,11.986065829066614,3.149794742125592,0.0,1.0,0.0,0.0,0.0,1.0
12,55,10.205711580245987,9.66226415569963,0.0,0.0,1.0,0.0,0.0,0.0
13,55,8.425826133704332,3.212226870112904,1.0,0.0,0.0,0.0,0.0,1.0
14,55,5.9240056340819445,2.039959498869194,0.0,0.0,0.0,1.0,1.0,1.0
0,60,7.506171170372117,12.0,0.0,1.0,0.0,1.0,0.0,0.0
1,60,0.8050937243830858,4.355333261189343,0.0,1.0,0.0,1.0,0.0,1.0
2,60,4.843313252779004,7.177867593654584,1.0,0.0,0.0,0.0,0.0,0.0
3,60,10.269327290488032,12.0,0.0,0.0,0.0,0.0,0.0,1.0
4,60,7.429832184521103,1.237303394325997,0.0,0.0,0.0,1.0,1.0,0.0
5,60,5.478296870048911,10.134350240409692,0.0,1.0,1.0,0.0,0.0,0.0
6,60,10.989849669628011,3.357581254311602,0.0,0.0,1.0,0.0,0.0,1.0
7,60,11.777843993906323,11.610139464914107,0.0,0.0,0.0,0.0,0.0,1.0
8,60,8.27968323355468,2.700062421041727,0.0,0.0,1.0,0.0,0.0,0.0
9,60,1.245523902755689,1.6738176467583372,0.0,0.0,0.0,1.0,0.0,1.0
10,60,12.0,8.72295668078045,0.0,0.0,0.0,1.0,1.0,0.0
11,60,12.0,3.1740025941685874,0.0,1.0,0.0,0.0,0.0,1.0
12,60,10.282460434390234,9.652445321867695,0.0,0.0,1.0,0.0,0.0,0.0
13,60,8.46147667780005,3.138460868665497,1.0,0.0,0.0,0.0,0.0,1.0
14,60,5.925420992150055,2.039122494997983,0.0,0.0,0.0,1.0,1.0,1.0
0,65,7.445823918789588,12.0,0.0,1.0,0.0,1.0,0.0,0.0
1,65,0.8657232505694653,4.384467413321183,0.0,1.0,0.0,1.0,0.0,1.0
2,65,4.831525913571217,7.12500313432361,1.0,0.0,0.0,0.0,0.0,0.0
3,65,10.268138143495428,12.0,0.0,0.0,0.0,0.0,0.0,1.0
4,65,7.402552176723778,1.129958162457501,0.0,0.0,0.0,1.0,1.0,0.0
5,65,5.500539628023059,10.090614929602934,0.0,1.0,1.0,0.0,0.0,0.0
6,65,11.11995207601341,3.4130178882783264,0.0,0.0,1.0,0.0,0.0,1.0
7,65,11.781570819426731,11.615402094436812,0.0,0.0,0.0,0.0,0.0,1.0
8,65,8.305851760066181,2.671472864876451,0.0,0.0,1.0,0.0,0.0,0.0
9,65,1.2439331701695384,1.6763064678192483,0.0,0.0,0.0,1.0,0.0,1.0
10,65,12.0,8.714857141426371,0.0,0.0,0.0,1.0,1.0,0.0
11,65,12.0,3.1993952539302115,0.0,1.0,0.0,0.0,0.0,1.0
12,65,10.362070978216826,9.641257304637328,0.0,0.0,1.0,0.0,0.0,0.0
13,65,8.49884874762312,3.0605600940413,1.0,0.0,0.0,0.0,0.0,1.0
14,65,5.918556597114512,2.043157786174596,0.0,0.0,0.0,1.0,1.0,1.0
0,70,7.394678288430377,12.0,0.0,1.0,0.0,1.0,0.0,0.0
1,70,0.9259621732807995,4.411369374849472,0.0,1.0,0.0,1.0,0.0,1.0
2,70,4.823123164594145,7.085758212061027,1.0,0.0,0.0,0.0,0.0,0.0
3,70,10.268347502897038,12.0,0.0,0.0,0.0,0.0,0.0,1.0
4,70,7.374422115619486,1.0295517161234482,0.0,0.0,0.0,1.0,1.0,0.0
5,70,5.52103721605456,10.050480959832957,0.0,1.0,1.0,0.0,0.0,0.0
6,70,11.271620002353606,3.476455562431983,0.0,0.0,1.0,0.0,0.0,1.0
7,70,11.785572832118952,11.620967714116812,0.0,0.0,0.0,0.0,0.0,1.0
8,70,8.33118794585915,2.644110619115789,0.0,0.0,1.0,0.0,0.0,0.0
9,70,1.245125978073378,1.6743656679290349,0.0,0.0,0.0,1.0,0.0,1.0
10,70,12.0,8.707517594226953,0.0,0.0,0.0,1.0,1.0,0.0
11,70,12.0,3.2281736474420364,0.0,1.0,0.0,0.0,0.0,1.0
12,70,10.443205950858191,9.631136737109475,0.0,0.0,1.0,0.0,0.0,0.0
13,70,8.533375630923388,2.9799386194866546,1.0,0.0,0.0,0.0,0.0,1.0
14,70,5.891410416726962,2.0580136805043723,0.0,0.0,0.0,1.0,1.0,1.0
0,75,7.334874388584121,12.0,0.0,1.0,0.0,1.0,0.0,0.0
1,75,0.9938831079648976,4.4390075383834855,0.0,1.0,0.0,1.0,0.0,1.0
2,75,4.818217795318862,7.065047295875865,1.0,0.0,0.0,0.0,0.0,0.0
3,75,10.271436021689464,12.0,0.0,0.0,0.0,0.0,0.0,1.0
4,75,7.345991395383296,0.923021858881675,0.0,0.0,0.0,1.0,1.0,0.0
5,75,5.541428838458684,10.012520061162126,0.0,1.0,1.0,0.0,0.0,0.0
6,75,11.42201496268275,3.5358886581559568,0.0,0.0,1.0,0.0,0.0,1.0
7,75,11.786765988027438,11.622637320990895,0.0,0.0,0.0,0.0,0.0,1.0
8,75,8.378137979231873,2.5924227923983856,0.0,0.0,1.0,0.0,0.0,0.0
9,75,1.2475931267109586,1.670454497964505,0.0,0.0,0.0,1.0,0.0,1.0
10,75,12.0,8.694267834606624,0.0,0.0,0.0,1.0,1.0,0.0
11,75,12.0,3.264798481848782,0.0,1.0,0.0,0.0,0.0,1.0
12,75,10.515420432143468,9.620566484242335,0.0,0.0,1.0,0.0,0.0,0.0
13,75,8.568058343003091,2.9004852366382505,1.0,0.0,0.0,0.0,0.0,1.0
14,75,5.863620256084986,2.073362832743033,0.0,0.0,0.0,1.0,1.0,1.0
0,80,7.28011234743001,12.0,0.0,1.0,0.0,1.0,0.0,0.0
1,80,1.0471393146718972,4.459460791074984,0.0,1.0,0.0,1.0,0.0,1.0
2,80,4.815728371092448,7.054024050145977,1.0,0.0,0.0,0.0,0.0,0.0
3,80,10.274020563183834,12.0,0.0,0.0,0.0,0.0,0.0,1.0
4,80,7.311656393495652,0.7943273012421779,0.0,0.0,0.0,1.0,1.0,0.0
5,80,5.57466492377087,9.953546397233051,0.0,1.0,1.0,0.0,0.0,0.0
6,80,11.577787603100392,3.601248280373273,0.0,0.0,1.0,0.0,0.0,1.0
7,80,11.788168893364546,11.62452707160926,0.0,0.0,0.0,0.0,0.0,1.0
8,80,8.448489444191418,2.5124609187742544,0.0,0.0,1.0,0.0,0.0,0.0
9,80,1.2480686778411587,1.6696920679938767,0.0,0.0,0.0,1.0,0.0,1.0
10,80,12.0,8.68113189979136,0.0,0.0,0.0,1.0,1.0,0.0
11,80,12.0,3.296921459059757,0.0,1.0,0.0,0.0,0.0,1.0
12,80,10.60054995427284,9.606156584419953,0.0,0.0,1.0,0.0,0.0,0.0
13,80,8.605046022185517,2.811737870415141,1.0,0.0,0.0,0.0,0.0,1.0
14,80,5.843362728648822,2.084085709824825,0.0,0.0,0.0,1.0,1.0,1.0
0,85,7.227204236240646,12.0,0.0,1.0,0.0,1.0,0.0,0.0
1,85,1.125142693431516,4.487533621731812,0.0,1.0,0.0,1.0,0.0,1.0
2,85,4.817037658833808,7.060541086260698,1.0,0.0,0.0,0.0,0.0,0.0
3,85,10.276906581963395,12.0,0.0,0.0,0.0,0.0,0.0,1.0
4,85,7.272492872898998,0.6471220360535616,0.0,0.0,0.0,1.0,1.0,0.0
5,85,5.607025719897711,9.894231786466706,0.0,1.0,1.0,0.0,0.0,0.0
6,85,11.75187467910138,3.674425449527928,0.0,0.0,1.0,0.0,0.0,1.0
7,85,11.78761520642239,11.623796196444818,0.0,0.0,0.0,0.0,0.0,1.0
8,85,8.530685763660202,2.424906126821818,0.0,0.0,1.0,0.0,0.0,0.0
9,85,1.2491433869053594,1.667813361198374,0.0,0.0,0.0,1.0,0.0,1.0
10,85,12.0,8.668295713771291,0.0,0.0,0.0,1.0,1.0,0.0
11,85,12.0,3.3238136400523253,0.0,1.0,0.0,0.0,0.0,1.0
12,85,10.66952267934633,9.595448607872092,0.0,0.0,1.0,0.0,0.0,0.0
13,85,8.52383940292651,2.779984900225545,1.0,0.0,0.0,0.0,0.0,1.0
14,85,5.835233929139714,2.0884874170594747,0.0,0.0,0.0,1.0,1.0,1.0
0,90,7.182898584124145,12.0,0.0,1.0,0.0,1.0,0.0,0.0
1,90,1.217324187374906,4.52067650183018,0.0,1.0,0.0,1.0,0.0,1.0
2,90,4.817329263204274,7.062043616189874,1.0,0.0,0.0,0.0,0.0,0.0
3,90,10.278078355123313,12.0,0.0,0.0,0.0,0.0,0.0,1.0
4,90,7.233918748157657,0.4861816579160618,0.0,0.0,0.0,1.0,1.0,0.0
5,90,5.631561889269145,9.852563591208272,0.0,1.0,1.0,0.0,0.0,0.0
6,90,11.92313011479034,3.743863508781418,0.0,0.0,1.0,0.0,0.0,1.0
7,90,11.791411820612453,11.628615892110082,0.0,0.0,0.0,0.0,0.0,1.0
8,90,8.619564625371854,2.329042501088107,0.0,0.0,1.0,0.0,0.0,0.0
9,90,1.2485560072693846,1.6688043335631622,0.0,0.0,0.0,1.0,0.0,1.0
10,90,12.0,8.659876693920738,0.0,0.0,0.0,1.0,1.0,0.0
11,90,12.0,3.355152347136398,0.0,1.0,0.0,0.0,0.0,1.0
12,90,10.749315146021384,9.584728345136089,0.0,0.0,1.0,0.0,0.0,0.0
13,90,8.455518310624354,2.7524920389972234,1.0,0.0,0.0,0.0,0.0,1.0
14,90,5.838047955242364,2.0869282867712604,0.0,0.0,0.0,1.0,1.0,1.0
0,95,7.137910957748966,12.0,0.0,1.0,0.0,1.0,0.0,0.0
1,95,1.2865910109732173,4.545175742351647,0.0,1.0,0.0,1.0,0.0,1.0
2,95,4.811783550877922,7.031178628081566,1.0,0.0,0.0,0.0,0.0,0.0
3,95,10.280352944047358,12.0,0.0,0.0,0.0,0.0,0.0,1.0
4,95,7.191720104588434,0.3255011131485682,0.0,0.0,0.0,1.0,1.0,0.0
5,95,5.652371842808431,9.815805138164626,0.0,1.0,1.0,0.0,0.0,0.0
6,95,12.0,3.8140773053903274,0.0,0.0,1.0,0.0,0.0,1.0
7,95,11.798459382143406,11.637432767445496,0.0,0.0,0.0,0.0,0.0,1.0
8,95,8.720979241665457,2.2124255661627377,0.0,0.0,1.0,0.0,0.0,0.0
9,95,1.2457308715992117,1.6734298391046094,0.0,0.0,0.0,1.0,0.0,1.0
10,95,12.0,8.651517721303016,0.0,0.0,0.0,1.0,1.0,0.0
11,95,12.0,3.3815877243496626,0.0,1.0,0.0,0.0,0.0,1.0
12,95,10.839285562090325,9.575106423989562,0.0,0.0,1.0,0.0,0.0,0.0
13,95,8.388472636344385,2.725107841440216,1.0,0.0,0.0,0.0,0.0,1.0
14,95,5.817694094051646,2.097778555053105,0.0,0.0,0.0,1.0,1.0,1.0
0,100,7.096805320357589,12.0,0.0,1.0,0.0,1.0,0.0,0.0
1,100,1.3715674365499426,4.57387460531471,0.0,1.0,0.0,1.0,0.0,1.0
2,100,4.808678325431035,7.0118642993432845,1.0,0.0,0.0,0.0,0.0,0.0
3,100,10.28228045009219,12.0,0.0,0.0,0.0,0.0,0.0,1.0
4,100,7.14907587552362,0.1602860214920311,0.0,0.0,0.0,1.0,1.0,0.0
5,100,5.667841358191029,9.786875969578189,0.0,1.0,1.0,0.0,0.0,0.0
6,100,12.0,3.886141614539552,0.0,0.0,1.0,0.0,0.0,1.0
7,100,11.803731925408307,11.644320559058514,0.0,0.0,0.0,0.0,0.0,1.0
8,100,8.827160219528983,2.0927750053540617,0.0,0.0,1.0,0.0,0.0,0.0
9,100,1.2385144673530974,1.6852170198340743,0.0,0.0,0.0,1.0,0.0,1.0
10,100,12.0,8.6327987751381,0.0,0.0,0.0,1.0,1.0,0.0
11,100,12.0,3.4049152502876634,0.0,1.0,0.0,0.0,0.0,1.0
12,100,10.966793480224757,9.563497149095545,0.0,0.0,1.0,0.0,0.0,0.0
13,100,8.328628610125183,2.7008514214508588,1.0,0.0,0.0,0.0,0.0,1.0
14,100,5.779675135037582,2.1169765309885618,0.0,0.0,0.0,1.0,1.0,1.0
0,105,7.056614916856924,12.0,0.0,1.0,0.0,1.0,0.0,0.0
1,105,1.463131255556957,4.605477916522768,0.0,1.0,0.0,1.0,0.0,1.0
2,105,4.802923159154093,6.97797053556605,1.0,0.0,0.0,0.0,0.0,0.0
3,105,10.28480149267283,12.0,0.0,0.0,0.0,0.0,0.0,1.0
4,105,7.1124842449827765,0.0160576352440143,0.0,0.0,0.0,1.0,1.0,0.0
5,105,5.68494125623924,9.751165802751531,0.0,1.0,1.0,0.0,0.0,0.0
6,105,12.0,3.9625885456518737,0.0,0.0,1.0,0.0,0.0,1.0
7,105,11.822989642242822,11.668956372435982,0.0,0.0,0.0,0.0,0.0,1.0
8,105,8.941259642025315,1.9631676119568624,0.0,0.0,1.0,0.0,0.0,0.0
9,105,1.224208223549091,1.70914386834597,0.0,0.0,0.0,1.0,0.0,1.0
10,105,12.0,8.620040369103755,0.0,0.0,0.0,1.0,1.0,0.0
11,105,12.0,3.4236241149934923,0.0,1.0,0.0,0.0,0.0,1.0
12,105,11.110699526627112,9.55054203301005,0.0,0.0,1.0,0.0,0.0,0.0
13,105,8.260553206277661,2.6740831594632564,1.0,0.0,0.0,0.0,0.0,1.0
14,105,5.751298596223018,2.130628426831964,0.0,0.0,0.0,1.0,1.0,1.0
0,110,7.010872887004738,12.0,0.0,1.0,0.0,1.0,0.0,0.0
1,110,1.5586531348841677,4.64276855953747,0.0,1.0,0.0,1.0,0.0,1.0
2,110,4.795274067354753,6.93767240719118,1.0,0.0,0.0,0.0,0.0,0.0
3,110,10.286546289529404,12.0,0.0,0.0,0.0,0.0,0.0,1.0
4,110,7.0699900689814745,0.0,0.0,0.0,0.0,1.0,1.0,0.0
5,110,5.710952812403417,9.69790791026924,0.0,1.0,1.0,0.0,0.0,0.0
6,110,12.0,4.032010290414732,0.0,0.0,1.0,0.0,0.0,1.0
7,110,11.827798404154844,11.675296963069403,0.0,0.0,0.0,0.0,0.0,1.0
8,110,9.072366934509828,1.8242634981229016,0.0,0.0,1.0,0.0,0.0,0.0
9,110,1.2057325352665549,1.7389360137892331,0.0,0.0,0.0,1.0,0.0,1.0
10,110,12.0,8.610060696118321,0.0,0.0,0.0,1.0,1.0,0.0
11,110,12.0,3.441831696512653,0.0,1.0,0.0,0.0,0.0,1.0
12,110,11.278715052304536,9.53593206929208,0.0,0.0,1.0,0.0,0.0,0.0
13,110,8.18516858571976,2.6457532186221537,1.0,0.0,0.0,0.0,0.0,1.0
14,110,5.730206219028451,2.1403222894708165,0.0,0.0,0.0,1.0,1.0,1.0
0,115,6.964059934935177,12.0,0.0,1.0,0.0,1.0,0.0,0.0
1,115,1.6797663591639471,4.689861049436677,0.0,1.0,0.0,1.0,0.0,1.0
2,115,4.785171799762321,6.888656563372428,1.0,0.0,0.0,0.0,0.0,0.0
3,115,10.287625932068606,12.0,0.0,0.0,0.0,0.0,0.0,1.0
4,115,7.027620624924138,0.0,0.0,0.0,0.0,1.0,1.0,0.0
5,115,5.739295856706891,9.638521075974802,0.0,1.0,1.0,0.0,0.0,0.0
6,115,12.0,4.095523054237763,0.0,0.0,1.0,0.0,0.0,1.0
7,115,11.847138746154496,11.699888585915504,0.0,0.0,0.0,0.0,0.0,1.0
8,115,9.231939403899426,1.6658934718165457,0.0,0.0,1.0,0.0,0.0,0.0
9,115,1.1882091970442306,1.7685846181154143,0.0,0.0,0.0,1.0,0.0,1.0
10,115,12.0,8.59293618376335,0.0,0.0,0.0,1.0,1.0,0.0
11,115,12.0,3.4586310245630725,0.0,1.0,0.0,0.0,0.0,1.0
12,115,11.462993891534996,9.52775094735071,0.0,0.0,1.0,0.0,0.0,0.0
13,115,8.123593166509309,2.6236389845769743,1.0,0.0,0.0,0.0,0.0,1.0
14,115,5.713821600151436,2.1486763762397767,0.0,0.0,0.0,1.0,1.0,1.0
0,120,6.907439833614776,12.0,0.0,1.0,0.0,1.0,0.0,0.0
1,120,1.7919091780129173,4.7363958879454975,0.0,1.0,0.0,1.0,0.0,1.0
2,120,4.768501141346643,6.802155972107749,1.0,0.0,0.0,0.0,0.0,0.0
3,120,10.287654850573166,12.0,0.0,0.0,0.0,0.0,0.0,1.0
4,120,6.979458025082858,0.0,0.0,0.0,0.0,1.0,1.0,0.0
5,120,5.765850064337203,9.58121575047172,0.0,1.0,1.0,0.0,0.0,0.0
6,120,12.0,4.160895967075382,0.0,0.0,1.0,0.0,0.0,1.0
7,120,11.85544533766176,11.710069564013878,0.0,0.0,0.0,0.0,0.0,1.0
8,120,9.399902227847688,1.5036709448849477,0.0,0.0,1.0,0.0,0.0,0.0
9,120,1.1720914379929692,1.7946553646661616,0.0,0.0,0.0,1.0,0.0,1.0
10,120,12.0,8.581044556260254,0.0,0.0,0.0,1.0,1.0,0.0
11,120,12.0,3.47190718610322,0.0,1.0,0.0,0.0,0.0,1.0
12,120,11.646204649732931,9.51788288294895,0.0,0.0,1.0,0.0,0.0,0.0
13,120,8.049706520694507,2.596539528165943,1.0,0.0,0.0,0.0,0.0,1.0
14,120,5.692533128417262,2.160480773042055,0.0,0.0,0.0,1.0,1.0,1.0
0,125,6.846341519779227,12.0,0.0,1.0,0.0,1.0,0.0,0.0
1,125,1.9112625624876585,4.783753524096429,0.0,1.0,0.0,1.0,0.0,1.0
2,125,4.751413850439785,6.722825885439208,1.0,0.0,0.0,0.0,0.0,0.0
3,125,10.288456930484212,12.0,0.0,0.0,0.0,0.0,0.0,1.0
4,125,6.930509841925267,0.0,0.0,0.0,0.0,1.0,1.0,0.0
5,125,5.799338625210733,9.512109500567508,0.0,1.0,1.0,0.0,0.0,0.0
6,125,12.0,4.223839651376874,0.0,0.0,1.0,0.0,0.0,1.0
7,125,11.849610513144592,11.702688807548771,0.0,0.0,0.0,0.0,0.0,1.0
8,125,9.570515025042498,1.3403221456202352,0.0,0.0,1.0,0.0,0.0,0.0
9,125,1.154581322344234,1.8233159658292355,0.0,0.0,0.0,1.0,0.0,1.0
10,125,12.0,8.573863504647466,0.0,0.0,0.0,1.0,1.0,0.0
11,125,12.0,3.492764175903809,0.0,1.0,0.0,0.0,0.0,1.0
12,125,11.848642141641518,9.511656664891929,0.0,0.0,1.0,0.0,0.0,0.0
13,125,7.964688688324404,2.5651053800202046,1.0,0.0,0.0,0.0,0.0,1.0
14,125,5.6915849339979125,2.161033829564128,0.0,0.0,0.0,1.0,1.0,1.0
0,130,6.789942309482974,12.0,0.0,1.0,0.0,1.0,0.0,0.0
1,130,2.012819985950704,4.8264713232841245,0.0,1.0,0.0,1.0,0.0,1.0
2,130,4.735347318122169,6.6431476584157005,1.0,0.0,0.0,0.0,0.0,0.0
3,130,10.291679830068851,12.0,0.0,0.0,0.0,0.0,0.0,1.0
4,130,6.883107759068028,0.0,0.0,0.0,0.0,1.0,1.0,0.0
5,130,5.8301806476368325,9.448414670614794,0.0,1.0,1.0,0.0,0.0,0.0
6,130,12.0,4.294313840057135,0.0,0.0,1.0,0.0,0.0,1.0
7,130,11.85566336528153,11.710283094016932,0.0,0.0,0.0,0.0,0.0,1.0
8,130,9.76338929933243,1.1529509021947653,0.0,0.0,1.0,0.0,0.0,0.0
9,130,1.1367046039849324,1.8517794011265067,0.0,0.0,0.0,1.0,0.0,1.0
10,130,12.0,8.561523866984558,0.0,0.0,0.0,1.0,1.0,0.0
11,130,12.0,3.511930153836911,0.0,1.0,0.0,0.0,0.0,1.0
12,130,12.0,9.50242035529664,0.0,0.0,1.0,0.0,0.0,0.0
13,130,7.87017024483865,2.5309864116295,1.0,0.0,0.0,0.0,0.0,1.0
14,130,5.690174791545058,2.161881211714888,0.0,0.0,0.0,1.0,1.0,1.0
0,135,6.739357286386735,12.0,0.0,1.0,0.0,1.0,0.0,0.0
1,135,2.1097768758059363,4.866241582801066,0.0,1.0,0.0,1.0,0.0,1.0
2,135,4.7180529706466245,6.556333336142688,1.0,0.0,0.0,0.0,0.0,0.0
3,135,10.298936413783856,12.0,0.0,0.0,0.0,0.0,0.0,1.0
4,135,6.839639446963371,0.0,0.0,0.0,0.0,1.0,1.0,0.0
5,135,5.868040394509785,9.372027899959305,0.0,1.0,1.0,0.0,0.0,0.0
6,135,12.0,4.363183100034197,0.0,0.0,1.0,0.0,0.0,1.0
7,135,11.850101816645468,11.714711186528085,0.0,0.0,0.0,0.0,0.0,1.0
8,135,9.943581568547613,0.9819445352318488,0.0,0.0,1.0,0.0,0.0,0.0
9,135,1.1110556555986126,1.8940635744123917,0.0,0.0,0.0,1.0,0.0,1.0
10,135,12.0,8.549951472271886,0.0,0.0,0.0,1.0,1.0,0.0
11,135,12.0,3.529981442709344,0.0,1.0,0.0,0.0,0.0,1.0
12,135,12.0,9.4920989846773,0.0,0.0,1.0,0.0,0.0,0.0
13,135,7.782476038347405,2.500020298790871,1.0,0.0,0.0,0.0,0.0,1.0
14,135,5.70166566689599,2.154887700380538,0.0,0.0,0.0,1.0,1.0,1.0
0,140,6.699522114923162,12.0,0.0,1.0,0.0,1.0,0.0,0.0
1,140,2.208840068291088,4.90631265176301,0.0,1.0,0.0,1.0,0.0,1.0
2,140,4.70007941789154,6.473183588928221,1.0,0.0,0.0,0.0,0.0,0.0
3,140,10.30145097966954,12.0,0.0,0.0,0.0,0.0,0.0,1.0
4,140,6.797445309046596,0.0,0.0,0.0,0.0,1.0,1.0,0.0
5,140,5.897506329706741,9.307644071706523,0.0,1.0,1.0,0.0,0.0,0.0
6,140,12.0,4.431392892561955,0.0,0.0,1.0,0.0,0.0,1.0
7,140,11.842632156347925,11.720726696236367,0.0,0.0,0.0,0.0,0.0,1.0
8,140,10.122294581048315,0.8140478953749153,0.0,0.0,1.0,0.0,0.0,0.0
9,140,1.0747661596464853,1.952222538118708,0.0,0.0,0.0,1.0,0.0,1.0
10,140,12.0,8.546547708980016,0.0,0.0,0.0,1.0,1.0,0.0
11,140,12.0,3.550412251596588,0.0,1.0,0.0,0.0,0.0,1.0
12,140,12.0,9.477869246073514,0.0,0.0,1.0,0.0,0.0,0.0
13,140,7.709431022429164,2.4739439949663384,1.0,0.0,0.0,0.0,0.0,1.0
14,140,5.728908022207344,2.1376056050239334,0.0,0.0,0.0,1.0,1.0,1.0
0,145,6.66691353975231,12.0,0.0,1.0,0.0,1.0,0.0,0.0
1,145,2.28939182350101,4.939796815551726,0.0,1.0,0.0,1.0,0.0,1.0
2,145,4.682115372859907,6.394326887423381,1.0,0.0,0.0,0.0,0.0,0.0
3,145,10.304137182432466,12.0,0.0,0.0,0.0,0.0,0.0,1.0
4,145,6.748697438171904,0.0,0.0,0.0,0.0,1.0,1.0,0.0
5,145,5.931692759137469,9.231432359263792,0.0,1.0,1.0,0.0,0.0,0.0
6,145,12.0,4.512155083753679,0.0,0.0,1.0,0.0,0.0,1.0
7,145,11.845051484560196,11.718857019251947,0.0,0.0,0.0,0.0,0.0,1.0
8,145,10.294115787248124,0.6517797897785294,0.0,0.0,1.0,0.0,0.0,0.0
9,145,1.031881451387408,2.0209951543005955,0.0,0.0,0.0,1.0,0.0,1.0
10,145,12.0,8.540130016706996,0.0,0.0,0.0,1.0,1.0,0.0
11,145,12.0,3.5652764039314557,0.0,1.0,0.0,0.0,0.0,1.0
12,145,12.0,9.46153051002158,0.0,0.0,1.0,0.0,0.0,0.0
13,145,7.65454912178604,2.455760871881548,1.0,0.0,0.0,0.0,0.0,1.0
14,145,5.753608165275359,2.12113658007125,0.0,0.0,0.0,1.0,1.0,1.0
0,150,6.637335920494596,12.0,0.0,1.0,0.0,1.0,0.0,0.0
1,150,2.375010073321408,4.9763157426356415,0.0,1.0,0.0,1.0,0.0,1.0
2,150,4.666017200599918,6.324547418086742,1.0,0.0,0.0,0.0,0.0,0.0
3,150,10.307208012496588,12.0,0.0,0.0,0.0,0.0,0.0,1.0
4,150,6.693342942649983,0.0,0.0,0.0,0.0,1.0,1.0,0.0
5,150,5.965578375748279,9.15070412168946,0.0,1.0,1.0,0.0,0.0,0.0
6,150,12.0,4.586760712071525,0.0,0.0,1.0,0.0,0.0,1.0
7,150,11.835158339427318,11.726712641443436,0.0,0.0,0.0,0.0,0.0,1.0
8,150,10.467418284203513,0.493650878768896,0.0,0.0,1.0,0.0,0.0,0.0
9,150,1.094099002138982,2.0593660482750624,0.0,0.0,0.0,1.0,0.0,1.0
10,150,12.0,8.527266107986236,0.0,0.0,0.0,1.0,1.0,0.0
11,150,12.0,3.5771582761076006,0.0,1.0,0.0,0.0,0.0,1.0
12,150,12.0,9.4416935821372,0.0,0.0,1.0,0.0,0.0,0.0
13,150,7.602180692567403,2.4371194634287434,1.0,0.0,0.0,0.0,0.0,1.0
14,150,5.7610489436706125,2.115806988075588,0.0,0.0,0.0,1.0,1.0,1.0
0,155,6.616206779061951,12.0,0.0,1.0,0.0,1.0,0.0,0.0
1,155,2.4352360324279005,5.000735895699113,0.0,1.0,0.0,1.0,0.0,1.0
2,155,4.651794384119251,6.274716444855524,1.0,0.0,0.0,0.0,0.0,0.0
3,155,10.310392612589805,12.0,0.0,0.0,0.0,0.0,0.0,1.0
4,155,6.633975596743764,0.0,0.0,0.0,0.0,1.0,1.0,0.0
5,155,6.001628664518323,9.06945559198996,0.0,1.0,1.0,0.0,0.0,0.0
6,155,12.0,4.666425241791714,0.0,0.0,1.0,0.0,0.0,1.0
7,155,11.831547393657203,11.729571837364269,0.0,0.0,0.0,0.0,0.0,1.0
8,155,10.630567968550872,0.3499630001249696,0.0,0.0,1.0,0.0,0.0,0.0
9,155,1.1547874992328222,2.098145353015556,0.0,0.0,0.0,1.0,0.0,1.0
10,155,12.0,8.525944131685629,0.0,0.0,0.0,1.0,1.0,0.0
11,155,12.0,3.589050736147456,0.0,1.0,0.0,0.0,0.0,1.0
12,155,12.0,9.421093541567831,0.0,0.0,1.0,0.0,0.0,0.0
13,155,7.547659397063844,2.4159553841608674,1.0,0.0,0.0,0.0,0.0,1.0
14,155,5.772901736268024,2.107681917521058,0.0,0.0,0.0,1.0,1.0,1.0
0,160,6.588039824297123,12.0,0.0,1.0,0.0,1.0,0.0,0.0
1,160,2.4860550564170283,5.019974415481268,0.0,1.0,0.0,1.0,0.0,1.0
2,160,4.636631097441412,6.21959983498395,1.0,0.0,0.0,0.0,0.0,0.0
3,160,10.313748731759532,12.0,0.0,0.0,0.0,0.0,0.0,1.0
4,160,6.572523679022165,0.0,0.0,0.0,0.0,1.0,1.0,0.0
5,160,6.035652550478084,8.989508751259631,0.0,1.0,1.0,0.0,0.0,0.0
6,160,12.0,4.747783716278216,0.0,0.0,1.0,0.0,0.0,1.0
7,160,11.830029013584378,11.73075185670634,0.0,0.0,0.0,0.0,0.0,1.0
8,160,10.796879132039248,0.1946491349284523,0.0,0.0,1.0,0.0,0.0,0.0
9,160,1.211674130973251,2.135099912554424,0.0,0.0,0.0,1.0,0.0,1.0
10,160,12.0,8.523595547916972,0.0,0.0,0.0,1.0,1.0,0.0
11,160,12.0,3.6003486959511424,0.0,1.0,0.0,0.0,0.0,1.0
12,160,12.0,9.396040613873131,0.0,0.0,1.0,0.0,0.0,0.0
13,160,7.497006317503697,2.396077010485275,1.0,0.0,0.0,0.0,0.0,1.0
14,160,5.779894459925565,2.103059931555248,0.0,0.0,0.0,1.0,1.0,1.0
0,165,6.557234702661768,12.0,0.0,1.0,0.0,1.0,0.0,0.0
1,165,2.5277505373236373,5.036110418897491,0.0,1.0,0.0,1.0,0.0,1.0
2,165,4.6246558176952215,6.176835310534666,1.0,0.0,0.0,0.0,0.0,0.0
3,165,10.31760394945496,12.0,0.0,0.0,0.0,0.0,0.0,1.0
4,165,6.517945285774854,0.0,0.0,0.0,0.0,1.0,1.0,0.0
5,165,6.070367235455878,8.909705909444002,0.0,1.0,1.0,0.0,0.0,0.0
6,165,12.0,4.820704354761183,0.0,0.0,1.0,0.0,0.0,1.0
7,165,11.840610186109926,11.72274794216097,0.0,0.0,0.0,0.0,0.0,1.0
8,165,10.980397008741924,0.0267343275166515,0.0,0.0,1.0,0.0,0.0,0.0
9,165,1.2647078114903736,2.1696846580692477,0.0,0.0,0.0,1.0,0.0,1.0
10,165,11.98207236934396,8.532539258217609,0.0,0.0,0.0,1.0,1.0,0.0
11,165,12.0,3.6121918439961394,0.0,1.0,0.0,0.0,0.0,1.0
12,165,12.0,9.376772345358695,0.0,0.0,1.0,0.0,0.0,0.0
13,165,7.439836798760429,2.375080762307759,1.0,0.0,0.0,0.0,0.0,1.0
14,165,5.788338674852982,2.0975091813789013,0.0,0.0,0.0,1.0,1.0,1.0
0,170,6.526098811224486,12.0,0.0,1.0,0.0,1.0,0.0,0.0
1,170,2.5711271336587034,5.0533790866131705,0.0,1.0,0.0,1.0,0.0,1.0
2,170,4.618129133539271,6.155509455980307,1.0,0.0,0.0,0.0,0.0,0.0
3,170,10.324137092271622,12.0,0.0,0.0,0.0,0.0,0.0,1.0
4,170,6.466391469210933,0.0,0.0,0.0,0.0,1.0,1.0,0.0
5,170,6.112229915770202,8.817462384243173,0.0,1.0,1.0,0.0,0.0,0.0
6,170,12.0,4.891114618920102,0.0,0.0,1.0,0.0,0.0,1.0
7,170,11.832112669372604,11.72898341719756,0.0,0.0,0.0,0.0,0.0,1.0
8,170,11.16163352055252,0.0,0.0,0.0,1.0,0.0,0.0,0.0
9,170,1.3391076930098045,2.2172810342266818,0.0,0.0,0.0,1.0,0.0,1.0
10,170,11.964910579012368,8.5409793456332,0.0,0.0,0.0,1.0,1.0,0.0
11,170,12.0,3.626821793927447,0.0,1.0,0.0,0.0,0.0,1.0
12,170,12.0,9.360618408575732,0.0,0.0,1.0,0.0,0.0,0.0
13,170,7.355782404267546,2.345838402846335,1.0,0.0,0.0,0.0,0.0,1.0
14,170,5.809470360428515,2.0823340838175963,0.0,0.0,0.0,1.0,1.0,1.0
0,175,6.497659932886251,12.0,0.0,1.0,0.0,1.0,0.0,0.0
1,175,2.620986413309192,5.073332984011139,0.0,1.0,0.0,1.0,0.0,1.0
2,175,4.603151335016486,6.105588309394947,1.0,0.0,0.0,0.0,0.0,0.0
3,175,10.333033916849246,12.0,0.0,0.0,0.0,0.0,0.0,1.0
4,175,6.408942645391216,0.0,0.0,0.0,0.0,1.0,1.0,0.0
5,175,6.159153638079178,8.72032404368592,0.0,1.0,1.0,0.0,0.0,0.0
6,175,12.0,4.95953296151021,0.0,0.0,1.0,0.0,0.0,1.0
7,175,11.829982695982498,11.730540046121604,0.0,0.0,0.0,0.0,0.0,1.0
8,175,11.34531713528304,0.0,0.0,0.0,1.0,0.0,0.0,0.0
9,175,1.4343846653617989,2.2754774103039064,0.0,0.0,0.0,1.0,0.0,1.0
10,175,11.935082001595244,8.555374903867452,0.0,0.0,0.0,1.0,1.0,0.0
11,175,12.0,3.6424977626705455,0.0,1.0,0.0,0.0,0.0,1.0
12,175,12.0,9.34449489552478,0.0,0.0,1.0,0.0,0.0,0.0
13,175,7.261939443348635,2.316143514471524,1.0,0.0,0.0,0.0,0.0,1.0
14,175,5.852027067043355,2.052058847389575,0.0,0.0,0.0,1.0,1.0,1.0
0,180,6.473980715673981,12.0,0.0,1.0,0.0,1.0,0.0,0.0
1,180,2.6727725543747702,5.093991827071944,0.0,1.0,0.0,1.0,0.0,1.0
2,180,4.583732596011075,6.042843047569689,1.0,0.0,0.0,0.0,0.0,0.0
3,180,10.34405714611001,12.0,0.0,0.0,0.0,0.0,0.0,1.0
4,180,6.350578812625159,0.0,0.0,0.0,0.0,1.0,1.0,0.0
5,180,6.21415158967484,8.61161216942225,0.0,1.0,1.0,0.0,0.0,0.0
6,180,12.0,5.0280034753693,0.0,0.0,1.0,0.0,0.0,1.0
7,180,11.813771569897511,11.742562726094672,0.0,0.0,0.0,0.0,0.0,1.0
8,180,11.515954047684671,0.0,0.0,0.0,1.0,0.0,0.0,0.0
9,180,1.5135476885428452,2.3275214403633746,0.0,0.0,0.0,1.0,0.0,1.0
10,180,11.914117792752055,8.565594074875927,0.0,0.0,0.0,1.0,1.0,0.0
11,180,12.0,3.660378997234728,0.0,1.0,0.0,0.0,0.0,1.0
12,180,12.0,9.32796852550955,0.0,0.0,1.0,0.0,0.0,0.0
13,180,7.183812134242174,2.290169471751697,1.0,0.0,0.0,0.0,0.0,1.0
14,180,5.912447025941679,2.0092390019526256,0.0,0.0,0.0,1.0,1.0,1.0
0,185,6.454585760546102,12.0,0.0,1.0,0.0,1.0,0.0,0.0
1,185,2.730071594108437,5.11647568519308,0.0,1.0,0.0,1.0,0.0,1.0
2,185,4.569210999429222,5.9878087113981335,1.0,0.0,0.0,0.0,0.0,0.0
3,185,10.355775575200775,12.0,0.0,0.0,0.0,0.0,0.0,1.0
4,185,6.285446416738558,0.0,0.0,0.0,0.0,1.0,1.0,0.0
5,185,6.278746585250611,8.486967040092381,0.0,1.0,1.0,0.0,0.0,0.0
6,185,12.0,5.09090552686731,0.0,0.0,1.0,0.0,0.0,1.0
7,185,11.806858708542867,11.74770721081826,0.0,0.0,0.0,0.0,0.0,1.0
8,185,11.6852267485407,0.0,0.0,0.0,1.0,0.0,0.0,0.0
9,185,1.5787576118866389,2.369544151236542,0.0,0.0,0.0,1.0,0.0,1.0
10,185,11.891056250838352,8.576348720728044,0.0,0.0,0.0,1.0,1.0,0.0
11,185,12.0,3.672160739817794,0.0,1.0,0.0,0.0,0.0,1.0
12,185,12.0,9.30834278213594,0.0,0.0,1.0,0.0,0.0,0.0
13,185,7.123124268044224,2.2697344730232643,1.0,0.0,0.0,0.0,0.0,1.0
14,185,5.966129804023512,1.9731514281886025,0.0,0.0,0.0,1.0,1.0,1.0
0,190,6.432269110534636,12.0,0.0,1.0,0.0,1.0,0.0,0.0
1,190,2.7718314040279863,5.133183594971574,0.0,1.0,0.0,1.0,0.0,1.0
2,190,4.546181239071671,5.907248228548899,1.0,0.0,0.0,0.0,0.0,0.0
3,190,10.3672500878648,12.0,0.0,0.0,0.0,0.0,0.0,1.0
4,190,6.2203822752207145,0.0,0.0,0.0,0.0,1.0,1.0,0.0
5,190,6.344743071254341,8.36032512782135,0.0,1.0,1.0,0.0,0.0,0.0
6,190,12.0,4.926540343762048,0.0,0.0,1.0,0.0,0.0,1.0
7,190,11.777460868855966,11.77012445038296,0.0,0.0,0.0,0.0,0.0,1.0
8,190,11.837513994690926,0.0,0.0,0.0,1.0,0.0,0.0,0.0
9,190,1.6314089804623648,2.4049030069978268,0.0,0.0,0.0,1.0,0.0,1.0
10,190,11.857890690320694,8.592088281339807,0.0,0.0,0.0,1.0,1.0,0.0
11,190,12.0,3.6840094145928113,0.0,1.0,0.0,0.0,0.0,1.0
12,190,12.0,9.29387030688678,0.0,0.0,1.0,0.0,0.0,0.0
13,190,7.071956166898155,2.252420655230548,1.0,0.0,0.0,0.0,0.0,1.0
14,190,5.922656470638199,1.9116661717504948,0.0,0.0,0.0,1.0,1.0,1.0
0,195,6.406487061030648,12.0,0.0,1.0,0.0,1.0,0.0,0.0
1,195,2.8247413584183385,5.153896355293865,0.0,1.0,0.0,1.0,0.0,1.0
2,195,4.519910307277599,5.823819435778669,1.0,0.0,0.0,0.0,0.0,0.0
3,195,10.380984093110534,12.0,0.0,0.0,0.0,0.0,0.0,1.0
4,195,6.155051389128689,0.0,0.0,0.0,0.0,1.0,1.0,0.0
5,195,6.427137820842651,8.203109406867,0.0,1.0,1.0,0.0,0.0,0.0
6,195,12.0,4.7419556112744905,0.0,0.0,1.0,0.0,0.0,1.0
7,195,11.756416898327968,11.785206096641886,0.0,0.0,0.0,0.0,0.0,1.0
8,195,11.98267634183689,0.0,0.0,0.0,1.0,0.0,0.0,0.0
9,195,1.6837252678007113,2.4414805389217085,0.0,0.0,0.0,1.0,0.0,1.0
10,195,11.817532712013843,8.612699797681886,0.0,0.0,0.0,1.0,1.0,0.0
11,195,12.0,3.70111872620951,0.0,1.0,0.0,0.0,0.0,1.0
12,195,12.0,9.28224291568218,0.0,0.0,1.0,0.0,0.0,0.0
13,195,7.032914044850397,2.2379666126103763,1.0,0.0,0.0,0.0,0.0,1.0
14,195,5.860176188803298,1.8250968208613687,0.0,0.0,0.0,1.0,1.0,1.0
0,200,6.375504236045679,12.0,0.0,1.0,0.0,1.0,0.0,0.0
1,200,2.880157495931527,5.175507612990302,0.0,1.0,0.0,1.0,0.0,1.0
2,200,4.493260832127789,5.74221746591435,1.0,0.0,0.0,0.0,0.0,0.0
3,200,10.394487791146563,12.0,0.0,0.0,0.0,0.0,0.0,1.0
4,200,6.086145970724682,0.0,0.0,0.0,0.0,1.0,1.0,0.0
5,200,6.502946923851583,8.053873116215607,0.0,1.0,1.0,0.0,0.0,0.0
6,200,12.0,4.575530188778716,0.0,0.0,1.0,0.0,0.0,1.0
7,200,11.719887664771967,11.81129672777891,0.0,0.0,0.0,0.0,0.0,1.0
8,200,12.0,0.0,0.0,0.0,1.0,0.0,0.0,0.0
9,200,1.7321339364320072,2.4757817100007604,0.0,0.0,0.0,1.0,0.0,1.0
10,200,11.774948053441438,8.633998508715248,0.0,0.0,0.0,1.0,1.0,0.0
11,200,12.0,3.7143598709638974,0.0,1.0,0.0,0.0,0.0,1.0
12,200,12.0,9.273691258338566,0.0,0.0,1.0,0.0,0.0,0.0
13,200,6.989648932107179,2.2207759708757853,1.0,0.0,0.0,0.0,0.0,1.0
14,200,5.792062394398978,1.7267824719678706,0.0,0.0,0.0,1.0,1.0,1.0
0,205,6.348826422049749,12.0,0.0,1.0,0.0,1.0,0.0,0.0
1,205,2.9010230794567664,5.182944227131685,0.0,1.0,0.0,1.0,0.0,1.0
2,205,4.464331476057607,5.65984697082238,1.0,0.0,0.0,0.0,0.0,0.0
3,205,10.414486735555668,12.0,0.0,0.0,0.0,0.0,0.0,1.0
4,205,6.018803119158482,0.0,0.0,0.0,0.0,1.0,1.0,0.0
5,205,6.577996954917444,7.915078133131503,0.0,1.0,1.0,0.0,0.0,0.0
6,205,12.0,4.415223555507858,0.0,0.0,1.0,0.0,0.0,1.0
7,205,11.674000187999413,11.845580368995458,0.0,0.0,0.0,0.0,0.0,1.0
8,205,12.0,0.0,0.0,0.0,1.0,0.0,0.0,0.0
9,205,1.7627966071300043,2.497954661973393,0.0,0.0,0.0,1.0,0.0,1.0
10,205,11.747768382429284,8.648499482336483,0.0,0.0,0.0,1.0,1.0,0.0
11,205,12.0,3.7310901253693296,0.0,1.0,0.0,0.0,0.0,1.0
12,205,12.0,9.26317419963191,0.0,0.0,1.0,0.0,0.0,0.0
13,205,6.928457436764485,2.197074158071238,1.0,0.0,0.0,0.0,0.0,1.0
14,205,5.726784406853705,1.6326165492869755,0.0,0.0,0.0,1.0,1.0,1.0
0,210,6.319052423514262,12.0,0.0,1.0,0.0,1.0,0.0,0.0
1,210,2.915248629679722,5.188223952101052,0.0,1.0,0.0,1.0,0.0,1.0
2,210,4.426092330623298,5.556362427918375,1.0,0.0,0.0,0.0,0.0,0.0
3,210,10.434303113671724,12.0,0.0,0.0,0.0,0.0,0.0,1.0
4,210,5.954711555564791,0.0,0.0,0.0,0.0,1.0,1.0,0.0
5,210,6.657989252428563,7.767827604125323,0.0,1.0,1.0,0.0,0.0,0.0
6,210,12.0,4.268355769551741,0.0,0.0,1.0,0.0,0.0,1.0
7,210,11.611753102818067,11.887827554310364,0.0,0.0,0.0,0.0,0.0,1.0
8,210,12.0,0.0,0.0,0.0,1.0,0.0,0.0,0.0
9,210,1.808613749447518,2.532243476281922,0.0,0.0,0.0,1.0,0.0,1.0
10,210,11.73021076593775,8.65806227079577,0.0,0.0,0.0,1.0,1.0,0.0
11,210,12.0,3.748202718179949,0.0,1.0,0.0,0.0,0.0,1.0
12,210,12.0,9.25256850983224,0.0,0.0,1.0,0.0,0.0,0.0
13,210,6.884712026426378,2.180546024122654,1.0,0.0,0.0,0.0,0.0,1.0
14,210,5.64953635119295,1.5243474353291109,0.0,0.0,0.0,1.0,1.0,1.0
0,215,6.287318364065304,12.0,0.0,1.0,0.0,1.0,0.0,0.0
1,215,2.909342411642674,5.185979502082455,0.0,1.0,0.0,1.0,0.0,1.0
2,215,4.3908632241895456,5.452348518258757,1.0,0.0,0.0,0.0,0.0,0.0
3,215,10.455809591145336,12.0,0.0,0.0,0.0,0.0,0.0,1.0
4,215,5.892762599655239,0.0,0.0,0.0,0.0,1.0,1.0,0.0
5,215,6.737339065122593,7.629002753253879,0.0,1.0,1.0,0.0,0.0,0.0
6,215,12.0,4.140607735163487,0.0,0.0,1.0,0.0,0.0,1.0
7,215,11.563492860040986,11.919333865045592,0.0,0.0,0.0,0.0,0.0,1.0
8,215,12.0,0.0,0.0,0.0,1.0,0.0,0.0,0.0
9,215,1.8631046205544133,2.572696923540017,0.0,0.0,0.0,1.0,0.0,1.0
10,215,11.71555725232474,8.666351802161262,0.0,0.0,0.0,1.0,1.0,0.0
11,215,12.0,3.760983717560893,0.0,1.0,0.0,0.0,0.0,1.0
12,215,12.0,9.241251475271142,0.0,0.0,1.0,0.0,0.0,0.0
13,215,6.854175332288601,2.167905520440692,1.0,0.0,0.0,0.0,0.0,1.0
14,215,5.573894990457565,1.4254525914768366,0.0,0.0,0.0,1.0,1.0,1.0
0,220,6.258423286757081,12.0,0.0,1.0,0.0,1.0,0.0,0.0
1,220,2.90942960931766,5.186013474975227,0.0,1.0,0.0,1.0,0.0,1.0
2,220,4.353376585926415,5.344888761002709,1.0,0.0,0.0,0.0,0.0,0.0
3,220,10.479111519871994,12.0,0.0,0.0,0.0,0.0,0.0,1.0
4,220,5.829778836923378,0.0,0.0,0.0,0.0,1.0,1.0,0.0
5,220,6.8181619666109645,7.49503979529826,0.0,1.0,1.0,0.0,0.0,0.0
6,220,12.0,4.015902058628729,0.0,0.0,1.0,0.0,0.0,1.0
7,220,11.54069964929204,11.93386030689711,0.0,0.0,0.0,0.0,0.0,1.0
8,220,12.0,0.0,0.0,0.0,1.0,0.0,0.0,0.0
9,220,1.9158739546443804,2.613265348094424,0.0,0.0,0.0,1.0,0.0,1.0
10,220,11.69967160668817,8.67543470548657,0.0,0.0,0.0,1.0,1.0,0.0
11,220,12.0,3.7220158338726135,0.0,1.0,0.0,0.0,0.0,1.0
12,220,12.0,9.232198875731724,0.0,0.0,1.0,0.0,0.0,0.0
13,220,6.83481675040953,2.159858890819802,1.0,0.0,0.0,0.0,0.0,1.0
14,220,5.491640244484956,1.319018568861028,0.0,0.0,0.0,1.0,1.0,1.0
0,225,6.220433310045565,12.0,0.0,1.0,0.0,1.0,0.0,0.0
1,225,2.9266866133380027,5.192379700601689,0.0,1.0,0.0,1.0,0.0,1.0
2,225,4.324866142562146,5.261937926496229,1.0,0.0,0.0,0.0,0.0,0.0
3,225,10.507287836156625,12.0,0.0,0.0,0.0,0.0,0.0,1.0
4,225,5.766174600980544,0.0,0.0,0.0,0.0,1.0,1.0,0.0
5,225,6.898482984741532,7.363907166124603,0.0,1.0,1.0,0.0,0.0,0.0
6,225,12.0,3.887189939934753,0.0,0.0,1.0,0.0,0.0,1.0
7,225,11.50697979811112,11.954282124214968,0.0,0.0,0.0,0.0,0.0,1.0
8,225,12.0,0.0,0.0,0.0,1.0,0.0,0.0,0.0
9,225,1.9860106470767496,2.666643517834782,0.0,0.0,0.0,1.0,0.0,1.0
10,225,11.683343553583212,8.684311646568988,0.0,0.0,0.0,1.0,1.0,0.0
11,225,12.0,3.667939499818646,0.0,1.0,0.0,0.0,0.0,1.0
12,225,12.0,9.22442651830165,0.0,0.0,1.0,0.0,0.0,0.0
13,225,6.800672962459042,2.145226160516481,1.0,0.0,0.0,0.0,0.0,1.0
14,225,5.390671640681241,1.1865284299657175,0.0,0.0,0.0,1.0,1.0,1.0
0,230,6.177828774574224,12.0,0.0,1.0,0.0,1.0,0.0,0.0
1,230,2.9653232892646706,5.207216211103726,0.0,1.0,0.0,1.0,0.0,1.0
2,230,4.2966186668249815,5.180779951453326,1.0,0.0,0.0,0.0,0.0,0.0
3,230,10.538334049431612,12.0,0.0,0.0,0.0,0.0,0.0,1.0
4,230,5.701330989482226,0.0,0.0,0.0,0.0,1.0,1.0,0.0
5,230,6.969885521109659,7.250644781630871,0.0,1.0,1.0,0.0,0.0,0.0
6,230,12.0,3.735345979031349,0.0,0.0,1.0,0.0,0.0,1.0
7,230,11.468590553028756,11.976292737477827,0.0,0.0,0.0,0.0,0.0,1.0
8,230,12.0,0.0,0.0,0.0,1.0,0.0,0.0,0.0
9,230,2.043162138743741,2.7093037789980574,0.0,0.0,0.0,1.0,0.0,1.0
10,230,11.691336274184884,8.680133531262808,0.0,0.0,0.0,1.0,1.0,0.0
11,230,12.0,3.6262833747329664,0.0,1.0,0.0,0.0,0.0,1.0
12,230,12.0,9.216366878007909,0.0,0.0,1.0,0.0,0.0,0.0
13,230,6.761007626839917,2.1294598648821235,1.0,0.0,0.0,0.0,0.0,1.0
14,230,5.270400936396117,1.0271831257351742,0.0,0.0,0.0,1.0,1.0,1.0
0,235,6.138031532251283,12.0,0.0,1.0,0.0,1.0,0.0,0.0
1,235,2.999065841840488,5.220704710758144,0.0,1.0,0.0,1.0,0.0,1.0
2,235,4.271095333618942,5.1074335621789615,1.0,0.0,0.0,0.0,0.0,0.0
3,235,10.571680161635538,12.0,0.0,0.0,0.0,0.0,0.0,1.0
4,235,5.637382643500354,0.0,0.0,0.0,0.0,1.0,1.0,0.0
5,235,7.046138809475424,7.12249658350374,0.0,1.0,1.0,0.0,0.0,0.0
6,235,12.0,3.604383349491848,0.0,0.0,1.0,0.0,0.0,1.0
7,235,11.43008719959251,11.99840067316556,0.0,0.0,0.0,0.0,0.0,1.0
8,235,12.0,0.0,0.0,0.0,1.0,0.0,0.0,0.0
9,235,2.098565439552517,2.751796381135186,0.0,0.0,0.0,1.0,0.0,1.0
10,235,11.68754433000652,8.68191393785218,0.0,0.0,0.0,1.0,1.0,0.0
11,235,12.0,3.5763488863574717,0.0,1.0,0.0,0.0,0.0,1.0
12,235,12.0,9.207440823469256,0.0,0.0,1.0,0.0,0.0,0.0
13,235,6.734478613881717,2.1194614287261087,1.0,0.0,0.0,0.0,0.0,1.0
14,235,5.143865750874484,0.8643199340320651,0.0,0.0,0.0,1.0,1.0,1.0
0,240,6.099410738285066,12.0,0.0,1.0,0.0,1.0,0.0,0.0
1,240,3.038921713449077,5.236441605006127,0.0,1.0,0.0,1.0,0.0,1.0
2,240,4.243745717411219,5.028274881146848,1.0,0.0,0.0,0.0,0.0,0.0
3,240,10.602931875804796,12.0,0.0,0.0,0.0,0.0,0.0,1.0
4,240,5.570325881133889,0.0,0.0,0.0,0.0,1.0,1.0,0.0
5,240,7.1174816064889,6.994893638822836,0.0,1.0,1.0,0.0,0.0,0.0
6,240,12.0,3.492283036290869,0.0,0.0,1.0,0.0,0.0,1.0
7,240,11.401364809360643,12.0,0.0,0.0,0.0,0.0,0.0,1.0
8,240,12.0,0.0,0.0,0.0,1.0,0.0,0.0,0.0
9,240,2.1292017445353197,2.7746172229236445,0.0,0.0,0.0,1.0,0.0,1.0
10,240,11.668128744958196,8.690975463555198,0.0,0.0,0.0,1.0,1.0,0.0
11,240,12.0,3.5296806804020178,0.0,1.0,0.0,0.0,0.0,1.0
12,240,12.0,9.2823935412415,0.0,0.0,1.0,0.0,0.0,0.0
13,240,6.710961150051996,2.111409159118464,1.0,0.0,0.0,0.0,0.0,1.0
14,240,5.035460424084522,0.7183117528095897,0.0,0.0,0.0,1.0,1.0,1.0
0,245,6.068138007747658,12.0,0.0,1.0,0.0,1.0,0.0,0.0
1,245,3.08109954259108,5.252255696297423,0.0,1.0,0.0,1.0,0.0,1.0
2,245,4.215349207292554,4.943894743634754,1.0,0.0,0.0,0.0,0.0,0.0
3,245,10.632330164308616,12.0,0.0,0.0,0.0,0.0,0.0,1.0
4,245,5.500939703052321,0.0,0.0,0.0,0.0,1.0,1.0,0.0
5,245,7.192098583511538,6.859794743132297,0.0,1.0,1.0,0.0,0.0,0.0
6,245,12.0,3.3771380858273266,0.0,0.0,1.0,0.0,0.0,1.0
7,245,11.370301143565122,12.0,0.0,0.0,0.0,0.0,0.0,1.0
8,245,12.0,0.0,0.0,0.0,1.0,0.0,0.0,0.0
9,245,2.1433865879754146,2.7854612629639144,0.0,0.0,0.0,1.0,0.0,1.0
10,245,11.641441975706776,8.704365973253756,0.0,0.0,0.0,1.0,1.0,0.0
11,245,12.0,3.49618859146246,0.0,1.0,0.0,0.0,0.0,1.0
12,245,12.0,9.342190791678703,0.0,0.0,1.0,0.0,0.0,0.0
13,245,6.714505334685335,2.1127584293457025,1.0,0.0,0.0,0.0,0.0,1.0
14,245,4.921448391608642,0.5613758333586859,0.0,0.0,0.0,1.0,1.0,1.0
0,250,6.039541280427631,12.0,0.0,1.0,0.0,1.0,0.0,0.0
1,250,3.131688623138878,5.271014706326833,0.0,1.0,0.0,1.0,0.0,1.0
2,250,4.189593236950805,4.867552933042831,1.0,0.0,0.0,0.0,0.0,0.0
3,250,10.666399483719555,12.0,0.0,0.0,0.0,0.0,0.0,1.0
4,250,5.433282542384318,0.0,0.0,0.0,0.0,1.0,1.0,0.0
5,250,7.263588142978294,6.725392754443041,0.0,1.0,1.0,0.0,0.0,0.0
6,250,12.0,3.271785457646585,0.0,0.0,1.0,0.0,0.0,1.0
7,250,11.339157532290596,12.0,0.0,0.0,0.0,0.0,0.0,1.0
8,250,12.0,0.0,0.0,0.0,1.0,0.0,0.0,0.0
9,250,2.165956192048746,2.8021337119025373,0.0,0.0,0.0,1.0,0.0,1.0
10,250,11.619821570163204,8.716321570580867,0.0,0.0,0.0,1.0,1.0,0.0
11,250,12.0,3.4540328466137087,0.0,1.0,0.0,0.0,0.0,1.0
12,250,12.0,9.37486566369966,0.0,0.0,1.0,0.0,0.0,0.0
13,250,6.708064168290498,2.1101399053153087,1.0,0.0,0.0,0.0,0.0,1.0
14,250,4.800241750379998,0.405302133694573,0.0,0.0,0.0,1.0,1.0,1.0
0,255,6.011999904483789,12.0,0.0,1.0,0.0,1.0,0.0,0.0
1,255,3.1692617245929053,5.2842098320943,0.0,1.0,0.0,1.0,0.0,1.0
2,255,4.166413777715964,4.7989294383696,1.0,0.0,0.0,0.0,0.0,0.0
3,255,10.698882884364895,12.0,0.0,0.0,0.0,0.0,0.0,1.0
4,255,5.377505170759982,0.0,0.0,0.0,0.0,1.0,1.0,0.0
5,255,7.328738274843731,6.598349410148836,0.0,1.0,1.0,0.0,0.0,0.0
6,255,12.0,3.1690731937796155,0.0,0.0,1.0,0.0,0.0,1.0
7,255,11.302535051880296,12.0,0.0,0.0,0.0,0.0,0.0,1.0
8,255,12.0,0.0,0.0,0.0,1.0,0.0,0.0,0.0
9,255,2.1936352743847043,2.8223239933301887,0.0,0.0,0.0,1.0,0.0,1.0
10,255,11.612046999832131,8.720782669793905,0.0,0.0,0.0,1.0,1.0,0.0
11,255,12.0,3.389525204655667,0.0,1.0,0.0,0.0,0.0,1.0
12,255,12.0,9.414525851134432,0.0,0.0,1.0,0.0,0.0,0.0
13,255,6.707200709019106,2.1098143919403687,1.0,0.0,0.0,0.0,0.0,1.0
14,255,4.685501015510377,0.2520313847674574,0.0,0.0,0.0,1.0,1.0,1.0
0,260,5.982747424041773,12.0,0.0,1.0,0.0,1.0,0.0,0.0
1,260,3.21148585217484,5.297940204269532,0.0,1.0,0.0,1.0,0.0,1.0
2,260,4.150591821171808,4.751284917662518,1.0,0.0,0.0,0.0,0.0,0.0
3,260,10.732080182612824,12.0,0.0,0.0,0.0,0.0,0.0,1.0
4,260,5.320582610949019,0.0,0.0,0.0,0.0,1.0,1.0,0.0
5,260,7.398220374526256,6.472117327180959,0.0,1.0,1.0,0.0,0.0,0.0
6,260,12.0,3.0291812971470438,0.0,0.0,1.0,0.0,0.0,1.0
7,260,11.254215713071863,12.0,0.0,0.0,0.0,0.0,0.0,1.0
8,260,12.0,0.0,0.0,0.0,1.0,0.0,0.0,0.0
9,260,2.229721911403371,2.8473172043651798,0.0,0.0,0.0,1.0,0.0,1.0
10,260,11.6089977941376,8.722596909670418,0.0,0.0,0.0,1.0,1.0,0.0
11,260,12.0,3.3319749447770484,0.0,1.0,0.0,0.0,0.0,1.0
12,260,12.0,9.461883549971626,0.0,0.0,1.0,0.0,0.0,0.0
13,260,6.691857312861206,2.1041949592538267,1.0,0.0,0.0,0.0,0.0,1.0
14,260,4.577781944544366,0.1106942948022109,0.0,0.0,0.0,1.0,1.0,1.0
0,265,5.950435589432237,12.0,0.0,1.0,0.0,1.0,0.0,0.0
1,265,3.23936055422956,5.307746774586246,0.0,1.0,0.0,1.0,0.0,1.0
2,265,4.128757603225862,4.691986011373975,1.0,0.0,0.0,0.0,0.0,0.0
3,265,10.764779038812897,12.0,0.0,0.0,0.0,0.0,0.0,1.0
4,265,5.2698380477681965,0.0,0.0,0.0,0.0,1.0,1.0,0.0
5,265,7.472131945500224,6.340996803743796,0.0,1.0,1.0,0.0,0.0,0.0
6,265,12.0,2.891624246833438,0.0,0.0,1.0,0.0,0.0,1.0
7,265,11.223755705663637,12.0,0.0,0.0,0.0,0.0,0.0,1.0
8,265,12.0,0.0,0.0,0.0,1.0,0.0,0.0,0.0
9,265,2.2586056888728736,2.867073179171405,0.0,0.0,0.0,1.0,0.0,1.0
10,265,11.614363912645032,8.719176886487276,0.0,0.0,0.0,1.0,1.0,0.0
11,265,12.0,3.29080037749786,0.0,1.0,0.0,0.0,0.0,1.0
12,265,12.0,9.492252866647627,0.0,0.0,1.0,0.0,0.0,0.0
13,265,6.679115898948809,2.0998055491835688,1.0,0.0,0.0,0.0,0.0,1.0
14,265,4.474717385702097,0.0,0.0,0.0,0.0,1.0,1.0,1.0
0,270,5.918673631617613,12.0,0.0,1.0,0.0,1.0,0.0,0.0
1,270,3.2746344947805395,5.320641525644846,0.0,1.0,0.0,1.0,0.0,1.0
2,270,4.10748896825726,4.632223493630685,1.0,0.0,0.0,0.0,0.0,0.0
3,270,10.79960696370039,12.0,0.0,0.0,0.0,0.0,0.0,1.0
4,270,5.215990866343022,0.0,0.0,0.0,0.0,1.0,1.0,0.0
5,270,7.547582070420919,6.204009534819603,0.0,1.0,1.0,0.0,0.0,0.0
6,270,12.0,2.767245093215674,0.0,0.0,1.0,0.0,0.0,1.0
7,270,11.189985976314349,12.0,0.0,0.0,0.0,0.0,0.0,1.0
8,270,12.0,0.0,0.0,0.0,1.0,0.0,0.0,0.0
9,270,2.296307456648912,2.892376060543905,0.0,0.0,0.0,1.0,0.0,1.0
10,270,11.61411118753992,8.719340948037118,0.0,0.0,0.0,1.0,1.0,0.0
11,270,12.0,3.248763389792426,0.0,1.0,0.0,0.0,0.0,1.0
12,270,12.0,9.523156044396872,0.0,0.0,1.0,0.0,0.0,0.0
13,270,6.67612840064171,2.098799460018077,1.0,0.0,0.0,0.0,0.0,1.0
14,270,4.382548873703253,0.0,0.0,0.0,0.0,1.0,1.0,1.0
0,275,5.885976156768694,12.0,0.0,1.0,0.0,1.0,0.0,0.0
1,275,3.320504211458327,5.336857876259293,0.0,1.0,0.0,1.0,0.0,1.0
2,275,4.090285188092073,4.582675950137563,1.0,0.0,0.0,0.0,0.0,0.0
3,275,10.831408106311777,12.0,0.0,0.0,0.0,0.0,0.0,1.0
4,275,5.163720926018224,0.0,0.0,0.0,0.0,1.0,1.0,0.0
5,275,7.616610679368821,6.082276967894476,0.0,1.0,1.0,0.0,0.0,0.0
6,275,12.0,2.6442683987451265,0.0,0.0,1.0,0.0,0.0,1.0
7,275,11.167734195834424,12.0,0.0,0.0,0.0,0.0,0.0,1.0
8,275,12.0,0.0,0.0,0.0,1.0,0.0,0.0,0.0
9,275,2.335241179883227,2.918938987546041,0.0,0.0,0.0,1.0,0.0,1.0
10,275,11.608359035748434,8.722957493235116,0.0,0.0,0.0,1.0,1.0,0.0
11,275,12.0,3.1954255244198,0.0,1.0,0.0,0.0,0.0,1.0
12,275,12.0,9.574166118096851,0.0,0.0,1.0,0.0,0.0,0.0
13,275,6.675614959674802,2.098625558014994,1.0,0.0,0.0,0.0,0.0,1.0
14,275,4.305868148020261,0.0,0.0,0.0,0.0,1.0,1.0,1.0
0,280,5.859460188311017,12.0,0.0,1.0,0.0,1.0,0.0,0.0
1,280,3.356738726375288,5.350633721442612,0.0,1.0,0.0,1.0,0.0,1.0
2,280,4.059634467955492,4.497832506695873,1.0,0.0,0.0,0.0,0.0,0.0
3,280,10.863410531727784,12.0,0.0,0.0,0.0,0.0,0.0,1.0
4,280,5.11823996709438,0.0,0.0,0.0,0.0,1.0,1.0,0.0
5,280,7.683665728717797,5.960198597935071,0.0,1.0,1.0,0.0,0.0,0.0
6,280,12.0,2.5529680487511848,0.0,0.0,1.0,0.0,0.0,1.0
7,280,11.12244321125203,12.0,0.0,0.0,0.0,0.0,0.0,1.0
8,280,12.0,0.0,0.0,0.0,1.0,0.0,0.0,0.0
9,280,2.361246499753472,2.9373470707546137,0.0,0.0,0.0,1.0,0.0,1.0
10,280,11.621236013789954,8.71491478287364,0.0,0.0,0.0,1.0,1.0,0.0
11,280,12.0,3.1606317306892846,0.0,1.0,0.0,0.0,0.0,1.0
12,280,12.0,9.620835230398086,0.0,0.0,1.0,0.0,0.0,0.0
13,280,6.671082338738624,2.0973156400104025,1.0,0.0,0.0,0.0,0.0,1.0
14,280,4.223021507310291,0.0,0.0,0.0,0.0,1.0,1.0,1.0
0,285,5.835297298228148,12.0,0.0,1.0,0.0,1.0,0.0,0.0
1,285,3.3845175349053567,5.359650253028968,0.0,1.0,0.0,1.0,0.0,1.0
2,285,4.03248819325464,4.421065991198392,1.0,0.0,0.0,0.0,0.0,0.0
3,285,10.897953421683372,12.0,0.0,0.0,0.0,0.0,0.0,1.0
4,285,5.072780305478554,0.0,0.0,0.0,0.0,1.0,1.0,0.0
5,285,7.762930891518396,5.816867531570775,0.0,1.0,1.0,0.0,0.0,0.0
6,285,12.0,2.4678456817500645,0.0,0.0,1.0,0.0,0.0,1.0
7,285,11.080314267781564,12.0,0.0,0.0,0.0,0.0,0.0,1.0
8,285,12.0,0.0,0.0,0.0,1.0,0.0,0.0,0.0
9,285,2.393314072361599,2.960802928279291,0.0,0.0,0.0,1.0,0.0,1.0
10,285,11.65085734694776,8.69640886663087,0.0,0.0,0.0,1.0,1.0,0.0
11,285,12.0,3.139158643640617,0.0,1.0,0.0,0.0,0.0,1.0
12,285,12.0,9.67502193986173,0.0,0.0,1.0,0.0,0.0,0.0
13,285,6.674872869499796,2.0984426080119483,1.0,0.0,0.0,0.0,0.0,1.0
14,285,4.12327130852536,0.0,0.0,0.0,0.0,1.0,1.0,1.0
0,290,5.811698031947152,12.0,0.0,1.0,0.0,1.0,0.0,0.0
1,290,3.414162891942897,5.369289744183292,0.0,1.0,0.0,1.0,0.0,1.0
2,290,3.99981707248224,4.330996690884867,1.0,0.0,0.0,0.0,0.0,0.0
3,290,10.928911060025918,12.0,0.0,0.0,0.0,0.0,0.0,1.0
4,290,5.042055362647973,0.0,0.0,0.0,0.0,1.0,1.0,0.0
5,290,7.840330031482813,5.667573935255386,0.0,1.0,1.0,0.0,0.0,0.0
6,290,12.0,2.387156368128072,0.0,0.0,1.0,0.0,0.0,1.0
7,290,10.994975695844522,12.0,0.0,0.0,0.0,0.0,0.0,1.0
8,290,12.0,0.0,0.0,0.0,1.0,0.0,0.0,0.0
9,290,2.4234152169052035,2.9821937908209897,0.0,0.0,0.0,1.0,0.0,1.0
10,290,11.677830010549393,8.679831399253285,0.0,0.0,0.0,1.0,1.0,0.0
11,290,12.0,3.110237262203355,0.0,1.0,0.0,0.0,0.0,1.0
12,290,12.0,9.730718390127668,0.0,0.0,1.0,0.0,0.0,0.0
13,290,6.688568582061197,2.1024610804944994,1.0,0.0,0.0,0.0,0.0,1.0
14,290,4.024437627461555,0.0,0.0,0.0,0.0,1.0,1.0,1.0
0,295,5.792907139556642,12.0,0.0,1.0,0.0,1.0,0.0,0.0
1,295,3.4323617880384414,5.374039881798815,0.0,1.0,0.0,1.0,0.0,1.0
2,295,3.964357276307717,4.23791275675101,1.0,0.0,0.0,0.0,0.0,0.0
3,295,10.959279005438528,12.0,0.0,0.0,0.0,0.0,0.0,1.0
4,295,5.01433712902758,0.0,0.0,0.0,0.0,1.0,1.0,0.0
5,295,7.918695622079431,5.512360668952405,0.0,1.0,1.0,0.0,0.0,0.0
6,295,12.0,2.334944440468028,0.0,0.0,1.0,0.0,0.0,1.0
7,295,10.947159712957136,11.903286775957564,0.0,0.0,0.0,0.0,0.0,1.0
8,295,12.0,0.0,0.0,0.0,1.0,0.0,0.0,0.0
9,295,2.450705468125116,3.0014502989051226,0.0,0.0,0.0,1.0,0.0,1.0
10,295,11.700734546154406,8.666076031793164,0.0,0.0,0.0,1.0,1.0,0.0
11,295,12.0,3.1057805450920983,0.0,1.0,0.0,0.0,0.0,1.0
12,295,12.0,9.766006328046084,0.0,0.0,1.0,0.0,0.0,0.0
13,295,6.704420411028929,2.1063849951812954,1.0,0.0,0.0,0.0,0.0,1.0
14,295,3.9254300462094895,0.0,0.0,0.0,0.0,1.0,1.0,1.0
