0,0,1.9667996138399129,5.051163448902866,0.0,0.0,0.0,1.0,1.0,1.0
1,0,3.970547647358724,1.0611142329734062,1.0,0.0,0.0,0.0,1.0,1.0
2,0,9.000688573707881,1.9344967994244675,0.0,0.0,0.0,1.0,1.0,1.0
3,0,7.990861600980983,11.034126086773368,1.0,0.0,1.0,0.0,1.0,0.0
4,0,2.928769807740823,11.989736533381803,0.0,0.0,1.0,1.0,1.0,0.0
5,0,4.978801988381569,6.921419104315458,1.0,1.0,1.0,0.0,0.0,0.0
6,0,1.9786060615080328,10.018844234050553,0.0,1.0,1.0,1.0,0.0,0.0
7,0,10.930449668698474,0.0,1.0,1.0,0.0,0.0,0.0,1.0
8,0,1.0351449420108052,0.9636542410793166,0.0,1.0,0.0,1.0,0.0,1.0
9,0,8.967796792405517,3.032605785666885,0.0,1.0,0.0,1.0,0.0,1.0
10,0,2.9464082592306777,5.027534206982352,0.0,0.0,0.0,1.0,1.0,1.0
11,0,9.033133684033023,8.018347223955427,0.0,0.0,0.0,1.0,1.0,1.0
12,0,11.955609874046797,11.967722513753316,1.0,0.0,1.0,0.0,1.0,0.0
13,0,1.024610310512114,7.058340118106455,0.0,0.0,1.0,1.0,1.0,0.0
14,0,7.928060572513009,0.0,1.0,0.0,0.0,0.0,1.0,1.0
15,0,2.0545051329191115,5.011947404907817,1.0,0.0,1.0,0.0,1.0,0.0
16,0,8.979343881726782,3.0264639644749747,0.0,0.0,1.0,1.0,1.0,0.0
17,0,3.9798780967538168,10.943624495831628,0.0,1.0,0.0,1.0,0.0,1.0
18,0,9.078129067792103,2.0117892477840185,1.0,0.0,1.0,0.0,1.0,0.0
19,0,10.968522895157506,8.044466538816836,0.0,1.0,1.0,1.0,0.0,0.0
20,0,0.9718719950847629,10.920090612463094,0.0,1.0,1.0,1.0,0.0,0.0
21,0,9.006487339933809,0.0,1.0,1.0,0.0,0.0,0.0,1.0
22,0,0.9761584630428636,10.949035324996254,0.0,0.0,0.0,1.0,1.0,1.0
23,0,2.967269596977632,0.953653025260576,1.0,1.0,0.0,0.0,0.0,1.0
24,0,4.9820065226152135,4.058207611916434,1.0,1.0,0.0,0.0,0.0,1.0
25,0,11.045835822795723,10.972282691889612,1.0,0.0,1.0,0.0,1.0,0.0
26,0,10.041486180487048,2.9462358666406927,0.0,1.0,0.0,1.0,0.0,1.0
27,0,11.022100288358905,1.9446278693637853,0.0,0.0,1.0,1.0,1.0,0.0
28,0,9.967733484909967,3.96704149210076,0.0,0.0,1.0,1.0,1.0,0.0
29,0,1.0709711357143112,10.02635281620934,1.0,1.0,0.0,0.0,0.0,1.0
0,5,1.9390597064911823,5.089796905788794,0.0,0.0,0.0,1.0,1.0,1.0
1,5,3.930602071922578,1.1383851060710266,1.0,0.0,0.0,0.0,1.0,1.0
2,5,9.000084460977819,1.86823250949146,0.0,0.0,0.0,1.0,1.0,1.0
3,5,7.97927703878332,11.07783431512671,1.0,0.0,1.0,0.0,1.0,0.0
4,5,2.8527265717977026,11.977598380335492,0.0,0.0,1.0,1.0,1.0,0.0
5,5,4.953561249341599,6.83152397799197,1.0,1.0,1.0,0.0,0.0,0.0
6,5,1.9523685627259075,10.042020036174849,0.0,1.0,1.0,1.0,0.0,0.0
7,5,10.876661511321917,0.0,1.0,1.0,0.0,0.0,0.0,1.0
8,5,1.079595979447528,0.916877231094823,0.0,1.0,0.0,1.0,0.0,1.0
9,5,8.90908601781876,3.090096315738408,0.0,1.0,0.0,1.0,0.0,1.0
10,5,2.888087184415748,5.059906966735089,0.0,0.0,0.0,1.0,1.0,1.0
11,5,9.093342511715791,8.04972626291104,0.0,0.0,0.0,1.0,1.0,1.0
12,5,11.910910526325786,11.9370253616814,1.0,0.0,1.0,0.0,1.0,0.0
13,5,1.0504195168775576,7.117859083799389,0.0,0.0,1.0,1.0,1.0,0.0
14,5,7.846321878568958,0.0,1.0,0.0,0.0,0.0,1.0,1.0
15,5,2.1312405963053944,5.029321748712962,1.0,0.0,1.0,0.0,1.0,0.0
16,5,8.945425505576438,3.0690043383694414,0.0,0.0,1.0,1.0,1.0,0.0
17,5,3.9607314254311152,10.89424410610822,0.0,1.0,0.0,1.0,0.0,1.0
18,5,9.156266797199562,2.025816188468217,1.0,0.0,1.0,0.0,1.0,0.0
19,5,10.94517893944619,8.078282642023337,0.0,1.0,1.0,1.0,0.0,0.0
20,5,0.9321383313172248,10.814700472591529,0.0,1.0,1.0,1.0,0.0,0.0
21,5,9.014763059418492,0.0,1.0,1.0,0.0,0.0,0.0,1.0
22,5,0.9485549314512554,10.895436773919345,0.0,0.0,0.0,1.0,1.0,1.0
23,5,2.9530628448386853,0.9337110519373604,1.0,1.0,0.0,0.0,0.0,1.0
24,5,4.969490299824191,4.102067534001679,1.0,1.0,0.0,0.0,0.0,1.0
25,5,11.092354748261188,10.943723956820056,1.0,0.0,1.0,0.0,1.0,0.0
26,5,10.071820183141286,2.908442395587027,0.0,1.0,0.0,1.0,0.0,1.0
27,5,11.034565079067049,1.9118629039377448,0.0,0.0,1.0,1.0,1.0,0.0
28,5,9.941740376222148,3.940027521362088,0.0,0.0,1.0,1.0,1.0,0.0
29,5,1.1332193525554517,10.050892716662853,1.0,1.0,0.0,0.0,0.0,1.0
0,10,1.9169304697461689,5.120825610555539,0.0,0.0,0.0,1.0,1.0,1.0
1,10,3.903549486103044,1.1892512698651063,1.0,0.0,0.0,0.0,1.0,1.0
2,10,8.998824246540238,1.771699380168171,0.0,0.0,0.0,1.0,1.0,1.0
3,10,7.965567113891185,11.127991485864356,1.0,0.0,1.0,0.0,1.0,0.0
4,10,2.7651953466441976,11.961773620002964,0.0,0.0,1.0,1.0,1.0,0.0
5,10,4.926703121936085,6.737125460409361,1.0,1.0,1.0,0.0,0.0,0.0
6,10,1.9135326141880888,10.0759707840577,0.0,1.0,1.0,1.0,0.0,0.0
7,10,10.816957744880632,0.0,1.0,1.0,0.0,0.0,0.0,1.0
8,10,1.124053796590907,0.8691133416093613,0.0,1.0,0.0,1.0,0.0,1.0
9,10,8.839743448376481,3.15412734891751,0.0,1.0,0.0,1.0,0.0,1.0
10,10,2.8317564639602377,5.090335693072503,0.0,0.0,0.0,1.0,1.0,1.0
11,10,9.159452710641052,8.085063685836403,0.0,0.0,0.0,1.0,1.0,1.0
12,10,11.851573555111663,11.89647668993632,1.0,0.0,1.0,0.0,1.0,0.0
13,10,1.078365230049097,7.174601729851807,0.0,0.0,1.0,1.0,1.0,0.0
14,10,7.753242945706003,0.0,1.0,0.0,0.0,0.0,1.0,1.0
15,10,2.206401142742896,5.046468748781813,1.0,0.0,1.0,0.0,1.0,0.0
16,10,8.922755617157026,3.0967681349821627,0.0,0.0,1.0,1.0,1.0,0.0
17,10,3.942926474932615,10.850750544938874,0.0,1.0,0.0,1.0,0.0,1.0
18,10,9.24299730673263,2.043933807447416,1.0,0.0,1.0,0.0,1.0,0.0
19,10,10.92381619111678,8.108410951512031,0.0,1.0,1.0,1.0,0.0,0.0
20,10,0.8885617787116412,10.70497314967664,0.0,1.0,1.0,1.0,0.0,0.0
21,10,9.021242846786327,0.0,1.0,1.0,0.0,0.0,0.0,1.0
22,10,0.9192406031178392,10.838509458751616,0.0,0.0,0.0,1.0,1.0,1.0
23,10,2.946885748757723,0.9253319018488017,1.0,1.0,0.0,0.0,0.0,1.0
24,10,4.95818293399808,4.141049176135237,1.0,1.0,0.0,0.0,0.0,1.0
25,10,11.148605798067294,10.910593938241128,1.0,0.0,1.0,0.0,1.0,0.0
26,10,10.101330279546398,2.872099618246667,0.0,1.0,0.0,1.0,0.0,1.0
27,10,11.045047777446568,1.883829890078383,0.0,0.0,1.0,1.0,1.0,0.0
28,10,9.912492253438574,3.910025483602847,0.0,0.0,1.0,1.0,1.0,0.0
29,10,1.1967637948754304,10.07449975501391,1.0,1.0,0.0,0.0,0.0,1.0
0,15,1.8956323347608552,5.152055970831371,0.0,0.0,0.0,1.0,1.0,1.0
1,15,3.8874676790137785,1.2206975906417468,1.0,0.0,0.0,0.0,1.0,1.0
2,15,8.998340034494161,1.6924127033411167,0.0,0.0,0.0,1.0,1.0,1.0
3,15,7.950185723315791,11.181387853534858,1.0,0.0,1.0,0.0,1.0,0.0
4,15,2.6914071062394185,11.948909938708766,0.0,0.0,1.0,1.0,1.0,0.0
5,15,4.902581197295406,6.656081692636509,1.0,1.0,1.0,0.0,0.0,0.0
6,15,1.8835428594127213,10.101120424848729,0.0,1.0,1.0,1.0,0.0,0.0
7,15,10.754934765631855,0.0,1.0,1.0,0.0,0.0,0.0,1.0
8,15,1.067299341839239,0.8172029059131587,0.0,1.0,0.0,1.0,0.0,1.0
9,15,8.783720392312995,3.2079441155219564,0.0,1.0,0.0,1.0,0.0,1.0
10,15,2.7599602030502024,5.129185823195996,0.0,0.0,0.0,1.0,1.0,1.0
11,15,9.224570558990685,8.120280881774494,0.0,0.0,0.0,1.0,1.0,1.0
12,15,11.788406882164628,11.853521564592445,1.0,0.0,1.0,0.0,1.0,0.0
13,15,1.1049324961386748,7.226078352721251,0.0,0.0,1.0,1.0,1.0,0.0
14,15,7.673187531201799,0.0,1.0,0.0,0.0,0.0,1.0,1.0
15,15,2.2916822631623184,5.066332414230756,1.0,0.0,1.0,0.0,1.0,0.0
16,15,8.898918966108143,3.125385101736572,0.0,0.0,1.0,1.0,1.0,0.0
17,15,3.923548047437534,10.804052008052665,0.0,1.0,0.0,1.0,0.0,1.0
18,15,9.328613261244913,2.067146150890641,1.0,0.0,1.0,0.0,1.0,0.0
19,15,10.904945412079623,8.135283704953979,0.0,1.0,1.0,1.0,0.0,0.0
20,15,0.8521107036779774,10.60628141901542,0.0,1.0,1.0,1.0,0.0,0.0
21,15,9.029878055762286,0.0,1.0,1.0,0.0,0.0,0.0,1.0
22,15,0.8969874024435971,10.798006600585342,0.0,0.0,0.0,1.0,1.0,1.0
23,15,2.938622576418596,0.9142018425830654,1.0,1.0,0.0,0.0,0.0,1.0
24,15,4.944263892645312,4.192022044346712,1.0,1.0,0.0,0.0,0.0,1.0
25,15,11.207591780312985,10.87495588424094,1.0,0.0,1.0,0.0,1.0,0.0
26,15,10.135827931934376,2.828175250230289,0.0,1.0,0.0,1.0,0.0,1.0
27,15,11.048667496848672,1.8740084859780868,0.0,0.0,1.0,1.0,1.0,0.0
28,15,9.871073025094118,3.867395011190064,0.0,0.0,1.0,1.0,1.0,0.0
29,15,1.2552219289953812,10.093587881897816,1.0,1.0,0.0,0.0,0.0,1.0
0,20,1.8736355753112797,5.183444425418157,0.0,0.0,0.0,1.0,1.0,1.0
1,20,3.862108257630285,1.2687053173629146,1.0,0.0,0.0,0.0,1.0,1.0
2,20,8.995384379809584,1.6184743940590496,0.0,0.0,0.0,1.0,1.0,1.0
3,20,7.93958725171028,11.221886281150883,1.0,0.0,1.0,0.0,1.0,0.0
4,20,2.608819270450002,11.93389991481098,0.0,0.0,1.0,1.0,1.0,0.0
5,20,4.8753872089502455,6.567172189465949,1.0,1.0,1.0,0.0,0.0,0.0
6,20,1.8584501556756596,10.121164762189853,0.0,1.0,1.0,1.0,0.0,0.0
7,20,10.685153453795682,0.0,1.0,1.0,0.0,0.0,0.0,1.0
8,20,1.0161813744362265,0.769490482160244,0.0,1.0,0.0,1.0,0.0,1.0
9,20,8.724549368884658,3.261985511053815,0.0,1.0,0.0,1.0,0.0,1.0
10,20,2.670129838381459,5.179127034300294,0.0,0.0,0.0,1.0,1.0,1.0
11,20,9.30492496039474,8.167955472757026,0.0,0.0,0.0,1.0,1.0,1.0
12,20,11.722516840970473,11.80870172875499,1.0,0.0,1.0,0.0,1.0,0.0
13,20,1.1371174378939255,7.288927322881968,0.0,0.0,1.0,1.0,1.0,0.0
14,20,7.597109079603053,0.0,1.0,0.0,0.0,0.0,1.0,1.0
15,20,2.3417757835515194,5.077686812836428,1.0,0.0,1.0,0.0,1.0,0.0
16,20,8.884571135404277,3.141650397896562,0.0,0.0,1.0,1.0,1.0,0.0
17,20,3.903361699423756,10.752303275383316,0.0,1.0,0.0,1.0,0.0,1.0
18,20,9.415315569794894,2.0896302871781414,1.0,0.0,1.0,0.0,1.0,0.0
19,20,10.88567713793283,8.16349834219185,0.0,1.0,1.0,1.0,0.0,0.0
20,20,0.8254206439218755,10.532496157043523,0.0,1.0,1.0,1.0,0.0,0.0
21,20,9.035858653885205,0.0,1.0,1.0,0.0,0.0,0.0,1.0
22,20,0.8732803742165309,10.755006912870632,0.0,0.0,0.0,1.0,1.0,1.0
23,20,2.9404395634884013,0.9165426105696264,1.0,1.0,0.0,0.0,0.0,1.0
24,20,4.923942734667233,4.267295264179471,1.0,1.0,0.0,0.0,0.0,1.0
25,20,11.246703811293672,10.85158713201883,1.0,0.0,1.0,0.0,1.0,0.0
26,20,10.167282426004066,2.789027947071304,0.0,1.0,0.0,1.0,0.0,1.0
27,20,11.052495685283624,1.8633464888821691,0.0,0.0,1.0,1.0,1.0,0.0
28,20,9.834779162725088,3.827687646427877,0.0,0.0,1.0,1.0,1.0,0.0
29,20,1.3221883655834554,10.114490056241896,1.0,1.0,0.0,0.0,0.0,1.0
0,25,1.8637352317943217,5.196954476469437,0.0,0.0,0.0,1.0,1.0,1.0
1,25,3.831152124501576,1.329400747267065,1.0,0.0,0.0,0.0,1.0,1.0
2,25,8.993031806500227,1.5647437456524005,0.0,0.0,0.0,1.0,1.0,1.0
3,25,7.925270393905499,11.276452607775122,1.0,0.0,1.0,0.0,1.0,0.0
4,25,2.5050520439815247,11.9150019927379,0.0,0.0,1.0,1.0,1.0,0.0
5,25,4.850370943012216,6.478156832514348,1.0,1.0,1.0,0.0,0.0,0.0
6,25,1.8431883214126892,10.132734580948188,0.0,1.0,1.0,1.0,0.0,0.0
7,25,10.61023273229938,0.0,1.0,1.0,0.0,0.0,0.0,1.0
8,25,0.975946382970216,0.7295896321801124,0.0,1.0,0.0,1.0,0.0,1.0
9,25,8.661738287127303,3.318057495230203,0.0,1.0,0.0,1.0,0.0,1.0
10,25,2.568655342705809,5.2396600581768205,0.0,0.0,0.0,1.0,1.0,1.0
11,25,9.39987331492864,8.228383948606899,0.0,0.0,0.0,1.0,1.0,1.0
12,25,11.640953519052632,11.75723289040775,1.0,0.0,1.0,0.0,1.0,0.0
13,25,1.161839519505893,7.339811380803226,0.0,0.0,1.0,1.0,1.0,0.0
14,25,7.521090120579473,0.0,1.0,0.0,0.0,0.0,1.0,1.0
15,25,2.3756016700407314,5.085994146774618,1.0,0.0,1.0,0.0,1.0,0.0
16,25,8.872260009815827,3.1558839180013574,0.0,0.0,1.0,1.0,1.0,0.0
17,25,3.879484986414912,10.69730959884181,0.0,1.0,0.0,1.0,0.0,1.0
18,25,9.516686734686358,2.116923886566775,1.0,0.0,1.0,0.0,1.0,0.0
19,25,10.86140807281231,8.197611546244508,0.0,1.0,1.0,1.0,0.0,0.0
20,25,0.7985582455313396,10.46268706307353,0.0,1.0,1.0,1.0,0.0,0.0
21,25,9.042958454074922,0.0,1.0,1.0,0.0,0.0,0.0,1.0
22,25,0.8526857080210692,10.715474632732336,0.0,0.0,0.0,1.0,1.0,1.0
23,25,2.936705142222931,0.9111183180774616,1.0,1.0,0.0,0.0,0.0,1.0
24,25,4.899614619164004,4.350965471041886,1.0,1.0,0.0,0.0,0.0,1.0
25,25,11.287042238086157,10.826239792970227,1.0,0.0,1.0,0.0,1.0,0.0
26,25,10.218118704882228,2.7284396197830434,0.0,1.0,0.0,1.0,0.0,1.0
27,25,11.049785776375735,1.8704687771140256,0.0,0.0,1.0,1.0,1.0,0.0
28,25,9.802021021375284,3.793805294546333,0.0,0.0,1.0,1.0,1.0,0.0
29,25,1.3877932495453864,10.136273888175912,1.0,1.0,0.0,0.0,0.0,1.0
0,30,1.86106689562552,5.195053055589945,0.0,0.0,0.0,1.0,1.0,1.0
1,30,3.800145914955497,1.3931154691736145,1.0,0.0,0.0,0.0,1.0,1.0
2,30,8.992238286008588,1.55401502655933,0.0,0.0,0.0,1.0,1.0,1.0
3,30,7.908393847173728,11.343604422081809,1.0,0.0,1.0,0.0,1.0,0.0
4,30,2.39463168909409,11.89677092996928,0.0,0.0,1.0,1.0,1.0,0.0
5,30,4.734590152676582,6.506239740172224,1.0,1.0,1.0,0.0,0.0,0.0
6,30,1.8284298718093,10.143817122565492,0.0,1.0,1.0,1.0,0.0,0.0
7,30,10.531281403316829,0.0008053365236936,1.0,1.0,0.0,0.0,0.0,1.0
8,30,0.9495029339490982,0.703157311007008,0.0,1.0,0.0,1.0,0.0,1.0
9,30,8.604031454538347,3.374718112579721,0.0,1.0,0.0,1.0,0.0,1.0
10,30,2.468657130723166,5.296835061625566,0.0,0.0,0.0,1.0,1.0,1.0
11,30,9.48059184759646,8.279293271668463,0.0,0.0,0.0,1.0,1.0,1.0
12,30,11.569987394450864,11.710964292412411,1.0,0.0,1.0,0.0,1.0,0.0
13,30,1.1892506599597654,7.395233722189552,0.0,0.0,1.0,1.0,1.0,0.0
14,30,7.432912848355629,0.0,1.0,0.0,0.0,0.0,1.0,1.0
15,30,2.405561416344721,5.093369015148822,1.0,0.0,1.0,0.0,1.0,0.0
16,30,8.83964365388426,3.194730772018464,0.0,0.0,1.0,1.0,1.0,0.0
17,30,3.858774879642132,10.652463469411904,0.0,1.0,0.0,1.0,0.0,1.0
18,30,9.64527131042421,2.153037767274936,1.0,0.0,1.0,0.0,1.0,0.0
19,30,10.844728968452085,8.221114377717,0.0,1.0,1.0,1.0,0.0,0.0
20,30,0.7716146813618313,10.393333861328292,0.0,1.0,1.0,1.0,0.0,0.0
21,30,9.050305365755776,0.0,1.0,1.0,0.0,0.0,0.0,1.0
22,30,0.8377820070048896,10.687283439370198,0.0,0.0,0.0,1.0,1.0,1.0
23,30,2.926527858971252,0.8953135808127234,1.0,1.0,0.0,0.0,0.0,1.0
24,30,4.885296152853514,4.405106104966043,1.0,1.0,0.0,0.0,0.0,1.0
25,30,11.331893845501538,10.798993159935204,1.0,0.0,1.0,0.0,1.0,0.0
26,30,10.270340046478257,2.665482244875702,0.0,1.0,0.0,1.0,0.0,1.0
27,30,11.042935059917772,1.88915640661134,0.0,0.0,1.0,1.0,1.0,0.0
28,30,9.76012591381633,3.751066735854624,0.0,0.0,1.0,1.0,1.0,0.0
29,30,1.457319383875358,10.158313801149909,1.0,1.0,0.0,0.0,0.0,1.0
0,35,1.853856956150908,5.189783848674662,0.0,0.0,0.0,1.0,1.0,1.0
1,35,3.772576617172284,1.451798837384444,1.0,0.0,0.0,0.0,1.0,1.0
2,35,8.989674570289042,1.5220182436687637,0.0,0.0,0.0,1.0,1.0,1.0
3,35,7.888677989950956,11.424864642351414,1.0,0.0,1.0,0.0,1.0,0.0
4,35,2.300900539853584,11.878855678737258,0.0,0.0,1.0,1.0,1.0,0.0
5,35,4.638254670970019,6.529512964496361,1.0,1.0,1.0,0.0,0.0,0.0
6,35,1.8200006068104804,10.150353259488284,0.0,1.0,1.0,1.0,0.0,0.0
7,35,10.437041934680035,0.0037252790488309,1.0,1.0,0.0,0.0,0.0,1.0
8,35,0.926355654995922,0.679724941073309,0.0,1.0,0.0,1.0,0.0,1.0
9,35,8.560984979274306,3.4159850366412763,0.0,1.0,0.0,1.0,0.0,1.0
10,35,2.387829634864385,5.34400529965669,0.0,0.0,0.0,1.0,1.0,1.0
11,35,9.570847137795292,8.340171389030429,0.0,0.0,0.0,1.0,1.0,1.0
12,35,11.507138960904236,11.668632163359748,1.0,0.0,1.0,0.0,1.0,0.0
13,35,1.2117788234376974,7.441132707154014,0.0,0.0,1.0,1.0,1.0,0.0
14,35,7.367590728453683,0.0,1.0,0.0,0.0,0.0,1.0,1.0
15,35,2.4316238658938425,5.100010428272974,1.0,0.0,1.0,0.0,1.0,0.0
16,35,8.823205998384081,3.2155442977035538,0.0,0.0,1.0,1.0,1.0,0.0
17,35,3.826319204156749,10.586540020810768,0.0,1.0,0.0,1.0,0.0,1.0
18,35,9.772911438855786,2.188937297759276,1.0,0.0,1.0,0.0,1.0,0.0
19,35,10.824812977472448,8.249277936844633,0.0,1.0,1.0,1.0,0.0,0.0
20,35,0.7402294319802227,10.309408751624352,0.0,1.0,1.0,1.0,0.0,0.0
21,35,9.062446706164057,0.0,1.0,1.0,0.0,0.0,0.0,1.0
22,35,0.860098747754507,10.67513230036525,0.0,0.0,0.0,1.0,1.0,1.0
23,35,2.9140713206785303,0.8754937698995959,1.0,1.0,0.0,0.0,0.0,1.0
24,35,4.871108610140777,4.459282225882786,1.0,1.0,0.0,0.0,0.0,1.0
25,35,11.366079023325,10.778446832747957,1.0,0.0,1.0,0.0,1.0,0.0
26,35,10.338004929323072,2.584833538427307,0.0,1.0,0.0,1.0,0.0,1.0
27,35,11.032495336092817,1.9159639861172653,0.0,0.0,1.0,1.0,1.0,0.0
28,35,9.71353371303528,3.70419343277252,0.0,0.0,1.0,1.0,1.0,0.0
29,35,1.5254423285521956,10.178801891064658,1.0,1.0,0.0,0.0,0.0,1.0
0,40,1.855484327124865,5.19096638748833,0.0,0.0,0.0,1.0,1.0,1.0
1,40,3.7441686847273545,1.510809492626512,1.0,0.0,0.0,0.0,1.0,1.0
2,40,8.98950525242963,1.5186424117955628,0.0,0.0,0.0,1.0,1.0,1.0
3,40,7.872970453054373,11.485562758495876,1.0,0.0,1.0,0.0,1.0,0.0
4,40,2.216144599993911,11.862528206587658,0.0,0.0,1.0,1.0,1.0,0.0
5,40,4.541916194797014,6.552815994323527,1.0,1.0,1.0,0.0,0.0,0.0
6,40,1.8060267507580985,10.16144490994557,0.0,1.0,1.0,1.0,0.0,0.0
7,40,10.371247840363022,0.0066485854097846,1.0,1.0,0.0,0.0,0.0,1.0
8,40,0.9178103093272498,0.6711067245132417,0.0,1.0,0.0,1.0,0.0,1.0
9,40,8.513777050128017,3.4597279107432093,0.0,1.0,0.0,1.0,0.0,1.0
10,40,2.299902997083286,5.396449681008006,0.0,0.0,0.0,1.0,1.0,1.0
11,40,9.652093206009116,8.395333294262205,0.0,0.0,0.0,1.0,1.0,1.0
12,40,11.454746375997582,11.6331244980482,1.0,0.0,1.0,0.0,1.0,0.0
13,40,1.2431711694724603,7.501760327144399,0.0,0.0,1.0,1.0,1.0,0.0
14,40,7.30792611799328,0.0,1.0,0.0,0.0,0.0,1.0,1.0
15,40,2.4729019796447957,5.109828515133917,1.0,0.0,1.0,0.0,1.0,0.0
16,40,8.794170275279447,3.253055292086814,0.0,0.0,1.0,1.0,1.0,0.0
17,40,3.797236022266294,10.530839266840776,0.0,1.0,0.0,1.0,0.0,1.0
18,40,9.878970867577726,2.217871807592677,1.0,0.0,1.0,0.0,1.0,0.0
19,40,10.807122928189823,8.273842692870478,0.0,1.0,1.0,1.0,0.0,0.0
20,40,0.7088037266070609,10.219732584798043,0.0,1.0,1.0,1.0,0.0,0.0
21,40,9.07461872399308,0.0,1.0,1.0,0.0,0.0,0.0,1.0
22,40,0.8773916088334197,10.665627957694127,0.0,0.0,0.0,1.0,1.0,1.0
23,40,2.893767976289835,0.8430181459994495,1.0,1.0,0.0,0.0,0.0,1.0
24,40,4.856036257888722,4.518120114830268,1.0,1.0,0.0,0.0,0.0,1.0
25,40,11.383359168114676,10.768020972616885,1.0,0.0,1.0,0.0,1.0,0.0
26,40,10.394716737713404,2.519493321888404,0.0,1.0,0.0,1.0,0.0,1.0
27,40,11.016230891836903,1.9581503855900668,0.0,0.0,1.0,1.0,1.0,0.0
28,40,9.663133171201942,3.655244650588723,0.0,0.0,1.0,1.0,1.0,0.0
29,40,1.6124260823268854,10.2067084863076,1.0,1.0,0.0,0.0,0.0,1.0
0,45,1.8487593541878844,5.185881063024237,0.0,0.0,0.0,1.0,1.0,1.0
1,45,3.714262401593994,1.5719549684230707,1.0,0.0,0.0,0.0,1.0,1.0
2,45,8.990152971183182,1.5325629323816112,0.0,0.0,0.0,1.0,1.0,1.0
3,45,7.856605135198005,11.54562583971313,1.0,0.0,1.0,0.0,1.0,0.0
4,45,2.128323327257393,11.845269131153296,0.0,0.0,1.0,1.0,1.0,0.0
5,45,4.451695526584951,6.573088882366431,1.0,1.0,1.0,0.0,0.0,0.0
6,45,1.7897758884553356,10.173974269368992,0.0,1.0,1.0,1.0,0.0,0.0
7,45,10.322817183537088,0.0091444599720946,1.0,1.0,0.0,0.0,0.0,1.0
8,45,0.9005858618101027,0.6530484803949802,0.0,1.0,0.0,1.0,0.0,1.0
9,45,8.449130881534083,3.521339741124428,0.0,1.0,0.0,1.0,0.0,1.0
10,45,2.2092413677176888,5.44975277640932,0.0,0.0,0.0,1.0,1.0,1.0
11,45,9.72021199182,8.441828149829465,0.0,0.0,0.0,1.0,1.0,1.0
12,45,11.396719913532758,11.591056179541503,1.0,0.0,1.0,0.0,1.0,0.0
13,45,1.275059295355123,7.561720130428819,0.0,0.0,1.0,1.0,1.0,0.0
14,45,7.223161012877588,0.0,1.0,0.0,0.0,0.0,1.0,1.0
15,45,2.494363815122079,5.114555666476692,1.0,0.0,1.0,0.0,1.0,0.0
16,45,8.758205020201194,3.298847516093694,0.0,0.0,1.0,1.0,1.0,0.0
17,45,3.763743390592348,10.463145786195868,0.0,1.0,0.0,1.0,0.0,1.0
18,45,9.958989727240532,2.2404653354390884,1.0,0.0,1.0,0.0,1.0,0.0
19,45,10.78116251912851,8.312325234857841,0.0,1.0,1.0,1.0,0.0,0.0
20,45,0.676774176282409,10.124240958344547,0.0,1.0,1.0,1.0,0.0,0.0
21,45,9.081722518586638,0.0,1.0,1.0,0.0,0.0,0.0,1.0
22,45,0.8944444943506817,10.656480627046482,0.0,0.0,0.0,1.0,1.0,1.0
23,45,2.8630345227874567,0.7927923433361276,1.0,1.0,0.0,0.0,0.0,1.0
24,45,4.838500769611862,4.584603822271647,1.0,1.0,0.0,0.0,0.0,1.0
25,45,11.394401060337756,10.761458054073133,1.0,0.0,1.0,0.0,1.0,0.0
26,45,10.456672782690475,2.4472633780235715,0.0,1.0,0.0,1.0,0.0,1.0
27,45,10.999568236198344,1.999823834045425,0.0,0.0,1.0,1.0,1.0,0.0
28,45,9.602339075637008,3.59471448729872,0.0,0.0,1.0,1.0,1.0,0.0
29,45,1.68857957178996,10.231406174653085,1.0,1.0,0.0,0.0,0.0,1.0
0,50,1.8417485069509152,5.18043126113184,0.0,0.0,0.0,1.0,1.0,1.0
1,50,3.687858874034373,1.6249783805918374,1.0,0.0,0.0,0.0,1.0,1.0
2,50,8.991650101100285,1.5667603480254029,0.0,0.0,0.0,1.0,1.0,1.0
3,50,7.837937814169291,11.609165970846515,1.0,0.0,1.0,0.0,1.0,0.0
4,50,2.034234150348111,11.825063133907529,0.0,0.0,1.0,1.0,1.0,0.0
5,50,4.365520639221294,6.591066131867232,1.0,1.0,1.0,0.0,0.0,0.0
6,50,1.7564400730362866,10.200218116910856,0.0,1.0,1.0,1.0,0.0,0.0
7,50,10.269357082508812,0.0116741726672903,1.0,1.0,0.0,0.0,0.0,1.0
8,50,0.9269160535101402,0.628113172474288,0.0,1.0,0.0,1.0,0.0,1.0
9,50,8.405919161851145,3.5638443121051697,0.0,1.0,0.0,1.0,0.0,1.0
10,50,2.1409833305599464,5.4894766653616,0.0,0.0,0.0,1.0,1.0,1.0
11,50,9.777006681690809,8.48153178074936,0.0,0.0,0.0,1.0,1.0,1.0
12,50,11.35604764962764,11.56227251563157,1.0,0.0,1.0,0.0,1.0,0.0
13,50,1.2993973597412505,7.603568219496015,0.0,0.0,1.0,1.0,1.0,0.0
14,50,7.129129713874294,0.0,1.0,0.0,0.0,0.0,1.0,1.0
15,50,2.524186505309041,5.120570166121034,1.0,0.0,1.0,0.0,1.0,0.0
16,50,8.737180477111858,3.325095330942911,0.0,0.0,1.0,1.0,1.0,0.0
17,50,3.725149112399627,10.387514280909947,0.0,1.0,0.0,1.0,0.0,1.0
18,50,10.027656806178747,2.260152627032744,1.0,0.0,1.0,0.0,1.0,0.0
19,50,10.749540155031934,8.355407596435258,0.0,1.0,1.0,1.0,0.0,0.0
20,50,0.6407092785083448,10.012710409909648,0.0,1.0,1.0,1.0,0.0,0.0
21,50,9.086043910960834,0.0,1.0,1.0,0.0,0.0,0.0,1.0
22,50,0.8997003874311463,10.653785125111778,0.0,0.0,0.0,1.0,1.0,1.0
23,50,2.831231266812039,0.742435986482796,1.0,1.0,0.0,0.0,0.0,1.0
24,50,4.821635287114939,4.651800292045873,1.0,1.0,0.0,0.0,0.0,1.0
25,50,11.416194076525178,10.74862803435294,1.0,0.0,1.0,0.0,1.0,0.0
26,50,10.532128036610386,2.3622321461578,0.0,1.0,0.0,1.0,0.0,1.0
27,50,10.979328612777472,2.049932031173761,0.0,0.0,1.0,1.0,1.0,0.0
28,50,9.527134637292887,3.522863175828024,0.0,0.0,1.0,1.0,1.0,0.0
29,50,1.747561844384219,10.24989506146501,1.0,1.0,0.0,0.0,0.0,1.0
0,55,1.832722172036752,5.173187618201213,0.0,0.0,0.0,1.0,1.0,1.0
1,55,3.6603704708216935,1.6752958431220333,1.0,0.0,0.0,0.0,1.0,1.0
2,55,8.994073374350188,1.6072502288125916,0.0,0.0,0.0,1.0,1.0,1.0
3,55,7.814245953042137,11.68520405369329,1.0,0.0,1.0,0.0,1.0,0.0
4,55,1.9271701315582024,11.800453788050635,0.0,0.0,1.0,1.0,1.0,0.0
5,55,4.287266103828169,6.609899302863655,1.0,1.0,1.0,0.0,0.0,0.0
6,55,1.7198373123877762,10.228300600274364,0.0,1.0,1.0,1.0,0.0,0.0
7,55,10.20816138429063,0.0130539994066598,1.0,1.0,0.0,0.0,0.0,1.0
8,55,0.9613828870518848,0.5947465102338629,0.0,1.0,0.0,1.0,0.0,1.0
9,55,8.346888609556997,3.622722430668684,0.0,1.0,0.0,1.0,0.0,1.0
10,55,2.0909568482809777,5.519449917766601,0.0,0.0,0.0,1.0,1.0,1.0
11,55,9.830278105540703,8.520484405416061,0.0,0.0,0.0,1.0,1.0,1.0
12,55,11.313100569159996,11.531823564920066,1.0,0.0,1.0,0.0,1.0,0.0
13,55,1.3244150626801148,7.647384005180461,0.0,0.0,1.0,1.0,1.0,0.0
14,55,7.021176975608773,0.0,1.0,0.0,0.0,0.0,1.0,1.0
15,55,2.569497501674932,5.128906064395574,1.0,0.0,1.0,0.0,1.0,0.0
16,55,8.71788429055143,3.348080801869844,0.0,0.0,1.0,1.0,1.0,0.0
17,55,3.691269802887269,10.32276721682529,0.0,1.0,0.0,1.0,0.0,1.0
18,55,10.097234114354949,2.280891199528061,1.0,0.0,1.0,0.0,1.0,0.0
19,55,10.725083122525866,8.387555244656522,0.0,1.0,1.0,1.0,0.0,0.0
20,55,0.5979488381998399,9.889308178116975,0.0,1.0,1.0,1.0,0.0,0.0
21,55,9.088832256879927,0.0,1.0,1.0,0.0,0.0,0.0,1.0
22,55,0.9159518195125816,10.645398564612744,0.0,0.0,0.0,1.0,1.0,1.0
23,55,2.787287367623056,0.6785656521124093,1.0,1.0,0.0,0.0,0.0,1.0
24,55,4.805433125789667,4.714421395139002,1.0,1.0,0.0,0.0,0.0,1.0
25,55,11.45044452862851,10.728429558006466,1.0,0.0,1.0,0.0,1.0,0.0
26,55,10.618012811663824,2.2640470450290326,0.0,1.0,0.0,1.0,0.0,1.0
27,55,10.94870475637332,2.123339418194125,0.0,0.0,1.0,1.0,1.0,0.0
28,55,9.470063340151455,3.469000378995058,0.0,0.0,1.0,1.0,1.0,0.0
29,55,1.812448861838288,10.270783165692158,1.0,1.0,0.0,0.0,0.0,1.0
0,60,1.8247530812903747,5.166449150883087,0.0,0.0,0.0,1.0,1.0,1.0
1,60,3.6228798155369457,1.7460369336521928,1.0,0.0,0.0,0.0,1.0,1.0
2,60,8.995985517927368,1.6341685494085365,0.0,0.0,0.0,1.0,1.0,1.0
3,60,7.784419907241033,11.772951148231035,1.0,0.0,1.0,0.0,1.0,0.0
4,60,1.8233858137270205,11.776662017195012,0.0,0.0,1.0,1.0,1.0,0.0
5,60,4.218776733331689,6.628710983722423,1.0,1.0,1.0,0.0,0.0,0.0
6,60,1.6754884992537458,10.263688684818929,0.0,1.0,1.0,1.0,0.0,0.0
7,60,10.180103791865182,0.013186023709478,1.0,1.0,0.0,0.0,0.0,1.0
8,60,0.9970597923886464,0.5606898092166301,0.0,1.0,0.0,1.0,0.0,1.0
9,60,8.268653954913606,3.7007177552642,0.0,1.0,0.0,1.0,0.0,1.0
10,60,2.0334500095773618,5.552032053339523,0.0,0.0,0.0,1.0,1.0,1.0
11,60,9.858278611953626,8.54110099673864,0.0,0.0,0.0,1.0,1.0,1.0
12,60,11.269044386970908,11.499917147837836,1.0,0.0,1.0,0.0,1.0,0.0
13,60,1.3549397736850366,7.700325131640075,0.0,0.0,1.0,1.0,1.0,0.0
14,60,6.912971993578937,0.0,1.0,0.0,0.0,0.0,1.0,1.0
15,60,2.60854224710068,5.136839089762634,1.0,0.0,1.0,0.0,1.0,0.0
16,60,8.696750492904446,3.3733248188312093,0.0,0.0,1.0,1.0,1.0,0.0
17,60,3.653216550141887,10.252204420695394,0.0,1.0,0.0,1.0,0.0,1.0
18,60,10.162910817295822,2.3018053765812545,1.0,0.0,1.0,0.0,1.0,0.0
19,60,10.694703467056316,8.42678763786775,0.0,1.0,1.0,1.0,0.0,0.0
20,60,0.5549762263161006,9.765453733761335,0.0,1.0,1.0,1.0,0.0,0.0
21,60,9.090287425830605,0.0,1.0,1.0,0.0,0.0,0.0,1.0
22,60,0.9316525772531632,10.637513431561688,0.0,0.0,0.0,1.0,1.0,1.0
23,60,2.738688938297758,0.609006590768104,1.0,1.0,0.0,0.0,0.0,1.0
24,60,4.788400177178243,4.779308484740175,1.0,1.0,0.0,0.0,0.0,1.0
25,60,11.485097617153436,10.70744741468522,1.0,0.0,1.0,0.0,1.0,0.0
26,60,10.694711049442937,2.1745021199680474,0.0,1.0,0.0,1.0,0.0,1.0
27,60,10.930946352468125,2.171341614500593,0.0,0.0,1.0,1.0,1.0,0.0
28,60,9.418593847344628,3.422281525536542,0.0,0.0,1.0,1.0,1.0,0.0
29,60,1.8852335986683555,10.292805058399477,1.0,1.0,0.0,0.0,0.0,1.0
0,65,1.820096537102472,5.16260271126494,0.0,0.0,0.0,1.0,1.0,1.0
1,65,3.5860122564229755,1.814128186485144,1.0,0.0,0.0,0.0,1.0,1.0
2,65,8.995499356855131,1.6285362446513472,0.0,0.0,0.0,1.0,1.0,1.0
3,65,7.753677877814438,11.864214206275175,1.0,0.0,1.0,0.0,1.0,0.0
4,65,1.722300247227401,11.752294536272986,0.0,0.0,1.0,1.0,1.0,0.0
5,65,4.143861022313305,6.648005461691671,1.0,1.0,1.0,0.0,0.0,0.0
6,65,1.630653908044616,10.298069566406069,0.0,1.0,1.0,1.0,0.0,0.0
7,65,10.145666199221562,0.0117604309469266,1.0,1.0,0.0,0.0,0.0,1.0
8,65,1.03273125858555,0.5268366705335619,0.0,1.0,0.0,1.0,0.0,1.0
9,65,8.191852940138643,3.7778348284137246,0.0,1.0,0.0,1.0,0.0,1.0
10,65,1.9782183344524125,5.581407112757844,0.0,0.0,0.0,1.0,1.0,1.0
11,65,9.882755443762065,8.560462518838568,0.0,0.0,0.0,1.0,1.0,1.0
12,65,11.22923801653428,11.47222909679107,1.0,0.0,1.0,0.0,1.0,0.0
13,65,1.390169031680498,7.757669054760345,0.0,0.0,1.0,1.0,1.0,0.0
14,65,6.807203265771985,0.0,1.0,0.0,0.0,0.0,1.0,1.0
15,65,2.66859403162056,5.148745583799919,1.0,0.0,1.0,0.0,1.0,0.0
16,65,8.686805210320506,3.385819280648635,0.0,0.0,1.0,1.0,1.0,0.0
17,65,3.618426592746771,10.192606441834547,0.0,1.0,0.0,1.0,0.0,1.0
18,65,10.223752211960694,2.3205188732455184,1.0,0.0,1.0,0.0,1.0,0.0
19,65,10.664273607217122,8.465625094078971,0.0,1.0,1.0,1.0,0.0,0.0
20,65,0.514296565776688,9.644377027991174,0.0,1.0,1.0,1.0,0.0,0.0
21,65,9.09294025156806,0.0,1.0,1.0,0.0,0.0,0.0,1.0
22,65,0.9464908981718136,10.63020306182496,0.0,0.0,0.0,1.0,1.0,1.0
23,65,2.674427659504668,0.5239823440987246,1.0,1.0,0.0,0.0,0.0,1.0
24,65,4.772606931675969,4.845638208914846,1.0,1.0,0.0,0.0,0.0,1.0
25,65,11.51565218212314,10.689300890698194,1.0,0.0,1.0,0.0,1.0,0.0
26,65,10.76947388969084,2.0897196617227234,0.0,1.0,0.0,1.0,0.0,1.0
27,65,10.911167914409685,2.2257508386054554,0.0,0.0,1.0,1.0,1.0,0.0
28,65,9.361542855392864,3.369224010621485,0.0,0.0,1.0,1.0,1.0,0.0
29,65,1.970303489288329,10.318809275867707,1.0,1.0,0.0,0.0,0.0,1.0
0,70,1.8104980004312248,5.154527583469746,0.0,0.0,0.0,1.0,1.0,1.0
1,70,3.5392307007420114,1.902960286498561,1.0,0.0,0.0,0.0,1.0,1.0
2,70,8.992815965769164,1.597362034366682,0.0,0.0,0.0,1.0,1.0,1.0
3,70,7.721927976971724,11.971401412159471,1.0,0.0,1.0,0.0,1.0,0.0
4,70,1.6193819448593207,11.726676309214334,0.0,0.0,1.0,1.0,1.0,0.0
5,70,4.073762967517922,6.66651156461736,1.0,1.0,1.0,0.0,0.0,0.0
6,70,1.5761562655292027,10.339331272476713,0.0,1.0,1.0,1.0,0.0,0.0
7,70,10.119699781256752,0.0106396720647944,1.0,1.0,0.0,0.0,0.0,1.0
8,70,1.0777924843256783,0.4838977412463778,0.0,1.0,0.0,1.0,0.0,1.0
9,70,8.111411055897136,3.85855954124389,0.0,1.0,0.0,1.0,0.0,1.0
10,70,1.9230626791683232,5.609310480523756,0.0,0.0,0.0,1.0,1.0,1.0
11,70,9.922132284627445,8.591457998249172,0.0,0.0,0.0,1.0,1.0,1.0
12,70,11.19311487447385,11.4469700066612,1.0,0.0,1.0,0.0,1.0,0.0
13,70,1.422935787261192,7.814143433569756,0.0,0.0,1.0,1.0,1.0,0.0
14,70,6.690424500926942,0.0,1.0,0.0,0.0,0.0,1.0,1.0
15,70,2.7098935500236587,5.15748069874653,1.0,0.0,1.0,0.0,1.0,0.0
16,70,8.689816822677743,3.381933039997001,0.0,0.0,1.0,1.0,1.0,0.0
17,70,3.585977570410501,10.13707151199665,0.0,1.0,0.0,1.0,0.0,1.0
18,70,10.280349081289746,2.337665202789641,1.0,0.0,1.0,0.0,1.0,0.0
19,70,10.65078037837,8.4833742155532,0.0,1.0,1.0,1.0,0.0,0.0
20,70,0.4699852647868242,9.520618819809412,0.0,1.0,1.0,1.0,0.0,0.0
21,70,9.09560510750052,0.0,1.0,1.0,0.0,0.0,0.0,1.0
22,70,0.9702952339545544,10.61838127220708,0.0,0.0,0.0,1.0,1.0,1.0
23,70,2.620222748419538,0.4536749127140468,1.0,1.0,0.0,0.0,0.0,1.0
24,70,4.764128972810003,4.884036535267417,1.0,1.0,0.0,0.0,0.0,1.0
25,70,11.55058579298538,10.668813098563836,1.0,0.0,1.0,0.0,1.0,0.0
26,70,10.847388580764024,2.0007430686048644,0.0,1.0,0.0,1.0,0.0,1.0
27,70,10.882025388158471,2.3016630051260307,0.0,0.0,1.0,1.0,1.0,0.0
28,70,9.29763305858954,3.309979156523545,0.0,0.0,1.0,1.0,1.0,0.0
29,70,2.06255918593602,10.349260150646783,1.0,1.0,0.0,0.0,0.0,1.0
0,75,1.800955371144212,5.146770216856177,0.0,0.0,0.0,1.0,1.0,1.0
1,75,3.499413917171883,1.9748920584558405,1.0,0.0,0.0,0.0,1.0,1.0
2,75,8.989775324909358,1.5717887456771245,0.0,0.0,0.0,1.0,1.0,1.0
3,75,7.693195699573602,12.0,1.0,0.0,1.0,0.0,1.0,0.0
4,75,1.5208351159704063,11.70111760867514,0.0,0.0,1.0,1.0,1.0,0.0
5,75,3.983466378704172,6.691485466967312,1.0,1.0,1.0,0.0,0.0,0.0
6,75,1.5111652652557723,10.39012996926694,0.0,1.0,1.0,1.0,0.0,0.0
7,75,10.106250427063877,0.0098970943854087,1.0,1.0,0.0,0.0,0.0,1.0
8,75,1.122308224654642,0.4417567239375077,0.0,1.0,0.0,1.0,0.0,1.0
9,75,8.048907066958092,3.9224001449171553,0.0,1.0,0.0,1.0,0.0,1.0
10,75,1.891484439545744,5.624395319530626,0.0,0.0,0.0,1.0,1.0,1.0
11,75,9.97465000519284,8.634594462173558,0.0,0.0,0.0,1.0,1.0,1.0
12,75,11.170465113010213,11.431355964516197,1.0,0.0,1.0,0.0,1.0,0.0
13,75,1.4586274700782629,7.878351148993341,0.0,0.0,1.0,1.0,1.0,0.0
14,75,6.585812626618257,0.0,1.0,0.0,0.0,0.0,1.0,1.0
15,75,2.769016570824695,5.169421887785838,1.0,0.0,1.0,0.0,1.0,0.0
16,75,8.682892007377642,3.3906545723147503,0.0,0.0,1.0,1.0,1.0,0.0
17,75,3.5539434939468384,10.076218384439365,0.0,1.0,0.0,1.0,0.0,1.0
18,75,10.340112665064712,2.354333569696364,1.0,0.0,1.0,0.0,1.0,0.0
19,75,10.638416818410391,8.499226532730056,0.0,1.0,1.0,1.0,0.0,0.0
20,75,0.4267050045888343,9.390455448618695,0.0,1.0,1.0,1.0,0.0,0.0
21,75,9.096177209327127,0.0,1.0,1.0,0.0,0.0,0.0,1.0
22,75,1.0021364223899067,10.603054915142623,0.0,0.0,0.0,1.0,1.0,1.0
23,75,2.5647879107806,0.3844275682257768,1.0,1.0,0.0,0.0,0.0,1.0
24,75,4.752920747010951,4.931048088612237,1.0,1.0,0.0,0.0,0.0,1.0
25,75,11.566490793899115,10.659816992075276,1.0,0.0,1.0,0.0,1.0,0.0
26,75,10.934152391360946,1.9042815068669612,0.0,1.0,0.0,1.0,0.0,1.0
27,75,10.856612404144146,2.376761332003149,0.0,0.0,1.0,1.0,1.0,0.0
28,75,9.212213383518389,3.231579310138476,0.0,0.0,1.0,1.0,1.0,0.0
29,75,2.133256652934835,10.371073091758138,1.0,1.0,0.0,0.0,0.0,1.0
0,80,1.780287208815834,5.129523976851079,0.0,0.0,0.0,1.0,1.0,1.0
1,80,3.4626154307312174,2.046091164535888,1.0,0.0,0.0,0.0,1.0,1.0
2,80,8.988545137995061,1.5594225766643293,0.0,0.0,0.0,1.0,1.0,1.0
3,80,7.665370910009542,12.0,1.0,0.0,1.0,0.0,1.0,0.0
4,80,1.406040010238896,11.670650608592188,0.0,0.0,1.0,1.0,1.0,0.0
5,80,3.880804163700369,6.718898417547197,1.0,1.0,1.0,0.0,0.0,0.0
6,80,1.4635292533846422,10.425546111828544,0.0,1.0,1.0,1.0,0.0,0.0
7,80,10.106203300314744,0.0106040226311228,1.0,1.0,0.0,0.0,0.0,1.0
8,80,1.190830548456749,0.3809246106982144,0.0,1.0,0.0,1.0,0.0,1.0
9,80,7.970024094547325,4.001105653905987,0.0,1.0,0.0,1.0,0.0,1.0
10,80,1.8538567036767708,5.643020973622147,0.0,0.0,0.0,1.0,1.0,1.0
11,80,10.013811642147498,8.665903977356276,0.0,0.0,0.0,1.0,1.0,1.0
12,80,11.152355651004122,11.420149977410016,1.0,0.0,1.0,0.0,1.0,0.0
13,80,1.4975918859655082,7.955685179978825,0.0,0.0,1.0,1.0,1.0,0.0
14,80,6.469095128449843,0.0,1.0,0.0,0.0,0.0,1.0,1.0
15,80,2.8359819315469155,5.1844906179829735,1.0,0.0,1.0,0.0,1.0,0.0
16,80,8.673813607370201,3.401891226239411,0.0,0.0,1.0,1.0,1.0,0.0
17,80,3.523790637162453,10.017532556328188,0.0,1.0,0.0,1.0,0.0,1.0
18,80,10.399045939287548,2.3707643878572378,1.0,0.0,1.0,0.0,1.0,0.0
19,80,10.643744960052508,8.49225902827849,0.0,1.0,1.0,1.0,0.0,0.0
20,80,0.3848685443998247,9.256116442479314,0.0,1.0,1.0,1.0,0.0,0.0
21,80,9.09501921400481,0.0117083153225651,1.0,1.0,0.0,0.0,0.0,1.0
22,80,1.0439328075235503,10.584016102428834,0.0,0.0,0.0,1.0,1.0,1.0
23,80,2.5166329455217804,0.3235301648575991,1.0,1.0,0.0,0.0,0.0,1.0
24,80,4.7468167101472645,4.955739141389468,1.0,1.0,0.0,0.0,0.0,1.0
25,80,11.577732622808576,10.653074532925595,1.0,0.0,1.0,0.0,1.0,0.0
26,80,11.036095401016969,1.7944753963116007,0.0,1.0,0.0,1.0,0.0,1.0
27,80,10.827155174319584,2.4700942249253206,0.0,0.0,1.0,1.0,1.0,0.0
28,80,9.131615996889453,3.156577586278823,0.0,0.0,1.0,1.0,1.0,0.0
29,80,2.186324612854307,10.387666315063518,1.0,1.0,0.0,0.0,0.0,1.0
0,85,1.7599108144711544,5.1133831793777285,0.0,0.0,0.0,1.0,1.0,1.0
1,85,3.424860655835932,2.115557347454597,1.0,0.0,0.0,0.0,1.0,1.0
2,85,8.987811107642532,1.5512952687191677,0.0,0.0,0.0,1.0,1.0,1.0
3,85,7.6378192660609425,12.0,1.0,0.0,1.0,0.0,1.0,0.0
4,85,1.286541586569218,11.642311032416794,0.0,0.0,1.0,1.0,1.0,0.0
5,85,3.798588284893517,6.741768622074975,1.0,1.0,1.0,0.0,0.0,0.0
6,85,1.4304582046370378,10.450588485476004,0.0,1.0,1.0,1.0,0.0,0.0
7,85,10.106777857552771,0.003369727133937,1.0,1.0,0.0,0.0,0.0,1.0
8,85,1.2527428541461751,0.3242880322462981,0.0,1.0,0.0,1.0,0.0,1.0
9,85,7.878272173492366,4.092924739531304,0.0,1.0,0.0,1.0,0.0,1.0
10,85,1.8333961499674627,5.653564355894113,0.0,0.0,0.0,1.0,1.0,1.0
11,85,10.060037385250988,8.7017979112048,0.0,0.0,0.0,1.0,1.0,1.0
12,85,11.1090112039476,11.394733902285523,1.0,0.0,1.0,0.0,1.0,0.0
13,85,1.5348107477959732,8.031572858019674,0.0,0.0,1.0,1.0,1.0,0.0
14,85,6.363556806851395,0.0,1.0,0.0,0.0,0.0,1.0,1.0
15,85,2.902386388368148,5.200449301808853,1.0,0.0,1.0,0.0,1.0,0.0
16,85,8.663689022086448,3.4141694725705047,0.0,0.0,1.0,1.0,1.0,0.0
17,85,3.4928330195517354,9.958315354616335,0.0,1.0,0.0,1.0,0.0,1.0
18,85,10.481966184104854,2.396365060555444,1.0,0.0,1.0,0.0,1.0,0.0
19,85,10.631239268458389,8.50917255018171,0.0,1.0,1.0,1.0,0.0,0.0
20,85,0.34071200772522,9.12413027141027,0.0,1.0,1.0,1.0,0.0,0.0
21,85,9.094041560908863,0.0264807988064002,1.0,1.0,0.0,0.0,0.0,1.0
22,85,1.0675547670547736,10.574157657492345,0.0,0.0,0.0,1.0,1.0,1.0
23,85,2.473664750992857,0.2681543551299561,1.0,1.0,0.0,0.0,0.0,1.0
24,85,4.744116558733526,4.967121642196428,1.0,1.0,0.0,0.0,0.0,1.0
25,85,11.597835858769573,10.640691545513704,1.0,0.0,1.0,0.0,1.0,0.0
26,85,11.139301005534708,1.6862848139463116,0.0,1.0,0.0,1.0,0.0,1.0
27,85,10.804812209956433,2.541436627331368,0.0,0.0,1.0,1.0,1.0,0.0
28,85,9.035859826569636,3.066374322551818,0.0,0.0,1.0,1.0,1.0,0.0
29,85,2.221022143340933,10.398691241752095,1.0,1.0,0.0,0.0,0.0,1.0
0,90,1.7464770562860872,5.102985165615992,0.0,0.0,0.0,1.0,1.0,1.0
1,90,3.3822565435255214,2.197358262397629,1.0,0.0,0.0,0.0,1.0,1.0
2,90,8.98586270365146,1.5310653900383333,0.0,0.0,0.0,1.0,1.0,1.0
3,90,7.6076376772883165,12.0,1.0,0.0,1.0,0.0,1.0,0.0
4,90,1.162663358380872,11.61503312422591,0.0,0.0,1.0,1.0,1.0,0.0
5,90,3.725386507273544,6.761569858044497,1.0,1.0,1.0,0.0,0.0,0.0
6,90,1.3911039257836213,10.47983884181879,0.0,1.0,1.0,1.0,0.0,0.0
7,90,10.107807916497784,0.0,1.0,1.0,0.0,0.0,0.0,1.0
8,90,1.3083880819008538,0.2709291594537937,0.0,1.0,0.0,1.0,0.0,1.0
9,90,7.802496705377051,4.167728285144131,0.0,1.0,0.0,1.0,0.0,1.0
10,90,1.812777648949246,5.6642911968801375,0.0,0.0,0.0,1.0,1.0,1.0
11,90,10.121867769832791,8.746505744973396,0.0,0.0,0.0,1.0,1.0,1.0
12,90,11.057730410619786,11.364495754082636,1.0,0.0,1.0,0.0,1.0,0.0
13,90,1.576188283458971,8.114553337413687,0.0,0.0,1.0,1.0,1.0,0.0
14,90,6.269366318798279,0.0,1.0,0.0,0.0,0.0,1.0,1.0
15,90,2.9393693550969,5.208640559480274,1.0,0.0,1.0,0.0,1.0,0.0
16,90,8.652540179754476,3.4274426986136985,0.0,0.0,1.0,1.0,1.0,0.0
17,90,3.4711759842762366,9.91570401921833,0.0,1.0,0.0,1.0,0.0,1.0
18,90,10.57727626806373,2.4249258733228856,1.0,0.0,1.0,0.0,1.0,0.0
19,90,10.6132718417247,8.533148238077779,0.0,1.0,1.0,1.0,0.0,0.0
20,90,0.2958354859398779,8.988622237907428,0.0,1.0,1.0,1.0,0.0,0.0
21,90,9.093309385256298,0.0389577352141832,1.0,1.0,0.0,0.0,0.0,1.0
22,90,1.0988228005778924,10.561354636907348,0.0,0.0,0.0,1.0,1.0,1.0
23,90,2.4072738663868223,0.1866770674719688,1.0,1.0,0.0,0.0,0.0,1.0
24,90,4.738875283809494,4.989946555634901,1.0,1.0,0.0,0.0,0.0,1.0
25,90,11.621433954486385,10.625729734020632,1.0,0.0,1.0,0.0,1.0,0.0
26,90,11.253713998058984,1.5781515032691245,0.0,1.0,0.0,1.0,0.0,1.0
27,90,10.785198124066522,2.605216248977141,0.0,0.0,1.0,1.0,1.0,0.0
28,90,8.934643968492022,2.969186654993753,0.0,0.0,1.0,1.0,1.0,0.0
29,90,2.2644759583306096,10.411653867861972,1.0,1.0,0.0,0.0,0.0,1.0
0,95,1.7338250646685305,5.093090856795983,0.0,0.0,0.0,1.0,1.0,1.0
1,95,3.342918087767206,2.268349796412233,1.0,0.0,0.0,0.0,1.0,1.0
2,95,8.984750585607294,1.5198835210921282,0.0,0.0,0.0,1.0,1.0,1.0
3,95,7.575783302109488,12.0,1.0,0.0,1.0,0.0,1.0,0.0
4,95,1.0309114114758275,11.586180015034738,0.0,0.0,1.0,1.0,1.0,0.0
5,95,3.626160744447648,6.788188533887735,1.0,1.0,1.0,0.0,0.0,0.0
6,95,1.3427475339871409,10.516356071861502,0.0,1.0,1.0,1.0,0.0,0.0
7,95,10.107204079539216,0.0052369802446364,1.0,1.0,0.0,0.0,0.0,1.0
8,95,1.3757531478657932,0.2085678682633748,0.0,1.0,0.0,1.0,0.0,1.0
9,95,7.724658440248925,4.242458770190416,0.0,1.0,0.0,1.0,0.0,1.0
10,95,1.7913058872894003,5.675702472255801,0.0,0.0,0.0,1.0,1.0,1.0
11,95,10.18660762875388,8.791517080942583,0.0,0.0,0.0,1.0,1.0,1.0
12,95,11.00008080501869,11.329860063135063,1.0,0.0,1.0,0.0,1.0,0.0
13,95,1.6208927421207089,8.203270052410438,0.0,0.0,1.0,1.0,1.0,0.0
14,95,6.152207849286411,0.0,1.0,0.0,0.0,0.0,1.0,1.0
15,95,2.987582722428485,5.220596521713572,1.0,0.0,1.0,0.0,1.0,0.0
16,95,8.637180748675563,3.4461072637147177,0.0,0.0,1.0,1.0,1.0,0.0
17,95,3.441415463617264,9.858729430504818,0.0,1.0,0.0,1.0,0.0,1.0
18,95,10.695145596476108,2.463371151093773,1.0,0.0,1.0,0.0,1.0,0.0
19,95,10.598011029807193,8.5537615902237,0.0,1.0,1.0,1.0,0.0,0.0
20,95,0.2415995267943756,8.838629552687483,0.0,1.0,1.0,1.0,0.0,0.0
21,95,9.091628069993432,0.0559398409573357,1.0,1.0,0.0,0.0,0.0,1.0
22,95,1.1317549480862954,10.548071609663282,0.0,0.0,0.0,1.0,1.0,1.0
23,95,2.3341285293206018,0.0969782826233858,1.0,1.0,0.0,0.0,0.0,1.0
24,95,4.733592801938513,5.013491414363208,1.0,1.0,0.0,0.0,0.0,1.0
25,95,11.659606843781528,10.601140424721295,1.0,0.0,1.0,0.0,1.0,0.0
26,95,11.372063089344094,1.46444000821827,0.0,1.0,0.0,1.0,0.0,1.0
27,95,10.763210398609074,2.6728370023599384,0.0,0.0,1.0,1.0,1.0,0.0
28,95,8.826631617061983,2.8645792992045824,0.0,0.0,1.0,1.0,1.0,0.0
29,95,2.312879962840603,10.427345579583124,1.0,1.0,0.0,0.0,0.0,1.0
0,100,1.7123674015048844,5.0765425438522245,0.0,0.0,0.0,1.0,1.0,1.0
1,100,3.3161364690805786,2.31904650197444,1.0,0.0,0.0,0.0,1.0,1.0
2,100,8.984404175249837,1.5165470056015344,0.0,0.0,0.0,1.0,1.0,1.0
3,100,7.547780490851783,12.0,1.0,0.0,1.0,0.0,1.0,0.0
4,100,0.8603188195062195,11.549388007315407,0.0,0.0,1.0,1.0,1.0,0.0
5,100,3.524135713553641,6.816459241636736,1.0,1.0,1.0,0.0,0.0,0.0
6,100,1.3022534447735137,10.546650784244678,0.0,1.0,1.0,1.0,0.0,0.0
7,100,10.10635264161632,0.0116697265515513,1.0,1.0,0.0,0.0,0.0,1.0
8,100,1.4468453065593805,0.1443321441511575,0.0,1.0,0.0,1.0,0.0,1.0
9,100,7.63737832820481,4.328878848902821,0.0,1.0,0.0,1.0,0.0,1.0
10,100,1.739568465585554,5.702742086094859,0.0,0.0,0.0,1.0,1.0,1.0
11,100,10.252084971709802,8.835898975738816,0.0,0.0,0.0,1.0,1.0,1.0
12,100,10.9472156470601,11.299253820192794,1.0,0.0,1.0,0.0,1.0,0.0
13,100,1.6775182589180646,8.318310076733434,0.0,0.0,1.0,1.0,1.0,0.0
14,100,6.0495452031246,0.0,1.0,0.0,0.0,0.0,1.0,1.0
15,100,3.057393668519902,5.238761274533244,1.0,0.0,1.0,0.0,1.0,0.0
16,100,8.623224499785518,3.4632169012192944,0.0,0.0,1.0,1.0,1.0,0.0
17,100,3.409772867847608,9.79887914122199,0.0,1.0,0.0,1.0,0.0,1.0
18,100,10.834969994538794,2.509365549949188,1.0,0.0,1.0,0.0,1.0,0.0
19,100,10.580684013441305,8.576110326798865,0.0,1.0,1.0,1.0,0.0,0.0
20,100,0.1828128389111519,8.672010527303629,0.0,1.0,1.0,1.0,0.0,0.0
21,100,9.08941453939896,0.080726664632029,1.0,1.0,0.0,0.0,0.0,1.0
22,100,1.1735782210315948,10.530907260839747,0.0,0.0,0.0,1.0,1.0,1.0
23,100,2.271581598404752,0.0200746095144754,1.0,1.0,0.0,0.0,0.0,1.0
24,100,4.732400914634456,5.018700722678638,1.0,1.0,0.0,0.0,0.0,1.0
25,100,11.700385322175215,10.57502842301722,1.0,0.0,1.0,0.0,1.0,0.0
26,100,11.486644801017205,1.357853529099646,0.0,1.0,0.0,1.0,0.0,1.0
27,100,10.738327029483049,2.7504096342190616,0.0,0.0,1.0,1.0,1.0,0.0
28,100,8.717124939895294,2.7588804388178447,0.0,0.0,1.0,1.0,1.0,0.0
29,100,2.3618923555529983,10.443178298040008,1.0,1.0,0.0,0.0,0.0,1.0
0,105,1.6789556523163571,5.050475374695892,0.0,0.0,0.0,1.0,1.0,1.0
1,105,3.284925396627976,2.374894627631703,1.0,0.0,0.0,0.0,1.0,1.0
2,105,8.983970048976344,1.5127603130215892,0.0,0.0,0.0,1.0,1.0,1.0
3,105,7.518396912658026,12.0,1.0,0.0,1.0,0.0,1.0,0.0
4,105,0.6643305715032671,11.501180586462118,0.0,0.0,1.0,1.0,1.0,0.0
5,105,3.439483720646053,6.837877969251948,1.0,1.0,1.0,0.0,0.0,0.0
6,105,1.2658992437904104,10.575024207052731,0.0,1.0,1.0,1.0,0.0,0.0
7,105,10.104768237184857,0.0218334742306619,1.0,1.0,0.0,0.0,0.0,1.0
8,105,1.516669019426144,0.0825247680711794,0.0,1.0,0.0,1.0,0.0,1.0
9,105,7.559737329935073,4.404412167213865,0.0,1.0,0.0,1.0,0.0,1.0
10,105,1.6709305647942847,5.741291517646634,0.0,0.0,0.0,1.0,1.0,1.0
11,105,10.318236391561824,8.881511574314997,0.0,0.0,0.0,1.0,1.0,1.0
12,105,10.906734195349587,11.275376360391272,1.0,0.0,1.0,0.0,1.0,0.0
13,105,1.725387752062747,8.419239766527422,0.0,0.0,1.0,1.0,1.0,0.0
14,105,5.947115829698716,0.0,1.0,0.0,0.0,0.0,1.0,1.0
15,105,3.1430352610936656,5.260708390594821,1.0,0.0,1.0,0.0,1.0,0.0
16,105,8.617387992462529,3.470704124639215,0.0,0.0,1.0,1.0,1.0,0.0
17,105,3.3815159520712688,9.744555367079393,0.0,1.0,0.0,1.0,0.0,1.0
18,105,10.984109157573148,2.556626198403489,1.0,0.0,1.0,0.0,1.0,0.0
19,105,10.555721949199206,8.607285043036589,0.0,1.0,1.0,1.0,0.0,0.0
20,105,0.1325003464406594,8.531418604719981,0.0,1.0,1.0,1.0,0.0,0.0
21,105,9.088274398588508,0.0953374499356674,1.0,1.0,0.0,0.0,0.0,1.0
22,105,1.219159456399516,10.514243068594986,0.0,0.0,0.0,1.0,1.0,1.0
23,105,2.205392800934516,0.0,1.0,1.0,0.0,0.0,0.0,1.0
24,105,4.735635856664861,5.004888747845335,1.0,1.0,0.0,0.0,0.0,1.0
25,105,11.730023999315945,10.555412522467371,1.0,0.0,1.0,0.0,1.0,0.0
26,105,11.606843734276422,1.2463567560035562,0.0,1.0,0.0,1.0,0.0,1.0
27,105,10.713837998190328,2.8249187653264416,0.0,0.0,1.0,1.0,1.0,0.0
28,105,8.609627178228726,2.650251837364028,0.0,0.0,1.0,1.0,1.0,0.0
29,105,2.4175932740836754,10.460754828803926,1.0,1.0,0.0,0.0,0.0,1.0
0,110,1.640872457843184,5.020105364536479,0.0,0.0,0.0,1.0,1.0,1.0
1,110,3.254315787149685,2.4301774051071283,1.0,0.0,0.0,0.0,1.0,1.0
2,110,8.98298250581039,1.5021244001347127,0.0,0.0,0.0,1.0,1.0,1.0
3,110,7.477967130605473,12.0,1.0,0.0,1.0,0.0,1.0,0.0
4,110,0.4460638915767782,11.44512065228156,0.0,0.0,1.0,1.0,1.0,0.0
5,110,3.349421503072906,6.8583923153033215,1.0,1.0,1.0,0.0,0.0,0.0
6,110,1.2205881065321584,10.60870794749195,0.0,1.0,1.0,1.0,0.0,0.0
7,110,10.10359015283365,0.0292790600265296,1.0,1.0,0.0,0.0,0.0,1.0
8,110,1.582750099949918,0.0253751522013515,0.0,1.0,0.0,1.0,0.0,1.0
9,110,7.480745284731064,4.484416836494534,0.0,1.0,0.0,1.0,0.0,1.0
10,110,1.5981587403731614,5.784680381244238,0.0,0.0,0.0,1.0,1.0,1.0
11,110,10.371653318772156,8.920476707470241,0.0,0.0,0.0,1.0,1.0,1.0
12,110,10.878477942732026,11.257979091127533,1.0,0.0,1.0,0.0,1.0,0.0
13,110,1.770668941375006,8.511534402341129,0.0,0.0,1.0,1.0,1.0,0.0
14,110,5.851300892310713,0.0,1.0,0.0,0.0,0.0,1.0,1.0
15,110,3.22693587654447,5.279550609481514,1.0,0.0,1.0,0.0,1.0,0.0
16,110,8.612276409417175,3.4772404273506297,0.0,0.0,1.0,1.0,1.0,0.0
17,110,3.3527269045991503,9.69029438967158,0.0,1.0,0.0,1.0,0.0,1.0
18,110,11.149605659308564,2.6022191255023084,1.0,0.0,1.0,0.0,1.0,0.0
19,110,10.525683530737249,8.644253454811395,0.0,1.0,1.0,1.0,0.0,0.0
20,110,0.0860732406070338,8.39972691481164,0.0,1.0,1.0,1.0,0.0,0.0
21,110,9.090069211695644,0.0734026969437283,1.0,1.0,0.0,0.0,0.0,1.0
22,110,1.2636239184288518,10.498182134172904,0.0,0.0,0.0,1.0,1.0,1.0
23,110,2.1462003445094626,0.0,1.0,1.0,0.0,0.0,0.0,1.0
24,110,4.734423072483762,5.010164125954952,1.0,1.0,0.0,0.0,0.0,1.0
25,110,11.75785089501282,10.538522933022591,1.0,0.0,1.0,0.0,1.0,0.0
26,110,11.735562238242457,1.1263082778984137,0.0,1.0,0.0,1.0,0.0,1.0
27,110,10.686681366786964,2.907609785403384,0.0,0.0,1.0,1.0,1.0,0.0
28,110,8.48583808066696,2.530755708089369,0.0,0.0,1.0,1.0,1.0,0.0
29,110,2.4868306513602203,10.484223983577843,1.0,1.0,0.0,0.0,0.0,1.0
0,115,1.623954738449111,5.006950649619716,0.0,0.0,0.0,1.0,1.0,1.0
1,115,3.217042083117512,2.4957078351985675,1.0,0.0,0.0,0.0,1.0,1.0
2,115,8.982637277534,1.4983658793752002,0.0,0.0,0.0,1.0,1.0,1.0
3,115,7.432293909842362,12.0,1.0,0.0,1.0,0.0,1.0,0.0
4,115,0.2261669036738167,11.393202957676314,0.0,0.0,1.0,1.0,1.0,0.0
5,115,3.293001009539432,6.870633698585017,1.0,1.0,1.0,0.0,0.0,0.0
6,115,1.1665848751892682,10.649442256988724,0.0,1.0,1.0,1.0,0.0,0.0
7,115,10.104691178952926,0.0224336667255165,1.0,1.0,0.0,0.0,0.0,1.0
8,115,1.6567438675374873,0.0,0.0,1.0,0.0,1.0,0.0,1.0
9,115,7.393479130771389,4.5722885945601845,0.0,1.0,0.0,1.0,0.0,1.0
10,115,1.5088188155194464,5.834243674794401,0.0,0.0,0.0,1.0,1.0,1.0
11,115,10.423042971624035,8.956720709792819,0.0,0.0,0.0,1.0,1.0,1.0
12,115,10.848856010763688,11.240336223525963,1.0,0.0,1.0,0.0,1.0,0.0
13,115,1.8100007197711672,8.594060888652576,0.0,0.0,1.0,1.0,1.0,0.0
14,115,5.752859704628097,0.0,1.0,0.0,0.0,0.0,1.0,1.0
15,115,3.3398820929416724,5.305753703302561,1.0,0.0,1.0,0.0,1.0,0.0
16,115,8.59536838540368,3.4987290891165284,0.0,0.0,1.0,1.0,1.0,0.0
17,115,3.33683319907902,9.659876072909803,0.0,1.0,0.0,1.0,0.0,1.0
18,115,11.297486884638756,2.643150705611954,1.0,0.0,1.0,0.0,1.0,0.0
19,115,10.487161094545703,8.694571483311668,0.0,1.0,1.0,1.0,0.0,0.0
20,115,0.0466359136192728,8.295756172292826,0.0,1.0,1.0,1.0,0.0,0.0
21,115,9.093148824620334,0.0351336566791919,1.0,1.0,0.0,0.0,0.0,1.0
22,115,1.3047881349940709,10.482733798153664,0.0,0.0,0.0,1.0,1.0,1.0
23,115,2.089340327306332,0.0,1.0,1.0,0.0,0.0,0.0,1.0
24,115,4.733711649676535,5.014291632573908,1.0,1.0,0.0,0.0,0.0,1.0
25,115,11.793457293768023,10.516670025239044,1.0,0.0,1.0,0.0,1.0,0.0
26,115,11.865731861540365,1.0035130274293411,0.0,1.0,0.0,1.0,0.0,1.0
27,115,10.664018496682614,2.9677021420794936,0.0,0.0,1.0,1.0,1.0,0.0
28,115,8.35479343269762,2.4045620088823902,0.0,0.0,1.0,1.0,1.0,0.0
29,115,2.541029361871908,10.503286890266962,1.0,1.0,0.0,0.0,0.0,1.0
0,120,1.592776821694463,4.983093272690998,0.0,0.0,0.0,1.0,1.0,1.0
1,120,3.1831757054772774,2.554357097642864,1.0,0.0,0.0,0.0,1.0,1.0
2,120,8.980043995760386,1.462891141349292,0.0,0.0,0.0,1.0,1.0,1.0
3,120,7.378473194231612,12.0,1.0,0.0,1.0,0.0,1.0,0.0
4,120,0.0,11.342122706181344,0.0,0.0,1.0,1.0,1.0,0.0
5,120,3.234806307204797,6.884204379852189,1.0,1.0,1.0,0.0,0.0,0.0
6,120,1.1136541702392655,10.686154881829973,0.0,1.0,1.0,1.0,0.0,0.0
7,120,10.101399096475651,0.0448783603799055,1.0,1.0,0.0,0.0,0.0,1.0
8,120,1.7233053677836248,0.0,0.0,1.0,0.0,1.0,0.0,1.0
9,120,7.307330141585556,4.661771430730902,0.0,1.0,0.0,1.0,0.0,1.0
10,120,1.4209767661936463,5.88288255620173,0.0,0.0,0.0,1.0,1.0,1.0
11,120,10.476008460059871,8.994031029021285,0.0,0.0,0.0,1.0,1.0,1.0
12,120,10.801043468154244,11.212284916322684,1.0,0.0,1.0,0.0,1.0,0.0
13,120,1.850936169753883,8.67518513384061,0.0,0.0,1.0,1.0,1.0,0.0
14,120,5.647546183679514,0.0,1.0,0.0,0.0,0.0,1.0,1.0
15,120,3.458401006009112,5.33422630881181,1.0,0.0,1.0,0.0,1.0,0.0
16,120,8.590193766438292,3.5053047045975405,0.0,0.0,1.0,1.0,1.0,0.0
17,120,3.317675307060999,9.623722720821156,0.0,1.0,0.0,1.0,0.0,1.0
18,120,11.452449172240271,2.687133040936197,1.0,0.0,1.0,0.0,1.0,0.0
19,120,10.455368127795955,8.735252213444099,0.0,1.0,1.0,1.0,0.0,0.0
20,120,0.0040388752111907,8.182279178709454,0.0,1.0,1.0,1.0,0.0,0.0
21,120,9.09829685773446,0.0,1.0,1.0,0.0,0.0,0.0,1.0
22,120,1.3319986000520223,10.4719137061964,0.0,0.0,0.0,1.0,1.0,1.0
23,120,2.0469550678298574,0.0,1.0,1.0,0.0,0.0,0.0,1.0
24,120,4.734182969004431,5.01173322116369,1.0,1.0,0.0,0.0,0.0,1.0
25,120,11.848392174464408,10.482992653769816,1.0,0.0,1.0,0.0,1.0,0.0
26,120,11.982618547549066,0.8868777735976598,0.0,1.0,0.0,1.0,0.0,1.0
27,120,10.638118960660584,3.034864756235936,0.0,0.0,1.0,1.0,1.0,0.0
28,120,8.207369508753986,2.269716731368902,0.0,0.0,1.0,1.0,1.0,0.0
29,120,2.5867938776914707,10.519734755867946,1.0,1.0,0.0,0.0,0.0,1.0
0,125,1.5564856612496614,4.954887918749259,0.0,0.0,0.0,1.0,1.0,1.0
1,125,3.148224021940144,2.616435300342805,1.0,0.0,0.0,0.0,1.0,1.0
2,125,8.976379265055643,1.422457702310743,0.0,0.0,0.0,1.0,1.0,1.0
3,125,7.317699835554126,12.0,1.0,0.0,1.0,0.0,1.0,0.0
4,125,0.0,11.29458071232473,0.0,0.0,1.0,1.0,1.0,0.0
5,125,3.1881362809972225,6.895503960425813,1.0,1.0,1.0,0.0,0.0,0.0
6,125,1.0398401963716997,10.73481587138171,0.0,1.0,1.0,1.0,0.0,0.0
7,125,10.096339283990687,0.0784979800380637,1.0,1.0,0.0,0.0,0.0,1.0
8,125,1.7843009961388303,0.0,0.0,1.0,0.0,1.0,0.0,1.0
9,125,7.208887171427197,4.762623076005559,0.0,1.0,0.0,1.0,0.0,1.0
10,125,1.3456107804768596,5.925437859726839,0.0,0.0,0.0,1.0,1.0,1.0
11,125,10.518771685459944,9.023405159362689,0.0,0.0,0.0,1.0,1.0,1.0
12,125,10.749257694763216,11.181147454724965,1.0,0.0,1.0,0.0,1.0,0.0
13,125,1.8912785511652772,8.758662802311978,0.0,0.0,1.0,1.0,1.0,0.0
14,125,5.541605854275594,0.0,1.0,0.0,0.0,0.0,1.0,1.0
15,125,3.5908108149862645,5.366882210774885,1.0,0.0,1.0,0.0,1.0,0.0
16,125,8.591267546405716,3.503958718506888,0.0,0.0,1.0,1.0,1.0,0.0
17,125,3.2971519759470835,9.5842526711878,0.0,1.0,0.0,1.0,0.0,1.0
18,125,11.597922384502402,2.727238769594459,1.0,0.0,1.0,0.0,1.0,0.0
19,125,10.431150175978962,8.766947230287775,0.0,1.0,1.0,1.0,0.0,0.0
20,125,0.0,8.093461643650363,0.0,1.0,1.0,1.0,0.0,0.0
21,125,9.106927265927323,0.0,1.0,1.0,0.0,0.0,0.0,1.0
22,125,1.3574384395404784,10.461413566285016,0.0,0.0,0.0,1.0,1.0,1.0
23,125,2.000793620215887,0.0,1.0,1.0,0.0,0.0,0.0,1.0
24,125,4.735230013577507,5.006820995113941,1.0,1.0,0.0,0.0,0.0,1.0
25,125,11.907164285039835,10.446932537335794,1.0,0.0,1.0,0.0,1.0,0.0
26,125,12.0,0.7755686446391642,0.0,1.0,0.0,1.0,0.0,1.0
27,125,10.61483626177243,3.096279420126075,0.0,0.0,1.0,1.0,1.0,0.0
28,125,8.061998144846042,2.134267524107896,0.0,0.0,1.0,1.0,1.0,0.0
29,125,2.616734868512565,10.530150454552649,1.0,1.0,0.0,0.0,0.0,1.0
0,130,1.533219503583446,4.935860698068084,0.0,0.0,0.0,1.0,1.0,1.0
1,130,3.099127981988928,2.70653577621423,1.0,0.0,0.0,0.0,1.0,1.0
2,130,8.976798034280781,1.42795272151358,0.0,0.0,0.0,1.0,1.0,1.0
3,130,7.2519562946510865,12.0,1.0,0.0,1.0,0.0,1.0,0.0
4,130,0.0,11.246489154588469,0.0,0.0,1.0,1.0,1.0,0.0
5,130,3.140702837787833,6.908176604457129,1.0,1.0,1.0,0.0,0.0,0.0
6,130,0.9617912248540704,10.786425415011406,0.0,1.0,1.0,1.0,0.0,0.0
7,130,10.087495848845254,0.1379859678002973,1.0,1.0,0.0,0.0,0.0,1.0
8,130,1.8457084855912207,0.0,0.0,1.0,0.0,1.0,0.0,1.0
9,130,7.1167325748190695,4.856947546763481,0.0,1.0,0.0,1.0,0.0,1.0
10,130,1.2582194672674645,5.976641093255263,0.0,0.0,0.0,1.0,1.0,1.0
11,130,10.557105826981006,9.049415612703664,0.0,0.0,0.0,1.0,1.0,1.0
12,130,10.698675453794715,11.15044692580464,1.0,0.0,1.0,0.0,1.0,0.0
13,130,1.9343569648727736,8.847871164004244,0.0,0.0,1.0,1.0,1.0,0.0
14,130,5.4165960419060495,0.0,1.0,0.0,0.0,0.0,1.0,1.0
15,130,3.7231419393840506,5.396264289636032,1.0,0.0,1.0,0.0,1.0,0.0
16,130,8.592978812184825,3.501869762242966,0.0,0.0,1.0,1.0,1.0,0.0
17,130,3.271730982375361,9.536428032538405,0.0,1.0,0.0,1.0,0.0,1.0
18,130,11.76883780633337,2.771040171482443,1.0,0.0,1.0,0.0,1.0,0.0
19,130,10.409122603031532,8.795263610162829,0.0,1.0,1.0,1.0,0.0,0.0
20,130,0.0,8.010024780545503,0.0,1.0,1.0,1.0,0.0,0.0
21,130,9.115993618459411,0.0,1.0,1.0,0.0,0.0,0.0,1.0
22,130,1.379809298216634,10.45233223445006,0.0,0.0,0.0,1.0,1.0,1.0
23,130,1.9439726757214344,0.0,1.0,1.0,0.0,0.0,0.0,1.0
24,130,4.737989776769061,4.994598425854046,1.0,1.0,0.0,0.0,0.0,1.0
25,130,11.954077049980782,10.418642843002123,1.0,0.0,1.0,0.0,1.0,0.0
26,130,12.0,0.6685227327111289,0.0,1.0,0.0,1.0,0.0,1.0
27,130,10.584822393688086,3.173211029626481,0.0,0.0,1.0,1.0,1.0,0.0
28,130,7.923382096514897,2.0104736499726217,0.0,0.0,1.0,1.0,1.0,0.0
29,130,2.6356903560695373,10.536663516053256,1.0,1.0,0.0,0.0,0.0,1.0
0,135,1.500684309115777,4.908427492616581,0.0,0.0,0.0,1.0,1.0,1.0
1,135,3.04679111316571,2.8020388942615404,1.0,0.0,0.0,0.0,1.0,1.0
2,135,8.977399145623844,1.435311364001144,0.0,0.0,0.0,1.0,1.0,1.0
3,135,7.176752279587438,12.0,1.0,0.0,1.0,0.0,1.0,0.0
4,135,0.0,11.19335021835304,0.0,0.0,1.0,1.0,1.0,0.0
5,135,3.0985174321595848,6.919582118553135,1.0,1.0,1.0,0.0,0.0,0.0
6,135,0.8917231441705578,10.832282640668168,0.0,1.0,1.0,1.0,0.0,0.0
7,135,10.081524959550244,0.19433368447778,1.0,1.0,0.0,0.0,0.0,1.0
8,135,1.8888893172542691,0.0,0.0,1.0,0.0,1.0,0.0,1.0
9,135,7.021094673044077,4.955007803230704,0.0,1.0,0.0,1.0,0.0,1.0
10,135,1.1510048803516546,6.0378415064364015,0.0,0.0,0.0,1.0,1.0,1.0
11,135,10.585185956698243,9.06860527089638,0.0,0.0,0.0,1.0,1.0,1.0
12,135,10.658303987712628,11.12596580574365,1.0,0.0,1.0,0.0,1.0,0.0
13,135,1.9782185906412493,8.937291853100586,0.0,0.0,1.0,1.0,1.0,0.0
14,135,5.304049294908512,0.0,1.0,0.0,0.0,0.0,1.0,1.0
15,135,3.8355339849761374,5.418333395920771,1.0,0.0,1.0,0.0,1.0,0.0
16,135,8.596733178078654,3.497120114278111,0.0,0.0,1.0,1.0,1.0,0.0
17,135,3.247665841664812,9.490058401450847,0.0,1.0,0.0,1.0,0.0,1.0
18,135,11.954458402487386,2.819318752124683,1.0,0.0,1.0,0.0,1.0,0.0
19,135,10.366268313674924,8.85015185606902,0.0,1.0,1.0,1.0,0.0,0.0
20,135,0.0,7.923454861628933,0.0,1.0,1.0,1.0,0.0,0.0
21,135,9.122910331230267,0.0,1.0,1.0,0.0,0.0,0.0,1.0
22,135,1.4007210407267647,10.443609561289817,0.0,0.0,0.0,1.0,1.0,1.0
23,135,1.8810312845041224,0.0,1.0,1.0,0.0,0.0,0.0,1.0
24,135,4.741883955878251,4.976159959846558,1.0,1.0,0.0,0.0,0.0,1.0
25,135,11.989771949965924,10.398753575652147,1.0,0.0,1.0,0.0,1.0,0.0
26,135,12.0,0.5596205911804721,0.0,1.0,0.0,1.0,0.0,1.0
27,135,10.552842575268429,3.2474445468584765,0.0,0.0,1.0,1.0,1.0,0.0
28,135,7.780373151970355,1.888762257764209,0.0,0.0,1.0,1.0,1.0,0.0
29,135,2.650673663637027,10.54202934998116,1.0,1.0,0.0,0.0,0.0,1.0
0,140,1.479368953463548,4.890917605988296,0.0,0.0,0.0,1.0,1.0,1.0
1,140,2.990272725524881,2.902078626891184,1.0,0.0,0.0,0.0,1.0,1.0
2,140,8.97980154563638,1.4671635337245916,0.0,0.0,0.0,1.0,1.0,1.0
3,140,7.088570935027862,12.0,1.0,0.0,1.0,0.0,1.0,0.0
4,140,0.0,11.140508259442596,0.0,0.0,1.0,1.0,1.0,0.0
5,140,3.045073779659893,6.934576663126766,1.0,1.0,1.0,0.0,0.0,0.0
6,140,0.8323563668977499,10.745849362281945,0.0,1.0,1.0,1.0,0.0,0.0
7,140,10.07641703764812,0.2549027212717448,1.0,1.0,0.0,0.0,0.0,1.0
8,140,1.9307603954214696,0.0,0.0,1.0,0.0,1.0,0.0,1.0
9,140,6.924152935428454,5.05489457338166,0.0,1.0,0.0,1.0,0.0,1.0
10,140,1.032640345827687,6.108729096404556,0.0,0.0,0.0,1.0,1.0,1.0
11,140,10.60570848996898,9.082492854024467,0.0,0.0,0.0,1.0,1.0,1.0
12,140,10.639502564882886,11.156313799615129,1.0,0.0,1.0,0.0,1.0,0.0
13,140,2.014229987350452,9.008495050513575,0.0,0.0,1.0,1.0,1.0,0.0
14,140,5.195991793461819,0.0,1.0,0.0,0.0,0.0,1.0,1.0
15,140,3.947146986721117,5.440862067684863,1.0,0.0,1.0,0.0,1.0,0.0
16,140,8.599694348915353,3.4933582227877915,0.0,0.0,1.0,1.0,1.0,0.0
17,140,3.234260138042097,9.464556005988118,0.0,1.0,0.0,1.0,0.0,1.0
18,140,12.0,2.8623164293628887,1.0,0.0,1.0,0.0,1.0,0.0
19,140,10.319734209416769,8.906219449818094,0.0,1.0,1.0,1.0,0.0,0.0
20,140,0.0,7.828251638083654,0.0,1.0,1.0,1.0,0.0,0.0
21,140,9.13243992869901,0.0,1.0,1.0,0.0,0.0,0.0,1.0
22,140,1.4251198868738446,10.433562892744645,0.0,0.0,0.0,1.0,1.0,1.0
23,140,1.8289496724270369,0.0,1.0,1.0,0.0,0.0,0.0,1.0
24,140,4.745985699996148,4.9570667729172,1.0,1.0,0.0,0.0,0.0,1.0
25,140,12.0,10.38115210809001,1.0,0.0,1.0,0.0,1.0,0.0
26,140,12.0,0.4461641420500287,0.0,1.0,0.0,1.0,0.0,1.0
27,140,10.524602560788404,3.313679126559016,0.0,0.0,1.0,1.0,1.0,0.0
28,140,7.639078207751869,1.7631887793560956,0.0,0.0,1.0,1.0,1.0,0.0
29,140,2.6710571029612518,10.549094633701856,1.0,1.0,0.0,0.0,0.0,1.0
0,145,1.453142039302073,4.870023169454509,0.0,0.0,0.0,1.0,1.0,1.0
1,145,2.933450094287865,2.996153792723621,1.0,0.0,0.0,0.0,1.0,1.0
2,145,8.982200649516747,1.4988924672890065,0.0,0.0,0.0,1.0,1.0,1.0
3,145,6.998862216996891,12.0,1.0,0.0,1.0,0.0,1.0,0.0
4,145,0.0,11.08732492629592,0.0,0.0,1.0,1.0,1.0,0.0
5,145,2.9724615646370043,6.956085274539602,1.0,1.0,1.0,0.0,0.0,0.0
6,145,0.7782117986397118,10.667790092473153,0.0,1.0,1.0,1.0,0.0,0.0
7,145,10.072687262723669,0.3008561368757075,1.0,1.0,0.0,0.0,0.0,1.0
8,145,1.963698980107396,0.0,0.0,1.0,0.0,1.0,0.0,1.0
9,145,6.816647538958025,5.158755427595261,0.0,1.0,0.0,1.0,0.0,1.0
10,145,0.9097503459766376,6.180389168570277,0.0,0.0,0.0,1.0,1.0,1.0
11,145,10.61429643914633,9.088207291395609,0.0,0.0,0.0,1.0,1.0,1.0
12,145,10.628902664921965,11.173382954769068,1.0,0.0,1.0,0.0,1.0,0.0
13,145,2.0540941405881705,9.090493065479164,0.0,0.0,1.0,1.0,1.0,0.0
14,145,5.084907596701699,0.0,1.0,0.0,0.0,0.0,1.0,1.0
15,145,4.066019666530257,5.471264055500158,1.0,0.0,1.0,0.0,1.0,0.0
16,145,8.604137157667141,3.487632079057557,0.0,0.0,1.0,1.0,1.0,0.0
17,145,3.2127457043041314,9.427896198849735,0.0,1.0,0.0,1.0,0.0,1.0
18,145,12.0,2.910219447720863,1.0,0.0,1.0,0.0,1.0,0.0
19,145,10.271632617413546,8.964596141722069,0.0,1.0,1.0,1.0,0.0,0.0
20,145,0.0,7.730780624486504,0.0,1.0,1.0,1.0,0.0,0.0
21,145,9.140855772079128,0.0,1.0,1.0,0.0,0.0,0.0,1.0
22,145,1.4469657549882606,10.425138705514827,0.0,0.0,0.0,1.0,1.0,1.0
23,145,1.7821792771472438,0.0,1.0,1.0,0.0,0.0,0.0,1.0
24,145,4.743788973340839,4.966013583947235,1.0,1.0,0.0,0.0,0.0,1.0
25,145,12.0,10.36764366390195,1.0,0.0,1.0,0.0,1.0,0.0
26,145,12.0,0.3377960052536242,0.0,1.0,0.0,1.0,0.0,1.0
27,145,10.494232065914506,3.3816671900232174,0.0,0.0,1.0,1.0,1.0,0.0
28,145,7.477379728555989,1.625798343689682,0.0,0.0,1.0,1.0,1.0,0.0
29,145,2.691889975723421,10.556419819816,1.0,1.0,0.0,0.0,0.0,1.0
0,150,1.4389188840481948,4.85803228429608,0.0,0.0,0.0,1.0,1.0,1.0
1,150,2.8737688272085764,3.090092452236774,1.0,0.0,0.0,0.0,1.0,1.0
2,150,8.98486481766864,1.536614721556335,0.0,0.0,0.0,1.0,1.0,1.0
3,150,6.907434353600217,12.0,1.0,0.0,1.0,0.0,1.0,0.0
4,150,0.0,11.031632229305798,0.0,0.0,1.0,1.0,1.0,0.0
5,150,2.88185644090009,6.984045913603583,1.0,1.0,1.0,0.0,0.0,0.0
6,150,0.727264198153514,10.597624577961737,0.0,1.0,1.0,1.0,0.0,0.0
7,150,10.068149086353229,0.3628529269865463,1.0,1.0,0.0,0.0,0.0,1.0
8,150,2.0020950131134985,0.0,0.0,1.0,0.0,1.0,0.0,1.0
9,150,6.692230750660315,5.278833280351134,0.0,1.0,0.0,1.0,0.0,1.0
10,150,0.7956256349392432,6.246465533691481,0.0,0.0,0.0,1.0,1.0,1.0
11,150,10.619157089465045,9.09123000855718,0.0,0.0,0.0,1.0,1.0,1.0
12,150,10.62496071632593,11.18009814595376,1.0,0.0,1.0,0.0,1.0,0.0
13,150,2.0943201945504235,9.177603744007762,0.0,0.0,1.0,1.0,1.0,0.0
14,150,4.974109249327238,0.0,1.0,0.0,0.0,0.0,1.0,1.0
15,150,4.1847198622226,5.50107587477922,1.0,0.0,1.0,0.0,1.0,0.0
16,150,8.61236743407186,3.477030088750444,0.0,0.0,1.0,1.0,1.0,0.0
17,150,3.190037014429102,9.391853162184166,0.0,1.0,0.0,1.0,0.0,1.0
18,150,12.0,2.9623622883330776,1.0,0.0,1.0,0.0,1.0,0.0
19,150,10.219981230506026,9.024986749754172,0.0,1.0,1.0,1.0,0.0,0.0
20,150,0.0,7.630451951776906,0.0,1.0,1.0,1.0,0.0,0.0
21,150,9.14761005070951,0.0,1.0,1.0,0.0,0.0,0.0,1.0
22,150,1.4575391228375023,10.420786170197628,0.0,0.0,0.0,1.0,1.0,1.0
23,150,1.7203514303081633,0.0,1.0,1.0,0.0,0.0,0.0,1.0
24,150,4.741097957286051,4.977884198992143,1.0,1.0,0.0,0.0,0.0,1.0
25,150,12.0,10.354517556513388,1.0,0.0,1.0,0.0,1.0,0.0
26,150,12.0,0.2350003413899281,0.0,1.0,0.0,1.0,0.0,1.0
27,150,10.45936139346926,3.4606341866058585,0.0,0.0,1.0,1.0,1.0,0.0
28,150,7.318103728307626,1.4868252857407662,0.0,0.0,1.0,1.0,1.0,0.0
29,150,2.717324056533183,10.565161975724614,1.0,1.0,0.0,0.0,0.0,1.0
0,155,1.435002910603144,4.854795047695755,0.0,0.0,0.0,1.0,1.0,1.0
1,155,2.8250118366933594,3.1647192040727217,1.0,0.0,0.0,0.0,1.0,1.0
2,155,8.986440730142958,1.5731658619103797,0.0,0.0,0.0,1.0,1.0,1.0
3,155,6.827111862915307,12.0,1.0,0.0,1.0,0.0,1.0,0.0
4,155,0.0,10.97415121071224,0.0,0.0,1.0,1.0,1.0,0.0
5,155,2.7801237528705767,7.013808886209026,1.0,1.0,1.0,0.0,0.0,0.0
6,155,0.6798158616742048,10.53232158171824,0.0,1.0,1.0,1.0,0.0,0.0
7,155,10.064404061309634,0.4205116060320868,1.0,1.0,0.0,0.0,0.0,1.0
8,155,2.035154313810371,0.0,0.0,1.0,0.0,1.0,0.0,1.0
9,155,6.8163264712769305,5.404564699689848,0.0,1.0,0.0,1.0,0.0,1.0
10,155,0.6808151996202473,6.315063257326237,0.0,0.0,0.0,1.0,1.0,1.0
11,155,10.61404961813859,9.088044071415704,0.0,0.0,0.0,1.0,1.0,1.0
12,155,10.630273131594254,11.171346441271794,1.0,0.0,1.0,0.0,1.0,0.0
13,155,2.142501956186716,9.279164767370307,0.0,0.0,1.0,1.0,1.0,0.0
14,155,4.866451105935076,0.0,1.0,0.0,0.0,0.0,1.0,1.0
15,155,4.311379547218358,5.52947975229707,1.0,0.0,1.0,0.0,1.0,0.0
16,155,8.633643456159609,3.4504115566909848,0.0,0.0,1.0,1.0,1.0,0.0
17,155,3.1632243051688143,9.348654227665822,0.0,1.0,0.0,1.0,0.0,1.0
18,155,12.0,3.019310307064901,1.0,0.0,1.0,0.0,1.0,0.0
19,155,10.167919300075582,9.086798827128314,0.0,1.0,1.0,1.0,0.0,0.0
20,155,0.0,7.530305312091185,0.0,1.0,1.0,1.0,0.0,0.0
21,155,9.152713934407172,0.0,1.0,1.0,0.0,0.0,0.0,1.0
22,155,1.4767144382757624,10.413246867379293,0.0,0.0,0.0,1.0,1.0,1.0
23,155,1.6675013035594228,0.0,1.0,1.0,0.0,0.0,0.0,1.0
24,155,4.743503194734474,4.966112014443857,1.0,1.0,0.0,0.0,0.0,1.0
25,155,12.0,10.339984101597867,1.0,0.0,1.0,0.0,1.0,0.0
26,155,12.0,0.1202693303870229,0.0,1.0,0.0,1.0,0.0,1.0
27,155,10.423654253679326,3.543080123381299,0.0,0.0,1.0,1.0,1.0,0.0
28,155,7.138006392454626,1.3319814801767629,0.0,0.0,1.0,1.0,1.0,0.0
29,155,2.7308204450631104,10.56963580284249,1.0,1.0,0.0,0.0,0.0,1.0
0,160,1.426754692738136,4.848087885490086,0.0,0.0,0.0,1.0,1.0,1.0
1,160,2.7701067759901203,3.252319117751492,1.0,0.0,0.0,0.0,1.0,1.0
2,160,8.987739366588727,1.6037382928778228,0.0,0.0,0.0,1.0,1.0,1.0
3,160,6.74512594672087,12.0,1.0,0.0,1.0,0.0,1.0,0.0
4,160,0.0,10.917774001619303,0.0,0.0,1.0,1.0,1.0,0.0
5,160,2.6798972339630134,7.045538200813719,1.0,1.0,1.0,0.0,0.0,0.0
6,160,0.6216899051969267,10.453801075282785,0.0,1.0,1.0,1.0,0.0,0.0
7,160,10.060407342356658,0.4859826653363355,1.0,1.0,0.0,0.0,0.0,1.0
8,160,2.056328701420305,0.0,0.0,1.0,0.0,1.0,0.0,1.0
9,160,6.957547132933553,5.276290427089384,0.0,1.0,0.0,1.0,0.0,1.0
10,160,0.5788866851350988,6.379930722238171,0.0,0.0,0.0,1.0,1.0,1.0
11,160,10.618044614861848,9.090553047436732,0.0,0.0,0.0,1.0,1.0,1.0
12,160,10.633838355213564,11.165804126876475,1.0,0.0,1.0,0.0,1.0,0.0
13,160,2.186427306589504,9.375672124854548,0.0,0.0,1.0,1.0,1.0,0.0
14,160,4.756169608769172,0.0,1.0,0.0,0.0,0.0,1.0,1.0
15,160,4.443270638311934,5.558646628731197,1.0,0.0,1.0,0.0,1.0,0.0
16,160,8.651077215034833,3.4285491491104065,0.0,0.0,1.0,1.0,1.0,0.0
17,160,3.139675930437235,9.308899768951362,0.0,1.0,0.0,1.0,0.0,1.0
18,160,12.0,3.074206078714811,1.0,0.0,1.0,0.0,1.0,0.0
19,160,10.117869319400516,9.146992882077638,0.0,1.0,1.0,1.0,0.0,0.0
20,160,0.0,7.417033085206634,0.0,1.0,1.0,1.0,0.0,0.0
21,160,9.155492886853564,0.0,1.0,1.0,0.0,0.0,0.0,1.0
22,160,1.4859465659053774,10.40948866477601,0.0,0.0,0.0,1.0,1.0,1.0
23,160,1.6086779336423505,0.0,1.0,1.0,0.0,0.0,0.0,1.0
24,160,4.748482568109412,4.941813528548376,1.0,1.0,0.0,0.0,0.0,1.0
25,160,12.0,10.321865911474188,1.0,0.0,1.0,0.0,1.0,0.0
26,160,12.0,0.0039944706102524,0.0,1.0,0.0,1.0,0.0,1.0
27,160,10.378986284646112,3.644336752034036,0.0,0.0,1.0,1.0,1.0,0.0
28,160,6.950700658413977,1.1672270923005406,0.0,0.0,1.0,1.0,1.0,0.0
29,160,2.755184689337956,10.577495078330015,1.0,1.0,0.0,0.0,0.0,1.0
0,165,1.4227640173219926,4.844935795110315,0.0,0.0,0.0,1.0,1.0,1.0
1,165,2.703605421291239,3.3551835235208385,1.0,0.0,0.0,0.0,1.0,1.0
2,165,8.988837434014927,1.6183275997283224,0.0,0.0,0.0,1.0,1.0,1.0
3,165,6.6614462033301685,12.0,1.0,0.0,1.0,0.0,1.0,0.0
4,165,0.0,10.86326012070337,0.0,0.0,1.0,1.0,1.0,0.0
5,165,2.569908727171523,7.079466732802391,1.0,1.0,1.0,0.0,0.0,0.0
6,165,0.5797018785485779,10.398052249345724,0.0,1.0,1.0,1.0,0.0,0.0
7,165,10.05780651250248,0.5330604217365186,1.0,1.0,0.0,0.0,0.0,1.0
8,165,2.082595876238822,0.0,0.0,1.0,0.0,1.0,0.0,1.0
9,165,7.111105678283172,5.132160228545744,0.0,1.0,0.0,1.0,0.0,1.0
10,165,0.4872378447698009,6.435848910163705,0.0,0.0,0.0,1.0,1.0,1.0
11,165,10.62113439047654,9.092522786203014,0.0,0.0,0.0,1.0,1.0,1.0
12,165,10.636969774162733,11.160904321194453,1.0,0.0,1.0,0.0,1.0,0.0
13,165,2.2269969518908383,9.46239818280411,0.0,0.0,1.0,1.0,1.0,0.0
14,165,4.660230996887058,0.0,1.0,0.0,0.0,0.0,1.0,1.0
15,165,4.577685928711489,5.593398053873176,1.0,0.0,1.0,0.0,1.0,0.0
16,165,8.671484213407204,3.4020904642614616,0.0,0.0,1.0,1.0,1.0,0.0
17,165,3.117855708163628,9.272413057436468,0.0,1.0,0.0,1.0,0.0,1.0
18,165,12.0,3.1333356381457342,1.0,0.0,1.0,0.0,1.0,0.0
19,165,10.060500154446297,9.21692709953873,0.0,1.0,1.0,1.0,0.0,0.0
20,165,0.0,7.280185120464512,0.0,1.0,1.0,1.0,0.0,0.0
21,165,9.159900621932032,0.0,1.0,1.0,0.0,0.0,0.0,1.0
22,165,1.5110458735990304,10.399143757563788,0.0,0.0,0.0,1.0,1.0,1.0
23,165,1.560737603242584,0.0,1.0,1.0,0.0,0.0,0.0,1.0
24,165,4.749333196383288,4.937126502362366,1.0,1.0,0.0,0.0,0.0,1.0
25,165,12.0,10.304670945852187,1.0,0.0,1.0,0.0,1.0,0.0
26,165,12.0,0.0,0.0,1.0,0.0,1.0,0.0,1.0
27,165,10.330140911920894,3.757336553510726,0.0,0.0,1.0,1.0,1.0,0.0
28,165,6.753748365908292,0.9925022171183612,0.0,0.0,1.0,1.0,1.0,0.0
29,165,2.7808364281179103,10.584409085539257,1.0,1.0,0.0,0.0,0.0,1.0
0,170,1.4089641863511035,4.834219388703956,0.0,0.0,0.0,1.0,1.0,1.0
1,170,2.6378411509812087,3.4509550498328725,1.0,0.0,0.0,0.0,1.0,1.0
2,170,8.989332635527697,1.6272195093708406,0.0,0.0,0.0,1.0,1.0,1.0
3,170,6.573487529111644,12.0,1.0,0.0,1.0,0.0,1.0,0.0
4,170,0.0,10.81027757767543,0.0,0.0,1.0,1.0,1.0,0.0
5,170,2.451576805630066,7.115873357014609,1.0,1.0,1.0,0.0,0.0,0.0
6,170,0.5557879158631397,10.367045216432258,0.0,1.0,1.0,1.0,0.0,0.0
7,170,10.056499259231646,0.5628530306636842,1.0,1.0,0.0,0.0,0.0,1.0
8,170,2.102541650592684,0.0,0.0,1.0,0.0,1.0,0.0,1.0
9,170,7.263255897801185,4.989497628631389,0.0,1.0,0.0,1.0,0.0,1.0
10,170,0.3850682860956693,6.499155601745336,0.0,0.0,0.0,1.0,1.0,1.0
11,170,10.622599333489918,9.09350246866293,0.0,0.0,0.0,1.0,1.0,1.0
12,170,10.633581943561513,11.166163881704934,1.0,0.0,1.0,0.0,1.0,0.0
13,170,2.2657906562728,9.546163196390015,0.0,0.0,1.0,1.0,1.0,0.0
14,170,4.541536089785777,0.0,1.0,0.0,0.0,0.0,1.0,1.0
15,170,4.702350949590213,5.623555928549213,1.0,0.0,1.0,0.0,1.0,0.0
16,170,8.68624236657534,3.3837464828518584,0.0,0.0,1.0,1.0,1.0,0.0
17,170,3.099109185046189,9.240873924088994,0.0,1.0,0.0,1.0,0.0,1.0
18,170,12.0,3.1903472265588744,1.0,0.0,1.0,0.0,1.0,0.0
19,170,10.014987695749973,9.273256568058605,0.0,1.0,1.0,1.0,0.0,0.0
20,170,0.0,7.162328696910472,0.0,1.0,1.0,1.0,0.0,0.0
21,170,9.168342501890296,0.0,1.0,1.0,0.0,0.0,0.0,1.0
22,170,1.5354036894837846,10.388587106478251,0.0,0.0,0.0,1.0,1.0,1.0
23,170,1.5212660420622732,0.0,1.0,1.0,0.0,0.0,0.0,1.0
24,170,4.749071903344444,4.938444978545039,1.0,1.0,0.0,0.0,0.0,1.0
25,170,12.0,10.282813479119246,1.0,0.0,1.0,0.0,1.0,0.0
26,170,12.0,0.0,0.0,1.0,0.0,1.0,0.0,1.0
27,170,10.281673655031916,3.8673464785860423,0.0,0.0,1.0,1.0,1.0,0.0
28,170,6.553153071046242,0.8127743621700854,0.0,0.0,1.0,1.0,1.0,0.0
29,170,2.831914351645903,10.598346622827547,1.0,1.0,0.0,0.0,0.0,1.0
0,175,1.3672735407819414,4.80032217900868,0.0,0.0,0.0,1.0,1.0,1.0
1,175,2.5727589214609314,3.545209169675399,1.0,0.0,0.0,0.0,1.0,1.0
2,175,8.990660157319146,1.6511960436996584,0.0,0.0,0.0,1.0,1.0,1.0
3,175,6.491895856156712,12.0,1.0,0.0,1.0,0.0,1.0,0.0
4,175,0.0,10.752023494816363,0.0,0.0,1.0,1.0,1.0,0.0
5,175,2.351928726067564,7.148656457879165,1.0,1.0,1.0,0.0,0.0,0.0
6,175,0.5396182263422677,10.346810488966543,0.0,1.0,1.0,1.0,0.0,0.0
7,175,10.055298251699856,0.5984022978834189,1.0,1.0,0.0,0.0,0.0,1.0
8,175,2.1333727348583267,0.0,0.0,1.0,0.0,1.0,0.0,1.0
9,175,7.424895871518555,4.831564549516082,0.0,1.0,0.0,1.0,0.0,1.0
10,175,0.2835364135823436,6.561880833435116,0.0,0.0,0.0,1.0,1.0,1.0
11,175,10.62129096712492,9.092667647328817,0.0,0.0,0.0,1.0,1.0,1.0
12,175,10.616354454820728,11.193029877097198,1.0,0.0,1.0,0.0,1.0,0.0
13,175,2.3044702934328765,9.62638865683556,0.0,0.0,1.0,1.0,1.0,0.0
14,175,4.450958089322502,0.0,1.0,0.0,0.0,0.0,1.0,1.0
15,175,4.836470792836895,5.658982442580192,1.0,0.0,1.0,0.0,1.0,0.0
16,175,8.702804875283968,3.3634839017341727,0.0,0.0,1.0,1.0,1.0,0.0
17,175,3.092525778893712,9.229997734293228,0.0,1.0,0.0,1.0,0.0,1.0
18,175,12.0,3.242820163558108,1.0,0.0,1.0,0.0,1.0,0.0
19,175,9.964254962200014,9.33593224108489,0.0,1.0,1.0,1.0,0.0,0.0
20,175,0.0,7.05011795827838,0.0,1.0,1.0,1.0,0.0,0.0
21,175,9.174240529706768,0.0,1.0,1.0,0.0,0.0,0.0,1.0
22,175,1.5466945746947862,10.383619685153468,0.0,0.0,0.0,1.0,1.0,1.0
23,175,1.4831552990545165,0.0,1.0,1.0,0.0,0.0,0.0,1.0
24,175,4.747020524907493,4.948600098008528,1.0,1.0,0.0,0.0,0.0,1.0
25,175,12.0,10.259761882354086,1.0,0.0,1.0,0.0,1.0,0.0
26,175,12.0,0.0,0.0,1.0,0.0,1.0,0.0,1.0
27,175,10.230872605199275,3.98026998223192,0.0,0.0,1.0,1.0,1.0,0.0
28,175,6.354434585567866,0.6333288211642741,0.0,0.0,1.0,1.0,1.0,0.0
29,175,2.881397378881749,10.61216923691028,1.0,1.0,0.0,0.0,0.0,1.0
0,180,1.3360908629869792,4.774786651468057,0.0,0.0,0.0,1.0,1.0,1.0
1,180,2.513477475683512,3.633975525888185,1.0,0.0,0.0,0.0,1.0,1.0
2,180,8.991363999306083,1.6623067053419731,0.0,0.0,0.0,1.0,1.0,1.0
3,180,6.418706326403443,12.0,1.0,0.0,1.0,0.0,1.0,0.0
4,180,0.0,10.688251691083977,0.0,0.0,1.0,1.0,1.0,0.0
5,180,2.256983742961119,7.180749946190422,1.0,1.0,1.0,0.0,0.0,0.0
6,180,0.5246280640163304,10.329033804703704,0.0,1.0,1.0,1.0,0.0,0.0
7,180,10.053940405016151,0.6495461175445092,1.0,1.0,0.0,0.0,0.0,1.0
8,180,2.156371061419218,0.0,0.0,1.0,0.0,1.0,0.0,1.0
9,180,7.582117472791271,4.671221286933996,0.0,1.0,0.0,1.0,0.0,1.0
10,180,0.1992410026425702,6.615664488328905,0.0,0.0,0.0,1.0,1.0,1.0
11,180,10.608026444917558,9.084213255857971,0.0,0.0,0.0,1.0,1.0,1.0
12,180,10.593155436338767,11.228483927762724,1.0,0.0,1.0,0.0,1.0,0.0
13,180,2.351826807554526,9.720448557892244,0.0,0.0,1.0,1.0,1.0,0.0
14,180,4.343480758905399,0.0,1.0,0.0,0.0,0.0,1.0,1.0
15,180,4.950528443290764,5.691004331816886,1.0,0.0,1.0,0.0,1.0,0.0
16,180,8.729332091279723,3.3309713584896703,0.0,0.0,1.0,1.0,1.0,0.0
17,180,3.080997484026045,9.211012667731625,0.0,1.0,0.0,1.0,0.0,1.0
18,180,12.0,3.293335009427269,1.0,0.0,1.0,0.0,1.0,0.0
19,180,9.903682971046337,9.413968988790586,0.0,1.0,1.0,1.0,0.0,0.0
20,180,0.0,6.939080580770543,0.0,1.0,1.0,1.0,0.0,0.0
21,180,9.182954667838697,0.0,1.0,1.0,0.0,0.0,0.0,1.0
22,180,1.5553105093599937,10.380015903513632,0.0,0.0,0.0,1.0,1.0,1.0
23,180,1.4521041898916154,0.0,1.0,1.0,0.0,0.0,0.0,1.0
24,180,4.744774065778215,4.958705296662946,1.0,1.0,0.0,0.0,0.0,1.0
25,180,12.0,10.238550097411094,1.0,0.0,1.0,0.0,1.0,0.0
26,180,12.0,0.0,0.0,1.0,0.0,1.0,0.0,1.0
27,180,10.178858612696915,4.094676297943103,0.0,0.0,1.0,1.0,1.0,0.0
28,180,6.150306879687449,0.45601802096967,0.0,0.0,1.0,1.0,1.0,0.0
29,180,2.90704985102907,10.618744632250982,1.0,1.0,0.0,0.0,0.0,1.0
0,185,1.30908044843492,4.753070001114855,0.0,0.0,0.0,1.0,1.0,1.0
1,185,2.451788470542015,3.726851585872744,1.0,0.0,0.0,0.0,1.0,1.0
2,185,8.992464801371577,1.6782438186871882,0.0,0.0,0.0,1.0,1.0,1.0
3,185,6.354182064702518,12.0,1.0,0.0,1.0,0.0,1.0,0.0
4,185,0.0,10.616882311042628,0.0,0.0,1.0,1.0,1.0,0.0
5,185,2.14198172253025,7.218781769167511,1.0,1.0,1.0,0.0,0.0,0.0
6,185,0.5134801891003213,10.31677111076118,0.0,1.0,1.0,1.0,0.0,0.0
7,185,10.053608543522872,0.705503181214967,1.0,1.0,0.0,0.0,0.0,1.0
8,185,2.1766629405260987,0.0,0.0,1.0,0.0,1.0,0.0,1.0
9,185,7.735432683231703,4.506067207183653,0.0,1.0,0.0,1.0,0.0,1.0
10,185,0.0971803667011424,6.679985406287242,0.0,0.0,0.0,1.0,1.0,1.0
11,185,10.59099891297912,9.073102556011,0.0,0.0,0.0,1.0,1.0,1.0
12,185,10.55869859580334,11.282004475770815,1.0,0.0,1.0,0.0,1.0,0.0
13,185,2.3930886528793103,9.802378619431115,0.0,0.0,1.0,1.0,1.0,0.0
14,185,4.229696077664828,0.0,1.0,0.0,0.0,0.0,1.0,1.0
15,185,5.078453296444678,5.72448890866895,1.0,0.0,1.0,0.0,1.0,0.0
16,185,8.750770207019631,3.305317343933174,0.0,0.0,1.0,1.0,1.0,0.0
17,185,3.073062414460412,9.197604482041076,0.0,1.0,0.0,1.0,0.0,1.0
18,185,12.0,3.3445984282003045,1.0,0.0,1.0,0.0,1.0,0.0
19,185,9.83046152716256,9.501830043699886,0.0,1.0,1.0,1.0,0.0,0.0
20,185,0.0,6.814710999667596,0.0,1.0,1.0,1.0,0.0,0.0
21,185,9.191481736553248,0.0,1.0,1.0,0.0,0.0,0.0,1.0
22,185,1.5781519742457013,10.370909781269791,0.0,0.0,0.0,1.0,1.0,1.0
23,185,1.414573101697558,0.0,1.0,1.0,0.0,0.0,0.0,1.0
24,185,4.747827796579069,4.945510080394816,1.0,1.0,0.0,0.0,0.0,1.0
25,185,12.0,10.208478465812425,1.0,0.0,1.0,0.0,1.0,0.0
26,185,12.0,0.0,0.0,1.0,0.0,1.0,0.0,1.0
27,185,10.122144641497128,4.216199450767531,0.0,0.0,1.0,1.0,1.0,0.0
28,185,5.970081958712111,0.2919671731936556,0.0,0.0,1.0,1.0,1.0,0.0
29,185,2.9153628891748053,10.62098512386143,1.0,1.0,0.0,0.0,0.0,1.0
0,190,1.290324973553307,4.7382772401091175,0.0,0.0,0.0,1.0,1.0,1.0
1,190,2.372286481756146,3.8428712608599658,1.0,0.0,0.0,0.0,1.0,1.0
2,190,8.995028174800705,1.7273028993378654,0.0,0.0,0.0,1.0,1.0,1.0
3,190,6.287395546488909,12.0,1.0,0.0,1.0,0.0,1.0,0.0
4,190,0.0,10.543992946928828,0.0,0.0,1.0,1.0,1.0,0.0
5,190,2.0237826702742785,7.25809326141658,1.0,1.0,1.0,0.0,0.0,0.0
6,190,0.5007007729274555,10.303183164134769,0.0,1.0,1.0,1.0,0.0,0.0
7,190,10.05791719331442,0.774308540507476,1.0,1.0,0.0,0.0,0.0,1.0
8,190,2.1830941170842157,0.0,0.0,1.0,0.0,1.0,0.0,1.0
9,190,7.891416658442609,4.344351048981177,0.0,1.0,0.0,1.0,0.0,1.0
10,190,0.0109011459821028,6.732910946777237,0.0,0.0,0.0,1.0,1.0,1.0
11,190,10.58200158914514,9.06687603004609,0.0,0.0,0.0,1.0,1.0,1.0
12,190,10.526299510350736,11.3337558486765,1.0,0.0,1.0,0.0,1.0,0.0
13,190,2.437689300156351,9.892984370620889,0.0,0.0,1.0,1.0,1.0,0.0
14,190,4.1203140915135785,0.0,1.0,0.0,0.0,0.0,1.0,1.0
15,190,5.205501330880433,5.757792535740896,1.0,0.0,1.0,0.0,1.0,0.0
16,190,8.778784378548123,3.271939838490992,0.0,0.0,1.0,1.0,1.0,0.0
17,190,3.068101250905113,9.189085471642075,0.0,1.0,0.0,1.0,0.0,1.0
18,190,12.0,3.394393333558153,1.0,0.0,1.0,0.0,1.0,0.0
19,190,9.76621543819297,9.579981499158745,0.0,1.0,1.0,1.0,0.0,0.0
20,190,0.0,6.695270802802775,0.0,1.0,1.0,1.0,0.0,0.0
21,190,9.200308978630344,0.0,1.0,1.0,0.0,0.0,0.0,1.0
22,190,1.6204893065895516,10.35275154016086,0.0,0.0,0.0,1.0,1.0,1.0
23,190,1.3665081112149984,0.0,1.0,1.0,0.0,0.0,0.0,1.0
24,190,4.75275754055323,4.924581863129377,1.0,1.0,0.0,0.0,0.0,1.0
25,190,12.0,10.171790645196998,1.0,0.0,1.0,0.0,1.0,0.0
26,190,12.0,0.0,0.0,1.0,0.0,1.0,0.0,1.0
27,190,10.05756956483726,4.359562728286855,0.0,0.0,1.0,1.0,1.0,0.0
28,190,5.776591787801596,0.12370179025748,0.0,0.0,1.0,1.0,1.0,0.0
29,190,2.92317910792004,10.623175398912984,1.0,1.0,0.0,0.0,0.0,1.0
0,195,1.2584892108460766,4.713164058978302,0.0,0.0,0.0,1.0,1.0,1.0
1,195,2.3031634888133614,3.946404050022146,1.0,0.0,0.0,0.0,1.0,1.0
2,195,8.99953314786962,1.7870412228168386,0.0,0.0,0.0,1.0,1.0,1.0
3,195,6.223623255025513,12.0,1.0,0.0,1.0,0.0,1.0,0.0
4,195,0.0,10.468022446830153,0.0,0.0,1.0,1.0,1.0,0.0
5,195,1.9128970510045964,7.291559886937415,1.0,1.0,1.0,0.0,0.0,0.0
6,195,0.4912436055378342,10.293175846069404,0.0,1.0,1.0,1.0,0.0,0.0
7,195,10.063230919342896,0.8473813445072674,1.0,1.0,0.0,0.0,0.0,1.0
8,195,2.169278320694263,0.0118544835520573,0.0,1.0,0.0,1.0,0.0,1.0
9,195,8.042031491427027,4.192441594404746,0.0,1.0,0.0,1.0,0.0,1.0
10,195,0.0,6.798400879577073,0.0,0.0,0.0,1.0,1.0,1.0
11,195,10.576458169715591,9.063190231542462,0.0,0.0,0.0,1.0,1.0,1.0
12,195,10.502756211409318,11.37325247053458,1.0,0.0,1.0,0.0,1.0,0.0
13,195,2.4868548713865963,9.996036372691307,0.0,0.0,1.0,1.0,1.0,0.0
14,195,4.017697180138597,0.0,1.0,0.0,0.0,0.0,1.0,1.0
15,195,5.312912720786202,5.787445977302534,1.0,0.0,1.0,0.0,1.0,0.0
16,195,8.808786687550423,3.235095094298106,0.0,0.0,1.0,1.0,1.0,0.0
17,195,3.062799672139969,9.180264665984394,0.0,1.0,0.0,1.0,0.0,1.0
18,195,12.0,3.44738539502486,1.0,0.0,1.0,0.0,1.0,0.0
19,195,9.699545237291597,9.66169469239842,0.0,1.0,1.0,1.0,0.0,0.0
20,195,0.0,6.568119848115326,0.0,1.0,1.0,1.0,0.0,0.0
21,195,9.207918160995376,0.0,1.0,1.0,0.0,0.0,0.0,1.0
22,195,1.6374012711262835,10.345675471526242,0.0,0.0,0.0,1.0,1.0,1.0
23,195,1.3130924888204305,0.0,1.0,1.0,0.0,0.0,0.0,1.0
24,195,4.756624097198266,4.90627959932385,1.0,1.0,0.0,0.0,0.0,1.0
25,195,12.0,10.139268316215984,1.0,0.0,1.0,0.0,1.0,0.0
26,195,12.0,0.0,0.0,1.0,0.0,1.0,0.0,1.0
27,195,9.99971952602835,4.495408645279816,0.0,0.0,1.0,1.0,1.0,0.0
28,195,5.588554262614326,0.0,0.0,0.0,1.0,1.0,1.0,0.0
29,195,2.928559161443516,10.624841461954258,1.0,1.0,0.0,0.0,0.0,1.0
0,200,1.2279130602134731,4.689841911554414,0.0,0.0,0.0,1.0,1.0,1.0
1,200,2.2372726182629874,4.049856871809543,1.0,0.0,0.0,0.0,1.0,1.0
2,200,9.00449045125592,1.8440186442417923,0.0,0.0,0.0,1.0,1.0,1.0
3,200,6.158319410954071,12.0,1.0,0.0,1.0,0.0,1.0,0.0
4,200,0.0,10.394000123327922,0.0,0.0,1.0,1.0,1.0,0.0
5,200,1.829378790003629,7.318825507412422,1.0,1.0,1.0,0.0,0.0,0.0
6,200,0.4808687989110619,10.282337360145432,0.0,1.0,1.0,1.0,0.0,0.0
7,200,10.066487499141898,0.9229372513109638,1.0,1.0,0.0,0.0,0.0,1.0
8,200,2.1717362411182783,0.009697276611219,0.0,1.0,0.0,1.0,0.0,1.0
9,200,8.179527204838973,4.060895360614225,0.0,1.0,0.0,1.0,0.0,1.0
10,200,0.0,6.871229068027112,0.0,0.0,0.0,1.0,1.0,1.0
11,200,10.540865312561897,9.038657337283473,0.0,0.0,0.0,1.0,1.0,1.0
12,200,10.482270734409608,11.408180688186077,1.0,0.0,1.0,0.0,1.0,0.0
13,200,2.523518273848853,10.076051580885762,0.0,0.0,1.0,1.0,1.0,0.0
14,200,3.9214985093047714,0.0,1.0,0.0,0.0,0.0,1.0,1.0
15,200,5.420267785596645,5.817097143204355,1.0,0.0,1.0,0.0,1.0,0.0
16,200,8.836742092438566,3.2002181115729087,0.0,0.0,1.0,1.0,1.0,0.0
17,200,3.0526525587329942,9.163843457451131,0.0,1.0,0.0,1.0,0.0,1.0
18,200,12.0,3.514295080068841,1.0,0.0,1.0,0.0,1.0,0.0
19,200,9.62556845797409,9.751989942328258,0.0,1.0,1.0,1.0,0.0,0.0
20,200,0.0,6.420159709809942,0.0,1.0,1.0,1.0,0.0,0.0
21,200,9.21513760897327,0.0,1.0,1.0,0.0,0.0,0.0,1.0
22,200,1.676902996606567,10.329837029523985,0.0,0.0,0.0,1.0,1.0,1.0
23,200,1.252388745164918,0.0,1.0,1.0,0.0,0.0,0.0,1.0
24,200,4.759060647371659,4.894264920684201,1.0,1.0,0.0,0.0,0.0,1.0
25,200,12.0,10.09735976431678,1.0,0.0,1.0,0.0,1.0,0.0
26,200,12.0,0.0,0.0,1.0,0.0,1.0,0.0,1.0
27,200,9.935310275166106,4.642843749722285,0.0,0.0,1.0,1.0,1.0,0.0
28,200,5.383684517021112,0.0,0.0,0.0,1.0,1.0,1.0,0.0
29,200,2.927091423149909,10.624328321911957,1.0,1.0,0.0,0.0,0.0,1.0
0,205,1.2186667545152918,4.682593406526334,0.0,0.0,0.0,1.0,1.0,1.0
1,205,2.159205944128197,4.171422369632523,1.0,0.0,0.0,0.0,1.0,1.0
2,205,9.007712329488406,1.900152835230188,0.0,0.0,0.0,1.0,1.0,1.0
3,205,6.088765409971073,12.0,1.0,0.0,1.0,0.0,1.0,0.0
4,205,0.0,10.315902111264986,0.0,0.0,1.0,1.0,1.0,0.0
5,205,1.739940415610952,7.346823166786161,1.0,1.0,1.0,0.0,0.0,0.0
6,205,0.4664271563725102,10.268418403187288,0.0,1.0,1.0,1.0,0.0,0.0
7,205,10.070389988834568,0.9840746230709614,1.0,1.0,0.0,0.0,0.0,1.0
8,205,2.18869949004777,0.0,0.0,1.0,0.0,1.0,0.0,1.0
9,205,8.331124795531325,3.925143993737131,0.0,1.0,0.0,1.0,0.0,1.0
10,205,0.0,6.947848217222145,0.0,0.0,0.0,1.0,1.0,1.0
11,205,10.50719656181426,9.015846557390992,0.0,0.0,0.0,1.0,1.0,1.0
12,205,10.461857192319863,11.44355316658225,1.0,0.0,1.0,0.0,1.0,0.0
13,205,2.559820803660557,10.157148728228794,0.0,0.0,1.0,1.0,1.0,0.0
14,205,3.824489581517496,0.0,1.0,0.0,0.0,0.0,1.0,1.0
15,205,5.544996263234338,5.847698825937995,1.0,0.0,1.0,0.0,1.0,0.0
16,205,8.865748712673927,3.1624892996774783,0.0,0.0,1.0,1.0,1.0,0.0
17,205,3.032580688124975,9.129979136271624,0.0,1.0,0.0,1.0,0.0,1.0
18,205,12.0,3.593577394019305,1.0,0.0,1.0,0.0,1.0,0.0
19,205,9.550685363788876,9.846093345975492,0.0,1.0,1.0,1.0,0.0,0.0
20,205,0.0,6.255265174680051,0.0,1.0,1.0,1.0,0.0,0.0
21,205,9.221421833227309,0.0,1.0,1.0,0.0,0.0,0.0,1.0
22,205,1.731505138933241,10.309362849370832,0.0,0.0,0.0,1.0,1.0,1.0
23,205,1.189112086284114,0.0,1.0,1.0,0.0,0.0,0.0,1.0
24,205,4.7610000760640725,4.886189810436426,1.0,1.0,0.0,0.0,0.0,1.0
25,205,12.0,10.058595825132192,1.0,0.0,1.0,0.0,1.0,0.0
26,205,12.0,0.0,0.0,1.0,0.0,1.0,0.0,1.0
27,205,9.86557892157964,4.795993423865469,0.0,0.0,1.0,1.0,1.0,0.0
28,205,5.21228180733283,0.2072072051952133,0.0,0.0,1.0,1.0,1.0,0.0
29,205,2.950073940717408,10.63288087403402,1.0,1.0,0.0,0.0,0.0,1.0
0,210,1.2036169442979814,4.67033419311267,0.0,0.0,0.0,1.0,1.0,1.0
1,210,2.0856948429349726,4.2893034641983405,1.0,0.0,0.0,0.0,1.0,1.0
2,210,9.009713940089917,1.960598767113774,0.0,0.0,0.0,1.0,1.0,1.0
3,210,6.029526272702155,12.0,1.0,0.0,1.0,0.0,1.0,0.0
4,210,0.0,10.256091456575314,0.0,0.0,1.0,1.0,1.0,0.0
5,210,1.6456356539163253,7.377578061339874,1.0,1.0,1.0,0.0,0.0,0.0
6,210,0.442636932790625,10.2459769560584,0.0,1.0,1.0,1.0,0.0,0.0
7,210,10.071970462527398,1.044544627763475,1.0,1.0,0.0,0.0,0.0,1.0
8,210,2.2203399040560026,0.0,0.0,1.0,0.0,1.0,0.0,1.0
9,210,8.490974393968918,3.7770679131133,0.0,1.0,0.0,1.0,0.0,1.0
10,210,0.0,7.026119922658129,0.0,0.0,0.0,1.0,1.0,1.0
11,210,10.486152714957344,9.001513029607482,0.0,0.0,0.0,1.0,1.0,1.0
12,210,10.503714139423243,11.46650534038424,1.0,0.0,1.0,0.0,1.0,0.0
13,210,2.594214520439603,10.22948040322188,0.0,0.0,1.0,1.0,1.0,0.0
14,210,3.730487380940228,0.0,1.0,0.0,0.0,0.0,1.0,1.0
15,210,5.683681535338354,5.881622580451213,1.0,0.0,1.0,0.0,1.0,0.0
16,210,8.857430449120963,3.155911700414492,0.0,0.0,1.0,1.0,1.0,0.0
17,210,3.0063291455917023,9.088376106257067,0.0,1.0,0.0,1.0,0.0,1.0
18,210,12.0,3.6762573249018153,1.0,0.0,1.0,0.0,1.0,0.0
19,210,9.474337365565903,9.941180121204647,0.0,1.0,1.0,1.0,0.0,0.0
20,210,0.0,6.071987761558206,0.0,1.0,1.0,1.0,0.0,0.0
21,210,9.22722850461994,0.0,1.0,1.0,0.0,0.0,0.0,1.0
22,210,1.788108407735112,10.288396112100113,0.0,0.0,0.0,1.0,1.0,1.0
23,210,1.135861836063381,0.0,1.0,1.0,0.0,0.0,0.0,1.0
24,210,4.7659288849820864,4.862244648259675,1.0,1.0,0.0,0.0,0.0,1.0
25,210,12.0,10.0012999299792,1.0,0.0,1.0,0.0,1.0,0.0
26,210,12.0,0.0,0.0,1.0,0.0,1.0,0.0,1.0
27,210,9.79701151772367,4.945431666894435,0.0,0.0,1.0,1.0,1.0,0.0
28,210,5.048082251330684,0.3951650088295151,0.0,0.0,1.0,1.0,1.0,0.0
29,210,2.963801728390416,10.637745750751783,1.0,1.0,0.0,0.0,0.0,1.0
0,215,1.1879725309844036,4.657601028297381,0.0,0.0,0.0,1.0,1.0,1.0
1,215,2.006828886847364,4.411929467578127,1.0,0.0,0.0,0.0,1.0,1.0
2,215,9.010174111297076,2.0366561845338094,0.0,0.0,0.0,1.0,1.0,1.0
3,215,5.969187178066304,12.0,1.0,0.0,1.0,0.0,1.0,0.0
4,215,0.0,10.194073383092132,0.0,0.0,1.0,1.0,1.0,0.0
5,215,1.5324962599812948,7.411856469748058,1.0,1.0,1.0,0.0,0.0,0.0
6,215,0.4231468415650962,10.22800281886029,0.0,1.0,1.0,1.0,0.0,0.0
7,215,10.07340795887106,1.1030448948194762,1.0,1.0,0.0,0.0,0.0,1.0
8,215,2.240916331519553,0.0,0.0,1.0,0.0,1.0,0.0,1.0
9,215,8.637304096126096,3.639850708842896,0.0,1.0,0.0,1.0,0.0,1.0
10,215,0.0,7.104499419410431,0.0,0.0,0.0,1.0,1.0,1.0
11,215,10.460261980579858,8.983938037148443,0.0,0.0,0.0,1.0,1.0,1.0
12,215,10.509431840405274,11.469568146214597,1.0,0.0,1.0,0.0,1.0,0.0
13,215,2.626034740312075,10.294477548586206,0.0,0.0,1.0,1.0,1.0,0.0
14,215,3.653670066145404,0.0,1.0,0.0,0.0,0.0,1.0,1.0
15,215,5.83168162867861,5.920062021959361,1.0,0.0,1.0,0.0,1.0,0.0
16,215,8.859980225036544,3.1577930212937173,0.0,0.0,1.0,1.0,1.0,0.0
17,215,2.98587575872686,9.054172077244068,0.0,1.0,0.0,1.0,0.0,1.0
18,215,12.0,3.757117735447717,1.0,0.0,1.0,0.0,1.0,0.0
19,215,9.393237493754706,10.035741685826402,0.0,1.0,1.0,1.0,0.0,0.0
20,215,0.0,5.875614641202692,0.0,1.0,1.0,1.0,0.0,0.0
21,215,9.233036046543395,0.0,1.0,1.0,0.0,0.0,0.0,1.0
22,215,1.8710112112106545,10.259072395586402,0.0,0.0,0.0,1.0,1.0,1.0
23,215,1.094134235579895,0.0,1.0,1.0,0.0,0.0,0.0,1.0
24,215,4.772859362548282,4.827624762117978,1.0,1.0,0.0,0.0,0.0,1.0
25,215,12.0,9.9375993243303,1.0,0.0,1.0,0.0,1.0,0.0
26,215,12.0,0.0,0.0,1.0,0.0,1.0,0.0,1.0
27,215,9.735928628338549,5.077170346905772,0.0,0.0,1.0,1.0,1.0,0.0
28,215,4.885316548251012,0.5913373515626827,0.0,0.0,1.0,1.0,1.0,0.0
29,215,2.9795317553962377,10.643397900084445,1.0,1.0,0.0,0.0,0.0,1.0
0,220,1.1656842403866032,4.639482347551525,0.0,0.0,0.0,1.0,1.0,1.0
1,220,1.9338164352725808,4.526232874927664,1.0,0.0,0.0,0.0,1.0,1.0
2,220,9.010723885651611,2.1013447284848223,0.0,0.0,0.0,1.0,1.0,1.0
3,220,5.907111384811352,12.0,1.0,0.0,1.0,0.0,1.0,0.0
4,220,0.0,10.142427044388022,0.0,0.0,1.0,1.0,1.0,0.0
5,220,1.4391222874540277,7.436818822195893,1.0,1.0,1.0,0.0,0.0,0.0
6,220,0.4131102250386876,10.218698856028702,0.0,1.0,1.0,1.0,0.0,0.0
7,220,10.075625293485508,1.1754388828488642,1.0,1.0,0.0,0.0,0.0,1.0
8,220,2.262968999433836,0.0,0.0,1.0,0.0,1.0,0.0,1.0
9,220,8.796402740208505,3.495087434401523,0.0,1.0,0.0,1.0,0.0,1.0
10,220,0.0,7.178125900251715,0.0,0.0,0.0,1.0,1.0,1.0
11,220,10.411685399712724,8.948034332253409,0.0,0.0,0.0,1.0,1.0,1.0
12,220,10.506768489168527,11.468164791645789,1.0,0.0,1.0,0.0,1.0,0.0
13,220,2.656692447923591,10.352448163465262,0.0,0.0,1.0,1.0,1.0,0.0
14,220,3.591391804699831,0.0,1.0,0.0,0.0,0.0,1.0,1.0
15,220,5.991184379956637,5.967551478689071,1.0,0.0,1.0,0.0,1.0,0.0
16,220,8.865254136189826,3.161919443910816,0.0,0.0,1.0,1.0,1.0,0.0
17,220,2.973526582529196,9.034477605147934,0.0,1.0,0.0,1.0,0.0,1.0
18,220,12.0,3.8447857469563935,1.0,0.0,1.0,0.0,1.0,0.0
19,220,9.332362408546048,10.110389646137657,0.0,1.0,1.0,1.0,0.0,0.0
20,220,0.0,5.6801694197817385,0.0,1.0,1.0,1.0,0.0,0.0
21,220,9.237307736288608,0.0,1.0,1.0,0.0,0.0,0.0,1.0
22,220,1.962684380748957,10.226504421403169,0.0,0.0,0.0,1.0,1.0,1.0
23,220,1.0618876706508344,0.0,1.0,1.0,0.0,0.0,0.0,1.0
24,220,4.780353793051048,4.788255497792274,1.0,1.0,0.0,0.0,0.0,1.0
25,220,12.0,9.87874549708754,1.0,0.0,1.0,0.0,1.0,0.0
26,220,12.0,0.0,0.0,1.0,0.0,1.0,0.0,1.0
27,220,9.666786423516076,5.221682437038257,0.0,0.0,1.0,1.0,1.0,0.0
28,220,4.725901167053772,0.7848411136720609,0.0,0.0,1.0,1.0,1.0,0.0
29,220,3.0073502505326952,10.652155555467912,1.0,1.0,0.0,0.0,0.0,1.0
0,225,1.143779141882098,4.622853066908893,0.0,0.0,0.0,1.0,1.0,1.0
1,225,1.849969635794056,4.654312791374498,1.0,0.0,0.0,0.0,1.0,1.0
2,225,9.012044365774091,2.163236249580485,0.0,0.0,0.0,1.0,1.0,1.0
3,225,5.853388974901365,12.0,1.0,0.0,1.0,0.0,1.0,0.0
4,225,0.0,10.086245176050696,0.0,0.0,1.0,1.0,1.0,0.0
5,225,1.3377231549601074,7.464181265589475,1.0,1.0,1.0,0.0,0.0,0.0
6,225,0.3777742263021809,10.185135337054271,0.0,1.0,1.0,1.0,0.0,0.0
7,225,10.076182927508556,1.2371804661159376,1.0,1.0,0.0,0.0,0.0,1.0
8,225,2.2871880063026064,0.0,0.0,1.0,0.0,1.0,0.0,1.0
9,225,8.959640501645119,3.3458843560691083,0.0,1.0,0.0,1.0,0.0,1.0
10,225,0.0,7.250075728780539,0.0,0.0,0.0,1.0,1.0,1.0
11,225,10.36583865248165,8.91549659885372,0.0,0.0,0.0,1.0,1.0,1.0
12,225,10.512092391951208,11.470996951453923,1.0,0.0,1.0,0.0,1.0,0.0
13,225,2.694889594571696,10.42294967883617,0.0,0.0,1.0,1.0,1.0,0.0
14,225,3.520375372612336,0.0,1.0,0.0,0.0,0.0,1.0,1.0
15,225,6.151867103937648,6.012489782277752,1.0,0.0,1.0,0.0,1.0,0.0
16,225,8.876521212941235,3.170887450913884,0.0,0.0,1.0,1.0,1.0,0.0
17,225,2.964108760111624,9.019847570639286,0.0,1.0,0.0,1.0,0.0,1.0
18,225,12.0,3.9343865527345914,1.0,0.0,1.0,0.0,1.0,0.0
19,225,9.255530513102764,10.201796378230332,0.0,1.0,1.0,1.0,0.0,0.0
20,225,0.0,5.479665951916807,0.0,1.0,1.0,1.0,0.0,0.0
21,225,9.240999142239724,0.0,1.0,1.0,0.0,0.0,0.0,1.0
22,225,2.048648805348288,10.197350716246907,0.0,0.0,0.0,1.0,1.0,1.0
23,225,1.0306888946216757,0.0,1.0,1.0,0.0,0.0,0.0,1.0
24,225,4.7888407097388015,4.735516235200164,1.0,1.0,0.0,0.0,0.0,1.0
25,225,12.0,9.81565412736281,1.0,0.0,1.0,0.0,1.0,0.0
26,225,12.0,0.0,0.0,1.0,0.0,1.0,0.0,1.0
27,225,9.59702615419807,5.361674067726046,0.0,0.0,1.0,1.0,1.0,0.0
28,225,4.558921044844137,0.9887136193527668,0.0,0.0,1.0,1.0,1.0,0.0
29,225,3.0247549598161485,10.658293120925162,1.0,1.0,0.0,0.0,0.0,1.0
0,230,1.1091582925486456,4.596398418741486,0.0,0.0,0.0,1.0,1.0,1.0
1,230,1.7629593210618544,4.78776421072614,1.0,0.0,0.0,0.0,1.0,1.0
2,230,9.01464831709378,2.247835824213765,0.0,0.0,0.0,1.0,1.0,1.0
3,230,5.800107556005031,12.0,1.0,0.0,1.0,0.0,1.0,0.0
4,230,0.0,10.026852056035738,0.0,0.0,1.0,1.0,1.0,0.0
5,230,1.261705291733252,7.485673253160344,1.0,1.0,1.0,0.0,0.0,0.0
6,230,0.3420378004977643,10.152460635101118,0.0,1.0,1.0,1.0,0.0,0.0
7,230,10.079172005415474,1.317279499529169,1.0,1.0,0.0,0.0,0.0,1.0
8,230,2.300941363660511,0.0,0.0,1.0,0.0,1.0,0.0,1.0
9,230,9.115888657635496,3.2026600507119425,0.0,1.0,0.0,1.0,0.0,1.0
10,230,0.0,7.314293764936564,0.0,0.0,0.0,1.0,1.0,1.0
11,230,10.331336061339034,8.89194124719337,0.0,0.0,0.0,1.0,1.0,1.0
12,230,10.517072427239514,11.473618712509786,1.0,0.0,1.0,0.0,1.0,0.0
13,230,2.7370362073304526,10.503141893578343,0.0,0.0,1.0,1.0,1.0,0.0
14,230,3.4672572073532137,0.0,1.0,0.0,0.0,0.0,1.0,1.0
15,230,6.318751701157617,6.061232524530113,1.0,0.0,1.0,0.0,1.0,0.0
16,230,8.896305212067224,3.1871278517821904,0.0,0.0,1.0,1.0,1.0,0.0
17,230,2.9562146772914817,9.007168445180536,0.0,1.0,0.0,1.0,0.0,1.0
18,230,12.0,4.031234960765072,1.0,0.0,1.0,0.0,1.0,0.0
19,230,9.177697017243842,10.296439034244605,0.0,1.0,1.0,1.0,0.0,0.0
20,230,0.0,5.286458724944995,0.0,1.0,1.0,1.0,0.0,0.0
21,230,9.244800060889965,0.0,1.0,1.0,0.0,0.0,0.0,1.0
22,230,2.1543340752550493,10.162090757571216,0.0,0.0,0.0,1.0,1.0,1.0
23,230,0.9999978415246992,0.0,1.0,1.0,0.0,0.0,0.0,1.0
24,230,4.792297443606969,4.715083294543463,1.0,1.0,0.0,0.0,0.0,1.0
25,230,12.0,9.76853691327359,1.0,0.0,1.0,0.0,1.0,0.0
26,230,12.0,0.0,0.0,1.0,0.0,1.0,0.0,1.0
27,230,9.52727166045609,5.488842263486637,0.0,0.0,1.0,1.0,1.0,0.0
28,230,4.384904679358968,1.201788000250116,0.0,0.0,1.0,1.0,1.0,0.0
29,230,3.042749294506831,10.66456517615762,1.0,1.0,0.0,0.0,0.0,1.0
0,235,1.09917182432275,4.588693241097947,0.0,0.0,0.0,1.0,1.0,1.0
1,235,1.6655906308745247,4.950112928849565,1.0,0.0,0.0,0.0,1.0,1.0
2,235,9.01785032034084,2.339380284523384,0.0,0.0,0.0,1.0,1.0,1.0
3,235,5.753496895246431,12.0,1.0,0.0,1.0,0.0,1.0,0.0
4,235,0.0,9.976866760501922,0.0,0.0,1.0,1.0,1.0,0.0
5,235,1.1827871631572615,7.507047041924975,1.0,1.0,1.0,0.0,0.0,0.0
6,235,0.2983685350184943,10.202856369037558,0.0,1.0,1.0,1.0,0.0,0.0
7,235,10.082587865342946,1.4057864026941116,1.0,1.0,0.0,0.0,0.0,1.0
8,235,2.3201366672405324,0.0,0.0,1.0,0.0,1.0,0.0,1.0
9,235,9.269314468110462,3.063645540082748,0.0,1.0,0.0,1.0,0.0,1.0
10,235,0.0,7.391531292395602,0.0,0.0,0.0,1.0,1.0,1.0
11,235,10.312952599984705,8.880144055774837,0.0,0.0,0.0,1.0,1.0,1.0
12,235,10.52356137809002,11.477221012863655,1.0,0.0,1.0,0.0,1.0,0.0
13,235,2.776262073186037,10.578427774565377,0.0,0.0,1.0,1.0,1.0,0.0
14,235,3.397607378697659,0.0,1.0,0.0,0.0,0.0,1.0,1.0
15,235,6.485987711631053,6.108428338879692,1.0,0.0,1.0,0.0,1.0,0.0
16,235,8.914282633328797,3.2021876257207484,0.0,0.0,1.0,1.0,1.0,0.0
17,235,2.945940671382881,8.989841229699486,0.0,1.0,0.0,1.0,0.0,1.0
18,235,12.0,4.122462088694985,1.0,0.0,1.0,0.0,1.0,0.0
19,235,9.098232234318374,10.391733013454251,0.0,1.0,1.0,1.0,0.0,0.0
20,235,0.0,5.114035785070345,0.0,1.0,1.0,1.0,0.0,0.0
21,235,9.25023525366981,0.0,1.0,1.0,0.0,0.0,0.0,1.0
22,235,2.2445078346125404,10.129604520705778,0.0,0.0,0.0,1.0,1.0,1.0
23,235,0.9788379842675218,0.0,1.0,1.0,0.0,0.0,0.0,1.0
24,235,4.793494999702308,4.707826945308475,1.0,1.0,0.0,0.0,0.0,1.0
25,235,12.0,9.723425753549405,1.0,0.0,1.0,0.0,1.0,0.0
26,235,12.0,0.0,0.0,1.0,0.0,1.0,0.0,1.0
27,235,9.461342956944584,5.603135237370148,0.0,0.0,1.0,1.0,1.0,0.0
28,235,4.204823671529274,1.406546364836364,0.0,0.0,1.0,1.0,1.0,0.0
29,235,3.071098920816334,10.67380717363172,1.0,1.0,0.0,0.0,0.0,1.0
0,240,1.1001379414962582,4.589414808766144,0.0,0.0,0.0,1.0,1.0,1.0
1,240,1.5579855272487704,5.131641405296869,1.0,0.0,0.0,0.0,1.0,1.0
2,240,9.023097572313317,2.412583780786682,0.0,0.0,0.0,1.0,1.0,1.0
3,240,5.704673350006464,12.0,1.0,0.0,1.0,0.0,1.0,0.0
4,240,0.0,9.930117922206486,0.0,0.0,1.0,1.0,1.0,0.0
5,240,1.1368744903211232,7.518600833722604,1.0,1.0,1.0,0.0,0.0,0.0
6,240,0.2404775339100737,10.267799264135933,0.0,1.0,1.0,1.0,0.0,0.0
7,240,10.087888785391188,1.4964012720097113,1.0,1.0,0.0,0.0,0.0,1.0
8,240,2.3338050762747438,0.0,0.0,1.0,0.0,1.0,0.0,1.0
9,240,9.433006782730748,2.9132221672877536,0.0,1.0,0.0,1.0,0.0,1.0
10,240,0.0,7.473018552514683,0.0,0.0,0.0,1.0,1.0,1.0
11,240,10.270113275137358,8.852901521775696,0.0,0.0,0.0,1.0,1.0,1.0
12,240,10.5381108981621,11.485561248259096,1.0,0.0,1.0,0.0,1.0,0.0
13,240,2.817721683694764,10.660421063348874,0.0,0.0,1.0,1.0,1.0,0.0
14,240,3.3391179763801926,0.0,1.0,0.0,0.0,0.0,1.0,1.0
15,240,6.689796131528823,6.166553167600823,1.0,0.0,1.0,0.0,1.0,0.0
16,240,8.938281685030319,3.222276758692873,0.0,0.0,1.0,1.0,1.0,0.0
17,240,2.934126355740762,8.970723990769898,0.0,1.0,0.0,1.0,0.0,1.0
18,240,12.0,4.218691775842427,1.0,0.0,1.0,0.0,1.0,0.0
19,240,9.02026555744514,10.48534760489546,0.0,1.0,1.0,1.0,0.0,0.0
20,240,0.0,4.924861923480273,0.0,1.0,1.0,1.0,0.0,0.0
21,240,9.25477956747,0.0,1.0,1.0,0.0,0.0,0.0,1.0
22,240,2.3475626369916247,10.090467575438277,0.0,0.0,0.0,1.0,1.0,1.0
23,240,0.955559050185072,0.0,1.0,1.0,0.0,0.0,0.0,1.0
24,240,4.787969704624633,4.738246770390837,1.0,1.0,0.0,0.0,0.0,1.0
25,240,12.0,9.684413736201298,1.0,0.0,1.0,0.0,1.0,0.0
26,240,12.0,0.0,0.0,1.0,0.0,1.0,0.0,1.0
27,240,9.386397341464694,5.734917894069311,0.0,0.0,1.0,1.0,1.0,0.0
28,240,4.023779861275363,1.610188593290091,0.0,0.0,1.0,1.0,1.0,0.0
29,240,3.12233407264498,10.689470626848967,1.0,1.0,0.0,0.0,0.0,1.0
0,245,1.1052483496890295,4.592985002119439,0.0,0.0,0.0,1.0,1.0,1.0
1,245,1.4511591705592486,5.312245078883113,1.0,0.0,0.0,0.0,1.0,1.0
2,245,9.02958097599505,2.4874980740292925,0.0,0.0,0.0,1.0,1.0,1.0
3,245,5.658636894125533,12.0,1.0,0.0,1.0,0.0,1.0,0.0
4,245,0.0,9.885565325016126,0.0,0.0,1.0,1.0,1.0,0.0
5,245,1.0823954121059003,7.533958736532419,1.0,1.0,1.0,0.0,0.0,0.0
6,245,0.1655907919736081,10.353767109975466,0.0,1.0,1.0,1.0,0.0,0.0
7,245,10.090706478974568,1.5773863346141763,1.0,1.0,0.0,0.0,0.0,1.0
8,245,2.3317597453522887,0.0018268402056252,0.0,1.0,0.0,1.0,0.0,1.0
9,245,9.582380011906643,2.779071516048956,0.0,1.0,0.0,1.0,0.0,1.0
10,245,0.0,7.549829866173096,0.0,0.0,0.0,1.0,1.0,1.0
11,245,10.214570320856836,8.816131614560517,0.0,0.0,0.0,1.0,1.0,1.0
12,245,10.57127429165665,11.504245479887969,1.0,0.0,1.0,0.0,1.0,0.0
13,245,2.8546501148558048,10.73170732362599,0.0,0.0,1.0,1.0,1.0,0.0
14,245,3.2871269534361174,0.0,1.0,0.0,0.0,0.0,1.0,1.0
15,245,6.905036381342399,6.226993289399863,1.0,0.0,1.0,0.0,1.0,0.0
16,245,8.972006199564284,3.249110487116316,0.0,0.0,1.0,1.0,1.0,0.0
17,245,2.916129760956425,8.941555480425723,0.0,1.0,0.0,1.0,0.0,1.0
18,245,12.0,4.319488506256805,1.0,0.0,1.0,0.0,1.0,0.0
19,245,8.937775237081146,10.584065458308354,0.0,1.0,1.0,1.0,0.0,0.0
20,245,0.0,4.735714314266648,0.0,1.0,1.0,1.0,0.0,0.0
21,245,9.25822775811546,0.0,1.0,1.0,0.0,0.0,0.0,1.0
22,245,2.462873475327827,10.052004378578362,0.0,0.0,0.0,1.0,1.0,1.0
23,245,0.9263218982710756,0.0,1.0,1.0,0.0,0.0,0.0,1.0
24,245,4.780378085969325,4.777782991508748,1.0,1.0,0.0,0.0,0.0,1.0
25,245,12.0,9.634926798700144,1.0,0.0,1.0,0.0,1.0,0.0
26,245,12.0,0.0,0.0,1.0,0.0,1.0,0.0,1.0
27,245,9.3206288509687,5.847498220291783,0.0,0.0,1.0,1.0,1.0,0.0
28,245,3.857373718061199,1.801151278450061,0.0,0.0,1.0,1.0,1.0,0.0
29,245,3.1911241794668,10.710894694601986,1.0,1.0,0.0,0.0,0.0,1.0
0,250,1.1097530992575797,4.5961887798670285,0.0,0.0,0.0,1.0,1.0,1.0
1,250,1.3426223509196815,5.494341663516446,1.0,0.0,0.0,0.0,1.0,1.0
2,250,9.03741711015664,2.579012395066121,0.0,0.0,0.0,1.0,1.0,1.0
3,250,5.612922752231639,12.0,1.0,0.0,1.0,0.0,1.0,0.0
4,250,0.0,9.835876544115068,0.0,0.0,1.0,1.0,1.0,0.0
5,250,1.0198554710206156,7.552492257094592,1.0,1.0,1.0,0.0,0.0,0.0
6,250,0.0951192669544069,10.440573331113534,0.0,1.0,1.0,1.0,0.0,0.0
7,250,10.095703477018814,1.6680300873191765,1.0,1.0,0.0,0.0,0.0,1.0
8,250,2.3324295009306395,0.001246728185817,0.0,1.0,0.0,1.0,0.0,1.0
9,250,9.744538306434391,2.632177919476244,0.0,1.0,0.0,1.0,0.0,1.0
10,250,0.0,7.621072304401593,0.0,0.0,0.0,1.0,1.0,1.0
11,250,10.148170712216949,8.773015937349108,0.0,0.0,0.0,1.0,1.0,1.0
12,250,10.602743015183949,11.522640311912363,1.0,0.0,1.0,0.0,1.0,0.0
13,250,2.901151292562908,10.818427319885409,0.0,0.0,1.0,1.0,1.0,0.0
14,250,3.2293624425273397,0.0,1.0,0.0,0.0,0.0,1.0,1.0
15,250,7.14354687148976,6.292966839531229,1.0,0.0,1.0,0.0,1.0,0.0
16,250,9.001124206953833,3.2717937968550537,0.0,0.0,1.0,1.0,1.0,0.0
17,250,2.895939503033845,8.90993021590612,0.0,1.0,0.0,1.0,0.0,1.0
18,250,12.0,4.411514496122876,1.0,0.0,1.0,0.0,1.0,0.0
19,250,8.852026778646193,10.683237555449402,0.0,1.0,1.0,1.0,0.0,0.0
20,250,0.0,4.5491557747093845,0.0,1.0,1.0,1.0,0.0,0.0
21,250,9.26076553982424,0.0,1.0,1.0,0.0,0.0,0.0,1.0
22,250,2.571370401463359,10.016404139478077,0.0,0.0,0.0,1.0,1.0,1.0
23,250,0.8897796086129621,0.0,1.0,1.0,0.0,0.0,0.0,1.0
24,250,4.772501787109435,4.8131868681824255,1.0,1.0,0.0,0.0,0.0,1.0
25,250,12.0,9.58462194138108,1.0,0.0,1.0,0.0,1.0,0.0
26,250,12.0,0.0,0.0,1.0,0.0,1.0,0.0,1.0
27,250,9.254310824356176,5.967630735756852,0.0,0.0,1.0,1.0,1.0,0.0
28,250,3.694666529204156,1.9894772192316943,0.0,0.0,1.0,1.0,1.0,0.0
29,250,3.241957703985559,10.727281763932275,1.0,1.0,0.0,0.0,0.0,1.0
0,255,1.1114919437194173,4.59739501611175,0.0,0.0,0.0,1.0,1.0,1.0
1,255,1.2398850340806555,5.671424381044646,1.0,0.0,0.0,0.0,1.0,1.0
2,255,9.04451141864972,2.678837370104563,0.0,0.0,0.0,1.0,1.0,1.0
3,255,5.5610715028035695,12.0,1.0,0.0,1.0,0.0,1.0,0.0
4,255,0.0,9.783507523021886,0.0,0.0,1.0,1.0,1.0,0.0
5,255,0.9397192325532452,7.5768841756276,1.0,1.0,1.0,0.0,0.0,0.0
6,255,0.0302822770649726,10.521368950338717,0.0,1.0,1.0,1.0,0.0,0.0
7,255,10.099937162585448,1.7608884992354237,1.0,1.0,0.0,0.0,0.0,1.0
8,255,2.3237010666956484,0.008832229537648,0.0,1.0,0.0,1.0,0.0,1.0
9,255,9.901889181028755,2.4907489677991808,0.0,1.0,0.0,1.0,0.0,1.0
10,255,0.0,7.691197721632217,0.0,0.0,0.0,1.0,1.0,1.0
11,255,10.087984859179173,8.73519867709012,0.0,0.0,0.0,1.0,1.0,1.0
12,255,10.628348524103451,11.538782855551474,1.0,0.0,1.0,0.0,1.0,0.0
13,255,2.962527697896097,10.938795280872045,0.0,0.0,1.0,1.0,1.0,0.0
14,255,3.171272482207652,0.0,1.0,0.0,0.0,0.0,1.0,1.0
15,255,7.398175776380019,6.356594976452727,1.0,0.0,1.0,0.0,1.0,0.0
16,255,9.025259476481326,3.2904196335213656,0.0,0.0,1.0,1.0,1.0,0.0
17,255,2.889438517069598,8.89940349894047,0.0,1.0,0.0,1.0,0.0,1.0
18,255,12.0,4.502132760057724,1.0,0.0,1.0,0.0,1.0,0.0
19,255,8.753022541414246,10.79805938093404,0.0,1.0,1.0,1.0,0.0,0.0
20,255,0.0,4.36823642158748,0.0,1.0,1.0,1.0,0.0,0.0
21,255,9.262704730183938,0.0,1.0,1.0,0.0,0.0,0.0,1.0
22,255,2.663922526352103,9.98846690954356,0.0,0.0,0.0,1.0,1.0,1.0
23,255,0.8564066299167001,0.0,1.0,1.0,0.0,0.0,0.0,1.0
24,255,4.763329592640918,4.851636298847133,1.0,1.0,0.0,0.0,0.0,1.0
25,255,12.0,9.541240002402928,1.0,0.0,1.0,0.0,1.0,0.0
26,255,12.0,0.0,0.0,1.0,0.0,1.0,0.0,1.0
27,255,9.18444810709115,6.086948571715336,0.0,0.0,1.0,1.0,1.0,0.0
28,255,3.535104027610831,2.1673051078306123,0.0,0.0,1.0,1.0,1.0,0.0
29,255,3.3069782456792303,10.748088773960095,1.0,1.0,0.0,0.0,0.0,1.0
0,260,1.0928367896005078,4.624920075766178,0.0,0.0,0.0,1.0,1.0,1.0
1,260,1.431156282105135,5.78195311112078,1.0,0.0,0.0,0.0,1.0,1.0
2,260,9.049610605439057,2.787117877880229,0.0,0.0,0.0,1.0,1.0,1.0
3,260,5.5108966211854185,12.0,1.0,0.0,1.0,0.0,1.0,0.0
4,260,0.0,9.73025974801154,0.0,0.0,1.0,1.0,1.0,0.0
5,260,0.8680324689419234,7.600351942225107,1.0,1.0,1.0,0.0,0.0,0.0
6,260,0.0,10.597625982585631,0.0,1.0,1.0,1.0,0.0,0.0
7,260,10.103027929937808,1.8316735732031455,1.0,1.0,0.0,0.0,0.0,1.0
8,260,2.3176139736387924,0.0143052035355248,0.0,1.0,0.0,1.0,0.0,1.0
9,260,10.05897219670794,2.3476615248537542,0.0,1.0,0.0,1.0,0.0,1.0
10,260,0.0,7.761165298888343,0.0,0.0,0.0,1.0,1.0,1.0
11,260,10.035272798655749,8.699091081221916,0.0,0.0,0.0,1.0,1.0,1.0
12,260,10.654886031840514,11.555621048926051,1.0,0.0,1.0,0.0,1.0,0.0
13,260,3.013440131141396,11.037935420036357,0.0,0.0,1.0,1.0,1.0,0.0
14,260,3.1222677731701127,0.0,1.0,0.0,0.0,0.0,1.0,1.0
15,260,7.671641201484231,6.425948077195852,1.0,0.0,1.0,0.0,1.0,0.0
16,260,9.053418671775136,3.312493821551441,0.0,0.0,1.0,1.0,1.0,0.0
17,260,2.872280704536782,8.871017949584656,0.0,1.0,0.0,1.0,0.0,1.0
18,260,12.0,4.59317759952376,1.0,0.0,1.0,0.0,1.0,0.0
19,260,8.647276456095577,10.917558719402798,0.0,1.0,1.0,1.0,0.0,0.0
20,260,0.0,4.182319733755666,0.0,1.0,1.0,1.0,0.0,0.0
21,260,9.2663712189754,0.0,1.0,1.0,0.0,0.0,0.0,1.0
22,260,2.7541738539283864,9.960730319516564,0.0,0.0,0.0,1.0,1.0,1.0
23,260,0.8257077063306603,0.0,1.0,1.0,0.0,0.0,0.0,1.0
24,260,4.756254393389519,4.881122199779717,1.0,1.0,0.0,0.0,0.0,1.0
25,260,12.0,9.499443369989567,1.0,0.0,1.0,0.0,1.0,0.0
26,260,12.0,0.0,0.0,1.0,0.0,1.0,0.0,1.0
27,260,9.124375791049196,6.195096360496794,0.0,0.0,1.0,1.0,1.0,0.0
28,260,3.3874647967107228,2.3284900055916324,0.0,0.0,1.0,1.0,1.0,0.0
29,260,3.3874136796127896,10.774872189682904,1.0,1.0,0.0,0.0,0.0,1.0
0,265,1.0864766741446217,4.634017348226113,0.0,0.0,0.0,1.0,1.0,1.0
1,265,1.6167812996197524,5.889852566711386,1.0,0.0,0.0,0.0,1.0,1.0
2,265,9.058997088390925,2.9167504115881124,0.0,0.0,0.0,1.0,1.0,1.0
3,265,5.461298665858097,12.0,1.0,0.0,1.0,0.0,1.0,0.0
4,265,0.0,9.678522997630198,0.0,0.0,1.0,1.0,1.0,0.0
5,265,0.770898382251123,7.6307955280665185,1.0,1.0,1.0,0.0,0.0,0.0
6,265,0.0,10.672645757443757,0.0,1.0,1.0,1.0,0.0,0.0
7,265,10.105076060761355,1.9116363029007195,1.0,1.0,0.0,0.0,0.0,1.0
8,265,2.2991078361770527,0.0311695853020472,0.0,1.0,0.0,1.0,0.0,1.0
9,265,10.208110914080455,2.208835406951325,0.0,1.0,0.0,1.0,0.0,1.0
10,265,0.0,7.831646016420403,0.0,0.0,0.0,1.0,1.0,1.0
11,265,9.973046987790692,8.65569004354014,0.0,0.0,0.0,1.0,1.0,1.0
12,265,10.671482363827264,11.565669506554611,1.0,0.0,1.0,0.0,1.0,0.0
13,265,3.0583146727414388,11.128076744694528,0.0,0.0,1.0,1.0,1.0,0.0
14,265,3.0791192267338445,0.0,1.0,0.0,0.0,0.0,1.0,1.0
15,265,7.9452184228137215,6.496392916065906,1.0,0.0,1.0,0.0,1.0,0.0
16,265,9.105558815183178,3.352250861704889,0.0,0.0,1.0,1.0,1.0,0.0
17,265,2.851578432435206,8.835210122481003,0.0,1.0,0.0,1.0,0.0,1.0
18,265,12.0,4.694827990240723,1.0,0.0,1.0,0.0,1.0,0.0
19,265,8.549988978949049,11.024895030256577,0.0,1.0,1.0,1.0,0.0,0.0
20,265,0.0,4.02137547314972,0.0,1.0,1.0,1.0,0.0,0.0
21,265,9.267991461544035,0.0,1.0,1.0,0.0,0.0,0.0,1.0
22,265,2.882565476178666,9.920942489842092,0.0,0.0,0.0,1.0,1.0,1.0
23,265,0.7928250638297152,0.0,1.0,1.0,0.0,0.0,0.0,1.0
24,265,4.747970732358047,4.916527975625972,1.0,1.0,0.0,0.0,0.0,1.0
25,265,12.0,9.464606072248442,1.0,0.0,1.0,0.0,1.0,0.0
26,265,12.0,0.0,0.0,1.0,0.0,1.0,0.0,1.0
27,265,9.068790556676568,6.293223765489069,0.0,0.0,1.0,1.0,1.0,0.0
28,265,3.236910558380577,2.496219316709511,0.0,0.0,1.0,1.0,1.0,0.0
29,265,3.4589531555047883,10.798075803464853,1.0,1.0,0.0,0.0,0.0,1.0
0,270,1.0839508382617704,4.637556754870145,0.0,0.0,0.0,1.0,1.0,1.0
1,270,1.804348499047447,6.00237565378252,1.0,0.0,0.0,0.0,1.0,1.0
2,270,9.063350469519696,3.0254657402960667,0.0,0.0,0.0,1.0,1.0,1.0
3,270,5.409303053832404,12.0,1.0,0.0,1.0,0.0,1.0,0.0
4,270,0.0,9.625597408722507,0.0,0.0,1.0,1.0,1.0,0.0
5,270,0.6766198749854114,7.660881091213303,1.0,1.0,1.0,0.0,0.0,0.0
6,270,0.0,10.7590090966972,0.0,1.0,1.0,1.0,0.0,0.0
7,270,10.108292900843846,1.999453606417176,1.0,1.0,0.0,0.0,0.0,1.0
8,270,2.299013993291789,0.031250462430626,0.0,1.0,0.0,1.0,0.0,1.0
9,270,10.351929386741762,2.0767326428843105,0.0,1.0,0.0,1.0,0.0,1.0
10,270,0.0,7.895753913973968,0.0,0.0,0.0,1.0,1.0,1.0
11,270,9.921035025837808,8.61858847046797,0.0,0.0,0.0,1.0,1.0,1.0
12,270,10.69853003480672,11.58109768858962,1.0,0.0,1.0,0.0,1.0,0.0
13,270,3.0945816217492856,11.199736802401532,0.0,0.0,1.0,1.0,1.0,0.0
14,270,3.014554508915858,0.0,1.0,0.0,0.0,0.0,1.0,1.0
15,270,8.234594180608267,6.5633476581900565,1.0,0.0,1.0,0.0,1.0,0.0
16,270,9.163609507574366,3.399455644734713,0.0,0.0,1.0,1.0,1.0,0.0
17,270,2.829546574548897,8.795033364319664,0.0,1.0,0.0,1.0,0.0,1.0
18,270,12.0,4.802902264650662,1.0,0.0,1.0,0.0,1.0,0.0
19,270,8.452735332814745,11.130788150656398,0.0,1.0,1.0,1.0,0.0,0.0
20,270,0.0,3.855727254778296,0.0,1.0,1.0,1.0,0.0,0.0
21,270,9.270925187310064,0.0,1.0,1.0,0.0,0.0,0.0,1.0
22,270,3.016496706499622,9.878196267574204,0.0,0.0,0.0,1.0,1.0,1.0
23,270,0.763054289571199,0.0,1.0,1.0,0.0,0.0,0.0,1.0
24,270,4.744608784868914,4.9323000503197205,1.0,1.0,0.0,0.0,0.0,1.0
25,270,12.0,9.434553442444264,1.0,0.0,1.0,0.0,1.0,0.0
26,270,12.0,0.0,0.0,1.0,0.0,1.0,0.0,1.0
27,270,8.997520165950261,6.415119195478257,0.0,0.0,1.0,1.0,1.0,0.0
28,270,3.105227882745246,2.645696922499272,0.0,0.0,1.0,1.0,1.0,0.0
29,270,3.4415127389432407,10.854702260592664,1.0,1.0,0.0,0.0,0.0,1.0
0,275,1.0797482440372184,4.643575608512116,0.0,0.0,0.0,1.0,1.0,1.0
1,275,1.9856652732605344,6.116310157114788,1.0,0.0,0.0,0.0,1.0,1.0
2,275,9.068131263962654,3.099146423295833,0.0,0.0,0.0,1.0,1.0,1.0
3,275,5.3512214735153565,12.0,1.0,0.0,1.0,0.0,1.0,0.0
4,275,0.0,9.57690906237656,0.0,0.0,1.0,1.0,1.0,0.0
5,275,0.706238675653528,7.761078130593875,1.0,1.0,1.0,0.0,0.0,0.0
6,275,0.0,10.858092560920715,0.0,1.0,1.0,1.0,0.0,0.0
7,275,10.1115483674568,2.0988360462663893,1.0,1.0,0.0,0.0,0.0,1.0
8,275,2.298012369773164,0.0320880259118069,0.0,1.0,0.0,1.0,0.0,1.0
9,275,10.48098095126254,1.9584803122592933,0.0,1.0,0.0,1.0,0.0,1.0
10,275,0.0,7.965038412764146,0.0,0.0,0.0,1.0,1.0,1.0
11,275,9.86169427858645,8.574047191890102,0.0,0.0,0.0,1.0,1.0,1.0
12,275,10.736266386499771,11.602405345279418,1.0,0.0,1.0,0.0,1.0,0.0
13,275,3.1408350285852245,11.291676875995083,0.0,0.0,1.0,1.0,1.0,0.0
14,275,2.923358553504565,0.0,1.0,0.0,0.0,0.0,1.0,1.0
15,275,8.520490676157822,6.631224755738133,1.0,0.0,1.0,0.0,1.0,0.0
16,275,9.201852615801007,3.430913834835259,0.0,0.0,1.0,1.0,1.0,0.0
17,275,2.808795122941901,8.758203649958789,0.0,1.0,0.0,1.0,0.0,1.0
18,275,12.0,4.901054446187453,1.0,0.0,1.0,0.0,1.0,0.0
19,275,8.35495622690904,11.239122987778046,0.0,1.0,1.0,1.0,0.0,0.0
20,275,0.0,3.6756702465301214,0.0,1.0,1.0,1.0,0.0,0.0
21,275,9.27380664235771,0.0,1.0,1.0,0.0,0.0,0.0,1.0
22,275,3.159023402673735,9.835828740677874,0.0,0.0,0.0,1.0,1.0,1.0
23,275,0.7265005848394744,0.0,1.0,1.0,0.0,0.0,0.0,1.0
24,275,4.739441380578772,4.955234517391542,1.0,1.0,0.0,0.0,0.0,1.0
25,275,12.0,9.421291853252535,1.0,0.0,1.0,0.0,1.0,0.0
26,275,12.0,0.0,0.0,1.0,0.0,1.0,0.0,1.0
27,275,8.930010918132714,6.530536100173421,0.0,0.0,1.0,1.0,1.0,0.0
28,275,2.949916885576099,2.8225219037225995,0.0,0.0,1.0,1.0,1.0,0.0
29,275,3.420188771488453,10.919039945698644,1.0,1.0,0.0,0.0,0.0,1.0
0,280,1.0825572755348143,4.639659487209041,0.0,0.0,0.0,1.0,1.0,1.0
1,280,2.166801791973988,6.241991828923439,1.0,0.0,0.0,0.0,1.0,1.0
2,280,9.071896094576338,3.1684126502497336,0.0,0.0,0.0,1.0,1.0,1.0
3,280,5.296661012343613,12.0,1.0,0.0,1.0,0.0,1.0,0.0
4,280,0.0,9.530751806563552,0.0,0.0,1.0,1.0,1.0,0.0
5,280,0.7404373413319748,7.870081068199899,1.0,1.0,1.0,0.0,0.0,0.0
6,280,0.0,10.938618061551445,0.0,1.0,1.0,1.0,0.0,0.0
7,280,10.115246486195757,2.191731436406734,1.0,1.0,0.0,0.0,0.0,1.0
8,280,2.293998852915333,0.0353187323598705,0.0,1.0,0.0,1.0,0.0,1.0
9,280,10.623476229904057,1.830007562111525,0.0,1.0,0.0,1.0,0.0,1.0
10,280,0.0,8.035213239710481,0.0,0.0,0.0,1.0,1.0,1.0
11,280,9.78687262287707,8.518296984489377,0.0,0.0,0.0,1.0,1.0,1.0
12,280,10.759418184307274,11.614217532982671,1.0,0.0,1.0,0.0,1.0,0.0
13,280,3.198681437317666,11.410782144654242,0.0,0.0,1.0,1.0,1.0,0.0
14,280,2.8463574547303163,0.0,1.0,0.0,0.0,0.0,1.0,1.0
15,280,8.808438359356831,6.702542567007809,1.0,0.0,1.0,0.0,1.0,0.0
16,280,9.231109257747178,3.4549774406159157,0.0,0.0,1.0,1.0,1.0,0.0
17,280,2.787978064015459,8.717987594090642,0.0,1.0,0.0,1.0,0.0,1.0
18,280,12.0,5.001156117599112,1.0,0.0,1.0,0.0,1.0,0.0
19,280,8.270520579911581,11.338680940288322,0.0,1.0,1.0,1.0,0.0,0.0
20,280,0.0,3.5091820419978905,0.0,1.0,1.0,1.0,0.0,0.0
21,280,9.27476971122321,0.0,1.0,1.0,0.0,0.0,0.0,1.0
22,280,3.308406095565093,9.78736695695811,0.0,0.0,0.0,1.0,1.0,1.0
23,280,0.6830819591430535,0.0,1.0,1.0,0.0,0.0,0.0,1.0
24,280,4.737596532385481,4.963467933901999,1.0,1.0,0.0,0.0,0.0,1.0
25,280,12.0,9.395367663315774,1.0,0.0,1.0,0.0,1.0,0.0
26,280,12.0,0.0,0.0,1.0,0.0,1.0,0.0,1.0
27,280,8.85687221096173,6.652516216681264,0.0,0.0,1.0,1.0,1.0,0.0
28,280,2.781171629291737,3.012645719436994,0.0,0.0,1.0,1.0,1.0,0.0
29,280,3.398447645577792,10.982527119036034,1.0,1.0,0.0,0.0,0.0,1.0
0,285,1.086030132790601,4.634725553887026,0.0,0.0,0.0,1.0,1.0,1.0
1,285,2.351404407662402,6.361241082243284,1.0,0.0,0.0,0.0,1.0,1.0
2,285,9.07718254161931,3.2388579771160533,0.0,0.0,0.0,1.0,1.0,1.0
3,285,5.244045320879327,12.0,1.0,0.0,1.0,0.0,1.0,0.0
4,285,0.0,9.488489175760364,0.0,0.0,1.0,1.0,1.0,0.0
5,285,0.7814773226788714,7.98315207641785,1.0,1.0,1.0,0.0,0.0,0.0
6,285,0.0,11.002084089534662,0.0,1.0,1.0,1.0,0.0,0.0
7,285,10.12054759253474,2.307042083788892,1.0,1.0,0.0,0.0,0.0,1.0
8,285,2.27777039127528,0.0489118820874979,0.0,1.0,0.0,1.0,0.0,1.0
9,285,10.758656906113572,1.713574084008337,0.0,1.0,0.0,1.0,0.0,1.0
10,285,0.0,8.09035548427161,0.0,0.0,0.0,1.0,1.0,1.0
11,285,9.730191501923231,8.471474049280397,0.0,0.0,0.0,1.0,1.0,1.0
12,285,10.758094837792012,11.613521547237337,1.0,0.0,1.0,0.0,1.0,0.0
13,285,3.2547964100639826,11.51756561658986,0.0,0.0,1.0,1.0,1.0,0.0
14,285,2.7750983806804057,0.0,1.0,0.0,0.0,0.0,1.0,1.0
15,285,9.10539834469636,6.776223583186346,1.0,0.0,1.0,0.0,1.0,0.0
16,285,9.250248025985528,3.470586211353238,0.0,0.0,1.0,1.0,1.0,0.0
17,285,2.7679952125074183,8.678170239991461,0.0,1.0,0.0,1.0,0.0,1.0
18,285,12.0,5.107316655719988,1.0,0.0,1.0,0.0,1.0,0.0
19,285,8.201988016587565,11.419465145783496,0.0,1.0,1.0,1.0,0.0,0.0
20,285,0.0,3.3460319093274284,0.0,1.0,1.0,1.0,0.0,0.0
21,285,9.27688851890409,0.0,1.0,1.0,0.0,0.0,0.0,1.0
22,285,3.458824420699659,9.736571433771466,0.0,0.0,0.0,1.0,1.0,1.0
23,285,0.651218867671265,0.0,1.0,1.0,0.0,0.0,0.0,1.0
24,285,4.75169491284575,4.966808936382863,1.0,1.0,0.0,0.0,0.0,1.0
25,285,12.0,9.366154873186549,1.0,0.0,1.0,0.0,1.0,0.0
26,285,12.0,0.0,0.0,1.0,0.0,1.0,0.0,1.0
27,285,8.770000465200866,6.807702120226134,0.0,0.0,1.0,1.0,1.0,0.0
28,285,2.6152455395378933,3.2066291417259216,0.0,0.0,1.0,1.0,1.0,0.0
29,285,3.3754555819847485,11.059774492324728,1.0,1.0,0.0,0.0,0.0,1.0
0,290,1.072402723247324,4.653893956664191,0.0,0.0,0.0,1.0,1.0,1.0
1,290,2.5319462761648843,6.480921742618939,1.0,0.0,0.0,0.0,1.0,1.0
2,290,9.080059452485049,3.2767794788239555,0.0,0.0,0.0,1.0,1.0,1.0
3,290,5.190472462294202,12.0,1.0,0.0,1.0,0.0,1.0,0.0
4,290,0.0,9.445453130807945,0.0,0.0,1.0,1.0,1.0,0.0
5,290,0.820809800456892,8.087532324059907,1.0,1.0,1.0,0.0,0.0,0.0
6,290,0.0,11.053130791803566,0.0,1.0,1.0,1.0,0.0,0.0
7,290,10.126611254139611,2.4358044724189014,1.0,1.0,0.0,0.0,0.0,1.0
8,290,2.2682539500676766,0.0567027833304481,0.0,1.0,0.0,1.0,0.0,1.0
9,290,10.90795143975418,1.578851372157503,0.0,1.0,0.0,1.0,0.0,1.0
10,290,0.0,8.137470488114229,0.0,0.0,0.0,1.0,1.0,1.0
11,290,9.669060925337046,8.420807300316756,0.0,0.0,0.0,1.0,1.0,1.0
12,290,10.7703034391518,11.61996135297082,1.0,0.0,1.0,0.0,1.0,0.0
13,290,3.3249395053521886,11.648170193723514,0.0,0.0,1.0,1.0,1.0,0.0
14,290,2.698150386830652,0.0,1.0,0.0,0.0,0.0,1.0,1.0
15,290,9.404422483992205,6.838116305856243,1.0,0.0,1.0,0.0,1.0,0.0
16,290,9.26831998433486,3.4849400528683976,0.0,0.0,1.0,1.0,1.0,0.0
17,290,2.74587009897266,8.637291650302396,0.0,1.0,0.0,1.0,0.0,1.0
18,290,12.0,5.225207659556046,1.0,0.0,1.0,0.0,1.0,0.0
19,290,8.125759892982071,11.508100061896116,0.0,1.0,1.0,1.0,0.0,0.0
20,290,0.0,3.1864877760064982,0.0,1.0,1.0,1.0,0.0,0.0
21,290,9.277213126976866,0.0,1.0,1.0,0.0,0.0,0.0,1.0
22,290,3.6093755293562935,9.683924848944413,0.0,0.0,0.0,1.0,1.0,1.0
23,290,0.6144386191355157,0.0,1.0,1.0,0.0,0.0,0.0,1.0
24,290,4.7812689918266384,4.973473444518823,1.0,1.0,0.0,0.0,0.0,1.0
25,290,12.0,9.342759325945533,1.0,0.0,1.0,0.0,1.0,0.0
26,290,12.0,0.0,0.0,1.0,0.0,1.0,0.0,1.0
27,290,8.681500947163407,6.969157305732809,0.0,0.0,1.0,1.0,1.0,0.0
28,290,2.4497636763378967,3.4110858574501526,0.0,0.0,1.0,1.0,1.0,0.0
29,290,3.3555489225153,11.12474534782751,1.0,1.0,0.0,0.0,0.0,1.0
0,295,1.0562320432420331,4.675860863025999,0.0,0.0,0.0,1.0,1.0,1.0
1,295,2.7018101635423712,6.589661597872539,1.0,0.0,0.0,0.0,1.0,1.0
2,295,9.085716614465989,3.332405743274262,0.0,0.0,0.0,1.0,1.0,1.0
3,295,5.141782079352517,12.0,1.0,0.0,1.0,0.0,1.0,0.0
4,295,0.0,9.405415856623032,0.0,0.0,1.0,1.0,1.0,0.0
5,295,0.8486492577188194,8.164578115677378,1.0,1.0,1.0,0.0,0.0,0.0
6,295,0.0,11.087292471741591,0.0,1.0,1.0,1.0,0.0,0.0
7,295,10.131822607775051,2.5577990313702985,1.0,1.0,0.0,0.0,0.0,1.0
8,295,2.2691085953164887,0.0559913660707353,0.0,1.0,0.0,1.0,0.0,1.0
9,295,11.058679926458604,1.4395719283143795,0.0,1.0,0.0,1.0,0.0,1.0
10,295,0.0,8.192372007729114,0.0,0.0,0.0,1.0,1.0,1.0
11,295,9.60491596422251,8.366866109916728,0.0,0.0,0.0,1.0,1.0,1.0
12,295,10.787811249881493,11.629494797365991,1.0,0.0,1.0,0.0,1.0,0.0
13,295,3.3913326934557384,11.774910169235392,0.0,0.0,1.0,1.0,1.0,0.0
14,295,2.625604141590281,0.0,1.0,0.0,0.0,0.0,1.0,1.0
15,295,9.727894738538769,6.908335438592517,1.0,0.0,1.0,0.0,1.0,0.0
16,295,9.292270299437629,3.5038277658692825,0.0,0.0,1.0,1.0,1.0,0.0
17,295,2.707769019406033,8.573107310025026,0.0,1.0,0.0,1.0,0.0,1.0
18,295,12.0,5.345106416613292,1.0,0.0,1.0,0.0,1.0,0.0
19,295,8.056180754459724,11.589400103829764,0.0,1.0,1.0,1.0,0.0,0.0
20,295,0.0,3.0211995020494613,0.0,1.0,1.0,1.0,0.0,0.0
21,295,9.279561202129404,0.0,1.0,1.0,0.0,0.0,0.0,1.0
22,295,3.746456399387205,9.63527443806241,0.0,0.0,0.0,1.0,1.0,1.0
23,295,0.5744500964070387,0.0,1.0,1.0,0.0,0.0,0.0,1.0
24,295,4.80321578144297,4.977778757811491,1.0,1.0,0.0,0.0,0.0,1.0
25,295,12.0,9.383545849700017,1.0,0.0,1.0,0.0,1.0,0.0
26,295,12.0,0.0,0.0,1.0,0.0,1.0,0.0,1.0
27,295,8.592842047258804,7.132369055799382,0.0,0.0,1.0,1.0,1.0,0.0
28,295,2.290752949488717,3.618769594560018,0.0,0.0,1.0,1.0,1.0,0.0
29,295,3.3332848473799457,11.192911214267053,1.0,1.0,0.0,0.0,0.0,1.0
