0,0,10.066891592696583,11.03332379766356,1.0,1.0,1.0,1.0,0.0,0.0
1,0,11.974451804470652,10.046322747818836,1.0,0.0,1.0,0.0,0.0,0.0
2,0,7.9856064085427745,5.948800104557872,1.0,1.0,0.0,0.0,1.0,1.0
3,0,9.03467759863789,3.966877330878792,0.0,0.0,1.0,1.0,1.0,0.0
4,0,11.94807935899292,2.986495805134626,0.0,0.0,0.0,0.0,0.0,0.0
5,0,5.001573447270083,11.96929762082142,0.0,1.0,0.0,0.0,1.0,0.0
6,0,6.979436860838879,4.975979421771749,0.0,1.0,0.0,1.0,0.0,0.0
7,0,0.0354322492011812,2.9445090051593,0.0,0.0,0.0,0.0,1.0,1.0
8,0,9.020230978304516,2.935643577967745,1.0,1.0,0.0,1.0,0.0,0.0
9,0,8.98608063709198,4.955332425428858,1.0,0.0,0.0,0.0,1.0,0.0
10,0,4.026132847907028,6.04617869959505,1.0,0.0,0.0,1.0,0.0,0.0
11,0,9.94643671371309,1.9639050274460552,1.0,1.0,1.0,0.0,0.0,0.0
12,0,11.940942733122128,8.9922715181662,0.0,1.0,0.0,0.0,0.0,1.0
13,0,9.986578022093491,5.932731767777239,0.0,0.0,0.0,0.0,0.0,0.0
14,0,0.961416667831966,1.9632301122717368,1.0,1.0,1.0,1.0,0.0,1.0
15,0,12.0,11.980193354834832,1.0,0.0,0.0,0.0,1.0,0.0
16,0,0.0,7.956350925972285,1.0,1.0,1.0,1.0,0.0,0.0
17,0,8.076528561211736,3.991673809913356,0.0,0.0,0.0,0.0,1.0,0.0
18,0,2.9405458312393336,0.9928391470300736,0.0,0.0,1.0,1.0,0.0,1.0
19,0,4.006058610975842,3.0670936073914468,0.0,1.0,0.0,0.0,0.0,0.0
20,0,3.0479856329028903,1.9482306118331236,0.0,0.0,1.0,0.0,0.0,1.0
21,0,8.984187154467842,4.029549364639735,0.0,0.0,0.0,0.0,1.0,1.0
22,0,10.937742867617064,5.955504786355261,0.0,0.0,0.0,0.0,0.0,1.0
23,0,0.9495738486552214,2.048349825299264,1.0,1.0,0.0,0.0,0.0,1.0
24,0,8.043341417595675,3.972795579905342,0.0,0.0,0.0,1.0,1.0,1.0
25,0,3.01099739730918,5.955919154052598,0.0,0.0,0.0,1.0,0.0,0.0
26,0,7.947086273957067,1.9659487765492272,0.0,0.0,1.0,0.0,1.0,1.0
27,0,1.9277338645239483,2.9526308072911385,0.0,1.0,0.0,0.0,1.0,0.0
28,0,2.058482237447089,3.971851216432944,0.0,0.0,0.0,0.0,0.0,0.0
29,0,9.028150127997254,7.055229281389718,0.0,0.0,0.0,0.0,0.0,0.0
30,0,1.049889391085761,1.0381721093940386,1.0,0.0,1.0,0.0,1.0,0.0
31,0,5.9835753174516295,9.946779663746527,0.0,1.0,0.0,0.0,0.0,0.0
32,0,11.015202381816042,1.94961150856955,0.0,1.0,1.0,1.0,1.0,1.0
33,0,1.931960998431868,3.989439681796361,1.0,0.0,0.0,1.0,1.0,0.0
34,0,11.01853963054685,6.052933393366051,0.0,0.0,0.0,1.0,0.0,0.0
35,0,6.037950583971923,2.9782674908018394,0.0,0.0,1.0,0.0,0.0,0.0
36,0,7.999024720737093,1.0422723660459718,0.0,0.0,0.0,0.0,1.0,1.0
37,0,4.042788399546956,4.046051955778493,0.0,0.0,0.0,0.0,0.0,0.0
38,0,0.0263630349215726,0.0333340906545096,0.0,0.0,1.0,0.0,0.0,0.0
39,0,2.9548176937832995,5.016332924494416,0.0,0.0,0.0,0.0,1.0,1.0
0,5,10.141560123240112,11.071684758203608,1.0,1.0,1.0,1.0,0.0,0.0
1,5,11.94226880585339,10.107540385770417,1.0,0.0,1.0,0.0,0.0,0.0
2,5,7.968360350749621,5.88572923569905,1.0,1.0,0.0,0.0,1.0,1.0
3,5,9.053419063846754,3.949113370044696,0.0,0.0,1.0,1.0,1.0,0.0
4,5,11.863500731607475,2.9633743293137225,0.0,0.0,0.0,0.0,0.0,0.0
5,5,5.002085693010097,11.952877695768448,0.0,1.0,0.0,0.0,1.0,0.0
6,5,6.966379748355156,4.960638125822372,0.0,1.0,0.0,1.0,0.0,0.0
7,5,0.0710273044449139,2.889245611567877,0.0,0.0,0.0,0.0,1.0,1.0
8,5,9.038263813384663,2.8874383521778224,1.0,1.0,0.0,1.0,0.0,0.0
9,5,8.973725722237855,4.915222034263538,1.0,0.0,0.0,0.0,1.0,0.0
10,5,4.055429429240314,6.098002714380982,1.0,0.0,0.0,1.0,0.0,0.0
11,5,9.891731747905151,1.9272301272109256,1.0,1.0,1.0,0.0,0.0,0.0
12,5,11.8950278282502,8.986299514143562,0.0,1.0,0.0,0.0,0.0,1.0
13,5,9.975176259467917,5.879774785556833,0.0,0.0,0.0,0.0,0.0,0.0
14,5,0.9357562724212928,1.938644519348785,1.0,1.0,1.0,1.0,0.0,1.0
15,5,12.0,11.964072375673863,1.0,0.0,0.0,0.0,1.0,0.0
16,5,0.0,7.886878687451294,1.0,1.0,1.0,1.0,0.0,0.0
17,5,8.15780387785643,3.982828233554293,0.0,0.0,0.0,0.0,1.0,0.0
18,5,2.879682284430773,0.9828613066649112,0.0,0.0,1.0,1.0,0.0,1.0
19,5,4.01196319975465,3.136524678938553,0.0,1.0,0.0,0.0,0.0,0.0
20,5,3.099702083601872,1.890683632791428,0.0,0.0,1.0,0.0,0.0,1.0
21,5,8.975096997719918,4.046997213841332,0.0,0.0,0.0,0.0,1.0,1.0
22,5,10.87906557289871,5.911419040721138,0.0,0.0,0.0,0.0,0.0,1.0
23,5,0.8939478676923693,2.100542104957213,1.0,1.0,0.0,0.0,0.0,1.0
24,5,8.090399711651425,3.943247259791778,0.0,0.0,0.0,1.0,1.0,1.0
25,5,3.0248177726803847,5.905384157800712,0.0,0.0,0.0,1.0,0.0,0.0
26,5,7.891565864457905,1.9301272454337797,0.0,0.0,1.0,0.0,1.0,1.0
27,5,1.865216187955366,2.913363041505424,0.0,1.0,0.0,0.0,1.0,0.0
28,5,2.0973458114998635,3.953898684360877,0.0,0.0,0.0,0.0,0.0,0.0
29,5,9.064420214627775,7.1286922227850615,0.0,0.0,0.0,0.0,0.0,0.0
30,5,1.0969445142246457,1.0761959847907256,1.0,0.0,1.0,0.0,1.0,0.0
31,5,5.971572700054534,9.90326714507855,0.0,1.0,0.0,0.0,0.0,0.0
32,5,11.031705641919668,1.895439707047572,0.0,1.0,1.0,1.0,1.0,1.0
33,5,1.858613518732114,3.978215712148064,1.0,0.0,0.0,1.0,1.0,0.0
34,5,11.032429262062855,6.090933386801461,0.0,0.0,0.0,1.0,0.0,0.0
35,5,6.061148964281634,2.9648554337136366,0.0,0.0,1.0,0.0,0.0,0.0
36,5,7.998861573385371,1.0656759042444677,0.0,0.0,0.0,0.0,1.0,1.0
37,5,4.083376480784628,4.090576467494083,0.0,0.0,0.0,0.0,0.0,0.0
38,5,0.0687653795614468,0.0865173181618886,0.0,0.0,1.0,0.0,0.0,0.0
39,5,2.886578268842861,5.0410956358078485,0.0,0.0,0.0,0.0,1.0,1.0
0,10,10.212599097373538,11.108247139968125,1.0,1.0,1.0,1.0,0.0,0.0
1,10,11.917654663456958,10.156533411249328,1.0,0.0,1.0,0.0,0.0,0.0
2,10,7.94352237201731,5.795269175314919,1.0,1.0,0.0,0.0,1.0,1.0
3,10,9.05653881496891,3.946103772985068,0.0,0.0,1.0,1.0,1.0,0.0
4,10,11.775716282641016,2.9416569981385736,0.0,0.0,0.0,0.0,0.0,0.0
5,10,5.002090081617361,11.952741252648506,0.0,1.0,0.0,0.0,1.0,0.0
6,10,6.937166937153551,4.926616786979554,0.0,1.0,0.0,1.0,0.0,0.0
7,10,0.1100317242581306,2.8279967312214955,0.0,0.0,0.0,0.0,1.0,1.0
8,10,9.057680856996424,2.839675943953435,1.0,1.0,0.0,1.0,0.0,0.0
9,10,8.95964383491458,4.871388495199418,1.0,0.0,0.0,0.0,1.0,0.0
10,10,4.084277500056021,6.147338649308469,1.0,0.0,0.0,1.0,0.0,0.0
11,10,9.833674233358872,1.8887597504619824,1.0,1.0,1.0,0.0,0.0,0.0
12,10,11.89140631813753,9.01411709224704,0.0,1.0,0.0,0.0,0.0,1.0
13,10,9.964616994777913,5.835127065055661,0.0,0.0,0.0,0.0,0.0,0.0
14,10,0.9031231120559462,1.9072243693292132,1.0,1.0,1.0,1.0,0.0,1.0
15,10,12.0,11.948259055876656,1.0,0.0,0.0,0.0,1.0,0.0
16,10,0.0,7.817314915141067,1.0,1.0,1.0,1.0,0.0,0.0
17,10,8.214740783800899,3.976360028832015,0.0,0.0,0.0,0.0,1.0,0.0
18,10,2.8299200937638824,0.9754371175163306,0.0,0.0,1.0,1.0,0.0,1.0
19,10,4.019061965726131,3.226634818939308,0.0,1.0,0.0,0.0,0.0,0.0
20,10,3.162441619967989,1.948280805589636,0.0,0.0,1.0,0.0,0.0,1.0
21,10,8.968058461329203,4.05997370130827,0.0,0.0,0.0,0.0,1.0,1.0
22,10,10.807835029985757,5.858562530812402,0.0,0.0,0.0,0.0,0.0,1.0
23,10,0.8375406845165688,2.152467910249712,1.0,1.0,0.0,0.0,0.0,1.0
24,10,8.13564104708624,3.914439313159079,0.0,0.0,0.0,1.0,1.0,1.0
25,10,3.041342682306132,5.847691481938594,0.0,0.0,0.0,1.0,0.0,0.0
26,10,7.838371873310054,1.895008749013677,0.0,0.0,1.0,0.0,1.0,1.0
27,10,1.812889304883389,2.8802833790764746,0.0,1.0,0.0,0.0,1.0,0.0
28,10,2.133176774251698,3.93589758767631,0.0,0.0,0.0,0.0,0.0,0.0
29,10,9.101259500584252,7.200024230213697,0.0,0.0,0.0,0.0,0.0,0.0
30,10,1.1552945650103756,1.1218014278957538,1.0,0.0,1.0,0.0,1.0,0.0
31,10,5.955928620653046,9.846901747263445,0.0,1.0,0.0,0.0,0.0,0.0
32,10,11.045383412146078,1.8547656625449795,0.0,1.0,1.0,1.0,1.0,1.0
33,10,1.800525926598195,3.96890058231771,1.0,0.0,0.0,1.0,1.0,0.0
34,10,11.052084927153585,6.144205977640908,0.0,0.0,0.0,1.0,0.0,0.0
35,10,6.088560680449018,2.9488395654863155,0.0,0.0,1.0,0.0,0.0,0.0
36,10,7.998778944995669,1.0905440556658177,0.0,0.0,0.0,0.0,1.0,1.0
37,10,4.1302671112572815,4.140869529617417,0.0,0.0,0.0,0.0,0.0,0.0
38,10,0.1149594558686231,0.1436341622472269,0.0,0.0,1.0,0.0,0.0,0.0
39,10,2.823899079470747,5.064506270800692,0.0,0.0,0.0,0.0,1.0,1.0
0,15,10.288208114822137,11.145629740021196,1.0,1.0,1.0,1.0,0.0,0.0
1,15,11.898629275555614,10.196397651547214,1.0,0.0,1.0,0.0,0.0,0.0
2,15,7.922277778935134,5.715604341254295,1.0,1.0,0.0,0.0,1.0,1.0
3,15,9.0532784185259,3.9491941760234455,0.0,0.0,1.0,1.0,1.0,0.0
4,15,11.661337669941217,2.9148645886639044,0.0,0.0,0.0,0.0,0.0,0.0
5,15,5.001405543783602,11.968482083285332,0.0,1.0,0.0,0.0,1.0,0.0
6,15,6.923029280565128,4.9104752872637984,0.0,1.0,0.0,1.0,0.0,0.0
7,15,0.1517463070693043,2.7625731084873557,0.0,0.0,0.0,0.0,1.0,1.0
8,15,9.073623104669784,2.802207400245331,1.0,1.0,0.0,1.0,0.0,0.0
9,15,8.945136409753502,4.824218872948547,1.0,0.0,0.0,0.0,1.0,0.0
10,15,4.115697281594809,6.200816502522389,1.0,0.0,0.0,1.0,0.0,0.0
11,15,9.793193630403929,1.860893911636379,1.0,1.0,1.0,0.0,0.0,0.0
12,15,11.916937338225567,9.017109030592485,0.0,1.0,0.0,0.0,0.0,1.0
13,15,9.951059858349986,5.776368331951638,0.0,0.0,0.0,0.0,0.0,0.0
14,15,0.8836450768206654,1.8879885379704016,1.0,1.0,1.0,1.0,0.0,1.0
15,15,12.0,11.932577809506684,1.0,0.0,0.0,0.0,1.0,0.0
16,15,0.0,7.764321319553846,1.0,1.0,1.0,1.0,0.0,0.0
17,15,8.272159985074117,3.970375235340275,0.0,0.0,0.0,0.0,1.0,0.0
18,15,2.7803218614106395,0.9681520323306269,0.0,0.0,1.0,1.0,0.0,1.0
19,15,4.024410877035616,3.306034373138339,0.0,1.0,0.0,0.0,0.0,0.0
20,15,3.2274899300799547,2.0088968884115754,0.0,0.0,1.0,0.0,0.0,1.0
21,15,8.970535743159953,4.055653595949238,0.0,0.0,0.0,0.0,1.0,1.0
22,15,10.745474636297224,5.810713467204983,0.0,0.0,0.0,0.0,0.0,1.0
23,15,0.7963331553666161,2.1895056547165868,1.0,1.0,0.0,0.0,0.0,1.0
24,15,8.209999379228304,3.8715268572328263,0.0,0.0,0.0,1.0,1.0,1.0
25,15,3.0598144549520514,5.78617540898272,0.0,0.0,0.0,1.0,0.0,0.0
26,15,7.75641879768529,1.8440326238677955,0.0,0.0,1.0,0.0,1.0,1.0
27,15,1.7899457678710469,2.8654377911546245,0.0,1.0,0.0,0.0,1.0,0.0
28,15,2.1588661168664185,3.9237329477065326,0.0,0.0,0.0,0.0,0.0,0.0
29,15,9.14425206771627,7.283530104723563,0.0,0.0,0.0,0.0,0.0,0.0
30,15,1.190853899940599,1.149410188042248,1.0,0.0,1.0,0.0,1.0,0.0
31,15,5.932699072595072,9.7720328493682,0.0,1.0,0.0,0.0,0.0,0.0
32,15,11.062748681468694,1.802249270709448,0.0,1.0,1.0,1.0,1.0,1.0
33,15,1.7243353796773817,3.9581146552806734,1.0,0.0,0.0,1.0,1.0,0.0
34,15,11.074952889511218,6.202744534582688,0.0,0.0,0.0,1.0,0.0,0.0
35,15,6.098239036902838,2.9431376866284698,0.0,0.0,1.0,0.0,0.0,0.0
36,15,7.998584444218575,1.102233603547027,0.0,0.0,0.0,0.0,1.0,1.0
37,15,4.190890347319376,4.206970919514716,0.0,0.0,0.0,0.0,0.0,0.0
38,15,0.1484444323575083,0.1838751057113862,0.0,0.0,1.0,0.0,0.0,0.0
39,15,2.776956943909547,5.081034463670571,0.0,0.0,0.0,0.0,1.0,1.0
0,20,10.37224995909816,11.188598329061506,1.0,1.0,1.0,1.0,0.0,0.0
1,20,11.887795468405509,10.218363828485783,1.0,0.0,1.0,0.0,0.0,0.0
2,20,7.896927855337047,5.61564847736856,1.0,1.0,0.0,0.0,1.0,1.0
3,20,9.05574305638877,3.946771193277288,0.0,0.0,1.0,1.0,1.0,0.0
4,20,11.587126255753416,2.8960815022941464,0.0,0.0,0.0,0.0,0.0,0.0
5,20,5.001166787325156,11.982211927066183,0.0,1.0,0.0,0.0,1.0,0.0
6,20,6.88569915261562,4.865484411271538,0.0,1.0,0.0,1.0,0.0,0.0
7,20,0.1863110252287171,2.706450801482478,0.0,0.0,0.0,0.0,1.0,1.0
8,20,9.077512373110746,2.79308184196555,1.0,1.0,0.0,1.0,0.0,0.0
9,20,8.934986391501441,4.791389948395949,1.0,0.0,0.0,0.0,1.0,0.0
10,20,4.143881784752713,6.2478284576453005,1.0,0.0,0.0,1.0,0.0,0.0
11,20,9.742870400750164,1.827345436309978,1.0,1.0,1.0,0.0,0.0,0.0
12,20,11.95386684988031,9.02129664172602,0.0,1.0,0.0,0.0,0.0,1.0
13,20,9.938494942997156,5.724249158663351,0.0,0.0,0.0,0.0,0.0,0.0
14,20,0.85655234224525,1.859265441238677,1.0,1.0,1.0,1.0,0.0,1.0
15,20,12.0,11.9228358322354,1.0,0.0,0.0,0.0,1.0,0.0
16,20,0.0,7.72559703914015,1.0,1.0,1.0,1.0,0.0,0.0
17,20,8.33950774958843,3.9642171210183648,0.0,0.0,0.0,0.0,1.0,0.0
18,20,2.736502296081632,0.9626477435383394,0.0,0.0,1.0,1.0,0.0,1.0
19,20,4.029560256633159,3.40593188172924,0.0,1.0,0.0,0.0,0.0,0.0
20,20,3.2996222980063017,2.07726567477112,0.0,0.0,1.0,0.0,0.0,1.0
21,20,8.967585468539687,4.060669001531427,0.0,0.0,0.0,0.0,1.0,1.0
22,20,10.678004473295966,5.757557648385078,0.0,0.0,0.0,0.0,0.0,1.0
23,20,0.7619515347243491,2.2197967491502277,1.0,1.0,0.0,0.0,0.0,1.0
24,20,8.292114794423249,3.821468539555073,0.0,0.0,0.0,1.0,1.0,1.0
25,20,3.080124195237277,5.718682358115845,0.0,0.0,0.0,1.0,0.0,0.0
26,20,7.657004903694883,1.7823394588492532,0.0,0.0,1.0,0.0,1.0,1.0
27,20,1.7382445726811608,2.831418641787365,0.0,1.0,0.0,0.0,1.0,0.0
28,20,2.1834519076182834,3.912128791671841,0.0,0.0,0.0,0.0,0.0,0.0
29,20,9.174659897224442,7.343232831235996,0.0,0.0,0.0,0.0,0.0,0.0
30,20,1.2230991457360711,1.1747537128433458,1.0,0.0,1.0,0.0,1.0,0.0
31,20,5.91927707238871,9.72515604437043,0.0,1.0,0.0,0.0,0.0,0.0
32,20,11.07353064008473,1.768759086680495,0.0,1.0,1.0,1.0,1.0,1.0
33,20,1.6422532638187846,3.946080173952631,1.0,0.0,0.0,1.0,1.0,0.0
34,20,11.092181268884426,6.249847669686025,0.0,0.0,0.0,1.0,0.0,0.0
35,20,6.114887918604754,2.9328735254143554,0.0,0.0,1.0,0.0,0.0,0.0
36,20,7.99859117621799,1.0973435075603015,0.0,0.0,0.0,0.0,1.0,1.0
37,20,4.240108986255634,4.259794569559807,0.0,0.0,0.0,0.0,0.0,0.0
38,20,0.1746408495343419,0.2147008308636775,0.0,0.0,1.0,0.0,0.0,0.0
39,20,2.742647826012381,5.093488445074914,0.0,0.0,0.0,0.0,1.0,1.0
0,25,10.442581700792765,11.224619863637525,1.0,1.0,1.0,1.0,0.0,0.0
1,25,11.875723183118923,10.24255936405394,1.0,0.0,1.0,0.0,0.0,0.0
2,25,7.874214792640048,5.523564229285969,1.0,1.0,0.0,0.0,1.0,1.0
3,25,9.054529892489516,3.947918905362067,0.0,0.0,1.0,1.0,1.0,0.0
4,25,11.514089543483315,2.8781776312138505,0.0,0.0,0.0,0.0,0.0,0.0
5,25,5.000956301689105,11.986919450016227,0.0,1.0,0.0,0.0,1.0,0.0
6,25,6.842554457989137,4.811794677736558,0.0,1.0,0.0,1.0,0.0,0.0
7,25,0.2192762727401021,2.65308774711255,0.0,0.0,0.0,0.0,1.0,1.0
8,25,9.083477035902796,2.7787576613407725,1.0,1.0,0.0,1.0,0.0,0.0
9,25,8.92540225333862,4.75930440255856,1.0,0.0,0.0,0.0,1.0,0.0
10,25,4.166249520324934,6.284871125672581,1.0,0.0,0.0,1.0,0.0,0.0
11,25,9.680075960307736,1.7849668729642432,1.0,1.0,1.0,0.0,0.0,0.0
12,25,11.98447790802846,9.025031944352524,0.0,1.0,0.0,0.0,0.0,1.0
13,25,9.924563542977667,5.663651074358272,0.0,0.0,0.0,0.0,0.0,0.0
14,25,0.8383964456867727,1.83921909109772,1.0,1.0,1.0,1.0,0.0,1.0
15,25,12.0,11.907987131443218,1.0,0.0,0.0,0.0,1.0,0.0
16,25,0.0,7.674648056890997,1.0,1.0,1.0,1.0,0.0,0.0
17,25,8.394075470153744,3.9591484337311966,0.0,0.0,0.0,0.0,1.0,0.0
18,25,2.68239309069281,0.9558631558416208,0.0,0.0,1.0,1.0,0.0,1.0
19,25,4.034872857909972,3.4990002047269533,0.0,1.0,0.0,0.0,0.0,0.0
20,25,3.372873840404282,2.148740931098472,0.0,0.0,1.0,0.0,0.0,1.0
21,25,8.965220207392266,4.064696379922104,0.0,0.0,0.0,0.0,1.0,1.0
22,25,10.597602051099168,5.69294771065184,0.0,0.0,0.0,0.0,0.0,1.0
23,25,0.723985033867755,2.252542917364857,1.0,1.0,0.0,0.0,0.0,1.0
24,25,8.376489137851538,3.770324812048451,0.0,0.0,0.0,1.0,1.0,1.0
25,25,3.0995224135847548,5.6592299666402335,0.0,0.0,0.0,1.0,0.0,0.0
26,25,7.571599203310441,1.7259387347345996,0.0,0.0,1.0,0.0,1.0,1.0
27,25,1.691208199594486,2.798726524944114,0.0,1.0,0.0,0.0,1.0,0.0
28,25,2.217609825306192,3.897669126642725,0.0,0.0,0.0,0.0,0.0,0.0
29,25,9.203535666265786,7.402691633578307,0.0,0.0,0.0,0.0,0.0,0.0
30,25,1.2497595283583562,1.1970433012278858,1.0,0.0,1.0,0.0,1.0,0.0
31,25,5.901708571420756,9.663288889329673,0.0,1.0,0.0,0.0,0.0,0.0
32,25,11.085022936705188,1.7339906521378312,0.0,1.0,1.0,1.0,1.0,1.0
33,25,1.5504827374475405,3.932193587050801,1.0,0.0,0.0,1.0,1.0,0.0
34,25,11.10366966902582,6.284063282606363,0.0,0.0,0.0,1.0,0.0,0.0
35,25,6.134167663390982,2.9212776904671944,0.0,0.0,1.0,0.0,0.0,0.0
36,25,7.998448241463623,1.083043372674248,0.0,0.0,0.0,0.0,1.0,1.0
37,25,4.298068674985795,4.323049470239311,0.0,0.0,0.0,0.0,0.0,0.0
38,25,0.1932470703373453,0.2368496769490033,0.0,0.0,1.0,0.0,0.0,0.0
39,25,2.735383001055966,5.096116770272855,0.0,0.0,0.0,0.0,1.0,1.0
0,30,10.513509168079963,11.260252057791384,1.0,1.0,1.0,1.0,0.0,0.0
1,30,11.87253725386341,10.24905027464863,1.0,0.0,1.0,0.0,0.0,0.0
2,30,7.8517701601045315,5.432377990537234,1.0,1.0,0.0,0.0,1.0,1.0
3,30,9.05865320590525,3.9438865369252,0.0,0.0,1.0,1.0,1.0,0.0
4,30,11.454706669680933,2.8650853792515147,0.0,0.0,0.0,0.0,0.0,0.0
5,30,5.000677252038433,11.992921959266644,0.0,1.0,0.0,0.0,1.0,0.0
6,30,6.798980386615907,4.75640844671497,0.0,1.0,0.0,1.0,0.0,0.0
7,30,0.2568573946552004,2.592873162342205,0.0,0.0,0.0,0.0,1.0,1.0
8,30,9.081050300535882,2.7777342757899874,1.0,1.0,0.0,1.0,0.0,0.0
9,30,8.916739692732294,4.73028113129527,1.0,0.0,0.0,0.0,1.0,0.0
10,30,4.196592315228629,6.332474638031998,1.0,0.0,0.0,1.0,0.0,0.0
11,30,9.612799929770723,1.741742491008104,1.0,1.0,1.0,0.0,0.0,0.0
12,30,12.0,9.030138421100665,0.0,1.0,0.0,0.0,0.0,1.0
13,30,9.913331135684423,5.615790832851873,0.0,0.0,0.0,0.0,0.0,0.0
14,30,0.8164242914317883,1.8156006544767176,1.0,1.0,1.0,1.0,0.0,1.0
15,30,12.0,11.901006339303642,1.0,0.0,0.0,0.0,1.0,0.0
16,30,0.0,7.623801270510981,1.0,1.0,1.0,1.0,0.0,0.0
17,30,8.45109887836103,3.9542918603768658,0.0,0.0,0.0,0.0,1.0,0.0
18,30,2.62704066356429,0.9507071743478251,0.0,0.0,1.0,1.0,0.0,1.0
19,30,4.040628299154188,3.568311180703933,0.0,1.0,0.0,0.0,0.0,0.0
20,30,3.4427853202852763,2.07925635196844,0.0,0.0,1.0,0.0,0.0,1.0
21,30,8.952782119077959,4.087720886563257,0.0,0.0,0.0,0.0,1.0,1.0
22,30,10.493979664432642,5.607772367895955,0.0,0.0,0.0,0.0,0.0,1.0
23,30,0.6857738896334717,2.283330611947189,1.0,1.0,0.0,0.0,0.0,1.0
24,30,8.45992256199553,3.718882506773746,0.0,0.0,0.0,1.0,1.0,1.0
25,30,3.114326145756916,5.611269566096335,0.0,0.0,0.0,1.0,0.0,0.0
26,30,7.474018298128279,1.6636357569042066,0.0,0.0,1.0,0.0,1.0,1.0
27,30,1.645325386104215,2.7662045290938573,0.0,1.0,0.0,0.0,1.0,0.0
28,30,2.242866060324296,3.887443159456824,0.0,0.0,0.0,0.0,0.0,0.0
29,30,9.227054321433476,7.449346827876778,0.0,0.0,0.0,0.0,0.0,0.0
30,30,1.285727025426549,1.2268233183098969,1.0,0.0,1.0,0.0,1.0,0.0
31,30,5.88533988770677,9.60005249592166,0.0,1.0,0.0,0.0,0.0,0.0
32,30,11.099469734670874,1.6879126322719569,0.0,1.0,1.0,1.0,1.0,1.0
33,30,1.471205330478217,3.91941531957056,1.0,0.0,0.0,1.0,1.0,0.0
34,30,11.109967522008072,6.30190071914741,0.0,0.0,0.0,1.0,0.0,0.0
35,30,6.161043927317436,2.9042356893057155,0.0,0.0,1.0,0.0,0.0,0.0
36,30,7.998468776892872,1.086467246921855,0.0,0.0,0.0,0.0,1.0,1.0
37,30,4.341538769056683,4.369754660075912,0.0,0.0,0.0,0.0,0.0,0.0
38,30,0.2165890231946682,0.2652953939170362,0.0,0.0,1.0,0.0,0.0,0.0
39,30,2.743016118356333,5.09357573100098,0.0,0.0,0.0,0.0,1.0,1.0
0,35,10.58827285912987,11.295482169855028,1.0,1.0,1.0,1.0,0.0,0.0
1,35,11.874262880883018,10.245204262738149,1.0,0.0,1.0,0.0,0.0,0.0
2,35,7.828540779923496,5.335877978585545,1.0,1.0,0.0,0.0,1.0,1.0
3,35,9.065766859282876,3.936799522373157,0.0,0.0,1.0,1.0,1.0,0.0
4,35,11.418121690182362,2.856486503121703,0.0,0.0,0.0,0.0,0.0,0.0
5,35,5.000287649329973,12.0,0.0,1.0,0.0,0.0,1.0,0.0
6,35,6.747625045513146,4.689580896893386,0.0,1.0,0.0,1.0,0.0,0.0
7,35,0.2950166922036023,2.53525230720146,0.0,0.0,0.0,0.0,1.0,1.0
8,35,9.08507723977277,2.779402986687554,1.0,1.0,0.0,1.0,0.0,0.0
9,35,8.90820685446585,4.702444153234018,1.0,0.0,0.0,0.0,1.0,0.0
10,35,4.212691124403217,6.357142900113858,1.0,0.0,0.0,1.0,0.0,0.0
11,35,9.564959530888151,1.7101605623950673,1.0,1.0,1.0,0.0,0.0,0.0
12,35,12.0,9.037768283299195,0.0,1.0,0.0,0.0,0.0,1.0
13,35,9.903206047531096,5.56868641450547,0.0,0.0,0.0,0.0,0.0,0.0
14,35,0.7897170410012025,1.7875678006287468,1.0,1.0,1.0,1.0,0.0,1.0
15,35,12.0,11.90083361783729,1.0,0.0,0.0,0.0,1.0,0.0
16,35,0.0,7.580536727033065,1.0,1.0,1.0,1.0,0.0,0.0
17,35,8.508625011756028,3.9487703378235817,0.0,0.0,0.0,0.0,1.0,0.0
18,35,2.557592971441588,0.944899517287705,0.0,0.0,1.0,1.0,0.0,1.0
19,35,4.11309282154992,3.5642962758885703,0.0,1.0,0.0,0.0,0.0,0.0
20,35,3.508215458664468,2.0153148326394112,0.0,0.0,1.0,0.0,0.0,1.0
21,35,8.976510291813272,4.100011971302747,0.0,0.0,0.0,0.0,1.0,1.0
22,35,10.392606505702854,5.527862424915422,0.0,0.0,0.0,0.0,0.0,1.0
23,35,0.6817180665997639,2.2866542884184256,1.0,1.0,0.0,0.0,0.0,1.0
24,35,8.53083240228345,3.674633634477287,0.0,0.0,0.0,1.0,1.0,1.0
25,35,3.1255901073010293,5.577918972765172,0.0,0.0,0.0,1.0,0.0,0.0
26,35,7.388620435430888,1.6094090026396397,0.0,0.0,1.0,0.0,1.0,1.0
27,35,1.5950004976518757,2.7308235444365754,0.0,1.0,0.0,0.0,1.0,0.0
28,35,2.263898085558232,3.878692851126545,0.0,0.0,0.0,0.0,0.0,0.0
29,35,9.251644336318025,7.495469194908419,0.0,0.0,0.0,0.0,0.0,0.0
30,35,1.3216774069264807,1.2562169463771766,1.0,0.0,1.0,0.0,1.0,0.0
31,35,5.868576477402999,9.540096684378494,0.0,1.0,0.0,0.0,0.0,0.0
32,35,11.112544678112462,1.6432176647483472,0.0,1.0,1.0,1.0,1.0,1.0
33,35,1.3965402789483874,3.907887749000433,1.0,0.0,0.0,1.0,1.0,0.0
34,35,11.112097729405445,6.307478984957199,0.0,0.0,0.0,1.0,0.0,0.0
35,35,6.195230788577308,2.8810153241988523,0.0,0.0,1.0,0.0,0.0,0.0
36,35,7.998531278267718,1.088446639401598,0.0,0.0,0.0,0.0,1.0,1.0
37,35,4.378083065776661,4.4074868680074015,0.0,0.0,0.0,0.0,0.0,0.0
38,35,0.2268889610559384,0.27781002102609,0.0,0.0,1.0,0.0,0.0,0.0
39,35,2.7304220811243374,5.097254832588315,0.0,0.0,0.0,0.0,1.0,1.0
0,40,10.655591279983868,11.328206504159004,1.0,1.0,1.0,1.0,0.0,0.0
1,40,11.876834771128928,10.238979317367226,1.0,0.0,1.0,0.0,0.0,0.0
2,40,7.813468907625685,5.276578952030991,1.0,1.0,0.0,0.0,1.0,1.0
3,40,9.084982386032184,3.91726267032562,0.0,0.0,1.0,1.0,1.0,0.0
4,40,11.369877038744066,2.847194473608499,0.0,0.0,0.0,0.0,0.0,0.0
5,40,5.000059871717641,12.0,0.0,1.0,0.0,0.0,1.0,0.0
6,40,6.696776374126068,4.621217816913003,0.0,1.0,0.0,1.0,0.0,0.0
7,40,0.3444170049120317,2.465014063398673,0.0,0.0,0.0,0.0,1.0,1.0
8,40,9.108239508493783,2.788555686289964,1.0,1.0,0.0,1.0,0.0,0.0
9,40,8.898368382944637,4.669554270857561,1.0,0.0,0.0,0.0,1.0,0.0
10,40,4.233172468984863,6.3891223747628,1.0,0.0,0.0,1.0,0.0,0.0
11,40,9.534215435791696,1.6901607004246886,1.0,1.0,1.0,0.0,0.0,0.0
12,40,12.0,9.046723821441937,0.0,1.0,0.0,0.0,0.0,1.0
13,40,9.892911535423746,5.527961109785698,0.0,0.0,0.0,0.0,0.0,0.0
14,40,0.7638350682594717,1.760398807123003,1.0,1.0,1.0,1.0,0.0,1.0
15,40,11.994109054628346,11.90457177190407,1.0,0.0,0.0,0.0,1.0,0.0
16,40,0.0,7.558514100823506,1.0,1.0,1.0,1.0,0.0,0.0
17,40,8.55804266481228,3.944218836175752,0.0,0.0,0.0,0.0,1.0,0.0
18,40,2.502297852985429,0.9396089246303324,0.0,0.0,1.0,1.0,0.0,1.0
19,40,4.178347420764949,3.5604842793818205,0.0,1.0,0.0,0.0,0.0,0.0
20,40,3.595040004599717,1.9280069676878908,0.0,0.0,1.0,0.0,0.0,1.0
21,40,8.987358972028058,4.105194827066636,0.0,0.0,0.0,0.0,1.0,1.0
22,40,10.287189661082376,5.440682553992303,0.0,0.0,0.0,0.0,0.0,1.0
23,40,0.6791423589504193,2.288748537154388,1.0,1.0,0.0,0.0,0.0,1.0
24,40,8.579819718907014,3.6430231392234975,0.0,0.0,0.0,1.0,1.0,1.0
25,40,3.139824288830797,5.534112965976259,0.0,0.0,0.0,1.0,0.0,0.0
26,40,7.27835057725841,1.536634087962024,0.0,0.0,1.0,0.0,1.0,1.0
27,40,1.616205257544951,2.699046079304208,0.0,1.0,0.0,0.0,1.0,0.0
28,40,2.2841616152487085,3.8692932715290937,0.0,0.0,0.0,0.0,0.0,0.0
29,40,9.279744926203175,7.549311992574561,0.0,0.0,0.0,0.0,0.0,0.0
30,40,1.3443734073036089,1.274305014503542,1.0,0.0,1.0,0.0,1.0,0.0
31,40,5.851761921332938,9.474686778222503,0.0,1.0,0.0,0.0,0.0,0.0
32,40,11.122481248299628,1.6093759008331727,0.0,1.0,1.0,1.0,1.0,1.0
33,40,1.29677232336372,3.8949690862283552,1.0,0.0,0.0,1.0,1.0,0.0
34,40,11.129216607110363,6.351004132101707,0.0,0.0,0.0,1.0,0.0,0.0
35,40,6.234091382071996,2.853980118626316,0.0,0.0,1.0,0.0,0.0,0.0
36,40,7.998072866664271,1.078269580395549,0.0,0.0,0.0,0.0,1.0,1.0
37,40,4.416397314647248,4.449503961086717,0.0,0.0,0.0,0.0,0.0,0.0
38,40,0.2487583823974065,0.306041929891699,0.0,0.0,1.0,0.0,0.0,0.0
39,40,2.700670388456747,5.1057675253494414,0.0,0.0,0.0,0.0,1.0,1.0
0,45,10.633329362924645,11.369816794846908,1.0,1.0,1.0,1.0,0.0,0.0
1,45,11.878340034576595,10.235306779959616,1.0,0.0,1.0,0.0,0.0,0.0
2,45,7.795970776963677,5.211382226208712,1.0,1.0,0.0,0.0,1.0,1.0
3,45,9.103478196551723,3.897661177304397,0.0,0.0,1.0,1.0,1.0,0.0
4,45,11.31147270078066,2.8375706497692965,0.0,0.0,0.0,0.0,0.0,0.0
5,45,5.000236743207666,11.98211383597272,0.0,1.0,0.0,0.0,1.0,0.0
6,45,6.641521700332955,4.547820751387458,0.0,1.0,0.0,1.0,0.0,0.0
7,45,0.3969959480595292,2.390136301509469,0.0,0.0,0.0,0.0,1.0,1.0
8,45,9.140836549714075,2.8009916620891224,1.0,1.0,0.0,1.0,0.0,0.0
9,45,8.889995437285034,4.640996800865368,1.0,0.0,0.0,0.0,1.0,0.0
10,45,4.247007949105124,6.411414968132389,1.0,0.0,0.0,1.0,0.0,0.0
11,45,9.496492648751492,1.6647759449059685,1.0,1.0,1.0,0.0,0.0,0.0
12,45,12.0,9.053455659696125,0.0,1.0,0.0,0.0,0.0,1.0
13,45,9.883226832328615,5.491727491217344,0.0,0.0,0.0,0.0,0.0,0.0
14,45,0.7359351646882824,1.7302524497130098,1.0,1.0,1.0,1.0,0.0,1.0
15,45,11.988652890310158,11.907940558911005,1.0,0.0,0.0,0.0,1.0,0.0
16,45,0.0,7.523737008791588,1.0,1.0,1.0,1.0,0.0,0.0
17,45,8.625031622714516,3.9388057661917615,0.0,0.0,0.0,0.0,1.0,0.0
18,45,2.4430289786153714,0.9335216007404936,0.0,0.0,1.0,1.0,0.0,1.0
19,45,4.244969890290457,3.5566859235112545,0.0,1.0,0.0,0.0,0.0,0.0
20,45,3.677745460115769,1.842496357094846,0.0,0.0,1.0,0.0,0.0,1.0
21,45,8.99756543938192,4.109652372475861,0.0,0.0,0.0,0.0,1.0,1.0
22,45,10.175397597266452,5.350693518825402,0.0,0.0,0.0,0.0,0.0,1.0
23,45,0.6611007166808628,2.303880789421067,1.0,1.0,0.0,0.0,0.0,1.0
24,45,8.603785423534484,3.627596532615185,0.0,0.0,0.0,1.0,1.0,1.0
25,45,3.14953818948368,5.501958988188881,0.0,0.0,0.0,1.0,0.0,0.0
26,45,7.169401232213315,1.4653750053585324,0.0,0.0,1.0,0.0,1.0,1.0
27,45,1.6278226051293414,2.682277340695969,0.0,1.0,0.0,0.0,1.0,0.0
28,45,2.311533422546145,3.856533906528509,0.0,0.0,0.0,0.0,0.0,0.0
29,45,9.309543795814106,7.608328769927971,0.0,0.0,0.0,0.0,0.0,0.0
30,45,1.3703029567599947,1.2943737044371144,1.0,0.0,1.0,0.0,1.0,0.0
31,45,5.83203963217658,9.401994950760194,0.0,1.0,0.0,0.0,0.0,0.0
32,45,11.136025897631765,1.5641264955148235,0.0,1.0,1.0,1.0,1.0,1.0
33,45,1.2157663139417418,3.88402203047528,1.0,0.0,0.0,1.0,1.0,0.0
34,45,11.141891062748956,6.382692251102632,0.0,0.0,0.0,1.0,0.0,0.0
35,45,6.260073144983374,2.836292528528573,0.0,0.0,1.0,0.0,0.0,0.0
36,45,7.997438129886548,1.0637998542963605,0.0,0.0,0.0,0.0,1.0,1.0
37,45,4.457704812942214,4.494957928591235,0.0,0.0,0.0,0.0,0.0,0.0
38,45,0.277476521979994,0.3425919633459395,0.0,0.0,1.0,0.0,0.0,0.0
39,45,2.6769514423147576,5.112339030618176,0.0,0.0,0.0,0.0,1.0,1.0
0,50,10.607818712055831,11.415211816562694,1.0,1.0,1.0,1.0,0.0,0.0
1,50,11.876902991720746,10.239219397978724,1.0,0.0,1.0,0.0,0.0,0.0
2,50,7.782071460222791,5.152978673061014,1.0,1.0,0.0,0.0,1.0,1.0
3,50,9.11689206865093,3.883172618562355,0.0,0.0,1.0,1.0,1.0,0.0
4,50,11.245088482247407,2.82627312874212,0.0,0.0,0.0,0.0,0.0,0.0
5,50,5.000089147175522,11.99372266751914,0.0,1.0,0.0,0.0,1.0,0.0
6,50,6.5776378341669615,4.463551003279937,0.0,1.0,0.0,1.0,0.0,0.0
7,50,0.4386555377804497,2.327953449825023,0.0,0.0,0.0,0.0,1.0,1.0
8,50,9.157821402360955,2.807443784676264,1.0,1.0,0.0,1.0,0.0,0.0
9,50,8.88529517477695,4.625589371340812,1.0,0.0,0.0,0.0,1.0,0.0
10,50,4.259145921329669,6.43089000921004,1.0,0.0,0.0,1.0,0.0,0.0
11,50,9.468088069866164,1.6470298949715467,1.0,1.0,1.0,0.0,0.0,0.0
12,50,12.0,9.059638560198872,0.0,1.0,0.0,0.0,0.0,1.0
13,50,9.872038752380645,5.449269454722713,0.0,0.0,0.0,0.0,0.0,0.0
14,50,0.6910276833243081,1.684259890534071,1.0,1.0,1.0,1.0,0.0,1.0
15,50,11.984594397487005,11.910481885858806,1.0,0.0,0.0,0.0,1.0,0.0
16,50,0.0,7.478346485741851,1.0,1.0,1.0,1.0,0.0,0.0
17,50,8.688926205134594,3.933525811741733,0.0,0.0,0.0,0.0,1.0,0.0
18,50,2.3846815042746856,0.927424522998328,0.0,0.0,1.0,1.0,0.0,1.0
19,50,4.330762768585547,3.550336251928178,0.0,1.0,0.0,0.0,0.0,0.0
20,50,3.7508153679521294,1.7697577612253288,0.0,0.0,1.0,0.0,0.0,1.0
21,50,9.014225690465484,4.074530488307577,0.0,0.0,0.0,0.0,1.0,1.0
22,50,10.066993124982249,5.260032195532693,0.0,0.0,0.0,0.0,0.0,1.0
23,50,0.6411345618780814,2.320726413684219,1.0,1.0,0.0,0.0,0.0,1.0
24,50,8.624259171167292,3.615236526878416,0.0,0.0,0.0,1.0,1.0,1.0
25,50,3.155922666485802,5.482131883421734,0.0,0.0,0.0,1.0,0.0,0.0
26,50,7.071769101830226,1.4033604444021617,0.0,0.0,1.0,0.0,1.0,1.0
27,50,1.63336597587365,2.67450425229015,0.0,1.0,0.0,0.0,1.0,0.0
28,50,2.3101119427779504,3.8572303004701727,0.0,0.0,0.0,0.0,0.0,0.0
29,50,9.334383118244997,7.657775869221399,0.0,0.0,0.0,0.0,0.0,0.0
30,50,1.396255897434116,1.315344233063969,1.0,0.0,1.0,0.0,1.0,0.0
31,50,5.816812891879382,9.343339093059488,0.0,1.0,0.0,0.0,0.0,0.0
32,50,11.149891182181612,1.5164926527653948,0.0,1.0,1.0,1.0,1.0,1.0
33,50,1.12023737390759,3.872780648392879,1.0,0.0,0.0,1.0,1.0,0.0
34,50,11.151885334055532,6.409571071554256,0.0,0.0,0.0,1.0,0.0,0.0
35,50,6.28217762637468,2.8221643353979213,0.0,0.0,1.0,0.0,0.0,0.0
36,50,7.997132821202446,1.049654181732439,0.0,0.0,0.0,0.0,1.0,1.0
37,50,4.508103530050889,4.552417517547687,0.0,0.0,0.0,0.0,0.0,0.0
38,50,0.314004132520873,0.3923725323475125,0.0,0.0,1.0,0.0,0.0,0.0
39,50,2.6385417331836623,5.122105229914466,0.0,0.0,0.0,0.0,1.0,1.0
0,55,10.57683183047319,11.46855900849805,1.0,1.0,1.0,1.0,0.0,0.0
1,55,11.870009431094394,10.257506005793172,1.0,0.0,1.0,0.0,0.0,0.0
2,55,7.766902936853197,5.091443957147377,1.0,1.0,0.0,0.0,1.0,1.0
3,55,9.139752523230008,3.8591515355480217,0.0,0.0,1.0,1.0,1.0,0.0
4,55,11.198507280914086,2.818468886637969,0.0,0.0,0.0,0.0,0.0,0.0
5,55,5.000674502615869,11.974552247919643,0.0,1.0,0.0,0.0,1.0,0.0
6,55,6.517098989410456,4.384272192073679,0.0,1.0,0.0,1.0,0.0,0.0
7,55,0.4754150682315672,2.2691684145013165,0.0,0.0,0.0,0.0,1.0,1.0
8,55,9.179440929904953,2.815604319250998,1.0,1.0,0.0,1.0,0.0,0.0
9,55,8.88289118234355,4.61793315908867,1.0,0.0,0.0,0.0,1.0,0.0
10,55,4.27911756158555,6.4631461235361805,1.0,0.0,0.0,1.0,0.0,0.0
11,55,9.441064234345395,1.6310707889644045,1.0,1.0,1.0,0.0,0.0,0.0
12,55,12.0,9.061369559904987,0.0,1.0,0.0,0.0,0.0,1.0
13,55,9.860727660943123,5.404151427499516,0.0,0.0,0.0,0.0,0.0,0.0
14,55,0.6430955718760152,1.6358195958910846,1.0,1.0,1.0,1.0,0.0,1.0
15,55,11.989012771963148,11.907877227089186,1.0,0.0,0.0,0.0,1.0,0.0
16,55,0.0,7.437887344666342,1.0,1.0,1.0,1.0,0.0,0.0
17,55,8.7627011378577,3.926047718621822,0.0,0.0,0.0,0.0,1.0,0.0
18,55,2.3092000004920843,0.9170854876228586,0.0,0.0,1.0,1.0,0.0,1.0
19,55,4.407672414995251,3.5437609704371438,0.0,1.0,0.0,0.0,0.0,0.0
20,55,3.8315301730290687,1.6848816885253723,0.0,0.0,1.0,0.0,0.0,1.0
21,55,9.027769888583602,4.047461195593973,0.0,0.0,0.0,0.0,1.0,1.0
22,55,9.960147044437324,5.172756114841488,0.0,0.0,0.0,0.0,0.0,1.0
23,55,0.6367818881061243,2.3243918911211336,1.0,1.0,0.0,0.0,0.0,1.0
24,55,8.655517569580297,3.596950969661961,0.0,0.0,0.0,1.0,1.0,1.0
25,55,3.1587586992815395,5.473030133476426,0.0,0.0,0.0,1.0,0.0,0.0
26,55,6.980463151776626,1.3436175801221348,0.0,0.0,1.0,0.0,1.0,1.0
27,55,1.648357560626476,2.652653303964603,0.0,1.0,0.0,0.0,1.0,0.0
28,55,2.294690107024018,3.8648333263535295,0.0,0.0,0.0,0.0,0.0,0.0
29,55,9.35846576998298,7.709486507114985,0.0,0.0,0.0,0.0,0.0,0.0
30,55,1.4111460760432206,1.327526522072613,1.0,0.0,1.0,0.0,1.0,0.0
31,55,5.803204050761569,9.290898552067206,0.0,1.0,0.0,0.0,0.0,0.0
32,55,11.16015195627657,1.482475559215064,0.0,1.0,1.0,1.0,1.0,1.0
33,55,1.0209953984034446,3.8617060922997455,1.0,0.0,0.0,1.0,1.0,0.0
34,55,11.169066670636385,6.455634173304813,0.0,0.0,0.0,1.0,0.0,0.0
35,55,6.313882409816984,2.8006800388541437,0.0,0.0,1.0,0.0,0.0,0.0
36,55,7.997032365318429,1.042165405227918,0.0,0.0,0.0,0.0,1.0,1.0
37,55,4.557884666364765,4.6106611528844885,0.0,0.0,0.0,0.0,0.0,0.0
38,55,0.3503860066514961,0.4446368225721807,0.0,0.0,1.0,0.0,0.0,0.0
39,55,2.6029551592337787,5.131094771749196,0.0,0.0,0.0,0.0,1.0,1.0
0,60,10.543711775522269,11.527181928452087,1.0,1.0,1.0,1.0,0.0,0.0
1,60,11.856350406626785,10.29421410720158,1.0,0.0,1.0,0.0,0.0,0.0
2,60,7.74954998703105,5.014835857981367,1.0,1.0,0.0,0.0,1.0,1.0
3,60,9.16328699253153,3.8336371954775017,0.0,0.0,1.0,1.0,1.0,0.0
4,60,11.1699895556485,2.814319780669216,0.0,0.0,0.0,0.0,0.0,0.0
5,60,5.002168288438764,11.93509020328744,0.0,1.0,0.0,0.0,1.0,0.0
6,60,6.458106770344879,4.306836646081464,0.0,1.0,0.0,1.0,0.0,0.0
7,60,0.5098701110690159,2.216205930563704,0.0,0.0,0.0,0.0,1.0,1.0
8,60,9.214877349946835,2.829699932785403,1.0,1.0,0.0,1.0,0.0,0.0
9,60,8.870072959480725,4.579249988790048,1.0,0.0,0.0,0.0,1.0,0.0
10,60,4.294056369047346,6.489381344344837,1.0,0.0,0.0,1.0,0.0,0.0
11,60,9.425916005697438,1.6224776927872646,1.0,1.0,1.0,0.0,0.0,0.0
12,60,12.0,9.062111196145134,0.0,1.0,0.0,0.0,0.0,1.0
13,60,9.845425682695208,5.342948763778196,0.0,0.0,0.0,0.0,0.0,0.0
14,60,0.5819900263361308,1.5713167607020622,1.0,1.0,1.0,1.0,0.0,1.0
15,60,12.0,11.901222536788357,1.0,0.0,0.0,0.0,1.0,0.0
16,60,0.0,7.406111341093348,1.0,1.0,1.0,1.0,0.0,0.0
17,60,8.8369663206285,3.919542901348279,0.0,0.0,0.0,0.0,1.0,0.0
18,60,2.2192021277391154,0.9052726295538808,0.0,0.0,1.0,1.0,0.0,1.0
19,60,4.50052758414292,3.5337961561148195,0.0,1.0,0.0,0.0,0.0,0.0
20,60,3.908779866900751,1.6047786026854507,0.0,0.0,1.0,0.0,0.0,1.0
21,60,9.046113911679608,4.012784612133188,0.0,0.0,0.0,0.0,1.0,1.0
22,60,9.850928120602388,5.081299454068058,0.0,0.0,0.0,0.0,0.0,1.0
23,60,0.6419183644997214,2.320284142288992,1.0,1.0,0.0,0.0,0.0,1.0
24,60,8.690831714582362,3.5764157788854347,0.0,0.0,0.0,1.0,1.0,1.0
25,60,3.164065238485646,5.456694559626883,0.0,0.0,0.0,1.0,0.0,0.0
26,60,6.885436957555082,1.2823239575093464,0.0,0.0,1.0,0.0,1.0,1.0
27,60,1.6654119159986285,2.6269801831707986,0.0,1.0,0.0,0.0,1.0,0.0
28,60,2.2685121803894623,3.877220359468984,0.0,0.0,0.0,0.0,0.0,0.0
29,60,9.380163655146276,7.753729093647862,0.0,0.0,0.0,0.0,0.0,0.0
30,60,1.4157564983596789,1.3311499366519897,1.0,0.0,1.0,0.0,1.0,0.0
31,60,5.789325058111374,9.240859439315727,0.0,1.0,0.0,0.0,0.0,0.0
32,60,11.165738154227892,1.4645793464431065,0.0,1.0,1.0,1.0,1.0,1.0
33,60,0.909075060262848,3.851312747846394,1.0,0.0,0.0,1.0,1.0,0.0
34,60,11.19630716994502,6.517829019846888,0.0,0.0,0.0,1.0,0.0,0.0
35,60,6.348896344646848,2.775726321657413,0.0,0.0,1.0,0.0,0.0,0.0
36,60,7.997360891768342,1.0566067765537146,0.0,0.0,0.0,0.0,1.0,1.0
37,60,4.588367715627358,4.649292673341143,0.0,0.0,0.0,0.0,0.0,0.0
38,60,0.3957271127628597,0.5100347962089637,0.0,0.0,1.0,0.0,0.0,0.0
39,60,2.5639103883045866,5.14011312210197,0.0,0.0,0.0,0.0,1.0,1.0
0,65,10.510603468425908,11.58765725155248,1.0,1.0,1.0,1.0,0.0,0.0
1,65,11.849576183142709,10.312457436146545,1.0,0.0,1.0,0.0,0.0,0.0
2,65,7.723194837799557,4.898217780032358,1.0,1.0,0.0,0.0,1.0,1.0
3,65,9.182931096929584,3.813108905686171,0.0,0.0,1.0,1.0,1.0,0.0
4,65,11.152800204794762,2.811722538339565,0.0,0.0,0.0,0.0,0.0,0.0
5,65,5.004302887552251,11.889353429288404,0.0,1.0,0.0,0.0,1.0,0.0
6,65,6.396407112263352,4.223157107154813,0.0,1.0,0.0,1.0,0.0,0.0
7,65,0.5551795497572509,2.144608167961908,0.0,0.0,0.0,0.0,1.0,1.0
8,65,9.26663619482388,2.850643058631212,1.0,1.0,0.0,1.0,0.0,0.0
9,65,8.857585810887292,4.540059384355073,1.0,0.0,0.0,0.0,1.0,0.0
10,65,4.30078824983375,6.500754215016868,1.0,0.0,0.0,1.0,0.0,0.0
11,65,9.417271169725684,1.6172581859283377,1.0,1.0,1.0,0.0,0.0,0.0
12,65,12.0,9.063134225710138,0.0,1.0,0.0,0.0,0.0,1.0
13,65,9.829171510648738,5.278914193873607,0.0,0.0,0.0,0.0,0.0,0.0
14,65,0.5218705142729447,1.507194483880551,1.0,1.0,1.0,1.0,0.0,1.0
15,65,12.0,11.888987668817622,1.0,0.0,0.0,0.0,1.0,0.0
16,65,0.0,7.366516413967051,1.0,1.0,1.0,1.0,0.0,0.0
17,65,8.909340951515162,3.914638336650312,0.0,0.0,0.0,0.0,1.0,0.0
18,65,2.127535287951674,0.8917212498231877,0.0,0.0,1.0,1.0,0.0,1.0
19,65,4.590801954379853,3.521752951694773,0.0,1.0,0.0,0.0,0.0,0.0
20,65,3.985092679004225,1.52706767674072,0.0,0.0,1.0,0.0,0.0,1.0
21,65,9.063511502764785,3.9808258224143054,0.0,0.0,0.0,0.0,1.0,1.0
22,65,9.739266171715942,4.98580489926609,0.0,0.0,0.0,0.0,0.0,1.0
23,65,0.6483572647533674,2.3151815133596743,1.0,1.0,0.0,0.0,0.0,1.0
24,65,8.718932647907938,3.559465593663238,0.0,0.0,0.0,1.0,1.0,1.0
25,65,3.164569212316997,5.45516823852102,0.0,0.0,0.0,1.0,0.0,0.0
26,65,6.797605218870586,1.2268326469387498,0.0,0.0,1.0,0.0,1.0,1.0
27,65,1.689165348765945,2.6430594713142668,0.0,1.0,0.0,0.0,1.0,0.0
28,65,2.234154463035998,3.893891647648381,0.0,0.0,0.0,0.0,0.0,0.0
29,65,9.403085339866973,7.805908345692407,0.0,0.0,0.0,0.0,0.0,0.0
30,65,1.4055729701650428,1.323295695321244,1.0,0.0,1.0,0.0,1.0,0.0
31,65,5.775948694088845,9.18964496493378,0.0,1.0,0.0,0.0,0.0,0.0
32,65,11.168848119463163,1.4545303691659153,0.0,1.0,1.0,1.0,1.0,1.0
33,65,0.7890982964209659,3.8382537879728815,1.0,0.0,0.0,1.0,1.0,0.0
34,65,11.226806973911078,6.5865389392065925,0.0,0.0,0.0,1.0,0.0,0.0
35,65,6.390592228252542,2.7449809523399598,0.0,0.0,1.0,0.0,0.0,0.0
36,65,7.9975446561326,1.068211235583758,0.0,0.0,0.0,0.0,1.0,1.0
37,65,4.618818503523429,4.690132268629101,0.0,0.0,0.0,0.0,0.0,0.0
38,65,0.4468662958615719,0.5881465528804581,0.0,0.0,1.0,0.0,0.0,0.0
39,65,2.506599285791714,5.1550825789834125,0.0,0.0,0.0,0.0,1.0,1.0
0,70,10.467039905246374,11.670556755486093,1.0,1.0,1.0,1.0,0.0,0.0
1,70,11.842494418351365,10.33327289425426,1.0,0.0,1.0,0.0,0.0,0.0
2,70,7.695373395792172,4.773518231489751,1.0,1.0,0.0,0.0,1.0,1.0
3,70,9.202532624682808,3.792556595634942,0.0,0.0,1.0,1.0,1.0,0.0
4,70,11.161300815548156,2.8129537669141804,0.0,0.0,0.0,0.0,0.0,0.0
5,70,5.007616695956547,11.836268759464406,0.0,1.0,0.0,0.0,1.0,0.0
6,70,6.339417316750643,4.150667881808787,0.0,1.0,0.0,1.0,0.0,0.0
7,70,0.5934148974329244,2.087413125734238,0.0,0.0,0.0,0.0,1.0,1.0
8,70,9.328934152148038,2.8768325693698737,1.0,1.0,0.0,1.0,0.0,0.0
9,70,8.89632277578892,4.52795614504506,1.0,0.0,0.0,0.0,1.0,0.0
10,70,4.310153097426766,6.516410208296795,1.0,0.0,0.0,1.0,0.0,0.0
11,70,9.404471873430976,1.6096860572282476,1.0,1.0,1.0,0.0,0.0,0.0
12,70,12.0,9.065570758209928,0.0,1.0,0.0,0.0,0.0,1.0
13,70,9.807561757733303,5.200142690538919,0.0,0.0,0.0,0.0,0.0,0.0
14,70,0.4521002548795626,1.434874044453048,1.0,1.0,1.0,1.0,0.0,1.0
15,70,12.0,11.882651545787873,1.0,0.0,0.0,0.0,1.0,0.0
16,70,0.0,7.344212739895986,1.0,1.0,1.0,1.0,0.0,0.0
17,70,8.98166521056819,3.908904529293754,0.0,0.0,0.0,0.0,1.0,0.0
18,70,2.027089275306065,0.8750328615017802,0.0,0.0,1.0,1.0,0.0,1.0
19,70,4.655900738323023,3.5131442818740783,0.0,1.0,0.0,0.0,0.0,0.0
20,70,4.045728339126751,1.4602802898873908,0.0,0.0,1.0,0.0,0.0,1.0
21,70,9.084020894442704,3.9416423121701967,0.0,0.0,0.0,0.0,1.0,1.0
22,70,9.612010090122816,4.87291736801062,0.0,0.0,0.0,0.0,0.0,1.0
23,70,0.6595353788458111,2.306561078235277,1.0,1.0,0.0,0.0,0.0,1.0
24,70,8.741639421535016,3.546386408640574,0.0,0.0,0.0,1.0,1.0,1.0
25,70,3.169951932752558,5.439673372864045,0.0,0.0,0.0,1.0,0.0,0.0
26,70,6.705150320698866,1.164202651223323,0.0,0.0,1.0,0.0,1.0,1.0
27,70,1.7098503073815563,2.6571510369146383,0.0,1.0,0.0,0.0,1.0,0.0
28,70,2.2084342471467684,3.905815515370517,0.0,0.0,0.0,0.0,0.0,0.0
29,70,9.434948352573812,7.877432142666096,0.0,0.0,0.0,0.0,0.0,0.0
30,70,1.399903048309771,1.3189443625788286,1.0,0.0,1.0,0.0,1.0,0.0
31,70,5.75501516154469,9.108275440510155,0.0,1.0,0.0,0.0,0.0,0.0
32,70,11.166821705051046,1.4619987352227723,0.0,1.0,1.0,1.0,1.0,1.0
33,70,0.6662404523053842,3.824744851483352,1.0,0.0,0.0,1.0,1.0,0.0
34,70,11.256818275689934,6.656350364613689,0.0,0.0,0.0,1.0,0.0,0.0
35,70,6.434415749577878,2.7124409850474653,0.0,0.0,1.0,0.0,0.0,0.0
36,70,7.9972545183557635,1.109470871138333,0.0,0.0,0.0,0.0,1.0,1.0
37,70,4.646538273944011,4.727274215929592,0.0,0.0,0.0,0.0,0.0,0.0
38,70,0.5126657155950068,0.6889040925273197,0.0,0.0,1.0,0.0,0.0,0.0
39,70,2.4508535713518818,5.169477808585759,0.0,0.0,0.0,0.0,1.0,1.0
0,75,10.427042973525278,11.746187940451303,1.0,1.0,1.0,1.0,0.0,0.0
1,75,11.83774672178774,10.347353326990378,1.0,0.0,1.0,0.0,0.0,0.0
2,75,7.666359792215358,4.656479526910571,1.0,1.0,0.0,0.0,1.0,1.0
3,75,9.221273869132755,3.773561081919208,0.0,0.0,1.0,1.0,1.0,0.0
4,75,11.157650507865124,2.8124392412298875,0.0,0.0,0.0,0.0,0.0,0.0
5,75,5.011660802735342,11.781072627316217,0.0,1.0,0.0,0.0,1.0,0.0
6,75,6.256791762544432,4.050848931986959,0.0,1.0,0.0,1.0,0.0,0.0
7,75,0.6407591240639254,2.012921296282645,0.0,0.0,0.0,0.0,1.0,1.0
8,75,9.408395736052675,2.9114251407229608,1.0,1.0,0.0,1.0,0.0,0.0
9,75,8.936379020186777,4.515883003159935,1.0,0.0,0.0,0.0,1.0,0.0
10,75,4.321098975376525,6.53447127028069,1.0,0.0,0.0,1.0,0.0,0.0
11,75,9.378978860450742,1.594052842971628,1.0,1.0,1.0,0.0,0.0,0.0
12,75,12.0,9.068869279309832,0.0,1.0,0.0,0.0,0.0,1.0
13,75,9.79028184300584,5.146336528094948,0.0,0.0,0.0,0.0,0.0,0.0
14,75,0.3900461622044842,1.3713212642796184,1.0,1.0,1.0,1.0,0.0,1.0
15,75,12.0,11.870995689431924,1.0,0.0,0.0,0.0,1.0,0.0
16,75,0.0,7.337500105127026,1.0,1.0,1.0,1.0,0.0,0.0
17,75,9.049445694315194,3.90307355868565,0.0,0.0,0.0,0.0,1.0,0.0
18,75,1.9312050803632776,0.8591493342539249,0.0,0.0,1.0,1.0,0.0,1.0
19,75,4.732721446385906,3.504703687697078,0.0,1.0,0.0,0.0,0.0,0.0
20,75,4.107886600365877,1.3950036571320985,0.0,0.0,1.0,0.0,0.0,1.0
21,75,9.099949260274167,3.9107142462614486,0.0,0.0,0.0,0.0,1.0,1.0
22,75,9.480230513279327,4.760754361489538,0.0,0.0,0.0,0.0,0.0,1.0
23,75,0.6862529951506158,2.284637122717763,1.0,1.0,0.0,0.0,0.0,1.0
24,75,8.790650483959276,3.5190638011402187,0.0,0.0,0.0,1.0,1.0,1.0
25,75,3.1826036753663987,5.404585042883227,0.0,0.0,0.0,1.0,0.0,0.0
26,75,6.626881253686598,1.10790969832107,0.0,0.0,1.0,0.0,1.0,1.0
27,75,1.7333879128084162,2.67409011664619,0.0,1.0,0.0,0.0,1.0,0.0
28,75,2.205907834488957,3.906965707276164,0.0,0.0,0.0,0.0,0.0,0.0
29,75,9.473086097746888,7.96168827193554,0.0,0.0,0.0,0.0,0.0,0.0
30,75,1.4017878388207592,1.3204042208914897,1.0,0.0,1.0,0.0,1.0,0.0
31,75,5.731887839971836,9.025112329007827,0.0,1.0,0.0,0.0,0.0,0.0
32,75,11.165938396301875,1.464946210244315,0.0,1.0,1.0,1.0,1.0,1.0
33,75,0.5459635343296446,3.814074017779317,1.0,0.0,0.0,1.0,1.0,0.0
34,75,11.291085317670372,6.744077552188593,0.0,0.0,0.0,1.0,0.0,0.0
35,75,6.482174907207041,2.676972135348952,0.0,0.0,1.0,0.0,0.0,0.0
36,75,7.996792545720888,1.1561503787799188,0.0,0.0,0.0,0.0,1.0,1.0
37,75,4.673914167510867,4.764406712248367,0.0,0.0,0.0,0.0,0.0,0.0
38,75,0.579629379764349,0.7920450066855329,0.0,0.0,1.0,0.0,0.0,0.0
39,75,2.403604273563525,5.183758130264296,0.0,0.0,0.0,0.0,1.0,1.0
0,80,10.383677060665711,11.833237620969848,1.0,1.0,1.0,1.0,0.0,0.0
1,80,11.828378253915266,10.376440877617936,1.0,0.0,1.0,0.0,0.0,0.0
2,80,7.636028396771814,4.540130105298763,1.0,1.0,0.0,0.0,1.0,1.0
3,80,9.244514909228498,3.750883259049285,0.0,0.0,1.0,1.0,1.0,0.0
4,80,11.157540130708462,2.8124227947891947,0.0,0.0,0.0,0.0,0.0,0.0
5,80,5.01413340006649,11.730619068920593,0.0,1.0,0.0,0.0,1.0,0.0
6,80,6.166584177741807,3.942264012932735,0.0,1.0,0.0,1.0,0.0,0.0
7,80,0.681826259093473,1.946023666643201,0.0,0.0,0.0,0.0,1.0,1.0
8,80,9.50535027213306,2.9564993285912977,1.0,1.0,0.0,1.0,0.0,0.0
9,80,8.980595906860652,4.504220165611892,1.0,0.0,0.0,0.0,1.0,0.0
10,80,4.346646571171839,6.57835554605426,1.0,0.0,0.0,1.0,0.0,0.0
11,80,9.37208806264906,1.58948255858798,1.0,1.0,1.0,0.0,0.0,0.0
12,80,12.0,9.069568524731642,0.0,1.0,0.0,0.0,0.0,1.0
13,80,9.773963238245772,5.095393452404207,0.0,0.0,0.0,0.0,0.0,0.0
14,80,0.3276199530211597,1.3073214347202091,1.0,1.0,1.0,1.0,0.0,1.0
15,80,12.0,11.85578863127065,1.0,0.0,0.0,0.0,1.0,0.0
16,80,0.0,7.3100715985751155,1.0,1.0,1.0,1.0,0.0,0.0
17,80,9.12159821950651,3.8983230283614594,0.0,0.0,0.0,0.0,1.0,0.0
18,80,1.8029204978199669,0.8385891974179595,0.0,0.0,1.0,1.0,0.0,1.0
19,80,4.810072941533182,3.4968056628372928,0.0,1.0,0.0,0.0,0.0,0.0
20,80,4.179384392792382,1.3178152129652136,0.0,0.0,1.0,0.0,0.0,1.0
21,80,9.11839424395849,3.8713616040532135,0.0,0.0,0.0,0.0,1.0,1.0
22,80,9.36042504508598,4.657631756350741,0.0,0.0,0.0,0.0,0.0,1.0
23,80,0.7113176081797479,2.263348652763898,1.0,1.0,0.0,0.0,0.0,1.0
24,80,8.8305392414253,3.497112898779557,0.0,0.0,0.0,1.0,1.0,1.0
25,80,3.1911654850879816,5.379939258470415,0.0,0.0,0.0,1.0,0.0,0.0
26,80,6.560409218702105,1.0608192372287673,0.0,0.0,1.0,0.0,1.0,1.0
27,80,1.7584529870178056,2.69158179036902,0.0,1.0,0.0,0.0,1.0,0.0
28,80,2.1997963063870816,3.909627427492854,0.0,0.0,0.0,0.0,0.0,0.0
29,80,9.517173343766029,8.059674285800233,0.0,0.0,0.0,0.0,0.0,0.0
30,80,1.3997452795324865,1.3188005612693603,1.0,0.0,1.0,0.0,1.0,0.0
31,80,5.714166922494125,8.95247260713883,0.0,1.0,0.0,0.0,0.0,0.0
32,80,11.170295071052594,1.450423651995683,0.0,1.0,1.0,1.0,1.0,1.0
33,80,0.4411388679231667,3.8036661177593007,1.0,0.0,0.0,1.0,1.0,0.0
34,80,11.323827027419837,6.829246225752203,0.0,0.0,0.0,1.0,0.0,0.0
35,80,6.532838857358902,2.6382758901759438,0.0,0.0,1.0,0.0,0.0,0.0
36,80,7.997223023032264,1.199012291864398,0.0,0.0,0.0,0.0,1.0,1.0
37,80,4.697122293738944,4.79453138837351,0.0,0.0,0.0,0.0,0.0,0.0
38,80,0.6516177658119521,0.9091365140715228,0.0,0.0,1.0,0.0,0.0,0.0
39,80,2.381557583221938,5.190049542258124,0.0,0.0,0.0,0.0,1.0,1.0
0,85,10.337080495019327,11.927305180483524,1.0,1.0,1.0,1.0,0.0,0.0
1,85,11.811673708779017,10.42992114621778,1.0,0.0,1.0,0.0,0.0,0.0
2,85,7.613367755185678,4.450210061201944,1.0,1.0,0.0,0.0,1.0,1.0
3,85,9.27383840352231,3.7229223520978,0.0,0.0,1.0,1.0,1.0,0.0
4,85,11.172568337847588,2.8143804919465047,0.0,0.0,0.0,0.0,0.0,0.0
5,85,5.017429269044942,11.675207167080368,0.0,1.0,0.0,0.0,1.0,0.0
6,85,6.087100494207053,3.8467199370012857,0.0,1.0,0.0,1.0,0.0,0.0
7,85,0.7117723875117073,1.896051921019295,0.0,0.0,0.0,0.0,1.0,1.0
8,85,9.628234135022732,3.009073737967104,1.0,1.0,0.0,1.0,0.0,0.0
9,85,9.00566213258703,4.497541630674858,1.0,0.0,0.0,0.0,1.0,0.0
10,85,4.359744519536635,6.600362863303698,1.0,0.0,0.0,1.0,0.0,0.0
11,85,9.37718748166102,1.5929481110772796,1.0,1.0,1.0,0.0,0.0,0.0
12,85,12.0,9.07100548825986,0.0,1.0,0.0,0.0,0.0,1.0
13,85,9.760851024989272,5.053687084266045,0.0,0.0,0.0,0.0,0.0,0.0
14,85,0.2503582694624233,1.2291145235817384,1.0,1.0,1.0,1.0,0.0,1.0
15,85,12.0,11.832683682311714,1.0,0.0,0.0,0.0,1.0,0.0
16,85,0.0,7.2607442951388546,1.0,1.0,1.0,1.0,0.0,0.0
17,85,9.200798784916913,3.890967894904636,0.0,0.0,0.0,0.0,1.0,0.0
18,85,1.679029219514823,0.8151541527611151,0.0,0.0,1.0,1.0,0.0,1.0
19,85,4.88180754786342,3.4887937116597256,0.0,1.0,0.0,0.0,0.0,0.0
20,85,4.251400187253985,1.2424981331350913,0.0,0.0,1.0,0.0,0.0,1.0
21,85,9.1338071662271,3.838825346562511,0.0,0.0,0.0,0.0,1.0,1.0
22,85,9.246761804055067,4.560618175437279,0.0,0.0,0.0,0.0,0.0,1.0
23,85,0.744974015472837,2.2329538893613488,1.0,1.0,0.0,0.0,0.0,1.0
24,85,8.871907065785315,3.473449037595526,0.0,0.0,0.0,1.0,1.0,1.0
25,85,3.1973760574084737,5.362185888256066,0.0,0.0,0.0,1.0,0.0,0.0
26,85,6.507508548624178,1.0237043915571526,0.0,0.0,1.0,0.0,1.0,1.0
27,85,1.7773718189387198,2.704966107793969,0.0,1.0,0.0,0.0,1.0,0.0
28,85,2.1903770788508443,3.913595823610697,0.0,0.0,0.0,0.0,0.0,0.0
29,85,9.55766521646234,8.152766163881596,0.0,0.0,0.0,0.0,0.0,0.0
30,85,1.3964793063863068,1.316101798759288,1.0,0.0,1.0,0.0,1.0,0.0
31,85,5.688733708106714,8.856037783889178,0.0,1.0,0.0,0.0,0.0,0.0
32,85,11.174337520959911,1.4359454983829554,0.0,1.0,1.0,1.0,1.0,1.0
33,85,0.3178941541725161,3.788802035550117,1.0,0.0,0.0,1.0,1.0,0.0
34,85,11.358747850057696,6.914647957484497,0.0,0.0,0.0,1.0,0.0,0.0
35,85,6.5856479124701215,2.596191277769139,0.0,0.0,1.0,0.0,0.0,0.0
36,85,7.998395112798488,1.2370826315855952,0.0,0.0,0.0,0.0,1.0,1.0
37,85,4.716926499477721,4.819967089529054,0.0,0.0,0.0,0.0,0.0,0.0
38,85,0.7205326419686838,1.024502265093705,0.0,0.0,1.0,0.0,0.0,0.0
39,85,2.3570067682618103,5.1972259529649865,0.0,0.0,0.0,0.0,1.0,1.0
0,90,10.287745599028892,12.0,1.0,1.0,1.0,1.0,0.0,0.0
1,90,11.79281436311721,10.48427110670556,1.0,0.0,1.0,0.0,0.0,0.0
2,90,7.58982668378929,4.366055161013772,1.0,1.0,0.0,0.0,1.0,1.0
3,90,9.286204763445836,3.7110714298523977,0.0,0.0,1.0,1.0,1.0,0.0
4,90,11.17771122616361,2.815324437997759,0.0,0.0,0.0,0.0,0.0,0.0
5,90,5.0198537405905785,11.629544605457346,0.0,1.0,0.0,0.0,1.0,0.0
6,90,6.020457346530072,3.764020486041811,0.0,1.0,0.0,1.0,0.0,0.0
7,90,0.7349296199229598,1.8557925637123764,0.0,0.0,0.0,0.0,1.0,1.0
8,90,9.768404418697465,3.0647094873990963,1.0,1.0,0.0,1.0,0.0,0.0
9,90,9.01283024758051,4.495377745037106,1.0,0.0,0.0,0.0,1.0,0.0
10,90,4.378733872588442,6.632445373368283,1.0,0.0,0.0,1.0,0.0,0.0
11,90,9.385769934477324,1.5986537958715543,1.0,1.0,1.0,0.0,0.0,0.0
12,90,11.995757908753502,9.070562250243745,0.0,1.0,0.0,0.0,0.0,1.0
13,90,9.753551775901633,5.030419815029389,0.0,0.0,0.0,0.0,0.0,0.0
14,90,0.1643673284964823,1.143918284438502,1.0,1.0,1.0,1.0,0.0,1.0
15,90,12.0,11.812075939742629,1.0,0.0,0.0,0.0,1.0,0.0
16,90,0.0,7.227986234362505,1.0,1.0,1.0,1.0,0.0,0.0
17,90,9.287902578052728,3.883075355793619,0.0,0.0,0.0,0.0,1.0,0.0
18,90,1.5612636476344337,0.792722458335143,0.0,0.0,1.0,1.0,0.0,1.0
19,90,4.944076330592162,3.480245776708692,0.0,1.0,0.0,0.0,0.0,0.0
20,90,4.325808956619553,1.164737013181352,0.0,0.0,1.0,0.0,0.0,1.0
21,90,9.150087050245029,3.805563653834114,0.0,0.0,0.0,0.0,1.0,1.0
22,90,9.113474863196474,4.452046404302856,0.0,0.0,0.0,0.0,0.0,1.0
23,90,0.7942186924302517,2.189251463955153,1.0,1.0,0.0,0.0,0.0,1.0
24,90,8.925149750982488,3.4437190464813447,0.0,0.0,0.0,1.0,1.0,1.0
25,90,3.2023118466427696,5.348723861757686,0.0,0.0,0.0,1.0,0.0,0.0
26,90,6.443601916726726,0.979273374389666,0.0,0.0,1.0,0.0,1.0,1.0
27,90,1.7987733232129466,2.7201238286168583,0.0,1.0,0.0,0.0,1.0,0.0
28,90,2.159640050377385,3.926459321504341,0.0,0.0,0.0,0.0,0.0,0.0
29,90,9.601358261271562,8.247247028099215,0.0,0.0,0.0,0.0,0.0,0.0
30,90,1.3711427754008536,1.2948516364608704,1.0,0.0,1.0,0.0,1.0,0.0
31,90,5.660854104649385,8.75770899313038,0.0,1.0,0.0,0.0,0.0,0.0
32,90,11.179915403209373,1.413401443789007,0.0,1.0,1.0,1.0,1.0,1.0
33,90,0.1891426801111923,3.775601542721038,1.0,0.0,0.0,1.0,1.0,0.0
34,90,11.396422620219903,7.011688097339897,0.0,0.0,0.0,1.0,0.0,0.0
35,90,6.639096126838028,2.5524895607139806,0.0,0.0,1.0,0.0,0.0,0.0
36,90,7.998952847026904,1.276724663313257,0.0,0.0,0.0,0.0,1.0,1.0
37,90,4.748049851165679,4.862258709909817,0.0,0.0,0.0,0.0,0.0,0.0
38,90,0.7834637454338378,1.1253477430416212,0.0,0.0,1.0,0.0,0.0,0.0
39,90,2.35011259656639,5.199294051784298,0.0,0.0,0.0,0.0,1.0,1.0
0,95,10.242945381642578,12.0,1.0,1.0,1.0,1.0,0.0,0.0
1,95,11.778423095578974,10.528114647412266,1.0,0.0,1.0,0.0,0.0,0.0
2,95,7.570911367159676,4.301089163192792,1.0,1.0,0.0,0.0,1.0,1.0
3,95,9.30280963555163,3.6946844179455183,0.0,0.0,1.0,1.0,1.0,0.0
4,95,11.201015715044452,2.819097314027375,0.0,0.0,0.0,0.0,0.0,0.0
5,95,5.021624186968633,11.596868073623464,0.0,1.0,0.0,0.0,1.0,0.0
6,95,5.938243345268429,3.660080187961936,0.0,1.0,0.0,1.0,0.0,0.0
7,95,0.7587612348303976,1.8120407884869865,0.0,0.0,0.0,0.0,1.0,1.0
8,95,9.897891104622063,3.1157938162661014,1.0,1.0,0.0,1.0,0.0,0.0
9,95,9.035134876870902,4.488296208656206,1.0,0.0,0.0,0.0,1.0,0.0
10,95,4.39113708888595,6.65348457662834,1.0,0.0,0.0,1.0,0.0,0.0
11,95,9.406001628563155,1.6111091619821076,1.0,1.0,1.0,0.0,0.0,0.0
12,95,11.988590381620378,9.070021277399176,0.0,1.0,0.0,0.0,0.0,1.0
13,95,9.748185663850917,5.013126900988826,0.0,0.0,0.0,0.0,0.0,0.0
14,95,0.0958252579627475,1.0791791739705725,1.0,1.0,1.0,1.0,0.0,1.0
15,95,12.0,11.78151282427872,1.0,0.0,0.0,0.0,1.0,0.0
16,95,0.0,7.190793966691015,1.0,1.0,1.0,1.0,0.0,0.0
17,95,9.387710609231656,3.871815436326599,0.0,0.0,0.0,0.0,1.0,0.0
18,95,1.4494038353957457,0.7739030802458143,0.0,0.0,1.0,1.0,0.0,1.0
19,95,5.00763828457232,3.4717970382262093,0.0,1.0,0.0,0.0,0.0,0.0
20,95,4.420577183511272,1.255401280508486,0.0,0.0,1.0,0.0,0.0,1.0
21,95,9.17155196799577,3.76391650934064,0.0,0.0,0.0,0.0,1.0,1.0
22,95,8.971450486703796,4.336090646169235,0.0,0.0,0.0,0.0,0.0,1.0
23,95,0.8331984741103342,2.1547606537527395,1.0,1.0,0.0,0.0,0.0,1.0
24,95,8.975463267380029,3.417630827568651,0.0,0.0,0.0,1.0,1.0,1.0
25,95,3.2087699386012445,5.331229931937526,0.0,0.0,0.0,1.0,0.0,0.0
26,95,6.390967865662938,0.9422502520189526,0.0,0.0,1.0,0.0,1.0,1.0
27,95,1.822003668556832,2.7379310087772373,0.0,1.0,0.0,0.0,1.0,0.0
28,95,2.106538970143085,3.948688291208004,0.0,0.0,0.0,0.0,0.0,0.0
29,95,9.650338539991518,8.352365462688766,0.0,0.0,0.0,0.0,0.0,0.0
30,95,1.3307119897651234,1.2609188377310412,1.0,0.0,1.0,0.0,1.0,0.0
31,95,5.622335940136668,8.625568823535417,0.0,1.0,0.0,0.0,0.0,0.0
32,95,11.18855000633294,1.3803600505399425,0.0,1.0,1.0,1.0,1.0,1.0
33,95,0.0734474610576265,3.759770560812679,1.0,0.0,0.0,1.0,1.0,0.0
34,95,11.430892740808908,7.104939612027408,0.0,0.0,0.0,1.0,0.0,0.0
35,95,6.68270081702457,2.5169988652842443,0.0,0.0,1.0,0.0,0.0,0.0
36,95,7.999755780300125,1.304356342395622,0.0,0.0,0.0,0.0,1.0,1.0
37,95,4.768584170545252,4.891249317124077,0.0,0.0,0.0,0.0,0.0,0.0
38,95,0.8423220231363111,1.2167319029436965,0.0,0.0,1.0,0.0,0.0,0.0
39,95,2.3575330270244845,5.197113553170102,0.0,0.0,0.0,0.0,1.0,1.0
0,100,10.19913314019251,12.0,1.0,1.0,1.0,1.0,0.0,0.0
1,100,11.763895489377996,10.570118083426706,1.0,0.0,1.0,0.0,0.0,0.0
2,100,7.54681570906181,4.212632737030177,1.0,1.0,0.0,0.0,1.0,1.0
3,100,9.32605525677401,3.6721886909611943,0.0,0.0,1.0,1.0,1.0,0.0
4,100,11.216489740544263,2.8216309517958296,0.0,0.0,0.0,0.0,0.0,0.0
5,100,5.023572903995191,11.55589316267276,0.0,1.0,0.0,0.0,1.0,0.0
6,100,5.844386418810565,3.5454823231970503,0.0,1.0,0.0,1.0,0.0,0.0
7,100,0.7841807408034452,1.765736401812472,0.0,0.0,0.0,0.0,1.0,1.0
8,100,10.049497140260089,3.1730982780486654,1.0,1.0,0.0,1.0,0.0,0.0
9,100,9.058601622678742,4.481441357922381,1.0,0.0,0.0,0.0,1.0,0.0
10,100,4.408663944631932,6.68589974899827,1.0,0.0,0.0,1.0,0.0,0.0
11,100,9.450668916127803,1.6377226686952342,1.0,1.0,1.0,0.0,0.0,0.0
12,100,11.96621739274264,9.068435063175755,0.0,1.0,0.0,0.0,0.0,1.0
13,100,9.75146378189246,5.023206514275398,0.0,0.0,0.0,0.0,0.0,0.0
14,100,0.0284503620107422,1.016569418130336,1.0,1.0,1.0,1.0,0.0,1.0
15,100,12.0,11.74276731187135,1.0,0.0,0.0,0.0,1.0,0.0
16,100,0.0,7.162478896621459,1.0,1.0,1.0,1.0,0.0,0.0
17,100,9.465876521946509,3.8625920210067823,0.0,0.0,0.0,0.0,1.0,0.0
18,100,1.30913660041525,0.7547086354322196,0.0,0.0,1.0,1.0,0.0,1.0
19,100,5.080804228845441,3.4624084871247085,0.0,1.0,0.0,0.0,0.0,0.0
20,100,4.504206608755388,1.3377985852480565,0.0,0.0,1.0,0.0,0.0,1.0
21,100,9.188480859004564,3.732473059264052,0.0,0.0,0.0,0.0,1.0,1.0
22,100,8.833908796137102,4.220073069322566,0.0,0.0,0.0,0.0,0.0,1.0
23,100,0.8644182670100696,2.127686166188205,1.0,1.0,0.0,0.0,0.0,1.0
24,100,9.03570715687724,3.3874498881844897,0.0,0.0,0.0,1.0,1.0,1.0
25,100,3.220234424673809,5.299231215121303,0.0,0.0,0.0,1.0,0.0,0.0
26,100,6.330295536825756,0.9007959198407028,0.0,0.0,1.0,0.0,1.0,1.0
27,100,1.856186623199,2.7635601419383207,0.0,1.0,0.0,0.0,1.0,0.0
28,100,2.048523472701963,3.972545339614927,0.0,0.0,0.0,0.0,0.0,0.0
29,100,9.700937310451158,8.46232583952116,0.0,0.0,0.0,0.0,0.0,0.0
30,100,1.287561088692725,1.225019801889026,1.0,0.0,1.0,0.0,1.0,0.0
31,100,5.589327558442411,8.513538332914733,0.0,1.0,0.0,0.0,0.0,0.0
32,100,11.197254902773864,1.347220868696637,0.0,1.0,1.0,1.0,1.0,1.0
33,100,0.0,3.744702955096364,1.0,0.0,0.0,1.0,1.0,0.0
34,100,11.470737400900669,7.206227895566099,0.0,0.0,0.0,1.0,0.0,0.0
35,100,6.715798081082821,2.4891144434438037,0.0,0.0,1.0,0.0,0.0,0.0
36,100,8.00105855915775,1.3303880336612015,0.0,0.0,0.0,0.0,1.0,1.0
37,100,4.784513334427464,4.913923302805649,0.0,0.0,0.0,0.0,0.0,0.0
38,100,0.902778984591829,1.3102226233978052,0.0,0.0,1.0,0.0,0.0,0.0
39,100,2.376123046255389,5.191368329787172,0.0,0.0,0.0,0.0,1.0,1.0
0,105,10.158829810453696,12.0,1.0,1.0,1.0,1.0,0.0,0.0
1,105,11.742976409814675,10.62632492199508,1.0,0.0,1.0,0.0,0.0,0.0
2,105,7.524367520964774,4.130187661155219,1.0,1.0,0.0,0.0,1.0,1.0
3,105,9.352650218784108,3.647579137208965,0.0,0.0,1.0,1.0,1.0,0.0
4,105,11.23821942820295,2.8253608394215903,0.0,0.0,0.0,0.0,0.0,0.0
5,105,5.026346267407073,11.511370589933348,0.0,1.0,0.0,0.0,1.0,0.0
6,105,5.7493898922443325,3.4269490639855507,0.0,1.0,0.0,1.0,0.0,0.0
7,105,0.8173415302566691,1.7069596279766657,0.0,0.0,0.0,0.0,1.0,1.0
8,105,10.193999619962492,3.227682541922116,1.0,1.0,0.0,1.0,0.0,0.0
9,105,9.09715986447885,4.469580753657371,1.0,0.0,0.0,0.0,1.0,0.0
10,105,4.429708495672345,6.725446553566732,1.0,0.0,0.0,1.0,0.0,0.0
11,105,9.497200580750205,1.665151544269783,1.0,1.0,1.0,0.0,0.0,0.0
12,105,11.973653577291946,9.068774714489964,0.0,1.0,0.0,0.0,0.0,1.0
13,105,9.756038149556929,5.0376924598314,0.0,0.0,0.0,0.0,0.0,0.0
14,105,0.0,0.9655995721249916,1.0,1.0,1.0,1.0,0.0,1.0
15,105,12.0,11.711289378099256,1.0,0.0,0.0,0.0,1.0,0.0
16,105,0.0,7.159881729937546,1.0,1.0,1.0,1.0,0.0,0.0
17,105,9.529232069747724,3.855534069945352,0.0,0.0,0.0,0.0,1.0,0.0
18,105,1.1538598729090868,0.7306039020318733,0.0,0.0,1.0,1.0,0.0,1.0
19,105,5.155620538612038,3.4526437491842032,0.0,1.0,0.0,0.0,0.0,0.0
20,105,4.572002472368904,1.4021523093722232,0.0,0.0,1.0,0.0,0.0,1.0
21,105,9.20465800147926,3.701252211424505,0.0,0.0,0.0,0.0,1.0,1.0
22,105,8.715453612546861,4.11638730310197,0.0,0.0,0.0,0.0,0.0,1.0
23,105,0.9008516318107508,2.0954129427734167,1.0,1.0,0.0,0.0,0.0,1.0
24,105,9.0891763867376,3.359977345184827,0.0,0.0,0.0,1.0,1.0,1.0
25,105,3.230509011472535,5.268290900549066,0.0,0.0,0.0,1.0,0.0,0.0
26,105,6.25219422297533,0.8438373284897357,0.0,0.0,1.0,0.0,1.0,1.0
27,105,1.8883769080261297,2.78665592656188,0.0,1.0,0.0,0.0,1.0,0.0
28,105,1.9792425417199075,4.000896509097448,0.0,0.0,0.0,0.0,0.0,0.0
29,105,9.752586880411757,8.581254161176727,0.0,0.0,0.0,0.0,0.0,0.0
30,105,1.2368788702986524,1.180814858916812,1.0,0.0,1.0,0.0,1.0,0.0
31,105,5.563099244084647,8.428021967248624,0.0,1.0,0.0,0.0,0.0,0.0
32,105,11.209207991641852,1.30918720151978,0.0,1.0,1.0,1.0,1.0,1.0
33,105,0.0,3.7308891209699024,1.0,0.0,0.0,1.0,1.0,0.0
34,105,11.503378079835374,7.292134618731984,0.0,0.0,0.0,1.0,0.0,0.0
35,105,6.746446091683248,2.463330018514275,0.0,0.0,1.0,0.0,0.0,0.0
36,105,8.003660814438344,1.3928551770335127,0.0,0.0,0.0,0.0,1.0,1.0
37,105,4.8035554108953535,4.940118091780813,0.0,0.0,0.0,0.0,0.0,0.0
38,105,0.974454850650594,1.422742785686245,0.0,0.0,1.0,0.0,0.0,0.0
39,105,2.386788799024876,5.188327227588145,0.0,0.0,0.0,0.0,1.0,1.0
0,110,10.114126455423753,12.0,1.0,1.0,1.0,1.0,0.0,0.0
1,110,11.715034818108364,10.698374050279002,1.0,0.0,1.0,0.0,0.0,0.0
2,110,7.505339727986898,4.064187250417667,1.0,1.0,0.0,0.0,1.0,1.0
3,110,9.379620287274635,3.621336985033564,0.0,0.0,1.0,1.0,1.0,0.0
4,110,11.261587481107195,2.8293790573940005,0.0,0.0,0.0,0.0,0.0,0.0
5,110,5.029743397186024,11.453231801127114,0.0,1.0,0.0,0.0,1.0,0.0
6,110,5.665902500152395,3.31815553825649,0.0,1.0,0.0,1.0,0.0,0.0
7,110,0.8540005417887679,1.642028987566342,0.0,0.0,0.0,0.0,1.0,1.0
8,110,10.326006734874191,3.277336528660351,1.0,1.0,0.0,1.0,0.0,0.0
9,110,9.141737535227357,4.453828259605088,1.0,0.0,0.0,0.0,1.0,0.0
10,110,4.44126818121649,6.748683784478454,1.0,0.0,0.0,1.0,0.0,0.0
11,110,9.53431176607354,1.6869198139139172,1.0,1.0,1.0,0.0,0.0,0.0
12,110,12.0,9.06904414823187,0.0,1.0,0.0,0.0,0.0,1.0
13,110,9.76326029295142,5.0615061118436975,0.0,0.0,0.0,0.0,0.0,0.0
14,110,0.0,0.902718418969215,1.0,1.0,1.0,1.0,0.0,1.0
15,110,12.0,11.68573878921518,1.0,0.0,0.0,0.0,1.0,0.0
16,110,0.0017783913104258,7.163834734803947,1.0,1.0,1.0,1.0,0.0,0.0
17,110,9.602351463797085,3.8471347021754583,0.0,0.0,0.0,0.0,1.0,0.0
18,110,0.9809418388455182,0.7039251767226011,0.0,0.0,1.0,1.0,0.0,1.0
19,110,5.216100525716677,3.444712266648994,0.0,1.0,0.0,0.0,0.0,0.0
20,110,4.627734143373993,1.4576091938258309,0.0,0.0,1.0,0.0,0.0,1.0
21,110,9.226184982706512,3.663773234640372,0.0,0.0,0.0,0.0,1.0,1.0
22,110,8.580979705764788,3.996928618716298,0.0,0.0,0.0,0.0,0.0,1.0
23,110,0.9471381809132312,2.0553509791888653,1.0,1.0,0.0,0.0,0.0,1.0
24,110,9.141539799220412,3.33356873813386,0.0,0.0,0.0,1.0,1.0,1.0
25,110,3.2660785836629045,5.279666464037391,0.0,0.0,0.0,1.0,0.0,0.0
26,110,6.173801273927494,0.7845125573268498,0.0,0.0,1.0,0.0,1.0,1.0
27,110,1.9279142879266915,2.8161084156016587,0.0,1.0,0.0,0.0,1.0,0.0
28,110,1.9155105678276565,4.026252192817387,0.0,0.0,0.0,0.0,0.0,0.0
29,110,9.793671770674427,8.679848253802874,0.0,0.0,0.0,0.0,0.0,0.0
30,110,1.1713431942418393,1.1271248266027605,1.0,0.0,1.0,0.0,1.0,0.0
31,110,5.540216022138339,8.362619917938423,0.0,1.0,0.0,0.0,0.0,0.0
32,110,11.218139929573294,1.282403745939244,0.0,1.0,1.0,1.0,1.0,1.0
33,110,0.0,3.715619177712556,1.0,0.0,0.0,1.0,1.0,0.0
34,110,11.539667965460715,7.38957963419474,0.0,0.0,0.0,1.0,0.0,0.0
35,110,6.771725492414714,2.4419630334678835,0.0,0.0,1.0,0.0,0.0,0.0
36,110,8.006256410411712,1.4588091790017692,0.0,0.0,0.0,0.0,1.0,1.0
37,110,4.811592453135389,4.951193781511359,0.0,0.0,0.0,0.0,0.0,0.0
38,110,1.0405962533961592,1.5269415346036443,0.0,0.0,1.0,0.0,0.0,0.0
39,110,2.410840191646212,5.182004532461018,0.0,0.0,0.0,0.0,1.0,1.0
0,115,10.072451828732053,12.0,1.0,1.0,1.0,1.0,0.0,0.0
1,115,11.690037275078293,10.761910606117258,1.0,0.0,1.0,0.0,0.0,0.0
2,115,7.4856217434722705,3.995604563814326,1.0,1.0,0.0,0.0,1.0,1.0
3,115,9.40807379382314,3.595132614700259,0.0,0.0,1.0,1.0,1.0,0.0
4,115,11.271522935498009,2.8312115263011366,0.0,0.0,0.0,0.0,0.0,0.0
5,115,5.031981109804739,11.41032882295689,0.0,1.0,0.0,0.0,1.0,0.0
6,115,5.589824798999024,3.2226742946778417,0.0,1.0,0.0,1.0,0.0,0.0
7,115,0.8910789891781438,1.5809169970439374,0.0,0.0,0.0,0.0,1.0,1.0
8,115,10.432879314548137,3.3184867244169545,1.0,1.0,0.0,1.0,0.0,0.0
9,115,9.165796244964096,4.446053474471085,1.0,0.0,0.0,0.0,1.0,0.0
10,115,4.454645932674735,6.776458917249354,1.0,0.0,0.0,1.0,0.0,0.0
11,115,9.576708040946391,1.712174605951208,1.0,1.0,1.0,0.0,0.0,0.0
12,115,12.0,9.068997357202369,0.0,1.0,0.0,0.0,0.0,1.0
13,115,9.772644257853552,5.094016657902385,0.0,0.0,0.0,0.0,0.0,0.0
14,115,0.0,0.8458564841602108,1.0,1.0,1.0,1.0,0.0,1.0
15,115,12.0,11.66137051465391,1.0,0.0,0.0,0.0,1.0,0.0
16,115,0.0020288243570532,7.164406421168343,1.0,1.0,1.0,1.0,0.0,0.0
17,115,9.685573757053875,3.837597723718323,0.0,0.0,0.0,0.0,1.0,0.0
18,115,0.8006522463121819,0.6825562889135587,0.0,0.0,1.0,1.0,0.0,1.0
19,115,5.269753175924652,3.438103711017234,0.0,1.0,0.0,0.0,0.0,0.0
20,115,4.699045634495312,1.5250016168210243,0.0,0.0,1.0,0.0,0.0,1.0
21,115,9.246086561156371,3.6302551660134,0.0,0.0,0.0,0.0,1.0,1.0
22,115,8.439947198980002,3.875651426496369,0.0,0.0,0.0,0.0,0.0,1.0
23,115,0.9905311460798528,2.0174423483616875,1.0,1.0,0.0,0.0,0.0,1.0
24,115,9.20249507753182,3.30114645316405,0.0,0.0,0.0,1.0,1.0,1.0
25,115,3.303541376595572,5.291560780582511,0.0,0.0,0.0,1.0,0.0,0.0
26,115,6.101889011063639,0.7326065678616593,0.0,0.0,1.0,0.0,1.0,1.0
27,115,1.952110615525142,2.8343152330606363,0.0,1.0,0.0,0.0,1.0,0.0
28,115,1.84394958011588,4.057951280020624,0.0,0.0,0.0,0.0,0.0,0.0
29,115,9.833035554356616,8.775102124057096,0.0,0.0,0.0,0.0,0.0,0.0
30,115,1.101455491978106,1.0719591389322085,1.0,0.0,1.0,0.0,1.0,0.0
31,115,5.519826620032936,8.303051400981436,0.0,1.0,0.0,0.0,0.0,0.0
32,115,11.22100040720301,1.273570961666609,0.0,1.0,1.0,1.0,1.0,1.0
33,115,0.0,3.6994487027848457,1.0,0.0,0.0,1.0,1.0,0.0
34,115,11.572282720028223,7.470390502276956,0.0,0.0,0.0,1.0,0.0,0.0
35,115,6.796817233527619,2.421422426754911,0.0,0.0,1.0,0.0,0.0,0.0
36,115,8.008346052934137,1.5194058625199394,0.0,0.0,0.0,0.0,1.0,1.0
37,115,4.80716530402273,4.94525925341319,0.0,0.0,0.0,0.0,0.0,0.0
38,115,1.107264328976135,1.633097977470927,0.0,0.0,1.0,0.0,0.0,0.0
39,115,2.442703095508296,5.172450900459617,0.0,0.0,0.0,0.0,1.0,1.0
0,120,10.027551990101236,12.0,1.0,1.0,1.0,1.0,0.0,0.0
1,120,11.663933660017184,10.826746067481324,1.0,0.0,1.0,0.0,0.0,0.0
2,120,7.462367443209052,3.918294092779887,1.0,1.0,0.0,0.0,1.0,1.0
3,120,9.432736244454135,3.573237461062626,0.0,0.0,1.0,1.0,1.0,0.0
4,120,11.281952862694736,2.833250186794249,0.0,0.0,0.0,0.0,0.0,0.0
5,120,5.034071179954787,11.375427987233095,0.0,1.0,0.0,0.0,1.0,0.0
6,120,5.517220142054571,3.1268218941395904,0.0,1.0,0.0,1.0,0.0,0.0
7,120,0.9266626769061056,1.5218665377863538,0.0,0.0,0.0,0.0,1.0,1.0
8,120,10.553349381492694,3.365305185131584,1.0,1.0,0.0,1.0,0.0,0.0
9,120,9.179899297130472,4.441091952082767,1.0,0.0,0.0,0.0,1.0,0.0
10,120,4.473839859231616,6.816125178239612,1.0,0.0,0.0,1.0,0.0,0.0
11,120,9.620933392412756,1.7379188842311606,1.0,1.0,1.0,0.0,0.0,0.0
12,120,12.0,9.068704830934214,0.0,1.0,0.0,0.0,0.0,1.0
13,120,9.785437002777428,5.133815200954045,0.0,0.0,0.0,0.0,0.0,0.0
14,120,0.0,0.769166891376865,1.0,1.0,1.0,1.0,0.0,1.0
15,120,12.0,11.643741369564331,1.0,0.0,0.0,0.0,1.0,0.0
16,120,0.0,7.167897696055071,1.0,1.0,1.0,1.0,0.0,0.0
17,120,9.768884883109632,3.827967179943319,0.0,0.0,0.0,0.0,1.0,0.0
18,120,0.6216309532174195,0.6634481837046514,0.0,0.0,1.0,1.0,0.0,1.0
19,120,5.321148348870334,3.4340069293987017,0.0,1.0,0.0,0.0,0.0,0.0
20,120,4.77124949872751,1.5934150109532013,0.0,0.0,1.0,0.0,0.0,1.0
21,120,9.26255921094573,3.602858442458767,0.0,0.0,0.0,0.0,1.0,1.0
22,120,8.309207679256966,3.7594689494052447,0.0,0.0,0.0,0.0,0.0,1.0
23,120,1.0548085073739086,1.9641801289050147,1.0,1.0,0.0,0.0,0.0,1.0
24,120,9.268211496257132,3.266783976882774,0.0,0.0,0.0,1.0,1.0,1.0
25,120,3.3317466511422333,5.299413835088171,0.0,0.0,0.0,1.0,0.0,0.0
26,120,6.037048938216659,0.6845892038762204,0.0,0.0,1.0,0.0,1.0,1.0
27,120,1.975782512726152,2.851479312824932,0.0,1.0,0.0,0.0,1.0,0.0
28,120,1.7520815338772229,4.095901601507582,0.0,0.0,0.0,0.0,0.0,0.0
29,120,9.874763971769166,8.877899438416346,0.0,0.0,0.0,0.0,0.0,0.0
30,120,1.0438671999804396,1.027699314405926,1.0,0.0,1.0,0.0,1.0,0.0
31,120,5.500653813826963,8.254803434127084,0.0,1.0,0.0,0.0,0.0,0.0
32,120,11.232007110070532,1.2397951968383043,0.0,1.0,1.0,1.0,1.0,1.0
33,120,0.0,3.68297845396568,1.0,0.0,0.0,1.0,1.0,0.0
34,120,11.596095086224986,7.531693260760828,0.0,0.0,0.0,1.0,0.0,0.0
35,120,6.812300191004501,2.409343643765917,0.0,0.0,1.0,0.0,0.0,0.0
36,120,8.012307714536021,1.600903196276565,0.0,0.0,0.0,0.0,1.0,1.0
37,120,4.80817761912615,4.946627279985299,0.0,0.0,0.0,0.0,0.0,0.0
38,120,1.1847079325749938,1.745992902167235,0.0,0.0,1.0,0.0,0.0,0.0
39,120,2.4723449376889604,5.163336587300373,0.0,0.0,0.0,0.0,1.0,1.0
0,125,9.98973292785703,12.0,1.0,1.0,1.0,1.0,0.0,0.0
1,125,11.639871067567478,10.890089558559708,1.0,0.0,1.0,0.0,0.0,0.0
2,125,7.437509466161825,3.834934651033632,1.0,1.0,0.0,0.0,1.0,1.0
3,125,9.46078074995673,3.5495788109605333,0.0,0.0,1.0,1.0,1.0,0.0
4,125,11.306685340381913,2.8385867436799463,0.0,0.0,0.0,0.0,0.0,0.0
5,125,5.036435800465905,11.328100868745882,0.0,1.0,0.0,0.0,1.0,0.0
6,125,5.43898302028626,3.027091021286956,0.0,1.0,0.0,1.0,0.0,0.0
7,125,0.9676419282836776,1.4560892196698023,0.0,0.0,0.0,0.0,1.0,1.0
8,125,10.67303009601983,3.411858199822808,1.0,1.0,0.0,1.0,0.0,0.0
9,125,9.191149862656223,4.437177402003513,1.0,0.0,0.0,0.0,1.0,0.0
10,125,4.5051564941169975,6.879503934165077,1.0,0.0,0.0,1.0,0.0,0.0
11,125,9.684664396148184,1.774475542752059,1.0,1.0,1.0,0.0,0.0,0.0
12,125,12.0,9.068594036454826,0.0,1.0,0.0,0.0,0.0,1.0
13,125,9.796675144002952,5.170093765273665,0.0,0.0,0.0,0.0,0.0,0.0
14,125,0.0,0.6908485351194983,1.0,1.0,1.0,1.0,0.0,1.0
15,125,12.0,11.624866827389578,1.0,0.0,0.0,0.0,1.0,0.0
16,125,0.0023406669573163,7.166800816937857,1.0,1.0,1.0,1.0,0.0,0.0
17,125,9.760120647995514,3.752327477392159,0.0,0.0,0.0,0.0,1.0,0.0
18,125,0.4501604815181455,0.6467891487492015,0.0,0.0,1.0,1.0,0.0,1.0
19,125,5.388126521770038,3.430937581733285,0.0,1.0,0.0,0.0,0.0,0.0
20,125,4.838785130277682,1.6556761704615377,0.0,0.0,1.0,0.0,0.0,1.0
21,125,9.27165941915418,3.587934947281663,0.0,0.0,0.0,0.0,1.0,1.0
22,125,8.181707168201335,3.643649819247005,0.0,0.0,0.0,0.0,0.0,1.0
23,125,1.1050983138016328,1.9237542953185487,1.0,1.0,0.0,0.0,0.0,1.0
24,125,9.331248684301142,3.2326623101856087,0.0,0.0,0.0,1.0,1.0,1.0
25,125,3.3606143482287303,5.307980007135782,0.0,0.0,0.0,1.0,0.0,0.0
26,125,5.9882494319365165,0.6493981056974333,0.0,0.0,1.0,0.0,1.0,1.0
27,125,1.987373621567457,2.860088809635421,0.0,1.0,0.0,0.0,1.0,0.0
28,125,1.650941101581423,4.138327338465529,0.0,0.0,0.0,0.0,0.0,0.0
29,125,9.916461958766403,8.976224374188362,0.0,0.0,0.0,0.0,0.0,0.0
30,125,0.9744101375773832,0.9705592371836022,1.0,0.0,1.0,0.0,1.0,0.0
31,125,5.477475074741444,8.199405097835802,0.0,1.0,0.0,0.0,0.0,0.0
32,125,11.239091551019811,1.215647045412884,0.0,1.0,1.0,1.0,1.0,1.0
33,125,0.0,3.66865804506956,1.0,0.0,0.0,1.0,1.0,0.0
34,125,11.61234447910459,7.573042851540969,0.0,0.0,0.0,1.0,0.0,0.0
35,125,6.839489321312565,2.388960269783701,0.0,0.0,1.0,0.0,0.0,0.0
36,125,8.016468044285906,1.678081852390566,0.0,0.0,0.0,0.0,1.0,1.0
37,125,4.805927806065319,4.943478067178208,0.0,0.0,0.0,0.0,0.0,0.0
38,125,1.252888621326326,1.8476928985907908,0.0,0.0,1.0,0.0,0.0,0.0
39,125,2.50067126833316,5.154545938105455,0.0,0.0,0.0,0.0,1.0,1.0
0,130,9.95584192188321,12.0,1.0,1.0,1.0,1.0,0.0,0.0
1,130,11.622399898687382,10.937621957011435,1.0,0.0,1.0,0.0,0.0,0.0
2,130,7.405819427175815,3.739667177784004,1.0,1.0,0.0,0.0,1.0,1.0
3,130,9.487917533542497,3.526018140037193,0.0,0.0,1.0,1.0,1.0,0.0
4,130,11.328264849707647,2.843124061491372,0.0,0.0,0.0,0.0,0.0,0.0
5,130,5.038502926113324,11.2784198822499,0.0,1.0,0.0,0.0,1.0,0.0
6,130,5.36091185440564,2.9292761941441805,0.0,1.0,0.0,1.0,0.0,0.0
7,130,1.0131916351837127,1.385641902077032,0.0,0.0,0.0,0.0,1.0,1.0
8,130,10.810999643192549,3.4648794142353143,1.0,1.0,0.0,1.0,0.0,0.0
9,130,9.20687675227003,4.431303480538933,1.0,0.0,0.0,0.0,1.0,0.0
10,130,4.533704417702044,6.937616820400344,1.0,0.0,0.0,1.0,0.0,0.0
11,130,9.73072015026172,1.8007163841261669,1.0,1.0,1.0,0.0,0.0,0.0
12,130,12.0,9.06774053064214,0.0,1.0,0.0,0.0,0.0,1.0
13,130,9.806599578664777,5.201903495802812,0.0,0.0,0.0,0.0,0.0,0.0
14,130,0.0,0.6313745709953331,1.0,1.0,1.0,1.0,0.0,1.0
15,130,12.0,11.606272233059562,1.0,0.0,0.0,0.0,1.0,0.0
16,130,0.0154713291374212,7.1606309159077455,1.0,1.0,1.0,1.0,0.0,0.0
17,130,9.749668574877418,3.664599824972291,0.0,0.0,0.0,0.0,1.0,0.0
18,130,0.2767874951604958,0.6301586180923608,0.0,0.0,1.0,1.0,0.0,1.0
19,130,5.455951285502743,3.42913834536059,0.0,1.0,0.0,0.0,0.0,0.0
20,130,4.900951285045285,1.7136099630906911,0.0,0.0,1.0,0.0,0.0,1.0
21,130,9.277636132592532,3.577852717781008,0.0,0.0,0.0,0.0,1.0,1.0
22,130,8.065263311987719,3.53481822987016,0.0,0.0,0.0,0.0,0.0,1.0
23,130,1.156034649578403,1.882831899925545,1.0,1.0,0.0,0.0,0.0,1.0
24,130,9.372013857694574,3.2112466196941334,0.0,0.0,0.0,1.0,1.0,1.0
25,130,3.3852135428089265,5.315975829773581,0.0,0.0,0.0,1.0,0.0,0.0
26,130,5.949522031031038,0.6206217610073003,0.0,0.0,1.0,0.0,1.0,1.0
27,130,2.0018612264751496,2.871103987138349,0.0,1.0,0.0,0.0,1.0,0.0
28,130,1.5530068624994482,4.181538816627879,0.0,0.0,0.0,0.0,0.0,0.0
29,130,9.960253123308872,9.07368983619057,0.0,0.0,0.0,0.0,0.0,0.0
30,130,0.918867826771444,0.926724113852378,1.0,0.0,1.0,0.0,1.0,0.0
31,130,5.448767908248167,8.13709443565564,0.0,1.0,0.0,0.0,0.0,0.0
32,130,11.243804409046566,1.198896746951516,0.0,1.0,1.0,1.0,1.0,1.0
33,130,0.0,3.65781162450296,1.0,0.0,0.0,1.0,1.0,0.0
34,130,11.629964630319703,7.618904604879889,0.0,0.0,0.0,1.0,0.0,0.0
35,130,6.851643653957571,2.380142986445628,0.0,0.0,1.0,0.0,0.0,0.0
36,130,8.020734656908235,1.753582224463503,0.0,0.0,0.0,0.0,1.0,1.0
37,130,4.8086610034944215,4.947397749277165,0.0,0.0,0.0,0.0,0.0,0.0
38,130,1.3221753992364322,1.9468888273394815,0.0,0.0,1.0,0.0,0.0,0.0
39,130,2.528528735019008,5.145227412907819,0.0,0.0,0.0,0.0,1.0,1.0
0,135,9.915858347436531,12.0,1.0,1.0,1.0,1.0,0.0,0.0
1,135,11.60837249069857,10.971378150267382,1.0,0.0,1.0,0.0,0.0,0.0
2,135,7.369692243257915,3.634652862571048,1.0,1.0,0.0,0.0,1.0,1.0
3,135,9.518655355047024,3.4982563331725096,0.0,0.0,1.0,1.0,1.0,0.0
4,135,11.34737456573684,2.8471925452283458,0.0,0.0,0.0,0.0,0.0,0.0
5,135,5.040809786835879,11.213764768226078,0.0,1.0,0.0,0.0,1.0,0.0
6,135,5.27449089103636,2.8231600469385016,0.0,1.0,0.0,1.0,0.0,0.0
7,135,1.0539771489584324,1.3235056863991164,0.0,0.0,0.0,0.0,1.0,1.0
8,135,10.941267234921185,3.5145898267427804,1.0,1.0,0.0,1.0,0.0,0.0
9,135,9.217766113216868,4.427107450535064,1.0,0.0,0.0,0.0,1.0,0.0
10,135,4.56231469861554,6.996366012585718,1.0,0.0,0.0,1.0,0.0,0.0
11,135,9.765788162292926,1.8208638443803191,1.0,1.0,1.0,0.0,0.0,0.0
12,135,12.0,9.066497768353717,0.0,1.0,0.0,0.0,0.0,1.0
13,135,9.826142869029738,5.270052063919821,0.0,0.0,0.0,0.0,0.0,0.0
14,135,0.0,0.5766049877203312,1.0,1.0,1.0,1.0,0.0,1.0
15,135,12.0,11.5840365830737,1.0,0.0,0.0,0.0,1.0,0.0
16,135,0.0109533789499995,7.162764962056751,1.0,1.0,1.0,1.0,0.0,0.0
17,135,9.737604492488408,3.5670005769071755,0.0,0.0,0.0,0.0,1.0,0.0
18,135,0.1081990675834129,0.6108587208190737,0.0,0.0,1.0,1.0,0.0,1.0
19,135,5.514384938339374,3.424976895690845,0.0,1.0,0.0,0.0,0.0,0.0
20,135,4.9611587402438655,1.7733048613840674,0.0,0.0,1.0,0.0,0.0,1.0
21,135,9.285494012843206,3.5646970451126423,0.0,0.0,0.0,0.0,1.0,1.0
22,135,7.940518449339664,3.4246001607592995,0.0,0.0,0.0,0.0,0.0,1.0
23,135,1.208295850849367,1.841861606994492,1.0,1.0,0.0,0.0,0.0,1.0
24,135,9.42345169387846,3.1853026878759514,0.0,0.0,0.0,1.0,1.0,1.0
25,135,3.434164273192302,5.3328323357081455,0.0,0.0,0.0,1.0,0.0,0.0
26,135,5.9180309016447,0.5974992239038902,0.0,0.0,1.0,0.0,1.0,1.0
27,135,2.010705223080205,2.8779560102625044,0.0,1.0,0.0,0.0,1.0,0.0
28,135,1.455412147716606,4.22508007585681,0.0,0.0,0.0,0.0,0.0,0.0
29,135,10.006135271583997,9.16437408483599,0.0,0.0,0.0,0.0,0.0,0.0
30,135,0.8505615647211132,0.8705699663803478,1.0,0.0,1.0,0.0,1.0,0.0
31,135,5.416787374549521,8.068435051944123,0.0,1.0,0.0,0.0,0.0,0.0
32,135,11.24410802583629,1.197642948048762,0.0,1.0,1.0,1.0,1.0,1.0
33,135,0.0,3.648124766111137,1.0,0.0,0.0,1.0,1.0,0.0
34,135,11.64613387054942,7.662421650786245,0.0,0.0,0.0,1.0,0.0,0.0
35,135,6.867534998022362,2.369139291167824,0.0,0.0,1.0,0.0,0.0,0.0
36,135,8.02442819604358,1.8221177550638044,0.0,0.0,0.0,0.0,1.0,1.0
37,135,4.827420005247486,4.974810310271063,0.0,0.0,0.0,0.0,0.0,0.0
38,135,1.3979547281903892,2.061534157595845,0.0,0.0,1.0,0.0,0.0,0.0
39,135,2.5588694593537893,5.135435719310697,0.0,0.0,0.0,0.0,1.0,1.0
0,140,9.87432005184751,12.0,1.0,1.0,1.0,1.0,0.0,0.0
1,140,11.585264522107389,11.027305035814894,1.0,0.0,1.0,0.0,0.0,0.0
2,140,7.333875775866972,3.527540617877725,1.0,1.0,0.0,0.0,1.0,1.0
3,140,9.55515485249238,3.465990368812805,0.0,0.0,1.0,1.0,1.0,0.0
4,140,11.349603997784378,2.847653170394233,0.0,0.0,0.0,0.0,0.0,0.0
5,140,5.045264971575177,11.136128879246032,0.0,1.0,0.0,0.0,1.0,0.0
6,140,5.200148298431515,2.728960380016449,0.0,1.0,0.0,1.0,0.0,0.0
7,140,1.1066589265842477,1.2436751408889937,0.0,0.0,0.0,0.0,1.0,1.0
8,140,11.092804916890346,3.5666813515459115,1.0,1.0,0.0,1.0,0.0,0.0
9,140,9.21379062558968,4.428671628032923,1.0,0.0,0.0,0.0,1.0,0.0
10,140,4.57841866985973,7.030356231811095,1.0,0.0,0.0,1.0,0.0,0.0
11,140,9.790741642359084,1.8348322232060372,1.0,1.0,1.0,0.0,0.0,0.0
12,140,12.0,9.065951245012805,0.0,1.0,0.0,0.0,0.0,1.0
13,140,9.84174399621364,5.323208635575606,0.0,0.0,0.0,0.0,0.0,0.0
14,140,0.0,0.5374917609606694,1.0,1.0,1.0,1.0,0.0,1.0
15,140,12.0,11.563608812631434,1.0,0.0,0.0,0.0,1.0,0.0
16,140,0.0021703200851367,7.166918751760331,1.0,1.0,1.0,1.0,0.0,0.0
17,140,9.718071238214533,3.434954405712637,0.0,0.0,0.0,0.0,1.0,0.0
18,140,0.0,0.5942142154867776,0.0,0.0,1.0,1.0,0.0,1.0
19,140,5.581197403291028,3.421121478948184,0.0,1.0,0.0,0.0,0.0,0.0
20,140,5.0195963549870335,1.831849137788408,0.0,0.0,1.0,0.0,0.0,1.0
21,140,9.294630159944829,3.548734823506193,0.0,0.0,0.0,0.0,1.0,1.0
22,140,7.836939557205537,3.331226463366768,0.0,0.0,0.0,0.0,0.0,1.0
23,140,1.2539103424662537,1.8059597806594248,1.0,1.0,0.0,0.0,0.0,1.0
24,140,9.474961374009968,3.161338582999646,0.0,0.0,0.0,1.0,1.0,1.0
25,140,3.493279712082366,5.353410116874767,0.0,0.0,0.0,1.0,0.0,0.0
26,140,5.87669646391184,0.5658282112984442,0.0,0.0,1.0,0.0,1.0,1.0
27,140,2.029939503395892,2.8927985295420964,0.0,1.0,0.0,0.0,1.0,0.0
28,140,1.3740638495704742,4.260258581724907,0.0,0.0,0.0,0.0,0.0,0.0
29,140,10.043907196604508,9.238295895805466,0.0,0.0,0.0,0.0,0.0,0.0
30,140,0.7851622258076212,0.8178971107786202,1.0,0.0,1.0,0.0,1.0,0.0
31,140,5.38460298731934,7.998443722730025,0.0,1.0,0.0,0.0,0.0,0.0
32,140,11.241707011487282,1.2072881889902407,0.0,1.0,1.0,1.0,1.0,1.0
33,140,0.0,3.636696725485277,1.0,0.0,0.0,1.0,1.0,0.0
34,140,11.663503604911904,7.708024992759891,0.0,0.0,0.0,1.0,0.0,0.0
35,140,6.88269857752462,2.3586400776952896,0.0,0.0,1.0,0.0,0.0,0.0
36,140,8.029427968168488,1.8915323110760052,0.0,0.0,0.0,0.0,1.0,1.0
37,140,4.850776982136215,5.008040841243364,0.0,0.0,0.0,0.0,0.0,0.0
38,140,1.477466573079487,2.183612566913784,0.0,0.0,1.0,0.0,0.0,0.0
39,140,2.581809029764269,5.127710452951754,0.0,0.0,0.0,0.0,1.0,1.0
0,145,9.834038719033064,12.0,1.0,1.0,1.0,1.0,0.0,0.0
1,145,11.555945669913324,11.093753494036408,1.0,0.0,1.0,0.0,0.0,0.0
2,145,7.301032683384777,3.4365323981994016,1.0,1.0,0.0,0.0,1.0,1.0
3,145,9.60503660556804,3.4220892287412643,0.0,0.0,1.0,1.0,1.0,0.0
4,145,11.33223110065448,2.84406967238957,0.0,0.0,0.0,0.0,0.0,0.0
5,145,5.049352174303847,11.072116804309012,0.0,1.0,0.0,0.0,1.0,0.0
6,145,5.140028087444316,2.651590916568745,0.0,1.0,0.0,1.0,0.0,0.0
7,145,1.1578894538923268,1.1675408331155674,0.0,0.0,0.0,0.0,1.0,1.0
8,145,11.252547826859605,3.6223705282333,1.0,1.0,0.0,1.0,0.0,0.0
9,145,9.205476365532796,4.431791797073456,1.0,0.0,0.0,0.0,1.0,0.0
10,145,4.60322368609664,7.08301256790958,1.0,0.0,0.0,1.0,0.0,0.0
11,145,9.82283157962484,1.853123249745712,1.0,1.0,1.0,0.0,0.0,0.0
12,145,12.0,9.065433985871913,0.0,1.0,0.0,0.0,0.0,1.0
13,145,9.856414160424064,5.372632483386455,0.0,0.0,0.0,0.0,0.0,0.0
14,145,0.0,0.5021955707877477,1.0,1.0,1.0,1.0,0.0,1.0
15,145,12.0,11.546988210467696,1.0,0.0,0.0,0.0,1.0,0.0
16,145,0.0,7.170035429787632,1.0,1.0,1.0,1.0,0.0,0.0
17,145,9.69874097110764,3.283999809458252,0.0,0.0,0.0,0.0,1.0,0.0
18,145,0.0,0.5733043094224064,0.0,0.0,1.0,1.0,0.0,1.0
19,145,5.6415786239525225,3.4169819369940897,0.0,1.0,0.0,0.0,0.0,0.0
20,145,5.0753695899737945,1.8880575047250243,0.0,0.0,1.0,0.0,0.0,1.0
21,145,9.300987366042795,3.5375153286452146,0.0,0.0,0.0,0.0,1.0,1.0
22,145,7.727127943400847,3.235592434016624,0.0,0.0,0.0,0.0,0.0,1.0
23,145,1.2957463287405908,1.7709566946421125,1.0,1.0,0.0,0.0,0.0,1.0
24,145,9.52772340303272,3.136341540688661,0.0,0.0,0.0,1.0,1.0,1.0
25,145,3.546072611633791,5.372251058336089,0.0,0.0,0.0,1.0,0.0,0.0
26,145,5.834268791363956,0.5337439135490082,0.0,0.0,1.0,0.0,1.0,1.0
27,145,2.04971282333962,2.908639106484306,0.0,1.0,0.0,0.0,1.0,0.0
28,145,1.28967721955914,4.296987589861508,0.0,0.0,0.0,0.0,0.0,0.0
29,145,10.0737361517805,9.299193381514582,0.0,0.0,0.0,0.0,0.0,0.0
30,145,0.7217213447080234,0.7697811264886278,1.0,0.0,1.0,0.0,1.0,0.0
31,145,5.359782830102906,7.946855715308822,0.0,1.0,0.0,0.0,0.0,0.0
32,145,11.23798301251224,1.224044230826011,0.0,1.0,1.0,1.0,1.0,1.0
33,145,0.0,3.622949030836112,1.0,0.0,0.0,1.0,1.0,0.0
34,145,11.67183928760908,7.730615192238095,0.0,0.0,0.0,1.0,0.0,0.0
35,145,6.874460584996442,2.3642526847147067,0.0,0.0,1.0,0.0,0.0,0.0
36,145,8.03398524477189,1.9560099932332613,0.0,0.0,0.0,0.0,1.0,1.0
37,145,4.871811280021897,5.037831561455315,0.0,0.0,0.0,0.0,0.0,0.0
38,145,1.5672694650232657,2.324211860706455,0.0,0.0,1.0,0.0,0.0,0.0
39,145,2.611416172413578,5.118287219393644,0.0,0.0,0.0,0.0,1.0,1.0
0,150,9.787003891299474,12.0,1.0,1.0,1.0,1.0,0.0,0.0
1,150,11.514558961201658,11.19144965809221,1.0,0.0,1.0,0.0,0.0,0.0
2,150,7.258815775871194,3.3254460227007563,1.0,1.0,0.0,0.0,1.0,1.0
3,150,9.646321305945357,3.3866591966488198,0.0,0.0,1.0,1.0,1.0,0.0
4,150,11.337824887877078,2.845189309893556,0.0,0.0,0.0,0.0,0.0,0.0
5,150,5.054055531694919,11.001298311830007,0.0,1.0,0.0,0.0,1.0,0.0
6,150,5.071478259808217,2.5693344427728158,0.0,1.0,0.0,1.0,0.0,0.0
7,150,1.21042534006301,1.0860892007890877,0.0,0.0,0.0,0.0,1.0,1.0
8,150,11.44215477448028,3.683822754739707,1.0,1.0,0.0,1.0,0.0,0.0
9,150,9.18572013833551,4.439173768203592,1.0,0.0,0.0,0.0,1.0,0.0
10,150,4.630336455102269,7.140458969170855,1.0,0.0,0.0,1.0,0.0,0.0
11,150,9.869040955848588,1.8800718377428696,1.0,1.0,1.0,0.0,0.0,0.0
12,150,12.0,9.065282004232298,0.0,1.0,0.0,0.0,0.0,1.0
13,150,9.870701606985438,5.420901310951277,0.0,0.0,0.0,0.0,0.0,0.0
14,150,0.0,0.4924058353928284,1.0,1.0,1.0,1.0,0.0,1.0
15,150,12.0,11.520523710223452,1.0,0.0,0.0,0.0,1.0,0.0
16,150,0.0,7.17364394995226,1.0,1.0,1.0,1.0,0.0,0.0
17,150,9.684173378695494,3.146398378127761,0.0,0.0,0.0,0.0,1.0,0.0
18,150,0.0,0.5507483792652715,0.0,0.0,1.0,1.0,0.0,1.0
19,150,5.690397657316369,3.413652242397433,0.0,1.0,0.0,0.0,0.0,0.0
20,150,5.127716174591599,1.9418048420727227,0.0,0.0,1.0,0.0,0.0,1.0
21,150,9.304497402543442,3.531786773743589,0.0,0.0,0.0,0.0,1.0,1.0
22,150,7.634061946514134,3.1479433783834576,0.0,0.0,0.0,0.0,0.0,1.0
23,150,1.343800081409049,1.7277135280098976,1.0,1.0,0.0,0.0,0.0,1.0
24,150,9.56641124516012,3.1182253321475613,0.0,0.0,0.0,1.0,1.0,1.0
25,150,3.6026516365529075,5.392177936450712,0.0,0.0,0.0,1.0,0.0,0.0
26,150,5.796514967458967,0.5049952026840882,0.0,0.0,1.0,0.0,1.0,1.0
27,150,2.0633291230845243,2.9200969105559245,0.0,1.0,0.0,0.0,1.0,0.0
28,150,1.2148066119330496,4.328455250410123,0.0,0.0,0.0,0.0,0.0,0.0
29,150,10.10051603047044,9.3510823760841,0.0,0.0,0.0,0.0,0.0,0.0
30,150,0.6694000219314776,0.7275391715035536,1.0,0.0,1.0,0.0,1.0,0.0
31,150,5.327737407152979,7.8803861338620305,0.0,1.0,0.0,0.0,0.0,0.0
32,150,11.234222396209155,1.2394125646425775,0.0,1.0,1.0,1.0,1.0,1.0
33,150,0.0,3.609137931674864,1.0,0.0,0.0,1.0,1.0,0.0
34,150,11.684237876299672,7.767954709786523,0.0,0.0,0.0,1.0,0.0,0.0
35,150,6.875919178585366,2.3633022356392592,0.0,0.0,1.0,0.0,0.0,0.0
36,150,8.040045457085872,2.015947636630731,0.0,0.0,0.0,0.0,1.0,1.0
37,150,4.890469267319354,5.064051044856028,0.0,0.0,0.0,0.0,0.0,0.0
38,150,1.6511591340218572,2.463518881793409,0.0,0.0,1.0,0.0,0.0,0.0
39,150,2.643047602537582,5.108381896520534,0.0,0.0,0.0,0.0,1.0,1.0
0,155,9.7518921791003,12.0,1.0,1.0,1.0,1.0,0.0,0.0
1,155,11.4810547182772,11.273264197762586,1.0,0.0,1.0,0.0,0.0,0.0
2,155,7.223155141650595,3.2263785387364496,1.0,1.0,0.0,0.0,1.0,1.0
3,155,9.6915862517003,3.349286368973993,0.0,0.0,1.0,1.0,1.0,0.0
4,155,11.344647682567205,2.8463271052577896,0.0,0.0,0.0,0.0,0.0,0.0
5,155,5.117009623275329,11.004534395637505,0.0,1.0,0.0,0.0,1.0,0.0
6,155,4.991734601887114,2.47615453209799,0.0,1.0,0.0,1.0,0.0,0.0
7,155,1.2692724834641589,0.99636452028763,0.0,0.0,0.0,0.0,1.0,1.0
8,155,11.64217021589798,3.744872142209464,1.0,1.0,0.0,1.0,0.0,0.0
9,155,9.158018423139303,4.449241416097395,1.0,0.0,0.0,0.0,1.0,0.0
10,155,4.658211062290315,7.197844190167375,1.0,0.0,0.0,1.0,0.0,0.0
11,155,9.92443955655261,1.9129625704272488,1.0,1.0,1.0,0.0,0.0,0.0
12,155,12.0,9.06588355201087,0.0,1.0,0.0,0.0,0.0,1.0
13,155,9.884826823864609,5.465269208327333,0.0,0.0,0.0,0.0,0.0,0.0
14,155,0.0,0.484054998364173,1.0,1.0,1.0,1.0,0.0,1.0
15,155,12.0,11.493778341546005,1.0,0.0,0.0,0.0,1.0,0.0
16,155,0.0,7.17536550813515,1.0,1.0,1.0,1.0,0.0,0.0
17,155,9.673557208806011,2.99673036254818,0.0,0.0,0.0,0.0,1.0,0.0
18,155,0.0,0.5275945879570191,0.0,0.0,1.0,1.0,0.0,1.0
19,155,5.736411824474281,3.41063207214172,0.0,1.0,0.0,0.0,0.0,0.0
20,155,5.179718132851037,1.9964071854216827,0.0,0.0,1.0,0.0,0.0,1.0
21,155,9.296110863374906,3.545503317456544,0.0,0.0,0.0,0.0,1.0,1.0
22,155,7.540337159838565,3.0608243769467744,0.0,0.0,0.0,0.0,0.0,1.0
23,155,1.399785054026747,1.6774463205153862,1.0,1.0,0.0,0.0,0.0,1.0
24,155,9.631204143024318,3.085451222593278,0.0,0.0,0.0,1.0,1.0,1.0
25,155,3.6570930495151774,5.4137333538753225,0.0,0.0,0.0,1.0,0.0,0.0
26,155,5.741348931255942,0.4637550305294152,0.0,0.0,1.0,0.0,1.0,1.0
27,155,2.0799324677910938,2.933726315170964,0.0,1.0,0.0,0.0,1.0,0.0
28,155,1.1559001179424249,4.352080467394111,0.0,0.0,0.0,0.0,0.0,0.0
29,155,10.126703673944943,9.397060423437251,0.0,0.0,0.0,0.0,0.0,0.0
30,155,0.6162102211772512,0.6821576590576712,1.0,0.0,1.0,0.0,1.0,0.0
31,155,5.292593399462491,7.805595916422567,0.0,1.0,0.0,0.0,0.0,0.0
32,155,11.22650594613008,1.268672744077352,0.0,1.0,1.0,1.0,1.0,1.0
33,155,0.0,3.5973951934693638,1.0,0.0,0.0,1.0,1.0,0.0
34,155,11.693471702290577,7.801110543197074,0.0,0.0,0.0,1.0,0.0,0.0
35,155,6.887381255835005,2.3809005701680355,0.0,0.0,1.0,0.0,0.0,0.0
36,155,8.044816590913005,2.0619163308816275,0.0,0.0,0.0,0.0,1.0,1.0
37,155,4.896307423722516,5.072384779783894,0.0,0.0,0.0,0.0,0.0,0.0
38,155,1.730297763824048,2.6018188382289824,0.0,0.0,1.0,0.0,0.0,0.0
39,155,2.6641100076557764,5.101752993268508,0.0,0.0,0.0,0.0,1.0,1.0
0,160,9.717423859869928,12.0,1.0,1.0,1.0,1.0,0.0,0.0
1,160,11.45020325548534,11.353277407649182,1.0,0.0,1.0,0.0,0.0,0.0
2,160,7.197221289996002,3.1537531389223523,1.0,1.0,0.0,0.0,1.0,1.0
3,160,9.731312802964476,3.397852108475356,0.0,0.0,1.0,1.0,1.0,0.0
4,160,11.325362941868002,2.842703746481106,0.0,0.0,0.0,0.0,0.0,0.0
5,160,5.190912113648992,11.005995003416905,0.0,1.0,0.0,0.0,1.0,0.0
6,160,4.915814885649978,2.390147855997684,0.0,1.0,0.0,1.0,0.0,0.0
7,160,1.3221297790919273,0.9160790336230576,0.0,0.0,0.0,0.0,1.0,1.0
8,160,11.83317216064836,3.798714371833972,1.0,1.0,0.0,1.0,0.0,0.0
9,160,9.133454679461304,4.457636777790699,1.0,0.0,0.0,0.0,1.0,0.0
10,160,4.689229147360648,7.264390697802163,1.0,0.0,0.0,1.0,0.0,0.0
11,160,9.981823030119465,1.949606506900995,1.0,1.0,1.0,0.0,0.0,0.0
12,160,12.0,9.066773125750482,0.0,1.0,0.0,0.0,0.0,1.0
13,160,9.903528239452244,5.525342132378229,0.0,0.0,0.0,0.0,0.0,0.0
14,160,0.0,0.4757478556227349,1.0,1.0,1.0,1.0,0.0,1.0
15,160,12.0,11.462803234333656,1.0,0.0,0.0,0.0,1.0,0.0
16,160,0.0,7.176281948852729,1.0,1.0,1.0,1.0,0.0,0.0
17,160,9.65700853919593,2.847360676953428,0.0,0.0,0.0,0.0,1.0,0.0
18,160,0.0,0.5093416227825786,0.0,0.0,1.0,1.0,0.0,1.0
19,160,5.794601322593121,3.405945228359902,0.0,1.0,0.0,0.0,0.0,0.0
20,160,5.227137355805015,2.048130394566388,0.0,0.0,1.0,0.0,0.0,1.0
21,160,9.281479256737198,3.569279779374311,0.0,0.0,0.0,0.0,1.0,1.0
22,160,7.454618015625422,2.975753550344093,0.0,0.0,0.0,0.0,0.0,1.0
23,160,1.4558653130317774,1.624558324890356,1.0,1.0,0.0,0.0,0.0,1.0
24,160,9.68641651847479,3.058398020644355,0.0,0.0,0.0,1.0,1.0,1.0
25,160,3.7144073436263194,5.436910202360605,0.0,0.0,0.0,1.0,0.0,0.0
26,160,5.671231610966496,0.410589327451084,0.0,0.0,1.0,0.0,1.0,1.0
27,160,2.085398258403131,2.9383335675169837,0.0,1.0,0.0,0.0,1.0,0.0
28,160,1.0943211379339033,4.378082442766034,0.0,0.0,0.0,0.0,0.0,0.0
29,160,10.162752983812297,9.464974024747322,0.0,0.0,0.0,0.0,0.0,0.0
30,160,0.6663151759491979,0.6242274911063758,1.0,0.0,1.0,0.0,1.0,0.0
31,160,5.250966043258162,7.718672395073399,0.0,1.0,0.0,0.0,0.0,0.0
32,160,11.221639328590424,1.2863372038880752,0.0,1.0,1.0,1.0,1.0,1.0
33,160,0.0,3.584154830445503,1.0,0.0,0.0,1.0,1.0,0.0
34,160,11.703935103934992,7.835355871802582,0.0,0.0,0.0,1.0,0.0,0.0
35,160,6.898507595525167,2.398160007693962,0.0,0.0,1.0,0.0,0.0,0.0
36,160,8.050457658258079,2.1151224298328133,0.0,0.0,0.0,0.0,1.0,1.0
37,160,4.914765098984819,5.098342948495555,0.0,0.0,0.0,0.0,0.0,0.0
38,160,1.8003278712591142,2.728393558546941,0.0,0.0,1.0,0.0,0.0,0.0
39,160,2.7029488691107675,5.089802660336062,0.0,0.0,0.0,0.0,1.0,1.0
0,165,9.676153579325891,12.0,1.0,1.0,1.0,1.0,0.0,0.0
1,165,11.407608644445034,11.465481874594207,1.0,0.0,1.0,0.0,0.0,0.0
2,165,7.1740725179788205,3.0871839058995136,1.0,1.0,0.0,0.0,1.0,1.0
3,165,9.773093840296548,3.448941480858854,0.0,0.0,1.0,1.0,1.0,0.0
4,165,11.303574204089772,2.838518156995061,0.0,0.0,0.0,0.0,0.0,0.0
5,165,5.245827707183563,11.00629394129942,0.0,1.0,0.0,0.0,1.0,0.0
6,165,4.827252565948756,2.2919514473067424,0.0,1.0,0.0,1.0,0.0,0.0
7,165,1.3589440379030533,0.8578096297094708,0.0,0.0,0.0,0.0,1.0,1.0
8,165,12.0,3.85879932829049,1.0,1.0,0.0,1.0,0.0,0.0
9,165,9.092477195435954,4.472048962487551,1.0,0.0,0.0,0.0,1.0,0.0
10,165,4.7176607031565245,7.324934097459009,1.0,0.0,0.0,1.0,0.0,0.0
11,165,10.0628275926696,2.0002377554211503,1.0,1.0,1.0,0.0,0.0,0.0
12,165,12.0,9.067297240075836,0.0,1.0,0.0,0.0,0.0,1.0
13,165,9.923030260935672,5.58744705666631,0.0,0.0,0.0,0.0,0.0,0.0
14,165,0.0,0.4613868218832473,1.0,1.0,1.0,1.0,0.0,1.0
15,165,12.0,11.426366511266766,1.0,0.0,0.0,0.0,1.0,0.0
16,165,0.0,7.178698998058793,1.0,1.0,1.0,1.0,0.0,0.0
17,165,9.637439108583449,2.689295890498215,0.0,0.0,0.0,0.0,1.0,0.0
18,165,0.0,0.4912668638356992,0.0,0.0,1.0,1.0,0.0,1.0
19,165,5.852961368972721,3.4023781769712387,0.0,1.0,0.0,0.0,0.0,0.0
20,165,5.262847538218943,2.086288113421228,0.0,0.0,1.0,0.0,0.0,1.0
21,165,9.257061109055138,3.608187510612925,0.0,0.0,0.0,0.0,1.0,1.0
22,165,7.3660949322480755,2.888331552417016,0.0,0.0,0.0,0.0,0.0,1.0
23,165,1.5049936081647823,1.5774572181494484,1.0,1.0,0.0,0.0,0.0,1.0
24,165,9.740483908747136,3.0316002098737407,0.0,0.0,0.0,1.0,1.0,1.0
25,165,3.789931370664723,5.468104202230839,0.0,0.0,0.0,1.0,0.0,0.0
26,165,5.600797210524937,0.3571074018100565,0.0,0.0,1.0,0.0,1.0,1.0
27,165,2.1050246164295587,2.954546717286348,0.0,1.0,0.0,0.0,1.0,0.0
28,165,1.0366503150070625,4.400810857689686,0.0,0.0,0.0,0.0,0.0,0.0
29,165,10.19374206730921,9.522455721345697,0.0,0.0,0.0,0.0,0.0,0.0
30,165,0.7122832694881825,0.5707960208148521,1.0,0.0,1.0,0.0,1.0,0.0
31,165,5.205810620887699,7.621721521497465,0.0,1.0,0.0,0.0,0.0,0.0
32,165,11.21361246245952,1.317741252312676,0.0,1.0,1.0,1.0,1.0,1.0
33,165,0.0,3.572508188457276,1.0,0.0,0.0,1.0,1.0,0.0
34,165,11.71135538279109,7.857986900383366,0.0,0.0,0.0,1.0,0.0,0.0
35,165,6.899187558537855,2.3991434475357774,0.0,0.0,1.0,0.0,0.0,0.0
36,165,8.058890062621868,2.182546113844529,0.0,0.0,0.0,0.0,1.0,1.0
37,165,4.940856187596664,5.137975802281131,0.0,0.0,0.0,0.0,0.0,0.0
38,165,1.8700221060744733,2.846871840588214,0.0,0.0,1.0,0.0,0.0,0.0
39,165,2.735040546069613,5.080069472862212,0.0,0.0,0.0,0.0,1.0,1.0
0,170,9.63801091273992,12.0,1.0,1.0,1.0,1.0,0.0,0.0
1,170,11.356300575711463,11.59566615585974,1.0,0.0,1.0,0.0,0.0,0.0
2,170,7.1554380229163534,3.0293004287768635,1.0,1.0,0.0,0.0,1.0,1.0
3,170,9.811296779309773,3.4935674976704805,0.0,0.0,1.0,1.0,1.0,0.0
4,170,11.274730614271824,2.831941476203258,0.0,0.0,0.0,0.0,0.0,0.0
5,170,5.312807139396519,11.00764970879642,0.0,1.0,0.0,0.0,1.0,0.0
6,170,4.731161574386396,2.183416956033831,0.0,1.0,0.0,1.0,0.0,0.0
7,170,1.3980726103059875,0.7921848915329328,0.0,0.0,0.0,0.0,1.0,1.0
8,170,12.0,3.915077243415543,1.0,1.0,0.0,1.0,0.0,0.0
9,170,9.038717149648988,4.490976667628202,1.0,0.0,0.0,0.0,1.0,0.0
10,170,4.75491348613956,7.409571147851879,1.0,0.0,0.0,1.0,0.0,0.0
11,170,10.15252458029649,2.056001160741461,1.0,1.0,1.0,0.0,0.0,0.0
12,170,12.0,9.068628791803867,0.0,1.0,0.0,0.0,0.0,1.0
13,170,9.946186459192244,5.6571563107753935,0.0,0.0,0.0,0.0,0.0,0.0
14,170,0.0,0.4571914796866193,1.0,1.0,1.0,1.0,0.0,1.0
15,170,12.0,11.385018828706064,1.0,0.0,0.0,0.0,1.0,0.0
16,170,0.0189399282615034,7.17008370429901,1.0,1.0,1.0,1.0,0.0,0.0
17,170,9.621023468601232,2.526524229774909,0.0,0.0,0.0,0.0,1.0,0.0
18,170,0.0,0.4781491562854231,0.0,0.0,1.0,1.0,0.0,1.0
19,170,5.907317236796488,3.397595113698208,0.0,1.0,0.0,0.0,0.0,0.0
20,170,5.287229806949604,2.113499993029742,0.0,0.0,1.0,0.0,0.0,1.0
21,170,9.238958224689858,3.635760865161065,0.0,0.0,0.0,0.0,1.0,1.0
22,170,7.273461488985862,2.797059151966339,0.0,0.0,0.0,0.0,0.0,1.0
23,170,1.5383916026872322,1.5466870596439306,1.0,1.0,0.0,0.0,0.0,1.0
24,170,9.780799537625033,3.0111265475244746,0.0,0.0,0.0,1.0,1.0,1.0
25,170,3.8634866671355703,5.4994361553296445,0.0,0.0,0.0,1.0,0.0,0.0
26,170,5.539350140065666,0.3087619824969538,0.0,0.0,1.0,0.0,1.0,1.0
27,170,2.099925904502124,2.9504353107385,0.0,1.0,0.0,0.0,1.0,0.0
28,170,0.9858468575361748,4.420552362653212,0.0,0.0,0.0,0.0,0.0,0.0
29,170,10.223205916754276,9.57679027957211,0.0,0.0,0.0,0.0,0.0,0.0
30,170,0.7614329611725533,0.5166171041027741,1.0,0.0,1.0,0.0,1.0,0.0
31,170,5.168003505608559,7.540329348231963,0.0,1.0,0.0,0.0,0.0,0.0
32,170,11.205071647604536,1.3534553290678335,0.0,1.0,1.0,1.0,1.0,1.0
33,170,0.0,3.560694483318909,1.0,0.0,0.0,1.0,1.0,0.0
34,170,11.735230436023516,7.849826267882635,0.0,0.0,0.0,1.0,0.0,0.0
35,170,6.904595418900712,2.4069404351267307,0.0,0.0,1.0,0.0,0.0,0.0
36,170,8.111807253934979,2.176097682883629,0.0,0.0,0.0,0.0,1.0,1.0
37,170,4.954550913352914,5.15949389569771,0.0,0.0,0.0,0.0,0.0,0.0
38,170,1.9449076056490864,2.973633142051661,0.0,0.0,1.0,0.0,0.0,0.0
39,170,2.7648096163100964,5.0707658806480485,0.0,0.0,0.0,0.0,1.0,1.0
0,175,9.595768519435024,12.0,1.0,1.0,1.0,1.0,0.0,0.0
1,175,11.307416223009565,11.727264805292457,1.0,0.0,1.0,0.0,0.0,0.0
2,175,7.14186435043051,2.9864979421184827,1.0,1.0,0.0,0.0,1.0,1.0
3,175,9.841140284043345,3.5275658086656616,0.0,0.0,1.0,1.0,1.0,0.0
4,175,11.268787145256884,2.8304360324038345,0.0,0.0,0.0,0.0,0.0,0.0
5,175,5.360505781595959,11.008307210790107,0.0,1.0,0.0,0.0,1.0,0.0
6,175,4.623496726204558,2.064682986965982,0.0,1.0,0.0,1.0,0.0,0.0
7,175,1.4309636355751472,0.7393205093391346,0.0,0.0,0.0,0.0,1.0,1.0
8,175,12.0,3.9758837892570367,1.0,1.0,0.0,1.0,0.0,0.0
9,175,9.003365550230308,4.503068862947373,1.0,0.0,0.0,0.0,1.0,0.0
10,175,4.7925501922471945,7.499642126044123,1.0,0.0,0.0,1.0,0.0,0.0
11,175,10.250307655437968,2.1167111817955404,1.0,1.0,1.0,0.0,0.0,0.0
12,175,12.0,9.019308734625923,0.0,1.0,0.0,0.0,0.0,1.0
13,175,9.979313902651088,5.7533965311367705,0.0,0.0,0.0,0.0,0.0,0.0
14,175,0.0,0.4331855456074565,1.0,1.0,1.0,1.0,0.0,1.0
15,175,12.0,11.35322035006141,1.0,0.0,0.0,0.0,1.0,0.0
16,175,0.048875213369146,7.156517998697416,1.0,1.0,1.0,1.0,0.0,0.0
17,175,9.607438215875309,2.381852474415621,0.0,0.0,0.0,0.0,1.0,0.0
18,175,0.0,0.4644836534980057,0.0,0.0,1.0,1.0,0.0,1.0
19,175,5.972669124712894,3.3908810051622167,0.0,1.0,0.0,0.0,0.0,0.0
20,175,5.314567946149686,2.1422656207045625,0.0,0.0,1.0,0.0,0.0,1.0
21,175,9.230219665240648,3.649962582453498,0.0,0.0,0.0,0.0,1.0,1.0
22,175,7.1701972317193325,2.6928667013791867,0.0,0.0,0.0,0.0,0.0,1.0
23,175,1.5700950643956395,1.5179524374186222,1.0,1.0,0.0,0.0,0.0,1.0
24,175,9.819262731176236,2.9929700787000035,0.0,0.0,0.0,1.0,1.0,1.0
25,175,3.947762763326741,5.533964872784322,0.0,0.0,0.0,1.0,0.0,0.0
26,175,5.477272275345767,0.2623314677295336,0.0,0.0,1.0,0.0,1.0,1.0
27,175,2.0926435425759364,2.944331694726979,0.0,1.0,0.0,0.0,1.0,0.0
28,175,0.938446883103314,4.438881762984685,0.0,0.0,0.0,0.0,0.0,0.0
29,175,10.243094260504249,9.616251860882992,0.0,0.0,0.0,0.0,0.0,0.0
30,175,0.8058881924794292,0.4683374385912858,1.0,0.0,1.0,0.0,1.0,0.0
31,175,5.1288676905263015,7.45192137356258,0.0,1.0,0.0,0.0,0.0,0.0
32,175,11.190820067619049,1.4111359668395624,0.0,1.0,1.0,1.0,1.0,1.0
33,175,0.0,3.5434130190089075,1.0,0.0,0.0,1.0,1.0,0.0
34,175,11.744686462732508,7.846553435366303,0.0,0.0,0.0,1.0,0.0,0.0
35,175,6.901511875314684,2.402648511183453,0.0,0.0,1.0,0.0,0.0,0.0
36,175,8.157100728053328,2.169649661071797,0.0,0.0,0.0,0.0,1.0,1.0
37,175,4.976057470163191,5.194055994740151,0.0,0.0,0.0,0.0,0.0,0.0
38,175,2.023598058535321,3.122773310110196,0.0,0.0,1.0,0.0,0.0,0.0
39,175,2.782837812362848,5.065157420532306,0.0,0.0,0.0,0.0,1.0,1.0
0,180,9.548783672867032,12.0,1.0,1.0,1.0,1.0,0.0,0.0
1,180,11.256260135729988,11.861863201502924,1.0,0.0,1.0,0.0,0.0,0.0
2,180,7.1251983910631225,2.935904412165155,1.0,1.0,0.0,0.0,1.0,1.0
3,180,9.870775285607069,3.562702214321968,0.0,0.0,1.0,1.0,1.0,0.0
4,180,11.285267721172348,2.8346537913752865,0.0,0.0,0.0,0.0,0.0,0.0
5,180,5.415466419408706,11.010739726924976,0.0,1.0,0.0,0.0,1.0,0.0
6,180,4.526829847888686,1.9516429553212609,0.0,1.0,0.0,1.0,0.0,0.0
7,180,1.4734559547499348,0.6720426653399665,0.0,0.0,0.0,0.0,1.0,1.0
8,180,12.0,4.043022216988992,1.0,1.0,0.0,1.0,0.0,0.0
9,180,8.988171685920124,4.508444709355069,1.0,0.0,0.0,0.0,1.0,0.0
10,180,4.833987088238894,7.606658842133471,1.0,0.0,0.0,1.0,0.0,0.0
11,180,10.356233566570127,2.181667947531825,1.0,1.0,1.0,0.0,0.0,0.0
12,180,11.99912770883298,8.953541679038127,0.0,1.0,0.0,0.0,0.0,1.0
13,180,10.009091504584468,5.844952262745703,0.0,0.0,0.0,0.0,0.0,0.0
14,180,0.0,0.4110310507835433,1.0,1.0,1.0,1.0,0.0,1.0
15,180,12.0,11.33411690888558,1.0,0.0,0.0,0.0,1.0,0.0
16,180,0.0646044596169799,7.149548875195343,1.0,1.0,1.0,1.0,0.0,0.0
17,180,9.589404886282594,2.2500139308593536,0.0,0.0,0.0,0.0,1.0,0.0
18,180,0.0,0.4549648370041325,0.0,0.0,1.0,1.0,0.0,1.0
19,180,6.036093754873762,3.382117678740805,0.0,1.0,0.0,0.0,0.0,0.0
20,180,5.340191755866112,2.1707935230577697,0.0,0.0,1.0,0.0,0.0,1.0
21,180,9.208832918380876,3.683518868201394,0.0,0.0,0.0,0.0,1.0,1.0
22,180,7.048421957169565,2.5755658099686,0.0,0.0,0.0,0.0,0.0,1.0
23,180,1.6010189764466296,1.4908916013814486,1.0,1.0,0.0,0.0,0.0,1.0
24,180,9.873409993087812,2.968112365120384,0.0,0.0,0.0,1.0,1.0,1.0
25,180,4.028195697370373,5.567063744913174,0.0,0.0,0.0,1.0,0.0,0.0
26,180,5.421378624098345,0.2216099818998202,0.0,0.0,1.0,0.0,1.0,1.0
27,180,2.092369776901762,2.944108662747301,0.0,1.0,0.0,0.0,1.0,0.0
28,180,0.8851077366000282,4.460307572117882,0.0,0.0,0.0,0.0,0.0,0.0
29,180,10.260309082750757,9.64744000774557,0.0,0.0,0.0,0.0,0.0,0.0
30,180,0.8542620418127779,0.4178992508623776,1.0,0.0,1.0,0.0,1.0,0.0
31,180,5.093255613430767,7.370818696790635,0.0,1.0,0.0,0.0,0.0,0.0
32,180,11.178016308593946,1.467448952500838,0.0,1.0,1.0,1.0,1.0,1.0
33,180,0.0,3.5307312474790464,1.0,0.0,0.0,1.0,1.0,0.0
34,180,11.756211266018632,7.842069474580759,0.0,0.0,0.0,1.0,0.0,0.0
35,180,6.902413759961538,2.403916464025506,0.0,0.0,1.0,0.0,0.0,0.0
36,180,8.222010965409188,2.159905237243556,0.0,0.0,0.0,0.0,1.0,1.0
37,180,4.999513276292973,5.228475140239299,0.0,0.0,0.0,0.0,0.0,0.0
38,180,2.101629215931642,3.269682463637876,0.0,0.0,1.0,0.0,0.0,0.0
39,180,2.790881744370268,5.0626211826971765,0.0,0.0,0.0,0.0,1.0,1.0
0,185,9.501629627227056,12.0,1.0,1.0,1.0,1.0,0.0,0.0
1,185,11.211214347070392,11.993503380624222,1.0,0.0,1.0,0.0,0.0,0.0
2,185,7.111177340821297,2.890693514360248,1.0,1.0,0.0,0.0,1.0,1.0
3,185,9.890322782120151,3.584289940346507,0.0,0.0,1.0,1.0,1.0,0.0
4,185,11.302986361937998,2.83880982124877,0.0,0.0,0.0,0.0,0.0,0.0
5,185,5.456837930115372,11.01267483670537,0.0,1.0,0.0,0.0,1.0,0.0
6,185,4.414465485353224,1.8276623865643475,0.0,1.0,0.0,1.0,0.0,0.0
7,185,1.5082857222776835,0.6162513331424908,0.0,0.0,0.0,0.0,1.0,1.0
8,185,12.0,4.112207497527005,1.0,1.0,0.0,1.0,0.0,0.0
9,185,8.97463617377982,4.51295356420286,1.0,0.0,0.0,0.0,1.0,0.0
10,185,4.8682930978231855,7.699775717171852,1.0,0.0,0.0,1.0,0.0,0.0
11,185,10.459859722912205,2.2461868138374417,1.0,1.0,1.0,0.0,0.0,0.0
12,185,11.998570137932626,8.898828999046275,0.0,1.0,0.0,0.0,0.0,1.0
13,185,10.035054117237896,5.922620450445669,0.0,0.0,0.0,0.0,0.0,0.0
14,185,0.0,0.3888607038080099,1.0,1.0,1.0,1.0,0.0,1.0
15,185,12.0,11.312733569807666,1.0,0.0,0.0,0.0,1.0,0.0
16,185,0.0770628705888509,7.144487190280255,1.0,1.0,1.0,1.0,0.0,0.0
17,185,9.570361608017892,2.1039716974798512,0.0,0.0,0.0,0.0,1.0,0.0
18,185,0.0,0.4499122539443677,0.0,0.0,1.0,1.0,0.0,1.0
19,185,6.085331659101158,3.376023872440757,0.0,1.0,0.0,0.0,0.0,0.0
20,185,5.35414810607752,2.1865307886897427,0.0,0.0,1.0,0.0,0.0,1.0
21,185,9.1954679373872,3.704699351033075,0.0,0.0,0.0,0.0,1.0,1.0
22,185,6.917614811085852,2.452489888039563,0.0,0.0,0.0,0.0,0.0,1.0
23,185,1.6312834498866124,1.4638580683592624,1.0,1.0,0.0,0.0,0.0,1.0
24,185,9.925679628234066,2.9419297767267163,0.0,0.0,0.0,1.0,1.0,1.0
25,185,4.11559959137215,5.602387901258106,0.0,0.0,0.0,1.0,0.0,0.0
26,185,5.385650284627117,0.1942839185625393,0.0,0.0,1.0,0.0,1.0,1.0
27,185,2.104317459082502,2.9540213855722,0.0,1.0,0.0,0.0,1.0,0.0
28,185,0.830894023088421,4.479237666326576,0.0,0.0,0.0,0.0,0.0,0.0
29,185,10.27262400039597,9.669112773885786,0.0,0.0,0.0,0.0,0.0,0.0
30,185,0.8948540672637335,0.3734240745246013,1.0,0.0,1.0,0.0,1.0,0.0
31,185,5.062989135504384,7.306627697013532,0.0,1.0,0.0,0.0,0.0,0.0
32,185,11.171148940000528,1.4940975212990513,0.0,1.0,1.0,1.0,1.0,1.0
33,185,0.0,3.5166894980507606,1.0,0.0,0.0,1.0,1.0,0.0
34,185,11.764730056580031,7.838580949439128,0.0,0.0,0.0,1.0,0.0,0.0
35,185,6.891005704343628,2.387471485176478,0.0,0.0,1.0,0.0,0.0,0.0
36,185,8.277452112939365,2.1521278581403944,0.0,0.0,0.0,0.0,1.0,1.0
37,185,5.03072351049511,5.273707272054098,0.0,0.0,0.0,0.0,0.0,0.0
38,185,2.1889119085294504,3.433968762160549,0.0,0.0,1.0,0.0,0.0,0.0
39,185,2.783124578259933,5.064981171960011,0.0,0.0,0.0,0.0,1.0,1.0
0,190,9.45616669672984,12.0,1.0,1.0,1.0,1.0,0.0,0.0
1,190,11.165039831122275,12.0,1.0,0.0,1.0,0.0,0.0,0.0
2,190,7.094168389105485,2.8419334828774097,1.0,1.0,0.0,0.0,1.0,1.0
3,190,9.915845540042245,3.612063701918296,0.0,0.0,1.0,1.0,1.0,0.0
4,190,11.322225701507897,2.8434821220340423,0.0,0.0,0.0,0.0,0.0,0.0
5,190,5.508221890062972,11.015131124568589,0.0,1.0,0.0,0.0,1.0,0.0
6,190,4.302645941555123,1.7033755755787543,0.0,1.0,0.0,1.0,0.0,0.0
7,190,1.5434668186466876,0.5582972880187622,0.0,0.0,0.0,0.0,1.0,1.0
8,190,12.0,4.174928369213525,1.0,1.0,0.0,1.0,0.0,0.0
9,190,8.949676401001037,4.520244766907835,1.0,0.0,0.0,0.0,1.0,0.0
10,190,4.896316968101317,7.778595359928902,1.0,0.0,0.0,1.0,0.0,0.0
11,190,10.564773560802932,2.3083927551132426,1.0,1.0,1.0,0.0,0.0,0.0
12,190,11.998447859220304,8.847093523140371,0.0,1.0,0.0,0.0,0.0,1.0
13,190,10.067473605815294,6.024489360236266,0.0,0.0,0.0,0.0,0.0,0.0
14,190,0.0,0.3503316047138141,1.0,1.0,1.0,1.0,0.0,1.0
15,190,12.0,11.28877194571735,1.0,0.0,0.0,0.0,1.0,0.0
16,190,0.1036418077400135,7.134173616059601,1.0,1.0,1.0,1.0,0.0,0.0
17,190,9.551421219327636,1.9560364322859325,0.0,0.0,0.0,0.0,1.0,0.0
18,190,0.0,0.4411283171859512,0.0,0.0,1.0,1.0,0.0,1.0
19,190,6.141406844587013,3.3688908730974982,0.0,1.0,0.0,0.0,0.0,0.0
20,190,5.378343385682193,2.21391312863463,0.0,0.0,1.0,0.0,0.0,1.0
21,190,9.188058066674955,3.716072557004936,0.0,0.0,0.0,0.0,1.0,1.0
22,190,7.0213197906561895,2.3445947026452045,0.0,0.0,0.0,0.0,0.0,1.0
23,190,1.6498602578134474,1.4476433738976238,1.0,1.0,0.0,0.0,0.0,1.0
24,190,9.99344184709012,2.9057725148799105,0.0,0.0,0.0,1.0,1.0,1.0
25,190,4.187607858363756,5.630403803932772,0.0,0.0,0.0,1.0,0.0,0.0
26,190,5.376712283047026,0.1874505063018278,0.0,0.0,1.0,0.0,1.0,1.0
27,190,2.1264367880398893,2.972641559156,0.0,1.0,0.0,0.0,1.0,0.0
28,190,0.7877729206799081,4.493124783423312,0.0,0.0,0.0,0.0,0.0,0.0
29,190,10.273453250872212,9.670477426854836,0.0,0.0,0.0,0.0,0.0,0.0
30,190,0.941889412779074,0.320327331588823,1.0,0.0,1.0,0.0,1.0,0.0
31,190,5.035107117378593,7.248360584733441,0.0,1.0,0.0,0.0,0.0,0.0
32,190,11.169212539724413,1.5020505731696885,0.0,1.0,1.0,1.0,1.0,1.0
33,190,0.0,3.502364609275206,1.0,0.0,0.0,1.0,1.0,0.0
34,190,11.784275789641365,7.830628598414455,0.0,0.0,0.0,1.0,0.0,0.0
35,190,6.873947214873692,2.362826706417396,0.0,0.0,1.0,0.0,0.0,0.0
36,190,8.329722335889015,2.145946552740794,0.0,0.0,0.0,0.0,1.0,1.0
37,190,5.067108658889336,5.323798241388891,0.0,0.0,0.0,0.0,0.0,0.0
38,190,2.2746565556770992,3.608623726430816,0.0,0.0,1.0,0.0,0.0,0.0
39,190,2.7722737497712924,5.068370585331342,0.0,0.0,0.0,0.0,1.0,1.0
0,195,9.411436148405452,12.0,1.0,1.0,1.0,1.0,0.0,0.0
1,195,11.118540434142934,12.0,1.0,0.0,1.0,0.0,0.0,0.0
2,195,7.078295359363367,2.796435809206875,1.0,1.0,0.0,0.0,1.0,1.0
3,195,9.941029767021073,3.6383770958747856,0.0,0.0,1.0,1.0,1.0,0.0
4,195,11.357736056130689,2.851295847648539,0.0,0.0,0.0,0.0,0.0,0.0
5,195,5.553183988342815,11.01635850020718,0.0,1.0,0.0,0.0,1.0,0.0
6,195,4.200063557538559,1.5953833576675074,0.0,1.0,0.0,1.0,0.0,0.0
7,195,1.5983046782717525,0.4710955537747086,0.0,0.0,0.0,0.0,1.0,1.0
8,195,12.0,4.242952223952852,1.0,1.0,0.0,1.0,0.0,0.0
9,195,8.917630285361307,4.5305486021394366,1.0,0.0,0.0,0.0,1.0,0.0
10,195,4.924804290615377,7.862791933620385,1.0,0.0,0.0,1.0,0.0,0.0
11,195,10.670967922634366,2.3733733308936222,1.0,1.0,1.0,0.0,0.0,0.0
12,195,11.997547532734815,8.801710825260223,0.0,1.0,0.0,0.0,0.0,1.0
13,195,10.107129483118968,6.148164217057991,0.0,0.0,0.0,0.0,0.0,0.0
14,195,0.0,0.3022371018478702,1.0,1.0,1.0,1.0,0.0,1.0
15,195,12.0,11.26513351523922,1.0,0.0,0.0,0.0,1.0,0.0
16,195,0.1450202066876311,7.118758257412189,1.0,1.0,1.0,1.0,0.0,0.0
17,195,9.53409314896064,1.8029632043446275,0.0,0.0,0.0,0.0,1.0,0.0
18,195,0.0,0.4313593164381751,0.0,0.0,1.0,1.0,0.0,1.0
19,195,6.160037303866952,3.3664957751426816,0.0,1.0,0.0,0.0,0.0,0.0
20,195,5.41487704035477,2.2541511975153177,0.0,0.0,1.0,0.0,0.0,1.0
21,195,9.20058219133805,3.724303536594085,0.0,0.0,0.0,0.0,1.0,1.0
22,195,7.1310707856875535,2.2325966497541683,0.0,0.0,0.0,0.0,0.0,1.0
23,195,1.6504752125346982,1.4471285349273089,1.0,1.0,0.0,0.0,0.0,1.0
24,195,10.045201258432911,2.880652283040417,0.0,0.0,0.0,1.0,1.0,1.0
25,195,4.266644180649167,5.6610258322601785,0.0,0.0,0.0,1.0,0.0,0.0
26,195,5.366907470970019,0.1798696493556614,0.0,0.0,1.0,0.0,1.0,1.0
27,195,2.1475388441211885,2.9907501541085284,0.0,1.0,0.0,0.0,1.0,0.0
28,195,0.7378678741121669,4.508541369651409,0.0,0.0,0.0,0.0,0.0,0.0
29,195,10.269774659265732,9.664738339635845,0.0,0.0,0.0,0.0,0.0,0.0
30,195,0.9804244457103956,0.276699508768858,1.0,0.0,1.0,0.0,1.0,0.0
31,195,5.015803397919565,7.204541186314056,0.0,1.0,0.0,0.0,0.0,0.0
32,195,11.164773095797182,1.5197373857589036,0.0,1.0,1.0,1.0,1.0,1.0
33,195,0.0,3.487086760251577,1.0,0.0,0.0,1.0,1.0,0.0
34,195,11.80692097763942,7.821661358572847,0.0,0.0,0.0,1.0,0.0,0.0
35,195,6.862310910708516,2.3452736938480827,0.0,0.0,1.0,0.0,0.0,0.0
36,195,8.379555614931682,2.1403250407450765,0.0,0.0,0.0,0.0,1.0,1.0
37,195,5.109027506813223,5.37926034434453,0.0,0.0,0.0,0.0,0.0,0.0
38,195,2.3606601261262536,3.784943104693513,0.0,0.0,1.0,0.0,0.0,0.0
39,195,2.7633387196723063,5.071333330001892,0.0,0.0,0.0,0.0,1.0,1.0
0,200,9.37895374950239,12.0,1.0,1.0,1.0,1.0,0.0,0.0
1,200,11.065964126984383,12.0,1.0,0.0,1.0,0.0,0.0,0.0
2,200,7.060582074885812,2.751256033400205,1.0,1.0,0.0,0.0,1.0,1.0
3,200,9.967855124401224,3.665838288415078,0.0,0.0,1.0,1.0,1.0,0.0
4,200,11.365372537337231,2.8528560520754302,0.0,0.0,0.0,0.0,0.0,0.0
5,200,5.59777892056036,11.017345376544796,0.0,1.0,0.0,0.0,1.0,0.0
6,200,4.096940993425775,1.4863517079980364,0.0,1.0,0.0,1.0,0.0,0.0
7,200,1.656910797320423,0.381619991793188,0.0,0.0,0.0,0.0,1.0,1.0
8,200,12.0,4.308635138806449,1.0,1.0,0.0,1.0,0.0,0.0
9,200,8.89237308218587,4.538531349276259,1.0,0.0,0.0,0.0,1.0,0.0
10,200,4.94256434695223,7.911590037817513,1.0,0.0,0.0,1.0,0.0,0.0
11,200,10.79487406923878,2.450426032120339,1.0,1.0,1.0,0.0,0.0,0.0
12,200,11.996582211244665,8.750417263327803,0.0,1.0,0.0,0.0,0.0,1.0
13,200,10.140288375713792,6.250390023109207,0.0,0.0,0.0,0.0,0.0,0.0
14,200,0.0,0.2555026293314676,1.0,1.0,1.0,1.0,0.0,1.0
15,200,12.0,11.239067879449667,1.0,0.0,0.0,0.0,1.0,0.0
16,200,0.1872058945863766,7.103669950752176,1.0,1.0,1.0,1.0,0.0,0.0
17,200,9.51484182258363,1.6505592729667689,0.0,0.0,0.0,0.0,1.0,0.0
18,200,0.0,0.422782353896719,0.0,0.0,1.0,1.0,0.0,1.0
19,200,6.177889954304431,3.364277725993584,0.0,1.0,0.0,0.0,0.0,0.0
20,200,5.45822164313153,2.304067858737538,0.0,0.0,1.0,0.0,0.0,1.0
21,200,9.20407593102074,3.7266832001358536,0.0,0.0,0.0,0.0,1.0,1.0
22,200,7.235874318161632,2.1272986337213133,0.0,0.0,0.0,0.0,0.0,1.0
23,200,1.6499909632664749,1.4475338275795324,1.0,1.0,0.0,0.0,0.0,1.0
24,200,10.113286558951438,2.8476780506322164,0.0,0.0,0.0,1.0,1.0,1.0
25,200,4.363731490975476,5.700582908125251,0.0,0.0,0.0,1.0,0.0,0.0
26,200,5.351641722343603,0.168296540122049,0.0,0.0,1.0,0.0,1.0,1.0
27,200,2.153398886079995,2.995740176244466,0.0,1.0,0.0,0.0,1.0,0.0
28,200,0.6806471266277813,4.526592947295207,0.0,0.0,0.0,0.0,0.0,0.0
29,200,10.258913669071816,9.647855292402026,0.0,0.0,0.0,0.0,0.0,0.0
30,200,1.0175421958980682,0.2338723765101995,1.0,0.0,1.0,0.0,1.0,0.0
31,200,4.995995493783895,7.157346223700165,0.0,1.0,0.0,0.0,0.0,0.0
32,200,11.158779935603286,1.5437215221516605,0.0,1.0,1.0,1.0,1.0,1.0
33,200,0.0,3.47426593932166,1.0,0.0,0.0,1.0,1.0,0.0
34,200,11.825456149594164,7.81365259280136,0.0,0.0,0.0,1.0,0.0,0.0
35,200,6.869193471013461,2.3408503789538115,0.0,0.0,1.0,0.0,0.0,0.0
36,200,8.445790254608678,2.134279160643235,0.0,0.0,0.0,0.0,1.0,1.0
37,200,5.157456168523236,5.442455234693117,0.0,0.0,0.0,0.0,0.0,0.0
38,200,2.449227461058895,3.965263415731767,0.0,0.0,1.0,0.0,0.0,0.0
39,200,2.753135121088551,5.074875859887418,0.0,0.0,0.0,0.0,1.0,1.0
0,205,9.345259363605994,12.0,1.0,1.0,1.0,1.0,0.0,0.0
1,205,11.015533544433197,12.0,1.0,0.0,1.0,0.0,0.0,0.0
2,205,7.042482307040929,2.7041427605134785,1.0,1.0,0.0,0.0,1.0,1.0
3,205,9.97430636133718,3.67249330222664,0.0,0.0,1.0,1.0,1.0,0.0
4,205,11.378126925217806,2.855315062722212,0.0,0.0,0.0,0.0,0.0,0.0
5,205,5.661925500621412,11.020054123078676,0.0,1.0,0.0,0.0,1.0,0.0
6,205,3.991515692421183,1.368277356909663,0.0,1.0,0.0,1.0,0.0,0.0
7,205,1.7154273219941478,0.2848361521800755,0.0,0.0,0.0,0.0,1.0,1.0
8,205,12.0,4.379550614318139,1.0,1.0,0.0,1.0,0.0,0.0
9,205,8.870232303289969,4.545256692722055,1.0,0.0,0.0,0.0,1.0,0.0
10,205,4.960237829463674,7.958559106873884,1.0,0.0,0.0,1.0,0.0,0.0
11,205,10.91017184796402,2.5241945632697136,1.0,1.0,1.0,0.0,0.0,0.0
12,205,11.994202580239362,8.687663848517696,0.0,1.0,0.0,0.0,0.0,1.0
13,205,10.172231407928638,6.353000475416129,0.0,0.0,0.0,0.0,0.0,0.0
14,205,0.0,0.2048960673734527,1.0,1.0,1.0,1.0,0.0,1.0
15,205,12.0,11.211627163833397,1.0,0.0,0.0,0.0,1.0,0.0
16,205,0.2281183391374348,7.089302489689106,1.0,1.0,1.0,1.0,0.0,0.0
17,205,9.496599657786035,1.501898030511189,0.0,0.0,0.0,0.0,1.0,0.0
18,205,0.0,0.4153122594269064,0.0,0.0,1.0,1.0,0.0,1.0
19,205,6.177620983534224,3.3643114696782,0.0,1.0,0.0,0.0,0.0,0.0
20,205,5.5106660947024,2.362951977811995,0.0,0.0,1.0,0.0,0.0,1.0
21,205,9.192125826899147,3.718624757238888,0.0,0.0,0.0,0.0,1.0,1.0
22,205,7.338683859418139,2.0241953569344755,0.0,0.0,0.0,0.0,0.0,1.0
23,205,1.6501757519276596,1.4473809306274386,1.0,1.0,0.0,0.0,0.0,1.0
24,205,10.169610095446702,2.8203759329047244,0.0,0.0,0.0,1.0,1.0,1.0
25,205,4.462663341543517,5.741018886228914,0.0,0.0,0.0,1.0,0.0,0.0
26,205,5.365928974539506,0.1790091903761445,0.0,0.0,1.0,0.0,1.0,1.0
27,205,2.1664118564028096,3.0079797644969584,0.0,1.0,0.0,0.0,1.0,0.0
28,205,0.6223121395638287,4.546600537718014,0.0,0.0,0.0,0.0,0.0,0.0
29,205,10.2497195365082,9.634159122721558,0.0,0.0,0.0,0.0,0.0,0.0
30,205,0.9712903216698832,0.1942275447275465,1.0,0.0,1.0,0.0,1.0,0.0
31,205,4.975188757734379,7.102995519761587,0.0,1.0,0.0,0.0,0.0,0.0
32,205,11.160629546639443,1.5361364862895286,0.0,1.0,1.0,1.0,1.0,1.0
33,205,0.0,3.4590883696851424,1.0,0.0,0.0,1.0,1.0,0.0
34,205,11.851172682984162,7.802508241239693,0.0,0.0,0.0,1.0,0.0,0.0
35,205,6.874647729152168,2.3373271344972872,0.0,0.0,1.0,0.0,0.0,0.0
36,205,8.508703663349308,2.128282410907354,0.0,0.0,0.0,0.0,1.0,1.0
37,205,5.198008175089346,5.497665588799833,0.0,0.0,0.0,0.0,0.0,0.0
38,205,2.5444041794861647,4.167882184223614,0.0,0.0,1.0,0.0,0.0,0.0
39,205,2.738159064843218,5.080116169243961,0.0,0.0,0.0,0.0,1.0,1.0
0,210,9.304057736871066,12.0,1.0,1.0,1.0,1.0,0.0,0.0
1,210,10.95836525193178,12.0,1.0,0.0,1.0,0.0,0.0,0.0
2,210,7.024931771384273,2.660224902603457,1.0,1.0,0.0,0.0,1.0,1.0
3,210,9.980548065238969,3.678800876287035,0.0,0.0,1.0,1.0,1.0,0.0
4,210,11.40113711976928,2.8602388474091605,0.0,0.0,0.0,0.0,0.0,0.0
5,210,5.700262646925093,11.02198197413064,0.0,1.0,0.0,0.0,1.0,0.0
6,210,3.890846743506949,1.254350310718258,0.0,1.0,0.0,1.0,0.0,0.0
7,210,1.7694414710293445,0.1976885693629183,0.0,0.0,0.0,0.0,1.0,1.0
8,210,12.0,4.446977868930111,1.0,1.0,0.0,1.0,0.0,0.0
9,210,8.850331594944345,4.5513795406077895,1.0,0.0,0.0,0.0,1.0,0.0
10,210,4.977775655276829,8.0033750530638,1.0,0.0,0.0,1.0,0.0,0.0
11,210,11.011556054226975,2.5888871207398507,1.0,1.0,1.0,0.0,0.0,0.0
12,210,11.991153957247333,8.617937987102705,0.0,1.0,0.0,0.0,0.0,1.0
13,210,10.198415739377117,6.440284101586742,0.0,0.0,0.0,0.0,0.0,0.0
14,210,0.0,0.1414788669678147,1.0,1.0,1.0,1.0,0.0,1.0
15,210,12.0,11.190943289955278,1.0,0.0,0.0,0.0,1.0,0.0
16,210,0.2768880148475828,7.070775218636413,1.0,1.0,1.0,1.0,0.0,0.0
17,210,9.474367246135037,1.3460320357436937,0.0,0.0,0.0,0.0,1.0,0.0
18,210,0.0,0.4083546557388027,0.0,0.0,1.0,1.0,0.0,1.0
19,210,6.177238406489023,3.3643577455411777,0.0,1.0,0.0,0.0,0.0,0.0
20,210,5.574705877543416,2.435257280907235,0.0,0.0,1.0,0.0,0.0,1.0
21,210,9.167527787203529,3.701673775480185,0.0,0.0,0.0,0.0,1.0,1.0
22,210,7.436855246703154,1.927168843430438,0.0,0.0,0.0,0.0,0.0,1.0
23,210,1.6470999477833927,1.449778936914467,1.0,1.0,0.0,0.0,0.0,1.0
24,210,10.201614423121818,2.805162731807441,0.0,0.0,0.0,1.0,1.0,1.0
25,210,4.52416129773807,5.76743842458262,0.0,0.0,0.0,1.0,0.0,0.0
26,210,5.386412177208248,0.1947713253893926,0.0,0.0,1.0,0.0,1.0,1.0
27,210,2.183914367924466,3.024663611215027,0.0,1.0,0.0,0.0,1.0,0.0
28,210,0.5806114144116067,4.560596688235948,0.0,0.0,0.0,0.0,0.0,0.0
29,210,10.243894216022255,9.62566150491358,0.0,0.0,0.0,0.0,0.0,0.0
30,210,0.914555429888267,0.1459835242535834,1.0,0.0,1.0,0.0,1.0,0.0
31,210,4.95093214320805,7.03836462447768,0.0,1.0,0.0,0.0,0.0,0.0
32,210,11.17817402330414,1.540506356748574,0.0,1.0,1.0,1.0,1.0,1.0
33,210,0.0,3.4482893369027545,1.0,0.0,0.0,1.0,1.0,0.0
34,210,11.85414164712031,7.801297692445936,0.0,0.0,0.0,1.0,0.0,0.0
35,210,6.907632058238339,2.316769811182985,0.0,0.0,1.0,0.0,0.0,0.0
36,210,8.578818607332739,2.120796747336677,0.0,0.0,0.0,0.0,1.0,1.0
37,210,5.249630462792393,5.569420748927729,0.0,0.0,0.0,0.0,0.0,0.0
38,210,2.6459082640223626,4.3776861227082895,0.0,0.0,1.0,0.0,0.0,0.0
39,210,2.6798385364337194,5.100495491489784,0.0,0.0,0.0,0.0,1.0,1.0
0,215,9.272760030956643,12.0,1.0,1.0,1.0,1.0,0.0,0.0
1,215,10.892150747150628,12.0,1.0,0.0,1.0,0.0,0.0,0.0
2,215,7.013339659136936,2.632330756096204,1.0,1.0,0.0,0.0,1.0,1.0
3,215,9.97167276424353,3.6697108088612582,0.0,0.0,1.0,1.0,1.0,0.0
4,215,11.453382802136645,2.871413421916773,0.0,0.0,0.0,0.0,0.0,0.0
5,215,5.743608822685802,11.024965483577024,0.0,1.0,0.0,0.0,1.0,0.0
6,215,3.794315311919519,1.140681196876442,0.0,1.0,0.0,1.0,0.0,0.0
7,215,1.83027612627235,0.1045090275031143,0.0,0.0,0.0,0.0,1.0,1.0
8,215,12.0,4.522338904305083,1.0,1.0,0.0,1.0,0.0,0.0
9,215,8.836251898325632,4.555984887880344,1.0,0.0,0.0,0.0,1.0,0.0
10,215,4.9882095314970325,8.032206065950966,1.0,0.0,0.0,1.0,0.0,0.0
11,215,11.096114045681588,2.6454370924605843,1.0,1.0,1.0,0.0,0.0,0.0
12,215,11.986883290513743,8.55197992459177,0.0,1.0,0.0,0.0,0.0,1.0
13,215,10.225588007759578,6.529307185333882,0.0,0.0,0.0,0.0,0.0,0.0
14,215,0.0,0.073875886872508,1.0,1.0,1.0,1.0,0.0,1.0
15,215,12.0,11.1686766399626,1.0,0.0,0.0,0.0,1.0,0.0
16,215,0.3307189717645307,7.050247234235289,1.0,1.0,1.0,1.0,0.0,0.0
17,215,9.45041477805891,1.1802392372321142,0.0,0.0,0.0,0.0,1.0,0.0
18,215,0.0,0.6829973694943432,0.0,0.0,1.0,1.0,0.0,1.0
19,215,6.183857926418691,3.3635816745751925,0.0,1.0,0.0,0.0,0.0,0.0
20,215,5.639147348369191,2.510026837908649,0.0,0.0,1.0,0.0,0.0,1.0
21,215,9.15714461793409,3.6949969438386487,0.0,0.0,0.0,0.0,1.0,1.0
22,215,7.521719691422604,1.844019435236229,0.0,0.0,0.0,0.0,0.0,1.0
23,215,1.6308453541958776,1.4619772539259384,1.0,1.0,0.0,0.0,0.0,1.0
24,215,10.243150722092876,2.7844812264346057,0.0,0.0,0.0,1.0,1.0,1.0
25,215,4.588155769874234,5.795218261340365,0.0,0.0,0.0,1.0,0.0,0.0
26,215,5.408792389047198,0.2115414350352877,0.0,0.0,1.0,0.0,1.0,1.0
27,215,2.2129838077701183,3.0513659650166165,0.0,1.0,0.0,0.0,1.0,0.0
28,215,0.5538450071264368,4.5697349406932215,0.0,0.0,0.0,0.0,0.0,0.0
29,215,10.246647476815372,9.629721234125885,0.0,0.0,0.0,0.0,0.0,0.0
30,215,0.8765618400106893,0.1143758260146998,1.0,0.0,1.0,0.0,1.0,0.0
31,215,4.920866302459506,6.9552015260988345,0.0,1.0,0.0,0.0,0.0,0.0
32,215,11.19833228884294,1.5458450150616534,0.0,1.0,1.0,1.0,1.0,1.0
33,215,0.0,3.4341879929216086,1.0,0.0,0.0,1.0,1.0,0.0
34,215,11.834578627317402,7.809113778137879,0.0,0.0,0.0,1.0,0.0,0.0
35,215,6.939047244790722,2.29723654142266,0.0,0.0,1.0,0.0,0.0,0.0
36,215,8.639116440364402,2.1142415695443537,0.0,0.0,0.0,0.0,1.0,1.0
37,215,5.306569016511348,5.651754604749693,0.0,0.0,0.0,0.0,0.0,0.0
38,215,2.7485126097092767,4.589740678547259,0.0,0.0,1.0,0.0,0.0,0.0
39,215,2.6344626689325428,5.117837572071307,0.0,0.0,0.0,0.0,1.0,1.0
0,220,9.250385467524412,12.0,1.0,1.0,1.0,1.0,0.0,0.0
1,220,10.824784141464036,12.0,1.0,0.0,1.0,0.0,0.0,0.0
2,220,6.998948884336581,2.5988316136042227,1.0,1.0,0.0,0.0,1.0,1.0
3,220,9.959280493568716,3.656659206745245,0.0,0.0,1.0,1.0,1.0,0.0
4,220,11.48072525287374,2.877045230956095,0.0,0.0,0.0,0.0,0.0,0.0
5,220,5.803244746120586,11.029590827294854,0.0,1.0,0.0,0.0,1.0,0.0
6,220,3.70971184087598,1.0407640421831137,0.0,1.0,0.0,1.0,0.0,0.0
7,220,1.8947957522073997,0.0026451995333348,0.0,0.0,0.0,0.0,1.0,1.0
8,220,12.0,4.5964829763724415,1.0,1.0,0.0,1.0,0.0,0.0
9,220,8.822230012975188,4.560489520189544,1.0,0.0,0.0,0.0,1.0,0.0
10,220,5.000711585127873,8.068718839098407,1.0,0.0,0.0,1.0,0.0,0.0
11,220,11.19431157162586,2.708007734215148,1.0,1.0,1.0,0.0,0.0,0.0
12,220,11.982928869854812,8.493232600482665,0.0,1.0,0.0,0.0,0.0,1.0
13,220,10.255846593222024,6.633006574295841,0.0,0.0,0.0,0.0,0.0,0.0
14,220,0.0,0.0091292900077314,1.0,1.0,1.0,1.0,0.0,1.0
15,220,12.0,11.147592947790953,1.0,0.0,0.0,0.0,1.0,0.0
16,220,0.3920369256259606,7.027911070765386,1.0,1.0,1.0,1.0,0.0,0.0
17,220,9.423746378997372,1.0206897431503217,0.0,0.0,0.0,0.0,1.0,0.0
18,220,0.0,0.9544202350811052,0.0,0.0,1.0,1.0,0.0,1.0
19,220,6.209777726427877,3.360992396032746,0.0,1.0,0.0,0.0,0.0,0.0
20,220,5.690683970443549,2.5712390786664856,0.0,0.0,1.0,0.0,0.0,1.0
21,220,9.1585458813385,3.6958982400876574,0.0,0.0,0.0,0.0,1.0,1.0
22,220,7.59258183144878,1.7737232994067904,0.0,0.0,0.0,0.0,0.0,1.0
23,220,1.6343155899629669,1.459180654802444,1.0,1.0,0.0,0.0,0.0,1.0
24,220,10.279504281979284,2.7663087252539498,0.0,0.0,0.0,1.0,1.0,1.0
25,220,4.638152948440999,5.817962351655546,0.0,0.0,0.0,1.0,0.0,0.0
26,220,5.435623779351172,0.2322565202777875,0.0,0.0,1.0,0.0,1.0,1.0
27,220,2.2497897994433176,3.085519421739766,0.0,1.0,0.0,0.0,1.0,0.0
28,220,0.5027929456148297,4.587268062685791,0.0,0.0,0.0,0.0,0.0,0.0
29,220,10.260088683264236,9.650245613283795,0.0,0.0,0.0,0.0,0.0,0.0
30,220,0.8433663673608999,0.0870696919292629,1.0,0.0,1.0,0.0,1.0,0.0
31,220,4.896347288151253,6.885877000098842,0.0,1.0,0.0,0.0,0.0,0.0
32,220,11.210191073630188,1.549103966037748,0.0,1.0,1.0,1.0,1.0,1.0
33,220,0.0,3.4177749821384142,1.0,0.0,0.0,1.0,1.0,0.0
34,220,11.825814183192096,7.812550789434634,0.0,0.0,0.0,1.0,0.0,0.0
35,220,6.971377705739691,2.2768964409185197,0.0,0.0,1.0,0.0,0.0,0.0
36,220,8.707789780145042,2.1060734116154967,0.0,0.0,0.0,0.0,1.0,1.0
37,220,5.364780541571697,5.732968489385459,0.0,0.0,0.0,0.0,0.0,0.0
38,220,2.8564117782029115,4.808914533401704,0.0,0.0,1.0,0.0,0.0,0.0
39,220,2.591508428793408,5.134957731785128,0.0,0.0,0.0,0.0,1.0,1.0
0,225,9.223273462871068,12.0,1.0,1.0,1.0,1.0,0.0,0.0
1,225,10.75402148340604,12.0,1.0,0.0,1.0,0.0,0.0,0.0
2,225,6.984576333974361,2.5653255875349203,1.0,1.0,0.0,0.0,1.0,1.0
3,225,9.966607408467254,3.664584333915904,0.0,0.0,1.0,1.0,1.0,0.0
4,225,11.502400571091396,2.881620975711411,0.0,0.0,0.0,0.0,0.0,0.0
5,225,5.856434618723154,11.032871809885496,0.0,1.0,0.0,0.0,1.0,0.0
6,225,3.620817020143269,1.1193912240899937,0.0,1.0,0.0,1.0,0.0,0.0
7,225,1.9567925747548356,0.0,0.0,0.0,0.0,0.0,1.0,1.0
8,225,12.0,4.664162802401037,1.0,1.0,0.0,1.0,0.0,0.0
9,225,8.799317847814422,4.567962156018564,1.0,0.0,0.0,0.0,1.0,0.0
10,225,5.004413446489649,8.080427591215171,1.0,0.0,0.0,1.0,0.0,0.0
11,225,11.249496052400248,2.7421261752570216,1.0,1.0,1.0,0.0,0.0,0.0
12,225,11.978090813646874,8.42806617616982,0.0,1.0,0.0,0.0,0.0,1.0
13,225,10.28872927318506,6.7503230330865325,0.0,0.0,0.0,0.0,0.0,0.0
14,225,0.0,0.0,1.0,1.0,1.0,1.0,0.0,1.0
15,225,12.0,11.136866097432463,1.0,0.0,0.0,0.0,1.0,0.0
16,225,0.4717144911644603,7.000146642477509,1.0,1.0,1.0,1.0,0.0,0.0
17,225,9.394269292026928,0.8575223424629805,0.0,0.0,0.0,0.0,1.0,0.0
18,225,0.0,1.2242434453685422,0.0,0.0,1.0,1.0,0.0,1.0
19,225,6.232096734520292,3.3590876928059084,0.0,1.0,0.0,0.0,0.0,0.0
20,225,5.750520385628431,2.6402458230042947,0.0,0.0,1.0,0.0,0.0,1.0
21,225,9.156736170317943,3.6946902665535353,0.0,0.0,0.0,0.0,1.0,1.0
22,225,7.67187644791009,1.694631103979587,0.0,0.0,0.0,0.0,0.0,1.0
23,225,1.6308677625741146,1.4619811018180595,1.0,1.0,0.0,0.0,0.0,1.0
24,225,10.326304534413527,2.743502498495912,0.0,0.0,0.0,1.0,1.0,1.0
25,225,4.691942193374906,5.844157810338492,0.0,0.0,0.0,1.0,0.0,0.0
26,225,5.455029762166447,0.24760245905932,0.0,0.0,1.0,0.0,1.0,1.0
27,225,2.2932492097916155,3.125894829752742,0.0,1.0,0.0,0.0,1.0,0.0
28,225,0.4323314849172966,4.611235901921275,0.0,0.0,0.0,0.0,0.0,0.0
29,225,10.27161746050119,9.668383753625342,0.0,0.0,0.0,0.0,0.0,0.0
30,225,0.7814054080071955,0.0375368877318253,1.0,0.0,1.0,0.0,1.0,0.0
31,225,4.866268443686486,6.802264918995009,0.0,1.0,0.0,0.0,0.0,0.0
32,225,11.22393871784696,1.5525859288614334,0.0,1.0,1.0,1.0,1.0,1.0
33,225,0.0,3.403476445627815,1.0,0.0,0.0,1.0,1.0,0.0
34,225,11.813445492893171,7.817484019503816,0.0,0.0,0.0,1.0,0.0,0.0
35,225,7.011903509791878,2.2505842245954915,0.0,0.0,1.0,0.0,0.0,0.0
36,225,8.796033553504811,2.0958398940850884,0.0,0.0,0.0,0.0,1.0,1.0
37,225,5.408040909873336,5.795891507273666,0.0,0.0,0.0,0.0,0.0,0.0
38,225,2.973007030690582,5.044133155519625,0.0,0.0,1.0,0.0,0.0,0.0
39,225,2.53499728536015,5.157420009887219,0.0,0.0,0.0,0.0,1.0,1.0
0,230,9.194504905633956,12.0,1.0,1.0,1.0,1.0,0.0,0.0
1,230,10.678067331295498,12.0,1.0,0.0,1.0,0.0,0.0,0.0
2,230,6.963399513432759,2.515452381774334,1.0,1.0,0.0,0.0,1.0,1.0
3,230,9.974007346413238,3.672931083546356,0.0,0.0,1.0,1.0,1.0,0.0
4,230,11.501040490269654,2.8813654769200068,0.0,0.0,0.0,0.0,0.0,0.0
5,230,5.9269009453897885,11.038159196752892,0.0,1.0,0.0,0.0,1.0,0.0
6,230,3.539098187398848,1.197003619067343,0.0,1.0,0.0,1.0,0.0,0.0
7,230,2.034736028732122,0.0,0.0,0.0,0.0,0.0,1.0,1.0
8,230,12.0,4.728757018329434,1.0,1.0,0.0,1.0,0.0,0.0
9,230,8.788558488584167,4.571516858406997,1.0,0.0,0.0,0.0,1.0,0.0
10,230,5.009008076167439,8.094649832188995,1.0,0.0,0.0,1.0,0.0,0.0
11,230,11.30942551167576,2.780098453588287,1.0,1.0,1.0,0.0,0.0,0.0
12,230,11.923612861887818,8.433464480785272,0.0,1.0,0.0,0.0,0.0,1.0
13,230,10.317005461367572,6.861962334975612,0.0,0.0,0.0,0.0,0.0,0.0
14,230,0.0,0.0703417741992085,1.0,1.0,1.0,1.0,0.0,1.0
15,230,11.99962854038952,11.13711658393282,1.0,0.0,0.0,0.0,1.0,0.0
16,230,0.554044926790885,6.971053788515965,1.0,1.0,1.0,1.0,0.0,0.0
17,230,9.366219729353848,0.7139381121434689,0.0,0.0,0.0,0.0,1.0,0.0
18,230,0.0,1.4896017255802667,0.0,0.0,1.0,1.0,0.0,1.0
19,230,6.2358063810398425,3.358726568156341,0.0,1.0,0.0,0.0,0.0,0.0
20,230,5.807601788797312,2.7055849432175534,0.0,0.0,1.0,0.0,0.0,1.0
21,230,9.155359029137754,3.693833329743582,0.0,0.0,0.0,0.0,1.0,1.0
22,230,7.757174049416818,1.60943169388428,0.0,0.0,0.0,0.0,0.0,1.0
23,230,1.6433227064549305,1.4521123566981056,1.0,1.0,0.0,0.0,0.0,1.0
24,230,10.364267208719763,2.7236910044299467,0.0,0.0,0.0,1.0,1.0,1.0
25,230,4.767721284137768,5.882912306146809,0.0,0.0,0.0,1.0,0.0,0.0
26,230,5.478433812577794,0.265984420547257,0.0,0.0,1.0,0.0,1.0,1.0
27,230,2.3440362061847395,3.1724661374349004,0.0,1.0,0.0,0.0,1.0,0.0
28,230,0.3594488405997006,4.638997399904959,0.0,0.0,0.0,0.0,0.0,0.0
29,230,10.298981302374534,9.71168947645258,0.0,0.0,0.0,0.0,0.0,0.0
30,230,0.7146071834947658,0.0,1.0,0.0,1.0,0.0,1.0,0.0
31,230,4.836763366727005,6.718850870826417,0.0,1.0,0.0,0.0,0.0,0.0
32,230,11.234724136347262,1.5552102220797108,0.0,1.0,1.0,1.0,1.0,1.0
33,230,0.0,3.391061550013264,1.0,0.0,0.0,1.0,1.0,0.0
34,230,11.823111768958263,7.814010720557095,0.0,0.0,0.0,1.0,0.0,0.0
35,230,7.056769946389712,2.220064580302548,0.0,0.0,1.0,0.0,0.0,0.0
36,230,8.871526064773139,2.0865266875034627,0.0,0.0,0.0,0.0,1.0,1.0
37,230,5.448442901994155,5.855724611195599,0.0,0.0,0.0,0.0,0.0,0.0
38,230,2.7507591205274293,5.157572177418338,0.0,0.0,1.0,0.0,0.0,0.0
39,230,2.4730483472691693,5.183279695603751,0.0,0.0,0.0,0.0,1.0,1.0
0,235,9.169616803958776,12.0,1.0,1.0,1.0,1.0,0.0,0.0
1,235,10.597906493702054,12.0,1.0,0.0,1.0,0.0,0.0,0.0
2,235,6.945494409498814,2.4724284932739984,1.0,1.0,0.0,0.0,1.0,1.0
3,235,9.961442567521724,3.658735195979117,0.0,0.0,1.0,1.0,1.0,0.0
4,235,11.51483206076349,2.884099436100307,0.0,0.0,0.0,0.0,0.0,0.0
5,235,6.003504978677729,11.043449741797223,0.0,1.0,0.0,0.0,1.0,0.0
6,235,3.4691059800917663,1.268517930597762,0.0,1.0,0.0,1.0,0.0,0.0
7,235,2.110011181859431,0.0,0.0,0.0,0.0,0.0,1.0,1.0
8,235,12.0,4.793408885701947,1.0,1.0,0.0,1.0,0.0,0.0
9,235,8.777749620829326,4.574915278864305,1.0,0.0,0.0,0.0,1.0,0.0
10,235,5.013151365903515,8.107583264663981,1.0,0.0,0.0,1.0,0.0,0.0
11,235,11.372429514710674,2.8224356692629264,1.0,1.0,1.0,0.0,0.0,0.0
12,235,11.877773410939586,8.437427599615207,0.0,1.0,0.0,0.0,0.0,1.0
13,235,10.346130057352063,6.974206860459522,0.0,0.0,0.0,0.0,0.0,0.0
14,235,0.0,0.1442524451330158,1.0,1.0,1.0,1.0,0.0,1.0
15,235,11.997605496194376,11.1385161482299,1.0,0.0,0.0,0.0,1.0,0.0
16,235,0.6326079415813881,6.94370192296917,1.0,1.0,1.0,1.0,0.0,0.0
17,235,9.337518519571026,0.557142032234173,0.0,0.0,0.0,0.0,1.0,0.0
18,235,0.0,1.728583043756113,0.0,0.0,1.0,1.0,0.0,1.0
19,235,6.226937790444228,3.359597657337714,0.0,1.0,0.0,0.0,0.0,0.0
20,235,5.854219871043159,2.761749622951814,0.0,0.0,1.0,0.0,0.0,1.0
21,235,9.153695448604182,3.692754402521892,0.0,0.0,0.0,0.0,1.0,1.0
22,235,7.853823328997636,1.5126459472789495,0.0,0.0,0.0,0.0,0.0,1.0
23,235,1.6498871058923965,1.4470649810300131,1.0,1.0,0.0,0.0,0.0,1.0
24,235,10.38464972142552,2.764903943946765,0.0,0.0,0.0,1.0,1.0,1.0
25,235,4.850639732616472,5.927695528878392,0.0,0.0,0.0,1.0,0.0,0.0
26,235,5.485588970526158,0.2713885871564501,0.0,0.0,1.0,0.0,1.0,1.0
27,235,2.3977583280764745,3.2253954739898707,0.0,1.0,0.0,0.0,1.0,0.0
28,235,0.2768946768371645,4.66802318696769,0.0,0.0,0.0,0.0,0.0,0.0
29,235,10.322954276433494,9.750945317200832,0.0,0.0,0.0,0.0,0.0,0.0
30,235,0.6347876024980795,0.0,1.0,0.0,1.0,0.0,1.0,0.0
31,235,4.80431414687996,6.624485808822553,0.0,1.0,0.0,0.0,0.0,0.0
32,235,11.230669295738211,1.5541015688198323,0.0,1.0,1.0,1.0,1.0,1.0
33,235,0.0,3.3764695349011165,1.0,0.0,0.0,1.0,1.0,0.0
34,235,11.834817499318874,7.809882905107896,0.0,0.0,0.0,1.0,0.0,0.0
35,235,7.095318866844272,2.19472508606387,0.0,0.0,1.0,0.0,0.0,0.0
36,235,8.921776274697622,2.081435580162011,0.0,0.0,0.0,0.0,1.0,1.0
37,235,5.494187957905066,5.924754185678557,0.0,0.0,0.0,0.0,0.0,0.0
38,235,2.526249324888726,5.26649123695736,0.0,0.0,1.0,0.0,0.0,0.0
39,235,2.408899796057751,5.210790988487655,0.0,0.0,0.0,0.0,1.0,1.0
0,240,9.14471972705464,12.0,1.0,1.0,1.0,1.0,0.0,0.0
1,240,10.516745177029737,12.0,1.0,0.0,1.0,0.0,0.0,0.0
2,240,6.921406329743638,2.4129224941700578,1.0,1.0,0.0,0.0,1.0,1.0
3,240,9.942669580210037,3.6357190715848846,0.0,0.0,1.0,1.0,1.0,0.0
4,240,11.538776485336514,2.888232052300772,0.0,0.0,0.0,0.0,0.0,0.0
5,240,6.073158027321367,11.047791268238573,0.0,1.0,0.0,0.0,1.0,0.0
6,240,3.4060994578932515,1.3345063735968037,0.0,1.0,0.0,1.0,0.0,0.0
7,240,2.1840863645079494,0.0,0.0,0.0,0.0,0.0,1.0,1.0
8,240,12.0,4.85409071094558,1.0,1.0,0.0,1.0,0.0,0.0
9,240,8.76850498179796,4.577835979812503,1.0,0.0,0.0,0.0,1.0,0.0
10,240,5.019620695108372,8.127419877232448,1.0,0.0,0.0,1.0,0.0,0.0
11,240,11.455173821643784,2.8786763917591096,1.0,1.0,1.0,0.0,0.0,0.0
12,240,11.838210590130863,8.441023248515714,0.0,1.0,0.0,0.0,0.0,1.0
13,240,10.377754074138474,7.0966164312857645,0.0,0.0,0.0,0.0,0.0,0.0
14,240,0.0,0.2306725607578071,1.0,1.0,1.0,1.0,0.0,1.0
15,240,11.987012605993808,11.145633892125254,1.0,0.0,0.0,0.0,1.0,0.0
16,240,0.709552357984439,6.91673838651538,1.0,1.0,1.0,1.0,0.0,0.0
17,240,9.313757396060804,0.4172238454633309,0.0,0.0,0.0,0.0,1.0,0.0
18,240,0.0,1.9813189389795756,0.0,0.0,1.0,1.0,0.0,1.0
19,240,6.193828297851631,3.3636553696577165,0.0,1.0,0.0,0.0,0.0,0.0
20,240,5.907435091631409,2.8240606727632427,0.0,0.0,1.0,0.0,0.0,1.0
21,240,9.144212545302418,3.6867441092665794,0.0,0.0,0.0,0.0,1.0,1.0
22,240,7.947599643720421,1.41810305649114,0.0,0.0,0.0,0.0,0.0,1.0
23,240,1.6546740639241742,1.4431942334577812,1.0,1.0,0.0,0.0,0.0,1.0
24,240,10.406490192811429,2.807116688463403,0.0,0.0,0.0,1.0,1.0,1.0
25,240,4.932324962402595,5.970398654128044,0.0,0.0,0.0,1.0,0.0,0.0
26,240,5.4974549479559895,0.2805429934056092,0.0,0.0,1.0,0.0,1.0,1.0
27,240,2.4445210699526787,3.271523087790372,0.0,1.0,0.0,0.0,1.0,0.0
28,240,0.1922090504160544,4.697730996713224,0.0,0.0,0.0,0.0,0.0,0.0
29,240,10.348602735793005,9.791202680800474,0.0,0.0,0.0,0.0,0.0,0.0
30,240,0.5546422708935631,0.0,1.0,0.0,1.0,0.0,1.0,0.0
31,240,4.783392733271004,6.563114830885639,0.0,1.0,0.0,0.0,0.0,0.0
32,240,11.21940804990809,1.551371404392126,0.0,1.0,1.0,1.0,1.0,1.0
33,240,0.0,3.360938913946974,1.0,0.0,0.0,1.0,1.0,0.0
34,240,11.830284922327577,7.811497097776813,0.0,0.0,0.0,1.0,0.0,0.0
35,240,7.148899325299927,2.1567386239682773,0.0,0.0,1.0,0.0,0.0,0.0
36,240,8.985181284379728,2.0744067295626865,0.0,0.0,0.0,0.0,1.0,1.0
37,240,5.5357590445617255,5.988294306209966,0.0,0.0,0.0,0.0,0.0,0.0
38,240,2.307106227956043,5.37092966604688,0.0,0.0,1.0,0.0,0.0,0.0
39,240,2.3389503318527542,5.240525287725268,0.0,0.0,0.0,0.0,1.0,1.0
0,245,9.11324570916888,12.0,1.0,1.0,1.0,1.0,0.0,0.0
1,245,10.431406514988849,12.0,1.0,0.0,1.0,0.0,0.0,0.0
2,245,6.898404397804484,2.356073057269067,1.0,1.0,0.0,0.0,1.0,1.0
3,245,9.92811707776437,3.617228844195149,0.0,0.0,1.0,1.0,1.0,0.0
4,245,11.570515437015011,2.893048063933884,0.0,0.0,0.0,0.0,0.0,0.0
5,245,6.137006689721541,11.05194565215126,0.0,1.0,0.0,0.0,1.0,0.0
6,245,3.3367045817162206,1.408451716875455,0.0,1.0,0.0,1.0,0.0,0.0
7,245,2.262969600851687,0.0,0.0,0.0,0.0,0.0,1.0,1.0
8,245,12.0,4.916590260670724,1.0,1.0,0.0,1.0,0.0,0.0
9,245,8.746151992218758,4.58521366948488,1.0,0.0,0.0,0.0,1.0,0.0
10,245,5.02189772519043,8.133844582935696,1.0,0.0,0.0,1.0,0.0,0.0
11,245,11.5159647135024,2.921622763046849,1.0,1.0,1.0,0.0,0.0,0.0
12,245,11.795188110785707,8.444599158670183,0.0,1.0,0.0,0.0,0.0,1.0
13,245,10.413691131774495,7.236879099334568,0.0,0.0,0.0,0.0,0.0,0.0
14,245,0.0,0.3095126180374054,1.0,1.0,1.0,1.0,0.0,1.0
15,245,11.98991939848315,11.143743083459938,1.0,0.0,0.0,0.0,1.0,0.0
16,245,0.7835779988396835,6.892942368345042,1.0,1.0,1.0,1.0,0.0,0.0
17,245,9.287893674629808,0.2699205730816461,0.0,0.0,0.0,0.0,1.0,0.0
18,245,0.0,2.248271215060785,0.0,0.0,1.0,1.0,0.0,1.0
19,245,6.142747036209664,3.370535635534015,0.0,1.0,0.0,0.0,0.0,0.0
20,245,5.970564960889766,2.9025633846700933,0.0,0.0,1.0,0.0,0.0,1.0
21,245,9.140775025199645,3.684575388349508,0.0,0.0,0.0,0.0,1.0,1.0
22,245,8.04728962797048,1.3166011339205477,0.0,0.0,0.0,0.0,0.0,1.0
23,245,1.6588895186323944,1.4398557387793078,1.0,1.0,0.0,0.0,0.0,1.0
24,245,10.430674365509804,2.857777970495159,0.0,0.0,0.0,1.0,1.0,1.0
25,245,5.008181059757019,6.011956140000841,0.0,0.0,0.0,1.0,0.0,0.0
26,245,5.517123575898599,0.2968088293584377,0.0,0.0,1.0,0.0,1.0,1.0
27,245,2.480212710585948,3.307158401468479,0.0,1.0,0.0,0.0,1.0,0.0
28,245,0.1270441131968689,4.720870039676257,0.0,0.0,0.0,0.0,0.0,0.0
29,245,10.382025210860606,9.84194262278169,0.0,0.0,0.0,0.0,0.0,0.0
30,245,0.4659720442737326,0.0,1.0,0.0,1.0,0.0,1.0,0.0
31,245,4.762519983826901,6.498419925114264,0.0,1.0,0.0,0.0,0.0,0.0
32,245,11.19987951425369,1.546469160666625,0.0,1.0,1.0,1.0,1.0,1.0
33,245,0.0,3.340367296577246,1.0,0.0,0.0,1.0,1.0,0.0
34,245,11.845159493740317,7.805937001318797,0.0,0.0,0.0,1.0,0.0,0.0
35,245,7.223930134769471,2.1038011193343062,0.0,0.0,1.0,0.0,0.0,0.0
36,245,9.052110354677971,2.0669080030196416,0.0,0.0,0.0,0.0,1.0,1.0
37,245,5.575024038535541,6.0465566864478575,0.0,0.0,0.0,0.0,0.0,0.0
38,245,2.098535438394918,5.472289897321946,0.0,0.0,1.0,0.0,0.0,0.0
39,245,2.2762766951079305,5.26669996234267,0.0,0.0,0.0,0.0,1.0,1.0
0,250,9.085202702554543,12.0,1.0,1.0,1.0,1.0,0.0,0.0
1,250,10.33891090120154,12.0,1.0,0.0,1.0,0.0,0.0,0.0
2,250,6.88205760398918,2.3143615546722467,1.0,1.0,0.0,0.0,1.0,1.0
3,250,9.92504125428977,3.613317312878773,0.0,0.0,1.0,1.0,1.0,0.0
4,250,11.598198898438612,2.8968813642532445,0.0,0.0,0.0,0.0,0.0,0.0
5,250,6.181724553821081,11.055524509627183,0.0,1.0,0.0,0.0,1.0,0.0
6,250,3.2690177864486376,1.479238788103912,0.0,1.0,0.0,1.0,0.0,0.0
7,250,2.368215474320746,0.0,0.0,0.0,0.0,0.0,1.0,1.0
8,250,12.0,4.981207611695841,1.0,1.0,0.0,1.0,0.0,0.0
9,250,8.726311301346072,4.591492178854727,1.0,0.0,0.0,0.0,1.0,0.0
10,250,5.0200552950766895,8.12893167802571,1.0,0.0,0.0,1.0,0.0,0.0
11,250,11.575859239664316,2.963046298101057,1.0,1.0,1.0,0.0,0.0,0.0
12,250,11.79720012927549,8.444402110006324,0.0,1.0,0.0,0.0,0.0,1.0
13,250,10.44670071825078,7.387596932446293,0.0,0.0,0.0,0.0,0.0,0.0
14,250,0.0,0.3839606469780494,1.0,1.0,1.0,1.0,0.0,1.0
15,250,11.972925269820292,11.154369036992872,1.0,0.0,0.0,0.0,1.0,0.0
16,250,0.7608196163716784,6.825301543155876,1.0,1.0,1.0,1.0,0.0,0.0
17,250,9.260496780100553,0.1218303565465344,0.0,0.0,0.0,0.0,1.0,0.0
18,250,0.0,2.5082640235437177,0.0,0.0,1.0,1.0,0.0,1.0
19,250,6.082394632839717,3.3781446328275666,0.0,1.0,0.0,0.0,0.0,0.0
20,250,5.87204892221411,2.984659626768597,0.0,0.0,1.0,0.0,0.0,1.0
21,250,9.137285789010791,3.6823552991621975,0.0,0.0,0.0,0.0,1.0,1.0
22,250,8.141408764643032,1.224385623276038,0.0,0.0,0.0,0.0,0.0,1.0
23,250,1.6682727422603942,1.4322512390544393,1.0,1.0,0.0,0.0,0.0,1.0
24,250,10.452742180255951,2.902002318637041,0.0,0.0,0.0,1.0,1.0,1.0
25,250,5.083258602513343,6.054056812173741,0.0,0.0,0.0,1.0,0.0,0.0
26,250,5.536523267998273,0.3137121507019324,0.0,0.0,1.0,0.0,1.0,1.0
27,250,2.5074752880830533,3.3337234017072803,0.0,1.0,0.0,0.0,1.0,0.0
28,250,0.0628535420163681,4.742775624923164,0.0,0.0,0.0,0.0,0.0,0.0
29,250,10.40771665640928,9.881256074366515,0.0,0.0,0.0,0.0,0.0,0.0
30,250,0.3869392812047546,0.0,1.0,0.0,1.0,0.0,1.0,0.0
31,250,4.736506327186597,6.427784032573852,0.0,1.0,0.0,0.0,0.0,0.0
32,250,11.17429564162292,1.5401406508917972,0.0,1.0,1.0,1.0,1.0,1.0
33,250,0.0,3.316298488816015,1.0,0.0,0.0,1.0,1.0,0.0
34,250,11.860206874148991,7.800033528113041,0.0,0.0,0.0,1.0,0.0,0.0
35,250,7.29850985061392,2.05310473034377,0.0,0.0,1.0,0.0,0.0,0.0
36,250,9.121337007484309,2.06049869546107,0.0,0.0,0.0,0.0,1.0,1.0
37,250,5.626082291080843,6.117609882652869,0.0,0.0,0.0,0.0,0.0,0.0
38,250,1.8912013792071436,5.572100451344814,0.0,0.0,1.0,0.0,0.0,0.0
39,250,2.208335034236705,5.295515063574823,0.0,0.0,0.0,0.0,1.0,1.0
0,255,9.053248613882484,12.0,1.0,1.0,1.0,1.0,0.0,0.0
1,255,10.24040522101191,12.0,1.0,0.0,1.0,0.0,0.0,0.0
2,255,6.862683249481698,2.266540192406998,1.0,1.0,0.0,0.0,1.0,1.0
3,255,9.933216843475453,3.6240884466731793,0.0,0.0,1.0,1.0,1.0,0.0
4,255,11.64258168868512,2.9016945852133964,0.0,0.0,0.0,0.0,0.0,0.0
5,255,6.226372551819023,11.060444997608156,0.0,1.0,0.0,0.0,1.0,0.0
6,255,3.2081105337440574,1.5409486209944754,0.0,1.0,0.0,1.0,0.0,0.0
7,255,2.465475114148659,0.0,0.0,0.0,0.0,0.0,1.0,1.0
8,255,12.0,5.043891474276159,1.0,1.0,0.0,1.0,0.0,0.0
9,255,8.709178871607248,4.597080174513446,1.0,0.0,0.0,0.0,1.0,0.0
10,255,5.013396961464407,8.11027320532316,1.0,0.0,0.0,1.0,0.0,0.0
11,255,11.62861424290727,2.997289025501762,1.0,1.0,1.0,0.0,0.0,0.0
12,255,11.793351770114477,8.444781337269228,0.0,1.0,0.0,0.0,0.0,1.0
13,255,10.488230414761883,7.54996717723149,0.0,0.0,0.0,0.0,0.0,0.0
14,255,0.0,0.4647159761796141,1.0,1.0,1.0,1.0,0.0,1.0
15,255,11.933778523480404,11.179789718436316,1.0,0.0,0.0,0.0,1.0,0.0
16,255,0.7415227232305532,6.768100127043106,1.0,1.0,1.0,1.0,0.0,0.0
17,255,9.238623284139337,0.0,0.0,0.0,0.0,0.0,1.0,0.0
18,255,0.0,2.7752478922179176,0.0,0.0,1.0,1.0,0.0,1.0
19,255,6.031747504417666,3.38378670040541,0.0,1.0,0.0,0.0,0.0,0.0
20,255,5.759663835073538,3.0762187337908777,0.0,0.0,1.0,0.0,0.0,1.0
21,255,9.123839616373916,3.6742508770952806,0.0,0.0,0.0,0.0,1.0,1.0
22,255,8.23526976151615,1.133783434591379,0.0,0.0,0.0,0.0,0.0,1.0
23,255,1.6815506588634874,1.4210681399736964,1.0,1.0,0.0,0.0,0.0,1.0
24,255,10.476144692651747,2.952788399861236,0.0,0.0,0.0,1.0,1.0,1.0
25,255,5.158760028700693,6.095384370423407,0.0,0.0,0.0,1.0,0.0,0.0
26,255,5.5681249683852885,0.3410302667764854,0.0,0.0,1.0,0.0,1.0,1.0
27,255,2.556565674081229,3.382300718996865,0.0,1.0,0.0,0.0,1.0,0.0
28,255,0.0114997502229376,4.759735545924966,0.0,0.0,0.0,0.0,0.0,0.0
29,255,10.436029452351892,9.925408030706247,0.0,0.0,0.0,0.0,0.0,0.0
30,255,0.297640533847642,0.0,1.0,0.0,1.0,0.0,1.0,0.0
31,255,4.715610351758803,6.369545635602818,0.0,1.0,0.0,0.0,0.0,0.0
32,255,11.15001296859997,1.5341334871482213,0.0,1.0,1.0,1.0,1.0,1.0
33,255,0.0,3.287883521167281,1.0,0.0,0.0,1.0,1.0,0.0
34,255,11.875490463128155,7.793797285082804,0.0,0.0,0.0,1.0,0.0,0.0
35,255,7.366599131931287,2.009177899841643,0.0,0.0,1.0,0.0,0.0,0.0
36,255,9.207700013022864,2.05152730576155,0.0,0.0,0.0,0.0,1.0,1.0
37,255,5.679674295945759,6.190486319814053,0.0,0.0,0.0,0.0,0.0,0.0
38,255,1.6799117089073825,5.675393636455976,0.0,0.0,1.0,0.0,0.0,0.0
39,255,2.1561135874320603,5.317646269225602,0.0,0.0,0.0,0.0,1.0,1.0
0,260,9.019245615879155,12.0,1.0,1.0,1.0,1.0,0.0,0.0
1,260,10.130468159315,12.0,1.0,0.0,1.0,0.0,0.0,0.0
2,260,6.8537404431020095,2.245939392923814,1.0,1.0,0.0,0.0,1.0,1.0
3,260,9.951607211599509,3.6461489260473248,0.0,0.0,1.0,1.0,1.0,0.0
4,260,11.691448611450012,2.906068643987888,0.0,0.0,0.0,0.0,0.0,0.0
5,260,6.282987941803868,11.066789292322756,0.0,1.0,0.0,0.0,1.0,0.0
6,260,3.1567733231659894,1.5917542833753269,0.0,1.0,0.0,1.0,0.0,0.0
7,260,2.55429669664418,0.0,0.0,0.0,0.0,0.0,1.0,1.0
8,260,12.0,5.115547181958227,1.0,1.0,0.0,1.0,0.0,0.0
9,260,8.726027594837978,4.591461580088966,1.0,0.0,0.0,0.0,1.0,0.0
10,260,5.009211252050333,8.09897861017169,1.0,0.0,0.0,1.0,0.0,0.0
11,260,11.690994216332404,3.0373538615503155,1.0,1.0,1.0,0.0,0.0,0.0
12,260,11.778665837243684,8.446128692325026,0.0,1.0,0.0,0.0,0.0,1.0
13,260,10.529856878442947,7.704874127102854,0.0,0.0,0.0,0.0,0.0,0.0
14,260,0.0,0.5370654128010603,1.0,1.0,1.0,1.0,0.0,1.0
15,260,11.90437537414877,11.198948711588336,1.0,0.0,0.0,0.0,1.0,0.0
16,260,0.7219440515633098,6.711279712836118,1.0,1.0,1.0,1.0,0.0,0.0
17,260,9.212872000446382,0.0,0.0,0.0,0.0,0.0,1.0,0.0
18,260,0.0,3.054610120180444,0.0,0.0,1.0,1.0,0.0,1.0
19,260,5.985933003950538,3.388122219716112,0.0,1.0,0.0,0.0,0.0,0.0
20,260,5.625515081567602,3.175847916908892,0.0,0.0,1.0,0.0,0.0,1.0
21,260,9.12876937253506,3.676992463610073,0.0,0.0,0.0,0.0,1.0,1.0
22,260,8.326489623446601,1.0469801021642688,0.0,0.0,0.0,0.0,0.0,1.0
23,260,1.6952993450689104,1.4094912609531347,1.0,1.0,0.0,0.0,0.0,1.0
24,260,10.49409053910571,2.9931766076298443,0.0,0.0,0.0,1.0,1.0,1.0
25,260,5.229097138060245,6.13704738924582,0.0,0.0,0.0,1.0,0.0,0.0
26,260,5.612330371623076,0.3807417106842836,0.0,0.0,1.0,0.0,1.0,1.0
27,260,2.6014952365316897,3.425959133266312,0.0,1.0,0.0,0.0,1.0,0.0
28,260,0.0,4.771021835389906,0.0,0.0,0.0,0.0,0.0,0.0
29,260,10.46224547826889,9.963824197083888,0.0,0.0,0.0,0.0,0.0,0.0
30,260,0.2179965724418303,0.0,1.0,0.0,1.0,0.0,1.0,0.0
31,260,4.698002526583645,6.321087465342431,0.0,1.0,0.0,0.0,0.0,0.0
32,260,11.134907374966874,1.530558637527899,0.0,1.0,1.0,1.0,1.0,1.0
33,260,0.0,3.262350644841952,1.0,0.0,0.0,1.0,1.0,0.0
34,260,11.872490280375915,7.7951039570502525,0.0,0.0,0.0,1.0,0.0,0.0
35,260,7.42415487987242,1.972159894333006,0.0,0.0,1.0,0.0,0.0,0.0
36,260,9.29507859531838,2.04299171190424,0.0,0.0,0.0,0.0,1.0,1.0
37,260,5.735302955462551,6.269098126500008,0.0,0.0,0.0,0.0,0.0,0.0
38,260,1.4712696267050271,5.770981643336807,0.0,0.0,1.0,0.0,0.0,0.0
39,260,2.111299773662853,5.337482165852835,0.0,0.0,0.0,0.0,1.0,1.0
0,265,8.986204200999103,12.0,1.0,1.0,1.0,1.0,0.0,0.0
1,265,10.0210468479223,12.0,1.0,0.0,1.0,0.0,0.0,0.0
2,265,6.844694348046922,2.225250595902284,1.0,1.0,0.0,0.0,1.0,1.0
3,265,9.952231715531168,3.646878503656343,0.0,0.0,1.0,1.0,1.0,0.0
4,265,11.725466837994444,2.909338255874488,0.0,0.0,0.0,0.0,0.0,0.0
5,265,6.359529749296061,11.074069254648055,0.0,1.0,0.0,0.0,1.0,0.0
6,265,3.110164112722704,1.6364910304639153,0.0,1.0,0.0,1.0,0.0,0.0
7,265,2.639468861320979,0.0,0.0,0.0,0.0,0.0,1.0,1.0
8,265,12.0,5.187715996832733,1.0,1.0,0.0,1.0,0.0,0.0
9,265,8.715176836943787,4.595240084433399,1.0,0.0,0.0,0.0,1.0,0.0
10,265,5.007745357621668,8.095233505573669,1.0,0.0,0.0,1.0,0.0,0.0
11,265,11.760725355462702,3.0826112991002264,1.0,1.0,1.0,0.0,0.0,0.0
12,265,11.773748553682609,8.446454812217459,0.0,1.0,0.0,0.0,0.0,1.0
13,265,10.584351217851044,7.887936597522606,0.0,0.0,0.0,0.0,0.0,0.0
14,265,0.0,0.614786060509402,1.0,1.0,1.0,1.0,0.0,1.0
15,265,11.8756352884883,11.217203361713546,1.0,0.0,0.0,0.0,1.0,0.0
16,265,0.6992421536704152,6.648923809641212,1.0,1.0,1.0,1.0,0.0,0.0
17,265,9.188585082758037,0.0,0.0,0.0,0.0,0.0,1.0,0.0
18,265,0.0,3.366267114867388,0.0,0.0,1.0,1.0,0.0,1.0
19,265,5.944477517892225,3.3921728222582583,0.0,1.0,0.0,0.0,0.0,0.0
20,265,5.496661654369667,3.27160784671092,0.0,0.0,1.0,0.0,0.0,1.0
21,265,9.134541079516188,3.6800922869073536,0.0,0.0,0.0,0.0,1.0,1.0
22,265,8.428007719391161,0.9505092757708716,0.0,0.0,0.0,0.0,0.0,1.0
23,265,1.7086598074132286,1.3979125010489983,1.0,1.0,0.0,0.0,0.0,1.0
24,265,10.510620637687811,3.031078925362548,0.0,0.0,0.0,1.0,1.0,1.0
25,265,5.3161294976836295,6.1876957970201065,0.0,0.0,0.0,1.0,0.0,0.0
26,265,5.658180551046318,0.4227723172269786,0.0,0.0,1.0,0.0,1.0,1.0
27,265,2.6559411815086142,3.478027136347404,0.0,1.0,0.0,0.0,1.0,0.0
28,265,0.0,4.777575850974305,0.0,0.0,0.0,0.0,0.0,0.0
29,265,10.479938623494355,9.98829191300897,0.0,0.0,0.0,0.0,0.0,0.0
30,265,0.1476476768602801,0.0,1.0,0.0,1.0,0.0,1.0,0.0
31,265,4.675760416975072,6.25898937887753,0.0,1.0,0.0,0.0,0.0,0.0
32,265,11.12719180126914,1.5288306422601758,0.0,1.0,1.0,1.0,1.0,1.0
33,265,0.0,3.236634010775194,1.0,0.0,0.0,1.0,1.0,0.0
34,265,11.884604251263871,7.789910907104732,0.0,0.0,0.0,1.0,0.0,0.0
35,265,7.469735798745879,1.9427153229826464,0.0,0.0,1.0,0.0,0.0,0.0
36,265,9.393943151939014,2.034436166658427,0.0,0.0,0.0,0.0,1.0,1.0
37,265,5.775093853823556,6.322890451321039,0.0,0.0,0.0,0.0,0.0,0.0
38,265,1.2810610507338729,5.857166819173234,0.0,0.0,1.0,0.0,0.0,0.0
39,265,2.071267595830983,5.353862561491094,0.0,0.0,0.0,0.0,1.0,1.0
0,270,8.95058056390987,12.0,1.0,1.0,1.0,1.0,0.0,0.0
1,270,9.914458314987144,12.0,1.0,0.0,1.0,0.0,0.0,0.0
2,270,6.837730827730798,2.2074963536400123,1.0,1.0,0.0,0.0,1.0,1.0
3,270,9.956707472810514,3.6521534648571135,0.0,0.0,1.0,1.0,1.0,0.0
4,270,11.757235827105545,2.912924729675725,0.0,0.0,0.0,0.0,0.0,0.0
5,270,6.41344077101973,11.078487265590118,0.0,1.0,0.0,0.0,1.0,0.0
6,270,3.0704229352999874,1.6720763141823305,0.0,1.0,0.0,1.0,0.0,0.0
7,270,2.728828214843268,0.0,0.0,0.0,0.0,0.0,1.0,1.0
8,270,12.0,5.266601746626705,1.0,1.0,0.0,1.0,0.0,0.0
9,270,8.703693632637581,4.599148712695716,1.0,0.0,0.0,0.0,1.0,0.0
10,270,5.009133898143748,8.098862914459774,1.0,0.0,0.0,1.0,0.0,0.0
11,270,11.848269114505287,3.13926254189886,1.0,1.0,1.0,0.0,0.0,0.0
12,270,11.762196188820212,8.447261290131108,0.0,1.0,0.0,0.0,0.0,1.0
13,270,10.63607622234754,8.071088874931233,0.0,0.0,0.0,0.0,0.0,0.0
14,270,0.0,0.705293673731012,1.0,1.0,1.0,1.0,0.0,1.0
15,270,11.848456546983998,11.2346811368705,1.0,0.0,0.0,0.0,1.0,0.0
16,270,0.676431431833219,6.585635657074696,1.0,1.0,1.0,1.0,0.0,0.0
17,270,9.15718900002989,0.0,0.0,0.0,0.0,0.0,1.0,0.0
18,270,0.0,3.6579094177246274,0.0,0.0,1.0,1.0,0.0,1.0
19,270,5.948558513067538,3.433138471515438,0.0,1.0,0.0,0.0,0.0,0.0
20,270,5.370123144149668,3.366838649879718,0.0,0.0,1.0,0.0,0.0,1.0
21,270,9.128426460635405,3.676981870128945,0.0,0.0,0.0,0.0,1.0,1.0
22,270,8.543352008808125,0.834234218606836,0.0,0.0,0.0,0.0,0.0,1.0
23,270,1.7265783478382464,1.3825219122814163,1.0,1.0,0.0,0.0,0.0,1.0
24,270,10.52449727294145,3.0621493770771075,0.0,0.0,0.0,1.0,1.0,1.0
25,270,5.4136635150593095,6.244098545371807,0.0,0.0,0.0,1.0,0.0,0.0
26,270,5.715408253369075,0.475049119925126,0.0,0.0,1.0,0.0,1.0,1.0
27,270,2.7157037711472114,3.534794763413144,0.0,1.0,0.0,0.0,1.0,0.0
28,270,0.0,4.79259413710404,0.0,0.0,0.0,0.0,0.0,0.0
29,270,10.494228029102755,10.008320607831628,0.0,0.0,0.0,0.0,0.0,0.0
30,270,0.0936973827963889,0.0,1.0,0.0,1.0,0.0,1.0,0.0
31,270,4.65341066149067,6.196399878853253,0.0,1.0,0.0,0.0,0.0,0.0
32,270,11.094414168502023,1.5213493721979054,0.0,1.0,1.0,1.0,1.0,1.0
33,270,0.0,3.208245378436948,1.0,0.0,0.0,1.0,1.0,0.0
34,270,11.86975024206062,7.795979040749086,0.0,0.0,0.0,1.0,0.0,0.0
35,270,7.497498362296895,1.923824296880584,0.0,0.0,1.0,0.0,0.0,0.0
36,270,9.500137216670725,2.0272589932672185,0.0,0.0,0.0,0.0,1.0,1.0
37,270,5.823331134046914,6.38904637064365,0.0,0.0,0.0,0.0,0.0,0.0
38,270,1.0926091251264,5.939258918246126,0.0,0.0,1.0,0.0,0.0,0.0
39,270,2.047189506483684,5.363448209070964,0.0,0.0,0.0,0.0,1.0,1.0
0,275,8.924106555392504,12.0,1.0,1.0,1.0,1.0,0.0,0.0
1,275,9.803085742764354,12.0,1.0,0.0,1.0,0.0,0.0,0.0
2,275,6.828490181945723,2.183513490718516,1.0,1.0,0.0,0.0,1.0,1.0
3,275,9.956175107709432,3.651535027936261,0.0,0.0,1.0,1.0,1.0,0.0
4,275,11.78138161676682,2.915318503855134,0.0,0.0,0.0,0.0,0.0,0.0
5,275,6.4545346353241175,11.081698889937597,0.0,1.0,0.0,0.0,1.0,0.0
6,275,3.047487206508276,1.6930244806888366,0.0,1.0,0.0,1.0,0.0,0.0
7,275,2.8289651954091197,0.0,0.0,0.0,0.0,0.0,1.0,1.0
8,275,12.0,5.344766451702093,1.0,1.0,0.0,1.0,0.0,0.0
9,275,8.670078405347658,4.610483634212209,1.0,0.0,0.0,0.0,1.0,0.0
10,275,5.002911505506154,8.081953653346124,1.0,0.0,0.0,1.0,0.0,0.0
11,275,11.938478240353952,3.198903375921108,1.0,1.0,1.0,0.0,0.0,0.0
12,275,11.746979007387148,8.448169185864455,0.0,1.0,0.0,0.0,0.0,1.0
13,275,10.685817812246356,8.252401536889538,0.0,0.0,0.0,0.0,0.0,0.0
14,275,0.0,0.7945427570058202,1.0,1.0,1.0,1.0,0.0,1.0
15,275,11.818429779300644,11.252618413387614,1.0,0.0,0.0,0.0,1.0,0.0
16,275,0.6452916199702489,6.495592956544948,1.0,1.0,1.0,1.0,0.0,0.0
17,275,9.123436225769872,0.0,0.0,0.0,0.0,0.0,1.0,0.0
18,275,0.0,3.952467912480313,0.0,0.0,1.0,1.0,0.0,1.0
19,275,5.953641377410164,3.478806160599736,0.0,1.0,0.0,0.0,0.0,0.0
20,275,5.262002048326212,3.4520218792776696,0.0,0.0,1.0,0.0,0.0,1.0
21,275,9.135457000137938,3.680873009387036,0.0,0.0,0.0,0.0,1.0,1.0
22,275,8.656239716055774,0.720082678543143,0.0,0.0,0.0,0.0,0.0,1.0
23,275,1.736832674535054,1.374205283011904,1.0,1.0,0.0,0.0,0.0,1.0
24,275,10.533497637786374,3.0810392348529736,0.0,0.0,0.0,1.0,1.0,1.0
25,275,5.519347449519959,6.303346799310726,0.0,0.0,0.0,1.0,0.0,0.0
26,275,5.760967266003799,0.5171544831155108,0.0,0.0,1.0,0.0,1.0,1.0
27,275,2.782118593963108,3.595762352910319,0.0,1.0,0.0,0.0,1.0,0.0
28,275,0.0,4.806553146905714,0.0,0.0,0.0,0.0,0.0,0.0
29,275,10.499595318280756,10.01603257321353,0.0,0.0,0.0,0.0,0.0,0.0
30,275,0.0451081786918385,0.0620620964337841,1.0,0.0,1.0,0.0,1.0,0.0
31,275,4.638558663434922,6.148769880444726,0.0,1.0,0.0,0.0,0.0,0.0
32,275,11.054578864353394,1.5125349606968612,0.0,1.0,1.0,1.0,1.0,1.0
33,275,0.0,3.1861630707212187,1.0,0.0,0.0,1.0,1.0,0.0
34,275,11.8629280456846,7.7986095915218465,0.0,0.0,0.0,1.0,0.0,0.0
35,275,7.510334383241346,1.9152659812290105,0.0,0.0,1.0,0.0,0.0,0.0
36,275,9.61452455465388,2.018884680194312,0.0,0.0,0.0,0.0,1.0,1.0
37,275,5.875285721001546,6.459793191266956,0.0,0.0,0.0,0.0,0.0,0.0
38,275,0.8962853255929805,6.022459492050932,0.0,0.0,1.0,0.0,0.0,0.0
39,275,2.0137150513783584,5.377069401639982,0.0,0.0,0.0,0.0,1.0,1.0
0,280,8.901139266341259,12.0,1.0,1.0,1.0,1.0,0.0,0.0
1,280,9.69363138385178,12.0,1.0,0.0,1.0,0.0,0.0,0.0
2,280,6.821974655806811,2.1666118271776447,1.0,1.0,0.0,0.0,1.0,1.0
3,280,9.960089367181142,3.656152193510743,0.0,0.0,1.0,1.0,1.0,0.0
4,280,11.802867816716237,2.9174048971894244,0.0,0.0,0.0,0.0,0.0,0.0
5,280,6.482730233114284,11.083006267360917,0.0,1.0,0.0,0.0,1.0,0.0
6,280,3.012642662817062,1.7254425500864086,0.0,1.0,0.0,1.0,0.0,0.0
7,280,2.944034235538157,0.0,0.0,0.0,0.0,0.0,1.0,1.0
8,280,12.0,5.422580254397736,1.0,1.0,0.0,1.0,0.0,0.0
9,280,8.630019321580795,4.624638732425013,1.0,0.0,0.0,0.0,1.0,0.0
10,280,4.9902849277881005,8.044570735754865,1.0,0.0,0.0,1.0,0.0,0.0
11,280,12.0,3.252560468473632,1.0,1.0,1.0,0.0,0.0,0.0
12,280,11.74363970652894,8.448445969818739,0.0,1.0,0.0,0.0,0.0,1.0
13,280,10.740774462949034,8.425405609364626,0.0,0.0,0.0,0.0,0.0,0.0
14,280,0.0,0.8803397241431632,1.0,1.0,1.0,1.0,0.0,1.0
15,280,11.809384206780209,11.258289937466024,1.0,0.0,0.0,0.0,1.0,0.0
16,280,0.6161730054925864,6.415018284950012,1.0,1.0,1.0,1.0,0.0,0.0
17,280,9.084502745610637,0.0,0.0,0.0,0.0,0.0,1.0,0.0
18,280,0.0,4.227580863659887,0.0,0.0,1.0,1.0,0.0,1.0
19,280,5.9583882907835,3.525098992603552,0.0,1.0,0.0,0.0,0.0,0.0
20,280,5.150752522524068,3.5386324127459097,0.0,0.0,1.0,0.0,0.0,1.0
21,280,9.151725170896102,3.6902016356019818,0.0,0.0,0.0,0.0,1.0,1.0
22,280,8.769411648865647,0.6032225361522646,0.0,0.0,0.0,0.0,0.0,1.0
23,280,1.73399140456285,1.3764679067170562,1.0,1.0,0.0,0.0,0.0,1.0
24,280,10.552951019501814,3.124489215295271,0.0,0.0,0.0,1.0,1.0,1.0
25,280,5.6191291769653535,6.361678936353671,0.0,0.0,0.0,1.0,0.0,0.0
26,280,5.803181314528091,0.5551362485778654,0.0,0.0,1.0,0.0,1.0,1.0
27,280,2.8391565371381566,3.64949355818298,0.0,1.0,0.0,0.0,1.0,0.0
28,280,0.0,4.816712116729984,0.0,0.0,0.0,0.0,0.0,0.0
29,280,10.506539072403712,10.026371017438288,0.0,0.0,0.0,0.0,0.0,0.0
30,280,0.0,0.1244409529191028,1.0,0.0,1.0,0.0,1.0,0.0
31,280,4.627581980726695,6.105630454758612,0.0,1.0,0.0,0.0,0.0,0.0
32,280,11.042708524232484,1.510150947414068,0.0,1.0,1.0,1.0,1.0,1.0
33,280,0.0,3.1691239246009104,1.0,0.0,0.0,1.0,1.0,0.0
34,280,11.849032087371564,7.803908247101542,0.0,0.0,0.0,1.0,0.0,0.0
35,280,7.502175851269645,1.9207150679610008,0.0,0.0,1.0,0.0,0.0,0.0
36,280,9.742319173043231,2.0153631084620813,0.0,0.0,0.0,0.0,1.0,1.0
37,280,5.93055493313129,6.538426939444665,0.0,0.0,0.0,0.0,0.0,0.0
38,280,0.697902699386334,6.109696177327605,0.0,0.0,1.0,0.0,0.0,0.0
39,280,1.9840556115183163,5.38906546436811,0.0,0.0,0.0,0.0,1.0,1.0
0,285,8.871429660940729,12.0,1.0,1.0,1.0,1.0,0.0,0.0
1,285,9.573447082372706,12.0,1.0,0.0,1.0,0.0,0.0,0.0
2,285,6.821604723537727,2.165720775277514,1.0,1.0,0.0,0.0,1.0,1.0
3,285,9.950848725144503,3.64575830667143,0.0,0.0,1.0,1.0,1.0,0.0
4,285,11.816599626362557,2.9191005442573004,0.0,0.0,0.0,0.0,0.0,0.0
5,285,6.496818720220827,11.083595177963652,0.0,1.0,0.0,0.0,1.0,0.0
6,285,2.9753195507216006,1.7595886164379395,0.0,1.0,0.0,1.0,0.0,0.0
7,285,3.058288915797108,0.0,0.0,0.0,0.0,0.0,1.0,1.0
8,285,12.0,5.501692678751831,1.0,1.0,0.0,1.0,0.0,0.0
9,285,8.602016160047416,4.635072395752111,1.0,0.0,0.0,0.0,1.0,0.0
10,285,4.970423353456783,7.98080069325021,1.0,0.0,0.0,1.0,0.0,0.0
11,285,12.0,3.3027668043907474,1.0,1.0,1.0,0.0,0.0,0.0
12,285,11.737682604765718,8.448975582468675,0.0,1.0,0.0,0.0,0.0,1.0
13,285,10.788683976134791,8.587580485793392,0.0,0.0,0.0,0.0,0.0,0.0
14,285,0.0,0.975031080044538,1.0,1.0,1.0,1.0,0.0,1.0
15,285,11.801662655689285,11.263298802046055,1.0,0.0,0.0,0.0,1.0,0.0
16,285,0.5944011877245181,6.350322002982418,1.0,1.0,1.0,1.0,0.0,0.0
17,285,9.28406551902872,0.0,0.0,0.0,0.0,0.0,1.0,0.0
18,285,0.0,4.197034599650877,0.0,0.0,1.0,1.0,0.0,1.0
19,285,5.96424888697087,3.6212301405510514,0.0,1.0,0.0,0.0,0.0,0.0
20,285,5.0349206218947336,3.628804637106021,0.0,0.0,1.0,0.0,0.0,1.0
21,285,9.177939944915948,3.70471113928866,0.0,0.0,0.0,0.0,1.0,1.0
22,285,8.901674935717251,0.4602215922736835,0.0,0.0,0.0,0.0,0.0,1.0
23,285,1.7168987471673254,1.38959691518523,1.0,1.0,0.0,0.0,0.0,1.0
24,285,10.579078425680525,3.1864238912679297,0.0,0.0,0.0,1.0,1.0,1.0
25,285,5.703240083644079,6.411205519590265,0.0,0.0,0.0,1.0,0.0,0.0
26,285,5.840313869861188,0.5885491514982507,0.0,0.0,1.0,0.0,1.0,1.0
27,285,2.8874333094821822,3.697435579036181,0.0,1.0,0.0,0.0,1.0,0.0
28,285,0.0,4.819433801219198,0.0,0.0,0.0,0.0,0.0,0.0
29,285,10.500884502013522,10.018088913892866,0.0,0.0,0.0,0.0,0.0,0.0
30,285,0.0,0.1987280531402896,1.0,0.0,1.0,0.0,1.0,0.0
31,285,4.618193933061944,6.070105674587163,0.0,1.0,0.0,0.0,0.0,0.0
32,285,11.0345834966303,1.5085972471657194,0.0,1.0,1.0,1.0,1.0,1.0
33,285,0.0,3.15377800814473,1.0,0.0,0.0,1.0,1.0,0.0
34,285,11.81310166732778,7.816877050962622,0.0,0.0,0.0,1.0,0.0,0.0
35,285,7.504146175115528,1.9193826445021025,0.0,0.0,1.0,0.0,0.0,0.0
36,285,9.86352475266913,2.0119513114570458,0.0,0.0,0.0,0.0,1.0,1.0
37,285,5.988052221254614,6.6203899566309685,0.0,0.0,0.0,0.0,0.0,0.0
38,285,0.513899950595929,6.188289138531935,0.0,0.0,1.0,0.0,0.0,0.0
39,285,1.9590101122108077,5.399749827863966,0.0,0.0,0.0,0.0,1.0,1.0
0,290,8.841356728645424,12.0,1.0,1.0,1.0,1.0,0.0,0.0
1,290,9.436188529864667,12.0,1.0,0.0,1.0,0.0,0.0,0.0
2,290,6.812214280316431,2.143287410522427,1.0,1.0,0.0,0.0,1.0,1.0
3,290,9.943194099841495,3.637475860182884,0.0,0.0,1.0,1.0,1.0,0.0
4,290,11.840129773709108,2.9217937589310203,0.0,0.0,0.0,0.0,0.0,0.0
5,290,6.508154688687142,11.083967627173765,0.0,1.0,0.0,0.0,1.0,0.0
6,290,2.9590882656769386,1.7748376996462858,0.0,1.0,0.0,1.0,0.0,0.0
7,290,3.1841177023470784,0.0,0.0,0.0,0.0,0.0,1.0,1.0
8,290,12.0,5.5904433587771605,1.0,1.0,0.0,1.0,0.0,0.0
9,290,8.587886363451766,4.640089312136123,1.0,0.0,0.0,0.0,1.0,0.0
10,290,4.952571482376618,7.929781038478085,1.0,0.0,0.0,1.0,0.0,0.0
11,290,12.0,3.340435581607613,1.0,1.0,1.0,0.0,0.0,0.0
12,290,11.755294706265458,8.44750973614461,0.0,1.0,0.0,0.0,0.0,1.0
13,290,10.83659471291296,8.753334359229216,0.0,0.0,0.0,0.0,0.0,0.0
14,290,0.0,1.0684349305301153,1.0,1.0,1.0,1.0,0.0,1.0
15,290,11.774723578646896,11.280148409188664,1.0,0.0,0.0,0.0,1.0,0.0
16,290,0.5636803686717082,6.266386882748999,1.0,1.0,1.0,1.0,0.0,0.0
17,290,9.503504143906651,0.0,0.0,0.0,0.0,0.0,1.0,0.0
18,290,0.0,4.160021931817038,0.0,0.0,1.0,1.0,0.0,1.0
19,290,5.974016237714769,3.7335313009714457,0.0,1.0,0.0,0.0,0.0,0.0
20,290,4.918785975393888,3.725515233493637,0.0,0.0,1.0,0.0,0.0,1.0
21,290,9.207397406500874,3.720953277698935,0.0,0.0,0.0,0.0,1.0,1.0
22,290,9.023655532750944,0.3207229943526153,0.0,0.0,0.0,0.0,0.0,1.0
23,290,1.6847123629553875,1.4135408632355486,1.0,1.0,0.0,0.0,0.0,1.0
24,290,10.603951705080108,3.247493102479224,0.0,0.0,0.0,1.0,1.0,1.0
25,290,5.798880129931651,6.4695540616340494,0.0,0.0,0.0,1.0,0.0,0.0
26,290,5.886432698407255,0.6294979329867304,0.0,0.0,1.0,0.0,1.0,1.0
27,290,2.93478538571748,3.746183159394152,0.0,1.0,0.0,0.0,1.0,0.0
28,290,0.0,4.827062762448306,0.0,0.0,0.0,0.0,0.0,0.0
29,290,10.48086526135458,9.987604747181628,0.0,0.0,0.0,0.0,0.0,0.0
30,290,0.0,0.2522677265064604,1.0,0.0,1.0,0.0,1.0,0.0
31,290,4.600082495665642,6.002222666787284,0.0,1.0,0.0,0.0,0.0,0.0
32,290,11.038251684097354,1.5094095793214908,0.0,1.0,1.0,1.0,1.0,1.0
33,290,0.0,3.1386565913829503,1.0,0.0,0.0,1.0,1.0,0.0
34,290,11.760457042782802,7.834892438639104,0.0,0.0,0.0,1.0,0.0,0.0
35,290,7.512316333407755,1.9138503390385493,0.0,0.0,1.0,0.0,0.0,0.0
36,290,9.99462439681165,2.005574892166765,0.0,0.0,0.0,0.0,1.0,1.0
37,290,6.043885021041096,6.701140839956855,0.0,0.0,0.0,0.0,0.0,0.0
38,290,0.3194310017176626,6.267781546312959,0.0,0.0,1.0,0.0,0.0,0.0
39,290,1.9442859811438669,5.4056690344250615,0.0,0.0,0.0,0.0,1.0,1.0
0,295,8.809973319865412,12.0,1.0,1.0,1.0,1.0,0.0,0.0
1,295,9.302698148325362,12.0,1.0,0.0,1.0,0.0,0.0,0.0
2,295,6.801661314877646,2.1197457369915518,1.0,1.0,0.0,0.0,1.0,1.0
3,295,9.9299139038566,3.6232010939210273,0.0,0.0,1.0,1.0,1.0,0.0
4,295,11.865732604566606,2.9245107963903867,0.0,0.0,0.0,0.0,0.0,0.0
5,295,6.527259120946058,11.0851237662324,0.0,1.0,0.0,0.0,1.0,0.0
6,295,2.936679594725672,1.7962945877242669,0.0,1.0,0.0,1.0,0.0,0.0
7,295,3.3102147095099426,0.0,0.0,0.0,0.0,0.0,1.0,1.0
8,295,12.0,5.684347970790213,1.0,1.0,0.0,1.0,0.0,0.0
9,295,8.578274559996727,4.643209607815756,1.0,0.0,0.0,0.0,1.0,0.0
10,295,4.940491237323028,7.894681988022255,1.0,0.0,0.0,1.0,0.0,0.0
11,295,12.0,3.383662096023857,1.0,1.0,1.0,0.0,0.0,0.0
12,295,11.78700839885428,8.445148341892233,0.0,1.0,0.0,0.0,0.0,1.0
13,295,10.877975704954702,8.899766185104632,0.0,0.0,0.0,0.0,0.0,0.0
14,295,0.0,1.144925221851357,1.0,1.0,1.0,1.0,0.0,1.0
15,295,11.75368727641027,11.292830624760107,1.0,0.0,0.0,0.0,1.0,0.0
16,295,0.5267346251616858,6.1661819143038175,1.0,1.0,1.0,1.0,0.0,0.0
17,295,9.733024383353964,0.0,0.0,0.0,0.0,0.0,1.0,0.0
18,295,0.0,4.124324270151362,0.0,0.0,1.0,1.0,0.0,1.0
19,295,5.984450834274004,3.850614913771148,0.0,1.0,0.0,0.0,0.0,0.0
20,295,4.815812326286199,3.81052839656149,0.0,0.0,1.0,0.0,0.0,1.0
21,295,9.248158519848248,3.743747861846452,0.0,0.0,0.0,0.0,1.0,1.0
22,295,9.145267474068534,0.1782623919824668,0.0,0.0,0.0,0.0,0.0,1.0
23,295,1.6766355633033398,1.4195638583870602,1.0,1.0,0.0,0.0,0.0,1.0
24,295,10.62717518033908,3.3097500867149368,0.0,0.0,0.0,1.0,1.0,1.0
25,295,5.867810272900136,6.512024724023663,0.0,0.0,0.0,1.0,0.0,0.0
26,295,5.940697035939357,0.6793152796433699,0.0,0.0,1.0,0.0,1.0,1.0
27,295,2.972052105023213,3.783443851165685,0.0,1.0,0.0,0.0,1.0,0.0
28,295,0.0,4.837632717993727,0.0,0.0,0.0,0.0,0.0,0.0
29,295,10.477359112039515,9.98253547655658,0.0,0.0,0.0,0.0,0.0,0.0
30,295,0.0,0.3088070729092835,1.0,0.0,1.0,0.0,1.0,0.0
31,295,4.578371469217471,5.925817942741716,0.0,1.0,0.0,0.0,0.0,0.0
32,295,11.041556894280772,1.5101321612127936,0.0,1.0,1.0,1.0,1.0,1.0
33,295,0.0,3.122848851091418,1.0,0.0,0.0,1.0,1.0,0.0
34,295,11.726664242279716,7.847182078712563,0.0,0.0,0.0,1.0,0.0,0.0
35,295,7.523174829033222,1.9068043934117596,0.0,0.0,1.0,0.0,0.0,0.0
36,295,10.126029049263568,2.0011801247411323,0.0,0.0,0.0,0.0,1.0,1.0
37,295,6.108240736692097,6.798776440603666,0.0,0.0,0.0,0.0,0.0,0.0
38,295,0.1230546200815346,6.350657533096965,0.0,0.0,1.0,0.0,0.0,0.0
39,295,1.939330423202912,5.407596633771902,0.0,0.0,0.0,0.0,1.0,1.0
