0,0,0.0,0.0,1.0,0.0,0.0,1.0,0.0,0.0
1,0,1.01094500917994,6.924885737750133,1.0,1.0,0.0,0.0,1.0,1.0
2,0,0.0,11.026247842293726,0.0,1.0,1.0,0.0,0.0,0.0
3,0,0.0,6.933015082722903,0.0,1.0,0.0,1.0,0.0,0.0
4,0,3.978807555869383,10.042305934661051,0.0,0.0,0.0,0.0,0.0,0.0
5,0,0.9339069429089676,0.0,1.0,1.0,0.0,0.0,1.0,0.0
6,0,0.0,5.984016473824688,0.0,1.0,0.0,0.0,1.0,0.0
7,0,6.946625474054115,11.965182706966733,1.0,0.0,1.0,1.0,0.0,0.0
8,0,5.938866469930316,10.977681349765476,0.0,0.0,0.0,0.0,0.0,1.0
9,0,0.0278701631366146,0.9484416699081224,0.0,0.0,1.0,1.0,0.0,1.0
10,0,8.95728915219469,1.9610254442141848,0.0,1.0,0.0,0.0,0.0,1.0
11,0,1.966554950798032,4.983921880606854,0.0,1.0,0.0,0.0,1.0,1.0
12,0,0.0,11.052674339320207,0.0,0.0,1.0,1.0,1.0,0.0
13,0,8.067014483587993,6.0191747100249895,1.0,1.0,1.0,1.0,1.0,1.0
14,0,3.024818442693927,10.02152478725712,0.0,1.0,0.0,0.0,0.0,1.0
15,0,0.9818163674874693,8.012516203595803,1.0,0.0,1.0,1.0,0.0,0.0
16,0,0.9542926074399968,7.946878630633676,0.0,0.0,0.0,1.0,0.0,1.0
17,0,7.028999363196806,5.946562643642278,0.0,0.0,1.0,1.0,0.0,0.0
18,0,6.980124115499431,1.0432562440359432,1.0,0.0,1.0,0.0,0.0,1.0
19,0,0.9913453822478238,12.0,1.0,0.0,0.0,1.0,1.0,1.0
20,0,5.989626382916482,1.0589065709469698,1.0,0.0,0.0,0.0,0.0,1.0
21,0,5.043628837824675,3.957468872705799,0.0,0.0,0.0,0.0,0.0,1.0
22,0,6.000848527254399,9.93698338144651,0.0,1.0,0.0,0.0,1.0,0.0
23,0,4.040726715830213,11.97187110390124,0.0,0.0,0.0,0.0,1.0,1.0
24,0,3.9213517717279776,5.98045528192036,0.0,0.0,0.0,1.0,0.0,0.0
25,0,7.960246603626781,11.986295343136687,1.0,1.0,0.0,1.0,0.0,0.0
26,0,6.021771773418637,1.0380239805003466,0.0,0.0,0.0,1.0,1.0,1.0
27,0,5.97882940155893,7.935809678778046,1.0,0.0,0.0,1.0,1.0,1.0
28,0,8.036990443513616,7.976831991071057,0.0,1.0,0.0,1.0,0.0,1.0
29,0,8.956966935093323,11.013369610346867,0.0,0.0,1.0,0.0,0.0,0.0
30,0,2.0504888117118854,10.947111978386204,0.0,0.0,0.0,0.0,1.0,1.0
31,0,4.021470128491939,4.935303754645462,0.0,0.0,0.0,0.0,0.0,1.0
32,0,5.020060320772138,5.025635825929845,0.0,0.0,0.0,1.0,1.0,0.0
33,0,11.960075525156636,3.035674913357905,0.0,0.0,1.0,1.0,0.0,0.0
34,0,4.926753253536909,9.023329835774994,1.0,1.0,0.0,0.0,0.0,0.0
35,0,3.93619645176876,4.007655349520343,0.0,0.0,1.0,1.0,0.0,0.0
36,0,8.989081941616924,2.069299215312656,0.0,0.0,1.0,0.0,1.0,0.0
37,0,1.9655819123235,4.931536602255206,0.0,0.0,0.0,0.0,0.0,0.0
38,0,11.014121694809765,1.07133519690927,0.0,0.0,0.0,1.0,1.0,1.0
39,0,4.032088862250519,4.042423587656116,1.0,1.0,1.0,0.0,0.0,0.0
0,5,0.0,0.0,1.0,0.0,0.0,1.0,0.0,0.0
1,5,1.019653013872735,6.862791940085247,1.0,1.0,0.0,0.0,1.0,1.0
2,5,0.0,11.054745149304036,0.0,1.0,1.0,0.0,0.0,0.0
3,5,0.0,6.86908684172997,0.0,1.0,0.0,1.0,0.0,0.0
4,5,3.965571731069177,10.067662021891538,0.0,0.0,0.0,0.0,0.0,0.0
5,5,0.8621393829725027,0.0,1.0,1.0,0.0,0.0,1.0,0.0
6,5,0.0,5.9453886669533,0.0,1.0,0.0,0.0,1.0,0.0
7,5,6.887440604506118,11.924093825999131,1.0,0.0,1.0,1.0,0.0,0.0
8,5,5.879815684663913,10.954164634881192,0.0,0.0,0.0,0.0,0.0,1.0
9,5,0.0533114863263713,0.9048651010998726,0.0,0.0,1.0,1.0,0.0,1.0
10,5,8.913191058071988,1.9156879537439373,0.0,1.0,0.0,0.0,0.0,1.0
11,5,1.93150957566572,4.967147102176976,0.0,1.0,0.0,0.0,1.0,1.0
12,5,0.0,11.112210706924474,0.0,0.0,1.0,1.0,1.0,0.0
13,5,8.127606190444727,6.035887668668514,1.0,1.0,1.0,1.0,1.0,1.0
14,5,3.048721643018119,10.043460926533191,0.0,1.0,0.0,0.0,0.0,1.0
15,5,0.9537178165052432,8.03047495347853,1.0,0.0,1.0,1.0,0.0,0.0
16,5,0.9216542296552788,7.909107803786266,0.0,0.0,0.0,1.0,0.0,1.0
17,5,7.062903267843007,5.882157168063512,0.0,0.0,1.0,1.0,0.0,0.0
18,5,6.960219444170268,1.088950392241346,1.0,0.0,1.0,0.0,0.0,1.0
19,5,0.9827965598039884,12.0,1.0,0.0,0.0,1.0,1.0,1.0
20,5,5.976525792073873,1.1346967647027493,1.0,0.0,0.0,0.0,0.0,1.0
21,5,5.087642191177763,3.915584276098505,0.0,0.0,0.0,0.0,0.0,1.0
22,5,6.002533350369059,9.856033990910491,0.0,1.0,0.0,0.0,1.0,0.0
23,5,4.079401654396033,11.94395033213839,0.0,0.0,0.0,0.0,1.0,1.0
24,5,3.846183886841805,5.96151888112024,0.0,0.0,0.0,1.0,0.0,0.0
25,5,7.922852940957354,11.97369217360289,1.0,1.0,0.0,1.0,0.0,0.0
26,5,6.036975900598075,1.063556887545291,0.0,0.0,0.0,1.0,1.0,1.0
27,5,5.95995322175501,7.874681908936957,1.0,0.0,0.0,1.0,1.0,1.0
28,5,8.097909455814271,7.93991164963867,0.0,1.0,0.0,1.0,0.0,1.0
29,5,8.910592504057497,11.02651914973524,0.0,0.0,1.0,0.0,0.0,0.0
30,5,2.0972765209322253,10.89810500701778,0.0,0.0,0.0,0.0,1.0,1.0
31,5,4.040099292650241,4.876291812316428,0.0,0.0,0.0,0.0,0.0,1.0
32,5,4.998562604028418,5.042379072496929,0.0,0.0,0.0,1.0,1.0,0.0
33,5,11.923454771692477,3.068546675110629,0.0,0.0,1.0,1.0,0.0,0.0
34,5,4.842014932488022,9.052687391425335,1.0,1.0,0.0,0.0,0.0,0.0
35,5,3.875832018078562,4.01718499788768,0.0,0.0,1.0,1.0,0.0,0.0
36,5,8.976739147497613,2.135653853613834,0.0,0.0,1.0,0.0,1.0,0.0
37,5,1.9333666990640304,4.860325413401956,0.0,0.0,0.0,0.0,0.0,0.0
38,5,11.031665643150951,1.1496726424482968,0.0,0.0,0.0,1.0,1.0,1.0
39,5,4.065904875425456,4.086845379609174,1.0,1.0,1.0,0.0,0.0,0.0
0,10,0.0,0.0,1.0,0.0,0.0,1.0,0.0,0.0
1,10,1.0276759530117243,6.799833401358898,1.0,1.0,0.0,0.0,1.0,1.0
2,10,0.0,11.087779146445532,0.0,1.0,1.0,0.0,0.0,0.0
3,10,0.0,6.823247326801658,0.0,1.0,0.0,1.0,0.0,0.0
4,10,3.9564578865535296,10.084684739212276,0.0,0.0,0.0,0.0,0.0,0.0
5,10,0.7722013548473387,0.0,1.0,1.0,0.0,0.0,1.0,0.0
6,10,0.0,5.895277192495437,0.0,1.0,0.0,0.0,1.0,0.0
7,10,6.8393623252824005,11.891007340099163,1.0,0.0,1.0,1.0,0.0,0.0
8,10,5.799220856700478,10.924951272458648,0.0,0.0,0.0,0.0,0.0,1.0
9,10,0.0771352767634011,0.8636341123106629,0.0,0.0,1.0,1.0,0.0,1.0
10,10,8.843235974917246,1.8438789274409493,0.0,1.0,0.0,0.0,0.0,1.0
11,10,1.8982957756991623,4.949804075628852,0.0,1.0,0.0,0.0,1.0,1.0
12,10,0.0,11.182750182311509,0.0,0.0,1.0,1.0,1.0,0.0
13,10,8.191493315925303,6.0540975310516965,1.0,1.0,1.0,1.0,1.0,1.0
14,10,3.0783232406547087,10.069390994487009,0.0,1.0,0.0,0.0,0.0,1.0
15,10,0.9373253107259898,8.041285624117371,1.0,0.0,1.0,1.0,0.0,0.0
16,10,0.8942971851268132,7.876222387761275,0.0,0.0,0.0,1.0,0.0,1.0
17,10,7.092270739378784,5.830523805524539,0.0,0.0,1.0,1.0,0.0,0.0
18,10,6.9363078352921,1.141993591804381,1.0,0.0,1.0,0.0,0.0,1.0
19,10,0.9741272910008568,12.0,1.0,0.0,0.0,1.0,1.0,1.0
20,10,5.918978340012955,1.1251439350631884,1.0,0.0,0.0,0.0,0.0,1.0
21,10,5.149118896169014,3.857381021592345,0.0,0.0,0.0,0.0,0.0,1.0
22,10,6.003279381485608,9.789903832809538,0.0,1.0,0.0,0.0,1.0,0.0
23,10,4.094791386476896,11.932483877142772,0.0,0.0,0.0,0.0,1.0,1.0
24,10,3.769848720335709,5.945436418616582,0.0,0.0,0.0,1.0,0.0,0.0
25,10,7.886299651968284,11.962010539343078,1.0,1.0,0.0,1.0,0.0,0.0
26,10,6.051156388856579,1.0877285595816009,0.0,0.0,0.0,1.0,1.0,1.0
27,10,5.929639371529177,7.781032174113922,1.0,0.0,0.0,1.0,1.0,1.0
28,10,8.192117146399667,7.879687118559968,0.0,1.0,0.0,1.0,0.0,1.0
29,10,8.871794046635806,11.036676459965298,0.0,0.0,1.0,0.0,0.0,0.0
30,10,2.1445947993413785,10.848941668771776,0.0,0.0,0.0,0.0,1.0,1.0
31,10,4.0545960991441445,4.830579448429094,0.0,0.0,0.0,0.0,0.0,1.0
32,10,4.9813274820955,5.056789711964717,0.0,0.0,0.0,1.0,1.0,0.0
33,10,11.891579275894903,3.0981362821974154,0.0,0.0,1.0,1.0,0.0,0.0
34,10,4.754423819344219,9.08300999113684,1.0,1.0,0.0,0.0,0.0,0.0
35,10,3.8197220020533074,4.025683576448853,0.0,0.0,1.0,1.0,0.0,0.0
36,10,8.964749302479465,2.209942090157815,0.0,0.0,1.0,0.0,1.0,0.0
37,10,1.8925743934772536,4.768398544532248,0.0,0.0,0.0,0.0,0.0,0.0
38,10,11.046208979975477,1.2228781038527492,0.0,0.0,0.0,1.0,1.0,1.0
39,10,4.092698379453235,4.12417159647927,1.0,1.0,1.0,0.0,0.0,0.0
0,15,0.0,0.0,1.0,0.0,0.0,1.0,0.0,0.0
1,15,1.03643567385789,6.703238740555085,1.0,1.0,0.0,0.0,1.0,1.0
2,15,0.0,11.119890514731328,0.0,1.0,1.0,0.0,0.0,0.0
3,15,0.0,6.78079942872773,0.0,1.0,0.0,1.0,0.0,0.0
4,15,3.938371162121128,10.120239090350564,0.0,0.0,0.0,0.0,0.0,0.0
5,15,0.697137888131353,0.0,1.0,1.0,0.0,0.0,1.0,0.0
6,15,0.0,5.846862686467331,0.0,1.0,0.0,0.0,1.0,0.0
7,15,6.794243762048028,11.859610349254291,1.0,0.0,1.0,1.0,0.0,0.0
8,15,5.696003194210207,10.888317146927829,0.0,0.0,0.0,0.0,0.0,1.0
9,15,0.0919268102264136,0.8387273260116633,0.0,0.0,1.0,1.0,0.0,1.0
10,15,8.770928362948402,1.771986332672533,0.0,1.0,0.0,0.0,0.0,1.0
11,15,1.8654429976398623,4.931733336954976,0.0,1.0,0.0,0.0,1.0,1.0
12,15,0.0,11.246564571795153,0.0,0.0,1.0,1.0,1.0,0.0
13,15,8.2637052657599,6.0754791136273605,1.0,1.0,1.0,1.0,1.0,1.0
14,15,3.09541003549156,10.084224606984357,0.0,1.0,0.0,0.0,0.0,1.0
15,15,0.9152476527205708,8.055687282936953,1.0,0.0,1.0,1.0,0.0,0.0
16,15,0.8673968317614442,7.842324088370088,0.0,0.0,0.0,1.0,0.0,1.0
17,15,7.119851004056118,5.781665471047011,0.0,0.0,1.0,1.0,0.0,0.0
18,15,6.913165941399638,1.1924864391657737,1.0,0.0,1.0,0.0,0.0,1.0
19,15,0.9651423079911544,12.0,1.0,0.0,0.0,1.0,1.0,1.0
20,15,5.86744001781456,1.118723348519316,1.0,0.0,0.0,0.0,0.0,1.0
21,15,5.206290646975331,3.8033115164032014,0.0,0.0,0.0,0.0,0.0,1.0
22,15,6.006235138544926,9.72507836488768,0.0,1.0,0.0,0.0,1.0,0.0
23,15,4.101513669272596,11.927635648384506,0.0,0.0,0.0,0.0,1.0,1.0
24,15,3.6826290394396377,5.926786923179145,0.0,0.0,0.0,1.0,0.0,0.0
25,15,7.834744240849418,11.945313153240097,1.0,1.0,0.0,1.0,0.0,0.0
26,15,6.07045049498436,1.1209511140220911,0.0,0.0,0.0,1.0,1.0,1.0
27,15,5.89889668942099,7.691142752747195,1.0,0.0,0.0,1.0,1.0,1.0
28,15,8.272277371107739,7.826635325007333,0.0,1.0,0.0,1.0,0.0,1.0
29,15,8.856157761283148,11.040646330743394,0.0,0.0,1.0,0.0,0.0,0.0
30,15,2.1928636782557733,10.79861400935237,0.0,0.0,0.0,0.0,1.0,1.0
31,15,4.069392809697776,4.7782184873244855,0.0,0.0,0.0,0.0,0.0,1.0
32,15,4.959162286692571,5.076171879673539,0.0,0.0,0.0,1.0,1.0,0.0
33,15,11.855481442874533,3.132539343698592,0.0,0.0,1.0,1.0,0.0,0.0
34,15,4.672385367992003,9.111420197853954,1.0,1.0,0.0,0.0,0.0,0.0
35,15,3.7463495456698497,4.035065519360705,0.0,0.0,1.0,1.0,0.0,0.0
36,15,8.953783184421365,2.2799066503980003,0.0,0.0,1.0,0.0,1.0,0.0
37,15,1.85364637257011,4.673933871986169,0.0,0.0,0.0,0.0,0.0,0.0
38,15,11.061300787922306,1.3052346065617055,0.0,0.0,0.0,1.0,1.0,1.0
39,15,4.118170201468912,4.159155041058314,1.0,1.0,1.0,0.0,0.0,0.0
0,20,0.0,0.0,1.0,0.0,0.0,1.0,0.0,0.0
1,20,1.0435784166939033,6.621700063719377,1.0,1.0,0.0,0.0,1.0,1.0
2,20,0.0,11.155913409760624,0.0,1.0,1.0,0.0,0.0,0.0
3,20,0.0,6.722212708978495,0.0,1.0,0.0,1.0,0.0,0.0
4,20,3.917314765314598,10.16154023945736,0.0,0.0,0.0,0.0,0.0,0.0
5,20,0.6363844896764513,0.0,1.0,1.0,0.0,0.0,1.0,0.0
6,20,0.0,5.79823888730001,0.0,1.0,0.0,0.0,1.0,0.0
7,20,6.756133147972987,11.834005398141878,1.0,0.0,1.0,1.0,0.0,0.0
8,20,5.594817137870391,10.851963497390608,0.0,0.0,0.0,0.0,0.0,1.0
9,20,0.113248078213539,0.8027181785383888,0.0,0.0,1.0,1.0,0.0,1.0
10,20,8.693458807855714,1.6905181903840685,0.0,1.0,0.0,0.0,0.0,1.0
11,20,1.821288570115612,4.908346965592029,0.0,1.0,0.0,0.0,1.0,1.0
12,20,0.0,11.29838318116079,0.0,0.0,1.0,1.0,1.0,0.0
13,20,8.32416501994721,6.093587557439872,1.0,1.0,1.0,1.0,1.0,1.0
14,20,3.1244529232565665,10.109173249275871,0.0,1.0,0.0,0.0,0.0,1.0
15,20,0.8917441218504221,8.070674895059096,1.0,0.0,1.0,1.0,0.0,0.0
16,20,0.8456281002972947,7.816067539248989,0.0,0.0,0.0,1.0,0.0,1.0
17,20,7.145375884883462,5.737759985271682,0.0,0.0,1.0,1.0,0.0,0.0
18,20,6.903258911359531,1.2143316215067352,1.0,0.0,1.0,0.0,0.0,1.0
19,20,0.9580669418016516,12.0,1.0,0.0,0.0,1.0,1.0,1.0
20,20,5.807699419520819,1.1096636209037265,1.0,0.0,0.0,0.0,0.0,1.0
21,20,5.263368931153514,3.7497938399351063,0.0,0.0,0.0,0.0,0.0,1.0
22,20,6.008989096497647,9.669362764766568,0.0,1.0,0.0,0.0,1.0,0.0
23,20,4.107680518270153,11.9230574059882,0.0,0.0,0.0,0.0,1.0,1.0
24,20,3.600285855806544,5.907563583519159,0.0,0.0,0.0,1.0,0.0,0.0
25,20,7.776613066206348,11.928296215005476,1.0,1.0,0.0,1.0,0.0,0.0
26,20,6.096467746796581,1.1669396609703742,0.0,0.0,0.0,1.0,1.0,1.0
27,20,5.863139967384573,7.599577280755508,1.0,0.0,0.0,1.0,1.0,1.0
28,20,8.342880089184481,7.778662156274978,0.0,1.0,0.0,1.0,0.0,1.0
29,20,8.845781627330828,11.043436363895037,0.0,0.0,1.0,0.0,0.0,0.0
30,20,2.2435482842330656,10.744602267172844,0.0,0.0,0.0,0.0,1.0,1.0
31,20,4.08342902032361,4.730266259717943,0.0,0.0,0.0,0.0,0.0,1.0
32,20,4.941624658916465,5.091754286073599,0.0,0.0,0.0,1.0,1.0,0.0
33,20,11.83521447635906,3.1515572860518897,0.0,0.0,1.0,1.0,0.0,0.0
34,20,4.592763091065197,9.136662805573916,1.0,1.0,0.0,0.0,0.0,0.0
35,20,3.681450178494879,4.042071755633605,0.0,0.0,1.0,1.0,0.0,0.0
36,20,8.942773140900993,2.343446346480433,0.0,0.0,1.0,0.0,1.0,0.0
37,20,1.7580966696180065,4.714072458605838,0.0,0.0,0.0,0.0,0.0,0.0
38,20,11.073442886492668,1.3757352927641686,0.0,0.0,0.0,1.0,1.0,1.0
39,20,4.141355510407092,4.1885600255079884,1.0,1.0,1.0,0.0,0.0,0.0
0,25,0.0,0.0,1.0,0.0,0.0,1.0,0.0,0.0
1,25,1.0522757003930725,6.536218167228977,1.0,1.0,0.0,0.0,1.0,1.0
2,25,0.0,11.196563143044733,0.0,1.0,1.0,0.0,0.0,0.0
3,25,0.0,6.665557468509905,0.0,1.0,0.0,1.0,0.0,0.0
4,25,3.890582645789647,10.20977652363777,0.0,0.0,0.0,0.0,0.0,0.0
5,25,0.5819704364644568,0.0,1.0,1.0,0.0,0.0,1.0,0.0
6,25,0.0,5.743997383998326,0.0,1.0,0.0,0.0,1.0,0.0
7,25,6.723518708246291,11.814086882563831,1.0,0.0,1.0,1.0,0.0,0.0
8,25,5.503634296762934,10.818704315113695,0.0,0.0,0.0,0.0,0.0,1.0
9,25,0.1172824609346034,0.7959249393978856,0.0,0.0,1.0,1.0,0.0,1.0
10,25,8.622066145562918,1.6161286963844812,0.0,1.0,0.0,0.0,0.0,1.0
11,25,1.763429063738695,4.876942258105835,0.0,1.0,0.0,0.0,1.0,1.0
12,25,0.0,11.34259234266714,0.0,0.0,1.0,1.0,1.0,0.0
13,25,8.374157220595404,6.109296360865311,1.0,1.0,1.0,1.0,1.0,1.0
14,25,3.159177884992374,10.139633919499166,0.0,1.0,0.0,0.0,0.0,1.0
15,25,0.86551570040482,8.087740786783362,1.0,0.0,1.0,1.0,0.0,0.0
16,25,0.8244599905498801,7.790068147170293,0.0,0.0,0.0,1.0,0.0,1.0
17,25,7.167716948025772,5.700545981673248,0.0,0.0,1.0,1.0,0.0,0.0
18,25,6.897529032321648,1.2266739936854012,1.0,0.0,1.0,0.0,0.0,1.0
19,25,0.9529770268358682,12.0,1.0,0.0,0.0,1.0,1.0,1.0
20,25,5.756508866977808,1.1007738786886287,1.0,0.0,0.0,0.0,0.0,1.0
21,25,5.327079811094386,3.6864381965918462,0.0,0.0,0.0,0.0,0.0,1.0
22,25,6.011261577413429,9.610498460232549,0.0,1.0,0.0,0.0,1.0,0.0
23,25,4.117767880585156,11.91568667931772,0.0,0.0,0.0,0.0,1.0,1.0
24,25,3.534037780359435,5.893064604076574,0.0,0.0,0.0,1.0,0.0,0.0
25,25,7.725822954010343,11.914272437991524,1.0,1.0,0.0,1.0,0.0,0.0
26,25,6.129523009646487,1.2256155447786723,0.0,0.0,0.0,1.0,1.0,1.0
27,25,5.823884782911625,7.497853031391431,1.0,0.0,0.0,1.0,1.0,1.0
28,25,8.40383823450322,7.736564824738037,0.0,1.0,0.0,1.0,0.0,1.0
29,25,8.830699613055078,11.047417762896226,0.0,0.0,1.0,0.0,0.0,0.0
30,25,2.2870100174116645,10.78611269604317,0.0,0.0,0.0,0.0,1.0,1.0
31,25,4.088655215009505,4.71153333495784,0.0,0.0,0.0,0.0,0.0,1.0
32,25,4.921477204912684,5.109637164848159,0.0,0.0,0.0,1.0,1.0,0.0
33,25,11.806608422753897,3.1790886969307937,0.0,0.0,1.0,1.0,0.0,0.0
34,25,4.496506583149431,9.170844824130045,1.0,1.0,0.0,0.0,0.0,0.0
35,25,3.5992311553748912,4.050412010953993,0.0,0.0,1.0,1.0,0.0,0.0
36,25,8.933336474078102,2.407973259543421,0.0,0.0,1.0,0.0,1.0,0.0
37,25,1.6771056093553116,4.749936229745119,0.0,0.0,0.0,0.0,0.0,0.0
38,25,11.087437242416613,1.4591762410316598,0.0,0.0,0.0,1.0,1.0,1.0
39,25,4.168451428371331,4.222070080186715,1.0,1.0,1.0,0.0,0.0,0.0
0,30,0.0,0.0,1.0,0.0,0.0,1.0,0.0,0.0
1,30,1.0649899889034868,6.427397354446181,1.0,1.0,0.0,0.0,1.0,1.0
2,30,0.0,11.24661101986742,0.0,1.0,1.0,0.0,0.0,0.0
3,30,0.0,6.6007814232101545,0.0,1.0,0.0,1.0,0.0,0.0
4,30,3.857333949213821,10.27114234376647,0.0,0.0,0.0,0.0,0.0,0.0
5,30,0.5333309527446276,0.0,1.0,1.0,0.0,0.0,1.0,0.0
6,30,0.0,5.701420651420858,0.0,1.0,0.0,0.0,1.0,0.0
7,30,6.691139927106105,11.793166573820448,1.0,0.0,1.0,1.0,0.0,0.0
8,30,5.390788948921395,10.77706540141469,0.0,0.0,0.0,0.0,0.0,1.0
9,30,0.1243960937220892,0.7840896448563366,0.0,0.0,1.0,1.0,0.0,1.0
10,30,8.550581151407387,1.5391994248468936,0.0,1.0,0.0,0.0,0.0,1.0
11,30,1.6912725867820768,4.838546569187104,0.0,1.0,0.0,0.0,1.0,1.0
12,30,0.0,11.3963269162307,0.0,0.0,1.0,1.0,1.0,0.0
13,30,8.418001114233544,6.123874162942212,1.0,1.0,1.0,1.0,1.0,1.0
14,30,3.192794359660112,10.170845796097892,0.0,1.0,0.0,0.0,0.0,1.0
15,30,0.8374936875411064,8.106477240234215,1.0,0.0,1.0,1.0,0.0,0.0
16,30,0.8118220370750198,7.774241769580193,0.0,0.0,0.0,1.0,0.0,1.0
17,30,7.192059348152149,5.662737038918597,0.0,0.0,1.0,1.0,0.0,0.0
18,30,6.897900505952322,1.22584204773889,1.0,0.0,1.0,0.0,0.0,1.0
19,30,0.9470502866354792,12.0,1.0,0.0,0.0,1.0,1.0,1.0
20,30,5.711510162709818,1.0932496723081448,1.0,0.0,0.0,0.0,0.0,1.0
21,30,5.360696222345567,3.6532120827514167,0.0,0.0,0.0,0.0,0.0,1.0
22,30,6.014489707671908,9.552551696521784,0.0,1.0,0.0,0.0,1.0,0.0
23,30,4.130267385250544,11.907022759837892,0.0,0.0,0.0,0.0,1.0,1.0
24,30,3.4607934605559785,5.877907921210559,0.0,0.0,0.0,1.0,0.0,0.0
25,30,7.688440991999203,11.902306791765785,1.0,1.0,0.0,1.0,0.0,0.0
26,30,6.162679906073786,1.286633503882881,0.0,0.0,0.0,1.0,1.0,1.0
27,30,5.792995956510187,7.414389968623396,1.0,0.0,0.0,1.0,1.0,1.0
28,30,8.475603811971322,7.687515504984328,0.0,1.0,0.0,1.0,0.0,1.0
29,30,8.824113104000563,11.049210091845833,0.0,0.0,1.0,0.0,0.0,0.0
30,30,2.2980031040023463,10.796102275654553,0.0,0.0,0.0,0.0,1.0,1.0
31,30,4.098637263624993,4.676483787412121,0.0,0.0,0.0,0.0,0.0,1.0
32,30,4.903035320856687,5.126439052122378,0.0,0.0,0.0,1.0,1.0,0.0
33,30,11.77096024796726,3.212359119261821,0.0,0.0,1.0,1.0,0.0,0.0
34,30,4.412427837963064,9.199715151605243,1.0,1.0,0.0,0.0,0.0,0.0
35,30,3.5313657058141694,4.057333454055185,0.0,0.0,1.0,1.0,0.0,0.0
36,30,8.922264845880093,2.4901913462066685,0.0,0.0,1.0,0.0,1.0,0.0
37,30,1.60332306506193,4.782917785414785,0.0,0.0,0.0,0.0,0.0,0.0
38,30,11.104898022233636,1.5528870690209802,0.0,0.0,0.0,1.0,1.0,1.0
39,30,4.184750944761431,4.241057194360394,1.0,1.0,1.0,0.0,0.0,0.0
0,35,0.0,0.0,1.0,0.0,0.0,1.0,0.0,0.0
1,35,1.0794085564149312,6.318593873459134,1.0,1.0,0.0,0.0,1.0,1.0
2,35,0.0,11.296291389831117,0.0,1.0,1.0,0.0,0.0,0.0
3,35,0.0,6.525608436299092,0.0,1.0,0.0,1.0,0.0,0.0
4,35,3.824808925689866,10.328389272917123,0.0,0.0,0.0,0.0,0.0,0.0
5,35,0.4518741083890152,0.0,1.0,1.0,0.0,0.0,1.0,0.0
6,35,0.0,5.670373152940707,0.0,1.0,0.0,0.0,1.0,0.0
7,35,6.65073692735029,11.76680012354613,1.0,0.0,1.0,1.0,0.0,0.0
8,35,5.270600522044224,10.735904933123711,0.0,0.0,0.0,0.0,0.0,1.0
9,35,0.1230388251847627,0.7863407616347033,0.0,0.0,1.0,1.0,0.0,1.0
10,35,8.475908680846779,1.457861969812361,0.0,1.0,0.0,0.0,0.0,1.0
11,35,1.630804899691659,4.80771646593188,0.0,1.0,0.0,0.0,1.0,1.0
12,35,0.0,11.454246556054024,0.0,0.0,1.0,1.0,1.0,0.0
13,35,8.44685795280254,6.134818523018812,1.0,1.0,1.0,1.0,1.0,1.0
14,35,3.234716106096623,10.2087236338675,0.0,1.0,0.0,0.0,0.0,1.0
15,35,0.8061140597925586,8.12764684500187,1.0,0.0,1.0,1.0,0.0,0.0
16,35,0.7910686570421884,7.747859501255432,0.0,0.0,0.0,1.0,0.0,1.0
17,35,7.224504970764181,5.610604541715741,0.0,0.0,1.0,1.0,0.0,0.0
18,35,6.89683147585579,1.2281807921363093,1.0,0.0,1.0,0.0,0.0,1.0
19,35,0.940330260107057,12.0,1.0,0.0,0.0,1.0,1.0,1.0
20,35,5.6620125203212925,1.0856953631832913,1.0,0.0,0.0,0.0,0.0,1.0
21,35,5.377827131211572,3.6352319365468575,0.0,0.0,0.0,0.0,0.0,1.0
22,35,6.016391630856124,9.508656994421216,0.0,1.0,0.0,0.0,1.0,0.0
23,35,4.139459767136766,11.900454232652542,0.0,0.0,0.0,0.0,1.0,1.0
24,35,3.3770011256469608,5.862305035973505,0.0,0.0,0.0,1.0,0.0,0.0
25,35,7.669324441368405,11.895739332559298,1.0,1.0,0.0,1.0,0.0,0.0
26,35,6.190398620720119,1.3386312269270153,0.0,0.0,0.0,1.0,1.0,1.0
27,35,5.755962740275075,7.320867955639968,1.0,0.0,0.0,1.0,1.0,1.0
28,35,8.554835434973606,7.634345910566673,0.0,1.0,0.0,1.0,0.0,1.0
29,35,8.819749518478176,11.05037752718833,0.0,0.0,1.0,0.0,0.0,0.0
30,35,2.3144373502432622,10.8117113723446,0.0,0.0,0.0,0.0,1.0,1.0
31,35,4.108528744102739,4.642956329841704,0.0,0.0,0.0,0.0,0.0,1.0
32,35,4.892638724140248,5.136166708817135,0.0,0.0,0.0,1.0,1.0,0.0
33,35,11.745148494105424,3.2366571383132627,0.0,0.0,1.0,1.0,0.0,0.0
34,35,4.312340937268246,9.232581768592174,1.0,1.0,0.0,0.0,0.0,0.0
35,35,3.4738744468351483,4.063576694389008,0.0,0.0,1.0,1.0,0.0,0.0
36,35,8.911281228062391,2.58491985582948,0.0,0.0,1.0,0.0,1.0,0.0
37,35,1.5627996550471268,4.800318003879199,0.0,0.0,0.0,0.0,0.0,0.0
38,35,11.119580899649394,1.6343048391897457,0.0,0.0,0.0,1.0,1.0,1.0
39,35,4.206202451869944,4.265586014203361,1.0,1.0,1.0,0.0,0.0,0.0
0,40,0.0,0.0,1.0,0.0,0.0,1.0,0.0,0.0
1,40,1.097385769121382,6.189126655539652,1.0,1.0,0.0,0.0,1.0,1.0
2,40,0.0,11.3426884636549,0.0,1.0,1.0,0.0,0.0,0.0
3,40,0.0,6.458962206352549,0.0,1.0,0.0,1.0,0.0,0.0
4,40,3.7879897255496,10.3935766529827,0.0,0.0,0.0,0.0,0.0,0.0
5,40,0.3807355100215896,0.0,1.0,1.0,0.0,0.0,1.0,0.0
6,40,0.0,5.645223068017746,0.0,1.0,0.0,0.0,1.0,0.0
7,40,6.593787307737193,11.731752513228091,1.0,0.0,1.0,1.0,0.0,0.0
8,40,5.15253030703152,10.695720108742345,0.0,0.0,0.0,0.0,0.0,1.0
9,40,0.1136430877718237,0.8018891345000582,0.0,0.0,1.0,1.0,0.0,1.0
10,40,8.411922070567526,1.3872115577868136,0.0,1.0,0.0,0.0,0.0,1.0
11,40,1.5555281260894545,4.768455178578949,0.0,1.0,0.0,0.0,1.0,1.0
12,40,0.0,11.50458617444837,0.0,0.0,1.0,1.0,1.0,0.0
13,40,8.477876054827803,6.146400762079686,1.0,1.0,1.0,1.0,1.0,1.0
14,40,3.2733787708999853,10.243306701118051,0.0,1.0,0.0,0.0,0.0,1.0
15,40,0.7700165726719809,8.152372644366347,1.0,0.0,1.0,1.0,0.0,0.0
16,40,0.777115493729838,7.730808601592506,0.0,0.0,0.0,1.0,0.0,1.0
17,40,7.252883291065605,5.56745282451696,0.0,0.0,1.0,1.0,0.0,0.0
18,40,6.896193250042772,1.22958238036258,1.0,0.0,1.0,0.0,0.0,1.0
19,40,0.9330156230526168,12.0,1.0,0.0,0.0,1.0,1.0,1.0
20,40,5.599433447811403,1.0759622102686144,1.0,0.0,0.0,0.0,0.0,1.0
21,40,5.390731022675331,3.621847351201812,0.0,0.0,0.0,0.0,0.0,1.0
22,40,6.017126971104584,9.457495497778826,0.0,1.0,0.0,0.0,1.0,0.0
23,40,4.166778070928857,11.880943421394,0.0,0.0,0.0,0.0,1.0,1.0
24,40,3.318584094638182,5.851660735808452,0.0,0.0,0.0,1.0,0.0,0.0
25,40,7.647476409670372,11.888742650333551,1.0,1.0,0.0,1.0,0.0,0.0
26,40,6.21163762773345,1.3761429112952883,0.0,0.0,0.0,1.0,1.0,1.0
27,40,5.716780134871461,7.226258890050797,1.0,0.0,0.0,1.0,1.0,1.0
28,40,8.642473389291103,7.578712922980871,0.0,1.0,0.0,1.0,0.0,1.0
29,40,8.826405381022015,11.048818336636993,0.0,0.0,1.0,0.0,0.0,0.0
30,40,2.332145902155107,10.828977658694283,0.0,0.0,0.0,0.0,1.0,1.0
31,40,4.120273819830852,4.601353405686921,0.0,0.0,0.0,0.0,0.0,1.0
32,40,4.8925025190845135,5.136304261785204,0.0,0.0,0.0,1.0,1.0,0.0
33,40,11.705797398390184,3.2731976620376995,0.0,0.0,1.0,1.0,0.0,0.0
34,40,4.201289688159311,9.268028140472056,1.0,1.0,0.0,0.0,0.0,0.0
35,40,3.4287546902955954,4.067922311554362,0.0,0.0,1.0,1.0,0.0,0.0
36,40,8.89807737365463,2.6918484477240288,0.0,0.0,1.0,0.0,1.0,0.0
37,40,1.5089105903359206,4.822182028176517,0.0,0.0,0.0,0.0,0.0,0.0
38,40,11.134662104279476,1.7198927399043842,0.0,0.0,0.0,1.0,1.0,1.0
39,40,4.221003303694528,4.282431436996128,1.0,1.0,1.0,0.0,0.0,0.0
0,45,0.0,0.0,1.0,0.0,0.0,1.0,0.0,0.0
1,45,0.956519877746792,6.169509803428568,1.0,1.0,0.0,0.0,1.0,1.0
2,45,0.0,11.38806444520884,0.0,1.0,1.0,0.0,0.0,0.0
3,45,0.0,6.375880601462378,0.0,1.0,0.0,1.0,0.0,0.0
4,45,3.752529328400188,10.456847513845103,0.0,0.0,0.0,0.0,0.0,0.0
5,45,0.3000075813566815,0.0,1.0,1.0,0.0,0.0,1.0,0.0
6,45,0.0,5.614923823680166,0.0,1.0,0.0,0.0,1.0,0.0
7,45,6.53188510905324,11.693422190862831,1.0,0.0,1.0,1.0,0.0,0.0
8,45,5.019888744316829,10.647470036126425,0.0,0.0,0.0,0.0,0.0,1.0
9,45,0.111023315094733,0.8064043375715004,0.0,0.0,1.0,1.0,0.0,1.0
10,45,8.348849879303428,1.3190739838655996,0.0,1.0,0.0,0.0,0.0,1.0
11,45,1.489788589958946,4.734161002862987,0.0,1.0,0.0,0.0,1.0,1.0
12,45,0.0,11.547801496082286,0.0,0.0,1.0,1.0,1.0,0.0
13,45,8.48465138259911,6.14886484321586,1.0,1.0,1.0,1.0,1.0,1.0
14,45,3.317702407315962,10.28123017327949,0.0,1.0,0.0,0.0,0.0,1.0
15,45,0.7405982980790469,8.17390676504894,1.0,0.0,1.0,1.0,0.0,0.0
16,45,0.7514817176516343,7.698810934582642,0.0,0.0,0.0,1.0,0.0,1.0
17,45,7.278190402331233,5.529075361027815,0.0,0.0,1.0,1.0,0.0,0.0
18,45,6.895317449394643,1.2316320998328714,1.0,0.0,1.0,0.0,0.0,1.0
19,45,0.9209767084279192,12.0,1.0,0.0,0.0,1.0,1.0,1.0
20,45,5.517177793048822,1.0641284348303317,1.0,0.0,0.0,0.0,0.0,1.0
21,45,5.396567024252027,3.6157652266312783,0.0,0.0,0.0,0.0,0.0,1.0
22,45,6.017888791740102,9.398496712651802,0.0,1.0,0.0,0.0,1.0,0.0
23,45,4.155366711374491,11.86490144814682,0.0,0.0,0.0,0.0,1.0,1.0
24,45,3.233883114537061,5.837700647281387,0.0,0.0,0.0,1.0,0.0,0.0
25,45,7.624628502246138,11.881452648087048,1.0,1.0,0.0,1.0,0.0,0.0
26,45,6.225693993809574,1.4004237086547595,0.0,0.0,0.0,1.0,1.0,1.0
27,45,5.669878976768642,7.1136426633372,1.0,0.0,0.0,1.0,1.0,1.0
28,45,8.715389241711849,7.530860858476338,0.0,1.0,0.0,1.0,0.0,1.0
29,45,8.833927563015123,11.04732778584489,0.0,0.0,1.0,0.0,0.0,0.0
30,45,2.339036756953321,10.835236752097227,0.0,0.0,0.0,0.0,1.0,1.0
31,45,4.136684798690343,4.546472784205581,0.0,0.0,0.0,0.0,0.0,1.0
32,45,4.8800917191982585,5.149098564697484,0.0,0.0,0.0,1.0,1.0,0.0
33,45,11.744764699174109,3.311708916561132,0.0,0.0,1.0,1.0,0.0,0.0
34,45,4.104858089323534,9.302000971029026,1.0,1.0,0.0,0.0,0.0,0.0
35,45,3.385956245416162,4.071896989760267,0.0,0.0,1.0,1.0,0.0,0.0
36,45,8.88613517170319,2.80687934359295,0.0,0.0,1.0,0.0,1.0,0.0
37,45,1.4378116106109835,4.848138231100392,0.0,0.0,0.0,0.0,0.0,0.0
38,45,11.15216290776426,1.820629326223012,0.0,0.0,0.0,1.0,1.0,1.0
39,45,4.230328335751627,4.293119519170764,1.0,1.0,1.0,0.0,0.0,0.0
0,50,0.0,0.0,1.0,0.0,0.0,1.0,0.0,0.0
1,50,0.8110601190037906,6.146050402762734,1.0,1.0,0.0,0.0,1.0,1.0
2,50,0.0,11.4372725334571,0.0,1.0,1.0,0.0,0.0,0.0
3,50,0.0,6.2690336540506975,0.0,1.0,0.0,1.0,0.0,0.0
4,50,3.719639127657918,10.51257164748761,0.0,0.0,0.0,0.0,0.0,0.0
5,50,0.2002626742736013,0.0,1.0,1.0,0.0,0.0,1.0,0.0
6,50,0.0,5.586543846251124,0.0,1.0,0.0,0.0,1.0,0.0
7,50,6.468183276781049,11.655612191650016,1.0,0.0,1.0,1.0,0.0,0.0
8,50,4.8790205794653,10.59908373141946,0.0,0.0,0.0,0.0,0.0,1.0
9,50,0.0933821026506186,0.837484868564487,0.0,0.0,1.0,1.0,0.0,1.0
10,50,8.286396752043448,1.249279206819934,0.0,1.0,0.0,0.0,0.0,1.0
11,50,1.402676985514997,4.686984010250763,0.0,1.0,0.0,0.0,1.0,1.0
12,50,0.0,11.580269448198392,0.0,0.0,1.0,1.0,1.0,0.0
13,50,8.494157669738668,6.15211278164851,1.0,1.0,1.0,1.0,1.0,1.0
14,50,3.344771598136333,10.304818369826297,0.0,1.0,0.0,0.0,0.0,1.0
15,50,0.7012806272929433,8.20323522984596,1.0,0.0,1.0,1.0,0.0,0.0
16,50,0.7163042626569602,7.655526880369913,0.0,0.0,0.0,1.0,0.0,1.0
17,50,7.309577187069643,5.480648788619609,0.0,0.0,1.0,1.0,0.0,0.0
18,50,6.888197645331243,1.248735938282945,1.0,0.0,1.0,0.0,0.0,1.0
19,50,0.9081017074544572,12.0,1.0,0.0,0.0,1.0,1.0,1.0
20,50,5.431794668614633,1.0501042074964329,1.0,0.0,0.0,0.0,0.0,1.0
21,50,5.41107504017925,3.629616240218952,0.0,0.0,0.0,0.0,0.0,1.0
22,50,6.018222006500439,9.334029849002548,0.0,1.0,0.0,0.0,1.0,0.0
23,50,4.158763328472329,11.86979814903032,0.0,0.0,0.0,0.0,1.0,1.0
24,50,3.1481381654800997,5.823272437318233,0.0,0.0,0.0,1.0,0.0,0.0
25,50,7.62836371578371,11.882590130284308,1.0,1.0,0.0,1.0,0.0,0.0
26,50,6.240145250717746,1.4262635689655971,0.0,0.0,0.0,1.0,1.0,1.0
27,50,5.617443928504646,6.9982147323666295,1.0,0.0,0.0,1.0,1.0,1.0
28,50,8.808008432615997,7.466876865025538,0.0,1.0,0.0,1.0,0.0,1.0
29,50,8.847710623046797,11.044628608486482,0.0,0.0,1.0,0.0,0.0,0.0
30,50,2.337548669990545,10.833868790764852,0.0,0.0,0.0,0.0,1.0,1.0
31,50,4.151892643763137,4.4986782102674425,0.0,0.0,0.0,0.0,0.0,1.0
32,50,4.874893413799049,5.154347280568459,0.0,0.0,0.0,1.0,1.0,0.0
33,50,11.800634466223686,3.368792754992312,0.0,0.0,1.0,1.0,0.0,0.0
34,50,4.02353302528995,9.33057977842275,1.0,1.0,0.0,0.0,0.0,0.0
35,50,3.342504973462952,4.076597540800024,0.0,0.0,1.0,1.0,0.0,0.0
36,50,8.878920518819854,2.8925767161684472,0.0,0.0,1.0,0.0,1.0,0.0
37,50,1.3805368798616813,4.868667487771143,0.0,0.0,0.0,0.0,0.0,0.0
38,50,11.169024647714153,1.9230139281807612,0.0,0.0,0.0,1.0,1.0,1.0
39,50,4.239747501083701,4.3037978992843815,1.0,1.0,1.0,0.0,0.0,0.0
0,55,0.0,0.0,1.0,0.0,0.0,1.0,0.0,0.0
1,55,0.6571137340329907,6.125145263282958,1.0,1.0,0.0,0.0,1.0,1.0
2,55,0.0,11.50034900392919,0.0,1.0,1.0,0.0,0.0,0.0
3,55,0.0,6.145570268255736,0.0,1.0,0.0,1.0,0.0,0.0
4,55,3.6835186017568047,10.573386129057216,0.0,0.0,0.0,0.0,0.0,0.0
5,55,0.0926952992783672,0.0,1.0,1.0,0.0,0.0,1.0,0.0
6,55,0.0,5.549538812345838,0.0,1.0,0.0,0.0,1.0,0.0
7,55,6.399734493014467,11.613756888057967,1.0,0.0,1.0,1.0,0.0,0.0
8,55,4.7289273745998415,10.551502908131512,0.0,0.0,0.0,0.0,0.0,1.0
9,55,0.0816957144731575,0.8583339045270981,0.0,0.0,1.0,1.0,0.0,1.0
10,55,8.205017501287081,1.1575852955645058,0.0,1.0,0.0,0.0,0.0,1.0
11,55,1.3212326946495967,4.644544463937051,0.0,1.0,0.0,0.0,1.0,1.0
12,55,0.0,11.61699332668637,0.0,0.0,1.0,1.0,1.0,0.0
13,55,8.524969741228794,6.163005606125701,1.0,1.0,1.0,1.0,1.0,1.0
14,55,3.3736556209946933,10.330779831809032,0.0,1.0,0.0,0.0,0.0,1.0
15,55,0.6633268846252373,8.231378158462311,1.0,0.0,1.0,1.0,0.0,0.0
16,55,0.6775137958513188,7.605953057542743,0.0,0.0,0.0,1.0,0.0,1.0
17,55,7.334816608606698,5.441690917020627,0.0,0.0,1.0,1.0,0.0,0.0
18,55,6.87738531474441,1.2726783407836162,1.0,0.0,1.0,0.0,0.0,1.0
19,55,0.896631615442536,12.0,1.0,0.0,0.0,1.0,1.0,1.0
20,55,5.373938299337984,1.0397332668261037,1.0,0.0,0.0,0.0,0.0,1.0
21,55,5.421383943982106,3.6392736673968384,0.0,0.0,0.0,0.0,0.0,1.0
22,55,6.0196117618941765,9.24891496632838,0.0,1.0,0.0,0.0,1.0,0.0
23,55,4.164104041106178,11.87752988850319,0.0,0.0,0.0,0.0,1.0,1.0
24,55,3.053467970101749,5.807829819334768,0.0,0.0,0.0,1.0,0.0,0.0
25,55,7.614951395776488,11.878684016843998,1.0,1.0,0.0,1.0,0.0,0.0
26,55,6.259189211010076,1.4601583606420714,0.0,0.0,0.0,1.0,1.0,1.0
27,55,5.570363088468298,6.904813640531547,1.0,0.0,0.0,1.0,1.0,1.0
28,55,8.89957949506184,7.402457153900653,0.0,1.0,0.0,1.0,0.0,1.0
29,55,8.837032481182483,11.04636965271343,0.0,0.0,1.0,0.0,0.0,0.0
30,55,2.3372146860907246,10.833561298621598,0.0,0.0,0.0,0.0,1.0,1.0
31,55,4.169145446160499,4.447215542114034,0.0,0.0,0.0,0.0,0.0,1.0
32,55,4.858369591146464,5.169842000221865,0.0,0.0,0.0,1.0,1.0,0.0
33,55,11.84424124489009,3.412809265214662,0.0,0.0,1.0,1.0,0.0,0.0
34,55,3.9322006229140873,9.363374959264922,1.0,1.0,0.0,0.0,0.0,0.0
35,55,3.304941202906248,4.080425384559279,0.0,0.0,1.0,1.0,0.0,0.0
36,55,8.868313811757192,2.996842295079927,0.0,0.0,1.0,0.0,1.0,0.0
37,55,1.3273879967762103,4.888105740358096,0.0,0.0,0.0,0.0,0.0,0.0
38,55,11.18174013549842,1.99820681059864,0.0,0.0,0.0,1.0,1.0,1.0
39,55,4.2481369737828025,4.313322489540613,1.0,1.0,1.0,0.0,0.0,0.0
0,60,0.0,0.0,1.0,0.0,0.0,1.0,0.0,0.0
1,60,0.5079642535158729,6.100036241970652,1.0,1.0,0.0,0.0,1.0,1.0
2,60,0.0,11.56562154832474,0.0,1.0,1.0,0.0,0.0,0.0
3,60,0.0,6.047368532266457,0.0,1.0,0.0,1.0,0.0,0.0
4,60,3.652554213553824,10.622863940186328,0.0,0.0,0.0,0.0,0.0,0.0
5,60,0.0,0.0,1.0,1.0,0.0,0.0,1.0,0.0
6,60,0.0,5.518076053659308,0.0,1.0,0.0,0.0,1.0,0.0
7,60,6.346240829395263,11.57996975161425,1.0,0.0,1.0,1.0,0.0,0.0
8,60,4.579549608263023,10.506640973765048,0.0,0.0,0.0,0.0,0.0,1.0
9,60,0.0551293256867366,0.9056011980855808,0.0,0.0,1.0,1.0,0.0,1.0
10,60,8.11013197068751,1.0524858331230786,0.0,1.0,0.0,0.0,0.0,1.0
11,60,1.2253744286850796,4.595669877322534,0.0,1.0,0.0,0.0,1.0,1.0
12,60,0.0,11.666048062805844,0.0,0.0,1.0,1.0,1.0,0.0
13,60,8.555085540561574,6.174395226948398,1.0,1.0,1.0,1.0,1.0,1.0
14,60,3.4001064712481104,10.35528204470872,0.0,1.0,0.0,0.0,0.0,1.0
15,60,0.6218937664125838,8.260736706510327,1.0,0.0,1.0,1.0,0.0,0.0
16,60,0.6375568120638153,7.554345957193498,0.0,0.0,0.0,1.0,0.0,1.0
17,60,7.350936125917096,5.415971555925832,0.0,0.0,1.0,1.0,0.0,0.0
18,60,6.86430052295381,1.3028398074077556,1.0,0.0,1.0,0.0,0.0,1.0
19,60,0.8871534577807056,12.0,1.0,0.0,0.0,1.0,1.0,1.0
20,60,5.321373241921358,1.0291454460483784,1.0,0.0,0.0,0.0,0.0,1.0
21,60,5.452106751150461,3.669478674497963,0.0,0.0,0.0,0.0,0.0,1.0
22,60,6.018233390094207,9.16868876130327,0.0,1.0,0.0,0.0,1.0,0.0
23,60,4.16882413930668,11.884010977040647,0.0,0.0,0.0,0.0,1.0,1.0
24,60,2.9746480091800067,5.794159816878228,0.0,0.0,0.0,1.0,0.0,0.0
25,60,7.596112049953213,11.873358696230463,1.0,1.0,0.0,1.0,0.0,0.0
26,60,6.287986285023103,1.510926073280081,0.0,0.0,0.0,1.0,1.0,1.0
27,60,5.517837356591631,6.802879355491243,1.0,0.0,0.0,1.0,1.0,1.0
28,60,8.988875541696862,7.337633129641938,0.0,1.0,0.0,1.0,0.0,1.0
29,60,8.79558989073027,11.053219326839905,0.0,0.0,1.0,0.0,0.0,0.0
30,60,2.3390850930092717,10.835310293146968,0.0,0.0,0.0,0.0,1.0,1.0
31,60,4.180780687774623,4.4133691962715424,0.0,0.0,0.0,0.0,0.0,1.0
32,60,4.840253798346598,5.185757934497599,0.0,0.0,0.0,1.0,1.0,0.0
33,60,11.903797679146043,3.472583080608043,0.0,0.0,1.0,1.0,0.0,0.0
34,60,3.839283341300956,9.39822010895318,1.0,1.0,0.0,0.0,0.0,0.0
35,60,3.271792935678965,4.084299997862021,0.0,0.0,1.0,1.0,0.0,0.0
36,60,8.857732865105714,3.1130758721322462,0.0,0.0,1.0,0.0,1.0,0.0
37,60,1.2860697617171553,4.903596395885857,0.0,0.0,0.0,0.0,0.0,0.0
38,60,11.195743458437828,2.0835055701178278,0.0,0.0,0.0,1.0,1.0,1.0
39,60,4.255583747164043,4.321841523455544,1.0,1.0,1.0,0.0,0.0,0.0
0,65,0.0,0.0,1.0,0.0,0.0,1.0,0.0,0.0
1,65,0.3629081785446661,6.07804474342238,1.0,1.0,0.0,0.0,1.0,1.0
2,65,0.0,11.637455343291784,0.0,1.0,1.0,0.0,0.0,0.0
3,65,0.0,5.952122870734577,0.0,1.0,0.0,1.0,0.0,0.0
4,65,3.607369790166445,10.694685916008485,0.0,0.0,0.0,0.0,0.0,0.0
5,65,0.0,0.0,1.0,1.0,0.0,0.0,1.0,0.0
6,65,0.0,5.495152500744556,0.0,1.0,0.0,0.0,1.0,0.0
7,65,6.295455157743057,11.549095139327758,1.0,0.0,1.0,1.0,0.0,0.0
8,65,4.449080776011834,10.46550670854457,0.0,0.0,0.0,0.0,0.0,1.0
9,65,0.0240217790920554,0.9596917632286932,0.0,0.0,1.0,1.0,0.0,1.0
10,65,8.02852873428332,0.9656030440309026,0.0,1.0,0.0,0.0,0.0,1.0
11,65,1.1289313990952077,4.546751207603751,0.0,1.0,0.0,0.0,1.0,1.0
12,65,0.0,11.714169230762142,0.0,0.0,1.0,1.0,1.0,0.0
13,65,8.602693823779001,6.190476509147215,1.0,1.0,1.0,1.0,1.0,1.0
14,65,3.4401848310882333,10.392821964047345,0.0,1.0,0.0,0.0,0.0,1.0
15,65,0.5684459497790946,8.299775672516622,1.0,0.0,1.0,1.0,0.0,0.0
16,65,0.5973095918012994,7.504481019880443,0.0,0.0,0.0,1.0,0.0,1.0
17,65,7.360759980190093,5.400121310353829,0.0,0.0,1.0,1.0,0.0,0.0
18,65,6.847774054125543,1.3421778693575928,1.0,0.0,1.0,0.0,0.0,1.0
19,65,0.8783600636248916,12.0,1.0,0.0,0.0,1.0,1.0,1.0
20,65,5.245711020286167,1.013030693615682,1.0,0.0,0.0,0.0,0.0,1.0
21,65,5.480627441180634,3.697381631183356,0.0,0.0,0.0,0.0,0.0,1.0
22,65,6.015932773525438,9.091878674756028,0.0,1.0,0.0,0.0,1.0,0.0
23,65,4.179947910184439,11.899346458547752,0.0,0.0,0.0,0.0,1.0,1.0
24,65,2.889073073580805,5.779013358996413,0.0,0.0,0.0,1.0,0.0,0.0
25,65,7.594365228360831,11.872885539107724,1.0,1.0,0.0,1.0,0.0,0.0
26,65,6.225101596653407,1.5464367617492407,0.0,0.0,0.0,1.0,1.0,1.0
27,65,5.465099378968213,6.703508556013582,1.0,0.0,0.0,1.0,1.0,1.0
28,65,9.07455756743711,7.27554817420294,0.0,1.0,0.0,1.0,0.0,1.0
29,65,8.783596456547714,11.054730371920105,0.0,0.0,1.0,0.0,0.0,0.0
30,65,2.343528702310476,10.839307903500876,0.0,0.0,0.0,0.0,1.0,1.0
31,65,4.187983925841591,4.392643224031308,0.0,0.0,0.0,0.0,0.0,1.0
32,65,4.8030563633922485,5.217159924311092,0.0,0.0,0.0,1.0,1.0,0.0
33,65,11.975967894341874,3.5402098759834297,0.0,0.0,1.0,1.0,0.0,0.0
34,65,3.743200181402144,9.43286720981052,1.0,1.0,0.0,0.0,0.0,0.0
35,65,3.253219637464112,4.086074519801788,0.0,0.0,1.0,1.0,0.0,0.0
36,65,8.852730309478252,3.1800843781292905,0.0,0.0,1.0,0.0,1.0,0.0
37,65,1.2412961323492144,4.920878146854485,0.0,0.0,0.0,0.0,0.0,0.0
38,65,11.21108477996234,2.175194645233681,0.0,0.0,0.0,1.0,1.0,1.0
39,65,4.255943735176724,4.322262528746228,1.0,1.0,1.0,0.0,0.0,0.0
0,70,0.0,0.0,1.0,0.0,0.0,1.0,0.0,0.0
1,70,0.2057004808660623,6.05230823566147,1.0,1.0,0.0,0.0,1.0,1.0
2,70,0.0,11.716446312915846,0.0,1.0,1.0,0.0,0.0,0.0
3,70,0.0,5.868890041764248,0.0,1.0,0.0,1.0,0.0,0.0
4,70,3.5665255649322543,10.758350624136895,0.0,0.0,0.0,0.0,0.0,0.0
5,70,0.0,0.0,1.0,1.0,0.0,0.0,1.0,0.0
6,70,0.0,5.464912402081758,0.0,1.0,0.0,0.0,1.0,0.0
7,70,6.256034997848796,11.524672790382136,1.0,0.0,1.0,1.0,0.0,0.0
8,70,4.303925955986771,10.419054862168702,0.0,0.0,0.0,0.0,0.0,1.0
9,70,0.0,1.0167567123795889,0.0,0.0,1.0,1.0,0.0,1.0
10,70,7.95399812573695,0.8886944866187244,0.0,1.0,0.0,0.0,0.0,1.0
11,70,1.0318074196561888,4.493649483239458,0.0,1.0,0.0,0.0,1.0,1.0
12,70,0.0,11.742144913855428,0.0,0.0,1.0,1.0,1.0,0.0
13,70,8.640045884760806,6.2031230083852975,1.0,1.0,1.0,1.0,1.0,1.0
14,70,3.495435068079822,10.443291793297508,0.0,1.0,0.0,0.0,0.0,1.0
15,70,0.5030768821924307,8.347345098855453,1.0,0.0,1.0,1.0,0.0,0.0
16,70,0.5405000040909996,7.436405268646816,0.0,0.0,0.0,1.0,0.0,1.0
17,70,7.372925133383724,5.3814389198307175,0.0,0.0,1.0,1.0,0.0,0.0
18,70,6.828412880648576,1.388870568703276,1.0,0.0,1.0,0.0,0.0,1.0
19,70,0.869586045388697,12.0,1.0,0.0,0.0,1.0,1.0,1.0
20,70,5.169307608144741,0.9948406990368432,1.0,0.0,0.0,0.0,0.0,1.0
21,70,5.507547659407479,3.723647634283114,0.0,0.0,0.0,0.0,0.0,1.0
22,70,6.01197715952438,9.012749631621418,0.0,1.0,0.0,0.0,1.0,0.0
23,70,4.186618273725628,11.90807636436056,0.0,0.0,0.0,0.0,1.0,1.0
24,70,2.7916414279638637,5.760091443908168,0.0,0.0,0.0,1.0,0.0,0.0
25,70,7.603421759311858,11.87532344376808,1.0,1.0,0.0,1.0,0.0,0.0
26,70,6.145825856000907,1.5921916361227113,0.0,0.0,0.0,1.0,1.0,1.0
27,70,5.409197176866353,6.601604079028514,1.0,0.0,0.0,1.0,1.0,1.0
28,70,9.144407164866529,7.226137004051413,0.0,1.0,0.0,1.0,0.0,1.0
29,70,8.761652819243928,11.057906790868063,0.0,0.0,1.0,0.0,0.0,0.0
30,70,2.3551814602516807,10.850051507911225,0.0,0.0,0.0,0.0,1.0,1.0
31,70,4.193344508439148,4.377837956698229,0.0,0.0,0.0,0.0,0.0,1.0
32,70,4.761541911639121,5.250575241984892,0.0,0.0,0.0,1.0,1.0,0.0
33,70,12.0,3.60581030898722,0.0,0.0,1.0,1.0,0.0,0.0
34,70,3.6658440290143286,9.461531138039822,1.0,1.0,0.0,0.0,0.0,0.0
35,70,3.245096429081798,4.086766749220686,0.0,0.0,1.0,1.0,0.0,0.0
36,70,8.848575174806545,3.2648489748023604,0.0,0.0,1.0,0.0,1.0,0.0
37,70,1.1823467400615484,4.942670311211273,0.0,0.0,0.0,0.0,0.0,0.0
38,70,11.226745532210307,2.2670845459930877,0.0,0.0,0.0,1.0,1.0,1.0
39,70,4.238723663295344,4.302829629870112,1.0,1.0,1.0,0.0,0.0,0.0
0,75,0.0,0.0,1.0,0.0,0.0,1.0,0.0,0.0
1,75,0.0591195898521537,6.030380348181389,1.0,1.0,0.0,0.0,1.0,1.0
2,75,0.0,11.798909679978188,0.0,1.0,1.0,0.0,0.0,0.0
3,75,0.0,5.76693921914999,0.0,1.0,0.0,1.0,0.0,0.0
4,75,3.527300951887897,10.8166515173981,0.0,0.0,0.0,0.0,0.0,0.0
5,75,0.0,0.0,1.0,1.0,0.0,0.0,1.0,0.0
6,75,0.0,5.441465217861695,0.0,1.0,0.0,0.0,1.0,0.0
7,75,6.2222167937418575,11.5047811134907,1.0,0.0,1.0,1.0,0.0,0.0
8,75,4.158923646809644,10.370210577124116,0.0,0.0,0.0,0.0,0.0,1.0
9,75,0.0,1.066679499337302,0.0,0.0,1.0,1.0,0.0,1.0
10,75,7.881487465878144,0.8193669825619991,0.0,1.0,0.0,0.0,0.0,1.0
11,75,0.9309534605709476,4.441139598396071,0.0,1.0,0.0,0.0,1.0,1.0
12,75,0.0,11.74535474997444,0.0,0.0,1.0,1.0,1.0,0.0
13,75,8.69408676542337,6.221899690603681,1.0,1.0,1.0,1.0,1.0,1.0
14,75,3.5461214705677087,10.488077752695142,0.0,1.0,0.0,0.0,0.0,1.0
15,75,0.4399785800127035,8.39193446572956,1.0,0.0,1.0,1.0,0.0,0.0
16,75,0.5013899429849845,7.38798822468807,0.0,0.0,0.0,1.0,0.0,1.0
17,75,7.380044651719412,5.370499698141966,0.0,0.0,1.0,1.0,0.0,0.0
18,75,6.809908489727325,1.4325652091134846,1.0,0.0,1.0,0.0,0.0,1.0
19,75,0.860323206313981,12.0,1.0,0.0,0.0,1.0,1.0,1.0
20,75,5.094145869590952,0.9779276362676768,1.0,0.0,0.0,0.0,0.0,1.0
21,75,5.538176328759459,3.751713129713113,0.0,0.0,0.0,0.0,0.0,1.0
22,75,6.009446037396226,8.955611455258119,0.0,1.0,0.0,0.0,1.0,0.0
23,75,4.185056548514781,11.906077750217252,0.0,0.0,0.0,0.0,1.0,1.0
24,75,2.6818560671135225,5.741035959907543,0.0,0.0,0.0,1.0,0.0,0.0
25,75,7.60776148174786,11.876303166246371,1.0,1.0,0.0,1.0,0.0,0.0
26,75,6.195562958867005,1.6795865314222596,0.0,0.0,0.0,1.0,1.0,1.0
27,75,5.361410120432143,6.509032366274107,1.0,0.0,0.0,1.0,1.0,1.0
28,75,9.204176603512938,7.185087736939457,0.0,1.0,0.0,1.0,0.0,1.0
29,75,8.751443952747316,11.059371076527697,0.0,0.0,1.0,0.0,0.0,0.0
30,75,2.353214786050414,10.84829682060298,0.0,0.0,0.0,0.0,1.0,1.0
31,75,4.201610054500433,4.355645316237406,0.0,0.0,0.0,0.0,0.0,1.0
32,75,4.718198617510325,5.285229293505174,0.0,0.0,0.0,1.0,1.0,0.0
33,75,12.0,3.672946951262976,0.0,0.0,1.0,1.0,0.0,0.0
34,75,3.582888837135208,9.492007069959891,1.0,1.0,0.0,0.0,0.0,0.0
35,75,3.245031237758208,4.086772512906784,0.0,0.0,1.0,1.0,0.0,0.0
36,75,8.844114492430188,3.36355161900354,0.0,0.0,1.0,0.0,1.0,0.0
37,75,1.1186574831805378,4.96533982866332,0.0,0.0,0.0,0.0,0.0,0.0
38,75,11.24065108091045,2.3534621802212152,0.0,0.0,0.0,1.0,1.0,1.0
39,75,4.212643134050869,4.27269022871172,1.0,1.0,1.0,0.0,0.0,0.0
0,80,0.0,0.0,1.0,0.0,0.0,1.0,0.0,0.0
1,80,0.0,5.998556288352137,1.0,1.0,0.0,0.0,1.0,1.0
2,80,0.0,11.88253060612698,0.0,1.0,1.0,0.0,0.0,0.0
3,80,0.0,5.671855213026208,0.0,1.0,0.0,1.0,0.0,0.0
4,80,3.480311047249747,10.885164486419722,0.0,0.0,0.0,0.0,0.0,0.0
5,80,0.0,0.0,1.0,1.0,0.0,0.0,1.0,0.0
6,80,0.0,5.427687307031387,0.0,1.0,0.0,0.0,1.0,0.0
7,80,6.197563188780149,11.490019715919638,1.0,0.0,1.0,1.0,0.0,0.0
8,80,4.011126236767239,10.324195209807128,0.0,0.0,0.0,0.0,0.0,1.0
9,80,0.0,1.0940393993285176,0.0,0.0,1.0,1.0,0.0,1.0
10,80,7.785691366788231,0.7307779901392034,0.0,1.0,0.0,0.0,0.0,1.0
11,80,0.8156357365741707,4.3815693953261015,0.0,1.0,0.0,0.0,1.0,1.0
12,80,0.0,11.7745500988093,0.0,0.0,1.0,1.0,1.0,0.0
13,80,8.737911813043867,6.237175532237632,1.0,1.0,1.0,1.0,1.0,1.0
14,80,3.598747567215021,10.53211388694598,0.0,1.0,0.0,0.0,0.0,1.0
15,80,0.3826662674495577,8.431378744440165,1.0,0.0,1.0,1.0,0.0,0.0
16,80,0.4614316474691086,7.338278055225936,0.0,0.0,0.0,1.0,0.0,1.0
17,80,7.383517392543466,5.365287618088428,0.0,0.0,1.0,1.0,0.0,0.0
18,80,6.79257751861591,1.4738483616842586,1.0,0.0,1.0,0.0,0.0,1.0
19,80,0.8501837006076738,12.0,1.0,0.0,0.0,1.0,1.0,1.0
20,80,5.014038796618995,0.9593801408974204,1.0,0.0,0.0,0.0,0.0,1.0
21,80,5.577565521378847,3.790278408653424,0.0,0.0,0.0,0.0,0.0,1.0
22,80,6.007892345734786,8.912962924869658,0.0,1.0,0.0,0.0,1.0,0.0
23,80,4.193207880900377,11.916291286250386,0.0,0.0,0.0,0.0,1.0,1.0
24,80,2.552816629469324,5.723091782954741,0.0,0.0,0.0,1.0,0.0,0.0
25,80,7.596004961130254,11.8736918558929,1.0,1.0,0.0,1.0,0.0,0.0
26,80,6.118145707650076,1.7235694667674777,0.0,0.0,0.0,1.0,1.0,1.0
27,80,5.304316273455874,6.39691288569214,1.0,0.0,0.0,1.0,1.0,1.0
28,80,9.239583779099933,7.160236681150745,0.0,1.0,0.0,1.0,0.0,1.0
29,80,8.766266927988678,11.057858415590667,0.0,0.0,1.0,0.0,0.0,0.0
30,80,2.322265928023785,10.820752673003197,0.0,0.0,0.0,0.0,1.0,1.0
31,80,4.20536133237517,4.345136617852327,0.0,0.0,0.0,0.0,0.0,1.0
32,80,4.6783881650803165,5.3183488858411945,0.0,0.0,0.0,1.0,1.0,0.0
33,80,12.0,3.752847021511164,0.0,0.0,1.0,1.0,0.0,0.0
34,80,3.511610094738611,9.516496887826426,1.0,1.0,0.0,0.0,0.0,0.0
35,80,3.2434268003111018,4.086892830938185,0.0,0.0,1.0,1.0,0.0,0.0
36,80,8.843796767656288,3.456400235452538,0.0,0.0,1.0,0.0,1.0,0.0
37,80,1.05590874412111,4.987000280115815,0.0,0.0,0.0,0.0,0.0,0.0
38,80,11.25608554761819,2.449045469248472,0.0,0.0,0.0,1.0,1.0,1.0
39,80,4.184630131830097,4.238481147038483,1.0,1.0,1.0,0.0,0.0,0.0
0,85,0.0,0.0,1.0,0.0,0.0,1.0,0.0,0.0
1,85,0.0,5.97238099747879,1.0,1.0,0.0,0.0,1.0,1.0
2,85,0.0,11.972014172327166,0.0,1.0,1.0,0.0,0.0,0.0
3,85,0.0,5.581907068338695,0.0,1.0,0.0,1.0,0.0,0.0
4,85,3.439467055948218,10.944861901944032,0.0,0.0,0.0,0.0,0.0,0.0
5,85,0.0,0.0,1.0,1.0,0.0,0.0,1.0,0.0
6,85,0.0,5.423935565992513,0.0,1.0,0.0,0.0,1.0,0.0
7,85,6.16781552256592,11.47214206608038,1.0,0.0,1.0,1.0,0.0,0.0
8,85,3.858075254484508,10.273878684799229,0.0,0.0,0.0,0.0,0.0,1.0
9,85,0.0,1.1310702732563274,0.0,0.0,1.0,1.0,0.0,1.0
10,85,7.70155395048101,0.6534598323753065,0.0,1.0,0.0,0.0,0.0,1.0
11,85,0.6941581920251509,4.32414674069833,0.0,1.0,0.0,0.0,1.0,1.0
12,85,0.0,11.812483164972011,0.0,0.0,1.0,1.0,1.0,0.0
13,85,8.800580106944984,6.25929519255352,1.0,1.0,1.0,1.0,1.0,1.0
14,85,3.6669180995742856,10.587937555372756,0.0,1.0,0.0,0.0,0.0,1.0
15,85,0.3033081605700519,8.487201271646665,1.0,0.0,1.0,1.0,0.0,0.0
16,85,0.4278933197870659,7.296878138106932,0.0,0.0,0.0,1.0,0.0,1.0
17,85,7.39145178787477,5.353490774225329,0.0,0.0,1.0,1.0,0.0,0.0
18,85,6.780732448737196,1.500991822615874,1.0,0.0,1.0,0.0,0.0,1.0
19,85,0.840326533850895,12.0,1.0,0.0,0.0,1.0,1.0,1.0
20,85,4.958037403328296,0.9462453630822816,1.0,0.0,0.0,0.0,0.0,1.0
21,85,5.6289351721507455,3.839693811035935,0.0,0.0,0.0,0.0,0.0,1.0
22,85,6.006450406552427,8.868773030396994,0.0,1.0,0.0,0.0,1.0,0.0
23,85,4.209184258245576,11.936944606761791,0.0,0.0,0.0,0.0,1.0,1.0
24,85,2.4543298187492377,5.708505282173848,0.0,0.0,0.0,1.0,0.0,0.0
25,85,7.588344677804852,11.872225088980676,1.0,1.0,0.0,1.0,0.0,0.0
26,85,6.010811652729914,1.7892373295290378,0.0,0.0,0.0,1.0,1.0,1.0
27,85,5.411293871857035,6.344307145968201,1.0,0.0,0.0,1.0,1.0,1.0
28,85,9.273095259819153,7.135902661047316,0.0,1.0,0.0,1.0,0.0,1.0
29,85,8.766653747852107,11.0578226228802,0.0,0.0,1.0,0.0,0.0,0.0
30,85,2.273293636239495,10.777754874389572,0.0,0.0,0.0,0.0,1.0,1.0
31,85,4.207209155092391,4.33984803764492,0.0,0.0,0.0,0.0,0.0,1.0
32,85,4.643843852564326,5.344800360484135,0.0,0.0,0.0,1.0,1.0,0.0
33,85,12.0,3.8312382893816728,0.0,0.0,1.0,1.0,0.0,0.0
34,85,3.4337467455554926,9.543922416122632,1.0,1.0,0.0,0.0,0.0,0.0
35,85,3.218534490864757,4.088201819802357,0.0,0.0,1.0,1.0,0.0,0.0
36,85,8.844038934864223,3.55180962217135,0.0,0.0,1.0,0.0,1.0,0.0
37,85,1.0089491915802948,5.004249101153316,0.0,0.0,0.0,0.0,0.0,0.0
38,85,11.271212967206214,2.553011436461017,0.0,0.0,0.0,1.0,1.0,1.0
39,85,4.141174412727047,4.183815042069933,1.0,1.0,1.0,0.0,0.0,0.0
0,90,0.0,0.0,1.0,0.0,0.0,1.0,0.0,0.0
1,90,0.0,5.9491198501810025,1.0,1.0,0.0,0.0,1.0,1.0
2,90,0.0,12.0,0.0,1.0,1.0,0.0,0.0,0.0
3,90,0.0,5.494285503416025,0.0,1.0,0.0,1.0,0.0,0.0
4,90,3.398279357631345,11.01032122756536,0.0,0.0,0.0,0.0,0.0,0.0
5,90,0.0,0.0,1.0,1.0,0.0,0.0,1.0,0.0
6,90,0.0042072714438788,5.420499200956269,0.0,1.0,0.0,0.0,1.0,0.0
7,90,6.137939735080572,11.454952807372186,1.0,0.0,1.0,1.0,0.0,0.0
8,90,3.7308931644367367,10.231766727003883,0.0,0.0,0.0,0.0,0.0,1.0
9,90,0.0,1.1839178124598209,0.0,0.0,1.0,1.0,0.0,1.0
10,90,7.62219151530144,0.5751661010505482,0.0,1.0,0.0,0.0,0.0,1.0
11,90,0.5992157205380224,4.279034729151,0.0,1.0,0.0,0.0,1.0,1.0
12,90,0.0004886200241273,11.86268254503841,0.0,0.0,1.0,1.0,1.0,0.0
13,90,8.86460235710464,6.279012492799074,1.0,1.0,1.0,1.0,1.0,1.0
14,90,3.7325515864716174,10.642730128548797,0.0,1.0,0.0,0.0,0.0,1.0
15,90,0.2350733005701659,8.53416350333622,1.0,0.0,1.0,1.0,0.0,0.0
16,90,0.3973324356208029,7.258314533732067,0.0,0.0,0.0,1.0,0.0,1.0
17,90,7.378058138184598,5.34429217261362,0.0,0.0,1.0,1.0,0.0,0.0
18,90,6.776133623378665,1.5119428739089773,1.0,0.0,1.0,0.0,0.0,1.0
19,90,0.8310518409073847,12.0,1.0,0.0,0.0,1.0,1.0,1.0
20,90,4.911178207198318,0.9352640423445368,1.0,0.0,0.0,0.0,0.0,1.0
21,90,5.691606902552894,3.903105436346182,0.0,0.0,0.0,0.0,0.0,1.0
22,90,6.006432955466902,8.802194764622785,0.0,1.0,0.0,0.0,1.0,0.0
23,90,4.216018520828432,11.94614369143833,0.0,0.0,0.0,0.0,1.0,1.0
24,90,2.348051033269964,5.691557989736726,0.0,0.0,0.0,1.0,0.0,0.0
25,90,7.605425458946266,11.875901428916109,1.0,1.0,0.0,1.0,0.0,0.0
26,90,5.905235150027702,1.854005851349076,0.0,0.0,0.0,1.0,1.0,1.0
27,90,5.511176780541559,6.292349500084594,1.0,0.0,0.0,1.0,1.0,1.0
28,90,9.294935334086002,7.119437509980044,0.0,1.0,0.0,1.0,0.0,1.0
29,90,8.779778423213749,11.056444116334692,0.0,0.0,1.0,0.0,0.0,0.0
30,90,2.2175545631048434,10.727904419789168,0.0,0.0,0.0,0.0,1.0,1.0
31,90,4.207034553300647,4.340364062982872,0.0,0.0,0.0,0.0,0.0,1.0
32,90,4.619674785001023,5.363193365387248,0.0,0.0,0.0,1.0,1.0,0.0
33,90,12.0,3.926662693837343,0.0,0.0,1.0,1.0,0.0,0.0
34,90,3.360699562170701,9.565416953870294,1.0,1.0,0.0,0.0,0.0,0.0
35,90,3.1787752539550675,4.08986302117079,0.0,0.0,1.0,1.0,0.0,0.0
36,90,8.84406659856621,3.650760220659982,0.0,0.0,1.0,0.0,1.0,0.0
37,90,0.9648926287702664,5.020141082018454,0.0,0.0,0.0,0.0,0.0,0.0
38,90,11.285248096328854,2.657377172400257,0.0,0.0,0.0,1.0,1.0,1.0
39,90,4.099025504161828,4.128428254430045,1.0,1.0,1.0,0.0,0.0,0.0
0,95,0.0,0.0,1.0,0.0,0.0,1.0,0.0,0.0
1,95,0.0,5.929444091963067,1.0,1.0,0.0,0.0,1.0,1.0
2,95,0.0,12.0,0.0,1.0,1.0,0.0,0.0,0.0
3,95,0.0,5.424108709614982,0.0,1.0,0.0,1.0,0.0,0.0
4,95,3.3560907013551606,11.072632019779146,0.0,0.0,0.0,0.0,0.0,0.0
5,95,0.0,0.0,1.0,1.0,0.0,0.0,1.0,0.0
6,95,0.0046590321504059,5.420121379111742,0.0,1.0,0.0,0.0,1.0,0.0
7,95,6.098977270520384,11.431006100961971,1.0,0.0,1.0,1.0,0.0,0.0
8,95,3.615695256293021,10.19506463397601,0.0,0.0,0.0,0.0,0.0,1.0
9,95,0.0,1.2543516216478248,0.0,0.0,1.0,1.0,0.0,1.0
10,95,7.541013267933867,0.4941092676087645,0.0,1.0,0.0,0.0,0.0,1.0
11,95,0.5155499272852594,4.241343203601861,0.0,1.0,0.0,0.0,1.0,1.0
12,95,0.0015897223531842,11.911516431340615,0.0,0.0,1.0,1.0,1.0,0.0
13,95,8.921369620505452,6.29873841573297,1.0,1.0,1.0,1.0,1.0,1.0
14,95,3.78888707838023,10.692160092504633,0.0,1.0,0.0,0.0,0.0,1.0
15,95,0.1656841745150643,8.580837693679968,1.0,0.0,1.0,1.0,0.0,0.0
16,95,0.36459665894418,7.215535268734359,0.0,0.0,0.0,1.0,0.0,1.0
17,95,7.382637598074512,5.347391407119874,0.0,0.0,1.0,1.0,0.0,0.0
18,95,6.7817032616366415,1.5005289276901717,1.0,0.0,1.0,0.0,0.0,1.0
19,95,0.8210728342986282,12.0,1.0,0.0,0.0,1.0,1.0,1.0
20,95,4.866450627452847,0.923843237279932,1.0,0.0,0.0,0.0,0.0,1.0
21,95,5.739997504269685,3.9504886409989854,0.0,0.0,0.0,0.0,0.0,1.0
22,95,6.006531063177293,8.719530467271595,0.0,1.0,0.0,0.0,1.0,0.0
23,95,4.231536579518457,11.966569910622797,0.0,0.0,0.0,0.0,1.0,1.0
24,95,2.2441052833491364,5.674895750825156,0.0,0.0,0.0,1.0,0.0,0.0
25,95,7.633539925387445,11.881462657871804,1.0,1.0,0.0,1.0,0.0,0.0
26,95,5.788869915500583,1.9211328882858312,0.0,0.0,0.0,1.0,1.0,1.0
27,95,5.614015514702711,6.237303496962258,1.0,0.0,0.0,1.0,1.0,1.0
28,95,9.310462710123996,7.107733635733382,0.0,1.0,0.0,1.0,0.0,1.0
29,95,8.806290466941965,11.053659974001365,0.0,0.0,1.0,0.0,0.0,0.0
30,95,2.169063034207673,10.681933030022966,0.0,0.0,0.0,0.0,1.0,1.0
31,95,4.204908880286449,4.346424248799423,0.0,0.0,0.0,0.0,0.0,1.0
32,95,4.619118018772375,5.363604444544789,0.0,0.0,0.0,1.0,1.0,0.0
33,95,12.0,4.027650942175425,0.0,0.0,1.0,1.0,0.0,0.0
34,95,3.2839908235286908,9.588761686726306,1.0,1.0,0.0,0.0,0.0,0.0
35,95,3.1297991226526136,4.09152454657206,0.0,0.0,1.0,1.0,0.0,0.0
36,95,8.843275303521962,3.7311867289418976,0.0,0.0,1.0,0.0,1.0,0.0
37,95,0.945413101468349,5.027932657446724,0.0,0.0,0.0,0.0,0.0,0.0
38,95,11.301845489095475,2.765145098058148,0.0,0.0,0.0,1.0,1.0,1.0
39,95,4.0588353282869765,4.076326408141921,1.0,1.0,1.0,0.0,0.0,0.0
0,100,0.0,0.0,1.0,0.0,0.0,1.0,0.0,0.0
1,100,0.0,5.917844849217108,1.0,1.0,0.0,0.0,1.0,1.0
2,100,0.0,11.871536528357456,0.0,1.0,1.0,0.0,0.0,0.0
3,100,0.0,5.340904628709216,0.0,1.0,0.0,1.0,0.0,0.0
4,100,3.3137982407879085,11.13736619746614,0.0,0.0,0.0,0.0,0.0,0.0
5,100,0.0,0.0,1.0,1.0,0.0,0.0,1.0,0.0
6,100,0.0,5.436981166193869,0.0,1.0,0.0,0.0,1.0,0.0
7,100,6.12101539805649,11.396041401966178,1.0,0.0,1.0,1.0,0.0,0.0
8,100,3.52912679199972,10.1686457842765,0.0,0.0,0.0,0.0,0.0,1.0
9,100,0.0,1.333958261105706,0.0,0.0,1.0,1.0,0.0,1.0
10,100,7.451942366937565,0.4094049553577034,0.0,1.0,0.0,0.0,0.0,1.0
11,100,0.4322217015941865,4.203999767515609,0.0,1.0,0.0,0.0,1.0,1.0
12,100,0.0029344938365697,11.961052220552032,0.0,0.0,1.0,1.0,1.0,0.0
13,100,8.993107814946592,6.326909086126089,1.0,1.0,1.0,1.0,1.0,1.0
14,100,3.848580938144579,10.7448638178163,0.0,1.0,0.0,0.0,0.0,1.0
15,100,0.0929688713530167,8.633200869153226,1.0,0.0,1.0,1.0,0.0,0.0
16,100,0.3342204574776715,7.175073414647479,0.0,0.0,0.0,1.0,0.0,1.0
17,100,7.403140641172549,5.362633723861455,0.0,0.0,1.0,1.0,0.0,0.0
18,100,6.770645414257165,1.5233372960324116,1.0,0.0,1.0,0.0,0.0,1.0
19,100,0.8093242808926473,12.0,1.0,0.0,0.0,1.0,1.0,1.0
20,100,4.820798868847383,0.9116629457147116,1.0,0.0,0.0,0.0,0.0,1.0
21,100,5.782752566194222,3.995068892518333,0.0,0.0,0.0,0.0,0.0,1.0
22,100,6.006926430454041,8.62624296866285,0.0,1.0,0.0,0.0,1.0,0.0
23,100,4.247526094608341,11.986881013363243,0.0,0.0,0.0,0.0,1.0,1.0
24,100,2.143485934680279,5.654960278870445,0.0,0.0,0.0,1.0,0.0,0.0
25,100,7.673780607972101,11.889515281913685,1.0,1.0,0.0,1.0,0.0,0.0
26,100,5.661001628538875,1.9926884399361424,0.0,0.0,0.0,1.0,1.0,1.0
27,100,5.72603799881064,6.178232211551114,1.0,0.0,0.0,1.0,1.0,1.0
28,100,9.311176030331602,7.107180300761534,0.0,1.0,0.0,1.0,0.0,1.0
29,100,8.82447111383771,11.052362774034528,0.0,0.0,1.0,0.0,0.0,0.0
30,100,2.106374990640454,10.621231319028912,0.0,0.0,0.0,0.0,1.0,1.0
31,100,4.203025380349242,4.35125117046361,0.0,0.0,0.0,0.0,0.0,1.0
32,100,4.601923664272626,5.375658135245606,0.0,0.0,0.0,1.0,1.0,0.0
33,100,12.0,4.127960050657824,0.0,0.0,1.0,1.0,0.0,0.0
34,100,3.2133702235541604,9.6116943435003,1.0,1.0,0.0,0.0,0.0,0.0
35,100,3.080295177773762,4.092457359363402,0.0,0.0,1.0,1.0,0.0,0.0
36,100,8.842646577169747,3.803353509723554,0.0,0.0,1.0,0.0,1.0,0.0
37,100,0.9217089749901956,5.037553176797834,0.0,0.0,0.0,0.0,0.0,0.0
38,100,11.314824171186538,2.8664302512496875,0.0,0.0,0.0,1.0,1.0,1.0
39,100,4.019999090229432,4.025013361178908,1.0,1.0,1.0,0.0,0.0,0.0
0,105,0.0,0.0,1.0,0.0,0.0,1.0,0.0,0.0
1,105,0.0,5.906165706841712,1.0,1.0,0.0,0.0,1.0,1.0
2,105,0.0,11.736632175200397,0.0,1.0,1.0,0.0,0.0,0.0
3,105,0.0,5.256888141927993,0.0,1.0,0.0,1.0,0.0,0.0
4,105,3.267630621319955,11.20726662811617,0.0,0.0,0.0,0.0,0.0,0.0
5,105,0.0,0.0,1.0,1.0,0.0,0.0,1.0,0.0
6,105,0.0,5.451638589413845,0.0,1.0,0.0,0.0,1.0,0.0
7,105,6.149969792165436,11.349229184503914,1.0,0.0,1.0,1.0,0.0,0.0
8,105,3.442473260009028,10.143656451516804,0.0,0.0,0.0,0.0,0.0,1.0
9,105,0.0,1.421291823219703,0.0,0.0,1.0,1.0,0.0,1.0
10,105,7.35314966846506,0.310947866931966,0.0,1.0,0.0,0.0,0.0,1.0
11,105,0.3466629336677746,4.164816111222169,0.0,1.0,0.0,0.0,1.0,1.0
12,105,0.0037961159001223,12.0,0.0,0.0,1.0,1.0,1.0,0.0
13,105,9.065715140736188,6.35680101307073,1.0,1.0,1.0,1.0,1.0,1.0
14,105,3.903691413472988,10.79683692691487,0.0,1.0,0.0,0.0,0.0,1.0
15,105,0.0139540433027583,8.689583811621782,1.0,0.0,1.0,1.0,0.0,0.0
16,105,0.2991023083918998,7.128409718249627,0.0,0.0,0.0,1.0,0.0,1.0
17,105,7.413545762867261,5.370494523933853,0.0,0.0,1.0,1.0,0.0,0.0
18,105,6.755772457934634,1.5537000274704236,1.0,0.0,1.0,0.0,0.0,1.0
19,105,0.8016440685945382,12.0,1.0,0.0,0.0,1.0,1.0,1.0
20,105,4.78523556436006,0.9029839287717808,1.0,0.0,0.0,0.0,0.0,1.0
21,105,5.808794152462889,4.021491697563887,0.0,0.0,0.0,0.0,0.0,1.0
22,105,6.009639470357516,8.53049453290784,0.0,1.0,0.0,0.0,1.0,0.0
23,105,4.27126840235835,12.0,0.0,0.0,0.0,0.0,1.0,1.0
24,105,2.024284835718736,5.633161351288671,0.0,0.0,0.0,1.0,0.0,0.0
25,105,7.740660640603941,11.901023456347708,1.0,1.0,0.0,1.0,0.0,0.0
26,105,5.547645578757665,2.06251292340873,0.0,0.0,0.0,1.0,1.0,1.0
27,105,5.82525143570958,6.125933085461634,1.0,0.0,0.0,1.0,1.0,1.0
28,105,9.316353544906308,7.103125789440028,0.0,1.0,0.0,1.0,0.0,1.0
29,105,8.84334147855967,11.050689010474969,0.0,0.0,1.0,0.0,0.0,0.0
30,105,2.059339106763673,10.575169685602331,0.0,0.0,0.0,0.0,1.0,1.0
31,105,4.199948242639447,4.358848633260976,0.0,0.0,0.0,0.0,0.0,1.0
32,105,4.585112637853513,5.387794315938133,0.0,0.0,0.0,1.0,1.0,0.0
33,105,12.0,4.029041146460618,0.0,0.0,1.0,1.0,0.0,0.0
34,105,3.164800909126504,9.627936628399404,1.0,1.0,0.0,0.0,0.0,0.0
35,105,3.0539229819553206,4.092696700153627,0.0,0.0,1.0,1.0,0.0,0.0
36,105,8.843422970358755,3.863325957401555,0.0,0.0,1.0,0.0,1.0,0.0
37,105,0.8721104516491361,5.057649234773346,0.0,0.0,0.0,0.0,0.0,0.0
38,105,11.332833551414932,2.975502428323472,0.0,0.0,0.0,1.0,1.0,1.0
39,105,4.000302431232181,3.9987820992021583,1.0,1.0,1.0,0.0,0.0,0.0
0,110,0.0,0.0,1.0,0.0,0.0,1.0,0.0,0.0
1,110,0.0,5.8910791072917394,1.0,1.0,0.0,0.0,1.0,1.0
2,110,0.0,11.614500405048997,0.0,1.0,1.0,0.0,0.0,0.0
3,110,0.0,5.177182300862783,0.0,1.0,0.0,1.0,0.0,0.0
4,110,3.225835335605963,11.272302455266349,0.0,0.0,0.0,0.0,0.0,0.0
5,110,0.0,0.0,1.0,1.0,0.0,0.0,1.0,0.0
6,110,0.0,5.479133351394377,0.0,1.0,0.0,0.0,1.0,0.0
7,110,6.17919618651991,11.30487022724914,1.0,0.0,1.0,1.0,0.0,0.0
8,110,3.333406140761197,10.112630888037964,0.0,0.0,0.0,0.0,0.0,1.0
9,110,0.0,1.4962722645206954,0.0,0.0,1.0,1.0,0.0,1.0
10,110,7.251503539914862,0.2051224052410714,0.0,1.0,0.0,0.0,0.0,1.0
11,110,0.293495353668699,4.141867273876555,0.0,1.0,0.0,0.0,1.0,1.0
12,110,0.0046545141393779,12.0,0.0,0.0,1.0,1.0,1.0,0.0
13,110,9.152681742826266,6.391790160153573,1.0,1.0,1.0,1.0,1.0,1.0
14,110,3.9667221645972432,10.857166310160856,0.0,1.0,0.0,0.0,0.0,1.0
15,110,0.0,8.734315598137785,1.0,0.0,1.0,1.0,0.0,0.0
16,110,0.2695354440829744,7.089011755621237,0.0,0.0,0.0,1.0,0.0,1.0
17,110,7.409093743185762,5.367202069405739,0.0,0.0,1.0,1.0,0.0,0.0
18,110,6.75242972064464,1.5604336711667304,1.0,0.0,1.0,0.0,0.0,1.0
19,110,0.7984293304208817,12.0,1.0,0.0,0.0,1.0,1.0,1.0
20,110,4.746061316385877,0.8932523325391993,1.0,0.0,0.0,0.0,0.0,1.0
21,110,5.831928049993629,4.044970030379928,0.0,0.0,0.0,0.0,0.0,1.0
22,110,6.011304058105157,8.41849761389007,0.0,1.0,0.0,0.0,1.0,0.0
23,110,4.297034378814267,12.0,0.0,0.0,0.0,0.0,1.0,1.0
24,110,1.9136266899375176,5.611220005249846,0.0,0.0,0.0,1.0,0.0,0.0
25,110,7.819461222994027,11.914319140668985,1.0,1.0,0.0,1.0,0.0,0.0
26,110,5.420777706088679,2.1436337844638045,0.0,0.0,0.0,1.0,1.0,1.0
27,110,5.91016874321964,6.079801867225997,1.0,0.0,0.0,1.0,1.0,1.0
28,110,9.331707812708911,7.09114972959117,0.0,1.0,0.0,1.0,0.0,1.0
29,110,8.864860571557001,11.049275216054646,0.0,0.0,1.0,0.0,0.0,0.0
30,110,1.99916713765703,10.514395673020108,0.0,0.0,0.0,0.0,1.0,1.0
31,110,4.192239358164161,4.3775640710449455,0.0,0.0,0.0,0.0,0.0,1.0
32,110,4.587256568935236,5.386364168369755,0.0,0.0,0.0,1.0,1.0,0.0
33,110,12.0,3.93371825597069,0.0,0.0,1.0,1.0,0.0,0.0
34,110,3.09340465490475,9.652927407475882,1.0,1.0,0.0,0.0,0.0,0.0
35,110,2.997579750295263,4.092987585158579,0.0,0.0,1.0,1.0,0.0,0.0
36,110,8.845343110078637,3.9385621015971695,0.0,0.0,1.0,0.0,1.0,0.0
37,110,0.8212390619972955,5.0768535600960725,0.0,0.0,0.0,0.0,0.0,0.0
38,110,11.347288303389464,3.058521161989445,0.0,0.0,0.0,1.0,1.0,1.0
39,110,3.968090194384656,3.9566309917019495,1.0,1.0,1.0,0.0,0.0,0.0
0,115,0.0,0.0,1.0,0.0,0.0,1.0,0.0,0.0
1,115,0.0,5.872421383636203,1.0,1.0,0.0,0.0,1.0,1.0
2,115,0.0,11.502006645440872,0.0,1.0,1.0,0.0,0.0,0.0
3,115,0.0,5.0956141686614425,0.0,1.0,0.0,1.0,0.0,0.0
4,115,3.1803088785765032,11.34354063662138,0.0,0.0,0.0,0.0,0.0,0.0
5,115,0.0,0.0,1.0,1.0,0.0,0.0,1.0,0.0
6,115,0.0,5.510134353702879,0.0,1.0,0.0,0.0,1.0,0.0
7,115,6.211227507143149,11.259318683236588,1.0,0.0,1.0,1.0,0.0,0.0
8,115,3.266456227903019,10.093426017534693,0.0,0.0,0.0,0.0,0.0,1.0
9,115,0.0,1.5654983936905862,0.0,0.0,1.0,1.0,0.0,1.0
10,115,7.1587968039743295,0.1091602737208148,0.0,1.0,0.0,0.0,0.0,1.0
11,115,0.2576605488181017,4.12536473179286,0.0,1.0,0.0,0.0,1.0,1.0
12,115,0.005875213572118,12.0,0.0,0.0,1.0,1.0,1.0,0.0
13,115,9.245099484332853,6.4318499301349785,1.0,1.0,1.0,1.0,1.0,1.0
14,115,4.018837020153123,10.90499338470052,0.0,1.0,0.0,0.0,0.0,1.0
15,115,0.0,8.780125646209829,1.0,0.0,1.0,1.0,0.0,0.0
16,115,0.2469104458981623,7.057554718592524,0.0,0.0,0.0,1.0,0.0,1.0
17,115,7.418806838062505,5.374302322956144,0.0,0.0,1.0,1.0,0.0,0.0
18,115,6.74795975966723,1.569584207269319,1.0,0.0,1.0,0.0,0.0,1.0
19,115,0.7961988957087578,12.0,1.0,0.0,0.0,1.0,1.0,1.0
20,115,4.709225684357885,0.8834311188067234,1.0,0.0,0.0,0.0,0.0,1.0
21,115,5.861280587170764,4.074982791374339,0.0,0.0,0.0,0.0,0.0,1.0
22,115,6.010766269833794,8.312032191757506,0.0,1.0,0.0,0.0,1.0,0.0
23,115,4.313528757077679,12.0,0.0,0.0,0.0,0.0,1.0,1.0
24,115,1.7945445559955793,5.583675578604956,0.0,0.0,0.0,1.0,0.0,0.0
25,115,7.876697766316032,11.925862839846031,1.0,1.0,0.0,1.0,0.0,0.0
26,115,5.277954489961367,2.2393028472846743,0.0,0.0,0.0,1.0,1.0,1.0
27,115,5.99804585305618,6.030812014963942,1.0,0.0,0.0,1.0,1.0,1.0
28,115,9.359723892744029,7.070098658312827,0.0,1.0,0.0,1.0,0.0,1.0
29,115,8.88240350405664,11.048493569148638,0.0,0.0,1.0,0.0,0.0,0.0
30,115,1.95254160792271,10.46497171280453,0.0,0.0,0.0,0.0,1.0,1.0
31,115,4.186698367881818,4.39157478093164,0.0,0.0,0.0,0.0,0.0,1.0
32,115,4.605161784437086,5.37389711423404,0.0,0.0,0.0,1.0,1.0,0.0
33,115,12.0,3.826925240887435,0.0,0.0,1.0,1.0,0.0,0.0
34,115,3.030250435215201,9.67363535141359,1.0,1.0,0.0,0.0,0.0,0.0
35,115,2.916906345475608,4.093283090667457,0.0,0.0,1.0,1.0,0.0,0.0
36,115,8.846409092868273,3.9838395006310776,0.0,0.0,1.0,0.0,1.0,0.0
37,115,0.7773509472744841,5.093456030904987,0.0,0.0,0.0,0.0,0.0,0.0
38,115,11.363805931809615,3.138689698960562,0.0,0.0,0.0,1.0,1.0,1.0
39,115,3.9414573441888976,3.921278758247248,1.0,1.0,1.0,0.0,0.0,0.0
0,120,0.0,0.0,1.0,0.0,0.0,1.0,0.0,0.0
1,120,0.0,5.854098483286967,1.0,1.0,0.0,0.0,1.0,1.0
2,120,0.0,11.37733077179312,0.0,1.0,1.0,0.0,0.0,0.0
3,120,0.0,5.031151115531571,0.0,1.0,0.0,1.0,0.0,0.0
4,120,3.138158441892933,11.409457314094638,0.0,0.0,0.0,0.0,0.0,0.0
5,120,0.0,0.0,1.0,1.0,0.0,0.0,1.0,0.0
6,120,0.0,5.543768603727986,0.0,1.0,0.0,0.0,1.0,0.0
7,120,6.237810863890563,11.220806918414644,1.0,0.0,1.0,1.0,0.0,0.0
8,120,3.209252802340964,10.075883671720192,0.0,0.0,0.0,0.0,0.0,1.0
9,120,0.0,1.6502193876175522,0.0,0.0,1.0,1.0,0.0,1.0
10,120,7.0611280368854805,0.0054973790243325,0.0,1.0,0.0,0.0,0.0,1.0
11,120,0.2383046880318416,4.116723856522556,0.0,1.0,0.0,0.0,1.0,1.0
12,120,0.0072641724993244,12.0,0.0,0.0,1.0,1.0,1.0,0.0
13,120,9.348158586344644,6.474755072762243,1.0,1.0,1.0,1.0,1.0,1.0
14,120,4.060783505567858,10.942743078532796,0.0,1.0,0.0,0.0,0.0,1.0
15,120,0.0,8.827137836954835,1.0,0.0,1.0,1.0,0.0,0.0
16,120,0.2199245399510522,7.018129101111557,0.0,0.0,0.0,1.0,0.0,1.0
17,120,7.425156317394921,5.378943685178083,0.0,0.0,1.0,1.0,0.0,0.0
18,120,6.743949771740012,1.577952112114013,1.0,0.0,1.0,0.0,0.0,1.0
19,120,0.7932088542833408,12.0,1.0,0.0,0.0,1.0,1.0,1.0
20,120,4.676178405109797,0.8757934481857175,1.0,0.0,0.0,0.0,0.0,1.0
21,120,5.883175763796684,4.096372386407066,0.0,0.0,0.0,0.0,0.0,1.0
22,120,6.008790348569996,8.227144730056914,0.0,1.0,0.0,0.0,1.0,0.0
23,120,4.329909691670272,12.0,0.0,0.0,0.0,0.0,1.0,1.0
24,120,1.6657335705921703,5.554963024846662,0.0,0.0,0.0,1.0,0.0,0.0
25,120,7.937398875503478,11.937250505321352,1.0,1.0,0.0,1.0,0.0,0.0
26,120,5.139495717959501,2.3226920474375343,0.0,0.0,0.0,1.0,1.0,1.0
27,120,6.10431744704299,5.971874122492027,1.0,0.0,0.0,1.0,1.0,1.0
28,120,9.391952119991036,7.04606362249489,0.0,1.0,0.0,1.0,0.0,1.0
29,120,8.90659735006536,11.047119436243758,0.0,0.0,1.0,0.0,0.0,0.0
30,120,1.904440124782236,10.412747593640947,0.0,0.0,0.0,0.0,1.0,1.0
31,120,4.171740602847095,4.43164678945884,0.0,0.0,0.0,0.0,0.0,1.0
32,120,4.632141153209712,5.3539270224116775,0.0,0.0,0.0,1.0,1.0,0.0
33,120,12.0,3.723740264180279,0.0,0.0,1.0,1.0,0.0,0.0
34,120,2.992313876943812,9.686966442801468,1.0,1.0,0.0,0.0,0.0,0.0
35,120,2.839990761802127,4.093281436649469,0.0,0.0,1.0,1.0,0.0,0.0
36,120,8.847722582742463,4.030953474609357,0.0,0.0,1.0,0.0,1.0,0.0
37,120,0.7176138545659317,5.115925026143533,0.0,0.0,0.0,0.0,0.0,0.0
38,120,11.383030283751042,3.2284846965870884,0.0,0.0,0.0,1.0,1.0,1.0
39,120,3.909064143100599,3.879461981676013,1.0,1.0,1.0,0.0,0.0,0.0
0,125,0.0,0.0,1.0,0.0,0.0,1.0,0.0,0.0
1,125,0.0,5.8344482555942285,1.0,1.0,0.0,0.0,1.0,1.0
2,125,0.0,11.243322665787751,0.0,1.0,1.0,0.0,0.0,0.0
3,125,0.0,4.951814112914409,0.0,1.0,0.0,1.0,0.0,0.0
4,125,3.097006263920649,11.475382657713176,0.0,0.0,0.0,0.0,0.0,0.0
5,125,0.0,0.0,1.0,1.0,0.0,0.0,1.0,0.0
6,125,0.0,5.573010911578875,0.0,1.0,0.0,0.0,1.0,0.0
7,125,6.273199747724473,11.170058617555624,1.0,0.0,1.0,1.0,0.0,0.0
8,125,3.142764331961864,10.05220462956901,0.0,0.0,0.0,0.0,0.0,1.0
9,125,0.0,1.7354950066335744,0.0,0.0,1.0,1.0,0.0,1.0
10,125,6.9653262762759285,0.0,0.0,1.0,0.0,0.0,0.0,1.0
11,125,0.1987220278791673,4.098827828198999,0.0,1.0,0.0,0.0,1.0,1.0
12,125,0.00885372758984,12.0,0.0,0.0,1.0,1.0,1.0,0.0
13,125,9.440813260903084,6.516601322738893,1.0,1.0,1.0,1.0,1.0,1.0
14,125,4.092767863198875,10.968828557369276,0.0,1.0,0.0,0.0,0.0,1.0
15,125,0.0,8.890141954994574,1.0,0.0,1.0,1.0,0.0,0.0
16,125,0.1899583514396651,6.970837902712769,0.0,0.0,0.0,1.0,0.0,1.0
17,125,7.434050011318005,5.384939945419062,0.0,0.0,1.0,1.0,0.0,0.0
18,125,6.739332031237602,1.5877478770918805,1.0,0.0,1.0,0.0,0.0,1.0
19,125,0.7896949714684371,12.0,1.0,0.0,0.0,1.0,1.0,1.0
20,125,4.646776163897811,0.8688460420950083,1.0,0.0,0.0,0.0,0.0,1.0
21,125,5.902059507247863,4.115326533611161,0.0,0.0,0.0,0.0,0.0,1.0
22,125,6.005326732456435,8.15444666538256,0.0,1.0,0.0,0.0,1.0,0.0
23,125,4.347272456077618,12.0,0.0,0.0,0.0,0.0,1.0,1.0
24,125,1.5596625943941382,5.528255684694851,0.0,0.0,0.0,1.0,0.0,0.0
25,125,8.016872735124997,11.952088493118069,1.0,1.0,0.0,1.0,0.0,0.0
26,125,5.005460742573049,2.404856997932081,0.0,0.0,0.0,1.0,1.0,1.0
27,125,6.205030317875939,5.92140652969862,1.0,0.0,0.0,1.0,1.0,1.0
28,125,9.41774772341896,7.026405960093165,0.0,1.0,0.0,1.0,0.0,1.0
29,125,8.927635199502957,11.046201827275816,0.0,0.0,1.0,0.0,0.0,0.0
30,125,1.8576046987402517,10.359551482628529,0.0,0.0,0.0,0.0,1.0,1.0
31,125,4.160028989390219,4.4621726213140285,0.0,0.0,0.0,0.0,0.0,1.0
32,125,4.659419872842853,5.334553122770213,0.0,0.0,0.0,1.0,1.0,0.0
33,125,12.0,3.610609097622428,0.0,0.0,1.0,1.0,0.0,0.0
34,125,2.969812881828291,9.695541283704372,1.0,1.0,0.0,0.0,0.0,0.0
35,125,2.75453490561199,4.091160960434787,0.0,0.0,1.0,1.0,0.0,0.0
36,125,8.849164479638118,4.0668673813765785,0.0,0.0,1.0,0.0,1.0,0.0
37,125,0.6343067561742778,5.147380691836736,0.0,0.0,0.0,0.0,0.0,0.0
38,125,11.39500781203368,3.2863989184768165,0.0,0.0,0.0,1.0,1.0,1.0
39,125,3.8675727700116704,3.8276370625618585,1.0,1.0,1.0,0.0,0.0,0.0
0,130,0.0,0.0,1.0,0.0,0.0,1.0,0.0,0.0
1,130,0.0,5.81409058044858,1.0,1.0,0.0,0.0,1.0,1.0
2,130,0.0,11.101700226978911,0.0,1.0,1.0,0.0,0.0,0.0
3,130,0.0,4.864179492200969,0.0,1.0,0.0,1.0,0.0,0.0
4,130,3.040801147580831,11.562940313327267,0.0,0.0,0.0,0.0,0.0,0.0
5,130,0.0,0.0,1.0,1.0,0.0,0.0,1.0,0.0
6,130,0.0,5.604856973423895,0.0,1.0,0.0,0.0,1.0,0.0
7,130,6.307689832174065,11.119258818221676,1.0,0.0,1.0,1.0,0.0,0.0
8,130,3.076100946706639,10.027731203711529,0.0,0.0,0.0,0.0,0.0,1.0
9,130,0.0,1.8148267116281585,0.0,0.0,1.0,1.0,0.0,1.0
10,130,6.870193331486017,0.0,0.0,1.0,0.0,0.0,0.0,1.0
11,130,0.1462274611290465,4.076003541798239,0.0,1.0,0.0,0.0,1.0,1.0
12,130,0.0105691138142404,12.0,0.0,0.0,1.0,1.0,1.0,0.0
13,130,9.543137252273429,6.562541118794295,1.0,1.0,1.0,1.0,1.0,1.0
14,130,4.12359100813668,10.992906964763428,0.0,1.0,0.0,0.0,0.0,1.0
15,130,0.0,8.957277515412489,1.0,0.0,1.0,1.0,0.0,0.0
16,130,0.155990952244205,6.918340876419319,0.0,0.0,0.0,1.0,0.0,1.0
17,130,7.449984292578437,5.395733881098389,0.0,0.0,1.0,1.0,0.0,0.0
18,130,6.727681573794834,1.6155987119637294,1.0,0.0,1.0,0.0,0.0,1.0
19,130,0.7863982551656904,12.0,1.0,0.0,0.0,1.0,1.0,1.0
20,130,4.618578890182352,0.8614735451399671,1.0,0.0,0.0,0.0,0.0,1.0
21,130,5.911571701584234,4.124595789973276,0.0,0.0,0.0,0.0,0.0,1.0
22,130,6.000510940770386,8.0743303124281,0.0,1.0,0.0,0.0,1.0,0.0
23,130,4.361473441027001,12.0,0.0,0.0,0.0,0.0,1.0,1.0
24,130,1.4573190176871142,5.50154944816005,0.0,0.0,0.0,1.0,0.0,0.0
25,130,8.103494788424145,11.969289572957546,1.0,1.0,0.0,1.0,0.0,0.0
26,130,4.871090752356585,2.4905495166290743,0.0,0.0,0.0,1.0,1.0,1.0
27,130,6.290419619391008,5.878189567734292,1.0,0.0,0.0,1.0,1.0,1.0
28,130,9.43915475158311,7.01081117185299,0.0,1.0,0.0,1.0,0.0,1.0
29,130,8.938307911564632,11.046141583267408,0.0,0.0,1.0,0.0,0.0,0.0
30,130,1.786663312764185,10.283534599143032,0.0,0.0,0.0,0.0,1.0,1.0
31,130,4.151151721557024,4.486487197132061,0.0,0.0,0.0,0.0,0.0,1.0
32,130,4.682306432578565,5.317945950871288,0.0,0.0,0.0,1.0,1.0,0.0
33,130,12.0,3.4798723727484586,0.0,0.0,1.0,1.0,0.0,0.0
34,130,2.9129176996900368,9.715658605671976,1.0,1.0,0.0,0.0,0.0,0.0
35,130,2.6863859567002857,4.089330673066788,0.0,0.0,1.0,1.0,0.0,0.0
36,130,8.85046647994853,4.094803401271634,0.0,0.0,1.0,0.0,1.0,0.0
37,130,0.5707402569172794,5.172512269305894,0.0,0.0,0.0,0.0,0.0,0.0
38,130,11.323202041652216,3.3035612314565106,0.0,0.0,0.0,1.0,1.0,1.0
39,130,3.833732208716064,3.787042845825841,1.0,1.0,1.0,0.0,0.0,0.0
0,135,0.0,0.0,1.0,0.0,0.0,1.0,0.0,0.0
1,135,0.0,5.793511676079224,1.0,1.0,0.0,0.0,1.0,1.0
2,135,0.0,10.964952967519634,0.0,1.0,1.0,0.0,0.0,0.0
3,135,0.0,4.793459662881483,0.0,1.0,0.0,1.0,0.0,0.0
4,135,2.98815396241088,11.647236663121015,0.0,0.0,0.0,0.0,0.0,0.0
5,135,0.0,0.0,1.0,1.0,0.0,0.0,1.0,0.0
6,135,0.0,5.643587856077536,0.0,1.0,0.0,0.0,1.0,0.0
7,135,6.352433948112124,11.056268101866207,1.0,0.0,1.0,1.0,0.0,0.0
8,135,3.0165122477602995,10.005674487432753,0.0,0.0,0.0,0.0,0.0,1.0
9,135,0.0,1.8803394978372965,0.0,0.0,1.0,1.0,0.0,1.0
10,135,6.779720018636224,0.0,0.0,1.0,0.0,0.0,0.0,1.0
11,135,0.1229234241164501,4.066259345239276,0.0,1.0,0.0,0.0,1.0,1.0
12,135,0.0125240524262063,12.0,0.0,0.0,1.0,1.0,1.0,0.0
13,135,9.655869147390195,6.613475655392157,1.0,1.0,1.0,1.0,1.0,1.0
14,135,4.155893615462501,11.018260350552168,0.0,1.0,0.0,0.0,0.0,1.0
15,135,0.0,9.01989511783404,1.0,0.0,1.0,1.0,0.0,0.0
16,135,0.1384481369219463,6.890423167940493,0.0,0.0,0.0,1.0,0.0,1.0
17,135,7.482498061449049,5.4168840323276015,0.0,0.0,1.0,1.0,0.0,0.0
18,135,6.718257491299857,1.637638140065743,1.0,0.0,1.0,0.0,0.0,1.0
19,135,0.7843287094009739,12.0,1.0,0.0,0.0,1.0,1.0,1.0
20,135,4.586061314207197,0.8530909572301326,1.0,0.0,0.0,0.0,0.0,1.0
21,135,5.9085914243437045,4.121753902179602,0.0,0.0,0.0,0.0,0.0,1.0
22,135,5.99036906770143,7.9673429022050275,0.0,1.0,0.0,0.0,1.0,0.0
23,135,4.382234857540125,12.0,0.0,0.0,0.0,0.0,1.0,1.0
24,135,1.3427211568439796,5.471280833782965,0.0,0.0,0.0,1.0,0.0,0.0
25,135,8.210844625119602,11.991666490045644,1.0,1.0,0.0,1.0,0.0,0.0
26,135,4.724364561263295,2.577141388432008,0.0,0.0,0.0,1.0,1.0,1.0
27,135,6.368118511499424,5.837487834915998,1.0,0.0,0.0,1.0,1.0,1.0
28,135,9.471814661198858,6.986711077517588,0.0,1.0,0.0,1.0,0.0,1.0
29,135,8.943378209874743,11.046154093033934,0.0,0.0,1.0,0.0,0.0,0.0
30,135,1.7292510496840667,10.224248938272146,0.0,0.0,0.0,0.0,1.0,1.0
31,135,4.145833369401057,4.50001867523505,0.0,0.0,0.0,0.0,0.0,1.0
32,135,4.732273183854408,5.279683194725799,0.0,0.0,0.0,1.0,1.0,0.0
33,135,12.0,3.350829194634793,0.0,0.0,1.0,1.0,0.0,0.0
34,135,2.864774494956585,9.730934193570194,1.0,1.0,0.0,0.0,0.0,0.0
35,135,2.6394101971984134,4.087305787886208,0.0,0.0,1.0,1.0,0.0,0.0
36,135,8.851206710627928,4.125634713369144,0.0,0.0,1.0,0.0,1.0,0.0
37,135,0.49032020720584,5.2072963926835545,0.0,0.0,0.0,0.0,0.0,0.0
38,135,11.287753346313742,3.312386543110422,0.0,0.0,0.0,1.0,1.0,1.0
39,135,3.792876774425502,3.740636980656042,1.0,1.0,1.0,0.0,0.0,0.0
0,140,0.0,0.0,1.0,0.0,0.0,1.0,0.0,0.0
1,140,0.0,5.99394127701211,1.0,1.0,0.0,0.0,1.0,1.0
2,140,0.0,10.815431708126036,0.0,1.0,1.0,0.0,0.0,0.0
3,140,0.0,4.719681692740593,0.0,1.0,0.0,1.0,0.0,0.0
4,140,2.9367496253295484,11.7298553779919,0.0,0.0,0.0,0.0,0.0,0.0
5,140,0.0,0.0,1.0,1.0,0.0,0.0,1.0,0.0
6,140,0.0,5.68897358386406,0.0,1.0,0.0,0.0,1.0,0.0
7,140,6.4023686238373285,10.99016040482466,1.0,0.0,1.0,1.0,0.0,0.0
8,140,2.98252039473634,9.994087920648951,0.0,0.0,0.0,0.0,0.0,1.0
9,140,0.0,1.954186119987869,0.0,0.0,1.0,1.0,0.0,1.0
10,140,6.692246226590523,0.0,0.0,1.0,0.0,0.0,0.0,1.0
11,140,0.0650970192008371,4.041830000738683,0.0,1.0,0.0,0.0,1.0,1.0
12,140,0.0167119180922034,12.0,0.0,0.0,1.0,1.0,1.0,0.0
13,140,9.774395815910012,6.670674918920371,1.0,1.0,1.0,1.0,1.0,1.0
14,140,4.1969398991816345,11.051531233976249,0.0,1.0,0.0,0.0,0.0,1.0
15,140,0.0,9.07952451810971,1.0,0.0,1.0,1.0,0.0,0.0
16,140,0.12140752497746,6.863484382362885,0.0,0.0,0.0,1.0,0.0,1.0
17,140,7.52080801831021,5.441763857432608,0.0,0.0,1.0,1.0,0.0,0.0
18,140,6.714523150440576,1.647220914745291,1.0,0.0,1.0,0.0,0.0,1.0
19,140,0.7829459724097806,12.0,1.0,0.0,0.0,1.0,1.0,1.0
20,140,4.578371207181062,0.8510831376339848,1.0,0.0,0.0,0.0,0.0,1.0
21,140,5.8976957531521625,4.111300314627729,0.0,0.0,0.0,0.0,0.0,1.0
22,140,5.979452660710197,7.838348051120994,0.0,1.0,0.0,0.0,1.0,0.0
23,140,4.391444355180291,12.0,0.0,0.0,0.0,0.0,1.0,1.0
24,140,1.2205271348454212,5.441306205385838,0.0,0.0,0.0,1.0,0.0,0.0
25,140,8.307723876215839,12.0,1.0,1.0,0.0,1.0,0.0,0.0
26,140,4.5871690505488525,2.6561762731159466,0.0,0.0,0.0,1.0,1.0,1.0
27,140,6.436502347901771,5.800970651334041,1.0,0.0,0.0,1.0,1.0,1.0
28,140,9.523117386129268,6.950579814484299,0.0,1.0,0.0,1.0,0.0,1.0
29,140,8.946977775719349,11.046175175851811,0.0,0.0,1.0,0.0,0.0,0.0
30,140,1.658007257502312,10.15047806568612,0.0,0.0,0.0,0.0,1.0,1.0
31,140,4.135020736428038,4.527288240455747,0.0,0.0,0.0,0.0,0.0,1.0
32,140,4.803702085165369,5.228328191681208,0.0,0.0,0.0,1.0,1.0,0.0
33,140,12.0,3.214221148581598,0.0,0.0,1.0,1.0,0.0,0.0
34,140,2.817331720254721,9.746489983772207,1.0,1.0,0.0,0.0,0.0,0.0
35,140,2.594044790452779,4.086156330282095,0.0,0.0,1.0,1.0,0.0,0.0
36,140,8.852640184165265,4.161270203357076,0.0,0.0,1.0,0.0,1.0,0.0
37,140,0.4028879198730207,5.24632837345964,0.0,0.0,0.0,0.0,0.0,0.0
38,140,11.255118260550816,3.319542895732955,0.0,0.0,0.0,1.0,1.0,1.0
39,140,3.7492523418926926,3.690099077901943,1.0,1.0,1.0,0.0,0.0,0.0
0,145,0.0,0.0,1.0,0.0,0.0,1.0,0.0,0.0
1,145,0.0,6.210953335479369,1.0,1.0,0.0,0.0,1.0,1.0
2,145,0.0,10.651794703500435,0.0,1.0,1.0,0.0,0.0,0.0
3,145,0.0,4.610190283308171,0.0,1.0,0.0,1.0,0.0,0.0
4,145,2.871780196108943,11.83625515673103,0.0,0.0,0.0,0.0,0.0,0.0
5,145,0.0,0.0,1.0,1.0,0.0,0.0,1.0,0.0
6,145,0.0,5.731044373982536,0.0,1.0,0.0,0.0,1.0,0.0
7,145,6.436914036557058,10.94155823871535,1.0,0.0,1.0,1.0,0.0,0.0
8,145,2.9541017998234715,9.985042544980082,0.0,0.0,0.0,0.0,0.0,1.0
9,145,0.0,2.0277936864040376,0.0,0.0,1.0,1.0,0.0,1.0
10,145,6.617480080008495,0.0,0.0,1.0,0.0,0.0,0.0,1.0
11,145,0.0063728332546759,4.015142031218936,0.0,1.0,0.0,0.0,1.0,1.0
12,145,0.0233135849048673,12.0,0.0,0.0,1.0,1.0,1.0,0.0
13,145,9.88208826969527,6.721742370517676,1.0,1.0,1.0,1.0,1.0,1.0
14,145,4.260688131772148,11.09993044444487,0.0,1.0,0.0,0.0,0.0,1.0
15,145,0.0,9.1318401547992,1.0,0.0,1.0,1.0,0.0,0.0
16,145,0.1057532319025153,6.83837853930864,0.0,0.0,0.0,1.0,0.0,1.0
17,145,7.549410195278591,5.397041665052731,0.0,0.0,1.0,1.0,0.0,0.0
18,145,6.707995470392674,1.664301017847866,1.0,0.0,1.0,0.0,0.0,1.0
19,145,0.7803724383825656,12.0,1.0,0.0,0.0,1.0,1.0,1.0
20,145,4.592916279615048,0.8544442115485774,1.0,0.0,0.0,0.0,0.0,1.0
21,145,5.883644482991806,4.0977876307738015,0.0,0.0,0.0,0.0,0.0,1.0
22,145,5.974381437017168,7.700842258507714,0.0,1.0,0.0,0.0,1.0,0.0
23,145,4.408856921091704,12.0,0.0,0.0,0.0,0.0,1.0,1.0
24,145,1.1037607089162431,5.409196525607495,0.0,0.0,0.0,1.0,0.0,0.0
25,145,8.395555902682622,12.0,1.0,1.0,0.0,1.0,0.0,0.0
26,145,4.514967642688455,2.5258007129421247,0.0,0.0,0.0,1.0,1.0,1.0
27,145,6.50834357261575,5.761656710998892,1.0,0.0,0.0,1.0,1.0,1.0
28,145,9.586500593284072,6.9036530960110944,0.0,1.0,0.0,1.0,0.0,1.0
29,145,8.95019233878628,11.046368633812287,0.0,0.0,1.0,0.0,0.0,0.0
30,145,1.59545366623132,10.083656354248337,0.0,0.0,0.0,0.0,1.0,1.0
31,145,4.132481812515541,4.534550487714513,0.0,0.0,0.0,0.0,0.0,1.0
32,145,4.873897997671151,5.177098519312943,0.0,0.0,0.0,1.0,1.0,0.0
33,145,12.0,3.0842662789021507,0.0,0.0,1.0,1.0,0.0,0.0
34,145,2.788808571517651,9.755919128852003,1.0,1.0,0.0,0.0,0.0,0.0
35,145,2.548447980795486,4.085288358623105,0.0,0.0,1.0,1.0,0.0,0.0
36,145,8.855199523331688,4.199902552648809,0.0,0.0,1.0,0.0,1.0,0.0
37,145,0.3440878252864457,5.274433704662985,0.0,0.0,0.0,0.0,0.0,0.0
38,145,11.233559414562055,3.324905979808678,0.0,0.0,0.0,1.0,1.0,1.0
39,145,3.720240833903233,3.655815852996597,1.0,1.0,1.0,0.0,0.0,0.0
0,150,0.0,0.0,1.0,0.0,0.0,1.0,0.0,0.0
1,150,0.0,6.414538011754408,1.0,1.0,0.0,0.0,1.0,1.0
2,150,0.0,10.442926290457237,0.0,1.0,1.0,0.0,0.0,0.0
3,150,0.0,4.524666391331624,0.0,1.0,0.0,1.0,0.0,0.0
4,150,2.797904273336253,11.959267731600626,0.0,0.0,0.0,0.0,0.0,0.0
5,150,0.0,0.0,1.0,1.0,0.0,0.0,1.0,0.0
6,150,0.0,5.762914576511813,0.0,1.0,0.0,0.0,1.0,0.0
7,150,6.47760455919555,10.883949489533451,1.0,0.0,1.0,1.0,0.0,0.0
8,150,2.904482910985754,9.970104143593264,0.0,0.0,0.0,0.0,0.0,1.0
9,150,0.0,2.094286423022671,0.0,0.0,1.0,1.0,0.0,1.0
10,150,6.54742589683283,0.0,0.0,1.0,0.0,0.0,0.0,1.0
11,150,0.0,3.979594466696364,0.0,1.0,0.0,0.0,1.0,1.0
12,150,0.0299205770029775,12.0,0.0,0.0,1.0,1.0,1.0,0.0
13,150,10.00563149316573,6.778580070895855,1.0,1.0,1.0,1.0,1.0,1.0
14,150,4.322852408234099,11.146205468040463,0.0,1.0,0.0,0.0,0.0,1.0
15,150,0.0,9.185548640253144,1.0,0.0,1.0,1.0,0.0,0.0
16,150,0.0883413703240153,6.810443484120664,0.0,0.0,0.0,1.0,0.0,1.0
17,150,7.580898491758969,5.348244800733599,0.0,0.0,1.0,1.0,0.0,0.0
18,150,6.702319067462479,1.677868710390989,1.0,0.0,1.0,0.0,0.0,1.0
19,150,0.7780085747243735,12.0,1.0,0.0,0.0,1.0,1.0,1.0
20,150,4.60677878544002,0.8579430142525375,1.0,0.0,0.0,0.0,0.0,1.0
21,150,5.865112581168053,4.079705961124887,0.0,0.0,0.0,0.0,0.0,1.0
22,150,5.972211010961693,7.5672882572981885,0.0,1.0,0.0,0.0,1.0,0.0
23,150,4.422569782977776,12.0,0.0,0.0,0.0,0.0,1.0,1.0
24,150,1.0044106073007073,5.3807958581904805,0.0,0.0,0.0,1.0,0.0,0.0
25,150,8.48338827764953,12.0,1.0,1.0,0.0,1.0,0.0,0.0
26,150,4.439530700939563,2.3885208652144003,0.0,0.0,0.0,1.0,1.0,1.0
27,150,6.551786493291537,5.736161485854836,1.0,0.0,0.0,1.0,1.0,1.0
28,150,9.64908164464745,6.85916872447699,0.0,1.0,0.0,1.0,0.0,1.0
29,150,8.957420623285358,11.04690651207101,0.0,0.0,1.0,0.0,0.0,0.0
30,150,1.523753362940284,10.007531235402702,0.0,0.0,0.0,0.0,1.0,1.0
31,150,4.13754988862146,4.520721495493536,0.0,0.0,0.0,0.0,0.0,1.0
32,150,4.956090521446544,5.116083810696212,0.0,0.0,0.0,1.0,1.0,0.0
33,150,12.0,2.9633080242471355,0.0,0.0,1.0,1.0,0.0,0.0
34,150,2.756390096190977,9.766627439096364,1.0,1.0,0.0,0.0,0.0,0.0
35,150,2.5111838634802277,4.084857668008266,0.0,0.0,1.0,1.0,0.0,0.0
36,150,8.856583656482616,4.222149920837142,0.0,0.0,1.0,0.0,1.0,0.0
37,150,0.2746106436909705,5.307098833601197,0.0,0.0,0.0,0.0,0.0,0.0
38,150,11.18676589485413,3.337123143511401,0.0,0.0,0.0,1.0,1.0,1.0
39,150,3.6881151047732046,3.615925745246359,1.0,1.0,1.0,0.0,0.0,0.0
0,155,0.0,0.0,1.0,0.0,0.0,1.0,0.0,0.0
1,155,0.0,6.6239038405939565,1.0,1.0,0.0,0.0,1.0,1.0
2,155,0.0,10.229046074620072,0.0,1.0,1.0,0.0,0.0,0.0
3,155,0.0,4.44708306272378,0.0,1.0,0.0,1.0,0.0,0.0
4,155,2.7232650894417105,12.0,0.0,0.0,0.0,0.0,0.0,0.0
5,155,0.0,0.0,1.0,1.0,0.0,0.0,1.0,0.0
6,155,0.0,5.803800269252665,0.0,1.0,0.0,0.0,1.0,0.0
7,155,6.518402006908979,10.825408716492976,1.0,0.0,1.0,1.0,0.0,0.0
8,155,2.884880284639354,9.96408932262224,0.0,0.0,0.0,0.0,0.0,1.0
9,155,0.0,2.1644845932597856,0.0,0.0,1.0,1.0,0.0,1.0
10,155,6.496696196768996,0.0,0.0,1.0,0.0,0.0,0.0,1.0
11,155,0.0,3.944882937843032,0.0,1.0,0.0,0.0,1.0,1.0
12,155,0.0382213869434,12.0,0.0,0.0,1.0,1.0,1.0,0.0
13,155,10.111115354651252,6.82831809927298,1.0,1.0,1.0,1.0,1.0,1.0
14,155,4.385284722395457,11.19108638334169,0.0,1.0,0.0,0.0,0.0,1.0
15,155,0.0,9.24361147718418,1.0,0.0,1.0,1.0,0.0,0.0
16,155,0.0650165233660283,6.77429694078667,0.0,0.0,0.0,1.0,0.0,1.0
17,155,7.620710023703494,5.289299242540338,0.0,0.0,1.0,1.0,0.0,0.0
18,155,6.686948482456697,1.7131248227371334,1.0,0.0,1.0,0.0,0.0,1.0
19,155,0.7743982610831261,12.0,1.0,0.0,0.0,1.0,1.0,1.0
20,155,4.616072556779104,0.8603355234713657,1.0,0.0,0.0,0.0,0.0,1.0
21,155,5.847382967439574,4.062749738475032,0.0,0.0,0.0,0.0,0.0,1.0
22,155,5.971957247845077,7.46049560251525,0.0,1.0,0.0,0.0,1.0,0.0
23,155,4.448203954623764,12.0,0.0,0.0,0.0,0.0,1.0,1.0
24,155,0.9110990403831476,5.355270025928583,0.0,0.0,0.0,1.0,0.0,0.0
25,155,8.579356628495724,12.0,1.0,1.0,0.0,1.0,0.0,0.0
26,155,4.3696590169666365,2.2579475330998444,0.0,0.0,0.0,1.0,1.0,1.0
27,155,6.583447196679542,5.718029901666858,1.0,0.0,0.0,1.0,1.0,1.0
28,155,9.725444884696495,6.804768703994043,0.0,1.0,0.0,1.0,0.0,1.0
29,155,8.961153320663964,11.047171617545914,0.0,0.0,1.0,0.0,0.0,0.0
30,155,1.4781484708034354,9.956339455601343,0.0,0.0,0.0,0.0,1.0,1.0
31,155,4.140497500243082,4.511856337252433,0.0,0.0,0.0,0.0,0.0,1.0
32,155,5.025535440525202,5.067761304839184,0.0,0.0,0.0,1.0,1.0,0.0
33,155,12.0,2.8491956252514536,0.0,0.0,1.0,1.0,0.0,0.0
34,155,2.734759163716073,9.77412446433331,1.0,1.0,0.0,0.0,0.0,0.0
35,155,2.460151609012859,4.083919524927327,0.0,0.0,1.0,1.0,0.0,0.0
36,155,8.857936209080751,4.222111498168366,0.0,0.0,1.0,0.0,1.0,0.0
37,155,0.2165641151400238,5.336748830880765,0.0,0.0,0.0,0.0,0.0,0.0
38,155,11.155152137997923,3.3460193820154887,0.0,0.0,0.0,1.0,1.0,1.0
39,155,3.6551601949342825,3.576006683248471,1.0,1.0,1.0,0.0,0.0,0.0
0,160,0.0,0.0,1.0,0.0,0.0,1.0,0.0,0.0
1,160,0.0,6.813468540172064,1.0,1.0,0.0,0.0,1.0,1.0
2,160,0.0,10.020745831084124,0.0,1.0,1.0,0.0,0.0,0.0
3,160,0.0,4.382839789523964,0.0,1.0,0.0,1.0,0.0,0.0
4,160,2.6637490056207804,12.0,0.0,0.0,0.0,0.0,0.0,0.0
5,160,0.0,0.0,1.0,1.0,0.0,0.0,1.0,0.0
6,160,0.0,5.846047491333941,0.0,1.0,0.0,0.0,1.0,0.0
7,160,6.562740137085665,10.758279163914136,1.0,0.0,1.0,1.0,0.0,0.0
8,160,2.865069334649695,9.957590575434264,0.0,0.0,0.0,0.0,0.0,1.0
9,160,0.0,2.2310566787874726,0.0,0.0,1.0,1.0,0.0,1.0
10,160,6.4715943111934005,0.0,0.0,1.0,0.0,0.0,0.0,1.0
11,160,0.0,3.91892673338616,0.0,1.0,0.0,0.0,1.0,1.0
12,160,0.0443283748116737,12.0,0.0,0.0,1.0,1.0,1.0,0.0
13,160,10.201014080653849,6.87546764625722,1.0,1.0,1.0,1.0,1.0,1.0
14,160,4.465343954835651,11.24692601831435,0.0,1.0,0.0,0.0,0.0,1.0
15,160,0.0,9.295931652467123,1.0,0.0,1.0,1.0,0.0,0.0
16,160,0.0313231661326906,6.72691393571714,0.0,0.0,0.0,1.0,0.0,1.0
17,160,7.672040513769826,5.214768196578967,0.0,0.0,1.0,1.0,0.0,0.0
18,160,6.676214436608526,1.7375963372414691,1.0,0.0,1.0,0.0,0.0,1.0
19,160,0.7691561051291056,12.0,1.0,0.0,0.0,1.0,1.0,1.0
20,160,4.616601041989554,0.8604830595013552,1.0,0.0,0.0,0.0,0.0,1.0
21,160,5.823931374239371,4.039339768066413,0.0,0.0,0.0,0.0,0.0,1.0
22,160,5.972631962642295,7.367760531147451,0.0,1.0,0.0,0.0,1.0,0.0
23,160,4.47537132793514,12.0,0.0,0.0,0.0,0.0,1.0,1.0
24,160,0.8057198450136609,5.325568537993588,0.0,0.0,0.0,1.0,0.0,0.0
25,160,8.662800341239581,12.0,1.0,1.0,0.0,1.0,0.0,0.0
26,160,4.295027239223454,2.1209929301432227,0.0,0.0,0.0,1.0,1.0,1.0
27,160,6.614142988068197,5.70002267383409,1.0,0.0,0.0,1.0,1.0,1.0
28,160,9.809485795571325,6.7454793675729405,0.0,1.0,0.0,1.0,0.0,1.0
29,160,8.932124535803645,11.044953242727685,0.0,0.0,1.0,0.0,0.0,0.0
30,160,1.4326617751791857,9.904400988494212,0.0,0.0,0.0,0.0,1.0,1.0
31,160,4.137656881940317,4.51936635052103,0.0,0.0,0.0,0.0,0.0,1.0
32,160,5.083524541030706,5.027301363798289,0.0,0.0,0.0,1.0,1.0,0.0
33,160,12.0,2.735133362671605,0.0,0.0,1.0,1.0,0.0,0.0
34,160,2.7177965639306967,9.779441179204488,1.0,1.0,0.0,0.0,0.0,0.0
35,160,2.414109367192013,4.0831145664614255,0.0,0.0,1.0,1.0,0.0,0.0
36,160,8.849341050205913,4.222483274876894,0.0,0.0,1.0,0.0,1.0,0.0
37,160,0.1681088167116899,5.362676007475924,0.0,0.0,0.0,0.0,0.0,0.0
38,160,11.111791739793306,3.3577157247900336,0.0,0.0,0.0,1.0,1.0,1.0
39,160,3.627633280992392,3.5422635631375257,1.0,1.0,1.0,0.0,0.0,0.0
0,165,0.0,0.0,1.0,0.0,0.0,1.0,0.0,0.0
1,165,0.0,6.9957416704094735,1.0,1.0,0.0,0.0,1.0,1.0
2,165,0.0,9.818814307861029,0.0,1.0,1.0,0.0,0.0,0.0
3,165,0.0,4.320663287414284,0.0,1.0,0.0,1.0,0.0,0.0
4,165,2.611390426404496,12.0,0.0,0.0,0.0,0.0,0.0,0.0
5,165,0.0,0.0,1.0,1.0,0.0,0.0,1.0,0.0
6,165,0.0,5.88516072144345,0.0,1.0,0.0,0.0,1.0,0.0
7,165,6.596407452592951,10.70678138067976,1.0,0.0,1.0,1.0,0.0,0.0
8,165,2.8565453381919297,9.95476740646744,0.0,0.0,0.0,0.0,0.0,1.0
9,165,0.0,2.292158403912411,0.0,0.0,1.0,1.0,0.0,1.0
10,165,6.452273482288194,0.0,0.0,1.0,0.0,0.0,0.0,1.0
11,165,0.0,3.890714867558881,0.0,1.0,0.0,0.0,1.0,1.0
12,165,0.1011457965688338,11.993134411586135,0.0,0.0,1.0,1.0,1.0,0.0
13,165,10.290967879998048,6.922893039860802,1.0,1.0,1.0,1.0,1.0,1.0
14,165,4.557685262316079,11.311842780416518,0.0,1.0,0.0,0.0,0.0,1.0
15,165,0.0,9.359307206442653,1.0,0.0,1.0,1.0,0.0,0.0
16,165,0.0,6.678418448358682,0.0,0.0,0.0,1.0,0.0,1.0
17,165,7.7111516163146385,5.158700769008043,0.0,0.0,1.0,1.0,0.0,0.0
18,165,6.662520301320172,1.7674811210722288,1.0,0.0,1.0,0.0,0.0,1.0
19,165,0.7644360669089086,12.0,1.0,0.0,0.0,1.0,1.0,1.0
20,165,4.63796738107809,0.8666501929842897,1.0,0.0,0.0,0.0,0.0,1.0
21,165,5.807779464187812,4.0229238190206935,0.0,0.0,0.0,0.0,0.0,1.0
22,165,5.972936039661749,7.263619422982047,0.0,1.0,0.0,0.0,1.0,0.0
23,165,4.503452888834155,12.0,0.0,0.0,0.0,0.0,1.0,1.0
24,165,0.7123841684070776,5.300033532909004,0.0,0.0,0.0,1.0,0.0,0.0
25,165,8.75400878598045,12.0,1.0,1.0,0.0,1.0,0.0,0.0
26,165,4.224558170113877,1.9839051369883545,0.0,0.0,0.0,1.0,1.0,1.0
27,165,6.640550008919753,5.6850999479070925,1.0,0.0,0.0,1.0,1.0,1.0
28,165,9.884760170228803,6.690097808253982,0.0,1.0,0.0,1.0,0.0,1.0
29,165,8.898642883636077,11.043292217133263,0.0,0.0,1.0,0.0,0.0,0.0
30,165,1.3913170140082258,9.858157247640506,0.0,0.0,0.0,0.0,1.0,1.0
31,165,4.145283797077153,4.500435716837028,0.0,0.0,0.0,0.0,0.0,1.0
32,165,5.145791654306452,4.983193820328658,0.0,0.0,0.0,1.0,1.0,0.0
33,165,12.0,2.5967979002116657,0.0,0.0,1.0,1.0,0.0,0.0
34,165,2.7022448309899567,9.784726441345777,1.0,1.0,0.0,0.0,0.0,0.0
35,165,2.391532710188016,4.082227445041428,0.0,0.0,1.0,1.0,0.0,0.0
36,165,8.852642942729455,4.2223280932967056,0.0,0.0,1.0,0.0,1.0,0.0
37,165,0.1223741451075991,5.385797814612333,0.0,0.0,0.0,0.0,0.0,0.0
38,165,11.073938243622596,3.3682541981278904,0.0,0.0,0.0,1.0,1.0,1.0
39,165,3.608809707393344,3.5193231279168145,1.0,1.0,1.0,0.0,0.0,0.0
0,170,0.0,0.0,1.0,0.0,0.0,1.0,0.0,0.0
1,170,0.0,7.166563531493699,1.0,1.0,0.0,0.0,1.0,1.0
2,170,0.0,9.614497203243625,0.0,1.0,1.0,0.0,0.0,0.0
3,170,0.0,4.336254431556847,0.0,1.0,0.0,1.0,0.0,0.0
4,170,2.54935159724257,12.0,0.0,0.0,0.0,0.0,0.0,0.0
5,170,0.0,0.0,1.0,1.0,0.0,0.0,1.0,0.0
6,170,0.0,5.935111432014485,0.0,1.0,0.0,0.0,1.0,0.0
7,170,6.626659520109345,10.65914469311794,1.0,0.0,1.0,1.0,0.0,0.0
8,170,2.8434237878245274,9.950504854282965,0.0,0.0,0.0,0.0,0.0,1.0
9,170,0.0,2.356580652328123,0.0,0.0,1.0,1.0,0.0,1.0
10,170,6.4403807379226565,0.0,0.0,1.0,0.0,0.0,0.0,1.0
11,170,0.0,3.871623354559053,0.0,1.0,0.0,0.0,1.0,1.0
12,170,0.1590796146416914,11.987638259525244,0.0,0.0,1.0,1.0,1.0,0.0
13,170,10.371243467503351,6.964328275071072,1.0,1.0,1.0,1.0,1.0,1.0
14,170,4.634091489273859,11.36472294626006,0.0,1.0,0.0,0.0,0.0,1.0
15,170,0.0,9.424771212887608,1.0,0.0,1.0,1.0,0.0,0.0
16,170,0.0,6.632902496339856,0.0,0.0,0.0,1.0,0.0,1.0
17,170,7.75428476002193,5.100720849751863,0.0,0.0,1.0,1.0,0.0,0.0
18,170,6.655028836542956,1.7828971438935377,1.0,0.0,1.0,0.0,0.0,1.0
19,170,0.7559065670490246,12.0,1.0,0.0,0.0,1.0,1.0,1.0
20,170,4.66554264520481,0.874566640535839,1.0,0.0,0.0,0.0,0.0,1.0
21,170,5.791845859438705,4.006863033599589,0.0,0.0,0.0,0.0,0.0,1.0
22,170,5.972388677338682,7.151354182088583,0.0,1.0,0.0,0.0,1.0,0.0
23,170,4.541047810087089,12.0,0.0,0.0,0.0,0.0,1.0,1.0
24,170,0.6296297741056573,5.278781874046032,0.0,0.0,0.0,1.0,0.0,0.0
25,170,8.8557831256035,12.0,1.0,1.0,0.0,1.0,0.0,0.0
26,170,4.155876526545713,1.8410575307401371,0.0,0.0,0.0,1.0,1.0,1.0
27,170,6.669044114185984,5.667794120494128,1.0,0.0,0.0,1.0,1.0,1.0
28,170,9.980188343460982,6.618222572954116,0.0,1.0,0.0,1.0,0.0,1.0
29,170,8.864259629869292,11.042503708029528,0.0,0.0,1.0,0.0,0.0,0.0
30,170,1.3527197775532436,9.815331588558417,0.0,0.0,0.0,0.0,1.0,1.0
31,170,4.153932574387232,4.480140939248009,0.0,0.0,0.0,0.0,0.0,1.0
32,170,5.219714969373412,4.929081516580122,0.0,0.0,0.0,1.0,1.0,0.0
33,170,12.0,2.46352272414492,0.0,0.0,1.0,1.0,0.0,0.0
34,170,2.6895284109859934,9.788814378651258,1.0,1.0,0.0,0.0,0.0,0.0
35,170,2.375177461558716,4.081318360276829,0.0,0.0,1.0,1.0,0.0,0.0
36,170,8.861473119983032,4.2217872675153245,0.0,0.0,1.0,0.0,1.0,0.0
37,170,0.0765575821822683,5.407818986268263,0.0,0.0,0.0,0.0,0.0,0.0
38,170,11.04838545648582,3.375469292337116,0.0,0.0,0.0,1.0,1.0,1.0
39,170,3.57283622871767,3.475524156438353,1.0,1.0,1.0,0.0,0.0,0.0
0,175,0.0,0.0,1.0,0.0,0.0,1.0,0.0,0.0
1,175,0.0,7.327718299132392,1.0,1.0,0.0,0.0,1.0,1.0
2,175,0.0,9.412898677218031,0.0,1.0,1.0,0.0,0.0,0.0
3,175,0.0,4.350637369341775,0.0,1.0,0.0,1.0,0.0,0.0
4,175,2.476258107191659,12.0,0.0,0.0,0.0,0.0,0.0,0.0
5,175,0.0,0.0,1.0,1.0,0.0,0.0,1.0,0.0
6,175,0.0,5.993011483555171,0.0,1.0,0.0,0.0,1.0,0.0
7,175,6.657441127820092,10.610658799801408,1.0,0.0,1.0,1.0,0.0,0.0
8,175,2.8411342007599285,9.949749804594797,0.0,0.0,0.0,0.0,0.0,1.0
9,175,0.0,2.399693899612437,0.0,0.0,1.0,1.0,0.0,1.0
10,175,6.438526553814662,0.0,0.0,1.0,0.0,0.0,0.0,1.0
11,175,0.0,3.850817773767814,0.0,1.0,0.0,0.0,1.0,1.0
12,175,0.2218036450409851,11.98303746259773,0.0,0.0,1.0,1.0,1.0,0.0
13,175,10.45741358415896,7.0124037688048135,1.0,1.0,1.0,1.0,1.0,1.0
14,175,4.714465094494459,11.418149796009123,0.0,1.0,0.0,0.0,0.0,1.0
15,175,0.0,9.485406915912565,1.0,0.0,1.0,1.0,0.0,0.0
16,175,0.0,6.588430737352201,0.0,0.0,0.0,1.0,0.0,1.0
17,175,7.794511095322788,5.046627803752094,0.0,0.0,1.0,1.0,0.0,0.0
18,175,6.648632993352506,1.795881636965527,1.0,0.0,1.0,0.0,0.0,1.0
19,175,0.748194722070381,12.0,1.0,0.0,0.0,1.0,1.0,1.0
20,175,4.70362504984603,0.8865933954430686,1.0,0.0,0.0,0.0,0.0,1.0
21,175,5.7713776286318685,3.9859664136523776,0.0,0.0,0.0,0.0,0.0,1.0
22,175,5.971269618328567,7.048430196684749,0.0,1.0,0.0,0.0,1.0,0.0
23,175,4.584040141894714,12.0,0.0,0.0,0.0,0.0,1.0,1.0
24,175,0.5332598816954615,5.253448011476014,0.0,0.0,0.0,1.0,0.0,0.0
25,175,8.933704761974166,12.0,1.0,1.0,0.0,1.0,0.0,0.0
26,175,4.092570176835272,1.7061616689551145,0.0,0.0,0.0,1.0,1.0,1.0
27,175,6.730803495723821,5.630638536815479,1.0,0.0,0.0,1.0,1.0,1.0
28,175,10.093668968900946,6.530516122599279,0.0,1.0,0.0,1.0,0.0,1.0
29,175,8.856254084382986,11.04235441471356,0.0,0.0,1.0,0.0,0.0,0.0
30,175,1.3109526350801832,9.768464629646807,0.0,0.0,0.0,0.0,1.0,1.0
31,175,4.1679020086333525,4.447020050870401,0.0,0.0,0.0,0.0,0.0,1.0
32,175,5.304094438378,4.866300885664407,0.0,0.0,0.0,1.0,1.0,0.0
33,175,12.0,2.321615985886057,0.0,0.0,1.0,1.0,0.0,0.0
34,175,2.687194872807677,9.789529292980932,1.0,1.0,0.0,0.0,0.0,0.0
35,175,2.36820699051586,4.081063011341011,0.0,0.0,1.0,1.0,0.0,0.0
36,175,8.85844853949152,4.22193960013652,0.0,0.0,1.0,0.0,1.0,0.0
37,175,0.035842076623632,5.428151367740932,0.0,0.0,0.0,0.0,0.0,0.0
38,175,11.026549535110156,3.38183672576988,0.0,0.0,0.0,1.0,1.0,1.0
39,175,3.546151097502122,3.4424172237031394,1.0,1.0,1.0,0.0,0.0,0.0
0,180,0.0,0.0,1.0,0.0,0.0,1.0,0.0,0.0
1,180,0.0,7.478703680428317,1.0,1.0,0.0,0.0,1.0,1.0
2,180,0.0,9.225622475085403,0.0,1.0,1.0,0.0,0.0,0.0
3,180,0.0,4.366268048128926,0.0,1.0,0.0,1.0,0.0,0.0
4,180,2.394115374374896,12.0,0.0,0.0,0.0,0.0,0.0,0.0
5,180,0.0,0.0,1.0,1.0,0.0,0.0,1.0,0.0
6,180,0.0,6.046496675246613,0.0,1.0,0.0,0.0,1.0,0.0
7,180,6.690113135446437,10.558921177326688,1.0,0.0,1.0,1.0,0.0,0.0
8,180,2.8422716901691727,9.950123302017763,0.0,0.0,0.0,0.0,0.0,1.0
9,180,0.0,2.452605018127245,0.0,0.0,1.0,1.0,0.0,1.0
10,180,6.443094144795976,0.004244387503659,0.0,1.0,0.0,0.0,0.0,1.0
11,180,0.0,3.830635137225351,0.0,1.0,0.0,0.0,1.0,1.0
12,180,0.28781345581235,11.977663365491066,0.0,0.0,1.0,1.0,1.0,0.0
13,180,10.552664327119151,7.065950798218557,1.0,1.0,1.0,1.0,1.0,1.0
14,180,4.804856018893542,11.480153564130129,0.0,1.0,0.0,0.0,0.0,1.0
15,180,0.0,9.53097439399238,1.0,0.0,1.0,1.0,0.0,0.0
16,180,0.0,6.531796752089472,0.0,0.0,0.0,1.0,0.0,1.0
17,180,7.828254307818139,4.999298143662906,0.0,0.0,1.0,1.0,0.0,0.0
18,180,6.651209886604659,1.7909410387902711,1.0,0.0,1.0,0.0,0.0,1.0
19,180,0.7436796388858773,12.0,1.0,0.0,0.0,1.0,1.0,1.0
20,180,4.748983347807901,0.9008292887015782,1.0,0.0,0.0,0.0,0.0,1.0
21,180,5.736415557414738,3.950253915893203,0.0,0.0,0.0,0.0,0.0,1.0
22,180,5.965580205720239,6.934555872746641,0.0,1.0,0.0,0.0,1.0,0.0
23,180,4.6100275041143295,12.0,0.0,0.0,0.0,0.0,1.0,1.0
24,180,0.4588448044953389,5.233867750855108,0.0,0.0,0.0,1.0,0.0,0.0
25,180,9.038495921594563,12.0,1.0,1.0,0.0,1.0,0.0,0.0
26,180,4.018247525445203,1.5421504611133523,0.0,0.0,0.0,1.0,1.0,1.0
27,180,6.788917569293027,5.595006488295359,1.0,0.0,0.0,1.0,1.0,1.0
28,180,10.223958854913628,6.433713497820844,0.0,1.0,0.0,1.0,0.0,1.0
29,180,8.84102740850265,11.042112775908716,0.0,0.0,1.0,0.0,0.0,0.0
30,180,1.2638596251741974,9.71706518821586,0.0,0.0,0.0,0.0,1.0,1.0
31,180,4.186383200153978,4.402420169109917,0.0,0.0,0.0,0.0,0.0,1.0
32,180,5.399760679523828,4.792739558393124,0.0,0.0,0.0,1.0,1.0,0.0
33,180,12.0,2.183499291190416,0.0,0.0,1.0,1.0,0.0,0.0
34,180,2.687983932090904,9.789295784663045,1.0,1.0,0.0,0.0,0.0,0.0
35,180,2.350569014230247,4.080969792580626,0.0,0.0,1.0,1.0,0.0,0.0
36,180,8.867421271138676,4.221496663062051,0.0,0.0,1.0,0.0,1.0,0.0
37,180,0.0007966283701395,5.445087393464737,0.0,0.0,0.0,0.0,0.0,0.0
38,180,10.990458225653445,3.3932387365344887,0.0,0.0,0.0,1.0,1.0,1.0
39,180,3.518747418982108,3.409712348790225,1.0,1.0,1.0,0.0,0.0,0.0
0,185,0.0,0.0,1.0,0.0,0.0,1.0,0.0,0.0
1,185,0.0,7.621806444160967,1.0,1.0,0.0,0.0,1.0,1.0
2,185,0.0,9.051192736167463,0.0,1.0,1.0,0.0,0.0,0.0
3,185,0.0,4.380762605987392,0.0,1.0,0.0,1.0,0.0,0.0
4,185,2.314325554838409,12.0,0.0,0.0,0.0,0.0,0.0,0.0
5,185,0.0,0.0,1.0,1.0,0.0,0.0,1.0,0.0
6,185,0.0,6.100176692800728,0.0,1.0,0.0,0.0,1.0,0.0
7,185,6.721548956078324,10.50971875983248,1.0,0.0,1.0,1.0,0.0,0.0
8,185,2.842555389422112,9.949261774478698,0.0,0.0,0.0,0.0,0.0,1.0
9,185,0.0,2.498916058214822,0.0,0.0,1.0,1.0,0.0,1.0
10,185,6.442722421418314,0.0039092474776319,0.0,1.0,0.0,0.0,0.0,1.0
11,185,0.0,3.819733658626484,0.0,1.0,0.0,0.0,1.0,1.0
12,185,0.3656260405980116,11.971782651166285,0.0,0.0,1.0,1.0,1.0,0.0
13,185,10.6604453141497,7.128528171441195,1.0,1.0,1.0,1.0,1.0,1.0
14,185,4.893895331107699,11.543293151100976,0.0,1.0,0.0,0.0,0.0,1.0
15,185,0.0,9.56360792464422,1.0,0.0,1.0,1.0,0.0,0.0
16,185,0.0,6.478944347136724,0.0,0.0,0.0,1.0,0.0,1.0
17,185,7.867492913152589,4.945278013318285,0.0,0.0,1.0,1.0,0.0,0.0
18,185,6.653386556698781,1.7867693784493288,1.0,0.0,1.0,0.0,0.0,1.0
19,185,0.7337684724898145,12.0,1.0,0.0,0.0,1.0,1.0,1.0
20,185,4.795923324302557,0.9139155938092044,1.0,0.0,0.0,0.0,0.0,1.0
21,185,5.706585100554406,3.919526358958638,0.0,0.0,0.0,0.0,0.0,1.0
22,185,5.960655595894649,6.834810851683596,0.0,1.0,0.0,0.0,1.0,0.0
23,185,4.62243586549782,12.0,0.0,0.0,0.0,0.0,1.0,1.0
24,185,0.381683071834007,5.214737599545517,0.0,0.0,0.0,1.0,0.0,0.0
25,185,9.14152686623814,12.0,1.0,1.0,0.0,1.0,0.0,0.0
26,185,3.938501585415381,1.3673860604111667,0.0,0.0,0.0,1.0,1.0,1.0
27,185,6.845787542383722,5.561104222555642,1.0,0.0,0.0,1.0,1.0,1.0
28,185,10.333400649029732,6.3486538671781005,0.0,1.0,0.0,1.0,0.0,1.0
29,185,8.805969739252385,11.041143064806215,0.0,0.0,1.0,0.0,0.0,0.0
30,185,1.2229189991591534,9.672359611928558,0.0,0.0,0.0,0.0,1.0,1.0
31,185,4.208332056669158,4.349824323673134,0.0,0.0,0.0,0.0,0.0,1.0
32,185,5.499476899144027,4.716548591993625,0.0,0.0,0.0,1.0,1.0,0.0
33,185,12.0,2.0378569737815404,0.0,0.0,1.0,1.0,0.0,0.0
34,185,2.688854833691457,9.789026214220335,1.0,1.0,0.0,0.0,0.0,0.0
35,185,2.3423189952427483,4.0807612857392925,0.0,0.0,1.0,1.0,0.0,0.0
36,185,8.890739018792862,4.220097038852672,0.0,0.0,1.0,0.0,1.0,0.0
37,185,0.0,5.4713615623497,0.0,0.0,0.0,0.0,0.0,0.0
38,185,10.94725180656805,3.4058981642700084,0.0,0.0,0.0,1.0,1.0,1.0
39,185,3.497224104100632,3.383300711746114,1.0,1.0,1.0,0.0,0.0,0.0
0,190,0.0,0.0,1.0,0.0,0.0,1.0,0.0,0.0
1,190,0.0,7.778016084918908,1.0,1.0,0.0,0.0,1.0,1.0
2,190,0.0,8.880806983868974,0.0,1.0,1.0,0.0,0.0,0.0
3,190,0.0,4.392689762631316,0.0,1.0,0.0,1.0,0.0,0.0
4,190,2.2336071081763547,12.0,0.0,0.0,0.0,0.0,0.0,0.0
5,190,0.0,0.0,1.0,1.0,0.0,0.0,1.0,0.0
6,190,0.0,6.151011904782028,0.0,1.0,0.0,0.0,1.0,0.0
7,190,6.760207853358614,10.447599104028138,1.0,0.0,1.0,1.0,0.0,0.0
8,190,2.8418148061208988,9.951539330318528,0.0,0.0,0.0,0.0,0.0,1.0
9,190,0.0,2.5409065450992383,0.0,0.0,1.0,1.0,0.0,1.0
10,190,6.443047095984976,0.0041906577990435,0.0,1.0,0.0,0.0,0.0,1.0
11,190,0.0,3.811519296378899,0.0,1.0,0.0,0.0,1.0,1.0
12,190,0.4330794955491021,11.968689682884008,0.0,0.0,1.0,1.0,1.0,0.0
13,190,10.783234725975005,7.203912985433739,1.0,1.0,1.0,1.0,1.0,1.0
14,190,4.995042362362383,11.613217498972157,0.0,1.0,0.0,0.0,0.0,1.0
15,190,0.0,9.592943802122116,1.0,0.0,1.0,1.0,0.0,0.0
16,190,0.0,6.414064086956507,0.0,0.0,0.0,1.0,0.0,1.0
17,190,7.905951613761952,4.890778866066784,0.0,0.0,1.0,1.0,0.0,0.0
18,190,6.6607231465195085,1.7726003878221812,1.0,0.0,1.0,0.0,0.0,1.0
19,190,0.7238998399092154,12.0,1.0,0.0,0.0,1.0,1.0,1.0
20,190,4.833198789554953,0.9244592298071992,1.0,0.0,0.0,0.0,0.0,1.0
21,190,5.687564750776574,3.901040707577216,0.0,0.0,0.0,0.0,0.0,1.0
22,190,5.9559658269925455,6.748785830320125,0.0,1.0,0.0,0.0,1.0,0.0
23,190,4.632643009466901,12.0,0.0,0.0,0.0,0.0,1.0,1.0
24,190,0.3169071245021367,5.201232303698565,0.0,0.0,0.0,1.0,0.0,0.0
25,190,9.242228770318649,12.0,1.0,1.0,0.0,1.0,0.0,0.0
26,190,3.8488940207391993,1.1794776973376209,0.0,0.0,0.0,1.0,1.0,1.0
27,190,6.898346934171525,5.531569415891281,1.0,0.0,0.0,1.0,1.0,1.0
28,190,10.466170055857202,6.250662030414737,0.0,1.0,0.0,1.0,0.0,1.0
29,190,8.775116614472793,11.040224021516517,0.0,0.0,1.0,0.0,0.0,0.0
30,190,1.176778932544545,9.621348674684592,0.0,0.0,0.0,0.0,1.0,1.0
31,190,4.226265912290652,4.304401896503418,0.0,0.0,0.0,0.0,0.0,1.0
32,190,5.590561982907714,4.644890952165063,0.0,0.0,0.0,1.0,1.0,0.0
33,190,12.0,1.8906454207854808,0.0,0.0,1.0,1.0,0.0,0.0
34,190,2.7006149393016496,9.785424422122585,1.0,1.0,0.0,0.0,0.0,0.0
35,190,2.3608714914349958,4.080882933143797,0.0,0.0,1.0,1.0,0.0,0.0
36,190,8.89711143876715,4.219593065404369,0.0,0.0,1.0,0.0,1.0,0.0
37,190,0.0,5.488572721267128,0.0,0.0,0.0,0.0,0.0,0.0
38,190,10.902469481097665,3.418594056371165,0.0,0.0,0.0,1.0,1.0,1.0
39,190,3.465719607564771,3.345966293077037,1.0,1.0,1.0,0.0,0.0,0.0
0,195,0.0,0.0,1.0,0.0,0.0,1.0,0.0,0.0
1,195,0.0,7.939583290836154,1.0,1.0,0.0,0.0,1.0,1.0
2,195,0.0,8.710495548985199,0.0,1.0,1.0,0.0,0.0,0.0
3,195,0.0,4.40243956388454,0.0,1.0,0.0,1.0,0.0,0.0
4,195,2.158723756440939,12.0,0.0,0.0,0.0,0.0,0.0,0.0
5,195,0.0,0.0,1.0,1.0,0.0,0.0,1.0,0.0
6,195,0.0,6.189560134062366,0.0,1.0,0.0,0.0,1.0,0.0
7,195,6.698537740888783,10.406858597850764,1.0,0.0,1.0,1.0,0.0,0.0
8,195,2.8451588661684264,9.94056889766317,0.0,0.0,0.0,0.0,0.0,1.0
9,195,0.0,2.59055665939634,0.0,0.0,1.0,1.0,0.0,1.0
10,195,6.447068832832644,0.0076290670213901,0.0,1.0,0.0,0.0,0.0,1.0
11,195,0.0,3.8018893465651873,0.0,1.0,0.0,0.0,1.0,1.0
12,195,0.5153245239960158,11.963298111752456,0.0,0.0,1.0,1.0,1.0,0.0
13,195,10.894737842952784,7.276023496990875,1.0,1.0,1.0,1.0,1.0,1.0
14,195,5.091963559946096,11.678584774298132,0.0,1.0,0.0,0.0,0.0,1.0
15,195,0.0,9.6360115796719,1.0,0.0,1.0,1.0,0.0,0.0
16,195,0.0,6.361172292895255,0.0,0.0,0.0,1.0,0.0,1.0
17,195,7.938619175831403,4.846509982823952,0.0,0.0,1.0,1.0,0.0,0.0
18,195,6.6772042346257,1.7400772909524087,1.0,0.0,1.0,0.0,0.0,1.0
19,195,0.7151555176496225,12.0,1.0,0.0,0.0,1.0,1.0,1.0
20,195,4.845030991543162,0.9274209111370056,1.0,0.0,0.0,0.0,0.0,1.0
21,195,5.657915038250263,3.872997294945647,0.0,0.0,0.0,0.0,0.0,1.0
22,195,5.950183993357946,6.665056276721422,0.0,1.0,0.0,0.0,1.0,0.0
23,195,4.633192370760527,12.0,0.0,0.0,0.0,0.0,1.0,1.0
24,195,0.2238156533808746,5.180962195007078,0.0,0.0,0.0,1.0,0.0,0.0
25,195,9.33738965383356,12.0,1.0,1.0,0.0,1.0,0.0,0.0
26,195,3.756694478527183,0.9973121926338984,0.0,0.0,0.0,1.0,1.0,1.0
27,195,6.96500043529595,5.493596249314857,1.0,0.0,0.0,1.0,1.0,1.0
28,195,10.581452769997892,6.1595153496357335,0.0,1.0,0.0,1.0,0.0,1.0
29,195,8.751565184336666,11.039416695627295,0.0,0.0,1.0,0.0,0.0,0.0
30,195,1.1311493634183951,9.5684964337432,0.0,0.0,0.0,0.0,1.0,1.0
31,195,4.245104636253092,4.258499561709857,0.0,0.0,0.0,0.0,0.0,1.0
32,195,5.694267363395535,4.563797555384768,0.0,0.0,0.0,1.0,1.0,0.0
33,195,12.0,1.7417395353763483,0.0,0.0,1.0,1.0,0.0,0.0
34,195,2.707535372118436,9.783038716205546,1.0,1.0,0.0,0.0,0.0,0.0
35,195,2.3815128496772533,4.080769203806604,0.0,0.0,1.0,1.0,0.0,0.0
36,195,8.913458631284707,4.218267167009686,0.0,0.0,1.0,0.0,1.0,0.0
37,195,0.0,5.507150032937669,0.0,0.0,0.0,0.0,0.0,0.0
38,195,10.877634131097166,3.4263918241438414,0.0,0.0,0.0,1.0,1.0,1.0
39,195,3.4392472041000386,3.312512443508267,1.0,1.0,1.0,0.0,0.0,0.0
0,200,0.0,0.0,1.0,0.0,0.0,1.0,0.0,0.0
1,200,0.0,8.09763891354059,1.0,1.0,0.0,0.0,1.0,1.0
2,200,0.0,8.520837662288649,0.0,1.0,1.0,0.0,0.0,0.0
3,200,0.0,4.407847998128813,0.0,1.0,0.0,1.0,0.0,0.0
4,200,2.085729446956918,12.0,0.0,0.0,0.0,0.0,0.0,0.0
5,200,0.0,0.0,1.0,1.0,0.0,0.0,1.0,0.0
6,200,0.0,6.236508340891251,0.0,1.0,0.0,0.0,1.0,0.0
7,200,6.6432815625264015,10.371094260833772,1.0,0.0,1.0,1.0,0.0,0.0
8,200,2.8479920534448318,9.931968040001662,0.0,0.0,0.0,0.0,0.0,1.0
9,200,0.0,2.617033509823696,0.0,0.0,1.0,1.0,0.0,1.0
10,200,6.439687833668027,0.0014881591240794,0.0,1.0,0.0,0.0,0.0,1.0
11,200,0.0,3.799536640895345,0.0,1.0,0.0,0.0,1.0,1.0
12,200,0.5825281769268218,11.956588189671637,0.0,0.0,1.0,1.0,1.0,0.0
13,200,10.99891010950216,7.340864760569162,1.0,1.0,1.0,1.0,1.0,1.0
14,200,5.182087614300647,11.741019326089845,0.0,1.0,0.0,0.0,0.0,1.0
15,200,0.0,9.67480588858836,1.0,0.0,1.0,1.0,0.0,0.0
16,200,0.0,6.305243403485867,0.0,0.0,0.0,1.0,0.0,1.0
17,200,7.958967409853476,4.818630658211438,0.0,0.0,1.0,1.0,0.0,0.0
18,200,6.702755039586813,1.690286515808478,1.0,0.0,1.0,0.0,0.0,1.0
19,200,0.7038924994255966,12.0,1.0,0.0,0.0,1.0,1.0,1.0
20,200,4.848421142612702,0.9282279474977152,1.0,0.0,0.0,0.0,0.0,1.0
21,200,5.619230383247654,3.8359250100758966,0.0,0.0,0.0,0.0,0.0,1.0
22,200,5.945222951471576,6.57674869906532,0.0,1.0,0.0,0.0,1.0,0.0
23,200,4.629886537524246,11.993831579022627,0.0,0.0,0.0,0.0,1.0,1.0
24,200,0.1301151474495404,5.162071813472786,0.0,0.0,0.0,1.0,0.0,0.0
25,200,9.44748265377945,12.0,1.0,1.0,0.0,1.0,0.0,0.0
26,200,3.6709971903306617,0.8331074929444852,0.0,0.0,0.0,1.0,1.0,1.0
27,200,7.051075404154607,5.446553720231162,1.0,0.0,0.0,1.0,1.0,1.0
28,200,10.682100050559274,6.081132205952675,0.0,1.0,0.0,1.0,0.0,1.0
29,200,8.714286681864383,11.03916282192685,0.0,0.0,1.0,0.0,0.0,0.0
30,200,1.0899470012688763,9.521934168566895,0.0,0.0,0.0,0.0,1.0,1.0
31,200,4.258478236413162,4.226320356893262,0.0,0.0,0.0,0.0,0.0,1.0
32,200,5.806001004486,4.478861521226212,0.0,0.0,0.0,1.0,1.0,0.0
33,200,12.0,1.590758466269494,0.0,0.0,1.0,1.0,0.0,0.0
34,200,2.7302910119099417,9.77523704834241,1.0,1.0,0.0,0.0,0.0,0.0
35,200,2.384096566988948,4.080738334757492,0.0,0.0,1.0,1.0,0.0,0.0
36,200,8.926776630474373,4.217041589629742,0.0,0.0,1.0,0.0,1.0,0.0
37,200,0.0,5.535068220557706,0.0,0.0,0.0,0.0,0.0,0.0
38,200,10.847505237588551,3.43531819430611,0.0,0.0,0.0,1.0,1.0,1.0
39,200,3.4065314549071792,3.270653921415703,1.0,1.0,1.0,0.0,0.0,0.0
0,205,0.0,0.0,1.0,0.0,0.0,1.0,0.0,0.0
1,205,0.0,8.261208381506384,1.0,1.0,0.0,0.0,1.0,1.0
2,205,0.0,8.33130038913528,0.0,1.0,1.0,0.0,0.0,0.0
3,205,0.0,4.413081941527333,0.0,1.0,0.0,1.0,0.0,0.0
4,205,2.014342283409289,12.0,0.0,0.0,0.0,0.0,0.0,0.0
5,205,0.0,0.0,1.0,1.0,0.0,0.0,1.0,0.0
6,205,0.0,6.277230187034069,0.0,1.0,0.0,0.0,1.0,0.0
7,205,6.5979856185766685,10.339139799202714,1.0,0.0,1.0,1.0,0.0,0.0
8,205,2.8465268856316177,9.937048771053446,0.0,0.0,0.0,0.0,0.0,1.0
9,205,0.0,2.645414811360366,0.0,0.0,1.0,1.0,0.0,1.0
10,205,6.428041424318173,0.0,0.0,1.0,0.0,0.0,0.0,1.0
11,205,0.0,3.799465975313921,0.0,1.0,0.0,0.0,1.0,1.0
12,205,0.6542922055597274,11.9487972897264,0.0,0.0,1.0,1.0,1.0,0.0
13,205,11.104428354513344,7.408784717213641,1.0,1.0,1.0,1.0,1.0,1.0
14,205,5.106931511865471,11.856360586501784,0.0,1.0,0.0,0.0,0.0,1.0
15,205,0.0,9.715791922522952,1.0,0.0,1.0,1.0,0.0,0.0
16,205,0.0,6.237624912422001,0.0,0.0,0.0,1.0,0.0,1.0
17,205,7.976122161649347,4.7955187470716565,0.0,0.0,1.0,1.0,0.0,0.0
18,205,6.744143411988429,1.6145804850934518,1.0,0.0,1.0,0.0,0.0,1.0
19,205,0.6900223306236396,12.0,1.0,0.0,0.0,1.0,1.0,1.0
20,205,4.868120062159994,0.93333849091182,1.0,0.0,0.0,0.0,0.0,1.0
21,205,5.573617882552276,3.791040369427056,0.0,0.0,0.0,0.0,0.0,1.0
22,205,5.9391388938955,6.485291021423163,0.0,1.0,0.0,0.0,1.0,0.0
23,205,4.633037712846775,11.999873806002046,0.0,0.0,0.0,0.0,1.0,1.0
24,205,0.0434309180579957,5.1447155062475485,0.0,0.0,0.0,1.0,0.0,0.0
25,205,9.574478174538063,12.0,1.0,1.0,0.0,1.0,0.0,0.0
26,205,3.579221302286982,0.6571011277899164,0.0,0.0,0.0,1.0,1.0,1.0
27,205,7.146860925669676,5.39666591584079,1.0,0.0,0.0,1.0,1.0,1.0
28,205,10.782495151320989,6.001984297147324,0.0,1.0,0.0,1.0,0.0,1.0
29,205,8.679501789851214,11.037769142736504,0.0,0.0,1.0,0.0,0.0,0.0
30,205,1.043492867855621,9.47029354461581,0.0,0.0,0.0,0.0,1.0,1.0
31,205,4.271487256581955,4.194427723547766,0.0,0.0,0.0,0.0,0.0,1.0
32,205,5.918627997849868,4.390884209791063,0.0,0.0,0.0,1.0,1.0,0.0
33,205,12.0,1.441420468928641,0.0,0.0,1.0,1.0,0.0,0.0
34,205,2.7546218807497915,9.767041020706843,1.0,1.0,0.0,0.0,0.0,0.0
35,205,2.381308787543133,4.080700193827703,0.0,0.0,1.0,1.0,0.0,0.0
36,205,8.949769583779439,4.21455322373113,0.0,0.0,1.0,0.0,1.0,0.0
37,205,0.0,5.562752998666819,0.0,0.0,0.0,0.0,0.0,0.0
38,205,10.80904133514299,3.4467248453400123,0.0,0.0,0.0,1.0,1.0,1.0
39,205,3.3739610725670968,3.229070440545544,1.0,1.0,1.0,0.0,0.0,0.0
0,210,0.0,0.0,1.0,0.0,0.0,1.0,0.0,0.0
1,210,0.0,8.43139962778449,1.0,1.0,0.0,0.0,1.0,1.0
2,210,0.0,8.144950138008728,0.0,1.0,1.0,0.0,0.0,0.0
3,210,0.0,4.416743360359161,0.0,1.0,0.0,1.0,0.0,0.0
4,210,1.9550400969469184,12.0,0.0,0.0,0.0,0.0,0.0,0.0
5,210,0.0,0.0,1.0,1.0,0.0,0.0,1.0,0.0
6,210,0.0,6.313777522293919,0.0,1.0,0.0,0.0,1.0,0.0
7,210,6.557230373386139,10.309912961261276,1.0,0.0,1.0,1.0,0.0,0.0
8,210,2.841864524173464,9.953673539748642,0.0,0.0,0.0,0.0,0.0,1.0
9,210,0.0,2.654173708955712,0.0,0.0,1.0,1.0,0.0,1.0
10,210,6.433386437617658,0.0043793674411593,0.0,1.0,0.0,0.0,0.0,1.0
11,210,0.0,3.7962973260172537,0.0,1.0,0.0,0.0,1.0,1.0
12,210,0.7235932192957498,11.940998500587872,0.0,0.0,1.0,1.0,1.0,0.0
13,210,11.240240864307983,7.496607494554865,1.0,1.0,1.0,1.0,1.0,1.0
14,210,5.02970369971627,11.971729727401833,0.0,1.0,0.0,0.0,0.0,1.0
15,210,0.0,9.761469145695273,1.0,0.0,1.0,1.0,0.0,0.0
16,210,0.0,6.175757762856276,0.0,0.0,0.0,1.0,0.0,1.0
17,210,7.989847261412832,4.776965618241657,0.0,0.0,1.0,1.0,0.0,0.0
18,210,6.775914262951854,1.5561073369824867,1.0,0.0,1.0,0.0,0.0,1.0
19,210,0.6782743561804246,12.0,1.0,0.0,0.0,1.0,1.0,1.0
20,210,4.877758511768965,0.9357861418245548,1.0,0.0,0.0,0.0,0.0,1.0
21,210,5.520719927798776,3.741362204679457,0.0,0.0,0.0,0.0,0.0,1.0
22,210,5.933858445175906,6.402278351309031,0.0,1.0,0.0,0.0,1.0,0.0
23,210,4.632019761666654,11.9978539458658,0.0,0.0,0.0,0.0,1.0,1.0
24,210,0.0,5.12649091152945,0.0,0.0,0.0,1.0,0.0,0.0
25,210,9.6893607136432,12.0,1.0,1.0,0.0,1.0,0.0,0.0
26,210,3.4925214268249047,0.4897781886327502,0.0,0.0,0.0,1.0,1.0,1.0
27,210,7.25087766368674,5.344343025765048,1.0,0.0,0.0,1.0,1.0,1.0
28,210,10.892049478066095,5.920043991531377,0.0,1.0,0.0,1.0,0.0,1.0
29,210,8.6627277048153,11.0372503804427,0.0,0.0,1.0,0.0,0.0,0.0
30,210,0.9918006111484918,9.414708968819246,0.0,0.0,0.0,0.0,1.0,1.0
31,210,4.243756834185828,4.1835548430875145,0.0,0.0,0.0,0.0,0.0,1.0
32,210,6.03151971218523,4.302548899564375,0.0,0.0,0.0,1.0,1.0,0.0
33,210,12.0,1.300878044313325,0.0,0.0,1.0,1.0,0.0,0.0
34,210,2.79769071448658,9.752414129915012,1.0,1.0,0.0,0.0,0.0,0.0
35,210,2.3698158788912824,4.080623180976704,0.0,0.0,1.0,1.0,0.0,0.0
36,210,8.944168637772258,4.215015608922916,0.0,0.0,1.0,0.0,1.0,0.0
37,210,0.0,5.585285674709525,0.0,0.0,0.0,0.0,0.0,0.0
38,210,10.764488646983349,3.4599558379934923,0.0,0.0,0.0,1.0,1.0,1.0
39,210,3.330492919850918,3.1749910879728214,1.0,1.0,1.0,0.0,0.0,0.0
0,215,0.0,0.0,1.0,0.0,0.0,1.0,0.0,0.0
1,215,0.0,8.62095451920459,1.0,1.0,0.0,0.0,1.0,1.0
2,215,0.0,7.93875877365179,0.0,1.0,1.0,0.0,0.0,0.0
3,215,0.0,4.423255337590412,0.0,1.0,0.0,1.0,0.0,0.0
4,215,1.902506371354382,12.0,0.0,0.0,0.0,0.0,0.0,0.0
5,215,0.0,0.0,1.0,1.0,0.0,0.0,1.0,0.0
6,215,0.0,6.364709480616057,0.0,1.0,0.0,0.0,1.0,0.0
7,215,6.530636139629561,10.291358545212589,1.0,0.0,1.0,1.0,0.0,0.0
8,215,2.837955297897127,9.966992772430016,0.0,0.0,0.0,0.0,0.0,1.0
9,215,0.0031603371255262,2.6500417733703587,0.0,0.0,1.0,1.0,0.0,1.0
10,215,6.433804285343079,0.0046964521586379,0.0,1.0,0.0,0.0,0.0,1.0
11,215,0.0,3.789071190687671,0.0,1.0,0.0,0.0,1.0,1.0
12,215,0.8096335364198702,11.93161126902244,0.0,0.0,1.0,1.0,1.0,0.0
13,215,11.365285054085868,7.581288505125294,1.0,1.0,1.0,1.0,1.0,1.0
14,215,4.952160356008105,12.0,0.0,1.0,0.0,0.0,0.0,1.0
15,215,0.0,9.799165806780469,1.0,0.0,1.0,1.0,0.0,0.0
16,215,0.0,6.114670066002405,0.0,0.0,0.0,1.0,0.0,1.0
17,215,7.990536089748537,4.776015754914329,0.0,0.0,1.0,1.0,0.0,0.0
18,215,6.816526365718908,1.4828645008846812,1.0,0.0,1.0,0.0,0.0,1.0
19,215,0.6732844539449832,12.0,1.0,0.0,0.0,1.0,1.0,1.0
20,215,4.894686949234645,0.9401525803335068,1.0,0.0,0.0,0.0,0.0,1.0
21,215,5.45680325882135,3.685005178515383,0.0,0.0,0.0,0.0,0.0,1.0
22,215,5.9284754910226924,6.332222636575477,0.0,1.0,0.0,0.0,1.0,0.0
23,215,4.623971101730963,11.979630692229753,0.0,0.0,0.0,0.0,1.0,1.0
24,215,0.0,5.105289966527485,0.0,0.0,0.0,1.0,0.0,0.0
25,215,9.80076467636554,12.0,1.0,1.0,0.0,1.0,0.0,0.0
26,215,3.419319348273493,0.343274989569679,0.0,0.0,0.0,1.0,1.0,1.0
27,215,7.345403084555074,5.294608196655111,1.0,0.0,0.0,1.0,1.0,1.0
28,215,11.005124776944852,5.829225230319333,0.0,1.0,0.0,1.0,0.0,1.0
29,215,8.65088236203796,11.03692488439829,0.0,0.0,1.0,0.0,0.0,0.0
30,215,0.9419752629947324,9.361910442783769,0.0,0.0,0.0,0.0,1.0,1.0
31,215,4.216400222285652,4.172767771833974,0.0,0.0,0.0,0.0,0.0,1.0
32,215,6.14796158548488,4.21491151359048,0.0,0.0,0.0,1.0,1.0,0.0
33,215,12.0,1.16325069840248,0.0,0.0,1.0,1.0,0.0,0.0
34,215,2.838650159550893,9.738815484892775,1.0,1.0,0.0,0.0,0.0,0.0
35,215,2.3771873277374045,4.080726327284565,0.0,0.0,1.0,1.0,0.0,0.0
36,215,8.940091970241395,4.215398070914588,0.0,0.0,1.0,0.0,1.0,0.0
37,215,0.0,5.596337617778114,0.0,0.0,0.0,0.0,0.0,0.0
38,215,10.725139185190375,3.4726910452418687,0.0,0.0,0.0,1.0,1.0,1.0
39,215,3.276456285551848,3.105402604262129,1.0,1.0,1.0,0.0,0.0,0.0
0,220,0.0,0.0,1.0,0.0,0.0,1.0,0.0,0.0
1,220,0.0,8.798270457207833,1.0,1.0,0.0,0.0,1.0,1.0
2,220,0.0,7.698505274270474,0.0,1.0,1.0,0.0,0.0,0.0
3,220,0.0,4.427541186183831,0.0,1.0,0.0,1.0,0.0,0.0
4,220,1.853968884405615,12.0,0.0,0.0,0.0,0.0,0.0,0.0
5,220,0.0,0.0,1.0,1.0,0.0,0.0,1.0,0.0
6,220,0.0,6.4165979234025095,0.0,1.0,0.0,0.0,1.0,0.0
7,220,6.478181026075742,10.25400810828552,1.0,0.0,1.0,1.0,0.0,0.0
8,220,2.83317010468761,9.985838058726673,0.0,0.0,0.0,0.0,0.0,1.0
9,220,0.0109668335077575,2.639712393914731,0.0,0.0,1.0,1.0,0.0,1.0
10,220,6.430111710718217,0.0017006009350257,0.0,1.0,0.0,0.0,0.0,1.0
11,220,0.0,3.778467458345321,0.0,1.0,0.0,0.0,1.0,1.0
12,220,0.8833700458592363,11.923732786513613,0.0,0.0,1.0,1.0,1.0,0.0
13,220,11.495328199800236,7.668278597097518,1.0,1.0,1.0,1.0,1.0,1.0
14,220,4.865932836736221,12.0,0.0,1.0,0.0,0.0,0.0,1.0
15,220,0.0,9.846909615720104,1.0,0.0,1.0,1.0,0.0,0.0
16,220,0.0,6.040858565142167,0.0,0.0,0.0,1.0,0.0,1.0
17,220,7.997737030839851,4.765808195096595,0.0,0.0,1.0,1.0,0.0,0.0
18,220,6.855843182123515,1.4071196010549831,1.0,0.0,1.0,0.0,0.0,1.0
19,220,0.6666872558101186,12.0,1.0,0.0,0.0,1.0,1.0,1.0
20,220,4.895975783710853,0.9405161699683454,1.0,0.0,0.0,0.0,0.0,1.0
21,220,5.392480622911334,3.6286073802928582,0.0,0.0,0.0,0.0,0.0,1.0
22,220,5.922668909303981,6.266417643704404,0.0,1.0,0.0,0.0,1.0,0.0
23,220,4.615809896901317,11.959451401567929,0.0,0.0,0.0,0.0,1.0,1.0
24,220,0.0,5.082155662643999,0.0,0.0,0.0,1.0,0.0,0.0
25,220,9.912471810110384,12.0,1.0,1.0,0.0,1.0,0.0,0.0
26,220,3.346174132422166,0.2038880714679295,0.0,0.0,0.0,1.0,1.0,1.0
27,220,7.434135938590455,5.246825926006098,1.0,0.0,0.0,1.0,1.0,1.0
28,220,11.122587735377596,5.735986227349267,0.0,1.0,0.0,1.0,0.0,1.0
29,220,8.640342330906138,11.036305918940409,0.0,0.0,1.0,0.0,0.0,0.0
30,220,0.9067560215362068,9.323453145846468,0.0,0.0,0.0,0.0,1.0,1.0
31,220,4.177523322718405,4.157377300391135,0.0,0.0,0.0,0.0,0.0,1.0
32,220,6.263591656352967,4.118764615644347,0.0,0.0,0.0,1.0,1.0,0.0
33,220,12.0,1.0082995469015497,0.0,0.0,1.0,1.0,0.0,0.0
34,220,2.890284144414129,9.722285507409277,1.0,1.0,0.0,0.0,0.0,0.0
35,220,2.3672208599867237,4.0806334540075015,0.0,0.0,1.0,1.0,0.0,0.0
36,220,8.925806199744954,4.216477562449286,0.0,0.0,1.0,0.0,1.0,0.0
37,220,0.0,5.598407569713487,0.0,0.0,0.0,0.0,0.0,0.0
38,220,10.684715402641046,3.4855168945986987,0.0,0.0,0.0,1.0,1.0,1.0
39,220,3.22243182733009,3.03667810897229,1.0,1.0,1.0,0.0,0.0,0.0
0,225,0.0,0.0,1.0,0.0,0.0,1.0,0.0,0.0
1,225,0.0,8.975384192483272,1.0,1.0,0.0,0.0,1.0,1.0
2,225,0.0,7.441620450381201,0.0,1.0,1.0,0.0,0.0,0.0
3,225,0.0,4.431111599657824,0.0,1.0,0.0,1.0,0.0,0.0
4,225,1.8052721312697568,12.0,0.0,0.0,0.0,0.0,0.0,0.0
5,225,0.0,0.0,1.0,1.0,0.0,0.0,1.0,0.0
6,225,0.0,6.474793674392468,0.0,1.0,0.0,0.0,1.0,0.0
7,225,6.426223895899286,10.21725455711318,1.0,0.0,1.0,1.0,0.0,0.0
8,225,2.832331411615316,9.988862951034116,0.0,0.0,0.0,0.0,0.0,1.0
9,225,0.0249219032882157,2.621536309433356,0.0,0.0,1.0,1.0,0.0,1.0
10,225,6.422658036366575,0.0,0.0,1.0,0.0,0.0,0.0,1.0
11,225,0.0,3.772714629441976,0.0,1.0,0.0,0.0,1.0,1.0
12,225,0.9511819698287964,11.91571674640196,0.0,0.0,1.0,1.0,1.0,0.0
13,225,11.625204980905684,7.754230656542465,1.0,1.0,1.0,1.0,1.0,1.0
14,225,4.778153859348102,12.0,0.0,1.0,0.0,0.0,0.0,1.0
15,225,0.0,9.886937432212813,1.0,0.0,1.0,1.0,0.0,0.0
16,225,0.0,5.95558520930621,0.0,0.0,0.0,1.0,0.0,1.0
17,225,8.001722819360873,4.760248659532079,0.0,0.0,1.0,1.0,0.0,0.0
18,225,6.899754267150845,1.3274520474280629,1.0,0.0,1.0,0.0,0.0,1.0
19,225,0.6622413639514227,12.0,1.0,0.0,0.0,1.0,1.0,1.0
20,225,4.886677590445299,0.9380896814800832,1.0,0.0,0.0,0.0,0.0,1.0
21,225,5.323816262847796,3.5676114963634107,0.0,0.0,0.0,0.0,0.0,1.0
22,225,5.917019178391494,6.204092814811947,0.0,1.0,0.0,0.0,1.0,0.0
23,225,4.606437459370448,11.937571843646104,0.0,0.0,0.0,0.0,1.0,1.0
24,225,0.0,5.05806601285886,0.0,0.0,0.0,1.0,0.0,0.0
25,225,10.015049357777311,12.0,1.0,1.0,0.0,1.0,0.0,0.0
26,225,3.27371871121334,0.0581955407556785,0.0,0.0,0.0,1.0,1.0,1.0
27,225,7.526040901136806,5.196616422315562,1.0,0.0,0.0,1.0,1.0,1.0
28,225,11.243843195890417,5.641534448100891,0.0,1.0,0.0,1.0,0.0,1.0
29,225,8.633012983271064,11.035720925162735,0.0,0.0,1.0,0.0,0.0,0.0
30,225,0.8760516162932637,9.289116759037142,0.0,0.0,0.0,0.0,1.0,1.0
31,225,4.12518155536099,4.137777285105547,0.0,0.0,0.0,0.0,0.0,1.0
32,225,6.383524856497608,4.015035693769219,0.0,0.0,0.0,1.0,1.0,0.0
33,225,12.0,0.8581841440794957,0.0,0.0,1.0,1.0,0.0,0.0
34,225,2.950184113500415,9.704041667780391,1.0,1.0,0.0,0.0,0.0,0.0
35,225,2.36235089158825,4.080595907524231,0.0,0.0,1.0,1.0,0.0,0.0
36,225,8.89650277212026,4.218903860327839,0.0,0.0,1.0,0.0,1.0,0.0
37,225,0.0,5.607599967905853,0.0,0.0,0.0,0.0,0.0,0.0
38,225,10.648683565172329,3.497169509355676,0.0,0.0,0.0,1.0,1.0,1.0
39,225,3.163674076338171,2.961841035500081,1.0,1.0,1.0,0.0,0.0,0.0
0,230,0.0,0.0,1.0,0.0,0.0,1.0,0.0,0.0
1,230,0.0,9.142707520800863,1.0,1.0,0.0,0.0,1.0,1.0
2,230,0.0,7.179265308871951,0.0,1.0,1.0,0.0,0.0,0.0
3,230,0.0041819524405065,4.430340467703093,0.0,1.0,0.0,1.0,0.0,0.0
4,230,1.7693239027063616,12.0,0.0,0.0,0.0,0.0,0.0,0.0
5,230,0.0,0.0,1.0,1.0,0.0,0.0,1.0,0.0
6,230,0.0,6.522147306878634,0.0,1.0,0.0,0.0,1.0,0.0
7,230,6.379811374811652,10.1840260838165,1.0,0.0,1.0,1.0,0.0,0.0
8,230,2.8341202656614684,9.981874511884802,0.0,0.0,0.0,0.0,0.0,1.0
9,230,0.0417125349602274,2.599567915550296,0.0,0.0,1.0,1.0,0.0,1.0
10,230,6.396728897761071,0.0,0.0,1.0,0.0,0.0,0.0,1.0
11,230,0.0,3.76380576682894,0.0,1.0,0.0,0.0,1.0,1.0
12,230,1.0160040261865573,11.908985106696123,0.0,0.0,1.0,1.0,1.0,0.0
13,230,11.743960375720656,7.834428226266716,1.0,1.0,1.0,1.0,1.0,1.0
14,230,4.68566965979024,12.0,0.0,1.0,0.0,0.0,0.0,1.0
15,230,0.0,9.938454463061705,1.0,0.0,1.0,1.0,0.0,0.0
16,230,0.0,5.877168165573814,0.0,0.0,0.0,1.0,0.0,1.0
17,230,8.012766578840484,4.744595630665216,0.0,0.0,1.0,1.0,0.0,0.0
18,230,6.951546836418365,1.227700282837165,1.0,0.0,1.0,0.0,0.0,1.0
19,230,0.6599258492121534,12.0,1.0,0.0,0.0,1.0,1.0,1.0
20,230,4.886283324883428,0.9379759901690776,1.0,0.0,0.0,0.0,0.0,1.0
21,230,5.255214283782969,3.507054510735492,0.0,0.0,0.0,0.0,0.0,1.0
22,230,5.91265712174845,6.12956651331251,0.0,1.0,0.0,0.0,1.0,0.0
23,230,4.598968245409062,11.92046025144814,0.0,0.0,0.0,0.0,1.0,1.0
24,230,0.0,5.029841470669458,0.0,0.0,0.0,1.0,0.0,0.0
25,230,10.11368139469455,12.0,1.0,1.0,0.0,1.0,0.0,0.0
26,230,3.188270573784457,0.0,0.0,0.0,0.0,1.0,1.0,1.0
27,230,7.630494436181709,5.137709636095545,1.0,0.0,0.0,1.0,1.0,1.0
28,230,11.358673783990133,5.554704378973044,0.0,1.0,0.0,1.0,0.0,1.0
29,230,8.625304875248164,11.035245217443997,0.0,0.0,1.0,0.0,0.0,0.0
30,230,0.8494016568515054,9.256979714832678,0.0,0.0,0.0,0.0,1.0,1.0
31,230,4.0600703556320985,4.114676163513366,0.0,0.0,0.0,0.0,0.0,1.0
32,230,6.5101193922346505,3.902912467145014,0.0,0.0,0.0,1.0,1.0,0.0
33,230,12.0,0.7133043375312528,0.0,0.0,1.0,1.0,0.0,0.0
34,230,3.020310712222376,9.683853336591469,1.0,1.0,0.0,0.0,0.0,0.0
35,230,2.3686425508466407,4.080818600390128,0.0,0.0,1.0,1.0,0.0,0.0
36,230,8.844570318990828,4.222910636730998,0.0,0.0,1.0,0.0,1.0,0.0
37,230,0.0,5.61469562056338,0.0,0.0,0.0,0.0,0.0,0.0
38,230,10.602215232372748,3.5121707803878675,0.0,0.0,0.0,1.0,1.0,1.0
39,230,3.113059702794538,2.8981497849111,1.0,1.0,1.0,0.0,0.0,0.0
0,235,0.0,0.0,1.0,0.0,0.0,1.0,0.0,0.0
1,235,0.0,9.326912462910062,1.0,1.0,0.0,0.0,1.0,1.0
2,235,0.0,6.911557218358088,0.0,1.0,1.0,0.0,0.0,0.0
3,235,0.0,4.432557791769071,0.0,1.0,0.0,1.0,0.0,0.0
4,235,1.7406813651810225,12.0,0.0,0.0,0.0,0.0,0.0,0.0
5,235,0.0,0.0,1.0,1.0,0.0,0.0,1.0,0.0
6,235,0.0,6.56355571954264,0.0,1.0,0.0,0.0,1.0,0.0
7,235,6.330049407267508,10.14751781400612,1.0,0.0,1.0,1.0,0.0,0.0
8,235,2.8425557018804923,9.948025440450326,0.0,0.0,0.0,0.0,0.0,1.0
9,235,0.0588208079419282,2.576976047491965,0.0,0.0,1.0,1.0,0.0,1.0
10,235,6.373068840461636,0.0,0.0,1.0,0.0,0.0,0.0,1.0
11,235,0.0,3.755564208256884,0.0,1.0,0.0,0.0,1.0,1.0
12,235,1.0964376060433585,11.902614681645709,0.0,0.0,1.0,1.0,1.0,0.0
13,235,11.864768999175716,7.914771470852161,1.0,1.0,1.0,1.0,1.0,1.0
14,235,4.59962323705257,12.0,0.0,1.0,0.0,0.0,0.0,1.0
15,235,0.0,9.989957174769568,1.0,0.0,1.0,1.0,0.0,0.0
16,235,0.0,5.802920595518319,0.0,0.0,0.0,1.0,0.0,1.0
17,235,8.025568849780676,4.7271366525098895,0.0,0.0,1.0,1.0,0.0,0.0
18,235,7.009400137900663,1.120259181985439,1.0,0.0,1.0,0.0,0.0,1.0
19,235,0.6549830759462801,12.0,1.0,0.0,0.0,1.0,1.0,1.0
20,235,4.891326235964605,0.9395268045642372,1.0,0.0,0.0,0.0,0.0,1.0
21,235,5.1871293488588615,3.4480237846719763,0.0,0.0,0.0,0.0,0.0,1.0
22,235,5.908187698045288,6.04243851978285,0.0,1.0,0.0,0.0,1.0,0.0
23,235,4.599551821104047,11.921821495195642,0.0,0.0,0.0,0.0,1.0,1.0
24,235,0.0,4.993915355936354,0.0,0.0,0.0,1.0,0.0,0.0
25,235,10.177601004434646,12.0,1.0,1.0,0.0,1.0,0.0,0.0
26,235,3.103106963095389,0.0,0.0,0.0,0.0,1.0,1.0,1.0
27,235,7.737526858804077,5.07734112919697,1.0,0.0,0.0,1.0,1.0,1.0
28,235,11.475602225600433,5.467693144269129,0.0,1.0,0.0,1.0,0.0,1.0
29,235,8.601331575526146,11.033705886738026,0.0,0.0,1.0,0.0,0.0,0.0
30,235,0.8288689870054217,9.23322913445974,0.0,0.0,0.0,0.0,1.0,1.0
31,235,3.992567038667741,4.090618231836343,0.0,0.0,0.0,0.0,0.0,1.0
32,235,6.645306890516113,3.785481804354079,0.0,0.0,0.0,1.0,1.0,0.0
33,235,12.0,0.5827802462541811,0.0,0.0,1.0,1.0,0.0,0.0
34,235,3.09234816693481,9.663093538746583,1.0,1.0,0.0,0.0,0.0,0.0
35,235,2.385835168659001,4.0816602477476485,0.0,0.0,1.0,1.0,0.0,0.0
36,235,8.800807927163303,4.22639109216748,0.0,0.0,1.0,0.0,1.0,0.0
37,235,0.0,5.620175674486299,0.0,0.0,0.0,0.0,0.0,0.0
38,235,10.537166666227478,3.534788904561244,0.0,0.0,0.0,1.0,1.0,1.0
39,235,3.06005052526076,2.8319352243397224,1.0,1.0,1.0,0.0,0.0,0.0
0,240,0.0,0.0,1.0,0.0,0.0,1.0,0.0,0.0
1,240,0.0,9.501117392454493,1.0,1.0,0.0,0.0,1.0,1.0
2,240,0.2589683143354593,6.72804658572113,0.0,1.0,1.0,0.0,0.0,0.0
3,240,0.0,4.433871225462073,0.0,1.0,0.0,1.0,0.0,0.0
4,240,1.7064204576664797,12.0,0.0,0.0,0.0,0.0,0.0,0.0
5,240,0.0,0.0,1.0,1.0,0.0,0.0,1.0,0.0
6,240,0.0,6.6072607589407095,0.0,1.0,0.0,0.0,1.0,0.0
7,240,6.279662491356448,10.109708827089024,1.0,0.0,1.0,1.0,0.0,0.0
8,240,2.8520048499269066,9.913978406079933,0.0,0.0,0.0,0.0,0.0,1.0
9,240,0.0634699796725973,2.5708760093602585,0.0,0.0,1.0,1.0,0.0,1.0
10,240,6.345580621543079,0.0,0.0,1.0,0.0,0.0,0.0,1.0
11,240,0.0,3.7418465851045033,0.0,1.0,0.0,0.0,1.0,1.0
12,240,1.1989104573805092,11.8935872264574,0.0,0.0,1.0,1.0,1.0,0.0
13,240,11.989465143260224,7.997085339956363,1.0,1.0,1.0,1.0,1.0,1.0
14,240,4.515808558018276,12.0,0.0,1.0,0.0,0.0,0.0,1.0
15,240,0.0,10.034805201166918,1.0,0.0,1.0,1.0,0.0,0.0
16,240,0.0,5.733839396893463,0.0,0.0,0.0,1.0,0.0,1.0
17,240,8.04094099884873,4.706474613984721,0.0,0.0,1.0,1.0,0.0,0.0
18,240,7.07155472803599,1.0036453045128682,1.0,0.0,1.0,0.0,0.0,1.0
19,240,0.6481253097906278,12.0,1.0,0.0,0.0,1.0,1.0,1.0
20,240,4.896667148243201,0.9411520718975822,1.0,0.0,0.0,0.0,0.0,1.0
21,240,5.141674512546196,3.409891063459236,0.0,0.0,0.0,0.0,0.0,1.0
22,240,5.904174573153434,5.977753623122987,0.0,1.0,0.0,0.0,1.0,0.0
23,240,4.599648155078427,11.9220294600325,0.0,0.0,0.0,0.0,1.0,1.0
24,240,0.0,4.957708399149788,0.0,0.0,0.0,1.0,0.0,0.0
25,240,10.235473670891716,12.0,1.0,1.0,0.0,1.0,0.0,0.0
26,240,3.021844283428245,0.0,0.0,0.0,0.0,1.0,1.0,1.0
27,240,7.825840989555392,5.028995319799754,1.0,0.0,0.0,1.0,1.0,1.0
28,240,11.603306799756115,5.376079926012079,0.0,1.0,0.0,1.0,0.0,1.0
29,240,8.5516287278812,11.030297437370058,0.0,0.0,1.0,0.0,0.0,0.0
30,240,0.8007175451176527,9.199108986296729,0.0,0.0,0.0,0.0,1.0,1.0
31,240,3.9283250168215456,4.068454543081154,0.0,0.0,0.0,0.0,0.0,1.0
32,240,6.782650054857176,3.6640907908145097,0.0,0.0,0.0,1.0,1.0,0.0
33,240,12.0,0.453666411078405,0.0,0.0,1.0,1.0,0.0,0.0
34,240,3.173580849434272,9.635784423786069,1.0,1.0,0.0,0.0,0.0,0.0
35,240,2.422305125247836,4.083345853701318,0.0,0.0,1.0,1.0,0.0,0.0
36,240,8.759117536032678,4.231231074704892,0.0,0.0,1.0,0.0,1.0,0.0
37,240,0.0,5.637636143289884,0.0,0.0,0.0,0.0,0.0,0.0
38,240,10.458675615103465,3.5603055028405106,0.0,0.0,0.0,1.0,1.0,1.0
39,240,3.0133942453305225,2.772221762502713,1.0,1.0,1.0,0.0,0.0,0.0
0,245,0.0,0.0,1.0,0.0,0.0,1.0,0.0,0.0
1,245,0.0,9.671349953612316,1.0,1.0,0.0,0.0,1.0,1.0
2,245,0.5040827733474919,6.551085446207641,0.0,1.0,1.0,0.0,0.0,0.0
3,245,0.0,4.436352127878685,0.0,1.0,0.0,1.0,0.0,0.0
4,245,1.6714842258808225,12.0,0.0,0.0,0.0,0.0,0.0,0.0
5,245,0.0,0.0,1.0,1.0,0.0,0.0,1.0,0.0
6,245,0.0,6.6495582637396415,0.0,1.0,0.0,0.0,1.0,0.0
7,245,6.230653205387743,10.072816420186996,1.0,0.0,1.0,1.0,0.0,0.0
8,245,2.8678920734649624,9.85741098127382,0.0,0.0,0.0,0.0,0.0,1.0
9,245,0.0708011520888748,2.561063808396592,0.0,0.0,1.0,1.0,0.0,1.0
10,245,6.314183666162467,0.0,0.0,1.0,0.0,0.0,0.0,1.0
11,245,0.0,3.733787738885368,0.0,1.0,0.0,0.0,1.0,1.0
12,245,1.2987288562889585,11.88484776717658,0.0,0.0,1.0,1.0,1.0,0.0
13,245,12.0,8.079569674406667,1.0,1.0,1.0,1.0,1.0,1.0
14,245,4.426130998242573,12.0,0.0,1.0,0.0,0.0,0.0,1.0
15,245,0.0,10.0802609235119,1.0,0.0,1.0,1.0,0.0,0.0
16,245,0.0,5.661165201922603,0.0,0.0,0.0,1.0,0.0,1.0
17,245,8.065794094241896,4.673196760979182,0.0,0.0,1.0,1.0,0.0,0.0
18,245,7.122072913673344,0.908451175772672,1.0,0.0,1.0,0.0,0.0,1.0
19,245,0.6404736907220381,12.0,1.0,0.0,0.0,1.0,1.0,1.0
20,245,4.915505286543456,0.9480807782060324,1.0,0.0,0.0,0.0,0.0,1.0
21,245,5.109882490140349,3.382385726180277,0.0,0.0,0.0,0.0,0.0,1.0
22,245,5.900308193767737,5.914640807765044,0.0,1.0,0.0,0.0,1.0,0.0
23,245,4.598048982317359,11.918362447081808,0.0,0.0,0.0,0.0,1.0,1.0
24,245,0.0,4.9224337146852655,0.0,0.0,0.0,1.0,0.0,0.0
25,245,10.283367812711209,12.0,1.0,1.0,0.0,1.0,0.0,0.0
26,245,2.9271302775505457,0.0,0.0,0.0,0.0,1.0,1.0,1.0
27,245,7.925575974748392,4.976703216026859,1.0,0.0,0.0,1.0,1.0,1.0
28,245,11.723257826519594,5.288675748682734,0.0,1.0,0.0,1.0,0.0,1.0
29,245,8.515146607312365,11.027892055039151,0.0,0.0,1.0,0.0,0.0,0.0
30,245,0.7764477010969845,9.1691995440049,0.0,0.0,0.0,0.0,1.0,1.0
31,245,3.851254437861264,4.041497304110712,0.0,0.0,0.0,0.0,0.0,1.0
32,245,6.912533210124296,3.5435105554172224,0.0,0.0,0.0,1.0,1.0,0.0
33,245,12.0,0.3147790219297752,0.0,0.0,1.0,1.0,0.0,0.0
34,245,3.242584228445833,9.613991222343827,1.0,1.0,0.0,0.0,0.0,0.0
35,245,2.4643255740728707,4.086639874866768,0.0,0.0,1.0,1.0,0.0,0.0
36,245,8.709965782468277,4.235539255887208,0.0,0.0,1.0,0.0,1.0,0.0
37,245,0.0,5.6497135427680085,0.0,0.0,0.0,0.0,0.0,0.0
38,245,10.381511512035374,3.588944876101271,0.0,0.0,0.0,1.0,1.0,1.0
39,245,2.967150647924096,2.711817187105568,1.0,1.0,1.0,0.0,0.0,0.0
0,250,0.0,0.0,1.0,0.0,0.0,1.0,0.0,0.0
1,250,0.0,9.819425197277818,1.0,1.0,0.0,0.0,1.0,1.0
2,250,0.7462821846477812,6.378379759908441,0.0,1.0,1.0,0.0,0.0,0.0
3,250,0.0020039834578729,4.435958755502913,0.0,1.0,0.0,1.0,0.0,0.0
4,250,1.6458470378992072,12.0,0.0,0.0,0.0,0.0,0.0,0.0
5,250,0.0,0.0,1.0,1.0,0.0,0.0,1.0,0.0
6,250,0.0,6.69745572242434,0.0,1.0,0.0,0.0,1.0,0.0
7,250,6.171123009957781,10.026416943867815,1.0,0.0,1.0,1.0,0.0,0.0
8,250,2.8811846507605727,9.81404263092354,0.0,0.0,0.0,0.0,0.0,1.0
9,250,0.0836599934662187,2.5438342940441587,0.0,0.0,1.0,1.0,0.0,1.0
10,250,6.267402927764632,0.0,0.0,1.0,0.0,0.0,0.0,1.0
11,250,0.0,3.721928692484324,0.0,1.0,0.0,0.0,1.0,1.0
12,250,1.3777677805345927,11.875935807998978,0.0,0.0,1.0,1.0,1.0,0.0
13,250,12.0,8.170074587553874,1.0,1.0,1.0,1.0,1.0,1.0
14,250,4.343605404798805,12.0,0.0,1.0,0.0,0.0,0.0,1.0
15,250,0.0,10.118457029366573,1.0,0.0,1.0,1.0,0.0,0.0
16,250,0.0,5.602435229437824,0.0,0.0,0.0,1.0,0.0,1.0
17,250,8.06779098365161,4.670517040950018,0.0,0.0,1.0,1.0,0.0,0.0
18,250,7.174039077291718,0.8152173298714971,1.0,0.0,1.0,0.0,0.0,1.0
19,250,0.633013354965476,12.0,1.0,0.0,0.0,1.0,1.0,1.0
20,250,4.924688899432328,0.9518571867459203,1.0,0.0,0.0,0.0,0.0,1.0
21,250,5.079592237476269,3.356822844294503,0.0,0.0,0.0,0.0,0.0,1.0
22,250,5.89588901301279,5.822882254646848,0.0,1.0,0.0,0.0,1.0,0.0
23,250,4.59993489623283,11.922669268896126,0.0,0.0,0.0,0.0,1.0,1.0
24,250,0.0,4.884446082159271,0.0,0.0,0.0,1.0,0.0,0.0
25,250,10.338878462404482,12.0,1.0,1.0,0.0,1.0,0.0,0.0
26,250,2.8410078242735524,0.0,0.0,0.0,0.0,1.0,1.0,1.0
27,250,8.029880399426515,4.9234965016479935,1.0,0.0,0.0,1.0,1.0,1.0
28,250,11.858462932900862,5.192277131719132,0.0,1.0,0.0,1.0,0.0,1.0
29,250,8.46741410249636,11.023524754390651,0.0,0.0,1.0,0.0,0.0,0.0
30,250,0.749592970209005,9.13674508171152,0.0,0.0,0.0,0.0,1.0,1.0
31,250,3.7692960177149577,4.013156237735673,0.0,0.0,0.0,0.0,0.0,1.0
32,250,7.057974434254838,3.408738801419831,0.0,0.0,0.0,1.0,1.0,0.0
33,250,12.0,0.1921585524365521,0.0,0.0,1.0,1.0,0.0,0.0
34,250,3.3237671242148448,9.588134237792811,1.0,1.0,0.0,0.0,0.0,0.0
35,250,2.506005025658717,4.090183199170134,0.0,0.0,1.0,1.0,0.0,0.0
36,250,8.66484697577507,4.237278995705086,0.0,0.0,1.0,0.0,1.0,0.0
37,250,0.0149005274340019,5.643009900942537,0.0,0.0,0.0,0.0,0.0,0.0
38,250,10.300215819935568,3.620210613296508,0.0,0.0,0.0,1.0,1.0,1.0
39,250,2.918035163715476,2.648673206450092,1.0,1.0,1.0,0.0,0.0,0.0
0,255,0.0,0.0,1.0,0.0,0.0,1.0,0.0,0.0
1,255,0.0,9.808882133402731,1.0,1.0,0.0,0.0,1.0,1.0
2,255,0.9992509395853876,6.19331564756637,0.0,1.0,1.0,0.0,0.0,0.0
3,255,0.0251627599781819,4.432137630433637,0.0,1.0,0.0,1.0,0.0,0.0
4,255,1.6241257961848223,12.0,0.0,0.0,0.0,0.0,0.0,0.0
5,255,0.0,0.0,1.0,1.0,0.0,0.0,1.0,0.0
6,255,0.0,6.757833247216962,0.0,1.0,0.0,0.0,1.0,0.0
7,255,6.112359014298557,9.979306871041125,1.0,0.0,1.0,1.0,0.0,0.0
8,255,2.898010586685132,9.759291181832449,0.0,0.0,0.0,0.0,0.0,1.0
9,255,0.087218224724538,2.539126517978717,0.0,0.0,1.0,1.0,0.0,1.0
10,255,6.230098584901874,0.0,0.0,1.0,0.0,0.0,0.0,1.0
11,255,0.0,3.7165367351430394,0.0,1.0,0.0,0.0,1.0,1.0
12,255,1.4438700229134127,11.870723461140884,0.0,0.0,1.0,1.0,1.0,0.0
13,255,12.0,8.266345134899174,1.0,1.0,1.0,1.0,1.0,1.0
14,255,4.257952606258947,12.0,0.0,1.0,0.0,0.0,0.0,1.0
15,255,0.0,10.163930625941854,1.0,0.0,1.0,1.0,0.0,0.0
16,255,0.0,5.535320250267443,0.0,0.0,0.0,1.0,0.0,1.0
17,255,8.056212022036384,4.6863772435148014,0.0,0.0,1.0,1.0,0.0,0.0
18,255,7.222327043752679,0.7259934414242383,1.0,0.0,1.0,0.0,0.0,1.0
19,255,0.627218113531408,12.0,1.0,0.0,0.0,1.0,1.0,1.0
20,255,4.938223788229835,0.9567484153538832,1.0,0.0,0.0,0.0,0.0,1.0
21,255,5.052931198351433,3.334740818182924,0.0,0.0,0.0,0.0,0.0,1.0
22,255,5.891217782920304,5.7105587776804905,0.0,1.0,0.0,0.0,1.0,0.0
23,255,4.597091019446896,11.916393298176246,0.0,0.0,0.0,0.0,1.0,1.0
24,255,0.0,4.8465415977337125,0.0,0.0,0.0,1.0,0.0,0.0
25,255,10.394647773403085,12.0,1.0,1.0,0.0,1.0,0.0,0.0
26,255,2.748865420009561,0.0,0.0,0.0,0.0,1.0,1.0,1.0
27,255,8.129588884877355,4.873181791958178,1.0,0.0,0.0,1.0,1.0,1.0
28,255,11.994103923804952,5.093249244871972,0.0,1.0,0.0,1.0,0.0,1.0
29,255,8.418429636177233,11.019574346558972,0.0,0.0,1.0,0.0,0.0,0.0
30,255,0.7241199018442134,9.105040904714151,0.0,0.0,0.0,0.0,1.0,1.0
31,255,3.681212892502776,3.9791838894206992,0.0,0.0,0.0,0.0,0.0,1.0
32,255,7.201670123547214,3.272046656486826,0.0,0.0,0.0,1.0,1.0,0.0
33,255,12.0,0.0752017340377668,0.0,0.0,1.0,1.0,0.0,0.0
34,255,3.395197773231781,9.566208702919118,1.0,1.0,0.0,0.0,0.0,0.0
35,255,2.5517322798077515,4.093999164487901,0.0,0.0,1.0,1.0,0.0,0.0
36,255,8.615213378622952,4.239083553827995,0.0,0.0,1.0,0.0,1.0,0.0
37,255,0.0141572670149533,5.643352796450167,0.0,0.0,0.0,0.0,0.0,0.0
38,255,10.224260743129612,3.6480351641005946,0.0,0.0,0.0,1.0,1.0,1.0
39,255,2.862873475383356,2.5788370724554315,1.0,1.0,1.0,0.0,0.0,0.0
0,260,0.0,0.0,1.0,0.0,0.0,1.0,0.0,0.0
1,260,0.0,9.79963932584542,1.0,1.0,0.0,0.0,1.0,1.0
2,260,1.2615447525085337,6.002566115478726,0.0,1.0,1.0,0.0,0.0,0.0
3,260,0.036279094536352,4.430105295182596,0.0,1.0,0.0,1.0,0.0,0.0
4,260,1.6037798936671792,12.0,0.0,0.0,0.0,0.0,0.0,0.0
5,260,0.0,0.0,1.0,1.0,0.0,0.0,1.0,0.0
6,260,0.0,6.8292134487865805,0.0,1.0,0.0,0.0,1.0,0.0
7,260,6.048645853600325,9.928051230543112,1.0,0.0,1.0,1.0,0.0,0.0
8,260,2.914607814228787,9.703633452508068,0.0,0.0,0.0,0.0,0.0,1.0
9,260,0.094555022210385,2.5295779969434284,0.0,0.0,1.0,1.0,0.0,1.0
10,260,6.208794411231211,0.0,0.0,1.0,0.0,0.0,0.0,1.0
11,260,0.0019800625092172,3.7174370229407954,0.0,1.0,0.0,0.0,1.0,1.0
12,260,1.5113800182727437,11.8648661973489,0.0,0.0,1.0,1.0,1.0,0.0
13,260,12.0,8.355899721246061,1.0,1.0,1.0,1.0,1.0,1.0
14,260,4.174314451504797,12.0,0.0,1.0,0.0,0.0,0.0,1.0
15,260,0.0,10.213468436625098,1.0,0.0,1.0,1.0,0.0,0.0
16,260,0.0,5.47414598756868,0.0,0.0,0.0,1.0,0.0,1.0
17,260,8.052186028385261,4.692429923151638,0.0,0.0,1.0,1.0,0.0,0.0
18,260,7.278484067429749,0.6289315585716695,1.0,0.0,1.0,0.0,0.0,1.0
19,260,0.6199362209773434,12.0,1.0,0.0,0.0,1.0,1.0,1.0
20,260,4.956836718868307,0.9636853893633172,1.0,0.0,0.0,0.0,0.0,1.0
21,260,5.031920476217907,3.317765083354199,0.0,0.0,0.0,0.0,0.0,1.0
22,260,5.886539669754238,5.60791921998214,0.0,1.0,0.0,0.0,1.0,0.0
23,260,4.588363706623794,11.895385919552371,0.0,0.0,0.0,0.0,1.0,1.0
24,260,0.0,4.806391981675448,0.0,0.0,0.0,1.0,0.0,0.0
25,260,10.437280215276038,12.0,1.0,1.0,0.0,1.0,0.0,0.0
26,260,2.654545822791877,0.0,0.0,0.0,0.0,1.0,1.0,1.0
27,260,8.235502796903107,4.824488617367375,1.0,0.0,0.0,1.0,1.0,1.0
28,260,12.0,5.002840144725628,0.0,1.0,0.0,1.0,0.0,1.0
29,260,8.357125902143551,11.013517529194644,0.0,0.0,1.0,0.0,0.0,0.0
30,260,0.6967932075141366,9.070326272599097,0.0,0.0,0.0,0.0,1.0,1.0
31,260,3.5760566340277835,3.942645347376676,0.0,0.0,0.0,0.0,0.0,1.0
32,260,7.343084106204385,3.1444194764577693,0.0,0.0,0.0,1.0,1.0,0.0
33,260,12.0,0.0,0.0,0.0,1.0,1.0,0.0,0.0
34,260,3.44930450411127,9.547645115751788,1.0,1.0,0.0,0.0,0.0,0.0
35,260,2.596506935065978,4.0983291903402685,0.0,0.0,1.0,1.0,0.0,0.0
36,260,8.571212995230242,4.239282910906168,0.0,0.0,1.0,0.0,1.0,0.0
37,260,0.0193336065636839,5.640976299704181,0.0,0.0,0.0,0.0,0.0,0.0
38,260,10.1644036865441,3.6712893585198265,0.0,0.0,0.0,1.0,1.0,1.0
39,260,2.8123876147279567,2.5134202896178324,1.0,1.0,1.0,0.0,0.0,0.0
0,265,0.0,0.0,1.0,0.0,0.0,1.0,0.0,0.0
1,265,0.0,9.78705353746685,1.0,1.0,0.0,0.0,1.0,1.0
2,265,1.5293325846787953,5.806630136022886,0.0,1.0,1.0,0.0,0.0,0.0
3,265,0.0483660529611552,4.428104953847454,0.0,1.0,0.0,1.0,0.0,0.0
4,265,1.584673720971444,12.0,0.0,0.0,0.0,0.0,0.0,0.0
5,265,0.0,0.0,1.0,1.0,0.0,0.0,1.0,0.0
6,265,0.0,6.910888197552605,0.0,1.0,0.0,0.0,1.0,0.0
7,265,5.986535856426175,9.8809032588958,1.0,0.0,1.0,1.0,0.0,0.0
8,265,2.9313208644690976,9.651271694002602,0.0,0.0,0.0,0.0,0.0,1.0
9,265,0.1087000263839673,2.511582014714209,0.0,0.0,1.0,1.0,0.0,1.0
10,265,6.172198349417236,0.0,0.0,1.0,0.0,0.0,0.0,1.0
11,265,0.0312446634778713,3.7305353257599663,0.0,1.0,0.0,0.0,1.0,1.0
12,265,1.5800391879681397,11.859279619859032,0.0,0.0,1.0,1.0,1.0,0.0
13,265,12.0,8.445785769654774,1.0,1.0,1.0,1.0,1.0,1.0
14,265,4.0937671233128725,12.0,0.0,1.0,0.0,0.0,0.0,1.0
15,265,0.0,10.262909944593556,1.0,0.0,1.0,1.0,0.0,0.0
16,265,0.0,5.404476780221244,0.0,0.0,0.0,1.0,0.0,1.0
17,265,8.046536166257043,4.701727994694771,0.0,0.0,1.0,1.0,0.0,0.0
18,265,7.335040991623577,0.5233568607310847,1.0,0.0,1.0,0.0,0.0,1.0
19,265,0.6105781105472466,12.0,1.0,0.0,0.0,1.0,1.0,1.0
20,265,4.978339119806011,0.9713550971344244,1.0,0.0,0.0,0.0,0.0,1.0
21,265,5.007130530823105,3.29846536593775,0.0,0.0,0.0,0.0,0.0,1.0
22,265,5.883604450892707,5.474656024870646,0.0,1.0,0.0,0.0,1.0,0.0
23,265,4.579492624775759,11.87316429363748,0.0,0.0,0.0,0.0,1.0,1.0
24,265,0.0,4.760401784405851,0.0,0.0,0.0,1.0,0.0,0.0
25,265,10.463539059405068,12.0,1.0,1.0,0.0,1.0,0.0,0.0
26,265,2.5693902729806157,0.0,0.0,0.0,0.0,1.0,1.0,1.0
27,265,8.3370674888594,4.773225316955609,1.0,0.0,0.0,1.0,1.0,1.0
28,265,12.0,4.909286249071889,0.0,1.0,0.0,1.0,0.0,1.0
29,265,8.304096513470254,11.007023519134323,0.0,0.0,1.0,0.0,0.0,0.0
30,265,0.6665078918369329,9.032101919975034,0.0,0.0,0.0,0.0,1.0,1.0
31,265,3.457279739531154,3.901860377791344,0.0,0.0,0.0,0.0,0.0,1.0
32,265,7.477580214049031,3.0220278614121168,0.0,0.0,0.0,1.0,1.0,0.0
33,265,12.0,0.0,0.0,0.0,1.0,1.0,0.0,0.0
34,265,3.5091321058816423,9.526646766185308,1.0,1.0,0.0,0.0,0.0,0.0
35,265,2.617327430317052,4.100087005246669,0.0,0.0,1.0,1.0,0.0,0.0
36,265,8.52729981894836,4.240198429464538,0.0,0.0,1.0,0.0,1.0,0.0
37,265,0.0255845948868993,5.638195927303654,0.0,0.0,0.0,0.0,0.0,0.0
38,265,10.085345078443094,3.7029864379170023,0.0,0.0,0.0,1.0,1.0,1.0
39,265,2.765678118655481,2.452122459998266,1.0,1.0,1.0,0.0,0.0,0.0
0,270,0.0,0.0,1.0,0.0,0.0,1.0,0.0,0.0
1,270,0.0,9.90125680500788,1.0,1.0,0.0,0.0,1.0,1.0
2,270,1.7785046009700765,5.623084705370218,0.0,1.0,1.0,0.0,0.0,0.0
3,270,0.0511248699749248,4.427639340751696,0.0,1.0,0.0,1.0,0.0,0.0
4,270,1.5706092758888597,12.0,0.0,0.0,0.0,0.0,0.0,0.0
5,270,0.0,0.0,1.0,1.0,0.0,0.0,1.0,0.0
6,270,0.0,6.994927611884357,0.0,1.0,0.0,0.0,1.0,0.0
7,270,5.923565972813845,9.830399307368335,1.0,0.0,1.0,1.0,0.0,0.0
8,270,2.9435520014151293,9.611999740917396,0.0,0.0,0.0,0.0,0.0,1.0
9,270,0.1362215572416703,2.476032299335098,0.0,0.0,1.0,1.0,0.0,1.0
10,270,6.1274870214553605,0.0,0.0,1.0,0.0,0.0,0.0,1.0
11,270,0.0616077262129702,3.743785578664439,0.0,1.0,0.0,0.0,1.0,1.0
12,270,1.6767738093438125,11.851232423671927,0.0,0.0,1.0,1.0,1.0,0.0
13,270,12.0,8.526580796404959,1.0,1.0,1.0,1.0,1.0,1.0
14,270,4.021995013076163,12.0,0.0,1.0,0.0,0.0,0.0,1.0
15,270,0.0,10.313017493253684,1.0,0.0,1.0,1.0,0.0,0.0
16,270,0.0,5.322121842870246,0.0,0.0,0.0,1.0,0.0,1.0
17,270,8.053131751081906,4.691488743311036,0.0,0.0,1.0,1.0,0.0,0.0
18,270,7.395069248870842,0.4141986370043382,1.0,0.0,1.0,0.0,0.0,1.0
19,270,0.6010213904733015,12.0,1.0,0.0,0.0,1.0,1.0,1.0
20,270,5.006038082651051,0.9815971137559985,1.0,0.0,0.0,0.0,0.0,1.0
21,270,4.983091898442776,3.2803741822763706,0.0,0.0,0.0,0.0,0.0,1.0
22,270,5.878779669008447,5.364921958130304,0.0,1.0,0.0,0.0,1.0,0.0
23,270,4.570771094742831,11.851791762183565,0.0,0.0,0.0,0.0,1.0,1.0
24,270,0.0,4.723077454121153,0.0,0.0,0.0,1.0,0.0,0.0
25,270,10.510265477420017,12.0,1.0,1.0,0.0,1.0,0.0,0.0
26,270,2.483577524112859,0.0,0.0,0.0,0.0,1.0,1.0,1.0
27,270,8.445016946667241,4.721056790794814,1.0,0.0,0.0,1.0,1.0,1.0
28,270,12.0,4.830810546501456,0.0,1.0,0.0,1.0,0.0,1.0
29,270,8.23612681727988,10.99736629164866,0.0,0.0,1.0,0.0,0.0,0.0
30,270,0.6511009729337469,9.011880007429117,0.0,0.0,0.0,0.0,1.0,1.0
31,270,3.351725400354175,3.8673351773242697,0.0,0.0,0.0,0.0,0.0,1.0
32,270,7.62670585931154,2.889258665818025,0.0,0.0,0.0,1.0,1.0,0.0
33,270,12.0,0.0,0.0,0.0,1.0,1.0,0.0,0.0
34,270,3.58339722725221,9.50017193453476,1.0,1.0,0.0,0.0,0.0,0.0
35,270,2.6629105725183644,4.104086062181165,0.0,0.0,1.0,1.0,0.0,0.0
36,270,8.527652756390946,4.19912315677496,0.0,0.0,1.0,0.0,1.0,0.0
37,270,0.0591517490681332,5.622645738640075,0.0,0.0,0.0,0.0,0.0,0.0
38,270,10.016536019108711,3.7301693923848593,0.0,0.0,0.0,1.0,1.0,1.0
39,270,2.7243073495620544,2.3961678322031874,1.0,1.0,1.0,0.0,0.0,0.0
0,275,0.0,0.0,1.0,0.0,0.0,1.0,0.0,0.0
1,275,0.0,10.016767056617216,1.0,1.0,0.0,0.0,1.0,1.0
2,275,2.031249014724676,5.436665565698762,0.0,1.0,1.0,0.0,0.0,0.0
3,275,0.0556524368802023,4.426887647549368,0.0,1.0,0.0,1.0,0.0,0.0
4,275,1.5534959561484918,12.0,0.0,0.0,0.0,0.0,0.0,0.0
5,275,0.0,0.0,1.0,1.0,0.0,0.0,1.0,0.0
6,275,0.0,7.079152677455989,0.0,1.0,0.0,0.0,1.0,0.0
7,275,5.86932851399616,9.787018073306264,1.0,0.0,1.0,1.0,0.0,0.0
8,275,2.9528469099246677,9.579023276969531,0.0,0.0,0.0,0.0,0.0,1.0
9,275,0.1539416722643737,2.4526994643897155,0.0,0.0,1.0,1.0,0.0,1.0
10,275,6.081584525592708,0.0,0.0,1.0,0.0,0.0,0.0,1.0
11,275,0.0923455639378449,3.757753991830172,0.0,1.0,0.0,0.0,1.0,1.0
12,275,1.758634006237364,11.84479370488223,0.0,0.0,1.0,1.0,1.0,0.0
13,275,12.0,8.61489466917206,1.0,1.0,1.0,1.0,1.0,1.0
14,275,3.93718392227729,12.0,0.0,1.0,0.0,0.0,0.0,1.0
15,275,0.0,10.361110314748052,1.0,0.0,1.0,1.0,0.0,0.0
16,275,0.0,5.233197111167082,0.0,0.0,0.0,1.0,0.0,1.0
17,275,8.05660052537499,4.685836900933372,0.0,0.0,1.0,1.0,0.0,0.0
18,275,7.44350688298755,0.3281489794767237,1.0,0.0,1.0,0.0,0.0,1.0
19,275,0.5904832018231888,12.0,1.0,0.0,0.0,1.0,1.0,1.0
20,275,5.037603934738894,0.9927751244238172,1.0,0.0,0.0,0.0,0.0,1.0
21,275,4.9684211666066895,3.2689853587900197,0.0,0.0,0.0,0.0,0.0,1.0
22,275,5.873335813688237,5.251280693891503,0.0,1.0,0.0,0.0,1.0,0.0
23,275,4.561857887332812,11.826840686255805,0.0,0.0,0.0,0.0,1.0,1.0
24,275,0.0,4.687539680463534,0.0,0.0,0.0,1.0,0.0,0.0
25,275,10.55778341055962,12.0,1.0,1.0,0.0,1.0,0.0,0.0
26,275,2.391145175680525,0.0,0.0,0.0,0.0,1.0,1.0,1.0
27,275,8.553208068747127,4.668070352773319,1.0,0.0,0.0,1.0,1.0,1.0
28,275,12.0,4.748973456319322,0.0,1.0,0.0,1.0,0.0,1.0
29,275,8.167928312437995,10.987868901068085,0.0,0.0,1.0,0.0,0.0,0.0
30,275,0.640776441345945,8.998401280141037,0.0,0.0,0.0,0.0,1.0,1.0
31,275,3.2521613099739937,3.8388465714824775,0.0,0.0,0.0,0.0,0.0,1.0
32,275,7.755582894367639,2.7783311797201,0.0,0.0,0.0,1.0,1.0,0.0
33,275,12.0,0.0,0.0,0.0,1.0,1.0,0.0,0.0
34,275,3.669138244496604,9.465483586345457,1.0,1.0,0.0,0.0,0.0,0.0
35,275,2.726968027458513,4.111211155619954,0.0,0.0,1.0,1.0,0.0,0.0
36,275,8.528256120135469,4.160547580258783,0.0,0.0,1.0,0.0,1.0,0.0
37,275,0.0858715420469529,5.610449792732927,0.0,0.0,0.0,0.0,0.0,0.0
38,275,9.940124830109418,3.764628099999322,0.0,0.0,0.0,1.0,1.0,1.0
39,275,2.6718180250011083,2.3254566184638743,1.0,1.0,1.0,0.0,0.0,0.0
0,280,0.0,0.0,1.0,0.0,0.0,1.0,0.0,0.0
1,280,0.0,10.12118379030542,1.0,1.0,0.0,0.0,1.0,1.0
2,280,2.288403655602248,5.256822153137665,0.0,1.0,1.0,0.0,0.0,0.0
3,280,0.0466211435459818,4.428466863545321,0.0,1.0,0.0,1.0,0.0,0.0
4,280,1.519904796367693,12.0,0.0,0.0,0.0,0.0,0.0,0.0
5,280,0.0,0.0,1.0,1.0,0.0,0.0,1.0,0.0
6,280,0.0,7.1619560866928325,0.0,1.0,0.0,0.0,1.0,0.0
7,280,5.810129764933501,9.73939419334174,1.0,0.0,1.0,1.0,0.0,0.0
8,280,2.9641190808881825,9.53941223187724,0.0,0.0,0.0,0.0,0.0,1.0
9,280,0.1549072271047506,2.451399701157135,0.0,0.0,1.0,1.0,0.0,1.0
10,280,6.065456928152177,0.0,0.0,1.0,0.0,0.0,0.0,1.0
11,280,0.13547866380915,3.779238552549234,0.0,1.0,0.0,0.0,1.0,1.0
12,280,1.866367140486454,11.833494343112749,0.0,0.0,1.0,1.0,1.0,0.0
13,280,12.0,8.717555099699489,1.0,1.0,1.0,1.0,1.0,1.0
14,280,3.854979791389193,12.0,0.0,1.0,0.0,0.0,0.0,1.0
15,280,0.0,10.402639320445097,1.0,0.0,1.0,1.0,0.0,0.0
16,280,0.0,5.155396413432514,0.0,0.0,0.0,1.0,0.0,1.0
17,280,8.068167507881942,4.6676774200231925,0.0,0.0,1.0,1.0,0.0,0.0
18,280,7.48990753551304,0.2433490943789117,1.0,0.0,1.0,0.0,0.0,1.0
19,280,0.5799283129428635,12.0,1.0,0.0,0.0,1.0,1.0,1.0
20,280,5.091282716561519,1.0109818609717975,1.0,0.0,0.0,0.0,0.0,1.0
21,280,4.959208925799188,3.261878547557809,0.0,0.0,0.0,0.0,0.0,1.0
22,280,5.868413894807097,5.157826214131293,0.0,1.0,0.0,0.0,1.0,0.0
23,280,4.555564762738364,11.808720550258496,0.0,0.0,0.0,0.0,1.0,1.0
24,280,0.0,4.649640008832191,0.0,0.0,0.0,1.0,0.0,0.0
25,280,10.613605340113493,12.0,1.0,1.0,0.0,1.0,0.0,0.0
26,280,2.299885701798185,0.0,0.0,0.0,0.0,1.0,1.0,1.0
27,280,8.683605275788253,4.604704832118898,1.0,0.0,0.0,1.0,1.0,1.0
28,280,12.0,4.674640511913393,0.0,1.0,0.0,1.0,0.0,1.0
29,280,8.092794752542439,10.976203852683772,0.0,0.0,1.0,0.0,0.0,0.0
30,280,0.6228869494101059,8.97394935124594,0.0,0.0,0.0,0.0,1.0,1.0
31,280,3.179942519863852,3.8177295251656993,0.0,0.0,0.0,0.0,0.0,1.0
32,280,7.8771992993992495,2.6738607824017167,0.0,0.0,0.0,1.0,1.0,0.0
33,280,12.0,0.0,0.0,0.0,1.0,1.0,0.0,0.0
34,280,3.735006585677962,9.43896862413645,1.0,1.0,0.0,0.0,0.0,0.0
35,280,2.796985733809022,4.120266619309816,0.0,0.0,1.0,1.0,0.0,0.0
36,280,8.528300701199555,4.13823341745447,0.0,0.0,1.0,0.0,1.0,0.0
37,280,0.1149318011583215,5.596834178349289,0.0,0.0,0.0,0.0,0.0,0.0
38,280,9.861054786301358,3.800255720743476,0.0,0.0,0.0,1.0,1.0,1.0
39,280,2.6140400791154743,2.252686322901832,1.0,1.0,1.0,0.0,0.0,0.0
0,285,0.0,0.0,1.0,0.0,0.0,1.0,0.0,0.0
1,285,0.0,10.23795761595932,1.0,1.0,0.0,0.0,1.0,1.0
2,285,2.516055129473928,5.100951388505837,0.0,1.0,1.0,0.0,0.0,0.0
3,285,0.038188292840179,4.429977192812848,0.0,1.0,0.0,1.0,0.0,0.0
4,285,1.475648832450068,12.0,0.0,0.0,0.0,0.0,0.0,0.0
5,285,0.0,0.0,1.0,1.0,0.0,0.0,1.0,0.0
6,285,0.0,7.239458553223583,0.0,1.0,0.0,0.0,1.0,0.0
7,285,5.752930905670868,9.693131073048004,1.0,0.0,1.0,1.0,0.0,0.0
8,285,2.974911356933876,9.50265177243008,0.0,0.0,0.0,0.0,0.0,1.0
9,285,0.1659837788587532,2.436816693889286,0.0,0.0,1.0,1.0,0.0,1.0
10,285,6.045262530536653,0.0,0.0,1.0,0.0,0.0,0.0,1.0
11,285,0.16063791986466,3.791662711675446,0.0,1.0,0.0,0.0,1.0,1.0
12,285,1.9725069156437247,11.82155502729263,0.0,0.0,1.0,1.0,1.0,0.0
13,285,12.0,8.83110869375829,1.0,1.0,1.0,1.0,1.0,1.0
14,285,3.761180936519077,12.0,0.0,1.0,0.0,0.0,0.0,1.0
15,285,0.0,10.4471627309306,1.0,0.0,1.0,1.0,0.0,0.0
16,285,0.0,5.19898758119203,0.0,0.0,0.0,1.0,0.0,1.0
17,285,8.087707310928181,4.636943381797848,0.0,0.0,1.0,1.0,0.0,0.0
18,285,7.541962791618746,0.1481835239613821,1.0,0.0,1.0,0.0,0.0,1.0
19,285,0.5705385423936523,12.0,1.0,0.0,0.0,1.0,1.0,1.0
20,285,5.147796301395996,1.0302067329094848,1.0,0.0,0.0,0.0,0.0,1.0
21,285,4.934208792318573,3.242343116632311,0.0,0.0,0.0,0.0,0.0,1.0
22,285,5.861252917180133,5.029911758643135,0.0,1.0,0.0,0.0,1.0,0.0
23,285,4.548841238568273,11.788852463788308,0.0,0.0,0.0,0.0,1.0,1.0
24,285,0.0,4.613762912902075,0.0,0.0,0.0,1.0,0.0,0.0
25,285,10.662541077299773,12.0,1.0,1.0,0.0,1.0,0.0,0.0
26,285,2.1964565811885444,0.0,0.0,0.0,0.0,1.0,1.0,1.0
27,285,8.807668016432403,4.546907451026793,1.0,0.0,0.0,1.0,1.0,1.0
28,285,12.0,4.603387920705521,0.0,1.0,0.0,1.0,0.0,1.0
29,285,8.004715583586663,10.96189737861635,0.0,0.0,1.0,0.0,0.0,0.0
30,285,0.6113322062922093,8.958336203681332,0.0,0.0,0.0,0.0,1.0,1.0
31,285,3.098082579961807,3.794844701026217,0.0,0.0,0.0,0.0,0.0,1.0
32,285,7.995095311948293,2.568504856686886,0.0,0.0,0.0,1.0,1.0,0.0
33,285,12.0,0.0,0.0,0.0,1.0,1.0,0.0,0.0
34,285,3.823592921715575,9.404195448038047,1.0,1.0,0.0,0.0,0.0,0.0
35,285,2.856383190600992,4.128742417581119,0.0,0.0,1.0,1.0,0.0,0.0
36,285,8.52835105018315,4.12285654082011,0.0,0.0,1.0,0.0,1.0,0.0
37,285,0.1542913432275564,5.578815754358203,0.0,0.0,0.0,0.0,0.0,0.0
38,285,9.754120295172497,3.848616415098433,0.0,0.0,0.0,1.0,1.0,1.0
39,285,2.563628086925343,2.186460528251333,1.0,1.0,1.0,0.0,0.0,0.0
0,290,0.0,0.0,1.0,0.0,0.0,1.0,0.0,0.0
1,290,0.0,10.35258762239647,1.0,1.0,0.0,0.0,1.0,1.0
2,290,2.732141330163901,4.961125665811981,0.0,1.0,1.0,0.0,0.0,0.0
3,290,0.0440530669211541,4.428958933321399,0.0,1.0,0.0,1.0,0.0,0.0
4,290,1.4411805804041975,12.0,0.0,0.0,0.0,0.0,0.0,0.0
5,290,0.0,0.0,1.0,1.0,0.0,0.0,1.0,0.0
6,290,0.0,7.3223945124390895,0.0,1.0,0.0,0.0,1.0,0.0
7,290,5.69026148482885,9.644025322387565,1.0,0.0,1.0,1.0,0.0,0.0
8,290,2.988297997019098,9.458373083633852,0.0,0.0,0.0,0.0,0.0,1.0
9,290,0.1838559666783029,2.411721296687248,0.0,0.0,1.0,1.0,0.0,1.0
10,290,6.039882831293788,0.0,0.0,1.0,0.0,0.0,0.0,1.0
11,290,0.1653940664432427,3.794084557857639,0.0,1.0,0.0,0.0,1.0,1.0
12,290,2.0784824303304426,11.813848987945311,0.0,0.0,1.0,1.0,1.0,0.0
13,290,12.0,8.952851607872208,1.0,1.0,1.0,1.0,1.0,1.0
14,290,3.668247890248636,12.0,0.0,1.0,0.0,0.0,0.0,1.0
15,290,0.0,10.495103321219489,1.0,0.0,1.0,1.0,0.0,0.0
16,290,0.0,5.241781219822232,0.0,0.0,0.0,1.0,0.0,1.0
17,290,8.11173341739961,4.601202397407344,0.0,0.0,1.0,1.0,0.0,0.0
18,290,7.593504856688662,0.0458598646571427,1.0,0.0,1.0,0.0,0.0,1.0
19,290,0.5637243361047607,12.0,1.0,0.0,0.0,1.0,1.0,1.0
20,290,5.218574551998187,1.0539403917127734,1.0,0.0,0.0,0.0,0.0,1.0
21,290,4.900948463204709,3.2163933860639373,0.0,0.0,0.0,0.0,0.0,1.0
22,290,5.853072601188674,4.907786206783358,0.0,1.0,0.0,0.0,1.0,0.0
23,290,4.533552584564721,11.743435769993004,0.0,0.0,0.0,0.0,1.0,1.0
24,290,0.0,4.587224733982339,0.0,0.0,0.0,1.0,0.0,0.0
25,290,10.703698190487694,12.0,1.0,1.0,0.0,1.0,0.0,0.0
26,290,2.089336871929444,0.0,0.0,0.0,0.0,1.0,1.0,1.0
27,290,8.948189302333544,4.484338205404693,1.0,0.0,0.0,1.0,1.0,1.0
28,290,12.0,4.528589713418191,0.0,1.0,0.0,1.0,0.0,1.0
29,290,7.92335909676415,10.947126648099934,0.0,0.0,1.0,0.0,0.0,0.0
30,290,0.5928610974632388,8.93484477667909,0.0,0.0,0.0,0.0,1.0,1.0
31,290,3.0102235499208856,3.768587599407506,0.0,0.0,0.0,0.0,0.0,1.0
32,290,8.09659454376999,2.47537368405328,0.0,0.0,0.0,1.0,1.0,0.0
33,290,12.0,0.0,0.0,0.0,1.0,1.0,0.0,0.0
34,290,3.908696236204949,9.371526327213427,1.0,1.0,0.0,0.0,0.0,0.0
35,290,2.9065270663986302,4.135496392235077,0.0,0.0,1.0,1.0,0.0,0.0
36,290,8.528431983474407,4.117863710453101,0.0,0.0,1.0,0.0,1.0,0.0
37,290,0.1830170302171776,5.564640635974849,0.0,0.0,0.0,0.0,0.0,0.0
38,290,9.626445828487002,3.907776481396114,0.0,0.0,0.0,1.0,1.0,1.0
39,290,2.521798693620842,2.131732318077374,1.0,1.0,1.0,0.0,0.0,0.0
0,295,0.0,0.0,1.0,0.0,0.0,1.0,0.0,0.0
1,295,0.0,10.49127307138376,1.0,1.0,0.0,0.0,1.0,1.0
2,295,2.957826400506964,4.819346876223871,0.0,1.0,1.0,0.0,0.0,0.0
3,295,0.0253209133798626,4.431893642194867,0.0,1.0,0.0,1.0,0.0,0.0
4,295,1.4033912346321686,12.0,0.0,0.0,0.0,0.0,0.0,0.0
5,295,0.0,0.0,1.0,1.0,0.0,0.0,1.0,0.0
6,295,0.0,7.404400930828488,0.0,1.0,0.0,0.0,1.0,0.0
7,295,5.631597879707023,9.597361069983153,1.0,0.0,1.0,1.0,0.0,0.0
8,295,3.0037948167879303,9.4050713672619,0.0,0.0,0.0,0.0,0.0,1.0
9,295,0.1863229725778171,2.408375584958373,0.0,0.0,1.0,1.0,0.0,1.0
10,295,6.041014231679825,0.0010333865097675,0.0,1.0,0.0,0.0,0.0,1.0
11,295,0.1488209142641997,3.7860193578033,0.0,1.0,0.0,0.0,1.0,1.0
12,295,2.1926221980643623,11.805199253034784,0.0,0.0,1.0,1.0,1.0,0.0
13,295,12.0,9.070203646513454,1.0,1.0,1.0,1.0,1.0,1.0
14,295,3.569040444227804,12.0,0.0,1.0,0.0,0.0,0.0,1.0
15,295,0.0,10.55643221076484,1.0,0.0,1.0,1.0,0.0,0.0
16,295,0.0,5.292512049700886,0.0,0.0,0.0,1.0,0.0,1.0
17,295,8.130081054978385,4.571020755573444,0.0,0.0,1.0,1.0,0.0,0.0
18,295,7.649585172556439,0.0,1.0,0.0,1.0,0.0,0.0,1.0
19,295,0.5576113955152147,12.0,1.0,0.0,0.0,1.0,1.0,1.0
20,295,5.276832228720891,1.074223234806879,1.0,0.0,0.0,0.0,0.0,1.0
21,295,4.8742054217835165,3.195308054684947,0.0,0.0,0.0,0.0,0.0,1.0
22,295,5.845557841372891,4.79579623854185,0.0,1.0,0.0,0.0,1.0,0.0
23,295,4.519189567907067,11.698034974938288,0.0,0.0,0.0,0.0,1.0,1.0
24,295,0.0,4.557211274260765,0.0,0.0,0.0,1.0,0.0,0.0
25,295,10.750352567987736,12.0,1.0,1.0,0.0,1.0,0.0,0.0
26,295,1.9723598898849215,0.0,0.0,0.0,0.0,1.0,1.0,1.0
27,295,9.121691009469115,4.409026250634478,1.0,0.0,0.0,1.0,1.0,1.0
28,295,12.0,4.461228834880627,0.0,1.0,0.0,1.0,0.0,1.0
29,295,7.840412500098229,10.92990135319155,0.0,0.0,1.0,0.0,0.0,0.0
30,295,0.5593831596030132,8.8942954413428,0.0,0.0,0.0,0.0,1.0,1.0
31,295,2.91617214422852,3.7401111999940633,0.0,0.0,0.0,0.0,0.0,1.0
32,295,8.183229881560699,2.3952368841941185,0.0,0.0,0.0,1.0,1.0,0.0
33,295,12.0,0.0,0.0,0.0,1.0,1.0,0.0,0.0
34,295,3.999937424989445,9.337063579242113,1.0,1.0,0.0,0.0,0.0,0.0
35,295,2.9544106188334043,4.140608640248183,0.0,0.0,1.0,1.0,0.0,0.0
36,295,8.528527110789076,4.11543895057194,0.0,0.0,1.0,0.0,1.0,0.0
37,295,0.2194960159238778,5.546191462442121,0.0,0.0,0.0,0.0,0.0,0.0
38,295,9.463823845341896,3.9765602533554656,0.0,0.0,0.0,1.0,1.0,1.0
39,295,2.4792494123281266,2.0768007532142283,1.0,1.0,1.0,0.0,0.0,0.0
