id,time,x,y
0,0,4.987578948920545,1.0271744022287486
1,0,5.012927670319619,9.972068759697075
2,0,2.0248838430347615,9.999822996829002
3,0,3.9623267302021477,6.9899778804954655
4,0,5.008939335909497,7.936176925342549
5,0,8.044106464681526,7.034994272169909
6,0,5.028768895270375,1.0334557987643191
7,0,10.015859219395862,3.0703919810313653
8,0,3.9843720789794723,8.045353784278118
9,0,3.0464336769243503,4.010177216821269
10,0,1.0010683711254338,7.060125337498831
11,0,10.030760447035728,0.0035836022959161366
12,0,8.943954433891768,8.000083477012522
13,0,0.06179127015631956,9.994458770676315
14,0,9.964377588957321,9.062711842217274
15,0,4.05884772501463,11.993209078208729
16,0,7.921970485641838,8.031229876029123
17,0,5.953528378495129,6.022222910553117
18,0,11.94742258101437,10.963270926610242
19,0,3.950195653514826,3.024195834056618
0,5,4.965937601101949,1.0711982817392804
1,5,5.024241583787657,9.949947684484702
2,5,2.0574178616322207,10.000363062847116
3,5,3.933768575822359,6.982531036901036
4,5,5.020799601560171,7.865888921723555
5,5,8.088216276111348,7.070681902039854
6,5,5.048793597753625,1.0573032470151598
7,5,10.036444640849421,3.1578387618651895
8,5,3.972228770490555,8.079654840051951
9,5,3.0943834261472665,4.0204612167835245
10,5,0.9996684608257055,7.143372091942051
11,5,10.061550962496705,0.007629678087461731
12,5,8.883935054949621,7.999953968811608
13,5,0.10502224869481397,9.991227318976671
14,5,9.936816960604288,9.11454397305524
15,5,4.101978108396406,11.989684824903689
16,5,7.840329669034158,8.06453295545567
17,5,5.91041013138789,6.041367158784994
18,5,11.876381792248837,10.912242320609671
19,5,3.905216063835019,3.045010859941848
0,10,4.940479057997353,1.124386778153423
1,10,5.025246756350555,9.948119466174173
2,10,2.0716227010483883,10.000974775942598
3,10,3.917794902159697,6.9783327128398485
4,10,5.030913061375343,7.812221832210147
5,10,8.135300078055275,7.109318606121552
6,10,5.07289048702619,1.0855692728185868
7,10,10.06064885785653,3.260374725386076
8,10,3.958165276390319,8.120172427325663
9,10,3.1513611444413008,4.030839985530749
10,10,1.0010298021517066,7.232867971999248
11,10,10.07160250777908,0.009164531958634653
12,10,8.83899118792956,7.998872375225384
13,10,0.16200336485983596,9.98557024962925
14,10,9.90664543087344,9.173355815294132
15,10,4.14380156708774,11.986482886526938
16,10,7.752130827505701,8.09962922354021
17,10,5.869927899443302,6.058117800944975
18,10,11.797001573660324,10.855638153560104
19,10,3.8683395080536975,3.061097791506456
0,15,4.910579804969159,1.185024367370265
1,15,5.024012288466604,9.950419994192728
2,15,2.0838083344807345,10.001736137337668
3,15,3.907955559358943,6.975825608447808
4,15,5.042212705476674,7.75575077141904
5,15,8.187838394441899,7.151114606849294
6,15,5.088746666369117,1.1037697301928644
7,15,10.082041446990761,3.3424600074100885
8,15,3.947124047104998,8.151859924070203
9,15,3.20123385954858,4.040139083754456
10,15,1.0012809230565742,7.3448454040898525
11,15,10.087096043100184,0.011413882421589666
12,15,8.801110483325633,7.998624991925012
13,15,0.2435772409479356,9.978822379920748
14,15,9.878891427304897,9.228056903775663
15,15,4.189930135669771,11.984555780892345
16,15,7.67026400880158,8.13267550540751
17,15,5.834144603525144,6.073146843125409
18,15,11.711798941062616,10.797875583653083
19,15,3.852176709296649,3.0243656246763955
0,20,4.8847554261850625,1.2390148347828522
1,20,5.017843002026678,9.961319663493029
2,20,2.1049956511426706,10.002488312795457
3,20,3.894315666007666,6.972599891726737
4,20,5.051093448284009,7.711860639023633
5,20,8.222756441412168,7.17847248813696
6,20,5.095053862093168,1.1107908529188026
7,20,10.105428816305151,3.428356822084077
8,20,3.9378834491891754,8.17856490710364
9,20,3.227703500882189,4.044699966381351
10,20,1.0001546850893974,7.465399323619578
11,20,10.112003239149637,0.015245908613637692
12,20,8.765703990644203,7.998524349154141
13,20,0.3544595879058844,9.966413598934757
14,20,9.849921593294757,9.284583953570822
15,20,4.248714298755145,11.981080969791545
16,20,7.602836534931435,8.156287082673774
17,20,5.8005950119996195,6.0873993821740795
18,20,11.611301304844321,10.733029314558094
19,20,3.832575306229127,2.981625814010672
0,25,4.859363981860291,1.2926465046244597
1,25,5.010381801141019,9.97414950035132
2,25,2.1241161808880653,10.003135121551985
3,25,3.898808279045525,6.973561505366478
4,25,5.058523024108265,7.672401793577922
5,25,8.257262856131376,7.2043651478154125
6,25,5.090984784875753,1.105830964084876
7,25,10.125817526665227,3.5106077530431614
8,25,3.9198815351544654,8.232531071849914
9,25,3.265630551081617,4.050910051512549
10,25,0.9995073394871786,7.566287846608069
11,25,10.11858238394545,0.01640217627034185
12,25,8.761907497595791,7.998509932299476
13,25,0.4720564551132821,9.95707185088724
14,25,9.819713016379804,9.349418479833425
15,25,4.312637731775224,11.977375017612546
16,25,7.5502475718272235,8.174401518613676
17,25,5.747958946482843,6.108973613012774
18,25,11.508827223366403,10.669405663295413
19,25,3.813929534189699,2.9406157156084114
0,30,4.831098801642765,1.352279875560723
1,30,5.011974889170859,9.971400168559889
2,30,2.1299181849402338,10.003449330387806
3,30,3.905147759205888,6.975245218308424
4,30,5.06718939829902,7.629923844005963
5,30,8.30131572389084,7.237095426318929
6,30,5.079235824473906,1.0910354695371407
7,30,10.14387543053136,3.585134716390748
8,30,3.900387332846174,8.295015480085189
9,30,3.3073189281396655,4.057542449396313
10,30,1.101499006635271,7.566775690111769
11,30,10.098107817016318,0.013103930619825765
12,30,8.72007159503707,7.9974260645048965
13,30,0.5844169364888221,9.946826338419571
14,30,9.789273489493635,9.413341753505604
15,30,4.358946170255369,11.97395483337115
16,30,7.491467741081961,8.192269023586057
17,30,5.691400901789103,6.133019225825926
18,30,11.403425600411179,10.602905599878692
19,30,3.7945985516921787,2.8983811059606284
0,35,4.776938868109247,1.3282326328269072
1,35,5.006069863201662,9.981221106004211
2,35,2.1386220622972214,10.003751796535244
3,35,3.8952379303193343,6.972441957981094
4,35,5.080818227178117,7.571769691682086
5,35,8.352657663401924,7.2733587318144055
6,35,5.0655151086775305,1.0730201967699424
7,35,10.167062633620981,3.6821536148927936
8,35,3.883086171787341,8.348968972654252
9,35,3.34225875581873,4.0631527386779425
10,35,1.1683946871030806,7.568726431571809
11,35,10.074050132593744,0.008719493492378608
12,35,8.688333091134506,7.995519743838964
13,35,0.6899405585788508,9.937337497262499
14,35,9.76105701762706,9.471219216004071
15,35,4.410767843176347,11.971242641904874
16,35,7.440409234866153,8.207590933151685
17,35,5.620740660138692,6.160340801876837
18,35,11.3024436868226,10.537963073864592
19,35,3.77076467445882,2.849258082695267
0,40,4.759864077870621,1.3694503602891577
1,40,4.995736477554258,9.99998342989135
2,40,2.146376463962441,10.00415358047883
3,40,3.874620199508866,6.966575292800633
4,40,5.100700045046382,7.480627084544906
5,40,8.407833417468314,7.311868905280613
6,40,5.051434065865981,1.0561554985505635
7,40,10.268614987375933,3.65787734706434
8,40,3.86660495699115,8.41138341699224
9,40,3.3757016350781583,4.068995654335289
10,40,1.2410815713369905,7.571697241776598
11,40,10.03551761932463,0.0015137611841371862
12,40,8.641114316825531,7.992236494531266
13,40,0.7997403635304833,9.929189510935297
14,40,9.733311772818025,9.53131799354092
15,40,4.4526175462187885,11.969004119787796
16,40,7.391966745379978,8.222954378651762
17,40,5.529836309232241,6.196487981745339
18,40,11.213061563776684,10.47958692727833
19,40,3.742676603035062,2.793286780524066
0,45,4.736703495223679,1.4242736873538122
1,45,4.983269830490833,10.023070448263809
2,45,2.1742135024241467,10.005274635749812
3,45,3.884171157505072,6.928551413847347
4,45,5.116989389544427,7.403443517866633
5,45,8.461466980138988,7.349259884198567
6,45,5.044282316846028,1.0477030364612832
7,45,10.391186212526636,3.6288537989930285
8,45,3.853968541824589,8.455625061336278
9,45,3.3990108190511643,4.073001530449282
10,45,1.3072719628485348,7.5723019590256335
11,45,9.993182768173511,0
12,45,8.573129286652325,7.989428976308433
13,45,0.942157045118546,9.916743003140525
14,45,9.70416788116925,9.602725950685972
15,45,4.4910923117010055,11.967072522957245
16,45,7.338473392127176,8.23920387005258
17,45,5.467774284884369,6.223696882453988
18,45,11.120573254490605,10.419794896253277
19,45,3.7127243112386332,2.73186218296088
0,50,4.716731994693443,1.4736412378868509
1,50,4.969548999770695,10.048475738257183
2,50,2.2103304156723063,10.007060345014626
3,50,3.8950186398830806,6.880507433534513
4,50,5.136315185242038,7.321356685159907
5,50,8.521604567426495,7.390019308255698
6,50,5.044381727158605,1.0478193388742953
7,50,10.5257098154832,3.5959440967592835
8,50,3.8438695129945306,8.491296503921872
9,50,3.3846652103943278,4.070576295422581
10,50,1.380288745201905,7.575149812354572
11,50,9.954728818545911,0
12,50,8.522189502365281,7.987693466520234
13,50,1.0970304262507982,9.90476118449891
14,50,9.66730746359929,9.689951982867552
15,50,4.545722694930988,11.962388735973288
16,50,7.283601826413006,8.25476631359468
17,50,5.3753362836422065,6.268076194199489
18,50,11.011497445845734,10.350490168918874
19,50,3.682372026986251,2.668143435978907
0,55,4.711145352847802,1.4869837774220127
1,55,4.956697886209703,10.073390565161377
2,55,2.2561327036441363,10.00925472817639
3,55,3.908735296249482,6.824288565826354
4,55,5.154966146060165,7.233756451248574
5,55,8.57548187369222,7.426279518198895
6,55,5.0508215800749845,1.055956141658434
7,55,10.678213429557397,3.5613431402335314
8,55,3.8419498642837495,8.497226800750177
9,55,3.3718090365652147,4.068417800784584
10,55,1.4497198328181218,7.577201989199436
11,55,9.889717328029615,0
12,55,8.478747120247014,7.986516916199685
13,55,1.2515079353233571,9.893902374547292
14,55,9.625070634741446,9.790375692925712
15,55,4.591550342663594,11.958217703151774
16,55,7.227530783647433,8.269972840022136
17,55,5.2900689076430325,6.308247090895291
18,55,10.90233217193039,10.281065353707662
19,55,3.654369848865247,2.6099013204886314
0,60,4.702253943033592,1.5087199982612454
1,60,4.940167077532123,10.105278193374733
2,60,2.3207758035243002,10.009318791596353
3,60,3.9196164611729873,6.778241040562736
4,60,5.171740168618062,7.163794861260207
5,60,8.635282209983977,7.465937907762388
6,60,5.052290574052704,1.057855148753259
7,60,10.807603399254031,3.5333675873964285
8,60,3.8401342202062727,8.503124620355734
9,60,3.3837032231458917,4.070503618503305
10,60,1.5183590927161092,7.579459217888449
11,60,9.82504318255909,0
12,60,8.441770067348942,7.98606091947841
13,60,1.4221588766840685,9.88358011876643
14,60,9.592506528928164,9.879650055047954
15,60,4.624348276394408,11.955628601620306
16,60,7.191433748522025,8.279842103853397
17,60,5.229495704693442,6.337160126144531
18,60,10.820573502817041,10.226963551346312
19,60,3.6267491021698546,2.5508319500356307
0,65,4.695551034385562,1.5257592119948336
1,65,4.918521512600678,10.15069983088598
2,65,2.3747939459499836,10.010307819751105
3,65,3.941562450853472,6.698665445514868
4,65,5.187879836613841,7.101464026253054
5,65,8.67060967197718,7.4886182893693665
6,65,5.050985672045457,1.0561050607806992
7,65,10.953123826743054,3.50131201515583
8,65,3.835485555134987,8.51801240858774
9,65,3.3880849700053135,4.0713061552179015
10,65,1.595330220030625,7.583361192740985
11,65,9.761076691410816,0
12,65,8.405497534944537,7.984671292536014
13,65,1.5954204690348932,9.875222272065258
14,65,9.557526228803171,9.970073994948889
15,65,4.622477231287245,11.955746647253955
16,65,7.128392042689754,8.297844683320063
17,65,5.160731270762385,6.372398047165847
18,65,10.739147393428368,10.1703593103759
19,65,3.6021801083079787,2.500156355604243
0,70,4.69384994781121,1.530079721210248
1,70,4.8920222062316965,10.204520122467015
2,70,2.422329329712215,10.010902506915361
3,70,3.9575373610169606,6.637233258919989
4,70,5.20877328420248,7.028425398993418
5,70,8.710821986983987,7.512595080255257
6,70,5.05611669294059,1.0628505516947067
7,70,11.086444123704297,3.470666386242727
8,70,3.82327826884783,8.55483874775091
9,70,3.3777414258350977,4.0695724670955515
10,70,1.6894865991139822,7.587693248231714
11,70,9.723919580672918,0
12,70,8.378712292432194,7.98309112052912
13,70,1.768254874568796,9.867426136330838
14,70,9.526939282625152,10.056774619890117
15,70,4.610806103909741,11.956363402392757
16,70,7.078672877752153,8.312093090851963
17,70,5.080974904187066,6.411913155207409
18,70,10.650049303004927,10.109841481144265
19,70,3.58460842368013,2.4637095771965716
0,75,4.699829766450175,1.514723049744786
1,75,4.872375850085615,10.24458140586633
2,75,2.470941551978405,10.012197448019332
3,75,3.9689815722982815,6.5890276621601185
4,75,5.234368528757259,6.943734988931098
5,75,8.761498277343192,7.541342293647473
6,75,5.0576639303796025,1.0648461894053494
7,75,11.213235527990394,3.4402413660258295
8,75,3.8087146013916677,8.60039671650554
9,75,3.3537927590293384,4.065556582466516
10,75,1.7756863985346296,7.590956872375779
11,75,9.715196167043475,0
12,75,8.36208631763587,7.982262354196238
13,75,1.9223217897968223,9.861085307169729
14,75,9.491555132439517,10.14774690987531
15,75,4.601985492794465,11.956739347583259
16,75,7.022738944564672,8.32908595263867
17,75,5.033559523469908,6.435851954956115
18,75,10.543007083543998,10.035922850834678
19,75,3.573667668607119,2.4424612879697607
0,80,4.711473479977658,1.5195424691087829
1,80,4.849677126113761,10.29000212295282
2,80,2.5177673570938706,10.01307960328699
3,80,3.981667166981663,6.535042889644066
4,80,5.253517867525772,6.880103003194482
5,80,8.839871731800141,7.582948143942199
6,80,5.063839504879903,1.072444477368436
7,80,11.335062692919067,3.410442336391313
8,80,3.7976864996170336,8.637123945828732
9,80,3.3274949069304407,4.061848426112684
10,80,1.86240958161714,7.596207399073511
11,80,9.700829161081849,0
12,80,8.317688406789701,7.9808064732975765
13,80,2.07209625683985,9.857376623188912
14,80,9.45625733706951,10.254419434855663
15,80,4.597572130384435,11.956907393771305
16,80,6.959611014141376,8.349011962517187
17,80,5.005923972416098,6.4513065685083
18,80,10.41019805384972,9.939898802813797
19,80,3.563140252829752,2.4214573321085138
0,85,4.746754548667157,1.5350679707176043
1,85,4.829359023048443,10.329482128422406
2,85,2.597960663158563,10.014175776147782
3,85,3.996104999690395,6.480291911750066
4,85,5.270109615615634,6.825561232455565
5,85,8.902351135995673,7.6163004917902715
6,85,5.074143502498072,1.0845621727296524
7,85,11.464822116853059,3.380136291592441
8,85,3.780387561143872,8.69153121368792
9,85,3.296448592806565,4.057775259322338
10,85,1.8550465410698287,7.683597149633381
11,85,9.679022120902381,0
12,85,8.27695857908817,7.978821471838686
13,85,2.236258874588979,9.851433529670063
14,85,9.425351721334595,10.354908277503155
15,85,4.598858651251346,11.95691347607935
16,85,6.9143429371562535,8.363615933720315
17,85,4.968416786074197,6.472789622343815
18,85,10.295616835616254,9.857477619129396
19,85,3.5564458967852377,2.4085132161302347
0,90,4.800942819335554,1.5579765425522176
1,90,4.806264270458066,10.3753400054176
2,90,2.660893149473998,10.014680934241914
3,90,4.014101670510546,6.408194914479392
4,90,5.292403284120828,6.752773400744367
5,90,8.976798393964723,7.658089775767965
6,90,5.076557004556944,1.0873816870103745
7,90,11.579202259927486,3.3525749448964155
8,90,3.763109316732258,8.748636125227149
9,90,3.241321809357341,4.050028230884835
10,90,1.8468367422903507,7.782297368205701
11,90,9.650010974725836,0
12,90,8.220086337113099,7.976875353088508
13,90,2.3899785913306197,9.847347900167765
14,90,9.393973617750882,10.456860773154519
15,90,4.608514082576447,11.957046972885216
16,90,6.868782801440446,8.377416004303402
17,90,4.940027185004958,6.487871818230582
18,90,10.186016573199039,9.777021945463751
19,90,3.5511364605603624,2.397355011974331
0,95,4.842175058550678,1.5774990395509494
1,95,4.7854162262122175,10.415822657292322
2,95,2.699681935034537,10.014432641353173
3,95,4.032751436656334,6.334240505843424
4,95,5.309647185674718,6.697990847492038
5,95,9.061334585725433,7.70343695646052
6,95,5.0736021556345134,1.0838238308772419
7,95,11.70599846485099,3.3191690836910075
8,95,3.742398757718656,8.814312300204772
9,95,3.2003994838692695,4.044606387222016
10,95,1.8414640272079912,7.862304950565477
11,95,9.630413931617928,0
12,95,8.163275078242023,7.972942837094955
13,95,2.555526865968806,9.845719283668853
14,95,9.364103222913522,10.55542343807843
15,95,4.621468017191766,11.957323400754227
16,95,6.842715908563192,8.38493195977667
17,95,4.907476326317142,6.504873181595351
18,95,10.088379025898758,9.705943099009604
19,95,3.5412166129002345,2.3771210741313147
0,100,4.893860736216461,1.600869146266568
1,100,4.757921403277208,10.47061671286425
2,100,2.73520977523389,10.01393765426674
3,100,4.054391699185435,6.242213069960396
4,100,5.332342231458407,6.621618688040636
5,100,9.137224357133029,7.744756882477443
6,100,5.068681147851922,1.0780362711186526
7,100,11.820615305456156,3.2886330985984626
8,100,3.727720333162323,8.86133040031484
9,100,3.1561097975739107,4.038245228860325
10,100,1.833874839898701,7.968744804427209
11,100,9.607897705950833,0
12,100,8.116973441194709,7.971890372102649
13,100,2.709342453495366,9.840442343339046
14,100,9.336287641338634,10.64156841732711
15,100,4.645973525181237,11.958202812489388
16,100,6.830501434841401,8.388102826308158
17,100,4.853485758265424,6.532999154272461
18,100,10.00371450105498,9.642238040524184
19,100,3.5292224530635306,2.352859633271927
0,105,4.968876060148491,1.6374696582354864
1,105,4.728636608619788,10.530150778978395
2,105,2.797421509749199,10.013567036888436
3,105,3.952745486107113,6.2178792140871035
4,105,5.359113465386239,6.523506573452445
5,105,9.224348347492603,7.790868465506173
6,105,5.063852486125482,1.0721113487550638
7,105,11.942116346256736,3.256800796614857
8,105,3.716299839589853,8.901135521808765
9,105,3.108604766192565,4.031946866316005
10,105,1.828749188044952,8.073786986984686
11,105,9.55794771762037,0
12,105,8.089855114949195,7.971315842933985
13,105,2.8818946379631862,9.835894375016027
14,105,9.307073294253353,10.722338519504447
15,105,4.661425733071793,11.958443605268183
16,105,6.79973975686027,8.397062918513456
17,105,4.795171689128502,6.564373987253546
18,105,9.92122834528238,9.579158411423546
19,105,3.516993490590209,2.323564313007333
0,110,5.047997649169916,1.6754320291211267
1,110,4.697114739735238,10.595044092952762
2,110,2.8614266261075145,10.01620774070788
3,110,3.853909012749385,6.194155244473333
4,110,5.389178275444748,6.409843722808838
5,110,9.316124625230382,7.8393894332825935
6,110,5.083699876769723,1.0972328254768067
7,110,12,3.223971068621236
8,110,3.6951021336100625,8.969394318219104
9,110,3.029789064540129,4.021635027464486
10,110,1.822077904952219,8.18312348840745
11,110,9.506735469077906,0
12,110,8.057699351489532,7.972167714297116
13,110,3.0720133231981857,9.829324436423368
14,110,9.276983474532267,10.806041462631878
15,110,4.6906608435466755,11.959202209418892
16,110,6.766354620796258,8.406596269025352
17,110,4.7306442350862525,6.599663427440945
18,110,9.823755083191752,9.508765914123408
19,110,3.5103638714552083,2.3079531935883972
0,115,5.127141858199795,1.7133410998088934
1,115,4.658647505322235,10.674557691482816
2,115,2.918125475780421,10.019999919709837
3,115,3.7594729248413277,6.1726302601309415
4,115,5.4260281432782715,6.267757459360811
5,115,9.405435933148217,7.887714939661213
6,115,5.104175031520548,1.123563384265033
7,115,12,3.18608090168773
8,115,3.6810142485034953,9.014928474981346
9,115,2.946775492284175,4.010425826113892
10,115,1.81697419753464,8.293304485549289
11,115,9.425593312495003,0
12,115,8.027132296794337,7.973010491456728
13,115,3.2717111294517562,9.820659872279593
14,115,9.253043406520991,10.875544630527921
15,115,4.720544006437812,11.960336425720156
16,115,6.738182843384259,8.41453545337343
17,115,4.657581448318916,6.637554109446477
18,115,9.703827391992844,9.42306245256221
19,115,3.5004654136373916,2.2841322668741975
0,120,5.205598987462107,1.7490514355511981
1,120,4.624911860479452,10.745511981394083
2,120,2.983294353766939,10.024971944447804
3,120,3.6697887520502483,6.150705132902813
4,120,5.4612720363474905,6.128868875163934
5,120,9.513174269342898,7.947508592214262
6,120,5.132583152004751,1.1611633907207617
7,120,12,3.142227583362575
8,120,3.661308641707347,9.08173022070712
9,120,2.8383746380006,3.9948359368814783
10,120,1.8145136677690596,8.39009048520991
11,120,9.311263250142364,0
12,120,7.986779109714208,7.973878924559585
13,120,3.258845476607059,9.626784862871443
14,120,9.237445822729468,10.925159682601205
15,120,4.749498454396733,11.96149165971235
16,120,6.726632814762511,8.418283202975731
17,120,4.5882779928403385,6.675175690915352
18,120,9.583089342924884,9.339387845210878
19,120,3.4870168050623556,2.2531870733712047
0,125,5.267058730243009,1.7773506156508483
1,125,4.596270973360787,10.809489494741221
2,125,3.065013336850272,10.030742841581763
3,125,3.559955123229837,6.1221032784274465
4,125,5.497574588573992,5.989926063478809
5,125,9.626930906709084,8.007666877114936
6,125,5.161133006261873,1.1973958503430755
7,125,12,3.094145450678544
8,125,3.6318743595946095,9.168283371800909
9,125,2.7363902914005402,3.980807831151727
10,125,1.812173783546532,8.476700047656335
11,125,9.179645046876882,0
12,125,7.953107346463131,7.9752115632769
13,125,3.2390518830201414,9.416706497123199
14,125,9.222797851841129,10.967576598462074
15,125,4.774395942970092,11.962627511834988
16,125,6.730939616409737,8.417009081962215
17,125,4.5150803869043115,6.715070421250914
18,125,9.462287840186793,9.254154212523998
19,125,3.4757968541980153,2.227300993578956
0,130,5.326316256075691,1.8045232524078192
1,130,4.568512750865376,10.872093327952994
2,130,3.1618381499841033,10.0390980985446
3,130,3.4444509337177203,6.092393904520736
4,130,5.523530024289667,5.864346523333799
5,130,9.744615650839501,8.068444184253012
6,130,5.186127559734891,1.227632799500562
7,130,12,3.049245374371426
8,130,3.6047305526957776,9.247885134810103
9,130,2.617575355596652,3.9688461455728166
10,130,1.8094853875548365,8.556285360972257
11,130,9.050199658834494,0
12,130,7.88922611549688,7.979998004795516
13,130,3.039195332374417,9.436555131512632
14,130,9.204344311309749,11.020167835703175
15,130,4.789838606887538,11.963277947169631
16,130,6.732695774447602,8.416483764448287
17,130,4.446361194263542,6.753562324380427
18,130,9.349045302825198,9.178138763333429
19,130,3.4554006842734393,2.180720757379091
0,135,5.377703458094951,1.8259836513151961
1,135,4.543390757578237,10.931918474456408
2,135,3.269133303629713,10.047782949990024
3,135,3.320718658482358,6.0628958095243695
4,135,5.54597337463855,5.745671207664851
5,135,9.865219438856316,8.125212929765157
6,135,5.2115954686702555,1.2587126910208246
7,135,12,2.996996994269637
8,135,3.578760101283705,9.320400148966375
9,135,2.5132431139289664,3.9574303511281035
10,135,1.8076151158417624,8.657365669709918
11,135,8.909125410744348,0
12,135,7.822683447360206,7.9866367773958755
13,135,2.8252303359671727,9.460461649742943
14,135,9.181158831852214,11.085522858886911
15,135,4.7860559944846965,11.963049558944768
16,135,6.754159395255519,8.410181552876814
17,135,4.371274981140388,6.795806144581103
18,135,9.231981885442188,9.103948287970468
19,135,3.4498963524928272,2.169098590577329
0,140,5.429799849977949,1.8461489738747552
1,140,4.517342980195768,10.999541512527953
2,140,3.3633832487825157,10.055345203130207
3,140,3.2127702674403986,6.036017670376453
4,140,5.566176576087594,5.6429665577972035
5,140,9.995521779664529,8.182243541824091
6,140,5.22738991317372,1.2784797829055332
7,140,12,2.948210334953753
8,140,3.5580184652164304,9.379691183224354
9,140,2.4151943414062815,3.9473743566778174
10,140,1.8066629853035165,8.742402482198637
11,140,8.75761252965015,0
12,140,7.749200582865637,7.993630626550934
13,140,2.6195021809364243,9.48141639449661
14,140,9.156213944123124,11.16161633067616
15,140,4.783953502227484,11.962912644176098
16,140,6.792634875641226,8.398880237348006
17,140,4.296846944704244,6.840211423487969
18,140,9.110092638722506,9.036953558067706
19,140,3.4503602075814612,2.1700250761690327
0,145,5.497183976447861,1.8729321555280394
1,145,4.48261077772861,11.090278503611183
2,145,3.456145823317237,10.063385595829335
3,145,3.128048031397041,6.0129031446790675
4,145,5.580664999532674,5.553093393032852
5,145,10.141835328943323,8.248654323097565
6,145,5.253929846614409,1.3125610192381671
7,145,12,2.8920033329467536
8,145,3.541253497444062,9.425226520187701
9,145,2.3379186465548676,3.9399998561942415
10,145,1.8044825455805737,8.826820807853633
11,145,8.590912893217434,0
12,145,7.686470296480647,7.999969818336327
13,145,2.4085813594835153,9.507441173959066
14,145,9.129358617922033,11.243716007371978
15,145,4.782061244281893,11.962816277743974
16,145,6.83350511946238,8.388080049507435
17,145,4.22168179877302,6.885929862260159
18,145,8.986873132341433,8.96541476048339
19,145,3.457227560318067,2.1841193377961012
0,150,5.577699513643592,1.9051499382035357
1,150,4.451710262317409,11.175923002108979
2,150,3.534623510109814,10.072231068137274
3,150,3.030746405386769,5.9891177264986775
4,150,5.5967820634479,5.472417996336664
5,150,10.270345934578025,8.30900938665813
6,150,5.26465066771191,1.3252539147381492
7,150,12,2.8431526937407656
8,150,3.523333040274863,9.476050392147208
9,150,2.2564699755012696,3.9340699074568546
10,150,1.8016029050220184,8.918582590436337
11,150,8.448616135648606,0
12,150,7.6379965479772975,8.005383551205078
13,150,2.2005153037736114,9.531392551855145
14,150,9.105137480861574,11.31697004179418
15,150,4.771311229883568,11.962168961345506
16,150,6.882609460723375,8.376978974918632
17,150,4.156942090674157,6.926888491780146
18,150,8.852773989373915,8.884452183653742
19,150,3.4556342639914375,2.1808820787636867
0,155,5.644867170483189,1.9299980421065888
1,155,4.408941912597054,11.287153572873166
2,155,3.6020510658144875,10.080390424818265
3,155,2.9177347694270317,5.960951928875521
4,155,5.609668515212747,5.408665557805053
5,155,10.38086227514134,8.360659919889493
6,155,5.275716247508949,1.3160611728400478
7,155,12,2.798957859770888
8,155,3.504391356543624,9.530260515886848
9,155,2.193760309257921,3.930293646222974
10,155,1.798881024110978,9.038405461319732
11,155,8.331612792557262,0
12,155,7.587654923530179,8.008937976312474
13,155,1.9927344397709068,9.555190246609957
14,155,9.07170470767796,11.414633437790954
15,155,4.742479706523299,11.960169755697622
16,155,6.922646195952439,8.366372725388574
17,155,4.10439021060987,6.9592429525531685
18,155,8.725204278249405,8.808949036939682
19,155,3.447159852647321,2.163475213069321
0,160,5.698354630382388,1.9499031753261444
1,160,4.361131774568333,11.419693677152198
2,160,3.638089593318714,10.084329781720893
3,160,2.8022161944684862,5.928438693763025
4,160,5.619958100783826,5.357225699763866
5,160,10.483238527039331,8.409085694294252
6,160,5.306201982426612,1.291702946340941
7,160,12,2.7499808983390093
8,160,3.482754389464915,9.589543009532942
9,160,2.1369189425349395,3.926456479346525
10,160,1.7943029362726268,9.16452510622682
11,160,8.208764478542898,0
12,160,7.532398742312543,8.01342763751793
13,160,1.7818398371106228,9.579709689938458
14,160,9.041703015080982,11.50063300751759
15,160,4.7156587235566505,11.958428121154425
16,160,6.962761866454026,8.355721655462409
17,160,4.054669313513922,6.988339450998674
18,160,8.606092419949972,8.738758012207342
19,160,3.4397979112857535,2.1479928933609265
0,165,5.745005639885577,1.9660022872816842
1,165,4.306053172465924,11.570777780700459
2,165,3.6574287973681407,10.086110337305668
3,165,2.66788086835893,5.890611642637565
4,165,5.627269478160084,5.3184609660323
5,165,10.597447562833452,8.463248108572472
6,165,5.319221700173178,1.2809539974481108
7,165,12,2.7038653583766137
8,165,3.4581843075357668,9.658710488396553
9,165,2.0582675603016156,3.9202377366153995
10,165,1.7882167001666605,9.266007444307274
11,165,8.115222742679334,0
12,165,7.461468734804852,8.020236205712802
13,165,1.579196715631886,9.604464784034255
14,165,9.013042180261653,11.581678094339038
15,165,4.6866040020234445,11.956867885510595
16,165,6.997357604928428,8.34599300771668
17,165,4.009778962468122,7.014550149129518
18,165,8.49520771791873,8.669012259175773
19,165,3.426741628121389,2.1173633491425314
0,170,5.818128850909111,1.9913978119557225
1,170,4.25022450963501,11.718628983650381
2,170,3.7023609311912202,10.09016724526665
3,170,2.551061267569449,5.85696736907773
4,170,5.6385454357797675,5.264033758983817
5,170,10.724626166543608,8.52065784580192
6,170,5.349690418312167,1.2559781357190372
7,170,12,2.6572985710484867
8,170,3.433412803401457,9.728271900942058
9,170,1.9552361429717167,3.9136885060682025
10,170,1.780979908695282,9.392299606636875
11,170,8.033171359106007,0
12,170,7.381064480675096,8.028731813151776
13,170,1.3664258863243963,9.63758725895535
14,170,8.98654856200814,11.648761128332673
15,170,4.656668049336392,11.955012128272491
16,170,7.024415808115021,8.337882044420574
17,170,3.940269324845254,7.056555961570107
18,170,8.371891642505696,8.59305489770409
19,170,3.409070602861667,2.074828727979805
0,175,5.879997934017234,2.012538914371154
1,175,4.185778726777498,11.884054320000692
2,175,3.7438376253636774,10.09419181220717
3,175,2.441517001370981,5.826372157781757
4,175,5.64356313055332,5.239649617800298
5,175,10.863101462793407,8.582625470440565
6,175,5.379183779854456,1.2304798110007205
7,175,12,2.6140163746695304
8,175,3.4093517354506018,9.796999496622478
9,175,1.8626834037011752,3.90710721505464
10,175,1.7728427712350636,9.514821796057719
11,175,7.9377791600521075,0
12,175,7.286766143251968,8.038814250051544
13,175,1.147538391981113,9.672520237922727
14,175,8.965652164719756,11.701174147027887
15,175,4.6401965918139405,11.954188100147757
16,175,7.063888914369103,8.325741914043824
17,175,3.8794443169777435,7.0932494919575415
18,175,8.236259876834314,8.509692128645161
19,175,3.400880274992368,2.0548915466165094
0,180,5.9476631270158435,2.0376693489715167
1,180,4.113964620328799,12
2,180,3.7770393841907586,10.097015190364889
3,180,2.327256932349471,5.795252685178698
4,180,5.646196182817005,5.228081029624224
5,180,11.013398619311209,8.653802581543932
6,180,5.430731979328377,1.1873663724658952
7,180,12,2.569312527353954
8,180,3.3851082248280746,9.863923424631519
9,180,1.772174672691444,3.9005675463363305
10,180,1.7634721743011237,9.619369807720972
11,180,7.845709217160329,0
12,180,7.201665418176053,8.046891223413029
13,180,0.9411313611673033,9.702361623574486
14,180,8.946512294471365,11.752031900137684
15,180,4.619237678722815,11.953492806866565
16,180,7.121612331537428,8.308720147424934
17,180,3.8220152440170185,7.131553776076344
18,180,8.123610289179474,8.435294049225625
19,180,3.3966552372340963,2.0457162796635746
0,185,6.009300336972191,2.061219751480306
1,185,4.0431291812519925,12
2,185,3.8183157130354948,10.10142011403484
3,185,2.2020200874893603,5.758044135354761
4,185,5.65356533615383,5.195034708479785
5,185,11.153421515583867,8.717074106486931
6,185,5.456258290718101,1.165771520406891
7,185,12,2.5334767203110364
8,185,3.3670508130266366,9.912973597697794
9,185,1.6804943406123105,3.8953125639440125
10,185,1.754215655869872,9.710848913818865
11,185,7.746604801918835,0
12,185,7.125119661907157,8.05622900660964
13,185,0.7482846618084781,9.734085731772256
14,185,8.9183304850269,11.826257412816153
15,185,4.6066483060652255,11.95350431172752
16,185,7.203891762748507,8.283233364753812
17,185,3.7738571890171344,7.1650352698303506
18,185,8.018626431804508,8.369046174515628
19,185,3.3934974624059264,2.0388444617534285
0,190,6.056098035157071,2.079953103019018
1,190,3.9753128187828644,12
2,190,3.831475890857846,10.10284117684852
3,190,2.076944119159569,5.721874477243273
4,190,5.663114068376149,5.142852830556159
5,190,11.296418151659646,8.779784595302223
6,190,5.481987531638032,1.1450877958977768
7,190,12,2.4967052190895203
8,190,3.3488462937158934,9.961710872872851
9,190,1.584541986573309,3.892333550734736
10,190,1.7439661217344358,9.829755430749175
11,190,7.646104836797853,0
12,190,7.038456544942932,8.06644061285588
13,190,0.5666041368479973,9.763761001141736
14,190,8.887392079794555,11.911501593501102
15,190,4.6053117972039805,11.953494905795258
16,190,7.287900289140339,8.256978004597238
17,190,3.720106739919573,7.201313885019933
18,190,7.917880686138303,8.303055559294194
19,190,3.3844271782784356,2.020022952342042
0,195,6.0718052796820015,2.0863432842877563
1,195,3.907876042176997,12
2,195,3.8401714287070585,10.103838877381687
3,195,1.9493946585434543,5.685509019322579
4,195,5.673691091482962,5.075133478540491
5,195,11.422078729148062,8.834526189688562
6,195,5.514898068581478,1.1170771836494617
7,195,12,2.461073436009784
8,195,3.3314258649700457,10.00704365524707
9,195,1.4967021860355847,3.8913786626854336
10,195,1.7312198469289117,9.94493989900643
11,195,7.66674002069783,0
12,195,6.937371175972866,8.077310575372776
13,195,0.35789730551985866,9.800173482769736
14,195,8.849932990131194,12
15,195,4.606771636588113,11.953562074923944
16,195,7.378714181857461,8.227954354593018
17,195,3.6566016205857648,7.24528975548862
18,195,7.829233684182747,8.24047638358325
19,195,3.375738107533465,2.000986544067588
0,200,6.0796517897230435,2.089837054127119
1,200,3.8350420459785606,12
2,200,3.8422186929785376,10.104054824822656
3,200,1.8296302829015083,5.654481193188004
4,200,5.6840598055719935,4.999735466928575
5,200,11.528277443478693,8.881825805866495
6,200,5.5569407662970125,1.0819646442178796
7,200,12,2.427289884335209
8,200,3.315536770257,10.046710809086159
9,200,1.4159196797817497,3.8893504079651997
10,200,1.7184674121761694,10.07300291859813
11,200,7.690958759974805,0
12,200,6.824255325031048,8.090626645731
13,200,0.16043071148400215,9.83904832182935
14,200,8.812898624217082,12
15,200,4.594404277435381,11.952743534362467
16,200,7.4620279241796235,8.200528585733162
17,200,3.5801894828892142,7.2986698738327656
18,200,7.756986451602783,8.19020273429121
19,200,3.3723979836997566,1.9927284025732697
0,205,6.085072045697782,2.092256207511078
1,205,3.7558833843275017,12
2,205,3.830277410855288,10.103040955291025
3,205,1.716145033133519,5.622547007012041
4,205,5.698296724952261,4.920229289012652
5,205,11.580221821599935,8.768165836102174
6,205,5.589054890894764,1.0534002525621373
7,205,12,2.400575192516805
8,205,3.295028874563233,10.099760006266077
9,205,1.342880764349564,3.886167814724915
10,205,1.7063808722177671,10.203488831528217
11,205,7.722211972049364,0
12,205,6.698751427788147,8.107841230090358
13,205,0,9.876864172937317
14,205,8.769866161737035,12
15,205,4.580719215134531,11.95187901095771
16,205,7.562510370715579,8.167794800256537
17,205,3.49243191780359,7.361949442403565
18,205,7.677374756155406,8.133552682760602
19,205,3.3708971016737634,1.9892022177122397
0,210,6.082035913108865,2.090738105401129
1,210,3.6809651558737615,12
2,210,3.800326204465896,10.101376527855804
3,210,1.5896145110707722,5.589977425069363
4,210,5.710629500561581,4.846462897748764
5,210,11.703182563406148,8.821186103137421
6,210,5.637601669049627,1.0116373629563518
7,210,12,2.3740720783781
8,210,3.2789260854020914,10.142723472172733
9,210,1.266184710273009,3.8827029664304
10,210,1.6937386864913357,10.311475196730028
11,210,7.746205729781438,0
12,210,6.581337011165382,8.12460789251569
13,210,0,9.919039064247036
14,210,8.727651151416943,12
15,210,4.560837460448024,11.950950002487506
16,210,7.661659862201706,8.132567500512526
17,210,3.401809443672933,7.4257280362817335
18,210,7.579546430453478,8.063525725987896
19,210,3.3713008714517114,1.9901540608328074
0,215,6.072057219378615,2.0854213268589463
1,215,3.599632904307822,12
2,215,3.750076689744632,10.097417625963041
3,215,1.4726200613406024,5.558251374023527
4,215,5.72222940773189,4.783570597204594
5,215,11.8140313479832,8.869402431459859
6,215,5.669977552621446,0.9836652899016379
7,215,12,2.350429025349808
8,215,3.2714104058028877,10.164805265321457
9,215,1.1740679271900465,3.8761027796994822
10,215,1.6784372099659868,10.424767641247964
11,215,7.7686662327700375,0
12,215,6.470301570824558,8.139671104158511
13,215,0,9.957550578160218
14,215,8.671533469785917,12
15,215,4.53315978147098,11.94916096823938
16,215,7.764955441973301,8.095831988585255
17,215,3.3061761285700673,7.491204249140176
18,215,7.464712001603708,7.977156823860774
19,215,3.375635986159014,2.0008844617215655
0,220,6.0671897459375135,2.09493869884218
1,220,3.5139699014025676,12
2,220,3.6853637515094673,10.093821338565514
3,220,1.362463629327946,5.5269800047536295
4,220,5.734003969074825,4.721456037448412
5,220,11.942892489545264,8.929452982761388
6,220,5.7058656729218615,0.9515694186537617
7,220,12,2.329663521032539
8,220,3.2611808427619255,10.195736774800952
9,220,1.092043849527178,3.870698933438277
10,220,1.666511660453708,10.520970132239102
11,220,7.789641592256177,0
12,220,6.353428980357044,8.15297345531872
13,220,0,9.997177111318551
14,220,8.62941522539469,12
15,220,4.516675046626585,11.947670784161705
16,220,7.884227261322667,8.056748039417485
17,220,3.191146536644549,7.567225063722681
18,220,7.343714481213912,7.89036511067088
19,220,3.3734254735686346,1.9952665519234196
0,225,6.067211111357023,2.0948947230698947
1,225,3.4238412007794228,12
2,225,3.607159871151499,10.090499806902026
3,225,1.245362550222829,5.49539658117196
4,225,5.746291463841223,4.663465079623245
5,225,12,8.994590168148067
6,225,5.755076831299372,0.9061625405279191
7,225,12,2.309266148062311
8,225,3.2470414081796877,10.242129663371143
9,225,1.0149076113161,3.8638068401625882
10,225,1.6571890463952812,10.60711926367217
11,225,7.805550658651623,0
12,225,6.249088122160295,8.168498122982196
13,225,0,10.032671942456412
14,225,8.585255930196452,12
15,225,4.48478424777797,11.944283147111665
16,225,8.015652141116506,8.013545810311065
17,225,3.0919343047915118,7.629618168335222
18,225,7.22059753127743,7.803604048583602
19,225,3.3699003697200816,1.9865492384412584
0,230,6.069538412744718,2.090136450340521
1,230,3.3364908975020726,12
2,230,3.5227017602094293,10.086481212690533
3,230,1.122756440940658,5.461738050550384
4,230,5.75848425926961,4.603879973662078
5,230,12,9.059476056983765
6,230,5.808096154084442,0.8584812796349491
7,230,12,2.2917208583344024
8,230,3.2357511548363034,10.277890446884095
9,230,0.9714452339465534,3.8599861986238286
10,230,1.6494856131891906,10.676261276725544
11,230,7.8194069381645575,0
12,230,6.164466311011963,8.180152981830238
13,230,0,10.068809630288321
14,230,8.541903725119115,12
15,230,4.474323490978942,11.943180941316784
16,230,8.157677723288513,7.96640685138528
17,230,2.991646434573356,7.691669853480314
18,230,7.08958651578524,7.718092835107582
19,230,3.3642891878370866,1.9717387538669269
0,235,6.076941809514217,2.0750694054678056
1,235,3.248997741078277,12
2,235,3.427676705866915,10.0805495721961
3,235,0.970008377459275,5.419524993804019
4,235,5.774620745102834,4.527069395575635
5,235,12,9.139045832184854
6,235,5.857239854095758,0.8153639736657541
7,235,12,2.278359252194577
8,235,3.221401956033169,10.318380098550273
9,235,0.9173678971533336,3.8550981401686184
10,235,1.644157070546296,10.741303584358153
11,235,7.831819213876291,0
12,235,6.072451892701296,8.19121198063131
13,235,0,10.11068177055637
14,235,8.49440915725986,12
15,235,4.465393251504128,11.942275079297278
16,235,8.284786229520895,7.925775451301319
17,235,2.892795028846197,7.753643597740073
18,235,6.963126803669398,7.6320470686504915
19,235,3.35547751299493,1.9481494739223413
0,240,6.076615715560594,2.0757035170278124
1,240,3.1554217589141444,12
2,240,3.334047125335633,10.07580492434163
3,240,0.82849527424357,5.381634517402468
4,240,5.788905855143852,4.4544409174712385
5,240,12,9.21682293213261
6,240,5.903537604909712,0.77290303600062
7,240,12,2.261962863304398
8,240,3.2086636398486936,10.358190390229058
9,240,0.8476159285091609,3.8507178220113087
10,240,1.6382043812757852,10.799694618048244
11,240,7.845448855660287,0
12,240,5.979425685187449,8.204466301435625
13,240,0,10.15807195774871
14,240,8.44799636248129,12
15,240,4.465092001920583,11.942247578742545
16,240,8.422506823315729,7.882772125934766
17,240,2.8076793268225213,7.808129666395038
18,240,6.852905357478937,7.562160331981849
19,240,3.3451647337274526,1.9209680928692008
0,245,6.082782940220167,2.064494183406031
1,245,3.060184695905363,12
2,245,3.2333464261675484,10.07159577283967
3,245,0.6886291315332291,5.3436645492579995
4,245,5.800943226730536,4.381673120642439
5,245,12,9.291280336993436
6,245,5.961262150603746,0.7183567554782516
7,245,12,2.246961870509836
8,245,3.197365975993118,10.393947765839288
9,245,0.7740748187631936,3.8451533223030996
10,245,1.6316044363802604,10.851813571195489
11,245,7.857212416767387,0
12,245,5.919427302357902,8.211680928356445
13,245,0,10.212940345648025
14,245,8.400269896499927,12
15,245,4.461892263406991,11.941997743603029
16,245,8.549588116112563,7.842717480710374
17,245,2.704156778281763,7.870154523428129
18,245,6.757337547806215,7.5011274434131465
19,245,3.3365224359532024,1.898485791094734
0,250,6.088671534638307,2.0539474600899705
1,250,2.9625253446058957,12
2,250,3.1172191122702535,10.0641439845635
3,250,0.5253308414962748,5.308059625778858
4,250,5.813083453337659,4.316517126344665
5,250,12,9.36086048164633
6,250,6.015477026387471,0.6653365916576247
7,250,12,2.2290678940605537
8,250,3.2207872759234304,10.400921681855984
9,250,0.6963024747426387,3.837014252812132
10,250,1.626442819661079,10.901839128029227
11,250,7.869139610148944,0
12,250,5.857308746550476,8.219663284113972
13,250,0,10.266934264324309
14,250,8.35715793811219,12
15,250,4.4469855101868365,11.940417505900804
16,250,8.687333932461913,7.80251642343852
17,250,2.594228951024536,7.93238610134374
18,250,6.6618350134783215,7.44018720178623
19,250,3.3251488220643255,1.8692429932253753
0,255,6.088859491904153,2.0536096389716603
1,255,2.8653973680859033,12
2,255,3.008614655247087,10.05777978094546
3,255,0.3472698431465405,5.268149438471793
4,255,5.824998981546756,4.250794961897596
5,255,12,9.43798292785011
6,255,6.062271331325802,0.6207429872873147
7,255,12,2.2083446111795326
8,255,3.2406209396137564,10.406880876440734
9,255,0.6881371143254589,3.91755056052778
10,255,1.6229086238891215,10.960465638031824
11,255,7.879889755600317,0
12,255,5.785345783325849,8.228313530275617
13,255,0,10.317464653253017
14,255,8.304869064222071,12
15,255,4.438377827361805,11.93965869548959
16,255,8.819235755485384,7.7627058047367585
17,255,2.4780834970400294,7.998934333829981
18,255,6.574315336192676,7.382776470437501
19,255,3.3253312823772467,1.8696999098244418
0,260,6.096763456719294,2.0392522649419322
1,260,2.7571781195095406,12
2,260,2.885252791993257,10.0514603176529
3,260,0.16436865890962052,5.229480444639299
4,260,5.836341570874177,4.189659172211407
5,260,12,9.295453472696684
6,260,6.12210443177721,0.5670076894740096
7,260,12,2.1872621099223792
8,260,3.263820417291874,10.414348877641137
9,260,0.6773644168322894,3.9984467352729047
10,260,1.6200634022971698,11.026623696758604
11,260,7.889186035613575,0
12,260,5.707551590451469,8.242072143158078
13,260,0,10.366172142320961
14,260,8.254645587877226,12
15,260,4.413886431359924,11.937366217738408
16,260,8.863452972408048,7.918880159750443
17,260,2.3763635736468993,8.056845126259901
18,260,6.5004338467113305,7.334145259359087
19,260,3.318631582510685,1.852371597848021
0,265,6.108440189873903,2.018928832685723
1,265,2.6438646260237966,12
2,265,2.774233158483855,10.044773698021901
3,265,0,5.189564824163717
4,265,5.849207534528867,4.125340066735118
5,265,12,9.145531063282805
6,265,6.185484333133775,0.5106549452769353
7,265,12,2.1652638437994463
8,265,3.2839113794423738,10.421064187905607
9,265,0.6636621984678763,4.098411711012549
10,265,1.6184076013406725,11.081381504906075
11,265,7.8986691077275,0
12,265,5.639466326321207,8.254084507231875
13,265,0,10.41917425569241
14,265,8.196940937304094,12
15,265,4.385133749617962,11.935570706105029
16,265,8.91360313695203,8.090132102954188
17,265,2.2866101426289505,8.106645116249844
18,265,6.44711369948008,7.298207698715164
19,265,3.3060465093741005,1.8231708255087749
0,270,6.126535451998408,1.9886132883341254
1,270,2.537840667052907,12
2,270,2.6610016465088195,10.040467030437897
3,270,0,5.149792189100111
4,270,5.861584616599528,4.0604758561802585
5,270,12,9.00955257515009
6,270,6.236106445141076,0.4647294670745828
7,270,12,2.1448548178510207
8,270,3.305220347301224,10.428306831551568
9,270,0.6498560574739871,4.201197885175026
10,270,1.616637337245428,11.148581745297781
11,270,7.84700202004779,0
12,270,5.564205341310259,8.26712631142525
13,270,0,10.475469611613933
14,270,8.14271926654065,12
15,270,4.3496733578590785,11.933086929707299
16,270,8.96783363613308,8.284590316132945
17,270,2.1971753784217776,8.15635136411875
18,270,6.398978246755833,7.266518258346942
19,270,3.292724184955281,1.7929574080846278
0,275,6.14153224684079,1.965467362310834
1,275,2.432989740710927,12
2,275,2.541793780910267,10.038165150209911
3,275,0,5.114594993193247
4,275,5.8687756009890535,4.023825572535609
5,275,12,8.903650802440799
6,275,6.284811666915802,0.4187493979785296
7,275,12,2.1263614158509747
8,275,3.3381930948189313,10.439981116833602
9,275,0.6370970710636376,4.293913653998494
10,275,1.6148891293195657,11.215650416422859
11,275,7.791691383268908,0
12,275,5.4842923854342125,8.28470129519294
13,275,0,10.536241117575855
14,275,8.078977654852276,12
15,275,4.322328393759819,11.931000266104789
16,275,9.024476536252203,8.466366770962882
17,275,2.108740811826906,8.204506772967322
18,275,6.3409241504936515,7.227785122299336
19,275,3.2805787016631953,1.7658755926200922
0,280,6.168901001120078,1.9221083709268185
1,280,2.3126865433538115,12
2,280,2.4282685330240983,10.032355971038669
3,280,0,5.286077971171131
4,280,5.877241821416255,3.9853270262868197
5,280,12,8.791978639838652
6,280,6.327497741203872,0.3773700585740089
7,280,12,2.112080411869965
8,280,3.3633400718657747,10.448918178273695
9,280,0.6218808859274758,4.40562130728041
10,280,1.6144332259828087,11.285190518185626
11,280,7.74962400825458,0
12,280,5.404302239082837,8.303010255288816
13,280,0,10.600338887643263
14,280,8.020805656963855,12
15,280,4.324133796340909,11.898860345683072
16,280,9.079832048426715,8.654652036592587
17,280,2.0321490736184185,8.243676699324977
18,280,6.265324973098852,7.1715609396786
19,280,3.2587107174695236,1.7211634971581
0,285,6.203372567194606,1.8671750689626798
1,285,2.1795569838576077,12
2,285,2.3235975917691776,10.029550959124125
3,285,0,5.455819995199946
4,285,5.879423309938481,3.9759681643740112
5,285,12,8.695448156320296
6,285,6.3852460883838065,0.3216453215278302
7,285,12,2.0981477932424393
8,285,3.3738248343463173,10.45326050687752
9,285,0.6080410620113856,4.528513100010174
10,285,1.6136779208113237,11.347115855120713
11,285,7.728317916475736,0
12,285,5.327800560558576,8.319396092567557
13,285,0,10.664095768263106
14,285,7.961680505162533,12
15,285,4.327523499257633,11.848054201074389
16,285,9.135244203834283,8.852104039248584
17,285,1.9675372781584088,8.277114959284686
18,285,6.181904415783064,7.106980561985964
19,285,3.2327025447631863,1.6718637843021205
0,290,6.229846698335801,1.8255958884131884
1,290,2.054512499680004,12
2,290,2.192142627966651,10.023950374501466
3,290,0,5.620937478478912
4,290,5.883844973803716,3.957068699442229
5,290,12,8.599866309541463
6,290,6.446818042302935,0.2631757516490506
7,290,12,2.0806003387410708
8,290,3.390462777536393,10.460224751696316
9,290,0.5916892607779538,4.685569215495595
10,290,1.612346575202682,11.416608430748862
11,290,7.713096791497746,0
12,290,5.2378829882497655,8.336148174473715
13,290,0,10.731544710641746
14,290,7.902053955818711,12
15,290,4.329090503618149,11.80962090615369
16,290,9.185852748370106,9.046030395217224
17,290,1.9234677101509423,8.298811240823754
18,290,6.098051542077665,7.038686776800158
19,290,3.209724944100095,1.6278660338411268
0,295,6.258197730898702,1.782946781438034
1,295,1.9335868315428204,12
2,295,2.0768483876741524,10.019948842247345
3,295,0,5.781717830310695
4,295,5.8841968127979145,3.9554475423544493
5,295,12,8.515409045110099
6,295,6.529593434967729,0.1817440384322931
7,295,12,2.0585201686135384
8,295,3.389543818295442,10.459855356148996
9,295,0.5694272227468555,4.855283845256808
10,295,1.6118478565578882,11.477394982159085
11,295,7.697921611262064,0
12,295,5.131470297248495,8.35533208326181
13,295,0,10.793509662390434
14,295,7.840727453470204,12
15,295,4.330406821826349,11.771197340186422
16,295,9.227821741982241,9.224870141157453
17,295,1.885601820551666,8.317949063033575
18,295,6.02539499482518,6.980438089353401
19,295,3.185066005965236,1.5759275653975544
