id,time,x,y
0,0,6.050985184845763,11.000683393586
1,0,12,9.065252809774963
2,0,4.016925487882075,12
3,0,2.0066083571128455,9.95196139102855
4,0,0.9364840760446786,4.962863334873036
5,0,8.040271518601322,9.978159241549777
6,0,5.973081219156795,11.071699378898563
7,0,10.036939089741017,8.042379186860662
8,0,7.005516190139836,3.9455805647385964
9,0,6.930922200454756,5.002476042709412
10,0,6.984380315692777,5.049551159720036
11,0,3.014832294198359,1.0688463090238627
12,0,0,9.050366325759914
13,0,8.024692207702408,5.951956534549571
14,0,10.021908933473961,8.035879338369982
15,0,1.0371400367945407,2.9678842629408524
16,0,8.027509934461941,8.922585332186319
17,0,11.002585757419952,11.962927607414791
18,0,11.936405618312158,4.01688573881378
19,0,9.955041300056044,11.953623816370342
0,5,6.095767174235507,11.001237189480321
1,5,12,9.115888424685732
2,5,4.032756595510881,12
3,5,2.015305779585956,9.895051862535544
4,5,0.863704632404688,4.921140473412131
5,5,8.09186346217213,9.948270813773162
6,5,5.946756670253236,11.144098929341617
7,5,10.093953227667859,8.108279833293382
8,5,7.0115683582014485,3.8955074535444947
9,5,6.876415659247321,5.005045296882293
10,5,6.970030651627554,5.097451925925629
11,5,3.027740724516348,1.1316944570611933
12,5,0,9.093931472120744
13,5,8.05558884054749,5.890979569937514
14,5,10.04908229260117,8.080070665653926
15,5,1.0483013909976788,2.9582079808894823
16,5,8.057565238395012,8.83502603723242
17,5,11.005094163207422,11.923997638686076
18,5,11.841796635461717,4.039874643174467
19,5,9.90962720997934,11.904879826994547
0,10,6.119333290323141,11.002140981932547
1,10,12,9.169971288301781
2,10,4.04413279319193,12
3,10,2.02476729159447,9.831507324072371
4,10,0.770061386542406,4.867982595718027
5,10,8.13902837161309,9.920601309137744
6,10,5.882138243055752,11.121047007849715
7,10,10.14503603010166,8.170557384512533
8,10,7.016875942495602,3.8648820341145687
9,10,6.822846299962852,5.006709811958745
10,10,6.947130138697786,5.170744554277711
11,10,3.043098205232184,1.2096829642054174
12,10,0,9.152819254390323
13,10,8.094010617009294,5.814900412923831
14,10,10.069066215131908,8.110780461582376
15,10,1.0462987832922748,2.9598723034477246
16,10,8.085421872285469,8.759782625658486
17,10,11.008553360353444,11.88372842724519
18,10,11.75777706397892,4.062414557490749
19,10,9.844144299666766,11.837968982499534
0,15,6.1147679879500165,11.001981210246322
1,15,12,9.215552290577632
2,15,4.056343692420816,12
3,15,2.033789268893695,9.783340548533241
4,15,0.6554694928306247,4.799779758071825
5,15,8.186434042052104,9.893663471008246
6,15,5.815576825595988,11.097967066223982
7,15,10.196773148109228,8.230035329002845
8,15,7.023540307326268,3.8274809162940824
9,15,6.782051247523796,5.008409853696282
10,15,6.9196269134908865,5.253592007617456
11,15,3.060464039208057,1.3027720441394708
12,15,0,9.21600237561488
13,15,8.133702197241272,5.740665290348005
14,15,10.096751178799886,8.152910767294744
15,15,1.0594022453246712,2.949308149727851
16,15,8.10352229999371,8.709900679975416
17,15,11.011382669544757,11.843352929207773
18,15,11.649239460839071,4.089819071386059
19,15,9.764713631469114,11.758566373554114
0,20,6.128563858362471,11.002485898041416
1,20,12,9.244736498638924
2,20,4.070227043489639,12
3,20,2.0398915678934095,9.749005385079466
4,20,0.5382847717221838,4.729679335228493
5,20,8.225537575752687,9.870417301647075
6,20,5.722309687923022,11.066767261987811
7,20,10.24700308715679,8.287875930141238
8,20,7.0292770314784185,3.784768175190163
9,20,6.739146421500951,5.010530630057389
10,20,6.89290358418209,5.330528410833105
11,20,3.078988235394918,1.3982372241034247
12,20,0,9.27950908455665
13,20,8.198236627425267,5.624918382017535
14,20,10.124886316655227,8.196987118719424
15,20,1.0689725294408976,2.9420105582452942
16,20,8.128066290311736,8.646163299256754
17,20,11.016674808150794,11.795157185844
18,20,11.538466431575326,4.119303200540348
19,20,9.676149958560961,11.66595420601837
0,25,6.133116624910481,11.002549670745296
1,25,12,9.273249688868445
2,25,4.087169452224951,12
3,25,2.0428180134768907,9.731627749819662
4,25,0.410852468111231,4.654136272603293
5,25,8.281956848630875,9.836151744449923
6,25,5.641167762752221,11.039430378941288
7,25,10.298949674304655,8.344186545920554
8,25,7.036974267917211,3.7344815092091985
9,25,6.67961146068154,5.013622678710828
10,25,6.868738548089104,5.403927785794656
11,25,3.0970823215483803,1.4861975418555802
12,25,0,9.34588011388416
13,25,8.27089822729442,5.499334598481802
14,25,10.160164406741762,8.250578740610694
15,25,1.089876435663027,2.9262979848622126
16,25,8.15018092509003,8.585158451301247
17,25,11.022041568952162,11.746360351860325
18,25,11.444539713458939,4.144763017054455
19,25,9.590984223620977,11.579396682987884
0,30,6.142468058119739,11.002910292318392
1,30,12,9.310369928331875
2,30,4.10711335650737,12
3,30,2.0470453557707518,9.708613307086166
4,30,0.26331053060725307,4.569588622946497
5,30,8.355452020886805,9.791856201432074
6,30,5.567242654630912,11.015462752764675
7,30,10.360985655755902,8.41226271208505
8,30,7.042343025838238,3.701470808889432
9,30,6.620546366878227,5.016335124514588
10,30,6.843767274121055,5.475652968292299
11,30,3.119299676590836,1.5804000037091699
12,30,0,9.414786892974112
13,30,8.32955048817786,5.4017721569909165
14,30,10.207998173956078,8.325939795431614
15,30,1.1045288842692484,2.91534432030335
16,30,8.172800573875458,8.524898735944184
17,30,11.027473430050632,11.69813763181554
18,30,11.355835896014325,4.1697758002002985
19,30,9.500372763259614,11.486245860054654
0,35,6.1484495079067605,11.003001863567851
1,35,12,9.36012743195963
2,35,4.126964464135379,12
3,35,2.0531730411599693,9.680225170066441
4,35,0.11032240486720207,4.484791937304572
5,35,8.421439320660086,9.750556357896082
6,35,5.473835759205645,10.983904409159479
7,35,10.423919199276686,8.482845525062398
8,35,7.018303877603532,3.697914464709083
9,35,6.591430181244564,5.017768300590146
10,35,6.813793811039961,5.555566551210952
11,35,3.1390679887336557,1.673750107949741
12,35,0,9.45817595250774
13,35,8.395761597965286,5.289403316878518
14,35,10.248498897549446,8.389176172426126
15,35,1.1188216869957188,2.904710454467282
16,35,8.198840440411304,8.45539334137334
17,35,11.034278725063002,11.631352730093123
18,35,11.284214714174128,4.192177276895332
19,35,9.410089209095869,11.391054655426913
0,40,6.140615009984381,11.00268626907654
1,40,12,9.394352996801892
2,40,4.147680196758269,12
3,40,2.059723765346663,9.6489466917021
4,40,0,4.3962400534671175
5,40,8.486111112927448,9.710324216775925
6,40,5.37106976276869,10.950395609146081
7,40,10.486612399760116,8.551351530824173
8,40,6.986085961601245,3.692635185700232
9,40,6.58258646290586,5.018145362348504
10,40,6.787833623135716,5.628464967286452
11,40,3.163226747238106,1.7984053626424508
12,40,0,9.512020376593565
13,40,8.471019191315774,5.167116371773614
14,40,10.291214929953599,8.45695248449805
15,40,1.1295949263479106,2.896253959821367
16,40,8.223742226594533,8.38672593176081
17,40,11.04397174412615,11.569104379522154
18,40,11.212983897347561,4.215284427752343
19,40,9.321147919844623,11.290168921654644
0,45,6.115256430654609,11.00121937457671
1,45,12,9.423474617555257
2,45,4.163763145507522,12
3,45,2.065925125814099,9.6194650998893
4,45,0,4.308764915463035
5,45,8.550929467139765,9.670502639870737
6,45,5.293880087993472,10.926572886044964
7,45,10.55376290236645,8.62415690054882
8,45,6.986079638071666,3.6926341949293464
9,45,6.573447557899865,5.01852818351942
10,45,6.758076776533686,5.716430731381639
11,45,3.1892215962981507,1.9235785819873974
12,45,0,9.56295526291875
13,45,8.541571493010345,5.041546966087729
14,45,10.34220181625662,8.536056217800748
15,45,1.1547725397708393,2.8765106026091076
16,45,8.247957838886945,8.325824586742467
17,45,11.057370746421393,11.496159763278918
18,45,11.135815390282232,4.240659041584375
19,45,9.226446096740133,11.18159797740813
0,50,6.103174296259391,11.0002404086932
1,50,12,9.468993932825649
2,50,4.180379477470903,12
3,50,2.070912003085819,9.595912483104936
4,50,0,4.216229325683809
5,50,8.617979205152183,9.62959249309857
6,50,5.210609722778631,10.89996830068315
7,50,10.62788615689419,8.703345803065373
8,50,7.000253816743737,3.6946577039045465
9,50,6.555971715590961,5.018345553675669
10,50,6.730551836394667,5.796060537231613
11,50,3.2239306534345835,2.0764649626357636
12,50,0,9.61706516802161
13,50,8.621551721149899,4.896574427887074
14,50,10.393881934751901,8.619145844559903
15,50,1.182338544749614,2.8550433735378005
16,50,8.266173251252809,8.279692830333902
17,50,11.069599695676015,11.42420523873181
18,50,11.114781138445736,4.179690578364778
19,50,9.30882476802545,11.108136657088926
0,55,6.105799628822427,11.000465386761686
1,55,12,9.516829145345824
2,55,4.196449435431649,12
3,55,2.0781720738447564,9.560423881685248
4,55,0,4.124906764194255
5,55,8.676058391103963,9.595923579972313
6,55,5.134270942900497,10.874449718225986
7,55,10.69288271740332,8.77420638156247
8,55,6.993368486975501,3.6938975889944494
9,55,6.553877137393838,5.018303357459065
10,55,6.7878100438451066,5.8152996345991825
11,55,3.2609116955109627,2.236669953702054
12,55,0,9.67539190684363
13,55,8.689413477229259,4.758502706728313
14,55,10.429746045013639,8.677214463842244
15,55,1.2154904196866858,2.8286799703737806
16,55,8.29220030324775,8.218942765935362
17,55,11.078908331581754,11.358575981874154
18,55,11.096020082612243,4.126538113704751
19,55,9.375596509524723,11.050941568148522
0,60,6.121307804007231,11.001461661335057
1,60,12,9.556445448348004
2,60,4.214478423497366,12
3,60,2.0867848297989653,9.514258056948279
4,60,0,4.049244426301049
5,60,8.712406157806782,9.574378186574371
6,60,5.074826738397392,10.853901850181437
7,60,10.741945718765857,8.826647483397869
8,60,6.988007556086762,3.6933040577527327
9,60,6.560920853566068,5.018435244184293
10,60,6.862783085058809,5.84050358378111
11,60,3.308510750636448,2.4178192632520457
12,60,0,9.608321074436448
13,60,8.759725700025758,4.6235872816090415
14,60,10.469031283544146,8.740018461379377
15,60,1.2436504439386111,2.8067298949320096
16,60,8.308605955356938,8.181858971827529
17,60,11.091372577322923,11.273428173714949
18,60,11.071784670810578,4.05974739147163
19,60,9.43786732581399,10.9969673682117
0,65,6.137050954499549,11.002372380995169
1,65,12,9.588529044573272
2,65,4.229257159617147,12
3,65,2.0980858134626192,9.449103539427432
4,65,0,3.968463181870283
5,65,8.740000089082939,9.558066168610532
6,65,5.0011323191883905,10.828055352589393
7,65,10.782494966254312,8.872625090037044
8,65,6.98588589009943,3.6930655693152032
9,65,6.546962886373965,5.017917161879446
10,65,6.937538477158857,5.865777673554738
11,65,3.3558473424045996,2.594791429190724
12,65,0,9.549876328187356
13,65,8.824450350379658,4.491615192437297
14,65,10.505314080665725,8.800575503940571
15,65,1.284114935396962,2.7765334679229183
16,65,8.321654104889431,8.151016358805432
17,65,11.104344780670786,11.198821314813816
18,65,11.043857817792427,3.98275713866566
19,65,9.493245950161233,10.947427844675373
0,70,6.152635525711637,11.003502534665921
1,70,12,9.64531488775169
2,70,4.242909513749289,12
3,70,2.1111659242468575,9.377871764527336
4,70,0,3.8899853371177247
5,70,8.755108006013149,9.549842060062588
6,70,4.942263638998647,10.80877719701358
7,70,10.818267072093189,8.913571798613058
8,70,6.980655555735993,3.6923566931339913
9,70,6.550679524502612,5.018090863937763
10,70,7.0169155058224,5.8942522404000846
11,70,3.401050333177559,2.7796084171595385
12,70,0,9.501361446309373
13,70,8.891618790719777,4.357548564606761
14,70,10.538469717943581,8.856880251240929
15,70,1.3217825970717285,2.7489514227154443
16,70,8.339911941913153,8.108129533627777
17,70,11.120642971436123,11.118362734525437
18,70,10.957989275847572,4.013834028340676
19,70,9.55315334597403,10.89422151267566
0,75,6.194326156391394,11.006418849516374
1,75,12,9.709658409237523
2,75,4.255273071853616,12
3,75,2.132358580099778,9.289095896465609
4,75,0,3.8099377297834467
5,75,8.764821404564774,9.544464094227948
6,75,4.882613770987968,10.789839331659648
7,75,10.844967724365654,8.943641571996828
8,75,6.983172250041532,3.6927130444671707
9,75,6.530355180574889,5.017347640114003
10,75,7.1012865970084365,5.922996915959393
11,75,3.443734119990615,2.9528991340399555
12,75,0,9.450959071024565
13,75,8.95021132250624,4.237285376873802
14,75,10.573983456545296,8.918138447776425
15,75,1.3617210599528715,2.7188874140411117
16,75,8.35869843474322,8.05968242736548
17,75,11.137810929702956,11.0370138399294
18,75,10.883298250523946,4.041517159469372
19,75,9.618898211014251,10.834176584257456
0,80,6.230904225531226,11.009037400969559
1,80,12,9.777396986467627
2,80,4.269597524785846,12
3,80,2.152426657763261,9.209586293955503
4,80,0,3.7306722446386162
5,80,8.765550255340743,9.54402548643718
6,80,4.798623732079109,10.762155198519483
7,80,10.878280576654737,8.98010139203948
8,80,6.976023673771988,3.6917253891042803
9,80,6.519800776522834,5.0165788924349455
10,80,7.166210086105235,5.946389250754478
11,80,3.4799976626811286,3.1016447896061417
12,80,0,9.38535569472057
13,80,9.012437744719373,4.109035771184506
14,80,10.603772661820557,8.96700541209975
15,80,1.3751762880824165,2.7087031206142513
16,80,8.380284718553117,8.005421262831776
17,80,11.157226338457516,10.952552131423706
18,80,10.801657560036455,4.072552227128362
19,80,9.671505658600418,10.78831648941106
0,85,6.272386079527988,11.011510899129703
1,85,12,9.858030438239055
2,85,4.288291712429046,12
3,85,2.1742321070422426,9.12917130778395
4,85,0,3.644366571686335
5,85,8.770200720414135,9.541132001887314
6,85,4.736231892189605,10.74082988274424
7,85,10.911842417697144,9.016200404127268
8,85,6.974030154835695,3.6915111743583418
9,85,6.508716666530261,5.015677907430999
10,85,7.259580609854902,5.980634860545475
11,85,3.518971150188288,3.2477094237513686
12,85,0,9.317489805679287
13,85,9.063319722274823,4.006814390826768
14,85,10.63814776947091,9.023073154308229
15,85,1.4005934759727252,2.688646469346295
16,85,8.40476824213408,7.943670552756429
17,85,11.175439538399145,10.87726128109817
18,85,10.740991320119159,4.093622577752363
19,85,9.73178198752046,10.732695889278098
0,90,6.315070050626757,11.013733581584766
1,90,12,9.938772769385455
2,90,4.30433327612151,12
3,90,2.1954156613514897,9.056202597357037
4,90,0,3.759054303409435
5,90,8.765045896483436,9.544397616853876
6,90,4.688137269628114,10.725091650965462
7,90,10.94492366009616,9.053912891907101
8,90,6.989428285614746,3.6929929029875916
9,90,6.501975578296033,5.014909099994226
10,90,7.360077085427701,6.019692899609301
11,90,3.560289587690877,3.4043751534250255
12,90,0,9.247960624709219
13,90,9.121171374551924,3.895060898775466
14,90,10.67323178114334,9.081077022370968
15,90,1.4125426498828721,2.6790653561620257
16,90,8.428329640183668,7.885511011719879
17,90,11.1909391806993,10.815386523334762
18,90,10.69209982704436,4.111414397224886
19,90,9.795004117921673,10.67782570034733
0,95,6.36732187186575,11.017419568927169
1,95,12,10.017688101719713
2,95,4.322301041790903,12
3,95,2.2135384384196914,8.992478529856706
4,95,0,3.888498594171934
5,95,8.73755908975694,9.562169342424761
6,95,4.6410011294036435,10.708985404796966
7,95,10.97363661083125,9.086922015002672
8,95,7.002176122407131,3.6941120212828387
9,95,6.499322738713352,5.014573829383126
10,95,7.456401220611215,6.055307030960945
11,95,3.6000968909718987,3.552142132694984
12,95,0,9.195335280401443
13,95,9.17966699104967,3.7828910179702016
14,95,10.699016688308735,9.125552971786421
15,95,1.4167494823998381,2.6757639514121507
16,95,8.462059311731357,7.803779802301865
17,95,11.210667207759926,10.74227876355031
18,95,10.65327692878326,4.124413675904991
19,95,9.862509118275458,10.621322842238506
0,100,6.400625232173167,11.020285080330938
1,100,12,10.10252657358279
2,100,4.340137008694354,12
3,100,2.2303264650385843,8.93130057254055
4,100,0,4.017216551107171
5,100,8.714651076406852,9.577360284893992
6,100,4.6001485794003,10.694929015272491
7,100,11.002283144387174,9.120309346364449
8,100,7.019446488183058,3.6957384675089644
9,100,6.463839628900972,5.010385860164123
10,100,7.54104332988908,6.0854276625297
11,100,3.647834252999612,3.7176226504200978
12,100,0,9.147948704048924
13,100,9.223343609622427,3.6933513408488077
14,100,10.70780438660419,9.141646245814197
15,100,1.4272880318384755,2.667512314550869
16,100,8.499472798016068,7.718156485920354
17,100,11.232862125413751,10.6656293794792
18,100,10.632491823568003,4.131149079419723
19,100,9.93816885175819,10.55385942145356
0,105,6.456048691538451,11.02636561285343
1,105,12,10.197602279382123
2,105,4.356853085840643,12
3,105,2.2455457143579083,8.875189270956003
4,105,0,4.138141602610396
5,105,8.69852397294399,9.587892612710888
6,105,4.56339799198161,10.681158821324399
7,105,11.02657464066487,9.148247476013493
8,105,7.043395334330441,3.6977453382206975
9,105,6.447554104274183,5.008314155411214
10,105,7.6068179312074315,6.107651421816986
11,105,3.6892137214821843,3.875459359594277
12,105,0,9.098291146873255
13,105,9.257435065301072,3.6193089154650795
14,105,10.722797505407788,9.170425954771058
15,105,1.4279410435263802,2.667002598508151
16,105,8.544792902630508,7.615765128114373
17,105,11.253077075318561,10.591840747169561
18,105,10.585991945663407,4.1465873594741165
19,105,10.01716996608845,10.484101077214401
0,110,6.495620322643386,11.031563599604393
1,110,12,10.308138925216078
2,110,4.365890752388736,12
3,110,2.2577508443438155,8.829898025528108
4,110,0,4.242074386717664
5,110,8.688555530107044,9.594567321903497
6,110,4.5386203724127405,10.67145079422911
7,110,11.04047930241618,9.164274608662854
8,110,7.065973377014407,3.699457605811797
9,110,6.462642331281796,5.010395961333322
10,110,7.663928598073877,6.127861203140837
11,110,3.738609371681097,4.049528677164394
12,110,0,9.04013409610238
13,110,9.295533335041451,3.5395546641846463
14,110,10.74146026274205,9.20838318280985
15,110,1.4200279786272876,2.673067262619849
16,110,8.591607053347614,7.516781434699535
17,110,11.272033063719189,10.524369291703398
18,110,10.521582534317721,4.166922741405385
19,110,10.102699653237881,10.407227482586745
0,115,6.556237735326073,11.040328201006524
1,115,12,10.410377939912443
2,115,4.376816917325306,12
3,115,2.27209241958804,8.776797713478677
4,115,0,4.346381871477433
5,115,8.667808123114677,9.609390786468683
6,115,4.538207649257695,10.67128149880418
7,115,11.051464701997588,9.176960016824877
8,115,7.089780226752699,3.7011638899349433
9,115,6.478715029442054,5.012908354062811
10,115,7.702513707876259,6.141036449163243
11,115,3.7872517240992334,4.235363756627106
12,115,0,9.088949034458427
13,115,9.329385828836509,3.4636695425519255
14,115,10.761255849027611,9.248064464432927
15,115,1.411093591755758,2.6799436388596765
16,115,8.654856482254715,7.3915873232864095
17,115,11.28604621752492,10.476659735068287
18,115,10.476280402118926,4.179963814323956
19,115,10.181857072142174,10.336333564478371
0,120,6.608149483457931,11.048511552887309
1,120,12,10.524442850456277
2,120,4.387949170786196,12
3,120,2.2874209831571166,8.708673978388928
4,120,0,4.462502605097383
5,120,8.65755353975331,9.61678436533245
6,120,4.536995088829475,10.670790279217504
7,120,11.058092625679762,9.185119317288637
8,120,7.116448307797271,3.702985955347357
9,120,6.495274840115136,5.015371130781952
10,120,7.7453753231500615,6.1572056551216745
11,120,3.8364216867388734,4.412987584509347
12,120,0,9.147626915013626
13,120,9.36037960073468,3.3940518781353766
14,120,10.804362061082436,9.226613986826754
15,120,1.4154485647083035,2.6767236470329085
16,120,8.72179224489469,7.264542282777731
17,120,11.301898158551806,10.42441570713261
18,120,10.429879828328879,4.193986594869315
19,120,10.256793899639346,10.26788713434477
0,125,6.654599355907133,11.055771480218915
1,125,12,10.627819444109333
2,125,4.404023171871022,12
3,125,2.3042346254623887,8.640396444175686
4,125,0,4.585047543511741
5,125,8.621793474062596,9.643162857214339
6,125,4.556727546528971,10.678791419362057
7,125,11.056674660000866,9.183352482202627
8,125,7.148129018520463,3.7058980366765906
9,125,6.510316393224641,5.017686302407354
10,125,7.772444746432178,6.167161180170385
11,125,3.892985549850704,4.6094821787632725
12,125,0,9.208159596595173
13,125,9.384631869876605,3.337495612751902
14,125,10.840894475000082,9.208982535323003
15,125,1.3971851956459118,2.6901762479375853
16,125,8.78215114111044,7.1475567677974645
17,125,11.324306575334035,10.352184940915938
18,125,10.37369808861557,4.20906486909431
19,125,10.330668196453544,10.198584522452077
0,130,6.702609817348258,11.062685855405615
1,130,12,10.750856731472918
2,130,4.4258097988246,12
3,130,2.3195197594274295,8.581258332457496
4,130,0,4.713989780926029
5,130,8.587507884822545,9.668806727268382
6,130,4.586528454406657,10.691043663572307
7,130,11.041734941063934,9.164531146865508
8,130,7.214105825318414,3.712631684998863
9,130,6.53130296876387,5.020323082268093
10,130,7.8141047740087215,6.182204547066409
11,130,3.949965753897308,4.821019579171876
12,130,0,9.287871438259497
13,130,9.41465060924253,3.273555170847827
14,130,10.892192256966984,9.18283210471816
15,130,1.3623719644411416,2.714178414206209
16,130,8.843777172278774,7.022721593786068
17,130,11.353332940859334,10.261713928390556
18,130,10.318115349282111,4.225050131143653
19,130,10.396452724145643,10.13562888253284
0,135,6.729103665517702,11.066544357541094
1,135,12,10.896381331366953
2,135,4.454317895272527,12
3,135,2.3384893170303447,8.507834764106267
4,135,0,4.875245707384522
5,135,8.566069574206162,9.685241644006954
6,135,4.6046344257529075,10.69862568678533
7,135,11.023229815164912,9.142485948612348
8,135,7.2583907743373235,3.7169977921835997
9,135,6.555809131121066,5.02382318547669
10,135,7.850878286057899,6.194355208773807
11,135,4.003677420713695,5.01923734029829
12,135,0,9.370541181920705
13,135,9.441272582435166,3.2147949297817595
14,135,10.939804120191452,9.159486129886249
15,135,1.3293381389625112,2.7378554738060883
16,135,8.913260644808902,6.886130975724715
17,135,11.37827546208597,10.183745989270571
18,135,10.24795489388783,4.244317595751602
19,135,10.459996233785152,10.074387248399818
0,140,6.76407094341824,11.071693474392623
1,140,12,11.044236984778077
2,140,4.484882840085574,12
3,140,2.3529343830671374,8.454168413994301
4,140,0,5.0426978208162865
5,140,8.536648761946768,9.709683423202721
6,140,4.640908735670572,10.712985857910844
7,140,11.008023644719218,9.12357796816616
8,140,7.316540908970427,3.7235774307208116
9,140,6.595488898404393,5.029517361938025
10,140,7.897367264370001,6.20852389897357
11,140,4.051776847859194,5.205031586439948
12,140,0,9.262070230675894
13,140,9.460884985190496,3.1697739151848516
14,140,10.984449333315759,9.139696747402809
15,140,1.3084496921056592,2.7526963583700783
16,140,8.989002845406878,6.736506946245357
17,140,11.40120870337299,10.106594231269947
18,140,10.18069387184701,4.26118175552999
19,140,10.518319061349427,10.014985730651398
0,145,6.794115157051258,11.076681808309027
1,145,12,11.215442885641583
2,145,4.518626893011876,12
3,145,2.358423571648904,8.433025373840275
4,145,0.1806915818673498,5.1395309555778015
5,145,8.524600146856363,9.719460374064962
6,145,4.674689552842361,10.72649590105843
7,145,10.990659029446801,9.101742836670423
8,145,7.361821492101064,3.728802578000236
9,145,6.641524893169294,5.036902657496036
10,145,7.9456145819110615,6.224182091835656
11,145,4.105611522245094,5.406577696801029
12,145,0,9.15355800282069
13,145,9.483514034055327,3.1162800626198073
14,145,11.051138141438184,9.11107478261338
15,145,1.3091435691089655,2.7536669633098527
16,145,9.064672258050845,6.602067956297484
17,145,11.42328020266603,10.033102507670216
18,145,10.115267933868925,4.280446754260942
19,145,10.576407466219564,9.95628754947804
0,150,6.833937091182098,11.083559234043577
1,150,12,11.388253024110185
2,150,4.547388977122554,12
3,150,2.3637487565235724,8.413464628864194
4,150,0.3765264477777043,5.244965207026445
5,150,8.517303126090397,9.725697849391278
6,150,4.70773104460038,10.739233636164764
7,150,10.972737078203357,9.078775707214652
8,150,7.411430352082904,3.7343745082008857
9,150,6.698463527665485,5.04622938952493
10,150,7.9990256339904695,6.242066921686148
11,150,4.158563756603344,5.62774797757352
12,150,0,9.046875578298511
13,150,9.502713200479434,3.0733708133834865
14,150,11.122484995699779,9.0814384486507
15,150,1.2915070215189013,2.729749272671513
16,150,9.144804170335169,6.460835749873495
17,150,11.445942237893913,9.955399528253892
18,150,10.025419826494023,4.309407616662021
19,150,10.635776010028586,9.894496446647235
0,155,6.869695204621831,11.08953670447354
1,155,12,11.56473381858489
2,155,4.574161276260338,12
3,155,2.3704542561251416,8.38955641099642
4,155,0.5850375660906543,5.35358161114284
5,155,8.507924487928559,9.73405137934857
6,155,4.756100594373897,10.757478405559553
7,155,10.940295093720636,9.037140235758745
8,155,7.446339844099001,3.737679530651726
9,155,6.756878629925423,5.055328275746828
10,155,8.028190581606253,6.251320108213021
11,155,4.212464804134487,5.849644743008736
12,155,0,8.930849104173776
13,155,9.520542375400854,3.0348461281219086
14,155,11.197748055563991,9.051774102220596
15,155,1.2765074730661412,2.709264652012485
16,155,9.21839183889553,6.331017232459484
17,155,11.477197657732582,9.855495544513243
18,155,9.919668209511421,4.34302396684865
19,155,10.700904754167212,9.830466186937235
0,160,6.907996033054025,11.095689101186096
1,160,12,11.758822467091976
2,160,4.607645475780587,12
3,160,2.3770793496173193,8.369027922168462
4,160,0.7660941090960698,5.451130775291229
5,160,8.487799331971997,9.750419133721632
6,160,4.783670102915551,10.768355881111969
7,160,10.9018823082841,8.98893323150074
8,160,7.501294704886083,3.7436164366515032
9,160,6.826506556879058,5.065899578349724
10,160,8.029865174299903,6.251881568336426
11,160,4.2688928334717895,6.08970642096947
12,160,0,8.814104799957281
13,160,9.543857359341333,2.9875376519482453
14,160,11.273829115403766,9.0235856624288
15,160,1.2710484429586242,2.7017049741502444
16,160,9.301036809217972,6.185687669111488
17,160,11.507707866635695,9.75771583149384
18,160,9.80176172163316,4.381705263473249
19,160,10.7694638188908,9.765903774800377
0,165,6.9752830222401645,11.105817380399092
1,165,12,11.932441384417553
2,165,4.642443252541651,12
3,165,2.37716845837034,8.368769530130512
4,165,0.9337357760832738,5.547899862881739
5,165,8.483614309957826,9.753655890413944
6,165,4.799269216931355,10.774516644740592
7,165,10.862376928900337,8.941510604789718
8,165,7.562225012418081,3.7505691183690715
9,165,6.898015451442915,5.07648938222616
10,165,8.022735995947919,6.249317403515636
11,165,4.339693907196628,6.364397665908959
12,165,0,8.688594085508447
13,165,9.566216553217942,2.9417331158573683
14,165,11.34593488681456,8.998296178744775
15,165,1.2693624375637513,2.6993459651462803
16,165,9.392184505594107,6.026812710624351
17,165,11.542330311719457,9.647369580915665
18,165,9.692665751285292,4.414869867495003
19,165,10.849213262822756,9.691937493284566
0,170,7.037853025030484,11.115854165700492
1,170,12,12
2,170,4.676701224877804,12
3,170,2.3881632788030362,8.338357602110722
4,170,1.0963819402887809,5.6447805912156594
5,170,8.475923911247222,9.75937318572804
6,170,4.822722548800425,10.783417312876196
7,170,10.802262389115963,8.867040423118432
8,170,7.619888785119245,3.755671501334652
9,170,6.964553170730934,5.086786089473275
10,170,8.0075412197071,6.24346398168969
11,170,4.429993782465175,6.649615011242027
12,170,0,8.550590416627394
13,170,9.588629728629915,2.8960084866240337
14,170,11.434812783337863,8.968662789829983
15,170,1.2715392511572674,2.702542054338066
16,170,9.477995993560974,5.875564362096518
17,170,11.574508871345005,9.551052101391438
18,170,9.602335313546028,4.44235760722572
19,170,10.931109332521974,9.618292733136043
0,175,7.090694292578567,11.124089092517886
1,175,12,12
2,175,4.712158981564984,12
3,175,2.398201019224221,8.309864293801967
4,175,1.2579639564827587,5.741353581362912
5,175,8.473141729886034,9.761476110671572
6,175,4.845983979446085,10.792085564765975
7,175,10.73512771251695,8.784319657929027
8,175,7.6989569674102825,3.764727555871704
9,175,7.049159398934411,5.0991174634701215
10,175,7.987494553926089,6.235601500594806
11,175,4.517949927167781,6.917306644343672
12,175,0,8.429722758983198
13,175,9.630245108505443,2.8142549476275924
14,175,11.535899551073395,8.937636096151326
15,175,1.2765122656430918,2.7100742348071885
16,175,9.566158154298996,5.726631758936448
17,175,11.608707380297176,9.460196362634782
18,175,9.515287791652346,4.468707029884585
19,175,11.008926760693786,9.54824071003421
0,180,7.129653428622546,11.129964055697545
1,180,12,12
2,180,4.749823964149869,12
3,180,2.4039017847009325,8.294045555362851
4,180,1.429943020556275,5.841882263832619
5,180,8.477148685024641,9.758488234336482
6,180,4.910413161402467,10.814870136803352
7,180,10.663007777094602,8.696415902992495
8,180,7.734937537042166,3.7697340795010796
9,180,7.119389330722833,5.109803766822633
10,180,7.956500773359527,6.223281429752997
11,180,4.600811454793892,7.166487467643508
12,180,0,8.301850378580406
13,180,9.681953651836116,2.724638104406355
14,180,11.64466311481192,8.906860076259454
15,180,1.277926022180499,2.7121732632300293
16,180,9.64769460900625,5.5731479673893904
17,180,11.643324169088563,9.363503561414607
18,180,9.422282158512271,4.497829293713119
19,180,11.101538740139759,9.464824256625814
0,185,7.1864544584822205,11.139082662959426
1,185,11.78838453823986,12
2,185,4.785116822987002,12
3,185,2.404742575984917,8.291427768561363
4,185,1.6073930740477211,5.945122157222952
5,185,8.492939916878946,9.746919558647608
6,185,4.983898400285009,10.838965763695501
7,185,10.566277166824127,8.586807227081676
8,185,7.759754806578853,3.7732155433351817
9,185,7.183933274987783,5.117504880735782
10,185,7.945321904322016,6.2189253143984455
11,185,4.680766208990333,7.414956966294868
12,185,0,8.167042723590871
13,185,9.724517422360409,2.6493623882060646
14,185,11.767363002411836,8.86922895504585
15,185,1.2755542491420566,2.708627632012374
16,185,9.799997402342447,5.658727328482629
17,185,11.68285522180545,9.24983749752005
18,185,9.335626309511833,4.5249314547439905
19,185,11.18106847693819,9.392213775279176
0,190,7.2396710677068485,11.145541187092189
1,190,11.562202834532139,12
2,190,4.816083476166343,12
3,190,2.404620840425742,8.291809630065524
4,190,1.7801410834991245,6.049555004658434
5,190,8.488634675719686,9.749925030136888
6,190,5.067045283079796,10.86465751490228
7,190,10.46970614593949,8.47867455607822
8,190,7.804436864494935,3.7792067477304627
9,190,7.255214744317774,5.126774804202355
10,190,7.928149097207681,6.212180719778435
11,190,4.762930857413797,7.682951477819309
12,190,0,8.019431124350275
13,190,9.760547385280947,2.5830126634605626
14,190,11.912743012703988,8.830312129768064
15,190,1.2633709019185837,2.6911418367926943
16,190,9.959269377493253,5.748528933736999
17,190,11.720512016439669,9.1365105755348
18,190,9.251039046141994,4.554787522616216
19,190,11.271355765355393,9.307472055975985
0,195,7.30784011465519,11.155292762664548
1,195,11.337648879875783,12
2,195,4.8553631925257,12
3,195,2.4042269254152235,8.293077352126032
4,195,1.952250616642874,6.145973438443714
5,195,8.475087181090203,9.76005360296549
6,195,5.156246680731144,10.892763807029839
7,195,10.368351844453086,8.356110775448549
8,195,7.855037434142082,3.785135049982185
9,195,7.3192803797482355,5.133440814540659
10,195,7.900651909916848,6.200392688085662
11,195,4.851252525486131,7.973668570934955
12,195,0,7.86948237277039
13,195,9.798943611787898,2.515628146094107
14,195,12,8.794634656983442
15,195,1.252697306751671,2.676250483527779
16,195,10.127627031536438,5.842527688966073
17,195,11.760167887700469,9.02052877352223
18,195,9.170697583782747,4.582973915294714
19,195,11.347469465894392,9.236073626249567
0,200,7.378633586791237,11.165321733594649
1,200,11.136449009354346,12
2,200,4.8920556978874465,12
3,200,2.4008040034758453,8.305153093296132
4,200,2.1161340473672454,6.237796575867166
5,200,8.45635701209122,9.773945356875355
6,200,5.250422848937721,10.920151422252543
7,200,10.261391318728025,8.228904136702392
8,200,7.907368088329782,3.7901718717946666
9,200,7.4183577693493,5.14443168434442
10,200,7.866480674670712,6.186028337573458
11,200,4.9427711979248725,8.278949657944837
12,200,0,7.712663196451324
13,200,9.827716554262961,2.466247293474969
14,200,12,8.765009987121367
15,200,1.2338257855812684,2.649529765816691
16,200,10.313127475343785,5.949587683348368
17,200,11.79511632102193,8.923545536111822
18,200,9.099539695558963,4.609614693154566
19,200,11.419514280718976,9.165590938119982
0,205,7.463457654987331,11.178467093291832
1,205,10.9676241857931,12
2,205,4.92970764453821,12
3,205,2.400162160757575,8.30736630805957
4,205,2.2786577435772,6.319875259814985
5,205,8.437674496742908,9.78798701052582
6,205,5.348774152735253,10.947443599424012
7,205,10.17708805970844,8.125215068584586
8,205,7.943845889730556,3.7943089820022378
9,205,7.529461689693251,5.158015137768329
10,205,7.824948980979846,6.168198615275836
11,205,5.033634444511206,8.615165665026936
12,205,0,7.55621722328663
13,205,9.858829365331346,2.4127131824908568
14,205,12,8.737520215028534
15,205,1.2019442997390724,2.605237965444118
16,205,10.509150410263326,6.057333372665397
17,205,11.835642141521777,8.815981944076658
18,205,9.02722283722875,4.636744279625267
19,205,11.477301802087485,9.109362222645643
0,210,7.551952065757394,11.192172313371348
1,210,10.798941937021016,12
2,210,4.970555441126956,12
3,210,2.3959109896731636,8.321909914083719
4,210,2.427170285359676,6.392892356346102
5,210,8.431565893998798,9.792404247479617
6,210,5.455403984186962,10.974686714093043
7,210,10.095275198404254,8.02402802994457
8,210,7.96066114927629,3.7962189800406922
9,210,7.653830806932622,5.172733542889432
10,210,7.793661383977999,6.155467475879222
11,210,5.1230260976321995,8.963279191418993
12,210,0,7.411980889005896
13,210,9.888699173451023,2.3605925707787305
14,210,12,8.714415774310464
15,210,1.1585173144368384,2.5434451664149296
16,210,10.704979557071052,6.163667385620368
17,210,11.888792971281047,8.686845200040233
18,210,8.955984347527345,4.662406421651033
19,210,11.531401816275196,9.054389335750969
0,215,7.637143231838107,11.207467652695
1,215,10.616608143337002,12
2,215,5.011503112560382,12
3,215,2.392019496577303,8.334597140615832
4,215,2.5876142820601706,6.475422306107221
5,215,8.441434722765733,9.78491868688897
6,215,5.5218974016590465,10.992588592365614
7,215,10.009988914562348,7.923248957026845
8,215,7.985440990675595,3.799404225403186
9,215,7.764553445191766,5.184068883202237
10,215,7.759739133688584,6.141931356255056
11,215,5.213344462284985,9.304810570340557
12,215,0,7.243260964350727
13,215,9.917887913150714,2.3090749083695066
14,215,12,8.692247747120216
15,215,1.1064210897359528,2.4688675748658464
16,215,10.877547328340981,6.254440764362456
17,215,12,8.742492041119332
18,215,8.897507646743069,4.685493345769184
19,215,11.561120906704211,9.021880206127358
0,220,7.710292940342623,11.218023654358703
1,220,10.39835896163071,12
2,220,5.053150469926582,12
3,220,2.3879149681457683,8.348052129289112
4,220,2.7443895245037337,6.557079154465209
5,220,8.457877122741012,9.773074967606872
6,220,5.592028546819053,11.012965778851248
7,220,9.92453346027687,7.822551302512766
8,220,8.005659233697262,3.8015707364491456
9,220,7.863576016376472,5.194146645330375
10,220,7.73274978852803,6.13090550427084
11,220,5.29858608125895,9.639402733626628
12,220,0,7.0669090664116805
13,220,9.946984997164126,2.2558142339916527
14,220,12,8.670490074991923
15,220,1.0468852991967241,2.380932018608829
16,220,11.041676777276518,6.342581770864668
17,220,12,8.815082824771851
18,220,8.838189948870573,4.707018531544718
19,220,11.594245345991657,8.986264585311117
0,225,7.774160621497365,11.225105419170768
1,225,10.175356297458972,12
2,225,5.091975483461679,12
3,225,2.380636036242724,8.369897562172303
4,225,2.9090094358557352,6.644371064227807
5,225,8.47927137152431,9.758060862781486
6,225,5.658953561443981,11.033649494513213
7,225,9.830656468861667,7.711861615113362
8,225,8.016017649633252,3.8025678538046623
9,225,7.963709178061322,5.203457042292657
10,225,7.695147195581371,6.114930756109517
11,225,5.381916496390048,9.971451755126933
12,225,0,6.903345764036822
13,225,9.966555982042964,2.2179666925504797
14,225,12,8.644114695247708
15,225,0.9880309454752765,2.2925481226848046
16,225,11.215962052590896,6.430898852006615
17,225,12,8.878307376354378
18,225,8.775533631249552,4.731642425455513
19,225,11.63232428279899,8.946107049636037
0,230,7.864500397586019,11.234158519744083
1,230,9.975725302243017,12
2,230,5.129127468729235,12
3,230,2.3739795473550807,8.39066049167186
4,230,3.0900593664575173,6.735970586210858
5,230,8.488017061163081,9.751955427706372
6,230,5.726451422094701,11.055638674349
7,230,9.727576908851642,7.595899520568792
8,230,8.012172010041528,3.8022138111569967
9,230,8.068474575299863,5.214506857253106
10,230,7.676416119253417,6.106706893148536
11,230,5.455931004324635,10.302567800857824
12,230,0,6.738189631448451
13,230,9.96408823431098,2.222818126795751
14,230,12,8.61792851223718
15,230,0.9396193914881255,2.220391729738204
16,230,11.392977385347518,6.526042937915657
17,230,12,8.939800357080248
18,230,8.715805574839475,4.756131027990322
19,230,11.682907998092949,8.892001910738397
0,235,7.969778250357359,11.247020855999578
1,235,9.764108957438879,12
2,235,5.160999641692718,12
3,235,2.3616544520826093,8.428761552203271
4,235,3.2457972727354347,6.815472182048234
5,235,8.492301147788064,9.748984667350603
6,235,5.782656520080015,11.074251858731172
7,235,9.626384536956413,7.481466796692001
8,235,8.012283970992868,3.8000579897493685
9,235,8.161562555883005,5.223613410980482
10,235,7.6603936048835575,6.099003103099504
11,235,5.532167117949684,10.650860173723594
12,235,0,6.555022398670896
13,235,9.947686046254876,2.2547958515850524
14,235,12,8.589784406912232
15,235,0.8796044653244759,2.1294036283602296
16,235,11.573692619486586,6.6278544451527095
17,235,12,9.000880198208593
18,235,8.656499859394273,4.779824907326929
19,235,11.72068093934707,8.852188748503199
0,240,8.09925972788474,11.263704207752085
1,240,9.55266886586167,12
2,240,5.1900940187408695,12
3,240,2.3486082881335766,8.468605663900078
4,240,3.3852842271472814,6.881181936368989
5,240,8.486715510971413,9.753173671222033
6,240,5.830215589990721,11.090690427649369
7,240,9.527490690579784,7.374058407209539
8,240,8.011805229075152,3.8152306072428814
9,240,8.254961544351083,5.235038270651373
10,240,7.6675769286920135,6.102420299992759
11,240,5.608040408777038,10.997895367187574
12,240,0,6.344575695099197
13,240,9.929683184845478,2.2898888035340734
14,240,12,8.561319241602789
15,240,0.8189855097487488,2.0403412622433352
16,240,11.750432855191354,6.727068081328635
17,240,12,9.06330423157579
18,240,8.610605432165046,4.797858846683094
19,240,11.756641414969609,8.815678495424876
0,245,8.220869838572751,11.27809832264948
1,245,9.332099123435217,12
2,245,5.21586436924449,12
3,245,2.3358613090901468,8.51061707089846
4,245,3.5157668147961623,6.944263104352279
5,245,8.485663253040249,9.75396501270657
6,245,5.886505555220105,11.107700936280827
7,245,9.438813343143279,7.280483478109951
8,245,8.011444578431762,3.826898081730012
9,245,8.31537653707306,5.2435177019207675
10,245,7.674534295393251,6.105807449829174
11,245,5.680805088809767,11.333885258438219
12,245,0,6.131757487897191
13,245,9.904690684613056,2.339745278049336
14,245,12,8.534495102519527
15,245,0.7727879463106075,1.9686069945469755
16,245,11.943040288233611,6.837521730785486
17,245,12,9.11718946760196
18,245,8.573507002477266,4.813270476550909
19,245,11.784930377394314,8.787798288594999
0,250,8.337327997455443,11.287809713735156
1,250,9.121321433617522,12
2,250,5.247413175868272,12
3,250,2.3223092812064277,8.559919924971775
4,250,3.455030890152236,7.0645680827721415
5,250,8.492379822599657,9.748897549835688
6,250,5.944851459916033,11.123710096719197
7,250,9.338969677734209,7.177629050425933
8,250,8.011318236166879,3.8291350724878215
9,250,8.37687945832826,5.252890549531979
10,250,7.677016257059777,6.106988088809893
11,250,6.004361898226002,11.263892562537666
12,250,0,5.900349653247004
13,250,9.878321680948952,2.3930330446757075
14,250,12,8.513918240368831
15,250,0.733541584318922,1.906000998260544
16,250,12,6.9591449935005105
17,250,12,9.171058938973953
18,250,8.52265895659313,4.834823424854006
19,250,11.809444790698162,8.763220344431815
0,255,8.436347388181863,11.297059900523907
1,255,8.889829624959424,12
2,255,5.281494311687917,12
3,255,2.307923344515157,8.609880842407797
4,255,3.39566045087889,7.1801183954507515
5,255,8.488477790612324,9.751745661798374
6,255,5.994141972032185,11.136739940198648
7,255,9.235123795263027,7.072492970976904
8,255,8.011340610687126,3.828754886850157
9,255,8.45652905410412,5.26367490196937
10,255,7.688778395758436,6.112735677756056
11,255,6.3353851625536,11.195403349271967
12,255,0,5.674414702513212
13,255,9.853420840703738,2.4405919639371896
14,255,12,8.494556725944724
15,255,0.6872936615088419,1.8297599962739195
16,255,12,7.08121911201955
17,255,12,9.220168125833519
18,255,8.451445067084391,4.865899555171327
19,255,11.846485795879643,8.726335915602878
0,260,8.544467314827674,11.3094819347994
1,260,8.663402776517442,12
2,260,5.320207044831332,12
3,260,2.2914841052256123,8.668849831762369
4,260,3.339081966857627,7.290899992453241
5,260,8.479366356211285,9.758144294182891
6,260,6.020978182802282,11.143635354841066
7,260,9.12999736846805,6.969384535648414
8,260,8.011025820078338,3.83689044070004
9,260,8.524012504243276,5.2701984619491755
10,260,7.706417644361767,6.12106238274431
11,260,6.664282489078125,11.128390735583935
12,260,0,5.43519126662247
13,260,9.82877003884189,2.486333991218935
14,260,12,8.476663979433711
15,260,0.6262588197376073,1.7355977927852357
16,260,12,7.207550450762572
17,260,12,9.265498710370741
18,260,8.391208320325003,4.891571187848259
19,260,11.890821908339818,8.684167312094617
0,265,8.666087037713703,11.324460037661956
1,265,8.437090113990338,12
2,265,5.354436524354741,12
3,265,2.2732102892881447,8.74079812749833
4,265,3.299167451453654,7.36930042615799
5,265,8.44259050487289,9.78391377352109
6,265,6.047390237088842,11.150115459625452
7,265,9.029692180422765,6.864279359027823
8,265,8.011251998143337,3.830461772916485
9,265,8.588110855403512,5.277027279432932
10,265,7.749677945196431,6.1402820262495394
11,265,6.97761546011707,11.06322702526845
12,265,0,5.20013719078838
13,265,9.802790142541054,2.53207729669965
14,265,12,8.462045702310919
15,265,0.5785238093060596,1.6668916854151274
16,265,12,7.337193825317178
17,265,12,9.305691095541334
18,265,8.345329104641202,4.910177429006182
19,265,11.929523062963744,8.64706036042276
0,270,8.781653376484611,11.341860205305993
1,270,8.21220546932981,12
2,270,5.390444712163553,12
3,270,2.2496023192732024,8.828135438826994
4,270,3.264939451450487,7.433135950340989
5,270,8.40968283697064,9.806160268223554
6,270,6.045414876696385,11.149638652288358
7,270,8.939336564461957,6.765144326536242
8,270,8.012421585373753,3.812908514601486
9,270,8.638005934346033,5.283519955188153
10,270,7.782200668996036,6.153889685496686
11,270,7.285329433703836,10.999221671335086
12,270,0,4.95386794282974
13,270,9.775356307974791,2.579761926652611
14,270,12,8.44867649562522
15,270,0.5301459067119577,1.5957005624790466
16,270,12,7.478785236389752
17,270,12,9.350128861632777
18,270,8.284902847466224,4.934044237376872
19,270,11.966401816039028,8.61129076519741
0,275,8.882879786792353,11.358731481612038
1,275,8.015509380798587,12
2,275,5.616906160772121,11.960335309671724
3,275,2.214290888109955,8.940400408712831
4,275,3.2308183262335572,7.494420821728971
5,275,8.389996548373198,9.819869349138312
6,275,6.055433733346956,11.152158697718066
7,275,8.846755563136329,6.659141221466134
8,275,8.038574523962613,3.814736805635861
9,275,8.69251378034773,5.290257021103353
10,275,7.805038374613143,6.162627897241218
11,275,7.579956133172932,10.934035661106
12,275,0,4.724897569726521
13,275,9.749871378110798,2.6244213084285035
14,275,12,8.498602982116795
15,275,0.4883904408432176,1.53678420914466
16,275,12,7.62952104651169
17,275,12,9.39282117863152
18,275,8.21273370192025,4.961045920590397
19,275,11.972237221244345,8.605528738017162
0,280,8.986976917154307,11.37605072991009
1,280,7.81564373378456,12
2,280,5.811250589726342,11.92388917321552
3,280,2.1805449414522267,9.053700607056
4,280,3.1847930548024634,7.570424286861561
5,280,8.367551129517873,9.834925697601813
6,280,6.063619119907453,11.15417626459315
7,280,8.753921984995971,6.556276200102682
8,280,8.090108907367766,3.817459896493014
9,280,8.745553722490248,5.297687253360082
10,280,7.853992012871693,6.182038982322315
11,280,7.900878667347988,10.864208575178356
12,280,0,4.491708191370321
13,280,9.733148236861629,2.65497090349938
14,280,12,8.546943385021436
15,280,0.45356040134773523,1.4863199273112502
16,280,12,7.334610632074286
17,280,12,9.433624235749752
18,280,8.157524505879778,4.981615636600482
19,280,11.964002671691855,8.613995823964792
0,285,9.098707356132026,11.395763760602128
1,285,7.632006806003276,12
2,285,6.002226356365557,11.885548898440106
3,285,2.1513912342685084,9.149199002524652
4,285,3.1406176230069924,7.6465251885617525
5,285,8.334403378364179,9.85815637757405
6,285,6.082268103744365,11.158792195795503
7,285,8.656887614317764,6.453367783308766
8,285,8.111470298302981,3.819168188697404
9,285,8.784710138766844,5.302290415755362
10,285,7.916906475979123,6.209252286432184
11,285,8.235551081589705,10.789729228421923
12,285,0,4.256030755882698
13,285,9.716640864840326,2.687605389454669
14,285,12,8.605691381829926
15,285,0.4083038876418035,1.4202929714784915
16,285,12,7.025794692767214
17,285,12,9.476961238590624
18,285,8.100036058539068,5.002173832675294
19,285,11.944283524094669,8.633524518993573
0,290,9.21744348617853,11.419920562360005
1,290,7.4370262578453685,12
2,290,6.204342248217299,11.841788593332671
3,290,2.1245312271340415,9.22471727244751
4,290,3.1015143235956217,7.711912040312217
5,290,8.293403071996357,9.888213163665629
6,290,6.100706187022762,11.163322645618962
7,290,8.562635174350046,6.350556369607689
8,290,8.125189012525336,3.820384472152086
9,290,8.800001626674701,5.303927128109252
10,290,7.979547921469766,6.235600531048331
11,290,8.567735693053411,10.716727186327017
12,290,0,4.04714245283255
13,290,9.700051002253273,2.7196311579896557
14,290,12,8.674814672624503
15,290,0.3696163248357752,1.3660986420289924
16,290,12,6.746026434202351
17,290,12,9.51157484943646
18,290,8.034367759149365,5.025237145603156
19,290,11.92520307572619,8.651122713065538
0,295,9.33996292870966,11.445538308890868
1,295,7.2561504354254005,12
2,295,6.414592530003797,11.800053730946122
3,295,2.103512300153584,9.287783714896355
4,295,3.0632518307747993,7.775448773801163
5,295,8.248807700577524,9.917941212118755
6,295,6.118221967631517,11.167169097263992
7,295,8.4655324638405,6.251201391070285
8,295,8.136476012410156,3.8216324267856265
9,295,8.815631629168251,5.305175335775106
10,295,8.051743788644927,6.266258818794991
11,295,8.898519786472805,10.633272324101291
12,295,0.20954323816473652,3.9095433629510206
13,295,9.676617582844859,2.7650031446256293
14,295,12,8.747472206048132
15,295,0.32212625085980223,1.3028832558281942
16,295,12,6.475255273690968
17,295,12,9.533539717766272
18,295,7.966974209530386,5.04886691874532
19,295,11.927636400853494,8.648929289725823
