id,time,x,y
0,0,3.977904251183015,11.057886929203411
1,0,9.022923368429463,7.057991378775313
2,0,7.980207481771723,2.985724689136461
3,0,4.018246784603106,6.962729436835342
4,0,8.06581293746219,4.025887077641368
5,0,7.970208774131486,5.059901439472389
6,0,3.0724152321462013,4.0024989434214495
7,0,11.96801219458512,9.044731384342791
8,0,5.970144027959874,8.04730753932965
9,0,6.063911790719644,10.012605529797394
10,0,3.993196793858029,11.061515814218286
11,0,4.968407990986983,1.9595552775518363
12,0,8.005350426976058,0.045151725372924244
13,0,10.027095116202526,0
14,0,7.9954558862177185,2.9627106631207987
15,0,10.93440444068152,0.9854909926520192
16,0,5.946821427123678,7.957401181166452
17,0,2.0032592218784036,6.974185644059652
18,0,0,1.999139604673162
19,0,0,1.9872305354844668
0,5,3.959456656927085,11.10742458182319
1,5,9.042152881854173,7.106113090646588
2,5,7.9715692136611205,2.9795665041010686
3,5,4.033846285460939,6.930467860052715
4,5,8.124607831932114,4.04856110265456
5,5,7.93590447863711,5.127579215226118
6,5,3.133328731551268,4.004281087081316
7,5,11.935670194330493,9.091703731247616
8,5,5.927840597114279,8.108844559177268
9,5,6.124704123996328,10.02337480340912
10,5,3.9815389954650255,11.134580260851507
11,5,4.926444333597708,1.9062639580944614
12,5,8.013326598677981,0.10757570766309969
13,5,10.053192390543833,0
14,5,7.989886800100189,2.90227704791679
15,5,10.864569280516983,0.9712213532583203
16,5,5.8908035932286955,7.914520731888964
17,5,2.0063258822640213,6.949862324785093
18,5,0,1.998349145881298
19,5,0,1.9718814107901916
0,10,3.9387936268037502,11.158322351148021
1,10,9.05879406126862,7.150204951262375
2,10,7.95947873471512,2.9709004964039827
3,10,4.046593367544663,6.903516633088925
4,10,8.198386436651354,4.075769887491849
5,10,7.900140196788351,5.196261641678907
6,10,3.164396138265405,4.005041308590809
7,10,11.902049078328671,9.139776639201065
8,10,5.896962181971362,8.157998059410852
9,10,6.188083245835724,10.033708704273833
10,10,3.9671162710014887,11.218071490367809
11,10,4.884062513752397,1.8525105374690682
12,10,8.027060725716078,0.19015270451233718
13,10,10.073215980172993,0
14,10,7.9822153708907635,2.828006421873064
15,10,10.802636339481667,0.9585350191424798
16,10,5.831849582584365,7.872452142191287
17,10,2.009724673677983,6.924447160865798
18,10,0,1.9977689175794717
19,10,0,1.9587653468416204
0,15,3.9135710164060855,11.216198051245987
1,15,9.078816253154134,7.199171671836034
2,15,7.933928121513661,2.9526839234128346
3,15,4.050425549118774,6.895295561644836
4,15,8.25642329304244,4.09953507623166
5,15,7.848769236291871,5.296370549976109
6,15,3.2022060389589626,4.00586845690438
7,15,11.860330160159474,9.195253791388371
8,15,5.8738493683562005,8.193240313230966
9,15,6.221265540860801,10.039331473758233
10,15,3.953653057033144,11.299749828155207
11,15,4.826312026520457,1.782009138216095
12,15,8.045103124530607,0.304309713560299
13,15,10.097139836900421,0
14,15,7.97659078961525,2.747668963240865
15,15,10.744343541796727,0.947037933823337
16,15,5.776186730005115,7.831633467149076
17,15,1.9827185170941144,6.921368600133413
18,15,0,1.9986702809415677
19,15,0,1.9393038198376917
0,20,3.899091376912161,11.247837373431384
1,20,9.095595673034225,7.239356012173664
2,20,7.898575287071845,2.9285173502976365
3,20,4.059749176343684,6.876451563904709
4,20,8.325760026719998,4.126509405048337
5,20,7.798944282469216,5.397518996001063
6,20,3.237380989399589,4.007546647848183
7,20,11.818585113742728,9.249525468433742
8,20,5.857603419370979,8.21654440475081
9,20,6.2717143673325015,10.046484593095983
10,20,3.9401534527068964,11.383411141725198
11,20,4.755534816522677,1.6948838003695985
12,20,8.065265064416757,0.4296188532244586
13,20,10.127202704299936,0
14,20,7.971135369572198,2.6686846634241923
15,20,10.702779237915776,0.9382277154598325
16,20,5.728025906703087,7.79749191879602
17,20,1.9685065087920748,6.919304637270391
18,20,0,1.999970445380308
19,20,0,1.924791369047914
0,25,3.8838517820995957,11.281355213863037
1,25,9.107100547930294,7.268231861644379
2,25,7.88166901759318,2.9168700375511754
3,25,4.068131657572829,6.859162698835977
4,25,8.39045914702496,4.1508868880916605
5,25,7.751503938923994,5.488419128697238
6,25,3.2779927253990757,4.0094462344068384
7,25,11.781601541132916,9.301098874267765
8,25,5.8525238417654,8.223675236680291
9,25,6.317205848036407,10.05262667831772
10,25,3.9269709326037994,11.470505336355437
11,25,4.688555487570103,1.616135771162263
12,25,8.08430736162217,0.544047258621801
13,25,10.162824701548926,0
14,25,7.966388171516217,2.6004517145085533
15,25,10.68731272006271,0.9346802631660043
16,25,5.6851059661908305,7.76600696986054
17,25,1.936177747172514,6.913899897651656
18,25,0,2.0000979808513866
19,25,0,1.9056272279752942
0,30,3.866326858828215,11.319908950235675
1,30,9.118881197875499,7.299272049400939
2,30,7.862067892172624,2.9027678762249765
3,30,4.08671489971432,6.820040155914761
4,30,8.427456068893955,4.164070792035779
5,30,7.701373259192408,5.578031390235764
6,30,3.328300953240054,4.0115058352354644
7,30,11.740353434051155,9.35791636045467
8,30,5.853079616840404,8.222888522426013
9,30,6.337494334471958,10.05544049246529
10,30,3.912449801866988,11.549984085089909
11,30,4.625573444937478,1.537898217696416
12,30,8.104331541764392,0.6628292501976539
13,30,10.19130138111354,0
14,30,7.962354684544502,2.5330417351604257
15,30,10.69820865738968,0.9371608787914018
16,30,5.6246654648335435,7.720570353664089
17,30,1.8925616629758164,6.906851657505596
18,30,0,2.001631157153119
19,30,0,1.8926250935401936
0,35,3.8536406139556414,11.348656287357313
1,35,9.129540118596422,7.329536008469388
2,35,7.846665585178144,2.892033810836167
3,35,4.0933042511034134,6.804884031343235
4,35,8.485175723577022,4.183097775184987
5,35,7.659574983680302,5.65206419799277
6,35,3.3735755934643623,4.014400688949633
7,35,11.70731754800519,9.401907360188781
8,35,5.856889913789048,8.217574053523323
9,35,6.334845940052233,10.055105230158773
10,35,3.899754396916445,11.62995414070037
11,35,4.556931774190692,1.4517989554993096
12,35,8.120530423711848,0.7709051192153545
13,35,10.214067937329226,0
14,35,7.95973252122484,2.4899019347770364
15,35,10.68956739414837,0.9351219278784926
16,35,5.565880035369126,7.675175326138584
17,35,1.8501468191849169,6.900668385632838
18,35,0,2.002648570570362
19,35,0,1.8734273738462615
0,40,3.8419538580135506,11.37492046551748
1,40,9.142656770285704,7.363578373784846
2,40,7.824501594385852,2.8774174838298743
3,40,4.09587667944954,6.799141800279698
4,40,8.544504083214918,4.200699013244765
5,40,7.6199167023453205,5.723542994915419
6,40,3.410430551222937,4.016408561545435
7,40,11.681079587968124,9.437117406115728
8,40,5.8649065497497075,8.20634902493872
9,40,6.321725601705679,10.053368974891495
10,40,3.887513764044071,11.712429201746575
11,40,4.488282378979267,1.3640943029081638
12,40,8.137260463146067,0.8761174962829377
13,40,10.243091665402453,0
14,40,7.956279548088404,2.4523235930106724
15,40,10.670911707699682,0.9305479014340796
16,40,5.504167973608456,7.626900877302179
17,40,1.7966935784066267,6.893395319340301
18,40,0,2.0050149309909924
19,40,0,1.856000616647951
0,45,3.826616987009676,11.411146795960235
1,45,9.155657855598848,7.400629084059469
2,45,7.799133241042534,2.859888632016553
3,45,4.094887282305836,6.801418134425082
4,45,8.620600188462166,4.222783067923595
5,45,7.586953835106013,5.784449704306456
6,45,3.406050892867671,4.09558177872949
7,45,11.656598715095985,9.469975522139059
8,45,5.861118433635199,8.211267229411366
9,45,6.308066134451958,10.051511071201695
10,45,3.874860243819802,11.803718957722637
11,45,4.4074366693349525,1.263905072255649
12,45,8.156078341159173,0.9866002054483033
13,45,10.273476542706051,0
14,45,7.952144674574489,2.3912405865398143
15,45,10.640142803347805,0.9230197953902607
16,45,5.4459419311482575,7.581363334879206
17,45,1.7376219964280344,6.884884685751324
18,45,0,2.0053352613540887
19,45,0,1.8320707278865096
0,50,3.812184443931134,11.447997811361816
1,50,9.175611579678108,7.450054655341648
2,50,7.75915444548635,2.8326038060205256
3,50,4.100994333310101,6.787152605658677
4,50,8.670013129066513,4.237904626768092
5,50,7.554401354103748,5.844766451832294
6,50,3.4038606266345224,4.179469829241748
7,50,11.649128684913297,9.480190362992863
8,50,5.851753317346726,8.22321815936123
9,50,6.319053120039529,10.052945713892662
10,50,3.863095528168937,11.887068729686211
11,50,4.313048669646754,1.1481662290245112
12,50,8.179924965013399,1.1111378345926584
13,50,10.29178740509399,0
14,50,7.945929992741811,2.3167322809780906
15,50,10.616466151180763,0.9172811747727427
16,50,5.387292897551139,7.53489962239303
17,50,1.6693586073990907,6.875064199802331
18,50,0,2.0056605790699895
19,50,0,1.9105593732494663
0,55,3.794229983057334,11.49579903284256
1,55,9.194572775685854,7.498803714874868
2,55,7.725619411652031,2.808402836821429
3,55,4.1209242136263775,6.740640816445956
4,55,8.737730737074354,4.257635511219911
5,55,7.532088529364522,5.884887654065974
6,55,3.4011513378312164,4.27264389841919
7,55,11.637444783877894,9.495802504817846
8,55,5.839768124023837,8.238927891530121
9,55,6.3318322792098165,10.054491364145203
10,55,3.8503558600095293,11.981180454820842
11,55,4.2170779404802605,1.0303241516349817
12,55,8.203987423529634,1.2429306449721578
13,55,10.293342595318547,0
14,55,7.9384568762084955,2.2275809072096195
15,55,10.577520203811519,0.9068384861048421
16,55,5.320883252545287,7.482346892934611
17,55,1.6148153646062449,6.867609163044941
18,55,0,2.006741247016206
19,55,0,1.9851984431725034
0,60,3.7785096511443315,11.538840946828326
1,60,9.217794682114457,7.5529543462479
2,60,7.685562564755433,2.7783777106279657
3,60,4.131469730465722,6.716551402429788
4,60,8.801255094076414,4.27527909212993
5,60,7.5031713879257875,5.938587151242134
6,60,3.397648218825541,4.364240173227092
7,60,11.626755174428858,9.509731162718355
8,60,5.819534272476188,8.26515070479326
9,60,6.343662822462299,10.056135205265921
10,60,3.838226813579159,12
11,60,4.116598874476297,0.8961234127804889
12,60,8.227444770503945,1.3690842362464823
13,60,10.289976361758292,0.004316073668109959
14,60,7.930330795995876,2.125140216724625
15,60,10.529372555646635,0.8935348918905119
16,60,5.250547608212278,7.429370462136357
17,60,1.5608604498985508,6.860939569647342
18,60,0,2.0078583091089715
19,60,0,2.061049735225963
0,65,3.7625695234691037,11.582668904663887
1,65,9.237704214306374,7.600517478714052
2,65,7.645280713063745,2.7474379336354917
3,65,4.141882713385427,6.691715105659319
4,65,8.856880548009855,4.290190873603073
5,65,7.478478804856871,5.983284709373432
6,65,3.3943830096050314,4.507001132116278
7,65,11.61036902447172,9.53169626035892
8,65,5.796989478082335,8.29524405931159
9,65,6.368472746459064,10.059326460915809
10,65,3.823633608347719,12
11,65,4.017585252347527,0.7610874760851426
12,65,8.251256194054235,1.4832366584579197
13,65,10.292517108715234,0.001201498141464163
14,65,7.923168079241136,2.020440330082972
15,65,10.48905511151609,0.8831474630147111
16,65,5.174664545408185,7.37097860898917
17,65,1.4914990992969854,6.8517216230235425
18,65,0,2.008570112228841
19,65,0,2.1333244229947455
0,70,3.741575272633156,11.635298814602645
1,70,9.252927615629519,7.636692283795376
2,70,7.622671967742214,2.7302103377730376
3,70,4.153632724452782,6.664863020695992
4,70,8.919894132259355,4.305797076965482
5,70,7.449403635295481,6.036302681562966
6,70,3.395375785996954,4.633945931176679
7,70,11.606704614085626,9.536803826245162
8,70,5.779697817058655,8.318472062372106
9,70,6.419708204500939,10.064723648411437
10,70,3.8157766292219137,12
11,70,3.9258040151383757,0.6255813293596704
12,70,8.272922239063552,1.571554079271396
13,70,10.2930542898766,0.0005780634572630162
14,70,7.914781774247551,1.929573230975223
15,70,10.485002731791553,0.882044811635541
16,70,5.107225209344944,7.3184581082602005
17,70,1.4157483047157526,6.841935079244212
18,70,0,2.0088466858025424
19,70,0,2.2111194898919084
0,75,3.725427550183775,11.677540945641487
1,75,9.273828238743063,7.68511872064946
2,75,7.584586203251562,2.701016919286864
3,75,4.1542358702047215,6.663556845124182
4,75,8.966651781993342,4.317918232770355
5,75,7.4236817677334574,6.079618591305667
6,75,3.3977030414879343,4.766284844564612
7,75,11.612263644930666,9.528748565956871
8,75,5.770187661103385,8.331242798951534
9,75,6.494633388941675,10.072006719324968
10,75,3.80714095112995,12
11,75,3.847358328492415,0.5058625710819151
12,75,8.29697488252149,1.6640007921343762
13,75,10.283940394572685,0.01072690137472108
14,75,7.907189786124823,1.800019553050312
15,75,10.491101140024059,0.8600255100596205
16,75,5.031155654242223,7.257648760869092
17,75,1.3411487141680798,6.833839171928634
18,75,0,2.0088097490258745
19,75,0,2.2770322034706467
0,80,3.716627116008751,11.700728444688448
1,80,9.285179989137879,7.712311869819692
2,80,7.570367724561125,2.6904099422116174
3,80,4.165090134250424,6.640056217368922
4,80,8.995960880549134,4.325558419480713
5,80,7.3980004629138705,6.122143419705087
6,80,3.399070279701887,4.907415396069674
7,80,11.628087642344893,9.506013379557194
8,80,5.759837066845698,8.34562865126148
9,80,6.583338649603949,10.083202530994836
10,80,3.7961293760786776,12
11,80,3.7694529890250275,0.3904548342358899
12,80,8.3228434985466,1.765537400492832
13,80,10.26873897584191,0.02741244015760219
14,80,7.898411914180767,1.6833627266059894
15,80,10.500208281835139,0.8233809694334779
16,80,4.9472402478475574,7.191454819260314
17,80,1.2564866373484977,6.82405455441783
18,80,0,2.007885451189396
19,80,0,2.3509463732511175
0,85,3.7067582942926522,11.726194966152704
1,85,9.295749864380861,7.7364849872677
2,85,7.559151868840072,2.681493698102372
3,85,4.128258570494056,6.623434876189364
4,85,9.042079772693489,4.339797158466613
5,85,7.358513543606666,6.18351492183175
6,85,3.402321932659231,5.039727340273103
7,85,11.649455797814907,9.475314721768182
8,85,5.746870427403217,8.363805428631577
9,85,6.668660977295185,10.09244033261128
10,85,3.7887427668411644,12
11,85,3.696381956752965,0.282211667158481
12,85,8.344025256115192,1.8580724718283341
13,85,10.246264437883802,0.05132612091736834
14,85,7.891187718295969,1.5946057245880403
15,85,10.51165070940396,0.7784606834185146
16,85,4.8745934551802526,7.132019315690206
17,85,1.160828282740469,6.814498371264619
18,85,0,2.0055543687740323
19,85,0,2.408963494457766
0,90,3.694684554580401,11.757691532404289
1,90,9.300554021469486,7.747399317351873
2,90,7.553402449816912,2.6769989495738518
3,90,4.108566251035774,6.614570815540367
4,90,9.088667159220124,4.353273876893779
5,90,7.321741500217943,6.238780721818694
6,90,3.4042408169611504,5.167050343386473
7,90,11.668577503477108,9.44471748686071
8,90,5.736540010042626,8.377542301135245
9,90,6.660366734590824,10.172298170329844
10,90,3.779302407267306,12
11,90,3.6244615903689876,0.1736353198686318
12,90,8.366288334484596,1.955380093475722
13,90,10.20740339999917,0.09284301620007979
14,90,7.882025925088864,1.5130842757577563
15,90,10.523753522550969,0.7335461933989962
16,90,4.8180776423711835,7.086529211739155
17,90,1.044440193399177,6.805966985893432
18,90,0,2.0043817728708704
19,90,0,2.480021530261935
0,95,3.6758907200531596,11.800690595579614
1,95,9.306406578146497,7.76185751620286
2,95,7.538495277090939,2.6656126355943455
3,95,4.089032003180526,6.605864745830301
4,95,9.136667921611824,4.3661921418755245
5,95,7.2702463685722805,6.318150917824242
6,95,3.404466651798217,5.294651727631583
7,95,11.686218576869592,9.415060250425366
8,95,5.7226793836706165,8.397207915502616
9,95,6.652082040085656,10.260216971806058
10,95,3.7695532610746976,12
11,95,3.555107671385779,0.06214556637032134
12,95,8.388012298605561,2.043373367142191
13,95,10.150966201912956,0.15036717863354276
14,95,7.873765651494535,1.44213376129911
15,95,10.535347121428616,0.6899224565632346
16,95,4.756285001300207,7.035530523161703
17,95,0.9155157160869254,6.798176081088455
18,95,0,2.0033884833424884
19,95,0,2.5654512057330336
0,100,3.657439570372866,11.84212447255055
1,100,9.303050183872159,7.753883092979828
2,100,7.512985981999192,2.6456926988739236
3,100,4.062520438532867,6.593725229141901
4,100,9.204582054299998,4.384563104569282
5,100,7.209915121377653,6.409611782487272
6,100,3.4106673520425703,5.445039746933239
7,100,11.70614309895292,9.380328978534186
8,100,5.714552235975017,8.408367489828487
9,100,6.643391184719025,10.349574152326149
10,100,3.763310202553747,12
11,100,3.4868956280632273,0
12,100,8.402511593524581,2.10646886547081
13,100,10.111840014214346,0.1906358773057567
14,100,7.866359340278143,1.3637187356661657
15,100,10.546642375342005,0.6475209933282269
16,100,4.695495719055442,6.986049448071433
17,100,0.7939872863094488,6.79188660564678
18,100,0,2.0010391871170325
19,100,0,2.662124782669822
0,105,3.6351615925903134,11.891245565286562
1,105,9.300952180024375,7.748676571316708
2,105,7.484657423063556,2.6245924458028935
3,105,4.035904873018403,6.581862179242915
4,105,9.290242650920321,4.404635253141482
5,105,7.13438214724024,6.516786492495709
6,105,3.412446167004759,5.602774610289603
7,105,11.737604357129365,9.322913984077907
8,105,5.696053072295471,8.433889621428392
9,105,6.634559170371993,10.425313074443308
10,105,3.7585354462228624,12
11,105,3.4103417564649217,0
12,105,8.421304536270682,2.188511726783954
13,105,10.0926002088542,0.210568524841952
14,105,7.8571839376230574,1.2625093692679203
15,105,10.555573224862826,0.6140589550724455
16,105,4.642475937957548,6.941014255807406
17,105,0.6664121248189516,6.785549432643995
18,105,0,1.99789316460439
19,105,0,2.7507948331811063
0,110,3.6001762663620545,11.973607373179382
1,110,9.301116225576953,7.749087446419587
2,110,7.464103583138293,2.6088788326385375
3,110,4.007040212651087,6.5687651889395715
4,110,9.365171628673775,4.422911967053028
5,110,7.068293485500342,6.61274627278933
6,110,3.413476693776168,5.771875485639517
7,110,11.763049426265418,9.27843492401973
8,110,5.679168975871631,8.457842728901312
9,110,6.62526042995312,10.506184752840403
10,110,3.754899071440381,12
11,110,3.3297352990102485,0
12,110,8.437239481129007,2.264418358672257
13,110,10.082510091232395,0.22055314841924523
14,110,7.843338041820765,1.1514816426048564
15,110,10.558501525376737,0.6033742109298198
16,110,4.604068055215742,6.908809063119973
17,110,0.5477410294555454,6.782066823642916
18,110,0,1.9944196876239466
19,110,0,2.850654483673656
0,115,3.5653541241926394,12
1,115,9.300418298954206,7.747272244875919
2,115,7.453321316274272,2.6003711230890807
3,115,3.9875505849224506,6.560238500523933
4,115,9.418769796832912,4.435553818121185
5,115,7.001514143989933,6.713121631922275
6,115,3.4140691487671653,5.956192478474332
7,115,11.775323437205914,9.2569964241326
8,115,5.67168774104931,8.467541561650183
9,115,6.615840470724431,10.581685535444393
10,115,3.751155566318291,12
11,115,3.260470858329195,0
12,115,8.451291871251376,2.334873516017298
13,115,10.082253457211594,0.22080217623963777
14,115,7.829544756160072,1.0475802660449476
15,115,10.5586702997091,0.6027888606205777
16,115,4.552526868522676,6.8666656669557575
17,115,0.4437676615281758,6.778538004809737
18,115,0,1.9911880095801027
19,115,0,2.9569568188666278
0,120,3.519056169859832,12
1,120,9.298772680863454,7.742307392203165
2,120,7.442486428875114,2.592180726787323
3,120,3.972642631622946,6.553840768588587
4,120,9.482288598041388,4.451154044203264
5,120,6.941956310811067,6.801599353567727
6,120,3.4171897568564362,6.158047699624087
7,120,11.775527989035362,9.25663431428185
8,120,5.659044462517856,8.48345566834737
9,120,6.607131803243657,10.65507155339339
10,120,3.748394121341198,12
11,120,3.1729061618195993,0
12,120,8.462582803409354,2.3930661861238125
13,120,10.087716171228264,0.21574167946432565
14,120,7.815984515616039,0.9329888727715142
15,120,10.558232444149045,0.6042842785310141
16,120,4.514257648066088,6.836428742084092
17,120,0.35577999675630706,6.774343841314333
18,120,0,1.9862062084844485
19,120,0,3.074905185873129
0,125,3.630670495658876,12
1,125,9.304798354856246,7.76058203267331
2,125,7.443877392267392,2.5932570507953505
3,125,3.9408884722523534,6.541505745659516
4,125,9.549523573551829,4.4675675385786
5,125,6.876988871383952,6.895530819566798
6,125,3.421907123525298,6.355187771309452
7,125,11.783316190495594,9.24335060338304
8,125,5.669638167995501,8.470461756672549
9,125,6.600850989655793,10.718238926257982
10,125,3.7433477532107036,12
11,125,3.090024893879855,0
12,125,8.469459351829538,2.430431234702688
13,125,10.08561897321716,0.21769432883301398
14,125,7.799435844682294,0.8013882252919539
15,125,10.559095770195675,0.6012749938338808
16,125,4.464461463488714,6.798526530495961
17,125,0.27402404047760603,6.770623550560509
18,125,0,1.9783505304127011
19,125,0,3.1965207487093803
0,130,3.727156294037591,12
1,130,9.318469661907821,7.802200300502736
2,130,7.454954538781277,2.6017766613399433
3,130,3.922260017463478,6.534218999173393
4,130,9.61748367679105,4.48466398440618
5,130,6.806809117020908,6.998158422545918
6,130,3.4240724521686077,6.55129060939826
7,130,11.792823073568808,9.227445247046308
8,130,5.696086105943163,8.439248525602876
9,130,6.594004985520029,10.799230094605045
10,130,3.737879647596229,12
11,130,3.0001104135912886,0
12,130,8.475632384807588,2.462413739851231
13,130,10.079384183942397,0.22323466027698402
14,130,7.783636306946358,0.6612213521752501
15,130,10.566481689203426,0.5758472041895328
16,130,4.406864053829037,6.75272267163516
17,130,0.18747312877244626,6.7640933002835855
18,130,0,1.9706077964421058
19,130,0,3.3248446869174986
0,135,3.8345348249401265,12
1,135,9.333844305889247,7.85180232771847
2,135,7.470367820613197,2.6130912244421993
3,135,3.915009300077196,6.531265725108333
4,135,9.675296238887759,4.500080593813859
5,135,6.739654640436121,7.095221979863184
6,135,3.428082545723592,6.750420190351957
7,135,11.807659910195,9.202008091844064
8,135,5.71883364953729,8.413722852164616
9,135,6.586328622454225,10.881698417990075
10,135,3.673570383732468,11.993699110031441
11,135,2.908833062049311,0
12,135,8.478706255979812,2.478261824044605
13,135,10.078425725547607,0.22407351505869275
14,135,7.772722211224269,0.5304553618482114
15,135,10.573022689305324,0.5543926578103479
16,135,4.341956154443729,6.7004215175115664
17,135,0.11010541059279053,6.756710151848187
18,135,0,1.9664241918831795
19,135,0,3.4599129969800066
0,140,3.9450317751700967,12
1,140,9.354239179454348,7.917925032309464
2,140,7.475640977406987,2.616846846882903
3,140,3.9026141126101153,6.5263100667391765
4,140,9.66340510188309,4.543919177984913
5,140,6.675296216613459,7.192150214859074
6,140,3.4319244502640185,6.926989941313
7,140,11.81909903985036,9.181772934758076
8,140,5.729598490090901,8.402004720167644
9,140,6.577853404511331,10.970286952493366
10,140,3.593036568085103,11.987163592957744
11,140,2.8054348904537196,0
12,140,8.48064223829655,2.4882097777677905
13,140,10.062448237067088,0.23816476166477432
14,140,7.758281337380942,0.41689217462453276
15,140,10.581212009240692,0.5273231385534848
16,140,4.270271240146596,6.643875871779733
17,140,0.041964355535761014,6.753189139643518
18,140,0,1.9615595146108353
19,140,0,3.5975996762455655
0,145,4.055526815331255,12
1,145,9.3677707218826,7.96252317439672
2,145,7.4844175169759435,2.6234674994916327
3,145,3.908618615350845,6.5286086363093485
4,145,9.654429958687702,4.575425270001552
5,145,6.619699397395229,7.276348010410335
6,145,3.4323294572608725,7.114381748845705
7,145,11.827717585565743,9.166088562200217
8,145,5.744444402766264,8.385312895375666
9,145,6.572768352087599,11.052928516491894
10,145,3.5195582973359265,11.981789719983134
11,145,2.7159659210117937,0
12,145,8.483827181234803,2.5042955206069335
13,145,10.062916111122252,0.23776001396819188
14,145,7.747121346497,0.32461244804665756
15,145,10.591552045602043,0.49158730140950546
16,145,4.200250436867916,6.588053537352963
17,145,0,6.749536746820393
18,145,0,1.9560828944351512
19,145,0,3.731041104038429
0,150,4.18608153785467,12
1,150,9.386889220814577,8.023264624034287
2,150,7.473247658185625,2.6153089864532344
3,150,3.9048751139665927,6.527150541063251
4,150,9.648283091469125,4.5956083261508995
5,150,6.557686318260673,7.369948361585812
6,150,3.433786010822373,7.306255941971161
7,150,11.8416207884524,9.140065385723567
8,150,5.765008914360969,8.362201632287356
9,150,6.567044873055538,11.132045551884216
10,150,3.449962196625433,11.976236165906574
11,150,2.629828060157939,0
12,150,8.48537987763741,2.513227911408125
13,150,10.05805656184793,0.24190887104128975
14,150,7.739807831201766,0.2356556065344116
15,150,10.59965651337429,0.4614033379521764
16,150,4.138704361516751,6.540865462243608
17,150,0,6.747025551822463
18,150,0,1.9484612945346935
19,150,0,3.858774035567145
0,155,4.318291701971058,12
1,155,9.3996236033397,8.06631771154906
2,155,7.450503854228136,2.599435396108199
3,155,3.879638239235,6.516672864004381
4,155,9.640377368409172,4.623738659392393
5,155,6.49372943738053,7.4628114106552355
6,155,3.4338862245378112,7.4904439992500915
7,155,11.860547792957515,9.103102472796722
8,155,5.784395494173932,8.341348628021512
9,155,6.56175593732919,11.196933082564774
10,155,3.38948385823547,11.9720331916758
11,155,2.543431420932244,0
12,155,8.483856117557785,2.503941876967781
13,155,10.05144553996316,0.247277247504218
14,155,7.733170436919017,0.13469335827336476
15,155,10.602131510106926,0.45105845993601057
16,155,4.075016771207604,6.4921895580118445
17,155,0,6.7461759146795295
18,155,0,1.9409423346039443
19,155,0,4.0128971244216824
0,160,4.453112638547135,12
1,160,9.412174795642589,8.110479515816007
2,160,7.430547284307112,2.5857068229589513
3,160,3.8738701708008954,6.514210438324542
4,160,9.629538296876143,4.664285906690454
5,160,6.417638035093929,7.571962554101214
6,160,3.4321159959544802,7.661382646656977
7,160,11.879542592883885,9.068852005827672
8,160,5.801010624255362,8.323665957831835
9,160,6.555400948526664,11.276103103326488
10,160,3.325931401673694,11.967221617471214
11,160,2.4596992767199217,0
12,160,8.477493618121906,2.471199164862559
13,160,10.057757862708224,0.24208435905001077
14,160,7.724329905446134,0.023502726346356487
15,160,10.59437890258803,0.4832350389656521
16,160,4.017939230698684,6.451116713084945
17,160,0,6.744397697963478
18,160,0,1.9350822678111887
19,160,0,4.1878975129171945
0,165,4.600453991032247,12
1,165,9.374055243310497,8.120374384374824
2,165,7.3870577231785965,2.5554433379554324
3,165,3.866731489825241,6.511088644560383
4,165,9.613628795262056,4.72687123879954
5,165,6.335738485154382,7.684887868639601
6,165,3.4303925238468826,7.845460221476824
7,165,11.897324834432423,9.036413401907557
8,165,5.823621051420542,8.300591145933824
9,165,6.5480688858840725,11.367860603388225
10,165,3.245303745863562,11.960815285802502
11,165,2.379903240364244,0
12,165,8.470314175342663,2.4304718660117652
13,165,10.064234904463888,0.23706787841947752
14,165,7.71650364556283,0
15,165,10.590698854555146,0.49940209566343813
16,165,3.965242366415509,6.414081833145494
17,165,0,6.743193488854545
18,165,0,1.9299350158468138
19,165,0,4.350764924487805
0,170,4.761898705037543,12
1,170,9.325002017162701,8.13407136359651
2,170,7.360906386386776,2.5374325717879773
3,170,3.8683344709504066,6.511794623164019
4,170,9.59730691125078,4.79182811006264
5,170,6.269235507234321,7.775204037823972
6,170,3.4307980413624,8.023307948127753
7,170,11.92062839078479,8.99069019798481
8,170,5.84391786431549,8.280809235440737
9,170,6.540535486640824,11.478637025324819
10,170,3.1522801903949222,11.954382911209846
11,170,2.3040423373433363,0
12,170,8.463400231081847,2.394187905900262
13,170,10.06264103713564,0.23831413137644972
14,170,7.709864369576676,0
15,170,10.585216383912085,0.5259510581348891
16,170,3.9124332709621843,6.377020211021106
17,170,0.029579507475442336,6.7453141512950605
18,170,0,1.9221327678818774
19,170,0,4.5203906641500256
0,175,4.917332609369736,12
1,175,9.288643746090095,8.145244661246068
2,175,7.3317316385476845,2.5182059989775545
3,175,3.8647069367062907,6.510131186179767
4,175,9.581209242464574,4.850663539807449
5,175,6.202628855337243,7.863830742619094
6,175,3.43387008338275,8.221033079536971
7,175,11.93796276188974,8.954549270204977
8,175,5.8658767937155645,8.259020832208918
9,175,6.5303172224695425,11.622507092162545
10,175,3.0743693575918734,11.949495019258485
11,175,2.235819558724123,0
12,175,8.457062679968697,2.3590380861141935
13,175,10.048547585659506,0.24894539497435797
14,175,7.7015773979927475,0
15,175,10.580928312403032,0.547511505381895
16,175,3.835330513512709,6.3227539856941855
17,175,0.05330675907137072,6.746768219884844
18,175,0,1.9131671149079823
19,175,0,4.699063749300054
0,180,5.062576286115523,12
1,180,9.254537183406235,8.156868762776753
2,180,7.305746775861707,2.500607969075247
3,180,3.8606660036441753,6.508165032198509
4,180,9.563001628132662,4.92961775403253
5,180,6.13587705139215,7.951626084668095
6,180,3.4446004997510764,8.437301414019007
7,180,11.952823054095592,8.923775446271398
8,180,5.883860702553122,8.241011838024438
9,180,6.520642104404112,11.78539236442681
10,180,2.9884641985925127,11.944160047702956
11,180,2.1703946098080533,0
12,180,8.453194129071944,2.338385430079117
13,180,10.017191490097897,0.2722991569342121
14,180,7.69592354732764,0
15,180,10.576857856978544,0.5683179705388699
16,180,3.756480611735444,6.26573019208465
17,180,0.08454828486545582,6.748736922331841
18,180,0,1.9053419295993215
19,180,0,4.882011841079118
0,185,5.20713550892071,12
1,185,9.217628806312952,8.169303232722124
2,185,7.284836411637277,2.486871853854308
3,185,3.84436452753355,6.499870643557905
4,185,9.547848491439938,4.99588802859397
5,185,6.070503671518753,8.041259343203595
6,185,3.449385420062254,8.630500288713094
7,185,11.971406156835227,8.884885477956983
8,185,5.9049112647368664,8.22003477704148
9,185,6.515377626252919,11.967346408894466
10,185,2.8801862851224085,11.936858591616412
11,185,2.106218276681762,0
12,185,8.452347474496094,2.3338530921562994
13,185,9.975071436934492,0.30274464680222046
14,185,7.690510794413796,0
15,185,10.57300262735362,0.5883007760426081
16,185,3.69343862875398,6.219788289308617
17,185,0.11927420968306765,6.7514400448907335
18,185,0,1.8973645513409756
19,185,0,5.065216686770033
0,190,5.325499632179864,12
1,190,9.160546607781859,8.18831969015317
2,190,7.272075417744428,2.4787098302371007
3,190,3.8323716805149144,6.493505613591125
4,190,9.533352605704522,5.061448400174014
5,190,5.99952888435451,8.13613217870008
6,190,3.45667791135345,8.801881683860028
7,190,11.989086802275043,8.847303907337333
8,190,5.92789950764474,8.196966374624997
9,190,6.506460023006375,12
10,190,2.784574244805231,11.928787688487219
11,190,2.0555956853674204,0
12,190,8.44922833486701,2.3149559434854146
13,190,9.92121259886438,0.3409526139524042
14,190,7.684737607823351,0
15,190,10.56940415196953,0.6133301173121745
16,190,3.644275890136264,6.183143260615253
17,190,0.14976854640391643,6.753837259549852
18,190,0,1.890981031819787
19,190,0,5.242115238472054
0,195,5.423714015350706,12
1,195,9.106602189624791,8.20673705079999
2,195,7.262044255586983,2.472298117727344
3,195,3.818203256117187,6.4857951630639805
4,195,9.523508890128685,5.107227786331674
5,195,5.928602168930361,8.237214559863524
6,195,3.463630535510266,8.993222310752914
7,195,12,8.803313146709725
8,195,5.945123739721072,8.178536243092537
9,195,6.495576416390124,12
10,195,2.6895425448213484,11.921442720400714
11,195,2.0042679484465697,0
12,195,8.445399301187868,2.289078624989756
13,195,9.860001549478401,0.3840342510307249
14,195,7.682039718675737,0
15,195,10.568722304441048,0.6186618304707187
16,195,3.607622265480036,6.155500998495423
17,195,0.19845110377251213,6.757647101995825
18,195,0,1.8858175360574423
19,195,0,5.425702308363986
0,200,5.510943179746339,12
1,200,9.06459349154564,8.221603507235196
2,200,7.2548349363848015,2.4676774759187414
3,200,3.795736698499982,6.473213436278039
4,200,9.511151757283395,5.163661667164416
5,200,5.866250454803943,8.329598634378087
6,200,3.4759278483778173,9.188109226414104
7,200,12,8.75236301227987
8,200,5.973039160218105,8.14868512244777
9,200,6.484653745086045,12
10,200,2.5966245885154517,11.916429388097873
11,200,1.9428469153111736,0
12,200,8.44404173899562,2.28040764750749
13,200,9.801871275550122,0.4253487372908369
14,200,7.678337487130494,0
15,200,10.550747863509612,0.6166789242237452
16,200,3.5606152506004154,6.121519910922091
17,200,0.27182115175156935,6.7636434218328345
18,200,0,1.8803111645808064
19,200,0,5.626765395784408
0,205,5.604605038250973,12
1,205,9.016629810617799,8.239393188467018
2,205,7.235267272454139,2.4555696737841606
3,205,3.778348335218956,6.463326391866355
4,205,9.496216228319895,5.233361647521954
5,205,5.805212212370074,8.420837724216208
6,205,3.483665753948453,9.379113989206836
7,205,12,8.70516986056194
8,205,6.008691155109487,8.109475704372326
9,205,6.471905204481783,12
10,205,2.504677263500628,11.912720717826064
11,205,1.880659234724146,0
12,205,8.43980202187118,2.2601238553674983
13,205,9.728008174766998,0.4768958008551694
14,205,7.677083268999148,0
15,205,10.53851570322688,0.6153363887702894
16,205,3.5052908916824226,6.082693152191402
17,205,0.3547458932174578,6.7740317707724795
18,205,0,1.8730507048553486
19,205,0,5.827511583373961
0,210,5.705775936674638,12
1,210,8.974979210225953,8.253522951241814
2,210,7.245644785807447,2.46215619498727
3,210,3.781999785795257,6.465305216346208
4,210,9.482640396402587,5.302273842129362
5,210,5.745086060974795,8.510818725960796
6,210,3.4965657207358385,9.563666473769874
7,210,12,8.65421783244347
8,210,6.0509791857585356,8.061888418532124
9,210,6.452917616947276,12
10,210,2.4192857732526893,11.909179119157102
11,210,1.8118978894962854,0
12,210,8.437336857021014,2.24819840303331
13,210,9.650433361408515,0.5281817502426797
14,210,7.6776847178145795,0
15,210,10.492815289578846,0.6089705834889331
16,210,3.457811462542711,6.050434413552454
17,210,0.44485844882708037,6.7831117189748795
18,210,0,1.8647992366153687
19,210,0,6.020486004493437
0,215,5.828972381682538,12
1,215,8.928501690670071,8.267568171359287
2,215,7.2639827113723205,2.4732299127107904
3,215,3.774419469364107,6.461134370512044
4,215,9.470943271311414,5.364519794912262
5,215,5.685047383065412,8.60222250377581
6,215,3.515611447072929,9.721006366996853
7,215,12,8.586685841440703
8,215,6.079473902795563,8.02792123553959
9,215,6.432320442673495,12
10,215,2.3381066323333926,11.907839636182908
11,215,1.7348792085147513,0
12,215,8.436595491918801,2.244501642407293
13,215,9.575942153550677,0.5760996089785047
14,215,7.676238391911368,0
15,215,10.463980794183133,0.604949002244927
16,215,3.3914902608244866,6.005259686751878
17,215,0.557449386572547,6.792332019171964
18,215,0,1.8535165370442126
19,215,0,6.20934991487707
0,220,5.952720902240167,12
1,220,8.893883530691859,8.277200914531177
2,220,7.2770735751116575,2.4814021807265854
3,220,3.7667337163794317,6.457052607594945
4,220,9.462782132443705,5.410100828680275
5,220,5.617234978922198,8.705334012053585
6,220,3.5360601382924735,9.887355463637554
7,220,12,8.540688845651935
8,220,6.095543004867264,8.008634350971496
9,220,6.411428323500585,12
10,220,2.245573219441955,11.90526019924995
11,220,1.6635314403174168,0
12,220,8.434578714752938,2.23470411158063
13,220,9.511219272996978,0.6156655973223004
14,220,7.674781477418154,0
15,220,10.406104438123934,0.5969494282947827
16,220,3.317855623280394,5.955726708272081
17,220,0.6918311545148532,6.805384710575083
18,220,0,1.841975938150189
19,220,0,6.400672918685414
0,225,6.0995066890495035,12
1,225,8.864290309746004,8.285246000147733
2,225,7.281856293776526,2.484514784870026
3,225,3.7596440761362127,6.453264528697073
4,225,9.455706519037479,5.4508760325609575
5,225,5.551787001529997,8.809555873673272
6,225,3.5589990165729652,10.060702715859462
7,225,12,8.474722445450174
8,225,6.126324886835191,7.972071848878706
9,225,6.3939140303516355,12
10,225,2.150197265086405,11.90587643976371
11,225,1.5955269976233157,0
12,225,8.427827947506906,2.20490291740095
13,225,9.45166460577704,0.6519765687194516
14,225,7.674140035520225,0
15,225,10.345429686404113,0.5898901948913657
16,225,3.2310168534547508,5.8903838946051925
17,225,0.8126594433118507,6.814847359661355
18,225,0,1.8310074271622117
19,225,0,6.614278663266047
0,230,6.252220287843,12
1,230,8.87141724203297,8.283303877318538
2,230,7.27777469272714,2.4818766729166413
3,230,3.750282243431836,6.448740539990608
4,230,9.447268992264474,5.500792703421152
5,230,5.494566123273131,8.898716070156661
6,230,3.5844297226530184,10.245511216091753
7,230,12,8.400339982196337
8,230,6.155517599848916,7.9388608540522725
9,230,6.383477073651807,12
10,230,2.0490308583356778,11.90426686111051
11,230,1.5240593269230405,0
12,230,8.422453838986094,2.183132061203969
13,230,9.407554788865847,0.6773830569553866
14,230,7.676253991526075,0
15,230,10.29210371842526,0.5831813988936211
16,230,3.1475045351496145,5.826130147880518
17,230,0.9064470999059759,6.820838073264462
18,230,0,1.8206445785273473
19,230,0,6.806867978332611
0,235,6.403772621744168,12
1,235,8.883773731670214,8.279974399316574
2,235,7.291673738454245,2.490991608322214
3,235,3.73332660204832,6.44043847038738
4,235,9.438433623053246,5.559572578835648
5,235,5.430530803717542,9.000349763288598
6,235,3.617493822148179,10.44925083564001
7,235,12,8.33800330947235
8,235,6.180789517679884,7.908887047215678
9,235,6.377417321087722,12
10,235,1.9563292918919502,11.902937978578702
11,235,1.458043936282837,0
12,235,8.421010101687255,2.17770702172558
13,235,9.363692787534807,0.7033408474906416
14,235,7.675552445033141,0
15,235,10.237812193381002,0.5757318549196478
16,235,3.07060839281953,5.7669965388599005
17,235,1.0104721944800763,6.826317773930264
18,235,0,1.8088259051752296
19,235,0,7.011479442016829
0,240,6.558848112005038,12
1,240,8.889718846283499,8.278324361419495
2,240,7.310244441740572,2.5029915355102244
3,240,3.7254083394651603,6.436538574499904
4,240,9.430452727420674,5.611815884218868
5,240,5.374246153292304,9.087011920772268
6,240,3.6565226461620655,10.671765396641545
7,240,12,8.266500658848107
8,240,6.189463601936846,7.898696162191364
9,240,6.372651065135594,12
10,240,1.877599764208018,11.899775287697274
11,240,1.3869675605173595,0
12,240,8.418242820389697,2.1665468437375193
13,240,9.344205576173879,0.7149368578048426
14,240,7.672873271480346,0
15,240,10.194669456501348,0.5685594890243748
16,240,2.9910684715303444,5.708328889435784
17,240,1.0978301543822209,6.831729246113416
18,240,0,1.803215690314569
19,240,0,7.225494394483506
0,245,6.716070388220772,12
1,245,8.9079174532073,8.272552321521687
2,245,7.339569545499968,2.524179312467086
3,245,3.723134498835318,6.435463397412909
4,245,9.419146654383175,5.692278235450728
5,245,5.3140248359204145,9.176757387942963
6,245,3.696136032753366,10.90789049529753
7,245,12,8.165738265250376
8,245,6.20777101168405,7.877022432274479
9,245,6.3704965092665855,12
10,245,1.7938889318020443,11.8948375224077
11,245,1.3069665068842151,0
12,245,8.414732319537256,2.152382359132775
13,245,9.325128514239271,0.7262223521954619
14,245,7.6677189961456005,0
15,245,10.160450109608531,0.5631008783688184
16,245,2.9077383489177513,5.642737133953601
17,245,1.1767046429510095,6.835150474964202
18,245,0,1.7960824087176614
19,245,0,7.4376439131907235
0,250,6.8415164456091935,12
1,250,8.948182115189509,8.259576068253603
2,250,7.351194693135013,2.5324253618858767
3,250,3.727146487935306,6.437418706710652
4,250,9.407592946836525,5.775594914445297
5,250,5.2519916740653425,9.265324728270622
6,250,3.7285765669454984,11.14441278002901
7,250,12,8.074459506162873
8,250,6.227069178205542,7.854241206974823
9,250,6.361297414561184,12
10,250,1.6919025558323812,11.888421974295674
11,250,1.2258778044536642,0
12,250,8.411573370017422,2.140230260321755
13,250,9.313385772835815,0.7331890924701546
14,250,7.663187459064732,0
15,250,10.11898850874473,0.5565161072472469
16,250,2.8329402496803158,5.578712730227737
17,250,1.2541510499051796,6.837305606446949
18,250,0,1.7888871279634413
19,250,0,7.65285584913994
0,255,6.970303162524963,12
1,255,9.011606385333982,8.238204262787491
2,255,7.38102281114684,2.5530043283084902
3,255,3.749819569200108,6.448373210398843
4,255,9.398965322984893,5.844709063255847
5,255,5.178652250716328,9.370921811930499
6,255,3.7607380776422628,11.373513122349534
7,255,12,7.974603120502722
8,255,6.258841967670267,7.815710374171474
9,255,6.3528767677294224,12
10,255,1.5866323889275402,11.884787159378345
11,255,1.1437776768546895,0
12,255,8.41052251401493,2.1366392320288927
13,255,9.29560248476843,0.7437189982830338
14,255,7.661377009395323,0
15,255,10.057303615775576,0.5457197296736825
16,255,2.7445546313066815,5.504898215129329
17,255,1.3343016687510387,6.839615429362074
18,255,0,1.7821034491686898
19,255,0,7.850998309473981
0,260,7.121101278403175,12
1,260,9.083546015480277,8.212511289122718
2,260,7.406962032982472,2.571595234684504
3,260,3.7743187838724244,6.461093838397449
4,260,9.390564034540217,5.907055510864824
5,260,5.109141463478091,9.464902495403111
6,260,3.797468544407486,11.622853674332717
7,260,12,7.862580946259089
8,260,6.307139929457979,7.759056615185264
9,260,6.339157894413866,12
10,260,1.4755145697927174,11.879152255334718
11,260,1.0651435597526278,0
12,260,8.408741962148309,2.1307861950819853
13,260,9.260859324699084,0.7636268134850123
14,260,7.660276280241007,0
15,260,10.004512602633616,0.5363057057473484
16,260,2.653995177714238,5.4247534455659645
17,260,1.4281333815352608,6.8407767345236135
18,260,0,1.7721333098464926
19,260,0,8.053495160922264
0,265,7.279753512043927,12
1,265,9.161389944373836,8.184790552013414
2,265,7.431295755871803,2.588162680376682
3,265,3.806768068811206,6.477954239615405
4,265,9.382051768266278,5.961527116385705
5,265,5.043726408267156,9.555267054772747
6,265,3.834362626960084,11.872781401832263
7,265,12,7.739734551968927
8,265,6.349019387267242,7.710683300056704
9,265,6.3273407459102575,12
10,265,1.3658726460848305,11.874501975645027
11,265,0.989320559718701,0
12,265,8.407248960286983,2.1260123965414564
13,265,9.229620342219354,0.7814646233496069
14,265,7.658938034025308,0
15,265,9.981611834225964,0.5322750549947965
16,265,2.5539656446133256,5.339574432573007
17,265,1.497633543593425,6.8403364572019285
18,265,0,1.7643408648269965
19,265,0,8.292898359639334
0,270,7.4337875602302494,12
1,270,9.23984527050831,8.157344412745696
2,270,7.464256624418028,2.6102423165708353
3,270,3.8486850197324505,6.499436489400798
4,270,9.372984029093455,6.0280857576896345
5,270,4.976200787104108,9.649783347900398
6,270,3.8752985910738245,12
7,270,12,7.624363859471429
8,270,6.387404512421139,7.6674051766806235
9,270,6.313718963797751,12
10,270,1.2732969621174337,11.871117286830954
11,270,0.9113693175671757,0
12,270,8.401082299427216,2.105258192900653
13,270,9.187752976282392,0.8051178825509999
14,270,7.660468670300764,0
15,270,9.953590193096925,0.5271674240002623
16,270,2.440197684366915,5.2358647017223845
17,270,1.5485122968467802,6.8408658210787845
18,270,0,1.7603194904443968
19,270,0,8.51941084026825
0,275,7.570167205541612,12
1,275,9.296474252925755,8.138370152282276
2,275,7.478916224914831,2.619784713614717
3,275,3.8753633439141137,6.51331475022811
4,275,9.363132428514321,6.095466052550148
5,275,4.906442578645033,9.74913865852056
6,275,3.9138632755630844,12
7,275,12,7.499905679474548
8,275,6.424747860272642,7.623663425020215
9,275,6.297742876394488,12
10,275,1.146661768617437,11.862420078323979
11,275,0.8352583091232622,0
12,275,8.39526695600459,2.0845176592157353
13,275,9.13599809916852,0.8339551101669533
14,275,7.660938328381326,0
15,275,9.93303264570631,0.5236459911704808
16,275,2.3272369916823648,5.132313429544713
17,275,1.6209431112781423,6.840503277791287
18,275,0,1.7552152806507957
19,275,0,8.745284636303403
0,280,7.723522680413398,12
1,280,9.36882681782316,8.112976370557968
2,280,7.494061120305029,2.6295049482113257
3,280,3.898454137859352,6.525783046320906
4,280,9.350675803390766,6.176764208615688
5,280,4.823558186194308,9.86578554915804
6,280,3.9476092551026047,12
7,280,12,7.354304278783473
8,280,6.461128354927343,7.581408965226343
9,280,6.28666042299772,12
10,280,1.0123298786122268,11.850502779808927
11,280,0.7743803591287567,0
12,280,8.393208655838142,2.0770400997038085
13,280,9.067963750861962,0.8714048195670078
14,280,7.660513017823672,0
15,280,9.894759364170747,0.5163784881990268
16,280,2.225546912843759,5.034409272798444
17,280,1.6713336395259009,6.840003078646464
18,280,0,1.7470436500005793
19,280,0,8.98007205219454
0,285,7.869199751012241,12
1,285,9.428723146581781,8.091134584035732
2,285,7.509790619400114,2.6396892787823587
3,285,3.933083829766172,6.543954676387625
4,285,9.337335908420114,6.252402439558339
5,285,4.740645858730305,9.978699720517252
6,285,3.981950532449597,12
7,285,12,7.2073597756289285
8,285,6.491551374169869,7.545528597311894
9,285,6.2746635283918515,12
10,285,0.8949178052245568,11.841897868156419
11,285,0.7181693162726194,0
12,285,8.39803493109152,2.09434066114618
13,285,8.985403393083345,0.9183906046982018
14,285,7.659931621240194,0
15,285,9.872356112978252,0.5124558080576299
16,285,2.1169113250444154,4.928660359858404
17,285,1.7199417465059617,6.839624864952339
18,285,0,1.7358064582849664
19,285,0,9.225015937295717
0,290,8.02650329332911,12
1,290,9.49344104072028,8.065829553685804
2,290,7.502399073957919,2.634984600438584
3,290,3.9620434506636095,6.5603332381695285
4,290,9.326448640057473,6.306634202338442
5,290,4.654715084065739,10.092204855578071
6,290,4.013046910309592,12
7,290,12,7.059602354821774
8,290,6.530006454946243,7.499494587230383
9,290,6.259021462829944,12
10,290,0.7803893007507879,11.832729743431534
11,290,0.6491018788804671,0
12,290,8.40394482160837,2.1173718568173094
13,290,8.91057837225153,0.9617851536409306
14,290,7.65644058944887,0
15,290,9.86339544764403,0.5107381137763515
16,290,2.0234826991343495,4.837290597655169
17,290,1.7741023686627801,6.83897596467225
18,290,0,1.725216729437765
19,290,0,9.467607561000039
0,295,8.210770757200551,12
1,295,9.559654566962626,8.041282554439883
2,295,7.508370084218593,2.6388504674417854
3,295,3.992185433593153,6.576963574621325
4,295,9.31395293536953,6.369381019839398
5,295,4.562315827533345,10.21167820297796
6,295,4.048694820593719,12
7,295,12,6.9185228062859085
8,295,6.57801008352598,7.442163674187357
9,295,6.241587707900278,12
10,295,0.6758058572668968,11.82489965453898
11,295,0.5802705528827082,0
12,295,8.401377236075286,2.1075319599344255
13,295,8.852039422352744,0.9944616688929458
14,295,7.6510664082637945,0
15,295,9.85393108743318,0.5088719203293204
16,295,1.940440552282943,4.758319221417474
17,295,1.8258114196636226,6.840008957680028
18,295,0,1.7171097844538925
19,295,0,9.70827003324788
