id,time,x,y
0,0,9.963004651295638,7.041932941684897
1,0,5.982456211147201,4.956517208611809
2,0,7.056140691213565,8.016926979492286
3,0,9.9570377616479,8.039954092043503
4,0,0.9310281955416225,8.003152656763069
5,0,1.0044350184441577,9.950714863749019
6,0,0.0849572237336413,6.99216762640223
7,0,9.997051018480544,0.017164077316735787
8,0,12,9.066890177928212
9,0,2.976483106501521,2.9931397487495737
10,0,11.025235930789878,6.0201626307361265
11,0,0.017710451630403787,1.03698956846084
12,0,5.016025369206836,10.975808427023608
13,0,9.981550509234491,7.042974369993456
14,0,6.042642290731676,8.988262770511243
15,0,5.977581886331434,11.94900790620774
16,0,2.0018341414183576,0.9580782777404092
17,0,5.046553163656157,4.004460635350348
18,0,6.021722602331922,3.0374562071514863
19,0,12,6.963446699672885
0,5,9.93219452462829,7.0778404422288155
1,5,5.961554540738755,4.90787891923915
2,5,7.100192200333892,8.030511285781882
3,5,9.91939516609525,8.07539879275728
4,5,0.842167436955959,8.005169591473276
5,5,1.008819140858817,9.89593347475563
6,5,0.16948090969982105,6.984560554159333
7,5,9.994334913759621,0.03448074791282307
8,5,12,9.132981857515976
9,5,2.939000933025368,2.9820726084987323
10,5,11.034786268825348,6.027792882146876
11,5,0.04581304063367398,1.096700299325192
12,5,5.029304298855946,10.956179846912146
13,5,9.965477082086313,7.080346805092982
14,5,6.07423014672413,8.981043626973877
15,5,5.952802759602803,11.892609772611333
16,5,2.0024558502180088,0.8933248081084825
17,5,5.083553148575757,4.00722368572031
18,5,6.050392907436126,3.0873003095836733
19,5,12,6.930289939390871
0,10,9.906372108291318,7.1083134936093035
1,10,5.937185641128444,4.848736693055438
2,10,7.172888464255737,8.052834120295802
3,10,9.872646688227213,8.122421418355504
4,10,0.7495080580382916,8.007048419638151
5,10,1.013454033943806,9.83208631500545
6,10,0.22348063272596227,6.978708525180026
7,10,9.981460173827125,0.03289862099060539
8,10,12,9.204575915600387
9,10,2.915266112674005,2.9749741949236164
10,10,11.066376765092583,6.053518701772494
11,10,0.07356151769878619,1.1581820361154953
12,10,5.031179874655996,10.953445881865843
13,10,9.945436074392537,7.126493487971721
14,10,6.09990223845471,8.974650603704397
15,10,5.932222140315353,11.843437588697546
16,10,2.003806194114127,0.8379250457479928
17,10,5.124486301315172,4.01057519150907
18,10,6.080078867028434,3.1358656920963623
19,10,12,6.904557850204419
0,15,9.872134085664698,7.150688013161883
1,15,5.910599401106167,4.786740931334214
2,15,7.233853277261651,8.071062982756295
3,15,9.827057216898394,8.166563465143588
4,15,0.6418704241545016,8.012763597746158
5,15,1.0184161900250626,9.763088900457051
6,15,0.26971362578842384,6.972473072330547
7,15,9.965404948377227,0.03134510756021824
8,15,12,9.288921957427384
9,15,2.8707058049994743,2.962437284212754
10,15,11.105856858768199,6.086190330878205
11,15,0.10024377285487822,1.217719149552105
12,15,5.032515442635926,10.951504954476947
13,15,9.923024114565763,7.182933666039868
14,15,6.138613787123634,8.96529748249697
15,15,5.913048592003553,11.79948523948788
16,15,2.0050860364505216,0.7756484060569672
17,15,5.177411052937943,4.013853985458118
18,15,6.1052429481255714,3.1739689281014196
19,15,12,6.881362638662027
0,20,9.827154784707975,7.205226091713534
1,20,5.883427440108613,4.7261514542224585
2,20,7.277247169732802,8.083928486872498
3,20,9.777414161316845,8.216514523546932
4,20,0.5341617090462466,8.017918211520454
5,20,1.0248948698331808,9.677336425568162
6,20,0.317598735686253,6.966280170011387
7,20,9.967327939242315,0.031543780700248554
8,20,12,9.38158036097893
9,20,2.816515356214202,2.948094348082633
10,20,11.144222306286043,6.1195682631263315
11,20,0.13004746023247324,1.2826435291931284
12,20,5.030871921949178,10.95383510767069
13,20,9.908228815669034,7.220660485559691
14,20,6.1737150911147864,8.957261521300909
15,20,5.892845406932968,11.754161941961865
16,20,2.007731786479046,0.6801382696468513
17,20,5.239987650985414,4.017662590734866
18,20,6.136913970883592,3.219193730391548
19,20,12,6.853896522184356
0,25,9.882667409896184,7.254249986121623
1,25,5.851287127803826,4.655561166488843
2,25,7.304310700634332,8.092475509114763
3,25,9.723266259764353,8.274202253264628
4,25,0.41135620751925434,8.023057241869592
5,25,1.0307894815520346,9.590170212405141
6,25,0.37099197185282234,6.958478909440368
7,25,9.969000903998563,0.03171988612132749
8,25,12,9.48532065380861
9,25,2.7790334538365373,2.938049127080957
10,25,11.178729342926143,6.146455170718784
11,25,0.16538042421377264,1.3552852702899436
12,25,5.026659135791588,10.959709537381663
13,25,9.892249659009504,7.2631569094623964
14,25,6.222278246952965,8.945782025398959
15,25,5.869425916677614,11.702019843143457
16,25,2.010101986997929,0.5823275128960375
17,25,5.305466960499078,4.020750657690395
18,25,6.168011471088661,3.2634055842594485
19,25,12,6.8300630112307195
0,30,9.926404943201897,7.290422016090484
1,30,5.816879246313356,4.577715920776771
2,30,7.311751464243909,8.094558985499122
3,30,9.674956277843227,8.32734734918827
4,30,0.3061935481774232,8.027240572735428
5,30,1.0364792728960526,9.508971070226933
6,30,0.4308555757744312,6.950562963326219
7,30,9.942519663121724,0.028851162921532014
8,30,12,9.595840734948931
9,30,2.7335133220362566,2.9250343511252628
10,30,11.234195026756037,6.188984489815707
11,30,0.2079774315630274,1.4366646698102798
12,30,5.02821308078669,10.95766666016931
13,30,9.878124756375085,7.302707465423251
14,30,6.274125192778688,8.932443625938598
15,30,5.843751879635416,11.63829503610373
16,30,2.011035625023169,0.48310053937602215
17,30,5.303569809317608,4.064701864778637
18,30,6.189394773006257,3.294410615580113
19,30,12,6.814159054771037
0,35,9.975949738972446,7.333846790510163
1,35,5.76746002511801,4.459130217996837
2,35,7.286467772908237,8.088049708984173
3,35,9.63036640293426,8.375926554161952
4,35,0.1991049149240853,8.03206489661951
5,35,1.0419859467896402,9.422495142590796
6,35,0.49164864362419236,6.942403602815762
7,35,9.933000521443802,0.027774213217633785
8,35,12,9.726970105156186
9,35,2.7050010682681584,2.917187543640196
10,35,11.298944024763767,6.240979189327911
11,35,0.2534728771891106,1.5246738484760356
12,35,5.042226464127649,10.93915477670247
13,35,9.866861550545172,7.335929945194122
14,35,6.312716778508523,8.921944161054254
15,35,5.823546623828015,11.58827208882037
16,35,2.0107536438575666,0.3707405563783796
17,35,5.301565489222038,4.095667036697367
18,35,6.207836356172663,3.3218589572290815
19,35,12,6.795747934092705
0,40,10.019736441040584,7.373753294972684
1,40,5.710183578283018,4.315552040932912
2,40,7.276498950036254,8.085432655728912
3,40,9.568903887682081,8.43971560423957
4,40,0.08070975097499276,8.035804149248543
5,40,1.051215621068782,9.323948688310006
6,40,0.5697262447833097,6.930429704540448
7,40,9.910254414063102,0.024592036266313188
8,40,12,9.861536810302896
9,40,2.691177962551486,2.913039455555717
10,40,11.38928553379545,6.315388714027408
11,40,0.2975509312277433,1.6084812809259872
12,40,5.0442518556612,10.936481041935876
13,40,9.84749531387769,7.3923074425743875
14,40,6.328408086319768,8.917816199136686
15,40,5.7982529355028225,11.524045002870032
16,40,2.0103972637347125,0.28941484126431205
17,40,5.298345661747852,4.14405827133602
18,40,6.2230480000923265,3.3453810079965063
19,40,12,6.783650092569961
0,45,10.071841097100611,7.4251620399906395
1,45,5.652187247529497,4.169274262216617
2,45,7.25869169805979,8.080711323622541
3,45,9.501127687616574,8.510622295177384
4,45,0,8.039387196313154
5,45,1.0622999572863157,9.223298023117097
6,45,0.6333522765478629,6.921170404865186
7,45,9.895293351939399,0.0230458762409455
8,45,12,10.015059977371568
9,45,2.683353832284474,2.9108959445071263
10,45,11.455952305062594,6.3713969936666075
11,45,0.3378594511986978,1.6860178599452997
12,45,5.046553558477011,10.93333343710218
13,45,9.83010249166936,7.443041594098839
14,45,6.344186588529131,8.913527659308388
15,45,5.775063523787735,11.466353454112488
16,45,2.007912118244278,0.20729583339198016
17,45,5.293310022446075,4.20149315168751
18,45,6.230983994715807,3.3576851896899518
19,45,12,6.769450202522527
0,50,10.107176484072374,7.460444614086042
1,50,5.596388292415246,4.014816509680414
2,50,7.259166156271445,8.080845139710965
3,50,9.439636406230777,8.57795004157054
4,50,0,8.044183749987953
5,50,1.0765768638036723,9.124147032058222
6,50,0.6981824158539981,6.910328169819333
7,50,9.891630566356076,0.022733023072357746
8,50,11.997672748858365,10.18225394657253
9,50,2.6689516210792625,2.906525213505272
10,50,11.527897611739421,6.429731692699661
11,50,0.374904437282804,1.7611321782195704
12,50,5.045500291085307,10.934773689248985
13,50,9.82555932811297,7.456778268877827
14,50,6.353965369161852,8.9108260311323
15,50,5.756982983902384,11.422524487891113
16,50,2.0048030814352145,0.13017119994097792
17,50,5.288946536064151,4.252992359095056
18,50,6.238532689225406,3.3696858631271245
19,50,12,6.7553126478291725
0,55,10.150645075376623,7.50496404864348
1,55,5.548871532618723,3.8737755547564796
2,55,7.243001338227385,8.0767348701665
3,55,9.382909305332765,8.639821786237047
4,55,0,8.051387161569874
5,55,1.092355725668833,9.016353429386037
6,55,0.7679588056144254,6.896303609382085
7,55,9.883473599330841,0.022129678899133857
8,55,11.994590897992431,10.327525161611877
9,55,2.669900787742113,2.906803518282085
10,55,11.602860615606515,6.49041434886112
11,55,0.4126469559356173,1.8373930589506786
12,55,5.031073472737359,10.955293708068405
13,55,9.815888667489567,7.486482294903457
14,55,6.370710913988266,8.906086161884106
15,55,5.737438864699825,11.377547074893728
16,55,2.0030258363178914,0.04929894157473949
17,55,5.281895138307066,4.326860090493205
18,55,6.246711879672072,3.3826424077288793
19,55,12,6.744752758978183
0,60,10.1882456376717,7.545046258311891
1,60,5.504662168986932,3.749740333637646
2,60,7.226915316315957,8.072500998809382
3,60,9.33266596569502,8.696857995783272
4,60,0,8.061577847293908
5,60,1.1099050252843683,8.908979228983242
6,60,0.8182732100633572,6.886024474078236
7,60,9.870532524580348,0.02072224183578423
8,60,11.994069805255776,10.46645169776354
9,60,2.6967782683218844,2.9148434374068253
10,60,11.659004775474653,6.535545666224217
11,60,0.4607977688342152,1.93562692636361
12,60,5.000054681248919,10.998299707517845
13,60,9.805413746240081,7.518255909870557
14,60,6.374834195713711,8.904948254097716
15,60,5.70550045206706,11.304411725540904
16,60,2.0013690981853816,0
17,60,5.276693958659801,4.398648059880962
18,60,6.241414029938267,3.3745020878857734
19,60,12,6.718059029639604
0,65,10.217157549236385,7.576815581168507
1,65,5.463380369795496,3.6343913796568903
2,65,7.2129125374647485,8.068215932713757
3,65,9.29429884892982,8.738648276118358
4,65,0,8.070499215256435
5,65,1.1293027536711373,8.798101772114512
6,65,0.8661500066553162,6.877238391749654
7,65,9.852608692027257,0.01860886088156343
8,65,11.993571233286794,10.584784227445938
9,65,2.7214367439252527,2.9227425998680845
10,65,11.702282865287641,6.569901403468277
11,65,0.5094865764773353,2.0400876893218847
12,65,4.955297351857082,11.064429950206257
13,65,9.794734787333397,7.548468563028535
14,65,6.367109089750146,8.906828270049912
15,65,5.674500161572971,11.232364211070639
16,65,2.0006475410959172,0
17,65,5.267931929157192,4.478779861198897
18,65,6.214793916307987,3.3332712258514134
19,65,12,6.690203003116662
0,70,10.251549897434225,7.614403565845784
1,70,5.419009963834006,3.515891434568258
2,70,7.188825600419586,8.06064276076599
3,70,9.256924165368037,8.779851355812493
4,70,0,8.080006859396372
5,70,1.1459277935736945,8.699805507822267
6,70,0.9464763667124525,6.863265086852271
7,70,9.837518832170444,0.016681575601349214
8,70,11.992901959575589,10.68716077366295
9,70,2.760053161802861,2.9338876615817733
10,70,11.739125344037369,6.597438362848514
11,70,0.5589318140948688,2.1470338190112264
12,70,4.90673295431091,11.141873802468446
13,70,9.784557371767718,7.575126385900991
14,70,6.339375718506111,8.91330288902528
15,70,5.647336274793984,11.171188834753508
16,70,1.9988400413434235,0
17,70,5.258677200965238,4.569003700953811
18,70,6.188578807361439,3.2921038401605336
19,70,12,6.677675003151274
0,75,10.290549372541976,7.657336464566348
1,75,5.377141396607312,3.3989223737109593
2,75,7.17688257854617,8.057391245194827
3,75,9.226382227626836,8.813979215389628
4,75,0,8.088516051228842
5,75,1.1590648748752927,8.61627012304664
6,75,1.035026136257826,6.849821544098513
7,75,9.840954045204612,0.017051879725612402
8,75,11.99156559342798,10.804177328995156
9,75,2.8161064143437526,2.9516250574798404
10,75,11.776187974937073,6.6256284135854076
11,75,0.612405589739344,2.2560522809235026
12,75,4.8547255468774875,11.221756876312694
13,75,9.781313431961207,7.583875194589355
14,75,6.294494987051617,8.923531021264399
15,75,5.61500131057129,11.092474231069597
16,75,1.996495433911079,0
17,75,5.250984042797298,4.656464392564608
18,75,6.164320352171456,3.254037804310062
19,75,12,6.666189039353375
0,80,10.32521270417265,7.696881874530363
1,80,5.340909113784619,3.3028387669731005
2,80,7.1695278151040975,8.055185750060417
3,80,9.185799522322666,8.858920040495315
4,80,0,8.098394125093996
5,80,1.1706154260476516,8.537323885210805
6,80,1.1413313996134355,6.834398716334505
7,80,9.810309215898318,0.013366183403361133
8,80,11.989690591504864,10.912410204610287
9,80,2.8768864522264654,2.9719859019040644
10,80,11.815075670312261,6.653475716256529
11,80,0.6627294118943242,2.3574098612240317
12,80,4.801714967115904,11.3059052142634
13,80,9.774498971603737,7.601382959165152
14,80,6.242980555630827,8.935081201467174
15,80,5.579730125766508,11.00884662681569
16,80,1.9912047181243213,0
17,80,5.24396888149695,4.735971725315022
18,80,6.136421775105676,3.2105156456900517
19,80,12,6.683181130405476
0,85,10.35029384121208,7.724613815222609
1,85,5.292444571759684,3.1810717021012733
2,85,7.201077160793753,8.064324806802542
3,85,9.148698279182707,8.899813155293964
4,85,0,8.107949821642498
5,85,1.1824374646195484,8.466175148536852
6,85,1.2503197766929206,6.816803114159553
7,85,9.80739906480017,0.013071587311352639
8,85,11.990026606831652,11.003207633953648
9,85,2.9305532012279265,2.989452753666832
10,85,11.852491926859399,6.679521584834651
11,85,0.7102037848456719,2.454222995464354
12,85,4.7397221617824625,11.411758051079307
13,85,9.76005009837655,7.6372086717859045
14,85,6.192718919751891,8.94806402070884
15,85,5.552234944075464,10.944102382568804
16,85,1.9860318230834708,0
17,85,5.238336706184279,4.8224258464893905
18,85,6.122173095695446,3.1897867188895037
19,85,12,6.711424381461198
0,90,10.381299125385057,7.758789921194961
1,90,5.247943824980195,3.064542873203657
2,90,7.242855185908194,8.075774023105462
3,90,9.119178866354362,8.932136379701745
4,90,0,8.113225021065444
5,90,1.201390419229713,8.37278656111166
6,90,1.3352274886167157,6.802354559349986
7,90,9.806395224123008,0.012986296552764167
8,90,11.990376095679931,11.0811790985561
9,90,2.9954103996180974,3.010506003018975
10,90,11.896325547184878,6.708115523303288
11,90,0.7514090223361637,2.5413256569731746
12,90,4.67063048150186,11.529101936984082
13,90,9.741355810931497,7.68496575765265
14,90,6.165862461934444,8.954453586201332
15,90,5.516752754772891,10.864136702299415
16,90,1.979544248380934,0
17,90,5.233674886315142,4.915210144869325
18,90,6.093160451197216,3.1463037408553953
19,90,12,6.741785136801154
0,95,10.418258716167921,7.799934404507446
1,95,5.203980716963136,2.9526797598463927
2,95,7.302559953584738,8.0929733501789
3,95,9.083025482950028,8.972904725535656
4,95,0,8.119635752101598
5,95,1.2171957065667538,8.288835375594914
6,95,1.4197752967178063,6.78708794085827
7,95,9.822164243932537,0.01450085260358611
8,95,11.990428909351492,11.18385734314438
9,95,3.081295989395353,3.0386649549270603
10,95,11.946925103610912,6.74067112897633
11,95,0.7931610594885267,2.631181693856652
12,95,4.607663766764178,11.63750138539051
13,95,9.71907708830243,7.744207339405994
14,95,6.1144658924346444,8.967852398111043
15,95,5.483687013167065,10.781350889069461
16,95,1.972657530670284,0
17,95,5.229752152623333,5.017700859021532
18,95,6.060261765219468,3.0964708774314786
19,95,11.999528964529015,6.740947649771956
0,100,10.452532945194466,7.838193600548029
1,100,5.160289991379163,2.8405274898479718
2,100,7.360155868861699,8.112556330130413
3,100,9.03463136840634,9.028151119446077
4,100,0,8.127376671830927
5,100,1.2325894156640844,8.21439814965736
6,100,1.5225909293173285,6.771777695905042
7,100,9.815594120178979,0.0138673115266257
8,100,11.9930362018533,11.280932897833784
9,100,3.14613578988413,3.0592385898841745
10,100,12,6.777524307340938
11,100,0.8250174548692827,2.702965067140004
12,100,4.551309663156314,11.729970106242476
13,100,9.695082647961458,7.808149572855423
14,100,6.058825947663913,8.981619748239517
15,100,5.4493928901961075,10.685265653438407
16,100,1.967875469933703,0
17,100,5.226743129279231,5.116518842280808
18,100,6.027815415469104,3.0479110918195644
19,100,12,6.752643765633275
0,105,10.489383004440075,7.881165505481417
1,105,5.129226473223181,2.753315598298269
2,105,7.435569784457032,8.13718746368436
3,105,8.990067729765666,9.082034548128389
4,105,0,8.134743597131992
5,105,1.2462106770584507,8.15183816067262
6,105,1.634666205501264,6.756736678121103
7,105,9.810893081160977,0.013289752158357987
8,105,11.997717990809026,11.355960594566778
9,105,3.2121800683079433,3.0799335424382264
10,105,12,6.814486943592626
11,105,0.8583318373599332,2.777465076468137
12,105,4.501934316587381,11.817059944814767
13,105,9.675835251278938,7.855950273217896
14,105,6.015372038427736,8.991532941199038
15,105,5.414634560707283,10.591383511742157
16,105,1.9640958857702953,0
17,105,5.223961875228145,5.201883806733567
18,105,6.000738974158513,3.0073216043659396
19,105,12,6.774388268507233
0,110,10.52384264383547,7.921948632773171
1,110,5.0932722444744485,2.6566713271886524
2,110,7.510955624736984,8.16295217984029
3,110,8.946125549709215,9.135067994925452
4,110,0,8.144789459623338
5,110,1.2576529317917153,8.099880575589701
6,110,1.7385465287693136,6.739836952123542
7,110,9.806592515057515,0.012704663766502295
8,110,11.999781915161604,11.399667754487146
9,110,3.284032012505849,3.10226185017653
10,110,12,6.836969052009718
11,110,0.8799870779148486,2.823785261188892
12,110,4.451965439205133,11.905722619665017
13,110,9.665374057658648,7.881824034688121
14,110,5.972026034301158,9.001621441565636
15,110,5.381196246329007,10.496384503687365
16,110,1.9577602140461627,0
17,110,5.222763469805865,5.2810711623691775
18,110,5.967550584125563,2.9575391645500293
19,110,11.995520576080198,6.7658160207333236
0,115,10.560564031343757,7.967385171084521
1,115,5.062988662987456,2.5741848683110167
2,115,7.580243017653934,8.187049382985538
3,115,8.886168365500545,9.206055908289908
4,115,0,8.151614055535406
5,115,1.2702045728847666,8.03792248664051
6,115,1.841646023293355,6.723113172921579
7,115,9.805675021069579,0.012589770588268134
8,115,12,11.439564676839153
9,115,3.356254918142985,3.126286412178
10,115,12,6.847745377465963
11,115,0.9041060496038518,2.8762936999425666
12,115,4.395446146190554,12
13,115,9.65080622301376,7.92057565936087
14,115,5.925068894128018,9.010644195678616
15,115,5.352062194240581,10.415951750355722
16,115,1.9512835802036788,0
17,115,5.22086958294215,5.3498807306379454
18,115,5.939894211635762,2.9155067186671877
19,115,11.994569515818798,6.763941002111358
0,120,10.591542617366036,8.007589908814706
1,120,5.034591440874101,2.492109948237548
2,120,7.676506064635914,8.21985711288283
3,120,8.822698851075542,9.27983548814555
4,120,0,8.15782409468204
5,120,1.2777676966783789,8.005687012117708
6,120,1.9374064730937606,6.708812761066815
7,120,9.807394398810688,0
8,120,12,11.488947902803336
9,120,3.420110503949558,3.1470657021807886
10,120,11.998639472309655,6.846807249946714
11,120,0.9325564356644708,2.93671634794016
12,120,4.335080995221111,12
13,120,9.638772411853912,7.950183133859099
14,120,5.875357728112769,9.020176537172516
15,120,5.318773164263944,10.319903973285083
16,120,1.9443165422823354,0
17,120,5.217323406322719,5.411990832867896
18,120,5.908332497210386,2.869652724417081
19,120,11.992865948720373,6.76066953968199
0,125,10.625388586797,8.050574287752076
1,125,5.004560240177354,2.4046585929411917
2,125,7.753613234395583,8.247423889468505
3,125,8.760631187834715,9.351122645393577
4,125,0,8.163703283273897
5,125,1.288739223329567,7.96014802899704
6,125,2.03060289040743,6.6943033025598995
7,125,9.809980306593147,0
8,125,12,11.554039990788912
9,125,3.484433185025929,3.165976498327078
10,125,11.994484484731682,6.844004537181152
11,125,0.9580509914918874,2.9902217670028475
12,125,4.268016419518154,12
13,125,9.62731984215152,7.980403106657641
14,125,5.821374967097407,9.03173807512995
15,125,5.279519109853415,10.207699820049958
16,125,1.9389286666523264,0
17,125,5.213649148690627,5.487117290853856
18,125,5.865137718874687,2.8058030592555574
19,125,11.9995144621001,6.773344846438738
0,130,10.643549688096682,8.074182715264055
1,130,4.973358107818974,2.316727416958162
2,130,7.820436378606407,8.271010738858255
3,130,8.696619294388285,9.424617144823264
4,130,0,8.16849129799006
5,130,1.2992663093299741,7.919100695495127
6,130,2.131898345927517,6.676376349641827
7,130,9.811405795738846,0
8,130,12,11.612737342963861
9,130,3.5577628548019957,3.187486265607755
10,130,12,6.855757036008135
11,130,0.9760074672702965,3.029985559498917
12,130,4.195994156313225,12
13,130,9.616350541302847,8.01034343754075
14,130,5.792740361530323,9.038581952438065
15,130,5.235370650634371,10.092061995762935
16,130,1.9353007043671877,0
17,130,5.209708686746061,5.562740412896855
18,130,5.822017612963309,2.7412294793092737
19,130,12,6.787419819618285
0,135,10.647201323929863,8.078956827493236
1,135,4.941589307909666,2.227650106313786
2,135,7.874098815108889,8.29022095462023
3,135,8.642381092311837,9.486455600516477
4,135,0,8.17361277996633
5,135,1.3082458534073538,7.8811150544105075
6,135,2.2372382590018067,6.654372903252114
7,135,9.821324544260191,0.0008799710626890791
8,135,12,11.66223903589357
9,135,3.6484924996133206,3.2127247926004165
10,135,12,6.872207187584553
11,135,0.990340321036569,3.0618318549214627
12,135,4.130669052218952,12
13,135,9.602184231890927,8.047900689562598
14,135,5.754178476524071,9.04786278859678
15,135,5.1874455657478435,9.977449460665929
16,135,1.9316315148710799,0
17,135,5.207405853336952,5.646545558609585
18,135,5.789063956480493,2.6898525469330807
19,135,12,6.795466418846467
0,140,10.653530168337785,8.08688937357918
1,140,4.910416562262143,2.1334168307905252
2,140,7.929446467271034,8.308931439011516
3,140,8.604261864183234,9.529723236558645
4,140,0,8.179820719815272
5,140,1.3189028499485445,7.836157505454298
6,140,2.343123699398149,6.6332995258205845
7,140,9.816963559339682,0.0004555195372636306
8,140,12,11.71020426426718
9,140,3.76027647860525,3.2427828584978475
10,140,12,6.883484692485954
11,140,1.0028383972509867,3.0883137612003653
12,140,4.067036582444614,12
13,140,9.592136310518075,8.075721062873265
14,140,5.752321831022393,9.048351509061717
15,140,5.140679664565917,9.868909363227617
16,140,1.9290848726781067,0
17,140,5.205122412056207,5.7339221983373125
18,140,5.754733960307746,2.63646531251221
19,140,11.997525841020932,6.790413219196272
0,145,10.652794108219126,8.085977409669637
1,145,4.871828391922323,2.027367226439563
2,145,7.998173930776593,8.329582081343625
3,145,8.578185565879863,9.559728529324406
4,145,0,8.188085113395871
5,145,1.3296104351804854,7.797700424468418
6,145,2.4519199688514277,6.612235021131633
7,145,9.786811499681104,0
8,145,12,11.763762789853123
9,145,3.8627829071500974,3.268993501470793
10,145,12,6.8958421345679675
11,145,1.0151923189628644,3.114448937237145
12,145,4.004747312418305,12
13,145,9.582437622278398,8.102244228620526
14,145,5.7540514252464146,9.04792703970642
15,145,5.102517881939523,9.776981845138126
16,145,1.9280230526598285,0
17,145,5.205376999960015,5.807845152368502
18,145,5.7230007259242,2.587837307809025
19,145,12,6.797622458681913
0,150,10.66528971369811,8.100995220917408
1,150,4.840414766931763,1.9406289244033377
2,150,8.052527779483585,8.345053202499816
3,150,8.57215317881438,9.566640432818907
4,150,0,8.199154323297623
5,150,1.3349034329715699,7.778891170767788
6,150,2.5742161647107653,6.587183821258704
7,150,9.764669247596903,0
8,150,12,11.830623722028674
9,150,3.971341165037945,3.2970605210005335
10,150,12,6.90109553567512
11,150,1.0327734126700707,3.1513093962449705
12,150,3.942477865107125,12
13,150,9.570703956245785,8.133275632603146
14,150,5.762068140679653,9.045609893805649
15,150,5.061679127312604,9.675587189322979
16,150,1.9267506685863096,0
17,150,5.205187683861028,5.8624851897570105
18,150,5.69472859179181,2.544936831357537
19,150,12,6.824503217216906
0,155,10.701804791075787,8.145521205504396
1,155,4.809710897769647,1.8595929462268634
2,155,8.118587656190718,8.364512761409268
3,155,8.575170453930209,9.563337266040728
4,155,0,8.210509769295209
5,155,1.3390116112417774,7.76447916298083
6,155,2.687921310170956,6.565377218711624
7,155,9.724462898689781,0
8,155,12,11.91206955213069
9,155,4.055208499785799,3.3173580293234415
10,155,12,6.901103205158387
11,155,1.0451592193008534,3.1748084980315365
12,155,3.8770421243123803,12
13,155,9.565022495398159,8.149317918834377
14,155,5.766267638945841,9.044285364663317
15,155,5.026076144669775,9.587734348614122
16,155,1.9251005312530123,0
17,155,5.206084889319867,5.903473694242884
18,155,5.656679511866057,2.486667688086237
19,155,12,6.873648141873198
0,160,10.728165553624757,8.178391888227837
1,160,4.778362149350656,1.7759628811479664
2,160,8.16326217318391,8.379269810839117
3,160,8.579813379159862,9.55825341731601
4,160,0,8.221165938511943
5,160,1.3374197363754403,7.770048080156184
6,160,2.8108632775093647,6.543610254604807
7,160,9.683397077818148,0
8,160,11.999660043145711,11.962847586691124
9,160,4.140169218090552,3.339104531211232
10,160,12,6.902971060070626
11,160,1.0570450489158414,3.197200223622266
12,160,3.8204904417425047,12
13,160,9.56404134214477,8.152273250446843
14,160,5.7907782017423814,9.036680976110553
15,160,4.991224314754975,9.503518830565392
16,160,1.922413101773234,0
17,160,5.207659013954213,5.958503404802132
18,160,5.609507704069143,2.4116759056979635
19,160,12,6.901010726596739
0,165,10.765167860170376,8.223054240360936
1,165,4.749956823254755,1.699417169891723
2,165,8.2267049268871,8.400112712276805
3,165,8.574750796074486,9.564153200798057
4,165,0,8.233859820454525
5,165,1.3338206555668242,7.7821025934624934
6,165,2.9448983738303394,6.520349915033688
7,165,9.643134921020517,0
8,165,11.99886124727377,12
9,165,4.229590209681537,3.3624531892918466
10,165,11.998266399261354,6.9015863660037065
11,165,1.0762868737924993,3.2314481547189184
12,165,3.772462337222905,12
13,165,9.564483789650028,8.150928054423334
14,165,5.8120087868431485,9.029988493870682
15,165,4.95724902638594,9.418698543843298
16,165,1.918666983786424,0
17,165,5.208547631955245,6.012515805042743
18,165,5.547743546098607,2.3130745175270566
19,165,12,6.926440522329173
0,170,10.803486751559987,8.273063453207302
1,170,4.716405202951565,1.6186517253402024
2,170,8.292002866467183,8.420584011182985
3,170,8.572310155079592,9.567082715202128
4,170,0,8.244856819294537
5,170,1.3312902000629794,7.790977675505101
6,170,3.084452845058789,6.496606980666448
7,170,9.606026464169226,0
8,170,11.99684552353404,12
9,170,4.340012664058672,3.392905208126997
10,170,12,6.906291828375823
11,170,1.0968256177766824,3.268228807399657
12,170,3.7258192367247323,12
13,170,9.56246769358999,8.157133379972299
14,170,5.8249410288578005,9.026195945219635
15,170,4.918353957054284,9.319276275006763
16,170,1.9134769318028546,0
17,170,5.208557761789052,6.058543192125991
18,170,5.481126545408808,2.204385392082488
19,170,12,6.945355261745435
0,175,10.830379937754891,8.309662004106471
1,175,4.7911313512798515,1.5865308530270015
2,175,8.339015381497676,8.435437783205701
3,175,8.565402619414854,9.57581285691734
4,175,0,8.256974382403659
5,175,1.3331130693785844,7.784912294071681
6,175,3.227178994831188,6.4732199881868056
7,175,9.595341109783238,0
8,175,11.996193354784841,12
9,175,4.450994945195069,3.423801387084134
10,175,12,6.928198912451323
11,175,1.1159045398238177,3.300839445775182
12,175,3.67267956569255,12
13,175,9.559519654620116,8.165788213576347
14,175,5.840948439435057,9.02167826949934
15,175,4.874233258519459,9.206211571988856
16,175,1.9088989136003052,0
17,175,5.208406348057564,6.091105026439914
18,175,5.3954137310974914,2.068718046889056
19,175,12,6.955262893034658
0,180,10.853824230854672,8.340685566412406
1,180,4.845413130853534,1.564713948198105
2,180,8.377956679623827,8.448062245614162
3,180,8.560115347899611,9.582403259859303
4,180,0,8.276442686568247
5,180,1.336502545946042,7.774205085203784
6,180,3.407576699941389,6.441967827879167
7,180,9.569730915734633,0
8,180,11.994962045833205,12
9,180,4.5616319256891655,3.4537373935775677
10,180,12,6.948895926934122
11,180,1.134846338998389,3.3323386333470086
12,180,3.59982628626328,12
13,180,9.55826585173994,8.169388204362097
14,180,5.856382453509894,9.01730798510835
15,180,4.825602346518683,9.081296544775721
16,180,1.9029162958645776,0
17,180,5.208408946127644,6.091732875448963
18,180,5.3087791479499185,1.9264668638104483
19,180,12,6.97931849480494
0,185,10.876332862715099,8.370286177568099
1,185,4.920167111824325,1.5349275756162786
2,185,8.408142017551938,8.457782205921466
3,185,8.558656946323925,9.584184817185545
4,185,0,8.303167544228229
5,185,1.3406554272734772,7.761804043245256
6,185,3.5935805385788084,6.413934334148358
7,185,9.548911541581136,0
8,185,11.992014977165958,12
9,185,4.679294007551523,3.485342537017563
10,185,12,6.955009320191428
11,185,1.1623558973018653,3.380851480849956
12,185,3.5162073051070375,12
13,185,9.557713800556398,8.170974857776296
14,185,5.885964832214193,9.007747673949192
15,185,4.778774870463397,8.960244654559464
16,185,1.8961273333073334,0
17,185,5.208177396589553,6.077861739711338
18,185,5.216074722918832,1.7771575377487443
19,185,12,6.993283354022927
0,190,10.891791705191892,8.391213877052136
1,190,4.997635404704554,1.5020819225992559
2,190,8.448435025599558,8.470208992659629
3,190,8.56851848342896,9.572083198429173
4,190,0,8.332107365279633
5,190,1.3492822612336561,7.735224564819514
6,190,3.780640953121303,6.3868715639059435
7,190,9.533887053295718,0
8,190,11.988747397224408,12
9,190,4.7938900346031845,3.5175970619737646
10,190,12,6.975658402576245
11,190,1.1069755419135017,3.4113575008034385
12,190,3.4321250366855987,12
13,190,9.55659512359127,8.1741041380118
14,190,5.938319256639487,8.992460032972517
15,190,4.723502911363325,8.822918052801981
16,190,1.8863230812851384,0
17,190,5.207899025733322,6.067728104780688
18,190,5.125428125396577,1.6273741485792037
19,190,12,6.996303639494967
0,195,10.89751363584323,8.39876726257838
1,195,5.062057285920902,1.4762604011601932
2,195,8.475667168651524,8.478281895847369
3,195,8.566198132202956,9.57485661604626
4,195,0,8.36394329768433
5,195,1.3554418151913001,7.715526798668948
6,195,3.9435835629154306,6.3601181900066175
7,195,9.519431533917931,0
8,195,11.986603081963288,12
9,195,4.931714853396249,3.5617243795145965
10,195,12,6.9700166875580924
11,195,1.0752565142200652,3.428758761582997
12,195,3.3495782651473323,12
13,195,9.562585245674724,8.15751584313421
14,195,5.992464531176123,8.975477653307804
15,195,4.663725701830252,8.687966853280512
16,195,1.8777312206368828,0
17,195,5.207734639261835,6.031058849013459
18,195,5.032105164363938,1.471921315614264
19,195,12,7.009185253070551
0,200,10.909493061286371,8.414850969111509
1,200,5.116371308395671,1.4550203650376394
2,200,8.480155349121764,8.479748383898587
3,200,8.561949530148997,9.579601583899136
4,200,0,8.392077352459683
5,200,1.3578167179426892,7.707603877749011
6,200,4.08764359025227,6.336310853349699
7,200,9.517500867007934,0
8,200,11.984270013125302,12
9,200,5.068043900340243,3.6070795022336326
10,200,12,6.971946196101722
11,200,1.0393801738199078,3.4487177066873076
12,200,3.2706870055033734,12
13,200,9.568316664699239,8.142429773702492
14,200,6.051575605359247,8.956370025012129
15,200,4.5315324001572,8.748874644541873
16,200,1.8704258601342594,0
17,200,5.207821288830289,6.007198441955447
18,200,4.937348578706643,1.3155551927627707
19,200,12,7.010189209223616
0,205,10.930246498907056,8.443241952655754
1,205,5.169446376365245,1.4337317232560978
2,205,8.495310373857953,8.484883742765083
3,205,8.55975569351033,9.582035538820994
4,205,0,8.419688637561038
5,205,1.3532781887554928,7.722813496135919
6,205,4.221084872157181,6.317344877245082
7,205,9.518044484727787,6.02831475479222e-05
8,205,11.98545206055892,11.987227692800602
9,205,5.210080990489239,3.6500582922451765
10,205,12,6.979746856051513
11,205,1.0019356795162,3.470500637565893
12,205,3.1983659297000027,12
13,205,9.577176162088213,8.118235288712748
14,205,6.1390909705944825,8.927148789991236
15,205,4.388277004994685,8.814023865306421
16,205,1.863112626315787,0
17,205,5.20700735149872,5.960509176441841
18,205,4.847583945302376,1.1656841900913695
19,205,11.993513940972084,6.993682535180787
0,210,10.949758340725909,8.470769886527181
1,210,5.200630418612898,1.4207750696025516
2,210,8.488630775101697,8.482636295965724
3,210,8.549636500608505,9.592869574902167
4,210,0,8.447845575847444
5,210,1.3464407582708284,7.746763786138464
6,210,4.365339670005879,6.301760645918504
7,210,9.542667538844668,0.002676121969737713
8,210,11.986690364813908,11.976180014777682
9,210,5.347722122056083,3.6904789547645622
10,210,12,6.985079181680536
11,210,0.9591419535698189,3.4949131616077107
12,210,3.1250139994815336,12
13,210,9.589620580240085,8.081287454442666
14,210,6.219101634714786,8.900744603756523
15,210,4.251893294223986,8.87733399755303
16,210,1.8547481185035841,0
17,210,5.206218317020527,5.927566191287341
18,210,4.76014947225694,1.0180973149662043
19,210,11.984786253322701,6.971092593739627
0,215,10.974808519892854,8.505150011268764
1,215,5.215730727327033,1.4145049048751994
2,215,8.484529623459661,8.481304509596207
3,215,8.54315602822853,9.599857830677594
4,215,0,8.47953873204472
5,215,1.3396759242735083,7.772555311403511
6,215,4.500546373572316,6.287936495065256
7,215,9.552091819898191,0.0031813375488424713
8,215,11.988293379377318,11.958924242701642
9,215,5.505979730515669,3.7337417809302273
10,215,12,6.988855989146684
11,215,0.9120241991041841,3.52084705253696
12,215,3.041058541791548,12
13,215,9.59829364368701,8.053455469097122
14,215,6.2741042827856965,8.882043614345685
15,215,4.108455034104661,8.945751611608761
16,215,1.844829723713827,0
17,215,5.205069432944023,5.896311196492383
18,215,4.669980902370861,0.875381042812607
19,215,11.98246893240574,6.964698238965253
0,220,10.991398257808589,8.526837869413631
1,220,5.207618149558416,1.4178536074548207
2,220,8.467922462345868,8.47556780397479
3,220,8.547195141219834,9.595545226489584
4,220,0,8.510449720470545
5,220,1.3327671608450518,7.797320208116656
6,220,4.63650801926281,6.271481677151432
7,220,9.54402797924562,0.0026781987999240017
8,220,11.99003077391628,11.942327213917501
9,220,5.668344451291031,3.779088108590369
10,220,12,7.002907907765677
11,220,0.8542765072245668,3.5532952256117705
12,220,2.966602748720291,12
13,220,9.606862603658154,8.024958538646692
14,220,6.327507487417073,8.863894060729343
15,220,3.981935296133974,9.004287485818852
16,220,1.833688341340979,0
17,220,5.203105220082773,5.872060680555436
18,220,4.583839929267898,0.7346778651337389
19,220,11.981798115418115,6.962721081019001
0,225,11.009253423080544,8.551855799006427
1,225,5.191597537461092,1.4238641536938996
2,225,8.474135932017766,8.477798801334064
3,225,8.545302190444318,9.59773640067007
4,225,0,8.538895237356073
5,225,1.3250905428798225,7.825850490027892
6,225,4.785311636409235,6.2555141858099725
7,225,9.518131043274323,0.0009232500511029281
8,225,11.98950697010981,11.946535348694587
9,225,5.801001146664357,3.814249068159087
10,225,12,7.018190448473114
11,225,0.783904102910909,3.5934986774864566
12,225,2.8823917281079527,12
13,225,9.618800005596716,7.9880105339281045
14,225,6.37684816290193,8.847823376807705
15,225,3.8571225622668837,9.062461885705842
16,225,1.8216700716560725,0
17,225,5.2016017979619615,5.8463991526196
18,225,4.495374859078634,0.5859524455380354
19,225,11.979984118701212,6.957716669430884
0,230,11.024754211170814,8.572701635734076
1,230,5.169324170815622,1.432100239627298
2,230,8.45803169674858,8.472094577778678
3,230,8.535034294734118,9.609442077516217
4,230,0,8.568882329378786
5,230,1.3174555385990099,7.854541631913796
6,230,4.938613273086046,6.237753608351187
7,230,9.482489596701702,0
8,230,11.986419187870613,11.974196570082716
9,230,5.932856876696279,3.850053692369643
10,230,12,7.029827081973947
11,230,0.7174359470664131,3.629514255195663
12,230,2.7938969229001027,12
13,230,9.622720658812874,7.9759115888133785
14,230,6.442932781550229,8.829452920744263
15,230,3.7316780505605123,9.12291462451537
16,230,1.8114353747931653,0
17,230,5.198101256700586,5.804328280635829
18,230,4.396367921980465,0.4231844602652638
19,230,11.968893850412272,6.926698009156597
0,235,11.037654573878095,8.590289574862245
1,235,5.157407679439075,1.4368795551564413
2,235,8.439706769341177,8.46547399343655
3,235,8.529565409934763,9.61551879324748
4,235,0,8.59514955803258
5,235,1.314064997139771,7.867604644566849
6,235,5.097299075815684,6.220736071763524
7,235,9.432066494789511,0
8,235,11.983030747370098,11.999750130922278
9,235,6.054221294937883,3.885513752834332
10,235,12,7.010662412400416
11,235,0.6490773163375019,3.6647910396705314
12,235,2.703088757932157,12
13,235,9.627704154577602,7.959499164792152
14,235,6.509597550661362,8.81129669065851
15,235,3.613930685981451,9.179181826107826
16,235,1.8046928901553545,0
17,235,5.193382993674571,5.753589969722744
18,235,4.2998174645314995,0.26182549245542436
19,235,11.957216642939182,6.892513255538141
0,240,11.051136333404347,8.609839323473063
1,240,5.157112557572336,1.4369999149345034
2,240,8.425906217429494,8.460688158934632
3,240,8.521773496170983,9.624347436748147
4,240,0,8.622023259323178
5,240,1.310429207408199,7.881544500669431
6,240,5.26700310040268,6.2031906563433274
7,240,9.37584555422336,0
8,240,11.977899163577291,12
9,240,6.179990579826784,3.9228000840620094
10,240,12,6.998773784443654
11,240,0.5790077968028083,3.70255428041722
12,240,2.6165970666121052,12
13,240,9.630704451631605,7.949610116560139
14,240,6.570489272509049,8.793962404697094
15,240,3.4994163948733545,9.233655915215756
16,240,1.7961283852395566,0
17,240,5.191423055681624,5.723449727934537
18,240,4.200289626233193,0.09198975198203987
19,240,11.95154089043304,6.875755990197973
0,245,11.065098711276812,8.629727328340657
1,245,5.140450141164543,1.4435875560351132
2,245,8.415582904263994,8.457105805983291
3,245,8.501890569082034,9.645680010719753
4,245,0,8.648473752894654
5,245,1.3106321788636004,7.8807368100608475
6,245,5.43078477046864,6.182106774526534
7,245,9.325693300540689,0
8,245,11.970447597847247,12
9,245,6.312355799828509,3.962276625918511
10,245,12,6.983597401634039
11,245,0.5092547007524793,3.737193404849159
12,245,2.530141417909823,12
13,245,9.6316819790014,7.946532793879559
14,245,6.634232186209507,8.776975227079557
15,245,3.3646908954117927,9.298643594107741
16,245,1.7867281822522039,0
17,245,5.1879198281659065,5.678258639137763
18,245,4.095861116426364,0
19,245,11.942198374777446,6.849176027915442
0,250,11.072918452019897,8.640668593412935
1,250,5.130665448915517,1.4474038461407095
2,250,8.408751298081334,8.454734560226814
3,250,8.48177416629248,9.667950094567793
4,250,0,8.671631533124158
5,250,1.3084126745701314,7.889564119150329
6,250,5.56109290937153,6.168343840167804
7,250,9.276254715967369,0
8,250,11.958049205688535,12
9,250,6.458668403015444,4.000965378578239
10,250,12,6.964400819457943
11,250,0.42290981601481376,3.7782897571147687
12,250,2.446115318342017,12
13,250,9.639022449805456,7.921631363078716
14,250,6.714586716312956,8.756280938438968
15,250,3.218392887635142,9.367935324283685
16,250,1.781428830561568,0
17,250,5.185905021125047,5.649040385818983
18,250,3.99882049567085,0
19,250,11.932779084664356,6.8218163464070365
0,255,11.083880540170945,8.65520153728727
1,255,5.122939565867,1.4503997165490372
2,255,8.394305247378119,8.449672944494935
3,255,8.479834397064508,9.67014550982317
4,255,0,8.699741119688635
5,255,1.3020428833772102,7.9159787651145015
6,255,5.678781403331981,6.157000346760769
7,255,9.238660792378596,0
8,255,11.947867845757033,12
9,255,6.622204611918097,4.04246133012092
10,255,12,6.929962190230356
11,255,0.34193918147800795,3.8179602627231204
12,255,2.351449996326978,12
13,255,9.64689925910836,7.89559347362177
14,255,6.792108801924859,8.736060710525878
15,255,3.0325927000497908,9.45044724518384
16,255,1.7779136049178648,0
17,255,5.184243163040591,5.629141573540264
18,255,3.910605684934878,0
19,255,11.923194887933729,6.794805090102081
0,260,11.094100804793827,8.66878717676571
1,260,5.096043772331417,1.4611578757092862
2,260,8.388590663869085,8.447554084592426
3,260,8.485654701534196,9.663267513319605
4,260,0,8.733939069318948
5,260,1.2999458772932935,7.92387298561321
6,260,5.813852955294819,6.147607479766757
7,260,9.219907532196029,0
8,260,11.941589066394462,12
9,260,6.782621863370038,4.078630276053425
10,260,12,6.9071883914301315
11,260,0.2377771725433281,3.8708907296430617
12,260,2.260254233810919,12
13,260,9.65760239605069,7.860831891394875
14,260,6.861669244061769,8.715800957555453
15,260,2.858361942418463,9.531187602769585
16,260,1.771969520435811,0
17,260,5.183310403732563,5.619653689822783
18,260,3.826946324927228,0
19,260,11.91375037584077,6.769207867260367
0,265,11.112084845483158,8.693657150543027
1,265,5.070555840875028,1.471725916636308
2,265,8.372740042508607,8.441642075443184
3,265,8.48975256839072,9.658474051610382
4,265,0,8.77279950736001
5,265,1.296650772249564,7.9345822921203775
6,265,5.942682529855604,6.139994571574612
7,265,9.216825476559265,0
8,265,11.933794237175487,12
9,265,6.9374918006595445,4.112236855263196
10,265,12,6.891812115246135
11,265,0.13637645816023805,3.925693607846773
12,265,2.1616875180936344,12
13,265,9.70956761060854,7.87664422188411
14,265,6.935713427525328,8.696574023895344
15,265,2.6914383326025746,9.607712449047611
16,265,1.7682815908544878,0
17,265,5.184266653636683,5.626658332110976
18,265,3.74334674907667,0
19,265,11.914249733935927,6.77064565982974
0,270,11.124313242495004,8.711431471313158
1,270,5.061735798790467,1.4751598498725638
2,270,8.362656308836662,8.43796482923336
3,270,8.491230992500702,9.656665991856745
4,270,0,8.811295678843774
5,270,1.3119657800983966,7.939179819929146
6,270,6.071710056175554,6.131108237476745
7,270,9.225084258096203,0.00014250764054600347
8,270,11.924829186201015,12
9,270,7.07683671950159,4.14443119781058
10,270,12,6.872245449993764
11,270,0.05003203809220885,3.971264247224661
12,270,2.072725883150439,12
13,270,9.767894742060303,7.892888284047433
14,270,6.985272617801619,8.682771851281503
15,270,2.537168560139974,9.68366338012257
16,270,1.7650042382773348,0
17,270,5.184166147694118,5.625648208762988
18,270,3.653642499201425,0
19,270,11.918753670462753,6.78412510682715
0,275,11.1323851538942,8.723468201069132
1,275,5.070646612011373,1.4717520380685627
2,275,8.348922725113766,8.43300564884319
3,275,8.493499030396528,9.653989376103075
4,275,0,8.84833033962052
5,275,1.3415207121091217,7.947673215172625
6,275,6.209922451513426,6.122399557679374
7,275,9.225058201568169,0.0014505988647727736
8,275,11.916308003125044,12
9,275,7.108992812678825,4.018970152055173
10,275,12,6.85171739936283
11,275,0,4.009402196493992
12,275,1.9842338537434028,12
13,275,9.860359553671277,7.92016257416468
14,275,7.048991188253806,8.663785063136787
15,275,2.380866816139787,9.765673435005882
16,275,1.762904943350072,0
17,275,5.182999654685686,5.614311273495396
18,275,3.5577027768166967,0
19,275,11.920462676143789,6.789483592904961
0,280,11.13246746029063,8.723592157482038
1,280,5.084786968159445,1.4663860270689841
2,280,8.338953377532334,8.429358800959426
3,280,8.509446552998448,9.635694807180792
4,280,0,8.890849358776507
5,280,1.3552007860868989,7.951799140151637
6,280,6.3492153551112,6.112038491525161
7,280,9.225155965925094,0
8,280,11.907647842997187,12
9,280,7.143013911066588,3.893094249291756
10,280,12,6.83258609465469
11,280,0,4.042855819054844
12,280,1.8808994847668778,12
13,280,9.946022362683568,7.943960366664876
14,280,7.132161507727539,8.638369399444752
15,280,2.2269853979698224,9.849550270017405
16,280,1.7577959684399225,0
17,280,5.181640088722526,5.595904261087524
18,280,3.457106915118834,0
19,280,11.919832942041763,6.7873568292112685
0,285,11.131887565944774,8.722715113174676
1,285,5.073879625112801,1.4386012384596207
2,285,8.303257198266861,8.41526566204978
3,285,8.51367929425948,9.630964302985209
4,285,0,8.93329708430121
5,285,1.3869257743950574,7.961270268687191
6,285,6.497810214321035,6.103520070546262
7,285,9.225128231333874,0.0017165005742693091
8,285,11.899885210211067,12
9,285,7.1815603494199065,3.7550040564651375
10,285,12,6.809558873065607
11,285,0,4.072720393268501
12,285,1.7716785895409495,12
13,285,10.029705088560704,7.968889227941304
14,285,7.201975371463979,8.617330652586942
15,285,2.079841473519376,9.93164629308158
16,285,1.750097558439986,0
17,285,5.179253193677157,5.568693222296589
18,285,3.349586774129535,0
19,285,11.923371095100508,6.799436382107051
0,290,11.13019344565543,8.72032227069557
1,290,5.047035344835544,1.3754694889330037
2,290,8.270890901752036,8.40237897886526
3,290,8.509152765446062,9.63602330282676
4,290,0,8.97488803156982
5,290,1.4069639688871345,7.966933230217563
6,290,6.649187345280383,6.096369404335944
7,290,9.225253813423208,0
8,290,11.89171375554913,12
9,290,7.23299879280798,3.5914052585904015
10,290,12,6.799723909972651
11,290,0,4.100602011477684
12,290,1.6454659981608963,12
13,290,10.110000898280184,7.991651102929559
14,290,7.263801226498042,8.598683841419506
15,290,1.9402063980421103,10.011114118982162
16,290,1.7420680331250458,0
17,290,5.178836351887839,5.561583269350873
18,290,3.2343702427267256,0
19,290,11.924130312309076,6.802009446602067
0,295,11.133417228549924,8.725348233003325
1,295,5.0176612433701395,1.2975448311341151
2,295,8.235832755114895,8.386676717253192
3,295,8.508822985013047,9.636403803026894
4,295,0,9.015388166334251
5,295,1.4296056549702627,7.9733516860458105
6,295,6.826857218475223,6.089310939093138
7,295,9.2250029514704,0.006100101796502417
8,295,11.88388102182686,12
9,295,7.281052318692876,3.439720248346819
10,295,12,6.78159471927751
11,295,0,4.131513182695755
12,295,1.5054687965419695,12
13,295,10.163592117872748,8.007350083343914
14,295,7.326547431954003,8.581991742872834
15,295,1.8035755852654294,10.08638834199668
16,295,1.7342350891179796,0
17,295,5.178329072019317,5.553246931563904
18,295,3.1233861998465393,0
19,295,11.925258347634804,6.8059597653320525
