id,time,x,y
0,0,2.965968706552178,7.964746893058495
1,0,8.04400214947751,9.036785143394553
2,0,11.947442499452373,9.037555868926447
3,0,0.07253240015127826,10.035681666628486
4,0,9.060952917097929,0.024204619663558892
5,0,10.997806827935161,4.940194085554246
6,0,4.969996783996858,4.960048493149144
7,0,2.018604256691115,0.043202225510725424
8,0,8.05356556288702,0.04328428288255466
9,0,5.999795819930967,0
10,0,6.015302383071387,5.071263810997549
11,0,11.003805005734094,10.027022241729096
12,0,12,11.01125072255603
13,0,12,11.021655348590244
14,0,9.022496498798294,5.974050881056265
15,0,11.029022241814111,6.057070574820091
16,0,9.033784708585337,5.017186581468056
17,0,4.008442296756522,3.965783758646393
18,0,11.978534771080296,8.052457209300234
19,0,7.04612388142793,6.990960005169231
0,5,2.9384743853544553,7.936250789906922
1,5,8.090846287964396,9.074820108960205
2,5,11.882769794795538,9.079596522155844
3,5,0.13798344131972498,10.06822782768776
4,5,9.118168257698972,0.04792916690297051
5,5,10.994230634291046,4.869170991389557
6,5,4.932609651727832,4.9094363783150605
7,5,2.041010516499444,0.09606586406700748
8,5,8.12086586042409,0.0973804324913069
9,5,6.000176869326838,0
10,5,6.040815890701519,5.170081402605592
11,5,11.00760370793033,10.055912622332619
12,5,12,11.025411283619393
13,5,12,11.03836510723618
14,5,9.041924698252426,5.950648209507732
15,5,11.062468968510851,6.122569938253087
16,5,9.057728332226361,5.0296807071304785
17,5,4.014884042790512,3.9401804259319775
18,5,11.956781999347285,8.103736598972677
19,5,7.1036807830229725,6.978507204633226
0,10,2.917741737740589,7.914748295210796
1,10,8.146293003319737,9.116319470172932
2,10,11.818541398829344,9.12118429260397
3,10,0.1848675274674686,10.092370879154156
4,10,9.15678413510954,0.06426403678357909
5,10,10.991518239913557,4.799182607769011
6,10,4.895130245892724,4.859572404092059
7,10,2.0611247015814262,0.1440433627366547
8,10,8.188379486037462,0.15036968260934838
9,10,6.002253084265771,0
10,10,6.063544997467732,5.266405599317754
11,10,11.009602626206338,10.07252697833764
12,10,12,11.033386602164642
13,10,12,11.050286824942019
14,10,9.070165949662153,5.914788162287201
15,10,11.088495187921968,6.174058638918921
16,10,9.09085551670911,5.047003526768103
17,10,4.017030742472739,3.931557872294022
18,10,11.9405368216933,8.14303718682256
19,10,7.189854133408201,6.962167330645666
0,15,2.8976238293429297,7.893682544376683
1,15,8.202779728725226,9.045721666035364
2,15,11.752940604557692,9.164482323632669
3,15,0.23057986715395837,10.117139794160316
4,15,9.183266093099565,0.07549829409780544
5,15,10.98798984244584,4.708835760614047
6,15,4.851388257595559,4.80033525498752
7,15,2.082338165947954,0.19503615577785485
8,15,8.26428834277186,0.2104665533917086
9,15,6.003613876313337,0
10,15,6.085019756491963,5.363525450665025
11,15,11.012136218063112,10.091875220138293
12,15,12,11.041458698586816
13,15,12,11.061978856496864
14,15,9.093615253289064,5.885790408845485
15,15,11.12254923803507,6.247993775697103
16,15,9.12627513661904,5.0647151322523145
17,15,4.016019073402796,3.9363066613288877
18,15,11.916859877308175,8.200852120236373
19,15,7.268547758162858,6.945707777761763
0,20,2.8832750950862636,7.879384466032387
1,20,8.255108847741798,8.978275021645794
2,20,11.685079073715269,9.210763358373983
3,20,0.2499739346078324,10.128329876791303
4,20,9.214081390406436,0.08842245233203327
5,20,10.98548969336276,4.640957255429655
6,20,4.793851798962579,4.722997224336219
7,20,2.104040926068757,0.2467013002437783
8,20,8.336371689719433,0.26905179838065063
9,20,6.0039215535335195,0
10,20,6.105638141214369,5.4579337283442895
11,20,11.01555162962412,10.115667327391389
12,20,12,11.050478857556733
13,20,12,11.073934383049805
14,20,9.122661079501464,5.85146504819899
15,20,11.160742261928036,6.33106258955996
16,20,9.159454386814883,5.081419167119746
17,20,4.027178503520981,3.938770399119168
18,20,11.893855382772358,8.257473156430352
19,20,7.330260335346509,6.933079491015218
0,25,2.883052499422416,7.879163651090509
1,25,8.319133995367064,8.894949228067226
2,25,11.624773999725388,9.251739791369468
3,25,0.2596236647665146,10.134254636090542
4,25,9.224481328516951,0.0931392485519719
5,25,10.984348344205591,4.571225595553362
6,25,4.736359078596294,4.641497754475703
7,25,2.1329048054745985,0.30942688130580137
8,25,8.410858958860949,0.32886739975596635
9,25,6.004098387262634,0
10,25,6.129662848120462,5.574934449226485
11,25,11.017652226886733,10.131189124059368
12,25,12,11.058122549658833
13,25,12,11.078860282393997
14,25,9.140607647597475,5.82989129935109
15,25,11.192934670006174,6.406356132389675
16,25,9.203982836519955,5.104959877064895
17,25,4.044206991071394,3.942315757537754
18,25,11.88428932976701,8.27993845269794
19,25,7.382257914716467,6.922014913581098
0,30,2.885390095105213,7.881543438029587
1,30,8.3830711746246,8.806482680517288
2,30,11.555566054955447,9.296495954478976
3,30,0.27239097146486924,10.142110256099203
4,30,9.22376836850872,0.092825317307141
5,30,10.983081640102336,4.510484636522459
6,30,4.67398161299229,4.555338763247032
7,30,2.1713955025683633,0.39272567358450283
8,30,8.46648450268785,0.37241904634047135
9,30,6.004379332327543,0
10,30,6.148627414587126,5.679530939082251
11,30,11.024512107111928,10.170251967468626
12,30,12,11.06905602172128
13,30,12,11.082858736565123
14,30,9.162496450150792,5.803041189360835
15,30,11.258644030960495,6.380244747885418
16,30,9.259502148871846,5.1336160357815706
17,30,4.048143805334655,3.9430698368304644
18,30,11.87125516439434,8.310494624230868
19,30,7.453895792790236,6.907375598336777
0,35,2.8999662964178077,7.89521070925525
1,35,8.45525314116776,8.709241905028872
2,35,11.495680924044999,9.334634816464478
3,35,0.2905200667217138,10.152765668410407
4,35,9.22191477832649,0.09200906152285736
5,35,10.98208155039942,4.469849017598798
6,35,4.62261773478036,4.482176681904272
7,35,2.2043495671666475,0.46950345325278275
8,35,8.520351298478976,0.41508501914524837
9,35,6.004620915422188,0
10,35,6.170782446598543,5.805037553011521
11,35,11.031608139115185,10.214548889310407
12,35,12,11.075452484597696
13,35,12,11.087980728746002
14,35,9.211711592536046,5.740990429319942
15,35,11.278429328787917,6.430204473042304
16,35,9.31854400894078,5.162348939727392
17,35,4.062496220155592,3.945569844828554
18,35,11.852383916876185,8.356204499924365
19,35,7.517110725254109,6.894945958417645
0,40,2.915206916933585,7.909041588102594
1,40,8.516322548792658,8.623505442237898
2,40,11.431624454074983,9.3735997468177
3,40,0.34329252064056337,10.184271842906183
4,40,9.204939036242394,0.08463861882343067
5,40,10.981882153402331,4.434653191214319
6,40,4.571975097030278,4.408827357287168
7,40,2.233513351179511,0.5389879923039327
8,40,8.568247120185621,0.45071726865869643
9,40,6.004939974209979,0
10,40,6.194521488006157,5.926873626622047
11,40,11.03785093252128,10.253863532478295
12,40,12,11.08304494694178
13,40,12,11.093369317486578
14,40,9.263667127941288,5.674577249449022
15,40,11.28989596856034,6.459009012711229
16,40,9.382545587006677,5.191919174124793
17,40,4.07977927791718,3.948386838725968
18,40,11.831596652092957,8.405335663463923
19,40,7.589430333146824,6.881909801518292
0,45,2.9119880110355507,7.906274098413329
1,45,8.576899584418864,8.540447696112949
2,45,11.369808126360216,9.41339424696199
3,45,0.39363359961066147,10.216457356638534
4,45,9.192822557387826,0.07913936924221646
5,45,10.981482053759295,4.383800962296742
6,45,4.534948924671391,4.354921332453109
7,45,2.261211363202664,0.6020924830441293
8,45,8.616234173606289,0.4867742130846854
9,45,6.004294774689133,0.018930290810861793
10,45,6.216842776559852,6.053290323980054
11,45,11.04482725652611,10.29473183286195
12,45,12,11.095708594593624
13,45,12,11.100732012376708
14,45,9.309136915520432,5.614471940374895
15,45,11.298772706729343,6.482104246461368
16,45,9.461991439273687,5.226213452555149
17,45,4.089692859869007,3.949888131418247
18,45,11.80483001863528,8.47058737433868
19,45,7.653202211550999,6.869019608342264
0,50,2.899121437367002,7.895708651287826
1,50,8.647139046047569,8.44143360101523
2,50,11.309551913497357,9.449115970943998
3,50,0.43105831838059105,10.239641019521098
4,50,9.168073585703421,0.06737998475105378
5,50,10.981627417327948,4.3404047684042295
6,50,4.510757477113349,4.320826282367498
7,50,2.2917178299819487,0.6750711055216777
8,50,8.660104285840735,0.5186621097712298
9,50,6.0029285253682065,0.03855398585743437
10,50,6.2377388490889825,6.169020473681866
11,50,11.051642090254923,10.329256807213836
12,50,12,11.102375565937136
13,50,11.99679203242047,11.099403832488358
14,50,9.348741673723074,5.565706299429979
15,50,11.30450702203872,6.496666964647273
16,50,9.540910508028613,5.258652761687416
17,50,4.097412789365229,3.9511772275564074
18,50,11.778651073384902,8.530428077529562
19,50,7.720789040967799,6.856305618859103
0,55,2.8898364143190642,7.888101384741725
1,55,8.709545000636046,8.349086549780454
2,55,11.247307920175402,9.483700909841033
3,55,0.4699252258137015,10.26374871448643
4,55,9.149992189052064,0.05810760417342391
5,55,10.951736381002258,4.340890271775087
6,55,4.481204228685666,4.27740493349713
7,55,2.3156477775941253,0.7291811752661363
8,55,8.716874807095715,0.5622069834054771
9,55,6.001302623181116,0.06250177276335672
10,55,6.262148152362197,6.306982992925985
11,55,11.06263347128389,10.385222213699086
12,55,12,11.107179534641984
13,55,12,11.102589684885416
14,55,9.388019998327584,5.516515690981705
15,55,11.312874499618065,6.518603586954184
16,55,9.608828286269402,5.288339225793525
17,55,4.104224325852372,3.9523061957051366
18,55,11.75856716511188,8.574928510194347
19,55,7.789423043735386,6.843399895409804
0,60,2.876675611826257,7.87758622938751
1,60,8.784089804082592,8.238077509378112
2,60,11.18776495046104,9.516088064308194
3,60,0.5271352812667072,10.298014472220467
4,60,9.132596598900328,0.048836511942205243
5,60,10.921519797984356,4.341098037448176
6,60,4.452328476985814,4.236456608389298
7,60,2.3373082764676885,0.7791682362717153
8,60,8.753471012403505,0.5908411471197186
9,60,6.00114104863119,0.06565750480464014
10,60,6.282890487398616,6.418466035824856
11,60,11.073277075374374,10.444048111091176
12,60,12,11.111765211944894
13,60,12,11.10308176139158
14,60,9.417888569087372,5.475897433277324
15,60,11.322190966930645,6.541665582356749
16,60,9.676234946830442,5.318969296858263
17,60,4.1098725085529635,3.9531419686149536
18,60,11.737522898111761,8.620682672944946
19,60,7.85123589271593,6.831873890496356
0,65,2.861827742409538,7.864545685392851
1,65,8.850520738697707,8.133941041566754
2,65,11.134572423904226,9.546009470475935
3,65,0.5874310650054876,10.330941978044105
4,65,9.107458854282845,0.03426164522617961
5,65,10.878268985969038,4.341172732360671
6,65,4.4099715400259,4.178479103019089
7,65,2.3595301719043866,0.8277181392859428
8,65,8.796189299686324,0.6233794157576114
9,65,6.000720811064233,0.07260040713043564
10,65,6.296698653251204,6.511688568570091
11,65,11.080044014361464,10.480024748066441
12,65,12,11.115922526001874
13,65,11.980456680168265,11.096043808826378
14,65,9.44117883438439,5.443994698871834
15,65,11.334933308200467,6.573629174999659
16,65,9.751084753440635,5.354197676024209
17,65,4.098199378024557,3.9513636993861487
18,65,11.720864016028266,8.66031178986381
19,65,7.899954623301663,6.822974720011713
0,70,2.8374196046233697,7.842060774952978
1,70,8.926605881560633,8.015137517877491
2,70,11.079573543821994,9.575072141704327
3,70,0.6400950081808437,10.360402877381757
4,70,9.091117720297559,0.02480232186590168
5,70,10.832403219282314,4.339532428688068
6,70,4.373727849590419,4.1298634730252495
7,70,2.3818316122977974,0.8764113129025242
8,70,8.836679069298658,0.6521731623035495
9,70,6.000853493351344,0.06864686954021312
10,70,6.3051621237943865,6.579483980869327
11,70,11.086067431830589,10.513663946208844
12,70,12,11.120485923804058
13,70,11.932426700268449,11.079892630406235
14,70,9.46409097968549,5.413035401462353
15,70,11.343697651447432,6.595075843105387
16,70,9.827365406924411,5.392114388143468
17,70,4.052108521855294,3.943523529592138
18,70,11.714172076636308,8.676200010116002
19,70,7.9404334789216,6.817284034261624
0,75,2.8172225634106804,7.823753872710791
1,75,8.995560039546337,7.907666090573522
2,75,11.015892443279748,9.608563641191243
3,75,0.6975478347619775,10.391977891843243
4,75,9.060193906506187,0.00676717922028857
5,75,10.782997438596142,4.337367193552836
6,75,4.3383024873845475,4.081395201298414
7,75,2.400524386102413,0.9166756848707587
8,75,8.868375491285292,0.6734690854340158
9,75,6.001743102883105,0.05219710925138152
10,75,6.311478391037958,6.65462143865649
11,75,11.08996407547489,10.533439011441088
12,75,12,11.126187277339376
13,75,11.88595981161042,11.06314519075068
14,75,9.48419342184014,5.384123411671313
15,75,11.347292816772272,6.604667454130646
16,75,9.897967542720744,5.427781513634712
17,75,4.005855320291931,3.9344045857099297
18,75,11.705094918307392,8.699237598023565
19,75,7.9685866138908805,6.812827011875326
0,80,2.8208672805886135,7.827057035724038
1,80,9.064454275557871,7.7973247051919685
2,80,10.944422091730202,9.647622275893017
3,80,0.7440767008185227,10.416086070600189
4,80,9.012078541394727,0
5,80,10.741228249894732,4.334308069812113
6,80,4.309826885629737,4.044005435366855
7,80,2.424387302891972,0.9642572292033706
8,80,8.907268346636954,0.6972657255434291
9,80,6.003661746944615,0.025586313814558757
10,80,6.317801557616713,6.75421119066983
11,80,11.09394112968759,10.554673642938388
12,80,12,11.12832672404907
13,80,11.841930581650686,11.047641489162745
14,80,9.51759416267532,5.336492803675892
15,80,11.358672644997162,6.633728992308203
16,80,9.959189189380778,5.458993730576333
17,80,3.970394162586841,3.9274596422539796
18,80,11.696054073944508,8.721951094311624
19,80,7.963235586773549,6.780624969819671
0,85,2.8218224500229114,7.8279149504330565
1,85,9.142725054521387,7.668700048354181
2,85,10.906650723985871,9.578958507203327
3,85,0.7814970480596014,10.436668169331389
4,85,8.971924938479296,0
5,85,10.71797568174114,4.3323863348983505
6,85,4.286254123567769,4.013473859947932
7,85,2.4469315710942867,1.0094318983450241
8,85,8.94864810584009,0.7218146710802341
9,85,6.005252390615425,0.0006193810633507608
10,85,6.325647667267056,6.869233345398649
11,85,11.097935281601384,10.576176277339394
12,85,12,11.1340438767191
13,85,11.78723088343702,11.027957552729527
14,85,9.53805509983426,5.30643842074281
15,85,11.384416871346279,6.7016914076465
16,85,10.025507753128684,5.4934990840952445
17,85,3.92281582910448,3.9195047982308653
18,85,11.689946818885357,8.739821791493515
19,85,7.955606637305219,6.732696728677255
0,90,2.819773297703486,7.826089454181769
1,90,9.21452173480252,7.541060612935742
2,90,10.863401590165967,9.497302110152981
3,90,0.8066575006743962,10.450742188660449
4,90,8.92136827504629,0
5,90,10.68687695273261,4.3297018457117105
6,90,4.267969921221041,3.990919144333285
7,90,2.479753437351988,1.0745683444163912
8,90,9.010783492836635,0.756957962095176
9,90,6.005765776185955,0
10,90,6.330409035662242,6.991232314289416
11,90,11.106173318707313,10.619573100902318
12,90,12,11.143951851449911
13,90,11.70105586658096,10.996777213620092
14,90,9.553912964691431,5.283941069388258
15,90,11.412430553124342,6.774557672609334
16,90,10.088879847217303,5.525287555586887
17,90,3.882114098389971,3.9115254629762477
18,90,11.691114507031578,8.736359636538943
19,90,7.946778656524285,6.675382332196736
0,95,2.822614653422925,7.828648993670747
1,95,9.27587527552029,7.423004400381193
2,95,10.815171076451309,9.407782570972072
3,95,0.8174330301930764,10.457169736470458
4,95,8.858541072771123,0
5,95,10.645033832311091,4.326762972713131
6,95,4.251907043392078,3.971028090690387
7,95,2.5113315414649917,1.1396955541194655
8,95,9.061287978841857,0.786236139693809
9,95,6.006739325701686,0
10,95,6.337782525782685,7.116235589089101
11,95,11.110259927811466,10.63844848545167
12,95,12,11.153214377362692
13,95,11.61800111776744,10.968071970146648
14,95,9.577127727768241,5.252269276405939
15,95,11.43775657889428,6.840699359802586
16,95,10.149634527173198,5.557374001105088
17,95,3.848131961988621,3.9048702731826355
18,95,11.686110323991684,8.750748321667567
19,95,7.93877937754923,6.63260017871596
0,100,2.8355081413762786,7.839643826742906
1,100,9.340551882012518,7.303715951324099
2,100,10.773499045294395,9.3299669783633
3,100,0.821482431943304,10.459513904833454
4,100,8.798951693569567,0
5,100,10.590946672901634,4.322860060181143
6,100,4.230532497789106,3.944541177425962
7,100,2.552230737723032,1.2262182665387267
8,100,9.121272895687303,0.8212156982081156
9,100,6.0102108257385565,0
10,100,6.349606851805395,7.243457980404439
11,100,11.117349592647383,10.673372313107718
12,100,12,11.159887747860685
13,100,11.523241885013547,10.936186508868097
14,100,9.599447638963195,5.22265400511779
15,100,11.458394732704276,6.89560296991469
16,100,10.195629586013125,5.581634235968806
17,100,3.8438983131316165,3.904108067099502
18,100,11.675560157534646,8.77874366397508
19,100,7.933699726846448,6.600759785583451
0,105,2.8492985266101223,7.851187547477326
1,105,9.405657742534453,7.184505961900583
2,105,10.7258536093491,9.24074634635695
3,105,0.8315503163511984,10.46503604678812
4,105,8.740081740110492,0
5,105,10.540314200406774,4.31805110657769
6,105,4.200505478515579,3.9068660415126906
7,105,2.5930614122241478,1.315076587408733
8,105,9.173622617446101,0.8496189309708395
9,105,6.014116338113896,0
10,105,6.363533370102532,7.382307512573071
11,105,11.121943410990411,10.697399390104831
12,105,12,11.163419049436659
13,105,11.425164825198667,10.90441822781099
14,105,9.618109352976322,5.197653819774428
15,105,11.480613355072549,6.95686079275668
16,105,10.242774702479512,5.606962781777336
17,105,3.8571533073056816,3.9067056250137764
18,105,11.662834720612944,8.808223375265221
19,105,7.929850994595929,6.578166934580872
0,110,2.876699042068923,7.872975901864935
1,110,9.46501944102225,7.08139309121299
2,110,10.660374809778379,9.124313280051835
3,110,0.847622881762344,10.474292507842783
4,110,8.67848050269057,0
5,110,10.499290816253046,4.3137472196064355
6,110,4.1659981049112975,3.8610736020199963
7,110,2.628182376628495,1.3918240605003274
8,110,9.228964373629632,0.8797344569923155
9,110,6.018159254453182,0
10,110,6.373369032279544,7.5209405318915294
11,110,11.126672886810413,10.718786836071283
12,110,12,11.170262217440081
13,110,11.330053187014524,10.874575718591483
14,110,9.634476738029463,5.175244834553453
15,110,11.499588570597659,7.01403691216741
16,110,10.26653464720684,5.619342692954247
17,110,3.884902478992399,3.912248802345925
18,110,11.641645940350347,8.85408311548599
19,110,7.923356997934496,6.541274082399168
0,115,2.8903065235095626,7.883631350941259
1,115,9.525292939860579,6.979600813012551
2,115,10.600185953804283,9.015870939988035
3,115,0.8709443101707741,10.48837373561083
4,115,8.632471295259885,0
5,115,10.446379079378753,4.310575343828475
6,115,4.126244748563342,3.810958897974991
7,115,2.671092051711516,1.4749771090284254
8,115,9.276004495566191,0.9069294229541867
9,115,6.02182609736507,0
10,115,6.382460584811624,7.669262091534814
11,115,11.13122433620359,10.740118808484741
12,115,12,11.172090033351648
13,115,11.215967659374538,10.83465015115686
14,115,9.64442997258033,5.16131955923847
15,115,11.518363706003969,7.071974817718872
16,115,10.291208814458448,5.63212151269092
17,115,3.9286504370759676,3.9212065678701413
18,115,11.62723267993529,8.887445491491347
19,115,7.91701036087471,6.497908017698067
0,120,2.8958151902366556,7.88780057178882
1,120,9.589939653507736,6.869094056386778
2,120,10.54066228911002,8.91169506297292
3,120,0.9099261203837404,10.510751865793749
4,120,8.591377744307259,0
5,120,10.385195784334412,4.306638547545959
6,120,4.0786626564437425,3.7518344076694192
7,120,2.7074836316856343,1.5458899613664057
8,120,9.314923340106512,0.9282337548495738
9,120,6.025675974317763,0
10,120,6.390743759083592,7.791338824236348
11,120,11.13705881428266,10.765463876061427
12,120,12,11.175293119510304
13,120,11.10986491466864,10.79785922872186
14,120,9.661978840660876,5.135428044227147
15,120,11.538978437719589,7.1339840512021215
16,120,10.307811658009598,5.64092098598351
17,120,3.979909592888116,3.931626966721107
18,120,11.621203399184646,8.900599468656216
19,120,7.90459221748197,6.428852933123291
0,125,2.900711083968387,7.891537406353006
1,125,9.649641974155927,6.766820189016201
2,125,10.480313095070557,8.806430618558332
3,125,0.936161900511549,10.525475205335669
4,125,8.563102622395284,0
5,125,10.310998315663257,4.300371971548241
6,125,4.0364397852903,3.697776820756261
7,125,2.7347131804786122,1.5996718092959916
8,125,9.370396022258074,0.9601395606990013
9,125,6.032435584736165,0
10,125,6.399714545515752,7.921885216549675
11,125,11.139004244780379,10.773766834626862
12,125,12,11.180716952802216
13,125,11.00388895465648,10.764162588823485
14,125,9.690128526086264,5.094474728079513
15,125,11.556453885418755,7.187912255288655
16,125,10.334276501557213,5.655354356918991
17,125,4.040261039946324,3.9439559247520246
18,125,11.616720649399998,8.910338112309887
19,125,7.895229743528977,6.369297859693757
0,130,2.9064666606130274,7.8961184652258645
1,130,9.713355216594557,6.655129247364952
2,130,10.42491469644995,8.70794136319516
3,130,0.9409316244758128,10.528060204112778
4,130,8.532510814439105,0
5,130,10.225619951097743,4.295329740480463
6,130,3.9927029887279617,3.639902114550337
7,130,2.75730915810331,1.6440804268775295
8,130,9.418623651869211,0.9859002725817558
9,130,6.0409636845571715,0
10,130,6.406185484102219,8.059131880888506
11,130,11.141929405834865,10.785576057690927
12,130,12,11.18784325504864
13,130,10.910107591526716,10.734255923279209
14,130,9.717535243727188,5.054363418201201
15,130,11.584688206643694,7.2691799073593435
16,130,10.36715644949472,5.672781673398856
17,130,4.1224453641992636,3.959466915528791
18,130,11.61891121458532,8.905508714303691
19,130,7.88452150766883,6.297012815765163
0,135,2.9245461505771777,7.910459903570966
1,135,9.77637883559627,6.545836546493427
2,135,10.371488376384795,8.60960331446847
3,135,0.9377079996742917,10.526368552572581
4,135,8.472122404206525,0
5,135,10.142866361313562,4.292948823849569
6,135,3.952140091766051,3.588778701861558
7,135,2.775900115106189,1.681085032115721
8,135,9.490467655919776,1.0288111633145618
9,135,6.051561287169351,0
10,135,6.411851528792521,8.172519171809355
11,135,11.140254325386874,10.77911312581515
12,135,12,11.195023390697386
13,135,10.807422548896827,10.69952912804457
14,135,9.756716194444504,4.995832095395635
15,135,11.60892754986107,7.340906600600555
16,135,10.402588347311074,5.69296329832624
17,135,4.218939287015126,3.9793044394219748
18,135,11.627992853577215,8.885050380794269
19,135,7.872668353263539,6.222157470079577
0,140,2.9377135814070496,7.9211012331697415
1,140,9.843160589495287,6.435303496101458
2,140,10.32219339678938,8.52315957320988
3,140,0.9267298297728135,10.52055087503061
4,140,8.436237968586621,0
5,140,10.058237221183655,4.28936665066466
6,140,3.914350690632974,3.5384386887704804
7,140,2.7934387865947516,1.716764339039261
8,140,9.543067803483206,1.0621126229253532
9,140,6.061672215689857,0
10,140,6.417535659412193,8.288570218825813
11,140,11.137808941585076,10.770239665276483
12,140,12,11.205830389425255
13,140,10.694960667793735,10.657464074131866
14,140,9.794888351999886,4.94225604177251
15,140,11.633669162897178,7.415162681184853
16,140,10.436920926195114,5.712367118621083
17,140,4.312544855213114,3.9967081069475467
18,140,11.635814382367608,8.8667373026002
19,140,7.8603248761668025,6.145296627615406
0,145,2.9575586951373167,7.937432433785967
1,145,9.904685652083257,6.335779968472019
2,145,10.275253520386714,8.440535642621654
3,145,0.9122461939193935,10.513502688173464
4,145,8.4024404712375,0
5,145,10.059434816912063,4.238418879706621
6,145,3.8627610407874453,3.4739107497306065
7,145,2.802308654513487,1.7335283857963109
8,145,9.55916073659995,1.0723002047333634
9,145,6.0789204705353335,0
10,145,6.423378636721848,8.408319127340697
11,145,11.135095268578276,10.760845766678834
12,145,12,11.214572823196756
13,145,10.562297812639999,10.611233156475546
14,145,9.841531033362871,4.881217710250384
15,145,11.655386886429337,7.484234112403012
16,145,10.459103180982193,5.7258825866883285
17,145,4.399087731092709,4.011558040708978
18,145,11.652299174557355,8.826678228292606
19,145,7.851675293645035,6.090778128190556
0,150,2.9762917219292397,7.952488778535705
1,150,9.967675906735334,6.229260486091617
2,150,10.227063566916588,8.353140370630127
3,150,0.9002801644487213,10.50800571108378
4,150,8.355542241529545,0
5,150,10.06097362069226,4.179629304769222
6,150,3.8079784578437526,3.4063881440637203
7,150,2.8068025412629756,1.7423296901252385
8,150,9.562002208774597,1.0678206129630925
9,150,6.097437974103168,0
10,150,6.4276136254633,8.533542531963356
11,150,11.129699567849928,10.741608740707127
12,150,12,11.225465069736549
13,150,10.41320945521901,10.556509773854987
14,150,9.878149270377769,4.833604606443122
15,150,11.678636927276068,7.561528964530016
16,150,10.4741804020946,5.735138771278732
17,150,4.480694940342332,4.0277272201606555
18,150,11.664844315358298,8.794456151701008
19,150,7.842203886483996,6.039667901143371
0,155,3.0058943547377637,7.977275365242676
1,155,10.035310440007484,6.116401587695557
2,155,10.17482087985361,8.25930016655243
3,155,0.8934257202387058,10.505105088925506
4,155,8.316695755023567,0
5,155,10.062159615720072,4.116815483111591
6,155,3.7589321123941564,3.3439589711981226
7,155,2.811246298215066,1.750939230559809
8,155,9.562332639112178,1.06731733665482
9,155,6.114195540583216,0
10,155,6.4333954878306825,8.658358492832505
11,155,11.121530424478124,10.714679113574832
12,155,12,11.235482070607418
13,155,10.253573307286315,10.497096032416094
14,155,9.909999700618341,4.793696950031159
15,155,11.705272014663095,7.645754590311774
16,155,10.481539986322785,5.73969739166443
17,155,4.5794647187576665,4.049053916682891
18,155,11.669946348132322,8.781256486252605
19,155,7.832145181206631,5.988289506338479
0,160,3.0334156453916727,8.000876828771599
1,160,10.104174004351709,5.9950763477016915
2,160,10.12090804947391,8.16648820857268
3,160,0.8873582298670811,10.50245000735768
4,160,8.271805755648566,0
5,160,10.063608712314371,4.060633007370477
6,160,3.7055756572337324,3.2772687268917036
7,160,2.8087112686550246,1.7454540894573334
8,160,9.57405370434813,1.0496406207116136
9,160,6.132797494960433,0
10,160,6.438436973791776,8.75361688992659
11,160,11.117096636898237,10.700882285176355
12,160,12,11.24377336770218
13,160,10.094678488962328,10.441157425760922
14,160,9.943446991606057,4.753264500975663
15,160,11.727273570982467,7.714090912534838
16,160,10.497582059636454,5.749258779190796
17,160,4.666502289552498,4.068896613172339
18,160,11.68568393571932,8.740913430106318
19,160,7.822886008574526,5.937681682868063
0,165,3.062032601558163,8.025816928585762
1,165,10.18553393240981,5.862258557470334
2,165,10.067344216296352,8.075921392962744
3,165,0.9117470284863185,10.512157878101636
4,165,8.212214009042537,0
5,165,10.06573400105382,4.002714209171651
6,165,3.647874366689805,3.205848593695561
7,165,2.8077135860737306,1.7434472126095195
8,165,9.586761689411468,1.029826835296588
9,165,6.147040709844519,0
10,165,6.444325101347709,8.85827018267467
11,165,11.113272795788633,10.687888611337915
12,165,12,11.250285265960612
13,165,9.963001718060017,10.394998608513468
14,165,9.976848209587443,4.7121319421825065
15,165,11.751308990414186,7.789033961954805
16,165,10.516006358670273,5.7603499864910175
17,165,4.763718695645034,4.091168778585936
18,165,11.69940504956774,8.706838466319011
19,165,7.810958201778416,5.865525584238883
0,170,3.091571316285799,8.053178663184717
1,170,10.283904385131464,5.710761603217533
2,170,9.997083470228578,7.9612092517009145
3,170,0.9275237896399894,10.518908417500425
4,170,8.151138102228177,0
5,170,10.068615482333097,3.9249522968629282
6,170,3.6021346315656206,3.147851226699736
7,170,2.8006214618994782,1.7280149034151213
8,170,9.59157588980357,1.022463023350577
9,170,6.1678975155726805,0
10,170,6.451406709652083,8.97240370944146
11,170,11.118644045062592,10.705523810687707
12,170,12,11.255259503321637
13,170,9.832755161913116,10.354505844373989
14,170,10.016646314703882,4.660943679650071
15,170,11.771363089101824,7.850923208899366
16,170,10.521234900457195,5.7635452607557855
17,170,4.86130819434046,4.117862818502466
18,170,11.724792961862791,8.648001630555079
19,170,7.801047359388561,5.8021286743600475
0,175,3.134899934261626,8.093756497445069
1,175,10.385693489460198,5.551457638091633
2,175,9.914548091492788,7.834285494432785
3,175,0.9518896922504031,10.529640181599866
4,175,8.094661784992278,0
5,175,10.071504282731524,3.8428258486416986
6,175,3.546423175014987,3.0781006351731808
7,175,2.786115542124385,1.695513915515188
8,175,9.600156599972415,1.0092746780290416
9,175,6.189466561650154,0
10,175,6.456235819306372,9.086275511962445
11,175,11.125124642193835,10.72698740326115
12,175,12,11.261814709342465
13,175,9.703616072882221,10.316486306666183
14,175,10.060803461575594,4.6066667757895665
15,175,11.788655323399826,7.90440574122449
16,175,10.51617533988886,5.760585447399221
17,175,4.9710346410756125,4.1450479622438055
18,175,11.762749836491597,8.559469947274055
19,175,7.78962695152574,5.718870843600144
0,180,3.183303908907384,8.14046158700914
1,180,10.486453919664298,5.4001193787729855
2,180,9.823157035284993,7.6935115468012185
3,180,1.0039236685222284,10.553984671631321
4,180,8.04211909252446,0
5,180,10.074477194925386,3.7892086193478653
6,180,3.487001246538501,3.0007437746079977
7,180,2.7720517003163883,1.6640266626466103
8,180,9.599495466548046,1.0103162813846653
9,180,6.2124137262364805,0
10,180,6.4637222024160454,9.194186927579533
11,180,11.120364816468253,10.711476862568757
12,180,12,11.272152971372831
13,180,9.747769777384388,10.173384738554148
14,180,10.106062872304692,4.55473999967058
15,180,11.81080371398139,7.972619231793273
16,180,10.534070002668699,5.7715991869145125
17,180,5.09482446400537,4.170740166300357
18,180,11.801749955609576,8.470068025119906
19,180,7.781820878438477,5.654905204943811
0,185,3.230040580716591,8.18211910784718
1,185,10.587972320521345,5.242770237446333
2,185,9.746971378840412,7.571848659149921
3,185,1.0764225246809027,10.587549289591774
4,185,7.989083285327051,0
5,185,10.076895242864786,3.733968858635545
6,185,3.431606011852563,2.9292670868822595
7,185,2.7657127195935565,1.6499741722428751
8,185,9.598221439188793,1.0122650075986455
9,185,6.239786883941133,0
10,185,6.4680598128406075,9.282029442318532
11,185,11.110718598567768,10.676709856786323
12,185,12,11.282548330616986
13,185,9.787372110642952,10.035153845028962
14,185,10.155424274876818,4.498246416172087
15,185,11.830279722813577,8.031334621163637
16,185,10.554516095129408,5.784233562234101
17,185,5.120494913156383,4.045052204318832
18,185,11.842885194348543,8.377676048316761
19,185,7.770898832328474,5.577616352627644
0,190,3.2705039691263655,8.217284559975191
1,190,10.680953723563286,5.088907532397699
2,190,9.661458660445037,7.433156881713906
3,190,1.1565715272149173,10.61966004890621
4,190,7.920409442408481,0
5,190,10.07905744930439,3.64943141353705
6,190,3.3780624446131107,2.857569017464211
7,190,2.754435238547573,1.6220374462624991
8,190,9.602809342904521,1.0056430816885473
9,190,6.271125576613257,0
10,190,6.475556494956043,9.407459981257688
11,190,11.105625783552892,10.656824607848247
12,190,12,11.291467856937125
13,190,9.829405946257696,9.88882350198138
14,190,10.221570378200775,4.422997864179777
15,190,11.854977507777933,8.102590893336378
16,190,10.582784451428536,5.801568645601792
17,190,5.144601975524606,3.925283211572337
18,190,11.883653759018443,8.28853632136845
19,190,7.761189346072853,5.513458138680115
0,195,3.3194288766792073,8.26085282573728
1,195,10.78017607139926,4.936281459509088
2,195,9.584647216364196,7.303644256880054
3,195,1.235279422117342,10.653624585250592
4,195,7.849570634111747,0
5,195,10.084170434788678,3.5690695856043693
6,195,3.326135014517853,2.7867647237329596
7,195,2.7480570925128602,1.606368818423423
8,195,9.606148539353551,1.0007735441958123
9,195,6.3006060969450575,0
10,195,6.486128671228049,9.530738593306927
11,195,11.096579518426852,10.623835456003047
12,195,12,11.300410830503523
13,195,9.866058322082722,9.757563545912227
14,195,10.276924003102161,4.356139021487735
15,195,11.88212733248435,8.181706582269177
16,195,10.593938611469158,5.808142086390075
17,195,5.168019091496231,3.804172487346813
18,195,11.919725007741011,8.205702781797427
19,195,7.749441175566405,5.440301822330997
0,200,3.3776353807388872,8.31136852994484
1,200,10.880540280716414,4.7722277713906145
2,200,9.514898837704228,7.18411387337993
3,200,1.3120317694670813,10.688352524669764
4,200,7.77518078360237,0
5,200,10.091707202399228,3.478961795902054
6,200,3.267354504855368,2.7047908734637023
7,200,2.7307701794704946,1.5611929398428204
8,200,9.609365955327121,0.9959879269464726
9,200,6.329076683443322,0
10,200,6.500346778683645,9.668913639352384
11,200,11.083349380784405,10.578498008021993
12,200,12,11.304260078155949
13,200,9.897344112306952,9.649614912597482
14,200,10.33460547788075,4.281429227161362
15,200,11.89936064518305,8.231146670891299
16,200,10.629093197421094,5.829000210601012
17,200,5.194806951504967,3.6709442599970825
18,200,11.94924994023153,8.1339982800497
19,200,7.7410189901725674,5.382932636115223
0,205,3.438011961006097,8.363438032540294
1,205,10.982824843353999,4.601400050113853
2,205,9.438931073252688,7.054019210911436
3,205,1.3752805121748197,10.718637904613756
4,205,7.687962711394924,0
5,205,10.1003170832719,3.3961739331146905
6,205,3.2041041578782203,2.6169454603851814
7,205,2.7160303474904617,1.5241643121282396
8,205,9.594821341513144,1.0184832875170937
9,205,6.357065949317882,0
10,205,6.512627069523854,9.80545019849899
11,205,11.070997893233447,10.534972920266343
12,205,12,11.30920801493152
13,205,9.928317764155942,9.537797360562426
14,205,10.383665453898882,4.219487709375898
15,205,11.91861848609799,8.287207660847422
16,205,10.67174198929585,5.8537843288871265
17,205,5.218623470198544,3.554291426528842
18,205,11.982613349109448,8.058252778653436
19,205,7.73290023649205,5.321708464907406
0,210,3.4897411812838404,8.409149497145853
1,210,11.091506268398323,4.417898195849117
2,210,9.36473557450816,6.922868984742317
3,210,1.4366883481085944,10.747489157767927
4,210,7.584366319305298,0
5,210,10.108594766302927,3.311286484412637
6,210,3.139785082318105,2.531062426802551
7,210,2.713006432861128,1.5170510390292076
8,210,9.581806164744101,1.038487473248339
9,210,6.387558853457387,0
10,210,6.523649878799734,9.919234776981872
11,210,11.063973075113248,10.513435761679462
12,210,12,11.311811224223673
13,210,9.959615081728272,9.438114641504791
14,210,10.42690431675675,4.166441762562322
15,210,11.938865605316629,8.347512898911452
16,210,10.725759587366891,5.883833865875697
17,210,5.243671951473809,3.4458771894540634
18,210,12,7.984902734928976
19,210,7.721235713232384,5.2476728478966725
0,215,3.544498190521405,8.456389307706633
1,215,11.200645584198304,4.237231612919692
2,215,9.282148078665356,6.780847647148814
3,215,1.5163349113960096,10.78309745689208
4,215,7.481483516409126,0
5,215,10.202411530773738,3.3218922925516075
6,215,3.07892796249441,2.4549691656959123
7,215,2.7186281005185142,1.5312835849676671
8,215,9.56669737706156,1.0639050777049208
9,215,6.423025384144417,0
10,215,6.53623342652424,10.03267614404487
11,215,11.063492726505268,10.511981777425916
12,215,12,11.318368420184475
13,215,9.99239063203153,9.33796382188168
14,215,10.473400674055142,4.111076732314238
15,215,11.956441618020209,8.396317283479029
16,215,10.787553112704895,5.91838438369731
17,215,5.267812536425336,3.342260530567644
18,215,12,7.8945944184586825
19,215,7.7118116954137506,5.194835995738134
0,220,3.606647279164014,8.510050978815135
1,220,11.3102161563273,4.062517705391972
2,220,9.1968927110975,6.636791283570433
3,220,1.5884709222227271,10.814498559621118
4,220,7.3761991031262175,0
5,220,10.298076158793894,3.332976720381619
6,220,3.010704238992165,2.3711083260478323
7,220,2.7231726333727404,1.5421852858415
8,220,9.550309999526023,1.0912806917208817
9,220,6.46197486871766,0
10,220,6.552784951819193,10.166089083450851
11,220,11.057552577210798,10.49355400437707
12,220,12,11.32468545788839
13,220,10.017462714743273,9.247963293543137
14,220,10.525359090019192,4.050333588956168
15,220,11.969778297430446,8.431396572517132
16,220,10.859336970716123,5.9580923647457595
17,220,5.294563267512076,3.2292735676869886
18,220,12,7.7873762452470165
19,220,7.701300201717885,5.130516240873648
0,225,3.683990892216313,8.572496509579137
1,225,11.413250423369197,3.8865201967440526
2,225,9.123913127247818,6.506526078599984
3,225,1.6596931049836436,10.845904419834499
4,225,7.278017003821838,0
5,225,10.399150743652969,3.344694742422708
6,225,2.9362289763730636,2.280757785609394
7,225,2.7314549064996827,1.561844871425089
8,225,9.539295495056466,1.1104174391777655
9,225,6.492227366373933,0
10,225,6.5703801971128195,10.32227421463306
11,225,11.05108582913551,10.47447378629995
12,225,12,11.328216396714835
13,225,10.040886041771012,9.16667083758538
14,225,10.577894149667648,3.9851228570835726
15,225,11.982620666368286,8.46408085400796
16,225,10.937357177202383,6.004237095248481
17,225,5.32595372507132,3.104786739874251
18,225,12,7.690948157550407
19,225,7.68773993850122,5.057338562937028
0,230,3.7772769806003783,8.646010351467634
1,230,11.499753288728593,3.7324144221869555
2,230,9.044121051881286,6.361523726694543
3,230,1.724898593668867,10.875142470773614
4,230,7.1652766852950265,0
5,230,10.505829398430222,3.3537248177493506
6,230,2.861600445202992,2.1903534259630537
7,230,2.7398067133480026,1.5830244147695127
8,230,9.522344714997386,1.1384832545794454
9,230,6.524932941947614,0
10,230,6.5844787916585386,10.484383383833185
11,230,11.039792668738219,10.440819059732647
12,230,12,11.335075979897558
13,230,10.062307641167179,9.096386946664772
14,230,10.617510630223657,3.933920909065831
15,230,11.988333104668985,8.480048087377194
16,230,11.018521497630731,6.0516908408994485
17,230,5.356230458461973,2.981286339214643
18,230,12,7.613304993488008
19,230,7.673796193830793,4.980723463868416
0,235,3.8688118026397964,8.718428813575896
1,235,11.581317552650495,3.584890195129133
2,235,8.970386721998828,6.216090513794263
3,235,1.8020584072171388,10.909090546698232
4,235,7.0606873075854875,0
5,235,10.629631881309656,3.364603775174347
6,235,2.802956398292199,2.1159999544768127
7,235,2.7440566520029455,1.5937758278825642
8,235,9.514078724291908,1.1526116237848372
9,235,6.55345031438438,0
10,235,6.595468165767001,10.638739134334736
11,235,11.030027023914721,10.414497561221056
12,235,12,11.343927277690524
13,235,10.08051028515569,9.039859105957719
14,235,10.660407249471305,3.877471063631082
15,235,11.989231378941797,8.482648007243968
16,235,11.12125708920955,6.1136801842306845
17,235,5.390886413265699,2.857586997898275
18,235,12,7.533392808126541
19,235,7.658877161770454,4.90806098357886
0,240,3.9778403047057056,8.807645489238123
1,240,11.66379838341969,3.4387936407545023
2,240,8.892543766702806,6.060533152072177
3,240,1.885189213744773,10.945579587320157
4,240,6.962574602188414,0
5,240,10.76770505194789,3.37879059502861
6,240,2.7328008424053807,2.0320118381763135
7,240,2.747048305647594,1.6010465560743554
8,240,9.50425422015991,1.169720096969651
9,240,6.584444642698977,0
10,240,6.60596051807973,10.804470087291163
11,240,11.022879470061667,10.39513401479286
12,240,12,11.349804165347166
13,240,10.107233700424704,8.960226036311505
14,240,10.712378663206653,3.8082782591685334
15,240,11.993314957399797,8.494896798177301
16,240,11.214572654600735,6.170595142623459
17,240,5.432296735367623,2.732042827068982
18,240,12,7.461337422321254
19,240,7.646722105933698,4.84410660503565
0,245,4.085352330523019,8.897136008608838
1,245,11.745747894996619,3.2889079433217843
2,245,8.825011139068412,5.917325942950741
3,245,1.9739440738307836,10.986818797945295
4,245,6.866289317666949,0
5,245,10.90654918970383,3.389566135037042
6,245,2.680804473442242,1.9658901107959263
7,245,2.7396940613126493,1.5839026240456242
8,245,9.484705745053333,1.2028983715758532
9,245,6.611598238483556,0
10,245,6.619476885952798,10.956027810785887
11,245,11.016701251032606,10.378746913928962
12,245,12,11.355625348668548
13,245,10.133658675010107,8.880664293801669
14,245,10.777548537196905,3.7282997684218633
15,245,11.994379582801283,8.498096343729795
16,245,11.292704588297712,6.217976550131581
17,245,5.478462798494457,2.603291602054094
18,245,12,7.3877670917178495
19,245,7.636832946807572,4.782828525730139
0,250,4.198719681944112,8.99077113559037
1,250,11.823532963288923,3.1461490871377906
2,250,8.758967094513197,5.777107620498359
3,250,2.049703478565857,11.021925839935461
4,250,6.773432841743511,0
5,250,11.045378760610754,3.398038945658721
6,250,2.626348420450173,1.898061909254185
7,250,2.732988131044895,1.5680269441533525
8,250,9.465625940091646,1.235030886156154
9,250,6.6416055107534415,0
10,250,6.630246436798161,11.119148066910062
11,250,11.007694486430543,10.355010573331061
12,250,12,11.36191799252493
13,250,10.154679673777826,8.813784902649887
14,250,10.852254460744303,3.6395247564175586
15,250,12,8.517100348798646
16,250,11.38276142676904,6.273533133742109
17,250,5.520141658831384,2.4828616997715103
18,250,12,7.305361347323548
19,250,7.627439040075274,4.716049615671278
0,255,4.321154250999824,9.093305042618068
1,255,11.90241742953767,3.005401807851549
2,255,8.688872404926437,5.6188263450541
3,255,2.1098454806962597,11.049845676309694
4,255,6.6808439011879335,0
5,255,11.171412566252483,3.404679849621396
6,255,2.5790104550242448,1.8402713532217985
7,255,2.725341442338959,1.5477644997027964
8,255,9.453053698890589,1.2559613560760112
9,255,6.664190919267437,0
10,255,6.650231401534583,11.289893935098096
11,255,10.997152679017534,10.322215017672043
12,255,12,11.366505592383298
13,255,10.17746187320398,8.74170677619626
14,255,10.927728722686524,3.549132565725087
15,255,12,8.554668592531847
16,255,11.447158098715605,6.31323998804195
17,255,5.562058781816837,2.3479070854270634
18,255,12,7.218881655562093
19,255,7.619841484242419,4.641871375359213
0,260,4.439802751141784,9.191957540620589
1,260,11.980289833938235,2.8648953594536484
2,260,8.62537862848932,5.474633640888507
3,260,2.1977645307150824,11.087646471637603
4,260,6.590632727355518,0
5,260,11.287880883506702,3.409921519385546
6,260,2.5353924197421374,1.7848216719495782
7,260,2.715209913409484,1.5196583887521684
8,260,9.434940219656099,1.2858912502064808
9,260,6.688109405072519,0
10,260,6.673296988134054,11.46883866900439
11,260,10.985085475986667,10.281183156312823
12,260,12,11.371210098561496
13,260,10.203574616508831,8.665688409416877
14,260,11.016139322028467,3.442107276356353
15,260,12,8.60106938390434
16,260,11.510345963477226,6.350076996462057
17,260,5.596214809071469,2.2297823658136555
18,260,12,7.127043517250536
19,260,7.610093522378146,4.546875575862868
0,265,4.5599892667980635,9.293629501911125
1,265,12,2.7148716063278364
2,265,8.560819317594431,5.338539917361126
3,265,2.2740251304403136,11.122476921074172
4,265,6.486453278972032,0
5,265,11.410154120837571,3.4127752534511657
6,265,2.485444745872902,1.72317758542279
7,265,2.703480472664269,1.486417755731235
8,265,9.420105244431861,1.3099858859637539
9,265,6.715029931233171,0
10,265,6.698292321691738,11.655093384661217
11,265,10.967596471454481,10.223476147611656
12,265,12,11.377395900650273
13,265,10.225832956041481,8.597685740969611
14,265,11.105703473916718,3.3319830071316594
15,265,12,8.650661225176684
16,265,11.59780092072782,6.400325574608191
17,265,5.62975731074539,2.1192402855685826
18,265,12,7.024344209452858
19,265,7.60118201816729,4.471858625386458
0,270,4.7005054831165625,9.417355839892828
1,270,12,2.5738185191380665
2,270,8.490934221991626,5.188712271420502
3,270,2.365918960547622,11.16431342065901
4,270,6.385005076947036,0
5,270,11.530843845000808,3.4149366920539284
6,270,2.440396616715866,1.6708069313629959
7,270,2.69095427490364,1.4526907874724098
8,270,9.413727348608965,1.3202297619231622
9,270,6.742071226595158,0
10,270,6.717371504079351,11.80255637131385
11,270,10.946680668433803,10.15506443258078
12,270,12,11.387333552212295
13,270,10.250019319744245,8.534521617187927
14,270,11.17894455507132,3.2332806558336014
15,270,12,8.692139278898436
16,270,11.68033557759679,6.448568135438247
17,270,5.666490686969219,1.9866886983674457
18,270,12,6.933954120236478
19,270,7.5934132804707595,4.401751938144482
0,275,4.850668451626501,9.550644217631714
1,275,12,2.427239630564998
2,275,8.426385945707112,5.051523389259939
3,275,2.4566561270920073,11.206668568630416
4,275,6.286011775349879,0
5,275,11.670815377377936,3.4174758332817863
6,275,2.390742589111058,1.615579951032725
7,275,2.682997766129641,1.4305646937507634
8,275,9.405297679061137,1.3325606008850752
9,275,6.531039381324425,0
10,275,6.736471060884824,11.945753153955277
11,275,10.926797220648906,10.08997050225874
12,275,12,11.394416031307884
13,275,10.279205585897076,8.45966743666534
14,275,11.263914757436487,3.115636825915944
15,275,12,8.748013429997474
16,275,11.767249800682642,6.49561468240142
17,275,5.705021389729131,1.8403826182644398
18,275,12,6.838994441975129
19,275,7.5894072560467825,4.351840433469954
0,280,4.989103411622172,9.68014557541877
1,280,12,2.286670780131563
2,280,8.359423189903836,4.909556582064506
3,280,2.5525108704298463,11.251385285355825
4,280,6.18028906805454,0
5,280,11.795603521697775,3.4187691801549938
6,280,2.3368651830750395,1.553585826321062
7,280,2.6745826748878776,1.40823367876863
8,280,9.398827486251516,1.342047484074757
9,280,6.311871831002429,0
10,280,6.75300644466142,12
11,280,10.906546170321633,10.022168830390024
12,280,12,11.397885712743504
13,280,10.307414980402777,8.389733875749918
14,280,11.360922688377002,2.989985530966016
15,280,12,8.806150315049083
16,280,11.875500933478586,6.553214647682964
17,280,5.747731184652138,1.6835128967138746
18,280,12,6.735373626318386
19,280,7.584220683648882,4.302522498290788
0,285,5.134238789148071,9.815137418811277
1,285,12,2.1504884940887035
2,285,8.29239853759002,4.780287312002839
3,285,2.63534548553505,11.291754605987368
4,285,6.06690839207836,0
5,285,11.92603324268004,3.421707684028149
6,285,2.282731172551597,1.4902355525504907
7,285,2.671831441047241,1.401090804387509
8,285,9.392056459438574,1.3517040592115013
9,285,6.088830560249418,0
10,285,6.768816528489145,12
11,285,10.96679458894782,10.005133832259814
12,285,12,11.402458398712612
13,285,10.331895322338864,8.32942837656026
14,285,11.468753757734497,2.8560484196190363
15,285,12,8.834128981863872
16,285,11.981178684098612,6.609269209091778
17,285,5.786342158720625,1.5311234230266846
18,285,12,6.650955408981051
19,285,7.579725590233934,4.264580225011423
0,290,5.270713040149725,9.942495512434
1,290,12,2.009138042686287
2,290,8.236124716429114,4.6708956187913415
3,290,2.72699229143576,11.337896142619968
4,290,5.948155791732228,0
5,290,12,3.42092170876997
6,290,2.231974579664478,1.431781445359926
7,290,2.6723383470089415,1.4025354003502897
8,290,9.377507579771581,1.372486826991023
9,290,5.859526452959107,0
10,290,6.7905680409575755,12
11,290,10.953877463637314,9.955636521749662
12,290,12,11.413209167712708
13,290,10.35635311316572,8.267356322735226
14,290,11.5816299491142,2.713300546310657
15,290,12,8.852585325391525
16,290,12,6.667518100175692
17,290,5.830183485533867,1.3527051646454074
18,290,12,6.563295372783232
19,290,7.5743742402875585,4.220778675480621
0,295,5.416280671353813,10.075497504563037
1,295,12,1.8706310823436476
2,295,8.186051286429484,4.569734629860238
3,295,2.8058499838480944,11.379685568887826
4,295,5.833584231703779,0
5,295,12,3.4211225930633486
6,295,2.1849085957543646,1.3777620877162828
7,295,2.6656451366858387,1.3821673494481312
8,295,9.353262909041133,1.4066006715798585
9,295,5.651947564008596,0
10,295,6.812775028298875,12
11,295,10.941416886254714,9.904497036342097
12,295,12,11.42946669285585
13,295,10.382721498054083,8.203034501049384
14,295,11.71168683661119,2.543803131124352
15,295,12,8.890020949616387
16,295,12,6.7251607086036564
17,295,5.86793763204788,1.1885977234910272
18,295,12,6.482821877928499
19,295,7.568288846849052,4.174317938907069
