id,time,x,y
0,0,3.9400501984103427,10.974668552181832
1,0,7.031892655947918,2.9777248285899236
2,0,4.99279246908849,5.933746373333177
3,0,10.98020567592999,8.043682655978664
4,0,0.9756474139960644,3.939612385544659
5,0,10.947740170205241,10.986079575937259
6,0,8.987898726490236,0.04901123846088865
7,0,9.936326519848368,4.014490203343193
8,0,11.963527682102772,10.955453176737842
9,0,9.998071515674479,11.978009946329674
10,0,2.9723440740062594,4.042387413717678
11,0,4.0418671954361445,3.9533155551635786
12,0,0.9441494455070373,0.035107031084164506
13,0,8.94966804489302,1.0007509660980962
14,0,9.935981988238826,0.9378381263781714
15,0,10.005046054708368,8.056358788997699
16,0,8.046397771707907,9.966546749769803
17,0,11.041474056171694,8.036745535880426
18,0,12,9.91308627138802
19,0,1.0115836688810322,12
0,5,3.850749140994464,10.939432620108995
1,5,7.062484884086442,2.9561802163107207
2,5,4.986237803963537,5.877027713622162
3,5,10.953722323890506,8.105183139553267
4,5,0.9505006818266598,3.8800293152200296
5,5,10.918598073545827,10.977535441983964
6,5,8.978667716383141,0.09244838838354917
7,5,9.873583137007962,4.028734408481602
8,5,11.930649927824781,10.914618912393909
9,5,10.043867826426206,11.974344771935643
10,5,2.9538485598308024,4.07017556556883
11,5,4.088213882311642,3.901620147500674
12,5,0.8707387908406927,0.08063304721021419
13,5,8.881947169617966,1.0011236177813005
14,5,9.876995596651838,0.8815038869663104
15,5,10.009028066410337,8.122476474780814
16,5,8.062354217893153,9.954657775954617
17,5,11.013820395232361,8.06866853984176
18,5,12,9.824322788600366
19,5,1.0288112230862072,12
0,10,3.743186152072978,10.897495250931037
1,10,7.082341274892645,2.9414556913532692
2,10,4.983488203903832,5.84790934995717
3,10,10.931976480718204,8.155942484994133
4,10,0.9248486478250503,3.820571810287928
5,10,10.886748929753267,10.967237910370706
6,10,8.966676274815963,0.14854271803410898
7,10,9.796780569337658,4.046686298118926
8,10,11.900858617961703,10.876898946734528
9,10,10.101024882656466,11.96977313240938
10,10,2.9489889850240756,4.0773172132149105
11,10,4.1460553272435146,3.8371189754572703
12,10,0.7923381211890748,0.1318795331145907
13,10,8.824212502308395,1.0024269636608822
14,10,9.825671925869782,0.8309547391123948
15,10,10.01083062036339,8.182181124669208
16,10,8.060843385252472,9.955746094149942
17,10,10.99635574394656,8.088841022200443
18,10,12,9.761442017775874
19,10,1.0462807951911581,12
0,15,3.652418573149533,10.866113241868538
1,15,7.103239153963775,2.969640654709056
2,15,4.9798148054666935,5.812007278341463
3,15,10.910063838282397,8.209721206547785
4,15,0.9030427986640067,3.7713717990635702
5,15,10.854956432826835,10.956999808018296
6,15,8.95283856799583,0.21027688229521285
7,15,9.721045387926425,4.063516342375204
8,15,11.888224137307125,10.86058353410233
9,15,10.167027582809945,11.966461721273413
10,15,2.9497460036247376,4.0761985120403175
11,15,4.196540297446235,3.781092987470393
12,15,0.7074631470955971,0.1901547852581299
13,15,8.75305380164724,1.0030499518906617
14,15,9.77061462680542,0.7758393874458794
15,15,10.014858859144013,8.250171364045771
16,15,8.057335201078454,9.958275215695913
17,15,10.973236879397836,8.11583486588782
18,15,12,9.696282574616468
19,15,1.0645340146205693,12
0,20,3.548031059186384,10.827250102439272
1,20,7.126938365477567,3.0030158480675615
2,20,4.978714441746514,5.797945418135721
3,20,10.889347939439157,8.262508074542286
4,20,0.8872258071837772,3.734957827139254
5,20,10.833072370377957,10.949893095958773
6,20,8.9415864441693,0.2586398286806861
7,20,9.631064610335484,4.085003202364524
8,20,11.887966322862761,10.860256482589877
9,20,10.238042871411249,11.963196105899845
10,20,2.937819839945659,4.095185202774636
11,20,4.244274244535492,3.7254474921747143
12,20,0.625442719326115,0.24341479588500162
13,20,8.674940252311146,1.003227080255771
14,20,9.718431105494483,0.7223606629124232
15,20,10.020498086002984,8.320077884244863
16,20,8.055799541851762,9.959361416781917
17,20,10.95322390594491,8.138236311440279
18,20,12,9.653286235741717
19,20,1.0830731328288021,12
0,25,3.461521326199558,10.792288993254134
1,25,7.145017022427705,3.0287288742291376
2,25,4.977393996744592,5.7772518178366115
3,25,10.868146869857986,8.31748564227532
4,25,0.8632469179765219,3.6790866563084696
5,25,10.830902129670319,10.94916245648643
6,25,8.928913527011701,0.3163731522462102
7,25,9.556856933361484,4.104257016176643
8,25,11.883612836382481,10.854565101123873
9,25,10.337082615972326,11.960959238132752
10,25,2.9307849389599876,4.106144848355275
11,25,4.284808365870004,3.676090810337097
12,25,0.5643546081017957,0.28214743917989715
13,25,8.608543073225986,1.003946107231394
14,25,9.67678460097514,0.6779041063272444
15,25,10.024282783839142,8.393298576017202
16,25,8.055312254252165,9.959712016618717
17,25,10.944756180968891,8.14786619768114
18,25,12,9.61965677630963
19,25,1.1015268137037846,12
0,30,3.3755148487607203,10.75787034656111
1,30,7.159835399741468,3.0498130206793306
2,30,4.976981738620275,5.771702573344218
3,30,10.849275172928259,8.367885640064447
4,30,0.834373434073596,3.6149532961255937
5,30,10.819186431807822,10.94557251353814
6,30,8.916251618154497,0.379134944139101
7,30,9.48219204352827,4.123607193364573
8,30,11.872409064214404,10.840139347081045
9,30,10.446066921024629,11.957585625361613
10,30,2.9235197980531797,4.117236794113323
11,30,4.326742259206348,3.6250613086179415
12,30,0.5014138497534304,0.32254563751630727
13,30,8.559804187222827,1.0045019279158918
14,30,9.616083172870491,0.6105115411679619
15,30,10.028182834420084,8.484349636041975
16,30,8.057748567148053,9.957963933862546
17,30,10.92700300385808,8.168603526468553
18,30,12,9.599455442065425
19,30,1.1186993481841545,12
0,35,3.2834251446876417,10.721339163712766
1,35,7.168409548052752,3.0612170686792277
2,35,4.9771481816311525,5.7741296916555545
3,35,10.832299751481287,8.417494888209578
4,35,0.8011586680926033,3.5398214473879834
5,35,10.775109222349279,10.932061706102902
6,35,8.903346291851145,0.4448182574069739
7,35,9.39724638484922,4.143291086571931
8,35,11.86873374535813,10.835551017636636
9,35,10.542711463215626,11.956644136821454
10,35,2.9223178108652244,4.1190510361144215
11,35,4.376483848499149,3.5677566249577013
12,35,0.45921484741796526,0.34911164772587044
13,35,8.508464628898732,1.0056098841009302
14,35,9.566045254741239,0.5547505531840609
15,35,10.031566975260883,8.564531873319178
16,35,8.047841350641967,9.96539063197998
17,35,10.908857863568162,8.190262475109792
18,35,12,9.574125493253078
19,35,1.1313685408969267,12
0,40,3.1915344955180314,10.687428077840307
1,40,7.177545465681788,3.0739600681037973
2,40,4.976409337836393,5.760781591208503
3,40,10.814241266878545,8.469213522090719
4,40,0.7699340819667059,3.4654028416090585
5,40,10.718903941577048,10.918631466612556
6,40,8.893384027956245,0.5037404007843298
7,40,9.301845779026097,4.165418901199313
8,40,11.862627484929773,10.827601290051454
9,40,10.649210844441106,11.954688068689942
10,40,2.924786640711615,4.115398885375331
11,40,4.427959718083633,3.503437807648144
12,40,0.41697826305386737,0.37690580345767516
13,40,8.465626149684299,1.0053691675912797
14,40,9.503995919588645,0.48216903540237355
15,40,10.034524798007698,8.61783070251948
16,40,8.039530038948309,9.971686399247124
17,40,10.890410027834823,8.212695109100626
18,40,12,9.525281684375871
19,40,1.145401281412628,12
0,45,3.1037026853118164,10.654736428489299
1,45,7.186905573372061,3.0873437078884542
2,45,4.974297046325022,5.728741723423769
3,45,10.791456342764953,8.541273366741297
4,45,0.7362486974253599,3.3874349413230105
5,45,10.65673461649265,10.905503307066825
6,45,8.88773784166674,0.5379389977739619
7,45,9.220916048523948,4.184080046501218
8,45,11.858313200763451,10.822036157693857
9,45,10.756951211010243,11.95460347451423
10,45,2.927084835699324,4.111922499305131
11,45,4.492122156588805,3.4232673509467224
12,45,0.3693195724278934,0.4059842091968966
13,45,8.418348094646237,1.0061664797053926
14,45,9.442715541616408,0.40871138701777965
15,45,10.038076237133705,8.673565593723506
16,45,8.024019141814835,9.983244515156544
17,45,10.876728926284985,8.229855178373107
18,45,12,9.459952607957964
19,45,1.156365647498992,12
0,50,3.0254222991042896,10.623841767738375
1,50,7.207527612616926,3.115717965796233
2,50,4.972964251369215,5.70618035870762
3,50,10.764505980400203,8.632070286802861
4,50,0.709056809059005,3.3235773547551353
5,50,10.591129778640125,10.891079631012227
6,50,8.881646845061482,0.5714110221115085
7,50,9.131021686810445,4.203230545277634
8,50,11.854677749255844,10.81713858278925
9,50,10.856296300847355,11.956771591472018
10,50,2.929709479232692,4.107917544518697
11,50,4.562836166884682,3.3388491598144543
12,50,0.3136302324917466,0.44054292245140253
13,50,8.378752807465855,1.0083265218383741
14,50,9.38173321633223,0.3350674131195885
15,50,10.043419151187571,8.742778716740492
16,50,7.997718023885881,10.002373995804422
17,50,10.867730465602747,8.24117770704692
18,50,12,9.384302968809958
19,50,1.1716732573605981,12
0,55,2.940615443656824,10.589062513119709
1,55,7.236181166813199,3.1551676745586543
2,55,4.972207507123492,5.688782637297649
3,55,10.74050459158408,8.712449121432291
4,55,0.6848714484049073,3.2678731620951535
5,55,10.536795784191549,10.879207816481777
6,55,8.874785798331699,0.607647204717385
7,55,9.050173138036692,4.220112231232503
8,55,11.861023169976734,10.82593891421355
9,55,10.94928069400454,11.96018888628908
10,55,2.929695339980869,4.107939820353377
11,55,4.629558869233477,3.2584893235162253
12,55,0.2679346905849523,0.4687944167381723
13,55,8.327841753910732,1.01085721278766
14,55,9.328154914483799,0.2710356311481642
15,55,10.050896338439834,8.829600097613632
16,55,7.975051746656358,10.018804181058423
17,55,10.870345347116562,8.238012221533115
18,55,12,9.304762746077234
19,55,1.1869833888742218,12
0,60,2.8592316490614187,10.556617878460107
1,60,7.265639664751847,3.1957254225826723
2,60,4.97098097220966,5.66025268182357
3,60,10.718704231870738,8.78410073305754
4,60,0.6678136623010694,3.227028772789377
5,60,10.460332804280645,10.861060402116788
6,60,8.867905891628268,0.6440726403126639
7,60,8.96097410597378,4.2326997801695905
8,60,11.859905022885323,10.824308767167762
9,60,11.066640631642128,11.964564714544238
10,60,2.9302610393162647,4.107047885230581
11,60,4.689986283365792,3.1901276486648227
12,60,0.22061697510985503,0.5006760416462251
13,60,8.27564517324245,1.0138136245295897
14,60,9.274783471276926,0.20691962441570239
15,60,10.055817616394107,8.911344860398728
16,60,7.959452169154626,10.030034161030436
17,60,10.87291817389654,8.235054757518629
18,60,12,9.185890140084675
19,60,1.2018684352124631,12
0,65,2.760266042761849,10.51699726380585
1,65,7.29723361967688,3.2401089725166976
2,65,4.969368398687916,5.641234959508897
3,65,10.700020042747706,8.84880755316516
4,65,0.6476313944853335,3.1791558254683654
5,65,10.372134701658759,10.842281817853213
6,65,8.864831418843687,0.6630253741559266
7,65,8.891282623764582,4.243409065979793
8,65,11.859286392092015,10.823430540306784
9,65,11.182430727930457,11.97060577741226
10,65,2.916731638305928,4.12934490278199
11,65,4.746026948352665,3.1264026008604855
12,65,0.17505354329522185,0.5321810546456233
13,65,8.220153564284548,1.016752744133481
14,65,9.228206086401416,0.15022289312235357
15,65,10.060339480672033,8.973860109493968
16,65,7.954264161558643,10.034021376480561
17,65,10.876455630810614,8.2308115875597
18,65,12,9.059756541589426
19,65,1.2132597763430508,12
0,70,2.656565666359884,10.478267937197733
1,70,7.332048206000044,3.2873789974001486
2,70,4.967681233980364,5.618613242921712
3,70,10.679154486631704,8.921085302506993
4,70,0.6199604945890282,3.116622599941298
5,70,10.263748758135335,10.819532983248312
6,70,8.861377172267916,0.6830783720324811
7,70,8.82991950596464,4.254658005378244
8,70,11.857568350984025,10.820990672993851
9,70,11.29819147853424,11.977632542458421
10,70,2.8906401496863707,4.1706932019092955
11,70,4.8030514683947,3.0582660438116926
12,70,0.12892945703978195,0.564688214549356
13,70,8.156080111518467,1.021884909323853
14,70,9.185520266176214,0.09934073809466587
15,70,10.064629074665632,9.029722311123587
16,70,7.947060207844853,10.039563870652657
17,70,10.883029567159985,8.222315282691271
18,70,12,8.918768972613957
19,70,1.2240232592634486,12
0,75,2.5514020625116767,10.438405904180929
1,75,7.379885868545871,3.3510221423336937
2,75,4.965386556640022,5.5981539773253
3,75,10.658975198907457,8.984710176473587
4,75,0.5939894324199961,3.060392926795046
5,75,10.144715441012766,10.792079506069113
6,75,8.859397472722957,0.6936358273947535
7,75,8.751492008198285,4.268180212519929
8,75,11.872513639861026,10.841718199721461
9,75,11.419948708765409,11.984012482571373
10,75,2.882238955143259,4.183844545174496
11,75,4.863714285438691,2.9872630609024506
12,75,0.07424700319486255,0.6053106470742841
13,75,8.15150456424129,0.9703988032894417
14,75,9.137403249307784,0.043558294964611534
15,75,10.067624500318697,9.069888068226359
16,75,7.928006452269457,10.054381342478877
17,75,10.888887243181232,8.214909924729835
18,75,12,8.77830440119805
19,75,1.236447197186262,12
0,80,2.4403945051647002,10.396566585011113
1,80,7.411225248234712,3.393744771194862
2,80,4.963105637230622,5.573555455132797
3,80,10.635974018636002,9.053705098850159
4,80,0.5660167948922484,3.0008965128732275
5,80,10.020979722734642,10.763421657682954
6,80,8.858282766521308,0.7000382541410115
7,80,8.735520601238852,4.178956110942919
8,80,11.874569809617917,10.844543229097903
9,80,11.563883597803521,11.991287765812524
10,80,2.886845672886307,4.176426596297622
11,80,4.943082686574673,2.902644770934763
12,80,0.008154416851430868,0.6540807866313174
13,80,8.145761263109657,0.9072605796220207
14,80,9.08737267097553,0
15,80,10.071084851551152,9.11029489265808
16,80,7.907355259011054,10.07056438765043
17,80,10.889398986174902,8.214239715237998
18,80,12,8.64494944322971
19,80,1.2504214127604274,12
0,85,2.3345776462210543,10.356858622332524
1,85,7.433794838784579,3.425206112805025
2,85,4.946923532392611,5.575473199595913
3,85,10.612925993919138,9.122047219644312
4,85,0.5323168297189771,2.9352939656171286
5,85,9.8808187551237,10.728105604455155
6,85,8.831782149147495,0.695758425606303
7,85,8.721405555430476,4.10701237299872
8,85,11.8738660561069,10.843641297491574
9,85,11.723991912038692,12
10,85,2.898498612884249,4.157460433539318
11,85,5.013748269811415,2.8231801472829057
12,85,0,0.6880397904195148
13,85,8.141773729991383,0.8650405189485637
14,85,9.038231543756014,0
15,85,10.074811417736308,9.155482706674867
16,85,7.89070259778061,10.084107426939434
17,85,10.893607764172788,8.208484785561772
18,85,12,8.51865358178482
19,85,1.2629543789518771,12
0,90,2.2249321153167942,10.311939778353127
1,90,7.459948138151865,3.4636197791293406
2,90,4.918901896644697,5.579138123359081
3,90,10.58655219413548,9.202225061101037
4,90,0.5055951471104145,2.887638902451044
5,90,9.750861209067882,10.692977973763197
6,90,8.78470812149878,0.6891584492345196
7,90,8.708497512915075,4.032830436658616
8,90,11.87285527646314,10.842287606619353
9,90,11.89151681785148,12
10,90,2.902774968391354,4.1504640768453624
11,90,5.103644999359852,2.7246744671867815
12,90,0,0.7196074079716167
13,90,8.138618594768069,0.8308867775275524
14,90,8.989504313543058,0
15,90,10.082019144120945,9.218282235906877
16,90,7.8617234507995235,10.107217400938163
17,90,10.895481204600273,8.20587591531159
18,90,12,8.519744455267752
19,90,1.277917884797037,12
0,95,2.1329004337713178,10.275675546746006
1,95,7.48847387152542,3.50684506068753
2,95,4.898304722571009,5.581409202271717
3,95,10.552420810501236,9.305257695235989
4,95,0.47768011023790524,2.8403379754970066
5,95,9.587582964528817,10.644305174695248
6,95,8.726537089046062,0.6810786055051471
7,95,8.693491442770833,3.9538549818242448
8,95,11.876012094676918,10.846591828669498
9,95,12,12
10,95,2.8950221138698375,4.16308624261142
11,95,5.2055433872049495,2.6141242201145536
12,95,0,0.7649207749838198
13,95,8.135661580541507,0.7923712789966614
14,95,8.957002268676916,0
15,95,10.08877555937619,9.286027323086964
16,95,7.83716265693356,10.127540955888922
17,95,10.897190117344405,8.203298628210565
18,95,12,8.522559167573997
19,95,1.2971072841157063,12
0,100,2.0285911301875688,10.231718440188041
1,100,7.5076054331182585,3.534267356148835
2,100,4.89027904133909,5.58232925253127
3,100,10.524199134068786,9.396208272059447
4,100,0.46000697085201264,2.808957269547118
5,100,9.41804604334639,10.594116066629974
6,100,8.646672869011548,0.6713967017373123
7,100,8.677446081276232,3.867198845319918
8,100,11.878042102707198,10.849352647838733
9,100,12,12
10,100,2.887253862900878,4.175981898184645
11,100,5.30307192558893,2.5043190229752197
12,100,0,0.8130527051251608
13,100,8.130648433812633,0.7214427294172492
14,100,8.932741399837008,0
15,100,10.099483531350963,9.361995516298087
16,100,7.83454650656304,10.129703840173267
17,100,10.905903346178413,8.19122782276403
18,100,12,8.523350577487587
19,100,1.3112384249304787,12
0,105,1.927951270725586,10.189607643460958
1,105,7.517969618035896,3.5496767999366057
2,105,4.882635284627564,5.583194572240367
3,105,10.498611644030818,9.476969003342768
4,105,0.44797829011442764,2.7873911886189813
5,105,9.244646888170577,10.545411208770672
6,105,8.569309524572633,0.6622495385413395
7,105,8.657582086074473,3.7636926842573852
8,105,11.879204122053672,10.851010387050914
9,105,12,12
10,105,2.8713226087066572,4.202768108476068
11,105,5.405360362927302,2.3920555197284723
12,105,0,0.8594012863350884
13,105,8.127654204810966,0.6512043312300425
14,105,8.914505786906547,0
15,105,10.107305019049836,9.417905790844575
16,105,7.838724792844275,10.126322764528384
17,105,10.915193039925136,8.177967783246102
18,105,12,8.525882952597634
19,105,1.3280797277588392,12
0,110,1.823119878584982,10.146534405458654
1,110,7.528483412755896,3.5648928704077756
2,110,4.8441623932065765,5.587901890072716
3,110,10.470815105203892,9.563245656795871
4,110,0.44249082687405594,2.7770414757702855
5,110,9.086561469291368,10.51006425606763
6,110,8.48653692619431,0.654081028799356
7,110,8.752043132838644,3.7436760225590895
8,110,11.88710319599296,10.862288084228489
9,110,12,12
10,110,2.847030292289871,4.243352448148243
11,110,5.506214460347943,2.2803323222414433
12,110,0,0.8920541242429244
13,110,8.12433893149583,0.5871019013362878
14,110,8.89787356392018,0
15,110,10.11029046079088,9.435721189474943
16,110,7.851912038120199,10.115451747178376
17,110,10.926130663414641,8.161745834200293
18,110,12,8.531355408552354
19,110,1.3380603904494568,12
0,115,1.7183142790985082,10.104852849782567
1,115,7.5333080122019345,3.572116911883764
2,115,4.836752295382147,5.588844555986473
3,115,10.434767779497623,9.669735685173949
4,115,0.4379046422425515,2.7686511241197405
5,115,8.928257914845611,10.48422781354042
6,115,8.394622560846939,0.6430463728660722
7,115,8.828594856169431,3.7245187203337378
8,115,11.899434358123996,10.880134293428902
9,115,12,12
10,115,2.8165203580787845,4.29468767606567
11,115,5.605216467511266,2.1712088479638374
12,115,0,0.9370673729448653
13,115,8.122211709365164,0.5413543759358718
14,115,8.863090303384425,0
15,115,10.11430487838233,9.457394695982703
16,115,7.858114200384544,10.11038050074099
17,115,10.941821091267231,8.13698228711636
18,115,12,8.535455872871523
19,115,1.3467596350665247,12
0,120,1.5985974554204814,10.057465640059169
1,120,7.529950769667875,3.567173494497898
2,120,4.824224187650463,5.590521518875482
3,120,10.388123405461101,9.809583409275678
4,120,0.4241099828888859,2.7440420426316776
5,120,8.782796571941306,10.456119564077387
6,120,8.313796751465379,0.6346352767947201
7,120,8.905411691382971,3.7057499032478542
8,120,11.908568371770548,10.893348352256941
9,120,12,12
10,120,2.789057442935488,4.341818365259738
11,120,5.698391309463004,2.0697653481563743
12,120,0,0.9787346706793073
13,120,8.120861709597438,0.5115579875068648
14,120,8.838303240908893,0
15,120,10.120847485111753,9.491260540448986
16,120,7.872098091937638,10.099045570779232
17,120,10.96453349654974,8.10032419993685
18,120,12,8.541136138703925
19,120,1.3576116007668781,12
0,125,1.4842867919933491,10.013821734758894
1,125,7.4984527422053535,3.5198916579477317
2,125,4.792668700862093,5.594811064212437
3,125,10.348247367698592,9.924186865679754
4,125,0.39646172420405384,2.698779296707711
5,125,8.644231260745174,10.431577587237943
6,125,8.232908042385176,0.6248919950389392
7,125,8.991680880460828,3.683971215371217
8,125,11.922438669424292,10.91364055571083
9,125,12,12
10,125,2.7639381784974772,4.388074834268801
11,125,5.782898907784054,1.976602697247011
12,125,0,1.0184403342439938
13,125,8.119697585135139,0.4552060065686614
14,125,8.803613018727301,0
15,125,10.128093637006877,9.527467763258576
16,125,7.915981661800035,10.063603003451862
17,125,10.99015373392717,8.060488402637201
18,125,12,8.542405547113777
19,125,1.3713563982606711,12
0,130,1.3699814345963681,9.970993041668741
1,130,7.460727654942625,3.45948217312937
2,130,4.773229139491125,5.59715411571935
3,130,10.317985742377703,10.00123068897771
4,130,0.3719923513643277,2.6587754514765263
5,130,8.51906702300575,10.410977870639554
6,130,8.12787399647847,0.6178088239332262
7,130,9.094452314696804,3.661651586662039
8,130,11.947268589153527,10.947415237281684
9,130,12,12
10,130,2.737493502401073,4.4348636327104085
11,130,5.867717080035359,1.8803254631947852
12,130,0,1.0663641595499471
13,130,8.116678097123616,0.38475692194611255
14,130,8.758200789028406,0
15,130,10.131656135693811,9.544833170568298
16,130,7.949370477831626,10.037041931313098
17,130,11.013050941689192,8.024443988527873
18,130,12,8.542141522427984
19,130,1.4611341922789443,11.98740077928721
0,135,1.2589477215032363,9.930586964609203
1,135,7.4203439657108055,3.3920561856830798
2,135,4.756597168385662,5.599447535410919
3,135,10.281812878327845,10.093298482331683
4,135,0.34434486654008106,2.6139765335575387
5,135,8.412334627557419,10.393715592327466
6,135,8.006687080315904,0.6066484911921046
7,135,9.198685768062687,3.636419857322515
8,135,11.971736645408319,10.981049920022603
9,135,12,12
10,135,2.707140288388577,4.488025565682519
11,135,5.946728768595571,1.7871296236901504
12,135,0,1.1059765098961276
13,135,8.115159579271385,0.30781536342098226
14,135,8.706178685727334,0
15,135,10.13853423138567,9.573228161518658
16,135,7.978638867132655,10.012983934256486
17,135,11.034249535972345,7.991587299965354
18,135,12,8.542318319484224
19,135,1.5607781357204729,11.972540113704055
0,140,1.1428500272320288,9.89278677689427
1,140,7.375986984741731,3.322479722763737
2,140,4.732775161782868,5.602796664257332
3,140,10.241580647619818,10.195374986881186
4,140,0.3062907323894765,2.5524643347419675
5,140,8.314512895534408,10.377752244850724
6,140,7.882700987801398,0.5960697961835655
7,140,9.298905992173507,3.6102200810515996
8,140,12,11.030222259625829
9,140,12,12
10,140,2.664656573157503,4.563384196940461
11,140,6.022955046996014,1.6959292645079387
12,140,0,1.1327659233608223
13,140,8.1136268991239,0.2471600690341184
14,140,8.650790646894562,0
15,140,10.142409556297865,9.588701565978774
16,140,8.020677329836143,9.978556901222944
17,140,11.056434327244599,7.956774202349278
18,140,12,8.542156851866345
19,140,1.677546975240323,11.957260397663248
0,145,1.0177700551565365,9.84769323268233
1,145,7.3292836161155455,3.243958689835512
2,145,4.7098367866211115,5.605863155538591
3,145,10.201321164865023,10.310483955464418
4,145,0.2477842650632423,2.4650256610450407
5,145,8.215703513167721,10.362149606551984
6,145,7.76198509469509,0.5857924080028318
7,145,9.40943407699027,3.5816002766692443
8,145,12,11.074189041596608
9,145,12,12
10,145,2.618662093723881,4.640283335948426
11,145,6.090064920846921,1.612639277613151
12,145,0,1.1510496577209919
13,145,8.112201161217529,0.1838213873021562
14,145,8.592713042062256,0
15,145,10.141887459123899,9.586592514445634
16,145,8.061499379536839,9.945984714389093
17,145,11.084180451278332,7.91312416827612
18,145,12,8.538833494075792
19,145,1.7975023768439304,11.944285381336591
0,150,0.8970425596400862,9.803006624286736
1,150,7.266596130017418,3.137840561829027
2,150,4.666034681579892,5.611898677741238
3,150,10.151816224376278,10.445315108243372
4,150,0.19232389858035398,2.3817274272771813
5,150,8.111378362756234,10.346411639881351
6,150,7.630836177251354,0.5730034865824121
7,150,9.532669144329683,3.5486356211434567
8,150,12,11.132339121720271
9,150,12,12
10,150,2.5692873907666893,4.719669015190045
11,150,6.160866772708659,1.5275044703256373
12,150,0,1.1712040432911666
13,150,8.111871721755564,0.13997021160693926
14,150,8.533410148923856,0
15,150,10.143096621939415,9.591253836950479
16,150,8.093612353192318,9.920776527641417
17,150,11.126290662097908,7.850794648608671
18,150,12,8.53222197108935
19,150,1.7820268765244152,11.814522229663961
0,155,0.7649994434347046,9.754529073418292
1,155,7.211596023306505,3.0502607000213033
2,155,4.628405296907812,5.61663742483509
3,155,10.105072006180425,10.5712771884473
4,155,0.13868275058574311,2.299936786795805
5,155,8.013829624164742,10.333924592020828
6,155,7.512951479670312,0.5573638365735835
7,155,9.502912766557689,3.4371207525934393
8,155,12,11.197552441935908
9,155,12,12
10,155,2.5150658845052103,4.805203160997566
11,155,6.224804850476803,1.4546757471121974
12,155,0,1.1949269310611124
13,155,8.112091132820048,0.10531620690710904
14,155,8.449584944382945,0
15,155,10.141774381262419,9.58592487615209
16,155,8.139928074657677,9.88660276948516
17,155,11.174475537889434,7.7788830284075505
18,155,12,8.524454149677345
19,155,1.7684401697514875,11.700465784848054
0,160,0.64340702756998,9.71144951061291
1,160,7.16180840943361,2.967803820617698
2,160,4.5816386466870505,5.622279206091003
3,160,10.05471816543088,10.707025352591469
4,160,0.0887890075491997,2.2282297329261964
5,160,7.938580352432722,10.323264189484869
6,160,7.420183638976358,0.5447334531400443
7,160,9.471277075251741,3.314640611987151
8,160,12,11.243967010085887
9,160,12,12
10,160,2.4705073652153846,4.877152879776087
11,160,6.282384695473375,1.3838919511539731
12,160,0,1.2334898667998235
13,160,8.11159802978505,0.07330357457442768
14,160,8.362375018197863,0
15,160,10.134888910329868,9.558489997667868
16,160,8.187550796996453,9.852217941002795
17,160,11.227706743530307,7.6959393978007675
18,160,11.989978336234719,8.32724626305795
19,160,1.7546403778913378,11.566016907487835
0,165,0.5212753338827962,9.667514282113386
1,165,7.1214479451547,2.8982007242916854
2,165,4.537640785589881,5.6274754963265625
3,165,10.0089314429662,10.826582468239314
4,165,0.042859629403912206,2.1606861446603194
5,165,7.854533787141048,10.311729558864299
6,165,7.316933230529578,0.5298705673581129
7,165,9.438647461004399,3.1866157518850646
8,165,12,11.29962228692477
9,165,12,12
10,165,2.4286560148443215,4.940028306957773
11,165,6.335618959520638,1.3203297773630795
12,165,0,1.2710771111728232
13,165,8.11117795882103,0.049279120552051026
14,165,8.284877585849765,0
15,165,10.13038000113757,9.54103002679925
16,165,8.242246814569285,9.812239994497915
17,165,11.278436840273105,7.618474673636964
18,165,11.968416749354287,8.142561147106441
19,165,1.7404989747209314,11.432397721252258
0,170,0.4034243602740163,9.62510532424475
1,170,7.0911981236106625,2.8473303745392653
2,170,4.4967119564588,5.632830690364176
3,170,9.959437471248906,10.951379826384226
4,170,0,2.0733562001927015
5,170,7.76581249332266,10.302988984581372
6,170,7.231716754813747,0.516667881374824
7,170,9.405769465810502,3.0588742932726545
8,170,12,11.36546859305158
9,170,12,12
10,170,2.3859936900041427,5.005692903104948
11,170,6.381484383651491,1.264552516898813
12,170,0,1.2920872031766326
13,170,8.110746180528462,0.017106172585607343
14,170,8.204785213889826,0
15,170,10.123738464866538,9.516141709859886
16,170,8.301969385607375,9.766783043948754
17,170,11.332442204984092,7.537270964730009
18,170,11.949446672406964,7.985279052072359
19,170,1.7222298748825449,11.28224074634897
0,175,0.2948900676988384,9.584288802439502
1,175,7.046973389550625,2.7738936285765274
2,175,4.441472335082151,5.64027416818165
3,175,9.917082525083906,11.055583858164193
4,175,0,1.9852703854055676
5,175,7.66942341091595,10.293496268622048
6,175,7.157362458612804,0.5062011094010558
7,175,9.375214381102653,2.948323136550744
8,175,12,11.421416676323014
9,175,12,12
10,175,2.3435323307749747,5.0711498013351255
11,175,6.432415579346378,1.200802955958741
12,175,0,1.3023099074693532
13,175,8.109429693477072,0
14,175,8.130158666282446,0
15,175,10.119849818419377,9.501710579274075
16,175,8.345790235903403,9.73291393432836
17,175,11.387159005592082,7.456493645705914
18,175,11.929979283636014,7.8129973965267085
19,175,1.703833064099391,11.138739855107714
0,180,0.18235591431053083,9.547669012457524
1,180,7.007449165556003,2.7063630287142484
2,180,4.381365053495954,5.647224763676352
3,180,9.8745454772794,11.16935429462299
4,180,0,1.9006477347062976
5,180,7.566346371347672,10.281259580372593
6,180,7.089690656698418,0.4994413517641503
7,180,9.350843771133484,2.8575242738099487
8,180,12,11.48201805042401
9,180,12,11.999515201398708
10,180,2.318876114444616,5.111309829988945
11,180,6.488308843172543,1.1270951300995293
12,180,0,1.3120072251193824
13,180,8.10872555549323,0
14,180,8.046393090495974,0
15,180,10.111443583964393,9.47075849744727
16,180,8.399712056228283,9.691016340434102
17,180,11.432768045634136,7.386824883283634
18,180,11.911435593905248,7.661557362961594
19,180,1.6833945060440745,10.985532416269173
0,185,0.08298176738037287,9.51417714759071
1,185,6.971765293921471,2.64394057066115
2,185,4.332337599854949,5.652757097737956
3,185,9.828992434128697,11.294181502544635
4,185,0,1.8212089864754517
5,185,7.457273694495961,10.26781060821262
6,185,7.006710974706496,0.4902903070943632
7,185,9.326427294623025,2.76081183479808
8,185,12,11.559700035222514
9,185,12,11.999536291786834
10,185,2.2919619446747177,5.156562857757815
11,185,6.541773455768492,1.0542635755860827
12,185,0,1.3314646325176136
13,185,8.10766344576009,0
14,185,7.96116344458111,0
15,185,10.103242840980142,9.440692682673228
16,185,8.440702173798245,9.656593053233888
17,185,11.479024774379672,7.324885809582327
18,185,11.890990825425082,7.478692588005815
19,185,1.662749151268354,10.83116485651945
0,190,0,9.476923729370197
1,190,6.939094891572893,2.584941546903486
2,190,4.315029874872361,5.654968606066124
3,190,9.793591444394261,11.405417971297506
4,190,0,1.7502640006162844
5,190,7.362945762639231,10.254202258684147
6,190,6.924557421788155,0.4842349306090163
7,190,9.30088501689713,2.659577865436765
8,190,12,11.628435565815494
9,190,12,11.999879871926417
10,190,2.2644574696543467,5.202230927319986
11,190,6.582913931195737,0.9961468576987863
12,190,0,1.3746417896668568
13,190,8.106979074347205,0
14,190,7.868610196696265,0
15,190,10.087424296324876,9.386770990913085
16,190,8.472819204382297,9.630414892889615
17,190,11.522678210978238,7.26214842239127
18,190,11.867103395664596,7.293635427091805
19,190,1.6425161566733466,10.681009853078603
0,195,0,9.434515661529613
1,195,6.897728222253487,2.5096532123216337
2,195,4.285863498597689,5.658816161983125
3,195,9.759731817866978,11.526711113703621
4,195,0,1.6726912401789973
5,195,7.284825318825968,10.244312334414701
6,195,6.833277982595333,0.4773397322727257
7,195,9.276773825218495,2.5647583968935725
8,195,12,11.678597872010938
9,195,12,12
10,195,2.2375045625302903,5.2460105043694405
11,195,6.622355949001839,0.9394281611917541
12,195,0,1.4163780791589875
13,195,8.104310643494694,0
14,195,7.782643568219985,0
15,195,10.075748566984913,9.347676350888955
16,195,8.492404929747826,9.614411007526861
17,195,11.584722401134336,7.172008616776994
18,195,11.845229648555785,7.141294517867399
19,195,1.6188453024940623,10.50121787137931
0,200,0,9.393520708154918
1,200,6.855543653891382,2.430376726975496
2,200,4.244348797554063,5.6636266738482135
3,200,9.72865303697251,11.63406805351143
4,200,0,1.6040878335489337
5,200,7.200631372086863,10.234878670968879
6,200,6.718939816573889,0.4693812579088533
7,200,9.258192704338402,2.4834711796302127
8,200,12,11.74561934420828
9,200,12,11.999860574291633
10,200,2.2090079508243536,5.292868848829051
11,200,6.665601394800553,0.875575131162728
12,200,0,1.4553109270793536
13,200,8.101259046714697,0
14,200,7.691201343905334,0
15,200,10.060788059518226,9.294453132627943
16,200,8.505853342781974,9.603062537427371
17,200,11.655468603071876,7.0687834796694835
18,200,11.823165551835457,6.980881993245233
19,200,1.5917812385180958,10.338331666581682
0,205,0,9.359987238478094
1,205,6.804599868564487,2.338010190064585
2,205,4.209445813571628,5.667017309187536
3,205,9.700627495826087,11.738311674400922
4,205,0,1.5283026041667611
5,205,7.100766664285124,10.222037970086413
6,205,6.613785885499393,0.46294299844558473
7,205,9.243839565410733,2.418371222110276
8,205,12,11.80920434937709
9,205,12,12
10,205,2.1866857588860835,5.330410942617747
11,205,6.717123125913265,0.7968843103436286
12,205,0,1.4971400492918787
13,205,8.09805817822977,0
14,205,7.600530234278884,0
15,205,9.984019156667387,9.31565696914425
16,205,8.527633843572842,9.584856236821015
17,205,11.731501621882098,6.9531106868659664
18,205,11.804389679708336,6.831334387318585
19,205,1.5608339638632571,10.169571511154642
0,210,0,9.32743213801489
1,210,6.751132634941825,2.2402273126096253
2,210,4.184191437095344,5.670212159101938
3,210,9.671705721481162,11.842888179248888
4,210,0,1.4432592690231905
5,210,7.0157404727551445,10.21079738511702
6,210,6.5218923288488835,0.45886440805074025
7,210,9.230730686892665,2.3561110748557335
8,210,12,11.879107558059362
9,210,12,11.999375408155561
10,210,2.162288826822974,5.369811231274017
11,210,6.7742979167093615,0.7097544275973048
12,210,0,1.5374744729684198
13,210,8.09363580940669,0
14,210,7.520028739421985,0
15,210,9.886319604997412,9.342429532099548
16,210,8.564950649692463,9.553108749613246
17,210,11.811519764613697,6.82933601155173
18,210,11.787639653803359,6.673185017054129
19,210,1.52580457179989,9.96582861651356
0,215,0,9.294583410392484
1,215,6.696764494118139,2.13732035732356
2,215,4.197219578871658,5.6690160317148734
3,215,9.638723486560425,11.956329701423831
4,215,0,1.3649116496906273
5,215,6.909357238541322,10.192464744107472
6,215,6.416816449717569,0.45317106584101463
7,215,9.219830847146357,2.3026113563136335
8,215,12,11.94716468984503
9,215,12,11.998769074774051
10,215,2.126441958401591,5.426979375258801
11,215,6.826804247488839,0.6280099929884025
12,215,0,1.574340205338973
13,215,8.08833040018153,0
14,215,7.443765034522316,0
15,215,9.78622397829466,9.370304665704177
16,215,8.603787874088587,9.519724912713485
17,215,11.89474847170929,6.702322746332249
18,215,11.774181574453564,6.5107686864707
19,215,1.4882282402120017,9.771213758867503
0,220,0,9.263500191720674
1,220,6.640504537802583,2.026283861654443
2,220,4.213767314452752,5.667236439817429
3,220,9.595856823985864,12
4,220,0,1.2798927404022507
5,220,6.818115501201075,10.175554126824354
6,220,6.330204903922404,0.44947766082064167
7,220,9.21388476409934,2.2734477921539193
8,220,12,12
9,220,12,11.997741213550357
10,220,2.0899849033871805,5.485247889169897
11,220,6.883529871638336,0.5382355881809319
12,220,0,1.612806296831832
13,220,8.081082731106758,0
14,220,7.360153334865371,0
15,220,9.691152265614738,9.394565959081456
16,220,8.641531494889277,9.488489814067584
17,220,11.965530986794782,6.589600092477177
18,220,11.750771277520583,6.334349329263011
19,220,1.4521137840689549,9.577764162385987
0,225,0,9.222337880189887
1,225,6.584132783576328,1.9175174316782047
2,225,4.238846158586645,5.665223062010101
3,225,9.553473645278721,12
4,225,0,1.1920310741093625
5,225,6.706711462426063,10.15568330102805
6,225,6.252493842698152,0.44959396668117313
7,225,9.208793914926943,2.2490357809150576
8,225,12,12
9,225,12,11.997396645770417
10,225,2.0546599449119327,5.5439610306083
11,225,6.966839825770325,0.5889557007946149
12,225,0,1.6518234488605503
13,225,8.076243366030694,0
14,225,7.279286429309456,0
15,225,9.59460524380003,9.413895533061178
16,225,8.68154102023837,9.455640175873798
17,225,12,6.471489725172635
18,225,11.734593567907483,6.173109996428405
19,225,1.4167620933992824,9.386171600762045
0,230,0,9.178133085160125
1,230,6.536047168452856,1.8197398177725668
2,230,4.236967896859265,5.665350974774321
3,230,9.517344606614595,12
4,230,0,1.0998034526218368
5,230,6.589885788187962,10.133488630521219
6,230,6.180752842058625,0.4502515797232202
7,230,9.196645663461053,2.194218693976067
8,230,12,12
9,230,12,11.996748511983494
10,230,2.0167802894728077,5.606323225960553
11,230,7.059603709588132,0.6456449024726832
12,230,0,1.6859622141615547
13,230,8.06787282927581,0
14,230,7.2003043565350735,0
15,230,9.514051745870901,9.428664632309363
16,230,8.721047634343794,9.424496901109086
17,230,12,6.347565426465289
18,230,11.724995795054719,6.020397251167266
19,230,1.3766009790072942,9.179200361467494
0,235,0,9.128966592243174
1,235,6.4857391840244984,1.7169675296597215
2,235,4.213877478918809,5.6671224875226525
3,235,9.491920518664669,12
4,235,0,1.0018173077073491
5,235,6.471601484929867,10.111127659946787
6,235,6.1095775218323425,0.4516758779369972
7,235,9.186276776942922,2.147952296847978
8,235,12,12
9,235,12,11.99586081673891
10,235,1.991821727362709,5.64630912428244
11,235,7.180518837934984,0.7205975768718437
12,235,0,1.7319597114096656
13,235,8.061334577140652,0
14,235,7.098574900303303,0
15,235,9.409853827167003,9.447822933538292
16,235,8.77103125157109,9.385506040762719
17,235,12,6.240382519464783
18,235,11.719864236071176,5.871098203414148
19,235,1.3400454459781779,8.97882469824411
0,240,0,9.08382375215406
1,240,6.43335758074771,1.611876377081262
2,240,4.173322338656427,5.67046002190733
3,240,9.464253904624565,12
4,240,0,0.9064700490225164
5,240,6.343050058687382,10.089231642975806
6,240,6.0517927643617755,0.4527477050636547
7,240,9.175021945799028,2.1002464459212464
8,240,12,12
9,240,11.99774624825995,11.99589458081322
10,240,1.9681603695864351,5.68400593686741
11,240,7.297826906808167,0.7916859172114341
12,240,0,1.7838880476844943
13,240,8.053827253313681,0
14,240,7.00562235867533,0
15,240,9.431850157100746,9.541574867030615
16,240,8.831885087614383,9.338649371398091
17,240,12,6.147724325267761
18,240,11.721964795182974,5.716875929129119
19,240,1.5118536684077057,8.95177254936855
0,245,0,9.041832704388872
1,245,6.378891902995026,1.4973356330102892
2,245,4.124883412442908,5.674297136467958
3,245,9.444163682938072,12
4,245,0,0.8156404216141289
5,245,6.219413420742069,10.065688471949723
6,245,5.964528943545061,0.4568302583142175
7,245,9.166778710322205,2.064654145120477
8,245,12,12
9,245,12,11.995944176485267
10,245,1.9383700398484471,5.733214378684762
11,245,7.427384077990087,0.8751651515687773
12,245,0,1.8342296616155405
13,245,8.046621856480085,0
14,245,6.903984624104608,0
15,245,9.454916367261598,9.63623026479476
16,245,8.906713243351373,9.278162224551414
17,245,12,6.0559807624148005
18,245,11.719981437543638,5.582903568984465
19,245,1.6567324041838314,8.92923561981747
0,250,0,8.999032337007884
1,250,6.329029869589887,1.38151143401628
2,250,4.063751587547935,5.679582513602196
3,250,9.42998234233626,12
4,250,0,0.7371084976655419
5,250,6.104139214601003,10.043763671218885
6,250,5.862810737029284,0.4613565919784398
7,250,9.157287537392179,2.0246471131900634
8,250,12,12
9,250,12,11.996506427520744
10,250,1.9158549398919709,5.772467882786496
11,250,7.538374447474147,0.9494234800020919
12,250,0,1.8735522481896565
13,250,8.039581326342972,0
14,250,6.794644772723426,0
15,250,9.529834804319533,9.618619838519734
16,250,8.964501751963946,9.226748943524049
17,250,12,5.971559608547259
18,250,11.718589304976526,5.44780891810613
19,250,1.8095600725555874,8.905453204160429
0,255,0,8.960950845667755
1,255,6.285040770336286,1.284428553583417
2,255,4.005683836807732,5.685190329916765
3,255,9.416000191165457,12
4,255,0,0.6768270229570031
5,255,6.01834746250782,10.026900856713587
6,255,5.771861835847766,0.4667317771788854
7,255,9.143621505609106,1.9649836107775576
8,255,12,12
9,255,12,11.997859418597661
10,255,1.8805642377855378,5.832699934357761
11,255,7.639049614530773,1.0155715775577585
12,255,0,1.9181673043331486
13,255,8.030464341680096,0
14,255,6.702691425998352,0
15,255,9.603738619922071,9.602475541612245
16,255,9.011537487866763,9.185543642697638
17,255,12,5.894075985888247
18,255,11.715251872941902,5.323351250096317
19,255,1.9596548168885246,8.878248202618247
0,260,0,8.921496862526386
1,260,6.238657508277226,1.1863440361007944
2,260,3.9494114882482916,5.691466817649333
3,260,9.402821618055919,12
4,260,0,0.6112931271205908
5,260,5.943946824048741,10.01347079700952
6,260,5.699955593085102,0.4709661677202433
7,260,9.12958930346297,1.8974998845208342
8,260,12,12
9,260,12,12
10,260,1.849043767659505,5.887096457296036
11,260,7.75103680315011,1.0868890203157613
12,260,0,1.9727894756725441
13,260,8.017797667726162,0
14,260,6.600678974021299,0
15,260,9.682662089192524,9.584883822917288
16,260,9.056155037419597,9.14692541578131
17,260,12,5.837697954564617
18,260,11.712773835714678,5.198866469507257
19,260,2.1037876182395685,8.855166132595395
0,265,0,8.892341443587815
1,265,6.188003504945552,1.0743931318355835
2,265,3.892197490986991,5.697842137490973
3,265,9.392189172360192,12
4,265,0,0.5380582149075417
5,265,5.873767695767465,10.000473006515326
6,265,5.639907665037746,0.47543722748352185
7,265,9.115067148018577,1.8230113781393757
8,265,12,12
9,265,12,12
10,265,1.8212341430687413,5.93399347400868
11,265,7.867069184399876,1.158230683420346
12,265,0,2.014612236888219
13,265,8.00474562844017,0
14,265,6.492196730842676,0
15,265,9.765467883354175,9.566451223008599
16,265,9.105521940621962,9.101322334088074
17,265,12,5.784592201193107
18,265,11.708487667322538,5.075780990905373
19,265,2.2144338172624924,8.83474609507904
0,270,0,8.858542647667903
1,270,6.1298200439640835,0.9484694128304727
2,270,3.8474066346280873,5.703394856713284
3,270,9.38391597567607,12
4,270,0,0.4666470353437523
5,270,5.812255557018116,9.987953592634184
6,270,5.587530009151567,0.47935282198996637
7,270,9.097880016703556,1.7367068109320105
8,270,12,12
9,270,12,12
10,270,1.7874822138624773,5.993605653950082
11,270,7.978376080930587,1.2248954637533345
12,270,0,2.053298381790723
13,270,7.993752811540877,0
14,270,6.380167693056396,0
15,270,9.845956287055765,9.54835877353602
16,270,9.147074734740444,9.063659647047823
17,270,12,5.741627082839093
18,270,11.703768717798534,4.947309830416676
19,270,2.3260482735895116,8.81709232476132
0,275,0,8.824484020356746
1,275,6.072911326430879,0.8261563256692099
2,275,3.781370462277126,5.70976454706723
3,275,9.376793628026594,12
4,275,0,0.4085254054645725
5,275,5.759440173877945,9.97757965695043
6,275,5.532917592628011,0.4821716769066662
7,275,9.080458218506822,1.648252205173289
8,275,12,12
9,275,12,12
10,275,1.7437856263307099,6.06711335898778
11,275,8.096940715365987,1.2973688248989905
12,275,0,2.0987518619239656
13,275,7.9828128913236815,0
14,275,6.273355729862069,0
15,275,9.926800944224292,9.530584288150397
16,275,9.181271639552925,9.033484456022956
17,275,12,5.704468644247786
18,275,11.69852274728823,4.821284651477744
19,275,2.450313978290679,8.796389959021612
0,280,0,8.801025950034079
1,280,6.010299870648487,0.6902602406075271
2,280,3.741524481837263,5.712427311682771
3,280,9.37066786490577,12
4,280,0,0.35999273934396137
5,280,5.711380816161087,9.968198346706947
6,280,5.482490015970866,0.48455037938761175
7,280,9.067539561868095,1.5898223707947612
8,280,12,12
9,280,12,12
10,280,1.6993733812759113,6.14248092852054
11,280,8.219649107857958,1.3699208597885715
12,280,0,2.1396075052409977
13,280,7.972526632245242,0
14,280,6.180818546117083,0
15,280,9.995965522179842,9.516854008559362
16,280,9.2030823635482,9.01450167168938
17,280,12,5.672988710263238
18,280,11.69420422724067,4.690717547088585
19,280,2.5837055935465965,8.773533604305229
0,285,0,8.78504224354902
1,285,5.955995135689106,0.5660888547882357
2,285,3.7009412214928084,5.714044200759794
3,285,9.362664185700698,12
4,285,0,0.3102649277337332
5,285,5.677324261662076,9.96142313371244
6,285,5.456591505847922,0.4853377968378171
7,285,9.051149017508695,1.5140537078937821
8,285,12,12
9,285,12,12
10,285,1.663591181550227,6.201688556432125
11,285,8.338504960641078,1.4391564136542536
12,285,0,2.1794029458860606
13,285,7.9613099820559805,0
14,285,6.0686349422529595,0
15,285,10.049985986520372,9.506528576926373
16,285,9.222975571827206,8.997580563538657
17,285,12,5.643323374335503
18,285,11.691903778128696,4.5833243630164855
19,285,2.736005032556666,8.743115687494159
0,290,0,8.766008835687082
1,290,5.908112496354418,0.4510818643824449
2,290,3.6981634696166794,5.6661159533702845
3,290,9.403706949551841,12
4,290,0,0.2437663331530261
5,290,5.638838512479581,9.954813405466883
6,290,5.429864952782529,0.4867683134146532
7,290,9.037019595813419,1.4509849992478308
8,290,12,12
9,290,12,12
10,290,1.639707720786565,6.24162327801474
11,290,8.450864877919384,1.503156918944246
12,290,0,2.22758805612942
13,290,7.949657372235354,0
14,290,5.949872846159426,0
15,290,10.110279009497251,9.494541951664973
16,290,9.264269632138326,8.964085027344241
17,290,12,5.593443219324717
18,290,11.687892987977103,4.480996577421424
19,290,2.8860203600647543,8.713481945184025
0,295,0,8.744002628214043
1,295,5.855465373303338,0.31514793518954115
2,295,3.6952800092645117,5.621365532595078
3,295,9.4081234686218,11.978146749947939
4,295,0,0.18294025615915302
5,295,5.620191824563319,9.951115833494528
6,295,5.40168782160498,0.4878987386041399
7,295,9.023524741166902,1.3813919634274106
8,295,12,12
9,295,12,12
10,295,1.6249395525005708,6.264484289115019
11,295,8.576687391144263,1.575446826886077
12,295,0,2.2688992197289957
13,295,7.93983137491477,0
14,295,5.83368422467703,0
15,295,10.16019478688027,9.483628433572305
16,295,9.279375658881538,8.952024511384003
17,295,12,5.542707999009346
18,295,11.683585039608571,4.388214072214209
19,295,3.0380581679900764,8.680724589930053
