id,time,x,y
0,0,11.934438000520291,6.995132694446708
1,0,5.048970679377086,8.009883538077604
2,0,2.9681030670780886,8.009576403098487
3,0,7.049430480753059,10.021556233246356
4,0,1.9266526601111325,8.040064219692956
5,0,0,4.0371707988518715
6,0,1.9658954236454325,3.0411300192286967
7,0,6.0347044078084044,12
8,0,11.002426179745836,2.973443411341982
9,0,12,6.9598243339728425
10,0,0.05072191056103591,11.029470129803775
11,0,10.052509378858623,10.002539216481992
12,0,4.064750837852963,11.988583000637492
13,0,4.960971091715345,11.023956781225253
14,0,3.013001155360073,11.961863170247609
15,0,7.021735015659394,5.935666856619265
16,0,2.9570522878478442,6.956509429004841
17,0,0.0156257019500688,7.9690506529814655
18,0,9.962709030230645,10.935829336416901
19,0,7.065224557407603,5.0172529734254185
20,0,10.974766572055373,10.031694498637531
21,0,0.0040369339411855535,0
22,0,7.04517977414922,8.970834309263756
23,0,1.9906101976008634,6.054908256127152
24,0,7.045488085085429,6.040352170766216
25,0,11.967616645634019,9.057845884895292
26,0,2.0473427149186287,7.943074840772543
27,0,3.0112598720839068,2.040047276881566
28,0,0.019498708140610787,8.954543271607655
29,0,6.047781720306924,8.052807376067628
30,0,4.990963524192444,8.020276387041926
31,0,4.943466178260832,6.000383443277607
32,0,6.980857884435011,9.000678447099645
33,0,9.983269821350422,2.0778529319613663
34,0,7.972395902003763,0.9597685335759358
35,0,0.9780566420043363,0.07391009420155105
36,0,2.973190466034273,4.0386042084567535
37,0,5.0585293762432935,1.0290605711386984
38,0,11.973949018299258,0.9657390007005278
39,0,6.011054100080158,12
0,5,11.842814770030213,6.988237779978054
1,5,5.105642716922552,8.021946979829321
2,5,2.944135708546655,8.017174144542912
3,5,7.097496849883652,10.042782642945088
4,5,1.8505039246178205,8.0827225255479
5,5,0,4.093247344584269
6,5,1.942277032805867,3.071092951911969
7,5,6.062708485578942,12
8,5,11.005450568537144,2.931358417205239
9,5,12,6.905940780352703
10,5,0.11859489983329093,11.068733574866156
11,5,10.091989980599841,10.003811899295036
12,5,4.131614188633292,11.974833635477859
13,5,4.923737824509661,11.045890134748776
14,5,3.0275478522991364,11.922103892521166
15,5,7.044802744334855,5.868122904320373
16,5,2.9131770502333296,6.909875550853821
17,5,0.016750870639981937,7.9667959226846525
18,5,9.93240002493751,10.887202168067162
19,5,7.128474046820513,5.034085657169694
20,5,10.952576241042387,10.058255289353312
21,5,0.005619200325409765,0
22,5,7.107568562233939,8.931587192244477
23,5,1.980022381824083,6.112901925349882
24,5,7.0909498686877175,6.079733022588503
25,5,11.924640938784345,9.13705344989758
26,5,2.095397489656614,7.888890980930264
27,5,3.024060635869287,2.0835151470240794
28,5,0.029101250334289556,8.932125292749802
29,5,6.0913223826311995,8.10397296105207
30,5,4.978784823218232,8.046040054067097
31,5,4.882826829181933,6.001240754403756
32,5,6.963343689035537,9.001222715674745
33,5,9.969871111915463,2.152793806658215
34,5,7.948930407562224,0.9246352909182021
35,5,0.9598928716489579,0.13417543521667544
36,5,2.9601080942165625,4.056300488613724
37,5,5.149223635103372,1.0728611028180883
38,5,11.956114775939897,0.940522716828127
39,5,6.0200897411090954,12
0,10,11.745376319958478,6.977635474180262
1,10,5.176125468933605,8.037456475761045
2,10,2.9294870289749793,8.021533112427722
3,10,7.139977971602291,10.06104538885555
4,10,1.7862448079280089,8.11817945075589
5,10,0,4.136196016527276
6,10,1.9270896133805937,3.0902690332513156
7,10,6.095604530018544,12
8,10,11.007662382478777,2.8961412312002928
9,10,12,6.855868202685603
10,10,0.19993188169374881,11.11679150327544
11,10,10.14347398792711,10.00631601382514
12,10,4.200033908363595,11.96115394466921
13,10,4.882232583031465,11.070857278268583
14,10,3.037645115618649,11.895381114223985
15,10,7.068506618999421,5.802366109539918
16,10,2.8813446039984214,6.875550171612689
17,10,0.02382812935868723,7.952801354408392
18,10,9.903227047455516,10.840187387163022
19,10,7.19581743565654,5.051268532784711
20,10,10.938012096769357,10.075421434077652
21,10,0.008409715422840108,0
22,10,7.178777139934792,8.885433465886491
23,10,1.9738849293415228,6.159262753053888
24,10,7.135350799998405,6.118164969814126
25,10,11.87675042817898,9.232669313372334
26,10,2.1410665570337333,7.836664440897113
27,10,3.0377211527195325,2.1257252874266483
28,10,0.036529878904325346,8.915792455183842
29,10,6.149556633131429,8.16849053858656
30,10,4.961548862215815,8.079610389994551
31,10,4.803770194317699,6.000930093685881
32,10,6.9522844676348585,9.00172514866526
33,10,9.952159754660375,2.240326423412566
34,10,7.9140227821509885,0.8742822501554323
35,10,0.9374744429998989,0.20236668131684615
36,10,2.9512669252954193,4.068122977539099
37,10,5.252763688164942,1.1255463067495621
38,10,11.93044985541597,0.9026093448941898
39,10,6.027129696475997,12
0,15,11.615219510968151,6.96385848506112
1,15,5.24731122240352,8.053301561886515
2,15,2.9364970730647264,8.019407182130088
3,15,7.169765401425896,10.0736279195276
4,15,1.7270645683941093,8.148584283182691
5,15,0,4.196713673407049
6,15,1.9161755771458513,3.1034900031232993
7,15,6.109812898387425,12
8,15,11.007765960026761,2.8937240130210915
9,15,12,6.802192226224148
10,15,0.28578602636118905,11.170420519949863
11,15,10.18669536442813,10.00851745431541
12,15,4.285747919286415,11.946477909082816
13,15,4.838395388899627,11.097562798363205
14,15,3.044998605609898,11.87661892326836
15,15,7.09378722647535,5.735913450450427
16,15,2.8490239067457774,6.843622187171584
17,15,0.03476314150439608,7.9316683046477605
18,15,9.87627524471556,10.797526044170468
19,15,7.269397777975857,5.072526279443383
20,15,10.915589814315373,10.103580135951269
21,15,0.01247108214524589,0
22,15,7.243221575894278,8.843408348176482
23,15,1.9722903253281983,6.170180526194849
24,15,7.187413938842568,6.161016268759257
25,15,11.834551628622869,9.315415492702328
26,15,2.1991964972378124,7.774425643814516
27,15,3.049724131069527,2.164722546506297
28,15,0.037280367688738464,8.914203812782755
29,15,6.199521750597587,8.223449017939462
30,15,4.957836703666424,8.086670854525465
31,15,4.719426410440459,5.999872480345144
32,15,6.950668780126279,9.001799346878174
33,15,9.933683419077651,2.331866632372844
34,15,7.865632760672953,0.8061641633749412
35,15,0.9098077212318282,0.28263965218098563
36,15,2.9473533474345444,4.073404821607595
37,15,5.376717512484147,1.1888895701236049
38,15,11.906926243501873,0.8693967559964751
39,15,6.033791423748058,12
0,20,11.484659870382412,6.950356324819979
1,20,5.311375576681165,8.067131301167583
2,20,2.9432503706269673,8.01730193936074
3,20,7.205067862617853,10.087905970595575
4,20,1.6625839253684216,8.182566442326488
5,20,0,4.254890340289839
6,20,1.8974700103401942,3.126361442216034
7,20,6.129892991277749,12
8,20,11.008193042575265,2.880356474008255
9,20,12,6.752345287934538
10,20,0.36599989459025994,11.219282419578326
11,20,10.233294195998594,10.011076518647458
12,20,4.373734460393202,11.930833730479833
13,20,4.804866213032742,11.11841086157665
14,20,3.052981332945778,11.855729787525954
15,20,7.12234262041391,5.665374226131542
16,20,2.8153819466673125,6.811073886247065
17,20,0.038290159541115726,7.924778893801045
18,20,9.855144056266607,10.763578852931921
19,20,7.314648880585804,5.084309623080754
20,20,10.912786272331543,10.10692557007879
21,20,0.01716767060454399,0
22,20,7.323892875995685,8.788672063763105
23,20,1.9682136466931923,6.202164705039078
24,20,7.24720576857523,6.209060039938382
25,20,11.789344933798947,9.40510412678545
26,20,2.25465893867873,7.7162247431287945
27,20,3.0624132420767074,2.2063810536373563
28,20,0.04102114832270534,8.905944652288108
29,20,6.241568935162014,8.270218497619002
30,20,4.956831970498264,8.088528802089387
31,20,4.64758902552878,6.001621347362509
32,20,6.9474893868203,9.001935906826597
33,20,9.915386811376655,2.425023195844459
34,20,7.812596040657479,0.7342514562307323
35,20,0.8800925044921665,0.3763761784319557
36,20,2.938523579886098,4.0850086239032475
37,20,5.50400247439404,1.2556164041585098
38,20,11.884112433164141,0.8376099382080722
39,20,6.0399474940816145,12
0,25,11.355805697783946,6.934194455263936
1,25,5.3954328044406905,8.086384579479743
2,25,2.944653156739803,8.016848671197042
3,25,7.250541307907557,10.105476813130357
4,25,1.5947017370652667,8.216352058850738
5,25,0,4.292702413372518
6,25,1.869324985949231,3.1613988856411446
7,25,6.145005428771602,12
8,25,11.008473929387565,2.871236860834212
9,25,12,6.683334849943098
10,25,0.4537516116337692,11.269991084800182
11,25,10.295266934844848,10.01415670509625
12,25,4.46707670196591,11.917261635291657
13,25,4.767264596998277,11.14158475536502
14,25,3.0593222569203338,11.838915936408343
15,25,7.147878917155176,5.599191936403064
16,25,2.7896737326581946,6.785246350972417
17,25,0.036477189226346,7.928608464252733
18,25,9.830772197935081,10.72456524832338
19,25,7.352262163326022,5.093545418191754
20,25,10.910430732553118,10.109889176905098
21,25,0.023197922179598894,0
22,25,7.379383613384763,8.750970217776722
23,25,1.9642027182724007,6.2289209074564935
24,25,7.31563945799207,6.2650684074126906
25,25,11.744232854839062,9.492479303715324
26,25,2.2851017522799153,7.6843474244135574
27,25,3.075329206175519,2.2492243606547544
28,25,0.04462518285500887,8.898544974492825
29,25,6.280593248648143,8.313415640154265
30,25,4.96070994794835,8.081439748023953
31,25,4.598074901549652,6.003041393645429
32,25,6.949653831897047,9.001826775137296
33,25,9.89940939601215,2.5096039557707694
34,25,7.7354511931267025,0.6360209679703631
35,25,0.8575511282296475,0.4474114339201196
36,25,2.9208096747035506,4.1082824702158645
37,25,5.621430287355272,1.3118653546817483
38,25,11.857904722185063,0.8020122886114384
39,25,6.04465250204946,12
0,30,11.228779426544552,6.916762407191202
1,30,5.47334345264331,8.106247937674926
2,30,2.9631241239529342,8.010738625971458
3,30,7.304039595450003,10.126162709139567
4,30,1.5456516896092456,8.239440903288019
5,30,0,4.349076045951502
6,30,1.8452014457506696,3.1919010600963396
7,30,6.145109076706721,12
8,30,11.008808537928044,2.856749844556719
9,30,12,6.609962117290361
10,30,0.5402839737657044,11.316319060080483
11,30,10.340174521776422,10.015383925398991
12,30,4.547889104031756,11.905793545599499
13,30,4.72869818580522,11.165551097945421
14,30,3.0638527120933077,11.826719710278692
15,30,7.177345275059557,5.526353255889426
16,30,2.7704639201250787,6.766536540709168
17,30,0.03177702182689628,7.938655892269714
18,30,9.795244185129137,10.665735655121862
19,30,7.3792728859203605,5.099769243055534
20,30,10.902399552206044,10.119923066564724
21,30,0.027393647543069253,0
22,30,7.4452289717134486,8.706996243375983
23,30,1.9617340985918026,6.248899909647165
24,30,7.387269611609007,6.323691269103517
25,30,11.707791778467545,9.567142158159097
26,30,2.308981154466404,7.659092021191062
27,30,3.085682928294752,2.2809564824891377
28,30,0.053629586987777506,8.879825102406842
29,30,6.3258255625572914,8.361744013476399
30,30,4.9561927355386235,8.090109875534464
31,30,4.555712394181969,6.003733684398157
32,30,6.9525057354331485,9.001677617678672
33,30,9.879443634231931,2.6103646384470847
34,30,7.675706031539336,0.5592741057251683
35,30,0.835602626038022,0.513825412316276
36,30,2.897265001805023,4.139488031001915
37,30,5.748900090217588,1.3689467187130495
38,30,11.830774771384657,0.7656653076914378
39,30,6.047320370845868,12
0,35,11.094140929525718,6.89880800512146
1,35,5.569378217029509,8.131635690404194
2,35,2.988863074995232,8.002360740715494
3,35,7.354692255839903,10.143527937958481
4,35,1.4955424652781832,8.262764722217696
5,35,0,4.405854922117801
6,35,1.8166029335231333,3.2289086253014054
7,35,6.126389937941526,11.983687817353255
8,35,11.01012875294427,2.8228149041906816
9,35,12,6.542130605871264
10,35,0.6324120222575239,11.369084577841937
11,35,10.387837834616798,10.017575808695181
12,35,4.655762221262918,11.89038148107484
13,35,4.692002794364559,11.189991534746387
14,35,3.0694278219171736,11.812192153819472
15,35,7.199693407565559,5.465310438616845
16,35,2.762386487900939,6.758252900680973
17,35,0.01811423557261492,7.966170916292841
18,35,9.751018797596377,10.589754632363459
19,35,7.3917166592781545,5.102616014335705
20,35,10.8848186731766,10.14143288521159
21,35,0.03153353128260494,0
22,35,7.492329490365688,8.674357666609602
23,35,1.9566021705361276,6.292276770382383
24,35,7.4684319535898585,6.392215311630538
25,35,11.672871020785976,9.643707693140886
26,35,2.3225298534034997,7.644334438862167
27,35,3.1000009256016967,2.3219825471255184
28,35,0.05430513295504529,8.878465840731097
29,35,6.360592792737041,8.39791753989843
30,35,4.95496215350213,8.092397965344952
31,35,4.500001542825841,6.004810279324328
32,35,6.937047257221771,9.002695889889397
33,35,9.856886634859581,2.7211217726877686
34,35,7.625298514476789,0.4913761924610628
35,35,0.814782215804411,0.5762710432988378
36,35,2.8837403752860387,4.157290526858036
37,35,5.879784500055568,1.4271697221030155
38,35,11.8150692547996,0.7455249457354306
39,35,6.052746886228806,12
0,40,10.954348860269842,6.883155083353715
1,40,5.648440452444854,8.152130704773837
2,40,3.0266255100465163,7.990867552671139
3,40,7.417915506543034,10.164633847469611
4,40,1.4553893957876942,8.281489727674783
5,40,0,4.484574317100796
6,40,1.787569150817577,3.2661108654051025
7,40,6.1053168297741545,11.965000502608529
8,40,11.011847150305703,2.780878196280511
9,40,12,6.481865635785558
10,40,0.7258858318422361,11.424862520435036
11,40,10.448635942363836,10.019194595571264
12,40,4.738877543435002,11.879790482112755
13,40,4.656738196013297,11.214237452131645
14,40,3.0741553026416395,11.799715289567729
15,40,7.227477037333,5.391522115091194
16,40,2.7602201085566818,6.755977074659799
17,40,0.006058796804017183,7.989376924169933
18,40,9.695530519622737,10.495876140075238
19,40,7.409807848123646,5.1069042586522775
20,40,10.876217046347376,10.151731641819222
21,40,0.038054293737190624,0
22,40,7.538436488463429,8.643673391140092
23,40,1.9504103244628472,6.3480200285116375
24,40,7.5617643463667985,6.471346746838722
25,40,11.635211217898078,9.730321760046138
26,40,2.336887482439044,7.628930234577183
27,40,3.113224388743732,2.3569367341129297
28,40,0.051343408893010596,8.884477468109965
29,40,6.397266037170207,8.434127153446818
30,40,4.948591590041076,8.104303217323674
31,40,4.438752835753779,6.004922001579461
32,40,6.928188569180996,9.003279397995524
33,40,9.833628519892898,2.8335793247360126
34,40,7.584483306512075,0.43880813305396155
35,40,0.8022075676144799,0.6135121177878465
36,40,2.8809646364909285,4.16086920605016
37,40,6.00752951731763,1.4887777701813651
38,40,11.803481164685996,0.7305628369720634
39,40,6.0566769277911465,12
0,45,10.798803829088575,6.863959494845339
1,45,5.72938881354543,8.175422845076044
2,45,3.0678775368799878,7.977233091874002
3,45,7.47746611913433,10.184457087222723
4,45,1.414401485063847,8.299492435982403
5,45,0,4.557000554644637
6,45,1.7716496112968052,3.287869167123764
7,45,6.075125652899636,11.938951836181795
8,45,11.013743412371365,2.7392560595337674
9,45,12,6.401383216815235
10,45,0.8265930627520467,11.484340372394028
11,45,10.513817691071868,10.018435022933971
12,45,4.812599140669835,11.87159424033817
13,45,4.632728288252465,11.229619042810901
14,45,3.0788755397183594,11.787936630018407
15,45,7.257878714680161,5.310551016065509
16,45,2.741389173269812,6.736465620918616
17,45,0,8.041958080061214
18,45,9.648419097139667,10.41854441006242
19,45,7.416965047660987,5.108533636956804
20,45,10.858764309258202,10.173822428770686
21,45,0.044783194307814855,0
22,45,7.586366317120956,8.614545310623463
23,45,1.944113712476423,6.406693558779085
24,45,7.656337923482355,6.546962349884588
25,45,11.593327607300607,9.82457095482541
26,45,2.345136749859911,7.619983249507704
27,45,3.1268723625282537,2.3925230054019604
28,45,0.05075567807837293,8.885674346635192
29,45,6.430962893331359,8.467559157792426
30,45,4.9381885995306485,8.122846269125159
31,45,4.373807221239407,6.0036688003784136
32,45,6.926744313941106,9.003335688846297
33,45,9.808881897888847,2.958817339079764
34,45,7.526520433305231,0.3699848663724407
35,45,0.7873803795085671,0.6539217316455666
36,45,2.8767512604784358,4.166139711802728
37,45,6.150308536226579,1.55901712128269
38,45,11.800375534273332,0.7265982643848865
39,45,6.056890668475845,12
0,50,10.633208034270128,6.843328284171806
1,50,5.821272796031596,8.198778703053396
2,50,3.1127677822194455,7.963168243557879
3,50,7.531154450550465,10.201044974082219
4,50,1.3736007677397435,8.317290256057221
5,50,0,4.6393597207574535
6,50,1.760316357309977,3.3029218286748137
7,50,6.0376614657657175,11.907065768343884
8,50,11.015562433906984,2.6777691224194595
9,50,12,6.322509748598789
10,50,0.9492473623813261,11.557494940532985
11,50,10.573303428829224,10.016239551528706
12,50,4.884992192603995,11.861789064551743
13,50,4.606882570162656,11.247135954106819
14,50,3.080733836676092,11.783372814216476
15,50,7.28526244977802,5.238573200339068
16,50,2.7422837357743077,6.737409702227278
17,50,0,8.086584175461217
18,50,9.606465605130353,10.346799566706295
19,50,7.436147463971334,5.113150052182499
20,50,10.846934857992988,10.188944336954233
21,50,0.052733264430094774,0
22,50,7.632454977243465,8.587145870231005
23,50,1.939238116595096,6.452262126947003
24,50,7.75280550220554,6.6258259952382605
25,50,11.551504872699823,9.919145270235713
26,50,2.362451613615665,7.601795089398171
27,50,3.1423619086079664,2.432926974877719
28,50,0.05351158260285204,8.880090681328566
29,50,6.470386279291931,8.505528117070636
30,50,4.920301396588271,8.152056453854444
31,50,4.324806995502845,6.003838058067273
32,50,6.932380332003265,9.00308864171646
33,50,9.785720734273191,3.0792348515888435
34,50,7.4601412396078635,0.2891406653961791
35,50,0.7688339077219987,0.7041008107518139
36,50,2.877705494006393,4.164946447885683
37,50,6.287059849224418,1.626473832505209
38,50,11.792741946498117,0.7166408197120865
39,50,6.058564932107218,12
0,55,10.468465518146777,6.823457735790495
1,55,5.917601546880441,8.224002140618612
2,55,3.1556352407893797,7.949430722557177
3,55,7.593151590626626,10.220581988565574
4,55,1.302620472593834,8.34938609314729
5,55,0,4.717410582223589
6,55,1.7473500067830063,3.319631905864905
7,55,6.006900828736751,11.881509054276073
8,55,11.016742221430682,2.611817127378953
9,55,12,6.250674799659538
10,55,1.0505318790159242,11.61838219416397
11,55,10.653279903567457,10.012373172906234
12,55,4.931987477170437,11.853797710328502
13,55,4.584091637851498,11.262342087671112
14,55,3.0838729963208813,11.775432581184658
15,55,7.309750888371631,5.173095504183069
16,55,2.743317017048552,6.738521994040338
17,55,0,8.142396193579177
18,55,9.56137808006106,10.271353402838173
19,55,7.458111729203024,5.118532060609548
20,55,10.839298497840314,10.198466954460509
21,55,0.06065314122656686,0
22,55,7.677489343785652,8.56084314878824
23,55,1.9346421444446527,6.507495491386064
24,55,7.8424425508239155,6.6972535910463105
25,55,11.504906014879644,10.023664051306364
26,55,2.3720703306023236,7.592134975700794
27,55,3.15873464692568,2.4708012917584457
28,55,0.053608180436703026,8.879886241210643
29,55,6.500886440941257,8.53454594534059
30,55,4.9035404888400445,8.180348938085718
31,55,4.278461585138403,6.003875595327786
32,55,6.937886417626686,9.00279996809329
33,55,9.767892909571943,3.1697580533210226
34,55,7.385346860350303,0.19623126264495117
35,55,0.7452569956968343,0.7701045817420287
36,55,2.8735725183072223,4.1700065503852235
37,55,6.423750351563353,1.6933419138875612
38,55,11.794951717806002,0.719626893497188
39,55,6.063126381199264,12
0,60,10.294464178245493,6.8043510904547055
1,60,6.026942978558522,8.251276380592765
2,60,3.2002224436584545,7.936009138158224
3,60,7.662556974067017,10.239607809073316
4,60,1.2071604144859747,8.389728407261353
5,60,0,4.806465473661739
6,60,1.7284730831953075,3.3451606103922993
7,60,5.9732112836652655,11.855791387930338
8,60,11.018480682788427,2.548966587877473
9,60,12,6.175812877417527
10,60,1.1363729237616844,11.669364344714444
11,60,10.745377602805466,10.007995103286857
12,60,4.995550805373853,11.84284717984056
13,60,4.558590838861658,11.280061778371387
14,60,3.0851862406742083,11.772243056206195
15,60,7.339382056540129,5.092670079421729
16,60,2.7366363620139733,6.731655179656968
17,60,0,8.212547706438542
18,60,9.51217183943888,10.185518615563534
19,60,7.49958134659546,5.127941801345931
20,60,10.821402427165305,10.220857389854418
21,60,0.06421732527484841,0
22,60,7.719469056528643,8.536868234544098
23,60,1.9292971253383095,6.5617889112924255
24,60,7.932146392027049,6.768833585730693
25,60,11.459955690184332,10.129578791757906
26,60,2.383482015607241,7.580534886276399
27,60,3.1753051672813912,2.509765880057573
28,60,0.049335893152383674,8.88862350186204
29,60,6.534158537583904,8.564190129127267
30,60,4.895941334406925,8.192659002274603
31,60,4.201485477148614,6.005953177622871
32,60,6.960789280423403,9.001367582814533
33,60,9.751321862445282,3.2531263217465605
34,60,7.31066082190925,0.10867444038307904
35,60,0.7206294452031247,0.8384715550439006
36,60,2.8684774912184077,4.176358310157286
37,60,6.574076329616956,1.7676871664105724
38,60,11.798120291122185,0.7237859043470578
39,60,6.063853248624861,12
0,65,10.134594169823655,6.784858919414237
1,65,6.1265685880552185,8.275010689110637
2,65,3.243642735212985,7.922704187731029
3,65,7.7549894645952255,10.26873675449267
4,65,1.1078155580558977,8.4339330634571
5,65,0,4.8716281706452005
6,65,1.709627007330919,3.3706813468053585
7,65,5.961905723295527,11.847252660542164
8,65,11.021382758366936,2.4984975852939844
9,65,12,6.115985968787905
10,65,1.221543827268074,11.718005109091266
11,65,10.824423410884018,10.003535470577315
12,65,4.987313260105543,11.794026625907135
13,65,4.536142448147603,11.295591146527041
14,65,3.083142010023233,11.777196986090043
15,65,7.368657397915271,5.0164831843237305
16,65,2.720411448653058,6.714619191662517
17,65,0,8.28860820921174
18,65,9.466275022489377,10.106974767584155
19,65,7.542798757177057,5.138592730403233
20,65,10.799149575251567,10.250259225046495
21,65,0.06696432235361953,0
22,65,7.75792612421694,8.514505189004893
23,65,1.9204713112791918,6.649496772958817
24,65,8.040953554054603,6.848758878269413
25,65,11.423980764830615,10.214555057117172
26,65,2.392919725341332,7.571491104630001
27,65,3.1313348187738845,2.5287838409131607
28,65,0.04861959805397753,8.890162733927827
29,65,6.556933753847896,8.583757044290666
30,65,4.897083367903414,8.190956619018806
31,65,4.11724646192645,6.008025244529492
32,65,6.962873959092723,9.001261271754155
33,65,9.73580941269122,3.340078874047666
34,65,7.2312424966958595,0.012703452144266256
35,65,0.6983166857661464,0.9006977643061127
36,65,2.8585951912287335,4.188345637419773
37,65,6.702863387395124,1.831333350799642
38,65,11.793245281794237,0.7176138343247558
39,65,6.0620788480154495,11.990732058486751
0,70,10.015532354503266,6.774475513940669
1,70,6.204832825547856,8.292830147380071
2,70,3.294429704537796,7.906752224244982
3,70,7.867868348587321,10.307243944731061
4,70,1.007574678149118,8.481068763932047
5,70,0,4.964583501786341
6,70,1.6858892391551579,3.4039362363416616
7,70,5.94047450898729,11.830308590278776
8,70,11.02437844273211,2.4435905112173106
9,70,12,6.06143243041781
10,70,1.2990600235390761,11.761933654891331
11,70,10.92020497896599,9.997439464063616
12,70,4.97704608322066,11.733377001108575
13,70,4.508280152522801,11.315285682388073
14,70,3.084806591783153,11.773062259357744
15,70,7.395726067621552,4.945552658761981
16,70,2.697279397246091,6.689175329914915
17,70,0,8.366707109842974
18,70,9.422687909845482,10.028276781352217
19,70,7.597744397562199,5.152731838458579
20,70,10.760016890256917,10.301201202141632
21,70,0.06952425871357237,0
22,70,7.786150654366184,8.498233092920051
23,70,1.912849117017851,6.72868139581334
24,70,8.161255069307002,6.942240418701577
25,70,11.379320062660156,10.32560176219181
26,70,2.395304850904287,7.569242834976027
27,70,3.0963882500627804,2.543684921120705
28,70,0.0561044760623641,8.874680038666943
29,70,6.593712669730931,8.616493850214377
30,70,4.88285440882785,8.212685681588987
31,70,4.0287779031571755,6.009416889296837
32,70,6.958007836145882,9.001345397451807
33,70,9.724930330656592,3.394484894165647
34,70,7.13930378733818,0
35,70,0.6711055250629269,0.9810643108779301
36,70,2.856092399227614,4.191430518756386
37,70,6.81888796520566,1.8901680845078097
38,70,11.782680430749155,0.7046242116273018
39,70,6.060497128294774,11.982590397829972
0,75,9.914541778598728,6.764896460441166
1,75,6.2877469112070745,8.311743405143197
2,75,3.361311954993614,7.884349051439158
3,75,8.008058892498488,10.353460980124753
4,75,0.9189262012983459,8.524792212447792
5,75,0,5.078111733693088
6,75,1.6697941358543529,3.4270664100917694
7,75,5.915510375385055,11.809855874870536
8,75,11.028295985015435,2.3846835712897474
9,75,12,6.0074455106717615
10,75,1.3868496512037929,11.811241488556758
11,75,11.002395055382946,9.994525375001697
12,75,4.9687057805101515,11.689140017238106
13,75,4.484992072901209,11.331411850658515
14,75,3.08982845404303,11.761293414722866
15,75,7.417274438660247,4.888815779815931
16,75,2.6723287779619196,6.661589755639286
17,75,0,8.439073070058663
18,75,9.382255368599058,9.95207859016759
19,75,7.633763020343768,5.161714346780452
20,75,10.711381377895176,10.361986805316077
21,75,0.07275457953680596,0
22,75,7.812059618825796,8.482802463485132
23,75,1.906169617238307,6.794898278756874
24,75,8.298060576035681,7.0519705704756195
25,75,11.327339357707988,10.45210645676081
26,75,2.3986640680605156,7.572742046939531
27,75,3.0701368475620776,2.555032537634195
28,75,0.07250439754486189,8.841925799800926
29,75,6.639034582576934,8.655889233440785
30,75,4.863232826476594,8.243695293509388
31,75,3.9501080310770753,6.006785686477968
32,75,6.928964479524215,9.001554777649613
33,75,9.713907355067992,3.4480399032998488
34,75,7.047139396003909,0
35,75,0.6370741950057194,1.081838473024978
36,75,2.856662017995031,4.190679326890377
37,75,6.92547163411014,1.9447194605298017
38,75,11.76248087664003,0.67852089891504
39,75,6.05495781913228,11.957541811290856
0,80,9.791149726726731,6.752140165694894
1,80,6.364408453601841,8.32885562658063
2,80,3.4282916054657435,7.862258872585163
3,80,8.130687702457848,10.396856344293592
4,80,0.8301228147345463,8.565026375820352
5,80,0,5.196577734976218
6,80,1.6423845936285388,3.466516234757343
7,80,5.897764099226431,11.79513033055611
8,80,11.032923596679108,2.3277678331572353
9,80,12,5.9414384278086905
10,80,1.4610256692827146,11.851026307924153
11,80,11.072810808073987,9.991930970735854
12,80,4.963344416340547,11.657887018647116
13,80,4.464008279394342,11.345921492196887
14,80,3.084656138409254,11.773089597775146
15,80,7.435433898113162,4.8408301747632025
16,80,2.647114101745112,6.633893153802101
17,80,0,8.516899900222388
18,80,9.348009227896554,9.890814356252314
19,80,7.674870339424698,5.173096358949046
20,80,10.669574058405523,10.415800061768406
21,80,0.07383004662850662,0
22,80,7.855470363538849,8.458117250939836
23,80,1.9022526290225403,6.860927938668479
24,80,8.460827554577456,7.182014021757281
25,80,11.273813762569132,10.58817463832686
26,80,2.41098402084395,7.585746465400311
27,80,3.0482643922884165,2.563610357073871
28,80,0.08960069597875624,8.808688524940445
29,80,6.598587136125156,8.701441497810167
30,80,4.843062309690165,8.274887802433987
31,80,3.8575949262087113,6.003087117883946
32,80,6.900478098360273,9.001648841818392
33,80,9.702864037410807,3.5014291466261813
34,80,6.943572485020088,0
35,80,0.5980133020366344,1.1845010275246595
36,80,2.854132198876732,4.194015841776291
37,80,7.0321976092552525,1.9998541552965947
38,80,11.727631351651223,0.6332649771951447
39,80,6.057599280073484,11.968838207659307
0,85,9.65556768490416,6.738485928627657
1,85,6.4101377858722755,8.33814671878686
2,85,3.508371840690618,7.835101693656976
3,85,8.248829720016264,10.438652705113753
4,85,0.7415116720035893,8.604007488176093
5,85,0,5.33680066817165
6,85,1.6366356762799068,3.4751254347466656
7,85,5.870670806277764,11.77244312674245
8,85,11.037699432411673,2.271091324582881
9,85,12,5.866602285303975
10,85,1.5164256017541173,11.881227359458137
11,85,11.15090656338337,9.988181168378086
12,85,4.958391336752141,11.624625671812236
13,85,4.433696471481136,11.367907639319496
14,85,3.081259934233629,11.781158601546975
15,85,7.4584253731484385,4.786375155842735
16,85,2.6367938814374114,6.6229372393587065
17,85,0,8.59815495202051
18,85,9.316321036668763,9.834370796538217
19,85,7.72032995322945,5.183642241111157
20,85,10.609102947901402,10.49410476892839
21,85,0.07494357151383411,0
22,85,7.906517725973331,8.428943261988282
23,85,1.9005349735639963,6.95590501059055
24,85,8.631607870387379,7.32082596567275
25,85,11.217262639341769,10.735858218656404
26,85,2.437430215568979,7.614769762129542
27,85,3.0448269661791385,2.565006965932697
28,85,0.10629468579346187,8.776294092604926
29,85,6.573507393668537,8.730016169153815
30,85,4.81436738754603,8.317595145850664
31,85,3.774154408132401,5.9990714042828985
32,85,6.862876994344864,9.001185810038127
33,85,9.692586926758455,3.547772123235855
34,85,6.838413212170379,0
35,85,0.5587551119698037,1.2897085054376156
36,85,2.838894336574354,4.214445867098046
37,85,7.139407513625824,2.0545085652948263
38,85,11.68662498512186,0.5776778024524679
39,85,6.056380168228832,11.963197796581897
0,90,9.526698426132642,6.72984380056293
1,90,6.456574529745911,8.3477284836514
2,90,3.5654869547458854,7.8160852716130815
3,90,8.370570210322576,10.477606462962928
4,90,0.6420435258252977,8.646986757532737
5,90,0,5.4909853389606464
6,90,1.6309927667234976,3.4837039989532865
7,90,5.847890646225777,11.753062164905387
8,90,11.041717821106394,2.214024087030072
9,90,12,5.790293981160752
10,90,1.5479303351437137,11.897292245657706
11,90,11.229925494129551,9.983335780316786
12,90,4.9563936771261465,11.608744842575193
13,90,4.409346922068965,11.385846703008983
14,90,3.074948741009772,11.796452511841112
15,90,7.485665555254308,4.724118460829762
16,90,2.6289996064073144,6.61472856646102
17,90,0,8.689511853262855
18,90,9.288321522614863,9.783405481804877
19,90,7.766382125080963,5.1947828961536775
20,90,10.530522763949296,10.592222778743345
21,90,0.07626914069734017,0
22,90,7.953384225757236,8.40213112842476
23,90,1.8968185474374852,7.049559369929871
24,90,8.807522863444571,7.463645625354962
25,90,11.149319715019459,10.894596404776768
26,90,2.454661210235782,7.633103365223802
27,90,3.028734333201208,2.5718615518517196
28,90,0.12737189176602792,8.736405667955843
29,90,6.555901048429347,8.750282460725309
30,90,4.801205016075331,8.337608569012987
31,90,3.6854843655610043,5.99843869296265
32,90,6.813217716274614,9.000708570081269
33,90,9.68087560911279,3.6011384750227493
34,90,6.711713311484608,0
35,90,0.5203197973219258,1.3931370421026217
36,90,2.825916253285586,4.2326987172018775
37,90,7.251269163354053,2.10812913022236
38,90,11.65383684101026,0.5329885693074904
39,90,6.054342246507406,11.95430756427958
0,95,9.396998833928867,6.716460894268108
1,95,6.516098975988974,8.360120342578899
2,95,3.61717360543561,7.796855852559086
3,95,8.50947333994958,10.52127301562089
4,95,0.5158818341395192,8.707173383845902
5,95,0,5.651048104362071
6,95,1.623785555155163,3.4940971152054323
7,95,5.840398072445158,11.746171154299306
8,95,11.04724407699436,2.147650748508791
9,95,12,5.699147144524605
10,95,1.590269603359948,11.919531802090024
11,95,11.295151810986079,9.979673949895972
12,95,4.956034084158922,11.606127734270443
13,95,4.380388753224876,11.407729193774376
14,95,3.0705631647942297,11.807087281184389
15,95,7.514612861052554,4.656634950392598
16,95,2.627256123892945,6.612826596139418
17,95,0,8.762190654125567
18,95,9.266628630463833,9.740166641910104
19,95,7.833555448311103,5.212077550359704
20,95,10.456738315388343,10.680562270497461
21,95,0.07798352216105316,0
22,95,8.005235055046397,8.371729477221589
23,95,1.8917718938280503,7.1568234713554055
24,95,8.992597854043316,7.61201511751738
25,95,11.079366696672185,11.054201563929702
26,95,2.4774887688557716,7.657680518192033
27,95,2.9999465282593683,2.5840713590843674
28,95,0.1434472467127042,8.705902835123512
29,95,6.521338339097687,8.791331858962105
30,95,4.793714206369515,8.34909140130288
31,95,3.605821323194911,5.996282186031264
32,95,6.762659725598964,8.999872938083925
33,95,9.663038799665882,3.676071922659572
34,95,6.574771447345013,0
35,95,0.4863927203434881,1.486574219109895
36,95,2.8166850316101417,4.246485620082895
37,95,7.347836254089128,2.1554187973575947
38,95,11.614585675631524,0.47966235326049855
39,95,6.053887577842902,11.952284841940886
0,100,9.279491933743211,6.705164547649204
1,100,6.570613197198563,8.371815764837587
2,100,3.6684612695794034,7.778992879935004
3,100,8.650392682557866,10.565138208886754
4,100,0.4311224694888983,8.747916520802562
5,100,0,5.799140056261844
6,100,1.6110850031605966,3.512858816099119
7,100,5.823428664195783,11.731195880395834
8,100,11.055242224479422,2.0703819970618373
9,100,12,5.59007561976947
10,100,1.6230008451760718,11.937084338512014
11,100,11.350659528116553,9.975723760810483
12,100,4.958198457768193,11.62192793822752
13,100,4.344394821494826,11.434719786998917
14,100,3.064763646958441,11.821588211040206
15,100,7.545289393984156,4.583189792954372
16,100,2.6264258072531286,6.611951518059219
17,100,0,8.822890625796084
18,100,9.248258803214929,9.703111161942806
19,100,7.899228598899515,5.229128501396987
20,100,10.389889391251131,10.761404839389067
21,100,0.07753762834500184,0.00262828759629051
22,100,8.04753292277761,8.347876136112582
23,100,1.8883533259870162,7.275875571394714
24,100,9.186495663295153,7.770162515625773
25,100,11.010759364010136,11.215460563339768
26,100,2.5036279582353904,7.683928177029874
27,100,2.9798551759731478,2.592777375188804
28,100,0.15685254164136234,8.681538676743655
29,100,6.490998245922523,8.82935374613212
30,100,4.7825417753461075,8.36686764309967
31,100,3.5237146582632928,5.993611395735269
32,100,6.730598546972269,9.000306607723905
33,100,9.640108779218235,3.7667612185783876
34,100,6.445747512231875,0
35,100,0.4410527406635084,1.6057338740079294
36,100,2.809710405623482,4.256753753030152
37,100,7.450849597904991,2.206218216726021
38,100,11.578570282941671,0.43085533488715855
39,100,6.055339416688739,11.958597692072882
0,105,9.154804809693163,6.692953807872435
1,105,6.629340073804788,8.384117470898914
2,105,3.6974694215521,7.768789771169974
3,105,8.805868668997263,10.612344324715709
4,105,0.34602799506943704,8.789109142845822
5,105,0,5.943540075560877
6,105,1.588431324938556,3.547346104820505
7,105,5.811824272940226,11.72124233000196
8,105,11.062791661530575,2.0079766790521716
9,105,12,5.479268685388288
10,105,1.6582744759809114,11.956729761598249
11,105,11.410969145081204,9.971602306205538
12,105,4.961555878966747,11.646950391513458
13,105,4.309257533528978,11.462122017921898
14,105,3.0627145405765774,11.826670758472902
15,105,7.56989106029393,4.523199464264362
16,105,2.6408013914599753,6.627161269365038
17,105,0,8.883132059088613
18,105,9.218683562502777,9.643812836500992
19,105,7.948619962884411,5.24206786478903
20,105,10.329785798104105,10.83123399365159
21,105,0.07890355779512201,0
22,105,8.074925441762478,8.39538025278376
23,105,1.886839378726804,7.391214125828718
24,105,9.376915322868312,7.916648160725815
25,105,10.931240830947655,11.39438346867974
26,105,2.5261707347488387,7.707745714153464
27,105,2.95695876727629,2.601765087378637
28,105,0.17561069774729637,8.64749838786101
29,105,6.463985225559847,8.863436423254612
30,105,4.768815263684007,8.388972884261896
31,105,3.4303339284767094,5.988338132145001
32,105,6.677228822951556,9.001043821066823
33,105,9.618155047225583,3.8601292352569065
34,105,6.30600246776048,0
35,105,0.39439082728614355,1.7250900993566147
36,105,2.821093774195844,4.240713416810632
37,105,7.533790692460988,2.2463346280188925
38,105,11.549703418137007,0.39028747360254257
39,105,6.053951894912242,11.953279557309958
0,110,9.01819542103243,6.678870064519624
1,110,6.694867424768744,8.398375954594275
2,110,3.722481088023965,7.759941539484695
3,110,8.961519091030079,10.66206346197884
4,110,0.2677920885318635,8.82569780745466
5,110,0,6.074751543580646
6,110,1.5689438886343285,3.5769188913495915
7,110,5.787626812456683,11.700305943475584
8,110,11.069222136952334,1.9585225407468196
9,110,12,5.387690333949771
10,110,1.688450152712352,11.973358144008222
11,110,11.485233891918687,9.967854474317631
12,110,4.962372672696821,11.654937396381493
13,110,4.275514347755582,11.489024909448295
14,110,3.0694443190858407,11.808211412797844
15,110,7.5953319775325445,4.460629615540122
16,110,2.654074282162585,6.642150752626706
17,110,0,8.956193591194646
18,110,9.183709492831582,9.575977225635732
19,110,8.005303853633261,5.2561656850029905
20,110,10.264369774160471,10.903088453737736
21,110,0.07904727903543964,0
22,110,8.104443812831216,8.4449251508366
23,110,1.882755840344589,7.511231402783841
24,110,9.556208156765283,8.059233109696452
25,110,10.861809094061792,11.5589593880117
26,110,2.566453328678,7.749169962009318
27,110,2.933666571046994,2.6108737568069085
28,110,0.18641126400621105,8.629057885957245
29,110,6.457422625631747,8.871724959675499
30,110,4.744142214246088,8.429942901878709
31,110,3.3440771359741754,5.983322302195501
32,110,6.609885605461186,9.002287010619613
33,110,9.722131907177424,3.8851846972331363
34,110,6.162913171191959,0
35,110,0.3443173459989643,1.8454000297027733
36,110,2.812721117418746,4.252788145177312
37,110,7.6148493963213735,2.2866874767062186
38,110,11.51264811314506,0.3366523269466408
39,110,6.048894579151446,11.934385071093615
0,115,8.874098262786157,6.664355604964
1,115,6.755166289302726,8.410744675055573
2,115,3.752546185317292,7.749293160424662
3,115,9.10696600917764,10.704069057198225
4,115,0.1644331600406682,8.875258942554678
5,115,0,6.209330635882835
6,115,1.5465141310522692,3.6100120387976453
7,115,5.764566207465505,11.680883397864738
8,115,11.07269638412383,1.9251164890224868
9,115,12,5.3088195056338785
10,115,1.713916339515231,11.98748694715315
11,115,11.54232529231484,9.963439878633972
12,115,4.963842065097902,11.673931466897841
13,115,4.23401403261698,11.520992828813815
14,115,3.0390367631824797,11.796427276721715
15,115,7.613253550656584,4.416713401513882
16,115,2.6667505781081964,6.656472827879966
17,115,0,8.921575623154721
18,115,9.13855001915884,9.48873083449929
19,115,8.062261078103615,5.269733803095705
20,115,10.211918274166988,10.957759242701027
21,115,0.07927285797569504,0
22,115,8.131641840421004,8.488266178621286
23,115,1.8817997947905454,7.601627071846842
24,115,9.720382769431234,8.18944975534892
25,115,10.785373366830516,11.736378726152967
26,115,2.6317737188990016,7.81764696055371
27,115,2.9304326778601766,2.61212995523922
28,115,0.1917255785133842,8.61980923648825
29,115,6.438640151532901,8.89270177675977
30,115,4.721610367269885,8.4660802812024
31,115,3.266407195807411,5.979229126095945
32,115,6.543616157061974,9.004109070463096
33,115,9.822385775892801,3.910679860881696
34,115,6.022375652867688,0
35,115,0.2945056676301401,1.9651705787351519
36,115,2.8088861672517504,4.2584214611030955
37,115,7.682890875046464,2.3217002409718575
38,115,11.470433545458489,0.2733658804462007
39,115,6.045393613512869,11.921337164820082
0,120,8.730045105208616,6.650403260464191
1,120,6.823899611959946,8.426036601393715
2,120,3.7721084479892673,7.7422204776080195
3,120,9.243965646505254,10.743513346927433
4,120,0.06927266972917577,8.920766809217605
5,120,0,6.369817354134001
6,120,1.5324728839783963,3.631829172122588
7,120,5.755599552833968,11.673529664910651
8,120,11.076729990117773,1.8920515302034788
9,120,12,5.223460931001081
10,120,1.7428081399795023,12
11,120,11.584684034250598,9.958980976112443
12,120,4.965260134889778,11.699243128742115
13,120,4.177661983833649,11.56600572608747
14,120,3.0115819267818016,11.785054909374448
15,120,7.628976287142023,4.379974101876338
16,120,2.6779854184759277,6.66903873733314
17,120,0,8.88619062027546
18,120,9.099573922346258,9.412354083728777
19,120,8.127373945726374,5.283405254980321
20,120,10.144307629453712,11.025154750050907
21,120,0.07736994868239776,0.023082351718296056
22,120,8.15731050719908,8.52815306449515
23,120,1.8801147894673498,7.682036222734682
24,120,9.877855697303463,8.318575534888332
25,120,10.701584661545684,11.92602185458682
26,120,2.704332667209172,7.888820095496278
27,120,2.9255598563845564,2.6141541040562584
28,120,0.19772302737863712,8.609341757669249
29,120,6.430184221180054,8.901976363122714
30,120,4.711839926588436,8.481786216284151
31,120,3.188894091598153,5.97678566772362
32,120,6.464359581244213,9.006206953741662
33,120,9.930370953577315,3.936981156834075
34,120,5.879817584700149,0
35,120,0.24307521128061943,2.093835682115169
36,120,2.789795650934865,4.286855096281876
37,120,7.753463129838691,2.358541729286148
38,120,11.408078012211291,0.3138545947222697
39,120,6.044715695721719,11.918845209886134
0,125,8.586225195963744,6.638514088903983
1,125,6.907252266211857,8.444895871219435
2,125,3.803597709577132,7.730636003832817
3,125,9.37656434532942,10.786258487613814
4,125,0,8.960759764348019
5,125,0,6.5589376275769204
6,125,1.5165031297782858,3.65698913483454
7,125,5.7382919148655995,11.66014352527326
8,125,11.078106881652328,1.8790976496736664
9,125,12,5.257004445357647
10,125,1.7782937295929007,12
11,125,11.6453423180292,9.951353345013223
12,125,4.967424356471665,11.746078831000434
13,125,4.127087887119686,11.606804536346061
14,125,2.9975247602640236,11.778772227893862
15,125,7.643565688527882,4.34463007359935
16,125,2.6965598616100594,6.689743345566641
17,125,0,8.853370661881268
18,125,9.054608155763574,9.324741614481079
19,125,8.19100360708929,5.299703964766072
20,125,10.068406166210883,11.099878683180624
21,125,0.07413903353722279,0.06303560083997695
22,125,8.186468577704895,8.576631888008608
23,125,1.8783511371075665,7.758908028053421
24,125,10.018226994656192,8.448821420252008
25,125,10.622633561306841,12
26,125,2.771768115888059,7.954822088507438
27,125,2.921455692037466,2.6157078029253635
28,125,0.20059270692647294,8.604332528449511
29,125,6.432703618182773,8.899211315322646
30,125,4.705662087929328,8.492317524967586
31,125,3.1277872244560054,5.975825815036913
32,125,6.3929036685794935,9.007820695334136
33,125,10.053843035537929,3.9692751927018732
34,125,5.739945028687825,0
35,125,0.19841465985247264,2.2054087640208646
36,125,2.774030618438202,4.309917918919984
37,125,7.825369032519295,2.394903648603138
38,125,11.340195363053795,0.35961237233255594
39,125,6.0471540433279065,11.928252785485556
0,130,8.452884791348541,6.628743385813843
1,130,7.011777296505728,8.470227693833717
2,130,3.8567611926474776,7.708805697684298
3,130,9.50360553358078,10.829499380727336
4,130,0,9.001728357848576
5,130,0,6.751385102200966
6,130,1.5093603218593754,3.6685385823681926
7,130,5.716078531875098,11.644079483398844
8,130,11.079918686229746,1.86363946335627
9,130,12,5.291106786490285
10,130,1.8080111269962835,12
11,130,11.715702260592497,9.943386262399157
12,130,4.971971591144099,11.798625345765121
13,130,4.08154763857411,11.64450283440462
14,130,2.987590989123021,11.77444032778847
15,130,7.662891305226562,4.300315595829902
16,130,2.7135973274756453,6.707955534629221
17,130,0,8.81676489541423
18,130,9.004460537580833,9.225040220152067
19,130,8.26318680456672,5.315664759834346
20,130,10.007174795190423,11.162893572219984
21,130,0.07099714644550889,0.1013204223737961
22,130,8.2185682189592,8.62791358938554
23,130,1.8786112745928034,7.841512219874193
24,130,10.16286446537765,8.580444601266743
25,130,10.547213194404977,12
26,130,2.848906733182826,8.02845234640048
27,130,2.922487511656241,2.6152875975972285
28,130,0.20306777154205352,8.600111457336473
29,130,6.4502415191121,8.879047856511404
30,130,4.7084811102065585,8.48718233121619
31,130,3.044747450789848,5.973741339405093
32,130,6.305988741366619,9.010135354608762
33,130,10.182590579146023,4.004150791663064
34,130,5.603510560851668,0
35,130,0.14586058239121302,2.340518109587765
36,130,2.759597392584106,4.331546517402613
37,130,7.900495874128544,2.429315491810621
38,130,11.278131850278891,0.4035976057208901
39,130,6.050872484749747,11.943391489665224
0,135,8.322293159235677,6.616177158000913
1,135,7.118404657151581,8.497941739813006
2,135,3.905297019492584,7.688529853331011
3,135,9.626964484336323,10.870018907892435
4,135,0,9.05799647694938
5,135,0,6.939285812641627
6,135,1.493032330351786,3.6945893639929617
7,135,5.68358743723405,11.619937137768785
8,135,11.082028803849559,1.8478426494898903
9,135,12,5.329494172943266
10,135,1.8460792492989966,12
11,135,11.807301307049737,9.935431131120284
12,135,4.978474494984168,11.856018615388095
13,135,4.041072433940107,11.677946961310273
14,135,2.969469779859951,11.766302205400978
15,135,7.6807922239873125,4.256688631238553
16,135,2.7300382874808293,6.726307511851079
17,135,0,8.784547682468208
18,135,8.952537771228316,9.122897409884308
19,135,8.345194496157246,5.331938547354232
20,135,9.956180808250338,11.215693114191364
21,135,0.06920794858716721,0.12402152466818592
22,135,8.256760702273974,8.688079815995298
23,135,1.8763489507404576,7.940347844408035
24,135,10.29776038094148,8.700764177708166
25,135,10.473292355527285,12
26,135,2.9372864469698166,8.115522925170453
27,135,2.918714765242633,2.6166679785576306
28,135,0.2033080476619138,8.599691696790265
29,135,6.463204528349543,8.864396746007339
30,135,4.700510647674623,8.501086092831422
31,135,2.9699949846225273,5.972450626418827
32,135,6.186405047721083,9.016930505137124
33,135,10.325172522795285,4.040922073238076
34,135,5.4664974093599845,0
35,135,0.09348078477771171,2.4706135654316483
36,135,2.7383745299874422,4.362666517547353
37,135,7.989584926183354,2.4713937400175356
38,135,11.228990700492222,0.43708306021834514
39,135,6.055393846290461,11.960659569492961
0,140,8.18847596354289,6.607167635484099
1,140,7.242754172637335,8.531587575097172
2,140,3.945676825217112,7.672292193356686
3,140,9.735290319384223,10.909904463769971
4,140,0,9.119100349891529
5,140,0,7.120492452600123
6,140,1.4703909476536663,3.7325814504413857
7,140,5.635121284872607,11.584762093672346
8,140,11.082830166366385,1.8420099394951337
9,140,12,5.373226867500395
10,140,1.8907393857195922,12
11,140,11.884686078577865,9.928913074049992
12,140,4.984790085852964,11.904654613771827
13,140,4.011590619443763,11.703097676214592
14,140,2.946085896117969,11.756064809385194
15,140,7.69436211933573,4.221796976805131
16,140,2.7380507835559307,6.735682880604848
17,140,0,8.747707484834764
18,140,8.901737281983587,9.01986444533078
19,140,8.424214863985663,5.34673743880216
20,140,9.910557639587129,11.262185094309265
21,140,0.06843111185368511,0.13508482966701119
22,140,8.290235309800487,8.743332112481925
23,140,1.8744998077968091,8.017916267951383
24,140,10.416231923105173,8.807573814122268
25,140,10.408756486947828,12
26,140,3.0224479954148546,8.197732456498368
27,140,2.8971056813145837,2.624117294837563
28,140,0.20210346147937505,8.601818709097328
29,140,6.479046678220561,8.846039616945694
30,140,4.689782667189596,8.518574730065438
31,140,2.9078388007218687,5.970788731088915
32,140,6.062149749733754,9.024280057591891
33,140,10.428338368021004,4.068515835800882
34,140,5.323725153808383,0
35,140,0.05287403894674027,2.57388925903205
36,140,2.7083375342771374,4.405710225292627
37,140,8.07978510310117,2.5150980297458787
38,140,11.171199024541957,0.4739571458086072
39,140,6.056894354862515,11.966675964334245
0,145,8.059636263070486,6.5989998552436075
1,145,7.362784377957789,8.566411924704196
2,145,3.972289524687934,7.661912619405929
3,145,9.820656114461542,10.94175694977731
4,145,0,9.190916854545735
5,145,0,7.301848427773617
6,145,1.4531325850137637,3.761365426113403
7,145,5.56438369465855,11.53195041591852
8,145,11.08182823247163,1.850483446888692
9,145,12,5.417635960451218
10,145,1.9517378905760578,12
11,145,11.945338670526711,9.923716010159453
12,145,4.988633975780852,11.931787248806529
13,145,3.9804528546107805,11.728403441905618
14,145,2.9501224368217946,11.757810978898616
15,145,7.69823409904151,4.210765672254498
16,145,2.7427232660259384,6.740892463446998
17,145,0,8.707971712717304
18,145,8.850937362599389,8.916675687229832
19,145,8.48266657704882,5.355518440213401
20,145,9.864827304621471,11.304826793851479
21,145,0.06746621510032255,0.14917768921382613
22,145,8.325883929882895,8.804134465144452
23,145,1.8730305950111716,8.101391074047292
24,145,10.50361100850769,8.88914634556728
25,145,10.33260517262046,12
26,145,3.1184599489616214,8.293907930517985
27,145,2.877085649240146,2.630905722697374
28,145,0.21264875026810356,8.581967573669523
29,145,6.507137891464696,8.81374455561048
30,145,4.68203187436906,8.530646474795144
31,145,2.83921877225959,5.96926480045341
32,145,5.921013373964322,9.036190528537457
33,145,10.530224889536067,4.097103885006303
34,145,5.181778748062626,0
35,145,0.0169948952758028,2.658719111799014
36,145,2.6882000677366786,4.43494207320726
37,145,8.165495108039018,2.5581995566893925
38,145,11.111200070170351,0.5118054969150612
39,145,6.051294470015699,11.946928921330166
0,150,7.962787763823475,6.592857377697422
1,150,7.469465724745132,8.60064810388104
2,150,4.0136627198155646,7.645247010163968
3,150,9.89671559726579,10.9682346192859
4,150,0,9.270880868205621
5,150,0,7.4922544737504895
6,150,1.43825471737272,3.786510677925381
7,150,5.481411548192038,11.471860147054066
8,150,11.062737292877078,1.8477074810955365
9,150,12,5.460373422694761
10,150,2.0128680428531065,12
11,150,12,9.917990027039119
12,150,4.992489765325871,11.960399621034409
13,150,3.9527818462529205,11.749905065716362
14,150,2.947766874950252,11.75681865840222
15,150,7.706173365342534,4.188702220698501
16,150,2.749873475937544,6.748809726320289
17,150,0,8.664117537117363
18,150,8.792481588018616,8.79370962097084
19,150,8.540889728575557,5.363979604480871
20,150,9.80470025120903,11.357578729067143
21,150,0.06693255116563865,0.1609093519084747
22,150,8.352814995146638,8.84868337104197
23,150,1.8728712774023262,8.188061080833549
24,150,10.588794999825813,8.971422367935446
25,150,10.249451888443003,12
26,150,3.221746095532674,8.398591371282185
27,150,2.8745431364092733,2.631754632636678
28,150,0.23508851212958448,8.540812745752094
29,150,6.536742476532305,8.777439547030488
30,150,4.667574635593287,8.553093638614312
31,150,2.770165949420105,5.968219423384242
32,150,5.791025598184779,9.049202848972861
33,150,10.618008940466856,4.122894242557011
34,150,5.037220602090135,0
35,150,0,2.7424070058424017
36,150,2.6661620189362303,4.467196943600992
37,150,8.25349782488781,2.6025052060608362
38,150,11.018773713622645,0.5668281604859892
39,150,6.046201555825143,11.928326587841747
0,155,7.8749533933619675,6.5895531385149475
1,155,7.584179662670374,8.638408523063037
2,155,4.050556761962441,7.630487821960292
3,155,9.883786329007028,11.009720708173912
4,155,0,9.358822237031989
5,155,0,7.683436402206963
6,155,1.4239180842599457,3.8096800033922373
7,155,5.389988477377252,11.4067931447995
8,155,11.05027119202203,1.8462241773051706
9,155,12,5.494620433059438
10,155,2.066591282511036,12
11,155,12,9.910261879360284
12,155,4.994420106404024,11.983476580299943
13,155,3.93278401193975,11.766615837132711
14,155,2.9368481021729607,11.752319582560805
15,155,7.718865057140793,4.152312739650005
16,155,2.7387759466098376,6.736624167250604
17,155,0,8.622883242723507
18,155,8.73356300551198,8.657770419362334
19,155,8.592612428335865,5.3708297592137
20,155,9.77175356506399,11.385264706008677
21,155,0.06634011207804016,0.17131879497350033
22,155,8.380948896141234,8.89747555843439
23,155,1.8718007251302855,8.276790895819966
24,155,10.6607012527937,9.041522368142521
25,155,10.166581948640005,12
26,155,3.331604207813181,8.51375280290405
27,155,2.8668766744811434,2.634262448944802
28,155,0.2640594302993961,8.488939208918065
29,155,6.569504743115209,8.7332320001764
30,155,4.656128261618706,8.571363048681796
31,155,2.71522310329843,5.967640645262768
32,155,5.674530252023997,9.062967415838397
33,155,10.682602941599942,4.140612738403323
34,155,4.885587406808569,0
35,155,0,2.8388385165798673
36,155,2.6330061334242276,4.514295136343017
37,155,8.344369596193804,2.6471382473674354
38,155,10.921732478996836,0.6283258152417528
39,155,6.0456219328273875,11.926065938277324
0,160,7.7935390747968,6.5873291144316575
1,160,7.693384280759298,8.675831615568645
2,160,4.089705882975406,7.613983228338736
3,160,9.8708430566826,11.051892860539573
4,160,0,9.455410374490834
5,160,0,7.8586742428204435
6,160,1.4148846697563933,3.8245160126418183
7,160,5.2947881212269206,11.341951376981006
8,160,11.042852720175697,1.845270804076708
9,160,12,5.523534124110009
10,160,2.134888530652439,12
11,160,12,9.902718586170439
12,160,4.997915656791853,12
13,160,3.9064378926120997,11.788694539853859
14,160,2.9321932755036166,11.750468109591383
15,160,7.730327967933431,4.116344869495449
16,160,2.741908761946124,6.739965436783673
17,160,0,8.580032320352103
18,160,8.67457449075026,8.514911920080424
19,160,8.645693878984634,5.378007480088293
20,160,9.753931877464185,11.400612045143916
21,160,0.06558614683829464,0.18930714158906434
22,160,8.412440372487195,8.95134864725728
23,160,1.870271800199157,8.35669986156464
24,160,10.725002618780678,9.105276694193577
25,160,10.077675339012046,12
26,160,3.4380116154613645,8.623346055054409
27,160,2.8328099644704774,2.644717180399522
28,160,0.30682250742602646,8.413539520853487
29,160,6.6118522429520485,8.674501348842973
30,160,4.647387834747794,8.585248426575932
31,160,2.649923082052744,5.967606281055147
32,160,5.572240810575549,9.0738359180179
33,160,10.763633864383355,4.163628525272028
34,160,4.737151076568288,0
35,160,0,2.950738802819355
36,160,2.610818743289771,4.5475767011453
37,160,8.404343101603166,2.6767185305561902
38,160,10.835869393735111,0.6844651480868569
39,160,6.043523737146514,11.918084003870918
0,165,7.711848592850737,6.584381938821793
1,165,7.659263881936543,8.770962623599607
2,165,4.137673492329713,7.59381252189864
3,165,9.855170164802212,11.103444113917204
4,165,0,9.539362941968943
5,165,0,8.038239039765669
6,165,1.4083235894062214,3.835141055294408
7,165,5.1998197996815145,11.275804272559053
8,165,11.055563977664367,1.8468931776127206
9,165,12,5.551743307098146
10,165,2.210323072936995,12
11,165,12,9.894463285321027
12,165,5.000770738461443,12
13,165,3.8815182109761333,11.809694264557614
14,165,2.916136498388847,11.743759914872092
15,165,7.74271129305813,4.081850843560624
16,165,2.7623080973788827,6.7611113489817996
17,165,0,8.539107709372816
18,165,8.617881977933775,8.370400204487437
19,165,8.700130946111784,5.385213181118281
20,165,9.747661487148308,11.40596207928276
21,165,0.0651209994446128,0.1984526851200101
22,165,8.441247090902237,9.00062203794877
23,165,1.871910175298575,8.447962804660875
24,165,10.791827281670757,9.175738101148617
25,165,10.001863665245283,12
26,165,3.5401292887977354,8.729863957246064
27,165,2.806121407272895,2.6529449421058677
28,165,0.3617940777154101,8.312025337619565
29,165,6.664904241250599,8.59508461792467
30,165,4.641798392663968,8.594494344063941
31,165,2.5752332174127828,5.965959759404295
32,165,5.475738511928523,9.083862017451802
33,165,10.854333253766987,4.186930158690645
34,165,4.587839669219823,0
35,165,0,3.054605901254978
36,165,2.5754717122918263,4.597768694244725
37,165,8.476235637042869,2.710340496552607
38,165,10.741673589522296,0.7498278534989538
39,165,6.037298613385394,11.893204900122285
0,170,7.65163523198339,6.582322477168994
1,170,7.6244512700638785,8.870636276232624
2,170,4.187438097893408,7.572378457345746
3,170,9.837750944294854,11.160329520603241
4,170,0,9.625846271763034
5,170,0,8.230797061375975
6,170,1.40599598325475,3.8389572705568384
7,170,5.095466738119164,11.200837584140336
8,170,11.079862892255148,1.8498103604362637
9,170,12,5.580079105649518
10,170,2.294635187093262,12
11,170,12,9.884136196666827
12,170,5.001648578586125,12
13,170,3.870941227024534,11.819202236281594
14,170,2.885827975317052,11.731493874924212
15,170,7.752801757292258,4.054275719215479
16,170,2.795809469131081,6.7975533434429645
17,170,0,8.501509673153476
18,170,8.5699669388024,8.251902634392863
19,170,8.759960002246574,5.3938669709989036
20,170,9.738370993960398,11.41379445235991
21,170,0.0624044430215849,0.2408056904551202
22,170,8.47219845008898,9.055058907315756
23,170,1.8717994342287225,8.513820624529277
24,170,10.873025985062892,9.260242284814217
25,170,9.925713570395452,12
26,170,3.6449565132243595,8.835844030322626
27,170,2.796250180983529,2.6560981309487617
28,170,0.4159680464276692,8.21149881578292
29,170,6.710830540330737,8.52438408225767
30,170,4.625735310309929,8.622156336039255
31,170,2.498856181693239,5.963679536630127
32,170,5.367670465992831,9.096052726262188
33,170,10.947618748100851,4.211096650175421
34,170,4.43701242135766,0
35,170,0,3.1561817872317284
36,170,2.5384723438874586,4.6483794294293705
37,170,8.56610702418251,2.7536897643953946
38,170,10.650617864721168,0.8127601410755835
39,170,6.027494113030199,11.855941700040328
0,175,7.5928671023371175,6.580569172650443
1,175,7.593711833799827,8.965163251002554
2,175,4.243846122800173,7.54842064089609
3,175,9.821857254924899,11.210941190357019
4,175,0,9.717788939852406
5,175,0,8.428275871961565
6,175,1.4000666076939665,3.848211477991184
7,175,4.9814701728609645,11.120288009277193
8,175,11.10920492282687,1.8536783735708307
9,175,12,5.602612223828361
10,175,2.40130539027918,12
11,175,12,9.870814463317817
12,175,5.002533498152129,12
13,175,3.864423626333156,11.824905589499776
14,175,2.851010325119506,11.718309813831437
15,175,7.770869942471135,4.00864883832331
16,175,2.826983373344497,6.829202400628135
17,175,0,8.469188851066608
18,175,8.521366004697029,8.13537275953362
19,175,8.829856406941541,5.401868335747537
20,175,9.730807294847725,11.420209263968893
21,175,0.05988450825423021,0.2856643514739376
22,175,8.496447140330991,9.095070062557303
23,175,1.8707881665134722,8.560395157090525
24,175,10.95217209704777,9.338575741110386
25,175,9.849177075394564,12
26,175,3.7681472675698786,8.953021600450931
27,175,2.7832412788966265,2.6602136993296823
28,175,0.46263308801188624,8.122695858751223
29,175,6.754430232326004,8.458278384261869
30,175,4.60843210468609,8.6536215951322
31,175,2.4311539983088424,5.962182034688794
32,175,5.272828234516637,9.103389484840681
33,175,11.017721673172211,4.229321181811382
34,175,4.284609276306789,0
35,175,0,3.2719125339155273
36,175,2.4986402648499606,4.702190097542544
37,175,8.644666732014757,2.7924803561131597
38,175,10.566394696407732,0.8713814714911539
39,175,6.022371676095779,11.838681760081396
0,180,7.519192464426777,6.577783564993045
1,180,7.560237884059192,9.063416692210305
2,180,4.319078304207022,7.518455408287327
3,180,9.804313315392585,11.269289675315095
4,180,0,9.7973410301403
5,180,0,8.638841746276315
6,180,1.3837773229198829,3.8736076505091535
7,180,4.872606459963219,11.040101970907049
8,180,11.156816994809319,1.8589194938429596
9,180,12,5.621139222214569
10,180,2.4992875150139042,12
11,180,12,9.854071168450968
12,180,5.003260259354012,12
13,180,3.843108816744987,11.844834527964585
14,180,2.8107562012172873,11.702265613318783
15,180,7.791982895523506,3.9568628969380977
16,180,2.865968972322402,6.867999349859832
17,180,0.033009521157603146,8.37998229003325
18,180,8.460265457065876,7.986704416959668
19,180,8.908463825593602,5.410506652825479
20,180,9.73736738816233,11.41414736046882
21,180,0.05782473554069366,0.31126826400702295
22,180,8.536279230759755,9.156789153745455
23,180,1.8711821304244436,8.609098296987895
24,180,11.037922320871278,9.425935974203881
25,180,9.770703156402517,12
26,180,3.8702437350985606,9.052150491620779
27,180,2.757253955733234,2.667949436295307
28,180,0.5090883265872652,8.03085392671698
29,180,6.808496098075106,8.378982455750897
30,180,4.598233607940988,8.673073418282817
31,180,2.3760749510921872,5.962625236207786
32,180,5.174339616364266,9.111235204033783
33,180,11.073885923055304,4.245312425475232
34,180,4.116253821424907,0
35,180,0,3.377496373623032
36,180,2.4405347171407517,4.780933830089458
37,180,8.721144858297157,2.83142917239443
38,180,10.481817524664029,0.932717501095931
39,180,6.019478551342136,11.828429028014732
0,185,7.459773398090638,6.573252042685637
1,185,7.536605678872553,9.137256163931044
2,185,4.404025770737168,7.4828450209687665
3,185,9.788421293639702,11.317508056030722
4,185,0,9.86385787931966
5,185,0,8.858479853341157
6,185,1.365618842888181,3.901514336586107
7,185,4.74536789325446,10.945728011360941
8,185,11.237896507577233,1.8668675641135446
9,185,12,5.6347239195422505
10,185,2.5862456554055164,12
11,185,12,9.839714195854683
12,185,5.004424804087243,12
13,185,3.840200683364052,11.847647266933441
14,185,2.785183856786575,11.69168713491873
15,185,7.8150602795812105,3.8995735202226642
16,185,2.9147115206647287,6.917342400032436
17,185,0.0793539565572686,8.26794115115921
18,185,8.396920011008756,7.843045268570573
19,185,8.97389935731784,5.417404688858524
20,185,9.73870964410114,11.412942191152606
21,185,0.05695433472627835,0.32515525166025605
22,185,8.579498678443676,9.221167691754665
23,185,1.8724551520299584,8.654816243380843
24,185,11.116311943602772,9.5076626748301
25,185,9.694761474025812,12
26,185,3.975990410226734,9.156558195902074
27,185,2.714572790733615,2.6799057524471848
28,185,0.566065659084526,7.9130738089249935
29,185,6.850727037601495,8.31929143930176
30,185,4.583102454286673,8.703320209429277
31,185,2.311605276617626,5.962920011987591
32,185,5.078914648455132,9.118198124365524
33,185,11.130870537243089,4.260371280975546
34,185,3.9521077805519598,0
35,185,0,3.487086810314313
36,185,2.3720310294588947,4.877656656141298
37,185,8.80249035600213,2.8700859227750657
38,185,10.402250091738873,0.9933827432359938
39,185,6.016421062759266,11.817052991819963
0,190,7.363669612687487,6.567175630647676
1,190,7.519338128177685,9.19426176930951
2,190,4.4674192462633355,7.457777173978164
3,190,9.782922424550895,11.334926752319438
4,190,0,9.925512528926495
5,190,0,9.08932634217279
6,190,1.3494737998212967,3.925559764449357
7,190,4.614870223812362,10.855166409919972
8,190,11.303564071458482,1.8730756540181996
9,190,12,5.644821103177167
10,190,2.670947500097542,12
11,190,12,9.824388416300925
12,190,5.00824417293546,12
13,190,3.8408814623303478,11.846996701286692
14,190,2.7621367743780096,11.68302190655337
15,190,7.849519758472597,3.817392670176622
16,190,2.977410110534689,6.9798459141170355
17,190,0.1237669889944273,8.161090882890537
18,190,8.337484819332346,7.709008461525464
19,190,9.027913889967849,5.422708825228784
20,190,9.728319739696403,11.422258458604675
21,190,0.05418688730080136,0.36260890977113225
22,190,8.626091346208565,9.28736725563592
23,190,1.871845614839758,8.700119550832824
24,190,11.213456266668492,9.604280763569854
25,190,9.620847555551892,12
26,190,4.10024294711448,9.271325504446114
27,190,2.673548811027431,2.690413652900955
28,190,0.6310067399520349,7.77948888474691
29,190,6.897412564076012,8.249904879571712
30,190,4.57036467802734,8.728859324579226
31,190,2.257234785436765,5.9632450789161835
32,190,4.969518366363503,9.126834201421431
33,190,11.175235395456513,4.272113123562977
34,190,3.784856430493848,0
35,190,0,3.6188089019191207
36,190,2.286936938413054,4.993569338302343
37,190,8.883471575182947,2.9089029545902765
38,190,10.309166538551352,1.0662910090837634
39,190,6.017957526821028,11.823331573122763
0,195,7.276617059838177,6.561935777855849
1,195,7.501940101815674,9.255540401207062
2,195,4.5450419554108175,7.4267602519349945
3,195,9.775619932525574,11.359829812592317
4,195,0,9.99365871851788
5,195,0,9.318927006085753
6,195,1.3467328040780762,3.929786655897471
7,195,4.4745280820495585,10.761878214643772
8,195,11.380679734687417,1.8812728906544285
9,195,12,5.658697116506573
10,195,2.753327580861408,12
11,195,12,9.804866402851717
12,195,5.013925935183117,12
13,195,3.851837450410844,11.83676303398521
14,195,2.7602413474974403,11.682341072939442
15,195,7.879503407520705,3.7440949372039602
16,195,3.0357817409653336,7.040763612555077
17,195,0.17644692873226273,8.032433513503385
18,195,8.268069430808735,7.572050710938283
19,195,9.068400622136945,5.426362708977313
20,195,9.717846404487522,11.43169031501042
21,195,0.049751238632557454,0.4108696339424322
22,195,8.680446285337878,9.368540738431356
23,195,1.8710114578878752,8.728542999761808
24,195,11.313530296088148,9.700072906848765
25,195,9.550964085219135,12
26,195,4.2421762918233314,9.401653091365478
27,195,2.647754953721141,2.697017599079585
28,195,0.6889511193849376,7.663706489938181
29,195,6.9352767280098355,8.191368085284546
30,195,4.55014966525756,8.768364152198338
31,195,2.178212248766816,5.963244783441156
32,195,4.8440856169074165,9.135733479057514
33,195,11.20968050057216,4.281671998897598
34,195,3.6023831931415202,0
35,195,0,3.7465325772769362
36,195,2.205669970619702,5.101285563991821
37,195,8.954712175750931,2.942730864871849
38,195,10.21798747987316,1.1407314912733515
39,195,6.016759582611365,11.818585991231199
0,200,7.19407738401694,6.558512189964291
1,200,7.487593070357026,9.310377505747192
2,200,4.6309738968019065,7.395370186949515
3,200,9.771292445108784,11.37538380461353
4,200,0,10.067322769049166
5,200,0,9.540486067009061
6,200,1.3439784918892106,3.9338749885147095
7,200,4.3352427294631335,10.668132735631287
8,200,11.450271763606178,1.8877186734290712
9,200,12,5.662015508267001
10,200,2.841668033120209,12
11,200,12,9.785345302526242
12,200,5.017586661807544,12
13,200,3.8712218161993146,11.818202059166108
14,200,2.751838566800946,11.679453531643459
15,200,7.910674501835794,3.667106969216673
16,200,3.1103652599308855,7.119501714362149
17,200,0.22226272656466745,7.9172213221334795
18,200,8.199292423940548,7.434389004396717
19,200,9.134485710846842,5.430919690214242
20,200,9.700202825827226,11.447626996627333
21,200,0.0451798991548361,0.45974960514279145
22,200,8.727083968340661,9.438781565338532
23,200,1.8705225331493247,8.739306613262363
24,200,11.407922601930546,9.791866988669641
25,200,9.496371166098491,12
26,200,4.390361508288082,9.538449231854045
27,200,2.6049586645835046,2.707991007432742
28,200,0.7447547262457223,7.558022660461538
29,200,6.98391264335473,8.112149457299916
30,200,4.524489520013788,8.819767993791741
31,200,2.1268499215121777,5.963017274096105
32,200,4.729056547001474,9.144608761768358
33,200,11.244961298035037,4.290943019906559
34,200,3.4066442364657656,0
35,200,0,3.8862088681216793
36,200,2.116373311263641,5.221761120661791
37,200,9.026136539053324,2.9759210315399924
38,200,10.1355429070927,1.2028663594885651
39,200,6.016542471321303,11.817531244939424
0,205,7.120084643779786,6.555553439595309
1,205,7.471969039391081,9.372665875468304
2,205,4.693671971346424,7.372876820978295
3,205,9.766010461633508,11.393124039108123
4,205,0,10.133316137317347
5,205,0,9.756276456291538
6,205,1.3513646534099593,3.9232678901739084
7,205,4.211087261310364,10.585884388993707
8,205,11.516724124406736,1.8936434883588784
9,205,12,5.667420780373794
10,205,2.9417127211899636,12
11,205,12,9.769978021557256
12,205,5.0197112136154685,12
13,205,3.894407484898576,11.797803936111489
14,205,2.733326940047472,11.673649881469608
15,205,7.939581245940129,3.590295821319995
16,205,3.1860183150770744,7.195732730227723
17,205,0.26855432788966316,7.800030585689783
18,205,8.127997552157506,7.294127188578803
19,205,9.21051003487081,5.439306719181184
20,205,9.690732123362995,11.45605646441278
21,205,0.040586373753802536,0.5041242040367342
22,205,8.773734594398208,9.50772570533659
23,205,1.8704116780135778,8.743694099629144
24,205,11.495600372932172,9.873525513626422
25,205,9.447397882747538,12
26,205,4.545042959085295,9.686535610666946
27,205,2.574200475038574,2.7163055149019564
28,205,0.8018283822934414,7.455281903464079
29,205,7.048151292352576,8.016097379704506
30,205,4.501217008768013,8.867514163170117
31,205,2.0862025824842294,5.963591123535387
32,205,4.617491207850787,9.151556689699913
33,205,11.28540894068201,4.30179757329763
34,205,3.1555651743714432,0.20685802427276428
35,205,0,4.039825837540186
36,205,2.032041994797434,5.342112962160999
37,205,9.122734593212591,3.017948777600737
38,205,10.04529230375913,1.2678890034101147
39,205,6.018988221601283,11.831014471890763
0,210,7.050376178273235,6.553115696986868
1,210,7.459896599914464,9.424050398004354
2,210,4.7604686621634995,7.348341578184304
3,210,9.752815567524252,11.4363614609683
4,210,0,10.197055592104586
5,210,0,9.96049172527053
6,210,1.3593575858746327,3.9115686842136888
7,210,4.083692513258436,10.507843383105328
8,210,11.563512930014527,1.898635777645592
9,210,12,5.675469821801404
10,210,3.0387485615426555,12
11,210,12,9.755088101905383
12,210,5.023112513490903,12
13,210,3.916146678031094,11.779312742618487
14,210,2.738682111658289,11.675216527727695
15,210,7.9693167454550995,3.5165868025653744
16,210,3.26196099762682,7.268981317582305
17,210,0.3102673448819719,7.690723860765397
18,210,8.058497300252423,7.16167176540614
19,210,9.296333328459134,5.448033540290511
20,210,9.681085461182171,11.464404928063445
21,210,0.03629817603478992,0.5421220746040616
22,210,8.807237313292202,9.556264753897679
23,210,1.8703671240174629,8.747506100648275
24,210,11.580413657972231,9.948763084192379
25,210,9.400779774750239,12
26,210,4.6884302907741615,9.826728818031313
27,210,2.558983534315539,2.7205596488724084
28,210,0.856488859995349,7.3576801883286915
29,210,7.128700095771929,7.8985426707606905
30,210,4.469381844988239,8.933751717648125
31,210,2.0390801380565393,5.964270718659918
32,210,4.5243940283508675,9.157801120157517
33,210,11.32600137438668,4.312730939151037
34,210,2.905290211971061,0.4173333493365188
35,210,0,4.179268340838
36,210,2.134029102208252,5.412884868006455
37,210,9.227779743767485,3.0656195522468925
38,210,9.91794136546359,1.363264885044015
39,210,6.017975032631455,11.825688173617811
0,215,6.990057165440285,6.551410381773307
1,215,7.445871454503055,9.481530837400209
2,215,4.801565546940422,7.332235343551678
3,215,9.741725652970764,11.474447333324973
4,215,0,10.265302713063624
5,215,0,10.178766203120984
6,215,1.3578808070413568,3.9137731324032052
7,215,3.965333942347428,10.43471693607016
8,215,11.59294939549054,1.9020891390071348
9,215,12,5.688138058557011
10,215,3.13207249637271,12
11,215,12,9.738309636571199
12,215,5.028168011315389,12
13,215,3.9092397082153885,11.785267863030358
14,215,2.7364369157606396,11.674569622081597
15,215,7.996854744905918,3.4484225546454663
16,215,3.3348268647366086,7.336167866899846
17,215,0.3547266175559473,7.576577114943201
18,215,7.98763942967571,7.032769325058215
19,215,9.393197371841364,5.458562870829182
20,215,9.668155280456078,11.475668124684235
21,215,0.03200209226709053,0.5845588532118247
22,215,8.840598483504841,9.609252455479004
23,215,1.8703819387675562,8.749622137451366
24,215,11.66046724371777,10.019990769281653
25,215,9.355427113558548,12
26,215,4.833224860987545,9.965945162530101
27,215,2.543623236233139,2.7242112744176605
28,215,0.9145218618610828,7.255343726860711
29,215,7.204311582062906,7.78713796170653
30,215,4.428496050395743,9.015326290112675
31,215,2.005188702568316,5.965091277813248
32,215,4.412878397208156,9.165009625105736
33,215,11.362498825087325,4.322550562416725
34,215,2.6766704589910733,0.6068322359528039
35,215,0,4.311998245981762
36,215,2.2420850045025165,5.486108066006341
37,215,9.328472774343222,3.11054560984358
38,215,9.787716490902758,1.4571386239309523
39,215,6.016938537756342,11.819499873768876
0,220,6.920374759436734,6.549057158523435
1,220,7.430301136975488,9.544208747930568
2,220,4.8281305664367,7.321473227440299
3,220,9.719524034720322,11.550815179241065
4,220,0,10.347249809515652
5,220,0,10.387484429149385
6,220,1.352381419596873,3.9216092454276863
7,220,3.856139583209086,10.361886687432575
8,220,11.622894307332393,1.9060663167438476
9,220,12,5.706104515073135
10,220,3.2389767127506555,12
11,220,12,9.72325197556273
12,220,5.033974608864216,12
13,220,3.8880278231602152,11.803864482875658
14,220,2.7498851110587177,11.678538216941217
15,220,8.025417035194122,3.3798960357195846
16,220,3.4139790766186273,7.412072341249729
17,220,0.4068691822777382,7.441434815291497
18,220,7.920817935419521,6.918010345206096
19,220,9.50126501735836,5.467616459523144
20,220,9.643420238240482,11.496864303214354
21,220,0.02937718297049565,0.6112792137327338
22,220,8.869972787985361,9.65570566313487
23,220,1.8703435969603122,8.747980894357962
24,220,11.737494279638504,10.092473072177079
25,220,9.306426816963013,12
26,220,4.9914642580894135,10.121298150243728
27,220,2.5059679069185345,2.7322266609929335
28,220,0.9942438586587936,7.1217772418775205
29,220,7.29556704452392,7.657768393741954
30,220,4.388288332726432,9.098965315728208
31,220,1.9667493597362684,5.966576990565306
32,220,4.30975421630539,9.170713408908185
33,220,11.392337764564454,4.330409692792195
34,220,2.4414783505872237,0.80120885735666
35,220,0,4.466454036207094
36,220,2.3450682295376004,5.5520867180602655
37,220,9.42196099398675,3.1543680251173383
38,220,9.647462212573211,1.5557224988222969
39,220,6.01481282513879,11.80678462499552
0,225,6.866060883697158,6.547045880810923
1,225,7.407770695751804,9.63956524785243
2,225,4.856046034702307,7.310184340957319
3,225,9.690629827909667,11.643395892510089
4,225,0,10.429713387468235
5,225,0,10.601411377613953
6,225,1.356175126731496,3.9163727073962007
7,225,3.7182053422983063,10.269050173739673
8,225,11.640414837140352,1.908161667561313
9,225,12,5.720715695283051
10,225,3.3520621839371945,12
11,225,12,9.70715134741203
12,225,5.042731783812444,12
13,225,3.8662291916920486,11.822811884874017
14,225,2.7750765279287726,11.685871291758732
15,225,8.053128386305145,3.3080597264725164
16,225,3.3481426580945026,7.47747682639622
17,225,0.4537423499181137,7.321754079206688
18,225,7.848252163550534,6.79047720211927
19,225,9.623959224851207,5.479296610865861
20,225,9.63245464708575,11.506761686890176
21,225,0.027584779336695335,0.6260389351850781
22,225,8.87856054135311,9.669552702499328
23,225,1.8708007534595001,8.770787703244917
24,225,11.830506703072015,10.181549058512818
25,225,9.253535278917887,12
26,225,5.160448715564738,10.287853998072196
27,225,2.4828759893165167,2.7367783196306013
28,225,1.072021231862119,6.991263497164739
29,225,7.391422160965076,7.521896713459387
30,225,4.345284600939005,9.196041461736046
31,225,1.9352838044142615,5.967693077846705
32,225,4.22124058050719,9.176284034724715
33,225,11.422308749172943,4.337581729441531
34,225,2.2140571023740305,0.9905409837299908
35,225,0,4.619158253923819
36,225,2.451172633186482,5.6178417846658855
37,225,9.522824269650588,3.2033924770644635
38,225,9.566069836052288,1.4311997789531528
39,225,6.0101194091333445,11.775273836304276
0,230,6.815285566367879,6.545428728188585
1,230,7.3816640781504015,9.740725956485814
2,230,4.877423918148278,7.301788913830441
3,230,9.658674983027913,11.742602900813079
4,230,0,10.501321222389379
5,230,0.21653870012835047,10.671568049039605
6,230,1.35780330630175,3.914141760673114
7,230,3.587810187712231,10.188103732788406
8,230,11.656175278822348,1.9102234303705117
9,230,12,5.731870981017453
10,230,3.455772206278292,12
11,230,12,9.691515529028113
12,230,5.0499876509782196,12
13,230,3.8473179488999776,11.8386489296519
14,230,2.8094868581664603,11.696417574465949
15,230,8.081461555772076,3.2319791029255427
16,230,3.286728545462159,7.537578030029858
17,230,0.5036392222587818,7.198019273789911
18,230,7.774895991493,6.662968997412371
19,230,9.730468799783337,5.490615209906596
20,230,9.621978114325488,11.516378483418602
21,230,0.024079649276158608,0.6559882440171121
22,230,8.889911432883896,9.687350085750237
23,230,1.8716816867872879,8.79536283217116
24,230,11.93675339355837,10.280374416356056
25,230,9.202857794388443,12
26,230,5.335831707108256,10.459831792511398
27,230,2.4733562908715405,2.7386774202165536
28,230,1.1446746093699207,6.86671399646349
29,230,7.478985620495439,7.395542222372073
30,230,4.30243363783113,9.2906395345606
31,230,1.901075637619889,5.968920610413408
32,230,4.1126438388120246,9.181199040276642
33,230,11.431328842748124,4.3397364708656525
34,230,1.9837049142508787,1.1804805388277932
35,230,0,4.789500001147142
36,230,2.5697985194803787,5.695422545487451
37,230,9.615775461051113,3.248934041504297
38,230,9.487932924232723,1.3085491218493168
39,230,6.009283978649249,11.767929993902634
0,235,6.79313919524608,6.544640680318458
1,235,7.354831351700103,9.854183646469655
2,235,4.894679558873613,7.294760440142132
3,235,9.63049646543271,11.836691078060896
4,235,0,10.580889707456887
5,235,0.4291017984502906,10.73461579778364
6,235,1.3557565710820498,3.916884587647437
7,235,3.456681057175227,10.105384885628538
8,235,11.673976423237068,1.912592353898374
9,235,12,5.743505943122397
10,235,3.5630611810336448,12
11,235,12,9.678201344119659
12,235,5.056194003436321,12
13,235,3.825650020973309,11.85688269044539
14,235,2.871132300273553,11.715107142972641
15,235,8.115841825108514,3.145701098563122
16,235,3.208881747876185,7.616797753539339
17,235,0.5549019238348352,7.0743354762069615
18,235,7.898401757226646,6.588656057472407
19,235,9.743121230230818,5.398772029948698
20,235,9.608370012972497,11.529532305162137
21,235,0.020260788196205783,0.6862848412489437
22,235,8.905310524212688,9.712625347341955
23,235,1.87181036184475,8.804037892540624
24,235,12,10.377265356791638
25,235,9.14778226501863,12
26,235,5.514879151848355,10.62233979118056
27,235,2.460848781488345,2.7412780097102813
28,235,1.222891324735024,6.731425420504396
29,235,7.58314037441177,7.245994874886023
30,235,4.2699689603206945,9.357879013203343
31,235,1.8556503202667314,5.970001105855871
32,235,4.001882177048526,9.182416512258225
33,235,11.435807829729365,4.340684025381761
34,235,1.7486364050532377,1.3753237176288156
35,235,0,4.965420755049302
36,235,2.6770495624592106,5.766178471852749
37,235,9.725248151188456,3.3003153506944782
38,235,9.405834824530722,1.1844891103574433
39,235,6.007917807106672,11.751611319436003
0,240,6.752336707665331,6.544346103397746
1,240,7.323120539236912,9.989303181343473
2,240,4.915768519142825,7.285866229553029
3,240,9.605556229564433,11.921584178381076
4,240,0,10.659505129419712
5,240,0.6272775509792423,10.794793571923854
6,240,1.3558225279056098,3.9167977874211863
7,240,3.378015642688099,10.222819904068219
8,240,11.67559693701583,1.899444016301236
9,240,12,5.75861246732834
10,240,3.6673794304500213,12
11,240,12,9.663564414587265
12,240,5.061474623926568,12
13,240,3.7932404414298655,11.883443927731115
14,240,2.9189186080700087,11.731353852258275
15,240,8.146598858664824,3.07392456219367
16,240,3.128667916117175,7.70127292662222
17,240,0.6038287252857605,6.953481404038145
18,240,8.021376165620612,6.519917202413588
19,240,9.75373586773765,5.331035790445966
20,240,9.595479999848829,11.542029712607302
21,240,0.011038762905021116,0.7558114368227982
22,240,8.91048261124183,9.721548474787458
23,240,1.8719316978304104,8.82037549826679
24,240,12,10.46487804280087
25,240,9.0847287269745,12
26,240,5.684758501455726,10.772134777184158
27,240,2.4423983208853293,2.7447016192399785
28,240,1.2979008891671462,6.598314026883292
29,240,7.685720093920101,7.093272394709015
30,240,4.230287247973022,9.442500276579754
31,240,1.800536610298442,5.970230912267673
32,240,3.8991400180033358,9.184715849073614
33,240,11.427236100242009,4.339060620322134
34,240,1.5135550620755185,1.5611995064631123
35,240,0,5.1404337083714156
36,240,2.7798997478368532,5.832958476413592
37,240,9.843081471726574,3.36153154262229
38,240,9.33168069251301,1.0788219804632067
39,240,6.006272489083295,11.735293380632683
0,245,6.705807536641362,6.544262434889178
1,245,7.2900897156793425,10.133896281763876
2,245,4.957757563597144,7.268508093188241
3,245,9.584475324561364,12
4,245,0,10.740676800465751
5,245,0.8264983466039515,10.860652253079579
6,245,1.3527968204557363,3.920888650313422
7,245,3.2852708031285522,10.357979703126947
8,245,11.67792224134718,1.8842389788039173
9,245,12,5.770329944756153
10,245,3.768527781893588,12
11,245,12,9.64939298930217
12,245,5.068148151541766,12
13,245,3.7552756688456403,11.915791411599582
14,245,2.9795749018207545,11.752782380624575
15,245,8.177803345458331,3.0097161590477675
16,245,3.0425697974852883,7.791059963995421
17,245,0.6540774209127813,6.834619343655092
18,245,8.140607380366017,6.4515421594999856
19,245,9.766145439017182,5.252279594430271
20,245,9.585810946136425,11.551824131254138
21,245,0.00042997350706491973,0.82235175526846
22,245,8.91365405941378,9.7273249967996
23,245,1.8719558585524931,8.82236917441483
24,245,12,10.544758503578775
25,245,9.018553213918464,12
26,245,5.837294278189895,10.910530774813154
27,245,2.4369336104213755,2.745678149658078
28,245,1.3770507688930478,6.451167348431365
29,245,7.790027081388978,6.928242831115952
30,245,4.19631785200389,9.514411458989946
31,245,1.724800161273678,5.970087941865159
32,245,3.770000440129147,9.189911078393791
33,245,11.423786271574132,4.338468181868484
34,245,1.2681413451752506,1.7554388345840806
35,245,0,5.288636811219353
36,245,2.8767760587281055,5.897063507492001
37,245,9.95748394813219,3.4198024768974196
38,245,9.265227580011945,0.977240595128865
39,245,6.003120732893117,11.708983108075179
0,250,6.667413551529566,6.54331737310503
1,250,7.258715128557379,10.266123421313171
2,250,5.01379480539953,7.246411960695041
3,250,9.565700560764943,12
4,250,0,10.841247363488417
5,250,1.032024586714993,10.928090898641404
6,250,1.3543204944944298,3.9188080244881847
7,250,3.199888721139993,10.481507646298653
8,250,11.681629774512613,1.8608245865473858
9,250,12,5.788593677853758
10,250,3.870557033046809,12
11,250,12,9.635576821962484
12,250,5.075406979922891,12
13,250,3.7083570098127434,11.957535589566918
14,250,3.047973390200671,11.777353089898428
15,250,8.207772124519508,2.9513497783450258
16,250,2.9512333982409067,7.883948467318031
17,250,0.704742578991029,6.713339124362746
18,250,8.262233604494371,6.382646617620857
19,250,9.775700375764853,5.18134183403733
20,250,9.580157430079526,11.557280764060796
21,250,0,0.8913603801277489
22,250,8.920483890370548,9.739075996037723
23,250,1.8719787178410043,8.825717714502066
24,250,12,10.62709223419491
25,250,8.958679552006004,12
26,250,5.9895620321745975,11.047351488737036
27,250,2.416198618641097,2.7498148303704344
28,250,1.5187719136458675,6.52192506689819
29,250,7.878185859562953,6.790550139106604
30,250,4.1629417852931025,9.578972102212733
31,250,1.6327739091403046,5.968110433339212
32,250,3.657225992366919,9.193132218168012
33,250,11.428573617511754,4.3390908639291546
34,250,1.034995286434027,1.9376955112246863
35,250,0,5.4446217725182375
36,250,2.9781866509288815,5.967799753106783
37,250,10.088899429856854,3.48282975775155
38,250,9.212449407613104,0.898614905071137
39,250,5.999729848032149,11.679994150362289
0,255,6.618333375309926,6.54157414122034
1,255,7.226476452207419,10.407826815697607
2,255,5.0512124204899145,7.230569366950397
3,255,9.548105765998105,12
4,255,0,10.930544519767604
5,255,1.2342343637895061,10.992774059996309
6,255,1.3358694749244389,3.9442221482649322
7,255,3.106866829939014,10.611025485904529
8,255,11.687928369383231,1.8211139746920084
9,255,12,5.804611642985807
10,255,3.977174389463974,12
11,255,12,9.622983685962263
12,255,5.082036005892415,12
13,255,3.6769895471347573,11.985488340130694
14,255,3.1014601180309858,11.796340993866455
15,255,8.248275998745752,2.8719696655129763
16,255,2.868303768438653,7.967013629680902
17,255,0.7557887048839143,6.598977424521419
18,255,8.390892435341142,6.308627748127408
19,255,9.787190312985999,5.09897131141038
20,255,9.582458459622346,11.554998258567839
21,255,0,0.9576883078721563
22,255,8.930512501148145,9.756067487116166
23,255,1.8545289085329768,8.825870954408531
24,255,12,10.700483336626073
25,255,8.910664221823952,12
26,255,6.164736394480573,11.205275448835152
27,255,2.396282863588156,2.7540399586654765
28,255,1.6530237669916532,6.589403241661626
29,255,7.96621787075931,6.653892609992876
30,255,4.13166684587742,9.641648997715668
31,255,1.5331494892530275,5.968438017374655
32,255,3.550458818978516,9.195549667967152
33,255,11.416045046759338,4.337364674352594
34,255,0.8121865061584121,2.111051610152538
35,255,0,5.601507102675056
36,255,3.0906511170816904,6.04611297177874
37,255,10.208436385887572,3.539234527684372
38,255,9.159156105596931,0.8188510906554887
39,255,5.995732739418396,11.640254340576623
0,260,6.5688221020705235,6.540324326639708
1,260,7.196695505926054,10.528766554998933
2,260,5.096278574851171,7.211871543871777
3,260,9.531661174253815,12
4,260,0,11.01516236122832
5,260,1.432554732774642,11.054488704202699
6,260,1.3110280203054256,3.9785630720823995
7,260,3.0183720154012326,10.734726675029014
8,260,11.696188749177754,1.776676342350807
9,260,12,5.819318226088305
10,260,4.087624416958529,12
11,260,12,9.610640473572131
12,260,5.086338346159022,12
13,260,3.655860481279277,12
14,260,3.1508955741280005,11.81367847817642
15,260,8.28438521951905,2.802343687444921
16,260,2.8037308397783876,8.033362138512185
17,260,0.8133012449312275,6.467166958708748
18,260,8.520561708889064,6.233799241871486
19,260,9.798338546361064,5.022974712769212
20,260,9.586258062684186,11.551521643321243
21,260,0,1.032430155121005
22,260,8.933594279126433,9.761195235178471
23,260,1.8368428684242983,8.82589048797953
24,260,12,10.758437849324697
25,260,8.86417224870822,12
26,260,6.341695112025831,11.345350923003004
27,260,2.3934442392728217,2.754624318928337
28,260,1.7253892586192061,6.448716043777214
29,260,8.046203476569687,6.524809303417465
30,260,4.089197512956441,9.727447712926862
31,260,1.4498235540095041,5.968675792968948
32,260,3.4504424146715174,9.199649659529413
33,260,11.402215893572825,4.335272177517285
34,260,0.5955959434953447,2.2844454249747477
35,260,0,5.7382895257116555
36,260,3.203889816071629,6.124946683648823
37,260,10.32772453632601,3.594824008868338
38,260,9.101115155990476,0.7313112862996887
39,260,5.992146915215754,11.605026739472029
0,265,6.503043327226053,6.539127323184832
1,265,7.16782643663554,10.65737532606111
2,265,5.140311501834784,7.1939494057838775
3,265,9.513335518466073,12
4,265,0,11.10900311841686
5,265,1.628967898959423,11.117283787423384
6,265,1.3001146979861882,3.9940099102280677
7,265,2.9240614131259974,10.864627362172948
8,265,11.705591512591216,1.726232681622826
9,265,12,5.835704377850448
10,265,4.215418021854255,12
11,265,12,9.589895053121385
12,265,5.093571605329929,12
13,265,3.6322898510762553,12
14,265,3.1857322780681745,11.825009110367306
15,265,8.326519306405642,2.718630471269885
16,265,2.733683830716457,8.103127543259186
17,265,0.8799464010980439,6.31513703744894
18,265,8.649087085344927,6.155984958119888
19,265,9.811878875053253,4.930370586918734
20,265,9.595378703863455,11.542938462357148
21,265,0,1.1148561483768298
22,265,8.937932744347721,9.768454621010662
23,265,1.8292541976333425,8.82585637523777
24,265,12,10.82692073410174
25,265,8.824097181306863,12
26,265,6.5215185905444955,11.491658829748769
27,265,2.4090020422130793,2.75203799184722
28,265,1.7910759726987062,6.322053119587336
29,265,8.118454817115076,6.408645506801993
30,265,4.051202459740566,9.803018998822484
31,265,1.376320351446917,5.969774350771757
32,265,3.3301323709016066,9.205439468666551
33,265,11.370522509541546,4.329428710391119
34,265,0.37526238657940514,2.4603761243106885
35,265,0,5.863306093517895
36,265,3.2942401510615773,6.188082438651148
37,265,10.446197232267073,3.647605253594702
38,265,9.030031058783088,0.6272859070829592
39,265,5.989997697762092,11.575067914796307
0,270,6.46136427385467,6.538707222414641
1,270,7.143779588407667,10.75415653581751
2,270,5.173562674433843,7.180207342023225
3,270,9.495223193822422,12
4,270,0,11.201132290185134
5,270,1.8490785908539542,11.193240957803944
6,270,1.2753051860703994,4.029071150951768
7,270,2.818188348706793,10.786154881766356
8,270,11.719955521220482,1.6539859523502913
9,270,12,5.855841423215849
10,270,4.355350098002369,12
11,270,12,9.569852511708197
12,270,5.098221661763987,12
13,270,3.6206868640446217,12
14,270,3.20203289477906,11.830016400186029
15,270,8.374992515419548,2.618421284183388
16,270,2.6647752018881308,8.171409790017286
17,270,0.9424984785517606,6.1807143993825715
18,270,8.775213553810387,6.08066299937029
19,270,9.83160294513614,4.825507175149149
20,270,9.599298580027968,11.538993714194651
21,270,0,1.1817282933068811
22,270,8.949370529518864,9.787399438859195
23,270,1.83329888876705,8.825868360674528
24,270,12,10.9149344995579
25,270,8.784737597329213,12
26,270,6.708441750984051,11.634216930663786
27,270,2.44777930836326,2.746530451415644
28,270,1.8586231160305853,6.197660197010796
29,270,8.195018615784656,6.28649591919416
30,270,4.00909753929064,9.885253169372293
31,270,1.3115464356518423,5.97083868598064
32,270,3.209760673928303,9.211805052783935
33,270,11.320390696312028,4.3203917948770645
34,270,0.15575480709809852,2.6431624391244277
35,270,0,5.99258564217583
36,270,3.4020095398523145,6.264368836378462
37,270,10.532302270370954,3.683852171484358
38,270,8.970843261593155,0.5331324300344187
39,270,5.989759875332929,11.571520208100985
0,275,6.423310232519819,6.5389901154930685
1,275,7.11701978191602,10.847499333540238
2,275,5.223545202377039,7.158602734460078
3,275,9.47415769303407,12
4,275,0,11.300331848081232
5,275,2.0914102282725837,11.277616994836226
6,275,1.2413251763374142,4.076670501160612
7,275,2.719769481220985,10.71358646130801
8,275,11.638311415004585,1.6366165874548833
9,275,12,5.884613933475378
10,275,4.484620433703244,12
11,275,12,9.547493539424549
12,275,5.104871484391337,12
13,275,3.5991841476792508,12
14,275,3.2147563366300447,11.834149312089728
15,275,8.425298593416692,2.514633451441424
16,275,2.5944418915682728,8.242974762858264
17,275,0.993976518961124,6.0727225589826235
18,275,8.910606879527473,5.99343417504054
19,275,9.846477358544243,4.736796218828483
20,275,9.604682601803,11.53378783785007
21,275,0,1.241298477299534
22,275,8.960580166299431,9.805585034290464
23,275,1.8313711257192604,8.825894987566725
24,275,12,11.014863471197812
25,275,8.681739022968705,11.96138535635925
26,275,6.90569268951544,11.783166561941893
27,275,2.4951430301279127,2.738380881851606
28,275,1.9223692633722262,6.079992682205725
29,275,8.283011828072963,6.148167519232011
30,275,3.967954254636438,9.96305142243694
31,275,1.2193480257159304,5.972534670896898
32,275,3.09714826544899,9.21616023601101
33,275,11.259430490660097,4.309719307098498
34,275,0,2.840272536028438
35,275,0,6.114298669768979
36,275,3.5168316415784577,6.34173960007646
37,275,10.61296978036802,3.719690709255302
38,275,8.921159286982709,0.4553926585082342
39,275,5.990793661062456,11.593065689323247
0,280,6.386428442794936,6.539377021346237
1,280,7.097469481776147,10.920433548333483
2,280,5.287209897867402,7.132549588215067
3,280,9.451737026449804,12
4,280,0,11.415710057141077
5,280,2.339555417631587,11.365157450798318
6,280,1.2013865284210081,4.131644076475675
7,280,2.628885857780191,10.648001126063022
8,280,11.558954067407669,1.619190584021893
9,280,12,5.90943061517251
10,280,4.619031306970879,12
11,280,12,9.525718190493508
12,280,5.1087962804681775,12
13,280,3.582379589289856,12
14,280,3.198319553421599,11.828762403253283
15,280,8.537862500763465,2.5686099827871502
16,280,2.5155928125615197,8.324060603607577
17,280,1.0521038663440152,5.9548735533617405
18,280,9.028403690125172,5.922654430920641
19,280,9.862292959754159,4.640182520142789
20,280,9.59491940038708,11.542969082427968
21,280,0,1.2863773768851134
22,280,8.974745189552317,9.828023789350453
23,280,1.8401907634259866,8.825783925713681
24,280,12,11.107159848496002
25,280,8.563761613757459,11.918692572361838
26,280,7.10669331464181,11.932235711770621
27,280,2.5382457576602144,2.729645650083856
28,280,1.9855437178282227,5.959338179189099
29,280,8.366678254881082,6.019608426883937
30,280,3.9326834218929423,10.030539439539435
31,280,1.1396856620164924,5.973208762893991
32,280,2.993762147086708,9.217727000161526
33,280,11.184303745964451,4.296066884393375
34,280,0,3.033598940198256
35,280,0,6.23258267546299
36,280,3.622536408193931,6.415897887196866
37,280,10.684820232160062,3.752326562399522
38,280,8.873798904138347,0.3746035771515285
39,280,5.991060911303241,11.601403278327679
0,285,6.370093836304687,6.539359386554259
1,285,7.073246522978586,11.011405133334753
2,285,5.357885954350276,7.102958566573308
3,285,9.430331970107948,12
4,285,0,11.520348899702197
5,285,2.5886423141811936,11.458186308728186
6,285,1.16057309696557,4.189153101359172
7,285,2.550999268375369,10.590948723197068
8,285,11.503353703032293,1.6066675339163283
9,285,12,5.93259237625238
10,285,4.758092302495583,12
11,285,12,9.501934971087087
12,285,5.126809181574846,11.997483675422195
13,285,3.581074472937313,12
14,285,3.1849800570676163,11.82460816535711
15,285,8.638905799179016,2.617879133900054
16,285,2.4229647255719104,8.416632633167302
17,285,1.1073451101766294,5.8391941374545455
18,285,9.13664583770311,5.859275821129062
19,285,9.87930742593023,4.53049073623801
20,285,9.583116417244053,11.554164311757255
21,285,0,1.3362436725767424
22,285,8.980843108333405,9.837180760215716
23,285,1.836250457142706,8.825924629285254
24,285,12,11.207344792927417
25,285,8.466876248819297,11.886121099198153
26,285,7.31148813147285,12
27,285,2.600408949065769,2.7183752393030987
28,285,2.0476888568751512,5.849108206152506
29,285,8.459778645799346,5.881296927326289
30,285,3.892563322584554,10.101862223435715
31,285,1.0539629176696335,5.974309092098514
32,285,2.879646203148583,9.218914887729586
33,285,11.069233646773256,4.278214751978549
34,285,0,3.2251597368934664
35,285,0,6.357705462190585
36,285,3.7291344429524202,6.487519752223037
37,285,10.75681728638898,3.7823716443931787
38,285,8.825969244082424,0.29157488804708864
39,285,5.9915083090358685,11.626903065436156
0,290,6.369309939274899,6.505844657643481
1,290,7.056310663910771,11.070041211541163
2,290,5.430685602037493,7.076239632785423
3,290,9.408540051480042,12
4,290,0,11.627505306185572
5,290,2.828298143221337,11.547374408165895
6,290,1.112220137921364,4.25543063924547
7,290,2.464524716212111,10.527445136238862
8,290,11.473714596814695,1.5997949968007605
9,290,12,5.954657984922521
10,290,4.918218443731991,12
11,290,12,9.480169187274628
12,290,5.167582405460117,11.990715343367405
13,290,3.584585029403622,11.996395230564996
14,290,3.1749048055389464,11.821321174594043
15,290,8.766107389832191,2.6778147734001783
16,290,2.3228059070145006,8.51622040192751
17,290,1.1534871956042734,5.733184599250986
18,290,9.248926908826569,5.793696207896682
19,290,9.895295383425939,4.424570958067452
20,290,9.571554742642615,11.56531054509397
21,290,0,1.3915799494490162
22,290,9.007991234958283,9.87907323997541
23,290,1.819462864613648,8.82696797117279
24,290,12,11.288608150574609
25,290,8.36768274816537,11.851714417998945
26,290,7.527020532640184,12
27,290,2.6595286370819844,2.7071214387760665
28,290,2.1120553401145234,5.7237466595187
29,290,8.564282977487776,5.730763925596077
30,290,3.856261148057089,10.168250291732042
31,290,0.9675147322585931,5.9757147856522765
32,290,2.7671775016989737,9.218529541458645
33,290,10.958635732257942,4.260241470354171
34,290,0,3.42506249590974
35,290,0,6.489733977516487
36,290,3.830747430396381,6.558145303495264
37,290,10.855743444880154,3.8215115109292843
38,290,8.791266956497793,0.22972345016285017
39,290,5.992946418202097,11.65780729363107
0,295,6.3688483832840515,6.48954484406516
1,295,7.038195720982846,11.131630239420561
2,295,5.521417047135935,7.043175175165369
3,295,9.391829646211196,12
4,295,0,11.734952176809132
5,295,3.079871583930705,11.643513273618456
6,295,1.0659069342654623,4.316118072335404
7,295,2.373235556230433,10.459910540673794
8,295,11.450402728192536,1.59465371665203
9,295,12,5.9761619142286
10,295,5.022108000086605,11.831096160689533
11,295,12,9.45658524545948
12,295,5.198114292044822,11.987015838120806
13,295,3.593273279625785,11.987174776673388
14,295,3.1530359048502943,11.814214864858776
15,295,8.907977460537305,2.7378448472240766
16,295,2.2130351990999912,8.62399448640646
17,295,1.2105606166860634,5.608541585477189
18,295,9.375795281620384,5.717843613923645
19,295,9.915092421913144,4.306319142881957
20,295,9.575236429147097,11.561805659763857
21,295,0,1.4693504606102863
22,295,9.038057061666327,9.925464902717282
23,295,1.8223008046092544,8.826785229764928
24,295,12,11.375727529487358
25,295,8.294057280109266,11.827486269244025
26,295,7.73139441252308,12
27,295,2.730807414948407,2.694953334969225
28,295,2.171646021643316,5.612121344029266
29,295,8.665595418374863,5.5808490781426245
30,295,3.830984006978904,10.215376292894712
31,295,0.892348695698657,5.977507535539321
32,295,2.660877272878704,9.215298308432207
33,295,10.863200109708163,4.245076454670012
34,295,0,3.6166168734124913
35,295,0,6.630453949733225
36,295,3.921880937987949,6.620095817154377
37,295,10.975250968180028,3.8693092144816283
38,295,8.760468153545554,0.1721376047764352
39,295,5.993726311214424,11.675296580206522
