id,time,x,y
0,0,4.94767760673049,9.036507679267334
1,0,8.951719078480513,10.973918920107385
2,0,2.043874567667549,10.028811628252358
3,0,0.037046924122233864,2.9324381352768927
4,0,12,3.0394350066313844
5,0,5.953157760749353,6.0313036325278295
6,0,7.042769028418381,6.965877361635552
7,0,5.076330933327486,12
8,0,4.0015358738415765,3.064301815476397
9,0,7.972279919936222,1.058644051111203
10,0,9.941721087073189,5.026245852255407
11,0,3.9468021207412223,1.9954269056916674
12,0,9.953481209494065,12
13,0,1.9465376010420044,0.02473087911125405
14,0,10.044730175676882,1.9635242370356885
15,0,4.053021231706129,9.014185542009958
16,0,3.9937289018873434,3.0343560386447384
17,0,2.95015987836781,9.001453666311441
18,0,12,6.999170521846458
19,0,10.963295479100605,4.041912361111283
20,0,1.9971649458427962,0
21,0,12,9.950972278033895
22,0,2.0506694372185286,3.0084318723265877
23,0,4.966946367884424,1.0602693640497156
24,0,4.045305345377565,9.967166612849875
25,0,6.018133250821292,11.048081414492271
26,0,8.003074070668124,3.0721781258364422
27,0,5.034100099027012,9.97218756604329
28,0,0.953240590967006,2.0261078791771507
29,0,0,0
30,0,8.021449771258228,3.9602292230400247
31,0,12,9.04081522387898
32,0,11.972391223146827,1.0847494114398752
33,0,2.0290215042745814,4.006217989967847
34,0,11.987051904944835,0.9612285979578192
35,0,12,10.971326772959802
36,0,7.049829956494856,11.02510286223311
37,0,1.9917553230747913,10.057927035003615
38,0,8.003456942815601,0.9441202185313621
39,0,0.9749628057888957,2.9476106091322496
0,5,4.901295465013639,9.070597969807395
1,5,8.898732127927175,10.945518997693371
2,5,2.0797541280146543,10.051805507902756
3,5,0.07667416352690704,2.8581912525610136
4,5,12,3.074194110206589
5,5,5.916789380542985,6.055423775292309
6,5,7.070045118825428,6.945036086337714
7,5,5.137728494684336,12
8,5,4.003595269320269,3.1337530809813896
9,5,7.943320176923517,1.120597461322573
10,5,9.881728697178662,5.05560588526813
11,5,3.891589428541899,1.9904001301886567
12,5,9.901126144676665,12
13,5,1.8902945486170397,0.04998480549290689
14,5,10.068588274107539,1.943564713979733
15,5,4.119988083691549,9.031721086445021
16,5,3.9868404895416587,3.070132790961377
17,5,2.913084019880324,9.001591279070302
18,5,12,6.998072448635819
19,5,10.935305722608422,4.073026168388918
20,5,1.9952711955279219,0
21,5,12,9.884739647643443
22,5,2.0823440222270073,3.0131747853276036
23,5,4.921757940168724,1.1452111273575656
24,5,4.085337946652568,9.939201956401023
25,5,6.037825656967689,11.104333889636024
26,5,8.006543589306263,3.1594853074451406
27,5,5.079540448315933,9.935262266703946
28,5,0.9083419474868464,2.052019769013069
29,5,0,0
30,5,8.059398445808228,3.8916000555392376
31,5,12,9.086074383227807
32,5,11.944474665368608,1.1662482516846668
33,5,2.058996212902059,4.012297202662755
34,5,11.96888869816146,0.9062994040773423
35,5,12,10.92678876399676
36,5,7.094518974399566,11.046716058673553
37,5,1.984078752878193,10.11168278825544
38,5,8.006777996373707,0.8846794244898526
39,5,0.9510344394916488,2.8976788755926486
0,10,4.836609527520709,9.116970350549083
1,10,8.831044685897005,10.909279927308068
2,10,2.1190975753033285,10.07764815761102
3,10,0.12369891225024912,2.7659495713353155
4,10,12,3.1112403018538024
5,10,5.87203959801646,6.086640773751721
6,10,7.092419751078155,6.928315140516289
7,10,5.2114994572085545,12
8,10,4.0043789615576255,3.1950639232184894
9,10,7.919642797567123,1.171723804417915
10,10,9.824825855427502,5.085264747086512
11,10,3.828996939539005,1.9844284685201563
12,10,9.845843031841634,12
13,10,1.823189715163559,0.08034877621816175
14,10,10.082951013656425,1.93151818133702
15,10,4.168790046653296,9.043634963617047
16,10,3.984465305022203,3.083791081675254
17,10,2.861056414579287,9.001899064927319
18,10,12,6.997544686793045
19,10,10.911214984537596,4.10054501424558
20,10,1.9913854279311298,0
21,10,12,9.813397814358538
22,10,2.1244497081683353,3.0212985997867277
23,10,4.86997758325383,1.2386472884998947
24,10,4.106548960767992,9.924300339526349
25,10,6.048959118592902,11.136008977845986
26,10,8.011954636635624,3.25890485602839
27,10,5.118880461170471,9.902553333429308
28,10,0.8592445694464983,2.0819979438324303
29,10,0,0
30,10,8.098572019188687,3.8203723852181355
31,10,12,9.141112440133918
32,10,11.921185732481138,1.2386676922399702
33,10,2.1060004157055587,4.021362542674856
34,10,11.955449177637519,0.869216411171288
35,10,12,10.880547407491022
36,10,7.101206501849383,11.049851752490211
37,10,1.9730692347356142,10.192533349840554
38,10,8.010523776787833,0.8199162471974054
39,10,0.926986390983247,2.8499254372958016
0,15,4.797498509643474,9.145113771503643
1,15,8.758225880586949,10.872265811615772
2,15,2.1556798485467827,10.101898317106242
3,15,0.16791919168745734,2.67351682541118
4,15,12,3.1584200535257954
5,15,5.815894003967647,6.125649631315828
6,15,7.103355548576664,6.920648898123475
7,15,5.283815078279504,12
8,15,4.006615481616746,3.253339954227947
9,15,7.889633603841961,1.2369968468161914
10,15,9.752273339760757,5.123498430588713
11,15,3.762565668065427,1.978885715673497
12,15,9.781896499967456,12
13,15,1.7535069216915073,0.11364024034297396
14,15,10.105552571110175,1.9134360744068712
15,15,4.228141830491148,9.056501654802391
16,15,3.9844333354912043,3.083974456587841
17,15,2.8086835309059066,9.00264881300989
18,15,11.999816614796861,6.997547177075821
19,15,10.88060161714377,4.13575988983422
20,15,1.9871076609939333,0
21,15,12,9.738486040084904
22,15,2.1829608465475965,3.032444147334643
23,15,4.83833185329908,1.2926312249661152
24,15,4.151272136158394,9.89592095861705
25,15,6.063045799108475,11.17408682377804
26,15,8.016101059181045,3.36132152752182
27,15,5.181272024820905,9.851348785106321
28,15,0.8233715364670211,2.104707975821688
29,15,0,0
30,15,8.137883136830604,3.751169053229289
31,15,12,9.200805367838933
32,15,11.899400564437768,1.30557680707313
33,15,2.163183247732585,4.0332710189612655
34,15,11.937107691211345,0.8205146047081536
35,15,12,10.832051833678392
36,15,7.09897255249179,11.048799384675432
37,15,1.961403564601538,10.271800812825969
38,15,8.016704339075277,0.7222045972716002
39,15,0.9056529935380988,2.8073503752496287
0,20,4.77154623957621,9.164111884142502
1,20,8.691292170019457,10.841069293338032
2,20,2.1710675290004127,10.079143130408708
3,20,0.21431297356710866,2.570940039164218
4,20,12,3.2043179651445626
5,20,5.768630671912817,6.158758644873734
6,20,7.090030322721453,6.929866054810261
7,20,5.365022563695202,12
8,20,4.009305144638907,3.3079812446449695
9,20,7.845321246225258,1.3319551279757653
10,20,9.676075764092005,5.162069165775431
11,20,3.6728825645162946,1.968904074563457
12,20,9.726443110564425,12
13,20,1.6780880823860203,0.1486795960490416
14,20,10.13667472639208,1.8884736484194105
15,20,4.285375173785203,9.06931564223787
16,20,3.9855757896241086,3.0776905174494127
17,20,2.770262756536859,9.003380077493583
18,20,11.999680697860228,6.9902840878294805
19,20,10.847221133531404,4.1715177117876925
20,20,1.9822396800919835,0
21,20,12,9.651879373707102
22,20,2.2252195426551493,3.0398837844787905
23,20,4.798270906644613,1.3620397790177512
24,20,4.174755356282632,9.881003587166473
25,20,6.079802753521472,11.222616693245195
26,20,8.020176351736353,3.470158994104455
27,20,5.239960932993395,9.801039267173564
28,20,0.7852950496778246,2.1314864133898053
29,20,0,0
30,20,8.179974794048421,3.677500260128421
31,20,12,9.243037119105615
32,20,11.877866849452147,1.373211782015894
33,20,2.233241047698997,4.049126099539177
34,20,11.905522987055202,0.7367704822374169
35,20,12,10.787087805739713
36,20,7.0997489280540735,11.049185304110246
37,20,1.950492247598683,10.343583928594716
38,20,8.024006864510874,0.6116891483274034
39,20,0.8787315092463381,2.757010093713434
0,25,4.763235240653584,9.169940231887216
1,25,8.630046889769991,10.809828617815775
2,25,2.191745055722956,10.047880213465628
3,25,0.26177713292617877,2.467421925377575
4,25,12,3.256690268785086
5,25,5.730088422153789,6.185429959995495
6,25,7.0768813352414845,6.939174330255838
7,25,5.449791359045806,12
8,25,4.013248062649663,3.371399863369548
9,25,7.801762298518072,1.4271231008735497
10,25,9.607556228511468,5.196674079868893
11,25,3.578444311666183,1.957946474133552
12,25,9.664946190090694,12
13,25,1.6151363100229705,0.17820581667954896
14,25,10.166253347807727,1.8649503744142497
15,25,4.33445038711383,9.0779937171809
16,25,3.989588812746986,3.0572512542299632
17,25,2.742033652076687,9.004058617942514
18,25,11.9996894834651,7.0012442701318545
19,25,10.82188113203488,4.198758993943796
20,25,1.9781863275505829,0
21,25,12,9.572422055702521
22,25,2.2604599319261727,3.0470611248857775
23,25,4.762898038661693,1.422797606636554
24,25,4.196363828392412,9.867372166097214
25,25,6.0966195938061505,11.271799004112141
26,25,8.022988915603868,3.5720995646915865
27,25,5.308641405415135,9.742190447762379
28,25,0.7493994537995597,2.1570370633794678
29,25,0,0
30,25,8.22753501653656,3.5931213870140923
31,25,12,9.298659538483056
32,25,11.85194887589224,1.4506420677136649
33,25,2.3049253281389026,4.065275418100336
34,25,11.870280445438963,0.6480312689692843
35,25,12,10.734754700370933
36,25,7.121974667774869,11.060449930367595
37,25,1.9357264012169084,10.433257198770363
38,25,8.032758691738794,0.5012660481274375
39,25,0.8413872604175318,2.6844137656838445
0,30,4.751619231972824,9.178392114756402
1,30,8.552613016496949,10.769457630288985
2,30,2.195573146306888,10.041612348314763
3,30,0.3107105850854579,2.3540263306123297
4,30,12,3.3093771002453996
5,30,5.697802336478315,6.2063156255673055
6,30,7.045954498954561,6.961234923499538
7,30,5.5235658727227515,12
8,30,4.017686474134224,3.4307567348685972
9,30,7.757977547886146,1.5249787155727643
10,30,9.52422866652327,5.2407609376237785
11,30,3.4838437457961517,1.9452716826004615
12,30,9.616097456433522,12
13,30,1.5497925952536824,0.20925085954410164
14,30,10.18787802635423,1.8475646246149873
15,30,4.378933991849264,9.085679118078225
16,30,3.9947404323049334,3.0345597319766315
17,30,2.7081048503899567,9.005518056681991
18,30,11.99978065708632,7.017638547488462
19,30,10.798607778143717,4.223510834596241
20,30,1.9756860246926957,0
21,30,12,9.48301765624826
22,30,2.297535305638589,3.0556204071719186
23,30,4.741043051243991,1.4617695631929726
24,30,4.215429325285139,9.85444970040881
25,30,6.109980815032076,11.309870193772564
26,30,8.02445790808915,3.6771719339161297
27,30,5.393410010757161,9.672471253064755
28,30,0.7262722977012119,2.174908334141803
29,30,0,0
30,30,8.273437864913694,3.50989860036184
31,30,12,9.327048763730389
32,30,11.825205444923899,1.5310010685933115
33,30,2.3720156718799283,4.0799953050806455
34,30,11.839368964857458,0.5755603729307949
35,30,12,10.693942021404581
36,30,7.123791863612154,11.057070590347896
37,30,1.9253626818226064,10.51611700312504
38,30,8.039576780588629,0.39980531900001215
39,30,0.7993183687402453,2.608999075693503
0,35,4.7429483551635,9.184659771372374
1,35,8.48725564715786,10.734644903406998
2,35,2.193505631317547,10.045227357079861
3,35,0.36597314018992466,2.2320959467341335
4,35,12,3.365781839564992
5,35,5.656829125902368,6.233572892791244
6,35,7.027427128018344,6.974912108311295
7,35,5.5726987287515275,12
8,35,4.021140364631861,3.5053161880987256
9,35,7.718850989193211,1.619454093416631
10,35,9.43201999591116,5.287076345447915
11,35,3.3809574628127574,1.9328237428505595
12,35,9.577960123408632,12
13,35,1.4657949548604867,0.25045147318436506
14,35,10.220706112648557,1.8221794885228861
15,35,4.4133569601275635,9.090834905088412
16,35,3.9965857379133682,3.0265298133654865
17,35,2.6886422542079957,9.006365296861704
18,35,11.999611198611692,7.012622251862458
19,35,10.783167369904888,4.2399432481204835
20,35,1.9688838545856773,0
21,35,12,9.38434738186322
22,35,2.3408304156250144,3.066512889349774
23,35,4.719871287480857,1.4983619289328975
24,35,4.228189693236719,9.846113339744814
25,35,6.121096200801448,11.33967987454819
26,35,8.021764285754916,3.8020618462540536
27,35,5.46227670558863,9.614143258412716
28,35,0.702094498621742,2.1929654741333473
29,35,0,0
30,35,8.32486538301648,3.418970582361373
31,35,12,9.355826642026718
32,35,11.795217059997203,1.6260803460260487
33,35,2.4372724091347324,4.0924984543969884
34,35,11.797823199035294,0.48484097552794736
35,35,12,10.654821791116506
36,35,7.120341966565359,11.063448215045455
37,35,1.9135271790876707,10.612017859395543
38,35,8.045802660050885,0.31715594335039854
39,35,0.7705375009302146,2.5586076074282578
0,40,4.7204854745296325,9.201154947871117
1,40,8.403150786164563,10.688950840820668
2,40,2.192987039459907,10.04614357542359
3,40,0.4110294642037485,2.1202652201702725
4,40,12,3.4188552672143597
5,40,5.601061029733181,6.270341110052745
6,40,7.00498797146822,6.9913138633272345
7,40,5.606155472739205,12
8,40,4.024741305556292,3.581424043256996
9,40,7.674537093046284,1.7179315717579233
10,40,9.333120882179944,5.333248992777818
11,40,3.277705724603901,1.922792404878945
12,40,9.554004072750947,12
13,40,1.402775497945576,0.2801199084195637
14,40,10.261778695587385,1.791048934104243
15,40,4.447072634701657,9.095835241579563
16,40,4.004526357508579,2.9948944139458633
17,40,2.6741071497388034,9.00676432911289
18,40,11.998773145241183,7.000197299322026
19,40,10.749624776891016,4.274749482774793
20,40,1.9616645846629985,0
21,40,12,9.273332572303572
22,40,2.3784716802654087,3.075690384982126
23,40,4.689374442334676,1.550629086362206
24,40,4.248445190474825,9.833410451348515
25,40,6.1333479831192514,11.371589804998376
26,40,8.022566053066184,3.930072147585583
27,40,5.545579512138804,9.547524271401075
28,40,0.680158112425771,2.209652594037939
29,40,0,0
30,40,8.383423990560727,3.317750223347783
31,40,12,9.384949649062365
32,40,11.76057123186316,1.7358413662883982
33,40,2.5116578190604764,4.106146790244756
34,40,11.752214992333052,0.3930484027088402
35,40,12,10.614503536296814
36,40,7.109755214904301,11.082296740987166
37,40,1.9030629036198057,10.706347893577519
38,40,8.052601177413312,0.21647404914719587
39,40,0.7466927178382335,2.5154334330365655
0,45,4.686232451476137,9.227120045014557
1,45,8.31996572657039,10.644503652517878
2,45,2.2045482344426084,10.02289093167825
3,45,0.4578754882354419,2.009206673622816
4,45,12,3.485797214355867
5,45,5.556579796716412,6.299264245871646
6,45,6.979302472943893,7.0087753011431255
7,45,5.651556911909662,12
8,45,4.02728974090198,3.677916544132523
9,45,7.6332054651995405,1.8010559783949862
10,45,9.227518156550756,5.3833261285183776
11,45,3.2084739835962304,1.9174555510322635
12,45,9.536187399109275,12
13,45,1.3561460730043031,0.30091908323809696
14,45,10.300505636861248,1.7597987858475184
15,45,4.457126732975066,9.09724700744631
16,45,4.015028560727664,2.95474999768249
17,45,2.669417376559039,9.006990086758272
18,45,11.998338793635813,6.994259932760301
19,45,10.710355447405579,4.315723094258938
20,45,1.9513247815958934,0
21,45,12,9.163115338299718
22,45,2.407707109995207,3.0833259032154507
23,45,4.67567488680326,1.5740586960375578
24,45,4.258720330516761,9.826567791077355
25,45,6.147295673004714,11.412763275224723
26,45,8.022381394506636,4.058374064793029
27,45,5.6284418758367005,9.479816999980258
28,45,0.6679280103982413,2.219213790214215
29,45,0,0
30,45,8.44820993952143,3.204483764469715
31,45,12,9.42059307164778
32,45,11.717196760752499,1.8695996372965387
33,45,2.6004810855893337,4.1234199232515065
34,45,11.704398841815541,0.29550320908264466
35,45,12,10.571910363246575
36,45,7.08835592601878,11.120894518590596
37,45,1.8955818729960332,10.779010146562719
38,45,8.056105764457328,0.1581665972967755
39,45,0.7271210432802473,2.4827242881916347
0,50,4.6346729228335315,9.262875845826702
1,50,8.238763899818586,10.605227763328315
2,50,2.217136927810638,9.998003562124374
3,50,0.5048693862498147,1.9034382643222891
4,50,12,3.5432189109986045
5,50,5.5131538717436825,6.326846587544859
6,50,6.934038002787347,7.039968285631368
7,50,5.6815583229190265,12
8,50,4.029008470372883,3.7586993693617203
9,50,7.593048936384694,1.8870427100465843
10,50,9.114890706156567,5.435266897572427
11,50,3.1248313356321216,1.9097076588883544
12,50,9.513967275762473,12
13,50,1.2998795658921836,0.32374417666361377
14,50,10.331452403703777,1.7355991745563422
15,50,4.479777237319126,9.100597251082256
16,50,4.025413966691591,2.9103893204063658
17,50,2.6604838200972614,9.007368625023702
18,50,12,7.012798170053055
19,50,10.682031846471888,4.3448094058249085
20,50,1.9437553283998281,0
21,50,12,9.053130569902734
22,50,2.447618730587009,3.094052795193312
23,50,4.6653559416055925,1.59263656269591
24,50,4.266987662948437,9.821451191039577
25,50,6.1573437361407315,11.442001684760845
26,50,8.021505524971312,4.175741138357204
27,50,5.696465968408537,9.426624591262906
28,50,0.6551584199090099,2.229617076175508
29,50,0,0
30,50,8.518214283363397,3.083299734743495
31,50,12,9.459556375464407
32,50,11.669481139545564,2.03021259611967
33,50,2.6994861949486237,4.141228334920163
34,50,11.657142902218173,0.19886953895820675
35,50,12,10.53351039903248
36,50,7.0684595147231155,11.155998496782285
37,50,1.8882664155017592,10.856131648138437
38,50,8.060470127628507,0.09592176133650383
39,50,0.7098486781656445,2.4541977944343714
0,55,4.580746488346569,9.300747274584493
1,55,8.16691873530823,10.569118324856907
2,55,2.2329878781281254,9.964352410671497
3,55,0.5446739103393796,1.815621045918071
4,55,12,3.608514057686379
5,55,5.460736466507121,6.359256815015206
6,55,6.9059749301505216,7.059580727987583
7,55,5.704997132464109,12
8,55,4.029381736056901,3.828040895670048
9,55,7.548509942300026,1.9818043490160577
10,55,8.985779710397686,5.489781705864615
11,55,3.0354168357022333,1.9008092885042458
12,55,9.492588588530275,12
13,55,1.228655471213664,0.351901444837919
14,55,10.367249306396413,1.7087401829357498
15,55,4.517649145421502,9.1051843511416
16,55,4.0399233185637335,2.8454639317249923
17,55,2.625632208670948,9.0087424512609
18,55,12,7.05060606785379
19,55,10.647923438846982,4.380212752455649
20,55,1.9367941523709435,0
21,55,12,8.923193256818465
22,55,2.4900613312309874,3.1065899081322303
23,55,4.653264314841212,1.614052447080383
24,55,4.264366181809841,9.823169326663983
25,55,6.211225576744216,11.424695480688262
26,55,8.022133177776755,4.296343366536484
27,55,5.768703923543338,9.371401180740163
28,55,0.6601878087657733,2.225414741539837
29,55,0,0
30,55,8.591028510247252,2.957927667505898
31,55,12,9.50834097278168
32,55,11.62452360914595,2.1864506599180813
33,55,2.7859273789764587,4.158646492819851
34,55,11.607627945498953,0.10174570612876625
35,55,12,10.506789814883376
36,55,7.05062112297619,11.186718350542264
37,55,1.955083727591789,10.862875544811972
38,55,8.062260943628477,0.0646778044992124
39,55,0.6975777678893242,2.434937708521099
0,60,4.535985930012253,9.331943766490635
1,60,8.076613360003373,10.520762922658134
2,60,2.235067992029666,9.960011914939049
3,60,0.5902822380802328,1.7142643908903494
4,60,12,3.6691749306383783
5,60,5.404660774521206,6.394656794118312
6,60,6.848027954996359,7.098851217341732
7,60,5.704969925242568,11.999991612542903
8,60,4.029771633282916,3.8766929713632
9,60,7.499858925874119,2.086093344248196
10,60,8.870929144052292,5.5359672270722475
11,60,2.9758081244102845,1.895781432159705
12,60,9.473291441569373,12
13,60,1.1582938883372438,0.37963779613820825
14,60,10.345264633364451,1.6790830932879464
15,60,4.546444986573548,9.108434247011242
16,60,4.055867587908214,2.774178111332917
17,60,2.590826805044345,9.009609231823125
18,60,12,7.074972081071605
19,60,10.615623295437034,4.410565094028602
20,60,1.93047899815161,0
21,60,12,8.764032118520412
22,60,2.519853950992428,3.1150010954653777
23,60,4.653136809791622,1.614270828215527
24,60,4.258688402191115,9.826743274617614
25,60,6.2486010368745895,11.411098632619174
26,60,8.025167237285384,4.423556975504933
27,60,5.829059363400251,9.326528291633327
28,60,0.6426527147035986,2.239328481242908
29,60,0,0
30,60,8.665697282744928,2.830340611887786
31,60,12,9.55201886301365
32,60,11.575678228979525,2.3398156799156724
33,60,2.8491512855929493,4.170845268797976
34,60,11.567084301904979,0.016457326527321
35,60,12,10.493819866632345
36,60,7.026867211971643,11.226030683009565
37,60,1.9994101165911446,10.867272901117417
38,60,8.064455080837728,0.03479409363291601
39,60,0.6958029617191651,2.4321798006277957
0,65,4.456218236624349,9.385061925283612
1,65,7.988944578803401,10.472006420719381
2,65,2.2355346000959857,9.95903772845595
3,65,0.638835669585739,1.6049295357757556
4,65,12,3.718428444453352
5,65,5.356778045166353,6.423277970999476
6,65,6.790397132981294,7.138956455746891
7,65,5.70260639736839,11.999287577395721
8,65,4.029778925104143,3.9288740691410706
9,65,7.44935062226426,2.187476973586756
10,65,8.746576411946757,5.585341246499501
11,65,2.9110461502176497,1.8890218591612455
12,65,9.462867337159189,12
13,65,1.103980827992532,0.400902119017175
14,65,10.332541246128235,1.6622041428735654
15,65,4.555621866622149,9.109616340168039
16,65,4.069382009816973,2.714603493056495
17,65,2.5391121755936523,9.011101706623174
18,65,12,7.103176496957401
19,65,10.585515983587133,4.440848045235644
20,65,1.9230086818749084,0
21,65,12,8.605567821378292
22,65,2.5633246604597573,3.1273156276600576
23,65,4.651308370390908,1.6176406451590006
24,65,4.265644330129532,9.822260846368163
25,65,6.287057299087278,11.3973184473643
26,65,8.030178685912002,4.568764851859803
27,65,5.881973484184381,9.287129798431572
28,65,0.6259083085528913,2.2529687708133195
29,65,0,0
30,65,8.749303581633633,2.6881815572854255
31,65,12,9.605122048195753
32,65,11.528798503992212,2.491470042716432
33,65,2.905966154960882,4.180016461010728
34,65,11.512413187066006,0
35,65,12,10.47454171137776
36,65,7.017153392191514,11.241648270030675
37,65,2.0304544591445257,10.870523208799602
38,65,8.065346577908304,0.023872584210603988
39,65,0.7035899267497352,2.444767909921629
0,70,4.389552005324879,9.431663359576937
1,70,7.9092160806974485,10.430922983308124
2,70,2.232031796775433,9.966656787534896
3,70,0.6766584521521835,1.5126857901919364
4,70,12,3.7646553552667728
5,70,5.321885033133355,6.443800557367542
6,70,6.73962972201085,7.1739079921284
7,70,5.718862467534614,12
8,70,4.029586170061954,3.974784097318203
9,70,7.395610973021381,2.3005442447986897
10,70,8.635176655498668,5.635446190438474
11,70,2.8532036472131277,1.8836203547508434
12,70,9.458738240006777,12
13,70,1.0779114264535095,0.4110528800394678
14,70,10.30056297717368,1.621323724764856
15,70,4.574379730671575,9.111841949075988
16,70,4.084516323105619,2.65175489286071
17,70,2.4740539328042717,9.013725385568224
18,70,12,7.13668000946688
19,70,10.55791963576181,4.469512907169502
20,70,1.9192410262423052,0
21,70,12,8.451772808057257
22,70,2.5955668789758057,3.1364328245418056
23,70,4.655735776218542,1.6091322755981197
24,70,4.290863096252124,9.806320524708452
25,70,6.330194861243086,11.381697458243503
26,70,8.034770163350727,4.698807699870665
27,70,5.942791261173402,9.24240296063355
28,70,0.6067627973663874,2.2683057397198763
29,70,0,0
30,70,8.83705404566535,2.5364393057158945
31,70,12,9.645945426323568
32,70,11.484003079967442,2.6369699270631726
33,70,2.9776878931607493,4.190365538000826
34,70,11.451733367380868,0
35,70,12,10.461063210500376
36,70,7.002755946180519,11.266004743917193
37,70,2.0477987747451936,10.87211451857818
38,70,8.06813987268363,0
39,70,0.7132029857024633,2.4612137914696492
0,75,4.3250998837204335,9.477035897064352
1,75,7.845042292252355,10.398002701262278
2,75,2.2333896708676577,9.963600666130125
3,75,0.7158132535135139,1.4185935690498006
4,75,12,3.8132363169367895
5,75,5.277223537300602,6.469525245508574
6,75,6.690202365873856,7.206547241968001
7,75,5.743106586067464,12
8,75,4.029922063284341,4.0321188587128605
9,75,7.346879960392425,2.39672517715532
10,75,8.526373411592067,5.68225769543432
11,75,2.8040902775106065,1.8802403824183176
12,75,9.45306072515808,12
13,75,1.04092698882448,0.4239878643396276
14,75,10.281308005865382,1.595978498798795
15,75,4.6039975080932,9.11530959801809
16,75,4.0992662270559315,2.5901569590730094
17,75,2.39652066606608,9.013024126347188
18,75,12,7.178803770467842
19,75,10.526820389992917,4.499354557316977
20,75,1.9149288780236657,0
21,75,12,8.297934547633027
22,75,2.639470500591603,3.148648208772695
23,75,4.656432323220081,1.6078183069791627
24,75,4.3090366353379,9.795022729735264
25,75,6.359289859436854,11.370902422210637
26,75,7.915234680049356,4.702664470829693
27,75,6.030594649439232,9.177481732663903
28,75,0.5801702322026399,2.2894727322021518
29,75,0,0
30,75,8.932175243300081,2.3796680786994213
31,75,12,9.687295618791834
32,75,11.440904617264932,2.7600339183159273
33,75,3.0442364190626794,4.199285608742783
34,75,11.380132334771057,0
35,75,12,10.45128005156916
36,75,6.9822249638420315,11.302035664612788
37,75,2.0522882370476574,10.872553399698825
38,75,8.073095718393118,0
39,75,0.7190619434057212,2.4711205638471943
0,80,4.26245316636733,9.521782080019097
1,80,7.758467894390944,10.355721194814878
2,80,2.2330819882259805,9.964279112055081
3,80,0.752416190160763,1.3312717624992014
4,80,12,3.8560601303942637
5,80,5.22577539098218,6.4997998695907935
6,80,6.643442387012662,7.23739606494115
7,80,5.764632857998339,12
8,80,4.02948505076398,4.080020102133872
9,80,7.303971978369057,2.4832334608817663
10,80,8.436810402574496,5.720594494514799
11,80,2.7502982169344676,1.8769694366491443
12,80,9.46336199446903,11.984199231017923
13,80,0.988548665681685,0.44163876933120616
14,80,10.261187794836754,1.5705772185793434
15,80,4.649526900808371,9.121240444191473
16,80,4.108115970853444,2.553569777104725
17,80,2.311746822423981,9.012224613595269
18,80,12,7.212579088931942
19,80,10.483123368261605,4.54116528257419
20,80,1.9121796187425655,0
21,80,12,8.149365068711692
22,80,2.6899229801831597,3.163264262916729
23,80,4.668555375857085,1.5851875382871334
24,80,4.345129407219811,9.773050919299532
25,80,6.389680558104369,11.358417682521365
26,80,7.807821800936822,4.702418480229203
27,80,6.12323197833132,9.113989788796145
28,80,0.546923950879814,2.3153235916714885
29,80,0,0
30,80,9.020044325316578,2.228901890877762
31,80,12,9.736934044778804
32,80,11.39219668501381,2.889274798430563
33,80,3.1119367618668092,4.208688766135651
34,80,11.319413206413342,0
35,80,12,10.447916114875841
36,80,6.964401066725928,11.333579988922095
37,80,2.0763125126636166,10.875111510417737
38,80,8.077740929539504,0
39,80,0.7179693873811974,2.469237301360774
0,85,4.200498234239875,9.566065881763178
1,85,7.655160124160467,10.308713248820503
2,85,2.2419327578413517,9.944974034690967
3,85,0.7835274005845696,1.2528297609061483
4,85,12,3.8941568967775155
5,85,5.162945017048569,6.536037050377086
6,85,6.605432761632089,7.263692410290415
7,85,5.787672022244619,12
8,85,4.031166032369835,4.12936884624808
9,85,7.268394930705884,2.561602079189312
10,85,8.360176763706551,5.753002402727584
11,85,2.680939846447137,1.8733495724217861
12,85,9.469812120523315,11.974619155464824
13,85,0.9395392914098815,0.45888811300126947
14,85,10.237848682089265,1.5407115836913188
15,85,4.67982707805903,9.124338635492412
16,85,4.1125282141195925,2.5330576090457937
17,85,2.2355083983643325,9.010851140845592
18,85,12,7.230809198154007
19,85,10.45206628339351,4.571043126375336
20,85,1.9059083112012036,0
21,85,12,8.007942861173916
22,85,2.72348576440052,3.17280615605377
23,85,4.679632274265073,1.5645874821440846
24,85,4.395064306328716,9.743073591144285
25,85,6.4116772166533655,11.349742038723035
26,85,7.694168341530379,4.700604861819535
27,85,6.21497975378315,9.053340932377447
28,85,0.5308627457554859,2.327618668232892
29,85,0,0
30,85,9.108854725503125,2.069803846140729
31,85,12,9.791263662501423
32,85,11.347970681992525,3.0118996890473113
33,85,3.1736252330310712,4.215535897157974
34,85,11.253407791436462,0
35,85,12,10.438657417534742
36,85,6.960921979913652,11.339774189974182
37,85,2.101660304316572,10.877502876051354
38,85,8.081264191144463,0
39,85,0.7269865967791025,2.484929762261509
0,90,4.14065126579171,9.60946587574991
1,90,7.5514579337467795,10.262990076332844
2,90,2.253309272959844,9.922016878696894
3,90,0.8159666896101772,1.177739940434805
4,90,12,3.936463908565054
5,90,5.082661939409182,6.582505072667111
6,90,6.562210742559912,7.293391836223654
7,90,5.814182079938388,12
8,90,4.032557035989972,4.193454931900127
9,90,7.222642642872299,2.663339284441077
10,90,8.278011242581432,5.788877699147779
11,90,2.5941053219570307,1.869301647438913
12,90,9.477501322100764,11.963374556896838
13,90,0.9026269064489137,0.47022326867688413
14,90,10.231650836928642,1.5324332411059896
15,90,4.700365861200095,9.126965750353017
16,90,4.118708896294628,2.4981193320330233
17,90,2.1612686042690887,9.011401857752832
18,90,12,7.257666332839086
19,90,10.422161238516402,4.59934408502476
20,90,1.8949109676026386,0
21,90,12,7.870538426193014
22,90,2.7471559445906553,3.1801475617695916
23,90,4.691208798278834,1.5425155344009203
24,90,4.447035721484872,9.710623851850702
25,90,6.435972450949992,11.34067450615319
26,90,7.589469670817339,4.700456508864966
27,90,6.2781459466873,9.148514664312334
28,90,0.5225321627471353,2.333550313467069
29,90,0,0
30,90,9.201889133972399,1.9038438408167555
31,90,12,9.837298665144296
32,90,11.302154430639977,3.129204576199368
33,90,3.204282595762738,4.2186671843333095
34,90,11.182387033516651,0
35,90,12,10.436521500162213
36,90,6.953643717210636,11.352007938468192
37,90,2.140199997640653,10.880876552953165
38,90,8.083157559616605,0
39,90,0.7265094127286982,2.4841395325101256
0,95,4.08318239934699,9.652649726561199
1,95,7.439157053362765,10.21098248517863
2,95,2.2700035197034567,9.888249591558598
3,95,0.8449912642805502,1.100672958485522
4,95,12,3.989985817507188
5,95,5.006960764906782,6.626531674674589
6,95,6.517434194130494,7.324079954046194
7,95,5.835662855332577,12
8,95,4.034306572562338,4.271396490083299
9,95,7.176568529363049,2.7629546084142222
10,95,8.181371172840024,5.829419117914169
11,95,2.5994153890668943,1.7759693757420671
12,95,9.481464629233486,11.957498126178848
13,95,0.866010315717959,0.4820996413189073
14,95,10.230232802888818,1.5306063624105517
15,95,4.695975118720962,9.126439988989025
16,95,4.123831212751445,2.4723833888798894
17,95,2.083333846741674,9.010682110033262
18,95,12,7.280930835491668
19,95,10.395182164633168,4.625063877200164
20,95,1.8825318661216257,0
21,95,12,7.734717387585146
22,95,2.787021576459898,3.192334099544008
23,95,4.71563972221647,1.4955809423888964
24,95,4.491987632257805,9.680054346417435
25,95,6.462596877325839,11.329600272689623
26,95,7.4869974338494805,4.701320455209865
27,95,6.340086456784975,9.238954663252844
28,95,0.5137326910828315,2.3397360632851285
29,95,0,0
30,95,9.289926748236676,1.746068885790144
31,95,12,9.890458181356774
32,95,11.257891147392648,3.2515766589046415
33,95,3.2395580316684787,4.222369546955675
34,95,11.105449907844585,0
35,95,12,10.429566198377271
36,95,6.933250634182658,11.384365020208739
37,95,2.166275874422023,10.884234517474152
38,95,8.082287460942402,0
39,95,0.7285887683941603,2.487625904052765
0,100,4.0410318199396515,9.599119757162178
1,100,7.310780885631898,10.153312313444873
2,100,2.283569387813119,9.861720438956203
3,100,0.8767995547611899,1.0181661579396375
4,100,12,4.028308041582525
5,100,4.921558871554601,6.672540180217351
6,100,6.469623075367426,7.358181261516672
7,100,5.864558655032676,12
8,100,4.0354083158172065,4.359902565494073
9,100,7.132967393631975,2.860470241842846
10,100,8.092154241790865,5.8712761998466
11,100,2.6040512349943463,1.6727349767756328
12,100,9.483014896327067,11.955319032226262
13,100,0.8284274251353734,0.49440709635405533
14,100,10.22086180534709,1.518622059537034
15,100,4.693497084811112,9.126144041661055
16,100,4.12526971505472,2.4652195022959114
17,100,2.0043572192843984,9.009627989486026
18,100,12,7.311419088667996
19,100,10.353455669496618,4.665810670684799
20,100,1.8648434029813603,0
21,100,12,7.575793127339645
22,100,2.80933613857095,3.1992363235812635
23,100,4.746392782921007,1.4340433611984829
24,100,4.5430625705432,9.646458231004999
25,100,6.486303362030556,11.320105657595322
26,100,7.371309076432053,4.700531877136789
27,100,6.401804732902367,9.332066029265741
28,100,0.4997409900493692,2.349727584276883
29,100,0,0
30,100,9.385662638147325,1.5683134247465835
31,100,12,9.95482516685457
32,100,11.207173547736211,3.3925153272928172
33,100,3.2828156428381723,4.226549940670078
34,100,11.043822230348793,0
35,100,12,10.413154185049411
36,100,6.909300377672601,11.421304326105187
37,100,2.1721069913658324,10.884895865074935
38,100,8.081364439506935,0
39,100,0.7332825871792399,2.4956308412365997
0,105,3.9936656922027107,9.540065565365666
1,105,7.187245157622945,10.100608931908418
2,105,2.2942017778386155,9.839668194032216
3,105,0.9039155092308101,0.9518102959113277
4,105,12,4.075201949271731
5,105,4.829027804941795,6.719589286258162
6,105,6.420249527462365,7.392315471695278
7,105,5.8868476805228696,12
8,105,4.035165843640353,4.432844140338187
9,105,7.101181737150552,2.9340967845281645
10,105,8.001438161372656,5.912791676519866
11,105,2.607667979805243,1.5855668361489625
12,105,9.480376108964991,11.959057161068033
13,105,0.8073888746845415,0.5012351150137535
14,105,10.21103264805284,1.5056300635419864
15,105,4.71762523027915,9.128583146844116
16,105,4.130576037773893,2.438124440186724
17,105,1.9074832088902904,9.009119498553074
18,105,12,7.366263289152734
19,105,10.310451160965583,4.708682665524709
20,105,1.848955217415168,0
21,105,12,7.397458232765427
22,105,2.837696907685827,3.2083497116559463
23,105,4.779924033217024,1.366180664537488
24,105,4.587410212119442,9.61676842264394
25,105,6.505783604522214,11.312092076500127
26,105,7.252407475844992,4.6993457377291135
27,105,6.467899756608967,9.435328532375754
28,105,0.5136089585752639,2.339811434034446
29,105,0,0
30,105,9.46791899562931,1.4112980027026016
31,105,12,10.013715711871374
32,105,11.15447773794936,3.5367788978012107
33,105,3.3279870745778934,4.231938305934814
34,105,10.973450728645462,0
35,105,12,10.40151648420155
36,105,6.8869283225446996,11.456154387403938
37,105,2.167798269000673,10.884489851304098
38,105,8.08134376688032,0
39,105,0.7459121016137611,2.5163538655178965
0,110,3.9438490134742414,9.483188260451229
1,110,7.050827507823959,10.048563234067558
2,110,2.3061452126653075,9.814620034806627
3,110,0.9550355263335246,0.973234754934011
4,110,12,4.121767819691519
5,110,4.738039163962741,6.763843830024892
6,110,6.358574070710756,7.432531772141822
7,110,5.919397898882863,12
8,110,4.03501570147526,4.516941483191011
9,110,7.0703498361051285,3.004162937575526
10,110,7.92647365809697,5.951145083683632
11,110,2.6132934099679375,1.5043552341469013
12,110,9.485865971130501,11.951463970397203
13,110,0.774245540989558,0.5124489278208273
14,110,10.188125340037042,1.477089182441228
15,110,4.7292824205597315,9.129737973195187
16,110,4.133875687650931,2.42087773156123
17,110,1.8183844698234801,9.009117033071714
18,110,12,7.387083777249163
19,110,10.26641780715502,4.755800198453462
20,110,1.830721945817772,0
21,110,12,7.210880822289922
22,110,2.8449571090819075,3.210547338027749
23,110,4.815918620303453,1.2963552209377471
24,110,4.627070424072936,9.591254049429937
25,110,6.511434602565684,11.30984478226894
26,110,7.123275811249295,4.696647032716614
27,110,6.52818546418028,9.531384509533972
28,110,0.5157405270706805,2.3381812189091318
29,110,0,0
30,110,9.551403005971908,1.262237730034307
31,110,12,10.068341252871482
32,110,11.101636248160156,3.679508521331223
33,110,3.378737557281325,4.238130608699859
34,110,10.905564719254242,0
35,110,12,10.387216100640318
36,110,6.8549568653785,11.50858620879037
37,110,2.173625214072227,10.885078552002847
38,110,8.077757184134159,0
39,110,0.7528037922150791,2.528235634561951
0,115,3.8915875750118776,9.4212025612829
1,115,6.927763322562233,10.000695517778954
2,115,2.3175805793013526,9.791224005771827
3,115,1.0037739920879376,0.9924471372092364
4,115,12,4.177428828405219
5,115,4.6602212177789974,6.80167922220787
6,115,6.300801591429466,7.469530359522922
7,115,5.943716230629725,12
8,115,4.035716311341997,4.6265470951539545
9,115,7.047162956008069,3.05758324000223
10,115,7.838445962147177,5.995860631529781
11,115,2.6249486968121363,1.4035685454539844
12,115,9.48765302662364,11.948885096491438
13,115,0.7370658834822273,0.5235050407187183
14,115,10.17287428158925,1.4573072535288023
15,115,4.715608005594973,9.1283800548229
16,115,4.140202784900725,2.394147867945214
17,115,1.7225330196627744,9.009353678073083
18,115,12,7.408551538307292
19,115,10.229112689424142,4.794729845901038
20,115,1.8147076801137487,0
21,115,12,7.038329724842374
22,115,2.8526617859916987,3.2129744096508186
23,115,4.841956889940031,1.2419368270048325
24,115,4.613227004814759,9.57162871576537
25,115,6.523842984099032,11.304863599076922
26,115,6.977520783893024,4.694019673617232
27,115,6.569515854359318,9.598126943243713
28,115,0.5306923561648247,2.326548371988889
29,115,0,0
30,115,9.627755842327538,1.1252349832292674
31,115,12,10.125255342245826
32,115,11.046149299213706,3.822825695221708
33,115,3.4222731456599753,4.243804296942389
34,115,10.835289274253778,0
35,115,12,10.378220176801765
36,115,6.8275335347132495,11.556345934569935
37,115,2.19552053139379,10.887470932080781
38,115,8.075446207520725,0
39,115,0.7606507418178858,2.5422472756040833
0,120,3.8438146685155408,9.362851336181176
1,120,6.799113195308753,9.950719342179829
2,120,2.3312360206279497,9.763511995731992
3,120,1.0476860451411263,1.0110906924496532
4,120,12,4.222846292036304
5,120,4.5767993020086095,6.843060335374033
6,120,6.273896028924744,7.425922926516288
7,120,5.980530213755975,12
8,120,4.034482475039082,4.745384957002438
9,120,7.028259410147203,3.1026161756768658
10,120,7.7393157500588785,6.049556419220415
11,120,2.638751109003493,1.289445822527204
12,120,9.494414241354615,11.938918094398336
13,120,0.6879145681444606,0.5372678919971402
14,120,10.152191019434554,1.4287981923500224
15,120,4.696342273363677,9.126823265821223
16,120,4.146843049613954,2.36551080676962
17,120,1.6291608258279564,9.009318600571644
18,120,12,7.445303167647523
19,120,10.189887566236553,4.833122606470593
20,120,1.7950192466078667,0
21,120,12,6.852784067851938
22,120,2.8783616384043387,3.2212241983790557
23,120,4.875468328882439,1.1768282343164718
24,120,4.60191716992673,9.555976886984862
25,120,6.542701968450978,11.29727835488534
26,120,6.845681266943384,4.6900440629822295
27,120,6.607057133586542,9.657467849311356
28,120,0.5407279013403453,2.3183490475038138
29,120,0,0
30,120,9.715012682482273,0.9757210269097956
31,120,12,10.188893641896298
32,120,10.997306072896384,3.9519460333220455
33,120,3.4759725954034733,4.250388990756349
34,120,10.758408097880926,0
35,120,12,10.370300329530565
36,120,6.80523717291752,11.595482116844636
37,120,2.2148052575751196,10.889378747705319
38,120,8.073084916568964,0
39,120,0.7730021852679907,2.56630458082188
0,125,3.7983883918378276,9.307997954287506
1,125,6.639384589477512,9.895222901564244
2,125,2.341696502232897,9.742912842329114
3,125,1.0855360450096563,1.0252076857148271
4,125,12,4.256092071084828
5,125,4.514540416674707,6.874920851858479
6,125,6.257059305828162,7.398520641080569
7,125,6.003034772319158,12
8,125,4.028333203442514,4.875512458361429
9,125,7.0068545472161885,3.1532566713305736
10,125,7.6588030377019685,6.091427445467157
11,125,2.653177067633056,1.1728223740323185
12,125,9.50535264892664,11.923076488145744
13,125,0.6345665973841692,0.5514016835124863
14,125,10.134622003162654,1.4031629732914321
15,125,4.6593409298203,9.123125336923428
16,125,4.153915946249223,2.328313900746974
17,125,1.5388599196043482,9.012472810875497
18,125,12,7.4737915596100075
19,125,10.144661860739598,4.87426445160979
20,125,1.7736686925846168,0
21,125,12,6.6770026533446405
22,125,2.918285753376748,3.234927552273063
23,125,4.9068579343441145,1.1143670545638675
24,125,4.590020651435563,9.539391879537154
25,125,6.5540119161259875,11.292799210881466
26,125,6.73114336772286,4.685610390982326
27,125,6.642601372703893,9.712149903450031
28,125,0.5348949742362552,2.31169867391108
29,125,0,0
30,125,9.789846976850066,0.8497560622428093
31,125,12,10.246988800713483
32,125,10.951871705228255,4.075764863056668
33,125,3.5188955934740096,4.255580934069796
34,125,10.687990493286465,0
35,125,11.996130308207766,10.37235809845503
36,125,6.798949783652776,11.606797712679056
37,125,2.2409638744915483,10.892077066558123
38,125,8.071373999955116,0
39,125,0.7902961625962363,2.6001068786838455
0,130,3.7473479077117244,9.24995524923405
1,130,6.465768543751466,9.832399352476859
2,130,2.354777896758135,9.715785650576901
3,130,1.1118978021709962,1.0344395390248848
4,130,12,4.292731676034189
5,130,4.463960532703988,6.901424833009356
6,130,6.2446464033309175,7.378238847255752
7,130,6.018867630912965,12
8,130,4.023008468842913,5.000895497073651
9,130,6.985358471021898,3.2071417416436288
10,130,7.5758266324100125,6.135695337146223
11,130,2.666288391476938,1.0701478218690152
12,130,9.516964752742293,11.906725290851169
13,130,0.5813713684921098,0.5646838535224094
14,130,10.117043547877541,1.377855682155291
15,130,4.616402943131244,9.119351295151965
16,130,4.161337891610045,2.28582581864225
17,130,1.4494631582762025,9.013621996688856
18,130,12,7.50236570955051
19,130,10.115631287975868,4.901398125297741
20,130,1.7569467349490857,0
21,130,12,6.4890800796920525
22,130,2.9504090396436444,3.2459778941332953
23,130,4.931880855273689,1.0689845682470784
24,130,4.581709926302733,9.527297653662433
25,130,6.576016323097796,11.284273340630598
26,130,6.595423723645729,4.680784758114933
27,130,6.682547523764276,9.771832496463254
28,130,0.5375448907661925,2.314817762250585
29,130,0,0
30,130,9.880013945636142,0.7025452555474483
31,130,12,10.31290871368014
32,130,10.901653184014737,4.198954102983813
33,130,3.6037634240818646,4.26373730388369
34,130,10.613991895843865,0
35,130,12,10.368682030478057
36,130,6.797341326211216,11.609519338888825
37,130,2.2870558694616316,10.898184177455207
38,130,8.069456402387043,0
39,130,0.8224127165428999,2.659110666698835
0,135,3.6920777766996826,9.183619501411128
1,135,6.285788135748129,9.774686789358903
2,135,2.369096462878527,9.687908307021925
3,135,1.1454851154745516,1.0457207812745275
4,135,12,4.330700497173489
5,135,4.423165118898452,6.92102319026495
6,135,6.2173755726369615,7.334449501548238
7,135,6.033509961056203,12
8,135,4.017100801075512,5.131895897862638
9,135,6.970613097584202,3.2465815096085415
10,135,7.4905241992292755,6.183372230672887
11,135,2.6824861526195454,0.9536756834681573
12,135,9.528178472316768,11.89019332781015
13,135,0.5308683478529355,0.5755324722382655
14,135,10.080329466129806,1.3288009371380907
15,135,4.575431642452239,9.115908736014122
16,135,4.167279069625363,2.247271700496806
17,135,1.345136853637166,9.014688891938864
18,135,12,7.548138738902636
19,135,10.084246887327634,4.929568912943541
20,135,1.739705813864572,0
21,135,12,6.321138535131789
22,135,2.9751301539701864,3.2550244431246473
23,135,4.953206000112737,1.029798213102917
24,135,4.579346720698886,9.523698505216867
25,135,6.601625698361198,11.274330184688383
26,135,6.469012764455817,4.676658293022576
27,135,6.738645477911206,9.855497574543453
28,135,0.5546328425380728,2.334706736332392
29,135,0,0
30,135,9.957872950582868,0.570745425728703
31,135,12,10.367143298090868
32,135,10.847583615049075,4.343323236264165
33,135,3.6600154891279724,4.270765873796363
34,135,10.550430314147004,0
35,135,11.999968057399949,10.368619200311144
36,135,6.794382026515577,11.6144251314782
37,135,2.3236365117519364,10.904329486491672
38,135,8.067168664169309,0
39,135,0.8602498787485889,2.7300879255375814
0,140,3.6427359415469303,9.127813059513523
1,140,6.109838257130364,9.723719892189624
2,140,2.3740781592572486,9.678018738955238
3,140,1.1966585893854647,1.0632415086630536
4,140,12,4.377987882971848
5,140,4.359401117091227,6.951890631770689
6,140,6.195936749308791,7.2993335206909835
7,140,6.033989342949629,12
8,140,4.009510891996952,5.269478001666739
9,140,6.950294844558782,3.3090834121586177
10,140,7.3896690833775835,6.23821138187569
11,140,2.695125432964367,0.8374672865452433
12,140,9.544077116485992,11.866421000083685
13,140,0.4627570570267914,0.5903528914505584
14,140,10.046425358354,1.2859996044728519
15,140,4.55084335352361,9.113188831516924
16,140,4.174793333098649,2.197609811294072
17,140,1.2435129160971605,9.016879011265413
18,140,12,7.602735072448534
19,140,10.051800532708471,4.957646816890632
20,140,1.7228712896711833,0
21,140,12,6.150343511010805
22,140,2.983189097217147,3.2577319151765916
23,140,4.97454136806483,0.9899094824174127
24,140,4.584028518744996,9.530705658896
25,140,6.633544188572461,11.262650641222825
26,140,6.346442098734941,4.6717095448765775
27,140,6.789234203678194,9.925853724883382
28,140,0.5592825667992237,2.3401582412068125
29,140,0,0
30,140,10.036218787132267,0.4418903747092391
31,140,12,10.409181147242146
32,140,10.792557490038499,4.493541614171881
33,140,3.714904798725873,4.277156307379711
34,140,10.472637560689167,0
35,140,12,10.374098610528824
36,140,6.798206825269015,11.607961923634754
37,140,2.349131560424558,10.908525597897714
38,140,8.064831649460695,0
39,140,0.8941459161802637,2.794052180505857
0,145,3.581874078074739,9.060814146420915
1,145,5.952208096191351,9.679100531572084
2,145,2.38121626936496,9.663097674690974
3,145,1.2543190303980067,1.0837220405341708
4,145,12,4.418223933637525
5,145,4.3157612424242435,6.971965633579538
6,145,6.157424773949835,7.240916995367987
7,145,6.026879456219266,11.997781795590674
8,145,4.000476562477532,5.40751932988195
9,145,6.927903599412557,3.3702634263724516
10,145,7.279288376517403,6.300781580997538
11,145,2.7085535161146224,0.7030165287162955
12,145,9.562225942262327,11.838799697280441
13,145,0.45048056676674586,0.533645074574878
14,145,9.99916153155874,1.2246747950857928
15,145,4.52498427668511,9.110441231460085
16,145,4.183061628269404,2.1479524918261865
17,145,1.1423240156143337,9.01923317368981
18,145,12,7.649249941098589
19,145,10.03544466569929,4.972326387331124
20,145,1.7063673031582058,0
21,145,12,5.972866573254173
22,145,2.9912900238989586,3.260451006750844
23,145,5.001197006055483,0.9405489665030466
24,145,4.585605538339158,9.533029061549623
25,145,6.6496466348985495,11.25674591017367
26,145,6.225305904071959,4.66898684690607
27,145,6.829221982357323,9.983530185658767
28,145,0.5582966971886464,2.3389376332502634
29,145,0,0
30,145,10.121364796564093,0.3038336109645554
31,145,12,10.4534995090694
32,145,10.73820494574961,4.6338886104421855
33,145,3.7519938579642473,4.281360530231261
34,145,10.385907283170669,0
35,145,12,10.38540659213878
36,145,6.80518269069641,11.59526832249123
37,145,2.382518093291333,10.914654806408185
38,145,8.064082462028523,0
39,145,0.9319119819489352,2.8661298789246725
0,150,3.5009311618059464,8.972057732288786
1,150,5.7958725960234,9.636020420766824
2,150,2.3846268941683895,9.655981899675083
3,150,1.305371357770952,1.1009198932107265
4,150,12,4.45984487867111
5,150,4.279554120973461,6.989551458130838
6,150,6.120114869071534,7.184757991747551
7,150,6.039779566164017,12
8,150,3.990253053246783,5.55783571593463
9,150,6.8980714389561495,3.4513353234198267
10,150,7.164853271395991,6.3686719562030945
11,150,2.723329321865456,0.5761576514241653
12,150,9.582668987001941,11.809489745576682
13,150,0.5218026395878492,0.5175493573867993
14,150,9.971001682172105,1.1868548831057937
15,150,4.471545096527865,9.103913610423053
16,150,4.190302128671685,2.100216216652361
17,150,1.047960606731321,9.02149037186708
18,150,12,7.71127511217784
19,150,10.02761359786957,4.979375513659394
20,150,1.6857309365222668,0
21,150,12,5.798352679213226
22,150,3.013889387963733,3.2678366448793685
23,150,5.028328220961317,0.8919940588453835
24,150,4.588992056849006,9.537893573679813
25,150,6.683376481761917,11.244218663967686
26,150,6.093437138534989,4.662892814526804
27,150,6.865585898485672,10.036247417419856
28,150,0.5419251833224673,2.3183372540114817
29,150,0,0
30,150,10.20960731821817,0.16173124975086442
31,150,12,10.532046186655426
32,150,10.685491240826744,4.755391396884692
33,150,3.7868436034347166,4.284336497565177
34,150,10.294013659581447,0
35,150,12,10.39912103530439
36,150,6.8202294082684265,11.567357599301385
37,150,2.4174260679772224,10.92132740196063
38,150,8.063834419890336,0
39,150,0.9701861429424817,2.9431900699983706
0,155,3.4132516850115584,8.872945078675363
1,155,5.6603185098416215,9.59692552311806
2,155,2.3892290331144665,9.646715649505019
3,155,1.3440101208700839,1.1149908428049455
4,155,12,4.50388477721524
5,155,4.227913124812462,7.0147006625559225
6,155,6.098081008099858,7.15117596373414
7,155,6.04222423242136,12
8,155,3.981559170307573,5.701382677399488
9,155,6.869381981019637,3.5255790888083047
10,155,7.068210961344272,6.424426207239249
11,155,2.734393865145157,0.43558058445756886
12,155,9.60784254516344,11.774116946310345
13,155,0.5961750817503273,0.5006295488268068
14,155,9.940463902742094,1.1465547933981648
15,155,4.4322683344423695,9.099556361989926
16,155,4.197429102419625,2.0508943349310726
17,155,0.9521953875718437,9.02453798096668
18,155,12,7.768227296167493
19,155,10.01614066509126,4.98962526999583
20,155,1.668623855270842,0
21,155,12,5.600391739841552
22,155,3.059679930197006,3.2827274106020266
23,155,5.053093547905545,0.8453754036644732
24,155,4.593910468487371,9.545256194133879
25,155,6.696204980845606,11.239603064817883
26,155,5.999158810032375,4.657341830012309
27,155,6.904160935786714,10.091015117796003
28,155,0.523958123846432,2.295126113928015
29,155,0,0
30,155,10.290393429612273,0.027920252337324064
31,155,12,10.58996734688683
32,155,10.630701949731517,4.885212147948615
33,155,3.8046380431591906,4.286198521446647
34,155,10.202043922671415,0
35,155,12,10.415767094825512
36,155,6.852456851791728,11.507141344088284
37,155,2.4695004086032233,10.931084699275692
38,155,8.063370727271757,0
39,155,1.0038865667584316,3.009587461361134
0,160,3.318857944086055,8.769778712775741
1,160,5.5291542142840555,9.558721527396742
2,160,2.385675312719811,9.654074582507915
3,160,1.368616591607362,1.1242094833380858
4,160,12,4.5296445970861345
5,160,4.184319362241625,7.034791634240626
6,160,6.086507784150385,7.1343327980259446
7,160,6.038505604950025,11.998637358671681
8,160,3.975842267026323,5.82972396424315
9,160,6.841914850382558,3.5903747390979857
10,160,6.958995770440483,6.485838147455299
11,160,2.7442492300018406,0.3211872833052898
12,160,9.647931663238952,11.719238923498542
13,160,0.6829771075159004,0.47778583557819915
14,160,9.912794379058106,1.1106623727241036
15,160,4.402106416764732,9.095955928524765
16,160,4.204355267554848,1.9957273586763904
17,160,0.8629056580057509,9.027765331233141
18,160,12,7.837637737199171
19,160,10.024560007021236,4.9998750774197385
20,160,1.6494250333473746,0
21,160,12,5.392595463907107
22,160,3.1273550213984156,3.3026499482506004
23,160,5.0639320197322775,0.8239828943659628
24,160,4.594523839401007,9.54618371006467
25,160,6.70712118643153,11.23575999374134
26,160,5.870465735837182,4.6517461113402065
27,160,6.938107437348598,10.140446305161575
28,160,0.5121822849386772,2.280066838791905
29,160,0,0
30,160,10.366493226904945,0
31,160,12,10.651797916969818
32,160,10.58217479343459,5.002104338446064
33,160,3.8207772059389966,4.287754677957374
34,160,10.108743147484626,0
35,160,12,10.441260924951813
36,160,6.878999455001774,11.454935611786128
37,160,2.508344720466121,10.939386043829773
38,160,8.061101339928875,0
39,160,1.0402729478810113,3.079979746657166
0,165,3.231233293387566,8.670478257988025
1,165,5.40819276821008,9.525959281575163
2,165,2.3926744025773075,9.640161250343844
3,165,1.409007786737133,1.1403200935239097
4,165,12,4.557046452213299
5,165,4.147089434589065,7.051511373770977
6,165,6.074941501481144,7.116928640084407
7,165,6.043054843565323,12
8,165,3.9641335176739134,5.960737170073214
9,165,6.819397316018023,3.6403233623084805
10,165,6.853411706209493,6.548283440151451
11,165,2.75517498200828,0.20668217287763035
12,165,9.668669491976308,11.691983726374467
13,165,0.7778444885078756,0.45390663024072514
14,165,9.902006766210608,1.0961478806525242
15,165,4.364837501328123,9.090569975786735
16,165,4.20703584976628,1.9745376739913838
17,165,0.786005866607931,9.031857264179024
18,165,12,7.919425700938471
19,165,10.03926719470519,5.017199761465075
20,165,1.6287310954408778,0
21,165,12,5.188325391313898
22,165,3.1972842809544786,3.32532997606072
23,165,5.070841903734407,0.8094947553753742
24,165,4.594252891842776,9.545800404765691
25,165,6.722813700072385,11.229944695513673
26,165,5.736780442241334,4.6463056225383905
27,165,6.980459643699466,10.202555256815746
28,165,0.4835212349378669,2.243234459216435
29,165,0,0
30,165,10.450147607287974,0
31,165,12,10.62835297920312
32,165,10.539012995784525,5.107723456499116
33,165,3.8441127516422084,4.290288861804994
34,165,10.01167891543097,0
35,165,12,10.463511550036918
36,165,6.893135623989711,11.42586611088016
37,165,2.559814044581328,10.949753121085612
38,165,8.057167328852502,0
39,165,1.0861684687700373,3.168288235754651
0,170,3.1338370278037937,8.557199268460352
1,170,5.291491543293443,9.49243368173869
2,170,2.4005819289202033,9.6250684343642
3,170,1.4510559643416376,1.1578231917715478
4,170,12,4.583565234456498
5,170,4.113770618428822,7.066522375631314
6,170,6.066069595559875,7.122899665426646
7,170,6.05597331946907,12
8,170,3.9526983312680644,6.094156088452207
9,170,6.791012146540481,3.7029581749145386
10,170,6.750634765971758,6.610230459144576
11,170,2.7666742932828043,0.09806673100254742
12,170,9.69809700345478,11.65147898818215
13,170,0.8910157448262415,0.42640094982001137
14,170,9.890986689400913,1.0813541092081516
15,170,4.325195715706623,9.085190002253734
16,170,4.210243155444594,1.946418007103291
17,170,0.7038617686686698,9.035599769532864
18,170,12,8.000271504168019
19,170,10.045809680898623,5.024960459225255
20,170,1.60755839516565,0
21,170,12,4.9932123379618725
22,170,3.266656662963305,3.348998458601394
23,170,5.075960610369282,0.7997343372534067
24,170,4.586218685204507,9.534581148076605
25,170,6.745644515364027,11.221647056674854
26,170,5.602521339375613,4.64373024627609
27,170,7.030120682076838,10.277956305378572
28,170,0.44888462340087726,2.1991540117592
29,170,0,0
30,170,10.531195519420216,0
31,170,12,10.60745410796708
32,170,10.493693988257982,5.2245315045769445
33,170,3.8827422795132187,4.2947872098226005
34,170,9.92090200139028,0
35,170,12,10.493348597107605
36,170,6.9067498444544295,11.399909074388875
37,170,2.6347113440909227,10.967294827809313
38,170,8.055424653886435,0
39,170,1.130718170252113,3.2512887656520277
0,175,3.0191663327334246,8.428725394381193
1,175,5.176372671397396,9.460024025474528
2,175,2.4113537007862127,9.604401064766453
3,175,1.4835440266346855,1.1713277455368336
4,175,12,4.602253373205726
5,175,4.077857335865807,7.0827657696420685
6,175,6.034237973108602,7.145597630133097
7,175,6.067482698518901,12
8,175,3.938209527019043,6.225065917501802
9,175,6.767777417057118,3.757139376721103
10,175,6.649853609102002,6.6727398079000935
11,175,2.7801407996396033,0
12,175,9.722794608433565,11.617710191582304
13,175,1.0117790151970825,0.39536723846435456
14,175,9.88188126498146,1.069237453594498
15,175,4.293112293955392,9.079356486396929
16,175,4.213907266493926,1.912112983502712
17,175,0.6365440932831985,9.039661389138143
18,175,11.998955717298031,8.096105640926769
19,175,10.041573190722431,5.019870472225341
20,175,1.5867885015306933,0
21,175,12,4.7959163256778305
22,175,3.2438163099899144,3.4225337999838192
23,175,5.085080027161616,0.7825327655463405
24,175,4.587119955892597,9.535905302062401
25,175,6.768221688021897,11.213095202463757
26,175,5.460132055492286,4.640773398799296
27,175,7.093402818731433,10.374761062884499
28,175,0.4063017829750634,2.143194449567347
29,175,0,0
30,175,10.60739578535266,0
31,175,12,10.588645949787058
32,175,10.451678736434882,5.340480593512536
33,175,3.910100598716414,4.297251875034395
34,175,9.838592485587188,0
35,175,12,10.52349220314777
36,175,6.926855687811256,11.363228354555096
37,175,2.6788783274657333,10.978512540197869
38,175,8.05372722729509,0
39,175,1.1730727551671634,3.3289993765183556
0,180,2.88515711915979,8.286984655476267
1,180,5.0783872552998055,9.433229979801673
2,180,2.424648770546105,9.57999775572554
3,180,1.5383308013823842,1.19583179161548
4,180,12,4.635490497977591
5,180,4.0437768046681395,7.098676383817148
6,180,5.982788786872218,7.18166719702806
7,180,6.075267767697398,12
8,180,3.92517739090001,6.3597675577064425
9,180,6.740790789396393,3.814113531279009
10,180,6.5392694373931315,6.739805157720737
11,180,2.7935766574774883,0
12,180,9.752936253486011,11.577588048270313
13,180,1.1339427970831615,0.36314589051268276
14,180,9.86207842319879,1.0420674652572304
15,180,4.276345688893911,9.07626249549143
16,180,4.2181446750198095,1.8753057494793883
17,180,0.5648317988528423,9.04312109759589
18,180,11.99965658781479,8.184720750224544
19,180,10.044947814530783,5.024094155046908
20,180,1.5627293273639926,0
21,180,12,4.601939235089409
22,180,3.221372627443132,3.501929687597144
23,180,5.086398802980783,0.7799148315593042
24,180,4.580087259815426,9.52522024307199
25,180,6.820279770341664,11.192721329398374
26,180,5.2986861544049635,4.633161643730383
27,180,7.160760046608407,10.4803712624925
28,180,0.3738217212921678,2.099576696338927
29,180,0,0
30,180,10.679175187120483,0
31,180,12,10.566594921872433
32,180,10.416231460351147,5.448283906478853
33,180,3.944988678415588,4.300002990307152
34,180,9.95605853239937,0
35,180,12,10.571519928127232
36,180,6.946207480974357,11.326137786237188
37,180,2.7208394123619053,10.990417961919556
38,180,8.051188583035678,0
39,180,1.2191620714107185,3.413368590139061
0,185,2.7464512995429504,8.145407682946132
1,185,4.972448638673506,9.407373451837561
2,185,2.4445257921710017,9.54243188164638
3,185,1.5984890268828036,1.2240963551572053
4,185,12,4.671179442161596
5,185,4.0302229155366325,7.1054924321979325
6,185,5.934984805917177,7.2157886077565605
7,185,6.08783538222809,12
8,185,3.913315143890907,6.480227471720707
9,185,6.707377480349212,3.8811356267809165
10,185,6.424438723317675,6.808177379748048
11,185,2.8090481191557557,0
12,185,9.782919859762067,11.538055295687428
13,185,1.2532266935310925,0.3303122739341939
14,185,9.841968638667485,1.0155064651318917
15,185,4.277965175493935,9.076549644411777
16,185,4.221856310882221,1.8421532205042606
17,185,0.49090673354090325,9.044529510958784
18,185,11.998877326813549,8.284959904521362
19,185,10.06909893597608,5.054251259522885
20,185,1.538981546944314,0
21,185,12,4.391521894212067
22,185,3.2003395234159475,3.5710277004704167
23,185,5.089016258589443,0.7749719833439214
24,185,4.5755062482224105,9.518349952533562
25,185,6.887308531750845,11.16862412194782
26,185,5.139338167024123,4.6259462811343495
27,185,7.228095210540887,10.58574060592556
28,185,0.34897792798034216,2.0666671785055346
29,185,0,0
30,185,10.738502856539048,0
31,185,12,10.549309158149509
32,185,10.38037198387239,5.561674245813321
33,185,3.979431593814079,4.302587237084361
34,185,10.063433424183293,0
35,185,12,10.611341909141087
36,185,6.966275552957863,11.287712011005517
37,185,2.7594863045508387,11.001009880637909
38,185,8.048206251215253,0
39,185,1.2672846349672997,3.5030581459656958
0,190,2.6214539947774425,8.017518539858491
1,190,4.871918552604932,9.381755646826779
2,190,2.4672748888712803,9.498560467931432
3,190,1.6558798990799102,1.2501432679541755
4,190,12,4.699601886493956
5,190,4.021748386897487,7.109943599077577
6,190,5.899646471560008,7.240795888793018
7,190,6.0921198322693995,12
8,190,3.8967094167060994,6.608836397878477
9,190,6.664466518775982,3.9620368840324134
10,190,6.284757429244617,6.895405458568672
11,190,2.8278714123351953,0
12,190,9.83295155630589,11.470356176953207
13,190,1.3681512886055762,0.29652860314307805
14,190,9.816862025848756,0.9799845207008303
15,190,4.280981398137609,9.059619282143132
16,190,4.226512385162039,1.8017916666124998
17,190,0.4106344097487575,9.04519825256831
18,190,11.997587624028826,8.397945412366516
19,190,10.089945612389668,5.082029442518583
20,190,1.5113577310487885,0
21,190,12,4.175869457188425
22,190,3.1765510023067214,3.6432044437772513
23,190,5.093413667440622,0.7666586005074919
24,190,4.569727563337996,9.509713965544169
25,190,6.943836298945682,11.148554970080621
26,190,4.970608342118846,4.617572898685282
27,190,7.308060336453054,10.7127973676168
28,190,0.327681688747862,2.036583826518527
29,190,0,0
30,190,10.797378602285589,0
31,190,12,10.536721784674707
32,190,10.344115015640897,5.669001513258948
33,190,3.9933851466876646,4.3038808237504
34,190,10.169964692739963,0
35,190,12,10.63274929298039
36,190,6.99625069605324,11.22893229386035
37,190,2.8010456251756954,11.012280788174628
38,190,8.044600987888227,0
39,190,1.3231581049942533,3.6104485812868914
0,195,2.4925861517915058,7.88828623372978
1,195,4.777346162380728,9.355938677248322
2,195,2.4821905452143933,9.47038920547172
3,195,1.700990542108297,1.2691877335783133
4,195,12,4.730962727759679
5,195,4.035093484467431,7.1028863190963305
6,195,5.859166022552059,7.267960405178338
7,195,6.106665007656016,12
8,195,3.8814047102960463,6.731557330860016
9,195,6.629280480717822,4.0332234728762835
10,195,6.124774106606871,6.998312973399257
11,195,2.8461511920314395,0
12,195,9.880065102211496,11.408901716959084
13,195,1.4968779443457234,0.25742315407857297
14,195,9.786949812778753,0.937477233739436
15,195,4.285095641140972,9.037866830068255
16,195,4.231655072496556,1.7487726067641767
17,195,0.3264217677280676,9.044886281733794
18,195,11.996536353519236,8.525684751334898
19,195,10.097711506920039,5.092778311215466
20,195,1.4858939782935159,0
21,195,12,3.9549571679643827
22,195,3.1597636103394677,3.694005027483285
23,195,5.096305346712818,0.7612662395652762
24,195,4.576123024703397,9.518987768188143
25,195,7.010138188549192,11.126826033455208
26,195,4.789456137106125,4.613362581046666
27,195,7.384539576063562,10.832550827066086
28,195,0.29522054104334755,1.9910524656694677
29,195,0,0
30,195,10.85202923454683,0
31,195,12,10.519697599991414
32,195,10.308753321175683,5.770888322538349
33,195,3.987580413857164,4.303376874290313
34,195,10.300521080855319,0
35,195,12,10.64639957373495
36,195,7.027598555087844,11.166780664249211
37,195,2.819036321906942,11.016622477243798
38,195,8.041127405294496,0
39,195,1.380880564039578,3.7188339287390937
0,200,2.362974465670392,7.754639130025512
1,200,4.676539006964391,9.330006553800107
2,200,2.501866612105221,9.435045608225407
3,200,1.7488480798341914,1.2894617083997995
4,200,12,4.757838003829735
5,200,4.054592507288233,7.092406026124525
6,200,5.822844616189594,7.291715119688988
7,200,6.127846241925343,12
8,200,3.8661880560911155,6.884376680593009
9,200,6.601868250909554,4.085644669777898
10,200,5.952931647927422,7.109418456010842
11,200,2.860401144956057,0
12,200,9.928281657289999,11.347076349540195
13,200,1.6411583581261653,0.21612515238843208
14,200,9.756218870908807,0.8935064407325024
15,200,4.287693137259543,9.022470812693886
16,200,4.236488837864775,1.6939300969592699
17,200,0.24374564794908188,9.045579943932275
18,200,11.996554195530013,8.660206807600545
19,200,10.090457778197742,5.0828752224378695
20,200,1.4631313156881303,0
21,200,12,3.7136785007568682
22,200,3.140784260713081,3.754597950684695
23,200,5.0939081716828145,0.7658649920479371
24,200,4.575451415132063,9.518038428587108
25,200,7.085782042299378,11.103384375372185
26,200,4.6238791241928485,4.609633974236641
27,200,7.453568786398484,10.938458352065242
28,200,0.2660819456194201,1.9490409046608077
29,200,0,0
30,200,10.905930326813678,0
31,200,12,10.503636354006355
32,200,10.260778210572562,5.909562301142477
33,200,3.988000471002541,4.298818371465899
34,200,10.431915418623676,0
35,200,12,10.64820674709111
36,200,7.063176947079656,11.098003284074792
37,200,2.8445557913056683,11.022015776722863
38,200,8.036891525366261,0
39,200,1.4421350454974153,3.833552404151848
0,205,2.2303307449873477,7.621997042460416
1,205,4.570482733810114,9.304549721425921
2,205,2.509719804815913,9.420471969899008
3,205,1.7877997639663088,1.305217791749056
4,205,12,4.788463051926784
5,205,4.064620112010313,7.0874682237769795
6,205,5.798115064627893,7.307468240244335
7,205,6.16608956006943,12
8,205,3.8478219008038455,7.03598846262428
9,205,6.564780669163801,4.158956000397386
10,205,5.78194322086784,7.228648572941759
11,205,2.876123992617765,0
12,205,9.97519037997403,11.281078683336444
13,205,1.7820077232683451,0.17918192549886022
14,205,9.736534607407107,0.8629487972014684
15,205,4.288137552334813,9.01984460934647
16,205,4.241417263346972,1.6256090685561888
17,205,0.1857119228125612,9.04552061516669
18,205,11.996223603213432,8.796133590003945
19,205,10.066797810682825,5.049532358430168
20,205,1.4446632657121965,0
21,205,12,3.4794407951457695
22,205,3.1101844987905922,3.8437253915675322
23,205,5.093378393744653,0.7669332783266442
24,205,4.57033487528221,9.510547507055355
25,205,7.1522298061634855,11.083701887896405
26,205,4.458741354037876,4.605392791905085
27,205,7.531478755674938,11.056912819161841
28,205,0.24405475712312935,1.9154452868767815
29,205,0,0
30,205,10.956136890424457,0
31,205,12,10.488403035963712
32,205,10.221919798021489,6.026375504618247
33,205,3.9874385597707973,4.304869742655961
34,205,10.58157514379578,0
35,205,12,10.666768467965491
36,205,7.107711967406355,11.008604658000525
37,205,2.8625430370792224,11.026137528299573
38,205,8.03026159747239,0
39,205,1.499017228754211,3.9469492227919796
0,210,2.106458790384112,7.502047592206285
1,210,4.470763841639744,9.28126089418392
2,210,2.524207088174959,9.391197662578247
3,210,1.848203363116966,1.330076319470732
4,210,12,4.835534294445194
5,210,4.060451095614068,7.089489296838127
6,210,5.774519942910102,7.3228682431578695
7,210,6.228310155896542,12
8,210,3.83084975672943,7.169153063236294
9,210,6.522330640548643,4.246632830226528
10,210,5.5949402624501,7.359278971023568
11,210,2.8915756093072256,0
12,210,10.016891713409692,11.222647821432792
13,210,1.925290885124166,0.14571683390720672
14,210,9.719686883652889,0.8367528932542824
15,210,4.288053295511364,9.020365395686586
16,210,4.244985697530227,1.5674366983603536
17,210,0.12281396990774003,9.044189717539965
18,210,11.996342970569737,8.908625040807038
19,210,10.046611313411336,5.019436431557686
20,210,1.4273766530089376,0
21,210,12,3.229917300891829
22,210,3.0790516295047268,3.935142621300709
23,210,5.083639431078384,0.7862371183249147
24,210,4.581468297204867,9.527413307274832
25,210,7.233237639607452,11.061430271423289
26,210,4.3019722764460875,4.600330997013927
27,210,7.607252950447866,11.175251998649966
28,210,0.2123453542206228,1.8685283277126405
29,210,0,0
30,210,11.00060779952903,0
31,210,12,10.475274760475193
32,210,10.188773476516797,6.12610707692881
33,210,3.9850231902692967,4.32783540158727
34,210,10.735492822743304,0
35,210,12,10.701046000912937
36,210,7.154136813473721,10.9239019550022
37,210,2.8714867204511236,11.028315868251646
38,210,8.01940427778253,0
39,210,1.5567777572474832,4.0668993029237
0,215,1.9778052861735864,7.376790651559335
1,215,4.360704018118698,9.253796883567135
2,215,2.5336538977119534,9.37355046755405
3,215,1.9180627494303626,1.356763623070792
4,215,12,4.879791836152559
5,215,4.06604473955683,7.086811066032459
6,215,5.74820022857388,7.339416029770228
7,215,6.296431775893977,12
8,215,3.8100727384251067,7.314813963588602
9,215,6.472603798844806,4.346182591909738
10,215,5.411391607452508,7.487054524617383
11,215,2.9096714156197057,0
12,215,10.0579211198141,11.16545980523455
13,215,2.0818666899800444,0.11304666949484257
14,215,9.70739379574256,0.8179038928502435
15,215,4.288388350889566,9.017969620062134
16,215,4.248249523910513,1.5188256803954332
17,215,0.05936165426497711,9.04434933109726
18,215,11.9955126442322,9.04926944355593
19,215,10.024034721283885,4.984722511442821
20,215,1.4108028428672856,0
21,215,12,2.984690219667865
22,215,3.0448894529866317,4.030765903232956
23,215,5.0781137156437275,0.7974717336340854
24,215,4.588387345025069,9.537161967082934
25,215,7.325328907930288,11.035186229281878
26,215,4.131697248292732,4.595954911926511
27,215,7.673500422390608,11.274818991592156
28,215,0.17516909872827355,1.8120205223518253
29,215,0,0
30,215,11.054525514482355,0
31,215,12,10.459079057249236
32,215,10.163139477569253,6.196529111350995
33,215,3.9844758782464607,4.3331953607601905
34,215,10.885488012045437,0
35,215,12,10.749460391848064
36,215,7.192670504044586,10.855227773492071
37,215,2.8914149538691105,11.033115119180417
38,215,8.008261826660014,0
39,215,1.613632391559976,4.1827327305146875
0,220,1.8294678556191204,7.235141801808759
1,220,4.245106993845561,9.22339335199256
2,220,2.545599859563984,9.34951786592033
3,220,1.999518077044363,1.3906781522577563
4,220,12,4.911435420462661
5,220,4.064953469365405,7.087328576797719
6,220,5.7213248109668395,7.355442207561005
7,220,6.360762674862432,12
8,220,3.7906864436919885,7.435121596043856
9,220,6.427177014779374,4.434438130221848
10,220,5.216457802052212,7.633436828651568
11,220,2.928068817759146,0
12,220,10.104327053347474,11.104510030243189
13,220,2.212105404306238,0.08506255035790729
14,220,9.686586166353413,0.7840526127190401
15,220,4.285919562850901,9.034849479106946
16,220,4.253445213010102,1.4511217783593238
17,220,0,9.04351393273714
18,220,11.996555263081275,9.18336672009735
19,220,10.000019250105158,4.948872400908964
20,220,1.3920933678353917,0
21,220,12,2.7502038047848933
22,220,3.006972095227273,4.130405584622204
23,220,5.082459247998142,0.7888327204487858
24,220,4.601238389625784,9.555752369147282
25,220,7.414959568418891,11.011500327140942
26,220,3.9557426401272706,4.59072008386242
27,220,7.739236693536522,11.372597875237389
28,220,0.13752546684308276,1.7566133198215121
29,220,0,0
30,220,11.11026608338283,0
31,220,12,10.444735312864216
32,220,10.140687384217673,6.256329394724536
33,220,3.9853280582716453,4.325402383497794
34,220,11.030620933031853,0
35,220,12,10.800118907165098
36,220,7.230247380890375,10.783383555780027
37,220,2.902356480073123,11.035718543081268
38,220,7.997452525673371,0
39,220,1.6642124901723558,4.285099331047674
0,225,1.6866842301943454,7.104060197774987
1,225,4.119411143174774,9.187053656371008
2,225,2.5624749225319787,9.316281783950988
3,225,2.0587695935837806,1.4165224357743462
4,225,12,4.938814223311384
5,225,4.064197253177543,7.087703731856196
6,225,5.712021027200028,7.361000254057405
7,225,6.436500105617284,12
8,225,3.7691918369110726,7.559889196084092
9,225,6.38809928434503,4.519459514946945
10,225,5.0461934245326265,7.762001941877255
11,225,2.945020596005096,0
12,225,10.160128069748978,11.031442231545546
13,225,2.320555566788648,0.059288622142635444
14,225,9.665442042294373,0.7527046236184932
15,225,4.282941556447112,9.056300282983306
16,225,4.257197364151876,1.402122882669317
17,225,0,9.041782630743423
18,225,11.99396830926423,9.300088976759042
19,225,9.975701118647944,4.911985554708652
20,225,1.373396528347257,0
21,225,12,2.506252698945417
22,225,2.975356557492837,4.214128404265619
23,225,5.088758381743549,0.7765819409957572
24,225,4.609814098879092,9.56808048581152
25,225,7.508529766403805,10.987066082290573
26,225,3.787260101931877,4.586033527914948
27,225,7.812526090363161,11.481361028184509
28,225,0.10173491382546382,1.7060157322294907
29,225,0,0
30,225,11.15885301457132,0
31,225,12,10.430404717977892
32,225,10.124511921348006,6.304309831479304
33,225,3.9857781976119613,4.32139167712153
34,225,11.163240238153746,0
35,225,12,10.865200542106056
36,225,7.271305131875527,10.70340876067743
37,225,2.9006580775491853,11.035305789440011
38,225,7.984307657601491,0
39,225,1.7224765979933174,4.401939232382209
0,230,1.5394175269781538,6.968693398038892
1,230,4.0125084620631135,9.154288989049075
2,230,2.57554809625624,9.290184226942792
3,230,2.1167647034658286,1.4431039948760294
4,230,12,4.957380945650187
5,230,4.047516647594215,7.095405579467952
6,230,5.687042322522002,7.37620579023542
7,230,6.525700108896429,12
8,230,3.7436540616119394,7.710702530289471
9,230,6.345038131552697,4.6147807063061235
10,230,4.867474914187864,7.901126770741127
11,230,2.95738174275732,0
12,230,10.21821248723982,10.955330492810718
13,230,2.446149060939066,0.026434784211953333
14,230,9.644613323168679,0.7228187362795445
15,230,4.279766356337463,9.082496113066782
16,230,4.258976955253238,1.3650979565056518
17,230,0,9.040144520914119
18,230,11.985102977650802,9.426699653903949
19,230,9.962505576259572,4.892220682920663
20,230,1.35153411300031,0
21,230,12,2.2698852592164274
22,230,2.9485429630333724,4.288200102409866
23,230,5.09508318086397,0.7645401228429606
24,230,4.599033346573483,9.552715280271713
25,230,7.533931397368244,11.08574360353044
26,230,3.6156170629417814,4.576984159436698
27,230,7.893182623613242,11.598407474902142
28,230,0.08500865897890658,1.6821066070026691
29,230,0,0
30,230,11.20173158938954,0
31,230,12,10.4176394252983
32,230,10.105705724051312,6.356643318622627
33,230,3.9865195185916824,4.315226826821598
34,230,11.301161458927016,0
35,230,12,10.931060236096036
36,230,7.310766562085835,10.628827055657302
37,230,2.8904895122904466,11.033068914706096
38,230,7.973932074696823,0
39,230,1.7771721880835987,4.507898902803767
0,235,1.4006764109701846,6.838724319539618
1,235,3.905363831458834,9.12501423763293
2,235,2.581998888856463,9.276898602299461
3,235,2.17540041512915,1.4699751038969897
4,235,12,4.984464432680545
5,235,4.065967612454413,7.0872643903004775
6,235,5.658823705712052,7.39369446475832
7,235,6.615189144650602,12
8,235,3.716386196794638,7.866713849880742
9,235,6.313711321173737,4.684068615311908
10,235,4.681766880803013,8.056200455451037
11,235,2.969413518687742,0
12,235,10.265110305398812,10.89772059877913
13,235,2.5772597272487627,0
14,235,9.604947395088061,0.664635459459798
15,235,4.276332209936254,9.107792888042875
16,235,4.259160097060165,1.316704842384599
17,235,0,9.039399700077881
18,235,11.973168708382852,9.554088847604106
19,235,9.953828344676571,4.87882826030331
20,235,1.3282877047938253,0
21,235,12,2.033343814631683
22,235,2.9232400586461833,4.35520966500623
23,235,5.106100915728243,0.7436617818334001
24,235,4.578840354709178,9.523764635951451
25,235,7.5625190890728,11.200839233805194
26,235,3.4087046902919242,4.569869025258622
27,235,7.9777485483662,11.715060910016136
28,235,0.07117077795045845,1.6623231631199926
29,235,0,0
30,235,11.227593860416468,0
31,235,12,10.406329311843777
32,235,10.090470621759463,6.400769509525686
33,235,3.9877101672099364,4.30532314521745
34,235,11.4270705289334,0
35,235,12,10.998591683943577
36,235,7.34836919793992,10.556566410135325
37,235,2.8824276104768054,11.031355715392813
38,235,7.9583122714924075,0
39,235,1.830610847747619,4.618832649354513
0,240,1.2621426842011148,6.709994323839213
1,240,3.8259446351227386,9.102441779896164
2,240,2.585279748196446,9.270089951533791
3,240,2.2421638310215704,1.4998974421234164
4,240,12,5.022448046756923
5,240,4.097142261511682,7.073723324592837
6,240,5.625091550239682,7.413376928960794
7,240,6.710156012647842,12
8,240,3.686104513284614,8.024895816082259
9,240,6.292495090301059,4.729922286756176
10,240,4.482709558448793,8.220803279546939
11,240,2.978926119372085,0
12,240,10.312558116124002,10.839107892319298
13,240,2.6966626705479655,0
14,240,9.574000893979198,0.6175663057617133
15,240,4.2729798854204235,9.130260654701802
16,240,4.261483933701824,1.2574188643399042
17,240,0,9.038108991416696
18,240,11.962852584605384,9.65050661745979
19,240,9.932580653785395,4.84593522340923
20,240,1.310528126572176,0
21,240,12,1.8081977853534863
22,240,2.9054492178443065,4.401222897266004
23,240,5.115048957649006,0.7259730891998973
24,240,4.548912522037537,9.47983002103777
25,240,7.591501273761259,11.33106659108529
26,240,3.1859300598516,4.551475877582434
27,240,8.068615549152492,11.83640872903215
28,240,0.0633316401361011,1.6511397024643535
29,240,0,0
30,240,11.254596903576958,0
31,240,12,10.391912125643227
32,240,10.074761394480282,6.4469076281648885
33,240,3.9876885134140734,4.305534217249103
34,240,11.562762998757586,0
35,240,12,11.056723502470405
36,240,7.402905514663221,10.455471033651138
37,240,2.865469479022714,11.027908304928042
38,240,7.9497037200281415,0
39,240,1.88885755035688,4.731560182484441
0,245,1.1236896446613862,6.578408138590738
1,245,3.7470741409329293,9.078210525884835
2,245,2.594281137548785,9.25178752495637
3,245,2.314347398932666,1.5340249935703496
4,245,12,5.056298781169674
5,245,4.123945326147678,7.0628584786973025
6,245,5.601411497001442,7.427518828568472
7,245,6.822287294574836,12
8,245,3.656325660531933,8.181744905764146
9,245,6.278058211431388,4.76138337726809
10,245,4.305972609165457,8.008283141836877
11,245,2.987968606483267,0
12,245,10.350637380161986,10.793863043112676
13,245,2.788403686507696,0
14,245,9.552570977794218,0.583932544638992
15,245,4.268851883961749,9.163364405023042
16,245,4.262935144664392,1.2168332981108327
17,245,0,9.038749209424877
18,245,11.951828746518565,9.754209529289035
19,245,9.917549170589986,4.821970183480447
20,245,1.2904032350843513,0
21,245,12,1.5803633536660506
22,245,2.8846474765394463,4.452071137491879
23,245,5.116817905399258,0.7222716060611675
24,245,4.509698686926946,9.421772701473765
25,245,7.618782024526004,11.455203438077094
26,245,2.975781601795779,4.534713332879147
27,245,8.172524803496998,11.975924912397451
28,245,0.047861276266766596,1.6299917203827363
29,245,0,0
30,245,11.282940081085048,0
31,245,12,10.37405341136341
32,245,10.054962714567193,6.499253468752558
33,245,3.986663623641324,4.313573055639781
34,245,11.687223293619917,0
35,245,12,11.108902088635801
36,245,7.457920524307577,10.343435634928536
37,245,2.844261190380758,11.02337027105513
38,245,7.941995409720601,0
39,245,1.9468755219394842,4.842726184885316
0,250,0.9849607067346207,6.45239527249053
1,250,3.6602653105561798,9.052775459103339
2,250,2.6152705514143313,9.207781117700414
3,250,2.3749960604922062,1.562508084261146
4,250,12,5.079908887268151
5,250,4.155240957020634,7.049283050954594
6,250,5.56461897899052,7.448395064876142
7,250,6.938668073698453,12
8,250,3.6236049635527574,8.361621438743688
9,250,6.256789017192075,4.806910561509511
10,250,4.142640799611945,7.801329618607497
11,250,2.998281449019722,0
12,250,10.391387585634977,10.744909096864957
13,250,2.8699124011040107,0
14,250,9.524252266546048,0.540211420869408
15,250,4.265391637862699,9.19387252400151
16,250,4.263745734154127,1.1722353981526197
17,250,0,9.040316950966396
18,250,11.937818922271415,9.867263818368453
19,250,9.902095983020399,4.797858965078067
20,250,1.272035655834409,0
21,250,12,1.3605997171238249
22,250,2.8666198589176126,4.494244062592928
23,250,5.120446362271389,0.7146912683810442
24,250,4.468268335248456,9.360028271840026
25,250,7.6424162324936855,11.59036088613576
26,250,2.7573220559985843,4.519487138974914
27,250,8.280230441322285,12
28,250,0.032658888511692956,1.6090774904378706
29,250,0,0
30,250,11.313942892302592,0
31,250,12,10.35740923752583
32,250,9.98272183604543,6.46826969832386
33,250,3.9834434410283333,4.338116204687751
34,250,11.812134948591936,0
35,250,12,11.16014377372145
36,250,7.516323849659059,10.221206175662887
37,250,2.825009298765342,11.0195482256132
38,250,7.93405665624457,0
39,250,2.0098621565068275,4.962721755260466
0,255,0.8479118530827466,6.329990295706096
1,255,3.635957612032507,9.131783808406517
2,255,2.6358018215456593,9.163848331522685
3,255,2.4287980497588038,1.5875991707730428
4,255,11.968426620901486,5.057390168937093
5,255,4.177154686900186,7.03947446863493
6,255,5.529398034028642,7.467400999987041
7,255,7.0557149941634805,12
8,255,3.585965383727238,8.551230301147905
9,255,6.239381125193208,4.84284697046451
10,255,3.982923436415714,7.589940936281609
11,255,3.0093633670693034,0
12,255,10.43872001114328,10.690666671277857
13,255,2.9493102090230034,0
14,255,9.490099852980372,0.48639632507030245
15,255,4.265526030100506,9.192929917142758
16,255,4.264336636134622,1.135764777838044
17,255,0,9.045704803356628
18,255,11.92545027396822,9.972169865164755
19,255,9.89255080065412,4.783078015101443
20,255,1.2533115066217786,0
21,255,12,1.1324150746923323
22,255,2.8480966433423065,4.542517565294118
23,255,5.132767862263189,0.68722389128025
24,255,4.422579293414354,9.288535085950004
25,255,7.663966537963369,11.713554696209222
26,255,2.545105413754948,4.504197222298318
27,255,8.385068895977339,12
28,255,0.023562965897241883,1.597090447789302
29,255,0,0
30,255,11.33850089521643,0
31,255,12,10.342416641710583
32,255,9.914495476085788,6.438948901845241
33,255,3.9795736136772146,4.36727311483737
34,255,11.940396220201187,0
35,255,12,11.18942365739848
36,255,7.56595754454425,10.108659955612168
37,255,2.8169440669894033,11.01796921466798
38,255,7.922850733792678,0
39,255,2.068799945639636,5.0818357965451995
0,260,0.7011848460653705,6.18740530744793
1,260,3.605797589202655,9.231102253968977
2,260,2.6564930332455607,9.119955868876788
3,260,2.459340976181616,1.6013026794153384
4,260,11.926860649622395,5.028136897630338
5,260,4.176802851870597,7.03962270936538
6,260,5.472904544062277,7.496591653971575
7,260,7.153569803304339,12
8,260,3.549915731555406,8.728892017585137
9,260,6.227007300610475,4.8674149247735645
10,260,3.830717418092472,7.387255609216733
11,260,3.01836513706408,0
12,260,10.472799742508794,10.652264032003679
13,260,3.0362015731237095,0
14,260,9.458002206708104,0.43532314240881015
15,260,4.27217819779669,9.193963623269788
16,260,4.2666791587193575,1.0860066993758843
17,260,0,9.049907488087674
18,260,11.911157270764324,10.070481425021928
19,260,9.878972558784561,4.762425890116412
20,260,1.2260427691485831,0
21,260,12,0.9080647732579734
22,260,2.830735840786217,4.586754558055652
23,260,5.154021035182796,0.6405749902489415
24,260,4.37633725687945,9.219759543423502
25,260,7.689071717709253,11.857866776093356
26,260,2.335502452177228,4.485331047446875
27,260,8.515703222476736,11.898741845383459
28,260,0.011575439913203861,1.5809153459324734
29,260,0,0
30,260,11.36357172182228,0
31,260,12,10.324456440436554
32,260,9.853805823841137,6.412620133325529
33,260,3.9735486392925643,4.412646784845657
34,260,12,0
35,260,12,11.213022448820551
36,260,7.620749814792561,9.98397521802774
37,260,2.8142980733371914,11.01744297364407
38,260,7.907538273466488,0
39,260,2.126978534445021,5.20485065942289
0,265,0.5471600784136293,6.045627348176293
1,265,3.568761304794959,9.339598374382772
2,265,2.6837563191657354,9.061353724489573
3,265,2.5087698909135767,1.624143433815848
4,265,11.907733480299163,5.014141997944647
5,265,4.187207096954358,7.035311764260317
6,265,5.4154995146017875,7.526514272035759
7,265,7.258248670384812,12
8,265,3.517955338808767,8.88730740267622
9,265,6.22328238137181,4.874480648437953
10,265,3.6949661206246027,7.191841769991773
11,265,3.024757948762333,0
12,265,10.508802107317088,10.61184367023211
13,265,3.1430181172037677,0
14,265,9.424687301882818,0.3804805943195197
15,265,4.286206312691723,9.195968767953369
16,265,4.267914170833859,1.0304355387650959
17,265,0,9.055411990434202
18,265,11.894284837099695,10.192949290884057
19,265,9.859726942911145,4.731278292982216
20,265,1.2045556022871629,0
21,265,12,0.6900258556445036
22,265,2.804012934017355,4.649292915360955
23,265,5.172901507956987,0.5980847365351705
24,265,4.315702992474095,9.128339554046416
25,265,7.713786204269943,12
26,265,2.1445022937302167,4.464598418483143
27,265,8.650040426558846,11.796446029284324
28,265,0,1.5532880169097887
29,265,0,0
30,265,11.381324162680333,0
31,265,12,10.30629612451572
32,265,9.809275401857231,6.392702520510868
33,265,3.9690324657931995,4.442767476957355
34,265,12,0
35,265,12,11.236267702656434
36,265,7.679314212043181,9.850843422950605
37,265,2.824068903825834,11.019563969415756
38,265,7.896528626224003,0
39,265,2.193085664782077,5.344141850765191
0,270,0.41054780601400376,5.917993085197711
1,270,3.5389779305219795,9.427672869183988
2,270,2.7075688364001635,9.007921911107882
3,270,2.534650563172881,1.637061013844277
4,270,11.913935877573111,5.005996034124514
5,270,4.190947561539522,7.044793250843197
6,270,5.3294529860325595,7.570590404102081
7,270,7.371564402276313,12
8,270,3.486975060687578,9.050329418696709
9,270,6.211490364335158,4.896381106473638
10,270,3.5530464224289107,6.988569753301242
11,270,3.029386135598957,0
12,270,10.558223158060548,10.554655854223022
13,270,3.253207318741561,0
14,270,9.398718062028225,0.3373624240265142
15,270,4.298050183353055,9.197609356820092
16,270,4.268941369517722,0.9950807851609093
17,270,0,9.06170111620583
18,270,11.87740839485814,10.314211928066271
19,270,9.857727169651696,4.728092816399274
20,270,1.1791602574306874,0
21,270,12,0.47222519519484585
22,270,2.7708082641042213,4.7228253573057515
23,270,5.1937124215828545,0.5520051542344725
24,270,4.2497843291633535,9.026561981365276
25,270,7.736407083641955,12
26,270,1.9450667815227858,4.439136241806461
27,270,8.778412700926518,11.70749668119133
28,270,0,1.5446055831978527
29,270,0,0
30,270,11.404814575242286,0
31,270,12,10.292279192269925
32,270,9.745899205568197,6.362835893820009
33,270,3.967622327347363,4.453008098624089
34,270,12,0
35,270,12,11.279946715567606
36,270,7.733129683511772,9.726899773237207
37,270,2.833760388740372,11.02192783895014
38,270,7.885897448448012,0
39,270,2.251691541835819,5.465452633391663
0,275,0.2587431785701285,5.778849308939065
1,275,3.508538305422276,9.516565493192413
2,275,2.7234849479384,8.972812479325551
3,275,2.5689668859376353,1.655783737597038
4,275,11.909833154239577,5.011155824536155
5,275,4.190864509922353,7.044590555430222
6,275,5.247655389755076,7.6105858829616935
7,275,7.4740306679260895,12
8,275,3.459044556057786,9.196586378561523
9,275,6.196368133214524,4.922521168214452
10,275,3.419776459869409,6.7858600796061035
11,275,3.031065876858487,0
12,275,10.614360682902076,10.491693897162836
13,275,3.36802967933062,0
14,275,9.373566014455186,0.2963739095485704
15,275,4.319763257646904,9.200390935025913
16,275,4.27137567385065,0.955045416434526
17,275,0,9.066867905821447
18,275,11.86384979546029,10.427037934721154
19,275,9.851265970949234,4.718847327523897
20,275,1.1481376803947985,0
21,275,12,0.2605491347401272
22,275,2.737358750504583,4.795958969494499
23,275,5.2212390279482905,0.4925955535638035
24,275,4.174763796407207,8.910831045802295
25,275,7.759883102666781,12
26,275,1.7590960862432559,4.4152274229009345
27,275,8.899840245362107,11.622458789833276
28,275,0,1.5254540669951178
29,275,0,0
30,275,11.416325449460961,0
31,275,12,10.274350995537883
32,275,9.688023878772592,6.335124081874212
33,275,3.9663795606633543,4.463257758020178
34,275,12,0
35,275,12,11.306520407454212
36,275,7.783135391382566,9.59955835844627
37,275,2.8037740670767315,11.014519038923329
38,275,7.878257689731565,0
39,275,2.3166595203470246,5.596281571463436
0,280,0.11258915826924762,5.64678781001056
1,280,3.4823962576510956,9.594482357952613
2,280,2.736176346323858,8.944985956332959
3,280,2.6058152809736734,1.6761388974209048
4,280,11.898487629670765,5.025431913841881
5,280,4.1853136294594355,7.030344864181851
6,280,5.153070459924527,7.655806750636454
7,280,7.594627609204817,12
8,280,3.429236813673309,9.358507956431449
9,280,6.182812923182503,4.945833001399988
10,280,3.285127160445317,6.566807463945394
11,280,3.033439525626798,0
12,280,10.660152895298632,10.440166810416907
13,280,3.500934160414762,0
14,280,9.33651461886679,0.23861831082875393
15,280,4.35335153150917,9.204719973191562
16,280,4.273391604758216,0.9119072125427424
17,280,0,9.069751970661644
18,280,11.849933737166793,10.55521722524589
19,280,9.844776366831393,4.709748219790234
20,280,1.1214297070029797,0
21,280,12,0.052587405517388885
22,280,2.714907805951218,4.844268845844269
23,280,5.2475351156471906,0.433943271871171
24,280,4.089502751590335,8.777857312559787
25,280,7.780892820749912,12
26,280,1.5593156369089831,4.390477532300253
27,280,9.021202679399227,11.535577094162814
28,280,0,1.5042471643589066
29,280,0,0
30,280,11.422523576694037,0
31,280,12,10.255830196876408
32,280,9.643079222567607,6.313532262508316
33,280,3.9685334868693083,4.4407841338305944
34,280,12,0
35,280,12,11.321398298502256
36,280,7.8244779583071375,9.489387047175258
37,280,2.738505659596677,10.997026300634147
38,280,7.8708311648951375,0
39,280,2.3772408271693832,5.719816562114109
0,285,0,5.532719982844042
1,285,3.4610733371554145,9.66059994036164
2,285,2.737445345824425,8.942121301326486
3,285,2.642421932282636,1.696082494905643
4,285,11.89572584459635,5.029015566035662
5,285,4.179764799485747,7.016344275157003
6,285,5.056770175918554,7.699440635960884
7,285,7.725528189905687,12
8,285,3.402520849434165,9.512545712233855
9,285,6.171897881589533,4.964628680762238
10,285,3.155323667885562,6.355456871648569
11,285,3.032145080605337,0
12,285,10.694487539344095,10.400805682561309
13,285,3.4658262108083573,0
14,285,9.301641198193057,0.17959105546292836
15,285,4.357874759388527,9.205090201700212
16,285,4.274460274445326,0.8733258731686823
17,285,0,9.072423123157142
18,285,11.838743820566668,10.670622258364721
19,285,9.844603665374738,4.709498992530454
20,285,1.0988241051894914,0
21,285,12,0
22,285,2.698572499440102,4.881766629856246
23,285,5.270562633684218,0.38070134779467396
24,285,4.016080586626035,8.665600901015484
25,285,7.804549357713631,12
26,285,1.3710784493227282,4.363610025651401
27,285,9.157658072720174,11.439262973290136
28,285,0,1.4757748201666254
29,285,0,0
30,285,11.433552577744438,0
31,285,12,10.236506660503732
32,285,9.606255594237293,6.295065352010051
33,285,3.9693993644774572,4.429941251863733
34,285,12,0
35,285,12,11.340697977673127
36,285,7.8643720039931875,9.386492175906275
37,285,2.672779902715189,10.97820737075779
38,285,7.863537201820732,0
39,285,2.44076651907529,5.853921593255346
0,290,0,5.405452879014096
1,290,3.4394157456421213,9.730438416100675
2,290,2.7419109846158585,8.932534177201047
3,290,2.678535063046403,1.7141628629640064
4,290,11.886073635117782,5.041750691909776
5,290,4.174479316520956,7.001041586076357
6,290,4.955148107142488,7.747200382519092
7,290,7.84090611653527,12
8,290,3.369211016603058,9.67059897129439
9,290,6.168021539444897,4.9713872763369995
10,290,3.0317636718453724,6.140697905703531
11,290,3.0284954127592028,0
12,290,10.718357916380768,10.374980504257005
13,290,3.426791018270537,0
14,290,9.256332906562603,0.10455337510940775
15,290,4.362172892427154,9.205430592737626
16,290,4.275732002757723,0.8432031407686165
17,290,0,9.073619919662786
18,290,11.822883083697732,10.786024838564082
19,290,9.847033926499162,4.7129831940818026
20,290,1.0701077380925752,0
21,290,12,0
22,290,2.6867587049849035,4.90997766012027
23,290,5.291308945863757,0.33350378249490836
24,290,3.953049291466135,8.571970863169193
25,290,7.826327768004545,12
26,290,1.1714408550623838,4.334973379265587
27,290,9.31274587461713,11.328613407038777
28,290,0,1.4454098964091622
29,290,0,0
30,290,11.451667593278517,0
31,290,12,10.217393018933832
32,290,9.560403219896152,6.27326841047722
33,290,3.9694380882813873,4.429575399629362
34,290,12,0
35,290,12,11.37137229159558
36,290,7.9055826136842935,9.285148939323438
37,290,2.6543203514831677,11.043394775896198
38,290,7.855232082982157,0
39,290,2.5094069340038327,5.993901982265917
0,295,0,5.278730978598482
1,295,3.4114970161982323,9.81643614263691
2,295,2.757546699670497,8.902034964772868
3,295,2.6957442682310404,1.7224473032617684
4,295,11.87108363743379,5.060510178393951
5,295,4.164097514569948,6.970366101927124
6,295,4.852381667776787,7.7967323509817605
7,295,7.948035668925857,12
8,295,3.3394631874710847,9.81085739687549
9,295,6.16471547109233,4.977311630591791
10,295,2.921906247038519,5.94485909554069
11,295,3.0269666887823847,0
12,295,10.744781090436854,10.346154063534039
13,295,3.3866064224611407,0
14,295,9.221836842826665,0.049585730518315094
15,295,4.374974736032381,9.206431534802112
16,295,4.278022284165754,0.8046228040468197
17,295,0,9.074447227907639
18,295,11.81060051187918,10.890300884470731
19,295,9.850910940029172,4.718386629428167
20,295,1.0424946785260019,0
21,295,12,0
22,295,2.6671269886229054,4.953815968341672
23,295,5.31601933735722,0.277222361602085
24,295,3.887886507157262,8.47496869354456
25,295,7.847465405654901,12
26,295,0.9666418758721276,4.310060426045423
27,295,9.4670503792788,11.211755407602698
28,295,0,1.419795008730282
29,295,0,0
30,295,11.470174296122709,0
31,295,12,10.198409622216358
32,295,9.507047311207613,6.246549040984084
33,295,3.9691574534196716,4.432218210578387
34,295,12,0
35,295,12,11.40175553687365
36,295,7.935202230028275,9.209319206376065
37,295,2.6325777773520804,11.123644931862039
38,295,7.847465371654656,0
39,295,2.577023790914272,6.132755818538319
