id,time,x,y
0,0,4.989354997541519,3.9458263852820026
1,0,7.977081434662913,8.046556252261455
2,0,0.018132594035730223,5.038924432705919
3,0,12,10.955098274654652
4,0,2.0251166974369825,0.964119266241206
5,0,0.9831844458716422,6.939334413818163
6,0,7.039709610736423,6.9571397015233645
7,0,7.977886498955634,5.066619766166913
8,0,9.965690497775043,8.97813835008722
9,0,10.988474064292253,8.074920665494687
10,0,0.0006572316409994517,1.0456518132627208
11,0,12,6.947549790400349
12,0,5.936542464708095,0.050623985177384034
13,0,0.02952794127935493,6.0249013852734725
14,0,3.0121804057284307,3.9492082611625463
15,0,1.054414658423709,3.014804823664202
16,0,8.966540837100089,7.998551070843506
17,0,0,4.969323686024071
18,0,3.049102614595629,0
19,0,7.020971034425011,5.055649944351094
20,0,12,10.070385317000207
21,0,10.021130216502284,9.023102845466138
22,0,7.052394016267919,1.963207569971413
23,0,0.04602348464816431,7.011979471316311
24,0,0,5.061340767939579
25,0,6.031090641917291,7.039761652925705
26,0,9.962802869670357,3.9731803685185145
27,0,3.9551120038506085,8.014623799595352
28,0,11.02259302098172,0
29,0,4.975306007675131,9.941740169332018
30,0,8.06017300351913,9.038228351793762
31,0,3.967137728011302,11.042051847620947
32,0,8.949345559872206,0.0009845849396273806
33,0,12,1.0153423009544928
34,0,5.000650729130645,0.9227908019921564
35,0,9.997442505698007,8.0746140839494
36,0,11.942841867218549,8.975301658183104
37,0,9.955416040657564,6.998460378109042
38,0,4.004806058480609,0.9586367146719286
39,0,6.968734613898614,11.036248654159584
0,5,4.976374031679336,3.8743196567881815
1,5,7.960342589326034,8.080839361947476
2,5,0.03801471716536913,5.085843289722439
3,5,12,10.899203236012811
4,5,2.046819657781261,0.9320862963064304
5,5,0.9713560239873787,6.891413652514479
6,5,7.069225410116367,6.922497182177468
7,5,7.961012190196041,5.121394104461676
8,5,9.914330327055747,8.944085400660574
9,5,10.978290181191463,8.157415814853286
10,5,0.0019446771003229122,1.090471782975028
11,5,12,6.903818357465095
12,5,5.861501553851151,0.10995274040231506
13,5,0.038094924418592364,6.031824697840389
14,5,3.0255983206399004,3.8994652367765683
15,5,1.0996396618726414,3.0266536125158177
16,5,8.953261373928205,7.997839591989707
17,5,0,4.941304680336786
18,5,3.1075753253313776,0
19,5,7.050926231282509,5.137300358989174
20,5,12,10.148427214086226
21,5,10.049982932697656,9.053288777362962
22,5,7.106745527400227,1.9239762120016333
23,5,0.10607558055535705,7.02654601262185
24,5,0,5.10751404755255
25,5,6.05147069007745,7.065487356891658
26,5,9.919640102378919,3.941411955936773
27,5,3.9386577449500595,8.020487892574902
28,5,11.048321616880427,0
29,5,4.943605212962293,9.875203261776159
30,5,8.124650865045876,9.079188965132424
31,5,3.9329569674246208,11.088305744116559
32,5,8.888445183057366,0.003638802401790814
33,5,12,1.0304593012359253
34,5,5.000013917188455,0.8291805399771077
35,5,9.994819881360224,8.142911333773663
36,5,11.879814548958661,8.948624269937277
37,5,9.920719430732357,6.996514938049945
38,5,4.011369361713821,0.907431559501533
39,5,6.9292445541277425,11.082867207590153
0,10,4.9644898659677414,3.806407394386928
1,10,7.947084007966594,8.109406457185107
2,10,0.057455554849362794,5.130494623463723
3,10,12,10.838514130035577
4,10,2.0839124205847512,0.8812970036368113
5,10,0.9648775586221671,6.867635763176247
6,10,7.112028979960246,6.872781459191894
7,10,7.947465152798564,5.166655528112217
8,10,9.877528293293976,8.919097600899711
9,10,10.96480315208776,8.252441504733975
10,10,0.0036440467424660276,1.1285993409916788
11,10,12,6.878882846447027
12,10,5.757677229977951,0.19288830832377257
13,10,0.058165196926703355,6.048752306966511
14,10,3.0460581820322696,3.8312884289515843
15,10,1.1693752789617782,3.0453067902979036
16,10,8.947025126071239,7.99742968487742
17,10,0,4.904092763428142
18,10,3.1571782322888806,0
19,10,7.080484168119977,5.215085703444102
20,10,12,10.247084776779618
21,10,10.080769033142573,9.086160905835131
22,10,7.164459931865943,1.8826617634331895
23,10,0.1571448006188463,7.039685303197686
24,10,0,5.153156048861474
25,10,6.073944292869026,7.092549741911969
26,10,9.865660513069521,3.8997479648577773
27,10,3.918307196260117,8.027369506100047
28,10,11.061112989687635,0
29,10,4.910712226539885,9.809197262667224
30,10,8.187115696905494,9.117801658558687
31,10,3.8779732197947903,11.160067032956302
32,10,8.801848565757604,0.007211355500566459
33,10,12,1.0448234868705615
34,10,5.000512104782234,0.7523621196279489
35,10,9.991162554061258,8.220390707833802
36,10,11.820373227111032,8.92300822972767
37,10,9.899901762551666,6.996561759270586
38,10,4.0180816738603315,0.8388099501535805
39,10,6.886626834473822,11.133198473837936
0,15,4.9516842527353475,3.7334238046179076
1,15,7.933958119346625,8.139487662645694
2,15,0.07462475668960576,5.170845641773007
3,15,12,10.77479991703477
4,15,2.1291261356646776,0.8202507276209647
5,15,0.9613680880972086,6.852445373912156
6,15,7.15595146858886,6.820969092509794
7,15,7.936809215432025,5.207079555112038
8,15,9.86010765258679,8.906911370168578
9,15,10.94462329037355,8.379163656709133
10,15,0.005031422734806872,1.1746041291306482
11,15,12,6.860910049215908
12,15,5.658410606014759,0.26898282414849084
13,15,0.08388357025206708,6.070520882405926
14,15,3.0659009087620475,3.766271499380201
15,15,1.227316315881272,3.060738699179177
16,15,8.959654504423584,7.998643139833832
17,15,0,4.865265163358584
18,15,3.2004243131702053,0
19,15,7.1110683789206615,5.292235246417721
20,15,12,10.345580283742475
21,15,10.123611431243852,9.129972767800433
22,15,7.237872371357225,1.830748196668686
23,15,0.19863520773803983,7.04885953720077
24,15,0,5.162091296098316
25,15,6.112740001404665,7.139500615323124
26,15,9.801797749372232,3.852716207990707
27,15,3.9153409441504423,8.028314038304323
28,15,11.06197080653711,0
29,15,4.879781720753375,9.74425773923311
30,15,8.270518759177605,9.175382922236073
31,15,3.8111859155521675,11.248780204441207
32,15,8.70707545935432,0.013575653992514747
33,15,12,1.062479070419433
34,15,5.001800376867836,0.6537364559765817
35,15,9.989350715312145,8.283876286202139
36,15,11.758725116622994,8.89596470631039
37,15,9.869972923257953,6.996403397117365
38,15,4.023298333830016,0.7747541049982883
39,15,6.843458960796113,11.184297218789224
0,20,4.941447992397788,3.6673074226703535
1,20,7.908905240147279,8.196857828303804
2,20,0.09282366674540099,5.2129326276009635
3,20,12,10.723460735043519
4,20,2.1705992290533924,0.7623597745789259
5,20,0.9604810450847722,6.8485724670992685
6,20,7.199965930304086,6.768973223630909
7,20,7.928567897337567,5.2426495058514755
8,20,9.84751371750281,8.897958662011275
9,20,10.9268111146051,8.509873622063074
10,20,0.005823036609063813,1.2028083635143283
11,20,12,6.843100536030967
12,20,5.556354762585621,0.3479813037081773
13,20,0.11417561071370894,6.096477581321086
14,20,3.0058515438755666,3.7483599529900533
15,20,1.2963080516228427,3.0809404707184367
16,20,8.9878487055614,8.0011548110032
17,20,0,4.831675873172019
18,20,3.248645195075227,0
19,20,7.143655123853199,5.3747032939876185
20,20,12,10.437731851487312
21,20,10.16333741331025,9.17112259429868
22,20,7.304071962066781,1.7823781734411783
23,20,0.23749636053790502,7.056238951493976
24,20,0,5.176636264261318
25,20,6.1515111436055605,7.186999415669305
26,20,9.741552063586967,3.808982502778438
27,20,3.920053624295443,8.026616843716178
28,20,11.053880019083222,0.014854522984334862
29,20,4.8454493786998905,9.676588183358437
30,20,8.373377690609136,9.247052328680299
31,20,3.734540283481528,11.355910279572592
32,20,8.621691628952279,0.01721216912499132
33,20,12,1.0738279781408075
34,20,5.00516456848153,0.5586622629161198
35,20,9.987065858156251,8.34092509736945
36,20,11.706196939917668,8.872470188832285
37,20,9.835518998605856,6.995627430457278
38,20,4.02594746637094,0.7399197827531717
39,20,6.8033037620231385,11.233471993759272
0,25,4.930614675288751,3.596159753566873
1,25,7.877892127150279,8.263189782610938
2,25,0.11380665789969378,5.264352492639068
3,25,12,10.656080034836718
4,25,2.209557828453154,0.7069844881620106
5,25,0.9579038208178774,6.836322538300332
6,25,7.2502962217300935,6.707544024548621
7,25,7.918013840440202,5.292590040552839
8,25,9.82632585131486,8.882494001651082
9,25,10.905853635337829,8.632416099516277
10,25,0.006039011304180641,1.214812013952774
11,25,12,6.827765424769497
12,25,5.447218918173776,0.43627043140887534
13,25,0.14842409305652138,6.1228342737114785
14,25,2.9366910401048125,3.729291818161959
15,25,1.3605147766021337,3.0994851615217276
16,25,9.018490585310163,8.00340164842121
17,25,0,4.8204578793090445
18,25,3.3074651584965675,0
19,25,7.178469723657629,5.466941409993987
20,25,12,10.50772594722475
21,25,10.189490798131141,9.196063609272228
22,25,7.345590189383538,1.750164381226345
23,25,0.29033704498356006,7.064279422037786
24,25,0,5.1798275291011935
25,25,6.183443431383288,7.225196693556503
26,25,9.704507774747393,3.7819558240546125
27,25,3.914108126613637,8.02862655532005
28,25,11.059097866727466,0.005174993319142148
29,25,4.81014489310455,9.60930323259768
30,25,8.479403129251775,9.319100038697536
31,25,3.649646890522565,11.473765367035897
32,25,8.535386197065394,0.02144618319638028
33,25,12,1.098431819362545
34,25,5.008923828502678,0.4822757053013849
35,25,9.981770086771697,8.409979573397234
36,25,11.675747998068438,8.858882735451076
37,25,9.797716664399982,6.995639015909947
38,25,4.027398608659357,0.7140495350029702
39,25,6.758193357015587,11.290313135945533
0,30,4.919632522792287,3.5210661244556762
1,30,7.849071441078054,8.326691511137414
2,30,0.14075538148548833,5.32906120249079
3,30,12,10.59226780282514
4,30,2.2564414665556654,0.6382386286566818
5,30,0.9620459988534156,6.855434577531362
6,30,7.311976458862205,6.760837838316953
7,30,7.871436395134546,5.283516089620473
8,30,9.809473006271837,8.86982864875565
9,30,10.887220053326653,8.751939196487953
10,30,0.006069559944695438,1.2116561740003615
11,30,12,6.8276052768210205
12,30,5.341107838047305,0.5243695951079298
13,30,0.1890900510375513,6.15229626930659
14,30,2.867539180624967,3.7117026621569424
15,30,1.4128241250048952,3.113960161409055
16,30,9.048798672603658,8.005807943707177
17,30,0,4.813046322388061
18,30,3.3532380134806052,0
19,30,7.217417159171053,5.568118539025391
20,30,12,10.576423564070733
21,30,10.203369694799745,9.209989158757274
22,30,7.378398198161827,1.7250770521442333
23,30,0.3292220141839782,7.070215542284395
24,30,0.004776361756017446,5.158284109348357
25,30,6.228231958067517,7.279222453186323
26,30,9.670742801462852,3.757613362310839
27,30,3.9137092216016356,8.02875889440469
28,30,11.061394605757902,0.0009640062171652284
29,30,4.7791330101611695,9.548751799357747
30,30,8.574737428626337,9.382461240833589
31,30,3.562763181557733,11.59374081328801
32,30,8.444076122687985,0.024708973362349798
33,30,12,1.1215999147047813
34,30,5.080098982803333,0.48375748432562227
35,30,9.97354264167176,8.487463130742992
36,30,11.664127590732766,8.853716735953032
37,30,9.792390191656192,6.995654041293075
38,30,4.029310743577687,0.6736091625942215
39,30,6.731489986322121,11.32443515913818
0,35,4.907801367534106,3.4351022928778514
1,35,7.8175720541331595,8.399871934758693
2,35,0.20683214911891096,5.300845565344473
3,35,12,10.519701126010775
4,35,2.329029809578428,0.6943535515722086
5,35,0.970110834336705,6.893684847088239
6,35,7.389982695095989,6.824832997909083
7,35,7.857405698489123,5.28067064843541
8,35,9.802484405812674,8.864674424042201
9,35,10.868427688946877,8.859751151263604
10,35,0.0060594545310595225,1.2129964692194732
11,35,12,6.8184036638029575
12,35,5.222934749881141,0.6253835527650576
13,35,0.24764360542545166,6.1956051082364665
14,35,2.78676751484179,3.691079766991304
15,35,1.4771928810086208,3.1328510207717444
16,35,9.076729954558337,8.00882255314025
17,35,0,4.801000560265725
18,35,3.3930054533098613,0
19,35,7.260680756735122,5.687341624261182
20,35,12,10.643656301762615
21,35,10.212914624912342,9.219669173517074
22,35,7.414378351277543,1.6974739844582394
23,35,0.3640251340660211,7.075326782902996
24,35,0.006872714888577479,5.150048818561184
25,35,6.26952554683871,7.329277247450845
26,35,9.630316414822815,3.730194357973965
27,35,3.9028529225260273,8.031876778647884
28,35,11.073449860458782,0
29,35,4.745081691322392,9.477430891361466
30,35,8.66371417323177,9.438183663517961
31,35,3.461348948544455,11.73629666590776
32,35,8.373180168229961,0.02612746360067941
33,35,12,1.1474764106240316
34,35,5.159371291884155,0.48672759297524193
35,35,9.964950029116292,8.57085159493068
36,35,11.62986836366853,8.838191044632483
37,35,9.778053375658903,6.996115575728596
38,35,4.031874307329783,0.6164857655782349
39,35,6.701203834711444,11.361526926721805
0,40,4.900810358107981,3.3778796749596376
1,40,7.792924315818864,8.454692248019324
2,40,0.27405701372980834,5.272676482601334
3,40,12,10.436492347734733
4,40,2.4010824214500324,0.7526590688540579
5,40,0.9784886754003186,6.934884046874616
6,40,7.453971960021246,6.880037279891098
7,40,7.845958273258394,5.278237123888876
8,40,9.799220534821389,8.862419015242864
9,40,10.850916159341216,8.962427108330091
10,40,0.006165538981955134,1.201435399101007
11,40,11.993428385562988,6.825141486450094
12,40,5.104105276667707,0.7276584801906604
13,40,0.3076467746770626,6.238995004649384
14,40,2.693087121635716,3.6677634742696803
15,40,1.5412997341838348,3.1527118020939606
16,40,9.10354025748718,8.011920199744464
17,40,0,4.789739209209357
18,40,3.4438770561329726,0
19,40,7.299770971893753,5.8061568691693815
20,40,12,10.708185771068436
21,40,10.221927271784356,9.228694012013822
22,40,7.450593662543579,1.669610902865071
23,40,0.3911667074439318,7.079413531739388
24,40,0.006276943028426812,5.152399406870099
25,40,6.289716106188825,7.353341805419974
26,40,9.579168130220681,3.693615472821264
27,40,3.893199912644783,8.034709451042518
28,40,11.082626940650023,0
29,40,4.7107165754293385,9.401002050716112
30,40,8.729142973878409,9.477934133367395
31,40,3.369085407366048,11.866236499755225
32,40,8.293396985121927,0.0290300960466424
33,40,12,1.172447457513053
34,40,5.235958318351089,0.488182891549257
35,40,9.9579946524885,8.65979118499648
36,40,11.599706646935322,8.823545976884507
37,40,9.763142848477546,6.996354255149775
38,40,4.033971556277505,0.5476611640227644
39,40,6.668975086488843,11.403425434150629
0,45,4.891021051874276,3.293344541655506
1,45,7.767426611477725,8.514178143354911
2,45,0.3169923426204465,5.25509399770771
3,45,12,10.353989538510328
4,45,2.4571134142948963,0.7990151220506789
5,45,0.9870335574466168,6.979760869457211
6,45,7.525288316659836,6.94440745156264
7,45,7.819865974492995,5.272574568771252
8,45,9.795025433622627,8.859460104291315
9,45,10.831176281165316,9.069180662560155
10,45,0.006605822681070733,1.194599020488629
11,45,11.985471127786022,6.833106973545587
12,45,4.961295919052145,0.8460927279447894
13,45,0.38077505200736445,6.290152591283215
14,45,2.6092080285587413,3.6453834029221728
15,45,1.6191642253431133,3.176496530127344
16,45,9.119826887812552,8.013709814792307
17,45,0,4.777303964306594
18,45,3.45774907962502,0
19,45,7.3433986723097515,5.935764804188534
20,45,12,10.7684047968031
21,45,10.242228159590853,9.250061777151153
22,45,7.496281311396267,1.6329617904668428
23,45,0.42489493845570125,7.084554498961617
24,45,0.01318036629651036,5.123494571639895
25,45,6.324583875156027,7.392078187290883
26,45,9.54185220977009,3.66747029583257
27,45,3.8813857678117953,8.038138699295903
28,45,11.083079122556189,0
29,45,4.669596638937462,9.311315749107047
30,45,8.793729516286172,9.520148770443484
31,45,3.274592468726306,11.996184705836567
32,45,8.212724891729787,0.03211370924880194
33,45,12,1.2032221345688938
34,45,5.346327389956215,0.49330536152929383
35,45,9.948831959469521,8.746863846356664
36,45,11.558824006592113,8.804002114618074
37,45,9.738266769985907,6.9964737082804485
38,45,4.033479962060463,0.477014965655395
39,45,6.646792122228014,11.43245928730973
0,50,4.881972415397546,3.211078013473237
1,50,7.742934205875973,8.572466116082525
2,50,0.36796499138275707,5.236331935950324
3,50,12,10.269985784106321
4,50,2.518126459300431,0.8510592381013351
5,50,0.9956248239116122,7.030049717818802
6,50,7.607999902003996,7.0172405201713275
7,50,7.788233143663355,5.266207135235226
8,50,9.79647203266903,8.860459860020912
9,50,10.81346515361228,9.164719158532632
10,50,0.007026586591462012,1.1886015682033941
11,50,11.971065579075631,6.846739979565389
12,50,4.806612473409572,0.9793156575438403
13,50,0.43248370137719944,6.325487833727413
14,50,2.5002012841846994,3.6126776311027378
15,50,1.7035557451057735,3.2036085213028307
16,50,9.107522822236009,8.012385935157745
17,50,0,4.768068398559815
18,50,3.4978641425045045,0
19,50,7.389531462551626,6.069075822446927
20,50,12,10.833973680295168
21,50,10.249450068701401,9.257601146615656
22,50,7.542059578839074,1.5976500626888925
23,50,0.46150427585544856,7.089658399510385
24,50,0.023786851578022003,5.081781318710788
25,50,6.351124099806665,7.420890826924216
26,50,9.504445804985064,3.641699295518586
27,50,3.8634058345974154,8.043149746216235
28,50,11.091454124409443,0
29,50,4.623400338058033,9.210949054120455
30,50,8.834395891442032,9.546723566875402
31,50,3.1983502664240344,12
32,50,8.12141580208537,0.03631944561770022
33,50,12,1.2393893374094722
34,50,5.455394593917063,0.495181355566529
35,50,9.942223580033383,8.813950875099735
36,50,11.50533733477003,8.778547659725326
37,50,9.696351847984813,6.997283579124044
38,50,4.030304227523325,0.401203400677133
39,50,6.623258682848696,11.462020580076816
0,55,4.876975613900376,3.1479419932448547
1,55,7.715340840979609,8.641878844850266
2,55,0.40035878202516867,5.224296687305997
3,55,12,10.190565851076228
4,55,2.5946967076361735,0.9180730981395885
5,55,1.004605696206133,7.083978265864073
6,55,7.685075066281874,7.087273941619458
7,55,7.730851232030124,5.254690497758048
8,55,9.799721813205897,8.86272446619154
9,55,10.798603998627565,9.246198490657683
10,55,0.00797580520401083,1.1737046303081609
11,55,11.956451679654952,6.8610172019355495
12,55,4.658775646348852,1.1045931145393126
13,55,0.49473666071954847,6.368881846094001
14,55,2.4239991430967245,3.588908155559139
15,55,1.7874163598451782,3.2326223631483035
16,55,9.07694311843304,8.008751976337042
17,55,0,4.7558289060740435
18,55,3.5611450061868593,0
19,55,7.437351357559821,6.202744050952947
20,55,12,10.878990634686232
21,55,10.24540409096558,9.253536925668891
22,55,7.567491930181504,1.5780556943516715
23,55,0.5022877128399754,7.09496406951154
24,55,0.031770876362487564,5.050797358042006
25,55,6.370210130414629,7.4407453842009375
26,55,9.473169892338028,3.618943896032861
27,55,3.841148671904814,8.049108547984767
28,55,11.09641121959824,0
29,55,4.5794060878361345,9.108229562201354
30,55,8.867412208316313,9.568394577279815
31,55,3.1356229025312037,12
32,55,8.023619081236957,0.04356073518990037
33,55,12,1.26734336744387
34,55,5.557558770247663,0.4983987449419644
35,55,9.934580258353403,8.881096306482752
36,55,11.444682050477983,8.750349843865312
37,55,9.656977812798957,6.999400566973101
38,55,4.0288138584010875,0.3460092955177815
39,55,6.608878214259016,11.480554396886538
0,60,4.870672519627285,3.082867789665657
1,60,7.690856694346653,8.703380533910387
2,60,0.4327588053934183,5.212434948762128
3,60,12,10.124221639411571
4,60,2.6730947346192933,0.9870062860964206
5,60,1.014339605265211,7.150616601929254
6,60,7.764380020977928,7.157911064240694
7,60,7.6582950995120855,5.241127229993779
8,60,9.800965689603371,8.863551559384025
9,60,10.788538410997447,9.313067836133978
10,60,0.008731951678474738,1.1609163184938336
11,60,11.951247975860477,6.866170515736485
12,60,4.4990987669456235,1.2400087058352471
13,60,0.5528686953980678,6.410373828572369
14,60,2.343413339193871,3.563233506604002
15,60,1.8806372182684847,3.2644232023099846
16,60,9.036785664351262,8.004071262865802
17,60,0,4.745103741395394
18,60,3.635317336240592,0
19,60,7.490256289898985,6.349496965717503
20,60,12,10.935674568166426
21,60,10.218993410886302,9.228351631262958
22,60,7.595381782329951,1.5586780948166479
23,60,0.5440015461438106,7.100363769367388
24,60,0.03626385438153716,5.032347792006952
25,60,6.399366427953098,7.470105008989316
26,60,9.4411474914252,3.595381147965156
27,60,3.8230966887656215,8.054162000341334
28,60,11.095838743051091,0.0009664090210378313
29,60,4.538044674804161,9.016866844039125
30,60,8.893413445235216,9.585872949822237
31,60,3.071320955172703,12
32,60,7.955992051788933,0.04861527672430748
33,60,12,1.2977821276206145
34,60,5.639749134363365,0.4992595144248308
35,60,9.928665096160172,8.935524293953371
36,60,11.388070936379176,8.72631643574654
37,60,9.608374613166074,7.004586737083516
38,60,4.028420230688077,0.29126181285886343
39,60,6.597299939199304,11.495385501258935
0,65,4.862938908830271,2.9763181892975146
1,65,7.670214309364504,8.754940816765396
2,65,0.4731852126161181,5.199282043191254
3,65,12,10.048652851414
4,65,2.752649095849297,1.0522158435115676
5,65,1.0238034892550085,7.20881048226465
6,65,7.842712792597347,7.232276507880813
7,65,7.594257501056171,5.229508663036245
8,65,9.786857145862589,8.854510140728845
9,65,10.779456569133098,9.373727548228892
10,65,0.00934925020301711,1.1531079510722972
11,65,11.958851896430776,6.858853829698985
12,65,4.341050844446175,1.3627175818203592
13,65,0.581774111743936,6.431260266869409
14,65,2.266186266455405,3.5394483064427473
15,65,1.9599974576974613,3.29144935979799
16,65,8.996902668957869,8.000477363434005
17,65,0,4.739731558169862
18,65,3.731372409584689,0
19,65,7.544723836096752,6.502468663120681
20,65,12,11.002238733098038
21,65,10.203516075857163,9.21361551184389
22,65,7.623710871367309,1.5393591506837319
23,65,0.5630552311268548,7.102077799081372
24,65,0.04220303195625684,5.0083800394710485
25,65,6.430309555090669,7.502670776727743
26,65,9.406473186260534,3.568782313079609
27,65,3.7754677720637804,8.066918440856508
28,65,11.099238816982279,0
29,65,4.4897410413183065,8.912446960071872
30,65,8.924288028716928,9.605612888263318
31,65,3.0164262347596393,12
32,65,7.888366622507145,0.05452956458329056
33,65,12,1.3099597282131914
34,65,5.708414712002523,0.4987375565411692
35,65,9.923177994345409,8.996909218672855
36,65,11.331750183063436,8.703544150540008
37,65,9.559979612413743,7.01001386034954
38,65,4.029114216085419,0.24088999203583
39,65,6.57489174965711,11.524035377461518
0,70,4.856601933385324,2.872819091400795
1,70,7.645222415091251,8.821174766210644
2,70,0.5063304510217658,5.188394118694814
3,70,12,9.97836523464304
4,70,2.8135865140578202,1.1028186369058748
5,70,1.030904880567234,7.255101046688091
6,70,7.911415178545736,7.30441312042928
7,70,7.542691165792049,5.220140223706555
8,70,9.76000149702063,8.837952961401973
9,70,10.771183752702939,9.435074740846144
10,70,0.011617521540425411,1.1334726953611374
11,70,11.96819124423616,6.850396174156991
12,70,4.186964650550645,1.4846232971268212
13,70,0.6150225849154878,6.455896307325761
14,70,2.1967957048194195,3.518804730114964
15,70,2.030644932316585,3.315060450147591
16,70,8.998385008760987,7.987315883769815
17,70,0.002503900537975061,4.741063168447915
18,70,3.8432158625127055,0
19,70,7.599086678318933,6.66508281643198
20,70,12,11.078686141509161
21,70,10.182625434549912,9.194362847060528
22,70,7.662949762679797,1.511420840495521
23,70,0.5877445755081072,7.104814659497211
24,70,0.04466718414075603,4.997789693040448
25,70,6.473349326509394,7.548978274764612
26,70,9.357317380462144,3.531318335943882
27,70,3.720731585607205,8.081965218952577
28,70,11.10600297568623,0
29,70,4.441116117697091,8.806047034290506
30,70,8.948570955167963,9.620118896526009
31,70,2.956959867946865,12
32,70,7.840233600673962,0.05907239794114123
33,70,12,1.3308196480864902
34,70,5.766647223507719,0.49820919536321107
35,70,9.91790522337428,9.061103188484214
36,70,11.272745773783763,8.681365624873926
37,70,9.51837997019589,7.015167845193873
38,70,4.028770818984249,0.17770273047122842
39,70,6.566916942872311,11.534316810564775
0,75,4.851396325061993,2.776471765506736
1,75,7.616380099508522,8.897419499989576
2,75,0.5375606531504931,5.178492490808986
3,75,12,9.91743422353078
4,75,2.8819300885593595,1.1615482855510761
5,75,1.0357224099171956,7.298948264321841
6,75,7.98124665408134,7.37855914950641
7,75,7.493589427209123,5.211443108426753
8,75,9.74809695222188,8.830487869799853
9,75,10.764547670894924,9.50509973726944
10,75,0.014572525310002487,1.1090675001377055
11,75,11.985053830043432,6.834915955926948
12,75,4.033656276730039,1.6102070551012895
13,75,0.6302458032635596,6.467060955141411
14,75,2.121886820537176,3.4972838126020664
15,75,2.0896149301461833,3.334874157488271
16,75,8.998778802565944,7.982905801591525
17,75,0.012222806148741033,4.746566236589853
18,75,3.941210276150446,0
19,75,7.666348739556514,6.856072169645023
20,75,12,11.16074034045797
21,75,10.157439289781827,9.170753812496415
22,75,7.711151132650346,1.475719411093712
23,75,0.624807760798135,7.108391396037699
24,75,0.046242728932387206,4.991691219047512
25,75,6.519371516146137,7.5978261155653755
26,75,9.296024752088446,3.4832544350514163
27,75,3.6527432297075024,8.098587710582974
28,75,11.111793067423994,0
29,75,4.3858333044617925,8.686676520619182
30,75,8.979375699763928,9.638427624695133
31,75,2.911293627747094,12
32,75,7.77033168401762,0.06550007751529055
33,75,12,1.350993669334872
34,75,5.82465806474448,0.49784256041150265
35,75,9.91309791471396,9.11067178020699
36,75,11.210595534118024,8.657367437723929
37,75,9.459294544891621,7.020655487587254
38,75,4.029546393755389,0.11580677527334379
39,75,6.561842560877855,11.541112386865656
0,80,4.847758709143332,2.676381389708162
1,80,7.592448162677657,8.963645975188786
2,80,0.5735506914405623,5.166547333607958
3,80,12,9.844315321533177
4,80,2.9372916322697384,1.2088639143595612
5,80,1.04029663234312,7.341049026529414
6,80,8.049042567968518,7.447737999164801
7,80,7.450990542061013,5.202237149018644
8,80,9.747913798676384,8.830372709813869
9,80,10.755742517947905,9.600317778563328
10,80,0.01873159382695443,1.076967075759684
11,80,11.9957921559654,6.8252251222482805
12,80,3.874184270747106,1.7401422835596991
13,80,0.6531906644025027,6.483909082965733
14,80,2.0421890237808356,3.473031235523667
15,80,2.1504408066277945,3.3573662018829644
16,80,8.99907715416042,7.978736981522316
17,80,0.038648536557481704,4.761021873184499
18,80,4.031633124332434,0
19,80,7.729435398426501,7.040408613811517
20,80,12,11.24731798472726
21,80,10.143413482978234,9.158016199246614
22,80,7.747216504429783,1.4493291274863913
23,80,0.6358011415229401,7.109517629398399
24,80,0.048376932485704426,4.983283169703403
25,80,6.564013752096974,7.645448453935591
26,80,9.235200561246817,3.436593472699584
27,80,3.5783696848077393,8.117817691268504
28,80,11.124846173436627,0
29,80,4.325363358706593,8.562764800877668
30,80,9.012679312861337,9.658886914370822
31,80,2.867349836521517,12
32,80,7.695431824371706,0.07312886116701775
33,80,12,1.3622858856064568
34,80,5.898061352528053,0.49809455042618256
35,80,9.907833198849975,9.163833866208838
36,80,11.120143634408999,8.624103435681356
37,80,9.391111932578768,7.026387920330203
38,80,4.033409803252681,0.023657810337374408
39,80,6.554738163847273,11.550489974639891
0,85,4.844567008843623,2.582410452276978
1,85,7.566985540047628,9.030803704658174
2,85,0.5980185437034999,5.158222143522532
3,85,12,9.782952616891508
4,85,2.9944387074049366,1.2597723857098064
5,85,1.045446474603373,7.390561695392364
6,85,8.119632997160462,7.521309154342409
7,85,7.4306851793078765,5.198182333763917
8,85,9.713588594803394,8.809466447491209
9,85,10.74855948673932,9.704346508108177
10,85,0.022340217188759705,1.0449298683896717
11,85,12,6.804985157894894
12,85,3.7396506457915244,1.8455843674078278
13,85,0.6747159605871168,6.499363196487744
14,85,1.964479978196274,3.448198691533286
15,85,2.2191210378464046,3.3830729152630172
16,85,9.000526784872335,7.957249318966007
17,85,0.057698104992531016,4.771691751133909
18,85,4.044172259449379,0.10776266507263885
19,85,7.789944789984649,7.212383619494855
20,85,12,11.327344058962138
21,85,10.134095835413309,9.149980671161009
22,85,7.79148013026072,1.4174327131463529
23,85,0.6595738806303993,7.111370593252555
24,85,0.05037945659011425,4.974693772717589
25,85,6.607165681015976,7.693142251236269
26,85,9.169746573386169,3.3858519432158114
27,85,3.4684882936778343,8.145578279764937
28,85,11.143019449882653,0
29,85,4.256264077313866,8.419382036132596
30,85,9.054886002059868,9.683857210149068
31,85,2.838248664579165,12
32,85,7.637524175705434,0.07796661537026255
33,85,12,1.381494461833285
34,85,5.955032967630781,0.49699609432913355
35,85,9.902282076950852,9.231576845639307
36,85,11.02730525087512,8.591722569454134
37,85,9.3082213828885,7.031738918862837
38,85,4.036622604578563,0
39,85,6.542068953900498,11.567653233905114
0,90,4.83877056816466,2.4884232451788466
1,90,7.546436194134465,9.083147618873099
2,90,0.6255988310198604,5.149090927744049
3,90,12,9.743705175001708
4,90,3.050383419559175,1.3090333678759243
5,90,1.0496608449066396,7.429766865109609
6,90,8.194767597653835,7.59957982657469
7,90,7.433513855476168,5.198681293596348
8,90,9.67020482634121,8.782995749413375
9,90,10.737407954465985,9.83339828773907
10,90,0.02735638427132464,0.9814952529534207
11,90,12,6.77987675970446
12,90,3.5956585661498144,1.9564621459919178
13,90,0.707005778999847,6.5208624739879
14,90,1.905146554292065,3.428477636932224
15,90,2.300290889834129,3.414308355632274
16,90,9.004727831092488,7.903484579048131
17,90,0.06913678703678683,4.7782170190951065
18,90,4.053880235202536,0.21016082883108372
19,90,7.8481568979816,7.366947668113644
20,90,12,11.423059528928215
21,90,10.145886339539617,9.159683995578979
22,90,7.812303340567655,1.4018818293379418
23,90,0.6937520441326567,7.113704497537131
24,90,0.05699994273459517,4.94373774307364
25,90,6.644139927843368,7.733330253975721
26,90,9.096403222683342,3.329932061907188
27,90,3.3544617250204447,8.174592702235788
28,90,11.16528531401688,0
29,90,4.180271712262454,8.268355245626896
30,90,9.105759239146666,9.712309838507993
31,90,2.8229470131938745,12
32,90,7.583149572553212,0.0834478632218862
33,90,12,1.4007007104443954
34,90,6.025204235257321,0.4964681970905819
35,90,9.89874123910757,9.277775958683685
36,90,10.960062354964695,8.568093718158334
37,90,9.22069618337967,7.037187612676609
38,90,4.039249797995847,0
39,90,6.539237887840188,11.571413221485068
0,95,4.832258950507391,2.3855769756009866
1,95,7.5178911296086275,9.155569038499445
2,95,0.6685958679379588,5.134397683937423
3,95,12,9.722428013215543
4,95,3.099214555028198,1.351156270179485
5,95,1.0543097927361846,7.472465822409726
6,95,8.261045859968748,7.669754639903025
7,95,7.426786814901533,5.197703791192301
8,95,9.637915919675647,8.763462363235105
9,95,10.725679261774099,9.953972410037002
10,95,0.032694260858841265,0.9203047076836686
11,95,12,6.737885702251456
12,95,3.4235272308430624,2.09533027923069
13,95,0.7350924850269692,6.538259452744958
14,95,1.833195273155526,3.4049132696606175
15,95,2.3688664591940243,3.441445668964107
16,95,9.009427209327523,7.84564079266503
17,95,0.07723198822607226,4.782841046849485
18,95,4.06040058725498,0.30913081661162556
19,95,7.898284113537643,7.515732075116809
20,95,12,11.513300061006298
21,95,10.160692066048977,9.17247784650985
22,95,7.826837583724329,1.391064393161537
23,95,0.7242321835562868,7.116247044932919
24,95,0.06837468209893866,4.895598928996742
25,95,6.685297144595775,7.778751173755338
26,95,9.012575514679357,3.265812939937858
27,95,3.2449473857481896,8.20348031661367
28,95,11.186431580140388,0
29,95,4.095586845074593,8.11491173401687
30,95,9.162747606646827,9.745628424418042
31,95,2.8079034106720995,12
32,95,7.513794360300546,0.08817672596621125
33,95,12,1.407110689589693
34,95,6.0784145737177555,0.49669448752563344
35,95,9.894553412584644,9.315586413362187
36,95,10.877484402914405,8.536794248378754
37,95,9.14133748403591,7.041903462311988
38,95,4.043000898303855,0
39,95,6.524396670102427,11.591828866520359
0,100,4.827562539133015,2.3048380490592786
1,100,7.492076917212871,9.226115160184433
2,100,0.7239453254451488,5.114801045096108
3,100,12,9.707877797665759
4,100,3.1487165670147874,1.394294176471002
5,100,1.0600023219719934,7.526228707569004
6,100,8.337893482360082,7.7523969832259985
7,100,7.437789942910142,5.199642050015998
8,100,9.611486140153803,8.747956350250908
9,100,10.709448523950568,10.087518849997743
10,100,0.038830546334818784,0.8574985961227009
11,100,12,6.6926258909608425
12,100,3.2544232232178576,2.236258240095102
13,100,0.7645998019573316,6.556888170332601
14,100,1.8084319122200068,3.478405666845231
15,100,2.4246728551401553,3.463296116535486
16,100,9.012868663547268,7.803890268316104
17,100,0.09808365768422755,4.7946137249430505
18,100,4.063782892072575,0.41123411512674113
19,100,7.959127173871123,7.702604956324742
20,100,12,11.602194003888808
21,100,10.185560674456177,9.193358651924816
22,100,7.84281048103291,1.3795106103610475
23,100,0.7710855469547794,7.120715501563422
24,100,0.073600285773201,4.8731653044657595
25,100,6.7217402878569565,7.821882766735887
26,100,8.92197982509795,3.1981371535993386
27,100,3.1331122222756536,8.230842862081591
28,100,11.21490685168121,0
29,100,4.0090137404804365,7.949243852169901
30,100,9.20538417967618,9.769752220220354
31,100,2.7923801894723033,12
32,100,7.4484086535864416,0.09259405299830961
33,100,12,1.4254565022114452
34,100,6.122838749668332,0.4967234617797648
35,100,9.891400549750362,9.34380933181708
36,100,10.817193276066577,8.512621939327422
37,100,9.074064353362768,7.046163092742333
38,100,4.047051452750257,0
39,100,6.503188348948341,11.620947929782389
0,105,4.822796851068476,2.2224390002930057
1,105,7.4710429663499145,9.289495098487599
2,105,0.7448189297061414,5.10680763534013
3,105,12,9.68955748091331
4,105,3.201497440665799,1.438298737990523
5,105,1.0669914732520207,7.606182861990248
6,105,8.417250164386344,7.835578266213422
7,105,7.446117201360283,5.201208630637519
8,105,9.563840949408453,8.720526889281194
9,105,10.690039229836216,10.218028561757707
10,105,0.04271705468687767,0.794168521066481
11,105,12,6.639011762772187
12,105,3.111555995243936,2.354888046049983
13,105,0.8018826107204202,6.581013859800482
14,105,1.7851952080746625,3.5425507493278072
15,105,2.483735421640715,3.485352608178198
16,105,9.015092919387268,7.76752356891738
17,105,0.11733035796877175,4.806033637357157
18,105,4.064724948502379,0.5288942897543947
19,105,8.008462922018191,7.866044333335474
20,105,12,11.70972623739936
21,105,10.20969445497004,9.213969170979098
22,105,7.8334722748707435,1.3660104721038941
23,105,0.818795373576376,7.12543315847069
24,105,0.07938179470644384,4.84981831001532
25,105,6.771374720281857,7.876240521388762
26,105,8.825371604566621,3.127545836431987
27,105,3.017865464194438,8.252008093318182
28,105,11.246708097473759,0
29,105,3.9194816316208043,7.786470654559023
30,105,9.249355774807865,9.795812972227903
31,105,2.7888067873204005,12
32,105,7.3949522074449625,0.09673345125018712
33,105,12,1.4399722691911405
34,105,6.1727055658527705,0.4982631111232427
35,105,9.886899836088801,9.377010358954328
36,105,10.74345116360443,8.482584113309615
37,105,9.012706139390248,7.049374769609123
38,105,4.051270968745256,0
39,105,6.486509921058416,11.643431728839152
0,110,4.818578231774227,2.129458779330779
1,110,7.449041341983771,9.35090747563763
2,110,0.767869636673799,5.09779249473966
3,110,12,9.656783391074013
4,110,3.244228671802247,1.475229885059195
5,110,1.0754547222879542,7.684988631539507
6,110,8.506161949238953,7.926477047634442
7,110,7.423135998829794,5.197624946322139
8,110,9.499304309004568,8.684200096256552
9,110,10.664300190486859,10.375073393277178
10,110,0.04588926269634565,0.7291108502420993
11,110,12,6.588665850188119
12,110,2.9619520528832433,2.4798581728288274
13,110,0.8593908818975327,6.618135303587739
14,110,1.7462807118697998,3.651825743414006
15,110,2.550972649402585,3.512014929653576
16,110,9.01757087614163,7.716357082483441
17,110,0.15213020342102118,4.825854224425321
18,110,4.067323588378349,0.6494796486417654
19,110,8.05541953313545,8.015362912826497
20,110,12,11.792831134249665
21,110,10.234078820447074,9.234463384570649
22,110,7.814715269760755,1.340117251801768
23,110,0.869872701677533,7.1298977753523065
24,110,0.08504639678402878,4.827399266005367
25,110,6.852464310922103,7.962095158510705
26,110,8.7177376345101,3.0504059414114635
27,110,2.8990489255331604,8.275339256865466
28,110,11.277420970575305,0
29,110,3.8344441631551653,7.627178860001192
30,110,9.3110250360512,9.833631102237423
31,110,2.790880755040911,11.997336740274159
32,110,7.35230643311724,0.10107009103092053
33,110,12,1.4604189742474247
34,110,6.231325571242737,0.4981799013013915
35,110,9.883743813973664,9.400439578104683
36,110,10.675282489972588,8.454625328723848
37,110,8.988344144370894,7.049837832051741
38,110,4.053200570090544,0
39,110,6.4769602184062345,11.65566996869076
0,115,4.81634044417823,2.0773535642793615
1,115,7.428320886638616,9.416008770897571
2,115,0.8047592589828921,5.083192050175221
3,115,12,9.616996866097125
4,115,3.2999547515460708,1.5238753211039482
5,115,1.086319182466308,7.776014105257711
6,115,8.597420048629177,8.015570678218102
7,115,7.399622227975425,5.194140320519841
8,115,9.437899495149537,8.649622334267386
9,115,10.632474570120744,10.546805705412098
10,115,0.05070991856177557,0.6323346421184621
11,115,12,6.55004639154383
12,115,2.8191582524507792,2.5929074661174125
13,115,0.9220435322411896,6.6575733133378145
14,115,1.713121473294823,3.7511840884299446
15,115,2.602894270975137,3.532295953464526
16,115,9.019234506828484,7.659056217379915
17,115,0.17089212584877037,4.836597912232498
18,115,4.069578590216485,0.7573992182853119
19,115,8.10370354128433,8.177655992682777
20,115,12,11.88334009032532
21,115,10.242680723487464,9.24140643440643
22,115,7.784386755994751,1.2990191666594484
23,115,0.9116763163409495,7.134412458676718
24,115,0.0854162785038882,4.8260392017758225
25,115,6.94208103135748,8.053871075760867
26,115,8.589329872414023,2.956710267657239
27,115,2.7600157481016154,8.30264594719472
28,115,11.282735778006417,0
29,115,3.739302469874799,7.4572790740896755
30,115,9.36571118382407,9.86856837079896
31,115,2.7962566067558,11.990317986628503
32,115,7.309457858298519,0.10440231713373717
33,115,12,1.4881093433614836
34,115,6.300635464253334,0.4971921417229755
35,115,9.880972386444025,9.42854129705341
36,115,10.60857975757472,8.427975091301766
37,115,8.977151946695992,7.050032193927351
38,115,4.056592878989175,0
39,115,6.473173322045312,11.660499583232696
0,120,4.81536887501598,2.028657738392801
1,120,7.409502190728857,9.475867163069772
2,120,0.8213468141673022,5.076454591702683
3,120,12,9.563117870814326
4,120,3.3508972399847625,1.5697237845322407
5,120,1.0974136117897453,7.864518895826826
6,120,8.69693472260226,8.108566371339178
7,120,7.38685482498543,5.191996520617778
8,120,9.376487183206986,8.613734671757799
9,120,10.602149403736293,10.720409690234543
10,120,0.05620574080854154,0.5325251344734381
11,120,12,6.511853829068919
12,120,2.6841711429295754,2.7074618080878503
13,120,0.984800414609645,6.69716487662156
14,120,1.6875262055626836,3.8345344372250243
15,120,2.6672813599539817,3.5591470073409504
16,120,9.02160560989346,7.618671521663148
17,120,0.18611878137937804,4.844881216774088
18,120,4.074325055046446,0.8743534347308332
19,120,8.158939770819634,8.338218646840241
20,120,12,11.978677261316871
21,120,10.24271526407716,9.24143388946416
22,120,7.7553559301395945,1.2621651863352845
23,120,0.9634953439239329,7.140766477190259
24,120,0.0913985129103844,4.805017970997792
25,120,7.037166202191127,8.15201587271569
26,120,8.446952808137924,2.862418466329013
27,120,2.5986686141056343,8.330366959014372
28,120,11.288410016256325,0
29,120,3.9267260960274624,7.351181587023007
30,120,9.428788584685934,9.90722035698652
31,120,2.808965355421244,11.974208778211034
32,120,7.257106172375705,0.10831205164430358
33,120,12,1.5037073278666726
34,120,6.386429070302865,0.49926237946418595
35,120,9.877959162151528,9.46107719265143
36,120,10.530589790529701,8.39429132229203
37,120,8.964097636699176,7.050181267972391
38,120,4.058505852838434,0
39,120,6.4717125172257095,11.6624106712181
0,125,4.815328272988611,1.9639608202477745
1,125,7.383743498367121,9.559211260548652
2,125,0.8233564142272028,5.075609248353223
3,125,12,9.48783645021153
4,125,3.393836901028766,1.6084365959268114
5,125,1.10984831008843,7.948035602927084
6,125,8.789442686590148,8.19462293477764
7,125,7.38781236056859,5.192157523443582
8,125,9.307168376300346,8.574048270876052
9,125,10.562531916489144,10.915569991587299
10,125,0.060467080102694463,0.4359585597695859
11,125,12,6.4743311851620104
12,125,2.566750749758801,2.817304136184478
13,125,1.057983631721493,6.7413036729188
14,125,1.668031093242452,3.9079641019924933
15,125,2.727538866765545,3.583864067971151
16,125,9.02391878145429,7.58381998709597
17,125,0.226071098517804,4.868519962389577
18,125,4.07656953549805,0.9791253826465505
19,125,8.20986320368687,8.487442794868022
20,125,12,12
21,125,10.24831426666865,9.245919685017107
22,125,7.7207140207741265,1.2192010734589391
23,125,1.0194387359727912,7.148475031790207
24,125,0.09674140342026888,4.785244915856925
25,125,7.1468013482004045,8.26057945082919
26,125,8.296673489592598,2.75965105497793
27,125,2.4355688468098933,8.355843041068034
28,125,11.289473330822837,0
29,125,4.108230052142427,7.2424690309971576
30,125,9.486460528995668,9.943448476748314
31,125,2.8058751890222045,11.978248538158622
32,125,7.1999394216191135,0.11112462360123036
33,125,12,1.5095091861176921
34,125,6.472750543419753,0.5021554308252134
35,125,9.876765589667723,9.479914719680185
36,125,10.450300951642655,8.359850646896101
37,125,8.956562926627036,7.050101097179908
38,125,4.058554296482804,0
39,125,6.472435307956206,11.661519460207563
0,130,4.815163006676589,1.9142654641649683
1,130,7.361914349602106,9.628916863725044
2,130,0.8234302748117474,5.075576270977768
3,130,12,9.423413075634246
4,130,3.452077157507742,1.6618850140082375
5,130,1.1204210442568172,8.00903330331505
6,130,8.873813970611819,8.270621335582042
7,130,7.4012160533140365,5.194440236600833
8,130,9.23344007627717,8.533462802456052
9,130,10.521916181108232,11.10505445054337
10,130,0.06770000189149572,0.3497726840168627
11,130,12,6.430530919970669
12,130,2.454305988166323,2.9238829000815474
13,130,1.1454318611870125,6.795654336343829
14,130,1.6483307758353452,3.9793754977111626
15,130,2.7936642372685347,3.612099978929787
16,130,9.026914442104898,7.533201919620554
17,130,0.282433114917909,4.901530245449546
18,130,4.077710361790131,1.0815718748978804
19,130,8.260964388105622,8.6380497871926
20,130,12,12
21,130,10.2550910732776,9.251432140664022
22,130,7.670281664657006,1.1585976767718937
23,130,1.0702165592539723,7.156055410686165
24,130,0.1001906567461435,4.771376311399128
25,130,7.258066766214821,8.370680110424184
26,130,8.167716145160655,2.674880133297716
27,130,2.4590324864189053,8.495239508280669
28,130,11.294297884159258,0
29,130,4.290757839633983,7.13476333123062
30,130,9.55995046902093,9.99123180031378
31,130,2.806698270967654,11.977183495953243
32,130,7.142847307048739,0.11339441616226208
33,130,12,1.5112204773788875
34,130,6.575121745220538,0.5057120686067843
35,130,9.876847387545498,9.477839174353102
36,130,10.36037894947408,8.319405652266537
37,130,8.933080073937132,7.0496879729628965
38,130,4.056252126916834,0
39,130,6.474737010135033,11.658748406027748
0,135,4.8139610934694055,1.864596606613003
1,135,7.345775315489548,9.681751798080898
2,135,0.8189246641379514,5.077626629304338
3,135,12,9.337588705704892
4,135,3.512085610957707,1.71598544932127
5,135,1.129221003288208,8.05963884655708
6,135,8.954892746617114,8.34314975476579
7,135,7.420410997348964,5.197263333459393
8,135,9.144091707425478,8.48373098131615
9,135,10.479380915266006,11.295595607156436
10,135,0.07230286331181063,0.2821567099152808
11,135,12,6.391719314355689
12,135,2.3357522820189334,3.033397172093646
13,135,1.2221771230195158,6.842870625734989
14,135,1.6341962108207826,4.0387018480677614
15,135,2.8837334631548863,3.648492288549527
16,135,9.028830109348963,7.493097260015715
17,135,0.34818258384264966,4.9416674650716965
18,135,4.079830838966984,1.1809473741379095
19,135,8.30825603987333,8.78647845933924
20,135,12,12
21,135,10.26366065902353,9.258257805622419
22,135,7.611337617648501,1.08651880179388
23,135,1.0935463780647305,7.159835218532503
24,135,0.10060657346884047,4.7697354759327695
25,135,7.372181329674752,8.480858009013854
26,135,8.049222108643347,2.596119845547784
27,135,2.48820437957866,8.651779902856505
28,135,11.294687534195894,0
29,135,4.476409842827019,7.016574065118368
30,135,9.64206457317938,10.042619383864544
31,135,2.8179244750445203,11.985886118938348
32,135,7.078486838876533,0.11758236021114987
33,135,11.99277368812342,1.5050694017520438
34,135,6.669110588988307,0.5101065058323685
35,135,9.877039425972654,9.46551963901717
36,135,10.278784436564772,8.282292660983991
37,135,8.900734882561594,7.048764141822402
38,135,4.05497378297437,0
39,135,6.500489904530623,11.680354440322255
0,140,4.813295734495702,1.822485179261781
1,140,7.329450660156017,9.732753620219215
2,140,0.8356470005237071,5.070474750487425
3,140,12,9.236226506051226
4,140,3.5654716600709446,1.7632074250477343
5,140,1.1377326062502464,8.10306546910078
6,140,9.029982288561238,8.410375216897162
7,140,7.441668869578441,5.200687721969227
8,140,9.067483634456334,8.443991286964398
9,140,10.433127927969927,11.488083038531345
10,140,0.07655320474222138,0.20915249809894892
11,140,12,6.364015010114819
12,140,2.2198432370122445,3.135330409271287
13,140,1.285478214956456,6.881355356257655
14,140,1.6163095323375989,4.1138882278323825
15,140,2.9699151916727753,3.685055367291285
16,140,9.029799951544106,7.4760866783798
17,140,0.4252568970558673,4.9863085247258985
18,140,4.081930864141741,1.2803613824615152
19,140,8.353624238774936,8.93861769491557
20,140,12,12
21,140,10.26731276486147,9.261213666894436
22,140,7.543641686913976,1.008717768337299
23,140,1.1095865567281946,7.16245675337439
24,140,0.10599718407505507,4.744043355126893
25,140,7.475258605516653,8.583273414465726
26,140,7.947978472214691,2.5244734760705247
27,140,2.5248287079688656,8.821278403035866
28,140,11.299527813525389,0
29,140,4.5928000144550385,7.197063086632865
30,140,9.721231418592486,10.092688078177176
31,140,2.8269814663205226,11.992906794095598
32,140,6.997828028409681,0.12146696629412441
33,140,12,1.5110204718134164
34,140,6.756133413395913,0.5164080199954666
35,140,9.877701305865935,9.449625320415523
36,140,10.182710222192922,8.240413789649532
37,140,8.862938821286766,7.047612155977118
38,140,4.0532780823956935,0
39,140,6.523836965088884,11.699476859607207
0,145,4.813813621693004,1.7508433214306418
1,145,7.315231962003788,9.777561384143588
2,145,0.8478939510002412,5.065173053865452
3,145,12,9.128611629419414
4,145,3.6190956046622684,1.8137502904815272
5,145,1.07840745906339,8.113147331622999
6,145,9.092022782822712,8.466752270904262
7,145,7.4648467562730065,5.204779229817612
8,145,8.973095060200757,8.393056881637255
9,145,10.38762861268483,11.692642290764468
10,145,0.08405534317427224,0.12030550849373152
11,145,12,6.3442262006176025
12,145,2.098843809845781,3.2433763156579962
13,145,1.3569516116315785,6.926693657446382
14,145,1.5965695962093498,4.1908231049544575
15,145,3.057710247780547,3.7219463168087064
16,145,9.030124710301235,7.471798117655374
17,145,0.5115132758515637,5.033030768339233
18,145,4.085203086051305,1.3588486088730252
19,145,8.395651861406595,9.0707355294668
20,145,12,12
21,145,10.276518836279509,9.2686383363933
22,145,7.486178842041589,0.9485676437614895
23,145,1.124693766797867,7.165138671148152
24,145,0.10970769148394148,4.72421024827089
25,145,7.566061607332324,8.680026512311846
26,145,7.852711691992293,2.457034721836628
27,145,2.5602062068016447,8.995382457408486
28,145,11.29371936663087,0.010450265793926833
29,145,4.715431808508907,7.389413917042955
30,145,9.791421074115593,10.138630645881147
31,145,2.839990714988937,12
32,145,6.937995195934128,0.12365243527172155
33,145,12,1.511328674629321
34,145,6.829934685230093,0.5221414842978529
35,145,9.877531417052932,9.452274038227014
36,145,10.085509446414976,8.196466494072471
37,145,8.82248825263268,7.045520942035631
38,145,4.051053049781511,0
39,145,6.540654375573634,11.71361500503895
0,150,4.814964760996623,1.687784800942322
1,150,7.305649577959258,9.806979323296382
2,150,0.8757821860422483,5.052913962620568
3,150,12,9.031484643318688
4,150,3.6683372521954123,1.8597253547906458
5,150,1.043907419841214,8.119661992712135
6,150,9.15423254788169,8.521136260142585
7,150,7.4783176457151495,5.207112305212523
8,150,8.872791376055655,8.335720722288784
9,150,10.338916928768846,11.911370425222975
10,150,0.0921950960259935,0.04507332038226952
11,150,12,6.322303390694175
12,150,1.9729791207799767,3.3554086152332445
13,150,1.4059832011554554,6.957663232128055
14,150,1.575884624370972,4.267586081377206
15,150,3.170627067792003,3.7700255747942353
16,150,9.029228785226994,7.4809226530858295
17,150,0.5965473017951012,5.082118858151185
18,150,4.088453891223629,1.4266085441599599
19,150,8.433484093834604,9.210229891405202
20,150,12,12
21,150,10.290784175586747,9.2805883235032
22,150,7.42895206278647,0.8888344236969086
23,150,1.1304949853635957,7.166230043571971
24,150,0.11679117346162105,4.678542336242315
25,150,7.655108948287789,8.772301594768468
26,150,7.75607210371967,2.3876219579536655
27,150,2.6037775915163253,9.19118519285805
28,150,11.297298788315066,0.004002171171527029
29,150,4.838212333366464,7.575583632809821
30,150,9.873648273064504,10.195514135541261
31,150,2.8431275828459737,12
32,150,6.88474070807832,0.12683754257705646
33,150,11.991373235049213,1.5043093733926922
34,150,6.905758034755883,0.5309401558063298
35,150,9.877145996020138,9.457770760472869
36,150,10.005920099501477,8.16152741950562
37,150,8.783048848492435,7.043106301271556
38,150,4.050172541631353,0
39,150,6.549479522782944,11.7207960733432
0,155,4.81798243743776,1.6255395966072683
1,155,7.2966509502161845,9.83404612967322
2,155,0.8918025435117771,5.045344031124004
3,155,12,8.91371996079548
4,155,3.73028538244618,1.9172020898468383
5,155,0.9981477133612792,8.127734403685555
6,155,9.222813316616888,8.582223575180967
7,155,7.495592760788191,5.209880281616494
8,155,8.751411214480967,8.266290592337139
9,155,10.291437834079446,12
10,155,0.10242072772295305,0
11,155,12,6.29124688217605
12,155,1.8724675580849814,3.4506922981263353
13,155,1.4717721742850625,6.999426383865672
14,155,1.5556439542695024,4.341144422091047
15,155,3.270488003162839,3.8108735771355082
16,155,9.030109387141989,7.472234867853981
17,155,0.6740262468825444,5.126130826103652
18,155,4.092981862099164,1.5195564094561806
19,155,8.47451570955932,9.34955266379492
20,155,12,12
21,155,10.302461676296627,9.290606926535443
22,155,7.367795662857979,0.8273061446277943
23,155,1.1404286772221979,7.167914417796562
24,155,0.12616103871252432,4.612096264155725
25,155,7.740800407128591,8.858836240366774
26,155,7.666701380572472,2.3217665707336685
27,155,2.6457859520438696,9.406827832423799
28,155,11.296283136446341,0.005857427503495781
29,155,4.961864599403547,7.780889362576432
30,155,9.960747738127548,10.257061395587833
31,155,2.853692053602428,12
32,155,6.822087361719914,0.1290501641700178
33,155,11.995953939846231,1.5081604810707716
34,155,6.979200712018934,0.5386848471924482
35,155,9.876961810934016,9.461338883169024
36,155,9.921235203067775,8.122141320966657
37,155,8.742415917271531,7.040959445854751
38,155,4.049045960041259,0
39,155,6.55216643137855,11.723062443042068
0,160,4.821843195208077,1.5556170446215334
1,160,7.284799851857024,9.870713664275371
2,160,0.9252407381849306,5.029151526008609
3,160,12,8.777787498479404
4,160,3.7961530879940724,1.9808575318707369
5,160,0.9307528081761262,8.137474603819168
6,160,9.307165310091559,8.660875547749589
7,160,7.491127098089193,5.209172795806415
8,160,8.649486175034902,8.20760324164511
9,160,10.242184396887774,12
10,160,0.11139318937421962,0
11,160,12,6.26328160529983
12,160,1.749515926518947,3.5718258558243954
13,160,1.5371245411041288,7.042539854274731
14,160,1.540029331825075,4.400585167865369
15,160,3.3572306362441533,3.846520329485667
16,160,9.030573133462934,7.467958739177698
17,160,0.7495244897661522,5.1704863721137295
18,160,4.100628115836074,1.6386721255348875
19,160,8.516267373749354,9.489743207616572
20,160,12,12
21,160,10.31919229674737,9.305411836615342
22,160,7.308492613046686,0.7710637569325083
23,160,1.161225119440323,7.1714126815272685
24,160,0.13807995012634353,4.532773114899461
25,160,7.825928114278174,8.94406594126522
26,160,7.552579021741157,2.234151224206616
27,160,2.687841881090894,9.61487450519166
28,160,11.292142517914343,0.014146981695605843
29,160,5.076426527381145,7.969767496179111
30,160,10.071609633511894,10.332482671860923
31,160,2.8803783192599957,12
32,160,6.762666893671507,0.13101608326274927
33,160,12,1.523946362257265
34,160,7.051297429220163,0.5461818692311313
35,160,9.877363628393871,9.448510059632547
36,160,9.820989753141788,8.077018694597909
37,160,8.702707041810717,7.03989046069805
38,160,4.047544761578349,0
39,160,6.5515049720040555,11.722476444178685
0,165,4.824166249479768,1.501133211101509
1,165,7.26633277760147,9.931657483911753
2,165,0.9718518927160311,5.006962642346031
3,165,12,8.64784751181255
4,165,3.8744871655724538,2.0586867364486774
5,165,0.8676745434864854,8.145562679221355
6,165,9.37508793069339,8.725923275099701
7,165,7.493380697361966,5.209501903083518
8,165,8.549170929986087,8.151739443702455
9,165,10.202418601694973,12
10,165,0.12188812168713346,0
11,165,12,6.234544063853914
12,165,1.6329385181694565,3.687755850308231
13,165,1.5964185101029735,7.082704144105529
14,165,1.523693780243497,4.459235488640353
15,165,3.447952354934697,3.8801458455209654
16,165,9.030967837531056,7.463684766877489
17,165,0.8214063757758494,5.211120579910858
18,165,4.107573893744577,1.732580135156795
19,165,8.558902314030851,9.630960920114138
20,165,12,12
21,165,10.352671675870315,9.336839274635302
22,165,7.245470440313298,0.7110721105366867
23,165,1.2029392893552768,7.177777609871552
24,165,0.14985582260076652,4.459811216821524
25,165,7.927382760620731,9.044329159572712
26,165,7.4470644775566965,2.1536868301355003
27,165,2.7316041377183202,9.824600645470753
28,165,11.298673365573384,0.000927159524852542
29,165,5.188997177459847,8.15089503893977
30,165,10.187484441919183,10.409874123012203
31,165,2.895885055884674,12
32,165,6.682748671876981,0.13379909711567342
33,165,12,1.548598709333228
34,165,7.122336914350718,0.5559363654356919
35,165,9.877762494432593,9.435646507696795
36,165,9.73281520354254,8.039730762274921
37,165,8.644586550224462,7.039566240380957
38,165,4.045815950483674,0
39,165,6.545439248122858,11.717029397003634
0,170,4.827669002223609,1.4263358630778369
1,170,7.251530802443831,9.980015250841566
2,170,1.0067824818436741,4.990541607064058
3,170,12,8.526311685591953
4,170,3.943126219070963,2.127227390351061
5,170,0.8005101092522238,8.15297359699617
6,170,9.429184042406186,8.775939231081225
7,170,7.50321045132169,5.211062170332814
8,170,8.440604294133687,8.083785407162946
9,170,10.164765410634203,12
10,170,0.13316415581644675,0
11,170,12,6.20391260927374
12,170,1.522010570247576,3.8000052882169664
13,170,1.641809389757167,7.113613156823323
14,170,1.5002397496955875,4.538020421782275
15,170,3.537203174942893,3.914076551082464
16,170,9.033876605275408,7.436610361883922
17,170,0.898363686289922,5.253472880949806
18,170,4.114941903618958,1.8445444634246515
19,170,8.600626033578632,9.771253841136154
20,170,12,12
21,170,10.395164631269706,9.37593419026403
22,170,7.190483914035028,0.6573603403427684
23,170,1.2470807925046405,7.18498371295815
24,170,0.16150563597815945,4.390106823947481
25,170,8.017280874276388,9.128177673413395
26,170,7.342599209756685,2.07275018195811
27,170,2.779268847104772,10.022099269287136
28,170,11.30707403598419,0
29,170,5.293464333889019,8.321928390591225
30,170,10.304571590616714,10.48993060473702
31,170,2.904119463968117,12
32,170,6.602992704935541,0.13735392308882904
33,170,12,1.5578291194607516
34,170,7.182170013766239,0.5653830022782242
35,170,9.878156954878625,9.415217487494063
36,170,9.640510369315667,8.004488896427093
37,170,8.586823246014612,7.040134328443702
38,170,4.042405436061516,0
39,170,6.552456243026094,11.723165526631265
0,175,4.82964694057643,1.3555553490690644
1,175,7.230023361268357,10.049612718637922
2,175,1.0242234749287227,4.982380379389179
3,175,12,8.405764121255192
4,175,3.997361151197708,2.1806119652242635
5,175,0.7363446025054843,8.160000195752673
6,175,9.48181466110502,8.82115360509524
7,175,7.50021326492372,5.210622826580471
8,175,8.334332772558792,8.021509008361296
9,175,10.12860907918449,12
10,175,0.14595945810750818,0
11,175,12,6.180053312386042
12,175,1.4290555467373,3.8953490138352374
13,175,1.6919853643662106,7.1478526569434555
14,175,1.4684542667081255,4.6408517222968895
15,175,3.625153684922514,3.945756378444133
16,175,9.034121612570807,7.433106072839447
17,175,0.9727970320822534,5.2924690199971085
18,175,4.1250090529968935,1.9620271276667505
19,175,8.642167493668078,9.926740730966197
20,175,12,12
21,175,10.435187189207085,9.411454946951146
22,175,7.10988519894177,0.5777736001984592
23,175,1.2829476773989366,7.190720653898597
24,175,0.17716863082111936,4.290959811560071
25,175,8.132053239167766,9.233717910995717
26,175,7.225659163886395,1.9833702357385847
27,175,2.829286975838504,10.211447150666798
28,175,11.313646319333456,0
29,175,5.400675133017451,8.501341791758334
30,175,10.429535026086773,10.576577650152947
31,175,2.8992664831850847,11.996671173835757
32,175,6.53552390419626,0.13928072530112162
33,175,12,1.571509068375977
34,175,7.23088308403386,0.5740578038524264
35,175,9.878162944522332,9.413801382721934
36,175,9.547667671969823,7.969308171420569
37,175,8.535453374582268,7.0409533317370885
38,175,4.039201780334822,0
39,175,6.548213550962496,11.719248190836387
0,180,4.830624483589107,1.277545442242747
1,180,7.209005951290249,10.118931284039608
2,180,1.052284791448781,4.969125743970517
3,180,12,8.300515478925378
4,180,4.054526838220521,2.237256919752361
5,180,0.6658685019267492,8.167326621865884
6,180,9.523207813753727,8.854787105201433
7,180,7.480036023390603,5.207659136338663
8,180,8.218695289440817,7.9582145875212795
9,180,10.087643395767051,12
10,180,0.1597286402814474,0
11,180,12,6.164538511502432
12,180,1.3204700505904199,3.9979208631214362
13,180,1.7345963764190704,7.175998270050433
14,180,1.433601808411572,4.753987616534219
15,180,3.722525186266282,3.98018293451155
16,180,9.034685590038302,7.42163531044692
17,180,1.0699032771652506,5.341665129742274
18,180,4.140334535006177,2.099727657281752
19,180,8.688675293382637,10.094964579462857
20,180,12,12
21,180,10.474748188855227,9.446043632627648
22,180,7.02542587375288,0.4930675072425409
23,180,1.2893885081811596,7.150651097217545
24,180,0.19477708753409076,4.187936961738333
25,180,8.244457332544037,9.341700633080135
26,180,7.114654198450932,1.8935555015962895
27,180,2.886810222344041,10.428826039212293
28,180,11.320682119166472,0
29,180,5.513876878139972,8.68941274959475
30,180,10.546487515469462,10.662205166162012
31,180,2.911210461901812,12
32,180,6.4978218146378,0.14102309370646998
33,180,12,1.5756286399030197
34,180,7.267177862790032,0.5814647894879067
35,180,9.87824859809159,9.42518182866718
36,180,9.456408423290013,7.933077550345967
37,180,8.476518556433083,7.042468166836149
38,180,4.037113748255072,0
39,180,6.548495425011098,11.719506647394489
0,185,4.831284985456939,1.2402605698278988
1,185,7.179650530031004,10.219302489161953
2,185,1.0800315069487412,4.955861250347259
3,185,12,8.203105104344376
4,185,4.110155173446387,2.2946169855407796
5,185,0.6013394731154003,8.174580160606395
6,185,9.566286797560837,8.888978897836886
7,185,7.4678921494895505,5.205757422162253
8,185,8.086496773144777,7.8841870750973975
9,185,10.044319793682105,12
10,185,0.1756454783971626,0
11,185,11.995516968880617,6.168389655040174
12,185,1.2203052328163113,4.093641744679832
13,185,1.7734840763686621,7.199435638951291
14,185,1.3954365742867685,4.878481726260428
15,185,3.804632708621269,4.010146030338626
16,185,9.035389603840796,7.409026451288342
17,185,1.16344310664637,5.389862240869184
18,185,4.159867473660244,2.2588516386966746
19,185,8.734190281906004,10.259992746651687
20,185,12,12
21,185,10.536745040029347,9.501093204767653
22,185,6.929851428456764,0.3932875472586943
23,185,1.2460149884983098,7.144577132423335
24,185,0.21225423055226914,4.082148648176427
25,185,8.345794984093692,9.444858842809298
26,185,6.9931203823297,1.7914579526784726
27,185,2.9518793688652027,10.647889750747092
28,185,11.332255415787554,0
29,185,5.641592575985126,8.887610247113534
30,185,10.657136196136651,10.745655905186844
31,185,2.9302168427597097,12
32,185,6.452018873882645,0.14376503078517366
33,185,12,1.5987107543345842
34,185,7.269418356727645,0.5819047783739723
35,185,9.878240488288395,9.423172199265613
36,185,9.347902082041474,7.8904199851119445
37,185,8.422228627763417,7.042456029460467
38,185,4.03249377457014,0
39,185,6.557551783323901,11.72781588131571
0,190,4.830066127574906,1.1838331023466155
1,190,7.154726352663622,10.311836760467688
2,190,1.099912741323839,4.9461103502663155
3,190,12,8.11719218903833
4,190,4.17091263623616,2.3552286488411407
5,190,0.5481962631798557,8.181308462390499
6,190,9.606349398357267,8.920915798217743
7,190,7.451332004389193,5.2031494231512445
8,190,7.945982277563597,7.8044347342795035
9,190,9.997212110711624,12
10,190,0.19370042922389502,0
11,190,11.975181027824698,6.184977246692266
12,190,1.1334772003780247,4.177372861076658
13,190,1.822159002484173,7.227384476861198
14,190,1.357378050791567,4.998139318241445
15,190,3.8895412668890326,4.043295567367506
16,190,9.036159476832706,7.379673532707011
17,190,1.263559777550497,5.440802220281543
18,190,4.18099631686055,2.4382067685598328
19,190,8.771749774290953,10.413851399883349
20,190,12,12
21,190,10.593084895520878,9.551242620142682
22,190,6.834640022030758,0.2898359573196885
23,190,1.2262920959818806,7.141632875645328
24,190,0.13266254333400054,4.068732571120276
25,190,8.461397801130568,9.559974541736876
26,190,7.1056000255956775,1.6551469978878444
27,190,3.007965618787813,10.860747560293229
28,190,11.345862563847936,0
29,190,5.7843546940131825,9.106538668447632
30,190,10.760430270171321,10.825682059360739
31,190,2.9558827709684685,12
32,190,6.403104897631793,0.14625787704318172
33,190,12,1.6300182461761918
34,190,7.250340054102434,0.5774451944751032
35,190,9.877995529316257,9.4179185003096
36,190,9.240018867039673,7.851134770396834
37,190,8.383462095470877,7.042763626970765
38,190,4.075556050891394,0
39,190,6.561505530330392,11.731335011337165
0,195,4.827905777069589,1.1238668700854297
1,195,7.134417657823699,10.393888798883077
2,195,1.1357021011000168,4.92769550659622
3,195,12,8.033378076028624
4,195,4.224538326740792,2.4117205893055784
5,195,0.5069405051742375,8.186349945210507
6,195,9.638469113717985,8.945662926738962
7,195,7.436966415927764,5.200661374657653
8,195,7.803692906062323,7.722516254731075
9,195,9.956137275445863,12
10,195,0.21243231221218936,0
11,195,11.959365989186644,6.198462436776911
12,195,1.0435810239073287,4.267352190627263
13,195,1.870623106988773,7.2553560619728765
14,195,1.3150258765896803,5.124881636192498
15,195,3.9554399068167196,4.0686968317807
16,195,9.037683077960782,7.344245473158164
17,195,1.3744780460476647,5.496778142038809
18,195,4.206070710286907,2.626369169925225
19,195,8.80883602284684,10.592605154861598
20,195,12,12
21,195,10.650801284576808,9.600838823424375
22,195,6.745247358483977,0.1917508969098279
23,195,1.188802337784291,7.136493007310061
24,195,0.07169420330706464,4.0586265122677645
25,195,8.589255414720776,9.683676213308976
26,195,7.206724866173308,1.5289041704729682
27,195,3.0669076045259573,11.07766495760488
28,195,11.355527105931607,0
29,195,5.918032306308077,9.305353768458914
30,195,10.871973517615304,10.91048509252486
31,195,2.9879957533699755,12
32,195,6.36460656762812,0.14797431836784733
33,195,12,1.65801802366922
34,195,7.213123308357257,0.5675756589308607
35,195,9.876613470656105,9.390713632078292
36,195,9.150045480560605,7.817785762832983
37,195,8.34915963649018,7.042253029977297
38,195,4.1137845223989515,0
39,195,6.568467527840759,11.737222489695991
0,200,4.8256250978817485,1.0601371134779103
1,200,7.107431627717964,10.500845896679294
2,200,1.167357598993601,4.911002072097421
3,200,12,7.936885094304999
4,200,4.281383313811543,2.475253741453663
5,200,0.4592961833430622,8.19116881264525
6,200,9.677437825773797,8.97587514012548
7,200,7.412620900816636,5.196522411187002
8,200,7.666526802973231,7.640169261492612
9,200,9.910719640424698,12
10,200,0.2324788800580626,0
11,200,11.946745632711535,6.209460953379528
12,200,0.9480409261095828,4.356569261981814
13,200,1.921364357558423,7.2844064846576275
14,200,1.2733109585685667,5.248117885530102
15,200,4.037895681837577,4.1009396787095005
16,200,9.03840848070212,7.317745192554241
17,200,1.5121696693440116,5.566716391173101
18,200,4.228867875816493,2.825213285331902
19,200,8.853570323352413,10.768479562722622
20,200,12,12
21,200,10.693130523972517,9.639591338140443
22,200,6.647639521149841,0.0921789770016924
23,200,1.1555544965709,7.13212453568321
24,200,1.9168860326129744e-05,4.04477601869926
25,200,8.718251541197679,9.81026161588643
26,200,7.306955947506962,1.3978239635306262
27,200,3.121224106292738,11.290964934776644
28,200,11.359227150732679,0
29,200,6.043004333572813,9.488270482813489
30,200,10.982132606072716,10.992564013659933
31,200,3.016417597463168,12
32,200,6.312191932797862,0.14886769588246176
33,200,12,1.6804603913713405
34,200,7.185857576145128,0.5602133629733148
35,200,9.876380161201707,9.370379675572325
36,200,9.049670279889959,7.779983303901792
37,200,8.30334917579042,7.041693458048102
38,200,4.139687013668189,0
39,200,6.593475629344524,11.758528774318341
0,205,4.822954806792334,1.0070705754540934
1,205,7.080968130938949,10.601481548375677
2,205,1.1946080505083676,4.896873839081601
3,205,12,7.822119960997763
4,205,4.3586159909341236,2.5540814371544154
5,205,0.3819975851604243,8.201276019335808
6,205,9.722817443010074,9.01075875697427
7,205,7.407385775994349,5.195665111464032
8,205,7.546305087311149,7.56593805174369
9,205,9.860911661688883,12
10,205,0.2510551796211496,0
11,205,11.927542773295995,6.225797952725096
12,205,0.8467301637619601,4.4578652667739895
13,205,1.97994443115902,7.3194998654549694
14,205,1.2356039737813658,5.361875560109742
15,205,4.114920782010249,4.129803765634616
16,205,9.039481729204038,7.289031289831049
17,205,1.6481539637403935,5.636850997667849
18,205,4.253485903544953,3.0059806690761617
19,205,8.899289911919404,10.940337042438983
20,205,12,12
21,205,10.719739762686721,9.663318604672796
22,205,6.563134670618426,0.0067827398689833535
23,205,1.103432949754596,7.125226907045651
24,205,0,4.0300664022974875
25,205,8.855027468333343,9.941876162181737
26,205,7.404599442390404,1.276457695477957
27,205,3.1879686777522744,11.534518012907354
28,205,11.357040117452527,0.0053181793008619
29,205,6.160618290285782,9.655981625794235
30,205,11.09481109448134,11.07627797696462
31,205,3.0342518472872118,12
32,205,6.2504035453274245,0.14757454266083672
33,205,12,1.711859599139321
34,205,7.140396859388283,0.5461235133542952
35,205,9.875829502036623,9.325394244305334
36,205,8.978164528328989,7.752267271872711
37,205,8.249490200928129,7.041917596489426
38,205,4.1465739299107165,0
39,205,6.621666318851931,11.781963253821443
0,210,4.818492204066636,0.9441215301627486
1,210,7.056449199432137,10.69914245004599
2,210,1.2243936422598833,4.880986015168452
3,210,12,7.710192420126835
4,210,4.4153942915402125,2.61101446985358
5,210,0.32980856898457866,8.208869788979456
6,210,9.779338572197094,9.056606124961707
7,210,7.374753719408886,5.190571561051629
8,210,7.433996241451161,7.496480402774746
9,210,9.796607227761447,12
10,210,0.26844522749425376,0
11,210,11.903981071752595,6.247117952717088
12,210,0.7442146903320783,4.5645252700759755
13,210,2.034814005512511,7.352763695626382
14,210,1.195603596903318,5.472709523777543
15,210,4.20162797103396,4.15964367783498
16,210,9.040136407818657,7.249587134604876
17,210,1.7702451389173837,5.69993084509124
18,210,4.28150287514706,3.1876916997379228
19,210,8.948290618077651,11.117645043855383
20,210,12,12
21,210,10.748689840912578,9.69052959804683
22,210,6.507884501930817,0
23,210,1.0158468095634174,7.116317014714125
24,210,0,4.015377318695486
25,210,8.985192536810128,10.069979807107014
26,210,7.500069574644313,1.1605838835665223
27,210,3.2540799749410305,11.775609049329155
28,210,11.35663343959423,0.006314760651476008
29,210,6.283108685830993,9.826827121889211
30,210,11.202359482103951,11.156795586471233
31,210,3.047175840414241,12
32,210,6.176741772897625,0.14553407428201653
33,210,12,1.7377304551535455
34,210,7.086921529939816,0.5301061340522196
35,210,9.87508949501141,9.2644686599397
36,210,8.900739127181334,7.722360496744525
37,210,8.212246053297589,7.041757090978039
38,210,4.1517458802780505,0
39,210,6.6532546866530335,11.806726931015739
0,215,4.816397446421509,0.9049860263589941
1,215,7.034400390972341,10.788419349485826
2,215,1.2635869864724665,4.860662557072078
3,215,12,7.6207135081012165
4,215,4.498708687502966,2.692846109940286
5,215,0.28937728976593324,8.214269004901865
6,215,9.853728025481628,9.113686835074365
7,215,7.351400523453461,5.18671731422719
8,215,7.333942506442079,7.437686072239116
9,215,9.73343637678364,12
10,215,0.2876139925477585,0
11,215,11.883633665490065,6.266101244272986
12,215,0.6257937099282783,4.688381570042476
13,215,2.079726696472568,7.38090401689851
14,215,1.1550274073497246,5.593856615704768
15,215,4.298742968803258,4.1925111448275825
16,215,9.04087568426666,7.19548492530284
17,215,1.8962717464337864,5.767869906994498
18,215,4.306838276903224,3.345571604882075
19,215,9.002315595578322,11.29663680428162
20,215,12,12
21,215,10.771129239991538,9.711446353884002
22,215,6.451920811992819,0
23,215,0.9376284170823904,7.110544424576304
24,215,0,4.003152219098263
25,215,9.097540352885014,10.186737311648816
26,215,7.610930347498937,1.028923756833388
27,215,3.3155970369634633,12
28,215,11.366206471608779,0
29,215,6.421182493447379,10.010661359004754
30,215,11.315230490163158,11.237695879375911
31,215,3.0659032136381343,12
32,215,6.129150031160763,0.14536286834062448
33,215,12,1.766082586172062
34,215,7.003729789185436,0.5022821247956493
35,215,9.87447027145005,9.205075400627303
36,215,8.84915338694811,7.702098008894677
37,215,8.183387205807609,7.041029540858385
38,215,4.151965722520539,0
39,215,6.6719847006345345,11.82165698985916
0,220,4.813690763299571,0.8687351976822172
1,220,7.0078514728678325,10.898173986262146
2,220,1.3121788172471411,4.8355991174098225
3,220,12,7.530266842576707
4,220,4.588600162651244,2.7781995007340923
5,220,0.22578039459895335,8.222447966271313
6,220,9.959380293097517,9.197436217888072
7,220,7.319047835076319,5.180485319082223
8,220,7.2314609467373705,7.377609821553049
9,220,9.672734374373796,12
10,220,0.30296102720307716,0
11,220,11.865334196884518,6.282748358546451
12,220,0.5059715090293628,4.816704302398115
13,220,2.1491595893938764,7.4257671393464095
14,220,1.1158584449006483,5.719359403604859
15,220,4.406483789699135,4.230441820970252
16,220,9.041233274019715,7.141235755247028
17,220,2.036050081932511,5.842274789296423
18,220,4.333896160761087,3.5098423708396753
19,220,9.054716047807288,11.470069789654488
20,220,12,12
21,220,10.79833193236584,9.737365117287325
22,220,6.387582700408496,0
23,220,0.8665112430132408,7.105677187556676
24,220,0,3.9943801529562775
25,220,9.22297118679745,10.308835074962605
26,220,7.7278304189530385,0.9015255690192397
27,220,3.3760414639126437,12
28,220,11.372457830216463,0
29,220,6.57800675324798,10.215259585050777
30,220,11.424567022096275,11.31179790844057
31,220,3.079472245922779,12
32,220,6.06505656590049,0.14650137151682868
33,220,12,1.7894874834917571
34,220,6.926122052261339,0.4753240975776903
35,220,9.873542196529007,9.15797012724615
36,220,8.781549186117532,7.673148798437535
37,220,8.15652819599041,7.039856382652053
38,220,4.158340811433928,0
39,220,6.680832257626408,11.82882156458427
0,225,4.811381536046169,0.830121198845738
1,225,6.97927374329021,11.019424995456633
2,225,1.373993778819722,4.804160225921814
3,225,12,7.445606264358553
4,225,4.688345288210038,2.876351230836438
5,225,0.1524885411142186,8.232644975487654
6,225,10.075391478074527,9.291740491407387
7,225,7.284337304837062,5.173812972051819
8,225,7.137674052036868,7.321162612205289
9,225,9.614454287445938,12
10,225,0.3213435431806955,0
11,225,11.82425505941759,6.3183220272779606
12,225,0.3863950193165103,4.955840450800697
13,225,2.209460182508569,7.465221610895595
14,225,1.0663849225055437,5.869526594055746
15,225,4.513668990596192,4.263930589696675
16,225,9.041757311298506,7.099659205087376
17,225,2.1917834043478774,5.926562866285007
18,225,4.36156309252334,3.6694092187476883
19,225,9.105514917276706,11.64278053565216
20,225,12,12
21,225,10.83065089791626,9.770901535811351
22,225,6.3237638466394985,0
23,225,0.7952953534440111,7.102848742645751
24,225,0,3.9800820309189855
25,225,9.328817023559438,10.41401760015682
26,225,7.844305934532733,0.7727723667138043
27,225,3.441173501286888,12
28,225,11.379482749353633,0
29,225,6.727092330302922,10.408327969090758
30,225,11.531925652651745,11.384862362163569
31,225,3.097369820102986,12
32,225,5.983455863647854,0.14744772113068652
33,225,12,1.803423470878958
34,225,6.836440068410937,0.4452687512629191
35,225,9.872043994905953,9.101680398087698
36,225,8.718681707785839,7.648212276564996
37,225,8.099755260772714,7.03541885684162
38,225,4.1514445158602955,0.0011335090532998235
39,225,6.686945802324271,11.83382961531282
0,230,4.809413519517467,0.7844944958887802
1,230,6.943466127092924,11.146788999710019
2,230,1.4521629499787223,4.764061179217897
3,230,12,7.31884514061819
4,230,4.779696762961753,2.9651095719345837
5,230,0.0779373897500487,8.24267131285894
6,230,10.186004033019135,9.380389008364624
7,230,7.240174300006626,5.1656312288800486
8,230,7.03509331572663,7.264432909822627
9,230,9.556958691194545,12
10,230,0.3368532539630857,0
11,230,11.781497956873036,6.355888158877295
12,230,0.26942750941775984,5.080779739671501
13,230,2.254544046489686,7.493773762351993
14,230,1.0184036244503938,6.01559528898217
15,230,4.61517423739398,4.297005954377213
16,230,9.041208918966356,7.0489329330414945
17,230,2.34766330744195,6.004239837957293
18,230,4.497067114071198,3.646828238710174
19,230,9.16125175034717,11.837925915177246
20,230,12,12
21,230,10.864072407534344,9.80524903658562
22,230,6.266110867075973,0
23,230,0.7515190667114992,7.10173242571814
24,230,0,3.9656814275097494
25,230,9.443852625725068,10.530460359781053
26,230,7.965808278355359,0.640261081359768
27,230,3.510924645461088,12
28,230,11.381550460116102,0
29,230,6.8786197901271215,10.597265981550965
30,230,11.650546675430029,11.465125370268188
31,230,3.1208196649058033,12
32,230,5.905346521748579,0.14880637134402602
33,230,12,1.813037762228693
34,230,6.755512879614765,0.41731365453893465
35,230,9.870196553369057,9.020373230774183
36,230,8.637201221682831,7.6156147789992215
37,230,8.0504567696334,7.031669403067572
38,230,4.156449800480587,0.00045113293348239515
39,230,6.698826150087941,11.843307915652204
0,235,4.807760196773679,0.7314768835562958
1,235,6.908344237348313,11.280860612433752
2,235,1.5219885913631204,4.729232169348801
3,235,12,7.2065496634767605
4,235,4.872818661567795,3.052697422226431
5,235,0.0205258637346986,8.25097683941838
6,235,10.28548083816428,9.46090522957013
7,235,7.161319372450543,5.1500870184272225
8,235,6.924104644638714,7.202150913744763
9,235,9.500458741562296,12
10,235,0.3538766661044254,0
11,235,11.734250785486914,6.398892745963185
12,235,0.1478160146010608,5.205099198528195
13,235,2.293259246349921,7.51977799264668
14,235,0.9701354496912621,6.162264105855915
15,235,4.74012695668895,4.339308769361192
16,235,9.042197024356241,6.982929831440051
17,235,2.519385366987871,6.087005932756457
18,235,4.648245256851171,3.6210718930581605
19,235,9.21737436949103,12
20,235,12,12
21,235,10.885843387226531,9.826758913666612
22,235,6.202382845975114,0
23,235,0.712051641249827,7.099855183364351
24,235,0,3.9483707547392464
25,235,9.574352430857221,10.662218827911442
26,235,8.100936480862444,0.4967271771712052
27,235,3.574301651877162,12
28,235,11.379745632619624,0.0036500010300847454
29,235,7.03565350667965,10.78717049550969
30,235,11.771493061955093,11.543675901894694
31,235,3.1325757409085404,12
32,235,5.8347935292609066,0.1491764797992829
33,235,12,1.8133416604121502
34,235,6.680016077999039,0.392069246123592
35,235,9.868246909836454,8.952380222668713
36,235,8.553939169807277,7.583832351578176
37,235,8.001299655820018,7.028061981709597
38,235,4.151804831092243,0
39,235,6.705925436974807,11.848992145807355
0,240,4.8082284759974865,0.6654595504951404
1,240,6.877339407399298,11.410735244514424
2,240,1.5852045168343532,4.697729210107303
3,240,12,7.063540724205602
4,240,4.972356211821346,3.1468178254613424
5,240,0,8.256829184374975
6,240,10.377784040827573,9.532233748408023
7,240,7.070189886941249,5.13084595251751
8,240,6.8073727946280105,7.1394350204002786
9,240,9.445780712548764,12
10,240,0.37112454103402803,0
11,240,11.69370255130595,6.4371004047439175
12,240,0.03442516429132189,5.3316783037204
13,240,2.3252650478693657,7.540796942248273
14,240,0.9188896871103627,6.319801086742147
15,240,4.889909340054403,4.3856621380666025
16,240,9.042790720927629,6.9466382435338385
17,240,2.684622425587886,6.1690386892801365
18,240,4.789883964118449,3.592688725358545
19,240,9.275907348407076,12
20,240,12,12
21,240,10.910518388423204,9.8507395090343
22,240,6.140575346832595,0
23,240,0.6689625829820484,7.097723901034769
24,240,0,3.9371056721072435
25,240,9.71401203476863,10.794483544663962
26,240,8.24064697630027,0.3454865490892891
27,240,3.6307454300639543,12
28,240,11.379779964298,0.003579214881706779
29,240,7.20494898410282,10.998695597496127
30,240,11.899320263959494,11.630968967569723
31,240,3.1244967249696693,11.994725310092019
32,240,5.770255231742627,0.14943651871645744
33,240,11.987389319539854,1.8037029474212722
34,240,6.607682094092069,0.36700402455526526
35,240,9.864405066017255,8.882014339895022
36,240,8.467108855986352,7.552991426733754
37,240,7.940493214446005,7.024369430914477
38,240,4.146352069484411,0
39,240,6.723803744452791,11.86317382391367
0,245,4.80882801720218,0.6298403608615799
1,245,6.846098311798006,11.539714133636814
2,245,1.6443242410288337,4.667031836103164
3,245,12,6.929804562812871
4,245,5.077117508875617,3.2455957457050366
5,245,0,8.262813235392105
6,245,10.468949243455505,9.600213387729468
7,245,6.975697950167604,5.112527200839362
8,245,6.6957480380542735,7.081274291252321
9,245,9.402134673922992,12
10,245,0.38579472445485624,0
11,245,11.652637102958286,6.477788587209516
12,245,0,5.444222352878444
13,245,2.3248887119566657,7.5405592404611514
14,245,0.8602079512354818,6.48976759509098
15,245,5.0330348956802755,4.431523645813847
16,245,9.043197420983804,6.897765468344905
17,245,2.8611275813245567,6.258869987016552
18,245,4.916621567626608,3.564864869380876
19,245,9.328739606976946,12
20,245,12,12
21,245,10.928255371101669,9.868542667137945
22,245,6.094166772884196,0
23,245,0.6238806307763239,7.095787196776166
24,245,0,3.9282088835300204
25,245,9.842063892954041,10.906394749305703
26,245,8.38166060161413,0.191502738534257
27,245,3.6860511664013065,12
28,245,11.373447550638993,0.016957340895829225
29,245,7.379344691122657,11.230561667093152
30,245,12,11.71822933299129
31,245,3.1252600132825616,11.995195951891313
32,245,5.720367412169656,0.15064661493602188
33,245,11.984217641485428,1.8011081840597343
34,245,6.518936380792114,0.3352041698564665
35,245,9.861204411052725,8.834349718333328
36,245,8.394946524358211,7.52588843953485
37,245,7.8706155847793715,7.020024214208164
38,245,4.141284109111897,0
39,245,6.7392542655974665,11.874891836605993
0,250,4.809304939893321,0.6001943867470829
1,250,6.815655730162088,11.668622345418404
2,250,1.6795366239543286,4.650438938245526
3,250,12,6.798547728621009
4,250,5.194001658111009,3.3563337136393576
5,250,0,8.267273558122936
6,250,10.567142002186538,9.670610586211048
7,250,6.863677331908944,5.094046915322874
8,250,6.578071840160045,7.019212445805111
9,250,9.361471195352646,12
10,250,0.4016940214320012,0
11,250,11.63450091871128,6.495111959482184
12,250,0,5.553258752697484
13,250,2.348123778702422,7.55565948495412
14,250,0.8015167057329546,6.661388783815243
15,250,5.164660028128838,4.471608298521311
16,250,9.044125075031538,6.832225806464835
17,250,3.0399536481667924,6.347415332838632
18,250,5.049990945306251,3.5388903176855036
19,250,9.374436216670121,12
20,250,12,12
21,250,10.943502397645616,9.88411960698753
22,250,6.055881502926691,0
23,250,0.6056105194350606,7.09490763551299
24,250,0,3.915934123743152
25,250,9.982572048608702,11.029060835891332
26,250,8.511857012122203,0.04580620104571953
27,250,3.7366367314531512,12
28,250,11.357599299787527,0.05020975639290203
29,250,7.552349164678579,11.451838205326345
30,250,12,11.80843284330764
31,250,3.1115436976993913,11.987098387658195
32,250,5.661906294504053,0.15157488720524462
33,250,11.970957836421361,1.7903924641105151
34,250,6.434865949491439,0.30377892458822936
35,250,9.855388596524575,8.7748925862868
36,250,8.331108982136186,7.501738697939745
37,250,7.872903075626073,6.973425584081099
38,250,4.13504579999887,0
39,250,6.735517525312117,11.87216675580009
0,255,4.811267166551754,0.552397195146683
1,255,6.78860614746792,11.78693347228644
2,255,1.7160682497675763,4.633213794738051
3,255,12,6.657184276968354
4,255,5.3095864897716005,3.4716105933532506
5,255,0,8.270151264351385
6,255,10.654764480479303,9.737141667378973
7,255,6.751602894525904,5.075982011844785
8,255,6.463635956320359,6.963070571667312
9,255,9.31788608583221,12
10,255,0.41912979367843783,0
11,255,11.605893984380439,6.522254856786596
12,255,0,5.642203717615678
13,255,2.3674738242343487,7.568473574475915
14,255,0.7404823387866278,6.824766865644165
15,255,5.31783834031855,4.516263723759757
16,255,9.046780518385862,6.751420041850763
17,255,3.2346675804715614,6.442488962296735
18,255,5.206788858148161,3.5125413680948245
19,255,9.420519886836857,12
20,255,12,12
21,255,10.958616673299915,9.89970612864879
22,255,6.018998612487721,0
23,255,0.5891873907283594,7.094140094265931
24,255,0,3.9113902302775445
25,255,10.109973755600477,11.137742097682391
26,255,8.648095485775706,0
27,255,3.783735854860082,12
28,255,11.340316727852278,0.088812581624887
29,255,7.724675874961488,11.680058573357845
30,255,12,11.915701371709362
31,255,3.1003477746781707,11.980155159674707
32,255,5.585757755106729,0.15151280040489898
33,255,11.937259976921451,1.763850914727041
34,255,6.349087911181669,0.26832176158085935
35,255,9.846876183082712,8.694856188719621
36,255,8.255888991453052,7.473961832553029
37,255,7.874481842674029,6.93097742197319
38,255,4.129759005212767,0
39,255,6.714316467084949,11.856592646060939
0,260,4.814445357395715,0.4729919943820945
1,260,6.763695881839124,11.885302715431543
2,260,1.7438539388019094,4.621121950446378
3,260,12,6.53161716357367
4,260,5.419374061401612,3.5829459991214248
5,260,0,8.271724051868485
6,260,10.735076469187618,9.798470081552045
7,260,6.657204961843314,5.056913272022667
8,260,6.346028911497331,6.90347509576086
9,260,9.281825683845351,12
10,260,0.562903831975962,0.012763994613950355
11,260,11.571992135222679,6.553428170276756
12,260,0,5.710009393925935
13,260,2.3877893474640963,7.582295642799465
14,260,0.6819896830578093,6.976883902535013
15,260,5.4643192095916975,4.554447962321064
16,260,9.04995752814702,6.674224836246468
17,260,3.4256271054373815,6.535805431450625
18,260,5.352830171148745,3.4834799821813642
19,260,9.46865617474515,12
20,260,12,12
21,260,10.981400402547775,9.92388503871897
22,260,5.986283968309823,0
23,260,0.5668062275083996,7.09334497259483
24,260,0,3.904322512888902
25,260,10.231217858392123,11.244193630516317
26,260,8.791787200332589,0
27,260,3.8293098808350434,12
28,260,11.325418484889056,0.12290918814521729
29,260,7.888617096597777,11.905111125482279
30,260,12,12
31,260,3.0884252754632007,11.973100670250828
32,260,5.514163449112165,0.15132397641207038
33,260,11.882763620413254,1.7199165604631352
34,260,6.276820190634121,0.23857810683442437
35,260,9.83875456569287,8.632310375755976
36,260,8.160981908211939,7.436201436196174
37,260,7.876180773728604,6.892067434079852
38,260,4.125621705018848,0
39,260,6.7064329094438975,11.8507849599263
0,265,4.814596801975868,0.35783438855175287
1,265,6.737159760089393,11.991919313383127
2,265,1.7386216331145206,4.623370524407204
3,265,12,6.3979804172635815
4,265,5.531418178160045,3.690746625582318
5,265,0.0006629881367091849,8.27167745729966
6,265,10.805759239348152,9.855366396784587
7,265,6.57465266032179,5.041381168695335
8,265,6.228779422853012,6.842806814920876
9,265,9.24213671741874,12
10,265,0.6823756663879976,0.018824178872895933
11,265,11.550742266383656,6.573692279572723
12,265,0,5.7887370197633965
13,265,2.3914284145061333,7.584643028750342
14,265,0.616421965197093,7.146020161764348
15,265,5.617725755523689,4.594935240697314
16,265,9.053583769985735,6.596634145696515
17,265,3.631224115305898,6.628144303677218
18,265,5.503879100725529,3.451150176302427
19,265,9.518681790119699,12
20,265,12,12
21,265,11.013157205926575,9.957733170167275
22,265,5.949997289793491,0
23,265,0.5538797095766809,7.0931573785999715
24,265,0,3.892952955705063
25,265,10.353149192563214,11.355014702462201
26,265,8.93969793371098,0
27,265,3.8810991755408244,12
28,265,11.302068291926094,0.1751270683542011
29,265,8.053409687564441,12
30,265,12,12
31,265,3.0739240596457864,11.96486908749511
32,265,5.441448151443242,0.15060495691302977
33,265,11.820182640468271,1.6681497077012837
34,265,6.206344011231733,0.21024876093143138
35,265,9.831211106977445,8.556718375058486
36,265,8.044199784100043,7.387400895311684
37,265,7.878558291634565,6.850340106591278
38,265,4.121029714840683,0
39,265,6.700277643866317,11.846196598801887
0,270,4.812515868987536,0.24822187358944325
1,270,6.713164362419158,12
2,270,1.7478606377087504,4.619519429240311
3,270,12,6.260961757574704
4,270,5.644726625176732,3.796671516960055
5,270,0.01483460253295147,8.270996179778608
6,270,10.866855818505607,9.903530240949603
7,270,6.491591211988782,5.024848622496183
8,270,6.125796097464718,6.790101607069885
9,270,9.20051319160255,12
10,270,0.8082797499837363,0.02089837727813868
11,270,11.550087976052769,6.574288230903593
12,270,0,5.8788123857128
13,270,2.3973440773694383,7.5883473439217894
14,270,0.5522876610334568,7.325741627024695
15,270,5.755431527912126,4.630815401195502
16,270,9.056534926864892,6.5063482042138725
17,270,3.829347282318084,6.718562153665093
18,270,5.653865888106318,3.422686352292176
19,270,9.561982481257985,12
20,270,12,12
21,270,11.064213033659863,10.010325978590377
22,270,5.915331254520089,0
23,270,0.5372984093222118,7.092772991404652
24,270,0,3.885301925428435
25,270,10.496385037395505,11.481631812514248
26,270,9.082336248262347,0
27,270,3.923766471367,12
28,270,11.280699402315358,0.2248205522148898
29,270,8.223046207129038,12
30,270,12,12
31,270,3.0373590792488976,11.945332075624762
32,270,5.353078691500265,0.1499276488813302
33,270,11.758076223566349,1.6169493896791651
34,270,6.155935979347185,0.18979820401661598
35,270,9.826289717853495,8.490143483056396
36,270,7.934066464858075,7.343473020854547
37,270,7.879969534251638,6.825201267741855
38,270,4.114884923321318,0
39,270,6.696958533444496,11.84382059448624
0,275,4.807977291560774,0.13304574427458543
1,275,6.688451913664318,12
2,275,1.7514248834100978,4.618041694191454
3,275,12,6.10896217700581
4,275,5.760473409144371,3.9039429655950686
5,275,0.0280619672657815,8.270817409456706
6,275,10.917756104807665,9.943589821448944
7,275,6.418476028723821,5.012509199859142
8,275,6.020898622593842,6.738118443254453
9,275,9.158701277149564,12
10,275,0.9418492399815523,0.02575363755643513
11,275,11.546202207713534,6.578002008580701
12,275,0,5.965738817169678
13,275,2.391679265647543,7.584947995856644
14,275,0.4858548960129317,7.510265053106163
15,275,5.890048353977624,4.662033156872707
16,275,9.056179939646741,6.407858809654448
17,275,4.027160252484701,6.808630802712574
18,275,5.786702394671534,3.3972187018147477
19,275,9.60265039599034,12
20,275,12,12
21,275,11.095193463675745,10.04192319315513
22,275,5.892032153525624,0
23,275,0.5395734087923668,7.092755158773549
24,275,0,3.8783998514328015
25,275,10.63943846296855,11.607427231898788
26,275,9.224860324923347,0
27,275,3.9690990324115796,12
28,275,11.250955553722102,0.29465753695471353
29,275,8.386065191954303,12
30,275,12,12
31,275,3.012583880755856,11.933145662731796
32,275,5.266442284990072,0.1496281067864193
33,275,11.677955951811288,1.5544322070963592
34,275,6.112764614386925,0.17136408321676305
35,275,9.820252270602523,8.41306554501625
36,275,7.836492297737941,7.306330875548174
37,275,7.882034375419706,6.791694799053593
38,275,4.106115798584922,0
39,275,6.68197903325017,11.833581427425786
0,280,4.802674424998307,0
1,280,6.6639000198111065,12
2,280,1.7464175070277066,4.620087152921824
3,280,12,5.9668253802915086
4,280,5.884290965891788,4.017449417452518
5,280,0.03193256311574039,8.270724046497932
6,280,10.96516427463589,9.979397179619651
7,280,6.3494700558888235,5.000896596448688
8,280,5.909717016785803,6.681671672289885
9,280,9.112321645292036,12
10,280,1.0780589633279392,0.03437189877607304
11,280,11.549330200989711,6.575002175776833
12,280,0,6.064677376493344
13,280,2.4109264396600594,7.597176806194578
14,280,0.4245226691983494,7.685937868097127
15,280,6.028683134024223,4.697778854328825
16,280,9.057001635332561,6.299750640742401
17,280,4.223870794554133,6.894203561977591
18,280,5.920058929613416,3.3696564222350514
19,280,9.640430456721097,12
20,280,12,12
21,280,11.127901901458477,10.07564403681321
22,280,5.8601895556876435,0
23,280,0.5289279523809846,7.0925668418581
24,280,0,3.8705695183110604
25,280,10.761227559233072,11.722404958202294
26,280,9.376078300228112,0
27,280,4.018405519077152,12
28,280,11.214721313432596,0.3735808632503802
29,280,8.546350646533542,12
30,280,12,12
31,280,2.9951238810879137,11.923981311864726
32,280,5.17347863216672,0.15063620804483707
33,280,11.581496312531353,1.4789765860443296
34,280,6.077986129552142,0.15593919530650333
35,280,9.815125628236258,8.342922355345264
36,280,7.737162443890507,7.26996739795915
37,280,7.883958357460838,6.763952320767693
38,280,4.095236142670109,0
39,280,6.670762537321619,11.825944184827506
0,285,4.799244750547978,0
1,285,6.645121854333412,12
2,285,1.7407177356484496,4.622314019979857
3,285,12,5.816914378854014
4,285,6.01613557069053,4.131776418499394
5,285,0.014967624935176276,8.271206858750656
6,285,11.016103246005162,10.017222587147034
7,285,6.27999080309613,4.990153928761773
8,285,5.79849208333832,6.622501282224283
9,285,9.064541066655279,12
10,285,1.2451207755669431,0.045142992092802765
11,285,11.566095597957807,6.559747373053604
12,285,0,6.1821974376655
13,285,2.4396839710353726,7.615761338892375
14,285,0.2684158978533362,7.6314769981713395
15,285,6.189654229391436,4.744321499552828
16,285,9.05717456062067,6.187878507698433
17,285,4.431482702335922,6.977289908010475
18,285,6.061011707454511,3.340760917880711
19,285,9.683426331672361,12
20,285,12,12
21,285,11.163150820117655,10.111884168736491
22,285,5.8302452146249095,0
23,285,0.519396156264084,7.092503160211414
24,285,0,3.861896699027239
25,285,10.879660949706905,11.834904349183471
26,285,9.560693050532267,0
27,285,4.245968584373906,11.95405232612576
28,285,11.190467529651114,0.4279517461373838
29,285,8.691450381755711,12
30,285,12,12
31,285,2.987084550726566,11.91967519769941
32,285,5.097992106201696,0.150738852875678
33,285,11.47972059310357,1.4046140327554637
34,285,6.053767355544751,0.14518021282270505
35,285,9.80811760470449,8.257982529552704
36,285,7.611209785396582,7.226826521085344
37,285,7.885995184165367,6.732840194260198
38,285,4.083599371086205,0
39,285,6.67024509633673,11.825586623095356
0,290,4.794944554355523,0
1,290,6.630544279577837,12
2,290,1.740287206285048,4.622481521460832
3,290,12,5.682958169967338
4,290,6.15328909280401,4.2503532258632495
5,290,0.007764115047240964,8.271323659086363
6,290,11.058102275778305,10.04902178152299
7,290,6.206160138557769,4.979702776207563
8,290,5.686400393862052,6.558718331502605
9,290,9.01351809285586,12
10,290,1.4049510058629604,0.049592225981096485
11,290,11.614503841918244,6.516973011279894
12,290,0,6.289709805224488
13,290,2.4550494206066324,7.625408034190435
14,290,0.13048076586525276,7.583963224324084
15,290,6.353852752546976,4.794170739347441
16,290,9.055596490667623,6.063911094518566
17,290,4.647013363437312,7.06910108452663
18,290,6.179518537952521,3.319368605837593
19,290,9.728692007419902,12
20,290,12,12
21,290,11.19640371933034,10.146745591571127
22,290,5.801322704646408,0
23,290,0.5238160140076775,7.092553922424955
24,290,0,3.853105358395827
25,290,10.998203637181291,11.940642626022257
26,290,9.74944147320719,0
27,290,4.47234042390299,11.90676864650774
28,290,11.163793781826428,0.48455008333363137
29,290,8.835057256744781,12
30,290,12,12
31,290,3.0032706626285632,11.928133949983092
32,290,5.046738099546979,0.15089262782250987
33,290,11.377689192454346,1.32664158572437
34,290,6.006437967566325,0.12484649192432355
35,290,9.800733141022917,8.188230828353166
36,290,7.482325994916977,7.183354776410281
37,290,7.887242440162137,6.704867904348973
38,290,4.072892101347152,0
39,290,6.678345985286017,11.831627266592074
0,295,4.791793484368748,0
1,295,6.621165202658707,12
2,295,1.7384863549305969,4.623172117892243
3,295,12,5.555478745969561
4,295,6.299156480776751,4.377983665346335
5,295,0,8.271825188259013
6,295,11.113026150774752,10.089959332415136
7,295,6.115041545453349,4.964828169275389
8,295,5.57670642675128,6.492199535742451
9,295,8.97026513943947,12
10,295,1.5561914513730783,0.05488303593303781
11,295,11.650974484909895,6.487222162704724
12,295,0,6.378991022450321
13,295,2.4745427706875036,7.637935363661604
14,295,0,7.5363834633920135
15,295,6.529750655366932,4.852965152334951
16,295,9.055560469920671,5.931202478018038
17,295,4.848441026339958,7.153999100480678
18,295,6.294651924135079,3.2980602487841617
19,295,9.920540093031873,11.953320464793094
20,295,12,12
21,295,11.2159083144388,10.167891338736707
22,295,5.787167254320665,0
23,295,0.5325882356758578,7.0926508432879745
24,295,0,3.8461536339800246
25,295,11.130173854874636,12
26,295,9.946907589967843,0
27,295,4.7130616652845525,11.858355179161647
28,295,11.137388003717499,0.5400065280224134
29,295,8.980706905309455,12
30,295,12,12
31,295,3.0229624622496383,11.938610910478184
32,295,5.015347831345516,0.15085057168843094
33,295,11.290976002674663,1.264244992023514
34,295,5.967329127019141,0.10619779640568014
35,295,9.79143205075366,8.109005920274122
36,295,7.368810124785362,7.144817567377953
37,295,7.888770703537954,6.669397618277025
38,295,4.060703667923683,0
39,295,6.689486756145262,11.839477116594704
