0,0,0.0,9.94815372358958,1.0,0.0,0.0,0.0,0.0,0.0
1,0,8.99917263365141,11.055681936417471,0.0,1.0,1.0,1.0,1.0,0.0
2,0,8.972372467089404,9.026076359313798,0.0,0.0,0.0,1.0,0.0,0.0
3,0,10.0332179078714,7.995427690516844,0.0,1.0,0.0,1.0,1.0,0.0
4,0,0.9285539486279072,9.01056390230528,0.0,0.0,0.0,0.0,1.0,1.0
5,0,11.99197604203736,6.942629131456929,0.0,1.0,0.0,0.0,0.0,0.0
6,0,2.0136931470668697,0.0,1.0,0.0,0.0,0.0,1.0,0.0
7,0,12.0,5.009326393842537,1.0,0.0,1.0,0.0,1.0,0.0
8,0,9.049907168374164,5.985518129486708,0.0,1.0,0.0,0.0,0.0,1.0
9,0,1.0590760568841775,3.0063177017496567,0.0,1.0,1.0,0.0,0.0,1.0
10,0,9.001848183468873,10.943195474968135,1.0,0.0,0.0,0.0,0.0,0.0
11,0,0.0282763275932255,3.029490119050104,0.0,1.0,0.0,0.0,0.0,0.0
12,0,0.9426161650261488,12.0,0.0,0.0,0.0,0.0,0.0,0.0
13,0,0.9779156659617352,1.0335650479921312,1.0,0.0,0.0,0.0,1.0,0.0
14,0,3.9738010726712782,2.002482916863531,1.0,0.0,1.0,1.0,0.0,1.0
15,0,5.981873331275611,11.050150872119918,0.0,0.0,0.0,0.0,0.0,1.0
16,0,0.0486469263823589,0.9698584236679624,1.0,0.0,1.0,1.0,0.0,0.0
17,0,9.062913175962562,5.028856961587462,0.0,0.0,0.0,0.0,0.0,0.0
18,0,4.947357823092286,12.0,0.0,1.0,0.0,1.0,0.0,1.0
19,0,3.004787962631277,2.067586586954077,0.0,0.0,1.0,1.0,0.0,1.0
0,5,0.0,9.888476782349564,1.0,0.0,0.0,0.0,0.0,0.0
1,5,9.000061756532707,11.092771359026408,0.0,1.0,1.0,1.0,1.0,0.0
2,5,8.941993422962149,9.054488252561368,0.0,0.0,0.0,1.0,0.0,0.0
3,5,10.060766873925315,7.992239182400147,0.0,1.0,0.0,1.0,1.0,0.0
4,5,0.8680768222231467,9.020784425990572,0.0,0.0,0.0,0.0,1.0,1.0
5,5,11.981611215791284,6.871793214322442,0.0,1.0,0.0,0.0,0.0,0.0
6,5,2.0259029821246752,0.0,1.0,0.0,0.0,0.0,1.0,0.0
7,5,12.0,5.021267402418612,1.0,0.0,1.0,0.0,1.0,0.0
8,5,9.127361714113572,5.963198351208746,0.0,1.0,0.0,0.0,0.0,1.0
9,5,1.1377351758420604,3.014289135239818,0.0,1.0,1.0,0.0,0.0,1.0
10,5,9.003834734573745,10.894468915042584,1.0,0.0,0.0,0.0,0.0,0.0
11,5,0.0477661392148055,3.05004520505474,0.0,1.0,0.0,0.0,0.0,0.0
12,5,0.8909849091341951,12.0,0.0,0.0,0.0,0.0,0.0,0.0
13,5,0.9564851039525398,1.067183629620433,1.0,0.0,0.0,0.0,1.0,0.0
14,5,3.937556051664372,2.0059757196231565,1.0,0.0,1.0,1.0,0.0,1.0
15,5,5.954052475309068,11.12538360486192,0.0,0.0,0.0,0.0,0.0,1.0
16,5,0.1013056807620672,0.93772250633965,1.0,0.0,1.0,1.0,0.0,0.0
17,5,9.138430830570176,5.063157934644769,0.0,0.0,0.0,0.0,0.0,0.0
18,5,4.897317597536522,12.0,0.0,1.0,0.0,1.0,0.0,1.0
19,5,3.008201307449509,2.1382059654594805,0.0,0.0,1.0,1.0,0.0,1.0
0,10,0.0,9.829257960913036,1.0,0.0,0.0,0.0,0.0,0.0
1,10,9.000480413973264,11.13904754467148,0.0,1.0,1.0,1.0,1.0,0.0
2,10,8.91250219034689,9.08049930393144,0.0,0.0,0.0,1.0,0.0,0.0
3,10,10.073414240045944,7.990919105512796,0.0,1.0,0.0,1.0,1.0,0.0
4,10,0.835257702161648,9.0259549858138,0.0,0.0,0.0,0.0,1.0,1.0
5,10,11.971784771205964,6.807473192970009,0.0,1.0,0.0,0.0,0.0,0.0
6,10,2.043525355158568,0.0,1.0,0.0,0.0,0.0,1.0,0.0
7,10,12.0,5.038465423153172,1.0,0.0,1.0,0.0,1.0,0.0
8,10,9.112320702773951,5.905001289626613,0.0,1.0,0.0,0.0,0.0,1.0
9,10,1.224489557934816,3.021912510508723,0.0,1.0,1.0,0.0,0.0,1.0
10,10,9.00731118484203,10.822367789282437,1.0,0.0,0.0,0.0,0.0,0.0
11,10,0.0584579564195711,3.0611862912543053,0.0,1.0,0.0,0.0,0.0,0.0
12,10,0.8453742755346497,12.0,0.0,0.0,0.0,0.0,0.0,0.0
13,10,0.9367736979725352,1.099138694559182,1.0,0.0,0.0,0.0,1.0,0.0
14,10,3.910983952327873,2.008184291676164,1.0,0.0,1.0,1.0,0.0,1.0
15,10,5.9174284344565855,11.21187258256231,0.0,0.0,0.0,0.0,0.0,1.0
16,10,0.1344186022161662,0.9176316118889972,1.0,0.0,1.0,1.0,0.0,0.0
17,10,9.223781723180172,5.100983855922622,0.0,0.0,0.0,0.0,0.0,0.0
18,10,4.872001329600435,12.0,0.0,1.0,0.0,1.0,0.0,1.0
19,10,3.010910792914143,2.2132623886155045,0.0,0.0,1.0,1.0,0.0,1.0
0,15,0.0,9.787405048725386,1.0,0.0,0.0,0.0,0.0,0.0
1,15,9.000349426290047,11.17353558712021,0.0,1.0,1.0,1.0,1.0,0.0
2,15,8.891505697467645,9.098643363882813,0.0,0.0,0.0,1.0,0.0,0.0
3,15,10.068617203704797,7.99142877457477,0.0,1.0,0.0,1.0,1.0,0.0
4,15,0.8022823845642899,9.031579229119425,0.0,0.0,0.0,0.0,1.0,1.0
5,15,11.9642636562309,6.760075814974391,0.0,1.0,0.0,0.0,0.0,0.0
6,15,2.054942888188005,0.0,1.0,0.0,0.0,0.0,1.0,0.0
7,15,12.0,5.054789485192286,1.0,0.0,1.0,0.0,1.0,0.0
8,15,9.096132280398152,5.843266229159588,0.0,1.0,0.0,0.0,0.0,1.0
9,15,1.3099017294394786,3.029751220369808,0.0,1.0,1.0,0.0,0.0,1.0
10,15,9.012294777412208,10.749859080512604,1.0,0.0,0.0,0.0,0.0,0.0
11,15,0.0847828874334986,3.087814665706142,0.0,1.0,0.0,0.0,0.0,0.0
12,15,0.8083484057209136,12.0,0.0,0.0,0.0,0.0,0.0,0.0
13,15,0.9213734163438602,1.125770535835504,1.0,0.0,0.0,0.0,1.0,0.0
14,15,3.8772433396989343,2.011560529351812,1.0,0.0,1.0,1.0,0.0,1.0
15,15,5.877745722182114,11.296020859841622,0.0,0.0,0.0,0.0,0.0,1.0
16,15,0.1777068517059239,0.8933056704353497,1.0,0.0,1.0,1.0,0.0,0.0
17,15,9.30323903422192,5.135254053214329,0.0,0.0,0.0,0.0,0.0,0.0
18,15,4.835156424207315,12.0,0.0,1.0,0.0,1.0,0.0,1.0
19,15,3.0146774512110026,2.2892953857407625,0.0,0.0,1.0,1.0,0.0,1.0
0,20,0.0,9.749764649762785,1.0,0.0,0.0,0.0,0.0,0.0
1,20,9.00032862829996,11.178689540145202,0.0,1.0,1.0,1.0,1.0,0.0
2,20,8.86215443363678,9.12423604495897,0.0,0.0,0.0,1.0,0.0,0.0
3,20,10.07697465270066,7.990528022551231,0.0,1.0,0.0,1.0,1.0,0.0
4,20,0.7746137951714189,9.036283405592506,0.0,0.0,0.0,0.0,1.0,1.0
5,20,11.952399053887824,6.683821018140836,0.0,1.0,0.0,0.0,0.0,0.0
6,20,2.0797751617252973,0.0,1.0,0.0,0.0,0.0,1.0,0.0
7,20,12.0,5.074381521863823,1.0,0.0,1.0,0.0,1.0,0.0
8,20,9.078054178676158,5.776635598831739,0.0,1.0,0.0,0.0,0.0,1.0
9,20,1.3812947285481592,3.036662339949699,0.0,1.0,1.0,0.0,0.0,1.0
10,20,9.01696616100232,10.659393049071571,1.0,0.0,0.0,0.0,0.0,0.0
11,20,0.1079153762946699,3.1115095132336843,0.0,1.0,0.0,0.0,0.0,0.0
12,20,0.7728291252621556,12.0,0.0,0.0,0.0,0.0,0.0,0.0
13,20,0.9449635004930284,1.139695403267996,1.0,0.0,0.0,0.0,1.0,0.0
14,20,3.821707379368215,2.016823534043706,1.0,0.0,1.0,1.0,0.0,1.0
15,20,5.826691772006884,11.397666788044535,0.0,0.0,0.0,0.0,0.0,1.0
16,20,0.2356278423322087,0.8627295112173001,1.0,0.0,1.0,1.0,0.0,0.0
17,20,9.386485633489052,5.171274858902809,0.0,0.0,0.0,0.0,0.0,0.0
18,20,4.798720543070459,12.0,0.0,1.0,0.0,1.0,0.0,1.0
19,20,3.017633769955691,2.373891817713384,0.0,0.0,1.0,1.0,0.0,1.0
0,25,0.0,9.706054705510972,1.0,0.0,0.0,0.0,0.0,0.0
1,25,9.000300614787768,11.181374621694497,0.0,1.0,1.0,1.0,1.0,0.0
2,25,8.828566601924688,9.154185279953063,0.0,0.0,0.0,1.0,0.0,0.0
3,25,10.08990112891306,7.989380913161181,0.0,1.0,0.0,1.0,1.0,0.0
4,25,0.7410279289830357,9.041257763129812,0.0,0.0,0.0,0.0,1.0,1.0
5,25,11.944638559058909,6.631889958822885,0.0,1.0,0.0,0.0,0.0,0.0
6,25,2.102673932966203,0.0,1.0,0.0,0.0,0.0,1.0,0.0
7,25,12.0,5.097617627935791,1.0,0.0,1.0,0.0,1.0,0.0
8,25,9.065562859645402,5.724832098975259,0.0,1.0,0.0,0.0,0.0,1.0
9,25,1.4774909003795005,3.045012101591892,0.0,1.0,1.0,0.0,0.0,1.0
10,25,9.022284609658294,10.56283991872993,1.0,0.0,0.0,0.0,0.0,0.0
11,25,0.1398657839666607,3.1436037142703994,0.0,1.0,0.0,0.0,0.0,0.0
12,25,0.7483217777248428,12.0,0.0,0.0,0.0,0.0,0.0,0.0
13,25,0.9589178220697278,1.147666645064147,1.0,0.0,0.0,0.0,1.0,0.0
14,25,3.756457345177812,2.02547366547312,1.0,0.0,1.0,1.0,0.0,1.0
15,25,5.787933386999209,11.477308292749443,0.0,0.0,0.0,0.0,0.0,1.0
16,25,0.2925526873016106,0.8338560402474973,1.0,0.0,1.0,1.0,0.0,0.0
17,25,9.494271470589284,5.216390686387686,0.0,0.0,0.0,0.0,0.0,0.0
18,25,4.731681993526027,12.0,0.0,1.0,0.0,1.0,0.0,1.0
19,25,3.0173317890082147,2.467024794406889,0.0,0.0,1.0,1.0,0.0,1.0
0,30,0.0,9.651286539606494,1.0,0.0,0.0,0.0,0.0,0.0
1,30,9.000305701644608,11.180386841723823,0.0,1.0,1.0,1.0,1.0,0.0
2,30,8.863059891282592,9.19548266698724,0.0,0.0,0.0,1.0,0.0,0.0
3,30,10.108423242787948,7.987534900472475,0.0,1.0,0.0,1.0,1.0,0.0
4,30,0.7057817797042889,9.04759212877252,0.0,0.0,0.0,0.0,1.0,1.0
5,30,11.935042091096973,6.563437776286936,0.0,1.0,0.0,0.0,0.0,0.0
6,30,2.13587773050362,0.0,1.0,0.0,0.0,0.0,1.0,0.0
7,30,12.0,5.114878712838674,1.0,0.0,1.0,0.0,1.0,0.0
8,30,9.0506299024604,5.659555697943479,0.0,1.0,0.0,0.0,0.0,1.0
9,30,1.6053726648702673,3.054660486192025,0.0,1.0,1.0,0.0,0.0,1.0
10,30,9.02621463638435,10.4466448211533,1.0,0.0,0.0,0.0,0.0,0.0
11,30,0.1687584043427479,3.174534351595125,0.0,1.0,0.0,0.0,0.0,0.0
12,30,0.7345185869160606,12.0,0.0,0.0,0.0,0.0,0.0,0.0
13,30,0.975335610338185,1.1568071283470656,1.0,0.0,0.0,0.0,1.0,0.0
14,30,3.681785048084429,2.0334386109768787,1.0,0.0,1.0,1.0,0.0,1.0
15,30,5.747896649590663,11.55769722112728,0.0,0.0,0.0,0.0,0.0,1.0
16,30,0.3467351660693537,0.8070422400043648,1.0,0.0,1.0,1.0,0.0,0.0
17,30,9.586493090055288,5.255660890731576,0.0,0.0,0.0,0.0,0.0,0.0
18,30,4.742157519833372,12.0,0.0,1.0,0.0,1.0,0.0,1.0
19,30,3.017593892724898,2.572910423617098,0.0,0.0,1.0,1.0,0.0,1.0
0,35,0.0,9.59019096023175,1.0,0.0,0.0,0.0,0.0,0.0
1,35,9.000500706870927,11.18850010528968,0.0,1.0,1.0,1.0,1.0,0.0
2,35,8.900146243127942,9.237959437406513,0.0,0.0,0.0,1.0,0.0,0.0
3,35,10.141382664105866,7.983750519385585,0.0,1.0,0.0,1.0,1.0,0.0
4,35,0.7003074233198581,9.048547790659311,0.0,0.0,0.0,0.0,1.0,1.0
5,35,11.92678882578034,6.509504987894704,0.0,1.0,0.0,0.0,0.0,0.0
6,35,2.1631643447525386,0.0,1.0,0.0,0.0,0.0,1.0,0.0
7,35,12.0,5.132444040009617,1.0,0.0,1.0,0.0,1.0,0.0
8,35,9.031459983258948,5.585593269918128,0.0,1.0,0.0,0.0,0.0,1.0
9,35,1.7153687832610167,3.061431385515368,0.0,1.0,1.0,0.0,0.0,1.0
10,35,9.027494061063406,10.332515857029843,1.0,0.0,0.0,0.0,0.0,0.0
11,35,0.2050259168569213,3.2140877037270585,0.0,1.0,0.0,0.0,0.0,0.0
12,35,0.7131370481273692,12.0,0.0,0.0,0.0,0.0,0.0,0.0
13,35,0.9639241661746226,1.150430834906794,1.0,0.0,0.0,0.0,1.0,0.0
14,35,3.634629979820996,2.0376193182444053,1.0,0.0,1.0,1.0,0.0,1.0
15,35,5.710867623522215,11.629229430814789,0.0,0.0,0.0,0.0,0.0,1.0
16,35,0.387296498660918,0.7868071566658179,1.0,0.0,1.0,1.0,0.0,0.0
17,35,9.677442886701874,5.293707045327501,0.0,0.0,0.0,0.0,0.0,0.0
18,35,4.75348681789217,12.0,0.0,1.0,0.0,1.0,0.0,1.0
19,35,3.016599777058173,2.679732211321043,0.0,0.0,1.0,1.0,0.0,1.0
0,40,0.0,9.537971498023431,1.0,0.0,0.0,0.0,0.0,0.0
1,40,9.000353434393318,11.17491876060763,0.0,1.0,1.0,1.0,1.0,0.0
2,40,8.952688877255353,9.294440940697088,0.0,0.0,0.0,1.0,0.0,0.0
3,40,10.20247773730626,7.977182325331774,0.0,1.0,0.0,1.0,1.0,0.0
4,40,0.6868087037620646,9.050860123692845,0.0,0.0,0.0,0.0,1.0,1.0
5,40,11.920608670452376,6.461309706140384,0.0,1.0,0.0,0.0,0.0,0.0
6,40,2.181429324430171,0.0,1.0,0.0,0.0,0.0,1.0,0.0
7,40,12.0,5.152360914980253,1.0,0.0,1.0,0.0,1.0,0.0
8,40,9.008873756179252,5.500838389310969,0.0,1.0,0.0,0.0,0.0,1.0
9,40,1.8506710846717405,3.070772330954691,0.0,1.0,1.0,0.0,0.0,1.0
10,40,9.032871339554804,10.207853550745694,1.0,0.0,0.0,0.0,0.0,0.0
11,40,0.2432562495973738,3.2536339654609168,0.0,1.0,0.0,0.0,0.0,0.0
12,40,0.684376803028778,12.0,0.0,0.0,0.0,0.0,0.0,0.0
13,40,0.9476603114093324,1.140826453165087,1.0,0.0,0.0,0.0,1.0,0.0
14,40,3.5828134523422595,2.0441937902830927,1.0,0.0,1.0,1.0,0.0,1.0
15,40,5.675478758893998,11.697183500214182,0.0,0.0,0.0,0.0,0.0,1.0
16,40,0.4089666589517998,0.7761163665428045,1.0,0.0,1.0,1.0,0.0,0.0
17,40,9.766715725085934,5.330421607467511,0.0,0.0,0.0,0.0,0.0,0.0
18,40,4.764444997982978,12.0,0.0,1.0,0.0,1.0,0.0,1.0
19,40,3.0140990600474367,2.7659888045817755,0.0,0.0,1.0,1.0,0.0,1.0
0,45,0.0,9.494477787160086,1.0,0.0,0.0,0.0,0.0,0.0
1,45,8.99889012730481,11.146773288590603,0.0,1.0,1.0,1.0,1.0,0.0
2,45,9.001948800015056,9.346378876359363,0.0,0.0,0.0,1.0,0.0,0.0
3,45,10.257246086305022,7.973011000072143,0.0,1.0,0.0,1.0,1.0,0.0
4,45,0.7065344374288902,9.04757871379135,0.0,0.0,0.0,0.0,1.0,1.0
5,45,11.91643012201826,6.416618565700139,0.0,1.0,0.0,0.0,0.0,0.0
6,45,2.1970740869091183,0.0,1.0,0.0,0.0,0.0,1.0,0.0
7,45,12.0,5.172510885385462,1.0,0.0,1.0,0.0,1.0,0.0
8,45,8.991829213438958,5.43537466342473,0.0,1.0,0.0,0.0,0.0,1.0
9,45,1.9668970799225531,3.0776105825578823,0.0,1.0,1.0,0.0,0.0,1.0
10,45,9.037379637725316,10.093069942808786,1.0,0.0,0.0,0.0,0.0,0.0
11,45,0.2825138465524314,3.2940475414720405,0.0,1.0,0.0,0.0,0.0,0.0
12,45,0.6489906875958453,12.0,0.0,0.0,0.0,0.0,0.0,0.0
13,45,0.9355932445297254,1.160818864572524,1.0,0.0,0.0,0.0,1.0,0.0
14,45,3.5332038430978123,2.05098119455765,1.0,0.0,1.0,1.0,0.0,1.0
15,45,5.640756957756753,11.765010360352395,0.0,0.0,0.0,0.0,0.0,1.0
16,45,0.4322577042733663,0.7641517513130929,1.0,0.0,1.0,1.0,0.0,0.0
17,45,9.847808202080136,5.363514140424051,0.0,0.0,0.0,0.0,0.0,0.0
18,45,4.775269672861221,12.0,0.0,1.0,0.0,1.0,0.0,1.0
19,45,3.0093675679724026,2.851211047004915,0.0,0.0,1.0,1.0,0.0,1.0
0,50,0.0,9.453489156618632,1.0,0.0,0.0,0.0,0.0,0.0
1,50,8.997060836843255,11.120808786341318,0.0,1.0,1.0,1.0,1.0,0.0
2,50,9.066459925996016,9.411673167527038,0.0,0.0,0.0,1.0,0.0,0.0
3,50,10.30790343974024,7.969972889176448,0.0,1.0,0.0,1.0,1.0,0.0
4,50,0.7063813419268665,9.047600931232507,0.0,0.0,0.0,0.0,1.0,1.0
5,50,11.911610958321177,6.3639060963665255,0.0,1.0,0.0,0.0,0.0,0.0
6,50,2.217227166014352,0.0,1.0,0.0,0.0,0.0,1.0,0.0
7,50,12.0,5.186523604308945,1.0,0.0,1.0,0.0,1.0,0.0
8,50,8.975162689733091,5.374252570459834,0.0,1.0,0.0,0.0,0.0,1.0
9,50,2.0747015089467613,3.084801884080066,0.0,1.0,1.0,0.0,0.0,1.0
10,50,9.041014310886084,9.966300862961996,1.0,0.0,0.0,0.0,0.0,0.0
11,50,0.3234029015700204,3.3351810635865404,0.0,1.0,0.0,0.0,0.0,0.0
12,50,0.6204398244867022,12.0,0.0,0.0,0.0,0.0,0.0,0.0
13,50,0.9295773778233488,1.1713684846207832,1.0,0.0,0.0,0.0,1.0,0.0
14,50,3.486526934376621,2.0568481711896034,1.0,0.0,1.0,1.0,0.0,1.0
15,50,5.609128631842804,11.824481390738097,0.0,0.0,0.0,0.0,0.0,1.0
16,50,0.4551994726716531,0.7526421494235,1.0,0.0,1.0,1.0,0.0,0.0
17,50,9.906509830530226,5.388098521731162,0.0,0.0,0.0,0.0,0.0,0.0
18,50,4.786680390418985,12.0,0.0,1.0,0.0,1.0,0.0,1.0
19,50,3.0064603545667685,2.9330946686954738,0.0,0.0,1.0,1.0,0.0,1.0
0,55,0.0,9.470074005687076,1.0,0.0,0.0,0.0,0.0,0.0
1,55,8.996140578442224,11.10871280814846,0.0,1.0,1.0,1.0,1.0,0.0
2,55,9.16139060953188,9.506327184684457,0.0,0.0,0.0,1.0,0.0,0.0
3,55,10.349425147963997,7.967730968830497,0.0,1.0,0.0,1.0,1.0,0.0
4,55,0.7107005827980208,9.04688763755492,0.0,0.0,0.0,0.0,1.0,1.0
5,55,11.90520039300194,6.311457578972676,0.0,1.0,0.0,0.0,0.0,0.0
6,55,2.237323430003449,0.0,1.0,0.0,0.0,0.0,1.0,0.0
7,55,12.0,5.197843575713538,1.0,0.0,1.0,0.0,1.0,0.0
8,55,8.965159480613899,5.33629679036227,0.0,1.0,0.0,0.0,0.0,1.0
9,55,2.1823771507441787,3.09192030615108,0.0,1.0,1.0,0.0,0.0,1.0
10,55,9.044686764571384,9.829544181444527,1.0,0.0,0.0,0.0,0.0,0.0
11,55,0.3514149676176605,3.3633210884601734,0.0,1.0,0.0,0.0,0.0,0.0
12,55,0.5821149061321511,12.0,0.0,0.0,0.0,0.0,0.0,0.0
13,55,0.9259661856169278,1.1772760077757138,1.0,0.0,0.0,0.0,1.0,0.0
14,55,3.431463541767508,2.0639828664449587,1.0,0.0,1.0,1.0,0.0,1.0
15,55,5.564856988817343,11.905576316843076,0.0,0.0,0.0,0.0,0.0,1.0
16,55,0.4779394061331256,0.7418622872216158,1.0,0.0,1.0,1.0,0.0,0.0
17,55,9.978745342934385,5.420025970138923,0.0,0.0,0.0,0.0,0.0,0.0
18,55,4.793971668782643,12.0,0.0,1.0,0.0,1.0,0.0,1.0
19,55,3.005017330033598,3.01149526063501,0.0,0.0,1.0,1.0,0.0,1.0
0,60,0.0,9.486237616829506,1.0,0.0,0.0,0.0,0.0,0.0
1,60,8.996508357600499,11.114956690442144,0.0,1.0,1.0,1.0,1.0,0.0
2,60,9.274392045646351,9.615690045172917,0.0,0.0,0.0,1.0,0.0,0.0
3,60,10.357473858206143,7.967353088762883,0.0,1.0,0.0,1.0,1.0,0.0
4,60,0.692328561221617,9.050075946893886,0.0,0.0,0.0,0.0,1.0,1.0
5,60,11.901247444897551,6.274192594223582,0.0,1.0,0.0,0.0,0.0,0.0
6,60,2.258746580061204,0.0,1.0,0.0,0.0,0.0,1.0,0.0
7,60,12.0,5.20546369921816,1.0,0.0,1.0,0.0,1.0,0.0
8,60,8.952562576928072,5.28764139524928,0.0,1.0,0.0,0.0,0.0,1.0
9,60,2.283245596587264,3.100140536180106,0.0,1.0,1.0,0.0,0.0,1.0
10,60,9.048735744931514,9.688329104201571,1.0,0.0,0.0,0.0,0.0,0.0
11,60,0.3926104728121554,3.4044713468697183,0.0,1.0,0.0,0.0,0.0,0.0
12,60,0.5541502121674762,12.0,0.0,0.0,0.0,0.0,0.0,0.0
13,60,0.9272427179968736,1.1751395728985072,1.0,0.0,0.0,0.0,1.0,0.0
14,60,3.3926736125806825,2.067537044497074,1.0,0.0,1.0,1.0,0.0,1.0
15,60,5.520270936585556,11.989631104406705,0.0,0.0,0.0,0.0,0.0,1.0
16,60,0.5096826570951349,0.7273886519546829,1.0,0.0,1.0,1.0,0.0,0.0
17,60,10.046224422149354,5.44813488561562,0.0,0.0,0.0,0.0,0.0,0.0
18,60,4.800987669994568,12.0,0.0,1.0,0.0,1.0,0.0,1.0
19,60,3.004787709286923,3.0636517029843326,0.0,0.0,1.0,1.0,0.0,1.0
0,65,0.0,9.494765118965825,1.0,0.0,0.0,0.0,0.0,0.0
1,65,8.996215462147177,11.11018046525312,0.0,1.0,1.0,1.0,1.0,0.0
2,65,9.17826494927272,9.71488778518693,0.0,0.0,0.0,1.0,0.0,0.0
3,65,10.386114408122497,7.966623139720333,0.0,1.0,0.0,1.0,1.0,0.0
4,65,0.669749122316473,9.054273641103574,0.0,0.0,0.0,0.0,1.0,1.0
5,65,11.947362318952056,6.269869225204824,0.0,1.0,0.0,0.0,0.0,0.0
6,65,2.2854905354216446,0.0,1.0,0.0,0.0,0.0,1.0,0.0
7,65,12.0,5.2125060404404815,1.0,0.0,1.0,0.0,1.0,0.0
8,65,8.943529792840529,5.252613439804845,0.0,1.0,0.0,0.0,0.0,1.0
9,65,2.374585416702047,3.105887685031849,0.0,1.0,1.0,0.0,0.0,1.0
10,65,9.05774479796059,9.54716561767614,1.0,0.0,0.0,0.0,0.0,0.0
11,65,0.4404047788741416,3.4567711627055457,0.0,1.0,0.0,0.0,0.0,0.0
12,65,0.5025181483408245,12.0,0.0,0.0,0.0,0.0,0.0,0.0
13,65,0.9361241458117202,1.160913777838937,1.0,0.0,0.0,0.0,1.0,0.0
14,65,3.36198663524863,2.0709670992480373,1.0,0.0,1.0,1.0,0.0,1.0
15,65,5.471261925713279,12.0,0.0,0.0,0.0,0.0,0.0,1.0
16,65,0.5316615115472634,0.7168259020829201,1.0,0.0,1.0,1.0,0.0,0.0
17,65,10.110914623286652,5.473872391840102,0.0,0.0,0.0,0.0,0.0,0.0
18,65,4.804174564425352,12.0,0.0,1.0,0.0,1.0,0.0,1.0
19,65,3.005847829455868,3.116604963413925,0.0,0.0,1.0,1.0,0.0,1.0
0,70,0.0,9.5080452591802,1.0,0.0,0.0,0.0,0.0,0.0
1,70,9.014482789416176,11.1093961321535,0.0,1.0,1.0,1.0,1.0,0.0
2,70,9.077280530074148,9.81843901366588,0.0,0.0,0.0,1.0,0.0,0.0
3,70,10.392365468185751,7.966477438778842,0.0,1.0,0.0,1.0,1.0,0.0
4,70,0.6413171279145624,9.059055205986,0.0,0.0,0.0,0.0,1.0,1.0
5,70,11.989765564985255,6.265944372370123,0.0,1.0,0.0,0.0,0.0,0.0
6,70,2.310574682879027,0.0,1.0,0.0,0.0,0.0,1.0,0.0
7,70,12.0,5.219449950315132,1.0,0.0,1.0,0.0,1.0,0.0
8,70,8.931597095963658,5.207294334586531,0.0,1.0,0.0,0.0,0.0,1.0
9,70,2.4801612539943982,3.113773561899717,0.0,1.0,1.0,0.0,0.0,1.0
10,70,8.909475090038994,9.539809150367017,1.0,0.0,0.0,0.0,0.0,0.0
11,70,0.4910143093009352,3.5147736378715395,0.0,1.0,0.0,0.0,0.0,0.0
12,70,0.446843867257787,12.0,0.0,0.0,0.0,0.0,0.0,0.0
13,70,0.9505217124129064,1.1378040964282017,1.0,0.0,0.0,0.0,1.0,0.0
14,70,3.348645056498787,2.0727709375594947,1.0,0.0,1.0,1.0,0.0,1.0
15,70,5.422644313338445,12.0,0.0,0.0,0.0,0.0,0.0,1.0
16,70,0.5474858104906359,0.7095955834733176,1.0,0.0,1.0,1.0,0.0,0.0
17,70,10.174589968186645,5.500047833205055,0.0,0.0,0.0,0.0,0.0,0.0
18,70,4.8085502939768565,12.0,0.0,1.0,0.0,1.0,0.0,1.0
19,70,3.0080774936584684,3.171333728811675,0.0,0.0,1.0,1.0,0.0,1.0
0,75,0.0,9.513466246723237,1.0,0.0,0.0,0.0,0.0,0.0
1,75,9.045935660936228,11.108150423327332,0.0,1.0,1.0,1.0,1.0,0.0
2,75,8.987179912920288,9.732180071592648,0.0,0.0,0.0,1.0,0.0,0.0
3,75,10.395456143538638,7.966461772488791,0.0,1.0,0.0,1.0,1.0,0.0
4,75,0.6153907955200651,9.0638271294875,0.0,0.0,0.0,0.0,1.0,1.0
5,75,12.0,6.260638362607112,0.0,1.0,0.0,0.0,0.0,0.0
6,75,2.336541292348257,0.0,1.0,0.0,0.0,0.0,1.0,0.0
7,75,12.0,5.223263293320916,1.0,0.0,1.0,0.0,1.0,0.0
8,75,8.922875088231608,5.1733024116356665,0.0,1.0,0.0,0.0,0.0,1.0
9,75,2.581844022261881,3.121921422265142,0.0,1.0,1.0,0.0,0.0,1.0
10,75,8.770821600631576,9.530615313559188,1.0,0.0,0.0,0.0,0.0,0.0
11,75,0.5467496476200497,3.5778955571015483,0.0,1.0,0.0,0.0,0.0,0.0
12,75,0.3847003539555902,12.0,0.0,0.0,0.0,0.0,0.0,0.0
13,75,0.9691934570004548,1.10663592613627,1.0,0.0,0.0,0.0,1.0,0.0
14,75,3.331135399405333,2.075141598507596,1.0,0.0,1.0,1.0,0.0,1.0
15,75,5.373598537543812,12.0,0.0,0.0,0.0,0.0,0.0,1.0
16,75,0.5750715415990189,0.6969457745083193,1.0,0.0,1.0,1.0,0.0,0.0
17,75,10.226444768720729,5.521214170593055,0.0,0.0,0.0,0.0,0.0,0.0
18,75,4.819862449672241,12.0,0.0,1.0,0.0,1.0,0.0,1.0
19,75,3.0097346855750278,3.2252564883854915,0.0,0.0,1.0,1.0,0.0,1.0
0,80,0.0,9.517637689086854,1.0,0.0,0.0,0.0,0.0,0.0
1,80,9.087982048565234,11.107137411932348,0.0,1.0,1.0,1.0,1.0,0.0
2,80,8.889978691550965,9.64442906160566,0.0,0.0,0.0,1.0,0.0,0.0
3,80,10.401985696618484,7.966527893707202,0.0,1.0,0.0,1.0,1.0,0.0
4,80,0.5940233504588548,9.067824691516533,0.0,0.0,0.0,0.0,1.0,1.0
5,80,12.0,6.254733818742996,0.0,1.0,0.0,0.0,0.0,0.0
6,80,2.356936380974516,0.0,1.0,0.0,0.0,0.0,1.0,0.0
7,80,12.0,5.227650017915709,1.0,0.0,1.0,0.0,1.0,0.0
8,80,8.915776688280502,5.14167574521275,0.0,1.0,0.0,0.0,0.0,1.0
9,80,2.6885056971520136,3.1291239556267,0.0,1.0,1.0,0.0,0.0,1.0
10,80,8.634656700493236,9.521790005384272,1.0,0.0,0.0,0.0,0.0,0.0
11,80,0.603091649319422,3.6418986878403623,0.0,1.0,0.0,0.0,0.0,0.0
12,80,0.316080586520628,12.0,0.0,0.0,0.0,0.0,0.0,0.0
13,80,0.9874897758259384,1.0746422530657005,1.0,0.0,0.0,0.0,1.0,0.0
14,80,3.299591430884452,2.079691300062965,1.0,0.0,1.0,1.0,0.0,1.0
15,80,5.327378254831197,12.0,0.0,0.0,0.0,0.0,0.0,1.0
16,80,0.6177937850485719,0.6785858200837088,1.0,0.0,1.0,1.0,0.0,0.0
17,80,10.292152827954082,5.548311975699591,0.0,0.0,0.0,0.0,0.0,0.0
18,80,4.830065779027359,12.0,0.0,1.0,0.0,1.0,0.0,1.0
19,80,3.011398422765265,3.2731570828917045,0.0,0.0,1.0,1.0,0.0,1.0
0,85,0.0,9.521601453658196,1.0,0.0,0.0,0.0,0.0,0.0
1,85,9.130369782604385,11.106260599167326,0.0,1.0,1.0,1.0,1.0,0.0
2,85,8.789039072569672,9.551712296031068,0.0,0.0,0.0,1.0,0.0,0.0
3,85,10.404585902957988,7.966577082340577,0.0,1.0,0.0,1.0,1.0,0.0
4,85,0.5741421357343728,9.07119483580662,0.0,0.0,0.0,0.0,1.0,1.0
5,85,12.0,6.246483507791528,0.0,1.0,0.0,0.0,0.0,0.0
6,85,2.386119277335071,0.0,1.0,0.0,0.0,0.0,1.0,0.0
7,85,12.0,5.236352734908251,1.0,0.0,1.0,0.0,1.0,0.0
8,85,8.911816602381863,5.124814570143328,0.0,1.0,0.0,0.0,0.0,1.0
9,85,2.7919882982531,3.133685035625213,0.0,1.0,1.0,0.0,0.0,1.0
10,85,8.478280257242137,9.510958506489343,1.0,0.0,0.0,0.0,0.0,0.0
11,85,0.6679652602578157,3.719581403001976,0.0,1.0,0.0,0.0,0.0,0.0
12,85,0.2577418586521368,12.0,0.0,0.0,0.0,0.0,0.0,0.0
13,85,1.009718558652565,1.033170611902748,1.0,0.0,0.0,0.0,1.0,0.0
14,85,3.260028718038591,2.086916405709258,1.0,0.0,1.0,1.0,0.0,1.0
15,85,5.282195183958616,12.0,0.0,0.0,0.0,0.0,0.0,1.0
16,85,0.6760063370772956,0.6532572745006119,1.0,0.0,1.0,1.0,0.0,0.0
17,85,10.356663659493666,5.574537527428611,0.0,0.0,0.0,0.0,0.0,0.0
18,85,4.83673110468938,12.0,0.0,1.0,0.0,1.0,0.0,1.0
19,85,3.0117387709595014,3.323769014176347,0.0,0.0,1.0,1.0,0.0,1.0
0,90,0.0204424029426095,9.510455174195831,1.0,0.0,0.0,0.0,0.0,0.0
1,90,9.17545617440131,11.106074348905134,0.0,1.0,1.0,1.0,1.0,0.0
2,90,8.684323553555831,9.45472420822383,0.0,0.0,0.0,1.0,0.0,0.0
3,90,10.414686026910395,7.966964499464171,0.0,1.0,0.0,1.0,1.0,0.0
4,90,0.545683290227456,9.076877965145226,0.0,0.0,0.0,0.0,1.0,1.0
5,90,12.0,6.236251974481101,0.0,1.0,0.0,0.0,0.0,0.0
6,90,2.4142466930550293,0.0,1.0,0.0,0.0,0.0,1.0,0.0
7,90,12.0,5.249896355159131,1.0,0.0,1.0,0.0,1.0,0.0
8,90,8.905098771201999,5.097468149904518,0.0,1.0,0.0,0.0,0.0,1.0
9,90,2.9039678255013657,3.1370739968484367,0.0,1.0,1.0,0.0,0.0,1.0
10,90,8.324712616380442,9.501293133692888,1.0,0.0,0.0,0.0,0.0,0.0
11,90,0.7306802670855389,3.7937985338180096,0.0,1.0,0.0,0.0,0.0,0.0
12,90,0.20026080049173,12.0,0.0,0.0,0.0,0.0,0.0,0.0
13,90,1.046068427332943,0.9642187641457464,1.0,0.0,0.0,0.0,1.0,0.0
14,90,3.226352977248011,2.093124573708397,1.0,0.0,1.0,1.0,0.0,1.0
15,90,5.239371697533127,12.0,0.0,0.0,0.0,0.0,0.0,1.0
16,90,0.7426588658767979,0.6237248766701095,1.0,0.0,1.0,1.0,0.0,0.0
17,90,10.415227025883723,5.599468214609779,0.0,0.0,0.0,0.0,0.0,0.0
18,90,4.840422222437146,12.0,0.0,1.0,0.0,1.0,0.0,1.0
19,90,3.0123634452213177,3.353425112507449,0.0,0.0,1.0,1.0,0.0,1.0
0,95,0.0416477446274577,9.498599251583595,1.0,0.0,0.0,0.0,0.0,0.0
1,95,9.238991960868676,11.106389126606231,0.0,1.0,1.0,1.0,1.0,0.0
2,95,8.572651381483535,9.35301199618302,0.0,0.0,0.0,1.0,0.0,0.0
3,95,10.413231113154524,7.966914123531076,0.0,1.0,0.0,1.0,1.0,0.0
4,95,0.5397551908792619,9.078304513866131,0.0,0.0,0.0,0.0,1.0,1.0
5,95,12.0,6.227391396117795,0.0,1.0,0.0,0.0,0.0,0.0
6,95,2.4371118977952198,0.0,1.0,0.0,0.0,0.0,1.0,0.0
7,95,12.0,5.26226627115428,1.0,0.0,1.0,0.0,1.0,0.0
8,95,8.895609316021377,5.055724359040257,0.0,1.0,0.0,0.0,0.0,1.0
9,95,3.0330659788361403,3.1405077215069515,0.0,1.0,1.0,0.0,0.0,1.0
10,95,8.163024120242017,9.48576645125418,1.0,0.0,0.0,0.0,0.0,0.0
11,95,0.8042789286472248,3.87867032448904,0.0,1.0,0.0,0.0,0.0,0.0
12,95,0.1346591370843484,12.0,0.0,0.0,0.0,0.0,0.0,0.0
13,95,1.0892883664158408,0.8833681109502185,1.0,0.0,0.0,0.0,1.0,0.0
14,95,3.18504697977096,2.1007319288844557,1.0,0.0,1.0,1.0,0.0,1.0
15,95,5.206071919581979,12.0,0.0,0.0,0.0,0.0,0.0,1.0
16,95,0.8247453410340493,0.5900737447148767,1.0,0.0,1.0,1.0,0.0,0.0
17,95,10.482226444818604,5.629956077987329,0.0,0.0,0.0,0.0,0.0,0.0
18,95,4.842417627797733,12.0,0.0,1.0,0.0,1.0,0.0,1.0
19,95,3.0125408001037344,3.3915242066214417,0.0,0.0,1.0,1.0,0.0,1.0
0,100,0.0357617483539185,9.502003301077826,1.0,0.0,0.0,0.0,0.0,0.0
1,100,9.296915784368084,11.107030997122814,0.0,1.0,1.0,1.0,1.0,0.0
2,100,8.450512350920627,9.24307417973266,0.0,0.0,0.0,1.0,0.0,0.0
3,100,10.41873564688269,7.967027779329881,0.0,1.0,0.0,1.0,1.0,0.0
4,100,0.5317101546976059,9.080342340788048,0.0,0.0,0.0,0.0,1.0,1.0
5,100,12.0,6.221642063817136,0.0,1.0,0.0,0.0,0.0,0.0
6,100,2.457486410302118,0.0,1.0,0.0,0.0,0.0,1.0,0.0
7,100,12.0,5.271000357831501,1.0,0.0,1.0,0.0,1.0,0.0
8,100,8.886209034610195,5.020065715297648,0.0,1.0,0.0,0.0,0.0,1.0
9,100,3.131675799415273,3.142700547314607,0.0,1.0,1.0,0.0,0.0,1.0
10,100,7.99415562094617,9.465602821332824,1.0,0.0,0.0,0.0,0.0,0.0
11,100,0.8796241510320004,3.967205331087692,0.0,1.0,0.0,0.0,0.0,0.0
12,100,0.0796899488620432,12.0,0.0,0.0,0.0,0.0,0.0,0.0
13,100,1.1226274327385706,0.8174364009415589,1.0,0.0,0.0,0.0,1.0,0.0
14,100,3.139078409423171,2.108832484926321,1.0,0.0,1.0,1.0,0.0,1.0
15,100,5.177059163510565,12.0,0.0,0.0,0.0,0.0,0.0,1.0
16,100,0.9169920309299652,0.5550626283935951,1.0,0.0,1.0,1.0,0.0,0.0
17,100,10.55359415702325,5.660209722717675,0.0,0.0,0.0,0.0,0.0,0.0
18,100,4.84399303612587,12.0,0.0,1.0,0.0,1.0,0.0,1.0
19,100,3.0139028065232365,3.4334448397410364,0.0,0.0,1.0,1.0,0.0,1.0
0,105,0.0161902300237084,9.51299698516933,1.0,0.0,0.0,0.0,0.0,0.0
1,105,9.369838883688413,11.10588041650967,0.0,1.0,1.0,1.0,1.0,0.0
2,105,8.33969341668354,9.138083867983596,0.0,0.0,0.0,1.0,0.0,0.0
3,105,10.42266772445217,7.96700311057467,0.0,1.0,0.0,1.0,1.0,0.0
4,105,0.5020372758973551,9.087294417042306,0.0,0.0,0.0,0.0,1.0,1.0
5,105,12.0,6.216822318563609,0.0,1.0,0.0,0.0,0.0,0.0
6,105,2.482327142545869,0.0,1.0,0.0,0.0,0.0,1.0,0.0
7,105,12.0,5.282536338839607,1.0,0.0,1.0,0.0,1.0,0.0
8,105,8.872472851765886,4.968497118434883,0.0,1.0,0.0,0.0,0.0,1.0
9,105,3.2246438758821907,3.1442635857397754,0.0,1.0,1.0,0.0,0.0,1.0
10,105,7.828061158950112,9.443668144916185,1.0,0.0,0.0,0.0,0.0,0.0
11,105,0.9723462886932472,4.0737323766772455,0.0,1.0,0.0,0.0,0.0,0.0
12,105,0.0258535469847182,12.0,0.0,0.0,0.0,0.0,0.0,0.0
13,105,1.1586543747308564,0.7500924767303776,1.0,0.0,0.0,0.0,1.0,0.0
14,105,3.112358196998648,2.1136420617292675,1.0,0.0,1.0,1.0,0.0,1.0
15,105,5.148221534254925,12.0,0.0,0.0,0.0,0.0,0.0,1.0
16,105,1.017009113192172,0.5160485242006578,1.0,0.0,1.0,1.0,0.0,0.0
17,105,10.626696347247218,5.692238536669182,0.0,0.0,0.0,0.0,0.0,0.0
18,105,4.8451426969733005,12.0,0.0,1.0,0.0,1.0,0.0,1.0
19,105,3.015302294666081,3.4689152294993693,0.0,0.0,1.0,1.0,0.0,1.0
0,110,0.0063897995422134,9.518667196897256,1.0,0.0,0.0,0.0,0.0,0.0
1,110,9.438119717794134,11.104011942651551,0.0,1.0,1.0,1.0,1.0,0.0
2,110,8.22564409198808,9.030376071219722,0.0,0.0,0.0,1.0,0.0,0.0
3,110,10.4159875708829,7.966855968893368,0.0,1.0,0.0,1.0,1.0,0.0
4,110,0.4775195944857055,9.09347361203574,0.0,0.0,0.0,0.0,1.0,1.0
5,110,12.0,6.213319958432342,0.0,1.0,0.0,0.0,0.0,0.0
6,110,2.5066040646287964,0.0,1.0,0.0,0.0,0.0,1.0,0.0
7,110,12.0,5.295824733284736,1.0,0.0,1.0,0.0,1.0,0.0
8,110,8.857835367089086,4.913197996366403,0.0,1.0,0.0,0.0,0.0,1.0
9,110,3.3119126986078085,3.14558650273515,0.0,1.0,1.0,0.0,0.0,1.0
10,110,7.667954419495089,9.421483902050063,1.0,0.0,0.0,0.0,0.0,0.0
11,110,1.0662991137455695,4.187220029571748,0.0,1.0,0.0,0.0,0.0,0.0
12,110,0.0,12.0,0.0,0.0,0.0,0.0,0.0,0.0
13,110,1.189674460186633,0.6911310677498607,1.0,0.0,0.0,0.0,1.0,0.0
14,110,3.1068725368880195,2.114564468350956,1.0,0.0,1.0,1.0,0.0,1.0
15,110,5.121218491096506,12.0,0.0,0.0,0.0,0.0,0.0,1.0
16,110,1.0532222122764057,0.6127633953457154,1.0,0.0,1.0,1.0,0.0,0.0
17,110,10.703725687536071,5.723816722798873,0.0,0.0,0.0,0.0,0.0,0.0
18,110,4.844845851726872,11.996781370541877,0.0,1.0,0.0,1.0,0.0,1.0
19,110,3.0158659415411897,3.498216821968162,0.0,0.0,1.0,1.0,0.0,1.0
0,115,0.0206869228461449,9.510060670718453,1.0,0.0,0.0,0.0,0.0,0.0
1,115,9.5165079889627,11.100391725500533,0.0,1.0,1.0,1.0,1.0,0.0
2,115,8.115253908753132,8.926258928015452,0.0,0.0,0.0,1.0,0.0,0.0
3,115,10.398008927245716,7.9665976716352995,0.0,1.0,0.0,1.0,1.0,0.0
4,115,0.4400977239908851,9.103047666672149,0.0,0.0,0.0,0.0,1.0,1.0
5,115,12.0,6.210790528207767,0.0,1.0,0.0,0.0,0.0,0.0
6,115,2.5286027900613,0.0,1.0,0.0,0.0,0.0,1.0,0.0
7,115,12.0,5.311797120945038,1.0,0.0,1.0,0.0,1.0,0.0
8,115,8.84240695565539,4.848724881175176,0.0,1.0,0.0,0.0,0.0,1.0
9,115,3.387332581533621,3.147120592368362,0.0,1.0,1.0,0.0,0.0,1.0
10,115,7.537439333801223,9.404662753978403,1.0,0.0,0.0,0.0,0.0,0.0
11,115,1.1554064446505077,4.296731991413548,0.0,1.0,0.0,0.0,0.0,0.0
12,115,0.0,12.0,0.0,0.0,0.0,0.0,0.0,0.0
13,115,1.2170056924533443,0.6375832237274163,1.0,0.0,0.0,0.0,1.0,0.0
14,115,3.1101920762781647,2.114106394119628,1.0,0.0,1.0,1.0,0.0,1.0
15,115,5.092489736849564,12.0,0.0,0.0,0.0,0.0,0.0,1.0
16,115,1.085818190842421,0.6981341377178024,1.0,0.0,1.0,1.0,0.0,0.0
17,115,10.783258145650134,5.754300529567328,0.0,0.0,0.0,0.0,0.0,0.0
18,115,4.84314174965903,11.974656983654755,0.0,1.0,0.0,1.0,0.0,1.0
19,115,3.016087644766709,3.5222482109578634,0.0,0.0,1.0,1.0,0.0,1.0
0,120,0.01324300504077,9.51457184067496,1.0,0.0,0.0,0.0,0.0,0.0
1,120,9.597420897717216,11.096237352315995,0.0,1.0,1.0,1.0,1.0,0.0
2,120,7.989189844380506,8.801461168042824,0.0,0.0,0.0,1.0,0.0,0.0
3,120,10.345131436356498,7.966226872003998,0.0,1.0,0.0,1.0,1.0,0.0
4,120,0.3925113495230555,9.114928363428762,0.0,0.0,0.0,0.0,1.0,1.0
5,120,11.993922900163168,6.211465030410502,0.0,1.0,0.0,0.0,0.0,0.0
6,120,2.563471665070192,0.0,1.0,0.0,0.0,0.0,1.0,0.0
7,120,12.0,5.326016291551838,1.0,0.0,1.0,0.0,1.0,0.0
8,120,8.82449733239662,4.7755947223617925,0.0,1.0,0.0,0.0,0.0,1.0
9,120,3.450294747528995,3.1495772976458176,0.0,1.0,1.0,0.0,0.0,1.0
10,120,7.410332075126623,9.388880837739425,1.0,0.0,0.0,0.0,0.0,0.0
11,120,1.2517409542877485,4.420295482248531,0.0,1.0,0.0,0.0,0.0,0.0
12,120,0.0,12.0,0.0,0.0,0.0,0.0,0.0,0.0
13,120,1.2498695142252467,0.5773845102822536,1.0,0.0,0.0,0.0,1.0,0.0
14,120,3.1188492135870645,2.1130123985274065,1.0,0.0,1.0,1.0,0.0,1.0
15,120,5.068413569057065,12.0,0.0,0.0,0.0,0.0,0.0,1.0
16,120,1.117216807921809,0.7767157864835433,1.0,0.0,1.0,1.0,0.0,0.0
17,120,10.86208168463392,5.784531434007161,0.0,0.0,0.0,0.0,0.0,0.0
18,120,4.84103768766902,11.94695383806041,0.0,1.0,0.0,1.0,0.0,1.0
19,120,3.0163204231438407,3.540175191506958,0.0,0.0,1.0,1.0,0.0,1.0
0,125,0.0110018735264212,9.51594894991888,1.0,0.0,0.0,0.0,0.0,0.0
1,125,9.680879881904572,11.09264482427552,0.0,1.0,1.0,1.0,1.0,0.0
2,125,7.855570992260793,8.671238535995311,0.0,0.0,0.0,1.0,0.0,0.0
3,125,10.289903223610564,7.966022905456199,0.0,1.0,0.0,1.0,1.0,0.0
4,125,0.3200395483961289,9.131583464297176,0.0,0.0,0.0,0.0,1.0,1.0
5,125,11.97718958575966,6.213313265608216,0.0,1.0,0.0,0.0,0.0,0.0
6,125,2.5952455879291074,0.0,1.0,0.0,0.0,0.0,1.0,0.0
7,125,12.0,5.341935214346777,1.0,0.0,1.0,0.0,1.0,0.0
8,125,8.805311091736803,4.701778904772523,0.0,1.0,0.0,0.0,0.0,1.0
9,125,3.5249254608286598,3.1522084275624587,0.0,1.0,1.0,0.0,0.0,1.0
10,125,7.27486900664574,9.368228564271684,1.0,0.0,0.0,0.0,0.0,0.0
11,125,1.352174240950876,4.545282717849842,0.0,1.0,0.0,0.0,0.0,0.0
12,125,0.0,12.0,0.0,0.0,0.0,0.0,0.0,0.0
13,125,1.2803747070187843,0.5186623100084583,1.0,0.0,0.0,0.0,1.0,0.0
14,125,3.1322775978665494,2.111438713108908,1.0,0.0,1.0,1.0,0.0,1.0
15,125,5.033838778556804,12.0,0.0,0.0,0.0,0.0,0.0,1.0
16,125,1.15943057068955,0.8826149431291187,1.0,0.0,1.0,1.0,0.0,0.0
17,125,10.93749159811059,5.812890001577526,0.0,0.0,0.0,0.0,0.0,0.0
18,125,4.836365883736877,11.900298555877052,0.0,1.0,0.0,1.0,0.0,1.0
19,125,3.016745712661142,3.5581891424371426,0.0,0.0,1.0,1.0,0.0,1.0
0,130,0.0201334143733531,9.510439802681352,1.0,0.0,0.0,0.0,0.0,0.0
1,130,9.768735807909485,11.088098973421738,0.0,1.0,1.0,1.0,1.0,0.0
2,130,7.717067785006948,8.53221806095563,0.0,0.0,0.0,1.0,0.0,0.0
3,130,10.25930795827476,7.96514304595761,0.0,1.0,0.0,1.0,1.0,0.0
4,130,0.272214222106608,9.141631343057124,0.0,0.0,0.0,0.0,1.0,1.0
5,130,11.96659966049636,6.214442647850711,0.0,1.0,0.0,0.0,0.0,0.0
6,130,2.618640425883469,0.0,1.0,0.0,0.0,0.0,1.0,0.0
7,130,12.0,5.356238342850063,1.0,0.0,1.0,0.0,1.0,0.0
8,130,8.786429123290153,4.6272161483632255,0.0,1.0,0.0,0.0,0.0,1.0
9,130,3.601358642927838,3.154099277396643,0.0,1.0,1.0,0.0,0.0,1.0
10,130,7.138529935161103,9.346387974704976,1.0,0.0,0.0,0.0,0.0,0.0
11,130,1.4530129224911097,4.668008724566212,0.0,1.0,0.0,0.0,0.0,0.0
12,130,0.0,12.0,0.0,0.0,0.0,0.0,0.0,0.0
13,130,1.3147199496170487,0.4496189331070803,1.0,0.0,0.0,0.0,1.0,0.0
14,130,3.159183186380942,2.108197638995406,1.0,0.0,1.0,1.0,0.0,1.0
15,130,5.002812717789273,12.0,0.0,0.0,0.0,0.0,0.0,1.0
16,130,1.2071879956639966,0.9916913603581036,1.0,0.0,1.0,1.0,0.0,0.0
17,130,10.993457349990368,5.83428213875459,0.0,0.0,0.0,0.0,0.0,0.0
18,130,4.831607549549621,11.86100431272552,0.0,1.0,0.0,1.0,0.0,1.0
19,130,3.017045384813309,3.5690736218722163,0.0,0.0,1.0,1.0,0.0,1.0
0,135,0.0532614346051336,9.489921506794254,1.0,0.0,0.0,0.0,0.0,0.0
1,135,9.82187690460815,11.085471256863272,0.0,1.0,1.0,1.0,1.0,0.0
2,135,7.564865515625319,8.382531097727766,0.0,0.0,0.0,1.0,0.0,0.0
3,135,10.22186753207984,7.965458590506816,0.0,1.0,0.0,1.0,1.0,0.0
4,135,0.2162750955676847,9.154421225923109,0.0,0.0,0.0,0.0,1.0,1.0
5,135,11.94024300965811,6.21644326294329,0.0,1.0,0.0,0.0,0.0,0.0
6,135,2.6365607776268423,0.0,1.0,0.0,0.0,0.0,1.0,0.0
7,135,12.0,5.379317472584915,1.0,0.0,1.0,0.0,1.0,0.0
8,135,8.775500986048181,4.583597706698892,0.0,1.0,0.0,0.0,0.0,1.0
9,135,3.6781271102247066,3.155748916147109,0.0,1.0,1.0,0.0,0.0,1.0
10,135,7.009171484990808,9.325211598403875,1.0,0.0,0.0,0.0,0.0,0.0
11,135,1.5569796770985562,4.789781783751416,0.0,1.0,0.0,0.0,0.0,0.0
12,135,0.0,12.0,0.0,0.0,0.0,0.0,0.0,0.0
13,135,1.3462768963630034,0.3904283005726586,1.0,0.0,0.0,0.0,1.0,0.0
14,135,3.195256158936832,2.1030875243027807,1.0,0.0,1.0,1.0,0.0,1.0
15,135,4.972213077209871,12.0,0.0,0.0,0.0,0.0,0.0,1.0
16,135,1.2468489810151429,1.0977435567632003,1.0,0.0,1.0,1.0,0.0,0.0
17,135,11.07460834300372,5.865026261878599,0.0,0.0,0.0,0.0,0.0,0.0
18,135,4.827735323675296,11.823357596462108,0.0,1.0,0.0,1.0,0.0,1.0
19,135,3.0172499649206284,3.59381513318112,0.0,0.0,1.0,1.0,0.0,1.0
0,140,0.0886014466900046,9.46704033279297,1.0,0.0,0.0,0.0,0.0,0.0
1,140,9.8514463011321,11.083924350456858,0.0,1.0,1.0,1.0,1.0,0.0
2,140,7.423662657330754,8.249905723132104,0.0,0.0,0.0,1.0,0.0,0.0
3,140,10.169589104537511,7.966194999821162,0.0,1.0,0.0,1.0,1.0,0.0
4,140,0.1931753965383011,9.159877098866428,0.0,0.0,0.0,0.0,1.0,1.0
5,140,11.955865061551698,6.21527985122769,0.0,1.0,0.0,0.0,0.0,0.0
6,140,2.6553708269731184,0.0,1.0,0.0,0.0,0.0,1.0,0.0
7,140,12.0,5.404247116303013,1.0,0.0,1.0,0.0,1.0,0.0
8,140,8.771719823699055,4.568764300261908,0.0,1.0,0.0,0.0,0.0,1.0
9,140,3.673430527646244,3.2495604565676537,0.0,1.0,1.0,0.0,0.0,1.0
10,140,6.895410959383447,9.307124464998768,1.0,0.0,0.0,0.0,0.0,0.0
11,140,1.6657856479477324,4.919623426456959,0.0,1.0,0.0,0.0,0.0,0.0
12,140,0.0,12.0,0.0,0.0,0.0,0.0,0.0,0.0
13,140,1.3707605023088032,0.3416727505263391,1.0,0.0,0.0,0.0,1.0,0.0
14,140,3.230643160019409,2.09822494061807,1.0,0.0,1.0,1.0,0.0,1.0
15,140,4.94262362263375,12.0,0.0,0.0,0.0,0.0,0.0,1.0
16,140,1.2851407141849511,1.2016422775119422,1.0,0.0,1.0,1.0,0.0,0.0
17,140,11.171840473866345,5.903011749463525,0.0,0.0,0.0,0.0,0.0,0.0
18,140,4.823621549668616,11.78804888979879,0.0,1.0,0.0,1.0,0.0,1.0
19,140,3.016753041867632,3.632378876844606,0.0,0.0,1.0,1.0,0.0,1.0
0,145,0.1245294690443919,9.44356418278548,1.0,0.0,0.0,0.0,0.0,0.0
1,145,9.884447307213277,11.083273809338143,0.0,1.0,1.0,1.0,1.0,0.0
2,145,7.305632930320184,8.143885177314342,0.0,0.0,0.0,1.0,0.0,0.0
3,145,10.096026998421507,7.967437098652383,0.0,1.0,0.0,1.0,1.0,0.0
4,145,0.1991112366268246,9.182863673421156,0.0,0.0,0.0,0.0,1.0,1.0
5,145,11.945652507026598,6.215985151586689,0.0,1.0,0.0,0.0,0.0,0.0
6,145,2.675613057690448,0.0,1.0,0.0,0.0,0.0,1.0,0.0
7,145,12.0,5.425182886846516,1.0,0.0,1.0,0.0,1.0,0.0
8,145,8.767336929806198,4.549450161984303,0.0,1.0,0.0,0.0,0.0,1.0
9,145,3.6669432452249824,3.350778757449816,0.0,1.0,1.0,0.0,0.0,1.0
10,145,6.772053569052392,9.289029570948497,1.0,0.0,0.0,0.0,0.0,0.0
11,145,1.7527619493469058,5.026644001080556,0.0,1.0,0.0,0.0,0.0,0.0
12,145,0.0,12.0,0.0,0.0,0.0,0.0,0.0,0.0
13,145,1.4005402560346252,0.2831488165038153,1.0,0.0,0.0,0.0,1.0,0.0
14,145,3.251110291261064,2.0957679784039582,1.0,0.0,1.0,1.0,0.0,1.0
15,145,4.91521837377698,12.0,0.0,0.0,0.0,0.0,0.0,1.0
16,145,1.3240905566230197,1.3156743107015252,1.0,0.0,1.0,1.0,0.0,0.0
17,145,11.26656961992724,5.936772948955729,0.0,0.0,0.0,0.0,0.0,0.0
18,145,4.8186800568348,11.749541234626331,0.0,1.0,0.0,1.0,0.0,1.0
19,145,3.048969192768608,3.632764755343466,0.0,0.0,1.0,1.0,0.0,1.0
0,150,0.131884489490108,9.438666340112142,1.0,0.0,0.0,0.0,0.0,0.0
1,150,9.920549937145498,11.083373726327904,0.0,1.0,1.0,1.0,1.0,0.0
2,150,7.187259643765822,8.036838529733682,0.0,0.0,0.0,1.0,0.0,0.0
3,150,10.018452548964518,7.966339201559114,0.0,1.0,0.0,1.0,1.0,0.0
4,150,0.204123973514452,9.204126944997675,0.0,0.0,0.0,0.0,1.0,1.0
5,150,11.948514248365033,6.215845611739837,0.0,1.0,0.0,0.0,0.0,0.0
6,150,2.68768989511252,0.0,1.0,0.0,0.0,0.0,1.0,0.0
7,150,12.0,5.446916596223356,1.0,0.0,1.0,0.0,1.0,0.0
8,150,8.765066790396988,4.538419826056113,0.0,1.0,0.0,0.0,0.0,1.0
9,150,3.661495097871525,3.453447828732006,0.0,1.0,1.0,0.0,0.0,1.0
10,150,6.6451398269841295,9.273847104475523,1.0,0.0,0.0,0.0,0.0,0.0
11,150,1.832798506708658,5.128184354670955,0.0,1.0,0.0,0.0,0.0,0.0
12,150,0.0,12.0,0.0,0.0,0.0,0.0,0.0,0.0
13,150,1.4192536034258698,0.2444585278974411,1.0,0.0,0.0,0.0,1.0,0.0
14,150,3.268088145226318,2.093470422731315,1.0,0.0,1.0,1.0,0.0,1.0
15,150,4.883811711319095,12.0,0.0,0.0,0.0,0.0,0.0,1.0
16,150,1.368992844819806,1.4550950226911326,1.0,0.0,1.0,1.0,0.0,0.0
17,150,11.35687765750552,5.971464438667178,0.0,0.0,0.0,0.0,0.0,0.0
18,150,4.8154686693591175,11.711171431576595,0.0,1.0,0.0,1.0,0.0,1.0
19,150,3.06504307442915,3.632507791439755,0.0,0.0,1.0,1.0,0.0,1.0
0,155,0.1501100267582774,9.426788674655842,1.0,0.0,0.0,0.0,0.0,0.0
1,155,9.968879381324836,11.08452491679218,0.0,1.0,1.0,1.0,1.0,0.0
2,155,7.076295322227813,7.935360059983365,0.0,0.0,0.0,1.0,0.0,0.0
3,155,9.93465327190104,7.96463597016553,0.0,1.0,0.0,1.0,1.0,0.0
4,155,0.214270360025702,9.245991979924474,0.0,0.0,0.0,0.0,1.0,1.0
5,155,11.946384619785192,6.215882896784859,0.0,1.0,0.0,0.0,0.0,0.0
6,155,2.7013585960760547,0.0,1.0,0.0,0.0,0.0,1.0,0.0
7,155,12.0,5.463663538617558,1.0,0.0,1.0,0.0,1.0,0.0
8,155,8.763381801633983,4.53048668458902,0.0,1.0,0.0,0.0,0.0,1.0
9,155,3.655075218638317,3.568503706068088,0.0,1.0,1.0,0.0,0.0,1.0
10,155,6.514534024663941,9.25575292085397,1.0,0.0,0.0,0.0,0.0,0.0
11,155,1.9172246082170408,5.238455344847822,0.0,1.0,0.0,0.0,0.0,0.0
12,155,0.0,12.0,0.0,0.0,0.0,0.0,0.0,0.0
13,155,1.438958198878085,0.2026360069014783,1.0,0.0,0.0,0.0,1.0,0.0
14,155,3.2816948502162844,2.091527483458877,1.0,0.0,1.0,1.0,0.0,1.0
15,155,4.860919208137073,12.0,0.0,0.0,0.0,0.0,0.0,1.0
16,155,1.4272068882334208,1.6225260892927356,1.0,0.0,1.0,1.0,0.0,0.0
17,155,11.430478742145588,6.000779583097859,0.0,0.0,0.0,0.0,0.0,0.0
18,155,4.812838037660671,11.676665642310816,0.0,1.0,0.0,1.0,0.0,1.0
19,155,3.074152939261617,3.6322677576999007,0.0,0.0,1.0,1.0,0.0,1.0
0,160,0.1598737843779651,9.420316234380495,1.0,0.0,0.0,0.0,0.0,0.0
1,160,10.00361616845965,11.08575013610718,0.0,1.0,1.0,1.0,1.0,0.0
2,160,6.9606581264983225,7.827810344816513,0.0,0.0,0.0,1.0,0.0,0.0
3,160,9.85798265567828,7.964941204597659,0.0,1.0,0.0,1.0,1.0,0.0
4,160,0.223074103056607,9.283550808932208,0.0,0.0,0.0,0.0,1.0,1.0
5,160,11.963768013989249,6.216050056435354,0.0,1.0,0.0,0.0,0.0,0.0
6,160,2.711847386470592,0.0,1.0,0.0,0.0,0.0,1.0,0.0
7,160,12.0,5.476356821837311,1.0,0.0,1.0,0.0,1.0,0.0
8,160,8.764219223793956,4.535141666864922,0.0,1.0,0.0,0.0,0.0,1.0
9,160,3.649147138678202,3.6888304067472193,0.0,1.0,1.0,0.0,0.0,1.0
10,160,6.37376566985064,9.23580894007818,1.0,0.0,0.0,0.0,0.0,0.0
11,160,2.000906306280933,5.346125088808561,0.0,1.0,0.0,0.0,0.0,0.0
12,160,0.0,12.0,0.0,0.0,0.0,0.0,0.0,0.0
13,160,1.4543034975450335,0.1694429855941158,1.0,0.0,0.0,0.0,1.0,0.0
14,160,3.268190246351681,2.0931584403197383,1.0,0.0,1.0,1.0,0.0,1.0
15,160,4.836219207276792,12.0,0.0,0.0,0.0,0.0,0.0,1.0
16,160,1.4922453697245488,1.804825564982416,1.0,0.0,1.0,1.0,0.0,0.0
17,160,11.501076490120754,6.029006423211372,0.0,0.0,0.0,0.0,0.0,0.0
18,160,4.811515272452755,11.658467920098468,0.0,1.0,0.0,1.0,0.0,1.0
19,160,3.0798414103592493,3.63199215480236,0.0,0.0,1.0,1.0,0.0,1.0
0,165,0.165845422373042,9.416309815086771,1.0,0.0,0.0,0.0,0.0,0.0
1,165,10.029206538740528,11.086282145937057,0.0,1.0,1.0,1.0,1.0,0.0
2,165,6.857689210293809,7.730246793010942,0.0,0.0,0.0,1.0,0.0,0.0
3,165,9.7907010294763,7.965407197490552,0.0,1.0,0.0,1.0,1.0,0.0
4,165,0.2321173994334446,9.327507890389542,0.0,0.0,0.0,0.0,1.0,1.0
5,165,11.964546735308886,6.216062901733733,0.0,1.0,0.0,0.0,0.0,0.0
6,165,2.7270060648241543,0.0,1.0,0.0,0.0,0.0,1.0,0.0
7,165,12.0,5.485566565991077,1.0,0.0,1.0,0.0,1.0,0.0
8,165,8.767982452204754,4.5571778909546765,0.0,1.0,0.0,0.0,0.0,1.0
9,165,3.643354200626257,3.8091384401179953,0.0,1.0,1.0,0.0,0.0,1.0
10,165,6.241656011564481,9.21793098423358,1.0,0.0,0.0,0.0,0.0,0.0
11,165,2.0828415099426985,5.451979365507695,0.0,1.0,0.0,0.0,0.0,0.0
12,165,0.0,12.0,0.0,0.0,0.0,0.0,0.0,0.0
13,165,1.473230046853137,0.1258320364467481,1.0,0.0,0.0,0.0,1.0,0.0
14,165,3.259868837850644,2.094267141410284,1.0,0.0,1.0,1.0,0.0,1.0
15,165,4.809998536253737,12.0,0.0,0.0,0.0,0.0,0.0,1.0
16,165,1.56033584732926,1.982927745810513,1.0,0.0,1.0,1.0,0.0,0.0
17,165,11.561690623991057,6.054382358487054,0.0,0.0,0.0,0.0,0.0,0.0
18,165,4.807850622540351,11.619909741090096,0.0,1.0,0.0,1.0,0.0,1.0
19,165,3.0921267538039423,3.631494942400892,0.0,0.0,1.0,1.0,0.0,1.0
0,170,0.1539110242050641,9.424289692423974,1.0,0.0,0.0,0.0,0.0,0.0
1,170,10.035399442790244,11.086545226436831,0.0,1.0,1.0,1.0,1.0,0.0
2,170,6.782483442390694,7.658100453689799,0.0,0.0,0.0,1.0,0.0,0.0
3,170,9.723088865206895,7.966920707718178,0.0,1.0,0.0,1.0,1.0,0.0
4,170,0.2431230813068733,9.376330464429614,0.0,0.0,0.0,0.0,1.0,1.0
5,170,11.951033492011192,6.216165673771477,0.0,1.0,0.0,0.0,0.0,0.0
6,170,2.7407571863896067,0.0,1.0,0.0,0.0,0.0,1.0,0.0
7,170,12.0,5.49592663929602,1.0,0.0,1.0,0.0,1.0,0.0
8,170,8.771630377063767,4.583104794837272,0.0,1.0,0.0,0.0,0.0,1.0
9,170,3.636617922014693,3.942496689605405,0.0,1.0,1.0,0.0,0.0,1.0
10,170,6.129301785186095,9.19993119924853,1.0,0.0,0.0,0.0,0.0,0.0
11,170,2.1594476433672134,5.552735843813583,0.0,1.0,0.0,0.0,0.0,0.0
12,170,0.0,12.0,0.0,0.0,0.0,0.0,0.0,0.0
13,170,1.4921190063506204,0.0844410096610294,1.0,0.0,0.0,0.0,1.0,0.0
14,170,3.243674048606411,2.0964399823937527,1.0,0.0,1.0,1.0,0.0,1.0
15,170,4.793459998955043,12.0,0.0,0.0,0.0,0.0,0.0,1.0
16,170,1.6227269030924958,2.159371911771592,1.0,0.0,1.0,1.0,0.0,0.0
17,170,11.626948274299568,6.0812756013141245,0.0,0.0,0.0,0.0,0.0,0.0
18,170,4.805427376966586,11.593503850798724,0.0,1.0,0.0,1.0,0.0,1.0
19,170,3.1269485286275165,3.629544830084908,0.0,0.0,1.0,1.0,0.0,1.0
0,175,0.1592672557674761,9.42084987748483,1.0,0.0,0.0,0.0,0.0,0.0
1,175,10.055505265968518,11.087304145937342,0.0,1.0,1.0,1.0,1.0,0.0
2,175,6.701444114789027,7.582124832537848,0.0,0.0,0.0,1.0,0.0,0.0
3,175,9.658213893191364,7.96640287999695,0.0,1.0,0.0,1.0,1.0,0.0
4,175,0.2567404741503313,9.433291835830644,0.0,0.0,0.0,0.0,1.0,1.0
5,175,11.953302642775432,6.216219146815333,0.0,1.0,0.0,0.0,0.0,0.0
6,175,2.7513133689963727,0.0,1.0,0.0,0.0,0.0,1.0,0.0
7,175,12.0,5.505736951376239,1.0,0.0,1.0,0.0,1.0,0.0
8,175,8.774969262716242,4.609017284307245,0.0,1.0,0.0,0.0,0.0,1.0
9,175,3.625786731789254,4.080960869717552,0.0,1.0,1.0,0.0,0.0,1.0
10,175,6.017048675832156,9.185541803372802,1.0,0.0,0.0,0.0,0.0,0.0
11,175,2.236835956858776,5.654453130955122,0.0,1.0,0.0,0.0,0.0,0.0
12,175,0.0,12.0,0.0,0.0,0.0,0.0,0.0,0.0
13,175,1.5141801899166876,0.0378502458728462,1.0,0.0,0.0,0.0,1.0,0.0
14,175,3.21590623418435,2.100145418886391,1.0,0.0,1.0,1.0,0.0,1.0
15,175,4.7834596009612085,12.0,0.0,0.0,0.0,0.0,0.0,1.0
16,175,1.6820159931206682,2.3346580130726955,1.0,0.0,1.0,1.0,0.0,0.0
17,175,11.679635638378354,6.103654999539107,0.0,0.0,0.0,0.0,0.0,0.0
18,175,4.802963600124372,11.567596655848927,0.0,1.0,0.0,1.0,0.0,1.0
19,175,3.142993750643853,3.6287041625391274,0.0,0.0,1.0,1.0,0.0,1.0
0,180,0.1667893771789443,9.416037809741512,1.0,0.0,0.0,0.0,0.0,0.0
1,180,10.096008330184825,11.088322321981805,0.0,1.0,1.0,1.0,1.0,0.0
2,180,6.615388953127782,7.500690290862244,0.0,0.0,0.0,1.0,0.0,0.0
3,180,9.574454701668996,7.964647291191313,0.0,1.0,0.0,1.0,1.0,0.0
4,180,0.2729398578021452,9.499954505383736,0.0,0.0,0.0,0.0,1.0,1.0
5,180,11.958488260295638,6.21643097714788,0.0,1.0,0.0,0.0,0.0,0.0
6,180,2.758052371050991,0.0,1.0,0.0,0.0,0.0,1.0,0.0
7,180,12.0,5.514812535759292,1.0,0.0,1.0,0.0,1.0,0.0
8,180,8.77873609843823,4.634470020286332,0.0,1.0,0.0,0.0,0.0,1.0
9,180,3.615509242174021,4.22534670777674,0.0,1.0,1.0,0.0,0.0,1.0
10,180,5.904986814344386,9.168316518382056,1.0,0.0,0.0,0.0,0.0,0.0
11,180,2.319268751543731,5.765745932429335,0.0,1.0,0.0,0.0,0.0,0.0
12,180,0.0,12.0,0.0,0.0,0.0,0.0,0.0,0.0
13,180,1.5334030288205214,0.0,1.0,0.0,0.0,0.0,1.0,0.0
14,180,3.191511722729124,2.1031590424827624,1.0,0.0,1.0,1.0,0.0,1.0
15,180,4.775791099425097,12.0,0.0,0.0,0.0,0.0,0.0,1.0
16,180,1.7415374254916454,2.50368733219049,1.0,0.0,1.0,1.0,0.0,0.0
17,180,11.742367683809292,6.1289644370638765,0.0,0.0,0.0,0.0,0.0,0.0
18,180,4.801664942230604,11.55485753269173,0.0,1.0,0.0,1.0,0.0,1.0
19,180,3.1634816968544106,3.6278736850130673,0.0,0.0,1.0,1.0,0.0,1.0
0,185,0.1685901363594676,9.41486115537204,1.0,0.0,0.0,0.0,0.0,0.0
1,185,10.16080247346275,11.089385278364508,0.0,1.0,1.0,1.0,1.0,0.0
2,185,6.532305220555837,7.423670384106664,0.0,0.0,0.0,1.0,0.0,0.0
3,185,9.48358604013879,7.964134504953058,0.0,1.0,0.0,1.0,1.0,0.0
4,185,0.2808910827800135,9.535200858641725,0.0,0.0,0.0,0.0,1.0,1.0
5,185,11.992301766735752,6.217336727787779,0.0,1.0,0.0,0.0,0.0,0.0
6,185,2.7617176136449846,0.0,1.0,0.0,0.0,0.0,1.0,0.0
7,185,12.0,5.525343829572485,1.0,0.0,1.0,0.0,1.0,0.0
8,185,8.780109725160013,4.643829725230904,0.0,1.0,0.0,0.0,0.0,1.0
9,185,3.603303795315814,4.369227878526512,0.0,1.0,1.0,0.0,0.0,1.0
10,185,5.813865403398918,9.155120493071818,1.0,0.0,0.0,0.0,0.0,0.0
11,185,2.393436573020136,5.8631708858695255,0.0,1.0,0.0,0.0,0.0,0.0
12,185,0.0,12.0,0.0,0.0,0.0,0.0,0.0,0.0
13,185,1.555201629528958,0.0,1.0,0.0,0.0,0.0,1.0,0.0
14,185,3.164782184174882,2.106554169183961,1.0,0.0,1.0,1.0,0.0,1.0
15,185,4.781472399012743,11.98940279820235,0.0,0.0,0.0,0.0,0.0,1.0
16,185,1.7993985630251743,2.666272097473662,1.0,0.0,1.0,1.0,0.0,0.0
17,185,11.791837398801848,6.148107852874415,0.0,0.0,0.0,0.0,0.0,0.0
18,185,4.801766472547946,11.555702792093662,0.0,1.0,0.0,1.0,0.0,1.0
19,185,3.164759052439785,3.6278216980559295,0.0,0.0,1.0,1.0,0.0,1.0
0,190,0.1660365764541712,9.41655692813219,1.0,0.0,0.0,0.0,0.0,0.0
1,190,10.20657014862492,11.09087470229884,0.0,1.0,1.0,1.0,1.0,0.0
2,190,6.426545472445231,7.325257684626375,0.0,0.0,0.0,1.0,0.0,0.0
3,190,9.407534360597392,7.9626358634597905,0.0,1.0,0.0,1.0,1.0,0.0
4,190,0.2877671649686292,9.562153702461089,0.0,0.0,0.0,0.0,1.0,1.0
5,190,12.0,6.21868581436071,0.0,1.0,0.0,0.0,0.0,0.0
6,190,2.7621985499776898,0.0,1.0,0.0,0.0,0.0,1.0,0.0
7,190,12.0,5.534814201245336,1.0,0.0,1.0,0.0,1.0,0.0
8,190,8.781657970828572,4.659856747649099,0.0,1.0,0.0,0.0,0.0,1.0
9,190,3.729694205338047,4.383639886228491,0.0,1.0,1.0,0.0,0.0,1.0
10,190,5.729800904285799,9.141655562041658,1.0,0.0,0.0,0.0,0.0,0.0
11,190,2.4603152856892243,5.9503323197159625,0.0,1.0,0.0,0.0,0.0,0.0
12,190,0.0,12.0,0.0,0.0,0.0,0.0,0.0,0.0
13,190,1.5821533072525351,0.0,1.0,0.0,0.0,0.0,1.0,0.0
14,190,3.158957192077956,2.1073593308568426,1.0,0.0,1.0,1.0,0.0,1.0
15,190,4.785195069267328,11.982708414783891,0.0,0.0,0.0,0.0,0.0,1.0
16,190,1.8607604603340675,2.837245602603488,1.0,0.0,1.0,1.0,0.0,0.0
17,190,11.851955330877878,6.170401033816287,0.0,0.0,0.0,0.0,0.0,0.0
18,190,4.801422472376423,11.552732114612423,0.0,1.0,0.0,1.0,0.0,1.0
19,190,3.1722940369623007,3.6277521523684593,0.0,0.0,1.0,1.0,0.0,1.0
0,195,0.1667315279588363,9.416074671604692,1.0,0.0,0.0,0.0,0.0,0.0
1,195,10.249039692719736,11.094086435956138,0.0,1.0,1.0,1.0,1.0,0.0
2,195,6.313697757938691,7.220995146061165,0.0,0.0,0.0,1.0,0.0,0.0
3,195,9.343705101510578,7.962822083999232,0.0,1.0,0.0,1.0,1.0,0.0
4,195,0.2970958327874778,9.60007595300052,0.0,0.0,0.0,0.0,1.0,1.0
5,195,12.0,6.2200372098028325,0.0,1.0,0.0,0.0,0.0,0.0
6,195,2.7613464894731568,0.0028278421733918,1.0,0.0,0.0,0.0,1.0,0.0
7,195,12.0,5.547180523753562,1.0,0.0,1.0,0.0,1.0,0.0
8,195,8.783791221642096,4.687579803848585,0.0,1.0,0.0,0.0,0.0,1.0
9,195,3.8484237412425895,4.399045781545582,0.0,1.0,1.0,0.0,0.0,1.0
10,195,5.6409001994635295,9.128501375124872,1.0,0.0,0.0,0.0,0.0,0.0
11,195,2.530015461601478,6.037309465888026,0.0,1.0,0.0,0.0,0.0,0.0
12,195,0.0,12.0,0.0,0.0,0.0,0.0,0.0,0.0
13,195,1.6032680079201749,0.0,1.0,0.0,0.0,0.0,1.0,0.0
14,195,3.1457305767191417,2.108516454680029,1.0,0.0,1.0,1.0,0.0,1.0
15,195,4.786840461518256,11.979581619582405,0.0,0.0,0.0,0.0,0.0,1.0
16,195,1.9212471891444929,3.003968900166761,1.0,0.0,1.0,1.0,0.0,0.0
17,195,11.908802060517193,6.1912787839388255,0.0,0.0,0.0,0.0,0.0,0.0
18,195,4.800690122061567,11.54714998483032,0.0,1.0,0.0,1.0,0.0,1.0
19,195,3.1786762189216784,3.6277681054226663,0.0,0.0,1.0,1.0,0.0,1.0
0,200,0.1724245569901405,9.41201611834888,1.0,0.0,0.0,0.0,0.0,0.0
1,200,10.295712367124016,11.097457339269171,0.0,1.0,1.0,1.0,1.0,0.0
2,200,6.210587824188411,7.130129645657724,0.0,0.0,0.0,1.0,0.0,0.0
3,200,9.273057030945688,7.961981275506932,0.0,1.0,0.0,1.0,1.0,0.0
4,200,0.3027970328467184,9.620339870937675,0.0,0.0,0.0,0.0,1.0,1.0
5,200,12.0,6.22096955763759,0.0,1.0,0.0,0.0,0.0,0.0
6,200,2.764202899592733,0.0,1.0,0.0,0.0,0.0,1.0,0.0
7,200,12.0,5.5571572775002105,1.0,0.0,1.0,0.0,1.0,0.0
8,200,8.786721028966163,4.718756207949156,0.0,1.0,0.0,0.0,0.0,1.0
9,200,3.9593432723018376,4.412978193026015,0.0,1.0,1.0,0.0,0.0,1.0
10,200,5.560321614091444,9.115543797110732,1.0,0.0,0.0,0.0,0.0,0.0
11,200,2.598096924451495,6.12086916844941,0.0,1.0,0.0,0.0,0.0,0.0
12,200,0.0,12.0,0.0,0.0,0.0,0.0,0.0,0.0
13,200,1.6269852123921316,0.0,1.0,0.0,0.0,0.0,1.0,0.0
14,200,3.1246636496814437,2.11039740907055,1.0,0.0,1.0,1.0,0.0,1.0
15,200,4.786499795498355,11.980238129958376,0.0,0.0,0.0,0.0,0.0,1.0
16,200,1.9903354595279328,3.1839038145837897,1.0,0.0,1.0,1.0,0.0,0.0
17,200,11.95187931776849,6.206819076383298,0.0,0.0,0.0,0.0,0.0,0.0
18,200,4.800346677865357,11.544109944045022,0.0,1.0,0.0,1.0,0.0,1.0
19,200,3.1713752022593877,3.627642307081798,0.0,0.0,1.0,1.0,0.0,1.0
0,205,0.1693137962079234,9.41426290373838,1.0,0.0,0.0,0.0,0.0,0.0
1,205,10.32896921145348,11.100897258152594,0.0,1.0,1.0,1.0,1.0,0.0
2,205,6.304246047617772,7.021273828275655,0.0,0.0,0.0,1.0,0.0,0.0
3,205,9.191428468179057,7.962582590323313,0.0,1.0,0.0,1.0,1.0,0.0
4,205,0.3085317635230457,9.640032302238156,0.0,0.0,0.0,0.0,1.0,1.0
5,205,12.0,6.221278987026738,0.0,1.0,0.0,0.0,0.0,0.0
6,205,2.769771787027754,0.0,1.0,0.0,0.0,0.0,1.0,0.0
7,205,12.0,5.568125082608013,1.0,0.0,1.0,0.0,1.0,0.0
8,205,8.787802940692357,4.7329978561374295,0.0,1.0,0.0,0.0,0.0,1.0
9,205,4.085032498019128,4.425501379401429,0.0,1.0,1.0,0.0,0.0,1.0
10,205,5.495948219268087,9.105091281867749,1.0,0.0,0.0,0.0,0.0,0.0
11,205,2.6678666036646157,6.207111461685589,0.0,1.0,0.0,0.0,0.0,0.0
12,205,0.0,12.0,0.0,0.0,0.0,0.0,0.0,0.0
13,205,1.6575471271310016,0.0,1.0,0.0,0.0,0.0,1.0,0.0
14,205,3.118002120048333,2.110846379496057,1.0,0.0,1.0,1.0,0.0,1.0
15,205,4.793889908295856,11.966298368465123,0.0,0.0,0.0,0.0,0.0,1.0
16,205,2.066797110454716,3.373702215285877,1.0,0.0,1.0,1.0,0.0,0.0
17,205,12.0,6.228212167827423,0.0,0.0,0.0,0.0,0.0,0.0
18,205,4.800010981364943,11.540101152678224,0.0,1.0,0.0,1.0,0.0,1.0
19,205,3.1833174215111564,3.627714785072226,0.0,0.0,1.0,1.0,0.0,1.0
0,210,0.157672165985715,9.422612496173636,1.0,0.0,0.0,0.0,0.0,0.0
1,210,10.341102765167491,11.102125368439124,0.0,1.0,1.0,1.0,1.0,0.0
2,210,6.395791852571335,6.902604073144256,0.0,0.0,0.0,1.0,0.0,0.0
3,210,9.111225898326586,7.962017753248004,0.0,1.0,0.0,1.0,1.0,0.0
4,210,0.3136335298820961,9.657288878044223,0.0,0.0,0.0,0.0,1.0,1.0
5,210,12.0,6.22256975084214,0.0,1.0,0.0,0.0,0.0,0.0
6,210,2.7770867383331863,0.0,1.0,0.0,0.0,0.0,1.0,0.0
7,210,12.0,5.582673103177849,1.0,0.0,1.0,0.0,1.0,0.0
8,210,8.788581393979706,4.741115468008058,0.0,1.0,0.0,0.0,0.0,1.0
9,210,4.191467652887271,4.4356920625427145,0.0,1.0,1.0,0.0,0.0,1.0
10,210,5.449747469228164,9.095748337338907,1.0,0.0,0.0,0.0,0.0,0.0
11,210,2.740243607173369,6.297679801561256,0.0,1.0,0.0,0.0,0.0,0.0
12,210,0.0,12.0,0.0,0.0,0.0,0.0,0.0,0.0
13,210,1.6906554266965133,0.0,1.0,0.0,0.0,0.0,1.0,0.0
14,210,3.137971809801623,2.109293908058964,1.0,0.0,1.0,1.0,0.0,1.0
15,210,4.804889356372299,11.945243874284184,0.0,0.0,0.0,0.0,0.0,1.0
16,210,2.1575412390380597,3.5887462215029164,1.0,0.0,1.0,1.0,0.0,0.0
17,210,11.981053044047195,6.2800502440202,0.0,0.0,0.0,0.0,0.0,0.0
18,210,4.799770880758395,11.536796162847766,0.0,1.0,0.0,1.0,0.0,1.0
19,210,3.156411749876948,3.628112191626137,0.0,0.0,1.0,1.0,0.0,1.0
0,215,0.145080170945789,9.431511031658388,1.0,0.0,0.0,0.0,0.0,0.0
1,215,10.35276416134381,11.103222495578937,0.0,1.0,1.0,1.0,1.0,0.0
2,215,6.532922836994076,7.009205134636211,0.0,0.0,0.0,1.0,0.0,0.0
3,215,9.023902220926333,7.96255473702803,0.0,1.0,0.0,1.0,1.0,0.0
4,215,0.3221561367969611,9.68385745979357,0.0,0.0,0.0,0.0,1.0,1.0
5,215,12.0,6.226797833589851,0.0,1.0,0.0,0.0,0.0,0.0
6,215,2.7891015373747803,0.0,1.0,0.0,0.0,0.0,1.0,0.0
7,215,12.0,5.5973060689505445,1.0,0.0,1.0,0.0,1.0,0.0
8,215,8.788851372601373,4.744302662794419,0.0,1.0,0.0,0.0,0.0,1.0
9,215,4.2924296589251885,4.449453857918623,0.0,1.0,1.0,0.0,0.0,1.0
10,215,5.393811241159682,9.083624160904687,1.0,0.0,0.0,0.0,0.0,0.0
11,215,2.8140548946531254,6.385882527008214,0.0,1.0,0.0,0.0,0.0,0.0
12,215,0.0,12.0,0.0,0.0,0.0,0.0,0.0,0.0
13,215,1.7158803925589785,0.0,1.0,0.0,0.0,0.0,1.0,0.0
14,215,3.141854036525853,2.1090059570100195,1.0,0.0,1.0,1.0,0.0,1.0
15,215,4.799285892573522,11.95547952441268,0.0,0.0,0.0,0.0,0.0,1.0
16,215,2.25132779212774,3.79890766178212,1.0,0.0,1.0,1.0,0.0,0.0
17,215,11.953281332091567,6.353233725943801,0.0,0.0,0.0,0.0,0.0,0.0
18,215,4.799820931878871,11.537521229145032,0.0,1.0,0.0,1.0,0.0,1.0
19,215,3.147536336549178,3.6282627338659994,0.0,0.0,1.0,1.0,0.0,1.0
0,220,0.1433880554447142,9.432718194645055,1.0,0.0,0.0,0.0,0.0,0.0
1,220,10.357929549068938,11.103477321260378,0.0,1.0,1.0,1.0,1.0,0.0
2,220,6.674443491009414,7.118495650770712,0.0,0.0,0.0,1.0,0.0,0.0
3,220,8.941927358914938,7.964039884129627,0.0,1.0,0.0,1.0,1.0,0.0
4,220,0.3243293231618658,9.690705355948944,0.0,0.0,0.0,0.0,1.0,1.0
5,220,12.0,6.231681519283357,0.0,1.0,0.0,0.0,0.0,0.0
6,220,2.797819012955076,0.0,1.0,0.0,0.0,0.0,1.0,0.0
7,220,12.0,5.611795823091528,1.0,0.0,1.0,0.0,1.0,0.0
8,220,8.78955818487133,4.751887880037103,0.0,1.0,0.0,0.0,0.0,1.0
9,220,4.424309546766727,4.4715159725054985,0.0,1.0,1.0,0.0,0.0,1.0
10,220,5.345790463540002,9.074112898810734,1.0,0.0,0.0,0.0,0.0,0.0
11,220,2.8941776060576867,6.4796737395147845,0.0,1.0,0.0,0.0,0.0,0.0
12,220,0.0,12.0,0.0,0.0,0.0,0.0,0.0,0.0
13,220,1.7378638760699237,0.0,1.0,0.0,0.0,0.0,1.0,0.0
14,220,3.14206867588992,2.1089965855232284,1.0,0.0,1.0,1.0,0.0,1.0
15,220,4.793486028344975,11.966207125323912,0.0,0.0,0.0,0.0,0.0,1.0
16,220,2.3451888219420107,3.999225800022832,1.0,0.0,1.0,1.0,0.0,0.0
17,220,11.912342523270194,6.458971361467456,0.0,0.0,0.0,0.0,0.0,0.0
18,220,4.799493944090831,11.53353573725902,0.0,1.0,0.0,1.0,0.0,1.0
19,220,3.16610951743576,3.627722889195244,0.0,0.0,1.0,1.0,0.0,1.0
0,225,0.13581099387901,9.438024605350428,1.0,0.0,0.0,0.0,0.0,0.0
1,225,10.370825431640355,11.104064943523968,0.0,1.0,1.0,1.0,1.0,0.0
2,225,6.835099673841361,7.24071996002059,0.0,0.0,0.0,1.0,0.0,0.0
3,225,8.884788044871154,7.963170555784235,0.0,1.0,0.0,1.0,1.0,0.0
4,225,0.3273518231428969,9.700350939947972,0.0,0.0,0.0,0.0,1.0,1.0
5,225,12.0,6.239414448228882,0.0,1.0,0.0,0.0,0.0,0.0
6,225,2.806698916507886,0.0,1.0,0.0,0.0,0.0,1.0,0.0
7,225,12.0,5.626554674923693,1.0,0.0,1.0,0.0,1.0,0.0
8,225,8.790450198716888,4.763806012624405,0.0,1.0,0.0,0.0,0.0,1.0
9,225,4.564826985576924,4.494892881606268,0.0,1.0,1.0,0.0,0.0,1.0
10,225,5.272669956713488,9.06052058664073,1.0,0.0,0.0,0.0,0.0,0.0
11,225,2.981923076813246,6.579118771593288,0.0,1.0,0.0,0.0,0.0,0.0
12,225,0.0,12.0,0.0,0.0,0.0,0.0,0.0,0.0
13,225,1.755616782371078,0.0,1.0,0.0,0.0,0.0,1.0,0.0
14,225,3.145571583818373,2.108779146545901,1.0,0.0,1.0,1.0,0.0,1.0
15,225,4.781023935669497,11.988320370457314,0.0,0.0,0.0,0.0,0.0,1.0
16,225,2.443935284240052,4.210460714986828,1.0,0.0,1.0,1.0,0.0,0.0
17,225,11.865420032290736,6.567527528843261,0.0,0.0,0.0,0.0,0.0,0.0
18,225,4.796466621633473,11.500737801938168,0.0,1.0,0.0,1.0,0.0,1.0
19,225,3.18457464001344,3.626913232095555,0.0,0.0,1.0,1.0,0.0,1.0
0,230,0.1099509372909405,9.455498466775229,1.0,0.0,0.0,0.0,0.0,0.0
1,230,10.387752053441664,11.1043829814389,0.0,1.0,1.0,1.0,1.0,0.0
2,230,7.00180105983087,7.372270009941044,0.0,0.0,0.0,1.0,0.0,0.0
3,230,8.829458874827772,7.961522205738111,0.0,1.0,0.0,1.0,1.0,0.0
4,230,0.3204762738051302,9.676129893239914,0.0,0.0,0.0,0.0,1.0,1.0
5,230,12.0,6.249541436884369,0.0,1.0,0.0,0.0,0.0,0.0
6,230,2.8156199054220084,0.0,1.0,0.0,0.0,0.0,1.0,0.0
7,230,12.0,5.6403085694429125,1.0,0.0,1.0,0.0,1.0,0.0
8,230,8.790680728985524,4.766577934753571,0.0,1.0,0.0,0.0,0.0,1.0
9,230,4.730296695387427,4.521110460980103,0.0,1.0,1.0,0.0,0.0,1.0
10,230,5.194269269321751,9.04589365798878,1.0,0.0,0.0,0.0,0.0,0.0
11,230,3.0593464114790527,6.671317437283549,0.0,1.0,0.0,0.0,0.0,0.0
12,230,0.0,12.0,0.0,0.0,0.0,0.0,0.0,0.0
13,230,1.7810157699553768,0.0,1.0,0.0,0.0,0.0,1.0,0.0
14,230,3.150780792961763,2.108518335720161,1.0,0.0,1.0,1.0,0.0,1.0
15,230,4.768434130881602,12.0,0.0,0.0,0.0,0.0,0.0,1.0
16,230,2.535245754007621,4.411138527774364,1.0,0.0,1.0,1.0,0.0,0.0
17,230,11.822078728744811,6.675017927707571,0.0,0.0,0.0,0.0,0.0,0.0
18,230,4.793754450650837,11.469634493120155,0.0,1.0,0.0,1.0,0.0,1.0
19,230,3.1851593813962973,3.626881213599877,0.0,0.0,1.0,1.0,0.0,1.0
0,235,0.058269744198265,9.49203492378742,1.0,0.0,0.0,0.0,0.0,0.0
1,235,10.390348255110077,11.10442650159649,0.0,1.0,1.0,1.0,1.0,0.0
2,235,7.166940315259093,7.501271194878885,0.0,0.0,0.0,1.0,0.0,0.0
3,235,8.802918487818781,7.96142813788747,0.0,1.0,0.0,1.0,1.0,0.0
4,235,0.3126572258616454,9.646988056692532,0.0,0.0,0.0,0.0,1.0,1.0
5,235,12.0,6.259446081977815,0.0,1.0,0.0,0.0,0.0,0.0
6,235,2.8251191545257868,0.0,1.0,0.0,0.0,0.0,1.0,0.0
7,235,12.0,5.6541240514749065,1.0,0.0,1.0,0.0,1.0,0.0
8,235,8.790032005665411,4.759778100572678,0.0,1.0,0.0,0.0,0.0,1.0
9,235,4.910040659809079,4.547627425078619,0.0,1.0,1.0,0.0,0.0,1.0
10,235,5.109532336709198,9.029795587231904,1.0,0.0,0.0,0.0,0.0,0.0
11,235,3.136749720131531,6.765776014024029,0.0,1.0,0.0,0.0,0.0,0.0
12,235,0.0,12.0,0.0,0.0,0.0,0.0,0.0,0.0
13,235,1.81101473572314,0.0,1.0,0.0,0.0,0.0,1.0,0.0
14,235,3.162135223868287,2.1079438796747234,1.0,0.0,1.0,1.0,0.0,1.0
15,235,4.741177844341839,12.0,0.0,0.0,0.0,0.0,0.0,1.0
16,235,2.639672249953384,4.620445671735625,1.0,0.0,1.0,1.0,0.0,0.0
17,235,11.773644835202482,6.792840916866482,0.0,0.0,0.0,0.0,0.0,0.0
18,235,4.792314466145096,11.45104982355188,0.0,1.0,0.0,1.0,0.0,1.0
19,235,3.201266616532953,3.625762171230424,0.0,0.0,1.0,1.0,0.0,1.0
0,240,0.1038172606979778,9.555596577675283,1.0,0.0,0.0,0.0,0.0,0.0
1,240,10.394729592650163,11.104502418002037,0.0,1.0,1.0,1.0,1.0,0.0
2,240,7.329906013714519,7.637080167348994,0.0,0.0,0.0,1.0,0.0,0.0
3,240,8.761727317115774,7.960358974330617,0.0,1.0,0.0,1.0,1.0,0.0
4,240,0.3044562740760543,9.616998721118543,0.0,0.0,0.0,0.0,1.0,1.0
5,240,12.0,6.269398776052782,0.0,1.0,0.0,0.0,0.0,0.0
6,240,2.831435221424176,0.0,1.0,0.0,0.0,0.0,1.0,0.0
7,240,12.0,5.670212719650307,1.0,0.0,1.0,0.0,1.0,0.0
8,240,8.790195027753327,4.761986239509784,0.0,1.0,0.0,0.0,0.0,1.0
9,240,5.084447556996042,4.576741439079881,0.0,1.0,1.0,0.0,0.0,1.0
10,240,5.010414420643833,9.010605080116196,1.0,0.0,0.0,0.0,0.0,0.0
11,240,3.203493418925348,6.848605015011858,0.0,1.0,0.0,0.0,0.0,0.0
12,240,0.0,12.0,0.0,0.0,0.0,0.0,0.0,0.0
13,240,1.844642847679055,0.0,1.0,0.0,0.0,0.0,1.0,0.0
14,240,3.1698373787152416,2.107574007735946,1.0,0.0,1.0,1.0,0.0,1.0
15,240,4.711708983383327,12.0,0.0,0.0,0.0,0.0,0.0,1.0
16,240,2.751907859195136,4.846535741193288,1.0,0.0,1.0,1.0,0.0,0.0
17,240,11.733358060083557,6.896275201471913,0.0,0.0,0.0,0.0,0.0,0.0
18,240,4.791985456851954,11.447267769391134,0.0,1.0,0.0,1.0,0.0,1.0
19,240,3.214502966345699,3.624815457845482,0.0,0.0,1.0,1.0,0.0,1.0
0,245,0.1558514838363366,9.630287007152877,1.0,0.0,0.0,0.0,0.0,0.0
1,245,10.383691495365191,11.1043537644132,0.0,1.0,1.0,1.0,1.0,0.0
2,245,7.5119210948786685,7.78952111731438,0.0,0.0,0.0,1.0,0.0,0.0
3,245,8.724634603008907,7.959484301004591,0.0,1.0,0.0,1.0,1.0,0.0
4,245,0.2984752020467072,9.596449293363555,0.0,0.0,0.0,0.0,1.0,1.0
5,245,12.0,6.277550620703551,0.0,1.0,0.0,0.0,0.0,0.0
6,245,2.8364671411193525,0.0,1.0,0.0,0.0,0.0,1.0,0.0
7,245,12.0,5.6845946493638575,1.0,0.0,1.0,0.0,1.0,0.0
8,245,8.789380761363157,4.7530706622572,0.0,1.0,0.0,0.0,0.0,1.0
9,245,5.250729109641361,4.605981137231176,0.0,1.0,1.0,0.0,0.0,1.0
10,245,4.893354711679144,8.983422743147822,1.0,0.0,0.0,0.0,0.0,0.0
11,245,3.2725883750698976,6.934904157791563,0.0,1.0,0.0,0.0,0.0,0.0
12,245,0.0,12.0,0.0,0.0,0.0,0.0,0.0,0.0
13,245,1.883673585788372,0.0,1.0,0.0,0.0,0.0,1.0,0.0
14,245,3.173490395043092,2.1074761276239844,1.0,0.0,1.0,1.0,0.0,1.0
15,245,4.6726587179009815,12.0,0.0,0.0,0.0,0.0,0.0,1.0
16,245,2.8659849443278747,5.084062538652598,1.0,0.0,1.0,1.0,0.0,0.0
17,245,11.695841669343446,7.005808532258142,0.0,0.0,0.0,0.0,0.0,0.0
18,245,4.790865227412162,11.43034873750845,0.0,1.0,0.0,1.0,0.0,1.0
19,245,3.213153771803023,3.6249593388014447,0.0,0.0,1.0,1.0,0.0,1.0
0,250,0.2085162532482809,9.705387546711943,1.0,0.0,0.0,0.0,0.0,0.0
1,250,10.380210195794168,11.10421194574952,0.0,1.0,1.0,1.0,1.0,0.0
2,250,7.687625304460253,7.939403369336783,0.0,0.0,0.0,1.0,0.0,0.0
3,250,8.700063365725931,7.958823988713418,0.0,1.0,0.0,1.0,1.0,0.0
4,250,0.2858483723460872,9.55173527358436,0.0,0.0,0.0,0.0,1.0,1.0
5,250,12.0,6.283854533254456,0.0,1.0,0.0,0.0,0.0,0.0
6,250,2.839741077785493,0.0,1.0,0.0,0.0,0.0,1.0,0.0
7,250,12.0,5.694891644871613,1.0,0.0,1.0,0.0,1.0,0.0
8,250,8.78821702679754,4.737951646938892,0.0,1.0,0.0,0.0,0.0,1.0
9,250,5.40384230241524,4.630179727248684,0.0,1.0,1.0,0.0,0.0,1.0
10,250,4.792025607186271,8.96159288712731,1.0,0.0,0.0,0.0,0.0,0.0
11,250,3.354636429583565,7.03944396843233,0.0,1.0,0.0,0.0,0.0,0.0
12,250,0.0,12.0,0.0,0.0,0.0,0.0,0.0,0.0
13,250,1.9222899920279368,0.0,1.0,0.0,0.0,0.0,1.0,0.0
14,250,3.196548727426896,2.107402545027001,1.0,0.0,1.0,1.0,0.0,1.0
15,250,4.626856870520086,12.0,0.0,0.0,0.0,0.0,0.0,1.0
16,250,2.975436716033555,5.322489091933217,1.0,0.0,1.0,1.0,0.0,0.0
17,250,11.65064640774946,7.131824472772792,0.0,0.0,0.0,0.0,0.0,0.0
18,250,4.789936895516568,11.410768269004071,0.0,1.0,0.0,1.0,0.0,1.0
19,250,3.207695807117204,3.625348391307768,0.0,0.0,1.0,1.0,0.0,1.0
0,255,0.2662070309220136,9.783996062642188,1.0,0.0,0.0,0.0,0.0,0.0
1,255,10.39053758493196,11.104756664553676,0.0,1.0,1.0,1.0,1.0,0.0
2,255,7.849447067853146,8.073471941775992,0.0,0.0,0.0,1.0,0.0,0.0
3,255,8.708800643392056,7.959195466158878,0.0,1.0,0.0,1.0,1.0,0.0
4,255,0.2749015666272565,9.513266934910142,0.0,0.0,0.0,0.0,1.0,1.0
5,255,12.0,6.291252259125638,0.0,1.0,0.0,0.0,0.0,0.0
6,255,2.83992569457732,0.0,1.0,0.0,0.0,0.0,1.0,0.0
7,255,12.0,5.7024156065782,1.0,0.0,1.0,0.0,1.0,0.0
8,255,8.786585779629078,4.717696201819896,0.0,1.0,0.0,0.0,0.0,1.0
9,255,5.535364350757272,4.655161650726585,0.0,1.0,1.0,0.0,0.0,1.0
10,255,4.667364314627264,8.93653408678972,1.0,0.0,0.0,0.0,0.0,0.0
11,255,3.4298040261319547,7.131358385217994,0.0,1.0,0.0,0.0,0.0,0.0
12,255,0.0,12.0,0.0,0.0,0.0,0.0,0.0,0.0
13,255,1.9623896754821013,0.0,1.0,0.0,0.0,0.0,1.0,0.0
14,255,3.226028847190439,2.107922923884078,1.0,0.0,1.0,1.0,0.0,1.0
15,255,4.591751622141461,12.0,0.0,0.0,0.0,0.0,0.0,1.0
16,255,3.08770216632385,5.572219901159272,1.0,0.0,1.0,1.0,0.0,0.0
17,255,11.528943661446112,7.083440797295667,0.0,0.0,0.0,0.0,0.0,0.0
18,255,4.789549917258469,11.3970664543576,0.0,1.0,0.0,1.0,0.0,1.0
19,255,3.2113629171262934,3.6252165981822726,0.0,0.0,1.0,1.0,0.0,1.0
0,260,0.32816011779386,9.865863269050944,1.0,0.0,0.0,0.0,0.0,0.0
1,260,10.392095501674431,11.104829651452526,0.0,1.0,1.0,1.0,1.0,0.0
2,260,8.00787719075041,8.206217924178246,0.0,0.0,0.0,1.0,0.0,0.0
3,260,8.727396813060118,7.960478079747364,0.0,1.0,0.0,1.0,1.0,0.0
4,260,0.2644060992483877,9.47861428220685,0.0,0.0,0.0,0.0,1.0,1.0
5,260,12.0,6.297743780946452,0.0,1.0,0.0,0.0,0.0,0.0
6,260,2.838646558529267,0.0052471333302482,1.0,0.0,0.0,0.0,1.0,0.0
7,260,12.0,5.715663517285434,1.0,0.0,1.0,0.0,1.0,0.0
8,260,8.816565090808433,4.714660275363311,0.0,1.0,0.0,0.0,0.0,1.0
9,260,5.65161113804968,4.677279415326233,0.0,1.0,1.0,0.0,0.0,1.0
10,260,4.553265002288237,8.911424392140455,1.0,0.0,0.0,0.0,0.0,0.0
11,260,3.496860040890706,7.214091626085379,0.0,1.0,0.0,0.0,0.0,0.0
12,260,0.0,12.0,0.0,0.0,0.0,0.0,0.0,0.0
13,260,2.0124806367688115,0.0,1.0,0.0,0.0,0.0,1.0,0.0
14,260,3.2559302616157444,2.1091387998775097,1.0,0.0,1.0,1.0,0.0,1.0
15,260,4.552210882654668,12.0,0.0,0.0,0.0,0.0,0.0,1.0
16,260,3.2041914215435514,5.83306923313289,1.0,0.0,1.0,1.0,0.0,0.0
17,260,11.380779570763536,7.023848113298863,0.0,0.0,0.0,0.0,0.0,0.0
18,260,4.789340880081931,11.3789970058672,0.0,1.0,0.0,1.0,0.0,1.0
19,260,3.217427392068056,3.624901694499896,0.0,0.0,1.0,1.0,0.0,1.0
0,265,0.3890717290899825,9.94546062649243,1.0,0.0,0.0,0.0,0.0,0.0
1,265,10.395524520003102,11.105033418405435,0.0,1.0,1.0,1.0,1.0,0.0
2,265,8.16060018721896,8.337835488247721,0.0,0.0,0.0,1.0,0.0,0.0
3,265,8.755212848421134,7.962402333691868,0.0,1.0,0.0,1.0,1.0,0.0
4,265,0.2521181261402075,9.43781059425269,0.0,0.0,0.0,0.0,1.0,1.0
5,265,12.0,6.302567494124167,0.0,1.0,0.0,0.0,0.0,0.0
6,265,2.8402142898224128,0.0,1.0,0.0,0.0,0.0,1.0,0.0
7,265,12.0,5.729501880757884,1.0,0.0,1.0,0.0,1.0,0.0
8,265,8.81477016450336,4.699902258037925,0.0,1.0,0.0,0.0,0.0,1.0
9,265,5.738305538010146,4.69572354634504,0.0,1.0,1.0,0.0,0.0,1.0
10,265,4.440579315399712,8.886056196365374,1.0,0.0,0.0,0.0,0.0,0.0
11,265,3.561284613697397,7.296749064089202,0.0,1.0,0.0,0.0,0.0,0.0
12,265,0.0,12.0,0.0,0.0,0.0,0.0,0.0,0.0
13,265,2.10460320713072,0.0506982470307836,1.0,0.0,0.0,0.0,1.0,0.0
14,265,3.2973700459506,2.1104487968475727,1.0,0.0,1.0,1.0,0.0,1.0
15,265,4.501999256680874,12.0,0.0,0.0,0.0,0.0,0.0,1.0
16,265,3.327016399120797,6.0935586965628605,1.0,0.0,1.0,1.0,0.0,0.0
17,265,11.257117420115303,6.9723560597938725,0.0,0.0,0.0,0.0,0.0,0.0
18,265,4.789000439340802,11.3579069874376,0.0,1.0,0.0,1.0,0.0,1.0
19,265,3.229083735512071,3.624371463169751,0.0,0.0,1.0,1.0,0.0,1.0
0,270,0.4428655600574312,10.012014561581513,1.0,0.0,0.0,0.0,0.0,0.0
1,270,10.41281250826015,11.10621242732224,0.0,1.0,1.0,1.0,1.0,0.0
2,270,8.310036160982158,8.469626271457765,0.0,0.0,0.0,1.0,0.0,0.0
3,270,8.769816769285438,7.963525415738065,0.0,1.0,0.0,1.0,1.0,0.0
4,270,0.2366906327675672,9.3859469573063,0.0,0.0,0.0,0.0,1.0,1.0
5,270,12.0,6.309585437085585,0.0,1.0,0.0,0.0,0.0,0.0
6,270,2.8432674411065606,0.0,1.0,0.0,0.0,0.0,1.0,0.0
7,270,12.0,5.73977251874339,1.0,0.0,1.0,0.0,1.0,0.0
8,270,8.81268407414036,4.68130672012607,0.0,1.0,0.0,0.0,0.0,1.0
9,270,5.831529422305946,4.712788525222863,0.0,1.0,1.0,0.0,0.0,1.0
10,270,4.329564811698519,8.862132581253896,1.0,0.0,0.0,0.0,0.0,0.0
11,270,3.6227711224226375,7.379707564849561,0.0,1.0,0.0,0.0,0.0,0.0
12,270,0.0,12.0,0.0,0.0,0.0,0.0,0.0,0.0
13,270,2.2048571783391635,0.1030048911460083,1.0,0.0,0.0,0.0,1.0,0.0
14,270,3.3178057918210184,2.1115985674138886,1.0,0.0,1.0,1.0,0.0,1.0
15,270,4.462741149453173,12.0,0.0,0.0,0.0,0.0,0.0,1.0
16,270,3.45501980791418,6.360358464953376,1.0,0.0,1.0,1.0,0.0,0.0
17,270,11.142275075167069,6.923782226713765,0.0,0.0,0.0,0.0,0.0,0.0
18,270,4.787568298490284,11.322051100946698,0.0,1.0,0.0,1.0,0.0,1.0
19,270,3.253433605895925,3.622936609876673,0.0,0.0,1.0,1.0,0.0,1.0
0,275,0.497640315194672,10.08068009496045,1.0,0.0,0.0,0.0,0.0,0.0
1,275,10.424725255334677,11.107115463040095,0.0,1.0,1.0,1.0,1.0,0.0
2,275,8.429677423929121,8.573202809656314,0.0,0.0,0.0,1.0,0.0,0.0
3,275,8.793297947354862,7.965095363935616,0.0,1.0,0.0,1.0,1.0,0.0
4,275,0.2260696396457811,9.347495194983088,0.0,0.0,0.0,0.0,1.0,1.0
5,275,12.0,6.319491941941412,0.0,1.0,0.0,0.0,0.0,0.0
6,275,2.8433181977210054,0.0,1.0,0.0,0.0,0.0,1.0,0.0
7,275,12.0,5.747164904334856,1.0,0.0,1.0,0.0,1.0,0.0
8,275,8.809452827180571,4.653346434114109,0.0,1.0,0.0,0.0,0.0,1.0
9,275,5.906955823944399,4.724413697135952,0.0,1.0,1.0,0.0,0.0,1.0
10,275,4.225204837895859,8.840441098070382,1.0,0.0,0.0,0.0,0.0,0.0
11,275,3.682460861507826,7.456902127723372,0.0,1.0,0.0,0.0,0.0,0.0
12,275,0.0,12.0,0.0,0.0,0.0,0.0,0.0,0.0
13,275,2.3104176137725734,0.1554931150628649,1.0,0.0,0.0,0.0,1.0,0.0
14,275,3.3356173322530323,2.112978430102105,1.0,0.0,1.0,1.0,0.0,1.0
15,275,4.430856711951352,12.0,0.0,0.0,0.0,0.0,0.0,1.0
16,275,3.576224304254865,6.607457691955221,1.0,0.0,1.0,1.0,0.0,0.0
17,275,11.021362957346229,6.873150914752629,0.0,0.0,0.0,0.0,0.0,0.0
18,275,4.786481146433919,11.292533711802422,0.0,1.0,0.0,1.0,0.0,1.0
19,275,3.2751116314951148,3.621731347070511,0.0,0.0,1.0,1.0,0.0,1.0
0,280,0.5581535190466815,10.158324135042802,1.0,0.0,0.0,0.0,0.0,0.0
1,280,10.452030232900052,11.1095770329913,0.0,1.0,1.0,1.0,1.0,0.0
2,280,8.555373639548604,8.682616099673218,0.0,0.0,0.0,1.0,0.0,0.0
3,280,8.820673532282102,7.967536294161817,0.0,1.0,0.0,1.0,1.0,0.0
4,280,0.2101590116282232,9.285597007663808,0.0,0.0,0.0,0.0,1.0,1.0
5,280,12.0,6.330718022270378,0.0,1.0,0.0,0.0,0.0,0.0
6,280,2.8416956129730715,0.0082132536854159,1.0,0.0,0.0,0.0,1.0,0.0
7,280,12.0,5.755606679259147,1.0,0.0,1.0,0.0,1.0,0.0
8,280,8.805398715713496,4.621452663707203,0.0,1.0,0.0,0.0,0.0,1.0
9,280,5.976592964470891,4.738356202277812,0.0,1.0,1.0,0.0,0.0,1.0
10,280,4.119385020392374,8.819235253003068,1.0,0.0,0.0,0.0,0.0,0.0
11,280,3.742634281610973,7.537538307563776,0.0,1.0,0.0,0.0,0.0,0.0
12,280,0.0,12.0,0.0,0.0,0.0,0.0,0.0,0.0
13,280,2.40714558893971,0.2061074789609205,1.0,0.0,0.0,0.0,1.0,0.0
14,280,3.343664354828876,2.113474806940507,1.0,0.0,1.0,1.0,0.0,1.0
15,280,4.40255447773804,12.0,0.0,0.0,0.0,0.0,0.0,1.0
16,280,3.693507315510844,6.844043205474739,1.0,0.0,1.0,1.0,0.0,0.0
17,280,10.884568034050972,6.817192290782028,0.0,0.0,0.0,0.0,0.0,0.0
18,280,4.784977845106926,11.2549127880521,0.0,1.0,0.0,1.0,0.0,1.0
19,280,3.2929253671756675,3.620836587443831,0.0,0.0,1.0,1.0,0.0,1.0
0,285,0.611904456264625,10.22419231022673,1.0,0.0,0.0,0.0,0.0,0.0
1,285,10.519004200818811,11.116302571144086,0.0,1.0,1.0,1.0,1.0,0.0
2,285,8.685343207546264,8.79056567656457,0.0,0.0,0.0,1.0,0.0,0.0
3,285,8.836904823289997,7.9688531593579,0.0,1.0,0.0,1.0,1.0,0.0
4,285,0.1931667882821177,9.223599347840754,0.0,0.0,0.0,0.0,1.0,1.0
5,285,12.0,6.3441029971813006,0.0,1.0,0.0,0.0,0.0,0.0
6,285,2.844848136021293,0.0,1.0,0.0,0.0,0.0,1.0,0.0
7,285,12.0,5.765364261490075,1.0,0.0,1.0,0.0,1.0,0.0
8,285,8.799453993486752,4.57934314164154,0.0,1.0,0.0,0.0,0.0,1.0
9,285,6.050109278055413,4.751210922587432,0.0,1.0,1.0,0.0,0.0,1.0
10,285,4.017048657409754,8.801151378381014,1.0,0.0,0.0,0.0,0.0,0.0
11,285,3.8118931523561,7.628098846253628,0.0,1.0,0.0,0.0,0.0,0.0
12,285,0.0,12.0,0.0,0.0,0.0,0.0,0.0,0.0
13,285,2.509187031193976,0.2567089594328189,1.0,0.0,0.0,0.0,1.0,0.0
14,285,3.3597073941664704,2.114126036400603,1.0,0.0,1.0,1.0,0.0,1.0
15,285,4.376361936684214,12.0,0.0,0.0,0.0,0.0,0.0,1.0
16,285,3.807423934332597,7.09030677324764,1.0,0.0,1.0,1.0,0.0,0.0
17,285,10.754189076419427,6.767170081001883,0.0,0.0,0.0,0.0,0.0,0.0
18,285,4.783680141464807,11.198584915491049,0.0,1.0,0.0,1.0,0.0,1.0
19,285,3.306227219756109,3.6199653124870927,0.0,0.0,1.0,1.0,0.0,1.0
0,290,0.6762082427484437,10.300531177317891,1.0,0.0,0.0,0.0,0.0,0.0
1,290,10.582467567015325,11.119470006251085,0.0,1.0,1.0,1.0,1.0,0.0
2,290,8.818572054160155,8.90217022709425,0.0,0.0,0.0,1.0,0.0,0.0
3,290,8.84940987302203,7.970126357347529,0.0,1.0,0.0,1.0,1.0,0.0
4,290,0.1709888661938126,9.142267467201808,0.0,0.0,0.0,0.0,1.0,1.0
5,290,12.0,6.358462356328465,0.0,1.0,0.0,0.0,0.0,0.0
6,290,2.8541368220187198,0.0,1.0,0.0,0.0,0.0,1.0,0.0
7,290,12.0,5.774651667270857,1.0,0.0,1.0,0.0,1.0,0.0
8,290,8.795021949919555,4.542985879162523,0.0,1.0,0.0,0.0,0.0,1.0
9,290,6.133407018689042,4.766399569718216,0.0,1.0,1.0,0.0,0.0,1.0
10,290,3.9234122877722175,8.78629593465486,1.0,0.0,0.0,0.0,0.0,0.0
11,290,3.895022648155576,7.736464276026612,0.0,1.0,0.0,0.0,0.0,0.0
12,290,0.0,12.0,0.0,0.0,0.0,0.0,0.0,0.0
13,290,2.6125457357795314,0.3072426163270306,1.0,0.0,0.0,0.0,1.0,0.0
14,290,3.41297376707666,2.1166378433884447,1.0,0.0,1.0,1.0,0.0,1.0
15,290,4.352432127458484,12.0,0.0,0.0,0.0,0.0,0.0,1.0
16,290,3.5544471779484725,7.209116611356162,1.0,0.0,1.0,1.0,0.0,0.0
17,290,10.606026875551583,6.705470221555932,0.0,0.0,0.0,0.0,0.0,0.0
18,290,4.783175184828001,11.139668812709155,0.0,1.0,0.0,1.0,0.0,1.0
19,290,3.3209679100651948,3.619246491425681,0.0,0.0,1.0,1.0,0.0,1.0
0,295,0.7328883440461788,10.36924885956549,1.0,0.0,0.0,0.0,0.0,0.0
1,295,10.651293336750598,11.123987587376114,0.0,1.0,1.0,1.0,1.0,0.0
2,295,8.973788146699908,9.021844894668476,0.0,0.0,0.0,1.0,0.0,0.0
3,295,8.853630937394966,7.970602009746693,0.0,1.0,0.0,1.0,1.0,0.0
4,295,0.1492027244192726,9.065683256407228,0.0,0.0,0.0,0.0,1.0,1.0
5,295,12.0,6.374203079056369,0.0,1.0,0.0,0.0,0.0,0.0
6,295,2.858995303252018,0.0,1.0,0.0,0.0,0.0,1.0,0.0
7,295,12.0,5.786316685724599,1.0,0.0,1.0,0.0,1.0,0.0
8,295,8.790615242348453,4.506307512952962,0.0,1.0,0.0,0.0,0.0,1.0
9,295,6.235268383558132,4.786834397083135,0.0,1.0,1.0,0.0,0.0,1.0
10,295,3.823945601186406,8.77139707820958,1.0,0.0,0.0,0.0,0.0,0.0
11,295,3.987006340080499,7.854027465375782,0.0,1.0,0.0,0.0,0.0,0.0
12,295,0.0,12.0,0.0,0.0,0.0,0.0,0.0,0.0
13,295,2.70290391566225,0.351950655060479,1.0,0.0,0.0,0.0,1.0,0.0
14,295,3.4695637060031883,2.120035259677268,1.0,0.0,1.0,1.0,0.0,1.0
15,295,4.317029351013727,12.0,0.0,0.0,0.0,0.0,0.0,1.0
16,295,3.3171365156232038,7.325848096733937,1.0,0.0,1.0,1.0,0.0,0.0
17,295,10.43660637110662,6.6338947855012025,0.0,0.0,0.0,0.0,0.0,0.0
18,295,4.784151968818303,11.075117351338664,0.0,1.0,0.0,1.0,0.0,1.0
19,295,3.313292521317164,3.619608742061252,0.0,0.0,1.0,1.0,0.0,1.0
