0,0,7.046472093769781,7.990588612917215,0.0,0.0,0.0,0.0,1.0,0.0
1,0,6.041643411714282,0.9763252497855428,1.0,1.0,0.0,0.0,1.0,1.0
2,0,2.9460583486736898,10.995886300311204,0.0,0.0,0.0,1.0,1.0,0.0
3,0,1.0617641750648223,9.957459974005213,1.0,0.0,0.0,1.0,1.0,0.0
4,0,0.0652244437744643,10.97711109301866,0.0,1.0,0.0,1.0,1.0,0.0
5,0,0.0,9.044051943043671,1.0,1.0,0.0,0.0,0.0,0.0
6,0,3.0226334008973192,7.055040199977371,0.0,0.0,0.0,0.0,0.0,0.0
7,0,4.975835793965267,3.9692648974858296,0.0,0.0,1.0,1.0,1.0,0.0
8,0,6.040673623254872,4.026755505504778,0.0,1.0,0.0,0.0,0.0,1.0
9,0,2.9308612482511758,6.974895209354626,1.0,1.0,1.0,1.0,1.0,0.0
10,0,10.028277283510628,7.050334042357689,1.0,0.0,0.0,0.0,1.0,0.0
11,0,1.9736330713060044,1.94086787995992,1.0,0.0,0.0,0.0,0.0,0.0
12,0,7.931698448661229,5.014254475880292,1.0,0.0,1.0,1.0,0.0,1.0
13,0,5.013309476865862,11.919812261290213,0.0,1.0,0.0,0.0,0.0,1.0
14,0,1.0406918551752646,7.053615417777829,0.0,0.0,1.0,0.0,1.0,0.0
15,0,3.063198305216289,1.9909530887171007,0.0,0.0,1.0,1.0,0.0,0.0
16,0,11.01268206814969,10.050410322028451,0.0,0.0,0.0,1.0,1.0,1.0
17,0,1.9745361262095733,2.0571144393604808,0.0,0.0,1.0,1.0,0.0,1.0
18,0,4.026356999624668,9.994905564588034,0.0,0.0,0.0,0.0,0.0,0.0
19,0,3.943496170663804,5.011846418204203,0.0,1.0,0.0,0.0,0.0,1.0
0,5,7.096241561517088,7.979272614734211,0.0,0.0,0.0,0.0,1.0,0.0
1,5,6.107258204479944,0.9388995064539828,1.0,1.0,0.0,0.0,1.0,1.0
2,5,2.898034595253303,10.992306430591874,0.0,0.0,0.0,1.0,1.0,0.0
3,5,1.1113428039187014,9.923441109824754,1.0,0.0,0.0,1.0,1.0,0.0
4,5,0.1190937936769847,10.957336117774869,0.0,1.0,0.0,1.0,1.0,0.0
5,5,0.0,9.102444706594834,1.0,1.0,0.0,0.0,0.0,0.0
6,5,3.048940464857163,7.119470800239747,0.0,0.0,0.0,0.0,0.0,0.0
7,5,4.946008314204732,3.930377984004185,0.0,0.0,1.0,1.0,1.0,0.0
8,5,6.000366859646393,4.087484901637501,0.0,1.0,0.0,0.0,0.0,1.0
9,5,2.8446623678004475,6.942526021661896,1.0,1.0,1.0,1.0,1.0,0.0
10,5,10.04886140239282,7.090044156306539,1.0,0.0,0.0,0.0,1.0,0.0
11,5,1.952065189245438,1.8911740988937995,1.0,0.0,0.0,0.0,0.0,0.0
12,5,7.871837278870339,5.026583324907209,1.0,0.0,1.0,1.0,0.0,1.0
13,5,5.029109875641879,11.842472232928197,0.0,1.0,0.0,0.0,0.0,1.0
14,5,1.0790889810944335,7.102260325414656,0.0,0.0,1.0,0.0,1.0,0.0
15,5,3.12474227068693,1.9841974411235224,0.0,0.0,1.0,1.0,0.0,0.0
16,5,11.031814154330696,10.12358181335363,0.0,0.0,0.0,1.0,1.0,1.0
17,5,1.9400523714324385,2.1376459051815124,0.0,0.0,1.0,1.0,0.0,1.0
18,5,4.051149727953326,9.99049996501272,0.0,0.0,0.0,0.0,0.0,0.0
19,5,3.891001742726053,5.023608882175796,0.0,1.0,0.0,0.0,0.0,1.0
0,10,7.141533045223003,7.968332400252483,0.0,0.0,0.0,0.0,1.0,0.0
1,10,6.209687216869447,0.8832780967324012,1.0,1.0,0.0,0.0,1.0,1.0
2,10,2.854790554957057,10.988711644864525,0.0,0.0,0.0,1.0,1.0,0.0
3,10,1.1584456972734023,9.890230686131009,1.0,0.0,0.0,1.0,1.0,0.0
4,10,0.166790993053536,10.940568070959388,0.0,1.0,0.0,1.0,1.0,0.0
5,10,0.0,9.155256101923507,1.0,1.0,0.0,0.0,0.0,0.0
6,10,3.0681045601689028,7.17133509809417,0.0,0.0,0.0,0.0,0.0,0.0
7,10,4.897942791710732,3.8705696300750057,0.0,0.0,1.0,1.0,1.0,0.0
8,10,5.959737943515091,4.143995830503488,0.0,1.0,0.0,0.0,0.0,1.0
9,10,2.770484729264529,6.912752498774783,1.0,1.0,1.0,1.0,1.0,0.0
10,10,10.067592284548478,7.129382419845349,1.0,0.0,0.0,0.0,1.0,0.0
11,10,1.920788984078111,1.8195458153238568,1.0,0.0,0.0,0.0,0.0,0.0
12,10,7.821492548786213,5.036542272780971,1.0,0.0,1.0,1.0,0.0,1.0
13,10,5.038432212318332,11.795599838109204,0.0,1.0,0.0,0.0,0.0,1.0
14,10,1.121183269093988,7.157401213234985,0.0,0.0,1.0,0.0,1.0,0.0
15,10,3.1563097077587354,1.980443461111809,0.0,0.0,1.0,1.0,0.0,0.0
16,10,11.04967162159746,10.19638849494955,0.0,0.0,0.0,1.0,1.0,1.0
17,10,1.904967266929272,2.2182517937766826,0.0,0.0,1.0,1.0,0.0,1.0
18,10,4.079874714126095,9.984935746012551,0.0,0.0,0.0,0.0,0.0,0.0
19,10,3.8273809039369975,5.037098308606086,0.0,1.0,0.0,0.0,0.0,1.0
0,15,7.169570759476437,7.961880489141764,0.0,0.0,0.0,0.0,1.0,0.0
1,15,6.316803346813666,0.8255274273389251,1.0,1.0,0.0,0.0,1.0,1.0
2,15,2.806181341728339,10.984582214068393,0.0,0.0,0.0,1.0,1.0,0.0
3,15,1.1215143050116896,9.836555927055729,1.0,0.0,0.0,1.0,1.0,0.0
4,15,0.196441721515398,10.931355774630726,0.0,1.0,0.0,1.0,1.0,0.0
5,15,0.0,9.205044045607451,1.0,1.0,0.0,0.0,0.0,0.0
6,15,3.089916142563768,7.232550706204457,0.0,0.0,0.0,0.0,0.0,0.0
7,15,4.838955984018793,3.79386595958137,0.0,0.0,1.0,1.0,1.0,0.0
8,15,5.913980377061109,4.205179206530019,0.0,1.0,0.0,0.0,0.0,1.0
9,15,2.697038595760328,6.8813447680815525,1.0,1.0,1.0,1.0,1.0,0.0
10,15,10.091238943334565,7.179751926416452,1.0,0.0,0.0,0.0,1.0,0.0
11,15,1.894120292520924,1.7554277465668775,1.0,0.0,0.0,0.0,0.0,0.0
12,15,7.7533373959010845,5.051790148922568,1.0,0.0,1.0,1.0,0.0,1.0
13,15,5.049288528905817,11.74309139307789,0.0,1.0,0.0,0.0,0.0,1.0
14,15,1.164968985533579,7.216061675781788,0.0,0.0,1.0,0.0,1.0,0.0
15,15,3.1861307673064894,1.977338430821426,0.0,0.0,1.0,1.0,0.0,0.0
16,15,11.065544393548253,10.266184564271898,0.0,0.0,0.0,1.0,1.0,1.0
17,15,1.8755321799822624,2.2914705610583264,0.0,0.0,1.0,1.0,0.0,1.0
18,15,4.116547875399495,9.978038913119534,0.0,0.0,0.0,0.0,0.0,0.0
19,15,3.760132991297548,5.053442568226555,0.0,1.0,0.0,0.0,0.0,1.0
0,20,7.199884947601097,7.955311642770379,0.0,0.0,0.0,0.0,1.0,0.0
1,20,6.417162308877457,0.7725950056299717,1.0,1.0,0.0,0.0,1.0,1.0
2,20,2.749449451442598,10.978652054729302,0.0,0.0,0.0,1.0,1.0,0.0
3,20,1.0791796451745197,9.777324529303218,1.0,0.0,0.0,1.0,1.0,0.0
4,20,0.2285142628402647,10.920720232475562,0.0,1.0,0.0,1.0,1.0,0.0
5,20,0.0,9.247935797855895,1.0,1.0,0.0,0.0,0.0,0.0
6,20,3.113439502809275,7.300234403876668,0.0,0.0,0.0,0.0,0.0,0.0
7,20,4.775211834061413,3.7113281737347217,0.0,0.0,1.0,1.0,1.0,0.0
8,20,5.876441002475488,4.255849192399357,0.0,1.0,0.0,0.0,0.0,1.0
9,20,2.646061321425876,6.860193525890097,1.0,1.0,1.0,1.0,1.0,0.0
10,20,10.109860835503676,7.218806717721646,1.0,0.0,0.0,0.0,1.0,0.0
11,20,1.8663485802065216,1.6855599899123308,1.0,0.0,0.0,0.0,0.0,0.0
12,20,7.679521342753308,5.068599123728419,1.0,0.0,1.0,1.0,0.0,1.0
13,20,5.064446157046316,11.67009422696844,0.0,1.0,0.0,0.0,0.0,1.0
14,20,1.208630237802612,7.271773325771668,0.0,0.0,1.0,0.0,1.0,0.0
15,20,3.2239379789910303,1.9730860592853496,0.0,0.0,1.0,1.0,0.0,0.0
16,20,11.077092696092375,10.319596290863384,0.0,0.0,0.0,1.0,1.0,1.0
17,20,1.854062147151116,2.3411454827308047,0.0,0.0,1.0,1.0,0.0,1.0
18,20,4.133096698533935,9.975233186406856,0.0,0.0,0.0,0.0,0.0,0.0
19,20,3.701577768911124,5.066530690152874,0.0,1.0,0.0,0.0,0.0,1.0
0,25,7.206826476458231,7.953661875000694,0.0,0.0,0.0,0.0,1.0,0.0
1,25,6.514144140901079,0.7226532051503429,1.0,1.0,0.0,0.0,1.0,1.0
2,25,2.7018512256970766,10.97413188705945,0.0,0.0,0.0,1.0,1.0,0.0
3,25,1.0392430945947553,9.719992345473615,1.0,0.0,0.0,1.0,1.0,0.0
4,25,0.2512190914178357,10.912507834560822,0.0,1.0,0.0,1.0,1.0,0.0
5,25,0.0,9.297307382056903,1.0,1.0,0.0,0.0,0.0,0.0
6,25,3.1341113814338795,7.363109899827178,0.0,0.0,0.0,0.0,0.0,0.0
7,25,4.71333051224788,3.631615280010159,0.0,0.0,1.0,1.0,1.0,0.0
8,25,5.832676691488478,4.314184828897153,0.0,1.0,0.0,0.0,0.0,1.0
9,25,2.591438494164361,6.835830507579423,1.0,1.0,1.0,1.0,1.0,0.0
10,25,10.122737235497096,7.247399135770086,1.0,0.0,0.0,0.0,1.0,0.0
11,25,1.8285895573773563,1.5985179397930134,1.0,0.0,0.0,0.0,0.0,0.0
12,25,7.601835368577952,5.08835599100242,1.0,0.0,1.0,1.0,0.0,1.0
13,25,5.082451433413078,11.587420229124312,0.0,1.0,0.0,0.0,0.0,1.0
14,25,1.2585309656632229,7.337004439350002,0.0,0.0,1.0,0.0,1.0,0.0
15,25,3.274301435515117,1.965947559138584,0.0,0.0,1.0,1.0,0.0,0.0
16,25,11.092137440046754,10.38291540038868,0.0,0.0,0.0,1.0,1.0,1.0
17,25,1.8330272736435835,2.393216667811169,0.0,0.0,1.0,1.0,0.0,1.0
18,25,4.173023145745021,9.96795356531021,0.0,0.0,0.0,0.0,0.0,0.0
19,25,3.636514482375715,5.08081352206718,0.0,1.0,0.0,0.0,0.0,1.0
0,30,7.203752583559741,7.954433510232766,0.0,0.0,0.0,0.0,1.0,0.0
1,30,6.60688069887303,0.6803667127633846,1.0,1.0,0.0,0.0,1.0,1.0
2,30,2.66767490553434,10.97052143666807,0.0,0.0,0.0,1.0,1.0,0.0
3,30,1.0025355033029504,9.666049191087042,1.0,0.0,0.0,1.0,1.0,0.0
4,30,0.2862279726875325,10.898866277679105,0.0,1.0,0.0,1.0,1.0,0.0
5,30,0.0,9.349333907132646,1.0,1.0,0.0,0.0,0.0,0.0
6,30,3.156216610489532,7.431017365109772,0.0,0.0,0.0,0.0,0.0,0.0
7,30,4.654127451834134,3.552242400711212,0.0,0.0,1.0,1.0,1.0,0.0
8,30,5.784605002954513,4.279656549147521,0.0,1.0,0.0,0.0,0.0,1.0
9,30,2.5234124205140485,6.806325153508805,1.0,1.0,1.0,1.0,1.0,0.0
10,30,10.139874944500102,7.284670008254749,1.0,0.0,0.0,0.0,1.0,0.0
11,30,1.9084179990829035,1.5651887132251368,1.0,0.0,0.0,0.0,0.0,0.0
12,30,7.533518798247244,5.104362536208653,1.0,0.0,1.0,1.0,0.0,1.0
13,30,5.101853785732289,11.508269918824055,0.0,1.0,0.0,0.0,0.0,1.0
14,30,1.3141833695661382,7.406636523862765,0.0,0.0,1.0,0.0,1.0,0.0
15,30,3.348287826750985,1.954858973345356,0.0,0.0,1.0,1.0,0.0,0.0
16,30,11.10595717249082,10.429712464726398,0.0,0.0,0.0,1.0,1.0,1.0
17,30,1.8104249484990884,2.445688724403074,0.0,0.0,1.0,1.0,0.0,1.0
18,30,4.2003779822387415,9.962985923286531,0.0,0.0,0.0,0.0,0.0,0.0
19,30,3.5510616245409308,5.099954150034296,0.0,1.0,0.0,0.0,0.0,1.0
0,35,7.197459647213454,7.955809532602497,0.0,0.0,0.0,0.0,1.0,0.0
1,35,6.7044776133980415,0.6358020850476246,1.0,1.0,0.0,0.0,1.0,1.0
2,35,2.635769773560309,10.96770848028979,0.0,0.0,0.0,1.0,1.0,0.0
3,35,0.956797941973198,9.598403304891317,1.0,0.0,0.0,1.0,1.0,0.0
4,35,0.3139782818563199,10.888191497155606,0.0,1.0,0.0,1.0,1.0,0.0
5,35,0.0,9.403978589582998,1.0,1.0,0.0,0.0,0.0,0.0
6,35,3.17767808748842,7.493829778739351,0.0,0.0,0.0,0.0,0.0,0.0
7,35,4.595697154778257,3.4742067701792285,0.0,0.0,1.0,1.0,1.0,0.0
8,35,5.72949984786472,4.23872324397733,0.0,1.0,0.0,0.0,0.0,1.0
9,35,2.472929598876936,6.783143072377597,1.0,1.0,1.0,1.0,1.0,0.0
10,35,10.17083550940871,7.350545750181978,1.0,0.0,0.0,0.0,1.0,0.0
11,35,1.9812871490268795,1.536009317775992,1.0,0.0,0.0,0.0,0.0,0.0
12,35,7.464013121250263,5.121332852263152,1.0,0.0,1.0,1.0,0.0,1.0
13,35,5.117321092371455,11.44314078535269,0.0,1.0,0.0,0.0,0.0,1.0
14,35,1.3682233806470463,7.474800245013202,0.0,0.0,1.0,0.0,1.0,0.0
15,35,3.3949852611663816,1.948740359897115,0.0,0.0,1.0,1.0,0.0,0.0
16,35,11.12222536094303,10.493196329852442,0.0,0.0,0.0,1.0,1.0,1.0
17,35,1.7871560693197328,2.4954966093210924,0.0,0.0,1.0,1.0,0.0,1.0
18,35,4.20361675281721,9.962409990214985,0.0,0.0,0.0,0.0,0.0,0.0
19,35,3.463376981710407,5.121609456649336,0.0,1.0,0.0,0.0,0.0,1.0
0,40,7.209226567429504,7.953050261872062,0.0,0.0,0.0,0.0,1.0,0.0
1,40,6.785645624882593,0.5998576758484628,1.0,1.0,0.0,0.0,1.0,1.0
2,40,2.6123363753704485,10.96583380763663,0.0,0.0,0.0,1.0,1.0,0.0
3,40,0.9103374754872984,9.528141695934284,1.0,0.0,0.0,1.0,1.0,0.0
4,40,0.3402822148644716,10.878049438313834,0.0,1.0,0.0,1.0,1.0,0.0
5,40,0.0,9.48173326663604,1.0,1.0,0.0,0.0,0.0,0.0
6,40,3.1905458472347097,7.535586721238227,0.0,0.0,0.0,0.0,0.0,0.0
7,40,4.5315436067065615,3.387700935409507,0.0,0.0,1.0,1.0,1.0,0.0
8,40,5.663889770912155,4.192234774934298,0.0,1.0,0.0,0.0,0.0,1.0
9,40,2.4156102079284203,6.756920352854237,1.0,1.0,1.0,1.0,1.0,0.0
10,40,10.19402510693841,7.401017893438376,1.0,0.0,0.0,0.0,1.0,0.0
11,40,2.0567768342027133,1.50495586447273,1.0,0.0,0.0,0.0,0.0,0.0
12,40,7.420182854199508,5.131046422512147,1.0,0.0,1.0,1.0,0.0,1.0
13,40,5.1353026738894725,11.366970079791564,0.0,1.0,0.0,0.0,0.0,1.0
14,40,1.4137652003531136,7.534918777829581,0.0,0.0,1.0,0.0,1.0,0.0
15,40,3.4324112167280787,1.9443033490730164,0.0,0.0,1.0,1.0,0.0,0.0
16,40,11.13890390857586,10.555429039353085,0.0,0.0,0.0,1.0,1.0,1.0
17,40,1.7675041874420816,2.539297081144149,0.0,0.0,1.0,1.0,0.0,1.0
18,40,4.196982744751383,9.963681893450143,0.0,0.0,0.0,0.0,0.0,0.0
19,40,3.378180440893017,5.144288216970312,0.0,1.0,0.0,0.0,0.0,1.0
0,45,7.216163964320594,7.951303045360447,0.0,0.0,0.0,0.0,1.0,0.0
1,45,6.871443854121768,0.56010010491315,1.0,1.0,0.0,0.0,1.0,1.0
2,45,2.580369200533336,10.96290496543938,0.0,0.0,0.0,1.0,1.0,0.0
3,45,0.8678664024829815,9.459732538098784,1.0,0.0,0.0,1.0,1.0,0.0
4,45,0.3591723363817941,10.87054588961987,0.0,1.0,0.0,1.0,1.0,0.0
5,45,0.0,9.550090521158577,1.0,1.0,0.0,0.0,0.0,0.0
6,45,3.206372388246945,7.585229381344968,0.0,0.0,0.0,0.0,0.0,0.0
7,45,4.479541111724394,3.3129404938460105,0.0,0.0,1.0,1.0,1.0,0.0
8,45,5.595582545105589,4.142311372825582,0.0,1.0,0.0,0.0,0.0,1.0
9,45,2.349549980219478,6.727448664144482,1.0,1.0,1.0,1.0,1.0,0.0
10,45,10.224109311339712,7.468067441216415,1.0,0.0,0.0,0.0,1.0,0.0
11,45,2.13790717527494,1.468843250234663,1.0,0.0,0.0,0.0,0.0,0.0
12,45,7.374103177883251,5.141328783115302,1.0,0.0,1.0,1.0,0.0,1.0
13,45,5.160798656704008,11.266464254243992,0.0,1.0,0.0,0.0,0.0,1.0
14,45,1.4636211788693685,7.605454816986541,0.0,0.0,1.0,0.0,1.0,0.0
15,45,3.486503174821255,1.9373585836232752,0.0,0.0,1.0,1.0,0.0,0.0
16,45,11.158664795996144,10.621162813238453,0.0,0.0,0.0,1.0,1.0,1.0
17,45,1.7538724300405044,2.571756413206253,0.0,0.0,1.0,1.0,0.0,1.0
18,45,4.2107306668175655,9.960733441616195,0.0,0.0,0.0,0.0,0.0,0.0
19,45,3.3043582019086424,5.163066416653866,0.0,1.0,0.0,0.0,0.0,1.0
0,50,7.229803185559631,7.94810374051774,0.0,0.0,0.0,0.0,1.0,0.0
1,50,6.9761238121521,0.5112747427449921,1.0,1.0,0.0,0.0,1.0,1.0
2,50,2.585359105134426,10.963312309523074,0.0,0.0,0.0,1.0,1.0,0.0
3,50,0.8261147762198794,9.39013000272625,1.0,0.0,0.0,1.0,1.0,0.0
4,50,0.3825157368820487,10.860514106770443,0.0,1.0,0.0,1.0,1.0,0.0
5,50,0.0,9.630872045759975,1.0,1.0,0.0,0.0,0.0,0.0
6,50,3.23181368330446,7.664204129674711,0.0,0.0,0.0,0.0,0.0,0.0
7,50,4.42194748174556,3.233204234736935,0.0,0.0,1.0,1.0,1.0,0.0
8,50,5.533131406247867,4.094534904520192,0.0,1.0,0.0,0.0,0.0,1.0
9,50,2.292452206260413,6.702334081276248,1.0,1.0,1.0,1.0,1.0,0.0
10,50,10.256683669997429,7.538799451816098,1.0,0.0,0.0,0.0,1.0,0.0
11,50,2.210596260313488,1.4348965778830685,1.0,0.0,0.0,0.0,0.0,0.0
12,50,7.310161898889479,5.155007137663528,1.0,0.0,1.0,1.0,0.0,1.0
13,50,5.18913964558452,11.158120341351143,0.0,1.0,0.0,0.0,0.0,1.0
14,50,1.5136872442660398,7.677076095370932,0.0,0.0,1.0,0.0,1.0,0.0
15,50,3.572068623104401,1.923110915482441,0.0,0.0,1.0,1.0,0.0,0.0
16,50,11.185908874270872,10.704660457626442,0.0,0.0,0.0,1.0,1.0,1.0
17,50,1.7494118672334686,2.582090108750137,0.0,0.0,1.0,1.0,0.0,1.0
18,50,4.215521254468761,9.95975086026066,0.0,0.0,0.0,0.0,0.0,0.0
19,50,3.215768489063401,5.184839694524887,0.0,1.0,0.0,0.0,0.0,1.0
0,55,7.238157837965176,7.945957690102066,0.0,0.0,0.0,0.0,1.0,0.0
1,55,7.099705311661296,0.4575618102922251,1.0,1.0,0.0,0.0,1.0,1.0
2,55,2.590802255345773,10.963819792520647,0.0,0.0,0.0,1.0,1.0,0.0
3,55,0.7893846477744223,9.328970433985846,1.0,0.0,0.0,1.0,1.0,0.0
4,55,0.419891947321809,10.843267692157188,0.0,1.0,0.0,1.0,1.0,0.0
5,55,0.0,9.716138179586888,1.0,1.0,0.0,0.0,0.0,0.0
6,55,3.25772756026016,7.752651345897422,0.0,0.0,0.0,0.0,0.0,0.0
7,55,4.372494587647411,3.1632457884747525,0.0,0.0,1.0,1.0,1.0,0.0
8,55,5.460703176727179,4.037833134159905,0.0,1.0,0.0,0.0,0.0,1.0
9,55,2.232403341820977,6.675299417788141,1.0,1.0,1.0,1.0,1.0,0.0
10,55,10.28526414806609,7.598696963628098,1.0,0.0,0.0,0.0,1.0,0.0
11,55,2.263287375008915,1.4089326339558303,1.0,0.0,0.0,0.0,0.0,0.0
12,55,7.258199737322162,5.167282650096938,1.0,0.0,1.0,1.0,0.0,1.0
13,55,5.215786927452939,11.06051747170481,0.0,1.0,0.0,0.0,0.0,1.0
14,55,1.5656532488675732,7.749387616378158,0.0,0.0,1.0,0.0,1.0,0.0
15,55,3.692793727101174,1.902558148364644,0.0,0.0,1.0,1.0,0.0,0.0
16,55,11.213250152600308,10.791517901329325,0.0,0.0,0.0,1.0,1.0,1.0
17,55,1.7525803416470958,2.574589926385423,0.0,0.0,1.0,1.0,0.0,1.0
18,55,4.213563939297024,9.960168505289136,0.0,0.0,0.0,0.0,0.0,0.0
19,55,3.135916597476484,5.205554934124089,0.0,1.0,0.0,0.0,0.0,1.0
0,60,7.264867605538418,7.938997610682537,0.0,0.0,0.0,0.0,1.0,0.0
1,60,7.211829359193288,0.4104692830460611,1.0,1.0,0.0,0.0,1.0,1.0
2,60,2.6122753537255825,10.965797460613445,0.0,0.0,0.0,1.0,1.0,0.0
3,60,0.7530579874322733,9.267191882900558,1.0,0.0,0.0,1.0,1.0,0.0
4,60,0.4562346893668266,10.828040149862495,0.0,1.0,0.0,1.0,1.0,0.0
5,60,0.0,9.81580048882885,1.0,1.0,0.0,0.0,0.0,0.0
6,60,3.2861649835885025,7.844713339590053,0.0,0.0,0.0,0.0,0.0,0.0
7,60,4.3246022874608245,3.0967475118979464,0.0,0.0,1.0,1.0,1.0,0.0
8,60,5.3864121953470265,3.9801508914836,0.0,1.0,0.0,0.0,0.0,1.0
9,60,2.1717074108910768,6.646708164881604,1.0,1.0,1.0,1.0,1.0,0.0
10,60,10.311940944542016,7.6537274862580995,1.0,0.0,0.0,0.0,1.0,0.0
11,60,2.3048167748594146,1.3880838466755854,1.0,0.0,0.0,0.0,0.0,0.0
12,60,7.215870990454683,5.175531979368102,1.0,0.0,1.0,1.0,0.0,1.0
13,60,5.243399693876064,10.95213583884283,0.0,1.0,0.0,0.0,0.0,1.0
14,60,1.6288339271615566,7.834830682909462,0.0,0.0,1.0,0.0,1.0,0.0
15,60,3.8186189115772273,1.8770658363106223,0.0,0.0,1.0,1.0,0.0,0.0
16,60,11.244765694366,10.893292177918571,0.0,0.0,0.0,1.0,1.0,1.0
17,60,1.7537397137707542,2.571619723121794,0.0,0.0,1.0,1.0,0.0,1.0
18,60,4.201827995186929,9.962611998930695,0.0,0.0,0.0,0.0,0.0,0.0
19,60,3.0574999751522407,5.226972322369054,0.0,1.0,0.0,0.0,0.0,1.0
0,65,7.281222394955821,7.934841874307631,0.0,0.0,0.0,0.0,1.0,0.0
1,65,7.319961166654982,0.3615021267559193,1.0,1.0,0.0,0.0,1.0,1.0
2,65,2.603245207151028,10.964639983498232,0.0,0.0,0.0,1.0,1.0,0.0
3,65,0.6999578713094289,9.178312910674087,1.0,0.0,0.0,1.0,1.0,0.0
4,65,0.4973452342039449,10.810068759223205,0.0,1.0,0.0,1.0,1.0,0.0
5,65,0.0,9.926945883566493,1.0,1.0,0.0,0.0,0.0,0.0
6,65,3.3231813477840504,7.968425237194086,0.0,0.0,0.0,0.0,0.0,0.0
7,65,4.288887574446498,3.047023510868041,0.0,0.0,1.0,1.0,1.0,0.0
8,65,5.314653513609127,3.923277585143989,0.0,1.0,0.0,0.0,0.0,1.0
9,65,2.106863998074844,6.6152072301362415,1.0,1.0,1.0,1.0,1.0,0.0
10,65,10.33035085285739,7.690798969387166,1.0,0.0,0.0,0.0,1.0,0.0
11,65,2.362570027053817,1.358603845159349,1.0,0.0,0.0,0.0,0.0,0.0
12,65,7.161351133252092,5.186678371126833,1.0,0.0,1.0,1.0,0.0,1.0
13,65,5.277092822681491,10.830171286081086,0.0,1.0,0.0,0.0,0.0,1.0
14,65,1.6992481343074797,7.933020576538762,0.0,0.0,1.0,0.0,1.0,0.0
15,65,3.925084097605136,1.8550989193475411,0.0,0.0,1.0,1.0,0.0,0.0
16,65,11.27626090522061,10.992626447750649,0.0,0.0,0.0,1.0,1.0,1.0
17,65,1.7543477650208563,2.5699245516170763,0.0,0.0,1.0,1.0,0.0,1.0
18,65,4.206308770967022,9.961690854171104,0.0,0.0,0.0,0.0,0.0,0.0
19,65,2.9696655936920338,5.250762595657171,0.0,1.0,0.0,0.0,0.0,1.0
0,70,7.312881168739431,7.927418606087219,0.0,0.0,0.0,0.0,1.0,0.0
1,70,7.420226517676049,0.3154121872508026,1.0,1.0,0.0,0.0,1.0,1.0
2,70,2.594116658908276,10.96356930890182,0.0,0.0,0.0,1.0,1.0,0.0
3,70,0.6456388682736323,9.084111599987368,1.0,0.0,0.0,1.0,1.0,0.0
4,70,0.5574256053451563,10.782121198227168,0.0,1.0,0.0,1.0,1.0,0.0
5,70,0.0999354551968159,9.963180984094093,1.0,1.0,0.0,0.0,0.0,0.0
6,70,3.362067239291977,8.093230246960546,0.0,0.0,0.0,0.0,0.0,0.0
7,70,4.252928297390126,2.99646258561906,0.0,0.0,1.0,1.0,1.0,0.0
8,70,5.249335195564034,3.873341664281674,0.0,1.0,0.0,0.0,0.0,1.0
9,70,2.027671503673547,6.578455849221083,1.0,1.0,1.0,1.0,1.0,0.0
10,70,10.346657926955602,7.7237164660381215,1.0,0.0,0.0,0.0,1.0,0.0
11,70,2.4305573331089816,1.3233425747142988,1.0,0.0,0.0,0.0,0.0,0.0
12,70,7.12778185168408,5.194307072439967,1.0,0.0,1.0,1.0,0.0,1.0
13,70,5.302786219895239,10.733673625606484,0.0,1.0,0.0,0.0,0.0,1.0
14,70,1.7608452415430502,8.018075690310814,0.0,0.0,1.0,0.0,1.0,0.0
15,70,4.042239364075462,1.8301311951337111,0.0,0.0,1.0,1.0,0.0,0.0
16,70,11.304196108568233,11.086781658201025,0.0,0.0,0.0,1.0,1.0,1.0
17,70,1.7658020982881504,2.53723164729323,0.0,0.0,1.0,1.0,0.0,1.0
18,70,4.1954019614170095,9.963597033295,0.0,0.0,0.0,0.0,0.0,0.0
19,70,2.891089530302688,5.274220689600556,0.0,1.0,0.0,0.0,0.0,1.0
0,75,7.360927487906898,7.9157975285707876,0.0,0.0,0.0,0.0,1.0,0.0
1,75,7.543338516460327,0.2596999189985701,1.0,1.0,0.0,0.0,1.0,1.0
2,75,2.574305486401142,10.961069426378035,0.0,0.0,0.0,1.0,1.0,0.0
3,75,0.5937876187792421,8.993137594066258,1.0,0.0,0.0,1.0,1.0,0.0
4,75,0.6161186179388575,10.75395933350004,0.0,1.0,0.0,1.0,1.0,0.0
5,75,0.2105488590192643,10.007237358426256,1.0,1.0,0.0,0.0,0.0,0.0
6,75,3.399229294718892,8.216857038759535,0.0,0.0,0.0,0.0,0.0,0.0
7,75,4.222424051753648,2.9570144854577487,0.0,0.0,1.0,1.0,1.0,0.0
8,75,5.199171967863002,3.835478568036107,0.0,1.0,0.0,0.0,0.0,1.0
9,75,1.9524311632763145,6.543556436417709,1.0,1.0,1.0,1.0,1.0,0.0
10,75,10.369777056720691,7.770269260735433,1.0,0.0,0.0,0.0,1.0,0.0
11,75,2.501964998396085,1.2853036669641182,1.0,0.0,0.0,0.0,0.0,0.0
12,75,7.115593691795128,5.197072051331491,1.0,0.0,1.0,1.0,0.0,1.0
13,75,5.324032451112945,10.643268204284986,0.0,1.0,0.0,0.0,0.0,1.0
14,75,1.8194392066610805,8.09902113247984,0.0,0.0,1.0,0.0,1.0,0.0
15,75,4.1878596010373625,1.8018227696257056,0.0,0.0,1.0,1.0,0.0,0.0
16,75,11.331772122184702,11.181238556331596,0.0,0.0,0.0,1.0,1.0,1.0
17,75,1.7813843383713477,2.4925818536438578,0.0,0.0,1.0,1.0,0.0,1.0
18,75,4.192139014692015,9.964226754119306,0.0,0.0,0.0,0.0,0.0,0.0
19,75,2.8083033546189733,5.300227242235762,0.0,1.0,0.0,0.0,0.0,1.0
0,80,7.399820070193711,7.905493638571985,0.0,0.0,0.0,0.0,1.0,0.0
1,80,7.673780859952381,0.202228510918827,1.0,1.0,0.0,0.0,1.0,1.0
2,80,2.55765403081688,10.959321475036274,0.0,0.0,0.0,1.0,1.0,0.0
3,80,0.5489125995467825,8.90650702794332,1.0,0.0,0.0,1.0,1.0,0.0
4,80,0.6729926808623299,10.726107665041322,0.0,1.0,0.0,1.0,1.0,0.0
5,80,0.3186793762891234,10.050187744916268,1.0,1.0,0.0,0.0,0.0,0.0
6,80,3.435253464811003,8.351899381302612,0.0,0.0,0.0,0.0,0.0,0.0
7,80,4.196037980271996,2.924579186722425,0.0,0.0,1.0,1.0,1.0,0.0
8,80,5.1506650619728855,3.794898650980997,0.0,1.0,0.0,0.0,0.0,1.0
9,80,1.894011402687288,6.518214706799411,1.0,1.0,1.0,1.0,1.0,0.0
10,80,10.394089669433695,7.819117597934822,1.0,0.0,0.0,0.0,1.0,0.0
11,80,2.5630675154125724,1.2525922068975672,1.0,0.0,0.0,0.0,0.0,0.0
12,80,7.102367270203376,5.199812311212313,1.0,0.0,1.0,1.0,0.0,1.0
13,80,5.3491373612937965,10.546303751975506,0.0,1.0,0.0,0.0,0.0,1.0
14,80,1.874019896845504,8.178979773898853,0.0,0.0,1.0,0.0,1.0,0.0
15,80,4.33205932784718,1.776897622010713,0.0,0.0,1.0,1.0,0.0,0.0
16,80,11.351936821212686,11.253787290684562,0.0,0.0,0.0,1.0,1.0,1.0
17,80,1.7994177140564998,2.439577098639386,0.0,0.0,1.0,1.0,0.0,1.0
18,80,4.185703112676419,9.965529190248573,0.0,0.0,0.0,0.0,0.0,0.0
19,80,2.7153486402394065,5.330616293354774,0.0,1.0,0.0,0.0,0.0,1.0
0,85,7.454828433845257,7.889994128090498,0.0,0.0,0.0,0.0,1.0,0.0
1,85,7.79754639101546,0.1457641841504686,1.0,1.0,0.0,0.0,1.0,1.0
2,85,2.5235658021074774,10.955936621264843,0.0,0.0,0.0,1.0,1.0,0.0
3,85,0.5018211169800693,8.814688108869875,1.0,0.0,0.0,1.0,1.0,0.0
4,85,0.7285180937987449,10.695448613028288,0.0,1.0,0.0,1.0,1.0,0.0
5,85,0.4269071741975499,10.094065330970656,1.0,1.0,0.0,0.0,0.0,0.0
6,85,3.4732199995575503,8.482682927957416,0.0,0.0,0.0,0.0,0.0,0.0
7,85,4.1706154708066325,2.891946967115548,0.0,0.0,1.0,1.0,1.0,0.0
8,85,5.108184934591402,3.759189556863751,0.0,1.0,0.0,0.0,0.0,1.0
9,85,1.8264286633149884,6.490281650488038,1.0,1.0,1.0,1.0,1.0,0.0
10,85,10.425922885932698,7.884682884406358,1.0,0.0,0.0,0.0,1.0,0.0
11,85,2.642233319197445,1.2077716145455322,1.0,0.0,0.0,0.0,0.0,0.0
12,85,7.094043788777898,5.201451615342991,1.0,0.0,1.0,1.0,0.0,1.0
13,85,5.370257274838996,10.466037352733064,0.0,1.0,0.0,0.0,0.0,1.0
14,85,1.9330792241866108,8.258664306845416,0.0,0.0,1.0,0.0,1.0,0.0
15,85,4.462833251706654,1.7528665144516802,0.0,0.0,1.0,1.0,0.0,0.0
16,85,11.376896914401549,11.341028259106096,0.0,0.0,0.0,1.0,1.0,1.0
17,85,1.8129565847217888,2.398804024330811,0.0,0.0,1.0,1.0,0.0,1.0
18,85,4.181668029539652,9.9663630559098,0.0,0.0,0.0,0.0,0.0,0.0
19,85,2.60334165281332,5.36540221349768,0.0,1.0,0.0,0.0,0.0,1.0
0,90,7.494137449033102,7.8793795843205725,0.0,0.0,0.0,0.0,1.0,0.0
1,90,7.9187315642267695,0.0868058824743102,1.0,1.0,0.0,0.0,1.0,1.0
2,90,2.4719646430787283,10.94939735956132,0.0,0.0,0.0,1.0,1.0,0.0
3,90,0.4489521034039138,8.706362696796445,1.0,0.0,0.0,1.0,1.0,0.0
4,90,0.7900519611142455,10.660568587917757,0.0,1.0,0.0,1.0,1.0,0.0
5,90,0.522219136230853,10.131428946583862,1.0,1.0,0.0,0.0,0.0,0.0
6,90,3.5180059013630087,8.631641132525859,0.0,0.0,0.0,0.0,0.0,0.0
7,90,4.148323105753573,2.8651610786968384,0.0,0.0,1.0,1.0,1.0,0.0
8,90,5.052552682415692,3.7144648301545353,0.0,1.0,0.0,0.0,0.0,1.0
9,90,1.7591688432966508,6.461376249483867,1.0,1.0,1.0,1.0,1.0,0.0
10,90,10.465393192515524,7.963967489631886,1.0,0.0,0.0,0.0,1.0,0.0
11,90,2.7231050219550377,1.161577505013221,1.0,0.0,0.0,0.0,0.0,0.0
12,90,7.086903441852539,5.20274995063454,1.0,0.0,1.0,1.0,0.0,1.0
13,90,5.388701104155211,10.399281406906574,0.0,1.0,0.0,0.0,0.0,1.0
14,90,1.986366740666649,8.332822506467165,0.0,0.0,1.0,0.0,1.0,0.0
15,90,4.584540178057307,1.7294666937307106,0.0,0.0,1.0,1.0,0.0,0.0
16,90,11.40429558995602,11.430964127578996,0.0,0.0,0.0,1.0,1.0,1.0
17,90,1.8208324875369093,2.3740724832279625,0.0,0.0,1.0,1.0,0.0,1.0
18,90,4.161639018623768,9.97041677422114,0.0,0.0,0.0,0.0,0.0,0.0
19,90,2.516640097323992,5.390202608681981,0.0,1.0,0.0,0.0,0.0,1.0
0,95,7.527395392618282,7.871502081863865,0.0,0.0,0.0,0.0,1.0,0.0
1,95,8.030877572161264,0.0308023772035596,1.0,1.0,0.0,0.0,1.0,1.0
2,95,2.4332782532067494,10.944479309283928,0.0,0.0,0.0,1.0,1.0,0.0
3,95,0.3887519371606175,8.582238494035101,1.0,0.0,0.0,1.0,1.0,0.0
4,95,0.8505345639404353,10.62569593594021,0.0,1.0,0.0,1.0,1.0,0.0
5,95,0.6374385055084415,10.17532568355632,1.0,1.0,0.0,0.0,0.0,0.0
6,95,3.564136091629144,8.780994271698617,0.0,0.0,0.0,0.0,0.0,0.0
7,95,4.1274355866981365,2.840499055596717,0.0,0.0,1.0,1.0,1.0,0.0
8,95,5.014938745282786,3.683314303033268,0.0,1.0,0.0,0.0,0.0,1.0
9,95,1.6866150466425565,6.4289323892280335,1.0,1.0,1.0,1.0,1.0,0.0
10,95,10.507601197588938,8.050613541320615,1.0,0.0,0.0,0.0,1.0,0.0
11,95,2.807544340258595,1.1133939465552458,1.0,0.0,0.0,0.0,0.0,0.0
12,95,7.096287685788055,5.200773274565467,1.0,0.0,1.0,1.0,0.0,1.0
13,95,5.405035492552811,10.341195250388814,0.0,1.0,0.0,0.0,0.0,1.0
14,95,2.0351977951049074,8.400603339964853,0.0,0.0,1.0,0.0,1.0,0.0
15,95,4.711461937558906,1.7059758260166855,0.0,0.0,1.0,1.0,0.0,0.0
16,95,11.429083723807048,11.511987035176949,0.0,0.0,0.0,1.0,1.0,1.0
17,95,1.823195445152956,2.366537184443056,0.0,0.0,1.0,1.0,0.0,1.0
18,95,4.144253473750643,9.97357225371641,0.0,0.0,0.0,0.0,0.0,0.0
19,95,2.427521049316061,5.415247296660155,0.0,1.0,0.0,0.0,0.0,1.0
0,100,7.565696942149135,7.862365637663829,0.0,0.0,0.0,0.0,1.0,0.0
1,100,8.14740355397861,0.0,1.0,1.0,0.0,0.0,1.0,1.0
2,100,2.3982652862531952,10.94036696512504,0.0,0.0,0.0,1.0,1.0,0.0
3,100,0.3203189962991831,8.440595897447615,1.0,0.0,0.0,1.0,1.0,0.0
4,100,0.9061493990476222,10.594449709510677,0.0,1.0,0.0,1.0,1.0,0.0
5,100,0.7496608768572752,10.216757257980868,1.0,1.0,0.0,0.0,0.0,0.0
6,100,3.6040064446116906,8.902260839730944,0.0,0.0,0.0,0.0,0.0,0.0
7,100,4.106718321555691,2.8143003018835304,0.0,0.0,1.0,1.0,1.0,0.0
8,100,4.965428339274318,3.642239902157351,0.0,1.0,0.0,0.0,0.0,1.0
9,100,1.622924085319004,6.402318406490014,1.0,1.0,1.0,1.0,1.0,0.0
10,100,10.55265965088877,8.137843788613878,1.0,0.0,0.0,0.0,1.0,0.0
11,100,2.8867516006017566,1.0677463530758842,1.0,0.0,0.0,0.0,0.0,0.0
12,100,7.097506083848236,5.200545993013016,1.0,0.0,1.0,1.0,0.0,1.0
13,100,5.42276130798628,10.276709509730187,0.0,1.0,0.0,0.0,0.0,1.0
14,100,2.0882680717217164,8.478091808492206,0.0,0.0,1.0,0.0,1.0,0.0
15,100,4.865156671883463,1.6760759800182112,0.0,0.0,1.0,1.0,0.0,0.0
16,100,11.450032687747216,11.581468977995538,0.0,0.0,0.0,1.0,1.0,1.0
17,100,1.8319622360437708,2.339411067163115,0.0,0.0,1.0,1.0,0.0,1.0
18,100,4.112501405281226,9.980645794682989,0.0,0.0,0.0,0.0,0.0,0.0
19,100,2.3434049832123804,5.43477714121564,0.0,1.0,0.0,0.0,0.0,1.0
0,105,7.59229976709652,7.856112922740709,0.0,0.0,0.0,0.0,1.0,0.0
1,105,8.289301885725598,0.0,1.0,1.0,0.0,0.0,1.0,1.0
2,105,2.37622031183315,10.937692226593798,0.0,0.0,0.0,1.0,1.0,0.0
3,105,0.2511046093194713,8.297970647114209,1.0,0.0,0.0,1.0,1.0,0.0
4,105,0.9799175876168554,10.550872147330605,0.0,1.0,0.0,1.0,1.0,0.0
5,105,0.8667341591646202,10.259554661401848,1.0,1.0,0.0,0.0,0.0,0.0
6,105,3.6506353510031535,9.04886425069134,0.0,0.0,0.0,0.0,0.0,0.0
7,105,4.0912424943202055,2.793743057086203,0.0,0.0,1.0,1.0,1.0,0.0
8,105,4.9187353717802615,3.6021692855639778,0.0,1.0,0.0,0.0,0.0,1.0
9,105,1.5464194697610052,6.369288232354853,1.0,1.0,1.0,1.0,1.0,0.0
10,105,10.59332094719002,8.216283700634913,1.0,0.0,0.0,0.0,1.0,0.0
11,105,2.977525713688907,1.0144023398116575,1.0,0.0,0.0,0.0,0.0,0.0
12,105,7.127690656653591,5.195651208532607,1.0,0.0,1.0,1.0,0.0,1.0
13,105,5.438131342465657,10.217744745400717,0.0,1.0,0.0,0.0,0.0,1.0
14,105,2.143127565057365,8.561757059545355,0.0,0.0,1.0,0.0,1.0,0.0
15,105,5.014901933932175,1.6464254127971758,0.0,0.0,1.0,1.0,0.0,0.0
16,105,11.470477581961978,11.650722078673525,0.0,0.0,0.0,1.0,1.0,1.0
17,105,1.8438861484360285,2.3022467868898997,0.0,0.0,1.0,1.0,0.0,1.0
18,105,4.081901371941723,9.986517364619214,0.0,0.0,0.0,0.0,0.0,0.0
19,105,2.246564132750833,5.458927320926915,0.0,1.0,0.0,0.0,0.0,1.0
0,110,7.632111561710895,7.846037325690359,0.0,0.0,0.0,0.0,1.0,0.0
1,110,8.44446684381481,0.0,1.0,1.0,0.0,0.0,1.0,1.0
2,110,2.3534415242158677,10.934624953019812,0.0,0.0,0.0,1.0,1.0,0.0
3,110,0.1823831501099056,8.158166082892656,1.0,0.0,0.0,1.0,1.0,0.0
4,110,1.0773685760339458,10.494097520863034,0.0,1.0,0.0,1.0,1.0,0.0
5,110,0.9849817913519824,10.302377614921143,1.0,1.0,0.0,0.0,0.0,0.0
6,110,3.702940680376631,9.212952508100525,0.0,0.0,0.0,0.0,0.0,0.0
7,110,4.078885261933755,2.778729233365172,0.0,0.0,1.0,1.0,1.0,0.0
8,110,4.869985857334972,3.5583958402297515,0.0,1.0,0.0,0.0,0.0,1.0
9,110,1.4619621339752995,6.330316503067942,1.0,1.0,1.0,1.0,1.0,0.0
10,110,10.647356159781602,8.316772533640892,1.0,0.0,0.0,0.0,1.0,0.0
11,110,3.057217294718414,0.9703506489174668,1.0,0.0,0.0,0.0,0.0,0.0
12,110,7.152397556003048,5.191918952079456,1.0,0.0,1.0,1.0,0.0,1.0
13,110,5.457218046456772,10.142930032934904,0.0,1.0,0.0,0.0,0.0,1.0
14,110,2.200691128855797,8.645944680454399,0.0,0.0,1.0,0.0,1.0,0.0
15,110,5.173372339009039,1.610937953619622,0.0,0.0,1.0,1.0,0.0,0.0
16,110,11.49972043054984,11.759046039115796,0.0,0.0,0.0,1.0,1.0,1.0
17,110,1.8570977684991008,2.260662502427914,0.0,0.0,1.0,1.0,0.0,1.0
18,110,4.058787031131412,9.990657932585096,0.0,0.0,0.0,0.0,0.0,0.0
19,110,2.1431421535999324,5.485172881968616,0.0,1.0,0.0,0.0,0.0,1.0
0,115,7.668592037264031,7.835640102514517,0.0,0.0,0.0,0.0,1.0,0.0
1,115,8.588264868180204,0.0,1.0,1.0,0.0,0.0,1.0,1.0
2,115,2.320556567416395,10.929807695498246,0.0,0.0,0.0,1.0,1.0,0.0
3,115,0.118333296770213,8.022547340130854,1.0,0.0,0.0,1.0,1.0,0.0
4,115,1.180212747666316,10.432734832594642,0.0,1.0,0.0,1.0,1.0,0.0
5,115,1.114708769124412,10.347483924410362,1.0,1.0,0.0,0.0,0.0,0.0
6,115,3.763530952634557,9.388430204133073,0.0,0.0,0.0,0.0,0.0,0.0
7,115,4.057401279320382,2.751158509740632,0.0,0.0,1.0,1.0,1.0,0.0
8,115,4.819632642481575,3.513773354374689,0.0,1.0,0.0,0.0,0.0,1.0
9,115,1.3755475509232136,6.291373705601044,1.0,1.0,1.0,1.0,1.0,0.0
10,115,10.701437417524764,8.412137720392058,1.0,0.0,0.0,0.0,1.0,0.0
11,115,3.1223810342327423,0.9337304539739444,1.0,0.0,0.0,0.0,0.0,0.0
12,115,7.139091496777485,5.19419976009135,1.0,0.0,1.0,1.0,0.0,1.0
13,115,5.481537258747022,10.050932861592644,0.0,1.0,0.0,0.0,0.0,1.0
14,115,2.2631215266934968,8.738796367510021,0.0,0.0,1.0,0.0,1.0,0.0
15,115,5.321070093691371,1.579707703522001,0.0,0.0,1.0,1.0,0.0,0.0
16,115,11.60269077806016,11.734657478360052,0.0,0.0,0.0,1.0,1.0,1.0
17,115,1.870363812694324,2.221255985324728,0.0,0.0,1.0,1.0,0.0,1.0
18,115,4.024449765792762,9.996448956719265,0.0,0.0,0.0,0.0,0.0,0.0
19,115,2.0429279396297675,5.5123033701962925,0.0,1.0,0.0,0.0,0.0,1.0
0,120,7.717432472121372,7.822434167138453,0.0,0.0,0.0,0.0,1.0,0.0
1,120,8.719844842043583,0.0,1.0,1.0,0.0,0.0,1.0,1.0
2,120,2.2855981926274223,10.924940779390084,0.0,0.0,0.0,1.0,1.0,0.0
3,120,0.0621966783085769,7.906919694933269,1.0,0.0,0.0,1.0,1.0,0.0
4,120,1.2782413080310888,10.369242883208337,0.0,1.0,0.0,1.0,1.0,0.0
5,120,1.2506906835300673,10.393087216084464,1.0,1.0,0.0,0.0,0.0,0.0
6,120,3.970472475445847,9.316178085917006,0.0,0.0,0.0,0.0,0.0,0.0
7,120,4.033162106562327,2.7194103175421978,0.0,0.0,1.0,1.0,1.0,0.0
8,120,4.778199650093606,3.475232764911929,0.0,1.0,0.0,0.0,0.0,1.0
9,120,1.2896140962058569,6.2526196867349535,1.0,1.0,1.0,1.0,1.0,0.0
10,120,10.74402264065181,8.483942431357574,1.0,0.0,0.0,0.0,1.0,0.0
11,120,3.200225466862005,0.8886442225122607,1.0,0.0,0.0,0.0,0.0,0.0
12,120,7.12496137851093,5.196849027294158,1.0,0.0,1.0,1.0,0.0,1.0
13,120,5.378281678354384,10.024020649615927,0.0,1.0,0.0,0.0,0.0,1.0
14,120,2.3393133306122578,8.845686448242457,0.0,0.0,1.0,0.0,1.0,0.0
15,120,5.466339287171001,1.5429242672314687,0.0,0.0,1.0,1.0,0.0,0.0
16,120,11.68899249808752,11.71332560741276,0.0,0.0,0.0,1.0,1.0,1.0
17,120,1.8812892993247368,2.1889551386644346,0.0,0.0,1.0,1.0,0.0,1.0
18,120,3.995242313324644,10.00158670939172,0.0,0.0,0.0,0.0,0.0,0.0
19,120,1.964581358648276,5.532513335196436,0.0,1.0,0.0,0.0,0.0,1.0
0,125,7.763973119933087,7.809928900603903,0.0,0.0,0.0,0.0,1.0,0.0
1,125,8.85057883836939,0.0,1.0,1.0,0.0,0.0,1.0,1.0
2,125,2.263037611258998,10.921125854836095,0.0,0.0,0.0,1.0,1.0,0.0
3,125,0.0,7.780232657315681,1.0,0.0,0.0,1.0,1.0,0.0
4,125,1.3826996627980463,10.30086476180049,0.0,1.0,0.0,1.0,1.0,0.0
5,125,1.384345984144284,10.433418829786554,1.0,1.0,0.0,0.0,0.0,0.0
6,125,4.168474577460525,9.24976730059832,0.0,0.0,0.0,0.0,0.0,0.0
7,125,4.021899143946476,2.7039760422808974,0.0,0.0,1.0,1.0,1.0,0.0
8,125,4.7367901175948965,3.435220064454858,0.0,1.0,0.0,0.0,0.0,1.0
9,125,1.2027853771734685,6.213938778727232,1.0,1.0,1.0,1.0,1.0,0.0
10,125,10.77157945502942,8.532081097554093,1.0,0.0,0.0,0.0,1.0,0.0
11,125,3.2902036448193805,0.8313510483274279,1.0,0.0,0.0,0.0,0.0,0.0
12,125,7.1060195797694,5.200281005528567,1.0,0.0,1.0,1.0,0.0,1.0
13,125,5.275279888009724,9.995091459672896,0.0,1.0,0.0,0.0,0.0,1.0
14,125,2.4150204012320566,8.95097386747122,0.0,0.0,1.0,0.0,1.0,0.0
15,125,5.622211653278054,1.508211945300648,0.0,0.0,1.0,1.0,0.0,0.0
16,125,11.7629601818361,11.693147668547352,0.0,0.0,0.0,1.0,1.0,1.0
17,125,1.8963460005158583,2.1443709144696914,0.0,0.0,1.0,1.0,0.0,1.0
18,125,3.9767371672798,10.004986867650311,0.0,0.0,0.0,0.0,0.0,0.0
19,125,1.871155835537837,5.553952527168459,0.0,1.0,0.0,0.0,0.0,1.0
0,130,7.79817889161308,7.801666631409479,0.0,0.0,0.0,0.0,1.0,0.0
1,130,8.985618212935645,0.0,1.0,1.0,0.0,0.0,1.0,1.0
2,130,2.213544670885107,10.912974679107972,0.0,0.0,0.0,1.0,1.0,0.0
3,130,0.0,7.671479664486462,1.0,0.0,0.0,1.0,1.0,0.0
4,130,1.480020846285116,10.235818249138228,0.0,1.0,0.0,1.0,1.0,0.0
5,130,1.531153286138629,10.477670723677168,1.0,1.0,0.0,0.0,0.0,0.0
6,130,4.374120959264333,9.180168925074584,0.0,0.0,0.0,0.0,0.0,0.0
7,130,4.010963062538887,2.687562220002687,0.0,0.0,1.0,1.0,1.0,0.0
8,130,4.7035278287396185,3.402415540712303,0.0,1.0,0.0,0.0,0.0,1.0
9,130,1.09305900659414,6.161531556550426,1.0,1.0,1.0,1.0,1.0,0.0
10,130,10.80740795191902,8.589972591019658,1.0,0.0,0.0,0.0,1.0,0.0
11,130,3.351792138466651,0.792372622421103,1.0,0.0,0.0,0.0,0.0,0.0
12,130,7.124946261867165,5.196548637733565,1.0,0.0,1.0,1.0,0.0,1.0
13,130,5.1737442546113375,9.966382861473202,0.0,1.0,0.0,0.0,0.0,1.0
14,130,2.4979713253863567,9.06713952575386,0.0,0.0,1.0,0.0,1.0,0.0
15,130,5.77185228868482,1.4744996744502936,0.0,0.0,1.0,1.0,0.0,0.0
16,130,11.826373900130076,11.67555496856852,0.0,0.0,0.0,1.0,1.0,1.0
17,130,1.9092041951937315,2.1027381305217845,0.0,0.0,1.0,1.0,0.0,1.0
18,130,3.9644647274710887,10.006854071403962,0.0,0.0,0.0,0.0,0.0,0.0
19,130,1.7524179469717378,5.580436892738774,0.0,1.0,0.0,0.0,0.0,1.0
0,135,7.845097429492693,7.790227732238421,0.0,0.0,0.0,0.0,1.0,0.0
1,135,9.127072385791958,0.0,1.0,1.0,0.0,0.0,1.0,1.0
2,135,2.1772421076132686,10.907404859528205,0.0,0.0,0.0,1.0,1.0,0.0
3,135,0.0,7.561639308939416,1.0,0.0,0.0,1.0,1.0,0.0
4,135,1.591464209905542,10.163103482148678,0.0,1.0,0.0,1.0,1.0,0.0
5,135,1.6754150261766134,10.526615733057852,1.0,1.0,0.0,0.0,0.0,0.0
6,135,4.572179814660142,9.111754439222404,0.0,0.0,0.0,0.0,0.0,0.0
7,135,3.994040479256421,2.662781970526796,0.0,0.0,1.0,1.0,1.0,0.0
8,135,4.658720079769212,3.3567475672096885,0.0,1.0,0.0,0.0,0.0,1.0
9,135,0.9976824169487176,6.118562326443828,1.0,1.0,1.0,1.0,1.0,0.0
10,135,10.844593880678367,8.64784816634932,1.0,0.0,0.0,0.0,1.0,0.0
11,135,3.4325662622601687,0.741782581771899,1.0,0.0,0.0,0.0,0.0,0.0
12,135,7.168425147862449,5.187460058564692,1.0,0.0,1.0,1.0,0.0,1.0
13,135,5.070421136394167,9.938465253414169,0.0,1.0,0.0,0.0,0.0,1.0
14,135,2.5855342609736893,9.189147622167818,0.0,0.0,1.0,0.0,1.0,0.0
15,135,5.904390496778443,1.4450508475379773,0.0,0.0,1.0,1.0,0.0,0.0
16,135,11.905437106590114,11.656294427913828,0.0,0.0,0.0,1.0,1.0,1.0
17,135,1.923934867640898,2.05196941650574,0.0,0.0,1.0,1.0,0.0,1.0
18,135,3.968652783011828,10.006245631377526,0.0,0.0,0.0,0.0,0.0,0.0
19,135,1.6376780059633014,5.607356277116883,0.0,1.0,0.0,0.0,0.0,1.0
0,140,7.898892117165813,7.776540273742326,0.0,0.0,0.0,0.0,1.0,0.0
1,140,9.285464731983549,0.0,1.0,1.0,0.0,0.0,1.0,1.0
2,140,2.1701677519252938,10.953717942410224,0.0,0.0,0.0,1.0,1.0,0.0
3,140,0.0,7.457828289688527,1.0,0.0,0.0,1.0,1.0,0.0
4,140,1.7041996459757671,10.090712964882012,0.0,1.0,0.0,1.0,1.0,0.0
5,140,1.814812364274851,10.57157640437697,1.0,1.0,0.0,0.0,0.0,0.0
6,140,4.7687261583317735,9.04408359130923,0.0,0.0,0.0,0.0,0.0,0.0
7,140,3.9878030032948137,2.653330188617381,0.0,0.0,1.0,1.0,1.0,0.0
8,140,4.593824694647975,3.2902713685924887,0.0,1.0,0.0,0.0,0.0,1.0
9,140,0.8923918889756773,6.071107925948922,1.0,1.0,1.0,1.0,1.0,0.0
10,140,10.8785906074285,8.700235270347882,1.0,0.0,0.0,0.0,1.0,0.0
11,140,3.5148330407334267,0.6933852961039675,1.0,0.0,0.0,0.0,0.0,0.0
12,140,7.220536231364012,5.175085042393446,1.0,0.0,1.0,1.0,0.0,1.0
13,140,4.922988437946275,9.89751283251072,0.0,1.0,0.0,0.0,0.0,1.0
14,140,2.675269726626411,9.314364307233454,0.0,0.0,1.0,0.0,1.0,0.0
15,140,6.055907656454698,1.4158314898364937,0.0,0.0,1.0,1.0,0.0,0.0
16,140,11.960442647434714,11.643489752208795,0.0,0.0,0.0,1.0,1.0,1.0
17,140,1.9399700157026465,1.9913386358922336,0.0,0.0,1.0,1.0,0.0,1.0
18,140,3.9640346322555393,9.973963289235302,0.0,0.0,0.0,0.0,0.0,0.0
19,140,1.508004060967974,5.640166843948055,0.0,1.0,0.0,0.0,0.0,1.0
0,145,7.93791051274346,7.766329835041009,0.0,0.0,0.0,0.0,1.0,0.0
1,145,9.431896433392518,0.0,1.0,1.0,0.0,0.0,1.0,1.0
2,145,2.112684018239459,10.943291963188198,0.0,0.0,0.0,1.0,1.0,0.0
3,145,0.0,7.372786365507114,1.0,0.0,0.0,1.0,1.0,0.0
4,145,1.7987370974496577,10.030861816191775,0.0,1.0,0.0,1.0,1.0,0.0
5,145,1.9600309867365613,10.618138551126444,1.0,1.0,0.0,0.0,0.0,0.0
6,145,4.9545967498820005,8.974195480305589,0.0,0.0,0.0,0.0,0.0,0.0
7,145,3.986672546747955,2.6516550154202654,0.0,0.0,1.0,1.0,1.0,0.0
8,145,4.5250116970260805,3.2158801666221386,0.0,1.0,0.0,0.0,0.0,1.0
9,145,0.7753709066701222,6.01844721003476,1.0,1.0,1.0,1.0,1.0,0.0
10,145,10.907806004766844,8.748048208105857,1.0,0.0,0.0,0.0,1.0,0.0
11,145,3.609122600346253,0.6369434590680713,1.0,0.0,0.0,0.0,0.0,0.0
12,145,7.265633485519024,5.163257637928363,1.0,0.0,1.0,1.0,0.0,1.0
13,145,4.791451615708746,9.859811767621853,0.0,1.0,0.0,0.0,0.0,1.0
14,145,2.7767323485202446,9.455112148641806,0.0,0.0,1.0,0.0,1.0,0.0
15,145,6.198990170595818,1.3884007405148144,0.0,0.0,1.0,1.0,0.0,0.0
16,145,12.0,11.627837730849391,0.0,0.0,0.0,1.0,1.0,1.0
17,145,1.9562584854152263,1.9257413715233345,0.0,0.0,1.0,1.0,0.0,1.0
18,145,3.959260731613843,9.93456767078183,0.0,0.0,0.0,0.0,0.0,0.0
19,145,1.3628444306496932,5.675603663352399,0.0,1.0,0.0,0.0,0.0,1.0
0,150,7.985820382073392,7.752832529055961,0.0,0.0,0.0,0.0,1.0,0.0
1,150,9.583366901676303,0.0,1.0,1.0,0.0,0.0,1.0,1.0
2,150,2.084665624711147,10.93834401162908,0.0,0.0,0.0,1.0,1.0,0.0
3,150,0.0,7.270140339362179,1.0,0.0,0.0,1.0,1.0,0.0
4,150,1.8882123061684624,9.97348613111024,0.0,1.0,0.0,1.0,1.0,0.0
5,150,2.0968756155650987,10.660590668981737,1.0,1.0,0.0,0.0,0.0,0.0
6,150,5.151531231042672,8.892715729519114,0.0,0.0,0.0,0.0,0.0,0.0
7,150,3.993510741519869,2.6616081233229307,0.0,0.0,1.0,1.0,1.0,0.0
8,150,4.464042728749941,3.151773486702478,0.0,1.0,0.0,0.0,0.0,1.0
9,150,0.6518551273259665,5.960251669903309,1.0,1.0,1.0,1.0,1.0,0.0
10,150,10.937162598957222,8.797737799624388,1.0,0.0,0.0,0.0,1.0,0.0
11,150,3.681861078762433,0.5958351101585649,1.0,0.0,0.0,0.0,0.0,0.0
12,150,7.314082630659512,5.149677137424,1.0,0.0,1.0,1.0,0.0,1.0
13,150,4.662506683496916,9.824606317936212,0.0,1.0,0.0,0.0,0.0,1.0
14,150,2.8794844523194367,9.593721751150982,0.0,0.0,1.0,0.0,1.0,0.0
15,150,6.3279573001082685,1.3626409853032382,0.0,0.0,1.0,1.0,0.0,0.0
16,150,12.0,11.612153657825234,0.0,0.0,0.0,1.0,1.0,1.0
17,150,1.9756466677210367,1.8430905811213725,0.0,0.0,1.0,1.0,0.0,1.0
18,150,3.9526399846087616,9.880014552872275,0.0,0.0,0.0,0.0,0.0,0.0
19,150,1.2234082909009842,5.708477773091038,0.0,1.0,0.0,0.0,0.0,1.0
0,155,8.012136954389113,7.745044948098092,0.0,0.0,0.0,0.0,1.0,0.0
1,155,9.740908127592734,0.0,1.0,1.0,0.0,0.0,1.0,1.0
2,155,2.06258335993898,10.934529869522263,0.0,0.0,0.0,1.0,1.0,0.0
3,155,0.0,7.1635222181051,1.0,0.0,0.0,1.0,1.0,0.0
4,155,1.96000162097284,9.924430929770148,0.0,1.0,0.0,1.0,1.0,0.0
5,155,2.2450798542967294,10.705142181862763,1.0,1.0,0.0,0.0,0.0,0.0
6,155,5.350650014657554,8.811730421119664,0.0,0.0,0.0,0.0,0.0,0.0
7,155,4.001121401996794,2.6726978323502086,0.0,0.0,1.0,1.0,1.0,0.0
8,155,4.39201934475217,3.074534015701784,0.0,1.0,0.0,0.0,0.0,1.0
9,155,0.5403658135748223,5.908884168817163,1.0,1.0,1.0,1.0,1.0,0.0
10,155,10.97259199047403,8.859637649840739,1.0,0.0,0.0,0.0,1.0,0.0
11,155,3.7489642205984746,0.5575746297520185,1.0,0.0,0.0,0.0,0.0,0.0
12,155,7.367164301914421,5.135068892244133,1.0,0.0,1.0,1.0,0.0,1.0
13,155,4.530233617395724,9.78585162467478,0.0,1.0,0.0,0.0,0.0,1.0
14,155,2.976466616603541,9.726347288972873,0.0,0.0,1.0,0.0,1.0,0.0
15,155,6.461019506253465,1.3363681873201414,0.0,0.0,1.0,1.0,0.0,0.0
16,155,12.0,11.597018140892953,0.0,0.0,0.0,1.0,1.0,1.0
17,155,1.994908521219862,1.7528149002411193,0.0,0.0,1.0,1.0,0.0,1.0
18,155,3.947984175739573,9.83409531061686,0.0,0.0,0.0,0.0,0.0,0.0
19,155,1.1051798704246003,5.733397992547329,0.0,1.0,0.0,0.0,0.0,1.0
0,160,8.040624932004633,7.736903010655724,0.0,0.0,0.0,0.0,1.0,0.0
1,160,9.89308807658865,0.0,1.0,1.0,0.0,0.0,1.0,1.0
2,160,2.0262356979339566,10.927516223239364,0.0,0.0,0.0,1.0,1.0,0.0
3,160,0.1178476576032051,7.115158468772568,1.0,0.0,0.0,1.0,1.0,0.0
4,160,2.038652382964921,9.868873403475284,0.0,1.0,0.0,1.0,1.0,0.0
5,160,2.3929750199226847,10.74862980049604,1.0,1.0,0.0,0.0,0.0,0.0
6,160,5.550582460249498,8.728820266915074,0.0,0.0,0.0,0.0,0.0,0.0
7,160,4.011425451985093,2.687093921461321,0.0,0.0,1.0,1.0,1.0,0.0
8,160,4.330269493638214,3.004980291395535,0.0,1.0,0.0,0.0,0.0,1.0
9,160,0.439743351717274,5.862448037459993,1.0,1.0,1.0,1.0,1.0,0.0
10,160,11.001044241843577,8.911182800390973,1.0,0.0,0.0,0.0,1.0,0.0
11,160,3.812582627745112,0.522546325060498,1.0,0.0,0.0,0.0,0.0,0.0
12,160,7.4295845759264765,5.118538546378383,1.0,0.0,1.0,1.0,0.0,1.0
13,160,4.389292200497887,9.747996553312806,0.0,1.0,0.0,0.0,0.0,1.0
14,160,3.072267807240224,9.855700929855535,0.0,0.0,1.0,0.0,1.0,0.0
15,160,6.6105695649563065,1.3083066404339694,0.0,0.0,1.0,1.0,0.0,0.0
16,160,12.0,11.58069526346323,0.0,0.0,0.0,1.0,1.0,1.0
17,160,2.0146722768922576,1.6631383200743857,0.0,0.0,1.0,1.0,0.0,1.0
18,160,3.944232059155047,9.796553638809636,0.0,0.0,0.0,0.0,0.0,0.0
19,160,1.0104252875206228,5.755371165376064,0.0,1.0,0.0,0.0,0.0,1.0
0,165,8.068041346322037,7.729460802901745,0.0,0.0,0.0,0.0,1.0,0.0
1,165,10.047143666441483,0.0,1.0,1.0,0.0,0.0,1.0,1.0
2,165,1.997192829428095,10.922051275585918,0.0,0.0,0.0,1.0,1.0,0.0
3,165,0.2256921955888659,7.070358023385409,1.0,0.0,0.0,1.0,1.0,0.0
4,165,2.1223339165080333,9.808720874252565,0.0,1.0,0.0,1.0,1.0,0.0
5,165,2.521148455396387,10.784544267142486,1.0,1.0,0.0,0.0,0.0,0.0
6,165,5.745749805082377,8.65027885952983,0.0,0.0,0.0,0.0,0.0,0.0
7,165,4.024840194979846,2.7059457525292694,0.0,0.0,1.0,1.0,1.0,0.0
8,165,4.261148543304486,2.9293211459430064,0.0,1.0,0.0,0.0,0.0,1.0
9,165,0.3504034051874193,5.820786978466695,1.0,1.0,1.0,1.0,1.0,0.0
10,165,11.035848306189829,8.96971875067461,1.0,0.0,0.0,0.0,1.0,0.0
11,165,3.881013602159885,0.4865525892883088,1.0,0.0,0.0,0.0,0.0,0.0
12,165,7.491917825229802,5.102062683830189,1.0,0.0,1.0,1.0,0.0,1.0
13,165,4.2329703885899725,9.701846837432024,0.0,1.0,0.0,0.0,0.0,1.0
14,165,3.1581849617608198,9.972284801374729,0.0,0.0,1.0,0.0,1.0,0.0
15,165,6.760277059063557,1.2751705328622138,0.0,0.0,1.0,1.0,0.0,0.0
16,165,12.0,11.566360945756916,0.0,0.0,0.0,1.0,1.0,1.0
17,165,2.037263231031702,1.5695458329085763,0.0,0.0,1.0,1.0,0.0,1.0
18,165,3.904771567134951,9.800336074644084,0.0,0.0,0.0,0.0,0.0,0.0
19,165,0.9146323110781892,5.775080924319779,0.0,1.0,0.0,0.0,0.0,1.0
0,170,8.105431937169755,7.718003507964847,0.0,0.0,0.0,0.0,1.0,0.0
1,170,10.198975472906602,0.0,1.0,1.0,0.0,0.0,1.0,1.0
2,170,1.9516868862299024,10.91369666077427,0.0,0.0,0.0,1.0,1.0,0.0
3,170,0.3151030543646113,7.0324790989061166,1.0,0.0,0.0,1.0,1.0,0.0
4,170,2.182894262204348,9.764856868504364,0.0,1.0,0.0,1.0,1.0,0.0
5,170,2.662496200859031,10.82383870247398,1.0,1.0,0.0,0.0,0.0,0.0
6,170,5.95022259070562,8.566138730382095,0.0,0.0,0.0,0.0,0.0,0.0
7,170,4.047748216983167,2.740106135776597,0.0,0.0,1.0,1.0,1.0,0.0
8,170,4.202566527800652,2.86603892082105,0.0,1.0,0.0,0.0,0.0,1.0
9,170,0.26742184765916,5.780282411982386,1.0,1.0,1.0,1.0,1.0,0.0
10,170,11.074134246940856,9.035743749656309,1.0,0.0,0.0,0.0,1.0,0.0
11,170,3.9245492587921222,0.4648843910808801,1.0,0.0,0.0,0.0,0.0,0.0
12,170,7.556623850317929,5.084074650647355,1.0,0.0,1.0,1.0,0.0,1.0
13,170,4.085173941449726,9.657592820802492,0.0,1.0,0.0,0.0,0.0,1.0
14,170,3.241549925355355,10.087885729031813,0.0,0.0,1.0,0.0,1.0,0.0
15,170,6.938210213749255,1.2377710623011071,0.0,0.0,1.0,1.0,0.0,0.0
16,170,12.0,11.55353637248708,0.0,0.0,0.0,1.0,1.0,1.0
17,170,2.056460177070901,1.4909530392921002,0.0,0.0,1.0,1.0,0.0,1.0
18,170,3.8676666017307233,9.803210284685813,0.0,0.0,0.0,0.0,0.0,0.0
19,170,0.84065852835277,5.790347605032073,0.0,1.0,0.0,0.0,0.0,1.0
0,175,8.14644362298191,7.703767245329988,0.0,0.0,0.0,0.0,1.0,0.0
1,175,10.375393513811186,0.0,1.0,1.0,0.0,0.0,1.0,1.0
2,175,1.8876535429254877,10.901832475569549,0.0,0.0,0.0,1.0,1.0,0.0
3,175,0.399247118551425,6.999455113521981,1.0,0.0,0.0,1.0,1.0,0.0
4,175,2.249469095290303,9.718516058073316,0.0,1.0,0.0,1.0,1.0,0.0
5,175,2.8098749525774687,10.863644800562447,1.0,1.0,0.0,0.0,0.0,0.0
6,175,6.1388976494263074,8.482161365039238,0.0,0.0,0.0,0.0,0.0,0.0
7,175,4.064832205236242,2.765325091373396,0.0,0.0,1.0,1.0,1.0,0.0
8,175,4.152802083258248,2.8090199650906134,0.0,1.0,0.0,0.0,0.0,1.0
9,175,0.2074737351754357,5.749798059376976,1.0,1.0,1.0,1.0,1.0,0.0
10,175,11.119530555710735,9.113356973779071,1.0,0.0,0.0,0.0,1.0,0.0
11,175,3.958215081492112,0.4473746533041794,1.0,0.0,0.0,0.0,0.0,0.0
12,175,7.621796180114869,5.067752658939517,1.0,0.0,1.0,1.0,0.0,1.0
13,175,3.9389121498565904,9.61523633459956,0.0,1.0,0.0,0.0,0.0,1.0
14,175,3.317438511159758,10.197967771066487,0.0,0.0,1.0,0.0,1.0,0.0
15,175,7.111913640295132,1.2022416437079009,0.0,0.0,1.0,1.0,0.0,0.0
16,175,12.0,11.541308295389916,0.0,0.0,0.0,1.0,1.0,1.0
17,175,2.0714689116632763,1.4317673642749005,0.0,0.0,1.0,1.0,0.0,1.0
18,175,3.821201852602552,9.80620202202494,0.0,0.0,0.0,0.0,0.0,0.0
19,175,0.745984238377299,5.810341300423201,0.0,1.0,0.0,0.0,0.0,1.0
0,180,8.188967621368892,7.688460526850268,0.0,0.0,0.0,0.0,1.0,0.0
1,180,10.5570975742931,0.0,1.0,1.0,0.0,0.0,1.0,1.0
2,180,1.8291128843472295,10.89210208955592,0.0,0.0,0.0,1.0,1.0,0.0
3,180,0.4722061591967745,6.971288093592141,1.0,0.0,0.0,1.0,1.0,0.0
4,180,2.311339386521052,9.67470720849675,0.0,1.0,0.0,1.0,1.0,0.0
5,180,2.966514280153255,10.90200780946213,1.0,1.0,0.0,0.0,0.0,0.0
6,180,6.336940948207976,8.396057311236644,0.0,0.0,0.0,0.0,0.0,0.0
7,180,4.072927333921849,2.7770443473816453,0.0,0.0,1.0,1.0,1.0,0.0
8,180,4.116461298465026,2.766100075047531,0.0,1.0,0.0,0.0,0.0,1.0
9,180,0.1544244566453507,5.722656522965727,1.0,1.0,1.0,1.0,1.0,0.0
10,180,11.169852289074951,9.198950356524966,1.0,0.0,0.0,0.0,1.0,0.0
11,180,4.003901138017922,0.4230705192180767,1.0,0.0,0.0,0.0,0.0,0.0
12,180,7.681564039114958,5.051969070561176,1.0,0.0,1.0,1.0,0.0,1.0
13,180,3.79910679664432,9.576445848218436,0.0,1.0,0.0,0.0,0.0,1.0
14,180,3.398952275800289,10.315013144884968,0.0,0.0,1.0,0.0,1.0,0.0
15,180,7.270029308752947,1.172637839181663,0.0,0.0,1.0,1.0,0.0,0.0
16,180,12.0,11.533425705356422,0.0,0.0,0.0,1.0,1.0,1.0
17,180,2.085597333929938,1.3700637442372512,0.0,0.0,1.0,1.0,0.0,1.0
18,180,3.766042627301614,9.809910363020917,0.0,0.0,0.0,0.0,0.0,0.0
19,180,0.6483435102365355,5.830071594078431,0.0,1.0,0.0,0.0,0.0,1.0
0,185,8.240074700045652,7.670425187310704,0.0,0.0,0.0,0.0,1.0,0.0
1,185,10.744717421086108,0.0,1.0,1.0,0.0,0.0,1.0,1.0
2,185,1.7829017693918554,10.884170570983269,0.0,0.0,0.0,1.0,1.0,0.0
3,185,0.5471318050805086,6.944169869765621,1.0,0.0,0.0,1.0,1.0,0.0
4,185,2.369718944430265,9.63344473780977,0.0,1.0,0.0,1.0,1.0,0.0
5,185,3.148946274646214,10.942735313490934,1.0,1.0,0.0,0.0,0.0,0.0
6,185,6.545935253076008,8.306544616312237,0.0,0.0,0.0,0.0,0.0,0.0
7,185,4.094095796986424,2.8088617126895365,0.0,0.0,1.0,1.0,1.0,0.0
8,185,4.08353637649442,2.7284560554168404,0.0,1.0,0.0,0.0,0.0,1.0
9,185,0.1153402137751256,5.702314385778728,1.0,1.0,1.0,1.0,1.0,0.0
10,185,11.215490700239728,9.271391249152355,1.0,0.0,0.0,0.0,1.0,0.0
11,185,4.038865171573878,0.4038849970143235,1.0,0.0,0.0,0.0,0.0,0.0
12,185,7.7308631682970255,5.037121829833865,1.0,0.0,1.0,1.0,0.0,1.0
13,185,3.669386406131956,9.540031002315878,0.0,1.0,0.0,0.0,0.0,1.0
14,185,3.483044426719312,10.433404537075656,0.0,0.0,1.0,0.0,1.0,0.0
15,185,7.421142344739953,1.1447055232237786,0.0,0.0,1.0,1.0,0.0,0.0
16,185,12.0,11.527302372259449,0.0,0.0,0.0,1.0,1.0,1.0
17,185,2.0960701451591985,1.315271451969056,0.0,0.0,1.0,1.0,0.0,1.0
18,185,3.69972254738197,9.814584772130145,0.0,0.0,0.0,0.0,0.0,0.0
19,185,0.5323057505073926,5.851422578274469,0.0,1.0,0.0,0.0,0.0,1.0
0,190,8.300224080200985,7.6510402025332755,0.0,0.0,0.0,0.0,1.0,0.0
1,190,10.937140035433382,0.0,1.0,1.0,0.0,0.0,1.0,1.0
2,190,1.718606830376862,10.871206612910864,0.0,0.0,0.0,1.0,1.0,0.0
3,190,0.6272500423544811,6.913470371126377,1.0,0.0,0.0,1.0,1.0,0.0
4,190,2.4306599247947944,9.590821569190298,0.0,1.0,0.0,1.0,1.0,0.0
5,190,3.320159101853275,10.981078910679798,1.0,1.0,0.0,0.0,0.0,0.0
6,190,6.749057131140371,8.218374285602497,0.0,0.0,0.0,0.0,0.0,0.0
7,190,4.099889618013076,2.8173360612657325,0.0,0.0,1.0,1.0,1.0,0.0
8,190,4.040137842356927,2.6786643537018144,0.0,1.0,0.0,0.0,0.0,1.0
9,190,0.0785464837925943,5.681430562239271,1.0,1.0,1.0,1.0,1.0,0.0
10,190,11.251415365790992,9.32485792643204,1.0,0.0,0.0,0.0,1.0,0.0
11,190,4.077968545655111,0.3817963775161274,1.0,0.0,0.0,0.0,0.0,0.0
12,190,7.780768138932205,5.023136765287875,1.0,0.0,1.0,1.0,0.0,1.0
13,190,3.514537818389003,9.491182669175007,0.0,1.0,0.0,0.0,0.0,1.0
14,190,3.5593444585035745,10.537956349849312,0.0,0.0,1.0,0.0,1.0,0.0
15,190,7.576599906409339,1.118521582259426,0.0,0.0,1.0,1.0,0.0,0.0
16,190,12.0,11.518576658201551,0.0,0.0,0.0,1.0,1.0,1.0
17,190,2.104239529857278,1.279832733222209,0.0,0.0,1.0,1.0,0.0,1.0
18,190,3.616555269526813,9.820987080699048,0.0,0.0,0.0,0.0,0.0,0.0
19,190,0.4301106956737431,5.872880813088431,0.0,1.0,0.0,0.0,0.0,1.0
0,195,8.279376701173875,7.591381826640435,0.0,0.0,0.0,0.0,1.0,0.0
1,195,11.132107169163456,0.0,1.0,1.0,0.0,0.0,1.0,1.0
2,195,1.6761438995364977,10.863479174480766,0.0,0.0,0.0,1.0,1.0,0.0
3,195,0.7263339384055753,6.87289950882081,1.0,0.0,0.0,1.0,1.0,0.0
4,195,2.4878569399555004,9.551390382978845,0.0,1.0,0.0,1.0,1.0,0.0
5,195,3.284774408463959,11.16149321815793,1.0,1.0,0.0,0.0,0.0,0.0
6,195,6.958084979825003,8.125571969010968,0.0,0.0,0.0,0.0,0.0,0.0
7,195,4.103246212078298,2.8222802137956315,0.0,0.0,1.0,1.0,1.0,0.0
8,195,4.0004449288676085,2.632999221492229,0.0,1.0,0.0,0.0,0.0,1.0
9,195,0.0234061257624646,5.65039119187097,1.0,1.0,1.0,1.0,1.0,0.0
10,195,11.287563460242175,9.378366491634576,1.0,0.0,0.0,0.0,1.0,0.0
11,195,4.126561598089174,0.3547099426505704,1.0,0.0,0.0,0.0,0.0,0.0
12,195,7.83050053076361,5.009626673178272,1.0,0.0,1.0,1.0,0.0,1.0
13,195,3.3479926946304426,9.436748653658578,0.0,1.0,0.0,0.0,0.0,1.0
14,195,3.64722155258716,10.659460740691785,0.0,0.0,1.0,0.0,1.0,0.0
15,195,7.725011747028507,1.0926063389774008,0.0,0.0,1.0,1.0,0.0,0.0
16,195,12.0,11.51581870445947,0.0,0.0,0.0,1.0,1.0,1.0
17,195,2.115919019104627,1.2293419403706605,0.0,0.0,1.0,1.0,0.0,1.0
18,195,3.510897992515583,9.829451599794227,0.0,0.0,0.0,0.0,0.0,0.0
19,195,0.3330620350538195,5.890298826077391,0.0,1.0,0.0,0.0,0.0,1.0
0,200,8.253562206088448,7.52400644999871,0.0,0.0,0.0,0.0,1.0,0.0
1,200,11.351480476252776,0.0,1.0,1.0,0.0,0.0,1.0,1.0
2,200,1.6272852073564588,10.85559234871508,0.0,0.0,0.0,1.0,1.0,0.0
3,200,0.8213729937368363,6.834555937241483,1.0,0.0,0.0,1.0,1.0,0.0
4,200,2.5452111666618187,9.511954671743506,0.0,1.0,0.0,1.0,1.0,0.0
5,200,3.242437661544552,11.3532113878971,1.0,1.0,0.0,0.0,0.0,0.0
6,200,7.176232040623376,8.030380328304826,0.0,0.0,0.0,0.0,0.0,0.0
7,200,4.103125637961572,2.822099698278504,0.0,0.0,1.0,1.0,1.0,0.0
8,200,4.040594978329287,2.601310436417676,0.0,1.0,0.0,0.0,0.0,1.0
9,200,0.0,5.628203332998608,1.0,1.0,1.0,1.0,1.0,0.0
10,200,11.319262225097477,9.42538668395431,1.0,0.0,0.0,0.0,1.0,0.0
11,200,4.190290770671652,0.3171867092852942,1.0,0.0,0.0,0.0,0.0,0.0
12,200,7.867198710765295,4.998895366980756,1.0,0.0,1.0,1.0,0.0,1.0
13,200,3.190001706448573,9.387386710922764,0.0,1.0,0.0,0.0,0.0,1.0
14,200,3.73905739289813,10.781034119605575,0.0,0.0,1.0,0.0,1.0,0.0
15,200,7.860031563424007,1.0665977053897862,0.0,0.0,1.0,1.0,0.0,0.0
16,200,11.993408502440484,11.517650304090775,0.0,0.0,0.0,1.0,1.0,1.0
17,200,2.128662721141722,1.176164635538147,0.0,0.0,1.0,1.0,0.0,1.0
18,200,3.4133280331705667,9.839662159796854,0.0,0.0,0.0,0.0,0.0,0.0
19,200,0.2519601421352018,5.903693743987275,0.0,1.0,0.0,0.0,0.0,1.0
0,205,8.226324154088037,7.452895666973238,0.0,0.0,0.0,0.0,1.0,0.0
1,205,11.567671777781689,0.0,1.0,1.0,0.0,0.0,1.0,1.0
2,205,1.575664619620325,10.846469410187098,0.0,0.0,0.0,1.0,1.0,0.0
3,205,0.9205138232618216,6.7945502508156,1.0,0.0,0.0,1.0,1.0,0.0
4,205,2.6074295991045533,9.468609051874674,0.0,1.0,0.0,1.0,1.0,0.0
5,205,3.187313147929468,11.567633719221114,1.0,1.0,0.0,0.0,0.0,0.0
6,205,7.390252937526358,7.944527014238762,0.0,0.0,0.0,0.0,0.0,0.0
7,205,4.10348507807639,2.82265758122843,0.0,0.0,1.0,1.0,1.0,0.0
8,205,4.064230814430309,2.5833949114511,0.0,1.0,0.0,0.0,0.0,1.0
9,205,0.0,5.609195082128425,1.0,1.0,1.0,1.0,1.0,0.0
10,205,11.356769774798847,9.479947803632838,1.0,0.0,0.0,0.0,1.0,0.0
11,205,4.264241745370199,0.2725211413801188,1.0,0.0,0.0,0.0,0.0,0.0
12,205,7.902254166982152,4.989296977955871,1.0,0.0,1.0,1.0,0.0,1.0
13,205,3.044790973135713,9.338415802949322,0.0,1.0,0.0,0.0,0.0,1.0
14,205,3.831438316378037,10.899995699853326,0.0,0.0,1.0,0.0,1.0,0.0
15,205,8.01576317465951,1.034166877322872,0.0,0.0,1.0,1.0,0.0,0.0
16,205,11.97751410877037,11.522184516373468,0.0,0.0,0.0,1.0,1.0,1.0
17,205,2.140655707558053,1.1250087758645226,0.0,0.0,1.0,1.0,0.0,1.0
18,205,3.332101353367612,9.85034780537478,0.0,0.0,0.0,0.0,0.0,0.0
19,205,0.1747056393871722,5.914501387157326,0.0,1.0,0.0,0.0,0.0,1.0
0,210,8.195368536764848,7.366119691861444,0.0,0.0,0.0,0.0,1.0,0.0
1,210,11.78620093250176,0.0,1.0,1.0,0.0,0.0,1.0,1.0
2,210,1.509619051403114,10.834928206033783,0.0,0.0,0.0,1.0,1.0,0.0
3,210,1.0184151785534008,6.75629040124026,1.0,0.0,0.0,1.0,1.0,0.0
4,210,2.6560810537750785,9.433646851696665,0.0,1.0,0.0,1.0,1.0,0.0
5,210,3.130451162715004,11.790335140917891,1.0,1.0,0.0,0.0,0.0,0.0
6,210,7.598948018070078,7.864218394092079,0.0,0.0,0.0,0.0,0.0,0.0
7,210,4.098796360828075,2.81538676910583,0.0,0.0,1.0,1.0,1.0,0.0
8,210,4.08751747830546,2.565523633156513,0.0,1.0,0.0,0.0,0.0,1.0
9,210,0.0,5.600580727426824,1.0,1.0,1.0,1.0,1.0,0.0
10,210,11.389012683734434,9.526633803240774,1.0,0.0,0.0,0.0,1.0,0.0
11,210,4.351215267951109,0.2203811833414364,1.0,0.0,0.0,0.0,0.0,0.0
12,210,7.963714037604527,4.971945542595013,1.0,0.0,1.0,1.0,0.0,1.0
13,210,2.91510819027215,9.29323188999405,0.0,1.0,0.0,0.0,0.0,1.0
14,210,3.927989617875584,11.026757814517596,0.0,0.0,1.0,0.0,1.0,0.0
15,210,8.172712756375729,0.9988664932898936,0.0,0.0,1.0,1.0,0.0,0.0
16,210,11.953056194527091,11.52930043236118,0.0,0.0,0.0,1.0,1.0,1.0
17,210,2.153736096894812,1.0705305577015745,0.0,0.0,1.0,1.0,0.0,1.0
18,210,3.247304078858681,9.862430498953673,0.0,0.0,0.0,0.0,0.0,0.0
19,210,0.0953297657678169,5.924254821833875,0.0,1.0,0.0,0.0,0.0,1.0
0,215,8.153481308536252,7.2537430480730976,0.0,0.0,0.0,0.0,1.0,0.0
1,215,11.992830087496973,0.0,1.0,1.0,0.0,0.0,1.0,1.0
2,215,1.4484506929713497,10.824295265651577,0.0,0.0,0.0,1.0,1.0,0.0
3,215,1.11626196300258,6.717741298525409,1.0,0.0,0.0,1.0,1.0,0.0
4,215,2.7144531615510727,9.391153655533447,0.0,1.0,0.0,1.0,1.0,0.0
5,215,3.355812689043499,11.851663097187314,1.0,1.0,0.0,0.0,0.0,0.0
6,215,7.79040896919128,7.7918663205732095,0.0,0.0,0.0,0.0,0.0,0.0
7,215,4.108636366994616,2.830520456053754,0.0,0.0,1.0,1.0,1.0,0.0
8,215,4.112075504035923,2.546637535652767,0.0,1.0,0.0,0.0,0.0,1.0
9,215,0.0,5.590555594312007,1.0,1.0,1.0,1.0,1.0,0.0
10,215,11.411246523357269,9.558336846897069,1.0,0.0,0.0,0.0,1.0,0.0
11,215,4.425573037220907,0.1746022107352627,1.0,0.0,0.0,0.0,0.0,0.0
12,215,8.01087350908052,4.958658531976261,1.0,0.0,1.0,1.0,0.0,1.0
13,215,2.7909397053413207,9.24556108653278,0.0,1.0,0.0,0.0,0.0,1.0
14,215,4.039061526934929,11.17022469823743,0.0,0.0,1.0,0.0,1.0,0.0
15,215,8.343302695482597,0.9618080630145364,0.0,0.0,1.0,1.0,0.0,0.0
16,215,11.929415771400995,11.536301490250564,0.0,0.0,0.0,1.0,1.0,1.0
17,215,2.1695942351906283,1.0043507803585476,0.0,0.0,1.0,1.0,0.0,1.0
18,215,3.1696323226348797,9.873225896691515,0.0,0.0,0.0,0.0,0.0,0.0
19,215,0.0059619962966849,5.934940726602828,0.0,1.0,0.0,0.0,0.0,1.0
0,220,8.108587027140022,7.139912807107256,0.0,0.0,0.0,0.0,1.0,0.0
1,220,12.0,0.0,1.0,1.0,0.0,0.0,1.0,1.0
2,220,1.4068447408667832,10.81797279572734,0.0,0.0,0.0,1.0,1.0,0.0
3,220,1.208165257024722,6.680267268039117,1.0,0.0,0.0,1.0,1.0,0.0
4,220,2.7892949337209663,9.336295854481392,0.0,1.0,0.0,1.0,1.0,0.0
5,220,3.577902757505392,11.915630185835454,1.0,1.0,0.0,0.0,0.0,0.0
6,220,7.994739163925876,7.715209126786833,0.0,0.0,0.0,0.0,0.0,0.0
7,220,4.127591633296211,2.861086574431173,0.0,0.0,1.0,1.0,1.0,0.0
8,220,4.149845099806798,2.5178068605606674,0.0,1.0,0.0,0.0,0.0,1.0
9,220,0.0,5.58108266678971,1.0,1.0,1.0,1.0,1.0,0.0
10,220,11.442785884773867,9.606561198843313,1.0,0.0,0.0,0.0,1.0,0.0
11,220,4.507671553766121,0.123568058624352,1.0,0.0,0.0,0.0,0.0,0.0
12,220,8.080486557300619,4.938641130469833,1.0,0.0,1.0,1.0,0.0,1.0
13,220,2.685770048968949,9.202666286382891,0.0,1.0,0.0,0.0,0.0,1.0
14,220,4.152642298083663,11.317810959547218,0.0,0.0,1.0,0.0,1.0,0.0
15,220,8.513208870738337,0.9257446827652134,0.0,0.0,1.0,1.0,0.0,0.0
16,220,11.902570049681843,11.545096469338914,0.0,0.0,0.0,1.0,1.0,1.0
17,220,2.186407159771042,0.933983863604991,0.0,0.0,1.0,1.0,0.0,1.0
18,220,3.0902993120686006,9.888457000919342,0.0,0.0,0.0,0.0,0.0,0.0
19,220,0.0,5.944612473965118,0.0,1.0,0.0,0.0,0.0,1.0
0,225,8.058623074593399,7.020403463625301,0.0,0.0,0.0,0.0,1.0,0.0
1,225,12.0,0.0,1.0,1.0,0.0,0.0,1.0,1.0
2,225,1.3718286506103925,10.813407724555056,0.0,0.0,0.0,1.0,1.0,0.0
3,225,1.3083571260310962,6.633451870209597,1.0,0.0,0.0,1.0,1.0,0.0
4,225,2.8741263052280144,9.272695572197398,0.0,1.0,0.0,1.0,1.0,0.0
5,225,3.785471009822961,11.971145346227567,1.0,1.0,0.0,0.0,0.0,0.0
6,225,8.19631717606979,7.63663947967551,0.0,0.0,0.0,0.0,0.0,0.0
7,225,4.157236823644199,2.910426111906556,0.0,0.0,1.0,1.0,1.0,0.0
8,225,4.170276432746001,2.5029334899514377,0.0,1.0,0.0,0.0,0.0,1.0
9,225,0.0,5.571083725624514,1.0,1.0,1.0,1.0,1.0,0.0
10,225,11.463765213439194,9.639449782451107,1.0,0.0,0.0,0.0,1.0,0.0
11,225,4.600295290359541,0.0698155676262823,1.0,0.0,0.0,0.0,0.0,0.0
12,225,8.131868557564811,4.925082081483119,1.0,0.0,1.0,1.0,0.0,1.0
13,225,2.587737634667626,9.159350300161137,0.0,1.0,0.0,0.0,0.0,1.0
14,225,4.25852803410074,11.455194143593069,0.0,0.0,1.0,0.0,1.0,0.0
15,225,8.681436185031716,0.8914406323643174,0.0,0.0,1.0,1.0,0.0,0.0
16,225,11.874512313659238,11.55508026044885,0.0,0.0,0.0,1.0,1.0,1.0
17,225,2.203202236287575,0.8557320261260525,0.0,0.0,1.0,1.0,0.0,1.0
18,225,3.032568857756904,9.89745505504575,0.0,0.0,0.0,0.0,0.0,0.0
19,225,0.0,5.955921101783535,0.0,1.0,0.0,0.0,0.0,1.0
0,230,8.006806630356083,6.892232389248026,0.0,0.0,0.0,0.0,1.0,0.0
1,230,12.0,0.0,1.0,1.0,0.0,0.0,1.0,1.0
2,230,1.3316717410338803,10.808247650065944,0.0,0.0,0.0,1.0,1.0,0.0
3,230,1.4178833465098744,6.584113876839124,1.0,0.0,0.0,1.0,1.0,0.0
4,230,2.94871630620819,9.21527456047252,0.0,1.0,0.0,1.0,1.0,0.0
5,230,3.997854902750207,12.0,1.0,1.0,0.0,0.0,0.0,0.0
6,230,8.401152391164427,7.5628604127471615,0.0,0.0,0.0,0.0,0.0,0.0
7,230,4.1870576545578535,2.956337607644968,0.0,0.0,1.0,1.0,1.0,0.0
8,230,4.1838687729817,2.492992002189115,0.0,1.0,0.0,0.0,0.0,1.0
9,230,0.0,5.564873870100382,1.0,1.0,1.0,1.0,1.0,0.0
10,230,11.496492359234528,9.688630402958818,1.0,0.0,0.0,0.0,1.0,0.0
11,230,4.679258560968111,0.0225244805893417,1.0,0.0,0.0,0.0,0.0,0.0
12,230,8.208002431246808,4.909147998029593,1.0,0.0,1.0,1.0,0.0,1.0
13,230,2.480857588014925,9.11235016483268,0.0,1.0,0.0,0.0,0.0,1.0
14,230,4.358352096263425,11.59049171859474,0.0,0.0,1.0,0.0,1.0,0.0
15,230,8.854511354234152,0.8590522320082234,0.0,0.0,1.0,1.0,0.0,0.0
16,230,11.880164200006122,11.5531012539632,0.0,0.0,0.0,1.0,1.0,1.0
17,230,2.221381122407348,0.7664717079859035,0.0,0.0,1.0,1.0,0.0,1.0
18,230,2.9659425079908908,9.907418399437343,0.0,0.0,0.0,0.0,0.0,0.0
19,230,0.0,5.966721178856725,0.0,1.0,0.0,0.0,0.0,1.0
0,235,7.962621879182531,6.778506753154487,0.0,0.0,0.0,0.0,1.0,0.0
1,235,12.0,0.0,1.0,1.0,0.0,0.0,1.0,1.0
2,235,1.2825977768840626,10.802488832577612,0.0,0.0,0.0,1.0,1.0,0.0
3,235,1.5517852246043162,6.522949500092022,1.0,0.0,0.0,1.0,1.0,0.0
4,235,3.032442385168465,9.1503329656929,0.0,1.0,0.0,1.0,1.0,0.0
5,235,4.221838543035418,12.0,1.0,1.0,0.0,0.0,0.0,0.0
6,235,8.58546727304271,7.4936770074694525,0.0,0.0,0.0,0.0,0.0,0.0
7,235,4.210796898006798,2.991348976697083,0.0,0.0,1.0,1.0,1.0,0.0
8,235,4.191829066756491,2.487156031293651,0.0,1.0,0.0,0.0,0.0,1.0
9,235,0.0,5.559994370487497,1.0,1.0,1.0,1.0,1.0,0.0
10,235,11.531182701075402,9.73695688001366,1.0,0.0,0.0,0.0,1.0,0.0
11,235,4.777536617838486,0.0,1.0,0.0,0.0,0.0,0.0,0.0
12,235,8.278125448741832,4.8956610585492575,1.0,0.0,1.0,1.0,0.0,1.0
13,235,2.365730985373557,9.060454559617144,0.0,1.0,0.0,0.0,0.0,1.0
14,235,4.45711900999215,11.72529670610323,0.0,0.0,1.0,0.0,1.0,0.0
15,235,9.027643300580568,0.8259390092343686,0.0,0.0,1.0,1.0,0.0,0.0
16,235,11.861107622198396,11.559667821295236,0.0,0.0,0.0,1.0,1.0,1.0
17,235,2.239382327018444,0.6846139996430846,0.0,0.0,1.0,1.0,0.0,1.0
18,235,2.8910040549570217,9.919350488200848,0.0,0.0,0.0,0.0,0.0,0.0
19,235,0.0,5.976392371527765,0.0,1.0,0.0,0.0,0.0,1.0
0,240,7.91295316113102,6.65138098244427,0.0,0.0,0.0,0.0,1.0,0.0
1,240,12.0,0.0,1.0,1.0,0.0,0.0,1.0,1.0
2,240,1.2269051212758095,10.797518946782628,0.0,0.0,0.0,1.0,1.0,0.0
3,240,1.7156931681572123,6.447300328593631,1.0,0.0,0.0,1.0,1.0,0.0
4,240,3.110200669132583,9.087690613547224,0.0,1.0,0.0,1.0,1.0,0.0
5,240,4.467472429332397,12.0,1.0,1.0,0.0,0.0,0.0,0.0
6,240,8.76111120084812,7.429240573488919,0.0,0.0,0.0,0.0,0.0,0.0
7,240,4.236689117681343,3.0296658738320605,0.0,0.0,1.0,1.0,1.0,0.0
8,240,4.197237177083985,2.483133351009071,0.0,1.0,0.0,0.0,0.0,1.0
9,240,0.0062084791628021,5.562867352335472,1.0,1.0,1.0,1.0,1.0,0.0
10,240,11.554607748002583,9.770139358375973,1.0,0.0,0.0,0.0,1.0,0.0
11,240,4.890514675784236,0.0,1.0,0.0,0.0,0.0,0.0,0.0
12,240,8.350330382710554,4.883061515249113,1.0,0.0,1.0,1.0,0.0,1.0
13,240,2.258527032813559,9.01328425956592,0.0,1.0,0.0,0.0,0.0,1.0
14,240,4.553618599841275,11.859223289459168,0.0,0.0,1.0,0.0,1.0,0.0
15,240,9.210446428737791,0.7966339042702159,0.0,0.0,1.0,1.0,0.0,0.0
16,240,11.819765897550583,11.573787196063972,0.0,0.0,0.0,1.0,1.0,1.0
17,240,2.2566957796566016,0.6053608528711806,0.0,0.0,1.0,1.0,0.0,1.0
18,240,2.848832997336432,9.925635231028586,0.0,0.0,0.0,0.0,0.0,0.0
19,240,0.0,5.985250262303399,0.0,1.0,0.0,0.0,0.0,1.0
0,245,7.844653788771949,6.486405033640347,0.0,0.0,0.0,0.0,1.0,0.0
1,245,12.0,0.0,1.0,1.0,0.0,0.0,1.0,1.0
2,245,1.1792989809649117,10.792964744244928,0.0,0.0,0.0,1.0,1.0,0.0
3,245,1.880080112229176,6.37079234546307,1.0,0.0,0.0,1.0,1.0,0.0
4,245,3.180358179640149,9.033269606340689,0.0,1.0,0.0,1.0,1.0,0.0
5,245,4.700746609341046,12.0,1.0,1.0,0.0,0.0,0.0,0.0
6,245,8.932844773582264,7.3641367991251,0.0,0.0,0.0,0.0,0.0,0.0
7,245,4.276398173758127,3.087246015159799,0.0,0.0,1.0,1.0,1.0,0.0
8,245,4.196372673830662,2.483799608442007,0.0,1.0,0.0,0.0,0.0,1.0
9,245,0.0181524168923926,5.56856815675614,1.0,1.0,1.0,1.0,1.0,0.0
10,245,11.573967389513886,9.798462652746505,1.0,0.0,0.0,0.0,1.0,0.0
11,245,4.988992498277438,0.0,1.0,0.0,0.0,0.0,0.0,0.0
12,245,8.405725378041517,4.872695905550383,1.0,0.0,1.0,1.0,0.0,1.0
13,245,2.1494949391150397,8.966044882960373,0.0,1.0,0.0,0.0,0.0,1.0
14,245,4.64509906755653,11.99075809248395,0.0,0.0,1.0,0.0,1.0,0.0
15,245,9.41755053544459,0.7715566803014611,0.0,0.0,1.0,1.0,0.0,0.0
16,245,11.788786028572746,11.585280701993003,0.0,0.0,0.0,1.0,1.0,1.0
17,245,2.2735930473178647,0.531066682505302,0.0,0.0,1.0,1.0,0.0,1.0
18,245,2.814386185622748,9.93046327122772,0.0,0.0,0.0,0.0,0.0,0.0
19,245,0.0,5.996819994314595,0.0,1.0,0.0,0.0,0.0,1.0
0,250,7.768071792376117,6.296710307664475,0.0,0.0,0.0,0.0,1.0,0.0
1,250,12.0,0.0,1.0,1.0,0.0,0.0,1.0,1.0
2,250,1.1216987385246122,10.785998369349336,0.0,0.0,0.0,1.0,1.0,0.0
3,250,2.050827929932575,6.295540281176722,1.0,0.0,0.0,1.0,1.0,0.0
4,250,3.2593322735769577,8.975192106820366,0.0,1.0,0.0,1.0,1.0,0.0
5,250,4.928574052096436,12.0,1.0,1.0,0.0,0.0,0.0,0.0
6,250,9.094600601405086,7.305873820649382,0.0,0.0,0.0,0.0,0.0,0.0
7,250,4.3232641194772174,3.152654128034761,0.0,0.0,1.0,1.0,1.0,0.0
8,250,4.190561015259905,2.488472527299244,0.0,1.0,0.0,0.0,0.0,1.0
9,250,0.0424403741327004,5.580662177203936,1.0,1.0,1.0,1.0,1.0,0.0
10,250,11.588117658726146,9.819158408819504,1.0,0.0,0.0,0.0,1.0,0.0
11,250,5.091550582286688,0.0,1.0,0.0,0.0,0.0,0.0,0.0
12,250,8.458925729062866,4.862257038638241,1.0,0.0,1.0,1.0,0.0,1.0
13,250,2.0530106455640134,8.925743258887309,0.0,1.0,0.0,0.0,0.0,1.0
14,250,4.743904336821215,12.0,0.0,0.0,1.0,0.0,1.0,0.0
15,250,9.632093225501574,0.7403243010563837,0.0,0.0,1.0,1.0,0.0,0.0
16,250,11.740550119882156,11.602886912123353,0.0,0.0,0.0,1.0,1.0,1.0
17,250,2.294157115417,0.4440370553260112,0.0,0.0,1.0,1.0,0.0,1.0
18,250,2.7888958437802134,9.934721070595277,0.0,0.0,0.0,0.0,0.0,0.0
19,250,0.0,6.007973240918006,0.0,1.0,0.0,0.0,0.0,1.0
0,255,7.696210091091858,6.109837759379134,0.0,0.0,0.0,0.0,1.0,0.0
1,255,12.0,0.0,1.0,1.0,0.0,0.0,1.0,1.0
2,255,1.055406795579643,10.777750510987993,0.0,0.0,0.0,1.0,1.0,0.0
3,255,2.24901361522585,6.202210290323993,1.0,0.0,0.0,1.0,1.0,0.0
4,255,3.3398007301529886,8.91429829553121,0.0,1.0,0.0,1.0,1.0,0.0
5,255,5.14878553669991,12.0,1.0,1.0,0.0,0.0,0.0,0.0
6,255,9.267143413440754,7.241591427139983,0.0,0.0,0.0,0.0,0.0,0.0
7,255,4.389316984326138,3.2438589621852323,0.0,0.0,1.0,1.0,1.0,0.0
8,255,4.201467531090175,2.4794705900926384,0.0,1.0,0.0,0.0,0.0,1.0
9,255,0.0710022262727419,5.594899164942196,1.0,1.0,1.0,1.0,1.0,0.0
10,255,11.606428025632388,9.846354406000064,1.0,0.0,0.0,0.0,1.0,0.0
11,255,5.198286529459333,0.0,1.0,0.0,0.0,0.0,0.0,0.0
12,255,8.510064646785379,4.850692736502271,1.0,0.0,1.0,1.0,0.0,1.0
13,255,1.9687991755057015,8.889140570266576,0.0,1.0,0.0,0.0,0.0,1.0
14,255,4.834907711912588,12.0,0.0,0.0,1.0,0.0,1.0,0.0
15,255,9.84426977705188,0.7123738319046213,0.0,0.0,1.0,1.0,0.0,0.0
16,255,11.69423762904113,11.62050935477465,0.0,0.0,0.0,1.0,1.0,1.0
17,255,2.312803505531228,0.3618256315376096,0.0,0.0,1.0,1.0,0.0,1.0
18,255,2.7496148845852244,9.94060023377538,0.0,0.0,0.0,0.0,0.0,0.0
19,255,0.0,6.016666279246773,0.0,1.0,0.0,0.0,0.0,1.0
0,260,7.61460457857848,5.906407894410959,0.0,0.0,0.0,0.0,1.0,0.0
1,260,12.0,0.1422820540142474,1.0,1.0,0.0,0.0,1.0,1.0
2,260,1.0053752448812023,10.772178673315969,0.0,0.0,0.0,1.0,1.0,0.0
3,260,2.4262673613467647,6.120032199672678,1.0,0.0,0.0,1.0,1.0,0.0
4,260,3.438293267486168,8.844730668672938,0.0,1.0,0.0,1.0,1.0,0.0
5,260,5.382359695469793,12.0,1.0,1.0,0.0,0.0,0.0,0.0
6,260,9.44045808198267,7.177707384684613,0.0,0.0,0.0,0.0,0.0,0.0
7,260,4.454347001873032,3.3320320557963345,0.0,0.0,1.0,1.0,1.0,0.0
8,260,4.204432791833587,2.4769432695216484,0.0,1.0,0.0,0.0,0.0,1.0
9,260,0.1006401274946209,5.609303967651868,1.0,1.0,1.0,1.0,1.0,0.0
10,260,11.618846448144122,9.863893099648974,1.0,0.0,0.0,0.0,1.0,0.0
11,260,5.286515157938335,0.0,1.0,0.0,0.0,0.0,0.0,0.0
12,260,8.584524052090032,4.832827408899688,1.0,0.0,1.0,1.0,0.0,1.0
13,260,1.8829815598958184,8.85065369606831,0.0,1.0,0.0,0.0,0.0,1.0
14,260,4.930756693581317,12.0,0.0,0.0,1.0,0.0,1.0,0.0
15,260,10.069535230546402,0.6880270969703405,0.0,0.0,1.0,1.0,0.0,0.0
16,260,11.632739420445192,11.645453123672349,0.0,0.0,0.0,1.0,1.0,1.0
17,260,2.3316110910335004,0.2799890594547202,0.0,0.0,1.0,1.0,0.0,1.0
18,260,2.712244353888459,9.946635093547904,0.0,0.0,0.0,0.0,0.0,0.0
19,260,0.0,6.025265520779228,0.0,1.0,0.0,0.0,0.0,1.0
0,265,7.534747962903251,5.6900529908375095,0.0,0.0,0.0,0.0,1.0,0.0
1,265,12.0,0.2744508173879812,1.0,1.0,0.0,0.0,1.0,1.0
2,265,0.928656210151504,10.762342530887173,0.0,0.0,0.0,1.0,1.0,0.0
3,265,2.626486446439744,6.023166158429389,1.0,0.0,0.0,1.0,1.0,0.0
4,265,3.506424910994507,8.94129597304635,0.0,1.0,0.0,1.0,1.0,0.0
5,265,5.609817362798541,12.0,1.0,1.0,0.0,0.0,0.0,0.0
6,265,9.60953129420211,7.113157266254133,0.0,0.0,0.0,0.0,0.0,0.0
7,265,4.522412573853519,3.426417136129808,0.0,0.0,1.0,1.0,1.0,0.0
8,265,4.197540232848613,2.482720956882934,0.0,1.0,0.0,0.0,0.0,1.0
9,265,0.1330031610456279,5.625401205899743,1.0,1.0,1.0,1.0,1.0,0.0
10,265,11.63026686764884,9.881571163099313,1.0,0.0,0.0,0.0,1.0,0.0
11,265,5.418091822390282,0.0,1.0,0.0,0.0,0.0,0.0,0.0
12,265,8.66731869294174,4.813449045098536,1.0,0.0,1.0,1.0,0.0,1.0
13,265,1.7873447981866233,8.805821269696875,0.0,1.0,0.0,0.0,0.0,1.0
14,265,5.018733070795364,12.0,0.0,0.0,1.0,0.0,1.0,0.0
15,265,10.292988577632498,0.6614006360884966,0.0,0.0,1.0,1.0,0.0,0.0
16,265,11.579916093318175,11.667084716136564,0.0,0.0,0.0,1.0,1.0,1.0
17,265,2.346092342600594,0.2061244923586312,0.0,0.0,1.0,1.0,0.0,1.0
18,265,2.704631638811573,9.947953107125072,0.0,0.0,0.0,0.0,0.0,0.0
19,265,0.0,6.031792552785864,0.0,1.0,0.0,0.0,0.0,1.0
0,270,7.445001193688819,5.458706558929775,0.0,0.0,0.0,0.0,1.0,0.0
1,270,12.0,0.4198909986844215,1.0,1.0,0.0,0.0,1.0,1.0
2,270,0.8350961134785707,10.749807299006724,0.0,0.0,0.0,1.0,1.0,0.0
3,270,2.850917395768218,5.915777600132968,1.0,0.0,0.0,1.0,1.0,0.0
4,270,3.5730482154689187,9.030547789630358,0.0,1.0,0.0,1.0,1.0,0.0
5,270,5.834982250307964,12.0,1.0,1.0,0.0,0.0,0.0,0.0
6,270,9.791670370598135,7.048708136518415,0.0,0.0,0.0,0.0,0.0,0.0
7,270,4.59873262384422,3.531650427785547,0.0,0.0,1.0,1.0,1.0,0.0
8,270,4.195671254519408,2.484342788434615,0.0,1.0,0.0,0.0,0.0,1.0
9,270,0.1720503948774627,5.646260805249141,1.0,1.0,1.0,1.0,1.0,0.0
10,270,11.640742368611122,9.897586225171692,1.0,0.0,0.0,0.0,1.0,0.0
11,270,5.532985658664396,0.0,1.0,0.0,0.0,0.0,0.0,0.0
12,270,8.73722577550428,4.7964978391289685,1.0,0.0,1.0,1.0,0.0,1.0
13,270,1.6849426034670785,8.759624129036224,0.0,1.0,0.0,0.0,0.0,1.0
14,270,5.099540797296744,12.0,0.0,0.0,1.0,0.0,1.0,0.0
15,270,10.520428260610814,0.6317970218457784,0.0,0.0,1.0,1.0,0.0,0.0
16,270,11.521393148691752,11.689617137837985,0.0,0.0,0.0,1.0,1.0,1.0
17,270,2.3585149088250787,0.1246746851841226,0.0,0.0,1.0,1.0,0.0,1.0
18,270,2.698142643461313,9.948949622970137,0.0,0.0,0.0,0.0,0.0,0.0
19,270,0.0,6.040318286497191,0.0,1.0,0.0,0.0,0.0,1.0
0,275,7.353323271097928,5.224038915590562,0.0,0.0,0.0,0.0,1.0,0.0
1,275,12.0,0.5645362101331101,1.0,1.0,0.0,0.0,1.0,1.0
2,275,0.7359506029776458,10.73387272407112,0.0,0.0,0.0,1.0,1.0,0.0
3,275,3.067016023958113,5.812941056525415,1.0,0.0,0.0,1.0,1.0,0.0
4,275,3.64144549616685,9.124298135143416,0.0,1.0,0.0,1.0,1.0,0.0
5,275,6.055232685098248,12.0,1.0,1.0,0.0,0.0,0.0,0.0
6,275,9.948549123411544,6.996577787229068,0.0,0.0,0.0,0.0,0.0,0.0
7,275,4.6802254699103,3.644928451075316,0.0,0.0,1.0,1.0,1.0,0.0
8,275,4.186623237989686,2.492128235183945,0.0,1.0,0.0,0.0,0.0,1.0
9,275,0.1964330736356406,5.658701061351403,1.0,1.0,1.0,1.0,1.0,0.0
10,275,11.65231710042659,9.914995291814773,1.0,0.0,0.0,0.0,1.0,0.0
11,275,5.658924464047702,0.0,1.0,0.0,0.0,0.0,0.0,0.0
12,275,8.7965765047789,4.781682525141841,1.0,0.0,1.0,1.0,0.0,1.0
13,275,1.5833589267361652,8.715192656211714,0.0,1.0,0.0,0.0,0.0,1.0
14,275,5.173555844330509,12.0,0.0,0.0,1.0,0.0,1.0,0.0
15,275,10.73130252489603,0.6002954152687651,0.0,0.0,1.0,1.0,0.0,0.0
16,275,11.454170744055777,11.713840766600338,0.0,0.0,0.0,1.0,1.0,1.0
17,275,2.3697463956533693,0.051761892079986,0.0,0.0,1.0,1.0,0.0,1.0
18,275,2.667617586037578,9.95398560289436,0.0,0.0,0.0,0.0,0.0,0.0
19,275,0.0,6.046717897911326,0.0,1.0,0.0,0.0,0.0,1.0
0,280,7.255971376329134,4.993235742330719,0.0,0.0,0.0,0.0,1.0,0.0
1,280,12.0,0.7072552567519619,1.0,1.0,0.0,0.0,1.0,1.0
2,280,0.6476391777520144,10.718681752015051,0.0,0.0,0.0,1.0,1.0,0.0
3,280,3.283100888982596,5.710685532051719,1.0,0.0,0.0,1.0,1.0,0.0
4,280,3.70815524670051,9.216548494092343,0.0,1.0,0.0,1.0,1.0,0.0
5,280,6.287751815403441,12.0,1.0,1.0,0.0,0.0,0.0,0.0
6,280,10.112456892034611,6.941905944440438,0.0,0.0,0.0,0.0,0.0,0.0
7,280,4.772786122536369,3.773131500265978,0.0,0.0,1.0,1.0,1.0,0.0
8,280,4.187672685042174,2.4911882201028117,0.0,1.0,0.0,0.0,0.0,1.0
9,280,0.2284916075131943,5.67425618857154,1.0,1.0,1.0,1.0,1.0,0.0
10,280,11.6757594984185,9.95066691709379,1.0,0.0,0.0,0.0,1.0,0.0
11,280,5.777539678009148,0.0,1.0,0.0,0.0,0.0,0.0,0.0
12,280,8.849962710898014,4.7696644817321605,1.0,0.0,1.0,1.0,0.0,1.0
13,280,1.4988326715845972,8.677919058223154,0.0,1.0,0.0,0.0,0.0,1.0
14,280,5.245237802327512,12.0,0.0,0.0,1.0,0.0,1.0,0.0
15,280,10.936221336627751,0.5689389014147569,0.0,0.0,1.0,1.0,0.0,0.0
16,280,11.391088005811504,11.736234768920909,0.0,0.0,0.0,1.0,1.0,1.0
17,280,2.380732520098181,0.0,0.0,0.0,1.0,1.0,0.0,1.0
18,280,2.6568972163482583,9.955477734866436,0.0,0.0,0.0,0.0,0.0,0.0
19,280,0.0,6.05872024705848,0.0,1.0,0.0,0.0,0.0,1.0
0,285,7.157105311259628,4.746886189846799,0.0,0.0,0.0,0.0,1.0,0.0
1,285,12.0,0.8312269842443678,1.0,1.0,0.0,0.0,1.0,1.0
2,285,0.5444819784321216,10.702961561569715,0.0,0.0,0.0,1.0,1.0,0.0
3,285,3.512931042966319,5.600090535796718,1.0,0.0,0.0,1.0,1.0,0.0
4,285,3.7734987756350233,9.30528447291477,0.0,1.0,0.0,1.0,1.0,0.0
5,285,6.547637888168014,12.0,1.0,1.0,0.0,0.0,0.0,0.0
6,285,10.28123786730853,6.886758663595239,0.0,0.0,0.0,0.0,0.0,0.0
7,285,4.853403105487281,3.893073068649008,0.0,0.0,1.0,1.0,1.0,0.0
8,285,4.187461867304953,2.491381610453123,0.0,1.0,0.0,0.0,0.0,1.0
9,285,0.2584606108103888,5.68921195722597,1.0,1.0,1.0,1.0,1.0,0.0
10,285,11.698296992041884,9.984963907364511,1.0,0.0,0.0,0.0,1.0,0.0
11,285,5.898812815235954,0.0,1.0,0.0,0.0,0.0,0.0,0.0
12,285,8.917004320499242,4.752175248063584,1.0,0.0,1.0,1.0,0.0,1.0
13,285,1.4208779694604865,8.643228623942099,0.0,1.0,0.0,0.0,0.0,1.0
14,285,5.320470388212726,12.0,0.0,0.0,1.0,0.0,1.0,0.0
15,285,11.113376149550025,0.5439380883539423,0.0,0.0,1.0,1.0,0.0,0.0
16,285,11.31324854657871,11.760811492689442,0.0,0.0,0.0,1.0,1.0,1.0
17,285,2.40022669739254,0.0,0.0,0.0,1.0,1.0,0.0,1.0
18,285,2.6627778888277134,9.954739602473884,0.0,0.0,0.0,0.0,0.0,0.0
19,285,0.0,6.070581722324879,0.0,1.0,0.0,0.0,0.0,1.0
0,290,7.066218083429432,4.5034281772526,0.0,0.0,0.0,0.0,1.0,0.0
1,290,12.0,0.95534702397195,1.0,1.0,0.0,0.0,1.0,1.0
2,290,0.4548446883830324,10.689199457438397,0.0,0.0,0.0,1.0,1.0,0.0
3,290,3.744078165128325,5.492436438487759,1.0,0.0,0.0,1.0,1.0,0.0
4,290,3.83414081298528,9.390516786971547,0.0,1.0,0.0,1.0,1.0,0.0
5,290,6.471076955810171,12.0,1.0,1.0,0.0,0.0,0.0,0.0
6,290,10.450812787808774,6.836491776304781,0.0,0.0,0.0,0.0,0.0,0.0
7,290,4.924069625901534,3.996718155065859,0.0,0.0,1.0,1.0,1.0,0.0
8,290,4.206764888148332,2.4731344261350663,0.0,1.0,0.0,0.0,0.0,1.0
9,290,0.2816290230941252,5.701875415452748,1.0,1.0,1.0,1.0,1.0,0.0
10,290,11.721721859212442,10.021091274672967,1.0,0.0,0.0,0.0,1.0,0.0
11,290,6.023861839269526,0.0,1.0,0.0,0.0,0.0,0.0,0.0
12,290,8.993043784065048,4.734067038269799,1.0,0.0,1.0,1.0,0.0,1.0
13,290,1.383364940313133,8.73217544393157,0.0,1.0,0.0,0.0,0.0,1.0
14,290,5.402075926936257,12.0,0.0,0.0,1.0,0.0,1.0,0.0
15,290,11.3032802398476,0.5125059989019503,0.0,0.0,1.0,1.0,0.0,0.0
16,290,11.216396736068624,11.790736087024166,0.0,0.0,0.0,1.0,1.0,1.0
17,290,2.421782469001667,0.0,0.0,0.0,1.0,1.0,0.0,1.0
18,290,2.651517402211651,9.956300957131988,0.0,0.0,0.0,0.0,0.0,0.0
19,290,0.0,6.078787536713975,0.0,1.0,0.0,0.0,0.0,1.0
0,295,6.970714962625533,4.254049894018599,0.0,0.0,0.0,0.0,1.0,0.0
1,295,12.0,1.0999216951352802,1.0,1.0,0.0,0.0,1.0,1.0
2,295,0.356164686443597,10.673907850149815,0.0,0.0,0.0,1.0,1.0,0.0
3,295,3.963470131342113,5.39296710270636,1.0,0.0,0.0,1.0,1.0,0.0
4,295,3.895801083900551,9.474472086518904,0.0,1.0,0.0,1.0,1.0,0.0
5,295,6.395149548979844,12.0,1.0,1.0,0.0,0.0,0.0,0.0
6,295,10.633041648736317,6.779662262537091,0.0,0.0,0.0,0.0,0.0,0.0
7,295,5.007232841507407,4.11488862701914,0.0,0.0,1.0,1.0,1.0,0.0
8,295,4.222871474405059,2.457374331111778,0.0,1.0,0.0,0.0,0.0,1.0
9,295,0.3037401381201819,5.714247620882333,1.0,1.0,1.0,1.0,1.0,0.0
10,295,11.733765956662351,10.038879918567073,1.0,0.0,0.0,0.0,1.0,0.0
11,295,6.130070625506087,0.0,1.0,0.0,0.0,0.0,0.0,0.0
12,295,9.0472403929925,4.719579982861065,1.0,0.0,1.0,1.0,0.0,1.0
13,295,1.3511288258546523,8.80757427253206,0.0,1.0,0.0,0.0,0.0,1.0
14,295,5.491576178141665,12.0,0.0,0.0,1.0,0.0,1.0,0.0
15,295,11.478734124651222,0.4816916135582784,0.0,0.0,1.0,1.0,0.0,0.0
16,295,11.143482447054836,11.812263665533218,0.0,0.0,0.0,1.0,1.0,1.0
17,295,2.437243943384818,0.0,0.0,0.0,1.0,1.0,0.0,1.0
18,295,2.642081302226518,9.957923607055124,0.0,0.0,0.0,0.0,0.0,0.0
19,295,0.0,6.084423729904038,0.0,1.0,0.0,0.0,0.0,1.0
