0,0,1.9877769145449773,5.949176909772709,1.0,0.0,0.0,0.0,0.0,1.0
1,0,7.964137767181184,2.0137703371789173,0.0,1.0,0.0,0.0,1.0,1.0
2,0,7.048187690387394,9.029302097735998,1.0,0.0,1.0,1.0,1.0,1.0
3,0,3.0304684567317013,9.942096192648558,0.0,0.0,1.0,1.0,0.0,1.0
4,0,6.055609539185822,9.962733434955409,0.0,0.0,0.0,0.0,1.0,0.0
5,0,7.979075461169978,8.027705728000521,0.0,0.0,1.0,1.0,0.0,0.0
6,0,0.0420996551479007,2.989280178698812,0.0,0.0,0.0,0.0,0.0,0.0
7,0,7.972180712903195,5.041900898254816,1.0,0.0,0.0,0.0,1.0,0.0
8,0,2.0043671249835437,0.0,0.0,0.0,1.0,1.0,0.0,0.0
9,0,1.0410293531723087,1.9289353565892504,0.0,0.0,0.0,1.0,0.0,1.0
10,0,4.964235749763465,1.0294423820393226,0.0,1.0,1.0,0.0,0.0,0.0
11,0,2.0442359253285223,8.980502795261017,0.0,0.0,0.0,1.0,1.0,0.0
12,0,7.936769486435457,10.023508253034525,1.0,1.0,0.0,1.0,0.0,1.0
13,0,5.985266981057409,0.0316496025393771,1.0,1.0,0.0,0.0,1.0,1.0
14,0,6.053120413039219,8.984479022056588,0.0,0.0,0.0,0.0,0.0,0.0
15,0,10.04349920263241,9.0081526156998,0.0,0.0,1.0,0.0,0.0,1.0
16,0,7.930210454840348,2.984582270414893,0.0,1.0,1.0,1.0,0.0,1.0
17,0,8.960158549722422,11.034277548792806,1.0,0.0,0.0,0.0,1.0,0.0
18,0,8.953471464560886,10.013606869669262,0.0,1.0,1.0,1.0,1.0,0.0
19,0,10.022291447306603,4.047652596509959,0.0,0.0,0.0,1.0,1.0,0.0
0,5,1.9759568648793315,5.895543710629243,1.0,0.0,0.0,0.0,0.0,1.0
1,5,7.934822881295276,2.0244199955940383,0.0,1.0,0.0,0.0,1.0,1.0
2,5,7.113130717771575,9.067554822577616,1.0,0.0,1.0,1.0,1.0,1.0
3,5,3.05406009475299,9.899580500716851,0.0,0.0,1.0,1.0,0.0,1.0
4,5,6.100316598095217,9.930116126026782,0.0,0.0,0.0,0.0,1.0,0.0
5,5,7.960014194868981,8.052532727254432,0.0,0.0,1.0,1.0,0.0,0.0
6,5,0.1153883628745484,2.970821924560396,0.0,0.0,0.0,0.0,0.0,0.0
7,5,7.9306237815442095,5.104442480653357,1.0,0.0,0.0,0.0,1.0,0.0
8,5,2.006521909256912,0.0,0.0,0.0,1.0,1.0,0.0,0.0
9,5,1.0787094845193173,1.864099459668031,0.0,0.0,0.0,1.0,0.0,1.0
10,5,4.934287149783241,1.055278797975265,0.0,1.0,1.0,0.0,0.0,0.0
11,5,2.1035995870660105,8.953479793205764,0.0,0.0,0.0,1.0,1.0,0.0
12,5,7.863149566739504,10.050514561188386,1.0,1.0,0.0,1.0,0.0,1.0
13,5,5.97578729250494,0.051466270322511,1.0,1.0,0.0,0.0,1.0,1.0
14,5,6.110201789055858,8.966508809018446,0.0,0.0,0.0,0.0,0.0,0.0
15,5,10.092625598731008,9.018127623392203,0.0,0.0,1.0,0.0,0.0,1.0
16,5,7.839652526753093,2.965141547960089,0.0,1.0,1.0,1.0,0.0,1.0
17,5,8.924361285390248,11.063502542418044,1.0,0.0,0.0,0.0,1.0,0.0
18,5,8.918670808140517,10.024694914208816,0.0,1.0,1.0,1.0,1.0,0.0
19,5,10.053132698844486,4.115409998305231,0.0,0.0,0.0,1.0,1.0,0.0
0,10,1.967635253224323,5.852333675426119,1.0,0.0,0.0,0.0,0.0,1.0
1,10,7.912560952057626,2.0326769840875434,0.0,1.0,0.0,0.0,1.0,1.0
2,10,7.15848750236969,9.094812768521528,1.0,0.0,1.0,1.0,1.0,1.0
3,10,3.069559844982007,9.872449990852,0.0,0.0,1.0,1.0,0.0,1.0
4,10,6.15490200490397,9.891249728470555,0.0,0.0,0.0,0.0,1.0,0.0
5,10,7.937769928024447,8.08076826967,0.0,0.0,1.0,1.0,0.0,0.0
6,10,0.1969602744998678,2.95388460021645,0.0,0.0,0.0,0.0,0.0,0.0
7,10,7.883122749499382,5.176086924893534,1.0,0.0,0.0,0.0,1.0,0.0
8,10,2.0057302837407462,0.0,0.0,0.0,1.0,1.0,0.0,0.0
9,10,1.1130598529642948,1.8018204197920733,0.0,0.0,0.0,1.0,0.0,1.0
10,10,4.925239980056324,1.0629938367666028,0.0,1.0,1.0,0.0,0.0,0.0
11,10,2.169026049897933,8.923593354077061,0.0,0.0,0.0,1.0,1.0,0.0
12,10,7.795773083637268,10.074068527466014,1.0,1.0,0.0,1.0,0.0,1.0
13,10,5.9666880508763125,0.0706210248686223,1.0,1.0,0.0,0.0,1.0,1.0
14,10,6.147088615988755,8.954566389664608,0.0,0.0,0.0,0.0,0.0,0.0
15,10,10.122548763952931,9.023853885532407,0.0,0.0,1.0,0.0,0.0,1.0
16,10,7.748944614832513,2.9416519458462216,0.0,1.0,1.0,1.0,0.0,1.0
17,10,8.904833691587905,11.080019123111205,1.0,0.0,0.0,0.0,1.0,0.0
18,10,8.915123324526231,10.013095923659248,0.0,1.0,1.0,1.0,1.0,0.0
19,10,10.076837443654371,4.166709065843121,0.0,0.0,0.0,1.0,1.0,0.0
0,15,1.9614740485704163,5.823103615509766,1.0,0.0,0.0,0.0,0.0,1.0
1,15,7.907193688926726,2.0345921784391527,0.0,1.0,0.0,0.0,1.0,1.0
2,15,7.229504448255986,9.137252944171916,1.0,0.0,1.0,1.0,1.0,1.0
3,15,3.0800895417811014,9.853809624360494,0.0,0.0,1.0,1.0,0.0,1.0
4,15,6.222925442529991,9.844449482944974,0.0,0.0,0.0,0.0,1.0,0.0
5,15,7.918846990145491,8.105474727646186,0.0,0.0,1.0,1.0,0.0,0.0
6,15,0.2805085945720436,2.9356162529998158,0.0,0.0,0.0,0.0,0.0,0.0
7,15,7.846151021180505,5.231247100315452,1.0,0.0,0.0,0.0,1.0,0.0
8,15,2.005125147099989,0.0,0.0,0.0,1.0,1.0,0.0,0.0
9,15,1.144871250222541,1.7413017503431063,0.0,0.0,0.0,1.0,0.0,1.0
10,15,4.916898849306964,1.0702222066956897,0.0,1.0,1.0,0.0,0.0,0.0
11,15,2.2447239369101446,8.888495522734688,0.0,0.0,0.0,1.0,1.0,0.0
12,15,7.816113907200795,10.128597219331466,1.0,1.0,0.0,1.0,0.0,1.0
13,15,5.964214820024768,0.0759991862504211,1.0,1.0,0.0,0.0,1.0,1.0
14,15,6.195929830990622,8.939780977064313,0.0,0.0,0.0,0.0,0.0,0.0
15,15,10.160500420706684,9.03029727034478,0.0,0.0,1.0,0.0,0.0,1.0
16,15,7.663384359354312,2.919619285864271,0.0,1.0,1.0,1.0,0.0,1.0
17,15,8.881191034700922,11.101053801875596,1.0,0.0,0.0,0.0,1.0,0.0
18,15,8.907884380242905,9.987530337255702,0.0,1.0,1.0,1.0,1.0,0.0
19,15,10.100534515735292,4.21793719492376,0.0,0.0,0.0,1.0,1.0,0.0
0,20,1.9530550152544408,5.786458389666867,1.0,0.0,0.0,0.0,0.0,1.0
1,20,7.89277240482515,2.039784376733845,0.0,1.0,0.0,0.0,1.0,1.0
2,20,7.307633890798683,9.183952956440022,1.0,0.0,1.0,1.0,1.0,1.0
3,20,3.0931322648410773,9.829460893470486,0.0,0.0,1.0,1.0,0.0,1.0
4,20,6.307445631951516,9.786606289682709,0.0,0.0,0.0,0.0,1.0,0.0
5,20,7.897573526795229,8.13518946112627,0.0,0.0,1.0,1.0,0.0,0.0
6,20,0.3678235377801406,2.917966190545448,0.0,0.0,0.0,0.0,0.0,0.0
7,20,7.814566273656361,5.280915885729162,1.0,0.0,0.0,0.0,1.0,0.0
8,20,2.0035178815686745,0.0,0.0,0.0,1.0,1.0,0.0,0.0
9,20,1.1772907853205827,1.6826521248419073,0.0,0.0,0.0,1.0,0.0,1.0
10,20,4.8908457956344815,1.091762160956106,0.0,1.0,1.0,0.0,0.0,0.0
11,20,2.3252836186649644,8.848787699726204,0.0,0.0,0.0,1.0,1.0,0.0
12,20,7.844100001247961,10.198075515179486,1.0,1.0,0.0,1.0,0.0,1.0
13,20,5.96941105840888,0.0650227376833787,1.0,1.0,0.0,0.0,1.0,1.0
14,20,6.237398810175246,8.926101503023382,0.0,0.0,0.0,0.0,0.0,0.0
15,20,10.185534760819012,9.033426368758851,0.0,0.0,1.0,0.0,0.0,1.0
16,20,7.59476817935406,2.901521302637027,0.0,1.0,1.0,1.0,0.0,1.0
17,20,8.844577367972807,11.132664881936986,1.0,0.0,0.0,0.0,1.0,0.0
18,20,8.900555389504577,9.959796605754272,0.0,1.0,1.0,1.0,1.0,0.0
19,20,10.116479490247553,4.253433331969647,0.0,0.0,0.0,1.0,1.0,0.0
0,25,1.947959539522277,5.762899544815907,1.0,0.0,0.0,0.0,0.0,1.0
1,25,7.854691077742931,2.053926835805552,0.0,1.0,0.0,0.0,1.0,1.0
2,25,7.386960618106821,9.232035227671732,1.0,0.0,1.0,1.0,1.0,1.0
3,25,3.115243844728824,9.787490157918189,0.0,0.0,1.0,1.0,0.0,1.0
4,25,6.404051662406927,9.719484555634992,0.0,0.0,0.0,0.0,1.0,0.0
5,25,7.921153828272747,8.152957185828436,0.0,0.0,1.0,1.0,0.0,0.0
6,25,0.4569287244755267,2.897463400160194,0.0,0.0,0.0,0.0,0.0,0.0
7,25,7.777250407676048,5.340477724349275,1.0,0.0,0.0,0.0,1.0,0.0
8,25,2.0020316886786222,0.0,0.0,0.0,1.0,1.0,0.0,0.0
9,25,1.1987928778435424,1.6440427111257288,0.0,0.0,0.0,1.0,0.0,1.0
10,25,4.858319734951239,1.11963890838743,0.0,1.0,1.0,0.0,0.0,0.0
11,25,2.408805177562891,8.81036997371458,0.0,0.0,0.0,1.0,1.0,0.0
12,25,7.869628249107926,10.270592614808011,1.0,1.0,0.0,1.0,0.0,1.0
13,25,5.971757390417624,0.0601208606945535,1.0,1.0,0.0,0.0,1.0,1.0
14,25,6.261460970274398,8.918309152550576,0.0,0.0,0.0,0.0,0.0,0.0
15,25,10.212785970512265,9.03597497703954,0.0,0.0,1.0,0.0,0.0,1.0
16,25,7.522522907263854,2.8816137518427696,0.0,1.0,1.0,1.0,0.0,1.0
17,25,8.80985749914244,11.1611705803454,1.0,0.0,0.0,0.0,1.0,0.0
18,25,8.89606251980298,9.944812812245136,0.0,1.0,1.0,1.0,1.0,0.0
19,25,10.133478653162127,4.290252581764966,0.0,0.0,0.0,1.0,1.0,0.0
0,30,1.947238990581842,5.759219724646201,1.0,0.0,0.0,0.0,0.0,1.0
1,30,7.806313521166956,2.070701760246621,0.0,1.0,0.0,0.0,1.0,1.0
2,30,7.436927397064354,9.263535004308368,1.0,0.0,1.0,1.0,1.0,1.0
3,30,3.140361258423088,9.738849962075006,0.0,0.0,1.0,1.0,0.0,1.0
4,30,6.498996527663669,9.6502774204049,0.0,0.0,0.0,0.0,1.0,0.0
5,30,7.94247545690648,8.169334227529278,0.0,0.0,1.0,1.0,0.0,0.0
6,30,0.538025040726377,2.876400647281942,0.0,0.0,0.0,0.0,0.0,0.0
7,30,7.735761749533442,5.408181670831306,1.0,0.0,0.0,0.0,1.0,0.0
8,30,2.0022130370310496,0.0,0.0,0.0,1.0,1.0,0.0,0.0
9,30,1.2146739492595953,1.614811468187789,0.0,0.0,0.0,1.0,0.0,1.0
10,30,4.822371256417411,1.148723794715964,0.0,1.0,1.0,0.0,0.0,0.0
11,30,2.503245552617969,8.765497018543313,0.0,0.0,0.0,1.0,1.0,0.0
12,30,7.8903966136568995,10.335224583346491,1.0,1.0,0.0,1.0,0.0,1.0
13,30,5.9835699237900135,0.0366460671271068,1.0,1.0,0.0,0.0,1.0,1.0
14,30,6.266445789605035,8.916670995041915,0.0,0.0,0.0,0.0,0.0,0.0
15,30,10.228693900441012,9.037462587582988,0.0,0.0,1.0,0.0,0.0,1.0
16,30,7.451388287728344,2.861825959249284,0.0,1.0,1.0,1.0,0.0,1.0
17,30,8.772897425246843,11.191239065130294,1.0,0.0,0.0,0.0,1.0,0.0
18,30,8.893729889307014,9.936615590354146,0.0,1.0,1.0,1.0,1.0,0.0
19,30,10.159123242872225,4.3447525898669,0.0,0.0,0.0,1.0,1.0,0.0
0,35,1.946556519949196,5.755645701438897,1.0,0.0,0.0,0.0,0.0,1.0
1,35,7.758357192564347,2.0874426380457693,0.0,1.0,0.0,0.0,1.0,1.0
2,35,7.4761961827999075,9.288942582294403,1.0,0.0,1.0,1.0,1.0,1.0
3,35,3.167961202149805,9.684558326473208,0.0,0.0,1.0,1.0,0.0,1.0
4,35,6.6047282674060925,9.574897132847829,0.0,0.0,0.0,0.0,1.0,0.0
5,35,7.959257893758541,8.181994035858674,0.0,0.0,1.0,1.0,0.0,0.0
6,35,0.6363536272464061,2.8496164118887184,0.0,0.0,0.0,0.0,0.0,0.0
7,35,7.702690162553167,5.459639859967412,1.0,0.0,0.0,0.0,1.0,0.0
8,35,2.003335298226801,0.0,0.0,0.0,1.0,1.0,0.0,0.0
9,35,1.2300420486526404,1.5878830805456008,0.0,0.0,0.0,1.0,0.0,1.0
10,35,4.786074008356777,1.1765382455290343,0.0,1.0,1.0,0.0,0.0,0.0
11,35,2.6089734640449787,8.715549274420027,0.0,0.0,0.0,1.0,1.0,0.0
12,35,7.91654164130268,10.411452567591123,1.0,1.0,0.0,1.0,0.0,1.0
13,35,5.994659529594609,0.0147289107172598,1.0,1.0,0.0,0.0,1.0,1.0
14,35,6.2619759716881935,8.918177511505034,0.0,0.0,0.0,0.0,0.0,0.0
15,35,10.2489347426251,9.039946230668264,0.0,0.0,1.0,0.0,0.0,1.0
16,35,7.380347498143153,2.8437646097327405,0.0,1.0,1.0,1.0,0.0,1.0
17,35,8.743241237869395,11.21474641944684,1.0,0.0,0.0,0.0,1.0,0.0
18,35,8.891704559291393,9.92962605419687,0.0,1.0,1.0,1.0,1.0,0.0
19,35,10.17968726995111,4.392369192155787,0.0,0.0,0.0,1.0,1.0,0.0
0,40,1.947795655008234,5.761960748014965,1.0,0.0,0.0,0.0,0.0,1.0
1,40,7.71374444422452,2.104249223491891,0.0,1.0,0.0,0.0,1.0,1.0
2,40,7.515954734253784,9.31488056293378,1.0,0.0,1.0,1.0,1.0,1.0
3,40,3.1997045105444237,9.619527306424146,0.0,0.0,1.0,1.0,0.0,1.0
4,40,6.712014481729259,9.49692876334862,0.0,0.0,0.0,0.0,1.0,0.0
5,40,7.991235578928057,8.205814193994131,0.0,0.0,1.0,1.0,0.0,0.0
6,40,0.7468059191577036,2.822755578545237,0.0,0.0,0.0,0.0,0.0,0.0
7,40,7.668507667353423,5.511813648585787,1.0,0.0,0.0,0.0,1.0,0.0
8,40,2.0013966620137515,0.0,0.0,0.0,1.0,1.0,0.0,0.0
9,40,1.2503785195804045,1.5479683714345331,0.0,0.0,0.0,1.0,0.0,1.0
10,40,4.758277894593933,1.1972466507528805,0.0,1.0,1.0,0.0,0.0,0.0
11,40,2.715823856923134,8.66695699801758,0.0,0.0,0.0,1.0,1.0,0.0
12,40,7.938469001729239,10.473197090735107,1.0,1.0,0.0,1.0,0.0,1.0
13,40,5.995918381056198,0.0122489016315291,1.0,1.0,0.0,0.0,1.0,1.0
14,40,6.268716596800211,8.915803765875815,0.0,0.0,0.0,0.0,0.0,0.0
15,40,10.26451517566495,9.042195782389484,0.0,0.0,1.0,0.0,0.0,1.0
16,40,7.316466792882604,2.826745363000348,0.0,1.0,1.0,1.0,0.0,1.0
17,40,8.719350087185774,11.233832214663831,1.0,0.0,0.0,0.0,1.0,0.0
18,40,8.896507668188638,9.945873759164828,0.0,1.0,1.0,1.0,1.0,0.0
19,40,10.20058886257266,4.438339597569845,0.0,0.0,0.0,1.0,1.0,0.0
0,45,1.9474234965492447,5.75993701966336,1.0,0.0,0.0,0.0,0.0,1.0
1,45,7.657697651831595,2.125613252396436,0.0,1.0,0.0,0.0,1.0,1.0
2,45,7.547229266786757,9.335294850561752,1.0,0.0,1.0,1.0,1.0,1.0
3,45,3.2454487917298915,9.522904595578195,0.0,0.0,1.0,1.0,0.0,1.0
4,45,6.829506106934071,9.414797325267116,0.0,0.0,0.0,0.0,1.0,0.0
5,45,8.019043313064252,8.226470183428937,0.0,0.0,1.0,1.0,0.0,0.0
6,45,0.8542038905982597,2.7961515583109717,0.0,0.0,0.0,0.0,0.0,0.0
7,45,7.648602852036856,5.541515113428519,1.0,0.0,0.0,0.0,1.0,0.0
8,45,2.00488385453235,0.0,0.0,0.0,1.0,1.0,0.0,0.0
9,45,1.267989643806355,1.5151504493002033,0.0,0.0,0.0,1.0,0.0,1.0
10,45,4.727479510895096,1.2197053515641596,0.0,1.0,1.0,0.0,0.0,0.0
11,45,2.83109241791094,8.616430491509586,0.0,0.0,0.0,1.0,1.0,0.0
12,45,7.964128439816147,10.541644264347788,1.0,1.0,0.0,1.0,0.0,1.0
13,45,5.98453424789843,0.0325603509010454,1.0,1.0,0.0,0.0,1.0,1.0
14,45,6.289232857625673,8.908468501356722,0.0,0.0,0.0,0.0,0.0,0.0
15,45,10.29100654242428,9.04615176878192,0.0,0.0,1.0,0.0,0.0,1.0
16,45,7.2596499441026365,2.8117029064026404,0.0,1.0,1.0,1.0,0.0,1.0
17,45,8.686719785973079,11.260440729825088,1.0,0.0,0.0,0.0,1.0,0.0
18,45,8.901408562248958,9.963219540055272,0.0,1.0,1.0,1.0,1.0,0.0
19,45,10.218527869727025,4.480856426399351,0.0,0.0,0.0,1.0,1.0,0.0
0,50,1.94731482440136,5.759363637055392,1.0,0.0,0.0,0.0,0.0,1.0
1,50,7.592132466387066,2.150475297989807,0.0,1.0,0.0,0.0,1.0,1.0
2,50,7.56468871533283,9.345720166006824,1.0,0.0,1.0,1.0,1.0,1.0
3,50,3.2910960388329427,9.4280372343027,0.0,0.0,1.0,1.0,0.0,1.0
4,50,6.939281187172831,9.339888694806694,0.0,0.0,0.0,0.0,1.0,0.0
5,50,8.047096999928486,8.248666552892963,0.0,0.0,1.0,1.0,0.0,0.0
6,50,0.9610761090542368,2.7673848177438214,0.0,0.0,0.0,0.0,0.0,0.0
7,50,7.627952392509747,5.571169850857686,1.0,0.0,0.0,0.0,1.0,0.0
8,50,2.0073903365683785,0.0,0.0,0.0,1.0,1.0,0.0,0.0
9,50,1.2826193118886262,1.4874584223304297,0.0,0.0,0.0,1.0,0.0,1.0
10,50,4.705523533515419,1.2355095166071133,0.0,1.0,1.0,0.0,0.0,0.0
11,50,2.9253962994633205,8.573058038676736,0.0,0.0,0.0,1.0,1.0,0.0
12,50,7.983617189865395,10.58936728472034,1.0,1.0,0.0,1.0,0.0,1.0
13,50,5.979815852691845,0.0402799179622826,1.0,1.0,0.0,0.0,1.0,1.0
14,50,6.32716295480802,8.896333943082615,0.0,0.0,0.0,0.0,0.0,0.0
15,50,10.301984186877023,9.04734267584922,0.0,0.0,1.0,0.0,0.0,1.0
16,50,7.184752749826046,2.791374796688718,0.0,1.0,1.0,1.0,0.0,1.0
17,50,8.643453578727724,11.295424298133645,1.0,0.0,0.0,0.0,1.0,0.0
18,50,8.90581754224853,9.979958532992482,0.0,1.0,1.0,1.0,1.0,0.0
19,50,10.24079282735463,4.533710451230934,0.0,0.0,0.0,1.0,1.0,0.0
0,55,1.945188380724714,5.747724848511154,1.0,0.0,0.0,0.0,0.0,1.0
1,55,7.51364738916729,2.180121345639521,0.0,1.0,0.0,0.0,1.0,1.0
2,55,7.587328438850661,9.359461077924603,1.0,0.0,1.0,1.0,1.0,1.0
3,55,3.3269689117454964,9.353627973754651,0.0,0.0,1.0,1.0,0.0,1.0
4,55,7.042226882036582,9.27232289959144,0.0,0.0,0.0,0.0,1.0,0.0
5,55,8.078015849182597,8.274782411045269,0.0,0.0,1.0,1.0,0.0,0.0
6,55,1.07052927618426,2.740891855330751,0.0,0.0,0.0,0.0,0.0,0.0
7,55,7.599432380479798,5.611799114281959,1.0,0.0,0.0,0.0,1.0,0.0
8,55,2.010952829099957,0.0,0.0,0.0,1.0,1.0,0.0,0.0
9,55,1.313652120192476,1.426738849647925,0.0,0.0,0.0,1.0,0.0,1.0
10,55,4.685672646605184,1.2500074186781704,0.0,1.0,1.0,0.0,0.0,0.0
11,55,3.0154542533539592,8.527843961570115,0.0,0.0,0.0,1.0,1.0,0.0
12,55,8.00300766792649,10.644088864832076,1.0,1.0,0.0,1.0,0.0,1.0
13,55,5.996456522396096,0.0133038786359522,1.0,1.0,0.0,0.0,1.0,1.0
14,55,6.363000372137995,8.8847980075931,0.0,0.0,0.0,0.0,0.0,0.0
15,55,10.297634530508306,9.04691623268935,0.0,0.0,1.0,0.0,0.0,1.0
16,55,7.121216072528071,2.774809275109676,0.0,1.0,1.0,1.0,0.0,1.0
17,55,8.597727751315935,11.330062932865504,1.0,0.0,0.0,0.0,1.0,0.0
18,55,8.91094307981534,9.996338809655224,0.0,1.0,1.0,1.0,1.0,0.0
19,55,10.262739283370026,4.585855182782007,0.0,0.0,0.0,1.0,1.0,0.0
0,60,1.943541111602056,5.738022579892256,1.0,0.0,0.0,0.0,0.0,1.0
1,60,7.427359197638196,2.2147625930397594,0.0,1.0,0.0,0.0,1.0,1.0
2,60,7.603850937304352,9.369553071873222,1.0,0.0,1.0,1.0,1.0,1.0
3,60,3.3754508362696662,9.255717939315176,0.0,0.0,1.0,1.0,0.0,1.0
4,60,7.12925744345824,9.215762395501793,0.0,0.0,0.0,0.0,1.0,0.0
5,60,8.1095337013527,8.301961137156248,0.0,0.0,1.0,1.0,0.0,0.0
6,60,1.1854585101498525,2.713945489696755,0.0,0.0,0.0,0.0,0.0,0.0
7,60,7.578853180855998,5.640808100316038,1.0,0.0,0.0,0.0,1.0,0.0
8,60,2.0136205399559075,0.0,0.0,0.0,1.0,1.0,0.0,0.0
9,60,1.3468015092707082,1.3585632473560425,0.0,0.0,0.0,1.0,0.0,1.0
10,60,4.667483422533011,1.2642285372608124,0.0,1.0,1.0,0.0,0.0,0.0
11,60,3.1096020829266555,8.481597483058382,0.0,0.0,0.0,1.0,1.0,0.0
12,60,8.018006608029655,10.684940805268027,1.0,1.0,0.0,1.0,0.0,1.0
13,60,6.018827664106555,0.0,1.0,1.0,0.0,0.0,1.0,1.0
14,60,6.400109973107649,8.871953835492372,0.0,0.0,0.0,0.0,0.0,0.0
15,60,10.311582016186676,9.04809271970433,0.0,0.0,1.0,0.0,0.0,1.0
16,60,7.058254502061992,2.7595657090935397,0.0,1.0,1.0,1.0,0.0,1.0
17,60,8.562893282646316,11.356494350556098,1.0,0.0,0.0,0.0,1.0,0.0
18,60,8.917872252468271,10.019643767817325,0.0,1.0,1.0,1.0,1.0,0.0
19,60,10.287102262448768,4.6446974396603045,0.0,0.0,0.0,1.0,1.0,0.0
0,65,1.941534735740756,5.72663848113198,1.0,0.0,0.0,0.0,0.0,1.0
1,65,7.331970438756764,2.252417156217177,0.0,1.0,0.0,0.0,1.0,1.0
2,65,7.625544545267398,9.38289805183306,1.0,0.0,1.0,1.0,1.0,1.0
3,65,3.435805143538473,9.128449929993272,0.0,0.0,1.0,1.0,0.0,1.0
4,65,7.233031755903402,9.147575746195152,0.0,0.0,0.0,0.0,1.0,0.0
5,65,8.151853286206688,8.337769316514231,0.0,0.0,1.0,1.0,0.0,0.0
6,65,1.2738890212074343,2.6942312229619025,0.0,0.0,0.0,0.0,0.0,0.0
7,65,7.548586598921581,5.683190400205556,1.0,0.0,0.0,0.0,1.0,0.0
8,65,2.0210303584293845,0.0,0.0,0.0,1.0,1.0,0.0,0.0
9,65,1.380901660792089,1.290059077112739,0.0,0.0,0.0,1.0,0.0,1.0
10,65,4.658420449771959,1.2713951382094104,0.0,1.0,1.0,0.0,0.0,0.0
11,65,3.220818686233876,8.425509092072422,0.0,0.0,0.0,1.0,1.0,0.0
12,65,8.037633986538799,10.736121541156194,1.0,1.0,0.0,1.0,0.0,1.0
13,65,6.039786602650573,0.0,1.0,1.0,0.0,0.0,1.0,1.0
14,65,6.43826349895964,8.859477135410994,0.0,0.0,0.0,0.0,0.0,0.0
15,65,10.291864517394291,9.046126646280657,0.0,0.0,1.0,0.0,0.0,1.0
16,65,6.99156267009041,2.740642916076459,0.0,1.0,1.0,1.0,0.0,1.0
17,65,8.529542015171362,11.38149431231368,1.0,0.0,0.0,0.0,1.0,0.0
18,65,8.922246101778246,10.034950830752152,0.0,1.0,1.0,1.0,1.0,0.0
19,65,10.298572989396384,4.675008441613212,0.0,0.0,0.0,1.0,1.0,0.0
0,70,1.9371448058652156,5.70301374060093,1.0,0.0,0.0,0.0,0.0,1.0
1,70,7.246493737015476,2.2881504791640164,0.0,1.0,0.0,0.0,1.0,1.0
2,70,7.640738343095734,9.392597817475888,1.0,0.0,1.0,1.0,1.0,1.0
3,70,3.5058945197657505,8.988231358524084,0.0,0.0,1.0,1.0,0.0,1.0
4,70,7.33837297233875,9.076018410857296,0.0,0.0,0.0,0.0,1.0,0.0
5,70,8.194574300297399,8.373422307860292,0.0,0.0,1.0,1.0,0.0,0.0
6,70,1.3646791817309476,2.673377843839251,0.0,0.0,0.0,0.0,0.0,0.0
7,70,7.524836093299341,5.717842244484849,1.0,0.0,0.0,0.0,1.0,0.0
8,70,2.028910050364773,0.0,0.0,0.0,1.0,1.0,0.0,0.0
9,70,1.416925324656651,1.2180743765448667,0.0,0.0,0.0,1.0,0.0,1.0
10,70,4.650522871753875,1.2778420518918527,0.0,1.0,1.0,0.0,0.0,0.0
11,70,3.3225963243468097,8.379228202848005,0.0,0.0,0.0,1.0,1.0,0.0
12,70,8.057653662610708,10.786784791080724,1.0,1.0,0.0,1.0,0.0,1.0
13,70,6.058003405962769,0.0,1.0,1.0,0.0,0.0,1.0,1.0
14,70,6.486697401779407,8.843607722440288,0.0,0.0,0.0,0.0,0.0,0.0
15,70,10.25690485446147,9.042630130244408,0.0,0.0,1.0,0.0,0.0,1.0
16,70,6.9328096542862,2.724375587149873,0.0,1.0,1.0,1.0,0.0,1.0
17,70,8.486689835374115,11.413094325190114,1.0,0.0,0.0,0.0,1.0,0.0
18,70,8.93572742260802,10.077882620322171,0.0,1.0,1.0,1.0,1.0,0.0
19,70,10.310908087289432,4.703806528162411,0.0,0.0,0.0,1.0,1.0,0.0
0,75,1.9374035489980743,5.704323864583225,1.0,0.0,0.0,0.0,0.0,1.0
1,75,7.162533334376027,2.326210486623939,0.0,1.0,0.0,0.0,1.0,1.0
2,75,7.644108564498811,9.394720368414324,1.0,0.0,1.0,1.0,1.0,1.0
3,75,3.661317067270116,9.064366416954648,0.0,0.0,1.0,1.0,0.0,1.0
4,75,7.4308481986721056,9.013523300069576,0.0,0.0,0.0,0.0,1.0,0.0
5,75,8.227587939434018,8.400024659238728,0.0,0.0,1.0,1.0,0.0,0.0
6,75,1.4603973529534546,2.65236256122188,0.0,0.0,0.0,0.0,0.0,0.0
7,75,7.495109055445825,5.761947084698123,1.0,0.0,0.0,0.0,1.0,0.0
8,75,2.038438673902045,0.0,0.0,0.0,1.0,1.0,0.0,0.0
9,75,1.4508652962105597,1.1461807358941636,0.0,0.0,0.0,1.0,0.0,1.0
10,75,4.644065302782415,1.283147664909615,0.0,1.0,1.0,0.0,0.0,0.0
11,75,3.4419460382008453,8.32548148251663,0.0,0.0,0.0,1.0,1.0,0.0
12,75,8.079132540647162,10.840569662590845,1.0,1.0,0.0,1.0,0.0,1.0
13,75,6.07252387899472,0.0,1.0,1.0,0.0,0.0,1.0,1.0
14,75,6.537498658295673,8.827414980615314,0.0,0.0,0.0,0.0,0.0,0.0
15,75,10.23248177505516,9.040491861989942,0.0,0.0,1.0,0.0,0.0,1.0
16,75,6.88760717870502,2.711859387617253,0.0,1.0,1.0,1.0,0.0,1.0
17,75,8.45581802476648,11.435271446917168,1.0,0.0,0.0,0.0,1.0,0.0
18,75,8.952421434584442,10.129024613374073,0.0,1.0,1.0,1.0,1.0,0.0
19,75,10.320203899490677,4.724286404157717,0.0,0.0,0.0,1.0,1.0,0.0
0,80,1.9378732933216969,5.706640094012297,1.0,0.0,0.0,0.0,0.0,1.0
1,80,7.0880995086924425,2.3587380137385017,0.0,1.0,0.0,0.0,1.0,1.0
2,80,7.649162394504528,9.397818786885214,1.0,0.0,1.0,1.0,1.0,1.0
3,80,3.823293776877262,9.14380735477756,0.0,0.0,1.0,1.0,0.0,1.0
4,80,7.496942910414815,8.970275309082503,0.0,0.0,0.0,0.0,1.0,0.0
5,80,8.257141617842208,8.423550039957417,0.0,0.0,1.0,1.0,0.0,0.0
6,80,1.5686765457697545,2.632673842267509,0.0,0.0,0.0,0.0,0.0,0.0
7,80,7.452775766539651,5.8234396261618615,1.0,0.0,0.0,0.0,1.0,0.0
8,80,2.0463388959996625,0.0,0.0,0.0,1.0,1.0,0.0,0.0
9,80,1.4873910428488484,1.068880890624743,0.0,0.0,0.0,1.0,0.0,1.0
10,80,4.653486185318758,1.2756827392984542,0.0,1.0,1.0,0.0,0.0,0.0
11,80,3.5416140847921938,8.278191962828553,0.0,0.0,0.0,1.0,1.0,0.0
12,80,8.095169054468464,10.883219140789487,1.0,1.0,0.0,1.0,0.0,1.0
13,80,6.09189389027074,0.0,1.0,1.0,0.0,0.0,1.0,1.0
14,80,6.585408925892166,8.812480026598092,0.0,0.0,0.0,0.0,0.0,0.0
15,80,10.203551958819313,9.037748243460417,0.0,0.0,1.0,0.0,0.0,1.0
16,80,6.8517238734654615,2.7026846050289923,0.0,1.0,1.0,1.0,0.0,1.0
17,80,8.421355146295088,11.461408812390824,1.0,0.0,0.0,0.0,1.0,0.0
18,80,8.97063033648376,10.186694093614296,0.0,1.0,1.0,1.0,1.0,0.0
19,80,10.328464958589777,4.74278636339754,0.0,0.0,0.0,1.0,1.0,0.0
0,85,1.9373147227331675,5.703406418540854,1.0,0.0,0.0,0.0,0.0,1.0
1,85,6.998160130538645,2.399047223341145,0.0,1.0,0.0,0.0,1.0,1.0
2,85,7.664111673806407,9.406726212372714,1.0,0.0,1.0,1.0,1.0,1.0
3,85,3.9710932108339145,9.2114595135221,0.0,0.0,1.0,1.0,0.0,1.0
4,85,7.568936014060088,8.92342617101073,0.0,0.0,0.0,0.0,1.0,0.0
5,85,8.270725175371357,8.433689142086536,0.0,0.0,1.0,1.0,0.0,0.0
6,85,1.6621312254542735,2.6176313419475896,0.0,0.0,0.0,0.0,0.0,0.0
7,85,7.404840468551142,5.890647357691671,1.0,0.0,0.0,0.0,1.0,0.0
8,85,2.051745617821332,0.0,0.0,0.0,1.0,1.0,0.0,0.0
9,85,1.5170994406191531,1.0077206936287917,0.0,0.0,0.0,1.0,0.0,1.0
10,85,4.651673790143229,1.2771425484570214,0.0,1.0,1.0,0.0,0.0,0.0
11,85,3.661582792327216,8.225712328825262,0.0,0.0,0.0,1.0,1.0,0.0
12,85,8.110019736074193,10.924605255090263,1.0,1.0,0.0,1.0,0.0,1.0
13,85,6.106553874823704,0.0,1.0,1.0,0.0,0.0,1.0,1.0
14,85,6.634701325828814,8.796912654844899,0.0,0.0,0.0,0.0,0.0,0.0
15,85,10.150465148995597,9.032412806619025,0.0,0.0,1.0,0.0,0.0,1.0
16,85,6.816661943601127,2.6937818263651376,0.0,1.0,1.0,1.0,0.0,1.0
17,85,8.371796614021193,11.501865211272085,1.0,0.0,0.0,0.0,1.0,0.0
18,85,8.987222163518103,10.244747461406272,0.0,1.0,1.0,1.0,1.0,0.0
19,85,10.331260438303124,4.749454984508714,0.0,0.0,0.0,1.0,1.0,0.0
0,90,1.935540742681602,5.69320494090536,1.0,0.0,0.0,0.0,0.0,1.0
1,90,6.9144169576464325,2.435020253178728,0.0,1.0,0.0,0.0,1.0,1.0
2,90,7.679856984921905,9.416373871100134,1.0,0.0,1.0,1.0,1.0,1.0
3,90,4.10714777803501,9.271619526115744,0.0,0.0,1.0,1.0,0.0,1.0
4,90,7.63992106229335,8.88017123331986,0.0,0.0,0.0,0.0,1.0,0.0
5,90,8.296958138051606,8.453772699582416,0.0,0.0,1.0,1.0,0.0,0.0
6,90,1.7699917353579058,2.6017474069023265,0.0,0.0,0.0,0.0,0.0,0.0
7,90,7.358597150496051,5.95658682952739,1.0,0.0,0.0,0.0,1.0,0.0
8,90,2.05736794381745,0.0,0.0,0.0,1.0,1.0,0.0,0.0
9,90,1.543326607958964,0.9531307211854636,0.0,0.0,0.0,1.0,0.0,1.0
10,90,4.653054064825138,1.2760242599758167,0.0,1.0,1.0,0.0,0.0,0.0
11,90,3.791845969916332,8.171945117852138,0.0,0.0,0.0,1.0,1.0,0.0
12,90,8.12236208760299,10.961199738653052,1.0,1.0,0.0,1.0,0.0,1.0
13,90,6.127185174193895,0.0,1.0,1.0,0.0,0.0,1.0,1.0
14,90,6.670658611075036,8.785304366142539,0.0,0.0,0.0,0.0,0.0,0.0
15,90,10.10252029389563,9.027533701988672,0.0,0.0,1.0,0.0,0.0,1.0
16,90,6.805119395034023,2.739715048329245,0.0,1.0,1.0,1.0,0.0,1.0
17,90,8.31167412080124,11.552670592158243,1.0,0.0,0.0,0.0,1.0,0.0
18,90,9.006553508777802,10.306643350008144,0.0,1.0,1.0,1.0,1.0,0.0
19,90,10.320779152208688,4.724311426849489,0.0,0.0,0.0,1.0,1.0,0.0
0,95,1.93182152369606,5.672293020622822,1.0,0.0,0.0,0.0,0.0,1.0
1,95,6.853168819124392,2.4589965285319453,0.0,1.0,0.0,0.0,1.0,1.0
2,95,7.722117031462022,9.44170164366546,1.0,0.0,1.0,1.0,1.0,1.0
3,95,4.242485929187963,9.331212998090663,0.0,0.0,1.0,1.0,0.0,1.0
4,95,7.694854568254816,8.845932654716115,0.0,0.0,0.0,0.0,1.0,0.0
5,95,8.329262583286697,8.478217617717283,0.0,0.0,1.0,1.0,0.0,0.0
6,95,1.8755751234787887,2.5879416199468275,0.0,0.0,0.0,0.0,0.0,0.0
7,95,7.313043335681648,6.025492748500165,1.0,0.0,0.0,0.0,1.0,0.0
8,95,2.0636629198678347,0.0,0.0,0.0,1.0,1.0,0.0,0.0
9,95,1.5775835891540433,0.8759828923466291,0.0,0.0,0.0,1.0,0.0,1.0
10,95,4.661901560971772,1.268799795805941,0.0,1.0,1.0,0.0,0.0,0.0
11,95,3.906507367506377,8.124834798428926,0.0,0.0,0.0,1.0,1.0,0.0
12,95,8.130423073923206,10.985394656491165,1.0,1.0,0.0,1.0,0.0,1.0
13,95,6.144434458333109,0.0,1.0,1.0,0.0,0.0,1.0,1.0
14,95,6.695202556895724,8.777620445207525,0.0,0.0,0.0,0.0,0.0,0.0
15,95,10.04259263724039,9.021416203637022,0.0,0.0,1.0,0.0,0.0,1.0
16,95,6.795839595381911,2.77635863365052,0.0,1.0,1.0,1.0,0.0,1.0
17,95,8.256905330998146,11.598189078528872,1.0,0.0,0.0,0.0,1.0,0.0
18,95,9.026369738740302,10.364336252010672,0.0,1.0,1.0,1.0,1.0,0.0
19,95,10.31296276012783,4.7038365301652325,0.0,0.0,0.0,1.0,1.0,0.0
0,100,1.9308182395446127,5.666445750328033,1.0,0.0,0.0,0.0,0.0,1.0
1,100,6.80630371194531,2.4789735752129745,0.0,1.0,0.0,0.0,1.0,1.0
2,100,7.764924800381192,9.468312004245377,1.0,0.0,1.0,1.0,1.0,1.0
3,100,4.383473032996966,9.397896350919488,0.0,0.0,1.0,1.0,0.0,1.0
4,100,7.749480396821444,8.812434761838288,0.0,0.0,0.0,0.0,1.0,0.0
5,100,8.363420686881817,8.502794205313503,0.0,0.0,1.0,1.0,0.0,0.0
6,100,1.963861401322506,2.5735338437069157,0.0,0.0,0.0,0.0,0.0,0.0
7,100,7.267787099069349,6.092787977456887,1.0,0.0,0.0,0.0,1.0,0.0
8,100,2.0635520063317183,0.0,0.0,0.0,1.0,1.0,0.0,0.0
9,100,1.614785999159389,0.7884832692440966,0.0,0.0,0.0,1.0,0.0,1.0
10,100,4.674551915291731,1.2582190620158873,0.0,1.0,1.0,0.0,0.0,0.0
11,100,4.02786311497285,8.076179496595376,0.0,0.0,0.0,1.0,1.0,0.0
12,100,8.133802943707387,10.99515765154036,1.0,1.0,0.0,1.0,0.0,1.0
13,100,6.167253094051712,0.0,1.0,1.0,0.0,0.0,1.0,1.0
14,100,6.705783436601861,8.77442334856751,0.0,0.0,0.0,0.0,0.0,0.0
15,100,10.005038536785284,9.01737227979116,0.0,0.0,1.0,0.0,0.0,1.0
16,100,6.794165112926117,2.783346677343191,0.0,1.0,1.0,1.0,0.0,1.0
17,100,8.205694401744267,11.638212177945729,1.0,0.0,0.0,0.0,1.0,0.0
18,100,9.0405509972522,10.400852814941002,0.0,1.0,1.0,1.0,1.0,0.0
19,100,10.29629650520485,4.710619074598685,0.0,0.0,0.0,1.0,1.0,0.0
0,105,1.9275878394876391,5.648844073723198,1.0,0.0,0.0,0.0,0.0,1.0
1,105,6.769793998303261,2.49376140161567,0.0,1.0,0.0,0.0,1.0,1.0
2,105,7.807062573598417,9.494303899745905,1.0,0.0,1.0,1.0,1.0,1.0
3,105,4.512140754605371,9.456890748054258,0.0,0.0,1.0,1.0,0.0,1.0
4,105,7.797875414658272,8.781995750715032,0.0,0.0,0.0,0.0,1.0,0.0
5,105,8.40872108741031,8.5359557106888,0.0,0.0,1.0,1.0,0.0,0.0
6,105,2.0462968124318723,2.5574316333080667,0.0,0.0,0.0,0.0,0.0,0.0
7,105,7.230536359307877,6.146978574711291,1.0,0.0,0.0,0.0,1.0,0.0
8,105,2.0608464765007457,0.0,0.0,0.0,1.0,1.0,0.0,0.0
9,105,1.6547973561158629,0.6928817315857795,0.0,0.0,0.0,1.0,0.0,1.0
10,105,4.689982529254008,1.2453750885018484,0.0,1.0,1.0,0.0,0.0,0.0
11,105,4.147113018588819,8.029753388992809,0.0,0.0,0.0,1.0,1.0,0.0
12,105,8.141029217183094,11.01524809551511,1.0,1.0,0.0,1.0,0.0,1.0
13,105,6.187455334100932,0.0,1.0,1.0,0.0,0.0,1.0,1.0
14,105,6.708078841646211,8.773797206751812,0.0,0.0,0.0,0.0,0.0,0.0
15,105,9.966241048829948,9.01305691377908,0.0,0.0,1.0,0.0,0.0,1.0
16,105,6.797047946779488,2.7697635884809344,0.0,1.0,1.0,1.0,0.0,1.0
17,105,8.150844316375116,11.680859468663767,1.0,0.0,0.0,0.0,1.0,0.0
18,105,9.045538508172504,10.413316547273716,0.0,1.0,1.0,1.0,1.0,0.0
19,105,10.284705178693358,4.715355397509376,0.0,0.0,0.0,1.0,1.0,0.0
0,110,1.9243128153898887,5.628804584972922,1.0,0.0,0.0,0.0,0.0,1.0
1,110,6.744903691368055,2.5043973681658764,0.0,1.0,0.0,0.0,1.0,1.0
2,110,7.848805676013946,9.520371709736594,1.0,0.0,1.0,1.0,1.0,1.0
3,110,4.647885942751689,9.523636309711351,0.0,0.0,1.0,1.0,0.0,1.0
4,110,7.858914046432146,8.742303811523264,0.0,0.0,0.0,0.0,1.0,0.0
5,110,8.439089673507358,8.556899723947536,0.0,0.0,1.0,1.0,0.0,0.0
6,110,2.150254106288813,2.537140272120665,0.0,0.0,0.0,0.0,0.0,0.0
7,110,7.1892650722664175,6.208289318572004,1.0,0.0,0.0,0.0,1.0,0.0
8,110,2.056685411590205,0.0,0.0,0.0,1.0,1.0,0.0,0.0
9,110,1.7026500441458523,0.5829674766482833,0.0,0.0,0.0,1.0,0.0,1.0
10,110,4.707695740689492,1.2309787238825949,0.0,1.0,1.0,0.0,0.0,0.0
11,110,4.2595751161692,7.984581853797816,0.0,0.0,0.0,1.0,1.0,0.0
12,110,8.148893636274348,11.035445758142878,1.0,1.0,0.0,1.0,0.0,1.0
13,110,6.216430765209039,0.0,1.0,1.0,0.0,0.0,1.0,1.0
14,110,6.693847172056253,8.777895264832669,0.0,0.0,0.0,0.0,0.0,0.0
15,110,9.92119498981198,9.008400804283037,0.0,0.0,1.0,0.0,0.0,1.0
16,110,6.794352855278647,2.7821443588509185,0.0,1.0,1.0,1.0,0.0,1.0
17,110,8.093046499646967,11.726849896276402,1.0,0.0,0.0,0.0,1.0,0.0
18,110,9.051134659992796,10.42836335560524,0.0,1.0,1.0,1.0,1.0,0.0
19,110,10.29955870190765,4.708957394086384,0.0,0.0,0.0,1.0,1.0,0.0
0,115,1.9207947896784088,5.605094447697174,1.0,0.0,0.0,0.0,0.0,1.0
1,115,6.718365242794939,2.515236931567549,0.0,1.0,0.0,0.0,1.0,1.0
2,115,7.907379697500748,9.554571972794944,1.0,0.0,1.0,1.0,1.0,1.0
3,115,4.783679438560177,9.590180570735424,0.0,0.0,1.0,1.0,0.0,1.0
4,115,7.916581407765899,8.704694188233388,0.0,0.0,0.0,0.0,1.0,0.0
5,115,8.471637836451961,8.57862077524642,0.0,0.0,1.0,1.0,0.0,0.0
6,115,2.2535735805952952,2.51630014706453,0.0,0.0,0.0,0.0,0.0,0.0
7,115,7.148756406992373,6.270479407047382,1.0,0.0,0.0,0.0,1.0,0.0
8,115,2.050717150593787,0.0,0.0,0.0,1.0,1.0,0.0,0.0
9,115,1.7479856633552933,0.4701409158022173,0.0,0.0,0.0,1.0,0.0,1.0
10,115,4.715389931060003,1.2249828358315615,0.0,1.0,1.0,0.0,0.0,0.0
11,115,4.373302319748044,7.939219602119997,0.0,0.0,0.0,1.0,1.0,0.0
12,115,8.151865992164556,11.042867821664151,1.0,1.0,0.0,1.0,0.0,1.0
13,115,6.243327889483306,0.0,1.0,1.0,0.0,0.0,1.0,1.0
14,115,6.675960851024543,8.782805802590763,0.0,0.0,0.0,0.0,0.0,0.0
15,115,9.874183896612887,9.004199067776701,0.0,0.0,1.0,0.0,0.0,1.0
16,115,6.789170833571651,2.805131557325907,0.0,1.0,1.0,1.0,0.0,1.0
17,115,8.030430660871485,11.775262944005185,1.0,0.0,0.0,0.0,1.0,0.0
18,115,9.056766121915643,10.441803264776544,0.0,1.0,1.0,1.0,1.0,0.0
19,115,10.31375955425168,4.702645137978537,0.0,0.0,0.0,1.0,1.0,0.0
0,120,1.9170700662195053,5.5822775769427935,1.0,0.0,0.0,0.0,0.0,1.0
1,120,6.705674835666827,2.5203551970424183,0.0,1.0,0.0,0.0,1.0,1.0
2,120,7.968476061199434,9.59107844637794,1.0,0.0,1.0,1.0,1.0,1.0
3,120,4.920829338218505,9.66120391018822,0.0,0.0,1.0,1.0,0.0,1.0
4,120,7.985585448526882,8.6585018089403,0.0,0.0,0.0,0.0,1.0,0.0
5,120,8.499949488693103,8.597041260459685,0.0,0.0,1.0,1.0,0.0,0.0
6,120,2.3907866207261583,2.491450186857484,0.0,0.0,0.0,0.0,0.0,0.0
7,120,7.124921971041572,6.308463740213215,1.0,0.0,0.0,0.0,1.0,0.0
8,120,2.045345870130441,0.0,0.0,0.0,1.0,1.0,0.0,0.0
9,120,1.798482763087616,0.3452578785367522,0.0,0.0,0.0,1.0,0.0,1.0
10,120,4.717534513614039,1.2233301058689257,0.0,1.0,1.0,0.0,0.0,0.0
11,120,4.474178010775726,7.900823950589711,0.0,0.0,0.0,1.0,1.0,0.0
12,120,8.15507814812438,11.050683823586263,1.0,1.0,0.0,1.0,0.0,1.0
13,120,6.28543868719628,0.0,1.0,1.0,0.0,0.0,1.0,1.0
14,120,6.654946309364834,8.789056925996634,0.0,0.0,0.0,0.0,0.0,0.0
15,120,9.847539607449962,9.001758101805216,0.0,0.0,1.0,0.0,0.0,1.0
16,120,6.784638914082863,2.826210586080602,0.0,1.0,1.0,1.0,0.0,1.0
17,120,7.971679430484269,11.81893302665795,1.0,0.0,0.0,0.0,1.0,0.0
18,120,9.063427226585956,10.456615070573076,0.0,1.0,1.0,1.0,1.0,0.0
19,120,10.338775788610103,4.690020253949666,0.0,0.0,0.0,1.0,1.0,0.0
0,125,1.9129918739929512,5.555742698335602,1.0,0.0,0.0,0.0,0.0,1.0
1,125,6.68463115393492,2.528899118193394,0.0,1.0,0.0,0.0,1.0,1.0
2,125,8.042822820212562,9.635828592622977,1.0,0.0,1.0,1.0,1.0,1.0
3,125,5.060272344673667,9.731543932762447,0.0,0.0,1.0,1.0,0.0,1.0
4,125,8.057983643622189,8.61076055575976,0.0,0.0,0.0,0.0,1.0,0.0
5,125,8.509438790584628,8.603375262503508,0.0,0.0,1.0,1.0,0.0,0.0
6,125,2.511828120480615,2.4696670481257605,0.0,0.0,0.0,0.0,0.0,0.0
7,125,7.103378799198018,6.342173456305526,1.0,0.0,0.0,0.0,1.0,0.0
8,125,2.0419291073474763,0.0,0.0,0.0,1.0,1.0,0.0,0.0
9,125,1.848529250138616,0.2194531907219686,0.0,0.0,0.0,1.0,0.0,1.0
10,125,4.697818396154485,1.238051618718922,0.0,1.0,1.0,0.0,0.0,0.0
11,125,4.579040716145194,7.863490214931178,0.0,0.0,0.0,1.0,1.0,0.0
12,125,8.160203855462601,11.063613382085384,1.0,1.0,0.0,1.0,0.0,1.0
13,125,6.325966798758311,0.0,1.0,1.0,0.0,0.0,1.0,1.0
14,125,6.617694829810666,8.79871041369648,0.0,0.0,0.0,0.0,0.0,0.0
15,125,9.8139915217835,8.99828617431442,0.0,0.0,1.0,0.0,0.0,1.0
16,125,6.77929792947313,2.8485622947745437,0.0,1.0,1.0,1.0,0.0,1.0
17,125,7.906582988149362,11.86541079308824,1.0,0.0,0.0,0.0,1.0,0.0
18,125,9.071504182756232,10.475757565119832,0.0,1.0,1.0,1.0,1.0,0.0
19,125,10.360042244870463,4.6798389432571845,0.0,0.0,0.0,1.0,1.0,0.0
0,130,1.9095433848457224,5.530831575985463,1.0,0.0,0.0,0.0,0.0,1.0
1,130,6.667959947059514,2.535761273194753,0.0,1.0,0.0,0.0,1.0,1.0
2,130,8.095364751848017,9.668243809006078,1.0,0.0,1.0,1.0,1.0,1.0
3,130,5.179722917255299,9.794635214176251,0.0,0.0,1.0,1.0,0.0,1.0
4,130,8.145513553023342,8.553569315411945,0.0,0.0,0.0,0.0,1.0,0.0
5,130,8.51642351073353,8.608028176257541,0.0,0.0,1.0,1.0,0.0,0.0
6,130,2.634785261309906,2.4469877555815525,0.0,0.0,0.0,0.0,0.0,0.0
7,130,7.08475835192338,6.37140606210533,1.0,0.0,0.0,0.0,1.0,0.0
8,130,2.0361448246144827,0.0,0.0,0.0,1.0,1.0,0.0,0.0
9,130,1.8994117998520357,0.0825982291477981,0.0,0.0,0.0,1.0,0.0,1.0
10,130,4.676166349463357,1.2539096354758332,0.0,1.0,1.0,0.0,0.0,0.0
11,130,4.694268094313805,7.822087853502673,0.0,0.0,0.0,1.0,1.0,0.0
12,130,8.157739914921391,11.05767908284137,1.0,1.0,0.0,1.0,0.0,1.0
13,130,6.370859881815523,0.0,1.0,1.0,0.0,0.0,1.0,1.0
14,130,6.603257006480876,8.802280962610322,0.0,0.0,0.0,0.0,0.0,0.0
15,130,9.77394999216462,8.994142245114224,0.0,0.0,1.0,0.0,0.0,1.0
16,130,6.770394177482998,2.886080558173128,0.0,1.0,1.0,1.0,0.0,1.0
17,130,7.84584999851402,11.90671778071406,1.0,0.0,0.0,0.0,1.0,0.0
18,130,9.0713378104454,10.475363432083032,0.0,1.0,1.0,1.0,1.0,0.0
19,130,10.363602241156787,4.677999344037292,0.0,0.0,0.0,1.0,1.0,0.0
0,135,1.9056723578385308,5.494059923983911,1.0,0.0,0.0,0.0,0.0,1.0
1,135,6.635547884124388,2.5495963173658325,0.0,1.0,0.0,0.0,1.0,1.0
2,135,8.143499052923996,9.697603593353818,1.0,0.0,1.0,1.0,1.0,1.0
3,135,5.30537587712598,9.86281233788766,0.0,0.0,1.0,1.0,0.0,1.0
4,135,8.251083942178957,8.484743415167694,0.0,0.0,0.0,0.0,1.0,0.0
5,135,8.510674781970595,8.604312144885654,0.0,0.0,1.0,1.0,0.0,0.0
6,135,2.773607507051489,2.4208585977177246,0.0,0.0,0.0,0.0,0.0,0.0
7,135,7.057208298498346,6.416521277523762,1.0,0.0,0.0,0.0,1.0,0.0
8,135,2.201351567499268,0.0,0.0,0.0,1.0,1.0,0.0,0.0
9,135,1.9486854037166297,0.0,0.0,0.0,0.0,1.0,0.0,1.0
10,135,4.66087079028198,1.2651591571702032,0.0,1.0,1.0,0.0,0.0,0.0
11,135,4.808906142239145,7.7843604484660975,0.0,0.0,0.0,1.0,1.0,0.0
12,135,8.151794160730143,11.04407684495845,1.0,1.0,0.0,1.0,0.0,1.0
13,135,6.419113955952335,0.0,1.0,1.0,0.0,0.0,1.0,1.0
14,135,6.589059401621782,8.805743907517131,0.0,0.0,0.0,0.0,0.0,0.0
15,135,9.745838833912432,8.990900872372237,0.0,0.0,1.0,0.0,0.0,1.0
16,135,6.756629852281402,2.943005673518277,0.0,1.0,1.0,1.0,0.0,1.0
17,135,7.815727723511141,11.92648606617351,1.0,0.0,0.0,0.0,1.0,0.0
18,135,9.073846220858044,10.481672476003691,0.0,1.0,1.0,1.0,1.0,0.0
19,135,10.359655690891042,4.680062708712514,0.0,0.0,0.0,1.0,1.0,0.0
0,140,1.9000048119420847,5.449508823846068,1.0,0.0,0.0,0.0,0.0,1.0
1,140,6.619737345347295,2.556703743692172,0.0,1.0,0.0,0.0,1.0,1.0
2,140,8.207926937205174,9.735657005775083,1.0,0.0,1.0,1.0,1.0,1.0
3,140,5.420453292553108,9.931097057724608,0.0,0.0,1.0,1.0,0.0,1.0
4,140,8.3564419937585,8.415039227920326,0.0,0.0,0.0,0.0,1.0,0.0
5,140,8.502433735793153,8.598829526008911,0.0,0.0,1.0,1.0,0.0,0.0
6,140,2.9016126302198937,2.40093056256739,0.0,0.0,0.0,0.0,0.0,0.0
7,140,7.029016794839692,6.464869512554373,1.0,0.0,0.0,0.0,1.0,0.0
8,140,2.389419821549559,0.0,0.0,0.0,1.0,1.0,0.0,0.0
9,140,2.0060806057247667,0.0,0.0,0.0,0.0,1.0,0.0,1.0
10,140,4.656358832666498,1.268436519255799,0.0,1.0,1.0,0.0,0.0,0.0
11,140,4.952808128371233,7.730530917185446,0.0,0.0,0.0,1.0,1.0,0.0
12,140,8.133683844212328,11.002312022315865,1.0,1.0,0.0,1.0,0.0,1.0
13,140,6.467434176551166,0.0,1.0,1.0,0.0,0.0,1.0,1.0
14,140,6.573598630587975,8.809117895536424,0.0,0.0,0.0,0.0,0.0,0.0
15,140,9.728489039852091,8.988787788476353,0.0,0.0,1.0,0.0,0.0,1.0
16,140,6.737726023098841,3.0216078885025253,0.0,1.0,1.0,1.0,0.0,1.0
17,140,7.77928222129182,11.950171666853873,1.0,0.0,0.0,0.0,1.0,0.0
18,140,9.080841787515617,10.49970927145672,0.0,1.0,1.0,1.0,1.0,0.0
19,140,10.358995290170707,4.680391453991147,0.0,0.0,0.0,1.0,1.0,0.0
0,145,1.8938874461089483,5.389976672339234,1.0,0.0,0.0,0.0,0.0,1.0
1,145,6.599457239787928,2.5664486920160763,0.0,1.0,0.0,0.0,1.0,1.0
2,145,8.272443076541883,9.775351290938444,1.0,0.0,1.0,1.0,1.0,1.0
3,145,5.526849170823759,9.99534402600524,0.0,0.0,1.0,1.0,0.0,1.0
4,145,8.465867505625697,8.340645630734853,0.0,0.0,0.0,0.0,1.0,0.0
5,145,8.506347720622433,8.601529806551232,0.0,0.0,1.0,1.0,0.0,0.0
6,145,3.0096903301142968,2.3823550078651694,0.0,0.0,0.0,0.0,0.0,0.0
7,145,7.00432344138578,6.509903459864145,1.0,0.0,0.0,0.0,1.0,0.0
8,145,2.557346718209545,0.0,0.0,0.0,1.0,1.0,0.0,0.0
9,145,2.074509529978564,0.0,0.0,0.0,0.0,1.0,0.0,1.0
10,145,4.642345568679641,1.2788815479641409,0.0,1.0,1.0,0.0,0.0,0.0
11,145,5.102438017873434,7.678211634441789,0.0,0.0,0.0,1.0,1.0,0.0
12,145,8.115953672690031,10.958906131275334,1.0,1.0,0.0,1.0,0.0,1.0
13,145,6.526960660027167,0.0,1.0,1.0,0.0,0.0,1.0,1.0
14,145,6.566851510144837,8.810735861936259,0.0,0.0,0.0,0.0,0.0,0.0
15,145,9.695230499569451,8.985102083711137,0.0,0.0,1.0,0.0,0.0,1.0
16,145,6.71851932612292,3.103372030950222,0.0,1.0,1.0,1.0,0.0,1.0
17,145,7.74533755303985,11.971801490005074,1.0,0.0,0.0,0.0,1.0,0.0
18,145,9.089485594467073,10.519717928565427,0.0,1.0,1.0,1.0,1.0,0.0
19,145,10.372687243403792,4.672624486212637,0.0,0.0,0.0,1.0,1.0,0.0
0,150,1.889037845723889,5.349476884569313,1.0,0.0,0.0,0.0,0.0,1.0
1,150,6.592346519565435,2.5700242872254027,0.0,1.0,0.0,0.0,1.0,1.0
2,150,8.334569181896722,9.813159904531798,1.0,0.0,1.0,1.0,1.0,1.0
3,150,5.624687220444082,10.054218645674435,0.0,0.0,1.0,1.0,0.0,1.0
4,150,8.577984880484438,8.264370861728505,0.0,0.0,0.0,0.0,1.0,0.0
5,150,8.518845946172485,8.610242840779046,0.0,0.0,1.0,1.0,0.0,0.0
6,150,3.1001658145222684,2.364941521389382,0.0,0.0,0.0,0.0,0.0,0.0
7,150,6.985924753770393,6.540873964823734,1.0,0.0,0.0,0.0,1.0,0.0
8,150,2.7522156174640102,0.0,0.0,0.0,1.0,1.0,0.0,0.0
9,150,2.1430106819271924,0.0,0.0,0.0,0.0,1.0,0.0,1.0
10,150,4.59543912802514,1.3163896329210725,0.0,1.0,1.0,0.0,0.0,0.0
11,150,5.262239810293078,7.622891138353498,0.0,0.0,0.0,1.0,1.0,0.0
12,150,8.093057686059169,10.904661074958238,1.0,1.0,0.0,1.0,0.0,1.0
13,150,6.581555859767986,0.0,1.0,1.0,0.0,0.0,1.0,1.0
14,150,6.545524344385479,8.815535418596024,0.0,0.0,0.0,0.0,0.0,0.0
15,150,9.663985779581314,8.98166294473869,0.0,0.0,1.0,0.0,0.0,1.0
16,150,6.7009641124235335,3.179934344808774,0.0,1.0,1.0,1.0,0.0,1.0
17,150,7.714824197758732,11.98990433345242,1.0,0.0,0.0,0.0,1.0,0.0
18,150,9.100561367857324,10.54455645476858,0.0,1.0,1.0,1.0,1.0,0.0
19,150,10.393492818663352,4.660357514571068,0.0,0.0,0.0,1.0,1.0,0.0
0,155,1.8834361455539772,5.305198908456587,1.0,0.0,0.0,0.0,0.0,1.0
1,155,6.593170280363684,2.5696109303374617,0.0,1.0,0.0,0.0,1.0,1.0
2,155,8.38530774116245,9.842852481595166,1.0,0.0,1.0,1.0,1.0,1.0
3,155,5.721821320997122,10.112918741291848,0.0,0.0,1.0,1.0,0.0,1.0
4,155,8.696562259614828,8.18394217329173,0.0,0.0,0.0,0.0,1.0,0.0
5,155,8.526747066519148,8.615765604292156,0.0,0.0,1.0,1.0,0.0,0.0
6,155,3.190597420380916,2.3467975247511177,0.0,0.0,0.0,0.0,0.0,0.0
7,155,6.959024250364371,6.585806975159754,1.0,0.0,0.0,0.0,1.0,0.0
8,155,2.951291734035516,0.0,0.0,0.0,1.0,1.0,0.0,0.0
9,155,2.2081257608884357,0.0,0.0,0.0,0.0,1.0,0.0,1.0
10,155,4.548618055743956,1.3552000387589094,0.0,1.0,1.0,0.0,0.0,0.0
11,155,5.4058793387400375,7.574760014599373,0.0,0.0,0.0,1.0,1.0,0.0
12,155,8.067693361206155,10.842128088441092,1.0,1.0,0.0,1.0,0.0,1.0
13,155,6.63947952171287,0.0,1.0,1.0,0.0,0.0,1.0,1.0
14,155,6.531350625383851,8.81906551293323,0.0,0.0,0.0,0.0,0.0,0.0
15,155,9.638831861394037,8.979096622619288,0.0,0.0,1.0,0.0,0.0,1.0
16,155,6.686864720137211,3.240029084790588,0.0,1.0,1.0,1.0,0.0,1.0
17,155,7.663276972292553,12.0,1.0,0.0,0.0,0.0,1.0,0.0
18,155,9.108511242480189,10.562600861508262,0.0,1.0,1.0,1.0,1.0,0.0
19,155,10.407723138012464,4.651262430586517,0.0,0.0,0.0,1.0,1.0,0.0
0,160,1.8784027884078984,5.265498752851247,1.0,0.0,0.0,0.0,0.0,1.0
1,160,6.613802741935115,2.558862018693897,0.0,1.0,0.0,0.0,1.0,1.0
2,160,8.442074071223322,9.875757614253354,1.0,0.0,1.0,1.0,1.0,1.0
3,160,5.843670024965143,10.187589813027529,0.0,0.0,1.0,1.0,0.0,1.0
4,160,8.813483017998994,8.100094354284634,0.0,0.0,0.0,0.0,1.0,0.0
5,160,8.545910632148,8.628915418021379,0.0,0.0,1.0,1.0,0.0,0.0
6,160,3.292712206899747,2.330257151143313,0.0,0.0,0.0,0.0,0.0,0.0
7,160,6.934334086416273,6.624579208279926,1.0,0.0,0.0,0.0,1.0,0.0
8,160,3.1723657213543723,0.0,0.0,0.0,1.0,1.0,0.0,0.0
9,160,2.2677616763755992,0.0,0.0,0.0,0.0,1.0,0.0,1.0
10,160,4.49133829451016,1.4012250066616914,0.0,1.0,1.0,0.0,0.0,0.0
11,160,5.552098749609653,7.522142692855433,0.0,0.0,0.0,1.0,1.0,0.0
12,160,8.040530196516624,10.771590300803636,1.0,1.0,0.0,1.0,0.0,1.0
13,160,6.695166072426974,0.0,1.0,1.0,0.0,0.0,1.0,1.0
14,160,6.516161591319622,8.823157846158558,0.0,0.0,0.0,0.0,0.0,0.0
15,160,9.610350564441177,8.975370686825483,0.0,0.0,1.0,0.0,0.0,1.0
16,160,6.674885933293326,3.290975650318159,0.0,1.0,1.0,1.0,0.0,1.0
17,160,7.61532348182004,12.0,1.0,0.0,0.0,0.0,1.0,0.0
18,160,9.117739191743642,10.582818453064158,0.0,1.0,1.0,1.0,1.0,0.0
19,160,10.405911754802714,4.652428246124859,0.0,0.0,0.0,1.0,1.0,0.0
0,165,1.8732290890604275,5.227396146830628,1.0,0.0,0.0,0.0,0.0,1.0
1,165,6.622018698127516,2.5541577774022635,0.0,1.0,0.0,0.0,1.0,1.0
2,165,8.497139059347315,9.904253155482484,1.0,0.0,1.0,1.0,1.0,1.0
3,165,5.968889375540933,10.26440852725646,0.0,0.0,1.0,1.0,0.0,1.0
4,165,8.937092112747626,8.011223493279811,0.0,0.0,0.0,0.0,1.0,0.0
5,165,8.580833232800394,8.653028296602251,0.0,0.0,1.0,1.0,0.0,0.0
6,165,3.3909989248266954,2.312668062514045,0.0,0.0,0.0,0.0,0.0,0.0
7,165,6.902438673234779,6.672361316786,1.0,0.0,0.0,0.0,1.0,0.0
8,165,3.379833904054588,0.0,0.0,0.0,1.0,1.0,0.0,0.0
9,165,2.3292337139406767,0.0,0.0,0.0,0.0,1.0,0.0,1.0
10,165,4.43139355925805,1.451264693662779,0.0,1.0,1.0,0.0,0.0,0.0
11,165,5.680296673353702,7.473282759973326,0.0,0.0,0.0,1.0,1.0,0.0
12,165,8.009400824371214,10.69953128433768,1.0,1.0,0.0,1.0,0.0,1.0
13,165,6.754731223633388,0.0,1.0,1.0,0.0,0.0,1.0,1.0
14,165,6.4832169704886775,8.831140468315763,0.0,0.0,0.0,0.0,0.0,0.0
15,165,9.592344932827114,8.972911475688296,0.0,0.0,1.0,0.0,0.0,1.0
16,165,6.665317442122576,3.332108620740456,0.0,1.0,1.0,1.0,0.0,1.0
17,165,7.574634760039099,12.0,1.0,0.0,0.0,0.0,1.0,0.0
18,165,9.12680173140512,10.601822663032234,0.0,1.0,1.0,1.0,1.0,0.0
19,165,10.395373452080806,4.659182643846652,0.0,0.0,0.0,1.0,1.0,0.0
0,170,1.8683932690832925,5.190838790604001,1.0,0.0,0.0,0.0,0.0,1.0
1,170,6.614923307841454,2.5582624050303084,0.0,1.0,0.0,0.0,1.0,1.0
2,170,8.573767557728255,9.944106573299978,1.0,0.0,1.0,1.0,1.0,1.0
3,170,6.103732055934458,10.349228406493438,0.0,0.0,1.0,1.0,0.0,1.0
4,170,9.06460199274046,7.919872638779433,0.0,0.0,0.0,0.0,1.0,0.0
5,170,8.604635460281271,8.669746447555468,0.0,0.0,1.0,1.0,0.0,0.0
6,170,3.4975509881759272,2.291916651015641,0.0,0.0,0.0,0.0,0.0,0.0
7,170,6.885946519878217,6.697558830131958,1.0,0.0,0.0,0.0,1.0,0.0
8,170,3.599814654265144,0.0,0.0,0.0,1.0,1.0,0.0,0.0
9,170,2.38952685653801,0.0,0.0,0.0,0.0,1.0,0.0,1.0
10,170,4.382852013336631,1.489995799567816,0.0,1.0,1.0,0.0,0.0,0.0
11,170,5.803004994124755,7.428938353911964,0.0,0.0,0.0,1.0,1.0,0.0
12,170,7.978822656285533,10.627484277598937,1.0,1.0,0.0,1.0,0.0,1.0
13,170,6.822551407379774,0.0,1.0,1.0,0.0,0.0,1.0,1.0
14,170,6.478580512895277,8.832233220594967,0.0,0.0,0.0,0.0,0.0,0.0
15,170,9.561015362032114,8.968700759262706,0.0,0.0,1.0,0.0,0.0,1.0
16,170,6.654533039183825,3.376285483770188,0.0,1.0,1.0,1.0,0.0,1.0
17,170,7.521902097053273,12.0,1.0,0.0,0.0,0.0,1.0,0.0
18,170,9.150231635487536,10.651580922027396,0.0,1.0,1.0,1.0,1.0,0.0
19,170,10.38958620392174,4.662915577539681,0.0,0.0,0.0,1.0,1.0,0.0
0,175,1.862305941910696,5.144536021546076,1.0,0.0,0.0,0.0,0.0,1.0
1,175,6.603030735336293,2.5647750775752622,0.0,1.0,0.0,0.0,1.0,1.0
2,175,8.662330325508862,9.98968817805586,1.0,0.0,1.0,1.0,1.0,1.0
3,175,6.2389604841029,10.432653295816868,0.0,0.0,1.0,1.0,0.0,1.0
4,175,9.211202868109122,7.819501017963437,0.0,0.0,0.0,0.0,1.0,0.0
5,175,8.608681233044406,8.6725855205435,0.0,0.0,1.0,1.0,0.0,0.0
6,175,3.5830640428554204,2.274866708463188,0.0,0.0,0.0,0.0,0.0,0.0
7,175,6.873295207416448,6.716860190869833,1.0,0.0,0.0,0.0,1.0,0.0
8,175,3.848057855297679,0.0,0.0,0.0,1.0,1.0,0.0,0.0
9,175,2.448434930438753,0.0,0.0,0.0,0.0,1.0,0.0,1.0
10,175,4.316181247710102,1.5424055293616603,0.0,1.0,1.0,0.0,0.0,0.0
11,175,5.93135488159052,7.385963026454255,0.0,0.0,0.0,1.0,1.0,0.0
12,175,7.953613718731734,10.56544465327357,1.0,1.0,0.0,1.0,0.0,1.0
13,175,6.888575582338144,0.0,1.0,1.0,0.0,0.0,1.0,1.0
14,175,6.4839922465863,8.831093536137145,0.0,0.0,0.0,0.0,0.0,0.0
15,175,9.535941948499644,8.965610023871712,0.0,0.0,1.0,0.0,0.0,1.0
16,175,6.639721143790179,3.429178843462146,0.0,1.0,1.0,1.0,0.0,1.0
17,175,7.471656938836376,12.0,1.0,0.0,0.0,0.0,1.0,0.0
18,175,9.165221610720335,10.68348891931286,0.0,1.0,1.0,1.0,1.0,0.0
19,175,10.369480514731157,4.675777692585326,0.0,0.0,0.0,1.0,1.0,0.0
0,180,1.856782268138889,5.0852047123436535,1.0,0.0,0.0,0.0,0.0,1.0
1,180,6.596161570638775,2.5521644788702718,0.0,1.0,0.0,0.0,1.0,1.0
2,180,8.763895419148284,10.04136020748986,1.0,0.0,1.0,1.0,1.0,1.0
3,180,6.377968404762843,10.51324635008107,0.0,0.0,1.0,1.0,0.0,1.0
4,180,9.387951210384903,7.699246496945277,0.0,0.0,0.0,0.0,1.0,0.0
5,180,8.62359268199485,8.68291684501405,0.0,0.0,1.0,1.0,0.0,0.0
6,180,3.667536620967478,2.25721672705281,0.0,0.0,0.0,0.0,0.0,0.0
7,180,6.852034102182314,6.749279882378432,1.0,0.0,0.0,0.0,1.0,0.0
8,180,4.067005145841734,0.0022728267341994,0.0,0.0,1.0,1.0,0.0,0.0
9,180,2.5078469290592524,0.0,0.0,0.0,0.0,1.0,0.0,1.0
10,180,4.259406710249535,1.587509899864904,0.0,1.0,1.0,0.0,0.0,0.0
11,180,6.06129784216957,7.343183535696304,0.0,0.0,0.0,1.0,1.0,0.0
12,180,7.927435536774261,10.50415493834845,1.0,1.0,0.0,1.0,0.0,1.0
13,180,6.958646365341923,0.0,1.0,1.0,0.0,0.0,1.0,1.0
14,180,6.49968818555653,8.827389818574735,0.0,0.0,0.0,0.0,0.0,0.0
15,180,9.510387438997656,8.962137827437116,0.0,0.0,1.0,0.0,0.0,1.0
16,180,6.625789451850747,3.481828859784346,0.0,1.0,1.0,1.0,0.0,1.0
17,180,7.431424145228465,12.0,1.0,0.0,0.0,0.0,1.0,0.0
18,180,9.183033652117352,10.720722334914347,0.0,1.0,1.0,1.0,1.0,0.0
19,180,10.33994194658071,4.6940438964400135,0.0,0.0,0.0,1.0,1.0,0.0
0,185,1.8490965409880604,5.012017572626228,1.0,0.0,0.0,0.0,0.0,1.0
1,185,6.603478178622094,2.5660866084716463,0.0,1.0,0.0,0.0,1.0,1.0
2,185,8.864773378728033,10.092015646323938,1.0,0.0,1.0,1.0,1.0,1.0
3,185,6.533696035698034,10.603471916712303,0.0,0.0,1.0,1.0,0.0,1.0
4,185,9.581005474126007,7.569224574217019,0.0,0.0,0.0,0.0,1.0,0.0
5,185,8.632987306593911,8.689539169843814,0.0,0.0,1.0,1.0,0.0,0.0
6,185,3.7526108433727496,2.239796224928366,0.0,0.0,0.0,0.0,0.0,0.0
7,185,6.825178693917253,6.792063886191082,1.0,0.0,0.0,0.0,1.0,0.0
8,185,4.065942615772596,0.216533495806061,0.0,0.0,1.0,1.0,0.0,0.0
9,185,2.5629987271945924,0.0,0.0,0.0,0.0,1.0,0.0,1.0
10,185,4.18834089401211,1.6466186040528703,0.0,1.0,1.0,0.0,0.0,0.0
11,185,6.192837350007455,7.300097282681064,0.0,0.0,0.0,1.0,1.0,0.0
12,185,7.903021060888093,10.447263983633666,1.0,1.0,0.0,1.0,0.0,1.0
13,185,7.028309667904606,0.0,1.0,1.0,0.0,0.0,1.0,1.0
14,185,6.539000032557151,8.818662348485322,0.0,0.0,0.0,0.0,0.0,0.0
15,185,9.478476142184066,8.957702534314969,0.0,0.0,1.0,0.0,0.0,1.0
16,185,6.60877836187413,3.543961646227145,0.0,1.0,1.0,1.0,0.0,1.0
17,185,7.365360613303142,12.0,1.0,0.0,0.0,0.0,1.0,0.0
18,185,9.203121907838009,10.76791287332771,0.0,1.0,1.0,1.0,1.0,0.0
19,185,10.31693122072833,4.708008667354433,0.0,0.0,0.0,1.0,1.0,0.0
0,190,1.841313540646714,4.940557175316899,1.0,0.0,0.0,0.0,0.0,1.0
1,190,6.602306028229638,2.5640113738229737,0.0,1.0,0.0,0.0,1.0,1.0
2,190,8.957408058956265,10.140523200726792,1.0,0.0,1.0,1.0,1.0,1.0
3,190,6.695190017768399,10.700232284772843,0.0,0.0,1.0,1.0,0.0,1.0
4,190,9.76771848067518,7.445324730468367,0.0,0.0,0.0,0.0,1.0,0.0
5,190,8.647487642458,8.699700339247922,0.0,0.0,1.0,1.0,0.0,0.0
6,190,3.837725248328377,2.2262167479676567,0.0,0.0,0.0,0.0,0.0,0.0
7,190,6.793945152095514,6.840386110736026,1.0,0.0,0.0,0.0,1.0,0.0
8,190,4.062687588663244,0.4237814636567811,0.0,0.0,1.0,1.0,0.0,0.0
9,190,2.6171077662198377,0.0,0.0,0.0,0.0,1.0,0.0,1.0
10,190,4.1126208433956535,1.705127977265316,0.0,1.0,1.0,0.0,0.0,0.0
11,190,6.344154059993859,7.249322419823214,0.0,0.0,0.0,1.0,1.0,0.0
12,190,7.880196336463119,10.392640075934498,1.0,1.0,0.0,1.0,0.0,1.0
13,190,7.112923393176135,0.0,1.0,1.0,0.0,0.0,1.0,1.0
14,190,6.596495742760082,8.805997163542381,0.0,0.0,0.0,0.0,0.0,0.0
15,190,9.449157215737342,8.953280923336361,0.0,0.0,1.0,0.0,0.0,1.0
16,190,6.588368587461494,3.6276478105071694,0.0,1.0,1.0,1.0,0.0,1.0
17,190,7.306810494614057,12.0,1.0,0.0,0.0,0.0,1.0,0.0
18,190,9.225494233915908,10.816009811157102,0.0,1.0,1.0,1.0,1.0,0.0
19,190,10.306244823720814,4.714618674969897,0.0,0.0,0.0,1.0,1.0,0.0
0,195,1.832966120401224,4.868152543358898,1.0,0.0,0.0,0.0,0.0,1.0
1,195,6.608533798573022,2.5750468686672,0.0,1.0,0.0,0.0,1.0,1.0
2,195,9.0752153402023,10.203680516928213,1.0,0.0,1.0,1.0,1.0,1.0
3,195,6.869497992006273,10.799491790224266,0.0,0.0,1.0,1.0,0.0,1.0
4,195,9.952693348378162,7.315742025552248,0.0,0.0,0.0,0.0,1.0,0.0
5,195,8.672168877279502,8.717334159517744,0.0,0.0,1.0,1.0,0.0,0.0
6,195,3.922947498328657,2.216030056987075,0.0,0.0,0.0,0.0,0.0,0.0
7,195,6.75496506605827,6.903824094371889,1.0,0.0,0.0,0.0,1.0,0.0
8,195,4.056179310207757,0.6256737213877637,0.0,0.0,1.0,1.0,0.0,0.0
9,195,2.669425004770247,0.0,0.0,0.0,0.0,1.0,0.0,1.0
10,195,4.061518683971194,1.639182905282888,0.0,1.0,1.0,0.0,0.0,0.0
11,195,6.506884889170792,7.195663554152214,0.0,0.0,0.0,1.0,1.0,0.0
12,195,7.86740437223663,10.361124546764806,1.0,1.0,0.0,1.0,0.0,1.0
13,195,7.202577827965664,0.0,1.0,1.0,0.0,0.0,1.0,1.0
14,195,6.647228908092279,8.793905121137442,0.0,0.0,0.0,0.0,0.0,0.0
15,195,9.41756024636659,8.947856079815507,0.0,0.0,1.0,0.0,0.0,1.0
16,195,6.570327469725549,3.7061978093476737,0.0,1.0,1.0,1.0,0.0,1.0
17,195,7.251545867802939,12.0,1.0,0.0,0.0,0.0,1.0,0.0
18,195,9.250026764216514,10.869495974057925,0.0,1.0,1.0,1.0,1.0,0.0
19,195,10.283250278258468,4.728847870082478,0.0,0.0,0.0,1.0,1.0,0.0
0,200,1.824287071177585,4.798129091250536,1.0,0.0,0.0,0.0,0.0,1.0
1,200,6.604781969689849,2.5688578048340296,0.0,1.0,0.0,0.0,1.0,1.0
2,200,9.196143475753544,10.268965825778992,1.0,0.0,1.0,1.0,1.0,1.0
3,200,7.051922481260284,10.909753409685438,0.0,0.0,1.0,1.0,0.0,1.0
4,200,10.142740344567445,7.180594483823471,0.0,0.0,0.0,0.0,1.0,0.0
5,200,8.699261688816858,8.736649646934733,0.0,0.0,1.0,1.0,0.0,0.0
6,200,4.000308627902997,2.2045751451421194,0.0,0.0,0.0,0.0,0.0,0.0
7,200,6.704648547032032,6.985625035727814,1.0,0.0,0.0,0.0,1.0,0.0
8,200,4.050261459566873,0.8205286907211624,0.0,0.0,1.0,1.0,0.0,0.0
9,200,2.725828133747053,0.0,0.0,0.0,0.0,1.0,0.0,1.0
10,200,4.006149374555348,1.5655691746148448,0.0,1.0,1.0,0.0,0.0,0.0
11,200,6.675644049624204,7.141353658857775,0.0,0.0,0.0,1.0,1.0,0.0
12,200,7.861258113241226,10.346515802453547,1.0,1.0,0.0,1.0,0.0,1.0
13,200,7.303209864264779,0.0,1.0,1.0,0.0,0.0,1.0,1.0
14,200,6.715084046931128,8.777535528319591,0.0,0.0,0.0,0.0,0.0,0.0
15,200,9.398347121974243,8.944423566494514,0.0,0.0,1.0,0.0,0.0,1.0
16,200,6.55748220058139,3.76128357937174,0.0,1.0,1.0,1.0,0.0,1.0
17,200,7.1947184080009245,12.0,1.0,0.0,0.0,0.0,1.0,0.0
18,200,9.26549227039786,10.904563599024874,0.0,1.0,1.0,1.0,1.0,0.0
19,200,10.26267881534138,4.74261902053117,0.0,0.0,0.0,1.0,1.0,0.0
0,205,1.817161963563023,4.744653920671951,1.0,0.0,0.0,0.0,0.0,1.0
1,205,6.587843502131054,2.5423397207689287,0.0,1.0,0.0,0.0,1.0,1.0
2,205,9.323811927657047,10.33965662259184,1.0,0.0,1.0,1.0,1.0,1.0
3,205,7.19802089801483,10.998468444023665,0.0,0.0,1.0,1.0,0.0,1.0
4,205,10.32322863438784,7.05057514367572,0.0,0.0,0.0,0.0,1.0,0.0
5,205,8.71919379324722,8.751708953406183,0.0,0.0,1.0,1.0,0.0,0.0
6,205,4.069583597219389,2.196233355678773,0.0,0.0,0.0,0.0,0.0,0.0
7,205,6.640598839011511,7.090469945728508,1.0,0.0,0.0,0.0,1.0,0.0
8,205,4.047880920133563,1.013569177924765,0.0,0.0,1.0,1.0,0.0,0.0
9,205,2.780215266580688,0.0,0.0,0.0,0.0,1.0,0.0,1.0
10,205,3.947356934272604,1.4863416078316758,0.0,1.0,1.0,0.0,0.0,0.0
11,205,6.831232141136746,7.093715361033329,0.0,0.0,0.0,1.0,1.0,0.0
12,205,7.858133751320244,10.339471418601857,1.0,1.0,0.0,1.0,0.0,1.0
13,205,7.397875035902475,0.0,1.0,1.0,0.0,0.0,1.0,1.0
14,205,6.7896372728145,8.760496570216956,0.0,0.0,0.0,0.0,0.0,0.0
15,205,9.399271429280406,8.944568760755791,0.0,0.0,1.0,0.0,0.0,1.0
16,205,6.544801722459411,3.8163958924189,0.0,1.0,1.0,1.0,0.0,1.0
17,205,7.141951138258892,12.0,1.0,0.0,0.0,0.0,1.0,0.0
18,205,9.283283125125443,10.941423730021816,0.0,1.0,1.0,1.0,1.0,0.0
19,205,10.22180636686289,4.770912222129889,0.0,0.0,0.0,1.0,1.0,0.0
0,210,1.81011520265929,4.6931102041564685,1.0,0.0,0.0,0.0,0.0,1.0
1,210,6.5700102882821065,2.514207368700154,0.0,1.0,0.0,0.0,1.0,1.0
2,210,9.452556592738256,10.415207234354588,1.0,0.0,1.0,1.0,1.0,1.0
3,210,7.351909399443925,11.094530112773713,0.0,0.0,1.0,1.0,0.0,1.0
4,210,10.512912025915632,6.920546717053057,0.0,0.0,0.0,0.0,1.0,0.0
5,210,8.73604964493829,8.764260038163957,0.0,0.0,1.0,1.0,0.0,0.0
6,210,4.1351796437169694,2.1874165117434377,0.0,0.0,0.0,0.0,0.0,0.0
7,210,6.571048655816287,7.202307707525293,1.0,0.0,0.0,0.0,1.0,0.0
8,210,4.0420632825112754,1.198386185535334,0.0,0.0,1.0,1.0,0.0,0.0
9,210,2.8319278082047874,0.0,0.0,0.0,0.0,1.0,0.0,1.0
10,210,3.8947711199143513,1.417048750665871,0.0,1.0,1.0,0.0,0.0,0.0
11,210,6.984495722725672,7.050528436859052,0.0,0.0,0.0,1.0,1.0,0.0
12,210,7.862623414364244,10.349605593645126,1.0,1.0,0.0,1.0,0.0,1.0
13,210,7.497762489369209,0.0,1.0,1.0,0.0,0.0,1.0,1.0
14,210,6.769001673071326,8.676669916154838,0.0,0.0,0.0,0.0,0.0,0.0
15,210,9.421150866247672,8.948472503419529,0.0,0.0,1.0,0.0,0.0,1.0
16,210,6.530465607243615,3.878516514494355,0.0,1.0,1.0,1.0,0.0,1.0
17,210,7.084669145503861,12.0,1.0,0.0,0.0,0.0,1.0,0.0
18,210,9.29961576680667,10.975258481384,0.0,1.0,1.0,1.0,1.0,0.0
19,210,10.19385861240828,4.790522836829623,0.0,0.0,0.0,1.0,1.0,0.0
0,215,1.8022304853064368,4.637637310224528,1.0,0.0,0.0,0.0,0.0,1.0
1,215,6.5547323205148,2.4896288467354832,0.0,1.0,0.0,0.0,1.0,1.0
2,215,9.596756893262253,10.494895098094922,1.0,0.0,1.0,1.0,1.0,1.0
3,215,7.504548481455182,11.19000601372152,0.0,0.0,1.0,1.0,0.0,1.0
4,215,10.696855494689467,6.796664195402238,0.0,0.0,0.0,0.0,1.0,0.0
5,215,8.74999962144278,8.774806608817887,0.0,0.0,1.0,1.0,0.0,0.0
6,215,4.1988512580968935,2.1795796965729237,0.0,0.0,0.0,0.0,0.0,0.0
7,215,6.512805603207051,7.30107255102332,1.0,0.0,0.0,0.0,1.0,0.0
8,215,4.0330370026858375,1.3907118362826774,0.0,0.0,1.0,1.0,0.0,0.0
9,215,2.8841864607230447,0.0,0.0,0.0,0.0,1.0,0.0,1.0
10,215,3.845290543102775,1.3513213015426582,0.0,1.0,1.0,0.0,0.0,0.0
11,215,7.1396878971980255,7.008072848399786,0.0,0.0,0.0,1.0,1.0,0.0
12,215,7.862934785697731,10.350310798324204,1.0,1.0,0.0,1.0,0.0,1.0
13,215,7.598438422534253,0.0,1.0,1.0,0.0,0.0,1.0,1.0
14,215,6.737742158586906,8.560998006319444,0.0,0.0,0.0,0.0,0.0,0.0
15,215,9.429807827449322,8.949851841000255,0.0,0.0,1.0,0.0,0.0,1.0
16,215,6.514523883144514,3.954934209836978,0.0,1.0,1.0,1.0,0.0,1.0
17,215,7.022817208375005,12.0,1.0,0.0,0.0,0.0,1.0,0.0
18,215,9.307678533377189,10.992494116874042,0.0,1.0,1.0,1.0,1.0,0.0
19,215,10.137449015835646,4.830281874462458,0.0,0.0,0.0,1.0,1.0,0.0
0,220,1.7965811662524136,4.590656353804134,1.0,0.0,0.0,0.0,0.0,1.0
1,220,6.541847977568372,2.4692294623740185,0.0,1.0,0.0,0.0,1.0,1.0
2,220,9.72626317334604,10.56508137771898,1.0,0.0,1.0,1.0,1.0,1.0
3,220,7.649543134956771,11.282868965620413,0.0,0.0,1.0,1.0,0.0,1.0
4,220,10.871840248926215,6.6848099081191865,0.0,0.0,0.0,0.0,1.0,0.0
5,220,8.785881202515066,8.802343207215998,0.0,0.0,1.0,1.0,0.0,0.0
6,220,4.270247831460201,2.1701200349406977,0.0,0.0,0.0,0.0,0.0,0.0
7,220,6.452049152861118,7.408285779704202,1.0,0.0,0.0,0.0,1.0,0.0
8,220,4.019788688585913,1.5776763812497263,0.0,0.0,1.0,1.0,0.0,0.0
9,220,2.942480091987502,0.0,0.0,0.0,0.0,1.0,0.0,1.0
10,220,3.8016889869512567,1.2925948106516734,0.0,1.0,1.0,0.0,0.0,0.0
11,220,7.300917504897007,6.964237960013598,0.0,0.0,0.0,1.0,1.0,0.0
12,220,7.86512311888256,10.355619496598756,1.0,1.0,0.0,1.0,0.0,1.0
13,220,7.685179064808982,0.0,1.0,1.0,0.0,0.0,1.0,1.0
14,220,6.7098029895223945,8.458414717752884,0.0,0.0,0.0,0.0,0.0,0.0
15,220,9.426971239826848,8.94945016181026,0.0,0.0,1.0,0.0,0.0,1.0
16,220,6.496604351362085,4.0375414708125765,0.0,1.0,1.0,1.0,0.0,1.0
17,220,6.958074868394371,12.0,1.0,0.0,0.0,0.0,1.0,0.0
18,220,9.311840704854264,11.001743569463684,0.0,1.0,1.0,1.0,1.0,0.0
19,220,10.07745958389332,4.872185485999569,0.0,0.0,0.0,1.0,1.0,0.0
0,225,1.7916121463684385,4.544046388575521,1.0,0.0,0.0,0.0,0.0,1.0
1,225,6.52308853802306,2.4403575528764128,0.0,1.0,0.0,0.0,1.0,1.0
2,225,9.863671982327256,10.639231603918876,1.0,0.0,1.0,1.0,1.0,1.0
3,225,7.788901826931253,11.37177348788881,0.0,0.0,1.0,1.0,0.0,1.0
4,225,11.031699519291209,6.585299713892,0.0,0.0,0.0,0.0,1.0,0.0
5,225,8.835945300032328,8.839785785195708,0.0,0.0,1.0,1.0,0.0,0.0
6,225,4.359807769858766,2.157728548758993,0.0,0.0,0.0,0.0,0.0,0.0
7,225,6.392341381765227,7.51329202138725,1.0,0.0,0.0,0.0,1.0,0.0
8,225,4.004312317465012,1.760580620893938,0.0,0.0,1.0,1.0,0.0,0.0
9,225,2.999668663742503,0.0,0.0,0.0,0.0,1.0,0.0,1.0
10,225,3.766492182911105,1.2422667263583778,0.0,1.0,1.0,0.0,0.0,0.0
11,225,7.4425433521709,6.925521692633194,0.0,0.0,0.0,1.0,1.0,0.0
12,225,7.8636874759140225,10.351811696767504,1.0,1.0,0.0,1.0,0.0,1.0
13,225,7.775756339408814,0.0,1.0,1.0,0.0,0.0,1.0,1.0
14,225,6.683907103030903,8.35968569730077,0.0,0.0,0.0,0.0,0.0,0.0
15,225,9.422454818747203,8.948865356119814,0.0,0.0,1.0,0.0,0.0,1.0
16,225,6.478206417210992,4.120714264644416,0.0,1.0,1.0,1.0,0.0,1.0
17,225,6.888156441597959,12.0,1.0,0.0,0.0,0.0,1.0,0.0
18,225,9.312909735255891,11.004072621773345,0.0,1.0,1.0,1.0,1.0,0.0
19,225,10.01352232899909,4.91437390538734,0.0,0.0,0.0,1.0,1.0,0.0
0,230,1.7842478908953767,4.468512742458215,1.0,0.0,0.0,0.0,0.0,1.0
1,230,6.494471067316345,2.3968552793905338,0.0,1.0,0.0,0.0,1.0,1.0
2,230,9.999542188153672,10.7147602215777,1.0,0.0,1.0,1.0,1.0,1.0
3,230,7.938438792132106,11.46854424291494,0.0,0.0,1.0,1.0,0.0,1.0
4,230,11.19213482126736,6.4798777122102384,0.0,0.0,0.0,0.0,1.0,0.0
5,230,8.892016959278315,8.882635520422587,0.0,0.0,1.0,1.0,0.0,0.0
6,230,4.462281401471012,2.143582566564384,0.0,0.0,0.0,0.0,0.0,0.0
7,230,6.330605388344288,7.619146445921267,1.0,0.0,0.0,0.0,1.0,0.0
8,230,3.99221785359599,1.9241796468188268,0.0,0.0,1.0,1.0,0.0,0.0
9,230,3.062296442370168,0.0,0.0,0.0,0.0,1.0,0.0,1.0
10,230,3.732233874005636,1.1920520989013266,0.0,1.0,1.0,0.0,0.0,0.0
11,230,7.575087316243283,6.888322373888246,0.0,0.0,0.0,1.0,1.0,0.0
12,230,7.86446978467238,10.35368169286949,1.0,1.0,0.0,1.0,0.0,1.0
13,230,7.86000334325224,0.0,1.0,1.0,0.0,0.0,1.0,1.0
14,230,6.66067188684158,8.264707040265435,0.0,0.0,0.0,0.0,0.0,0.0
15,230,9.427770663945124,8.949611396114593,0.0,0.0,1.0,0.0,0.0,1.0
16,230,6.458835654089656,4.209722965389152,0.0,1.0,1.0,1.0,0.0,1.0
17,230,6.813395355386739,12.0,1.0,0.0,0.0,0.0,1.0,0.0
18,230,9.302783055579273,10.98297269907344,0.0,1.0,1.0,1.0,1.0,0.0
19,230,9.954423912810949,4.953861364692971,0.0,0.0,0.0,1.0,1.0,0.0
0,235,1.7764186455965352,4.391684094632827,1.0,0.0,0.0,0.0,0.0,1.0
1,235,6.475098111697029,2.367110623137994,0.0,1.0,0.0,0.0,1.0,1.0
2,235,10.132410582956636,10.783621552417658,1.0,0.0,1.0,1.0,1.0,1.0
3,235,8.08322780872608,11.55377297620209,0.0,0.0,1.0,1.0,0.0,1.0
4,235,11.362573471202683,6.37339221135369,0.0,0.0,0.0,0.0,1.0,0.0
5,235,8.943691054266905,8.923576876807804,0.0,0.0,1.0,1.0,0.0,0.0
6,235,4.550850987718622,2.1324768926896103,0.0,0.0,0.0,0.0,0.0,0.0
7,235,6.2681415659350055,7.729051560120085,1.0,0.0,0.0,0.0,1.0,0.0
8,235,3.976743440744451,2.084504986978519,0.0,0.0,1.0,1.0,0.0,0.0
9,235,3.1242177730604204,0.0,0.0,0.0,0.0,1.0,0.0,1.0
10,235,3.697044622879767,1.1388133314255997,0.0,1.0,1.0,0.0,0.0,0.0
11,235,7.701810486424234,6.851527677364548,0.0,0.0,0.0,1.0,1.0,0.0
12,235,7.869328242251023,10.365601279064968,1.0,1.0,0.0,1.0,0.0,1.0
13,235,7.978691053258544,0.074848945551975,1.0,1.0,0.0,0.0,1.0,1.0
14,235,6.642423301620426,8.180018462886183,0.0,0.0,0.0,0.0,0.0,0.0
15,235,9.422109407729502,8.948706155481231,0.0,0.0,1.0,0.0,0.0,1.0
16,235,6.443102736314319,4.287373873069707,0.0,1.0,1.0,1.0,0.0,1.0
17,235,6.741499578910233,12.0,1.0,0.0,0.0,0.0,1.0,0.0
18,235,9.302233182881478,10.981873194892067,0.0,1.0,1.0,1.0,1.0,0.0
19,235,9.879755643908457,5.004947592801844,0.0,0.0,0.0,1.0,1.0,0.0
0,240,1.7681888136757424,4.299848185474617,1.0,0.0,0.0,0.0,0.0,1.0
1,240,6.4550831449284924,2.334732668186073,0.0,1.0,0.0,0.0,1.0,1.0
2,240,10.248803598680258,10.839690667913148,1.0,0.0,1.0,1.0,1.0,1.0
3,240,8.228245965371798,11.640414928451529,0.0,0.0,1.0,1.0,0.0,1.0
4,240,11.52039783129162,6.280149722814006,0.0,0.0,0.0,0.0,1.0,0.0
5,240,9.023920501319802,8.9875277477902,0.0,0.0,1.0,1.0,0.0,0.0
6,240,4.643221425022008,2.120696925913013,0.0,0.0,0.0,0.0,0.0,0.0
7,240,6.20310136589986,7.845459097154078,1.0,0.0,0.0,0.0,1.0,0.0
8,240,3.961577908481152,2.2428210909159696,0.0,0.0,1.0,1.0,0.0,0.0
9,240,3.187633887095211,0.0,0.0,0.0,0.0,1.0,0.0,1.0
10,240,3.654545520132911,1.075836184217926,0.0,1.0,1.0,0.0,0.0,0.0
11,240,7.8300792039604925,6.812022563917116,0.0,0.0,0.0,1.0,1.0,0.0
12,240,7.865932333021563,10.357414865948437,1.0,1.0,0.0,1.0,0.0,1.0
13,240,8.099339652235438,0.1501147737012809,1.0,1.0,0.0,0.0,1.0,1.0
14,240,6.625702310769355,8.093681487416287,0.0,0.0,0.0,0.0,0.0,0.0
15,240,9.421879486450536,8.948671120676524,0.0,0.0,1.0,0.0,0.0,1.0
16,240,6.425322043034366,4.381295648936089,0.0,1.0,1.0,1.0,0.0,1.0
17,240,6.669681389620441,12.0,1.0,0.0,0.0,0.0,1.0,0.0
18,240,9.30016500210231,10.977395526472868,0.0,1.0,1.0,1.0,1.0,0.0
19,240,9.80753497721778,5.05362604893126,0.0,0.0,0.0,1.0,1.0,0.0
0,245,1.764164187673435,4.2194898578050175,1.0,0.0,0.0,0.0,0.0,1.0
1,245,6.441349540489378,2.312463594707141,0.0,1.0,0.0,0.0,1.0,1.0
2,245,10.372784273712265,10.896524756816676,1.0,0.0,1.0,1.0,1.0,1.0
3,245,8.386013953006437,11.732766123759284,0.0,0.0,1.0,1.0,0.0,1.0
4,245,11.677937662857389,6.190326301040312,0.0,0.0,0.0,0.0,1.0,0.0
5,245,9.101713688572284,9.05377586885865,0.0,0.0,1.0,1.0,0.0,0.0
6,245,4.760553967563038,2.107603302845351,0.0,0.0,0.0,0.0,0.0,0.0
7,245,6.14753312444516,7.94231343400834,1.0,0.0,0.0,0.0,1.0,0.0
8,245,3.947038329071301,2.394622943307669,0.0,0.0,1.0,1.0,0.0,0.0
9,245,3.2576805288055057,0.0,0.0,0.0,0.0,1.0,0.0,1.0
10,245,3.6109396321297766,1.012905168134965,0.0,1.0,1.0,0.0,0.0,0.0
11,245,7.984625979033384,6.762639253584429,0.0,0.0,0.0,1.0,1.0,0.0
12,245,7.862568656478751,10.349842290924697,1.0,1.0,0.0,1.0,0.0,1.0
13,245,8.200108325946218,0.2110441713388402,1.0,1.0,0.0,0.0,1.0,1.0
14,245,6.606044096841164,7.996519215727264,0.0,0.0,0.0,0.0,0.0,0.0
15,245,9.410543798118258,8.94715766717783,0.0,0.0,1.0,0.0,0.0,1.0
16,245,6.405748150171212,4.475810622254559,0.0,1.0,1.0,1.0,0.0,1.0
17,245,6.613353169730699,12.0,1.0,0.0,0.0,0.0,1.0,0.0
18,245,9.30136302745334,10.980016486616252,0.0,1.0,1.0,1.0,1.0,0.0
19,245,9.747582514508194,5.095552631129798,0.0,0.0,0.0,1.0,1.0,0.0
0,250,1.7599149642886824,4.144985194665796,1.0,0.0,0.0,0.0,0.0,1.0
1,250,6.429029518318592,2.29202450618158,0.0,1.0,0.0,0.0,1.0,1.0
2,250,10.51519415262445,10.960157304094098,1.0,0.0,1.0,1.0,1.0,1.0
3,250,8.538659431349895,11.826345115884504,0.0,0.0,1.0,1.0,0.0,1.0
4,250,11.82927639210743,6.100142620644804,0.0,0.0,0.0,0.0,1.0,0.0
5,250,9.172381649948498,9.112430008047804,0.0,0.0,1.0,1.0,0.0,0.0
6,250,4.886687764265569,2.0943628572892963,0.0,0.0,0.0,0.0,0.0,0.0
7,250,6.09917859629765,8.024535057641394,1.0,0.0,0.0,0.0,1.0,0.0
8,250,3.932200772388776,2.5429668141526114,0.0,0.0,1.0,1.0,0.0,0.0
9,250,3.3294740035989885,0.0,0.0,0.0,0.0,1.0,0.0,1.0
10,250,3.5758183929364344,0.9614855044637955,0.0,1.0,1.0,0.0,0.0,0.0
11,250,8.162119105805946,6.707088361033887,0.0,0.0,0.0,1.0,1.0,0.0
12,250,7.863201502095467,10.351301551831712,1.0,1.0,0.0,1.0,0.0,1.0
13,250,8.334549733793592,0.2914707910315374,1.0,1.0,0.0,0.0,1.0,1.0
14,250,6.58635753975196,7.889775268184679,0.0,0.0,0.0,0.0,0.0,0.0
15,250,9.409766924951072,8.947053641060485,0.0,0.0,1.0,0.0,0.0,1.0
16,250,6.385956801823731,4.573845619566648,0.0,1.0,1.0,1.0,0.0,1.0
17,250,6.543814542286021,12.0,1.0,0.0,0.0,0.0,1.0,0.0
18,250,9.299522236228064,10.975651443886155,0.0,1.0,1.0,1.0,1.0,0.0
19,250,9.67627039542977,5.144115950413877,0.0,0.0,0.0,1.0,1.0,0.0
0,255,1.7571306522275112,4.0712028789736925,1.0,0.0,0.0,0.0,0.0,1.0
1,255,6.427920838074948,2.290091917578854,0.0,1.0,0.0,0.0,1.0,1.0
2,255,10.664130261905942,11.03041051328868,1.0,0.0,1.0,1.0,1.0,1.0
3,255,8.693949067944823,11.9167962065254,0.0,0.0,1.0,1.0,0.0,1.0
4,255,11.99720038195983,6.002005171357484,0.0,0.0,0.0,0.0,1.0,0.0
5,255,9.243466670376955,9.16789475225638,0.0,0.0,1.0,1.0,0.0,0.0
6,255,5.017455082605824,2.07621302985791,0.0,0.0,0.0,0.0,0.0,0.0
7,255,6.047305335091704,8.111557851807627,1.0,0.0,0.0,0.0,1.0,0.0
8,255,3.920077035693249,2.6969630087326,0.0,0.0,1.0,1.0,0.0,0.0
9,255,3.4069634640607966,0.0,0.0,0.0,0.0,1.0,0.0,1.0
10,255,3.543667827103912,0.9128346973264472,0.0,1.0,1.0,0.0,0.0,0.0
11,255,8.321514846353967,6.656693921163408,0.0,0.0,0.0,1.0,1.0,0.0
12,255,7.85957631304088,10.343036125285185,1.0,1.0,0.0,1.0,0.0,1.0
13,255,8.47070045483454,0.3755788296264,1.0,1.0,0.0,0.0,1.0,1.0
14,255,6.572616247864291,7.824564672808816,0.0,0.0,0.0,0.0,0.0,0.0
15,255,9.428568933487153,8.949372721479493,0.0,0.0,1.0,0.0,0.0,1.0
16,255,6.367499779703234,4.676244770337394,0.0,1.0,1.0,1.0,0.0,1.0
17,255,6.478514161315207,12.0,1.0,0.0,0.0,0.0,1.0,0.0
18,255,9.289089302654066,10.951620651465827,0.0,1.0,1.0,1.0,1.0,0.0
19,255,9.58961486463005,5.201153840120762,0.0,0.0,0.0,1.0,1.0,0.0
0,260,1.7514864618221198,3.9664391251784736,1.0,0.0,0.0,0.0,0.0,1.0
1,260,6.429799772529615,2.293469215778155,0.0,1.0,0.0,0.0,1.0,1.0
2,260,10.816923825341972,11.107965610697857,1.0,0.0,1.0,1.0,1.0,1.0
3,260,8.892035186866819,12.0,0.0,0.0,1.0,1.0,0.0,1.0
4,260,12.0,5.916698436698423,0.0,0.0,0.0,0.0,1.0,0.0
5,260,9.314675765233869,9.223793071592892,0.0,0.0,1.0,1.0,0.0,0.0
6,260,5.142993468829313,2.061509429818736,0.0,0.0,0.0,0.0,0.0,0.0
7,260,5.993852695569126,8.197720062433886,1.0,0.0,0.0,0.0,1.0,0.0
8,260,3.9026136389005166,2.8386681103508797,0.0,0.0,1.0,1.0,0.0,0.0
9,260,3.480291894915998,0.0,0.0,0.0,0.0,1.0,0.0,1.0
10,260,3.5240970286175592,0.8839443224167142,0.0,1.0,1.0,0.0,0.0,0.0
11,260,8.489721346171072,6.604061633251969,0.0,0.0,0.0,1.0,1.0,0.0
12,260,7.857233836056055,10.337922531665264,1.0,1.0,0.0,1.0,0.0,1.0
13,260,8.60803603892405,0.4605371058734451,1.0,1.0,0.0,0.0,1.0,1.0
14,260,6.562900996816137,7.776016865463021,0.0,0.0,0.0,0.0,0.0,0.0
15,260,9.425449559906966,8.949107393281412,0.0,0.0,1.0,0.0,0.0,1.0
16,260,6.348198791205128,4.780568876559251,0.0,1.0,1.0,1.0,0.0,1.0
17,260,6.421203222877819,12.0,1.0,0.0,0.0,0.0,1.0,0.0
18,260,9.277095698974136,10.923982737785236,0.0,1.0,1.0,1.0,1.0,0.0
19,260,9.514057527257506,5.2489368018646045,0.0,0.0,0.0,1.0,1.0,0.0
0,265,1.7467342694157186,3.865436057349062,1.0,0.0,0.0,0.0,0.0,1.0
1,265,6.438562680311097,2.3090128939111185,0.0,1.0,0.0,0.0,1.0,1.0
2,265,10.964480146304048,11.189297253045684,1.0,0.0,1.0,1.0,1.0,1.0
3,265,9.1140014602187,12.0,0.0,0.0,1.0,1.0,0.0,1.0
4,265,12.0,5.842822667591177,0.0,0.0,0.0,0.0,1.0,0.0
5,265,9.376225709362146,9.271133774715254,0.0,0.0,1.0,1.0,0.0,0.0
6,265,5.275488013611597,2.047829341808524,0.0,0.0,0.0,0.0,0.0,0.0
7,265,5.945861857770128,8.274849575070059,1.0,0.0,0.0,0.0,1.0,0.0
8,265,3.8840053717314578,2.977109069987463,0.0,0.0,1.0,1.0,0.0,0.0
9,265,3.5494888196282046,0.0,0.0,0.0,0.0,1.0,0.0,1.0
10,265,3.4863654070240484,0.8294832563150177,0.0,1.0,1.0,0.0,0.0,0.0
11,265,8.66282294418221,6.551139509849877,0.0,0.0,0.0,1.0,1.0,0.0
12,265,7.85448761125759,10.33212063319938,1.0,1.0,0.0,1.0,0.0,1.0
13,265,8.751092623907658,0.5532013053259881,1.0,1.0,0.0,0.0,1.0,1.0
14,265,6.5548558325109685,7.731788781084282,0.0,0.0,0.0,0.0,0.0,0.0
15,265,9.400946198448889,8.94714757430123,0.0,0.0,1.0,0.0,0.0,1.0
16,265,6.32326193324618,4.903248781401175,0.0,1.0,1.0,1.0,0.0,1.0
17,265,6.3783412601421645,12.0,1.0,0.0,0.0,0.0,1.0,0.0
18,265,9.261767285344003,10.888780173897658,0.0,1.0,1.0,1.0,1.0,0.0
19,265,9.434248395732515,5.298815089688373,0.0,0.0,0.0,1.0,1.0,0.0
0,270,1.7414332906829495,3.7361401079705887,1.0,0.0,0.0,0.0,0.0,1.0
1,270,6.450323867127127,2.3314097393100086,0.0,1.0,0.0,0.0,1.0,1.0
2,270,11.09844379467996,11.26864280214376,1.0,0.0,1.0,1.0,1.0,1.0
3,270,9.312424949924797,12.0,0.0,0.0,1.0,1.0,0.0,1.0
4,270,12.0,5.777928870305183,0.0,0.0,0.0,0.0,1.0,0.0
5,270,9.443664552723405,9.322482074261275,0.0,0.0,1.0,1.0,0.0,0.0
6,270,5.422170801202914,2.032111049970813,0.0,0.0,0.0,0.0,0.0,0.0
7,270,5.892315151184481,8.3630826898155,1.0,0.0,0.0,0.0,1.0,0.0
8,270,3.868618312234148,3.088045141896054,0.0,0.0,1.0,1.0,0.0,0.0
9,270,3.610068171044941,0.0,0.0,0.0,0.0,1.0,0.0,1.0
10,270,3.448982547206093,0.7752867737376942,0.0,1.0,1.0,0.0,0.0,0.0
11,270,8.833485649492209,6.501855926912726,0.0,0.0,0.0,1.0,1.0,0.0
12,270,7.850671057474424,10.32381523788738,1.0,1.0,0.0,1.0,0.0,1.0
13,270,8.885014479138048,0.6400578633780014,1.0,1.0,0.0,0.0,1.0,1.0
14,270,6.548560142652248,7.696356878861556,0.0,0.0,0.0,0.0,0.0,0.0
15,270,9.37749343839318,8.944651892319513,0.0,0.0,1.0,0.0,0.0,1.0
16,270,6.291950641577999,5.041004637609243,0.0,1.0,1.0,1.0,0.0,1.0
17,270,6.325966624584456,12.0,1.0,0.0,0.0,0.0,1.0,0.0
18,270,9.244751576844465,10.846782814379932,0.0,1.0,1.0,1.0,1.0,0.0
19,270,9.344575434572125,5.354652414533063,0.0,0.0,0.0,1.0,1.0,0.0
0,275,1.7389113800313118,3.614121709778803,1.0,0.0,0.0,0.0,0.0,1.0
1,275,6.462200159149769,2.3534485918965378,0.0,1.0,0.0,0.0,1.0,1.0
2,275,11.211030652479078,11.33554648720866,1.0,0.0,1.0,1.0,1.0,1.0
3,275,9.515894720996185,12.0,0.0,0.0,1.0,1.0,0.0,1.0
4,275,12.0,5.720579595248008,0.0,0.0,0.0,0.0,1.0,0.0
5,275,9.516205793845806,9.376996409587006,0.0,0.0,1.0,1.0,0.0,0.0
6,275,5.584855293268657,2.012807359188408,0.0,0.0,0.0,0.0,0.0,0.0
7,275,5.837505917142559,8.453834946135757,1.0,0.0,0.0,0.0,1.0,0.0
8,275,3.852124963194127,3.2178051118633992,0.0,0.0,1.0,1.0,0.0,0.0
9,275,3.665017490896832,0.0,0.0,0.0,0.0,1.0,0.0,1.0
10,275,3.402794522013205,0.7106084001161491,0.0,1.0,1.0,0.0,0.0,0.0
11,275,8.997276801747503,6.453817158738151,0.0,0.0,0.0,1.0,1.0,0.0
12,275,7.851364770772684,10.32530633502368,1.0,1.0,0.0,1.0,0.0,1.0
13,275,9.030822129971146,0.7368129961429253,1.0,1.0,0.0,0.0,1.0,1.0
14,275,6.540376754186927,7.656172847116098,0.0,0.0,0.0,0.0,0.0,0.0
15,275,9.350027286297568,8.941381111256598,0.0,0.0,1.0,0.0,0.0,1.0
16,275,6.258401568528526,5.192837265717062,0.0,1.0,1.0,1.0,0.0,1.0
17,275,6.293129684384035,12.0,1.0,0.0,0.0,0.0,1.0,0.0
18,275,9.227035737509013,10.801761626489624,0.0,1.0,1.0,1.0,1.0,0.0
19,275,9.238479929412833,5.414244377989559,0.0,0.0,0.0,1.0,1.0,0.0
0,280,1.7364734109434967,3.515143245883491,1.0,0.0,0.0,0.0,0.0,1.0
1,280,6.4643461580176815,2.3573921825382063,0.0,1.0,0.0,0.0,1.0,1.0
2,280,11.31568033314146,11.40109731890304,1.0,0.0,1.0,1.0,1.0,1.0
3,280,9.740417415381714,12.0,0.0,0.0,1.0,1.0,0.0,1.0
4,280,12.0,5.658831180548418,0.0,0.0,0.0,0.0,1.0,0.0
5,280,9.5859998385441,9.426559800855276,0.0,0.0,1.0,1.0,0.0,0.0
6,280,5.757145442697944,1.9898622589169372,0.0,0.0,0.0,0.0,0.0,0.0
7,280,5.799758530222846,8.516157053102335,1.0,0.0,0.0,0.0,1.0,0.0
8,280,3.838236875543288,3.3485318108348405,0.0,0.0,1.0,1.0,0.0,0.0
9,280,3.724609293012205,0.0,0.0,0.0,0.0,1.0,0.0,1.0
10,280,3.355164065038801,0.6430441012771952,0.0,1.0,1.0,0.0,0.0,0.0
11,280,9.157381054424803,6.406955564451091,0.0,0.0,0.0,1.0,1.0,0.0
12,280,7.849678507081751,10.321623206474548,1.0,1.0,0.0,1.0,0.0,1.0
13,280,9.157812715452907,0.8216676706732924,1.0,1.0,0.0,0.0,1.0,1.0
14,280,6.533626505204861,7.619646883987559,0.0,0.0,0.0,0.0,0.0,0.0
15,280,9.327436223890878,8.938705241293471,0.0,0.0,1.0,0.0,0.0,1.0
16,280,6.226399514299702,5.346313563121387,0.0,1.0,1.0,1.0,0.0,1.0
17,280,6.275768515992005,12.0,1.0,0.0,0.0,0.0,1.0,0.0
18,280,9.222483617255492,10.789808856291772,0.0,1.0,1.0,1.0,1.0,0.0
19,280,9.134231445290032,5.472579141143658,0.0,0.0,0.0,1.0,1.0,0.0
0,285,1.7299141371861382,3.408202424760308,1.0,0.0,0.0,0.0,0.0,1.0
1,285,6.472886608284708,2.3729423982893825,0.0,1.0,0.0,0.0,1.0,1.0
2,285,11.441186282361835,11.475287116085129,1.0,0.0,1.0,1.0,1.0,1.0
3,285,9.983138314849787,12.0,0.0,0.0,1.0,1.0,0.0,1.0
4,285,12.0,5.604901754746841,0.0,0.0,0.0,0.0,1.0,0.0
5,285,9.666604029218208,9.48311469232601,0.0,0.0,1.0,1.0,0.0,0.0
6,285,5.92779602840411,1.966688978237392,0.0,0.0,0.0,0.0,0.0,0.0
7,285,5.77916595024834,8.550053667960764,1.0,0.0,0.0,0.0,1.0,0.0
8,285,3.823906091856229,3.479950870223143,0.0,0.0,1.0,1.0,0.0,0.0
9,285,3.790976421928295,0.0,0.0,0.0,0.0,1.0,0.0,1.0
10,285,3.3000510155518503,0.564253553101907,0.0,1.0,1.0,0.0,0.0,0.0
11,285,9.329520460136798,6.358641063962946,0.0,0.0,0.0,1.0,1.0,0.0
12,285,7.840260735511037,10.301991657012149,1.0,1.0,0.0,1.0,0.0,1.0
13,285,9.27897755123978,0.9037459821181894,1.0,1.0,0.0,0.0,1.0,1.0
14,285,6.527087901284892,7.578848363387316,0.0,0.0,0.0,0.0,0.0,0.0
15,285,9.302323793758596,8.935759288780957,0.0,0.0,1.0,0.0,0.0,1.0
16,285,6.195538208774303,5.483207804131647,0.0,1.0,1.0,1.0,0.0,1.0
17,285,6.251341941230398,12.0,1.0,0.0,0.0,0.0,1.0,0.0
18,285,9.221508494637217,10.78709610010844,0.0,1.0,1.0,1.0,1.0,0.0
19,285,9.026495575208092,5.529892205290977,0.0,0.0,0.0,1.0,1.0,0.0
0,290,1.7250333292719446,3.2813370445370507,1.0,0.0,0.0,0.0,0.0,1.0
1,290,6.480799107845422,2.3880613791823184,0.0,1.0,0.0,0.0,1.0,1.0
2,290,11.576875042469045,11.552442876713096,1.0,0.0,1.0,1.0,1.0,1.0
3,290,10.222252374046,12.0,0.0,0.0,1.0,1.0,0.0,1.0
4,290,12.0,5.554959239836751,0.0,0.0,0.0,0.0,1.0,0.0
5,290,9.752478336880165,9.544316604624017,0.0,0.0,1.0,1.0,0.0,0.0
6,290,6.100994580517375,1.9466397185669475,0.0,0.0,0.0,0.0,0.0,0.0
7,290,5.763543613943883,8.574803689558747,1.0,0.0,0.0,0.0,1.0,0.0
8,290,3.807872605017223,3.6140065132592953,0.0,0.0,1.0,1.0,0.0,0.0
9,290,3.860838233816352,0.0,0.0,0.0,0.0,1.0,0.0,1.0
10,290,3.259097511658064,0.5090579880671998,0.0,1.0,1.0,0.0,0.0,0.0
11,290,9.5094543464732,6.309551590526488,0.0,0.0,0.0,1.0,1.0,0.0
12,290,7.829702550941331,10.280334967786478,1.0,1.0,0.0,1.0,0.0,1.0
13,290,9.407474400363787,0.989373058653388,1.0,1.0,0.0,0.0,1.0,1.0
14,290,6.523090145774438,7.554301740065029,0.0,0.0,0.0,0.0,0.0,0.0
15,290,9.271091776006054,8.932167332214943,0.0,0.0,1.0,0.0,0.0,1.0
16,290,6.162760196134722,5.628941885897043,0.0,1.0,1.0,1.0,0.0,1.0
17,290,6.225158367843402,12.0,1.0,0.0,0.0,0.0,1.0,0.0
18,290,9.22447464220986,10.796180898432077,0.0,1.0,1.0,1.0,1.0,0.0
19,290,8.930020537184333,5.580153514463293,0.0,0.0,0.0,1.0,1.0,0.0
0,295,1.7222274641545907,3.17479271295108,1.0,0.0,0.0,0.0,0.0,1.0
1,295,6.47959959635518,2.3857076638592805,0.0,1.0,0.0,0.0,1.0,1.0
2,295,11.72069259222309,11.638518121073703,1.0,0.0,1.0,1.0,1.0,1.0
3,295,10.478661318958126,12.0,0.0,0.0,1.0,1.0,0.0,1.0
4,295,12.0,5.514946377981975,0.0,0.0,0.0,0.0,1.0,0.0
5,295,9.836663651909689,9.60550823949616,0.0,0.0,1.0,1.0,0.0,0.0
6,295,6.270844980484041,1.9230830811419397,0.0,0.0,0.0,0.0,0.0,0.0
7,295,5.751629178305301,8.593302856253487,1.0,0.0,0.0,0.0,1.0,0.0
8,295,3.791416069394105,3.7385879195195546,0.0,0.0,1.0,1.0,0.0,0.0
9,295,3.928930703561106,0.0,0.0,0.0,0.0,1.0,0.0,1.0
10,295,3.2215767033769027,0.4536161506687898,0.0,1.0,1.0,0.0,0.0,0.0
11,295,9.683267347362806,6.258976016280486,0.0,0.0,0.0,1.0,1.0,0.0
12,295,7.820648722967853,10.262209416667798,1.0,1.0,0.0,1.0,0.0,1.0
13,295,9.550746743960207,1.0839271565169837,1.0,1.0,0.0,0.0,1.0,1.0
14,295,6.521102198732429,7.540559470609298,0.0,0.0,0.0,0.0,0.0,0.0
15,295,9.23829519079708,8.928285439498586,0.0,0.0,1.0,0.0,0.0,1.0
16,295,6.13345161626485,5.758444029870607,0.0,1.0,1.0,1.0,0.0,1.0
17,295,6.222912614888945,12.0,1.0,0.0,0.0,0.0,1.0,0.0
18,295,9.22478237787108,10.797157904842363,0.0,1.0,1.0,1.0,1.0,0.0
19,295,8.830129563439103,5.631079762775619,0.0,0.0,0.0,1.0,1.0,0.0
