0,0,0.0313013832325827,8.95163087852529,1.0,0.0,0.0,0.0,0.0,0.0
1,0,3.959712429366551,2.0307064746884818,0.0,1.0,0.0,1.0,1.0,0.0
2,0,10.988684561012136,5.913533581387131,0.0,1.0,0.0,0.0,0.0,0.0
3,0,3.0496867932104648,4.961271091441413,0.0,0.0,1.0,0.0,0.0,0.0
4,0,1.9844769263217508,11.937245408027929,0.0,0.0,1.0,0.0,1.0,1.0
5,0,0.0,1.9612592018785049,0.0,0.0,0.0,0.0,0.0,0.0
6,0,0.9700734557834412,5.028200270864002,1.0,0.0,1.0,0.0,1.0,0.0
7,0,8.040219937102338,11.03330285034518,1.0,0.0,0.0,0.0,0.0,0.0
8,0,6.018881318282848,7.0884295549916105,0.0,0.0,1.0,1.0,1.0,0.0
9,0,2.9924851117236586,10.965334884903893,1.0,0.0,0.0,0.0,1.0,1.0
10,0,5.045744885424736,1.994278279794776,0.0,1.0,0.0,0.0,0.0,0.0
11,0,11.056021771500465,3.987577678142312,0.0,1.0,1.0,0.0,1.0,1.0
12,0,8.049521146938261,4.015903639503407,0.0,0.0,0.0,0.0,0.0,0.0
13,0,12.0,6.040155263714396,0.0,0.0,0.0,1.0,0.0,1.0
14,0,6.009078696780535,0.0,1.0,1.0,0.0,1.0,0.0,1.0
15,0,11.956996642886478,2.9707954314057656,0.0,1.0,0.0,0.0,0.0,0.0
16,0,0.9670916892092406,0.0743804161109358,1.0,0.0,0.0,0.0,1.0,1.0
17,0,1.960701985084223,2.044749106007122,0.0,1.0,1.0,0.0,0.0,0.0
18,0,7.046012041846887,3.9528855450323808,0.0,0.0,1.0,1.0,0.0,0.0
19,0,2.9861738832926963,6.9525105327490495,0.0,0.0,0.0,0.0,0.0,1.0
0,5,0.0609771753240583,8.906721266666965,1.0,0.0,0.0,0.0,0.0,0.0
1,5,3.933016912854296,2.051953145300152,0.0,1.0,0.0,1.0,1.0,0.0
2,5,10.978942135682749,5.845035500089323,0.0,1.0,0.0,0.0,0.0,0.0
3,5,3.0959855088863035,4.925592115862887,0.0,0.0,1.0,0.0,0.0,0.0
4,5,1.971880644112552,11.883915788876363,0.0,0.0,1.0,0.0,1.0,1.0
5,5,0.0,1.9265791122170108,0.0,0.0,0.0,0.0,0.0,0.0
6,5,0.939872008409087,5.057074809167359,1.0,0.0,1.0,0.0,1.0,0.0
7,5,8.097092835055934,11.078211757148106,1.0,0.0,0.0,0.0,0.0,0.0
8,5,6.032867934666534,7.15059199136679,0.0,0.0,1.0,1.0,1.0,0.0
9,5,2.977165002644361,10.903929902626512,1.0,0.0,0.0,0.0,1.0,1.0
10,5,5.1064309193770105,1.9858384918796577,0.0,1.0,0.0,0.0,0.0,0.0
11,5,11.099855852238075,3.9775388205295856,0.0,1.0,1.0,0.0,1.0,1.0
12,5,8.093722532786336,4.030581174474883,0.0,0.0,0.0,0.0,0.0,0.0
13,5,12.0,6.065273108938394,0.0,0.0,0.0,1.0,0.0,1.0
14,5,6.016679083420456,0.0,1.0,1.0,0.0,1.0,0.0,1.0
15,5,11.990365523503154,2.919636029847707,0.0,1.0,0.0,0.0,0.0,0.0
16,5,0.9350301332956468,0.1419130468769447,1.0,0.0,0.0,0.0,1.0,1.0
17,5,1.9240562799688588,2.0878677458301893,0.0,1.0,1.0,0.0,0.0,0.0
18,5,7.081042152393112,3.917416743478813,0.0,0.0,1.0,1.0,0.0,0.0
19,5,2.972957644520318,6.905282033731443,0.0,0.0,0.0,0.0,0.0,1.0
0,10,0.086263852680382,8.867652427675239,1.0,0.0,0.0,0.0,0.0,0.0
1,10,3.9053994558908727,2.074132399194082,0.0,1.0,0.0,1.0,1.0,0.0
2,10,10.972348556296264,5.802872935757035,0.0,1.0,0.0,0.0,0.0,0.0
3,10,3.155061777589704,4.879759181698178,0.0,0.0,1.0,0.0,0.0,0.0
4,10,1.9571725415560977,11.821437566324672,0.0,0.0,1.0,0.0,1.0,1.0
5,10,0.0,1.898435031053592,0.0,0.0,0.0,0.0,0.0,0.0
6,10,0.9131298837149624,5.082084124783296,1.0,0.0,1.0,0.0,1.0,0.0
7,10,8.144724644821359,11.1188362214488,1.0,0.0,0.0,0.0,0.0,0.0
8,10,6.045696600927192,7.212568599474109,0.0,0.0,1.0,1.0,1.0,0.0
9,10,2.9632557654528124,10.85295281553006,1.0,0.0,0.0,0.0,1.0,1.0
10,10,5.175813002707019,1.976378611205588,0.0,1.0,0.0,0.0,0.0,0.0
11,10,11.135107035042136,3.970045959631823,0.0,1.0,1.0,0.0,1.0,1.0
12,10,8.144383236799074,4.048895730322344,0.0,0.0,0.0,0.0,0.0,0.0
13,10,12.0,6.08861578400846,0.0,0.0,0.0,1.0,0.0,1.0
14,10,6.024512605767843,0.0,1.0,1.0,0.0,1.0,0.0,1.0
15,10,12.0,2.8720586101806806,0.0,1.0,0.0,0.0,0.0,0.0
16,10,0.9023447069166982,0.2115245059328301,1.0,0.0,0.0,0.0,1.0,1.0
17,10,1.8842232628197544,2.136588232163532,0.0,1.0,1.0,0.0,0.0,0.0
18,10,7.119516923172637,3.877774001492837,0.0,0.0,1.0,1.0,0.0,0.0
19,10,2.9532046391453126,6.834411887663897,0.0,0.0,0.0,0.0,0.0,1.0
0,15,0.102931058542975,8.840768337699677,1.0,0.0,0.0,0.0,0.0,0.0
1,15,3.888554348924652,2.0870630028669974,0.0,1.0,0.0,1.0,1.0,0.0
2,15,10.966120284367722,5.754618601303432,0.0,1.0,0.0,0.0,0.0,0.0
3,15,3.2089837451780205,4.840587727923012,0.0,0.0,1.0,0.0,0.0,0.0
4,15,1.9478341050598185,11.780204282833882,0.0,0.0,1.0,0.0,1.0,1.0
5,15,0.0,1.8631175657933616,0.0,0.0,0.0,0.0,0.0,0.0
6,15,0.855351129195936,5.133895608227901,1.0,0.0,1.0,0.0,1.0,0.0
7,15,8.18684880046254,11.154392977585696,1.0,0.0,0.0,0.0,0.0,0.0
8,15,6.055732666693098,7.266381734755574,0.0,0.0,1.0,1.0,1.0,0.0
9,15,2.9531005533306574,10.8182525216317,1.0,0.0,0.0,0.0,1.0,1.0
10,15,5.266974073788187,1.9645535054702712,0.0,1.0,0.0,0.0,0.0,0.0
11,15,11.166946056554163,3.963747565068043,0.0,1.0,1.0,0.0,1.0,1.0
12,15,8.195596371757446,4.067750751642477,0.0,0.0,0.0,0.0,0.0,0.0
13,15,12.0,6.106105745790283,0.0,0.0,0.0,1.0,0.0,1.0
14,15,6.039889747121872,0.0,1.0,1.0,0.0,1.0,0.0,1.0
15,15,12.0,2.819271341218671,0.0,1.0,0.0,0.0,0.0,0.0
16,15,0.8695946634059554,0.2861904307761965,1.0,0.0,0.0,0.0,1.0,1.0
17,15,1.8562108026354345,2.1713436472666228,0.0,1.0,1.0,0.0,0.0,0.0
18,15,7.151498382649994,3.843807646328443,0.0,0.0,1.0,1.0,0.0,0.0
19,15,2.934164920779156,6.767491132784635,0.0,0.0,0.0,0.0,0.0,1.0
0,20,0.1251347141216925,8.804621697062723,1.0,0.0,0.0,0.0,0.0,0.0
1,20,3.867331182176295,2.104418359193617,0.0,1.0,0.0,1.0,1.0,0.0
2,20,10.957726410875138,5.686053873980212,0.0,1.0,0.0,0.0,0.0,0.0
3,20,3.244611146595288,4.81284058425724,0.0,0.0,1.0,0.0,0.0,0.0
4,20,1.9343533117710323,11.724624716950476,0.0,0.0,1.0,0.0,1.0,1.0
5,20,0.0,1.8144929726565548,0.0,0.0,0.0,0.0,0.0,0.0
6,20,0.7875014919108498,5.194377220295883,1.0,0.0,1.0,0.0,1.0,0.0
7,20,8.209752526005115,11.1735975865938,1.0,0.0,0.0,0.0,0.0,0.0
8,20,6.065219651417458,7.322287481844511,0.0,0.0,1.0,1.0,1.0,0.0
9,20,2.936743970367842,10.767434190548258,1.0,0.0,0.0,0.0,1.0,1.0
10,20,5.355607751441936,1.95450689014864,0.0,1.0,0.0,0.0,0.0,0.0
11,20,11.21646651828287,3.953975846106644,0.0,1.0,1.0,0.0,1.0,1.0
12,20,8.253444950505495,4.091146940321264,0.0,0.0,0.0,0.0,0.0,0.0
13,20,12.0,6.128997400868774,0.0,0.0,0.0,1.0,0.0,1.0
14,20,6.049077181813302,0.0,1.0,1.0,0.0,1.0,0.0,1.0
15,20,12.0,2.775573935756129,0.0,1.0,0.0,0.0,0.0,0.0
16,20,0.8400254898608243,0.3494577886775827,1.0,0.0,0.0,0.0,1.0,1.0
17,20,1.8473161385172576,2.1828464334672257,0.0,1.0,1.0,0.0,0.0,0.0
18,20,7.173083713378098,3.821759936367057,0.0,0.0,1.0,1.0,0.0,0.0
19,20,2.917040124213118,6.707059000068272,0.0,0.0,0.0,0.0,0.0,1.0
0,25,0.1485603718779986,8.76552857820638,1.0,0.0,0.0,0.0,0.0,0.0
1,25,3.850055836858117,2.118921983086804,0.0,1.0,0.0,1.0,1.0,0.0
2,25,10.949126426512173,5.617743786613514,0.0,1.0,0.0,0.0,0.0,0.0
3,25,3.278428711330696,4.787165114169508,0.0,0.0,1.0,0.0,0.0,0.0
4,25,1.9164461409862397,11.657241927895326,0.0,0.0,1.0,0.0,1.0,1.0
5,25,0.0,1.772967819033635,0.0,0.0,0.0,0.0,0.0,0.0
6,25,0.7205517878063668,5.253710438969188,1.0,0.0,1.0,0.0,1.0,0.0
7,25,8.22879298090156,11.188983150618958,1.0,0.0,0.0,0.0,0.0,0.0
8,25,6.069903281639382,7.352728190967984,0.0,0.0,1.0,1.0,1.0,0.0
9,25,2.923686914310273,10.719537642660484,1.0,0.0,0.0,0.0,1.0,1.0
10,25,5.446696435512984,1.9427226134417683,0.0,1.0,0.0,0.0,0.0,0.0
11,25,11.26245272860162,3.944514757973497,0.0,1.0,1.0,0.0,1.0,1.0
12,25,8.319855288084126,4.116488765329704,0.0,0.0,0.0,0.0,0.0,0.0
13,25,12.0,6.14717166836021,0.0,0.0,0.0,1.0,0.0,1.0
14,25,6.057697119396114,0.0,1.0,1.0,0.0,1.0,0.0,1.0
15,25,12.0,2.7350499574988256,0.0,1.0,0.0,0.0,0.0,0.0
16,25,0.8110101984616278,0.405202769494742,1.0,0.0,0.0,0.0,1.0,1.0
17,25,1.840796158119445,2.191605081565652,0.0,1.0,1.0,0.0,0.0,0.0
18,25,7.170896611083697,3.823937644717795,0.0,0.0,1.0,1.0,0.0,0.0
19,25,2.9032223533885126,6.6580885802323095,0.0,0.0,0.0,0.0,0.0,1.0
0,30,0.1721806819968046,8.72305517873686,1.0,0.0,0.0,0.0,0.0,0.0
1,30,3.8173618074062,2.1451804931573943,0.0,1.0,0.0,1.0,1.0,0.0
2,30,10.938449279265654,5.544688286823546,0.0,1.0,0.0,0.0,0.0,0.0
3,30,3.3284369639793807,4.748302239410127,0.0,0.0,1.0,0.0,0.0,0.0
4,30,1.9011480199748207,11.607009336398225,0.0,0.0,1.0,0.0,1.0,1.0
5,30,0.0,1.739204529960617,0.0,0.0,0.0,0.0,0.0,0.0
6,30,0.6439907340887381,5.325641905096943,1.0,0.0,1.0,0.0,1.0,0.0
7,30,8.25206257746127,11.208423935962063,1.0,0.0,0.0,0.0,0.0,0.0
8,30,6.072333276303683,7.369163769619771,0.0,0.0,1.0,1.0,1.0,0.0
9,30,2.9103141525244127,10.6750688773,1.0,0.0,0.0,0.0,1.0,1.0
10,30,5.522740735078793,1.9333594786864048,0.0,1.0,0.0,0.0,0.0,0.0
11,30,11.280923747578932,3.9410097384807767,0.0,1.0,1.0,0.0,1.0,1.0
12,30,8.388822022258479,4.1453613681005335,0.0,0.0,0.0,0.0,0.0,0.0
13,30,12.0,6.168044899784631,0.0,0.0,0.0,1.0,0.0,1.0
14,30,6.067301393730445,0.0,1.0,1.0,0.0,1.0,0.0,1.0
15,30,12.0,2.698708648655064,0.0,1.0,0.0,0.0,0.0,0.0
16,30,0.7832544001521176,0.4578690997606095,1.0,0.0,0.0,0.0,1.0,1.0
17,30,1.8331429695871144,2.202377012427878,0.0,1.0,1.0,0.0,0.0,0.0
18,30,7.149416078003265,3.844925023460945,0.0,0.0,1.0,1.0,0.0,0.0
19,30,2.8893283945924715,6.608092274975068,0.0,0.0,0.0,0.0,0.0,1.0
0,35,0.1946931333300267,8.679787922040118,1.0,0.0,0.0,0.0,0.0,0.0
1,35,3.767502956121853,2.1841336066599037,0.0,1.0,0.0,1.0,1.0,0.0
2,35,10.928363226547807,5.489402045026015,0.0,1.0,0.0,0.0,0.0,0.0
3,35,3.384318870749453,4.702800833180931,0.0,0.0,1.0,0.0,0.0,0.0
4,35,1.880594839303948,11.546038579401406,0.0,0.0,1.0,0.0,1.0,1.0
5,35,0.0,1.707932939987137,0.0,0.0,0.0,0.0,0.0,0.0
6,35,0.5679530757724712,5.399762880816396,1.0,0.0,1.0,0.0,1.0,0.0
7,35,8.275946936847008,11.228206589018786,1.0,0.0,0.0,0.0,0.0,0.0
8,35,6.075765341722279,7.389743324168127,0.0,0.0,1.0,1.0,1.0,0.0
9,35,2.898178514491136,10.633198776374748,1.0,0.0,0.0,0.0,1.0,1.0
10,35,5.585081777744332,1.9269923082187776,0.0,1.0,0.0,0.0,0.0,0.0
11,35,11.282986459593136,3.940643694823688,0.0,1.0,1.0,0.0,1.0,1.0
12,35,8.466625160401222,4.179316332864047,0.0,0.0,0.0,0.0,0.0,0.0
13,35,12.0,6.204411653688847,0.0,0.0,0.0,1.0,0.0,1.0
14,35,6.076207952957357,0.0,1.0,1.0,0.0,1.0,0.0,1.0
15,35,12.0,2.681968287881572,0.0,1.0,0.0,0.0,0.0,0.0
16,35,0.7658682459306629,0.4926938908751859,1.0,0.0,0.0,0.0,1.0,1.0
17,35,1.8294689459407736,2.2074778266345865,0.0,1.0,1.0,0.0,0.0,0.0
18,35,7.12597266763905,3.867304941202962,0.0,0.0,1.0,1.0,0.0,0.0
19,35,2.872074851330452,6.544369574586354,0.0,0.0,0.0,0.0,0.0,1.0
0,40,0.2193932211686654,8.634172486094005,1.0,0.0,0.0,0.0,0.0,0.0
1,40,3.710199034662022,2.228274859282119,0.0,1.0,0.0,1.0,1.0,0.0
2,40,10.917252865839735,5.433372207973398,0.0,1.0,0.0,0.0,0.0,0.0
3,40,3.433893489124599,4.662872005036828,0.0,0.0,1.0,0.0,0.0,0.0
4,40,1.8522528724639429,11.456015930377044,0.0,0.0,1.0,0.0,1.0,1.0
5,40,0.0,1.667256853271475,0.0,0.0,0.0,0.0,0.0,0.0
6,40,0.505461975369746,5.461152171996768,1.0,0.0,1.0,0.0,1.0,0.0
7,40,8.304676483198094,11.25306046540654,1.0,0.0,0.0,0.0,0.0,0.0
8,40,6.082107330916884,7.42415011447901,0.0,0.0,1.0,1.0,1.0,0.0
9,40,2.8820908261264706,10.581798881175713,1.0,0.0,0.0,0.0,1.0,1.0
10,40,5.646755745395442,1.9198972764415851,0.0,1.0,0.0,0.0,0.0,0.0
11,40,11.306913940229778,3.936932599557382,0.0,1.0,1.0,0.0,1.0,1.0
12,40,8.551708610476794,4.213135850863823,0.0,0.0,0.0,0.0,0.0,0.0
13,40,12.0,6.249503572527472,0.0,0.0,0.0,1.0,0.0,1.0
14,40,6.085010836045888,0.0,1.0,1.0,0.0,1.0,0.0,1.0
15,40,12.0,2.640348586754436,0.0,1.0,0.0,0.0,0.0,0.0
16,40,0.7330635806984629,0.5646303199883614,1.0,0.0,0.0,0.0,1.0,1.0
17,40,1.8303084192177823,2.206319345308563,0.0,1.0,1.0,0.0,0.0,0.0
18,40,7.103885242776238,3.888080832912933,0.0,0.0,1.0,1.0,0.0,0.0
19,40,2.861556922128425,6.507606274364559,0.0,0.0,0.0,0.0,0.0,1.0
0,45,0.2417680343168073,8.58978901546139,1.0,0.0,0.0,0.0,0.0,0.0
1,45,3.6492622589100407,2.2734527151283825,0.0,1.0,0.0,1.0,1.0,0.0
2,45,10.909696310249624,5.3997108737783615,0.0,1.0,0.0,0.0,0.0,0.0
3,45,3.504276888575089,4.603771397484479,0.0,0.0,1.0,0.0,0.0,0.0
4,45,1.8248024611695224,11.365147157928732,0.0,0.0,1.0,0.0,1.0,1.0
5,45,0.0,1.6257759824915694,0.0,0.0,0.0,0.0,0.0,0.0
6,45,0.4529140880368014,5.512194352056053,1.0,0.0,1.0,0.0,1.0,0.0
7,45,8.318995366882548,11.265060661169366,1.0,0.0,0.0,0.0,0.0,0.0
8,45,6.093419360616017,7.473128744253549,0.0,0.0,1.0,1.0,1.0,0.0
9,45,2.8691859904674386,10.538351554112538,1.0,0.0,0.0,0.0,1.0,1.0
10,45,5.692662659128265,1.915271423454166,0.0,1.0,0.0,0.0,0.0,0.0
11,45,11.309002384912134,3.936574860581578,0.0,1.0,1.0,0.0,1.0,1.0
12,45,8.651043114085011,4.250147967356814,0.0,0.0,0.0,0.0,0.0,0.0
13,45,12.0,6.288997152530461,0.0,0.0,0.0,1.0,0.0,1.0
14,45,6.095769918414243,0.0,1.0,1.0,0.0,1.0,0.0,1.0
15,45,12.0,2.609376945761961,0.0,1.0,0.0,0.0,0.0,0.0
16,45,0.6915512084304026,0.6515823327396741,1.0,0.0,0.0,0.0,1.0,1.0
17,45,1.8261696313807476,2.211687041503408,0.0,1.0,1.0,0.0,0.0,0.0
18,45,7.060207020111473,3.926805636875399,0.0,0.0,1.0,1.0,0.0,0.0
19,45,2.850518235738155,6.468331504957579,0.0,0.0,0.0,0.0,0.0,1.0
0,50,0.2611619169483742,8.551541838291534,1.0,0.0,0.0,0.0,0.0,0.0
1,50,3.599722134274554,2.307986435799862,0.0,1.0,0.0,1.0,1.0,0.0
2,50,10.898745495116652,5.35481812991779,0.0,1.0,0.0,0.0,0.0,0.0
3,50,3.5902348076964787,4.533988496045818,0.0,0.0,1.0,0.0,0.0,0.0
4,50,1.7974911490970555,11.273551569271335,0.0,0.0,1.0,0.0,1.0,1.0
5,50,0.0,1.5873525471307894,0.0,0.0,0.0,0.0,0.0,0.0
6,50,0.4082622962780277,5.555300978318584,1.0,0.0,1.0,0.0,1.0,0.0
7,50,8.34373650651521,11.285752126128385,1.0,0.0,0.0,0.0,0.0,0.0
8,50,6.1034688017100605,7.52310322972643,0.0,0.0,1.0,1.0,1.0,0.0
9,50,2.852784435514681,10.481860191137256,1.0,0.0,0.0,0.0,1.0,1.0
10,50,5.74784852743401,1.9093154258505824,0.0,1.0,0.0,0.0,0.0,0.0
11,50,11.329015864537368,3.933351170610624,0.0,1.0,1.0,0.0,1.0,1.0
12,50,8.747855804551948,4.284406417192716,0.0,0.0,0.0,0.0,0.0,0.0
13,50,12.0,6.329093713173153,0.0,0.0,0.0,1.0,0.0,1.0
14,50,6.113065243936504,0.0,1.0,1.0,0.0,1.0,0.0,1.0
15,50,12.0,2.5793093463473507,0.0,1.0,0.0,0.0,0.0,0.0
16,50,0.6412000844146597,0.7552834932902274,1.0,0.0,0.0,0.0,1.0,1.0
17,50,1.8397854116182035,2.1933214088270905,0.0,1.0,1.0,0.0,0.0,0.0
18,50,7.0214209716753375,3.9609042277606417,0.0,0.0,1.0,1.0,0.0,0.0
19,50,2.844024914276741,6.445463115824007,0.0,0.0,0.0,0.0,0.0,1.0
0,55,0.2898442304756003,8.498068876418495,1.0,0.0,0.0,0.0,0.0,0.0
1,55,3.551926507076279,2.342712292027095,0.0,1.0,0.0,1.0,1.0,0.0
2,55,10.888875126536613,5.315278060839187,0.0,1.0,0.0,0.0,0.0,0.0
3,55,3.678925723760401,4.4574900011021805,0.0,0.0,1.0,0.0,0.0,0.0
4,55,1.7648969996088644,11.167441140598976,0.0,0.0,1.0,0.0,1.0,1.0
5,55,0.0,1.5599892643205258,0.0,0.0,0.0,0.0,0.0,0.0
6,55,0.3677492522779415,5.514183580833437,1.0,0.0,1.0,0.0,1.0,0.0
7,55,8.36189320068809,11.301759991112366,1.0,0.0,0.0,0.0,0.0,0.0
8,55,6.112221730370054,7.57404005144713,0.0,0.0,1.0,1.0,1.0,0.0
9,55,2.835883841018648,10.424586817220431,1.0,0.0,0.0,0.0,1.0,1.0
10,55,5.753655080251809,1.9654897740052917,0.0,1.0,0.0,0.0,0.0,0.0
11,55,11.328777381324471,3.9315491318144105,0.0,1.0,1.0,0.0,1.0,1.0
12,55,8.82587977519682,4.313906257242675,0.0,0.0,0.0,0.0,0.0,0.0
13,55,12.0,6.376179095411181,0.0,0.0,0.0,1.0,0.0,1.0
14,55,6.132397057371319,0.0,1.0,1.0,0.0,1.0,0.0,1.0
15,55,12.0,2.556290859417413,0.0,1.0,0.0,0.0,0.0,0.0
16,55,0.5922574841978943,0.8562242849276405,1.0,0.0,0.0,0.0,1.0,1.0
17,55,1.854000981012176,2.1746601395327523,0.0,1.0,1.0,0.0,0.0,0.0
18,55,7.008331162169629,3.972053849169736,0.0,0.0,1.0,1.0,0.0,0.0
19,55,2.834514646004044,6.41373792288038,0.0,0.0,0.0,0.0,0.0,1.0
0,60,0.3237217601871796,8.430006000827719,1.0,0.0,0.0,0.0,0.0,0.0
1,60,3.5058761221649863,2.3755375872315017,0.0,1.0,0.0,1.0,1.0,0.0
2,60,10.882610982276407,5.288979622786057,0.0,1.0,0.0,0.0,0.0,0.0
3,60,3.7559612971078673,4.390822642611687,0.0,0.0,1.0,0.0,0.0,0.0
4,60,1.7280340329177155,11.04849742608608,0.0,0.0,1.0,0.0,1.0,1.0
5,60,0.0,1.5186066224934978,0.0,0.0,0.0,0.0,0.0,0.0
6,60,0.3324168884021443,5.479091969045486,1.0,0.0,1.0,0.0,1.0,0.0
7,60,8.380408830790927,11.31755900636827,1.0,0.0,0.0,0.0,0.0,0.0
8,60,6.123559993348432,7.636082479016574,0.0,0.0,1.0,1.0,1.0,0.0
9,60,2.8166008810042027,10.35670568059172,1.0,0.0,0.0,0.0,1.0,1.0
10,60,5.759444701073946,2.0316873042507364,0.0,1.0,0.0,0.0,0.0,0.0
11,60,11.32946925513836,3.9352179175030977,0.0,1.0,1.0,0.0,1.0,1.0
12,60,8.888539188758429,4.336768701291684,0.0,0.0,0.0,0.0,0.0,0.0
13,60,12.0,6.430159884864809,0.0,0.0,0.0,1.0,0.0,1.0
14,60,6.154595409521285,0.0,1.0,1.0,0.0,1.0,0.0,1.0
15,60,12.0,2.5451442352164766,0.0,1.0,0.0,0.0,0.0,0.0
16,60,0.5326049732212034,0.9754115604874236,1.0,0.0,0.0,0.0,1.0,1.0
17,60,1.874500870068032,2.1494349919376154,0.0,1.0,1.0,0.0,0.0,0.0
18,60,6.987165957102408,3.990001516850708,0.0,0.0,1.0,1.0,0.0,0.0
19,60,2.8228218900433664,6.372728225631195,0.0,0.0,0.0,0.0,0.0,1.0
0,65,0.3548846126523069,8.365411025303434,1.0,0.0,0.0,0.0,0.0,0.0
1,65,3.4627548838252964,2.406127501667447,0.0,1.0,0.0,1.0,1.0,0.0
2,65,10.872309920580598,5.249446828957445,0.0,1.0,0.0,0.0,0.0,0.0
3,65,3.844450682537728,4.313967373425824,0.0,0.0,1.0,0.0,0.0,0.0
4,65,1.6840693127164,10.917541555995609,0.0,0.0,1.0,0.0,1.0,1.0
5,65,0.0,1.478903991606376,0.0,0.0,0.0,0.0,0.0,0.0
6,65,0.2866536053639323,5.434065054684572,1.0,0.0,1.0,0.0,1.0,0.0
7,65,8.419391787219421,11.352373866291224,1.0,0.0,0.0,0.0,0.0,0.0
8,65,6.133281839909917,7.689899158266343,0.0,0.0,1.0,1.0,1.0,0.0
9,65,2.7996413388990224,10.291841069131758,1.0,0.0,0.0,0.0,1.0,1.0
10,65,5.76773862421038,2.112258179344091,0.0,1.0,0.0,0.0,0.0,0.0
11,65,11.331396189692857,3.9473644801677046,0.0,1.0,1.0,0.0,1.0,1.0
12,65,8.95747845481212,4.360857272415164,0.0,0.0,0.0,0.0,0.0,0.0
13,65,12.0,6.48841874447264,0.0,0.0,0.0,1.0,0.0,1.0
14,65,6.170207155111634,0.0,1.0,1.0,0.0,1.0,0.0,1.0
15,65,12.0,2.5208640154621875,0.0,1.0,0.0,0.0,0.0,0.0
16,65,0.4697357310736482,1.100560483730229,1.0,0.0,0.0,0.0,1.0,1.0
17,65,1.9023361724868235,2.1166983877044623,0.0,1.0,1.0,0.0,0.0,0.0
18,65,6.967748530010893,4.0063591440733735,0.0,0.0,1.0,1.0,0.0,0.0
19,65,2.808462295184892,6.321721949422878,0.0,0.0,0.0,0.0,0.0,1.0
0,70,0.3795572817705326,8.313456729866493,1.0,0.0,0.0,0.0,0.0,0.0
1,70,3.4304377929987617,2.42977512438339,0.0,1.0,0.0,1.0,1.0,0.0
2,70,10.863768590179223,5.215644360247746,0.0,1.0,0.0,0.0,0.0,0.0
3,70,3.9372984272832414,4.234766926438614,0.0,0.0,1.0,0.0,0.0,0.0
4,70,1.6485130078411452,10.80027310467546,0.0,0.0,1.0,0.0,1.0,1.0
5,70,0.0,1.4455910591244976,0.0,0.0,0.0,0.0,0.0,0.0
6,70,0.2374795623526392,5.384623579424536,1.0,0.0,1.0,0.0,1.0,0.0
7,70,8.460501645661743,11.389127699935372,1.0,0.0,0.0,0.0,0.0,0.0
8,70,6.143967647460042,7.746958641409895,0.0,0.0,1.0,1.0,1.0,0.0
9,70,2.782649885218809,10.219196446947128,1.0,0.0,0.0,0.0,1.0,1.0
10,70,5.773207392639369,2.164337623236641,0.0,1.0,0.0,0.0,0.0,0.0
11,70,11.335063879596916,3.968326353285584,0.0,1.0,1.0,0.0,1.0,1.0
12,70,9.021101333378978,4.382049151102572,0.0,0.0,0.0,0.0,0.0,0.0
13,70,12.0,6.535213866150371,0.0,0.0,0.0,1.0,0.0,1.0
14,70,6.189675226323237,0.0,1.0,1.0,0.0,1.0,0.0,1.0
15,70,12.0,2.4953199780443733,0.0,1.0,0.0,0.0,0.0,0.0
16,70,0.4030939839875674,1.236863142657603,1.0,0.0,0.0,0.0,1.0,1.0
17,70,1.9174248379439196,2.099078342254065,0.0,1.0,1.0,0.0,0.0,0.0
18,70,6.962726502034362,4.010632043611197,0.0,0.0,1.0,1.0,0.0,0.0
19,70,2.7926409968460715,6.266676131735864,0.0,0.0,0.0,0.0,0.0,1.0
0,75,0.4036987757931717,8.263440352795019,1.0,0.0,0.0,0.0,0.0,0.0
1,75,3.3866884295587707,2.46082895662909,0.0,1.0,0.0,1.0,1.0,0.0
2,75,10.8542879931446,5.184387272888686,0.0,1.0,0.0,0.0,0.0,0.0
3,75,4.026972141925584,4.153978584663244,0.0,0.0,1.0,0.0,0.0,0.0
4,75,1.6149742640971048,10.68941871842678,0.0,0.0,1.0,0.0,1.0,1.0
5,75,0.0,1.4297344080005967,0.0,0.0,0.0,0.0,0.0,0.0
6,75,0.2093855987785063,5.356635576183975,1.0,0.0,1.0,0.0,1.0,0.0
7,75,8.523735639720966,11.447668945276526,1.0,0.0,0.0,0.0,0.0,0.0
8,75,6.151149539450525,7.782140481183821,0.0,0.0,1.0,1.0,1.0,0.0
9,75,2.7658499649921766,10.145429043374962,1.0,0.0,0.0,0.0,1.0,1.0
10,75,5.778233389824079,2.214566614246529,0.0,1.0,0.0,0.0,0.0,0.0
11,75,11.33771200108004,3.986389845088979,0.0,1.0,1.0,0.0,1.0,1.0
12,75,9.0545784054762,4.393069366251337,0.0,0.0,0.0,0.0,0.0,0.0
13,75,12.0,6.57186465765608,0.0,0.0,0.0,1.0,0.0,1.0
14,75,6.21285653045645,0.0,1.0,1.0,0.0,1.0,0.0,1.0
15,75,12.0,2.465859646815297,0.0,1.0,0.0,0.0,0.0,0.0
16,75,0.3484316131018022,1.349675583322418,1.0,0.0,0.0,0.0,1.0,1.0
17,75,1.9208773614593668,2.095069361502269,0.0,1.0,1.0,0.0,0.0,0.0
18,75,6.949517727038994,4.02181199982486,0.0,0.0,1.0,1.0,0.0,0.0
19,75,2.7750210377355136,6.212280043686608,0.0,0.0,0.0,0.0,0.0,1.0
0,80,0.4274190628875866,8.216956912211161,1.0,0.0,0.0,0.0,0.0,0.0
1,80,3.357436250187236,2.4811229785892883,0.0,1.0,0.0,1.0,1.0,0.0
2,80,10.843695407045969,5.147596336347993,0.0,1.0,0.0,0.0,0.0,0.0
3,80,4.098920367596003,4.088695772541272,0.0,0.0,1.0,0.0,0.0,0.0
4,80,1.5860922142759677,10.57400807713691,0.0,0.0,1.0,0.0,1.0,1.0
5,80,0.0,1.417711028957107,0.0,0.0,0.0,0.0,0.0,0.0
6,80,0.1787854970602901,5.323475192235305,1.0,0.0,1.0,0.0,1.0,0.0
7,80,8.579665717347591,11.500622188028508,1.0,0.0,0.0,0.0,0.0,0.0
8,80,6.167180221303201,7.848477131371932,0.0,0.0,1.0,1.0,1.0,0.0
9,80,2.7498857272109487,10.075870327672842,1.0,0.0,0.0,0.0,1.0,1.0
10,80,5.781282541044407,2.242620838766325,0.0,1.0,0.0,0.0,0.0,0.0
11,80,11.342185263431665,4.016380936426028,0.0,1.0,1.0,0.0,1.0,1.0
12,80,9.073818770767808,4.3988263160598615,0.0,0.0,0.0,0.0,0.0,0.0
13,80,12.0,6.6078040729683325,0.0,0.0,0.0,1.0,0.0,1.0
14,80,6.2437141850824345,0.0,1.0,1.0,0.0,1.0,0.0,1.0
15,80,12.0,2.422305609105406,0.0,1.0,0.0,0.0,0.0,0.0
16,80,0.2852591102636562,1.4700627800831636,1.0,0.0,0.0,0.0,1.0,1.0
17,80,1.9136106670788997,2.103959644866232,0.0,1.0,1.0,0.0,0.0,0.0
18,80,6.943107858926876,4.027551021211222,0.0,0.0,1.0,1.0,0.0,0.0
19,80,2.7522859193934663,6.136311316645712,0.0,0.0,0.0,0.0,0.0,1.0
0,85,0.4570758981750569,8.160266628778839,1.0,0.0,0.0,0.0,0.0,0.0
1,85,3.342775717861638,2.4910617244410806,0.0,1.0,0.0,1.0,1.0,0.0
2,85,10.833833196071003,5.1108453715278666,0.0,1.0,0.0,0.0,0.0,0.0
3,85,4.164281442003758,4.028629599760687,0.0,0.0,1.0,0.0,0.0,0.0
4,85,1.5522252074141296,10.443277723371027,0.0,0.0,1.0,0.0,1.0,1.0
5,85,0.0,1.4105171102053284,0.0,0.0,0.0,0.0,0.0,0.0
6,85,0.152236044834641,5.295008210933624,1.0,0.0,1.0,0.0,1.0,0.0
7,85,8.625398324009002,11.543772090181074,1.0,0.0,0.0,0.0,0.0,0.0
8,85,6.185400576908155,7.92516230364837,0.0,0.0,1.0,1.0,1.0,0.0
9,85,2.7347723915749893,10.011559070592972,1.0,0.0,0.0,0.0,1.0,1.0
10,85,5.783542187356844,2.26094602449151,0.0,1.0,0.0,0.0,0.0,0.0
11,85,11.349145851759111,4.060986709209126,0.0,1.0,1.0,0.0,1.0,1.0
12,85,9.084940783569616,4.402236349399869,0.0,0.0,0.0,0.0,0.0,0.0
13,85,12.0,6.640592070179716,0.0,0.0,0.0,1.0,0.0,1.0
14,85,6.26522321485955,0.0,1.0,1.0,0.0,1.0,0.0,1.0
15,85,12.0,2.387953784491986,0.0,1.0,0.0,0.0,0.0,0.0
16,85,0.2216307216827898,1.588673134798481,1.0,0.0,0.0,0.0,1.0,1.0
17,85,1.914163752805116,2.1033436642974364,0.0,1.0,1.0,0.0,0.0,0.0
18,85,6.958944426167862,4.013658654090456,0.0,0.0,1.0,1.0,0.0,0.0
19,85,2.734746940291452,6.068983939330011,0.0,0.0,0.0,0.0,0.0,1.0
0,90,0.4770216286556907,8.12298012046329,1.0,0.0,0.0,0.0,0.0,0.0
1,90,3.3238112155711024,2.50392894305149,0.0,1.0,0.0,1.0,1.0,0.0
2,90,10.825521992434826,5.07661793519714,0.0,1.0,0.0,0.0,0.0,0.0
3,90,4.233932560267437,3.9625724711815247,0.0,0.0,1.0,0.0,0.0,0.0
4,90,1.5223365853508313,10.317353107194988,0.0,0.0,1.0,0.0,1.0,1.0
5,90,0.003839326670922,1.4140147733930764,0.0,0.0,0.0,0.0,0.0,0.0
6,90,0.1107126061726151,5.24915421326645,1.0,0.0,1.0,0.0,1.0,0.0
7,90,8.68293437965812,11.597370786120264,1.0,0.0,0.0,0.0,0.0,0.0
8,90,6.206049182091272,8.008960615893498,0.0,0.0,1.0,1.0,1.0,0.0
9,90,2.720312727875343,9.944594080568736,1.0,0.0,0.0,0.0,1.0,1.0
10,90,5.784611133045784,2.2719267608427307,0.0,1.0,0.0,0.0,0.0,0.0
11,90,11.357852220666,4.120705386285925,0.0,1.0,1.0,0.0,1.0,1.0
12,90,9.095548949196123,4.405411196490007,0.0,0.0,0.0,0.0,0.0,0.0
13,90,12.0,6.670190965602855,0.0,0.0,0.0,1.0,0.0,1.0
14,90,6.284864091480919,0.0,1.0,1.0,0.0,1.0,0.0,1.0
15,90,12.0,2.3532542592637262,0.0,1.0,0.0,0.0,0.0,0.0
16,90,0.159353618970298,1.6995242500350205,1.0,0.0,0.0,0.0,1.0,1.0
17,90,1.9127255535529055,2.1050138515562358,0.0,1.0,1.0,0.0,0.0,0.0
18,90,6.965945570735726,4.007372131190434,0.0,0.0,1.0,1.0,0.0,0.0
19,90,2.719505896135408,6.007219894006719,0.0,0.0,0.0,0.0,0.0,1.0
0,95,0.4948058496687955,8.09066067058372,1.0,0.0,0.0,0.0,0.0,0.0
1,95,3.3051356727261503,2.5164053932855954,0.0,1.0,0.0,1.0,1.0,0.0
2,95,10.811894567900032,5.021403100170429,0.0,1.0,0.0,0.0,0.0,0.0
3,95,4.29985298870904,3.900491468647123,0.0,0.0,1.0,0.0,0.0,0.0
4,95,1.4852979051733877,10.188377339347216,0.0,0.0,1.0,0.0,1.0,1.0
5,95,0.0092794098164114,1.4188383576068668,0.0,0.0,0.0,0.0,0.0,0.0
6,95,0.0684515691250405,5.201058042091943,1.0,0.0,1.0,0.0,1.0,0.0
7,95,8.74723310785387,11.65391791494507,1.0,0.0,0.0,0.0,0.0,0.0
8,95,6.2252437293568885,8.08659719486115,0.0,0.0,1.0,1.0,1.0,0.0
9,95,2.7082332042694803,9.879309282420447,1.0,0.0,0.0,0.0,1.0,1.0
10,95,5.787532017677891,2.3019991037061844,0.0,1.0,0.0,0.0,0.0,0.0
11,95,11.362232438586975,4.1538655735567325,0.0,1.0,1.0,0.0,1.0,1.0
12,95,9.09587109388178,4.405519049815821,0.0,0.0,0.0,0.0,0.0,0.0
13,95,12.0,6.713978314172016,0.0,0.0,0.0,1.0,0.0,1.0
14,95,6.296901414662356,0.0,1.0,1.0,0.0,1.0,0.0,1.0
15,95,12.0,2.3322288579180936,0.0,1.0,0.0,0.0,0.0,0.0
16,95,0.1091718912757593,1.7881730204197668,1.0,0.0,0.0,0.0,1.0,1.0
17,95,1.9089140358387404,2.109318306906147,0.0,1.0,1.0,0.0,0.0,0.0
18,95,6.972046348744364,4.001907777912701,0.0,0.0,1.0,1.0,0.0,0.0
19,95,2.7073272215548987,5.949077550281032,0.0,0.0,0.0,0.0,0.0,1.0
0,100,0.5151276385787351,8.053727602211682,1.0,0.0,0.0,0.0,0.0,0.0
1,100,3.288527660935899,2.526999035824246,0.0,1.0,0.0,1.0,1.0,0.0
2,100,10.794728983679242,4.956070136398863,0.0,1.0,0.0,0.0,0.0,0.0
3,100,4.370300485793441,3.833000602335094,0.0,0.0,1.0,0.0,0.0,0.0
4,100,1.4430584800246682,10.036021731523109,0.0,0.0,1.0,0.0,1.0,1.0
5,100,0.0110225598523681,1.4203912557915928,0.0,0.0,0.0,0.0,0.0,0.0
6,100,0.0360829397701649,5.166165263368602,1.0,0.0,1.0,0.0,1.0,0.0
7,100,8.805540344558585,11.705146668459312,1.0,0.0,0.0,0.0,0.0,0.0
8,100,6.249170891983908,8.17601566484802,0.0,0.0,1.0,1.0,1.0,0.0
9,100,2.6973999249990337,9.810642666630862,1.0,0.0,0.0,0.0,1.0,1.0
10,100,5.790682888268691,2.329231679313607,0.0,1.0,0.0,0.0,0.0,0.0
11,100,11.368099894563692,4.1921617377058045,0.0,1.0,1.0,0.0,1.0,1.0
12,100,9.082267681237145,4.401086312936397,0.0,0.0,0.0,0.0,0.0,0.0
13,100,12.0,6.749049712416046,0.0,0.0,0.0,1.0,0.0,1.0
14,100,6.30793869086007,0.0,1.0,1.0,0.0,1.0,0.0,1.0
15,100,12.0,2.3138070318486563,0.0,1.0,0.0,0.0,0.0,0.0
16,100,0.0542300953287138,1.887308542968528,1.0,0.0,0.0,0.0,1.0,1.0
17,100,1.8990152791103572,2.1200958747974186,0.0,1.0,1.0,0.0,0.0,0.0
18,100,6.973205783498626,4.000892037511958,0.0,0.0,1.0,1.0,0.0,0.0
19,100,2.7709937457643767,5.935280206493214,0.0,0.0,0.0,0.0,0.0,1.0
0,105,0.5327381567339666,8.020403423870151,1.0,0.0,0.0,0.0,0.0,0.0
1,105,3.266030827659061,2.5404478143189846,0.0,1.0,0.0,1.0,1.0,0.0
2,105,10.77663056215565,4.886155410207848,0.0,1.0,0.0,0.0,0.0,0.0
3,105,4.311733701329214,3.774005562352772,0.0,0.0,1.0,0.0,0.0,0.0
4,105,1.4053966583451325,9.9045162382952,0.0,0.0,1.0,0.0,1.0,1.0
5,105,0.0026179725768509,1.412911348426571,0.0,0.0,0.0,0.0,0.0,0.0
6,105,0.0067430213760379,5.134014071882222,1.0,0.0,1.0,0.0,1.0,0.0
7,105,8.863205868339236,11.757231239047004,1.0,0.0,0.0,0.0,0.0,0.0
8,105,6.273450728502713,8.270832612564737,0.0,0.0,1.0,1.0,1.0,0.0
9,105,2.6861755536441585,9.74168113188423,1.0,0.0,0.0,0.0,1.0,1.0
10,105,5.794199644902953,2.3572603788997943,0.0,1.0,0.0,0.0,0.0,0.0
11,105,11.37688465857969,4.242828846761689,0.0,1.0,1.0,0.0,1.0,1.0
12,105,9.084526276997048,4.401805697882996,0.0,0.0,0.0,0.0,0.0,0.0
13,105,12.0,6.783293611829069,0.0,0.0,0.0,1.0,0.0,1.0
14,105,6.310882757897447,0.0,1.0,1.0,0.0,1.0,0.0,1.0
15,105,12.0,2.28887272956654,0.0,1.0,0.0,0.0,0.0,0.0
16,105,0.0076760884405416,1.9769111079334185,1.0,0.0,0.0,0.0,1.0,1.0
17,105,1.883294640203116,2.1364067895713625,0.0,1.0,1.0,0.0,0.0,0.0
18,105,6.978009125917027,3.9967278799601615,0.0,0.0,1.0,1.0,0.0,0.0
19,105,2.825197486317454,5.924286634429386,0.0,0.0,0.0,0.0,0.0,1.0
0,110,0.5612942850132194,7.965963286747858,1.0,0.0,0.0,0.0,0.0,0.0
1,110,3.243836621795743,2.553518210818393,0.0,1.0,0.0,1.0,1.0,0.0
2,110,10.75698111032452,4.816110177165276,0.0,1.0,0.0,0.0,0.0,0.0
3,110,4.255428054485612,3.71439428418346,0.0,0.0,1.0,0.0,0.0,0.0
4,110,1.362378083027844,9.75977294650916,0.0,0.0,1.0,0.0,1.0,1.0
5,110,0.0047165646274453,1.4148317075344423,0.0,0.0,0.0,0.0,0.0,0.0
6,110,0.0,5.098601757691827,1.0,0.0,1.0,0.0,1.0,0.0
7,110,8.907406660795996,11.794733780341518,1.0,0.0,0.0,0.0,0.0,0.0
8,110,6.295132488493233,8.347949560789766,0.0,0.0,1.0,1.0,1.0,0.0
9,110,2.67305686315182,9.669545715264524,1.0,0.0,0.0,0.0,1.0,1.0
10,110,5.79599824306692,2.368536582963207,0.0,1.0,0.0,0.0,0.0,0.0
11,110,11.38672399165555,4.29935255610264,0.0,1.0,1.0,0.0,1.0,1.0
12,110,9.089885425210644,4.403195798627574,0.0,0.0,0.0,0.0,0.0,0.0
13,110,12.0,6.815091626208301,0.0,0.0,0.0,1.0,0.0,1.0
14,110,6.30909646072057,0.0059778507397447,1.0,1.0,0.0,1.0,0.0,1.0
15,110,12.0,2.2798635843773787,0.0,1.0,0.0,0.0,0.0,0.0
16,110,0.0,2.072461077231608,1.0,0.0,0.0,0.0,1.0,1.0
17,110,1.8742238799886168,2.1459194381541966,0.0,1.0,1.0,0.0,0.0,0.0
18,110,6.972606686631799,4.001297024144498,0.0,0.0,1.0,1.0,0.0,0.0
19,110,2.900045510494,5.909696552069762,0.0,0.0,0.0,0.0,0.0,1.0
0,115,0.5975698832020696,7.891972116262107,1.0,0.0,0.0,0.0,0.0,0.0
1,115,3.2247264599008623,2.565105502439613,0.0,1.0,0.0,1.0,1.0,0.0
2,115,10.74149436247028,4.755144540670312,0.0,1.0,0.0,0.0,0.0,0.0
3,115,4.21531174602705,3.6705396891812176,0.0,0.0,1.0,0.0,0.0,0.0
4,115,1.316989137130438,9.59128238675148,0.0,0.0,1.0,0.0,1.0,1.0
5,115,0.0,1.3996009539292564,0.0,0.0,0.0,0.0,0.0,0.0
6,115,0.0,5.059862238798383,1.0,0.0,1.0,0.0,1.0,0.0
7,115,8.942881819417947,11.823537186771237,1.0,0.0,0.0,0.0,0.0,0.0
8,115,6.319016094707177,8.43987237301698,0.0,0.0,1.0,1.0,1.0,0.0
9,115,2.654502676956387,9.580961092008147,1.0,0.0,0.0,0.0,1.0,1.0
10,115,5.8006363448702825,2.398551314684924,0.0,1.0,0.0,0.0,0.0,0.0
11,115,11.397210274242529,4.369995533002003,0.0,1.0,1.0,0.0,1.0,1.0
12,115,9.099076695229275,4.4055901135514,0.0,0.0,0.0,0.0,0.0,0.0
13,115,12.0,6.848486464666798,0.0,0.0,0.0,1.0,0.0,1.0
14,115,6.312304172639514,0.0,1.0,1.0,0.0,1.0,0.0,1.0
15,115,11.992542414919155,2.2896779537670318,0.0,1.0,0.0,0.0,0.0,0.0
16,115,0.0,2.168652394911712,1.0,0.0,0.0,0.0,1.0,1.0
17,115,1.871870263863293,2.14842307969518,0.0,1.0,1.0,0.0,0.0,0.0
18,115,6.976950787945085,3.997525337678359,0.0,0.0,1.0,1.0,0.0,0.0
19,115,2.9671339815006483,5.897083151035724,0.0,0.0,0.0,0.0,0.0,1.0
0,120,0.6447722176430285,7.796846309309307,1.0,0.0,0.0,0.0,0.0,0.0
1,120,3.17782246161773,2.5923288755864364,0.0,1.0,0.0,1.0,1.0,0.0
2,120,10.720411093233905,4.671766695231895,0.0,1.0,0.0,0.0,0.0,0.0
3,120,4.183336929562794,3.635068403472321,0.0,0.0,1.0,0.0,0.0,0.0
4,120,1.2672789960470998,9.412452675120829,0.0,0.0,1.0,0.0,1.0,1.0
5,120,0.0,1.379955825007382,0.0,0.0,0.0,0.0,0.0,0.0
6,120,0.0,5.025521681818611,1.0,0.0,1.0,0.0,1.0,0.0
7,120,8.984742335509221,11.855616516572438,1.0,0.0,0.0,0.0,0.0,0.0
8,120,6.345612550497036,8.538709539425268,0.0,0.0,1.0,1.0,1.0,0.0
9,120,2.6356121761683857,9.494149458013093,1.0,0.0,0.0,0.0,1.0,1.0
10,120,5.80258137186279,2.410377838031787,0.0,1.0,0.0,0.0,0.0,0.0
11,120,11.405277694930032,4.431081240192695,0.0,1.0,1.0,0.0,1.0,1.0
12,120,9.119067152807006,4.410467592487449,0.0,0.0,0.0,0.0,0.0,0.0
13,120,12.0,6.879565009104128,0.0,0.0,0.0,1.0,0.0,1.0
14,120,6.313203055804606,0.0,1.0,1.0,0.0,1.0,0.0,1.0
15,120,11.97632235514307,2.310667140139385,0.0,1.0,0.0,0.0,0.0,0.0
16,120,0.0,2.2668843906337486,1.0,0.0,0.0,0.0,1.0,1.0
17,120,1.8812483593160167,2.137761426925081,0.0,1.0,1.0,0.0,0.0,0.0
18,120,6.990530161016468,3.985895336451157,0.0,0.0,1.0,1.0,0.0,0.0
19,120,3.0431670029658053,5.884748433191949,0.0,0.0,0.0,0.0,0.0,1.0
0,125,0.6922520410207655,7.7004688275446,1.0,0.0,0.0,0.0,0.0,0.0
1,125,3.1200037153010576,2.6247975044762897,0.0,1.0,0.0,1.0,1.0,0.0
2,125,10.701131964380496,4.600092386364708,0.0,1.0,0.0,0.0,0.0,0.0
3,125,4.143966222464416,3.5915358515211,0.0,0.0,1.0,0.0,0.0,0.0
4,125,1.2196496682408855,9.230327585432208,0.0,0.0,1.0,0.0,1.0,1.0
5,125,0.0,1.3748422800523252,0.0,0.0,0.0,0.0,0.0,0.0
6,125,0.0,5.000027757680334,1.0,0.0,1.0,0.0,1.0,0.0
7,125,9.040908607537396,11.899132416772275,1.0,0.0,0.0,0.0,0.0,0.0
8,125,6.37632514494269,8.651439167370318,0.0,0.0,1.0,1.0,1.0,0.0
9,125,2.614838400341371,9.400801995158584,1.0,0.0,0.0,0.0,1.0,1.0
10,125,5.803762122457746,2.417043351801229,0.0,1.0,0.0,0.0,0.0,0.0
11,125,11.411883640259475,4.480772056938127,0.0,1.0,1.0,0.0,1.0,1.0
12,125,9.130945782740936,4.4134010495009495,0.0,0.0,0.0,0.0,0.0,0.0
13,125,12.0,6.918742368490742,0.0,0.0,0.0,1.0,0.0,1.0
14,125,6.307081317478371,0.0199090121335375,1.0,1.0,0.0,1.0,0.0,1.0
15,125,11.95128812041381,2.346111893450633,0.0,1.0,0.0,0.0,0.0,0.0
16,125,0.0,2.350807421169124,1.0,0.0,0.0,0.0,1.0,1.0
17,125,1.895188574019375,2.1490401132409613,0.0,1.0,1.0,0.0,0.0,0.0
18,125,7.000979619463442,3.976913214639056,0.0,0.0,1.0,1.0,0.0,0.0
19,125,3.10970270365884,5.873891108083725,0.0,0.0,0.0,0.0,0.0,1.0
0,130,0.7471565003095556,7.597871909341902,1.0,0.0,0.0,0.0,0.0,0.0
1,130,3.054030543222438,2.662368058043005,0.0,1.0,0.0,1.0,1.0,0.0
2,130,10.683326986861273,4.532803362711403,0.0,1.0,0.0,0.0,0.0,0.0
3,130,4.102114321033612,3.5453326083103325,0.0,0.0,1.0,0.0,0.0,0.0
4,130,1.1717650788699563,9.045173872542549,0.0,0.0,1.0,0.0,1.0,1.0
5,130,0.0089496944368813,1.3831885351256932,0.0,0.0,0.0,0.0,0.0,0.0
6,130,0.0,4.991447300655999,1.0,0.0,1.0,0.0,1.0,0.0
7,130,9.086210019687424,11.934432633319602,1.0,0.0,0.0,0.0,0.0,0.0
8,130,6.405075955759545,8.759253806474137,0.0,0.0,1.0,1.0,1.0,0.0
9,130,2.600364932767416,9.322442571176202,1.0,0.0,0.0,0.0,1.0,1.0
10,130,5.80507191322215,2.425487111834604,0.0,1.0,0.0,0.0,0.0,0.0
11,130,11.414211432985438,4.515681271685115,0.0,1.0,1.0,0.0,1.0,1.0
12,130,9.1394604905858,4.415320366746174,0.0,0.0,0.0,0.0,0.0,0.0
13,130,12.0,6.947672362302563,0.0,0.0,0.0,1.0,0.0,1.0
14,130,6.308524764077227,0.0150732480610076,1.0,1.0,0.0,1.0,0.0,1.0
15,130,11.926393732777576,2.3807687441532552,0.0,1.0,0.0,0.0,0.0,0.0
16,130,0.0,2.4184566688601112,1.0,0.0,0.0,0.0,1.0,1.0
17,130,1.9070077716518632,2.158557095646128,0.0,1.0,1.0,0.0,0.0,0.0
18,130,7.031368377737824,3.952826903359335,0.0,0.0,1.0,1.0,0.0,0.0
19,130,3.1581943204883705,5.865734276700349,0.0,0.0,0.0,0.0,0.0,1.0
0,135,0.8071721644299479,7.483080298639291,1.0,0.0,0.0,0.0,0.0,0.0
1,135,2.994750804827257,2.6928416653899525,0.0,1.0,0.0,1.0,1.0,0.0
2,135,10.662806026226638,4.4450288518277015,0.0,1.0,0.0,0.0,0.0,0.0
3,135,4.061676112786179,3.499860409200489,0.0,0.0,1.0,0.0,0.0,0.0
4,135,1.127463419176705,8.880872587150352,0.0,0.0,1.0,0.0,1.0,1.0
5,135,0.0167589987509133,1.3909068755269978,0.0,0.0,0.0,0.0,0.0,0.0
6,135,0.0,4.986058243747214,1.0,0.0,1.0,0.0,1.0,0.0
7,135,9.13141880407242,11.97046856796748,1.0,0.0,0.0,0.0,0.0,0.0
8,135,6.435918091726655,8.870919362443905,0.0,0.0,1.0,1.0,1.0,0.0
9,135,2.595520359453733,9.29747799853281,1.0,0.0,0.0,0.0,1.0,1.0
10,135,5.805556612205555,2.428471531302932,0.0,1.0,0.0,0.0,0.0,0.0
11,135,11.41547573416372,4.534362076158826,0.0,1.0,1.0,0.0,1.0,1.0
12,135,9.13603618070177,4.414525750648972,0.0,0.0,0.0,0.0,0.0,0.0
13,135,12.0,6.985558243902191,0.0,0.0,0.0,1.0,0.0,1.0
14,135,6.308444174599725,0.0153432551293172,1.0,1.0,0.0,1.0,0.0,1.0
15,135,11.899433158734505,2.4198201043589957,0.0,1.0,0.0,0.0,0.0,0.0
16,135,0.0,2.486595194444111,1.0,0.0,0.0,0.0,1.0,1.0
17,135,1.9276477323932089,2.1759987544027077,0.0,1.0,1.0,0.0,0.0,0.0
18,135,7.053380675653738,3.9355902577068114,0.0,0.0,1.0,1.0,0.0,0.0
19,135,3.2021376543190128,5.857965593924973,0.0,0.0,0.0,0.0,0.0,1.0
0,140,0.8619905111977967,7.376714764997872,1.0,0.0,0.0,0.0,0.0,0.0
1,140,2.9502350849017955,2.7145425838180874,0.0,1.0,0.0,1.0,1.0,0.0
2,140,10.64403063716661,4.3634253087844455,0.0,1.0,0.0,0.0,0.0,0.0
3,140,4.027654448984659,3.460701552791396,0.0,0.0,1.0,0.0,0.0,0.0
4,140,1.0810806832352289,8.719514051213844,0.0,0.0,1.0,0.0,1.0,1.0
5,140,0.031062456452705,1.404959852997576,0.0,0.0,0.0,0.0,0.0,0.0
6,140,0.0,4.983394059452656,1.0,0.0,1.0,0.0,1.0,0.0
7,140,9.166405605505194,11.997994176075888,1.0,0.0,0.0,0.0,0.0,0.0
8,140,6.465963656215288,8.977986006394767,0.0,0.0,1.0,1.0,1.0,0.0
9,140,2.588411255555481,9.26418610288206,1.0,0.0,0.0,0.0,1.0,1.0
10,140,5.803032861418373,2.411808615811588,0.0,1.0,0.0,0.0,0.0,0.0
11,140,11.415742274793557,4.538990141356701,0.0,1.0,1.0,0.0,1.0,1.0
12,140,9.127165133778892,4.412127921410485,0.0,0.0,0.0,0.0,0.0,0.0
13,140,12.0,7.019913623336426,0.0,0.0,0.0,1.0,0.0,1.0
14,140,6.308702661469908,0.0145561356556258,1.0,1.0,0.0,1.0,0.0,1.0
15,140,11.876678917514006,2.451856865462116,0.0,1.0,0.0,0.0,0.0,0.0
16,140,0.0,2.5423702095452896,1.0,0.0,0.0,0.0,1.0,1.0
17,140,1.9476016688342663,2.193138370508689,0.0,1.0,1.0,0.0,0.0,0.0
18,140,7.085259957905286,3.910348341882447,0.0,0.0,1.0,1.0,0.0,0.0
19,140,3.2553667956100028,5.847456556897508,0.0,0.0,0.0,0.0,0.0,1.0
0,145,0.9207297789937964,7.265270481198845,1.0,0.0,0.0,0.0,0.0,0.0
1,145,2.9078599838786245,2.7350968956815045,0.0,1.0,0.0,1.0,1.0,0.0
2,145,10.62518589723867,4.2720357248311975,0.0,1.0,0.0,0.0,0.0,0.0
3,145,4.001683128327264,3.4317610888455765,0.0,0.0,1.0,0.0,0.0,0.0
4,145,1.034057271099991,8.539869409026803,0.0,0.0,1.0,0.0,1.0,1.0
5,145,0.0390680918084422,1.4128516505643818,0.0,0.0,0.0,0.0,0.0,0.0
6,145,0.0,4.958597601332891,1.0,0.0,1.0,0.0,1.0,0.0
7,145,9.20308652337646,12.0,1.0,0.0,0.0,0.0,0.0,0.0
8,145,6.49102408979261,9.074133944565553,0.0,0.0,1.0,1.0,1.0,0.0
9,145,2.5825348055366395,9.23814977940737,1.0,0.0,0.0,0.0,1.0,1.0
10,145,5.79794469830085,2.3770441869127485,0.0,1.0,0.0,0.0,0.0,0.0
11,145,11.4160645000353,4.545250140131469,0.0,1.0,1.0,0.0,1.0,1.0
12,145,9.120530269704505,4.4104356743753526,0.0,0.0,0.0,0.0,0.0,0.0
13,145,12.0,7.058650575032376,0.0,0.0,0.0,1.0,0.0,1.0
14,145,6.311579599150293,0.006403769465134,1.0,1.0,0.0,1.0,0.0,1.0
15,145,11.86055447775318,2.474407870916509,0.0,1.0,0.0,0.0,0.0,0.0
16,145,0.0,2.5990974872140686,1.0,0.0,0.0,0.0,1.0,1.0
17,145,1.974663563593137,2.2165019653296456,0.0,1.0,1.0,0.0,0.0,0.0
18,145,7.144401726400552,3.864319947077901,0.0,0.0,1.0,1.0,0.0,0.0
19,145,3.300539437191392,5.838781790994911,0.0,0.0,0.0,0.0,0.0,1.0
0,150,0.987097071348397,7.1409339514605215,1.0,0.0,0.0,0.0,0.0,0.0
1,150,2.852619481470444,2.762449992863884,0.0,1.0,0.0,1.0,1.0,0.0
2,150,10.607672806719844,4.180687393694069,0.0,1.0,0.0,0.0,0.0,0.0
3,150,3.974528438276646,3.402128816792328,0.0,0.0,1.0,0.0,0.0,0.0
4,150,0.9807161333889022,8.339812389993181,0.0,0.0,1.0,0.0,1.0,1.0
5,150,0.0488091366885498,1.4225945631195258,0.0,0.0,0.0,0.0,0.0,0.0
6,150,0.0,4.9347509639298375,1.0,0.0,1.0,0.0,1.0,0.0
7,150,9.24770929970506,12.0,1.0,0.0,0.0,0.0,0.0,0.0
8,150,6.516962058170519,9.17880292142751,0.0,0.0,1.0,1.0,1.0,0.0
9,150,2.579001215144852,9.222572116654892,1.0,0.0,0.0,0.0,1.0,1.0
10,150,5.793795764590756,2.347519291441896,0.0,1.0,0.0,0.0,0.0,0.0
11,150,11.415334161341017,4.528410812592378,0.0,1.0,1.0,0.0,1.0,1.0
12,150,9.12856357402248,4.412342793581529,0.0,0.0,0.0,0.0,0.0,0.0
13,150,12.0,7.100886544223367,0.0,0.0,0.0,1.0,0.0,1.0
14,150,6.308323292461015,0.0148583988319205,1.0,1.0,0.0,1.0,0.0,1.0
15,150,11.839427765965016,2.5056825435129824,0.0,1.0,0.0,0.0,0.0,0.0
16,150,0.0,2.638178940615348,1.0,0.0,0.0,0.0,1.0,1.0
17,150,2.0248474489299384,2.25843016401838,0.0,1.0,1.0,0.0,0.0,0.0
18,150,7.218498399915221,3.808684716626215,0.0,0.0,1.0,1.0,0.0,0.0
19,150,3.336668007523933,5.831951073411631,0.0,0.0,0.0,0.0,0.0,1.0
0,155,1.0504534026439172,7.020012452937067,1.0,0.0,0.0,0.0,0.0,0.0
1,155,2.784399819820065,2.796973537761964,0.0,1.0,0.0,1.0,1.0,0.0
2,155,10.591133490807488,4.100366160152072,0.0,1.0,0.0,0.0,0.0,0.0
3,155,3.953840796763482,3.379099019461513,0.0,0.0,1.0,0.0,0.0,0.0
4,155,0.9329220680851652,8.14817119940992,0.0,0.0,1.0,0.0,1.0,1.0
5,155,0.0425010318414303,1.4162012602519531,0.0,0.0,0.0,0.0,0.0,0.0
6,155,0.0,4.911244139034781,1.0,0.0,1.0,0.0,1.0,0.0
7,155,9.294017855519812,12.0,1.0,0.0,0.0,0.0,0.0,0.0
8,155,6.5365081133224034,9.254104293102843,0.0,0.0,1.0,1.0,1.0,0.0
9,155,2.5756675135949334,9.20759639520348,1.0,0.0,0.0,0.0,1.0,1.0
10,155,5.785816393131365,2.2886712111251466,0.0,1.0,0.0,0.0,0.0,0.0
11,155,11.415078093371076,4.5197568835476165,0.0,1.0,1.0,0.0,1.0,1.0
12,155,9.14958246687317,4.4179796784009335,0.0,0.0,0.0,0.0,0.0,0.0
13,155,12.0,7.140402787221142,0.0,0.0,0.0,1.0,0.0,1.0
14,155,6.312067285412794,0.0041865339181831,1.0,1.0,0.0,1.0,0.0,1.0
15,155,11.819271583343516,2.5361905963990594,0.0,1.0,0.0,0.0,0.0,0.0
16,155,0.0,2.6791828597205694,1.0,0.0,0.0,0.0,1.0,1.0
17,155,2.061089113166299,2.289742733120258,0.0,1.0,1.0,0.0,0.0,0.0
18,155,7.309876888015078,3.741188282029906,0.0,0.0,1.0,1.0,0.0,0.0
19,155,3.374240290802957,5.824165126629878,0.0,0.0,0.0,0.0,0.0,1.0
0,160,1.1345147048779394,6.862471191354963,1.0,0.0,0.0,0.0,0.0,0.0
1,160,2.700450968034757,2.839305593311791,0.0,1.0,0.0,1.0,1.0,0.0
2,160,10.570828597561768,4.006004597498261,0.0,1.0,0.0,0.0,0.0,0.0
3,160,3.936047505239389,3.3584322102378663,0.0,0.0,1.0,0.0,0.0,0.0
4,160,0.8822071312312272,7.958820984136836,0.0,0.0,1.0,0.0,1.0,1.0
5,160,0.0337369679482762,1.407129598378048,0.0,0.0,0.0,0.0,0.0,0.0
6,160,0.0,4.899494472470636,1.0,0.0,1.0,0.0,1.0,0.0
7,160,9.331951785709682,12.0,1.0,0.0,0.0,0.0,0.0,0.0
8,160,6.553317610676769,9.318167218402529,0.0,0.0,1.0,1.0,1.0,0.0
9,160,2.570729380633462,9.18744989181101,1.0,0.0,0.0,0.0,1.0,1.0
10,160,5.78028726431084,2.24248817260771,0.0,1.0,0.0,0.0,0.0,0.0
11,160,11.415226211439377,4.488783410114793,0.0,1.0,1.0,0.0,1.0,1.0
12,160,9.184407020874028,4.427803297388945,0.0,0.0,0.0,0.0,0.0,0.0
13,160,12.0,7.161922067952952,0.0,0.0,0.0,1.0,0.0,1.0
14,160,6.317567621566317,0.0,1.0,1.0,0.0,1.0,0.0,1.0
15,160,11.798190616107972,2.5694168871374177,0.0,1.0,0.0,0.0,0.0,0.0
16,160,0.0,2.7146193695786307,1.0,0.0,0.0,0.0,1.0,1.0
17,160,2.107754322943776,2.330913776537064,0.0,1.0,1.0,0.0,0.0,0.0
18,160,7.403518006656458,3.6715669205958448,0.0,0.0,1.0,1.0,0.0,0.0
19,160,3.404560439192917,5.817816264801129,0.0,0.0,0.0,0.0,0.0,1.0
0,165,1.224161052291959,6.698370707495426,1.0,0.0,0.0,0.0,0.0,0.0
1,165,2.6196789050338607,2.8813428511678465,0.0,1.0,0.0,1.0,1.0,0.0
2,165,10.674208651540969,3.983553464216951,0.0,1.0,0.0,0.0,0.0,0.0
3,165,3.935728638232837,3.358067404932471,0.0,0.0,1.0,0.0,0.0,0.0
4,165,0.8356956309886474,7.786549117308162,0.0,0.0,1.0,0.0,1.0,1.0
5,165,0.0261117551684277,1.3990957298543112,0.0,0.0,0.0,0.0,0.0,0.0
6,165,0.0,4.89441464134128,1.0,0.0,1.0,0.0,1.0,0.0
7,165,9.378687293353687,12.0,1.0,0.0,0.0,0.0,0.0,0.0
8,165,6.565587160244828,9.364437893539272,0.0,0.0,1.0,1.0,1.0,0.0
9,165,2.558476191857951,9.140898024585663,1.0,0.0,0.0,0.0,1.0,1.0
10,165,5.775911313825053,2.2043046143109764,0.0,1.0,0.0,0.0,0.0,0.0
11,165,11.41542594365399,4.472690628136345,0.0,1.0,1.0,0.0,1.0,1.0
12,165,9.21870022339608,4.436527951539078,0.0,0.0,0.0,0.0,0.0,0.0
13,165,12.0,7.174942400995545,0.0,0.0,0.0,1.0,0.0,1.0
14,165,6.320156349843743,0.0,1.0,1.0,0.0,1.0,0.0,1.0
15,165,11.786659045942336,2.587803598940964,0.0,1.0,0.0,0.0,0.0,0.0
16,165,0.0,2.735593121969951,1.0,0.0,0.0,0.0,1.0,1.0
17,165,2.15464287139508,2.3707567190867738,0.0,1.0,1.0,0.0,0.0,0.0
18,165,7.501368510641751,3.6002633960511203,0.0,0.0,1.0,1.0,0.0,0.0
19,165,3.4320253162770977,5.812282827918076,0.0,0.0,0.0,0.0,0.0,1.0
0,170,1.300979977747838,6.549725570616582,1.0,0.0,0.0,0.0,0.0,0.0
1,170,2.510924932208013,2.939569298756201,0.0,1.0,0.0,1.0,1.0,0.0
2,170,10.774346807306644,3.9636862862760247,0.0,1.0,0.0,0.0,0.0,0.0
3,170,3.927082057225865,3.347795832486864,0.0,0.0,1.0,0.0,0.0,0.0
4,170,0.7980235909379125,7.63783247950247,0.0,0.0,1.0,0.0,1.0,1.0
5,170,0.0157082018309255,1.3884183532005263,0.0,0.0,0.0,0.0,0.0,0.0
6,170,0.009788802046453,4.905785265317378,1.0,0.0,1.0,0.0,1.0,0.0
7,170,9.420245163166465,12.0,1.0,0.0,0.0,0.0,0.0,0.0
8,170,6.57149570966468,9.384889546172683,0.0,0.0,1.0,1.0,1.0,0.0
9,170,2.546801817520266,9.095912155910842,1.0,0.0,0.0,0.0,1.0,1.0
10,170,5.771764636783041,2.171708346998212,0.0,1.0,0.0,0.0,0.0,0.0
11,170,11.415680320068798,4.458670117251223,0.0,1.0,1.0,0.0,1.0,1.0
12,170,9.25440905331862,4.445974173338644,0.0,0.0,0.0,0.0,0.0,0.0
13,170,12.0,7.20830727391336,0.0,0.0,0.0,1.0,0.0,1.0
14,170,6.321574703244711,0.0,1.0,1.0,0.0,1.0,0.0,1.0
15,170,11.776603164552704,2.6054217239955704,0.0,1.0,0.0,0.0,0.0,0.0
16,170,0.0,2.7534950453611757,1.0,0.0,0.0,0.0,1.0,1.0
17,170,2.184486400295228,2.3967122969477668,0.0,1.0,1.0,0.0,0.0,0.0
18,170,7.609011475009004,3.521019058766903,0.0,0.0,1.0,1.0,0.0,0.0
19,170,3.468896149048433,5.804369584253599,0.0,0.0,0.0,0.0,0.0,1.0
0,175,1.3782516248912051,6.4058093724300935,1.0,0.0,0.0,0.0,0.0,0.0
1,175,2.420330648861518,2.986544819080844,0.0,1.0,0.0,1.0,1.0,0.0
2,175,10.853884837597938,3.947134246674042,0.0,1.0,0.0,0.0,0.0,0.0
3,175,3.920940297001068,3.340160206083451,0.0,0.0,1.0,0.0,0.0,0.0
4,175,0.7591256184585223,7.473219905620954,0.0,0.0,1.0,0.0,1.0,1.0
5,175,0.0,1.3539279300778708,0.0,0.0,0.0,0.0,0.0,0.0
6,175,0.0254984492184795,4.92457861196754,1.0,0.0,1.0,0.0,1.0,0.0
7,175,9.45401458841224,12.0,1.0,0.0,0.0,0.0,0.0,0.0
8,175,6.579684823154705,9.412640066224007,0.0,0.0,1.0,1.0,1.0,0.0
9,175,2.532415719816762,9.039774863508674,1.0,0.0,0.0,0.0,1.0,1.0
10,175,5.765719659667394,2.12232790469456,0.0,1.0,0.0,0.0,0.0,0.0
11,175,11.415684863221347,4.45787518441714,0.0,1.0,1.0,0.0,1.0,1.0
12,175,9.287389616963644,4.455097932191615,0.0,0.0,0.0,0.0,0.0,0.0
13,175,12.0,7.246770016839585,0.0,0.0,0.0,1.0,0.0,1.0
14,175,6.323648219179128,0.0,1.0,1.0,0.0,1.0,0.0,1.0
15,175,11.758678747316925,2.6365315694709923,0.0,1.0,0.0,0.0,0.0,0.0
16,175,0.0,2.7747214673516125,1.0,0.0,0.0,0.0,1.0,1.0
17,175,2.230205389303587,2.4356037619900364,0.0,1.0,1.0,0.0,0.0,0.0
18,175,7.724247461797533,3.4345519954239885,0.0,0.0,1.0,1.0,0.0,0.0
19,175,3.517489471899149,5.792435451334569,0.0,0.0,0.0,0.0,0.0,1.0
0,180,1.4553790047760922,6.264381282264672,1.0,0.0,0.0,0.0,0.0,0.0
1,180,2.323364468968992,3.033296978158217,0.0,1.0,0.0,1.0,1.0,0.0
2,180,10.921449546757314,3.93297054367947,0.0,1.0,0.0,0.0,0.0,0.0
3,180,3.936518285828066,3.3590803807030456,0.0,0.0,1.0,0.0,0.0,0.0
4,180,0.7254303780133122,7.320006080716057,0.0,0.0,1.0,0.0,1.0,1.0
5,180,0.0,1.3186079274070062,0.0,0.0,0.0,0.0,0.0,0.0
6,180,0.0356527901473809,4.936967383446335,1.0,0.0,1.0,0.0,1.0,0.0
7,180,9.497178465653624,12.0,1.0,0.0,0.0,0.0,0.0,0.0
8,180,6.588051028602002,9.440288566419593,0.0,0.0,1.0,1.0,1.0,0.0
9,180,2.510662134180972,8.964166427838613,1.0,0.0,0.0,0.0,1.0,1.0
10,180,5.7582205582294295,2.047046414223235,0.0,1.0,0.0,0.0,0.0,0.0
11,180,11.41626364969061,4.429657093529534,0.0,1.0,1.0,0.0,1.0,1.0
12,180,9.359091738425407,4.4744047881240805,0.0,0.0,0.0,0.0,0.0,0.0
13,180,12.0,7.302763855197363,0.0,0.0,0.0,1.0,0.0,1.0
14,180,6.318623641138745,0.0126055128233949,1.0,1.0,0.0,1.0,0.0,1.0
15,180,11.738427826249447,2.672913070995378,0.0,1.0,0.0,0.0,0.0,0.0
16,180,0.0,2.7868044463000863,1.0,0.0,0.0,0.0,1.0,1.0
17,180,2.265010055706749,2.4655262312235755,0.0,1.0,1.0,0.0,0.0,0.0
18,180,7.837672063590121,3.352055976799732,0.0,0.0,1.0,1.0,0.0,0.0
19,180,3.593625318306049,5.775765142716402,0.0,0.0,0.0,0.0,0.0,1.0
0,185,1.534123445084914,6.119568923257636,1.0,0.0,0.0,0.0,0.0,0.0
1,185,2.2385900021996554,3.074045258942541,0.0,1.0,0.0,1.0,1.0,0.0
2,185,10.94919455682908,3.9275670096496142,0.0,1.0,0.0,0.0,0.0,0.0
3,185,3.958970271292252,3.3864441133652257,0.0,0.0,1.0,0.0,0.0,0.0
4,185,0.6920771637092681,7.165328688939108,0.0,0.0,1.0,0.0,1.0,1.0
5,185,0.0,1.2651939243187138,0.0,0.0,0.0,0.0,0.0,0.0
6,185,0.0411493216903801,4.943352600826645,1.0,0.0,1.0,0.0,1.0,0.0
7,185,9.51807773889307,12.0,1.0,0.0,0.0,0.0,0.0,0.0
8,185,6.602023007358529,9.488607546850934,0.0,0.0,1.0,1.0,1.0,0.0
9,185,2.496897863241024,8.91423475922019,1.0,0.0,0.0,0.0,1.0,1.0
10,185,5.748811041262051,1.9537634613192616,0.0,1.0,0.0,0.0,0.0,0.0
11,185,11.41772248010811,4.396334938024787,0.0,1.0,1.0,0.0,1.0,1.0
12,185,9.437823103609183,4.49458016126589,0.0,0.0,0.0,0.0,0.0,0.0
13,185,12.0,7.337516120512696,0.0,0.0,0.0,1.0,0.0,1.0
14,185,6.299902287452714,0.0591888554662778,1.0,1.0,0.0,1.0,0.0,1.0
15,185,11.70584381989923,2.7300051695213243,0.0,1.0,0.0,0.0,0.0,0.0
16,185,0.0,2.82093837959483,1.0,0.0,0.0,0.0,1.0,1.0
17,185,2.292554319598526,2.489560618884768,0.0,1.0,1.0,0.0,0.0,0.0
18,185,7.944168150406623,3.276188652056732,0.0,0.0,1.0,1.0,0.0,0.0
19,185,3.669555105391639,5.759961687118658,0.0,0.0,0.0,0.0,0.0,1.0
0,190,1.62654863562866,5.957404232928054,1.0,0.0,0.0,0.0,0.0,0.0
1,190,2.164457784647343,3.109177777409038,0.0,1.0,0.0,1.0,1.0,0.0
2,190,10.96659483877482,3.924064806939816,0.0,1.0,0.0,0.0,0.0,0.0
3,190,3.9639691440557687,3.3925719514456265,0.0,0.0,1.0,0.0,0.0,0.0
4,190,0.6665098374670874,7.030006221232474,0.0,0.0,1.0,0.0,1.0,1.0
5,190,0.0,1.220488618866572,0.0,0.0,0.0,0.0,0.0,0.0
6,190,0.0450726821733499,4.948365686995853,1.0,0.0,1.0,0.0,1.0,0.0
7,190,9.548350047907302,12.0,1.0,0.0,0.0,0.0,0.0,0.0
8,190,6.618944669602363,9.547855602345344,0.0,0.0,1.0,1.0,1.0,0.0
9,190,2.484039796018385,8.870556051565075,1.0,0.0,0.0,0.0,1.0,1.0
10,190,5.7365592525105225,1.8556170786562605,0.0,1.0,0.0,0.0,0.0,0.0
11,190,11.418514160144891,4.344890942616159,0.0,1.0,1.0,0.0,1.0,1.0
12,190,9.49905783316923,4.50987100111147,0.0,0.0,0.0,0.0,0.0,0.0
13,190,12.0,7.3874028773850515,0.0,0.0,0.0,1.0,0.0,1.0
14,190,6.278059143484899,0.1100909812061642,1.0,1.0,0.0,1.0,0.0,1.0
15,190,11.674967139543188,2.785692230409546,0.0,1.0,0.0,0.0,0.0,0.0
16,190,0.0,2.877524124625932,1.0,0.0,0.0,0.0,1.0,1.0
17,190,2.3233475083587813,2.516566394434084,0.0,1.0,1.0,0.0,0.0,0.0
18,190,8.051054171712089,3.205055176500329,0.0,0.0,1.0,1.0,0.0,0.0
19,190,3.750605836282926,5.745103638834442,0.0,0.0,0.0,0.0,0.0,1.0
0,195,1.719276174374081,5.792179389399731,1.0,0.0,0.0,0.0,0.0,0.0
1,195,2.084250613942089,3.1470293098285134,0.0,1.0,0.0,1.0,1.0,0.0
2,195,10.999975404431057,3.917170111241761,0.0,1.0,0.0,0.0,0.0,0.0
3,195,3.95134161134145,3.377255102998055,0.0,0.0,1.0,0.0,0.0,0.0
4,195,0.641825026467978,6.892572009880162,0.0,0.0,1.0,0.0,1.0,1.0
5,195,0.0,1.1988901472380324,0.0,0.0,0.0,0.0,0.0,0.0
6,195,0.0577503012280769,4.964682087933086,1.0,0.0,1.0,0.0,1.0,0.0
7,195,9.58520240528793,12.0,1.0,0.0,0.0,0.0,0.0,0.0
8,195,6.635785972351551,9.606653721621884,0.0,0.0,1.0,1.0,1.0,0.0
9,195,2.467092722749705,8.814389933027638,1.0,0.0,0.0,0.0,1.0,1.0
10,195,5.726777672337022,1.7748991856964549,0.0,1.0,0.0,0.0,0.0,0.0
11,195,11.417658626924592,4.308334802974206,0.0,1.0,1.0,0.0,1.0,1.0
12,195,9.552771838100128,4.52328582424076,0.0,0.0,0.0,0.0,0.0,0.0
13,195,12.0,7.424223808561718,0.0,0.0,0.0,1.0,0.0,1.0
14,195,6.254492856224887,0.1603114966062994,1.0,1.0,0.0,1.0,0.0,1.0
15,195,11.647627399895544,2.838960616946053,0.0,1.0,0.0,0.0,0.0,0.0
16,195,0.0,2.9290767307536703,1.0,0.0,0.0,0.0,1.0,1.0
17,195,2.3355932572504208,2.5275419963725967,0.0,1.0,1.0,0.0,0.0,0.0
18,195,8.170252504604871,3.1290287597446795,0.0,0.0,1.0,1.0,0.0,0.0
19,195,3.817560224600333,5.731962707993846,0.0,0.0,0.0,0.0,0.0,1.0
0,200,1.8108665530046175,5.620089971095498,1.0,0.0,0.0,0.0,0.0,0.0
1,200,1.996038171876774,3.187523154029646,0.0,1.0,0.0,1.0,1.0,0.0
2,200,11.025589338127933,3.911358300897259,0.0,1.0,0.0,0.0,0.0,0.0
3,200,3.927237801112075,3.3481481512765843,0.0,0.0,1.0,0.0,0.0,0.0
4,200,0.6197506699327708,6.760952484883099,0.0,0.0,1.0,0.0,1.0,1.0
5,200,0.0,1.1916433387876029,0.0,0.0,0.0,0.0,0.0,0.0
6,200,0.0697020883550892,4.979390056624363,1.0,0.0,1.0,0.0,1.0,0.0
7,200,9.629767017147715,12.0,1.0,0.0,0.0,0.0,0.0,0.0
8,200,6.668183666121952,9.70890886773286,0.0,0.0,1.0,1.0,1.0,0.0
9,200,2.450545632277594,8.758802836686616,1.0,0.0,0.0,0.0,1.0,1.0
10,200,5.718010351211833,1.7127722748080758,0.0,1.0,0.0,0.0,0.0,0.0
11,200,11.414968075514375,4.262477973934476,0.0,1.0,1.0,0.0,1.0,1.0
12,200,9.603999167089174,4.535194376805819,0.0,0.0,0.0,0.0,0.0,0.0
13,200,12.0,7.464826468009392,0.0,0.0,0.0,1.0,0.0,1.0
14,200,6.242103862805172,0.1881076376020115,1.0,1.0,0.0,1.0,0.0,1.0
15,200,11.602093504293192,2.922800699139056,0.0,1.0,0.0,0.0,0.0,0.0
16,200,0.0,2.966448542268567,1.0,0.0,0.0,0.0,1.0,1.0
17,200,2.353493162450833,2.543926480455311,0.0,1.0,1.0,0.0,0.0,0.0
18,200,8.285191894433671,3.055517503823578,0.0,0.0,1.0,1.0,0.0,0.0
19,200,3.875554897712541,5.722626690964524,0.0,0.0,0.0,0.0,0.0,1.0
0,205,1.9199807560730784,5.415316851730931,1.0,0.0,0.0,0.0,0.0,0.0
1,205,1.9083469380775488,3.2276429414295795,0.0,1.0,0.0,1.0,1.0,0.0
2,205,11.05821400388876,3.9046845739330136,0.0,1.0,0.0,0.0,0.0,0.0
3,205,3.91307874417296,3.3309787373485764,0.0,0.0,1.0,0.0,0.0,0.0
4,205,0.5984118660933667,6.628744354631177,0.0,0.0,1.0,0.0,1.0,1.0
5,205,0.0,1.175576501190447,0.0,0.0,0.0,0.0,0.0,0.0
6,205,0.0907200926946254,5.004655851045426,1.0,0.0,1.0,0.0,1.0,0.0
7,205,9.66239404358681,12.0,1.0,0.0,0.0,0.0,0.0,0.0
8,205,6.707695169947991,9.82579967495604,0.0,0.0,1.0,1.0,1.0,0.0
9,205,2.432292542105193,8.683183974199506,1.0,0.0,0.0,0.0,1.0,1.0
10,205,5.711605318913776,1.665328698470261,0.0,1.0,0.0,0.0,0.0,0.0
11,205,11.410909608558772,4.21118759130001,0.0,1.0,1.0,0.0,1.0,1.0
12,205,9.665489960283873,4.5496453993981545,0.0,0.0,0.0,0.0,0.0,0.0
13,205,12.0,7.512902126089219,0.0,0.0,0.0,1.0,0.0,1.0
14,205,6.238064861613958,0.1970149856578902,1.0,1.0,0.0,1.0,0.0,1.0
15,205,11.5590348349993,3.0049946208094886,0.0,1.0,0.0,0.0,0.0,0.0
16,205,0.0,2.9924088854395854,1.0,0.0,0.0,0.0,1.0,1.0
17,205,2.373917593125681,2.563574519999362,0.0,1.0,1.0,0.0,0.0,0.0
18,205,8.401283519137019,2.978188780351402,0.0,0.0,1.0,1.0,0.0,0.0
19,205,3.944906635852398,5.7112134008793625,0.0,0.0,0.0,0.0,0.0,1.0
0,210,2.020122609122109,5.219176196020906,1.0,0.0,0.0,0.0,0.0,0.0
1,210,1.79885216242876,3.2755721381876977,0.0,1.0,0.0,1.0,1.0,0.0
2,210,11.097488322583656,3.8957720799686495,0.0,1.0,0.0,0.0,0.0,0.0
3,210,3.903248028930581,3.318928424096965,0.0,0.0,1.0,0.0,0.0,0.0
4,210,0.5770365578437756,6.502977526199463,0.0,0.0,1.0,0.0,1.0,1.0
5,210,0.0,1.1719417811292785,0.0,0.0,0.0,0.0,0.0,0.0
6,210,0.1369636267081409,5.059771921592057,1.0,0.0,1.0,0.0,1.0,0.0
7,210,9.711783990298482,12.0,1.0,0.0,0.0,0.0,0.0,0.0
8,210,6.747970901190332,9.941724323175333,0.0,0.0,1.0,1.0,1.0,0.0
9,210,2.406399281145022,8.580062499865386,1.0,0.0,0.0,0.0,1.0,1.0
10,210,5.706098730431338,1.6153913679203695,0.0,1.0,0.0,0.0,0.0,0.0
11,210,11.404392199052063,4.145272967153177,0.0,1.0,1.0,0.0,1.0,1.0
12,210,9.710596930012352,4.559625094394414,0.0,0.0,0.0,0.0,0.0,0.0
13,210,12.0,7.557848145686659,0.0,0.0,0.0,1.0,0.0,1.0
14,210,6.24503433119419,0.1820565339216517,1.0,1.0,0.0,1.0,0.0,1.0
15,210,11.516098719602326,3.08398443838937,0.0,1.0,0.0,0.0,0.0,0.0
16,210,0.0,3.004321101132207,1.0,0.0,0.0,0.0,1.0,1.0
17,210,2.3756945768398907,2.5653522659437056,0.0,1.0,1.0,0.0,0.0,0.0
18,210,8.514665892687473,2.9070911231909324,0.0,0.0,1.0,1.0,0.0,0.0
19,210,4.002736648439258,5.701119891725357,0.0,0.0,0.0,0.0,0.0,1.0
0,215,2.1199564252740504,5.021726438413411,1.0,0.0,0.0,0.0,0.0,0.0
1,215,1.692356827881985,3.320337529180001,0.0,1.0,0.0,1.0,1.0,0.0
2,215,11.154354120569051,3.8839497601303576,0.0,1.0,0.0,0.0,0.0,0.0
3,215,3.896440825857173,3.3103857628853133,0.0,0.0,1.0,0.0,0.0,0.0
4,215,0.5538136554284652,6.369348657202536,0.0,0.0,1.0,0.0,1.0,1.0
5,215,0.0,1.1599807929596655,0.0,0.0,0.0,0.0,0.0,0.0
6,215,0.173898157232786,5.105457828815938,1.0,0.0,1.0,0.0,1.0,0.0
7,215,9.76527688587841,12.0,1.0,0.0,0.0,0.0,0.0,0.0
8,215,6.791803019249328,10.057195432912213,0.0,0.0,1.0,1.0,1.0,0.0
9,215,2.3795304041856413,8.475238372914285,1.0,0.0,0.0,0.0,1.0,1.0
10,215,5.701778385876146,1.5653424344508475,0.0,1.0,0.0,0.0,0.0,0.0
11,215,11.397116616909091,4.0821409626942025,0.0,1.0,1.0,0.0,1.0,1.0
12,215,9.743882075444644,4.566871145414688,0.0,0.0,0.0,0.0,0.0,0.0
13,215,12.0,7.597674248067747,0.0,0.0,0.0,1.0,0.0,1.0
14,215,6.251936971820326,0.1677476833906268,1.0,1.0,0.0,1.0,0.0,1.0
15,215,11.474508931824596,3.1608824490888097,0.0,1.0,0.0,0.0,0.0,0.0
16,215,0.0,3.0218787980857766,1.0,0.0,0.0,0.0,1.0,1.0
17,215,2.3914564765071824,2.580912071575735,0.0,1.0,1.0,0.0,0.0,0.0
18,215,8.63874132092029,2.829890679489781,0.0,0.0,1.0,1.0,0.0,0.0
19,215,4.071548581591779,5.688539633068093,0.0,0.0,0.0,0.0,0.0,1.0
0,220,2.2220118613495474,4.823228781644223,1.0,0.0,0.0,0.0,0.0,0.0
1,220,1.5913083994999158,3.36114820106969,0.0,1.0,0.0,1.0,1.0,0.0
2,220,11.192519365576418,3.876169994608638,0.0,1.0,0.0,0.0,0.0,0.0
3,220,3.899473670725744,3.314482541834724,0.0,0.0,1.0,0.0,0.0,0.0
4,220,0.5263314215601802,6.200283445100183,0.0,0.0,1.0,0.0,1.0,1.0
5,220,0.0,1.1353391379388025,0.0,0.0,0.0,0.0,0.0,0.0
6,220,0.2248862600547929,5.165174310854254,1.0,0.0,1.0,0.0,1.0,0.0
7,220,9.821880104163323,12.0,1.0,0.0,0.0,0.0,0.0,0.0
8,220,6.831877662389985,10.161656594824263,0.0,0.0,1.0,1.0,1.0,0.0
9,220,2.354126833702517,8.373272286344907,1.0,0.0,0.0,0.0,1.0,1.0
10,220,5.696720189500183,1.5094887836728517,0.0,1.0,0.0,0.0,0.0,0.0
11,220,11.390019664373185,4.029286595663741,0.0,1.0,1.0,0.0,1.0,1.0
12,220,9.785351895838811,4.575244721092419,0.0,0.0,0.0,0.0,0.0,0.0
13,220,12.0,7.640034152255937,0.0,0.0,0.0,1.0,0.0,1.0
14,220,6.26191556276764,0.1486903398541549,1.0,1.0,0.0,1.0,0.0,1.0
15,220,11.434721103027114,3.237066544411735,0.0,1.0,0.0,0.0,0.0,0.0
16,220,0.0,3.036591919391304,1.0,0.0,0.0,0.0,1.0,1.0
17,220,2.3924107953234883,2.581904893491978,0.0,1.0,1.0,0.0,0.0,0.0
18,220,8.778455518881211,2.7431790527254134,0.0,0.0,1.0,1.0,0.0,0.0
19,220,4.141304637614184,5.677609546636806,0.0,0.0,0.0,0.0,0.0,1.0
0,225,2.333023512516731,4.616105957227453,1.0,0.0,0.0,0.0,0.0,0.0
1,225,1.501631409078632,3.3984798266482428,0.0,1.0,0.0,1.0,1.0,0.0
2,225,11.244155275225449,3.865783252140111,0.0,1.0,0.0,0.0,0.0,0.0
3,225,3.9077931786677778,3.325736744716965,0.0,0.0,1.0,0.0,0.0,0.0
4,225,0.497116638309557,6.020545080980012,0.0,0.0,1.0,0.0,1.0,1.0
5,225,0.0,1.1069828174012335,0.0,0.0,0.0,0.0,0.0,0.0
6,225,0.2806205658381921,5.2272501659592026,1.0,0.0,1.0,0.0,1.0,0.0
7,225,9.880656962418106,12.0,1.0,0.0,0.0,0.0,0.0,0.0
8,225,6.8714947990916,10.268589888650393,0.0,0.0,1.0,1.0,1.0,0.0
9,225,2.327792089862391,8.27172705182244,1.0,0.0,0.0,0.0,1.0,1.0
10,225,5.690671948137136,1.4396239795596013,0.0,1.0,0.0,0.0,0.0,0.0
11,225,11.381862988783649,3.969253854436791,0.0,1.0,1.0,0.0,1.0,1.0
12,225,9.832849237491487,4.584010800841562,0.0,0.0,0.0,0.0,0.0,0.0
13,225,12.0,7.700132234802968,0.0,0.0,0.0,1.0,0.0,1.0
14,225,6.272249992445789,0.1297961474455468,1.0,1.0,0.0,1.0,0.0,1.0
15,225,11.391617941164196,3.32238929878704,0.0,1.0,0.0,0.0,0.0,0.0
16,225,0.0,3.036986896240053,1.0,0.0,0.0,0.0,1.0,1.0
17,225,2.398690663353765,2.5880280615902085,0.0,1.0,1.0,0.0,0.0,0.0
18,225,8.930922856586898,2.6476666272672342,0.0,0.0,1.0,1.0,0.0,0.0
19,225,4.224090445984268,5.664374539213931,0.0,0.0,0.0,0.0,0.0,1.0
0,230,2.439651936989732,4.408986149417882,1.0,0.0,0.0,0.0,0.0,0.0
1,230,1.398073889427628,3.4425128213441183,0.0,1.0,0.0,1.0,1.0,0.0
2,230,11.317310433212109,3.850792781613703,0.0,1.0,0.0,0.0,0.0,0.0
3,230,3.911013532377334,3.330008961867718,0.0,0.0,1.0,0.0,0.0,0.0
4,230,0.4674865109036099,5.823480389067883,0.0,0.0,1.0,0.0,1.0,1.0
5,230,0.0,1.0615258150623896,0.0,0.0,0.0,0.0,0.0,0.0
6,230,0.3207484720478037,5.271496118296322,1.0,0.0,1.0,0.0,1.0,0.0
7,230,9.944131067761507,12.0,1.0,0.0,0.0,0.0,0.0,0.0
8,230,6.906076100406361,10.364048407780643,0.0,0.0,1.0,1.0,1.0,0.0
9,230,2.30664429390867,8.189240216738655,1.0,0.0,0.0,0.0,1.0,1.0
10,230,5.683546868107864,1.363280073543767,0.0,1.0,0.0,0.0,0.0,0.0
11,230,11.373352376885435,3.900811967025201,0.0,1.0,1.0,0.0,1.0,1.0
12,230,9.897227933537811,4.59650629824292,0.0,0.0,0.0,0.0,0.0,0.0
13,230,12.0,7.761147794831638,0.0,0.0,0.0,1.0,0.0,1.0
14,230,6.278122016755592,0.1192280205598401,1.0,1.0,0.0,1.0,0.0,1.0
15,230,11.35949209203155,3.38253408004799,0.0,1.0,0.0,0.0,0.0,0.0
16,230,0.0026401974147097,3.031988330346859,1.0,0.0,0.0,0.0,1.0,1.0
17,230,2.398386126173811,2.587744251000799,0.0,1.0,1.0,0.0,0.0,0.0
18,230,9.070324884614791,2.558687043594919,0.0,0.0,1.0,1.0,0.0,0.0
19,230,4.315759512591703,5.651835368072805,0.0,0.0,0.0,0.0,0.0,1.0
0,235,2.544222289009683,4.204238838872409,1.0,0.0,0.0,0.0,0.0,0.0
1,235,1.2967249941323795,3.4884638338824927,0.0,1.0,0.0,1.0,1.0,0.0
2,235,11.401540741355284,3.832970793237025,0.0,1.0,0.0,0.0,0.0,0.0
3,235,3.897994652557029,3.3115570100731544,0.0,0.0,1.0,0.0,0.0,0.0
4,235,0.4347943785272665,5.603806132447806,0.0,0.0,1.0,0.0,1.0,1.0
5,235,0.0,1.0182553086820991,0.0,0.0,0.0,0.0,0.0,0.0
6,235,0.3762023864139996,5.334689148873683,1.0,0.0,1.0,0.0,1.0,0.0
7,235,10.013311053832354,12.0,1.0,0.0,0.0,0.0,0.0,0.0
8,235,6.949459980197691,10.474941053800096,0.0,0.0,1.0,1.0,1.0,0.0
9,235,2.286229459539939,8.11030829437911,1.0,0.0,0.0,0.0,1.0,1.0
10,235,5.674771592981571,1.2843908407704254,0.0,1.0,0.0,0.0,0.0,0.0
11,235,11.362704542842591,3.816182362750968,0.0,1.0,1.0,0.0,1.0,1.0
12,235,9.983204910590269,4.610972935671124,0.0,0.0,0.0,0.0,0.0,0.0
13,235,12.0,7.812624274084288,0.0,0.0,0.0,1.0,0.0,1.0
14,235,6.270597991026785,0.1331528668206209,1.0,1.0,0.0,1.0,0.0,1.0
15,235,11.32088510797333,3.4563072948796325,0.0,1.0,0.0,0.0,0.0,0.0
16,235,0.0,3.037641715549012,1.0,0.0,0.0,0.0,1.0,1.0
17,235,2.3915061973113336,2.581260219262129,0.0,1.0,1.0,0.0,0.0,0.0
18,235,9.157581163828226,2.699509745143611,0.0,0.0,1.0,1.0,0.0,0.0
19,235,4.418646550741597,5.6377230088251045,0.0,0.0,0.0,0.0,0.0,1.0
0,240,2.637610528704317,4.016336106089274,1.0,0.0,0.0,0.0,0.0,0.0
1,240,1.1898322620516997,3.5313436717919013,0.0,1.0,0.0,1.0,1.0,0.0
2,240,11.491408515875758,3.811762160734717,0.0,1.0,0.0,0.0,0.0,0.0
3,240,3.8840887387143774,3.292629780516458,0.0,0.0,1.0,0.0,0.0,0.0
4,240,0.4002778862198006,5.396009753186956,0.0,0.0,1.0,0.0,1.0,1.0
5,240,0.0,0.988717087837048,0.0,0.0,0.0,0.0,0.0,0.0
6,240,0.4407909318930654,5.4096451273871455,1.0,0.0,1.0,0.0,1.0,0.0
7,240,10.073920656946283,12.0,1.0,0.0,0.0,0.0,0.0,0.0
8,240,6.99878953203542,10.596120791477189,0.0,0.0,1.0,1.0,1.0,0.0
9,240,2.261796125998654,8.006496682953667,1.0,0.0,0.0,0.0,1.0,1.0
10,240,5.664113311905923,1.2052302681604694,0.0,1.0,0.0,0.0,0.0,0.0
11,240,11.352000639532028,3.738943359356768,0.0,1.0,1.0,0.0,1.0,1.0
12,240,10.064474056517833,4.625130954100989,0.0,0.0,0.0,0.0,0.0,0.0
13,240,12.0,7.869111414354468,0.0,0.0,0.0,1.0,0.0,1.0
14,240,6.270616321619754,0.1331177460543526,1.0,1.0,0.0,1.0,0.0,1.0
15,240,11.28647399893505,3.5223640575301016,0.0,1.0,0.0,0.0,0.0,0.0
16,240,0.0095148187965803,3.0180611610114543,1.0,0.0,0.0,0.0,1.0,1.0
17,240,2.367119834612177,2.5570902013865613,0.0,1.0,1.0,0.0,0.0,0.0
18,240,9.24554885159794,2.848728312179114,0.0,0.0,1.0,1.0,0.0,0.0
19,240,4.522633666205585,5.624530884013989,0.0,0.0,0.0,0.0,0.0,1.0
0,245,2.732169135896785,3.820915025033571,1.0,0.0,0.0,0.0,0.0,0.0
1,245,1.0782670550116111,3.574291977518508,0.0,1.0,0.0,1.0,1.0,0.0
2,245,11.585378516779883,3.790671157656885,0.0,1.0,0.0,0.0,0.0,0.0
3,245,3.86458265471375,3.2656448849727653,0.0,0.0,1.0,0.0,0.0,0.0
4,245,0.362677337983357,5.171045459166505,0.0,0.0,1.0,0.0,1.0,1.0
5,245,0.0,0.9532459131538604,0.0,0.0,0.0,0.0,0.0,0.0
6,245,0.5106308456159558,5.492239247139309,1.0,0.0,1.0,0.0,1.0,0.0
7,245,10.130980305034312,12.0,1.0,0.0,0.0,0.0,0.0,0.0
8,245,7.052943752800669,10.723466515017549,0.0,0.0,1.0,1.0,1.0,0.0
9,245,2.237456868100523,7.907094379444464,1.0,0.0,0.0,0.0,1.0,1.0
10,245,5.652762420988806,1.123138626159596,0.0,1.0,0.0,0.0,0.0,0.0
11,245,11.34285620071564,3.672767101872493,0.0,1.0,1.0,0.0,1.0,1.0
12,245,10.12727210362134,4.6369779162536044,0.0,0.0,0.0,0.0,0.0,0.0
13,245,12.0,7.933139738067881,0.0,0.0,0.0,1.0,0.0,1.0
14,245,6.277640057416595,0.1205832577231226,1.0,1.0,0.0,1.0,0.0,1.0
15,245,11.257572176722046,3.579248266361727,0.0,1.0,0.0,0.0,0.0,0.0
16,245,0.0242956750968391,2.987877599114298,1.0,0.0,0.0,0.0,1.0,1.0
17,245,2.3313582675346867,2.524327790768242,0.0,1.0,1.0,0.0,0.0,0.0
18,245,9.333521138892154,2.992197035240168,0.0,0.0,1.0,1.0,0.0,0.0
19,245,4.609494088242299,5.616707089073482,0.0,0.0,0.0,0.0,0.0,1.0
0,250,2.8332060865894504,3.61308345941603,1.0,0.0,0.0,0.0,0.0,0.0
1,250,0.969015259604458,3.614552831866158,0.0,1.0,0.0,1.0,1.0,0.0
2,250,11.687678825115544,3.76529977319085,0.0,1.0,0.0,0.0,0.0,0.0
3,250,3.850452605391575,3.2458457538229686,0.0,0.0,1.0,0.0,0.0,0.0
4,250,0.3244416204128349,4.929496529078038,0.0,0.0,1.0,0.0,1.0,1.0
5,250,0.0,0.9047298106674886,0.0,0.0,0.0,0.0,0.0,0.0
6,250,0.5842294268136476,5.578405893889184,1.0,0.0,1.0,0.0,1.0,0.0
7,250,10.17490837223582,12.0,1.0,0.0,0.0,0.0,0.0,0.0
8,250,7.119144342170425,10.868563371196798,0.0,0.0,1.0,1.0,1.0,0.0
9,250,2.2217255730591505,7.838184353203415,1.0,0.0,0.0,0.0,1.0,1.0
10,250,5.637925062506861,1.021315515151323,0.0,1.0,0.0,0.0,0.0,0.0
11,250,11.332821779599817,3.605629613310312,0.0,1.0,1.0,0.0,1.0,1.0
12,250,10.205605718308568,4.650914897077139,0.0,0.0,0.0,0.0,0.0,0.0
13,250,12.0,7.984739029413641,0.0,0.0,0.0,1.0,0.0,1.0
14,250,6.2725455604685605,0.1300411389624337,1.0,1.0,0.0,1.0,0.0,1.0
15,250,11.230426837866949,3.6352958641862423,0.0,1.0,0.0,0.0,0.0,0.0
16,250,0.0359121118052247,2.96474875484531,1.0,0.0,0.0,0.0,1.0,1.0
17,250,2.306861505107375,2.501866927864065,0.0,1.0,1.0,0.0,0.0,0.0
18,250,9.422439543419443,3.1321027303648274,0.0,0.0,1.0,1.0,0.0,0.0
19,250,4.683039288396396,5.612338913520885,0.0,0.0,0.0,0.0,0.0,1.0
0,255,2.943077969848644,3.37512828789941,1.0,0.0,0.0,0.0,0.0,0.0
1,255,0.8774350070917596,3.646997689962831,0.0,1.0,0.0,1.0,1.0,0.0
2,255,11.817316754878256,3.732551069261457,0.0,1.0,0.0,0.0,0.0,0.0
3,255,3.838492154739489,3.2297699457775533,0.0,0.0,1.0,0.0,0.0,0.0
4,255,0.2768906446702858,4.684309244243161,0.0,0.0,1.0,0.0,1.0,1.0
5,255,0.0,0.8600644213044035,0.0,0.0,0.0,0.0,0.0,0.0
6,255,0.6662664178179641,5.672678439095581,1.0,0.0,1.0,0.0,1.0,0.0
7,255,10.213939110594444,12.0,1.0,0.0,0.0,0.0,0.0,0.0
8,255,7.178390969925223,11.006748426174218,0.0,0.0,1.0,1.0,1.0,0.0
9,255,2.2048172825509504,7.768522989705718,1.0,0.0,0.0,0.0,1.0,1.0
10,255,5.621544715322496,0.9101775502713132,0.0,1.0,0.0,0.0,0.0,0.0
11,255,11.326120190100015,3.560388045954736,0.0,1.0,1.0,0.0,1.0,1.0
12,255,10.297737843738808,4.670445088932499,0.0,0.0,0.0,0.0,0.0,0.0
13,255,12.0,8.0416928302283,0.0,0.0,0.0,1.0,0.0,1.0
14,255,6.262826887942502,0.147898561560236,1.0,1.0,0.0,1.0,0.0,1.0
15,255,11.203601428805165,3.693532754129659,0.0,1.0,0.0,0.0,0.0,0.0
16,255,0.0577410664527421,2.923372382521019,1.0,0.0,0.0,0.0,1.0,1.0
17,255,2.275252501630753,2.474710765423521,0.0,1.0,1.0,0.0,0.0,0.0
18,255,9.513319618524738,3.2766639292152084,0.0,0.0,1.0,1.0,0.0,0.0
19,255,4.753253945274489,5.610522252522254,0.0,0.0,0.0,0.0,0.0,1.0
0,260,3.0434813614377405,3.1558330765874105,1.0,0.0,0.0,0.0,0.0,0.0
1,260,0.7769273596529994,3.681513021213041,0.0,1.0,0.0,1.0,1.0,0.0
2,260,11.935568252656187,3.701548571685184,0.0,1.0,0.0,0.0,0.0,0.0
3,260,3.832137462668498,3.221096445032565,0.0,0.0,1.0,0.0,0.0,0.0
4,260,0.2353964520147131,4.43696309617834,0.0,0.0,1.0,0.0,1.0,1.0
5,260,0.0,0.8289755884684249,0.0,0.0,0.0,0.0,0.0,0.0
6,260,0.7442179362794245,5.759315671385342,1.0,0.0,1.0,0.0,1.0,0.0
7,260,10.257232177332051,12.0,1.0,0.0,0.0,0.0,0.0,0.0
8,260,7.239864498169542,11.140555996985317,0.0,0.0,1.0,1.0,1.0,0.0
9,260,2.187004421548194,7.691307182245312,1.0,0.0,0.0,0.0,1.0,1.0
10,260,5.604248418113143,0.792118782477712,0.0,1.0,0.0,0.0,0.0,0.0
11,260,11.320639275026457,3.5199869010895464,0.0,1.0,1.0,0.0,1.0,1.0
12,260,10.3847996730636,4.690780142981758,0.0,0.0,0.0,0.0,0.0,0.0
13,260,12.0,8.089589427803526,0.0,0.0,0.0,1.0,0.0,1.0
14,260,6.243520180051392,0.1839626827874375,1.0,1.0,0.0,1.0,0.0,1.0
15,260,11.175935836302694,3.760896534439341,0.0,1.0,0.0,0.0,0.0,0.0
16,260,0.0799960326188265,2.880061086567805,1.0,0.0,0.0,0.0,1.0,1.0
17,260,2.258583429200512,2.4594661554543245,0.0,1.0,1.0,0.0,0.0,0.0
18,260,9.60562665851377,3.4188104288245382,0.0,0.0,1.0,1.0,0.0,0.0
19,260,4.811886898501406,5.608244273487839,0.0,0.0,0.0,0.0,0.0,1.0
0,265,3.142210405663989,2.932665638332029,1.0,0.0,0.0,0.0,0.0,0.0
1,265,0.6742615591922954,3.716919258494111,0.0,1.0,0.0,1.0,1.0,0.0
2,265,12.0,3.6704389329323015,0.0,1.0,0.0,0.0,0.0,0.0
3,265,3.821496804164948,3.207264434806019,0.0,0.0,1.0,0.0,0.0,0.0
4,265,0.0101621878289158,4.477995663959176,0.0,0.0,1.0,0.0,1.0,1.0
5,265,0.0,0.8009963041684801,0.0,0.0,0.0,0.0,0.0,0.0
6,265,0.8213482657325014,5.847932192696803,1.0,0.0,1.0,0.0,1.0,0.0
7,265,10.308738231520127,12.0,1.0,0.0,0.0,0.0,0.0,0.0
8,265,7.303370291949755,11.27865901999311,0.0,0.0,1.0,1.0,1.0,0.0
9,265,2.166192972297329,7.616431025183697,1.0,0.0,0.0,0.0,1.0,1.0
10,265,5.581098815545088,0.6563924053526975,0.0,1.0,0.0,0.0,0.0,0.0
11,265,11.317571607112336,3.496743206190808,0.0,1.0,1.0,0.0,1.0,1.0
12,265,10.46439663970733,4.708119222708578,0.0,0.0,0.0,0.0,0.0,0.0
13,265,12.0,8.148688484949071,0.0,0.0,0.0,1.0,0.0,1.0
14,265,6.232905229450798,0.2046819204068902,1.0,1.0,0.0,1.0,0.0,1.0
15,265,11.150872794089862,3.8227938705203433,0.0,1.0,0.0,0.0,0.0,0.0
16,265,0.1081607118796338,2.8211953186261223,1.0,0.0,0.0,0.0,1.0,1.0
17,265,2.2624396899077204,2.4550571156159022,0.0,1.0,1.0,0.0,0.0,0.0
18,265,9.70930899672201,3.5648801424776786,0.0,0.0,1.0,1.0,0.0,0.0
19,265,4.848815331733686,5.607387380281837,0.0,0.0,0.0,0.0,0.0,1.0
0,270,3.2242591424290623,2.74550011426964,1.0,0.0,0.0,0.0,0.0,0.0
1,270,0.5840302592593217,3.747063450858819,0.0,1.0,0.0,1.0,1.0,0.0
2,270,12.0,3.642232171831357,0.0,1.0,0.0,0.0,0.0,0.0
3,270,3.8253237197335705,3.212188124139244,0.0,0.0,1.0,0.0,0.0,0.0
4,270,0.0,4.51609204282076,0.0,0.0,1.0,0.0,1.0,1.0
5,270,0.0,0.7748106953709205,0.0,0.0,0.0,0.0,0.0,0.0
6,270,0.902026894867987,5.941914120154,1.0,0.0,1.0,0.0,1.0,0.0
7,270,10.364404234012127,12.0,1.0,0.0,0.0,0.0,0.0,0.0
8,270,7.360898909986125,11.413550612532685,0.0,0.0,1.0,1.0,1.0,0.0
9,270,2.1513305900140325,7.561993758512053,1.0,0.0,0.0,0.0,1.0,1.0
10,270,5.558764825315981,0.5176968768678971,0.0,1.0,0.0,0.0,0.0,0.0
11,270,11.311733899367738,3.454427250791325,0.0,1.0,1.0,0.0,1.0,1.0
12,270,10.545289396183945,4.724800334251354,0.0,0.0,0.0,0.0,0.0,0.0
13,270,12.0,8.195788935107862,0.0,0.0,0.0,1.0,0.0,1.0
14,270,6.211124249419024,0.2462660714843157,1.0,1.0,0.0,1.0,0.0,1.0
15,270,11.123268762187266,3.883489675433223,0.0,1.0,0.0,0.0,0.0,0.0
16,270,0.149968768496885,2.7356054401753105,1.0,0.0,0.0,0.0,1.0,1.0
17,270,2.26509693132005,2.452125953898181,0.0,1.0,1.0,0.0,0.0,0.0
18,270,9.803288186634646,3.699416561053706,0.0,0.0,1.0,1.0,0.0,0.0
19,270,4.884601903630489,5.607586196101379,0.0,0.0,0.0,0.0,0.0,1.0
0,275,3.306475153432648,2.543634930048504,1.0,0.0,0.0,0.0,0.0,0.0
1,275,0.469127481838262,3.783263725741151,0.0,1.0,0.0,1.0,1.0,0.0
2,275,12.0,3.620368556327001,0.0,1.0,0.0,0.0,0.0,0.0
3,275,3.836396491050092,3.226375717197937,0.0,0.0,1.0,0.0,0.0,0.0
4,275,0.0,4.547846176941774,0.0,0.0,1.0,0.0,1.0,1.0
5,275,0.0,0.7384772774421756,0.0,0.0,0.0,0.0,0.0,0.0
6,275,0.978438058467198,6.034011935561188,1.0,0.0,1.0,0.0,1.0,0.0
7,275,10.418811048790689,12.0,1.0,0.0,0.0,0.0,0.0,0.0
8,275,7.422694464383289,11.54675206504328,0.0,0.0,1.0,1.0,1.0,0.0
9,275,2.1392570910378854,7.519548783041847,1.0,0.0,0.0,0.0,1.0,1.0
10,275,5.534426078375634,0.3729992801709763,0.0,1.0,0.0,0.0,0.0,0.0
11,275,11.30490252324697,3.408999590371285,0.0,1.0,1.0,0.0,1.0,1.0
12,275,10.612694705441422,4.738348911786163,0.0,0.0,0.0,0.0,0.0,0.0
13,275,12.0,8.22958504646426,0.0,0.0,0.0,1.0,0.0,1.0
14,275,6.191865645905732,0.2824287937056644,1.0,1.0,0.0,1.0,0.0,1.0
15,275,11.101089033062488,3.931141053773272,0.0,1.0,0.0,0.0,0.0,0.0
16,275,0.1928360853311925,2.647796915210004,1.0,0.0,0.0,0.0,1.0,1.0
17,275,2.258605728642268,2.459942131984392,0.0,1.0,1.0,0.0,0.0,0.0
18,275,9.90483379411356,3.84622011650319,0.0,0.0,1.0,1.0,0.0,0.0
19,275,4.926098798992443,5.608124752591427,0.0,0.0,0.0,0.0,0.0,1.0
0,280,3.397307301929256,2.317881368539221,1.0,0.0,0.0,0.0,0.0,0.0
1,280,0.3630109943638335,3.817733242690173,0.0,1.0,0.0,1.0,1.0,0.0
2,280,12.0,3.60494538168334,0.0,1.0,0.0,0.0,0.0,0.0
3,280,3.840017109536194,3.231307616991009,0.0,0.0,1.0,0.0,0.0,0.0
4,280,0.0,4.573070730808442,0.0,0.0,1.0,0.0,1.0,1.0
5,280,0.0,0.7023927409792087,0.0,0.0,0.0,0.0,0.0,0.0
6,280,1.0379099271921353,6.104089488857103,1.0,0.0,1.0,0.0,1.0,0.0
7,280,10.474690813266312,12.0,1.0,0.0,0.0,0.0,0.0,0.0
8,280,7.486208364387553,11.680510704383812,0.0,0.0,1.0,1.0,1.0,0.0
9,280,2.1264952650125952,7.472273828387808,1.0,0.0,0.0,0.0,1.0,1.0
10,280,5.517708920104547,0.2516817671634668,0.0,1.0,0.0,0.0,0.0,0.0
11,280,11.298503122905355,3.371426400229113,0.0,1.0,1.0,0.0,1.0,1.0
12,280,10.661808101064857,4.746997848363644,0.0,0.0,0.0,0.0,0.0,0.0
13,280,12.0,8.269513060540376,0.0,0.0,0.0,1.0,0.0,1.0
14,280,6.176541404415006,0.3102406348183819,1.0,1.0,0.0,1.0,0.0,1.0
15,280,11.0804845435698,3.97415218656676,0.0,1.0,0.0,0.0,0.0,0.0
16,280,0.231321524454253,2.5670521550600123,1.0,0.0,0.0,0.0,1.0,1.0
17,280,2.2504864265423667,2.469533745148389,0.0,1.0,1.0,0.0,0.0,0.0
18,280,10.008195174014404,3.995900663096491,0.0,0.0,1.0,1.0,0.0,0.0
19,280,4.981247379111575,5.609743284894719,0.0,0.0,0.0,0.0,0.0,1.0
0,285,3.4979279958083427,2.0615043533463404,1.0,0.0,0.0,0.0,0.0,0.0
1,285,0.2683020144523456,3.851736024624439,0.0,1.0,0.0,1.0,1.0,0.0
2,285,12.0,3.586231284945003,0.0,1.0,0.0,0.0,0.0,0.0
3,285,3.84136343705822,3.2331834193557207,0.0,0.0,1.0,0.0,0.0,0.0
4,285,0.0,4.598441875639157,0.0,0.0,1.0,0.0,1.0,1.0
5,285,0.0,0.6924002963378616,0.0,0.0,0.0,0.0,0.0,0.0
6,285,1.0948170026825863,6.165823707009458,1.0,0.0,1.0,0.0,1.0,0.0
7,285,10.536108946564866,12.0,1.0,0.0,0.0,0.0,0.0,0.0
8,285,7.555888959542454,11.818099622664828,0.0,0.0,1.0,1.0,1.0,0.0
9,285,2.112829216131069,7.41959062914522,1.0,0.0,0.0,0.0,1.0,1.0
10,285,5.49706736546888,0.1204536133641321,0.0,1.0,0.0,0.0,0.0,0.0
11,285,11.293992213957608,3.3408958918058387,0.0,1.0,1.0,0.0,1.0,1.0
12,285,10.70270154326584,4.755210686557537,0.0,0.0,0.0,0.0,0.0,0.0
13,285,12.0,8.310569980912112,0.0,0.0,0.0,1.0,0.0,1.0
14,285,6.158297910062252,0.3437410466992176,1.0,1.0,0.0,1.0,0.0,1.0
15,285,11.05937388896863,4.020342623667562,0.0,1.0,0.0,0.0,0.0,0.0
16,285,0.2621189102306858,2.500085066166012,1.0,0.0,0.0,0.0,1.0,1.0
17,285,2.233394140858036,2.490830753789868,0.0,1.0,1.0,0.0,0.0,0.0
18,285,10.116094381754817,4.148593488764492,0.0,0.0,1.0,1.0,0.0,0.0
19,285,5.019767521714724,5.610177328823993,0.0,0.0,0.0,0.0,0.0,1.0
0,290,3.604017335096626,1.801785883035374,1.0,0.0,0.0,0.0,0.0,0.0
1,290,0.1556575937341919,3.895435294897645,0.0,1.0,0.0,1.0,1.0,0.0
2,290,12.0,3.5674677094644864,0.0,1.0,0.0,0.0,0.0,0.0
3,290,3.8382222295485366,3.2288347593007822,0.0,0.0,1.0,0.0,0.0,0.0
4,290,0.0,4.629211991293165,0.0,0.0,1.0,0.0,1.0,1.0
5,290,0.0,0.6818532712101446,0.0,0.0,0.0,0.0,0.0,0.0
6,290,1.1601826416596823,6.234687220970007,1.0,0.0,1.0,0.0,1.0,0.0
7,290,10.606765705048634,12.0,1.0,0.0,0.0,0.0,0.0,0.0
8,290,7.623191557437721,11.952423828738386,0.0,0.0,1.0,1.0,1.0,0.0
9,290,2.0976810095002456,7.360916731100701,1.0,0.0,0.0,0.0,1.0,1.0
10,290,5.477667689819651,0.0,0.0,1.0,0.0,0.0,0.0,0.0
11,290,11.290955370328696,3.318718111242801,0.0,1.0,1.0,0.0,1.0,1.0
12,290,10.738075399484202,4.762079593128056,0.0,0.0,0.0,0.0,0.0,0.0
13,290,12.0,8.361332856831167,0.0,0.0,0.0,1.0,0.0,1.0
14,290,6.149295477710959,0.3604935128976406,1.0,1.0,0.0,1.0,0.0,1.0
15,290,11.036670852928848,4.071315654409216,0.0,1.0,0.0,0.0,0.0,0.0
16,290,0.2884418690588122,2.4395692844734307,1.0,0.0,0.0,0.0,1.0,1.0
17,290,2.2266697161093973,2.499265528217831,0.0,1.0,1.0,0.0,0.0,0.0
18,290,10.226596858883012,4.30350992730912,0.0,0.0,1.0,1.0,0.0,0.0
19,290,5.059950326237163,5.609678130332369,0.0,0.0,0.0,0.0,0.0,1.0
0,295,3.712874051358972,1.5365571121217392,1.0,0.0,0.0,0.0,0.0,0.0
1,295,0.0444011067652117,3.9367182819515465,0.0,1.0,0.0,1.0,1.0,0.0
2,295,12.0,3.551524596945218,0.0,1.0,0.0,0.0,0.0,0.0
3,295,3.8267965501297625,3.2127507639311856,0.0,0.0,1.0,0.0,0.0,0.0
4,295,0.0,4.661328671897213,0.0,0.0,1.0,0.0,1.0,1.0
5,295,0.0,0.6587191617005659,0.0,0.0,0.0,0.0,0.0,0.0
6,295,1.2160402791912917,6.295127727828275,1.0,0.0,1.0,0.0,1.0,0.0
7,295,10.677910936772008,12.0,1.0,0.0,0.0,0.0,0.0,0.0
8,295,7.68740371248907,12.0,0.0,0.0,1.0,1.0,1.0,0.0
9,295,2.082928019658231,7.300365633950554,1.0,0.0,0.0,0.0,1.0,1.0
10,295,5.453429461651325,0.0,0.0,1.0,0.0,0.0,0.0,0.0
11,295,11.289314353094168,3.308204459816306,0.0,1.0,1.0,0.0,1.0,1.0
12,295,10.76348764920163,4.767384095517135,0.0,0.0,0.0,0.0,0.0,0.0
13,295,12.0,8.420360369714494,0.0,0.0,0.0,1.0,0.0,1.0
14,295,6.136438069118677,0.3851609091377513,1.0,1.0,0.0,1.0,0.0,1.0
15,295,11.008697613871576,4.140757009837055,0.0,1.0,0.0,0.0,0.0,0.0
16,295,0.3114024651302771,2.3875639536203743,1.0,0.0,0.0,0.0,1.0,1.0
17,295,2.2167216610136866,2.5118758705856505,0.0,1.0,1.0,0.0,0.0,0.0
18,295,10.329937821415166,4.452148806197236,0.0,0.0,1.0,1.0,0.0,0.0
19,295,5.083390034138767,5.609303209910306,0.0,0.0,0.0,0.0,0.0,1.0
