0,0,5.968166039759173,11.98189864762476,0.0,1.0,0.0,0.0,1.0,0.0
1,0,7.938518950308969,7.999848147296356,0.0,0.0,1.0,0.0,1.0,0.0
2,0,12.0,0.0599648369001661,0.0,1.0,1.0,0.0,1.0,0.0
3,0,1.037164776518912,1.039649065986964,0.0,0.0,0.0,1.0,0.0,1.0
4,0,1.0692656950850274,10.996507089202543,0.0,1.0,0.0,1.0,0.0,0.0
5,0,0.0528866407396026,1.0081586827142672,0.0,0.0,1.0,0.0,1.0,0.0
6,0,10.036253035619769,12.0,1.0,0.0,0.0,1.0,0.0,0.0
7,0,9.92526708921392,2.0228206245568763,1.0,0.0,0.0,1.0,1.0,1.0
8,0,6.031876785707143,4.027801441263834,0.0,0.0,0.0,0.0,0.0,0.0
9,0,4.968003346822796,9.92126069040912,0.0,0.0,0.0,0.0,0.0,0.0
10,0,2.0203454915339965,1.0362098605143812,0.0,1.0,1.0,1.0,1.0,1.0
11,0,8.97237651634844,2.96830031011733,0.0,0.0,0.0,0.0,0.0,0.0
12,0,11.945925182256168,9.98466157082708,0.0,0.0,1.0,0.0,0.0,0.0
13,0,9.03745581014132,9.037062293421537,1.0,0.0,0.0,1.0,0.0,1.0
14,0,9.967432563340903,9.057263169860398,1.0,0.0,0.0,1.0,1.0,1.0
15,0,8.931986482549524,6.009969059525697,1.0,0.0,1.0,1.0,1.0,0.0
16,0,7.933455067116871,4.999415177269952,0.0,1.0,1.0,1.0,0.0,1.0
17,0,9.96672524305967,11.028653916898676,0.0,1.0,0.0,0.0,1.0,1.0
18,0,10.034017212183388,7.067695512984158,1.0,0.0,0.0,0.0,0.0,1.0
19,0,5.940077474511558,7.948795623635759,1.0,0.0,0.0,1.0,1.0,1.0
0,5,5.934723734756894,11.963595692892234,0.0,1.0,0.0,0.0,1.0,0.0
1,5,7.883936908012965,7.999595168389609,0.0,0.0,1.0,0.0,1.0,0.0
2,5,12.0,0.1090827550732905,0.0,1.0,1.0,0.0,1.0,0.0
3,5,1.082059076924346,1.08701677102153,0.0,0.0,0.0,1.0,0.0,1.0
4,5,1.1309563105440743,10.994059870699166,0.0,1.0,0.0,1.0,0.0,0.0
5,5,0.1159936173237659,1.0197062677365163,0.0,0.0,1.0,0.0,1.0,0.0
6,5,10.071974669799408,12.0,1.0,0.0,0.0,1.0,0.0,0.0
7,5,9.859351836624526,2.0439122889621344,1.0,0.0,0.0,1.0,1.0,1.0
8,5,6.059068007966944,4.0528599537341705,0.0,0.0,0.0,0.0,0.0,0.0
9,5,4.937134225401276,9.84677148389098,0.0,0.0,0.0,0.0,0.0,0.0
10,5,2.035476098163647,1.0616105535574958,0.0,1.0,1.0,1.0,1.0,1.0
11,5,8.963117973878264,2.9580820879466136,0.0,0.0,0.0,0.0,0.0,0.0
12,5,11.890170858930798,9.96780776173005,0.0,0.0,1.0,0.0,0.0,0.0
13,5,9.078678485941897,9.07716637687612,1.0,0.0,0.0,1.0,0.0,1.0
14,5,9.929736294218014,9.123442648988904,1.0,0.0,0.0,1.0,1.0,1.0
15,5,8.845525279266697,6.022795594504242,1.0,0.0,1.0,1.0,1.0,0.0
16,5,7.877781496540143,5.00027701688446,0.0,1.0,1.0,1.0,0.0,1.0
17,5,9.935894075143622,11.055110806663617,0.0,1.0,0.0,0.0,1.0,1.0
18,5,10.071474122512395,7.138296300701449,1.0,0.0,0.0,0.0,0.0,1.0
19,5,5.875795477913842,7.89218069366363,1.0,0.0,0.0,1.0,1.0,1.0
0,10,5.901824990687863,11.945867231413311,0.0,1.0,0.0,0.0,1.0,0.0
1,10,7.827889320734822,8.000251317662613,0.0,0.0,1.0,0.0,1.0,0.0
2,10,12.0,0.1476388216406724,0.0,1.0,1.0,0.0,1.0,0.0
3,10,1.1333435052297598,1.1402301541600874,0.0,0.0,0.0,1.0,0.0,1.0
4,10,1.1768900199574748,10.992809286058865,0.0,1.0,0.0,1.0,0.0,0.0
5,10,0.1722720612795874,1.0293778986335418,0.0,0.0,1.0,0.0,1.0,0.0
6,10,10.119661222939907,12.0,1.0,0.0,0.0,1.0,0.0,0.0
7,10,9.794810847887511,2.0642138580713536,1.0,0.0,0.0,1.0,1.0,1.0
8,10,6.08731955813492,4.078126844840589,0.0,0.0,0.0,0.0,0.0,0.0
9,10,4.906832527585751,9.76976419529725,0.0,0.0,0.0,0.0,0.0,0.0
10,10,2.0492257804416947,1.0848436971361377,0.0,1.0,1.0,1.0,1.0,1.0
11,10,8.944450134010264,2.9378307406417368,0.0,0.0,0.0,0.0,0.0,0.0
12,10,11.826495869213874,9.947907803340364,0.0,0.0,1.0,0.0,0.0,0.0
13,10,9.133812904975173,9.129863120491024,1.0,0.0,0.0,1.0,0.0,1.0
14,10,9.880103145281389,9.21892800919785,1.0,0.0,0.0,1.0,1.0,1.0
15,10,8.749453240364444,6.037866279662077,1.0,0.0,1.0,1.0,1.0,0.0
16,10,7.80767356434624,5.001958509331766,0.0,1.0,1.0,1.0,0.0,1.0
17,10,9.902215127653848,11.08290004110972,0.0,1.0,0.0,0.0,1.0,1.0
18,10,10.100348590963147,7.193599667968706,1.0,0.0,0.0,0.0,0.0,1.0
19,10,5.829686251424944,7.852559217158832,1.0,0.0,0.0,1.0,1.0,1.0
0,15,5.87963131512935,11.934350844122132,0.0,1.0,0.0,0.0,1.0,0.0
1,15,7.77285115554975,8.00072076487082,0.0,0.0,1.0,0.0,1.0,0.0
2,15,12.0,0.1819764028548877,0.0,1.0,1.0,0.0,1.0,0.0
3,15,1.183982005406529,1.1918537601041954,0.0,0.0,0.0,1.0,0.0,1.0
4,15,1.2256003651060516,10.992212352834336,0.0,1.0,0.0,1.0,0.0,0.0
5,15,0.2396959732772467,1.0416844807054595,0.0,0.0,1.0,0.0,1.0,0.0
6,15,10.170942694316912,12.0,1.0,0.0,0.0,1.0,0.0,0.0
7,15,9.71915416919168,2.0898412109103157,1.0,0.0,0.0,1.0,1.0,1.0
8,15,6.135160400628619,4.11948277342552,0.0,0.0,0.0,0.0,0.0,0.0
9,15,4.877955805519419,9.704609628637614,0.0,0.0,0.0,0.0,0.0,0.0
10,15,2.0486363861548824,1.08383048227533,0.0,1.0,1.0,1.0,1.0,1.0
11,15,8.900382265226778,2.8879104283965176,0.0,0.0,0.0,0.0,0.0,0.0
12,15,11.754389945951704,9.926467824164437,0.0,0.0,1.0,0.0,0.0,0.0
13,15,9.177290625686537,9.17347198929349,1.0,0.0,0.0,1.0,0.0,1.0
14,15,9.82867929654068,9.3160818796789,1.0,0.0,0.0,1.0,1.0,1.0
15,15,8.633950673318639,6.056266008128896,1.0,0.0,1.0,1.0,1.0,0.0
16,15,7.72115621750689,5.002340849746116,0.0,1.0,1.0,1.0,0.0,1.0
17,15,9.86636119470714,11.112430799468598,0.0,1.0,0.0,0.0,1.0,1.0
18,15,10.116264792011131,7.223359150279102,1.0,0.0,0.0,0.0,0.0,1.0
19,15,5.781228234919503,7.808227911103089,1.0,0.0,0.0,1.0,1.0,1.0
0,20,5.840765876700461,11.913121015554225,0.0,1.0,0.0,0.0,1.0,0.0
1,20,7.69095694847902,8.00310868583394,0.0,0.0,1.0,0.0,1.0,0.0
2,20,12.0,0.2324261942801092,0.0,1.0,1.0,0.0,1.0,0.0
3,20,1.2182915219706558,1.2271022254735469,0.0,0.0,0.0,1.0,0.0,1.0
4,20,1.298527711777128,10.989587792472278,0.0,1.0,0.0,1.0,0.0,0.0
5,20,0.3028310850711045,1.0541805438882794,0.0,0.0,1.0,0.0,1.0,0.0
6,20,10.234090514518014,12.0,1.0,0.0,0.0,1.0,0.0,0.0
7,20,9.654323575315766,2.1128976374611974,1.0,0.0,0.0,1.0,1.0,1.0
8,20,6.18992557841181,4.171067107355719,0.0,0.0,0.0,0.0,0.0,0.0
9,20,4.843559462245215,9.627162935614026,0.0,0.0,0.0,0.0,0.0,0.0
10,20,2.054421606721117,1.093957427762993,0.0,1.0,1.0,1.0,1.0,1.0
11,20,8.853123118163436,2.8357572464972503,0.0,0.0,0.0,0.0,0.0,0.0
12,20,11.667528380325718,9.900517680529052,0.0,0.0,1.0,0.0,0.0,0.0
13,20,9.22811450385406,9.225227365922889,1.0,0.0,0.0,1.0,0.0,1.0
14,20,9.776249272101383,9.409466885628738,1.0,0.0,0.0,1.0,1.0,1.0
15,20,8.523041811031396,6.073170397973749,1.0,0.0,1.0,1.0,1.0,0.0
16,20,7.624630883654653,5.001277546323363,0.0,1.0,1.0,1.0,0.0,1.0
17,20,9.837639585944707,11.135636264041,0.0,1.0,0.0,0.0,1.0,1.0
18,20,10.133083825498824,7.254892538151646,1.0,0.0,0.0,0.0,0.0,1.0
19,20,5.7321970614115365,7.760784743163684,1.0,0.0,0.0,1.0,1.0,1.0
0,25,5.805767934971734,11.894642872896007,0.0,1.0,0.0,0.0,1.0,0.0
1,25,7.609570807394553,8.00237823823806,0.0,0.0,1.0,0.0,1.0,0.0
2,25,12.0,0.2830210656862177,0.0,1.0,1.0,0.0,1.0,0.0
3,25,1.2613108979039374,1.272849933900176,0.0,0.0,0.0,1.0,0.0,1.0
4,25,1.3532141872544745,10.98732504738411,0.0,1.0,0.0,1.0,0.0,0.0
5,25,0.3756997568660091,1.066924531926542,0.0,0.0,1.0,0.0,1.0,0.0
6,25,10.299886366213302,12.0,1.0,0.0,0.0,1.0,0.0,0.0
7,25,9.590050691739812,2.136563266221477,1.0,0.0,0.0,1.0,1.0,1.0
8,25,6.260377971915134,4.241499250702966,0.0,0.0,0.0,0.0,0.0,0.0
9,25,4.81179435461517,9.554887840513103,0.0,0.0,0.0,0.0,0.0,0.0
10,25,2.05696736918974,1.0987596420183696,0.0,1.0,1.0,1.0,1.0,1.0
11,25,8.796234559606303,2.774261130088409,0.0,0.0,0.0,0.0,0.0,0.0
12,25,11.56445743835685,9.87025969277653,0.0,0.0,1.0,0.0,0.0,0.0
13,25,9.275375210129363,9.275219732643029,1.0,0.0,0.0,1.0,0.0,1.0
14,25,9.722529234745288,9.500452077912264,1.0,0.0,0.0,1.0,1.0,1.0
15,25,8.415314158666398,6.090258714563926,1.0,0.0,1.0,1.0,1.0,0.0
16,25,7.534977434168014,5.000817014991945,0.0,1.0,1.0,1.0,0.0,1.0
17,25,9.80197234237609,11.163223827976518,0.0,1.0,0.0,0.0,1.0,1.0
18,25,10.150957582988068,7.28743551653051,1.0,0.0,0.0,0.0,0.0,1.0
19,25,5.675004618011518,7.704200892841129,1.0,0.0,0.0,1.0,1.0,1.0
0,30,5.77456484567856,11.878151082264056,0.0,1.0,0.0,0.0,1.0,0.0
1,30,7.517401518248147,8.004740131129271,0.0,0.0,1.0,0.0,1.0,0.0
2,30,12.0,0.337842890352699,0.0,1.0,1.0,0.0,1.0,0.0
3,30,1.2930496241017628,1.3057651933910324,0.0,0.0,0.0,1.0,0.0,1.0
4,30,1.392176733150205,10.98569975775916,0.0,1.0,0.0,1.0,0.0,0.0
5,30,0.4379254786158826,1.076891094104805,0.0,0.0,1.0,0.0,1.0,0.0
6,30,10.376143330005917,12.0,1.0,0.0,0.0,1.0,0.0,0.0
7,30,9.559538621213054,2.1478517606933654,1.0,0.0,0.0,1.0,1.0,1.0
8,30,6.354329913833078,4.333054353040661,0.0,0.0,0.0,0.0,0.0,0.0
9,30,4.767073388143456,9.451758912722664,0.0,0.0,0.0,0.0,0.0,0.0
10,30,2.0679215403181344,1.1200305750531856,0.0,1.0,1.0,1.0,1.0,1.0
11,30,8.767352103455295,2.743021525848652,0.0,0.0,0.0,0.0,0.0,0.0
12,30,11.484955126367984,9.846153439739188,0.0,0.0,1.0,0.0,0.0,0.0
13,30,9.318021018740804,9.319155683142412,1.0,0.0,0.0,1.0,0.0,1.0
14,30,9.674455896250151,9.58392556597439,1.0,0.0,0.0,1.0,1.0,1.0
15,30,8.290338259234344,6.110832381495614,1.0,0.0,1.0,1.0,1.0,0.0
16,30,7.438738418421998,5.00073307279465,0.0,1.0,1.0,1.0,0.0,1.0
17,30,9.76290681189863,11.192888257690234,0.0,1.0,0.0,0.0,1.0,1.0
18,30,10.165669547118917,7.314334697088185,1.0,0.0,0.0,0.0,0.0,1.0
19,30,5.617350954528386,7.647040541388004,1.0,0.0,0.0,1.0,1.0,1.0
0,35,5.743476554236246,11.862158920443369,0.0,1.0,0.0,0.0,1.0,0.0
1,35,7.426197742053676,8.004960305851375,0.0,0.0,1.0,0.0,1.0,0.0
2,35,12.0,0.396528231462278,0.0,1.0,1.0,0.0,1.0,0.0
3,35,1.329438408740712,1.3435789327742076,0.0,0.0,0.0,1.0,0.0,1.0
4,35,1.465435795535382,10.984379937300428,0.0,1.0,0.0,1.0,0.0,0.0
5,35,0.4923834009766386,1.0865884439913414,0.0,0.0,1.0,0.0,1.0,0.0
6,35,10.450436012449968,12.0,1.0,0.0,0.0,1.0,0.0,0.0
7,35,9.534031076871887,2.157701020619535,1.0,0.0,0.0,1.0,1.0,1.0
8,35,6.427627505496664,4.405418185253416,0.0,0.0,0.0,0.0,0.0,0.0
9,35,4.729198424421684,9.361946725217754,0.0,0.0,0.0,0.0,0.0,0.0
10,35,2.080997673605129,1.146620426850116,0.0,1.0,1.0,1.0,1.0,1.0
11,35,8.750411016625062,2.724649457788672,0.0,0.0,0.0,0.0,0.0,0.0
12,35,11.399415736339474,9.81919270865107,0.0,0.0,1.0,0.0,0.0,0.0
13,35,9.342210841281611,9.343940268370986,1.0,0.0,0.0,1.0,0.0,1.0
14,35,9.622748217506311,9.67522759477214,1.0,0.0,0.0,1.0,1.0,1.0
15,35,8.192442450277913,6.127975715385572,1.0,0.0,1.0,1.0,1.0,0.0
16,35,7.3477875878492735,5.001615601954399,0.0,1.0,1.0,1.0,0.0,1.0
17,35,9.739873193604293,11.209533909027767,0.0,1.0,0.0,0.0,1.0,1.0
18,35,10.16591580814976,7.31479648199943,1.0,0.0,0.0,0.0,0.0,1.0
19,35,5.543508230044409,7.572393370043275,1.0,0.0,0.0,1.0,1.0,1.0
0,40,5.717253892140136,11.849287466981345,0.0,1.0,0.0,0.0,1.0,0.0
1,40,7.329630022196289,8.003443213620574,0.0,0.0,1.0,0.0,1.0,0.0
2,40,12.0,0.4588620776883171,0.0,1.0,1.0,0.0,1.0,0.0
3,40,1.365992843941528,1.3804401797327166,0.0,0.0,0.0,1.0,0.0,1.0
4,40,1.5635889418083797,10.982283753944996,0.0,1.0,0.0,1.0,0.0,0.0
5,40,0.4830737412689456,1.1440383411454318,0.0,0.0,1.0,0.0,1.0,0.0
6,40,10.533103959432813,12.0,1.0,0.0,0.0,1.0,0.0,0.0
7,40,9.501002240024926,2.1703266477107443,1.0,0.0,0.0,1.0,1.0,1.0
8,40,6.48855783284576,4.464748162342514,0.0,0.0,0.0,0.0,0.0,0.0
9,40,4.6921973490431625,9.279617546770424,0.0,0.0,0.0,0.0,0.0,0.0
10,40,2.092672742906437,1.169229728080242,0.0,1.0,1.0,1.0,1.0,1.0
11,40,8.743336549325807,2.7167630776572635,0.0,0.0,0.0,0.0,0.0,0.0
12,40,11.311089059406791,9.792846347522698,0.0,0.0,1.0,0.0,0.0,0.0
13,40,9.36401400658908,9.36522673205354,1.0,0.0,0.0,1.0,0.0,1.0
14,40,9.572932674882509,9.766599404827238,1.0,0.0,0.0,1.0,1.0,1.0
15,40,8.10360150842473,6.144287955301877,1.0,0.0,1.0,1.0,1.0,0.0
16,40,7.232233594349408,5.004397893575086,0.0,1.0,1.0,1.0,0.0,1.0
17,40,9.709302028347604,11.231032358786743,0.0,1.0,0.0,0.0,1.0,1.0
18,40,10.164120954248094,7.311248586420118,1.0,0.0,0.0,0.0,0.0,1.0
19,40,5.474570922406117,7.501620345477649,1.0,0.0,0.0,1.0,1.0,1.0
0,45,5.677289111371683,11.829767763543195,0.0,1.0,0.0,0.0,1.0,0.0
1,45,7.233170254293934,7.999711739872922,0.0,0.0,1.0,0.0,1.0,0.0
2,45,12.0,0.5006567192666869,0.0,1.0,1.0,0.0,1.0,0.0
3,45,1.3909948635962188,1.4045328155197725,0.0,0.0,0.0,1.0,0.0,1.0
4,45,1.6787709690404191,10.982871850501429,0.0,1.0,0.0,1.0,0.0,0.0
5,45,0.477696093030854,1.1790999030668576,0.0,0.0,1.0,0.0,1.0,0.0
6,45,10.621990101699316,12.0,1.0,0.0,0.0,1.0,0.0,0.0
7,45,9.512640782759505,2.165628892517787,1.0,0.0,0.0,1.0,1.0,1.0
8,45,6.5349611948205295,4.510274018910011,0.0,0.0,0.0,0.0,0.0,0.0
9,45,4.65029788171354,9.185711725289922,0.0,0.0,0.0,0.0,0.0,0.0
10,45,2.100225253661669,1.18349338240873,0.0,1.0,1.0,1.0,1.0,1.0
11,45,8.72712709519616,2.6990675193676403,0.0,0.0,0.0,0.0,0.0,0.0
12,45,11.247690171535012,9.774010536758006,0.0,0.0,1.0,0.0,0.0,0.0
13,45,9.386425280707462,9.38660121511212,1.0,0.0,0.0,1.0,0.0,1.0
14,45,9.530948598901626,9.848369436384814,1.0,0.0,0.0,1.0,1.0,1.0
15,45,8.02155614147666,6.16012791813114,1.0,0.0,1.0,1.0,1.0,0.0
16,45,7.131365504243684,5.005785455949349,0.0,1.0,1.0,1.0,0.0,1.0
17,45,9.67810531240413,11.25425847009989,0.0,1.0,0.0,0.0,1.0,1.0
18,45,10.160580502788902,7.304088933644323,1.0,0.0,0.0,0.0,0.0,1.0
19,45,5.4154916004672975,7.44106680296056,1.0,0.0,0.0,1.0,1.0,1.0
0,50,5.6274121909204,11.806769544485984,0.0,1.0,0.0,0.0,1.0,0.0
1,50,7.137667832619451,7.994776899202218,0.0,0.0,1.0,0.0,1.0,0.0
2,50,12.0,0.5369947882303915,0.0,1.0,1.0,0.0,1.0,0.0
3,50,1.4196352556081866,1.4324866114309085,0.0,0.0,0.0,1.0,0.0,1.0
4,50,1.777760717280264,10.985260030063436,0.0,1.0,0.0,1.0,0.0,0.0
5,50,0.4736883242075035,1.2055353511970106,0.0,0.0,1.0,0.0,1.0,0.0
6,50,10.70898069712331,12.0,1.0,0.0,0.0,1.0,0.0,0.0
7,50,9.518776960095678,2.162964571268565,1.0,0.0,0.0,1.0,1.0,1.0
8,50,6.586836344708254,4.562046643359537,0.0,0.0,0.0,0.0,0.0,0.0
9,50,4.606127189360055,9.086817571682184,0.0,0.0,0.0,0.0,0.0,0.0
10,50,2.108301230669805,1.1997663272020878,0.0,1.0,1.0,1.0,1.0,1.0
11,50,8.707069488371086,2.676919762136293,0.0,0.0,0.0,0.0,0.0,0.0
12,50,11.18043983569518,9.754904438878382,0.0,0.0,1.0,0.0,0.0,0.0
13,50,9.410922537667114,9.41073733483813,1.0,0.0,0.0,1.0,0.0,1.0
14,50,9.488293654349569,9.931572873823017,1.0,0.0,0.0,1.0,1.0,1.0
15,50,7.941537892696866,6.173010301563505,1.0,0.0,1.0,1.0,1.0,0.0
16,50,7.056190501687987,5.005289087594819,0.0,1.0,1.0,1.0,0.0,1.0
17,50,9.6432207431507,11.282011385706127,0.0,1.0,0.0,0.0,1.0,1.0
18,50,10.156850850023485,7.29592017416392,1.0,0.0,0.0,0.0,0.0,1.0
19,50,5.376600104542181,7.402481454701917,1.0,0.0,0.0,1.0,1.0,1.0
0,55,5.558626586501847,11.772970187471026,0.0,1.0,0.0,0.0,1.0,0.0
1,55,7.027662908273825,7.988996866976962,0.0,0.0,1.0,0.0,1.0,0.0
2,55,12.0,0.5767426253943635,0.0,1.0,1.0,0.0,1.0,0.0
3,55,1.4504814496610168,1.4630220219548191,0.0,0.0,0.0,1.0,0.0,1.0
4,55,1.8546407798912623,10.984334132382545,0.0,1.0,0.0,1.0,0.0,0.0
5,55,0.4708501519646362,1.2265819107555251,0.0,0.0,1.0,0.0,1.0,0.0
6,55,10.809492054236816,12.0,1.0,0.0,0.0,1.0,0.0,0.0
7,55,9.531237945671968,2.1578303182181884,1.0,0.0,0.0,1.0,1.0,1.0
8,55,6.644673054304757,4.623807285356341,0.0,0.0,0.0,0.0,0.0,0.0
9,55,4.559018596485745,8.976273768026392,0.0,0.0,0.0,0.0,0.0,0.0
10,55,2.125741509360671,1.2350201521722384,0.0,1.0,1.0,1.0,1.0,1.0
11,55,8.68655170712153,2.654611669300581,0.0,0.0,0.0,0.0,0.0,0.0
12,55,11.130661553753969,9.74184028057632,0.0,0.0,1.0,0.0,0.0,0.0
13,55,9.429467383811463,9.429583943557867,1.0,0.0,0.0,1.0,0.0,1.0
14,55,9.440713671899823,10.015329501136147,1.0,0.0,0.0,1.0,1.0,1.0
15,55,7.866005818167415,6.1841902446000665,1.0,0.0,1.0,1.0,1.0,0.0
16,55,6.992333778736212,5.0050337890497385,0.0,1.0,1.0,1.0,0.0,1.0
17,55,9.589541094545524,11.32515737528932,0.0,1.0,0.0,0.0,1.0,1.0
18,55,10.150703184477615,7.282578051626774,1.0,0.0,0.0,0.0,0.0,1.0
19,55,5.34204048745352,7.369580816227876,1.0,0.0,0.0,1.0,1.0,1.0
0,60,5.477814127453757,11.735243618596238,0.0,1.0,0.0,0.0,1.0,0.0
1,60,6.884506665034064,7.979612258128135,0.0,0.0,1.0,0.0,1.0,0.0
2,60,12.0,0.6059293060335441,0.0,1.0,1.0,0.0,1.0,0.0
3,60,1.4703812463761925,1.4825727494515628,0.0,0.0,0.0,1.0,0.0,1.0
4,60,1.935374647811292,10.980713282645429,0.0,1.0,0.0,1.0,0.0,0.0
5,60,0.4685197786233634,1.2408613482792965,0.0,0.0,1.0,0.0,1.0,0.0
6,60,10.914876457282071,12.0,1.0,0.0,0.0,1.0,0.0,0.0
7,60,9.541165741347308,2.154007042919095,1.0,0.0,0.0,1.0,1.0,1.0
8,60,6.708319319873618,4.68789423279757,0.0,0.0,0.0,0.0,0.0,0.0
9,60,4.513416246875771,8.865282888280504,0.0,0.0,0.0,0.0,0.0,0.0
10,60,2.134963175584138,1.2542912307730951,0.0,1.0,1.0,1.0,1.0,1.0
11,60,8.676805020489306,2.6437302995806333,0.0,0.0,0.0,0.0,0.0,0.0
12,60,11.08051330945076,9.729268577290018,0.0,0.0,1.0,0.0,0.0,0.0
13,60,9.452517844736706,9.453586390169932,1.0,0.0,0.0,1.0,0.0,1.0
14,60,9.377558589934065,10.125707661313957,1.0,0.0,0.0,1.0,1.0,1.0
15,60,7.799139469383163,6.194910661440179,1.0,0.0,1.0,1.0,1.0,0.0
16,60,6.932827615452426,5.004578138441251,0.0,1.0,1.0,1.0,0.0,1.0
17,60,9.529362716656342,11.374887625778191,0.0,1.0,0.0,0.0,1.0,1.0
18,60,10.148189623966708,7.276808787928677,1.0,0.0,0.0,0.0,0.0,1.0
19,60,5.313923690635996,7.341902713527692,1.0,0.0,0.0,1.0,1.0,1.0
0,65,5.405246236975112,11.700062326218514,0.0,1.0,0.0,0.0,1.0,0.0
1,65,6.7296814152532685,7.970173050329479,0.0,0.0,1.0,0.0,1.0,0.0
2,65,12.0,0.6231505492781693,0.0,1.0,1.0,0.0,1.0,0.0
3,65,1.4828413086434518,1.4951281649931516,0.0,0.0,0.0,1.0,0.0,1.0
4,65,2.0392416653994343,10.976156845071966,0.0,1.0,0.0,1.0,0.0,0.0
5,65,0.4678858938403519,1.2446748430149168,0.0,0.0,1.0,0.0,1.0,0.0
6,65,11.01465978922854,12.0,1.0,0.0,0.0,1.0,0.0,0.0
7,65,9.543949312073863,2.152967915497267,1.0,0.0,0.0,1.0,1.0,1.0
8,65,6.769423409532353,4.750449583559726,0.0,0.0,0.0,0.0,0.0,0.0
9,65,4.476325215973505,8.771948989909163,0.0,0.0,0.0,0.0,0.0,0.0
10,65,2.139678539265843,1.2643957816730942,0.0,1.0,1.0,1.0,1.0,1.0
11,65,8.66071938941808,2.626778419803977,0.0,0.0,0.0,0.0,0.0,0.0
12,65,11.043010184765135,9.72104538844309,0.0,0.0,1.0,0.0,0.0,0.0
13,65,9.454387443519344,9.455576203335244,1.0,0.0,0.0,1.0,0.0,1.0
14,65,9.319321741181412,10.235605665536278,1.0,0.0,0.0,1.0,1.0,1.0
15,65,7.727268228656277,6.207368961432633,1.0,0.0,1.0,1.0,1.0,0.0
16,65,6.87850758231779,5.002908940273074,0.0,1.0,1.0,1.0,0.0,1.0
17,65,9.455063786553165,11.434960246980523,0.0,1.0,0.0,0.0,1.0,1.0
18,65,10.146077278157543,7.271863928272105,1.0,0.0,0.0,0.0,0.0,1.0
19,65,5.270540321704595,7.298358973958908,1.0,0.0,0.0,1.0,1.0,1.0
0,70,5.349448386838489,11.67183813867788,0.0,1.0,0.0,0.0,1.0,0.0
1,70,6.570558981046363,7.962717827477389,0.0,0.0,1.0,0.0,1.0,0.0
2,70,12.0,0.6237921780563161,0.0,1.0,1.0,0.0,1.0,0.0
3,70,1.485048965022621,1.4972006866707208,0.0,0.0,0.0,1.0,0.0,1.0
4,70,2.152287835247524,10.97352639165456,0.0,1.0,0.0,1.0,0.0,0.0
5,70,0.4630358211754897,1.2740271873978652,0.0,0.0,1.0,0.0,1.0,0.0
6,70,11.13329901948746,12.0,1.0,0.0,0.0,1.0,0.0,0.0
7,70,9.543092040634956,2.1532781466111133,1.0,0.0,0.0,1.0,1.0,1.0
8,70,6.82910330429514,4.811060150246396,0.0,0.0,0.0,0.0,0.0,0.0
9,70,4.433828583794088,8.667562434079843,0.0,0.0,0.0,0.0,0.0,0.0
10,70,2.133648863422395,1.251148865438372,0.0,1.0,1.0,1.0,1.0,1.0
11,70,8.637756825489454,2.6018160308020444,0.0,0.0,0.0,0.0,0.0,0.0
12,70,11.013015202879016,9.714562883525996,0.0,0.0,1.0,0.0,0.0,0.0
13,70,9.44733128453615,9.448149237842788,1.0,0.0,0.0,1.0,0.0,1.0
14,70,9.263956038452488,10.342659090132072,1.0,0.0,0.0,1.0,1.0,1.0
15,70,7.651595700954575,6.219636982505839,1.0,0.0,1.0,1.0,1.0,0.0
16,70,6.843033839899414,5.000963899690528,0.0,1.0,1.0,1.0,0.0,1.0
17,70,9.376464608963827,11.499285483475765,0.0,1.0,0.0,0.0,1.0,1.0
18,70,10.140154687309211,7.2570781566584595,1.0,0.0,0.0,0.0,0.0,1.0
19,70,5.220738922475055,7.248220016730769,1.0,0.0,0.0,1.0,1.0,1.0
0,75,5.290783813401101,11.64272673027986,0.0,1.0,0.0,0.0,1.0,0.0
1,75,6.43450595985567,7.955509631883356,0.0,0.0,1.0,0.0,1.0,0.0
2,75,12.0,0.6305823298751471,0.0,1.0,1.0,0.0,1.0,0.0
3,75,1.497747925058982,1.5084542202468028,0.0,0.0,0.0,1.0,0.0,1.0
4,75,2.2541784114040007,10.968558393123988,0.0,1.0,0.0,1.0,0.0,0.0
5,75,0.4592135576513069,1.2999497072999682,0.0,0.0,1.0,0.0,1.0,0.0
6,75,11.24366899840548,12.0,1.0,0.0,0.0,1.0,0.0,0.0
7,75,9.537173388868233,2.155445248235613,1.0,0.0,0.0,1.0,1.0,1.0
8,75,6.872565807359367,4.857812978009075,0.0,0.0,0.0,0.0,0.0,0.0
9,75,4.389648733522471,8.56573097725877,0.0,0.0,0.0,0.0,0.0,0.0
10,75,2.1318118926962257,1.2471407251470066,0.0,1.0,1.0,1.0,1.0,1.0
11,75,8.607799182662507,2.5691640851914648,0.0,0.0,0.0,0.0,0.0,0.0
12,75,10.999379150575804,9.711500979735932,0.0,0.0,1.0,0.0,0.0,0.0
13,75,9.436224352979645,9.436273189003924,1.0,0.0,0.0,1.0,0.0,1.0
14,75,9.204648774588913,10.461139123841503,1.0,0.0,0.0,1.0,1.0,1.0
15,75,7.586429420077104,6.23132383991333,1.0,0.0,1.0,1.0,1.0,0.0
16,75,6.7966295306262925,4.9987261004464205,0.0,1.0,1.0,1.0,0.0,1.0
17,75,9.309948401222837,11.55826766881783,0.0,1.0,0.0,0.0,1.0,1.0
18,75,10.125618073447244,7.221578570567404,1.0,0.0,0.0,0.0,0.0,1.0
19,75,5.189222887479814,7.215724358785032,1.0,0.0,0.0,1.0,1.0,1.0
0,80,5.222513960292494,11.608148879394196,0.0,1.0,0.0,0.0,1.0,0.0
1,80,6.320532274922246,7.952480351545735,0.0,0.0,1.0,0.0,1.0,0.0
2,80,12.0,0.6663199483364298,0.0,1.0,1.0,0.0,1.0,0.0
3,80,1.5136905780920653,1.52244869485026,0.0,0.0,0.0,1.0,0.0,1.0
4,80,2.3270624822427908,10.964298920412991,0.0,1.0,0.0,1.0,0.0,0.0
5,80,0.4517897821357389,1.354299201495642,0.0,0.0,1.0,0.0,1.0,0.0
6,80,11.34967568518902,12.0,1.0,0.0,0.0,1.0,0.0,0.0
7,80,9.5429620552774,2.153406524473689,1.0,0.0,0.0,1.0,1.0,1.0
8,80,6.942208490358288,4.927771003681076,0.0,0.0,0.0,0.0,0.0,0.0
9,80,4.3384905338911945,8.452272181714063,0.0,0.0,0.0,0.0,0.0,0.0
10,80,2.130515651021581,1.2442758851766138,0.0,1.0,1.0,1.0,1.0,1.0
11,80,8.588482894104725,2.5480135187938857,0.0,0.0,0.0,0.0,0.0,0.0
12,80,10.981420565184909,9.707848407244994,0.0,0.0,1.0,0.0,0.0,0.0
13,80,9.412272009597018,9.410914438705596,1.0,0.0,0.0,1.0,0.0,1.0
14,80,9.148227045755016,10.571995229416698,1.0,0.0,0.0,1.0,1.0,1.0
15,80,7.513976572018477,6.246034133000818,1.0,0.0,1.0,1.0,1.0,0.0
16,80,6.749926672078094,4.995893770536809,0.0,1.0,1.0,1.0,0.0,1.0
17,80,9.264745854291125,11.599625248878588,0.0,1.0,0.0,0.0,1.0,1.0
18,80,10.101836084488747,7.154555514123542,1.0,0.0,0.0,0.0,0.0,1.0
19,80,5.164332197363353,7.190370309563599,1.0,0.0,0.0,1.0,1.0,1.0
0,85,5.165309319083857,11.580311049291408,0.0,1.0,0.0,0.0,1.0,0.0
1,85,6.207366030303847,7.951072877130755,0.0,0.0,1.0,0.0,1.0,0.0
2,85,12.0,0.6664929195699849,0.0,1.0,1.0,0.0,1.0,0.0
3,85,1.5286946150710452,1.5362308400196156,0.0,0.0,0.0,1.0,0.0,1.0
4,85,2.399374168649512,10.958981991609171,0.0,1.0,0.0,1.0,0.0,0.0
5,85,0.4472936107615201,1.3916073445290802,0.0,0.0,1.0,0.0,1.0,0.0
6,85,11.4588147750795,12.0,1.0,0.0,0.0,1.0,0.0,0.0
7,85,9.559219061945864,2.146741898667717,1.0,0.0,0.0,1.0,1.0,1.0
8,85,7.012114037597956,4.997974488244033,0.0,0.0,0.0,0.0,0.0,0.0
9,85,4.28819995038915,8.333611841248297,0.0,0.0,0.0,0.0,0.0,0.0
10,85,2.133405766424359,1.2505916444130778,0.0,1.0,1.0,1.0,1.0,1.0
11,85,8.57549604713173,2.5339395517030665,0.0,0.0,0.0,0.0,0.0,0.0
12,85,10.976138997934653,9.706598254274144,0.0,0.0,1.0,0.0,0.0,0.0
13,85,9.387061260807345,9.383994121235991,1.0,0.0,0.0,1.0,0.0,1.0
14,85,9.09367600622405,10.68244228344678,1.0,0.0,0.0,1.0,1.0,1.0
15,85,7.430116739034241,6.261248836458446,1.0,0.0,1.0,1.0,1.0,0.0
16,85,6.716742462782057,4.993665689563667,0.0,1.0,1.0,1.0,0.0,1.0
17,85,9.225015736488128,11.635910983177649,0.0,1.0,0.0,0.0,1.0,1.0
18,85,10.073706047676644,7.073188224559987,1.0,0.0,0.0,0.0,0.0,1.0
19,85,5.147784430833895,7.173339105952515,1.0,0.0,0.0,1.0,1.0,1.0
0,90,5.092601957966928,11.541514578093915,0.0,1.0,0.0,0.0,1.0,0.0
1,90,6.095444033610405,7.947174051706944,0.0,0.0,1.0,0.0,1.0,0.0
2,90,12.0,0.6785357702244189,0.0,1.0,1.0,0.0,1.0,0.0
3,90,1.553477371382867,1.5588127784146506,0.0,0.0,0.0,1.0,0.0,1.0
4,90,2.456407249831034,10.953988445717236,0.0,1.0,0.0,1.0,0.0,0.0
5,90,0.4437302984718871,1.419704728956913,0.0,0.0,1.0,0.0,1.0,0.0
6,90,11.557927277712382,12.0,1.0,0.0,0.0,1.0,0.0,0.0
7,90,9.589610836068308,2.1341571190765745,1.0,0.0,0.0,1.0,1.0,1.0
8,90,7.090674189705375,5.078097001873791,0.0,0.0,0.0,0.0,0.0,0.0
9,90,4.248488738633617,8.242081703295602,0.0,0.0,0.0,0.0,0.0,0.0
10,90,2.1450599925682794,1.2774289172428983,0.0,1.0,1.0,1.0,1.0,1.0
11,90,8.571728931981465,2.529717430077821,0.0,0.0,0.0,0.0,0.0,0.0
12,90,10.974071817911922,9.706137879869358,0.0,0.0,1.0,0.0,0.0,0.0
13,90,9.369399267024002,9.365330328692997,1.0,0.0,0.0,1.0,0.0,1.0
14,90,9.032724535594582,10.810636180891978,1.0,0.0,0.0,1.0,1.0,1.0
15,90,7.338638240726789,6.275482277489029,1.0,0.0,1.0,1.0,1.0,0.0
16,90,6.721410179123825,4.941129442573935,0.0,1.0,1.0,1.0,0.0,1.0
17,90,9.189280094390638,11.667134576669406,0.0,1.0,0.0,0.0,1.0,1.0
18,90,10.041205798372244,6.983405712725139,1.0,0.0,0.0,0.0,0.0,1.0
19,90,5.130459133985641,7.155941489850981,1.0,0.0,0.0,1.0,1.0,1.0
0,95,5.036943245521325,11.51106309836892,0.0,1.0,0.0,0.0,1.0,0.0
1,95,5.969337932240155,7.943217587199357,0.0,0.0,1.0,0.0,1.0,0.0
2,95,12.0,0.6823143791826595,0.0,1.0,1.0,0.0,1.0,0.0
3,95,1.5786849486993542,1.5833165356880037,0.0,0.0,0.0,1.0,0.0,1.0
4,95,2.5227419823283475,10.947868145288034,0.0,1.0,0.0,1.0,0.0,0.0
5,95,0.4391327978291875,1.463533859205938,0.0,0.0,1.0,0.0,1.0,0.0
6,95,11.65284168157136,12.0,1.0,0.0,0.0,1.0,0.0,0.0
7,95,9.63901363262042,2.1141887912982003,1.0,0.0,0.0,1.0,1.0,1.0
8,95,7.151582149403093,5.139673557608149,0.0,0.0,0.0,0.0,0.0,0.0
9,95,4.216229574474493,8.163065837330569,0.0,0.0,0.0,0.0,0.0,0.0
10,95,2.1613971683946867,1.3149296013847998,0.0,1.0,1.0,1.0,1.0,1.0
11,95,8.557341232871169,2.51413907096898,0.0,0.0,0.0,0.0,0.0,0.0
12,95,10.96972098470402,9.705104272742355,0.0,0.0,1.0,0.0,0.0,0.0
13,95,9.352376038734215,9.34640631179444,1.0,0.0,0.0,1.0,0.0,1.0
14,95,8.972359778287226,10.933472817432737,1.0,0.0,0.0,1.0,1.0,1.0
15,95,7.231965832026336,6.292349117571755,1.0,0.0,1.0,1.0,1.0,0.0
16,95,6.727626061416672,4.876848982511909,0.0,1.0,1.0,1.0,0.0,1.0
17,95,9.151923544021276,11.69971818737854,0.0,1.0,0.0,0.0,1.0,1.0
18,95,10.006345825142496,6.880265261389454,1.0,0.0,0.0,0.0,0.0,1.0
19,95,5.109386473966813,7.134365105283989,1.0,0.0,0.0,1.0,1.0,1.0
0,100,4.988229605055015,11.483333417400896,0.0,1.0,0.0,0.0,1.0,0.0
1,100,5.823230851479886,7.937705287926617,0.0,0.0,1.0,0.0,1.0,0.0
2,100,12.0,0.6928967367705373,0.0,1.0,1.0,0.0,1.0,0.0
3,100,1.5875602304779892,1.5919803636551844,0.0,0.0,0.0,1.0,0.0,1.0
4,100,2.581180055377811,10.942564614331795,0.0,1.0,0.0,1.0,0.0,0.0
5,100,0.4006143472332006,1.4594616553541788,0.0,0.0,1.0,0.0,1.0,0.0
6,100,11.7368404728233,12.0,1.0,0.0,0.0,1.0,0.0,0.0
7,100,9.68887911591,2.093655927918701,1.0,0.0,0.0,1.0,1.0,1.0
8,100,7.214170694602335,5.203991420006839,0.0,0.0,0.0,0.0,0.0,0.0
9,100,4.178369060709207,8.074882551494358,0.0,0.0,0.0,0.0,0.0,0.0
10,100,2.177779698741704,1.3492728650965355,0.0,1.0,1.0,1.0,1.0,1.0
11,100,8.548914196414174,2.5053374500303947,0.0,0.0,0.0,0.0,0.0,0.0
12,100,10.952755775200192,9.701652148294022,0.0,0.0,1.0,0.0,0.0,0.0
13,100,9.346698674572515,9.340111603528234,1.0,0.0,0.0,1.0,0.0,1.0
14,100,8.90899170421909,11.057882981455776,1.0,0.0,0.0,1.0,1.0,1.0
15,100,7.129356743844956,6.308219450086268,1.0,0.0,1.0,1.0,1.0,0.0
16,100,6.737243660442154,4.814579769453645,0.0,1.0,1.0,1.0,0.0,1.0
17,100,9.111969550926114,11.733882732225776,0.0,1.0,0.0,0.0,1.0,1.0
18,100,9.98247037032977,6.810965976264308,1.0,0.0,0.0,0.0,0.0,1.0
19,100,5.082604299147778,7.109097192322394,1.0,0.0,0.0,1.0,1.0,1.0
0,105,4.954726580952454,11.463944316289002,0.0,1.0,0.0,0.0,1.0,0.0
1,105,5.683271294555306,7.927298344939288,0.0,0.0,1.0,0.0,1.0,0.0
2,105,12.0,0.715249703862108,0.0,1.0,1.0,0.0,1.0,0.0
3,105,1.5932880381425347,1.597596791279,0.0,0.0,0.0,1.0,0.0,1.0
4,105,2.629651957733693,10.937598593728644,0.0,1.0,0.0,1.0,0.0,0.0
5,105,0.3570307003111209,1.4546991135046548,0.0,0.0,1.0,0.0,1.0,0.0
6,105,11.815986327003474,12.0,1.0,0.0,0.0,1.0,0.0,0.0
7,105,9.737186944202538,2.0723051855507677,1.0,0.0,0.0,1.0,1.0,1.0
8,105,7.284274686039937,5.277080545985292,0.0,0.0,0.0,0.0,0.0,0.0
9,105,4.141013785165424,7.985225204707956,0.0,0.0,0.0,0.0,0.0,0.0
10,105,2.198330111526531,1.3898799849582877,0.0,1.0,1.0,1.0,1.0,1.0
11,105,8.544131029089348,2.5003262011323164,0.0,0.0,0.0,0.0,0.0,0.0
12,105,10.933682117903656,9.697633471692871,0.0,0.0,1.0,0.0,0.0,0.0
13,105,9.328991684175325,9.3210288494533,1.0,0.0,0.0,1.0,0.0,1.0
14,105,8.852887373762584,11.170138221055884,1.0,0.0,0.0,1.0,1.0,1.0
15,105,7.031817995717636,6.325434892197789,1.0,0.0,1.0,1.0,1.0,0.0
16,105,6.749088197501609,4.7421252986425895,0.0,1.0,1.0,1.0,0.0,1.0
17,105,9.075597919519646,11.764349161979132,0.0,1.0,0.0,0.0,1.0,1.0
18,105,9.956749468290935,6.731012392500759,1.0,0.0,0.0,0.0,0.0,1.0
19,105,5.060743890115752,7.087676732716467,1.0,0.0,0.0,1.0,1.0,1.0
0,110,4.9140872130892665,11.439930342522665,0.0,1.0,0.0,0.0,1.0,0.0
1,110,5.528534122406594,7.913446195773053,0.0,0.0,1.0,0.0,1.0,0.0
2,110,12.0,0.7278716463805663,0.0,1.0,1.0,0.0,1.0,0.0
3,110,1.5992890915499327,1.6034092475190695,0.0,0.0,0.0,1.0,0.0,1.0
4,110,2.687009296107689,10.931831601890565,0.0,1.0,0.0,1.0,0.0,0.0
5,110,0.3100669990362721,1.449131325446826,0.0,0.0,1.0,0.0,1.0,0.0
6,110,11.888458942082822,12.0,1.0,0.0,0.0,1.0,0.0,0.0
7,110,9.789298902522392,2.048837280555233,1.0,0.0,0.0,1.0,1.0,1.0
8,110,7.35895425734621,5.358201337338198,0.0,0.0,0.0,0.0,0.0,0.0
9,110,4.106581065717809,7.903512970814961,0.0,0.0,0.0,0.0,0.0,0.0
10,110,2.218263693747476,1.4311290936900698,0.0,1.0,1.0,1.0,1.0,1.0
11,110,8.561963362461691,2.5194497296293434,0.0,0.0,0.0,0.0,0.0,0.0
12,110,10.906511719645964,9.691867735489842,0.0,0.0,1.0,0.0,0.0,0.0
13,110,9.306375277762967,9.297279726788636,1.0,0.0,0.0,1.0,0.0,1.0
14,110,8.805112344709404,11.270382575387648,1.0,0.0,0.0,1.0,1.0,1.0
15,110,6.936045892378283,6.341632861111425,1.0,0.0,1.0,1.0,1.0,0.0
16,110,6.768080647006454,4.643284780985069,0.0,1.0,1.0,1.0,0.0,1.0
17,110,9.057572524162389,11.778792004905934,0.0,1.0,0.0,0.0,1.0,1.0
18,110,9.925501994013215,6.625526735336346,1.0,0.0,0.0,0.0,0.0,1.0
19,110,5.060235557352042,7.087177123374845,1.0,0.0,0.0,1.0,1.0,1.0
0,115,4.884206539561238,11.4219287859407,0.0,1.0,0.0,0.0,1.0,0.0
1,115,5.358300402640927,7.894444102511836,0.0,0.0,1.0,0.0,1.0,0.0
2,115,12.0,0.7427002154501526,0.0,1.0,1.0,0.0,1.0,0.0
3,115,1.6125402994621458,1.6165122021807123,0.0,0.0,0.0,1.0,0.0,1.0
4,115,2.7397302618065744,10.927115363826214,0.0,1.0,0.0,1.0,0.0,0.0
5,115,0.2675484476971903,1.443739607823699,0.0,0.0,1.0,0.0,1.0,0.0
6,115,11.971139135373742,12.0,1.0,0.0,0.0,1.0,0.0,0.0
7,115,9.838286327730865,2.02567027544248,1.0,0.0,0.0,1.0,1.0,1.0
8,115,7.433787741874086,5.435180949424969,0.0,0.0,0.0,0.0,0.0,0.0
9,115,4.078201748565828,7.834412528413098,0.0,0.0,0.0,0.0,0.0,0.0
10,115,2.245725898241026,1.4860281554344763,0.0,1.0,1.0,1.0,1.0,1.0
11,115,8.578034682705185,2.5363869013250544,0.0,0.0,0.0,0.0,0.0,0.0
12,115,10.890663508414988,9.68852865428169,0.0,0.0,1.0,0.0,0.0,0.0
13,115,9.29171308512169,9.282027717670813,1.0,0.0,0.0,1.0,0.0,1.0
14,115,8.757319620501987,11.377252311070526,1.0,0.0,0.0,1.0,1.0,1.0
15,115,6.831712311371158,6.359386297166412,1.0,0.0,1.0,1.0,1.0,0.0
16,115,6.785504409298963,4.54055691488804,0.0,1.0,1.0,1.0,0.0,1.0
17,115,9.036072392809238,11.796064115593468,0.0,1.0,0.0,0.0,1.0,1.0
18,115,9.893011717691008,6.516479278484413,1.0,0.0,0.0,0.0,0.0,1.0
19,115,5.059452454464314,7.086382761892312,1.0,0.0,0.0,1.0,1.0,1.0
0,120,4.827859749408726,11.38742667878483,0.0,1.0,0.0,0.0,1.0,0.0
1,120,5.184661477819201,7.877388717738769,0.0,0.0,1.0,0.0,1.0,0.0
2,120,12.0,0.7537084105030889,0.0,1.0,1.0,0.0,1.0,0.0
3,120,1.617154566499864,1.621110745922033,0.0,0.0,0.0,1.0,0.0,1.0
4,120,2.80130713582864,10.922538205994762,0.0,1.0,0.0,1.0,0.0,0.0
5,120,0.2152045436057928,1.4368051110876991,0.0,0.0,1.0,0.0,1.0,0.0
6,120,12.0,12.0,1.0,0.0,0.0,1.0,0.0,0.0
7,120,9.875981077739915,2.008391142219552,1.0,0.0,0.0,1.0,1.0,1.0
8,120,7.497707969096282,5.502047940600633,0.0,0.0,0.0,0.0,0.0,0.0
9,120,4.05197686790925,7.769644944179794,0.0,0.0,0.0,0.0,0.0,0.0
10,120,2.271877154353813,1.53834408377312,0.0,1.0,1.0,1.0,1.0,1.0
11,120,8.603482279814463,2.5637977360343043,0.0,0.0,0.0,0.0,0.0,0.0
12,120,10.874304819253714,9.684695783444056,0.0,0.0,1.0,0.0,0.0,0.0
13,120,9.2726603189044,9.260946285015889,1.0,0.0,0.0,1.0,0.0,1.0
14,120,8.71493168580672,11.471508121690988,1.0,0.0,0.0,1.0,1.0,1.0
15,120,6.722701438654619,6.3755981897495495,1.0,0.0,1.0,1.0,1.0,0.0
16,120,6.80220915359165,4.434408122070267,0.0,1.0,1.0,1.0,0.0,1.0
17,120,9.018737819116604,11.8104247179805,0.0,1.0,0.0,0.0,1.0,1.0
18,120,9.862406493767008,6.397604603310074,1.0,0.0,0.0,0.0,0.0,1.0
19,120,5.04449097666308,7.070686316748184,1.0,0.0,0.0,1.0,1.0,1.0
0,125,4.762187710312976,11.349298931008994,0.0,1.0,0.0,0.0,1.0,0.0
1,125,5.007993998860598,7.859514149994072,0.0,0.0,1.0,0.0,1.0,0.0
2,125,11.999668939960614,0.7481495169037586,0.0,1.0,1.0,0.0,1.0,0.0
3,125,1.627375974122376,1.6314839345687842,0.0,0.0,0.0,1.0,0.0,1.0
4,125,2.8655469746049884,10.918172439774624,0.0,1.0,0.0,1.0,0.0,0.0
5,125,0.1650145607450164,1.4299162404177643,0.0,0.0,1.0,0.0,1.0,0.0
6,125,12.0,12.0,1.0,0.0,0.0,1.0,0.0,0.0
7,125,9.89554211373218,1.999512440688248,1.0,0.0,0.0,1.0,1.0,1.0
8,125,7.55857736796983,5.56601468486409,0.0,0.0,0.0,0.0,0.0,0.0
9,125,4.022619634956375,7.700520861485374,0.0,0.0,0.0,0.0,0.0,0.0
10,125,2.2942584818306155,1.58500790137745,0.0,1.0,1.0,1.0,1.0,1.0
11,125,8.623876072592504,2.586416888218023,0.0,0.0,0.0,0.0,0.0,0.0
12,125,10.858082804512488,9.680108124701375,0.0,0.0,1.0,0.0,0.0,0.0
13,125,9.262036336156651,9.249318761163025,1.0,0.0,0.0,1.0,0.0,1.0
14,125,8.668982138120745,11.577214572597896,1.0,0.0,0.0,1.0,1.0,1.0
15,125,6.619445518690553,6.393943597150752,1.0,0.0,1.0,1.0,1.0,0.0
16,125,6.818322760199394,4.339918516229095,0.0,1.0,1.0,1.0,0.0,1.0
17,125,9.002258050605992,11.824017900501827,0.0,1.0,0.0,0.0,1.0,1.0
18,125,9.83245569205359,6.276752088314023,1.0,0.0,0.0,0.0,0.0,1.0
19,125,5.045908518364677,7.069387931079624,1.0,0.0,0.0,1.0,1.0,1.0
0,130,4.670069307413325,11.296700071011806,0.0,1.0,0.0,0.0,1.0,0.0
1,130,4.832292117227572,7.842978540311847,0.0,0.0,1.0,0.0,1.0,0.0
2,130,11.998984796683262,0.7293452215878238,0.0,1.0,1.0,0.0,1.0,0.0
3,130,1.630663889037131,1.6347085902557528,0.0,0.0,0.0,1.0,0.0,1.0
4,130,2.9310546248544926,10.915631281796683,0.0,1.0,0.0,1.0,0.0,0.0
5,130,0.1693413314260142,1.3966498889174763,0.0,0.0,1.0,0.0,1.0,0.0
6,130,12.0,12.0,1.0,0.0,0.0,1.0,0.0,0.0
7,130,9.911169681454798,1.9923725506565544,1.0,0.0,0.0,1.0,1.0,1.0
8,130,7.610646451543217,5.622432681802889,0.0,0.0,0.0,0.0,0.0,0.0
9,130,3.984131516494154,7.608986316854511,0.0,0.0,0.0,0.0,0.0,0.0
10,130,2.3236918381700704,1.643088227735162,0.0,1.0,1.0,1.0,1.0,1.0
11,130,8.64874353703477,2.614303860053603,0.0,0.0,0.0,0.0,0.0,0.0
12,130,10.834010337601796,9.673082320419011,0.0,0.0,1.0,0.0,0.0,0.0
13,130,9.25185365649598,9.239038085848174,1.0,0.0,0.0,1.0,0.0,1.0
14,130,8.623418994848164,11.690784002155745,1.0,0.0,0.0,1.0,1.0,1.0
15,130,6.513481020907905,6.412076719357103,1.0,0.0,1.0,1.0,1.0,0.0
16,130,6.83834483199064,4.232238553253168,0.0,1.0,1.0,1.0,0.0,1.0
17,130,8.987805854887627,11.83612354760293,0.0,1.0,0.0,0.0,1.0,1.0
18,130,9.80646925570422,6.168898831502021,1.0,0.0,0.0,0.0,0.0,1.0
19,130,5.059247660322588,7.057705132788053,1.0,0.0,0.0,1.0,1.0,1.0
0,135,4.576867953563244,11.24412874135098,0.0,1.0,0.0,0.0,1.0,0.0
1,135,4.648188586754065,7.826646448276531,0.0,0.0,1.0,0.0,1.0,0.0
2,135,11.998995055121776,0.7303053991148284,0.0,1.0,1.0,0.0,1.0,0.0
3,135,1.6352980039461835,1.638994497023513,0.0,0.0,0.0,1.0,0.0,1.0
4,135,2.982133156193113,10.912465072914518,0.0,1.0,0.0,1.0,0.0,0.0
5,135,0.1728538410414823,1.3741321870829075,0.0,0.0,1.0,0.0,1.0,0.0
6,135,12.0,12.0,1.0,0.0,0.0,1.0,0.0,0.0
7,135,9.950407012149215,1.9734626034432796,1.0,0.0,0.0,1.0,1.0,1.0
8,135,7.640512300952599,5.652928638077241,0.0,0.0,0.0,0.0,0.0,0.0
9,135,3.937507839966451,7.4990313095118575,0.0,0.0,0.0,0.0,0.0,0.0
10,135,2.357516389958026,1.7090781162546869,0.0,1.0,1.0,1.0,1.0,1.0
11,135,8.68242724902525,2.6541846359832646,0.0,0.0,0.0,0.0,0.0,0.0
12,135,10.783893231032769,9.658785737868262,0.0,0.0,1.0,0.0,0.0,0.0
13,135,9.25569534394861,9.242913014936615,1.0,0.0,0.0,1.0,0.0,1.0
14,135,8.573891717594591,11.814782292469586,1.0,0.0,0.0,1.0,1.0,1.0
15,135,6.39965489043053,6.432062741937685,1.0,0.0,1.0,1.0,1.0,0.0
16,135,6.863124388965426,4.106379372042917,0.0,1.0,1.0,1.0,0.0,1.0
17,135,8.970344597583269,11.85157662228592,0.0,1.0,0.0,0.0,1.0,1.0
18,135,9.78178244657205,6.044777096257561,1.0,0.0,0.0,0.0,0.0,1.0
19,135,5.064559263325847,7.05281686351772,1.0,0.0,0.0,1.0,1.0,1.0
0,140,4.467386959124824,11.181271894905567,0.0,1.0,0.0,0.0,1.0,0.0
1,140,4.474432134473855,7.814790848877978,0.0,0.0,1.0,0.0,1.0,0.0
2,140,11.999334841039488,0.7559488279000446,0.0,1.0,1.0,0.0,1.0,0.0
3,140,1.6552726333485943,1.657526080885256,0.0,0.0,0.0,1.0,0.0,1.0
4,140,3.036279733814486,10.90817379554242,0.0,1.0,0.0,1.0,0.0,0.0
5,140,0.1760905943633485,1.3504490967454448,0.0,0.0,1.0,0.0,1.0,0.0
6,140,12.0,12.0,1.0,0.0,0.0,1.0,0.0,0.0
7,140,9.998664437600564,1.9509724224460927,1.0,0.0,0.0,1.0,1.0,1.0
8,140,7.665131364890544,5.678269849583887,0.0,0.0,0.0,0.0,0.0,0.0
9,140,3.881256141937213,7.375289109768879,0.0,0.0,0.0,0.0,0.0,0.0
10,140,2.3941814279492712,1.774615028731995,0.0,1.0,1.0,1.0,1.0,1.0
11,140,8.723959304120779,2.7055810209603943,0.0,0.0,0.0,0.0,0.0,0.0
12,140,10.733571739040476,9.644526896925994,0.0,0.0,1.0,0.0,0.0,0.0
13,140,9.249996304445231,9.236783093187125,1.0,0.0,0.0,1.0,0.0,1.0
14,140,8.530283832103633,11.926753135362503,1.0,0.0,0.0,1.0,1.0,1.0
15,140,6.294712819829594,6.453538893889689,1.0,0.0,1.0,1.0,1.0,0.0
16,140,6.88714107086827,3.993512429846517,0.0,1.0,1.0,1.0,0.0,1.0
17,140,8.939097082706917,11.880993936884728,0.0,1.0,0.0,0.0,1.0,1.0
18,140,9.757046888291637,5.92038956074258,1.0,0.0,0.0,0.0,0.0,1.0
19,140,5.061861814317883,7.055312970492818,1.0,0.0,0.0,1.0,1.0,1.0
0,145,4.366072840102807,11.12090032690304,0.0,1.0,0.0,0.0,1.0,0.0
1,145,4.306676262762288,7.799587949461153,0.0,0.0,1.0,0.0,1.0,0.0
2,145,11.999151747801744,0.7794697222967226,0.0,1.0,1.0,0.0,1.0,0.0
3,145,1.669060051944,1.6710652044906256,0.0,0.0,0.0,1.0,0.0,1.0
4,145,3.108194570475152,10.902651561505191,0.0,1.0,0.0,1.0,0.0,0.0
5,145,0.1795315570149216,1.3212241469964952,0.0,0.0,1.0,0.0,1.0,0.0
6,145,12.0,12.0,1.0,0.0,0.0,1.0,0.0,0.0
7,145,10.043795110530134,1.930416339237697,1.0,0.0,0.0,1.0,1.0,1.0
8,145,7.701563023037474,5.715717751386134,0.0,0.0,0.0,0.0,0.0,0.0
9,145,3.825436156420758,7.258552911170192,0.0,0.0,0.0,0.0,0.0,0.0
10,145,2.4384341424882976,1.8570780567634977,0.0,1.0,1.0,1.0,1.0,1.0
11,145,8.771610099485331,2.765668004723315,0.0,0.0,0.0,0.0,0.0,0.0
12,145,10.689522944681448,9.632048445758638,0.0,0.0,1.0,0.0,0.0,0.0
13,145,9.239038115878529,9.22476097239584,1.0,0.0,0.0,1.0,0.0,1.0
14,145,8.494625123274156,12.0,1.0,0.0,0.0,1.0,1.0,1.0
15,145,6.203292782441201,6.472019007122074,1.0,0.0,1.0,1.0,1.0,0.0
16,145,6.91231233555289,3.864167046600228,0.0,1.0,1.0,1.0,0.0,1.0
17,145,8.904359633227847,11.91468511234834,0.0,1.0,0.0,0.0,1.0,1.0
18,145,9.72304418326297,5.76894676527997,1.0,0.0,0.0,0.0,0.0,1.0
19,145,5.060183065642156,7.05683123467766,1.0,0.0,0.0,1.0,1.0,1.0
0,150,4.231135730262649,11.042451338789643,0.0,1.0,0.0,0.0,1.0,0.0
1,150,4.1357224063332,7.786484610397227,0.0,0.0,1.0,0.0,1.0,0.0
2,150,11.999295149239076,0.8014691724390822,0.0,1.0,1.0,0.0,1.0,0.0
3,150,1.6973566175267014,1.6982065912308664,0.0,0.0,0.0,1.0,0.0,1.0
4,150,3.175353462337406,10.897334270388768,0.0,1.0,0.0,1.0,0.0,0.0
5,150,0.181958558079452,1.2995224248512112,0.0,0.0,1.0,0.0,1.0,0.0
6,150,12.0,12.0,1.0,0.0,0.0,1.0,0.0,0.0
7,150,10.097670941605308,1.9047687128125732,1.0,0.0,0.0,1.0,1.0,1.0
8,150,7.746223849450084,5.759774572167671,0.0,0.0,0.0,0.0,0.0,0.0
9,150,3.76613008904705,7.138378903983082,0.0,0.0,0.0,0.0,0.0,0.0
10,150,2.4762311786443263,1.9294218872408675,0.0,1.0,1.0,1.0,1.0,1.0
11,150,8.834967660681869,2.842366815672748,0.0,0.0,0.0,0.0,0.0,0.0
12,150,10.62983649097102,9.613831419684509,0.0,0.0,1.0,0.0,0.0,0.0
13,150,9.228799268622376,9.212753708797692,1.0,0.0,0.0,1.0,0.0,1.0
14,150,8.454743705700436,12.0,1.0,0.0,0.0,1.0,1.0,1.0
15,150,6.120738217806857,6.487648953854536,1.0,0.0,1.0,1.0,1.0,0.0
16,150,6.945120015815991,3.715037733629689,0.0,1.0,1.0,1.0,0.0,1.0
17,150,8.86426021005734,11.952301722158944,0.0,1.0,0.0,0.0,1.0,1.0
18,150,9.689947954190192,5.618302545136985,1.0,0.0,0.0,0.0,0.0,1.0
19,150,5.077767190058416,7.040350147853303,1.0,0.0,0.0,1.0,1.0,1.0
0,155,4.102443239117077,10.967967109672092,0.0,1.0,0.0,0.0,1.0,0.0
1,155,3.974105510956031,7.773712636954471,0.0,0.0,1.0,0.0,1.0,0.0
2,155,11.99954304506742,0.826106877853527,0.0,1.0,1.0,0.0,1.0,0.0
3,155,1.724700990173757,1.7224214259768134,0.0,0.0,0.0,1.0,0.0,1.0
4,155,3.251565957218757,10.893829444656662,0.0,1.0,0.0,1.0,0.0,0.0
5,155,0.1851092799873999,1.274762592463076,0.0,0.0,1.0,0.0,1.0,0.0
6,155,12.0,12.0,1.0,0.0,0.0,1.0,0.0,0.0
7,155,10.155462238582164,1.8769454981890896,1.0,0.0,0.0,1.0,1.0,1.0
8,155,7.778696491681441,5.793401076452636,0.0,0.0,0.0,0.0,0.0,0.0
9,155,3.71191389578733,7.027083857864654,0.0,0.0,0.0,0.0,0.0,0.0
10,155,2.5185347044140585,2.0105598008288825,0.0,1.0,1.0,1.0,1.0,1.0
11,155,8.887249943277254,2.90216284418354,0.0,0.0,0.0,0.0,0.0,0.0
12,155,10.55833768724308,9.589673394748203,0.0,0.0,1.0,0.0,0.0,0.0
13,155,9.218310528298208,9.199629592793034,1.0,0.0,0.0,1.0,0.0,1.0
14,155,8.407600470341743,12.0,1.0,0.0,0.0,1.0,1.0,1.0
15,155,6.013297548328821,6.507008171115606,1.0,0.0,1.0,1.0,1.0,0.0
16,155,6.973847850921526,3.567459471558449,0.0,1.0,1.0,1.0,0.0,1.0
17,155,8.833301680628937,11.984053790906424,0.0,1.0,0.0,0.0,1.0,1.0
18,155,9.659684027578162,5.46945155829725,1.0,0.0,0.0,0.0,0.0,1.0
19,155,5.09496747355232,7.024636019159662,1.0,0.0,0.0,1.0,1.0,1.0
0,160,3.971719133843554,10.892644900395846,0.0,1.0,0.0,0.0,1.0,0.0
1,160,3.824247817916565,7.761666028083137,0.0,0.0,1.0,0.0,1.0,0.0
2,160,11.999618717294949,0.8386463200977149,0.0,1.0,1.0,0.0,1.0,0.0
3,160,1.7510239160754122,1.744288308010664,0.0,0.0,0.0,1.0,0.0,1.0
4,160,3.3370213081044326,10.88843135995517,0.0,1.0,0.0,1.0,0.0,0.0
5,160,0.1628958771533079,1.272184217471356,0.0,0.0,1.0,0.0,1.0,0.0
6,160,12.0,12.0,1.0,0.0,0.0,1.0,0.0,0.0
7,160,10.204105775767578,1.8529149778848213,1.0,0.0,0.0,1.0,1.0,1.0
8,160,7.795498692083221,5.809859130873323,0.0,0.0,0.0,0.0,0.0,0.0
9,160,3.6585910486196096,6.921384321764191,0.0,0.0,0.0,0.0,0.0,0.0
10,160,2.568132549433365,2.104070155889388,0.0,1.0,1.0,1.0,1.0,1.0
11,160,8.932462742414186,2.953519355993288,0.0,0.0,0.0,0.0,0.0,0.0
12,160,10.579995675926364,9.519185766695498,0.0,0.0,1.0,0.0,0.0,0.0
13,160,9.22041807933198,9.202188745850645,1.0,0.0,0.0,1.0,0.0,1.0
14,160,8.366745678618214,12.0,1.0,0.0,0.0,1.0,1.0,1.0
15,160,5.91267896430246,6.526577473020783,1.0,0.0,1.0,1.0,1.0,0.0
16,160,6.997765060990897,3.4418716807239003,0.0,1.0,1.0,1.0,0.0,1.0
17,160,8.806072852686526,12.0,0.0,1.0,0.0,0.0,1.0,1.0
18,160,9.63438443840644,5.33232069617792,1.0,0.0,0.0,0.0,0.0,1.0
19,160,5.1214179872332375,7.000225450237636,1.0,0.0,0.0,1.0,1.0,1.0
0,165,3.844525537957608,10.820697696700094,0.0,1.0,0.0,0.0,1.0,0.0
1,165,3.701181415226871,7.752299612818452,0.0,0.0,1.0,0.0,1.0,0.0
2,165,11.999420244804105,0.8610919780514702,0.0,1.0,1.0,0.0,1.0,0.0
3,165,1.782816156519626,1.772127693252965,0.0,0.0,0.0,1.0,0.0,1.0
4,165,3.397265357561752,10.883282685040282,0.0,1.0,0.0,1.0,0.0,0.0
5,165,0.159162630468421,1.2718354226098314,0.0,0.0,1.0,0.0,1.0,0.0
6,165,12.0,12.0,1.0,0.0,0.0,1.0,0.0,0.0
7,165,10.248019505518576,1.829348426345952,1.0,0.0,0.0,1.0,1.0,1.0
8,165,7.817199356827187,5.832217464300193,0.0,0.0,0.0,0.0,0.0,0.0
9,165,3.607505969059367,6.819390606107512,0.0,0.0,0.0,0.0,0.0,0.0
10,165,2.6195758146832357,2.2000198938798867,0.0,1.0,1.0,1.0,1.0,1.0
11,165,8.975873156452185,3.0029535956419333,0.0,0.0,0.0,0.0,0.0,0.0
12,165,10.592778863699104,9.472906905422928,0.0,0.0,1.0,0.0,0.0,0.0
13,165,9.208692198207856,9.187361136840464,1.0,0.0,0.0,1.0,0.0,1.0
14,165,8.331184945680643,12.0,1.0,0.0,0.0,1.0,1.0,1.0
15,165,5.789789376151438,6.552042598554015,1.0,0.0,1.0,1.0,1.0,0.0
16,165,7.0197109404405,3.340351569054432,0.0,1.0,1.0,1.0,0.0,1.0
17,165,8.781613925664045,12.0,0.0,1.0,0.0,0.0,1.0,1.0
18,165,9.615703094843866,5.220439478002827,1.0,0.0,0.0,0.0,0.0,1.0
19,165,5.159617970383981,6.96645721731764,1.0,0.0,0.0,1.0,1.0,1.0
0,170,3.7066766800719897,10.742282066536248,0.0,1.0,0.0,0.0,1.0,0.0
1,170,3.578981334028081,7.741448414022963,0.0,0.0,1.0,0.0,1.0,0.0
2,170,11.998478937103094,0.8974095618373226,0.0,1.0,1.0,0.0,1.0,0.0
3,170,1.8159218230558327,1.801883913136288,0.0,0.0,0.0,1.0,0.0,1.0
4,170,3.4352738462095203,10.87993708759057,0.0,1.0,0.0,1.0,0.0,0.0
5,170,0.1617818893334568,1.2720289663521864,0.0,0.0,1.0,0.0,1.0,0.0
6,170,12.0,12.0,1.0,0.0,0.0,1.0,0.0,0.0
7,170,10.29413575633561,1.8039358613470269,1.0,0.0,0.0,1.0,1.0,1.0
8,170,7.855302895318185,5.87225254099888,0.0,0.0,0.0,0.0,0.0,0.0
9,170,3.5473555662843097,6.698043037370384,0.0,0.0,0.0,0.0,0.0,0.0
10,170,2.666322505669433,2.285030882302609,0.0,1.0,1.0,1.0,1.0,1.0
11,170,9.014271850178057,3.0469434025698403,0.0,0.0,0.0,0.0,0.0,0.0
12,170,10.606745289013505,9.420343144857709,0.0,0.0,1.0,0.0,0.0,0.0
13,170,9.189688736382172,9.163268974260449,1.0,0.0,0.0,1.0,0.0,1.0
14,170,8.290109416628097,12.0,1.0,0.0,0.0,1.0,1.0,1.0
15,170,5.649521659154628,6.5786903622422805,1.0,0.0,1.0,1.0,1.0,0.0
16,170,7.043565892173887,3.24043344938035,0.0,1.0,1.0,1.0,0.0,1.0
17,170,8.75796987447559,12.0,0.0,1.0,0.0,0.0,1.0,1.0
18,170,9.597280668951369,5.090288257646113,1.0,0.0,0.0,0.0,0.0,1.0
19,170,5.21299406236692,6.9214973177756685,1.0,0.0,0.0,1.0,1.0,1.0
0,175,3.5815199872241505,10.670982700042083,0.0,1.0,0.0,0.0,1.0,0.0
1,175,3.4626293798127614,7.730465548456774,0.0,0.0,1.0,0.0,1.0,0.0
2,175,11.997040776803704,0.975883792114414,0.0,1.0,1.0,0.0,1.0,0.0
3,175,1.8444780605487368,1.828259744134046,0.0,0.0,0.0,1.0,0.0,1.0
4,175,3.444409375151879,10.879118057364831,0.0,1.0,0.0,1.0,0.0,0.0
5,175,0.1915457442272309,1.2740558787283496,0.0,0.0,1.0,0.0,1.0,0.0
6,175,12.0,12.0,1.0,0.0,0.0,1.0,0.0,0.0
7,175,10.34591100129667,1.7771191749638815,1.0,0.0,0.0,1.0,1.0,1.0
8,175,7.888398911824583,5.906603918768261,0.0,0.0,0.0,0.0,0.0,0.0
9,175,3.4860828377016086,6.580665364447272,0.0,0.0,0.0,0.0,0.0,0.0
10,175,2.7109182218173,2.3643939331286936,0.0,1.0,1.0,1.0,1.0,1.0
11,175,9.06002711732904,3.101705143941539,0.0,0.0,0.0,0.0,0.0,0.0
12,175,10.621894043526575,9.36314851553896,0.0,0.0,1.0,0.0,0.0,0.0
13,175,9.171507563309788,9.141773593276133,1.0,0.0,0.0,1.0,0.0,1.0
14,175,8.246945334507982,12.0,1.0,0.0,0.0,1.0,1.0,1.0
15,175,5.507553817189016,6.6045188660052885,1.0,0.0,1.0,1.0,1.0,0.0
16,175,7.068941174412234,3.1451974709954027,0.0,1.0,1.0,1.0,0.0,1.0
17,175,8.737549075011813,12.0,0.0,1.0,0.0,0.0,1.0,1.0
18,175,9.576247906295324,4.957910520646011,1.0,0.0,0.0,0.0,0.0,1.0
19,175,5.271563972657207,6.873748374594984,1.0,0.0,0.0,1.0,1.0,1.0
0,180,3.4478871299019587,10.595780753385426,0.0,1.0,0.0,0.0,1.0,0.0
1,180,3.337848143134751,7.715763296723932,0.0,0.0,1.0,0.0,1.0,0.0
2,180,11.996950006878102,1.0643086391947156,0.0,1.0,1.0,0.0,1.0,0.0
3,180,1.8683401659862968,1.8513089416752384,0.0,0.0,0.0,1.0,0.0,1.0
4,180,3.440996003489692,10.879354970386304,0.0,1.0,0.0,1.0,0.0,0.0
5,180,0.224814616823601,1.2759011149027697,0.0,0.0,1.0,0.0,1.0,0.0
6,180,12.0,12.0,1.0,0.0,0.0,1.0,0.0,0.0
7,180,10.38993003470408,1.7543305041961388,1.0,0.0,0.0,1.0,1.0,1.0
8,180,7.941715953207614,5.9627456535363015,0.0,0.0,0.0,0.0,0.0,0.0
9,180,3.4290608472907835,6.472571153996831,0.0,0.0,0.0,0.0,0.0,0.0
10,180,2.7486053798427497,2.4306862877748445,0.0,1.0,1.0,1.0,1.0,1.0
11,180,9.095431617107328,3.144669039271864,0.0,0.0,0.0,0.0,0.0,0.0
12,180,10.631245826827902,9.32145417407672,0.0,0.0,1.0,0.0,0.0,0.0
13,180,9.160455280570224,9.127573234701993,1.0,0.0,0.0,1.0,0.0,1.0
14,180,8.19921057919105,12.0,1.0,0.0,0.0,1.0,1.0,1.0
15,180,5.356798544222094,6.633783529870135,1.0,0.0,1.0,1.0,1.0,0.0
16,180,7.090587428962954,3.061162757613954,0.0,1.0,1.0,1.0,0.0,1.0
17,180,8.716726566013689,12.0,0.0,1.0,0.0,0.0,1.0,1.0
18,180,9.55801302393306,4.844162958634297,1.0,0.0,0.0,0.0,0.0,1.0
19,180,5.336949733685924,6.82020733039374,1.0,0.0,0.0,1.0,1.0,1.0
0,185,3.365739643839713,10.732157723204732,0.0,1.0,0.0,0.0,1.0,0.0
1,185,3.2125674538761557,7.698798236386107,0.0,0.0,1.0,0.0,1.0,0.0
2,185,11.995790261620488,1.1317466106273155,0.0,1.0,1.0,0.0,1.0,0.0
3,185,1.89601845921359,1.8771181233261165,0.0,0.0,0.0,1.0,0.0,1.0
4,185,3.435534294558641,10.879663068298496,0.0,1.0,0.0,1.0,0.0,0.0
5,185,0.2737151032994813,1.2775387096028312,0.0,0.0,1.0,0.0,1.0,0.0
6,185,12.0,12.0,1.0,0.0,0.0,1.0,0.0,0.0
7,185,10.444627382919023,1.723661495427327,1.0,0.0,0.0,1.0,1.0,1.0
8,185,7.998537153784487,6.0301453271644965,0.0,0.0,0.0,0.0,0.0,0.0
9,185,3.3800902012059213,6.379748735724698,0.0,0.0,0.0,0.0,0.0,0.0
10,185,2.786676253016832,2.49508668963054,0.0,1.0,1.0,1.0,1.0,1.0
11,185,9.144618255105897,3.205376930857906,0.0,0.0,0.0,0.0,0.0,0.0
12,185,10.63987653403448,9.280696828304908,0.0,0.0,1.0,0.0,0.0,0.0
13,185,9.152258031245932,9.11710120643517,1.0,0.0,0.0,1.0,0.0,1.0
14,185,8.155457236935868,12.0,1.0,0.0,0.0,1.0,1.0,1.0
15,185,5.21346480932578,6.656095620618086,1.0,0.0,1.0,1.0,1.0,0.0
16,185,7.110121492285016,2.989085499545673,0.0,1.0,1.0,1.0,0.0,1.0
17,185,8.703641611551472,12.0,0.0,1.0,0.0,0.0,1.0,1.0
18,185,9.54133957596887,4.73314288738499,1.0,0.0,0.0,0.0,0.0,1.0
19,185,5.393108610861368,6.7707414825009575,1.0,0.0,0.0,1.0,1.0,1.0
0,190,3.294454041361728,10.856381567045409,0.0,1.0,0.0,0.0,1.0,0.0
1,190,3.090535154912249,7.683590066520341,0.0,0.0,1.0,0.0,1.0,0.0
2,190,11.99504788881985,1.198173099197183,0.0,1.0,1.0,0.0,1.0,0.0
3,190,1.9195699289251684,1.8994859471233765,0.0,0.0,0.0,1.0,0.0,1.0
4,190,3.414518781608274,10.881018218191954,0.0,1.0,0.0,1.0,0.0,0.0
5,190,0.3354709985771368,1.2801848096007011,0.0,0.0,1.0,0.0,1.0,0.0
6,190,12.0,12.0,1.0,0.0,0.0,1.0,0.0,0.0
7,190,10.50149336349899,1.6911065564023948,1.0,0.0,0.0,1.0,1.0,1.0
8,190,8.033418581604531,6.0705450404745935,0.0,0.0,0.0,0.0,0.0,0.0
9,190,3.3287067322964927,6.290333659738438,0.0,0.0,0.0,0.0,0.0,0.0
10,190,2.8226880546083803,2.55499570264264,0.0,1.0,1.0,1.0,1.0,1.0
11,190,9.177495958758342,3.244979575309594,0.0,0.0,0.0,0.0,0.0,0.0
12,190,10.65164174194432,9.231403176238013,0.0,0.0,1.0,0.0,0.0,0.0
13,190,9.160748483766865,9.12792235980098,1.0,0.0,0.0,1.0,0.0,1.0
14,190,8.12024546297743,12.0,1.0,0.0,0.0,1.0,1.0,1.0
15,190,5.071480091779631,6.67793275445246,1.0,0.0,1.0,1.0,1.0,0.0
16,190,7.128824883368116,2.9141384212293246,0.0,1.0,1.0,1.0,0.0,1.0
17,190,8.693436628062456,12.0,0.0,1.0,0.0,0.0,1.0,1.0
18,190,9.523121253920484,4.625588055196249,1.0,0.0,0.0,0.0,0.0,1.0
19,190,5.454074234930546,6.718896005050557,1.0,0.0,0.0,1.0,1.0,1.0
0,195,3.220900417608121,10.982577863087798,0.0,1.0,0.0,0.0,1.0,0.0
1,195,2.966619145512391,7.668241476360754,0.0,0.0,1.0,0.0,1.0,0.0
2,195,11.996631920538135,1.267079429554669,0.0,1.0,1.0,0.0,1.0,0.0
3,195,1.9336661708294904,1.9137627381594,0.0,0.0,0.0,1.0,0.0,1.0
4,195,3.4094556762450123,10.881264117827184,0.0,1.0,0.0,1.0,0.0,0.0
5,195,0.3885737791727977,1.2809013820558994,0.0,0.0,1.0,0.0,1.0,0.0
6,195,12.0,12.0,1.0,0.0,0.0,1.0,0.0,0.0
7,195,10.534568103999792,1.6721784765527656,1.0,0.0,0.0,1.0,1.0,1.0
8,195,8.065734034692113,6.108418516968287,0.0,0.0,0.0,0.0,0.0,0.0
9,195,3.288778760388317,6.220597249498443,0.0,0.0,0.0,0.0,0.0,0.0
10,195,2.869089417942347,2.630576359722556,0.0,1.0,1.0,1.0,1.0,1.0
11,195,9.212905869381768,3.28823817065907,0.0,0.0,0.0,0.0,0.0,0.0
12,195,10.666537593801682,9.177893600237889,0.0,0.0,1.0,0.0,0.0,0.0
13,195,9.163244562274686,9.131055040718,1.0,0.0,0.0,1.0,0.0,1.0
14,195,8.080683451689671,12.0,1.0,0.0,0.0,1.0,1.0,1.0
15,195,4.917502921535613,6.701167039420284,1.0,0.0,1.0,1.0,1.0,0.0
16,195,7.144083495000303,2.848401668386894,0.0,1.0,1.0,1.0,0.0,1.0
17,195,8.69392700785546,11.999537808655726,0.0,1.0,0.0,0.0,1.0,1.0
18,195,9.502269242653457,4.503802673742152,1.0,0.0,0.0,0.0,0.0,1.0
19,195,5.5198672807790325,6.662279069034726,1.0,0.0,0.0,1.0,1.0,1.0
0,200,3.139466667063314,11.121408170115885,0.0,1.0,0.0,0.0,1.0,0.0
1,200,2.835870699091857,7.650378044812583,0.0,0.0,1.0,0.0,1.0,0.0
2,200,11.997175419876918,1.334429515721824,0.0,1.0,1.0,0.0,1.0,0.0
3,200,1.93395962383726,1.9140700680463223,0.0,0.0,0.0,1.0,0.0,1.0
4,200,3.417764317669516,10.88098347647656,0.0,1.0,0.0,1.0,0.0,0.0
5,200,0.4294065622826096,1.2819200804751392,0.0,0.0,1.0,0.0,1.0,0.0
6,200,12.0,12.0,1.0,0.0,0.0,1.0,0.0,0.0
7,200,10.566425798460362,1.6545891464083011,1.0,0.0,0.0,1.0,1.0,1.0
8,200,8.104256154406835,6.156064650014652,0.0,0.0,0.0,0.0,0.0,0.0
9,200,3.267722830993513,6.183457976866877,0.0,0.0,0.0,0.0,0.0,0.0
10,200,2.9229096655667792,2.7177632281635837,0.0,1.0,1.0,1.0,1.0,1.0
11,200,9.243309947796774,3.327791969142265,0.0,0.0,0.0,0.0,0.0,0.0
12,200,10.676055838452257,9.141754168583756,0.0,0.0,1.0,0.0,0.0,0.0
13,200,9.171006430661077,9.141322317803017,1.0,0.0,0.0,1.0,0.0,1.0
14,200,8.039496269364486,12.0,1.0,0.0,0.0,1.0,1.0,1.0
15,200,4.771189623489476,6.719641882630122,1.0,0.0,1.0,1.0,1.0,0.0
16,200,7.161080351835789,2.781734949792952,0.0,1.0,1.0,1.0,0.0,1.0
17,200,8.701029792315222,11.99273782687453,0.0,1.0,0.0,0.0,1.0,1.0
18,200,9.482192001942504,4.38785482269734,1.0,0.0,0.0,0.0,0.0,1.0
19,200,5.580593686541556,6.610845901383799,1.0,0.0,0.0,1.0,1.0,1.0
0,205,3.053341618867769,11.268300099320186,0.0,1.0,0.0,0.0,1.0,0.0
1,205,2.712230739187705,7.632311480653934,0.0,0.0,1.0,0.0,1.0,0.0
2,205,11.99611790925296,1.3953826437076406,0.0,1.0,1.0,0.0,1.0,0.0
3,205,1.930389405108748,1.910294938655646,0.0,0.0,0.0,1.0,0.0,1.0
4,205,3.413066242397327,10.881120664493382,0.0,1.0,0.0,1.0,0.0,0.0
5,205,0.4477924819932887,1.28202588472873,0.0,0.0,1.0,0.0,1.0,0.0
6,205,12.0,12.0,1.0,0.0,0.0,1.0,0.0,0.0
7,205,10.58989700028884,1.64133036926074,1.0,0.0,0.0,1.0,1.0,1.0
8,205,8.159422055099789,6.221400704238596,0.0,0.0,0.0,0.0,0.0,0.0
9,205,3.2465617296267477,6.14357513616289,0.0,0.0,0.0,0.0,0.0,0.0
10,205,2.9728708501509127,2.794210512260578,0.0,1.0,1.0,1.0,1.0,1.0
11,205,9.291919761025293,3.3919662150987158,0.0,0.0,0.0,0.0,0.0,0.0
12,205,10.679940509098802,9.127581561529675,0.0,0.0,1.0,0.0,0.0,0.0
13,205,9.164510182505165,9.13277180011562,1.0,0.0,0.0,1.0,0.0,1.0
14,205,7.991927875532655,12.0,1.0,0.0,0.0,1.0,1.0,1.0
15,205,4.60827039304632,6.738834162960405,1.0,0.0,1.0,1.0,1.0,0.0
16,205,7.178873988380774,2.711377520758402,0.0,1.0,1.0,1.0,0.0,1.0
17,205,8.699575493341966,11.994169190860337,0.0,1.0,0.0,0.0,1.0,1.0
18,205,9.462567275374417,4.269140447920505,1.0,0.0,0.0,0.0,0.0,1.0
19,205,5.660988567486639,6.5418262765510296,1.0,0.0,0.0,1.0,1.0,1.0
0,210,2.961678175802413,11.424100254309186,0.0,1.0,0.0,0.0,1.0,0.0
1,210,2.593313113751816,7.617793811013158,0.0,0.0,1.0,0.0,1.0,0.0
2,210,11.992869987851169,1.4619795981659736,0.0,1.0,1.0,0.0,1.0,0.0
3,210,1.9234952660896705,1.903138979994341,0.0,0.0,0.0,1.0,0.0,1.0
4,210,3.394108736536092,10.881158321976514,0.0,1.0,0.0,1.0,0.0,0.0
5,210,0.4807807906867358,1.28370270770949,0.0,0.0,1.0,0.0,1.0,0.0
6,210,12.0,12.0,1.0,0.0,0.0,1.0,0.0,0.0
7,210,10.605245573945828,1.6328482835096323,1.0,0.0,0.0,1.0,1.0,1.0
8,210,8.211285960346736,6.281946482473753,0.0,0.0,0.0,0.0,0.0,0.0
9,210,3.2283933913588285,6.108786808589204,0.0,0.0,0.0,0.0,0.0,0.0
10,210,3.0186322565523867,2.8646991194051217,0.0,1.0,1.0,1.0,1.0,1.0
11,210,9.32968567503029,3.4417988142961256,0.0,0.0,0.0,0.0,0.0,0.0
12,210,10.681173395193266,9.123235198141018,0.0,0.0,1.0,0.0,0.0,0.0
13,210,9.1567952482696,9.122768256994108,1.0,0.0,0.0,1.0,0.0,1.0
14,210,7.942263942418268,12.0,1.0,0.0,0.0,1.0,1.0,1.0
15,210,4.446937952907167,6.761899893522132,1.0,0.0,1.0,1.0,1.0,0.0
16,210,7.198921079953791,2.616743605577191,0.0,1.0,1.0,1.0,0.0,1.0
17,210,8.681603225681712,12.0,0.0,1.0,0.0,0.0,1.0,1.0
18,210,9.444016211775882,4.161937058694574,1.0,0.0,0.0,0.0,0.0,1.0
19,210,5.7156103143477255,6.495961687025101,1.0,0.0,0.0,1.0,1.0,1.0
0,215,2.8708754140553,11.580702907824028,0.0,1.0,0.0,0.0,1.0,0.0
1,215,2.4539759047385847,7.601428108182983,0.0,0.0,1.0,0.0,1.0,0.0
2,215,11.991061660160446,1.518741061972098,0.0,1.0,1.0,0.0,1.0,0.0
3,215,1.9168246290245063,1.8956723321276496,0.0,0.0,0.0,1.0,0.0,1.0
4,215,3.38193654395031,10.881098847391762,0.0,1.0,0.0,1.0,0.0,0.0
5,215,0.5128328330710135,1.2850235522063589,0.0,0.0,1.0,0.0,1.0,0.0
6,215,12.0,12.0,1.0,0.0,0.0,1.0,0.0,0.0
7,215,10.637226196146754,1.6142868892984066,1.0,0.0,0.0,1.0,1.0,1.0
8,215,8.254817700036261,6.336036622937051,0.0,0.0,0.0,0.0,0.0,0.0
9,215,3.2127954114838366,6.078961297423778,0.0,0.0,0.0,0.0,0.0,0.0
10,215,2.947556290093527,2.909493744266044,0.0,1.0,1.0,1.0,1.0,1.0
11,215,9.348267813460769,3.4657679494848503,0.0,0.0,0.0,0.0,0.0,0.0
12,215,10.687433823654072,9.103832998439083,0.0,0.0,1.0,0.0,0.0,0.0
13,215,9.15228713077628,9.1167786945506,1.0,0.0,0.0,1.0,0.0,1.0
14,215,7.889323899868,12.0,1.0,0.0,0.0,1.0,1.0,1.0
15,215,4.272569242904484,6.790218793147491,1.0,0.0,1.0,1.0,1.0,0.0
16,215,7.217038178057618,2.52997267277866,0.0,1.0,1.0,1.0,0.0,1.0
17,215,8.661530215248257,12.0,0.0,1.0,0.0,0.0,1.0,1.0
18,215,9.421692584991115,4.050369632371227,1.0,0.0,0.0,0.0,0.0,1.0
19,215,5.755283867649195,6.462974052079565,1.0,0.0,0.0,1.0,1.0,1.0
0,220,2.786811353988126,11.725461339394888,0.0,1.0,0.0,0.0,1.0,0.0
1,220,2.296153684038732,7.5890063553802705,0.0,0.0,1.0,0.0,1.0,0.0
2,220,11.989005755014489,1.564404234647439,0.0,1.0,1.0,0.0,1.0,0.0
3,220,1.9167849786946,1.8956293172549696,0.0,0.0,0.0,1.0,0.0,1.0
4,220,3.381998351462389,10.886441661742191,0.0,1.0,0.0,1.0,0.0,0.0
5,220,0.5217195568042858,1.2856605778274404,0.0,0.0,1.0,0.0,1.0,0.0
6,220,12.0,12.0,1.0,0.0,0.0,1.0,0.0,0.0
7,220,10.683640893425352,1.586997206460141,1.0,0.0,0.0,1.0,1.0,1.0
8,220,8.282232535173309,6.369237129001098,0.0,0.0,0.0,0.0,0.0,0.0
9,220,3.1909287855532327,6.039009766631879,0.0,0.0,0.0,0.0,0.0,0.0
10,220,2.868347404709781,2.959339248844325,0.0,1.0,1.0,1.0,1.0,1.0
11,220,9.347171263903506,3.4643700445374024,0.0,0.0,0.0,0.0,0.0,0.0
12,220,10.693340332185937,9.083341620009442,0.0,0.0,1.0,0.0,0.0,0.0
13,220,9.157343116516897,9.113081428824648,1.0,0.0,0.0,1.0,0.0,1.0
14,220,7.849145816193666,12.0,1.0,0.0,0.0,1.0,1.0,1.0
15,220,4.092188964031839,6.819937708659643,1.0,0.0,1.0,1.0,1.0,0.0
16,220,7.230476897218977,2.462854952397649,0.0,1.0,1.0,1.0,0.0,1.0
17,220,8.64845385498141,12.0,0.0,1.0,0.0,0.0,1.0,1.0
18,220,9.402111056368254,3.94778539450182,1.0,0.0,0.0,0.0,0.0,1.0
19,220,5.809489583996469,6.419293018924408,1.0,0.0,0.0,1.0,1.0,1.0
0,225,2.690790649204338,11.881886707606382,0.0,1.0,0.0,0.0,1.0,0.0
1,225,2.148601595370925,7.578044021736908,0.0,0.0,1.0,0.0,1.0,0.0
2,225,11.98696237205858,1.5996040906716789,0.0,1.0,1.0,0.0,1.0,0.0
3,225,1.912828763869988,1.891376751846697,0.0,0.0,0.0,1.0,0.0,1.0
4,225,3.381649411493983,10.87031648074952,0.0,1.0,0.0,1.0,0.0,0.0
5,225,0.5323233310383597,1.2867402346073802,0.0,0.0,1.0,0.0,1.0,0.0
6,225,12.0,12.0,1.0,0.0,0.0,1.0,0.0,0.0
7,225,10.738268373072856,1.5529372259012362,1.0,0.0,0.0,1.0,1.0,1.0
8,225,8.296296369442473,6.387762804691623,0.0,0.0,0.0,0.0,0.0,0.0
9,225,3.1706511902947363,6.000560815391854,0.0,0.0,0.0,0.0,0.0,0.0
10,225,2.7685878660635663,3.0218382142836604,0.0,1.0,1.0,1.0,1.0,1.0
11,225,9.354207872204242,3.47335508154474,0.0,0.0,0.0,0.0,0.0,0.0
12,225,10.698189321821848,9.065147704344096,0.0,0.0,1.0,0.0,0.0,0.0
13,225,9.158562535675689,9.112208122129903,1.0,0.0,0.0,1.0,0.0,1.0
14,225,7.808411584339835,12.0,1.0,0.0,0.0,1.0,1.0,1.0
15,225,3.933299609382395,6.847168848679845,1.0,0.0,1.0,1.0,1.0,0.0
16,225,7.246041133288476,2.387668070376165,0.0,1.0,1.0,1.0,0.0,1.0
17,225,8.641428006950022,12.0,0.0,1.0,0.0,0.0,1.0,1.0
18,225,9.381851082062823,3.837138123855802,1.0,0.0,0.0,0.0,0.0,1.0
19,225,5.858793734994978,6.379681778117799,1.0,0.0,0.0,1.0,1.0,1.0
0,230,2.5888778768516643,12.0,0.0,1.0,0.0,0.0,1.0,0.0
1,230,1.982539718518432,7.565597573294694,0.0,0.0,1.0,0.0,1.0,0.0
2,230,11.985887732445889,1.6356352096324638,0.0,1.0,1.0,0.0,1.0,0.0
3,230,1.903586236369851,1.8810739607680245,0.0,0.0,0.0,1.0,0.0,1.0
4,230,3.3811044068214064,10.849694335381985,0.0,1.0,0.0,1.0,0.0,0.0
5,230,0.5249121716371316,1.2859485565061797,0.0,0.0,1.0,0.0,1.0,0.0
6,230,12.0,12.0,1.0,0.0,0.0,1.0,0.0,0.0
7,230,10.781322488280606,1.526479069001324,1.0,0.0,0.0,1.0,1.0,1.0
8,230,8.31610420215525,6.4150384813359285,0.0,0.0,0.0,0.0,0.0,0.0
9,230,3.1522249926725285,5.966778385866666,0.0,0.0,0.0,0.0,0.0,0.0
10,230,2.6696708868784578,3.086064847999379,0.0,1.0,1.0,1.0,1.0,1.0
11,230,9.353223614612032,3.4720891411911787,0.0,0.0,0.0,0.0,0.0,0.0
12,230,10.70033585048142,9.05680255378164,0.0,0.0,1.0,0.0,0.0,0.0
13,230,9.174482814061246,9.100900123740685,1.0,0.0,0.0,1.0,0.0,1.0
14,230,7.772590779152085,12.0,1.0,0.0,0.0,1.0,1.0,1.0
15,230,3.749203829253292,6.880359455261487,1.0,0.0,1.0,1.0,1.0,0.0
16,230,7.258516471275736,2.3229469337722635,0.0,1.0,1.0,1.0,0.0,1.0
17,230,8.634709312190816,12.0,0.0,1.0,0.0,0.0,1.0,1.0
18,230,9.361901898102143,3.71470868715986,1.0,0.0,0.0,0.0,0.0,1.0
19,230,5.8971323041519605,6.350708948206927,1.0,0.0,0.0,1.0,1.0,1.0
0,235,2.4831501713878703,12.0,0.0,1.0,0.0,0.0,1.0,0.0
1,235,1.807932890210731,7.556130505089505,0.0,0.0,1.0,0.0,1.0,0.0
2,235,11.984387130764686,1.6773197631762125,0.0,1.0,1.0,0.0,1.0,0.0
3,235,1.901280736767919,1.8785339981933404,0.0,0.0,0.0,1.0,0.0,1.0
4,235,3.3799403629910287,10.817195948090584,0.0,1.0,0.0,1.0,0.0,0.0
5,235,0.535234237195401,1.2866638547147562,0.0,0.0,1.0,0.0,1.0,0.0
6,235,12.0,12.0,1.0,0.0,0.0,1.0,0.0,0.0
7,235,10.813058044739394,1.5055330927070578,1.0,0.0,0.0,1.0,1.0,1.0
8,235,8.32753348733584,6.43155227670755,0.0,0.0,0.0,0.0,0.0,0.0
9,235,3.130539156635061,5.927484793272925,0.0,0.0,0.0,0.0,0.0,0.0
10,235,2.5792508432672787,3.141535317664229,0.0,1.0,1.0,1.0,1.0,1.0
11,235,9.355381121110147,3.4747039717499733,0.0,0.0,0.0,0.0,0.0,0.0
12,235,10.69369337104018,9.081058941742096,0.0,0.0,1.0,0.0,0.0,0.0
13,235,9.18939443892494,9.090926786517803,1.0,0.0,0.0,1.0,0.0,1.0
14,235,7.73664374446053,12.0,1.0,0.0,0.0,1.0,1.0,1.0
15,235,3.5551439968039613,6.914019774962033,1.0,0.0,1.0,1.0,1.0,0.0
16,235,7.270542603217113,2.2626440974467448,0.0,1.0,1.0,1.0,0.0,1.0
17,235,8.621457955060569,12.0,0.0,1.0,0.0,0.0,1.0,1.0
18,235,9.345243077341706,3.604394082639768,1.0,0.0,0.0,0.0,0.0,1.0
19,235,5.940506048898479,6.318152158991858,1.0,0.0,0.0,1.0,1.0,1.0
0,240,2.381983831402767,12.0,0.0,1.0,0.0,0.0,1.0,0.0
1,240,1.6066372607361648,7.542869007136042,0.0,0.0,1.0,0.0,1.0,0.0
2,240,11.982316724013538,1.7275493584921202,0.0,1.0,1.0,0.0,1.0,0.0
3,240,1.89963120474588,1.876690914490865,0.0,0.0,0.0,1.0,0.0,1.0
4,240,3.3557005723261666,10.817316222402498,0.0,1.0,0.0,1.0,0.0,0.0
5,240,0.5571953426822643,1.2881969584425468,0.0,0.0,1.0,0.0,1.0,0.0
6,240,12.0,12.0,1.0,0.0,0.0,1.0,0.0,0.0
7,240,10.83367280255927,1.4920162046077452,1.0,0.0,0.0,1.0,1.0,1.0
8,240,8.345880959969028,6.457106053251502,0.0,0.0,0.0,0.0,0.0,0.0
9,240,3.1073755828129164,5.882360419483558,0.0,0.0,0.0,0.0,0.0,0.0
10,240,2.48165174516506,3.1965294086179843,0.0,1.0,1.0,1.0,1.0,1.0
11,240,9.374974022202109,3.499243598565596,0.0,0.0,0.0,0.0,0.0,0.0
12,240,10.68027231384249,9.130714577920603,0.0,0.0,1.0,0.0,0.0,0.0
13,240,9.219195614951614,9.07223181315404,1.0,0.0,0.0,1.0,0.0,1.0
14,240,7.70603284613542,12.0,1.0,0.0,0.0,1.0,1.0,1.0
15,240,3.355443837374451,6.948218070978128,1.0,0.0,1.0,1.0,1.0,0.0
16,240,7.282084331770916,2.204335030707496,0.0,1.0,1.0,1.0,0.0,1.0
17,240,8.624186587666252,11.997336246995882,0.0,1.0,0.0,0.0,1.0,1.0
18,240,9.32511974508994,3.4875772818231128,1.0,0.0,0.0,0.0,0.0,1.0
19,240,5.985299667233171,6.284328770898087,1.0,0.0,0.0,1.0,1.0,1.0
0,245,2.2977314531694746,12.0,0.0,1.0,0.0,0.0,1.0,0.0
1,245,1.42491684449609,7.530874785874739,0.0,0.0,1.0,0.0,1.0,0.0
2,245,11.979063121395544,1.788272374206848,0.0,1.0,1.0,0.0,1.0,0.0
3,245,1.882768610819242,1.8580379693385969,0.0,0.0,0.0,1.0,0.0,1.0
4,245,3.309555269040206,10.816305010873212,0.0,1.0,0.0,1.0,0.0,0.0
5,245,0.5774425369949774,1.2892075100453173,0.0,0.0,1.0,0.0,1.0,0.0
6,245,12.0,12.0,1.0,0.0,0.0,1.0,0.0,0.0
7,245,10.857756708685285,1.4757294597026636,1.0,0.0,0.0,1.0,1.0,1.0
8,245,8.365730377789319,6.484177721576858,0.0,0.0,0.0,0.0,0.0,0.0
9,245,3.089263635354683,5.845702293276132,0.0,0.0,0.0,0.0,0.0,0.0
10,245,2.3644179583733207,3.263670163933084,0.0,1.0,1.0,1.0,1.0,1.0
11,245,9.401961249028629,3.531796395032016,0.0,0.0,0.0,0.0,0.0,0.0
12,245,10.662205662904915,9.1953130718868,0.0,0.0,1.0,0.0,0.0,0.0
13,245,9.266564332031145,9.04238917457122,1.0,0.0,0.0,1.0,0.0,1.0
14,245,7.665721325442074,12.0,1.0,0.0,0.0,1.0,1.0,1.0
15,245,3.153639751616564,6.984962159745709,1.0,0.0,1.0,1.0,1.0,0.0
16,245,7.295189859160613,2.13172111066653,0.0,1.0,1.0,1.0,0.0,1.0
17,245,8.626634609940222,11.994958010345904,0.0,1.0,0.0,0.0,1.0,1.0
18,245,9.306119239979411,3.374550438516222,1.0,0.0,0.0,0.0,0.0,1.0
19,245,6.019512797054529,6.259060964832891,1.0,0.0,0.0,1.0,1.0,1.0
0,250,2.210136079205003,12.0,0.0,1.0,0.0,0.0,1.0,0.0
1,250,1.2239190149302344,7.520398942836393,0.0,0.0,1.0,0.0,1.0,0.0
2,250,11.975661482830064,1.8418892948912624,0.0,1.0,1.0,0.0,1.0,0.0
3,250,1.8783383823970925,1.8530061208098685,0.0,0.0,0.0,1.0,0.0,1.0
4,250,3.283080102711706,10.816354583535729,0.0,1.0,0.0,1.0,0.0,0.0
5,250,0.5921263283059828,1.289763204160322,0.0,0.0,1.0,0.0,1.0,0.0
6,250,12.0,12.0,1.0,0.0,0.0,1.0,0.0,0.0
7,250,10.882550002288102,1.4596900669754038,1.0,0.0,0.0,1.0,1.0,1.0
8,250,8.383804100868222,6.509527174737998,0.0,0.0,0.0,0.0,0.0,0.0
9,250,3.0766709539042725,5.821300224657955,0.0,0.0,0.0,0.0,0.0,0.0
10,250,2.2614117832992493,3.324676456829074,0.0,1.0,1.0,1.0,1.0,1.0
11,250,9.436359044961833,3.5746655015902946,0.0,0.0,0.0,0.0,0.0,0.0
12,250,10.649735880589535,9.241577287227868,0.0,0.0,1.0,0.0,0.0,0.0
13,250,9.30919021202334,9.01540148959912,1.0,0.0,0.0,1.0,0.0,1.0
14,250,7.622286898674055,12.0,1.0,0.0,0.0,1.0,1.0,1.0
15,250,2.9851295168534278,7.012038593524212,1.0,0.0,1.0,1.0,1.0,0.0
16,250,7.3051103989454385,2.069201726618306,0.0,1.0,1.0,1.0,0.0,1.0
17,250,8.624347987020236,11.997211053062788,0.0,1.0,0.0,0.0,1.0,1.0
18,250,9.286523138333212,3.265701666066129,1.0,0.0,0.0,0.0,0.0,1.0
19,250,6.0713643339459535,6.221583921607754,1.0,0.0,0.0,1.0,1.0,1.0
0,255,2.120025744386256,12.0,0.0,1.0,0.0,0.0,1.0,0.0
1,255,1.0052845294419446,7.511357621128529,0.0,0.0,1.0,0.0,1.0,0.0
2,255,11.972269085906092,1.8853377616880975,0.0,1.0,1.0,0.0,1.0,0.0
3,255,1.879897652038039,1.8547537622892345,0.0,0.0,0.0,1.0,0.0,1.0
4,255,3.2833333597363903,10.81635612968175,0.0,1.0,0.0,1.0,0.0,0.0
5,255,0.625187509528282,1.2912428443006183,0.0,0.0,1.0,0.0,1.0,0.0
6,255,12.0,12.0,1.0,0.0,0.0,1.0,0.0,0.0
7,255,10.892798879745117,1.45350545397917,1.0,0.0,0.0,1.0,1.0,1.0
8,255,8.38376474279984,6.50947123013061,0.0,0.0,0.0,0.0,0.0,0.0
9,255,3.063063789631527,5.794587512614831,0.0,0.0,0.0,0.0,0.0,0.0
10,255,2.160189907809387,3.387677694506172,0.0,1.0,1.0,1.0,1.0,1.0
11,255,9.493342023717942,3.6426391298481984,0.0,0.0,0.0,0.0,0.0,0.0
12,255,10.634356152307896,9.294447871400584,0.0,0.0,1.0,0.0,0.0,0.0
13,255,9.343662824141104,8.993204877297853,1.0,0.0,0.0,1.0,0.0,1.0
14,255,7.5844491855962595,12.0,1.0,0.0,0.0,1.0,1.0,1.0
15,255,2.810346045850077,7.041041956801657,1.0,0.0,1.0,1.0,1.0,0.0
16,255,7.316496155908847,1.9955303936647515,0.0,1.0,1.0,1.0,0.0,1.0
17,255,8.628485652746575,11.99316183176109,0.0,1.0,0.0,0.0,1.0,1.0
18,255,9.266650820207476,3.1471367839078117,1.0,0.0,0.0,0.0,0.0,1.0
19,255,6.112232867546536,6.192799653510821,1.0,0.0,0.0,1.0,1.0,1.0
0,260,2.0248466084304857,12.0,0.0,1.0,0.0,0.0,1.0,0.0
1,260,0.7822306889740134,7.496167627454536,0.0,0.0,1.0,0.0,1.0,0.0
2,260,11.970860694626111,1.9026917608986196,0.0,1.0,1.0,0.0,1.0,0.0
3,260,1.8982615040875703,1.8754207847290936,0.0,0.0,0.0,1.0,0.0,1.0
4,260,3.307234712608908,10.81567256697125,0.0,1.0,0.0,1.0,0.0,0.0
5,260,0.6806444166179055,1.2954823453590254,0.0,0.0,1.0,0.0,1.0,0.0
6,260,12.0,12.0,1.0,0.0,0.0,1.0,0.0,0.0
7,260,10.897593747761814,1.450530584905531,1.0,0.0,0.0,1.0,1.0,1.0
8,260,8.37341996183268,6.494981709466853,0.0,0.0,0.0,0.0,0.0,0.0
9,260,3.037006754650614,5.7417177471717045,0.0,0.0,0.0,0.0,0.0,0.0
10,260,2.0426022071989043,3.4588334813379022,0.0,1.0,1.0,1.0,1.0,1.0
11,260,9.566125396590994,3.727830196106164,0.0,0.0,0.0,0.0,0.0,0.0
12,260,10.623298775269992,9.33005104781376,0.0,0.0,1.0,0.0,0.0,0.0
13,260,9.360298516267251,8.98216063873274,1.0,0.0,0.0,1.0,0.0,1.0
14,260,7.548653010144922,12.0,1.0,0.0,0.0,1.0,1.0,1.0
15,260,2.621557005642523,7.074930611483767,1.0,0.0,1.0,1.0,1.0,0.0
16,260,7.325073845523385,1.933345735865517,0.0,1.0,1.0,1.0,0.0,1.0
17,260,8.641543823855535,11.979783922027815,0.0,1.0,0.0,0.0,1.0,1.0
18,260,9.250684520376604,3.034432034845643,1.0,0.0,0.0,0.0,0.0,1.0
19,260,6.166421183472732,6.155590993146169,1.0,0.0,0.0,1.0,1.0,1.0
0,265,1.9363780410610103,12.0,0.0,1.0,0.0,0.0,1.0,0.0
1,265,0.5481537037651045,7.482318777458843,0.0,0.0,1.0,0.0,1.0,0.0
2,265,11.969248920546825,1.9335033156128327,0.0,1.0,1.0,0.0,1.0,0.0
3,265,1.907106897032568,1.8854702528743608,0.0,0.0,0.0,1.0,0.0,1.0
4,265,3.3262502696268,10.815014149736935,0.0,1.0,0.0,1.0,0.0,0.0
5,265,0.7405310626939499,1.3000503287399476,0.0,0.0,1.0,0.0,1.0,0.0
6,265,12.0,12.0,1.0,0.0,0.0,1.0,0.0,0.0
7,265,10.89079295287369,1.4545001033022795,1.0,0.0,0.0,1.0,1.0,1.0
8,265,8.367103576853866,6.486663586320836,0.0,0.0,0.0,0.0,0.0,0.0
9,265,3.0084132130002854,5.684870492974732,0.0,0.0,0.0,0.0,0.0,0.0
10,265,1.9408562907291165,3.5189099472391976,0.0,1.0,1.0,1.0,1.0,1.0
11,265,9.633438080895484,3.8071408004065086,0.0,0.0,0.0,0.0,0.0,0.0
12,265,10.616037068050602,9.352896324732091,0.0,0.0,1.0,0.0,0.0,0.0
13,265,9.348641523553995,8.989848163437095,1.0,0.0,0.0,1.0,0.0,1.0
14,265,7.513854157670958,12.0,1.0,0.0,0.0,1.0,1.0,1.0
15,265,2.407551143456829,7.107203802363968,1.0,0.0,1.0,1.0,1.0,0.0
16,265,7.330094018446707,1.8758149009375689,0.0,1.0,1.0,1.0,0.0,1.0
17,265,8.639172512590765,11.982158327734355,0.0,1.0,0.0,0.0,1.0,1.0
18,265,9.23880528116343,2.9412398034991085,1.0,0.0,0.0,0.0,0.0,1.0
19,265,6.212094100146069,6.125838464774915,1.0,0.0,0.0,1.0,1.0,1.0
0,270,1.838843120481312,12.0,0.0,1.0,0.0,0.0,1.0,0.0
1,270,0.333718287606924,7.469343803101111,0.0,0.0,1.0,0.0,1.0,0.0
2,270,11.968052468138987,1.96369551006513,0.0,1.0,1.0,0.0,1.0,0.0
3,270,1.9099809300241732,1.888717601529163,0.0,0.0,0.0,1.0,0.0,1.0
4,270,3.326949049126075,10.840784879009536,0.0,1.0,0.0,1.0,0.0,0.0
5,270,0.7874008566256826,1.303070837409345,0.0,0.0,1.0,0.0,1.0,0.0
6,270,12.0,12.0,1.0,0.0,0.0,1.0,0.0,0.0
7,270,10.874952129089898,1.4628986754174176,1.0,0.0,0.0,1.0,1.0,1.0
8,270,8.372856764831079,6.494152054020838,0.0,0.0,0.0,0.0,0.0,0.0
9,270,2.971275600178481,5.615529867444093,0.0,0.0,0.0,0.0,0.0,0.0
10,270,1.8429800706106327,3.572816413047815,0.0,1.0,1.0,1.0,1.0,1.0
11,270,9.703036229567418,3.889583598966768,0.0,0.0,0.0,0.0,0.0,0.0
12,270,10.606249129742984,9.384521356890836,0.0,0.0,1.0,0.0,0.0,0.0
13,270,9.33369523938836,9.00014306321729,1.0,0.0,0.0,1.0,0.0,1.0
14,270,7.481224877264906,12.0,1.0,0.0,0.0,1.0,1.0,1.0
15,270,2.1537009380798717,7.141159396333506,1.0,0.0,1.0,1.0,1.0,0.0
16,270,7.3321232035479325,1.8335484868824523,0.0,1.0,1.0,1.0,0.0,1.0
17,270,8.625055583414767,11.995883825653696,0.0,1.0,0.0,0.0,1.0,1.0
18,270,9.226041281200356,2.829841283242648,1.0,0.0,0.0,0.0,0.0,1.0
19,270,6.258500501818543,6.093301993319435,1.0,0.0,0.0,1.0,1.0,1.0
0,275,1.7322039291842912,12.0,0.0,1.0,0.0,0.0,1.0,0.0
1,275,0.1142848169914854,7.453052077943303,0.0,0.0,1.0,0.0,1.0,0.0
2,275,11.966087388046398,1.9966900364843507,0.0,1.0,1.0,0.0,1.0,0.0
3,275,1.918108285703561,1.8981859900048388,0.0,0.0,0.0,1.0,0.0,1.0
4,275,3.328412640281051,10.868750591666164,0.0,1.0,0.0,1.0,0.0,0.0
5,275,0.8276744829177058,1.306959782265555,0.0,0.0,1.0,0.0,1.0,0.0
6,275,12.0,12.0,1.0,0.0,0.0,1.0,0.0,0.0
7,275,10.865925775448178,1.467809253485873,1.0,0.0,0.0,1.0,1.0,1.0
8,275,8.378532577180293,6.501648629433826,0.0,0.0,0.0,0.0,0.0,0.0
9,275,2.9368845715829672,5.551848348058498,0.0,0.0,0.0,0.0,0.0,0.0
10,275,1.8925051872684275,3.667329029754466,0.0,1.0,1.0,1.0,1.0,1.0
11,275,9.771274459020514,3.970943988210424,0.0,0.0,0.0,0.0,0.0,0.0
12,275,10.601940785437112,9.398360608115494,0.0,0.0,1.0,0.0,0.0,0.0
13,275,9.316036634144057,9.012492560900196,1.0,0.0,0.0,1.0,0.0,1.0
14,275,7.447911290932018,12.0,1.0,0.0,0.0,1.0,1.0,1.0
15,275,1.894679456922024,7.17540272512326,1.0,0.0,1.0,1.0,1.0,0.0
16,275,7.334741947450207,1.783274022530935,0.0,1.0,1.0,1.0,0.0,1.0
17,275,8.603158585005637,12.0,0.0,1.0,0.0,0.0,1.0,1.0
18,275,9.213468665471344,2.7115795751721654,1.0,0.0,0.0,0.0,0.0,1.0
19,275,6.303728449598703,6.063074469582506,1.0,0.0,0.0,1.0,1.0,1.0
0,280,1.6304673221715935,12.0,0.0,1.0,0.0,0.0,1.0,0.0
1,280,0.0,7.432564504491185,0.0,0.0,1.0,0.0,1.0,0.0
2,280,11.964308219609189,2.018598686780979,0.0,1.0,1.0,0.0,1.0,0.0
3,280,1.9365416935519424,1.919793794062179,0.0,0.0,0.0,1.0,0.0,1.0
4,280,3.3300738184091907,10.89699124334848,0.0,1.0,0.0,1.0,0.0,0.0
5,280,0.8868370505607153,1.3124909133702327,0.0,0.0,1.0,0.0,1.0,0.0
6,280,12.0,12.0,1.0,0.0,0.0,1.0,0.0,0.0
7,280,10.854033104475876,1.4739166043053895,1.0,0.0,0.0,1.0,1.0,1.0
8,280,8.386231020224779,6.5117886611799385,0.0,0.0,0.0,0.0,0.0,0.0
9,280,2.907558947026496,5.493274239225161,0.0,0.0,0.0,0.0,0.0,0.0
10,280,1.93598489550534,3.755394421615165,0.0,1.0,1.0,1.0,1.0,1.0
11,280,9.85175464432514,4.0652649166928665,0.0,0.0,0.0,0.0,0.0,0.0
12,280,10.595194853347152,9.41832019296275,0.0,0.0,1.0,0.0,0.0,0.0
13,280,9.312485879700924,9.0150614776682,1.0,0.0,0.0,1.0,0.0,1.0
14,280,7.410069429241485,12.0,1.0,0.0,0.0,1.0,1.0,1.0
15,280,1.6304580398015027,7.205457599447816,1.0,0.0,1.0,1.0,1.0,0.0
16,280,7.337880848461146,1.7219209939962885,0.0,1.0,1.0,1.0,0.0,1.0
17,280,8.579533368825457,12.0,0.0,1.0,0.0,0.0,1.0,1.0
18,280,9.198300013841536,2.5836308069096927,1.0,0.0,0.0,0.0,0.0,1.0
19,280,6.336718113120564,6.042495377955901,1.0,0.0,0.0,1.0,1.0,1.0
0,285,1.5265632633867166,12.0,0.0,1.0,0.0,0.0,1.0,0.0
1,285,0.0,7.417371659949736,0.0,0.0,1.0,0.0,1.0,0.0
2,285,11.963101813346274,2.0350160260326566,0.0,1.0,1.0,0.0,1.0,0.0
3,285,1.9652891806489177,1.954255152673524,0.0,0.0,0.0,1.0,0.0,1.0
4,285,3.3307811529486004,10.910909979815576,0.0,1.0,0.0,1.0,0.0,0.0
5,285,0.9391433809973492,1.3171811472081578,0.0,0.0,1.0,0.0,1.0,0.0
6,285,12.0,12.0,1.0,0.0,0.0,1.0,0.0,0.0
7,285,10.854665100926056,1.4735608005369036,1.0,0.0,0.0,1.0,1.0,1.0
8,285,8.410763067863874,6.54577882332645,0.0,0.0,0.0,0.0,0.0,0.0
9,285,2.8758192699762573,5.433108909065022,0.0,0.0,0.0,0.0,0.0,0.0
10,285,1.982731649163631,3.8536510911898656,0.0,1.0,1.0,1.0,1.0,1.0
11,285,9.925956372233134,4.154801085923523,0.0,0.0,0.0,0.0,0.0,0.0
12,285,10.584959518734347,9.449153753391268,0.0,0.0,1.0,0.0,0.0,0.0
13,285,9.315722942369163,9.012602621571828,1.0,0.0,0.0,1.0,0.0,1.0
14,285,7.379179733725421,12.0,1.0,0.0,0.0,1.0,1.0,1.0
15,285,1.3830257786370936,7.234992322266386,1.0,0.0,1.0,1.0,1.0,0.0
16,285,7.341976091179207,1.6566633780991502,0.0,1.0,1.0,1.0,0.0,1.0
17,285,8.545477272414182,12.0,0.0,1.0,0.0,0.0,1.0,1.0
18,285,9.183191282669446,2.45375497470573,1.0,0.0,0.0,0.0,0.0,1.0
19,285,6.366509953042615,6.023980493719601,1.0,0.0,0.0,1.0,1.0,1.0
0,290,1.4266736491311265,12.0,0.0,1.0,0.0,0.0,1.0,0.0
1,290,0.0,7.402094031545355,0.0,0.0,1.0,0.0,1.0,0.0
2,290,11.960595234345352,2.064758532441189,0.0,1.0,1.0,0.0,1.0,0.0
3,290,1.995161833158777,1.9895977811032144,0.0,0.0,0.0,1.0,0.0,1.0
4,290,3.331910375092544,10.935036044310692,0.0,1.0,0.0,1.0,0.0,0.0
5,290,1.0001223301669857,1.3218204466872263,0.0,0.0,1.0,0.0,1.0,0.0
6,290,12.0,12.0,1.0,0.0,0.0,1.0,0.0,0.0
7,290,10.84299838899218,1.480207671517375,1.0,0.0,0.0,1.0,1.0,1.0
8,290,8.429196723191192,6.571871368378643,0.0,0.0,0.0,0.0,0.0,0.0
9,290,2.8465969186007576,5.378338862493429,0.0,0.0,0.0,0.0,0.0,0.0
10,290,2.0314913770945564,3.953564531617955,0.0,1.0,1.0,1.0,1.0,1.0
11,290,10.007857821065212,4.260211608941103,0.0,0.0,0.0,0.0,0.0,0.0
12,290,10.581396838427592,9.46057718910447,0.0,0.0,1.0,0.0,0.0,0.0
13,290,9.347621143856008,8.988331037326228,1.0,0.0,0.0,1.0,0.0,1.0
14,290,7.349281214874211,12.0,1.0,0.0,0.0,1.0,1.0,1.0
15,290,1.1482431260964956,7.255442208067459,1.0,0.0,1.0,1.0,1.0,0.0
16,290,7.34786025591759,1.5791439062153272,0.0,1.0,1.0,1.0,0.0,1.0
17,290,8.492971524250748,12.0,0.0,1.0,0.0,0.0,1.0,1.0
18,290,9.166316071353233,2.3180986858481583,1.0,0.0,0.0,0.0,0.0,1.0
19,290,6.403856132490491,6.00220170825765,1.0,0.0,0.0,1.0,1.0,1.0
0,295,1.3306104006444122,12.0,0.0,1.0,0.0,0.0,1.0,0.0
1,295,0.0,7.386783482082103,0.0,0.0,1.0,0.0,1.0,0.0
2,295,11.958734168708824,2.084236930132942,0.0,1.0,1.0,0.0,1.0,0.0
3,295,2.0155681865242463,2.013658342977262,0.0,0.0,0.0,1.0,0.0,1.0
4,295,3.331186926467536,10.935074598263254,0.0,1.0,0.0,1.0,0.0,0.0
5,295,1.0542297422008895,1.3247804592472576,0.0,0.0,1.0,0.0,1.0,0.0
6,295,12.0,12.0,1.0,0.0,0.0,1.0,0.0,0.0
7,295,10.824231216631706,1.4906450440170298,1.0,0.0,0.0,1.0,1.0,1.0
8,295,8.451930909718397,6.603163823197977,0.0,0.0,0.0,0.0,0.0,0.0
9,295,2.807049159318799,5.304980456464072,0.0,0.0,0.0,0.0,0.0,0.0
10,295,2.089531503051291,4.0668786109753166,0.0,1.0,1.0,1.0,1.0,1.0
11,295,10.081508548619334,4.361083488888826,0.0,0.0,0.0,0.0,0.0,0.0
12,295,10.574986569776446,9.484238482345807,0.0,0.0,1.0,0.0,0.0,0.0
13,295,9.38713224696184,8.957785823126443,1.0,0.0,0.0,1.0,0.0,1.0
14,295,7.324100836718975,12.0,1.0,0.0,0.0,1.0,1.0,1.0
15,295,0.9145199878473392,7.268425657044837,1.0,0.0,1.0,1.0,1.0,0.0
16,295,7.355010974001725,1.488346950097986,0.0,1.0,1.0,1.0,0.0,1.0
17,295,8.446499683188467,12.0,0.0,1.0,0.0,0.0,1.0,1.0
18,295,9.149743232055645,2.174469959882333,1.0,0.0,0.0,0.0,0.0,1.0
19,295,6.440973921878883,5.980656332200434,1.0,0.0,0.0,1.0,1.0,1.0
