0,0,2.0379262736389814,0.0268377153287145,0.0,0.0,0.0,1.0,0.0,1.0
1,0,1.9535697349284904,12.0,0.0,0.0,0.0,1.0,0.0,1.0
2,0,10.9664337200372,2.054592901518478,0.0,0.0,1.0,1.0,0.0,0.0
3,0,1.9411639693222933,12.0,0.0,0.0,1.0,1.0,1.0,1.0
4,0,2.9472901219172787,6.051779629364046,0.0,1.0,0.0,0.0,0.0,1.0
5,0,0.9717808644076068,0.0,1.0,0.0,0.0,0.0,0.0,0.0
6,0,8.010446038484439,10.042681318276363,0.0,1.0,0.0,0.0,1.0,0.0
7,0,9.97680621803832,6.052415966735662,0.0,0.0,1.0,0.0,1.0,1.0
8,0,4.948485297457546,10.94949361393216,0.0,0.0,0.0,1.0,0.0,0.0
9,0,3.960351942005507,3.9830615502197455,1.0,1.0,0.0,0.0,1.0,0.0
10,0,8.94144629707751,6.012466229143027,0.0,0.0,0.0,0.0,0.0,0.0
11,0,4.017829819394403,7.043662914530477,1.0,1.0,0.0,0.0,1.0,0.0
12,0,6.967295068475536,3.9628797430814857,0.0,0.0,0.0,1.0,0.0,1.0
13,0,10.052703809813783,0.0294033636269958,1.0,0.0,0.0,1.0,1.0,0.0
14,0,0.9835009834185404,5.95919248303334,0.0,0.0,1.0,0.0,0.0,0.0
15,0,6.952011671930779,10.039619444627348,1.0,0.0,1.0,0.0,0.0,1.0
16,0,11.052338021066172,7.996668416300198,1.0,1.0,0.0,0.0,0.0,0.0
17,0,0.0,12.0,1.0,0.0,1.0,0.0,0.0,0.0
18,0,12.0,8.033226619727198,0.0,1.0,0.0,1.0,1.0,1.0
19,0,5.962218945417206,2.9867569934184783,0.0,0.0,1.0,1.0,0.0,0.0
0,5,2.079152813823232,0.0566967361734689,0.0,0.0,0.0,1.0,0.0,1.0
1,5,1.900532456125505,12.0,0.0,0.0,0.0,1.0,0.0,1.0
2,5,10.941636635965146,2.0952711016953023,0.0,0.0,1.0,1.0,0.0,0.0
3,5,1.863570146398449,12.0,0.0,0.0,1.0,1.0,1.0,1.0
4,5,2.8944243520525386,6.105249350750595,0.0,1.0,0.0,0.0,0.0,1.0
5,5,0.944994665876699,0.0,1.0,0.0,0.0,0.0,0.0,0.0
6,5,8.020400673766925,10.084824129591206,0.0,1.0,0.0,0.0,1.0,0.0
7,5,9.948147992943086,6.112595124556147,0.0,0.0,1.0,0.0,1.0,1.0
8,5,4.904705821145053,10.905922551136053,0.0,0.0,0.0,1.0,0.0,0.0
9,5,3.909608697720919,3.961283715125579,1.0,1.0,0.0,0.0,1.0,0.0
10,5,8.880752571008607,6.025874163248965,0.0,0.0,0.0,0.0,0.0,0.0
11,5,4.045695871872172,7.111553528006821,1.0,1.0,0.0,0.0,1.0,0.0
12,5,6.934122301148071,3.926836593761352,0.0,0.0,0.0,1.0,0.0,1.0
13,5,10.102084952873376,0.0576444757873767,1.0,0.0,0.0,1.0,1.0,0.0
14,5,0.9618067346586788,5.900882497345131,0.0,0.0,1.0,0.0,0.0,0.0
15,5,6.910163490612305,10.0738303691553,1.0,0.0,1.0,0.0,0.0,1.0
16,5,11.10384279901629,7.994671127164872,1.0,1.0,0.0,0.0,0.0,0.0
17,5,0.0,12.0,1.0,0.0,1.0,0.0,0.0,0.0
18,5,12.0,8.062658701368,0.0,1.0,0.0,1.0,1.0,1.0
19,5,5.929269078984747,2.9746504251888104,0.0,0.0,1.0,1.0,0.0,0.0
0,10,2.1123236963021803,0.082330125200079,0.0,0.0,0.0,1.0,0.0,1.0
1,10,1.861750678572548,12.0,0.0,0.0,0.0,1.0,0.0,1.0
2,10,10.912630138974311,2.1397341081564845,0.0,0.0,1.0,1.0,0.0,0.0
3,10,1.755974248864568,12.0,0.0,0.0,1.0,1.0,1.0,1.0
4,10,2.8450325522404154,6.155334361232933,0.0,1.0,0.0,0.0,0.0,1.0
5,10,0.9322023572095348,0.0,1.0,0.0,0.0,0.0,0.0,0.0
6,10,8.032725906799946,10.138136540966308,0.0,1.0,0.0,0.0,1.0,0.0
7,10,9.916020240663256,6.185139120248763,0.0,0.0,1.0,0.0,1.0,1.0
8,10,4.860514498405449,10.86209306169412,0.0,0.0,0.0,1.0,0.0,0.0
9,10,3.8613293863763936,3.940943705766315,1.0,1.0,0.0,0.0,1.0,0.0
10,10,8.816552446756436,6.0400813941310245,0.0,0.0,0.0,0.0,0.0,0.0
11,10,4.077979321245652,7.192134155407975,1.0,1.0,0.0,0.0,1.0,0.0
12,10,6.90907111579027,3.899518207093249,0.0,0.0,0.0,1.0,0.0,1.0
13,10,10.143154794051064,0.0812381634748051,1.0,0.0,0.0,1.0,1.0,0.0
14,10,0.9464697925715922,5.855365225245502,0.0,0.0,1.0,0.0,0.0,0.0
15,10,6.846854808870787,10.123407313728029,1.0,0.0,1.0,0.0,0.0,1.0
16,10,11.150423389122004,7.993276387258477,1.0,1.0,0.0,0.0,0.0,0.0
17,10,0.0,12.0,1.0,0.0,1.0,0.0,0.0,0.0
18,10,12.0,8.07805022485727,0.0,1.0,0.0,1.0,1.0,1.0
19,10,5.872035526467329,2.954270333746796,0.0,0.0,1.0,1.0,0.0,0.0
0,15,2.14718446213169,0.109082220892565,0.0,0.0,0.0,1.0,0.0,1.0
1,15,1.816253706159093,12.0,0.0,0.0,0.0,1.0,0.0,1.0
2,15,10.901687709976883,2.156172104328369,0.0,0.0,1.0,1.0,0.0,0.0
3,15,1.660827342677762,12.0,0.0,0.0,1.0,1.0,1.0,1.0
4,15,2.800694593431896,6.198600796589862,0.0,1.0,0.0,0.0,0.0,1.0
5,15,0.9208448476290148,0.0,1.0,0.0,0.0,0.0,0.0,0.0
6,15,8.038793204968702,10.163594150529311,0.0,1.0,0.0,0.0,1.0,0.0
7,15,9.883477335411122,6.255944359342923,0.0,0.0,1.0,0.0,1.0,1.0
8,15,4.819377955722622,10.822563329162769,0.0,0.0,0.0,1.0,0.0,0.0
9,15,3.804259679255936,3.9162154461077066,1.0,1.0,0.0,0.0,1.0,0.0
10,15,8.74682619695541,6.055886518939826,0.0,0.0,0.0,0.0,0.0,0.0
11,15,4.105142430469322,7.261101266685647,1.0,1.0,0.0,0.0,1.0,0.0
12,15,6.891450992677476,3.880337884847691,0.0,0.0,0.0,1.0,0.0,1.0
13,15,10.16601864829104,0.0942690283975313,1.0,0.0,0.0,1.0,1.0,0.0
14,15,0.9396115255778064,5.835130359594007,0.0,0.0,1.0,0.0,0.0,0.0
15,15,6.77764436701513,10.181215356906698,1.0,0.0,1.0,0.0,0.0,1.0
16,15,11.196855608819906,7.992098258764663,1.0,1.0,0.0,0.0,0.0,0.0
17,15,0.0,12.0,1.0,0.0,1.0,0.0,0.0,0.0
18,15,12.0,8.100799747748852,0.0,1.0,0.0,1.0,1.0,1.0
19,15,5.826712295627008,2.937730323222296,0.0,0.0,1.0,1.0,0.0,0.0
0,20,2.1866426576119053,0.1390687429050387,0.0,0.0,0.0,1.0,0.0,1.0
1,20,1.7725558494389722,12.0,0.0,0.0,0.0,1.0,0.0,1.0
2,20,10.88200622109382,2.186633444316293,0.0,0.0,1.0,1.0,0.0,0.0
3,20,1.5675948587980095,11.998617457346349,0.0,0.0,1.0,1.0,1.0,1.0
4,20,2.758516812829597,6.239712914466412,0.0,1.0,0.0,0.0,0.0,1.0
5,20,0.9125201641987826,0.0,1.0,0.0,0.0,0.0,0.0,0.0
6,20,8.045241220629627,10.18948938777916,0.0,1.0,0.0,0.0,1.0,0.0
7,20,9.858556861447395,6.309166296180001,0.0,0.0,1.0,0.0,1.0,1.0
8,20,4.785031234280921,10.78932566303414,0.0,0.0,0.0,1.0,0.0,0.0
9,20,3.7420976588313,3.888047467298105,1.0,1.0,0.0,0.0,1.0,0.0
10,20,8.67096234761878,6.074442963819884,0.0,0.0,0.0,0.0,0.0,0.0
11,20,4.124982661918735,7.310112773889446,1.0,1.0,0.0,0.0,1.0,0.0
12,20,6.879576515280441,3.866895285650696,0.0,0.0,0.0,1.0,0.0,1.0
13,20,10.194365745778816,0.11008350542003,1.0,0.0,0.0,1.0,1.0,0.0
14,20,0.940396700464636,5.837427538653054,0.0,0.0,1.0,0.0,0.0,0.0
15,20,6.708884882348128,10.240852359137168,1.0,0.0,1.0,0.0,0.0,1.0
16,20,11.230407404735011,7.991906422376615,1.0,1.0,0.0,0.0,0.0,0.0
17,20,0.0,12.0,1.0,0.0,1.0,0.0,0.0,0.0
18,20,12.0,8.120178604224007,0.0,1.0,0.0,1.0,1.0,1.0
19,20,5.766804866351545,2.91554951672963,0.0,0.0,1.0,1.0,0.0,0.0
0,25,2.2266130563192807,0.1678083666602776,0.0,0.0,0.0,1.0,0.0,1.0
1,25,1.7208800925079135,12.0,0.0,0.0,0.0,1.0,0.0,1.0
2,25,10.853345962859736,2.231570635650084,0.0,0.0,1.0,1.0,0.0,0.0
3,25,1.4654976126442794,11.999000199976807,0.0,0.0,1.0,1.0,1.0,1.0
4,25,2.713554040320001,6.282369277811136,0.0,1.0,0.0,0.0,0.0,1.0
5,25,0.8964261407722324,0.0,1.0,0.0,0.0,0.0,0.0,0.0
6,25,8.051176980818003,10.212826234503169,0.0,1.0,0.0,0.0,1.0,0.0
7,25,9.83099561020487,6.368907662880616,0.0,0.0,1.0,0.0,1.0,1.0
8,25,4.740235206709271,10.749682895004376,0.0,0.0,0.0,1.0,0.0,0.0
9,25,3.659455937301204,3.850117128262367,1.0,1.0,0.0,0.0,1.0,0.0
10,25,8.603250022251963,6.092017841025287,0.0,0.0,0.0,0.0,0.0,0.0
11,25,4.150623154319922,7.367452580163012,1.0,1.0,0.0,0.0,1.0,0.0
12,25,6.860282761033581,3.845013135403792,0.0,0.0,0.0,1.0,0.0,1.0
13,25,10.232412698403234,0.1320621036004054,1.0,0.0,0.0,1.0,1.0,0.0
14,25,0.9442876207968006,5.848567140655309,0.0,0.0,1.0,0.0,0.0,0.0
15,25,6.638939496697311,10.3000598594784,1.0,0.0,1.0,0.0,0.0,1.0
16,25,11.25050868575878,7.991639942958469,1.0,1.0,0.0,0.0,0.0,0.0
17,25,0.0,12.0,1.0,0.0,1.0,0.0,0.0,0.0
18,25,12.0,8.152871528938116,0.0,1.0,0.0,1.0,1.0,1.0
19,25,5.700545368365735,2.8908321384044067,0.0,0.0,1.0,1.0,0.0,0.0
0,30,2.2725967269222327,0.2013115237803146,0.0,0.0,0.0,1.0,0.0,1.0
1,30,1.673447863194572,12.0,0.0,0.0,0.0,1.0,0.0,1.0
2,30,10.837775575298709,2.255970057238432,0.0,0.0,1.0,1.0,0.0,0.0
3,30,1.34906433529237,11.997966364860863,0.0,0.0,1.0,1.0,1.0,1.0
4,30,2.685565987560208,6.311267031941556,0.0,1.0,0.0,0.0,0.0,1.0
5,30,0.8781952233812382,0.0,1.0,0.0,0.0,0.0,0.0,0.0
6,30,8.059728868589302,10.246797661782344,0.0,1.0,0.0,0.0,1.0,0.0
7,30,9.802345112830317,6.428917923624618,0.0,0.0,1.0,0.0,1.0,1.0
8,30,4.693619193529981,10.70563292498936,0.0,0.0,0.0,1.0,0.0,0.0
9,30,3.5884885812458136,3.813847298025739,1.0,1.0,0.0,0.0,1.0,0.0
10,30,8.547113111515747,6.106154081631671,0.0,0.0,0.0,0.0,0.0,0.0
11,30,4.168707326495669,7.40804186834326,1.0,1.0,0.0,0.0,1.0,0.0
12,30,6.846460866193899,3.829007353870773,0.0,0.0,0.0,1.0,0.0,1.0
13,30,10.273139765189274,0.1565356672164232,1.0,0.0,0.0,1.0,1.0,0.0
14,30,0.9428831641111536,5.844499283879268,0.0,0.0,1.0,0.0,0.0,0.0
15,30,6.572901243089685,10.353370413416062,1.0,0.0,1.0,0.0,0.0,1.0
16,30,11.260242334516784,7.991878738608382,1.0,1.0,0.0,0.0,0.0,0.0
17,30,0.0,12.0,1.0,0.0,1.0,0.0,0.0,0.0
18,30,12.0,8.173731022457792,0.0,1.0,0.0,1.0,1.0,1.0
19,30,5.620024255295161,2.86011044574326,0.0,0.0,1.0,1.0,0.0,0.0
0,35,2.326818918506115,0.2398076484462574,0.0,0.0,0.0,1.0,0.0,1.0
1,35,1.6314102884115862,12.0,0.0,0.0,0.0,1.0,0.0,1.0
2,35,10.82179831751462,2.2814074633571684,0.0,0.0,1.0,1.0,0.0,0.0
3,35,1.2252161677456743,11.999475512822311,0.0,0.0,1.0,1.0,1.0,1.0
4,35,2.67066622952823,6.326950759889494,0.0,1.0,0.0,0.0,0.0,1.0
5,35,0.8622087668347062,0.0,1.0,0.0,0.0,0.0,0.0,0.0
6,35,8.065763258672225,10.270585058988404,0.0,1.0,0.0,0.0,1.0,0.0
7,35,9.775284532222791,6.486359029328872,0.0,0.0,1.0,0.0,1.0,1.0
8,35,4.668814690109447,10.68112993099549,0.0,0.0,0.0,1.0,0.0,0.0
9,35,3.531427151978926,3.7839392983931193,1.0,1.0,0.0,0.0,1.0,0.0
10,35,8.489498748172615,6.119995061506001,0.0,0.0,0.0,0.0,0.0,0.0
11,35,4.192732716518349,7.460375203236052,1.0,1.0,0.0,0.0,1.0,0.0
12,35,6.837670510896767,3.819260402896066,0.0,0.0,0.0,1.0,0.0,1.0
13,35,10.319120553287345,0.1861730081206276,1.0,0.0,0.0,1.0,1.0,0.0
14,35,0.9422074738201208,5.842505888440618,0.0,0.0,1.0,0.0,0.0,0.0
15,35,6.49375709688921,10.415998204527485,1.0,0.0,1.0,0.0,0.0,1.0
16,35,11.264266370367269,7.992050845229571,1.0,1.0,0.0,0.0,0.0,0.0
17,35,0.0,12.0,1.0,0.0,1.0,0.0,0.0,0.0
18,35,12.0,8.195054222176294,0.0,1.0,0.0,1.0,1.0,1.0
19,35,5.535018460788966,2.826907182624141,0.0,0.0,1.0,1.0,0.0,0.0
0,40,2.3633294747234928,0.2665288540973288,0.0,0.0,0.0,1.0,0.0,1.0
1,40,1.569064204350619,12.0,0.0,0.0,0.0,1.0,0.0,1.0
2,40,10.80704343076802,2.3060963627172044,0.0,0.0,1.0,1.0,0.0,0.0
3,40,1.1168715965902938,11.999093284401004,0.0,0.0,1.0,1.0,1.0,1.0
4,40,2.659220403081185,6.339339881579346,0.0,1.0,0.0,0.0,0.0,1.0
5,40,0.8370268535375917,0.0,1.0,0.0,0.0,0.0,0.0,0.0
6,40,8.072640064599502,10.299991979154868,0.0,1.0,0.0,0.0,1.0,0.0
7,40,9.761380399861215,6.5159102613960735,0.0,0.0,1.0,0.0,1.0,1.0
8,40,4.639516304439604,10.6540386936976,0.0,0.0,0.0,1.0,0.0,0.0
9,40,3.48280858276543,3.759512776205064,1.0,1.0,0.0,0.0,1.0,0.0
10,40,8.43119064283014,6.1328943737548425,0.0,0.0,0.0,0.0,0.0,0.0
11,40,4.21821142068156,7.5114083620026975,1.0,1.0,0.0,0.0,1.0,0.0
12,40,6.83813974933278,3.8197788669491546,0.0,0.0,0.0,1.0,0.0,1.0
13,40,10.366260127782308,0.2154009715813426,1.0,0.0,0.0,1.0,1.0,0.0
14,40,0.9437597308342618,5.847106523074202,0.0,0.0,1.0,0.0,0.0,0.0
15,40,6.4122788424381,10.481758013367005,1.0,0.0,1.0,0.0,0.0,1.0
16,40,11.242867601623638,7.990427027710325,1.0,1.0,0.0,0.0,0.0,0.0
17,40,0.0,12.0,1.0,0.0,1.0,0.0,0.0,0.0
18,40,12.0,8.229098637459849,0.0,1.0,0.0,1.0,1.0,1.0
19,40,5.473119788461428,2.800181303806426,0.0,0.0,1.0,1.0,0.0,0.0
0,45,2.424195118890593,0.3094388988904718,0.0,0.0,0.0,1.0,0.0,1.0
1,45,1.5004199047232598,12.0,0.0,0.0,0.0,1.0,0.0,1.0
2,45,10.777350609575068,2.356757108335903,0.0,0.0,1.0,1.0,0.0,0.0
3,45,0.992460686372694,11.999047083495087,0.0,0.0,1.0,1.0,1.0,1.0
4,45,2.654050358984154,6.344960918759269,0.0,1.0,0.0,0.0,0.0,1.0
5,45,0.8218997184860578,0.0,1.0,0.0,0.0,0.0,0.0,0.0
6,45,8.078668515056972,10.322877177282365,0.0,1.0,0.0,0.0,1.0,0.0
7,45,9.751087156782225,6.537621041108785,0.0,0.0,1.0,0.0,1.0,1.0
8,45,4.5812650901793495,10.600709965231385,0.0,0.0,0.0,1.0,0.0,0.0
9,45,3.424279878285199,3.729360699144358,1.0,1.0,0.0,0.0,1.0,0.0
10,45,8.385376617935345,6.143655165447967,0.0,0.0,0.0,0.0,0.0,0.0
11,45,4.245176897751224,7.564848271686855,1.0,1.0,0.0,0.0,1.0,0.0
12,45,6.851422735251784,3.8344255378998895,0.0,0.0,0.0,1.0,0.0,1.0
13,45,10.43157280957509,0.2603659939403495,1.0,0.0,0.0,1.0,1.0,0.0
14,45,0.9487158903042696,5.861956690047579,0.0,0.0,1.0,0.0,0.0,0.0
15,45,6.339082796871573,10.541624614755763,1.0,0.0,1.0,0.0,0.0,1.0
16,45,11.21838303725363,7.988120673242087,1.0,1.0,0.0,0.0,0.0,0.0
17,45,0.0,12.0,1.0,0.0,1.0,0.0,0.0,0.0
18,45,12.0,8.26279536096415,0.0,1.0,0.0,1.0,1.0,1.0
19,45,5.443373114074182,2.867103369140536,0.0,0.0,1.0,1.0,0.0,0.0
0,50,2.503974109455567,0.3639136807890855,0.0,0.0,0.0,1.0,0.0,1.0
1,50,1.429591626261435,12.0,0.0,0.0,0.0,1.0,0.0,1.0
2,50,10.74947347881784,2.40448232246158,0.0,0.0,1.0,1.0,0.0,0.0
3,50,0.8700159805378664,11.999994585548222,0.0,0.0,1.0,1.0,1.0,1.0
4,50,2.6491282237052887,6.350186414132407,0.0,1.0,0.0,0.0,0.0,1.0
5,50,0.7961296153240859,0.0,1.0,0.0,0.0,0.0,0.0,0.0
6,50,8.08811487170673,10.361607523784183,0.0,1.0,0.0,0.0,1.0,0.0
7,50,9.735894102001986,6.571301750292362,0.0,0.0,1.0,0.0,1.0,1.0
8,50,4.521392014130047,10.54520702613558,0.0,0.0,0.0,1.0,0.0,0.0
9,50,3.368860488904994,3.6995654822793713,1.0,1.0,0.0,0.0,1.0,0.0
10,50,8.31920707247584,6.1580294667998166,0.0,0.0,0.0,0.0,0.0,0.0
11,50,4.275581105287586,7.624485658419866,1.0,1.0,0.0,0.0,1.0,0.0
12,50,6.855402532351016,3.8387423472875137,0.0,0.0,0.0,1.0,0.0,1.0
13,50,10.49957020249144,0.3108211181297468,1.0,0.0,0.0,1.0,1.0,0.0
14,50,0.956411142587798,5.885316771433345,0.0,0.0,1.0,0.0,0.0,0.0
15,50,6.275079410603698,10.595010072741918,1.0,0.0,1.0,0.0,0.0,1.0
16,50,11.220638548588122,7.988386323475053,1.0,1.0,0.0,0.0,0.0,0.0
17,50,0.0,12.0,1.0,0.0,1.0,0.0,0.0,0.0
18,50,11.96223055551746,8.303642196839807,0.0,1.0,0.0,1.0,1.0,1.0
19,50,5.411914639552026,2.933206073191785,0.0,0.0,1.0,1.0,0.0,0.0
0,55,2.5917015891918123,0.4234300986925668,0.0,0.0,0.0,1.0,0.0,1.0
1,55,1.355289676727098,12.0,0.0,0.0,0.0,1.0,0.0,1.0
2,55,10.719146693110794,2.4576015986287496,0.0,0.0,1.0,1.0,0.0,0.0
3,55,0.7536945129707155,12.0,0.0,0.0,1.0,1.0,1.0,1.0
4,55,2.635551756024139,6.363972684390106,0.0,1.0,0.0,0.0,0.0,1.0
5,55,0.7761785592869445,0.0,1.0,0.0,0.0,0.0,0.0,0.0
6,55,8.0955609868846,10.393486870229973,0.0,1.0,0.0,0.0,1.0,0.0
7,55,9.726643166020407,6.592020684276156,0.0,0.0,1.0,0.0,1.0,1.0
8,55,4.469900007029344,10.496708831205693,0.0,0.0,0.0,1.0,0.0,0.0
9,55,3.311369062658143,3.66693583084522,1.0,1.0,0.0,0.0,1.0,0.0
10,55,8.247070535817036,6.1764282694184045,0.0,0.0,0.0,0.0,0.0,0.0
11,55,4.298280026145411,7.667565911487115,1.0,1.0,0.0,0.0,1.0,0.0
12,55,6.854098676066563,3.837416139172848,0.0,0.0,0.0,1.0,0.0,1.0
13,55,10.554595548609711,0.3519873346292491,1.0,0.0,0.0,1.0,1.0,0.0
14,55,0.9636217596620494,5.904678050205204,0.0,0.0,1.0,0.0,0.0,0.0
15,55,6.210277662818511,10.65159252761351,1.0,0.0,1.0,0.0,0.0,1.0
16,55,11.201964912627702,7.985821198587724,1.0,1.0,0.0,0.0,0.0,0.0
17,55,0.0,12.0,1.0,0.0,1.0,0.0,0.0,0.0
18,55,11.931989099372622,8.33633933288913,0.0,1.0,0.0,1.0,1.0,1.0
19,55,5.381662748732278,2.997808958233452,0.0,0.0,1.0,1.0,0.0,0.0
0,60,2.683888706413804,0.4878039659138277,0.0,0.0,0.0,1.0,0.0,1.0
1,60,1.284481529518934,12.0,0.0,0.0,0.0,1.0,0.0,1.0
2,60,10.689712003898991,2.513576303833483,0.0,0.0,1.0,1.0,0.0,0.0
3,60,0.6083247872744266,12.0,0.0,0.0,1.0,1.0,1.0,1.0
4,60,2.604508277731555,6.395836068263701,0.0,1.0,0.0,0.0,0.0,1.0
5,60,0.7444669407015095,0.0,1.0,0.0,0.0,0.0,0.0,0.0
6,60,8.098504896148542,10.407340767567293,0.0,1.0,0.0,0.0,1.0,0.0
7,60,9.71647917569497,6.615150601303873,0.0,0.0,1.0,0.0,1.0,1.0
8,60,4.395234191369456,10.424877710392217,0.0,0.0,0.0,1.0,0.0,0.0
9,60,3.2538698442840177,3.636556378929355,1.0,1.0,0.0,0.0,1.0,0.0
10,60,8.169391247661165,6.197878133284488,0.0,0.0,0.0,0.0,0.0,0.0
11,60,4.319331593219049,7.707527171329275,1.0,1.0,0.0,0.0,1.0,0.0
12,60,6.870097760688576,3.854009467915702,0.0,0.0,0.0,1.0,0.0,1.0
13,60,10.598720976948258,0.3847945133471875,1.0,0.0,0.0,1.0,1.0,0.0
14,60,0.9682372396302796,5.916115131615039,0.0,0.0,1.0,0.0,0.0,0.0
15,60,6.139598146506744,10.713668047196814,1.0,0.0,1.0,0.0,0.0,1.0
16,60,11.18378832166938,7.983720895271162,1.0,1.0,0.0,0.0,0.0,0.0
17,60,0.001018047082108,11.999835990333215,1.0,0.0,1.0,0.0,0.0,0.0
18,60,11.89043681917476,8.378340749635026,0.0,1.0,0.0,1.0,1.0,1.0
19,60,5.350689159323604,3.061575472766098,0.0,0.0,1.0,1.0,0.0,0.0
0,65,2.7502715480521527,0.5346684129205315,0.0,0.0,0.0,1.0,0.0,1.0
1,65,1.2234763633898973,12.0,0.0,0.0,0.0,1.0,0.0,1.0
2,65,10.664940428404185,2.56144581850448,0.0,0.0,1.0,1.0,0.0,0.0
3,65,0.4744594191206618,11.997052171158028,0.0,0.0,1.0,1.0,1.0,1.0
4,65,2.574221801260205,6.425207456730448,0.0,1.0,0.0,0.0,0.0,1.0
5,65,0.7107401451322329,0.0,1.0,0.0,0.0,0.0,0.0,0.0
6,65,8.101211953399773,10.422562779203844,0.0,1.0,0.0,0.0,1.0,0.0
7,65,9.709337366037865,6.6314057709229886,0.0,0.0,1.0,0.0,1.0,1.0
8,65,4.311860641675142,10.347536582162755,0.0,0.0,0.0,1.0,0.0,0.0
9,65,3.2029568871691008,3.606738979337215,1.0,1.0,0.0,0.0,1.0,0.0
10,65,8.096229725125344,6.217797717139898,0.0,0.0,0.0,0.0,0.0,0.0
11,65,4.336506824813712,7.7413772735400626,1.0,1.0,0.0,0.0,1.0,0.0
12,65,6.8796798895857005,3.864053652532077,0.0,0.0,0.0,1.0,0.0,1.0
13,65,10.636027323685529,0.4126247625856532,1.0,0.0,0.0,1.0,1.0,0.0
14,65,0.974236810689746,5.9316821278384495,0.0,0.0,1.0,0.0,0.0,0.0
15,65,6.071715771024936,10.77168637884414,1.0,0.0,1.0,0.0,0.0,1.0
16,65,11.1683709476115,7.98180297518369,1.0,1.0,0.0,0.0,0.0,0.0
17,65,0.0,12.0,1.0,0.0,1.0,0.0,0.0,0.0
18,65,11.85937885685416,8.40921005650082,0.0,1.0,0.0,1.0,1.0,1.0
19,65,5.321874135247863,3.11974329729905,0.0,0.0,1.0,1.0,0.0,0.0
0,70,2.8242281294615856,0.5829232203466445,0.0,0.0,0.0,1.0,0.0,1.0
1,70,1.1723379197493262,12.0,0.0,0.0,0.0,1.0,0.0,1.0
2,70,10.629693406375242,2.6301766520051344,0.0,0.0,1.0,1.0,0.0,0.0
3,70,0.3504478637140427,11.99399093806083,0.0,0.0,1.0,1.0,1.0,1.0
4,70,2.5550338155213854,6.443737042789478,0.0,1.0,0.0,0.0,0.0,1.0
5,70,0.6308320062789963,0.0342791165095998,1.0,0.0,0.0,0.0,0.0,0.0
6,70,8.099499722137823,10.412570027470586,0.0,1.0,0.0,0.0,1.0,0.0
7,70,9.700665819022966,6.653539645448617,0.0,0.0,1.0,0.0,1.0,1.0
8,70,4.232714300711738,10.273459061194146,0.0,0.0,0.0,1.0,0.0,0.0
9,70,3.1563414886226986,3.5786885976123965,1.0,1.0,0.0,0.0,1.0,0.0
10,70,8.010470127969548,6.238803140052157,0.0,0.0,0.0,0.0,0.0,0.0
11,70,4.350812730706483,7.770517639310453,1.0,1.0,0.0,0.0,1.0,0.0
12,70,6.885948506990774,3.870519407920893,0.0,0.0,0.0,1.0,0.0,1.0
13,70,10.659502788443431,0.4298992577055853,1.0,0.0,0.0,1.0,1.0,0.0
14,70,0.973894815731674,5.930812516944746,0.0,0.0,1.0,0.0,0.0,0.0
15,70,6.0083390735134365,10.827014009221246,1.0,0.0,1.0,0.0,0.0,1.0
16,70,11.121833041355,7.975032746917324,1.0,1.0,0.0,0.0,0.0,0.0
17,70,0.0,12.0,1.0,0.0,1.0,0.0,0.0,0.0
18,70,11.824932988338876,8.44241590044166,0.0,1.0,0.0,1.0,1.0,1.0
19,70,5.285920403645456,3.188023612478913,0.0,0.0,1.0,1.0,0.0,0.0
0,75,2.887471293432573,0.6224445331559777,0.0,0.0,0.0,1.0,0.0,1.0
1,75,1.1096714473404845,12.0,0.0,0.0,0.0,1.0,0.0,1.0
2,75,10.585992029625634,2.713498962841709,0.0,0.0,1.0,1.0,0.0,0.0
3,75,0.2300942118896188,11.989903795729392,0.0,0.0,1.0,1.0,1.0,1.0
4,75,2.5425310707086624,6.45577663612201,0.0,1.0,0.0,0.0,0.0,1.0
5,75,0.5627116937700762,0.0622923151195062,1.0,0.0,0.0,0.0,0.0,0.0
6,75,8.09805322047082,10.403356180011368,0.0,1.0,0.0,0.0,1.0,0.0
7,75,9.688934885110648,6.6826855210040215,0.0,0.0,1.0,0.0,1.0,1.0
8,75,4.164925735536859,10.206260135431538,0.0,0.0,0.0,1.0,0.0,0.0
9,75,3.0928332792350157,3.543323612623817,1.0,1.0,0.0,0.0,1.0,0.0
10,75,7.914436415688118,6.263438571184914,0.0,0.0,0.0,0.0,0.0,0.0
11,75,4.356213432883754,7.781698591086378,1.0,1.0,0.0,0.0,1.0,0.0
12,75,6.891830106772594,3.8765105657115857,0.0,0.0,0.0,1.0,0.0,1.0
13,75,10.69797635190805,0.4583155474668637,1.0,0.0,0.0,1.0,1.0,0.0
14,75,0.966597060990546,5.910896419389537,0.0,0.0,1.0,0.0,0.0,0.0
15,75,5.959263687460523,10.868145834217447,1.0,0.0,1.0,0.0,0.0,1.0
16,75,11.08301997362742,7.969885744273319,1.0,1.0,0.0,0.0,0.0,0.0
17,75,0.0002515269973286,11.99996049453022,1.0,0.0,1.0,0.0,0.0,0.0
18,75,11.792051234504507,8.473040199627054,0.0,1.0,0.0,1.0,1.0,1.0
19,75,5.245420400071216,3.265391318263675,0.0,0.0,1.0,1.0,0.0,0.0
0,80,2.933458003720739,0.6510142826990569,0.0,0.0,0.0,1.0,0.0,1.0
1,80,1.0605705007231474,12.0,0.0,0.0,0.0,1.0,0.0,1.0
2,80,10.53971980245567,2.805166368065686,0.0,0.0,1.0,1.0,0.0,0.0
3,80,0.1036925207664971,11.986463206145844,0.0,0.0,1.0,1.0,1.0,1.0
4,80,2.542487726725718,6.455818973267336,0.0,1.0,0.0,0.0,0.0,1.0
5,80,0.5009179508661454,0.0876903825747967,1.0,0.0,0.0,0.0,0.0,0.0
6,80,8.096275844279022,10.391776269237647,0.0,1.0,0.0,0.0,1.0,0.0
7,80,9.683097393249357,6.6963377196855385,0.0,0.0,1.0,0.0,1.0,1.0
8,80,4.097524154733725,10.1346235330369,0.0,0.0,0.0,1.0,0.0,0.0
9,80,3.025149857730516,3.506401519243829,1.0,1.0,0.0,0.0,1.0,0.0
10,80,7.832726997324038,6.2839424593503255,0.0,0.0,0.0,0.0,0.0,0.0
11,80,4.3568997319607465,7.783137072161126,1.0,1.0,0.0,0.0,1.0,0.0
12,80,6.908094873231794,3.892949075689056,0.0,0.0,0.0,1.0,0.0,1.0
13,80,10.72286188378089,0.4774480559441338,1.0,0.0,0.0,1.0,1.0,0.0
14,80,0.9614034250777748,5.896914426465463,0.0,0.0,1.0,0.0,0.0,0.0
15,80,5.9064821552541975,10.912626996385804,1.0,0.0,1.0,0.0,0.0,1.0
16,80,11.04046488971199,7.964542488753245,1.0,1.0,0.0,0.0,0.0,0.0
17,80,0.0,12.0,1.0,0.0,1.0,0.0,0.0,0.0
18,80,11.753337303542404,8.510402443926836,0.0,1.0,0.0,1.0,1.0,1.0
19,80,5.216641151054921,3.322625880467924,0.0,0.0,1.0,1.0,0.0,0.0
0,85,3.001277613490102,0.6930793048541424,0.0,0.0,0.0,1.0,0.0,1.0
1,85,1.0195457684119211,12.0,0.0,0.0,0.0,1.0,0.0,1.0
2,85,10.501876138542626,2.881564450841532,0.0,0.0,1.0,1.0,0.0,0.0
3,85,0.0,11.981755467281564,0.0,0.0,1.0,1.0,1.0,1.0
4,85,2.555947865753668,6.442346524122284,0.0,1.0,0.0,0.0,0.0,1.0
5,85,0.4351971979186861,0.1153545075397451,1.0,0.0,0.0,0.0,0.0,0.0
6,85,8.09162429133826,10.361646874514692,0.0,1.0,0.0,0.0,1.0,0.0
7,85,9.67233963697204,6.72212637169472,0.0,0.0,1.0,0.0,1.0,1.0
8,85,4.016726214207819,10.05096823675832,0.0,0.0,0.0,1.0,0.0,0.0
9,85,2.9501827797345497,3.4639382637237848,1.0,1.0,0.0,0.0,1.0,0.0
10,85,7.741623334167665,6.306445121761839,0.0,0.0,0.0,0.0,0.0,0.0
11,85,4.349609984806218,7.766187734070513,1.0,1.0,0.0,0.0,1.0,0.0
12,85,6.928101385674294,3.912391977479191,0.0,0.0,0.0,1.0,0.0,1.0
13,85,10.75913362119182,0.5071681951801837,1.0,0.0,0.0,1.0,1.0,0.0
14,85,0.9544663961426716,5.876938878055066,0.0,0.0,1.0,0.0,0.0,0.0
15,85,5.847202690262852,10.96232112133496,1.0,0.0,1.0,0.0,0.0,1.0
16,85,10.99386472567189,7.959487098180616,1.0,1.0,0.0,0.0,0.0,0.0
17,85,0.0,12.0,1.0,0.0,1.0,0.0,0.0,0.0
18,85,11.698429007516744,8.564793723278378,0.0,1.0,0.0,1.0,1.0,1.0
19,85,5.196235494501243,3.36386695435186,0.0,0.0,1.0,1.0,0.0,0.0
0,90,3.0573091833945885,0.7295867977769331,0.0,0.0,0.0,1.0,0.0,1.0
1,90,0.9862805176153296,12.0,0.0,0.0,0.0,1.0,0.0,1.0
2,90,10.461094766638048,2.96239350847894,0.0,0.0,1.0,1.0,0.0,0.0
3,90,0.0,11.978622324116028,0.0,0.0,1.0,1.0,1.0,1.0
4,90,2.564292441174217,6.434202914310155,0.0,1.0,0.0,0.0,0.0,1.0
5,90,0.3739905605199022,0.1420867740467405,1.0,0.0,0.0,0.0,0.0,0.0
6,90,8.089248649919583,10.347544567125553,0.0,1.0,0.0,0.0,1.0,0.0
7,90,9.665689212903391,6.738407282207116,0.0,0.0,1.0,0.0,1.0,1.0
8,90,3.9273660643763,9.958527269453066,0.0,0.0,0.0,1.0,0.0,0.0
9,90,2.884862009480694,3.4243973317605167,1.0,1.0,0.0,0.0,1.0,0.0
10,90,7.641910556798789,6.331779514843816,0.0,0.0,0.0,0.0,0.0,0.0
11,90,4.330275506699115,7.72286802527774,1.0,1.0,0.0,0.0,1.0,0.0
12,90,6.948413939953573,3.9319845985266206,0.0,0.0,0.0,1.0,0.0,1.0
13,90,10.797356805420112,0.5365751320796529,1.0,0.0,0.0,1.0,1.0,0.0
14,90,0.945265944215324,5.851075329875328,0.0,0.0,1.0,0.0,0.0,0.0
15,90,5.782317588937488,11.018767241986652,1.0,0.0,1.0,0.0,0.0,1.0
16,90,10.942390879324398,7.955596176763417,1.0,1.0,0.0,0.0,0.0,0.0
17,90,0.0,12.0,1.0,0.0,1.0,0.0,0.0,0.0
18,90,11.625551343376982,8.638169726279825,0.0,1.0,0.0,1.0,1.0,1.0
19,90,5.183618584673755,3.388428880177769,0.0,0.0,1.0,1.0,0.0,0.0
0,95,3.106691968670839,0.7634475960545035,0.0,0.0,0.0,1.0,0.0,1.0
1,95,0.9513011534971204,12.0,0.0,0.0,0.0,1.0,0.0,1.0
2,95,10.417762603497502,3.049394639202716,0.0,0.0,1.0,1.0,0.0,0.0
3,95,0.0,11.97126374067268,0.0,0.0,1.0,1.0,1.0,1.0
4,95,2.5735186493766755,6.424885794932562,0.0,1.0,0.0,0.0,0.0,1.0
5,95,0.3016342786561435,0.1731368607109995,1.0,0.0,0.0,0.0,0.0,0.0
6,95,8.090826866653615,10.359768781099316,0.0,1.0,0.0,0.0,1.0,0.0
7,95,9.660488632078588,6.7519053746745055,0.0,0.0,1.0,0.0,1.0,1.0
8,95,3.841667958922928,9.865566696564066,0.0,0.0,0.0,1.0,0.0,0.0
9,95,2.833462201401375,3.392632285247145,1.0,1.0,0.0,0.0,1.0,0.0
10,95,7.553414588293689,6.354789700698079,0.0,0.0,0.0,0.0,0.0,0.0
11,95,4.30405552109188,7.66105584070069,1.0,1.0,0.0,0.0,1.0,0.0
12,95,6.983447906738423,3.9666334476281433,0.0,0.0,0.0,1.0,0.0,1.0
13,95,10.84214379561414,0.5711498206251393,1.0,0.0,0.0,1.0,1.0,0.0
14,95,0.9325221048602168,5.81454417336451,0.0,0.0,1.0,0.0,0.0,0.0
15,95,5.722538060054734,11.071424727788871,1.0,0.0,1.0,0.0,0.0,1.0
16,95,10.896859880240282,7.951327272848482,1.0,1.0,0.0,0.0,0.0,0.0
17,95,0.0,12.0,1.0,0.0,1.0,0.0,0.0,0.0
18,95,11.557844528206262,8.70542699514151,0.0,1.0,0.0,1.0,1.0,1.0
19,95,5.171849037858009,3.4118633721616107,0.0,0.0,1.0,1.0,0.0,0.0
0,100,3.1378181711752493,0.7842035153463728,0.0,0.0,0.0,1.0,0.0,1.0
1,100,0.9134297582333112,12.0,0.0,0.0,0.0,1.0,0.0,1.0
2,100,10.366346657863424,3.1573981505691293,0.0,0.0,1.0,1.0,0.0,0.0
3,100,0.0,11.963683611807618,0.0,0.0,1.0,1.0,1.0,1.0
4,100,2.599741195045949,6.399254700877407,0.0,1.0,0.0,0.0,0.0,1.0
5,100,0.211157226169819,0.2138600519140716,1.0,0.0,0.0,0.0,0.0,0.0
6,100,8.093538705378387,10.382731112154213,0.0,1.0,0.0,0.0,1.0,0.0
7,100,9.658118980670016,6.757971078780895,0.0,0.0,1.0,0.0,1.0,1.0
8,100,3.7554327482366743,9.772604123152345,0.0,0.0,0.0,1.0,0.0,0.0
9,100,2.79296164329264,3.3674642964301307,1.0,1.0,0.0,0.0,1.0,0.0
10,100,7.452479716239163,6.382274039227384,0.0,0.0,0.0,0.0,0.0,0.0
11,100,4.275279300503136,7.594066493981757,1.0,1.0,0.0,0.0,1.0,0.0
12,100,7.034211600036559,4.017237995307204,0.0,0.0,0.0,1.0,0.0,1.0
13,100,10.898397937345976,0.6134061848534493,1.0,0.0,0.0,1.0,1.0,0.0
14,100,0.9185044235529274,5.769533367103531,0.0,0.0,1.0,0.0,0.0,0.0
15,100,5.657721518006677,11.129128707913228,1.0,0.0,1.0,0.0,0.0,1.0
16,100,10.87520859264298,7.948978255191077,1.0,1.0,0.0,0.0,0.0,0.0
17,100,0.0,12.0,1.0,0.0,1.0,0.0,0.0,0.0
18,100,11.485043233858187,8.774361180237895,0.0,1.0,0.0,1.0,1.0,1.0
19,100,5.157236999084068,3.4382997919672564,0.0,0.0,1.0,1.0,0.0,0.0
0,105,3.16990098825347,0.8051063915934841,0.0,0.0,0.0,1.0,0.0,1.0
1,105,0.8652851392527311,12.0,0.0,0.0,0.0,1.0,0.0,1.0
2,105,10.31893545283748,3.2610888909512976,0.0,0.0,1.0,1.0,0.0,0.0
3,105,0.0,11.95192975595655,0.0,0.0,1.0,1.0,1.0,1.0
4,105,2.6421368036670394,6.357135284438108,0.0,1.0,0.0,0.0,0.0,1.0
5,105,0.1305279727822533,0.251433761271373,1.0,0.0,0.0,0.0,0.0,0.0
6,105,8.09894138654572,10.42139006359035,0.0,1.0,0.0,0.0,1.0,0.0
7,105,9.654517781650515,6.766581352002625,0.0,0.0,1.0,0.0,1.0,1.0
8,105,3.681869253482596,9.69162156991245,0.0,0.0,0.0,1.0,0.0,0.0
9,105,2.758763778469074,3.344722944280881,1.0,1.0,0.0,0.0,1.0,0.0
10,105,7.365046408047775,6.40438026727598,0.0,0.0,0.0,0.0,0.0,0.0
11,105,4.25489147200454,7.5473038978098845,1.0,1.0,0.0,0.0,1.0,0.0
12,105,7.082680546157676,4.0654806715550285,0.0,0.0,0.0,1.0,0.0,1.0
13,105,10.946494670221515,0.6486088431336202,1.0,0.0,0.0,1.0,1.0,0.0
14,105,0.9054884890180468,5.727726783298321,0.0,0.0,1.0,0.0,0.0,0.0
15,105,5.5900850468609935,11.18620422582839,1.0,0.0,1.0,0.0,0.0,1.0
16,105,10.875242977556846,7.948981844476249,1.0,1.0,0.0,0.0,0.0,0.0
17,105,0.0,12.0,1.0,0.0,1.0,0.0,0.0,0.0
18,105,11.398920450893092,8.854524018636175,0.0,1.0,0.0,1.0,1.0,1.0
19,105,5.14255912641106,3.463596279080391,0.0,0.0,1.0,1.0,0.0,0.0
0,110,3.196075855802753,0.8207907493419911,0.0,0.0,0.0,1.0,0.0,1.0
1,110,0.8218516319554112,12.0,0.0,0.0,0.0,1.0,0.0,1.0
2,110,10.27081478354203,3.371847122469796,0.0,0.0,1.0,1.0,0.0,0.0
3,110,0.0,11.937406559672358,0.0,0.0,1.0,1.0,1.0,1.0
4,110,2.685721299754096,6.314681019726841,0.0,1.0,0.0,0.0,0.0,1.0
5,110,0.0332184131598655,0.2901312552096842,1.0,0.0,0.0,0.0,0.0,0.0
6,110,8.10794582137553,10.483784017458724,0.0,1.0,0.0,0.0,1.0,0.0
7,110,9.650647293389085,6.775490178560677,0.0,0.0,1.0,0.0,1.0,1.0
8,110,3.6139966894357465,9.615734345336609,0.0,0.0,0.0,1.0,0.0,0.0
9,110,2.7341236970556966,3.3281258559894256,1.0,1.0,0.0,0.0,1.0,0.0
10,110,7.306792031841979,6.4209677725637295,0.0,0.0,0.0,0.0,0.0,0.0
11,110,4.234124841356266,7.501572817964844,1.0,1.0,0.0,0.0,1.0,0.0
12,110,7.131090394027206,4.115377525150212,0.0,0.0,0.0,1.0,0.0,1.0
13,110,11.000050349861349,0.6863939947242333,1.0,0.0,0.0,1.0,1.0,0.0
14,110,0.8956268440106084,5.696358509027574,0.0,0.0,1.0,0.0,0.0,0.0
15,110,5.523905636053998,11.239788180452877,1.0,0.0,1.0,0.0,0.0,1.0
16,110,10.881078315566768,7.949609926609168,1.0,1.0,0.0,0.0,0.0,0.0
17,110,0.0052230726041706,11.99916537581302,1.0,0.0,1.0,0.0,0.0,0.0
18,110,11.32733042926038,8.925106280499895,0.0,1.0,0.0,1.0,1.0,1.0
19,110,5.11828790702447,3.507413213651005,0.0,0.0,1.0,1.0,0.0,0.0
0,115,3.233709642357771,0.8415108522581456,0.0,0.0,0.0,1.0,0.0,1.0
1,115,0.7722236755762405,12.0,0.0,0.0,0.0,1.0,0.0,1.0
2,115,10.2171411376037,3.49836958836446,0.0,0.0,1.0,1.0,0.0,0.0
3,115,0.0,11.923405754781994,0.0,0.0,1.0,1.0,1.0,1.0
4,115,2.7278840851911856,6.274074668910652,0.0,1.0,0.0,0.0,0.0,1.0
5,115,0.0,0.3292606119027313,1.0,0.0,0.0,0.0,0.0,0.0
6,115,8.12040403951104,10.560671203957856,0.0,1.0,0.0,0.0,1.0,0.0
7,115,9.650312699509168,6.776258361666486,0.0,0.0,1.0,0.0,1.0,1.0
8,115,3.543256255230494,9.540776037182058,0.0,0.0,0.0,1.0,0.0,0.0
9,115,2.7589253747104365,3.288707211039912,1.0,1.0,0.0,0.0,1.0,0.0
10,115,7.257787290263528,6.43603280315128,0.0,0.0,0.0,0.0,0.0,0.0
11,115,4.21952520150854,7.468855499947986,1.0,1.0,0.0,0.0,1.0,0.0
12,115,7.1762046523394405,4.161152639592713,0.0,0.0,0.0,1.0,0.0,1.0
13,115,11.072935282798586,0.7391846611602436,1.0,0.0,0.0,1.0,1.0,0.0
14,115,0.8918787656300924,5.68482910584157,0.0,0.0,1.0,0.0,0.0,0.0
15,115,5.468226269801634,11.288430800471588,1.0,0.0,1.0,0.0,0.0,1.0
16,115,10.900285944320135,7.951348922501076,1.0,1.0,0.0,0.0,0.0,0.0
17,115,0.0348739998635107,11.994572387683254,1.0,0.0,1.0,0.0,0.0,0.0
18,115,11.249175248798382,8.99901673863809,0.0,1.0,0.0,1.0,1.0,1.0
19,115,5.090202106392924,3.557292367154398,0.0,0.0,1.0,1.0,0.0,0.0
0,120,3.2645306550657422,0.8592660999405762,0.0,0.0,0.0,1.0,0.0,1.0
1,120,0.7089743823652069,12.0,0.0,0.0,0.0,1.0,0.0,1.0
2,120,10.171201237831651,3.611709417463091,0.0,0.0,1.0,1.0,0.0,0.0
3,120,0.0,11.908694277497895,0.0,0.0,1.0,1.0,1.0,1.0
4,120,2.7843359439769504,6.2190090984240936,0.0,1.0,0.0,0.0,0.0,1.0
5,120,0.0,0.3644264888026988,1.0,0.0,0.0,0.0,0.0,0.0
6,120,8.13239118945159,10.642006432232442,0.0,1.0,0.0,0.0,1.0,0.0
7,120,9.653341429306508,6.768509680202856,0.0,0.0,1.0,0.0,1.0,1.0
8,120,3.464202187851277,9.45367832864691,0.0,0.0,0.0,1.0,0.0,0.0
9,120,2.78334963144328,3.2520967688126565,1.0,1.0,0.0,0.0,1.0,0.0
10,120,7.230485467330438,6.444010490035384,0.0,0.0,0.0,0.0,0.0,0.0
11,120,4.205279863772634,7.43622196283304,1.0,1.0,0.0,0.0,1.0,0.0
12,120,7.19310613842569,4.178437210616588,0.0,0.0,0.0,1.0,0.0,1.0
13,120,11.14378456289506,0.7902138325145834,1.0,0.0,0.0,1.0,1.0,0.0
14,120,0.8923419535552634,5.686236180547327,0.0,0.0,1.0,0.0,0.0,0.0
15,120,5.386203655228284,11.359466473525416,1.0,0.0,1.0,0.0,0.0,1.0
16,120,10.93843834027728,7.954646884936229,1.0,1.0,0.0,0.0,0.0,0.0
17,120,0.0795441661822828,11.987351013934926,1.0,0.0,1.0,0.0,0.0,0.0
18,120,11.187215256173433,9.06110622494039,0.0,1.0,0.0,1.0,1.0,1.0
19,120,5.059129820822395,3.610152655770168,0.0,0.0,1.0,1.0,0.0,0.0
0,125,3.292932910054571,0.8746834279844756,0.0,0.0,0.0,1.0,0.0,1.0
1,125,0.6409131824406367,12.0,0.0,0.0,0.0,1.0,0.0,1.0
2,125,10.120312218105711,3.7414578900012136,0.0,0.0,1.0,1.0,0.0,0.0
3,125,0.0,11.89393267481185,0.0,0.0,1.0,1.0,1.0,1.0
4,125,2.8431395887092483,6.159917276192942,0.0,1.0,0.0,0.0,0.0,1.0
5,125,0.0,0.4027045327014878,1.0,0.0,0.0,0.0,0.0,0.0
6,125,8.142056153400572,10.71241717973648,0.0,1.0,0.0,0.0,1.0,0.0
7,125,9.665538143370137,6.737956667217063,0.0,0.0,1.0,0.0,1.0,1.0
8,125,3.39301029080477,9.37422593091954,0.0,0.0,0.0,1.0,0.0,0.0
9,125,2.799306285313285,3.226753520022112,1.0,1.0,0.0,0.0,1.0,0.0
10,125,7.195227994657962,6.454049482906471,0.0,0.0,0.0,0.0,0.0,0.0
11,125,4.1855998934693615,7.3911001401396925,1.0,1.0,0.0,0.0,1.0,0.0
12,125,7.200607907531813,4.18614637557908,0.0,0.0,0.0,1.0,0.0,1.0
13,125,11.215768499467227,0.8434600288872677,1.0,0.0,0.0,1.0,1.0,0.0
14,125,0.8884545466187707,5.674877162947082,0.0,0.0,1.0,0.0,0.0,0.0
15,125,5.299182942789007,11.433448520466229,1.0,0.0,1.0,0.0,0.0,1.0
16,125,10.976344750905874,7.959073683807605,1.0,1.0,0.0,0.0,0.0,0.0
17,125,0.1258252445004483,11.979803782814162,1.0,0.0,1.0,0.0,0.0,0.0
18,125,11.145010070734816,9.10140775577187,0.0,1.0,0.0,1.0,1.0,1.0
19,125,5.031746658126202,3.6586262123666,0.0,0.0,1.0,1.0,0.0,0.0
0,130,3.298823012352308,0.8776548916179937,0.0,0.0,0.0,1.0,0.0,1.0
1,130,0.5813782541985362,12.0,0.0,0.0,0.0,1.0,0.0,1.0
2,130,10.070318627943507,3.870984623843481,0.0,0.0,1.0,1.0,0.0,0.0
3,130,0.0,11.881210024049322,0.0,0.0,1.0,1.0,1.0,1.0
4,130,2.8929189772828927,6.11122208868828,0.0,1.0,0.0,0.0,0.0,1.0
5,130,0.0,0.4385512210229736,1.0,0.0,0.0,0.0,0.0,0.0
6,130,8.154704094179957,10.805253257079512,0.0,1.0,0.0,0.0,1.0,0.0
7,130,9.681790714289138,6.697771970010412,0.0,0.0,1.0,0.0,1.0,1.0
8,130,3.3165339225829484,9.28606420340004,0.0,0.0,0.0,1.0,0.0,0.0
9,130,2.8168607533997347,3.19937248284909,1.0,1.0,0.0,0.0,1.0,0.0
10,130,7.172141734026586,6.460161480373538,0.0,0.0,0.0,0.0,0.0,0.0
11,130,4.163861307945045,7.34036811163629,1.0,1.0,0.0,0.0,1.0,0.0
12,130,7.212283988415028,4.198345892854901,0.0,0.0,0.0,1.0,0.0,1.0
13,130,11.282134244898913,0.8890003980035447,1.0,0.0,0.0,1.0,1.0,0.0
14,130,0.8789532376211623,5.646817101588313,0.0,0.0,1.0,0.0,0.0,0.0
15,130,5.218577799726888,11.502738064043156,1.0,0.0,1.0,0.0,0.0,1.0
16,130,11.023377415745363,7.965961304051834,1.0,1.0,0.0,0.0,0.0,0.0
17,130,0.192640164802169,11.96990944202092,1.0,0.0,1.0,0.0,0.0,0.0
18,130,11.113464286556738,9.130673351503582,0.0,1.0,0.0,1.0,1.0,1.0
19,130,5.011838515003931,3.694428701621831,0.0,0.0,1.0,1.0,0.0,0.0
0,135,3.278599221382835,0.8673645402090733,0.0,0.0,0.0,1.0,0.0,1.0
1,135,0.5282342266698643,12.0,0.0,0.0,0.0,1.0,0.0,1.0
2,135,10.021882274284144,3.9929794480291743,0.0,0.0,1.0,1.0,0.0,0.0
3,135,0.0,11.868760740096958,0.0,0.0,1.0,1.0,1.0,1.0
4,135,2.9496802855161945,6.056337775591746,0.0,1.0,0.0,0.0,0.0,1.0
5,135,0.0,0.4775761655114866,1.0,0.0,0.0,0.0,0.0,0.0
6,135,8.166007846815406,10.89308687789078,0.0,1.0,0.0,0.0,1.0,0.0
7,135,9.694599254030376,6.664812881043278,0.0,0.0,1.0,0.0,1.0,1.0
8,135,3.230420403685976,9.193877836015847,0.0,0.0,0.0,1.0,0.0,0.0
9,135,2.846448712028209,3.1541176792362213,1.0,1.0,0.0,0.0,1.0,0.0
10,135,7.16080798267125,6.463461950640494,0.0,0.0,0.0,0.0,0.0,0.0
11,135,4.142462166424079,7.288476780896353,1.0,1.0,0.0,0.0,1.0,0.0
12,135,7.218375630654128,4.204672976588758,0.0,0.0,0.0,1.0,0.0,1.0
13,135,11.336589837062462,0.926498131080388,1.0,0.0,0.0,1.0,1.0,0.0
14,135,0.8641711762084644,5.602952067776843,0.0,0.0,1.0,0.0,0.0,0.0
15,135,5.14617279099291,11.56414731602981,1.0,0.0,1.0,0.0,0.0,1.0
16,135,11.055631802377048,7.970932601298885,1.0,1.0,0.0,0.0,0.0,0.0
17,135,0.2503092922766458,11.960151084197635,1.0,0.0,1.0,0.0,0.0,0.0
18,135,11.109270561060614,9.13445283280002,0.0,1.0,0.0,1.0,1.0,1.0
19,135,4.993195859149272,3.726207959301481,0.0,0.0,1.0,1.0,0.0,0.0
0,140,3.254107877237917,0.8556079597151985,0.0,0.0,0.0,1.0,0.0,1.0
1,140,0.4902078543259244,12.0,0.0,0.0,0.0,1.0,0.0,1.0
2,140,9.97522598612098,4.1161588229193615,0.0,0.0,1.0,1.0,0.0,0.0
3,140,0.0,11.856102766671324,0.0,0.0,1.0,1.0,1.0,1.0
4,140,2.996354199481804,6.0137170407503024,0.0,1.0,0.0,0.0,0.0,1.0
5,140,0.0,0.521414368053552,1.0,0.0,0.0,0.0,0.0,0.0
6,140,8.178633065806906,10.977986324446409,0.0,1.0,0.0,0.0,1.0,0.0
7,140,9.70704192531471,6.634403265117956,0.0,0.0,1.0,0.0,1.0,1.0
8,140,3.152218294653193,9.106643110944246,0.0,0.0,0.0,1.0,0.0,0.0
9,140,2.878368324435144,3.1075967085595098,1.0,1.0,0.0,0.0,1.0,0.0
10,140,7.136308070544863,6.470164448996473,0.0,0.0,0.0,0.0,0.0,0.0
11,140,4.126702123296349,7.249603475721651,1.0,1.0,0.0,0.0,1.0,0.0
12,140,7.245360687135947,4.2327621263125925,0.0,0.0,0.0,1.0,0.0,1.0
13,140,11.416856561642858,0.9798904254765596,1.0,0.0,0.0,1.0,1.0,0.0
14,140,0.8526383274788446,5.566708934310283,0.0,0.0,1.0,0.0,0.0,0.0
15,140,5.076028350507008,11.625201787650225,1.0,0.0,1.0,0.0,0.0,1.0
16,140,11.065798744651298,7.972554113339288,1.0,1.0,0.0,0.0,0.0,0.0
17,140,0.301449229600618,11.94991225595431,1.0,0.0,1.0,0.0,0.0,0.0
18,140,11.103989088029996,9.139224530748711,0.0,1.0,0.0,1.0,1.0,1.0
19,140,4.978462873469336,3.752972873863626,0.0,0.0,1.0,1.0,0.0,0.0
0,145,3.228740780831984,0.8439205193394645,0.0,0.0,0.0,1.0,0.0,1.0
1,145,0.4495545148309117,12.0,0.0,0.0,0.0,1.0,0.0,1.0
2,145,9.92186767009052,4.251322037336547,0.0,0.0,1.0,1.0,0.0,0.0
3,145,0.0,11.839977603184572,0.0,0.0,1.0,1.0,1.0,1.0
4,145,3.0431912809737707,5.973077706924003,0.0,1.0,0.0,0.0,0.0,1.0
5,145,0.0,0.5665805567030433,1.0,0.0,0.0,0.0,0.0,0.0
6,145,8.192751646627032,11.061052895903453,0.0,1.0,0.0,0.0,1.0,0.0
7,145,9.715617209332152,6.614220801356449,0.0,0.0,1.0,0.0,1.0,1.0
8,145,3.0824491489511443,9.0267090774934,0.0,0.0,0.0,1.0,0.0,0.0
9,145,2.917193887198327,3.04837651403669,1.0,1.0,0.0,0.0,1.0,0.0
10,145,7.098278079666952,6.4802867911100845,0.0,0.0,0.0,0.0,0.0,0.0
11,145,4.109045742989803,7.204949650839144,1.0,1.0,0.0,0.0,1.0,0.0
12,145,7.261518377272785,4.249946077893558,0.0,0.0,0.0,1.0,0.0,1.0
13,145,11.5041497785393,1.0362457675606116,1.0,0.0,0.0,1.0,1.0,0.0
14,145,0.8336075108001166,5.508169538835176,0.0,0.0,1.0,0.0,0.0,0.0
15,145,4.998640219449287,11.693890981686138,1.0,0.0,1.0,0.0,0.0,1.0
16,145,11.081365932376777,7.974908155201341,1.0,1.0,0.0,0.0,0.0,0.0
17,145,0.3443856645543718,11.941071644202202,1.0,0.0,1.0,0.0,0.0,0.0
18,145,11.089968604447678,9.151040975944422,0.0,1.0,0.0,1.0,1.0,1.0
19,145,4.978231820028451,3.753356207665241,0.0,0.0,1.0,1.0,0.0,0.0
0,150,3.1919859006588718,0.8275258170068492,0.0,0.0,0.0,1.0,0.0,1.0
1,150,0.4125027749628187,12.0,0.0,0.0,0.0,1.0,0.0,1.0
2,150,9.86770097119886,4.389543655239104,0.0,0.0,1.0,1.0,0.0,0.0
3,150,0.0,11.826134535338817,0.0,0.0,1.0,1.0,1.0,1.0
4,150,3.0866645383340763,5.935966089038232,0.0,1.0,0.0,0.0,0.0,1.0
5,150,0.0,0.6137072124486849,1.0,0.0,0.0,0.0,0.0,0.0
6,150,8.207507890477943,11.146319908453783,0.0,1.0,0.0,0.0,1.0,0.0
7,150,9.723745090663474,6.595325017929705,0.0,0.0,1.0,0.0,1.0,1.0
8,150,3.0026076057929125,8.937899215458563,0.0,0.0,0.0,1.0,0.0,0.0
9,150,2.959176210177977,2.9886692925858083,1.0,1.0,0.0,0.0,1.0,0.0
10,150,7.067935785569756,6.488161453231677,0.0,0.0,0.0,0.0,0.0,0.0
11,150,4.0869626051378924,7.1531301251002,1.0,1.0,0.0,0.0,1.0,0.0
12,150,7.281018513342067,4.271372978417739,0.0,0.0,0.0,1.0,0.0,1.0
13,150,11.589983075743884,1.0904741709498005,1.0,0.0,0.0,1.0,1.0,0.0
14,150,0.8129219989646608,5.4493426243858085,0.0,0.0,1.0,0.0,0.0,0.0
15,150,4.924351161791243,11.755158315327709,1.0,0.0,1.0,0.0,0.0,1.0
16,150,11.073603151790923,7.973646510209371,1.0,1.0,0.0,0.0,0.0,0.0
17,150,0.3646728242199571,11.936668815837068,1.0,0.0,1.0,0.0,0.0,0.0
18,150,11.088147290315584,9.152641887182847,0.0,1.0,0.0,1.0,1.0,1.0
19,150,4.979459757718536,3.7512675800621857,0.0,0.0,1.0,1.0,0.0,0.0
0,155,3.1426893831302847,0.8042350378725714,0.0,0.0,0.0,1.0,0.0,1.0
1,155,0.3880362931431855,12.0,0.0,0.0,0.0,1.0,0.0,1.0
2,155,9.804341760891411,4.552614406750105,0.0,0.0,1.0,1.0,0.0,0.0
3,155,0.0,11.814233751541597,0.0,0.0,1.0,1.0,1.0,1.0
4,155,3.125949420512584,5.904087503069575,0.0,1.0,0.0,0.0,0.0,1.0
5,155,0.0,0.6531020667399112,1.0,0.0,0.0,0.0,0.0,0.0
6,155,8.219939461998253,11.226242093211187,0.0,1.0,0.0,0.0,1.0,0.0
7,155,9.734664936857536,6.570343254258459,0.0,0.0,1.0,0.0,1.0,1.0
8,155,2.9318172613720903,8.853553557141856,0.0,0.0,0.0,1.0,0.0,0.0
9,155,2.9996936528945684,2.929781963140442,1.0,1.0,0.0,0.0,1.0,0.0
10,155,7.0361836511247535,6.497152575074173,0.0,0.0,0.0,0.0,0.0,0.0
11,155,4.06989295798577,7.1130599745916046,1.0,1.0,0.0,0.0,1.0,0.0
12,155,7.286999803745996,4.278235890667336,0.0,0.0,0.0,1.0,0.0,1.0
13,155,11.68941501799663,1.1543357852344376,1.0,0.0,0.0,1.0,1.0,0.0
14,155,0.7969027701391839,5.401614709668869,0.0,0.0,1.0,0.0,0.0,0.0
15,155,4.852701390746599,11.81333324086576,1.0,0.0,1.0,0.0,0.0,1.0
16,155,11.057834784758468,7.970854007986046,1.0,1.0,0.0,0.0,0.0,0.0
17,155,0.382859495278224,11.932761394556758,1.0,0.0,1.0,0.0,0.0,0.0
18,155,11.0952480718866,9.146587392622072,0.0,1.0,0.0,1.0,1.0,1.0
19,155,4.977651126146763,3.7544348842199287,0.0,0.0,1.0,1.0,0.0,0.0
0,160,3.10846358796288,0.7883175491050773,0.0,0.0,0.0,1.0,0.0,1.0
1,160,0.3721574356601545,12.0,0.0,0.0,0.0,1.0,0.0,1.0
2,160,9.73920441199445,4.713770107287099,0.0,0.0,1.0,1.0,0.0,0.0
3,160,0.0,11.802134504895834,0.0,0.0,1.0,1.0,1.0,1.0
4,160,3.1483564749884008,5.885003881954244,0.0,1.0,0.0,0.0,0.0,1.0
5,160,0.0,0.6869658469066686,1.0,0.0,0.0,0.0,0.0,0.0
6,160,8.23057403448717,11.29431024291055,0.0,1.0,0.0,0.0,1.0,0.0
7,160,9.755665104537076,6.522132235137423,0.0,0.0,1.0,0.0,1.0,1.0
8,160,2.86870646944163,8.780713196144234,0.0,0.0,0.0,1.0,0.0,0.0
9,160,3.032387708448647,2.881533949638885,1.0,1.0,0.0,0.0,1.0,0.0
10,160,7.007031792470019,6.505753569514299,0.0,0.0,0.0,0.0,0.0,0.0
11,160,4.052946269422366,7.070933057421707,1.0,1.0,0.0,0.0,1.0,0.0
12,160,7.311755381318021,4.307920109090009,0.0,0.0,0.0,1.0,0.0,1.0
13,160,11.800921895907678,1.2304399823051264,1.0,0.0,0.0,1.0,1.0,0.0
14,160,0.7896513065081462,5.380891649328577,0.0,0.0,1.0,0.0,0.0,0.0
15,160,4.77299856105235,11.877998091574586,1.0,0.0,1.0,0.0,0.0,1.0
16,160,11.05686005517818,7.970704009725694,1.0,1.0,0.0,0.0,0.0,0.0
17,160,0.3990694645358864,11.929760808837877,1.0,0.0,1.0,0.0,0.0,0.0
18,160,11.121463424679463,9.124772588589536,0.0,1.0,0.0,1.0,1.0,1.0
19,160,4.97378454327156,3.7612087854619833,0.0,0.0,1.0,1.0,0.0,0.0
0,165,3.1032614556027687,0.7858147130855375,0.0,0.0,0.0,1.0,0.0,1.0
1,165,0.365006196825452,12.0,0.0,0.0,0.0,1.0,0.0,1.0
2,165,9.67393958870458,4.868045956480279,0.0,0.0,1.0,1.0,0.0,0.0
3,165,0.0,11.790950418493956,0.0,0.0,1.0,1.0,1.0,1.0
4,165,3.1662500198558714,5.870287821684408,0.0,1.0,0.0,0.0,0.0,1.0
5,165,0.0,0.7123198261676998,1.0,0.0,0.0,0.0,0.0,0.0
6,165,8.242177519472921,11.371983254272385,0.0,1.0,0.0,0.0,1.0,0.0
7,165,9.782591531185496,6.45717412423914,0.0,0.0,1.0,0.0,1.0,1.0
8,165,2.8092415231616523,8.710759229305522,0.0,0.0,0.0,1.0,0.0,0.0
9,165,3.0562737220860203,2.844387592775713,1.0,1.0,0.0,0.0,1.0,0.0
10,165,7.003319689564011,6.506764476193227,0.0,0.0,0.0,0.0,0.0,0.0
11,165,4.026829960671736,7.003979537549433,1.0,1.0,0.0,0.0,1.0,0.0
12,165,7.3336489515679375,4.334083394029545,0.0,0.0,0.0,1.0,0.0,1.0
13,165,11.910676372060244,1.306616154451954,1.0,0.0,0.0,1.0,1.0,0.0
14,165,0.7824587026057026,5.362366848681865,0.0,0.0,1.0,0.0,0.0,0.0
15,165,4.705509470454841,11.929997754172328,1.0,0.0,1.0,0.0,0.0,1.0
16,165,11.057689135217144,7.970827178193848,1.0,1.0,0.0,0.0,0.0,0.0
17,165,0.3805128498214192,11.932727908553668,1.0,0.0,1.0,0.0,0.0,0.0
18,165,11.14237635511559,9.106469266429606,0.0,1.0,0.0,1.0,1.0,1.0
19,165,4.969367023428981,3.76888815303463,0.0,0.0,1.0,1.0,0.0,0.0
0,170,3.0890305830600253,0.7793854261298188,0.0,0.0,0.0,1.0,0.0,1.0
1,170,0.3561205166389684,12.0,0.0,0.0,0.0,1.0,0.0,1.0
2,170,9.606774117585232,5.036451995040333,0.0,0.0,1.0,1.0,0.0,0.0
3,170,0.0,11.781127226800946,0.0,0.0,1.0,1.0,1.0,1.0
4,170,3.1798510378417277,5.859341965726063,0.0,1.0,0.0,0.0,0.0,1.0
5,170,0.0,0.7289629130376452,1.0,0.0,0.0,0.0,0.0,0.0
6,170,8.253124200460519,11.445571309492813,0.0,1.0,0.0,0.0,1.0,0.0
7,170,9.806662682400647,6.396240814156015,0.0,0.0,1.0,0.0,1.0,1.0
8,170,2.746640552645727,8.636338257492113,0.0,0.0,0.0,1.0,0.0,0.0
9,170,3.0887830657597557,2.7891987506063733,1.0,1.0,0.0,0.0,1.0,0.0
10,170,7.009508733045398,6.505141555891461,0.0,0.0,0.0,0.0,0.0,0.0
11,170,3.997668853857992,6.922762945673717,1.0,1.0,0.0,0.0,1.0,0.0
12,170,7.360056714505672,4.36548129441803,0.0,0.0,0.0,1.0,0.0,1.0
13,170,12.0,1.3888312122864117,1.0,0.0,0.0,1.0,1.0,0.0
14,170,0.78041816678351,5.357080598475636,0.0,0.0,1.0,0.0,0.0,0.0
15,170,4.623291714815689,11.991507542524658,1.0,0.0,1.0,0.0,0.0,1.0
16,170,11.054176447315426,7.970300852868375,1.0,1.0,0.0,0.0,0.0,0.0
17,170,0.3614227170606279,11.935539542258429,1.0,0.0,1.0,0.0,0.0,0.0
18,170,11.161762069291136,9.089600777003929,0.0,1.0,0.0,1.0,1.0,1.0
19,170,4.963206804453958,3.780041456758205,0.0,0.0,1.0,1.0,0.0,0.0
0,175,3.0854809975724518,0.7777807507772752,0.0,0.0,0.0,1.0,0.0,1.0
1,175,0.3495087870959398,12.0,0.0,0.0,0.0,1.0,0.0,1.0
2,175,9.53584111078186,5.215621581668961,0.0,0.0,1.0,1.0,0.0,0.0
3,175,0.0,11.76826481653094,0.0,0.0,1.0,1.0,1.0,1.0
4,175,3.1771134967573187,5.861477231247678,0.0,1.0,0.0,0.0,0.0,1.0
5,175,0.0,0.7425140610772425,1.0,0.0,0.0,0.0,0.0,0.0
6,175,8.263732585955264,11.51892543510651,0.0,1.0,0.0,0.0,1.0,0.0
7,175,9.827427530720646,6.3456673991148405,0.0,0.0,1.0,0.0,1.0,1.0
8,175,2.6820778714469484,8.559072441483819,0.0,0.0,0.0,1.0,0.0,0.0
9,175,3.117823069969761,2.7356201256502155,1.0,1.0,0.0,0.0,1.0,0.0
10,175,7.024069158337359,6.50087425450536,0.0,0.0,0.0,0.0,0.0,0.0
11,175,3.970535892702444,6.841537842231095,1.0,1.0,0.0,0.0,1.0,0.0
12,175,7.381459837069931,4.39059171799278,0.0,0.0,0.0,1.0,0.0,1.0
13,175,12.0,1.4720845722646283,1.0,0.0,0.0,1.0,1.0,0.0
14,175,0.7814034747172154,5.359594685633119,0.0,0.0,1.0,0.0,0.0,0.0
15,175,4.537907574308126,12.0,1.0,0.0,1.0,0.0,0.0,1.0
16,175,11.064958738031974,7.972011323597303,1.0,1.0,0.0,0.0,0.0,0.0
17,175,0.3619187342708059,11.935452069254923,1.0,0.0,1.0,0.0,0.0,0.0
18,175,11.203698172483978,9.050816703791934,0.0,1.0,0.0,1.0,1.0,1.0
19,175,4.951845794525128,3.801049783185992,0.0,0.0,1.0,1.0,0.0,0.0
0,180,3.070952813749807,0.7713627034484559,0.0,0.0,0.0,1.0,0.0,1.0
1,180,0.3525033104715623,11.996461536544452,0.0,0.0,0.0,1.0,0.0,1.0
2,180,9.470360269493032,5.38276617446054,0.0,0.0,1.0,1.0,0.0,0.0
3,180,0.0,11.754184226677138,0.0,0.0,1.0,1.0,1.0,1.0
4,180,3.1615165267067,5.873275238927011,0.0,1.0,0.0,0.0,0.0,1.0
5,180,0.0,0.7590104306962808,1.0,0.0,0.0,0.0,0.0,0.0
6,180,8.271241042658948,11.585263358367534,0.0,1.0,0.0,0.0,1.0,0.0
7,180,9.843813888383927,6.3051197224479845,0.0,0.0,1.0,0.0,1.0,1.0
8,180,2.6196770331643675,8.484400799103485,0.0,0.0,0.0,1.0,0.0,0.0
9,180,3.148629541756059,2.6814301900693973,1.0,1.0,0.0,0.0,1.0,0.0
10,180,7.013800954584808,6.503833259347267,0.0,0.0,0.0,0.0,0.0,0.0
11,180,3.950835131669589,6.78733710865024,1.0,1.0,0.0,0.0,1.0,0.0
12,180,7.409793511319634,4.422878121728529,0.0,0.0,0.0,1.0,0.0,1.0
13,180,12.0,1.544548610782409,1.0,0.0,0.0,1.0,1.0,0.0
14,180,0.7838966917630179,5.366116458566911,0.0,0.0,1.0,0.0,0.0,0.0
15,180,4.448188815863544,12.0,1.0,0.0,1.0,0.0,0.0,1.0
16,180,11.085428581146312,7.975620015031266,1.0,1.0,0.0,0.0,0.0,0.0
17,180,0.3532202396537579,11.936928999780406,1.0,0.0,1.0,0.0,0.0,0.0
18,180,11.24031971513402,9.016679869382708,0.0,1.0,0.0,1.0,1.0,1.0
19,180,4.94011428900102,3.822968037624303,0.0,0.0,1.0,1.0,0.0,0.0
0,185,3.0429480369805986,0.7586083062313719,0.0,0.0,0.0,1.0,0.0,1.0
1,185,0.3615429591512675,11.985971420770849,0.0,0.0,0.0,1.0,0.0,1.0
2,185,9.390912808072988,5.568954299322919,0.0,0.0,1.0,1.0,0.0,0.0
3,185,0.0,11.738646865171557,0.0,0.0,1.0,1.0,1.0,1.0
4,185,3.1503097747068938,5.881621462988052,0.0,1.0,0.0,0.0,0.0,1.0
5,185,0.0,0.785351959498266,1.0,0.0,0.0,0.0,0.0,0.0
6,185,8.28170134810799,11.673876654818162,0.0,1.0,0.0,0.0,1.0,0.0
7,185,9.85674207191633,6.274281828047428,0.0,0.0,1.0,0.0,1.0,1.0
8,185,2.5876373144790303,8.444903564801201,0.0,0.0,0.0,1.0,0.0,0.0
9,185,3.18014823922472,2.627882987003181,1.0,1.0,0.0,0.0,1.0,0.0
10,185,7.013308168461689,6.503981413269368,0.0,0.0,0.0,0.0,0.0,0.0
11,185,3.927515125158597,6.722513501488521,1.0,1.0,0.0,0.0,1.0,0.0
12,185,7.450276060731023,4.468429247661492,0.0,0.0,0.0,1.0,0.0,1.0
13,185,12.0,1.614283219262756,1.0,0.0,0.0,1.0,1.0,0.0
14,185,0.7887926230615747,5.378632389039728,0.0,0.0,1.0,0.0,0.0,0.0
15,185,4.354573020563087,12.0,1.0,0.0,1.0,0.0,0.0,1.0
16,185,11.093534511264478,7.977117468364066,1.0,1.0,0.0,0.0,0.0,0.0
17,185,0.325969974040829,11.941763727506062,1.0,0.0,1.0,0.0,0.0,0.0
18,185,11.276350519437472,8.982701541880587,0.0,1.0,0.0,1.0,1.0,1.0
19,185,4.937421311215167,3.8280847807180858,0.0,0.0,1.0,1.0,0.0,0.0
0,190,3.005608204725569,0.7413218002364937,0.0,0.0,0.0,1.0,0.0,1.0
1,190,0.3947757313304202,11.94566089266233,0.0,0.0,0.0,1.0,0.0,1.0
2,190,9.303404570154102,5.76840137550277,0.0,0.0,1.0,1.0,0.0,0.0
3,190,0.0,11.720721119187129,0.0,0.0,1.0,1.0,1.0,1.0
4,190,3.148049151515668,5.883332220710532,0.0,1.0,0.0,0.0,0.0,1.0
5,190,0.0,0.8114689465807761,1.0,0.0,0.0,0.0,0.0,0.0
6,190,8.293340988773114,11.76445746710919,0.0,1.0,0.0,0.0,1.0,0.0
7,190,9.8697038572517,6.243735737121861,0.0,0.0,1.0,0.0,1.0,1.0
8,190,2.5518758069249667,8.399903896659502,0.0,0.0,0.0,1.0,0.0,0.0
9,190,3.2079973265264914,2.581229683695578,1.0,1.0,0.0,0.0,1.0,0.0
10,190,7.014471097977498,6.503643076470659,0.0,0.0,0.0,0.0,0.0,0.0
11,190,3.901935136707014,6.651350897429677,1.0,1.0,0.0,0.0,1.0,0.0
12,190,7.49151425363586,4.515420729389229,0.0,0.0,0.0,1.0,0.0,1.0
13,190,12.0,1.6855005477818794,1.0,0.0,0.0,1.0,1.0,0.0
14,190,0.7998506648597565,5.406341306765212,0.0,0.0,1.0,0.0,0.0,0.0
15,190,4.246514365065783,12.0,1.0,0.0,1.0,0.0,0.0,1.0
16,190,11.111668171183103,7.980427889430996,1.0,1.0,0.0,0.0,0.0,0.0
17,190,0.3135560141732777,11.943653779547354,1.0,0.0,1.0,0.0,0.0,0.0
18,190,11.314184139165294,8.945836920919415,0.0,1.0,0.0,1.0,1.0,1.0
19,190,4.946370898375061,3.8116577965357954,0.0,0.0,1.0,1.0,0.0,0.0
0,195,2.9530484282454976,0.7168153709830922,0.0,0.0,0.0,1.0,0.0,1.0
1,195,0.4310890224315405,11.903315917496728,0.0,0.0,0.0,1.0,0.0,1.0
2,195,9.225473981645331,5.947907548982961,0.0,0.0,1.0,1.0,0.0,0.0
3,195,0.0,11.701368612420726,0.0,0.0,1.0,1.0,1.0,1.0
4,195,3.153603129121747,5.879143967904383,0.0,1.0,0.0,0.0,0.0,1.0
5,195,0.0,0.8470514818756195,1.0,0.0,0.0,0.0,0.0,0.0
6,195,8.304614878865188,11.857664472847228,0.0,1.0,0.0,0.0,1.0,0.0
7,195,9.883097314322104,6.2124035301866645,0.0,0.0,1.0,0.0,1.0,1.0
8,195,2.498418807725425,8.335745693903885,0.0,0.0,0.0,1.0,0.0,0.0
9,195,3.2350072185927496,2.539319144710307,1.0,1.0,0.0,0.0,1.0,0.0
10,195,7.005156025676887,6.506399949905,0.0,0.0,0.0,0.0,0.0,0.0
11,195,3.8836805149562807,6.59819819253122,1.0,1.0,0.0,0.0,1.0,0.0
12,195,7.524984355662953,4.556491852500094,0.0,0.0,0.0,1.0,0.0,1.0
13,195,12.0,1.751963521875772,1.0,0.0,0.0,1.0,1.0,0.0
14,195,0.8154599367333785,5.443808387906582,0.0,0.0,1.0,0.0,0.0,0.0
15,195,4.122836519795272,12.0,1.0,0.0,1.0,0.0,0.0,1.0
16,195,11.149161805408928,7.987773316846559,1.0,1.0,0.0,0.0,0.0,0.0
17,195,0.3101655585954055,11.94423386248908,1.0,0.0,1.0,0.0,0.0,0.0
18,195,11.365557566424656,8.89568635762555,0.0,1.0,0.0,1.0,1.0,1.0
19,195,4.968251421538619,3.772223458477039,0.0,0.0,1.0,1.0,0.0,0.0
0,200,2.8831560413031228,0.6843019651370561,0.0,0.0,0.0,1.0,0.0,1.0
1,200,0.4724710736388401,11.853664411243548,0.0,0.0,0.0,1.0,0.0,1.0
2,200,9.152675949117368,6.124197290847356,0.0,0.0,1.0,1.0,0.0,0.0
3,200,0.0,11.679388043925783,0.0,0.0,1.0,1.0,1.0,1.0
4,200,3.178390434895875,5.860341807266348,0.0,1.0,0.0,0.0,0.0,1.0
5,200,0.0,0.8796903037101328,1.0,0.0,0.0,0.0,0.0,0.0
6,200,8.31308547540789,11.929289485413545,0.0,1.0,0.0,0.0,1.0,0.0
7,200,9.89339258284994,6.189025323901146,0.0,0.0,1.0,0.0,1.0,1.0
8,200,2.446315925221596,8.2701691313072,0.0,0.0,0.0,1.0,0.0,0.0
9,200,3.2696700345672025,2.483616037553333,1.0,1.0,0.0,0.0,1.0,0.0
10,200,7.000844291949162,6.507826006745338,0.0,0.0,0.0,0.0,0.0,0.0
11,200,3.8622852687526783,6.536688532269209,1.0,1.0,0.0,0.0,1.0,0.0
12,200,7.565424406272085,4.605640076140779,0.0,0.0,0.0,1.0,0.0,1.0
13,200,12.0,1.8249206920108607,1.0,0.0,0.0,1.0,1.0,0.0
14,200,0.8290327854585327,5.478352616584359,0.0,0.0,1.0,0.0,0.0,0.0
15,200,4.018974517209977,12.0,1.0,0.0,1.0,0.0,0.0,1.0
16,200,11.18073296090008,7.994281040350987,1.0,1.0,0.0,0.0,0.0,0.0
17,200,0.296992141955984,11.946449697731625,1.0,0.0,1.0,0.0,0.0,0.0
18,200,11.417221164270064,8.84699750223123,0.0,1.0,0.0,1.0,1.0,1.0
19,200,4.97742300138337,3.754765541557376,0.0,0.0,1.0,1.0,0.0,0.0
0,205,2.82230397918196,0.6570560087265621,0.0,0.0,0.0,1.0,0.0,1.0
1,205,0.5160397150856451,11.803213464508543,0.0,0.0,0.0,1.0,0.0,1.0
2,205,9.085745899905625,6.296399604876181,0.0,0.0,1.0,1.0,0.0,0.0
3,205,0.0,11.658867768589872,0.0,0.0,1.0,1.0,1.0,1.0
4,205,3.2194889378261067,5.829902241516828,0.0,1.0,0.0,0.0,0.0,1.0
5,205,0.0,0.9170349151327644,1.0,0.0,0.0,0.0,0.0,0.0
6,205,8.319344885582243,11.988123662388794,0.0,1.0,0.0,0.0,1.0,0.0
7,205,9.902225438507248,6.169374111768106,0.0,0.0,1.0,0.0,1.0,1.0
8,205,2.383884205770012,8.189027046310533,0.0,0.0,0.0,1.0,0.0,0.0
9,205,3.305873591573329,2.431023943347984,1.0,1.0,0.0,0.0,1.0,0.0
10,205,7.0119819114002775,6.503885086467832,0.0,0.0,0.0,0.0,0.0,0.0
11,205,3.8346565897633753,6.462651437321357,1.0,1.0,0.0,0.0,1.0,0.0
12,205,7.611368321049066,4.662888734053646,0.0,0.0,0.0,1.0,0.0,1.0
13,205,12.0,1.8971927321967872,1.0,0.0,0.0,1.0,1.0,0.0
14,205,0.8431618371377869,5.511794767133187,0.0,0.0,1.0,0.0,0.0,0.0
15,205,3.916711750913017,12.0,1.0,0.0,1.0,0.0,0.0,1.0
16,205,11.20718545262508,7.999849296357452,1.0,1.0,0.0,0.0,0.0,0.0
17,205,0.2719138856709547,11.950453157587614,1.0,0.0,1.0,0.0,0.0,0.0
18,205,11.485053975764629,8.784962810807567,0.0,1.0,0.0,1.0,1.0,1.0
19,205,4.986976969619943,3.7351417139196106,0.0,0.0,1.0,1.0,0.0,0.0
0,210,2.777438216080157,0.6380847200417614,0.0,0.0,0.0,1.0,0.0,1.0
1,210,0.5572959772210185,11.755816578837283,0.0,0.0,0.0,1.0,0.0,1.0
2,210,9.01740859373198,6.472816750433117,0.0,0.0,1.0,1.0,0.0,0.0
3,210,0.0,11.63684174638462,0.0,0.0,1.0,1.0,1.0,1.0
4,210,3.2600182651913894,5.798750922870925,0.0,1.0,0.0,0.0,0.0,1.0
5,210,0.0,0.955517645059947,1.0,0.0,0.0,0.0,0.0,0.0
6,210,8.326286558338523,12.0,0.0,1.0,0.0,0.0,1.0,0.0
7,210,9.907437181444168,6.15777428222381,0.0,0.0,1.0,0.0,1.0,1.0
8,210,2.3162843883880746,8.097124335176439,0.0,0.0,0.0,1.0,0.0,0.0
9,210,3.341818773475022,2.3781036810666745,1.0,1.0,0.0,0.0,1.0,0.0
10,210,7.036105243195808,6.49594395910568,0.0,0.0,0.0,0.0,0.0,0.0
11,210,3.816522803842812,6.411677904044406,1.0,1.0,0.0,0.0,1.0,0.0
12,210,7.66689594493974,4.729255570898695,0.0,0.0,0.0,1.0,0.0,1.0
13,210,12.0,1.9770669775003984,1.0,0.0,0.0,1.0,1.0,0.0
14,210,0.8557784806489914,5.539305591619936,0.0,0.0,1.0,0.0,0.0,0.0
15,210,3.8068256013113,12.0,1.0,0.0,1.0,0.0,0.0,1.0
16,210,11.23336054169902,8.005688233749327,1.0,1.0,0.0,0.0,0.0,0.0
17,210,0.266055060462174,11.951353573364583,1.0,0.0,1.0,0.0,0.0,0.0
18,210,11.557803447028284,8.720370521587592,0.0,1.0,0.0,1.0,1.0,1.0
19,210,4.99192236463716,3.724753925739879,0.0,0.0,1.0,1.0,0.0,0.0
0,215,2.732358748771909,0.6199827638456997,0.0,0.0,0.0,1.0,0.0,1.0
1,215,0.5993408537532079,11.708291567441403,0.0,0.0,0.0,1.0,0.0,1.0
2,215,8.94732189800975,6.662817695240321,0.0,0.0,1.0,1.0,0.0,0.0
3,215,0.0,11.616782378844622,0.0,0.0,1.0,1.0,1.0,1.0
4,215,3.298603263314776,5.7694799081737225,0.0,1.0,0.0,0.0,0.0,1.0
5,215,0.0,0.9944729653725216,1.0,0.0,0.0,0.0,0.0,0.0
6,215,8.33639326940116,12.0,0.0,1.0,0.0,0.0,1.0,0.0
7,215,9.90909421874113,6.154290390941131,0.0,0.0,1.0,0.0,1.0,1.0
8,215,2.2442815847560937,7.994995766071815,0.0,0.0,0.0,1.0,0.0,0.0
9,215,3.3703978436749367,2.335222031642815,1.0,1.0,0.0,0.0,1.0,0.0
10,215,7.0600469797276855,6.488340573127245,0.0,0.0,0.0,0.0,0.0,0.0
11,215,3.8065213300990735,6.380382559569205,1.0,1.0,0.0,0.0,1.0,0.0
12,215,7.71051534850616,4.780421711459734,0.0,0.0,0.0,1.0,0.0,1.0
13,215,12.0,2.05650765164292,1.0,0.0,0.0,1.0,1.0,0.0
14,215,0.87788157072514,5.588055661287912,0.0,0.0,1.0,0.0,0.0,0.0
15,215,3.702148131908965,12.0,1.0,0.0,1.0,0.0,0.0,1.0
16,215,11.284882363643703,8.015737927753358,1.0,1.0,0.0,0.0,0.0,0.0
17,215,0.2502738816713492,11.953760519149933,1.0,0.0,1.0,0.0,0.0,0.0
18,215,11.624467632897463,8.660908089974297,0.0,1.0,0.0,1.0,1.0,1.0
19,215,4.997176931701252,3.713157483080666,0.0,0.0,1.0,1.0,0.0,0.0
0,220,2.6776359605889635,0.5977773261875724,0.0,0.0,0.0,1.0,0.0,1.0
1,220,0.6310791623302551,11.671242818802424,0.0,0.0,0.0,1.0,0.0,1.0
2,220,8.877320736080563,6.84820310988709,0.0,0.0,1.0,1.0,0.0,0.0
3,220,0.0,11.594395317646931,0.0,0.0,1.0,1.0,1.0,1.0
4,220,3.348576535388282,5.733748630048343,0.0,1.0,0.0,0.0,0.0,1.0
5,220,0.0,1.0418042742581908,1.0,0.0,0.0,0.0,0.0,0.0
6,220,8.349518304958558,12.0,0.0,1.0,0.0,0.0,1.0,0.0
7,220,9.910644956002756,6.1508826151476494,0.0,0.0,1.0,0.0,1.0,1.0
8,220,2.176974075898336,7.898936979426547,0.0,0.0,0.0,1.0,0.0,0.0
9,220,3.394268427528206,2.3005779045309755,1.0,1.0,0.0,0.0,1.0,0.0
10,220,7.117986790127084,6.4716342501688215,0.0,0.0,0.0,0.0,0.0,0.0
11,220,3.799243709582222,6.355088086207091,1.0,1.0,0.0,0.0,1.0,0.0
12,220,7.75058867718162,4.829320498861339,0.0,0.0,0.0,1.0,0.0,1.0
13,220,12.0,2.1194759384390705,1.0,0.0,0.0,1.0,1.0,0.0
14,220,0.9053594900185336,5.647595414752259,0.0,0.0,1.0,0.0,0.0,0.0
15,220,3.5906147855075026,12.0,1.0,0.0,1.0,0.0,0.0,1.0
16,220,11.338008204719175,8.026302693456522,1.0,1.0,0.0,0.0,0.0,0.0
17,220,0.2487259693679227,11.954007857749048,1.0,0.0,1.0,0.0,0.0,0.0
18,220,11.67540274204849,8.616915273076355,0.0,1.0,0.0,1.0,1.0,1.0
19,220,5.001443424649637,3.7040752589976713,0.0,0.0,1.0,1.0,0.0,0.0
0,225,2.646808760536957,0.5849990076593857,0.0,0.0,0.0,1.0,0.0,1.0
1,225,0.6612551800628049,11.63866526591248,0.0,0.0,0.0,1.0,0.0,1.0
2,225,8.804126453415309,7.035239375927617,0.0,0.0,1.0,1.0,0.0,0.0
3,225,0.0,11.563789155954932,0.0,0.0,1.0,1.0,1.0,1.0
4,225,3.3868350663960687,5.706782871042301,0.0,1.0,0.0,0.0,0.0,1.0
5,225,0.0,1.098216521236306,1.0,0.0,0.0,0.0,0.0,0.0
6,225,8.362722335527618,12.0,0.0,1.0,0.0,0.0,1.0,0.0
7,225,9.910232327043255,6.15177629096551,0.0,0.0,1.0,0.0,1.0,1.0
8,225,2.1137545696441618,7.812334286753994,0.0,0.0,0.0,1.0,0.0,0.0
9,225,3.416913435631658,2.268944399954126,1.0,1.0,0.0,0.0,1.0,0.0
10,225,7.189090340242674,6.451879841324017,0.0,0.0,0.0,0.0,0.0,0.0
11,225,3.78810991966444,6.314263389485434,1.0,1.0,0.0,0.0,1.0,0.0
12,225,7.777714459446283,4.863555996721079,0.0,0.0,0.0,1.0,0.0,1.0
13,225,12.0,2.176057860152715,1.0,0.0,0.0,1.0,1.0,0.0
14,225,0.93886880861795,5.719776154695559,0.0,0.0,1.0,0.0,0.0,0.0
15,225,3.4769306845755623,12.0,1.0,0.0,1.0,0.0,0.0,1.0
16,225,11.37997088853133,8.034448007629715,1.0,1.0,0.0,0.0,0.0,0.0
17,225,0.2363210549639356,11.955919936821877,1.0,0.0,1.0,0.0,0.0,0.0
18,225,11.712224935818956,8.585833354832367,0.0,1.0,0.0,1.0,1.0,1.0
19,225,5.001601427714918,3.7037164291057705,0.0,0.0,1.0,1.0,0.0,0.0
0,230,2.6121444731460657,0.5712728158273471,0.0,0.0,0.0,1.0,0.0,1.0
1,230,0.6992403675760157,11.597490402016223,0.0,0.0,0.0,1.0,0.0,1.0
2,230,8.726628173719131,7.239402639885664,0.0,0.0,1.0,1.0,0.0,0.0
3,230,0.0,11.53147277916799,0.0,0.0,1.0,1.0,1.0,1.0
4,230,3.4178274191152487,5.685502383368978,0.0,1.0,0.0,0.0,0.0,1.0
5,230,0.0,1.1596604234774843,1.0,0.0,0.0,0.0,0.0,0.0
6,230,8.378730653234033,12.0,0.0,1.0,0.0,0.0,1.0,0.0
7,230,9.915065762540284,6.141078196528484,0.0,0.0,1.0,0.0,1.0,1.0
8,230,2.0549605830418414,7.731772543962941,0.0,0.0,0.0,1.0,0.0,0.0
9,230,3.4446042096594383,2.230693485703601,1.0,1.0,0.0,0.0,1.0,0.0
10,230,7.227167229766763,6.440686996710833,0.0,0.0,0.0,0.0,0.0,0.0
11,230,3.777986421013702,6.273893212856961,1.0,1.0,0.0,0.0,1.0,0.0
12,230,7.804791157162188,4.896316929827552,0.0,0.0,0.0,1.0,0.0,1.0
13,230,12.0,2.235294079186661,1.0,0.0,0.0,1.0,1.0,0.0
14,230,0.9734774674565918,5.791316414521797,0.0,0.0,1.0,0.0,0.0,0.0
15,230,3.3750948382548884,12.0,1.0,0.0,1.0,0.0,0.0,1.0
16,230,11.407151280232451,8.040276375270642,1.0,1.0,0.0,0.0,0.0,0.0
17,230,0.2246340775951968,11.957756344024052,1.0,0.0,1.0,0.0,0.0,0.0
18,230,11.750123362748568,8.552805990269206,0.0,1.0,0.0,1.0,1.0,1.0
19,230,4.991592248677653,3.7290537160331136,0.0,0.0,1.0,1.0,0.0,0.0
0,235,2.571879162993844,0.5562036514977405,0.0,0.0,0.0,1.0,0.0,1.0
1,235,0.738802494077306,11.55197322304981,0.0,0.0,0.0,1.0,0.0,1.0
2,235,8.649642094114403,7.451023544376319,0.0,0.0,1.0,1.0,0.0,0.0
3,235,0.0,11.498731578924833,0.0,0.0,1.0,1.0,1.0,1.0
4,235,3.4324759405419405,5.674960377481229,0.0,1.0,0.0,0.0,0.0,1.0
5,235,0.0,1.2166630641206675,1.0,0.0,0.0,0.0,0.0,0.0
6,235,8.393942375042455,12.0,0.0,1.0,0.0,0.0,1.0,0.0
7,235,9.925322359706772,6.11901783522058,0.0,0.0,1.0,0.0,1.0,1.0
8,235,2.0107974467979632,7.666766861076562,0.0,0.0,0.0,1.0,0.0,0.0
9,235,3.4689370644424584,2.1965492552518096,1.0,1.0,0.0,0.0,1.0,0.0
10,235,7.25342354905773,6.432930894455854,0.0,0.0,0.0,0.0,0.0,0.0
11,235,3.771850337838024,6.250068299763239,1.0,1.0,0.0,0.0,1.0,0.0
12,235,7.838996997879471,4.939281245848095,0.0,0.0,0.0,1.0,0.0,1.0
13,235,12.0,2.2990104579252506,1.0,0.0,0.0,1.0,1.0,0.0
14,235,1.0079327426017008,5.864537686090918,0.0,0.0,1.0,0.0,0.0,0.0
15,235,3.298935953598243,12.0,1.0,0.0,1.0,0.0,0.0,1.0
16,235,11.457783078465864,8.051562507049866,1.0,1.0,0.0,0.0,0.0,0.0
17,235,0.2004335062757989,11.961952594450295,1.0,0.0,1.0,0.0,0.0,0.0
18,235,11.777381532594644,8.52853854570082,0.0,1.0,0.0,1.0,1.0,1.0
19,235,4.987426396476043,3.739491825511983,0.0,0.0,1.0,1.0,0.0,0.0
0,240,2.5387263672963085,0.5434649150246347,0.0,0.0,0.0,1.0,0.0,1.0
1,240,0.773739037237035,11.512326494341677,0.0,0.0,0.0,1.0,0.0,1.0
2,240,8.568617968043084,7.659480259503801,0.0,0.0,1.0,1.0,0.0,0.0
3,240,0.0,11.467283665005292,0.0,0.0,1.0,1.0,1.0,1.0
4,240,3.4688564884801623,5.6498859802411285,0.0,1.0,0.0,0.0,0.0,1.0
5,240,0.0,1.2746542618076184,1.0,0.0,0.0,0.0,0.0,0.0
6,240,8.410037651395445,12.0,0.0,1.0,0.0,0.0,1.0,0.0
7,240,9.92603796897211,6.117529121725457,0.0,0.0,1.0,0.0,1.0,1.0
8,240,1.9602413818133704,7.594888970169165,0.0,0.0,0.0,1.0,0.0,0.0
9,240,3.508155289683121,2.143999976223487,1.0,1.0,0.0,0.0,1.0,0.0
10,240,7.294000596746273,6.420745790649931,0.0,0.0,0.0,0.0,0.0,0.0
11,240,3.764305446703737,6.220927970572208,1.0,1.0,0.0,0.0,1.0,0.0
12,240,7.863322501560236,4.970205598760305,0.0,0.0,0.0,1.0,0.0,1.0
13,240,12.0,2.3567841581845275,1.0,0.0,0.0,1.0,1.0,0.0
14,240,1.0393496320015962,5.932985427379075,0.0,0.0,1.0,0.0,0.0,0.0
15,240,3.2138717652094217,12.0,1.0,0.0,1.0,0.0,0.0,1.0
16,240,11.496530785036684,8.059608713506325,1.0,1.0,0.0,0.0,0.0,0.0
17,240,0.1563263621378449,11.968660098272132,1.0,0.0,1.0,0.0,0.0,0.0
18,240,11.809265377795786,8.499533369337364,0.0,1.0,0.0,1.0,1.0,1.0
19,240,4.987635840893055,3.738986818101398,0.0,0.0,1.0,1.0,0.0,0.0
0,245,2.503552181818219,0.5301820714397487,0.0,0.0,0.0,1.0,0.0,1.0
1,245,0.8190797911829423,11.460857159550924,0.0,0.0,0.0,1.0,0.0,1.0
2,245,8.479413340293922,7.88188191014161,0.0,0.0,1.0,1.0,0.0,0.0
3,245,0.0,11.438578759034714,0.0,0.0,1.0,1.0,1.0,1.0
4,245,3.4996820167552625,5.628739243061572,0.0,1.0,0.0,0.0,0.0,1.0
5,245,0.0,1.344120233594437,1.0,0.0,0.0,0.0,0.0,0.0
6,245,8.425038206277147,12.0,0.0,1.0,0.0,0.0,1.0,0.0
7,245,9.921075782655857,6.127543881035249,0.0,0.0,1.0,0.0,1.0,1.0
8,245,1.9064072752529573,7.520939065563279,0.0,0.0,0.0,1.0,0.0,0.0
9,245,3.5484009632983926,2.0899113833112173,1.0,1.0,0.0,0.0,1.0,0.0
10,245,7.367251238511752,6.396734612469025,0.0,0.0,0.0,0.0,0.0,0.0
11,245,3.7536999993548616,6.179756943914573,1.0,1.0,0.0,0.0,1.0,0.0
12,245,7.894105246228564,5.010766967246107,0.0,0.0,0.0,1.0,0.0,1.0
13,245,12.0,2.422975826701978,1.0,0.0,0.0,1.0,1.0,0.0
14,245,1.065301782976407,5.991072296948115,0.0,0.0,1.0,0.0,0.0,0.0
15,245,3.130999339891147,12.0,1.0,0.0,1.0,0.0,0.0,1.0
16,245,11.535673805553923,8.067809251497822,1.0,1.0,0.0,0.0,0.0,0.0
17,245,0.0994736200894453,11.976259828799272,1.0,0.0,1.0,0.0,0.0,0.0
18,245,11.826518104884428,8.48387645093145,0.0,1.0,0.0,1.0,1.0,1.0
19,245,4.993191643168318,3.72614462672193,0.0,0.0,1.0,1.0,0.0,0.0
0,250,2.468177359964358,0.5173857844699811,0.0,0.0,0.0,1.0,0.0,1.0
1,250,0.8597365682010476,11.41326206991833,0.0,0.0,0.0,1.0,0.0,1.0
2,250,8.380199158261538,8.114212300529394,0.0,0.0,1.0,1.0,0.0,0.0
3,250,0.0,11.408417283029635,0.0,0.0,1.0,1.0,1.0,1.0
4,250,3.540311125013571,5.600468977961923,0.0,1.0,0.0,0.0,0.0,1.0
5,250,0.0,1.4159876244513794,1.0,0.0,0.0,0.0,0.0,0.0
6,250,8.536802158871442,11.98349793073784,0.0,1.0,0.0,0.0,1.0,0.0
7,250,9.92904240236152,6.110152911070558,0.0,0.0,1.0,0.0,1.0,1.0
8,250,1.8552028535509808,7.447833732771372,0.0,0.0,0.0,1.0,0.0,0.0
9,250,3.596427628077421,2.020410205409101,1.0,1.0,0.0,0.0,1.0,0.0
10,250,7.4376056431752575,6.372512224933089,0.0,0.0,0.0,0.0,0.0,0.0
11,250,3.741580292347397,6.130231525467858,1.0,1.0,0.0,0.0,1.0,0.0
12,250,7.9332633565574575,5.059176088066263,0.0,0.0,0.0,1.0,0.0,1.0
13,250,12.0,2.488069410901364,1.0,0.0,0.0,1.0,1.0,0.0
14,250,1.0956768879294256,6.062686529725207,0.0,0.0,1.0,0.0,0.0,0.0
15,250,3.0578499417161185,12.0,1.0,0.0,1.0,0.0,0.0,1.0
16,250,11.576638305807702,8.07446639249556,1.0,1.0,0.0,0.0,0.0,0.0
17,250,0.0418312262567238,11.9843961795213,1.0,0.0,1.0,0.0,0.0,0.0
18,250,11.849514777904954,8.462284301810431,0.0,1.0,0.0,1.0,1.0,1.0
19,250,5.001654471525514,3.706307880306136,0.0,0.0,1.0,1.0,0.0,0.0
0,255,2.432985064210059,0.5065786117666062,0.0,0.0,0.0,1.0,0.0,1.0
1,255,0.9118189229467124,11.354634077885535,0.0,0.0,0.0,1.0,0.0,1.0
2,255,8.268732047303995,8.35544048230111,0.0,0.0,1.0,1.0,0.0,0.0
3,255,0.0,11.380186248387997,0.0,0.0,1.0,1.0,1.0,1.0
4,255,3.569286849889451,5.580723259429373,0.0,1.0,0.0,0.0,0.0,1.0
5,255,0.0,1.4836937637056666,1.0,0.0,0.0,0.0,0.0,0.0
6,255,8.650439206291281,11.96443996289788,0.0,1.0,0.0,0.0,1.0,0.0
7,255,9.934741674060174,6.097350014429013,0.0,0.0,1.0,0.0,1.0,1.0
8,255,1.80776466005182,7.378541060586748,0.0,0.0,0.0,1.0,0.0,0.0
9,255,3.6446636189043713,1.948258745838058,1.0,1.0,0.0,0.0,1.0,0.0
10,255,7.499872927814343,6.350630362401881,0.0,0.0,0.0,0.0,0.0,0.0
11,255,3.737528859414556,6.114830021603993,1.0,1.0,0.0,0.0,1.0,0.0
12,255,7.975966652672897,5.110302541979045,0.0,0.0,0.0,1.0,0.0,1.0
13,255,12.0,2.3776763505980845,1.0,0.0,0.0,1.0,1.0,0.0
14,255,1.1297129300576665,6.134379535012956,0.0,0.0,1.0,0.0,0.0,0.0
15,255,2.9771139138199905,12.0,1.0,0.0,1.0,0.0,0.0,1.0
16,255,11.61307189208022,8.080470811775356,1.0,1.0,0.0,0.0,0.0,0.0
17,255,0.0,11.993721944639924,1.0,0.0,1.0,0.0,0.0,0.0
18,255,11.847235829741663,8.464349776566914,0.0,1.0,0.0,1.0,1.0,1.0
19,255,5.013188663002266,3.67739706469896,0.0,0.0,1.0,1.0,0.0,0.0
0,260,2.4458765608224398,0.4623181137598871,0.0,0.0,0.0,1.0,0.0,1.0
1,260,0.9677377284021442,11.29259952202392,0.0,0.0,0.0,1.0,0.0,1.0
2,260,8.14820452552673,8.603494811511963,0.0,0.0,1.0,1.0,0.0,0.0
3,260,0.0,11.351512537415172,0.0,0.0,1.0,1.0,1.0,1.0
4,260,3.603715475979613,5.557266505527594,0.0,1.0,0.0,0.0,0.0,1.0
5,260,0.0,1.5604080130318998,1.0,0.0,0.0,0.0,0.0,0.0
6,260,8.75489558186699,11.945154788645006,0.0,1.0,0.0,0.0,1.0,0.0
7,260,9.93176951358583,6.104536535403718,0.0,0.0,1.0,0.0,1.0,1.0
8,260,1.7547639789266776,7.302600108577132,0.0,0.0,0.0,1.0,0.0,0.0
9,260,3.69797270943196,1.865589022368367,1.0,1.0,0.0,0.0,1.0,0.0
10,260,7.57085572551737,6.327783313239673,0.0,0.0,0.0,0.0,0.0,0.0
11,260,3.72573483773378,6.071517646201114,1.0,1.0,0.0,0.0,1.0,0.0
12,260,8.00970317355911,5.14996109207217,0.0,0.0,0.0,1.0,0.0,1.0
13,260,12.0,2.260776285111423,1.0,0.0,0.0,1.0,1.0,0.0
14,260,1.16759086772786,6.222580755135055,0.0,0.0,1.0,0.0,0.0,0.0
15,260,2.908707554776382,12.0,1.0,0.0,1.0,0.0,0.0,1.0
16,260,11.663797370605074,8.089134273902983,1.0,1.0,0.0,0.0,0.0,0.0
17,260,0.0,12.0,1.0,0.0,1.0,0.0,0.0,0.0
18,260,11.83147324082598,8.478539226602852,0.0,1.0,0.0,1.0,1.0,1.0
19,260,5.030277617521506,3.6342115623025153,0.0,0.0,1.0,1.0,0.0,0.0
0,265,2.458651646729193,0.4173971220871907,0.0,0.0,0.0,1.0,0.0,1.0
1,265,1.0302630411452751,11.225134940282317,0.0,0.0,0.0,1.0,0.0,1.0
2,265,8.02416344023736,8.847864265533449,0.0,0.0,1.0,1.0,0.0,0.0
3,265,0.0,11.328329746205656,0.0,0.0,1.0,1.0,1.0,1.0
4,265,3.6374660360331776,5.534527808149861,0.0,1.0,0.0,0.0,0.0,1.0
5,265,0.0,1.6299330396261371,1.0,0.0,0.0,0.0,0.0,0.0
6,265,8.855692179282562,11.923699706361946,0.0,1.0,0.0,0.0,1.0,0.0
7,265,9.926805950693064,6.116117774243316,0.0,0.0,1.0,0.0,1.0,1.0
8,265,1.7026164605806513,7.224070866686315,0.0,0.0,0.0,1.0,0.0,0.0
9,265,3.7573204198833103,1.7762278083051712,1.0,1.0,0.0,0.0,1.0,0.0
10,265,7.630668778957578,6.307645750375909,0.0,0.0,0.0,0.0,0.0,0.0
11,265,3.7185372990514702,6.0461970511568,1.0,1.0,0.0,0.0,1.0,0.0
12,265,8.040549546854553,5.186226112390508,0.0,0.0,0.0,1.0,0.0,1.0
13,265,12.0,2.1309707408380776,1.0,0.0,0.0,1.0,1.0,0.0
14,265,1.2077834395172269,6.313436388210694,0.0,0.0,1.0,0.0,0.0,0.0
15,265,2.8510932820215382,12.0,1.0,0.0,1.0,0.0,0.0,1.0
16,265,11.723084915012588,8.09863852079228,1.0,1.0,0.0,0.0,0.0,0.0
17,265,0.0,12.0,1.0,0.0,1.0,0.0,0.0,0.0
18,265,11.805980040837593,8.501915048789352,0.0,1.0,0.0,1.0,1.0,1.0
19,265,5.052885428674815,3.58094792646972,0.0,0.0,1.0,1.0,0.0,0.0
0,270,2.468579465727584,0.3803722020538895,0.0,0.0,0.0,1.0,0.0,1.0
1,270,1.0894256120733306,11.162849057643376,0.0,0.0,0.0,1.0,0.0,1.0
2,270,7.899201405625395,9.094788999153138,0.0,0.0,1.0,1.0,0.0,0.0
3,270,0.0,11.304097789068054,0.0,0.0,1.0,1.0,1.0,1.0
4,270,3.661739434864464,5.517760767708341,0.0,1.0,0.0,0.0,0.0,1.0
5,270,0.0,1.689962275315655,1.0,0.0,0.0,0.0,0.0,0.0
6,270,8.965418829334963,11.90159131317244,0.0,1.0,0.0,0.0,1.0,0.0
7,270,9.91873860958306,6.133281280543515,0.0,0.0,1.0,0.0,1.0,1.0
8,270,1.650670649242135,7.147742616574684,0.0,0.0,0.0,1.0,0.0,0.0
9,270,3.830301070507926,1.6632502764051589,1.0,1.0,0.0,0.0,1.0,0.0
10,270,7.71265629645052,6.282518657863535,0.0,0.0,0.0,0.0,0.0,0.0
11,270,3.712357049004011,6.025630617584065,1.0,1.0,0.0,0.0,1.0,0.0
12,270,8.067580373196964,5.218701521110698,0.0,0.0,0.0,1.0,0.0,1.0
13,270,12.0,1.988370153830745,1.0,0.0,0.0,1.0,1.0,0.0
14,270,1.251797426281084,6.412806694125331,0.0,0.0,1.0,0.0,0.0,0.0
15,270,2.779563223119726,12.0,1.0,0.0,1.0,0.0,0.0,1.0
16,270,11.764637215466808,8.1050429105738,1.0,1.0,0.0,0.0,0.0,0.0
17,270,0.0,12.0,1.0,0.0,1.0,0.0,0.0,0.0
18,270,11.778026697365028,8.527766499375728,0.0,1.0,0.0,1.0,1.0,1.0
19,270,5.074342086230291,3.5318745197373134,0.0,0.0,1.0,1.0,0.0,0.0
0,275,2.480332915992404,0.3309240850038443,0.0,0.0,0.0,1.0,0.0,1.0
1,275,1.154510305649756,11.09677837099383,0.0,0.0,0.0,1.0,0.0,1.0
2,275,7.771566008664794,9.348358512058237,0.0,0.0,1.0,1.0,0.0,0.0
3,275,0.0,11.293462494380307,0.0,0.0,1.0,1.0,1.0,1.0
4,275,3.680693143304213,5.505442127866257,0.0,1.0,0.0,0.0,0.0,1.0
5,275,0.0,1.741127414648925,1.0,0.0,0.0,0.0,0.0,0.0
6,275,9.06355367774634,11.882612860453447,0.0,1.0,0.0,0.0,1.0,0.0
7,275,9.902363197124364,6.1671292779369065,0.0,0.0,1.0,0.0,1.0,1.0
8,275,1.6001992510293557,7.065559287340386,0.0,0.0,0.0,1.0,0.0,0.0
9,275,3.8898214425968174,1.5690537288986592,1.0,1.0,0.0,0.0,1.0,0.0
10,275,7.822387921259973,6.248297423218904,0.0,0.0,0.0,0.0,0.0,0.0
11,275,3.706505070646013,6.00816723717527,1.0,1.0,0.0,0.0,1.0,0.0
12,275,8.076200513604661,5.2300830815805,0.0,0.0,0.0,1.0,0.0,1.0
13,275,12.0,1.854972966240937,1.0,0.0,0.0,1.0,1.0,0.0
14,275,1.2921986039703763,6.505562378769258,0.0,0.0,1.0,0.0,0.0,0.0
15,275,2.693983936584191,12.0,1.0,0.0,1.0,0.0,0.0,1.0
16,275,11.787832353391114,8.109106104869731,1.0,1.0,0.0,0.0,0.0,0.0
17,275,0.0,12.0,1.0,0.0,1.0,0.0,0.0,0.0
18,275,11.743760971546603,8.560776563198003,0.0,1.0,0.0,1.0,1.0,1.0
19,275,5.095832953045615,3.4836597326311045,0.0,0.0,1.0,1.0,0.0,0.0
0,280,2.5045464341481942,0.2411015042185307,0.0,0.0,0.0,1.0,0.0,1.0
1,280,1.21735979385626,11.031748668474204,0.0,0.0,0.0,1.0,0.0,1.0
2,280,7.643982751039595,9.610219725227513,0.0,0.0,1.0,1.0,0.0,0.0
3,280,0.0,11.28267439321864,0.0,0.0,1.0,1.0,1.0,1.0
4,280,3.6911706151033834,5.498686009030517,0.0,1.0,0.0,0.0,0.0,1.0
5,280,0.0,1.792683485013944,1.0,0.0,0.0,0.0,0.0,0.0
6,280,9.151845144248895,11.863789902433387,0.0,1.0,0.0,0.0,1.0,0.0
7,280,9.889353581702531,6.19422679852604,0.0,0.0,1.0,0.0,1.0,1.0
8,280,1.5662062437541715,7.00974219440063,0.0,0.0,0.0,1.0,0.0,0.0
9,280,3.9464902460547657,1.4851931396330116,1.0,1.0,0.0,0.0,1.0,0.0
10,280,7.9235145120844255,6.21340807145879,0.0,0.0,0.0,0.0,0.0,0.0
11,280,3.700010176238589,5.9879009356434585,1.0,1.0,0.0,0.0,1.0,0.0
12,280,8.083512371040234,5.239520256378114,0.0,0.0,0.0,1.0,0.0,1.0
13,280,12.0,1.706748856123412,1.0,0.0,0.0,1.0,1.0,0.0
14,280,1.342108264874274,6.613723037708183,0.0,0.0,1.0,0.0,0.0,0.0
15,280,2.613760241481203,12.0,1.0,0.0,1.0,0.0,0.0,1.0
16,280,11.829094613689078,8.116827841591604,1.0,1.0,0.0,0.0,0.0,0.0
17,280,0.0,12.0,1.0,0.0,1.0,0.0,0.0,0.0
18,280,11.69830363721728,8.606355791452796,0.0,1.0,0.0,1.0,1.0,1.0
19,280,5.114133490660209,3.444164259525728,0.0,0.0,1.0,1.0,0.0,0.0
0,285,2.529924920321335,0.1500043991942709,0.0,0.0,0.0,1.0,0.0,1.0
1,285,1.2703926004151151,10.976781666310648,0.0,0.0,0.0,1.0,0.0,1.0
2,285,7.515910200537712,9.881796980005369,0.0,0.0,1.0,1.0,0.0,0.0
3,285,0.0,11.264584170631489,0.0,0.0,1.0,1.0,1.0,1.0
4,285,3.7067365995698376,5.488903333922906,0.0,1.0,0.0,0.0,0.0,1.0
5,285,0.0,1.845772864342856,1.0,0.0,0.0,0.0,0.0,0.0
6,285,9.131562948371386,11.781584251297724,0.0,1.0,0.0,0.0,1.0,0.0
7,285,9.871625736337522,6.229225987331971,0.0,0.0,1.0,0.0,1.0,1.0
8,285,1.5336094428562503,6.956062276107627,0.0,0.0,0.0,1.0,0.0,0.0
9,285,3.9990918566006295,1.4058635604971164,1.0,1.0,0.0,0.0,1.0,0.0
10,285,8.021776177829576,6.182032442337937,0.0,0.0,0.0,0.0,0.0,0.0
11,285,3.69469660959308,5.9698456892154645,1.0,1.0,0.0,0.0,1.0,0.0
12,285,8.086895439451302,5.243767728347314,0.0,0.0,0.0,1.0,0.0,1.0
13,285,12.0,1.5729004727292903,1.0,0.0,0.0,1.0,1.0,0.0
14,285,1.3955016913422416,6.728491275684788,0.0,0.0,1.0,0.0,0.0,0.0
15,285,2.5192635850232983,12.0,1.0,0.0,1.0,0.0,0.0,1.0
16,285,11.855623707666645,8.122234193018052,1.0,1.0,0.0,0.0,0.0,0.0
17,285,0.0,12.0,1.0,0.0,1.0,0.0,0.0,0.0
18,285,11.654475010613186,8.650512708000546,0.0,1.0,0.0,1.0,1.0,1.0
19,285,5.1317758387297285,3.4054750507563067,0.0,0.0,1.0,1.0,0.0,0.0
0,290,2.5535874716161224,0.0507977614491636,0.0,0.0,0.0,1.0,0.0,1.0
1,290,1.2209794057974024,10.930634723294784,0.0,0.0,0.0,1.0,0.0,1.0
2,290,7.391935185717251,10.134110088673294,0.0,0.0,1.0,1.0,0.0,0.0
3,290,0.0,11.247031490244694,0.0,0.0,1.0,1.0,1.0,1.0
4,290,3.7370097365864248,5.470093472033709,0.0,1.0,0.0,0.0,0.0,1.0
5,290,0.0,1.891263458796866,1.0,0.0,0.0,0.0,0.0,0.0
6,290,9.107174560296516,11.683889627567856,0.0,1.0,0.0,0.0,1.0,0.0
7,290,9.842619164218627,6.290076592185499,0.0,0.0,1.0,0.0,1.0,1.0
8,290,1.4947553548742514,6.892789655168909,0.0,0.0,0.0,1.0,0.0,0.0
9,290,4.068961080218784,1.3006038834016764,1.0,1.0,0.0,0.0,1.0,0.0
10,290,8.07789420433322,6.162843775806408,0.0,0.0,0.0,0.0,0.0,0.0
11,290,3.6874915136060378,5.94392922004367,1.0,1.0,0.0,0.0,1.0,0.0
12,290,8.093081871022124,5.252371088545379,0.0,0.0,0.0,1.0,0.0,1.0
13,290,12.0,1.4366318341582676,1.0,0.0,0.0,1.0,1.0,0.0
14,290,1.4449582442119715,6.837306345313989,0.0,0.0,1.0,0.0,0.0,0.0
15,290,2.421271582300589,12.0,1.0,0.0,1.0,0.0,0.0,1.0
16,290,11.894844710950885,8.13041778109529,1.0,1.0,0.0,0.0,0.0,0.0
17,290,0.0,12.0,1.0,0.0,1.0,0.0,0.0,0.0
18,290,11.612002846238,8.693596226852293,0.0,1.0,0.0,1.0,1.0,1.0
19,290,5.1486243810752885,3.3666437201789656,0.0,0.0,1.0,1.0,0.0,0.0
0,295,2.5771017453732408,0.0,0.0,0.0,0.0,1.0,0.0,1.0
1,295,1.1724805716467213,10.884476868571298,0.0,0.0,0.0,1.0,0.0,1.0
2,295,7.265009825791155,10.38267672733688,0.0,0.0,1.0,1.0,0.0,0.0
3,295,0.0,11.22688120897658,0.0,0.0,1.0,1.0,1.0,1.0
4,295,3.770573152799608,5.449169665466568,0.0,1.0,0.0,0.0,0.0,1.0
5,295,0.0,1.9396204739377363,1.0,0.0,0.0,0.0,0.0,0.0
6,295,9.084731955040118,11.58558554477461,0.0,1.0,0.0,0.0,1.0,0.0
7,295,9.813077599214552,6.350142697232927,0.0,0.0,1.0,0.0,1.0,1.0
8,295,1.4580206376139342,6.833550619442294,0.0,0.0,0.0,1.0,0.0,0.0
9,295,4.138030235051214,1.1981084950602643,1.0,1.0,0.0,0.0,1.0,0.0
10,295,8.157365998550372,6.136140306017972,0.0,0.0,0.0,0.0,0.0,0.0
11,295,3.6785706211096896,5.914003510371792,1.0,1.0,0.0,0.0,1.0,0.0
12,295,8.09520839410412,5.255472529631215,0.0,0.0,0.0,1.0,0.0,1.0
13,295,12.0,1.2754947074067586,1.0,0.0,0.0,1.0,1.0,0.0
14,295,1.4951303237259947,6.9524170863278485,0.0,0.0,1.0,0.0,0.0,0.0
15,295,2.319656971484662,12.0,1.0,0.0,1.0,0.0,0.0,1.0
16,295,11.924885857772296,8.136918638121198,1.0,1.0,0.0,0.0,0.0,0.0
17,295,0.0,12.0,1.0,0.0,1.0,0.0,0.0,0.0
18,295,11.58158323321962,8.66252996769134,0.0,1.0,0.0,1.0,1.0,1.0
19,295,5.1699460244157285,3.3205418566050016,0.0,0.0,1.0,1.0,0.0,0.0
