0,0,2.039027221592065,8.942290597213654,1.0,1.0,0.0,0.0,1.0,0.0
1,0,2.0220904456861577,2.059311274083327,1.0,0.0,0.0,0.0,1.0,1.0
2,0,4.926631340209156,10.01538145339135,0.0,0.0,0.0,0.0,0.0,1.0
3,0,12.0,12.0,0.0,0.0,0.0,0.0,0.0,0.0
4,0,4.074416514474182,0.0363258483727763,0.0,0.0,1.0,1.0,1.0,0.0
5,0,6.019523941300556,2.9529369021863765,1.0,1.0,0.0,0.0,0.0,1.0
6,0,10.012161889353845,9.057210851998049,1.0,1.0,1.0,1.0,0.0,1.0
7,0,1.9414282908772744,4.979641198942199,0.0,0.0,1.0,0.0,1.0,1.0
8,0,9.03393929581028,12.0,0.0,1.0,0.0,1.0,0.0,1.0
9,0,8.933072580132494,3.986655527769757,0.0,1.0,0.0,1.0,0.0,1.0
10,0,0.9742231116319724,0.9501284902516388,0.0,0.0,0.0,1.0,0.0,1.0
11,0,5.962055685763891,11.036906639494807,0.0,0.0,0.0,0.0,0.0,0.0
12,0,2.028574544744364,9.952840528841357,1.0,0.0,1.0,0.0,0.0,1.0
13,0,7.042929315961465,10.030053573129733,0.0,0.0,0.0,1.0,1.0,0.0
14,0,10.03095852584446,1.0387121855958177,1.0,0.0,0.0,1.0,1.0,0.0
15,0,4.048048894270878,3.990108009078612,0.0,0.0,0.0,0.0,0.0,0.0
16,0,10.038096862556028,0.0,1.0,1.0,0.0,0.0,0.0,0.0
17,0,3.975448570334805,8.064480639724339,0.0,1.0,0.0,1.0,0.0,1.0
18,0,12.0,6.94957874942698,0.0,0.0,1.0,0.0,1.0,0.0
19,0,7.054127400097872,7.044577463158489,0.0,0.0,1.0,0.0,1.0,0.0
0,5,2.081328134641231,8.882206475854222,1.0,1.0,0.0,0.0,1.0,0.0
1,5,2.0417727524185447,2.1089707864301843,1.0,0.0,0.0,0.0,1.0,1.0
2,5,4.8562837043399005,10.030625761070192,0.0,0.0,0.0,0.0,0.0,1.0
3,5,12.0,12.0,0.0,0.0,0.0,0.0,0.0,0.0
4,5,4.133046278330404,0.0670375752253835,0.0,0.0,1.0,1.0,1.0,0.0
5,5,6.0440555225433705,2.8947553227283573,1.0,1.0,0.0,0.0,0.0,1.0
6,5,10.024103111985188,9.120509897631525,1.0,1.0,1.0,1.0,0.0,1.0
7,5,1.887339802884909,4.960759748291821,0.0,0.0,1.0,0.0,1.0,1.0
8,5,9.068295141410797,12.0,0.0,1.0,0.0,1.0,0.0,1.0
9,5,8.839458833695064,3.9690082464287935,0.0,1.0,0.0,1.0,0.0,1.0
10,5,0.9535851976865856,0.9093089752743502,0.0,0.0,0.0,1.0,0.0,1.0
11,5,5.906457208401929,11.09115711035544,0.0,0.0,0.0,0.0,0.0,0.0
12,5,2.0639818061971327,9.895145556877411,1.0,0.0,1.0,0.0,0.0,1.0
13,5,7.077739740734856,10.054207197624484,0.0,0.0,0.0,1.0,1.0,0.0
14,5,10.05605033905608,1.0706454698979806,1.0,0.0,0.0,1.0,1.0,0.0
15,5,4.1105566403881895,3.977022115707432,0.0,0.0,0.0,0.0,0.0,0.0
16,5,10.07378401471825,0.0,1.0,1.0,0.0,0.0,0.0,0.0
17,5,3.956586315482152,8.113199482096926,0.0,1.0,0.0,1.0,0.0,1.0
18,5,12.0,6.898198631051188,0.0,0.0,1.0,0.0,1.0,0.0
19,5,7.098153727307606,7.080867104198941,0.0,0.0,1.0,0.0,1.0,0.0
0,10,2.1182118576768256,8.832396170221227,1.0,1.0,0.0,0.0,1.0,0.0
1,10,2.066217806674511,2.172004745527538,1.0,0.0,0.0,0.0,1.0,1.0
2,10,4.769725610290841,10.051233466733937,0.0,0.0,0.0,0.0,0.0,1.0
3,10,12.0,12.0,0.0,0.0,0.0,0.0,0.0,0.0
4,10,4.190152067123448,0.0949028156338375,0.0,0.0,1.0,1.0,1.0,0.0
5,10,6.068002307632627,2.838353832787837,1.0,1.0,0.0,0.0,0.0,1.0
6,10,10.034222244215371,9.16967035329236,1.0,1.0,1.0,1.0,0.0,1.0
7,10,1.832572040837133,4.94111187302683,0.0,0.0,1.0,0.0,1.0,1.0
8,10,9.091923244030072,12.0,0.0,1.0,0.0,1.0,0.0,1.0
9,10,8.823219605022476,4.048020146017874,0.0,1.0,0.0,1.0,0.0,1.0
10,10,0.9345593974609911,0.8697447314960178,0.0,0.0,0.0,1.0,0.0,1.0
11,10,5.853550560018286,11.143614590328,0.0,0.0,0.0,0.0,0.0,0.0
12,10,2.102032084029752,9.835072811316454,1.0,0.0,1.0,0.0,0.0,1.0
13,10,7.104616128978227,10.072445537717758,0.0,0.0,0.0,1.0,1.0,0.0
14,10,10.067440521605178,1.0854634964122842,1.0,0.0,0.0,1.0,1.0,0.0
15,10,4.16831565585481,3.964421507018439,0.0,0.0,0.0,0.0,0.0,0.0
16,10,10.109687693875072,0.0,1.0,1.0,0.0,0.0,0.0,0.0
17,10,3.937066255670321,8.161510523838995,0.0,1.0,0.0,1.0,0.0,1.0
18,10,12.0,6.847547733712945,0.0,0.0,1.0,0.0,1.0,0.0
19,10,7.125455063844258,7.103712802079181,0.0,0.0,1.0,0.0,1.0,0.0
0,15,2.1590684667219517,8.777019377201476,1.0,1.0,0.0,0.0,1.0,0.0
1,15,2.099155692121331,2.262578318464058,1.0,0.0,0.0,0.0,1.0,1.0
2,15,4.678106263319203,10.074004393110172,0.0,0.0,0.0,0.0,0.0,1.0
3,15,12.0,12.0,0.0,0.0,0.0,0.0,0.0,0.0
4,15,4.226432259971912,0.1123048484008219,0.0,0.0,1.0,1.0,1.0,0.0
5,15,6.08928118927715,2.7864111160840173,1.0,1.0,0.0,0.0,0.0,1.0
6,15,10.04980944224319,9.236494960587532,1.0,1.0,1.0,1.0,0.0,1.0
7,15,1.786146429096491,4.9240446148422095,0.0,0.0,1.0,0.0,1.0,1.0
8,15,9.10752304317978,12.0,0.0,1.0,0.0,1.0,0.0,1.0
9,15,8.811713631605315,4.106494281297211,0.0,1.0,0.0,1.0,0.0,1.0
10,15,0.922581686667688,0.8457208697105365,0.0,0.0,0.0,1.0,0.0,1.0
11,15,5.777993119814136,11.21769001822759,0.0,0.0,0.0,0.0,0.0,0.0
12,15,2.136710883256755,9.776492741291715,1.0,0.0,1.0,0.0,0.0,1.0
13,15,7.1093334370928805,10.075515483852955,0.0,0.0,0.0,1.0,1.0,0.0
14,15,10.080021449160633,1.1006193193267737,1.0,0.0,0.0,1.0,1.0,0.0
15,15,4.223308596432462,3.953653996898941,0.0,0.0,0.0,0.0,0.0,0.0
16,15,10.122589566184349,0.0,1.0,1.0,0.0,0.0,0.0,0.0
17,15,3.912528998364921,8.225213595542012,0.0,1.0,0.0,1.0,0.0,1.0
18,15,12.0,6.811879021039012,0.0,0.0,1.0,0.0,1.0,0.0
19,15,7.158342155306301,7.129710843078337,0.0,0.0,1.0,0.0,1.0,0.0
0,20,2.203672003065092,8.713713803713283,1.0,1.0,0.0,0.0,1.0,0.0
1,20,2.137490667754544,2.3800903559094704,1.0,0.0,0.0,0.0,1.0,1.0
2,20,4.590440489006888,10.094647579286065,0.0,0.0,0.0,0.0,0.0,1.0
3,20,12.0,12.0,0.0,0.0,0.0,0.0,0.0,0.0
4,20,4.268669242595744,0.1337808998967413,0.0,0.0,1.0,1.0,1.0,0.0
5,20,6.109299001489581,2.7345851551945266,1.0,1.0,0.0,0.0,0.0,1.0
6,20,10.066054253909137,9.308864980804929,1.0,1.0,1.0,1.0,0.0,1.0
7,20,1.7432442414387073,4.908071865125042,0.0,0.0,1.0,0.0,1.0,1.0
8,20,9.127949454165332,12.0,0.0,1.0,0.0,1.0,0.0,1.0
9,20,8.800286805143623,4.167366583035682,0.0,1.0,0.0,1.0,0.0,1.0
10,20,0.907331134355677,0.8149496420478828,0.0,0.0,0.0,1.0,0.0,1.0
11,20,5.689518658106372,11.302702718844207,0.0,0.0,0.0,0.0,0.0,0.0
12,20,2.1716396006808054,9.718480811143424,1.0,0.0,1.0,0.0,0.0,1.0
13,20,7.1087078891305815,10.07507455645438,0.0,0.0,0.0,1.0,1.0,0.0
14,20,10.093591917570231,1.1177431131297229,1.0,0.0,0.0,1.0,1.0,0.0
15,20,4.271239512472923,3.9448127093136183,0.0,0.0,0.0,0.0,0.0,0.0
16,20,10.13773454884538,0.0,1.0,1.0,0.0,0.0,0.0,0.0
17,20,3.888724356637974,8.285700666020498,0.0,1.0,0.0,1.0,0.0,1.0
18,20,12.0,6.766604149362267,0.0,0.0,1.0,0.0,1.0,0.0
19,20,7.194294809652723,7.158779992324788,0.0,0.0,1.0,0.0,1.0,0.0
0,25,2.251121406564651,8.646026658708948,1.0,1.0,0.0,0.0,1.0,0.0
1,25,2.17063913329439,2.4794428029171574,1.0,0.0,0.0,0.0,1.0,1.0
2,25,4.513699693981075,10.109444754112848,0.0,0.0,0.0,0.0,0.0,1.0
3,25,12.0,12.0,0.0,0.0,0.0,0.0,0.0,0.0
4,25,4.294888142935764,0.1470520168043914,0.0,0.0,1.0,1.0,1.0,0.0
5,25,6.128305158136622,2.6823529216409487,1.0,1.0,0.0,0.0,0.0,1.0
6,25,10.081103512796838,9.372956181839143,1.0,1.0,1.0,1.0,0.0,1.0
7,25,1.704565288118293,4.892229019706523,0.0,0.0,1.0,0.0,1.0,1.0
8,25,9.141837716730215,12.0,0.0,1.0,0.0,1.0,0.0,1.0
9,25,8.788014631573578,4.240322753523191,0.0,1.0,0.0,1.0,0.0,1.0
10,25,0.8844327256164121,0.7661200310753458,0.0,0.0,0.0,1.0,0.0,1.0
11,25,5.61699704146602,11.375330230578308,0.0,0.0,0.0,0.0,0.0,0.0
12,25,2.220563460694324,9.636885747109526,1.0,0.0,1.0,0.0,0.0,1.0
13,25,7.112977820981854,10.068837180512205,0.0,0.0,0.0,1.0,1.0,0.0
14,25,10.100145849732993,1.1257121289198286,1.0,0.0,0.0,1.0,1.0,0.0
15,25,4.331012834446715,3.9353097903889065,0.0,0.0,0.0,0.0,0.0,0.0
16,25,10.161656550700949,0.0,1.0,1.0,0.0,0.0,0.0,0.0
17,25,3.866465400298828,8.341745152246448,0.0,1.0,0.0,1.0,0.0,1.0
18,25,12.0,6.723467429668856,0.0,0.0,1.0,0.0,1.0,0.0
19,25,7.238849019241365,7.194263613945537,0.0,0.0,1.0,0.0,1.0,0.0
0,30,2.3057046339989977,8.563169420644813,1.0,1.0,0.0,0.0,1.0,0.0
1,30,2.2041354189901843,2.5747231456957413,1.0,0.0,0.0,0.0,1.0,1.0
2,30,4.422813564284196,10.126844604324804,0.0,0.0,0.0,0.0,0.0,1.0
3,30,12.0,12.0,0.0,0.0,0.0,0.0,0.0,0.0
4,30,4.319765800228775,0.1602435276825826,0.0,0.0,1.0,1.0,1.0,0.0
5,30,6.138543970902729,2.652520970028884,1.0,1.0,0.0,0.0,0.0,1.0
6,30,10.09319260836939,9.423628395860565,1.0,1.0,1.0,1.0,0.0,1.0
7,30,1.6571739064058746,4.87316638978106,0.0,0.0,1.0,0.0,1.0,1.0
8,30,9.16136065989446,12.0,0.0,1.0,0.0,1.0,0.0,1.0
9,30,8.773811001640738,4.316453380594845,0.0,1.0,0.0,1.0,0.0,1.0
10,30,0.8557116334283937,0.7064340214714285,0.0,0.0,0.0,1.0,0.0,1.0
11,30,5.534561338949467,11.46269243800277,0.0,0.0,0.0,0.0,0.0,0.0
12,30,2.260890571245312,9.569026949099165,1.0,0.0,1.0,0.0,0.0,1.0
13,30,7.10377709663337,10.081976696541249,0.0,0.0,0.0,1.0,1.0,0.0
14,30,10.094124516312991,1.1183634832595253,1.0,0.0,0.0,1.0,1.0,0.0
15,30,4.390967028322105,3.9271808894230458,0.0,0.0,0.0,0.0,0.0,0.0
16,30,10.193987366830015,0.0,1.0,1.0,0.0,0.0,0.0,0.0
17,30,3.8405142833056,8.403916303750185,0.0,1.0,0.0,1.0,0.0,1.0
18,30,12.0,6.686293136838301,0.0,0.0,1.0,0.0,1.0,0.0
19,30,7.30514925420989,7.244844898428719,0.0,0.0,1.0,0.0,1.0,0.0
0,35,2.362656464027483,8.484718017738425,1.0,1.0,0.0,0.0,1.0,0.0
1,35,2.236399116368795,2.6692656816020386,1.0,0.0,0.0,0.0,1.0,1.0
2,35,4.352049255433413,10.139944840309102,0.0,0.0,0.0,0.0,0.0,1.0
3,35,12.0,12.0,0.0,0.0,0.0,0.0,0.0,0.0
4,35,4.3379980410499375,0.1706961069906408,0.0,0.0,1.0,1.0,1.0,0.0
5,35,6.15099307396422,2.618642790699114,1.0,1.0,0.0,0.0,0.0,1.0
6,35,10.103689967629895,9.464580578436973,1.0,1.0,1.0,1.0,0.0,1.0
7,35,1.627147932618791,4.8624404795582015,0.0,0.0,1.0,0.0,1.0,1.0
8,35,9.18170843513739,12.0,0.0,1.0,0.0,1.0,0.0,1.0
9,35,8.76562160600968,4.368382473952455,0.0,1.0,0.0,1.0,0.0,1.0
10,35,0.8267701153744934,0.6454787839166038,0.0,0.0,0.0,1.0,0.0,1.0
11,35,5.449358894321251,11.55278503455128,0.0,0.0,0.0,0.0,0.0,0.0
12,35,2.295449976705444,9.513277984849289,1.0,0.0,1.0,0.0,0.0,1.0
13,35,7.097078085563405,10.091476221579786,0.0,0.0,0.0,1.0,1.0,0.0
14,35,10.073766965783545,1.0939851268954877,1.0,0.0,0.0,1.0,1.0,0.0
15,35,4.434692897739917,3.920192554606876,0.0,0.0,0.0,0.0,0.0,0.0
16,35,10.218147299429765,0.0,1.0,1.0,0.0,0.0,0.0,0.0
17,35,3.817580304662113,8.463163198453607,0.0,1.0,0.0,1.0,0.0,1.0
18,35,12.0,6.642371882098067,0.0,0.0,1.0,0.0,1.0,0.0
19,35,7.377674639290142,7.300611859939577,0.0,0.0,1.0,0.0,1.0,0.0
0,40,2.43025622007744,8.388903499070603,1.0,1.0,0.0,0.0,1.0,0.0
1,40,2.270686221780161,2.767815866731073,1.0,0.0,0.0,0.0,1.0,1.0
2,40,4.272895416505417,10.155032129352938,0.0,0.0,0.0,0.0,0.0,1.0
3,40,12.0,12.0,0.0,0.0,0.0,0.0,0.0,0.0
4,40,4.363227232192206,0.1852297529624403,0.0,0.0,1.0,1.0,1.0,0.0
5,40,6.162826256397005,2.5877572592164,1.0,1.0,0.0,0.0,0.0,1.0
6,40,10.11773191197014,9.518905940953772,1.0,1.0,1.0,1.0,0.0,1.0
7,40,1.5804248850941112,4.846199045701186,0.0,0.0,1.0,0.0,1.0,1.0
8,40,9.196231310649749,12.0,0.0,1.0,0.0,1.0,0.0,1.0
9,40,8.75425751691667,4.446441537758323,0.0,1.0,0.0,1.0,0.0,1.0
10,40,0.8000022411233718,0.5851146915282538,0.0,0.0,0.0,1.0,0.0,1.0
11,40,5.357943473266735,11.657029838115928,0.0,0.0,0.0,0.0,0.0,0.0
12,40,2.33270738973919,9.453987984463042,1.0,0.0,1.0,0.0,0.0,1.0
13,40,7.084978710954974,10.107934304741375,0.0,0.0,0.0,1.0,1.0,0.0
14,40,10.036979779230416,1.053337136323385,1.0,0.0,0.0,1.0,1.0,0.0
15,40,4.49593918964936,3.909506820562938,0.0,0.0,0.0,0.0,0.0,0.0
16,40,10.25095168355885,0.0,1.0,1.0,0.0,0.0,0.0,0.0
17,40,3.793998744128476,8.521564808235958,0.0,1.0,0.0,1.0,0.0,1.0
18,40,12.0,6.604753728479045,0.0,0.0,1.0,0.0,1.0,0.0
19,40,7.460869627986983,7.364015017434429,0.0,0.0,1.0,0.0,1.0,0.0
0,45,2.508999904439821,8.274075008263702,1.0,1.0,0.0,0.0,1.0,0.0
1,45,2.298460722048948,2.847029677817086,1.0,0.0,0.0,0.0,1.0,1.0
2,45,4.201764704756244,10.168544758356605,0.0,0.0,0.0,0.0,0.0,1.0
3,45,12.0,12.0,0.0,0.0,0.0,0.0,0.0,0.0
4,45,4.409384389531909,0.213034988194872,0.0,0.0,1.0,1.0,1.0,0.0
5,45,6.180754156248666,2.5427325950488178,1.0,1.0,0.0,0.0,0.0,1.0
6,45,10.13125240341217,9.56793853141234,1.0,1.0,1.0,1.0,0.0,1.0
7,45,1.537098384850136,4.830843001422162,0.0,0.0,1.0,0.0,1.0,1.0
8,45,9.213904723811549,12.0,0.0,1.0,0.0,1.0,0.0,1.0
9,45,8.741708758768059,4.537890780304603,0.0,1.0,0.0,1.0,0.0,1.0
10,45,0.7803163007075655,0.5424445506581643,0.0,0.0,0.0,1.0,0.0,1.0
11,45,5.266543451384319,11.76202434836495,0.0,0.0,0.0,0.0,0.0,0.0
12,45,2.372715273783354,9.393338564475249,1.0,0.0,1.0,0.0,0.0,1.0
13,45,7.065286237083226,10.13492638314814,0.0,0.0,0.0,1.0,1.0,0.0
14,45,9.991114261908308,1.00510777013577,1.0,0.0,0.0,1.0,1.0,0.0
15,45,4.533394095122861,3.9030878872891033,0.0,0.0,0.0,0.0,0.0,0.0
16,45,10.290734111288977,0.0,1.0,1.0,0.0,0.0,0.0,0.0
17,45,3.7699639627436414,8.578896432980901,0.0,1.0,0.0,1.0,0.0,1.0
18,45,12.0,6.566875971781161,0.0,0.0,1.0,0.0,1.0,0.0
19,45,7.548251867569272,7.43035219127868,0.0,0.0,1.0,0.0,1.0,0.0
0,50,2.596530406201626,8.150790116501849,1.0,1.0,0.0,0.0,1.0,0.0
1,50,2.3282031893377417,2.93109968710542,1.0,0.0,0.0,0.0,1.0,1.0
2,50,4.132787186421131,10.181916131999952,0.0,0.0,0.0,0.0,0.0,1.0
3,50,12.0,12.0,0.0,0.0,0.0,0.0,0.0,0.0
4,50,4.4740354699876965,0.250425764334462,0.0,0.0,1.0,1.0,1.0,0.0
5,50,6.202796723366354,2.4863156246737814,1.0,1.0,0.0,0.0,0.0,1.0
6,50,10.14560523535895,9.622935803182196,1.0,1.0,1.0,1.0,0.0,1.0
7,50,1.5168191477002038,4.824027259108044,0.0,0.0,1.0,0.0,1.0,1.0
8,50,9.238625169267609,12.0,0.0,1.0,0.0,1.0,0.0,1.0
9,50,8.729585713018764,4.637810596261749,0.0,1.0,0.0,1.0,0.0,1.0
10,50,0.7600240421059806,0.4972046585922731,0.0,0.0,0.0,1.0,0.0,1.0
11,50,5.1823174615190375,11.861598211443066,0.0,0.0,0.0,0.0,0.0,0.0
12,50,2.4145005928428267,9.327621624735087,1.0,0.0,1.0,0.0,0.0,1.0
13,50,7.053282249161808,10.15048524516135,0.0,0.0,0.0,1.0,1.0,0.0
14,50,9.939272679711928,0.949639567428494,1.0,0.0,0.0,1.0,1.0,0.0
15,50,4.558047359850578,3.899096524595434,0.0,0.0,0.0,0.0,0.0,0.0
16,50,10.323486661003365,0.0,1.0,1.0,0.0,0.0,0.0,0.0
17,50,3.745541664693389,8.641130885505266,0.0,1.0,0.0,1.0,0.0,1.0
18,50,12.0,6.5266936242932525,0.0,0.0,1.0,0.0,1.0,0.0
19,50,7.637587801228775,7.497992831885496,0.0,0.0,1.0,0.0,1.0,0.0
0,55,2.677221641512056,8.03537331795375,1.0,1.0,0.0,0.0,1.0,0.0
1,55,2.347373653516045,2.988527244833269,1.0,0.0,0.0,0.0,1.0,1.0
2,55,4.121098260740435,10.123120879045045,0.0,0.0,0.0,0.0,0.0,1.0
3,55,12.0,12.0,0.0,0.0,0.0,0.0,0.0,0.0
4,55,4.506733964104873,0.2692133984286552,0.0,0.0,1.0,1.0,1.0,0.0
5,55,6.230565799020746,2.4108007079158176,1.0,1.0,0.0,0.0,0.0,1.0
6,55,10.157783085520451,9.674729027428617,1.0,1.0,1.0,1.0,0.0,1.0
7,55,1.5091636556951655,4.821248891169138,0.0,0.0,1.0,0.0,1.0,1.0
8,55,9.273859998714508,12.0,0.0,1.0,0.0,1.0,0.0,1.0
9,55,8.713904974480412,4.754358349984408,0.0,1.0,0.0,1.0,0.0,1.0
10,55,0.7293720153276163,0.430774482908157,0.0,0.0,0.0,1.0,0.0,1.0
11,55,5.106866030366863,11.950558052710893,0.0,0.0,0.0,0.0,0.0,0.0
12,55,2.4607439873947223,9.253325297309836,1.0,0.0,1.0,0.0,0.0,1.0
13,55,7.048633824458782,10.156760972627728,0.0,0.0,0.0,1.0,1.0,0.0
14,55,9.894573341451077,0.9011437392304882,1.0,0.0,0.0,1.0,1.0,0.0
15,55,4.6172452857414745,3.891976178817016,0.0,0.0,0.0,0.0,0.0,0.0
16,55,10.361891316160357,0.0,1.0,1.0,0.0,0.0,0.0,0.0
17,55,3.719585600179333,8.708196750221097,0.0,1.0,0.0,1.0,0.0,1.0
18,55,12.0,6.491095361342089,0.0,0.0,1.0,0.0,1.0,0.0
19,55,7.724409797001254,7.561809851336026,0.0,0.0,1.0,0.0,1.0,0.0
0,60,2.7609598531071504,7.915744255558003,1.0,1.0,0.0,0.0,1.0,0.0
1,60,2.3633478280802342,3.036508361500873,1.0,0.0,0.0,0.0,1.0,1.0
2,60,4.110548878523688,10.067286958379968,0.0,0.0,0.0,0.0,0.0,1.0
3,60,12.0,12.0,0.0,0.0,0.0,0.0,0.0,0.0
4,60,4.545975988773287,0.2914354059658718,0.0,0.0,1.0,1.0,1.0,0.0
5,60,6.255161361267749,2.3392472503731025,1.0,1.0,0.0,0.0,0.0,1.0
6,60,10.174179280921331,9.745191745232274,1.0,1.0,1.0,1.0,0.0,1.0
7,60,1.5094743784195208,4.821361220279126,0.0,0.0,1.0,0.0,1.0,1.0
8,60,9.316899433225224,12.0,0.0,1.0,0.0,1.0,0.0,1.0
9,60,8.6997463802325,4.851672717625532,0.0,1.0,0.0,1.0,0.0,1.0
10,60,0.7083278954913876,0.3883448263044359,0.0,0.0,0.0,1.0,0.0,1.0
11,60,5.031422365490047,12.0,0.0,0.0,0.0,0.0,0.0,0.0
12,60,2.501202684464361,9.189163335878712,1.0,0.0,1.0,0.0,0.0,1.0
13,60,7.053067818621244,10.150833602230732,0.0,0.0,0.0,1.0,1.0,0.0
14,60,9.844801217318553,0.8458043795686927,1.0,0.0,0.0,1.0,1.0,0.0
15,60,4.6838273632257685,3.884363584822423,0.0,0.0,0.0,0.0,0.0,0.0
16,60,10.408307037495556,0.0,1.0,1.0,0.0,0.0,0.0,0.0
17,60,3.686232297710572,8.80184905778816,0.0,1.0,0.0,1.0,0.0,1.0
18,60,12.0,6.460155657144892,0.0,0.0,1.0,0.0,1.0,0.0
19,60,7.813807280959339,7.625387529175556,0.0,0.0,1.0,0.0,1.0,0.0
0,65,2.8408562767509102,7.804042013606001,1.0,1.0,0.0,0.0,1.0,0.0
1,65,2.3809291248111326,3.0936441586688304,1.0,0.0,0.0,0.0,1.0,1.0
2,65,4.104203603015686,10.035859232377058,0.0,0.0,0.0,0.0,0.0,1.0
3,65,12.0,12.0,0.0,0.0,0.0,0.0,0.0,0.0
4,65,4.605531127830265,0.3242520501246184,0.0,0.0,1.0,1.0,1.0,0.0
5,65,6.275472199843624,2.276574877460543,1.0,1.0,0.0,0.0,0.0,1.0
6,65,10.18860105954608,9.816959211842413,1.0,1.0,1.0,1.0,0.0,1.0
7,65,1.5195017801524844,4.824671331034751,0.0,0.0,1.0,0.0,1.0,1.0
8,65,9.36174364378862,12.0,0.0,1.0,0.0,1.0,0.0,1.0
9,65,8.684751341797925,4.951656345794921,0.0,1.0,0.0,1.0,0.0,1.0
10,65,0.6858246588803748,0.3454503157679957,0.0,0.0,0.0,1.0,0.0,1.0
11,65,4.950035691890204,12.0,0.0,0.0,0.0,0.0,0.0,0.0
12,65,2.552281713433413,9.11026534743535,1.0,0.0,1.0,0.0,0.0,1.0
13,65,7.060131496465731,10.140745051652926,0.0,0.0,0.0,1.0,1.0,0.0
14,65,9.793291299829743,0.785483239544184,1.0,0.0,0.0,1.0,1.0,0.0
15,65,4.745055141635082,3.875862195420024,0.0,0.0,0.0,0.0,0.0,0.0
16,65,10.44187550452938,0.0,1.0,1.0,0.0,0.0,0.0,0.0
17,65,3.654755491498331,8.897234914228298,0.0,1.0,0.0,1.0,0.0,1.0
18,65,12.0,6.424067249366692,0.0,0.0,1.0,0.0,1.0,0.0
19,65,7.905145599998288,7.691324785337367,0.0,0.0,1.0,0.0,1.0,0.0
0,70,2.923315122472078,7.688395557267523,1.0,1.0,0.0,0.0,1.0,0.0
1,70,2.395946790103504,3.14110690655898,1.0,0.0,0.0,0.0,1.0,1.0
2,70,4.095442000460815,9.996674110548923,0.0,0.0,0.0,0.0,0.0,1.0
3,70,12.0,12.0,0.0,0.0,0.0,0.0,0.0,0.0
4,70,4.676412511390869,0.3617059608240586,0.0,0.0,1.0,1.0,1.0,0.0
5,70,6.297799038673587,2.2079053186209867,1.0,1.0,0.0,0.0,0.0,1.0
6,70,10.200898445721345,9.878921476016842,1.0,1.0,1.0,1.0,0.0,1.0
7,70,1.5322631084085911,4.828602984474168,0.0,0.0,1.0,0.0,1.0,1.0
8,70,9.414226949434044,12.0,0.0,1.0,0.0,1.0,0.0,1.0
9,70,8.672077702805435,5.043299459827226,0.0,1.0,0.0,1.0,0.0,1.0
10,70,0.6605526227309934,0.2986616783574751,0.0,0.0,0.0,1.0,0.0,1.0
11,70,4.869438587998492,12.0,0.0,0.0,0.0,0.0,0.0,0.0
12,70,2.624017862358259,9.002968293345376,1.0,0.0,1.0,0.0,0.0,1.0
13,70,7.06035996539032,10.1404283032995,0.0,0.0,0.0,1.0,1.0,0.0
14,70,9.736624579859331,0.7211335195859385,1.0,0.0,0.0,1.0,1.0,0.0
15,70,4.811649494121258,3.8683811792182734,0.0,0.0,0.0,0.0,0.0,0.0
16,70,10.476248098284628,0.0,1.0,1.0,0.0,0.0,0.0,0.0
17,70,3.622810302803544,8.990747567527063,0.0,1.0,0.0,1.0,0.0,1.0
18,70,12.0,6.396552550225978,0.0,0.0,1.0,0.0,1.0,0.0
19,70,7.994480994850995,7.754188858634516,0.0,0.0,1.0,0.0,1.0,0.0
0,75,3.007704167940237,7.56887481393457,1.0,1.0,0.0,0.0,1.0,0.0
1,75,2.411282844595232,3.190238577639542,1.0,0.0,0.0,0.0,1.0,1.0
2,75,4.077406327650047,9.919588775034182,0.0,0.0,0.0,0.0,0.0,1.0
3,75,12.0,12.0,0.0,0.0,0.0,0.0,0.0,0.0
4,75,4.7176848121659525,0.3851526763864768,0.0,0.0,1.0,1.0,1.0,0.0
5,75,6.318519777837598,2.1411812091151714,1.0,1.0,0.0,0.0,0.0,1.0
6,75,10.210082779861285,9.934651259682834,1.0,1.0,1.0,1.0,0.0,1.0
7,75,1.5398199143143996,4.830866193568235,0.0,0.0,1.0,0.0,1.0,1.0
8,75,9.475613382226989,12.0,0.0,1.0,0.0,1.0,0.0,1.0
9,75,8.661651890369033,5.115964866789711,0.0,1.0,0.0,1.0,0.0,1.0
10,75,0.6474974334366607,0.2745743768016545,0.0,0.0,0.0,1.0,0.0,1.0
11,75,4.773842055912743,12.0,0.0,0.0,0.0,0.0,0.0,0.0
12,75,2.689454794490896,8.903961188994499,1.0,0.0,1.0,0.0,0.0,1.0
13,75,7.067689903771942,10.13021893886024,0.0,0.0,0.0,1.0,1.0,0.0
14,75,9.67386003077702,0.6518507196072506,1.0,0.0,0.0,1.0,1.0,0.0
15,75,4.870680444064916,3.8607971538076615,0.0,0.0,0.0,0.0,0.0,0.0
16,75,10.50153363487398,0.0,1.0,1.0,0.0,0.0,0.0,0.0
17,75,3.5836399265980408,9.09278568958745,0.0,1.0,0.0,1.0,0.0,1.0
18,75,12.0,6.364351012210937,0.0,0.0,1.0,0.0,1.0,0.0
19,75,8.079073766906683,7.812803303914308,0.0,0.0,1.0,0.0,1.0,0.0
0,80,3.0880591652425524,7.455901092324063,1.0,1.0,0.0,0.0,1.0,0.0
1,80,2.4278872126143014,3.238935844060678,1.0,0.0,0.0,0.0,1.0,1.0
2,80,4.062161486564742,9.851352922519984,0.0,0.0,0.0,0.0,0.0,1.0
3,80,12.0,12.0,0.0,0.0,0.0,0.0,0.0,0.0
4,80,4.747483522267443,0.4006154644880823,0.0,0.0,1.0,1.0,1.0,0.0
5,80,6.339747550268931,2.0716830361564056,1.0,1.0,0.0,0.0,0.0,1.0
6,80,10.21517445961792,9.962810829438018,1.0,1.0,1.0,1.0,0.0,1.0
7,80,1.5569878223409477,4.83576926768106,0.0,0.0,1.0,0.0,1.0,1.0
8,80,9.53540941811176,12.0,0.0,1.0,0.0,1.0,0.0,1.0
9,80,8.651542103265982,5.186019957616248,0.0,1.0,0.0,1.0,0.0,1.0
10,80,0.6396621986637778,0.2605581734094954,0.0,0.0,0.0,1.0,0.0,1.0
11,80,4.680463080644795,12.0,0.0,0.0,0.0,0.0,0.0,0.0
12,80,2.762781910153853,8.793292182571435,1.0,0.0,1.0,0.0,0.0,1.0
13,80,7.06731155746954,10.130717425884717,0.0,0.0,0.0,1.0,1.0,0.0
14,80,9.61484515260647,0.587584260745972,1.0,0.0,0.0,1.0,1.0,0.0
15,80,4.939068841688039,3.8522986867307054,0.0,0.0,0.0,0.0,0.0,0.0
16,80,10.523138201201766,0.0,1.0,1.0,0.0,0.0,0.0,0.0
17,80,3.547328966574062,9.195063746277432,0.0,1.0,0.0,1.0,0.0,1.0
18,80,12.0,6.320855951092509,0.0,0.0,1.0,0.0,1.0,0.0
19,80,8.159183420674916,7.870796244014598,0.0,0.0,1.0,0.0,1.0,0.0
0,85,3.160538575945645,7.353478897715021,1.0,1.0,0.0,0.0,1.0,0.0
1,85,2.4417326400932,3.2789863444819627,1.0,0.0,0.0,0.0,1.0,1.0
2,85,4.043760490719526,9.77334608776453,0.0,0.0,0.0,0.0,0.0,1.0
3,85,12.0,12.0,0.0,0.0,0.0,0.0,0.0,0.0
4,85,4.79796792181939,0.4258356038622186,0.0,0.0,1.0,1.0,1.0,0.0
5,85,6.366874867939837,1.9846904444577176,1.0,1.0,0.0,0.0,0.0,1.0
6,85,10.22331111611882,10.005081452604545,1.0,1.0,1.0,1.0,0.0,1.0
7,85,1.5965066943162685,4.846930433307914,0.0,0.0,1.0,0.0,1.0,1.0
8,85,9.60400711979826,12.0,0.0,1.0,0.0,1.0,0.0,1.0
9,85,8.64295698746106,5.245526141008557,0.0,1.0,0.0,1.0,0.0,1.0
10,85,0.6374064878875166,0.2563555052951377,0.0,0.0,0.0,1.0,0.0,1.0
11,85,4.598417369044076,12.0,0.0,0.0,0.0,0.0,0.0,0.0
12,85,2.8446469225833115,8.677748911782265,1.0,0.0,1.0,0.0,0.0,1.0
13,85,7.061083886487082,10.138554290732644,0.0,0.0,0.0,1.0,1.0,0.0
14,85,9.556608574611914,0.522864149974662,1.0,0.0,0.0,1.0,1.0,0.0
15,85,5.012201316516878,3.841238278147568,0.0,0.0,0.0,0.0,0.0,0.0
16,85,10.553846628173629,0.0,1.0,1.0,0.0,0.0,0.0,0.0
17,85,3.512602357883716,9.305103120994763,0.0,1.0,0.0,1.0,0.0,1.0
18,85,12.0,6.280423191689512,0.0,0.0,1.0,0.0,1.0,0.0
19,85,8.247432936116706,7.934549333839892,0.0,0.0,1.0,0.0,1.0,0.0
0,90,3.2373473548176057,7.245426506750308,1.0,1.0,0.0,0.0,1.0,0.0
1,90,2.4592733380618346,3.3267997097268256,1.0,0.0,0.0,0.0,1.0,1.0
2,90,4.03041762465504,9.701928860151405,0.0,0.0,0.0,0.0,0.0,1.0
3,90,12.0,12.0,0.0,0.0,0.0,0.0,0.0,0.0
4,90,4.864968720322559,0.4566871350213192,0.0,0.0,1.0,1.0,1.0,0.0
5,90,6.386581520768244,1.9236724623932169,1.0,1.0,0.0,0.0,0.0,1.0
6,90,10.232037412267678,10.051931144019466,1.0,1.0,1.0,1.0,0.0,1.0
7,90,1.6079397961293993,4.8501288751229445,0.0,0.0,1.0,0.0,1.0,1.0
8,90,9.66507233763088,12.0,0.0,1.0,0.0,1.0,0.0,1.0
9,90,8.636035382820587,5.301704492524697,0.0,1.0,0.0,1.0,0.0,1.0
10,90,0.6371232532363235,0.2557971156714619,0.0,0.0,0.0,1.0,0.0,1.0
11,90,4.526117711793456,12.0,0.0,0.0,0.0,0.0,0.0,0.0
12,90,2.9231280975513987,8.568745513853441,1.0,0.0,1.0,0.0,0.0,1.0
13,90,7.0481443731363305,10.154562775268047,0.0,0.0,0.0,1.0,1.0,0.0
14,90,9.504125328249476,0.4642216070901997,1.0,0.0,0.0,1.0,1.0,0.0
15,90,5.100430183242989,3.825604225760865,0.0,0.0,0.0,0.0,0.0,0.0
16,90,10.587172561170211,0.0,1.0,1.0,0.0,0.0,0.0,0.0
17,90,3.478217179785011,9.420730253943152,0.0,1.0,0.0,1.0,0.0,1.0
18,90,12.0,6.235993546912524,0.0,0.0,1.0,0.0,1.0,0.0
19,90,8.354322928310646,8.011712113488363,0.0,0.0,1.0,0.0,1.0,0.0
0,95,3.3219659385069824,7.119733194533117,1.0,1.0,0.0,0.0,1.0,0.0
1,95,2.473508612782834,3.363688563547126,1.0,0.0,0.0,0.0,1.0,1.0
2,95,4.01726378905765,9.632273400316516,0.0,0.0,0.0,0.0,0.0,1.0
3,95,12.0,12.0,0.0,0.0,0.0,0.0,0.0,0.0
4,95,4.907702704440672,0.4758880996748314,0.0,0.0,1.0,1.0,1.0,0.0
5,95,6.407926062695517,1.8501997373734915,1.0,1.0,0.0,0.0,0.0,1.0
6,95,10.235802913124298,10.076373860028353,1.0,1.0,1.0,1.0,0.0,1.0
7,95,1.614452407030745,4.851880961921348,0.0,0.0,1.0,0.0,1.0,1.0
8,95,9.72138949956769,12.0,0.0,1.0,0.0,1.0,0.0,1.0
9,95,8.630741901719322,5.347628243620606,0.0,1.0,0.0,1.0,0.0,1.0
10,95,0.6438044696458614,0.268630100061401,0.0,0.0,0.0,1.0,0.0,1.0
11,95,4.469352240664735,12.0,0.0,0.0,0.0,0.0,0.0,0.0
12,95,3.003833031861776,8.457266720703355,1.0,0.0,1.0,0.0,0.0,1.0
13,95,7.042966042887083,10.161205292783762,0.0,0.0,0.0,1.0,1.0,0.0
14,95,9.471764968399851,0.4271560879935866,1.0,0.0,0.0,1.0,1.0,0.0
15,95,5.20393630877589,3.806509338878374,0.0,0.0,0.0,0.0,0.0,0.0
16,95,10.603366891385296,0.0,1.0,1.0,0.0,0.0,0.0,0.0
17,95,3.445539248987448,9.527876395221584,0.0,1.0,0.0,1.0,0.0,1.0
18,95,12.0,6.184213927972121,0.0,0.0,1.0,0.0,1.0,0.0
19,95,8.475909031283956,8.100279705222842,0.0,0.0,1.0,0.0,1.0,0.0
0,100,3.411577586133149,6.977121941657266,1.0,1.0,0.0,0.0,1.0,0.0
1,100,2.4827397372813182,3.3887293146584585,1.0,0.0,0.0,0.0,1.0,1.0
2,100,4.006884087682496,9.563589355650276,0.0,0.0,0.0,0.0,0.0,1.0
3,100,12.0,12.0,0.0,0.0,0.0,0.0,0.0,0.0
4,100,4.945408893876311,0.4929844066906442,0.0,0.0,1.0,1.0,1.0,0.0
5,100,6.42899513520683,1.779625170347965,1.0,1.0,0.0,0.0,0.0,1.0
6,100,10.23715282382022,10.085642138519022,1.0,1.0,1.0,1.0,0.0,1.0
7,100,1.618848113300924,4.852983501042068,0.0,0.0,1.0,0.0,1.0,1.0
8,100,9.765740468387618,12.0,0.0,1.0,0.0,1.0,0.0,1.0
9,100,8.623653787695108,5.402339513503896,0.0,1.0,0.0,1.0,0.0,1.0
10,100,0.65127069036757,0.2824743513097771,0.0,0.0,0.0,1.0,0.0,1.0
11,100,4.399082475821584,12.0,0.0,0.0,0.0,0.0,0.0,0.0
12,100,2.892944538005156,8.383923900228357,1.0,0.0,1.0,0.0,0.0,1.0
13,100,7.05282071966635,10.148229761475918,0.0,0.0,0.0,1.0,1.0,0.0
14,100,9.464858407629196,0.4194559433853635,1.0,0.0,0.0,1.0,1.0,0.0
15,100,5.297578820821073,3.787389553807882,0.0,0.0,0.0,0.0,0.0,0.0
16,100,10.624485313183332,0.0,1.0,1.0,0.0,0.0,0.0,0.0
17,100,3.412281383836775,9.634407349660668,0.0,1.0,0.0,1.0,0.0,1.0
18,100,12.0,6.133893575326447,0.0,0.0,1.0,0.0,1.0,0.0
19,100,8.588405452953356,8.182711545960684,0.0,0.0,1.0,0.0,1.0,0.0
0,105,3.499193714571246,6.838720099407933,1.0,1.0,0.0,0.0,1.0,0.0
1,105,2.455178660471176,3.398519602274744,1.0,0.0,0.0,0.0,1.0,1.0
2,105,3.995453156341452,9.494207151240234,0.0,0.0,0.0,0.0,0.0,1.0
3,105,11.992820303764546,11.997076305182082,0.0,0.0,0.0,0.0,0.0,0.0
4,105,4.974691423902897,0.5062789167704376,0.0,0.0,1.0,1.0,1.0,0.0
5,105,6.452798027375341,1.6998710709516751,1.0,1.0,0.0,0.0,0.0,1.0
6,105,10.23764092753685,10.088554819782072,1.0,1.0,1.0,1.0,0.0,1.0
7,105,1.613669915043572,4.851647725664716,0.0,0.0,1.0,0.0,1.0,1.0
8,105,9.809174295535607,12.0,0.0,1.0,0.0,1.0,0.0,1.0
9,105,8.61469909157358,5.457188717428061,0.0,1.0,0.0,1.0,0.0,1.0
10,105,0.6572532068639457,0.2945638655332107,0.0,0.0,0.0,1.0,0.0,1.0
11,105,4.31939432160059,12.0,0.0,0.0,0.0,0.0,0.0,0.0
12,105,2.781671357413866,8.312646951543757,1.0,0.0,1.0,0.0,0.0,1.0
13,105,7.05107914237942,10.150550480542464,0.0,0.0,0.0,1.0,1.0,0.0
14,105,9.441791908058068,0.3935834967792248,1.0,0.0,0.0,1.0,1.0,0.0
15,105,5.401398547890282,3.769160409736458,0.0,0.0,0.0,0.0,0.0,0.0
16,105,10.64193629978061,0.0,1.0,1.0,0.0,0.0,0.0,0.0
17,105,3.3823628207900374,9.735064975853652,0.0,1.0,0.0,1.0,0.0,1.0
18,105,12.0,6.08422476458518,0.0,0.0,1.0,0.0,1.0,0.0
19,105,8.70937561862241,8.266267071701924,0.0,0.0,1.0,0.0,1.0,0.0
0,110,3.582310613432029,6.704089449041532,1.0,1.0,0.0,0.0,1.0,0.0
1,110,2.4257127548867032,3.4086750826922647,1.0,0.0,0.0,0.0,1.0,1.0
2,110,3.98326539202682,9.43123091341472,0.0,0.0,0.0,0.0,0.0,1.0
3,110,11.961807453016206,11.983699104306618,0.0,0.0,0.0,0.0,0.0,0.0
4,110,4.996317612852254,0.5166051094763544,0.0,0.0,1.0,1.0,1.0,0.0
5,110,6.478542629026466,1.6088703717613422,1.0,1.0,0.0,0.0,0.0,1.0
6,110,10.23602219261396,10.077683225245057,1.0,1.0,1.0,1.0,0.0,1.0
7,110,1.6028895906486105,4.848742012192254,0.0,0.0,1.0,0.0,1.0,1.0
8,110,9.853855993074802,12.0,0.0,1.0,0.0,1.0,0.0,1.0
9,110,8.604785868389863,5.516828971379918,0.0,1.0,0.0,1.0,0.0,1.0
10,110,0.6612148520036142,0.3022023328606501,0.0,0.0,0.0,1.0,0.0,1.0
11,110,4.245339063517666,12.0,0.0,0.0,0.0,0.0,0.0,0.0
12,110,2.67609310056019,8.24398696376218,1.0,0.0,1.0,0.0,0.0,1.0
13,110,7.062555257302932,10.135758177723094,0.0,0.0,0.0,1.0,1.0,0.0
14,110,9.418626435067626,0.3670923151095219,1.0,0.0,0.0,1.0,1.0,0.0
15,110,5.525365566321824,3.748252417171821,0.0,0.0,0.0,0.0,0.0,0.0
16,110,10.635067641311814,0.0034004426192346,1.0,1.0,0.0,0.0,0.0,0.0
17,110,3.348939425504029,9.83146037479884,0.0,1.0,0.0,1.0,0.0,1.0
18,110,12.0,6.0283074528670895,0.0,0.0,1.0,0.0,1.0,0.0
19,110,8.818564427370053,8.340313714114068,0.0,0.0,1.0,0.0,1.0,0.0
0,115,3.663668278396521,6.569697343870799,1.0,1.0,0.0,0.0,1.0,0.0
1,115,2.3909454270161987,3.420013572042103,1.0,0.0,0.0,0.0,1.0,1.0
2,115,3.971255387154724,9.374339228292808,0.0,0.0,0.0,0.0,0.0,1.0
3,115,11.934056067127589,11.970947508206358,0.0,0.0,0.0,0.0,0.0,0.0
4,115,5.037953888916764,0.5368625720608879,0.0,0.0,1.0,1.0,1.0,0.0
5,115,6.503259767714669,1.5264479732278793,1.0,1.0,0.0,0.0,0.0,1.0
6,115,10.229156557973631,10.040438242411332,1.0,1.0,1.0,1.0,0.0,1.0
7,115,1.6137979451066389,4.85151882921051,0.0,0.0,1.0,0.0,1.0,1.0
8,115,9.916168506179456,12.0,0.0,1.0,0.0,1.0,0.0,1.0
9,115,8.59663650131628,5.568095779377627,0.0,1.0,0.0,1.0,0.0,1.0
10,115,0.6552427169953599,0.29066723730975,0.0,0.0,0.0,1.0,0.0,1.0
11,115,4.168916314348926,12.0,0.0,0.0,0.0,0.0,0.0,0.0
12,115,2.5783430218361003,8.180273365680772,1.0,0.0,1.0,0.0,0.0,1.0
13,115,7.079277077420856,10.114503289182393,0.0,0.0,0.0,1.0,1.0,0.0
14,115,9.394034379955649,0.3399151131571492,1.0,0.0,0.0,1.0,1.0,0.0
15,115,5.659935322298016,3.7282062227861847,0.0,0.0,0.0,0.0,0.0,0.0
16,115,10.62778387353072,0.007129168294987,1.0,1.0,0.0,0.0,0.0,0.0
17,115,3.313219112812521,9.935364561985864,0.0,1.0,0.0,1.0,0.0,1.0
18,115,12.0,5.963302699581847,0.0,0.0,1.0,0.0,1.0,0.0
19,115,8.913403364420313,8.399936682427859,0.0,0.0,1.0,0.0,1.0,0.0
0,120,3.7524961599111695,6.424489306122205,1.0,1.0,0.0,0.0,1.0,0.0
1,120,2.3697132348149528,3.4265127187044917,1.0,0.0,0.0,0.0,1.0,1.0
2,120,3.959225964062668,9.31064734343103,0.0,0.0,0.0,0.0,0.0,1.0
3,120,11.92770432893322,11.968047202194104,0.0,0.0,0.0,0.0,0.0,0.0
4,120,5.067790860123865,0.551029667900809,0.0,0.0,1.0,1.0,1.0,0.0
5,120,6.534534434450448,1.431665721177321,1.0,1.0,0.0,0.0,0.0,1.0
6,120,10.2210768499933,9.997441455431488,1.0,1.0,1.0,1.0,0.0,1.0
7,120,1.6479015504542345,4.860598379674184,0.0,0.0,1.0,0.0,1.0,1.0
8,120,9.993945491361744,12.0,0.0,1.0,0.0,1.0,0.0,1.0
9,120,8.590086885483888,5.614944441507112,0.0,1.0,0.0,1.0,0.0,1.0
10,120,0.6569819205976344,0.2941211316726562,0.0,0.0,0.0,1.0,0.0,1.0
11,120,4.104746273896854,12.0,0.0,0.0,0.0,0.0,0.0,0.0
12,120,2.497246533838047,8.12758888816633,1.0,0.0,1.0,0.0,0.0,1.0
13,120,7.102472626947689,10.085463241231007,0.0,0.0,0.0,1.0,1.0,0.0
14,120,9.380770379175171,0.3247619837194804,1.0,0.0,0.0,1.0,1.0,0.0
15,120,5.777363610715925,3.709712337337337,0.0,0.0,0.0,0.0,0.0,0.0
16,120,10.625059862092405,0.0083811045992435,1.0,1.0,0.0,0.0,0.0,0.0
17,120,3.274019330576817,10.051460897470308,0.0,1.0,0.0,1.0,0.0,1.0
18,120,12.0,5.877242089162152,0.0,0.0,1.0,0.0,1.0,0.0
19,120,8.99083954879161,8.450528945249967,0.0,0.0,1.0,0.0,1.0,0.0
0,125,3.8363463690374138,6.2802900768520455,1.0,1.0,0.0,0.0,1.0,0.0
1,125,2.349959741080737,3.4326646371794496,1.0,0.0,0.0,0.0,1.0,1.0
2,125,3.9476516694078994,9.242723753668248,0.0,0.0,0.0,0.0,0.0,1.0
3,125,11.933824811124891,11.970837991246189,0.0,0.0,0.0,0.0,0.0,0.0
4,125,5.084902686730072,0.5590447855557471,0.0,0.0,1.0,1.0,1.0,0.0
5,125,6.563669942578182,1.34575808529893,1.0,1.0,0.0,0.0,0.0,1.0
6,125,10.210609292838203,9.944088197847188,1.0,1.0,1.0,1.0,0.0,1.0
7,125,1.7134374244947068,4.87785474452267,0.0,0.0,1.0,0.0,1.0,1.0
8,125,10.08251942427272,12.0,0.0,1.0,0.0,1.0,0.0,1.0
9,125,8.584441297814562,5.652082289360253,0.0,1.0,0.0,1.0,0.0,1.0
10,125,0.6587803194670243,0.297964133547519,0.0,0.0,0.0,1.0,0.0,1.0
11,125,4.036337587929258,12.0,0.0,0.0,0.0,0.0,0.0,0.0
12,125,2.413451961849574,8.076578584866343,1.0,0.0,1.0,0.0,0.0,1.0
13,125,7.123533909339352,10.057862433592998,0.0,0.0,0.0,1.0,1.0,0.0
14,125,9.363132141894042,0.3056228038292207,1.0,0.0,0.0,1.0,1.0,0.0
15,125,5.883295221029309,3.693460001689269,0.0,0.0,0.0,0.0,0.0,0.0
16,125,10.61827491738228,0.0115033165923152,1.0,1.0,0.0,0.0,0.0,0.0
17,125,3.2409029706678054,10.14981094187045,0.0,1.0,0.0,1.0,0.0,1.0
18,125,12.0,5.818252173632398,0.0,0.0,1.0,0.0,1.0,0.0
19,125,9.066200417623548,8.499059119421764,0.0,0.0,1.0,0.0,1.0,0.0
0,130,3.928089670764584,6.120933981647714,1.0,1.0,0.0,0.0,1.0,0.0
1,130,2.34162332329538,3.435482710796294,1.0,0.0,0.0,0.0,1.0,1.0
2,130,3.936092682081138,9.181706011494354,0.0,0.0,0.0,0.0,0.0,1.0
3,130,11.934376470145956,11.971076080837436,0.0,0.0,0.0,0.0,0.0,0.0
4,130,5.084834622391648,0.5590137140325588,0.0,0.0,1.0,1.0,1.0,0.0
5,130,6.596259608701665,1.2605964348768377,1.0,1.0,0.0,0.0,0.0,1.0
6,130,10.203103470557348,9.907409717779824,1.0,1.0,1.0,1.0,0.0,1.0
7,130,1.7657593755542718,4.891185905554142,0.0,0.0,1.0,0.0,1.0,1.0
8,130,10.180609890552583,12.0,0.0,1.0,0.0,1.0,0.0,1.0
9,130,8.577688070714233,5.694671320671408,0.0,1.0,0.0,1.0,0.0,1.0
10,130,0.6557511948056086,0.2918502284670075,0.0,0.0,0.0,1.0,0.0,1.0
11,130,3.9800570006773657,12.0,0.0,0.0,0.0,0.0,0.0,0.0
12,130,2.3464407186010003,8.034633234376932,1.0,0.0,1.0,0.0,0.0,1.0
13,130,7.146151651070019,10.028948516402108,0.0,0.0,0.0,1.0,1.0,0.0
14,130,9.3479068260459,0.2902690445896336,1.0,0.0,0.0,1.0,1.0,0.0
15,130,5.990824584319503,3.67682375461062,0.0,0.0,0.0,0.0,0.0,0.0
16,130,10.59314283637156,0.0216639054140607,1.0,1.0,0.0,0.0,0.0,0.0
17,130,3.3515437173957263,10.182196159965166,0.0,1.0,0.0,1.0,0.0,1.0
18,130,12.0,5.768149814627284,0.0,0.0,1.0,0.0,1.0,0.0
19,130,9.133911124960155,8.539465564935071,0.0,0.0,1.0,0.0,1.0,0.0
0,135,4.013074597059184,5.971826980460063,1.0,1.0,0.0,0.0,1.0,0.0
1,135,2.2975911160253024,3.4494462210645165,1.0,0.0,0.0,0.0,1.0,1.0
2,135,3.920863849446764,9.097657825665603,0.0,0.0,0.0,0.0,0.0,1.0
3,135,11.949617231001309,11.977012846544888,0.0,0.0,0.0,0.0,0.0,0.0
4,135,5.076557993834732,0.5554158381337548,0.0,0.0,1.0,1.0,1.0,0.0
5,135,6.635574862832659,1.1577083779160726,1.0,1.0,0.0,0.0,0.0,1.0
6,135,10.197463852583224,9.881387101816152,1.0,1.0,1.0,1.0,0.0,1.0
7,135,1.8148665773961885,4.9048079312707005,0.0,0.0,1.0,0.0,1.0,1.0
8,135,10.282622363244752,12.0,0.0,1.0,0.0,1.0,0.0,1.0
9,135,8.575023072702285,5.7130408330483,0.0,1.0,0.0,1.0,0.0,1.0
10,135,0.6527990887476842,0.2860894934834965,0.0,0.0,0.0,1.0,0.0,1.0
11,135,3.9228022803437166,12.0,0.0,0.0,0.0,0.0,0.0,0.0
12,135,2.255478852417081,7.979212818326141,1.0,0.0,1.0,0.0,0.0,1.0
13,135,7.161433898993659,10.009666115940671,0.0,0.0,0.0,1.0,1.0,0.0
14,135,9.316579896207736,0.2597595414334573,1.0,0.0,0.0,1.0,1.0,0.0
15,135,6.0948905697358295,3.661765145795508,0.0,0.0,0.0,0.0,0.0,0.0
16,135,10.572705775165216,0.029195307718931,1.0,1.0,0.0,0.0,0.0,0.0
17,135,3.4565223865425168,10.21512853779758,0.0,1.0,0.0,1.0,0.0,1.0
18,135,12.0,5.729785757300503,0.0,0.0,1.0,0.0,1.0,0.0
19,135,9.215226747522456,8.586954283180745,0.0,0.0,1.0,0.0,1.0,0.0
0,140,4.094315051125385,5.824818798414718,1.0,1.0,0.0,0.0,1.0,0.0
1,140,2.263813823288697,3.4592791245377974,1.0,0.0,0.0,0.0,1.0,1.0
2,140,3.904550802929417,9.014608035358236,0.0,0.0,0.0,0.0,0.0,1.0
3,140,11.95948128704339,11.980839656632629,0.0,0.0,0.0,0.0,0.0,0.0
4,140,5.073045239412355,0.5537868361861056,0.0,0.0,1.0,1.0,1.0,0.0
5,140,6.675892663385277,1.053083344751636,1.0,1.0,0.0,0.0,0.0,1.0
6,140,10.188108461099484,9.829520851528777,1.0,1.0,1.0,1.0,0.0,1.0
7,140,1.8730409360321816,4.920265245971321,0.0,0.0,1.0,0.0,1.0,1.0
8,140,10.394607357591632,12.0,0.0,1.0,0.0,1.0,0.0,1.0
9,140,8.57467624293312,5.715834500372195,0.0,1.0,0.0,1.0,0.0,1.0
10,140,0.6428089220459849,0.2665735249480019,0.0,0.0,0.0,1.0,0.0,1.0
11,140,3.854038748324468,12.0,0.0,0.0,0.0,0.0,0.0,0.0
12,140,2.1788088247554143,7.933161731598005,1.0,0.0,1.0,0.0,0.0,1.0
13,140,7.1926736342070985,9.969628444423744,0.0,0.0,0.0,1.0,1.0,0.0
14,140,9.28912119661377,0.2322432515497439,1.0,0.0,0.0,1.0,1.0,0.0
15,140,6.196771591073859,3.647075646512585,0.0,0.0,0.0,0.0,0.0,0.0
16,140,10.54604975106212,0.0384843036360575,1.0,1.0,0.0,0.0,0.0,0.0
17,140,3.5633461722397017,10.247647205842185,0.0,1.0,0.0,1.0,0.0,1.0
18,140,12.0,5.696885936766609,0.0,0.0,1.0,0.0,1.0,0.0
19,140,9.294640194051537,8.629740069999112,0.0,0.0,1.0,0.0,1.0,0.0
0,145,4.173909408014274,5.682228700879583,1.0,1.0,0.0,0.0,1.0,0.0
1,145,2.222002876877077,3.4707293996474573,1.0,0.0,0.0,0.0,1.0,1.0
2,145,3.883860496134972,8.921877946269353,0.0,0.0,0.0,0.0,0.0,1.0
3,145,11.958132820760806,11.98031498181874,0.0,0.0,0.0,0.0,0.0,0.0
4,145,5.063414436145549,0.5489784487017535,0.0,0.0,1.0,1.0,1.0,0.0
5,145,6.713388446176486,0.9596525279265268,1.0,1.0,0.0,0.0,0.0,1.0
6,145,10.181964465276163,9.79092222277763,1.0,1.0,1.0,1.0,0.0,1.0
7,145,1.951516170988912,4.941403925681045,0.0,0.0,1.0,0.0,1.0,1.0
8,145,10.500269561555513,12.0,0.0,1.0,0.0,1.0,0.0,1.0
9,145,8.573629660939458,5.722569725095104,0.0,1.0,0.0,1.0,0.0,1.0
10,145,0.6272928140500621,0.2368902372687802,0.0,0.0,0.0,1.0,0.0,1.0
11,145,3.791309509523269,12.0,0.0,0.0,0.0,0.0,0.0,0.0
12,145,2.078141793103146,7.872493745824645,1.0,0.0,1.0,0.0,0.0,1.0
13,145,7.225951519102836,9.927854074390114,0.0,0.0,0.0,1.0,1.0,0.0
14,145,9.256806488100157,0.2013171999119707,1.0,0.0,0.0,1.0,1.0,0.0
15,145,6.2937037618311615,3.630708839842189,0.0,0.0,0.0,0.0,0.0,0.0
16,145,10.517517562087193,0.0482929570186401,1.0,1.0,0.0,0.0,0.0,0.0
17,145,3.678792454977985,10.28312626754756,0.0,1.0,0.0,1.0,0.0,1.0
18,145,12.0,5.659158834563009,0.0,0.0,1.0,0.0,1.0,0.0
19,145,9.355297516949026,8.66451139731988,0.0,0.0,1.0,0.0,1.0,0.0
0,150,4.24845940753591,5.532840909247631,1.0,1.0,0.0,0.0,1.0,0.0
1,150,2.200164069000893,3.476755429676315,1.0,0.0,0.0,0.0,1.0,1.0
2,150,3.865246506227684,8.843898475286084,0.0,0.0,0.0,0.0,0.0,1.0
3,150,11.976662391984586,11.987748911604932,0.0,0.0,0.0,0.0,0.0,0.0
4,150,5.050040264501508,0.5418919797050948,0.0,0.0,1.0,1.0,1.0,0.0
5,150,6.752031879199042,0.8572124174509124,1.0,1.0,0.0,0.0,0.0,1.0
6,150,10.177418839638165,9.761706675893016,1.0,1.0,1.0,1.0,0.0,1.0
7,150,2.034856190065609,4.960357842700359,0.0,0.0,1.0,0.0,1.0,1.0
8,150,10.61337609498822,12.0,0.0,1.0,0.0,1.0,0.0,1.0
9,150,8.571461953818645,5.736756902600885,0.0,1.0,0.0,1.0,0.0,1.0
10,150,0.6117359870130634,0.207156536707186,0.0,0.0,0.0,1.0,0.0,1.0
11,150,3.7299697737987,12.0,0.0,0.0,0.0,0.0,0.0,0.0
12,150,1.9670741994414396,7.804807691919374,1.0,0.0,1.0,0.0,0.0,1.0
13,150,7.262921841805943,9.877328625247644,0.0,0.0,0.0,1.0,1.0,0.0
14,150,9.206373261832145,0.1538466345767961,1.0,0.0,0.0,1.0,1.0,0.0
15,150,6.388726323642795,3.61676022120943,0.0,0.0,0.0,0.0,0.0,0.0
16,150,10.504881593141164,0.0526103558207207,1.0,1.0,0.0,0.0,0.0,0.0
17,150,3.798819598447502,10.316252805661456,0.0,1.0,0.0,1.0,0.0,1.0
18,150,12.0,5.613772479985807,0.0,0.0,1.0,0.0,1.0,0.0
19,150,9.427816379025726,8.706231770002766,0.0,0.0,1.0,0.0,1.0,0.0
0,155,4.324138788608017,5.384395767325421,1.0,1.0,0.0,0.0,1.0,0.0
1,155,2.1934846947621867,3.478741159149428,1.0,0.0,0.0,0.0,1.0,1.0
2,155,3.841428701188993,8.744055123266776,0.0,0.0,0.0,0.0,0.0,1.0
3,155,11.994465416428536,11.99436942243491,0.0,0.0,0.0,0.0,0.0,0.0
4,155,5.048124755975655,0.5408913043021993,0.0,0.0,1.0,1.0,1.0,0.0
5,155,6.779994992109559,0.7797730093897636,1.0,1.0,0.0,0.0,0.0,1.0
6,155,10.173871157760956,9.739481877665774,1.0,1.0,1.0,1.0,0.0,1.0
7,155,2.1075108270841487,4.975680899140099,0.0,0.0,1.0,0.0,1.0,1.0
8,155,10.71678939418916,12.0,0.0,1.0,0.0,1.0,0.0,1.0
9,155,8.570270685928202,5.743500389157507,0.0,1.0,0.0,1.0,0.0,1.0
10,155,0.5897802671322173,0.163966776670034,0.0,0.0,0.0,1.0,0.0,1.0
11,155,3.685839456461991,12.0,0.0,0.0,0.0,0.0,0.0,0.0
12,155,1.8486486957856945,7.730625236542265,1.0,0.0,1.0,0.0,0.0,1.0
13,155,7.3008422793051215,9.828128245168202,0.0,0.0,0.0,1.0,1.0,0.0
14,155,9.154300233358352,0.1043440932810672,1.0,0.0,0.0,1.0,1.0,0.0
15,155,6.49949147216654,3.6028114466972787,0.0,0.0,0.0,0.0,0.0,0.0
16,155,10.50842559371854,0.0513611175701707,1.0,1.0,0.0,0.0,0.0,0.0
17,155,3.9306486613031457,10.354658691178823,0.0,1.0,0.0,1.0,0.0,1.0
18,155,12.0,5.5633149125933405,0.0,0.0,1.0,0.0,1.0,0.0
19,155,9.49059855893394,8.744014114941987,0.0,0.0,1.0,0.0,1.0,0.0
0,160,4.404138717266391,5.220398758269671,1.0,1.0,0.0,0.0,1.0,0.0
1,160,2.17814798386982,3.4833058655834277,1.0,0.0,0.0,0.0,1.0,1.0
2,160,3.818116210712031,8.646804911599757,0.0,0.0,0.0,0.0,0.0,1.0
3,160,12.0,12.0,0.0,0.0,0.0,0.0,0.0,0.0
4,160,5.055276791978397,0.5445535078284232,0.0,0.0,1.0,1.0,1.0,0.0
5,160,6.799795928382732,0.726850336831314,1.0,1.0,0.0,0.0,0.0,1.0
6,160,10.16873300391287,9.712894059436277,1.0,1.0,1.0,1.0,0.0,1.0
7,160,2.179709574654382,4.989049763245651,0.0,0.0,1.0,0.0,1.0,1.0
8,160,10.822745589553538,12.0,0.0,1.0,0.0,1.0,0.0,1.0
9,160,8.56956956141946,5.747506035994542,0.0,1.0,0.0,1.0,0.0,1.0
10,160,0.5784358574588704,0.1417081677011905,0.0,0.0,0.0,1.0,0.0,1.0
11,160,3.659505844983657,12.0,0.0,0.0,0.0,0.0,0.0,0.0
12,160,1.7274285047576718,7.653452151417838,1.0,0.0,1.0,0.0,0.0,1.0
13,160,7.3393249306480035,9.77716219542732,0.0,0.0,0.0,1.0,1.0,0.0
14,160,9.109100073797858,0.0587220822679276,1.0,0.0,0.0,1.0,1.0,0.0
15,160,6.626750854469253,3.583524704127464,0.0,0.0,0.0,0.0,0.0,0.0
16,160,10.506699322263255,0.0520042368224396,1.0,1.0,0.0,0.0,0.0,0.0
17,160,4.055853811486017,10.388936984956064,0.0,1.0,0.0,1.0,0.0,1.0
18,160,12.0,5.518530085365707,0.0,0.0,1.0,0.0,1.0,0.0
19,160,9.551150659946227,8.779814746580087,0.0,0.0,1.0,0.0,1.0,0.0
0,165,4.483000498634154,5.063185961040468,1.0,1.0,0.0,0.0,1.0,0.0
1,165,2.150335468374779,3.4912214794404783,1.0,0.0,0.0,0.0,1.0,1.0
2,165,3.793594214761751,8.55040314274648,0.0,0.0,0.0,0.0,0.0,1.0
3,165,12.0,12.0,0.0,0.0,0.0,0.0,0.0,0.0
4,165,5.062556568006902,0.5485571200571485,0.0,0.0,1.0,1.0,1.0,0.0
5,165,6.877921728670872,0.7567347226285708,1.0,1.0,0.0,0.0,0.0,1.0
6,165,10.164207788505006,9.68900833652906,1.0,1.0,1.0,1.0,0.0,1.0
7,165,2.275157250015041,5.005543126217131,0.0,0.0,1.0,0.0,1.0,1.0
8,165,10.921223587661457,12.0,0.0,1.0,0.0,1.0,0.0,1.0
9,165,8.564969755227278,5.778192063823656,0.0,1.0,0.0,1.0,0.0,1.0
10,165,0.5749139364627289,0.1344351316541986,0.0,0.0,0.0,1.0,0.0,1.0
11,165,3.644823021850028,12.0,0.0,0.0,0.0,0.0,0.0,0.0
12,165,1.6087777648003243,7.577422267607019,1.0,0.0,1.0,0.0,0.0,1.0
13,165,7.36423821700026,9.740995317854644,0.0,0.0,0.0,1.0,1.0,0.0
14,165,9.053385656095172,0.0020934264969086,1.0,0.0,0.0,1.0,1.0,0.0
15,165,6.754652833119291,3.565027811657351,0.0,0.0,0.0,0.0,0.0,0.0
16,165,10.502685464905335,0.0534576241447567,1.0,1.0,0.0,0.0,0.0,0.0
17,165,4.203756721146608,10.424792544556167,0.0,1.0,0.0,1.0,0.0,1.0
18,165,12.0,5.4734694434808,0.0,0.0,1.0,0.0,1.0,0.0
19,165,9.6228599160049,8.822847405298196,0.0,0.0,1.0,0.0,1.0,0.0
0,170,4.562515499369214,4.908319157868987,1.0,1.0,0.0,0.0,1.0,0.0
1,170,2.134518051212388,3.4957061021243767,1.0,0.0,0.0,0.0,1.0,1.0
2,170,3.7671223781148937,8.45121771217331,0.0,0.0,0.0,0.0,0.0,1.0
3,170,12.0,12.0,0.0,0.0,0.0,0.0,0.0,0.0
4,170,5.070250786847636,0.5528012985402708,0.0,0.0,1.0,1.0,1.0,0.0
5,170,6.979181767014479,0.7953001726511819,1.0,1.0,0.0,0.0,0.0,1.0
6,170,10.160122863616246,9.66589014952855,1.0,1.0,1.0,1.0,0.0,1.0
7,170,2.382686983809587,5.024204584520415,0.0,0.0,1.0,0.0,1.0,1.0
8,170,11.017737165224654,12.0,0.0,1.0,0.0,1.0,0.0,1.0
9,170,8.561588045024775,5.821418029981262,0.0,1.0,0.0,1.0,0.0,1.0
10,170,0.5744532956758922,0.1334390648077327,0.0,0.0,0.0,1.0,0.0,1.0
11,170,3.631471417320845,12.0,0.0,0.0,0.0,0.0,0.0,0.0
12,170,1.4870934781824692,7.495353251170843,1.0,0.0,1.0,0.0,0.0,1.0
13,170,7.326504251605732,9.713949659454752,0.0,0.0,0.0,1.0,1.0,0.0
14,170,8.997628527505322,0.0,1.0,0.0,0.0,1.0,1.0,0.0
15,170,6.875059843584743,3.547117076404151,0.0,0.0,0.0,0.0,0.0,0.0
16,170,10.483403090244074,0.0598915878049416,1.0,1.0,0.0,0.0,0.0,0.0
17,170,4.356779738348343,10.460170134531367,0.0,1.0,0.0,1.0,0.0,1.0
18,170,12.0,5.421990791631006,0.0,0.0,1.0,0.0,1.0,0.0
19,170,9.718540519768336,8.880737954445001,0.0,0.0,1.0,0.0,1.0,0.0
0,175,4.644846707751046,4.759499933239286,1.0,1.0,0.0,0.0,1.0,0.0
1,175,2.122785509904608,3.499035987748334,1.0,0.0,0.0,0.0,1.0,1.0
2,175,3.7411830008119416,8.356738791428516,0.0,0.0,0.0,0.0,0.0,1.0
3,175,11.988538224686502,11.9958065885813,0.0,0.0,0.0,0.0,0.0,0.0
4,175,5.065998100775026,0.5504722928422197,0.0,0.0,1.0,1.0,1.0,0.0
5,175,7.083318779101508,0.8320552260503764,1.0,1.0,0.0,0.0,0.0,1.0
6,175,10.15854440763405,9.6572700609452,1.0,1.0,1.0,1.0,0.0,1.0
7,175,2.482210017039244,5.0443505842098135,0.0,0.0,1.0,0.0,1.0,1.0
8,175,11.12815624399246,12.0,0.0,1.0,0.0,1.0,0.0,1.0
9,175,8.556665293486482,5.869597488259544,0.0,1.0,0.0,1.0,0.0,1.0
10,175,0.5630841963238609,0.107317093263555,0.0,0.0,0.0,1.0,0.0,1.0
11,175,3.617007550135706,12.0,0.0,0.0,0.0,0.0,0.0,0.0
12,175,1.3505608560724411,7.4037311750194705,1.0,0.0,1.0,0.0,0.0,1.0
13,175,7.29677443858223,9.692898811800893,0.0,0.0,0.0,1.0,1.0,0.0
14,175,8.935252025201109,0.0,1.0,0.0,0.0,1.0,1.0,0.0
15,175,7.013827096266175,3.524769296190448,0.0,0.0,0.0,0.0,0.0,0.0
16,175,10.477951436302437,0.0618511031458876,1.0,1.0,0.0,0.0,0.0,0.0
17,175,4.511687611976981,10.49852112464619,0.0,1.0,0.0,1.0,0.0,1.0
18,175,12.0,5.388818503517103,0.0,0.0,1.0,0.0,1.0,0.0
19,175,9.810559832415963,8.93788140118461,0.0,0.0,1.0,0.0,1.0,0.0
0,180,4.726297419268568,4.597016769169063,1.0,1.0,0.0,0.0,1.0,0.0
1,180,2.1110739075513982,3.502169935281612,1.0,0.0,0.0,0.0,1.0,1.0
2,180,3.716117491290056,8.260496733470145,0.0,0.0,0.0,0.0,0.0,1.0
3,180,11.98322612882058,11.993680258721724,0.0,0.0,0.0,0.0,0.0,0.0
4,180,5.073767589870442,0.5548395446319394,0.0,0.0,1.0,1.0,1.0,0.0
5,180,7.188001619097102,0.8696972402937875,1.0,1.0,0.0,0.0,0.0,1.0
6,180,10.156853768676491,9.647083092908812,1.0,1.0,1.0,1.0,0.0,1.0
7,180,2.6066493779724214,5.070546516027331,0.0,0.0,1.0,0.0,1.0,1.0
8,180,11.23068112923945,12.0,0.0,1.0,0.0,1.0,0.0,1.0
9,180,8.551097932199939,5.91861898439924,0.0,1.0,0.0,1.0,0.0,1.0
10,180,0.5473267277630478,0.0722426997795078,0.0,0.0,0.0,1.0,0.0,1.0
11,180,3.593445470348886,12.0,0.0,0.0,0.0,0.0,0.0,0.0
12,180,1.214909129378156,7.310611333923956,1.0,0.0,1.0,0.0,0.0,1.0
13,180,7.292391519572484,9.690051714871387,0.0,0.0,0.0,1.0,1.0,0.0
14,180,8.891350366996074,0.0,1.0,0.0,0.0,1.0,1.0,0.0
15,180,7.1442609739599146,3.5044672632197305,0.0,0.0,0.0,0.0,0.0,0.0
16,180,10.46692914052612,0.0656843995235641,1.0,1.0,0.0,0.0,0.0,0.0
17,180,4.676377833606096,10.539284678700922,0.0,1.0,0.0,1.0,0.0,1.0
18,180,12.0,5.365086511595326,0.0,0.0,1.0,0.0,1.0,0.0
19,180,9.887843125718195,8.989272404083964,0.0,0.0,1.0,0.0,1.0,0.0
0,185,4.813567162850068,4.430415125950708,1.0,1.0,0.0,0.0,1.0,0.0
1,185,2.1047453908899283,3.503915809465962,1.0,0.0,0.0,0.0,1.0,1.0
2,185,3.6917608096073313,8.153397521201155,0.0,0.0,0.0,0.0,0.0,1.0
3,185,11.969916870529142,11.988530231039077,0.0,0.0,0.0,0.0,0.0,0.0
4,185,5.095530514849339,0.566730257139108,0.0,0.0,1.0,1.0,1.0,0.0
5,185,7.290466879861459,0.9061985719938468,1.0,1.0,0.0,0.0,0.0,1.0
6,185,10.15450813300732,9.632167874001649,1.0,1.0,1.0,1.0,0.0,1.0
7,185,2.719390366817916,5.094209000193765,0.0,0.0,1.0,0.0,1.0,1.0
8,185,11.337410233187734,12.0,0.0,1.0,0.0,1.0,0.0,1.0
9,185,8.545913045354537,5.96758770971314,0.0,1.0,0.0,1.0,0.0,1.0
10,185,0.5364099861070957,0.0490547634777664,0.0,0.0,0.0,1.0,0.0,1.0
11,185,3.570301215007052,12.0,0.0,0.0,0.0,0.0,0.0,0.0
12,185,1.0719519337358965,7.218003218659384,1.0,0.0,1.0,0.0,0.0,1.0
13,185,7.292033284506933,9.689812056418276,0.0,0.0,0.0,1.0,1.0,0.0
14,185,8.828268137196247,0.0,1.0,0.0,0.0,1.0,1.0,0.0
15,185,7.269276743454068,3.481921689574744,0.0,0.0,0.0,0.0,0.0,0.0
16,185,10.453672966584694,0.0708947204836425,1.0,1.0,0.0,0.0,0.0,0.0
17,185,4.8573936604776415,10.58927296015817,0.0,1.0,0.0,1.0,0.0,1.0
18,185,12.0,5.336434670354133,0.0,0.0,1.0,0.0,1.0,0.0
19,185,9.954891010206191,9.03350591957483,0.0,0.0,1.0,0.0,1.0,0.0
0,190,4.638400962822285,4.333310096716075,1.0,1.0,0.0,0.0,1.0,0.0
1,190,2.112715167326575,3.501618812113965,1.0,0.0,0.0,0.0,1.0,1.0
2,190,3.671695870195793,8.060543319365314,0.0,0.0,0.0,0.0,0.0,1.0
3,190,11.972083774366656,11.989383835531983,0.0,0.0,0.0,0.0,0.0,0.0
4,190,5.1290995969197,0.5853955383876625,0.0,0.0,1.0,1.0,1.0,0.0
5,190,7.4174344845143505,0.9493888361827604,1.0,1.0,0.0,0.0,0.0,1.0
6,190,10.153684236248768,9.625872850305791,1.0,1.0,1.0,1.0,0.0,1.0
7,190,2.832779128888778,5.114817318966221,0.0,0.0,1.0,0.0,1.0,1.0
8,190,11.433364677114437,12.0,0.0,1.0,0.0,1.0,0.0,1.0
9,190,8.537725679914583,6.037007694109309,0.0,1.0,0.0,1.0,0.0,1.0
10,190,0.5303117631780072,0.035646406554101,0.0,0.0,0.0,1.0,0.0,1.0
11,190,3.545137129643589,12.0,0.0,0.0,0.0,0.0,0.0,0.0
12,190,0.9258741020975596,7.125125370405883,1.0,0.0,1.0,0.0,0.0,1.0
13,190,7.301501112212004,9.69654044084974,0.0,0.0,0.0,1.0,1.0,0.0
14,190,8.751039179211851,0.0,1.0,0.0,0.0,1.0,1.0,0.0
15,190,7.287464338210755,3.611573521015569,0.0,0.0,0.0,0.0,0.0,0.0
16,190,10.458838044611232,0.0689488587439754,1.0,1.0,0.0,0.0,0.0,0.0
17,190,5.044080228657713,10.641706957094248,0.0,1.0,0.0,1.0,0.0,1.0
18,190,12.0,5.322749020662128,0.0,0.0,1.0,0.0,1.0,0.0
19,190,10.01814925954414,9.072780014839832,0.0,0.0,1.0,0.0,1.0,0.0
0,195,4.469375793039223,4.238286584003694,1.0,1.0,0.0,0.0,1.0,0.0
1,195,2.0951589046443884,3.5062731843449586,1.0,0.0,0.0,0.0,1.0,1.0
2,195,3.6529289464293546,7.977305049107248,0.0,0.0,0.0,0.0,0.0,1.0
3,195,11.993095877328576,11.997785786673967,0.0,0.0,0.0,0.0,0.0,0.0
4,195,5.16416917805211,0.605654624317105,0.0,0.0,1.0,1.0,1.0,0.0
5,195,7.519192501615558,0.9843153441853691,1.0,1.0,0.0,0.0,0.0,1.0
6,195,10.153240529720604,9.622136806340237,1.0,1.0,1.0,1.0,0.0,1.0
7,195,2.943717189235024,5.134370585842399,0.0,0.0,1.0,0.0,1.0,1.0
8,195,11.5282617835344,12.0,0.0,1.0,0.0,1.0,0.0,1.0
9,195,8.531456387809136,6.086000499174794,0.0,1.0,0.0,1.0,0.0,1.0
10,195,0.5256546899377682,0.0254896464397757,0.0,0.0,0.0,1.0,0.0,1.0
11,195,3.546217750098703,11.99883906515396,0.0,0.0,0.0,0.0,0.0,0.0
12,195,0.8002898915771544,7.037904196981877,1.0,0.0,1.0,0.0,0.0,1.0
13,195,7.317776894916713,9.707950637601924,0.0,0.0,0.0,1.0,1.0,0.0
14,195,8.650714049979412,0.0,1.0,0.0,0.0,1.0,1.0,0.0
15,195,7.30275817542886,3.7318345899091936,0.0,0.0,0.0,0.0,0.0,0.0
16,195,10.459668022948618,0.0686410968394636,1.0,1.0,0.0,0.0,0.0,0.0
17,195,5.222796528216228,10.68751090135095,0.0,1.0,0.0,1.0,0.0,1.0
18,195,12.0,5.290087451286909,0.0,0.0,1.0,0.0,1.0,0.0
19,195,10.085230243801586,9.116740771020162,0.0,0.0,1.0,0.0,1.0,0.0
0,200,4.30158639442052,4.139963376311726,1.0,1.0,0.0,0.0,1.0,0.0
1,200,2.0923770911233768,3.506951518971941,1.0,0.0,0.0,0.0,1.0,1.0
2,200,3.639436841850288,7.9109851782466,0.0,0.0,0.0,0.0,0.0,1.0
3,200,12.0,12.0,0.0,0.0,0.0,0.0,0.0,0.0
4,200,5.186647560567049,0.6186168154664918,0.0,0.0,1.0,1.0,1.0,0.0
5,200,7.603119373385935,1.012178955808087,1.0,1.0,0.0,0.0,0.0,1.0
6,200,10.15205315969424,9.61023355157566,1.0,1.0,1.0,1.0,0.0,1.0
7,200,3.0761927356047414,5.1583890409213256,0.0,0.0,1.0,0.0,1.0,1.0
8,200,11.626148317076897,12.0,0.0,1.0,0.0,1.0,0.0,1.0
9,200,8.526083928868525,6.126428398034503,0.0,1.0,0.0,1.0,0.0,1.0
10,200,0.5142094674092024,0.0004878435367153,0.0,0.0,0.0,1.0,0.0,1.0
11,200,3.554811673586092,12.0,0.0,0.0,0.0,0.0,0.0,0.0
12,200,0.645101033954403,6.933835292985422,1.0,0.0,1.0,0.0,0.0,1.0
13,200,7.3491320078689535,9.73039447437999,0.0,0.0,0.0,1.0,1.0,0.0
14,200,8.549695248348604,0.0934779206280458,1.0,0.0,0.0,1.0,1.0,0.0
15,200,7.321148019407115,3.869414506900337,0.0,0.0,0.0,0.0,0.0,0.0
16,200,10.429534504890333,0.08030358274783,1.0,1.0,0.0,0.0,0.0,0.0
17,200,5.382740022870345,10.73020917573434,0.0,1.0,0.0,1.0,0.0,1.0
18,200,12.0,5.2469833147059175,0.0,0.0,1.0,0.0,1.0,0.0
19,200,10.038267453139197,9.186826979772222,0.0,0.0,1.0,0.0,1.0,0.0
0,205,4.13870212618311,4.039457329381913,1.0,1.0,0.0,0.0,1.0,0.0
1,205,2.078559978976882,3.510174951992066,1.0,0.0,0.0,0.0,1.0,1.0
2,205,3.628879723077855,7.862308597761339,0.0,0.0,0.0,0.0,0.0,1.0
3,205,12.0,12.0,0.0,0.0,0.0,0.0,0.0,0.0
4,205,5.215872639021269,0.6351710537740611,0.0,0.0,1.0,1.0,1.0,0.0
5,205,7.6913116360770895,1.0404141612615994,1.0,1.0,0.0,0.0,0.0,1.0
6,205,10.150895424631647,9.598619882583408,1.0,1.0,1.0,1.0,0.0,1.0
7,205,3.2123461497287864,5.182204609815135,0.0,0.0,1.0,0.0,1.0,1.0
8,205,11.742874443915804,12.0,0.0,1.0,0.0,1.0,0.0,1.0
9,205,8.519539624537892,6.176901375020311,0.0,1.0,0.0,1.0,0.0,1.0
10,205,0.5018962924801617,0.0,0.0,0.0,0.0,1.0,0.0,1.0
11,205,3.5525723677807552,11.99785078662506,0.0,0.0,0.0,0.0,0.0,0.0
12,205,0.4959238883380754,6.831960152381837,1.0,0.0,1.0,0.0,0.0,1.0
13,205,7.386850096794416,9.755879648796226,0.0,0.0,0.0,1.0,1.0,0.0
14,205,8.45973271169998,0.1762057650263765,1.0,0.0,0.0,1.0,1.0,0.0
15,205,7.341174768585385,4.032537029000381,0.0,0.0,0.0,0.0,0.0,0.0
16,205,10.397247330744325,0.0937492125011104,1.0,1.0,0.0,0.0,0.0,0.0
17,205,5.540697138924377,10.77347319298811,0.0,1.0,0.0,1.0,0.0,1.0
18,205,12.0,5.195819918007809,0.0,0.0,1.0,0.0,1.0,0.0
19,205,9.989429844126938,9.256751763349172,0.0,0.0,1.0,0.0,1.0,0.0
0,210,3.9826563257702574,3.945692542411068,1.0,1.0,0.0,0.0,1.0,0.0
1,210,2.085532270565336,3.508339075575906,1.0,0.0,0.0,0.0,1.0,1.0
2,210,3.611027211088521,7.786954905962661,0.0,0.0,0.0,0.0,0.0,1.0
3,210,12.0,12.0,0.0,0.0,0.0,0.0,0.0,0.0
4,210,5.2454503529999,0.6517919068715877,0.0,0.0,1.0,1.0,1.0,0.0
5,210,7.787670841073469,1.0728507436890904,1.0,1.0,0.0,0.0,0.0,1.0
6,210,10.150984562655545,9.59931036412131,1.0,1.0,1.0,1.0,0.0,1.0
7,210,3.365514509170268,5.203380516849093,0.0,0.0,1.0,0.0,1.0,1.0
8,210,11.86639952941367,12.0,0.0,1.0,0.0,1.0,0.0,1.0
9,210,8.511160612207368,6.2382403225134055,0.0,1.0,0.0,1.0,0.0,1.0
10,210,0.4851044337374035,0.0,0.0,0.0,0.0,1.0,0.0,1.0
11,210,3.547209374283078,11.99273576780578,0.0,0.0,0.0,0.0,0.0,0.0
12,210,0.3244934904130141,6.717805934322166,1.0,0.0,1.0,0.0,0.0,1.0
13,210,7.418351028011197,9.778082196380243,0.0,0.0,0.0,1.0,1.0,0.0
14,210,8.36973005407596,0.260126197217879,1.0,0.0,0.0,1.0,1.0,0.0
15,210,7.363475489861809,4.200821490324881,0.0,0.0,0.0,0.0,0.0,0.0
16,210,10.357409037504269,0.1102244487934853,1.0,1.0,0.0,0.0,0.0,0.0
17,210,5.699665648597005,10.81947097506078,0.0,1.0,0.0,1.0,0.0,1.0
18,210,12.0,5.128150726277899,0.0,0.0,1.0,0.0,1.0,0.0
19,210,9.93834775084182,9.328636736730394,0.0,0.0,1.0,0.0,1.0,0.0
0,215,3.84313377083906,3.862797106176749,1.0,1.0,0.0,0.0,1.0,0.0
1,215,2.093601670744417,3.506130125434721,1.0,0.0,0.0,0.0,1.0,1.0
2,215,3.593593992136224,7.709445896014875,0.0,0.0,0.0,0.0,0.0,1.0
3,215,12.0,12.0,0.0,0.0,0.0,0.0,0.0,0.0
4,215,5.278629514593636,0.6703594781997241,0.0,0.0,1.0,1.0,1.0,0.0
5,215,7.88441785488553,1.1031690036101998,1.0,1.0,0.0,0.0,0.0,1.0
6,215,10.15037476858646,9.595458068813429,1.0,1.0,1.0,1.0,0.0,1.0
7,215,3.507461838541188,5.222507792652246,0.0,0.0,1.0,0.0,1.0,1.0
8,215,11.989588881185698,12.0,0.0,1.0,0.0,1.0,0.0,1.0
9,215,8.506008805535597,6.288844235788531,0.0,1.0,0.0,1.0,0.0,1.0
10,215,0.4691535352079826,0.0,0.0,0.0,0.0,1.0,0.0,1.0
11,215,3.536020693168081,11.982990841428968,0.0,0.0,0.0,0.0,0.0,0.0
12,215,0.1545260491013305,6.60906230376072,1.0,0.0,1.0,0.0,0.0,1.0
13,215,7.46000553327417,9.808317432406314,0.0,0.0,0.0,1.0,1.0,0.0
14,215,8.298273985782606,0.324673485115352,1.0,0.0,0.0,1.0,1.0,0.0
15,215,7.38356420310046,4.364076117837053,0.0,0.0,0.0,0.0,0.0,0.0
16,215,10.319262802370533,0.1259110048368568,1.0,1.0,0.0,0.0,0.0,0.0
17,215,5.882763040133599,10.868428026119544,0.0,1.0,0.0,1.0,0.0,1.0
18,215,12.0,5.042471648661172,0.0,0.0,1.0,0.0,1.0,0.0
19,215,9.8969488391889,9.388068860712409,0.0,0.0,1.0,0.0,1.0,0.0
0,220,3.694944319166597,3.773287176709975,1.0,1.0,0.0,0.0,1.0,0.0
1,220,2.114927482892821,3.500402160607507,1.0,0.0,0.0,0.0,1.0,1.0
2,220,3.509157999442831,7.728746412519334,0.0,0.0,0.0,0.0,0.0,1.0
3,220,12.0,12.0,0.0,0.0,0.0,0.0,0.0,0.0
4,220,5.314169897719085,0.6909396013352773,0.0,0.0,1.0,1.0,1.0,0.0
5,220,8.005128735727434,1.1415735720140383,1.0,1.0,0.0,0.0,0.0,1.0
6,220,10.153566898781348,9.616916801899404,1.0,1.0,1.0,1.0,0.0,1.0
7,220,3.666343038566678,5.236558595571626,0.0,0.0,1.0,0.0,1.0,1.0
8,220,12.0,12.0,0.0,1.0,0.0,1.0,0.0,1.0
9,220,8.499066347701046,6.344480709539552,0.0,1.0,0.0,1.0,0.0,1.0
10,220,0.453599068445524,0.0,0.0,0.0,0.0,1.0,0.0,1.0
11,220,3.526304073881841,11.974967857099973,0.0,0.0,0.0,0.0,0.0,0.0
12,220,0.0,6.491573273382796,1.0,0.0,1.0,0.0,0.0,1.0
13,220,7.476748395069221,9.820309358646083,0.0,0.0,0.0,1.0,1.0,0.0
14,220,8.209198129445001,0.4024115945216686,1.0,0.0,0.0,1.0,1.0,0.0
15,220,7.401517380862812,4.538540491159796,0.0,0.0,0.0,0.0,0.0,0.0
16,220,10.261930827391076,0.1477809071534853,1.0,1.0,0.0,0.0,0.0,0.0
17,220,6.05737589819906,10.916681797491457,0.0,1.0,0.0,1.0,0.0,1.0
18,220,12.0,4.962133595722905,0.0,0.0,1.0,0.0,1.0,0.0
19,220,9.853348129358656,9.450085768836834,0.0,0.0,1.0,0.0,1.0,0.0
0,225,3.5369222011470827,3.683992685496847,1.0,1.0,0.0,0.0,1.0,0.0
1,225,2.1516294936935925,3.4904092952618764,1.0,0.0,0.0,0.0,1.0,1.0
2,225,3.439777829289052,7.744405750676016,0.0,0.0,0.0,0.0,0.0,1.0
3,225,12.0,12.0,0.0,0.0,0.0,0.0,0.0,0.0
4,225,5.351998286281697,0.713258719760845,0.0,0.0,1.0,1.0,1.0,0.0
5,225,8.134341078410591,1.1853706487206637,1.0,1.0,0.0,0.0,0.0,1.0
6,225,10.154449356327756,9.623373720427042,1.0,1.0,1.0,1.0,0.0,1.0
7,225,3.824114488559834,5.249589807036305,0.0,0.0,1.0,0.0,1.0,1.0
8,225,12.0,12.0,0.0,1.0,0.0,1.0,0.0,1.0
9,225,8.48812346552711,6.417087894925496,0.0,1.0,0.0,1.0,0.0,1.0
10,225,0.4406609158689978,0.0,0.0,0.0,0.0,1.0,0.0,1.0
11,225,3.5162314420112413,11.966373749292266,0.0,0.0,0.0,0.0,0.0,0.0
12,225,0.0,6.37443915363516,1.0,0.0,1.0,0.0,0.0,1.0
13,225,7.484141040375762,9.825606712122402,0.0,0.0,0.0,1.0,1.0,0.0
14,225,8.105602693117145,0.4893835262798237,1.0,0.0,0.0,1.0,1.0,0.0
15,225,7.417273072109035,4.698356032049719,0.0,0.0,0.0,0.0,0.0,0.0
16,225,10.206427248614617,0.1697057182339207,1.0,1.0,0.0,0.0,0.0,0.0
17,225,6.229246018579997,10.966561138671224,0.0,1.0,0.0,1.0,0.0,1.0
18,225,12.0,4.883251797183798,0.0,0.0,1.0,0.0,1.0,0.0
19,225,9.813449541343898,9.509300287965308,0.0,0.0,1.0,0.0,1.0,0.0
0,230,3.3769832145690417,3.597322852225982,1.0,1.0,0.0,0.0,1.0,0.0
1,230,2.18770896613226,3.4813326409227163,1.0,0.0,0.0,0.0,1.0,1.0
2,230,3.396541823885013,7.753816773302927,0.0,0.0,0.0,0.0,0.0,1.0
3,230,12.0,12.0,0.0,0.0,0.0,0.0,0.0,0.0
4,230,5.387362813775643,0.7344307604775533,0.0,0.0,1.0,1.0,1.0,0.0
5,230,8.280504234478363,1.2331445751098389,1.0,1.0,0.0,0.0,0.0,1.0
6,230,10.156603629410986,9.642069194087364,1.0,1.0,1.0,1.0,0.0,1.0
7,230,3.995619423679445,5.260428851167405,0.0,0.0,1.0,0.0,1.0,1.0
8,230,12.0,12.0,0.0,1.0,0.0,1.0,0.0,1.0
9,230,8.475207545996973,6.502521812153738,0.0,1.0,0.0,1.0,0.0,1.0
10,230,0.4359412096255637,0.0,0.0,0.0,0.0,1.0,0.0,1.0
11,230,3.502658781528436,11.954787968637978,0.0,0.0,0.0,0.0,0.0,0.0
12,230,0.0,6.253110747548943,1.0,0.0,1.0,0.0,0.0,1.0
13,230,7.493642720732798,9.83251054739659,0.0,0.0,0.0,1.0,1.0,0.0
14,230,7.97694998955593,0.6015420926500037,1.0,0.0,0.0,1.0,1.0,0.0
15,230,7.437825281151346,4.871890043227782,0.0,0.0,0.0,0.0,0.0,0.0
16,230,10.158295381755003,0.1897815508909713,1.0,1.0,0.0,0.0,0.0,0.0
17,230,6.402389173291091,11.020076247440382,0.0,1.0,0.0,1.0,0.0,1.0
18,230,12.0,4.787265535960483,0.0,0.0,1.0,0.0,1.0,0.0
19,230,9.774691663176656,9.570434747398856,0.0,0.0,1.0,0.0,1.0,0.0
0,235,3.223494070401009,3.5147359809546503,1.0,1.0,0.0,0.0,1.0,0.0
1,235,2.2097108684697893,3.475383237758418,1.0,0.0,0.0,0.0,1.0,1.0
2,235,3.348939084711935,7.76339810362464,0.0,0.0,0.0,0.0,0.0,1.0
3,235,12.0,12.0,0.0,0.0,0.0,0.0,0.0,0.0
4,235,5.406119047700393,0.746363865909077,0.0,0.0,1.0,1.0,1.0,0.0
5,235,8.439378679188202,1.2831214846545935,1.0,1.0,0.0,0.0,0.0,1.0
6,235,10.161161553005403,9.677853465416916,1.0,1.0,1.0,1.0,0.0,1.0
7,235,4.151781465387102,5.272442847808478,0.0,0.0,1.0,0.0,1.0,1.0
8,235,12.0,12.0,0.0,1.0,0.0,1.0,0.0,1.0
9,235,8.464132236070435,6.574409081243005,0.0,1.0,0.0,1.0,0.0,1.0
10,235,0.4379043762531809,0.003881157228659,0.0,0.0,0.0,1.0,0.0,1.0
11,235,3.5012802392843456,11.953646170565644,0.0,0.0,0.0,0.0,0.0,0.0
12,235,0.0,6.13171118693863,1.0,0.0,1.0,0.0,0.0,1.0
13,235,7.518862853157592,9.849865422228898,0.0,0.0,0.0,1.0,1.0,0.0
14,235,7.835476174787406,0.7234188853781262,1.0,0.0,0.0,1.0,1.0,0.0
15,235,7.455523194760127,5.042599268222375,0.0,0.0,0.0,0.0,0.0,0.0
16,235,10.131023689826634,0.2013999859258385,1.0,1.0,0.0,0.0,0.0,0.0
17,235,6.558921175614173,11.062523203399843,0.0,1.0,0.0,1.0,0.0,1.0
18,235,12.0,4.686320130828301,0.0,0.0,1.0,0.0,1.0,0.0
19,235,9.739166104310424,9.627127533047672,0.0,0.0,1.0,0.0,1.0,0.0
0,240,3.053776139414119,3.4257201192959554,1.0,1.0,0.0,0.0,1.0,0.0
1,240,2.216012410783066,3.473848435089977,1.0,0.0,0.0,0.0,1.0,1.0
2,240,3.320334892338739,7.769498397155922,0.0,0.0,0.0,0.0,0.0,1.0
3,240,12.0,12.0,0.0,0.0,0.0,0.0,0.0,0.0
4,240,5.418580247455862,0.7540846538564016,0.0,0.0,1.0,1.0,1.0,0.0
5,240,8.60531087980505,1.3369397021762628,1.0,1.0,0.0,0.0,0.0,1.0
6,240,10.165033931253484,9.713367533492011,1.0,1.0,1.0,1.0,0.0,1.0
7,240,4.314488573199147,5.286732111861508,0.0,0.0,1.0,0.0,1.0,1.0
8,240,12.0,12.0,0.0,1.0,0.0,1.0,0.0,1.0
9,240,8.455154026793483,6.6518045923927,0.0,1.0,0.0,1.0,0.0,1.0
10,240,0.4405828537076983,0.0091804147459185,0.0,0.0,0.0,1.0,0.0,1.0
11,240,3.4947128194243327,11.948198479578314,0.0,0.0,0.0,0.0,0.0,0.0
12,240,0.0,5.9983299845816,1.0,0.0,1.0,0.0,0.0,1.0
13,240,7.557612621572793,9.876491973951511,0.0,0.0,0.0,1.0,1.0,0.0
14,240,7.692061288089333,0.8481494903482552,1.0,0.0,0.0,1.0,1.0,0.0
15,240,7.47359947164323,5.199226692934657,0.0,0.0,0.0,0.0,0.0,0.0
16,240,10.106405276879078,0.2124261668830926,1.0,1.0,0.0,0.0,0.0,0.0
17,240,6.717479966051693,11.107590775052154,0.0,1.0,0.0,1.0,0.0,1.0
18,240,12.0,4.588817589376945,0.0,0.0,1.0,0.0,1.0,0.0
19,240,9.707535888673124,9.680591457439265,0.0,0.0,1.0,0.0,1.0,0.0
0,245,2.891852167314205,3.3364104372315446,1.0,1.0,0.0,0.0,1.0,0.0
1,245,2.218177285003874,3.473332956497876,1.0,0.0,0.0,0.0,1.0,1.0
2,245,3.2804956103071703,7.778013314040181,0.0,0.0,0.0,0.0,0.0,1.0
3,245,12.0,12.0,0.0,0.0,0.0,0.0,0.0,0.0
4,245,5.424615355220574,0.7580081378401887,0.0,0.0,1.0,1.0,1.0,0.0
5,245,8.789426720601632,1.3897870457126646,1.0,1.0,0.0,0.0,0.0,1.0
6,245,10.170650522084143,9.761639065215894,1.0,1.0,1.0,1.0,0.0,1.0
7,245,4.479523240946963,5.304051891557616,0.0,0.0,1.0,0.0,1.0,1.0
8,245,12.0,12.0,0.0,1.0,0.0,1.0,0.0,1.0
9,245,8.446560241109845,6.716880533878143,0.0,1.0,0.0,1.0,0.0,1.0
10,245,0.4493524477717322,0.0258903877651326,0.0,0.0,0.0,1.0,0.0,1.0
11,245,3.47541482531934,11.932155830427114,0.0,0.0,0.0,0.0,0.0,0.0
12,245,0.0,5.876467183541305,1.0,0.0,1.0,0.0,0.0,1.0
13,245,7.605252397851217,9.907809756846712,0.0,0.0,0.0,1.0,1.0,0.0
14,245,7.5476952328882065,0.970763288968562,1.0,0.0,0.0,1.0,1.0,0.0
15,245,7.491649075981962,5.341323804459511,0.0,0.0,0.0,0.0,0.0,0.0
16,245,10.093639262074552,0.2177735320850969,1.0,1.0,0.0,0.0,0.0,0.0
17,245,6.869813229973109,11.152520756788212,0.0,1.0,0.0,1.0,0.0,1.0
18,245,12.0,4.484831209887706,0.0,0.0,1.0,0.0,1.0,0.0
19,245,9.678511200830634,9.729745415997185,0.0,0.0,1.0,0.0,1.0,0.0
0,250,2.7327210913254265,3.2490933913370585,1.0,1.0,0.0,0.0,1.0,0.0
1,250,2.2307120041657718,3.4697374113803114,1.0,0.0,0.0,0.0,1.0,1.0
2,250,3.223546367308435,7.791040529546963,0.0,0.0,0.0,0.0,0.0,1.0
3,250,12.0,12.0,0.0,0.0,0.0,0.0,0.0,0.0
4,250,5.446281419781314,0.7726406618922197,0.0,0.0,1.0,1.0,1.0,0.0
5,250,8.962063624754286,1.4406843338626245,1.0,1.0,0.0,0.0,0.0,1.0
6,250,10.177443599567413,9.817801390180891,1.0,1.0,1.0,1.0,0.0,1.0
7,250,4.649197188677164,5.324671857693499,0.0,0.0,1.0,0.0,1.0,1.0
8,250,12.0,12.0,0.0,1.0,0.0,1.0,0.0,1.0
9,250,8.438653732308346,6.782909847217916,0.0,1.0,0.0,1.0,0.0,1.0
10,250,0.4649792069853105,0.054816274448532,0.0,0.0,0.0,1.0,0.0,1.0
11,250,3.464517838509367,11.946197942943405,0.0,0.0,0.0,0.0,0.0,0.0
12,250,0.0,5.750615590280835,1.0,0.0,1.0,0.0,0.0,1.0
13,250,7.631146868773674,9.869830818038444,0.0,0.0,0.0,1.0,1.0,0.0
14,250,7.398255985898449,1.1011300808302762,1.0,0.0,0.0,1.0,1.0,0.0
15,250,7.509459974649562,5.481695275915102,0.0,0.0,0.0,0.0,0.0,0.0
16,250,10.092503509739169,0.2181941018881365,1.0,1.0,0.0,0.0,0.0,0.0
17,250,7.029418896995066,11.195570265547818,0.0,1.0,0.0,1.0,0.0,1.0
18,250,12.0,4.375489450931523,0.0,0.0,1.0,0.0,1.0,0.0
19,250,9.652034257217547,9.771336372466488,0.0,0.0,1.0,0.0,1.0,0.0
0,255,2.575126505132592,3.162588925177749,1.0,1.0,0.0,0.0,1.0,0.0
1,255,2.2471187709715608,3.4653157491527717,1.0,0.0,0.0,0.0,1.0,1.0
2,255,3.141904247133036,7.812960429299722,0.0,0.0,0.0,0.0,0.0,1.0
3,255,12.0,12.0,0.0,0.0,0.0,0.0,0.0,0.0
4,255,5.469174770638941,0.7882262825464016,0.0,0.0,1.0,1.0,1.0,0.0
5,255,9.14713945204966,1.493440554582224,1.0,1.0,0.0,0.0,0.0,1.0
6,255,10.184399842521778,9.879971348323224,1.0,1.0,1.0,1.0,0.0,1.0
7,255,4.811938502413389,5.351066741432406,0.0,0.0,1.0,0.0,1.0,1.0
8,255,12.0,12.0,0.0,1.0,0.0,1.0,0.0,1.0
9,255,8.43248623235833,6.840585774328546,0.0,1.0,0.0,1.0,0.0,1.0
10,255,0.483493675058173,0.0900145895895438,0.0,0.0,0.0,1.0,0.0,1.0
11,255,3.4507648344078707,11.963563000334004,0.0,0.0,0.0,0.0,0.0,0.0
12,255,0.0,5.637961964896402,1.0,0.0,1.0,0.0,0.0,1.0
13,255,7.65680791525741,9.831925792409711,0.0,0.0,0.0,1.0,1.0,0.0
14,255,7.23484902734045,1.2449774609664157,1.0,0.0,0.0,1.0,1.0,0.0
15,255,7.532703290566436,5.624893165958754,0.0,0.0,0.0,0.0,0.0,0.0
16,255,10.065787110375018,0.2284855828603636,1.0,1.0,0.0,0.0,0.0,0.0
17,255,7.198773073751463,11.24353813059803,0.0,1.0,0.0,1.0,0.0,1.0
18,255,12.0,4.477973371739672,0.0,0.0,1.0,0.0,1.0,0.0
19,255,9.630087055335736,9.805231620685475,0.0,0.0,1.0,0.0,1.0,0.0
0,260,2.4296659900794078,3.0865448179018142,1.0,1.0,0.0,0.0,1.0,0.0
1,260,2.2705260361635635,3.4590453966054278,1.0,0.0,0.0,0.0,1.0,1.0
2,260,3.0574439741287978,7.833972058842077,0.0,0.0,0.0,0.0,0.0,1.0
3,260,12.0,12.0,0.0,0.0,0.0,0.0,0.0,0.0
4,260,5.492621542875463,0.8051835697557979,0.0,0.0,1.0,1.0,1.0,0.0
5,260,9.331717825906312,1.5444607797771213,1.0,1.0,0.0,0.0,0.0,1.0
6,260,10.192356677433946,9.945880899225273,1.0,1.0,1.0,1.0,0.0,1.0
7,260,4.959538611013816,5.371706485934655,0.0,0.0,1.0,0.0,1.0,1.0
8,260,12.0,12.0,0.0,1.0,0.0,1.0,0.0,1.0
9,260,8.4256698028338,6.906778158096825,0.0,1.0,0.0,1.0,0.0,1.0
10,260,0.4927611140883925,0.107968550923626,0.0,0.0,0.0,1.0,0.0,1.0
11,260,3.436122537437193,11.982178586617833,0.0,0.0,0.0,0.0,0.0,0.0
12,260,0.0,5.52723077273832,1.0,0.0,1.0,0.0,0.0,1.0
13,260,7.684408804985334,9.792046148652242,0.0,0.0,0.0,1.0,1.0,0.0
14,260,7.070940261209821,1.392034886301354,1.0,0.0,0.0,1.0,1.0,0.0
15,260,7.556161937464817,5.762578927861212,0.0,0.0,0.0,0.0,0.0,0.0
16,260,10.021171707953991,0.245418811253227,1.0,1.0,0.0,0.0,0.0,0.0
17,260,7.359334472762341,11.284679469612534,0.0,1.0,0.0,1.0,0.0,1.0
18,260,12.0,4.599278159362435,0.0,0.0,1.0,0.0,1.0,0.0
19,260,9.61243454848269,9.830925820309597,0.0,0.0,1.0,0.0,1.0,0.0
0,265,2.3104098927571552,3.0267850137314376,1.0,1.0,0.0,0.0,1.0,0.0
1,265,2.294311222141572,3.452268874140238,1.0,0.0,0.0,0.0,1.0,1.0
2,265,2.962285109816492,7.856091700744884,0.0,0.0,0.0,0.0,0.0,1.0
3,265,11.9656333260482,12.0,0.0,0.0,0.0,0.0,0.0,0.0
4,265,5.5052681489209006,0.8148479904707622,0.0,0.0,1.0,1.0,1.0,0.0
5,265,9.509377760085728,1.599496077734765,1.0,1.0,0.0,0.0,0.0,1.0
6,265,10.291518750728075,9.931354415827917,1.0,1.0,1.0,1.0,0.0,1.0
7,265,5.1045492268199615,5.396475988458904,0.0,0.0,1.0,0.0,1.0,1.0
8,265,12.0,12.0,0.0,1.0,0.0,1.0,0.0,1.0
9,265,8.41685424493212,6.99281044601602,0.0,1.0,0.0,1.0,0.0,1.0
10,265,0.4993381140577335,0.1204896055626495,0.0,0.0,0.0,1.0,0.0,1.0
11,265,3.4085619376408625,12.0,0.0,0.0,0.0,0.0,0.0,0.0
12,265,0.0,5.412060405186775,1.0,0.0,1.0,0.0,0.0,1.0
13,265,7.718795753508873,9.74269679321319,0.0,0.0,0.0,1.0,1.0,0.0
14,265,6.918406989213074,1.5289997646567024,1.0,0.0,0.0,1.0,1.0,0.0
15,265,7.578308658868996,5.906511195458853,0.0,0.0,0.0,0.0,0.0,0.0
16,265,9.952719853320357,0.2719801029186839,1.0,1.0,0.0,0.0,0.0,0.0
17,265,7.512546770148413,11.322290758969622,0.0,1.0,0.0,1.0,0.0,1.0
18,265,12.0,4.717964187181639,0.0,0.0,1.0,0.0,1.0,0.0
19,265,9.606551746127852,9.839456312352125,0.0,0.0,1.0,0.0,1.0,0.0
0,270,2.196544867055601,2.968584076273029,1.0,1.0,0.0,0.0,1.0,0.0
1,270,2.332221674790657,3.441533879013161,1.0,0.0,0.0,0.0,1.0,1.0
2,270,2.8821075832522696,7.875726815721002,0.0,0.0,0.0,0.0,0.0,1.0
3,270,11.93883740856895,12.0,0.0,0.0,0.0,0.0,0.0,0.0
4,270,5.519818413712033,0.8266226330008047,0.0,0.0,1.0,1.0,1.0,0.0
5,270,9.71736582566128,1.65969759535831,1.0,1.0,0.0,0.0,0.0,1.0
6,270,10.387590903336765,9.916873953831043,1.0,1.0,1.0,1.0,0.0,1.0
7,270,5.243647852050714,5.4179299761409805,0.0,0.0,1.0,0.0,1.0,1.0
8,270,12.0,12.0,0.0,1.0,0.0,1.0,0.0,1.0
9,270,8.405707651802327,7.118986062765209,0.0,1.0,0.0,1.0,0.0,1.0
10,270,0.5090394989033856,0.1389127344028587,0.0,0.0,0.0,1.0,0.0,1.0
11,270,3.454059900698328,12.0,0.0,0.0,0.0,0.0,0.0,0.0
12,270,0.0,5.295832464991675,1.0,0.0,1.0,0.0,0.0,1.0
13,270,7.755135825687611,9.687743846428353,0.0,0.0,0.0,1.0,1.0,0.0
14,270,6.789943423422461,1.644749991535932,1.0,0.0,0.0,1.0,1.0,0.0
15,270,7.605120012833909,6.062922253613385,0.0,0.0,0.0,0.0,0.0,0.0
16,270,9.88145860757828,0.2990207147072046,1.0,1.0,0.0,0.0,0.0,0.0
17,270,7.6958567151443935,11.366863292108286,0.0,1.0,0.0,1.0,0.0,1.0
18,270,12.0,4.853827486924595,0.0,0.0,1.0,0.0,1.0,0.0
19,270,9.614718980650538,9.828359310361854,0.0,0.0,1.0,0.0,1.0,0.0
0,275,2.0711362079418807,2.903920856797923,1.0,1.0,0.0,0.0,1.0,0.0
1,275,2.3569726703496108,3.4350736369669144,1.0,0.0,0.0,0.0,1.0,1.0
2,275,2.807696352473101,7.891955867897481,0.0,0.0,0.0,0.0,0.0,1.0
3,275,11.901474352884472,12.0,0.0,0.0,0.0,0.0,0.0,0.0
4,275,5.552401141770097,0.8529085647996313,0.0,0.0,1.0,1.0,1.0,0.0
5,275,9.92019811921267,1.7143471302852211,1.0,1.0,0.0,0.0,0.0,1.0
6,275,10.49684902299491,9.900927874008984,1.0,1.0,1.0,1.0,0.0,1.0
7,275,5.374599433462227,5.438108812159931,0.0,0.0,1.0,0.0,1.0,1.0
8,275,12.0,12.0,0.0,1.0,0.0,1.0,0.0,1.0
9,275,8.395888429468114,7.231463016002584,0.0,1.0,0.0,1.0,0.0,1.0
10,275,0.5265528885837464,0.1722862389600578,0.0,0.0,0.0,1.0,0.0,1.0
11,275,3.513886213731303,12.0,0.0,0.0,0.0,0.0,0.0,0.0
12,275,0.0,5.175263247595635,1.0,0.0,1.0,0.0,0.0,1.0
13,275,7.792627631627958,9.630941949027592,0.0,0.0,0.0,1.0,1.0,0.0
14,275,6.670961865612102,1.7571585446919795,1.0,0.0,0.0,1.0,1.0,0.0
15,275,7.62652379728538,6.213766623565974,0.0,0.0,0.0,0.0,0.0,0.0
16,275,9.789093996719648,0.33381482278471,1.0,1.0,0.0,0.0,0.0,0.0
17,275,7.889405683231816,11.413264195617383,0.0,1.0,0.0,1.0,0.0,1.0
18,275,12.0,4.981268057016914,0.0,0.0,1.0,0.0,1.0,0.0
19,275,9.631878684713524,9.803764076218346,0.0,0.0,1.0,0.0,1.0,0.0
0,280,1.9640467558746009,2.8503592118479317,1.0,1.0,0.0,0.0,1.0,0.0
1,280,2.402163620585068,3.4217098879885017,1.0,0.0,0.0,0.0,1.0,1.0
2,280,2.7328217458750768,7.910140452284548,0.0,0.0,0.0,0.0,0.0,1.0
3,280,11.875646500506798,12.0,0.0,0.0,0.0,0.0,0.0,0.0
4,280,5.581574996374512,0.876803017924643,0.0,0.0,1.0,1.0,1.0,0.0
5,280,10.120943656193088,1.7684654782788731,1.0,1.0,0.0,0.0,0.0,1.0
6,280,10.614969682497756,9.879479700266495,1.0,1.0,1.0,1.0,0.0,1.0
7,280,5.502462697857208,5.45924059078166,0.0,0.0,1.0,0.0,1.0,1.0
8,280,12.0,12.0,0.0,1.0,0.0,1.0,0.0,1.0
9,280,8.388617649682981,7.350761784684076,0.0,1.0,0.0,1.0,0.0,1.0
10,280,0.5390584649799262,0.1971077406995829,0.0,0.0,0.0,1.0,0.0,1.0
11,280,3.5743158372372115,12.0,0.0,0.0,0.0,0.0,0.0,0.0
12,280,0.0,5.04579183383193,1.0,0.0,1.0,0.0,0.0,1.0
13,280,7.836795742217978,9.561395448628206,0.0,0.0,0.0,1.0,1.0,0.0
14,280,6.551597966488638,1.8786304622145087,1.0,0.0,0.0,1.0,1.0,0.0
15,280,7.644540643945738,6.3526027320691805,0.0,0.0,0.0,0.0,0.0,0.0
16,280,9.680259768036224,0.373409561119952,1.0,1.0,0.0,0.0,0.0,0.0
17,280,8.102879688738392,11.46862090217708,0.0,1.0,0.0,1.0,0.0,1.0
18,280,12.0,5.10146161977047,0.0,0.0,1.0,0.0,1.0,0.0
19,280,9.659624443981604,9.764227822256483,0.0,0.0,1.0,0.0,1.0,0.0
0,285,2.0093969864703864,2.7603158203562908,1.0,1.0,0.0,0.0,1.0,0.0
1,285,2.438407118842642,3.412104763729146,1.0,0.0,0.0,0.0,1.0,1.0
2,285,2.6557256154365803,7.927892796419205,0.0,0.0,0.0,0.0,0.0,1.0
3,285,11.845132625602805,12.0,0.0,0.0,0.0,0.0,0.0,0.0
4,285,5.605071061400876,0.8962686265568625,0.0,0.0,1.0,1.0,1.0,0.0
5,285,10.330158303257846,1.8283743448050624,1.0,1.0,0.0,0.0,0.0,1.0
6,285,10.746542098315931,9.854601684950186,1.0,1.0,1.0,1.0,0.0,1.0
7,285,5.628643357210286,5.480113047052279,0.0,0.0,1.0,0.0,1.0,1.0
8,285,12.0,12.0,0.0,1.0,0.0,1.0,0.0,1.0
9,285,8.385814458015727,7.467581873132434,0.0,1.0,0.0,1.0,0.0,1.0
10,285,0.544724556992497,0.2086275034748624,0.0,0.0,0.0,1.0,0.0,1.0
11,285,3.630539815294597,12.0,0.0,0.0,0.0,0.0,0.0,0.0
12,285,0.0,4.907445582015968,1.0,0.0,1.0,0.0,0.0,1.0
13,285,7.885287709565867,9.48243749736493,0.0,0.0,0.0,1.0,1.0,0.0
14,285,6.4300194877559935,2.0006811343636945,1.0,0.0,0.0,1.0,1.0,0.0
15,285,7.664693095636718,6.488227480928319,0.0,0.0,0.0,0.0,0.0,0.0
16,285,9.57848787518044,0.4101703235246945,1.0,1.0,0.0,0.0,0.0,0.0
17,285,8.320914849406023,11.52291913156352,0.0,1.0,0.0,1.0,0.0,1.0
18,285,12.0,5.240907831118767,0.0,0.0,1.0,0.0,1.0,0.0
19,285,9.690760503351084,9.722597235039052,0.0,0.0,1.0,0.0,1.0,0.0
0,290,2.0587990222536465,2.661660853692998,1.0,1.0,0.0,0.0,1.0,0.0
1,290,2.4831762882130333,3.40090524347138,1.0,0.0,0.0,0.0,1.0,1.0
2,290,2.568607488732243,7.946534731058418,0.0,0.0,0.0,0.0,0.0,1.0
3,290,11.81653190573119,12.0,0.0,0.0,0.0,0.0,0.0,0.0
4,290,5.615702746854317,0.9047592670750484,0.0,0.0,1.0,1.0,1.0,0.0
5,290,10.533915516679391,1.8858625660277608,1.0,1.0,0.0,0.0,0.0,1.0
6,290,10.861182158432014,9.83250805780162,1.0,1.0,1.0,1.0,0.0,1.0
7,290,5.653108894229266,5.330776314349824,0.0,0.0,1.0,0.0,1.0,1.0
8,290,12.0,12.0,0.0,1.0,0.0,1.0,0.0,1.0
9,290,8.380871510233632,7.578953998273858,0.0,1.0,0.0,1.0,0.0,1.0
10,290,0.5487604231080214,0.2171247203493341,0.0,0.0,0.0,1.0,0.0,1.0
11,290,3.673630241498286,12.0,0.0,0.0,0.0,0.0,0.0,0.0
12,290,0.0,4.770808886947939,1.0,0.0,1.0,0.0,0.0,1.0
13,290,7.952150243066718,9.375378731652,0.0,0.0,0.0,1.0,1.0,0.0
14,290,6.308640764716076,2.121616306438449,1.0,0.0,0.0,1.0,1.0,0.0
15,290,7.503024561135969,6.513496565503342,0.0,0.0,0.0,0.0,0.0,0.0
16,290,9.49380303448714,0.4414049904860998,1.0,1.0,0.0,0.0,0.0,0.0
17,290,8.528619268159318,11.573176238743416,0.0,1.0,0.0,1.0,0.0,1.0
18,290,11.864949246224862,5.364973460220784,0.0,0.0,1.0,0.0,1.0,0.0
19,290,9.71594225309114,9.6887920888147,0.0,0.0,1.0,0.0,1.0,0.0
0,295,2.101381964000632,2.576114847582557,1.0,1.0,0.0,0.0,1.0,0.0
1,295,2.504631667693776,3.395192276670872,1.0,0.0,0.0,0.0,1.0,1.0
2,295,2.4669020721571253,7.968391650721723,0.0,0.0,0.0,0.0,0.0,1.0
3,295,11.780077822751249,12.0,0.0,0.0,0.0,0.0,0.0,0.0
4,295,5.62693376911626,0.9136875158542952,0.0,0.0,1.0,1.0,1.0,0.0
5,295,10.73544761373008,1.93716815431112,1.0,1.0,0.0,0.0,0.0,1.0
6,295,10.960971374669931,9.810139077544925,1.0,1.0,1.0,1.0,0.0,1.0
7,295,5.678655515296806,5.163718255505494,0.0,0.0,1.0,0.0,1.0,1.0
8,295,12.0,12.0,0.0,1.0,0.0,1.0,0.0,1.0
9,295,8.375352852466788,7.697195102580906,0.0,1.0,0.0,1.0,0.0,1.0
10,295,0.5636434175468441,0.2473752560822518,0.0,0.0,0.0,1.0,0.0,1.0
11,295,3.72640122046765,12.0,0.0,0.0,0.0,0.0,0.0,0.0
12,295,0.0,4.623657288732428,1.0,0.0,1.0,0.0,0.0,1.0
13,295,8.01031372875284,9.283000597121797,0.0,0.0,0.0,1.0,1.0,0.0
14,295,6.173155134314662,2.2489603427135783,1.0,0.0,0.0,1.0,1.0,0.0
15,295,7.329431098197057,6.540127101199476,0.0,0.0,0.0,0.0,0.0,0.0
16,295,9.427565528759771,0.4660247703073506,1.0,1.0,0.0,0.0,0.0,0.0
17,295,8.725688365346375,11.619165943414938,0.0,1.0,0.0,1.0,0.0,1.0
18,295,11.725583122646055,5.49959844695848,0.0,0.0,1.0,0.0,1.0,0.0
19,295,9.733156860969308,9.666272745557604,0.0,0.0,1.0,0.0,1.0,0.0
