0,0,7.053211593047649,3.013434876305904,1.0,1.0,1.0,0.0,1.0,1.0
1,0,6.045994979785375,6.034224354169307,0.0,0.0,1.0,1.0,1.0,0.0
2,0,2.95514876065125,0.0413198406757344,0.0,1.0,0.0,1.0,1.0,0.0
3,0,7.0064746106096925,0.9500526141753632,1.0,0.0,0.0,1.0,0.0,1.0
4,0,8.98282690903798,0.9558452551147631,0.0,0.0,0.0,0.0,0.0,0.0
5,0,6.983611665686852,1.9613889729548208,0.0,0.0,1.0,1.0,0.0,1.0
6,0,11.023360236877298,11.975560089664173,0.0,1.0,1.0,1.0,0.0,1.0
7,0,2.9951910144426104,5.966133504202644,0.0,0.0,0.0,1.0,1.0,0.0
8,0,0.0334839175831438,2.957025329664728,1.0,1.0,0.0,1.0,1.0,1.0
9,0,2.988095525539728,5.043185427514279,0.0,1.0,1.0,1.0,0.0,0.0
10,0,10.990797095398184,10.937392415583346,1.0,0.0,1.0,1.0,0.0,1.0
11,0,8.050375780374454,5.977308464339733,0.0,0.0,0.0,0.0,1.0,0.0
12,0,7.050112882955668,2.0639620310238502,0.0,0.0,0.0,0.0,0.0,1.0
13,0,0.0,7.967750976030494,0.0,0.0,0.0,0.0,0.0,1.0
14,0,7.971720807932329,3.949306491663552,0.0,0.0,0.0,0.0,1.0,0.0
15,0,7.056036097326491,6.965795195836975,1.0,0.0,0.0,1.0,0.0,0.0
16,0,4.043419741701265,1.9626221138994944,0.0,0.0,1.0,0.0,0.0,1.0
17,0,9.93939681973058,8.008870973949149,1.0,0.0,0.0,1.0,0.0,0.0
18,0,10.02297890924441,7.034913584644263,1.0,0.0,0.0,1.0,0.0,0.0
19,0,7.04938230136627,7.027445590976712,0.0,1.0,0.0,1.0,0.0,0.0
0,5,7.098818920163614,3.024398159884075,1.0,1.0,1.0,0.0,1.0,1.0
1,5,6.069563511823375,6.052768409991242,0.0,0.0,1.0,1.0,1.0,0.0
2,5,2.907868993696716,0.0824552131732629,0.0,1.0,0.0,1.0,1.0,0.0
3,5,7.057966017921452,0.9565713519902622,1.0,0.0,0.0,1.0,0.0,1.0
4,5,8.97632557589672,0.9385317386705168,0.0,0.0,0.0,0.0,0.0,0.0
5,5,6.968632244858124,1.9303057084544883,0.0,0.0,1.0,1.0,0.0,1.0
6,5,11.04102808398409,11.95617693534054,0.0,1.0,1.0,1.0,0.0,1.0
7,5,2.9914274603310624,5.942893723285798,0.0,0.0,0.0,1.0,1.0,0.0
8,5,0.0526698628550506,2.93335899454031,1.0,1.0,0.0,1.0,1.0,1.0
9,5,2.970386820192819,5.101971444955724,0.0,1.0,1.0,1.0,0.0,0.0
10,5,10.981925171499451,10.853394132105295,1.0,0.0,1.0,1.0,0.0,1.0
11,5,8.087680009209738,5.9610487720923375,0.0,0.0,0.0,0.0,1.0,0.0
12,5,7.115317709493824,2.1460144570061632,0.0,0.0,0.0,0.0,0.0,1.0
13,5,0.0,7.931102020978196,0.0,0.0,0.0,0.0,0.0,1.0
14,5,7.930263196059665,3.881104129783769,0.0,0.0,0.0,0.0,1.0,0.0
15,5,7.104821726035513,6.9373814736173145,1.0,0.0,0.0,1.0,0.0,0.0
16,5,4.0865526422620215,1.9241290578976415,0.0,0.0,1.0,0.0,0.0,1.0
17,5,9.8756248964862,8.01958161316427,1.0,0.0,0.0,1.0,0.0,0.0
18,5,10.047372528812907,7.070452810476541,1.0,0.0,0.0,1.0,0.0,0.0
19,5,7.105954616730911,7.0586272003438095,0.0,1.0,0.0,1.0,0.0,0.0
0,10,7.141273730229894,3.0359940939350505,1.0,1.0,1.0,0.0,1.0,1.0
1,10,6.1013971226859285,6.07720383401709,0.0,0.0,1.0,1.0,1.0,0.0
2,10,2.85362823325492,0.1312465615209732,0.0,1.0,0.0,1.0,1.0,0.0
3,10,7.128230373420958,0.9644028246794356,1.0,0.0,0.0,1.0,0.0,1.0
4,10,8.968425214313768,0.9156154833024778,0.0,0.0,0.0,0.0,0.0,0.0
5,10,6.962193794652271,1.915591444047657,0.0,0.0,1.0,1.0,0.0,1.0
6,10,11.054795905048946,11.940569612458107,0.0,1.0,1.0,1.0,0.0,1.0
7,10,2.9904701070301845,5.936920790515475,0.0,0.0,0.0,1.0,1.0,0.0
8,10,0.0652387161662314,2.917172616707192,1.0,1.0,0.0,1.0,1.0,1.0
9,10,2.963079998428896,5.126898991586425,0.0,1.0,1.0,1.0,0.0,0.0
10,10,10.969218268336002,10.75946329576126,1.0,0.0,1.0,1.0,0.0,1.0
11,10,8.118544443418326,5.9477726959174895,0.0,0.0,0.0,0.0,1.0,0.0
12,10,7.176236093276694,2.223189432338754,0.0,0.0,0.0,0.0,0.0,1.0
13,10,0.0,8.009374028520378,0.0,0.0,0.0,0.0,0.0,1.0
14,10,7.892751380992439,3.8199652960328314,0.0,0.0,0.0,0.0,1.0,0.0
15,10,7.162530764256974,6.9017213537239925,1.0,0.0,0.0,1.0,0.0,0.0
16,10,4.129744580311964,1.8857402538535024,0.0,0.0,1.0,0.0,0.0,1.0
17,10,9.81166057130402,8.03052943081329,1.0,0.0,0.0,1.0,0.0,0.0
18,10,10.077421097638457,7.113295227935405,1.0,0.0,0.0,1.0,0.0,0.0
19,10,7.176537352155382,7.096183611263253,0.0,1.0,0.0,1.0,0.0,0.0
0,15,7.209786273694221,3.054058417470681,1.0,1.0,1.0,0.0,1.0,1.0
1,15,6.148175557236482,6.111335229035267,0.0,0.0,1.0,1.0,1.0,0.0
2,15,2.8098530543856453,0.1708156460510323,0.0,1.0,0.0,1.0,1.0,0.0
3,15,7.2115275921127955,0.973070436724986,1.0,0.0,0.0,1.0,0.0,1.0
4,15,8.96741714665128,0.9128870274548978,0.0,0.0,0.0,0.0,0.0,0.0
5,15,6.95011225660563,1.888145965396878,0.0,0.0,1.0,1.0,0.0,1.0
6,15,11.086661171367677,11.90080544099285,0.0,1.0,1.0,1.0,0.0,1.0
7,15,2.988899189922162,5.925959532192132,0.0,0.0,0.0,1.0,1.0,0.0
8,15,0.0749223317132267,2.905036232248333,1.0,1.0,0.0,1.0,1.0,1.0
9,15,2.9604464502540697,5.13555418203466,0.0,1.0,1.0,1.0,0.0,0.0
10,15,10.955115439404924,10.651511877083014,1.0,0.0,1.0,1.0,0.0,1.0
11,15,8.162841778843687,5.928798100016259,0.0,0.0,0.0,0.0,1.0,0.0
12,15,7.238972986852627,2.2988786288515564,0.0,0.0,0.0,0.0,0.0,1.0
13,15,0.0,8.067228952309044,0.0,0.0,0.0,0.0,0.0,1.0
14,15,7.854597650053114,3.755874371850049,0.0,0.0,0.0,0.0,1.0,0.0
15,15,7.208308709720386,6.87343290753274,1.0,0.0,0.0,1.0,0.0,0.0
16,15,4.172681499601286,1.8451052032527715,0.0,0.0,1.0,0.0,0.0,1.0
17,15,9.75591351628497,8.039370241979043,1.0,0.0,0.0,1.0,0.0,0.0
18,15,10.09636670366834,7.140645972360638,1.0,0.0,0.0,1.0,0.0,0.0
19,15,7.232366480991325,7.125150169541332,0.0,1.0,0.0,1.0,0.0,0.0
0,20,7.27257327037788,3.069387055994543,1.0,1.0,1.0,0.0,1.0,1.0
1,20,6.192246924308767,6.142401201110754,0.0,0.0,1.0,1.0,1.0,0.0
2,20,2.758969244856913,0.2193488427006788,0.0,1.0,0.0,1.0,1.0,0.0
3,20,7.294129336510366,0.9836244952132964,1.0,0.0,0.0,1.0,0.0,1.0
4,20,8.960335001066538,0.8927223086529755,0.0,0.0,0.0,0.0,0.0,0.0
5,20,6.938830933832067,1.86121691438003,0.0,0.0,1.0,1.0,0.0,1.0
6,20,11.130865933240996,11.8441742880576,0.0,1.0,1.0,1.0,0.0,1.0
7,20,3.024289950680824,5.920074738281829,0.0,0.0,0.0,1.0,1.0,0.0
8,20,0.0907332577906729,2.8860856154550323,1.0,1.0,0.0,1.0,1.0,1.0
9,20,2.951556529001913,5.163433141835434,0.0,1.0,1.0,1.0,0.0,0.0
10,20,10.940050331572756,10.54601771179478,1.0,0.0,1.0,1.0,0.0,1.0
11,20,8.219031178353308,5.904530476109526,0.0,0.0,0.0,0.0,1.0,0.0
12,20,7.30420608780006,2.377303175357733,0.0,0.0,0.0,0.0,0.0,1.0
13,20,0.0,8.107746515162539,0.0,0.0,0.0,0.0,0.0,1.0
14,20,7.815704194864502,3.689992273331386,0.0,0.0,0.0,0.0,1.0,0.0
15,20,7.275470687914427,6.832777457679192,1.0,0.0,0.0,1.0,0.0,0.0
16,20,4.2215852286887765,1.7975547155061304,0.0,0.0,1.0,0.0,0.0,1.0
17,20,9.706627898336832,8.046156503627312,1.0,0.0,0.0,1.0,0.0,0.0
18,20,10.116789160687066,7.169390724395118,1.0,0.0,0.0,1.0,0.0,0.0
19,20,7.297370020595295,7.158836437008748,0.0,1.0,0.0,1.0,0.0,0.0
0,25,7.332678375614591,3.08669941014787,1.0,1.0,1.0,0.0,1.0,1.0
1,25,6.229527059139228,6.169202135258528,0.0,0.0,1.0,1.0,1.0,0.0
2,25,2.712950974970508,0.2647786733890463,0.0,1.0,0.0,1.0,1.0,0.0
3,25,7.387028780249949,0.9969189297211098,1.0,0.0,0.0,1.0,0.0,1.0
4,25,8.95622312630154,0.881465768156151,0.0,0.0,0.0,0.0,0.0,0.0
5,25,6.920437115831597,1.8201294306527411,0.0,0.0,1.0,1.0,0.0,1.0
6,25,11.170567258812856,11.78933002953246,0.0,1.0,1.0,1.0,0.0,1.0
7,25,3.049535970243119,5.91589826579831,0.0,0.0,0.0,1.0,1.0,0.0
8,25,0.1031976680542263,2.871526839602555,1.0,1.0,0.0,1.0,1.0,1.0
9,25,2.9394192754384463,5.201641192223936,0.0,1.0,1.0,1.0,0.0,0.0
10,25,10.928721738114724,10.435636174427444,1.0,0.0,1.0,1.0,0.0,1.0
11,25,8.25874030636483,5.887522059491967,0.0,0.0,0.0,0.0,1.0,0.0
12,25,7.365070172783243,2.453521420665749,0.0,0.0,0.0,0.0,0.0,1.0
13,25,0.0,8.15642181011705,0.0,0.0,0.0,0.0,0.0,1.0
14,25,7.77275110528275,3.623071752016036,0.0,0.0,0.0,0.0,1.0,0.0
15,25,7.373263760838735,6.771612310231243,1.0,0.0,0.0,1.0,0.0,0.0
16,25,4.270586492342336,1.7510406383216632,0.0,0.0,1.0,0.0,0.0,1.0
17,25,9.667229202051097,8.05174928322489,1.0,0.0,0.0,1.0,0.0,0.0
18,25,10.131099007455605,7.190044029217253,1.0,0.0,0.0,1.0,0.0,0.0
19,25,7.374123594355847,7.196873658508188,0.0,1.0,0.0,1.0,0.0,0.0
0,30,7.376190337023373,3.099832023167611,1.0,1.0,1.0,0.0,1.0,1.0
1,30,6.265155697605266,6.195145402297368,0.0,0.0,1.0,1.0,1.0,0.0
2,30,2.674682577394441,0.3052061964952014,0.0,1.0,0.0,1.0,1.0,0.0
3,30,7.5171798517169135,1.0196622508446431,1.0,0.0,0.0,1.0,0.0,1.0
4,30,8.955604155703664,0.8796748999356093,0.0,0.0,0.0,0.0,0.0,0.0
5,30,6.907003388989425,1.788060669249413,0.0,0.0,1.0,1.0,0.0,1.0
6,30,11.214618667891552,11.724596607111955,0.0,1.0,1.0,1.0,0.0,1.0
7,30,3.055783521689854,5.914793120938954,0.0,0.0,0.0,1.0,1.0,0.0
8,30,0.1062784605853685,2.867821997995252,1.0,1.0,0.0,1.0,1.0,1.0
9,30,2.928560030360013,5.235297329275859,0.0,1.0,1.0,1.0,0.0,0.0
10,30,10.91876680286292,10.29793075805224,1.0,0.0,1.0,1.0,0.0,1.0
11,30,8.299336304122797,5.870621586023325,0.0,0.0,0.0,0.0,1.0,0.0
12,30,7.425041177384244,2.5303305782575114,0.0,0.0,0.0,0.0,0.0,1.0
13,30,0.0,8.206311446368465,0.0,0.0,0.0,0.0,0.0,1.0
14,30,7.739396736305252,3.5707573668978045,0.0,0.0,0.0,0.0,1.0,0.0
15,30,7.472227327536779,6.709964847979241,1.0,0.0,0.0,1.0,0.0,0.0
16,30,4.302711642101158,1.7192017339654513,0.0,0.0,1.0,0.0,0.0,1.0
17,30,9.639555538334088,8.05524916540727,1.0,0.0,0.0,1.0,0.0,0.0
18,30,10.15277493593995,7.2210427671716,1.0,0.0,0.0,1.0,0.0,0.0
19,30,7.43219561834522,7.222438395807468,0.0,1.0,0.0,1.0,0.0,0.0
0,35,7.421651005800951,3.1151247298048284,1.0,1.0,1.0,0.0,1.0,1.0
1,35,6.298156047707127,6.218718474453982,0.0,0.0,1.0,1.0,1.0,0.0
2,35,2.632363592455745,0.3486667821131941,0.0,1.0,0.0,1.0,1.0,0.0
3,35,7.641253761051094,1.0412056002915893,1.0,0.0,0.0,1.0,0.0,1.0
4,35,8.95955550381033,0.8910743844285183,0.0,0.0,0.0,0.0,0.0,0.0
5,35,6.885943585569415,1.7372285335151048,0.0,0.0,1.0,1.0,0.0,1.0
6,35,11.264197049977644,11.646704294897514,0.0,1.0,1.0,1.0,0.0,1.0
7,35,3.0573904827100784,5.914469588380036,0.0,0.0,0.0,1.0,1.0,0.0
8,35,0.1154834128479806,2.857098503137578,1.0,1.0,0.0,1.0,1.0,1.0
9,35,2.916978041253232,5.270279938299721,0.0,1.0,1.0,1.0,0.0,0.0
10,35,10.904920962503018,10.152124457775296,1.0,0.0,1.0,1.0,0.0,1.0
11,35,8.326339690865465,5.858216175960011,0.0,0.0,0.0,0.0,1.0,0.0
12,35,7.482137171245563,2.6058711578405696,0.0,0.0,0.0,0.0,0.0,1.0
13,35,0.0,8.241410896045071,0.0,0.0,0.0,0.0,0.0,1.0
14,35,7.695936419805123,3.507404435835054,0.0,0.0,0.0,0.0,1.0,0.0
15,35,7.564557224471356,6.650763370312499,1.0,0.0,0.0,1.0,0.0,0.0
16,35,4.335360384993469,1.6859950658590814,0.0,0.0,1.0,0.0,0.0,1.0
17,35,9.609902984982982,8.058908999443426,1.0,0.0,0.0,1.0,0.0,0.0
18,35,10.173396235317442,7.250796526951878,1.0,0.0,0.0,1.0,0.0,0.0
19,35,7.510823749767626,7.257210684678494,0.0,1.0,0.0,1.0,0.0,0.0
0,40,7.468365382633671,3.1303642551949187,1.0,1.0,1.0,0.0,1.0,1.0
1,40,6.325044176663139,6.238131156365284,0.0,0.0,1.0,1.0,1.0,0.0
2,40,2.581629256636344,0.4007661673730954,0.0,1.0,0.0,1.0,1.0,0.0
3,40,7.766793233538269,1.0643947356659391,1.0,0.0,0.0,1.0,0.0,1.0
4,40,8.957399506554028,0.8853647586430241,0.0,0.0,0.0,0.0,0.0,0.0
5,40,6.863744231383526,1.6786637989288953,0.0,0.0,1.0,1.0,0.0,1.0
6,40,11.313798540574105,11.569043794433838,0.0,1.0,1.0,1.0,0.0,1.0
7,40,3.041741735520821,5.917852773634089,0.0,0.0,0.0,1.0,1.0,0.0
8,40,0.128460667357304,2.841652174880576,1.0,1.0,0.0,1.0,1.0,1.0
9,40,2.911441154759251,5.286811657679007,0.0,1.0,1.0,1.0,0.0,0.0
10,40,10.89262104520914,9.984956161595951,1.0,0.0,1.0,1.0,0.0,1.0
11,40,8.367088902799,5.839213165736489,0.0,0.0,0.0,0.0,1.0,0.0
12,40,7.548765439017883,2.688773148026482,0.0,0.0,0.0,0.0,0.0,1.0
13,40,0.0,8.287232312838684,0.0,0.0,0.0,0.0,0.0,1.0
14,40,7.62979853307895,3.4112665895232017,0.0,0.0,0.0,0.0,1.0,0.0
15,40,7.652768706394721,6.595643824646067,1.0,0.0,0.0,1.0,0.0,0.0
16,40,4.374892205264209,1.6470397209124843,0.0,0.0,1.0,0.0,0.0,1.0
17,40,9.570128774948982,8.062167519117194,1.0,0.0,0.0,1.0,0.0,0.0
18,40,10.189088656326136,7.273024779689483,1.0,0.0,0.0,1.0,0.0,0.0
19,40,7.594273778513792,7.296061649877799,0.0,1.0,0.0,1.0,0.0,0.0
0,45,7.520891528712688,3.147909794195204,1.0,1.0,1.0,0.0,1.0,1.0
1,45,6.344156207824302,6.25266701118089,0.0,0.0,1.0,1.0,1.0,0.0
2,45,2.5398294889680653,0.4418879117669312,0.0,1.0,0.0,1.0,1.0,0.0
3,45,7.879330447299499,1.08474513418224,1.0,0.0,0.0,1.0,0.0,1.0
4,45,8.95481721743223,0.8788597577987979,0.0,0.0,0.0,0.0,0.0,0.0
5,45,6.841513694536448,1.616535347652317,0.0,0.0,1.0,1.0,0.0,1.0
6,45,11.366739449392036,11.488698283615271,0.0,1.0,1.0,1.0,0.0,1.0
7,45,3.0306619204556804,5.920352750637504,0.0,0.0,0.0,1.0,1.0,0.0
8,45,0.1511686356790226,2.8152450881657174,1.0,1.0,0.0,1.0,1.0,1.0
9,45,2.9059288222333586,5.303208629523147,0.0,1.0,1.0,1.0,0.0,0.0
10,45,10.881721392863744,9.798039383718598,1.0,0.0,1.0,1.0,0.0,1.0
11,45,8.407218016983856,5.821206822757498,0.0,0.0,0.0,0.0,1.0,0.0
12,45,7.605923139016983,2.7574937256614085,0.0,0.0,0.0,0.0,0.0,1.0
13,45,0.0,8.33409176185916,0.0,0.0,0.0,0.0,0.0,1.0
14,45,7.559068149233681,3.309886218131054,0.0,0.0,0.0,0.0,1.0,0.0
15,45,7.753782671238831,6.535924591373153,1.0,0.0,0.0,1.0,0.0,0.0
16,45,4.430306427906189,1.5941855928171278,0.0,0.0,1.0,0.0,0.0,1.0
17,45,9.53640515490854,8.064460408588296,1.0,0.0,0.0,1.0,0.0,0.0
18,45,10.204285273651436,7.294764480881126,1.0,0.0,0.0,1.0,0.0,0.0
19,45,7.681626529966928,7.338034719896129,0.0,1.0,0.0,1.0,0.0,0.0
0,50,7.56533434413316,3.164000368754368,1.0,1.0,1.0,0.0,1.0,1.0
1,50,6.381619797118631,6.281972555148434,0.0,0.0,1.0,1.0,1.0,0.0
2,50,2.501489752113863,0.4815537996480375,0.0,1.0,0.0,1.0,1.0,0.0
3,50,7.973542310563025,1.1008522141325423,1.0,0.0,0.0,1.0,0.0,1.0
4,50,8.950211109638316,0.8671816678654405,0.0,0.0,0.0,0.0,0.0,0.0
5,50,6.819316919973972,1.548439088190533,0.0,0.0,1.0,1.0,0.0,1.0
6,50,11.417495904446058,11.417886804961023,0.0,1.0,1.0,1.0,0.0,1.0
7,50,3.03184872769636,5.920086571067326,0.0,0.0,0.0,1.0,1.0,0.0
8,50,0.1762456624685039,2.786350749372804,1.0,1.0,0.0,1.0,1.0,1.0
9,50,2.909467844579144,5.29104419933654,0.0,1.0,1.0,1.0,0.0,0.0
10,50,10.869914407139694,9.59070912958652,1.0,0.0,1.0,1.0,0.0,1.0
11,50,8.438279810290288,5.807313406499573,0.0,0.0,0.0,0.0,1.0,0.0
12,50,7.663125522825398,2.827496782621844,0.0,0.0,0.0,0.0,0.0,1.0
13,50,0.0,8.378794928400298,0.0,0.0,0.0,0.0,0.0,1.0
14,50,7.479133343100328,3.196441532328981,0.0,0.0,0.0,0.0,1.0,0.0
15,50,7.8524758405994435,6.477243885781969,1.0,0.0,0.0,1.0,0.0,0.0
16,50,4.484241918455973,1.543463257690472,0.0,0.0,1.0,0.0,0.0,1.0
17,50,9.518711573432194,8.065454332390825,1.0,0.0,0.0,1.0,0.0,0.0
18,50,10.20883072238318,7.300935316156982,1.0,0.0,0.0,1.0,0.0,0.0
19,50,7.802606041871159,7.398128990076779,0.0,1.0,0.0,1.0,0.0,0.0
0,55,7.612968958079008,3.1813046224525845,1.0,1.0,1.0,0.0,1.0,1.0
1,55,6.423156725079505,6.314442581032059,0.0,0.0,1.0,1.0,1.0,0.0
2,55,2.465080140554192,0.5207250905215358,0.0,1.0,0.0,1.0,1.0,0.0
3,55,8.059180171108167,1.1172610142504813,1.0,0.0,0.0,1.0,0.0,1.0
4,55,8.941220254715152,0.844549477146629,0.0,0.0,0.0,0.0,0.0,0.0
5,55,6.802986525593999,1.500363114783997,0.0,0.0,1.0,1.0,0.0,1.0
6,55,11.473415835238397,11.34128505666003,0.0,1.0,1.0,1.0,0.0,1.0
7,55,3.030314260574688,5.920421845564689,0.0,0.0,0.0,1.0,1.0,0.0
8,55,0.1949699879912443,2.7647918087415686,1.0,1.0,0.0,1.0,1.0,1.0
9,55,2.9101205687661054,5.288621120896611,0.0,1.0,1.0,1.0,0.0,0.0
10,55,10.85311717923988,9.403144542177532,1.0,0.0,1.0,1.0,0.0,1.0
11,55,8.448980271687024,5.80249217260625,0.0,0.0,0.0,0.0,1.0,0.0
12,55,7.725830420928698,2.9050358784162795,0.0,0.0,0.0,0.0,0.0,1.0
13,55,0.0,8.433434862486738,0.0,0.0,0.0,0.0,0.0,1.0
14,55,7.398294023412289,3.083051120091937,0.0,0.0,0.0,0.0,1.0,0.0
15,55,7.948258686452513,6.421217878725668,1.0,0.0,0.0,1.0,0.0,0.0
16,55,4.529000991628877,1.5027730575069531,0.0,0.0,1.0,0.0,0.0,1.0
17,55,9.495028259250272,8.066560199164638,1.0,0.0,0.0,1.0,0.0,0.0
18,55,10.210825898002296,7.303728279277356,1.0,0.0,0.0,1.0,0.0,0.0
19,55,7.93444683628802,7.460827955113132,0.0,1.0,0.0,1.0,0.0,0.0
0,60,7.641701846862118,3.191229153949956,1.0,1.0,1.0,0.0,1.0,1.0
1,60,6.453912658957612,6.338341106373698,0.0,0.0,1.0,1.0,1.0,0.0
2,60,2.431621038803693,0.5575599558260721,0.0,1.0,0.0,1.0,1.0,0.0
3,60,8.13268857505418,1.13117154438953,1.0,0.0,0.0,1.0,0.0,1.0
4,60,8.928785822957003,0.8143287725485338,0.0,0.0,0.0,0.0,0.0,0.0
5,60,6.781222636818121,1.4380605629584198,0.0,0.0,1.0,1.0,0.0,1.0
6,60,11.532041649900547,11.261479288223049,0.0,1.0,1.0,1.0,0.0,1.0
7,60,3.028853152952212,5.92075959768011,0.0,0.0,0.0,1.0,1.0,0.0
8,60,0.2081621584577918,2.7498684800541,1.0,1.0,0.0,1.0,1.0,1.0
9,60,2.914741448387083,5.272228276348099,0.0,1.0,1.0,1.0,0.0,0.0
10,60,10.83352416123883,9.20705286216202,1.0,0.0,1.0,1.0,0.0,1.0
11,60,8.462449760904317,5.79633362219849,0.0,0.0,0.0,0.0,1.0,0.0
12,60,7.794877082066637,2.999027441744846,0.0,0.0,0.0,0.0,0.0,1.0
13,60,0.0,8.499310720386552,0.0,0.0,0.0,0.0,0.0,1.0
14,60,7.30275789755793,2.950036237988319,0.0,0.0,0.0,0.0,1.0,0.0
15,60,8.037899779065341,6.370326912877867,1.0,0.0,0.0,1.0,0.0,0.0
16,60,4.577018804960832,1.460948033693858,0.0,0.0,1.0,0.0,0.0,1.0
17,60,9.472190295047453,8.068279403154145,1.0,0.0,0.0,1.0,0.0,0.0
18,60,10.216179960523483,7.311369230503342,1.0,0.0,0.0,1.0,0.0,0.0
19,60,8.066068671523308,7.521588491608782,0.0,1.0,0.0,1.0,0.0,0.0
0,65,7.671877535072147,3.2016943119369268,1.0,1.0,1.0,0.0,1.0,1.0
1,65,6.471833528635462,6.352520906888972,0.0,0.0,1.0,1.0,1.0,0.0
2,65,2.395989934297085,0.5963683865124938,0.0,1.0,0.0,1.0,1.0,0.0
3,65,8.147589668519876,1.0526910661506743,1.0,0.0,0.0,1.0,0.0,1.0
4,65,8.922355256630787,0.7990096388135344,0.0,0.0,0.0,0.0,0.0,0.0
5,65,6.760891448199697,1.378243174448978,0.0,0.0,1.0,1.0,0.0,1.0
6,65,11.601312658745876,11.171956440425056,0.0,1.0,1.0,1.0,0.0,1.0
7,65,3.026649782135144,5.921243827641976,0.0,0.0,0.0,1.0,1.0,0.0
8,65,0.2331724975619587,2.7207136956210607,1.0,1.0,0.0,1.0,1.0,1.0
9,65,2.9250142323335364,5.236316375343581,0.0,1.0,1.0,1.0,0.0,0.0
10,65,10.81627006144411,8.99806491579894,1.0,0.0,1.0,1.0,0.0,1.0
11,65,8.47433375372898,5.790749639055004,0.0,0.0,0.0,0.0,1.0,0.0
12,65,7.853091154223926,3.081789384043927,0.0,0.0,0.0,0.0,0.0,1.0
13,65,0.0,8.569582303751043,0.0,0.0,0.0,0.0,0.0,1.0
14,65,7.211977130970662,2.828097156554628,0.0,0.0,0.0,0.0,1.0,0.0
15,65,8.121809380397387,6.322703964789072,1.0,0.0,0.0,1.0,0.0,0.0
16,65,4.63120098803229,1.411270078592585,0.0,0.0,1.0,0.0,0.0,1.0
17,65,9.43865463626717,8.070852562728104,1.0,0.0,0.0,1.0,0.0,0.0
18,65,10.223284426031665,7.321581883539122,1.0,0.0,0.0,1.0,0.0,0.0
19,65,8.191247585960967,7.5793931019356835,0.0,1.0,0.0,1.0,0.0,0.0
0,70,7.722323381652392,3.21760750124682,1.0,1.0,1.0,0.0,1.0,1.0
1,70,6.510077174186309,6.384725451819331,0.0,0.0,1.0,1.0,1.0,0.0
2,70,2.350961487545865,0.6439467436049899,0.0,1.0,0.0,1.0,1.0,0.0
3,70,8.160435112900425,0.9852591518945212,1.0,0.0,0.0,1.0,0.0,1.0
4,70,8.91967865810743,0.7925824269875126,0.0,0.0,0.0,0.0,0.0,0.0
5,70,6.744679239061678,1.327232350566948,0.0,0.0,1.0,1.0,0.0,1.0
6,70,11.66291266065417,11.088589395777802,0.0,1.0,1.0,1.0,0.0,1.0
7,70,3.0136377912637937,5.923976589935141,0.0,0.0,0.0,1.0,1.0,0.0
8,70,0.2801187078404191,2.664927475808964,1.0,1.0,0.0,1.0,1.0,1.0
9,70,2.9331616802744525,5.2048562364713,0.0,1.0,1.0,1.0,0.0,0.0
10,70,10.800983479978782,8.796210651300333,1.0,0.0,1.0,1.0,0.0,1.0
11,70,8.487498332419703,5.7839900780951785,0.0,0.0,0.0,0.0,1.0,0.0
12,70,7.917787936811774,3.176776927546591,0.0,0.0,0.0,0.0,0.0,1.0
13,70,0.0,8.622704455401315,0.0,0.0,0.0,0.0,0.0,1.0
14,70,7.118496297863077,2.703317906067937,0.0,0.0,0.0,0.0,1.0,0.0
15,70,8.217482412833052,6.270225906719823,1.0,0.0,0.0,1.0,0.0,0.0
16,70,4.701377566788228,1.3460461846956933,0.0,0.0,1.0,0.0,0.0,1.0
17,70,9.4053125412687,8.073668177588237,1.0,0.0,0.0,1.0,0.0,0.0
18,70,10.232361140091944,7.334653009390391,1.0,0.0,0.0,1.0,0.0,0.0
19,70,8.301327636174536,7.630334828512987,0.0,1.0,0.0,1.0,0.0,0.0
0,75,7.764090279993339,3.2303907791866378,1.0,1.0,1.0,0.0,1.0,1.0
1,75,6.553668952501358,6.421980431466313,0.0,0.0,1.0,1.0,1.0,0.0
2,75,2.302802707855024,0.6954563653520831,0.0,1.0,0.0,1.0,1.0,0.0
3,75,8.174116343312603,0.912933871462654,1.0,0.0,0.0,1.0,0.0,1.0
4,75,8.908375421796032,0.7654884021267266,0.0,0.0,0.0,0.0,0.0,0.0
5,75,6.723653681758148,1.2637717910885349,0.0,0.0,1.0,1.0,0.0,1.0
6,75,11.727792661068923,11.00204593306222,0.0,1.0,1.0,1.0,0.0,1.0
7,75,2.9974596424144946,5.927433847372659,0.0,0.0,0.0,1.0,1.0,0.0
8,75,0.3349081726549345,2.601729177719586,1.0,1.0,0.0,1.0,1.0,1.0
9,75,2.9522453079267224,5.135776915426572,0.0,1.0,1.0,1.0,0.0,0.0
10,75,10.780303379442657,8.56502115775328,1.0,0.0,1.0,1.0,0.0,1.0
11,75,8.488128578892486,5.78367619823228,0.0,0.0,0.0,0.0,1.0,0.0
12,75,7.969129442728872,3.2542058486518792,0.0,0.0,0.0,0.0,0.0,1.0
13,75,0.0,8.680399794394772,0.0,0.0,0.0,0.0,0.0,1.0
14,75,7.036524397362289,2.588862355521356,0.0,0.0,0.0,0.0,1.0,0.0
15,75,8.319713040984013,6.211268526105869,1.0,0.0,0.0,1.0,0.0,0.0
16,75,4.773751076344939,1.279208311796482,0.0,0.0,1.0,0.0,0.0,1.0
17,75,9.36886813135202,8.076844688023511,1.0,0.0,0.0,1.0,0.0,0.0
18,75,10.250511930740078,7.361134816023198,1.0,0.0,0.0,1.0,0.0,0.0
19,75,8.42316976426296,7.683925023981787,0.0,1.0,0.0,1.0,0.0,0.0
0,80,7.828385471318429,3.2483146569423447,1.0,1.0,1.0,0.0,1.0,1.0
1,80,6.595662046093548,6.456745025853514,0.0,0.0,1.0,1.0,1.0,0.0
2,80,2.255989549711763,0.7465120821268617,0.0,1.0,0.0,1.0,1.0,0.0
3,80,8.19206100056793,0.8261586330554701,1.0,0.0,0.0,1.0,0.0,1.0
4,80,8.897650310628922,0.7387762607022894,0.0,0.0,0.0,0.0,0.0,0.0
5,80,6.702680569478957,1.1985613613323765,0.0,0.0,1.0,1.0,0.0,1.0
6,80,11.79804208421696,10.906927515379532,0.0,1.0,1.0,1.0,0.0,1.0
7,80,2.9912233356292903,5.929031286206376,0.0,0.0,0.0,1.0,1.0,0.0
8,80,0.4072642490035212,2.520995401220105,1.0,1.0,0.0,1.0,1.0,1.0
9,80,2.976514384366555,5.04666793308882,0.0,1.0,1.0,1.0,0.0,0.0
10,80,10.75831550100172,8.32054863454287,1.0,0.0,1.0,1.0,0.0,1.0
11,80,8.471589335629517,5.792288103475628,0.0,0.0,0.0,0.0,1.0,0.0
12,80,8.017325345715282,3.3241109121229413,0.0,0.0,0.0,0.0,0.0,1.0
13,80,0.0,8.733369967003794,0.0,0.0,0.0,0.0,0.0,1.0
14,80,6.956489542874849,2.4742330812122506,0.0,0.0,0.0,0.0,1.0,0.0
15,80,8.42588490493387,6.150055850191898,1.0,0.0,0.0,1.0,0.0,0.0
16,80,4.851702435377205,1.2115581809792833,0.0,0.0,1.0,0.0,0.0,1.0
17,80,9.323516892688268,8.082354453046053,1.0,0.0,0.0,1.0,0.0,0.0
18,80,10.224501695081935,7.379114856493551,1.0,0.0,0.0,1.0,0.0,0.0
19,80,8.566696096549173,7.746037223703734,0.0,1.0,0.0,1.0,0.0,0.0
0,85,7.875289066683524,3.261142771505585,1.0,1.0,1.0,0.0,1.0,1.0
1,85,6.631230538454722,6.485863642312747,0.0,0.0,1.0,1.0,1.0,0.0
2,85,2.2104133371719348,0.7927724218532743,0.0,1.0,0.0,1.0,1.0,0.0
3,85,8.214656916154786,0.7205299616753642,1.0,0.0,0.0,1.0,0.0,1.0
4,85,8.882432989318588,0.6996231898094122,0.0,0.0,0.0,0.0,0.0,0.0
5,85,6.689303419073064,1.157695347143781,0.0,0.0,1.0,1.0,0.0,1.0
6,85,11.861555077333804,10.8133863040633,0.0,1.0,1.0,1.0,0.0,1.0
7,85,2.9866563508623414,5.930169724629528,0.0,0.0,0.0,1.0,1.0,0.0
8,85,0.4759614726870412,2.442943203804534,1.0,1.0,0.0,1.0,1.0,1.0
9,85,3.007518201753045,4.9406613547526135,0.0,1.0,1.0,1.0,0.0,0.0
10,85,10.74293839195045,8.077902564392407,1.0,0.0,1.0,1.0,0.0,1.0
11,85,8.432320263328572,5.8146855360047685,0.0,0.0,0.0,0.0,1.0,0.0
12,85,8.06283127931403,3.385138975056955,0.0,0.0,0.0,0.0,0.0,1.0
13,85,0.0,8.78650271429074,0.0,0.0,0.0,0.0,0.0,1.0
14,85,6.878656039698438,2.3638414866560127,0.0,0.0,0.0,0.0,1.0,0.0
15,85,8.538168172843324,6.087534211877624,1.0,0.0,0.0,1.0,0.0,0.0
16,85,4.922181857108228,1.1538537001444935,0.0,0.0,1.0,0.0,0.0,1.0
17,85,9.287045314691031,8.087503439260043,1.0,0.0,0.0,1.0,0.0,0.0
18,85,10.208684975412105,7.389112580647699,1.0,0.0,0.0,1.0,0.0,0.0
19,85,8.737709039687672,7.817906800686836,0.0,1.0,0.0,1.0,0.0,0.0
0,90,7.905392245371837,3.2697120641832904,1.0,1.0,1.0,0.0,1.0,1.0
1,90,6.666232371078255,6.514294119146408,0.0,0.0,1.0,1.0,1.0,0.0
2,90,2.186578134509661,0.8180845472270225,0.0,1.0,0.0,1.0,1.0,0.0
3,90,8.23193604473292,0.6316036922624766,1.0,0.0,0.0,1.0,0.0,1.0
4,90,8.867085145094698,0.6606647367961576,0.0,0.0,0.0,0.0,0.0,0.0
5,90,6.674850611045518,1.1120903158142312,0.0,0.0,1.0,1.0,0.0,1.0
6,90,11.933212533392789,10.709896623028971,0.0,1.0,1.0,1.0,0.0,1.0
7,90,2.983203231252256,5.931011276558469,0.0,0.0,0.0,1.0,1.0,0.0
8,90,0.5439667519540317,2.3653574090297766,1.0,1.0,0.0,1.0,1.0,1.0
9,90,3.036689811035413,4.838629062702098,0.0,1.0,1.0,1.0,0.0,0.0
10,90,10.72063607459456,7.816054237921336,1.0,0.0,1.0,1.0,0.0,1.0
11,90,8.395946779711794,5.834351734130815,0.0,0.0,0.0,0.0,1.0,0.0
12,90,8.104305861069843,3.4423829869713765,0.0,0.0,0.0,0.0,0.0,1.0
13,90,0.0,8.825751624516384,0.0,0.0,0.0,0.0,0.0,1.0
14,90,6.795175227167793,2.247508210677865,0.0,0.0,0.0,0.0,1.0,0.0
15,90,8.653259058891592,6.023130398480414,1.0,0.0,0.0,1.0,0.0,0.0
16,90,4.986132412661179,1.1021130376830606,0.0,0.0,1.0,0.0,0.0,1.0
17,90,9.262095531786526,8.091069242173697,1.0,0.0,0.0,1.0,0.0,0.0
18,90,10.179034597702428,7.406235914725698,1.0,0.0,0.0,1.0,0.0,0.0
19,90,8.913106660504262,7.891260854374636,0.0,1.0,0.0,1.0,0.0,0.0
0,95,7.931654924851997,3.2776578867069905,1.0,1.0,1.0,0.0,1.0,1.0
1,95,6.706601641795657,6.545348627091683,0.0,0.0,1.0,1.0,1.0,0.0
2,95,2.167870888970508,0.8373773735871667,0.0,1.0,0.0,1.0,1.0,0.0
3,95,8.247242324513312,0.5481541573300451,1.0,0.0,0.0,1.0,0.0,1.0
4,95,8.844442577906621,0.604588980204922,0.0,0.0,0.0,0.0,0.0,0.0
5,95,6.659521355457642,1.063693455713206,0.0,0.0,1.0,1.0,0.0,1.0
6,95,11.997930791639975,10.61415511883748,0.0,1.0,1.0,1.0,0.0,1.0
7,95,2.981056556072701,5.921565841262358,0.0,0.0,0.0,1.0,1.0,0.0
8,95,0.6167037730612993,2.2825757369404,1.0,1.0,0.0,1.0,1.0,1.0
9,95,3.0717229206708394,4.726314568515956,0.0,1.0,1.0,1.0,0.0,0.0
10,95,10.688879823199867,7.535486307473045,1.0,0.0,1.0,1.0,0.0,1.0
11,95,8.363695341624894,5.853236799049912,0.0,0.0,0.0,0.0,1.0,0.0
12,95,8.147260497861545,3.5008962737472054,0.0,0.0,0.0,0.0,0.0,1.0
13,95,0.0,8.876361714091754,0.0,0.0,0.0,0.0,0.0,1.0
14,95,6.722851026763464,2.151903514754628,0.0,0.0,0.0,0.0,1.0,0.0
15,95,8.74966604513721,5.965721367302501,1.0,0.0,0.0,1.0,0.0,0.0
16,95,5.035524808701379,1.0610633945131644,0.0,0.0,1.0,0.0,0.0,1.0
17,95,9.24604262906843,8.093658859077996,1.0,0.0,0.0,1.0,0.0,0.0
18,95,10.167890747679197,7.412666520483765,1.0,0.0,0.0,1.0,0.0,0.0
19,95,9.073013216117994,7.953571757513767,0.0,1.0,0.0,1.0,0.0,0.0
0,100,7.938244927428232,3.279831266464968,1.0,1.0,1.0,0.0,1.0,1.0
1,100,6.738979262074469,6.570380155205559,0.0,0.0,1.0,1.0,1.0,0.0
2,100,2.13841854084374,0.868812381731954,0.0,1.0,0.0,1.0,1.0,0.0
3,100,8.261753597249346,0.482189699734786,1.0,0.0,0.0,1.0,0.0,1.0
4,100,8.832825351080666,0.5753399357175619,0.0,0.0,0.0,0.0,0.0,0.0
5,100,6.646691642406783,1.023472123293054,0.0,0.0,1.0,1.0,0.0,1.0
6,100,12.0,10.505814416184757,0.0,1.0,1.0,1.0,0.0,1.0
7,100,3.002193796871429,5.916489103076723,0.0,0.0,0.0,1.0,1.0,0.0
8,100,0.6855880096867585,2.2076576888658987,1.0,1.0,0.0,1.0,1.0,1.0
9,100,3.100077284257867,4.634253156295361,0.0,1.0,1.0,1.0,0.0,0.0
10,100,10.655852524596266,7.248463033368976,1.0,0.0,1.0,1.0,0.0,1.0
11,100,8.338197712402238,5.8682966491107225,0.0,0.0,0.0,0.0,1.0,0.0
12,100,8.19308972311207,3.5666608147912138,0.0,0.0,0.0,0.0,0.0,1.0
13,100,0.0,8.953899801573966,0.0,0.0,0.0,0.0,0.0,1.0
14,100,6.6640137578883225,2.0759398536661204,0.0,0.0,0.0,0.0,1.0,0.0
15,100,8.837515250351403,5.912886843699109,1.0,0.0,0.0,1.0,0.0,0.0
16,100,5.07285751042672,1.0286506273757574,0.0,0.0,1.0,0.0,0.0,1.0
17,100,9.228316259680945,8.096603893876246,1.0,0.0,0.0,1.0,0.0,0.0
18,100,10.156210260789983,7.419241220326286,1.0,0.0,0.0,1.0,0.0,0.0
19,100,9.230498373802885,8.010421783758146,0.0,1.0,0.0,1.0,0.0,0.0
0,105,7.950837449604702,3.283453941412136,1.0,1.0,1.0,0.0,1.0,1.0
1,105,6.766198578100311,6.59241936637645,0.0,0.0,1.0,1.0,1.0,0.0
2,105,2.1196390700910626,0.8880615188869782,0.0,1.0,0.0,1.0,1.0,0.0
3,105,8.277341831480603,0.4083305114498878,1.0,0.0,0.0,1.0,0.0,1.0
4,105,8.820793972578322,0.541784307099642,0.0,0.0,0.0,0.0,0.0,0.0
5,105,6.63500460026246,0.9874947642356766,0.0,0.0,1.0,1.0,0.0,1.0
6,105,12.0,10.418326924659302,0.0,1.0,1.0,1.0,0.0,1.0
7,105,3.0241836182860764,5.9109982094451565,0.0,0.0,0.0,1.0,1.0,0.0
8,105,0.7489341071141549,2.13738508008787,1.0,1.0,0.0,1.0,1.0,1.0
9,105,3.1282346740577247,4.539041852658585,0.0,1.0,1.0,1.0,0.0,0.0
10,105,10.621113289884606,6.952768515092122,1.0,0.0,1.0,1.0,0.0,1.0
11,105,8.31556719039271,5.882210637866697,0.0,0.0,0.0,0.0,1.0,0.0
12,105,8.219217200415521,3.607955656032473,0.0,0.0,0.0,0.0,0.0,1.0
13,105,0.0,9.02359127548356,0.0,0.0,0.0,0.0,0.0,1.0
14,105,6.605008780270687,1.9994017858352715,0.0,0.0,0.0,0.0,1.0,0.0
15,105,8.935624777143532,5.855872463953879,1.0,0.0,0.0,1.0,0.0,0.0
16,105,5.120277089497068,0.9892940335092096,0.0,0.0,1.0,0.0,0.0,1.0
17,105,9.216896586745996,8.098734977142161,1.0,0.0,0.0,1.0,0.0,0.0
18,105,10.133647512866249,7.431928587562885,1.0,0.0,0.0,1.0,0.0,0.0
19,105,9.420959383262296,8.079385817906445,0.0,1.0,0.0,1.0,0.0,0.0
0,110,7.969310195787154,3.2886468158323123,1.0,1.0,1.0,0.0,1.0,1.0
1,110,6.789459970266117,6.611077805520677,0.0,0.0,1.0,1.0,1.0,0.0
2,110,2.100769505063718,0.9077064362336216,0.0,1.0,0.0,1.0,1.0,0.0
3,110,8.298682619210581,0.3092325522777475,1.0,0.0,0.0,1.0,0.0,1.0
4,110,8.806603305070649,0.5026885877727967,0.0,0.0,0.0,0.0,0.0,0.0
5,110,6.620865806688984,0.9439748133714868,0.0,0.0,1.0,1.0,0.0,1.0
6,110,12.0,10.32890796245104,0.0,1.0,1.0,1.0,0.0,1.0
7,110,3.0432598877270034,5.906067591053335,0.0,0.0,0.0,1.0,1.0,0.0
8,110,0.8198094605059442,2.061574844659357,1.0,1.0,0.0,1.0,1.0,1.0
9,110,3.160449370434374,4.434734861410731,0.0,1.0,1.0,1.0,0.0,0.0
10,110,10.577573160262354,6.64990254168828,1.0,0.0,1.0,1.0,0.0,1.0
11,110,8.312316204787777,5.8841578080528905,0.0,0.0,0.0,0.0,1.0,0.0
12,110,8.248819951372194,3.654666618809564,0.0,0.0,0.0,0.0,0.0,1.0
13,110,0.0,9.088255119581529,0.0,0.0,0.0,0.0,0.0,1.0
14,110,6.543733103079615,1.920336690552581,0.0,0.0,0.0,0.0,1.0,0.0
15,110,9.034943835304,5.796204403062813,1.0,0.0,0.0,1.0,0.0,0.0
16,110,5.168144503366792,0.9483339143894938,0.0,0.0,1.0,0.0,0.0,1.0
17,110,9.204450599566496,8.101531065476273,1.0,0.0,0.0,1.0,0.0,0.0
18,110,10.127871045805612,7.435056434534476,1.0,0.0,0.0,1.0,0.0,0.0
19,110,9.603840439823362,8.143163645466498,0.0,1.0,0.0,1.0,0.0,0.0
0,115,8.005162212800963,3.299789383523324,1.0,1.0,1.0,0.0,1.0,1.0
1,115,6.826686503360075,6.640850545188072,0.0,0.0,1.0,1.0,1.0,0.0
2,115,2.087714701982852,0.9206469046225048,0.0,1.0,0.0,1.0,1.0,0.0
3,115,8.320955002166881,0.2089478868167642,1.0,0.0,0.0,1.0,0.0,1.0
4,115,8.792902889023287,0.4649379440446552,0.0,0.0,0.0,0.0,0.0,0.0
5,115,6.610214510887852,0.9113352452369764,0.0,0.0,1.0,1.0,0.0,1.0
6,115,12.0,10.230848007763036,0.0,1.0,1.0,1.0,0.0,1.0
7,115,3.070229829439346,5.898690984906814,0.0,0.0,0.0,1.0,1.0,0.0
8,115,0.8751458320572814,2.004162480766008,1.0,1.0,0.0,1.0,1.0,1.0
9,115,3.1916114119811505,4.336650816405698,0.0,1.0,1.0,1.0,0.0,0.0
10,115,10.541364951241592,6.358903525513492,1.0,0.0,1.0,1.0,0.0,1.0
11,115,8.297953061716683,5.892950471099388,0.0,0.0,0.0,0.0,1.0,0.0
12,115,8.270002831135125,3.6863294771008186,0.0,0.0,0.0,0.0,0.0,1.0
13,115,0.0,9.139540855445446,0.0,0.0,0.0,0.0,0.0,1.0
14,115,6.488311046760419,1.849870124401809,0.0,0.0,0.0,0.0,1.0,0.0
15,115,9.130529859320486,5.73836823498846,1.0,0.0,0.0,1.0,0.0,0.0
16,115,5.206864021874408,0.9159641579078396,0.0,0.0,1.0,0.0,0.0,1.0
17,115,9.199343591288905,8.10276345147385,1.0,0.0,0.0,1.0,0.0,0.0
18,115,10.142545133087127,7.427050405845857,1.0,0.0,0.0,1.0,0.0,0.0
19,115,9.779961298067608,8.2023513785197,0.0,1.0,0.0,1.0,0.0,0.0
0,120,8.055456508149476,3.3150108629154267,1.0,1.0,1.0,0.0,1.0,1.0
1,120,6.864379053384566,6.672401499965734,0.0,0.0,1.0,1.0,1.0,0.0
2,120,2.068223580458822,0.940271447654415,0.0,1.0,0.0,1.0,1.0,0.0
3,120,8.341190049471917,0.1162469130019524,1.0,0.0,0.0,1.0,0.0,1.0
4,120,8.779421390631986,0.4269222563960028,0.0,0.0,0.0,0.0,0.0,0.0
5,120,6.605255481461079,0.897040996598502,0.0,0.0,1.0,1.0,0.0,1.0
6,120,12.0,10.151000942745473,0.0,1.0,1.0,1.0,0.0,1.0
7,120,3.1194788231710886,5.8860280289474805,0.0,0.0,0.0,1.0,1.0,0.0
8,120,0.92189592943621,1.9532087941317764,1.0,1.0,0.0,1.0,1.0,1.0
9,120,3.2204233832384546,4.249178685133045,0.0,1.0,1.0,1.0,0.0,0.0
10,120,10.50445069776068,6.064903606072475,1.0,0.0,1.0,1.0,0.0,1.0
11,120,8.267586607226995,5.9113892295467645,0.0,0.0,0.0,0.0,1.0,0.0
12,120,8.295990032701335,3.724508059602998,0.0,0.0,0.0,0.0,0.0,1.0
13,120,0.0,9.201704988382424,0.0,0.0,0.0,0.0,0.0,1.0
14,120,6.432912237398598,1.7793053408071549,0.0,0.0,0.0,0.0,1.0,0.0
15,120,9.225300168539052,5.683045002911325,1.0,0.0,0.0,1.0,0.0,0.0
16,120,5.240529470567933,0.8883430258142039,0.0,0.0,1.0,0.0,0.0,1.0
17,120,9.17929439221096,8.10716158036291,1.0,0.0,0.0,1.0,0.0,0.0
18,120,10.132765381545756,7.432313056831681,1.0,0.0,0.0,1.0,0.0,0.0
19,120,9.966153606247408,8.263808722636412,0.0,1.0,0.0,1.0,0.0,0.0
0,125,8.09294218055811,3.3267024528768143,1.0,1.0,1.0,0.0,1.0,1.0
1,125,6.89926868172769,6.703432141201551,0.0,0.0,1.0,1.0,1.0,0.0
2,125,2.048857683624019,0.9581886019379058,0.0,1.0,0.0,1.0,1.0,0.0
3,125,8.360076221015246,0.0212450449577952,1.0,0.0,0.0,1.0,0.0,1.0
4,125,8.775481302472985,0.4151274100293443,0.0,0.0,0.0,0.0,0.0,0.0
5,125,6.593174603117173,0.8641988136440149,0.0,0.0,1.0,1.0,0.0,1.0
6,125,12.0,10.074921084951054,0.0,1.0,1.0,1.0,0.0,1.0
7,125,3.165971205931404,5.874068773397492,0.0,0.0,0.0,1.0,1.0,0.0
8,125,0.9826613139525444,1.8872980470437768,1.0,1.0,0.0,1.0,1.0,1.0
9,125,3.2519771841878886,4.16052249104483,0.0,1.0,1.0,1.0,0.0,0.0
10,125,10.470669106880605,5.785500644469541,1.0,0.0,1.0,1.0,0.0,1.0
11,125,8.24785799562463,5.9235146449010845,0.0,0.0,0.0,0.0,1.0,0.0
12,125,8.328355592468462,3.7732306297246745,0.0,0.0,0.0,0.0,0.0,1.0
13,125,0.0,9.279264136225144,0.0,0.0,0.0,0.0,0.0,1.0
14,125,6.379129259478915,1.7131531507600517,0.0,0.0,0.0,0.0,1.0,0.0
15,125,9.31266706051368,5.634014142354702,1.0,0.0,0.0,1.0,0.0,0.0
16,125,5.257328324612623,0.8742624298413942,0.0,0.0,1.0,0.0,0.0,1.0
17,125,9.162386290427342,8.110153304170698,1.0,0.0,0.0,1.0,0.0,0.0
18,125,10.11635181942622,7.441267223304133,1.0,0.0,0.0,1.0,0.0,0.0
19,125,9.89336419884951,8.466725129825898,0.0,1.0,0.0,1.0,0.0,0.0
0,130,8.131695187431019,3.338717695467037,1.0,1.0,1.0,0.0,1.0,1.0
1,130,6.937813202109868,6.738103205247114,0.0,0.0,1.0,1.0,1.0,0.0
2,130,2.028303501272048,0.9765988287443744,0.0,1.0,0.0,1.0,1.0,0.0
3,130,8.37540469142638,0.0,1.0,0.0,0.0,1.0,0.0,1.0
4,130,8.766698304231184,0.3896197209295877,0.0,0.0,0.0,0.0,0.0,0.0
5,130,6.574534815699985,0.8108739072769252,0.0,0.0,1.0,1.0,0.0,1.0
6,130,12.0,10.008995976018786,0.0,1.0,1.0,1.0,0.0,1.0
7,130,3.2097264013307303,5.863200409459875,0.0,0.0,0.0,1.0,1.0,0.0
8,130,1.0466876442237925,1.8165982500919924,1.0,1.0,0.0,1.0,1.0,1.0
9,130,3.2846481648811343,4.065513141961855,0.0,1.0,1.0,1.0,0.0,0.0
10,130,10.4414113360049,5.501506658750379,1.0,0.0,1.0,1.0,0.0,1.0
11,130,8.242889506803916,5.926531022101806,0.0,0.0,0.0,0.0,1.0,0.0
12,130,8.36286515810337,3.823670796011024,0.0,0.0,0.0,0.0,0.0,1.0
13,130,0.0,9.35416247500562,0.0,0.0,0.0,0.0,0.0,1.0
14,130,6.327322589683834,1.6500903882224218,0.0,0.0,0.0,0.0,1.0,0.0
15,130,9.387781039917032,5.593166512838757,1.0,0.0,0.0,1.0,0.0,0.0
16,130,5.267841095020633,0.8658241311105528,0.0,0.0,1.0,0.0,0.0,1.0
17,130,9.1355129023089,8.114410205553018,1.0,0.0,0.0,1.0,0.0,0.0
18,130,10.107965541134268,7.44526647274498,1.0,0.0,0.0,1.0,0.0,0.0
19,130,9.820912716790078,8.679672010342255,0.0,1.0,0.0,1.0,0.0,0.0
0,135,8.177483399346478,3.3534771535085275,1.0,1.0,1.0,0.0,1.0,1.0
1,135,6.978172771540357,6.775242464117906,0.0,0.0,1.0,1.0,1.0,0.0
2,135,2.01759849037269,0.986061508959348,0.0,1.0,0.0,1.0,1.0,0.0
3,135,8.389161489956331,0.0,1.0,0.0,0.0,1.0,0.0,1.0
4,135,8.75516686174652,0.35939106434917,0.0,0.0,0.0,0.0,0.0,0.0
5,135,6.565429233546382,0.7814871636771745,0.0,0.0,1.0,1.0,0.0,1.0
6,135,12.0,9.930473743499665,0.0,1.0,1.0,1.0,0.0,1.0
7,135,3.239487099805918,5.8552943406615565,0.0,0.0,0.0,1.0,1.0,0.0
8,135,1.0979824715661983,1.7591334659449338,1.0,1.0,0.0,1.0,1.0,1.0
9,135,3.3111291639297016,3.9823292821899328,0.0,1.0,1.0,1.0,0.0,0.0
10,135,10.403498988377162,5.211325058273549,1.0,0.0,1.0,1.0,0.0,1.0
11,135,8.264420263760922,5.913757003664588,0.0,0.0,0.0,0.0,1.0,0.0
12,135,8.408483538826426,3.888084688030872,0.0,0.0,0.0,0.0,0.0,1.0
13,135,0.0,9.422220004013075,0.0,0.0,0.0,0.0,0.0,1.0
14,135,6.277924471760328,1.5918756677666512,0.0,0.0,0.0,0.0,1.0,0.0
15,135,9.463756307753892,5.5477806184664775,1.0,0.0,0.0,1.0,0.0,0.0
16,135,5.277541361351197,0.8581048285936672,0.0,0.0,1.0,0.0,0.0,1.0
17,135,9.133675387757188,8.11466010016205,1.0,0.0,0.0,1.0,0.0,0.0
18,135,10.083849196625486,7.456837277046548,1.0,0.0,0.0,1.0,0.0,0.0
19,135,9.759671923230124,8.86986022968745,0.0,1.0,0.0,1.0,0.0,0.0
0,140,8.223586185255307,3.3675140857749373,1.0,1.0,1.0,0.0,1.0,1.0
1,140,7.0302100361939965,6.821017128455139,0.0,0.0,1.0,1.0,1.0,0.0
2,140,2.026761012205571,0.9782225948900172,0.0,1.0,0.0,1.0,1.0,0.0
3,140,8.402835205183273,0.0,1.0,0.0,0.0,1.0,0.0,1.0
4,140,8.743537976990332,0.332202436230232,0.0,0.0,0.0,0.0,0.0,0.0
5,140,6.550117689159632,0.7300644125199133,0.0,0.0,1.0,1.0,0.0,1.0
6,140,12.0,9.8564534373987,0.0,1.0,1.0,1.0,0.0,1.0
7,140,3.2634743437990403,5.849141813493235,0.0,0.0,0.0,1.0,1.0,0.0
8,140,1.147321110238876,1.7031702880704134,1.0,1.0,0.0,1.0,1.0,1.0
9,140,3.3394250243264016,3.893789119535278,0.0,1.0,1.0,1.0,0.0,0.0
10,140,10.362058058674297,4.9041595242823925,1.0,0.0,1.0,1.0,0.0,1.0
11,140,8.283629269500107,5.902100643492126,0.0,0.0,0.0,0.0,1.0,0.0
12,140,8.446787967451236,3.941523687650608,0.0,0.0,0.0,0.0,0.0,1.0
13,140,0.0,9.47965342366213,0.0,0.0,0.0,0.0,0.0,1.0
14,140,6.224220991849812,1.5291568890002698,0.0,0.0,0.0,0.0,1.0,0.0
15,140,9.532290352855302,5.507660296750628,1.0,0.0,0.0,1.0,0.0,0.0
16,140,5.259935472722957,0.8723535574572411,0.0,0.0,1.0,0.0,0.0,1.0
17,140,9.164769949609754,8.109861398668679,1.0,0.0,0.0,1.0,0.0,0.0
18,140,10.059380577098835,7.469413754864536,1.0,0.0,0.0,1.0,0.0,0.0
19,140,9.695887135851406,9.066519889341826,0.0,1.0,0.0,1.0,0.0,0.0
0,145,8.266648387129145,3.380922232935678,1.0,1.0,1.0,0.0,1.0,1.0
1,145,7.082357941191752,6.869278525997555,0.0,0.0,1.0,1.0,1.0,0.0
2,145,2.026930212958852,0.9780853170444054,0.0,1.0,0.0,1.0,1.0,0.0
3,145,8.413410163392617,0.0,1.0,0.0,0.0,1.0,0.0,1.0
4,145,8.734918944343704,0.312206241261476,0.0,0.0,0.0,0.0,0.0,0.0
5,145,6.5351370659325205,0.6812106951424267,0.0,0.0,1.0,1.0,0.0,1.0
6,145,12.0,9.798773512476927,0.0,1.0,1.0,1.0,0.0,1.0
7,145,3.3085559792339065,5.837120549657108,0.0,0.0,0.0,1.0,1.0,0.0
8,145,1.193384263672813,1.6468109592068527,1.0,1.0,0.0,1.0,1.0,1.0
9,145,3.3666979901126437,3.812255463969092,0.0,1.0,1.0,1.0,0.0,0.0
10,145,10.31875520743587,4.598037409341318,1.0,0.0,1.0,1.0,0.0,1.0
11,145,8.306565192723752,5.889120674779093,0.0,0.0,0.0,0.0,1.0,0.0
12,145,8.496621726395501,4.010549347889335,0.0,0.0,0.0,0.0,0.0,1.0
13,145,0.0,9.5440319321349,0.0,0.0,0.0,0.0,0.0,1.0
14,145,6.161444746442404,1.4575132587205704,0.0,0.0,0.0,0.0,1.0,0.0
15,145,9.58422667998792,5.477648804620118,1.0,0.0,0.0,1.0,0.0,0.0
16,145,5.22833968389442,0.8974016604077878,0.0,0.0,1.0,0.0,0.0,1.0
17,145,9.205128571838086,8.103587059065752,1.0,0.0,0.0,1.0,0.0,0.0
18,145,10.027385736972304,7.485874285707285,1.0,0.0,0.0,1.0,0.0,0.0
19,145,9.63184704109504,9.274194146382946,0.0,1.0,0.0,1.0,0.0,0.0
0,150,8.308538784093479,3.3946740417778827,1.0,1.0,1.0,0.0,1.0,1.0
1,150,7.12681359686345,6.9091703634790935,0.0,0.0,1.0,1.0,1.0,0.0
2,150,2.0029731277755105,0.997681690490022,0.0,1.0,0.0,1.0,1.0,0.0
3,150,8.423030927067664,0.0,1.0,0.0,0.0,1.0,0.0,1.0
4,150,8.72925128199768,0.2996600405266218,0.0,0.0,0.0,0.0,0.0,0.0
5,150,6.5232391612968215,0.6427133478012754,0.0,0.0,1.0,1.0,0.0,1.0
6,150,12.0,9.752540869413016,0.0,1.0,1.0,1.0,0.0,1.0
7,150,3.3521155442792683,5.826747849012596,0.0,0.0,0.0,1.0,1.0,0.0
8,150,1.23435611829885,1.60062231789583,1.0,1.0,0.0,1.0,1.0,1.0
9,150,3.387062595462514,3.750278194520287,0.0,1.0,1.0,1.0,0.0,0.0
10,150,10.267780564912062,4.279395332886919,1.0,0.0,1.0,1.0,0.0,1.0
11,150,8.334285120913327,5.873132319591336,0.0,0.0,0.0,0.0,1.0,0.0
12,150,8.551599382462058,4.0912615573784405,0.0,0.0,0.0,0.0,0.0,1.0
13,150,0.0,9.597887731699776,0.0,0.0,0.0,0.0,0.0,1.0
14,150,6.091015119175474,1.3764298800520451,0.0,0.0,0.0,0.0,1.0,0.0
15,150,9.637030146394927,5.448115658286111,1.0,0.0,0.0,1.0,0.0,0.0
16,150,5.194966647074634,0.924038521910099,0.0,0.0,1.0,0.0,0.0,1.0
17,150,9.262854765050784,8.094046097046048,1.0,0.0,0.0,1.0,0.0,0.0
18,150,10.022654892589172,7.488231663745242,1.0,0.0,0.0,1.0,0.0,0.0
19,150,9.560154146907664,9.49394596231996,0.0,1.0,0.0,1.0,0.0,0.0
0,155,8.330472105258774,3.401818912385725,1.0,1.0,1.0,0.0,1.0,1.0
1,155,7.173781892828963,6.953441595486429,0.0,0.0,1.0,1.0,1.0,0.0
2,155,1.9737378762454196,1.0220375676257678,0.0,1.0,0.0,1.0,1.0,0.0
3,155,8.432476290175345,0.0,1.0,0.0,0.0,1.0,0.0,1.0
4,155,8.728915392268071,0.2989361646588165,0.0,0.0,0.0,0.0,0.0,0.0
5,155,6.51350947954991,0.611962256249378,0.0,0.0,1.0,1.0,0.0,1.0
6,155,12.0,9.710700157657833,0.0,1.0,1.0,1.0,0.0,1.0
7,155,3.3988048350572075,5.815383506399702,0.0,0.0,0.0,1.0,1.0,0.0
8,155,1.2685694420462428,1.560893357643066,1.0,1.0,0.0,1.0,1.0,1.0
9,155,3.4127075096848145,3.6731850671325033,0.0,1.0,1.0,1.0,0.0,0.0
10,155,10.209613484943768,3.958701535137124,1.0,0.0,1.0,1.0,0.0,1.0
11,155,8.354931305933148,5.861212920853648,0.0,0.0,0.0,0.0,1.0,0.0
12,155,8.604566458840962,4.170350918918601,0.0,0.0,0.0,0.0,0.0,1.0
13,155,0.0,9.639551587039511,0.0,0.0,0.0,0.0,0.0,1.0
14,155,6.011874476637217,1.28843170405879,0.0,0.0,0.0,0.0,1.0,0.0
15,155,9.689404267777135,5.419622509060964,1.0,0.0,0.0,1.0,0.0,0.0
16,155,5.166187855926436,0.9485478867513786,0.0,0.0,1.0,0.0,0.0,1.0
17,155,9.307243237558286,8.084984755842568,1.0,0.0,0.0,1.0,0.0,0.0
18,155,10.010669176018746,7.494406712956707,1.0,0.0,0.0,1.0,0.0,0.0
19,155,9.492590038049633,9.6976177941298,0.0,1.0,0.0,1.0,0.0,0.0
0,160,8.346860430249064,3.407488189392589,1.0,1.0,1.0,0.0,1.0,1.0
1,160,7.217463359326581,6.994373599507557,0.0,0.0,1.0,1.0,1.0,0.0
2,160,1.928291994574033,1.062696031426849,0.0,1.0,0.0,1.0,1.0,0.0
3,160,8.442591758672966,0.0,1.0,0.0,0.0,1.0,0.0,1.0
4,160,8.737168509864144,0.3163160527812801,0.0,0.0,0.0,0.0,0.0,0.0
5,160,6.511398285133167,0.6049273671761904,0.0,0.0,1.0,1.0,0.0,1.0
6,160,12.0,9.669969910691464,0.0,1.0,1.0,1.0,0.0,1.0
7,160,3.442293821124017,5.804309901539953,0.0,0.0,0.0,1.0,1.0,0.0
8,160,1.310171949027347,1.5097641464929257,1.0,1.0,0.0,1.0,1.0,1.0
9,160,3.438253427102535,3.5971113670458483,0.0,1.0,1.0,1.0,0.0,0.0
10,160,10.1508162794188,3.624909280439245,1.0,0.0,1.0,1.0,0.0,1.0
11,160,8.362445320458367,5.856672059735519,0.0,0.0,0.0,0.0,1.0,0.0
12,160,8.64503540011296,4.231526995648249,0.0,0.0,0.0,0.0,0.0,1.0
13,160,0.0,9.682385786621818,0.0,0.0,0.0,0.0,0.0,1.0
14,160,5.917297492323269,1.182182509767319,0.0,0.0,0.0,0.0,1.0,0.0
15,160,9.716653922912387,5.403914214421756,1.0,0.0,0.0,1.0,0.0,0.0
16,160,5.152124244228943,0.9605087947015208,0.0,0.0,1.0,0.0,0.0,1.0
17,160,9.33672636204214,8.0794511717419,1.0,0.0,0.0,1.0,0.0,0.0
18,160,9.984480757721188,7.508222360859616,1.0,0.0,0.0,1.0,0.0,0.0
19,160,9.42437823781066,9.895182225440642,0.0,1.0,0.0,1.0,0.0,0.0
0,165,8.39741878851517,3.4247952999691567,1.0,1.0,1.0,0.0,1.0,1.0
1,165,7.27241559337313,7.048027539916807,0.0,0.0,1.0,1.0,1.0,0.0
2,165,1.8764706909421045,1.110029446373425,0.0,1.0,0.0,1.0,1.0,0.0
3,165,8.452763609025011,0.0,1.0,0.0,0.0,1.0,0.0,1.0
4,165,8.739169277673547,0.3205678776938012,0.0,0.0,0.0,0.0,0.0,0.0
5,165,6.51181943662885,0.6063691011735975,0.0,0.0,1.0,1.0,0.0,1.0
6,165,12.0,9.637497761087513,0.0,1.0,1.0,1.0,0.0,1.0
7,165,3.4893994574113463,5.793055803568764,0.0,0.0,0.0,1.0,1.0,0.0
8,165,1.3401689599970663,1.4723298304941703,1.0,1.0,0.0,1.0,1.0,1.0
9,165,3.4713235230228974,3.503177095225321,0.0,1.0,1.0,1.0,0.0,0.0
10,165,10.099503486652182,3.2858136076664484,1.0,0.0,1.0,1.0,0.0,1.0
11,165,8.383429860804409,5.843957203356025,0.0,0.0,0.0,0.0,1.0,0.0
12,165,8.681632272409304,4.287262884748739,0.0,0.0,0.0,0.0,0.0,1.0
13,165,0.0,9.706260407188832,0.0,0.0,0.0,0.0,0.0,1.0
14,165,5.804280365168461,1.0563307849823491,0.0,0.0,0.0,0.0,1.0,0.0
15,165,9.74320023091576,5.387920472808551,1.0,0.0,0.0,1.0,0.0,0.0
16,165,5.148169096949324,0.9639675024431704,0.0,0.0,1.0,0.0,0.0,1.0
17,165,9.35280176315158,8.076667314300224,1.0,0.0,0.0,1.0,0.0,0.0
18,165,9.957212403857463,7.522262496172559,1.0,0.0,0.0,1.0,0.0,0.0
19,165,9.35967032459468,10.088276564316065,0.0,1.0,0.0,1.0,0.0,0.0
0,170,8.435165613114322,3.438284488943955,1.0,1.0,1.0,0.0,1.0,1.0
1,170,7.323582839741824,7.100240995369443,0.0,0.0,1.0,1.0,1.0,0.0
2,170,1.8163438264702203,1.1643563555962329,0.0,1.0,0.0,1.0,1.0,0.0
3,170,8.464355349092136,0.0,1.0,0.0,0.0,1.0,0.0,1.0
4,170,8.741871321501748,0.326337882640818,0.0,0.0,0.0,0.0,0.0,0.0
5,170,6.515610999203775,0.6192565958430276,0.0,0.0,1.0,1.0,0.0,1.0
6,170,12.0,9.618809115161604,0.0,1.0,1.0,1.0,0.0,1.0
7,170,3.516417704904266,5.786570211326118,0.0,0.0,0.0,1.0,1.0,0.0
8,170,1.3656452204569351,1.4395714378580948,1.0,1.0,0.0,1.0,1.0,1.0
9,170,3.510793962619618,3.391552751133637,0.0,1.0,1.0,1.0,0.0,0.0
10,170,10.0535233135305,2.965643615067927,1.0,0.0,1.0,1.0,0.0,1.0
11,170,8.38405349137894,5.843585496825996,0.0,0.0,0.0,0.0,1.0,0.0
12,170,8.715901292629479,4.342518070029514,0.0,0.0,0.0,0.0,0.0,1.0
13,170,0.0,9.745639044388271,0.0,0.0,0.0,0.0,0.0,1.0
14,170,5.689793235540509,0.9299756951280378,0.0,0.0,0.0,0.0,1.0,0.0
15,170,9.749401703279007,5.384426972679079,1.0,0.0,0.0,1.0,0.0,0.0
16,170,5.146223813524129,0.9658286238334858,0.0,0.0,1.0,0.0,0.0,1.0
17,170,9.364225473807725,8.074348299962603,1.0,0.0,0.0,1.0,0.0,0.0
18,170,9.931817597014224,7.534947494699222,1.0,0.0,0.0,1.0,0.0,0.0
19,170,9.292034212950336,10.27586365594946,0.0,1.0,0.0,1.0,0.0,0.0
0,175,8.455891704738653,3.445358586540265,1.0,1.0,1.0,0.0,1.0,1.0
1,175,7.357550146922465,7.134221268898055,0.0,0.0,1.0,1.0,1.0,0.0
2,175,1.7607790633495934,1.2174465231462464,0.0,1.0,0.0,1.0,1.0,0.0
3,175,8.478304805656345,0.0,1.0,0.0,0.0,1.0,0.0,1.0
4,175,8.749232059379537,0.3431601732596086,0.0,0.0,0.0,0.0,0.0,0.0
5,175,6.519873201695243,0.6332056971430953,0.0,0.0,1.0,1.0,0.0,1.0
6,175,12.0,9.58433755320242,0.0,1.0,1.0,1.0,0.0,1.0
7,175,3.5626976355883624,5.774154805917389,0.0,0.0,0.0,1.0,1.0,0.0
8,175,1.3911312717182986,1.4062167138249742,1.0,1.0,0.0,1.0,1.0,1.0
9,175,3.547488742216561,3.2829069419966617,0.0,1.0,1.0,1.0,0.0,0.0
10,175,10.016117466277665,2.653628896470487,1.0,0.0,1.0,1.0,0.0,1.0
11,175,8.39442001429085,5.837432834068221,0.0,0.0,0.0,0.0,1.0,0.0
12,175,8.739063274217619,4.381291146684286,0.0,0.0,0.0,0.0,0.0,1.0
13,175,0.0,9.781437132994048,0.0,0.0,0.0,0.0,0.0,1.0
14,175,5.5686399625222665,0.7991681401183622,0.0,0.0,0.0,0.0,1.0,0.0
15,175,9.76052506002645,5.378096765659312,1.0,0.0,0.0,1.0,0.0,0.0
16,175,5.135915167741057,0.9758429743422748,0.0,0.0,1.0,0.0,0.0,1.0
17,175,9.373091938166043,8.072416314335323,1.0,0.0,0.0,1.0,0.0,0.0
18,175,9.917714504770398,7.505401095961115,1.0,0.0,0.0,1.0,0.0,0.0
19,175,9.228234119017086,10.455694709669816,0.0,1.0,0.0,1.0,0.0,0.0
0,180,8.470426893490911,3.45034992208615,1.0,1.0,1.0,0.0,1.0,1.0
1,180,7.3777319318141235,7.154391469228235,0.0,0.0,1.0,1.0,1.0,0.0
2,180,1.713364387973114,1.2620508008057612,0.0,1.0,0.0,1.0,1.0,0.0
3,180,8.489170476041561,0.0,1.0,0.0,0.0,1.0,0.0,1.0
4,180,8.756953802822181,0.360133467583886,0.0,0.0,0.0,0.0,0.0,0.0
5,180,6.527734403823872,0.6622063156720435,0.0,0.0,1.0,1.0,0.0,1.0
6,180,12.0,9.542004667189524,0.0,1.0,1.0,1.0,0.0,1.0
7,180,3.58913343711038,5.765559947031416,0.0,0.0,0.0,1.0,1.0,0.0
8,180,1.4032702628539817,1.3913477492182926,1.0,1.0,0.0,1.0,1.0,1.0
9,180,3.579961645973981,3.194605294638792,0.0,1.0,1.0,1.0,0.0,0.0
10,180,9.982428133991936,2.344968627591231,1.0,0.0,1.0,1.0,0.0,1.0
11,180,8.408944493468493,5.829136614905992,0.0,0.0,0.0,0.0,1.0,0.0
12,180,8.764238600990918,4.422839396211251,0.0,0.0,0.0,0.0,0.0,1.0
13,180,0.0,9.808337101359347,0.0,0.0,0.0,0.0,0.0,1.0
14,180,5.451063645370468,0.6629014146609304,0.0,0.0,0.0,0.0,1.0,0.0
15,180,9.773209529017178,5.370521866997686,1.0,0.0,0.0,1.0,0.0,0.0
16,180,5.136621846569827,0.9751677177735668,0.0,0.0,1.0,0.0,0.0,1.0
17,180,9.37755277869641,8.071477912149787,1.0,0.0,0.0,1.0,0.0,0.0
18,180,9.90230398081772,7.474525885726661,1.0,0.0,0.0,1.0,0.0,0.0
19,180,9.174138671943922,10.60194004567382,0.0,1.0,0.0,1.0,0.0,0.0
0,185,8.499700453600093,3.4599107014598656,1.0,1.0,1.0,0.0,1.0,1.0
1,185,7.3955143078091234,7.172035303578532,0.0,0.0,1.0,1.0,1.0,0.0
2,185,1.659005090703768,1.314902683479366,0.0,1.0,0.0,1.0,1.0,0.0
3,185,8.505414000436444,0.0,1.0,0.0,0.0,1.0,0.0,1.0
4,185,8.765767154819207,0.3796523914899911,0.0,0.0,0.0,0.0,0.0,0.0
5,185,6.533410633820084,0.6847719962181821,0.0,0.0,1.0,1.0,0.0,1.0
6,185,12.0,9.50328974608165,0.0,1.0,1.0,1.0,0.0,1.0
7,185,3.617961032087659,5.756872551113472,0.0,0.0,0.0,1.0,1.0,0.0
8,185,1.419927957819615,1.4044604809759276,1.0,1.0,0.0,1.0,1.0,1.0
9,185,3.619443794051092,3.0927929199939808,0.0,1.0,1.0,1.0,0.0,0.0
10,185,9.948930569849828,2.0466501787854003,1.0,0.0,1.0,1.0,0.0,1.0
11,185,8.415433538368381,5.825234538930965,0.0,0.0,0.0,0.0,1.0,0.0
12,185,8.796102200578202,4.474995734321097,0.0,0.0,0.0,0.0,0.0,1.0
13,185,0.0,9.856193797696394,0.0,0.0,0.0,0.0,0.0,1.0
14,185,5.349025678926916,0.5374843056899365,0.0,0.0,0.0,0.0,1.0,0.0
15,185,9.789189324656483,5.360531505903106,1.0,0.0,0.0,1.0,0.0,0.0
16,185,5.13938968961791,0.9725004072590562,0.0,0.0,1.0,0.0,0.0,1.0
17,185,9.419894932045183,8.06202484264363,1.0,0.0,0.0,1.0,0.0,0.0
18,185,9.891444280261394,7.450843466312303,1.0,0.0,0.0,1.0,0.0,0.0
19,185,9.12613179540989,10.734346484845323,0.0,1.0,0.0,1.0,0.0,0.0
0,190,8.544484109052853,3.4750470179956805,1.0,1.0,1.0,0.0,1.0,1.0
1,190,7.405499393515206,7.181918236227364,0.0,0.0,1.0,1.0,1.0,0.0
2,190,1.601920733099114,1.3701028713473498,0.0,1.0,0.0,1.0,1.0,0.0
3,190,8.515822431501972,0.0,1.0,0.0,0.0,1.0,0.0,1.0
4,190,8.769327124697051,0.387384284855821,0.0,0.0,0.0,0.0,0.0,0.0
5,190,6.5423248187648735,0.7186723919840617,0.0,0.0,1.0,1.0,0.0,1.0
6,190,12.0,9.487972976593785,0.0,1.0,1.0,1.0,0.0,1.0
7,190,3.663725192983062,5.743162207228859,0.0,0.0,0.0,1.0,1.0,0.0
8,190,1.4518410876273071,1.4307612956374574,1.0,1.0,0.0,1.0,1.0,1.0
9,190,3.6632980975293057,2.9702258704863578,0.0,1.0,1.0,1.0,0.0,0.0
10,190,9.930813637801291,1.7228236058652913,1.0,0.0,1.0,1.0,0.0,1.0
11,190,8.424789246610088,5.819428415794759,0.0,0.0,0.0,0.0,1.0,0.0
12,190,8.837781931777185,4.5401019217379215,0.0,0.0,0.0,0.0,0.0,1.0
13,190,0.0,9.913307448031892,0.0,0.0,0.0,0.0,0.0,1.0
14,190,5.242253234240928,0.4132841779068633,0.0,0.0,0.0,0.0,1.0,0.0
15,190,9.799270756405503,5.354236558296962,1.0,0.0,0.0,1.0,0.0,0.0
16,190,5.150528631483009,0.9617633636209924,0.0,0.0,1.0,0.0,0.0,1.0
17,190,9.467098056566586,8.052049388741297,1.0,0.0,0.0,1.0,0.0,0.0
18,190,9.882947983344264,7.431866949383511,1.0,0.0,0.0,1.0,0.0,0.0
19,190,9.079406926714343,10.862604747552885,0.0,1.0,0.0,1.0,0.0,0.0
0,195,8.60435777644756,3.4944550154471328,1.0,1.0,1.0,0.0,1.0,1.0
1,195,7.423797401005874,7.199706351192117,0.0,0.0,1.0,1.0,1.0,0.0
2,195,1.5512693685687946,1.4181704212513282,0.0,1.0,0.0,1.0,1.0,0.0
3,195,8.52531283363549,0.0,1.0,0.0,0.0,1.0,0.0,1.0
4,195,8.764208062639751,0.376337791216428,0.0,0.0,0.0,0.0,0.0,0.0
5,195,6.558922236608556,0.7742093736583178,0.0,0.0,1.0,1.0,0.0,1.0
6,195,11.993122428027982,9.4995755338823,0.0,1.0,1.0,1.0,0.0,1.0
7,195,3.708957586178169,5.729813354709919,0.0,0.0,0.0,1.0,1.0,0.0
8,195,1.490718166406713,1.464237409928035,1.0,1.0,0.0,1.0,1.0,1.0
9,195,3.7141894411799306,2.8262039260377385,0.0,1.0,1.0,1.0,0.0,0.0
10,195,9.902019393046489,1.3733370128882965,1.0,0.0,1.0,1.0,0.0,1.0
11,195,8.442876441730473,5.807385044048727,0.0,0.0,0.0,0.0,1.0,0.0
12,195,8.881050188168786,4.609408533582217,0.0,0.0,0.0,0.0,0.0,1.0
13,195,0.0,9.975225611112078,0.0,0.0,0.0,0.0,0.0,1.0
14,195,5.121383969954083,0.2787603343071121,0.0,0.0,0.0,0.0,1.0,0.0
15,195,9.814273422935669,5.345227828770492,1.0,0.0,0.0,1.0,0.0,0.0
16,195,5.153953201437088,0.9582923409197086,0.0,0.0,1.0,0.0,0.0,1.0
17,195,9.546130144260022,8.03751579241001,1.0,0.0,0.0,1.0,0.0,0.0
18,195,9.879278924902913,7.42353313133593,1.0,0.0,0.0,1.0,0.0,0.0
19,195,9.030437434630745,10.99176325933643,0.0,1.0,0.0,1.0,0.0,0.0
0,200,8.68568388479893,3.5208900899491544,1.0,1.0,1.0,0.0,1.0,1.0
1,200,7.453826993510581,7.228496680705599,0.0,0.0,1.0,1.0,1.0,0.0
2,200,1.4993335619312167,1.362667755663754,0.0,1.0,0.0,1.0,1.0,0.0
3,200,8.532055187559223,0.0,1.0,0.0,0.0,1.0,0.0,1.0
4,200,8.74701754082057,0.3403710998178826,0.0,0.0,0.0,0.0,0.0,0.0
5,200,6.580918649382015,0.8463482329519273,0.0,0.0,1.0,1.0,0.0,1.0
6,200,11.97968728703346,9.521168463007644,0.0,1.0,1.0,1.0,0.0,1.0
7,200,3.703656567204888,5.712760574486873,0.0,0.0,0.0,1.0,1.0,0.0
8,200,1.516910880118593,1.4865114634885948,1.0,1.0,0.0,1.0,1.0,1.0
9,200,3.769375878848975,2.6611932118585835,0.0,1.0,1.0,1.0,0.0,0.0
10,200,9.870947240044917,1.0362201089058036,1.0,0.0,1.0,1.0,0.0,1.0
11,200,8.45112226585105,5.80183243069972,0.0,0.0,0.0,0.0,1.0,0.0
12,200,8.91885312916775,4.6668358887789365,0.0,0.0,0.0,0.0,0.0,1.0
13,200,0.0,10.030034727128749,0.0,0.0,0.0,0.0,0.0,1.0
14,200,5.005704421485568,0.1501862125543925,0.0,0.0,0.0,0.0,1.0,0.0
15,200,9.815490696538934,5.344432043883514,1.0,0.0,0.0,1.0,0.0,0.0
16,200,5.157995867053124,0.9622438412172348,0.0,0.0,1.0,0.0,0.0,1.0
17,200,9.62163043664185,8.023803525155294,1.0,0.0,0.0,1.0,0.0,0.0
18,200,9.874032583668964,7.412749343220498,1.0,0.0,0.0,1.0,0.0,0.0
19,200,8.98193305487565,11.117318380304672,0.0,1.0,0.0,1.0,0.0,0.0
0,205,8.77228115040712,3.549944158065019,1.0,1.0,1.0,0.0,1.0,1.0
1,205,7.48368940380178,7.259222747842513,0.0,0.0,1.0,1.0,1.0,0.0
2,205,1.4284789268634075,1.291024009716875,0.0,1.0,0.0,1.0,1.0,0.0
3,205,8.541470808275305,0.0,1.0,0.0,0.0,1.0,0.0,1.0
4,205,8.724130050234042,0.2969105648849393,0.0,0.0,0.0,0.0,0.0,0.0
5,205,6.605750796084355,0.926684801661853,0.0,0.0,1.0,1.0,0.0,1.0
6,205,11.95357538990088,9.564678089394327,0.0,1.0,1.0,1.0,0.0,1.0
7,205,3.691392914355494,5.676504206328417,0.0,0.0,0.0,1.0,1.0,0.0
8,205,1.528251490027122,1.49552313354614,1.0,1.0,0.0,1.0,1.0,1.0
9,205,3.821710574785732,2.5107764572899853,0.0,1.0,1.0,1.0,0.0,0.0
10,205,9.82572627157324,0.6754403112891572,1.0,0.0,1.0,1.0,0.0,1.0
11,205,8.478263799915055,5.783924212606626,0.0,0.0,0.0,0.0,1.0,0.0
12,205,8.965954320412568,4.738932808617109,0.0,0.0,0.0,0.0,0.0,1.0
13,205,0.0,10.080813360839114,0.0,0.0,0.0,0.0,0.0,1.0
14,205,4.8940614690376245,0.0187867416856823,0.0,0.0,0.0,0.0,1.0,0.0
15,205,9.833828496444603,5.332095166352164,1.0,0.0,0.0,1.0,0.0,0.0
16,205,5.141578174211343,0.9464223916156812,0.0,0.0,1.0,0.0,0.0,1.0
17,205,9.719547854679304,8.00521815958766,1.0,0.0,0.0,1.0,0.0,0.0
18,205,9.866913337393754,7.397673428007672,1.0,0.0,0.0,1.0,0.0,0.0
19,205,8.934800376806804,11.238530740460686,0.0,1.0,0.0,1.0,0.0,0.0
0,210,8.856644201231004,3.5773440400236605,1.0,1.0,1.0,0.0,1.0,1.0
1,210,7.524819624239705,7.301169323520154,0.0,0.0,1.0,1.0,1.0,0.0
2,210,1.349669153487005,1.2111969673807683,0.0,1.0,0.0,1.0,1.0,0.0
3,210,8.54803148331837,0.0,1.0,0.0,0.0,1.0,0.0,1.0
4,210,8.693704595219701,0.2381629733887465,0.0,0.0,0.0,0.0,0.0,0.0
5,210,6.638153312078898,1.0270311289499043,0.0,0.0,1.0,1.0,0.0,1.0
6,210,11.927284123714411,9.6074079819135,0.0,1.0,1.0,1.0,0.0,1.0
7,210,3.673186963076328,5.629190676515717,0.0,0.0,0.0,1.0,1.0,0.0
8,210,1.5263545991539027,1.493918098519989,1.0,1.0,0.0,1.0,1.0,1.0
9,210,3.876019336330181,2.35569673798845,0.0,1.0,1.0,1.0,0.0,0.0
10,210,9.785798852036477,0.3110782285547898,1.0,0.0,1.0,1.0,0.0,1.0
11,210,8.502372802870294,5.76896779555389,0.0,0.0,0.0,0.0,1.0,0.0
12,210,9.00517043769842,4.801751806416667,0.0,0.0,0.0,0.0,0.0,1.0
13,210,0.0,10.122479604998723,0.0,0.0,0.0,0.0,0.0,1.0
14,210,4.786754829158057,0.0,0.0,0.0,0.0,0.0,1.0,0.0
15,210,9.87253050001353,5.304752710857666,1.0,0.0,0.0,1.0,0.0,0.0
16,210,5.130994078578249,0.9362700517785978,0.0,0.0,1.0,0.0,0.0,1.0
17,210,9.822537862975484,7.984525472224236,1.0,0.0,0.0,1.0,0.0,0.0
18,210,9.851838994127734,7.36451175469718,1.0,0.0,0.0,1.0,0.0,0.0
19,210,8.873327048530104,11.381874335094544,0.0,1.0,0.0,1.0,0.0,0.0
0,215,8.95118929518661,3.6084526852177055,1.0,1.0,1.0,0.0,1.0,1.0
1,215,7.583281011594807,7.360667364223083,0.0,0.0,1.0,1.0,1.0,0.0
2,215,1.2841884383981073,1.141242723890501,0.0,1.0,0.0,1.0,1.0,0.0
3,215,8.555881555349437,0.0,1.0,0.0,0.0,1.0,0.0,1.0
4,215,8.657875742844828,0.1670341531502401,0.0,0.0,0.0,0.0,0.0,0.0
5,215,6.668935608530123,1.1170989399567022,0.0,0.0,1.0,1.0,0.0,1.0
6,215,11.897028761285158,9.6553730466948,0.0,1.0,1.0,1.0,0.0,1.0
7,215,3.637038404435614,5.642994413548947,0.0,0.0,0.0,1.0,1.0,0.0
8,215,1.511769683483903,1.4823060181005134,1.0,1.0,0.0,1.0,1.0,1.0
9,215,3.928140550119665,2.203801784531916,0.0,1.0,1.0,1.0,0.0,0.0
10,215,9.741396357673622,0.0,1.0,0.0,1.0,1.0,0.0,1.0
11,215,8.540497292929672,5.746064449928747,0.0,0.0,0.0,0.0,1.0,0.0
12,215,8.956797481959965,4.831560571048687,0.0,0.0,0.0,0.0,0.0,1.0
13,215,0.0,10.149007022664083,0.0,0.0,0.0,0.0,0.0,1.0
14,215,4.673747856522917,0.0,0.0,0.0,0.0,0.0,1.0,0.0
15,215,9.917077759261604,5.271646616214797,1.0,0.0,0.0,1.0,0.0,0.0
16,215,5.099436990645299,0.9058689699408902,0.0,0.0,1.0,0.0,0.0,1.0
17,215,9.902474617569784,7.970229514952785,1.0,0.0,0.0,1.0,0.0,0.0
18,215,9.842825233001424,7.345135424250266,1.0,0.0,0.0,1.0,0.0,0.0
19,215,8.81359028726724,11.529122753414496,0.0,1.0,0.0,1.0,0.0,0.0
0,220,9.040798646028747,3.637327118736781,1.0,1.0,1.0,0.0,1.0,1.0
1,220,7.647555527296876,7.426689943612046,0.0,0.0,1.0,1.0,1.0,0.0
2,220,1.2238166740417369,1.07788433203071,0.0,1.0,0.0,1.0,1.0,0.0
3,220,8.563181096398795,0.0,1.0,0.0,0.0,1.0,0.0,1.0
4,220,8.622791940492437,0.0973960013623479,0.0,0.0,0.0,0.0,0.0,0.0
5,220,6.694389460143987,1.192897511486084,0.0,0.0,1.0,1.0,0.0,1.0
6,220,11.86643550970557,9.703430188639214,0.0,1.0,1.0,1.0,0.0,1.0
7,220,3.6187546904752006,5.649858562324955,0.0,0.0,0.0,1.0,1.0,0.0
8,220,1.5035895209667192,1.4759045109484774,1.0,1.0,0.0,1.0,1.0,1.0
9,220,3.979427840115533,2.0442038324567737,0.0,1.0,1.0,1.0,0.0,0.0
10,220,9.688949960651618,0.0,1.0,0.0,1.0,1.0,0.0,1.0
11,220,8.570044006770832,5.727925724780635,0.0,0.0,0.0,0.0,1.0,0.0
12,220,8.899074966859773,4.866926921171355,0.0,0.0,0.0,0.0,0.0,1.0
13,220,0.0,10.188893622135971,0.0,0.0,0.0,0.0,0.0,1.0
14,220,4.5752505363048055,0.0,0.0,0.0,0.0,0.0,1.0,0.0
15,220,9.959655349258629,5.238472202221238,1.0,0.0,0.0,1.0,0.0,0.0
16,220,5.068338507090518,0.8746315302611272,0.0,0.0,1.0,0.0,0.0,1.0
17,220,9.989820931543257,7.95698121583848,1.0,0.0,0.0,1.0,0.0,0.0
18,220,9.837968865184322,7.334963843097702,1.0,0.0,0.0,1.0,0.0,0.0
19,220,8.760951811786605,11.66297699444465,0.0,1.0,0.0,1.0,0.0,0.0
0,225,9.14291719592596,3.671574103184179,1.0,1.0,1.0,0.0,1.0,1.0
1,225,7.707373204681599,7.488946489887578,0.0,0.0,1.0,1.0,1.0,0.0
2,225,1.169357401184295,1.020893960107393,0.0,1.0,0.0,1.0,1.0,0.0
3,225,8.56834916713639,0.0,1.0,0.0,0.0,1.0,0.0,1.0
4,225,8.577882688100333,0.0140140558894659,0.0,0.0,0.0,0.0,0.0,0.0
5,225,6.716504777323253,1.256738883756902,0.0,0.0,1.0,1.0,0.0,1.0
6,225,11.845682776751042,9.735315081836614,0.0,1.0,1.0,1.0,0.0,1.0
7,225,3.6012357541140028,5.656108382990993,0.0,0.0,0.0,1.0,1.0,0.0
8,225,1.4674218082417898,1.4474060712879395,1.0,1.0,0.0,1.0,1.0,1.0
9,225,4.030313432592709,1.8796555571960727,0.0,1.0,1.0,1.0,0.0,0.0
10,225,9.631957281958996,0.0,1.0,0.0,1.0,1.0,0.0,1.0
11,225,8.602848717150442,5.707129949105029,0.0,0.0,0.0,0.0,1.0,0.0
12,225,8.826617240364941,4.91029785855064,0.0,0.0,0.0,0.0,0.0,1.0
13,225,0.0,10.225032537332416,0.0,0.0,0.0,0.0,0.0,1.0
14,225,4.478859312503405,0.0,0.0,0.0,0.0,0.0,1.0,0.0
15,225,10.002783101431037,5.205080362869913,1.0,0.0,0.0,1.0,0.0,0.0
16,225,5.033232927215341,0.8385199227108047,0.0,0.0,1.0,0.0,0.0,1.0
17,225,10.09276613761511,7.942738966760381,1.0,0.0,0.0,1.0,0.0,0.0
18,225,9.83662854492194,7.332199849332591,1.0,0.0,0.0,1.0,0.0,0.0
19,225,8.709295790787145,11.795032489654533,0.0,1.0,0.0,1.0,0.0,0.0
0,230,9.258387157248276,3.708974405188555,1.0,1.0,1.0,0.0,1.0,1.0
1,230,7.781634069595343,7.566666792947331,0.0,0.0,1.0,1.0,1.0,0.0
2,230,1.1151193709241367,0.9615163082340564,0.0,1.0,0.0,1.0,1.0,0.0
3,230,8.576153151191612,0.0,1.0,0.0,0.0,1.0,0.0,1.0
4,230,8.53262850227149,0.0,0.0,0.0,0.0,0.0,0.0,0.0
5,230,6.733007313973466,1.3035766704914058,0.0,0.0,1.0,1.0,0.0,1.0
6,230,11.830570454085825,9.760161441653784,0.0,1.0,1.0,1.0,0.0,1.0
7,230,3.546160280558298,5.675865830232841,0.0,0.0,0.0,1.0,1.0,0.0
8,230,1.4483953171460686,1.4326181862883205,1.0,1.0,0.0,1.0,1.0,1.0
9,230,4.086360105065149,1.706643896831588,0.0,1.0,1.0,1.0,0.0,0.0
10,230,9.58300082959098,0.0,1.0,0.0,1.0,1.0,0.0,1.0
11,230,8.636436819013754,5.686296594846971,0.0,0.0,0.0,0.0,1.0,0.0
12,230,8.764002719642084,4.949870306154841,0.0,0.0,0.0,0.0,0.0,1.0
13,230,0.0,10.251560753383393,0.0,0.0,0.0,0.0,0.0,1.0
14,230,4.387318535456791,0.0,0.0,0.0,0.0,0.0,1.0,0.0
15,230,10.03456744836582,5.180182922303967,1.0,0.0,0.0,1.0,0.0,0.0
16,230,5.000561009741827,0.8078301158378082,0.0,0.0,1.0,0.0,0.0,1.0
17,230,10.206308246030948,7.930105520708343,1.0,0.0,0.0,1.0,0.0,0.0
18,230,9.835635963944195,7.330115701078592,1.0,0.0,0.0,1.0,0.0,0.0
19,230,8.658747392524894,11.924621139861458,0.0,1.0,0.0,1.0,0.0,0.0
0,235,9.376371178958845,3.748404367307297,1.0,1.0,1.0,0.0,1.0,1.0
1,235,7.877604100412451,7.673356397511271,0.0,0.0,1.0,1.0,1.0,0.0
2,235,1.0679269418056976,0.91009972003914,0.0,1.0,0.0,1.0,1.0,0.0
3,235,8.585041248132871,0.0,1.0,0.0,0.0,1.0,0.0,1.0
4,235,8.48452876279098,0.0,0.0,0.0,0.0,0.0,0.0,0.0
5,235,6.758833328314801,1.379457230442929,0.0,0.0,1.0,1.0,0.0,1.0
6,235,11.819660966077908,9.77793315431664,0.0,1.0,1.0,1.0,0.0,1.0
7,235,3.4842905976441134,5.697369918257785,0.0,0.0,0.0,1.0,1.0,0.0
8,235,1.4307174679512689,1.4201417173344548,1.0,1.0,0.0,1.0,1.0,1.0
9,235,4.139773830346639,1.5446786671577453,0.0,1.0,1.0,1.0,0.0,0.0
10,235,9.542471882359768,0.0,1.0,0.0,1.0,1.0,0.0,1.0
11,235,8.672312207214556,5.665024604876455,0.0,0.0,0.0,0.0,1.0,0.0
12,235,8.727463631114311,4.973006349220771,0.0,0.0,0.0,0.0,0.0,1.0
13,235,0.0,10.28458961383773,0.0,0.0,0.0,0.0,0.0,1.0
14,235,4.309137319149199,0.0,0.0,0.0,0.0,0.0,1.0,0.0
15,235,10.070451127959233,5.15133052305622,1.0,0.0,0.0,1.0,0.0,0.0
16,235,4.97237009095933,0.7808864898562822,0.0,0.0,1.0,0.0,0.0,1.0
17,235,10.330419871726493,7.917296080548543,1.0,0.0,0.0,1.0,0.0,0.0
18,235,9.837521685287696,7.334285647628515,1.0,0.0,0.0,1.0,0.0,0.0
19,235,8.610961058890213,12.0,0.0,1.0,0.0,1.0,0.0,0.0
0,240,9.49572298058387,3.7895369263241054,1.0,1.0,1.0,0.0,1.0,1.0
1,240,7.978302457135503,7.784301510041554,0.0,0.0,1.0,1.0,1.0,0.0
2,240,1.0289373079398922,0.869380806963737,0.0,1.0,0.0,1.0,1.0,0.0
3,240,8.591722379115536,0.0,1.0,0.0,0.0,1.0,0.0,1.0
4,240,8.44902168131833,0.0,0.0,0.0,0.0,0.0,0.0,0.0
5,240,6.790612208232541,1.4626626809396366,0.0,0.0,1.0,1.0,0.0,1.0
6,240,11.802898647026757,9.804223795764686,0.0,1.0,1.0,1.0,0.0,1.0
7,240,3.431791485780554,5.715984082988337,0.0,0.0,0.0,1.0,1.0,0.0
8,240,1.4282560339552963,1.4184471675625965,1.0,1.0,0.0,1.0,1.0,1.0
9,240,4.192007534609678,1.3790507207672886,0.0,1.0,1.0,1.0,0.0,0.0
10,240,9.501588205624817,0.0,1.0,0.0,1.0,1.0,0.0,1.0
11,240,8.709391879232774,5.643523429427691,0.0,0.0,0.0,0.0,1.0,0.0
12,240,8.680895392231115,5.002428181185952,0.0,0.0,0.0,0.0,0.0,1.0
13,240,0.0,10.317491599954907,0.0,0.0,0.0,0.0,0.0,1.0
14,240,4.231549637461917,0.0,0.0,0.0,0.0,0.0,1.0,0.0
15,240,10.110199955719532,5.117703245154645,1.0,0.0,0.0,1.0,0.0,0.0
16,240,4.943264923053119,0.7535180336841788,0.0,0.0,1.0,0.0,0.0,1.0
17,240,10.44889024812094,7.9047097445671906,1.0,0.0,0.0,1.0,0.0,0.0
18,240,9.846203142795982,7.353518562195907,1.0,0.0,0.0,1.0,0.0,0.0
19,240,8.560114642097343,12.0,0.0,1.0,0.0,1.0,0.0,0.0
0,245,9.606810883741622,3.827673509595748,1.0,1.0,1.0,0.0,1.0,1.0
1,245,8.076840436018095,7.892221650729761,0.0,0.0,1.0,1.0,1.0,0.0
2,245,0.971591948298128,0.808988700533627,0.0,1.0,0.0,1.0,1.0,0.0
3,245,8.597540283699225,0.0,1.0,0.0,0.0,1.0,0.0,1.0
4,245,8.401514798385596,0.0,0.0,0.0,0.0,0.0,0.0,0.0
5,245,6.828245753000622,1.5656329352575105,0.0,0.0,1.0,1.0,0.0,1.0
6,245,11.771143650738471,9.85299556415465,0.0,1.0,1.0,1.0,0.0,1.0
7,245,3.3695864810465803,5.738705090749346,0.0,0.0,0.0,1.0,1.0,0.0
8,245,1.4306060378937433,1.420093142368272,1.0,1.0,0.0,1.0,1.0,1.0
9,245,4.243668171839258,1.2324615714742322,0.0,1.0,1.0,1.0,0.0,0.0
10,245,9.455730449345657,0.0,1.0,0.0,1.0,1.0,0.0,1.0
11,245,8.749999362959075,5.621646985576133,0.0,0.0,0.0,0.0,1.0,0.0
12,245,8.63407455918465,5.030751320511806,0.0,0.0,0.0,0.0,0.0,1.0
13,245,0.0,10.34841851139403,0.0,0.0,0.0,0.0,0.0,1.0
14,245,4.156622974965133,0.0,0.0,0.0,0.0,0.0,1.0,0.0
15,245,10.156500230724689,5.076349741710662,1.0,0.0,0.0,1.0,0.0,0.0
16,245,4.896495321330163,0.7097557853491632,0.0,0.0,1.0,0.0,0.0,1.0
17,245,10.434884030756024,7.781250419104139,1.0,0.0,0.0,1.0,0.0,0.0
18,245,9.85563771034242,7.372893132061176,1.0,0.0,0.0,1.0,0.0,0.0
19,245,8.51357545440665,12.0,0.0,1.0,0.0,1.0,0.0,0.0
0,250,9.69140582709117,3.858520254487958,1.0,1.0,1.0,0.0,1.0,1.0
1,250,8.170869966641495,7.998230455244835,0.0,0.0,1.0,1.0,1.0,0.0
2,250,0.9082686521620098,0.74344407023136,0.0,1.0,0.0,1.0,1.0,0.0
3,250,8.604439757730347,0.0,1.0,0.0,0.0,1.0,0.0,1.0
4,250,8.350738939764394,0.0,0.0,0.0,0.0,0.0,0.0,0.0
5,250,6.864673454812763,1.6695022341040773,0.0,0.0,1.0,1.0,0.0,1.0
6,250,11.740190864978072,9.89785010946194,0.0,1.0,1.0,1.0,0.0,1.0
7,250,3.301788062305421,5.763781390481224,0.0,0.0,0.0,1.0,1.0,0.0
8,250,1.4237618701380546,1.415052441978088,1.0,1.0,0.0,1.0,1.0,1.0
9,250,4.297187180804454,1.0864031415725524,0.0,1.0,1.0,1.0,0.0,0.0
10,250,9.415029940286148,0.0,1.0,0.0,1.0,1.0,0.0,1.0
11,250,8.782494702043884,5.603071976128345,0.0,0.0,0.0,0.0,1.0,0.0
12,250,8.594233113749484,5.054109620722528,0.0,0.0,0.0,0.0,0.0,1.0
13,250,0.0,10.374650841968938,0.0,0.0,0.0,0.0,0.0,1.0
14,250,4.080744761001055,0.0,0.0,0.0,0.0,0.0,1.0,0.0
15,250,10.1922683163838,5.042747202857954,1.0,0.0,0.0,1.0,0.0,0.0
16,250,4.85901221317587,0.6747850475292211,0.0,0.0,1.0,0.0,0.0,1.0
17,250,10.426382303794185,7.675882649387351,1.0,0.0,0.0,1.0,0.0,0.0
18,250,9.863595829494678,7.389907872377497,1.0,0.0,0.0,1.0,0.0,0.0
19,250,8.46441922796753,12.0,0.0,1.0,0.0,1.0,0.0,0.0
0,255,9.778146412384418,3.891158115398209,1.0,1.0,1.0,0.0,1.0,1.0
1,255,8.272953059898985,8.113684648238568,0.0,0.0,1.0,1.0,1.0,0.0
2,255,0.8442789979482479,0.6796047008751744,0.0,1.0,0.0,1.0,1.0,0.0
3,255,8.610917973572091,0.0,1.0,0.0,0.0,1.0,0.0,1.0
4,255,8.296139733242065,0.0,0.0,0.0,0.0,0.0,0.0,0.0
5,255,6.903126434582933,1.7764031295807023,0.0,0.0,1.0,1.0,0.0,1.0
6,255,11.71394809713108,9.938166326735317,0.0,1.0,1.0,1.0,0.0,1.0
7,255,3.2459567658908983,5.784647920584649,0.0,0.0,0.0,1.0,1.0,0.0
8,255,1.4085268097127992,1.4037628845174668,1.0,1.0,0.0,1.0,1.0,1.0
9,255,4.346846627078763,0.9578834223644797,0.0,1.0,1.0,1.0,0.0,0.0
10,255,9.36684444654304,0.0,1.0,0.0,1.0,1.0,0.0,1.0
11,255,8.829794220527694,5.576957847824994,0.0,0.0,0.0,0.0,1.0,0.0
12,255,8.552239477208898,5.07833418713252,0.0,0.0,0.0,0.0,0.0,1.0
13,255,0.0,10.396876308086794,0.0,0.0,0.0,0.0,0.0,1.0
14,255,4.016149255271799,0.0,0.0,0.0,0.0,0.0,1.0,0.0
15,255,10.218108319359247,5.019197566182295,1.0,0.0,0.0,1.0,0.0,0.0
16,255,4.814299293457317,0.6317858515552529,0.0,0.0,1.0,0.0,0.0,1.0
17,255,10.420138838422655,7.584392965550231,1.0,0.0,0.0,1.0,0.0,0.0
18,255,9.869095288365274,7.401845627611192,1.0,0.0,0.0,1.0,0.0,0.0
19,255,8.419167910024631,12.0,0.0,1.0,0.0,1.0,0.0,0.0
0,260,9.89532696283968,3.9332901339396593,1.0,1.0,1.0,0.0,1.0,1.0
1,260,8.37834512845936,8.231872699954641,0.0,0.0,1.0,1.0,1.0,0.0
2,260,0.771408064357399,0.605809108854213,0.0,1.0,0.0,1.0,1.0,0.0
3,260,8.617078674174964,0.0,1.0,0.0,0.0,1.0,0.0,1.0
4,260,8.24403483077118,0.0,0.0,0.0,0.0,0.0,0.0,0.0
5,260,6.945995286739856,1.893061903208428,0.0,0.0,1.0,1.0,0.0,1.0
6,260,11.702159017482886,9.95514177144105,0.0,1.0,1.0,1.0,0.0,1.0
7,260,3.1928256411019724,5.804657402650061,0.0,0.0,0.0,1.0,1.0,0.0
8,260,1.3880538175892123,1.388263431634165,1.0,1.0,0.0,1.0,1.0,1.0
9,260,4.3950138358126685,0.8365631349049183,0.0,1.0,1.0,1.0,0.0,0.0
10,260,9.310112561850016,0.0,1.0,0.0,1.0,1.0,0.0,1.0
11,260,8.892341574297179,5.540956820626519,0.0,0.0,0.0,0.0,1.0,0.0
12,260,8.507941439759767,5.101315855376606,0.0,0.0,0.0,0.0,0.0,1.0
13,260,0.0,10.399994674087024,0.0,0.0,0.0,0.0,0.0,1.0
14,260,3.955219483409276,0.0,0.0,0.0,0.0,0.0,1.0,0.0
15,260,10.242330338422432,4.997835352843531,1.0,0.0,0.0,1.0,0.0,0.0
16,260,4.760821410620308,0.5802519475474557,0.0,0.0,1.0,0.0,0.0,1.0
17,260,10.414191948867236,7.495247747027293,1.0,0.0,0.0,1.0,0.0,0.0
18,260,9.876651436444714,7.419577459406217,1.0,0.0,0.0,1.0,0.0,0.0
19,260,8.374202802777772,12.0,0.0,1.0,0.0,1.0,0.0,0.0
0,265,10.022482685554031,3.9770771079332814,1.0,1.0,1.0,0.0,1.0,1.0
1,265,8.479735170523492,8.343621621170104,0.0,0.0,1.0,1.0,1.0,0.0
2,265,0.6962472458821091,0.5294521551269743,0.0,1.0,0.0,1.0,1.0,0.0
3,265,8.622195864552385,0.0,1.0,0.0,0.0,1.0,0.0,1.0
4,265,8.337205219051647,0.0,0.0,0.0,0.0,0.0,0.0,0.0
5,265,6.810479701188705,1.9398947085221911,0.0,0.0,1.0,1.0,0.0,1.0
6,265,11.676586007539044,9.993341722974668,0.0,1.0,1.0,1.0,0.0,1.0
7,265,3.156376241211807,5.817965823198555,0.0,0.0,0.0,1.0,1.0,0.0
8,265,1.3428525580629598,1.3551516854768424,1.0,1.0,0.0,1.0,1.0,1.0
9,265,4.443745451125279,0.7167523367756691,0.0,1.0,1.0,1.0,0.0,0.0
10,265,9.25411864152604,0.0,1.0,0.0,1.0,1.0,0.0,1.0
11,265,8.961029160298244,5.503727573767315,0.0,0.0,0.0,0.0,1.0,0.0
12,265,8.47960384462748,5.11700409748792,0.0,0.0,0.0,0.0,0.0,1.0
13,265,0.0008488463718453,10.398350593833651,0.0,0.0,0.0,0.0,0.0,1.0
14,265,3.897212998437138,0.0,0.0,0.0,0.0,0.0,1.0,0.0
15,265,10.27002667662292,4.973504044139709,1.0,0.0,0.0,1.0,0.0,0.0
16,265,4.717847068000904,0.5360199702240956,0.0,0.0,1.0,0.0,0.0,1.0
17,265,10.408868772312772,7.409895371016357,1.0,0.0,0.0,1.0,0.0,0.0
18,265,9.894054834794286,7.457426024708553,1.0,0.0,0.0,1.0,0.0,0.0
19,265,8.32860473174499,12.0,0.0,1.0,0.0,1.0,0.0,0.0
0,270,10.153728054754172,4.02539725897885,1.0,1.0,1.0,0.0,1.0,1.0
1,270,8.568514917229887,8.442970891293937,0.0,0.0,1.0,1.0,1.0,0.0
2,270,0.6252993449975894,0.4556076854517145,0.0,1.0,0.0,1.0,1.0,0.0
3,270,8.628305052523807,0.0,1.0,0.0,0.0,1.0,0.0,1.0
4,270,8.434388679266975,0.0,0.0,0.0,0.0,0.0,0.0,0.0
5,270,6.687613475724448,1.9850496912882736,0.0,0.0,1.0,1.0,0.0,1.0
6,270,11.6531551626142,10.027601134197818,0.0,1.0,1.0,1.0,0.0,1.0
7,270,3.134707124120885,5.825219088815991,0.0,0.0,0.0,1.0,1.0,0.0
8,270,1.310102986331282,1.330602656487062,1.0,1.0,0.0,1.0,1.0,1.0
9,270,4.497500865525787,0.5797796468108718,0.0,1.0,1.0,1.0,0.0,0.0
10,270,9.193051426597645,0.0,1.0,0.0,1.0,1.0,0.0,1.0
11,270,9.031757742594907,5.467415413006444,0.0,0.0,0.0,0.0,1.0,0.0
12,270,8.465727652324327,5.125203624276383,0.0,0.0,0.0,0.0,0.0,1.0
13,270,0.0159355724618772,10.36969829315399,0.0,0.0,0.0,0.0,0.0,1.0
14,270,3.843236824477757,0.0,0.0,0.0,0.0,0.0,1.0,0.0
15,270,10.321585579624324,4.928178541237453,1.0,0.0,0.0,1.0,0.0,0.0
16,270,4.696144491311818,0.5140760839921117,0.0,0.0,1.0,0.0,0.0,1.0
17,270,10.404449992122515,7.3295876762567165,1.0,0.0,0.0,1.0,0.0,0.0
18,270,9.911172495516842,7.493279730385924,1.0,0.0,0.0,1.0,0.0,0.0
19,270,8.27238504354943,12.0,0.0,1.0,0.0,1.0,0.0,0.0
0,275,10.31097234818939,4.07817492000414,1.0,1.0,1.0,0.0,1.0,1.0
1,275,8.662209923045081,8.54753523878448,0.0,0.0,1.0,1.0,1.0,0.0
2,275,0.5544968482766895,0.3827027691942006,0.0,1.0,0.0,1.0,1.0,0.0
3,275,8.632513218236534,0.0,1.0,0.0,0.0,1.0,0.0,1.0
4,275,8.543948727336366,0.0,0.0,0.0,0.0,0.0,0.0,0.0
5,275,6.557641318774208,2.035431996338376,0.0,0.0,1.0,1.0,0.0,1.0
6,275,11.621326630763768,10.071618675480815,0.0,1.0,1.0,1.0,0.0,1.0
7,275,3.1109063305544984,5.832915183545398,0.0,0.0,0.0,1.0,1.0,0.0
8,275,1.2656049855798586,1.2959410557469175,1.0,1.0,0.0,1.0,1.0,1.0
9,275,4.557975855399927,0.4229401636376287,0.0,1.0,1.0,1.0,0.0,0.0
10,275,9.137934970071642,0.0,1.0,0.0,1.0,1.0,0.0,1.0
11,275,9.106339628872773,5.427726892708225,0.0,0.0,0.0,0.0,1.0,0.0
12,275,8.445144363214533,5.137622548770283,0.0,0.0,0.0,0.0,0.0,1.0
13,275,0.0299129261059654,10.341464359146382,0.0,0.0,0.0,0.0,0.0,1.0
14,275,3.78925810463958,0.0,0.0,0.0,0.0,0.0,1.0,0.0
15,275,10.38228720023716,4.873830776769032,1.0,0.0,0.0,1.0,0.0,0.0
16,275,4.661740140351686,0.4790024387572673,0.0,0.0,1.0,0.0,0.0,1.0
17,275,10.398233160648926,7.239564475093737,1.0,0.0,0.0,1.0,0.0,0.0
18,275,9.929884836804264,7.535961343695079,1.0,0.0,0.0,1.0,0.0,0.0
19,275,8.227122053174712,12.0,0.0,1.0,0.0,1.0,0.0,0.0
0,280,10.470378191801048,4.126654778028129,1.0,1.0,1.0,0.0,1.0,1.0
1,280,8.76382148006461,8.657658049741585,0.0,0.0,1.0,1.0,1.0,0.0
2,280,0.4827558269928173,0.3110512278664109,0.0,1.0,0.0,1.0,1.0,0.0
3,280,8.637358380449827,0.0,1.0,0.0,0.0,1.0,0.0,1.0
4,280,8.627731496525621,0.0,0.0,0.0,0.0,0.0,0.0,0.0
5,280,6.445831492848237,2.084033130117835,0.0,0.0,1.0,1.0,0.0,1.0
6,280,11.58066798109824,10.128166885958256,0.0,1.0,1.0,1.0,0.0,1.0
7,280,3.093949870458352,5.838006650717039,0.0,0.0,0.0,1.0,1.0,0.0
8,280,1.2166870480952083,1.2576442595552852,1.0,1.0,0.0,1.0,1.0,1.0
9,280,4.606071351797397,0.3031557465305071,0.0,1.0,1.0,1.0,0.0,0.0
10,280,9.090809258087935,0.0,1.0,0.0,1.0,1.0,0.0,1.0
11,280,9.188429774802518,5.381087579288633,0.0,0.0,0.0,0.0,1.0,0.0
12,280,8.442671346860468,5.139115305865596,0.0,0.0,0.0,0.0,0.0,1.0
13,280,0.044480304404412,10.31197584083084,0.0,0.0,0.0,0.0,0.0,1.0
14,280,3.716239127348709,0.0,0.0,0.0,0.0,0.0,1.0,0.0
15,280,10.431188200848116,4.928364975690828,1.0,0.0,0.0,1.0,0.0,0.0
16,280,4.62387172114572,0.4394544108374991,0.0,0.0,1.0,0.0,0.0,1.0
17,280,10.394023808860226,7.156466462046899,1.0,0.0,0.0,1.0,0.0,0.0
18,280,9.955620122349348,7.590352605904905,1.0,0.0,0.0,1.0,0.0,0.0
19,280,8.174898833864102,12.0,0.0,1.0,0.0,1.0,0.0,0.0
0,285,10.625870697116744,4.173637750011914,1.0,1.0,1.0,0.0,1.0,1.0
1,285,8.85975731766144,8.760560768928416,0.0,0.0,1.0,1.0,1.0,0.0
2,285,0.4194516321127151,0.2484109131056697,0.0,1.0,0.0,1.0,1.0,0.0
3,285,8.643271440758253,0.0,1.0,0.0,0.0,1.0,0.0,1.0
4,285,8.705876755128918,0.0,0.0,0.0,0.0,0.0,0.0,0.0
5,285,6.324236365957337,2.1325705398339103,0.0,0.0,1.0,1.0,0.0,1.0
6,285,11.527448220706352,10.199754488354138,0.0,1.0,1.0,1.0,0.0,1.0
7,285,3.0847372180603534,5.840865119187131,0.0,0.0,0.0,1.0,1.0,0.0
8,285,1.1692311813927614,1.218693013712277,1.0,1.0,0.0,1.0,1.0,1.0
9,285,4.659989532522004,0.1731586770635723,0.0,1.0,1.0,1.0,0.0,0.0
10,285,9.0476579918142,0.0,1.0,0.0,1.0,1.0,0.0,1.0
11,285,9.258850114161648,5.338403670333946,0.0,0.0,0.0,0.0,1.0,0.0
12,285,8.443666304352204,5.138543951658037,0.0,0.0,0.0,0.0,0.0,1.0
13,285,0.0590600539697806,10.283145448339416,0.0,0.0,0.0,0.0,0.0,1.0
14,285,3.810092407175622,0.0,0.0,0.0,0.0,0.0,1.0,0.0
15,285,10.473621843630522,4.9768465442151015,1.0,0.0,0.0,1.0,0.0,0.0
16,285,4.567502822202581,0.3792383652460351,0.0,0.0,1.0,0.0,0.0,1.0
17,285,10.390325036177872,7.036676764039386,1.0,0.0,0.0,1.0,0.0,0.0
18,285,9.97157120209475,7.624060738419669,1.0,0.0,0.0,1.0,0.0,0.0
19,285,8.122449230493832,12.0,0.0,1.0,0.0,1.0,0.0,0.0
0,290,10.774670163214273,4.218347433576291,1.0,1.0,1.0,0.0,1.0,1.0
1,290,8.961217657149907,8.871928647675679,0.0,0.0,1.0,1.0,1.0,0.0
2,290,0.3651045691443084,0.1948572344531787,0.0,1.0,0.0,1.0,1.0,0.0
3,290,8.649651270958149,0.0,1.0,0.0,0.0,1.0,0.0,1.0
4,290,8.813186309383116,0.0,0.0,0.0,0.0,0.0,0.0,0.0
5,290,6.224098533479475,2.1706284269230016,0.0,0.0,1.0,1.0,0.0,1.0
6,290,11.468213850592187,10.279003353995092,0.0,1.0,1.0,1.0,0.0,1.0
7,290,3.0477107100533622,5.851892421383574,0.0,0.0,0.0,1.0,1.0,0.0
8,290,1.1247801824766124,1.1807305078502772,1.0,1.0,0.0,1.0,1.0,1.0
9,290,4.72715791029629,0.0186738858829353,0.0,1.0,1.0,1.0,0.0,0.0
10,290,9.008364623841116,0.0,1.0,0.0,1.0,1.0,0.0,1.0
11,290,9.32098812013366,5.300448522352244,0.0,0.0,0.0,0.0,1.0,0.0
12,290,8.443815023055516,5.13880627060571,0.0,0.0,0.0,0.0,0.0,1.0
13,290,0.0617385027716131,10.278009884835006,0.0,0.0,0.0,0.0,0.0,1.0
14,290,3.90550568094313,0.0,0.0,0.0,0.0,0.0,1.0,0.0
15,290,10.44535038917313,5.00221166887001,1.0,0.0,0.0,1.0,0.0,0.0
16,290,4.513564979722066,0.324160306654948,0.0,0.0,1.0,0.0,0.0,1.0
17,290,10.386783075427902,6.904904725007131,1.0,0.0,0.0,1.0,0.0,0.0
18,290,9.987289704361269,7.658795422959148,1.0,0.0,0.0,1.0,0.0,0.0
19,290,8.0719371886118,12.0,0.0,1.0,0.0,1.0,0.0,0.0
0,295,10.815413083920372,4.072525427880091,1.0,1.0,1.0,0.0,1.0,1.0
1,295,9.063794745503658,8.979487514030701,0.0,0.0,1.0,1.0,1.0,0.0
2,295,0.291392928817663,0.1204076051322303,0.0,1.0,0.0,1.0,1.0,0.0
3,295,8.65606208176742,0.0,1.0,0.0,0.0,1.0,0.0,1.0
4,295,8.910520343444414,0.0,0.0,0.0,0.0,0.0,0.0,0.0
5,295,6.137337449858352,2.20234422443727,0.0,0.0,1.0,1.0,0.0,1.0
6,295,11.417332573193844,10.346986897474746,0.0,1.0,1.0,1.0,0.0,1.0
7,295,2.994947726763801,5.868048114238933,0.0,0.0,0.0,1.0,1.0,0.0
8,295,1.07140880662324,1.1367683786949534,1.0,1.0,0.0,1.0,1.0,1.0
9,295,4.794335827785434,0.0,0.0,1.0,1.0,1.0,0.0,0.0
10,295,8.973407491343512,0.0,1.0,0.0,1.0,1.0,0.0,1.0
11,295,9.384717724410237,5.261295615455367,0.0,0.0,0.0,0.0,1.0,0.0
12,295,8.436700738142218,5.126349432449063,0.0,0.0,0.0,0.0,0.0,1.0
13,295,0.0720117053252311,10.259579976063096,0.0,0.0,0.0,0.0,0.0,1.0
14,295,4.0058672699040665,0.0,0.0,0.0,0.0,0.0,1.0,0.0
15,295,10.42632647690867,5.018325709885734,1.0,0.0,0.0,1.0,0.0,0.0
16,295,4.484743692967544,0.2934971910167396,0.0,0.0,1.0,0.0,0.0,1.0
17,295,10.380161430443255,6.771125458697608,1.0,0.0,0.0,1.0,0.0,0.0
18,295,10.007064627007294,7.701842908668977,1.0,0.0,0.0,1.0,0.0,0.0
19,295,8.024355676965916,12.0,0.0,1.0,0.0,1.0,0.0,0.0
