0,0,0.0219163103656606,1.936042755266732,0.0,0.0,0.0,0.0,0.0,0.0
1,0,5.945596704501713,11.033994434336,0.0,1.0,1.0,0.0,1.0,1.0
2,0,11.99588477155392,2.033034209934092,1.0,1.0,0.0,1.0,1.0,1.0
3,0,5.947514328483207,1.0308370023682465,0.0,0.0,0.0,1.0,0.0,1.0
4,0,8.024715656408585,9.969795854711574,0.0,1.0,0.0,1.0,1.0,1.0
5,0,1.0568684276302869,10.034032564627491,0.0,0.0,0.0,1.0,1.0,1.0
6,0,7.042426769624827,3.029996400068002,0.0,1.0,0.0,1.0,0.0,1.0
7,0,9.95631109537623,5.9700334881330335,0.0,1.0,0.0,1.0,0.0,0.0
8,0,2.065057226550284,1.0031071141993433,0.0,0.0,0.0,0.0,1.0,0.0
9,0,5.994294291904382,0.9594933224682372,0.0,0.0,0.0,0.0,1.0,0.0
10,0,7.998072075989482,7.93417602564161,0.0,1.0,0.0,0.0,0.0,0.0
11,0,10.068321846585484,5.009798339270168,0.0,0.0,0.0,0.0,0.0,1.0
12,0,12.0,0.0239978894301714,1.0,0.0,1.0,0.0,0.0,0.0
13,0,7.964302763821368,4.941747413035607,0.0,0.0,0.0,0.0,1.0,0.0
14,0,5.981379518345714,4.954044611951022,0.0,0.0,1.0,0.0,0.0,0.0
15,0,9.959706160570642,4.966529957494443,1.0,1.0,1.0,0.0,1.0,1.0
16,0,12.0,7.994985586025359,1.0,0.0,1.0,0.0,0.0,1.0
17,0,10.051455192536158,0.9504819508925264,1.0,0.0,0.0,1.0,0.0,1.0
18,0,5.00220666816666,3.944236537529944,1.0,0.0,0.0,1.0,0.0,0.0
19,0,1.0697816072751385,6.025357277421699,1.0,0.0,1.0,1.0,0.0,0.0
0,5,0.0424323477423829,1.8779192505951263,0.0,0.0,0.0,0.0,0.0,0.0
1,5,5.906780534821724,11.060079989786706,0.0,1.0,1.0,0.0,1.0,1.0
2,5,11.990930525467352,2.074201657107614,1.0,1.0,0.0,1.0,1.0,1.0
3,5,5.892278562718584,1.0617111060845874,0.0,0.0,0.0,1.0,0.0,1.0
4,5,8.047488536205893,9.940898124103922,0.0,1.0,0.0,1.0,1.0,1.0
5,5,1.0946707442638277,9.969535479154032,0.0,0.0,0.0,1.0,1.0,1.0
6,5,7.067605114538764,3.047119665164061,0.0,1.0,0.0,1.0,0.0,1.0
7,5,9.913410910991528,5.941526422073093,0.0,1.0,0.0,1.0,0.0,0.0
8,5,2.1162954825045746,1.0059002994123576,0.0,0.0,0.0,0.0,1.0,0.0
9,5,5.985255990843095,0.9018657169475536,0.0,0.0,0.0,0.0,1.0,0.0
10,5,7.998015997754934,7.866513536921977,0.0,1.0,0.0,0.0,0.0,0.0
11,5,10.119579897218204,5.01783287620365,0.0,0.0,0.0,0.0,0.0,1.0
12,5,12.0,0.0483204912497742,1.0,0.0,1.0,0.0,0.0,0.0
13,5,7.925048514291063,4.87709776803806,0.0,0.0,0.0,0.0,1.0,0.0
14,5,5.958772066771676,4.8979848317988255,0.0,0.0,1.0,0.0,0.0,0.0
15,5,9.934425069079078,4.9440001853111,1.0,1.0,1.0,0.0,1.0,1.0
16,5,12.0,7.990309849116687,1.0,0.0,1.0,0.0,0.0,1.0
17,5,10.09687529417888,0.9075037358334168,1.0,0.0,0.0,1.0,0.0,1.0
18,5,5.005655906847724,3.8575699980683344,1.0,0.0,0.0,1.0,0.0,0.0
19,5,1.111746944931597,6.040245426103841,1.0,0.0,1.0,1.0,0.0,0.0
0,10,0.0640432201541261,1.8175535725186005,0.0,0.0,0.0,0.0,0.0,0.0
1,10,5.854981615457072,11.094646819780523,0.0,1.0,1.0,0.0,1.0,1.0
2,10,11.988518147858818,2.092534751484601,1.0,1.0,0.0,1.0,1.0,1.0
3,10,5.830968618910097,1.098883337038178,0.0,0.0,0.0,1.0,0.0,1.0
4,10,8.06543783600258,9.917674448727968,0.0,1.0,0.0,1.0,1.0,1.0
5,10,1.1300663214224234,9.907279629680684,0.0,0.0,0.0,1.0,1.0,1.0
6,10,7.106960559102172,3.071430359593663,0.0,1.0,0.0,1.0,0.0,1.0
7,10,9.864509572184602,5.909743491735724,0.0,1.0,0.0,1.0,0.0,0.0
8,10,2.16226317960667,1.0102456741110262,0.0,0.0,0.0,0.0,1.0,0.0
9,10,5.977814309467922,0.8560431697552684,0.0,0.0,0.0,0.0,1.0,0.0
10,10,7.998473187543492,7.788006949633361,0.0,1.0,0.0,0.0,0.0,0.0
11,10,10.176191038527165,5.02748903931822,0.0,0.0,0.0,0.0,0.0,1.0
12,10,12.0,0.0762635801092396,1.0,0.0,1.0,0.0,0.0,0.0
13,10,7.88523375641239,4.812934799336126,0.0,0.0,0.0,0.0,1.0,0.0
14,10,5.925202560736422,4.8177150654089145,0.0,0.0,1.0,0.0,0.0,0.0
15,10,9.909209456187922,4.921860634144653,1.0,1.0,1.0,0.0,1.0,1.0
16,10,12.0,7.986150230198217,1.0,0.0,1.0,0.0,0.0,1.0
17,10,10.137233399692178,0.8695770292466507,1.0,0.0,0.0,1.0,0.0,1.0
18,10,5.012909047884892,3.7406260126604023,1.0,0.0,0.0,1.0,0.0,0.0
19,10,1.1785545297622857,6.0607482382670055,1.0,0.0,1.0,1.0,0.0,0.0
0,15,0.0811965061239624,1.7593673360607398,0.0,0.0,0.0,0.0,0.0,0.0
1,15,5.80021454748614,11.13207565122154,0.0,1.0,1.0,0.0,1.0,1.0
2,15,11.989056560918474,2.0889847415713687,1.0,1.0,0.0,1.0,1.0,1.0
3,15,5.783471402520053,1.1258325129197346,0.0,0.0,0.0,1.0,0.0,1.0
4,15,8.095370440915518,9.875691604383452,0.0,1.0,0.0,1.0,1.0,1.0
5,15,1.157709056501997,9.857531659614043,0.0,0.0,0.0,1.0,1.0,1.0
6,15,7.140708594757424,3.0932623948284985,0.0,1.0,0.0,1.0,0.0,1.0
7,15,9.792253953756674,5.864067656685264,0.0,1.0,0.0,1.0,0.0,0.0
8,15,2.2218666794813444,1.0150921027473347,0.0,0.0,0.0,0.0,1.0,0.0
9,15,5.966851768878724,0.7910560239837445,0.0,0.0,0.0,0.0,1.0,0.0
10,15,7.998921030733824,7.705732859716631,0.0,1.0,0.0,0.0,0.0,0.0
11,15,10.22721403957572,5.0363824467924365,0.0,0.0,0.0,0.0,0.0,1.0
12,15,12.0,0.100753580517559,1.0,0.0,1.0,0.0,0.0,0.0
13,15,7.856961421597619,4.766746232557659,0.0,0.0,0.0,0.0,1.0,0.0
14,15,5.8812509526560905,4.711659238467393,0.0,0.0,1.0,0.0,0.0,0.0
15,15,9.886977207826732,4.903893678784367,1.0,1.0,1.0,0.0,1.0,1.0
16,15,12.0,7.9817849375792465,1.0,0.0,1.0,0.0,0.0,1.0
17,15,10.175649855826675,0.8342423395052558,1.0,0.0,0.0,1.0,0.0,1.0
18,15,5.016348940781073,3.6247960509242105,1.0,0.0,0.0,1.0,0.0,0.0
19,15,1.246377346367913,6.079737140803375,1.0,0.0,1.0,1.0,0.0,0.0
0,20,0.1011318821830053,1.6909618294058766,0.0,0.0,0.0,0.0,0.0,0.0
1,20,5.758543595826851,11.161515565749436,0.0,1.0,1.0,0.0,1.0,1.0
2,20,11.98510463170014,2.110905095843625,1.0,1.0,0.0,1.0,1.0,1.0
3,20,5.7180909188762366,1.1636920821384893,0.0,0.0,0.0,1.0,0.0,1.0
4,20,8.12978847367533,9.825472560388407,0.0,1.0,0.0,1.0,1.0,1.0
5,20,1.1852126755787296,9.806129236159872,0.0,0.0,0.0,1.0,1.0,1.0
6,20,7.163487636489087,3.1084207825638863,0.0,1.0,0.0,1.0,0.0,1.0
7,20,9.70576643891482,5.811000531865837,0.0,1.0,0.0,1.0,0.0,0.0
8,20,2.251038870773798,1.016942027822826,0.0,0.0,0.0,0.0,1.0,0.0
9,20,5.960462180483322,0.7489855778921118,0.0,0.0,0.0,0.0,1.0,0.0
10,20,8.000705442009712,7.633064550265107,0.0,1.0,0.0,0.0,0.0,0.0
11,20,10.270895485939027,5.041743548788818,0.0,0.0,0.0,0.0,0.0,1.0
12,20,12.0,0.1259488475926771,1.0,0.0,1.0,0.0,0.0,0.0
13,20,7.830703413042581,4.724241016430844,0.0,0.0,0.0,0.0,1.0,0.0
14,20,5.829256391139043,4.580920741222697,0.0,0.0,1.0,0.0,0.0,0.0
15,20,9.860241651015295,4.881624926168994,1.0,1.0,1.0,0.0,1.0,1.0
16,20,12.0,7.979944929772637,1.0,0.0,1.0,0.0,0.0,1.0
17,20,10.214434453949346,0.7970295242285773,1.0,0.0,0.0,1.0,0.0,1.0
18,20,5.018964121205403,3.486503295990889,1.0,0.0,0.0,1.0,0.0,0.0
19,20,1.3338003964045824,6.104789334716444,1.0,0.0,1.0,1.0,0.0,0.0
0,25,0.1193613685676843,1.6270647395797757,0.0,0.0,0.0,0.0,0.0,0.0
1,25,5.72500671338732,11.184936099310812,0.0,1.0,1.0,0.0,1.0,1.0
2,25,11.980272076174137,2.1417095087649134,1.0,1.0,0.0,1.0,1.0,1.0
3,25,5.648432914253598,1.2053570979761965,0.0,0.0,0.0,1.0,0.0,1.0
4,25,8.160729608745179,9.781373487413052,0.0,1.0,0.0,1.0,1.0,1.0
5,25,1.22792758908339,9.728834707805774,0.0,0.0,0.0,1.0,1.0,1.0
6,25,7.189961201199833,3.125904719776586,0.0,1.0,0.0,1.0,0.0,1.0
7,25,9.62697368794976,5.76160498533337,0.0,1.0,0.0,1.0,0.0,0.0
8,25,2.2797988948272456,1.019587441082361,0.0,0.0,0.0,0.0,1.0,0.0
9,25,5.9540448214167,0.7078764800466993,0.0,0.0,0.0,0.0,1.0,0.0
10,25,8.002254834873364,7.577036594459997,0.0,1.0,0.0,0.0,0.0,0.0
11,25,10.334673541492275,5.0494935536316845,0.0,0.0,0.0,0.0,0.0,1.0
12,25,12.0,0.1611356302524124,1.0,0.0,1.0,0.0,0.0,0.0
13,25,7.870710920436422,4.699012937713393,0.0,0.0,0.0,0.0,1.0,0.0
14,25,5.776710555892491,4.450908954054618,0.0,0.0,1.0,0.0,0.0,0.0
15,25,9.82528004517382,4.851359897557153,1.0,1.0,1.0,0.0,1.0,1.0
16,25,12.0,7.978068544298039,1.0,0.0,1.0,0.0,0.0,1.0
17,25,10.246739607957377,0.7660156758596304,1.0,0.0,0.0,1.0,0.0,1.0
18,25,5.02413321218587,3.356784481375336,1.0,0.0,0.0,1.0,0.0,0.0
19,25,1.430656306272682,6.128937257181891,1.0,0.0,1.0,1.0,0.0,0.0
0,30,0.1309266005797112,1.58766238153297,0.0,0.0,0.0,0.0,0.0,0.0
1,30,5.682691217697091,11.21586915749537,0.0,1.0,1.0,0.0,1.0,1.0
2,30,11.971768871917996,2.194834610540582,1.0,1.0,0.0,1.0,1.0,1.0
3,30,5.590260347534342,1.240569568764288,0.0,0.0,0.0,1.0,0.0,1.0
4,30,8.187570060252046,9.743606045236524,0.0,1.0,0.0,1.0,1.0,1.0
5,30,1.2775079584190578,9.64099376679671,0.0,0.0,0.0,1.0,1.0,1.0
6,30,7.2219488622418435,3.1477156255802394,0.0,1.0,0.0,1.0,0.0,1.0
7,30,9.540121858497535,5.706989813067422,0.0,1.0,0.0,1.0,0.0,0.0
8,30,2.320641874388801,1.023446309312214,0.0,0.0,0.0,0.0,1.0,0.0
9,30,5.941733758101877,0.6361774924198293,0.0,0.0,0.0,0.0,1.0,0.0
10,30,8.003026983565467,7.506291354426113,0.0,1.0,0.0,0.0,0.0,0.0
11,30,10.39957033865154,5.055982468581575,0.0,0.0,0.0,0.0,0.0,1.0
12,30,12.0,0.1866673094582753,1.0,0.0,1.0,0.0,0.0,0.0
13,30,7.9067914672610815,4.67725334741933,0.0,0.0,0.0,0.0,1.0,0.0
14,30,5.718266794198809,4.321108531095057,0.0,0.0,1.0,0.0,0.0,0.0
15,30,9.786880357561238,4.815652423920146,1.0,1.0,1.0,0.0,1.0,1.0
16,30,12.0,7.977111737297421,1.0,0.0,1.0,0.0,0.0,1.0
17,30,10.28361318310938,0.732491850067143,1.0,0.0,0.0,1.0,0.0,1.0
18,30,5.030050741349794,3.223293322751427,1.0,0.0,0.0,1.0,0.0,0.0
19,30,1.5375260201267242,6.1561119671739695,1.0,0.0,1.0,1.0,0.0,0.0
0,35,0.1447260311291712,1.5457491780228676,0.0,0.0,0.0,0.0,0.0,0.0
1,35,5.6466400138286295,11.2423493254145,0.0,1.0,1.0,0.0,1.0,1.0
2,35,11.963159661974688,2.242008164599764,1.0,1.0,0.0,1.0,1.0,1.0
3,35,5.553317155887704,1.262900021703211,0.0,0.0,0.0,1.0,0.0,1.0
4,35,8.21357988952887,9.708538203275063,0.0,1.0,0.0,1.0,1.0,1.0
5,35,1.3263260382047888,9.550487946402644,0.0,0.0,0.0,1.0,1.0,1.0
6,35,7.232672458715127,3.1550746483149674,0.0,1.0,0.0,1.0,0.0,1.0
7,35,9.457351821993582,5.656498933242035,0.0,1.0,0.0,1.0,0.0,0.0
8,35,2.3396897535505508,1.0252284926861308,0.0,0.0,0.0,0.0,1.0,0.0
9,35,5.930503675830728,0.5706849646493471,0.0,0.0,0.0,0.0,1.0,0.0
10,35,8.004223613435197,7.423506096140536,0.0,1.0,0.0,0.0,0.0,0.0
11,35,10.467745001336157,5.062325504332896,0.0,0.0,0.0,0.0,0.0,1.0
12,35,12.0,0.2116554742864386,1.0,0.0,1.0,0.0,0.0,0.0
13,35,7.954812693919157,4.649059178388981,0.0,0.0,0.0,0.0,1.0,0.0
14,35,5.659433288642711,4.185959736228224,0.0,0.0,1.0,0.0,0.0,0.0
15,35,9.760709482769595,4.791487637775706,1.0,1.0,1.0,0.0,1.0,1.0
16,35,11.990896413303052,7.977918618573927,1.0,0.0,1.0,0.0,0.0,1.0
17,35,10.345936060122416,0.6781358906755119,1.0,0.0,0.0,1.0,0.0,1.0
18,35,5.031222995705543,3.0923163250594,1.0,0.0,0.0,1.0,0.0,0.0
19,35,1.6542636106266684,6.184367534929394,1.0,0.0,1.0,1.0,0.0,0.0
0,40,0.1634257753294246,1.4870136683856363,0.0,0.0,0.0,0.0,0.0,0.0
1,40,5.596549692014417,11.27877686316511,0.0,1.0,1.0,0.0,1.0,1.0
2,40,11.95228953166638,2.3007121846186145,1.0,1.0,0.0,1.0,1.0,1.0
3,40,5.504607494808293,1.29202130858299,0.0,0.0,0.0,1.0,0.0,1.0
4,40,8.221687528436831,9.698016506556144,0.0,1.0,0.0,1.0,1.0,1.0
5,40,1.3764525718470992,9.456383985690492,0.0,0.0,0.0,1.0,1.0,1.0
6,40,7.250203048908651,3.166621144485159,0.0,1.0,0.0,1.0,0.0,1.0
7,40,9.373993179295622,5.6060193705861,0.0,1.0,0.0,1.0,0.0,0.0
8,40,2.357386614084246,1.0272058382378475,0.0,0.0,0.0,0.0,1.0,0.0
9,40,5.918447422273703,0.5066813923194048,0.0,0.0,0.0,0.0,1.0,0.0
10,40,8.008176091145367,7.342496325188777,0.0,1.0,0.0,0.0,0.0,0.0
11,40,10.549030203666508,5.0725433632642565,0.0,0.0,0.0,0.0,0.0,1.0
12,40,12.0,0.2350832983235722,1.0,0.0,1.0,0.0,0.0,0.0
13,40,8.010028867447366,4.618035156985258,0.0,0.0,0.0,0.0,1.0,0.0
14,40,5.597519546036967,4.035561631618212,0.0,0.0,1.0,0.0,0.0,0.0
15,40,9.729775322951705,4.762582128016011,1.0,1.0,1.0,0.0,1.0,1.0
16,40,11.99658225364224,7.977408549028078,1.0,0.0,1.0,0.0,0.0,1.0
17,40,10.407927702999071,0.6241125982276706,1.0,0.0,0.0,1.0,0.0,1.0
18,40,5.03295916131712,2.961310748949283,1.0,0.0,0.0,1.0,0.0,0.0
19,40,1.7715974762022917,6.217797484746502,1.0,0.0,1.0,1.0,0.0,0.0
0,45,0.1805389026124151,1.4352474419869603,0.0,0.0,0.0,0.0,0.0,0.0
1,45,5.540997494455654,11.31927025953068,0.0,1.0,1.0,0.0,1.0,1.0
2,45,11.944458165277558,2.343353093063418,1.0,1.0,0.0,1.0,1.0,1.0
3,45,5.442717838728562,1.3308072924187988,0.0,0.0,0.0,1.0,0.0,1.0
4,45,8.232382309507084,9.684283502021495,0.0,1.0,0.0,1.0,1.0,1.0
5,45,1.4263854051767386,9.356470623539554,0.0,0.0,0.0,1.0,1.0,1.0
6,45,7.255270374837698,3.170209684071675,0.0,1.0,0.0,1.0,0.0,1.0
7,45,9.277722792605722,5.549772783428304,0.0,1.0,0.0,1.0,0.0,0.0
8,45,2.3725034198273085,1.029458241665458,0.0,0.0,0.0,0.0,1.0,0.0
9,45,5.9100052267155405,0.4652072604756484,0.0,0.0,0.0,0.0,1.0,0.0
10,45,8.013801499200117,7.269557431288283,0.0,1.0,0.0,0.0,0.0,0.0
11,45,10.624506533494587,5.081093173017652,0.0,0.0,0.0,0.0,0.0,1.0
12,45,12.0,0.2648864122140831,1.0,0.0,1.0,0.0,0.0,0.0
13,45,8.066095438592656,4.588845002263316,0.0,0.0,0.0,0.0,1.0,0.0
14,45,5.534898836703685,3.88852388804321,0.0,0.0,1.0,0.0,0.0,0.0
15,45,9.709620208710026,4.745105828304709,1.0,1.0,1.0,0.0,1.0,1.0
16,45,12.0,7.976506280124696,1.0,0.0,1.0,0.0,0.0,1.0
17,45,10.460265651355682,0.5778677218626572,1.0,0.0,0.0,1.0,0.0,1.0
18,45,5.031884467128459,2.8309844753335582,1.0,0.0,0.0,1.0,0.0,0.0
19,45,1.889625893077851,6.251776521369974,1.0,0.0,1.0,1.0,0.0,0.0
0,50,0.1999585905069079,1.3751530467769644,0.0,0.0,0.0,0.0,0.0,0.0
1,50,5.484557608182477,11.35960818957484,0.0,1.0,1.0,0.0,1.0,1.0
2,50,11.938318661264915,2.3773410200203453,1.0,1.0,0.0,1.0,1.0,1.0
3,50,5.378069590384808,1.370611883369327,0.0,0.0,0.0,1.0,0.0,1.0
4,50,8.255088825756854,9.654298713690023,0.0,1.0,0.0,1.0,1.0,1.0
5,50,1.473870950948232,9.25563605757018,0.0,0.0,0.0,1.0,1.0,1.0
6,50,7.257778511016338,3.17190439138594,0.0,1.0,0.0,1.0,0.0,1.0
7,50,9.18027217640701,5.492938867253642,0.0,1.0,0.0,1.0,0.0,0.0
8,50,2.391750733627397,1.032482898108501,0.0,0.0,0.0,0.0,1.0,0.0
9,50,5.900692880268749,0.4238901794613617,0.0,0.0,0.0,0.0,1.0,0.0
10,50,8.020547735657958,7.1835643911227205,0.0,1.0,0.0,0.0,0.0,0.0
11,50,10.704722976777337,5.091078754819757,0.0,0.0,0.0,0.0,0.0,1.0
12,50,12.0,0.2996892626072658,1.0,0.0,1.0,0.0,0.0,0.0
13,50,8.12378411260922,4.556481098540588,0.0,0.0,0.0,0.0,1.0,0.0
14,50,5.470946680968231,3.743882085182957,0.0,0.0,1.0,0.0,0.0,0.0
15,50,9.693412828260223,4.730647168348796,1.0,1.0,1.0,0.0,1.0,1.0
16,50,12.0,7.976110006427887,1.0,0.0,1.0,0.0,0.0,1.0
17,50,10.516354305850538,0.5288477720233494,1.0,0.0,0.0,1.0,0.0,1.0
18,50,5.031327326891688,2.6901561430117678,1.0,0.0,0.0,1.0,0.0,0.0
19,50,2.0368172079474265,6.29306511394439,1.0,0.0,1.0,1.0,0.0,0.0
0,55,0.2252709823092624,1.3001492475039658,0.0,0.0,0.0,0.0,0.0,0.0
1,55,5.404859863944339,11.41719028925135,0.0,1.0,1.0,0.0,1.0,1.0
2,55,11.936272076721943,2.38991627388297,1.0,1.0,0.0,1.0,1.0,1.0
3,55,5.320123656491792,1.4069901544312406,0.0,0.0,0.0,1.0,0.0,1.0
4,55,8.267303861923114,9.63885392518137,0.0,1.0,0.0,1.0,1.0,1.0
5,55,1.5191057781383064,9.160749845361831,0.0,0.0,0.0,1.0,1.0,1.0
6,55,7.259348660677921,3.173010478984493,0.0,1.0,0.0,1.0,0.0,1.0
7,55,9.063306016130818,5.430760411637036,0.0,1.0,0.0,1.0,0.0,0.0
8,55,2.3774306563820846,1.030649926674325,0.0,0.0,0.0,0.0,1.0,0.0
9,55,5.892778387097801,0.3883530132285094,0.0,0.0,0.0,0.0,1.0,0.0
10,55,8.02791746073778,7.0907983774677135,0.0,1.0,0.0,0.0,0.0,0.0
11,55,10.782887236872105,5.099949196648357,0.0,0.0,0.0,0.0,0.0,1.0
12,55,12.0,0.3254637763192616,1.0,0.0,1.0,0.0,0.0,0.0
13,55,8.188088364772344,4.520320227019358,0.0,0.0,0.0,0.0,1.0,0.0
14,55,5.402605245281569,3.597570430493219,0.0,0.0,1.0,0.0,0.0,0.0
15,55,9.672987541261088,4.712220842197589,1.0,1.0,1.0,0.0,1.0,1.0
16,55,11.983502049239764,7.977987433658412,1.0,0.0,1.0,0.0,0.0,1.0
17,55,10.569999997470685,0.4824194415482473,1.0,0.0,0.0,1.0,0.0,1.0
18,55,5.032353944263041,2.5651903845318005,1.0,0.0,0.0,1.0,0.0,0.0
19,55,2.1768396958150014,6.333567059840124,1.0,0.0,1.0,1.0,0.0,0.0
0,60,0.257904916553024,1.1920245158711704,0.0,0.0,0.0,0.0,0.0,0.0
1,60,5.345019967316205,11.460932345513337,0.0,1.0,1.0,0.0,1.0,1.0
2,60,11.934354058731474,2.402339288294342,1.0,1.0,0.0,1.0,1.0,1.0
3,60,5.277944148282485,1.4337952782855805,0.0,0.0,0.0,1.0,0.0,1.0
4,60,8.271784016550583,9.63327547748651,0.0,1.0,0.0,1.0,1.0,1.0
5,60,1.5662228276378285,9.065003305706712,0.0,0.0,0.0,1.0,1.0,1.0
6,60,7.262163525302303,3.174941030115715,0.0,1.0,0.0,1.0,0.0,1.0
7,60,8.932079121811281,5.364461231060375,0.0,1.0,0.0,1.0,0.0,0.0
8,60,2.372166501003459,1.029923529721953,0.0,0.0,0.0,0.0,1.0,0.0
9,60,5.884133061193348,0.3519210454105968,0.0,0.0,0.0,0.0,1.0,0.0
10,60,8.035393032604366,6.988704196429618,0.0,1.0,0.0,0.0,0.0,0.0
11,60,10.863169603255802,5.107096052516632,0.0,0.0,0.0,0.0,0.0,1.0
12,60,12.0,0.3524553951623368,1.0,0.0,1.0,0.0,0.0,0.0
13,60,8.272476031137682,4.471495841832858,0.0,0.0,0.0,0.0,1.0,0.0
14,60,5.330524297096099,3.4350435014572103,0.0,0.0,1.0,0.0,0.0,0.0
15,60,9.65447706815436,4.69552125120688,1.0,1.0,1.0,0.0,1.0,1.0
16,60,11.95219629596,7.981130962074615,1.0,0.0,1.0,0.0,0.0,1.0
17,60,10.612102590479962,0.4468709151200413,1.0,0.0,0.0,1.0,0.0,1.0
18,60,5.033332130951061,2.408947170813191,1.0,0.0,0.0,1.0,0.0,0.0
19,60,2.3160513296694063,6.373809639254612,1.0,0.0,1.0,1.0,0.0,0.0
0,65,0.2921712559182816,1.0893653880523997,0.0,0.0,0.0,0.0,0.0,0.0
1,65,5.291018965665459,11.50240768658618,0.0,1.0,1.0,0.0,1.0,1.0
2,65,11.93329047936242,2.4105124025880484,1.0,1.0,0.0,1.0,1.0,1.0
3,65,5.224827187860165,1.4676904548243863,0.0,0.0,0.0,1.0,0.0,1.0
4,65,8.296383579594005,9.603927697930793,0.0,1.0,0.0,1.0,1.0,1.0
5,65,1.6108189266804256,8.975663734209485,0.0,0.0,0.0,1.0,1.0,1.0
6,65,7.277195370604417,3.1844779084931023,0.0,1.0,0.0,1.0,0.0,1.0
7,65,8.803602907211761,5.297117556097409,0.0,1.0,0.0,1.0,0.0,0.0
8,65,2.3793186216320086,1.0310487656652727,0.0,0.0,0.0,0.0,1.0,0.0
9,65,5.8780204192516665,0.3284387862375343,0.0,0.0,0.0,0.0,1.0,0.0
10,65,8.04131931411223,6.898190296179849,0.0,1.0,0.0,0.0,0.0,0.0
11,65,10.94821045392388,5.114883014857534,0.0,0.0,0.0,0.0,0.0,1.0
12,65,12.0,0.3846766807215586,1.0,0.0,1.0,0.0,0.0,0.0
13,65,8.359636696069499,4.424074549825698,0.0,0.0,0.0,0.0,1.0,0.0
14,65,5.2618957458615565,3.2737955789630124,0.0,0.0,1.0,0.0,0.0,0.0
15,65,9.618648152542637,4.662154934000548,1.0,1.0,1.0,0.0,1.0,1.0
16,65,11.92289454025309,7.983818324367858,1.0,0.0,1.0,0.0,0.0,1.0
17,65,10.6515232200684,0.4130659036989729,1.0,0.0,0.0,1.0,0.0,1.0
18,65,5.033512723564493,2.253624102677314,1.0,0.0,0.0,1.0,0.0,0.0
19,65,2.4481760778214903,6.411533229806466,1.0,0.0,1.0,1.0,0.0,0.0
0,70,0.3188239915309939,1.0109865177521469,0.0,0.0,0.0,0.0,0.0,0.0
1,70,5.244376147273972,11.538310449842438,0.0,1.0,1.0,0.0,1.0,1.0
2,70,11.930929725850785,2.4313292487829874,1.0,1.0,0.0,1.0,1.0,1.0
3,70,5.166354450358884,1.5077005749388623,0.0,0.0,0.0,1.0,0.0,1.0
4,70,8.312511206992939,9.585620222756688,0.0,1.0,0.0,1.0,1.0,1.0
5,70,1.654094162684433,8.886151158388929,0.0,0.0,0.0,1.0,1.0,1.0
6,70,7.311359940756805,3.2059287135783627,0.0,1.0,0.0,1.0,0.0,1.0
7,70,8.68875889437823,5.236778204507614,0.0,1.0,0.0,1.0,0.0,0.0
8,70,2.3807783226536308,1.0312480351738809,0.0,0.0,0.0,0.0,1.0,0.0
9,70,5.873507225768674,0.3126676382771408,0.0,0.0,0.0,0.0,1.0,0.0
10,70,8.045348991579413,6.801096934113336,0.0,1.0,0.0,0.0,0.0,0.0
11,70,11.041781590772027,5.122432466355791,0.0,0.0,0.0,0.0,0.0,1.0
12,70,12.0,0.4136388407958384,1.0,0.0,1.0,0.0,0.0,0.0
13,70,8.460792616457992,4.366170365865174,0.0,0.0,0.0,0.0,1.0,0.0
14,70,5.200622870813767,3.1211062497043804,0.0,0.0,1.0,0.0,0.0,0.0
15,70,9.597766758520343,4.642856315829726,1.0,1.0,1.0,0.0,1.0,1.0
16,70,11.88455049316735,7.987960054182793,1.0,0.0,1.0,0.0,0.0,1.0
17,70,10.689949130767758,0.382329858480671,1.0,0.0,0.0,1.0,0.0,1.0
18,70,5.029660237633628,2.101599887739602,1.0,0.0,0.0,1.0,0.0,0.0
19,70,2.590133195513001,6.451868986404923,1.0,0.0,1.0,1.0,0.0,0.0
0,75,0.339515567284498,0.9510868870095656,0.0,0.0,0.0,0.0,0.0,0.0
1,75,5.210882986070573,11.564276797596602,0.0,1.0,1.0,0.0,1.0,1.0
2,75,11.928870512322025,2.455616926283044,1.0,1.0,0.0,1.0,1.0,1.0
3,75,5.0980578314062726,1.5553048355316224,0.0,0.0,0.0,1.0,0.0,1.0
4,75,8.307089184719672,9.591620967876032,0.0,1.0,0.0,1.0,1.0,1.0
5,75,1.6969149250351083,8.791917941009004,0.0,0.0,0.0,1.0,1.0,1.0
6,75,7.356920136873298,3.234017163514955,0.0,1.0,0.0,1.0,0.0,1.0
7,75,8.590726904352687,5.184601792806745,0.0,1.0,0.0,1.0,0.0,0.0
8,75,2.3738923659914777,1.030235082787168,0.0,0.0,0.0,0.0,1.0,0.0
9,75,5.874265848390184,0.3150029183249184,0.0,0.0,0.0,0.0,1.0,0.0
10,75,8.046346705384035,6.699766048613566,0.0,1.0,0.0,0.0,0.0,0.0
11,75,11.136010692431986,5.129400258674479,0.0,0.0,0.0,0.0,0.0,1.0
12,75,12.0,0.4412634876618603,1.0,0.0,1.0,0.0,0.0,0.0
13,75,8.568349613007786,4.305076888824839,0.0,0.0,0.0,0.0,1.0,0.0
14,75,5.140342854974742,2.9751815235238497,0.0,0.0,1.0,0.0,0.0,0.0
15,75,9.5667450059871,4.613066218058278,1.0,1.0,1.0,0.0,1.0,1.0
16,75,11.857982726039278,7.991070468733149,1.0,0.0,1.0,0.0,0.0,1.0
17,75,10.725475741505043,0.3541223807102507,1.0,0.0,0.0,1.0,0.0,1.0
18,75,5.024813949073329,1.9736639595969288,1.0,0.0,0.0,1.0,0.0,0.0
19,75,2.759375774274927,6.497328102584716,1.0,0.0,1.0,1.0,0.0,0.0
0,80,0.3656551844118344,0.8786001117473936,0.0,0.0,0.0,0.0,0.0,0.0
1,80,5.184767400828452,11.584763367857606,0.0,1.0,1.0,0.0,1.0,1.0
2,80,11.92694148234084,2.47702035240189,1.0,1.0,0.0,1.0,1.0,1.0
3,80,5.026843580669564,1.6018726813007798,0.0,0.0,0.0,1.0,0.0,1.0
4,80,8.30863137811106,9.589868501836198,0.0,1.0,0.0,1.0,1.0,1.0
5,80,1.7375520720353546,8.6998230429887,0.0,0.0,0.0,1.0,1.0,1.0
6,80,7.390399041035683,3.2535365594167107,0.0,1.0,0.0,1.0,0.0,1.0
7,80,8.49089946733707,5.135400889057319,0.0,1.0,0.0,1.0,0.0,0.0
8,80,2.367987390797969,1.0294752355896126,0.0,0.0,0.0,0.0,1.0,0.0
9,80,5.879536645583811,0.3340475839609863,0.0,0.0,0.0,0.0,1.0,0.0
10,80,8.045214970501608,6.588952938367716,0.0,1.0,0.0,0.0,0.0,0.0
11,80,11.22374746810552,5.13718566846263,0.0,0.0,0.0,0.0,0.0,1.0
12,80,12.0,0.4731373608574226,1.0,0.0,1.0,0.0,0.0,0.0
13,80,8.65627979675999,4.256807147758812,0.0,0.0,0.0,0.0,1.0,0.0
14,80,5.07716480424625,2.826534260474749,0.0,0.0,1.0,0.0,0.0,0.0
15,80,9.525314059994834,4.572974802603248,1.0,1.0,1.0,0.0,1.0,1.0
16,80,11.8281463243739,7.994390196497973,1.0,0.0,1.0,0.0,0.0,1.0
17,80,10.768162640316328,0.3197735339358954,1.0,0.0,0.0,1.0,0.0,1.0
18,80,5.021825948690148,1.8624379729244385,1.0,0.0,0.0,1.0,0.0,0.0
19,80,2.9217727499420287,6.538567024568551,1.0,0.0,1.0,1.0,0.0,0.0
0,85,0.3894393886611426,0.8136255970137624,0.0,0.0,0.0,0.0,0.0,0.0
1,85,5.165423617616393,11.599745754054254,0.0,1.0,1.0,0.0,1.0,1.0
2,85,11.899377312333414,2.474413723969779,1.0,1.0,0.0,1.0,1.0,1.0
3,85,4.957679122960443,1.6450490289905888,0.0,0.0,0.0,1.0,0.0,1.0
4,85,8.32606545061242,9.57049922008674,0.0,1.0,0.0,1.0,1.0,1.0
5,85,1.7695222140625662,8.628818456440204,0.0,0.0,0.0,1.0,1.0,1.0
6,85,7.426367730571302,3.2754364016806385,0.0,1.0,0.0,1.0,0.0,1.0
7,85,8.398043196229642,5.087965640966843,0.0,1.0,0.0,1.0,0.0,0.0
8,85,2.3625701963418377,1.028706540501391,0.0,0.0,0.0,0.0,1.0,0.0
9,85,5.888616939257469,0.3708180557555591,0.0,0.0,0.0,0.0,1.0,0.0
10,85,8.046371676330695,6.491447489763484,0.0,1.0,0.0,0.0,0.0,0.0
11,85,11.32005053620284,5.142055006874416,0.0,0.0,0.0,0.0,0.0,1.0
12,85,12.0,0.4883194227962058,1.0,0.0,1.0,0.0,0.0,0.0
13,85,8.777448180822352,4.193441139004275,0.0,0.0,0.0,0.0,1.0,0.0
14,85,5.012625518848267,2.6732661120494856,0.0,0.0,1.0,0.0,0.0,0.0
15,85,9.473806391535517,4.518621298551029,1.0,1.0,1.0,0.0,1.0,1.0
16,85,11.792010341630965,7.998992252274896,1.0,0.0,1.0,0.0,0.0,1.0
17,85,10.809800326528604,0.2858657870900881,1.0,0.0,0.0,1.0,0.0,1.0
18,85,5.016517215937314,1.7796544170394513,1.0,0.0,0.0,1.0,0.0,0.0
19,85,3.1013660585405027,6.585358792489558,1.0,0.0,1.0,1.0,0.0,0.0
0,90,0.4134898922283297,0.7476722493279401,0.0,0.0,0.0,0.0,0.0,0.0
1,90,5.125934779342649,11.632910648541,0.0,1.0,1.0,0.0,1.0,1.0
2,90,11.89106675116622,2.473590217663992,1.0,1.0,0.0,1.0,1.0,1.0
3,90,4.908267386025603,1.676027264181211,0.0,0.0,0.0,1.0,0.0,1.0
4,90,8.350951539570294,9.543392481034056,0.0,1.0,0.0,1.0,1.0,1.0
5,90,1.8069003642288228,8.549155658400155,0.0,0.0,0.0,1.0,1.0,1.0
6,90,7.476010901198517,3.3041388859857905,0.0,1.0,0.0,1.0,0.0,1.0
7,90,8.30987778746049,5.045410882431352,0.0,1.0,0.0,1.0,0.0,0.0
8,90,2.363670450421941,1.0288836481715584,0.0,0.0,0.0,0.0,1.0,0.0
9,90,5.895802547584341,0.3980590021149354,0.0,0.0,0.0,0.0,1.0,0.0
10,90,8.051761122640963,6.394468271485797,0.0,1.0,0.0,0.0,0.0,0.0
11,90,11.416533238725174,5.147750314520332,0.0,0.0,0.0,0.0,0.0,1.0
12,90,12.0,0.4997107558242298,1.0,0.0,1.0,0.0,0.0,0.0
13,90,8.890390294273846,4.139402722240045,0.0,0.0,0.0,0.0,1.0,0.0
14,90,4.948110683784486,2.528431288508605,0.0,0.0,1.0,0.0,0.0,0.0
15,90,9.424173489666302,4.467011700592131,1.0,1.0,1.0,0.0,1.0,1.0
16,90,11.76790694384402,8.00171552043764,1.0,0.0,1.0,0.0,0.0,1.0
17,90,10.839393272616451,0.2605907606933702,1.0,0.0,0.0,1.0,0.0,1.0
18,90,5.01149833503218,1.6865349598081547,1.0,0.0,0.0,1.0,0.0,0.0
19,90,3.2763980828694685,6.630139689390546,1.0,0.0,1.0,1.0,0.0,0.0
0,95,0.444494263928919,0.6683165706728742,0.0,0.0,0.0,0.0,0.0,0.0
1,95,5.083303473065126,11.669180654363656,0.0,1.0,1.0,0.0,1.0,1.0
2,95,11.864411193634618,2.471215127496906,1.0,1.0,0.0,1.0,1.0,1.0
3,95,4.851960617306602,1.7094308337094148,0.0,0.0,0.0,1.0,0.0,1.0
4,95,8.370066317196438,9.522566555359258,0.0,1.0,0.0,1.0,1.0,1.0
5,95,1.8506680723752296,8.46125949571304,0.0,0.0,0.0,1.0,1.0,1.0
6,95,7.543956615714551,3.3419250010031907,0.0,1.0,0.0,1.0,0.0,1.0
7,95,8.216350036551733,5.002047589538504,0.0,1.0,0.0,1.0,0.0,0.0
8,95,2.359047284709171,1.0280737847449004,0.0,0.0,0.0,0.0,1.0,0.0
9,95,5.898580505160149,0.4086290714632034,0.0,0.0,0.0,0.0,1.0,0.0
10,95,8.05648663538313,6.312053385499754,0.0,1.0,0.0,0.0,0.0,0.0
11,95,11.522656922752116,5.153217233249681,0.0,0.0,0.0,0.0,0.0,1.0
12,95,12.0,0.5091069910503356,1.0,0.0,1.0,0.0,0.0,0.0
13,95,9.019514498889729,4.0817810318127705,0.0,0.0,0.0,0.0,1.0,0.0
14,95,4.8854485649585975,2.396057119618895,0.0,0.0,1.0,0.0,0.0,0.0
15,95,9.385932197570238,4.426813239347577,1.0,1.0,1.0,0.0,1.0,1.0
16,95,11.771638065827556,8.001212658281556,1.0,0.0,1.0,0.0,0.0,1.0
17,95,10.863525988912372,0.2392978521862108,1.0,0.0,0.0,1.0,0.0,1.0
18,95,5.009225253678932,1.5902388902841662,1.0,0.0,0.0,1.0,0.0,0.0
19,95,3.4495625674987,6.671577664168929,1.0,0.0,1.0,1.0,0.0,0.0
0,100,0.4818815488029242,0.5790239082644556,0.0,0.0,0.0,0.0,0.0,0.0
1,100,5.034050154954106,11.711438734424222,0.0,1.0,1.0,0.0,1.0,1.0
2,100,11.829600797460534,2.468433294745237,1.0,1.0,0.0,1.0,1.0,1.0
3,100,4.804673693546941,1.7375257096068937,0.0,0.0,0.0,1.0,0.0,1.0
4,100,8.403830867254317,9.48543551131514,0.0,1.0,0.0,1.0,1.0,1.0
5,100,1.8942336661008363,8.379401147072738,0.0,0.0,0.0,1.0,1.0,1.0
6,100,7.5979099376017185,3.372496634714424,0.0,1.0,0.0,1.0,0.0,1.0
7,100,8.116953669245806,4.9557121255318215,0.0,1.0,0.0,1.0,0.0,0.0
8,100,2.3629237118543007,1.0287024551224286,0.0,0.0,0.0,0.0,1.0,0.0
9,100,5.901580355772222,0.4207293653885344,0.0,0.0,0.0,0.0,1.0,0.0
10,100,8.06106133265719,6.234003452934189,0.0,1.0,0.0,0.0,0.0,0.0
11,100,11.63632542280903,5.15777337086896,0.0,0.0,0.0,0.0,0.0,1.0
12,100,12.0,0.5267301463971732,1.0,0.0,1.0,0.0,0.0,0.0
13,100,9.146221361675426,4.021892738569641,0.0,0.0,0.0,0.0,1.0,0.0
14,100,4.831930996521476,2.27582369755763,0.0,0.0,1.0,0.0,0.0,0.0
15,100,9.337990565086567,4.376297557022612,1.0,1.0,1.0,0.0,1.0,1.0
16,100,11.78356503197647,7.999450672551776,1.0,0.0,1.0,0.0,0.0,1.0
17,100,10.882481102882425,0.2220122208007984,1.0,0.0,0.0,1.0,0.0,1.0
18,100,5.006441782481566,1.498610597926766,1.0,0.0,0.0,1.0,0.0,0.0
19,100,3.6068714823682497,6.713587173745674,1.0,0.0,1.0,1.0,0.0,0.0
0,105,0.5133187808322393,0.5026177352719314,0.0,0.0,0.0,0.0,0.0,0.0
1,105,4.980038205743075,11.75859323760065,0.0,1.0,1.0,0.0,1.0,1.0
2,105,11.77451573065902,2.4634443884506285,1.0,1.0,0.0,1.0,1.0,1.0
3,105,4.759621810832528,1.7655192562446254,0.0,0.0,0.0,1.0,0.0,1.0
4,105,8.406199078261956,9.482709918262431,0.0,1.0,0.0,1.0,1.0,1.0
5,105,1.9359428522501128,8.300000826702645,0.0,0.0,0.0,1.0,1.0,1.0
6,105,7.6580872241480575,3.406857132265854,0.0,1.0,0.0,1.0,0.0,1.0
7,105,8.013721823697937,4.907429229501167,0.0,1.0,0.0,1.0,0.0,0.0
8,105,2.375908060078139,1.0309403261788517,0.0,0.0,0.0,0.0,1.0,0.0
9,105,5.9086344016732655,0.4480964226902396,0.0,0.0,0.0,0.0,1.0,0.0
10,105,8.066421012089771,6.158083833268977,0.0,1.0,0.0,0.0,0.0,0.0
11,105,11.751046325735864,5.165330698257608,0.0,0.0,0.0,0.0,0.0,1.0
12,105,12.0,0.5488155276091561,1.0,0.0,1.0,0.0,0.0,0.0
13,105,9.262774787357216,3.9687397027110847,0.0,0.0,0.0,0.0,1.0,0.0
14,105,4.780735061261534,2.1639962160391564,0.0,0.0,1.0,0.0,0.0,0.0
15,105,9.293682193625642,4.3300474717442485,1.0,1.0,1.0,0.0,1.0,1.0
16,105,11.786635988732154,7.998933102828329,1.0,0.0,1.0,0.0,0.0,1.0
17,105,10.903520154292472,0.2028209880406088,1.0,0.0,0.0,1.0,0.0,1.0
18,105,5.005223619429219,1.402293205139807,1.0,0.0,0.0,1.0,0.0,0.0
19,105,3.756507222287514,6.754731065645041,1.0,0.0,1.0,1.0,0.0,0.0
0,110,0.5471581506920457,0.4196372668267762,0.0,0.0,0.0,0.0,0.0,0.0
1,110,4.921503615223796,11.809809428263971,0.0,1.0,1.0,0.0,1.0,1.0
2,110,11.733557146606037,2.459233513974742,1.0,1.0,0.0,1.0,1.0,1.0
3,110,4.723945964489187,1.7865449912546283,0.0,0.0,0.0,1.0,0.0,1.0
4,110,8.41311276086979,9.47448168430829,0.0,1.0,0.0,1.0,1.0,1.0
5,110,1.9887516688660116,8.199207078515943,0.0,0.0,0.0,1.0,1.0,1.0
6,110,7.712881522186127,3.4370097342272823,0.0,1.0,0.0,1.0,0.0,1.0
7,110,7.914110547025903,4.863581335547872,0.0,1.0,0.0,1.0,0.0,0.0
8,110,2.4027985127936224,1.036205810840671,0.0,0.0,0.0,0.0,1.0,0.0
9,110,5.916329441569481,0.478840260623331,0.0,0.0,0.0,0.0,1.0,0.0
10,110,8.072844853976513,6.074474709282612,0.0,1.0,0.0,0.0,0.0,0.0
11,110,11.861082966469016,5.166180895185325,0.0,0.0,0.0,0.0,0.0,1.0
12,110,12.0,0.5654549913536852,1.0,0.0,1.0,0.0,0.0,0.0
13,110,9.393524329196698,3.9117949884114216,0.0,0.0,0.0,0.0,1.0,0.0
14,110,4.725577149985689,2.043160861485126,0.0,0.0,1.0,0.0,0.0,0.0
15,110,9.24379364815976,4.279062291796739,1.0,1.0,1.0,0.0,1.0,1.0
16,110,11.791874774648178,7.997915821908301,1.0,0.0,1.0,0.0,0.0,1.0
17,110,10.881657283287549,0.1778217823189336,1.0,0.0,0.0,1.0,0.0,1.0
18,110,5.006030324081428,1.3289114001040525,1.0,0.0,0.0,1.0,0.0,0.0
19,110,3.8841740130230233,6.791627702861438,1.0,0.0,1.0,1.0,0.0,0.0
0,115,0.5770318878229842,0.3466249548717189,0.0,0.0,0.0,0.0,0.0,0.0
1,115,4.858237305475517,11.865506502254284,0.0,1.0,1.0,0.0,1.0,1.0
2,115,11.672054601995582,2.454674645315916,1.0,1.0,0.0,1.0,1.0,1.0
3,115,4.690886411674996,1.80793112289166,0.0,0.0,0.0,1.0,0.0,1.0
4,115,8.417274103429024,9.469408251431329,0.0,1.0,0.0,1.0,1.0,1.0
5,115,2.044927489729809,8.093124652068592,0.0,0.0,0.0,1.0,1.0,1.0
6,115,7.748783434363356,3.4581278377662747,0.0,1.0,0.0,1.0,0.0,1.0
7,115,7.816001536883931,4.822797667903888,0.0,1.0,0.0,1.0,0.0,0.0
8,115,2.424115711116856,1.040572470432721,0.0,0.0,0.0,0.0,1.0,0.0
9,115,5.93364934839919,0.5418973938505739,0.0,0.0,0.0,0.0,1.0,0.0
10,115,8.079483961972207,6.00386292131862,0.0,1.0,0.0,0.0,0.0,0.0
11,115,11.97986958683014,5.164516060106236,0.0,0.0,0.0,0.0,0.0,1.0
12,115,12.0,0.582349352752941,1.0,0.0,1.0,0.0,0.0,0.0
13,115,9.538307136376144,3.847916081676912,0.0,0.0,0.0,0.0,1.0,0.0
14,115,4.673069765034987,1.922840506478751,0.0,0.0,1.0,0.0,0.0,0.0
15,115,9.20348145298699,4.239083397740894,1.0,1.0,1.0,0.0,1.0,1.0
16,115,11.79500456690128,7.997376049483593,1.0,0.0,1.0,0.0,0.0,1.0
17,115,10.86307490972354,0.1553072100025188,1.0,0.0,0.0,1.0,0.0,1.0
18,115,5.0053986423703405,1.2667488106871594,1.0,0.0,0.0,1.0,0.0,0.0
19,115,4.003636756582517,6.822831111962735,1.0,0.0,1.0,1.0,0.0,0.0
0,120,0.6040930716760042,0.2759340453556564,0.0,0.0,0.0,0.0,0.0,0.0
1,120,4.794085747218119,11.921374827709814,0.0,1.0,1.0,0.0,1.0,1.0
2,120,11.6028437699162,2.4504431822517487,1.0,1.0,0.0,1.0,1.0,1.0
3,120,4.635058740708906,1.8449126255734047,0.0,0.0,0.0,1.0,0.0,1.0
4,120,8.418856141569947,9.467524947066748,0.0,1.0,0.0,1.0,1.0,1.0
5,120,2.096092446766528,7.998479423621107,0.0,0.0,0.0,1.0,1.0,1.0
6,120,7.7833289975971,3.4790981261216745,0.0,1.0,0.0,1.0,0.0,1.0
7,120,7.73325839163587,4.786966484868604,0.0,1.0,0.0,1.0,0.0,0.0
8,120,2.4676671270265027,1.0486956412199886,0.0,0.0,0.0,0.0,1.0,0.0
9,120,5.949732963331324,0.5963353776052921,0.0,0.0,0.0,0.0,1.0,0.0
10,120,8.085523868929462,5.937504053708308,0.0,1.0,0.0,0.0,0.0,0.0
11,120,12.0,5.162695760150357,0.0,0.0,0.0,0.0,0.0,1.0
12,120,12.0,0.5940553648253601,1.0,0.0,1.0,0.0,0.0,0.0
13,120,9.67667939181042,3.788588763016965,0.0,0.0,0.0,0.0,1.0,0.0
14,120,4.630547283437023,1.8176340598536815,0.0,0.0,1.0,0.0,0.0,0.0
15,120,9.17660620038556,4.210962236207166,1.0,1.0,1.0,0.0,1.0,1.0
16,120,11.766172834009238,8.00272463660719,1.0,0.0,1.0,0.0,0.0,1.0
17,120,10.85215151985478,0.1412605690381627,1.0,0.0,0.0,1.0,0.0,1.0
18,120,5.005298999393387,1.197048376447349,1.0,0.0,0.0,1.0,0.0,0.0
19,120,4.128876637508841,6.854736281958092,1.0,0.0,1.0,1.0,0.0,0.0
0,125,0.630927182930719,0.2099537373164166,0.0,0.0,0.0,0.0,0.0,0.0
1,125,4.726852772674064,11.978939567101406,0.0,1.0,1.0,0.0,1.0,1.0
2,125,11.559898441245556,2.4470275905619365,1.0,1.0,0.0,1.0,1.0,1.0
3,125,4.569374448018672,1.889204976544586,0.0,0.0,0.0,1.0,0.0,1.0
4,125,8.41599360993023,9.470922685440287,0.0,1.0,0.0,1.0,1.0,1.0
5,125,2.14514115406621,7.911206660513145,0.0,0.0,0.0,1.0,1.0,1.0
6,125,7.817846829951997,3.49872567069462,0.0,1.0,0.0,1.0,0.0,1.0
7,125,7.665124795724443,4.756585874729503,0.0,1.0,0.0,1.0,0.0,0.0
8,125,2.5063198681974623,1.05592950826744,0.0,0.0,0.0,0.0,1.0,0.0
9,125,5.960442447305172,0.6313520314089904,0.0,0.0,0.0,0.0,1.0,0.0
10,125,8.091183772813405,5.85069863253816,0.0,1.0,0.0,0.0,0.0,0.0
11,125,12.0,5.157063635049909,0.0,0.0,0.0,0.0,0.0,1.0
12,125,12.0,0.604020282348172,1.0,0.0,1.0,0.0,0.0,0.0
13,125,9.8141874864662,3.724584100282442,0.0,0.0,0.0,0.0,1.0,0.0
14,125,4.584834577908201,1.7120263387407737,0.0,0.0,1.0,0.0,0.0,0.0
15,125,9.139755670682762,4.171328489215633,1.0,1.0,1.0,0.0,1.0,1.0
16,125,11.764658303804852,8.002984462155776,1.0,0.0,1.0,0.0,0.0,1.0
17,125,10.846877140941418,0.1344806195738053,1.0,0.0,0.0,1.0,0.0,1.0
18,125,5.004522068796769,1.1299879568211395,1.0,0.0,0.0,1.0,0.0,0.0
19,125,4.24908860716387,6.886119544026152,1.0,0.0,1.0,1.0,0.0,0.0
0,130,0.6499006420457252,0.1606448031113528,0.0,0.0,0.0,0.0,0.0,0.0
1,130,4.660766558253536,12.0,0.0,1.0,1.0,0.0,1.0,1.0
2,130,11.518196645250123,2.443764516280221,1.0,1.0,0.0,1.0,1.0,1.0
3,130,4.498138975224233,1.9369431453214012,0.0,0.0,0.0,1.0,0.0,1.0
4,130,8.415351788204646,9.47167244569349,0.0,1.0,0.0,1.0,1.0,1.0
5,130,2.1904434792122585,7.832761586815545,0.0,0.0,0.0,1.0,1.0,1.0
6,130,7.839603119606,3.511347754042208,0.0,1.0,0.0,1.0,0.0,1.0
7,130,7.599588836905875,4.727668944413909,0.0,1.0,0.0,1.0,0.0,0.0
8,130,2.547344360307236,1.0635976429425529,0.0,0.0,0.0,0.0,1.0,0.0
9,130,5.971124380507638,0.6657969498500395,0.0,0.0,0.0,0.0,1.0,0.0
10,130,8.095964239593695,5.77047631141818,0.0,1.0,0.0,0.0,0.0,0.0
11,130,12.0,5.149808514228073,0.0,0.0,0.0,0.0,0.0,1.0
12,130,12.0,0.6146980068880071,1.0,0.0,1.0,0.0,0.0,0.0
13,130,9.950419094173052,3.65926716901731,0.0,0.0,0.0,0.0,1.0,0.0
14,130,4.527766146980355,1.5770888098674325,0.0,0.0,1.0,0.0,0.0,0.0
15,130,9.123380611131818,4.153233162742522,1.0,1.0,1.0,0.0,1.0,1.0
16,130,11.769884769356349,8.002105978137624,1.0,0.0,1.0,0.0,0.0,1.0
17,130,10.837699660207823,0.1224050768031047,1.0,0.0,0.0,1.0,0.0,1.0
18,130,5.00474357678864,1.05809556816545,1.0,0.0,0.0,1.0,0.0,0.0
19,130,4.37081881825841,6.917988619995299,1.0,0.0,1.0,1.0,0.0,0.0
0,135,0.6657869729385822,0.1143037275848723,0.0,0.0,0.0,0.0,0.0,0.0
1,135,4.58678917816192,12.0,0.0,1.0,1.0,0.0,1.0,1.0
2,135,11.476685060441262,2.4401720904794577,1.0,1.0,0.0,1.0,1.0,1.0
3,135,4.432538934431669,1.9796067604271723,0.0,0.0,0.0,1.0,0.0,1.0
4,135,8.417681336584103,9.46884475587584,0.0,1.0,0.0,1.0,1.0,1.0
5,135,2.229493145825192,7.761695503371045,0.0,0.0,0.0,1.0,1.0,1.0
6,135,7.868288071769116,3.52854886300704,0.0,1.0,0.0,1.0,0.0,1.0
7,135,7.516680797634797,4.6917258389343175,0.0,1.0,0.0,1.0,0.0,0.0
8,135,2.559397063952205,1.0653988293187526,0.0,0.0,0.0,0.0,1.0,0.0
9,135,5.983445559857875,0.7066278442325163,0.0,0.0,0.0,0.0,1.0,0.0
10,135,8.099954993244015,5.7123193650287,0.0,1.0,0.0,0.0,0.0,0.0
11,135,12.0,5.140825205905966,0.0,0.0,0.0,0.0,0.0,1.0
12,135,12.0,0.6297082612277831,1.0,0.0,1.0,0.0,0.0,0.0
13,135,10.096074297998966,3.5893117126470546,0.0,0.0,0.0,0.0,1.0,0.0
14,135,4.470026908772321,1.4436428712459617,0.0,0.0,1.0,0.0,0.0,0.0
15,135,9.100777869389946,4.127902217677947,1.0,1.0,1.0,0.0,1.0,1.0
16,135,11.770830019603864,8.001942118897588,1.0,0.0,1.0,0.0,0.0,1.0
17,135,10.827651993252022,0.108749281033084,1.0,0.0,0.0,1.0,0.0,1.0
18,135,5.004981094563177,0.987708621553059,1.0,0.0,0.0,1.0,0.0,0.0
19,135,4.528977653476882,6.958106052317337,1.0,0.0,1.0,1.0,0.0,0.0
0,140,0.6841762741132288,0.0670096040230703,0.0,0.0,0.0,0.0,0.0,0.0
1,140,4.489330437733091,12.0,0.0,1.0,1.0,0.0,1.0,1.0
2,140,11.417367380239462,2.434553381523468,1.0,1.0,0.0,1.0,1.0,1.0
3,140,4.3861194226412765,2.0114928225131075,0.0,0.0,0.0,1.0,0.0,1.0
4,140,8.43858114244563,9.44196289802514,0.0,1.0,0.0,1.0,1.0,1.0
5,140,2.2671953775258773,7.68960933732455,0.0,0.0,0.0,1.0,1.0,1.0
6,140,7.904360144367009,3.5494023567388924,0.0,1.0,0.0,1.0,0.0,1.0
7,140,7.44440941419363,4.659410159697168,0.0,1.0,0.0,1.0,0.0,0.0
8,140,2.559395273607428,1.0654108530932451,0.0,0.0,0.0,0.0,1.0,0.0
9,140,5.997619677082456,0.7549955291345222,0.0,0.0,0.0,0.0,1.0,0.0
10,140,8.10244099040203,5.657352569279406,0.0,1.0,0.0,0.0,0.0,0.0
11,140,12.0,5.129159637341064,0.0,0.0,0.0,0.0,0.0,1.0
12,140,12.0,0.6477327465976358,1.0,0.0,1.0,0.0,0.0,0.0
13,140,10.24793928122742,3.5166116474062674,0.0,0.0,0.0,0.0,1.0,0.0
14,140,4.414128159293846,1.3237805815229264,0.0,0.0,1.0,0.0,0.0,0.0
15,140,9.078464664599478,4.102350471605936,1.0,1.0,1.0,0.0,1.0,1.0
16,140,11.784181371409218,7.99958672970288,1.0,0.0,1.0,0.0,0.0,1.0
17,140,10.815609690071687,0.0932899112188447,1.0,0.0,0.0,1.0,0.0,1.0
18,140,5.003965517122211,0.9257167134148692,1.0,0.0,0.0,1.0,0.0,0.0
19,140,4.704849693176282,7.001564499082069,1.0,0.0,1.0,1.0,0.0,0.0
0,145,0.6955987296234107,0.0373292738813176,0.0,0.0,0.0,0.0,0.0,0.0
1,145,4.399572912683481,12.0,0.0,1.0,1.0,0.0,1.0,1.0
2,145,11.337507969384683,2.428586200278878,1.0,1.0,0.0,1.0,1.0,1.0
3,145,4.347790334394139,2.037750366002353,0.0,0.0,0.0,1.0,0.0,1.0
4,145,8.466184547998152,9.405553924425256,0.0,1.0,0.0,1.0,1.0,1.0
5,145,2.3062282221357093,7.619566410687387,0.0,0.0,0.0,1.0,1.0,1.0
6,145,7.941943370549986,3.571958160539441,0.0,1.0,0.0,1.0,0.0,1.0
7,145,7.355468592440647,4.619890693163608,0.0,1.0,0.0,1.0,0.0,0.0
8,145,2.559356669354692,1.0656393132627762,0.0,0.0,0.0,0.0,1.0,0.0
9,145,6.012599570699103,0.8076895614912021,0.0,0.0,0.0,0.0,1.0,0.0
10,145,8.107137844173865,5.57611652643651,0.0,1.0,0.0,0.0,0.0,0.0
11,145,12.0,5.1098833950878415,0.0,0.0,0.0,0.0,0.0,1.0
12,145,12.0,0.6683081138636806,1.0,0.0,1.0,0.0,0.0,0.0
13,145,10.406131317307752,3.439740057527377,0.0,0.0,0.0,0.0,1.0,0.0
14,145,4.35595734594396,1.1917786855981818,0.0,0.0,1.0,0.0,0.0,0.0
15,145,9.048608149111145,4.066981833837449,1.0,1.0,1.0,0.0,1.0,1.0
16,145,11.810949473022475,7.993916174345492,1.0,0.0,1.0,0.0,0.0,1.0
17,145,10.80988695744383,0.0855211656928833,1.0,0.0,0.0,1.0,0.0,1.0
18,145,5.001761582703976,0.8565523315002093,1.0,0.0,0.0,1.0,0.0,0.0
19,145,4.880953377962966,7.045787929037641,1.0,0.0,1.0,1.0,0.0,0.0
0,150,0.7061141200676209,0.0100735423874404,0.0,0.0,0.0,0.0,0.0,0.0
1,150,4.291309573302017,12.0,0.0,1.0,1.0,0.0,1.0,1.0
2,150,11.255665597709688,2.4246423445117644,1.0,1.0,0.0,1.0,1.0,1.0
3,150,4.32488212460588,2.0532026619651544,0.0,0.0,0.0,1.0,0.0,1.0
4,150,8.489014939982274,9.37440868125317,0.0,1.0,0.0,1.0,1.0,1.0
5,150,2.349139457742769,7.543188677371449,0.0,0.0,0.0,1.0,1.0,1.0
6,150,7.9972180516855005,3.604870334454213,0.0,1.0,0.0,1.0,0.0,1.0
7,150,7.275397870329815,4.585283843531784,0.0,1.0,0.0,1.0,0.0,0.0
8,150,2.562897097314498,1.0449215339027207,0.0,0.0,0.0,0.0,1.0,0.0
9,150,6.025815498554498,0.8550971972141215,0.0,0.0,0.0,0.0,1.0,0.0
10,150,8.109624614791198,5.503898933275437,0.0,1.0,0.0,0.0,0.0,0.0
11,150,12.0,5.08853618631977,0.0,0.0,0.0,0.0,0.0,1.0
12,150,12.0,0.6859675874278958,1.0,0.0,1.0,0.0,0.0,0.0
13,150,10.561344499224008,3.3608596605280017,0.0,0.0,0.0,0.0,1.0,0.0
14,150,4.289411196342409,1.0313755232712394,0.0,0.0,1.0,0.0,0.0,0.0
15,150,9.033059181090502,4.047219085066385,1.0,1.0,1.0,0.0,1.0,1.0
16,150,11.83236850134508,7.988937455998211,1.0,0.0,1.0,0.0,0.0,1.0
17,150,10.810850808304725,0.0867879535447415,1.0,0.0,0.0,1.0,0.0,1.0
18,150,4.997121500527187,0.7730894983706427,1.0,0.0,0.0,1.0,0.0,0.0
19,150,5.049973239246453,7.089796521161098,1.0,0.0,1.0,1.0,0.0,0.0
0,155,0.7174550841372149,0.0,0.0,0.0,0.0,0.0,0.0,0.0
1,155,4.180683378047084,12.0,0.0,1.0,1.0,0.0,1.0,1.0
2,155,11.187000212833098,2.420168360864967,1.0,1.0,0.0,1.0,1.0,1.0
3,155,4.3135374231031856,2.0609639551951657,0.0,0.0,0.0,1.0,0.0,1.0
4,155,8.513051947623827,9.341931596180684,0.0,1.0,0.0,1.0,1.0,1.0
5,155,2.3930925505119616,7.465105620249188,0.0,0.0,0.0,1.0,1.0,1.0
6,155,8.0779899793973,3.654388428206241,0.0,1.0,0.0,1.0,0.0,1.0
7,155,7.208287092799259,4.556393587707094,0.0,1.0,0.0,1.0,0.0,0.0
8,155,2.569194918952721,1.010271094512564,0.0,0.0,0.0,0.0,1.0,0.0
9,155,6.040930920070202,0.9071318134153088,0.0,0.0,0.0,0.0,1.0,0.0
10,155,8.110458044041144,5.422963074965125,0.0,1.0,0.0,0.0,0.0,0.0
11,155,12.0,5.069287879360904,0.0,0.0,0.0,0.0,0.0,1.0
12,155,12.0,0.7008419269922893,1.0,0.0,1.0,0.0,0.0,0.0
13,155,10.715903023973617,3.278748198257538,0.0,0.0,0.0,0.0,1.0,0.0
14,155,4.214763227955209,0.8673307867206473,0.0,0.0,1.0,0.0,0.0,0.0
15,155,9.013597428388916,4.02226581227584,1.0,1.0,1.0,0.0,1.0,1.0
16,155,11.852181237570978,7.984409704081642,1.0,0.0,1.0,0.0,0.0,1.0
17,155,10.816255229467542,0.0940402177227414,1.0,0.0,0.0,1.0,0.0,1.0
18,155,4.993191886949363,0.6904084722579477,1.0,0.0,0.0,1.0,0.0,0.0
19,155,5.208446264640771,7.125905478674243,1.0,0.0,1.0,1.0,0.0,0.0
0,160,0.7257477833591989,0.0,0.0,0.0,0.0,0.0,0.0,0.0
1,160,4.05946332583028,12.0,0.0,1.0,1.0,0.0,1.0,1.0
2,160,11.115505604732336,2.416293293049661,1.0,1.0,0.0,1.0,1.0,1.0
3,160,4.304361015409828,2.066728497233492,0.0,0.0,0.0,1.0,0.0,1.0
4,160,8.53196942115866,9.315464993089355,0.0,1.0,0.0,1.0,1.0,1.0
5,160,2.4526034590464603,7.357153041627395,0.0,0.0,0.0,1.0,1.0,1.0
6,160,8.160821320700007,3.704611848614233,0.0,1.0,0.0,1.0,0.0,1.0
7,160,7.127284814351914,4.524032935314662,0.0,1.0,0.0,1.0,0.0,0.0
8,160,2.577410927366895,0.964046055253724,0.0,0.0,0.0,0.0,1.0,0.0
9,160,6.049895530748228,0.9397203581448276,0.0,0.0,0.0,0.0,1.0,0.0
10,160,8.111066901481111,5.334732140304903,0.0,1.0,0.0,0.0,0.0,0.0
11,160,12.0,5.049076825867998,0.0,0.0,0.0,0.0,0.0,1.0
12,160,12.0,0.710066814153445,1.0,0.0,1.0,0.0,0.0,0.0
13,160,10.862499112925311,3.206483986404409,0.0,0.0,0.0,0.0,1.0,0.0
14,160,4.141687249147305,0.7138416194688715,0.0,0.0,1.0,0.0,0.0,0.0
15,160,9.001000425453345,4.007051725441295,1.0,1.0,1.0,0.0,1.0,1.0
16,160,11.853948832102882,7.98403137546362,1.0,0.0,1.0,0.0,0.0,1.0
17,160,10.828766473596684,0.1110455299771296,1.0,0.0,0.0,1.0,0.0,1.0
18,160,4.987885062261121,0.6086058394476682,1.0,0.0,0.0,1.0,0.0,0.0
19,160,5.360730978042968,7.160304425573536,1.0,0.0,1.0,1.0,0.0,0.0
0,165,0.7357154158215748,0.0,0.0,0.0,0.0,0.0,0.0,0.0
1,165,3.913381206298912,12.0,0.0,1.0,1.0,0.0,1.0,1.0
2,165,11.03671014366112,2.411472805380061,1.0,1.0,0.0,1.0,1.0,1.0
3,165,4.31173472763637,2.0624111876074784,0.0,0.0,0.0,1.0,0.0,1.0
4,165,8.549004295727658,9.292198860415118,0.0,1.0,0.0,1.0,1.0,1.0
5,165,2.5171302853000057,7.241014176214571,0.0,0.0,0.0,1.0,1.0,1.0
6,165,8.233638944788067,3.747914902231062,0.0,1.0,0.0,1.0,0.0,1.0
7,165,7.039264826046929,4.486001549383307,0.0,1.0,0.0,1.0,0.0,0.0
8,165,2.5867797198559312,0.9169778886870013,0.0,0.0,0.0,0.0,1.0,0.0
9,165,6.059576047086286,0.9740093416205944,0.0,0.0,0.0,0.0,1.0,0.0
10,165,8.112521765150477,5.26769590410836,0.0,1.0,0.0,0.0,0.0,0.0
11,165,12.0,5.025862207860213,0.0,0.0,0.0,0.0,0.0,1.0
12,165,12.0,0.7281459024150826,1.0,0.0,1.0,0.0,0.0,0.0
13,165,11.00969634651183,3.130671076738944,0.0,0.0,0.0,0.0,1.0,0.0
14,165,4.0764025778001125,0.5717853097224155,0.0,0.0,1.0,0.0,0.0,0.0
15,165,8.998974751105854,4.004732638498693,1.0,1.0,1.0,0.0,1.0,1.0
16,165,11.844871644236145,7.986147515064572,1.0,0.0,1.0,0.0,0.0,1.0
17,165,10.83191707411787,0.1153554575532294,1.0,0.0,0.0,1.0,0.0,1.0
18,165,4.985500955804398,0.5402348452768878,1.0,0.0,0.0,1.0,0.0,0.0
19,165,5.498628681690748,7.188137326978636,1.0,0.0,1.0,1.0,0.0,0.0
0,170,0.7412342184558084,0.0,0.0,0.0,0.0,0.0,0.0,0.0
1,170,3.782029128297016,12.0,0.0,1.0,1.0,0.0,1.0,1.0
2,170,10.92700799284195,2.4040610907693782,1.0,1.0,0.0,1.0,1.0,1.0
3,170,4.349451899116451,2.03993586376402,0.0,0.0,0.0,1.0,0.0,1.0
4,170,8.572277250066772,9.259428225290508,0.0,1.0,0.0,1.0,1.0,1.0
5,170,2.5798153287385595,7.134262565084692,0.0,0.0,0.0,1.0,1.0,1.0
6,170,8.313810989827742,3.795572665251898,0.0,1.0,0.0,1.0,0.0,1.0
7,170,6.951963919827188,4.449691512549804,0.0,1.0,0.0,1.0,0.0,0.0
8,170,2.596997809434368,0.8686053222528431,0.0,0.0,0.0,0.0,1.0,0.0
9,170,6.068424862645886,1.0016962444420456,0.0,0.0,0.0,0.0,1.0,0.0
10,170,8.11278188231108,5.202256894976042,0.0,1.0,0.0,0.0,0.0,0.0
11,170,12.0,5.002752957736621,0.0,0.0,0.0,0.0,0.0,1.0
12,170,12.0,0.7366911461337924,1.0,0.0,1.0,0.0,0.0,0.0
13,170,11.168669715738575,3.0476822972063333,0.0,0.0,0.0,0.0,1.0,0.0
14,170,4.015248538382077,0.4286922164440117,0.0,0.0,1.0,0.0,0.0,0.0
15,170,8.999039864645033,4.004804891893198,1.0,1.0,1.0,0.0,1.0,1.0
16,170,11.846229347327249,7.9858554301407585,1.0,0.0,1.0,0.0,0.0,1.0
17,170,10.824925804282806,0.1062873847426612,1.0,0.0,0.0,1.0,0.0,1.0
18,170,4.985127794895829,0.4668377591392115,1.0,0.0,0.0,1.0,0.0,0.0
19,170,5.612416238955397,7.210029648952799,1.0,0.0,1.0,1.0,0.0,0.0
0,175,0.7513167140122038,0.0,0.0,0.0,0.0,0.0,0.0,0.0
1,175,3.648467799157225,12.0,0.0,1.0,1.0,0.0,1.0,1.0
2,175,10.821143935116652,2.393324173928524,1.0,1.0,0.0,1.0,1.0,1.0
3,175,4.401778988467497,2.0096876387652025,0.0,0.0,0.0,1.0,0.0,1.0
4,175,8.603329377995784,9.21676189446289,0.0,1.0,0.0,1.0,1.0,1.0
5,175,2.640675694381798,7.028264015168336,0.0,0.0,0.0,1.0,1.0,1.0
6,175,8.39958921291936,3.8501557141659895,0.0,1.0,0.0,1.0,0.0,1.0
7,175,6.869948434842236,4.418476661750718,0.0,1.0,0.0,1.0,0.0,0.0
8,175,2.607679527256323,0.8168439807952315,0.0,0.0,0.0,0.0,1.0,0.0
9,175,6.069841415322745,1.00605371053937,0.0,0.0,0.0,0.0,1.0,0.0
10,175,8.113389650811863,5.139558751196518,0.0,1.0,0.0,0.0,0.0,0.0
11,175,12.0,4.980225637363705,0.0,0.0,0.0,0.0,0.0,1.0
12,175,12.0,0.7455965665985829,1.0,0.0,1.0,0.0,0.0,0.0
13,175,11.319160976447517,2.9617667575163207,0.0,0.0,0.0,0.0,1.0,0.0
14,175,3.95492487733552,0.2931084176067604,0.0,0.0,1.0,0.0,0.0,0.0
15,175,9.006956000960354,4.013658716682114,1.0,1.0,1.0,0.0,1.0,1.0
16,175,11.85071912561061,7.984882128584036,1.0,0.0,1.0,0.0,0.0,1.0
17,175,10.820680714301522,0.1009772758210156,1.0,0.0,0.0,1.0,0.0,1.0
18,175,4.983906660604001,0.3943672766488168,1.0,0.0,0.0,1.0,0.0,0.0
19,175,5.71626974671463,7.229584504400774,1.0,0.0,1.0,1.0,0.0,0.0
0,180,0.7636777091748093,0.0,0.0,0.0,0.0,0.0,0.0,0.0
1,180,3.5289721345642886,12.0,0.0,1.0,1.0,0.0,1.0,1.0
2,180,10.700550271436914,2.3830454363313027,1.0,1.0,0.0,1.0,1.0,1.0
3,180,4.465728213522097,1.9715981102675637,0.0,0.0,0.0,1.0,0.0,1.0
4,180,8.647354344312244,9.157577861644205,0.0,1.0,0.0,1.0,1.0,1.0
5,180,2.701427332944883,6.921976642926257,0.0,0.0,0.0,1.0,1.0,1.0
6,180,8.493319331968273,3.909187289120781,0.0,1.0,0.0,1.0,0.0,1.0
7,180,6.77259950392112,4.381420152927649,0.0,1.0,0.0,1.0,0.0,0.0
8,180,2.6218279153380344,0.7490439717478292,0.0,0.0,0.0,0.0,1.0,0.0
9,180,6.071312170981191,1.0105479550382364,0.0,0.0,0.0,0.0,1.0,0.0
10,180,8.1140957659756,5.050492042460465,0.0,1.0,0.0,0.0,0.0,0.0
11,180,12.0,4.961950142734615,0.0,0.0,0.0,0.0,0.0,1.0
12,180,12.0,0.747266543422626,1.0,0.0,1.0,0.0,0.0,0.0
13,180,11.473259041798077,2.8746509248438747,0.0,0.0,0.0,0.0,1.0,0.0
14,180,3.875530033233456,0.1254506177722683,0.0,0.0,1.0,0.0,0.0,0.0
15,180,9.00794356728678,4.0147674289689945,1.0,1.0,1.0,0.0,1.0,1.0
16,180,11.86316802556571,7.982108451911239,1.0,0.0,1.0,0.0,0.0,1.0
17,180,10.800097458064544,0.0753389819114229,1.0,0.0,0.0,1.0,0.0,1.0
18,180,4.983582561593635,0.3371035940153155,1.0,0.0,0.0,1.0,0.0,0.0
19,180,5.817421427688556,7.24595731605038,1.0,0.0,1.0,1.0,0.0,0.0
0,185,0.775943264579691,0.0,0.0,0.0,0.0,0.0,0.0,0.0
1,185,3.4061789106751266,12.0,0.0,1.0,1.0,0.0,1.0,1.0
2,185,10.58733805110248,2.370346175496717,1.0,1.0,0.0,1.0,1.0,1.0
3,185,4.52131902048237,1.9380909834480244,0.0,0.0,0.0,1.0,0.0,1.0
4,185,8.683719933995485,9.108810053655198,0.0,1.0,0.0,1.0,1.0,1.0
5,185,2.772416988584716,6.80126054929924,0.0,0.0,0.0,1.0,1.0,1.0
6,185,8.585137583607834,3.967104168617172,0.0,1.0,0.0,1.0,0.0,1.0
7,185,6.6715073636382005,4.340514690961646,0.0,1.0,0.0,1.0,0.0,0.0
8,185,2.633988938938512,0.6819317713919265,0.0,0.0,0.0,0.0,1.0,0.0
9,185,6.070809314573738,1.0092076804174,0.0,0.0,0.0,0.0,1.0,0.0
10,185,8.117041455787172,4.96045065159234,0.0,1.0,0.0,0.0,0.0,0.0
11,185,12.0,4.9370258785772725,0.0,0.0,0.0,0.0,0.0,1.0
12,185,12.0,0.7546596951275384,1.0,0.0,1.0,0.0,0.0,0.0
13,185,11.63006066190482,2.7819417588751048,0.0,0.0,0.0,0.0,1.0,0.0
14,185,3.790829194387508,0.0,0.0,0.0,1.0,0.0,0.0,0.0
15,185,9.008135506532744,4.01498552758216,1.0,1.0,1.0,0.0,1.0,1.0
16,185,11.862923459109906,7.982157248051353,1.0,0.0,1.0,0.0,0.0,1.0
17,185,10.785731497443942,0.0579496593950814,1.0,0.0,0.0,1.0,0.0,1.0
18,185,4.98281661094217,0.2723762955303059,1.0,0.0,0.0,1.0,0.0,0.0
19,185,5.918808507123416,7.261620436910995,1.0,0.0,1.0,1.0,0.0,0.0
0,190,0.7883589695549117,0.0,0.0,0.0,0.0,0.0,0.0,0.0
1,190,3.287780996262215,12.0,0.0,1.0,1.0,0.0,1.0,1.0
2,190,10.481466630678694,2.359347011146767,1.0,1.0,0.0,1.0,1.0,1.0
3,190,4.570139904061442,1.908001739967651,0.0,0.0,0.0,1.0,0.0,1.0
4,190,8.721178794704041,9.057659281914962,0.0,1.0,0.0,1.0,1.0,1.0
5,190,2.846662971164294,6.669191989271739,0.0,0.0,0.0,1.0,1.0,1.0
6,190,8.698328093913062,4.039552294399056,0.0,1.0,0.0,1.0,0.0,1.0
7,190,6.558198080207782,4.290943111337175,0.0,1.0,0.0,1.0,0.0,0.0
8,190,2.6487042446192155,0.6044669108192435,0.0,0.0,0.0,0.0,1.0,0.0
9,190,6.07329280584551,1.015657380102288,0.0,0.0,0.0,0.0,1.0,0.0
10,190,8.119565058702468,4.864451393676214,0.0,1.0,0.0,0.0,0.0,0.0
11,190,12.0,4.913117390018706,0.0,0.0,0.0,0.0,0.0,1.0
12,190,11.986970473497411,0.7486252285758038,1.0,0.0,1.0,0.0,0.0,0.0
13,190,11.78862383227754,2.6885334894304327,0.0,0.0,0.0,0.0,1.0,0.0
14,190,3.702298204859493,0.0,0.0,0.0,1.0,0.0,0.0,0.0
15,190,9.017458340011196,4.025658476998801,1.0,1.0,1.0,0.0,1.0,1.0
16,190,11.890448314896826,7.976795669918463,1.0,0.0,1.0,0.0,0.0,1.0
17,190,10.772933431383432,0.0429541949394355,1.0,0.0,0.0,1.0,0.0,1.0
18,190,4.9827269320371474,0.1922944359884032,1.0,0.0,0.0,1.0,0.0,0.0
19,190,6.047601774733121,7.283990135514538,1.0,0.0,1.0,1.0,0.0,0.0
0,195,0.7933241581427785,0.0,0.0,0.0,0.0,0.0,0.0,0.0
1,195,3.161399341208338,12.0,0.0,1.0,1.0,0.0,1.0,1.0
2,195,10.369697910743929,2.3422968595397133,1.0,1.0,0.0,1.0,1.0,1.0
3,195,4.616235480913399,1.8805900510768288,0.0,0.0,0.0,1.0,0.0,1.0
4,195,8.754654984336291,9.01318884315407,0.0,1.0,0.0,1.0,1.0,1.0
5,195,2.915534967892808,6.547599793109661,0.0,0.0,0.0,1.0,1.0,1.0
6,195,8.787626370694293,4.099253297578864,0.0,1.0,0.0,1.0,0.0,1.0
7,195,6.440311842042565,4.2404858509008205,0.0,1.0,0.0,1.0,0.0,0.0
8,195,2.666517017349048,0.5131891555615956,0.0,0.0,0.0,0.0,1.0,0.0
9,195,6.081612385180176,1.038374795922543,0.0,0.0,0.0,0.0,1.0,0.0
10,195,8.121062580519864,4.775840173320353,0.0,1.0,0.0,0.0,0.0,0.0
11,195,12.0,4.889477275181111,0.0,0.0,0.0,0.0,0.0,1.0
12,195,11.975260442010551,0.7431111775261015,1.0,0.0,1.0,0.0,0.0,0.0
13,195,11.943418122648389,2.6016801641430014,0.0,0.0,0.0,0.0,1.0,0.0
14,195,3.615059780468802,0.0,0.0,0.0,1.0,0.0,0.0,0.0
15,195,9.018010365205129,4.02628339933109,1.0,1.0,1.0,0.0,1.0,1.0
16,195,11.938190374985329,7.968283594466866,1.0,0.0,1.0,0.0,0.0,1.0
17,195,10.768791887029751,0.0381344543728919,1.0,0.0,0.0,1.0,0.0,1.0
18,195,4.985230025816494,0.106417594688642,1.0,0.0,0.0,1.0,0.0,0.0
19,195,6.190338980276786,7.309125863807016,1.0,0.0,1.0,1.0,0.0,0.0
0,200,0.7955316825356231,0.0,0.0,0.0,0.0,0.0,0.0,0.0
1,200,3.060789147551444,12.0,0.0,1.0,1.0,0.0,1.0,1.0
2,200,10.229213657123015,2.322184967381628,1.0,1.0,0.0,1.0,1.0,1.0
3,200,4.634132031326569,1.8702076873742712,0.0,0.0,0.0,1.0,0.0,1.0
4,200,8.783537830726344,8.974939731551359,0.0,1.0,0.0,1.0,1.0,1.0
5,200,2.9857499179481253,6.423451848017358,0.0,0.0,0.0,1.0,1.0,1.0
6,200,8.864061083538095,4.149521949935588,0.0,1.0,0.0,1.0,0.0,1.0
7,200,6.331477273951512,4.19483543772483,0.0,1.0,0.0,1.0,0.0,0.0
8,200,2.68627565524134,0.4192779824654034,0.0,0.0,0.0,0.0,1.0,0.0
9,200,6.084729874795396,1.0474157893801428,0.0,0.0,0.0,0.0,1.0,0.0
10,200,8.122323484609462,4.675735873786132,0.0,1.0,0.0,0.0,0.0,0.0
11,200,12.0,4.865039694932183,0.0,0.0,0.0,0.0,0.0,1.0
12,200,11.986174190187125,0.7480676814723277,1.0,0.0,1.0,0.0,0.0,0.0
13,200,12.0,2.526527988169625,0.0,0.0,0.0,0.0,1.0,0.0
14,200,3.5305790585491024,0.0,0.0,0.0,1.0,0.0,0.0,0.0
15,200,9.0231287918584,4.032420176182347,1.0,1.0,1.0,0.0,1.0,1.0
16,200,11.992918940731876,7.959651673275492,1.0,0.0,1.0,0.0,0.0,1.0
17,200,10.758860084494057,0.0263750278715268,1.0,0.0,0.0,1.0,0.0,1.0
18,200,4.987864758875293,0.0409566499836023,1.0,0.0,0.0,1.0,0.0,0.0
19,200,6.340744525708739,7.333866505094362,1.0,0.0,1.0,1.0,0.0,0.0
0,205,0.7967575756246078,0.0,0.0,0.0,0.0,0.0,0.0,0.0
1,205,2.9513061205475504,12.0,0.0,1.0,1.0,0.0,1.0,1.0
2,205,10.127500896163111,2.3098769538368438,1.0,1.0,0.0,1.0,1.0,1.0
3,205,4.64113715932451,1.8660751759297545,0.0,0.0,0.0,1.0,0.0,1.0
4,205,8.819284764964875,8.927603120031927,0.0,1.0,0.0,1.0,1.0,1.0
5,205,3.0655575859115904,6.279899454542154,0.0,0.0,0.0,1.0,1.0,1.0
6,205,8.921388186041554,4.185924814627337,0.0,1.0,0.0,1.0,0.0,1.0
7,205,6.230461773454152,4.150720234040192,0.0,1.0,0.0,1.0,0.0,0.0
8,205,2.7083176271508917,0.3231075019873483,0.0,0.0,0.0,0.0,1.0,0.0
9,205,6.091029358346818,1.0657278331974889,0.0,0.0,0.0,0.0,1.0,0.0
10,205,8.122434816113094,4.570249335634601,0.0,1.0,0.0,0.0,0.0,0.0
11,205,12.0,4.832890521243849,0.0,0.0,0.0,0.0,0.0,1.0
12,205,11.986512267456416,0.7482181089732587,1.0,0.0,1.0,0.0,0.0,0.0
13,205,12.0,2.4483031403600437,0.0,0.0,0.0,0.0,1.0,0.0
14,205,3.447094611211752,0.0,0.0,0.0,1.0,0.0,0.0,0.0
15,205,9.0150316798472,4.022978936356239,1.0,1.0,1.0,0.0,1.0,1.0
16,205,12.0,7.954317645167619,1.0,0.0,1.0,0.0,0.0,1.0
17,205,10.757687850612584,0.0249874618700468,1.0,0.0,0.0,1.0,0.0,1.0
18,205,4.9967831965892575,0.0,1.0,0.0,0.0,1.0,0.0,0.0
19,205,6.475510335451575,7.356114804935677,1.0,0.0,1.0,1.0,0.0,0.0
0,210,0.8021597849913279,0.0,0.0,0.0,0.0,0.0,0.0,0.0
1,210,2.857706157558664,12.0,0.0,1.0,1.0,0.0,1.0,1.0
2,210,10.03259437436868,2.299405709011356,1.0,1.0,0.0,1.0,1.0,1.0
3,210,4.663434733885182,1.8523062327435325,0.0,0.0,0.0,1.0,0.0,1.0
4,210,8.865050570219744,8.868415488758606,0.0,1.0,0.0,1.0,1.0,1.0
5,210,3.1535750024036773,6.116106740278527,0.0,0.0,0.0,1.0,1.0,1.0
6,210,8.976899340564822,4.220590222331673,0.0,1.0,0.0,1.0,0.0,1.0
7,210,6.136176671601254,4.111917207327045,0.0,1.0,0.0,1.0,0.0,0.0
8,210,2.7284116076686287,0.2229657722025858,0.0,0.0,0.0,0.0,1.0,0.0
9,210,6.100193277530319,1.0902344255281462,0.0,0.0,0.0,0.0,1.0,0.0
10,210,8.121736529359845,4.477356461082929,0.0,1.0,0.0,0.0,0.0,0.0
11,210,12.0,4.8019586399960446,0.0,0.0,0.0,0.0,0.0,1.0
12,210,11.981877434690722,0.7462618390161907,1.0,0.0,1.0,0.0,0.0,0.0
13,210,12.0,2.3576302585633213,0.0,0.0,0.0,0.0,1.0,0.0
14,210,3.361671714404419,0.0,0.0,0.0,1.0,0.0,0.0,0.0
15,210,9.005061539404657,4.012037685904037,1.0,1.0,1.0,0.0,1.0,1.0
16,210,12.0,7.951506359406301,1.0,0.0,1.0,0.0,0.0,1.0
17,210,10.76349963700758,0.0321442645382036,1.0,0.0,0.0,1.0,0.0,1.0
18,210,5.005746680885449,0.0,1.0,0.0,0.0,1.0,0.0,0.0
19,210,6.632672214593878,7.3799856171770575,1.0,0.0,1.0,1.0,0.0,0.0
0,215,0.8016029417099471,0.0015962010097261,0.0,0.0,0.0,0.0,0.0,0.0
1,215,2.767955324474919,12.0,0.0,1.0,1.0,0.0,1.0,1.0
2,215,9.940812301703602,2.2899179582420333,1.0,1.0,0.0,1.0,1.0,1.0
3,215,4.693377885603698,1.8325000666668876,0.0,0.0,0.0,1.0,0.0,1.0
4,215,8.921395872572448,8.795233491648059,0.0,1.0,0.0,1.0,1.0,1.0
5,215,3.2410385329265714,5.940855823856431,0.0,0.0,0.0,1.0,1.0,1.0
6,215,9.025060629875131,4.249755970711235,0.0,1.0,0.0,1.0,0.0,1.0
7,215,6.078517365155423,4.089002492414824,0.0,1.0,0.0,1.0,0.0,0.0
8,215,2.745543054751852,0.1318997249819725,0.0,0.0,0.0,0.0,1.0,0.0
9,215,6.110117841842631,1.1157999979503168,0.0,0.0,0.0,0.0,1.0,0.0
10,215,8.12105503414787,4.392311139648963,0.0,1.0,0.0,0.0,0.0,0.0
11,215,12.0,4.769017222311931,0.0,0.0,0.0,0.0,0.0,1.0
12,215,11.968816537014986,0.740782586761715,1.0,0.0,1.0,0.0,0.0,0.0
13,215,12.0,2.2847732040850506,0.0,0.0,0.0,0.0,1.0,0.0
14,215,3.277353905469199,0.0,0.0,0.0,1.0,0.0,0.0,0.0
15,215,8.994474180634274,4.000448741854607,1.0,1.0,1.0,0.0,1.0,1.0
16,215,11.9914075570125,7.952567026388582,1.0,0.0,1.0,0.0,0.0,1.0
17,215,10.765062692213634,0.0340955618006281,1.0,0.0,0.0,1.0,0.0,1.0
18,215,5.01613859101131,0.0,1.0,0.0,0.0,1.0,0.0,0.0
19,215,6.784415991259401,7.400059497501956,1.0,0.0,1.0,1.0,0.0,0.0
0,220,0.8003338470659611,0.0049304813701121,0.0,0.0,0.0,0.0,0.0,0.0
1,220,2.675094344143991,12.0,0.0,1.0,1.0,0.0,1.0,1.0
2,220,9.83670793054287,2.281789414219164,1.0,1.0,0.0,1.0,1.0,1.0
3,220,4.6962979034031695,1.830480106916645,0.0,0.0,0.0,1.0,0.0,1.0
4,220,8.976092222254886,8.724665941222275,0.0,1.0,0.0,1.0,1.0,1.0
5,220,3.329088580753862,5.765813478185865,0.0,0.0,0.0,1.0,1.0,1.0
6,220,9.051622775959425,4.26545661804913,0.0,1.0,0.0,1.0,0.0,1.0
7,220,6.036887627112049,4.073851763916126,0.0,1.0,0.0,1.0,0.0,0.0
8,220,2.7673891592696758,0.0412731424953146,0.0,0.0,0.0,0.0,1.0,0.0
9,220,6.115672672141677,1.1296309350900795,0.0,0.0,0.0,0.0,1.0,0.0
10,220,8.119005635268637,4.316288829602192,0.0,1.0,0.0,0.0,0.0,0.0
11,220,12.0,4.740447494656784,0.0,0.0,0.0,0.0,0.0,1.0
12,220,11.980188962961778,0.7453580630592691,1.0,0.0,1.0,0.0,0.0,0.0
13,220,12.0,2.2227693994965825,0.0,0.0,0.0,0.0,1.0,0.0
14,220,3.187337916438925,0.0,0.0,0.0,1.0,0.0,0.0,0.0
15,220,8.973219222037994,3.978031491970983,1.0,1.0,1.0,0.0,1.0,1.0
16,220,11.986371731462356,7.953184293031913,1.0,0.0,1.0,0.0,0.0,1.0
17,220,10.762561430627228,0.0310094335663207,1.0,0.0,0.0,1.0,0.0,1.0
18,220,5.027197836314386,0.0,1.0,0.0,0.0,1.0,0.0,0.0
19,220,6.922683595626054,7.422497331408719,1.0,0.0,1.0,1.0,0.0,0.0
0,225,0.8039741629866116,0.0,0.0,0.0,0.0,0.0,0.0,0.0
1,225,2.5770017722162195,12.0,0.0,1.0,1.0,0.0,1.0,1.0
2,225,9.732530668964806,2.275771183244957,1.0,1.0,0.0,1.0,1.0,1.0
3,225,4.7029299203986605,1.825762068953064,0.0,0.0,0.0,1.0,0.0,1.0
4,225,9.020466076653204,8.669017114228021,0.0,1.0,0.0,1.0,1.0,1.0
5,225,3.4028529147405537,5.608862562864228,0.0,0.0,0.0,1.0,1.0,1.0
6,225,9.069042734108224,4.235168168954547,0.0,1.0,0.0,1.0,0.0,1.0
7,225,6.008093367872164,4.063286774705145,0.0,1.0,0.0,1.0,0.0,0.0
8,225,2.790672673259686,0.0,0.0,0.0,0.0,0.0,1.0,0.0
9,225,6.113676241356251,1.1303992289250544,0.0,0.0,0.0,0.0,1.0,0.0
10,225,8.118143789962245,4.232914526834239,0.0,1.0,0.0,0.0,0.0,0.0
11,225,12.0,4.703966629730066,0.0,0.0,0.0,0.0,0.0,1.0
12,225,12.0,0.7557379237652391,1.0,0.0,1.0,0.0,0.0,0.0
13,225,12.0,2.15247103007716,0.0,0.0,0.0,0.0,1.0,0.0
14,225,3.092294562296294,0.0,0.0,0.0,1.0,0.0,0.0,0.0
15,225,8.95298939992457,3.9559858699133432,1.0,1.0,1.0,0.0,1.0,1.0
16,225,12.0,7.95030661351729,1.0,0.0,1.0,0.0,0.0,1.0
17,225,10.754925122821811,0.0213426801177553,1.0,0.0,0.0,1.0,0.0,1.0
18,225,5.036030439513679,0.0,1.0,0.0,0.0,1.0,0.0,0.0
19,225,7.049007443155075,7.447286274741415,1.0,0.0,1.0,1.0,0.0,0.0
0,230,0.8051149659432475,0.0,0.0,0.0,0.0,0.0,0.0,0.0
1,230,2.487146274917115,12.0,0.0,1.0,1.0,0.0,1.0,1.0
2,230,9.608978791478732,2.2681455964659216,1.0,1.0,0.0,1.0,1.0,1.0
3,230,4.709809703114091,1.8205690414674225,0.0,0.0,0.0,1.0,0.0,1.0
4,230,9.057319337492016,8.622589454588516,0.0,1.0,0.0,1.0,1.0,1.0
5,230,3.466610780352301,5.474715783292849,0.0,0.0,0.0,1.0,1.0,1.0
6,230,9.087837255339704,4.202776862492247,0.0,1.0,0.0,1.0,0.0,1.0
7,230,5.995594662705927,4.058661093217936,0.0,1.0,0.0,1.0,0.0,0.0
8,230,2.8194191458857945,0.0,0.0,0.0,0.0,0.0,1.0,0.0
9,230,6.083642106971586,1.1420480922030514,0.0,0.0,0.0,0.0,1.0,0.0
10,230,8.19475574001444,4.230101280686038,0.0,1.0,0.0,0.0,0.0,0.0
11,230,12.0,4.668584465068106,0.0,0.0,0.0,0.0,0.0,1.0
12,230,12.0,0.7734287079110693,1.0,0.0,1.0,0.0,0.0,0.0
13,230,12.0,2.0737994287768493,0.0,0.0,0.0,0.0,1.0,0.0
14,230,2.982897060168268,0.0,0.0,0.0,1.0,0.0,0.0,0.0
15,230,8.927038054355245,3.928290260495905,1.0,1.0,1.0,0.0,1.0,1.0
16,230,12.0,7.945629802967042,1.0,0.0,1.0,0.0,0.0,1.0
17,230,10.738825641170331,0.0005944653874891,1.0,0.0,0.0,1.0,0.0,1.0
18,230,5.048728832723163,0.0,1.0,0.0,0.0,1.0,0.0,0.0
19,230,7.171616878932102,7.4731393949409375,1.0,0.0,1.0,1.0,0.0,0.0
0,235,0.8059020256533834,0.0,0.0,0.0,0.0,0.0,0.0,0.0
1,235,2.4059943681004623,12.0,0.0,1.0,1.0,0.0,1.0,1.0
2,235,9.499021332165585,2.264479541299638,1.0,1.0,0.0,1.0,1.0,1.0
3,235,4.720567162052626,1.8120947638954543,0.0,0.0,0.0,1.0,0.0,1.0
4,235,9.092372155328,8.579602881401065,0.0,1.0,0.0,1.0,1.0,1.0
5,235,3.5263145659355817,5.346530367612872,0.0,0.0,0.0,1.0,1.0,1.0
6,235,9.095434131210126,4.1899315127150505,0.0,1.0,0.0,1.0,0.0,1.0
7,235,5.986352503745051,4.055190698877672,0.0,1.0,0.0,1.0,0.0,0.0
8,235,2.8528209833944898,0.0,0.0,0.0,0.0,0.0,1.0,0.0
9,235,6.045547248162848,1.1564439110798994,0.0,0.0,0.0,0.0,1.0,0.0
10,235,8.273116265136041,4.228340863519984,0.0,1.0,0.0,0.0,0.0,0.0
11,235,12.0,4.622543207178271,0.0,0.0,0.0,0.0,0.0,1.0
12,235,12.0,0.8017767684870895,1.0,0.0,1.0,0.0,0.0,0.0
13,235,12.0,1.990558617780663,0.0,0.0,0.0,0.0,1.0,0.0
14,235,2.883080303614437,0.0,0.0,0.0,1.0,0.0,0.0,0.0
15,235,8.918836025837383,3.919659514573307,1.0,1.0,1.0,0.0,1.0,1.0
16,235,12.0,7.941792247889108,1.0,0.0,1.0,0.0,0.0,1.0
17,235,10.716893685181832,0.0,1.0,0.0,0.0,1.0,0.0,1.0
18,235,5.060788620339745,0.0,1.0,0.0,0.0,1.0,0.0,0.0
19,235,7.289822075692329,7.500005255094659,1.0,0.0,1.0,1.0,0.0,0.0
0,240,0.8019987592872351,0.010728703867407,0.0,0.0,0.0,0.0,0.0,0.0
1,240,2.309414045469709,12.0,0.0,1.0,1.0,0.0,1.0,1.0
2,240,9.410686583554083,2.2584317227679027,1.0,1.0,0.0,1.0,1.0,1.0
3,240,4.730696937825735,1.8042792097681797,0.0,0.0,0.0,1.0,0.0,1.0
4,240,9.119571201430274,8.546090451088652,0.0,1.0,0.0,1.0,1.0,1.0
5,240,3.5832305247899545,5.231147134817588,0.0,0.0,0.0,1.0,1.0,1.0
6,240,9.108049375604754,4.166783628754541,0.0,1.0,0.0,1.0,0.0,1.0
7,240,5.975322841897881,4.051184723075849,0.0,1.0,0.0,1.0,0.0,0.0
8,240,2.889553382853283,0.0,0.0,0.0,0.0,0.0,1.0,0.0
9,240,6.006309246709081,1.1705106525247038,0.0,0.0,0.0,0.0,1.0,0.0
10,240,8.364557280401723,4.229616044277702,0.0,1.0,0.0,0.0,0.0,0.0
11,240,12.0,4.574378477098987,0.0,0.0,0.0,0.0,0.0,1.0
12,240,12.0,0.8375384324483957,1.0,0.0,1.0,0.0,0.0,0.0
13,240,12.0,1.9164014447314333,0.0,0.0,0.0,0.0,1.0,0.0
14,240,2.7772279734428933,0.0,0.0,0.0,1.0,0.0,0.0,0.0
15,240,8.915374547223786,3.9162279930722126,1.0,1.0,1.0,0.0,1.0,1.0
16,240,12.0,7.939998231395027,1.0,0.0,1.0,0.0,0.0,1.0
17,240,10.700541705415214,0.0,1.0,0.0,0.0,1.0,0.0,1.0
18,240,5.072307476122669,0.0,1.0,0.0,0.0,1.0,0.0,0.0
19,240,7.414839662835103,7.530996186545612,1.0,0.0,1.0,1.0,0.0,0.0
0,245,0.7967709346932558,0.0260053304418272,0.0,0.0,0.0,0.0,0.0,0.0
1,245,2.205378570388003,12.0,0.0,1.0,1.0,0.0,1.0,1.0
2,245,9.320333124295118,2.253685855085564,1.0,1.0,0.0,1.0,1.0,1.0
3,245,4.7087293433609,1.82113964504022,0.0,0.0,0.0,1.0,0.0,1.0
4,245,9.141881445114786,8.516945844776012,0.0,1.0,0.0,1.0,1.0,1.0
5,245,3.648147241240928,5.083872154636861,0.0,0.0,0.0,1.0,1.0,1.0
6,245,9.128290375026523,4.127616685983819,0.0,1.0,0.0,1.0,0.0,1.0
7,245,5.980051676393869,4.052995475491357,0.0,1.0,0.0,1.0,0.0,0.0
8,245,2.9205095964364425,0.0,0.0,0.0,0.0,0.0,1.0,0.0
9,245,5.958912962303765,1.1855903649063342,0.0,0.0,0.0,0.0,1.0,0.0
10,245,8.446059977397772,4.229117585962485,0.0,1.0,0.0,0.0,0.0,0.0
11,245,12.0,4.528327169887808,0.0,0.0,0.0,0.0,0.0,1.0
12,245,12.0,0.8837011284120134,1.0,0.0,1.0,0.0,0.0,0.0
13,245,12.0,1.829845270805043,0.0,0.0,0.0,0.0,1.0,0.0
14,245,2.671351158075569,0.0,0.0,0.0,1.0,0.0,0.0,0.0
15,245,8.924654079970782,3.925244468818686,1.0,1.0,1.0,0.0,1.0,1.0
16,245,12.0,7.9375858057289665,1.0,0.0,1.0,0.0,0.0,1.0
17,245,10.695267445916054,0.0,1.0,0.0,0.0,1.0,0.0,1.0
18,245,5.083851040562032,0.0,1.0,0.0,0.0,1.0,0.0,0.0
19,245,7.564076314253844,7.56951480903956,1.0,0.0,1.0,1.0,0.0,0.0
0,250,0.7979843202256705,0.0224368415392076,0.0,0.0,0.0,0.0,0.0,0.0
1,250,2.105587195888067,12.0,0.0,1.0,1.0,0.0,1.0,1.0
2,250,9.21535223104346,2.2479637809192394,1.0,1.0,0.0,1.0,1.0,1.0
3,250,4.681472441144188,1.8416207014506047,0.0,0.0,0.0,1.0,0.0,1.0
4,250,9.16554973181072,8.48376935633562,0.0,1.0,0.0,1.0,1.0,1.0
5,250,3.71525394245045,4.917706237055012,0.0,0.0,0.0,1.0,1.0,1.0
6,250,9.150455317921608,4.084391928083223,0.0,1.0,0.0,1.0,0.0,1.0
7,250,5.974040139943239,4.050482171953791,0.0,1.0,0.0,1.0,0.0,0.0
8,250,2.948202613179796,0.0,0.0,0.0,0.0,0.0,1.0,0.0
9,250,5.909131096793804,1.2000116809332777,0.0,0.0,0.0,0.0,1.0,0.0
10,250,8.514761705429216,4.228477201477753,0.0,1.0,0.0,0.0,0.0,0.0
11,250,12.0,4.473767679907825,0.0,0.0,0.0,0.0,0.0,1.0
12,250,12.0,0.9343984501556696,1.0,0.0,1.0,0.0,0.0,0.0
13,250,12.0,1.7526690030565415,0.0,0.0,0.0,0.0,1.0,0.0
14,250,2.569887104308416,0.0,0.0,0.0,1.0,0.0,0.0,0.0
15,250,8.931253555765842,3.9315365618885134,1.0,1.0,1.0,0.0,1.0,1.0
16,250,12.0,7.934711964356175,1.0,0.0,1.0,0.0,0.0,1.0
17,250,10.71345767660152,0.0227783333249666,1.0,0.0,0.0,1.0,0.0,1.0
18,250,5.095540520528422,0.0,1.0,0.0,0.0,1.0,0.0,0.0
19,250,7.709099309219595,7.607277635161982,1.0,0.0,1.0,1.0,0.0,0.0
0,255,0.8023174827365778,0.0103474862388634,0.0,0.0,0.0,0.0,0.0,0.0
1,255,2.0014647553893345,12.0,0.0,1.0,1.0,0.0,1.0,1.0
2,255,9.104602687502638,2.2428344828998754,1.0,1.0,0.0,1.0,1.0,1.0
3,255,4.649859612062083,1.865249962955173,0.0,0.0,0.0,1.0,0.0,1.0
4,255,9.195728043176253,8.439317267790008,0.0,1.0,0.0,1.0,1.0,1.0
5,255,3.7910926200927086,4.731121151226289,0.0,0.0,0.0,1.0,1.0,1.0
6,255,9.180360968881436,4.027176938923152,0.0,1.0,0.0,1.0,0.0,1.0
7,255,5.979910232138483,4.052814001273122,0.0,1.0,0.0,1.0,0.0,0.0
8,255,2.97639616786426,0.0,0.0,0.0,0.0,0.0,1.0,0.0
9,255,5.8292147886019325,1.222400713022076,0.0,0.0,0.0,0.0,1.0,0.0
10,255,8.596832801049443,4.227031049428512,0.0,1.0,0.0,0.0,0.0,0.0
11,255,12.0,4.424754747977289,0.0,0.0,0.0,0.0,0.0,1.0
12,255,12.0,0.9900064226781922,1.0,0.0,1.0,0.0,0.0,0.0
13,255,12.0,1.678920855243645,0.0,0.0,0.0,0.0,1.0,0.0
14,255,2.4765467622221182,0.0,0.0,0.0,1.0,0.0,0.0,0.0
15,255,8.94596722093799,3.945742244710893,1.0,1.0,1.0,0.0,1.0,1.0
16,255,12.0,7.928730695301275,1.0,0.0,1.0,0.0,0.0,1.0
17,255,10.73320491649537,0.0485258559584388,1.0,0.0,0.0,1.0,0.0,1.0
18,255,5.109160156900997,0.0,1.0,0.0,0.0,1.0,0.0,0.0
19,255,7.83674137718189,7.643112451062769,1.0,0.0,1.0,1.0,0.0,0.0
0,260,0.8023427780686443,0.0102773377026657,0.0,0.0,0.0,0.0,0.0,0.0
1,260,1.886234457299116,12.0,0.0,1.0,1.0,0.0,1.0,1.0
2,260,9.002124924113483,2.2381977388986023,1.0,1.0,0.0,1.0,1.0,1.0
3,260,4.624430720607136,1.884251495939945,0.0,0.0,0.0,1.0,0.0,1.0
4,260,9.223068036252506,8.399160619593529,0.0,1.0,0.0,1.0,1.0,1.0
5,260,3.882129550618279,4.523835888795981,0.0,0.0,0.0,1.0,1.0,1.0
6,260,9.218936106190894,3.952116277554453,0.0,1.0,0.0,1.0,0.0,1.0
7,260,5.987728536778231,4.055999430532344,0.0,1.0,0.0,1.0,0.0,0.0
8,260,3.0022912433992546,0.0,0.0,0.0,0.0,0.0,1.0,0.0
9,260,5.754571724759977,1.2428932787363056,0.0,0.0,0.0,0.0,1.0,0.0
10,260,8.693901705646653,4.225807189273686,0.0,1.0,0.0,0.0,0.0,0.0
11,260,12.0,4.374615282022667,0.0,0.0,0.0,0.0,0.0,1.0
12,260,12.0,1.0519678116699025,1.0,0.0,1.0,0.0,0.0,0.0
13,260,12.0,1.602983698832299,0.0,0.0,0.0,0.0,1.0,0.0
14,260,2.387761464170546,0.0,0.0,0.0,1.0,0.0,0.0,0.0
15,260,8.924065657409862,3.925284140411868,1.0,1.0,1.0,0.0,1.0,1.0
16,260,12.0,7.924868425439016,1.0,0.0,1.0,0.0,0.0,1.0
17,260,10.747594575096866,0.0672033239991199,1.0,0.0,0.0,1.0,0.0,1.0
18,260,5.197496706501855,0.0106757167268128,1.0,0.0,0.0,1.0,0.0,0.0
19,260,7.954886410796165,7.673464476595211,1.0,0.0,1.0,1.0,0.0,0.0
0,265,0.8032477765338343,0.0078597127924201,0.0,0.0,0.0,0.0,0.0,0.0
1,265,1.7716783877135351,12.0,0.0,1.0,1.0,0.0,1.0,1.0
2,265,8.900866213509577,2.2348435535419675,1.0,1.0,0.0,1.0,1.0,1.0
3,265,4.5807103877312265,1.9164283078622864,0.0,0.0,0.0,1.0,0.0,1.0
4,265,9.245508267135854,8.367022636704949,0.0,1.0,0.0,1.0,1.0,1.0
5,265,3.962857511056238,4.317047993347143,0.0,0.0,0.0,1.0,1.0,1.0
6,265,9.258211123872972,3.882235551186704,0.0,1.0,0.0,1.0,0.0,1.0
7,265,5.980335958067345,4.052782016114952,0.0,1.0,0.0,1.0,0.0,0.0
8,265,3.028911522517178,0.0,0.0,0.0,0.0,0.0,1.0,0.0
9,265,5.673649278872126,1.2638899703090722,0.0,0.0,0.0,0.0,1.0,0.0
10,265,8.795508107541696,4.226018755762221,0.0,1.0,0.0,0.0,0.0,0.0
11,265,12.0,4.325671233125685,0.0,0.0,0.0,0.0,0.0,1.0
12,265,12.0,1.1232357573109024,1.0,0.0,1.0,0.0,0.0,0.0
13,265,12.0,1.5207606102230466,0.0,0.0,0.0,0.0,1.0,0.0
14,265,2.3042445535273166,0.0,0.0,0.0,1.0,0.0,0.0,0.0
15,265,8.909480543929146,3.911683347970413,1.0,1.0,1.0,0.0,1.0,1.0
16,265,12.0,7.919344055708058,1.0,0.0,1.0,0.0,0.0,1.0
17,265,10.765625447383805,0.0892880479801399,1.0,0.0,0.0,1.0,0.0,1.0
18,265,5.305201208675896,0.0229201622354098,1.0,0.0,0.0,1.0,0.0,0.0
19,265,8.083580889820768,7.708787369902202,1.0,0.0,1.0,1.0,0.0,0.0
0,270,0.7969345208785689,0.0265411952859449,0.0,0.0,0.0,0.0,0.0,0.0
1,270,1.6630260019933505,12.0,0.0,1.0,1.0,0.0,1.0,1.0
2,270,8.804851458135637,2.231219916386209,1.0,1.0,0.0,1.0,1.0,1.0
3,270,4.522391969038246,1.9609364483834275,0.0,0.0,0.0,1.0,0.0,1.0
4,270,9.279212117242976,8.318965175832217,0.0,1.0,0.0,1.0,1.0,1.0
5,270,4.041362697736308,4.121570608548304,0.0,0.0,0.0,1.0,1.0,1.0
6,270,9.306954157592804,3.793428694560349,0.0,1.0,0.0,1.0,0.0,1.0
7,270,5.975479729430528,4.0505581553723085,0.0,1.0,0.0,1.0,0.0,0.0
8,270,3.054044351829637,0.0,0.0,0.0,0.0,0.0,1.0,0.0
9,270,5.592140568563113,1.285062378540349,0.0,0.0,0.0,0.0,1.0,0.0
10,270,8.881644659158223,4.227579841997437,0.0,1.0,0.0,0.0,0.0,0.0
11,270,12.0,4.275624481082598,0.0,0.0,0.0,0.0,0.0,1.0
12,270,11.93237946779107,1.2676192550917351,1.0,0.0,1.0,0.0,0.0,0.0
13,270,12.0,1.442971740955124,0.0,0.0,0.0,0.0,1.0,0.0
14,270,2.2216331020507445,0.0,0.0,0.0,1.0,0.0,0.0,0.0
15,270,8.885939251426088,3.8898284458870505,1.0,1.0,1.0,0.0,1.0,1.0
16,270,12.0,7.915257954478222,1.0,0.0,1.0,0.0,0.0,1.0
17,270,10.793513821469364,0.1246147512826826,1.0,0.0,0.0,1.0,0.0,1.0
18,270,5.40984402460924,0.0335105435415967,1.0,0.0,0.0,1.0,0.0,0.0
19,270,8.198073327550656,7.742235776307003,1.0,0.0,1.0,1.0,0.0,0.0
0,275,0.7912203110611836,0.0424673218373135,0.0,0.0,0.0,0.0,0.0,0.0
1,275,1.5429308198621527,12.0,0.0,1.0,1.0,0.0,1.0,1.0
2,275,8.686133478640153,2.2304893193956827,1.0,1.0,0.0,1.0,1.0,1.0
3,275,4.465737055707234,2.0038735402927275,0.0,0.0,0.0,1.0,0.0,1.0
4,275,9.302743234132867,8.285717780424006,0.0,1.0,0.0,1.0,1.0,1.0
5,275,4.120113128249403,3.9248975436711424,0.0,0.0,0.0,1.0,1.0,1.0
6,275,9.34811910554135,3.71883399749067,0.0,1.0,0.0,1.0,0.0,1.0
7,275,5.961329346492661,4.044635845405923,0.0,1.0,0.0,1.0,0.0,0.0
8,275,3.083281028236589,0.0,0.0,0.0,0.0,0.0,1.0,0.0
9,275,5.497097525610938,1.3092651530532362,0.0,0.0,0.0,0.0,1.0,0.0
10,275,8.987814821780216,4.224933989329892,0.0,1.0,0.0,0.0,0.0,0.0
11,275,12.0,4.222911441738526,0.0,0.0,0.0,0.0,0.0,1.0
12,275,11.857839621484032,1.4233348530760943,1.0,0.0,1.0,0.0,0.0,0.0
13,275,12.0,1.361000689208194,0.0,0.0,0.0,0.0,1.0,0.0
14,275,2.1424245681559144,0.0,0.0,0.0,1.0,0.0,0.0,0.0
15,275,8.87583248476231,3.880976204383319,1.0,1.0,1.0,0.0,1.0,1.0
16,275,12.0,7.91193785785874,1.0,0.0,1.0,0.0,0.0,1.0
17,275,10.835282913767998,0.1804966861808871,1.0,0.0,0.0,1.0,0.0,1.0
18,275,5.511356748545573,0.0469765911527871,1.0,0.0,0.0,1.0,0.0,0.0
19,275,8.333386572276943,7.778683276803311,1.0,0.0,1.0,1.0,0.0,0.0
0,280,0.7788106365807269,0.0795431702143159,0.0,0.0,0.0,0.0,0.0,0.0
1,280,1.419450899619737,12.0,0.0,1.0,1.0,0.0,1.0,1.0
2,280,8.566549569908382,2.2289289282970066,1.0,1.0,0.0,1.0,1.0,1.0
3,280,4.410689776220885,2.044944030371149,0.0,0.0,0.0,1.0,0.0,1.0
4,280,9.321580435604607,8.260556351303599,0.0,1.0,0.0,1.0,1.0,1.0
5,280,4.19444695466333,3.745380249063482,0.0,0.0,0.0,1.0,1.0,1.0
6,280,9.38551342323694,3.6501496680920495,0.0,1.0,0.0,1.0,0.0,1.0
7,280,5.958747533962745,4.043482239770028,0.0,1.0,0.0,1.0,0.0,0.0
8,280,3.1117365521313958,0.0,0.0,0.0,0.0,0.0,1.0,0.0
9,280,5.389020898083529,1.3344327185109424,0.0,0.0,0.0,0.0,1.0,0.0
10,280,9.065760558738589,4.22325235652411,0.0,1.0,0.0,0.0,0.0,0.0
11,280,12.0,4.1700152022754375,0.0,0.0,0.0,0.0,0.0,1.0
12,280,11.77698719736966,1.5927263858518983,1.0,0.0,1.0,0.0,0.0,0.0
13,280,12.0,1.2741902401605136,0.0,0.0,0.0,0.0,1.0,0.0
14,280,2.073739211853572,0.0,0.0,0.0,1.0,0.0,0.0,0.0
15,280,8.864540413905006,3.8714605966712217,1.0,1.0,1.0,0.0,1.0,1.0
16,280,12.0,7.911299785878319,1.0,0.0,1.0,0.0,0.0,1.0
17,280,10.879778285947037,0.2389881915717397,1.0,0.0,0.0,1.0,0.0,1.0
18,280,5.603845887941103,0.0594607217140905,1.0,0.0,0.0,1.0,0.0,0.0
19,280,8.469251806301635,7.814394113122219,1.0,0.0,1.0,1.0,0.0,0.0
0,285,0.7647277726321575,0.1226780621276298,0.0,0.0,0.0,0.0,0.0,0.0
1,285,1.3055794810528425,12.0,0.0,1.0,1.0,0.0,1.0,1.0
2,285,8.442755938210201,2.2230020910673773,1.0,1.0,0.0,1.0,1.0,1.0
3,285,4.365255412308511,2.079759269966217,0.0,0.0,0.0,1.0,0.0,1.0
4,285,9.345121156893915,8.228787021370259,0.0,1.0,0.0,1.0,1.0,1.0
5,285,4.266775763854611,3.57365088365586,0.0,0.0,0.0,1.0,1.0,1.0
6,285,9.421681500856431,3.583616378334926,0.0,1.0,0.0,1.0,0.0,1.0
7,285,5.952892057326959,4.040813004934356,0.0,1.0,0.0,1.0,0.0,0.0
8,285,3.139669174799229,0.0,0.0,0.0,0.0,0.0,1.0,0.0
9,285,5.278973020129501,1.3560125290570657,0.0,0.0,0.0,0.0,1.0,0.0
10,285,9.141524884719727,4.222939215849452,0.0,1.0,0.0,0.0,0.0,0.0
11,285,12.0,4.126374362690613,0.0,0.0,0.0,0.0,0.0,1.0
12,285,11.696804455795856,1.766230335706834,1.0,0.0,1.0,0.0,0.0,0.0
13,285,12.0,1.189258893801428,0.0,0.0,0.0,0.0,1.0,0.0
14,285,1.9985842811804004,0.0,0.0,0.0,1.0,0.0,0.0,0.0
15,285,8.851818191203431,3.860640887545358,1.0,1.0,1.0,0.0,1.0,1.0
16,285,11.990635063269856,7.912316271374953,1.0,0.0,1.0,0.0,0.0,1.0
17,285,10.931500923030926,0.3093691472737094,1.0,0.0,0.0,1.0,0.0,1.0
18,285,5.700070494149115,0.0728977684291631,1.0,0.0,0.0,1.0,0.0,0.0
19,285,8.60404518862507,7.845535321087365,1.0,0.0,1.0,1.0,0.0,0.0
0,290,0.7524366816263873,0.1623056431092052,0.0,0.0,0.0,0.0,0.0,0.0
1,290,1.1914528378605254,12.0,0.0,1.0,1.0,0.0,1.0,1.0
2,290,8.329796537524299,2.2170550438808903,1.0,1.0,0.0,1.0,1.0,1.0
3,290,4.319924080178066,2.1142263630355305,0.0,0.0,0.0,1.0,0.0,1.0
4,290,9.379883647646167,8.186448879302153,0.0,1.0,0.0,1.0,1.0,1.0
5,290,4.338961761683136,3.411108482408692,0.0,0.0,0.0,1.0,1.0,1.0
6,290,9.460554827219962,3.513444825576288,0.0,1.0,0.0,1.0,0.0,1.0
7,290,5.946580516861687,4.0544362428239085,0.0,1.0,0.0,1.0,0.0,0.0
8,290,3.1763091406692032,0.0,0.0,0.0,0.0,0.0,1.0,0.0
9,290,5.186925414324232,1.3746428194966238,0.0,0.0,0.0,0.0,1.0,0.0
10,290,9.241139294545908,4.225541176318336,0.0,1.0,0.0,0.0,0.0,0.0
11,290,12.0,4.079221253476288,0.0,0.0,0.0,0.0,0.0,1.0
12,290,11.602900225091188,1.9638225766520736,1.0,0.0,1.0,0.0,0.0,0.0
13,290,12.0,1.1030459892578353,0.0,0.0,0.0,0.0,1.0,0.0
14,290,1.9234070940079773,0.0,0.0,0.0,1.0,0.0,0.0,0.0
15,290,8.849520210580046,3.8585124556614434,1.0,1.0,1.0,0.0,1.0,1.0
16,290,11.996908325620604,7.9114691152257315,1.0,0.0,1.0,0.0,0.0,1.0
17,290,10.975102701045357,0.3672722122391877,1.0,0.0,0.0,1.0,0.0,1.0
18,290,5.80607291707192,0.0885706902527082,1.0,0.0,0.0,1.0,0.0,0.0
19,290,8.72547057734403,7.871619894071845,1.0,0.0,1.0,1.0,0.0,0.0
0,295,0.7393344903391599,0.2084894163285863,0.0,0.0,0.0,0.0,0.0,0.0
1,295,1.0650161857735576,12.0,0.0,1.0,1.0,0.0,1.0,1.0
2,295,8.235115649474109,2.211700380344901,1.0,1.0,0.0,1.0,1.0,1.0
3,295,4.289409178902885,2.137761778411058,0.0,0.0,0.0,1.0,0.0,1.0
4,295,9.420864287148367,8.13614691966882,0.0,1.0,0.0,1.0,1.0,1.0
5,295,4.422471410894367,3.232373430255321,0.0,0.0,0.0,1.0,1.0,1.0
6,295,9.497836843607152,3.446500566451419,0.0,1.0,0.0,1.0,0.0,1.0
7,295,5.943732974034154,4.060541295188453,0.0,1.0,0.0,1.0,0.0,0.0
8,295,3.208916649395201,0.0,0.0,0.0,0.0,0.0,1.0,0.0
9,295,5.069048649875653,1.3995934882637682,0.0,0.0,0.0,0.0,1.0,0.0
10,295,9.349367405686026,4.229185524272476,0.0,1.0,0.0,0.0,0.0,0.0
11,295,12.0,4.034114863515237,0.0,0.0,0.0,0.0,0.0,1.0
12,295,11.500267679257314,2.178526475507602,1.0,0.0,1.0,0.0,0.0,0.0
13,295,12.0,1.019400397640558,0.0,0.0,0.0,0.0,1.0,0.0
14,295,1.8421457867153603,0.0,0.0,0.0,1.0,0.0,0.0,0.0
15,295,8.845732346172017,3.854988412521508,1.0,1.0,1.0,0.0,1.0,1.0
16,295,11.984677938118836,7.912990999117388,1.0,0.0,1.0,0.0,0.0,1.0
17,295,11.01740137159674,0.4236132172661475,1.0,0.0,0.0,1.0,0.0,1.0
18,295,5.899227210724015,0.1010312393367152,1.0,0.0,0.0,1.0,0.0,0.0
19,295,8.886004141666296,7.90486343043067,1.0,0.0,1.0,1.0,0.0,0.0
