0,0,7.975385158763125,5.059923891064064,0.0,0.0,0.0,1.0,0.0,1.0
1,0,1.966758668795738,7.971490621730244,0.0,0.0,0.0,0.0,0.0,0.0
2,0,8.970220057040423,2.953566267004861,1.0,0.0,1.0,1.0,0.0,1.0
3,0,5.9760884665563365,7.95316143885028,0.0,0.0,0.0,0.0,0.0,0.0
4,0,11.939510937596452,6.976608286436745,1.0,1.0,1.0,0.0,0.0,1.0
5,0,1.9606112355954195,8.976823199245738,0.0,0.0,0.0,0.0,1.0,0.0
6,0,1.031633599548103,3.053908018421237,1.0,1.0,1.0,0.0,1.0,0.0
7,0,9.979516160210144,5.96342565980969,0.0,0.0,0.0,0.0,1.0,1.0
8,0,8.032382886556036,0.0,0.0,1.0,0.0,0.0,1.0,0.0
9,0,0.9547340192564748,3.9784337369658616,0.0,0.0,0.0,1.0,0.0,1.0
10,0,3.927352470869337,0.9672174825972356,1.0,0.0,1.0,0.0,0.0,0.0
11,0,1.0460480792104347,0.9776891633804384,0.0,0.0,0.0,0.0,0.0,0.0
12,0,7.950454900013142,6.985256873460216,0.0,1.0,0.0,1.0,1.0,1.0
13,0,7.960247269634523,1.0224995102651575,0.0,0.0,0.0,1.0,0.0,0.0
14,0,3.9984678420335142,0.9508898411771974,0.0,0.0,0.0,0.0,0.0,1.0
15,0,3.018225805733134,6.058419737183275,0.0,1.0,0.0,0.0,1.0,1.0
16,0,7.061404301348553,6.012269136411309,1.0,0.0,1.0,0.0,1.0,0.0
17,0,2.9798573970027173,5.9220408187805305,0.0,1.0,1.0,1.0,1.0,1.0
18,0,4.958927450684082,2.0091639888984147,0.0,0.0,1.0,1.0,1.0,1.0
19,0,3.943995811474834,6.995617128303048,1.0,1.0,0.0,0.0,0.0,1.0
0,5,7.946756483501541,5.12781000207241,0.0,0.0,0.0,1.0,0.0,1.0
1,5,1.922355286959036,7.932140535054136,0.0,0.0,0.0,0.0,0.0,0.0
2,5,8.931240425838075,2.895736060529873,1.0,0.0,1.0,1.0,0.0,1.0
3,5,5.951304638005113,7.906377402010357,0.0,0.0,0.0,0.0,0.0,0.0
4,5,11.874445644331598,6.9515981525543165,1.0,1.0,1.0,0.0,0.0,1.0
5,5,1.926747560164909,8.95620632757978,0.0,0.0,0.0,0.0,1.0,0.0
6,5,1.0676075665315965,3.1151387389452823,1.0,1.0,1.0,0.0,1.0,0.0
7,5,9.957044946474385,5.921996901052236,0.0,0.0,0.0,0.0,1.0,1.0
8,5,8.052026068815708,0.0,0.0,1.0,0.0,0.0,1.0,0.0
9,5,0.904980434382776,3.95306455139817,0.0,0.0,0.0,1.0,0.0,1.0
10,5,3.829120917870004,0.9281288189853076,1.0,0.0,1.0,0.0,0.0,0.0
11,5,1.070074905403957,0.9655954354186858,0.0,0.0,0.0,0.0,0.0,0.0
12,5,7.903567622697102,6.9708609880583365,0.0,1.0,0.0,1.0,1.0,1.0
13,5,7.922258204084345,1.0448756953066816,0.0,0.0,0.0,1.0,0.0,0.0
14,5,3.9965397305788417,0.8920910691386867,0.0,0.0,0.0,0.0,0.0,1.0
15,5,3.044843982130378,6.14522335627689,0.0,1.0,0.0,0.0,1.0,1.0
16,5,7.12748050226471,6.0248458983877695,1.0,0.0,1.0,0.0,1.0,0.0
17,5,2.958630098171442,5.834452588421694,0.0,1.0,1.0,1.0,1.0,1.0
18,5,4.915182554935212,2.0198679944957765,0.0,0.0,1.0,1.0,1.0,1.0
19,5,3.8853808234338727,6.990572562911554,1.0,1.0,0.0,0.0,0.0,1.0
0,10,7.927024343073199,5.17629348339985,0.0,0.0,0.0,1.0,0.0,1.0
1,10,1.899673455017776,7.911902898595219,0.0,0.0,0.0,0.0,0.0,0.0
2,10,8.899940774943582,2.850907161162777,1.0,0.0,1.0,1.0,0.0,1.0
3,10,5.931282535915854,7.868814950497554,0.0,0.0,0.0,0.0,0.0,0.0
4,10,11.806053901668472,6.925800058535956,1.0,1.0,1.0,0.0,0.0,1.0
5,10,1.910729023516624,8.946713825524675,0.0,0.0,0.0,0.0,1.0,0.0
6,10,1.104167437801716,3.179051628565756,1.0,1.0,1.0,0.0,1.0,0.0
7,10,9.946702491936518,5.903089249402226,0.0,0.0,0.0,0.0,1.0,1.0
8,10,8.068520380825765,0.0,0.0,1.0,0.0,0.0,1.0,0.0
9,10,0.8554693208488381,3.9265755880462825,0.0,0.0,0.0,1.0,0.0,1.0
10,10,3.714844558705627,0.887187163652023,1.0,0.0,1.0,0.0,0.0,0.0
11,10,1.0944579947116335,0.952920873475868,0.0,0.0,0.0,0.0,0.0,0.0
12,10,7.860640609615922,6.958860396094559,0.0,1.0,0.0,1.0,1.0,1.0
13,10,7.896296086974508,1.059771833887143,0.0,0.0,0.0,1.0,0.0,0.0
14,10,3.996203349464868,0.8589592422883985,0.0,0.0,0.0,0.0,0.0,1.0
15,10,3.07652063079439,6.24498680137192,0.0,1.0,0.0,0.0,1.0,1.0
16,10,7.177665700565203,6.035697324605051,1.0,0.0,1.0,0.0,1.0,0.0
17,10,2.9375644721806804,5.750827935127197,0.0,1.0,1.0,1.0,1.0,1.0
18,10,4.867091224375371,2.0328513497252634,0.0,0.0,1.0,1.0,1.0,1.0
19,10,3.8425181592884,6.985762085429387,1.0,1.0,0.0,0.0,0.0,1.0
0,15,7.902656560844591,5.233871878402817,0.0,0.0,0.0,1.0,0.0,1.0
1,15,1.8832412278168904,7.898037577955684,0.0,0.0,0.0,0.0,0.0,0.0
2,15,8.88718485358679,2.8331271355548555,1.0,0.0,1.0,1.0,0.0,1.0
3,15,5.914533699537869,7.840765582691805,0.0,0.0,0.0,0.0,0.0,0.0
4,15,11.746614711407975,6.903597957658778,1.0,1.0,1.0,0.0,0.0,1.0
5,15,1.892027877229444,8.935880904255422,0.0,0.0,0.0,0.0,1.0,0.0
6,15,1.1496873166274344,3.261573953414223,1.0,1.0,1.0,0.0,1.0,0.0
7,15,9.93710504286483,5.885079526916144,0.0,0.0,0.0,0.0,1.0,1.0
8,15,8.09849735828642,0.0,0.0,1.0,0.0,0.0,1.0,0.0
9,15,0.8037770473374363,3.898078123433156,0.0,0.0,0.0,1.0,0.0,1.0
10,15,3.616412449760898,0.8513245495008509,1.0,0.0,1.0,0.0,0.0,0.0
11,15,1.1361319227186024,0.9323493535352556,0.0,0.0,0.0,0.0,0.0,0.0
12,15,7.840256974786575,6.953801104273834,0.0,1.0,0.0,1.0,1.0,1.0
13,15,7.871495576023096,1.0745756482429747,0.0,0.0,0.0,1.0,0.0,0.0
14,15,3.9961514423047584,0.8537665795188843,0.0,0.0,0.0,0.0,0.0,1.0
15,15,3.111566949218095,6.355295714625768,0.0,1.0,0.0,0.0,1.0,1.0
16,15,7.234132414289459,6.048812531556911,1.0,0.0,1.0,0.0,1.0,0.0
17,15,2.912236313036284,5.657204340545111,0.0,1.0,1.0,1.0,1.0,1.0
18,15,4.838596376262345,2.0404597542074354,0.0,0.0,1.0,1.0,1.0,1.0
19,15,3.787561346963968,6.980223150871579,1.0,1.0,0.0,0.0,0.0,1.0
0,20,7.869136010421688,5.310249334431687,0.0,0.0,0.0,1.0,0.0,1.0
1,20,1.8760832751882144,7.892194200656451,0.0,0.0,0.0,0.0,0.0,0.0
2,20,8.87778647850541,2.8205569875510985,1.0,0.0,1.0,1.0,0.0,1.0
3,20,5.889847748261903,7.798305417914944,0.0,0.0,0.0,0.0,0.0,0.0
4,20,11.67249076300944,6.875097622698245,1.0,1.0,1.0,0.0,0.0,1.0
5,20,1.879872084845706,8.928775946936565,0.0,0.0,0.0,0.0,1.0,0.0
6,20,1.1734109509459456,3.30542768408223,1.0,1.0,1.0,0.0,1.0,0.0
7,20,9.93441792747702,5.880010962226072,0.0,0.0,0.0,0.0,1.0,1.0
8,20,8.130577225318277,0.0,0.0,1.0,0.0,0.0,1.0,0.0
9,20,0.7656011439659592,3.8770650761122822,0.0,0.0,0.0,1.0,0.0,1.0
10,20,3.5076987791822862,0.812695271332492,1.0,0.0,1.0,0.0,0.0,0.0
11,20,1.183877620638585,0.9097685931425664,0.0,0.0,0.0,0.0,0.0,0.0
12,20,7.836523722822758,6.9526984911909535,0.0,1.0,0.0,1.0,1.0,1.0
13,20,7.861955714912694,1.079788897563352,0.0,0.0,0.0,1.0,0.0,0.0
14,20,3.996596863016612,0.8268863575334463,0.0,0.0,0.0,0.0,0.0,1.0
15,20,3.147949341388101,6.470987545922873,0.0,1.0,0.0,0.0,1.0,1.0
16,20,7.29741204403008,6.062355043051468,1.0,0.0,1.0,0.0,1.0,0.0
17,20,2.8890943851005133,5.565895290492295,0.0,1.0,1.0,1.0,1.0,1.0
18,20,4.8358851336222966,2.041170867454978,0.0,0.0,1.0,1.0,1.0,1.0
19,20,3.735557214750973,6.973563165120071,1.0,1.0,0.0,0.0,0.0,1.0
0,25,7.825529207413023,5.408247238124002,0.0,0.0,0.0,1.0,0.0,1.0
1,25,1.8533389284591864,7.873475486268684,0.0,0.0,0.0,0.0,0.0,0.0
2,25,8.876716680965439,2.819159883811199,1.0,0.0,1.0,1.0,0.0,1.0
3,25,5.8708563238664695,7.765397361941932,0.0,0.0,0.0,0.0,0.0,0.0
4,25,11.596169996599928,6.846343999911363,1.0,1.0,1.0,0.0,0.0,1.0
5,25,1.880770506706668,8.929290005928664,0.0,0.0,0.0,0.0,1.0,0.0
6,25,1.198989736576273,3.3550594826040467,1.0,1.0,1.0,0.0,1.0,0.0
7,25,9.93909809491994,5.8888033778803965,0.0,0.0,0.0,0.0,1.0,1.0
8,25,8.140364222199658,0.0,0.0,1.0,0.0,0.0,1.0,0.0
9,25,0.7144973575327898,3.846973341853538,0.0,0.0,0.0,1.0,0.0,1.0
10,25,3.391582628440517,0.7704009362144062,1.0,0.0,1.0,0.0,0.0,0.0
11,25,1.2279392707382597,0.8894084282264203,0.0,0.0,0.0,0.0,0.0,0.0
12,25,7.8358342968245855,6.9525087720751095,0.0,1.0,0.0,1.0,1.0,1.0
13,25,7.828965950281747,1.0970422078724074,0.0,0.0,0.0,1.0,0.0,0.0
14,25,3.9968143537360143,0.8116630968410778,0.0,0.0,0.0,0.0,0.0,1.0
15,25,3.1886168425012977,6.595771000925059,0.0,1.0,0.0,0.0,1.0,1.0
16,25,7.361034165155233,6.07420801187052,1.0,0.0,1.0,0.0,1.0,0.0
17,25,2.858746749865083,5.452298784859998,0.0,1.0,1.0,1.0,1.0,1.0
18,25,4.797564672584036,2.0498309992290045,0.0,0.0,1.0,1.0,1.0,1.0
19,25,3.660218743506431,6.9629375683501,1.0,1.0,0.0,0.0,0.0,1.0
0,30,7.782099883762274,5.518364376101205,0.0,0.0,0.0,1.0,0.0,1.0
1,30,1.8382529834106545,7.860983861842024,0.0,0.0,0.0,0.0,0.0,0.0
2,30,8.864323002100756,2.8034982903815577,1.0,0.0,1.0,1.0,0.0,1.0
3,30,5.847660193344493,7.724778584085574,0.0,0.0,0.0,0.0,0.0,0.0
4,30,11.51769071754076,6.8150639507948245,1.0,1.0,1.0,0.0,0.0,1.0
5,30,1.8726949384881095,8.924461742843365,0.0,0.0,0.0,0.0,1.0,0.0
6,30,1.223149946558557,3.4002190539409574,1.0,1.0,1.0,0.0,1.0,0.0
7,30,9.94137923544137,5.893427068795009,0.0,0.0,0.0,0.0,1.0,1.0
8,30,8.139376572246961,0.0008881123335601,0.0,1.0,0.0,0.0,1.0,0.0
9,30,0.66435327473351,3.8167967166351375,0.0,0.0,0.0,1.0,0.0,1.0
10,30,3.269842287487858,0.7285314589784968,1.0,0.0,1.0,0.0,0.0,0.0
11,30,1.2653622028997251,0.8731378052623293,0.0,0.0,0.0,0.0,0.0,0.0
12,30,7.847846210748524,6.955596912017557,0.0,1.0,0.0,1.0,1.0,1.0
13,30,7.804783508127301,1.1093270737151244,0.0,0.0,0.0,1.0,0.0,0.0
14,30,3.996680424855524,0.7992377566882314,0.0,0.0,0.0,0.0,0.0,1.0
15,30,3.232670782438353,6.738482096644684,0.0,1.0,0.0,0.0,1.0,1.0
16,30,7.4308825881672576,6.0892865737147694,1.0,0.0,1.0,0.0,1.0,0.0
17,30,2.825491099393824,5.320002370578222,0.0,1.0,1.0,1.0,1.0,1.0
18,30,4.766690937054995,2.0562022535205804,0.0,0.0,1.0,1.0,1.0,1.0
19,30,3.578121721966496,6.951290024807938,1.0,1.0,0.0,0.0,0.0,1.0
0,35,7.736161818995693,5.634636647142204,0.0,0.0,0.0,1.0,0.0,1.0
1,35,1.8197556600741256,7.845317333228965,0.0,0.0,0.0,0.0,0.0,0.0
2,35,8.84455084954994,2.7783855300956035,1.0,0.0,1.0,1.0,0.0,1.0
3,35,5.8245439796459415,7.684217463325267,0.0,0.0,0.0,0.0,0.0,0.0
4,35,11.456783103991508,6.789737496602907,1.0,1.0,1.0,0.0,0.0,1.0
5,35,1.8608887641982608,8.917062081742252,0.0,0.0,0.0,0.0,1.0,0.0
6,35,1.2657897447105937,3.476188096418419,1.0,1.0,1.0,0.0,1.0,0.0
7,35,9.9405328065121,5.891876432431912,0.0,0.0,0.0,0.0,1.0,1.0
8,35,8.14899558960966,0.0,0.0,1.0,0.0,0.0,1.0,0.0
9,35,0.6319002206719662,3.797618010608809,0.0,0.0,0.0,1.0,0.0,1.0
10,35,3.1425352542813894,0.6842771206570148,1.0,0.0,1.0,0.0,0.0,0.0
11,35,1.315746144588812,0.849153043069944,0.0,0.0,0.0,0.0,0.0,0.0
12,35,7.858790913758696,6.958422987770585,0.0,1.0,0.0,1.0,1.0,1.0
13,35,7.772237612044787,1.1252419224503134,0.0,0.0,0.0,1.0,0.0,0.0
14,35,3.996597665070651,0.7883541803640127,0.0,0.0,0.0,0.0,0.0,1.0
15,35,3.278451043045284,6.885436844752862,0.0,1.0,0.0,0.0,1.0,1.0
16,35,7.482572131645007,6.100012653462396,1.0,0.0,1.0,0.0,1.0,0.0
17,35,2.794003106140841,5.205571975333515,0.0,1.0,1.0,1.0,1.0,1.0
18,35,4.716838287733276,2.065706814950845,0.0,0.0,1.0,1.0,1.0,1.0
19,35,3.478828086710168,6.936027409151095,1.0,1.0,0.0,0.0,0.0,1.0
0,40,7.690922342549903,5.752804933553804,0.0,0.0,0.0,1.0,0.0,1.0
1,40,1.795468484811862,7.824423176042878,0.0,0.0,0.0,0.0,0.0,0.0
2,40,8.813139270280914,2.739470788461048,1.0,0.0,1.0,1.0,0.0,1.0
3,40,5.805223356975612,7.650984829048482,0.0,0.0,0.0,0.0,0.0,0.0
4,40,11.379758020211892,6.754666980167607,1.0,1.0,1.0,0.0,0.0,1.0
5,40,1.8735843783186623,8.925140946171467,0.0,0.0,0.0,0.0,1.0,0.0
6,40,1.3133142168334984,3.565032454527297,1.0,1.0,1.0,0.0,1.0,0.0
7,40,9.93710376057075,5.886033100114545,0.0,0.0,0.0,0.0,1.0,1.0
8,40,8.15626291190207,0.0,0.0,1.0,0.0,0.0,1.0,0.0
9,40,0.5939142068565092,3.774665694531702,0.0,0.0,0.0,1.0,0.0,1.0
10,40,3.0258872655411424,0.644475574390982,1.0,0.0,1.0,0.0,0.0,0.0
11,40,1.3611751803881535,0.8296975218772762,0.0,0.0,0.0,0.0,0.0,0.0
12,40,7.874639221775551,6.9627386140821095,0.0,1.0,0.0,1.0,1.0,1.0
13,40,7.746523872260836,1.1388370739432547,0.0,0.0,0.0,1.0,0.0,0.0
14,40,3.9961819685724,0.7783522217291019,0.0,0.0,0.0,0.0,0.0,1.0
15,40,3.334252533761678,7.060998297195502,0.0,1.0,0.0,0.0,1.0,1.0
16,40,7.553161757457702,6.114060361513018,1.0,0.0,1.0,0.0,1.0,0.0
17,40,2.763815348736216,5.099528035231982,0.0,1.0,1.0,1.0,1.0,1.0
18,40,4.6705783149608,2.07489280758563,0.0,0.0,1.0,1.0,1.0,1.0
19,40,3.386042625776754,6.920075290195064,1.0,1.0,0.0,0.0,0.0,1.0
0,45,7.647745601142114,5.864610959931284,0.0,0.0,0.0,1.0,0.0,1.0
1,45,1.772576484753547,7.8042956290410626,0.0,0.0,0.0,0.0,0.0,0.0
2,45,8.770633101011889,2.688066922629316,1.0,0.0,1.0,1.0,0.0,1.0
3,45,5.793332760689636,7.630427214781319,0.0,0.0,0.0,0.0,0.0,0.0
4,45,11.292876058256216,6.7123910828565325,1.0,1.0,1.0,0.0,0.0,1.0
5,45,1.8740471463331885,8.92542917714157,0.0,0.0,0.0,0.0,1.0,0.0
6,45,1.3562975400166368,3.648134159308647,1.0,1.0,1.0,0.0,1.0,0.0
7,45,9.921107458057609,5.857528654743398,0.0,0.0,0.0,0.0,1.0,1.0
8,45,8.173551517999583,0.0,0.0,1.0,0.0,0.0,1.0,0.0
9,45,0.5538147670801623,3.7511058737460417,0.0,0.0,0.0,1.0,0.0,1.0
10,45,2.928622300143334,0.6106912956143614,1.0,0.0,1.0,0.0,0.0,0.0
11,45,1.3966604279756671,0.8139030585029926,0.0,0.0,0.0,0.0,0.0,0.0
12,45,7.860238327750435,6.958674462637098,0.0,1.0,0.0,1.0,1.0,1.0
13,45,7.731988966778588,1.147128119666123,0.0,0.0,0.0,1.0,0.0,0.0
14,45,3.997160730854367,0.7962853188508039,0.0,0.0,0.0,0.0,0.0,1.0
15,45,3.3919205844581968,7.237716111641481,0.0,1.0,0.0,0.0,1.0,1.0
16,45,7.644857628489285,6.1332716785177865,1.0,0.0,1.0,0.0,1.0,0.0
17,45,2.7325918878629,4.9940500457708215,0.0,1.0,1.0,1.0,1.0,1.0
18,45,4.640157959855902,2.0807347831657976,0.0,0.0,1.0,1.0,1.0,1.0
19,45,3.306858633476254,6.906158666743101,1.0,1.0,0.0,0.0,0.0,1.0
0,50,7.595897042663361,6.005362701163955,0.0,0.0,0.0,1.0,0.0,1.0
1,50,1.7485025643328111,7.7818560766004925,0.0,0.0,0.0,0.0,0.0,0.0
2,50,8.716157647752144,2.6243721893664875,1.0,0.0,1.0,1.0,0.0,1.0
3,50,5.783197077382806,7.613558750568486,0.0,0.0,0.0,0.0,0.0,0.0
4,50,11.20243046353185,6.669176252652283,1.0,1.0,1.0,0.0,0.0,1.0
5,50,1.8578140952911413,8.915357605735892,0.0,0.0,0.0,0.0,1.0,0.0
6,50,1.3955919962433814,3.724965623517788,1.0,1.0,1.0,0.0,1.0,0.0
7,50,9.909594457094856,5.836609072845743,0.0,0.0,0.0,0.0,1.0,1.0
8,50,8.214458201814343,0.0,0.0,1.0,0.0,0.0,1.0,0.0
9,50,0.5018486265354573,3.7225349894633295,0.0,0.0,0.0,1.0,0.0,1.0
10,50,2.823721004585145,0.5764264539255172,1.0,0.0,1.0,0.0,0.0,0.0
11,50,1.4342037910457617,0.7968237627903015,0.0,0.0,0.0,0.0,0.0,0.0
12,50,7.81125786658402,6.942940520410026,0.0,1.0,0.0,1.0,1.0,1.0
13,50,7.699865864792147,1.1664810440500677,0.0,0.0,0.0,1.0,0.0,0.0
14,50,3.998840251226932,0.8291769508733136,0.0,0.0,0.0,0.0,0.0,1.0
15,50,3.4567025808391154,7.427035035143006,0.0,1.0,0.0,0.0,1.0,1.0
16,50,7.739954549232562,6.153903783971282,1.0,0.0,1.0,0.0,1.0,0.0
17,50,2.6970073364388214,4.871596592864554,0.0,1.0,1.0,1.0,1.0,1.0
18,50,4.611248003263434,2.085245519050184,0.0,0.0,1.0,1.0,1.0,1.0
19,50,3.2379471301216376,6.8928771559379145,1.0,1.0,0.0,0.0,0.0,1.0
0,55,7.553543825508149,6.121834942268145,0.0,0.0,0.0,1.0,0.0,1.0
1,55,1.721929412307046,7.757467487557703,0.0,0.0,0.0,0.0,0.0,0.0
2,55,8.660542847049836,2.561335438744913,1.0,0.0,1.0,1.0,0.0,1.0
3,55,5.784395224671359,7.615677597390303,0.0,0.0,0.0,0.0,0.0,0.0
4,55,11.10978872480906,6.623524362067261,1.0,1.0,1.0,0.0,0.0,1.0
5,55,1.865416419453302,8.919933532003704,0.0,0.0,0.0,0.0,1.0,0.0
6,55,1.4282887279694028,3.785355045866278,1.0,1.0,1.0,0.0,1.0,0.0
7,55,9.906500521985278,5.830792960081324,0.0,0.0,0.0,0.0,1.0,1.0
8,55,8.25593675374977,0.0,0.0,1.0,0.0,0.0,1.0,0.0
9,55,0.4472340694449915,3.693887867150348,0.0,0.0,0.0,1.0,0.0,1.0
10,55,2.707267114774877,0.5394821958106004,1.0,0.0,1.0,0.0,0.0,0.0
11,55,1.4841365376106896,0.7734294598132518,0.0,0.0,0.0,0.0,0.0,0.0
12,55,7.773586068358025,6.931749711418148,0.0,1.0,0.0,1.0,1.0,1.0
13,55,7.658165413208911,1.1920941118402797,0.0,0.0,0.0,1.0,0.0,0.0
14,55,3.999967461204963,0.8602692684198403,0.0,0.0,0.0,0.0,0.0,1.0
15,55,3.5165435837390526,7.608896718997078,0.0,1.0,0.0,0.0,1.0,1.0
16,55,7.820308063711775,6.172383984946033,1.0,0.0,1.0,0.0,1.0,0.0
17,55,2.6559019123001018,4.739154076605773,0.0,1.0,1.0,1.0,1.0,1.0
18,55,4.579626728690077,2.090714864884469,0.0,0.0,1.0,1.0,1.0,1.0
19,55,3.1779485643891663,6.88010400372237,1.0,1.0,0.0,0.0,0.0,1.0
0,60,7.51266071751925,6.225595739609576,0.0,0.0,0.0,1.0,0.0,1.0
1,60,1.711282084696102,7.747430465808278,0.0,0.0,0.0,0.0,0.0,0.0
2,60,8.613751429927744,2.5088152566267303,1.0,0.0,1.0,1.0,0.0,1.0
3,60,5.786026803041416,7.618487109189221,0.0,0.0,0.0,0.0,0.0,0.0
4,60,11.02420292821762,6.583459359811123,1.0,1.0,1.0,0.0,0.0,1.0
5,60,1.8731528806364688,8.924417348739517,0.0,0.0,0.0,0.0,1.0,0.0
6,60,1.462706319421936,3.84865842052696,1.0,1.0,1.0,0.0,1.0,0.0
7,60,9.894757381927828,5.808452766932382,0.0,0.0,0.0,0.0,1.0,1.0
8,60,8.291022877896907,0.0,0.0,1.0,0.0,0.0,1.0,0.0
9,60,0.3842348630598998,3.659191849296933,0.0,0.0,0.0,1.0,0.0,1.0
10,60,2.5996563947554803,0.5070560907456033,1.0,0.0,1.0,0.0,0.0,0.0
11,60,1.540766099135655,0.7466287602228683,0.0,0.0,0.0,0.0,0.0,0.0
12,60,7.716984141717333,6.915263983565737,0.0,1.0,0.0,1.0,1.0,1.0
13,60,7.602569430253175,1.2258541005211572,0.0,0.0,0.0,1.0,0.0,0.0
14,60,4.001218480866654,0.885158236606618,0.0,0.0,0.0,0.0,0.0,1.0
15,60,3.698213784363784,7.5453830526437855,0.0,1.0,0.0,0.0,1.0,1.0
16,60,7.893646909739512,6.189215050456687,1.0,0.0,1.0,0.0,1.0,0.0
17,60,2.617263195349139,4.595346018803458,0.0,1.0,1.0,1.0,1.0,1.0
18,60,4.542607151149635,2.096645430435727,0.0,0.0,1.0,1.0,1.0,1.0
19,60,3.110067218149859,6.864955126295867,1.0,1.0,0.0,0.0,0.0,1.0
0,65,7.45757087891051,6.354333991836088,0.0,0.0,0.0,1.0,0.0,1.0
1,65,1.6993565445386178,7.736042485310656,0.0,0.0,0.0,0.0,0.0,0.0
2,65,8.584133716251262,2.475119928043917,1.0,0.0,1.0,1.0,0.0,1.0
3,65,5.790072530019785,7.625618012710385,0.0,0.0,0.0,0.0,0.0,0.0
4,65,10.950707252278594,6.546211557949816,1.0,1.0,1.0,0.0,0.0,1.0
5,65,1.8837760472642568,8.930606255963797,0.0,0.0,0.0,0.0,1.0,0.0
6,65,1.4925036087467438,3.902835975937091,1.0,1.0,1.0,0.0,1.0,0.0
7,65,9.884520873038271,5.789302041370539,0.0,0.0,0.0,0.0,1.0,1.0
8,65,8.306207134359276,0.0,0.0,1.0,0.0,0.0,1.0,0.0
9,65,0.329938351040449,3.628048314735883,0.0,0.0,0.0,1.0,0.0,1.0
10,65,2.4884574012898133,0.4733674307573483,1.0,0.0,1.0,0.0,0.0,0.0
11,65,1.6096021190013758,0.7149331455355041,0.0,0.0,0.0,0.0,0.0,0.0
12,65,7.642847180824237,6.893924906552878,0.0,1.0,0.0,1.0,1.0,1.0
13,65,7.542694413885892,1.260345922905681,0.0,0.0,0.0,1.0,0.0,0.0
14,65,4.00188314482956,0.8941716854018928,0.0,0.0,0.0,0.0,0.0,1.0
15,65,3.870430413428304,7.477322784729929,0.0,1.0,0.0,0.0,1.0,1.0
16,65,7.96245483706222,6.20373357766008,1.0,0.0,1.0,0.0,1.0,0.0
17,65,2.579390164856621,4.442723032373244,0.0,1.0,1.0,1.0,1.0,1.0
18,65,4.512235779148933,2.1013996227104363,0.0,0.0,1.0,1.0,1.0,1.0
19,65,3.032105827034361,6.8480786557601885,1.0,1.0,0.0,0.0,0.0,1.0
0,70,7.408961909420594,6.469823823370636,0.0,0.0,0.0,1.0,0.0,1.0
1,70,1.687702160099657,7.724976048021684,0.0,0.0,0.0,0.0,0.0,0.0
2,70,8.536981865505458,2.423268839702544,1.0,0.0,1.0,1.0,0.0,1.0
3,70,5.795479869878274,7.634514010418247,0.0,0.0,0.0,0.0,0.0,0.0
4,70,10.885544238373292,6.512632902773199,1.0,1.0,1.0,0.0,0.0,1.0
5,70,1.905292860308493,8.94326383350471,0.0,0.0,0.0,0.0,1.0,0.0
6,70,1.5278053902725954,3.964357218815188,1.0,1.0,1.0,0.0,1.0,0.0
7,70,9.8730055238885,5.767752968660636,0.0,0.0,0.0,0.0,1.0,1.0
8,70,8.319821882334447,0.0,0.0,1.0,0.0,0.0,1.0,0.0
9,70,0.2973026824121878,3.60971361048773,0.0,0.0,0.0,1.0,0.0,1.0
10,70,2.3722351547716083,0.4364958505030875,1.0,0.0,1.0,0.0,0.0,0.0
11,70,1.6682697676309988,0.6885591542277611,0.0,0.0,0.0,0.0,0.0,0.0
12,70,7.564011493647856,6.869582819132801,0.0,1.0,0.0,1.0,1.0,1.0
13,70,7.483398831790756,1.294960527826795,0.0,0.0,0.0,1.0,0.0,0.0
14,70,4.002104053009663,0.8983683421096353,0.0,0.0,0.0,0.0,0.0,1.0
15,70,4.039415889176572,7.413395537102034,0.0,1.0,0.0,0.0,1.0,1.0
16,70,8.038430401045657,6.220781490613499,1.0,0.0,1.0,0.0,1.0,0.0
17,70,2.546569201376533,4.298640189216523,0.0,1.0,1.0,1.0,1.0,1.0
18,70,4.465151381271087,2.1076137813581086,0.0,0.0,1.0,1.0,1.0,1.0
19,70,2.946043166297131,6.830300523134081,1.0,1.0,0.0,0.0,0.0,1.0
0,75,7.356315471541248,6.593888774197057,0.0,0.0,0.0,1.0,0.0,1.0
1,75,1.672004800653388,7.71002882211178,0.0,0.0,0.0,0.0,0.0,0.0
2,75,8.5040496817816,2.387942678039966,1.0,0.0,1.0,1.0,0.0,1.0
3,75,5.811469006041912,7.661695229964437,0.0,0.0,0.0,0.0,0.0,0.0
4,75,10.834574552828686,6.486064955104167,1.0,1.0,1.0,0.0,0.0,1.0
5,75,1.915376616752376,8.949626315837396,0.0,0.0,0.0,0.0,1.0,0.0
6,75,1.5708538781733776,4.04291483831858,1.0,1.0,1.0,0.0,1.0,0.0
7,75,9.857874759572285,5.737807972358496,0.0,0.0,0.0,0.0,1.0,1.0
8,75,8.315467478471783,0.0038802430061128,0.0,1.0,0.0,0.0,1.0,0.0
9,75,0.2523773791154796,3.5844433567420237,0.0,0.0,0.0,1.0,0.0,1.0
10,75,2.258417478929934,0.3990586148214182,1.0,0.0,1.0,0.0,0.0,0.0
11,75,1.737730954801887,0.6568216800310261,0.0,0.0,0.0,0.0,0.0,0.0
12,75,7.45660620558844,6.831140740748023,0.0,1.0,0.0,1.0,1.0,1.0
13,75,7.436830881645294,1.322033581093674,0.0,0.0,0.0,1.0,0.0,0.0
14,75,4.002416214963486,0.9070642289360314,0.0,0.0,0.0,0.0,0.0,1.0
15,75,4.205581745069758,7.351717227824221,0.0,1.0,0.0,0.0,1.0,1.0
16,75,8.01922793030327,6.304123239345503,1.0,0.0,1.0,0.0,1.0,0.0
17,75,2.515138103263188,4.147336876635935,0.0,1.0,1.0,1.0,1.0,1.0
18,75,4.41744859467043,2.112108015855592,0.0,0.0,1.0,1.0,1.0,1.0
19,75,2.856734218138727,6.81317367628802,1.0,1.0,0.0,0.0,0.0,1.0
0,80,7.314383175953917,6.690645220381692,0.0,0.0,0.0,1.0,0.0,1.0
1,80,1.6465624410651027,7.684676491502834,0.0,0.0,0.0,0.0,0.0,0.0
2,80,8.485532570317483,2.3667034879113125,1.0,0.0,1.0,1.0,0.0,1.0
3,80,5.832230456587023,7.698123288476059,0.0,0.0,0.0,0.0,0.0,0.0
4,80,10.7950943403973,6.465490454313084,1.0,1.0,1.0,0.0,0.0,1.0
5,80,1.9235215952056777,8.954772675630414,0.0,0.0,0.0,0.0,1.0,0.0
6,80,1.6134662933613229,4.120440721380784,1.0,1.0,1.0,0.0,1.0,0.0
7,80,9.83744053487691,5.695549114334025,0.0,0.0,0.0,0.0,1.0,1.0
8,80,8.298504655168692,0.0191059085193073,0.0,1.0,0.0,0.0,1.0,0.0
9,80,0.1821510493722207,3.545015252597701,0.0,0.0,0.0,1.0,0.0,1.0
10,80,2.1236492091325605,0.3506738675344968,1.0,0.0,1.0,0.0,0.0,0.0
11,80,1.8169975081391236,0.6206308525692273,0.0,0.0,0.0,0.0,0.0,0.0
12,80,7.344911094768652,6.793043661726263,0.0,1.0,0.0,1.0,1.0,1.0
13,80,7.364776218070943,1.3638383612774128,0.0,0.0,0.0,1.0,0.0,0.0
14,80,4.002642288174706,0.9159825645496644,0.0,0.0,0.0,0.0,0.0,1.0
15,80,4.3579169639727215,7.296842989913721,0.0,1.0,0.0,0.0,1.0,1.0
16,80,7.999506319564642,6.397029367857661,1.0,0.0,1.0,0.0,1.0,0.0
17,80,2.4838445063784462,3.992085327103863,0.0,1.0,1.0,1.0,1.0,1.0
18,80,4.371549571264652,2.115605561009448,0.0,0.0,1.0,1.0,1.0,1.0
19,80,2.7605970669327853,6.796495761270611,1.0,1.0,0.0,0.0,0.0,1.0
0,85,7.282769639722057,6.759804817137419,0.0,0.0,0.0,1.0,0.0,1.0
1,85,1.6246444857191151,7.663248605012113,0.0,0.0,0.0,0.0,0.0,0.0
2,85,8.462418856634311,2.340692203462293,1.0,0.0,1.0,1.0,0.0,1.0
3,85,5.8441641593079625,7.718689375999384,0.0,0.0,0.0,0.0,0.0,0.0
4,85,10.756759789752708,6.44483411247757,1.0,1.0,1.0,0.0,0.0,1.0
5,85,1.946457381533988,8.969775817306884,0.0,0.0,0.0,0.0,1.0,0.0
6,85,1.6592145113646393,4.207071095811478,1.0,1.0,1.0,0.0,1.0,0.0
7,85,9.808348738826298,5.637648292330288,0.0,0.0,0.0,0.0,1.0,1.0
8,85,8.294459252237298,0.0227502358476709,0.0,1.0,0.0,0.0,1.0,0.0
9,85,0.1257991448046408,3.514640085957266,0.0,0.0,0.0,1.0,0.0,1.0
10,85,1.9691468014126887,0.2945694260806669,1.0,0.0,1.0,0.0,0.0,0.0
11,85,1.9059382151375797,0.5802145450880251,0.0,0.0,0.0,0.0,0.0,0.0
12,85,7.240043104490242,6.754921845146034,0.0,1.0,0.0,1.0,1.0,1.0
13,85,7.285208324499831,1.4109775362565962,0.0,0.0,0.0,1.0,0.0,0.0
14,85,4.003077751766139,0.9266263861567284,0.0,0.0,0.0,0.0,0.0,1.0
15,85,4.501122285632145,7.245683045873232,0.0,1.0,0.0,0.0,1.0,1.0
16,85,7.979122244334841,6.497029377724949,1.0,0.0,1.0,0.0,1.0,0.0
17,85,2.455653182095175,3.856447913657608,0.0,1.0,1.0,1.0,1.0,1.0
18,85,4.32185516500381,2.120245370601253,0.0,0.0,1.0,1.0,1.0,1.0
19,85,2.6480229388097825,6.781768142127354,1.0,1.0,0.0,0.0,0.0,1.0
0,90,7.341042096328643,6.786464169546252,0.0,0.0,0.0,1.0,0.0,1.0
1,90,1.5990849862746963,7.637668455630812,0.0,0.0,0.0,0.0,0.0,0.0
2,90,8.41772777070959,2.2914974921693307,1.0,0.0,1.0,1.0,0.0,1.0
3,90,5.858210565684965,7.74208179377889,0.0,0.0,0.0,0.0,0.0,0.0
4,90,10.72206961020676,6.425831009233935,1.0,1.0,1.0,0.0,0.0,1.0
5,90,1.9635956469713267,8.98113650770441,0.0,0.0,0.0,0.0,1.0,0.0
6,90,1.7099040364372933,4.303587046624828,1.0,1.0,1.0,0.0,1.0,0.0
7,90,9.78198465687654,5.582694248419463,0.0,0.0,0.0,0.0,1.0,1.0
8,90,8.289773633340623,0.0270077385846916,0.0,1.0,0.0,0.0,1.0,0.0
9,90,0.0822945584178019,3.490646946747188,0.0,0.0,0.0,1.0,0.0,1.0
10,90,1.805064819184376,0.233526110235886,1.0,0.0,1.0,0.0,0.0,0.0
11,90,1.992091927675674,0.537181096763904,0.0,0.0,0.0,0.0,0.0,0.0
12,90,7.145602529375361,6.7205788487606375,0.0,1.0,0.0,1.0,1.0,1.0
13,90,7.203087892834489,1.460583224086661,0.0,0.0,0.0,1.0,0.0,0.0
14,90,4.003815565286504,0.9452497418704464,0.0,0.0,0.0,0.0,0.0,1.0
15,90,4.650922841387416,7.188645652697265,0.0,1.0,0.0,0.0,1.0,1.0
16,90,7.953635051809911,6.638702540584796,1.0,0.0,1.0,0.0,1.0,0.0
17,90,2.42726550351271,3.740946663942939,0.0,1.0,1.0,1.0,1.0,1.0
18,90,4.274863345648396,2.123326467027001,0.0,0.0,1.0,1.0,1.0,1.0
19,90,2.525928840029238,6.768426354846847,1.0,1.0,0.0,0.0,0.0,1.0
0,95,7.423497715026494,6.821259570489026,0.0,0.0,0.0,1.0,0.0,1.0
1,95,1.5625579041075237,7.601548745014613,0.0,0.0,0.0,0.0,0.0,0.0
2,95,8.37347508251112,2.2427346241366344,1.0,0.0,1.0,1.0,0.0,1.0
3,95,5.877296076321447,7.775251332494371,0.0,0.0,0.0,0.0,0.0,0.0
4,95,10.687939809418197,6.407880947234575,1.0,1.0,1.0,0.0,0.0,1.0
5,95,1.9837315164469904,8.99420773533444,0.0,0.0,0.0,0.0,1.0,0.0
6,95,1.7564610981343938,4.387794422287337,1.0,1.0,1.0,0.0,1.0,0.0
7,95,9.743976149764466,5.505204341865548,0.0,0.0,0.0,0.0,1.0,1.0
8,95,8.292287234822224,0.0247298949199961,0.0,1.0,0.0,0.0,1.0,0.0
9,95,0.0337726288145859,3.463294018998883,0.0,0.0,0.0,1.0,0.0,1.0
10,95,1.6310014724503357,0.1670594621964922,1.0,0.0,1.0,0.0,0.0,0.0
11,95,2.081886733245971,0.4948616218881543,0.0,0.0,0.0,0.0,0.0,0.0
12,95,7.06034740768766,6.690762391606797,0.0,1.0,0.0,1.0,1.0,1.0
13,95,7.124307868975248,1.5089853282575942,0.0,0.0,0.0,1.0,0.0,0.0
14,95,4.00409260182561,0.9535908262112952,0.0,0.0,0.0,0.0,0.0,1.0
15,95,4.820783585960836,7.125389205490434,0.0,1.0,0.0,0.0,1.0,1.0
16,95,7.923187531808024,6.809556584514053,1.0,0.0,1.0,0.0,1.0,0.0
17,95,2.394918355662893,3.6101421858604255,0.0,1.0,1.0,1.0,1.0,1.0
18,95,4.237247307199731,2.126639088394947,0.0,0.0,1.0,1.0,1.0,1.0
19,95,2.414445135051217,6.755370968116746,1.0,1.0,0.0,0.0,0.0,1.0
0,100,7.518948424584254,6.864029702700134,0.0,0.0,0.0,1.0,0.0,1.0
1,100,1.5278355444828104,7.569547234935192,0.0,0.0,0.0,0.0,0.0,0.0
2,100,8.340161082854637,2.204465974736855,1.0,0.0,1.0,1.0,0.0,1.0
3,100,5.885665216045065,7.790054923976109,0.0,0.0,0.0,0.0,0.0,0.0
4,100,10.639110776948543,6.381932379411704,1.0,1.0,1.0,0.0,0.0,1.0
5,100,2.005727647045872,9.008988304530243,0.0,0.0,0.0,0.0,1.0,0.0
6,100,1.7945117630457508,4.4533461692549245,1.0,1.0,1.0,0.0,1.0,0.0
7,100,9.710690186663268,5.439314961714775,0.0,0.0,0.0,0.0,1.0,1.0
8,100,8.289005168523934,0.0275250197510822,0.0,1.0,0.0,0.0,1.0,0.0
9,100,0.0,3.425750584581792,0.0,0.0,0.0,1.0,0.0,1.0
10,100,1.4731068327195131,0.1052929890257967,1.0,0.0,1.0,0.0,0.0,0.0
11,100,2.15990145969437,0.4568096076564467,0.0,0.0,0.0,0.0,0.0,0.0
12,100,6.998705066079763,6.669063222417449,0.0,1.0,0.0,1.0,1.0,1.0
13,100,7.051321221782322,1.5576653081814515,0.0,0.0,0.0,1.0,0.0,0.0
14,100,4.004494942969903,0.9796434295140556,0.0,0.0,0.0,0.0,0.0,1.0
15,100,4.995316697734858,7.06608176586749,0.0,1.0,0.0,0.0,1.0,1.0
16,100,7.899467583582016,6.968262573257729,1.0,0.0,1.0,0.0,1.0,0.0
17,100,2.3571565460443638,3.4687355811111558,0.0,1.0,1.0,1.0,1.0,1.0
18,100,4.201465247355662,2.1284457547383444,0.0,0.0,1.0,1.0,1.0,1.0
19,100,2.3047349903946315,6.744100955885183,1.0,1.0,0.0,0.0,0.0,1.0
0,105,7.621933521485021,6.910556960070792,0.0,0.0,0.0,1.0,0.0,1.0
1,105,1.489774392558083,7.531740482240494,0.0,0.0,0.0,0.0,0.0,0.0
2,105,8.302117302135454,2.1617261370817813,1.0,0.0,1.0,1.0,0.0,1.0
3,105,5.891443003971464,7.800712796213716,0.0,0.0,0.0,0.0,0.0,0.0
4,105,10.612761067724884,6.366611568161352,1.0,1.0,1.0,0.0,0.0,1.0
5,105,2.041093848428949,9.03184155124959,0.0,0.0,0.0,0.0,1.0,0.0
6,105,1.835471568284424,4.523590829714808,1.0,1.0,1.0,0.0,1.0,0.0
7,105,9.681078901900268,5.375817273540756,0.0,0.0,0.0,0.0,1.0,1.0
8,105,8.301117978431463,0.0174444668356562,0.0,1.0,0.0,0.0,1.0,0.0
9,105,0.0,3.3986282622314485,0.0,0.0,0.0,1.0,0.0,1.0
10,105,1.3261632176472753,0.0523025515035402,1.0,0.0,1.0,0.0,0.0,0.0
11,105,2.271870841249546,0.4034913219240649,0.0,0.0,0.0,0.0,0.0,0.0
12,105,6.934050243137956,6.648588368295348,0.0,1.0,0.0,1.0,1.0,1.0
13,105,6.976854843682366,1.6058755514540426,0.0,0.0,0.0,1.0,0.0,0.0
14,105,4.004510683705887,0.978227725154032,0.0,0.0,0.0,0.0,0.0,1.0
15,105,5.156615257055824,7.010560605591665,0.0,1.0,0.0,0.0,1.0,1.0
16,105,7.873347517470159,7.150432188789609,1.0,0.0,1.0,0.0,1.0,0.0
17,105,2.326241172729276,3.346443414773524,0.0,1.0,1.0,1.0,1.0,1.0
18,105,4.174636465095525,2.1299017134984983,0.0,0.0,1.0,1.0,1.0,1.0
19,105,2.199724622824699,6.731955402330131,1.0,1.0,0.0,0.0,0.0,1.0
0,110,7.72404170639158,6.95431691759139,0.0,0.0,0.0,1.0,0.0,1.0
1,110,1.450283770860649,7.491382626667092,0.0,0.0,0.0,0.0,0.0,0.0
2,110,8.266097213060053,2.118641609383184,1.0,0.0,1.0,1.0,0.0,1.0
3,110,5.896640503566041,7.8105606695146035,0.0,0.0,0.0,0.0,0.0,0.0
4,110,10.585552901045862,6.351114790306701,1.0,1.0,1.0,0.0,0.0,1.0
5,110,2.0919745543911965,9.064010558761456,0.0,0.0,0.0,0.0,1.0,0.0
6,110,1.8818828862087749,4.60029353701711,1.0,1.0,1.0,0.0,1.0,0.0
7,110,9.651145291941024,5.310419243971454,0.0,0.0,0.0,0.0,1.0,1.0
8,110,8.309661587746257,0.0102709362265429,0.0,1.0,0.0,0.0,1.0,0.0
9,110,0.0,3.379059687507417,0.0,0.0,0.0,1.0,0.0,1.0
10,110,1.1668437193892287,0.0,1.0,0.0,1.0,0.0,0.0,0.0
11,110,2.389760744161926,0.3504699461180487,0.0,0.0,0.0,0.0,0.0,0.0
12,110,6.8381112923896925,6.615543357815394,0.0,1.0,0.0,1.0,1.0,1.0
13,110,6.893655487174262,1.656612542853547,0.0,0.0,0.0,1.0,0.0,0.0
14,110,4.004615703427533,0.972453160300724,0.0,0.0,0.0,0.0,0.0,1.0
15,110,5.294166582861258,6.966102091878557,0.0,1.0,0.0,0.0,1.0,1.0
16,110,7.8521726168328225,7.327130039165016,1.0,0.0,1.0,0.0,1.0,0.0
17,110,2.29275951856782,3.224235092440355,0.0,1.0,1.0,1.0,1.0,1.0
18,110,4.13838634280587,2.1318905025661583,0.0,0.0,1.0,1.0,1.0,1.0
19,110,2.0853310906655054,6.720670004184076,1.0,1.0,0.0,0.0,0.0,1.0
0,115,7.835711405419176,7.00125834909313,0.0,0.0,0.0,1.0,0.0,1.0
1,115,1.4182000344871517,7.458613877567556,0.0,0.0,0.0,0.0,0.0,0.0
2,115,8.222142726495495,2.0657521263801946,1.0,0.0,1.0,1.0,0.0,1.0
3,115,5.89555337592773,7.808620252669494,0.0,0.0,0.0,0.0,0.0,0.0
4,115,10.57290467705411,6.343980861809259,1.0,1.0,1.0,0.0,0.0,1.0
5,115,2.153281359523455,9.103548692897805,0.0,0.0,0.0,0.0,1.0,0.0
6,115,1.9409821089080104,4.6976697280525554,1.0,1.0,1.0,0.0,1.0,0.0
7,115,9.62583584225171,5.254501639361967,0.0,0.0,0.0,0.0,1.0,1.0
8,115,8.322706397126195,0.0,0.0,1.0,0.0,0.0,1.0,0.0
9,115,0.0,3.3638044035426504,0.0,0.0,0.0,1.0,0.0,1.0
10,115,1.0172444536970104,0.0,1.0,0.0,1.0,0.0,0.0,0.0
11,115,2.4826842463515537,0.3075917469889742,0.0,0.0,0.0,0.0,0.0,0.0
12,115,6.766559124973159,6.591526425036369,0.0,1.0,0.0,1.0,1.0,1.0
13,115,6.815888106032457,1.701598252021976,0.0,0.0,0.0,1.0,0.0,0.0
14,115,4.004738393602767,0.9574848258726116,0.0,0.0,0.0,0.0,0.0,1.0
15,115,5.4509083990813405,6.9169447684920895,0.0,1.0,0.0,0.0,1.0,1.0
16,115,7.8354208328174035,7.505083488367165,1.0,0.0,1.0,0.0,1.0,0.0
17,115,2.2573017074765094,3.108464457102933,0.0,1.0,1.0,1.0,1.0,1.0
18,115,4.114237376025007,2.1334896174952385,0.0,0.0,1.0,1.0,1.0,1.0
19,115,1.98099765985238,6.706774732152935,1.0,1.0,0.0,0.0,0.0,1.0
0,120,7.969993793124861,7.060036750696404,0.0,0.0,0.0,1.0,0.0,1.0
1,120,1.3896199558010718,7.486051496203516,0.0,0.0,0.0,0.0,0.0,0.0
2,120,8.181529931124544,2.0185670166376064,1.0,0.0,1.0,1.0,0.0,1.0
3,120,5.894743024484729,7.807192166460913,0.0,0.0,0.0,0.0,0.0,0.0
4,120,10.567761513295986,6.34081901657835,1.0,1.0,1.0,0.0,0.0,1.0
5,120,2.2244271711142325,9.150351585277004,0.0,0.0,0.0,0.0,1.0,0.0
6,120,2.0010495621108237,4.790527354130842,1.0,1.0,1.0,0.0,1.0,0.0
7,120,9.613880021615085,5.225994429803306,0.0,0.0,0.0,0.0,1.0,1.0
8,120,8.324829485735593,0.0,0.0,1.0,0.0,0.0,1.0,0.0
9,120,0.0,3.341309002135334,0.0,0.0,0.0,1.0,0.0,1.0
10,120,0.8733309324077442,0.0,1.0,0.0,1.0,0.0,0.0,0.0
11,120,2.57675480982486,0.2667484754450965,0.0,0.0,0.0,0.0,0.0,0.0
12,120,6.692336565962383,6.56690741915947,0.0,1.0,0.0,1.0,1.0,1.0
13,120,6.869356062562475,1.794618361493059,0.0,0.0,0.0,1.0,0.0,0.0
14,120,4.004916771325125,0.9458796979487456,0.0,0.0,0.0,0.0,0.0,1.0
15,120,5.6136069230846335,6.867741204559533,0.0,1.0,0.0,0.0,1.0,1.0
16,120,7.815647034342318,7.687416595966854,1.0,0.0,1.0,0.0,1.0,0.0
17,120,2.3613753996151834,3.076070943316086,0.0,1.0,1.0,1.0,1.0,1.0
18,120,4.13177271556858,2.132385871011297,0.0,0.0,1.0,1.0,1.0,1.0
19,120,1.880141653312264,6.689841454197612,1.0,1.0,0.0,0.0,0.0,1.0
0,125,8.095918655340698,7.115118029421892,0.0,0.0,0.0,1.0,0.0,1.0
1,125,1.3803758962496857,7.495200347627008,0.0,0.0,0.0,0.0,0.0,0.0
2,125,8.138506357650156,1.9679665533858317,1.0,0.0,1.0,1.0,0.0,1.0
3,125,5.89760242155038,7.81213580459439,0.0,0.0,0.0,0.0,0.0,0.0
4,125,10.54413922954568,6.325745112753439,1.0,1.0,1.0,0.0,0.0,1.0
5,125,2.3008836516873523,9.1998044605673,0.0,0.0,0.0,0.0,1.0,0.0
6,125,2.05794040499554,4.87516860236759,1.0,1.0,1.0,0.0,1.0,0.0
7,125,9.595275336261142,5.184800498018891,0.0,0.0,0.0,0.0,1.0,1.0
8,125,8.322388038417646,0.0020270679508289,0.0,1.0,0.0,0.0,1.0,0.0
9,125,0.0,3.3332735782445324,0.0,0.0,0.0,1.0,0.0,1.0
10,125,0.7421075794147658,0.0,1.0,0.0,1.0,0.0,0.0,0.0
11,125,2.6667722978153563,0.2278975421192021,0.0,0.0,0.0,0.0,0.0,0.0
12,125,6.60670486487288,6.541384199462295,0.0,1.0,0.0,1.0,1.0,1.0
13,125,6.921802347177483,1.889943977365226,0.0,0.0,0.0,1.0,0.0,0.0
14,125,4.005372597670313,0.918430152120166,0.0,0.0,0.0,0.0,0.0,1.0
15,125,5.7881175915721865,6.812333632823084,0.0,1.0,0.0,0.0,1.0,1.0
16,125,8.00973739006511,7.708749226247813,1.0,0.0,1.0,0.0,1.0,0.0
17,125,2.4702636285007498,3.0396031442917577,0.0,1.0,1.0,1.0,1.0,1.0
18,125,4.14312824346593,2.1318199156450346,0.0,0.0,1.0,1.0,1.0,1.0
19,125,1.7683383853652832,6.673678529533707,1.0,1.0,0.0,0.0,0.0,1.0
0,130,8.225048945584643,7.172284352270402,0.0,0.0,0.0,1.0,0.0,1.0
1,130,1.3670580082517867,7.508379992198916,0.0,0.0,0.0,0.0,0.0,0.0
2,130,8.103396519870843,1.9250208568658045,1.0,0.0,1.0,1.0,0.0,1.0
3,130,5.9084333808888125,7.8301678064494755,0.0,0.0,0.0,0.0,0.0,0.0
4,130,10.509331006196136,6.303618207412702,1.0,1.0,1.0,0.0,0.0,1.0
5,130,2.38781576006482,9.258587927167744,0.0,0.0,0.0,0.0,1.0,0.0
6,130,2.110520545287818,4.951111785380616,1.0,1.0,1.0,0.0,1.0,0.0
7,130,9.572896455034908,5.132998637364338,0.0,0.0,0.0,0.0,1.0,1.0
8,130,8.33546338915281,0.0,0.0,1.0,0.0,0.0,1.0,0.0
9,130,0.0,3.3176689588128787,0.0,0.0,0.0,1.0,0.0,1.0
10,130,0.6241552876860129,0.0,1.0,0.0,1.0,0.0,0.0,0.0
11,130,2.737075797054804,0.1980743859051271,0.0,0.0,0.0,0.0,0.0,0.0
12,130,6.518321813698444,6.515357393983515,0.0,1.0,0.0,1.0,1.0,1.0
13,130,6.973098407177895,1.980069647215356,0.0,0.0,0.0,1.0,0.0,0.0
14,130,4.0065639813950735,0.8925294102420903,0.0,0.0,0.0,0.0,0.0,1.0
15,130,5.971507516744778,6.751898281787334,0.0,1.0,0.0,0.0,1.0,1.0
16,130,7.982962008523412,7.915287725794434,1.0,0.0,1.0,0.0,1.0,0.0
17,130,2.5783255944199097,3.0053055192443106,0.0,1.0,1.0,1.0,1.0,1.0
18,130,4.1579832614256,2.1306111307315807,0.0,0.0,1.0,1.0,1.0,1.0
19,130,1.6405513173512232,6.6589560622464665,1.0,1.0,0.0,0.0,0.0,1.0
0,135,8.35262944691049,7.224127841586738,0.0,0.0,0.0,1.0,0.0,1.0
1,135,1.3545262304898238,7.520454267916655,0.0,0.0,0.0,0.0,0.0,0.0
2,135,8.073626838332729,1.88933335844338,1.0,0.0,1.0,1.0,0.0,1.0
3,135,5.906513990781691,7.826907171204098,0.0,0.0,0.0,0.0,0.0,0.0
4,135,10.473255810882089,6.279968480425225,1.0,1.0,1.0,0.0,0.0,1.0
5,135,2.479643978600706,9.320019607361582,0.0,0.0,0.0,0.0,1.0,0.0
6,135,2.166513054076617,5.035826734508153,1.0,1.0,1.0,0.0,1.0,0.0
7,135,9.549322832110755,5.077518180401879,0.0,0.0,0.0,0.0,1.0,1.0
8,135,8.354733979761921,0.0,0.0,1.0,0.0,0.0,1.0,0.0
9,135,0.0,3.3060938991248,0.0,0.0,0.0,1.0,0.0,1.0
10,135,0.5093897522334202,0.0,1.0,0.0,1.0,0.0,0.0,0.0
11,135,2.823061952241423,0.1637903343160175,0.0,0.0,0.0,0.0,0.0,0.0
12,135,6.444214067268852,6.493754444929965,0.0,1.0,0.0,1.0,1.0,1.0
13,135,7.0360854752442,2.090263917051613,0.0,0.0,0.0,1.0,0.0,0.0
14,135,4.008121675064992,0.8716137808665718,0.0,0.0,0.0,0.0,0.0,1.0
15,135,6.136677222202788,6.696794400067536,0.0,1.0,0.0,0.0,1.0,1.0
16,135,7.955429920381063,8.112536642210292,1.0,0.0,1.0,0.0,1.0,0.0
17,135,2.7017020287589064,2.966831407709817,0.0,1.0,1.0,1.0,1.0,1.0
18,135,4.160671889324081,2.1303562481217093,0.0,0.0,1.0,1.0,1.0,1.0
19,135,1.4988204710341615,6.638846168575865,1.0,1.0,0.0,0.0,0.0,1.0
0,140,8.47156567945616,7.271903955995965,0.0,0.0,0.0,1.0,0.0,1.0
1,140,1.3330750393482544,7.5421206450442755,0.0,0.0,0.0,0.0,0.0,0.0
2,140,8.041963297363228,1.8526533977312136,1.0,0.0,1.0,1.0,0.0,1.0
3,140,5.913661929367511,7.838698903160978,0.0,0.0,0.0,0.0,0.0,0.0
4,140,10.428349372489594,6.248420014288011,1.0,1.0,1.0,0.0,0.0,1.0
5,140,2.574334219183956,9.383649827900117,0.0,0.0,0.0,0.0,1.0,0.0
6,140,2.2292447039385115,5.124136322162142,1.0,1.0,1.0,0.0,1.0,0.0
7,140,9.537951425218488,5.048614320245078,0.0,0.0,0.0,0.0,1.0,1.0
8,140,8.374778997720123,0.0,0.0,1.0,0.0,0.0,1.0,0.0
9,140,0.0,3.288038658960014,0.0,0.0,0.0,1.0,0.0,1.0
10,140,0.4038187701862413,0.0,1.0,0.0,1.0,0.0,0.0,0.0
11,140,2.8976752109296084,0.1360356836440099,0.0,0.0,0.0,0.0,0.0,0.0
12,140,6.3775231125219065,6.474709604535744,0.0,1.0,0.0,1.0,1.0,1.0
13,140,7.096752380162403,2.202146970165722,0.0,0.0,0.0,1.0,0.0,0.0
14,140,4.00931583944425,0.8565475573176586,0.0,0.0,0.0,0.0,0.0,1.0
15,140,6.289831709737706,6.644129017452759,0.0,1.0,0.0,0.0,1.0,1.0
16,140,7.925866034666356,8.308830450294549,1.0,0.0,1.0,0.0,1.0,0.0
17,140,2.8161531063325325,2.9328095991333134,0.0,1.0,1.0,1.0,1.0,1.0
18,140,4.154289579043276,2.130894605141136,0.0,0.0,1.0,1.0,1.0,1.0
19,140,1.367790413873169,6.619416897270825,1.0,1.0,0.0,0.0,0.0,1.0
0,145,8.602155732297078,7.326031728888389,0.0,0.0,0.0,1.0,0.0,1.0
1,145,1.3202906418823697,7.555056121166605,0.0,0.0,0.0,0.0,0.0,0.0
2,145,8.012152382661647,1.8174197856152643,1.0,0.0,1.0,1.0,0.0,1.0
3,145,5.906781894081521,7.827531551678737,0.0,0.0,0.0,0.0,0.0,0.0
4,145,10.38074796442798,6.215724593159416,1.0,1.0,1.0,0.0,0.0,1.0
5,145,2.653370446281324,9.43628252516988,0.0,0.0,0.0,0.0,1.0,0.0
6,145,2.2916819777836044,5.213177747653275,1.0,1.0,1.0,0.0,1.0,0.0
7,145,9.524778875172847,5.017857830787507,0.0,0.0,0.0,0.0,1.0,1.0
8,145,8.385914612132062,0.0,0.0,1.0,0.0,0.0,1.0,0.0
9,145,0.0,3.2733916239345326,0.0,0.0,0.0,1.0,0.0,1.0
10,145,0.3125295462839454,0.0,1.0,0.0,1.0,0.0,0.0,0.0
11,145,2.97018482982492,0.1036500776944059,0.0,0.0,0.0,0.0,0.0,0.0
12,145,6.289815723140365,6.449022547404648,0.0,1.0,0.0,1.0,1.0,1.0
13,145,7.161158405497795,2.317351744396309,0.0,0.0,0.0,1.0,0.0,0.0
14,145,4.010364188272336,0.8415787423180439,0.0,0.0,0.0,0.0,0.0,1.0
15,145,6.445965332956913,6.590411844688406,0.0,1.0,0.0,0.0,1.0,1.0
16,145,7.89856047133555,8.50842098684366,1.0,0.0,1.0,0.0,1.0,0.0
17,145,2.9253143623700337,2.9005166461904026,0.0,1.0,1.0,1.0,1.0,1.0
18,145,4.144339706691901,2.131558550751807,0.0,0.0,1.0,1.0,1.0,1.0
19,145,1.2166295028369216,6.599820901788464,1.0,1.0,0.0,0.0,0.0,1.0
0,150,8.714241312056375,7.37078723564494,0.0,0.0,0.0,1.0,0.0,1.0
1,150,1.3125109924378964,7.5631648206180975,0.0,0.0,0.0,0.0,0.0,0.0
2,150,7.968556893304679,1.7653156822945504,1.0,0.0,1.0,1.0,0.0,1.0
3,150,5.90228678975716,7.820230955126417,0.0,0.0,0.0,0.0,0.0,0.0
4,150,10.348753954136232,6.194820457526961,1.0,1.0,1.0,0.0,0.0,1.0
5,150,2.730639843108472,9.491749318644,0.0,0.0,0.0,0.0,1.0,0.0
6,150,2.3542211190691638,5.302790793376039,1.0,1.0,1.0,0.0,1.0,0.0
7,150,9.518610339567516,5.004577868640061,0.0,0.0,0.0,0.0,1.0,1.0
8,150,8.393515966987461,0.0,0.0,1.0,0.0,0.0,1.0,0.0
9,150,0.0,3.262316949360438,0.0,0.0,0.0,1.0,0.0,1.0
10,150,0.2265237688663435,0.0,1.0,0.0,1.0,0.0,0.0,0.0
11,150,3.0336998050599977,0.0749100293153889,0.0,0.0,0.0,0.0,0.0,0.0
12,150,6.205139844040216,6.424968766053736,0.0,1.0,0.0,1.0,1.0,1.0
13,150,7.221774415898144,2.426885993945911,0.0,0.0,0.0,1.0,0.0,0.0
14,150,4.010398324813414,0.8409335964147734,0.0,0.0,0.0,0.0,0.0,1.0
15,150,6.592743738635221,6.5424718822176855,0.0,1.0,0.0,0.0,1.0,1.0
16,150,7.864802714086767,8.707845775255151,1.0,0.0,1.0,0.0,1.0,0.0
17,150,3.049189041003706,2.865484054154333,0.0,1.0,1.0,1.0,1.0,1.0
18,150,4.106733902206439,2.134474435436634,0.0,0.0,1.0,1.0,1.0,1.0
19,150,1.071206732890675,6.577720189392446,1.0,1.0,0.0,0.0,0.0,1.0
0,155,8.820314811294669,7.407966230115316,0.0,0.0,0.0,1.0,0.0,1.0
1,155,1.304753245932449,7.571087786740095,0.0,0.0,0.0,0.0,0.0,0.0
2,155,7.928001533047189,1.7148894031436317,1.0,0.0,1.0,1.0,0.0,1.0
3,155,5.891932463755813,7.803815287295885,0.0,0.0,0.0,0.0,0.0,0.0
4,155,10.329221989563338,6.18107701519168,1.0,1.0,1.0,0.0,0.0,1.0
5,155,2.801152704120798,9.538790308690215,0.0,0.0,0.0,0.0,1.0,0.0
6,155,2.402690516788909,5.374902464161689,1.0,1.0,1.0,0.0,1.0,0.0
7,155,9.514623038092967,4.995012459516859,0.0,0.0,0.0,0.0,1.0,1.0
8,155,8.409911573297121,0.0,0.0,1.0,0.0,0.0,1.0,0.0
9,155,0.0,3.250412523305822,0.0,0.0,0.0,1.0,0.0,1.0
10,155,0.1351090081979398,0.0,1.0,0.0,1.0,0.0,0.0,0.0
11,155,3.096301284463112,0.0473255491718833,0.0,0.0,0.0,0.0,0.0,0.0
12,155,6.096165572616894,6.3929179879213045,0.0,1.0,0.0,1.0,1.0,1.0
13,155,7.288995283915366,2.546311572431272,0.0,0.0,0.0,1.0,0.0,0.0
14,155,4.009820175130736,0.847284231337014,0.0,0.0,0.0,0.0,0.0,1.0
15,155,6.736997907569419,6.496859215651792,0.0,1.0,0.0,0.0,1.0,1.0
16,155,7.834485538365503,8.894189556141093,1.0,0.0,1.0,0.0,1.0,0.0
17,155,3.164781552839264,2.8312608637104058,0.0,1.0,1.0,1.0,1.0,1.0
18,155,4.073610076040406,2.1371877570245967,0.0,0.0,1.0,1.0,1.0,1.0
19,155,0.9289171021028272,6.560364084181703,1.0,1.0,0.0,0.0,0.0,1.0
0,160,8.924216217472292,7.447275378219674,0.0,0.0,0.0,1.0,0.0,1.0
1,160,1.309727987797547,7.566057917850467,0.0,0.0,0.0,0.0,0.0,0.0
2,160,7.883554615164428,1.6605008136943291,1.0,0.0,1.0,1.0,0.0,1.0
3,160,5.886856144668938,7.795236093865935,0.0,0.0,0.0,0.0,0.0,0.0
4,160,10.309691206775003,6.167291619603872,1.0,1.0,1.0,0.0,0.0,1.0
5,160,2.857542102289797,9.576111512581996,0.0,0.0,0.0,0.0,1.0,0.0
6,160,2.4482756364256484,5.442231995878921,1.0,1.0,1.0,0.0,1.0,0.0
7,160,9.512803097016,4.990657590018378,0.0,0.0,0.0,0.0,1.0,1.0
8,160,8.411865653218937,0.0,0.0,1.0,0.0,0.0,1.0,0.0
9,160,0.0,3.231246187545332,0.0,0.0,0.0,1.0,0.0,1.0
10,160,0.0227138387982459,0.0,1.0,0.0,1.0,0.0,0.0,0.0
11,160,3.1609141679719057,0.0200217497221345,0.0,0.0,0.0,0.0,0.0,0.0
12,160,5.992623967481838,6.360971390645915,0.0,1.0,0.0,1.0,1.0,1.0
13,160,7.355027523667711,2.6673781270074084,0.0,0.0,0.0,1.0,0.0,0.0
14,160,4.010456979457988,0.8410135094168342,0.0,0.0,0.0,0.0,0.0,1.0
15,160,6.883985035105723,6.447298370859751,0.0,1.0,0.0,0.0,1.0,1.0
16,160,7.8074246508708836,9.088470097774524,1.0,0.0,1.0,0.0,1.0,0.0
17,160,3.290721609261308,2.7963716693085545,0.0,1.0,1.0,1.0,1.0,1.0
18,160,4.052496139356228,2.138796163502813,0.0,0.0,1.0,1.0,1.0,1.0
19,160,0.776644623468063,6.544058452362869,1.0,1.0,0.0,0.0,0.0,1.0
0,165,9.010878751639302,7.4799902081799585,0.0,0.0,0.0,1.0,0.0,1.0
1,165,1.3062453179499964,7.569492532412971,0.0,0.0,0.0,0.0,0.0,0.0
2,165,7.834620568418806,1.6032619730425854,1.0,0.0,1.0,1.0,0.0,1.0
3,165,5.875689330047447,7.774555182096783,0.0,0.0,0.0,0.0,0.0,0.0
4,165,10.281986653658196,6.146939767292212,1.0,1.0,1.0,0.0,0.0,1.0
5,165,2.920670502588203,9.620499150841336,0.0,0.0,0.0,0.0,1.0,0.0
6,165,2.4941092251968326,5.511723898341872,1.0,1.0,1.0,0.0,1.0,0.0
7,165,9.510545413949972,4.98479767231037,0.0,0.0,0.0,0.0,1.0,1.0
8,165,8.414999340825474,0.0,0.0,1.0,0.0,0.0,1.0,0.0
9,165,0.0,3.216337413191056,0.0,0.0,0.0,1.0,0.0,1.0
10,165,0.0,0.0,1.0,0.0,1.0,0.0,0.0,0.0
11,165,3.2145380259780785,0.0,0.0,0.0,0.0,0.0,0.0,0.0
12,165,5.891676755338128,6.331181576244407,0.0,1.0,0.0,1.0,1.0,1.0
13,165,7.421238731005422,2.792260854627448,0.0,0.0,0.0,1.0,0.0,0.0
14,165,4.011594552980851,0.8284236264101057,0.0,0.0,0.0,0.0,0.0,1.0
15,165,7.0173986711598415,6.400574380358881,0.0,1.0,0.0,0.0,1.0,1.0
16,165,7.782414781516245,9.267757250337189,1.0,0.0,1.0,0.0,1.0,0.0
17,165,3.40591532022766,2.7615434819458886,0.0,1.0,1.0,1.0,1.0,1.0
18,165,4.038149423328805,2.139610673078878,0.0,0.0,1.0,1.0,1.0,1.0
19,165,0.6356927588702205,6.525510988832778,1.0,1.0,0.0,0.0,0.0,1.0
0,170,9.091277371177483,7.51153566142976,0.0,0.0,0.0,1.0,0.0,1.0
1,170,1.3045089704259678,7.571122034616705,0.0,0.0,0.0,0.0,0.0,0.0
2,170,7.784423255149939,1.5428783938217452,1.0,0.0,1.0,1.0,0.0,1.0
3,170,5.864279845304209,7.752789464176946,0.0,0.0,0.0,0.0,0.0,0.0
4,170,10.245812517260998,6.121516455244233,1.0,1.0,1.0,0.0,0.0,1.0
5,170,2.990363428703139,9.670415076861282,0.0,0.0,0.0,0.0,1.0,0.0
6,170,2.5358805233705666,5.573521358734251,1.0,1.0,1.0,0.0,1.0,0.0
7,170,9.513143318582053,4.991518593987059,0.0,0.0,0.0,0.0,1.0,1.0
8,170,8.428909914861707,0.0,0.0,1.0,0.0,0.0,1.0,0.0
9,170,0.0,3.192987027081581,0.0,0.0,0.0,1.0,0.0,1.0
10,170,0.0,0.0,1.0,0.0,1.0,0.0,0.0,0.0
11,170,3.2647372996589485,0.0,0.0,0.0,0.0,0.0,0.0,0.0
12,170,5.802236428763904,6.303042465406985,0.0,1.0,0.0,1.0,1.0,1.0
13,170,7.482381407782675,2.910085814545899,0.0,0.0,0.0,1.0,0.0,0.0
14,170,4.015039234938292,0.7935487357936677,0.0,0.0,0.0,0.0,0.0,1.0
15,170,7.1466677196102175,6.351292098279208,0.0,1.0,0.0,0.0,1.0,1.0
16,170,7.751700844763906,9.450445213886471,1.0,0.0,1.0,0.0,1.0,0.0
17,170,3.5048817220063424,2.7344600756767803,0.0,1.0,1.0,1.0,1.0,1.0
18,170,4.020976751673887,2.140456766830862,0.0,0.0,1.0,1.0,1.0,1.0
19,170,0.494663130790739,6.506508300057039,1.0,1.0,0.0,0.0,0.0,1.0
0,175,9.163344880159576,7.538682629326988,0.0,0.0,0.0,1.0,0.0,1.0
1,175,1.3100232980738016,7.565963799990722,0.0,0.0,0.0,0.0,0.0,0.0
2,175,7.733872672655862,1.4807079904283942,1.0,0.0,1.0,1.0,0.0,1.0
3,175,5.861690072568008,7.7478128207213475,0.0,0.0,0.0,0.0,0.0,0.0
4,175,10.193108309143888,6.084876923536735,1.0,1.0,1.0,0.0,0.0,1.0
5,175,3.0548124412169244,9.717901948856518,0.0,0.0,0.0,0.0,1.0,0.0
6,175,2.581220465438979,5.644685453309009,1.0,1.0,1.0,0.0,1.0,0.0
7,175,9.5215801033965,5.014703468778741,0.0,0.0,0.0,0.0,1.0,1.0
8,175,8.42664806492871,0.0021115888768513,0.0,1.0,0.0,0.0,1.0,0.0
9,175,0.0,3.170331791630069,0.0,0.0,0.0,1.0,0.0,1.0
10,175,0.0,0.0,1.0,0.0,1.0,0.0,0.0,0.0
11,175,3.3086416094216418,0.0,0.0,0.0,0.0,0.0,0.0,0.0
12,175,5.720881762875908,6.278136892923851,0.0,1.0,0.0,1.0,1.0,1.0
13,175,7.5430619241935,3.020137793623816,0.0,0.0,0.0,1.0,0.0,0.0
14,175,4.021768848790552,0.7355338804238722,0.0,0.0,0.0,0.0,0.0,1.0
15,175,7.271107999737646,6.307538302609049,0.0,1.0,0.0,0.0,1.0,1.0
16,175,7.72563692002431,9.621064235932815,1.0,0.0,1.0,0.0,1.0,0.0
17,175,3.599012603862388,2.711234548721069,0.0,1.0,1.0,1.0,1.0,1.0
18,175,3.9998291213640806,2.1418599668790006,0.0,0.0,1.0,1.0,1.0,1.0
19,175,0.3571498887240641,6.484270668506067,1.0,1.0,0.0,0.0,0.0,1.0
0,180,9.201893177671774,7.551772063727022,0.0,0.0,0.0,1.0,0.0,1.0
1,180,1.324608706834861,7.552971272154963,0.0,0.0,0.0,0.0,0.0,0.0
2,180,7.68919797990896,1.4242941531315585,1.0,0.0,1.0,1.0,0.0,1.0
3,180,5.860590910327714,7.7456305361255,0.0,0.0,0.0,0.0,0.0,0.0
4,180,10.137120429680726,6.047311848156754,1.0,1.0,1.0,0.0,0.0,1.0
5,180,2.9968214824081416,9.798169437919205,0.0,0.0,0.0,0.0,1.0,0.0
6,180,2.6243210081806216,5.7164633901765445,1.0,1.0,1.0,0.0,1.0,0.0
7,180,9.528522279879471,5.035772741033192,0.0,0.0,0.0,0.0,1.0,1.0
8,180,8.426215579518995,0.0025109509226049,0.0,1.0,0.0,0.0,1.0,0.0
9,180,0.0,3.146020793442512,0.0,0.0,0.0,1.0,0.0,1.0
10,180,0.0,0.0,1.0,0.0,1.0,0.0,0.0,0.0
11,180,3.3385516331890903,0.0,0.0,0.0,0.0,0.0,0.0,0.0
12,180,5.645732368226962,6.254706195655981,0.0,1.0,0.0,1.0,1.0,1.0
13,180,7.609228131543735,3.1371084788112373,0.0,0.0,0.0,1.0,0.0,0.0
14,180,4.023758744797426,0.7189636508952991,0.0,0.0,0.0,0.0,0.0,1.0
15,180,7.396326066805992,6.2636231034514855,0.0,1.0,0.0,0.0,1.0,1.0
16,180,7.6978060139306015,9.78228706130185,1.0,0.0,1.0,0.0,1.0,0.0
17,180,3.7034707711617454,2.6881975375049776,0.0,1.0,1.0,1.0,1.0,1.0
18,180,3.9886931329684128,2.142999710081808,0.0,0.0,1.0,1.0,1.0,1.0
19,180,0.245970545179763,6.463088762752435,1.0,1.0,0.0,0.0,0.0,1.0
0,185,9.24899000607501,7.567895249567416,0.0,0.0,0.0,1.0,0.0,1.0
1,185,1.3304485454272894,7.547833436210049,0.0,0.0,0.0,0.0,0.0,0.0
2,185,7.649738107270438,1.3772284529094907,1.0,0.0,1.0,1.0,0.0,1.0
3,185,5.851789397636463,7.728441556935615,0.0,0.0,0.0,0.0,0.0,0.0
4,185,10.07658487883131,6.0081167592668905,1.0,1.0,1.0,0.0,0.0,1.0
5,185,2.943908422689239,9.86463532711813,0.0,0.0,0.0,0.0,1.0,0.0
6,185,2.6467242932337727,5.754986966345335,1.0,1.0,1.0,0.0,1.0,0.0
7,185,9.545166265592329,5.085595588067445,0.0,0.0,0.0,0.0,1.0,1.0
8,185,8.422042764219215,0.0062513890024398,0.0,1.0,0.0,0.0,1.0,0.0
9,185,0.0,3.117641074974333,0.0,0.0,0.0,1.0,0.0,1.0
10,185,0.0,0.0,1.0,0.0,1.0,0.0,0.0,0.0
11,185,3.381957609033308,0.0,0.0,0.0,0.0,0.0,0.0,0.0
12,185,5.5599006966344495,6.228436176048442,0.0,1.0,0.0,1.0,1.0,1.0
13,185,7.676021862382814,3.254169811012295,0.0,0.0,0.0,1.0,0.0,0.0
14,185,4.027205670535263,0.6875528480438798,0.0,0.0,0.0,0.0,0.0,1.0
15,185,7.5164621176514785,6.219167340762825,0.0,1.0,0.0,0.0,1.0,1.0
16,185,7.674078326527459,9.94249896745924,1.0,0.0,1.0,0.0,1.0,0.0
17,185,3.810583193349732,2.6615178674357125,0.0,1.0,1.0,1.0,1.0,1.0
18,185,3.9642947180298576,2.146060951119355,0.0,0.0,1.0,1.0,1.0,1.0
19,185,0.1269255895181562,6.442094611871194,1.0,1.0,0.0,0.0,0.0,1.0
0,190,9.301409950569608,7.586810104975357,0.0,0.0,0.0,1.0,0.0,1.0
1,190,1.3424785522358615,7.537527183822508,0.0,0.0,0.0,0.0,0.0,0.0
2,190,7.599764759615214,1.3220455321858808,1.0,0.0,1.0,1.0,0.0,1.0
3,190,5.84537363326685,7.715414378461748,0.0,0.0,0.0,0.0,0.0,0.0
4,190,10.02350087754056,5.973370179938483,1.0,1.0,1.0,0.0,0.0,1.0
5,190,2.9074363381185337,9.91331889464241,0.0,0.0,0.0,0.0,1.0,0.0
6,190,2.676000982520027,5.806068799253416,1.0,1.0,1.0,0.0,1.0,0.0
7,190,9.564175915916744,5.144716015243828,0.0,0.0,0.0,0.0,1.0,1.0
8,190,8.408868998203161,0.0180680027450657,0.0,1.0,0.0,0.0,1.0,0.0
9,190,0.0,3.080759743509858,0.0,0.0,0.0,1.0,0.0,1.0
10,190,0.0,0.0,1.0,0.0,1.0,0.0,0.0,0.0
11,190,3.4154986874200457,0.0,0.0,0.0,0.0,0.0,0.0,0.0
12,190,5.472746747783272,6.202112955476031,0.0,1.0,0.0,1.0,1.0,1.0
13,190,7.746115720439873,3.369590307370313,0.0,0.0,0.0,1.0,0.0,0.0
14,190,4.032584580832865,0.6458768291812929,0.0,0.0,0.0,0.0,0.0,1.0
15,190,7.666715742279971,6.163621168736491,0.0,1.0,0.0,0.0,1.0,1.0
16,190,7.648463478798041,10.101749666456548,1.0,0.0,1.0,0.0,1.0,0.0
17,190,3.943261402256659,2.63148330311482,0.0,1.0,1.0,1.0,1.0,1.0
18,190,3.931675612503362,2.1503982677960978,0.0,0.0,1.0,1.0,1.0,1.0
19,190,0.0155045287472729,6.4202913419922005,1.0,1.0,0.0,0.0,0.0,1.0
0,195,9.349237648948664,7.605168926814236,0.0,0.0,0.0,1.0,0.0,1.0
1,195,1.361908643890042,7.520686999948764,0.0,0.0,0.0,0.0,0.0,0.0
2,195,7.555079818611732,1.2738403577712696,1.0,0.0,1.0,1.0,0.0,1.0
3,195,5.829837362401418,7.723631350735345,0.0,0.0,0.0,0.0,0.0,0.0
4,195,9.956889003077224,5.929483524697071,1.0,1.0,1.0,0.0,0.0,1.0
5,195,2.8544248651544626,9.986478467134956,0.0,0.0,0.0,0.0,1.0,0.0
6,195,2.716765790725698,5.871313832046478,1.0,1.0,1.0,0.0,1.0,0.0
7,195,9.580422989287,5.196867754130567,0.0,0.0,0.0,0.0,1.0,1.0
8,195,8.400090792844574,0.025866423764331,0.0,1.0,0.0,0.0,1.0,0.0
9,195,0.0,3.0376038388365743,0.0,0.0,0.0,1.0,0.0,1.0
10,195,0.0,0.0,1.0,0.0,1.0,0.0,0.0,0.0
11,195,3.4341057958020027,0.0,0.0,0.0,0.0,0.0,0.0,0.0
12,195,5.36776050442765,6.172626289439152,0.0,1.0,0.0,1.0,1.0,1.0
13,195,7.818724962889773,3.492425553913383,0.0,0.0,0.0,1.0,0.0,0.0
14,195,4.040267347081025,0.5812328094222284,0.0,0.0,0.0,0.0,0.0,1.0
15,195,7.810430909747405,6.109788466099548,0.0,1.0,0.0,0.0,1.0,1.0
16,195,7.630226377300373,10.219599874681265,1.0,0.0,1.0,0.0,1.0,0.0
17,195,4.055193774078747,2.6051547955775667,0.0,1.0,1.0,1.0,1.0,1.0
18,195,3.8810484127692506,2.157288019402142,0.0,0.0,1.0,1.0,1.0,1.0
19,195,0.0,6.401477352061479,1.0,1.0,0.0,0.0,0.0,1.0
0,200,9.385434527621353,7.619761053920646,0.0,0.0,0.0,1.0,0.0,1.0
1,200,1.3830443978240574,7.503044850901555,0.0,0.0,0.0,0.0,0.0,0.0
2,200,7.524616188565242,1.238947728269873,1.0,0.0,1.0,1.0,0.0,1.0
3,200,5.794146464752192,7.74059758417474,0.0,0.0,0.0,0.0,0.0,0.0
4,200,9.898677726996064,5.890597488091118,1.0,1.0,1.0,0.0,0.0,1.0
5,200,2.7928610778243663,10.077410274010765,0.0,0.0,0.0,0.0,1.0,0.0
6,200,2.764287652957434,5.942672449194901,1.0,1.0,1.0,0.0,1.0,0.0
7,200,9.599274734453926,5.261415154511504,0.0,0.0,0.0,0.0,1.0,1.0
8,200,8.392612591119724,0.0325370570648386,0.0,1.0,0.0,0.0,1.0,0.0
9,200,0.0,2.98549402324394,0.0,0.0,0.0,1.0,0.0,1.0
10,200,0.0,0.0994000967525896,1.0,0.0,1.0,0.0,0.0,0.0
11,200,3.4392039227324043,0.0,0.0,0.0,0.0,0.0,0.0,0.0
12,200,5.2643509310309256,6.145099590174314,0.0,1.0,0.0,1.0,1.0,1.0
13,200,7.880907760327779,3.601216395330706,0.0,0.0,0.0,1.0,0.0,0.0
14,200,4.049325919414053,0.4993896152551612,0.0,0.0,0.0,0.0,0.0,1.0
15,200,7.944776235599543,6.054042463202594,0.0,1.0,0.0,0.0,1.0,1.0
16,200,7.610815007333835,10.340532383055102,1.0,0.0,1.0,0.0,1.0,0.0
17,200,4.18778394624101,2.5726478296834028,0.0,1.0,1.0,1.0,1.0,1.0
18,200,3.8528559869197383,2.1600728843009973,0.0,0.0,1.0,1.0,1.0,1.0
19,200,0.0,6.386835005070456,1.0,1.0,0.0,0.0,0.0,1.0
0,205,9.418803156119491,7.632520769518574,0.0,0.0,0.0,1.0,0.0,1.0
1,205,1.3821137692911352,7.503841728741683,0.0,0.0,0.0,0.0,0.0,0.0
2,205,7.5021771218380335,1.2121065540338667,1.0,0.0,1.0,1.0,0.0,1.0
3,205,5.7580506630576185,7.757214191788339,0.0,0.0,0.0,0.0,0.0,0.0
4,205,9.838299014069094,5.848573769604353,1.0,1.0,1.0,0.0,0.0,1.0
5,205,2.7321288520928406,10.163931297240502,0.0,0.0,0.0,0.0,1.0,0.0
6,205,2.8009898464946383,6.000586213151052,1.0,1.0,1.0,0.0,1.0,0.0
7,205,9.616952823430504,5.3282698247582125,0.0,0.0,0.0,0.0,1.0,1.0
8,205,8.383580287660441,0.0407828891703903,0.0,1.0,0.0,0.0,1.0,0.0
9,205,0.0,2.918129144809736,0.0,0.0,0.0,1.0,0.0,1.0
10,205,0.0,0.1937684528108262,1.0,0.0,1.0,0.0,0.0,0.0
11,205,3.4347939126901688,0.0022548583862974,0.0,0.0,0.0,0.0,0.0,0.0
12,205,5.174757161861834,6.122450537675986,0.0,1.0,0.0,1.0,1.0,1.0
13,205,7.94535276755965,3.71139432320549,0.0,0.0,0.0,1.0,0.0,0.0
14,205,4.0553803850141446,0.4233035984163699,0.0,0.0,0.0,0.0,0.0,1.0
15,205,8.087902613557317,5.993168757581672,0.0,1.0,0.0,0.0,1.0,1.0
16,205,7.588714341258075,10.463732198473911,1.0,0.0,1.0,0.0,1.0,0.0
17,205,4.325309151749032,2.5400728054510364,0.0,1.0,1.0,1.0,1.0,1.0
18,205,3.837311158403408,2.161584957244436,0.0,0.0,1.0,1.0,1.0,1.0
19,205,0.0,6.374185320211139,1.0,1.0,0.0,0.0,0.0,1.0
0,210,9.45821137419373,7.648125364272318,0.0,0.0,0.0,1.0,0.0,1.0
1,210,1.3571371707935465,7.525283095107694,0.0,0.0,0.0,0.0,0.0,0.0
2,210,7.479732205565942,1.1863916564293118,1.0,0.0,1.0,1.0,0.0,1.0
3,210,5.723908564006017,7.771933985934135,0.0,0.0,0.0,0.0,0.0,0.0
4,210,9.789174557968272,5.8133905168082585,1.0,1.0,1.0,0.0,0.0,1.0
5,210,2.6842918752144285,10.231774029170923,0.0,0.0,0.0,0.0,1.0,0.0
6,210,2.842013882173806,6.063348428343353,1.0,1.0,1.0,0.0,1.0,0.0
7,210,9.640739082338415,5.413834383468246,0.0,0.0,0.0,0.0,1.0,1.0
8,210,8.38172292520818,0.0425178701555629,0.0,1.0,0.0,0.0,1.0,0.0
9,210,0.0,2.8459575675554745,0.0,0.0,0.0,1.0,0.0,1.0
10,210,0.0,0.2821779150073443,1.0,0.0,1.0,0.0,0.0,0.0
11,210,3.446942697194067,0.0,0.0,0.0,0.0,0.0,0.0,0.0
12,210,5.091466266501179,6.10402237919624,0.0,1.0,0.0,1.0,1.0,1.0
13,210,8.016799817401576,3.8355945704943566,0.0,0.0,0.0,1.0,0.0,0.0
14,210,4.0601648735183815,0.3549694158281452,0.0,0.0,0.0,0.0,0.0,1.0
15,210,8.2271815488085,5.935805829214823,0.0,1.0,0.0,0.0,1.0,1.0
16,210,7.569611071301987,10.58870663175536,1.0,0.0,1.0,0.0,1.0,0.0
17,210,4.456173203616516,2.512597923781711,0.0,1.0,1.0,1.0,1.0,1.0
18,210,3.7873278131157937,2.1665330162517886,0.0,0.0,1.0,1.0,1.0,1.0
19,210,0.0,6.36322387607084,1.0,1.0,0.0,0.0,0.0,1.0
0,215,9.488828440731556,7.660269282251431,0.0,0.0,0.0,1.0,0.0,1.0
1,215,1.331374308680382,7.546816495627669,0.0,0.0,0.0,0.0,0.0,0.0
2,215,7.457338617625528,1.1607513914910323,1.0,0.0,1.0,1.0,0.0,1.0
3,215,5.692198030885618,7.785312647204493,0.0,0.0,0.0,0.0,0.0,0.0
4,215,9.747914151394792,5.783741887028755,1.0,1.0,1.0,0.0,0.0,1.0
5,215,2.633715351412332,10.304683539061836,0.0,0.0,0.0,0.0,1.0,0.0
6,215,2.888121175853999,6.130529721104771,1.0,1.0,1.0,0.0,1.0,0.0
7,215,9.655735457919226,5.474553041724307,0.0,0.0,0.0,0.0,1.0,1.0
8,215,8.3674711305363,0.0556962499210787,0.0,1.0,0.0,0.0,1.0,0.0
9,215,0.0,2.7832195467381657,0.0,0.0,0.0,1.0,0.0,1.0
10,215,0.0,0.3544412662994001,1.0,0.0,1.0,0.0,0.0,0.0
11,215,3.45867917791179,0.0,0.0,0.0,0.0,0.0,0.0,0.0
12,215,5.108431367797116,6.030671481649498,0.0,1.0,0.0,1.0,1.0,1.0
13,215,8.090824036352988,3.958781235863372,0.0,0.0,0.0,1.0,0.0,0.0
14,215,4.065488022348941,0.2661632663479573,0.0,0.0,0.0,0.0,0.0,1.0
15,215,8.380070621945373,5.875417608683411,0.0,1.0,0.0,0.0,1.0,1.0
16,215,7.547425814530452,10.714198591695702,1.0,0.0,1.0,0.0,1.0,0.0
17,215,4.590796826590964,2.48038019238022,0.0,1.0,1.0,1.0,1.0,1.0
18,215,3.7304231915446913,2.171058828140948,0.0,0.0,1.0,1.0,1.0,1.0
19,215,0.0,6.353077490593974,1.0,1.0,0.0,0.0,0.0,1.0
0,220,9.519269574463372,7.672044775721843,0.0,0.0,0.0,1.0,0.0,1.0
1,220,1.3267609582771502,7.550624889241138,0.0,0.0,0.0,0.0,0.0,0.0
2,220,7.442370681104199,1.1436814227018304,1.0,0.0,1.0,1.0,0.0,1.0
3,220,5.664810431600067,7.797307350404904,0.0,0.0,0.0,0.0,0.0,0.0
4,220,9.712805115657524,5.759363763323215,1.0,1.0,1.0,0.0,0.0,1.0
5,220,2.5730229764513384,10.398115208143334,0.0,0.0,0.0,0.0,1.0,0.0
6,220,2.934156352775961,6.199806112437586,1.0,1.0,1.0,0.0,1.0,0.0
7,220,9.66972395327832,5.530062275927925,0.0,0.0,0.0,0.0,1.0,1.0
8,220,8.339762477452128,0.0809025889199121,0.0,1.0,0.0,0.0,1.0,0.0
9,220,0.0,2.722242538031468,0.0,0.0,0.0,1.0,0.0,1.0
10,220,0.0,0.4437607732018392,1.0,0.0,1.0,0.0,0.0,0.0
11,220,3.4852999795881456,0.0,0.0,0.0,0.0,0.0,0.0,0.0
12,220,5.122120843099276,5.97653870148188,0.0,1.0,0.0,1.0,1.0,1.0
13,220,8.153788105301985,4.069689668076252,0.0,0.0,0.0,1.0,0.0,0.0
14,220,4.070283362168492,0.1736275214921379,0.0,0.0,0.0,0.0,0.0,1.0
15,220,8.538108832264983,5.8070418633097445,0.0,1.0,0.0,0.0,1.0,1.0
16,220,7.519858675731659,10.861661426307908,1.0,0.0,1.0,0.0,1.0,0.0
17,220,4.6991233220232544,2.4577239347834845,0.0,1.0,1.0,1.0,1.0,1.0
18,220,3.6618525960879538,2.1746076460312924,0.0,0.0,1.0,1.0,1.0,1.0
19,220,0.0,6.341769495954699,1.0,1.0,0.0,0.0,0.0,1.0
0,225,9.563070135211005,7.68820820917676,0.0,0.0,0.0,1.0,0.0,1.0
1,225,1.3279112356155385,7.549704614978419,0.0,0.0,0.0,0.0,0.0,0.0
2,225,7.435714661838215,1.1359419810409157,1.0,0.0,1.0,1.0,0.0,1.0
3,225,5.647752429334879,7.805260053819645,0.0,0.0,0.0,0.0,0.0,0.0
4,225,9.668304364382545,5.7283078313322,1.0,1.0,1.0,0.0,0.0,1.0
5,225,2.504225568165715,10.501030875334216,0.0,0.0,0.0,0.0,1.0,0.0
6,225,2.979069082977025,6.265293945261568,1.0,1.0,1.0,0.0,1.0,0.0
7,225,9.686921162202236,5.591933623388619,0.0,0.0,0.0,0.0,1.0,1.0
8,225,8.332833150116372,0.0875372719532384,0.0,1.0,0.0,0.0,1.0,0.0
9,225,0.0,2.6608800714203262,0.0,0.0,0.0,1.0,0.0,1.0
10,225,0.0,0.5185649081198698,1.0,0.0,1.0,0.0,0.0,0.0
11,225,3.5192619129981275,0.0,0.0,0.0,0.0,0.0,0.0,0.0
12,225,5.136020903645584,5.92465149803776,0.0,1.0,0.0,1.0,1.0,1.0
13,225,8.208572203284092,4.173168006323037,0.0,0.0,0.0,1.0,0.0,0.0
14,225,4.07758822929487,0.0745120008165172,0.0,0.0,0.0,0.0,0.0,1.0
15,225,8.706277015956708,5.739118457668592,0.0,1.0,0.0,0.0,1.0,1.0
16,225,7.492534712424726,10.997093560234596,1.0,0.0,1.0,0.0,1.0,0.0
17,225,4.807475596906356,2.436183769449469,0.0,1.0,1.0,1.0,1.0,1.0
18,225,3.598104868747528,2.175790575753964,0.0,0.0,1.0,1.0,1.0,1.0
19,225,0.0,6.330610455596715,1.0,1.0,0.0,0.0,0.0,1.0
0,230,9.61543781974463,7.707260428033013,0.0,0.0,0.0,1.0,0.0,1.0
1,230,1.3279705292324135,7.549658543538982,0.0,0.0,0.0,0.0,0.0,0.0
2,230,7.429410327908384,1.128347655114067,1.0,0.0,1.0,1.0,0.0,1.0
3,230,5.648430231131698,7.804947094175439,0.0,0.0,0.0,0.0,0.0,0.0
4,230,9.633411212892277,5.702496951058091,1.0,1.0,1.0,0.0,0.0,1.0
5,230,2.4492199520469837,10.584673413964396,0.0,0.0,0.0,0.0,1.0,0.0
6,230,3.0277998836496933,6.331541401675506,1.0,1.0,1.0,0.0,1.0,0.0
7,230,9.705444113287385,5.665780125811818,0.0,0.0,0.0,0.0,1.0,1.0
8,230,8.322028021550928,0.0978703964875118,0.0,1.0,0.0,0.0,1.0,0.0
9,230,0.0,2.598160155645416,0.0,0.0,0.0,1.0,0.0,1.0
10,230,0.0,0.5660908386376209,1.0,0.0,1.0,0.0,0.0,0.0
11,230,3.534959700640213,0.0,0.0,0.0,0.0,0.0,0.0,0.0
12,230,5.150829357498588,5.873934764632314,0.0,1.0,0.0,1.0,1.0,1.0
13,230,8.258264752120017,4.268261531233289,0.0,0.0,0.0,1.0,0.0,0.0
14,230,4.082222802999087,0.0,0.0,0.0,0.0,0.0,0.0,1.0
15,230,8.885266658401934,5.670344992431632,0.0,1.0,0.0,0.0,1.0,1.0
16,230,7.459008523482311,11.13556276068216,1.0,0.0,1.0,0.0,1.0,0.0
17,230,4.924648196115206,2.4144556388587928,0.0,1.0,1.0,1.0,1.0,1.0
18,230,3.5324894008450776,2.1762322634056366,0.0,0.0,1.0,1.0,1.0,1.0
19,230,0.0,6.319028418887499,1.0,1.0,0.0,0.0,0.0,1.0
0,235,9.658815176621236,7.722414354624963,0.0,0.0,0.0,1.0,0.0,1.0
1,235,1.339154100603295,7.541385365259468,0.0,0.0,0.0,0.0,0.0,0.0
2,235,7.41852865452314,1.11546812962614,1.0,0.0,1.0,1.0,0.0,1.0
3,235,5.648518768499877,7.804907516588866,0.0,0.0,0.0,0.0,0.0,0.0
4,235,9.586067264958356,5.667422724845543,1.0,1.0,1.0,0.0,0.0,1.0
5,235,2.394122498919548,10.667379551462592,0.0,0.0,0.0,0.0,1.0,0.0
6,235,3.071439345095344,6.395630764430383,1.0,1.0,1.0,0.0,1.0,0.0
7,235,9.730914474444322,5.764295557088915,0.0,0.0,0.0,0.0,1.0,1.0
8,235,8.308902841155525,0.1106212146559824,0.0,1.0,0.0,0.0,1.0,0.0
9,235,0.0,2.538086217134988,0.0,0.0,0.0,1.0,0.0,1.0
10,235,0.0,0.6050129572315918,1.0,0.0,1.0,0.0,0.0,0.0
11,235,3.5675073933410606,0.0,0.0,0.0,0.0,0.0,0.0,0.0
12,235,5.168892218779584,5.802742236589429,0.0,1.0,0.0,1.0,1.0,1.0
13,235,8.30642568618569,4.359832403559795,0.0,0.0,0.0,1.0,0.0,0.0
14,235,4.085596136925636,0.0,0.0,0.0,0.0,0.0,0.0,1.0
15,235,9.063851246978652,5.598638252318067,0.0,1.0,0.0,0.0,1.0,1.0
16,235,7.430384632457283,11.265382866424932,1.0,0.0,1.0,0.0,1.0,0.0
17,235,5.019271237619191,2.3958528071169427,0.0,1.0,1.0,1.0,1.0,1.0
18,235,3.453727535202605,2.176240006589085,0.0,0.0,1.0,1.0,1.0,1.0
19,235,0.0,6.307924395925368,1.0,1.0,0.0,0.0,0.0,1.0
0,240,9.696233220374982,7.736164705834205,0.0,0.0,0.0,1.0,0.0,1.0
1,240,1.3383158974202625,7.542000981723229,0.0,0.0,0.0,0.0,0.0,0.0
2,240,7.407776305838635,1.102976434370762,1.0,0.0,1.0,1.0,0.0,1.0
3,240,5.638267041483007,7.809472871718421,0.0,0.0,0.0,0.0,0.0,0.0
4,240,9.55624078390996,5.6455685499715695,1.0,1.0,1.0,0.0,0.0,1.0
5,240,2.3340162505267563,10.76116328596146,0.0,0.0,0.0,0.0,1.0,0.0
6,240,3.112311670534087,6.458588413689836,1.0,1.0,1.0,0.0,1.0,0.0
7,240,9.754478161371734,5.854758341442325,0.0,0.0,0.0,0.0,1.0,1.0
8,240,8.288424546657433,0.1303822578044351,0.0,1.0,0.0,0.0,1.0,0.0
9,240,0.0,2.4800879867319083,0.0,0.0,0.0,1.0,0.0,1.0
10,240,0.0,0.6543186513660941,1.0,0.0,1.0,0.0,0.0,0.0
11,240,3.600281345246565,0.0,0.0,0.0,0.0,0.0,0.0,0.0
12,240,5.18109489510754,5.748117248134355,0.0,1.0,0.0,1.0,1.0,1.0
13,240,8.35789140429054,4.45685856795769,0.0,0.0,0.0,1.0,0.0,0.0
14,240,4.086290802529057,0.0,0.0,0.0,0.0,0.0,0.0,1.0
15,240,9.277347362368458,5.510893947213898,0.0,1.0,0.0,0.0,1.0,1.0
16,240,7.397927909401426,11.3981160989171,1.0,0.0,1.0,0.0,1.0,0.0
17,240,5.134414957146654,2.3748240722441256,0.0,1.0,1.0,1.0,1.0,1.0
18,240,3.37164475443809,2.175403756416179,0.0,0.0,1.0,1.0,1.0,1.0
19,240,0.0,6.301624626568593,1.0,1.0,0.0,0.0,0.0,1.0
0,245,9.72536679121674,7.748599589355632,0.0,0.0,0.0,1.0,0.0,1.0
1,245,1.3253061920441696,7.552734257450918,0.0,0.0,0.0,0.0,0.0,0.0
2,245,7.4021779541839665,1.0963512128662865,1.0,0.0,1.0,1.0,0.0,1.0
3,245,5.6129273627278415,7.820480537052007,0.0,0.0,0.0,0.0,0.0,0.0
4,245,9.521512337275569,5.619697943502984,1.0,1.0,1.0,0.0,0.0,1.0
5,245,2.2756213992270333,10.851809452743636,0.0,0.0,0.0,0.0,1.0,0.0
6,245,3.150947229864708,6.5169466641572615,1.0,1.0,1.0,0.0,1.0,0.0
7,245,9.775549378177596,5.936662771023133,0.0,0.0,0.0,0.0,1.0,1.0
8,245,8.270490873097298,0.1468333631319698,0.0,1.0,0.0,0.0,1.0,0.0
9,245,0.0,2.414888338737697,0.0,0.0,0.0,1.0,0.0,1.0
10,245,0.0,0.6927777814056971,1.0,0.0,1.0,0.0,0.0,0.0
11,245,3.623484034669663,0.0,0.0,0.0,0.0,0.0,0.0,0.0
12,245,5.18661075601486,5.722552034424687,0.0,1.0,0.0,1.0,1.0,1.0
13,245,8.418342981481056,4.572128345225677,0.0,0.0,0.0,1.0,0.0,0.0
14,245,4.086777470299739,0.0,0.0,0.0,0.0,0.0,0.0,1.0
15,245,9.454223788819789,5.440343139977497,0.0,1.0,0.0,0.0,1.0,1.0
16,245,7.368725458674934,11.52696545798828,1.0,0.0,1.0,0.0,1.0,0.0
17,245,5.245484079027455,2.3528485327237894,0.0,1.0,1.0,1.0,1.0,1.0
18,245,3.265374755961824,2.172075560398764,0.0,0.0,1.0,1.0,1.0,1.0
19,245,0.0,6.292826634240474,1.0,1.0,0.0,0.0,0.0,1.0
0,250,9.7604496554645,7.764523162860788,0.0,0.0,0.0,1.0,0.0,1.0
1,250,1.32070430230497,7.556684931092867,0.0,0.0,0.0,0.0,0.0,0.0
2,250,7.400682656130257,1.0946574613676123,1.0,0.0,1.0,1.0,0.0,1.0
3,250,5.598178762551942,7.826833418914779,0.0,0.0,0.0,0.0,0.0,0.0
4,250,9.473167429262007,5.583971080637487,1.0,1.0,1.0,0.0,0.0,1.0
5,250,2.2112389182677785,10.94392634229451,0.0,0.0,0.0,0.0,1.0,0.0
6,250,3.191108841293234,6.57828310007264,1.0,1.0,1.0,0.0,1.0,0.0
7,250,9.79144089996758,6.0012534516090925,0.0,0.0,0.0,0.0,1.0,1.0
8,250,8.247246062462416,0.1670928610058397,0.0,1.0,0.0,0.0,1.0,0.0
9,250,0.0,2.3356158030119523,0.0,0.0,0.0,1.0,0.0,1.0
10,250,0.0,0.7378081630623403,1.0,0.0,1.0,0.0,0.0,0.0
11,250,3.659547079167345,0.0,0.0,0.0,0.0,0.0,0.0,0.0
12,250,5.194923059322757,5.686641633481827,0.0,1.0,0.0,1.0,1.0,1.0
13,250,8.461772944377831,4.657571798976142,0.0,0.0,0.0,1.0,0.0,0.0
14,250,4.087267383460664,0.0,0.0,0.0,0.0,0.0,0.0,1.0
15,250,9.649642638600575,5.362878569981673,0.0,1.0,0.0,0.0,1.0,1.0
16,250,7.335545565432243,11.664898492708314,1.0,0.0,1.0,0.0,1.0,0.0
17,250,5.341993515012465,2.3360592184973235,0.0,1.0,1.0,1.0,1.0,1.0
18,250,3.167216513858302,2.1710514508620062,0.0,0.0,1.0,1.0,1.0,1.0
19,250,0.0,6.2794721675897405,1.0,1.0,0.0,0.0,0.0,1.0
0,255,9.793703784266748,7.779180931758671,0.0,0.0,0.0,1.0,0.0,1.0
1,255,1.3034525441490972,7.571312118401583,0.0,0.0,0.0,0.0,0.0,0.0
2,255,7.395852240498869,1.0887118654267276,1.0,0.0,1.0,1.0,0.0,1.0
3,255,5.551248350272817,7.845091479254753,0.0,0.0,0.0,0.0,0.0,0.0
4,255,9.41118851097706,5.540486715364477,1.0,1.0,1.0,0.0,0.0,1.0
5,255,2.154557532869493,11.029562048347632,0.0,0.0,0.0,0.0,1.0,0.0
6,255,3.244329466098933,6.659039929618774,1.0,1.0,1.0,0.0,1.0,0.0
7,255,9.81052780175691,6.071976402195974,0.0,0.0,0.0,0.0,1.0,1.0
8,255,8.223111739732673,0.1877727837217844,0.0,1.0,0.0,0.0,1.0,0.0
9,255,0.0,2.2556109442619143,0.0,0.0,0.0,1.0,0.0,1.0
10,255,0.0,0.7797624178940478,1.0,0.0,1.0,0.0,0.0,0.0
11,255,3.670547572554753,0.0225848601698645,0.0,0.0,0.0,0.0,0.0,0.0
12,255,5.205017418811134,5.645134515192168,0.0,1.0,0.0,1.0,1.0,1.0
13,255,8.503429188159712,4.737406036324448,0.0,0.0,0.0,1.0,0.0,0.0
14,255,4.088691793299993,0.0,0.0,0.0,0.0,0.0,0.0,1.0
15,255,9.83571418338486,5.2905568466252015,0.0,1.0,0.0,0.0,1.0,1.0
16,255,7.306130354426492,11.793998152093808,1.0,0.0,1.0,0.0,1.0,0.0
17,255,5.457520498254374,2.3169662132443194,0.0,1.0,1.0,1.0,1.0,1.0
18,255,3.074206435020766,2.1694898605649287,0.0,0.0,1.0,1.0,1.0,1.0
19,255,0.0,6.2651957183960745,1.0,1.0,0.0,0.0,0.0,1.0
0,260,9.824663291062224,7.793528480156311,0.0,0.0,0.0,1.0,0.0,1.0
1,260,1.297693427729142,7.576036417670069,0.0,0.0,0.0,0.0,0.0,0.0
2,260,7.395574037942028,1.088372273669458,1.0,0.0,1.0,1.0,0.0,1.0
3,260,5.4980865071865015,7.865993147642135,0.0,0.0,0.0,0.0,0.0,0.0
4,260,9.37194654655601,5.595257659597207,1.0,1.0,1.0,0.0,0.0,1.0
5,260,2.0931357542353384,11.11998803436119,0.0,0.0,0.0,0.0,1.0,0.0
6,260,3.3052012732688456,6.751236456576623,1.0,1.0,1.0,0.0,1.0,0.0
7,260,9.827888505381717,6.135300887186372,0.0,0.0,0.0,0.0,1.0,1.0
8,260,8.213619429556653,0.1763839811305331,0.0,1.0,0.0,0.0,1.0,0.0
9,260,0.0,2.170082100864505,0.0,0.0,0.0,1.0,0.0,1.0
10,260,0.0,0.8306616499644339,1.0,0.0,1.0,0.0,0.0,0.0
11,260,3.683822988249958,0.0497798171060972,0.0,0.0,0.0,0.0,0.0,0.0
12,260,5.216478184167894,5.599867499720848,0.0,1.0,0.0,1.0,1.0,1.0
13,260,8.534158423718146,4.797712548319259,0.0,0.0,0.0,1.0,0.0,0.0
14,260,4.089659824695043,0.0,0.0,0.0,0.0,0.0,0.0,1.0
15,260,10.001367885095636,5.223858400168228,0.0,1.0,0.0,0.0,1.0,1.0
16,260,7.280354056290524,11.915849621975076,1.0,0.0,1.0,0.0,1.0,0.0
17,260,5.581681805785118,2.2928650201995566,0.0,1.0,1.0,1.0,1.0,1.0
18,260,2.982027768768088,2.166850391843111,0.0,0.0,1.0,1.0,1.0,1.0
19,260,0.0,6.248509806747041,1.0,1.0,0.0,0.0,0.0,1.0
0,265,9.849737470740395,7.805095566080406,0.0,0.0,0.0,1.0,0.0,1.0
1,265,1.3027773013091188,7.572019621675755,0.0,0.0,0.0,0.0,0.0,0.0
2,265,7.403156260065488,1.097378983055868,1.0,0.0,1.0,1.0,0.0,1.0
3,265,5.472442712686704,7.876336311413795,0.0,0.0,0.0,0.0,0.0,0.0
4,265,9.327150474739026,5.6575807824295365,1.0,1.0,1.0,0.0,0.0,1.0
5,265,2.033675896961588,11.21472439432721,0.0,0.0,0.0,0.0,1.0,0.0
6,265,3.3585936046067206,6.826633552407664,1.0,1.0,1.0,0.0,1.0,0.0
7,265,9.847003672152049,6.206177924013407,0.0,0.0,0.0,0.0,1.0,1.0
8,265,8.20551754712773,0.1663950357613857,0.0,1.0,0.0,0.0,1.0,0.0
9,265,0.0,2.0872051978662665,0.0,0.0,0.0,1.0,0.0,1.0
10,265,0.0,0.8761411184001557,1.0,0.0,1.0,0.0,0.0,0.0
11,265,3.7093397768456295,0.1047082045834037,0.0,0.0,0.0,0.0,0.0,0.0
12,265,5.231386972119763,5.538314521459684,0.0,1.0,0.0,1.0,1.0,1.0
13,265,8.558088661043595,4.843131583659258,0.0,0.0,0.0,1.0,0.0,0.0
14,265,4.089688635175356,0.0,0.0,0.0,0.0,0.0,0.0,1.0
15,265,10.1517075339835,5.164372362283924,0.0,1.0,0.0,0.0,1.0,1.0
16,265,7.256969224716804,12.0,1.0,0.0,1.0,0.0,1.0,0.0
17,265,5.712233596739417,2.265947516970614,0.0,1.0,1.0,1.0,1.0,1.0
18,265,2.889535810025172,2.1653123735905657,0.0,0.0,1.0,1.0,1.0,1.0
19,265,0.0,6.346775124183589,1.0,1.0,0.0,0.0,0.0,1.0
0,270,9.877292438458982,7.818394525719426,0.0,0.0,0.0,1.0,0.0,1.0
1,270,1.3058339320485717,7.569502318629055,0.0,0.0,0.0,0.0,0.0,0.0
2,270,7.426535142471752,1.1253764208649724,1.0,0.0,1.0,1.0,0.0,1.0
3,270,5.444965156532759,7.886077841644687,0.0,0.0,0.0,0.0,0.0,0.0
4,270,9.272320046744657,5.733990058509449,1.0,1.0,1.0,0.0,0.0,1.0
5,270,1.9733679578807144,11.315819260702742,0.0,0.0,0.0,0.0,1.0,0.0
6,270,3.411566891505008,6.904174405603798,1.0,1.0,1.0,0.0,1.0,0.0
7,270,9.866874923298358,6.283529611177975,0.0,0.0,0.0,0.0,1.0,1.0
8,270,8.200006375930336,0.160028035143033,0.0,1.0,0.0,0.0,1.0,0.0
9,270,0.0,2.0050811180861765,0.0,0.0,0.0,1.0,0.0,1.0
10,270,0.0,0.9317613191693987,1.0,0.0,1.0,0.0,0.0,0.0
11,270,3.732081931980396,0.1493141761224728,0.0,0.0,0.0,0.0,0.0,0.0
12,270,5.2493467940835705,5.469550735693993,0.0,1.0,0.0,1.0,1.0,1.0
13,270,8.591371051368393,4.905734868864502,0.0,0.0,0.0,1.0,0.0,0.0
14,270,4.090797785285957,0.0,0.0,0.0,0.0,0.0,0.0,1.0
15,270,10.31734200222136,5.098862086583191,0.0,1.0,0.0,0.0,1.0,1.0
16,270,7.2357335621223795,12.0,1.0,0.0,1.0,0.0,1.0,0.0
17,270,5.8415611552660485,2.2379237584850755,0.0,1.0,1.0,1.0,1.0,1.0
18,270,2.796704998839048,2.16063168492042,0.0,0.0,1.0,1.0,1.0,1.0
19,270,0.0,6.452165223508456,1.0,1.0,0.0,0.0,0.0,1.0
0,275,9.906257351468764,7.83329946147924,0.0,0.0,0.0,1.0,0.0,1.0
1,275,1.295862100592588,7.5781388542163155,0.0,0.0,0.0,0.0,0.0,0.0
2,275,7.440319047116337,1.142519555487208,1.0,0.0,1.0,1.0,0.0,1.0
3,275,5.429657902497885,7.891180033400746,0.0,0.0,0.0,0.0,0.0,0.0
4,275,9.219976027740827,5.811857792784249,1.0,1.0,1.0,0.0,0.0,1.0
5,275,1.90892184401067,11.422219828639443,0.0,0.0,0.0,0.0,1.0,0.0
6,275,3.46077437877476,6.974745363550217,1.0,1.0,1.0,0.0,1.0,0.0
7,275,9.887656288509412,6.372849357721209,0.0,0.0,0.0,0.0,1.0,1.0
8,275,8.194814086946122,0.1540555182948609,0.0,1.0,0.0,0.0,1.0,0.0
9,275,0.0,1.9243262030957928,0.0,0.0,0.0,1.0,0.0,1.0
10,275,0.0,0.9622251919894054,1.0,0.0,1.0,0.0,0.0,0.0
11,275,3.746384309581553,0.175679025640643,0.0,0.0,0.0,0.0,0.0,0.0
12,275,5.267712557499711,5.408314769148648,0.0,1.0,0.0,1.0,1.0,1.0
13,275,8.618975664290412,4.958120949739327,0.0,0.0,0.0,1.0,0.0,0.0
14,275,4.091188842449134,0.0,0.0,0.0,0.0,0.0,0.0,1.0
15,275,10.49270489834165,5.025630014748215,0.0,1.0,0.0,0.0,1.0,1.0
16,275,7.210910799132379,12.0,1.0,0.0,1.0,0.0,1.0,0.0
17,275,5.963408885871354,2.21559461473954,0.0,1.0,1.0,1.0,1.0,1.0
18,275,2.707992355511578,2.154704595683979,0.0,0.0,1.0,1.0,1.0,1.0
19,275,0.0,6.572976133654058,1.0,1.0,0.0,0.0,0.0,1.0
0,280,9.95783102637949,7.861447513504746,0.0,0.0,0.0,1.0,0.0,1.0
1,280,1.2817143547067609,7.591423652487333,0.0,0.0,0.0,0.0,0.0,0.0
2,280,7.453296367392665,1.158122748428942,1.0,0.0,1.0,1.0,0.0,1.0
3,280,5.400471498158957,7.901780739937231,0.0,0.0,0.0,0.0,0.0,0.0
4,280,9.174227053115322,5.873468317065534,1.0,1.0,1.0,0.0,0.0,1.0
5,280,1.851486038739508,11.517102591730607,0.0,0.0,0.0,0.0,1.0,0.0
6,280,3.505935768541425,7.038370468456022,1.0,1.0,1.0,0.0,1.0,0.0
7,280,9.90682353198776,6.450210699201104,0.0,0.0,0.0,0.0,1.0,1.0
8,280,8.1894086410081,0.1480700527262061,0.0,1.0,0.0,0.0,1.0,0.0
9,280,0.0,1.837370482175304,0.0,0.0,0.0,1.0,0.0,1.0
10,280,0.0,0.9788106256028218,1.0,0.0,1.0,0.0,0.0,0.0
11,280,3.759928762630953,0.2015005661353403,0.0,0.0,0.0,0.0,0.0,0.0
12,280,5.290771734439934,5.331147343959868,0.0,1.0,0.0,1.0,1.0,1.0
13,280,8.645381428149472,5.005542269101904,0.0,0.0,0.0,1.0,0.0,0.0
14,280,4.09130959370943,0.0,0.0,0.0,0.0,0.0,0.0,1.0
15,280,10.67912394140595,4.948567414076588,0.0,1.0,0.0,0.0,1.0,1.0
16,280,7.183725121604049,12.0,1.0,0.0,1.0,0.0,1.0,0.0
17,280,6.117108097279623,2.188757852708866,0.0,1.0,1.0,1.0,1.0,1.0
18,280,2.6273641672669896,2.1483725560919966,0.0,0.0,1.0,1.0,1.0,1.0
19,280,0.0,6.690172263320861,1.0,1.0,0.0,0.0,0.0,1.0
0,285,9.998126787754998,7.881096373785173,0.0,0.0,0.0,1.0,0.0,1.0
1,285,1.2848079054278698,7.58847611760196,0.0,0.0,0.0,0.0,0.0,0.0
2,285,7.479005313691807,1.1892900100146406,1.0,0.0,1.0,1.0,0.0,1.0
3,285,5.358816684542732,7.9166390528973025,0.0,0.0,0.0,0.0,0.0,0.0
4,285,9.131111852745397,5.932355315939648,1.0,1.0,1.0,0.0,0.0,1.0
5,285,1.7787544197113565,11.642203413700429,0.0,0.0,0.0,0.0,1.0,0.0
6,285,3.5440459099455413,7.092697131151986,1.0,1.0,1.0,0.0,1.0,0.0
7,285,9.926788165786874,6.537260798523262,0.0,0.0,0.0,0.0,1.0,1.0
8,285,8.166922129533287,0.1235004486417558,0.0,1.0,0.0,0.0,1.0,0.0
9,285,0.0,1.7551038571153823,0.0,0.0,0.0,1.0,0.0,1.0
10,285,0.0,0.9834000807840614,1.0,0.0,1.0,0.0,0.0,0.0
11,285,3.7713530333563967,0.2231720111009074,0.0,0.0,0.0,0.0,0.0,0.0
12,285,5.310523084000802,5.261892281823837,0.0,1.0,0.0,1.0,1.0,1.0
13,285,8.673748160969938,5.056011132740094,0.0,0.0,0.0,1.0,0.0,0.0
14,285,4.088977538701809,0.0,0.0,0.0,0.0,0.0,0.0,1.0
15,285,10.876571847004328,4.861945093334036,0.0,1.0,0.0,0.0,1.0,1.0
16,285,7.156857625442246,12.0,1.0,0.0,1.0,0.0,1.0,0.0
17,285,6.2775977600903685,2.161532454341026,0.0,1.0,1.0,1.0,1.0,1.0
18,285,2.5605917298745178,2.1408253137891613,0.0,0.0,1.0,1.0,1.0,1.0
19,285,0.0,6.80953844212205,1.0,1.0,0.0,0.0,0.0,1.0
0,290,10.074475104855328,7.918660073372637,0.0,0.0,0.0,1.0,0.0,1.0
1,290,1.298401429884654,7.576105594035414,0.0,0.0,0.0,0.0,0.0,0.0
2,290,7.513329725092152,1.230213885284598,1.0,0.0,1.0,1.0,0.0,1.0
3,290,5.305577899523907,7.935803248173684,0.0,0.0,0.0,0.0,0.0,0.0
4,290,9.088095661025314,5.990335284359567,1.0,1.0,1.0,0.0,0.0,1.0
5,290,1.704637464751596,11.773158779213162,0.0,0.0,0.0,0.0,1.0,0.0
6,290,3.5902474655918764,7.1599283268315554,1.0,1.0,1.0,0.0,1.0,0.0
7,290,9.949857456698137,6.639096795186144,0.0,0.0,0.0,0.0,1.0,1.0
8,290,8.131726033916037,0.0860291034037104,0.0,1.0,0.0,0.0,1.0,0.0
9,290,0.0,1.6818893932977672,0.0,0.0,0.0,1.0,0.0,1.0
10,290,0.0011790409247598,0.9783796988555238,1.0,0.0,1.0,0.0,0.0,0.0
11,290,3.7822192950981055,0.2438243717026682,0.0,0.0,0.0,0.0,0.0,0.0
12,290,5.332530888678582,5.189386035756764,0.0,1.0,0.0,1.0,1.0,1.0
13,290,8.714897899669,5.127358190105995,0.0,0.0,0.0,1.0,0.0,0.0
14,290,4.086884410988365,0.0,0.0,0.0,0.0,0.0,0.0,1.0
15,290,11.090472566708296,4.766290973249401,0.0,1.0,0.0,0.0,1.0,1.0
16,290,7.132611148922342,12.0,1.0,0.0,1.0,0.0,1.0,0.0
17,290,6.417918168336265,2.1411016392061177,0.0,1.0,1.0,1.0,1.0,1.0
18,290,2.4785075639846523,2.131848547864548,0.0,0.0,1.0,1.0,1.0,1.0
19,290,0.0,6.942372690338882,1.0,1.0,0.0,0.0,0.0,1.0
0,295,10.1691415042816,7.96561930308588,0.0,0.0,0.0,1.0,0.0,1.0
1,295,1.3057504102077968,7.569353904747035,0.0,0.0,0.0,0.0,0.0,0.0
2,295,7.548382635394408,1.2719221084763128,1.0,0.0,1.0,1.0,0.0,1.0
3,295,5.24742587870168,7.956287824175087,0.0,0.0,0.0,0.0,0.0,0.0
4,295,9.040688333876668,6.058327305522449,1.0,1.0,1.0,0.0,0.0,1.0
5,295,1.63087422301951,11.904593992226458,0.0,0.0,0.0,0.0,1.0,0.0
6,295,3.632028836906734,7.219932491292165,1.0,1.0,1.0,0.0,1.0,0.0
7,295,9.970232315298938,6.724503534374677,0.0,0.0,0.0,0.0,1.0,1.0
8,295,8.088683443544097,0.040289832414934,0.0,1.0,0.0,0.0,1.0,0.0
9,295,0.0,1.6095827861799206,0.0,0.0,0.0,1.0,0.0,1.0
10,295,0.0,0.9872932663771344,1.0,0.0,1.0,0.0,0.0,0.0
11,295,3.783497009489772,0.2461255696990276,0.0,0.0,0.0,0.0,0.0,0.0
12,295,5.351630294789628,5.122368310389328,0.0,1.0,0.0,1.0,1.0,1.0
13,295,8.756613235511534,5.198500691312259,0.0,0.0,0.0,1.0,0.0,0.0
14,295,4.085497288144578,0.0,0.0,0.0,0.0,0.0,0.0,1.0
15,295,11.28553953627382,4.68516027959526,0.0,1.0,0.0,0.0,1.0,1.0
16,295,7.1031710304963935,12.0,1.0,0.0,1.0,0.0,1.0,0.0
17,295,6.594412985292685,2.1145689435717245,0.0,1.0,1.0,1.0,1.0,1.0
18,295,2.37031969771943,2.122000427304997,0.0,0.0,1.0,1.0,1.0,1.0
19,295,0.0,7.085275621719718,1.0,1.0,0.0,0.0,0.0,1.0
