0,0,11.963669753589176,11.047081665304972,1.0,1.0,0.0,1.0,0.0,0.0
1,0,10.015911212070792,8.048940673179583,0.0,0.0,1.0,0.0,0.0,1.0
2,0,4.950863020936072,0.0,1.0,0.0,1.0,1.0,0.0,1.0
3,0,8.028991547450355,0.970534275538936,0.0,0.0,1.0,0.0,0.0,0.0
4,0,9.053563849832823,6.032467741991121,0.0,0.0,1.0,0.0,0.0,1.0
5,0,9.00701417573858,7.0730471175932825,0.0,1.0,1.0,0.0,1.0,0.0
6,0,11.946688500234751,6.980402156937371,0.0,0.0,1.0,0.0,0.0,1.0
7,0,11.97832508252598,2.9441176713696806,1.0,0.0,0.0,0.0,0.0,0.0
8,0,4.991386858479835,10.062721174136389,0.0,0.0,0.0,0.0,1.0,0.0
9,0,0.0603847929175838,1.0202959903048507,0.0,0.0,0.0,1.0,0.0,1.0
10,0,0.0244004825280229,2.9386316791439446,1.0,0.0,0.0,0.0,0.0,0.0
11,0,11.985713301412767,3.045516730205007,0.0,1.0,1.0,0.0,1.0,1.0
12,0,4.978449160685559,10.927252747533265,0.0,1.0,0.0,0.0,0.0,0.0
13,0,0.9422131633652108,5.01232167099401,0.0,1.0,0.0,0.0,0.0,0.0
14,0,3.98946608176113,0.0,0.0,0.0,1.0,0.0,0.0,0.0
15,0,6.9564166554848414,10.96592571849474,0.0,0.0,0.0,0.0,0.0,1.0
16,0,6.041317213997496,6.998070914052567,0.0,0.0,0.0,0.0,0.0,1.0
17,0,5.956343997839796,5.028271665706743,0.0,0.0,0.0,1.0,0.0,0.0
18,0,7.048172083825719,3.9897547623381335,0.0,1.0,1.0,0.0,0.0,1.0
19,0,11.93084430053088,7.972253689025607,1.0,0.0,0.0,1.0,0.0,0.0
20,0,3.946930869726456,6.006212204515808,0.0,0.0,1.0,1.0,0.0,0.0
21,0,1.0148412622312624,0.0,0.0,1.0,0.0,0.0,1.0,1.0
22,0,12.0,8.019888239387724,1.0,0.0,1.0,0.0,0.0,0.0
23,0,11.07040712656554,10.004507180001166,0.0,1.0,0.0,0.0,1.0,0.0
24,0,2.959147176432802,9.970856904160684,0.0,1.0,0.0,1.0,1.0,1.0
25,0,3.9503526355172296,8.9723679080283,1.0,0.0,0.0,0.0,0.0,0.0
26,0,10.058664141217204,7.011863738585068,0.0,0.0,1.0,1.0,1.0,0.0
27,0,3.978883517569704,0.0692582982297854,0.0,0.0,0.0,0.0,0.0,1.0
28,0,11.03216609348878,6.953066310907294,0.0,0.0,1.0,1.0,1.0,0.0
29,0,1.9640131545089183,10.97050953443634,0.0,1.0,0.0,0.0,0.0,1.0
0,5,11.92017699525366,11.103949844932815,1.0,1.0,0.0,1.0,0.0,0.0
1,5,10.038184551447523,8.118668784038684,0.0,0.0,1.0,0.0,0.0,1.0
2,5,4.91706478405525,0.0,1.0,0.0,1.0,1.0,0.0,1.0
3,5,8.041202089940372,0.9576285870394498,0.0,0.0,1.0,0.0,0.0,0.0
4,5,9.12088027845269,6.071886038014652,0.0,0.0,1.0,0.0,0.0,1.0
5,5,9.013777338669218,7.134632855493102,0.0,1.0,1.0,0.0,1.0,0.0
6,5,11.887915761217991,6.958865410507973,0.0,0.0,1.0,0.0,0.0,1.0
7,5,11.964391600292426,2.908488318011922,1.0,0.0,0.0,0.0,0.0,0.0
8,5,4.9808490947089945,10.14125792521279,0.0,0.0,0.0,0.0,1.0,0.0
9,5,0.1202873248737896,1.041102484718328,0.0,0.0,0.0,1.0,0.0,1.0
10,5,0.0492987509031272,2.879311714669685,1.0,0.0,0.0,0.0,0.0,0.0
11,5,11.969043536013665,3.095592641541241,0.0,1.0,1.0,0.0,1.0,1.0
12,5,4.956854742615827,10.854458065898433,0.0,1.0,0.0,0.0,0.0,0.0
13,5,0.8800720712748208,5.027880634554823,0.0,1.0,0.0,0.0,0.0,0.0
14,5,3.979235475575887,0.0,0.0,0.0,1.0,0.0,0.0,0.0
15,5,6.916660867384079,10.934784970892418,0.0,0.0,0.0,0.0,0.0,1.0
16,5,6.0839101195472365,6.996433915531993,0.0,0.0,0.0,0.0,0.0,1.0
17,5,5.913714885478003,5.055948548307177,0.0,0.0,0.0,1.0,0.0,0.0
18,5,7.123330899807094,3.974951462007834,0.0,1.0,1.0,0.0,0.0,1.0
19,5,11.865831731557671,7.946109012848607,1.0,0.0,0.0,1.0,0.0,0.0
20,5,3.8917850700417818,6.012276392981498,0.0,0.0,1.0,1.0,0.0,0.0
21,5,1.0303398130410666,0.0,0.0,1.0,0.0,0.0,1.0,1.0
22,5,12.0,8.038897624118224,1.0,0.0,1.0,0.0,0.0,0.0
23,5,11.120848561321749,10.008747470455694,0.0,1.0,0.0,0.0,1.0,0.0
24,5,2.9300778092912934,9.95008749936052,0.0,1.0,0.0,1.0,1.0,1.0
25,5,3.901658500940047,8.945812695046733,1.0,0.0,0.0,0.0,0.0,0.0
26,5,10.12334272878,7.027558835036751,0.0,0.0,1.0,1.0,1.0,0.0
27,5,3.96143678615588,0.1216256390272097,0.0,0.0,0.0,0.0,0.0,1.0
28,5,11.052275717478906,6.925193897444597,0.0,0.0,1.0,1.0,1.0,0.0
29,5,1.916052350077888,10.933219353064306,0.0,1.0,0.0,0.0,0.0,1.0
0,10,11.868045195082043,11.16878243744894,1.0,1.0,0.0,1.0,0.0,0.0
1,10,10.068844672181273,8.215350406818844,0.0,0.0,1.0,0.0,0.0,1.0
2,10,4.897018262776462,0.0,1.0,0.0,1.0,1.0,0.0,1.0
3,10,8.034492978698824,0.9649445470073368,0.0,0.0,1.0,0.0,0.0,0.0
4,10,9.199065543411852,6.117591995053425,0.0,0.0,1.0,0.0,0.0,1.0
5,10,9.021112104413469,7.20371916913806,0.0,1.0,1.0,0.0,1.0,0.0
6,10,11.830356749188237,6.939380945410327,0.0,0.0,1.0,0.0,0.0,1.0
7,10,11.95665594108022,2.888629462915385,1.0,0.0,0.0,0.0,0.0,0.0
8,10,4.969397767757614,10.210909060055195,0.0,0.0,0.0,0.0,1.0,0.0
9,10,0.169697338180741,1.0585488082688654,0.0,0.0,0.0,1.0,0.0,1.0
10,10,0.0689605788727667,2.832926476253172,1.0,0.0,0.0,0.0,0.0,0.0
11,10,11.954991151321906,3.140451628999125,0.0,1.0,1.0,0.0,1.0,1.0
12,10,4.944886937424821,10.813876512590676,0.0,1.0,0.0,0.0,0.0,0.0
13,10,0.8067161778840265,5.045851255738409,0.0,1.0,0.0,0.0,0.0,0.0
14,10,3.9726191100719697,0.0,0.0,0.0,1.0,0.0,0.0,0.0
15,10,6.886688762658499,10.910820334934176,0.0,0.0,0.0,0.0,0.0,1.0
16,10,6.131310680591154,6.992982554360764,0.0,0.0,0.0,0.0,0.0,1.0
17,10,5.867947018248246,5.084645155167081,0.0,0.0,0.0,1.0,0.0,0.0
18,10,7.204628896240068,3.959124656177336,0.0,1.0,1.0,0.0,0.0,1.0
19,10,11.796508781676454,7.918068971372873,1.0,0.0,0.0,1.0,0.0,0.0
20,10,3.820310779345007,6.019307174161143,0.0,0.0,1.0,1.0,0.0,0.0
21,10,0.9986484121082236,0.0,0.0,1.0,0.0,0.0,1.0,1.0
22,10,12.0,8.060591742674731,1.0,0.0,1.0,0.0,0.0,0.0
23,10,11.179667951823571,10.015363861310586,0.0,1.0,0.0,0.0,1.0,0.0
24,10,2.88629736045088,9.91917610103352,0.0,1.0,0.0,1.0,1.0,1.0
25,10,3.8587786830177935,8.921284945742363,1.0,0.0,0.0,0.0,0.0,0.0
26,10,10.194259205415538,7.044127658810591,0.0,0.0,1.0,1.0,1.0,0.0
27,10,3.94825171159708,0.1616206595449263,0.0,0.0,0.0,0.0,0.0,1.0
28,10,11.093489726693246,6.866802308433951,0.0,0.0,1.0,1.0,1.0,0.0
29,10,1.8743422595784915,10.9009832859729,0.0,1.0,0.0,0.0,0.0,1.0
0,15,11.811999568441127,11.235544863077267,1.0,1.0,0.0,1.0,0.0,0.0
1,15,10.100379838745065,8.320476584006768,0.0,0.0,1.0,0.0,0.0,1.0
2,15,4.884307761572961,0.0,1.0,0.0,1.0,1.0,0.0,1.0
3,15,8.033327896637763,0.9662152915854488,0.0,0.0,1.0,0.0,0.0,0.0
4,15,9.280067424155837,6.167145696612432,0.0,0.0,1.0,0.0,0.0,1.0
5,15,9.027283112063156,7.264617450545854,0.0,1.0,1.0,0.0,1.0,0.0
6,15,11.788505690176883,6.925444806023782,0.0,0.0,1.0,0.0,0.0,1.0
7,15,11.951101586634191,2.8746472796686944,1.0,0.0,0.0,0.0,0.0,0.0
8,15,4.957863736916576,10.300289190640072,0.0,0.0,0.0,0.0,1.0,0.0
9,15,0.23382258787909,1.082948480942107,0.0,0.0,0.0,1.0,0.0,1.0
10,15,0.0803790211636307,2.8060809188731994,1.0,0.0,0.0,0.0,0.0,0.0
11,15,11.937313223483452,3.194542139982658,0.0,1.0,1.0,0.0,1.0,1.0
12,15,4.942200130426286,10.804153502500435,0.0,1.0,0.0,0.0,0.0,0.0
13,15,0.7364552092717481,5.061731450400662,0.0,1.0,0.0,0.0,0.0,0.0
14,15,3.963314547111856,0.0,0.0,0.0,1.0,0.0,0.0,0.0
15,15,6.83359560489175,10.867554478867085,0.0,0.0,0.0,0.0,0.0,1.0
16,15,6.193037624919346,6.988097213054645,0.0,0.0,0.0,0.0,0.0,1.0
17,15,5.827966706336163,5.11014589759709,0.0,0.0,0.0,1.0,0.0,0.0
18,15,7.317101157737359,3.936017762349516,0.0,1.0,1.0,0.0,0.0,1.0
19,15,11.720151725614686,7.885410293453526,1.0,0.0,0.0,1.0,0.0,0.0
20,15,3.7445049293131625,6.027028454412764,0.0,0.0,1.0,1.0,0.0,0.0
21,15,0.9782224584021352,0.0,0.0,1.0,0.0,0.0,1.0,1.0
22,15,12.0,8.073104679451058,1.0,0.0,1.0,0.0,0.0,0.0
23,15,11.251471798206472,10.023333717670944,0.0,1.0,0.0,0.0,1.0,0.0
24,15,2.8369627121244387,9.883301867625075,0.0,1.0,0.0,1.0,1.0,1.0
25,15,3.8003261795085512,8.889189375583145,1.0,0.0,0.0,0.0,0.0,0.0
26,15,10.254566542752787,7.056952440625843,0.0,0.0,1.0,1.0,1.0,0.0
27,15,3.936393873779668,0.1985791179342997,0.0,0.0,0.0,0.0,0.0,1.0
28,15,11.145106338218593,6.790140997921481,0.0,0.0,1.0,1.0,1.0,0.0
29,15,1.8530629683886064,10.885420841159974,0.0,1.0,0.0,0.0,0.0,1.0
0,20,11.753357818388288,11.30668914562809,1.0,1.0,0.0,1.0,0.0,0.0
1,20,10.136993217795984,8.461912317211695,0.0,0.0,1.0,0.0,0.0,1.0
2,20,4.870476136479026,0.0,1.0,0.0,1.0,1.0,0.0,1.0
3,20,8.040735192514227,0.9578526729397928,0.0,0.0,1.0,0.0,0.0,0.0
4,20,9.377139873595626,6.227454183530414,0.0,0.0,1.0,0.0,0.0,1.0
5,20,9.030684134242188,7.302889043660752,0.0,1.0,1.0,0.0,1.0,0.0
6,20,11.73415713299504,6.908039078867503,0.0,0.0,1.0,0.0,0.0,1.0
7,20,11.953589757767167,2.8810556480820897,1.0,0.0,0.0,0.0,0.0,0.0
8,20,4.944219447104216,10.39056083407793,0.0,0.0,0.0,0.0,1.0,0.0
9,20,0.3074772467322167,1.1095410133577035,0.0,0.0,0.0,1.0,0.0,1.0
10,20,0.0896001777946493,2.785565241802753,1.0,0.0,0.0,0.0,0.0,0.0
11,20,11.921299836396289,3.2397692483089484,0.0,1.0,1.0,0.0,1.0,1.0
12,20,4.948465308540465,10.826524255662871,0.0,1.0,0.0,0.0,0.0,0.0
13,20,0.6582587978631138,5.079762747024281,0.0,1.0,0.0,0.0,0.0,0.0
14,20,3.956260223740343,0.0,0.0,0.0,1.0,0.0,0.0,0.0
15,20,6.792190555564096,10.834028141301587,0.0,0.0,0.0,0.0,0.0,1.0
16,20,6.268632957140718,6.980121388215345,0.0,0.0,0.0,0.0,0.0,1.0
17,20,5.799385746148821,5.128270113944004,0.0,0.0,0.0,1.0,0.0,0.0
18,20,7.448134203383567,3.913172259434986,0.0,1.0,1.0,0.0,0.0,1.0
19,20,11.635285597166211,7.844911197443151,1.0,0.0,0.0,1.0,0.0,0.0
20,20,3.67618138050293,6.035388744402009,0.0,0.0,1.0,1.0,0.0,0.0
21,20,0.9552571901029544,0.0,0.0,1.0,0.0,0.0,1.0,1.0
22,20,12.0,8.086866004226234,1.0,0.0,1.0,0.0,0.0,0.0
23,20,11.337514780534814,10.033172292334571,0.0,1.0,0.0,0.0,1.0,0.0
24,20,2.787400478716384,9.848446599300177,0.0,1.0,0.0,1.0,1.0,1.0
25,20,3.744391377389084,8.859619165684556,1.0,0.0,0.0,0.0,0.0,0.0
26,20,10.3283073248001,7.074894382818163,0.0,0.0,1.0,1.0,1.0,0.0
27,20,3.9244419979029375,0.2365618675044965,0.0,0.0,0.0,0.0,0.0,1.0
28,20,11.213801809835685,6.684946947280904,0.0,0.0,1.0,1.0,1.0,0.0
29,20,1.8349350625986485,10.872622250425342,0.0,1.0,0.0,0.0,0.0,1.0
0,25,11.70457182131148,11.363993691890752,1.0,1.0,0.0,1.0,0.0,0.0
1,25,10.17840567076362,8.617049906200474,0.0,0.0,1.0,0.0,0.0,1.0
2,25,4.856961804785327,0.0,1.0,0.0,1.0,1.0,0.0,1.0
3,25,8.029429473637338,0.9706397616051288,0.0,0.0,1.0,0.0,0.0,0.0
4,25,9.476822043324944,6.289759655748973,0.0,0.0,1.0,0.0,0.0,1.0
5,25,9.033000793385488,7.338163727662376,0.0,1.0,1.0,0.0,1.0,0.0
6,25,11.689258789404793,6.895126668322369,0.0,0.0,1.0,0.0,0.0,1.0
7,25,11.951727828265923,2.8765573959260204,1.0,0.0,0.0,0.0,0.0,0.0
8,25,4.929903843538891,10.479901680193596,0.0,0.0,0.0,0.0,1.0,0.0
9,25,0.3896452984428817,1.1421065313695995,0.0,0.0,0.0,1.0,0.0,1.0
10,25,0.0964713120208042,2.7700090585000687,1.0,0.0,0.0,0.0,0.0,0.0
11,25,11.911689940185886,3.265390141731917,0.0,1.0,1.0,0.0,1.0,1.0
12,25,4.953980796833767,10.84463601855762,0.0,1.0,0.0,0.0,0.0,0.0
13,25,0.5494600065648987,5.1045342061491885,0.0,1.0,0.0,0.0,0.0,0.0
14,25,3.945320932158212,0.0,0.0,0.0,1.0,0.0,0.0,0.0
15,25,6.748017808660041,10.79977381645541,0.0,0.0,0.0,0.0,0.0,1.0
16,25,6.3203014140695,6.973711088933911,0.0,0.0,0.0,0.0,0.0,1.0
17,25,5.770069226424445,5.1457730897609615,0.0,0.0,0.0,1.0,0.0,0.0
18,25,7.5623323447244415,3.892285273400996,0.0,1.0,1.0,0.0,0.0,1.0
19,25,11.56621348206684,7.810314754658048,1.0,0.0,0.0,1.0,0.0,0.0
20,25,3.604581166333791,6.04427763794234,0.0,0.0,1.0,1.0,0.0,0.0
21,25,0.9335750801831868,0.0,0.0,1.0,0.0,0.0,1.0,1.0
22,25,12.0,8.098850341453263,1.0,0.0,1.0,0.0,0.0,0.0
23,25,11.431741405423931,10.04522109355552,0.0,1.0,0.0,0.0,1.0,0.0
24,25,2.721748391559735,9.80172257087029,0.0,1.0,0.0,1.0,1.0,1.0
25,25,3.6759859951586895,8.821705812348622,1.0,0.0,0.0,0.0,0.0,0.0
26,25,10.427508311506225,7.1010737324995326,0.0,0.0,1.0,1.0,1.0,0.0
27,25,3.9120405785019408,0.2794829826345718,0.0,0.0,0.0,0.0,0.0,1.0
28,25,11.282068462386263,6.575892544402598,0.0,0.0,1.0,1.0,1.0,0.0
29,25,1.8314868797468573,10.870100985540384,0.0,1.0,0.0,0.0,0.0,1.0
0,30,11.67270580094242,11.402104022915069,1.0,1.0,0.0,1.0,0.0,0.0
1,30,10.222194295237546,8.771438868654538,0.0,0.0,1.0,0.0,0.0,1.0
2,30,4.84785620407149,0.0,1.0,0.0,1.0,1.0,0.0,1.0
3,30,8.013041755095351,0.98908317576879,0.0,0.0,1.0,0.0,0.0,0.0
4,30,9.607411934344414,6.368979461136369,0.0,0.0,1.0,0.0,0.0,1.0
5,30,9.034906608991658,7.370131387146578,0.0,1.0,1.0,0.0,1.0,0.0
6,30,11.672786672960225,6.8904363444918735,0.0,0.0,1.0,0.0,0.0,1.0
7,30,11.94258131595399,2.8556118317391936,1.0,0.0,0.0,0.0,0.0,0.0
8,30,4.829721288644494,10.464771051425528,0.0,0.0,0.0,0.0,1.0,0.0
9,30,0.4192218785257847,1.0696641461361995,0.0,0.0,0.0,1.0,0.0,1.0
10,30,0.1086531821723504,2.7420314634961382,1.0,0.0,0.0,0.0,0.0,0.0
11,30,11.901281266696978,3.2941789083635795,0.0,1.0,1.0,0.0,1.0,1.0
12,30,4.957605770562268,10.85698594647256,0.0,1.0,0.0,0.0,0.0,0.0
13,30,0.4330439804552846,5.129491872676457,0.0,1.0,0.0,0.0,0.0,0.0
14,30,3.933241832490173,0.0,0.0,0.0,1.0,0.0,0.0,0.0
15,30,6.709128924588146,10.770403011659868,0.0,0.0,0.0,0.0,0.0,1.0
16,30,6.377246199632534,6.966634704100369,0.0,0.0,0.0,0.0,0.0,1.0
17,30,5.750278376728076,5.112480578379692,0.0,0.0,0.0,1.0,0.0,0.0
18,30,7.6926570100739475,3.866930757188544,0.0,1.0,1.0,0.0,0.0,1.0
19,30,11.47384812334863,7.767428977897357,1.0,0.0,0.0,1.0,0.0,0.0
20,30,3.5377610377059603,6.052166131801645,0.0,0.0,1.0,1.0,0.0,0.0
21,30,0.9168493004930988,0.0,0.0,1.0,0.0,0.0,1.0,1.0
22,30,12.0,8.107335752774437,1.0,0.0,1.0,0.0,0.0,0.0
23,30,11.534614588541952,10.061759017637549,0.0,1.0,0.0,0.0,1.0,0.0
24,30,2.653750145639562,9.753526465013522,0.0,1.0,0.0,1.0,1.0,1.0
25,30,3.6004178757887524,8.776082318456858,1.0,0.0,0.0,0.0,0.0,0.0
26,30,10.500930757830576,7.119954924890907,0.0,0.0,1.0,1.0,1.0,0.0
27,30,3.904175634485776,0.305653410604478,0.0,0.0,0.0,0.0,0.0,1.0
28,30,11.347453163977178,6.468097863509324,0.0,0.0,1.0,1.0,1.0,0.0
29,30,1.8146928076244149,10.85779985719758,0.0,1.0,0.0,0.0,0.0,1.0
0,35,11.63751121291143,11.444211846275474,1.0,1.0,0.0,1.0,0.0,0.0
1,35,10.265379541960362,8.925489549221853,0.0,0.0,1.0,0.0,0.0,1.0
2,35,4.835843507316012,0.0,1.0,0.0,1.0,1.0,0.0,1.0
3,35,8.006960223405413,0.9958964883592216,0.0,0.0,1.0,0.0,0.0,0.0
4,35,9.748424162090052,6.450372677067861,0.0,0.0,1.0,0.0,0.0,1.0
5,35,9.036712721853768,7.397970574699348,0.0,1.0,1.0,0.0,1.0,0.0
6,35,11.640347959578277,6.879002802628449,0.0,0.0,1.0,0.0,0.0,1.0
7,35,11.935770877654038,2.839154776815387,1.0,0.0,0.0,0.0,0.0,0.0
8,35,4.734776005324691,10.451410705057162,0.0,0.0,0.0,0.0,1.0,0.0
9,35,0.4461867478277194,1.007164705218166,0.0,0.0,0.0,1.0,0.0,1.0
10,35,0.1221589965345444,2.7111573536369007,1.0,0.0,0.0,0.0,0.0,0.0
11,35,11.896775308163823,3.307191602772341,0.0,1.0,1.0,0.0,1.0,1.0
12,35,4.963020288290688,10.875318752454838,0.0,1.0,0.0,0.0,0.0,0.0
13,35,0.3111115944245517,5.15546609944522,0.0,1.0,0.0,0.0,0.0,0.0
14,35,3.923755505619768,0.0,0.0,0.0,1.0,0.0,0.0,0.0
15,35,6.673314272854087,10.74419852348534,0.0,0.0,0.0,0.0,0.0,1.0
16,35,6.435897687618232,6.960717818870735,0.0,0.0,0.0,0.0,0.0,1.0
17,35,5.731414732446236,5.080594562986416,0.0,0.0,0.0,1.0,0.0,0.0
18,35,7.822000727255699,3.841192218115735,0.0,1.0,1.0,0.0,0.0,1.0
19,35,11.378913643165609,7.721437146443018,1.0,0.0,0.0,1.0,0.0,0.0
20,35,3.490709957021767,6.058861502024142,0.0,0.0,1.0,1.0,0.0,0.0
21,35,0.8982360561316913,0.0,0.0,1.0,0.0,0.0,1.0,1.0
22,35,12.0,8.11458753772282,1.0,0.0,1.0,0.0,0.0,0.0
23,35,11.64809818358964,10.075704081862373,0.0,1.0,0.0,0.0,1.0,0.0
24,35,2.584685458658039,9.706476991098851,0.0,1.0,0.0,1.0,1.0,1.0
25,35,3.5359835838005598,8.736905775388879,1.0,0.0,0.0,0.0,0.0,0.0
26,35,10.606296924804212,7.14688047005478,0.0,0.0,1.0,1.0,1.0,0.0
27,35,3.896283667622697,0.3296914340105125,0.0,0.0,0.0,0.0,0.0,1.0
28,35,11.418081769421832,6.357431999915738,0.0,0.0,1.0,1.0,1.0,0.0
29,35,1.7889871090238254,10.8390522666913,0.0,1.0,0.0,0.0,0.0,1.0
0,40,11.610363496218852,11.477284604174542,1.0,1.0,0.0,1.0,0.0,0.0
1,40,10.311537318653697,9.082719469807934,0.0,0.0,1.0,0.0,0.0,1.0
2,40,4.841241332779298,0.0012186218202725,1.0,0.0,1.0,1.0,0.0,1.0
3,40,8.002007315911019,1.0014164763310738,0.0,0.0,1.0,0.0,0.0,0.0
4,40,9.904572417314572,6.536616919726739,0.0,0.0,1.0,0.0,0.0,1.0
5,40,9.038385508540165,7.421966032533755,0.0,1.0,1.0,0.0,1.0,0.0
6,40,11.595368758968748,6.864075853536141,0.0,0.0,1.0,0.0,0.0,1.0
7,40,11.93894091650617,2.847375039668248,1.0,0.0,0.0,0.0,0.0,0.0
8,40,4.653828799369308,10.438981221038514,0.0,0.0,0.0,0.0,1.0,0.0
9,40,0.4742357463010461,0.9444154311276296,0.0,0.0,0.0,1.0,0.0,1.0
10,40,0.1472009345208406,2.654625390885226,1.0,0.0,0.0,0.0,0.0,0.0
11,40,11.892267153513908,3.320163903083825,0.0,1.0,1.0,0.0,1.0,1.0
12,40,4.972014739967684,10.907318052845516,0.0,1.0,0.0,0.0,0.0,0.0
13,40,0.1785505333063835,5.183489519605115,0.0,1.0,0.0,0.0,0.0,0.0
14,40,3.915263690040697,0.0,0.0,0.0,1.0,0.0,0.0,0.0
15,40,6.63427825220224,10.715169011694751,0.0,0.0,0.0,0.0,0.0,1.0
16,40,6.498348367571013,6.955588717140096,0.0,0.0,0.0,0.0,0.0,1.0
17,40,5.702838163194665,5.033712509233092,0.0,0.0,0.0,1.0,0.0,0.0
18,40,7.978984661609646,3.81296320740978,0.0,1.0,1.0,0.0,0.0,1.0
19,40,11.262113231752576,7.66471699190418,1.0,0.0,0.0,1.0,0.0,0.0
20,40,3.4488445809454764,6.063458513014863,0.0,0.0,1.0,1.0,0.0,0.0
21,40,0.865956348700664,0.0,0.0,1.0,0.0,0.0,1.0,1.0
22,40,12.0,8.125052883972263,1.0,0.0,1.0,0.0,0.0,0.0
23,40,11.754230812846542,10.087287395677755,0.0,1.0,0.0,0.0,1.0,0.0
24,40,2.524244056429741,9.666476844558415,0.0,1.0,0.0,1.0,1.0,1.0
25,40,3.4710577028621863,8.700188995307865,1.0,0.0,0.0,0.0,0.0,0.0
26,40,10.6959724869102,7.168360066369644,0.0,0.0,1.0,1.0,1.0,0.0
27,40,3.8906072135305942,0.3461027160254563,0.0,0.0,0.0,0.0,0.0,1.0
28,40,11.49588353020812,6.241960398220491,0.0,0.0,1.0,1.0,1.0,0.0
29,40,1.773117064284509,10.827480635288325,0.0,1.0,0.0,0.0,0.0,1.0
0,45,11.593205153958229,11.497674661287878,1.0,1.0,0.0,1.0,0.0,0.0
1,45,10.35460668301314,9.22937721089276,0.0,0.0,1.0,0.0,0.0,1.0
2,45,4.833164903809861,0.0,1.0,0.0,1.0,1.0,0.0,1.0
3,45,7.997005150522042,1.0071960383737033,0.0,0.0,1.0,0.0,0.0,0.0
4,45,10.068410435953124,6.6247574083719485,0.0,0.0,1.0,0.0,0.0,1.0
5,45,9.039975063629738,7.448450468575345,0.0,1.0,1.0,0.0,1.0,0.0
6,45,11.556889040076268,6.85187480752039,0.0,0.0,1.0,0.0,0.0,1.0
7,45,11.939002044962844,2.847538348946365,1.0,0.0,0.0,0.0,0.0,0.0
8,45,4.668632882205201,10.357018103467045,0.0,0.0,0.0,0.0,1.0,0.0
9,45,0.4119038206905443,0.9151757375289802,0.0,0.0,0.0,1.0,0.0,1.0
10,45,0.1727994380426639,2.596277749082313,1.0,0.0,0.0,0.0,0.0,0.0
11,45,11.889824529689276,3.328214804270832,0.0,1.0,1.0,0.0,1.0,1.0
12,45,4.974633145961647,10.917349661001504,0.0,1.0,0.0,0.0,0.0,0.0
13,45,0.0591195626128262,5.204825789406809,0.0,1.0,0.0,0.0,0.0,0.0
14,45,3.909277492938138,0.0,0.0,0.0,1.0,0.0,0.0,0.0
15,45,6.588954749844797,10.68097720598262,0.0,0.0,0.0,0.0,0.0,1.0
16,45,6.567209514479559,6.949714024481036,0.0,0.0,0.0,0.0,0.0,1.0
17,45,5.671101797548467,4.983728696957891,0.0,0.0,0.0,1.0,0.0,0.0
18,45,8.121965593751467,3.785675091830288,0.0,1.0,1.0,0.0,0.0,1.0
19,45,11.145805659173469,7.609479006939231,1.0,0.0,0.0,1.0,0.0,0.0
20,45,3.4102438677935107,6.067383634978468,0.0,0.0,1.0,1.0,0.0,0.0
21,45,0.8320819972906738,0.0,0.0,1.0,0.0,0.0,1.0,1.0
22,45,12.0,8.134422064946747,1.0,0.0,1.0,0.0,0.0,0.0
23,45,11.889755937893671,10.105013119675611,0.0,1.0,0.0,0.0,1.0,0.0
24,45,2.4694836269738265,9.629912118367502,0.0,1.0,0.0,1.0,1.0,1.0
25,45,3.4032140043519097,8.661797469817536,1.0,0.0,0.0,0.0,0.0,0.0
26,45,10.785179471429398,7.188364675914435,0.0,0.0,1.0,1.0,1.0,0.0
27,45,3.888477577444394,0.3529628828732099,0.0,0.0,0.0,0.0,0.0,1.0
28,45,11.569386057431492,6.132275720609088,0.0,0.0,1.0,1.0,1.0,0.0
29,45,1.7569186837308102,10.849536544833873,0.0,1.0,0.0,0.0,0.0,1.0
0,50,11.583972799798552,11.508998528381548,1.0,1.0,0.0,1.0,0.0,0.0
1,50,10.401333394120591,9.39189789446533,0.0,0.0,1.0,0.0,0.0,1.0
2,50,4.809269208861375,0.0,1.0,0.0,1.0,1.0,0.0,1.0
3,50,7.98700500888801,1.0187178723287516,0.0,0.0,1.0,0.0,0.0,0.0
4,50,10.224963648062726,6.709545341488434,0.0,0.0,1.0,0.0,0.0,1.0
5,50,9.04181719540309,7.467976298195779,0.0,1.0,1.0,0.0,1.0,0.0
6,50,11.51852577190701,6.84034319942867,0.0,0.0,1.0,0.0,0.0,1.0
7,50,11.9338056587851,2.83289212093866,1.0,0.0,0.0,0.0,0.0,0.0
8,50,4.677699580589617,10.293316169635265,0.0,0.0,0.0,0.0,1.0,0.0
9,50,0.3657742729546416,0.8932873804399326,0.0,0.0,0.0,1.0,0.0,1.0
10,50,0.1913989896169838,2.555699536298744,1.0,0.0,0.0,0.0,0.0,0.0
11,50,11.882060713071091,3.353028445414767,0.0,1.0,1.0,0.0,1.0,1.0
12,50,4.977830528549556,10.930290278359012,0.0,1.0,0.0,0.0,0.0,0.0
13,50,0.0,5.22728033544523,0.0,1.0,0.0,0.0,0.0,0.0
14,50,3.903481670964096,0.0,0.0,0.0,1.0,0.0,0.0,0.0
15,50,6.545658543089648,10.649176940078792,0.0,0.0,0.0,0.0,0.0,1.0
16,50,6.63920912108528,6.942241619280924,0.0,0.0,0.0,0.0,0.0,1.0
17,50,5.638784361116758,4.9324349225564745,0.0,0.0,0.0,1.0,0.0,0.0
18,50,8.274521943561602,3.7564831810070576,0.0,1.0,1.0,0.0,0.0,1.0
19,50,11.032422483377044,7.555669252776837,1.0,0.0,0.0,1.0,0.0,0.0
20,50,3.354460055348871,6.073361550977644,0.0,0.0,1.0,1.0,0.0,0.0
21,50,0.8289913087849546,0.0,0.0,1.0,0.0,0.0,1.0,1.0
22,50,12.0,8.139106039936895,1.0,0.0,1.0,0.0,0.0,0.0
23,50,11.989978985031447,10.11734994100688,0.0,1.0,0.0,0.0,1.0,0.0
24,50,2.4197601078235342,9.595970817563876,0.0,1.0,0.0,1.0,1.0,1.0
25,50,3.3322560557979384,8.618312201300496,1.0,0.0,0.0,0.0,0.0,0.0
26,50,10.867822179331958,7.204795804430592,0.0,0.0,1.0,1.0,1.0,0.0
27,50,3.884501636029293,0.3653789654925268,0.0,0.0,0.0,0.0,0.0,1.0
28,50,11.655504428943344,6.003008223135342,0.0,0.0,1.0,1.0,1.0,0.0
29,50,1.747635642258562,10.862681724981888,0.0,1.0,0.0,0.0,0.0,1.0
0,55,11.58387010550354,11.509123224185904,1.0,1.0,0.0,1.0,0.0,0.0
1,55,10.448519038957128,9.563222795496731,0.0,0.0,1.0,0.0,0.0,1.0
2,55,4.777576931374019,0.0,1.0,0.0,1.0,1.0,0.0,1.0
3,55,7.975373115832344,1.0316321615663702,0.0,0.0,1.0,0.0,0.0,0.0
4,55,10.394569338951037,6.804606851091417,0.0,0.0,1.0,0.0,0.0,1.0
5,55,9.042509862796992,7.473726912533255,0.0,1.0,1.0,0.0,1.0,0.0
6,55,11.46861271759915,6.825369963438202,0.0,0.0,1.0,0.0,0.0,1.0
7,55,11.933782761793664,2.832825310806014,1.0,0.0,0.0,0.0,0.0,0.0
8,55,4.683769442934988,10.247972556185902,0.0,0.0,0.0,0.0,1.0,0.0
9,55,0.3132604422505328,0.8676772210366931,0.0,0.0,0.0,1.0,0.0,1.0
10,55,0.2037495391865303,2.5280966995385863,1.0,0.0,0.0,0.0,0.0,0.0
11,55,11.872741533586808,3.3809957538043047,0.0,1.0,1.0,0.0,1.0,1.0
12,55,4.9808401828156565,10.94188052028622,0.0,1.0,0.0,0.0,0.0,0.0
13,55,0.0,5.246433950100506,0.0,1.0,0.0,0.0,0.0,0.0
14,55,3.8954534620391583,0.0,0.0,0.0,1.0,0.0,0.0,0.0
15,55,6.510132156947881,10.622112257149466,0.0,0.0,0.0,0.0,0.0,1.0
16,55,6.727558864347638,6.933401239576804,0.0,0.0,0.0,0.0,0.0,1.0
17,55,5.615470466818836,4.896101172864493,0.0,0.0,0.0,1.0,0.0,0.0
18,55,8.422254976664547,3.7282551732458287,0.0,1.0,1.0,0.0,0.0,1.0
19,55,10.896488024185723,7.491138732984568,1.0,0.0,0.0,1.0,0.0,0.0
20,55,3.3019953520106875,6.077952487403085,0.0,0.0,1.0,1.0,0.0,0.0
21,55,0.8395304384572496,0.0039327490538043,0.0,1.0,0.0,0.0,1.0,1.0
22,55,12.0,8.141970109860132,1.0,0.0,1.0,0.0,0.0,0.0
23,55,12.0,10.129888932132364,0.0,1.0,0.0,0.0,1.0,0.0
24,55,2.377990382212295,9.567100679719257,0.0,1.0,0.0,1.0,1.0,1.0
25,55,3.262333902161448,8.577216914673372,1.0,0.0,0.0,0.0,0.0,0.0
26,55,10.930060826741682,7.216693227115335,0.0,0.0,1.0,1.0,1.0,0.0
27,55,3.878516148910709,0.3847717741671517,0.0,0.0,0.0,0.0,0.0,1.0
28,55,11.732965226784223,5.884253503736121,0.0,0.0,1.0,1.0,1.0,0.0
29,55,1.743879997072992,10.867780791582634,0.0,1.0,0.0,0.0,0.0,1.0
0,60,11.5824882389922,11.51084642611911,1.0,1.0,0.0,1.0,0.0,0.0
1,60,10.495309335318543,9.721963984978848,0.0,0.0,1.0,0.0,0.0,1.0
2,60,4.722702472774258,0.0,1.0,0.0,1.0,1.0,0.0,1.0
3,60,7.965268617116013,1.0421792980440987,0.0,0.0,1.0,0.0,0.0,0.0
4,60,10.541977813970789,6.882537733254112,0.0,0.0,1.0,0.0,0.0,1.0
5,60,9.044186957310211,7.487822862167626,0.0,1.0,1.0,0.0,1.0,0.0
6,60,11.41534479619006,6.8083250068464185,0.0,0.0,1.0,0.0,0.0,1.0
7,60,11.927580276599617,2.814195521867209,1.0,0.0,0.0,0.0,0.0,0.0
8,60,4.689669699963073,10.201848655853247,0.0,0.0,0.0,0.0,1.0,0.0
9,60,0.2699507050577425,0.8481428875806264,0.0,0.0,0.0,1.0,0.0,1.0
10,60,0.2157559353528811,2.502699229211133,1.0,0.0,0.0,0.0,0.0,0.0
11,60,11.866981154277028,3.398200120951938,0.0,1.0,1.0,0.0,1.0,1.0
12,60,4.98181838457373,10.94570110502263,0.0,1.0,0.0,0.0,0.0,0.0
13,60,0.0,5.268779587846164,0.0,1.0,0.0,0.0,0.0,0.0
14,60,3.889540141419394,0.0,0.0,0.0,1.0,0.0,0.0,0.0
15,60,6.474409375654438,10.593962591917254,0.0,0.0,0.0,0.0,0.0,1.0
16,60,6.721712994096414,6.859889711028446,0.0,0.0,0.0,0.0,0.0,1.0
17,60,5.595490776283517,4.865608568053927,0.0,0.0,0.0,1.0,0.0,0.0
18,60,8.563850420951773,3.700416937547356,0.0,1.0,1.0,0.0,0.0,1.0
19,60,10.754355506533985,7.425089893946797,1.0,0.0,0.0,1.0,0.0,0.0
20,60,3.263541978547652,6.08295154809481,0.0,0.0,1.0,1.0,0.0,0.0
21,60,0.8486757081259351,0.0070117928364161,0.0,1.0,0.0,0.0,1.0,1.0
22,60,11.994120216579086,8.139712760473332,1.0,0.0,1.0,0.0,0.0,0.0
23,60,12.0,10.14551820956995,0.0,1.0,0.0,0.0,1.0,0.0
24,60,2.349237355583705,9.547372676113897,0.0,1.0,0.0,1.0,1.0,1.0
25,60,3.187707321677245,8.536325162597992,1.0,0.0,0.0,0.0,0.0,0.0
26,60,11.001525158060804,7.231104617350708,0.0,0.0,1.0,1.0,1.0,0.0
27,60,3.879391917374117,0.3819357626740834,0.0,0.0,0.0,0.0,0.0,1.0
28,60,11.810707511083631,5.7563637536522,0.0,0.0,1.0,1.0,1.0,0.0
29,60,1.7416525409291006,10.871004804087825,0.0,1.0,0.0,0.0,0.0,1.0
0,65,11.594268863898847,11.496562650307729,1.0,1.0,0.0,1.0,0.0,0.0
1,65,10.549669838641725,9.893416700421144,0.0,0.0,1.0,0.0,0.0,1.0
2,65,4.69908369518434,0.0,1.0,0.0,1.0,1.0,0.0,1.0
3,65,7.958828961148944,1.0487656825907226,0.0,0.0,1.0,0.0,0.0,0.0
4,65,10.675402683783537,6.952490674049387,0.0,0.0,1.0,0.0,0.0,1.0
5,65,9.044641924086564,7.49150107252052,0.0,1.0,1.0,0.0,1.0,0.0
6,65,11.3605626501225,6.78829145528283,0.0,0.0,1.0,0.0,0.0,1.0
7,65,11.918278090097129,2.785421736757776,1.0,0.0,0.0,0.0,0.0,0.0
8,65,4.694053312576854,10.172752043892146,0.0,0.0,0.0,0.0,1.0,0.0
9,65,0.2486828526674156,0.8384544038423719,0.0,0.0,0.0,1.0,0.0,1.0
10,65,0.2294995395142914,2.4747369280614024,1.0,0.0,0.0,0.0,0.0,0.0
11,65,11.852351966606218,3.4392367273393534,0.0,1.0,1.0,0.0,1.0,1.0
12,65,4.982621257251846,10.94870445776038,0.0,1.0,0.0,0.0,0.0,0.0
13,65,0.0,5.289071569241524,0.0,1.0,0.0,0.0,0.0,0.0
14,65,3.880729454767922,0.0,0.0,0.0,1.0,0.0,0.0,0.0
15,65,6.4204802824172,10.55161424024457,0.0,0.0,0.0,0.0,0.0,1.0
16,65,6.717545839734786,6.792558868502739,0.0,0.0,0.0,0.0,0.0,1.0
17,65,5.584184235345615,4.847724244184626,0.0,0.0,0.0,1.0,0.0,0.0
18,65,8.726125264212811,3.6702291841251657,0.0,1.0,1.0,0.0,0.0,1.0
19,65,10.620502782713752,7.362649892635306,1.0,0.0,0.0,1.0,0.0,0.0
20,65,3.2190350926817004,6.088547837059876,0.0,0.0,1.0,1.0,0.0,0.0
21,65,0.8661367438106949,0.0127301885548761,0.0,1.0,0.0,0.0,1.0,1.0
22,65,11.99900417230553,8.14174277213944,1.0,0.0,1.0,0.0,0.0,0.0
23,65,12.0,10.160621709913691,0.0,1.0,0.0,0.0,1.0,0.0
24,65,2.3407749651401875,9.54150496939517,0.0,1.0,0.0,1.0,1.0,1.0
25,65,3.127984728537159,8.504495027156409,1.0,0.0,0.0,0.0,0.0,0.0
26,65,11.077809010109116,7.248568196417866,0.0,0.0,1.0,1.0,1.0,0.0
27,65,3.885965860514416,0.359598963526792,0.0,0.0,0.0,0.0,0.0,1.0
28,65,11.889952007132791,5.6246349223918575,0.0,0.0,1.0,1.0,1.0,0.0
29,65,1.7488096752983957,10.8598979610254,0.0,1.0,0.0,0.0,0.0,1.0
0,70,11.63860444995816,11.44203282379345,1.0,1.0,0.0,1.0,0.0,0.0
1,70,10.607221370478706,10.062537276908683,0.0,0.0,1.0,0.0,0.0,1.0
2,70,4.701527050000424,0.0,1.0,0.0,1.0,1.0,0.0,1.0
3,70,7.937369384422044,1.070357359612453,0.0,0.0,1.0,0.0,0.0,0.0
4,70,10.79160960331827,7.0152462329397824,0.0,0.0,1.0,0.0,0.0,1.0
5,70,9.044518980063218,7.4905690821392445,0.0,1.0,1.0,0.0,1.0,0.0
6,70,11.297524097224342,6.765668234741817,0.0,0.0,1.0,0.0,0.0,1.0
7,70,11.913502865842467,2.768593914081788,1.0,0.0,0.0,0.0,0.0,0.0
8,70,4.700739784795899,10.133574831757414,0.0,0.0,0.0,0.0,1.0,0.0
9,70,0.2042811138075815,0.8192384914720152,0.0,0.0,0.0,1.0,0.0,1.0
10,70,0.2447521748783413,2.443490743511557,1.0,0.0,0.0,0.0,0.0,0.0
11,70,11.831708506273973,3.496787116731168,0.0,1.0,1.0,0.0,1.0,1.0
12,70,4.979849203800744,10.939511670019568,0.0,1.0,0.0,0.0,0.0,0.0
13,70,0.0,5.308574342602874,0.0,1.0,0.0,0.0,0.0,0.0
14,70,3.8704051175223273,0.0,0.0,0.0,1.0,0.0,0.0,0.0
15,70,6.342354918598168,10.49548987098845,0.0,0.0,0.0,0.0,0.0,1.0
16,70,6.712725538536552,6.718219377260901,0.0,0.0,0.0,0.0,0.0,1.0
17,70,5.574511745069522,4.832042086286049,0.0,0.0,0.0,1.0,0.0,0.0
18,70,8.8850923446948,3.640692003827763,0.0,1.0,1.0,0.0,0.0,1.0
19,70,10.490387467338952,7.297303667344401,1.0,0.0,0.0,1.0,0.0,0.0
20,70,3.176711054487256,6.093882427093778,0.0,0.0,1.0,1.0,0.0,0.0
21,70,0.8762048065777897,0.016289669754728,0.0,1.0,0.0,0.0,1.0,1.0
22,70,11.994703622522636,8.139994695831628,1.0,0.0,1.0,0.0,0.0,0.0
23,70,12.0,10.17508482256256,0.0,1.0,0.0,0.0,1.0,0.0
24,70,2.316176367097531,9.525241529858455,0.0,1.0,0.0,1.0,1.0,1.0
25,70,3.065347975935323,8.46751682950511,1.0,0.0,0.0,0.0,0.0,0.0
26,70,11.166383027658364,7.269874082368375,0.0,0.0,1.0,1.0,1.0,0.0
27,70,3.8952705431665127,0.3262208783738783,0.0,0.0,0.0,0.0,0.0,1.0
28,70,11.969412111086928,5.481315178334783,0.0,0.0,1.0,1.0,1.0,0.0
29,70,1.7521743294056142,10.85479188686366,0.0,1.0,0.0,0.0,0.0,1.0
0,75,11.691964825840293,11.375415579497274,1.0,1.0,0.0,1.0,0.0,0.0
1,75,10.660308960629068,10.217983390051886,0.0,0.0,1.0,0.0,0.0,1.0
2,75,4.704796578447034,0.0,1.0,0.0,1.0,1.0,0.0,1.0
3,75,7.92829180120536,1.079392250409525,0.0,0.0,1.0,0.0,0.0,0.0
4,75,10.928435647187682,7.0837519051932185,0.0,0.0,1.0,0.0,0.0,1.0
5,75,9.04779622277876,7.511793728676957,0.0,1.0,1.0,0.0,1.0,0.0
6,75,11.2414843089875,6.743821951712719,0.0,0.0,1.0,0.0,0.0,1.0
7,75,11.9104866247627,2.7581055022659164,1.0,0.0,0.0,0.0,0.0,0.0
8,75,4.705954562318062,10.099996031032973,0.0,0.0,0.0,0.0,1.0,0.0
9,75,0.1728006890842563,0.8057623712314691,0.0,0.0,0.0,1.0,0.0,1.0
10,75,0.2518350971078542,2.4287674371393515,1.0,0.0,0.0,0.0,0.0,0.0
11,75,11.808149441823764,3.559999373176475,0.0,1.0,1.0,0.0,1.0,1.0
12,75,4.980909000377391,10.943009475442022,0.0,1.0,0.0,0.0,0.0,0.0
13,75,0.0,5.3238911495086265,0.0,1.0,0.0,0.0,0.0,0.0
14,75,3.860412668957397,0.0,0.0,0.0,1.0,0.0,0.0,0.0
15,75,6.263218496233204,10.43590729329742,0.0,0.0,0.0,0.0,0.0,1.0
16,75,6.709491140484955,6.6507166670427456,0.0,0.0,0.0,0.0,0.0,1.0
17,75,5.567902995946263,4.821585249509004,0.0,0.0,0.0,1.0,0.0,0.0
18,75,9.042571034550482,3.611961216254919,0.0,1.0,1.0,0.0,0.0,1.0
19,75,10.361087826574394,7.228184678552895,1.0,0.0,0.0,1.0,0.0,0.0
20,75,3.1338247116308944,6.100025727071493,0.0,0.0,1.0,1.0,0.0,0.0
21,75,0.8905294877138471,0.0216025212828869,0.0,1.0,0.0,0.0,1.0,1.0
22,75,11.992348391020286,8.14575948567705,1.0,0.0,1.0,0.0,0.0,0.0
23,75,12.0,10.187621903304084,0.0,1.0,0.0,0.0,1.0,0.0
24,75,2.2813972259607245,9.500772376343656,0.0,1.0,0.0,1.0,1.0,1.0
25,75,2.9973617649187787,8.428743837329238,1.0,0.0,0.0,0.0,0.0,0.0
26,75,11.231251766195038,7.28472424204567,0.0,0.0,1.0,1.0,1.0,0.0
27,75,3.9030817133625546,0.2999378092023333,0.0,0.0,0.0,0.0,0.0,1.0
28,75,12.0,5.344013471078942,0.0,0.0,1.0,1.0,1.0,0.0
29,75,1.7492993857678172,10.859039885235685,0.0,1.0,0.0,0.0,0.0,1.0
0,80,11.770744736453402,11.282591598788292,1.0,1.0,0.0,1.0,0.0,0.0
1,80,10.715904096890952,10.377041675311409,0.0,0.0,1.0,0.0,0.0,1.0
2,80,4.70902971033701,0.0,1.0,0.0,1.0,1.0,0.0,1.0
3,80,7.917960009196683,1.0899821358136592,0.0,0.0,1.0,0.0,0.0,0.0
4,80,11.069141085390068,7.155590032054175,0.0,0.0,1.0,0.0,0.0,1.0
5,80,9.05185160707148,7.540949168897328,0.0,1.0,1.0,0.0,1.0,0.0
6,80,11.200578350117048,6.728345293243028,0.0,0.0,1.0,0.0,0.0,1.0
7,80,11.906781909750388,2.7456172535966346,1.0,0.0,0.0,0.0,0.0,0.0
8,80,4.71033704886672,10.071345861097235,0.0,0.0,0.0,0.0,1.0,0.0
9,80,0.1335292588495772,0.7890064559931842,0.0,0.0,0.0,1.0,0.0,1.0
10,80,0.251034388880711,2.4304564674932005,1.0,0.0,0.0,0.0,0.0,0.0
11,80,11.793986650448476,3.598295895448271,0.0,1.0,1.0,0.0,1.0,1.0
12,80,4.980736916508478,10.942384172791751,0.0,1.0,0.0,0.0,0.0,0.0
13,80,0.0,5.3349289568235685,0.0,1.0,0.0,0.0,0.0,0.0
14,80,3.848718216661724,0.0,0.0,0.0,1.0,0.0,0.0,0.0
15,80,6.1779282398589705,10.374591740915909,0.0,0.0,0.0,0.0,0.0,1.0
16,80,6.706955315005274,6.59055360852921,0.0,0.0,0.0,0.0,0.0,1.0
17,80,5.55304542521821,4.797762590332102,0.0,0.0,0.0,1.0,0.0,0.0
18,80,9.194206930747931,3.585179793697622,0.0,1.0,1.0,0.0,0.0,1.0
19,80,10.214760241250303,7.154079238321443,1.0,0.0,0.0,1.0,0.0,0.0
20,80,3.090163228607186,6.106155103900573,0.0,0.0,1.0,1.0,0.0,0.0
21,80,0.9180984142985732,0.0313835260687882,0.0,1.0,0.0,0.0,1.0,1.0
22,80,11.978564679499549,8.178122281308193,1.0,0.0,1.0,0.0,0.0,0.0
23,80,12.0,10.202563947530034,0.0,1.0,0.0,0.0,1.0,0.0
24,80,2.24338717187225,9.474420089246086,0.0,1.0,0.0,1.0,1.0,1.0
25,80,2.939837679050314,8.39523781919331,1.0,0.0,0.0,0.0,0.0,0.0
26,80,11.282660767767124,7.296339998573284,0.0,0.0,1.0,1.0,1.0,0.0
27,80,3.9075476567793994,0.2844987623516641,0.0,0.0,0.0,0.0,0.0,1.0
28,80,12.0,5.206510660630807,0.0,0.0,1.0,1.0,1.0,0.0
29,80,1.748963289379098,10.859545106048992,0.0,1.0,0.0,0.0,0.0,1.0
0,85,11.845202912378056,11.191680473946644,1.0,1.0,0.0,1.0,0.0,0.0
1,85,10.775288054866891,10.547970288124786,0.0,0.0,1.0,0.0,0.0,1.0
2,85,4.711974805498182,0.0,1.0,0.0,1.0,1.0,0.0,1.0
3,85,7.908390871773434,1.0997444428539702,0.0,0.0,1.0,0.0,0.0,0.0
4,85,11.196418558535914,7.220623794043777,0.0,0.0,1.0,0.0,0.0,1.0
5,85,9.057470454153458,7.585631873086331,0.0,1.0,1.0,0.0,1.0,0.0
6,85,11.194910607575004,6.726250187299161,0.0,0.0,1.0,0.0,0.0,1.0
7,85,11.901995858290585,2.7292700788672266,1.0,0.0,0.0,0.0,0.0,0.0
8,85,4.711308468847498,10.06399107729842,0.0,0.0,0.0,0.0,1.0,0.0
9,85,0.0873642929417641,0.7686115290575835,0.0,0.0,0.0,1.0,0.0,1.0
10,85,0.2443393003147218,2.4456319246157623,1.0,0.0,0.0,0.0,0.0,0.0
11,85,11.781054774457122,3.63403903032803,0.0,1.0,1.0,0.0,1.0,1.0
12,85,4.98790499533309,10.968066536328202,0.0,1.0,0.0,0.0,0.0,0.0
13,85,0.0,5.34223333075629,0.0,1.0,0.0,0.0,0.0,0.0
14,85,3.836613205046871,0.0,0.0,0.0,1.0,0.0,0.0,0.0
15,85,6.099405303292575,10.315416841292445,0.0,0.0,0.0,0.0,0.0,1.0
16,85,6.704166996746661,6.54258635869387,0.0,0.0,0.0,0.0,0.0,1.0
17,85,5.533902716487063,4.765821695892002,0.0,0.0,0.0,1.0,0.0,0.0
18,85,9.3519502233895,3.560141858801229,0.0,1.0,1.0,0.0,0.0,1.0
19,85,10.0777621066579,7.085335056281716,1.0,0.0,0.0,1.0,0.0,0.0
20,85,3.0079375804940707,6.117384689371628,0.0,0.0,1.0,1.0,0.0,0.0
21,85,0.9445808309490582,0.0409199380021956,0.0,1.0,0.0,0.0,1.0,1.0
22,85,11.959800279725812,8.224305596828708,1.0,0.0,1.0,0.0,0.0,0.0
23,85,12.0,10.223738936041237,0.0,1.0,0.0,0.0,1.0,0.0
24,85,2.2035771947958054,9.447394968207512,0.0,1.0,0.0,1.0,1.0,1.0
25,85,2.8936640193074314,8.369970748200522,1.0,0.0,0.0,0.0,0.0,0.0
26,85,11.33525544032058,7.30684979635218,0.0,0.0,1.0,1.0,1.0,0.0
27,85,3.912540242940857,0.267100981322766,0.0,0.0,0.0,0.0,0.0,1.0
28,85,12.0,5.071756591475092,0.0,0.0,1.0,1.0,1.0,0.0
29,85,1.7424308971021611,10.869409643125882,0.0,1.0,0.0,0.0,0.0,1.0
0,90,11.922859375978245,11.096029953269872,1.0,1.0,0.0,1.0,0.0,0.0
1,90,10.836761919598752,10.72448688856139,0.0,0.0,1.0,0.0,0.0,1.0
2,90,4.716663700297463,0.0,1.0,0.0,1.0,1.0,0.0,1.0
3,90,7.906733217544175,1.1013792242538212,0.0,0.0,1.0,0.0,0.0,0.0
4,90,11.331036550247044,7.286948504221309,0.0,0.0,1.0,0.0,0.0,1.0
5,90,9.066418547674877,7.644059270926569,0.0,1.0,1.0,0.0,1.0,0.0
6,90,11.187718192183835,6.723555722898689,0.0,0.0,1.0,0.0,0.0,1.0
7,90,11.888827056407688,2.682506600386448,1.0,0.0,0.0,0.0,0.0,0.0
8,90,4.712521973431856,10.05515736920165,0.0,0.0,0.0,0.0,1.0,0.0
9,90,0.0300373321443277,0.7429167594483317,0.0,0.0,0.0,1.0,0.0,1.0
10,90,0.2354143339153546,2.4672199410330813,1.0,0.0,0.0,0.0,0.0,0.0
11,90,11.766325183159555,3.676473787657449,0.0,1.0,1.0,0.0,1.0,1.0
12,90,4.99035017249068,10.97750169451068,0.0,1.0,0.0,0.0,0.0,0.0
13,90,0.0,5.350942437259114,0.0,1.0,0.0,0.0,0.0,0.0
14,90,3.821113277950064,0.0,0.0,0.0,1.0,0.0,0.0,0.0
15,90,5.99869926650167,10.238970169271855,0.0,0.0,0.0,0.0,0.0,1.0
16,90,6.702693291962919,6.510018784397356,0.0,0.0,0.0,0.0,0.0,1.0
17,90,5.517346932384441,4.737148946881534,0.0,0.0,0.0,1.0,0.0,0.0
18,90,9.50984406072913,3.535209025976689,0.0,1.0,1.0,0.0,0.0,1.0
19,90,9.950864142258876,7.021524831413486,1.0,0.0,0.0,1.0,0.0,0.0
20,90,2.8874757805480944,6.131195300310685,0.0,0.0,1.0,1.0,0.0,0.0
21,90,0.966967200487581,0.0485682699606924,0.0,1.0,0.0,0.0,1.0,1.0
22,90,11.940863651595588,8.267404845967413,1.0,0.0,1.0,0.0,0.0,0.0
23,90,12.0,10.242442597905653,0.0,1.0,0.0,0.0,1.0,0.0
24,90,2.172849481551614,9.42600287002805,0.0,1.0,0.0,1.0,1.0,1.0
25,90,2.839078735334641,8.340764487187936,1.0,0.0,0.0,0.0,0.0,0.0
26,90,11.403620662301847,7.318845451676247,0.0,0.0,1.0,1.0,1.0,0.0
27,90,3.915137427403304,0.2579573584900154,0.0,0.0,0.0,0.0,0.0,1.0
28,90,12.0,4.916799076413675,0.0,0.0,1.0,1.0,1.0,0.0
29,90,1.7370374746357435,10.877338990691038,0.0,1.0,0.0,0.0,0.0,1.0
0,95,12.0,10.994933257323114,1.0,1.0,0.0,1.0,0.0,0.0
1,95,10.906176673398916,10.917014395956189,0.0,0.0,1.0,0.0,0.0,1.0
2,95,4.719858739786203,0.0,1.0,0.0,1.0,1.0,0.0,1.0
3,95,7.892995480091912,1.114467077352827,0.0,0.0,1.0,0.0,0.0,0.0
4,95,11.479570090016324,7.362479319936133,0.0,0.0,1.0,0.0,0.0,1.0
5,95,9.075384869070518,7.701720442632343,0.0,1.0,1.0,0.0,1.0,0.0
6,95,11.160082135422105,6.71329283340867,0.0,0.0,1.0,0.0,0.0,1.0
7,95,11.87506717273734,2.6350243114923844,1.0,0.0,0.0,0.0,0.0,0.0
8,95,4.715383961629399,10.03151419825089,0.0,0.0,0.0,0.0,1.0,0.0
9,95,0.010253148045504,0.7904699069420261,0.0,0.0,0.0,1.0,0.0,1.0
10,95,0.2305786669989015,2.478813168037967,1.0,0.0,0.0,0.0,0.0,0.0
11,95,11.744954256217062,3.73764876765922,0.0,1.0,1.0,0.0,1.0,1.0
12,95,4.988371723947114,10.969846689982802,0.0,1.0,0.0,0.0,0.0,0.0
13,95,0.0108665649646317,5.486526214624623,0.0,1.0,0.0,0.0,0.0,0.0
14,95,3.804693353905295,0.0,0.0,0.0,1.0,0.0,0.0,0.0
15,95,5.904895734295156,10.169692678462534,0.0,0.0,0.0,0.0,0.0,1.0
16,95,6.701462649988622,6.484013989314884,0.0,0.0,0.0,0.0,0.0,1.0
17,95,5.482387565262194,4.674041687695119,0.0,0.0,0.0,1.0,0.0,0.0
18,95,9.68219525261645,3.5067233013771326,0.0,1.0,1.0,0.0,0.0,1.0
19,95,9.833850551435122,6.960360918135288,1.0,0.0,0.0,1.0,0.0,0.0
20,95,2.7808344201857027,6.145714304576732,0.0,0.0,1.0,1.0,0.0,0.0
21,95,1.0019401568775437,0.0607160257732676,0.0,1.0,0.0,0.0,1.0,1.0
22,95,11.90901758888634,8.34134532022678,1.0,0.0,1.0,0.0,0.0,0.0
23,95,12.0,10.26152932546809,0.0,1.0,0.0,0.0,1.0,0.0
24,95,2.1553430405630825,9.414006516458551,0.0,1.0,0.0,1.0,1.0,1.0
25,95,2.792238501214957,8.314054091763634,1.0,0.0,0.0,0.0,0.0,0.0
26,95,11.479702428941389,7.33357045668579,0.0,0.0,1.0,1.0,1.0,0.0
27,95,3.924038062116517,0.2248258051124843,0.0,0.0,0.0,0.0,0.0,1.0
28,95,12.0,4.781966977512767,0.0,0.0,1.0,1.0,1.0,0.0
29,95,1.7274053671160816,10.891634191684414,0.0,1.0,0.0,0.0,0.0,1.0
0,100,12.0,10.919828983242184,1.0,1.0,0.0,1.0,0.0,0.0
1,100,10.974760559814088,11.114715157574569,0.0,0.0,1.0,0.0,0.0,1.0
2,100,4.723871181454967,0.0,1.0,0.0,1.0,1.0,0.0,1.0
3,100,7.884303799729341,1.1053598223823085,0.0,0.0,1.0,0.0,0.0,0.0
4,100,11.619775231297329,7.437029848767191,0.0,0.0,1.0,0.0,0.0,1.0
5,100,9.080576192688998,7.736552150716871,0.0,1.0,1.0,0.0,1.0,0.0
6,100,11.150156770824774,6.7096349528701404,0.0,0.0,1.0,0.0,0.0,1.0
7,100,11.865257569624406,2.599082165860008,1.0,0.0,0.0,0.0,0.0,0.0
8,100,4.717444993001516,10.012598933643524,0.0,0.0,0.0,0.0,1.0,0.0
9,100,0.0,0.8263969665778106,0.0,0.0,0.0,1.0,0.0,1.0
10,100,0.2194755044733249,2.5060303461687683,1.0,0.0,0.0,0.0,0.0,0.0
11,100,11.723442434693505,3.802073050690504,0.0,1.0,1.0,0.0,1.0,1.0
12,100,4.98770280911226,10.967128164173278,0.0,1.0,0.0,0.0,0.0,0.0
13,100,0.0187235706967657,5.5991475230480505,0.0,1.0,0.0,0.0,0.0,0.0
14,100,3.7894542541540135,0.0,0.0,0.0,1.0,0.0,0.0,0.0
15,100,5.811986964514328,10.104151387578044,0.0,0.0,0.0,0.0,0.0,1.0
16,100,6.697670507837,6.437893412413656,0.0,0.0,0.0,0.0,0.0,1.0
17,100,5.444730006002488,4.606859123287597,0.0,0.0,0.0,1.0,0.0,0.0
18,100,9.85597955441254,3.4806757317546837,0.0,1.0,1.0,0.0,0.0,1.0
19,100,9.728938047976934,6.901514700482205,1.0,0.0,0.0,1.0,0.0,0.0
20,100,2.672831547703005,6.160677096844938,0.0,0.0,1.0,1.0,0.0,0.0
21,100,1.064034521254491,0.0842315206795935,0.0,1.0,0.0,0.0,1.0,1.0
22,100,11.873206521508394,8.41838028559227,1.0,0.0,1.0,0.0,0.0,0.0
23,100,12.0,10.277433717749684,0.0,1.0,0.0,0.0,1.0,0.0
24,100,2.15199939462166,9.411794994652835,0.0,1.0,0.0,1.0,1.0,1.0
25,100,2.775575528148816,8.343877099415137,1.0,0.0,0.0,0.0,0.0,0.0
26,100,11.550489744669289,7.344681260610353,0.0,0.0,1.0,1.0,1.0,0.0
27,100,3.929659009862072,0.2044972790409452,0.0,0.0,0.0,0.0,0.0,1.0
28,100,12.0,4.658698758776119,0.0,0.0,1.0,1.0,1.0,0.0
29,100,1.7056967035693449,10.923625208438883,0.0,1.0,0.0,0.0,0.0,1.0
0,105,12.0,10.84316588188681,1.0,1.0,0.0,1.0,0.0,0.0
1,105,11.042996485862004,11.313702844472967,0.0,0.0,1.0,0.0,0.0,1.0
2,105,4.723759630937707,0.0007968143765617,1.0,0.0,1.0,1.0,0.0,1.0
3,105,7.883938270898045,1.1049633546283413,0.0,0.0,1.0,0.0,0.0,0.0
4,105,11.74009582302348,7.502069441658492,0.0,0.0,1.0,0.0,0.0,1.0
5,105,9.088002196821275,7.77940889791822,0.0,1.0,1.0,0.0,1.0,0.0
6,105,11.14210797004524,6.70668161290228,0.0,0.0,1.0,0.0,0.0,1.0
7,105,11.854968054204296,2.561755979944613,1.0,0.0,0.0,0.0,0.0,0.0
8,105,4.719410110482854,9.996708054422006,0.0,0.0,0.0,0.0,1.0,0.0
9,105,0.0,0.8755780279674512,0.0,0.0,0.0,1.0,0.0,1.0
10,105,0.2048136042953555,2.541844858915536,1.0,0.0,0.0,0.0,0.0,0.0
11,105,11.707963832466548,3.84980331361578,0.0,1.0,1.0,0.0,1.0,1.0
12,105,4.987929624539087,10.968121936375836,0.0,1.0,0.0,0.0,0.0,0.0
13,105,0.0274472698714196,5.701293661494344,0.0,1.0,0.0,0.0,0.0,0.0
14,105,3.7772909993889376,0.0,0.0,0.0,1.0,0.0,0.0,0.0
15,105,5.70853462833359,10.033724118897512,0.0,0.0,0.0,0.0,0.0,1.0
16,105,6.695626737040942,6.411807639914951,0.0,0.0,0.0,0.0,0.0,1.0
17,105,5.403981565625446,4.533700816713702,0.0,0.0,0.0,1.0,0.0,0.0
18,105,10.05807524299384,3.451319625508177,0.0,1.0,1.0,0.0,0.0,1.0
19,105,9.637635256789178,6.851735086303061,1.0,0.0,0.0,1.0,0.0,0.0
20,105,2.580233462069571,6.1742674234390185,0.0,0.0,1.0,1.0,0.0,0.0
21,105,1.1404387557111526,0.1146389600905508,0.0,1.0,0.0,0.0,1.0,1.0
22,105,11.83568045902554,8.498159930962435,1.0,0.0,1.0,0.0,0.0,0.0
23,105,12.0,10.291618841736634,0.0,1.0,0.0,0.0,1.0,0.0
24,105,2.1224107293719108,9.39144702837326,0.0,1.0,0.0,1.0,1.0,1.0
25,105,2.7691285497822604,8.355175085627923,1.0,0.0,0.0,0.0,0.0,0.0
26,105,11.617976344018864,7.357895518210665,0.0,0.0,1.0,1.0,1.0,0.0
27,105,3.9357716306399504,0.1826052800626766,0.0,0.0,0.0,0.0,0.0,1.0
28,105,12.0,4.527238481109799,0.0,0.0,1.0,1.0,1.0,0.0
29,105,1.6843898186774442,10.95500086237715,0.0,1.0,0.0,0.0,0.0,1.0
0,110,12.0,10.761416891704446,1.0,1.0,0.0,1.0,0.0,0.0
1,110,11.10349443532058,11.51324181566576,0.0,0.0,1.0,0.0,0.0,1.0
2,110,4.725333594907808,0.0,1.0,0.0,1.0,1.0,0.0,1.0
3,110,7.891985918564545,1.1133184844833537,0.0,0.0,1.0,0.0,0.0,0.0
4,110,11.87537847981032,7.572432244059565,0.0,0.0,1.0,0.0,0.0,1.0
5,110,9.092041241182647,7.802959163019643,0.0,1.0,1.0,0.0,1.0,0.0
6,110,11.124035968745376,6.700176064267668,0.0,0.0,1.0,0.0,0.0,1.0
7,110,11.844048334099352,2.523506171781432,1.0,0.0,0.0,0.0,0.0,0.0
8,110,4.72133475940316,9.980295206584245,0.0,0.0,0.0,0.0,1.0,0.0
9,110,0.0,0.9266281725955504,0.0,0.0,0.0,1.0,0.0,1.0
10,110,0.1585618630771476,2.5218540661285997,1.0,0.0,0.0,0.0,0.0,0.0
11,110,11.692274816261389,3.896747352223897,0.0,1.0,1.0,0.0,1.0,1.0
12,110,4.993144337600643,10.987082578452895,0.0,1.0,0.0,0.0,0.0,0.0
13,110,0.037809300578106,5.81271078191727,0.0,1.0,0.0,0.0,0.0,0.0
14,110,3.763441649941271,0.0,0.0,0.0,1.0,0.0,0.0,0.0
15,110,5.630740218831709,9.982303023255588,0.0,0.0,0.0,0.0,0.0,1.0
16,110,6.693702395622251,6.388257916955404,0.0,0.0,0.0,0.0,0.0,1.0
17,110,5.366692578264836,4.470790216583442,0.0,0.0,0.0,1.0,0.0,0.0
18,110,10.247409066268336,3.4297385609405264,0.0,1.0,1.0,0.0,0.0,1.0
19,110,9.547048360015827,6.799112853749844,1.0,0.0,0.0,1.0,0.0,0.0
20,110,2.504014182886844,6.185804636335109,0.0,0.0,1.0,1.0,0.0,0.0
21,110,1.2153947169593722,0.1443387826964781,0.0,1.0,0.0,0.0,1.0,1.0
22,110,11.796476690121883,8.584436916694312,1.0,0.0,1.0,0.0,0.0,0.0
23,110,12.0,10.307385362341003,0.0,1.0,0.0,0.0,1.0,0.0
24,110,2.0833876625866385,9.365466691132209,0.0,1.0,0.0,1.0,1.0,1.0
25,110,2.762902934588781,8.365827944086247,1.0,0.0,0.0,0.0,0.0,0.0
26,110,11.697153336449691,7.372539094450654,0.0,0.0,1.0,1.0,1.0,0.0
27,110,3.944502600951663,0.1538454571521314,0.0,0.0,0.0,0.0,0.0,1.0
28,110,12.0,4.428942642047336,0.0,0.0,1.0,1.0,1.0,0.0
29,110,1.6654612854155797,10.982477573640317,0.0,1.0,0.0,0.0,0.0,1.0
0,115,12.0,10.678373674370818,1.0,1.0,0.0,1.0,0.0,0.0
1,115,11.170048931622842,11.713534518173358,0.0,0.0,1.0,0.0,0.0,1.0
2,115,4.731581334468486,0.0,1.0,0.0,1.0,1.0,0.0,1.0
3,115,7.916063030944143,1.1393851994032704,0.0,0.0,1.0,0.0,0.0,0.0
4,115,12.0,7.650296423799053,0.0,0.0,1.0,0.0,0.0,1.0
5,115,9.093700315514212,7.811804181195129,0.0,1.0,1.0,0.0,1.0,0.0
6,115,11.117585627669104,6.6977068499265,0.0,0.0,1.0,0.0,0.0,1.0
7,115,11.837329991607753,2.498025677249391,1.0,0.0,0.0,0.0,0.0,0.0
8,115,4.721138969351351,9.981502688090789,0.0,0.0,0.0,0.0,1.0,0.0
9,115,0.0,0.9772721751487828,0.0,0.0,0.0,1.0,0.0,1.0
10,115,0.1071013243842867,2.500055572246929,1.0,0.0,0.0,0.0,0.0,0.0
11,115,11.676214705756191,3.9424611283382895,0.0,1.0,1.0,0.0,1.0,1.0
12,115,5.000138766486136,11.011564816177671,0.0,1.0,0.0,0.0,0.0,0.0
13,115,0.0449320867443937,5.903114986342995,0.0,1.0,0.0,0.0,0.0,0.0
14,115,3.7513661545105648,0.0,0.0,0.0,1.0,0.0,0.0,0.0
15,115,5.540740559769932,9.926068979863684,0.0,0.0,0.0,0.0,0.0,1.0
16,115,6.692088722668279,6.369262537155156,0.0,0.0,0.0,0.0,0.0,1.0
17,115,5.31894661811285,4.393080656011088,0.0,0.0,0.0,1.0,0.0,0.0
18,115,10.442318517201244,3.406100649751072,0.0,1.0,1.0,0.0,0.0,1.0
19,115,9.45212275295685,6.741308082254353,1.0,0.0,0.0,1.0,0.0,0.0
20,115,2.4323569138214407,6.197817812696725,0.0,0.0,1.0,1.0,0.0,0.0
21,115,1.2706157286527495,0.1656035359700166,0.0,1.0,0.0,0.0,1.0,1.0
22,115,11.75816580899894,8.666904094436708,1.0,0.0,1.0,0.0,0.0,0.0
23,115,12.0,10.322770663250992,0.0,1.0,0.0,0.0,1.0,0.0
24,115,2.041072300808365,9.338206685723602,0.0,1.0,0.0,1.0,1.0,1.0
25,115,2.7522966335799137,8.383257817122292,1.0,0.0,0.0,0.0,0.0,0.0
26,115,11.759835867691484,7.383880563619901,0.0,0.0,1.0,1.0,1.0,0.0
27,115,3.9538462980501903,0.1228637247220982,0.0,0.0,0.0,0.0,0.0,1.0
28,115,12.0,4.3363624239352285,0.0,0.0,1.0,1.0,1.0,0.0
29,115,1.6368500378260828,11.025795605860234,0.0,1.0,0.0,0.0,0.0,1.0
0,120,12.0,10.603806369351272,1.0,1.0,0.0,1.0,0.0,0.0
1,120,11.23762165670492,11.926703347212046,0.0,0.0,1.0,0.0,0.0,1.0
2,120,4.737688505463244,0.0,1.0,0.0,1.0,1.0,0.0,1.0
3,120,7.945554438169087,1.1686969709339097,0.0,0.0,1.0,0.0,0.0,0.0
4,120,12.0,7.734955165796239,0.0,0.0,1.0,0.0,0.0,1.0
5,120,9.099542733015925,7.842027659866793,0.0,1.0,1.0,0.0,1.0,0.0
6,120,11.10611499478012,6.693611844134593,0.0,0.0,1.0,0.0,0.0,1.0
7,120,11.830124784998944,2.470946788855067,1.0,0.0,0.0,0.0,0.0,0.0
8,120,4.7219088313153055,9.975428718489894,0.0,0.0,0.0,0.0,1.0,0.0
9,120,0.0,1.021629699715985,0.0,0.0,0.0,1.0,0.0,1.0
10,120,0.0613496267801051,2.4798421744429344,1.0,0.0,0.0,0.0,0.0,0.0
11,120,11.662630529871922,3.983754352641724,0.0,1.0,1.0,0.0,1.0,1.0
12,120,5.004739661118053,11.028563130381787,0.0,1.0,0.0,0.0,0.0,0.0
13,120,0.0479272191466069,6.004781364580551,0.0,1.0,0.0,0.0,0.0,0.0
14,120,3.7407346432143815,0.0,0.0,0.0,1.0,0.0,0.0,0.0
15,120,5.459694628075047,9.87968405922638,0.0,0.0,0.0,0.0,0.0,1.0
16,120,6.691006808621276,6.351324059788414,0.0,0.0,0.0,0.0,0.0,1.0
17,120,5.273813856782408,4.321082996167023,0.0,0.0,0.0,1.0,0.0,0.0
18,120,10.640411178844309,3.3819223649666084,0.0,1.0,1.0,0.0,0.0,1.0
19,120,9.34319992824157,6.671763009280475,1.0,0.0,0.0,1.0,0.0,0.0
20,120,2.361005697404767,6.210084789145481,0.0,0.0,1.0,1.0,0.0,0.0
21,120,1.3129648119448876,0.1819884988691459,0.0,1.0,0.0,0.0,1.0,1.0
22,120,11.724285716528447,8.744132303395807,1.0,0.0,1.0,0.0,0.0,0.0
23,120,12.0,10.336993364984824,0.0,1.0,0.0,0.0,1.0,0.0
24,120,1.9987352464613477,9.3112620003519,0.0,1.0,0.0,1.0,1.0,1.0
25,120,2.7381745356139926,8.408284503508696,1.0,0.0,0.0,0.0,0.0,0.0
26,120,11.829474120510516,7.396931418128221,0.0,0.0,1.0,1.0,1.0,0.0
27,120,3.959565428667384,0.1029181312326291,0.0,0.0,0.0,0.0,0.0,1.0
28,120,12.0,4.243194081064996,0.0,0.0,1.0,1.0,1.0,0.0
29,120,1.6091261774805543,11.06662161653914,0.0,1.0,0.0,0.0,0.0,1.0
0,125,12.0,10.52532876706419,1.0,1.0,0.0,1.0,0.0,0.0
1,125,11.312748445700658,12.0,0.0,0.0,1.0,0.0,0.0,1.0
2,125,4.74389485420613,0.0,1.0,0.0,1.0,1.0,0.0,1.0
3,125,7.97306308181928,1.1974169722871888,0.0,0.0,1.0,0.0,0.0,0.0
4,125,12.0,7.80816719963966,0.0,0.0,1.0,0.0,0.0,1.0
5,125,9.10870289062683,7.892587279322938,0.0,1.0,1.0,0.0,1.0,0.0
6,125,11.107910062986,6.694303452058576,0.0,0.0,1.0,0.0,0.0,1.0
7,125,11.824438915592127,2.4493728157221697,1.0,0.0,0.0,0.0,0.0,0.0
8,125,4.722534596456057,9.96893307300386,0.0,0.0,0.0,0.0,1.0,0.0
9,125,0.0,1.0583577494006933,0.0,0.0,0.0,1.0,0.0,1.0
10,125,0.0112463064605873,2.457413537615733,1.0,0.0,0.0,0.0,0.0,0.0
11,125,11.651943303898047,4.013908325368878,0.0,1.0,1.0,0.0,1.0,1.0
12,125,5.0096202538583965,11.045445767866727,0.0,1.0,0.0,0.0,0.0,0.0
13,125,0.0506761300648478,6.1075258384981534,0.0,1.0,0.0,0.0,0.0,0.0
14,125,3.733477636602733,0.0,0.0,0.0,1.0,0.0,0.0,0.0
15,125,5.362150380570197,9.826753119356267,0.0,0.0,0.0,0.0,0.0,1.0
16,125,6.689311871248066,6.32314612336183,0.0,0.0,0.0,0.0,0.0,1.0
17,125,5.231023992967445,4.253697019308091,0.0,0.0,0.0,1.0,0.0,0.0
18,125,10.82858970255921,3.3591632346834555,0.0,1.0,1.0,0.0,0.0,1.0
19,125,9.230541986756124,6.598421852368644,1.0,0.0,0.0,1.0,0.0,0.0
20,125,2.291146936171172,6.22249203067033,0.0,0.0,1.0,1.0,0.0,0.0
21,125,1.335035861665895,0.1908495520535327,0.0,1.0,0.0,0.0,1.0,1.0
22,125,11.69536587648152,8.80954913135184,1.0,0.0,1.0,0.0,0.0,0.0
23,125,12.0,10.356449284738416,0.0,1.0,0.0,0.0,1.0,0.0
24,125,1.950178580242421,9.279741270572323,0.0,1.0,0.0,1.0,1.0,1.0
25,125,2.721951271116544,8.437044767150137,1.0,0.0,0.0,0.0,0.0,0.0
26,125,11.915797037347389,7.410955255954501,0.0,0.0,1.0,1.0,1.0,0.0
27,125,3.96683748658154,0.0807586421210947,0.0,0.0,0.0,0.0,0.0,1.0
28,125,12.0,4.139399483048226,0.0,0.0,1.0,1.0,1.0,0.0
29,125,1.5815344491226424,11.10725022432492,0.0,1.0,0.0,0.0,0.0,1.0
0,130,12.0,10.42361052938148,1.0,1.0,0.0,1.0,0.0,0.0
1,130,11.387138457842912,12.0,0.0,0.0,1.0,0.0,0.0,1.0
2,130,4.747701841470685,0.0,1.0,0.0,1.0,1.0,0.0,1.0
3,130,8.010018761890649,1.2377276768325045,0.0,0.0,1.0,0.0,0.0,0.0
4,130,12.0,7.88582751453821,0.0,0.0,1.0,0.0,0.0,1.0
5,130,9.116613838672292,7.93228928188755,0.0,1.0,1.0,0.0,1.0,0.0
6,130,11.093640392706716,6.688867745421468,0.0,0.0,1.0,0.0,0.0,1.0
7,130,11.818147507229396,2.425251125417786,1.0,0.0,0.0,0.0,0.0,0.0
8,130,4.722249289394563,9.97290842723914,0.0,0.0,0.0,0.0,1.0,0.0
9,130,0.0,1.0797344018878163,0.0,0.0,0.0,1.0,0.0,1.0
10,130,0.0,2.434773158489832,1.0,0.0,0.0,0.0,0.0,0.0
11,130,11.644046828839969,4.036007211681815,0.0,1.0,1.0,0.0,1.0,1.0
12,130,5.015143287795131,11.066015830886409,0.0,1.0,0.0,0.0,0.0,0.0
13,130,0.0569030776839579,6.211233594707378,0.0,1.0,0.0,0.0,0.0,0.0
14,130,3.721145622728272,0.0,0.0,0.0,1.0,0.0,0.0,0.0
15,130,5.276853694964461,9.78069191382711,0.0,0.0,0.0,0.0,0.0,1.0
16,130,6.687809933545862,6.295305129031894,0.0,0.0,0.0,0.0,0.0,1.0
17,130,5.19060399635487,4.186547914193195,0.0,0.0,0.0,1.0,0.0,0.0
18,130,11.003392854868128,3.338932207087748,0.0,1.0,1.0,0.0,0.0,1.0
19,130,9.118305497332752,6.524407733122059,1.0,0.0,0.0,1.0,0.0,0.0
20,130,2.211345014037144,6.238765001063718,0.0,0.0,1.0,1.0,0.0,0.0
21,130,1.3416564320455868,0.1933170656999295,0.0,1.0,0.0,0.0,1.0,1.0
22,130,11.66362007814052,8.875984720540947,1.0,0.0,1.0,0.0,0.0,0.0
23,130,12.0,10.384908306163458,0.0,1.0,0.0,0.0,1.0,0.0
24,130,1.8864076193329544,9.23635154979156,0.0,1.0,0.0,1.0,1.0,1.0
25,130,2.7069344402700084,8.464814107771764,1.0,0.0,0.0,0.0,0.0,0.0
26,130,11.988948896518952,7.423628879800105,0.0,0.0,1.0,1.0,1.0,0.0
27,130,3.974235745300636,0.0580043467772075,0.0,0.0,0.0,0.0,0.0,1.0
28,130,12.0,4.052847436702617,0.0,0.0,1.0,1.0,1.0,0.0
29,130,1.5518540899603266,11.149287042843014,0.0,1.0,0.0,0.0,0.0,1.0
0,135,12.0,10.314124197709445,1.0,1.0,0.0,1.0,0.0,0.0
1,135,11.464071091320555,12.0,0.0,0.0,1.0,0.0,0.0,1.0
2,135,4.752240209818447,0.0,1.0,0.0,1.0,1.0,0.0,1.0
3,135,8.052171467715054,1.283207133122469,0.0,0.0,1.0,0.0,0.0,0.0
4,135,12.0,7.956781983832343,0.0,0.0,1.0,0.0,0.0,1.0
5,135,9.124899959339842,7.980018500119999,0.0,1.0,1.0,0.0,1.0,0.0
6,135,11.075014598037132,6.682348552274031,0.0,0.0,1.0,0.0,0.0,1.0
7,135,11.80912796200209,2.3925589791990243,1.0,0.0,0.0,0.0,0.0,0.0
8,135,4.723657792861015,9.949333222201409,0.0,0.0,0.0,0.0,1.0,0.0
9,135,0.0,1.1034265528505294,0.0,0.0,0.0,1.0,0.0,1.0
10,135,0.0,2.4048220758721044,1.0,0.0,0.0,0.0,0.0,0.0
11,135,11.641662447649267,4.043191491431967,0.0,1.0,1.0,0.0,1.0,1.0
12,135,5.022078939757129,11.091760010622776,0.0,1.0,0.0,0.0,0.0,0.0
13,135,0.0617384170979413,6.308734505436258,0.0,1.0,0.0,0.0,0.0,0.0
14,135,3.711384364717188,0.0,0.0,0.0,1.0,0.0,0.0,0.0
15,135,5.192264139702442,9.73899604047319,0.0,0.0,0.0,0.0,0.0,1.0
16,135,6.68688026087609,6.273284481038584,0.0,0.0,0.0,0.0,0.0,1.0
17,135,5.147954777193938,4.119324297934404,0.0,0.0,0.0,1.0,0.0,0.0
18,135,11.178869503358085,3.3228397492421013,0.0,1.0,1.0,0.0,0.0,1.0
19,135,9.008135690154496,6.454199329788996,1.0,0.0,0.0,1.0,0.0,0.0
20,135,2.141460162872162,6.2503578000109,0.0,0.0,1.0,1.0,0.0,0.0
21,135,1.3297734865893591,0.1889200429036852,0.0,1.0,0.0,0.0,1.0,1.0
22,135,11.628030942663406,8.951400993398824,1.0,0.0,1.0,0.0,0.0,0.0
23,135,12.0,10.4192815675301,0.0,1.0,0.0,0.0,1.0,0.0
24,135,1.8486869428968895,9.211765929074804,0.0,1.0,0.0,1.0,1.0,1.0
25,135,2.695754331477072,8.484789993131438,1.0,0.0,0.0,0.0,0.0,0.0
26,135,12.0,7.430761299406443,0.0,0.0,1.0,1.0,1.0,0.0
27,135,3.983617149562248,0.0277384790605522,0.0,0.0,0.0,0.0,0.0,1.0
28,135,12.0,3.981893960878103,0.0,0.0,1.0,1.0,1.0,0.0
29,135,1.5368929343097288,11.17225220079819,0.0,1.0,0.0,0.0,0.0,1.0
0,140,12.0,10.1965080786599,1.0,1.0,0.0,1.0,0.0,0.0
1,140,11.542218794040089,12.0,0.0,0.0,1.0,0.0,0.0,1.0
2,140,4.754203549522543,0.0,1.0,0.0,1.0,1.0,0.0,1.0
3,140,8.082658432843733,1.3165393792945652,0.0,0.0,1.0,0.0,0.0,0.0
4,140,12.0,8.02135996507008,0.0,0.0,1.0,0.0,0.0,1.0
5,140,9.130945464727942,8.016141557965124,0.0,1.0,1.0,0.0,1.0,0.0
6,140,11.059232113408804,6.676772017229202,0.0,0.0,1.0,0.0,0.0,1.0
7,140,11.852333470007434,2.381776150556496,1.0,0.0,0.0,0.0,0.0,0.0
8,140,4.725211950506769,9.926221057955244,0.0,0.0,0.0,0.0,1.0,0.0
9,140,0.0,1.1395783867312672,0.0,0.0,0.0,1.0,0.0,1.0
10,140,0.0,2.379045914942467,1.0,0.0,0.0,0.0,0.0,0.0
11,140,11.631507284354294,4.073641337098791,0.0,1.0,1.0,0.0,1.0,1.0
12,140,5.0344217844694805,11.14025220412498,0.0,1.0,0.0,0.0,0.0,0.0
13,140,0.0665741918199355,6.4082504106644045,0.0,1.0,0.0,0.0,0.0,0.0
14,140,3.700528948895223,0.0,0.0,0.0,1.0,0.0,0.0,0.0
15,140,5.100482070414428,9.691699806479996,0.0,0.0,0.0,0.0,0.0,1.0
16,140,6.6860133560745405,6.256339314479346,0.0,0.0,0.0,0.0,0.0,1.0
17,140,5.096887895552975,4.034510100670488,0.0,0.0,0.0,1.0,0.0,0.0
18,140,11.35071782737324,3.3050990871439727,0.0,1.0,1.0,0.0,0.0,1.0
19,140,8.91701224818182,6.394417899944458,1.0,0.0,0.0,1.0,0.0,0.0
20,140,2.0557100814211973,6.265338994035698,0.0,0.0,1.0,1.0,0.0,0.0
21,140,1.3225294269481334,0.1863556036884965,0.0,1.0,0.0,0.0,1.0,1.0
22,140,11.596589219395025,9.016002809152956,1.0,0.0,1.0,0.0,0.0,0.0
23,140,12.0,10.456329884042994,0.0,1.0,0.0,0.0,1.0,0.0
24,140,1.817572776153396,9.191255922991749,0.0,1.0,0.0,1.0,1.0,1.0
25,140,2.688059139835029,8.499117738368565,1.0,0.0,0.0,0.0,0.0,0.0
26,140,12.0,7.441270349835821,0.0,0.0,1.0,1.0,1.0,0.0
27,140,3.997999428489345,0.0,0.0,0.0,0.0,0.0,0.0,1.0
28,140,12.0,3.927085436772191,0.0,0.0,1.0,1.0,1.0,0.0
29,140,1.4998359873686655,11.226662431243406,0.0,1.0,0.0,0.0,0.0,1.0
0,145,12.0,10.09934827737268,1.0,1.0,0.0,1.0,0.0,0.0
1,145,11.62306068232054,12.0,0.0,0.0,1.0,0.0,0.0,1.0
2,145,4.759756216292077,0.0,1.0,0.0,1.0,1.0,0.0,1.0
3,145,8.112027031217046,1.3485153965911254,0.0,0.0,1.0,0.0,0.0,0.0
4,145,12.0,8.091550073959967,0.0,0.0,1.0,0.0,0.0,1.0
5,145,9.137629484452768,8.054495063703833,0.0,1.0,1.0,0.0,1.0,0.0
6,145,11.061910884521645,6.669068136540499,0.0,0.0,1.0,0.0,0.0,1.0
7,145,11.879409968488972,2.3754792082091973,1.0,0.0,0.0,0.0,0.0,0.0
8,145,4.726308652389514,9.909425882313467,0.0,0.0,0.0,0.0,1.0,0.0
9,145,0.0,1.1746303794435369,0.0,0.0,0.0,1.0,0.0,1.0
10,145,0.0,2.36247148961222,1.0,0.0,0.0,0.0,0.0,0.0
11,145,11.626377623931331,4.088515074160205,0.0,1.0,1.0,0.0,1.0,1.0
12,145,5.043877956354609,11.17607464071404,0.0,1.0,0.0,0.0,0.0,0.0
13,145,0.0734291088484098,6.517176983684579,0.0,1.0,0.0,0.0,0.0,0.0
14,145,3.686036923752631,0.0,0.0,0.0,1.0,0.0,0.0,0.0
15,145,5.014418697358879,9.647118206364356,0.0,0.0,0.0,0.0,0.0,1.0
16,145,6.683612802754136,6.228344517138501,0.0,0.0,0.0,0.0,0.0,1.0
17,145,5.041926156324153,3.939607584704485,0.0,0.0,0.0,1.0,0.0,0.0
18,145,11.52315658623863,3.286252079722767,0.0,1.0,1.0,0.0,0.0,1.0
19,145,8.832986681441518,6.340807353546109,1.0,0.0,0.0,1.0,0.0,0.0
20,145,1.9712737044258837,6.27967667079133,0.0,0.0,1.0,1.0,0.0,0.0
21,145,1.311064826345074,0.1826199153981271,0.0,1.0,0.0,0.0,1.0,1.0
22,145,11.549715364226037,9.113680526612995,1.0,0.0,1.0,0.0,0.0,0.0
23,145,12.0,10.492075792966617,0.0,1.0,0.0,0.0,1.0,0.0
24,145,1.787590726292673,9.170939579698413,0.0,1.0,0.0,1.0,1.0,1.0
25,145,2.6832237598965585,8.508637246739315,1.0,0.0,0.0,0.0,0.0,0.0
26,145,12.0,7.44894674903575,0.0,0.0,1.0,1.0,1.0,0.0
27,145,4.009554099890125,0.0,0.0,0.0,0.0,0.0,0.0,1.0
28,145,12.0,3.8556187415739394,0.0,0.0,1.0,1.0,1.0,0.0
29,145,1.4637253100816578,11.277809016880438,0.0,1.0,0.0,0.0,0.0,1.0
0,150,12.0,10.010966100884325,1.0,1.0,0.0,1.0,0.0,0.0
1,150,11.707691076730704,12.0,0.0,0.0,1.0,0.0,0.0,1.0
2,150,4.76775289078979,0.0,1.0,0.0,1.0,1.0,0.0,1.0
3,150,8.14028347920851,1.3796368630319698,0.0,0.0,1.0,0.0,0.0,0.0
4,150,12.0,8.15152090431664,0.0,0.0,1.0,0.0,0.0,1.0
5,150,9.144710894768098,8.094354968327279,0.0,1.0,1.0,0.0,1.0,0.0
6,150,11.07310080507084,6.639181655798113,0.0,0.0,1.0,0.0,0.0,1.0
7,150,11.914408657082603,2.3676753299135047,1.0,0.0,0.0,0.0,0.0,0.0
8,150,4.72810548504323,9.884510019212325,0.0,0.0,0.0,0.0,1.0,0.0
9,150,0.0,1.2084740314487692,0.0,0.0,0.0,1.0,0.0,1.0
10,150,0.0,2.3547144708645664,1.0,0.0,0.0,0.0,0.0,0.0
11,150,11.618696281937922,4.111084623496152,0.0,1.0,1.0,0.0,1.0,1.0
12,150,5.049704738835358,11.199470960584634,0.0,1.0,0.0,0.0,0.0,0.0
13,150,0.0796220786790144,6.624822637659259,0.0,1.0,0.0,0.0,0.0,0.0
14,150,3.670747717497949,0.0,0.0,0.0,1.0,0.0,0.0,0.0
15,150,4.928448923584461,9.603143692089397,0.0,0.0,0.0,0.0,0.0,1.0
16,150,6.682168770326329,6.211686149827026,0.0,0.0,0.0,0.0,0.0,1.0
17,150,4.982754639048386,3.838991640347047,0.0,0.0,0.0,1.0,0.0,0.0
18,150,11.67759997930194,3.2646898969466167,0.0,1.0,1.0,0.0,0.0,1.0
19,150,8.756013875672249,6.293120992882981,1.0,0.0,0.0,1.0,0.0,0.0
20,150,1.864111821640772,6.299447094873495,0.0,0.0,1.0,1.0,0.0,0.0
21,150,1.280089959780813,0.1732252818883741,0.0,1.0,0.0,0.0,1.0,1.0
22,150,11.505026259135615,9.199564861541242,1.0,0.0,1.0,0.0,0.0,0.0
23,150,12.0,10.529306786437909,0.0,1.0,0.0,0.0,1.0,0.0
24,150,1.7400233739608,9.140292503114384,0.0,1.0,0.0,1.0,1.0,1.0
25,150,2.678760064300782,8.517175027832938,1.0,0.0,0.0,0.0,0.0,0.0
26,150,12.0,7.454960045459188,0.0,0.0,1.0,1.0,1.0,0.0
27,150,4.01584283214716,0.0,0.0,0.0,0.0,0.0,0.0,1.0
28,150,12.0,3.785147137102165,0.0,0.0,1.0,1.0,1.0,0.0
29,150,1.4444420861350955,11.303865081911756,0.0,1.0,0.0,0.0,0.0,1.0
0,155,12.0,9.925418432145094,1.0,1.0,0.0,1.0,0.0,0.0
1,155,11.799684570497748,12.0,0.0,0.0,1.0,0.0,0.0,1.0
2,155,4.774129882711173,0.0,1.0,0.0,1.0,1.0,0.0,1.0
3,155,8.159329722207563,1.401290586097803,0.0,0.0,1.0,0.0,0.0,0.0
4,155,12.0,8.205170097435534,0.0,0.0,1.0,0.0,0.0,1.0
5,155,9.150621083082893,8.129925743025664,0.0,1.0,1.0,0.0,1.0,0.0
6,155,11.081452796349131,6.615746754545029,0.0,0.0,1.0,0.0,0.0,1.0
7,155,11.945657571457536,2.3602720102864816,1.0,0.0,0.0,0.0,0.0,0.0
8,155,4.729678107628862,9.862008717832758,0.0,0.0,0.0,0.0,1.0,0.0
9,155,0.0,1.231606387603869,0.0,0.0,0.0,1.0,0.0,1.0
10,155,0.0,2.335273126833607,1.0,0.0,0.0,0.0,0.0,0.0
11,155,11.613825425026567,4.1259314148350015,0.0,1.0,1.0,0.0,1.0,1.0
12,155,5.053416266449818,11.213483503391274,0.0,1.0,0.0,0.0,0.0,0.0
13,155,0.0887532912382731,6.71211240429574,0.0,1.0,0.0,0.0,0.0,0.0
14,155,3.659082995209865,0.0,0.0,0.0,1.0,0.0,0.0,0.0
15,155,4.84031768413583,9.555780883111238,0.0,0.0,0.0,0.0,0.0,1.0
16,155,6.679163932883846,6.175096067363143,0.0,0.0,0.0,0.0,0.0,1.0
17,155,4.933056134940922,3.755830871181391,0.0,0.0,0.0,1.0,0.0,0.0
18,155,11.81720528475364,3.246743599252161,0.0,1.0,1.0,0.0,0.0,1.0
19,155,8.674739075904036,6.242628646255292,1.0,0.0,0.0,1.0,0.0,0.0
20,155,1.7405481302689094,6.323290385622898,0.0,0.0,1.0,1.0,0.0,0.0
21,155,1.2634462012442231,0.1675207748510316,0.0,1.0,0.0,0.0,1.0,1.0
22,155,11.460277163923871,9.288322939427651,1.0,0.0,1.0,0.0,0.0,0.0
23,155,12.0,10.563229322671166,0.0,1.0,0.0,0.0,1.0,0.0
24,155,1.6987174967684846,9.112980808548404,0.0,1.0,0.0,1.0,1.0,1.0
25,155,2.6785900441989883,8.517462889979262,1.0,0.0,0.0,0.0,0.0,0.0
26,155,12.0,7.459562774714917,0.0,0.0,1.0,1.0,1.0,0.0
27,155,4.028367382890765,0.0,0.0,0.0,0.0,0.0,0.0,1.0
28,155,12.0,3.727265906067637,0.0,0.0,1.0,1.0,1.0,0.0
29,155,1.411105371732335,11.347554488834016,0.0,1.0,0.0,0.0,0.0,1.0
0,160,12.0,9.831841406159198,1.0,1.0,0.0,1.0,0.0,0.0
1,160,11.899854881400897,12.0,0.0,0.0,1.0,0.0,0.0,1.0
2,160,4.777660959317994,0.0,1.0,0.0,1.0,1.0,0.0,1.0
3,160,8.171750478775195,1.4152914965343733,0.0,0.0,1.0,0.0,0.0,0.0
4,160,12.0,8.258438923763569,0.0,0.0,1.0,0.0,0.0,1.0
5,160,9.157411476973753,8.17213397238213,0.0,1.0,1.0,0.0,1.0,0.0
6,160,11.085921618558595,6.603871788304948,0.0,0.0,1.0,0.0,0.0,1.0
7,160,11.982249102779852,2.3505881194495,1.0,0.0,0.0,0.0,0.0,0.0
8,160,4.730162118772888,9.856994550697005,0.0,0.0,0.0,0.0,1.0,0.0
9,160,0.0,1.2777330108532772,0.0,0.0,0.0,1.0,0.0,1.0
10,160,0.0,2.322267799392346,1.0,0.0,0.0,0.0,0.0,0.0
11,160,11.601945564206186,4.15852368521174,0.0,1.0,1.0,0.0,1.0,1.0
12,160,5.054062708989082,11.215823049196196,0.0,1.0,0.0,0.0,0.0,0.0
13,160,0.0984626378974147,6.829589611034463,0.0,1.0,0.0,0.0,0.0,0.0
14,160,3.6502829708843,0.0,0.0,0.0,1.0,0.0,0.0,0.0
15,160,4.733718891411401,9.500110241711068,0.0,0.0,0.0,0.0,0.0,1.0
16,160,6.675329822228101,6.137575139787513,0.0,0.0,0.0,0.0,0.0,1.0
17,160,4.883503853231479,3.66957841944881,0.0,0.0,0.0,1.0,0.0,0.0
18,160,11.933767832935382,3.2345620837125257,0.0,1.0,1.0,0.0,0.0,1.0
19,160,8.59047814669207,6.188208269096164,1.0,0.0,0.0,1.0,0.0,0.0
20,160,1.6262210704325537,6.347894207148937,0.0,0.0,1.0,1.0,0.0,0.0
21,160,1.2857753133266157,0.1751465181918126,0.0,1.0,0.0,0.0,1.0,1.0
22,160,11.41099380554386,9.388538643176572,1.0,0.0,1.0,0.0,0.0,0.0
23,160,12.0,10.5958339014091,0.0,1.0,0.0,0.0,1.0,0.0
24,160,1.6811148072084068,9.101643181206033,0.0,1.0,0.0,1.0,1.0,1.0
25,160,2.673937138284065,8.525203573638752,1.0,0.0,0.0,0.0,0.0,0.0
26,160,12.0,7.465315725674434,0.0,0.0,1.0,1.0,1.0,0.0
27,160,4.044356877801286,0.0,0.0,0.0,0.0,0.0,0.0,1.0
28,160,12.0,3.702428320855231,0.0,0.0,1.0,1.0,1.0,0.0
29,160,1.3750514406734065,11.39450180442496,0.0,1.0,0.0,0.0,0.0,1.0
0,165,12.0,9.734670221343972,1.0,1.0,0.0,1.0,0.0,0.0
1,165,11.997995785821784,12.0,0.0,0.0,1.0,0.0,0.0,1.0
2,165,4.781142408355602,0.0,1.0,0.0,1.0,1.0,0.0,1.0
3,165,8.173442117491591,1.4172851607591044,0.0,0.0,1.0,0.0,0.0,0.0
4,165,12.0,8.303593181313596,0.0,0.0,1.0,0.0,0.0,1.0
5,165,9.162627130307092,8.207214433705142,0.0,1.0,1.0,0.0,1.0,0.0
6,165,11.052573044115888,6.591626779169216,0.0,0.0,1.0,0.0,0.0,1.0
7,165,12.0,2.3419891717580694,1.0,0.0,0.0,0.0,0.0,0.0
8,165,4.73048501990313,9.853163902409392,0.0,0.0,0.0,0.0,1.0,0.0
9,165,0.0,1.3135667909751072,0.0,0.0,0.0,1.0,0.0,1.0
10,165,0.0,2.305291166437517,1.0,0.0,0.0,0.0,0.0,0.0
11,165,11.588623832897555,4.197835969526147,0.0,1.0,1.0,0.0,1.0,1.0
12,165,5.051736110164869,11.208682947843124,0.0,1.0,0.0,0.0,0.0,0.0
13,165,0.1020892790445933,6.935174945373529,0.0,1.0,0.0,0.0,0.0,0.0
14,165,3.634161366053275,0.0,0.0,0.0,1.0,0.0,0.0,0.0
15,165,4.61438978347186,9.436664938280092,0.0,0.0,0.0,0.0,0.0,1.0
16,165,6.672147729154943,6.091785564383555,0.0,0.0,0.0,0.0,0.0,1.0
17,165,4.830361840482818,3.5755135643002585,0.0,0.0,0.0,1.0,0.0,0.0
18,165,12.0,3.225035952996547,0.0,1.0,1.0,0.0,0.0,1.0
19,165,8.514389363182392,6.141512549433703,1.0,0.0,0.0,1.0,0.0,0.0
20,165,1.5064866306805411,6.375502577222254,0.0,0.0,1.0,1.0,0.0,0.0
21,165,1.3045084214166656,0.1817246014291351,0.0,1.0,0.0,0.0,1.0,1.0
22,165,11.368297372098844,9.472428956175804,1.0,0.0,1.0,0.0,0.0,0.0
23,165,12.0,10.631171549678577,0.0,1.0,0.0,0.0,1.0,0.0
24,165,1.665265131571646,9.091784025426058,0.0,1.0,0.0,1.0,1.0,1.0
25,165,2.655789558918422,8.555381817342976,1.0,0.0,0.0,0.0,0.0,0.0
26,165,12.0,7.471259240496218,0.0,0.0,1.0,1.0,1.0,0.0
27,165,4.062546874120569,0.0,0.0,0.0,0.0,0.0,0.0,1.0
28,165,12.0,3.6543438179981975,0.0,0.0,1.0,1.0,1.0,0.0
29,165,1.3394875032670746,11.439304461352624,0.0,1.0,0.0,0.0,0.0,1.0
0,170,12.0,9.631026361537304,1.0,1.0,0.0,1.0,0.0,0.0
1,170,12.0,12.0,0.0,0.0,1.0,0.0,0.0,1.0
2,170,4.785636755783016,0.0,1.0,0.0,1.0,1.0,0.0,1.0
3,170,8.170622748753024,1.4195270698649534,0.0,0.0,1.0,0.0,0.0,0.0
4,170,12.0,8.341361134440223,0.0,0.0,1.0,0.0,0.0,1.0
5,170,9.169922283090957,8.255091908044943,0.0,1.0,1.0,0.0,1.0,0.0
6,170,11.00443896452962,6.575121475079248,0.0,0.0,1.0,0.0,0.0,1.0
7,170,12.0,2.331871796320039,1.0,0.0,0.0,0.0,0.0,0.0
8,170,4.730809588687207,9.84975315521967,0.0,0.0,0.0,0.0,1.0,0.0
9,170,0.0,1.3522757236305647,0.0,0.0,0.0,1.0,0.0,1.0
10,170,0.0,2.291238266493796,1.0,0.0,0.0,0.0,0.0,0.0
11,170,11.573962191693465,4.243222662382824,0.0,1.0,1.0,0.0,1.0,1.0
12,170,5.0509305893582095,11.2062989573849,0.0,1.0,0.0,0.0,0.0,0.0
13,170,0.1050235501351987,7.053995633433716,0.0,1.0,0.0,0.0,0.0,0.0
14,170,3.6231563940803255,0.0,0.0,0.0,1.0,0.0,0.0,0.0
15,170,4.497265814070736,9.369444940330006,0.0,0.0,0.0,0.0,0.0,1.0
16,170,6.670370056549422,6.062197197135923,0.0,0.0,0.0,0.0,0.0,1.0
17,170,4.751847916932737,3.621723180196949,0.0,0.0,0.0,1.0,0.0,0.0
18,170,12.0,3.2188995301844154,0.0,1.0,1.0,0.0,0.0,1.0
19,170,8.462800947304082,6.2264121243409685,1.0,0.0,0.0,1.0,0.0,0.0
20,170,1.3860551447854854,6.400755343190097,0.0,0.0,1.0,1.0,0.0,0.0
21,170,1.324957884301325,0.1894205698886318,0.0,1.0,0.0,0.0,1.0,1.0
22,170,11.321748153141137,9.562126111518335,1.0,0.0,1.0,0.0,0.0,0.0
23,170,12.0,10.668798242086671,0.0,1.0,0.0,0.0,1.0,0.0
24,170,1.642000231158932,9.078392612541831,0.0,1.0,0.0,1.0,1.0,1.0
25,170,2.638869321126266,8.582959223215878,1.0,0.0,0.0,0.0,0.0,0.0
26,170,12.0,7.474421159591944,0.0,0.0,1.0,1.0,1.0,0.0
27,170,4.074966092666172,0.0,0.0,0.0,0.0,0.0,0.0,1.0
28,170,12.0,3.6055340867908177,0.0,0.0,1.0,1.0,1.0,0.0
29,170,1.3027219069367453,11.48869514830517,0.0,1.0,0.0,0.0,0.0,1.0
0,175,12.0,9.545416627931056,1.0,1.0,0.0,1.0,0.0,0.0
1,175,12.0,12.0,0.0,0.0,1.0,0.0,0.0,1.0
2,175,4.793162659651063,0.0,1.0,0.0,1.0,1.0,0.0,1.0
3,175,8.18940361070065,1.4041251464185591,0.0,0.0,1.0,0.0,0.0,0.0
4,175,12.0,8.377975833515348,0.0,0.0,1.0,0.0,0.0,1.0
5,175,9.17793638811531,8.310721257554698,0.0,1.0,1.0,0.0,1.0,0.0
6,175,10.959165573748226,6.561935709994154,0.0,0.0,1.0,0.0,0.0,1.0
7,175,12.0,2.324166080761916,1.0,0.0,0.0,0.0,0.0,0.0
8,175,4.728724333481853,9.866412986641883,0.0,0.0,0.0,0.0,1.0,0.0
9,175,0.0,1.3839777987045203,0.0,0.0,0.0,1.0,0.0,1.0
10,175,0.0,2.279157367810049,1.0,0.0,0.0,0.0,0.0,0.0
11,175,11.554296764267082,4.3023322707335,0.0,1.0,1.0,0.0,1.0,1.0
12,175,5.048738362218477,11.200020116470483,0.0,1.0,0.0,0.0,0.0,0.0
13,175,0.1086568898462881,7.162076997389003,0.0,1.0,0.0,0.0,0.0,0.0
14,175,3.6083053523169375,0.0,0.0,0.0,1.0,0.0,0.0,0.0
15,175,4.358038453891443,9.288462764441162,0.0,0.0,0.0,0.0,0.0,1.0
16,175,6.668998845582649,6.042175174857174,0.0,0.0,0.0,0.0,0.0,1.0
17,175,4.675813043588885,3.668568149330989,0.0,0.0,0.0,1.0,0.0,0.0
18,175,12.0,3.213378845567929,0.0,1.0,1.0,0.0,0.0,1.0
19,175,8.404898470031094,6.318502351545227,1.0,0.0,0.0,1.0,0.0,0.0
20,175,1.2690643815481633,6.426090976095814,0.0,0.0,1.0,1.0,0.0,0.0
21,175,1.3185274654248131,0.1870124859811986,0.0,1.0,0.0,0.0,1.0,1.0
22,175,11.266073778777022,9.66653974408343,1.0,0.0,1.0,0.0,0.0,0.0
23,175,12.0,10.70009535484408,0.0,1.0,0.0,0.0,1.0,0.0
24,175,1.6164561141172156,9.064184993981236,0.0,1.0,0.0,1.0,1.0,1.0
25,175,2.6247169648808457,8.605624517150481,1.0,0.0,0.0,0.0,0.0,0.0
26,175,12.0,7.475961574467608,0.0,0.0,1.0,1.0,1.0,0.0
27,175,4.085652919276898,0.0,0.0,0.0,0.0,0.0,0.0,1.0
28,175,12.0,3.5423356978130647,0.0,0.0,1.0,1.0,1.0,0.0
29,175,1.2791691083619383,11.520156261869392,0.0,1.0,0.0,0.0,0.0,1.0
0,180,12.0,9.465620642139774,1.0,1.0,0.0,1.0,0.0,0.0
1,180,12.0,12.0,0.0,0.0,1.0,0.0,0.0,1.0
2,180,4.801906288858327,0.0,1.0,0.0,1.0,1.0,0.0,1.0
3,180,8.199751791644422,1.3963830100908516,0.0,0.0,1.0,0.0,0.0,0.0
4,180,12.0,8.412277844416327,0.0,0.0,1.0,0.0,0.0,1.0
5,180,9.188571227908248,8.386871041282092,0.0,1.0,1.0,0.0,1.0,0.0
6,180,10.925216232267973,6.552888809425983,0.0,0.0,1.0,0.0,0.0,1.0
7,180,12.0,2.3203602369835257,1.0,0.0,0.0,0.0,0.0,0.0
8,180,4.729611960897938,9.860165999574114,0.0,0.0,0.0,0.0,1.0,0.0
9,180,0.0,1.4198429267340946,0.0,0.0,0.0,1.0,0.0,1.0
10,180,0.0,2.269717647818945,1.0,0.0,0.0,0.0,0.0,0.0
11,180,11.535990618004105,4.358664645058354,0.0,1.0,1.0,0.0,1.0,1.0
12,180,5.057199717488729,11.22367107250394,0.0,1.0,0.0,0.0,0.0,0.0
13,180,0.1119609925388696,7.265646771467616,0.0,1.0,0.0,0.0,0.0,0.0
14,180,3.597207161511282,0.0,0.0,0.0,1.0,0.0,0.0,0.0
15,180,4.197005487219119,9.201469758633763,0.0,0.0,0.0,0.0,0.0,1.0
16,180,6.666583035139501,6.01543913301916,0.0,0.0,0.0,0.0,0.0,1.0
17,180,4.58361701026353,3.726071489224855,0.0,0.0,0.0,1.0,0.0,0.0
18,180,12.0,3.2075555847359243,0.0,1.0,1.0,0.0,0.0,1.0
19,180,8.349055563169307,6.404049365840579,1.0,0.0,0.0,1.0,0.0,0.0
20,180,1.1556017633648763,6.450823029457533,0.0,0.0,1.0,1.0,0.0,0.0
21,180,1.3241614383476732,0.1891150611265978,0.0,1.0,0.0,0.0,1.0,1.0
22,180,11.20342372959944,9.783961355450575,1.0,0.0,1.0,0.0,0.0,0.0
23,180,12.0,10.724481222218254,0.0,1.0,0.0,0.0,1.0,0.0
24,180,1.6009484870832071,9.05503088279248,0.0,1.0,0.0,1.0,1.0,1.0
25,180,2.611765093614939,8.62534042519939,1.0,0.0,0.0,0.0,0.0,0.0
26,180,12.0,7.47834118366032,0.0,0.0,1.0,1.0,1.0,0.0
27,180,4.096348087913167,0.0,0.0,0.0,0.0,0.0,0.0,1.0
28,180,12.0,3.4736469044699745,0.0,0.0,1.0,1.0,1.0,0.0
29,180,1.2558931385512837,11.5527561781467,0.0,1.0,0.0,0.0,0.0,1.0
0,185,12.0,9.380618333609172,1.0,1.0,0.0,1.0,0.0,0.0
1,185,12.0,12.0,0.0,0.0,1.0,0.0,0.0,1.0
2,185,4.809182430574298,0.0,1.0,0.0,1.0,1.0,0.0,1.0
3,185,8.210146173067113,1.3886778483776434,0.0,0.0,1.0,0.0,0.0,0.0
4,185,12.0,8.454962756093973,0.0,0.0,1.0,0.0,0.0,1.0
5,185,9.202333676144328,8.472081050830983,0.0,1.0,1.0,0.0,1.0,0.0
6,185,10.916403558237056,6.550650740670063,0.0,0.0,1.0,0.0,0.0,1.0
7,185,12.0,2.3113591019394444,1.0,0.0,0.0,0.0,0.0,0.0
8,185,4.730387914467515,9.854767905702774,0.0,0.0,0.0,0.0,1.0,0.0
9,185,0.0,1.456001763376091,0.0,0.0,0.0,1.0,0.0,1.0
10,185,0.0,2.2601285112070477,1.0,0.0,0.0,0.0,0.0,0.0
11,185,11.512434846498156,4.427091046114038,0.0,1.0,1.0,0.0,1.0,1.0
12,185,5.0632841958304295,11.240953313065209,0.0,1.0,0.0,0.0,0.0,0.0
13,185,0.1153087562972073,7.3752057365890815,0.0,1.0,0.0,0.0,0.0,0.0
14,185,3.5863812953453404,0.0,0.0,0.0,1.0,0.0,0.0,0.0
15,185,4.040473836140007,9.11571198038106,0.0,0.0,0.0,0.0,0.0,1.0
16,185,6.660822545795544,5.967354200071638,0.0,0.0,0.0,0.0,0.0,1.0
17,185,4.506000506618795,3.774100998091875,0.0,0.0,0.0,1.0,0.0,0.0
18,185,12.0,3.201675328144528,0.0,1.0,1.0,0.0,0.0,1.0
19,185,8.305916569461878,6.46857751889788,1.0,0.0,0.0,1.0,0.0,0.0
20,185,1.0408201643020751,6.477262374285795,0.0,0.0,1.0,1.0,0.0,0.0
21,185,1.3436781103917006,0.1970748892729912,0.0,1.0,0.0,0.0,1.0,1.0
22,185,11.128403892853536,9.923155817903083,1.0,0.0,1.0,0.0,0.0,0.0
23,185,12.0,10.75819501761468,0.0,1.0,0.0,0.0,1.0,0.0
24,185,1.6024221765515327,9.055915220786252,0.0,1.0,0.0,1.0,1.0,1.0
25,185,2.605446088508923,8.634455360262029,1.0,0.0,0.0,0.0,0.0,0.0
26,185,12.0,7.483160837250488,0.0,0.0,1.0,1.0,1.0,0.0
27,185,4.108780944585275,0.0,0.0,0.0,0.0,0.0,0.0,1.0
28,185,12.0,3.3895425794975886,0.0,0.0,1.0,1.0,1.0,0.0
29,185,1.2274700778680363,11.59048037730196,0.0,1.0,0.0,0.0,0.0,1.0
0,190,12.0,9.295651102443829,1.0,1.0,0.0,1.0,0.0,0.0
1,190,12.0,12.0,0.0,0.0,1.0,0.0,0.0,1.0
2,190,4.8182435306057485,0.0,1.0,0.0,1.0,1.0,0.0,1.0
3,190,8.212087498305033,1.391411089062491,0.0,0.0,1.0,0.0,0.0,0.0
4,190,12.0,8.493711999416957,0.0,0.0,1.0,0.0,0.0,1.0
5,190,9.215374636392731,8.553736758736932,0.0,1.0,1.0,0.0,1.0,0.0
6,190,10.911209293618386,6.549222257735273,0.0,0.0,1.0,0.0,0.0,1.0
7,190,12.0,2.3046227671325106,1.0,0.0,0.0,0.0,0.0,0.0
8,190,4.730944011168236,9.850928532902811,0.0,0.0,0.0,0.0,1.0,0.0
9,190,0.0,1.4956560165339718,0.0,0.0,0.0,1.0,0.0,1.0
10,190,0.0,2.2391825425276006,1.0,0.0,0.0,0.0,0.0,0.0
11,190,11.49050585561724,4.489764533376216,0.0,1.0,1.0,0.0,1.0,1.0
12,190,5.062966936634965,11.239871184160936,0.0,1.0,0.0,0.0,0.0,0.0
13,190,0.1146902962576457,7.473201766195683,0.0,1.0,0.0,0.0,0.0,0.0
14,190,3.5763744395839936,0.0,0.0,0.0,1.0,0.0,0.0,0.0
15,190,3.868154291476157,9.027821518296632,0.0,0.0,0.0,0.0,0.0,1.0
16,190,6.652611303478601,5.913638219578324,0.0,0.0,0.0,0.0,0.0,1.0
17,190,4.4380297388359855,3.817451110803471,0.0,0.0,0.0,1.0,0.0,0.0
18,190,12.0,3.1968203746856303,0.0,1.0,1.0,0.0,0.0,1.0
19,190,8.263211047483955,6.5321080376743845,1.0,0.0,0.0,1.0,0.0,0.0
20,190,0.9172100692059324,6.50677280167687,0.0,0.0,1.0,1.0,0.0,0.0
21,190,1.36864016483202,0.2070211319963962,0.0,1.0,0.0,0.0,1.0,1.0
22,190,11.061148171270569,10.048120427870764,1.0,0.0,1.0,0.0,0.0,0.0
23,190,12.0,10.78946442189038,0.0,1.0,0.0,0.0,1.0,0.0
24,190,1.593350817674934,9.050481200405551,0.0,1.0,0.0,1.0,1.0,1.0
25,190,2.587384799367465,8.659990402016527,1.0,0.0,0.0,0.0,0.0,0.0
26,190,12.0,7.488222096886503,0.0,0.0,1.0,1.0,1.0,0.0
27,190,4.122052747738104,0.0,0.0,0.0,0.0,0.0,0.0,1.0
28,190,12.0,3.3011203267005285,0.0,0.0,1.0,1.0,1.0,0.0
29,190,1.2152060290566018,11.606129672092376,0.0,1.0,0.0,0.0,0.0,1.0
0,195,12.0,9.195596598845205,1.0,1.0,0.0,1.0,0.0,0.0
1,195,12.0,12.0,0.0,0.0,1.0,0.0,0.0,1.0
2,195,4.828712312072361,0.0,1.0,0.0,1.0,1.0,0.0,1.0
3,195,8.214066114126153,1.3942106175940792,0.0,0.0,1.0,0.0,0.0,0.0
4,195,12.0,8.533191670106378,0.0,0.0,1.0,0.0,0.0,1.0
5,195,9.222004318926848,8.611943800141976,0.0,1.0,1.0,0.0,1.0,0.0
6,195,10.900859477604614,6.54630585601314,0.0,0.0,1.0,0.0,0.0,1.0
7,195,12.0,2.298040929130565,1.0,0.0,0.0,0.0,0.0,0.0
8,195,4.73352297254948,9.829058888303315,0.0,0.0,0.0,0.0,1.0,0.0
9,195,0.0,1.5511103788673852,0.0,0.0,0.0,1.0,0.0,1.0
10,195,0.0,2.22517484346738,1.0,0.0,0.0,0.0,0.0,0.0
11,195,11.466367729161576,4.554174984452517,0.0,1.0,1.0,0.0,1.0,1.0
12,195,5.058068010331108,11.224758249855704,0.0,1.0,0.0,0.0,0.0,0.0
13,195,0.1143593370687775,7.590408452717446,0.0,1.0,0.0,0.0,0.0,0.0
14,195,3.569157504361128,0.0,0.0,0.0,1.0,0.0,0.0,0.0
15,195,3.687445043495641,8.938477310321186,0.0,0.0,0.0,0.0,0.0,1.0
16,195,6.702763591573588,5.905597281500494,0.0,0.0,0.0,0.0,0.0,1.0
17,195,4.3599344960646285,3.867176539633518,0.0,0.0,0.0,1.0,0.0,0.0
18,195,12.0,3.1910348962906765,0.0,1.0,1.0,0.0,0.0,1.0
19,195,8.216870655246018,6.603432461395548,1.0,0.0,0.0,1.0,0.0,0.0
20,195,0.7925798526757414,6.5365836025524615,0.0,0.0,1.0,1.0,0.0,0.0
21,195,1.3834397495130473,0.212764778397946,0.0,1.0,0.0,0.0,1.0,1.0
22,195,10.99784415619389,10.170540032265178,1.0,0.0,1.0,0.0,0.0,0.0
23,195,12.0,10.81688261701962,0.0,1.0,0.0,0.0,1.0,0.0
24,195,1.5797945666396018,9.042299436352922,0.0,1.0,0.0,1.0,1.0,1.0
25,195,2.5849327676305647,8.66346240083586,1.0,0.0,0.0,0.0,0.0,0.0
26,195,12.0,7.496460333640496,0.0,0.0,1.0,1.0,1.0,0.0
27,195,4.136773253459887,0.0,0.0,0.0,0.0,0.0,0.0,1.0
28,195,12.0,3.2106568595080542,0.0,0.0,1.0,1.0,1.0,0.0
29,195,1.2031859464798378,11.62264325393969,0.0,1.0,0.0,0.0,0.0,1.0
0,200,12.0,9.078953746925468,1.0,1.0,0.0,1.0,0.0,0.0
1,200,12.0,12.0,0.0,0.0,1.0,0.0,0.0,1.0
2,200,4.838296597997331,0.0,1.0,0.0,1.0,1.0,0.0,1.0
3,200,8.212636457677851,1.392281824166476,0.0,0.0,1.0,0.0,0.0,0.0
4,200,12.0,8.576881870900383,0.0,0.0,1.0,0.0,0.0,1.0
5,200,9.2295711501984,8.676562102647114,0.0,1.0,1.0,0.0,1.0,0.0
6,200,10.878891618705472,6.539581243753278,0.0,0.0,1.0,0.0,0.0,1.0
7,200,12.0,2.293296234055453,1.0,0.0,0.0,0.0,0.0,0.0
8,200,4.74041086038623,9.77454729066604,0.0,0.0,0.0,0.0,1.0,0.0
9,200,0.0,1.609644561302742,0.0,0.0,0.0,1.0,0.0,1.0
10,200,0.0002605564264221,2.2253199243539727,1.0,0.0,0.0,0.0,0.0,0.0
11,200,11.449396768560202,4.59866344555043,0.0,1.0,1.0,0.0,1.0,1.0
12,200,5.05246370043206,11.208378806416397,0.0,1.0,0.0,0.0,0.0,0.0
13,200,0.1113017646146421,7.700302583300601,0.0,1.0,0.0,0.0,0.0,0.0
14,200,3.5628936853925626,0.0,0.0,0.0,1.0,0.0,0.0,0.0
15,200,3.515196189669744,8.849922416707615,0.0,0.0,0.0,0.0,0.0,1.0
16,200,6.719989936488584,5.902862997006952,0.0,0.0,0.0,0.0,0.0,1.0
17,200,4.275461846451591,3.9186799975656337,0.0,0.0,0.0,1.0,0.0,0.0
18,200,12.0,3.186035081210909,0.0,1.0,1.0,0.0,0.0,1.0
19,200,8.163387354145323,6.682781160896779,1.0,0.0,0.0,1.0,0.0,0.0
20,200,0.6667780373503303,6.567800166004937,0.0,0.0,1.0,1.0,0.0,0.0
21,200,1.389418348445883,0.2149329894396563,0.0,1.0,0.0,0.0,1.0,1.0
22,200,10.925586122288331,10.31178116725468,1.0,0.0,1.0,0.0,0.0,0.0
23,200,12.0,10.841709267284315,0.0,1.0,0.0,0.0,1.0,0.0
24,200,1.5841705525017495,9.04491829265512,0.0,1.0,0.0,1.0,1.0,1.0
25,200,2.589889701314722,8.656331200724631,1.0,0.0,0.0,0.0,0.0,0.0
26,200,12.0,7.506406882913739,0.0,0.0,1.0,1.0,1.0,0.0
27,200,4.154430425358071,0.0,0.0,0.0,0.0,0.0,0.0,1.0
28,200,12.0,3.11936600873255,0.0,0.0,1.0,1.0,1.0,0.0
29,200,1.188011428853529,11.643388822852092,0.0,1.0,0.0,0.0,0.0,1.0
0,205,12.0,8.972915231000565,1.0,1.0,0.0,1.0,0.0,0.0
1,205,12.0,12.0,0.0,0.0,1.0,0.0,0.0,1.0
2,205,4.8432980935683405,0.0,1.0,0.0,1.0,1.0,0.0,1.0
3,205,8.203381230713251,1.380104480274008,0.0,0.0,1.0,0.0,0.0,0.0
4,205,12.0,8.615838485348402,0.0,0.0,1.0,0.0,0.0,1.0
5,205,9.236250797340231,8.723427950588187,0.0,1.0,1.0,0.0,1.0,0.0
6,205,10.867889534401153,6.536054615688858,0.0,0.0,1.0,0.0,0.0,1.0
7,205,12.0,2.290130524912472,1.0,0.0,0.0,0.0,0.0,0.0
8,205,4.752872208590966,9.678567814876292,0.0,0.0,0.0,0.0,1.0,0.0
9,205,0.0,1.6737428785581454,0.0,0.0,0.0,1.0,0.0,1.0
10,205,0.0,2.221944202543143,1.0,0.0,0.0,0.0,0.0,0.0
11,205,11.4314612109595,4.643452748462966,0.0,1.0,1.0,0.0,1.0,1.0
12,205,5.042181181821681,11.181915150073625,0.0,1.0,0.0,0.0,0.0,0.0
13,205,0.1090230459973486,7.803763332662257,0.0,1.0,0.0,0.0,0.0,0.0
14,205,3.5578245619039923,0.0,0.0,0.0,1.0,0.0,0.0,0.0
15,205,3.3465684326384624,8.7662275989219,0.0,0.0,0.0,0.0,0.0,1.0
16,205,6.712675940260517,5.903919624717146,0.0,0.0,0.0,0.0,0.0,1.0
17,205,4.2256626338577306,3.839619588350582,0.0,0.0,0.0,1.0,0.0,0.0
18,205,12.0,3.182407998872569,0.0,1.0,1.0,0.0,0.0,1.0
19,205,8.117020331272833,6.751311416538987,1.0,0.0,0.0,1.0,0.0,0.0
20,205,0.5505404663250969,6.595603561464816,0.0,0.0,1.0,1.0,0.0,0.0
21,205,1.3948182730758396,0.216919144862049,0.0,1.0,0.0,0.0,1.0,1.0
22,205,10.85535933504428,10.451206462953012,1.0,0.0,1.0,0.0,0.0,0.0
23,205,12.0,10.864959051159577,0.0,1.0,0.0,0.0,1.0,0.0
24,205,1.5966082887944697,9.052364669302769,0.0,1.0,0.0,1.0,1.0,1.0
25,205,2.5961041441594195,8.647167601980607,1.0,0.0,0.0,0.0,0.0,0.0
26,205,12.0,7.511086720393487,0.0,0.0,1.0,1.0,1.0,0.0
27,205,4.171617195925507,0.0,0.0,0.0,0.0,0.0,0.0,1.0
28,205,12.0,3.0463793946218,0.0,0.0,1.0,1.0,1.0,0.0
29,205,1.1701791275621582,11.667969347546885,0.0,1.0,0.0,0.0,0.0,1.0
0,210,12.0,8.867802116965645,1.0,1.0,0.0,1.0,0.0,0.0
1,210,12.0,12.0,0.0,0.0,1.0,0.0,0.0,1.0
2,210,4.849191460673394,0.0,1.0,0.0,1.0,1.0,0.0,1.0
3,210,8.201427030948723,1.3776141271570157,0.0,0.0,1.0,0.0,0.0,0.0
4,210,12.0,8.660271908781828,0.0,0.0,1.0,0.0,0.0,1.0
5,210,9.24051887024555,8.753040866587533,0.0,1.0,1.0,0.0,1.0,0.0
6,210,10.864489955802355,6.534994766241223,0.0,0.0,1.0,0.0,0.0,1.0
7,210,12.0,2.290048273235482,1.0,0.0,0.0,0.0,0.0,0.0
8,210,4.767942447835367,9.57729524696642,0.0,0.0,0.0,0.0,1.0,0.0
9,210,0.0,1.7159981379066451,0.0,0.0,0.0,1.0,0.0,1.0
10,210,0.0162277868970913,2.230185235952749,1.0,0.0,0.0,0.0,0.0,0.0
11,210,11.408957825584444,4.699381121907527,0.0,1.0,1.0,0.0,1.0,1.0
12,210,5.028782011554705,11.14783691233392,0.0,1.0,0.0,0.0,0.0,0.0
13,210,0.1063352466019449,7.890809468202465,0.0,1.0,0.0,0.0,0.0,0.0
14,210,3.551750354419283,0.0,0.0,0.0,1.0,0.0,0.0,0.0
15,210,3.1653608079548667,8.676878683793996,0.0,0.0,0.0,0.0,0.0,1.0
16,210,6.7072278613476985,5.904834760327264,0.0,0.0,0.0,0.0,0.0,1.0
17,210,4.171570867067,3.757274585251769,0.0,0.0,0.0,1.0,0.0,0.0
18,210,12.0,3.1771750951563296,0.0,1.0,1.0,0.0,0.0,1.0
19,210,8.073234122414586,6.817385731532967,1.0,0.0,0.0,1.0,0.0,0.0
20,210,0.4265385846940865,6.622356229277819,0.0,0.0,1.0,1.0,0.0,0.0
21,210,1.3992876640899947,0.2184802567752114,0.0,1.0,0.0,0.0,1.0,1.0
22,210,10.790194440011344,10.574060872788216,1.0,0.0,1.0,0.0,0.0,0.0
23,210,12.0,10.890016671428858,0.0,1.0,0.0,0.0,1.0,0.0
24,210,1.6154970786083702,9.063116436604412,0.0,1.0,0.0,1.0,1.0,1.0
25,210,2.5972736726697256,8.645490672758555,1.0,0.0,0.0,0.0,0.0,0.0
26,210,12.0,7.515522476190351,0.0,0.0,1.0,1.0,1.0,0.0
27,210,4.1870093026236885,0.0,0.0,0.0,0.0,0.0,0.0,1.0
28,210,12.0,2.9566484318776984,0.0,0.0,1.0,1.0,1.0,0.0
29,210,1.158056306072396,11.684647865498714,0.0,1.0,0.0,0.0,0.0,1.0
0,215,12.0,8.77727224273521,1.0,1.0,0.0,1.0,0.0,0.0
1,215,12.0,12.0,0.0,0.0,1.0,0.0,0.0,1.0
2,215,4.855957807220166,0.0,1.0,0.0,1.0,1.0,0.0,1.0
3,215,8.203130923056879,1.3798277684060456,0.0,0.0,1.0,0.0,0.0,0.0
4,215,12.0,8.715340367524345,0.0,0.0,1.0,0.0,0.0,1.0
5,215,9.242020866246335,8.762659941321688,0.0,1.0,1.0,0.0,1.0,0.0
6,215,10.867036518533068,6.535856939248631,0.0,0.0,1.0,0.0,0.0,1.0
7,215,12.0,2.2892328863895943,1.0,0.0,0.0,0.0,0.0,0.0
8,215,4.782929250837303,9.47162552417023,0.0,0.0,0.0,0.0,1.0,0.0
9,215,0.0,1.747821202905215,0.0,0.0,0.0,1.0,0.0,1.0
10,215,0.0302702273278957,2.236836457773148,1.0,0.0,0.0,0.0,0.0,0.0
11,215,11.385153646693707,4.763430080542964,0.0,1.0,1.0,0.0,1.0,1.0
12,215,5.008997178558367,11.097627491220797,0.0,1.0,0.0,0.0,0.0,0.0
13,215,0.1066712598704549,7.994106358830701,0.0,1.0,0.0,0.0,0.0,0.0
14,215,3.548115804658893,0.0,0.0,0.0,1.0,0.0,0.0,0.0
15,215,3.008146960619393,8.598913522305095,0.0,0.0,0.0,0.0,0.0,1.0
16,215,6.70410704215908,5.88556436786727,0.0,0.0,0.0,0.0,0.0,1.0
17,215,4.117006970740218,3.676423638072584,0.0,0.0,0.0,1.0,0.0,0.0
18,215,12.0,3.1745176768368126,0.0,1.0,1.0,0.0,0.0,1.0
19,215,8.020503413035668,6.897991049793008,1.0,0.0,0.0,1.0,0.0,0.0
20,215,0.3096744816967665,6.646280236159076,0.0,0.0,1.0,1.0,0.0,0.0
21,215,1.4001627764983662,0.2187697943421302,0.0,1.0,0.0,0.0,1.0,1.0
22,215,10.733582042111577,10.68544759196008,1.0,0.0,1.0,0.0,0.0,0.0
23,215,12.0,10.913775189668335,0.0,1.0,0.0,0.0,1.0,0.0
24,215,1.6277855940419053,9.069947025053532,0.0,1.0,0.0,1.0,1.0,1.0
25,215,2.597538085560172,8.645092280258632,1.0,0.0,0.0,0.0,0.0,0.0
26,215,12.0,7.517771163963725,0.0,0.0,1.0,1.0,1.0,0.0
27,215,4.202815308025499,0.0,0.0,0.0,0.0,0.0,0.0,1.0
28,215,12.0,2.874948966486921,0.0,0.0,1.0,1.0,1.0,0.0
29,215,1.1414414235666768,11.708383879972644,0.0,1.0,0.0,0.0,0.0,1.0
0,220,12.0,8.6903748813263,1.0,1.0,0.0,1.0,0.0,0.0
1,220,12.0,12.0,0.0,0.0,1.0,0.0,0.0,1.0
2,220,4.864501533204736,0.0,1.0,0.0,1.0,1.0,0.0,1.0
3,220,8.20565635351981,1.3778283457679976,0.0,0.0,1.0,0.0,0.0,0.0
4,220,12.0,8.768008942746645,0.0,0.0,1.0,0.0,0.0,1.0
5,220,9.246510103872186,8.788518985928727,0.0,1.0,1.0,0.0,1.0,0.0
6,220,10.864441377931136,6.534992666427955,0.0,0.0,1.0,0.0,0.0,1.0
7,220,11.991957372653031,2.290730814574236,1.0,0.0,0.0,0.0,0.0,0.0
8,220,4.792833548979626,9.386774539756342,0.0,0.0,0.0,0.0,1.0,0.0
9,220,0.0,1.783234427777006,0.0,0.0,0.0,1.0,0.0,1.0
10,220,0.0457519345397762,2.2439889011437018,1.0,0.0,0.0,0.0,0.0,0.0
11,220,11.359551223524186,4.831349265990927,0.0,1.0,1.0,0.0,1.0,1.0
12,220,5.002647633596155,11.080754162484917,0.0,1.0,0.0,0.0,0.0,0.0
13,220,0.1072287122514176,8.110814990211393,0.0,1.0,0.0,0.0,0.0,0.0
14,220,3.539637273619201,0.0,0.0,0.0,1.0,0.0,0.0,0.0
15,220,2.820413125185701,8.506133490837705,0.0,0.0,0.0,0.0,0.0,1.0
16,220,6.702661978472038,5.877729915836727,0.0,0.0,0.0,0.0,0.0,1.0
17,220,4.068960427055622,3.6067433655089287,0.0,0.0,0.0,1.0,0.0,0.0
18,220,12.0,3.172461141707473,0.0,1.0,1.0,0.0,0.0,1.0
19,220,7.969595067024088,6.976442600547556,1.0,0.0,0.0,1.0,0.0,0.0
20,220,0.1943795069754589,6.670582098264067,0.0,0.0,1.0,1.0,0.0,0.0
21,220,1.4081380025651662,0.221345523138465,0.0,1.0,0.0,0.0,1.0,1.0
22,220,10.668938269663071,10.80382290355388,1.0,0.0,1.0,0.0,0.0,0.0
23,220,12.0,10.935745785230534,0.0,1.0,0.0,0.0,1.0,0.0
24,220,1.6533245159477172,9.083001816112118,0.0,1.0,0.0,1.0,1.0,1.0
25,220,2.594707474859232,8.649307719521806,1.0,0.0,0.0,0.0,0.0,0.0
26,220,12.0,7.520464397876365,0.0,0.0,1.0,1.0,1.0,0.0
27,220,4.217444773183994,0.0,0.0,0.0,0.0,0.0,0.0,1.0
28,220,12.0,2.7832180903651937,0.0,0.0,1.0,1.0,1.0,0.0
29,220,1.133513053304028,11.71877310285135,0.0,1.0,0.0,0.0,0.0,1.0
0,225,12.0,8.591760207384555,1.0,1.0,0.0,1.0,0.0,0.0
1,225,12.0,12.0,0.0,0.0,1.0,0.0,0.0,1.0
2,225,4.874837264120476,0.0,1.0,0.0,1.0,1.0,0.0,1.0
3,225,8.18852544079166,1.3916462384397672,0.0,0.0,1.0,0.0,0.0,0.0
4,225,12.0,8.824708586391084,0.0,0.0,1.0,0.0,0.0,1.0
5,225,9.249363838217514,8.80303289801372,0.0,1.0,1.0,0.0,1.0,0.0
6,225,10.861695503514024,6.534109934971951,0.0,0.0,1.0,0.0,0.0,1.0
7,225,12.0,2.2873224271372936,1.0,0.0,0.0,0.0,0.0,0.0
8,225,4.809727106783539,9.283005366996786,0.0,0.0,0.0,0.0,1.0,0.0
9,225,0.0,1.7948427507824811,0.0,0.0,0.0,1.0,0.0,1.0
10,225,0.0627587140582091,2.252236108954705,1.0,0.0,0.0,0.0,0.0,0.0
11,225,11.333061001445008,4.90650177493327,0.0,1.0,1.0,0.0,1.0,1.0
12,225,4.997079284592835,11.06569989688215,0.0,1.0,0.0,0.0,0.0,0.0
13,225,0.1116035639285416,8.235795735225459,0.0,1.0,0.0,0.0,0.0,0.0
14,225,3.5337076311904165,0.0,0.0,0.0,1.0,0.0,0.0,0.0
15,225,2.6406968317970314,8.420206007724131,0.0,0.0,0.0,0.0,0.0,1.0
16,225,6.698099491688321,5.851162252014396,0.0,0.0,0.0,0.0,0.0,1.0
17,225,4.018904768412136,3.533007955684891,0.0,0.0,0.0,1.0,0.0,0.0
18,225,12.0,3.172302699077832,0.0,1.0,1.0,0.0,0.0,1.0
19,225,7.917938688879307,7.052647554785305,1.0,0.0,0.0,1.0,0.0,0.0
20,225,0.1006257539796013,6.691852488018295,0.0,0.0,1.0,1.0,0.0,0.0
21,225,1.4132474196922458,0.2229687426641571,0.0,1.0,0.0,0.0,1.0,1.0
22,225,10.599310744719295,10.93620872139247,1.0,0.0,1.0,0.0,0.0,0.0
23,225,12.0,10.959093363747945,0.0,1.0,0.0,0.0,1.0,0.0
24,225,1.671355501678622,9.0924635834321,0.0,1.0,0.0,1.0,1.0,1.0
25,225,2.598951706420951,8.64367645097942,1.0,0.0,0.0,0.0,0.0,0.0
26,225,12.0,7.523282888129695,0.0,0.0,1.0,1.0,1.0,0.0
27,225,4.231281288712296,0.0,0.0,0.0,0.0,0.0,0.0,1.0
28,225,12.0,2.69530325465452,0.0,0.0,1.0,1.0,1.0,0.0
29,225,1.116582243021308,11.742244582293862,0.0,1.0,0.0,0.0,0.0,1.0
0,230,12.0,8.504132750086843,1.0,1.0,0.0,1.0,0.0,0.0
1,230,12.0,12.0,0.0,0.0,1.0,0.0,0.0,1.0
2,230,4.889468504183843,0.0,1.0,0.0,1.0,1.0,0.0,1.0
3,230,8.174729333191637,1.402594122114006,0.0,0.0,1.0,0.0,0.0,0.0
4,230,12.0,8.88656334958363,0.0,0.0,1.0,0.0,0.0,1.0
5,230,9.251570282565662,8.815370612803669,0.0,1.0,1.0,0.0,1.0,0.0
6,230,10.871079436657464,6.5373756332870485,0.0,0.0,1.0,0.0,0.0,1.0
7,230,12.0,2.281042663043796,1.0,0.0,0.0,0.0,0.0,0.0
8,230,4.824925541696069,9.17092421562162,0.0,0.0,0.0,0.0,1.0,0.0
9,230,0.0,1.8027778821782443,0.0,0.0,0.0,1.0,0.0,1.0
10,230,0.0855677649906833,2.264181512373124,1.0,0.0,0.0,0.0,0.0,0.0
11,230,11.307822768896855,4.978352025298138,0.0,1.0,1.0,0.0,1.0,1.0
12,230,4.98541415299407,11.035023408480043,0.0,1.0,0.0,0.0,0.0,0.0
13,230,0.1182618475643632,8.373340871546281,0.0,1.0,0.0,0.0,0.0,0.0
14,230,3.5224158109847994,0.0,0.0,0.0,1.0,0.0,0.0,0.0
15,230,2.4746091543242548,8.33825834465975,0.0,0.0,0.0,0.0,0.0,1.0
16,230,6.69495825059029,5.83272881192712,0.0,0.0,0.0,0.0,0.0,1.0
17,230,3.966793845373783,3.455799015667318,0.0,0.0,0.0,1.0,0.0,0.0
18,230,11.990917399207826,3.173209967317318,0.0,1.0,1.0,0.0,0.0,1.0
19,230,7.866064964416545,7.124862505301027,1.0,0.0,0.0,1.0,0.0,0.0
20,230,0.0267442419849816,6.708734463521757,0.0,0.0,1.0,1.0,0.0,0.0
21,230,1.4534548815138426,0.2362654921007557,0.0,1.0,0.0,0.0,1.0,1.0
22,230,10.51560758141914,11.090346656956733,1.0,0.0,1.0,0.0,0.0,0.0
23,230,12.0,10.985166734148969,0.0,1.0,0.0,0.0,1.0,0.0
24,230,1.6961605697195392,9.10419265613453,0.0,1.0,0.0,1.0,1.0,1.0
25,230,2.5957405631767707,8.647893044469054,1.0,0.0,0.0,0.0,0.0,0.0
26,230,12.0,7.528922894148705,0.0,0.0,1.0,1.0,1.0,0.0
27,230,4.249826034760551,0.0,0.0,0.0,0.0,0.0,0.0,1.0
28,230,12.0,2.596224939024983,0.0,0.0,1.0,1.0,1.0,0.0
29,230,1.096602581016863,11.770240580807764,0.0,1.0,0.0,0.0,0.0,1.0
0,235,12.0,8.417187372566277,1.0,1.0,0.0,1.0,0.0,0.0
1,235,12.0,12.0,0.0,0.0,1.0,0.0,0.0,1.0
2,235,4.911602392434885,0.0,1.0,0.0,1.0,1.0,0.0,1.0
3,235,8.153893013034573,1.4193814932047466,0.0,0.0,1.0,0.0,0.0,0.0
4,235,12.0,8.940827621501503,0.0,0.0,1.0,0.0,0.0,1.0
5,235,9.251897957152304,8.817107342595683,0.0,1.0,1.0,0.0,1.0,0.0
6,235,10.890615025605388,6.544617815325298,0.0,0.0,1.0,0.0,0.0,1.0
7,235,12.0,2.277635834287899,1.0,0.0,0.0,0.0,0.0,0.0
8,235,4.840613551831478,9.061357511080002,0.0,0.0,0.0,0.0,1.0,0.0
9,235,0.0,1.81384519544702,0.0,0.0,0.0,1.0,0.0,1.0
10,235,0.1227500789291667,2.2839654615774374,1.0,0.0,0.0,0.0,0.0,0.0
11,235,11.279793976420226,5.0638275699645,0.0,1.0,1.0,0.0,1.0,1.0
12,235,4.974861924906463,11.00634691451443,0.0,1.0,0.0,0.0,0.0,0.0
13,235,0.1277879155413601,8.507155896032401,0.0,1.0,0.0,0.0,0.0,0.0
14,235,3.5119052147134666,0.0,0.0,0.0,1.0,0.0,0.0,0.0
15,235,2.303239382429871,8.25077662868748,0.0,0.0,0.0,0.0,0.0,1.0
16,235,6.690902895473196,5.807548747241587,0.0,0.0,0.0,0.0,0.0,1.0
17,235,3.925885513338363,3.394410754896753,0.0,0.0,0.0,1.0,0.0,0.0
18,235,11.978289324869998,3.174486520056243,0.0,1.0,1.0,0.0,0.0,1.0
19,235,7.810885651971635,7.200521273930914,1.0,0.0,0.0,1.0,0.0,0.0
20,235,0.0,6.725782298192906,0.0,0.0,1.0,1.0,0.0,0.0
21,235,1.4818911762037772,0.2460011939960487,0.0,1.0,0.0,0.0,1.0,1.0
22,235,10.424389376112408,11.261694469297064,1.0,0.0,1.0,0.0,0.0,0.0
23,235,12.0,11.013182108245289,0.0,1.0,0.0,0.0,1.0,0.0
24,235,1.721417264408585,9.11616699216008,0.0,1.0,0.0,1.0,1.0,1.0
25,235,2.588709421356372,8.656903762679349,1.0,0.0,0.0,0.0,0.0,0.0
26,235,12.0,7.534165135179717,0.0,0.0,1.0,1.0,1.0,0.0
27,235,4.263799606812261,0.0,0.0,0.0,0.0,0.0,0.0,1.0
28,235,12.0,2.5078084429635994,0.0,0.0,1.0,1.0,1.0,0.0
29,235,1.0826108912484669,11.78908945921616,0.0,1.0,0.0,0.0,0.0,1.0
0,240,12.0,8.317847691592721,1.0,1.0,0.0,1.0,0.0,0.0
1,240,12.0,12.0,0.0,0.0,1.0,0.0,0.0,1.0
2,240,4.931659223654346,0.0,1.0,0.0,1.0,1.0,0.0,1.0
3,240,8.125847366495988,1.4414237134661294,0.0,0.0,1.0,0.0,0.0,0.0
4,240,11.950015951956924,9.035671219513226,0.0,0.0,1.0,0.0,0.0,1.0
5,240,9.25114015861264,8.813206780065105,0.0,1.0,1.0,0.0,1.0,0.0
6,240,10.91882616170191,6.554630215781725,0.0,0.0,1.0,0.0,0.0,1.0
7,240,12.0,2.2733553652361302,1.0,0.0,0.0,0.0,0.0,0.0
8,240,4.856017681394971,8.954427176988196,0.0,0.0,0.0,0.0,1.0,0.0
9,240,0.0,1.815037903812008,0.0,0.0,0.0,1.0,0.0,1.0
10,240,0.2015957214993698,2.326473936591405,1.0,0.0,0.0,0.0,0.0,0.0
11,240,11.248682153779033,5.144660820306001,0.0,1.0,1.0,0.0,1.0,1.0
12,240,4.96813789618606,10.986663396639758,0.0,1.0,0.0,0.0,0.0,0.0
13,240,0.1348075544969308,8.625025575420404,0.0,1.0,0.0,0.0,0.0,0.0
14,240,3.502633938903492,0.0,0.0,0.0,1.0,0.0,0.0,0.0
15,240,2.386274849529582,8.08200324828949,0.0,0.0,0.0,0.0,0.0,1.0
16,240,6.6878217570039,5.792645021181828,0.0,0.0,0.0,0.0,0.0,1.0
17,240,3.8830179667829,3.329013783671671,0.0,0.0,0.0,1.0,0.0,0.0
18,240,11.97422037977416,3.1748850767148595,0.0,1.0,1.0,0.0,0.0,1.0
19,240,7.748677561567663,7.288935160821768,1.0,0.0,0.0,1.0,0.0,0.0
20,240,0.0,6.745566318313738,0.0,0.0,1.0,1.0,0.0,0.0
21,240,1.526536935852549,0.2606041074616239,0.0,1.0,0.0,0.0,1.0,1.0
22,240,10.320395103559973,11.441971345328213,1.0,0.0,1.0,0.0,0.0,0.0
23,240,12.0,11.042670972345045,0.0,1.0,0.0,0.0,1.0,0.0
24,240,1.749023327039115,9.128762366737377,0.0,1.0,0.0,1.0,1.0,1.0
25,240,2.572359627746789,8.677656104142446,1.0,0.0,0.0,0.0,0.0,0.0
26,240,12.0,7.538694903538896,0.0,0.0,1.0,1.0,1.0,0.0
27,240,4.278299473873676,0.0,0.0,0.0,0.0,0.0,0.0,1.0
28,240,12.0,2.441710103696758,0.0,0.0,1.0,1.0,1.0,0.0
29,240,1.0669630837690196,11.809483762301015,0.0,1.0,0.0,0.0,0.0,1.0
0,245,12.0,8.227171991232744,1.0,1.0,0.0,1.0,0.0,0.0
1,245,12.0,12.0,0.0,0.0,1.0,0.0,0.0,1.0
2,245,4.94831550020871,0.0,1.0,0.0,1.0,1.0,0.0,1.0
3,245,8.09757623995692,1.4628779177530686,0.0,0.0,1.0,0.0,0.0,0.0
4,245,11.89492020111006,9.143644265485044,0.0,0.0,1.0,0.0,0.0,1.0
5,245,9.251504554701624,8.815115470079542,0.0,1.0,1.0,0.0,1.0,0.0
6,245,10.95716257080792,6.568343249509145,0.0,0.0,1.0,0.0,0.0,1.0
7,245,12.0,2.271673625985547,1.0,0.0,0.0,0.0,0.0,0.0
8,245,4.877933465366022,8.84025773728058,0.0,0.0,0.0,0.0,1.0,0.0
9,245,0.0,1.8187212108821336,0.0,0.0,0.0,1.0,0.0,1.0
10,245,0.2648922548582563,2.360954594385879,1.0,0.0,0.0,0.0,0.0,0.0
11,245,11.208969962588933,5.2531889530997855,0.0,1.0,1.0,0.0,1.0,1.0
12,245,4.963761447629967,10.974341511630463,0.0,1.0,0.0,0.0,0.0,0.0
13,245,0.142085531098437,8.726702238590429,0.0,1.0,0.0,0.0,0.0,0.0
14,245,3.495367856832141,0.0,0.0,0.0,1.0,0.0,0.0,0.0
15,245,2.476529860104267,7.912552591573291,0.0,0.0,0.0,0.0,0.0,1.0
16,245,6.684943343712092,5.778133188314649,0.0,0.0,0.0,0.0,0.0,1.0
17,245,3.8395213475791103,3.264977558635706,0.0,0.0,0.0,1.0,0.0,0.0
18,245,11.961243004473712,3.1765432168293968,0.0,1.0,1.0,0.0,0.0,1.0
19,245,7.687269261789538,7.373951538245774,1.0,0.0,0.0,1.0,0.0,0.0
20,245,0.0,6.765310730540572,0.0,0.0,1.0,1.0,0.0,0.0
21,245,1.5813593568011357,0.2779224850525508,0.0,1.0,0.0,0.0,1.0,1.0
22,245,10.217209982813246,11.611177919834104,1.0,0.0,1.0,0.0,0.0,0.0
23,245,12.0,11.06862266419305,0.0,1.0,0.0,0.0,1.0,0.0
24,245,1.7737479034439143,9.14100571566866,0.0,1.0,0.0,1.0,1.0,1.0
25,245,2.5537913100332736,8.702233098656974,1.0,0.0,0.0,0.0,0.0,0.0
26,245,12.0,7.542166607876237,0.0,0.0,1.0,1.0,1.0,0.0
27,245,4.293149751355688,0.0,0.0,0.0,0.0,0.0,0.0,1.0
28,245,12.0,2.3834813882295194,0.0,0.0,1.0,1.0,1.0,0.0
29,245,1.0590559845008338,11.819548397296558,0.0,1.0,0.0,0.0,0.0,1.0
0,250,12.0,8.135319469759446,1.0,1.0,0.0,1.0,0.0,0.0
1,250,12.0,12.0,0.0,0.0,1.0,0.0,0.0,1.0
2,250,4.965538574488896,0.0,1.0,0.0,1.0,1.0,0.0,1.0
3,250,8.070912203748353,1.483106451904989,0.0,0.0,1.0,0.0,0.0,0.0
4,250,11.850114102085554,9.233971172505742,0.0,0.0,1.0,0.0,0.0,1.0
5,250,9.254382011147548,8.832928581558237,0.0,1.0,1.0,0.0,1.0,0.0
6,250,10.974817588460429,6.574168812113252,0.0,0.0,1.0,0.0,0.0,1.0
7,250,11.987521697321174,2.2741397855279923,1.0,0.0,0.0,0.0,0.0,0.0
8,250,4.897060557135935,8.737764987060308,0.0,0.0,0.0,0.0,1.0,0.0
9,250,0.0,1.8196396014134864,0.0,0.0,0.0,1.0,0.0,1.0
10,250,0.328567990034594,2.3941691102895617,1.0,0.0,0.0,0.0,0.0,0.0
11,250,11.162066890794463,5.370901447528068,0.0,1.0,1.0,0.0,1.0,1.0
12,250,4.965113310244568,10.978435153192631,0.0,1.0,0.0,0.0,0.0,0.0
13,250,0.1516369412741245,8.83463558442074,0.0,1.0,0.0,0.0,0.0,0.0
14,250,3.480805300254549,0.0,0.0,0.0,1.0,0.0,0.0,0.0
15,250,2.5617471262128744,7.737321633011269,0.0,0.0,0.0,0.0,0.0,1.0
16,250,6.682999869589704,5.767369039123432,0.0,0.0,0.0,0.0,0.0,1.0
17,250,3.798835370522864,3.203504830859967,0.0,0.0,0.0,1.0,0.0,0.0
18,250,11.933882555359617,3.181134307547564,0.0,1.0,1.0,0.0,0.0,1.0
19,250,7.6417745915613855,7.4381983024923555,1.0,0.0,0.0,1.0,0.0,0.0
20,250,0.0,6.785555838259229,0.0,0.0,1.0,1.0,0.0,0.0
21,250,1.6387644657155638,0.2961786691308981,0.0,1.0,0.0,0.0,1.0,1.0
22,250,10.092157883023088,11.810034448781648,1.0,0.0,1.0,0.0,0.0,0.0
23,250,12.0,11.092282316284823,0.0,1.0,0.0,0.0,1.0,0.0
24,250,1.7939204310392196,9.15168395410168,0.0,1.0,0.0,1.0,1.0,1.0
25,250,2.5471269849999167,8.71097161056612,1.0,0.0,0.0,0.0,0.0,0.0
26,250,12.0,7.545351614425303,0.0,0.0,1.0,1.0,1.0,0.0
27,250,4.30642031155386,0.0,0.0,0.0,0.0,0.0,0.0,1.0
28,250,12.0,2.334142558017396,0.0,0.0,1.0,1.0,1.0,0.0
29,250,1.0482809866963625,11.833312198429027,0.0,1.0,0.0,0.0,0.0,1.0
0,255,12.0,8.050442890378934,1.0,1.0,0.0,1.0,0.0,0.0
1,255,12.0,12.0,0.0,0.0,1.0,0.0,0.0,1.0
2,255,4.987116855796208,0.0,1.0,0.0,1.0,1.0,0.0,1.0
3,255,8.048806647529133,1.5010117525538036,0.0,0.0,1.0,0.0,0.0,0.0
4,255,11.794397444994322,9.347666146781602,0.0,0.0,1.0,0.0,0.0,1.0
5,255,9.257843907377037,8.853187298175605,0.0,1.0,1.0,0.0,1.0,0.0
6,255,11.00369087104564,6.583723252655788,0.0,0.0,1.0,0.0,0.0,1.0
7,255,11.988658624685158,2.2738949548187564,1.0,0.0,0.0,0.0,0.0,0.0
8,255,4.918318248815437,8.625474864652936,0.0,0.0,0.0,0.0,1.0,0.0
9,255,0.0,1.8383112162438124,0.0,0.0,0.0,1.0,0.0,1.0
10,255,0.4040228579809163,2.433668745034104,1.0,0.0,0.0,0.0,0.0,0.0
11,255,11.11289621050546,5.4840852936155535,0.0,1.0,1.0,0.0,1.0,1.0
12,255,4.972839472736605,11.002020077453924,0.0,1.0,0.0,0.0,0.0,0.0
13,255,0.1658203827946276,8.958042370508519,0.0,1.0,0.0,0.0,0.0,0.0
14,255,3.4704193525680207,0.0,0.0,0.0,1.0,0.0,0.0,0.0
15,255,2.6553063062377293,7.557058581572804,0.0,0.0,0.0,0.0,0.0,1.0
16,255,6.682278167950225,5.763046517611782,0.0,0.0,0.0,0.0,0.0,1.0
17,255,3.7639962389624455,3.149812568078949,0.0,0.0,0.0,1.0,0.0,0.0
18,255,11.8954103522457,3.1869939421031144,0.0,1.0,1.0,0.0,0.0,1.0
19,255,7.59547400270443,7.500853587584964,1.0,0.0,0.0,1.0,0.0,0.0
20,255,0.0,6.80594876768877,0.0,0.0,1.0,1.0,0.0,0.0
21,255,1.7006258322000265,0.3158297153010614,0.0,1.0,0.0,0.0,1.0,1.0
22,255,9.89029621509412,11.686319451222632,1.0,0.0,1.0,0.0,0.0,0.0
23,255,12.0,11.119389566577093,0.0,1.0,0.0,0.0,1.0,0.0
24,255,1.8115956278322396,9.161396429337785,0.0,1.0,0.0,1.0,1.0,1.0
25,255,2.528045006819965,8.735950729628753,1.0,0.0,0.0,0.0,0.0,0.0
26,255,12.0,7.547322445711955,0.0,0.0,1.0,1.0,1.0,0.0
27,255,4.21751045770249,0.0,0.0,0.0,0.0,0.0,0.0,1.0
28,255,12.0,2.27802194390394,0.0,0.0,1.0,1.0,1.0,0.0
29,255,1.0422413574841718,11.840924569504471,0.0,1.0,0.0,0.0,0.0,1.0
0,260,12.0,7.963447221592304,1.0,1.0,0.0,1.0,0.0,0.0
1,260,12.0,12.0,0.0,0.0,1.0,0.0,0.0,1.0
2,260,5.008309619966137,0.0,1.0,0.0,1.0,1.0,0.0,1.0
3,260,8.013049241292908,1.5288345597704367,0.0,0.0,1.0,0.0,0.0,0.0
4,260,11.729940036794218,9.480103890815954,0.0,0.0,1.0,0.0,0.0,1.0
5,260,9.26483179202138,8.899487521547531,0.0,1.0,1.0,0.0,1.0,0.0
6,260,11.004733168572864,6.584038577563521,0.0,0.0,1.0,0.0,0.0,1.0
7,260,11.991710178904096,2.273305813383329,1.0,0.0,0.0,0.0,0.0,0.0
8,260,4.939802301248199,8.517345076537351,0.0,0.0,0.0,0.0,1.0,0.0
9,260,0.0,1.865601713412821,0.0,0.0,0.0,1.0,0.0,1.0
10,260,0.4864358077571183,2.476516119155342,1.0,0.0,0.0,0.0,0.0,0.0
11,260,11.060410099919276,5.607075074143798,0.0,1.0,1.0,0.0,1.0,1.0
12,260,4.984253569533678,11.03720649745409,0.0,1.0,0.0,0.0,0.0,0.0
13,260,0.1822624469268067,9.079975191770751,0.0,1.0,0.0,0.0,0.0,0.0
14,260,3.4555395120341483,0.0,0.0,0.0,1.0,0.0,0.0,0.0
15,260,2.7426217141912432,7.386834869101866,0.0,0.0,0.0,0.0,0.0,1.0
16,260,6.678446273604129,5.737987586382663,0.0,0.0,0.0,0.0,0.0,1.0
17,260,3.7300874026234263,3.101143827457395,0.0,0.0,0.0,1.0,0.0,0.0
18,260,11.86459698180598,3.1913948550514224,0.0,1.0,1.0,0.0,0.0,1.0
19,260,7.543053771496643,7.570386086351122,1.0,0.0,0.0,1.0,0.0,0.0
20,260,0.0,6.828743676222535,0.0,0.0,1.0,1.0,0.0,0.0
21,260,1.7488532359044051,0.331017784456017,0.0,1.0,0.0,0.0,1.0,1.0
22,260,9.67416189842054,11.55992354130019,1.0,0.0,1.0,0.0,0.0,0.0
23,260,12.0,11.144779101287838,0.0,1.0,0.0,0.0,1.0,0.0
24,260,1.822817106843168,9.16759503809802,0.0,1.0,0.0,1.0,1.0,1.0
25,260,2.5082704327705705,8.761851443852013,1.0,0.0,0.0,0.0,0.0,0.0
26,260,12.0,7.548628928608277,0.0,0.0,1.0,1.0,1.0,0.0
27,260,4.138490547083458,0.0,0.0,0.0,0.0,0.0,0.0,1.0
28,260,12.0,2.229993219276499,0.0,0.0,1.0,1.0,1.0,0.0
29,260,1.0276558837365135,11.859951104648545,0.0,1.0,0.0,0.0,0.0,1.0
0,265,12.0,7.870705154276578,1.0,1.0,0.0,1.0,0.0,0.0
1,265,12.0,12.0,0.0,0.0,1.0,0.0,0.0,1.0
2,265,5.02770300786197,0.0,1.0,0.0,1.0,1.0,0.0,1.0
3,265,7.99168392431716,1.5444891797017315,0.0,0.0,1.0,0.0,0.0,0.0
4,265,11.66041813316273,9.618439586608323,0.0,0.0,1.0,0.0,0.0,1.0
5,265,9.269606028894527,8.929573425314869,0.0,1.0,1.0,0.0,1.0,0.0
6,265,10.990370552581725,6.579698008043261,0.0,0.0,1.0,0.0,0.0,1.0
7,265,11.99270100986742,2.2731224360266404,1.0,0.0,0.0,0.0,0.0,0.0
8,265,4.960613136774291,8.409564738289653,0.0,0.0,0.0,0.0,1.0,0.0
9,265,0.0,1.9154250180519805,0.0,0.0,0.0,1.0,0.0,1.0
10,265,0.5591708960419096,2.513022918436201,1.0,0.0,0.0,0.0,0.0,0.0
11,265,10.99882886800277,5.750482339890776,0.0,1.0,1.0,0.0,1.0,1.0
12,265,4.996334568865077,11.072365545337853,0.0,1.0,0.0,0.0,0.0,0.0
13,265,0.197130788128647,9.18621671273335,0.0,1.0,0.0,0.0,0.0,0.0
14,265,3.443184184173328,0.0,0.0,0.0,1.0,0.0,0.0,0.0
15,265,2.8193135853237514,7.231676837345481,0.0,0.0,0.0,0.0,0.0,1.0
16,265,6.673254681575567,5.706511339492484,0.0,0.0,0.0,0.0,0.0,1.0
17,265,3.695922145463068,3.055296605384217,0.0,0.0,0.0,1.0,0.0,0.0
18,265,11.844988831614028,3.1946970286906864,0.0,1.0,1.0,0.0,0.0,1.0
19,265,7.495194749022582,7.637697274431293,1.0,0.0,0.0,1.0,0.0,0.0
20,265,0.0,6.850116184222162,0.0,0.0,1.0,1.0,0.0,0.0
21,265,1.7890462197421664,0.3435751591512401,0.0,1.0,0.0,0.0,1.0,1.0
22,265,9.448265120406552,11.43445790639976,1.0,0.0,1.0,0.0,0.0,0.0
23,265,12.0,11.16916372303604,0.0,1.0,0.0,0.0,1.0,0.0
24,265,1.859991141494708,9.18819133153473,0.0,1.0,0.0,1.0,1.0,1.0
25,265,2.4904450924452983,8.783765164033152,1.0,0.0,0.0,0.0,0.0,0.0
26,265,12.0,7.549857934235231,0.0,0.0,1.0,1.0,1.0,0.0
27,265,4.047813081715424,0.0,0.0,0.0,0.0,0.0,0.0,1.0
28,265,12.0,2.1577500184261336,0.0,0.0,1.0,1.0,1.0,0.0
29,265,1.000571781739188,11.894629947652144,0.0,1.0,0.0,0.0,0.0,1.0
0,270,12.0,7.785910303284234,1.0,1.0,0.0,1.0,0.0,0.0
1,270,12.0,12.0,0.0,0.0,1.0,0.0,0.0,1.0
2,270,5.051107032695058,0.0,1.0,0.0,1.0,1.0,0.0,1.0
3,270,7.958593737972695,1.5691429650241202,0.0,0.0,1.0,0.0,0.0,0.0
4,270,11.605407433472935,9.73165280129508,0.0,0.0,1.0,0.0,0.0,1.0
5,270,9.272453735226827,8.945611966247267,0.0,1.0,1.0,0.0,1.0,0.0
6,270,11.00215053168401,6.583338261495057,0.0,0.0,1.0,0.0,0.0,1.0
7,270,11.979627386037626,2.2753251036608417,1.0,0.0,0.0,0.0,0.0,0.0
8,270,5.067820671270518,8.428300087161762,0.0,0.0,0.0,0.0,1.0,0.0
9,270,0.0,1.957232545285433,0.0,0.0,0.0,1.0,0.0,1.0
10,270,0.6409450002825752,2.5522040407780717,1.0,0.0,0.0,0.0,0.0,0.0
11,270,10.942063038295368,5.869860618065666,0.0,1.0,1.0,0.0,1.0,1.0
12,270,5.01169739825911,11.115823060394993,0.0,1.0,0.0,0.0,0.0,0.0
13,270,0.2128857945728742,9.292366414409663,0.0,1.0,0.0,0.0,0.0,0.0
14,270,3.433944103941798,0.0,0.0,0.0,1.0,0.0,0.0,0.0
15,270,2.893955319030105,7.070023600429297,0.0,0.0,0.0,0.0,0.0,1.0
16,270,6.6668889854947055,5.671687317057115,0.0,0.0,0.0,0.0,0.0,1.0
17,270,3.650031896032424,2.995895011967082,0.0,0.0,0.0,1.0,0.0,0.0
18,270,11.836243043589926,3.1963250141395294,0.0,1.0,1.0,0.0,0.0,1.0
19,270,7.460127872221231,7.689402777510963,1.0,0.0,0.0,1.0,0.0,0.0
20,270,0.0,6.867061857847615,0.0,0.0,1.0,1.0,0.0,0.0
21,270,1.824622122270903,0.355480682924565,0.0,1.0,0.0,0.0,1.0,1.0
22,270,9.212739453893017,11.300343364116276,1.0,0.0,1.0,0.0,0.0,0.0
23,270,12.0,11.196770988484468,0.0,1.0,0.0,0.0,1.0,0.0
24,270,1.9039721482337664,9.213590974138873,0.0,1.0,0.0,1.0,1.0,1.0
25,270,2.495027716755654,8.778028757191343,1.0,0.0,0.0,0.0,0.0,0.0
26,270,12.0,7.549859057387734,0.0,0.0,1.0,1.0,1.0,0.0
27,270,3.941147771267633,0.0,0.0,0.0,0.0,0.0,0.0,1.0
28,270,12.0,2.111847859432717,0.0,0.0,1.0,1.0,1.0,0.0
29,270,0.9781689821140716,11.92190576848837,0.0,1.0,0.0,0.0,0.0,1.0
0,275,12.0,7.703408463781892,1.0,1.0,0.0,1.0,0.0,0.0
1,275,12.0,12.0,0.0,0.0,1.0,0.0,0.0,1.0
2,275,5.07393658767777,0.0,1.0,0.0,1.0,1.0,0.0,1.0
3,275,7.919646018557669,1.598976706448198,0.0,0.0,1.0,0.0,0.0,0.0
4,275,11.55671692011727,9.830163440910791,0.0,0.0,1.0,0.0,0.0,1.0
5,275,9.277599164062844,8.97365350779937,0.0,1.0,1.0,0.0,1.0,0.0
6,275,11.008196470788771,6.58517644777729,0.0,0.0,1.0,0.0,0.0,1.0
7,275,11.971695747609594,2.276605798968659,1.0,0.0,0.0,0.0,0.0,0.0
8,275,5.172500837857196,8.446783211390233,0.0,0.0,0.0,0.0,1.0,0.0
9,275,0.0,2.018115418768855,0.0,0.0,0.0,1.0,0.0,1.0
10,275,0.7381459078084877,2.603401765047884,1.0,0.0,0.0,0.0,0.0,0.0
11,275,11.070548488860894,5.9326694698802624,0.0,1.0,1.0,0.0,1.0,1.0
12,275,5.025670022395577,11.155468076954444,0.0,1.0,0.0,0.0,0.0,0.0
13,275,0.2295108012662065,9.399087790447435,0.0,1.0,0.0,0.0,0.0,0.0
14,275,3.42671274327354,0.0,0.0,0.0,1.0,0.0,0.0,0.0
15,275,2.963860869606364,6.907221864919868,0.0,0.0,0.0,0.0,0.0,1.0
16,275,6.662874384242408,5.647625054093537,0.0,0.0,0.0,0.0,0.0,1.0
17,275,3.5994297633542085,2.924712966046532,0.0,0.0,0.0,1.0,0.0,0.0
18,275,11.842016172879791,3.195238916093466,0.0,1.0,1.0,0.0,0.0,1.0
19,275,7.445502157839824,7.711640332307706,1.0,0.0,0.0,1.0,0.0,0.0
20,275,0.0,6.886542456776292,0.0,0.0,1.0,1.0,0.0,0.0
21,275,1.8843410521336952,0.3738758439024933,0.0,1.0,0.0,0.0,1.0,1.0
22,275,8.97012556126161,11.176881939288672,1.0,0.0,1.0,0.0,0.0,0.0
23,275,12.0,11.224428493334385,0.0,1.0,0.0,0.0,1.0,0.0
24,275,1.9427819343133343,9.2368624528145,0.0,1.0,0.0,1.0,1.0,1.0
25,275,2.4931241626349503,8.780338421973934,1.0,0.0,0.0,0.0,0.0,0.0
26,275,12.0,7.549388601458573,0.0,0.0,1.0,1.0,1.0,0.0
27,275,3.833532136759453,0.0,0.0,0.0,0.0,0.0,0.0,1.0
28,275,12.0,2.0603613643488883,0.0,0.0,1.0,1.0,1.0,0.0
29,275,0.9466163189483704,11.963667220614566,0.0,1.0,0.0,0.0,0.0,1.0
0,280,12.0,7.627481566294453,1.0,1.0,0.0,1.0,0.0,0.0
1,280,12.0,12.0,0.0,0.0,1.0,0.0,0.0,1.0
2,280,5.0951719817574,0.0,1.0,0.0,1.0,1.0,0.0,1.0
3,280,7.862887174842143,1.6413221802248503,0.0,0.0,1.0,0.0,0.0,0.0
4,280,11.512353650439454,9.918651967414275,0.0,0.0,1.0,0.0,0.0,1.0
5,280,9.282744605926773,9.001493360876333,0.0,1.0,1.0,0.0,1.0,0.0
6,280,11.021240152533496,6.588721545026793,0.0,0.0,1.0,0.0,0.0,1.0
7,280,11.959847627549298,2.278848185842761,1.0,0.0,0.0,0.0,0.0,0.0
8,280,5.269403203818413,8.462495700604519,0.0,0.0,0.0,0.0,1.0,0.0
9,280,0.0,2.09101868836303,0.0,0.0,0.0,1.0,0.0,1.0
10,280,0.8200024468623468,2.6457342424966748,1.0,0.0,0.0,0.0,0.0,0.0
11,280,11.206048629482634,6.001059944212747,0.0,1.0,1.0,0.0,1.0,1.0
12,280,5.046810285334331,11.214932768031977,0.0,1.0,0.0,0.0,0.0,0.0
13,280,0.2432931507784,9.512463046449836,0.0,1.0,0.0,0.0,0.0,0.0
14,280,3.418657051885138,0.0,0.0,0.0,1.0,0.0,0.0,0.0
15,280,3.0356459651774323,6.75056630789636,0.0,0.0,0.0,0.0,0.0,1.0
16,280,6.6567671729716205,5.611658416982318,0.0,0.0,0.0,0.0,0.0,1.0
17,280,3.546207849273552,2.8526343136836507,0.0,0.0,0.0,1.0,0.0,0.0
18,280,11.85871565758668,3.1922292457642447,0.0,1.0,1.0,0.0,0.0,1.0
19,280,7.435874826007956,7.726170948910461,1.0,0.0,0.0,1.0,0.0,0.0
20,280,0.0,6.911748313085673,0.0,0.0,1.0,1.0,0.0,0.0
21,280,1.942601902938444,0.3901126797724859,0.0,1.0,0.0,0.0,1.0,1.0
22,280,8.70146824852255,11.041675886277789,1.0,0.0,1.0,0.0,0.0,0.0
23,280,12.0,11.25207736712522,0.0,1.0,0.0,0.0,1.0,0.0
24,280,1.979678537291266,9.259354274328224,0.0,1.0,0.0,1.0,1.0,1.0
25,280,2.490932717983268,8.782842351090435,1.0,0.0,0.0,0.0,0.0,0.0
26,280,12.0,7.54907639080012,0.0,0.0,1.0,1.0,1.0,0.0
27,280,3.718033248502064,0.0,0.0,0.0,0.0,0.0,0.0,1.0
28,280,12.0,2.017139167148163,0.0,0.0,1.0,1.0,1.0,0.0
29,280,0.91599274159223,12.0,0.0,1.0,0.0,0.0,0.0,1.0
0,285,12.0,7.563312280440826,1.0,1.0,0.0,1.0,0.0,0.0
1,285,12.0,12.0,0.0,0.0,1.0,0.0,0.0,1.0
2,285,5.117922931210715,0.0,1.0,0.0,1.0,1.0,0.0,1.0
3,285,7.814684467742446,1.6774268381150783,0.0,0.0,1.0,0.0,0.0,0.0
4,285,11.478264539031112,9.983067982827553,0.0,0.0,1.0,0.0,0.0,1.0
5,285,9.285288001176449,9.01613012367132,0.0,1.0,1.0,0.0,1.0,0.0
6,285,11.036952484405756,6.593097899114756,0.0,0.0,1.0,0.0,0.0,1.0
7,285,11.959128506670476,2.279004441917656,1.0,0.0,0.0,0.0,0.0,0.0
8,285,5.36914325497394,8.47979551991892,0.0,0.0,0.0,0.0,1.0,0.0
9,285,0.0,2.168695243548488,0.0,0.0,0.0,1.0,0.0,1.0
10,285,0.8997574939493542,2.684891803615418,1.0,0.0,0.0,0.0,0.0,0.0
11,285,11.35688461205823,6.079215146959816,0.0,1.0,1.0,0.0,1.0,1.0
12,285,5.063197831569518,11.260791189525428,0.0,1.0,0.0,0.0,0.0,0.0
13,285,0.2588399050293571,9.625810721520704,0.0,1.0,0.0,0.0,0.0,0.0
14,285,3.4076212175184035,0.0,0.0,0.0,1.0,0.0,0.0,0.0
15,285,3.108646382501388,6.593215572348476,0.0,0.0,0.0,0.0,0.0,1.0
16,285,6.6536943024279225,5.591721837552468,0.0,0.0,0.0,0.0,0.0,1.0
17,285,3.4806847483901437,2.7658151422330337,0.0,0.0,0.0,1.0,0.0,0.0
18,285,11.884874158383306,3.188018487748729,0.0,1.0,1.0,0.0,0.0,1.0
19,285,7.433608715375074,7.72956862130915,1.0,0.0,0.0,1.0,0.0,0.0
20,285,0.0,6.932171791159485,0.0,0.0,1.0,1.0,0.0,0.0
21,285,2.0035650472930366,0.4068669716948658,0.0,1.0,0.0,0.0,1.0,1.0
22,285,8.427473448418487,10.903320606840056,1.0,0.0,1.0,0.0,0.0,0.0
23,285,12.0,11.27694427075786,0.0,1.0,0.0,0.0,1.0,0.0
24,285,1.999132943673604,9.271460919422958,0.0,1.0,0.0,1.0,1.0,1.0
25,285,2.4703833270990665,8.806724273467756,1.0,0.0,0.0,0.0,0.0,0.0
26,285,12.0,7.548969780418649,0.0,0.0,1.0,1.0,1.0,0.0
27,285,3.606095273524521,0.0,0.0,0.0,0.0,0.0,0.0,1.0
28,285,12.0,1.97962408879162,0.0,0.0,1.0,1.0,1.0,0.0
29,285,0.8799152361747238,12.0,0.0,1.0,0.0,0.0,0.0,1.0
0,290,12.0,7.489208361051412,1.0,1.0,0.0,1.0,0.0,0.0
1,290,12.0,12.0,0.0,0.0,1.0,0.0,0.0,1.0
2,290,5.137707858788692,0.0,1.0,0.0,1.0,1.0,0.0,1.0
3,290,7.747500534180394,1.7310057056439547,0.0,0.0,1.0,0.0,0.0,0.0
4,290,11.443880825604422,10.04852581982858,0.0,0.0,1.0,0.0,0.0,1.0
5,290,9.291956828469688,9.0539603718185,0.0,1.0,1.0,0.0,1.0,0.0
6,290,11.046016346835412,6.595807377273376,0.0,0.0,1.0,0.0,0.0,1.0
7,290,11.94928432424647,2.2811553676966065,1.0,0.0,0.0,0.0,0.0,0.0
8,290,5.473220874292785,8.502595453401183,0.0,0.0,0.0,0.0,1.0,0.0
9,290,0.0,2.2489990759355605,0.0,0.0,0.0,1.0,0.0,1.0
10,290,0.979891092966801,2.7259922424878016,1.0,0.0,0.0,0.0,0.0,0.0
11,290,11.538836325199163,6.174821915577336,0.0,1.0,1.0,0.0,1.0,1.0
12,290,5.083825808907984,11.322532440175005,0.0,1.0,0.0,0.0,0.0,0.0
13,290,0.2704250819010293,9.72960932316196,0.0,1.0,0.0,0.0,0.0,0.0
14,290,3.3992739277423576,0.0,0.0,0.0,1.0,0.0,0.0,0.0
15,290,3.185818843203025,6.4214360084856885,0.0,0.0,0.0,0.0,0.0,1.0
16,290,6.653152284510934,5.587949870680593,0.0,0.0,0.0,0.0,0.0,1.0
17,290,3.4112060408229183,2.6712907958925145,0.0,0.0,0.0,1.0,0.0,0.0
18,290,11.910135876857868,3.1840600342370613,0.0,1.0,1.0,0.0,0.0,1.0
19,290,7.441330865601342,7.718347635567236,1.0,0.0,0.0,1.0,0.0,0.0
20,290,0.0,6.95764284795603,0.0,0.0,1.0,1.0,0.0,0.0
21,290,2.033883333599027,0.4152154535436213,0.0,1.0,0.0,0.0,1.0,1.0
22,290,8.154943402620155,10.773398223823936,1.0,0.0,1.0,0.0,0.0,0.0
23,290,12.0,11.300284447947044,0.0,1.0,0.0,0.0,1.0,0.0
24,290,2.023337207347509,9.286124836311195,0.0,1.0,0.0,1.0,1.0,1.0
25,290,2.4445223945916417,8.836700422859744,1.0,0.0,0.0,0.0,0.0,0.0
26,290,12.0,7.549013980743642,0.0,0.0,1.0,1.0,1.0,0.0
27,290,3.490694987798636,0.0,0.0,0.0,0.0,0.0,0.0,1.0
28,290,12.0,1.9545231534405505,0.0,0.0,1.0,1.0,1.0,0.0
29,290,0.8583356324991618,12.0,0.0,1.0,0.0,0.0,0.0,1.0
0,295,12.0,7.41632571947538,1.0,1.0,0.0,1.0,0.0,0.0
1,295,12.0,11.904090913721872,0.0,0.0,1.0,0.0,0.0,1.0
2,295,5.1902774178386855,0.0148060557243202,1.0,0.0,1.0,1.0,0.0,1.0
3,295,7.676766318094863,1.787348081488508,0.0,0.0,1.0,0.0,0.0,0.0
4,295,11.418831990925224,10.094083444739004,0.0,0.0,1.0,0.0,0.0,1.0
5,295,9.298822954535364,9.099663242580975,0.0,1.0,1.0,0.0,1.0,0.0
6,295,11.058480429505842,6.599582327873699,0.0,0.0,1.0,0.0,0.0,1.0
7,295,11.939069029799487,2.2833048129499107,1.0,0.0,0.0,0.0,0.0,0.0
8,295,5.58885889403606,8.528125758970171,0.0,0.0,0.0,0.0,1.0,0.0
9,295,0.0,2.3217718811402284,0.0,0.0,0.0,1.0,0.0,1.0
10,295,1.0528629435635528,2.7641768665028894,1.0,0.0,0.0,0.0,0.0,0.0
11,295,11.73683977811061,6.282351328293754,0.0,1.0,1.0,0.0,1.0,1.0
12,295,5.106433137328372,11.387855750570528,0.0,1.0,0.0,0.0,0.0,0.0
13,295,0.2837395528574874,9.8517649137955,0.0,1.0,0.0,0.0,0.0,0.0
14,295,3.3906353306542707,0.0,0.0,0.0,1.0,0.0,0.0,0.0
15,295,3.2629825097277627,6.242513460818632,0.0,0.0,0.0,0.0,0.0,1.0
16,295,6.653404232987003,5.590296393602997,0.0,0.0,0.0,0.0,0.0,1.0
17,295,3.3366441076949003,2.57006926283547,0.0,0.0,0.0,1.0,0.0,0.0
18,295,11.950478833864498,3.1776275218097694,0.0,1.0,1.0,0.0,0.0,1.0
19,295,7.459519158232462,7.69049894073104,1.0,0.0,0.0,1.0,0.0,0.0
20,295,0.0,6.990898097437134,0.0,0.0,1.0,1.0,0.0,0.0
21,295,2.04748878217081,0.4186422594719906,0.0,1.0,0.0,0.0,1.0,1.0
22,295,7.894754930303018,10.64496853349207,1.0,0.0,1.0,0.0,0.0,0.0
23,295,12.0,11.320068398532044,0.0,1.0,0.0,0.0,1.0,0.0
24,295,2.0420670587234464,9.297458076299472,0.0,1.0,0.0,1.0,1.0,1.0
25,295,2.4212335366628306,8.864546461907478,1.0,0.0,0.0,0.0,0.0,0.0
26,295,12.0,7.548273667979488,0.0,0.0,1.0,1.0,1.0,0.0
27,295,3.384270860967188,0.0,0.0,0.0,0.0,0.0,0.0,1.0
28,295,12.0,1.9355877060000408,0.0,0.0,1.0,1.0,1.0,0.0
29,295,0.8431871418322628,12.0,0.0,1.0,0.0,0.0,0.0,1.0
