0,0,8.971160212485747,2.040058339653273,1.0,0.0,1.0,0.0,0.0,1.0
1,0,7.004270450688863,1.933860299985661,1.0,1.0,0.0,1.0,0.0,0.0
2,0,5.008206307997079,5.9611453578739,0.0,0.0,0.0,0.0,1.0,1.0
3,0,2.0264149333836983,2.9750024991206274,1.0,1.0,1.0,1.0,0.0,0.0
4,0,7.91849527313364,5.017692638258681,0.0,0.0,1.0,1.0,1.0,1.0
5,0,11.028598781571093,3.0568639948181944,1.0,1.0,0.0,1.0,0.0,0.0
6,0,8.031536877192192,1.9459703357655251,0.0,0.0,0.0,0.0,0.0,0.0
7,0,3.0242040405079296,0.050730807505913,0.0,0.0,1.0,0.0,1.0,0.0
8,0,4.948958810947171,11.9984715692273,1.0,1.0,0.0,1.0,0.0,0.0
9,0,10.970498171850144,10.004628009458044,1.0,0.0,0.0,0.0,0.0,1.0
10,0,11.059364813544034,12.0,1.0,1.0,0.0,1.0,0.0,1.0
11,0,10.033409191293892,7.972938561265871,0.0,0.0,0.0,0.0,0.0,1.0
12,0,1.976489894140198,10.052490591126451,1.0,1.0,0.0,0.0,1.0,1.0
13,0,11.005842119942596,5.079198593445257,1.0,0.0,0.0,1.0,0.0,0.0
14,0,0.0642737810777876,0.0,0.0,1.0,0.0,0.0,0.0,0.0
15,0,0.0,3.0396497615142017,1.0,1.0,1.0,1.0,0.0,0.0
16,0,8.003024754640043,11.933204427247276,0.0,1.0,1.0,0.0,0.0,0.0
17,0,1.960937965010308,11.03201185976396,0.0,0.0,1.0,1.0,0.0,0.0
18,0,0.0,4.022160781604488,0.0,1.0,1.0,1.0,1.0,1.0
19,0,11.046242376871843,11.963972371145402,1.0,0.0,0.0,1.0,0.0,0.0
20,0,10.006550484126157,9.94322863335642,0.0,0.0,0.0,0.0,0.0,0.0
21,0,9.000060810090611,9.055597466069752,0.0,0.0,1.0,0.0,0.0,1.0
22,0,1.938916123219754,9.992892395731506,1.0,1.0,0.0,0.0,1.0,0.0
23,0,5.921780662303684,2.029836635248669,0.0,0.0,1.0,1.0,0.0,1.0
24,0,11.036195062029195,2.036132230116252,1.0,0.0,1.0,0.0,1.0,0.0
25,0,6.029875112616376,10.003345445124346,0.0,0.0,0.0,0.0,1.0,0.0
26,0,8.06073369146209,5.023551152792413,1.0,0.0,1.0,0.0,0.0,0.0
27,0,3.9754175744838993,11.06511637246964,1.0,0.0,1.0,0.0,0.0,1.0
28,0,9.970299691422492,10.929579039726397,0.0,0.0,0.0,0.0,1.0,1.0
29,0,0.0,1.0367191337714992,1.0,0.0,0.0,0.0,0.0,0.0
30,0,4.953675302873572,3.967503987717364,0.0,1.0,1.0,0.0,0.0,0.0
31,0,2.9462616613892583,9.0186660812012,0.0,1.0,0.0,1.0,0.0,1.0
32,0,0.9443774929213826,9.023686000845164,0.0,1.0,1.0,0.0,1.0,0.0
33,0,7.037241948671722,9.941593658235403,0.0,0.0,0.0,0.0,0.0,0.0
34,0,1.9492410402275016,0.0,0.0,1.0,1.0,0.0,0.0,0.0
35,0,6.945764512464874,3.9932514475849463,0.0,1.0,0.0,1.0,0.0,0.0
36,0,7.962350477155857,3.0170403752721997,0.0,1.0,0.0,1.0,0.0,1.0
37,0,8.997975204751244,0.9514217704339208,0.0,0.0,0.0,0.0,1.0,0.0
38,0,5.9871359334468846,0.0,0.0,0.0,0.0,0.0,0.0,1.0
39,0,7.986249381355352,0.0,0.0,1.0,0.0,1.0,1.0,1.0
0,5,8.932456721303582,2.09572118586905,1.0,0.0,1.0,0.0,0.0,1.0
1,5,7.007979950217923,1.8570504856071453,1.0,1.0,0.0,1.0,0.0,0.0
2,5,5.01449087010623,5.932065003800839,0.0,0.0,0.0,0.0,1.0,1.0
3,5,2.0559489000896845,2.9463393390864185,1.0,1.0,1.0,1.0,0.0,0.0
4,5,7.833047035333845,5.037064195731778,0.0,0.0,1.0,1.0,1.0,1.0
5,5,11.052849425064863,3.1056671925745074,1.0,1.0,0.0,1.0,0.0,0.0
6,5,8.051801011177968,1.9121182409766908,0.0,0.0,0.0,0.0,0.0,0.0
7,5,3.0364966030949434,0.075095781390183,0.0,0.0,1.0,0.0,1.0,0.0
8,5,4.8864723250068325,11.99511649089442,1.0,1.0,0.0,1.0,0.0,0.0
9,5,10.941677851089285,10.008456402051175,1.0,0.0,0.0,0.0,0.0,1.0
10,5,11.117693150110783,12.0,1.0,1.0,0.0,1.0,0.0,1.0
11,5,10.061095087840489,7.9491426441124595,0.0,0.0,0.0,0.0,0.0,1.0
12,5,1.9471543815821517,10.11742730110092,1.0,1.0,0.0,0.0,1.0,1.0
13,5,11.016691086026697,5.168627349440807,1.0,0.0,0.0,1.0,0.0,0.0
14,5,0.1342749552522581,0.0,0.0,1.0,0.0,0.0,0.0,0.0
15,5,0.0,3.0523903688751117,1.0,1.0,1.0,1.0,0.0,0.0
16,5,8.005961947661024,11.856592112147789,0.0,1.0,1.0,0.0,0.0,0.0
17,5,1.917650662077812,11.066837914944212,0.0,0.0,1.0,1.0,0.0,0.0
18,5,0.0,4.041095149545836,0.0,1.0,1.0,1.0,1.0,1.0
19,5,11.104993885189971,11.91960237980977,1.0,0.0,0.0,1.0,0.0,0.0
20,5,10.012499996832934,9.88559403989164,0.0,0.0,0.0,0.0,0.0,0.0
21,5,8.99928724916276,9.101349830938055,0.0,0.0,1.0,0.0,0.0,1.0
22,5,1.865876749925748,9.984207500239869,1.0,1.0,0.0,0.0,1.0,0.0
23,5,5.835462340802041,2.062825093364738,0.0,0.0,1.0,1.0,0.0,1.0
24,5,11.076157176196832,2.0729198402334648,1.0,0.0,1.0,0.0,1.0,0.0
25,5,6.0492256121378505,10.005208986578976,0.0,0.0,0.0,0.0,1.0,0.0
26,5,8.131394023261473,5.053510417056314,1.0,0.0,1.0,0.0,0.0,0.0
27,5,3.9550120690985926,11.116083267823988,1.0,0.0,1.0,0.0,0.0,1.0
28,5,9.945689796134184,10.874460714079932,0.0,0.0,0.0,0.0,1.0,1.0
29,5,0.0,1.0681534733546283,1.0,0.0,0.0,0.0,0.0,0.0
30,5,4.910953302457504,3.9381641277558175,0.0,1.0,1.0,0.0,0.0,0.0
31,5,2.8867949582985943,9.03827544801316,0.0,1.0,0.0,1.0,0.0,1.0
32,5,0.8761881582474194,9.052303672745246,0.0,1.0,1.0,0.0,1.0,0.0
33,5,7.074679880126751,9.88134425046103,0.0,0.0,0.0,0.0,0.0,0.0
34,5,1.93202826861441,0.0,0.0,1.0,1.0,0.0,0.0,0.0
35,5,6.888056453388,3.9875234108015785,0.0,1.0,0.0,1.0,0.0,0.0
36,5,7.922635798061906,3.034228413060186,0.0,1.0,0.0,1.0,0.0,1.0
37,5,8.99532385768054,0.8802928871579457,0.0,0.0,0.0,0.0,1.0,0.0
38,5,5.979828642740611,0.0,0.0,0.0,0.0,0.0,0.0,1.0
39,5,7.975154647579612,0.0,0.0,1.0,0.0,1.0,1.0,1.0
0,10,8.894924216746483,2.149045330631556,1.0,0.0,1.0,0.0,0.0,1.0
1,10,7.011477639969248,1.796421572621315,1.0,1.0,0.0,1.0,0.0,0.0
2,10,5.021292369263417,5.900503714043735,0.0,0.0,0.0,0.0,1.0,1.0
3,10,2.097278125742156,2.904621706134158,1.0,1.0,1.0,1.0,0.0,0.0
4,10,7.772704909023973,5.051473088192059,0.0,0.0,1.0,1.0,1.0,1.0
5,10,11.06806021014362,3.13391063601234,1.0,1.0,0.0,1.0,0.0,0.0
6,10,8.07169940015963,1.879398268990886,0.0,0.0,0.0,0.0,0.0,0.0
7,10,3.0396755145587044,0.0813410290086194,0.0,0.0,1.0,0.0,1.0,0.0
8,10,4.827010791562584,11.992340391919283,1.0,1.0,0.0,1.0,0.0,0.0
9,10,10.908557097496091,10.012227375692833,1.0,0.0,0.0,0.0,0.0,1.0
10,10,11.195414878034988,12.0,1.0,1.0,0.0,1.0,0.0,1.0
11,10,10.092804172380236,7.921122720415411,0.0,0.0,0.0,0.0,0.0,1.0
12,10,1.923269575177134,10.170310332109414,1.0,1.0,0.0,0.0,1.0,1.0
13,10,11.02964716414068,5.274208230564506,1.0,0.0,0.0,1.0,0.0,0.0
14,10,0.2019456682972397,0.0,0.0,1.0,0.0,0.0,0.0,0.0
15,10,0.0002108197246395,3.0498238962155204,1.0,1.0,1.0,1.0,0.0,0.0
16,10,8.008914385113739,11.778759466403612,0.0,1.0,1.0,0.0,0.0,0.0
17,10,1.8582456743726925,11.115334786493808,0.0,0.0,1.0,1.0,0.0,0.0
18,10,0.0,4.056235539680171,0.0,1.0,1.0,1.0,1.0,1.0
19,10,11.158411424785156,11.876805973147553,1.0,0.0,0.0,1.0,0.0,0.0
20,10,10.01643386526591,9.849254973292908,0.0,0.0,0.0,0.0,0.0,0.0
21,10,8.99777081859623,9.14110930386706,0.0,0.0,1.0,0.0,0.0,1.0
22,10,1.796854787843801,9.974977150812792,1.0,1.0,0.0,0.0,1.0,0.0
23,10,5.750912387665387,2.0922498217597667,0.0,0.0,1.0,1.0,0.0,1.0
24,10,11.110520688384293,2.105553955751705,1.0,0.0,1.0,0.0,1.0,0.0
25,10,6.074340019556861,10.007868515906042,0.0,0.0,0.0,0.0,1.0,0.0
26,10,8.184740533271064,5.076047484327879,1.0,0.0,1.0,0.0,0.0,0.0
27,10,3.9436578035605407,11.145359375589422,1.0,0.0,1.0,0.0,0.0,1.0
28,10,9.921539431427057,10.817610666130747,0.0,0.0,0.0,0.0,1.0,1.0
29,10,0.0,1.075617903957083,1.0,0.0,0.0,0.0,0.0,0.0
30,10,4.874209877960118,3.914667029902765,0.0,1.0,1.0,0.0,0.0,0.0
31,10,2.817076807381471,9.060384542905012,0.0,1.0,0.0,1.0,0.0,1.0
32,10,0.8195934993921692,9.076731098514518,0.0,1.0,1.0,0.0,1.0,0.0
33,10,7.107103670815801,9.827004203660607,0.0,0.0,0.0,0.0,0.0,0.0
34,10,1.907458552010174,0.0,0.0,1.0,1.0,0.0,0.0,0.0
35,10,6.813164555711017,3.9809758370748334,0.0,1.0,0.0,1.0,0.0,0.0
36,10,7.872141590660523,3.056861649393178,0.0,1.0,0.0,1.0,0.0,1.0
37,10,8.991951379462522,0.8212645531594889,0.0,0.0,0.0,0.0,1.0,0.0
38,10,5.972934186076753,0.0,0.0,0.0,0.0,0.0,0.0,1.0
39,10,7.964828869247803,0.0,0.0,1.0,0.0,1.0,1.0,1.0
0,15,8.861345662232205,2.1974639251929364,1.0,0.0,1.0,0.0,0.0,1.0
1,15,7.016526577551252,1.735659570551159,1.0,1.0,0.0,1.0,0.0,0.0
2,15,5.022610497642974,5.894736466310869,0.0,0.0,0.0,0.0,1.0,1.0
3,15,2.1360696944349917,2.864669045066938,1.0,1.0,1.0,1.0,0.0,0.0
4,15,7.704244219611581,5.067680063836613,0.0,0.0,1.0,1.0,1.0,1.0
5,15,11.079469433370036,3.1551254515844147,1.0,1.0,0.0,1.0,0.0,0.0
6,15,8.08060044994551,1.8647422602548944,0.0,0.0,0.0,0.0,0.0,0.0
7,15,3.0391929245949174,0.0803985416423006,0.0,0.0,1.0,0.0,1.0,0.0
8,15,4.778089897433493,11.989341427040026,1.0,1.0,0.0,1.0,0.0,0.0
9,15,10.871253185473368,10.016104627696366,1.0,0.0,0.0,0.0,0.0,1.0
10,15,11.268011472391242,12.0,1.0,1.0,0.0,1.0,0.0,1.0
11,15,10.116668274606631,7.900094759503674,0.0,0.0,0.0,0.0,0.0,1.0
12,15,1.9021203770681612,10.22119722675216,1.0,1.0,0.0,0.0,1.0,1.0
13,15,11.042142432466216,5.386489007155623,1.0,0.0,0.0,1.0,0.0,0.0
14,15,0.2724250118325872,0.0,0.0,1.0,0.0,0.0,0.0,0.0
15,15,0.0007169413505095,3.044927645756669,1.0,1.0,1.0,1.0,0.0,0.0
16,15,8.012674891415367,11.674155955749994,0.0,1.0,1.0,0.0,0.0,0.0
17,15,1.7917242489686742,11.166554665789688,0.0,0.0,1.0,1.0,0.0,0.0
18,15,0.0,4.073707945180843,0.0,1.0,1.0,1.0,1.0,1.0
19,15,11.219566195029238,11.82990748428758,1.0,0.0,0.0,1.0,0.0,0.0
20,15,10.021550142398334,9.801896663346913,0.0,0.0,0.0,0.0,0.0,0.0
21,15,8.994928370529252,9.176975272117293,0.0,0.0,1.0,0.0,0.0,1.0
22,15,1.732423329078298,9.966196875433589,1.0,1.0,0.0,0.0,1.0,0.0
23,15,5.66571480798117,2.1215528110312234,0.0,0.0,1.0,1.0,0.0,1.0
24,15,11.156833102848886,2.150441539584221,1.0,0.0,1.0,0.0,1.0,0.0
25,15,6.100798301029007,10.01130899417202,0.0,0.0,0.0,0.0,1.0,0.0
26,15,8.256707178686156,5.108280822446078,1.0,0.0,1.0,0.0,0.0,0.0
27,15,3.9305360717394207,11.180197046135897,1.0,0.0,1.0,0.0,0.0,1.0
28,15,9.90592839314588,10.781469450329448,0.0,0.0,0.0,0.0,1.0,1.0
29,15,0.0099991100458707,1.0610833552790335,1.0,0.0,0.0,0.0,0.0,0.0
30,15,4.852204062292436,3.9007630680012872,0.0,1.0,1.0,0.0,0.0,0.0
31,15,2.755140946541965,9.079434285531129,0.0,1.0,0.0,1.0,0.0,1.0
32,15,0.7612225240853705,9.100464458680689,0.0,1.0,1.0,0.0,1.0,0.0
33,15,7.133790149929404,9.780350547390473,0.0,0.0,0.0,0.0,0.0,0.0
34,15,1.879280455463238,0.0,0.0,1.0,1.0,0.0,0.0,0.0
35,15,6.714645780655976,3.974710593223018,0.0,1.0,0.0,1.0,0.0,0.0
36,15,7.815242360398393,3.0798753717134453,0.0,1.0,0.0,1.0,0.0,1.0
37,15,8.985993289767487,0.7450778396047388,0.0,0.0,0.0,0.0,1.0,0.0
38,15,5.967243657159992,0.0,0.0,0.0,0.0,0.0,0.0,1.0
39,15,7.948421308384622,0.0,0.0,1.0,0.0,1.0,1.0,1.0
0,20,8.832708204487332,2.241071995794376,1.0,0.0,1.0,0.0,0.0,1.0
1,20,7.065685535686952,1.7389770992964508,1.0,1.0,0.0,1.0,0.0,0.0
2,20,5.024554018483657,5.885610843080588,0.0,0.0,0.0,0.0,1.0,1.0
3,20,2.1697041232317145,2.829507050447853,1.0,1.0,1.0,1.0,0.0,0.0
4,20,7.625860511156787,5.088543919417297,0.0,0.0,1.0,1.0,1.0,1.0
5,20,11.090589385202763,3.176101708329336,1.0,1.0,0.0,1.0,0.0,0.0
6,20,8.087801747344454,1.853183145483617,0.0,0.0,0.0,0.0,0.0,0.0
7,20,3.04538677628733,0.0919521256674787,0.0,0.0,1.0,0.0,1.0,0.0
8,20,4.742750609180868,11.986636498666408,1.0,1.0,0.0,1.0,0.0,0.0
9,20,10.837019125474486,10.019813938805449,1.0,0.0,0.0,0.0,0.0,1.0
10,20,11.353701850691827,11.999188849237008,1.0,1.0,0.0,1.0,0.0,1.0
11,20,10.133191214399709,7.884515710185909,0.0,0.0,0.0,0.0,0.0,1.0
12,20,1.8903654978176216,10.249784889866794,1.0,1.0,0.0,0.0,1.0,1.0
13,20,11.060623558155202,5.519316863325811,1.0,0.0,0.0,1.0,0.0,0.0
14,20,0.3318753322430514,0.0,0.0,1.0,0.0,0.0,0.0,0.0
15,20,0.0002494405271461,3.0489179261206427,1.0,1.0,1.0,1.0,0.0,0.0
16,20,8.016014250286345,11.55537364298421,0.0,1.0,1.0,0.0,0.0,0.0
17,20,1.7148097216827565,11.227862233517763,0.0,0.0,1.0,1.0,0.0,0.0
18,20,0.0,4.094771250843626,0.0,1.0,1.0,1.0,1.0,1.0
19,20,11.289095999787811,11.781356278106829,1.0,0.0,0.0,1.0,0.0,0.0
20,20,10.024677493099205,9.775279991387052,0.0,0.0,0.0,0.0,0.0,0.0
21,20,8.994328815593969,9.1842260625663,0.0,0.0,1.0,0.0,0.0,1.0
22,20,1.6757194043787158,9.95881837206443,1.0,1.0,0.0,0.0,1.0,0.0
23,20,5.563083575973836,2.1526543680465644,0.0,0.0,1.0,1.0,0.0,1.0
24,20,11.198737394344317,2.192348547096445,1.0,0.0,1.0,0.0,1.0,0.0
25,20,6.125234330509653,10.014910596837677,0.0,0.0,0.0,0.0,1.0,0.0
26,20,8.32971581505529,5.141328373773149,1.0,0.0,1.0,0.0,0.0,0.0
27,20,3.910077302793544,11.236704396630708,1.0,0.0,1.0,0.0,0.0,1.0
28,20,9.894161834866724,10.754558363993516,0.0,0.0,0.0,0.0,1.0,1.0
29,20,0.0167535454160472,1.0514262166235906,1.0,0.0,0.0,0.0,0.0,0.0
30,20,4.836429408931688,3.891184198753144,0.0,1.0,1.0,0.0,0.0,0.0
31,20,2.7218961533238315,9.090118499478308,0.0,1.0,0.0,1.0,0.0,1.0
32,20,0.7211459017662234,9.118462735698351,0.0,1.0,1.0,0.0,1.0,0.0
33,20,7.175471172797833,9.70725000695778,0.0,0.0,0.0,0.0,0.0,0.0
34,20,1.8669181097324932,0.0,0.0,1.0,1.0,0.0,0.0,0.0
35,20,6.609855290034027,3.9671422522177298,0.0,1.0,0.0,1.0,0.0,0.0
36,20,7.740159642493772,3.1143325223458764,0.0,1.0,0.0,1.0,0.0,1.0
37,20,8.978558741410376,0.6478238672093674,0.0,0.0,0.0,0.0,1.0,0.0
38,20,5.955495996505995,0.0,0.0,0.0,0.0,0.0,0.0,1.0
39,20,7.927433546950347,0.0,0.0,1.0,0.0,1.0,1.0,1.0
0,25,8.803342940080746,2.287541436329933,1.0,0.0,1.0,0.0,0.0,1.0
1,25,7.114010604322558,1.7427346241615058,1.0,1.0,0.0,1.0,0.0,0.0
2,25,5.025173461248295,5.882803772513116,0.0,0.0,0.0,0.0,1.0,1.0
3,25,2.1771880279196885,2.821226895440554,1.0,1.0,1.0,1.0,0.0,0.0
4,25,7.532650228598211,5.111785562925587,0.0,0.0,1.0,1.0,1.0,1.0
5,25,11.108217696529591,3.21028852856944,1.0,1.0,0.0,1.0,0.0,0.0
6,25,8.093211709993831,1.845166757260161,0.0,0.0,0.0,0.0,0.0,0.0
7,25,3.0622995477881245,0.1244362386663131,0.0,0.0,1.0,0.0,1.0,0.0
8,25,4.702296438588661,11.983109406616796,1.0,1.0,0.0,1.0,0.0,0.0
9,25,10.803772038364238,10.02268114178148,1.0,0.0,0.0,0.0,0.0,1.0
10,25,11.431405766330382,11.99960641908622,1.0,1.0,0.0,1.0,0.0,1.0
11,25,10.152026319222948,7.866834094911258,0.0,0.0,0.0,0.0,0.0,1.0
12,25,1.8883847215942096,10.254563286187114,1.0,1.0,0.0,0.0,1.0,1.0
13,25,11.080669652009917,5.646165214870447,1.0,0.0,0.0,1.0,0.0,0.0
14,25,0.4002610573025823,0.0,0.0,1.0,0.0,0.0,0.0,0.0
15,25,0.0,3.0894599521492285,1.0,1.0,1.0,1.0,0.0,0.0
16,25,8.016210489598677,11.429413283342212,0.0,1.0,1.0,0.0,0.0,0.0
17,25,1.6509175286839994,11.276861302620295,0.0,0.0,1.0,1.0,0.0,0.0
18,25,0.0,4.112716435686464,0.0,1.0,1.0,1.0,1.0,1.0
19,25,11.35371157981773,11.737649004115454,1.0,0.0,0.0,1.0,0.0,0.0
20,25,10.02766376747921,9.752805193651549,0.0,0.0,0.0,0.0,0.0,0.0
21,25,8.992774793034114,9.20154477618622,0.0,0.0,1.0,0.0,0.0,1.0
22,25,1.6206991573831095,9.952554549253875,1.0,1.0,0.0,0.0,1.0,0.0
23,25,5.457783342930831,2.1867833669205474,0.0,0.0,1.0,1.0,0.0,1.0
24,25,11.228765811283475,2.223155291498448,1.0,0.0,1.0,0.0,1.0,0.0
25,25,6.144831389081652,10.01808621109182,0.0,0.0,0.0,0.0,1.0,0.0
26,25,8.400858274926865,5.174056578095359,1.0,0.0,1.0,0.0,0.0,0.0
27,25,3.888977345708587,11.2893304031694,1.0,0.0,1.0,0.0,0.0,1.0
28,25,9.872979159252484,10.708261661991706,0.0,0.0,0.0,0.0,1.0,1.0
29,25,0.0287063308444705,1.034957431561138,1.0,0.0,0.0,0.0,0.0,0.0
30,25,4.837513595204879,3.8918751170633503,0.0,1.0,1.0,0.0,0.0,0.0
31,25,2.69176766311093,9.099607964962884,0.0,1.0,0.0,1.0,0.0,1.0
32,25,0.674488417168518,9.141102586258413,0.0,1.0,1.0,0.0,1.0,0.0
33,25,7.225865669712169,9.620551772957365,0.0,0.0,0.0,0.0,0.0,0.0
34,25,1.8456666637828625,0.0,0.0,1.0,1.0,0.0,0.0,0.0
35,25,6.507651075854637,3.961807353901628,0.0,1.0,0.0,1.0,0.0,0.0
36,25,7.670361012964831,3.143839132262836,0.0,1.0,0.0,1.0,0.0,1.0
37,25,8.971585049302504,0.5486783919032585,0.0,0.0,0.0,0.0,1.0,0.0
38,25,5.947512497851951,0.0,0.0,0.0,0.0,0.0,0.0,1.0
39,25,7.90267566707468,0.0,0.0,1.0,0.0,1.0,1.0,1.0
0,30,8.769479815608484,2.34476406542223,1.0,0.0,1.0,0.0,0.0,1.0
1,30,7.139028945646789,1.7449917843610547,1.0,1.0,0.0,1.0,0.0,0.0
2,30,5.022418705548565,5.894407764916546,0.0,0.0,0.0,0.0,1.0,1.0
3,30,2.169623924410644,2.829155324475072,1.0,1.0,1.0,1.0,0.0,0.0
4,30,7.438668334887636,5.1341042169001305,0.0,0.0,1.0,1.0,1.0,1.0
5,30,11.13161723583788,3.2568016021611323,1.0,1.0,0.0,1.0,0.0,0.0
6,30,8.114260038529654,1.814598252987364,0.0,0.0,0.0,0.0,0.0,0.0
7,30,3.0679035053466426,0.1351322698343795,0.0,0.0,1.0,0.0,1.0,0.0
8,30,4.652941935273493,11.978505766370722,1.0,1.0,0.0,1.0,0.0,0.0
9,30,10.769388223520242,10.02557870693678,1.0,0.0,0.0,0.0,0.0,1.0
10,30,11.498484905197069,11.99989100353308,1.0,1.0,0.0,1.0,0.0,1.0
11,30,10.173998653954586,7.847005373341979,0.0,0.0,0.0,0.0,0.0,1.0
12,30,1.8887895317091523,10.25361917361372,1.0,1.0,0.0,0.0,1.0,1.0
13,30,11.10786959598244,5.788772651585341,1.0,0.0,0.0,1.0,0.0,0.0
14,30,0.4578149985510188,0.0,0.0,1.0,0.0,0.0,0.0,0.0
15,30,0.0,3.114285410864288,1.0,1.0,1.0,1.0,0.0,0.0
16,30,8.015089828442035,11.319483012563673,0.0,1.0,1.0,0.0,0.0,0.0
17,30,1.5852964079371856,11.32528660851325,0.0,0.0,1.0,1.0,0.0,0.0
18,30,0.0,4.125346845544221,0.0,1.0,1.0,1.0,1.0,1.0
19,30,11.404377868013665,11.702042975524137,1.0,0.0,0.0,1.0,0.0,0.0
20,30,10.028790688132403,9.744862521905953,0.0,0.0,0.0,0.0,0.0,0.0
21,30,8.987645485568464,9.200957768228893,0.0,0.0,1.0,0.0,0.0,1.0
22,30,1.573599926531007,9.948934585789772,1.0,1.0,0.0,0.0,1.0,0.0
23,30,5.346962077857795,2.227706319556693,0.0,0.0,1.0,1.0,0.0,1.0
24,30,11.257588978240312,2.2526318657408217,1.0,0.0,1.0,0.0,1.0,0.0
25,30,6.162725487308291,10.020916981567726,0.0,0.0,0.0,0.0,1.0,0.0
26,30,8.476974374652869,5.208242152517397,1.0,0.0,1.0,0.0,0.0,0.0
27,30,3.873403504138775,11.328488383029288,1.0,0.0,1.0,0.0,0.0,1.0
28,30,9.851831454119411,10.657781643629914,0.0,0.0,0.0,0.0,1.0,1.0
29,30,0.0311962857704946,1.031448732493018,1.0,0.0,0.0,0.0,0.0,0.0
30,30,4.8233828988750265,3.8822348305294128,0.0,1.0,1.0,0.0,0.0,0.0
31,30,2.660938495941543,9.1098794082954,0.0,1.0,0.0,1.0,0.0,1.0
32,30,0.6349668710548023,9.16102861862148,0.0,1.0,1.0,0.0,1.0,0.0
33,30,7.283701691887248,9.525542740133664,0.0,0.0,0.0,0.0,0.0,0.0
34,30,1.8369018933063963,0.0,0.0,1.0,1.0,0.0,0.0,0.0
35,30,6.389161224957274,3.953719667870191,0.0,1.0,0.0,1.0,0.0,0.0
36,30,7.603539843452334,3.172353236642643,0.0,1.0,0.0,1.0,0.0,1.0
37,30,8.959955175439921,0.4315280560869315,0.0,0.0,0.0,0.0,1.0,0.0
38,30,5.940259145333326,0.0,0.0,0.0,0.0,0.0,0.0,1.0
39,30,7.880343383115327,0.0,0.0,1.0,0.0,1.0,1.0,1.0
0,35,8.737098477491074,2.3988477666187764,1.0,0.0,1.0,0.0,0.0,1.0
1,35,7.151641668645564,1.7459952984772975,1.0,1.0,0.0,1.0,0.0,0.0
2,35,5.01966104196995,5.905040938874663,0.0,0.0,0.0,0.0,1.0,1.0
3,35,2.164476199035438,2.8346985634435846,1.0,1.0,1.0,1.0,0.0,0.0
4,35,7.336061343618018,5.155585314092835,0.0,0.0,1.0,1.0,1.0,1.0
5,35,11.156574965124529,3.3057198368271394,1.0,1.0,0.0,1.0,0.0,0.0
6,35,8.113533848960211,1.8156568165869889,0.0,0.0,0.0,0.0,0.0,0.0
7,35,3.071419674536372,0.1416188716255062,0.0,0.0,1.0,0.0,1.0,0.0
8,35,4.587646391847923,11.97347430050274,1.0,1.0,0.0,1.0,0.0,0.0
9,35,10.71526760961184,10.029155856956097,1.0,0.0,0.0,0.0,0.0,1.0
10,35,11.542765976020908,11.99848289116898,1.0,1.0,0.0,1.0,0.0,1.0
11,35,10.219206105908292,7.807725575882643,0.0,0.0,0.0,0.0,0.0,1.0
12,35,1.8810510747475364,10.274042504405475,1.0,1.0,0.0,0.0,1.0,1.0
13,35,11.130561925259656,5.928172373622707,1.0,0.0,0.0,1.0,0.0,0.0
14,35,0.5288142199987854,0.0,0.0,1.0,0.0,0.0,0.0,0.0
15,35,0.0,3.156596389167795,1.0,1.0,1.0,1.0,0.0,0.0
16,35,8.013539572269902,11.184232683067426,0.0,1.0,1.0,0.0,0.0,0.0
17,35,1.5198376127200344,11.373161371564702,0.0,0.0,1.0,1.0,0.0,0.0
18,35,0.0,4.141687417953267,0.0,1.0,1.0,1.0,1.0,1.0
19,35,11.444751056588927,11.673516390997406,1.0,0.0,0.0,1.0,0.0,0.0
20,35,10.02856566260495,9.746522402993593,0.0,0.0,0.0,0.0,0.0,0.0
21,35,8.998878367601517,9.202069745673578,0.0,0.0,1.0,0.0,0.0,1.0
22,35,1.5198022233412911,9.94395940062825,1.0,1.0,0.0,0.0,1.0,0.0
23,35,5.240188696192903,2.2672389844151883,0.0,0.0,1.0,1.0,0.0,1.0
24,35,11.27665086138504,2.2717598020592664,1.0,0.0,1.0,0.0,1.0,0.0
25,35,6.175148069950353,10.023057826407342,0.0,0.0,0.0,0.0,1.0,0.0
26,35,8.566703677394015,5.2523126015311705,1.0,0.0,1.0,0.0,0.0,0.0
27,35,3.863603758328234,11.35477219707712,1.0,0.0,1.0,0.0,0.0,1.0
28,35,9.840446290875906,10.630160883763764,0.0,0.0,0.0,0.0,1.0,1.0
29,35,0.0420837006127669,1.0156626379989635,1.0,0.0,0.0,0.0,0.0,0.0
30,35,4.797773753384546,3.864453610379003,0.0,1.0,1.0,0.0,0.0,0.0
31,35,2.644877735058947,9.11534129661898,0.0,1.0,0.0,1.0,0.0,1.0
32,35,0.6004994608101113,9.180326733062982,0.0,1.0,1.0,0.0,1.0,0.0
33,35,7.360847199020134,9.404409336884536,0.0,0.0,0.0,0.0,0.0,0.0
34,35,1.8228133976897405,0.0,0.0,1.0,1.0,0.0,0.0,0.0
35,35,6.274930426018371,3.9434895314809566,0.0,1.0,0.0,1.0,0.0,0.0
36,35,7.520102853211727,3.206970209632482,0.0,1.0,0.0,1.0,0.0,1.0
37,35,8.947193864982511,0.3060415915609955,0.0,0.0,0.0,0.0,1.0,0.0
38,35,5.930239640812014,0.0,0.0,0.0,0.0,0.0,0.0,1.0
39,35,7.860514749215395,0.0,0.0,1.0,0.0,1.0,1.0,1.0
0,40,8.704296646149006,2.4524317752046274,1.0,0.0,1.0,0.0,0.0,1.0
1,40,7.160976944194025,1.746869843771077,1.0,1.0,0.0,1.0,0.0,0.0
2,40,5.01707898570322,5.915519257148381,0.0,0.0,0.0,0.0,1.0,1.0
3,40,2.1566827311668524,2.8428032400268664,1.0,1.0,1.0,1.0,0.0,0.0
4,40,7.247851863155505,5.172745009414993,0.0,0.0,1.0,1.0,1.0,1.0
5,40,11.181846010294455,3.358429031931816,1.0,1.0,0.0,1.0,0.0,0.0
6,40,8.109254012787865,1.822232336619886,0.0,0.0,0.0,0.0,0.0,0.0
7,40,3.0690370404794654,0.1370855568987971,0.0,0.0,1.0,0.0,1.0,0.0
8,40,4.533351422527619,11.97110557513925,1.0,1.0,0.0,1.0,0.0,0.0
9,40,10.670497617923663,10.031233020670037,1.0,0.0,0.0,0.0,0.0,1.0
10,40,11.566395249104398,11.997648496169486,1.0,1.0,0.0,1.0,0.0,1.0
11,40,10.270939031572478,7.762478017069355,0.0,0.0,0.0,0.0,0.0,1.0
12,40,1.8758437599689224,10.287332376694344,1.0,1.0,0.0,0.0,1.0,1.0
13,40,11.152607543433486,6.080798399895785,1.0,0.0,0.0,1.0,0.0,0.0
14,40,0.5765188108927888,0.0,0.0,1.0,0.0,0.0,0.0,0.0
15,40,0.0,3.205143639406697,1.0,1.0,1.0,1.0,0.0,0.0
16,40,8.012827303535788,11.054594883894431,0.0,1.0,1.0,0.0,0.0,0.0
17,40,1.447903461807633,11.426679928040022,0.0,0.0,1.0,1.0,0.0,0.0
18,40,0.0,4.159174487946557,0.0,1.0,1.0,1.0,1.0,1.0
19,40,11.498428846099683,11.637011172891576,1.0,0.0,0.0,1.0,0.0,0.0
20,40,10.027753080457924,9.75519589044697,0.0,0.0,0.0,0.0,0.0,0.0
21,40,9.010288756974733,9.20332632921687,0.0,0.0,1.0,0.0,0.0,1.0
22,40,1.454691670230653,9.93770130899104,1.0,1.0,0.0,0.0,1.0,0.0
23,40,5.127939685110372,2.310034062653057,0.0,0.0,1.0,1.0,0.0,1.0
24,40,11.274586664756969,2.269551425363568,1.0,0.0,1.0,0.0,1.0,0.0
25,40,6.1879731822931845,10.025259410858853,0.0,0.0,0.0,0.0,1.0,0.0
26,40,8.654470968980744,5.294235149320879,1.0,0.0,1.0,0.0,0.0,0.0
27,40,3.8548716196642014,11.377536964836,1.0,0.0,1.0,0.0,0.0,1.0
28,40,9.815617802932469,10.571856364047642,0.0,0.0,0.0,0.0,1.0,1.0
29,40,0.0621388433633518,0.9867324899882488,1.0,0.0,0.0,0.0,0.0,0.0
30,40,4.76796207707669,3.8435751195460632,0.0,1.0,1.0,0.0,0.0,0.0
31,40,2.638789417108068,9.117579906969269,0.0,1.0,0.0,1.0,0.0,1.0
32,40,0.5568713528457327,9.204255321988692,0.0,1.0,1.0,0.0,1.0,0.0
33,40,7.44542007127553,9.277046094640486,0.0,0.0,0.0,0.0,0.0,0.0
34,40,1.8180337137988745,0.0,0.0,1.0,1.0,0.0,0.0,0.0
35,40,6.165774765559104,3.934911499353813,0.0,1.0,0.0,1.0,0.0,0.0
36,40,7.4434244846785536,3.2376344091179203,0.0,1.0,0.0,1.0,0.0,1.0
37,40,8.9366211377517,0.1764089928223778,0.0,0.0,0.0,0.0,1.0,0.0
38,40,5.918755905436636,0.0,0.0,0.0,0.0,0.0,0.0,1.0
39,40,7.84295855387035,0.0,0.0,1.0,0.0,1.0,1.0,1.0
0,45,8.675495022840025,2.495478718732925,1.0,0.0,1.0,0.0,0.0,1.0
1,45,7.148356077189128,1.7460312297913163,1.0,1.0,0.0,1.0,0.0,0.0
2,45,5.016196506604554,5.919424924029632,0.0,0.0,0.0,0.0,1.0,1.0
3,45,2.142995968226693,2.8570717146719944,1.0,1.0,1.0,1.0,0.0,0.0
4,45,7.14521994946698,5.190700032408134,0.0,0.0,1.0,1.0,1.0,1.0
5,45,11.203667870011271,3.4071481369151524,1.0,1.0,0.0,1.0,0.0,0.0
6,45,8.1012802563191,1.8347803365716484,0.0,0.0,0.0,0.0,0.0,0.0
7,45,3.0643607262353147,0.1281880411690744,0.0,0.0,1.0,0.0,1.0,0.0
8,45,4.475849949455785,11.969514987421825,1.0,1.0,0.0,1.0,0.0,0.0
9,45,10.622988788862688,10.03411699130514,1.0,0.0,0.0,0.0,0.0,1.0
10,45,11.57969459763221,11.997116286567614,1.0,1.0,0.0,1.0,0.0,1.0
11,45,10.320878907544394,7.7199324026124545,0.0,0.0,0.0,0.0,0.0,1.0
12,45,1.872835150043332,10.295388077232849,1.0,1.0,0.0,0.0,1.0,1.0
13,45,11.171629709770071,6.2284325796621225,1.0,0.0,0.0,1.0,0.0,0.0
14,45,0.6435343660875428,0.0,0.0,1.0,0.0,0.0,0.0,0.0
15,45,0.0,3.2275375924274408,1.0,1.0,1.0,1.0,0.0,0.0
16,45,8.010289012690514,10.908156801354096,0.0,1.0,1.0,0.0,0.0,0.0
17,45,1.3758335766976697,11.482706347350735,0.0,0.0,1.0,1.0,0.0,0.0
18,45,0.0,4.176968646390081,0.0,1.0,1.0,1.0,1.0,1.0
19,45,11.552197914270907,11.603354323931129,1.0,0.0,0.0,1.0,0.0,0.0
20,45,10.027439378496856,9.758241518608,0.0,0.0,0.0,0.0,0.0,0.0
21,45,9.005612270395115,9.202814087367184,0.0,0.0,1.0,0.0,0.0,1.0
22,45,1.373903093922837,9.928597659422154,1.0,1.0,0.0,0.0,1.0,0.0
23,45,5.015828910093936,2.3509323413833125,0.0,0.0,1.0,1.0,0.0,1.0
24,45,11.264879713160592,2.2593576648646567,1.0,0.0,1.0,0.0,1.0,0.0
25,45,6.205196560564652,10.028019503826814,0.0,0.0,0.0,0.0,1.0,0.0
26,45,8.738757347014172,5.332110873041319,1.0,0.0,1.0,0.0,0.0,0.0
27,45,3.845581096175962,11.402845942378669,1.0,0.0,1.0,0.0,0.0,1.0
28,45,9.794511804210536,10.518493437302908,0.0,0.0,0.0,0.0,1.0,1.0
29,45,0.0813267743822829,0.9576645513072576,1.0,0.0,0.0,0.0,0.0,0.0
30,45,4.753153141293148,3.832935169973807,0.0,1.0,1.0,0.0,0.0,0.0
31,45,2.654580678262404,9.111918336820253,0.0,1.0,0.0,1.0,0.0,1.0
32,45,0.4936469957093414,9.239832320980524,0.0,1.0,1.0,0.0,1.0,0.0
33,45,7.541476350772422,9.133582332716545,0.0,0.0,0.0,0.0,0.0,0.0
34,45,1.817626511636599,0.0,0.0,1.0,1.0,0.0,0.0,0.0
35,45,6.039700119219454,3.925403248069459,0.0,1.0,0.0,1.0,0.0,0.0
36,45,7.374287953419734,3.2654371469642927,0.0,1.0,0.0,1.0,0.0,1.0
37,45,8.928736581680269,0.0523587705301094,0.0,0.0,0.0,0.0,1.0,0.0
38,45,5.960725695545397,0.0,0.0,0.0,0.0,0.0,0.0,1.0
39,45,7.824940060006439,0.0,0.0,1.0,0.0,1.0,1.0,1.0
0,50,8.644334189325084,2.541451413689716,1.0,0.0,1.0,0.0,0.0,1.0
1,50,7.14703485244305,1.7459482788448035,1.0,1.0,0.0,1.0,0.0,0.0
2,50,5.015352038275302,5.922866317091725,0.0,0.0,0.0,0.0,1.0,1.0
3,50,2.1269724563326298,2.873881415720573,1.0,1.0,1.0,1.0,0.0,0.0
4,50,7.057326670108417,5.205960618018376,0.0,0.0,1.0,1.0,1.0,1.0
5,50,11.22558519756337,3.453226269862499,1.0,1.0,0.0,1.0,0.0,0.0
6,50,8.103418619049775,1.8315434976508589,0.0,0.0,0.0,0.0,0.0,0.0
7,50,3.062073994717286,0.1238273867825664,0.0,0.0,1.0,0.0,1.0,0.0
8,50,4.420945612713576,11.968049729686935,1.0,1.0,0.0,1.0,0.0,0.0
9,50,10.584147584921096,10.036640803907977,1.0,0.0,0.0,0.0,0.0,1.0
10,50,11.606096406957416,11.99606280350147,1.0,1.0,0.0,1.0,0.0,1.0
11,50,10.277188067029495,7.668151724054922,0.0,0.0,0.0,0.0,0.0,1.0
12,50,1.8671629938216787,10.31112048215308,1.0,1.0,0.0,0.0,1.0,1.0
13,50,11.193753321180957,6.372817428539086,1.0,0.0,0.0,1.0,0.0,0.0
14,50,0.7053526437682351,0.0,0.0,1.0,0.0,0.0,0.0,0.0
15,50,0.0,3.261534781968105,1.0,1.0,1.0,1.0,0.0,0.0
16,50,8.008785255504662,10.766768850756884,0.0,1.0,1.0,0.0,0.0,0.0
17,50,1.3097292208905358,11.53713654603497,0.0,0.0,1.0,1.0,0.0,0.0
18,50,0.0,4.188590623171328,0.0,1.0,1.0,1.0,1.0,1.0
19,50,11.609495989684586,11.564503136945582,1.0,0.0,0.0,1.0,0.0,0.0
20,50,10.028785388862524,9.748153896551903,0.0,0.0,0.0,0.0,0.0,0.0
21,50,9.018420740521504,9.203990907165068,0.0,0.0,1.0,0.0,0.0,1.0
22,50,1.2958141423543748,9.919325028357251,1.0,1.0,0.0,0.0,1.0,0.0
23,50,4.904207279485852,2.3927361242121425,0.0,0.0,1.0,1.0,0.0,1.0
24,50,11.242951928483544,2.2360253421270366,1.0,0.0,1.0,0.0,1.0,0.0
25,50,6.225824588768016,10.030972245852109,0.0,0.0,0.0,0.0,1.0,0.0
26,50,8.826673925216047,5.372333114197855,1.0,0.0,1.0,0.0,0.0,0.0
27,50,3.834987166710849,11.428840891665637,1.0,0.0,1.0,0.0,0.0,1.0
28,50,9.779941846378486,10.477617818184967,0.0,0.0,0.0,0.0,1.0,1.0
29,50,0.0946522168569913,0.9375072370892972,1.0,0.0,0.0,0.0,0.0,0.0
30,50,4.744169179528128,3.826450739513024,0.0,1.0,1.0,0.0,0.0,0.0
31,50,2.647633261833445,9.092867453931245,0.0,1.0,0.0,1.0,0.0,1.0
32,50,0.4255148219427858,9.280909156416351,0.0,1.0,1.0,0.0,1.0,0.0
33,50,7.636460600049012,8.999854459634188,0.0,0.0,0.0,0.0,0.0,0.0
34,50,1.805041420379288,0.0,0.0,1.0,1.0,0.0,0.0,0.0
35,50,5.904576264530856,3.9121724788538823,0.0,1.0,0.0,1.0,0.0,0.0
36,50,7.315927801902235,3.2890325411380568,0.0,1.0,0.0,1.0,0.0,1.0
37,50,8.923756670530361,0.0,0.0,0.0,0.0,0.0,1.0,0.0
38,50,6.024080075306344,0.0,0.0,0.0,0.0,0.0,0.0,1.0
39,50,7.806216076658508,0.0,0.0,1.0,0.0,1.0,1.0,1.0
0,55,8.61440649261376,2.5831969786739126,1.0,0.0,1.0,0.0,0.0,1.0
1,55,7.111696376861633,1.7426445677791478,1.0,1.0,0.0,1.0,0.0,0.0
2,55,5.016833690757291,5.917469032466152,0.0,0.0,0.0,0.0,1.0,1.0
3,55,2.0895738268530746,2.911217847316625,1.0,1.0,1.0,1.0,0.0,0.0
4,55,6.966559191762621,5.224635996998892,0.0,0.0,1.0,1.0,1.0,1.0
5,55,11.243526495896807,3.4898955305368204,1.0,1.0,0.0,1.0,0.0,0.0
6,55,8.100623021556578,1.835648286999981,0.0,0.0,0.0,0.0,0.0,0.0
7,55,3.050925772103437,0.1028155965219405,0.0,0.0,1.0,0.0,1.0,0.0
8,55,4.3501502127148495,11.967314335281475,1.0,1.0,0.0,1.0,0.0,0.0
9,55,10.540594537713709,10.0397796929883,1.0,0.0,0.0,0.0,0.0,1.0
10,55,11.62436445377813,11.995691311970338,1.0,1.0,0.0,1.0,0.0,1.0
11,55,10.243706195848388,7.62723742723917,0.0,0.0,0.0,0.0,0.0,1.0
12,55,1.8581154886568656,10.335881526001511,1.0,1.0,0.0,0.0,1.0,1.0
13,55,11.218186958697263,6.523562378992334,1.0,0.0,0.0,1.0,0.0,0.0
14,55,0.7795718323501996,0.0,0.0,1.0,0.0,0.0,0.0,0.0
15,55,0.0,3.318780714874224,1.0,1.0,1.0,1.0,0.0,0.0
16,55,8.001666787510898,10.60882322626166,0.0,1.0,1.0,0.0,0.0,0.0
17,55,1.2489484617627609,11.588504815517462,0.0,0.0,1.0,1.0,0.0,0.0
18,55,0.0,4.202533224255014,0.0,1.0,1.0,1.0,1.0,1.0
19,55,11.676930516195972,11.519396552550228,1.0,0.0,0.0,1.0,0.0,0.0
20,55,10.028533337262322,9.750169748230835,0.0,0.0,0.0,0.0,0.0,0.0
21,55,9.041788885272709,9.206941723965258,0.0,0.0,1.0,0.0,0.0,1.0
22,55,1.2125994625282794,9.908325922099692,1.0,1.0,0.0,0.0,1.0,0.0
23,55,4.771930930986948,2.44214534901803,0.0,0.0,1.0,1.0,0.0,1.0
24,55,11.228062670326818,2.2206618604633697,1.0,0.0,1.0,0.0,1.0,0.0
25,55,6.262208859954813,10.036583969789069,0.0,0.0,0.0,0.0,1.0,0.0
26,55,8.918159387545893,5.415639170414803,1.0,0.0,1.0,0.0,0.0,0.0
27,55,3.828411466626215,11.443612527659724,1.0,0.0,1.0,0.0,0.0,1.0
28,55,9.767655317993633,10.440872894207525,0.0,0.0,0.0,0.0,1.0,1.0
29,55,0.1021408837779316,0.9267781490923648,1.0,0.0,0.0,0.0,0.0,0.0
30,55,4.7296761707494,3.816206931860497,0.0,1.0,1.0,0.0,0.0,0.0
31,55,2.637537096895489,9.0626286236657,0.0,1.0,0.0,1.0,0.0,1.0
32,55,0.3673655089212693,9.315457052831116,0.0,1.0,1.0,0.0,1.0,0.0
33,55,7.72339567307885,8.878909723475662,0.0,0.0,0.0,0.0,0.0,0.0
34,55,1.7949373134980275,0.0,0.0,1.0,1.0,0.0,0.0,0.0
35,55,5.75281028575304,3.89596654037973,0.0,1.0,0.0,1.0,0.0,0.0
36,55,7.260751670916999,3.3118592479941613,0.0,1.0,0.0,1.0,0.0,1.0
37,55,8.919837532062148,0.0,0.0,0.0,0.0,0.0,1.0,0.0
38,55,6.083414074532906,0.0,0.0,0.0,0.0,0.0,0.0,1.0
39,55,7.786294678215952,0.0,0.0,1.0,0.0,1.0,1.0,1.0
0,60,8.598774249630821,2.604643637358991,1.0,0.0,1.0,0.0,0.0,1.0
1,60,7.075118267019965,1.7391318155915787,1.0,1.0,0.0,1.0,0.0,0.0
2,60,5.017782337804833,5.913810353975533,0.0,0.0,0.0,0.0,1.0,1.0
3,60,2.0425529582394497,2.9618904261564603,1.0,1.0,1.0,1.0,0.0,0.0
4,60,6.87766872102097,5.243044572721648,0.0,0.0,1.0,1.0,1.0,1.0
5,60,11.25457220601049,3.511761812549106,1.0,1.0,0.0,1.0,0.0,0.0
6,60,8.099350520193259,1.8375079021563987,0.0,0.0,0.0,0.0,0.0,0.0
7,60,3.0379655932690763,0.078000017987357,0.0,0.0,1.0,0.0,1.0,0.0
8,60,4.273561634779849,11.96456004951694,1.0,1.0,0.0,1.0,0.0,0.0
9,60,10.461073034859949,10.043565756591333,1.0,0.0,0.0,0.0,0.0,1.0
10,60,11.660193419171485,11.995237340230616,1.0,1.0,0.0,1.0,0.0,1.0
11,60,10.215219314159295,7.593215245952253,0.0,0.0,0.0,0.0,0.0,1.0
12,60,1.8379596433102108,10.39027386462433,1.0,1.0,0.0,0.0,1.0,1.0
13,60,11.24330523812519,6.682595077007009,1.0,0.0,0.0,1.0,0.0,0.0
14,60,0.8627231972121926,0.0,0.0,1.0,0.0,0.0,0.0,0.0
15,60,0.0,3.3630285999721967,1.0,1.0,1.0,1.0,0.0,0.0
16,60,7.848108581296472,10.614408297998962,0.0,1.0,1.0,0.0,0.0,0.0
17,60,1.2052201515223184,11.624013585077392,0.0,0.0,1.0,1.0,0.0,0.0
18,60,0.0,4.21171401696053,0.0,1.0,1.0,1.0,1.0,1.0
19,60,11.756777361902628,11.466340420262048,1.0,0.0,0.0,1.0,0.0,0.0
20,60,10.028462056544573,9.750633781262897,0.0,0.0,0.0,0.0,0.0,0.0
21,60,9.056538246140844,9.208727021581074,0.0,0.0,1.0,0.0,0.0,1.0
22,60,1.1135074492488048,9.895357858846676,1.0,1.0,0.0,0.0,1.0,0.0
23,60,4.6524531078084,2.485717955307305,0.0,0.0,1.0,1.0,0.0,1.0
24,60,11.194363220104147,2.186241933241369,1.0,0.0,1.0,0.0,1.0,0.0
25,60,6.292054920735852,10.041272565247985,0.0,0.0,0.0,0.0,1.0,0.0
26,60,9.020910473835984,5.466040082307211,1.0,0.0,1.0,0.0,0.0,0.0
27,60,3.8194213359140368,11.462408562105097,1.0,0.0,1.0,0.0,0.0,1.0
28,60,9.754318838842517,10.401484434676574,0.0,0.0,0.0,0.0,1.0,1.0
29,60,0.1113188904149583,0.9130306503696952,1.0,0.0,0.0,0.0,0.0,0.0
30,60,4.71185743210863,3.803615511474365,0.0,1.0,1.0,0.0,0.0,0.0
31,60,2.6298915792692203,9.040255777555965,0.0,1.0,0.0,1.0,0.0,1.0
32,60,0.2858046455472933,9.360603673797424,0.0,1.0,1.0,0.0,1.0,0.0
33,60,7.824705783149238,8.746106793217201,0.0,0.0,0.0,0.0,0.0,0.0
34,60,1.769676431453982,0.0,0.0,1.0,1.0,0.0,0.0,0.0
35,60,5.613741675503882,3.88091909718044,0.0,1.0,0.0,1.0,0.0,0.0
36,60,7.207203417769472,3.332277795648822,0.0,1.0,0.0,1.0,0.0,1.0
37,60,8.913910779186896,0.0,0.0,0.0,0.0,0.0,1.0,0.0
38,60,6.133765401535976,0.0,0.0,0.0,0.0,0.0,0.0,1.0
39,60,7.763067245208695,0.0,0.0,1.0,0.0,1.0,1.0,1.0
0,65,8.583045105085478,2.62746239557563,1.0,0.0,1.0,0.0,0.0,1.0
1,65,7.040812418574435,1.735944427205072,1.0,1.0,0.0,1.0,0.0,0.0
2,65,5.018495974365856,5.910993964514135,0.0,0.0,0.0,0.0,1.0,1.0
3,65,2.001558157849028,3.0046955366006887,1.0,1.0,1.0,1.0,0.0,0.0
4,65,6.789158760207807,5.261061553755236,0.0,0.0,1.0,1.0,1.0,1.0
5,65,11.259120981068644,3.520756554215268,1.0,1.0,0.0,1.0,0.0,0.0
6,65,8.096598323198917,1.8415156043825252,0.0,0.0,0.0,0.0,0.0,0.0
7,65,3.0293295597049954,0.06265358168221,0.0,0.0,1.0,0.0,1.0,0.0
8,65,4.196740892099436,11.961270742339384,1.0,1.0,0.0,1.0,0.0,0.0
9,65,10.38940177955873,10.047563890311316,1.0,0.0,0.0,0.0,0.0,1.0
10,65,11.688800340477936,11.99500212792763,1.0,1.0,0.0,1.0,0.0,1.0
11,65,10.189047562891192,7.562121337869372,0.0,0.0,0.0,0.0,0.0,1.0
12,65,1.81406514691622,10.452791290922333,1.0,1.0,0.0,0.0,1.0,1.0
13,65,11.272608531574653,6.86442009718013,1.0,0.0,0.0,1.0,0.0,0.0
14,65,0.9334467296694152,0.0,0.0,1.0,0.0,0.0,0.0,0.0
15,65,0.0,3.4095390253656754,1.0,1.0,1.0,1.0,0.0,0.0
16,65,7.67648866451645,10.615454609970794,0.0,1.0,1.0,0.0,0.0,0.0
17,65,1.1570727273675911,11.662911835984625,0.0,0.0,1.0,1.0,0.0,0.0
18,65,0.0,4.229257863753184,0.0,1.0,1.0,1.0,1.0,1.0
19,65,11.831164791317793,11.416233145905858,1.0,0.0,0.0,1.0,0.0,0.0
20,65,10.029561139507488,9.74357547344597,0.0,0.0,0.0,0.0,0.0,0.0
21,65,9.082536962035528,9.21151498753908,0.0,0.0,1.0,0.0,0.0,1.0
22,65,1.0038256243241226,9.878539928643624,1.0,1.0,0.0,0.0,1.0,0.0
23,65,4.543784752566779,2.525305405624563,0.0,0.0,1.0,1.0,0.0,1.0
24,65,11.17063220174279,2.16119643013551,1.0,0.0,1.0,0.0,1.0,0.0
25,65,6.3390416572923165,10.047935745109006,0.0,0.0,0.0,0.0,1.0,0.0
26,65,9.132475932158007,5.519799286523201,1.0,0.0,1.0,0.0,0.0,0.0
27,65,3.814088685330375,11.473982277377202,1.0,0.0,1.0,0.0,0.0,1.0
28,65,9.742613444081334,10.367330394750455,0.0,0.0,0.0,0.0,1.0,1.0
29,65,0.1280927339573888,0.8859840179703395,1.0,0.0,0.0,0.0,0.0,0.0
30,65,4.690132010655391,3.7877420377371074,0.0,1.0,1.0,0.0,0.0,0.0
31,65,2.6178207582227824,9.006700534343471,0.0,1.0,0.0,1.0,0.0,1.0
32,65,0.2093430639877855,9.402662917529463,0.0,1.0,1.0,0.0,1.0,0.0
33,65,7.934323321705772,8.611020221517215,0.0,0.0,0.0,0.0,0.0,0.0
34,65,1.741222262014243,0.0,0.0,1.0,1.0,0.0,0.0,0.0
35,65,5.471993646590907,3.862903222933911,0.0,1.0,0.0,1.0,0.0,0.0
36,65,7.143512362313142,3.3571489573882216,0.0,1.0,0.0,1.0,0.0,1.0
37,65,8.90732188849933,0.0,0.0,0.0,0.0,0.0,1.0,0.0
38,65,6.210042004499289,0.0,0.0,0.0,0.0,0.0,0.0,1.0
39,65,7.744820738676027,0.0,0.0,1.0,0.0,1.0,1.0,1.0
0,70,8.572469495976518,2.64329173143251,1.0,0.0,1.0,0.0,0.0,1.0
1,70,6.96918422918266,1.7289582571699078,1.0,1.0,0.0,1.0,0.0,0.0
2,70,5.025600031525098,5.882474416518666,0.0,0.0,0.0,0.0,1.0,1.0
3,70,1.9728331912572337,3.0343570109467404,1.0,1.0,1.0,1.0,0.0,0.0
4,70,6.704159747314874,5.280506473879334,0.0,0.0,1.0,1.0,1.0,1.0
5,70,11.26421673778727,3.5299099100157734,1.0,1.0,0.0,1.0,0.0,0.0
6,70,8.095169277818805,1.8437137310418128,0.0,0.0,0.0,0.0,0.0,0.0
7,70,3.0053055976186336,0.0211957499116614,0.0,0.0,1.0,0.0,1.0,0.0
8,70,4.108604550397642,11.955978663707189,1.0,1.0,0.0,1.0,0.0,0.0
9,70,10.307387345672796,10.053357442270483,1.0,0.0,0.0,0.0,0.0,1.0
10,70,11.727441670792455,11.99632501959813,1.0,1.0,0.0,1.0,0.0,1.0
11,70,10.16243768073784,7.533151375775547,0.0,0.0,0.0,0.0,0.0,1.0
12,70,1.7846325731624384,10.529150654524868,1.0,1.0,0.0,0.0,1.0,1.0
13,70,11.301611816352295,7.045346209092829,1.0,0.0,0.0,1.0,0.0,0.0
14,70,1.0148900575857611,0.0,0.0,1.0,0.0,0.0,0.0,0.0
15,70,0.0,3.4419380057340523,1.0,1.0,1.0,1.0,0.0,0.0
16,70,7.514029023527141,10.614770806032608,0.0,1.0,1.0,0.0,0.0,0.0
17,70,1.0980384024201415,11.710943203082197,0.0,0.0,1.0,1.0,0.0,0.0
18,70,0.0,4.24904679967042,0.0,1.0,1.0,1.0,1.0,1.0
19,70,11.915347310627292,11.360617652107736,1.0,0.0,0.0,1.0,0.0,0.0
20,70,10.02627906177064,9.74302973340522,0.0,0.0,0.0,0.0,0.0,0.0
21,70,9.112861544970794,9.214914065264184,0.0,0.0,1.0,0.0,0.0,1.0
22,70,0.9136854539511952,9.865760677156253,1.0,1.0,0.0,0.0,1.0,0.0
23,70,4.4117269628569895,2.574396052523216,0.0,0.0,1.0,1.0,0.0,1.0
24,70,11.157547139667106,2.1477498931433843,1.0,0.0,1.0,0.0,1.0,0.0
25,70,6.372228332839916,10.05291714516406,0.0,0.0,0.0,0.0,1.0,0.0
26,70,9.239778710252514,5.573648862526056,1.0,0.0,1.0,0.0,0.0,0.0
27,70,3.8016790604104944,11.500811470628202,1.0,0.0,1.0,0.0,0.0,1.0
28,70,9.724108756894257,10.31467263300745,0.0,0.0,0.0,0.0,1.0,1.0
29,70,0.1524092073001881,0.8465461596188741,1.0,0.0,0.0,0.0,0.0,0.0
30,70,4.651405844281555,3.759034400198824,0.0,1.0,1.0,0.0,0.0,0.0
31,70,2.607302157352253,8.977189068762405,0.0,1.0,0.0,1.0,0.0,1.0
32,70,0.1184828957698074,9.454246232449885,0.0,1.0,1.0,0.0,1.0,0.0
33,70,8.043110856055263,8.479365429412281,0.0,0.0,0.0,0.0,0.0,0.0
34,70,1.7249157237567596,0.0,0.0,1.0,1.0,0.0,0.0,0.0
35,70,5.316510342164563,3.843054176215336,0.0,1.0,0.0,1.0,0.0,0.0
36,70,7.093782174218191,3.378606589235499,0.0,1.0,0.0,1.0,0.0,1.0
37,70,8.899224429299968,0.0,0.0,0.0,0.0,0.0,1.0,0.0
38,70,6.27204210993737,0.0,0.0,0.0,0.0,0.0,0.0,1.0
39,70,7.728691308402788,0.0,0.0,1.0,0.0,1.0,1.0,1.0
0,75,8.562701025216128,2.6585096396223373,1.0,0.0,1.0,0.0,0.0,1.0
1,75,6.904331966810458,1.7207642844973063,1.0,1.0,0.0,1.0,0.0,0.0
2,75,5.030928415012298,5.862136153076195,0.0,0.0,0.0,0.0,1.0,1.0
3,75,1.9448809708807084,3.06424064913096,1.0,1.0,1.0,1.0,0.0,0.0
4,75,6.616083859836323,5.303506146012904,0.0,0.0,1.0,1.0,1.0,1.0
5,75,11.258938767202416,3.520279077931664,1.0,1.0,0.0,1.0,0.0,0.0
6,75,8.090132409799867,1.851434611271629,0.0,0.0,0.0,0.0,0.0,0.0
7,75,2.9851141238069143,0.0,0.0,0.0,1.0,0.0,1.0,0.0
8,75,4.039771290941842,11.951746954221862,1.0,1.0,0.0,1.0,0.0,0.0
9,75,10.226759710290644,10.05721606346363,1.0,0.0,0.0,0.0,0.0,1.0
10,75,11.781196304973792,11.99915010275258,1.0,1.0,0.0,1.0,0.0,1.0
11,75,10.178157662262858,7.518355976994428,0.0,0.0,0.0,0.0,0.0,1.0
12,75,1.7510125236553389,10.620222874671027,1.0,1.0,0.0,0.0,1.0,1.0
13,75,11.33104495368536,7.234635072057512,1.0,0.0,0.0,1.0,0.0,0.0
14,75,1.1047763729919124,0.0,0.0,1.0,0.0,0.0,0.0,0.0
15,75,0.0,3.442900964285101,1.0,1.0,1.0,1.0,0.0,0.0
16,75,7.345279104159109,10.6155394388584,0.0,1.0,1.0,0.0,0.0,0.0
17,75,1.0339008971076948,11.759486656206082,0.0,0.0,1.0,1.0,0.0,0.0
18,75,0.0,4.262348043089453,0.0,1.0,1.0,1.0,1.0,1.0
19,75,12.0,11.300013507578653,1.0,0.0,0.0,1.0,0.0,0.0
20,75,10.010461155051075,9.74019651119973,0.0,0.0,0.0,0.0,0.0,0.0
21,75,9.11616184502692,9.215299446996788,0.0,0.0,1.0,0.0,0.0,1.0
22,75,0.8218703056466957,9.853643746634775,1.0,1.0,0.0,0.0,1.0,0.0
23,75,4.273942098001823,2.6264237945482325,0.0,0.0,1.0,1.0,0.0,1.0
24,75,11.134484174175268,2.122920167026729,1.0,0.0,1.0,0.0,1.0,0.0
25,75,6.373826103306426,10.05316517895969,0.0,0.0,0.0,0.0,1.0,0.0
26,75,9.339297888432265,5.622712528458306,1.0,0.0,1.0,0.0,0.0,0.0
27,75,3.783131248634252,11.542668783582611,1.0,0.0,1.0,0.0,0.0,1.0
28,75,9.70153661964005,10.252011188530236,0.0,0.0,0.0,0.0,1.0,1.0
29,75,0.1848327243174319,0.7898686470798174,1.0,0.0,0.0,0.0,0.0,0.0
30,75,4.606374601022449,3.7264306444246382,0.0,1.0,1.0,0.0,0.0,0.0
31,75,2.592249559484069,8.937858004011257,0.0,1.0,0.0,1.0,0.0,1.0
32,75,0.0308057841413623,9.50499143085534,0.0,1.0,1.0,0.0,1.0,0.0
33,75,8.154095061214539,8.343141603395477,0.0,0.0,0.0,0.0,0.0,0.0
34,75,1.7149355946091875,0.0,0.0,1.0,1.0,0.0,0.0,0.0
35,75,5.145972821717687,3.8176782694441194,0.0,1.0,0.0,1.0,0.0,0.0
36,75,7.03469392903941,3.405415406825212,0.0,1.0,0.0,1.0,0.0,1.0
37,75,8.887383449425355,0.0,0.0,0.0,0.0,0.0,1.0,0.0
38,75,6.357190669256406,0.0,0.0,0.0,0.0,0.0,0.0,1.0
39,75,7.711395620114625,0.0,0.0,1.0,0.0,1.0,1.0,1.0
0,80,8.542590037609413,2.6900933623878758,1.0,0.0,1.0,0.0,0.0,1.0
1,80,6.83297688344641,1.7117400224778625,1.0,1.0,0.0,1.0,0.0,0.0
2,80,5.034239456833551,5.849874070358185,0.0,0.0,0.0,0.0,1.0,1.0
3,80,1.901920038148009,3.110904607006787,1.0,1.0,1.0,1.0,0.0,0.0
4,80,6.524859529164041,5.327391890871826,0.0,0.0,1.0,1.0,1.0,1.0
5,80,11.246471273299084,3.498172274519185,1.0,1.0,0.0,1.0,0.0,0.0
6,80,8.090373875075677,1.85106053754089,0.0,0.0,0.0,0.0,0.0,0.0
7,80,2.968007452760761,0.0,0.0,0.0,1.0,0.0,1.0,0.0
8,80,3.975903625880482,11.946610443821132,1.0,1.0,0.0,1.0,0.0,0.0
9,80,10.161536091831824,10.059995444429571,1.0,0.0,0.0,0.0,0.0,1.0
10,80,11.80325198129534,12.0,1.0,1.0,0.0,1.0,0.0,1.0
11,80,10.19690279194882,7.501553614948079,0.0,0.0,0.0,0.0,0.0,1.0
12,80,1.7140235462270783,10.719160258009309,1.0,1.0,0.0,0.0,1.0,1.0
13,80,11.361054184176,7.441622640628847,1.0,0.0,0.0,1.0,0.0,0.0
14,80,1.1907585926481523,0.0,0.0,1.0,0.0,0.0,0.0,0.0
15,80,0.0011253616880565,3.408609225109543,1.0,1.0,1.0,1.0,0.0,0.0
16,80,7.156735249433923,10.61873812057238,0.0,1.0,1.0,0.0,0.0,0.0
17,80,0.9780042607704116,11.803344349525174,0.0,0.0,1.0,1.0,0.0,0.0
18,80,0.0,4.265446113570405,0.0,1.0,1.0,1.0,1.0,1.0
19,80,11.944929070510485,11.221325869930032,1.0,0.0,0.0,1.0,0.0,0.0
20,80,9.990222362910997,9.737030245542352,0.0,0.0,0.0,0.0,0.0,0.0
21,80,9.11511576645225,9.21517332140189,0.0,0.0,1.0,0.0,0.0,1.0
22,80,0.7452200448691422,9.843945150838511,1.0,1.0,0.0,0.0,1.0,0.0
23,80,4.15117308654043,2.672670821974953,0.0,0.0,1.0,1.0,0.0,1.0
24,80,11.102904726286388,2.091396899305061,1.0,0.0,1.0,0.0,1.0,0.0
25,80,6.375617968177146,10.053438453131294,0.0,0.0,0.0,0.0,1.0,0.0
26,80,9.453049101010253,5.678768777251983,1.0,0.0,1.0,0.0,0.0,0.0
27,80,3.764921460002441,11.582192332157884,1.0,0.0,1.0,0.0,0.0,1.0
28,80,9.683903386150584,10.201886456173831,0.0,0.0,0.0,0.0,1.0,1.0
29,80,0.2083957622736419,0.7458488135443764,1.0,0.0,0.0,0.0,0.0,0.0
30,80,4.584841822276371,3.710355762579181,0.0,1.0,1.0,0.0,0.0,0.0
31,80,2.5853300516580964,8.920386297134682,0.0,1.0,0.0,1.0,0.0,1.0
32,80,0.0,9.552913594587398,0.0,1.0,1.0,0.0,1.0,0.0
33,80,8.261868443721387,8.206656326790867,0.0,0.0,0.0,0.0,0.0,0.0
34,80,1.723964376082129,0.0092489078248878,0.0,1.0,1.0,0.0,0.0,0.0
35,80,4.971277529338344,3.791776817495737,0.0,1.0,0.0,1.0,0.0,0.0
36,80,6.973540812971263,3.433518756126521,0.0,1.0,0.0,1.0,0.0,1.0
37,80,8.87296214253369,0.0,0.0,0.0,0.0,0.0,1.0,0.0
38,80,6.4659274916233205,0.0,0.0,0.0,0.0,0.0,0.0,1.0
39,80,7.696644710650418,0.0,0.0,1.0,0.0,1.0,1.0,1.0
0,85,8.524180402046223,2.7181128858874093,1.0,0.0,1.0,0.0,0.0,1.0
1,85,6.766896542059216,1.703823700282802,1.0,1.0,0.0,1.0,0.0,0.0
2,85,5.036187670834163,5.841291359511869,0.0,0.0,0.0,0.0,1.0,1.0
3,85,1.8422838282738083,3.1728571943002244,1.0,1.0,1.0,1.0,0.0,0.0
4,85,6.428259065784885,5.35469543316195,0.0,0.0,1.0,1.0,1.0,1.0
5,85,11.22541395761796,3.46277282409354,1.0,1.0,0.0,1.0,0.0,0.0
6,85,8.092181261284383,1.8483625099039955,0.0,0.0,0.0,0.0,0.0,0.0
7,85,2.956166099320882,0.0,0.0,0.0,1.0,0.0,1.0,0.0
8,85,3.9102246924462887,11.93991282786192,1.0,1.0,0.0,1.0,0.0,0.0
9,85,10.091519406493978,10.062131583664534,1.0,0.0,0.0,0.0,0.0,1.0
10,85,11.82662656892796,12.0,1.0,1.0,0.0,1.0,0.0,1.0
11,85,10.209046677711456,7.49022195140122,0.0,0.0,0.0,0.0,0.0,1.0
12,85,1.6766458398921051,10.813544553946436,1.0,1.0,0.0,0.0,1.0,1.0
13,85,11.395154559426135,7.656188179468487,1.0,0.0,0.0,1.0,0.0,0.0
14,85,1.2740210940579078,0.0,0.0,1.0,0.0,0.0,0.0,0.0
15,85,0.0015256928291207,3.379999144284489,1.0,1.0,1.0,1.0,0.0,0.0
16,85,6.979707751236885,10.624660771734424,0.0,1.0,1.0,0.0,0.0,0.0
17,85,0.9415176834155322,11.82963015763873,0.0,0.0,1.0,1.0,0.0,0.0
18,85,0.0,4.270058626736741,0.0,1.0,1.0,1.0,1.0,1.0
19,85,11.872320353353974,11.121513772506333,1.0,0.0,0.0,1.0,0.0,0.0
20,85,9.956979690083124,9.73230157894984,0.0,0.0,0.0,0.0,0.0,0.0
21,85,9.100437633401436,9.213350235860013,0.0,0.0,1.0,0.0,0.0,1.0
22,85,0.6744218938911404,9.834375060208773,1.0,1.0,0.0,0.0,1.0,0.0
23,85,4.015933784011611,2.719780277646973,0.0,0.0,1.0,1.0,0.0,1.0
24,85,11.076642524760356,2.0648464716147017,1.0,0.0,1.0,0.0,1.0,0.0
25,85,6.384437940840968,10.054984577094022,0.0,0.0,0.0,0.0,1.0,0.0
26,85,9.556690877492985,5.7232216280522685,1.0,0.0,1.0,0.0,0.0,0.0
27,85,3.739335762790768,11.63247727341049,1.0,0.0,1.0,0.0,0.0,1.0
28,85,9.665618315507464,10.14827472651505,0.0,0.0,0.0,0.0,1.0,1.0
29,85,0.2723606593639883,0.7808128888677863,1.0,0.0,0.0,0.0,0.0,0.0
30,85,4.547932743633252,3.6828739245945097,0.0,1.0,1.0,0.0,0.0,0.0
31,85,2.5781761498721933,8.902035547160414,0.0,1.0,0.0,1.0,0.0,1.0
32,85,0.0,9.602363917894024,0.0,1.0,1.0,0.0,1.0,0.0
33,85,8.374118967180827,8.061351676751572,0.0,0.0,0.0,0.0,0.0,0.0
34,85,1.7317481237242454,0.0169566743056627,0.0,1.0,1.0,0.0,0.0,0.0
35,85,4.792730007439252,3.767933200282375,0.0,1.0,0.0,1.0,0.0,0.0
36,85,6.9047775877675095,3.4664475304253823,0.0,1.0,0.0,1.0,0.0,1.0
37,85,8.855110562186647,0.0,0.0,0.0,0.0,0.0,1.0,0.0
38,85,6.567952252052158,0.0,0.0,0.0,0.0,0.0,0.0,1.0
39,85,7.68354379293955,0.0,0.0,1.0,0.0,1.0,1.0,1.0
0,90,8.501759860192204,2.7523321018880607,1.0,0.0,1.0,0.0,0.0,1.0
1,90,6.699319777675452,1.6956670769446147,1.0,1.0,0.0,1.0,0.0,0.0
2,90,5.035361208139097,5.84476835751896,0.0,0.0,0.0,0.0,1.0,1.0
3,90,1.7961534773725838,3.220086715868069,1.0,1.0,1.0,1.0,0.0,0.0
4,90,6.321116336005432,5.385421024606995,0.0,0.0,1.0,1.0,1.0,1.0
5,90,11.214462425591933,3.4427667874641235,1.0,1.0,0.0,1.0,0.0,0.0
6,90,8.08068478993029,1.8646230438622529,0.0,0.0,0.0,0.0,0.0,0.0
7,90,2.95076660097547,0.0,0.0,0.0,1.0,0.0,1.0,0.0
8,90,3.842444817215695,11.930824201607845,1.0,1.0,0.0,1.0,0.0,0.0
9,90,10.02646461795974,10.065135314716128,1.0,0.0,0.0,0.0,0.0,1.0
10,90,11.821803019371218,11.999270740051722,1.0,1.0,0.0,1.0,0.0,1.0
11,90,10.21990850549801,7.479811769237848,0.0,0.0,0.0,0.0,0.0,1.0
12,90,1.6454646365029817,10.895778562145882,1.0,1.0,0.0,0.0,1.0,1.0
13,90,11.42896305437862,7.887369204476606,1.0,0.0,0.0,1.0,0.0,0.0
14,90,1.3336562150743916,0.0,0.0,1.0,0.0,0.0,0.0,0.0
15,90,0.0020700930902736,3.355986894484204,1.0,1.0,1.0,1.0,0.0,0.0
16,90,6.806498815012533,10.630848262788817,0.0,1.0,1.0,0.0,0.0,0.0
17,90,0.9129662270114858,11.850858728800452,0.0,0.0,1.0,1.0,0.0,0.0
18,90,0.0,4.277664669037943,0.0,1.0,1.0,1.0,1.0,1.0
19,90,11.804030537881664,11.019372896020226,1.0,0.0,0.0,1.0,0.0,0.0
20,90,9.91884821104442,9.7264756006445,0.0,0.0,0.0,0.0,0.0,0.0
21,90,9.10280547199334,9.213617940681877,0.0,0.0,1.0,0.0,0.0,1.0
22,90,0.6028485860523434,9.823792926665345,1.0,1.0,0.0,0.0,1.0,0.0
23,90,3.887981861052029,2.766490812229767,0.0,0.0,1.0,1.0,0.0,1.0
24,90,11.046198121377463,2.0357335166060806,1.0,0.0,1.0,0.0,1.0,0.0
25,90,6.376332446478163,10.053743507433042,0.0,0.0,0.0,0.0,1.0,0.0
26,90,9.66283154084139,5.767832559114765,1.0,0.0,1.0,0.0,0.0,0.0
27,90,3.716417525276953,11.674748193165932,1.0,0.0,1.0,0.0,0.0,1.0
28,90,9.647249543747987,10.09346663715359,0.0,0.0,0.0,0.0,1.0,1.0
29,90,0.3329706789896871,0.8130938775481394,1.0,0.0,0.0,0.0,0.0,0.0
30,90,4.526815537428926,3.666221677042989,0.0,1.0,1.0,0.0,0.0,0.0
31,90,2.5662058754307373,8.87383458942915,0.0,1.0,0.0,1.0,0.0,1.0
32,90,0.0,9.644579389665337,0.0,1.0,1.0,0.0,1.0,0.0
33,90,8.46410069285963,7.940581273163905,0.0,0.0,0.0,0.0,0.0,0.0
34,90,1.7427254364241398,0.0272351445115087,0.0,1.0,1.0,0.0,0.0,0.0
35,90,4.584609174070715,3.7468537516145934,0.0,1.0,0.0,1.0,0.0,0.0
36,90,6.814334938589812,3.509203722832,0.0,1.0,0.0,1.0,0.0,1.0
37,90,8.840140382078038,0.0,0.0,0.0,0.0,0.0,1.0,0.0
38,90,6.688579422892667,0.0,0.0,0.0,0.0,0.0,0.0,1.0
39,90,7.672306158794584,0.0,0.0,1.0,0.0,1.0,1.0,1.0
0,95,8.479305616897669,2.78746332578998,1.0,0.0,1.0,0.0,0.0,1.0
1,95,6.64131579241003,1.6892509884842803,1.0,1.0,0.0,1.0,0.0,0.0
2,95,5.042284868585072,5.816262375470542,0.0,0.0,0.0,0.0,1.0,1.0
3,95,1.7553060448926232,3.2605485548696254,1.0,1.0,1.0,1.0,0.0,0.0
4,95,6.200901137572788,5.419231773699073,0.0,0.0,1.0,1.0,1.0,1.0
5,95,11.190172888177036,3.397443219807711,1.0,1.0,0.0,1.0,0.0,0.0
6,95,8.076536372273466,1.8709125205927024,0.0,0.0,0.0,0.0,0.0,0.0
7,95,2.944189198795548,0.0,0.0,0.0,1.0,0.0,1.0,0.0
8,95,3.7762095312394366,11.92151054842259,1.0,1.0,0.0,1.0,0.0,0.0
9,95,9.958419013525951,10.065903203728626,1.0,0.0,0.0,0.0,0.0,1.0
10,95,11.831658890318836,12.0,1.0,1.0,0.0,1.0,0.0,1.0
11,95,10.220251992173234,7.479461599262916,0.0,0.0,0.0,0.0,0.0,1.0
12,95,1.6097924691147114,10.983092753404788,1.0,1.0,0.0,0.0,1.0,1.0
13,95,11.462955297806808,8.122494004858336,1.0,0.0,0.0,1.0,0.0,0.0
14,95,1.3830052555480024,0.0,0.0,1.0,0.0,0.0,0.0,0.0
15,95,0.0020980540113661,3.311396598017288,1.0,1.0,1.0,1.0,0.0,0.0
16,95,6.640109889650777,10.635275243399166,0.0,1.0,1.0,0.0,0.0,0.0
17,95,0.891723889510475,11.865805371533476,0.0,0.0,1.0,1.0,0.0,0.0
18,95,0.0039892734310246,4.276057296710368,0.0,1.0,1.0,1.0,1.0,1.0
19,95,11.72856264717904,10.911572482058167,1.0,0.0,0.0,1.0,0.0,0.0
20,95,9.88013034967396,9.721431990312489,0.0,0.0,0.0,0.0,0.0,0.0
21,95,9.133752504265072,9.216311525628052,0.0,0.0,1.0,0.0,0.0,1.0
22,95,0.5250288909442333,9.81274543635892,1.0,1.0,0.0,0.0,1.0,0.0
23,95,3.7607576693134472,2.811652792343096,0.0,0.0,1.0,1.0,0.0,1.0
24,95,11.012720625184873,2.0029921142400307,1.0,0.0,1.0,0.0,1.0,0.0
25,95,6.35105992756052,10.050087400074974,0.0,0.0,0.0,0.0,1.0,0.0
26,95,9.775148449917085,5.81308978331687,1.0,0.0,1.0,0.0,0.0,0.0
27,95,3.6904851921926656,11.719292616378729,1.0,0.0,1.0,0.0,0.0,1.0
28,95,9.63452733226843,10.055947601790136,0.0,0.0,0.0,0.0,1.0,1.0
29,95,0.3983385167852762,0.8501986011095171,1.0,0.0,0.0,0.0,0.0,0.0
30,95,4.510539174570924,3.6531890219472,0.0,1.0,1.0,0.0,0.0,0.0
31,95,2.55174604533554,8.840796079457013,0.0,1.0,0.0,1.0,0.0,1.0
32,95,0.0,9.673877534074872,0.0,1.0,1.0,0.0,1.0,0.0
33,95,8.561397781020158,7.814496654706397,0.0,0.0,0.0,0.0,0.0,0.0
34,95,1.778586764963683,0.0610913096703603,0.0,1.0,1.0,0.0,0.0,0.0
35,95,4.387879723534624,3.731739154386888,0.0,1.0,0.0,1.0,0.0,0.0
36,95,6.732505690594812,3.5495090091503227,0.0,1.0,0.0,1.0,0.0,1.0
37,95,8.825424774497835,0.0,0.0,0.0,0.0,0.0,1.0,0.0
38,95,6.813457851326743,0.0,0.0,0.0,0.0,0.0,0.0,1.0
39,95,7.662702190191768,0.0,0.0,1.0,0.0,1.0,1.0,1.0
0,100,8.458334872694705,2.819454548195051,1.0,0.0,1.0,0.0,0.0,1.0
1,100,6.588639276450071,1.6819375427269267,1.0,1.0,0.0,1.0,0.0,0.0
2,100,5.052669938703501,5.773521411199473,0.0,0.0,0.0,0.0,1.0,1.0
3,100,1.7170582687526843,3.298553290637496,1.0,1.0,1.0,1.0,0.0,0.0
4,100,6.2344207760248205,5.529828436942237,0.0,0.0,1.0,1.0,1.0,1.0
5,100,11.158352479097951,3.333298350197571,1.0,1.0,0.0,1.0,0.0,0.0
6,100,8.068291637042162,1.883033229695819,0.0,0.0,0.0,0.0,0.0,0.0
7,100,2.939335539668872,0.0,0.0,0.0,1.0,0.0,1.0,0.0
8,100,3.698638129152506,11.912620253870642,1.0,1.0,0.0,1.0,0.0,0.0
9,100,9.899192134810129,10.066172657951062,1.0,0.0,0.0,0.0,0.0,1.0
10,100,11.83145200328256,12.0,1.0,1.0,0.0,1.0,0.0,1.0
11,100,10.225559379750695,7.474217545538946,0.0,0.0,0.0,0.0,0.0,1.0
12,100,1.5699208338408623,11.072752371906953,1.0,1.0,0.0,0.0,1.0,1.0
13,100,11.500538050557298,8.369832705861299,1.0,0.0,0.0,1.0,0.0,0.0
14,100,1.430246859641228,0.0,0.0,1.0,0.0,0.0,0.0,0.0
15,100,0.0029934019845266,3.2630753585064123,1.0,1.0,1.0,1.0,0.0,0.0
16,100,6.469140874478569,10.63645042421597,0.0,1.0,1.0,0.0,0.0,0.0
17,100,0.8778180397948849,11.875292353151636,0.0,0.0,1.0,1.0,0.0,0.0
18,100,0.0268991099015845,4.266742443484165,0.0,1.0,1.0,1.0,1.0,1.0
19,100,11.640410787818512,10.782592643028478,1.0,0.0,0.0,1.0,0.0,0.0
20,100,9.852734944380998,9.718676805111404,0.0,0.0,0.0,0.0,0.0,0.0
21,100,9.16485218994681,9.218849836232776,0.0,0.0,1.0,0.0,0.0,1.0
22,100,0.4443278682960613,9.80221807017714,1.0,1.0,0.0,0.0,1.0,0.0
23,100,3.626516803327971,2.8613705119763893,0.0,0.0,1.0,1.0,0.0,1.0
24,100,10.997987740621566,1.9880461165305297,1.0,0.0,1.0,0.0,1.0,0.0
25,100,6.313438820926088,10.044754999601018,0.0,0.0,0.0,0.0,1.0,0.0
26,100,9.87724132349947,5.85520156508715,1.0,0.0,1.0,0.0,0.0,0.0
27,100,3.666347634566869,11.7602571484291,1.0,0.0,1.0,0.0,0.0,1.0
28,100,9.619694617496885,10.016584601318016,0.0,0.0,0.0,0.0,1.0,1.0
29,100,0.456434966256857,0.8852427098501887,1.0,0.0,0.0,0.0,0.0,0.0
30,100,4.501067141861478,3.645689321282256,0.0,1.0,1.0,0.0,0.0,0.0
31,100,2.534769577091037,8.804346845764497,0.0,1.0,0.0,1.0,0.0,1.0
32,100,0.0,9.69777384202223,0.0,1.0,1.0,0.0,1.0,0.0
33,100,8.656105105710814,7.683744314525491,0.0,0.0,0.0,0.0,0.0,0.0
34,100,1.793748340477869,0.0756336024945377,0.0,1.0,1.0,0.0,0.0,0.0
35,100,4.226254508081182,3.716748602419434,0.0,1.0,0.0,1.0,0.0,0.0
36,100,6.659846838709817,3.5849157506670823,0.0,1.0,0.0,1.0,0.0,1.0
37,100,8.810272997586999,0.0,0.0,0.0,0.0,0.0,1.0,0.0
38,100,6.935080881199221,0.0,0.0,0.0,0.0,0.0,0.0,1.0
39,100,7.654312272755768,0.0,0.0,1.0,0.0,1.0,1.0,1.0
0,105,8.449862329806384,2.833027534874955,1.0,0.0,1.0,0.0,0.0,1.0
1,105,6.519263646306888,1.6728519983447203,1.0,1.0,0.0,1.0,0.0,0.0
2,105,5.062029901781889,5.733470461457673,0.0,0.0,0.0,0.0,1.0,1.0
3,105,1.6693880499083855,3.346453550381685,1.0,1.0,1.0,1.0,0.0,0.0
4,105,6.2658426291835685,5.626078976518024,0.0,0.0,1.0,1.0,1.0,1.0
5,105,11.12301960284258,3.261466358538621,1.0,1.0,0.0,1.0,0.0,0.0
6,105,8.0543984159391,1.9039128500771725,0.0,0.0,0.0,0.0,0.0,0.0
7,105,2.9363367690012336,0.0,0.0,0.0,1.0,0.0,1.0,0.0
8,105,3.6285587939992894,11.903737284687308,1.0,1.0,0.0,1.0,0.0,0.0
9,105,9.83196694189654,10.066018813883616,1.0,0.0,0.0,0.0,0.0,1.0
10,105,11.83119127421308,12.0,1.0,1.0,0.0,1.0,0.0,1.0
11,105,10.228901055298952,7.470920100998762,0.0,0.0,0.0,0.0,0.0,1.0
12,105,1.5299263392457727,11.167312166771366,1.0,1.0,0.0,0.0,1.0,1.0
13,105,11.537333876895143,8.582090871556638,1.0,0.0,0.0,1.0,0.0,0.0
14,105,1.4796808832606096,0.0,0.0,1.0,0.0,0.0,0.0,0.0
15,105,0.0054401321719715,3.2104030283570544,1.0,1.0,1.0,1.0,0.0,0.0
16,105,6.3076419918688895,10.641046435342776,0.0,1.0,1.0,0.0,0.0,0.0
17,105,0.874185723802228,11.87780303272666,0.0,0.0,1.0,1.0,0.0,0.0
18,105,0.0595700918231449,4.25316386943412,0.0,1.0,1.0,1.0,1.0,1.0
19,105,11.567105415599189,10.677495852435174,1.0,0.0,0.0,1.0,0.0,0.0
20,105,9.809073781384823,9.715187750826738,0.0,0.0,0.0,0.0,0.0,0.0
21,105,9.162071930018366,9.218610809568643,0.0,0.0,1.0,0.0,0.0,1.0
22,105,0.3708422194783273,9.79287093811872,1.0,1.0,0.0,0.0,1.0,0.0
23,105,3.476560399096976,2.911183477848001,0.0,0.0,1.0,1.0,0.0,1.0
24,105,10.991070894695603,1.9810316720816108,1.0,0.0,1.0,0.0,1.0,0.0
25,105,6.267025158866507,10.036632436274536,0.0,0.0,0.0,0.0,1.0,0.0
26,105,9.973519247194483,5.894341902863253,1.0,0.0,1.0,0.0,0.0,0.0
27,105,3.6433041804941735,11.800539560401152,1.0,0.0,1.0,0.0,0.0,1.0
28,105,9.609812200209024,9.990744498304158,0.0,0.0,0.0,0.0,1.0,1.0
29,105,0.522990290095636,0.9242195325449644,1.0,0.0,0.0,0.0,0.0,0.0
30,105,4.492737667054946,3.639039363343352,0.0,1.0,1.0,0.0,0.0,0.0
31,105,2.5139393642667365,8.755589092484149,0.0,1.0,0.0,1.0,0.0,1.0
32,105,0.0,9.734133295325003,0.0,1.0,1.0,0.0,1.0,0.0
33,105,8.742978653645041,7.562140070577088,0.0,0.0,0.0,0.0,0.0,0.0
34,105,1.796662054519724,0.0785647276195946,0.0,1.0,1.0,0.0,0.0,0.0
35,105,4.078711231432506,3.70340110220347,0.0,1.0,0.0,1.0,0.0,0.0
36,105,6.616249251131119,3.6050688755142217,0.0,1.0,0.0,1.0,0.0,1.0
37,105,8.790717515678931,0.0,0.0,0.0,0.0,0.0,1.0,0.0
38,105,7.038796679299675,0.0,0.0,0.0,0.0,0.0,0.0,1.0
39,105,7.644698393449336,0.0,0.0,1.0,0.0,1.0,1.0,1.0
0,110,8.442376476900641,2.844197481934735,1.0,0.0,1.0,0.0,0.0,1.0
1,110,6.452253297072603,1.6640207845132984,1.0,1.0,0.0,1.0,0.0,0.0
2,110,5.070818652263687,5.692634794329525,0.0,0.0,0.0,0.0,1.0,1.0
3,110,1.6037286668245947,3.410901345127041,1.0,1.0,1.0,1.0,0.0,0.0
4,110,6.294945844400584,5.712109370857554,0.0,0.0,1.0,1.0,1.0,1.0
5,110,11.07566161903548,3.170095065047817,1.0,1.0,0.0,1.0,0.0,0.0
6,110,8.042919051706594,1.92111648107158,0.0,0.0,0.0,0.0,0.0,0.0
7,110,2.938583272904778,0.0034147024849433,0.0,0.0,1.0,0.0,1.0,0.0
8,110,3.558441795411343,11.89384325940165,1.0,1.0,0.0,1.0,0.0,0.0
9,110,9.769879954517403,10.06568198567562,1.0,0.0,0.0,0.0,0.0,1.0
10,110,11.832324612989474,11.99295094159298,1.0,1.0,0.0,1.0,0.0,1.0
11,110,10.230732968881355,7.469086143573579,0.0,0.0,0.0,0.0,0.0,1.0
12,110,1.4944981659392442,11.256476888839291,1.0,1.0,0.0,0.0,1.0,1.0
13,110,11.57625652064399,8.796956299506823,1.0,0.0,0.0,1.0,0.0,0.0
14,110,1.5071322075588662,0.0,0.0,1.0,0.0,0.0,0.0,0.0
15,110,0.0094013692025925,3.142666563789383,1.0,1.0,1.0,1.0,0.0,0.0
16,110,6.165550672063669,10.642309297140669,0.0,1.0,1.0,0.0,0.0,0.0
17,110,0.8968285331015172,11.861661457865308,0.0,0.0,1.0,1.0,0.0,0.0
18,110,0.0940925833676677,4.238885439201451,0.0,1.0,1.0,1.0,1.0,1.0
19,110,11.488176785474405,10.564511494872262,1.0,0.0,0.0,1.0,0.0,0.0
20,110,9.75094034102751,9.709633618195449,0.0,0.0,0.0,0.0,0.0,0.0
21,110,9.17529292307419,9.219988992534429,0.0,0.0,1.0,0.0,0.0,1.0
22,110,0.2955290336433573,9.783965996385954,1.0,1.0,0.0,0.0,1.0,0.0
23,110,3.3223027964598075,2.9659638433775504,0.0,0.0,1.0,1.0,0.0,1.0
24,110,10.98469502032908,1.9745517201770597,1.0,0.0,1.0,0.0,1.0,0.0
25,110,6.2128274329196245,10.026614129018578,0.0,0.0,0.0,0.0,1.0,0.0
26,110,10.0671632597106,5.930807831052644,1.0,0.0,1.0,0.0,0.0,0.0
27,110,3.62759367195381,11.82853194513217,1.0,0.0,1.0,0.0,0.0,1.0
28,110,9.601931040654092,9.967747738087242,0.0,0.0,0.0,0.0,1.0,1.0
29,110,0.5872757519109431,0.9602912702119956,1.0,0.0,0.0,0.0,0.0,0.0
30,110,4.4814677433920656,3.630195465698795,0.0,1.0,1.0,0.0,0.0,0.0
31,110,2.497634233951449,8.717358549438167,0.0,1.0,0.0,1.0,0.0,1.0
32,110,0.0,9.766199571511365,0.0,1.0,1.0,0.0,1.0,0.0
33,110,8.838463985223848,7.421320642824183,0.0,0.0,0.0,0.0,0.0,0.0
34,110,1.7908882908162171,0.0728718077672696,0.0,1.0,1.0,0.0,0.0,0.0
35,110,3.911544638220373,3.6895377838171854,0.0,1.0,0.0,1.0,0.0,0.0
36,110,6.598169350432089,3.613206222312009,0.0,1.0,0.0,1.0,0.0,1.0
37,110,8.775726373330642,0.0,0.0,0.0,0.0,0.0,1.0,0.0
38,110,7.124812338855893,0.0,0.0,0.0,0.0,0.0,0.0,1.0
39,110,7.635329229025585,0.0,0.0,1.0,0.0,1.0,1.0,1.0
0,115,8.432357865358885,2.859192200112651,1.0,0.0,1.0,0.0,0.0,1.0
1,115,6.377661371330471,1.654647350556007,1.0,1.0,0.0,1.0,0.0,0.0
2,115,5.081343081699919,5.643200620531891,0.0,0.0,0.0,0.0,1.0,1.0
3,115,1.5312206655820324,3.484834813248197,1.0,1.0,1.0,1.0,0.0,0.0
4,115,6.330079631303886,5.822858891594898,0.0,0.0,1.0,1.0,1.0,1.0
5,115,11.02027052228451,3.065708243632539,1.0,1.0,0.0,1.0,0.0,0.0
6,115,8.02264511599337,1.95224201464172,0.0,0.0,0.0,0.0,0.0,0.0
7,115,2.9409118559503398,0.0067222532499695,0.0,0.0,1.0,0.0,1.0,0.0
8,115,3.4852775346793217,11.884967504641333,1.0,1.0,0.0,1.0,0.0,0.0
9,115,9.709277739079676,10.065377992763604,1.0,0.0,0.0,0.0,0.0,1.0
10,115,11.83050641764802,12.0,1.0,1.0,0.0,1.0,0.0,1.0
11,115,10.229512959169272,7.470356729116776,0.0,0.0,0.0,0.0,0.0,1.0
12,115,1.4677677730197114,11.327565363145723,1.0,1.0,0.0,0.0,1.0,1.0
13,115,11.619811762178976,9.011048823076443,1.0,0.0,0.0,1.0,0.0,0.0
14,115,1.5312043702265743,0.0,0.0,1.0,0.0,0.0,0.0,0.0
15,115,0.0124079321107309,3.072116720111424,1.0,1.0,1.0,1.0,0.0,0.0
16,115,6.013589432252431,10.64677001218447,0.0,1.0,1.0,0.0,0.0,0.0
17,115,0.917905438766141,11.846931198217607,0.0,0.0,1.0,1.0,0.0,0.0
18,115,0.1076841701344841,4.233132144332195,0.0,1.0,1.0,1.0,1.0,1.0
19,115,11.418438490262169,10.464674942095028,1.0,0.0,0.0,1.0,0.0,0.0
20,115,9.692879357359764,9.70381679547952,0.0,0.0,0.0,0.0,0.0,0.0
21,115,9.192482115274224,9.221845820966474,0.0,0.0,1.0,0.0,0.0,1.0
22,115,0.1809055969841696,9.769150903573289,1.0,1.0,0.0,0.0,1.0,0.0
23,115,3.1602127872561563,3.018543325276612,0.0,0.0,1.0,1.0,0.0,1.0
24,115,10.988387783748657,1.9783378119857573,1.0,0.0,1.0,0.0,1.0,0.0
25,115,6.165439261199206,10.01802222315832,0.0,0.0,0.0,0.0,1.0,0.0
26,115,10.183863378038287,5.977541491235513,1.0,0.0,1.0,0.0,0.0,0.0
27,115,3.600989369604372,11.877675001170491,1.0,0.0,1.0,0.0,0.0,1.0
28,115,9.591020697566291,9.932061346356136,0.0,0.0,0.0,0.0,1.0,1.0
29,115,0.6252652224144899,0.981633132712993,1.0,0.0,0.0,0.0,0.0,0.0
30,115,4.483657814448263,3.631816489047326,0.0,1.0,1.0,0.0,0.0,0.0
31,115,2.4866737865104547,8.689458123331475,0.0,1.0,0.0,1.0,0.0,1.0
32,115,0.0,9.810248618350434,0.0,1.0,1.0,0.0,1.0,0.0
33,115,8.933019853129041,7.285801598183282,0.0,0.0,0.0,0.0,0.0,0.0
34,115,1.7828533598681826,0.0649155417738213,0.0,1.0,1.0,0.0,0.0,0.0
35,115,3.758967383596348,3.6723752446965143,0.0,1.0,0.0,1.0,0.0,0.0
36,115,6.595736792196206,3.614310282117724,0.0,1.0,0.0,1.0,0.0,1.0
37,115,8.760438273073037,0.0,0.0,0.0,0.0,0.0,1.0,0.0
38,115,7.218951265341047,0.0,0.0,0.0,0.0,0.0,0.0,1.0
39,115,7.630422215959478,0.0,0.0,1.0,0.0,1.0,1.0,1.0
0,120,8.423023457367124,2.8738376171010405,1.0,0.0,1.0,0.0,0.0,1.0
1,120,6.310401879684032,1.646296277093526,1.0,1.0,0.0,1.0,0.0,0.0
2,120,5.089550234465834,5.607098258044827,0.0,0.0,0.0,0.0,1.0,1.0
3,120,1.4651952293637494,3.5522172587003125,1.0,1.0,1.0,1.0,0.0,0.0
4,120,6.35971391060595,5.924469349271965,0.0,0.0,1.0,1.0,1.0,1.0
5,120,10.954042284161432,2.9413179308067074,1.0,1.0,0.0,1.0,0.0,0.0
6,120,8.005300943793085,1.9797256520019844,0.0,0.0,0.0,0.0,0.0,0.0
7,120,2.94480521223307,0.012578426923205,0.0,0.0,1.0,0.0,1.0,0.0
8,120,3.4129671031462845,11.876851049704616,1.0,1.0,0.0,1.0,0.0,0.0
9,120,9.658893430915004,10.0666161646353,1.0,0.0,0.0,0.0,0.0,1.0
10,120,11.824959308843637,12.0,1.0,1.0,0.0,1.0,0.0,1.0
11,120,10.218830774747625,7.480997660492386,0.0,0.0,0.0,0.0,0.0,1.0
12,120,1.4381821497238343,11.40826604280326,1.0,1.0,0.0,0.0,1.0,1.0
13,120,11.660353357549823,9.218219328246262,1.0,0.0,0.0,1.0,0.0,0.0
14,120,1.538259694338156,0.0,0.0,1.0,0.0,0.0,0.0,0.0
15,120,0.0162382800797402,3.009304479126812,1.0,1.0,1.0,1.0,0.0,0.0
16,120,5.834834271935498,10.650872664496143,0.0,1.0,1.0,0.0,0.0,0.0
17,120,0.9298093995149016,11.838824227864848,0.0,0.0,1.0,1.0,0.0,0.0
18,120,0.1115535248485424,4.231567591689916,0.0,1.0,1.0,1.0,1.0,1.0
19,120,11.348945262464134,10.358105159021529,1.0,0.0,0.0,1.0,0.0,0.0
20,120,9.631892537155064,9.698867959085591,0.0,0.0,0.0,0.0,0.0,0.0
21,120,9.204753076159088,9.22299097503532,0.0,0.0,1.0,0.0,0.0,1.0
22,120,0.0580789472842796,9.750679751243617,1.0,1.0,0.0,0.0,1.0,0.0
23,120,2.9984744752213786,3.070357247030883,0.0,0.0,1.0,1.0,0.0,1.0
24,120,10.993017372180132,1.9828874268410888,1.0,0.0,1.0,0.0,1.0,0.0
25,120,6.133851599235495,10.01286934426783,0.0,0.0,0.0,0.0,1.0,0.0
26,120,10.283154525481422,6.018692789244287,1.0,0.0,1.0,0.0,0.0,0.0
27,120,3.5669947484189164,11.944792574705207,1.0,0.0,1.0,0.0,0.0,1.0
28,120,9.59177169976497,9.93450804581111,0.0,0.0,0.0,0.0,1.0,1.0
29,120,0.6497172080259579,0.995464654240311,1.0,0.0,0.0,0.0,0.0,0.0
30,120,4.472811890321077,3.623451753882869,0.0,1.0,1.0,0.0,0.0,0.0
31,120,2.476848661418093,8.6657120199451,0.0,1.0,0.0,1.0,0.0,1.0
32,120,0.0,9.848492720243264,0.0,1.0,1.0,0.0,1.0,0.0
33,120,9.019877596621358,7.163049208412365,0.0,0.0,0.0,0.0,0.0,0.0
34,120,1.775746044983987,0.0580300498168635,0.0,1.0,1.0,0.0,0.0,0.0
35,120,3.605363797288629,3.658319561005003,0.0,1.0,0.0,1.0,0.0,0.0
36,120,6.61904362241975,3.602933297704733,0.0,1.0,0.0,1.0,0.0,1.0
37,120,8.743074358687055,0.0,0.0,0.0,0.0,0.0,1.0,0.0
38,120,7.318917101395624,0.0,0.0,0.0,0.0,0.0,0.0,1.0
39,120,7.627647721255423,0.0,0.0,1.0,0.0,1.0,1.0,1.0
0,125,8.399975430461764,2.9107853685646847,1.0,0.0,1.0,0.0,0.0,1.0
1,125,6.237632547389311,1.634582005691569,1.0,1.0,0.0,1.0,0.0,0.0
2,125,5.096431757828112,5.572752623406548,0.0,0.0,0.0,0.0,1.0,1.0
3,125,1.4141718508087937,3.605300006719633,1.0,1.0,1.0,1.0,0.0,0.0
4,125,6.386923532362841,6.022495393010682,0.0,0.0,1.0,1.0,1.0,1.0
5,125,10.891550449655597,2.821191064391405,1.0,1.0,0.0,1.0,0.0,0.0
6,125,7.9931812234873,1.999900215829575,0.0,0.0,0.0,0.0,0.0,0.0
7,125,2.954529935100625,0.0272508974276886,0.0,0.0,1.0,0.0,1.0,0.0
8,125,3.332137358508172,11.868698373560452,1.0,1.0,0.0,1.0,0.0,0.0
9,125,9.583649012515249,10.06970692168734,1.0,0.0,0.0,0.0,0.0,1.0
10,125,11.821460735317316,12.0,1.0,1.0,0.0,1.0,0.0,1.0
11,125,10.212886638635664,7.486726355587496,0.0,0.0,0.0,0.0,0.0,1.0
12,125,1.4055602536080012,11.496103297254049,1.0,1.0,0.0,0.0,1.0,1.0
13,125,11.709208713169492,9.437530456863485,1.0,0.0,0.0,1.0,0.0,0.0
14,125,1.5608680016094492,0.0,0.0,1.0,0.0,0.0,0.0,0.0
15,125,0.020097163469181,2.948068178055387,1.0,1.0,1.0,1.0,0.0,0.0
16,125,5.660786693858596,10.655017713928173,0.0,1.0,1.0,0.0,0.0,0.0
17,125,0.9372163025988878,11.83339311445137,0.0,0.0,1.0,1.0,0.0,0.0
18,125,0.1351318134765267,4.221706371515988,0.0,1.0,1.0,1.0,1.0,1.0
19,125,11.276437989834085,10.24537383051856,1.0,0.0,0.0,1.0,0.0,0.0
20,125,9.564768018002374,9.692994729127577,0.0,0.0,0.0,0.0,0.0,0.0
21,125,9.219127023956036,9.224474351008308,0.0,0.0,1.0,0.0,0.0,1.0
22,125,0.0,9.734146168072034,1.0,1.0,0.0,0.0,1.0,0.0
23,125,2.8572793281112268,3.119443685610792,0.0,0.0,1.0,1.0,0.0,1.0
24,125,10.979741497204342,1.9692839452982576,1.0,0.0,1.0,0.0,1.0,0.0
25,125,6.147707011653577,10.014958742012944,0.0,0.0,0.0,0.0,1.0,0.0
26,125,10.396641602660802,6.067697848224989,1.0,0.0,1.0,0.0,0.0,0.0
27,125,3.537341811494059,12.0,1.0,0.0,1.0,0.0,0.0,1.0
28,125,9.59032089934321,9.929831694620807,0.0,0.0,0.0,0.0,1.0,1.0
29,125,0.7006699221097136,1.0237146240093604,1.0,0.0,0.0,0.0,0.0,0.0
30,125,4.465305169258374,3.6173937404327625,0.0,1.0,1.0,0.0,0.0,0.0
31,125,2.478065252907588,8.66873714465957,0.0,1.0,0.0,1.0,0.0,1.0
32,125,0.0,9.891338297615455,0.0,1.0,1.0,0.0,1.0,0.0
33,125,9.108360659780798,7.03859615645896,0.0,0.0,0.0,0.0,0.0,0.0
34,125,1.773863153714912,0.0561554936125235,0.0,1.0,1.0,0.0,0.0,0.0
35,125,3.4470208319968085,3.638874951143624,0.0,1.0,0.0,1.0,0.0,0.0
36,125,6.62324268366343,3.6008473572719257,0.0,1.0,0.0,1.0,0.0,1.0
37,125,8.725420399787321,0.0,0.0,0.0,0.0,0.0,1.0,0.0
38,125,7.408464492827205,0.0,0.0,0.0,0.0,0.0,0.0,1.0
39,125,7.624020113024759,0.0,0.0,1.0,0.0,1.0,1.0,1.0
0,130,8.370053324941276,2.9619324642265807,1.0,0.0,1.0,0.0,0.0,1.0
1,130,6.181824469566669,1.624435450691999,1.0,1.0,0.0,1.0,0.0,0.0
2,130,5.099376012470857,5.553922405018228,0.0,0.0,0.0,0.0,1.0,1.0
3,130,1.3717043229392476,3.649952579851485,1.0,1.0,1.0,1.0,0.0,0.0
4,130,6.415587802717722,6.125253207726495,0.0,0.0,1.0,1.0,1.0,1.0
5,130,10.83143776752857,2.7108536913212853,1.0,1.0,0.0,1.0,0.0,0.0
6,130,7.978168290525001,2.024935188556688,0.0,0.0,0.0,0.0,0.0,0.0
7,130,2.9565238451137223,0.0302998175507382,0.0,0.0,1.0,0.0,1.0,0.0
8,130,3.214258006041609,11.8548909975067,1.0,1.0,0.0,1.0,0.0,0.0
9,130,9.4948699118292,10.073028925953942,1.0,0.0,0.0,0.0,0.0,1.0
10,130,11.81751562061974,12.0,1.0,1.0,0.0,1.0,0.0,1.0
11,130,10.194772781494107,7.5041491849049775,0.0,0.0,0.0,0.0,0.0,1.0
12,130,1.371491839521645,11.5868404300817,1.0,1.0,0.0,0.0,1.0,1.0
13,130,11.762215795979564,9.674698565347732,1.0,0.0,0.0,1.0,0.0,0.0
14,130,1.596529937175669,0.0,0.0,1.0,0.0,0.0,0.0,0.0
15,130,0.0213120688366201,2.9223999294950174,1.0,1.0,1.0,1.0,0.0,0.0
16,130,5.462229669261835,10.6626686819873,0.0,1.0,1.0,0.0,0.0,0.0
17,130,0.9481828778260284,11.825343182455876,0.0,0.0,1.0,1.0,0.0,0.0
18,130,0.164513646028308,4.208604053621968,0.0,1.0,1.0,1.0,1.0,1.0
19,130,11.200714063739056,10.124423255763457,1.0,0.0,0.0,1.0,0.0,0.0
20,130,9.50273476372789,9.685356816293089,0.0,0.0,0.0,0.0,0.0,0.0
21,130,9.213354607410928,9.223943321184384,0.0,0.0,1.0,0.0,0.0,1.0
22,130,0.0,9.718852166440136,1.0,1.0,0.0,0.0,1.0,0.0
23,130,2.719152170027024,3.170645071073617,0.0,0.0,1.0,1.0,0.0,1.0
24,130,10.97691227501813,1.9663355323699168,1.0,0.0,1.0,0.0,1.0,0.0
25,130,6.172812005646946,10.018630992391872,0.0,0.0,0.0,0.0,1.0,0.0
26,130,10.515775511502644,6.11515502106579,1.0,0.0,1.0,0.0,0.0,0.0
27,130,3.515956288428277,12.0,1.0,0.0,1.0,0.0,0.0,1.0
28,130,9.587034955651864,9.920042190501064,0.0,0.0,0.0,0.0,1.0,1.0
29,130,0.7464947059188525,1.0497872941820592,1.0,0.0,0.0,0.0,0.0,0.0
30,130,4.446157059230844,3.6016852378529367,0.0,1.0,1.0,0.0,0.0,0.0
31,130,2.478216917741176,8.669144723162773,0.0,1.0,0.0,1.0,0.0,1.0
32,130,0.0,9.939560046607914,0.0,1.0,1.0,0.0,1.0,0.0
33,130,9.201511666466224,6.911316588983024,0.0,0.0,0.0,0.0,0.0,0.0
34,130,1.7721241304726287,0.0544665250755404,0.0,1.0,1.0,0.0,0.0,0.0
35,130,3.312464902100733,3.6215683952805486,0.0,1.0,0.0,1.0,0.0,0.0
36,130,6.645801343709269,3.589525189780984,0.0,1.0,0.0,1.0,0.0,1.0
37,130,8.707194429979639,0.0,0.0,0.0,0.0,0.0,1.0,0.0
38,130,7.498133088108441,0.0,0.0,0.0,0.0,0.0,0.0,1.0
39,130,7.623802048006625,0.0,0.0,1.0,0.0,1.0,1.0,1.0
0,135,8.33611173292113,3.0215837647236947,1.0,0.0,1.0,0.0,0.0,1.0
1,135,6.132902868717228,1.6149308751479508,1.0,1.0,0.0,1.0,0.0,0.0
2,135,5.103889842453079,5.52918259599248,0.0,0.0,0.0,0.0,1.0,1.0
3,135,1.3254721994696443,3.6977523706358175,1.0,1.0,1.0,1.0,0.0,0.0
4,135,6.438207810650172,6.211888297000556,0.0,0.0,1.0,1.0,1.0,1.0
5,135,10.71828319940024,2.772533650032193,1.0,1.0,0.0,1.0,0.0,0.0
6,135,7.966098368865791,2.0443053889625555,0.0,0.0,0.0,0.0,0.0,0.0
7,135,2.960293722799424,0.036090733593738,0.0,0.0,1.0,0.0,1.0,0.0
8,135,3.103164634651902,11.840932419652807,1.0,1.0,0.0,1.0,0.0,0.0
9,135,9.406868287852577,10.077916636538916,1.0,0.0,0.0,0.0,0.0,1.0
10,135,11.812799221802678,12.0,1.0,1.0,0.0,1.0,0.0,1.0
11,135,10.188177060255695,7.510576349744067,0.0,0.0,0.0,0.0,0.0,1.0
12,135,1.337159451612513,11.6750687126416,1.0,1.0,0.0,0.0,1.0,1.0
13,135,11.825245472974782,9.907623569434309,1.0,0.0,0.0,1.0,0.0,0.0
14,135,1.6355746740104462,0.0,0.0,1.0,0.0,0.0,0.0,0.0
15,135,0.0222108895319088,2.9011491335499944,1.0,1.0,1.0,1.0,0.0,0.0
16,135,5.268816681332204,10.67571975381956,0.0,1.0,1.0,0.0,0.0,0.0
17,135,0.9590809992208728,11.817740429862866,0.0,0.0,1.0,1.0,0.0,0.0
18,135,0.2015789902339308,4.191403259419083,0.0,1.0,1.0,1.0,1.0,1.0
19,135,11.122587706743545,10.004674148431342,1.0,0.0,0.0,1.0,0.0,0.0
20,135,9.438816655607978,9.678843792220611,0.0,0.0,0.0,0.0,0.0,0.0
21,135,9.206230056928804,9.223202433048153,0.0,0.0,1.0,0.0,0.0,1.0
22,135,0.0,9.707000505327034,1.0,1.0,0.0,0.0,1.0,0.0
23,135,2.5688599281032416,3.222809432514316,0.0,0.0,1.0,1.0,0.0,1.0
24,135,10.968429249627365,1.9569628044804008,1.0,0.0,1.0,0.0,1.0,0.0
25,135,6.204834275852523,10.023523615454677,0.0,0.0,0.0,0.0,1.0,0.0
26,135,10.621276053433276,6.158860837095734,1.0,0.0,1.0,0.0,0.0,0.0
27,135,3.4877375158650827,12.0,1.0,0.0,1.0,0.0,0.0,1.0
28,135,9.588517212357209,9.92402740439674,0.0,0.0,0.0,0.0,1.0,1.0
29,135,0.7793688234955981,1.0685561888189206,1.0,0.0,0.0,0.0,0.0,0.0
30,135,4.412003241749606,3.572967419482493,0.0,1.0,1.0,0.0,0.0,0.0
31,135,2.4812464297390364,8.677449787118642,0.0,1.0,0.0,1.0,0.0,1.0
32,135,0.0,9.983164816911854,0.0,1.0,1.0,0.0,1.0,0.0
33,135,9.282270066954045,6.803506499017955,0.0,0.0,0.0,0.0,0.0,0.0
34,135,1.7716777793072709,0.0540175426758093,0.0,1.0,1.0,0.0,0.0,0.0
35,135,3.195055073116392,3.608873045618045,0.0,1.0,0.0,1.0,0.0,0.0
36,135,6.665714851594838,3.579407384109951,0.0,1.0,0.0,1.0,0.0,1.0
37,135,8.685893518363553,0.0,0.0,0.0,0.0,0.0,1.0,0.0
38,135,7.571286337218421,0.0,0.0,0.0,0.0,0.0,0.0,1.0
39,135,7.625576139691118,0.0,0.0,1.0,0.0,1.0,1.0,1.0
0,140,8.302444227567781,3.0793300270473014,1.0,0.0,1.0,0.0,0.0,1.0
1,140,6.078168897124485,1.6037586783707023,1.0,1.0,0.0,1.0,0.0,0.0
2,140,5.105390049503438,5.520080658650544,0.0,0.0,0.0,0.0,1.0,1.0
3,140,1.270110815477734,3.753417461908672,1.0,1.0,1.0,1.0,0.0,0.0
4,140,6.466257708040367,6.319868106486879,0.0,0.0,1.0,1.0,1.0,1.0
5,140,10.593053117270404,2.843419367695694,1.0,1.0,0.0,1.0,0.0,0.0
6,140,7.9520006046914355,2.066077165549299,0.0,0.0,0.0,0.0,0.0,0.0
7,140,2.9586809662223827,0.0335198365453287,0.0,0.0,1.0,0.0,1.0,0.0
8,140,2.9785218108856424,11.823454606553348,1.0,1.0,0.0,1.0,0.0,0.0
9,140,9.334652591934134,10.082525236666706,1.0,0.0,0.0,0.0,0.0,1.0
10,140,11.806744242874307,12.0,1.0,1.0,0.0,1.0,0.0,1.0
11,140,10.168648583692148,7.529339247889682,0.0,0.0,0.0,0.0,0.0,1.0
12,140,1.3009327454840205,11.767563235253004,1.0,1.0,0.0,0.0,1.0,1.0
13,140,11.882850017261203,10.128286031560068,1.0,0.0,0.0,1.0,0.0,0.0
14,140,1.6762571669094988,0.0,0.0,1.0,0.0,0.0,0.0,0.0
15,140,0.0236930001529026,2.869907292670145,1.0,1.0,1.0,1.0,0.0,0.0
16,140,5.071124409657135,10.695309001646097,0.0,1.0,1.0,0.0,0.0,0.0
17,140,0.972889992477245,11.808074280991896,0.0,0.0,1.0,1.0,0.0,0.0
18,140,0.2603906418956322,4.162690727112325,0.0,1.0,1.0,1.0,1.0,1.0
19,140,11.05612940896799,9.900365123416378,1.0,0.0,0.0,1.0,0.0,0.0
20,140,9.36343001712558,9.671579607703936,0.0,0.0,0.0,0.0,0.0,0.0
21,140,9.220614071048011,9.224782716485183,0.0,0.0,1.0,0.0,0.0,1.0
22,140,0.0,9.694876830869848,1.0,1.0,0.0,0.0,1.0,0.0
23,140,2.43219892580438,3.2697489573283933,0.0,0.0,1.0,1.0,0.0,1.0
24,140,10.956518785696714,1.943813728629861,1.0,0.0,1.0,0.0,1.0,0.0
25,140,6.241017771827166,10.02923933572956,0.0,0.0,0.0,0.0,1.0,0.0
26,140,10.73597595448078,6.205984401094419,1.0,0.0,1.0,0.0,0.0,0.0
27,140,3.4570429547620853,12.0,1.0,0.0,1.0,0.0,0.0,1.0
28,140,9.593705762627668,9.937101195046225,0.0,0.0,0.0,0.0,1.0,1.0
29,140,0.7960462669116516,1.0783124593392088,1.0,0.0,0.0,0.0,0.0,0.0
30,140,4.380396656040352,3.5475585425262275,0.0,1.0,1.0,0.0,0.0,0.0
31,140,2.477721740848774,8.667831106092262,0.0,1.0,0.0,1.0,0.0,1.0
32,140,0.0,10.031779028530211,0.0,1.0,1.0,0.0,1.0,0.0
33,140,9.378635508286436,6.67808036775833,0.0,0.0,0.0,0.0,0.0,0.0
34,140,1.7782039794028537,0.0606800316699327,0.0,1.0,1.0,0.0,0.0,0.0
35,140,3.0592420348562737,3.592046661755508,0.0,1.0,0.0,1.0,0.0,0.0
36,140,6.689865213734008,3.566792126048597,0.0,1.0,0.0,1.0,0.0,1.0
37,140,8.666430553331097,0.0,0.0,0.0,0.0,0.0,1.0,0.0
38,140,7.642803766423946,0.0,0.0,0.0,0.0,0.0,0.0,1.0
39,140,7.622537295703447,0.0005824554852162,0.0,1.0,0.0,1.0,1.0,1.0
0,145,8.263083917549828,3.151652767588669,1.0,0.0,1.0,0.0,0.0,1.0
1,145,6.0049432837295855,1.587367536384534,1.0,1.0,0.0,1.0,0.0,0.0
2,145,5.101574856335068,5.540899944340932,0.0,0.0,0.0,0.0,1.0,1.0
3,145,1.2045823961441748,3.816559492249513,1.0,1.0,1.0,1.0,0.0,0.0
4,145,6.489720856337939,6.413375648633772,0.0,0.0,1.0,1.0,1.0,1.0
5,145,10.487657952320228,2.903565347495091,1.0,1.0,0.0,1.0,0.0,0.0
6,145,7.9496660236383665,2.069557752102777,0.0,0.0,0.0,0.0,0.0,0.0
7,145,2.957228189098951,0.0311914212034602,0.0,0.0,1.0,0.0,1.0,0.0
8,145,2.839304122475349,11.805173984701556,1.0,1.0,0.0,1.0,0.0,0.0
9,145,9.25456382395886,10.087244855218673,1.0,0.0,0.0,0.0,0.0,1.0
10,145,11.856705829339647,12.0,1.0,1.0,0.0,1.0,0.0,1.0
11,145,10.144122769036628,7.5527934858129475,0.0,0.0,0.0,0.0,0.0,1.0
12,145,1.2713455771791116,11.839388753256186,1.0,1.0,0.0,0.0,1.0,1.0
13,145,11.941441040328636,10.362395361929527,1.0,0.0,0.0,1.0,0.0,0.0
14,145,1.6966068673386747,0.0,0.0,1.0,0.0,0.0,0.0,0.0
15,145,0.025206291681067,2.832788935728771,1.0,1.0,1.0,1.0,0.0,0.0
16,145,4.869808868535352,10.717178475280503,0.0,1.0,1.0,0.0,0.0,0.0
17,145,0.9812063011889892,11.802519227837738,0.0,0.0,1.0,1.0,0.0,0.0
18,145,0.3254199965525274,4.127998688016815,0.0,1.0,1.0,1.0,1.0,1.0
19,145,10.990378960608412,9.7949001611649,1.0,0.0,0.0,1.0,0.0,0.0
20,145,9.283034523208151,9.66166499686163,0.0,0.0,0.0,0.0,0.0,0.0
21,145,9.237310263656438,9.226190722861428,0.0,0.0,1.0,0.0,0.0,1.0
22,145,0.0,9.685741495511266,1.0,1.0,0.0,0.0,1.0,0.0
23,145,2.3009646154506767,3.312527837750552,0.0,0.0,1.0,1.0,0.0,1.0
24,145,10.92911321931975,1.914481616467486,1.0,0.0,1.0,0.0,1.0,0.0
25,145,6.277789931144687,10.03490393518529,0.0,0.0,0.0,0.0,1.0,0.0
26,145,10.857011931494792,6.254989114196159,1.0,0.0,1.0,0.0,0.0,0.0
27,145,3.431295448191056,12.0,1.0,0.0,1.0,0.0,0.0,1.0
28,145,9.594177479190597,9.938230819966243,0.0,0.0,0.0,0.0,1.0,1.0
29,145,0.818927820241665,1.0921942167150072,1.0,0.0,0.0,0.0,0.0,0.0
30,145,4.347074606296259,3.520946944991727,0.0,1.0,1.0,0.0,0.0,0.0
31,145,2.476552983617801,8.664416692206482,0.0,1.0,0.0,1.0,0.0,1.0
32,145,0.0,10.085798247304446,0.0,1.0,1.0,0.0,1.0,0.0
33,145,9.485757173099932,6.537369549030027,0.0,0.0,0.0,0.0,0.0,0.0
34,145,1.7987095737000578,0.0816016415391784,0.0,1.0,1.0,0.0,0.0,0.0
35,145,2.90274146573188,3.571846691286265,0.0,1.0,0.0,1.0,0.0,0.0
36,145,6.711806234748104,3.555699432485924,0.0,1.0,0.0,1.0,0.0,1.0
37,145,8.648212947680396,0.0,0.0,0.0,0.0,0.0,1.0,0.0
38,145,7.736723839782805,0.0,0.0,0.0,0.0,0.0,0.0,1.0
39,145,7.61593776624,0.0018386800848451,0.0,1.0,0.0,1.0,1.0,1.0
0,150,8.325142230117603,3.184421479670424,1.0,0.0,1.0,0.0,0.0,1.0
1,150,5.942198562208296,1.573445824761975,1.0,1.0,0.0,1.0,0.0,0.0
2,150,5.09654391925474,5.568696022378903,0.0,0.0,0.0,0.0,1.0,1.0
3,150,1.1425888541818303,3.8752326368245016,1.0,1.0,1.0,1.0,0.0,0.0
4,150,6.520210308730104,6.523566937648131,0.0,0.0,1.0,1.0,1.0,1.0
5,150,10.366483747344164,2.976723580830302,1.0,1.0,0.0,1.0,0.0,0.0
6,150,7.950305870281733,2.068574829237223,0.0,0.0,0.0,0.0,0.0,0.0
7,150,2.943999624200856,0.0109882918199049,0.0,0.0,1.0,0.0,1.0,0.0
8,150,2.725507599900417,11.784039633279969,1.0,1.0,0.0,1.0,0.0,0.0
9,150,9.172198688419718,10.093863223295916,1.0,0.0,0.0,0.0,0.0,1.0
10,150,11.90959874811852,12.0,1.0,1.0,0.0,1.0,0.0,1.0
11,150,10.102371667346452,7.593564881563384,0.0,0.0,0.0,0.0,0.0,1.0
12,150,1.2408928065919809,11.91371238384749,1.0,1.0,0.0,0.0,1.0,1.0
13,150,11.99957961517564,10.58426378732424,1.0,0.0,0.0,1.0,0.0,0.0
14,150,1.7263624939668936,0.0,0.0,1.0,0.0,0.0,0.0,0.0
15,150,0.0267653977795551,2.7741206296613945,1.0,1.0,1.0,1.0,0.0,0.0
16,150,4.675896918097836,10.739218839672697,0.0,1.0,1.0,0.0,0.0,0.0
17,150,0.9928699903510168,11.79500080918508,0.0,0.0,1.0,1.0,0.0,0.0
18,150,0.4000318137431001,4.088928148128358,0.0,1.0,1.0,1.0,1.0,1.0
19,150,10.928002421605091,9.69040031628037,1.0,0.0,0.0,1.0,0.0,0.0
20,150,9.214832898506698,9.652652436954106,0.0,0.0,0.0,0.0,0.0,0.0
21,150,9.284102241904822,9.23093274668118,0.0,0.0,1.0,0.0,0.0,1.0
22,150,0.0,9.677488581303368,1.0,1.0,0.0,0.0,1.0,0.0
23,150,2.161481773015957,3.360797445146805,0.0,0.0,1.0,1.0,0.0,1.0
24,150,10.896308167845074,1.880534359027704,1.0,0.0,1.0,0.0,1.0,0.0
25,150,6.302729132706523,10.03902328464972,0.0,0.0,0.0,0.0,1.0,0.0
26,150,11.00414452114923,6.315964153087409,1.0,0.0,1.0,0.0,0.0,0.0
27,150,3.395260890001908,12.0,1.0,0.0,1.0,0.0,0.0,1.0
28,150,9.598519219777556,9.948293176441576,0.0,0.0,0.0,0.0,1.0,1.0
29,150,0.8318659645692348,1.0996772720283388,1.0,0.0,0.0,0.0,0.0,0.0
30,150,4.312078152574898,3.494762319772246,0.0,1.0,1.0,0.0,0.0,0.0
31,150,2.476264292210578,8.663571165026061,0.0,1.0,0.0,1.0,0.0,1.0
32,150,0.0,10.145687864283463,0.0,1.0,1.0,0.0,1.0,0.0
33,150,9.588711124265982,6.4049187276810695,0.0,0.0,0.0,0.0,0.0,0.0
34,150,1.820321844982278,0.1039506242373182,0.0,1.0,1.0,0.0,0.0,0.0
35,150,2.721319574772784,3.5471469788715515,0.0,1.0,0.0,1.0,0.0,0.0
36,150,6.761248109926514,3.529946783558473,0.0,1.0,0.0,1.0,0.0,1.0
37,150,8.63066361638937,0.0,0.0,0.0,0.0,0.0,1.0,0.0
38,150,7.795608359869259,0.0,0.0,0.0,0.0,0.0,0.0,1.0
39,150,7.615787000549585,0.0018616622365906,0.0,1.0,0.0,1.0,1.0,1.0
0,155,8.404076873718997,3.226708058210216,1.0,0.0,1.0,0.0,0.0,1.0
1,155,5.860271271306381,1.5531066777804206,1.0,1.0,0.0,1.0,0.0,0.0
2,155,5.089112400158931,5.608385770235806,0.0,0.0,0.0,0.0,1.0,1.0
3,155,1.0901757926019604,3.923692264446242,1.0,1.0,1.0,1.0,0.0,0.0
4,155,6.555032775449937,6.64280126583659,0.0,0.0,1.0,1.0,1.0,1.0
5,155,10.24084765582406,3.0507290564949736,1.0,1.0,0.0,1.0,0.0,0.0
6,155,7.942182438849042,2.0807850238078176,0.0,0.0,0.0,0.0,0.0,0.0
7,155,2.92722144081436,0.0,0.0,0.0,1.0,0.0,1.0,0.0
8,155,2.6101733483362546,11.760277955809284,1.0,1.0,0.0,1.0,0.0,0.0
9,155,9.09255649344816,10.101415985202715,1.0,0.0,0.0,0.0,0.0,1.0
10,155,11.98324631099742,12.0,1.0,1.0,0.0,1.0,0.0,1.0
11,155,10.053569471423277,7.641943809422764,0.0,0.0,0.0,0.0,0.0,1.0
12,155,1.209931587120243,11.997621854087528,1.0,1.0,0.0,0.0,1.0,1.0
13,155,12.0,10.816993642541648,1.0,0.0,0.0,1.0,0.0,0.0
14,155,1.7703972476451268,0.0,0.0,1.0,0.0,0.0,0.0,0.0
15,155,0.027892148390745,2.718669370913092,1.0,1.0,1.0,1.0,0.0,0.0
16,155,4.490810410736332,10.756320404334778,0.0,1.0,1.0,0.0,0.0,0.0
17,155,1.0159677861836065,11.780638506872092,0.0,0.0,1.0,1.0,0.0,0.0
18,155,0.4781347768597207,4.047611857258102,0.0,1.0,1.0,1.0,1.0,1.0
19,155,10.87721979720668,9.604256205558034,1.0,0.0,0.0,1.0,0.0,0.0
20,155,9.130385375505607,9.642624476003228,0.0,0.0,0.0,0.0,0.0,0.0
21,155,9.34065726462231,9.236297340829411,0.0,0.0,1.0,0.0,0.0,1.0
22,155,0.0,9.670207017749291,1.0,1.0,0.0,0.0,1.0,0.0
23,155,2.013356331470858,3.4089935811958867,0.0,0.0,1.0,1.0,0.0,1.0
24,155,10.864732966003263,1.8487048355512377,1.0,0.0,1.0,0.0,1.0,0.0
25,155,6.315418826920102,10.040792032347769,0.0,0.0,0.0,0.0,1.0,0.0
26,155,11.138907079700424,6.373494433524213,1.0,0.0,1.0,0.0,0.0,0.0
27,155,3.3615865406254253,12.0,1.0,0.0,1.0,0.0,0.0,1.0
28,155,9.595274945483975,9.94026037626183,0.0,0.0,0.0,0.0,1.0,1.0
29,155,0.8447328390244561,1.1068478628424183,1.0,0.0,0.0,0.0,0.0,0.0
30,155,4.291740293848568,3.47891711745912,0.0,1.0,1.0,0.0,0.0,0.0
31,155,2.4819224478277606,8.680995691461579,0.0,1.0,0.0,1.0,0.0,1.0
32,155,0.0,10.198359405094571,0.0,1.0,1.0,0.0,1.0,0.0
33,155,9.682664073956015,6.2920551141692,0.0,0.0,0.0,0.0,0.0,0.0
34,155,1.8448517238739384,0.1302480205629078,0.0,1.0,1.0,0.0,0.0,0.0
35,155,2.5179847917527742,3.523058522611944,0.0,1.0,0.0,1.0,0.0,0.0
36,155,6.855070406402873,3.4803747339241777,0.0,1.0,0.0,1.0,0.0,1.0
37,155,8.614777356056313,0.0,0.0,0.0,0.0,0.0,1.0,0.0
38,155,7.8525806317386975,0.0,0.0,0.0,0.0,0.0,0.0,1.0
39,155,7.6060011371663,0.0034071672351361,0.0,1.0,0.0,1.0,1.0,1.0
0,160,8.500210381978755,3.2789438568325853,1.0,0.0,1.0,0.0,0.0,1.0
1,160,5.761269489058782,1.5265923247539428,1.0,1.0,0.0,1.0,0.0,0.0
2,160,5.082992450178572,5.646996899356368,0.0,0.0,0.0,0.0,1.0,1.0
3,160,1.030265215773218,3.978839362967851,1.0,1.0,1.0,1.0,0.0,0.0
4,160,6.590223280504807,6.751874062585697,0.0,0.0,1.0,1.0,1.0,1.0
5,160,10.119284294617716,3.126027445181347,1.0,1.0,0.0,1.0,0.0,0.0
6,160,7.928237476732239,2.101706945921019,0.0,0.0,0.0,0.0,0.0,0.0
7,160,2.8991036438946627,0.0,0.0,0.0,1.0,0.0,1.0,0.0
8,160,2.5031562389604938,11.739672893695287,1.0,1.0,0.0,1.0,0.0,0.0
9,160,9.037739311280392,10.106279720051038,1.0,0.0,0.0,0.0,0.0,1.0
10,160,12.0,12.0,1.0,1.0,0.0,1.0,0.0,1.0
11,160,10.018117327124084,7.675208714472066,0.0,0.0,0.0,0.0,0.0,1.0
12,160,1.1769071787666991,12.0,1.0,1.0,0.0,0.0,1.0,1.0
13,160,12.0,11.065157471847572,1.0,0.0,0.0,1.0,0.0,0.0
14,160,1.802014275825372,0.0,0.0,1.0,0.0,0.0,0.0,0.0
15,160,0.0289549721271789,2.6708894610559426,1.0,1.0,1.0,1.0,0.0,0.0
16,160,4.295698789416491,10.771364256677272,0.0,1.0,1.0,0.0,0.0,0.0
17,160,1.049149390810581,11.759864751890772,0.0,0.0,1.0,1.0,0.0,0.0
18,160,0.5637408806033684,4.002090540654683,0.0,1.0,1.0,1.0,1.0,1.0
19,160,10.834240216085044,9.531034906216242,1.0,0.0,0.0,1.0,0.0,0.0
20,160,9.05069133979579,9.633183850406116,0.0,0.0,0.0,0.0,0.0,0.0
21,160,9.4053630443276,9.244443198084856,0.0,0.0,1.0,0.0,0.0,1.0
22,160,0.0,9.657603335681468,1.0,1.0,0.0,0.0,1.0,0.0
23,160,1.8650048618595576,3.4600356141655606,0.0,0.0,1.0,1.0,0.0,1.0
24,160,10.830589520847449,1.81200833195161,1.0,0.0,1.0,0.0,1.0,0.0
25,160,6.338226451362848,10.044573844152888,0.0,0.0,0.0,0.0,1.0,0.0
26,160,11.279295201625946,6.4302995270641805,1.0,0.0,1.0,0.0,0.0,0.0
27,160,3.326071842649898,12.0,1.0,0.0,1.0,0.0,0.0,1.0
28,160,9.593474612531004,9.935636254743844,0.0,0.0,0.0,0.0,1.0,1.0
29,160,0.8463284812381826,1.1077369864482278,1.0,0.0,0.0,0.0,0.0,0.0
30,160,4.27777258303831,3.4680332311453577,0.0,1.0,1.0,0.0,0.0,0.0
31,160,2.4922389064901536,8.710350308781699,0.0,1.0,0.0,1.0,0.0,1.0
32,160,0.0,10.24210269568274,0.0,1.0,1.0,0.0,1.0,0.0
33,160,9.789298976739795,6.168040634284632,0.0,0.0,0.0,0.0,0.0,0.0
34,160,1.883659783008181,0.1713332928946725,0.0,1.0,1.0,0.0,0.0,0.0
35,160,2.313538006882085,3.4994102060174,0.0,1.0,0.0,1.0,0.0,0.0
36,160,6.943053246302096,3.433167399380708,0.0,1.0,0.0,1.0,0.0,1.0
37,160,8.599613543423517,0.0,0.0,0.0,0.0,0.0,1.0,0.0
38,160,7.915026728270831,0.0,0.0,0.0,0.0,0.0,0.0,1.0
39,160,7.603057288075135,0.0039606270902426,0.0,1.0,0.0,1.0,1.0,1.0
0,165,8.61747317513034,3.342930448561977,1.0,0.0,1.0,0.0,0.0,1.0
1,165,5.6588390657587135,1.4982825146562735,1.0,1.0,0.0,1.0,0.0,0.0
2,165,5.074312013897136,5.7045398488716765,0.0,0.0,0.0,0.0,1.0,1.0
3,165,0.9473749518005375,4.05781982848916,1.0,1.0,1.0,1.0,0.0,0.0
4,165,6.634470603575562,6.880839618769653,0.0,0.0,1.0,1.0,1.0,1.0
5,165,10.008182473551836,3.1925428689588786,1.0,1.0,0.0,1.0,0.0,0.0
6,165,7.933953438107068,2.0933074128124045,0.0,0.0,0.0,0.0,0.0,0.0
7,165,2.871775078041068,0.0,0.0,0.0,1.0,0.0,1.0,0.0
8,165,2.4298246109933674,11.726494021637698,1.0,1.0,0.0,1.0,0.0,0.0
9,165,8.990351586052551,10.10909541968064,1.0,0.0,0.0,0.0,0.0,1.0
10,165,12.0,12.0,1.0,1.0,0.0,1.0,0.0,1.0
11,165,9.979487178927656,7.7124818884117,0.0,0.0,0.0,0.0,0.0,1.0
12,165,1.1341984866091086,12.0,1.0,1.0,0.0,0.0,1.0,1.0
13,165,12.0,11.31404259974747,1.0,0.0,0.0,1.0,0.0,0.0
14,165,1.8406185845398049,0.0,0.0,1.0,0.0,0.0,0.0,0.0
15,165,0.0295987120252309,2.6287496089843705,1.0,1.0,1.0,1.0,0.0,0.0
16,165,4.100320690131107,10.78964143577709,0.0,1.0,1.0,0.0,0.0,0.0
17,165,1.0817967355204776,11.739283169239847,0.0,0.0,1.0,1.0,0.0,0.0
18,165,0.6486301270569665,3.956099628738705,0.0,1.0,1.0,1.0,1.0,1.0
19,165,10.79409074825768,9.46348577283387,1.0,0.0,0.0,1.0,0.0,0.0
20,165,8.95447950102126,9.62054964215981,0.0,0.0,0.0,0.0,0.0,0.0
21,165,9.49897158147873,9.255920419664198,0.0,0.0,1.0,0.0,0.0,1.0
22,165,0.0,9.645561546942618,1.0,1.0,0.0,0.0,1.0,0.0
23,165,1.712660339119624,3.514529444128557,0.0,0.0,1.0,1.0,0.0,1.0
24,165,10.785225430506893,1.765906044432645,1.0,0.0,1.0,0.0,1.0,0.0
25,165,6.359031738662871,10.047508624079992,0.0,0.0,0.0,0.0,1.0,0.0
26,165,11.413589616463648,6.48534456685571,1.0,0.0,1.0,0.0,0.0,0.0
27,165,3.294881263770038,12.0,1.0,0.0,1.0,0.0,0.0,1.0
28,165,9.594397666374112,9.938138295395706,0.0,0.0,0.0,0.0,1.0,1.0
29,165,0.8434692627574676,1.1061155902345223,1.0,0.0,0.0,0.0,0.0,0.0
30,165,4.260137683545083,3.453914442702766,0.0,1.0,1.0,0.0,0.0,0.0
31,165,2.501588069446255,8.736583159981796,0.0,1.0,0.0,1.0,0.0,1.0
32,165,0.0,10.28122709402163,0.0,1.0,1.0,0.0,1.0,0.0
33,165,9.88846962060224,6.061311782132633,0.0,0.0,0.0,0.0,0.0,0.0
34,165,1.9224786924232489,0.2104881861907843,0.0,1.0,1.0,0.0,0.0,0.0
35,165,2.1068947683068235,3.472897438133898,0.0,1.0,0.0,1.0,0.0,0.0
36,165,7.027076247896058,3.388180105550905,0.0,1.0,0.0,1.0,0.0,1.0
37,165,8.58717740545094,0.0,0.0,0.0,0.0,0.0,1.0,0.0
38,165,7.965895740133275,0.0,0.0,0.0,0.0,0.0,0.0,1.0
39,165,7.609253061320767,0.0026482136585123,0.0,1.0,0.0,1.0,1.0,1.0
0,170,8.716513605195072,3.396434458294561,1.0,0.0,1.0,0.0,0.0,1.0
1,170,5.581635578004548,1.4777427518856523,1.0,1.0,0.0,1.0,0.0,0.0
2,170,5.065097272409199,5.760869749843187,0.0,0.0,0.0,0.0,1.0,1.0
3,170,0.8487612962255278,4.151470960142776,1.0,1.0,1.0,1.0,0.0,0.0
4,170,6.68069326707848,7.004978841947249,0.0,0.0,1.0,1.0,1.0,1.0
5,170,9.898208470009063,3.259717624294711,1.0,1.0,0.0,1.0,0.0,0.0
6,170,7.944565013167925,2.0775265030168413,0.0,0.0,0.0,0.0,0.0,0.0
7,170,2.8321440955097525,0.0,0.0,0.0,1.0,0.0,1.0,0.0
8,170,2.353226053925631,11.711273986050278,1.0,1.0,0.0,1.0,0.0,0.0
9,170,8.953901999675718,10.1104833726456,1.0,0.0,0.0,0.0,0.0,1.0
10,170,12.0,12.0,1.0,1.0,0.0,1.0,0.0,1.0
11,170,9.940653868875874,7.749799312600758,0.0,0.0,0.0,0.0,0.0,1.0
12,170,1.0883372324314229,12.0,1.0,1.0,0.0,0.0,1.0,1.0
13,170,12.0,11.546477664638909,1.0,0.0,0.0,1.0,0.0,0.0
14,170,1.8584320756281063,0.0,0.0,1.0,0.0,0.0,0.0,0.0
15,170,0.029828508995632,2.5924903194794275,1.0,1.0,1.0,1.0,0.0,0.0
16,170,3.894793805271655,10.812383213471502,0.0,1.0,1.0,0.0,0.0,0.0
17,170,1.1058481990819742,11.724385388863828,0.0,0.0,1.0,1.0,0.0,0.0
18,170,0.7368513144610148,3.907172212814457,0.0,1.0,1.0,1.0,1.0,1.0
19,170,10.748855590328771,9.387104059204352,1.0,0.0,0.0,1.0,0.0,0.0
20,170,8.846174866218469,9.607431957983565,0.0,0.0,0.0,0.0,0.0,0.0
21,170,9.5842842163938,9.265711368259495,0.0,0.0,1.0,0.0,0.0,1.0
22,170,0.0,9.62986809178728,1.0,1.0,0.0,0.0,1.0,0.0
23,170,1.5651960944732122,3.5721680781716385,0.0,0.0,1.0,1.0,0.0,1.0
24,170,10.730148947024494,1.7113336101239047,1.0,0.0,1.0,0.0,1.0,0.0
25,170,6.383600293311874,10.05057190011906,0.0,0.0,0.0,0.0,1.0,0.0
26,170,11.546662151472498,6.534071263194643,1.0,0.0,1.0,0.0,0.0,0.0
27,170,3.258267218281332,12.0,1.0,0.0,1.0,0.0,0.0,1.0
28,170,9.600280081134729,9.956390082432494,0.0,0.0,0.0,0.0,1.0,1.0
29,170,0.8446789533783968,1.1068450247917108,1.0,0.0,0.0,0.0,0.0,0.0
30,170,4.254271397117775,3.4494199505163694,0.0,1.0,1.0,0.0,0.0,0.0
31,170,2.506134607380502,8.748800150870919,0.0,1.0,0.0,1.0,0.0,1.0
32,170,0.0,10.333218445219185,0.0,1.0,1.0,0.0,1.0,0.0
33,170,9.996344217085738,5.949102923402162,0.0,0.0,0.0,0.0,0.0,0.0
34,170,1.952342336234833,0.2413798219425248,0.0,1.0,1.0,0.0,0.0,0.0
35,170,1.901868742787858,3.4450650650179253,0.0,1.0,0.0,1.0,0.0,0.0
36,170,7.1166839990523325,3.3405079809633813,0.0,1.0,0.0,1.0,0.0,1.0
37,170,8.577687053595621,0.0,0.0,0.0,0.0,0.0,1.0,0.0
38,170,8.032111781135452,0.0,0.0,0.0,0.0,0.0,0.0,1.0
39,170,7.599810013741556,0.0049172536221549,0.0,1.0,0.0,1.0,1.0,1.0
0,175,8.82929972632727,3.4554039091326887,1.0,0.0,1.0,0.0,0.0,1.0
1,175,5.519772011659076,1.4606118347233945,1.0,1.0,0.0,1.0,0.0,0.0
2,175,5.1364128737594505,5.771612065234104,0.0,0.0,0.0,0.0,1.0,1.0
3,175,0.7704230908319964,4.228202410428085,1.0,1.0,1.0,1.0,0.0,0.0
4,175,6.725542039961743,7.131331451978232,0.0,0.0,1.0,1.0,1.0,1.0
5,175,9.800360014762251,3.318674722298042,1.0,1.0,0.0,1.0,0.0,0.0
6,175,7.9643543695484995,2.04731522836964,0.0,0.0,0.0,0.0,0.0,0.0
7,175,2.78825020673647,0.0,0.0,0.0,1.0,0.0,1.0,0.0
8,175,2.2598819100980814,11.69093136458069,1.0,1.0,0.0,1.0,0.0,0.0
9,175,8.917486330852833,10.111782840392932,1.0,0.0,0.0,0.0,0.0,1.0
10,175,12.0,12.0,1.0,1.0,0.0,1.0,0.0,1.0
11,175,9.898181165105376,7.789205848217315,0.0,0.0,0.0,0.0,0.0,1.0
12,175,1.0447524218322046,12.0,1.0,1.0,0.0,0.0,1.0,1.0
13,175,12.0,11.78401863815341,1.0,0.0,0.0,1.0,0.0,0.0
14,175,1.8765838531731935,0.0,0.0,1.0,0.0,0.0,0.0,0.0
15,175,0.0300086527356829,2.56047330562259,1.0,1.0,1.0,1.0,0.0,0.0
16,175,3.687547895603641,10.841915985599895,0.0,1.0,1.0,0.0,0.0,0.0
17,175,1.1373047955498414,11.70447915223669,0.0,0.0,1.0,1.0,0.0,0.0
18,175,0.8222060526588819,3.86160453399128,0.0,1.0,1.0,1.0,1.0,1.0
19,175,10.703033097736885,9.30458745408976,1.0,0.0,0.0,1.0,0.0,0.0
20,175,8.725341531233425,9.58980355896923,0.0,0.0,0.0,0.0,0.0,0.0
21,175,9.649241846135018,9.27297444256229,0.0,0.0,1.0,0.0,0.0,1.0
22,175,0.0,9.61086086480362,1.0,1.0,0.0,0.0,1.0,0.0
23,175,1.3981177640273033,3.634012512994047,0.0,0.0,1.0,1.0,0.0,1.0
24,175,10.679267890549522,1.6641711946244306,1.0,0.0,1.0,0.0,1.0,0.0
25,175,6.412555495335875,10.053904275377374,0.0,0.0,0.0,0.0,1.0,0.0
26,175,11.635749874278556,6.567874195801768,1.0,0.0,1.0,0.0,0.0,0.0
27,175,3.209913571741138,12.0,1.0,0.0,1.0,0.0,0.0,1.0
28,175,9.608494825678331,9.981141160871411,0.0,0.0,0.0,0.0,1.0,1.0
29,175,0.8662900418449574,1.1194615779292831,1.0,0.0,0.0,0.0,0.0,0.0
30,175,4.243646719777547,3.44113917142698,0.0,1.0,1.0,0.0,0.0,0.0
31,175,2.518283975740621,8.78459126551629,0.0,1.0,0.0,1.0,0.0,1.0
32,175,0.0,10.389489082584982,0.0,1.0,1.0,0.0,1.0,0.0
33,175,10.104722666201692,5.840928583814995,0.0,0.0,0.0,0.0,0.0,0.0
34,175,1.989955170775205,0.2820323047349011,0.0,1.0,1.0,0.0,0.0,0.0
35,175,1.7099285598066982,3.4200923348661223,0.0,1.0,0.0,1.0,0.0,0.0
36,175,7.212080211641035,3.2929127078061886,0.0,1.0,0.0,1.0,0.0,1.0
37,175,8.568943100569609,0.0,0.0,0.0,0.0,0.0,1.0,0.0
38,175,8.108235924707781,0.0,0.0,0.0,0.0,0.0,0.0,1.0
39,175,7.585333021467785,0.0086744206659084,0.0,1.0,0.0,1.0,1.0,1.0
0,180,8.93889187156308,3.513530691312987,1.0,0.0,1.0,0.0,0.0,1.0
1,180,5.463680340455124,1.4448241119284873,1.0,1.0,0.0,1.0,0.0,0.0
2,180,5.185731458485927,5.780991393540165,0.0,0.0,0.0,0.0,1.0,1.0
3,180,0.6950086839185721,4.302686512255118,1.0,1.0,1.0,1.0,0.0,0.0
4,180,6.774408234496965,7.257264565759581,0.0,0.0,1.0,1.0,1.0,1.0
5,180,9.695766166611715,3.3817886733106297,1.0,1.0,0.0,1.0,0.0,0.0
6,180,7.965582584547853,2.045477680790488,0.0,0.0,0.0,0.0,0.0,0.0
7,180,2.7230622471422468,0.0,0.0,0.0,1.0,0.0,1.0,0.0
8,180,2.1840530266868043,11.675013363221662,1.0,1.0,0.0,1.0,0.0,0.0
9,180,8.876482706936018,10.113672064607655,1.0,0.0,0.0,0.0,0.0,1.0
10,180,12.0,12.0,1.0,1.0,0.0,1.0,0.0,1.0
11,180,9.872705532284874,7.812082651879473,0.0,0.0,0.0,0.0,0.0,1.0
12,180,0.9994077667505256,12.0,1.0,1.0,0.0,0.0,1.0,1.0
13,180,12.0,12.0,1.0,0.0,0.0,1.0,0.0,0.0
14,180,1.8918490368616905,0.0,0.0,1.0,0.0,0.0,0.0,0.0
15,180,0.0297673175850845,2.527820443827681,1.0,1.0,1.0,1.0,0.0,0.0
16,180,3.4776445830144733,10.870240574491534,0.0,1.0,1.0,0.0,0.0,0.0
17,180,1.1408541568540709,11.702232629900164,0.0,0.0,1.0,1.0,0.0,0.0
18,180,0.9120529339583826,3.812809310036804,0.0,1.0,1.0,1.0,1.0,1.0
19,180,10.659063672208717,9.226992914803594,1.0,0.0,0.0,1.0,0.0,0.0
20,180,8.597946088254362,9.57795433117049,0.0,0.0,0.0,0.0,0.0,0.0
21,180,9.70960547363711,9.27913484504501,0.0,0.0,1.0,0.0,0.0,1.0
22,180,0.0,9.59265041336409,1.0,1.0,0.0,0.0,1.0,0.0
23,180,1.2250226813563485,3.701908589496888,0.0,0.0,1.0,1.0,0.0,1.0
24,180,10.62977890213368,1.6172210374900302,1.0,0.0,1.0,0.0,1.0,0.0
25,180,6.44464018736734,10.058289341261071,0.0,0.0,0.0,0.0,1.0,0.0
26,180,11.730918415346183,6.60338803591424,1.0,0.0,1.0,0.0,0.0,0.0
27,180,3.154302066768927,12.0,1.0,0.0,1.0,0.0,0.0,1.0
28,180,9.610690945922062,9.98803208633359,0.0,0.0,0.0,0.0,1.0,1.0
29,180,0.9001338252293798,1.1388274362782385,1.0,0.0,0.0,0.0,0.0,0.0
30,180,4.236411500312411,3.43569109549821,0.0,1.0,1.0,0.0,0.0,0.0
31,180,2.536968782172167,8.837968322535671,0.0,1.0,0.0,1.0,0.0,1.0
32,180,0.0,10.437610568055613,0.0,1.0,1.0,0.0,1.0,0.0
33,180,10.232876535318006,5.710485266709092,0.0,0.0,0.0,0.0,0.0,0.0
34,180,2.0374333547590435,0.3316214114680397,0.0,1.0,1.0,0.0,0.0,0.0
35,180,1.5345433577913965,3.397064510033778,0.0,1.0,0.0,1.0,0.0,0.0
36,180,7.298705187748756,3.248438161783514,0.0,1.0,0.0,1.0,0.0,1.0
37,180,8.55982876924771,0.0,0.0,0.0,0.0,0.0,1.0,0.0
38,180,8.142950827882872,0.0750127578944825,0.0,0.0,0.0,0.0,0.0,1.0
39,180,7.566337821139093,0.0137543659115396,0.0,1.0,0.0,1.0,1.0,1.0
0,185,9.061431321163704,3.5763720725340837,1.0,0.0,1.0,0.0,0.0,1.0
1,185,5.4000610907040265,1.426450284778235,1.0,1.0,0.0,1.0,0.0,0.0
2,185,5.250415326816671,5.79447542648999,0.0,0.0,0.0,0.0,1.0,1.0
3,185,0.6136085075537516,4.381673679999008,1.0,1.0,1.0,1.0,0.0,0.0
4,185,6.827712254954432,7.395545205994081,0.0,0.0,1.0,1.0,1.0,1.0
5,185,9.58181809029357,3.453508137882942,1.0,1.0,0.0,1.0,0.0,0.0
6,185,7.960732576352012,2.0527754798155247,0.0,0.0,0.0,0.0,0.0,0.0
7,185,2.6516099434019083,0.0,0.0,0.0,1.0,0.0,1.0,0.0
8,185,2.118787491329844,11.662873830879052,1.0,1.0,0.0,1.0,0.0,0.0
9,185,8.843863942635481,10.11487739403161,1.0,0.0,0.0,0.0,0.0,1.0
10,185,12.0,12.0,1.0,1.0,0.0,1.0,0.0,1.0
11,185,9.847153541350488,7.833797112062688,0.0,0.0,0.0,0.0,0.0,1.0
12,185,0.9613018204852734,12.0,1.0,1.0,0.0,0.0,1.0,1.0
13,185,12.0,12.0,1.0,0.0,0.0,1.0,0.0,0.0
14,185,1.8905492037575624,0.0005589597589159,0.0,1.0,0.0,0.0,0.0,0.0
15,185,0.0295675034289621,2.4936675619272286,1.0,1.0,1.0,1.0,0.0,0.0
16,185,3.2511089433269484,10.8954385405571,0.0,1.0,1.0,0.0,0.0,0.0
17,185,1.154100845182054,11.693712425596264,0.0,0.0,1.0,1.0,0.0,0.0
18,185,1.0150112321642182,3.757164313001802,0.0,1.0,1.0,1.0,1.0,1.0
19,185,10.612829104984533,9.143038767487672,1.0,0.0,0.0,1.0,0.0,0.0
20,185,8.468209943947619,9.563897988838884,0.0,0.0,0.0,0.0,0.0,0.0
21,185,9.77974095175232,9.288689806378672,0.0,0.0,1.0,0.0,0.0,1.0
22,185,0.0,9.575263369354296,1.0,1.0,0.0,0.0,1.0,0.0
23,185,1.032544504063705,3.782948718936625,0.0,0.0,1.0,1.0,0.0,1.0
24,185,10.58645304646045,1.5753642304738118,1.0,0.0,1.0,0.0,1.0,0.0
25,185,6.470761707886669,10.061390676866132,0.0,0.0,0.0,0.0,1.0,0.0
26,185,11.856568447678915,6.653824211830443,1.0,0.0,1.0,0.0,0.0,0.0
27,185,3.1075241271666725,12.0,1.0,0.0,1.0,0.0,0.0,1.0
28,185,9.606233204139976,9.973953123511157,0.0,0.0,0.0,0.0,1.0,1.0
29,185,0.935269549085604,1.158880203470916,1.0,0.0,0.0,0.0,0.0,0.0
30,185,4.219912137934943,3.42355616070252,0.0,1.0,1.0,0.0,0.0,0.0
31,185,2.5551915298919434,8.894334637535952,0.0,1.0,0.0,1.0,0.0,1.0
32,185,0.0,10.476079539304637,0.0,1.0,1.0,0.0,1.0,0.0
33,185,10.35642934778286,5.580351291476674,0.0,0.0,0.0,0.0,0.0,0.0
34,185,2.1025820026993545,0.3989564731956837,0.0,1.0,1.0,0.0,0.0,0.0
35,185,1.3409566634214398,3.368880479788244,0.0,1.0,0.0,1.0,0.0,0.0
36,185,7.387987967903255,3.2046706690881086,0.0,1.0,0.0,1.0,0.0,1.0
37,185,8.552931357769715,0.0,0.0,0.0,0.0,0.0,1.0,0.0
38,185,8.185265698715432,0.1690156584907488,0.0,0.0,0.0,0.0,0.0,1.0
39,185,7.570046421802558,0.0127373829400299,0.0,1.0,0.0,1.0,1.0,1.0
0,190,9.182854651950793,3.6370483842407104,1.0,0.0,1.0,0.0,0.0,1.0
1,190,5.324015887692575,1.4048455687656194,1.0,1.0,0.0,1.0,0.0,0.0
2,190,5.325177190913378,5.8088835759742885,0.0,0.0,0.0,0.0,1.0,1.0
3,190,0.5202634249778094,4.469410089650748,1.0,1.0,1.0,1.0,0.0,0.0
4,190,6.874404826561001,7.520905905628549,0.0,0.0,1.0,1.0,1.0,1.0
5,190,9.46610976399815,3.5256101714555625,1.0,1.0,0.0,1.0,0.0,0.0
6,190,7.960697106653147,2.052829038166548,0.0,0.0,0.0,0.0,0.0,0.0
7,190,2.583582704540282,0.0,0.0,0.0,1.0,0.0,1.0,0.0
8,190,2.064506436443122,11.653879654570735,1.0,1.0,0.0,1.0,0.0,0.0
9,190,8.830498263088272,10.115112206938504,1.0,0.0,0.0,0.0,0.0,1.0
10,190,12.0,12.0,1.0,1.0,0.0,1.0,0.0,1.0
11,190,9.816097417896986,7.860059031445015,0.0,0.0,0.0,0.0,0.0,1.0
12,190,0.9267646442978292,12.0,1.0,1.0,0.0,0.0,1.0,1.0
13,190,12.0,12.0,1.0,0.0,0.0,1.0,0.0,0.0
14,190,1.8873303708282807,0.001960802479396,0.0,1.0,0.0,0.0,0.0,0.0
15,190,0.0283982506223522,2.457406371863081,1.0,1.0,1.0,1.0,0.0,0.0
16,190,3.012359828409482,10.926687655226122,0.0,1.0,1.0,0.0,0.0,0.0
17,190,1.1668983170845026,11.68537774301624,0.0,0.0,1.0,1.0,0.0,0.0
18,190,1.0671725484112924,3.852948132957417,0.0,1.0,1.0,1.0,1.0,1.0
19,190,10.552221019001196,9.034592619568654,1.0,0.0,0.0,1.0,0.0,0.0
20,190,8.329703056883355,9.549908558836034,0.0,0.0,0.0,0.0,0.0,0.0
21,190,9.88161128160092,9.30252858804619,0.0,0.0,1.0,0.0,0.0,1.0
22,190,0.0,9.56003735220022,1.0,1.0,0.0,0.0,1.0,0.0
23,190,0.8670683425752984,3.855393501956877,0.0,0.0,1.0,1.0,0.0,1.0
24,190,10.525428874037775,1.520576863357409,1.0,0.0,1.0,0.0,1.0,0.0
25,190,6.4749756245702486,10.06199113367498,0.0,0.0,0.0,0.0,1.0,0.0
26,190,11.986490971697744,6.706253238860976,1.0,0.0,1.0,0.0,0.0,0.0
27,190,3.068588592074553,12.0,1.0,0.0,1.0,0.0,0.0,1.0
28,190,9.60295007484754,9.96307605900465,0.0,0.0,0.0,0.0,1.0,1.0
29,190,0.9496102513881408,1.1671774588006876,1.0,0.0,0.0,0.0,0.0,0.0
30,190,4.210938087654352,3.416634562802684,0.0,1.0,1.0,0.0,0.0,0.0
31,190,2.567945670217429,8.935380084157002,0.0,1.0,0.0,1.0,0.0,1.0
32,190,0.0,10.51602767813038,0.0,1.0,1.0,0.0,1.0,0.0
33,190,10.474734775140242,5.446525248371129,0.0,0.0,0.0,0.0,0.0,0.0
34,190,2.1752190976093995,0.4731994017092458,0.0,1.0,1.0,0.0,0.0,0.0
35,190,1.31209509078459,3.565388724497649,0.0,1.0,0.0,1.0,0.0,0.0
36,190,7.474405883932654,3.161267609819226,0.0,1.0,0.0,1.0,0.0,1.0
37,190,8.54658868665991,0.0,0.0,0.0,0.0,0.0,1.0,0.0
38,190,8.232787636792947,0.269170973108607,0.0,0.0,0.0,0.0,0.0,1.0
39,190,7.579725234495553,0.0101459157346936,0.0,1.0,0.0,1.0,1.0,1.0
0,195,9.307293876973842,3.697896566579903,1.0,0.0,1.0,0.0,0.0,1.0
1,195,5.228906025801407,1.3808764514849654,1.0,1.0,0.0,1.0,0.0,0.0
2,195,5.398666758439062,5.823972944765487,0.0,0.0,0.0,0.0,1.0,1.0
3,195,0.6213607825643739,4.578034642099957,1.0,1.0,1.0,1.0,0.0,0.0
4,195,6.930925145302616,7.667755505805945,0.0,0.0,1.0,1.0,1.0,1.0
5,195,9.35866305554395,3.588682420957247,1.0,1.0,0.0,1.0,0.0,0.0
6,195,7.961774801945801,2.0511351443793324,0.0,0.0,0.0,0.0,0.0,0.0
7,195,2.5236895014872127,0.0,0.0,0.0,1.0,0.0,1.0,0.0
8,195,2.029779402466073,11.648232136011016,1.0,1.0,0.0,1.0,0.0,0.0
9,195,8.820856208722393,10.115574497382164,1.0,0.0,0.0,0.0,0.0,1.0
10,195,12.0,12.0,1.0,1.0,0.0,1.0,0.0,1.0
11,195,9.787258560749962,7.884469290078018,0.0,0.0,0.0,0.0,0.0,1.0
12,195,0.8961007781981033,12.0,1.0,1.0,0.0,0.0,1.0,1.0
13,195,12.0,12.0,1.0,0.0,0.0,1.0,0.0,0.0
14,195,1.862468346132604,0.0125366375837456,0.0,1.0,0.0,0.0,0.0,0.0
15,195,0.0265672964909065,2.393908863373939,1.0,1.0,1.0,1.0,0.0,0.0
16,195,2.8057754818520686,10.956029858656104,0.0,1.0,1.0,0.0,0.0,0.0
17,195,1.179707379104343,11.676762295594765,0.0,0.0,1.0,1.0,0.0,0.0
18,195,1.1111971780197074,3.933554082934697,0.0,1.0,1.0,1.0,1.0,1.0
19,195,10.49045141103066,8.9160124499847,1.0,0.0,0.0,1.0,0.0,0.0
20,195,8.18488005578742,9.540542295487311,0.0,0.0,0.0,0.0,0.0,0.0
21,195,9.893130543141613,9.196164211620284,0.0,0.0,1.0,0.0,0.0,1.0
22,195,0.0,9.544412067111256,1.0,1.0,0.0,0.0,1.0,0.0
23,195,0.6939859412072378,3.929770511180396,0.0,0.0,1.0,1.0,0.0,1.0
24,195,10.454815372136489,1.458405057683518,1.0,0.0,1.0,0.0,1.0,0.0
25,195,6.46996227636927,10.061377870575164,0.0,0.0,0.0,0.0,1.0,0.0
26,195,12.0,6.757172374244986,1.0,0.0,1.0,0.0,0.0,0.0
27,195,3.0335552518348075,12.0,1.0,0.0,1.0,0.0,0.0,1.0
28,195,9.59697163560123,9.943811185786378,0.0,0.0,0.0,0.0,1.0,1.0
29,195,0.9733548038095172,1.1810738443779547,1.0,0.0,0.0,0.0,0.0,0.0
30,195,4.184386818881255,3.396315675610309,0.0,1.0,1.0,0.0,0.0,0.0
31,195,2.5711441306306875,8.945749283475251,0.0,1.0,0.0,1.0,0.0,1.0
32,195,0.0,10.562564493418124,0.0,1.0,1.0,0.0,1.0,0.0
33,195,10.596288974120853,5.3133172304027285,0.0,0.0,0.0,0.0,0.0,0.0
34,195,2.2406163070201184,0.5405210916038082,0.0,1.0,1.0,0.0,0.0,0.0
35,195,1.2754295429692215,3.7715373378393022,0.0,1.0,0.0,1.0,0.0,0.0
36,195,7.556030389972595,3.120283675126106,0.0,1.0,0.0,1.0,0.0,1.0
37,195,8.543659572903218,0.0,0.0,0.0,0.0,0.0,1.0,0.0
38,195,8.274640945740115,0.3526285951434122,0.0,0.0,0.0,0.0,0.0,1.0
39,195,7.604831818053369,0.00403917296753,0.0,1.0,0.0,1.0,1.0,1.0
0,200,9.423632961276724,3.7554709138259743,1.0,0.0,1.0,0.0,0.0,1.0
1,200,5.118438428886966,1.3564297485725856,1.0,1.0,0.0,1.0,0.0,0.0
2,200,5.48933165367202,5.839186829828302,0.0,0.0,0.0,0.0,1.0,1.0
3,200,0.7037579306633668,4.666018263802828,1.0,1.0,1.0,1.0,0.0,0.0
4,200,6.974175026463927,7.78586276813339,0.0,0.0,1.0,1.0,1.0,1.0
5,200,9.264067755913832,3.645561877557936,1.0,1.0,0.0,1.0,0.0,0.0
6,200,7.969218791146593,2.0393494932763216,0.0,0.0,0.0,0.0,0.0,0.0
7,200,2.4597382315857828,0.0,0.0,0.0,1.0,0.0,1.0,0.0
8,200,1.989926232805567,11.640801297581104,1.0,1.0,0.0,1.0,0.0,0.0
9,200,8.809019966731931,10.116241603537528,1.0,0.0,0.0,0.0,0.0,1.0
10,200,12.0,12.0,1.0,1.0,0.0,1.0,0.0,1.0
11,200,9.74777467051994,7.917659156834068,0.0,0.0,0.0,0.0,0.0,1.0
12,200,0.8739211150177285,12.0,1.0,1.0,0.0,0.0,1.0,1.0
13,200,12.0,12.0,1.0,0.0,0.0,1.0,0.0,0.0
14,200,1.831865509086454,0.0261225950262863,0.0,1.0,0.0,0.0,0.0,0.0
15,200,0.0248869158787229,2.331587003108605,1.0,1.0,1.0,1.0,0.0,0.0
16,200,2.59585816451175,10.987066154882308,0.0,1.0,1.0,0.0,0.0,0.0
17,200,1.1954841614091731,11.666737388488178,0.0,0.0,1.0,1.0,0.0,0.0
18,200,1.1558539902988705,4.009790846083208,0.0,1.0,1.0,1.0,1.0,1.0
19,200,10.425365825602636,8.792259200241688,1.0,0.0,0.0,1.0,0.0,0.0
20,200,8.038611344019923,9.532093429499756,0.0,0.0,0.0,0.0,0.0,0.0
21,200,9.9034750175042,9.10747450001628,0.0,0.0,1.0,0.0,0.0,1.0
22,200,0.0,9.526932337041272,1.0,1.0,0.0,0.0,1.0,0.0
23,200,0.5372099454085639,3.9973311642695446,0.0,0.0,1.0,1.0,0.0,1.0
24,200,10.381568813246131,1.3922548492585125,1.0,0.0,1.0,0.0,1.0,0.0
25,200,6.45985308987955,10.060027745266025,0.0,0.0,0.0,0.0,1.0,0.0
26,200,12.0,6.802912618276372,1.0,0.0,1.0,0.0,0.0,0.0
27,200,3.001242998701908,12.0,1.0,0.0,1.0,0.0,0.0,1.0
28,200,9.588507536926372,9.916630737515945,0.0,0.0,0.0,0.0,1.0,1.0
29,200,1.0013714171320107,1.1975716383930042,1.0,0.0,0.0,0.0,0.0,0.0
30,200,4.169674438203022,3.3852304788108127,0.0,1.0,1.0,0.0,0.0,0.0
31,200,2.575681727850515,8.959894526249233,0.0,1.0,0.0,1.0,0.0,1.0
32,200,0.0,10.604534934736275,0.0,1.0,1.0,0.0,1.0,0.0
33,200,10.718968259249804,5.184149429374953,0.0,0.0,0.0,0.0,0.0,0.0
34,200,2.3029755015087408,0.6020278280555769,0.0,1.0,1.0,0.0,0.0,0.0
35,200,1.24040754468547,3.991047975810427,0.0,1.0,0.0,1.0,0.0,0.0
36,200,7.626136921745878,3.085317041095043,0.0,1.0,0.0,1.0,0.0,1.0
37,200,8.53866086406281,0.0,0.0,0.0,0.0,0.0,1.0,0.0
38,200,8.320721803100449,0.4414010142777718,0.0,0.0,0.0,0.0,0.0,1.0
39,200,7.650009990435705,0.0,0.0,1.0,0.0,1.0,1.0,1.0
0,205,9.53655769990576,3.813374152026148,1.0,0.0,1.0,0.0,0.0,1.0
1,205,5.014168658260402,1.3290833865485343,1.0,1.0,0.0,1.0,0.0,0.0
2,205,5.580415926544315,5.858531977365858,0.0,0.0,0.0,0.0,1.0,1.0
3,205,0.7767475133280772,4.750432052308354,1.0,1.0,1.0,1.0,0.0,0.0
4,205,7.011206782068277,7.891752085098357,0.0,0.0,1.0,1.0,1.0,1.0
5,205,9.171106900817705,3.700993163184213,1.0,1.0,0.0,1.0,0.0,0.0
6,205,7.970178795599942,2.037824111735649,0.0,0.0,0.0,0.0,0.0,0.0
7,205,2.399950651355936,0.0,0.0,0.0,1.0,0.0,1.0,0.0
8,205,1.964102453584486,11.636044299358169,1.0,1.0,0.0,1.0,0.0,0.0
9,205,8.802243401371848,10.11661766677349,1.0,0.0,0.0,0.0,0.0,1.0
10,205,12.0,12.0,1.0,1.0,0.0,1.0,0.0,1.0
11,205,9.723239328930996,7.938340684756825,0.0,0.0,0.0,0.0,0.0,1.0
12,205,0.8190793197906393,11.980665256894564,1.0,1.0,0.0,0.0,1.0,1.0
13,205,12.0,12.0,1.0,0.0,0.0,1.0,0.0,0.0
14,205,1.804951637895705,0.0376926086849061,0.0,1.0,0.0,0.0,0.0,0.0
15,205,0.0241115815036314,2.273388113294532,1.0,1.0,1.0,1.0,0.0,0.0
16,205,2.3736164731881324,11.014547146749727,0.0,1.0,1.0,0.0,0.0,0.0
17,205,1.2249124768237103,11.64906206195043,0.0,0.0,1.0,1.0,0.0,0.0
18,205,1.20767617107172,4.102074338838152,0.0,1.0,1.0,1.0,1.0,1.0
19,205,10.35973948476139,8.662477257684378,1.0,0.0,0.0,1.0,0.0,0.0
20,205,7.881030271042734,9.52483737754215,0.0,0.0,0.0,0.0,0.0,0.0
21,205,9.912816890790458,9.013756111978411,0.0,0.0,1.0,0.0,0.0,1.0
22,205,0.0,9.505289144079931,1.0,1.0,0.0,0.0,1.0,0.0
23,205,0.3831783745577533,4.067083551136281,0.0,0.0,1.0,1.0,0.0,1.0
24,205,10.314322739141708,1.332581678381909,1.0,0.0,1.0,0.0,1.0,0.0
25,205,6.433036585072149,10.055826005008116,0.0,0.0,0.0,0.0,1.0,0.0
26,205,12.0,6.85020017179882,1.0,0.0,1.0,0.0,0.0,0.0
27,205,2.963967725051128,12.0,1.0,0.0,1.0,0.0,0.0,1.0
28,205,9.582078449986431,9.894885366783535,0.0,0.0,0.0,0.0,1.0,1.0
29,205,1.037816235163137,1.2178092484029086,1.0,0.0,0.0,0.0,0.0,0.0
30,205,4.164038088070739,3.3809620020948654,0.0,1.0,1.0,0.0,0.0,0.0
31,205,2.577304936468204,8.964216585264728,0.0,1.0,0.0,1.0,0.0,1.0
32,205,0.0,10.639848137507236,0.0,1.0,1.0,0.0,1.0,0.0
33,205,10.842949586189404,5.046553080852105,0.0,0.0,0.0,0.0,0.0,0.0
34,205,2.36950506958812,0.6682903797450784,0.0,1.0,1.0,0.0,0.0,0.0
35,205,1.1963948514423195,4.225663839297069,0.0,1.0,0.0,1.0,0.0,0.0
36,205,7.697798370817221,3.046626408369329,0.0,1.0,0.0,1.0,0.0,1.0
37,205,8.532893736279329,0.0,0.0,0.0,0.0,0.0,1.0,0.0
38,205,8.366896324671337,0.5249745936760644,0.0,0.0,0.0,0.0,0.0,1.0
39,205,7.684642711895797,0.0,0.0,1.0,0.0,1.0,1.0,1.0
0,210,9.62410468378632,3.855966894125676,1.0,0.0,1.0,0.0,0.0,1.0
1,210,4.883553035565594,1.2936828700472636,1.0,1.0,0.0,1.0,0.0,0.0
2,210,5.671504272756055,5.878356585306391,0.0,0.0,0.0,0.0,1.0,1.0
3,210,0.8553401480605625,4.840697458040787,1.0,1.0,1.0,1.0,0.0,0.0
4,210,7.048521085436216,7.994620033369904,0.0,0.0,1.0,1.0,1.0,1.0
5,210,9.09959945294829,3.743963100236451,1.0,1.0,0.0,1.0,0.0,0.0
6,210,7.967460570536439,2.0419921459563,0.0,0.0,0.0,0.0,0.0,0.0
7,210,2.339107028157082,0.0,0.0,0.0,1.0,0.0,1.0,0.0
8,210,1.920502357970366,11.628481229091664,1.0,1.0,0.0,1.0,0.0,0.0
9,210,8.7952053322291,10.117032336504842,1.0,0.0,0.0,0.0,0.0,1.0
10,210,12.0,12.0,1.0,1.0,0.0,1.0,0.0,1.0
11,210,9.696429036347892,7.960157158373794,0.0,0.0,0.0,0.0,0.0,1.0
12,210,0.7705541208872533,11.963086853762778,1.0,1.0,0.0,0.0,1.0,1.0
13,210,12.0,12.0,1.0,0.0,0.0,1.0,0.0,0.0
14,210,1.7712712122338572,0.0516489179335515,0.0,1.0,0.0,0.0,0.0,0.0
15,210,0.0234657862307953,2.236247327764893,1.0,1.0,1.0,1.0,0.0,0.0
16,210,2.160956993812833,11.042524487209104,0.0,1.0,1.0,0.0,0.0,0.0
17,210,1.2546433982906051,11.629495604074089,0.0,0.0,1.0,1.0,0.0,0.0
18,210,1.2629894765763188,4.195553189462661,0.0,1.0,1.0,1.0,1.0,1.0
19,210,10.280647385515694,8.501628250541064,1.0,0.0,0.0,1.0,0.0,0.0
20,210,7.727987655295304,9.519081879529905,0.0,0.0,0.0,0.0,0.0,0.0
21,210,9.919697497573711,8.936383956985477,0.0,0.0,1.0,0.0,0.0,1.0
22,210,0.0,9.480869458394508,1.0,1.0,0.0,0.0,1.0,0.0
23,210,0.201709133638785,4.145831253799729,0.0,0.0,1.0,1.0,0.0,1.0
24,210,10.247681654267524,1.2726262963495334,1.0,0.0,1.0,0.0,1.0,0.0
25,210,6.404756315430344,10.051015480731076,0.0,0.0,0.0,0.0,1.0,0.0
26,210,12.0,6.89417408645302,1.0,0.0,1.0,0.0,0.0,0.0
27,210,2.9226593713553903,12.0,1.0,0.0,1.0,0.0,0.0,1.0
28,210,9.572932431804963,9.863190538384432,0.0,0.0,0.0,0.0,1.0,1.0
29,210,1.0878325288592576,1.2469908415232491,1.0,0.0,0.0,0.0,0.0,0.0
30,210,4.172770128021191,3.38786325454682,0.0,1.0,1.0,0.0,0.0,0.0
31,210,2.583634242981076,8.980768600938301,0.0,1.0,0.0,1.0,0.0,1.0
32,210,0.0,10.681248737242363,0.0,1.0,1.0,0.0,1.0,0.0
33,210,10.96112933093827,4.91564344153694,0.0,0.0,0.0,0.0,0.0,0.0
34,210,2.4388639928462736,0.7369835262919738,0.0,1.0,1.0,0.0,0.0,0.0
35,210,1.1497649092055,4.458695386406803,0.0,1.0,0.0,1.0,0.0,0.0
36,210,7.7642052609061025,3.0117770484181,0.0,1.0,0.0,1.0,0.0,1.0
37,210,8.53022127521097,0.0,0.0,0.0,0.0,0.0,1.0,0.0
38,210,8.420302322760822,0.617714000634822,0.0,0.0,0.0,0.0,0.0,1.0
39,210,7.710390201893349,0.0,0.0,1.0,0.0,1.0,1.0,1.0
0,215,9.725682504421254,3.90744652883572,1.0,0.0,1.0,0.0,0.0,1.0
1,215,4.927264815500702,1.1481364603711108,1.0,1.0,0.0,1.0,0.0,0.0
2,215,5.775002785481048,5.901441680462887,0.0,0.0,0.0,0.0,1.0,1.0
3,215,0.9325169226728752,4.929905241046007,1.0,1.0,1.0,1.0,0.0,0.0
4,215,7.08796719059789,8.097935813722861,0.0,0.0,1.0,1.0,1.0,1.0
5,215,9.036206070076515,3.782501040796273,1.0,1.0,0.0,1.0,0.0,0.0
6,215,7.968384211763041,2.0405131140884087,0.0,0.0,0.0,0.0,0.0,0.0
7,215,2.2726123837084797,0.0,0.0,0.0,1.0,0.0,1.0,0.0
8,215,1.895264965003835,11.623648995679854,1.0,1.0,0.0,1.0,0.0,0.0
9,215,8.795378905976547,10.117020696073546,1.0,0.0,0.0,0.0,0.0,1.0
10,215,12.0,12.0,1.0,1.0,0.0,1.0,0.0,1.0
11,215,9.672620147008972,7.978984734214778,0.0,0.0,0.0,0.0,0.0,1.0
12,215,0.7400599469785137,11.952329052124142,1.0,1.0,0.0,0.0,1.0,1.0
13,215,12.0,12.0,1.0,0.0,0.0,1.0,0.0,0.0
14,215,1.7579287213461787,0.0575067763794954,0.0,1.0,0.0,0.0,0.0,0.0
15,215,0.0228730283521498,2.1662723777315187,1.0,1.0,1.0,1.0,0.0,0.0
16,215,1.9332998015999008,11.06572410946405,0.0,1.0,1.0,0.0,0.0,0.0
17,215,1.295291303045396,11.602314693829705,0.0,0.0,1.0,1.0,0.0,0.0
18,215,1.3161088865642818,4.290848602346245,0.0,1.0,1.0,1.0,1.0,1.0
19,215,10.19793735462786,8.325258707255347,1.0,0.0,0.0,1.0,0.0,0.0
20,215,7.559131315486528,9.516294305263308,0.0,0.0,0.0,0.0,0.0,0.0
21,215,9.92765092513788,8.870937108514969,0.0,0.0,1.0,0.0,0.0,1.0
22,215,0.0,9.452519809713086,1.0,1.0,0.0,0.0,1.0,0.0
23,215,0.0169639223614832,4.2199617288451154,0.0,0.0,1.0,1.0,0.0,1.0
24,215,10.164106617500812,1.2004651495145555,1.0,0.0,1.0,0.0,1.0,0.0
25,215,6.376062512060689,10.04643511886846,0.0,0.0,0.0,0.0,1.0,0.0
26,215,12.0,6.928956100100439,1.0,0.0,1.0,0.0,0.0,0.0
27,215,2.886452477530968,12.0,1.0,0.0,1.0,0.0,0.0,1.0
28,215,9.56692072888445,9.843286351957978,0.0,0.0,0.0,0.0,1.0,1.0
29,215,1.138780869770304,1.2750900604925508,1.0,0.0,0.0,0.0,0.0,0.0
30,215,4.17625700894612,3.3907213157535896,0.0,1.0,1.0,0.0,0.0,0.0
31,215,2.5892614948373374,8.996311431659613,0.0,1.0,0.0,1.0,0.0,1.0
32,215,0.0,10.724177758199415,0.0,1.0,1.0,0.0,1.0,0.0
33,215,11.078602590104236,4.780102960646109,0.0,0.0,0.0,0.0,0.0,0.0
34,215,2.4970705047982893,0.793270679613582,0.0,1.0,1.0,0.0,0.0,0.0
35,215,1.0997269998835368,4.708120535250492,0.0,1.0,0.0,1.0,0.0,0.0
36,215,7.836489744535688,2.974121141842621,0.0,1.0,0.0,1.0,0.0,1.0
37,215,8.529121604913009,0.0,0.0,0.0,0.0,0.0,1.0,0.0
38,215,8.493490554524803,0.7333077386662861,0.0,0.0,0.0,0.0,0.0,1.0
39,215,7.733671156437929,0.0,0.0,1.0,0.0,1.0,1.0,1.0
0,220,9.838592859919618,3.9606242471082753,1.0,0.0,1.0,0.0,0.0,1.0
1,220,4.976938153298989,0.968417188410832,1.0,1.0,0.0,1.0,0.0,0.0
2,220,5.866701063981442,5.9243069124643855,0.0,0.0,0.0,0.0,1.0,1.0
3,220,1.0102647159372184,5.023572177741066,1.0,1.0,1.0,1.0,0.0,0.0
4,220,7.131849623930281,8.211243192473422,0.0,0.0,1.0,1.0,1.0,1.0
5,220,8.966676334462596,3.8239733903329247,1.0,1.0,0.0,1.0,0.0,0.0
6,220,7.971523242881741,2.03555355777965,0.0,0.0,0.0,0.0,0.0,0.0
7,220,2.204436018570673,0.0,0.0,0.0,1.0,0.0,1.0,0.0
8,220,1.8853725348361223,11.621888318409905,1.0,1.0,0.0,1.0,0.0,0.0
9,220,8.806923229579203,10.116466476594502,1.0,0.0,0.0,0.0,0.0,1.0
10,220,12.0,12.0,1.0,1.0,0.0,1.0,0.0,1.0
11,220,9.62895319297238,8.013228237065814,0.0,0.0,0.0,0.0,0.0,1.0
12,220,0.730645004922466,11.948774010428908,1.0,1.0,0.0,0.0,1.0,1.0
13,220,12.0,12.0,1.0,0.0,0.0,1.0,0.0,0.0
14,220,1.740938524123115,0.0645207683421587,0.0,1.0,0.0,0.0,0.0,0.0
15,220,0.0226238413644529,2.093944269967323,1.0,1.0,1.0,1.0,0.0,0.0
16,220,1.6795208716287011,11.095069044379017,0.0,1.0,1.0,0.0,0.0,0.0
17,220,1.3358754331890077,11.574744944776407,0.0,0.0,1.0,1.0,0.0,0.0
18,220,1.3570326191569633,4.360505202570021,0.0,1.0,1.0,1.0,1.0,1.0
19,220,10.116996547235653,8.157773985506196,1.0,0.0,0.0,1.0,0.0,0.0
20,220,7.373672501964529,9.511213620986572,0.0,0.0,0.0,0.0,0.0,0.0
21,220,9.933814570412212,8.797296880511391,0.0,0.0,1.0,0.0,0.0,1.0
22,220,0.0,9.426366347181288,1.0,1.0,0.0,0.0,1.0,0.0
23,220,0.0,4.300090332778849,0.0,0.0,1.0,1.0,0.0,1.0
24,220,10.071312663357798,1.1225449542220107,1.0,0.0,1.0,0.0,1.0,0.0
25,220,6.330548818549771,10.039241987778697,0.0,0.0,0.0,0.0,1.0,0.0
26,220,12.0,6.962211201823038,1.0,0.0,1.0,0.0,0.0,0.0
27,220,2.852352624208335,12.0,1.0,0.0,1.0,0.0,0.0,1.0
28,220,9.551687821625384,9.794470595047468,0.0,0.0,0.0,0.0,1.0,1.0
29,220,1.180623460268486,1.298033887261404,1.0,0.0,0.0,0.0,0.0,0.0
30,220,4.17120585216731,3.386428371874901,0.0,1.0,1.0,0.0,0.0,0.0
31,220,2.583726963219725,8.980849421009498,0.0,1.0,0.0,1.0,0.0,1.0
32,220,0.0,10.766809108477846,0.0,1.0,1.0,0.0,1.0,0.0
33,220,11.189673240346998,4.6483842502725,0.0,0.0,0.0,0.0,0.0,0.0
34,220,2.5492178822261784,0.8459384733396247,0.0,1.0,1.0,0.0,0.0,0.0
35,220,1.0567156981844457,4.9453038114079,0.0,1.0,0.0,1.0,0.0,0.0
36,220,7.912947462459949,2.934638833755552,0.0,1.0,0.0,1.0,0.0,1.0
37,220,8.528400231826973,0.0,0.0,0.0,0.0,0.0,1.0,0.0
38,220,8.558948522621614,0.8375988660619598,0.0,0.0,0.0,0.0,0.0,1.0
39,220,7.743450430673768,0.0,0.0,1.0,0.0,1.0,1.0,1.0
0,225,9.93078571468157,4.007630534098462,1.0,0.0,1.0,0.0,0.0,1.0
1,225,5.018825897187409,0.7929173343479978,1.0,1.0,0.0,1.0,0.0,0.0
2,225,5.961063270635324,5.94877815019214,0.0,0.0,0.0,0.0,1.0,1.0
3,225,1.0902039591106636,5.118402491650975,1.0,1.0,1.0,1.0,0.0,0.0
4,225,7.175435039864552,8.325727582850089,0.0,0.0,1.0,1.0,1.0,1.0
5,225,8.887968137575246,3.870575555804786,1.0,1.0,0.0,1.0,0.0,0.0
6,225,7.980095243262973,2.022741061969461,0.0,0.0,0.0,0.0,0.0,0.0
7,225,2.304317894070313,0.0,0.0,0.0,1.0,0.0,1.0,0.0
8,225,1.8744961141338403,11.62006016011281,1.0,1.0,0.0,1.0,0.0,0.0
9,225,8.800550227963246,10.116536751887402,1.0,0.0,0.0,0.0,0.0,1.0
10,225,12.0,12.0,1.0,1.0,0.0,1.0,0.0,1.0
11,225,9.58563445537565,8.048129733753926,0.0,0.0,0.0,0.0,0.0,1.0
12,225,0.7313110508399474,11.949024554739175,1.0,1.0,0.0,0.0,1.0,1.0
13,225,12.0,12.0,1.0,0.0,0.0,1.0,0.0,0.0
14,225,1.716401389988858,0.0742853349329747,0.0,1.0,0.0,0.0,0.0,0.0
15,225,0.0222647727748364,2.030002123780553,1.0,1.0,1.0,1.0,0.0,0.0
16,225,1.4483850066275723,11.123263588849351,0.0,1.0,1.0,0.0,0.0,0.0
17,225,1.390416305155345,11.53732100608103,0.0,0.0,1.0,1.0,0.0,0.0
18,225,1.3944188942865596,4.4251822450313965,0.0,1.0,1.0,1.0,1.0,1.0
19,225,10.03150504188856,7.983620159497468,1.0,0.0,0.0,1.0,0.0,0.0
20,225,7.183130897737355,9.507030518356848,0.0,0.0,0.0,0.0,0.0,0.0
21,225,9.938505424487122,8.734571151945747,0.0,0.0,1.0,0.0,0.0,1.0
22,225,0.0,9.402171670438223,1.0,1.0,0.0,0.0,1.0,0.0
23,225,0.0,4.393500225231637,0.0,0.0,1.0,1.0,0.0,1.0
24,225,9.989069197434356,1.0511697259642363,1.0,0.0,1.0,0.0,1.0,0.0
25,225,6.285832991803478,10.03167591466658,0.0,0.0,0.0,0.0,1.0,0.0
26,225,12.0,6.992832666500205,1.0,0.0,1.0,0.0,0.0,0.0
27,225,2.8209258127413785,12.0,1.0,0.0,1.0,0.0,0.0,1.0
28,225,9.533495472501007,9.736343558201288,0.0,0.0,0.0,0.0,1.0,1.0
29,225,1.237573901525033,1.328552825667722,1.0,0.0,0.0,0.0,0.0,0.0
30,225,4.157398906860414,3.3747589197224124,0.0,1.0,1.0,0.0,0.0,0.0
31,225,2.576896554425971,8.959708957660984,0.0,1.0,0.0,1.0,0.0,1.0
32,225,0.0,10.81114981825336,0.0,1.0,1.0,0.0,1.0,0.0
33,225,11.29587652054519,4.517100332300401,0.0,0.0,0.0,0.0,0.0,0.0
34,225,2.599423288342683,0.8968941043793794,0.0,1.0,1.0,0.0,0.0,0.0
35,225,1.020096303117326,5.164285939680536,0.0,1.0,0.0,1.0,0.0,0.0
36,225,8.000304336811801,2.8920518097976857,0.0,1.0,0.0,1.0,0.0,1.0
37,225,8.526427298478621,0.0,0.0,0.0,0.0,0.0,1.0,0.0
38,225,8.63156114684894,0.9498938809967036,0.0,0.0,0.0,0.0,0.0,1.0
39,225,7.782062305693691,0.0,0.0,1.0,0.0,1.0,1.0,1.0
0,230,10.014790624152017,4.051216407667298,1.0,0.0,1.0,0.0,0.0,1.0
1,230,5.066959060188752,0.6172213066863065,1.0,1.0,0.0,1.0,0.0,0.0
2,230,6.0776495538105175,5.978449802612503,0.0,0.0,0.0,0.0,1.0,1.0
3,230,1.1722133779187032,5.218018438765447,1.0,1.0,1.0,1.0,0.0,0.0
4,230,7.229546735377463,8.461555076905817,0.0,0.0,1.0,1.0,1.0,1.0
5,230,8.809793147964175,3.916809329951075,1.0,1.0,0.0,1.0,0.0,0.0
6,230,7.992969135386443,2.003256015060077,0.0,0.0,0.0,0.0,0.0,0.0
7,230,2.3942597480732686,0.0,0.0,0.0,1.0,0.0,1.0,0.0
8,230,1.865091432679012,11.618313531362524,1.0,1.0,0.0,1.0,0.0,0.0
9,230,8.778959570288876,10.116042568683037,1.0,0.0,0.0,0.0,0.0,1.0
10,230,12.0,12.0,1.0,1.0,0.0,1.0,0.0,1.0
11,230,9.54261073229864,8.08236586825921,0.0,0.0,0.0,0.0,0.0,1.0
12,230,0.7251499674825712,11.946623997489274,1.0,1.0,0.0,0.0,1.0,1.0
13,230,12.0,12.0,1.0,0.0,0.0,1.0,0.0,0.0
14,230,1.6825344580545036,0.0875221464690358,0.0,1.0,0.0,0.0,0.0,0.0
15,230,0.0206782676753935,1.9575869952343317,1.0,1.0,1.0,1.0,0.0,0.0
16,230,1.2057157152147455,11.149434875926378,0.0,1.0,1.0,0.0,0.0,0.0
17,230,1.4274681675964405,11.590296200842682,0.0,0.0,1.0,1.0,0.0,0.0
18,230,1.4317776628598278,4.491836081442159,0.0,1.0,1.0,1.0,1.0,1.0
19,230,9.951837328275944,7.820208880932239,1.0,0.0,0.0,1.0,0.0,0.0
20,230,6.984832596622349,9.498080388799233,0.0,0.0,0.0,0.0,0.0,0.0
21,230,9.943379797207308,8.677384891410707,0.0,0.0,1.0,0.0,0.0,1.0
22,230,0.0,9.373740162053242,1.0,1.0,0.0,0.0,1.0,0.0
23,230,0.0,4.490847864546972,0.0,0.0,1.0,1.0,0.0,1.0
24,230,9.91276474415225,0.9899063405713951,1.0,0.0,1.0,0.0,1.0,0.0
25,230,6.234054252403069,10.02169572290224,0.0,0.0,0.0,0.0,1.0,0.0
26,230,12.0,7.015324189015629,1.0,0.0,1.0,0.0,0.0,0.0
27,230,2.783693023642404,12.0,1.0,0.0,1.0,0.0,0.0,1.0
28,230,9.515062634256225,9.67871723459709,0.0,0.0,0.0,0.0,1.0,1.0
29,230,1.292431080379689,1.359621557737551,1.0,0.0,0.0,0.0,0.0,0.0
30,230,4.124149999697185,3.346614929320805,0.0,1.0,1.0,0.0,0.0,0.0
31,230,2.569492609724892,8.936817939563229,0.0,1.0,0.0,1.0,0.0,1.0
32,230,0.0,10.860990243612468,0.0,1.0,1.0,0.0,1.0,0.0
33,230,11.407758506190694,4.383788743006387,0.0,0.0,0.0,0.0,0.0,0.0
34,230,2.650944874444264,0.949751292958315,0.0,1.0,1.0,0.0,0.0,0.0
35,230,0.9769918741974124,5.389179448716855,0.0,1.0,0.0,1.0,0.0,0.0
36,230,8.0658895912882,2.860249202514848,0.0,1.0,0.0,1.0,0.0,1.0
37,230,8.522609591119828,0.0,0.0,0.0,0.0,0.0,1.0,0.0
38,230,8.700117104688038,1.051854355853201,0.0,0.0,0.0,0.0,0.0,1.0
39,230,7.808196246474965,0.0,0.0,1.0,0.0,1.0,1.0,1.0
0,235,10.085553438746276,4.085251758890527,1.0,0.0,1.0,0.0,0.0,1.0
1,235,5.110242974859031,0.4639785308787635,1.0,1.0,0.0,1.0,0.0,0.0
2,235,6.180734140100122,6.002667083911081,0.0,0.0,0.0,0.0,1.0,1.0
3,235,1.251617212032175,5.314140015224846,1.0,1.0,1.0,1.0,0.0,0.0
4,235,7.276763148002423,8.586950978777372,0.0,0.0,1.0,1.0,1.0,1.0
5,235,8.724778085954359,3.968390948137506,1.0,1.0,0.0,1.0,0.0,0.0
6,235,7.995785063256163,1.999050286102941,0.0,0.0,0.0,0.0,0.0,0.0
7,235,2.4707856530062107,0.0,0.0,0.0,1.0,0.0,1.0,0.0
8,235,1.8643897641887572,11.618186933335627,1.0,1.0,0.0,1.0,0.0,0.0
9,235,8.762397885102553,10.116044917962352,1.0,0.0,0.0,0.0,0.0,1.0
10,235,12.0,12.0,1.0,1.0,0.0,1.0,0.0,1.0
11,235,9.497378568833142,8.118513301645024,0.0,0.0,0.0,0.0,0.0,1.0
12,235,0.7019830740812641,11.93815570552555,1.0,1.0,0.0,0.0,1.0,1.0
13,235,12.0,12.0,1.0,0.0,0.0,1.0,0.0,0.0
14,235,1.6633958398023454,0.0956459405660719,0.0,1.0,0.0,0.0,0.0,0.0
15,235,0.0190328856303878,1.887208915492666,1.0,1.0,1.0,1.0,0.0,0.0
16,235,0.9707190317508544,11.173855418259526,0.0,1.0,1.0,0.0,0.0,0.0
17,235,1.4499036768451,11.623143487792486,0.0,0.0,1.0,1.0,0.0,0.0
18,235,1.4713684433684866,4.565447889679156,0.0,1.0,1.0,1.0,1.0,1.0
19,235,9.874079559682928,7.660410775550193,1.0,0.0,0.0,1.0,0.0,0.0
20,235,6.800980310108214,9.48337879248374,0.0,0.0,0.0,0.0,0.0,0.0
21,235,9.94792582965565,8.619717227251012,0.0,0.0,1.0,0.0,0.0,1.0
22,235,0.0,9.342400972004606,1.0,1.0,0.0,0.0,1.0,0.0
23,235,0.0,4.595895011394963,0.0,0.0,1.0,1.0,0.0,1.0
24,235,9.84238512900582,0.9334798970633276,1.0,0.0,1.0,0.0,1.0,0.0
25,235,6.169909582345297,10.011404406414044,0.0,0.0,0.0,0.0,1.0,0.0
26,235,12.0,7.02980187514448,1.0,0.0,1.0,0.0,0.0,0.0
27,235,2.750497301554567,12.0,1.0,0.0,1.0,0.0,0.0,1.0
28,235,9.493026860710156,9.60658773933314,0.0,0.0,0.0,0.0,1.0,1.0
29,235,1.3278376250737371,1.380681837805181,1.0,0.0,0.0,0.0,0.0,0.0
30,235,4.115617073730612,3.339594769338402,0.0,1.0,1.0,0.0,0.0,0.0
31,235,2.571730128082482,8.944207870735552,0.0,1.0,0.0,1.0,0.0,1.0
32,235,0.0,10.898742346105244,0.0,1.0,1.0,0.0,1.0,0.0
33,235,11.512241024174145,4.251676123418593,0.0,0.0,0.0,0.0,0.0,0.0
34,235,2.713906414778944,1.0138174611036477,0.0,1.0,1.0,0.0,0.0,0.0
35,235,0.9328449619934444,5.606201045186281,0.0,1.0,0.0,1.0,0.0,0.0
36,235,8.128057377360433,2.829243864152535,0.0,1.0,0.0,1.0,0.0,1.0
37,235,8.521069579884179,0.0,0.0,0.0,0.0,0.0,1.0,0.0
38,235,8.762552809374103,1.1479633353109768,0.0,0.0,0.0,0.0,0.0,1.0
39,235,7.815359361334814,0.0319538776985139,0.0,1.0,0.0,1.0,1.0,1.0
0,240,10.154570161011613,4.117316605200136,1.0,0.0,1.0,0.0,0.0,1.0
1,240,5.152038514706855,0.3146334043184901,1.0,1.0,0.0,1.0,0.0,0.0
2,240,6.275957382803569,6.025694220890036,0.0,0.0,0.0,0.0,1.0,1.0
3,240,1.3261115096488316,5.407885888074851,1.0,1.0,1.0,1.0,0.0,0.0
4,240,7.330842097349851,8.725286103220302,0.0,0.0,1.0,1.0,1.0,1.0
5,240,8.655010286371933,4.008453494953399,1.0,1.0,0.0,1.0,0.0,0.0
6,240,8.009191311165193,1.9798818650234276,0.0,0.0,0.0,0.0,0.0,0.0
7,240,2.543584592931646,0.0,0.0,0.0,1.0,0.0,1.0,0.0
8,240,1.8665123410901616,11.618511873818916,1.0,1.0,0.0,1.0,0.0,0.0
9,240,8.729620446874637,10.115781473657192,1.0,0.0,0.0,0.0,0.0,1.0
10,240,12.0,12.0,1.0,1.0,0.0,1.0,0.0,1.0
11,240,9.473303082879529,8.137867610812442,0.0,0.0,0.0,0.0,0.0,1.0
12,240,0.6670501470672932,11.925569825354016,1.0,1.0,0.0,0.0,1.0,1.0
13,240,12.0,12.0,1.0,0.0,0.0,1.0,0.0,0.0
14,240,1.6549375551823784,0.0994548953123863,0.0,1.0,0.0,0.0,0.0,0.0
15,240,0.0183159856185702,1.8244965049910624,1.0,1.0,1.0,1.0,0.0,0.0
16,240,0.7698242026980867,11.194630748030397,0.0,1.0,1.0,0.0,0.0,0.0
17,240,1.4726836437379849,11.65637373042014,0.0,0.0,1.0,1.0,0.0,0.0
18,240,1.5099588427872592,4.6432376500016685,0.0,1.0,1.0,1.0,1.0,1.0
19,240,9.805659714184072,7.512084933901082,1.0,0.0,0.0,1.0,0.0,0.0
20,240,6.6223471017903215,9.474482244737336,0.0,0.0,0.0,0.0,0.0,0.0
21,240,9.953154313069524,8.548498141560788,0.0,0.0,1.0,0.0,0.0,1.0
22,240,0.0,9.309292602144806,1.0,1.0,0.0,0.0,1.0,0.0
23,240,0.0,4.692069683651085,0.0,0.0,1.0,1.0,0.0,1.0
24,240,9.759046788320024,0.866992282590954,1.0,0.0,1.0,0.0,1.0,0.0
25,240,6.099996442045411,9.99952082463729,0.0,0.0,0.0,0.0,1.0,0.0
26,240,12.0,7.039579981671677,1.0,0.0,1.0,0.0,0.0,0.0
27,240,2.708984536856811,12.0,1.0,0.0,1.0,0.0,0.0,1.0
28,240,9.477272208230636,9.555836836464549,0.0,0.0,0.0,0.0,1.0,1.0
29,240,1.346522247432168,1.3911711812685208,1.0,0.0,0.0,0.0,0.0,0.0
30,240,4.119385450945981,3.3428285338487167,0.0,1.0,1.0,0.0,0.0,0.0
31,240,2.5715158486289336,8.943523932693605,0.0,1.0,0.0,1.0,0.0,1.0
32,240,0.0,10.94184445862094,0.0,1.0,1.0,0.0,1.0,0.0
33,240,11.603329544684708,4.1337562761023205,0.0,0.0,0.0,0.0,0.0,0.0
34,240,2.7876200005650724,1.0907365970753944,0.0,1.0,1.0,0.0,0.0,0.0
35,240,0.8903489599019325,5.803577966958726,0.0,1.0,0.0,1.0,0.0,0.0
36,240,8.18539709149766,2.7982181397145904,0.0,1.0,0.0,1.0,0.0,1.0
37,240,8.517036026405892,0.0,0.0,0.0,0.0,0.0,1.0,0.0
38,240,8.829048086142416,1.2505828030271249,0.0,0.0,0.0,0.0,0.0,1.0
39,240,7.825192185440497,0.0750328564952778,0.0,1.0,0.0,1.0,1.0,1.0
0,245,10.22848155830395,4.15342684843374,1.0,0.0,1.0,0.0,0.0,1.0
1,245,5.192444134458338,0.154961164672137,1.0,1.0,0.0,1.0,0.0,0.0
2,245,6.378002575413634,6.047953633172277,0.0,0.0,0.0,0.0,1.0,1.0
3,245,1.3989915378946378,5.499226332689293,1.0,1.0,1.0,1.0,0.0,0.0
4,245,7.385700200527307,8.865241220300758,0.0,0.0,1.0,1.0,1.0,1.0
5,245,8.585144727413105,4.051093801940882,1.0,1.0,0.0,1.0,0.0,0.0
6,245,8.02137434572779,1.9630069178765597,0.0,0.0,0.0,0.0,0.0,0.0
7,245,2.6198721672568914,0.0,0.0,0.0,1.0,0.0,1.0,0.0
8,245,1.8707964178487595,11.619142285020107,1.0,1.0,0.0,1.0,0.0,0.0
9,245,8.70131267815496,10.115310996448612,1.0,0.0,0.0,0.0,0.0,1.0
10,245,12.0,12.0,1.0,1.0,0.0,1.0,0.0,1.0
11,245,9.449336337040783,8.157824814853422,0.0,0.0,0.0,0.0,0.0,1.0
12,245,0.6323730837114846,11.913628614467555,1.0,1.0,0.0,0.0,1.0,1.0
13,245,12.0,12.0,1.0,0.0,0.0,1.0,0.0,0.0
14,245,1.6568527000458873,0.0986111818739542,0.0,1.0,0.0,0.0,0.0,0.0
15,245,0.0178462685909351,1.794129626619697,1.0,1.0,1.0,1.0,0.0,0.0
16,245,0.5663968023533242,11.216590912888137,0.0,1.0,1.0,0.0,0.0,0.0
17,245,1.5036453846175246,11.703363602465734,0.0,0.0,1.0,1.0,0.0,0.0
18,245,1.5513204826826084,4.723207049779301,0.0,1.0,1.0,1.0,1.0,1.0
19,245,9.737867317624907,7.363823383639473,1.0,0.0,0.0,1.0,0.0,0.0
20,245,6.441294402878648,9.46274347785177,0.0,0.0,0.0,0.0,0.0,0.0
21,245,9.956933084655711,8.477692701230549,0.0,0.0,1.0,0.0,0.0,1.0
22,245,0.0,9.27681327781773,1.0,1.0,0.0,0.0,1.0,0.0
23,245,0.0,4.775937422159729,0.0,0.0,1.0,1.0,0.0,1.0
24,245,9.685702427743044,0.8030582543973644,1.0,0.0,1.0,0.0,1.0,0.0
25,245,6.008980535372443,9.98569536409454,0.0,0.0,0.0,0.0,1.0,0.0
26,245,12.0,7.058839059423806,1.0,0.0,1.0,0.0,0.0,0.0
27,245,2.669211465799205,12.0,1.0,0.0,1.0,0.0,0.0,1.0
28,245,9.464953310344296,9.511348218427742,0.0,0.0,0.0,0.0,1.0,1.0
29,245,1.361573565620824,1.399939214458677,1.0,0.0,0.0,0.0,0.0,0.0
30,245,4.109969197612552,3.334826580891284,0.0,1.0,1.0,0.0,0.0,0.0
31,245,2.570068489618935,8.938631639599901,0.0,1.0,0.0,1.0,0.0,1.0
32,245,0.0,10.98468791264778,0.0,1.0,1.0,0.0,1.0,0.0
33,245,11.703851434228206,4.002518520456107,0.0,0.0,0.0,0.0,0.0,0.0
34,245,2.875508191294866,1.1816419668149836,0.0,1.0,1.0,0.0,0.0,0.0
35,245,0.8474938526367228,5.989292366289016,0.0,1.0,0.0,1.0,0.0,0.0
36,245,8.228786399987257,2.7737768477781763,0.0,1.0,0.0,1.0,0.0,1.0
37,245,8.51376027625953,0.0,0.0,0.0,0.0,0.0,1.0,0.0
38,245,8.884946245906349,1.3434124872013535,0.0,0.0,0.0,0.0,0.0,1.0
39,245,7.838878431863569,0.1287816726102302,0.0,1.0,0.0,1.0,1.0,1.0
0,250,10.310418605389144,4.190938984542481,1.0,0.0,1.0,0.0,0.0,1.0
1,250,5.23230376376282,0.0113957456650929,1.0,1.0,0.0,1.0,0.0,0.0
2,250,6.483864768819386,6.071227034258677,0.0,0.0,0.0,0.0,1.0,1.0
3,250,1.466326170713535,5.584166113905448,1.0,1.0,1.0,1.0,0.0,0.0
4,250,7.445307163761723,9.009433035419192,0.0,0.0,1.0,1.0,1.0,1.0
5,250,8.51187243650596,4.096651820400084,1.0,1.0,0.0,1.0,0.0,0.0
6,250,8.028829163380438,1.952717064264416,0.0,0.0,0.0,0.0,0.0,0.0
7,250,2.696797534917493,0.0,0.0,0.0,1.0,0.0,1.0,0.0
8,250,1.872271052457385,11.619356249910382,1.0,1.0,0.0,1.0,0.0,0.0
9,250,8.660018156333063,10.115751042854017,1.0,0.0,0.0,0.0,0.0,1.0
10,250,12.0,12.0,1.0,1.0,0.0,1.0,0.0,1.0
11,250,9.431263254789767,8.172759882620275,0.0,0.0,0.0,0.0,0.0,1.0
12,250,0.6122338536170514,11.90699357988018,1.0,1.0,0.0,0.0,1.0,1.0
13,250,12.0,12.0,1.0,0.0,0.0,1.0,0.0,0.0
14,250,1.6768369842690911,0.0899604782944875,0.0,1.0,0.0,0.0,0.0,0.0
15,250,0.0162029218201866,1.750302575581319,1.0,1.0,1.0,1.0,0.0,0.0
16,250,0.3765850172561263,11.24181971746029,0.0,1.0,1.0,0.0,0.0,0.0
17,250,1.5363494097885135,11.751090010270156,0.0,0.0,1.0,1.0,0.0,0.0
18,250,1.5892605021539554,4.796112912078557,0.0,1.0,1.0,1.0,1.0,1.0
19,250,9.662076138340392,7.201593381493184,1.0,0.0,0.0,1.0,0.0,0.0
20,250,6.242487795223768,9.451481935385733,0.0,0.0,0.0,0.0,0.0,0.0
21,250,9.962949071479072,8.390311055273283,0.0,0.0,1.0,0.0,0.0,1.0
22,250,0.0,9.244697175256858,1.0,1.0,0.0,0.0,1.0,0.0
23,250,0.0,4.856584114059885,0.0,0.0,1.0,1.0,0.0,1.0
24,250,9.586015077369762,0.7150609279187603,1.0,0.0,1.0,0.0,1.0,0.0
25,250,5.933100719264108,9.972384723764272,0.0,0.0,0.0,0.0,1.0,0.0
26,250,12.0,7.080329803398333,1.0,0.0,1.0,0.0,0.0,0.0
27,250,2.6371266710066625,12.0,1.0,0.0,1.0,0.0,0.0,1.0
28,250,9.456162621976162,9.480276397525008,0.0,0.0,0.0,0.0,1.0,1.0
29,250,1.3661521623378734,1.402604206064862,1.0,0.0,0.0,0.0,0.0,0.0
30,250,4.089019486374642,3.3170320350715508,0.0,1.0,1.0,0.0,0.0,0.0
31,250,2.5684624248018504,8.933028643469635,0.0,1.0,0.0,1.0,0.0,1.0
32,250,0.0,11.027394788109753,0.0,1.0,1.0,0.0,1.0,0.0
33,250,11.794834571209188,3.8819652783120713,0.0,0.0,0.0,0.0,0.0,0.0
34,250,2.959862789753132,1.2706751182859133,0.0,1.0,1.0,0.0,0.0,0.0
35,250,0.8022234492350636,6.187603210837937,0.0,1.0,0.0,1.0,0.0,0.0
36,250,8.268273607304744,2.7528211915699896,0.0,1.0,0.0,1.0,0.0,1.0
37,250,8.51523245386709,0.0,0.0,0.0,0.0,0.0,1.0,0.0
38,250,8.942569504248961,1.443094878359986,0.0,0.0,0.0,0.0,0.0,1.0
39,250,7.850679396828368,0.1681571089553024,0.0,1.0,0.0,1.0,1.0,1.0
0,255,10.395659489885244,4.230688851090669,1.0,0.0,1.0,0.0,0.0,1.0
1,255,5.279372098150965,0.0,1.0,1.0,0.0,1.0,0.0,0.0
2,255,6.594924156950473,6.095987639530006,0.0,0.0,0.0,0.0,1.0,1.0
3,255,1.5345389587625131,5.670998153929111,1.0,1.0,1.0,1.0,0.0,0.0
4,255,7.506115938195565,9.156135698106327,0.0,0.0,1.0,1.0,1.0,1.0
5,255,8.427673925467255,4.149585447393246,1.0,1.0,0.0,1.0,0.0,0.0
6,255,8.034095121077094,1.9453632421679945,0.0,0.0,0.0,0.0,0.0,0.0
7,255,2.745272207840513,0.0,0.0,0.0,1.0,0.0,1.0,0.0
8,255,1.882419673180316,11.621062213439693,1.0,1.0,0.0,1.0,0.0,0.0
9,255,8.629376413327087,10.115721488191417,1.0,0.0,0.0,0.0,0.0,1.0
10,255,12.0,12.0,1.0,1.0,0.0,1.0,0.0,1.0
11,255,9.402098520430089,8.198171641744795,0.0,0.0,0.0,0.0,0.0,1.0
12,255,0.5992432444647784,11.902759250782868,1.0,1.0,0.0,0.0,1.0,1.0
13,255,12.0,12.0,1.0,0.0,0.0,1.0,0.0,0.0
14,255,1.732795868612261,0.0682723849911022,0.0,1.0,0.0,0.0,0.0,0.0
15,255,0.0148125857199332,1.7189594279595024,1.0,1.0,1.0,1.0,0.0,0.0
16,255,0.1907831898543732,11.26848071446764,0.0,1.0,1.0,0.0,0.0,0.0
17,255,1.5617390788605323,11.787203256534294,0.0,0.0,1.0,1.0,0.0,0.0
18,255,1.6172727814527623,4.851251263450055,0.0,1.0,1.0,1.0,1.0,1.0
19,255,9.577978949702157,7.039389441975661,1.0,0.0,0.0,1.0,0.0,0.0
20,255,6.230985416558894,9.6397144620805,0.0,0.0,0.0,0.0,0.0,0.0
21,255,9.966303685392264,8.305474592149496,0.0,0.0,1.0,0.0,0.0,1.0
22,255,0.0,9.21103136358913,1.0,1.0,0.0,0.0,1.0,0.0
23,255,0.0,4.930726666384867,0.0,0.0,1.0,1.0,0.0,1.0
24,255,9.48780245361934,0.6288671175643709,1.0,0.0,1.0,0.0,1.0,0.0
25,255,5.851051249824423,9.956047896653264,0.0,0.0,0.0,0.0,1.0,0.0
26,255,12.0,7.109458169101835,1.0,0.0,1.0,0.0,0.0,0.0
27,255,2.600080645522234,12.0,1.0,0.0,1.0,0.0,0.0,1.0
28,255,9.444694494946033,9.439172202741611,0.0,0.0,0.0,0.0,1.0,1.0
29,255,1.38036526896488,1.4107706455821254,1.0,0.0,0.0,0.0,0.0,0.0
30,255,4.060869257042171,3.294090921931881,0.0,1.0,1.0,0.0,0.0,0.0
31,255,2.5636647338638605,8.914336160251224,0.0,1.0,0.0,1.0,0.0,1.0
32,255,0.0,11.062744505675932,0.0,1.0,1.0,0.0,1.0,0.0
33,255,11.889831578068367,3.757246963204026,0.0,0.0,0.0,0.0,0.0,0.0
34,255,3.0552325469553123,1.3740010938723646,0.0,1.0,1.0,0.0,0.0,0.0
35,255,0.7589437564609425,6.379629280621616,0.0,1.0,0.0,1.0,0.0,0.0
36,255,8.302137182250178,2.7344926856309133,0.0,1.0,0.0,1.0,0.0,1.0
37,255,8.519680270774746,0.0,0.0,0.0,0.0,0.0,1.0,0.0
38,255,8.99882957342017,1.5442171898289403,0.0,0.0,0.0,0.0,0.0,1.0
39,255,7.86213316386353,0.2028501777155677,0.0,1.0,0.0,1.0,1.0,1.0
0,260,10.479871426931616,4.271804668524467,1.0,0.0,1.0,0.0,0.0,1.0
1,260,5.324377288782235,0.0,1.0,1.0,0.0,1.0,0.0,0.0
2,260,6.7004798513580806,6.117961333743193,0.0,0.0,0.0,0.0,1.0,1.0
3,260,1.5967876112959585,5.752092188935902,1.0,1.0,1.0,1.0,0.0,0.0
4,260,7.564780525640407,9.305206947538853,0.0,0.0,1.0,1.0,1.0,1.0
5,260,8.481069947504354,4.236623369934048,1.0,1.0,0.0,1.0,0.0,0.0
6,260,8.035131622773452,1.9439420704708856,0.0,0.0,0.0,0.0,0.0,0.0
7,260,2.801600080099804,0.0,0.0,0.0,1.0,0.0,1.0,0.0
8,260,1.885426303367376,11.62151513340316,1.0,1.0,0.0,1.0,0.0,0.0
9,260,8.607876691420635,10.115745403404636,1.0,0.0,0.0,0.0,0.0,1.0
10,260,12.0,12.0,1.0,1.0,0.0,1.0,0.0,1.0
11,260,9.388357177551832,8.210080799671292,0.0,0.0,0.0,0.0,0.0,1.0
12,260,0.595439250475191,11.901637517593857,1.0,1.0,0.0,0.0,1.0,1.0
13,260,12.0,12.0,1.0,0.0,0.0,1.0,0.0,0.0
14,260,1.7972716444849377,0.0431119641942428,0.0,1.0,0.0,0.0,0.0,0.0
15,260,0.0141834924178549,1.69741388321467,1.0,1.0,1.0,1.0,0.0,0.0
16,260,0.0,11.30182322393803,0.0,1.0,1.0,0.0,0.0,0.0
17,260,1.585196175431382,11.819824616526883,0.0,0.0,1.0,1.0,0.0,0.0
18,260,1.6421782669157716,4.901174299503053,0.0,1.0,1.0,1.0,1.0,1.0
19,260,9.492673506636589,6.87162452345692,1.0,0.0,0.0,1.0,0.0,0.0
20,260,6.21966035877565,9.832792323881046,0.0,0.0,0.0,0.0,0.0,0.0
21,260,9.969443889804804,8.233593810658235,0.0,0.0,1.0,0.0,0.0,1.0
22,260,0.0,9.163407836502044,1.0,1.0,0.0,0.0,1.0,0.0
23,260,0.0,5.011440370106098,0.0,0.0,1.0,1.0,0.0,1.0
24,260,9.394130629833692,0.5440743398723626,1.0,0.0,1.0,0.0,1.0,0.0
25,260,5.751877320165924,9.934942760810213,0.0,0.0,0.0,0.0,1.0,0.0
26,260,12.0,7.1377260465787495,1.0,0.0,1.0,0.0,0.0,0.0
27,260,2.5647579864206573,12.0,1.0,0.0,1.0,0.0,0.0,1.0
28,260,9.42898776579936,9.388116952067271,0.0,0.0,0.0,0.0,1.0,1.0
29,260,1.3854856878555806,1.413782693142188,1.0,0.0,0.0,0.0,0.0,0.0
30,260,4.037285026670204,3.2755007610481592,0.0,1.0,1.0,0.0,0.0,0.0
31,260,2.5585804467651028,8.892481469272946,0.0,1.0,0.0,1.0,0.0,1.0
32,260,0.0,11.0986099600993,0.0,1.0,1.0,0.0,1.0,0.0
33,260,12.0,3.858618815392632,0.0,0.0,0.0,0.0,0.0,0.0
34,260,3.151734950635276,1.4812252193807902,0.0,1.0,1.0,0.0,0.0,0.0
35,260,0.7114545351986026,6.579725200321852,0.0,1.0,0.0,1.0,0.0,0.0
36,260,8.336016392079102,2.716873071448468,0.0,1.0,0.0,1.0,0.0,1.0
37,260,8.525378005649065,0.0,0.0,0.0,0.0,0.0,1.0,0.0
38,260,9.056060737191144,1.645939997884441,0.0,0.0,0.0,0.0,0.0,1.0
39,260,7.871648898611264,0.2319801611982389,0.0,1.0,0.0,1.0,1.0,1.0
0,265,10.566401701101668,4.309986203888049,1.0,0.0,1.0,0.0,0.0,1.0
1,265,5.367770930969367,0.0,1.0,1.0,0.0,1.0,0.0,0.0
2,265,6.833963387756943,6.145267576362049,0.0,0.0,0.0,0.0,1.0,1.0
3,265,1.6712359748975731,5.8495861069620085,1.0,1.0,1.0,1.0,0.0,0.0
4,265,7.6187599687904415,9.436436030408617,0.0,0.0,1.0,1.0,1.0,1.0
5,265,8.54923084438869,4.342857795919136,1.0,1.0,0.0,1.0,0.0,0.0
6,265,8.045066295383952,1.9309959924290063,0.0,0.0,0.0,0.0,0.0,0.0
7,265,2.870862016935397,0.0,0.0,0.0,1.0,0.0,1.0,0.0
8,265,1.8941568478382595,11.622809820464534,1.0,1.0,0.0,1.0,0.0,0.0
9,265,8.579400579441694,10.1158920879068,1.0,0.0,0.0,0.0,0.0,1.0
10,265,12.0,12.0,1.0,1.0,0.0,1.0,0.0,1.0
11,265,9.369468086674912,8.22623489042082,0.0,0.0,0.0,0.0,0.0,1.0
12,265,0.6108652965809038,11.906014379602668,1.0,1.0,0.0,0.0,1.0,1.0
13,265,12.0,12.0,1.0,0.0,0.0,1.0,0.0,0.0
14,265,1.8391996550849496,0.0280376278456949,0.0,1.0,0.0,0.0,0.0,0.0
15,265,0.0141663090170945,1.6860446019116844,1.0,1.0,1.0,1.0,0.0,0.0
16,265,0.0,11.339536063827705,0.0,1.0,1.0,0.0,0.0,0.0
17,265,1.6277081221300873,11.87958576590214,0.0,0.0,1.0,1.0,0.0,0.0
18,265,1.6553981964412137,4.928447286097531,0.0,1.0,1.0,1.0,1.0,1.0
19,265,9.417129616965475,6.725366232928815,1.0,0.0,0.0,1.0,0.0,0.0
20,265,6.209694227877691,9.991851923932511,0.0,0.0,0.0,0.0,0.0,0.0
21,265,9.974444846819578,8.137969926339753,0.0,0.0,1.0,0.0,0.0,1.0
22,265,0.0,9.111671319144024,1.0,1.0,0.0,0.0,1.0,0.0
23,265,0.0,5.094522386496678,0.0,0.0,1.0,1.0,0.0,1.0
24,265,9.318965236089886,0.4753979207952091,1.0,0.0,1.0,0.0,1.0,0.0
25,265,5.655804302774983,9.911972107646026,0.0,0.0,0.0,0.0,1.0,0.0
26,265,12.0,7.16136450689902,1.0,0.0,1.0,0.0,0.0,0.0
27,265,2.5238337429749924,12.0,1.0,0.0,1.0,0.0,0.0,1.0
28,265,9.41424770820144,9.33971265462325,0.0,0.0,0.0,0.0,1.0,1.0
29,265,1.3827558177481691,1.4121851775977186,1.0,0.0,0.0,0.0,0.0,0.0
30,265,4.020438534615076,3.261532692919094,0.0,1.0,1.0,0.0,0.0,0.0
31,265,2.5556497585239275,8.879572928564693,0.0,1.0,0.0,1.0,0.0,1.0
32,265,0.0,11.145157785956624,0.0,1.0,1.0,0.0,1.0,0.0
33,265,12.0,3.967156067812472,0.0,0.0,0.0,0.0,0.0,0.0
34,265,3.240320351217355,1.5796434864091882,0.0,1.0,1.0,0.0,0.0,0.0
35,265,0.6666903861058517,6.783857789324498,0.0,1.0,0.0,1.0,0.0,0.0
36,265,8.368515383713044,2.7009201950948367,0.0,1.0,0.0,1.0,0.0,1.0
37,265,8.530654646860139,0.0,0.0,0.0,0.0,0.0,1.0,0.0
38,265,9.115863128191362,1.7523630888436583,0.0,0.0,0.0,0.0,0.0,1.0
39,265,7.888288149332618,0.2920983398152058,0.0,1.0,0.0,1.0,1.0,1.0
0,270,10.646754693017892,4.346133746250042,1.0,0.0,1.0,0.0,0.0,1.0
1,270,5.419944924884794,0.0,1.0,1.0,0.0,1.0,0.0,0.0
2,270,6.985607362600895,6.175133419402376,0.0,0.0,0.0,0.0,1.0,1.0
3,270,1.749098264244081,5.952616802797029,1.0,1.0,1.0,1.0,0.0,0.0
4,270,7.6624555467304285,9.55793837482072,0.0,0.0,1.0,1.0,1.0,1.0
5,270,8.61580522507568,4.443375823880761,1.0,1.0,0.0,1.0,0.0,0.0
6,270,8.058565196575795,1.9139942538811685,0.0,0.0,0.0,0.0,0.0,0.0
7,270,2.922929559197521,0.0,0.0,0.0,1.0,0.0,1.0,0.0
8,270,1.8893022259894396,11.622021013069654,1.0,1.0,0.0,1.0,0.0,0.0
9,270,8.549753993438939,10.116148755903012,1.0,0.0,0.0,0.0,0.0,1.0
10,270,12.0,12.0,1.0,1.0,0.0,1.0,0.0,1.0
11,270,9.340167599620544,8.250660722136995,0.0,0.0,0.0,0.0,0.0,1.0
12,270,0.6205045486758527,11.908509423172754,1.0,1.0,0.0,0.0,1.0,1.0
13,270,12.0,12.0,1.0,0.0,0.0,1.0,0.0,0.0
14,270,1.8888686081291373,0.0092695884993596,0.0,1.0,0.0,0.0,0.0,0.0
15,270,0.0140630341264205,1.6777091248780789,1.0,1.0,1.0,1.0,0.0,0.0
16,270,0.0,11.384432643143995,0.0,1.0,1.0,0.0,0.0,0.0
17,270,1.6636473082555685,11.930658424281608,0.0,0.0,1.0,1.0,0.0,0.0
18,270,1.6680871588455477,4.955072516133673,0.0,1.0,1.0,1.0,1.0,1.0
19,270,9.341662191347972,6.581549262670063,1.0,0.0,0.0,1.0,0.0,0.0
20,270,6.200317627689687,10.155919480737726,0.0,0.0,0.0,0.0,0.0,0.0
21,270,9.979260961260977,8.054040084917714,0.0,0.0,1.0,0.0,0.0,1.0
22,270,0.0,9.057805554555417,1.0,1.0,0.0,0.0,1.0,0.0
23,270,0.0,5.176650049589034,0.0,0.0,1.0,1.0,0.0,1.0
24,270,9.249938816694158,0.4151813163348572,1.0,0.0,1.0,0.0,1.0,0.0
25,270,5.551914395123314,9.88984947348056,0.0,0.0,0.0,0.0,1.0,0.0
26,270,12.0,7.184440087885198,1.0,0.0,1.0,0.0,0.0,0.0
27,270,2.4819393425346425,12.0,1.0,0.0,1.0,0.0,0.0,1.0
28,270,9.399212282049698,9.287774902937471,0.0,0.0,0.0,0.0,1.0,1.0
29,270,1.3984995435689664,1.4213699439917902,1.0,0.0,0.0,0.0,0.0,0.0
30,270,3.997951469608605,3.2423467912199,0.0,1.0,1.0,0.0,0.0,0.0
31,270,2.552997337856747,8.867170761108156,0.0,1.0,0.0,1.0,0.0,1.0
32,270,0.0,11.194719429882678,0.0,1.0,1.0,0.0,1.0,0.0
33,270,12.0,4.07212845706195,0.0,0.0,0.0,0.0,0.0,0.0
34,270,3.3256933835155382,1.6741627951501852,0.0,1.0,1.0,0.0,0.0,0.0
35,270,0.6229674381587887,6.990849959586764,0.0,1.0,0.0,1.0,0.0,0.0
36,270,8.40179417730444,2.6856599200137445,0.0,1.0,0.0,1.0,0.0,1.0
37,270,8.530442198412388,0.0,0.0,0.0,0.0,0.0,1.0,0.0
38,270,9.183244749923816,1.8707804823352665,0.0,0.0,0.0,0.0,0.0,1.0
39,270,7.906280301413385,0.3554634753062504,0.0,1.0,0.0,1.0,1.0,1.0
0,275,10.72765857021892,4.3849181069385645,1.0,0.0,1.0,0.0,0.0,1.0
1,275,5.476434153014972,0.0,1.0,1.0,0.0,1.0,0.0,0.0
2,275,7.133960132670596,6.2053458287537655,0.0,0.0,0.0,0.0,1.0,1.0
3,275,1.818711686947488,6.046189434587316,1.0,1.0,1.0,1.0,0.0,0.0
4,275,7.704192011164105,9.678010989285683,0.0,0.0,1.0,1.0,1.0,1.0
5,275,8.689916009278692,4.557920532954176,1.0,1.0,0.0,1.0,0.0,0.0
6,275,8.091605343065579,1.8731838090883255,0.0,0.0,0.0,0.0,0.0,0.0
7,275,2.9608947899959355,0.0,0.0,0.0,1.0,0.0,1.0,0.0
8,275,1.89774517020194,11.62317354240605,1.0,1.0,0.0,1.0,0.0,0.0
9,275,8.517003857035267,10.11687243367303,1.0,0.0,0.0,0.0,0.0,1.0
10,275,12.0,12.0,1.0,1.0,0.0,1.0,0.0,1.0
11,275,9.31955907766639,8.267587571551568,0.0,0.0,0.0,0.0,0.0,1.0
12,275,0.6394575864770468,11.91306416573532,1.0,1.0,0.0,0.0,1.0,1.0
13,275,11.876031724867596,12.0,1.0,0.0,0.0,1.0,0.0,0.0
14,275,1.935915469473104,0.0,0.0,1.0,0.0,0.0,0.0,0.0
15,275,0.0140802522156966,1.6753692738703665,1.0,1.0,1.0,1.0,0.0,0.0
16,275,0.0,11.419259091721,0.0,1.0,1.0,0.0,0.0,0.0
17,275,1.6936672470619496,11.972801516267015,0.0,0.0,1.0,1.0,0.0,0.0
18,275,1.686036864570243,4.994236132200991,0.0,1.0,1.0,1.0,1.0,1.0
19,275,9.268081174147394,6.443928881092733,1.0,0.0,0.0,1.0,0.0,0.0
20,275,6.186890047127741,10.30036198080104,0.0,0.0,0.0,0.0,0.0,0.0
21,275,9.981342002805194,7.991939219602366,0.0,0.0,1.0,0.0,0.0,1.0
22,275,0.0,9.005405545849957,1.0,1.0,0.0,0.0,1.0,0.0
23,275,0.0,5.255667290623569,0.0,0.0,1.0,1.0,0.0,1.0
24,275,9.17601619381285,0.3515115194896995,1.0,0.0,1.0,0.0,1.0,0.0
25,275,5.443038389743477,9.865079260618536,0.0,0.0,0.0,0.0,1.0,0.0
26,275,12.0,7.216529285649805,1.0,0.0,1.0,0.0,0.0,0.0
27,275,2.4359186096536725,12.0,1.0,0.0,1.0,0.0,0.0,1.0
28,275,9.383410815570569,9.230186512735118,0.0,0.0,0.0,0.0,1.0,1.0
29,275,1.429588158908364,1.4390545374854289,1.0,0.0,0.0,0.0,0.0,0.0
30,275,3.97806360766327,3.224226222970822,0.0,1.0,1.0,0.0,0.0,0.0
31,275,2.547347755934975,8.839690638404386,0.0,1.0,0.0,1.0,0.0,1.0
32,275,0.0,11.248510421497611,0.0,1.0,1.0,0.0,1.0,0.0
33,275,12.0,4.165444222479072,0.0,0.0,0.0,0.0,0.0,0.0
34,275,3.424470232276516,1.7746667379301833,0.0,1.0,1.0,0.0,0.0,0.0
35,275,0.581397279518215,7.194587952006022,0.0,1.0,0.0,1.0,0.0,0.0
36,275,8.447051582227854,2.666125662280299,0.0,1.0,0.0,1.0,0.0,1.0
37,275,8.534643843175987,0.0,0.0,0.0,0.0,0.0,1.0,0.0
38,275,9.252418349828025,1.9920603960507457,0.0,0.0,0.0,0.0,0.0,1.0
39,275,7.926392013575104,0.4255091560920345,0.0,1.0,0.0,1.0,1.0,1.0
0,280,10.814444327772316,4.424307038670218,1.0,0.0,1.0,0.0,0.0,1.0
1,280,5.541515432410941,0.0,1.0,1.0,0.0,1.0,0.0,0.0
2,280,7.2986714241305695,6.236340074940691,0.0,0.0,0.0,0.0,1.0,1.0
3,280,1.897057869538831,6.146125888777502,1.0,1.0,1.0,1.0,0.0,0.0
4,280,7.748477951415412,9.797850039089736,0.0,0.0,1.0,1.0,1.0,1.0
5,280,8.774204329239222,4.6902163296867565,1.0,1.0,0.0,1.0,0.0,0.0
6,280,8.121371925926695,1.835422245278308,0.0,0.0,0.0,0.0,0.0,0.0
7,280,2.9891586828715564,0.0,0.0,0.0,1.0,0.0,1.0,0.0
8,280,1.91642491754894,11.625556902068013,1.0,1.0,0.0,1.0,0.0,0.0
9,280,8.494658670225046,10.11693935382061,1.0,0.0,0.0,0.0,0.0,1.0
10,280,12.0,12.0,1.0,1.0,0.0,1.0,0.0,1.0
11,280,9.30953433840522,8.27596069924001,0.0,0.0,0.0,0.0,0.0,1.0
12,280,0.6597802376659629,11.917556455993212,1.0,1.0,0.0,0.0,1.0,1.0
13,280,11.735417454429436,12.0,1.0,0.0,0.0,1.0,0.0,0.0
14,280,1.9967692129529715,0.0,0.0,1.0,0.0,0.0,0.0,0.0
15,280,0.0140569097670929,1.6784808243861176,1.0,1.0,1.0,1.0,0.0,0.0
16,280,0.0,11.449428862718944,0.0,1.0,1.0,0.0,0.0,0.0
17,280,1.717695045098946,12.0,0.0,0.0,1.0,1.0,0.0,0.0
18,280,1.7097701970640748,5.045938668756981,0.0,1.0,1.0,1.0,1.0,1.0
19,280,9.194500318141346,6.306471712786743,1.0,0.0,0.0,1.0,0.0,0.0
20,280,6.178717953071101,10.419283284955682,0.0,0.0,0.0,0.0,0.0,0.0
21,280,9.98359839121317,7.923845960142661,0.0,0.0,1.0,0.0,0.0,1.0
22,280,0.0,8.956559074869288,1.0,1.0,0.0,0.0,1.0,0.0
23,280,0.0,5.338633784322074,0.0,0.0,1.0,1.0,0.0,1.0
24,280,9.100580788131415,0.2843734738882703,1.0,0.0,1.0,0.0,1.0,0.0
25,280,5.342750702506584,9.843203217197974,0.0,0.0,0.0,0.0,1.0,0.0
26,280,12.0,7.250322596426722,1.0,0.0,1.0,0.0,0.0,0.0
27,280,2.3859054237798563,12.0,1.0,0.0,1.0,0.0,0.0,1.0
28,280,9.367653263642838,9.174186463571456,0.0,0.0,0.0,0.0,1.0,1.0
29,280,1.4852135714200954,1.4709890404206356,1.0,0.0,0.0,0.0,0.0,0.0
30,280,3.967969390753157,3.215281568139776,0.0,1.0,1.0,0.0,0.0,0.0
31,280,2.533841669446471,8.777393757748657,0.0,1.0,0.0,1.0,0.0,1.0
32,280,0.0,11.304616192032514,0.0,1.0,1.0,0.0,1.0,0.0
33,280,12.0,4.26717620145892,0.0,0.0,0.0,0.0,0.0,0.0
34,280,3.5134962554325315,1.868853077893176,0.0,1.0,1.0,0.0,0.0,0.0
35,280,0.5428433755991119,7.394219884497091,0.0,1.0,0.0,1.0,0.0,0.0
36,280,8.465548296985954,2.658285341251572,0.0,1.0,0.0,1.0,0.0,1.0
37,280,8.540284967741217,0.0,0.0,0.0,0.0,0.0,1.0,0.0
38,280,9.316335493439858,2.11067721380961,0.0,0.0,0.0,0.0,0.0,1.0
39,280,7.95101942043432,0.5022688488455359,0.0,1.0,0.0,1.0,1.0,1.0
0,285,10.904936744126005,4.4675943785013015,1.0,0.0,1.0,0.0,0.0,1.0
1,285,5.612477405718979,0.0,1.0,1.0,0.0,1.0,0.0,0.0
2,285,7.445318758476763,6.266029348051983,0.0,0.0,0.0,0.0,1.0,1.0
3,285,1.9883263443357155,6.259946940407226,1.0,1.0,1.0,1.0,0.0,0.0
4,285,7.793970401060003,9.918439779610967,0.0,0.0,1.0,1.0,1.0,1.0
5,285,8.863921207809897,4.826627358091835,1.0,1.0,0.0,1.0,0.0,0.0
6,285,8.142197773397404,1.8095009003488485,0.0,0.0,0.0,0.0,0.0,0.0
7,285,3.018063509713618,0.0,0.0,0.0,1.0,0.0,1.0,0.0
8,285,1.9434834743309533,11.629159265981231,1.0,1.0,0.0,1.0,0.0,0.0
9,285,8.484574640047109,10.11704528965658,1.0,0.0,0.0,0.0,0.0,1.0
10,285,12.0,12.0,1.0,1.0,0.0,1.0,0.0,1.0
11,285,9.30127237996394,8.282705655914476,0.0,0.0,0.0,0.0,0.0,1.0
12,285,0.6690911248108993,11.919631140885246,1.0,1.0,0.0,0.0,1.0,1.0
13,285,11.613935030027514,12.0,1.0,0.0,0.0,1.0,0.0,0.0
14,285,2.0807207016695486,0.0,0.0,1.0,0.0,0.0,0.0,0.0
15,285,0.0135988753386654,1.700022336158677,1.0,1.0,1.0,1.0,0.0,0.0
16,285,0.0,11.478729153059266,0.0,1.0,1.0,0.0,0.0,0.0
17,285,1.7644392477149982,12.0,0.0,0.0,1.0,1.0,0.0,0.0
18,285,1.7431750146527636,5.116408818946508,0.0,1.0,1.0,1.0,1.0,1.0
19,285,9.118201294289989,6.168718655749702,1.0,0.0,0.0,1.0,0.0,0.0
20,285,6.1682415325421305,10.551887026003095,0.0,0.0,0.0,0.0,0.0,0.0
21,285,9.98857185024304,7.845437220745848,0.0,0.0,1.0,0.0,0.0,1.0
22,285,0.0,8.90750455711599,1.0,1.0,0.0,0.0,1.0,0.0
23,285,0.0,5.412815537912652,0.0,0.0,1.0,1.0,0.0,1.0
24,285,9.03221320826243,0.2279591383278714,1.0,0.0,1.0,0.0,1.0,0.0
25,285,5.230995816069468,9.819401595468966,0.0,0.0,0.0,0.0,1.0,0.0
26,285,12.0,7.292004114842378,1.0,0.0,1.0,0.0,0.0,0.0
27,285,2.3364923791511902,12.0,1.0,0.0,1.0,0.0,0.0,1.0
28,285,9.352828460981618,9.121305408510947,0.0,0.0,0.0,0.0,1.0,1.0
29,285,1.5189686218196414,1.4908635398819805,1.0,0.0,0.0,0.0,0.0,0.0
30,285,3.947202061392761,3.1969123687952883,0.0,1.0,1.0,0.0,0.0,0.0
31,285,2.5214750630650173,8.725859113946326,0.0,1.0,0.0,1.0,0.0,1.0
32,285,0.0,11.358456646593654,0.0,1.0,1.0,0.0,1.0,0.0
33,285,12.0,4.381148382896645,0.0,0.0,0.0,0.0,0.0,0.0
34,285,3.613818961473784,1.971749491962543,0.0,1.0,1.0,0.0,0.0,0.0
35,285,0.5069041149113358,7.579756965904686,0.0,1.0,0.0,1.0,0.0,0.0
36,285,8.507117388381722,2.640388304386033,0.0,1.0,0.0,1.0,0.0,1.0
37,285,8.543624139733106,0.0,0.0,0.0,0.0,0.0,1.0,0.0
38,285,9.379515460865266,2.229146092130732,0.0,0.0,0.0,0.0,0.0,1.0
39,285,7.975449912898089,0.579366718617024,0.0,1.0,0.0,1.0,1.0,1.0
0,290,11.008766555585028,4.517662032726667,1.0,0.0,1.0,0.0,0.0,1.0
1,290,5.67988059932742,0.0,1.0,1.0,0.0,1.0,0.0,0.0
2,290,7.577598099136011,6.293149902542531,0.0,0.0,0.0,0.0,1.0,1.0
3,290,2.071271519201837,6.362160585391597,1.0,1.0,1.0,1.0,0.0,0.0
4,290,7.849068274328296,10.04308496833406,0.0,0.0,1.0,1.0,1.0,1.0
5,290,8.951363546764648,4.959546757900054,1.0,1.0,0.0,1.0,0.0,0.0
6,290,8.166014942852257,1.7809283587388829,0.0,0.0,0.0,0.0,0.0,0.0
7,290,3.039822016724297,0.0,0.0,0.0,1.0,0.0,1.0,0.0
8,290,1.961588695470597,11.63188546100876,1.0,1.0,0.0,1.0,0.0,0.0
9,290,8.458662966518819,10.117127405045055,1.0,0.0,0.0,0.0,0.0,1.0
10,290,12.0,12.0,1.0,1.0,0.0,1.0,0.0,1.0
11,290,9.3020951869207,8.28203913929102,0.0,0.0,0.0,0.0,0.0,1.0
12,290,0.6545194742721219,11.91680922081624,1.0,1.0,0.0,0.0,1.0,1.0
13,290,11.512614083545392,12.0,1.0,0.0,0.0,1.0,0.0,0.0
14,290,2.170845162870436,0.0,0.0,1.0,0.0,0.0,0.0,0.0
15,290,0.0128721796367297,1.7176615560285131,1.0,1.0,1.0,1.0,0.0,0.0
16,290,0.0,11.503138590225497,0.0,1.0,1.0,0.0,0.0,0.0
17,290,1.8151662706873517,12.0,0.0,0.0,1.0,1.0,0.0,0.0
18,290,1.7783613384057142,5.19271901161124,0.0,1.0,1.0,1.0,1.0,1.0
19,290,9.047203720132355,6.036610537224286,1.0,0.0,0.0,1.0,0.0,0.0
20,290,6.157403542281314,10.681286710345477,0.0,0.0,0.0,0.0,0.0,0.0
21,290,9.991706185798307,7.75927869922425,0.0,0.0,1.0,0.0,0.0,1.0
22,290,0.0,8.859314208398754,1.0,1.0,0.0,0.0,1.0,0.0
23,290,0.0,5.499355173973098,0.0,0.0,1.0,1.0,0.0,1.0
24,290,8.987031542573206,0.1888914671038325,1.0,0.0,1.0,0.0,1.0,0.0
25,290,5.1242344486982265,9.798204941391228,0.0,0.0,0.0,0.0,1.0,0.0
26,290,12.0,7.335659762575601,1.0,0.0,1.0,0.0,0.0,0.0
27,290,2.2860410484769624,12.0,1.0,0.0,1.0,0.0,0.0,1.0
28,290,9.335543601541962,9.059992485362596,0.0,0.0,0.0,0.0,1.0,1.0
29,290,1.5550444125992269,1.5113437173190345,1.0,0.0,0.0,0.0,0.0,0.0
30,290,3.928855069643385,3.1807946264646545,0.0,1.0,1.0,0.0,0.0,0.0
31,290,2.504662577571845,8.656434624130625,0.0,1.0,0.0,1.0,0.0,1.0
32,290,0.0,11.418807508761564,0.0,1.0,1.0,0.0,1.0,0.0
33,290,12.0,4.50437302508753,0.0,0.0,0.0,0.0,0.0,0.0
34,290,3.7270023103664993,2.0835259102209216,0.0,1.0,1.0,0.0,0.0,0.0
35,290,0.4718176661459123,7.753045938109628,0.0,1.0,0.0,1.0,0.0,0.0
36,290,8.55977140097595,2.6180399575643163,0.0,1.0,0.0,1.0,0.0,1.0
37,290,8.54252144383778,0.0,0.0,0.0,0.0,0.0,1.0,0.0
38,290,9.433366053511216,2.331026652484557,0.0,0.0,0.0,0.0,0.0,1.0
39,290,8.002869870140282,0.6574092856410219,0.0,1.0,0.0,1.0,1.0,1.0
0,295,11.089484608473796,4.552507936556538,1.0,0.0,1.0,0.0,0.0,1.0
1,295,5.75208809924916,0.0,1.0,1.0,0.0,1.0,0.0,0.0
2,295,7.725940255926958,6.324743494464413,0.0,0.0,0.0,0.0,1.0,1.0
3,295,2.1629678265390484,6.466931295262184,1.0,1.0,1.0,1.0,0.0,0.0
4,295,7.901776829734463,10.16586058496375,0.0,0.0,1.0,1.0,1.0,1.0
5,295,9.043589373924627,5.096115268276124,1.0,1.0,0.0,1.0,0.0,0.0
6,295,8.197935873508559,1.744344775172519,0.0,0.0,0.0,0.0,0.0,0.0
7,295,3.059798619252061,0.0,0.0,0.0,1.0,0.0,1.0,0.0
8,295,1.9846139699321927,11.634950802050156,1.0,1.0,0.0,1.0,0.0,0.0
9,295,8.411605314496962,10.116710057125143,1.0,0.0,0.0,0.0,0.0,1.0
10,295,12.0,12.0,1.0,1.0,0.0,1.0,0.0,1.0
11,295,9.279663042988116,8.299875530822545,0.0,0.0,0.0,0.0,0.0,1.0
12,295,0.6648199267283154,11.918757721074352,1.0,1.0,0.0,0.0,1.0,1.0
13,295,11.420145204393116,12.0,1.0,0.0,0.0,1.0,0.0,0.0
14,295,2.2716650048250377,0.0,0.0,1.0,0.0,0.0,0.0,0.0
15,295,0.0129135134177603,1.7169836004931769,1.0,1.0,1.0,1.0,0.0,0.0
16,295,0.0,11.52902794188022,0.0,1.0,1.0,0.0,0.0,0.0
17,295,1.873801098132144,12.0,0.0,0.0,1.0,1.0,0.0,0.0
18,295,1.811274452161419,5.271555487054947,0.0,1.0,1.0,1.0,1.0,1.0
19,295,8.976244565836277,5.902689319452672,1.0,0.0,0.0,1.0,0.0,0.0
20,295,6.145317253390187,10.804808175529418,0.0,0.0,0.0,0.0,0.0,0.0
21,295,9.99685818260663,7.670055401612461,0.0,0.0,1.0,0.0,0.0,1.0
22,295,0.0,8.812750213925247,1.0,1.0,0.0,0.0,1.0,0.0
23,295,0.0,5.580004301817051,0.0,0.0,1.0,1.0,0.0,1.0
24,295,8.922367207461031,0.1345060062125064,1.0,0.0,1.0,0.0,1.0,0.0
25,295,5.03356106257704,9.780867000941646,0.0,0.0,0.0,0.0,1.0,0.0
26,295,12.0,7.379291250955608,1.0,0.0,1.0,0.0,0.0,0.0
27,295,2.230839790156505,12.0,1.0,0.0,1.0,0.0,0.0,1.0
28,295,9.325222480053156,9.025667616746269,0.0,0.0,0.0,0.0,1.0,1.0
29,295,1.5887532674802876,1.530799881608032,1.0,0.0,0.0,0.0,0.0,0.0
30,295,3.892870629811811,3.148153679776201,0.0,1.0,1.0,0.0,0.0,0.0
31,295,2.486951297855568,8.578242090799769,0.0,1.0,0.0,1.0,0.0,1.0
32,295,0.0,11.479789847133317,0.0,1.0,1.0,0.0,1.0,0.0
33,295,12.0,4.635807776789869,0.0,0.0,0.0,0.0,0.0,0.0
34,295,3.8320556082166655,2.187875350697109,0.0,1.0,1.0,0.0,0.0,0.0
35,295,0.4365308400705556,7.9133550318338415,0.0,1.0,0.0,1.0,0.0,0.0
36,295,8.626862561820088,2.5910155138811364,0.0,1.0,0.0,1.0,0.0,1.0
37,295,8.548913038788594,0.0,0.0,0.0,0.0,0.0,1.0,0.0
38,295,9.471800986942233,2.40529278351995,0.0,0.0,0.0,0.0,0.0,1.0
39,295,8.035574257189928,0.752577326764906,0.0,1.0,0.0,1.0,1.0,1.0
