0,0,6.062550171169097,11.961148585924798,0.0,1.0,0.0,0.0,1.0,1.0
1,0,7.059754035628756,5.030223994514686,1.0,0.0,0.0,1.0,1.0,0.0
2,0,6.927597467323524,1.0085506903688586,0.0,0.0,1.0,0.0,0.0,1.0
3,0,0.9685000105125648,4.0199419664127625,1.0,0.0,0.0,0.0,0.0,0.0
4,0,10.014125608209609,4.0242916509315005,0.0,0.0,0.0,0.0,0.0,1.0
5,0,8.049214775804979,1.9636380180330015,1.0,0.0,1.0,0.0,0.0,0.0
6,0,6.023542073915449,1.0611798953055689,0.0,1.0,0.0,1.0,0.0,1.0
7,0,9.984004852437526,3.957696126595721,0.0,1.0,1.0,1.0,1.0,1.0
8,0,6.006093983364391,11.078674550500818,1.0,0.0,0.0,0.0,0.0,0.0
9,0,1.9525299482193172,1.038974885945465,0.0,0.0,1.0,1.0,0.0,0.0
10,0,8.049507394287502,7.992799665452551,1.0,0.0,1.0,1.0,0.0,0.0
11,0,9.965605665231674,2.0457234990676643,0.0,1.0,1.0,0.0,1.0,1.0
12,0,10.03160302187117,0.0316756643473995,0.0,0.0,0.0,1.0,0.0,1.0
13,0,8.026544915789364,7.979830548663529,0.0,1.0,0.0,1.0,1.0,0.0
14,0,1.9766589486676776,6.024056575994875,1.0,0.0,1.0,0.0,0.0,0.0
15,0,12.0,2.965560553406883,0.0,0.0,0.0,0.0,1.0,0.0
16,0,6.032282697621083,0.0104934922660005,0.0,1.0,0.0,0.0,0.0,0.0
17,0,6.046176495261566,11.994136354404985,1.0,0.0,0.0,0.0,0.0,0.0
18,0,4.047214687682531,0.0,0.0,1.0,1.0,1.0,0.0,0.0
19,0,8.05214422686482,9.047612168635156,1.0,0.0,1.0,1.0,0.0,0.0
20,0,2.037598608026093,11.00290665412777,0.0,1.0,0.0,1.0,0.0,1.0
21,0,0.03137901315108,11.060847361798045,1.0,0.0,0.0,0.0,0.0,0.0
22,0,0.0247246713383486,6.069450007350977,0.0,1.0,0.0,0.0,1.0,0.0
23,0,0.0,6.030797535586037,1.0,1.0,0.0,0.0,1.0,0.0
24,0,2.946096809582716,4.027326285501848,1.0,1.0,1.0,0.0,1.0,0.0
25,0,12.0,12.0,0.0,0.0,1.0,1.0,1.0,0.0
26,0,11.0543742361232,4.022549282115494,1.0,0.0,1.0,0.0,0.0,0.0
27,0,2.9543241058157856,3.0401128936950945,0.0,1.0,1.0,0.0,1.0,0.0
28,0,6.969531571967467,0.0151543523476355,0.0,1.0,0.0,1.0,1.0,0.0
29,0,3.944732828229963,7.984050156980582,1.0,0.0,0.0,0.0,0.0,0.0
30,0,6.022892887049309,11.9797863582131,0.0,0.0,0.0,0.0,0.0,1.0
31,0,1.0491722676923263,10.06353185295234,1.0,1.0,1.0,1.0,1.0,0.0
32,0,11.934917772815153,0.0,0.0,0.0,1.0,0.0,1.0,0.0
33,0,9.027872498116876,12.0,0.0,1.0,0.0,1.0,1.0,0.0
34,0,5.023455648682471,5.949721816232138,0.0,1.0,1.0,0.0,0.0,1.0
35,0,2.068607157992514,8.007780826632386,0.0,0.0,0.0,0.0,0.0,1.0
36,0,11.978740538446344,2.9657832831925965,0.0,0.0,0.0,1.0,0.0,1.0
37,0,10.074379559856313,1.0151569720815214,1.0,0.0,0.0,0.0,0.0,1.0
38,0,12.0,5.009014935538458,0.0,1.0,0.0,1.0,1.0,1.0
39,0,5.051639839924504,6.94780568144691,1.0,0.0,1.0,1.0,1.0,0.0
0,5,6.128754960417438,11.92116290538974,0.0,1.0,0.0,0.0,1.0,1.0
1,5,7.119373964373299,5.059592022923081,1.0,0.0,0.0,1.0,1.0,0.0
2,5,6.850440086049979,1.0191057710656577,0.0,0.0,1.0,0.0,0.0,1.0
3,5,0.9399696741368218,4.037635207728513,1.0,0.0,0.0,0.0,0.0,0.0
4,5,10.02249721519831,4.0390462616583935,0.0,0.0,0.0,0.0,0.0,1.0
5,5,8.102855177289547,1.92489836193675,1.0,0.0,1.0,0.0,0.0,0.0
6,5,6.0504552748146905,1.1293481600112871,0.0,1.0,0.0,1.0,0.0,1.0
7,5,9.959108172199825,3.8912393529011657,0.0,1.0,1.0,1.0,1.0,1.0
8,5,6.011951477570945,11.15476897396758,1.0,0.0,0.0,0.0,0.0,0.0
9,5,1.9009529390652569,1.0820612294067542,0.0,0.0,1.0,1.0,0.0,0.0
10,5,8.08243795371281,7.987123894238546,1.0,0.0,1.0,1.0,0.0,0.0
11,5,9.933627791273148,2.088400493727301,0.0,1.0,1.0,0.0,1.0,1.0
12,5,10.082067579900531,0.0817818743149098,0.0,0.0,0.0,1.0,0.0,1.0
13,5,8.055290048927981,7.957481249601576,0.0,1.0,0.0,1.0,1.0,0.0
14,5,1.9518651184502285,6.048080135102101,1.0,0.0,1.0,0.0,0.0,0.0
15,5,12.0,2.92057417096964,0.0,0.0,0.0,0.0,1.0,0.0
16,5,6.078624126933658,0.0254383891244063,0.0,1.0,0.0,0.0,0.0,0.0
17,5,6.101298159528104,11.988404153861024,1.0,0.0,0.0,0.0,0.0,0.0
18,5,4.071163663959683,0.0,0.0,1.0,1.0,1.0,0.0,0.0
19,5,8.090705503066522,9.083754471262274,1.0,0.0,1.0,1.0,0.0,0.0
20,5,2.080871123597056,11.004993186099345,0.0,1.0,0.0,1.0,0.0,1.0
21,5,0.0629703101096324,11.122859229726224,1.0,0.0,0.0,0.0,0.0,0.0
22,5,0.0553453197841833,6.152745451879815,0.0,1.0,0.0,0.0,1.0,0.0
23,5,0.0,6.08404686372393,1.0,1.0,0.0,0.0,1.0,0.0
24,5,2.920928310674751,3.977425369970995,1.0,1.0,1.0,0.0,1.0,0.0
25,5,12.0,12.0,0.0,0.0,1.0,1.0,1.0,0.0
26,5,11.13300827609203,4.054681004784065,1.0,0.0,1.0,0.0,0.0,0.0
27,5,2.8953720778302428,3.094815653803677,0.0,1.0,1.0,0.0,1.0,0.0
28,5,6.946466187560139,0.0262370990518394,0.0,1.0,0.0,1.0,1.0,0.0
29,5,3.9036305892666903,7.972755053200196,1.0,0.0,0.0,0.0,0.0,0.0
30,5,6.064657520196471,11.946263319485311,0.0,0.0,0.0,0.0,0.0,1.0
31,5,1.1094309868854302,10.140629289507398,1.0,1.0,1.0,1.0,1.0,0.0
32,5,11.85787812325497,0.0,0.0,0.0,1.0,0.0,1.0,0.0
33,5,9.04493444824042,12.0,0.0,1.0,0.0,1.0,1.0,0.0
34,5,5.037950296008092,5.91821906139709,0.0,1.0,1.0,0.0,0.0,1.0
35,5,2.1536593178520773,8.017329069127038,0.0,0.0,0.0,0.0,0.0,1.0
36,5,11.96705919671331,2.945091731970426,0.0,0.0,0.0,1.0,0.0,1.0
37,5,10.147701329169642,1.0311069781818911,1.0,0.0,0.0,0.0,0.0,1.0
38,5,12.0,5.016404004094878,0.0,1.0,0.0,1.0,1.0,1.0
39,5,5.103708930237534,6.894913455385844,1.0,0.0,1.0,1.0,1.0,0.0
0,10,6.170043653392002,11.988662380398711,0.0,1.0,0.0,0.0,1.0,1.0
1,10,7.161851497018203,5.080092463654564,1.0,0.0,0.0,1.0,1.0,0.0
2,10,6.768023485288406,1.0296099353657333,0.0,0.0,1.0,0.0,0.0,1.0
3,10,0.9185398397304912,4.050870477464254,1.0,0.0,0.0,0.0,0.0,0.0
4,10,10.028191793839186,4.050144459857708,0.0,0.0,0.0,0.0,0.0,1.0
5,10,8.144136162533451,1.8935407946360356,1.0,0.0,1.0,0.0,0.0,0.0
6,10,6.081586270354161,1.2117343556686475,0.0,1.0,0.0,1.0,0.0,1.0
7,10,9.928498667586412,3.81444508113514,0.0,1.0,1.0,1.0,1.0,1.0
8,10,6.017256076954421,11.2234739707842,1.0,0.0,0.0,0.0,0.0,0.0
9,10,1.8418033344156368,1.1318256369988071,0.0,0.0,1.0,1.0,0.0,0.0
10,10,8.129151691523548,7.978256204018219,1.0,0.0,1.0,1.0,0.0,0.0
11,10,9.911391136038626,2.117542484486993,0.0,1.0,1.0,0.0,1.0,1.0
12,10,10.142424984733635,0.1379584234041881,0.0,0.0,0.0,1.0,0.0,1.0
13,10,8.068195764649998,7.946682419271366,0.0,1.0,0.0,1.0,1.0,0.0
14,10,1.9362099490341351,6.063219443376281,1.0,0.0,1.0,0.0,0.0,0.0
15,10,12.0,2.8691038113005582,0.0,0.0,0.0,0.0,1.0,0.0
16,10,6.119146858721222,0.0387462606869787,0.0,1.0,0.0,0.0,0.0,0.0
17,10,6.184219838302716,11.98113664336934,1.0,0.0,0.0,0.0,0.0,0.0
18,10,4.089334202598897,0.0,0.0,1.0,1.0,1.0,0.0,0.0
19,10,8.137981478634789,9.127739843166523,1.0,0.0,1.0,1.0,0.0,0.0
20,10,2.1262907133088187,11.007035679381234,0.0,1.0,0.0,1.0,0.0,1.0
21,10,0.0838179841811677,11.161513448254048,1.0,0.0,0.0,0.0,0.0,0.0
22,10,0.0867235768899847,6.236233902727384,0.0,1.0,0.0,0.0,1.0,0.0
23,10,0.0,6.170626142000466,1.0,1.0,0.0,0.0,1.0,0.0
24,10,2.894238428839789,3.9237812596934742,1.0,1.0,1.0,0.0,1.0,0.0
25,10,12.0,12.0,0.0,0.0,1.0,1.0,1.0,0.0
26,10,11.204316681585617,4.081748236646195,1.0,0.0,1.0,0.0,0.0,0.0
27,10,2.855720172696503,3.1276916373980144,0.0,1.0,1.0,0.0,1.0,0.0
28,10,6.936168465728323,0.0315044635551972,0.0,1.0,0.0,1.0,1.0,0.0
29,10,3.846045117301311,7.956933503088374,1.0,0.0,0.0,0.0,0.0,0.0
30,10,6.127378334672894,11.896207728247564,0.0,0.0,0.0,0.0,0.0,1.0
31,10,1.1802175192588067,10.225878223480136,1.0,1.0,1.0,1.0,1.0,0.0
32,10,11.784897510015714,0.0,0.0,0.0,1.0,0.0,1.0,0.0
33,10,9.067572216904544,12.0,0.0,1.0,0.0,1.0,1.0,0.0
34,10,5.051191349441634,5.890262427475893,0.0,1.0,1.0,0.0,0.0,1.0
35,10,2.212664619573204,8.026678500040155,0.0,0.0,0.0,0.0,0.0,1.0
36,10,11.961570944245713,2.93406800919752,0.0,0.0,0.0,1.0,0.0,1.0
37,10,10.228561102955192,1.0459959181564025,1.0,0.0,0.0,0.0,0.0,1.0
38,10,12.0,5.022416652150382,0.0,1.0,0.0,1.0,1.0,1.0
39,10,5.169492076844686,6.8313100492121706,1.0,0.0,1.0,1.0,1.0,0.0
0,15,6.197185714826008,12.0,0.0,1.0,0.0,0.0,1.0,1.0
1,15,7.223590021874573,5.110825468042658,1.0,0.0,0.0,1.0,1.0,0.0
2,15,6.675804171782184,1.04031740915555,0.0,0.0,1.0,0.0,0.0,1.0
3,15,0.8920290283502812,4.066528414026397,1.0,0.0,0.0,0.0,0.0,0.0
4,15,10.03936135530347,4.072707738764686,0.0,0.0,0.0,0.0,0.0,1.0
5,15,8.197186772348891,1.8508979609744869,1.0,0.0,1.0,0.0,0.0,0.0
6,15,6.110541981879584,1.2898517786407606,0.0,1.0,0.0,1.0,0.0,1.0
7,15,9.89946856053247,3.73649982085184,0.0,1.0,1.0,1.0,1.0,1.0
8,15,6.027110202025,11.30860196083258,1.0,0.0,0.0,0.0,0.0,0.0
9,15,1.7842570562317597,1.1818310522512354,0.0,0.0,1.0,1.0,0.0,0.0
10,15,8.19230743531078,7.965804484873372,1.0,0.0,1.0,1.0,0.0,0.0
11,15,9.889241279299256,2.1463475200726174,0.0,1.0,1.0,0.0,1.0,1.0
12,15,10.227427982159805,0.2179818741462689,0.0,0.0,0.0,1.0,0.0,1.0
13,15,8.077527755161716,7.938879053147207,0.0,1.0,0.0,1.0,1.0,0.0
14,15,1.8944428708788812,6.1016975393642205,1.0,0.0,1.0,0.0,0.0,0.0
15,15,12.0,2.831007240738617,0.0,0.0,0.0,0.0,1.0,0.0
16,15,6.138809221216134,0.045236368160894,0.0,1.0,0.0,0.0,0.0,0.0
17,15,6.257334024225158,11.975303307142507,1.0,0.0,0.0,0.0,0.0,0.0
18,15,4.112064377982815,0.0,0.0,1.0,1.0,1.0,0.0,0.0
19,15,8.193867206595689,9.180004891290752,1.0,0.0,1.0,1.0,0.0,0.0
20,15,2.1400775982780025,11.007641332321402,0.0,1.0,0.0,1.0,0.0,1.0
21,15,0.0951675287409918,11.182293887862777,1.0,0.0,0.0,0.0,0.0,0.0
22,15,0.1130001822265816,6.309525011512108,0.0,1.0,0.0,0.0,1.0,0.0
23,15,0.0,6.267539444394027,1.0,1.0,0.0,0.0,1.0,0.0
24,15,2.877876168264216,3.890049293421864,1.0,1.0,1.0,0.0,1.0,0.0
25,15,12.0,12.0,0.0,0.0,1.0,1.0,1.0,0.0
26,15,11.284388808867536,4.114716803308876,1.0,0.0,1.0,0.0,0.0,0.0
27,15,2.8177156643291053,3.159256211143466,0.0,1.0,1.0,0.0,1.0,0.0
28,15,6.963993092730364,0.0170420682654913,0.0,1.0,0.0,1.0,1.0,0.0
29,15,3.775314809230632,7.936877515761416,1.0,0.0,0.0,0.0,0.0,0.0
30,15,6.176581750923813,11.855202651087309,0.0,0.0,0.0,0.0,0.0,1.0
31,15,1.2458572896422742,10.302043999753494,1.0,1.0,1.0,1.0,1.0,0.0
32,15,11.695789989110876,0.0,0.0,0.0,1.0,0.0,1.0,0.0
33,15,9.086143582159776,12.0,0.0,1.0,0.0,1.0,1.0,0.0
34,15,5.053758319328447,5.884823079109942,0.0,1.0,1.0,0.0,0.0,1.0
35,15,2.276807084894397,8.037484414070356,0.0,0.0,0.0,0.0,0.0,1.0
36,15,11.958678479782616,2.9283312906264505,0.0,0.0,0.0,1.0,0.0,1.0
37,15,10.306171338010843,1.0614748578382982,1.0,0.0,0.0,0.0,0.0,1.0
38,15,12.0,5.028860456276706,0.0,1.0,0.0,1.0,1.0,1.0
39,15,5.254097803311666,6.753975934420461,1.0,0.0,1.0,1.0,1.0,0.0
0,20,6.20913775817695,12.0,0.0,1.0,0.0,0.0,1.0,1.0
1,20,7.3001916958266975,5.149774113693435,1.0,0.0,0.0,1.0,1.0,0.0
2,20,6.566031437268323,1.0528973415234355,0.0,0.0,1.0,0.0,0.0,1.0
3,20,0.8746400044468002,4.076664279028733,1.0,0.0,0.0,0.0,0.0,0.0
4,20,10.039726828384245,4.073476993023989,0.0,0.0,0.0,0.0,0.0,1.0
5,20,8.240786720944083,1.8146086889222863,1.0,0.0,1.0,0.0,0.0,0.0
6,20,6.136584573167199,1.3567518971765569,0.0,1.0,0.0,1.0,0.0,1.0
7,20,9.86854493215244,3.65089434011203,0.0,1.0,1.0,1.0,1.0,1.0
8,20,6.036755965594104,11.40528424668696,1.0,0.0,0.0,0.0,0.0,0.0
9,20,1.7166591900356238,1.244887277354364,0.0,0.0,1.0,1.0,0.0,0.0
10,20,8.242109521506116,7.955352677465835,1.0,0.0,1.0,1.0,0.0,0.0
11,20,9.871402279152171,2.169881890287793,0.0,1.0,1.0,0.0,1.0,1.0
12,20,10.313522037626235,0.301488992200294,0.0,0.0,0.0,1.0,0.0,1.0
13,20,8.099331319986627,7.920989219737263,0.0,1.0,0.0,1.0,1.0,0.0
14,20,1.8527797358725957,6.139247717872299,1.0,0.0,1.0,0.0,0.0,0.0
15,20,12.0,2.808589591682368,0.0,0.0,0.0,0.0,1.0,0.0
16,20,6.1535689455275016,0.049993179046652,0.0,1.0,0.0,0.0,0.0,0.0
17,20,6.345184549110016,11.967833148994847,1.0,0.0,0.0,0.0,0.0,0.0
18,20,4.145767180738179,0.0,0.0,1.0,1.0,1.0,0.0,0.0
19,20,8.232357439780005,9.21558243359937,1.0,0.0,1.0,1.0,0.0,0.0
20,20,2.1553625590050927,11.0083750738737,0.0,1.0,0.0,1.0,0.0,1.0
21,20,0.0966705350682305,11.185111896626974,1.0,0.0,0.0,0.0,0.0,0.0
22,20,0.1377640854289259,6.376732654704878,0.0,1.0,0.0,0.0,1.0,0.0
23,20,0.0,6.370222980710581,1.0,1.0,0.0,0.0,1.0,0.0
24,20,2.865621876810291,3.86626324299799,1.0,1.0,1.0,0.0,1.0,0.0
25,20,12.0,12.0,0.0,0.0,1.0,1.0,1.0,0.0
26,20,11.376610693984484,4.149739650484703,1.0,0.0,1.0,0.0,0.0,0.0
27,20,2.7975793499341286,3.176020006723947,0.0,1.0,1.0,0.0,1.0,0.0
28,20,7.003666149224495,0.0,0.0,1.0,0.0,1.0,1.0,0.0
29,20,3.700401501228789,7.914124585684046,1.0,0.0,0.0,0.0,0.0,0.0
30,20,6.247764903436102,11.789353473184908,0.0,0.0,0.0,0.0,0.0,1.0
31,20,1.3090771376868198,10.375240023477778,1.0,1.0,1.0,1.0,1.0,0.0
32,20,11.61562524151354,0.0,0.0,0.0,1.0,0.0,1.0,0.0
33,20,9.093713215495905,12.0,0.0,1.0,0.0,1.0,1.0,0.0
34,20,5.0589014010312905,5.87493773842434,0.0,1.0,1.0,0.0,0.0,1.0
35,20,2.347005097462491,8.049416532557446,0.0,0.0,0.0,0.0,0.0,1.0
36,20,11.956437778384831,2.923991296390876,0.0,0.0,0.0,1.0,0.0,1.0
37,20,10.393506147087209,1.0797145116181766,1.0,0.0,0.0,0.0,0.0,1.0
38,20,11.99437244918837,5.059050237346478,0.0,1.0,0.0,1.0,1.0,1.0
39,20,5.351925204046624,6.662770600286043,1.0,0.0,1.0,1.0,1.0,0.0
0,25,6.21233964520531,12.0,0.0,1.0,0.0,0.0,1.0,1.0
1,25,7.386576266407393,5.190278316709571,1.0,0.0,0.0,1.0,1.0,0.0
2,25,6.449548400525964,1.062400742294705,0.0,0.0,1.0,0.0,0.0,1.0
3,25,0.8565018958374387,4.086797863004637,1.0,0.0,0.0,0.0,0.0,0.0
4,25,10.023305261534318,4.038661150167112,0.0,0.0,0.0,0.0,0.0,1.0
5,25,8.288661426360497,1.7763254161290698,1.0,0.0,1.0,0.0,0.0,0.0
6,25,6.16298537585322,1.428056555313649,0.0,1.0,0.0,1.0,0.0,1.0
7,25,9.96141538267038,3.6169555257998343,0.0,1.0,1.0,1.0,1.0,1.0
8,25,6.046300642260001,11.499913877191096,1.0,0.0,0.0,0.0,0.0,0.0
9,25,1.6457439660539006,1.310961417857264,0.0,0.0,1.0,1.0,0.0,0.0
10,25,8.300811055569854,7.944706328529272,1.0,0.0,1.0,1.0,0.0,0.0
11,25,9.87613664730554,2.1736007346787827,0.0,1.0,1.0,0.0,1.0,1.0
12,25,10.238156032669092,0.381150786761844,0.0,0.0,0.0,1.0,0.0,1.0
13,25,8.136169418602625,7.890188038384482,0.0,1.0,0.0,1.0,1.0,0.0
14,25,1.8112173244614715,6.17656973117509,1.0,0.0,1.0,0.0,0.0,0.0
15,25,12.0,2.7834048390242923,0.0,0.0,0.0,0.0,1.0,0.0
16,25,6.158526439989451,0.0515374202623762,0.0,1.0,0.0,0.0,0.0,0.0
17,25,6.433941330474085,11.96006345044054,1.0,0.0,0.0,0.0,0.0,0.0
18,25,4.193369161034959,0.0,0.0,1.0,1.0,1.0,0.0,0.0
19,25,8.185965599549498,9.264353645914207,1.0,0.0,1.0,1.0,0.0,0.0
20,25,2.1468493424193404,11.00797594097304,0.0,1.0,0.0,1.0,0.0,1.0
21,25,0.1019516225811741,11.194912161025623,1.0,0.0,0.0,0.0,0.0,0.0
22,25,0.1531709511796059,6.420765913008076,0.0,1.0,0.0,0.0,1.0,0.0
23,25,0.0,6.468635320427186,1.0,1.0,0.0,0.0,1.0,0.0
24,25,2.8466913186673266,3.82789142393548,1.0,1.0,1.0,0.0,1.0,0.0
25,25,12.0,12.0,0.0,0.0,1.0,1.0,1.0,0.0
26,25,11.34438815497757,4.236862176241989,1.0,0.0,1.0,0.0,0.0,0.0
27,25,2.7513986896829405,3.212142167387279,0.0,1.0,1.0,0.0,1.0,0.0
28,25,7.040741847407095,0.0,0.0,1.0,0.0,1.0,1.0,0.0
29,25,3.6232083257052263,7.888767042694381,1.0,0.0,0.0,0.0,0.0,0.0
30,25,6.319955656203539,11.72567736825431,0.0,0.0,0.0,0.0,0.0,1.0
31,25,1.3764229897885976,10.452166909779896,1.0,1.0,1.0,1.0,1.0,0.0
32,25,11.551607305493514,0.0,0.0,0.0,1.0,0.0,1.0,0.0
33,25,9.106529207660486,12.0,0.0,1.0,0.0,1.0,1.0,0.0
34,25,5.07026910509899,5.854101245806597,0.0,1.0,1.0,0.0,0.0,1.0
35,25,2.4089038639627405,8.060040610163323,0.0,0.0,0.0,0.0,0.0,1.0
36,25,11.954652370967208,2.920339033105872,0.0,0.0,0.0,1.0,0.0,1.0
37,25,10.45493832491044,1.0917392642203947,1.0,0.0,0.0,0.0,0.0,1.0
38,25,11.987228000674396,5.09199731542167,0.0,1.0,0.0,1.0,1.0,1.0
39,25,5.446201781045686,6.577698938962239,1.0,0.0,1.0,1.0,1.0,0.0
0,30,6.211231650650458,11.998442850538575,0.0,1.0,0.0,0.0,1.0,1.0
1,30,7.478057948278718,5.233351836008819,1.0,0.0,0.0,1.0,1.0,0.0
2,30,6.32035106944701,1.0750085472222224,0.0,0.0,1.0,0.0,0.0,1.0
3,30,0.8319568914699664,4.100989981350062,1.0,0.0,0.0,0.0,0.0,0.0
4,30,10.00593780252863,4.001027193533277,0.0,0.0,0.0,0.0,0.0,1.0
5,30,8.345148239436568,1.732979673459613,1.0,0.0,1.0,0.0,0.0,0.0
6,30,6.192631572945414,1.508587450153496,0.0,1.0,0.0,1.0,0.0,1.0
7,30,10.064983166944078,3.5770149654261743,0.0,1.0,1.0,1.0,1.0,1.0
8,30,6.056234539820294,11.59088580700195,1.0,0.0,0.0,0.0,0.0,0.0
9,30,1.5715732834704286,1.380607261853169,0.0,0.0,1.0,1.0,0.0,0.0
10,30,8.354741678453033,7.937646009206168,1.0,0.0,1.0,1.0,0.0,0.0
11,30,9.87381445989364,2.1716669254255754,0.0,1.0,1.0,0.0,1.0,1.0
12,30,10.156107428923338,0.4672655279968903,0.0,0.0,0.0,1.0,0.0,1.0
13,30,8.166102458399674,7.866066692960868,0.0,1.0,0.0,1.0,1.0,0.0
14,30,1.7851081951483203,6.201616217639902,1.0,0.0,1.0,0.0,0.0,0.0
15,30,12.0,2.765671256834355,0.0,0.0,0.0,0.0,1.0,0.0
16,30,6.181500845173102,0.0580921614666228,0.0,1.0,0.0,0.0,0.0,0.0
17,30,6.50450027672476,11.953046990005346,1.0,0.0,0.0,0.0,0.0,0.0
18,30,4.256507147078562,0.0,0.0,1.0,1.0,1.0,0.0,0.0
19,30,8.150047349660055,9.303426392517496,1.0,0.0,1.0,1.0,0.0,0.0
20,30,2.130621517536777,11.007019761910408,0.0,1.0,0.0,1.0,0.0,1.0
21,30,0.109243332588713,11.208380363811823,1.0,0.0,0.0,0.0,0.0,0.0
22,30,0.1718527693578335,6.478383631713421,0.0,1.0,0.0,0.0,1.0,0.0
23,30,0.0,6.569727412310336,1.0,1.0,0.0,0.0,1.0,0.0
24,30,2.8513341697505927,3.837138738605324,1.0,1.0,1.0,0.0,1.0,0.0
25,30,12.0,12.0,0.0,0.0,1.0,1.0,1.0,0.0
26,30,11.310796335237573,4.338100754416099,1.0,0.0,1.0,0.0,0.0,0.0
27,30,2.699414122583148,3.2537901735908847,0.0,1.0,1.0,0.0,1.0,0.0
28,30,7.073021665830194,0.0,0.0,1.0,0.0,1.0,1.0,0.0
29,30,3.527146237410568,7.855607356937174,1.0,0.0,0.0,0.0,0.0,0.0
30,30,6.375902057353746,11.6772160732677,0.0,0.0,0.0,0.0,0.0,1.0
31,30,1.4537393307735529,10.537651130934549,1.0,1.0,1.0,1.0,1.0,0.0
32,30,11.489727556004814,0.0,0.0,0.0,1.0,0.0,1.0,0.0
33,30,9.111802088159305,12.0,0.0,1.0,0.0,1.0,1.0,0.0
34,30,5.078427883760421,5.83913696352264,0.0,1.0,1.0,0.0,0.0,1.0
35,30,2.4858319191806544,8.0733064112733,0.0,0.0,0.0,0.0,0.0,1.0
36,30,11.949439982757085,2.909973323087587,0.0,0.0,0.0,1.0,0.0,1.0
37,30,10.538901505291204,1.1089736011232472,1.0,0.0,0.0,0.0,0.0,1.0
38,30,11.982356984715198,5.11578231873372,0.0,1.0,0.0,1.0,1.0,1.0
39,30,5.555727546863309,6.48119783422693,1.0,0.0,1.0,1.0,1.0,0.0
0,35,6.2046169312804365,11.98954452839006,0.0,1.0,0.0,0.0,1.0,1.0
1,35,7.599052025069062,5.289882687075143,1.0,0.0,0.0,1.0,1.0,0.0
2,35,6.193700330419925,1.0872520224957156,0.0,0.0,1.0,0.0,0.0,1.0
3,35,0.8105622772353376,4.113690426559839,1.0,0.0,0.0,0.0,0.0,0.0
4,35,9.986948536366736,3.9578606092385273,0.0,0.0,0.0,0.0,0.0,1.0
5,35,8.385481116060088,1.7022483133842188,1.0,0.0,1.0,0.0,0.0,0.0
6,35,6.228209810344296,1.616077817307057,0.0,1.0,0.0,1.0,0.0,1.0
7,35,10.162457104051777,3.5411652913122085,0.0,1.0,1.0,1.0,1.0,1.0
8,35,6.066991879001548,11.6818081550636,1.0,0.0,0.0,0.0,0.0,0.0
9,35,1.5009634755546326,1.448928681050918,0.0,0.0,1.0,1.0,0.0,0.0
10,35,8.396568307688886,7.930445201613149,1.0,0.0,1.0,1.0,0.0,0.0
11,35,9.857414486821432,2.157812335441374,0.0,1.0,1.0,0.0,1.0,1.0
12,35,10.069959755582572,0.5560366389336029,0.0,0.0,0.0,1.0,0.0,1.0
13,35,8.167967610666683,7.864467149795323,0.0,1.0,0.0,1.0,1.0,0.0
14,35,1.7586531887117618,6.225522817986735,1.0,0.0,1.0,0.0,0.0,0.0
15,35,12.0,2.7409818416168115,0.0,0.0,0.0,0.0,1.0,0.0
16,35,6.209191490006902,0.0655097073050451,0.0,1.0,0.0,0.0,0.0,0.0
17,35,6.564072457995006,11.948134952743452,1.0,0.0,0.0,0.0,0.0,0.0
18,35,4.304527548488914,0.0,0.0,1.0,1.0,1.0,0.0,0.0
19,35,8.115102988569879,9.340464221543964,1.0,0.0,1.0,1.0,0.0,0.0
20,35,2.0860157163505466,11.004088264909324,0.0,1.0,0.0,1.0,0.0,1.0
21,35,0.1211105737477711,11.230434018113254,1.0,0.0,0.0,0.0,0.0,0.0
22,35,0.194905655234558,6.547383310641592,0.0,1.0,0.0,0.0,1.0,0.0
23,35,0.0,6.656908119971616,1.0,1.0,0.0,0.0,1.0,0.0
24,35,2.866060203693454,3.864764799985281,1.0,1.0,1.0,0.0,1.0,0.0
25,35,12.0,12.0,0.0,0.0,1.0,1.0,1.0,0.0
26,35,11.278177379145538,4.430496433751523,1.0,0.0,1.0,0.0,0.0,0.0
27,35,2.666818729806924,3.2808532392776324,0.0,1.0,1.0,0.0,1.0,0.0
28,35,7.090376221931246,0.0,0.0,1.0,0.0,1.0,1.0,0.0
29,35,3.439197078565495,7.820059140554933,1.0,0.0,0.0,0.0,0.0,0.0
30,35,6.430168545428387,11.628841460594304,0.0,0.0,0.0,0.0,0.0,1.0
31,35,1.546687693542099,10.639622217364376,1.0,1.0,1.0,1.0,1.0,0.0
32,35,11.419352529460395,0.0,0.0,0.0,1.0,0.0,1.0,0.0
33,35,9.100314232433664,11.982961586442958,0.0,1.0,0.0,1.0,1.0,0.0
34,35,5.086445552701885,5.825080836307944,0.0,1.0,1.0,0.0,0.0,1.0
35,35,2.5552218947145926,8.086276344168153,0.0,0.0,0.0,0.0,0.0,1.0
36,35,11.932029272132397,2.8763742386651017,0.0,0.0,0.0,1.0,0.0,1.0
37,35,10.62200091223112,1.125566003987308,1.0,0.0,0.0,0.0,0.0,1.0
38,35,11.976150996502552,5.141779384514948,0.0,1.0,0.0,1.0,1.0,1.0
39,35,5.652898674715116,6.3929068191603,1.0,0.0,1.0,1.0,1.0,0.0
0,40,6.204157674804862,11.988881463428362,0.0,1.0,0.0,0.0,1.0,1.0
1,40,7.717890507600906,5.347776931361537,1.0,0.0,0.0,1.0,1.0,0.0
2,40,6.072268013119799,1.1028047290397385,0.0,0.0,1.0,0.0,0.0,1.0
3,40,0.7750514034847579,4.1353957919555375,1.0,0.0,0.0,0.0,0.0,0.0
4,40,9.965601793953065,3.903148650098672,0.0,0.0,0.0,0.0,0.0,1.0
5,40,8.42867790746649,1.669704878995836,1.0,0.0,1.0,0.0,0.0,0.0
6,40,6.270497881108841,1.7461808563217205,0.0,1.0,0.0,1.0,0.0,1.0
7,40,10.271269076440946,3.501076154286775,0.0,1.0,1.0,1.0,1.0,1.0
8,40,6.075499241116475,11.752757721971609,1.0,0.0,0.0,0.0,0.0,0.0
9,40,1.4278746824050763,1.5199153606449058,0.0,0.0,1.0,1.0,0.0,0.0
10,40,8.441558447183493,7.923255710723956,1.0,0.0,1.0,1.0,0.0,0.0
11,40,9.843283523303256,2.1458253688246987,0.0,1.0,1.0,0.0,1.0,1.0
12,40,9.967725691911388,0.6647341803689615,0.0,0.0,0.0,1.0,0.0,1.0
13,40,8.178394857909424,7.855545323705408,0.0,1.0,0.0,1.0,1.0,0.0
14,40,1.7473415186104893,6.235654280252948,1.0,0.0,1.0,0.0,0.0,0.0
15,40,12.0,2.7085569981313853,0.0,0.0,0.0,0.0,1.0,0.0
16,40,6.228552228620544,0.0704583530254232,0.0,1.0,0.0,0.0,0.0,0.0
17,40,6.567703557957564,11.999317220175758,1.0,0.0,0.0,0.0,0.0,0.0
18,40,4.356064353596382,0.0,0.0,1.0,1.0,1.0,0.0,0.0
19,40,8.092086996302347,9.365426790025204,1.0,0.0,1.0,1.0,0.0,0.0
20,40,2.025320342079352,11.00203828940466,0.0,1.0,0.0,1.0,0.0,1.0
21,40,0.1454364795491136,11.274469751074903,1.0,0.0,0.0,0.0,0.0,0.0
22,40,0.2170784567530322,6.612021326113505,0.0,1.0,0.0,0.0,1.0,0.0
23,40,0.0,6.745165511303424,1.0,1.0,0.0,0.0,1.0,0.0
24,40,2.88541228754466,3.899902706273048,1.0,1.0,1.0,0.0,1.0,0.0
25,40,12.0,12.0,0.0,0.0,1.0,1.0,1.0,0.0
26,40,11.247633926027014,4.517883842432712,1.0,0.0,1.0,0.0,0.0,0.0
27,40,2.6464761810218858,3.297262841068305,0.0,1.0,1.0,0.0,1.0,0.0
28,40,7.111452712713408,0.0,0.0,1.0,0.0,1.0,1.0,0.0
29,40,3.369042005401317,7.792669474671413,1.0,0.0,0.0,0.0,0.0,0.0
30,40,6.458205991672718,11.603481790900458,0.0,0.0,0.0,0.0,0.0,1.0
31,40,1.6446629929834644,10.752095377524114,1.0,1.0,1.0,1.0,1.0,0.0
32,40,11.33907265273654,0.0,0.0,0.0,1.0,0.0,1.0,0.0
33,40,9.091097411447434,11.968872449492402,0.0,1.0,0.0,1.0,1.0,0.0
34,40,5.0927444344529125,5.8135327482589405,0.0,1.0,1.0,0.0,0.0,1.0
35,40,2.6112818461433496,8.095400671295982,0.0,0.0,0.0,0.0,0.0,1.0
36,40,11.91309635938934,2.8414374247063265,0.0,0.0,0.0,1.0,0.0,1.0
37,40,10.704381495298794,1.1426048421034636,1.0,0.0,0.0,0.0,0.0,1.0
38,40,11.97180659676286,5.16137798607941,0.0,1.0,0.0,1.0,1.0,1.0
39,40,5.746479285641153,6.303636586512707,1.0,0.0,1.0,1.0,1.0,0.0
0,45,6.201142412481866,11.98448308121014,0.0,1.0,0.0,0.0,1.0,1.0
1,45,7.830867026896367,5.406215618661899,1.0,0.0,0.0,1.0,1.0,0.0
2,45,5.93502335695354,1.120345196031766,0.0,0.0,1.0,0.0,0.0,1.0
3,45,0.7345224901686886,4.160148024941858,1.0,0.0,0.0,0.0,0.0,0.0
4,45,9.947920124819568,3.8564267551528415,0.0,0.0,0.0,0.0,0.0,1.0
5,45,8.472338646433066,1.6372074892081037,1.0,0.0,1.0,0.0,0.0,0.0
6,45,6.31528573169767,1.8838567016976824,0.0,1.0,0.0,1.0,0.0,1.0
7,45,10.387473993321468,3.456141463757534,0.0,1.0,1.0,1.0,1.0,1.0
8,45,6.084242859101485,11.83954079443702,1.0,0.0,0.0,0.0,0.0,0.0
9,45,1.3619797038625412,1.5807135849129823,0.0,0.0,1.0,1.0,0.0,0.0
10,45,8.500224714533084,7.916157174430626,1.0,0.0,1.0,1.0,0.0,0.0
11,45,9.83135280538547,2.1355495251803798,0.0,1.0,1.0,0.0,1.0,1.0
12,45,10.09092719470466,0.7811334361174362,0.0,0.0,0.0,1.0,0.0,1.0
13,45,8.193015752553716,7.842667987366433,0.0,1.0,0.0,1.0,1.0,0.0
14,45,1.7288749011323183,6.252163518799197,1.0,0.0,1.0,0.0,0.0,0.0
15,45,12.0,2.693444166150606,0.0,0.0,0.0,0.0,1.0,0.0
16,45,6.249625079087801,0.0754845494576017,0.0,1.0,0.0,0.0,0.0,0.0
17,45,6.570126346862849,12.0,1.0,0.0,0.0,0.0,0.0,0.0
18,45,4.431458269586475,0.0,0.0,1.0,1.0,1.0,0.0,0.0
19,45,8.053594274367901,9.408363036664676,1.0,0.0,1.0,1.0,0.0,0.0
20,45,1.980767814102026,10.999461554149407,0.0,1.0,0.0,1.0,0.0,1.0
21,45,0.1713534044399213,11.319157348378186,1.0,0.0,0.0,0.0,0.0,0.0
22,45,0.2343783902883615,6.658775495563304,0.0,1.0,0.0,0.0,1.0,0.0
23,45,0.0,6.817722104808963,1.0,1.0,0.0,0.0,1.0,0.0
24,45,2.8960065865560103,3.9198207223887542,1.0,1.0,1.0,0.0,1.0,0.0
25,45,12.0,12.0,0.0,0.0,1.0,1.0,1.0,0.0
26,45,11.221353149842663,4.593683817180318,1.0,0.0,1.0,0.0,0.0,0.0
27,45,2.6284334550556108,3.3116217554977228,0.0,1.0,1.0,0.0,1.0,0.0
28,45,7.1364376633453,0.0,0.0,1.0,0.0,1.0,1.0,0.0
29,45,3.400195754626946,7.717531702324444,1.0,0.0,0.0,0.0,0.0,0.0
30,45,6.49203984210945,11.57333958638146,0.0,0.0,0.0,0.0,0.0,1.0
31,45,1.7451433615037868,10.869080544741069,1.0,1.0,1.0,1.0,1.0,0.0
32,45,11.275764457655209,0.0,0.0,0.0,1.0,0.0,1.0,0.0
33,45,9.081072503875683,11.952225121977463,0.0,1.0,0.0,1.0,1.0,0.0
34,45,5.104610835682122,5.790943921576536,0.0,1.0,1.0,0.0,0.0,1.0
35,45,2.6586410079132783,8.102934377336746,0.0,0.0,0.0,0.0,0.0,1.0
36,45,11.884790813409026,2.789884629133991,0.0,0.0,0.0,1.0,0.0,1.0
37,45,10.78968678669844,1.1585491798257197,1.0,0.0,0.0,0.0,0.0,1.0
38,45,11.965261091228204,5.192605771843563,0.0,1.0,0.0,1.0,1.0,1.0
39,45,5.851610982823703,6.200047967086153,1.0,0.0,1.0,1.0,1.0,0.0
0,50,6.200780485263268,11.983944796965629,0.0,1.0,0.0,0.0,1.0,1.0
1,50,7.932824389375097,5.456954197714146,1.0,0.0,0.0,1.0,1.0,0.0
2,50,5.789105833839233,1.1353021043105502,0.0,0.0,1.0,0.0,0.0,1.0
3,50,0.6935453344114956,4.183681672370966,1.0,0.0,0.0,0.0,0.0,0.0
4,50,9.93146109764247,3.8074298963718576,0.0,0.0,0.0,0.0,0.0,1.0
5,50,8.515364026874494,1.6049464460711684,1.0,0.0,1.0,0.0,0.0,0.0
6,50,6.365493897531736,2.0519061353869783,0.0,1.0,0.0,1.0,0.0,1.0
7,50,10.520534251103408,3.406696774841188,0.0,1.0,1.0,1.0,1.0,1.0
8,50,6.158764771876178,11.830090437613164,1.0,0.0,0.0,0.0,0.0,0.0
9,50,1.3013855083477963,1.635863549355995,0.0,0.0,1.0,1.0,0.0,0.0
10,50,8.546232890060837,7.911556700001381,1.0,0.0,1.0,1.0,0.0,0.0
11,50,9.8187140030311,2.123840256667498,0.0,1.0,1.0,0.0,1.0,1.0
12,50,10.211757970952624,0.899622542333385,0.0,0.0,0.0,1.0,0.0,1.0
13,50,8.220584250965265,7.817811184280768,0.0,1.0,0.0,1.0,1.0,0.0
14,50,1.7237074101085832,6.25678836847883,1.0,0.0,1.0,0.0,0.0,0.0
15,50,12.0,2.680153130448641,0.0,0.0,0.0,0.0,1.0,0.0
16,50,6.260186271916188,0.0779810536547713,0.0,1.0,0.0,0.0,0.0,0.0
17,50,6.573706500121922,12.0,1.0,0.0,0.0,0.0,0.0,0.0
18,50,4.525317846936891,0.0,0.0,1.0,1.0,1.0,0.0,0.0
19,50,8.016464636151102,9.44710075056917,1.0,0.0,1.0,1.0,0.0,0.0
20,50,1.9197210933525135,10.996138501644689,0.0,1.0,0.0,1.0,0.0,1.0
21,50,0.195847909906288,11.357369125433598,1.0,0.0,0.0,0.0,0.0,0.0
22,50,0.2531819667313382,6.709915912705703,0.0,1.0,0.0,0.0,1.0,0.0
23,50,0.0,6.884732120143304,1.0,1.0,0.0,0.0,1.0,0.0
24,50,2.9001058441796927,3.927375101455436,1.0,1.0,1.0,0.0,1.0,0.0
25,50,12.0,12.0,0.0,0.0,1.0,1.0,1.0,0.0
26,50,11.1971237585197,4.662153669750835,1.0,0.0,1.0,0.0,0.0,0.0
27,50,2.611572680669048,3.3251496754152576,0.0,1.0,1.0,0.0,1.0,0.0
28,50,7.1649667802631125,0.0,0.0,1.0,0.0,1.0,1.0,0.0
29,50,3.428174303468198,7.648289979651147,1.0,0.0,0.0,0.0,0.0,0.0
30,50,6.516380333587843,11.55116663453412,0.0,0.0,0.0,0.0,0.0,1.0
31,50,1.8603813159947444,10.99904472591736,1.0,1.0,1.0,1.0,1.0,0.0
32,50,11.206723690744038,0.0,0.0,0.0,1.0,0.0,1.0,0.0
33,50,9.05066740560322,11.90185150750201,0.0,1.0,0.0,1.0,1.0,0.0
34,50,5.1152791002626,5.771651875755516,0.0,1.0,1.0,0.0,0.0,1.0
35,50,2.682787639401417,8.106678221224723,0.0,0.0,0.0,0.0,0.0,1.0
36,50,11.863183484954003,2.751863526000936,0.0,0.0,0.0,1.0,0.0,1.0
37,50,10.885736653570438,1.1759421730724386,1.0,0.0,0.0,0.0,0.0,1.0
38,50,11.961434974170592,5.21150532155303,0.0,1.0,0.0,1.0,1.0,1.0
39,50,5.979222121026821,6.077234060144674,1.0,0.0,1.0,1.0,1.0,0.0
0,55,6.19335027763752,11.972412049573071,0.0,1.0,0.0,0.0,1.0,1.0
1,55,8.031684923196972,5.505047873097644,1.0,0.0,0.0,1.0,1.0,0.0
2,55,5.647198411845146,1.1520241729453125,0.0,0.0,1.0,0.0,0.0,1.0
3,55,0.6482136621831331,4.209316535279678,1.0,0.0,0.0,0.0,0.0,0.0
4,55,9.912277829819008,3.7486902777826,0.0,0.0,0.0,0.0,0.0,1.0
5,55,8.562943855414701,1.5703647785397874,1.0,0.0,1.0,0.0,0.0,0.0
6,55,6.413193025588155,2.2073544805782945,0.0,1.0,0.0,1.0,0.0,1.0
7,55,10.66568052453616,3.354831714918415,0.0,1.0,1.0,1.0,1.0,1.0
8,55,6.216938836503926,11.82092116554249,1.0,0.0,0.0,0.0,0.0,0.0
9,55,1.2511134179093866,1.6818948418121484,0.0,0.0,1.0,1.0,0.0,0.0
10,55,8.557027984871693,7.910650340100265,1.0,0.0,1.0,1.0,0.0,0.0
11,55,9.80211222415362,2.108215845947829,0.0,1.0,1.0,0.0,1.0,1.0
12,55,10.329248633456348,1.0144347320533678,0.0,0.0,0.0,1.0,0.0,1.0
13,55,8.262169688952836,7.780949985502968,0.0,1.0,0.0,1.0,1.0,0.0
14,55,1.72519017822479,6.255482033500822,1.0,0.0,1.0,0.0,0.0,0.0
15,55,11.995862940398826,2.683632038470667,0.0,0.0,0.0,0.0,1.0,0.0
16,55,6.263419041872406,0.0787091113126228,0.0,1.0,0.0,0.0,0.0,0.0
17,55,6.57756167859999,12.0,1.0,0.0,0.0,0.0,0.0,0.0
18,55,4.593273554371888,0.0,0.0,1.0,1.0,1.0,0.0,0.0
19,55,7.9829812904537025,9.484030601576034,1.0,0.0,1.0,1.0,0.0,0.0
20,55,1.8287750619742884,10.99379364554453,0.0,1.0,0.0,1.0,0.0,1.0
21,55,0.2257845749913154,11.403670507345312,1.0,0.0,0.0,0.0,0.0,0.0
22,55,0.2707985821834557,6.755706529965275,0.0,1.0,0.0,0.0,1.0,0.0
23,55,0.0,6.950786261244749,1.0,1.0,0.0,0.0,1.0,0.0
24,55,2.8937375961449354,3.9161505428778622,1.0,1.0,1.0,0.0,1.0,0.0
25,55,12.0,12.0,0.0,0.0,1.0,1.0,1.0,0.0
26,55,11.164582625661506,4.74731384924551,1.0,0.0,1.0,0.0,0.0,0.0
27,55,2.610906762652692,3.325674692581996,0.0,1.0,1.0,0.0,1.0,0.0
28,55,7.20688234054821,0.0,0.0,1.0,0.0,1.0,1.0,0.0
29,55,3.462108631998174,7.564259104798241,1.0,0.0,0.0,0.0,0.0,0.0
30,55,6.532211827084474,11.536885824999908,0.0,0.0,0.0,0.0,0.0,1.0
31,55,1.958455728890675,11.115206782985902,1.0,1.0,1.0,1.0,1.0,0.0
32,55,11.141183683868435,0.0,0.0,0.0,1.0,0.0,1.0,0.0
33,55,9.020625339326363,11.849758759966337,0.0,1.0,0.0,1.0,1.0,0.0
34,55,5.135142690008475,5.734803643119572,0.0,1.0,1.0,0.0,0.0,1.0
35,55,2.7336227612812336,8.114760823963799,0.0,0.0,0.0,0.0,0.0,1.0
36,55,11.836503493074783,2.7035004075619966,0.0,0.0,0.0,1.0,0.0,1.0
37,55,10.973664312579638,1.1923535841076678,1.0,0.0,0.0,0.0,0.0,1.0
38,55,11.95507976265607,5.241026845916167,0.0,1.0,0.0,1.0,1.0,1.0
39,55,6.115204088033291,5.943874665055223,1.0,0.0,1.0,1.0,1.0,0.0
0,60,6.182258465019344,11.954842162286006,0.0,1.0,0.0,0.0,1.0,1.0
1,60,8.130248310886966,5.553208479492861,1.0,0.0,0.0,1.0,1.0,0.0
2,60,5.506455624922837,1.1702034513915471,0.0,0.0,1.0,0.0,0.0,1.0
3,60,0.6162270213822654,4.2290297886784,1.0,0.0,0.0,0.0,0.0,0.0
4,60,9.894133443312368,3.695016531029247,0.0,0.0,0.0,0.0,0.0,1.0
5,60,8.62478094840738,1.5258989036088595,1.0,0.0,1.0,0.0,0.0,0.0
6,60,6.45378192976767,2.338568605146797,0.0,1.0,0.0,1.0,0.0,1.0
7,60,10.803179472152031,3.3079018022261155,0.0,1.0,1.0,1.0,1.0,1.0
8,60,6.208347235788143,11.769449456943647,1.0,0.0,0.0,0.0,0.0,0.0
9,60,1.2125686449149635,1.7194848954835686,0.0,0.0,1.0,1.0,0.0,0.0
10,60,8.58546706539383,7.908792224694985,1.0,0.0,1.0,1.0,0.0,0.0
11,60,9.78641910849042,2.0933076633495,0.0,1.0,1.0,0.0,1.0,1.0
12,60,10.45492556000174,1.133010869777836,0.0,0.0,0.0,1.0,0.0,1.0
13,60,8.319816531552126,7.729757369733745,0.0,1.0,0.0,1.0,1.0,0.0
14,60,1.7322839301283404,6.249068374800999,1.0,0.0,1.0,0.0,0.0,0.0
15,60,11.987295284726065,2.69124120161253,0.0,0.0,0.0,0.0,1.0,0.0
16,60,6.278615906110656,0.0820997902146235,0.0,1.0,0.0,0.0,0.0,0.0
17,60,6.58045920483344,12.0,1.0,0.0,0.0,0.0,0.0,0.0
18,60,4.649212650563878,0.0,0.0,1.0,1.0,1.0,0.0,0.0
19,60,7.938682788173621,9.532685992482255,1.0,0.0,1.0,1.0,0.0,0.0
20,60,1.7236660224835705,10.992538427864574,0.0,1.0,0.0,1.0,0.0,1.0
21,60,0.2674167689753158,11.464786989265528,1.0,0.0,0.0,0.0,0.0,0.0
22,60,0.2834056030702337,6.786355710293968,0.0,1.0,0.0,0.0,1.0,0.0
23,60,0.0,7.003168893308058,1.0,1.0,0.0,0.0,1.0,0.0
24,60,2.895849494282716,3.919900588698241,1.0,1.0,1.0,0.0,1.0,0.0
25,60,12.0,12.0,0.0,0.0,1.0,1.0,1.0,0.0
26,60,11.131698209537682,4.835005193241649,1.0,0.0,1.0,0.0,0.0,0.0
27,60,2.6107739914206074,3.325495744147262,0.0,1.0,1.0,0.0,1.0,0.0
28,60,7.251556697925951,0.0,0.0,1.0,0.0,1.0,1.0,0.0
29,60,3.489896362834261,7.482724474421121,1.0,0.0,0.0,0.0,0.0,0.0
30,60,6.571704130850397,11.502428080698811,0.0,0.0,0.0,0.0,0.0,1.0
31,60,2.040702233761549,11.214067190775625,1.0,1.0,1.0,1.0,1.0,0.0
32,60,11.09417369081038,0.0,0.0,0.0,1.0,0.0,1.0,0.0
33,60,8.981590322989321,11.779690086175306,0.0,1.0,0.0,1.0,1.0,0.0
34,60,5.159063975878834,5.690483158076335,0.0,1.0,1.0,0.0,0.0,1.0
35,60,2.7967130147231147,8.124318637423192,0.0,0.0,0.0,0.0,0.0,1.0
36,60,11.802246158002196,2.639585190232201,0.0,0.0,0.0,1.0,0.0,1.0
37,60,11.045715352994383,1.204722417761167,1.0,0.0,0.0,0.0,0.0,1.0
38,60,11.94759064966996,5.275506372986015,0.0,1.0,0.0,1.0,1.0,1.0
39,60,6.258291314682987,5.804521332288252,1.0,0.0,1.0,1.0,1.0,0.0
0,65,6.182090834990313,11.954580308428062,0.0,1.0,0.0,0.0,1.0,1.0
1,65,8.243465980822789,5.605725330953372,1.0,0.0,0.0,1.0,1.0,0.0
2,65,5.372360172694608,1.1881916318460966,0.0,0.0,1.0,0.0,0.0,1.0
3,65,0.5725838794110838,4.258702781743123,1.0,0.0,0.0,0.0,0.0,0.0
4,65,9.872561672537964,3.627990723072742,0.0,0.0,0.0,0.0,0.0,1.0
5,65,8.689983217165356,1.4789491382425468,1.0,0.0,1.0,0.0,0.0,0.0
6,65,6.490338151180818,2.4497848514089253,0.0,1.0,0.0,1.0,0.0,1.0
7,65,10.932905601894408,3.2647368221308217,0.0,1.0,1.0,1.0,1.0,1.0
8,65,6.19897321385001,11.71523579846912,1.0,0.0,0.0,0.0,0.0,0.0
9,65,1.1689709613340051,1.76188372799794,0.0,0.0,1.0,1.0,0.0,0.0
10,65,8.622178864064082,7.906433095229611,1.0,0.0,1.0,1.0,0.0,0.0
11,65,9.759213820842833,2.067743072516245,0.0,1.0,1.0,0.0,1.0,1.0
12,65,10.567903640540122,1.245205830573311,0.0,0.0,0.0,1.0,0.0,1.0
13,65,8.368231587658224,7.687035778642393,0.0,1.0,0.0,1.0,1.0,0.0
14,65,1.7388383636113496,6.2431117738668425,1.0,0.0,1.0,0.0,0.0,0.0
15,65,11.97028889060062,2.7068333707718617,0.0,0.0,0.0,0.0,1.0,0.0
16,65,6.308585070786627,0.0893997735804514,0.0,1.0,0.0,0.0,0.0,0.0
17,65,6.582110002696392,12.0,1.0,0.0,0.0,0.0,0.0,0.0
18,65,4.712484293971994,0.0,0.0,1.0,1.0,1.0,0.0,0.0
19,65,7.894238187390309,9.583298470827538,1.0,0.0,1.0,1.0,0.0,0.0
20,65,1.605479485485118,10.994973425618296,0.0,1.0,0.0,1.0,0.0,1.0
21,65,0.3089442811411427,11.526428110755656,1.0,0.0,0.0,0.0,0.0,0.0
22,65,0.2934411411599296,6.812111596387869,0.0,1.0,0.0,0.0,1.0,0.0
23,65,0.0,7.028494646857387,1.0,1.0,0.0,0.0,1.0,0.0
24,65,2.892197866825672,3.913815439960696,1.0,1.0,1.0,0.0,1.0,0.0
25,65,12.0,12.0,0.0,0.0,1.0,1.0,1.0,0.0
26,65,11.098454335527835,4.926475802313477,1.0,0.0,1.0,0.0,0.0,0.0
27,65,2.6109369866660104,3.325730524829053,0.0,1.0,1.0,0.0,1.0,0.0
28,65,7.310107606447472,0.0,0.0,1.0,0.0,1.0,1.0,0.0
29,65,3.505816381955564,7.435607483051418,1.0,0.0,0.0,0.0,0.0,0.0
30,65,6.611811729433785,11.467667313398293,0.0,0.0,0.0,0.0,0.0,1.0
31,65,2.127658437818833,11.318318173542693,1.0,1.0,1.0,1.0,1.0,0.0
32,65,11.051185655561753,0.0,0.0,0.0,1.0,0.0,1.0,0.0
33,65,8.944829383151575,11.710279023226413,0.0,1.0,0.0,1.0,1.0,0.0
34,65,5.186045951489821,5.639194535822546,0.0,1.0,1.0,0.0,0.0,1.0
35,65,2.8848632136835035,8.134798688289697,0.0,0.0,0.0,0.0,0.0,1.0
36,65,11.78079918587198,2.5975175410241285,0.0,0.0,0.0,1.0,0.0,1.0
37,65,11.10177024779517,1.2134722112967915,1.0,0.0,0.0,0.0,0.0,1.0
38,65,11.939565792700478,5.314205407726045,0.0,1.0,0.0,1.0,1.0,1.0
39,65,6.398258480043876,5.658399941124191,1.0,0.0,1.0,1.0,1.0,0.0
0,70,6.181078438583776,11.953048779778886,0.0,1.0,0.0,0.0,1.0,1.0
1,70,8.346114589975846,5.65551295537492,1.0,0.0,0.0,1.0,1.0,0.0
2,70,5.23035811955608,1.207289828214344,0.0,0.0,1.0,0.0,0.0,1.0
3,70,0.5100528610652143,4.302159288741275,1.0,0.0,0.0,0.0,0.0,0.0
4,70,9.84805581228668,3.555888720465908,0.0,0.0,0.0,0.0,0.0,1.0
5,70,8.751576219551385,1.43618505239291,1.0,0.0,1.0,0.0,0.0,0.0
6,70,6.529751848173367,2.5686264119674598,0.0,1.0,0.0,1.0,0.0,1.0
7,70,11.075803450893597,3.215833160743044,0.0,1.0,1.0,1.0,1.0,1.0
8,70,6.188046934576289,11.659193959516182,1.0,0.0,0.0,0.0,0.0,0.0
9,70,1.1378297947291554,1.7926660212082668,0.0,0.0,1.0,1.0,0.0,0.0
10,70,8.636697660296742,7.905472097690731,1.0,0.0,1.0,1.0,0.0,0.0
11,70,9.736541906377916,2.0455424375558926,0.0,1.0,1.0,0.0,1.0,1.0
12,70,10.663572250394225,1.3426736758120534,0.0,0.0,0.0,1.0,0.0,1.0
13,70,8.427265630698578,7.633142830460788,0.0,1.0,0.0,1.0,1.0,0.0
14,70,1.7306211420440307,6.250664420598921,1.0,0.0,1.0,0.0,0.0,0.0
15,70,11.957532191285363,2.7189104906718744,0.0,0.0,0.0,0.0,1.0,0.0
16,70,6.33488668149975,0.0964488131889535,0.0,1.0,0.0,0.0,0.0,0.0
17,70,6.584514916712466,12.0,1.0,0.0,0.0,0.0,0.0,0.0
18,70,4.7733637335754,0.0,0.0,1.0,1.0,1.0,0.0,0.0
19,70,7.848566054347672,9.637524637916826,1.0,0.0,1.0,1.0,0.0,0.0
20,70,1.49981435483472,10.999135458097877,0.0,1.0,0.0,1.0,0.0,1.0
21,70,0.3493789004062931,11.586824211964762,1.0,0.0,0.0,0.0,0.0,0.0
22,70,0.3054909942007255,6.8416204358664885,0.0,1.0,0.0,0.0,1.0,0.0
23,70,0.0,7.062422180199851,1.0,1.0,0.0,0.0,1.0,0.0
24,70,2.8940032468999037,3.912695626783105,1.0,1.0,1.0,0.0,1.0,0.0
25,70,12.0,12.0,0.0,0.0,1.0,1.0,1.0,0.0
26,70,11.06670607205365,5.021394888779701,1.0,0.0,1.0,0.0,0.0,0.0
27,70,2.6015585283294165,3.3118620309562044,0.0,1.0,1.0,0.0,1.0,0.0
28,70,7.379936388493069,0.0,0.0,1.0,0.0,1.0,1.0,0.0
29,70,3.521054522890406,7.386768544786771,1.0,0.0,0.0,0.0,0.0,0.0
30,70,6.678948008969829,11.41074336357132,0.0,0.0,0.0,0.0,0.0,1.0
31,70,2.223268483342819,11.429603867395883,1.0,1.0,1.0,1.0,1.0,0.0
32,70,10.99300709490485,0.0,0.0,0.0,1.0,0.0,1.0,0.0
33,70,8.908059802202592,11.63999879917154,0.0,1.0,0.0,1.0,1.0,0.0
34,70,5.219027119130628,5.576842981930384,0.0,1.0,1.0,0.0,0.0,1.0
35,70,2.9965113377438106,8.148670254674776,0.0,0.0,0.0,0.0,0.0,1.0
36,70,11.75124053884558,2.5381587972703765,0.0,0.0,0.0,1.0,0.0,1.0
37,70,11.158578216870312,1.2234444000669085,1.0,0.0,0.0,0.0,0.0,1.0
38,70,11.928211813552783,5.37631518024382,0.0,1.0,0.0,1.0,1.0,1.0
39,70,6.547937499187608,5.506423920933256,1.0,0.0,1.0,1.0,1.0,0.0
0,75,6.172383487814779,11.939914731935758,0.0,1.0,0.0,0.0,1.0,1.0
1,75,8.437950099708813,5.696137735835594,1.0,0.0,0.0,1.0,1.0,0.0
2,75,5.08824295773958,1.2295323129199829,0.0,0.0,1.0,0.0,0.0,1.0
3,75,0.4380026866163773,4.350250248915429,1.0,0.0,0.0,0.0,0.0,0.0
4,75,9.811792296493236,3.454162786413401,0.0,0.0,0.0,0.0,0.0,1.0
5,75,8.809182110415797,1.3980888736375106,1.0,0.0,1.0,0.0,0.0,0.0
6,75,6.570231700226113,2.690107501109162,0.0,1.0,0.0,1.0,0.0,1.0
7,75,11.21758841049274,3.170021828647457,0.0,1.0,1.0,1.0,1.0,1.0
8,75,6.178950513264088,11.614340006651847,1.0,0.0,0.0,0.0,0.0,0.0
9,75,1.1103292111521088,1.820994041430296,0.0,0.0,1.0,1.0,0.0,0.0
10,75,8.662808337981682,7.904361127741295,1.0,0.0,1.0,1.0,0.0,0.0
11,75,9.70595311092294,2.014854812894624,0.0,1.0,1.0,0.0,1.0,1.0
12,75,10.754861216421627,1.4372648133563222,0.0,0.0,0.0,1.0,0.0,1.0
13,75,8.473494107463004,7.684189889206978,0.0,1.0,0.0,1.0,1.0,0.0
14,75,1.7099778209388825,6.269053291853523,1.0,0.0,1.0,0.0,0.0,0.0
15,75,11.96424178757402,2.712452876142564,0.0,0.0,0.0,0.0,1.0,0.0
16,75,6.385242335643629,0.1099969122225415,0.0,1.0,0.0,0.0,0.0,0.0
17,75,6.58597526105626,12.0,1.0,0.0,0.0,0.0,0.0,0.0
18,75,4.831111541022874,0.0,0.0,1.0,1.0,1.0,0.0,0.0
19,75,7.77689455754734,9.719041163438218,1.0,0.0,1.0,1.0,0.0,0.0
20,75,1.4945408872294583,10.881232743674746,0.0,1.0,0.0,1.0,0.0,1.0
21,75,0.3849663444918655,11.639977017808077,1.0,0.0,0.0,0.0,0.0,0.0
22,75,0.3123934253124684,6.858858741245347,0.0,1.0,0.0,0.0,1.0,0.0
23,75,0.0,7.0881702840664005,1.0,1.0,0.0,0.0,1.0,0.0
24,75,2.8939897042729017,3.9127041970203886,1.0,1.0,1.0,0.0,1.0,0.0
25,75,11.904258039965711,12.0,0.0,0.0,1.0,1.0,1.0,0.0
26,75,11.03928973872966,5.110198934680686,1.0,0.0,1.0,0.0,0.0,0.0
27,75,2.586674437804545,3.2895672955100896,0.0,1.0,1.0,0.0,1.0,0.0
28,75,7.4499190315785135,0.0,0.0,1.0,0.0,1.0,1.0,0.0
29,75,3.535844357379085,7.342565731006141,1.0,0.0,0.0,0.0,0.0,0.0
30,75,6.742970503586308,11.359680202988317,0.0,0.0,0.0,0.0,0.0,1.0
31,75,2.3023559277571666,11.524954122629,1.0,1.0,1.0,1.0,1.0,0.0
32,75,10.918720541509083,0.0,0.0,0.0,1.0,0.0,1.0,0.0
33,75,8.875243644118466,11.578436287281107,0.0,1.0,0.0,1.0,1.0,0.0
34,75,5.247578443124965,5.523977868891161,0.0,1.0,1.0,0.0,0.0,1.0
35,75,3.0686027092236263,8.157071736578269,0.0,0.0,0.0,0.0,0.0,1.0
36,75,11.72573095340014,2.4896297258976534,0.0,0.0,0.0,1.0,0.0,1.0
37,75,11.215879595373114,1.2327483988207633,1.0,0.0,0.0,0.0,0.0,1.0
38,75,11.91409990642629,5.452163933296749,0.0,1.0,0.0,1.0,1.0,1.0
39,75,6.67294487442473,5.376940923217104,1.0,0.0,1.0,1.0,1.0,0.0
0,80,6.15503969787447,11.912723568270824,0.0,1.0,0.0,0.0,1.0,1.0
1,80,8.507896034799996,5.726183919456102,1.0,0.0,0.0,1.0,1.0,0.0
2,80,4.957467698677869,1.249366278962742,0.0,0.0,1.0,0.0,0.0,1.0
3,80,0.357349232871746,4.402705188213843,1.0,0.0,0.0,0.0,0.0,0.0
4,80,9.77869803673128,3.3668791154248376,0.0,0.0,0.0,0.0,0.0,1.0
5,80,8.87532788879649,1.3551610181539744,1.0,0.0,1.0,0.0,0.0,0.0
6,80,6.612180487123409,2.8265396317181306,0.0,1.0,0.0,1.0,0.0,1.0
7,80,11.38081621758132,3.1189842076328134,0.0,1.0,1.0,1.0,1.0,1.0
8,80,6.17148240358699,11.58209929397635,1.0,0.0,0.0,0.0,0.0,0.0
9,80,1.0974881437311037,1.8341685734997708,0.0,0.0,1.0,1.0,0.0,0.0
10,80,8.715257925654925,7.903081213321156,1.0,0.0,1.0,1.0,0.0,0.0
11,80,9.676168009885355,1.983494216280808,0.0,1.0,1.0,0.0,1.0,1.0
12,80,10.853802111352785,1.5337425594503102,0.0,0.0,0.0,1.0,0.0,1.0
13,80,8.50545645278621,7.720134274748582,0.0,1.0,0.0,1.0,1.0,0.0
14,80,1.703267345675405,6.275059576710595,1.0,0.0,1.0,0.0,0.0,0.0
15,80,11.982380321803724,2.6937155385117824,0.0,0.0,0.0,0.0,1.0,0.0
16,80,6.443121898604768,0.1266662908386924,0.0,1.0,0.0,0.0,0.0,0.0
17,80,6.587802448738692,12.0,1.0,0.0,0.0,0.0,0.0,0.0
18,80,4.890739276574132,0.0,0.0,1.0,1.0,1.0,0.0,0.0
19,80,7.697530156689974,9.80983365994609,1.0,0.0,1.0,1.0,0.0,0.0
20,80,1.4883659745787745,10.779451522096734,0.0,1.0,0.0,1.0,0.0,1.0
21,80,0.4228705080224449,11.698996184380238,1.0,0.0,0.0,0.0,0.0,0.0
22,80,0.3256990989015684,6.892054977851325,0.0,1.0,0.0,0.0,1.0,0.0
23,80,0.0,7.114152665259293,1.0,1.0,0.0,0.0,1.0,0.0
24,80,2.9154452050144872,3.898833431337081,1.0,1.0,1.0,0.0,1.0,0.0
25,80,11.819908004937702,12.0,0.0,0.0,1.0,1.0,1.0,0.0
26,80,11.012321816169814,5.196325852860167,1.0,0.0,1.0,0.0,0.0,0.0
27,80,2.573212631449714,3.2695934046901707,0.0,1.0,1.0,0.0,1.0,0.0
28,80,7.515079702572252,0.0,0.0,1.0,0.0,1.0,1.0,0.0
29,80,3.5535834415736094,7.292825987164233,1.0,0.0,0.0,0.0,0.0,0.0
30,80,6.814882265417784,11.303580855478232,0.0,0.0,0.0,0.0,0.0,1.0
31,80,2.380219335371068,11.622096724927696,1.0,1.0,1.0,1.0,1.0,0.0
32,80,10.83363180182162,0.0,0.0,0.0,1.0,0.0,1.0,0.0
33,80,8.82892576786406,11.490038899942448,0.0,1.0,0.0,1.0,1.0,0.0
34,80,5.278873110538601,5.465378382589838,0.0,1.0,1.0,0.0,0.0,1.0
35,80,3.1506291184098423,8.165713255221272,0.0,0.0,0.0,0.0,0.0,1.0
36,80,11.691039270683564,2.4234299820950387,0.0,0.0,0.0,1.0,0.0,1.0
37,80,11.303352178771078,1.2471553008101597,1.0,0.0,0.0,0.0,0.0,1.0
38,80,11.902970089640624,5.5050007736613855,0.0,1.0,0.0,1.0,1.0,1.0
39,80,6.789042689913157,5.257531846396997,1.0,0.0,1.0,1.0,1.0,0.0
0,85,6.146675461315074,11.898459548698616,0.0,1.0,0.0,0.0,1.0,1.0
1,85,8.593949475755968,5.762788036546112,1.0,0.0,0.0,1.0,1.0,0.0
2,85,4.827347588193248,1.2687607402188377,0.0,0.0,1.0,0.0,0.0,1.0
3,85,0.2723422034312266,4.457613586370653,1.0,0.0,0.0,0.0,0.0,0.0
4,85,9.741326793295451,3.27353060474635,0.0,0.0,0.0,0.0,0.0,1.0
5,85,8.958834402330002,1.2986562602284557,1.0,0.0,1.0,0.0,0.0,0.0
6,85,6.561764437653146,2.678370195094561,0.0,1.0,0.0,1.0,0.0,1.0
7,85,11.527881024773666,3.0714086674546874,0.0,1.0,1.0,1.0,1.0,1.0
8,85,6.160828733149199,11.532839545174324,1.0,0.0,0.0,0.0,0.0,0.0
9,85,1.0717444215813654,1.8609137896190089,0.0,0.0,1.0,1.0,0.0,0.0
10,85,8.777777729675723,7.901639397820659,1.0,0.0,1.0,1.0,0.0,0.0
11,85,9.638278996438636,1.9427086605951795,0.0,1.0,1.0,0.0,1.0,1.0
12,85,10.953219034749818,1.6286742003044203,0.0,0.0,0.0,1.0,0.0,1.0
13,85,8.555886234024099,7.7761313699068095,0.0,1.0,0.0,1.0,1.0,0.0
14,85,1.711403578405681,6.267631556959636,1.0,0.0,1.0,0.0,0.0,0.0
15,85,11.99268438678484,2.683269992366269,0.0,0.0,0.0,0.0,1.0,0.0
16,85,6.505826831479176,0.1455100428282557,0.0,1.0,0.0,0.0,0.0,0.0
17,85,6.590395710048306,12.0,1.0,0.0,0.0,0.0,0.0,0.0
18,85,4.938497995684062,0.0,0.0,1.0,1.0,1.0,0.0,0.0
19,85,7.627294096133472,9.893705563632366,1.0,0.0,1.0,1.0,0.0,0.0
20,85,1.4838306518357425,10.696808573570255,0.0,1.0,0.0,1.0,0.0,1.0
21,85,0.4556117590477074,11.751316322597672,1.0,0.0,0.0,0.0,0.0,0.0
22,85,0.3317484923779468,6.906748011615434,0.0,1.0,0.0,0.0,1.0,0.0
23,85,0.0,7.126798372996567,1.0,1.0,0.0,0.0,1.0,0.0
24,85,2.9380288948927227,3.8849335076946994,1.0,1.0,1.0,0.0,1.0,0.0
25,85,11.736597303118987,12.0,0.0,0.0,1.0,1.0,1.0,0.0
26,85,10.985487104151268,5.275177806153804,1.0,0.0,1.0,0.0,0.0,0.0
27,85,2.563856089150849,3.255549511019365,0.0,1.0,1.0,0.0,1.0,0.0
28,85,7.575640383010291,0.0,0.0,1.0,0.0,1.0,1.0,0.0
29,85,3.5686026719973447,7.248097711576195,1.0,0.0,0.0,0.0,0.0,0.0
30,85,6.890124125981485,11.245053395579788,0.0,0.0,0.0,0.0,0.0,1.0
31,85,2.4443559100557013,11.701603330071498,1.0,1.0,1.0,1.0,1.0,0.0
32,85,10.747735513431444,0.0,0.0,0.0,1.0,0.0,1.0,0.0
33,85,8.784539217519898,11.403712387443647,0.0,1.0,0.0,1.0,1.0,0.0
34,85,5.3073872982469,5.410424438664269,0.0,1.0,1.0,0.0,0.0,1.0
35,85,3.236297357017773,8.173296038168756,0.0,0.0,0.0,0.0,0.0,1.0
36,85,11.659919389685776,2.36431795019232,0.0,0.0,0.0,1.0,0.0,1.0
37,85,11.373339826188564,1.2567135823949982,1.0,0.0,0.0,0.0,0.0,1.0
38,85,11.889880491934385,5.559398547070408,0.0,1.0,0.0,1.0,1.0,1.0
39,85,6.901137688381701,5.1549203560609245,1.0,0.0,1.0,1.0,1.0,0.0
0,90,6.134794270599722,11.878024996047094,0.0,1.0,0.0,0.0,1.0,1.0
1,90,8.68385335698975,5.800072861534207,1.0,0.0,0.0,1.0,1.0,0.0
2,90,4.703501911177728,1.2872232786589206,0.0,0.0,1.0,0.0,0.0,1.0
3,90,0.1942529477998419,4.5055513936905225,1.0,0.0,0.0,0.0,0.0,0.0
4,90,9.709685058094848,3.1965229018665084,0.0,0.0,0.0,0.0,0.0,1.0
5,90,9.047563588465678,1.239956494052715,1.0,0.0,1.0,0.0,0.0,0.0
6,90,6.511601850054639,2.533135962366418,0.0,1.0,0.0,1.0,0.0,1.0
7,90,11.657894706506651,3.02420448782395,0.0,1.0,1.0,1.0,1.0,1.0
8,90,6.147896387663607,11.46945820038292,1.0,0.0,0.0,0.0,0.0,0.0
9,90,1.0322894160422371,1.9023143531959683,0.0,0.0,1.0,1.0,0.0,0.0
10,90,8.863226631966745,7.899388288641639,1.0,0.0,1.0,1.0,0.0,0.0
11,90,9.604780347624626,1.9061608732014408,0.0,1.0,1.0,0.0,1.0,1.0
12,90,11.053485555091845,1.7246441012721272,0.0,0.0,0.0,1.0,0.0,1.0
13,90,8.604112451545198,7.831536214470628,0.0,1.0,0.0,1.0,1.0,0.0
14,90,1.7293955309276183,6.250826554805342,1.0,0.0,1.0,0.0,0.0,0.0
15,90,11.994232374211313,2.681734706750354,0.0,0.0,0.0,0.0,1.0,0.0
16,90,6.565382120429981,0.1627339053613489,0.0,1.0,0.0,0.0,0.0,0.0
17,90,6.593859221005789,12.0,1.0,0.0,0.0,0.0,0.0,0.0
18,90,4.991167594029702,0.0,0.0,1.0,1.0,1.0,0.0,0.0
19,90,7.558296820517297,9.97899946112944,1.0,0.0,1.0,1.0,0.0,0.0
20,90,1.480499328119813,10.597642769781332,0.0,1.0,0.0,1.0,0.0,1.0
21,90,0.4955307758139658,11.815017747650018,1.0,0.0,0.0,0.0,0.0,0.0
22,90,0.3390425369675234,6.924360850452266,0.0,1.0,0.0,0.0,1.0,0.0
23,90,0.0,7.144897325206908,1.0,1.0,0.0,0.0,1.0,0.0
24,90,2.9528378269273827,3.8750756729378586,1.0,1.0,1.0,0.0,1.0,0.0
25,90,11.621695214330945,12.0,0.0,0.0,1.0,1.0,1.0,0.0
26,90,10.957165803635904,5.3603491659205735,1.0,0.0,1.0,0.0,0.0,0.0
27,90,2.5594198901741185,3.2484955159740725,0.0,1.0,1.0,0.0,1.0,0.0
28,90,7.658582260909421,0.0,0.0,1.0,0.0,1.0,1.0,0.0
29,90,3.58714551231356,7.195212538026633,1.0,0.0,0.0,0.0,0.0,0.0
30,90,6.956071583214449,11.196998300925497,0.0,0.0,0.0,0.0,0.0,1.0
31,90,2.5232807210796286,11.79615668304395,1.0,1.0,1.0,1.0,1.0,0.0
32,90,10.65902542210132,0.0,0.0,0.0,1.0,0.0,1.0,0.0
33,90,8.7372501728355,11.312987004084968,0.0,1.0,0.0,1.0,1.0,0.0
34,90,5.337060116406724,5.351324359213292,0.0,1.0,1.0,0.0,0.0,1.0
35,90,3.327363742263653,8.18468888270585,0.0,0.0,0.0,0.0,0.0,1.0
36,90,11.634042764162189,2.3139385377887685,0.0,0.0,0.0,1.0,0.0,1.0
37,90,11.446683856998222,1.2659402316007804,1.0,0.0,0.0,0.0,0.0,1.0
38,90,11.878484088644306,5.606551246262384,0.0,1.0,0.0,1.0,1.0,1.0
39,90,7.0327965350692345,5.031389315340991,1.0,0.0,1.0,1.0,1.0,0.0
0,95,6.110594436116071,11.83676152755266,0.0,1.0,0.0,0.0,1.0,1.0
1,95,8.753501268267629,5.831285825667297,1.0,0.0,0.0,1.0,1.0,0.0
2,95,4.570853626821594,1.3063172178125126,0.0,0.0,1.0,0.0,0.0,1.0
3,95,0.12182741281447,4.546976164119614,1.0,0.0,0.0,0.0,0.0,0.0
4,95,9.673284319358231,3.112241260052313,0.0,0.0,0.0,0.0,0.0,1.0
5,95,9.126844416569137,1.1898355838368675,1.0,0.0,1.0,0.0,0.0,0.0
6,95,6.458986011854562,2.389893051931097,0.0,1.0,0.0,1.0,0.0,1.0
7,95,11.782031029473623,2.9794260976053746,0.0,1.0,1.0,1.0,1.0,1.0
8,95,6.135322864305241,11.41547160014628,1.0,0.0,0.0,0.0,0.0,0.0
9,95,0.9894803980967164,1.9440542744287068,0.0,0.0,1.0,1.0,0.0,0.0
10,95,8.942456966730472,7.892885237737542,1.0,0.0,1.0,1.0,0.0,0.0
11,95,9.56536924054957,1.8649409936319536,0.0,1.0,1.0,0.0,1.0,1.0
12,95,11.158396035616068,1.8279402912572844,0.0,0.0,0.0,1.0,0.0,1.0
13,95,8.670231893776531,7.905198309312552,0.0,1.0,0.0,1.0,1.0,0.0
14,95,1.7647006909781506,6.217278534169297,1.0,0.0,1.0,0.0,0.0,0.0
15,95,11.988359270706544,2.6878368108674078,0.0,0.0,0.0,0.0,1.0,0.0
16,95,6.636905667107168,0.1833439679776462,0.0,1.0,0.0,0.0,0.0,0.0
17,95,6.595969221382509,12.0,1.0,0.0,0.0,0.0,0.0,0.0
18,95,5.043466475681048,0.0,0.0,1.0,1.0,1.0,0.0,0.0
19,95,7.473376482842935,10.080856060792426,1.0,0.0,1.0,1.0,0.0,0.0
20,95,1.473352006789581,10.501286266444229,0.0,1.0,0.0,1.0,0.0,1.0
21,95,0.534047666083917,11.875544778755124,1.0,0.0,0.0,0.0,0.0,0.0
22,95,0.3434128941785279,6.935264048443704,0.0,1.0,0.0,0.0,1.0,0.0
23,95,0.0,7.161654949066196,1.0,1.0,0.0,0.0,1.0,0.0
24,95,2.9766327388981813,3.859065915937057,1.0,1.0,1.0,0.0,1.0,0.0
25,95,11.514381400834246,12.0,0.0,0.0,1.0,1.0,1.0,0.0
26,95,10.923103741709186,5.464589087538634,1.0,0.0,1.0,0.0,0.0,0.0
27,95,2.565875387903049,3.2586095048596384,0.0,1.0,1.0,0.0,1.0,0.0
28,95,7.741360673694069,0.0,0.0,1.0,0.0,1.0,1.0,0.0
29,95,3.612479284261058,7.126455799619544,1.0,0.0,0.0,0.0,0.0,0.0
30,95,7.011232457541402,11.159238541224813,0.0,0.0,0.0,0.0,0.0,1.0
31,95,2.6110088257373167,11.903466267564456,1.0,1.0,1.0,1.0,1.0,0.0
32,95,10.584603901768244,0.0,0.0,0.0,1.0,0.0,1.0,0.0
33,95,8.685460041710435,11.209102653273828,0.0,1.0,0.0,1.0,1.0,0.0
34,95,5.3709361274323495,5.283002204753288,0.0,1.0,1.0,0.0,0.0,1.0
35,95,3.41632813006936,8.195761634795367,0.0,0.0,0.0,0.0,0.0,1.0
36,95,11.609953732491824,2.267359777159541,0.0,0.0,0.0,1.0,0.0,1.0
37,95,11.538780420631031,1.2769730430499897,1.0,0.0,0.0,0.0,0.0,1.0
38,95,11.867775957060164,5.649491098167124,0.0,1.0,0.0,1.0,1.0,1.0
39,95,7.141400546945218,4.927279572142472,1.0,0.0,1.0,1.0,1.0,0.0
0,100,6.090358814441249,11.800602288264248,0.0,1.0,0.0,0.0,1.0,1.0
1,100,8.727468714076759,5.892066860646563,1.0,0.0,0.0,1.0,1.0,0.0
2,100,4.438460406061561,1.323832645105409,0.0,0.0,1.0,0.0,0.0,1.0
3,100,0.0372721139134444,4.595592636479357,1.0,0.0,0.0,0.0,0.0,0.0
4,100,9.647256937202672,3.049753274505957,0.0,0.0,0.0,0.0,0.0,1.0
5,100,9.205407243169574,1.1396928566754967,1.0,0.0,1.0,0.0,0.0,0.0
6,100,6.409901476450162,2.2304205189139035,0.0,1.0,0.0,1.0,0.0,1.0
7,100,11.92442599386812,2.9337412949577777,0.0,1.0,1.0,1.0,1.0,1.0
8,100,6.124095290690021,11.366166010872986,1.0,0.0,0.0,0.0,0.0,0.0
9,100,0.9500262624558664,1.9817653931941503,0.0,0.0,1.0,1.0,0.0,0.0
10,100,9.018513634199335,7.887623184621057,1.0,0.0,1.0,1.0,0.0,0.0
11,100,9.529289661957913,1.8257030015172069,0.0,1.0,1.0,0.0,1.0,1.0
12,100,11.255466536373186,1.926421883702515,0.0,0.0,0.0,1.0,0.0,1.0
13,100,8.731825839360425,7.972632664951709,0.0,1.0,0.0,1.0,1.0,0.0
14,100,1.798999421813816,6.183830494120542,1.0,0.0,1.0,0.0,0.0,0.0
15,100,11.966860030253414,2.7106459719568563,0.0,0.0,0.0,0.0,1.0,0.0
16,100,6.7000900060786766,0.2031480575959446,0.0,1.0,0.0,0.0,0.0,0.0
17,100,6.598386549045546,12.0,1.0,0.0,0.0,0.0,0.0,0.0
18,100,5.100302873167247,0.0,0.0,1.0,1.0,1.0,0.0,0.0
19,100,7.38956249599552,10.17977945236067,1.0,0.0,1.0,1.0,0.0,0.0
20,100,1.461548286853437,10.385169246697046,0.0,1.0,0.0,1.0,0.0,1.0
21,100,0.5632626396488424,11.924490238324408,1.0,0.0,0.0,0.0,0.0,0.0
22,100,0.3525567323024254,6.958501850851792,0.0,1.0,0.0,0.0,1.0,0.0
23,100,0.0,7.19358965432889,1.0,1.0,0.0,0.0,1.0,0.0
24,100,3.0084583650066365,3.8384185920370975,1.0,1.0,1.0,0.0,1.0,0.0
25,100,11.411298587719603,12.0,0.0,0.0,1.0,1.0,1.0,0.0
26,100,10.887031108948385,5.573339833492496,1.0,0.0,1.0,0.0,0.0,0.0
27,100,2.5837612860764647,3.2869451059565864,0.0,1.0,1.0,0.0,1.0,0.0
28,100,7.837182916262774,0.0,0.0,1.0,0.0,1.0,1.0,0.0
29,100,3.634762690041359,7.065325466806345,1.0,0.0,0.0,0.0,0.0,0.0
30,100,7.063427971491164,11.12431390526268,0.0,0.0,0.0,0.0,0.0,1.0
31,100,2.6928137694647774,11.999665093674489,1.0,1.0,1.0,1.0,1.0,0.0
32,100,10.518239601290356,0.0,0.0,0.0,1.0,0.0,1.0,0.0
33,100,8.636649795446576,11.11259840667309,0.0,1.0,0.0,1.0,1.0,0.0
34,100,5.404230696853923,5.22189786460873,0.0,1.0,1.0,0.0,0.0,1.0
35,100,3.5130341377637317,8.208975972386343,0.0,0.0,0.0,0.0,0.0,1.0
36,100,11.581902984771302,2.212380879302776,0.0,0.0,0.0,1.0,0.0,1.0
37,100,11.549231641106484,1.189817203644382,1.0,0.0,0.0,0.0,0.0,1.0
38,100,11.855688050611,5.702211988269539,0.0,1.0,0.0,1.0,1.0,1.0
39,100,7.236646063720959,4.835024311273703,1.0,0.0,1.0,1.0,1.0,0.0
0,105,6.073744236249171,11.770870218781194,0.0,1.0,0.0,0.0,1.0,1.0
1,105,8.706097474219344,5.9415810192186,1.0,0.0,0.0,1.0,1.0,0.0
2,105,4.2965184273309305,1.3398222704444824,0.0,0.0,1.0,0.0,0.0,1.0
3,105,0.0,4.647394562314709,1.0,0.0,0.0,0.0,0.0,0.0
4,105,9.615674644266914,2.97364326179177,0.0,0.0,0.0,0.0,0.0,1.0
5,105,9.286762205128737,1.091503076119369,1.0,0.0,1.0,0.0,0.0,0.0
6,105,6.368107586221582,2.076081969506082,0.0,1.0,0.0,1.0,0.0,1.0
7,105,12.0,2.892623498468987,0.0,1.0,1.0,1.0,1.0,1.0
8,105,6.111380591746353,11.31037466464296,1.0,0.0,0.0,0.0,0.0,0.0
9,105,0.9226111775460611,2.006231583258694,0.0,0.0,1.0,1.0,0.0,0.0
10,105,9.090750774066152,7.884529478477488,1.0,0.0,1.0,1.0,0.0,0.0
11,105,9.509012429539023,1.8042329730267792,0.0,1.0,1.0,0.0,1.0,1.0
12,105,11.34229180320265,2.020436293562096,0.0,0.0,0.0,1.0,0.0,1.0
13,105,8.792367610283236,8.037905052880227,0.0,1.0,0.0,1.0,1.0,0.0
14,105,1.841533790823598,6.144594507916671,1.0,0.0,1.0,0.0,0.0,0.0
15,105,11.942389837094856,2.7365337710355684,0.0,0.0,0.0,0.0,1.0,0.0
16,105,6.766138040659838,0.2228775726588755,0.0,1.0,0.0,0.0,0.0,0.0
17,105,6.602926685603182,12.0,1.0,0.0,0.0,0.0,0.0,0.0
18,105,5.165999536811529,0.0,0.0,1.0,1.0,1.0,0.0,0.0
19,105,7.293635562520728,10.288248343095187,1.0,0.0,1.0,1.0,0.0,0.0
20,105,1.4502073742242465,10.279496886550724,0.0,1.0,0.0,1.0,0.0,1.0
21,105,0.6009113107080672,11.985454571376632,1.0,0.0,0.0,0.0,0.0,0.0
22,105,0.3525329089904266,6.958441840148142,0.0,1.0,0.0,0.0,1.0,0.0
23,105,0.0,7.224176813482365,1.0,1.0,0.0,0.0,1.0,0.0
24,105,3.042437098735536,3.816782760025685,1.0,1.0,1.0,0.0,1.0,0.0
25,105,11.315635935984584,12.0,0.0,0.0,1.0,1.0,1.0,0.0
26,105,10.8478672087732,5.6896352882481045,1.0,0.0,1.0,0.0,0.0,0.0
27,105,2.600928235627661,3.276015094643266,0.0,1.0,1.0,0.0,1.0,0.0
28,105,7.92570566104028,0.0,0.0,1.0,0.0,1.0,1.0,0.0
29,105,3.6556503359701153,7.0060121146690175,1.0,0.0,0.0,0.0,0.0,0.0
30,105,7.143643438818731,11.06909902108028,0.0,0.0,0.0,0.0,0.0,1.0
31,105,2.787789786453636,12.0,1.0,1.0,1.0,1.0,1.0,0.0
32,105,10.433863688057263,0.0,0.0,0.0,1.0,0.0,1.0,0.0
33,105,8.585238196847685,11.016233366707375,0.0,1.0,0.0,1.0,1.0,0.0
34,105,5.437117492635282,5.159603686383585,0.0,1.0,1.0,0.0,0.0,1.0
35,105,3.626752664820141,8.223275565534754,0.0,0.0,0.0,0.0,0.0,1.0
36,105,11.556531161429186,2.159993226994437,0.0,0.0,0.0,1.0,0.0,1.0
37,105,11.562786840790032,1.112168011309823,1.0,0.0,0.0,0.0,0.0,1.0
38,105,11.847172539315144,5.740456162574612,0.0,1.0,0.0,1.0,1.0,1.0
39,105,7.346980861090221,4.724523237540216,1.0,0.0,1.0,1.0,1.0,0.0
0,110,6.0690630987325696,11.762392409875671,0.0,1.0,0.0,0.0,1.0,1.0
1,110,8.658351810090037,5.920518645031359,1.0,0.0,0.0,1.0,1.0,0.0
2,110,4.170361336123229,1.3516128086587835,0.0,0.0,1.0,0.0,0.0,1.0
3,110,0.0,4.708230547164866,1.0,0.0,0.0,0.0,0.0,0.0
4,110,9.582123419792564,2.891039885368417,0.0,0.0,0.0,0.0,0.0,1.0
5,110,9.361422715908152,1.048579043602492,1.0,0.0,1.0,0.0,0.0,0.0
6,110,6.327720126063952,1.914917111292748,0.0,1.0,0.0,1.0,0.0,1.0
7,110,12.0,2.846608997285957,0.0,1.0,1.0,1.0,1.0,1.0
8,110,6.096254359952765,11.24262190619176,1.0,0.0,0.0,0.0,0.0,0.0
9,110,0.8924345024805654,2.0317946008839707,0.0,0.0,1.0,1.0,0.0,0.0
10,110,9.153824145221137,7.883371725950557,1.0,0.0,1.0,1.0,0.0,0.0
11,110,9.514704536483372,1.810133460521394,0.0,1.0,1.0,0.0,1.0,1.0
12,110,11.423537987834331,2.108689296142534,0.0,0.0,0.0,1.0,0.0,1.0
13,110,8.823338144099596,8.07289339576252,0.0,1.0,0.0,1.0,1.0,0.0
14,110,1.881857025997256,6.105317455301292,1.0,0.0,1.0,0.0,0.0,0.0
15,110,11.922763501132447,2.756756431827497,0.0,0.0,0.0,0.0,1.0,0.0
16,110,6.848427498516093,0.2484468311944198,0.0,1.0,0.0,0.0,0.0,0.0
17,110,6.608114860203776,12.0,1.0,0.0,0.0,0.0,0.0,0.0
18,110,5.258414304587088,0.0,0.0,1.0,1.0,1.0,0.0,0.0
19,110,7.178907443528048,10.413152179998074,1.0,0.0,1.0,1.0,0.0,0.0
20,110,1.4386604803307137,10.173296797872252,0.0,1.0,0.0,1.0,0.0,1.0
21,110,0.6369319574146115,12.0,1.0,0.0,0.0,0.0,0.0,0.0
22,110,0.3454449505371436,6.941400859704732,0.0,1.0,0.0,0.0,1.0,0.0
23,110,0.0,7.262167115618916,1.0,1.0,0.0,0.0,1.0,0.0
24,110,3.089332951739703,3.785316849167289,1.0,1.0,1.0,0.0,1.0,0.0
25,110,11.201400220077478,12.0,0.0,0.0,1.0,1.0,1.0,0.0
26,110,10.80566427512081,5.816140303169544,1.0,0.0,1.0,0.0,0.0,0.0
27,110,2.6266351190232555,3.260053037099549,0.0,1.0,1.0,0.0,1.0,0.0
28,110,8.005220923373619,0.0,0.0,1.0,0.0,1.0,1.0,0.0
29,110,3.6807552123547,6.931112959239134,1.0,0.0,0.0,0.0,0.0,0.0
30,110,7.236615348950218,11.006083908160708,0.0,0.0,0.0,0.0,0.0,1.0
31,110,2.881897082669451,12.0,1.0,1.0,1.0,1.0,1.0,0.0
32,110,10.351194789048671,0.0,0.0,0.0,1.0,0.0,1.0,0.0
33,110,8.522468736442542,10.896896517379044,0.0,1.0,0.0,1.0,1.0,0.0
34,110,5.46886619522672,5.099320046311272,0.0,1.0,1.0,0.0,0.0,1.0
35,110,3.752866992151686,8.239217885748488,0.0,0.0,0.0,0.0,0.0,1.0
36,110,11.522894318008236,2.0901832163908924,0.0,0.0,0.0,1.0,0.0,1.0
37,110,11.577769742494286,1.0373492336045151,1.0,0.0,0.0,0.0,0.0,1.0
38,110,11.838615615913266,5.790052099147711,0.0,1.0,0.0,1.0,1.0,1.0
39,110,7.453324574198982,4.619775171834278,1.0,0.0,1.0,1.0,1.0,0.0
0,115,6.062233944409518,11.751133646780511,0.0,1.0,0.0,0.0,1.0,1.0
1,115,8.61994033743485,5.903703581877078,1.0,0.0,0.0,1.0,1.0,0.0
2,115,4.059595907186688,1.3626321785516844,0.0,0.0,1.0,0.0,0.0,1.0
3,115,0.0,4.771473173120913,1.0,0.0,0.0,0.0,0.0,0.0
4,115,9.536454411819024,2.7755844047818785,0.0,0.0,0.0,0.0,0.0,1.0
5,115,9.446488932551205,0.9962427018107868,1.0,0.0,1.0,0.0,0.0,0.0
6,115,6.287940979304297,1.7536727386093174,0.0,1.0,0.0,1.0,0.0,1.0
7,115,12.0,2.967631152004387,0.0,1.0,1.0,1.0,1.0,1.0
8,115,6.078877755206356,11.172347655076464,1.0,0.0,0.0,0.0,0.0,0.0
9,115,0.8663374695817618,2.052951731364289,0.0,0.0,1.0,1.0,0.0,0.0
10,115,9.225751859874864,7.880377176532365,1.0,0.0,1.0,1.0,0.0,0.0
11,115,9.51267674601131,1.8079541426208496,0.0,1.0,1.0,0.0,1.0,1.0
12,115,11.493807840949868,2.1873073808776518,0.0,0.0,0.0,1.0,0.0,1.0
13,115,8.841993729087116,8.093902917611437,0.0,1.0,0.0,1.0,1.0,0.0
14,115,1.9233982075565887,6.062221416922879,1.0,0.0,1.0,0.0,0.0,0.0
15,115,11.907974923665057,2.7735967053640764,0.0,0.0,0.0,0.0,1.0,0.0
16,115,6.940378242122209,0.2764064115492438,0.0,1.0,0.0,0.0,0.0,0.0
17,115,6.613051110557759,12.0,1.0,0.0,0.0,0.0,0.0,0.0
18,115,5.3369231674622615,0.0,0.0,1.0,1.0,1.0,0.0,0.0
19,115,7.043787987143787,10.563523370219524,1.0,0.0,1.0,1.0,0.0,0.0
20,115,1.4268013371408983,10.062166042365794,0.0,1.0,0.0,1.0,0.0,1.0
21,115,0.6667997965182955,12.0,1.0,0.0,0.0,0.0,0.0,0.0
22,115,0.3421755165526846,6.934021436253825,0.0,1.0,0.0,0.0,1.0,0.0
23,115,0.0,7.311067279083604,1.0,1.0,0.0,0.0,1.0,0.0
24,115,3.122582344784027,3.763625051233921,1.0,1.0,1.0,0.0,1.0,0.0
25,115,11.081719576532032,12.0,0.0,0.0,1.0,1.0,1.0,0.0
26,115,10.7515930560712,5.960466695280724,1.0,0.0,1.0,0.0,0.0,0.0
27,115,2.672465066851302,3.232034012071699,0.0,1.0,1.0,0.0,1.0,0.0
28,115,8.088333439925117,0.0,0.0,1.0,0.0,1.0,1.0,0.0
29,115,3.705195029758771,6.855573761232163,1.0,0.0,0.0,0.0,0.0,0.0
30,115,7.313708220964629,10.955807014081504,0.0,0.0,0.0,0.0,0.0,1.0
31,115,2.9693365380717727,12.0,1.0,1.0,1.0,1.0,1.0,0.0
32,115,10.288030289096277,0.0,0.0,0.0,1.0,0.0,1.0,0.0
33,115,8.4582690201016,10.772575080376106,0.0,1.0,0.0,1.0,1.0,0.0
34,115,5.49592888736927,5.041778802212092,0.0,1.0,1.0,0.0,0.0,1.0
35,115,3.882840325959288,8.254216346017818,0.0,0.0,0.0,0.0,0.0,1.0
36,115,11.490603296682115,2.022577834302432,0.0,0.0,0.0,1.0,0.0,1.0
37,115,11.591855117621911,0.958250234127056,1.0,0.0,0.0,0.0,0.0,1.0
38,115,11.829406411451313,5.845204339176861,0.0,1.0,0.0,1.0,1.0,1.0
39,115,7.546304575936905,4.525000969834502,1.0,0.0,1.0,1.0,1.0,0.0
0,120,6.048758592506011,11.728576178243197,0.0,1.0,0.0,0.0,1.0,1.0
1,120,8.642169059256634,5.851734040087644,1.0,0.0,0.0,1.0,1.0,0.0
2,120,3.941878520233867,1.3736402423188832,0.0,0.0,1.0,0.0,0.0,1.0
3,120,0.0,4.818903309283326,1.0,0.0,0.0,0.0,0.0,0.0
4,120,9.485502054437138,2.6488285403997103,0.0,0.0,0.0,0.0,0.0,1.0
5,120,9.537165963570114,0.9411197292124328,1.0,0.0,1.0,0.0,0.0,0.0
6,120,6.242956689713624,1.5674215855092837,0.0,1.0,0.0,1.0,0.0,1.0
7,120,12.0,3.0988883419724145,0.0,1.0,1.0,1.0,1.0,1.0
8,120,6.06583600320805,11.116412112110376,1.0,0.0,0.0,0.0,0.0,0.0
9,120,0.8380080929739884,2.076587208719936,0.0,0.0,1.0,1.0,0.0,0.0
10,120,9.28744141557553,7.877975738367429,1.0,0.0,1.0,1.0,0.0,0.0
11,120,9.508215356797558,1.8029090135813977,0.0,1.0,1.0,0.0,1.0,1.0
12,120,11.566762275106925,2.2694802951580906,0.0,0.0,0.0,1.0,0.0,1.0
13,120,8.860755773511768,8.114242627980238,0.0,1.0,0.0,1.0,1.0,0.0
14,120,1.970218557901222,6.010638246090552,1.0,0.0,1.0,0.0,0.0,0.0
15,120,11.888259906607308,2.795390398501816,0.0,0.0,0.0,0.0,1.0,0.0
16,120,7.022056864956527,0.302051484183637,0.0,1.0,0.0,0.0,0.0,0.0
17,120,6.618822363543884,12.0,1.0,0.0,0.0,0.0,0.0,0.0
18,120,5.424927135148602,0.0,0.0,1.0,1.0,1.0,0.0,0.0
19,120,6.913444041399498,10.703155465389836,1.0,0.0,1.0,1.0,0.0,0.0
20,120,1.416032489420325,9.965904296219202,0.0,1.0,0.0,1.0,0.0,1.0
21,120,0.6826471916723037,12.0,1.0,0.0,0.0,0.0,0.0,0.0
22,120,0.3410093936920974,6.931365206323056,0.0,1.0,0.0,0.0,1.0,0.0
23,120,0.0,7.354890337153913,1.0,1.0,0.0,0.0,1.0,0.0
24,120,3.138779284193628,3.752824684913879,1.0,1.0,1.0,0.0,1.0,0.0
25,120,10.957070098540392,12.0,0.0,0.0,1.0,1.0,1.0,0.0
26,120,10.69776129158524,6.09720499846297,1.0,0.0,1.0,0.0,0.0,0.0
27,120,2.7434844646633203,3.190615145412285,0.0,1.0,1.0,0.0,1.0,0.0
28,120,8.169325813517089,0.0,0.0,1.0,0.0,1.0,1.0,0.0
29,120,3.726702343847338,6.783571525384785,1.0,0.0,0.0,0.0,0.0,0.0
30,120,7.408784969353058,10.888320914617582,0.0,0.0,0.0,0.0,0.0,1.0
31,120,3.067014542807907,12.0,1.0,1.0,1.0,1.0,1.0,0.0
32,120,10.21666690744514,0.0,0.0,0.0,1.0,0.0,1.0,0.0
33,120,8.393393354113504,10.64785362357788,0.0,1.0,0.0,1.0,1.0,0.0
34,120,5.5154626960571775,5.000570478115487,0.0,1.0,1.0,0.0,0.0,1.0
35,120,4.039454036737314,8.270260106936892,0.0,0.0,0.0,0.0,0.0,1.0
36,120,11.45939588741274,1.954416301189696,0.0,0.0,0.0,1.0,0.0,1.0
37,120,11.600011670153474,0.9184449242051976,1.0,0.0,0.0,0.0,0.0,1.0
38,120,11.819832644117607,5.908176589779389,0.0,1.0,0.0,1.0,1.0,1.0
39,120,7.621470254818523,4.4516837774687135,1.0,0.0,1.0,1.0,1.0,0.0
0,125,6.038192521487572,11.710154553202772,0.0,1.0,0.0,0.0,1.0,1.0
1,125,8.662470628340404,5.799174891781869,1.0,0.0,0.0,1.0,1.0,0.0
2,125,3.832648413421115,1.3811932501730166,0.0,0.0,1.0,0.0,0.0,1.0
3,125,0.0,4.865971206704372,1.0,0.0,0.0,0.0,0.0,0.0
4,125,9.437024309172852,2.528190134752729,0.0,0.0,0.0,0.0,0.0,1.0
5,125,9.598066775333072,0.9042160145447896,1.0,0.0,1.0,0.0,0.0,0.0
6,125,6.211051611878566,1.4083435686173185,0.0,1.0,0.0,1.0,0.0,1.0
7,125,12.0,3.2275515945650053,0.0,1.0,1.0,1.0,1.0,1.0
8,125,6.046696404236755,11.03935163683556,1.0,0.0,0.0,0.0,0.0,0.0
9,125,0.820763357772659,2.0920182397183824,0.0,0.0,1.0,1.0,0.0,0.0
10,125,9.368991345594775,7.875378919510701,1.0,0.0,1.0,1.0,0.0,0.0
11,125,9.510981136259094,1.8059828749069948,0.0,1.0,1.0,0.0,1.0,1.0
12,125,11.641493969483063,2.3491646903901704,0.0,0.0,0.0,1.0,0.0,1.0
13,125,8.874443630329834,8.128502091665645,0.0,1.0,0.0,1.0,1.0,0.0
14,125,2.0187248395771675,5.959341618849223,1.0,0.0,1.0,0.0,0.0,0.0
15,125,11.873733680046168,2.8113708772685264,0.0,0.0,0.0,0.0,1.0,0.0
16,125,7.086690376803105,0.3218464282425072,0.0,1.0,0.0,0.0,0.0,0.0
17,125,6.622421002048175,12.0,1.0,0.0,0.0,0.0,0.0,0.0
18,125,5.493390521080728,0.0,0.0,1.0,1.0,1.0,0.0,0.0
19,125,6.775119113063735,10.847962275950763,1.0,0.0,1.0,1.0,0.0,0.0
20,125,1.4069410601628929,9.89207837793087,0.0,1.0,0.0,1.0,0.0,1.0
21,125,0.6976299853231471,12.0,1.0,0.0,0.0,0.0,0.0,0.0
22,125,0.3389644819094808,6.926499942508458,0.0,1.0,0.0,0.0,1.0,0.0
23,125,0.0,7.403376631843555,1.0,1.0,0.0,0.0,1.0,0.0
24,125,3.1619003793741616,3.737390251782121,1.0,1.0,1.0,0.0,1.0,0.0
25,125,10.826523365654856,12.0,0.0,0.0,1.0,1.0,1.0,0.0
26,125,10.64281921761571,6.226909030459059,1.0,0.0,1.0,0.0,0.0,0.0
27,125,2.814129336089674,3.152668789062468,0.0,1.0,1.0,0.0,1.0,0.0
28,125,8.238840248455949,0.0,0.0,1.0,0.0,1.0,1.0,0.0
29,125,3.751922861282367,6.6971352563781466,1.0,0.0,0.0,0.0,0.0,0.0
30,125,7.502266120120436,10.818700338740648,0.0,0.0,0.0,0.0,0.0,1.0
31,125,3.1730903675683324,12.0,1.0,1.0,1.0,1.0,1.0,0.0
32,125,10.122471243035694,0.0,0.0,0.0,1.0,0.0,1.0,0.0
33,125,8.336761804881059,10.532283222253062,0.0,1.0,0.0,1.0,1.0,0.0
34,125,5.5496578082084165,4.931874226138721,0.0,1.0,1.0,0.0,0.0,1.0
35,125,4.171547702930276,8.286055819353964,0.0,0.0,0.0,0.0,0.0,1.0
36,125,11.428999560567476,1.8875093667779927,0.0,0.0,0.0,1.0,0.0,1.0
37,125,11.60863779615914,0.8776379665033185,1.0,0.0,0.0,0.0,0.0,1.0
38,125,11.806864806536232,5.990085947670016,0.0,1.0,0.0,1.0,1.0,1.0
39,125,7.69680121557499,4.375297566804232,1.0,0.0,1.0,1.0,1.0,0.0
0,130,6.0327589028024695,11.70111877010337,0.0,1.0,0.0,0.0,1.0,1.0
1,130,8.681740523594163,5.748794159166379,1.0,0.0,0.0,1.0,1.0,0.0
2,130,3.712079276350572,1.3931644686270417,0.0,0.0,1.0,0.0,0.0,1.0
3,130,0.0,4.930071756784233,1.0,0.0,0.0,0.0,0.0,0.0
4,130,9.383361723940103,2.3905739355836424,0.0,0.0,0.0,0.0,0.0,1.0
5,130,9.652827008030876,0.8714039909494186,1.0,0.0,1.0,0.0,0.0,0.0
6,130,6.181237082879931,1.2672177508736484,0.0,1.0,0.0,1.0,0.0,1.0
7,130,12.0,3.348423018481276,0.0,1.0,1.0,1.0,1.0,1.0
8,130,6.03462759041926,10.985725142600636,1.0,0.0,0.0,0.0,0.0,0.0
9,130,0.8022112390140433,2.1081867832510603,0.0,0.0,1.0,1.0,0.0,0.0
10,130,9.43315496570428,7.873537187599941,1.0,0.0,1.0,1.0,0.0,0.0
11,130,9.502647933874664,1.7971384940899613,0.0,1.0,1.0,0.0,1.0,1.0
12,130,11.715103978586098,2.4262144716191254,0.0,0.0,0.0,1.0,0.0,1.0
13,130,8.879154165969549,8.133431061797687,0.0,1.0,0.0,1.0,1.0,0.0
14,130,2.0718525230746816,5.903846494343226,1.0,0.0,1.0,0.0,0.0,0.0
15,130,11.853069690028695,2.8332051855239877,0.0,0.0,0.0,0.0,1.0,0.0
16,130,7.148536046348482,0.3411646354632416,0.0,1.0,0.0,0.0,0.0,0.0
17,130,6.6270143257141525,12.0,1.0,0.0,0.0,0.0,0.0,0.0
18,130,5.560229264466611,0.0,0.0,1.0,1.0,1.0,0.0,0.0
19,130,6.62457428882725,10.997256223170153,1.0,0.0,1.0,1.0,0.0,0.0
20,130,1.3945089550874834,9.7894742963764,0.0,1.0,0.0,1.0,0.0,1.0
21,130,0.7304103153045731,12.0,1.0,0.0,0.0,0.0,0.0,0.0
22,130,0.3333685232222193,6.913174118195902,0.0,1.0,0.0,0.0,1.0,0.0
23,130,0.0,7.475633451644307,1.0,1.0,0.0,0.0,1.0,0.0
24,130,3.1845727862450826,3.7216743778468873,1.0,1.0,1.0,0.0,1.0,0.0
25,130,10.705359053908271,12.0,0.0,0.0,1.0,1.0,1.0,0.0
26,130,10.593731609111405,6.350351629468246,1.0,0.0,1.0,0.0,0.0,0.0
27,130,2.8991042003497345,3.111430716039444,0.0,1.0,1.0,0.0,1.0,0.0
28,130,8.293690799132712,0.0,0.0,1.0,0.0,1.0,1.0,0.0
29,130,3.778161074209285,6.601381522563458,1.0,0.0,0.0,0.0,0.0,0.0
30,130,7.578741407562575,10.762395684175315,0.0,0.0,0.0,0.0,0.0,1.0
31,130,3.273148919966789,12.0,1.0,1.0,1.0,1.0,1.0,0.0
32,130,10.022275582888602,0.0,0.0,0.0,1.0,0.0,1.0,0.0
33,130,8.263647327974562,10.38651065334656,0.0,1.0,0.0,1.0,1.0,0.0
34,130,5.589812875749654,4.847855169695262,0.0,1.0,1.0,0.0,0.0,1.0
35,130,4.309617114147187,8.302825321133588,0.0,0.0,0.0,0.0,0.0,1.0
36,130,11.399985821143966,1.8268324993173024,0.0,0.0,0.0,1.0,0.0,1.0
37,130,11.619772736397923,0.8300173537017698,1.0,0.0,0.0,0.0,0.0,1.0
38,130,11.790754240226544,6.084674401387855,0.0,1.0,0.0,1.0,1.0,1.0
39,130,7.764778706493465,4.307237535691199,1.0,0.0,1.0,1.0,1.0,0.0
0,135,6.026667764310754,11.690589795103708,0.0,1.0,0.0,0.0,1.0,1.0
1,135,8.706407863012942,5.682140562556153,1.0,0.0,0.0,1.0,1.0,0.0
2,135,3.5813100331917043,1.407368169488126,0.0,0.0,1.0,0.0,0.0,1.0
3,135,0.0,4.991763029474679,1.0,0.0,0.0,0.0,0.0,0.0
4,135,9.330849444501682,2.2566991461688826,0.0,0.0,0.0,0.0,0.0,1.0
5,135,9.686023030169553,0.8520827520905707,1.0,0.0,1.0,0.0,0.0,0.0
6,135,6.148752430176985,1.1140157699655386,0.0,1.0,0.0,1.0,0.0,1.0
7,135,12.0,3.4451535042198937,0.0,1.0,1.0,1.0,1.0,1.0
8,135,6.0220731954971525,10.93044180080035,1.0,0.0,0.0,0.0,0.0,0.0
9,135,0.7821280118496866,2.1250869074811254,0.0,0.0,1.0,1.0,0.0,0.0
10,135,9.4807294977645,7.872862567082725,1.0,0.0,1.0,1.0,0.0,0.0
11,135,9.506824525515562,1.8016940963459889,0.0,1.0,1.0,0.0,1.0,1.0
12,135,11.802800036381084,2.520023016707144,0.0,0.0,0.0,1.0,0.0,1.0
13,135,8.88266597600581,8.137175349629963,0.0,1.0,0.0,1.0,1.0,0.0
14,135,2.1368964225579177,5.837442925592527,1.0,0.0,1.0,0.0,0.0,0.0
15,135,11.8339365239908,2.8532718902220324,0.0,0.0,0.0,0.0,1.0,0.0
16,135,7.204782757663531,0.3585258233312047,0.0,1.0,0.0,0.0,0.0,0.0
17,135,6.629676390940399,12.0,1.0,0.0,0.0,0.0,0.0,0.0
18,135,5.61136300776525,0.0,0.0,1.0,1.0,1.0,0.0,0.0
19,135,6.470469286439722,11.14698183301221,1.0,0.0,1.0,1.0,0.0,0.0
20,135,1.3808039629996065,9.672382013381757,0.0,1.0,0.0,1.0,0.0,1.0
21,135,0.754504186013603,12.0,1.0,0.0,0.0,0.0,0.0,0.0
22,135,0.3299683603017582,6.90561676391293,0.0,1.0,0.0,0.0,1.0,0.0
23,135,0.0,7.551841065792503,1.0,1.0,0.0,0.0,1.0,0.0
24,135,3.201698474599385,3.709488264565009,1.0,1.0,1.0,0.0,1.0,0.0
25,135,10.590471171298171,12.0,0.0,0.0,1.0,1.0,1.0,0.0
26,135,10.541428020626304,6.483594936425746,1.0,0.0,1.0,0.0,0.0,0.0
27,135,2.9795417166993103,3.072743361104077,0.0,1.0,1.0,0.0,1.0,0.0
28,135,8.33469272745315,0.0,0.0,1.0,0.0,1.0,1.0,0.0
29,135,3.80239998389616,6.509421327794868,1.0,0.0,0.0,0.0,0.0,0.0
30,135,7.645506375502578,10.718990466192205,0.0,0.0,0.0,0.0,0.0,1.0
31,135,3.3722297071621683,12.0,1.0,1.0,1.0,1.0,1.0,0.0
32,135,9.935136098473247,0.0,0.0,0.0,1.0,0.0,1.0,0.0
33,135,8.185620384906692,10.236981246187902,0.0,1.0,0.0,1.0,1.0,0.0
34,135,5.629988728905306,4.765397251531321,0.0,1.0,1.0,0.0,0.0,1.0
35,135,4.459924790992401,8.318573823314138,0.0,0.0,0.0,0.0,0.0,1.0
36,135,11.37770308684828,1.7784876369229865,0.0,0.0,0.0,1.0,0.0,1.0
37,135,11.627300061113676,0.7966806121745564,1.0,0.0,0.0,0.0,0.0,1.0
38,135,11.777376842189527,6.165314733754194,0.0,1.0,0.0,1.0,1.0,1.0
39,135,7.8251521783181905,4.245978197079131,1.0,0.0,1.0,1.0,1.0,0.0
0,140,6.025960199301545,11.689400593122825,0.0,1.0,0.0,0.0,1.0,1.0
1,140,8.7372656929528,5.601119222640723,1.0,0.0,0.0,1.0,1.0,0.0
2,140,3.447518272255475,1.4228093022982256,0.0,0.0,1.0,0.0,0.0,1.0
3,140,0.0,5.055963990948918,1.0,0.0,0.0,0.0,0.0,0.0
4,140,9.275354448072862,2.11438626516394,0.0,0.0,0.0,0.0,0.0,1.0
5,140,9.70806822589022,0.8385596773205488,1.0,0.0,1.0,0.0,0.0,0.0
6,140,6.115210422935973,0.9574234065754688,0.0,1.0,0.0,1.0,0.0,1.0
7,140,12.0,3.5226302524123483,0.0,1.0,1.0,1.0,1.0,1.0
8,140,6.009422777283884,10.874093010098768,1.0,0.0,0.0,0.0,0.0,0.0
9,140,0.7736980104453379,2.1321911057480563,0.0,0.0,1.0,1.0,0.0,0.0
10,140,9.542358548528265,7.873439180336084,1.0,0.0,1.0,1.0,0.0,0.0
11,140,9.516749406520582,1.812225239551472,0.0,1.0,1.0,0.0,1.0,1.0
12,140,11.87616528524306,2.6017722512004964,0.0,0.0,0.0,1.0,0.0,1.0
13,140,8.885589193561763,8.140239360000589,0.0,1.0,0.0,1.0,1.0,0.0
14,140,2.199548421577103,5.769316095502624,1.0,0.0,1.0,0.0,0.0,0.0
15,140,11.811818864582548,2.877254255476072,0.0,0.0,0.0,0.0,1.0,0.0
16,140,7.255551213054582,0.3727999359373009,0.0,1.0,0.0,0.0,0.0,0.0
17,140,6.633486408232258,12.0,1.0,0.0,0.0,0.0,0.0,0.0
18,140,5.668828627149162,0.0,0.0,1.0,1.0,1.0,0.0,0.0
19,140,6.318032234999607,11.296068378492365,1.0,0.0,1.0,1.0,0.0,0.0
20,140,1.3670256086540322,9.541690986225436,0.0,1.0,0.0,1.0,0.0,1.0
21,140,0.7712014040376016,12.0,1.0,0.0,0.0,0.0,0.0,0.0
22,140,0.313014266383218,6.867685355687064,0.0,1.0,0.0,0.0,1.0,0.0
23,140,0.0,7.632017348817655,1.0,1.0,0.0,0.0,1.0,0.0
24,140,3.2183325515698726,3.69740013343309,1.0,1.0,1.0,0.0,1.0,0.0
25,140,10.481451101531276,12.0,0.0,0.0,1.0,1.0,1.0,0.0
26,140,10.498695633829854,6.597275342125119,1.0,0.0,1.0,0.0,0.0,0.0
27,140,3.059534742754107,3.030474519809488,0.0,1.0,1.0,0.0,1.0,0.0
28,140,8.374128430117233,0.0,0.0,1.0,0.0,1.0,1.0,0.0
29,140,3.830825515176252,6.412066596139449,1.0,0.0,0.0,0.0,0.0,0.0
30,140,7.717999626870145,10.669033151985438,0.0,0.0,0.0,0.0,0.0,1.0
31,140,3.472339706437779,12.0,1.0,1.0,1.0,1.0,1.0,0.0
32,140,9.844589489208602,0.0,0.0,0.0,1.0,0.0,1.0,0.0
33,140,8.109682649332743,10.097007399738102,0.0,1.0,0.0,1.0,1.0,0.0
34,140,5.668482508470627,4.687610905588727,0.0,1.0,1.0,0.0,0.0,1.0
35,140,4.5998697644373845,8.33153566138716,0.0,0.0,0.0,0.0,0.0,1.0
36,140,11.359583283533274,1.7428374000169808,0.0,0.0,0.0,1.0,0.0,1.0
37,140,11.63983336365329,0.7437781302590315,1.0,0.0,0.0,0.0,0.0,1.0
38,140,11.764076543547308,6.241058267931248,0.0,1.0,0.0,1.0,1.0,1.0
39,140,7.885005693549443,4.185819821367154,1.0,0.0,1.0,1.0,1.0,0.0
0,145,6.02636879859852,11.69011906444791,0.0,1.0,0.0,0.0,1.0,1.0
1,145,8.766383356830447,5.522576938160979,1.0,0.0,0.0,1.0,1.0,0.0
2,145,3.3010075208122185,1.438564624600813,0.0,0.0,1.0,0.0,0.0,1.0
3,145,0.0,5.114679062650128,1.0,0.0,0.0,0.0,0.0,0.0
4,145,9.2250512883682,1.9733572588968904,0.0,0.0,0.0,0.0,0.0,1.0
5,145,9.72226545069999,0.8296222302447723,1.0,0.0,1.0,0.0,0.0,0.0
6,145,6.076806922912301,0.7808459027469736,0.0,1.0,0.0,1.0,0.0,1.0
7,145,12.0,3.577385250012949,0.0,1.0,1.0,1.0,1.0,1.0
8,145,5.998176369801742,10.825492157837868,1.0,0.0,0.0,0.0,0.0,0.0
9,145,0.7631439980754935,2.140912100396438,0.0,0.0,1.0,1.0,0.0,0.0
10,145,9.60380467371833,7.873400038698767,1.0,0.0,1.0,1.0,0.0,0.0
11,145,9.508085151046007,1.8031590208715484,0.0,1.0,1.0,0.0,1.0,1.0
12,145,11.952146290847898,2.682152006492357,0.0,0.0,0.0,1.0,0.0,1.0
13,145,8.892393106928463,8.147440150173082,0.0,1.0,0.0,1.0,1.0,0.0
14,145,2.2686049062358498,5.696913842228852,1.0,0.0,1.0,0.0,0.0,0.0
15,145,11.779116675845628,2.913023098884549,0.0,0.0,0.0,0.0,1.0,0.0
16,145,7.303245006063052,0.3861881883326948,0.0,1.0,0.0,0.0,0.0,0.0
17,145,6.638200895682106,12.0,1.0,0.0,0.0,0.0,0.0,0.0
18,145,5.736512848791375,0.0,0.0,1.0,1.0,1.0,0.0,0.0
19,145,6.159099736933366,11.446045873016912,1.0,0.0,1.0,1.0,0.0,0.0
20,145,1.3530039040055544,9.41018477587263,0.0,1.0,0.0,1.0,0.0,1.0
21,145,0.800866827672071,12.0,1.0,0.0,0.0,0.0,0.0,0.0
22,145,0.2886239536040554,6.81865694121644,0.0,1.0,0.0,0.0,1.0,0.0
23,145,0.0,7.718410572434572,1.0,1.0,0.0,0.0,1.0,0.0
24,145,3.262122962807507,3.6641431092051686,1.0,1.0,1.0,0.0,1.0,0.0
25,145,10.367481873340951,12.0,0.0,0.0,1.0,1.0,1.0,0.0
26,145,10.45985896939557,6.694797806352603,1.0,0.0,1.0,0.0,0.0,0.0
27,145,3.135891790201065,2.993223484283126,0.0,1.0,1.0,0.0,1.0,0.0
28,145,8.404436312401156,0.0,0.0,1.0,0.0,1.0,1.0,0.0
29,145,3.859171707318028,6.314406080499175,1.0,0.0,0.0,0.0,0.0,0.0
30,145,7.775316831424908,10.629756166989752,0.0,0.0,0.0,0.0,0.0,1.0
31,145,3.59572256716882,12.0,1.0,1.0,1.0,1.0,1.0,0.0
32,145,9.77240881950123,0.0,0.0,0.0,1.0,0.0,1.0,0.0
33,145,8.038764416506766,9.975199942955522,0.0,1.0,0.0,1.0,1.0,0.0
34,145,5.708497821593562,4.612364254525358,0.0,1.0,1.0,0.0,0.0,1.0
35,145,4.751550656856312,8.34317204187306,0.0,0.0,0.0,0.0,0.0,1.0
36,145,11.341176335934737,1.7059773222181984,0.0,0.0,0.0,1.0,0.0,1.0
37,145,11.653574787025187,0.6804812431919155,1.0,0.0,0.0,0.0,0.0,1.0
38,145,11.752726579647424,6.308562378216776,0.0,1.0,0.0,1.0,1.0,1.0
39,145,7.943905396075517,4.128087173403469,1.0,0.0,1.0,1.0,1.0,0.0
0,150,6.035613068734138,11.705565553231136,0.0,1.0,0.0,0.0,1.0,1.0
1,150,8.798078955875786,5.436423178636501,1.0,0.0,0.0,1.0,1.0,0.0
2,150,3.143829699556985,1.4580219010926545,0.0,0.0,1.0,0.0,0.0,1.0
3,150,0.0,5.175890048980014,1.0,0.0,0.0,0.0,0.0,0.0
4,150,9.17715079726225,1.8466691782989264,0.0,0.0,0.0,0.0,0.0,1.0
5,150,9.742690494161328,0.8172122024118834,1.0,0.0,1.0,0.0,0.0,0.0
6,150,6.044525336481332,0.6060997172573013,0.0,1.0,0.0,1.0,0.0,1.0
7,150,12.0,3.650170034492384,0.0,1.0,1.0,1.0,1.0,1.0
8,150,5.984783265744007,10.7610861235282,1.0,0.0,0.0,0.0,0.0,0.0
9,150,0.7604058967116234,2.1431066605739093,0.0,0.0,1.0,1.0,0.0,0.0
10,150,9.687817032399328,7.873753973656186,1.0,0.0,1.0,1.0,0.0,0.0
11,150,9.515449092354825,1.8107778764439244,0.0,1.0,1.0,0.0,1.0,1.0
12,150,12.0,2.780224364196006,0.0,0.0,0.0,1.0,0.0,1.0
13,150,8.894889678539787,8.15021080691956,0.0,1.0,0.0,1.0,1.0,0.0
14,150,2.349379070217107,5.608892335113763,1.0,0.0,1.0,0.0,0.0,0.0
15,150,11.725670533470996,2.9733388727115844,0.0,0.0,0.0,0.0,1.0,0.0
16,150,7.342608001434129,0.39759666822382,0.0,1.0,0.0,0.0,0.0,0.0
17,150,6.642583371442356,12.0,1.0,0.0,0.0,0.0,0.0,0.0
18,150,5.794044471230208,0.0,0.0,1.0,1.0,1.0,0.0,0.0
19,150,6.000008014604871,11.592153683114772,1.0,0.0,1.0,1.0,0.0,0.0
20,150,1.3384377988413092,9.293771739021944,0.0,1.0,0.0,1.0,0.0,1.0
21,150,0.8329926844335611,12.0,1.0,0.0,0.0,0.0,0.0,0.0
22,150,0.2662087510688988,6.773310296875726,0.0,1.0,0.0,0.0,1.0,0.0
23,150,0.0,7.792371481649684,1.0,1.0,0.0,0.0,1.0,0.0
24,150,3.301935627235412,3.632878333149992,1.0,1.0,1.0,0.0,1.0,0.0
25,150,10.246720740778578,12.0,0.0,0.0,1.0,1.0,1.0,0.0
26,150,10.426323787186696,6.782086433001098,1.0,0.0,1.0,0.0,0.0,0.0
27,150,3.2066277255320443,2.9601940917143708,0.0,1.0,1.0,0.0,1.0,0.0
28,150,8.424829273931783,0.0,0.0,1.0,0.0,1.0,1.0,0.0
29,150,3.89152527580685,6.196782896502386,1.0,0.0,0.0,0.0,0.0,0.0
30,150,7.823233364440217,10.59649043156004,0.0,0.0,0.0,0.0,0.0,1.0
31,150,3.726678494127924,12.0,1.0,1.0,1.0,1.0,1.0,0.0
32,150,9.726797386648204,0.0,0.0,0.0,1.0,0.0,1.0,0.0
33,150,7.96399625381985,9.837330662605613,0.0,1.0,0.0,1.0,1.0,0.0
34,150,5.742296060547354,4.547521327465088,0.0,1.0,1.0,0.0,0.0,1.0
35,150,4.916058362780074,8.35343733548243,0.0,0.0,0.0,0.0,0.0,1.0
36,150,11.317256603730607,1.6619929497473362,0.0,0.0,0.0,1.0,0.0,1.0
37,150,11.664899269029917,0.6251144414637505,1.0,0.0,0.0,0.0,0.0,1.0
38,150,11.73840425591822,6.400965257866521,0.0,1.0,0.0,1.0,1.0,1.0
39,150,8.010100414875323,4.058577915961644,1.0,0.0,1.0,1.0,1.0,0.0
0,155,6.038050134999232,11.70974949484715,0.0,1.0,0.0,0.0,1.0,1.0
1,155,8.824730138136518,5.360917836911418,1.0,0.0,0.0,1.0,1.0,0.0
2,155,2.969684160451485,1.4820197238796138,0.0,0.0,1.0,0.0,0.0,1.0
3,155,0.0,5.227892803629567,1.0,0.0,0.0,0.0,0.0,0.0
4,155,9.132441883611838,1.7315419859229066,0.0,0.0,0.0,0.0,0.0,1.0
5,155,9.768740791066522,0.8009580640853464,1.0,0.0,1.0,0.0,0.0,0.0
6,155,6.016451682351732,0.4456490810567136,0.0,1.0,0.0,1.0,0.0,1.0
7,155,12.0,3.717923910748011,0.0,1.0,1.0,1.0,1.0,1.0
8,155,5.966988945985716,10.674710180516758,1.0,0.0,0.0,0.0,0.0,0.0
9,155,0.7772400427586099,2.1297868757864653,0.0,0.0,1.0,1.0,0.0,0.0
10,155,9.772707658601568,7.872427119350288,1.0,0.0,1.0,1.0,0.0,0.0
11,155,9.512867499462974,1.8079043051142132,0.0,1.0,1.0,0.0,1.0,1.0
12,155,12.0,2.866144368161369,0.0,0.0,0.0,1.0,0.0,1.0
13,155,8.904734299283374,8.161948611553072,0.0,1.0,0.0,1.0,1.0,0.0
14,155,2.4305387285460736,5.518094407858095,1.0,0.0,1.0,0.0,0.0,0.0
15,155,11.66007533434003,3.046591604561442,0.0,0.0,0.0,0.0,1.0,0.0
16,155,7.381723462610839,0.4090198814272333,0.0,1.0,0.0,0.0,0.0,0.0
17,155,6.645524402131519,12.0,1.0,0.0,0.0,0.0,0.0,0.0
18,155,5.861055939601542,0.0,0.0,1.0,1.0,1.0,0.0,0.0
19,155,5.842744174064945,11.737371285061975,1.0,0.0,1.0,1.0,0.0,0.0
20,155,1.3259372556654756,9.19737329159596,0.0,1.0,0.0,1.0,0.0,1.0
21,155,0.8666273566839942,12.0,1.0,0.0,0.0,0.0,0.0,0.0
22,155,0.2559293685162545,6.752071105832024,0.0,1.0,0.0,0.0,1.0,0.0
23,155,0.0,7.867594666692295,1.0,1.0,0.0,0.0,1.0,0.0
24,155,3.367333197187273,3.584336780574425,1.0,1.0,1.0,0.0,1.0,0.0
25,155,10.127879596279897,12.0,0.0,0.0,1.0,1.0,1.0,0.0
26,155,10.394810804938643,6.867159432291831,1.0,0.0,1.0,0.0,0.0,0.0
27,155,3.298115661453236,2.916702479021477,0.0,1.0,1.0,0.0,1.0,0.0
28,155,8.436993910045874,0.0,0.0,1.0,0.0,1.0,1.0,0.0
29,155,3.92917324943392,6.082293451299801,1.0,0.0,0.0,0.0,0.0,0.0
30,155,7.869542118966253,10.562230921090237,0.0,0.0,0.0,0.0,0.0,1.0
31,155,3.876998734876151,12.0,1.0,1.0,1.0,1.0,1.0,0.0
32,155,9.674545448966798,0.0,0.0,0.0,1.0,0.0,1.0,0.0
33,155,7.886903775460055,9.700843175104772,0.0,1.0,0.0,1.0,1.0,0.0
34,155,5.779002061174689,4.478428126555598,0.0,1.0,1.0,0.0,0.0,1.0
35,155,5.053967316081209,8.363690753360967,0.0,0.0,0.0,0.0,0.0,1.0
36,155,11.303435698862888,1.636179302796117,0.0,0.0,0.0,1.0,0.0,1.0
37,155,11.67733372410729,0.5667910693785053,1.0,0.0,0.0,0.0,0.0,1.0
38,155,11.725543225543433,6.490768557310737,0.0,1.0,0.0,1.0,1.0,1.0
39,155,8.0568091460842,4.008584944431696,1.0,0.0,1.0,1.0,1.0,0.0
0,160,6.025823374478587,11.68863682230618,0.0,1.0,0.0,0.0,1.0,1.0
1,160,8.84838933694571,5.291613637919682,1.0,0.0,0.0,1.0,1.0,0.0
2,160,2.787574387482878,1.5096094223274965,0.0,0.0,1.0,0.0,0.0,1.0
3,160,0.0,5.266592838378172,1.0,0.0,0.0,0.0,0.0,0.0
4,160,9.090843192441268,1.6136127976629957,0.0,0.0,0.0,0.0,0.0,1.0
5,160,9.796951761060395,0.7834607328184074,1.0,0.0,1.0,0.0,0.0,0.0
6,160,5.987904558980011,0.2795595348659593,0.0,1.0,0.0,1.0,0.0,1.0
7,160,12.0,3.80936456995464,0.0,1.0,1.0,1.0,1.0,1.0
8,160,5.945567054249228,10.575896275135875,1.0,0.0,0.0,0.0,0.0,0.0
9,160,0.8057172815766774,2.1083006843280088,0.0,0.0,1.0,1.0,0.0,0.0
10,160,9.85738591458744,7.868085741556437,1.0,0.0,1.0,1.0,0.0,0.0
11,160,9.503447397406465,1.797960932893569,0.0,1.0,1.0,0.0,1.0,1.0
12,160,12.0,2.958766462367836,0.0,0.0,0.0,1.0,0.0,1.0
13,160,8.905948584094963,8.163501944837387,0.0,1.0,0.0,1.0,1.0,0.0
14,160,2.503928005277519,5.4368671192203415,1.0,0.0,1.0,0.0,0.0,0.0
15,160,11.610965723996127,3.1005361129161693,0.0,0.0,0.0,0.0,1.0,0.0
16,160,7.4216819804831955,0.420979838468118,0.0,1.0,0.0,0.0,0.0,0.0
17,160,6.648479480708184,12.0,1.0,0.0,0.0,0.0,0.0,0.0
18,160,5.923982274152288,0.0,0.0,1.0,1.0,1.0,0.0,0.0
19,160,5.714650747487011,11.863218960109217,1.0,0.0,1.0,1.0,0.0,0.0
20,160,1.3083595109046169,9.09585722550512,0.0,1.0,0.0,1.0,0.0,1.0
21,160,0.8932807086517544,12.0,1.0,0.0,0.0,0.0,0.0,0.0
22,160,0.2468284453553366,6.734267327335709,0.0,1.0,0.0,0.0,1.0,0.0
23,160,0.0,7.960175703083468,1.0,1.0,0.0,0.0,1.0,0.0
24,160,3.4387473098518253,3.531182415468407,1.0,1.0,1.0,0.0,1.0,0.0
25,160,10.02533444647484,12.0,0.0,0.0,1.0,1.0,1.0,0.0
26,160,10.471132138714824,6.895193460838962,1.0,0.0,1.0,0.0,0.0,0.0
27,160,3.398403682736475,2.869364908207133,0.0,1.0,1.0,0.0,1.0,0.0
28,160,8.45633893600062,0.0335045769417152,0.0,1.0,0.0,1.0,1.0,0.0
29,160,3.9751931223666728,5.945203989069256,1.0,0.0,0.0,0.0,0.0,0.0
30,160,7.904249753432282,10.537190621546095,0.0,0.0,0.0,0.0,0.0,1.0
31,160,4.032971559112136,12.0,1.0,1.0,1.0,1.0,1.0,0.0
32,160,9.61296182923294,0.0,0.0,0.0,1.0,0.0,1.0,0.0
33,160,7.81248696822333,9.56664041840337,0.0,1.0,0.0,1.0,1.0,0.0
34,160,5.811101072829271,4.423087875450817,0.0,1.0,1.0,0.0,0.0,1.0
35,160,5.183948233530345,8.37226305533778,0.0,0.0,0.0,0.0,0.0,1.0
36,160,11.28657168350644,1.6042017138257278,0.0,0.0,0.0,1.0,0.0,1.0
37,160,11.692192176139754,0.4817604740409817,1.0,0.0,0.0,0.0,0.0,1.0
38,160,11.71333071595073,6.571280580375198,0.0,1.0,0.0,1.0,1.0,1.0
39,160,8.09776373376619,3.9651572598415097,1.0,0.0,1.0,1.0,1.0,0.0
0,165,6.023040176739773,11.683831892508389,0.0,1.0,0.0,0.0,1.0,1.0
1,165,8.877241168897697,5.209676433000149,1.0,0.0,0.0,1.0,1.0,0.0
2,165,2.610590447953743,1.5353752461739758,0.0,0.0,1.0,0.0,0.0,1.0
3,165,0.0,5.300729629399161,1.0,0.0,0.0,0.0,0.0,0.0
4,165,9.0513641469529,1.5030457608485173,0.0,0.0,0.0,0.0,0.0,1.0
5,165,9.8210600306766,0.7678785694990192,1.0,0.0,1.0,0.0,0.0,0.0
6,165,5.959578804863847,0.1118987468475501,0.0,1.0,0.0,1.0,0.0,1.0
7,165,12.0,3.903889064380845,0.0,1.0,1.0,1.0,1.0,1.0
8,165,5.917954466452446,10.44800726124764,1.0,0.0,0.0,0.0,0.0,0.0
9,165,0.8391247785355348,2.08181790985479,0.0,0.0,1.0,1.0,0.0,0.0
10,165,9.94342576779225,7.861998012156065,1.0,0.0,1.0,1.0,0.0,0.0
11,165,9.4884836731998,1.7814511348134905,0.0,1.0,1.0,0.0,1.0,1.0
12,165,12.0,3.059941590394845,0.0,0.0,0.0,1.0,0.0,1.0
13,165,8.924519922397238,8.188015360625604,0.0,1.0,0.0,1.0,1.0,0.0
14,165,2.5837046467551783,5.350948734259377,1.0,0.0,1.0,0.0,0.0,0.0
15,165,11.565400806261332,3.152563893947693,0.0,0.0,0.0,0.0,1.0,0.0
16,165,7.45983872165456,0.4327671623845274,0.0,1.0,0.0,0.0,0.0,0.0
17,165,6.652440011953546,12.0,1.0,0.0,0.0,0.0,0.0,0.0
18,165,5.997327892580123,0.0,0.0,1.0,1.0,1.0,0.0,0.0
19,165,5.584590055533067,11.992080186995135,1.0,0.0,1.0,1.0,0.0,0.0
20,165,1.2901070257371952,8.991252552388621,0.0,1.0,0.0,1.0,0.0,1.0
21,165,0.9004378654160424,12.0,1.0,0.0,0.0,0.0,0.0,0.0
22,165,0.2320967351477278,6.704975819640559,0.0,1.0,0.0,0.0,1.0,0.0
23,165,0.0,8.075938489436693,1.0,1.0,0.0,0.0,1.0,0.0
24,165,3.522998540106787,3.467458846726488,1.0,1.0,1.0,0.0,1.0,0.0
25,165,9.922907938236047,12.0,0.0,0.0,1.0,1.0,1.0,0.0
26,165,10.56764469234989,6.927568344164237,1.0,0.0,1.0,0.0,0.0,0.0
27,165,3.516562007164746,2.81303375526305,0.0,1.0,1.0,0.0,1.0,0.0
28,165,8.477295355931638,0.0702425109031037,0.0,1.0,0.0,1.0,1.0,0.0
29,165,4.0204623311042536,5.808316839349617,1.0,0.0,0.0,0.0,0.0,0.0
30,165,7.947585411212077,10.504417961731866,0.0,0.0,0.0,0.0,0.0,1.0
31,165,4.191052482780501,12.0,1.0,1.0,1.0,1.0,1.0,0.0
32,165,9.536004546546751,0.0,0.0,0.0,1.0,0.0,1.0,0.0
33,165,7.743959460045608,9.439895037276113,0.0,1.0,0.0,1.0,1.0,0.0
34,165,5.850339124510311,4.3550314226360936,0.0,1.0,1.0,0.0,0.0,1.0
35,165,5.298740513199732,8.379090378304966,0.0,0.0,0.0,0.0,0.0,1.0
36,165,11.26824458543119,1.5664126970577987,0.0,0.0,0.0,1.0,0.0,1.0
37,165,11.706850251837082,0.4075698333896445,1.0,0.0,0.0,0.0,0.0,1.0
38,165,11.70328144853318,6.6372388637931605,0.0,1.0,0.0,1.0,1.0,1.0
39,165,8.136546493208623,3.923048387856461,1.0,0.0,1.0,1.0,1.0,0.0
0,170,6.027823682249484,11.691884631844465,0.0,1.0,0.0,0.0,1.0,1.0
1,170,8.90901496872616,5.119083721529528,1.0,0.0,0.0,1.0,1.0,0.0
2,170,2.419790742330047,1.562883751577251,0.0,0.0,1.0,0.0,0.0,1.0
3,170,0.0,5.326715618925896,1.0,0.0,0.0,0.0,0.0,0.0
4,170,9.01867021215586,1.4049104834186703,0.0,0.0,0.0,0.0,0.0,1.0
5,170,9.838909389003415,0.7561872623369885,1.0,0.0,1.0,0.0,0.0,0.0
6,170,5.926702052562795,0.0,0.0,1.0,0.0,1.0,0.0,1.0
7,170,12.0,3.986862197609253,0.0,1.0,1.0,1.0,1.0,1.0
8,170,5.884013175279964,10.308759463940318,1.0,0.0,0.0,0.0,0.0,0.0
9,170,0.8565427385147887,2.0676684868082678,0.0,0.0,1.0,1.0,0.0,0.0
10,170,10.02071354823634,7.855855942307224,1.0,0.0,1.0,1.0,0.0,0.0
11,170,9.471378255962575,1.7618232470641924,0.0,1.0,1.0,0.0,1.0,1.0
12,170,12.0,3.169406589865737,0.0,0.0,0.0,1.0,0.0,1.0
13,170,8.936690669080752,8.204409514248265,0.0,1.0,0.0,1.0,1.0,0.0
14,170,2.669679996456855,5.25598779528208,1.0,0.0,1.0,0.0,0.0,0.0
15,170,11.527181858435496,3.198352042013753,0.0,0.0,0.0,0.0,1.0,0.0
16,170,7.494899960792808,0.4447394771237815,0.0,1.0,0.0,0.0,0.0,0.0
17,170,6.660440095554277,12.0,1.0,0.0,0.0,0.0,0.0,0.0
18,170,6.059167242363659,0.0,0.0,1.0,1.0,1.0,0.0,0.0
19,170,5.453708774482398,12.0,1.0,0.0,1.0,1.0,0.0,0.0
20,170,1.2733049710161757,8.896063308923873,0.0,1.0,0.0,1.0,0.0,1.0
21,170,0.928816473631398,12.0,1.0,0.0,0.0,0.0,0.0,0.0
22,170,0.2268563552195335,6.69363097322779,0.0,1.0,0.0,0.0,1.0,0.0
23,170,0.0,8.181001221299532,1.0,1.0,0.0,0.0,1.0,0.0
24,170,3.600410208135434,3.4124685712928526,1.0,1.0,1.0,0.0,1.0,0.0
25,170,9.823821456570052,12.0,0.0,0.0,1.0,1.0,1.0,0.0
26,170,10.65441892241801,6.957465000823936,1.0,0.0,1.0,0.0,0.0,0.0
27,170,3.620141643368104,2.763041085002797,0.0,1.0,1.0,0.0,1.0,0.0
28,170,8.510970027306474,0.1278258139511703,0.0,1.0,0.0,1.0,1.0,0.0
29,170,4.06626771685827,5.660314704627732,1.0,0.0,0.0,0.0,0.0,0.0
30,170,7.981724673021908,10.477762076537934,0.0,0.0,0.0,0.0,0.0,1.0
31,170,4.343803996966068,12.0,1.0,1.0,1.0,1.0,1.0,0.0
32,170,9.468328339359552,0.0,0.0,0.0,1.0,0.0,1.0,0.0
33,170,7.662118677301324,9.294121735944712,0.0,1.0,0.0,1.0,1.0,0.0
34,170,5.893617604812464,4.276849839569449,0.0,1.0,1.0,0.0,0.0,1.0
35,170,5.429536638546373,8.388062208914262,0.0,0.0,0.0,0.0,0.0,1.0
36,170,11.24042704368271,1.5041340907596896,0.0,0.0,0.0,1.0,0.0,1.0
37,170,11.721236182322144,0.3319272715888814,1.0,0.0,0.0,0.0,0.0,1.0
38,170,11.69228644875095,6.705009072577436,0.0,1.0,0.0,1.0,1.0,1.0
39,170,8.185262954021855,3.871776120878144,1.0,0.0,1.0,1.0,1.0,0.0
0,175,6.025869747886034,11.69303407500127,0.0,1.0,0.0,0.0,1.0,1.0
1,175,8.945799304863845,5.018916011499175,1.0,0.0,0.0,1.0,1.0,0.0
2,175,2.238481735368285,1.5941747081289128,0.0,0.0,1.0,0.0,0.0,1.0
3,175,0.0,5.347756950584433,1.0,0.0,0.0,0.0,0.0,0.0
4,175,8.988888461461059,1.319712553896054,0.0,0.0,0.0,0.0,0.0,1.0
5,175,9.853746104401896,0.7459711006226353,1.0,0.0,1.0,0.0,0.0,0.0
6,175,5.897582302893459,0.0,0.0,1.0,0.0,1.0,0.0,1.0
7,175,12.0,4.068101686843497,0.0,1.0,1.0,1.0,1.0,1.0
8,175,5.849484254074179,10.165863940255162,1.0,0.0,0.0,0.0,0.0,0.0
9,175,0.8866703254433389,2.0422410134212576,0.0,0.0,1.0,1.0,0.0,0.0
10,175,10.09430041410911,7.848800460370873,1.0,0.0,1.0,1.0,0.0,0.0
11,175,9.460127516745866,1.748651651605334,0.0,1.0,1.0,0.0,1.0,1.0
12,175,12.0,3.286645988077316,0.0,0.0,0.0,1.0,0.0,1.0
13,175,8.945600770188092,8.216401526890882,0.0,1.0,0.0,1.0,1.0,0.0
14,175,2.7386953025251763,5.178775682310788,1.0,0.0,1.0,0.0,0.0,0.0
15,175,11.490384676780527,3.2402108817383377,0.0,0.0,0.0,0.0,1.0,0.0
16,175,7.527566521999305,0.4555320557210734,0.0,1.0,0.0,0.0,0.0,0.0
17,175,6.668092208861442,12.0,1.0,0.0,0.0,0.0,0.0,0.0
18,175,6.1096432061637005,0.0,0.0,1.0,1.0,1.0,0.0,0.0
19,175,5.314101286427218,12.0,1.0,0.0,1.0,1.0,0.0,0.0
20,175,1.2529693844470422,8.79264928566829,0.0,1.0,0.0,1.0,0.0,1.0
21,175,0.9589337645991148,12.0,1.0,0.0,0.0,0.0,0.0,0.0
22,175,0.2241333073105114,6.6877371174804585,0.0,1.0,0.0,0.0,1.0,0.0
23,175,0.0,8.276715724473883,1.0,1.0,0.0,0.0,1.0,0.0
24,175,3.6765667840990433,3.359293564742478,1.0,1.0,1.0,0.0,1.0,0.0
25,175,9.740020012397755,12.0,0.0,0.0,1.0,1.0,1.0,0.0
26,175,10.74725855538118,6.989163293369447,1.0,0.0,1.0,0.0,0.0,0.0
27,175,3.717255076716394,2.7140273094419363,0.0,1.0,1.0,0.0,1.0,0.0
28,175,8.542611944795206,0.1838953239775701,0.0,1.0,0.0,1.0,1.0,0.0
29,175,4.107609754851537,5.529162881775616,1.0,0.0,0.0,0.0,0.0,0.0
30,175,8.044898479480148,10.429491450568683,0.0,0.0,0.0,0.0,0.0,1.0
31,175,4.479205677518238,12.0,1.0,1.0,1.0,1.0,1.0,0.0
32,175,9.39031545636923,0.0,0.0,0.0,1.0,0.0,1.0,0.0
33,175,7.57093939020428,9.12369216168297,0.0,1.0,0.0,1.0,1.0,0.0
34,175,5.932957148501298,4.207137285378198,0.0,1.0,1.0,0.0,0.0,1.0
35,175,5.556198093203802,8.396120422102051,0.0,0.0,0.0,0.0,0.0,1.0
36,175,11.21619808937389,1.447798314650775,0.0,0.0,0.0,1.0,0.0,1.0
37,175,11.73406060272348,0.254374871704042,1.0,0.0,0.0,0.0,0.0,1.0
38,175,11.684077194821963,6.755150925935978,0.0,1.0,0.0,1.0,1.0,1.0
39,175,8.219126752163794,3.8358770630225782,1.0,0.0,1.0,1.0,1.0,0.0
0,180,6.016267668460076,11.698513853882396,0.0,1.0,0.0,0.0,1.0,1.0
1,180,8.98239378808496,4.915679455517877,1.0,0.0,0.0,1.0,1.0,0.0
2,180,2.072707799809985,1.6264842416592349,0.0,0.0,1.0,0.0,0.0,1.0
3,180,0.0,5.374079754642274,1.0,0.0,0.0,0.0,0.0,0.0
4,180,8.967137430454054,1.2540579932176472,0.0,0.0,0.0,0.0,0.0,1.0
5,180,9.861715772676687,0.7406634513132967,1.0,0.0,1.0,0.0,0.0,0.0
6,180,5.872611420927633,0.0,0.0,1.0,0.0,1.0,0.0,1.0
7,180,12.0,4.169835853324726,0.0,1.0,1.0,1.0,1.0,1.0
8,180,5.811678866527653,10.024988764925489,1.0,0.0,0.0,0.0,0.0,0.0
9,180,0.9349830546418832,2.002247782833967,0.0,0.0,1.0,1.0,0.0,0.0
10,180,10.134809276332827,7.844585074412808,1.0,0.0,1.0,1.0,0.0,0.0
11,180,9.453258310692918,1.7403658522626992,0.0,1.0,1.0,0.0,1.0,1.0
12,180,12.0,3.40956901999274,0.0,0.0,0.0,1.0,0.0,1.0
13,180,8.954148271919035,8.22732693402873,0.0,1.0,0.0,1.0,1.0,0.0
14,180,2.7986625108427297,5.114847203457765,1.0,0.0,1.0,0.0,0.0,0.0
15,180,11.462152094110724,3.272103699380324,0.0,0.0,0.0,0.0,1.0,0.0
16,180,7.556763757118217,0.4659230481015237,0.0,1.0,0.0,0.0,0.0,0.0
17,180,6.679784118615886,12.0,1.0,0.0,0.0,0.0,0.0,0.0
18,180,6.159590023614033,0.0,0.0,1.0,1.0,1.0,0.0,0.0
19,180,5.185338092508226,12.0,1.0,0.0,1.0,1.0,0.0,0.0
20,180,1.2322362453978315,8.696829102016771,0.0,1.0,0.0,1.0,0.0,1.0
21,180,0.9928075053246612,12.0,1.0,0.0,0.0,0.0,0.0,0.0
22,180,0.2312156591868549,6.702326504440994,0.0,1.0,0.0,0.0,1.0,0.0
23,180,0.0,8.369154823249882,1.0,1.0,0.0,0.0,1.0,0.0
24,180,3.732072974618376,3.3210413245276094,1.0,1.0,1.0,0.0,1.0,0.0
25,180,9.669680299066233,12.0,0.0,0.0,1.0,1.0,1.0,0.0
26,180,10.850401940155129,7.024664953014992,1.0,0.0,1.0,0.0,0.0,0.0
27,180,3.834874265545234,2.6544384562049155,0.0,1.0,1.0,0.0,1.0,0.0
28,180,8.574939076007277,0.2403558862959497,0.0,1.0,0.0,1.0,1.0,0.0
29,180,4.151605572470663,5.393092636650006,1.0,0.0,0.0,0.0,0.0,0.0
30,180,8.099178457654093,10.387780791451178,0.0,0.0,0.0,0.0,0.0,1.0
31,180,4.618052249067831,12.0,1.0,1.0,1.0,1.0,1.0,0.0
32,180,9.296130187462932,0.0,0.0,0.0,1.0,0.0,1.0,0.0
33,180,7.487050499832594,8.96748199192025,0.0,1.0,0.0,1.0,1.0,0.0
34,180,5.966523692956147,4.146582863262341,0.0,1.0,1.0,0.0,0.0,1.0
35,180,5.693051044065603,8.402736426894153,0.0,0.0,0.0,0.0,0.0,1.0
36,180,11.18561785282367,1.374971931704477,0.0,0.0,0.0,1.0,0.0,1.0
37,180,11.74833197410867,0.1551069440676675,1.0,0.0,0.0,0.0,0.0,1.0
38,180,11.675692011730632,6.799092678355516,0.0,1.0,0.0,1.0,1.0,1.0
39,180,8.249955716814775,3.8043226148106775,1.0,0.0,1.0,1.0,1.0,0.0
0,185,6.0197484447207525,11.69647114866913,0.0,1.0,0.0,0.0,1.0,1.0
1,185,9.02070438276808,4.79963662797447,1.0,0.0,0.0,1.0,1.0,0.0
2,185,1.916446212656954,1.6566868924489149,0.0,0.0,1.0,0.0,0.0,1.0
3,185,0.0,5.396554563988763,1.0,0.0,0.0,0.0,0.0,0.0
4,185,8.929970834299583,1.1534102035071871,0.0,0.0,0.0,0.0,0.0,1.0
5,185,9.845998228424682,0.7508691231703765,1.0,0.0,1.0,0.0,0.0,0.0
6,185,5.843880325329942,0.0,0.0,1.0,0.0,1.0,0.0,1.0
7,185,12.0,4.249789491107824,0.0,1.0,1.0,1.0,1.0,1.0
8,185,5.768423841219966,9.868529876141242,1.0,0.0,0.0,0.0,0.0,0.0
9,185,1.002627308596303,1.948725318541198,0.0,0.0,1.0,1.0,0.0,0.0
10,185,10.181876409532212,7.839783713973176,1.0,0.0,1.0,1.0,0.0,0.0
11,185,9.442920472205584,1.7273290610781291,0.0,1.0,1.0,0.0,1.0,1.0
12,185,12.0,3.546809313789626,0.0,0.0,0.0,1.0,0.0,1.0
13,185,8.95426578333928,8.227475245256676,0.0,1.0,0.0,1.0,1.0,0.0
14,185,2.8563905791018835,5.053118944292941,1.0,0.0,1.0,0.0,0.0,0.0
15,185,11.426285122081994,3.312409507322679,0.0,0.0,0.0,0.0,1.0,0.0
16,185,7.583055903475531,0.4762248839432518,0.0,1.0,0.0,0.0,0.0,0.0
17,185,6.694632797201908,12.0,1.0,0.0,0.0,0.0,0.0,0.0
18,185,6.210777382955433,0.0,0.0,1.0,1.0,1.0,0.0,0.0
19,185,5.040229672028749,12.0,1.0,0.0,1.0,1.0,0.0,0.0
20,185,1.2067277405796075,8.585507253676909,0.0,1.0,0.0,1.0,0.0,1.0
21,185,1.0320964897769611,12.0,1.0,0.0,0.0,0.0,0.0,0.0
22,185,0.2319911331289869,6.70393984967562,0.0,1.0,0.0,0.0,1.0,0.0
23,185,0.0,8.482246769450352,1.0,1.0,0.0,0.0,1.0,0.0
24,185,3.7885421968663087,3.281910936013064,1.0,1.0,1.0,0.0,1.0,0.0
25,185,9.597610672507274,12.0,0.0,0.0,1.0,1.0,1.0,0.0
26,185,10.955391320815526,7.062767556035716,1.0,0.0,1.0,0.0,0.0,0.0
27,185,3.941251195558837,2.6039068563616823,0.0,1.0,1.0,0.0,1.0,0.0
28,185,8.609465143839747,0.297072715136983,0.0,1.0,0.0,1.0,1.0,0.0
29,185,4.192994704902843,5.267721757542649,1.0,0.0,0.0,0.0,0.0,0.0
30,185,8.152851151051768,10.3455624436669,0.0,0.0,0.0,0.0,0.0,1.0
31,185,4.75936797986986,12.0,1.0,1.0,1.0,1.0,1.0,0.0
32,185,9.19995129487646,0.0,0.0,0.0,1.0,0.0,1.0,0.0
33,185,7.413071697477288,8.833273140878239,0.0,1.0,0.0,1.0,1.0,0.0
34,185,5.99655279374163,4.0901096210636005,0.0,1.0,1.0,0.0,0.0,1.0
35,185,5.813711485774333,8.407952806178526,0.0,0.0,0.0,0.0,0.0,1.0
36,185,11.151279476554588,1.29839698945578,0.0,0.0,0.0,1.0,0.0,1.0
37,185,11.76043094028745,0.0709563149932174,1.0,0.0,0.0,0.0,0.0,1.0
38,185,11.664296784419424,6.855688340359551,0.0,1.0,0.0,1.0,1.0,1.0
39,185,8.283231079184935,3.768777624047456,1.0,0.0,1.0,1.0,1.0,0.0
0,190,6.01531899787894,11.699137539470646,0.0,1.0,0.0,0.0,1.0,1.0
1,190,9.052811414977326,4.695390027169383,1.0,0.0,0.0,1.0,1.0,0.0
2,190,1.773667748356317,1.6810933049569396,0.0,0.0,1.0,0.0,0.0,1.0
3,190,0.0,5.422001564804574,1.0,0.0,0.0,0.0,0.0,0.0
4,190,8.88840890681501,1.04803158849399,0.0,0.0,0.0,0.0,0.0,1.0
5,190,9.824055112304846,0.7655679225522951,1.0,0.0,1.0,0.0,0.0,0.0
6,190,5.818508587330596,0.0,0.0,1.0,0.0,1.0,0.0,1.0
7,190,12.0,4.334727675670633,0.0,1.0,1.0,1.0,1.0,1.0
8,190,5.726953588213125,9.7019106186562,1.0,0.0,0.0,0.0,0.0,0.0
9,190,1.0697822166534543,1.8925654256185456,0.0,0.0,1.0,1.0,0.0,0.0
10,190,10.248306812609242,7.831761751325459,1.0,0.0,1.0,1.0,0.0,0.0
11,190,9.426448889047505,1.706522308408608,0.0,1.0,1.0,0.0,1.0,1.0
12,190,12.0,3.6748244525130858,0.0,0.0,0.0,1.0,0.0,1.0
13,190,8.953934082658469,8.227032540006347,0.0,1.0,0.0,1.0,1.0,0.0
14,190,2.9142866809580497,4.992499812195633,1.0,0.0,1.0,0.0,0.0,0.0
15,190,11.395111221568712,3.347482100166101,0.0,0.0,0.0,0.0,1.0,0.0
16,190,7.602636612777273,0.4842440173786593,0.0,1.0,0.0,0.0,0.0,0.0
17,190,6.715224771141365,12.0,1.0,0.0,0.0,0.0,0.0,0.0
18,190,6.288957229717825,0.0,0.0,1.0,1.0,1.0,0.0,0.0
19,190,4.898321343901907,12.0,1.0,0.0,1.0,1.0,0.0,0.0
20,190,1.1767352785386014,8.469548303914966,0.0,1.0,0.0,1.0,0.0,1.0
21,190,1.057667288459461,12.0,1.0,0.0,0.0,0.0,0.0,0.0
22,190,0.2362286351064647,6.713097583860378,0.0,1.0,0.0,0.0,1.0,0.0
23,190,0.0,8.61042156192035,1.0,1.0,0.0,0.0,1.0,0.0
24,190,3.83705670284497,3.248528804905777,1.0,1.0,1.0,0.0,1.0,0.0
25,190,9.539433117801323,12.0,0.0,0.0,1.0,1.0,1.0,0.0
26,190,11.089338101527648,7.113262846164434,1.0,0.0,1.0,0.0,0.0,0.0
27,190,4.055120326965315,2.5551699995498547,0.0,1.0,1.0,0.0,1.0,0.0
28,190,8.639446127051162,0.3468500685464886,0.0,1.0,0.0,1.0,1.0,0.0
29,190,4.239660195865064,5.1252108130680645,1.0,0.0,0.0,0.0,0.0,0.0
30,190,8.214140299847529,10.29652170867988,0.0,0.0,0.0,0.0,0.0,1.0
31,190,4.892157395060412,12.0,1.0,1.0,1.0,1.0,1.0,0.0
32,190,9.121294786801084,0.0,0.0,0.0,1.0,0.0,1.0,0.0
33,190,7.34388600064346,8.711794423096405,0.0,1.0,0.0,1.0,1.0,0.0
34,190,6.013686032440474,4.057380467758266,0.0,1.0,1.0,0.0,0.0,1.0
35,190,5.928804757275513,8.413427707495718,0.0,0.0,0.0,0.0,0.0,1.0
36,190,11.110336543928303,1.2099666396891051,0.0,0.0,0.0,1.0,0.0,1.0
37,190,11.774411081370191,0.0,1.0,0.0,0.0,0.0,0.0,1.0
38,190,11.654496794495886,6.903751339336097,0.0,1.0,0.0,1.0,1.0,1.0
39,190,8.318420597402262,3.730979572609708,1.0,0.0,1.0,1.0,1.0,0.0
0,195,6.000451957677205,11.707653452324584,0.0,1.0,0.0,0.0,1.0,1.0
1,195,9.084341092814327,4.5860651684759,1.0,0.0,0.0,1.0,1.0,0.0
2,195,1.6570234995355488,1.6992608190466858,0.0,0.0,1.0,0.0,0.0,1.0
3,195,0.0,5.435063695475368,1.0,0.0,0.0,0.0,0.0,0.0
4,195,8.839757547938309,0.92669099226337,0.0,0.0,0.0,0.0,0.0,1.0
5,195,9.801395626454491,0.7806642532683234,1.0,0.0,1.0,0.0,0.0,0.0
6,195,5.790429431916208,0.0,0.0,1.0,0.0,1.0,0.0,1.0
7,195,12.0,4.406363109854345,0.0,1.0,1.0,1.0,1.0,1.0
8,195,5.688049574108948,9.541747402382274,1.0,0.0,0.0,0.0,0.0,0.0
9,195,1.1209201734287206,1.8458355772106296,0.0,0.0,1.0,1.0,0.0,0.0
10,195,10.318982749805109,7.824911377019858,1.0,0.0,1.0,1.0,0.0,0.0
11,195,9.413639252664629,1.6895250786607576,0.0,1.0,1.0,0.0,1.0,1.0
12,195,12.0,3.821889207122254,0.0,0.0,0.0,1.0,0.0,1.0
13,195,8.954044957263239,8.22717077539578,0.0,1.0,0.0,1.0,1.0,0.0
14,195,2.961067789098794,4.941693621261893,1.0,0.0,1.0,0.0,0.0,0.0
15,195,11.363638856400128,3.3831487802376525,0.0,0.0,0.0,0.0,1.0,0.0
16,195,7.630656118876525,0.4955426169377482,0.0,1.0,0.0,0.0,0.0,0.0
17,195,6.727880029259228,12.0,1.0,0.0,0.0,0.0,0.0,0.0
18,195,6.381693160556594,0.0,0.0,1.0,1.0,1.0,0.0,0.0
19,195,4.768163561209247,12.0,1.0,0.0,1.0,1.0,0.0,0.0
20,195,1.148791627513918,8.354292696666914,0.0,1.0,0.0,1.0,0.0,1.0
21,195,1.0894610195848702,12.0,1.0,0.0,0.0,0.0,0.0,0.0
22,195,0.2422183828623707,6.725760947110817,0.0,1.0,0.0,0.0,1.0,0.0
23,195,0.0,8.75003202998444,1.0,1.0,0.0,0.0,1.0,0.0
24,195,3.8669053376696905,3.2273954777237663,1.0,1.0,1.0,0.0,1.0,0.0
25,195,9.473352487593278,12.0,0.0,0.0,1.0,1.0,1.0,0.0
26,195,11.217536884223753,7.161683551672011,1.0,0.0,1.0,0.0,0.0,0.0
27,195,4.185953437358446,2.5014212914978917,0.0,1.0,1.0,0.0,1.0,0.0
28,195,8.665875329201006,0.3888414277781994,0.0,1.0,0.0,1.0,1.0,0.0
29,195,4.286813032236,4.977560872662074,1.0,0.0,0.0,0.0,0.0,0.0
30,195,8.274888777909213,10.249953060722676,0.0,0.0,0.0,0.0,0.0,1.0
31,195,5.023099250958959,12.0,1.0,1.0,1.0,1.0,1.0,0.0
32,195,9.028047120810228,0.0,0.0,0.0,1.0,0.0,1.0,0.0
33,195,7.270819613474964,8.580715954395203,0.0,1.0,0.0,1.0,1.0,0.0
34,195,6.024619398420712,4.03701785328794,0.0,1.0,1.0,0.0,0.0,1.0
35,195,6.034557930742396,8.417790578430882,0.0,0.0,0.0,0.0,0.0,1.0
36,195,11.078295226216206,1.1370336172760187,0.0,0.0,0.0,1.0,0.0,1.0
37,195,11.788705976578802,0.0,1.0,0.0,0.0,0.0,0.0,1.0
38,195,11.640592951769571,6.972791927948621,0.0,1.0,0.0,1.0,1.0,1.0
39,195,8.3550247559943,3.69084978526024,1.0,0.0,1.0,1.0,1.0,0.0
0,200,5.973208837861362,11.72330653441057,0.0,1.0,0.0,0.0,1.0,1.0
1,200,9.108349704467116,4.494010386392124,1.0,0.0,0.0,1.0,1.0,0.0
2,200,1.5445059597140047,1.714966729346453,0.0,0.0,1.0,0.0,0.0,1.0
3,200,0.0,5.4432123815288245,1.0,0.0,0.0,0.0,0.0,0.0
4,200,8.790753923964493,0.7977037264477035,0.0,0.0,0.0,0.0,0.0,1.0
5,200,9.785708248266442,0.791584345573133,1.0,0.0,1.0,0.0,0.0,0.0
6,200,5.765515492133634,0.0,0.0,1.0,0.0,1.0,0.0,1.0
7,200,12.0,4.503685501417151,0.0,1.0,1.0,1.0,1.0,1.0
8,200,5.653581833693184,9.38249033722576,1.0,0.0,0.0,0.0,0.0,0.0
9,200,1.1715730007730067,1.798934060530623,0.0,0.0,1.0,1.0,0.0,0.0
10,200,10.407352731466274,7.815494189736245,1.0,0.0,1.0,1.0,0.0,0.0
11,200,9.400666455736056,1.6714502721917872,0.0,1.0,1.0,0.0,1.0,1.0
12,200,12.0,3.9902316555865984,0.0,0.0,0.0,1.0,0.0,1.0
13,200,8.949003385553395,8.221113286140293,0.0,1.0,0.0,1.0,1.0,0.0
14,200,2.991614914803785,4.909298348531388,1.0,0.0,1.0,0.0,0.0,0.0
15,200,11.319543090448658,3.4354384655536205,0.0,0.0,0.0,0.0,1.0,0.0
16,200,7.638330027249426,0.4986697680042007,0.0,1.0,0.0,0.0,0.0,0.0
17,200,6.7404358241976245,12.0,1.0,0.0,0.0,0.0,0.0,0.0
18,200,6.471138351464493,0.0,0.0,1.0,1.0,1.0,0.0,0.0
19,200,4.63075265129146,12.0,1.0,0.0,1.0,1.0,0.0,0.0
20,200,1.11884446326518,8.22557874751249,0.0,1.0,0.0,1.0,0.0,1.0
21,200,1.1142575166038502,12.0,1.0,0.0,0.0,0.0,0.0,0.0
22,200,0.2485277769934688,6.73862948751052,0.0,1.0,0.0,0.0,1.0,0.0
23,200,0.0,8.881610839936283,1.0,1.0,0.0,0.0,1.0,0.0
24,200,3.8840150429155713,3.215568580684425,1.0,1.0,1.0,0.0,1.0,0.0
25,200,9.393275176388306,12.0,0.0,0.0,1.0,1.0,1.0,0.0
26,200,11.345593932076708,7.210274353670834,1.0,0.0,1.0,0.0,0.0,0.0
27,200,4.314177301751336,2.447446740018896,0.0,1.0,1.0,0.0,1.0,0.0
28,200,8.687041616812467,0.4217150521701346,0.0,1.0,0.0,1.0,1.0,0.0
29,200,4.336560008126178,4.8209600253588425,1.0,0.0,0.0,0.0,0.0,0.0
30,200,8.328838819255687,10.209231957723006,0.0,0.0,0.0,0.0,0.0,1.0
31,200,5.150284866994326,12.0,1.0,1.0,1.0,1.0,1.0,0.0
32,200,8.903379313269696,0.0,0.0,0.0,1.0,0.0,1.0,0.0
33,200,7.189469033164641,8.45338441421724,0.0,1.0,0.0,1.0,1.0,0.0
34,200,6.0435096175884695,3.998301127561994,0.0,1.0,1.0,0.0,0.0,1.0
35,200,6.146767364605723,8.420855992063172,0.0,0.0,0.0,0.0,0.0,1.0
36,200,11.0437365142126,1.0581655577706397,0.0,0.0,0.0,1.0,0.0,1.0
37,200,11.80783592317164,0.0,1.0,0.0,0.0,0.0,0.0,1.0
38,200,11.62846716221863,7.030912154068314,0.0,1.0,0.0,1.0,1.0,1.0
39,200,8.399119895100274,3.6423862626812102,1.0,0.0,1.0,1.0,1.0,0.0
0,205,5.9235297798897095,11.750431802566732,0.0,1.0,0.0,0.0,1.0,1.0
1,205,9.130692554140444,4.406592152715364,1.0,0.0,0.0,1.0,1.0,0.0
2,205,1.4304693181658574,1.731083839801027,0.0,0.0,1.0,0.0,0.0,1.0
3,205,0.0,5.458349499315523,1.0,0.0,0.0,0.0,0.0,0.0
4,205,8.749148246537516,0.672144538691407,0.0,0.0,0.0,0.0,0.0,1.0
5,205,9.77891005843776,0.7961180890315015,1.0,0.0,1.0,0.0,0.0,0.0
6,205,5.738834274067252,0.0,0.0,1.0,0.0,1.0,0.0,1.0
7,205,12.0,4.614185334194983,0.0,1.0,1.0,1.0,1.0,1.0
8,205,5.616950404416072,9.223400901543965,1.0,0.0,0.0,0.0,0.0,0.0
9,205,1.2287816165096712,1.746525827460708,0.0,0.0,1.0,1.0,0.0,0.0
10,205,10.48238672583994,7.8061095391718816,1.0,0.0,1.0,1.0,0.0,0.0
11,205,9.369204217622292,1.6283556879410117,0.0,1.0,1.0,0.0,1.0,1.0
12,205,12.0,4.150887978577472,0.0,0.0,0.0,1.0,0.0,1.0
13,205,8.949923006002644,8.222261933797736,0.0,1.0,0.0,1.0,1.0,0.0
14,205,3.03151284048665,4.865411814596295,1.0,0.0,1.0,0.0,0.0,0.0
15,205,11.275660538997244,3.4873874736910784,0.0,0.0,0.0,0.0,1.0,0.0
16,205,7.645963675164457,0.5018512210283097,0.0,1.0,0.0,0.0,0.0,0.0
17,205,6.752974379922281,12.0,1.0,0.0,0.0,0.0,0.0,0.0
18,205,6.549026467504612,0.0,0.0,1.0,1.0,1.0,0.0,0.0
19,205,4.480534625329128,12.0,1.0,0.0,1.0,1.0,0.0,0.0
20,205,1.0963694726753728,8.11144307936989,0.0,1.0,0.0,1.0,0.0,1.0
21,205,1.1295976673473005,12.0,1.0,0.0,0.0,0.0,0.0,0.0
22,205,0.2547990304080276,6.750472859116566,0.0,1.0,0.0,0.0,1.0,0.0
23,205,0.0,9.011307366165488,1.0,1.0,0.0,0.0,1.0,0.0
24,205,3.899287596764696,3.2053815306579163,1.0,1.0,1.0,0.0,1.0,0.0
25,205,9.299614432069117,12.0,0.0,0.0,1.0,1.0,1.0,0.0
26,205,11.46982234478202,7.261280453814471,1.0,0.0,1.0,0.0,0.0,0.0
27,205,4.272287023023866,2.348207760856206,0.0,1.0,1.0,0.0,1.0,0.0
28,205,8.709315499316023,0.4563824789531304,0.0,1.0,0.0,1.0,1.0,0.0
29,205,4.393869256240217,4.65559294847134,1.0,0.0,0.0,0.0,0.0,0.0
30,205,8.391403122152244,10.162159290619536,0.0,0.0,0.0,0.0,0.0,1.0
31,205,5.26808767576009,12.0,1.0,1.0,1.0,1.0,1.0,0.0
32,205,8.801867414585645,0.0,0.0,0.0,1.0,0.0,1.0,0.0
33,205,7.115274383882483,8.343413298806823,0.0,1.0,0.0,1.0,1.0,0.0
34,205,6.065725519012826,3.9527194264084726,0.0,1.0,1.0,0.0,0.0,1.0
35,205,6.273204774074653,8.424410900180996,0.0,0.0,0.0,0.0,0.0,1.0
36,205,11.001575593760224,0.9668548512083032,0.0,0.0,0.0,1.0,0.0,1.0
37,205,11.81907086169564,0.0,1.0,0.0,0.0,0.0,0.0,1.0
38,205,11.61327329474417,7.094611136542908,0.0,1.0,0.0,1.0,1.0,1.0
39,205,8.446251360762837,3.589850696283729,1.0,0.0,1.0,1.0,1.0,0.0
0,210,5.881165771986433,11.774460632850577,0.0,1.0,0.0,0.0,1.0,1.0
1,210,9.155543203598071,4.320329624338606,1.0,0.0,0.0,1.0,1.0,0.0
2,210,1.3140009919923863,1.746422232514001,0.0,0.0,1.0,0.0,0.0,1.0
3,210,0.0,5.470044917191889,1.0,0.0,0.0,0.0,0.0,0.0
4,210,8.702854936217255,0.5450753493025071,0.0,0.0,0.0,0.0,0.0,1.0
5,210,9.766877593166912,0.8042860006922251,1.0,0.0,1.0,0.0,0.0,0.0
6,210,5.7075008776811975,0.0,0.0,1.0,0.0,1.0,0.0,1.0
7,210,12.0,4.728593583869543,0.0,1.0,1.0,1.0,1.0,1.0
8,210,5.5817998467750005,9.071730597634517,1.0,0.0,0.0,0.0,0.0,0.0
9,210,1.2768253409698078,1.700590667373196,0.0,0.0,1.0,1.0,0.0,0.0
10,210,10.558309049293529,7.795436130466504,1.0,0.0,1.0,1.0,0.0,0.0
11,210,9.330999319432369,1.571906380849888,0.0,1.0,1.0,0.0,1.0,1.0
12,210,12.0,4.312254222361995,0.0,0.0,0.0,1.0,0.0,1.0
13,210,8.969645473598826,8.245685856092297,0.0,1.0,0.0,1.0,1.0,0.0
14,210,3.0667470696249515,4.827975854958331,1.0,0.0,1.0,0.0,0.0,0.0
15,210,11.237041216656817,3.5341716792909823,0.0,0.0,0.0,0.0,1.0,0.0
16,210,7.664316978549636,0.5090385374417278,0.0,1.0,0.0,0.0,0.0,0.0
17,210,6.76842556383054,12.0,1.0,0.0,0.0,0.0,0.0,0.0
18,210,6.631759463687893,0.0,0.0,1.0,1.0,1.0,0.0,0.0
19,210,4.3359470738220605,12.0,1.0,0.0,1.0,1.0,0.0,0.0
20,210,1.0735641112424263,7.990597114540356,0.0,1.0,0.0,1.0,0.0,1.0
21,210,1.1532350932379594,12.0,1.0,0.0,0.0,0.0,0.0,0.0
22,210,0.2624014116326253,6.764546985460331,0.0,1.0,0.0,0.0,1.0,0.0
23,210,0.0,9.159600245189056,1.0,1.0,0.0,0.0,1.0,0.0
24,210,3.9190151075764823,3.1926907715482797,1.0,1.0,1.0,0.0,1.0,0.0
25,210,9.219161035607828,12.0,0.0,0.0,1.0,1.0,1.0,0.0
26,210,11.601908207229313,7.313038609093004,1.0,0.0,1.0,0.0,0.0,0.0
27,210,4.220865962647536,2.2377226062636617,0.0,1.0,1.0,0.0,1.0,0.0
28,210,8.74154934848096,0.5062897198640763,0.0,1.0,0.0,1.0,1.0,0.0
29,210,4.451929595092668,4.480511327247565,1.0,0.0,0.0,0.0,0.0,0.0
30,210,8.470508856338508,10.10409885972574,0.0,0.0,0.0,0.0,0.0,1.0
31,210,5.388238208151464,12.0,1.0,1.0,1.0,1.0,1.0,0.0
32,210,8.680455068540807,0.0,0.0,0.0,1.0,0.0,1.0,0.0
33,210,7.044141903556076,8.238815755082221,0.0,1.0,0.0,1.0,1.0,0.0
34,210,6.093301242226816,3.894574399915317,0.0,1.0,1.0,0.0,0.0,1.0
35,210,6.415045838155857,8.429660391106024,0.0,0.0,0.0,0.0,0.0,1.0
36,210,10.963948012848048,0.8842319377346932,0.0,0.0,0.0,1.0,0.0,1.0
37,210,11.833035945795697,0.0,1.0,0.0,0.0,0.0,0.0,1.0
38,210,11.598198295986672,7.167354092682391,0.0,1.0,0.0,1.0,1.0,1.0
39,210,8.502540379651423,3.5261545429062355,1.0,0.0,1.0,1.0,1.0,0.0
0,215,5.842457791590354,11.795893112357165,0.0,1.0,0.0,0.0,1.0,1.0
1,215,9.1752917490396,4.249405836686767,1.0,0.0,0.0,1.0,1.0,0.0
2,215,1.1940168967636156,1.756700169833402,0.0,0.0,1.0,0.0,0.0,1.0
3,215,0.0081955404212167,5.464174514546047,1.0,0.0,0.0,0.0,0.0,0.0
4,215,8.65560158498279,0.4176659508661508,0.0,0.0,0.0,0.0,0.0,1.0
5,215,9.762646068575746,0.8071760763495134,1.0,0.0,1.0,0.0,0.0,0.0
6,215,5.672532156771232,0.0,0.0,1.0,0.0,1.0,0.0,1.0
7,215,12.0,4.86390460703226,0.0,1.0,1.0,1.0,1.0,1.0
8,215,5.546145202703328,8.906730016463062,1.0,0.0,0.0,0.0,0.0,0.0
9,215,1.3396268671036309,1.639302107381179,0.0,0.0,1.0,1.0,0.0,0.0
10,215,10.619857444797344,7.789151416878596,1.0,0.0,1.0,1.0,0.0,0.0
11,215,9.292764300113095,1.5130539780579009,0.0,1.0,1.0,0.0,1.0,1.0
12,215,12.0,4.461622717989406,0.0,0.0,0.0,1.0,0.0,1.0
13,215,8.990200963571207,8.269764069045221,0.0,1.0,0.0,1.0,1.0,0.0
14,215,3.100987455191887,4.792445598539457,1.0,0.0,1.0,0.0,0.0,0.0
15,215,11.28105866929356,3.4830406989736464,0.0,0.0,0.0,0.0,1.0,0.0
16,215,7.680729332024636,0.5155274454239513,0.0,1.0,0.0,0.0,0.0,0.0
17,215,6.781537855091261,12.0,1.0,0.0,0.0,0.0,0.0,0.0
18,215,6.719207576613576,0.0,0.0,1.0,1.0,1.0,0.0,0.0
19,215,4.2007564157752375,12.0,1.0,0.0,1.0,1.0,0.0,0.0
20,215,1.0412291524930015,7.83417840559115,0.0,1.0,0.0,1.0,0.0,1.0
21,215,1.171923336416815,12.0,1.0,0.0,0.0,0.0,0.0,0.0
22,215,0.2841868157987546,6.803937286359339,0.0,1.0,0.0,0.0,1.0,0.0
23,215,0.0,9.2983086725823,1.0,1.0,0.0,0.0,1.0,0.0
24,215,3.950605145544204,3.172157850342784,1.0,1.0,1.0,0.0,1.0,0.0
25,215,9.12764092482712,12.0,0.0,0.0,1.0,1.0,1.0,0.0
26,215,11.748136377908365,7.37253360854988,1.0,0.0,1.0,0.0,0.0,0.0
27,215,4.179839982215869,2.1496275816157757,0.0,1.0,1.0,0.0,1.0,0.0
28,215,8.781488685438024,0.5657676919074301,0.0,1.0,0.0,1.0,1.0,0.0
29,215,4.511353643413177,4.313933297491328,1.0,0.0,0.0,0.0,0.0,0.0
30,215,8.546180964955273,10.047284718241617,0.0,0.0,0.0,0.0,0.0,1.0
31,215,5.5050076613225,12.0,1.0,1.0,1.0,1.0,1.0,0.0
32,215,8.564743130164473,0.0,0.0,0.0,1.0,0.0,1.0,0.0
33,215,6.973774883729783,8.135916850185872,0.0,1.0,0.0,1.0,1.0,0.0
34,215,6.121467157887681,3.836450856564186,0.0,1.0,1.0,0.0,0.0,1.0
35,215,6.549475738019455,8.43611889996392,0.0,0.0,0.0,0.0,0.0,1.0
36,215,10.920634772104547,0.7890853372147877,0.0,0.0,0.0,1.0,0.0,1.0
37,215,11.84704925194615,0.0,1.0,0.0,0.0,0.0,0.0,1.0
38,215,11.58607637766925,7.227989909265969,0.0,1.0,0.0,1.0,1.0,1.0
39,215,8.54165279774336,3.4802583075908444,1.0,0.0,1.0,1.0,1.0,0.0
0,220,5.807981104498893,11.815369717513756,0.0,1.0,0.0,0.0,1.0,1.0
1,220,9.192793377834608,4.185080507784432,1.0,0.0,0.0,1.0,1.0,0.0
2,220,1.0874464581054677,1.7688604340335192,0.0,0.0,1.0,0.0,0.0,1.0
3,220,0.0012880623624947,5.4688044222185885,1.0,0.0,0.0,0.0,0.0,0.0
4,220,8.615743531975847,0.2950848401036601,0.0,0.0,0.0,0.0,0.0,1.0
5,220,9.7667629507427,0.8137180750573082,1.0,0.0,1.0,0.0,0.0,0.0
6,220,5.634846273425018,0.0,0.0,1.0,0.0,1.0,0.0,1.0
7,220,12.0,4.998106812075845,0.0,1.0,1.0,1.0,1.0,1.0
8,220,5.515894383889388,8.750543083459805,1.0,0.0,0.0,0.0,0.0,0.0
9,220,1.4118977894754343,1.569981733803377,0.0,0.0,1.0,1.0,0.0,0.0
10,220,10.692467490837885,7.782708396155152,1.0,0.0,1.0,1.0,0.0,0.0
11,220,9.26015084483761,1.4626870665697835,0.0,1.0,1.0,0.0,1.0,1.0
12,220,12.0,4.608667428205814,0.0,0.0,0.0,1.0,0.0,1.0
13,220,9.010057597054017,8.293320445190467,0.0,1.0,0.0,1.0,1.0,0.0
14,220,3.140827569981236,4.752714362055956,1.0,0.0,1.0,0.0,0.0,0.0
15,220,11.333199726607884,3.4230253163307376,0.0,0.0,0.0,0.0,1.0,0.0
16,220,7.699532261740686,0.5229471619631989,0.0,1.0,0.0,0.0,0.0,0.0
17,220,6.797774767458407,12.0,1.0,0.0,0.0,0.0,0.0,0.0
18,220,6.814402934826255,0.0,0.0,1.0,1.0,1.0,0.0,0.0
19,220,4.048234407771346,12.0,1.0,0.0,1.0,1.0,0.0,0.0
20,220,1.0111429730289596,7.692011774106231,0.0,1.0,0.0,1.0,0.0,1.0
21,220,1.1985850567257748,12.0,1.0,0.0,0.0,0.0,0.0,0.0
22,220,0.3049368354298462,6.840933869325934,0.0,1.0,0.0,0.0,1.0,0.0
23,220,0.0,9.451444348277365,1.0,1.0,0.0,0.0,1.0,0.0
24,220,3.9792096133197457,3.1532453940575267,1.0,1.0,1.0,0.0,1.0,0.0
25,220,9.052614288479168,12.0,0.0,0.0,1.0,1.0,1.0,0.0
26,220,11.916166074961993,7.445517536841038,1.0,0.0,1.0,0.0,0.0,0.0
27,220,4.138298932459269,2.057279727328622,0.0,1.0,1.0,0.0,1.0,0.0
28,220,8.812288790597158,0.6108635001585602,0.0,1.0,0.0,1.0,1.0,0.0
29,220,4.568592716693349,4.157352629415817,1.0,0.0,0.0,0.0,0.0,0.0
30,220,8.633381424170606,9.983113994641943,0.0,0.0,0.0,0.0,0.0,1.0
31,220,5.646752046128066,12.0,1.0,1.0,1.0,1.0,1.0,0.0
32,220,8.433625330702597,0.0,0.0,0.0,1.0,0.0,1.0,0.0
33,220,6.915718351679534,8.04446420572674,0.0,1.0,0.0,1.0,1.0,0.0
34,220,6.135830343115618,3.804522973898356,0.0,1.0,1.0,0.0,0.0,1.0
35,220,6.681173559837706,8.443325691613465,0.0,0.0,0.0,0.0,0.0,1.0
36,220,10.997170508200163,0.7546921052540998,0.0,0.0,0.0,1.0,0.0,1.0
37,220,11.860499978214737,0.0,1.0,0.0,0.0,0.0,0.0,1.0
38,220,11.572806514571454,7.294740904539644,0.0,1.0,0.0,1.0,1.0,1.0
39,220,8.565503661498976,3.4529543372453886,1.0,0.0,1.0,1.0,1.0,0.0
0,225,5.752916772451789,11.844283041019638,0.0,1.0,0.0,0.0,1.0,1.0
1,225,9.209071323937817,4.123784671485204,1.0,0.0,0.0,1.0,1.0,0.0
2,225,0.973066759607762,1.7809549626917085,0.0,0.0,1.0,0.0,0.0,1.0
3,225,0.0,5.478524670112641,1.0,0.0,0.0,0.0,0.0,0.0
4,225,8.575229916180893,0.1830909186665119,0.0,0.0,0.0,0.0,0.0,1.0
5,225,9.760452899943989,0.8037321385020416,1.0,0.0,1.0,0.0,0.0,0.0
6,225,5.602519365183021,0.0,0.0,1.0,0.0,1.0,0.0,1.0
7,225,12.0,5.104321369287735,0.0,1.0,1.0,1.0,1.0,1.0
8,225,5.485427071304338,8.608033086250487,1.0,0.0,0.0,0.0,0.0,0.0
9,225,1.4829379820769253,1.4999842942145123,0.0,0.0,1.0,1.0,0.0,0.0
10,225,10.744102402229668,7.776085444133677,1.0,0.0,1.0,1.0,0.0,0.0
11,225,9.23241842282201,1.4203138033939875,0.0,1.0,1.0,0.0,1.0,1.0
12,225,12.0,4.7562711614064686,0.0,0.0,0.0,1.0,0.0,1.0
13,225,9.034545958079024,8.322017391178504,0.0,1.0,0.0,1.0,1.0,0.0
14,225,3.186020972913033,4.708781127250859,1.0,0.0,1.0,0.0,0.0,0.0
15,225,11.385681098524682,3.36196746806546,0.0,0.0,0.0,0.0,1.0,0.0
16,225,7.703809188803193,0.524687740000414,0.0,1.0,0.0,0.0,0.0,0.0
17,225,6.814430701936283,12.0,1.0,0.0,0.0,0.0,0.0,0.0
18,225,6.903953399454269,0.0,0.0,1.0,1.0,1.0,0.0,0.0
19,225,3.907463568394463,12.0,1.0,0.0,1.0,1.0,0.0,0.0
20,225,0.9803632888475003,7.5575503359333025,0.0,1.0,0.0,1.0,0.0,1.0
21,225,1.2248189570738368,12.0,1.0,0.0,0.0,0.0,0.0,0.0
22,225,0.3207425154312171,6.86784104249272,0.0,1.0,0.0,0.0,1.0,0.0
23,225,0.0,9.61196713276098,1.0,1.0,0.0,0.0,1.0,0.0
24,225,4.004964492812174,3.136604024653161,1.0,1.0,1.0,0.0,1.0,0.0
25,225,8.962701392876365,12.0,0.0,0.0,1.0,1.0,1.0,0.0
26,225,12.0,7.522633661506,1.0,0.0,1.0,0.0,0.0,0.0
27,225,4.091465226512154,1.953491471287348,0.0,1.0,1.0,0.0,1.0,0.0
28,225,8.83935801423443,0.6536291067105738,0.0,1.0,0.0,1.0,1.0,0.0
29,225,4.623019679576856,4.007848877616361,1.0,0.0,0.0,0.0,0.0,0.0
30,225,8.71015252027775,9.928554471567525,0.0,0.0,0.0,0.0,0.0,1.0
31,225,5.782224784065048,12.0,1.0,1.0,1.0,1.0,1.0,0.0
32,225,8.320900976082516,0.0,0.0,0.0,1.0,0.0,1.0,0.0
33,225,6.857088251325865,7.955626173378235,0.0,1.0,0.0,1.0,1.0,0.0
34,225,6.144772176877653,3.785137538157519,0.0,1.0,1.0,0.0,0.0,1.0
35,225,6.798590110312055,8.447460915080859,0.0,0.0,0.0,0.0,0.0,1.0
36,225,11.077570093196233,0.7190706756340514,0.0,0.0,0.0,1.0,0.0,1.0
37,225,11.8743675780484,0.0,1.0,0.0,0.0,0.0,0.0,1.0
38,225,11.558719925639222,7.375605893681772,0.0,1.0,0.0,1.0,1.0,1.0
39,225,8.585193693381377,3.4296144259798598,1.0,0.0,1.0,1.0,1.0,0.0
0,230,5.700648829422373,11.871645784381988,0.0,1.0,0.0,0.0,1.0,1.0
1,230,9.142870004457688,4.106933569422998,1.0,0.0,0.0,1.0,1.0,0.0
2,230,0.8459337630949789,1.7932395670340544,0.0,0.0,1.0,0.0,0.0,1.0
3,230,0.0035776683681773,5.475780703431424,1.0,0.0,0.0,0.0,0.0,0.0
4,230,8.535836776211957,0.0649797279907754,0.0,0.0,0.0,0.0,0.0,1.0
5,230,9.76592175353134,0.8129035688844957,1.0,0.0,1.0,0.0,0.0,0.0
6,230,5.568144785638598,0.0,0.0,1.0,0.0,1.0,0.0,1.0
7,230,12.0,5.196763251618148,0.0,1.0,1.0,1.0,1.0,1.0
8,230,5.461354734776222,8.475927447965063,1.0,0.0,0.0,0.0,0.0,0.0
9,230,1.5549758656404224,1.4291069939999068,0.0,0.0,1.0,1.0,0.0,0.0
10,230,10.778736316496415,7.771901435419112,1.0,0.0,1.0,1.0,0.0,0.0
11,230,9.196960129147072,1.3660583535116957,0.0,1.0,1.0,0.0,1.0,1.0
12,230,12.0,4.906381107539044,0.0,0.0,0.0,1.0,0.0,1.0
13,230,9.057805242840326,8.348547808166774,0.0,1.0,0.0,1.0,1.0,0.0
14,230,3.215658421952413,4.679923764283311,1.0,0.0,1.0,0.0,0.0,0.0
15,230,11.4527578406194,3.286708874464829,0.0,0.0,0.0,0.0,1.0,0.0
16,230,7.709516860196365,0.5270031193672587,0.0,1.0,0.0,0.0,0.0,0.0
17,230,6.828500110978835,12.0,1.0,0.0,0.0,0.0,0.0,0.0
18,230,6.957294798156192,0.0980299747867238,0.0,1.0,1.0,1.0,0.0,0.0
19,230,3.7684228692978734,12.0,1.0,0.0,1.0,1.0,0.0,0.0
20,230,0.9514389594324903,7.428050841527366,0.0,1.0,0.0,1.0,0.0,1.0
21,230,1.2672689122749454,12.0,1.0,0.0,0.0,0.0,0.0,0.0
22,230,0.329566140559242,6.882383587936573,0.0,1.0,0.0,0.0,1.0,0.0
23,230,0.0,9.772361874118705,1.0,1.0,0.0,0.0,1.0,0.0
24,230,4.030534339300165,3.120149020121872,1.0,1.0,1.0,0.0,1.0,0.0
25,230,8.886303924287505,12.0,0.0,0.0,1.0,1.0,1.0,0.0
26,230,12.0,7.599770762973584,1.0,0.0,1.0,0.0,0.0,0.0
27,230,4.037878216457695,1.8350427658038684,0.0,1.0,1.0,0.0,1.0,0.0
28,230,8.869592580931194,0.7025259728608405,0.0,1.0,0.0,1.0,1.0,0.0
29,230,4.681957426017499,3.8508125274696665,1.0,0.0,0.0,0.0,0.0,0.0
30,230,8.777183514732506,9.88151715034706,0.0,0.0,0.0,0.0,0.0,1.0
31,230,5.899330634019812,12.0,1.0,1.0,1.0,1.0,1.0,0.0
32,230,8.197026813608655,0.0,0.0,0.0,1.0,0.0,1.0,0.0
33,230,6.805747545250972,7.877415306008766,0.0,1.0,0.0,1.0,1.0,0.0
34,230,6.148573233095675,3.777006575979527,0.0,1.0,1.0,0.0,0.0,1.0
35,230,6.919537159638748,8.452436929445414,0.0,0.0,0.0,0.0,0.0,1.0
36,230,11.17872807561826,0.6730510057707314,0.0,0.0,0.0,1.0,0.0,1.0
37,230,11.888850685710386,0.0,1.0,0.0,0.0,0.0,0.0,1.0
38,230,11.54388443947524,7.458064993236479,0.0,1.0,0.0,1.0,1.0,1.0
39,230,8.599844379365608,3.4119078457820886,1.0,0.0,1.0,1.0,1.0,0.0
0,235,5.668905533699316,11.888973017080822,0.0,1.0,0.0,0.0,1.0,1.0
1,235,9.066264094907384,4.088766555494555,1.0,0.0,0.0,1.0,1.0,0.0
2,235,0.6962086659680926,1.8086215664913752,0.0,0.0,1.0,0.0,0.0,1.0
3,235,0.0181826583570349,5.463994675977794,1.0,0.0,0.0,0.0,0.0,0.0
4,235,8.492791806256092,0.0,0.0,0.0,0.0,0.0,0.0,1.0
5,235,9.766695355786888,0.8142718056616338,1.0,0.0,1.0,0.0,0.0,0.0
6,235,5.535902996857779,0.0,0.0,1.0,0.0,1.0,0.0,1.0
7,235,12.0,5.290307691479573,0.0,1.0,1.0,1.0,1.0,1.0
8,235,5.43077491858465,8.314638714440662,1.0,0.0,0.0,0.0,0.0,0.0
9,235,1.6368965518401952,1.3500796670216768,0.0,0.0,1.0,1.0,0.0,0.0
10,235,10.84045301322383,7.764329914632264,1.0,0.0,1.0,1.0,0.0,0.0
11,235,9.161735760773942,1.3134003102411729,0.0,1.0,1.0,0.0,1.0,1.0
12,235,12.0,5.06434985195996,0.0,0.0,0.0,1.0,0.0,1.0
13,235,9.08289938593971,8.379055994413788,0.0,1.0,0.0,1.0,1.0,0.0
14,235,3.230178281842116,4.665966997508555,1.0,0.0,1.0,0.0,0.0,0.0
15,235,11.519557470262338,3.216507690368146,0.0,0.0,0.0,0.0,1.0,0.0
16,235,7.694258534452068,0.5205989185826037,0.0,1.0,0.0,0.0,0.0,0.0
17,235,6.842372072130154,12.0,1.0,0.0,0.0,0.0,0.0,0.0
18,235,7.000070398783141,0.1813197786886528,0.0,1.0,1.0,1.0,0.0,0.0
19,235,3.631678142439273,12.0,1.0,0.0,1.0,1.0,0.0,0.0
20,235,0.9198930997620076,7.274186195641976,0.0,1.0,0.0,1.0,0.0,1.0
21,235,1.3109712147083208,12.0,1.0,0.0,0.0,0.0,0.0,0.0
22,235,0.3434620823592234,6.905665767738007,0.0,1.0,0.0,0.0,1.0,0.0
23,235,0.0,9.937310177688854,1.0,1.0,0.0,0.0,1.0,0.0
24,235,4.064940537490718,3.097475741968866,1.0,1.0,1.0,0.0,1.0,0.0
25,235,8.801744891438709,12.0,0.0,0.0,1.0,1.0,1.0,0.0
26,235,12.0,7.678296383709227,1.0,0.0,1.0,0.0,0.0,0.0
27,235,3.977946099783171,1.7019590176523234,0.0,1.0,1.0,0.0,1.0,0.0
28,235,8.826346130720264,0.7284889920831576,0.0,1.0,0.0,1.0,1.0,0.0
29,235,4.7394695049613205,3.690256113089739,1.0,0.0,0.0,0.0,0.0,0.0
30,235,8.853995926982991,9.827187054915631,0.0,0.0,0.0,0.0,0.0,1.0
31,235,5.999157230583816,12.0,1.0,1.0,1.0,1.0,1.0,0.0
32,235,8.067017939512985,0.0,0.0,0.0,1.0,0.0,1.0,0.0
33,235,6.729543554407054,7.760917600728381,0.0,1.0,0.0,1.0,1.0,0.0
34,235,6.149238063269208,3.7754422446368063,0.0,1.0,1.0,0.0,0.0,1.0
35,235,7.059541423295665,8.457897197519543,0.0,0.0,0.0,0.0,0.0,1.0
36,235,11.286213640638204,0.6271656485345287,0.0,0.0,0.0,1.0,0.0,1.0
37,235,11.907434136661571,0.0,1.0,0.0,0.0,0.0,0.0,1.0
38,235,11.528547162397494,7.539956441422428,0.0,1.0,0.0,1.0,1.0,1.0
39,235,8.61802875536441,3.389701702831538,1.0,0.0,1.0,1.0,1.0,0.0
0,240,5.62146124924721,11.9145072336524,0.0,1.0,0.0,0.0,1.0,1.0
1,240,8.976477140703677,4.066462692658287,1.0,0.0,0.0,1.0,1.0,0.0
2,240,0.5587752384109692,1.821084685445068,0.0,0.0,1.0,0.0,0.0,1.0
3,240,0.0390412990193433,5.4474484533577945,1.0,0.0,0.0,0.0,0.0,0.0
4,240,8.453436554382971,0.0,0.0,0.0,0.0,0.0,0.0,1.0
5,240,9.764734341845276,0.8106700757365701,1.0,0.0,1.0,0.0,0.0,0.0
6,240,5.50407596275293,0.0,0.0,1.0,0.0,1.0,0.0,1.0
7,240,12.0,5.380609564084718,0.0,1.0,1.0,1.0,1.0,1.0
8,240,5.393829860829094,8.138247344141128,1.0,0.0,0.0,0.0,0.0,0.0
9,240,1.7116988918472722,1.2770031196477416,0.0,0.0,1.0,1.0,0.0,0.0
10,240,10.890249437532916,7.759199384582899,1.0,0.0,1.0,1.0,0.0,0.0
11,240,9.12032079908286,1.251406967434775,0.0,1.0,1.0,0.0,1.0,1.0
12,240,12.0,5.212271879503732,0.0,0.0,0.0,1.0,0.0,1.0
13,240,9.113791746378173,8.418648979974877,0.0,1.0,0.0,1.0,1.0,0.0
14,240,3.241451114487854,4.654986607475594,1.0,0.0,1.0,0.0,0.0,0.0
15,240,11.581352475644104,3.1496802198815854,0.0,0.0,0.0,0.0,1.0,0.0
16,240,7.676616259472329,0.5134262897077775,0.0,1.0,0.0,0.0,0.0,0.0
17,240,6.857345786727012,12.0,1.0,0.0,0.0,0.0,0.0,0.0
18,240,7.036624867797727,0.2531534806631643,0.0,1.0,1.0,1.0,0.0,0.0
19,240,3.497884157881036,12.0,1.0,0.0,1.0,1.0,0.0,0.0
20,240,0.8829601158161233,7.102862836811042,0.0,1.0,0.0,1.0,0.0,1.0
21,240,1.3646396576273596,12.0,1.0,0.0,0.0,0.0,0.0,0.0
22,240,0.3599607095267851,6.935043919161559,0.0,1.0,0.0,0.0,1.0,0.0
23,240,0.0,10.098468283174,1.0,1.0,0.0,0.0,1.0,0.0
24,240,4.112728742133705,3.06589335447876,1.0,1.0,1.0,0.0,1.0,0.0
25,240,8.721457456917653,12.0,0.0,0.0,1.0,1.0,1.0,0.0
26,240,12.0,7.745329866959064,1.0,0.0,1.0,0.0,0.0,0.0
27,240,3.918855190314569,1.5728445586266038,0.0,1.0,1.0,0.0,1.0,0.0
28,240,8.781300631992755,0.755440051371572,0.0,1.0,0.0,1.0,1.0,0.0
29,240,4.798309298564774,3.5259314773628443,1.0,0.0,0.0,0.0,0.0,0.0
30,240,8.93153169428016,9.77421152910356,0.0,0.0,0.0,0.0,0.0,1.0
31,240,6.099610224174412,12.0,1.0,1.0,1.0,1.0,1.0,0.0
32,240,7.9397672195054225,0.0,0.0,0.0,1.0,0.0,1.0,0.0
33,240,6.651490966976265,7.639966389191282,0.0,1.0,0.0,1.0,1.0,0.0
34,240,6.145307480825945,3.785382992808985,0.0,1.0,1.0,0.0,0.0,1.0
35,240,7.212105638018257,8.461251375876325,0.0,0.0,0.0,0.0,0.0,1.0
36,240,11.38388817783769,0.5832219816358174,0.0,0.0,0.0,1.0,0.0,1.0
37,240,11.930947888413892,0.0,1.0,0.0,0.0,0.0,0.0,1.0
38,240,11.507916530437749,7.642769012986667,0.0,1.0,0.0,1.0,1.0,1.0
39,240,8.635114691026232,3.36821877352436,1.0,0.0,1.0,1.0,1.0,0.0
0,245,5.555694416092453,11.952025620139816,0.0,1.0,0.0,0.0,1.0,1.0
1,245,8.892056748277449,4.043806278329528,1.0,0.0,0.0,1.0,1.0,0.0
2,245,0.3902525268373668,1.839951791915268,0.0,0.0,1.0,0.0,0.0,1.0
3,245,0.0322829167012453,5.45299063489565,1.0,0.0,0.0,0.0,0.0,0.0
4,245,8.414311042556278,0.0,0.0,0.0,0.0,0.0,0.0,1.0
5,245,9.762041665300242,0.8059162090721134,1.0,0.0,1.0,0.0,0.0,0.0
6,245,5.472790064319592,0.0,0.0,1.0,0.0,1.0,0.0,1.0
7,245,12.0,5.482052078897534,0.0,1.0,1.0,1.0,1.0,1.0
8,245,5.359020264382004,7.967682217140791,1.0,0.0,0.0,0.0,0.0,0.0
9,245,1.7886534521946342,1.1961976417442493,0.0,0.0,1.0,1.0,0.0,0.0
10,245,10.951069030510936,7.753357168718304,1.0,0.0,1.0,1.0,0.0,0.0
11,245,9.07600561096622,1.1888069363346443,0.0,1.0,1.0,0.0,1.0,1.0
12,245,12.0,5.3421406482112666,0.0,0.0,0.0,1.0,0.0,1.0
13,245,9.143376913181092,8.456937591419914,0.0,1.0,0.0,1.0,1.0,0.0
14,245,3.2569886639203096,4.6404048119066905,1.0,0.0,1.0,0.0,0.0,0.0
15,245,11.656133398068691,3.065240525690408,0.0,0.0,0.0,0.0,1.0,0.0
16,245,7.649848868948069,0.5016527931302174,0.0,1.0,0.0,0.0,0.0,0.0
17,245,6.876799536649568,12.0,1.0,0.0,0.0,0.0,0.0,0.0
18,245,7.074219844947337,0.3276722185554042,0.0,1.0,1.0,1.0,0.0,0.0
19,245,3.377410082972824,12.0,1.0,0.0,1.0,1.0,0.0,0.0
20,245,0.8445618274150464,6.920452233237364,0.0,1.0,0.0,1.0,0.0,1.0
21,245,1.4264319219764303,12.0,1.0,0.0,0.0,0.0,0.0,0.0
22,245,0.3760261786807264,6.963335841155365,0.0,1.0,0.0,0.0,1.0,0.0
23,245,0.0,10.23919866848636,1.0,1.0,0.0,0.0,1.0,0.0
24,245,4.152467987684748,3.0400419628666637,1.0,1.0,1.0,0.0,1.0,0.0
25,245,8.642929231320167,12.0,0.0,0.0,1.0,1.0,1.0,0.0
26,245,12.0,7.810673624023458,1.0,0.0,1.0,0.0,0.0,0.0
27,245,3.8661253337290207,1.4558563423392756,0.0,1.0,1.0,0.0,1.0,0.0
28,245,8.724271751083823,0.7882328872140001,0.0,1.0,0.0,1.0,1.0,0.0
29,245,4.84896111045998,3.37330773028796,1.0,0.0,0.0,0.0,0.0,0.0
30,245,8.99759665863062,9.72811367708975,0.0,0.0,0.0,0.0,0.0,1.0
31,245,6.198040509502575,12.0,1.0,1.0,1.0,1.0,1.0,0.0
32,245,7.817650197709238,0.0,0.0,0.0,1.0,0.0,1.0,0.0
33,245,6.57313304443617,7.508578139832016,0.0,1.0,0.0,1.0,1.0,0.0
34,245,6.138353653634661,3.804238668678381,0.0,1.0,1.0,0.0,0.0,1.0
35,245,7.351358757051442,8.461095539507964,0.0,0.0,0.0,0.0,0.0,1.0
36,245,11.510110083525705,0.5312943899755023,0.0,0.0,0.0,1.0,0.0,1.0
37,245,11.950580992526136,0.0,1.0,0.0,0.0,0.0,0.0,1.0
38,245,11.485893930178738,7.7464556544699645,0.0,1.0,0.0,1.0,1.0,1.0
39,245,8.652985119417803,3.3472576174197664,1.0,0.0,1.0,1.0,1.0,0.0
0,250,5.489854149893265,11.98970289192846,0.0,1.0,0.0,0.0,1.0,1.0
1,250,8.811485670710018,4.022796549664017,1.0,0.0,0.0,1.0,1.0,0.0
2,250,0.2009413688923474,1.8599978917126043,0.0,0.0,1.0,0.0,0.0,1.0
3,250,0.0242541774367445,5.45980567933427,1.0,0.0,0.0,0.0,0.0,0.0
4,250,8.374840830609914,0.0,0.0,0.0,0.0,0.0,0.0,1.0
5,250,9.755597019574026,0.7947722185463668,1.0,0.0,1.0,0.0,0.0,0.0
6,250,5.676045271210608,0.0,0.0,1.0,0.0,1.0,0.0,1.0
7,250,12.0,5.545561613452192,0.0,1.0,1.0,1.0,1.0,1.0
8,250,5.3218292043516815,7.79858682877397,1.0,0.0,0.0,0.0,0.0,0.0
9,250,1.8624247751386944,1.1167947802273208,0.0,0.0,1.0,1.0,0.0,0.0
10,250,11.01484334526562,7.747152292699869,1.0,0.0,1.0,1.0,0.0,0.0
11,250,9.031428684169164,1.1233583489039032,0.0,1.0,1.0,0.0,1.0,1.0
12,250,12.0,5.480367895063086,0.0,0.0,0.0,1.0,0.0,1.0
13,250,9.175476743356816,8.50006330125342,0.0,1.0,0.0,1.0,1.0,0.0
14,250,3.26226910076692,4.635363472510292,1.0,0.0,1.0,0.0,0.0,0.0
15,250,11.737647392811745,3.1400355335549177,0.0,0.0,0.0,0.0,1.0,0.0
16,250,7.639486486032734,0.4970523574664419,0.0,1.0,0.0,0.0,0.0,0.0
17,250,6.891969904734923,12.0,1.0,0.0,0.0,0.0,0.0,0.0
18,250,7.114885847199983,0.4055041164890656,0.0,1.0,1.0,1.0,0.0,0.0
19,250,3.2537005917414468,12.0,1.0,0.0,1.0,1.0,0.0,0.0
20,250,0.8069002330109056,6.711670390430276,0.0,1.0,0.0,1.0,0.0,1.0
21,250,1.4786787243615651,12.0,1.0,0.0,0.0,0.0,0.0,0.0
22,250,0.3975051389576748,7.000852515098407,0.0,1.0,0.0,0.0,1.0,0.0
23,250,0.0,10.378857803260816,1.0,1.0,0.0,0.0,1.0,0.0
24,250,4.190265903736314,3.015821180997374,1.0,1.0,1.0,0.0,1.0,0.0
25,250,8.550513884741614,12.0,0.0,0.0,1.0,1.0,1.0,0.0
26,250,12.0,7.871899362092567,1.0,0.0,1.0,0.0,0.0,0.0
27,250,3.818857188364356,1.3478408424867936,0.0,1.0,1.0,0.0,1.0,0.0
28,250,8.671361829951051,0.8168783518934497,0.0,1.0,0.0,1.0,1.0,0.0
29,250,4.901003630736328,3.2190386488988976,1.0,0.0,0.0,0.0,0.0,0.0
30,250,9.06211850093536,9.682108161260263,0.0,0.0,0.0,0.0,0.0,1.0
31,250,6.30284066339564,12.0,1.0,1.0,1.0,1.0,1.0,0.0
32,250,7.659096202176148,0.0,0.0,0.0,1.0,0.0,1.0,0.0
33,250,6.499681931132892,7.383880284999585,0.0,1.0,0.0,1.0,1.0,0.0
34,250,6.134637555701396,3.814106945231126,0.0,1.0,1.0,0.0,0.0,1.0
35,250,7.489975086738031,8.46545844906621,0.0,0.0,0.0,0.0,0.0,1.0
36,250,11.651226723267389,0.4714307788673652,0.0,0.0,0.0,1.0,0.0,1.0
37,250,11.971877085938438,0.0,1.0,0.0,0.0,0.0,0.0,1.0
38,250,11.453754076916052,7.878090027338762,0.0,1.0,0.0,1.0,1.0,1.0
39,250,8.667194528281149,3.330886237108267,1.0,0.0,1.0,1.0,1.0,0.0
0,255,5.439666503831788,12.0,0.0,1.0,0.0,0.0,1.0,1.0
1,255,8.721651263861666,3.999907607574051,1.0,0.0,0.0,1.0,1.0,0.0
2,255,0.0261806668025933,1.881714439918,0.0,0.0,1.0,0.0,0.0,1.0
3,255,0.0167494163452637,5.466124665686259,1.0,0.0,0.0,0.0,0.0,0.0
4,255,8.337749795866483,0.0,0.0,0.0,0.0,0.0,0.0,1.0
5,255,9.739825675438585,0.7687984774650041,1.0,0.0,1.0,0.0,0.0,0.0
6,255,5.884980194345659,0.0,0.0,1.0,0.0,1.0,0.0,1.0
7,255,12.0,5.60682007430066,0.0,1.0,1.0,1.0,1.0,1.0
8,255,5.294689946024042,7.624967057220324,1.0,0.0,0.0,0.0,0.0,0.0
9,255,1.913811428414673,1.0610564634090542,0.0,0.0,1.0,1.0,0.0,0.0
10,255,11.082507675543638,7.74210962991157,1.0,0.0,1.0,1.0,0.0,0.0
11,255,8.988910604478653,1.058418893465533,0.0,1.0,1.0,0.0,1.0,1.0
12,255,12.0,5.621920285930856,0.0,0.0,0.0,1.0,0.0,1.0
13,255,9.199353211464372,8.532310292735392,0.0,1.0,0.0,1.0,1.0,0.0
14,255,3.265602662054744,4.632213166231413,1.0,0.0,1.0,0.0,0.0,0.0
15,255,11.80601127614969,3.205567644547641,0.0,0.0,0.0,0.0,1.0,0.0
16,255,7.625289948711502,0.4902427811056167,0.0,1.0,0.0,0.0,0.0,0.0
17,255,6.9130719045050295,12.0,1.0,0.0,0.0,0.0,0.0,0.0
18,255,7.150751634306096,0.4801665562237725,0.0,1.0,1.0,1.0,0.0,0.0
19,255,3.1341294847506944,12.0,1.0,0.0,1.0,1.0,0.0,0.0
20,255,0.7654575122953328,6.48727590008719,0.0,1.0,0.0,1.0,0.0,1.0
21,255,1.53252296738997,12.0,1.0,0.0,0.0,0.0,0.0,0.0
22,255,0.4219155983046437,7.043121064126042,0.0,1.0,0.0,0.0,1.0,0.0
23,255,0.0,10.505379196427054,1.0,1.0,0.0,0.0,1.0,0.0
24,255,4.2287601669725765,2.9904325202132536,1.0,1.0,1.0,0.0,1.0,0.0
25,255,8.47088537174393,12.0,0.0,0.0,1.0,1.0,1.0,0.0
26,255,12.0,7.930683903250449,1.0,0.0,1.0,0.0,0.0,0.0
27,255,3.7705529967249976,1.2365608569159294,0.0,1.0,1.0,0.0,1.0,0.0
28,255,8.62675106697285,0.842833121018573,0.0,1.0,0.0,1.0,1.0,0.0
29,255,4.952186002186857,3.056413577753153,1.0,0.0,0.0,0.0,0.0,0.0
30,255,9.121641414779155,9.640439623116494,0.0,0.0,0.0,0.0,0.0,1.0
31,255,6.406285392113266,12.0,1.0,1.0,1.0,1.0,1.0,0.0
32,255,7.500523698145704,0.0,0.0,0.0,1.0,0.0,1.0,0.0
33,255,6.432783131592997,7.267218450450487,0.0,1.0,0.0,1.0,1.0,0.0
34,255,6.134000846210309,3.815836605093964,0.0,1.0,1.0,0.0,0.0,1.0
35,255,7.63789844516419,8.47599055422348,0.0,0.0,0.0,0.0,0.0,1.0
36,255,11.794577638402394,0.4107748357369987,0.0,0.0,0.0,1.0,0.0,1.0
37,255,11.997480032313678,0.0,1.0,0.0,0.0,0.0,0.0,1.0
38,255,11.418104526842008,8.016146910927617,0.0,1.0,0.0,1.0,1.0,1.0
39,255,8.684316738762307,3.311806750476315,1.0,0.0,1.0,1.0,1.0,0.0
0,260,5.385923079347321,12.0,0.0,1.0,0.0,0.0,1.0,1.0
1,260,8.633585812450482,3.975358413467737,1.0,0.0,0.0,1.0,1.0,0.0
2,260,0.0,1.897159962179463,0.0,0.0,1.0,0.0,0.0,1.0
3,260,0.0040285071802379,5.476900411625605,1.0,0.0,0.0,0.0,0.0,0.0
4,260,8.292463660903376,0.0,0.0,0.0,0.0,0.0,0.0,1.0
5,260,9.719552994653046,0.734545915432962,1.0,0.0,1.0,0.0,0.0,0.0
6,260,6.085437268549801,0.0,0.0,1.0,0.0,1.0,0.0,1.0
7,260,12.0,5.672762255578646,0.0,1.0,1.0,1.0,1.0,1.0
8,260,5.2573245322189575,7.425688134679005,1.0,0.0,0.0,0.0,0.0,0.0
9,260,1.9514176509442585,1.018732628468664,0.0,0.0,1.0,1.0,0.0,0.0
10,260,11.128018117697424,7.737881390152816,1.0,0.0,1.0,1.0,0.0,0.0
11,260,8.940441369750044,0.9888655486573374,0.0,1.0,1.0,0.0,1.0,1.0
12,260,12.0,5.766456689522324,0.0,0.0,0.0,1.0,0.0,1.0
13,260,9.221653682035884,8.562073704958678,0.0,1.0,0.0,1.0,1.0,0.0
14,260,3.276437173205041,4.621961320964094,1.0,0.0,1.0,0.0,0.0,0.0
15,260,11.87184305155593,3.27220049647276,0.0,0.0,0.0,0.0,1.0,0.0
16,260,7.615313804817623,0.4853396844568755,0.0,1.0,0.0,0.0,0.0,0.0
17,260,6.939580727225625,12.0,1.0,0.0,0.0,0.0,0.0,0.0
18,260,7.195130483374752,0.5706537323217206,0.0,1.0,1.0,1.0,0.0,0.0
19,260,3.0236405744789225,12.0,1.0,0.0,1.0,1.0,0.0,0.0
20,260,0.7274708931913757,6.27807578987222,0.0,1.0,0.0,1.0,0.0,1.0
21,260,1.5775823271194762,12.0,1.0,0.0,0.0,0.0,0.0,0.0
22,260,0.4441474281134024,7.081555852610141,0.0,1.0,0.0,0.0,1.0,0.0
23,260,0.0,10.618221674744294,1.0,1.0,0.0,0.0,1.0,0.0
24,260,4.2809908304615005,2.9546013856801747,1.0,1.0,1.0,0.0,1.0,0.0
25,260,8.376990283121563,12.0,0.0,0.0,1.0,1.0,1.0,0.0
26,260,12.0,7.98995117047695,1.0,0.0,1.0,0.0,0.0,0.0
27,260,3.7295764291855353,1.1377992231394367,0.0,1.0,1.0,0.0,1.0,0.0
28,260,8.606895055499184,0.8549819839448425,0.0,1.0,0.0,1.0,1.0,0.0
29,260,5.0078604060903205,2.889995465382756,1.0,0.0,0.0,0.0,0.0,0.0
30,260,9.177615163465006,9.599508551543275,0.0,0.0,0.0,0.0,0.0,1.0
31,260,6.513027395582542,12.0,1.0,1.0,1.0,1.0,1.0,0.0
32,260,7.333288208361554,0.0,0.0,0.0,1.0,0.0,1.0,0.0
33,260,6.357271905966404,7.132167181377392,0.0,1.0,0.0,1.0,1.0,0.0
34,260,6.132839817794533,3.815395868344539,0.0,1.0,1.0,0.0,0.0,1.0
35,260,7.791688545751107,8.483048470868068,0.0,0.0,0.0,0.0,0.0,1.0
36,260,11.92557389552125,0.3597358888088924,0.0,0.0,0.0,1.0,0.0,1.0
37,260,12.0,0.0,1.0,0.0,0.0,0.0,0.0,1.0
38,260,11.560937084319884,8.05629523221606,0.0,1.0,0.0,1.0,1.0,1.0
39,260,8.713209593203258,3.279529683441756,1.0,0.0,1.0,1.0,1.0,0.0
0,265,5.325284849756717,12.0,0.0,1.0,0.0,0.0,1.0,1.0
1,265,8.568255205904693,3.955064915442693,1.0,0.0,0.0,1.0,1.0,0.0
2,265,0.0,1.9121382839691567,0.0,0.0,1.0,0.0,0.0,1.0
3,265,0.0,5.487483304557448,1.0,0.0,0.0,0.0,0.0,0.0
4,265,8.245966179288661,0.0,0.0,0.0,0.0,0.0,0.0,1.0
5,265,9.71194828612382,0.7212078572791389,1.0,0.0,1.0,0.0,0.0,0.0
6,265,6.293755104868422,0.0,0.0,1.0,0.0,1.0,0.0,1.0
7,265,12.0,5.72923424969631,0.0,1.0,1.0,1.0,1.0,1.0
8,265,5.219820376194572,7.244399308203312,1.0,0.0,0.0,0.0,0.0,0.0
9,265,1.9832094347779992,0.9851298200481488,0.0,0.0,1.0,1.0,0.0,0.0
10,265,11.155605296930968,7.73612847178004,1.0,0.0,1.0,1.0,0.0,0.0
11,265,8.903777594457342,0.9346808605608068,0.0,1.0,1.0,0.0,1.0,1.0
12,265,12.0,5.929900876385887,0.0,0.0,0.0,1.0,0.0,1.0
13,265,9.2461284415771,8.594260660372996,0.0,1.0,0.0,1.0,1.0,0.0
14,265,3.271631832427419,4.626511763593376,1.0,0.0,1.0,0.0,0.0,0.0
15,265,11.931699456199771,3.333725647510877,0.0,0.0,0.0,0.0,1.0,0.0
16,265,7.601829655947155,0.4786639499780906,0.0,1.0,0.0,0.0,0.0,0.0
17,265,6.966035591124294,12.0,1.0,0.0,0.0,0.0,0.0,0.0
18,265,7.234385444835371,0.6543652771498961,0.0,1.0,1.0,1.0,0.0,0.0
19,265,2.9265471710994846,12.0,1.0,0.0,1.0,1.0,0.0,0.0
20,265,0.6853625081207493,6.042414081401408,0.0,1.0,0.0,1.0,0.0,1.0
21,265,1.6167664403763178,12.0,1.0,0.0,0.0,0.0,0.0,0.0
22,265,0.472579412682138,7.13195317735605,0.0,1.0,0.0,0.0,1.0,0.0
23,265,0.0,10.73304619592302,1.0,1.0,0.0,0.0,1.0,0.0
24,265,4.332887292657409,2.9177028439007597,1.0,1.0,1.0,0.0,1.0,0.0
25,265,8.27501638591498,12.0,0.0,0.0,1.0,1.0,1.0,0.0
26,265,12.0,8.047490838252,1.0,0.0,1.0,0.0,0.0,0.0
27,265,3.685414901450733,1.0305601386166987,0.0,1.0,1.0,0.0,1.0,0.0
28,265,8.60353971985318,0.8570648685498059,0.0,1.0,0.0,1.0,1.0,0.0
29,265,5.057878566862756,2.727881655325341,1.0,0.0,0.0,0.0,0.0,0.0
30,265,9.24142379816631,9.554325318342777,0.0,0.0,0.0,0.0,0.0,1.0
31,265,6.628722960551377,12.0,1.0,1.0,1.0,1.0,1.0,0.0
32,265,7.175627239878998,0.0,0.0,0.0,1.0,0.0,1.0,0.0
33,265,6.280286816073463,6.996283194390051,0.0,1.0,0.0,1.0,1.0,0.0
34,265,6.126480602420377,3.8128382415673943,0.0,1.0,1.0,0.0,0.0,1.0
35,265,7.935512759770614,8.48924079777773,0.0,0.0,0.0,0.0,0.0,1.0
36,265,12.0,0.3184913719764348,0.0,0.0,0.0,1.0,0.0,1.0
37,265,12.0,0.0,1.0,0.0,0.0,0.0,0.0,1.0
38,265,11.72459434116375,8.100473792495357,0.0,1.0,0.0,1.0,1.0,1.0
39,265,8.750798949024388,3.237578768638212,1.0,0.0,1.0,1.0,1.0,0.0
0,270,5.273777365991375,12.0,0.0,1.0,0.0,0.0,1.0,1.0
1,270,8.497566831627037,3.932741281271429,1.0,0.0,0.0,1.0,1.0,0.0
2,270,0.0,1.9303153219450864,0.0,0.0,1.0,0.0,0.0,1.0
3,270,0.0,5.492294212403758,1.0,0.0,0.0,0.0,0.0,0.0
4,270,8.199168825220474,0.0,0.0,0.0,0.0,0.0,0.0,1.0
5,270,9.704090363536311,0.7077716030160873,1.0,0.0,1.0,0.0,0.0,0.0
6,270,6.490384107839031,0.0,0.0,1.0,0.0,1.0,0.0,1.0
7,270,12.0,5.808530549694354,0.0,1.0,1.0,1.0,1.0,1.0
8,270,5.176023050645945,7.043959308972889,1.0,0.0,0.0,0.0,0.0,0.0
9,270,2.005629315670492,0.961975826062081,0.0,0.0,1.0,1.0,0.0,0.0
10,270,11.166376979071233,7.735470667437502,1.0,0.0,1.0,1.0,0.0,0.0
11,270,8.859891479912058,0.8675181227947587,0.0,1.0,1.0,0.0,1.0,1.0
12,270,12.0,6.089629585285921,0.0,0.0,0.0,1.0,0.0,1.0
13,270,9.2737704913784,8.629033736490861,0.0,1.0,0.0,1.0,1.0,0.0
14,270,3.254856352005964,4.642336501726682,1.0,0.0,1.0,0.0,0.0,0.0
15,270,11.99917730435805,3.401803988736302,0.0,0.0,0.0,0.0,1.0,0.0
16,270,7.59572006583141,0.4754828602027187,0.0,1.0,0.0,0.0,0.0,0.0
17,270,6.997075827628637,12.0,1.0,0.0,0.0,0.0,0.0,0.0
18,270,7.267046565222708,0.7227229639517168,0.0,1.0,1.0,1.0,0.0,0.0
19,270,2.855802336060249,12.0,1.0,0.0,1.0,1.0,0.0,0.0
20,270,0.6412142293237023,5.788238661562987,0.0,1.0,0.0,1.0,0.0,1.0
21,270,1.6555650250480634,12.0,1.0,0.0,0.0,0.0,0.0,0.0
22,270,0.5104149822323955,7.197161963611844,0.0,1.0,0.0,0.0,1.0,0.0
23,270,0.0,10.840765332941096,1.0,1.0,0.0,0.0,1.0,0.0
24,270,4.391371657563102,2.879064290694095,1.0,1.0,1.0,0.0,1.0,0.0
25,270,8.179347351746515,12.0,0.0,0.0,1.0,1.0,1.0,0.0
26,270,12.0,8.113583931438772,1.0,0.0,1.0,0.0,0.0,0.0
27,270,3.645844900695634,0.9306729400559848,0.0,1.0,1.0,0.0,1.0,0.0
28,270,8.591810899937393,0.8648878906380507,0.0,1.0,0.0,1.0,1.0,0.0
29,270,5.119880963391877,2.544566454275615,1.0,0.0,0.0,0.0,0.0,0.0
30,270,9.315964129344188,9.50285237334132,0.0,0.0,0.0,0.0,0.0,1.0
31,270,6.7467222227907655,12.0,1.0,1.0,1.0,1.0,1.0,0.0
32,270,7.030332297584329,0.0,0.0,0.0,1.0,0.0,1.0,0.0
33,270,6.2001309591715295,6.856723168838234,0.0,1.0,0.0,1.0,1.0,0.0
34,270,6.116614158185585,3.8387966911782647,0.0,1.0,1.0,0.0,0.0,1.0
35,270,8.069083588046384,8.496624439986995,0.0,0.0,0.0,0.0,0.0,1.0
36,270,12.0,0.2781311674389286,0.0,0.0,0.0,1.0,0.0,1.0
37,270,12.0,0.0,1.0,0.0,0.0,0.0,0.0,1.0
38,270,11.892211351592913,8.140797771725605,0.0,1.0,0.0,1.0,1.0,1.0
39,270,8.803271037536462,3.180408309569563,1.0,0.0,1.0,1.0,1.0,0.0
0,275,5.227797341507847,12.0,0.0,1.0,0.0,0.0,1.0,1.0
1,275,8.437579422671632,3.913640538667428,1.0,0.0,0.0,1.0,1.0,0.0
2,275,0.0,1.9465150117037824,0.0,0.0,1.0,0.0,0.0,1.0
3,275,0.0,5.506772965753193,1.0,0.0,0.0,0.0,0.0,0.0
4,275,8.149076379105558,0.0,0.0,0.0,0.0,0.0,0.0,1.0
5,275,9.689698375408565,0.6834324099738248,1.0,0.0,1.0,0.0,0.0,0.0
6,275,6.685901059296119,0.0,0.0,1.0,0.0,1.0,0.0,1.0
7,275,12.0,5.886410053899177,0.0,1.0,1.0,1.0,1.0,1.0
8,275,5.132475178593112,6.86428086785172,1.0,0.0,0.0,0.0,0.0,0.0
9,275,2.037260523452181,0.9303255898858904,0.0,0.0,1.0,1.0,0.0,0.0
10,275,11.181505165658104,7.734703272658119,1.0,0.0,1.0,1.0,0.0,0.0
11,275,8.80596576201624,0.7860261048816141,0.0,1.0,1.0,0.0,1.0,1.0
12,275,12.0,6.239482113734323,0.0,0.0,0.0,1.0,0.0,1.0
13,275,9.29635275251933,8.656959091510354,0.0,1.0,0.0,1.0,1.0,0.0
14,275,3.237935999664056,4.658489523532728,1.0,0.0,1.0,0.0,0.0,0.0
15,275,12.0,3.4796351829290297,0.0,0.0,0.0,0.0,1.0,0.0
16,275,7.589602052430188,0.4724111538641162,0.0,1.0,0.0,0.0,0.0,0.0
17,275,7.028391868536382,12.0,1.0,0.0,0.0,0.0,0.0,0.0
18,275,7.289358053219233,0.7688336983893449,0.0,1.0,1.0,1.0,0.0,0.0
19,275,2.79449292647556,12.0,1.0,0.0,1.0,1.0,0.0,0.0
20,275,0.5975766845502878,5.5282479309921895,0.0,1.0,0.0,1.0,0.0,1.0
21,275,1.6879334323114787,12.0,1.0,0.0,0.0,0.0,0.0,0.0
22,275,0.5471042506890061,7.255530843740981,0.0,1.0,0.0,0.0,1.0,0.0
23,275,0.0,10.950520126942376,1.0,1.0,0.0,0.0,1.0,0.0
24,275,4.433857967290735,2.8503299548732177,1.0,1.0,1.0,0.0,1.0,0.0
25,275,8.087026263616822,12.0,0.0,0.0,1.0,1.0,1.0,0.0
26,275,12.0,8.191501416388963,1.0,0.0,1.0,0.0,0.0,0.0
27,275,3.603002317417914,0.8246477515893366,0.0,1.0,1.0,0.0,1.0,0.0
28,275,8.596111502697196,0.8619233282556669,0.0,1.0,0.0,1.0,1.0,0.0
29,275,5.3053025133793446,2.6030308310500603,1.0,0.0,0.0,0.0,0.0,0.0
30,275,9.401073447202998,9.448155754750148,0.0,0.0,0.0,0.0,0.0,1.0
31,275,6.863043983003367,12.0,1.0,1.0,1.0,1.0,1.0,0.0
32,275,6.90804763298491,0.0,0.0,0.0,1.0,0.0,1.0,0.0
33,275,6.113473549718897,6.701569717815829,0.0,1.0,0.0,1.0,1.0,0.0
34,275,6.108871066703153,3.859057125284845,0.0,1.0,1.0,0.0,0.0,1.0
35,275,8.217406613252182,8.506712492189308,0.0,0.0,0.0,0.0,0.0,1.0
36,275,12.0,0.2304582995522179,0.0,0.0,0.0,1.0,0.0,1.0
37,275,12.0,0.0,1.0,0.0,0.0,0.0,0.0,1.0
38,275,12.0,8.182114523005295,0.0,1.0,0.0,1.0,1.0,1.0
39,275,8.857074164777092,3.1237788267105437,1.0,0.0,1.0,1.0,1.0,0.0
0,280,5.190236902827916,12.0,0.0,1.0,0.0,0.0,1.0,1.0
1,280,8.370439909658145,3.89412439503489,1.0,0.0,0.0,1.0,1.0,0.0
2,280,0.0,1.9516869629631597,0.0,0.0,1.0,0.0,0.0,1.0
3,280,0.0,5.53008223882993,1.0,0.0,0.0,0.0,0.0,0.0
4,280,8.100018611978124,0.0,0.0,0.0,0.0,0.0,0.0,1.0
5,280,9.670005791701078,0.6514121485197409,1.0,0.0,1.0,0.0,0.0,0.0
6,280,6.91473919715934,0.0,0.0,1.0,0.0,1.0,0.0,1.0
7,280,12.0,5.955733742217835,0.0,1.0,1.0,1.0,1.0,1.0
8,280,5.088314662536793,6.702407120582593,1.0,0.0,0.0,0.0,0.0,0.0
9,280,2.0542269478864297,0.9130884678961548,0.0,0.0,1.0,1.0,0.0,0.0
10,280,11.204225357390683,7.733421706480587,1.0,0.0,1.0,1.0,0.0,0.0
11,280,8.757752398680589,0.7131897642488845,0.0,1.0,1.0,0.0,1.0,1.0
12,280,12.0,6.390053657704746,0.0,0.0,0.0,1.0,0.0,1.0
13,280,9.320855884056543,8.685496412202255,0.0,1.0,0.0,1.0,1.0,0.0
14,280,3.221232724308153,4.673977323070456,1.0,0.0,1.0,0.0,0.0,0.0
15,280,12.0,3.5507212931263283,0.0,0.0,0.0,0.0,1.0,0.0
16,280,7.57286200223105,0.4638896428866603,0.0,1.0,0.0,0.0,0.0,0.0
17,280,7.054636405728044,12.0,1.0,0.0,0.0,0.0,0.0,0.0
18,280,7.307151185729612,0.8091005639387807,0.0,1.0,1.0,1.0,0.0,0.0
19,280,2.7199507893256967,12.0,1.0,0.0,1.0,1.0,0.0,0.0
20,280,0.5571484178525428,5.263412365371631,0.0,1.0,0.0,1.0,0.0,1.0
21,280,1.7267728612581497,12.0,1.0,0.0,0.0,0.0,0.0,0.0
22,280,0.5988600621700728,7.335675305534124,0.0,1.0,0.0,0.0,1.0,0.0
23,280,0.0,11.045348533531046,1.0,1.0,0.0,0.0,1.0,0.0
24,280,4.447768493058856,2.840638314872022,1.0,1.0,1.0,0.0,1.0,0.0
25,280,8.002305523531017,12.0,0.0,0.0,1.0,1.0,1.0,0.0
26,280,12.0,8.26922391553695,1.0,0.0,1.0,0.0,0.0,0.0
27,280,3.561892723043272,0.7162996930637364,0.0,1.0,1.0,0.0,1.0,0.0
28,280,8.59811508594441,0.8605458731021409,0.0,1.0,0.0,1.0,1.0,0.0
29,280,5.487107408631984,2.6656070643685053,1.0,0.0,0.0,0.0,0.0,0.0
30,280,9.492247667976232,9.38684748003759,0.0,0.0,0.0,0.0,0.0,1.0
31,280,6.962536783620357,12.0,1.0,1.0,1.0,1.0,1.0,0.0
32,280,6.782870974734029,0.0,0.0,0.0,1.0,0.0,1.0,0.0
33,280,6.01802294464241,6.541584993868289,0.0,1.0,0.0,1.0,1.0,0.0
34,280,6.092609754347367,3.906811469353822,0.0,1.0,1.0,0.0,0.0,1.0
35,280,8.36054664689522,8.516732655348246,0.0,0.0,0.0,0.0,0.0,1.0
36,280,12.0,0.1963779260338431,0.0,0.0,0.0,1.0,0.0,1.0
37,280,12.0,0.0,1.0,0.0,0.0,0.0,0.0,1.0
38,280,12.0,8.227563158768351,0.0,1.0,0.0,1.0,1.0,1.0
39,280,8.918514228350801,3.055955031361093,1.0,0.0,1.0,1.0,1.0,0.0
0,285,5.134478800211408,12.0,0.0,1.0,0.0,0.0,1.0,1.0
1,285,8.309794732318501,3.8762930606376274,1.0,0.0,0.0,1.0,1.0,0.0
2,285,0.0,1.9562517971606312,0.0,0.0,1.0,0.0,0.0,1.0
3,285,0.0,5.55312185958893,1.0,0.0,0.0,0.0,0.0,0.0
4,285,8.048790943208008,0.0,0.0,0.0,0.0,0.0,0.0,1.0
5,285,9.643012496125705,0.6090216021798227,1.0,0.0,1.0,0.0,0.0,0.0
6,285,7.1518782710645095,0.0,0.0,1.0,0.0,1.0,0.0,1.0
7,285,12.0,6.048172986029454,0.0,1.0,1.0,1.0,1.0,1.0
8,285,5.051830085704019,6.558632258283177,1.0,0.0,0.0,0.0,0.0,0.0
9,285,2.066611498818592,0.9015692893312474,0.0,0.0,1.0,1.0,0.0,0.0
10,285,11.226106889108712,7.7322912712870036,1.0,0.0,1.0,1.0,0.0,0.0
11,285,8.718553183872286,0.6538340778944339,0.0,1.0,1.0,0.0,1.0,1.0
12,285,12.0,6.547000459934719,0.0,0.0,0.0,1.0,0.0,1.0
13,285,9.34925479597775,8.718091708547176,0.0,1.0,0.0,1.0,1.0,0.0
14,285,3.2094997291356364,4.684396118373754,1.0,0.0,1.0,0.0,0.0,0.0
15,285,12.0,3.6136335269693727,0.0,0.0,0.0,0.0,1.0,0.0
16,285,7.559188048286933,0.4564048676792761,0.0,1.0,0.0,0.0,0.0,0.0
17,285,7.086837808729739,12.0,1.0,0.0,0.0,0.0,0.0,0.0
18,285,7.331756441474783,0.8635676972204499,0.0,1.0,1.0,1.0,0.0,0.0
19,285,2.642900054749292,12.0,1.0,0.0,1.0,1.0,0.0,0.0
20,285,0.5165397454552769,4.998395901720874,0.0,1.0,0.0,1.0,0.0,1.0
21,285,1.7712130921027276,12.0,1.0,0.0,0.0,0.0,0.0,0.0
22,285,0.6499064636798263,7.415943798129961,0.0,1.0,0.0,0.0,1.0,0.0
23,285,0.0,11.122996673285506,1.0,1.0,0.0,0.0,1.0,0.0
24,285,4.440667371596433,2.845777396217404,1.0,1.0,1.0,0.0,1.0,0.0
25,285,7.9379364833239485,12.0,0.0,0.0,1.0,1.0,1.0,0.0
26,285,12.0,8.342141988584421,1.0,0.0,1.0,0.0,0.0,0.0
27,285,3.5244107823281645,0.6249419324975284,0.0,1.0,1.0,0.0,1.0,0.0
28,285,8.578695344002758,0.8744005741912446,0.0,1.0,0.0,1.0,1.0,0.0
29,285,5.670351382869447,2.72911934013624,1.0,0.0,0.0,0.0,0.0,0.0
30,285,9.590638090150447,9.322997617120956,0.0,0.0,0.0,0.0,0.0,1.0
31,285,7.059683185691929,12.0,1.0,1.0,1.0,1.0,1.0,0.0
32,285,6.662820340233378,0.0,0.0,0.0,1.0,0.0,1.0,0.0
33,285,5.930016681310707,6.390898474437641,0.0,1.0,0.0,1.0,1.0,0.0
34,285,6.072197072819253,3.9686014751945446,0.0,1.0,1.0,0.0,0.0,1.0
35,285,8.52474848416407,8.529439518886512,0.0,0.0,0.0,0.0,0.0,1.0
36,285,12.0,0.1694769020282288,0.0,0.0,0.0,1.0,0.0,1.0
37,285,12.0,0.0,1.0,0.0,0.0,0.0,0.0,1.0
38,285,12.0,8.270659793906573,0.0,1.0,0.0,1.0,1.0,1.0
39,285,8.961789663575326,3.0085443251081547,1.0,0.0,1.0,1.0,1.0,0.0
0,290,5.058217387197491,12.0,0.0,1.0,0.0,0.0,1.0,1.0
1,290,8.280446885352715,3.8676420720189735,1.0,0.0,0.0,1.0,1.0,0.0
2,290,0.0,1.9633898956933704,0.0,0.0,1.0,0.0,0.0,1.0
3,290,0.0,5.574409418646851,1.0,0.0,0.0,0.0,0.0,0.0
4,290,8.000198514536384,0.0,0.0,0.0,0.0,0.0,0.0,1.0
5,290,9.615879345703798,0.5645180793288695,1.0,0.0,1.0,0.0,0.0,0.0
6,290,7.395576136802337,0.0,0.0,1.0,0.0,1.0,0.0,1.0
7,290,12.0,6.152875886137294,0.0,1.0,1.0,1.0,1.0,1.0
8,290,5.00829989686841,6.390919197314707,1.0,0.0,0.0,0.0,0.0,0.0
9,290,2.081953164152879,0.8873595227199055,0.0,0.0,1.0,1.0,0.0,0.0
10,290,11.23396851450142,7.731684696829059,1.0,0.0,1.0,1.0,0.0,0.0
11,290,8.68006384732496,0.5982839132610589,0.0,1.0,1.0,0.0,1.0,1.0
12,290,12.0,6.695285330627011,0.0,0.0,0.0,1.0,0.0,1.0
13,290,9.365638629718166,8.737154022403692,0.0,1.0,0.0,1.0,1.0,0.0
14,290,3.1789620832941585,4.71209354107391,1.0,0.0,1.0,0.0,0.0,0.0
15,290,12.0,3.671437272693713,0.0,0.0,0.0,0.0,1.0,0.0
16,290,7.535807629814784,0.443646643095503,0.0,1.0,0.0,0.0,0.0,0.0
17,290,7.122085604929536,12.0,1.0,0.0,0.0,0.0,0.0,0.0
18,290,7.361915846693002,0.9278711555722872,0.0,1.0,1.0,1.0,0.0,0.0
19,290,2.5749955968698885,12.0,1.0,0.0,1.0,1.0,0.0,0.0
20,290,0.4739115764875932,4.7504827527238085,0.0,1.0,0.0,1.0,0.0,1.0
21,290,1.814319511115384,12.0,1.0,0.0,0.0,0.0,0.0,0.0
22,290,0.7041812891625218,7.494416462594056,0.0,1.0,0.0,0.0,1.0,0.0
23,290,0.0,11.20636807713452,1.0,1.0,0.0,0.0,1.0,0.0
24,290,4.444231189879443,2.843145653181136,1.0,1.0,1.0,0.0,1.0,0.0
25,290,7.869502870044499,12.0,0.0,0.0,1.0,1.0,1.0,0.0
26,290,12.0,8.420722451383122,1.0,0.0,1.0,0.0,0.0,0.0
27,290,3.4851971649740805,0.5333907074354309,0.0,1.0,1.0,0.0,1.0,0.0
28,290,8.568279420361765,0.881933019725367,0.0,1.0,0.0,1.0,1.0,0.0
29,290,5.8507767544167,2.793117705034861,1.0,0.0,0.0,0.0,0.0,0.0
30,290,9.695624723791004,9.25492753852837,0.0,0.0,0.0,0.0,0.0,1.0
31,290,7.1590582309695,12.0,1.0,1.0,1.0,1.0,1.0,0.0
32,290,6.5350690496150605,0.0,0.0,0.0,1.0,0.0,1.0,0.0
33,290,5.857095989906387,6.263506183431987,0.0,1.0,0.0,1.0,1.0,0.0
34,290,6.049380201583288,4.043895465282659,0.0,1.0,1.0,0.0,0.0,1.0
35,290,8.706480431532144,8.537239542801938,0.0,0.0,0.0,0.0,0.0,1.0
36,290,12.0,0.1493310247000847,0.0,0.0,0.0,1.0,0.0,1.0
37,290,12.0,0.0,1.0,0.0,0.0,0.0,0.0,1.0
38,290,12.0,8.318498382829056,0.0,1.0,0.0,1.0,1.0,1.0
39,290,9.006574695659605,2.95786538545781,1.0,0.0,1.0,1.0,1.0,0.0
0,295,4.993464373301495,12.0,0.0,1.0,0.0,0.0,1.0,1.0
1,295,8.268959382130749,3.864361107809038,1.0,0.0,0.0,1.0,1.0,0.0
2,295,0.0,1.9679585183665496,0.0,0.0,1.0,0.0,0.0,1.0
3,295,0.0,5.585582395097097,1.0,0.0,0.0,0.0,0.0,0.0
4,295,7.957322806347296,0.0,0.0,0.0,0.0,0.0,0.0,1.0
5,295,9.59153474232712,0.5247204179268475,1.0,0.0,1.0,0.0,0.0,0.0
6,295,7.621982592586754,0.0,0.0,1.0,0.0,1.0,0.0,1.0
7,295,12.0,6.259330339700159,0.0,1.0,1.0,1.0,1.0,1.0
8,295,4.970472312328695,6.2243228939244055,1.0,0.0,0.0,0.0,0.0,0.0
9,295,2.090540620944869,0.8794656007450179,0.0,0.0,1.0,1.0,0.0,0.0
10,295,11.256719887066936,7.730233614568089,1.0,0.0,1.0,1.0,0.0,0.0
11,295,8.639001171263644,0.5379622009344868,0.0,1.0,1.0,0.0,1.0,1.0
12,295,12.0,6.842568974643204,0.0,0.0,0.0,1.0,0.0,1.0
13,295,9.384368492931287,8.75947271320067,0.0,1.0,0.0,1.0,1.0,0.0
14,295,3.1564433462352715,4.732264006201026,1.0,0.0,1.0,0.0,0.0,0.0
15,295,12.0,3.733724175377551,0.0,0.0,0.0,0.0,1.0,0.0
16,295,7.499061333600208,0.4229899640739638,0.0,1.0,0.0,0.0,0.0,0.0
17,295,7.164855095250689,12.0,1.0,0.0,0.0,0.0,0.0,0.0
18,295,7.385032493279988,0.9794017683099854,0.0,1.0,1.0,1.0,0.0,0.0
19,295,2.496066146362998,12.0,1.0,0.0,1.0,1.0,0.0,0.0
20,295,0.7147105146103002,4.709888100807094,0.0,1.0,0.0,1.0,0.0,1.0
21,295,1.858614401340449,12.0,1.0,0.0,0.0,0.0,0.0,0.0
22,295,0.7540975238993701,7.565694830232393,0.0,1.0,0.0,0.0,1.0,0.0
23,295,0.0,11.284701264214318,1.0,1.0,0.0,0.0,1.0,0.0
24,295,4.442434016178037,2.84451386431651,1.0,1.0,1.0,0.0,1.0,0.0
25,295,7.798877748711889,12.0,0.0,0.0,1.0,1.0,1.0,0.0
26,295,12.0,8.509323401692313,1.0,0.0,1.0,0.0,0.0,0.0
27,295,3.4460183363698107,0.4486224361686859,0.0,1.0,1.0,0.0,1.0,0.0
28,295,8.563566890197995,0.8854035185538173,0.0,1.0,0.0,1.0,1.0,0.0
29,295,6.045279233479936,2.864258519257338,1.0,0.0,0.0,0.0,0.0,0.0
30,295,9.810007616728091,9.182523636029195,0.0,0.0,0.0,0.0,0.0,1.0
31,295,7.247627372680828,12.0,1.0,1.0,1.0,1.0,1.0,0.0
32,295,6.394732122183677,0.0,0.0,0.0,1.0,0.0,1.0,0.0
33,295,5.775516415642997,6.126300862796664,0.0,1.0,0.0,1.0,1.0,0.0
34,295,6.017539042518713,4.140625429926296,0.0,1.0,1.0,0.0,0.0,1.0
35,295,8.899089876979772,8.543590665391259,0.0,0.0,0.0,0.0,0.0,1.0
36,295,12.0,0.1352995453597059,0.0,0.0,0.0,1.0,0.0,1.0
37,295,12.0,0.0,1.0,0.0,0.0,0.0,0.0,1.0
38,295,12.0,8.3759299444288,0.0,1.0,0.0,1.0,1.0,1.0
39,295,9.059418492857782,2.9006968654964607,1.0,0.0,1.0,1.0,1.0,0.0
