0,0,5.961044010966628,0.9710792588076947,0.0,1.0,0.0,1.0,0.0,0.0
1,0,10.970931588308614,7.953835742602336,1.0,1.0,1.0,0.0,0.0,0.0
2,0,0.92236742344401,4.017341433659962,0.0,0.0,1.0,1.0,0.0,0.0
3,0,1.017360955361843,4.931927175396742,1.0,0.0,1.0,1.0,1.0,0.0
4,0,3.951927891651329,1.0270551634508265,1.0,1.0,1.0,0.0,1.0,0.0
5,0,3.058632511415333,7.97532629945031,1.0,1.0,0.0,1.0,0.0,1.0
6,0,6.00213762258715,2.0493923888111443,0.0,1.0,0.0,0.0,0.0,0.0
7,0,4.975616076024034,7.026684157585019,1.0,1.0,0.0,0.0,1.0,0.0
8,0,2.968549109014707,9.963840056213384,0.0,0.0,0.0,1.0,1.0,0.0
9,0,7.975381148063803,0.951968269266531,0.0,0.0,1.0,0.0,0.0,0.0
10,0,9.02891484908581,3.999629593545708,0.0,1.0,1.0,1.0,1.0,0.0
11,0,3.01372688526659,3.049763515308095,0.0,0.0,0.0,0.0,0.0,0.0
12,0,11.047613050805513,0.0,1.0,0.0,0.0,0.0,1.0,0.0
13,0,6.024829072354305,8.99893993998016,0.0,0.0,0.0,1.0,0.0,0.0
14,0,8.034041357080682,0.0,1.0,0.0,1.0,1.0,1.0,0.0
15,0,10.022725998437751,1.0484002779596973,0.0,0.0,0.0,1.0,1.0,0.0
16,0,8.967454025574012,7.942265908101701,0.0,0.0,0.0,0.0,1.0,0.0
17,0,9.937654971531074,6.02369853218966,0.0,1.0,0.0,0.0,0.0,0.0
18,0,8.028482161938294,7.9510769617735795,1.0,1.0,0.0,0.0,0.0,0.0
19,0,10.018059673932177,1.0345119619867993,1.0,1.0,1.0,0.0,0.0,0.0
20,0,5.001317621571027,3.042554228600596,1.0,0.0,0.0,0.0,0.0,1.0
21,0,5.0429742280695535,0.0,1.0,0.0,1.0,1.0,0.0,0.0
22,0,0.0,0.0,0.0,0.0,0.0,0.0,0.0,1.0
23,0,8.943477316485536,8.983555257169844,1.0,0.0,1.0,0.0,0.0,1.0
24,0,2.0806495913978087,8.952767115384669,0.0,1.0,0.0,1.0,1.0,0.0
25,0,0.0,3.967607856610968,0.0,1.0,1.0,0.0,0.0,0.0
26,0,9.023661131030597,4.0851532331509,0.0,0.0,0.0,1.0,1.0,1.0
27,0,0.0,1.049690360165702,0.0,0.0,1.0,1.0,0.0,0.0
28,0,1.955257008662056,2.9635108090795166,0.0,0.0,0.0,0.0,0.0,1.0
29,0,6.960857878167259,10.06237728320165,1.0,0.0,1.0,1.0,1.0,1.0
30,0,5.053884767502133,9.997070371010826,0.0,0.0,0.0,0.0,1.0,1.0
31,0,10.010341258978691,9.033531654700145,1.0,0.0,0.0,0.0,1.0,0.0
32,0,3.961548082041755,6.047615757795094,1.0,0.0,1.0,1.0,0.0,0.0
33,0,12.0,7.973364694610136,0.0,0.0,1.0,1.0,0.0,0.0
34,0,8.03119211253164,8.960893119154909,1.0,0.0,0.0,0.0,0.0,0.0
35,0,8.036074552407394,5.013982281496433,0.0,1.0,0.0,0.0,0.0,0.0
36,0,11.99056471982706,7.960108307624789,0.0,1.0,1.0,1.0,1.0,0.0
37,0,11.051204250077609,11.00635179396204,1.0,1.0,0.0,1.0,0.0,1.0
38,0,5.0014275258010725,1.9347024045677503,0.0,1.0,0.0,0.0,0.0,0.0
39,0,10.060431724781829,6.976323883870231,0.0,0.0,1.0,0.0,1.0,0.0
0,5,5.949569313396425,0.9624686913281154,0.0,1.0,0.0,1.0,0.0,0.0
1,5,10.942020667930596,7.909728883273181,1.0,1.0,1.0,0.0,0.0,0.0
2,5,0.8466593486654163,4.034333884251056,0.0,0.0,1.0,1.0,0.0,0.0
3,5,1.0393945876968569,4.8566298035116295,1.0,0.0,1.0,1.0,1.0,0.0
4,5,3.889419689912605,1.061021229336309,1.0,1.0,1.0,0.0,1.0,0.0
5,5,3.1189749864779985,7.9498115325257315,1.0,1.0,0.0,1.0,0.0,1.0
6,5,6.004920977310936,2.088124673565079,0.0,1.0,0.0,0.0,0.0,0.0
7,5,4.941700376054004,7.0647627913923605,1.0,1.0,0.0,0.0,1.0,0.0
8,5,2.9437957850311465,9.936452198621591,0.0,0.0,0.0,1.0,1.0,0.0
9,5,7.969571211249726,0.940609565182631,0.0,0.0,1.0,0.0,0.0,0.0
10,5,9.054662955864178,3.999372861064012,0.0,1.0,1.0,1.0,1.0,0.0
11,5,3.0254281648097483,3.0930325108253416,0.0,0.0,0.0,0.0,0.0,0.0
12,5,11.098096993027164,0.0,1.0,0.0,0.0,0.0,1.0,0.0
13,5,6.072586572705612,8.996973234651461,0.0,0.0,0.0,1.0,0.0,0.0
14,5,8.074853902146762,0.0,1.0,0.0,1.0,1.0,1.0,0.0
15,5,10.04137149800634,1.0872600917115849,0.0,0.0,0.0,1.0,1.0,0.0
16,5,8.932971012941465,7.879537686694231,0.0,0.0,0.0,0.0,1.0,0.0
17,5,9.89506271007269,6.040002669370835,0.0,1.0,0.0,0.0,0.0,0.0
18,5,8.058490967931624,7.901559240993615,1.0,1.0,0.0,0.0,0.0,0.0
19,5,10.04372265133128,1.080705103788909,1.0,1.0,1.0,0.0,0.0,0.0
20,5,5.002077919466323,3.0681272165552973,1.0,0.0,0.0,0.0,0.0,1.0
21,5,5.091372105161989,0.0,1.0,0.0,1.0,1.0,0.0,0.0
22,5,0.0,0.0,0.0,0.0,0.0,0.0,0.0,1.0
23,5,8.87493648341753,8.96421373510443,1.0,0.0,1.0,0.0,0.0,1.0
24,5,2.1563771047316846,8.910985676838678,0.0,1.0,0.0,1.0,1.0,0.0
25,5,0.0,3.9497055508880985,0.0,1.0,1.0,0.0,0.0,0.0
26,5,9.05245626061199,4.187182848659718,0.0,0.0,0.0,1.0,1.0,1.0
27,5,0.0,1.102375251294239,0.0,0.0,1.0,1.0,0.0,0.0
28,5,1.893457095292575,2.913764812363023,0.0,0.0,0.0,0.0,0.0,1.0
29,5,6.923772796987698,10.125550638029845,1.0,0.0,1.0,1.0,1.0,1.0
30,5,5.106928352371219,9.992745833329105,0.0,0.0,0.0,0.0,1.0,1.0
31,5,10.022126852666428,9.068233691029144,1.0,0.0,0.0,0.0,1.0,0.0
32,5,3.922892056067266,6.095836311328262,1.0,0.0,1.0,1.0,0.0,0.0
33,5,12.0,7.949356615624683,0.0,0.0,1.0,1.0,0.0,0.0
34,5,8.07368236789663,8.908625661759995,1.0,0.0,0.0,0.0,0.0,0.0
35,5,8.07837138912948,5.028079070921796,0.0,1.0,0.0,0.0,0.0,0.0
36,5,11.9838046817183,7.927987600194532,0.0,1.0,1.0,1.0,1.0,0.0
37,5,11.116508892524706,11.012331466736846,1.0,1.0,0.0,1.0,0.0,1.0
38,5,5.002848063983616,1.879086392935659,0.0,1.0,0.0,0.0,0.0,0.0
39,5,10.113527329220815,6.955020230976218,0.0,0.0,1.0,0.0,1.0,0.0
0,10,5.932773630483555,0.9499084200519078,0.0,1.0,0.0,1.0,0.0,0.0
1,10,10.906217525801944,7.856357188995946,1.0,1.0,1.0,0.0,0.0,0.0
2,10,0.7837436683818573,4.047934244797271,0.0,0.0,1.0,1.0,0.0,0.0
3,10,1.0637107908604095,4.7710189499204265,1.0,0.0,1.0,1.0,1.0,0.0
4,10,3.8248859530378274,1.0974010152800044,1.0,1.0,1.0,0.0,1.0,0.0
5,10,3.179003148845351,7.9225291329077585,1.0,1.0,0.0,1.0,0.0,1.0
6,10,6.010026315453081,2.1454186653887075,0.0,1.0,0.0,0.0,0.0,0.0
7,10,4.903781866742151,7.110509108373121,1.0,1.0,0.0,0.0,1.0,0.0
8,10,2.9117340157850915,9.90066132544456,0.0,0.0,0.0,1.0,1.0,0.0
9,10,7.957597852165212,0.9166254948512176,0.0,0.0,1.0,0.0,0.0,0.0
10,10,9.090673247809091,3.9990390586604376,0.0,1.0,1.0,1.0,1.0,0.0
11,10,3.040482318481553,3.156573033380992,0.0,0.0,0.0,0.0,0.0,0.0
12,10,11.135572245614588,0.0,1.0,0.0,0.0,0.0,1.0,0.0
13,10,6.12120256187294,8.99432950466368,0.0,0.0,0.0,1.0,0.0,0.0
14,10,8.12499782965195,0.0,1.0,0.0,1.0,1.0,1.0,0.0
15,10,10.06867813682756,1.1460216596283774,0.0,0.0,0.0,1.0,1.0,0.0
16,10,8.8991402941316,7.82192323090202,0.0,0.0,0.0,0.0,1.0,0.0
17,10,9.848527478989345,6.057741846524175,0.0,1.0,0.0,0.0,0.0,0.0
18,10,8.079365130116374,7.866238386110703,1.0,1.0,0.0,0.0,0.0,0.0
19,10,10.061852756968266,1.1151151514508109,1.0,1.0,1.0,0.0,0.0,0.0
20,10,5.002938637425878,3.0895800954670087,1.0,0.0,0.0,0.0,0.0,1.0
21,10,5.151165274010002,0.0,1.0,0.0,1.0,1.0,0.0,0.0
22,10,0.0,0.0,0.0,0.0,0.0,0.0,0.0,1.0
23,10,8.812574266146903,8.943798112038156,1.0,0.0,1.0,0.0,0.0,1.0
24,10,2.2418570238716544,8.86426572814075,0.0,1.0,0.0,1.0,1.0,0.0
25,10,0.0,3.940682917102405,0.0,1.0,1.0,0.0,0.0,0.0
26,10,9.077309617040852,4.277178294263175,0.0,0.0,0.0,1.0,1.0,1.0
27,10,0.0,1.1787364024963711,0.0,0.0,1.0,1.0,0.0,0.0
28,10,1.8195197326016563,2.853270081769497,0.0,0.0,0.0,0.0,0.0,1.0
29,10,6.887273338449407,10.18761260299763,1.0,0.0,1.0,1.0,1.0,1.0
30,10,5.143367395410668,9.989044163348831,0.0,0.0,0.0,0.0,1.0,1.0
31,10,10.037753236440505,9.114251416332316,1.0,0.0,0.0,0.0,1.0,0.0
32,10,3.8696865196911183,6.161445638562493,1.0,0.0,1.0,1.0,0.0,0.0
33,10,12.0,7.926840775340521,0.0,0.0,1.0,1.0,0.0,0.0
34,10,8.104975302445316,8.871167913610236,1.0,0.0,0.0,0.0,0.0,0.0
35,10,8.137096132011402,5.047488512798448,0.0,1.0,0.0,0.0,0.0,0.0
36,10,11.97856575112046,7.89966992178149,0.0,1.0,1.0,1.0,1.0,0.0
37,10,11.171685109885642,11.019146079638992,1.0,1.0,0.0,1.0,0.0,1.0
38,10,5.005565190434358,1.819191122787066,0.0,1.0,0.0,0.0,0.0,0.0
39,10,10.165103879542157,6.9340477047460025,0.0,0.0,1.0,0.0,1.0,0.0
0,15,5.921699969160779,0.9415816686876488,0.0,1.0,0.0,1.0,0.0,0.0
1,15,10.872534438834853,7.805670135461629,1.0,1.0,1.0,0.0,0.0,0.0
2,15,0.7154081038261846,4.062861324572952,0.0,0.0,1.0,1.0,0.0,0.0
3,15,1.0835952341286357,4.694998938494968,1.0,0.0,1.0,1.0,1.0,0.0
4,15,3.778464920950464,1.123731204219189,1.0,1.0,1.0,0.0,1.0,0.0
5,15,3.249658022384557,7.889137657484861,1.0,1.0,0.0,1.0,0.0,1.0
6,15,6.014187631590809,2.1958181963108743,0.0,1.0,0.0,0.0,0.0,0.0
7,15,4.862053517220618,7.161443137924608,1.0,1.0,0.0,0.0,1.0,0.0
8,15,2.887729061986734,9.874903775329484,0.0,0.0,0.0,1.0,1.0,0.0
9,15,7.947839244085664,0.8963031022065852,0.0,0.0,1.0,0.0,0.0,0.0
10,15,9.113612646954246,3.998265715343761,0.0,1.0,1.0,1.0,1.0,0.0
11,15,3.0600871948165267,3.239875856241732,0.0,0.0,0.0,0.0,0.0,0.0
12,15,11.170861243763447,0.0,1.0,0.0,0.0,0.0,1.0,0.0
13,15,6.175135163452056,8.992016778709676,0.0,0.0,0.0,1.0,0.0,0.0
14,15,8.185836811163151,0.0,1.0,0.0,1.0,1.0,1.0,0.0
15,15,10.100460721292828,1.2144933435744223,0.0,0.0,0.0,1.0,1.0,0.0
16,15,8.860670153676162,7.756441973690658,0.0,0.0,0.0,0.0,1.0,0.0
17,15,9.806421799931456,6.075259885678551,0.0,1.0,0.0,0.0,0.0,0.0
18,15,8.091928383034498,7.845487250009956,1.0,1.0,0.0,0.0,0.0,0.0
19,15,10.079162233396392,1.148142050418682,1.0,1.0,1.0,0.0,0.0,0.0
20,15,5.00321432641599,3.100876614344493,1.0,0.0,0.0,0.0,0.0,1.0
21,15,5.224443120722853,0.0,1.0,0.0,1.0,1.0,0.0,0.0
22,15,0.0,0.0,0.0,0.0,0.0,0.0,0.0,1.0
23,15,8.740961848578998,8.920750569364065,1.0,0.0,1.0,0.0,0.0,1.0
24,15,2.3426311796042185,8.812309960613149,0.0,1.0,0.0,1.0,1.0,0.0
25,15,0.0,3.93464443356258,0.0,1.0,1.0,0.0,0.0,0.0
26,15,9.106284628837836,4.378099292344609,0.0,0.0,0.0,1.0,1.0,1.0
27,15,0.0,1.248951695741536,0.0,0.0,1.0,1.0,0.0,0.0
28,15,1.7497859664899864,2.7983760599682665,0.0,0.0,0.0,0.0,0.0,1.0
29,15,6.845484126149311,10.26063919954556,1.0,0.0,1.0,1.0,1.0,1.0
30,15,5.193486415000267,9.985458348458826,0.0,0.0,0.0,0.0,1.0,1.0
31,15,10.054549835461955,9.165101541623546,1.0,0.0,0.0,0.0,1.0,0.0
32,15,3.8278232269409016,6.2130716672016,1.0,0.0,1.0,1.0,0.0,0.0
33,15,12.0,7.910441255413339,0.0,0.0,1.0,1.0,0.0,0.0
34,15,8.129154441886074,8.843232135322516,1.0,0.0,0.0,0.0,0.0,0.0
35,15,8.192105013467197,5.064878802219864,0.0,1.0,0.0,0.0,0.0,0.0
36,15,11.976313159981228,7.88740372810219,0.0,1.0,1.0,1.0,1.0,0.0
37,15,11.214172868284976,11.024751248009204,1.0,1.0,0.0,1.0,0.0,1.0
38,15,5.008388703950408,1.7630965505229468,0.0,1.0,0.0,0.0,0.0,0.0
39,15,10.21899163417895,6.9118753148937095,0.0,0.0,1.0,0.0,1.0,0.0
0,20,5.916291169178228,0.9374766736322342,0.0,1.0,0.0,1.0,0.0,0.0
1,20,10.84405949076713,7.763250722850215,1.0,1.0,1.0,0.0,0.0,0.0
2,20,0.6546534036011301,4.077541680854772,0.0,0.0,1.0,1.0,0.0,0.0
3,20,1.0993513424361858,4.625888537790073,1.0,0.0,1.0,1.0,1.0,0.0
4,20,3.718881142967814,1.1549204527842527,1.0,1.0,1.0,0.0,1.0,0.0
5,20,3.3430099813575587,7.846113045424937,1.0,1.0,0.0,1.0,0.0,1.0
6,20,6.017175343042649,2.240399697455816,0.0,1.0,0.0,0.0,0.0,0.0
7,20,4.816721060256933,7.21726921047307,1.0,1.0,0.0,0.0,1.0,0.0
8,20,2.8463911114459126,9.830752089540834,0.0,0.0,0.0,1.0,1.0,0.0
9,20,7.935638058243692,0.8707794691932065,0.0,0.0,1.0,0.0,0.0,0.0
10,20,9.155183502291164,3.996854734176358,0.0,1.0,1.0,1.0,1.0,0.0
11,20,3.0823796421260994,3.327128383648716,0.0,0.0,0.0,0.0,0.0,0.0
12,20,11.199662437205228,0.0,1.0,0.0,0.0,0.0,1.0,0.0
13,20,6.242949075512634,8.988527433592164,0.0,0.0,0.0,1.0,0.0,0.0
14,20,8.254959237431452,0.0,1.0,0.0,1.0,1.0,1.0,0.0
15,20,10.133463831391522,1.2878442247383963,0.0,0.0,0.0,1.0,1.0,0.0
16,20,8.816854811280617,7.686643964581675,0.0,0.0,0.0,0.0,1.0,0.0
17,20,9.765689948753296,6.0923345392839945,0.0,1.0,0.0,0.0,0.0,0.0
18,20,8.11639537152751,7.803880490422191,1.0,1.0,0.0,0.0,0.0,0.0
19,20,10.100579265983532,1.1879070935306162,1.0,1.0,1.0,0.0,0.0,0.0
20,20,5.003252470269698,3.1016600931480136,1.0,0.0,0.0,0.0,0.0,1.0
21,20,5.288951180732557,0.0,1.0,0.0,1.0,1.0,0.0,0.0
22,20,0.0,0.0,0.0,0.0,0.0,0.0,0.0,1.0
23,20,8.668831070256857,8.897464057421919,1.0,0.0,1.0,0.0,0.0,1.0
24,20,2.449854047207687,8.75611043705553,0.0,1.0,0.0,1.0,1.0,0.0
25,20,0.0,3.9293552099630857,0.0,1.0,1.0,0.0,0.0,0.0
26,20,9.138823587174729,4.488404018304843,0.0,0.0,0.0,1.0,1.0,1.0
27,20,0.0,1.3301848819352695,0.0,0.0,1.0,1.0,0.0,0.0
28,20,1.6606517252966784,2.730929982475284,0.0,0.0,0.0,0.0,0.0,1.0
29,20,6.80842561990864,10.326492150466832,1.0,0.0,1.0,1.0,1.0,1.0
30,20,5.211998345164787,9.984254194456424,0.0,0.0,0.0,0.0,1.0,1.0
31,20,10.075360139329629,9.22649452312143,1.0,0.0,0.0,0.0,1.0,0.0
32,20,3.792266604084702,6.256098065627236,1.0,0.0,1.0,1.0,0.0,0.0
33,20,12.0,7.894788440519465,0.0,0.0,1.0,1.0,0.0,0.0
34,20,8.140206114326498,8.830085157228185,1.0,0.0,0.0,0.0,0.0,0.0
35,20,8.237587323818817,5.080076102748163,0.0,1.0,0.0,0.0,0.0,0.0
36,20,11.97147160952432,7.860674162907233,0.0,1.0,1.0,1.0,1.0,0.0
37,20,11.272063163040652,11.030339863866324,1.0,1.0,0.0,1.0,0.0,1.0
38,20,5.008682892809001,1.6936171466668442,0.0,1.0,0.0,0.0,0.0,0.0
39,20,10.27707010990917,6.888665471303485,0.0,0.0,1.0,0.0,1.0,0.0
0,25,5.900617657503001,0.9242796423280554,0.0,1.0,0.0,1.0,0.0,0.0
1,25,10.878522624820535,7.813927441119046,1.0,1.0,1.0,0.0,0.0,0.0
2,25,0.5835951125670756,4.095781024157389,0.0,0.0,1.0,1.0,0.0,0.0
3,25,1.117507368510173,4.545564447984632,1.0,0.0,1.0,1.0,1.0,0.0
4,25,3.660307751668797,1.1852884966379684,1.0,1.0,1.0,0.0,1.0,0.0
5,25,3.4455374508643684,7.798236135784399,1.0,1.0,0.0,1.0,0.0,1.0
6,25,6.020272173728185,2.287095481384378,0.0,1.0,0.0,0.0,0.0,0.0
7,25,4.7653603719713065,7.282077278647064,1.0,1.0,0.0,0.0,1.0,0.0
8,25,2.793730197466092,9.775658544515233,0.0,0.0,0.0,1.0,1.0,0.0
9,25,7.928649022416812,0.8575913190116247,0.0,0.0,1.0,0.0,0.0,0.0
10,25,9.220137959981768,3.993623045319139,0.0,1.0,1.0,1.0,1.0,0.0
11,25,3.106849424073696,3.4216543407833866,0.0,0.0,0.0,0.0,0.0,0.0
12,25,11.236551151813591,0.0,1.0,0.0,0.0,0.0,1.0,0.0
13,25,6.309888946161943,8.98471914693398,0.0,0.0,0.0,1.0,0.0,0.0
14,25,8.329330111070492,0.0,1.0,0.0,1.0,1.0,1.0,0.0
15,25,10.172116994204234,1.3716937062911676,0.0,0.0,0.0,1.0,1.0,0.0
16,25,8.783350184453013,7.633105739142581,0.0,0.0,0.0,0.0,1.0,0.0
17,25,9.705860156001783,6.118840711649752,0.0,1.0,0.0,0.0,0.0,0.0
18,25,8.138873256716991,7.766056965792503,1.0,1.0,0.0,0.0,0.0,0.0
19,25,10.114418426731238,1.2137111521193034,1.0,1.0,1.0,0.0,0.0,0.0
20,25,5.0025430976040655,3.0948434009707952,1.0,0.0,0.0,0.0,0.0,1.0
21,25,5.35327761070082,0.0,1.0,0.0,1.0,1.0,0.0,0.0
22,25,0.0,0.0,0.0,0.0,0.0,0.0,0.0,1.0
23,25,8.62615530077504,8.88311319786008,1.0,0.0,1.0,0.0,0.0,1.0
24,25,2.558869906764518,8.700747454676739,0.0,1.0,0.0,1.0,1.0,0.0
25,25,0.0022145435116727,3.9319668792657168,0.0,1.0,1.0,0.0,0.0,0.0
26,25,9.161815534466545,4.57013339011072,0.0,0.0,0.0,1.0,1.0,1.0
27,25,0.0,1.438214135855391,0.0,0.0,1.0,1.0,0.0,0.0
28,25,1.562660119149327,2.6577692864855624,0.0,0.0,0.0,0.0,0.0,1.0
29,25,6.776816863008056,10.381415067914787,1.0,0.0,1.0,1.0,1.0,1.0
30,25,5.23076308420974,9.98272422222918,0.0,0.0,0.0,0.0,1.0,1.0
31,25,10.091534186825331,9.272142195511783,1.0,0.0,0.0,0.0,1.0,0.0
32,25,3.754655006703116,6.301388010670438,1.0,0.0,1.0,1.0,0.0,0.0
33,25,12.0,7.873755700359359,0.0,0.0,1.0,1.0,0.0,0.0
34,25,8.147269749013468,8.821728994629742,1.0,0.0,0.0,0.0,0.0,0.0
35,25,8.283130187154057,5.095725840178245,0.0,1.0,0.0,0.0,0.0,0.0
36,25,11.97120357756887,7.859052277574629,0.0,1.0,1.0,1.0,1.0,0.0
37,25,11.338247863828254,11.036627322829212,1.0,1.0,0.0,1.0,0.0,1.0
38,25,5.007420093985869,1.6320362998854614,0.0,1.0,0.0,0.0,0.0,0.0
39,25,10.316103267788904,6.874085256326427,0.0,0.0,1.0,0.0,1.0,0.0
0,30,5.889691997246899,0.9157369655742376,0.0,1.0,0.0,1.0,0.0,0.0
1,30,10.919645935103842,7.8735582540782385,1.0,1.0,1.0,0.0,0.0,0.0
2,30,0.4997487682502493,4.117212085359138,0.0,0.0,1.0,1.0,0.0,0.0
3,30,1.1394936359298602,4.461745541028695,1.0,0.0,1.0,1.0,1.0,0.0
4,30,3.612164883292508,1.210616485026343,1.0,1.0,1.0,0.0,1.0,0.0
5,30,3.539557900775544,7.754847957439909,1.0,1.0,0.0,1.0,0.0,1.0
6,30,6.023283350756674,2.3286759538806105,0.0,1.0,0.0,0.0,0.0,0.0
7,30,4.71292990761627,7.349701621167778,1.0,1.0,0.0,0.0,1.0,0.0
8,30,2.7427016782376628,9.724088607075853,0.0,0.0,0.0,1.0,1.0,0.0
9,30,7.922013748954002,0.8440337100633516,0.0,0.0,1.0,0.0,0.0,0.0
10,30,9.298549955531104,3.9882877855469694,0.0,1.0,1.0,1.0,1.0,0.0
11,30,3.13213707855036,3.5225528244343622,0.0,0.0,0.0,0.0,0.0,0.0
12,30,11.233957993091352,0.0,1.0,0.0,0.0,0.0,1.0,0.0
13,30,6.375913662461792,8.982293332249585,0.0,0.0,0.0,1.0,0.0,0.0
14,30,8.40887353978459,0.0,1.0,0.0,1.0,1.0,1.0,0.0
15,30,10.20962194051877,1.4514064475910162,0.0,0.0,0.0,1.0,1.0,0.0
16,30,8.753671696675987,7.584884289831651,0.0,0.0,0.0,0.0,1.0,0.0
17,30,9.643757597207328,6.146121923262855,0.0,1.0,0.0,0.0,0.0,0.0
18,30,8.155495802950984,7.738016928889568,1.0,1.0,0.0,0.0,0.0,0.0
19,30,10.113010251715464,1.2110953342569557,1.0,1.0,1.0,0.0,0.0,0.0
20,30,5.004273947521863,3.1087388784066934,1.0,0.0,0.0,0.0,0.0,1.0
21,30,5.424358128688997,0.0,1.0,0.0,1.0,1.0,0.0,0.0
22,30,0.0,0.0,0.0,0.0,0.0,0.0,0.0,1.0
23,30,8.592174541437732,8.872016043424562,1.0,0.0,1.0,0.0,0.0,1.0
24,30,2.673509763022835,8.641796930503906,0.0,1.0,0.0,1.0,1.0,0.0
25,30,0.0049312771972739,3.9351899701537594,0.0,1.0,1.0,0.0,0.0,0.0
26,30,9.189220305726478,4.663688018011672,0.0,0.0,0.0,1.0,1.0,1.0
27,30,0.0,1.5518591494459495,0.0,0.0,1.0,1.0,0.0,0.0
28,30,1.4742649378456596,2.593126979185445,0.0,0.0,0.0,0.0,0.0,1.0
29,30,6.744034448280058,10.44124719681503,1.0,0.0,1.0,1.0,1.0,1.0
30,30,5.259971663093229,9.980659955233849,0.0,0.0,0.0,0.0,1.0,1.0
31,30,10.111473339928349,9.327211070139375,1.0,0.0,0.0,0.0,1.0,0.0
32,30,3.737907318927405,6.320329490916357,1.0,0.0,1.0,1.0,0.0,0.0
33,30,12.0,7.839979327799527,0.0,0.0,1.0,1.0,0.0,0.0
34,30,8.151839515770009,8.816224259794998,1.0,0.0,0.0,0.0,0.0,0.0
35,30,8.304841290946326,5.103205612578027,0.0,1.0,0.0,0.0,0.0,0.0
36,30,11.968735312259495,7.842020235199317,0.0,1.0,1.0,1.0,1.0,0.0
37,30,11.428316061788546,11.048575184180908,1.0,1.0,0.0,1.0,0.0,1.0
38,30,5.005385258865284,1.562967830426301,0.0,1.0,0.0,0.0,0.0,0.0
39,30,10.348315166633324,6.8625281786464924,0.0,0.0,1.0,0.0,1.0,0.0
0,35,5.866325376229112,0.8982259093047192,0.0,1.0,0.0,1.0,0.0,0.0
1,35,10.95834256740694,7.931153856011988,1.0,1.0,1.0,0.0,0.0,0.0
2,35,0.4347511499792212,4.135628792334955,0.0,0.0,1.0,1.0,0.0,0.0
3,35,1.1621701386765213,4.364181230530504,1.0,0.0,1.0,1.0,1.0,0.0
4,35,3.568237314162213,1.2340436577864613,1.0,1.0,1.0,0.0,1.0,0.0
5,35,3.650277427231797,7.706484085603669,1.0,1.0,0.0,1.0,0.0,1.0
6,35,6.025606900680872,2.3714281211576367,0.0,1.0,0.0,0.0,0.0,0.0
7,35,4.638970680060902,7.444776019059205,1.0,1.0,0.0,0.0,1.0,0.0
8,35,2.679630280516848,9.661542204477156,0.0,0.0,0.0,1.0,1.0,0.0
9,35,7.916885640701415,0.833119592824787,0.0,0.0,1.0,0.0,0.0,0.0
10,35,9.359899996811151,3.983536525222122,0.0,1.0,1.0,1.0,1.0,0.0
11,35,3.162747000066611,3.6453267621555545,0.0,0.0,0.0,0.0,0.0,0.0
12,35,11.229658212589756,0.0,1.0,0.0,0.0,0.0,1.0,0.0
13,35,6.4490735789070985,8.981251845566636,0.0,0.0,0.0,1.0,0.0,0.0
14,35,8.461834608300897,0.0,1.0,0.0,1.0,1.0,1.0,0.0
15,35,10.244655781999109,1.522187320445472,0.0,0.0,0.0,1.0,1.0,0.0
16,35,8.712377999550661,7.519960896207856,0.0,0.0,0.0,0.0,1.0,0.0
17,35,9.59197764907118,6.167983425423081,0.0,1.0,0.0,0.0,0.0,0.0
18,35,8.170600163290139,7.7118469724003536,1.0,1.0,0.0,0.0,0.0,0.0
19,35,10.1117469309572,1.2088185116781012,1.0,1.0,1.0,0.0,0.0,0.0
20,35,5.003693057340096,3.103602939661221,1.0,0.0,0.0,0.0,0.0,1.0
21,35,5.509516332015834,0.0,1.0,0.0,1.0,1.0,0.0,0.0
22,35,0.0,0.0,0.0,0.0,0.0,0.0,0.0,1.0
23,35,8.539573396501432,8.854973248344582,1.0,0.0,1.0,0.0,0.0,1.0
24,35,2.7894187533663266,8.586659763986717,0.0,1.0,0.0,1.0,1.0,0.0
25,35,0.0,3.921936807536536,0.0,1.0,1.0,0.0,0.0,0.0
26,35,9.222529157403246,4.776033847057585,0.0,0.0,0.0,1.0,1.0,1.0
27,35,0.0,1.6624689993137522,0.0,0.0,1.0,1.0,0.0,0.0
28,35,1.387136445085092,2.531922460021424,0.0,0.0,0.0,0.0,0.0,1.0
29,35,6.718585104545142,10.489394507317328,1.0,0.0,1.0,1.0,1.0,1.0
30,35,5.288594695536733,9.978439289835364,0.0,0.0,0.0,0.0,1.0,1.0
31,35,10.123249797713411,9.361355387139117,1.0,0.0,0.0,0.0,1.0,0.0
32,35,3.71386731105384,6.346542917516023,1.0,0.0,1.0,1.0,0.0,0.0
33,35,12.0,7.810652923779803,0.0,0.0,1.0,1.0,0.0,0.0
34,35,8.155473633193555,8.81191361015028,1.0,0.0,0.0,0.0,0.0,0.0
35,35,8.328158854481194,5.111090175261262,0.0,1.0,0.0,0.0,0.0,0.0
36,35,11.964473368971086,7.812906803393739,0.0,1.0,1.0,1.0,1.0,0.0
37,35,11.525455287222703,11.061915251264352,1.0,1.0,0.0,1.0,0.0,1.0
38,35,5.003615115367738,1.4700701902012574,0.0,1.0,0.0,0.0,0.0,0.0
39,35,10.38687718784866,6.848469814598691,0.0,0.0,1.0,0.0,1.0,0.0
0,40,5.839820872275582,0.8772048279990134,0.0,1.0,0.0,1.0,0.0,0.0
1,40,11.015592801202038,8.014127664037234,1.0,1.0,1.0,0.0,0.0,0.0
2,40,0.4124026667211822,4.059216094005693,0.0,0.0,1.0,1.0,0.0,0.0
3,40,1.1866872895709863,4.268041536132546,1.0,0.0,1.0,1.0,1.0,0.0
4,40,3.519318192191029,1.258954434762262,1.0,1.0,1.0,0.0,1.0,0.0
5,40,3.765348349703192,7.658509079372522,1.0,1.0,0.0,1.0,0.0,1.0
6,40,6.026412346918487,2.406364344715774,0.0,1.0,0.0,0.0,0.0,0.0
7,40,4.561118023885369,7.54820717437303,1.0,1.0,0.0,0.0,1.0,0.0
8,40,2.6083393839310007,9.590656779155474,0.0,0.0,0.0,1.0,1.0,0.0
9,40,7.909019155361272,0.816826894034101,0.0,0.0,1.0,0.0,0.0,0.0
10,40,9.417865338779295,3.9793039154575744,0.0,1.0,1.0,1.0,1.0,0.0
11,40,3.197320161025723,3.767525510930695,0.0,0.0,0.0,0.0,0.0,0.0
12,40,11.227325972379097,0.0,1.0,0.0,0.0,0.0,1.0,0.0
13,40,6.5050487201985545,8.980557163304653,0.0,0.0,0.0,1.0,0.0,0.0
14,40,8.527341266799812,0.0,1.0,0.0,1.0,1.0,1.0,0.0
15,40,10.27008782470641,1.5713748172083783,0.0,0.0,0.0,1.0,1.0,0.0
16,40,8.674152531891226,7.46103978728245,0.0,0.0,0.0,0.0,1.0,0.0
17,40,9.573329459163904,6.176811395957404,0.0,1.0,0.0,0.0,0.0,0.0
18,40,8.183107712751942,7.689319041174475,1.0,1.0,0.0,0.0,0.0,0.0
19,40,10.11817788332848,1.2200611673750383,1.0,1.0,1.0,0.0,0.0,0.0
20,40,5.003302027904686,3.100219232578527,1.0,0.0,0.0,0.0,0.0,1.0
21,40,5.568643252777491,0.0,1.0,0.0,1.0,1.0,0.0,0.0
22,40,0.0,0.0,0.0,0.0,0.0,0.0,0.0,1.0
23,40,8.490782131298198,8.838975680593357,1.0,0.0,1.0,0.0,0.0,1.0
24,40,2.9155340848634044,8.527488796653257,0.0,1.0,0.0,1.0,1.0,0.0
25,40,0.0,3.921227980338685,0.0,1.0,1.0,0.0,0.0,0.0
26,40,9.250913632163574,4.879634839264594,0.0,0.0,0.0,1.0,1.0,1.0
27,40,0.0,1.7549047248573413,0.0,0.0,1.0,1.0,0.0,0.0
28,40,1.310649178795759,2.4794578414528283,0.0,0.0,0.0,0.0,0.0,1.0
29,40,6.692162092784833,10.541139699109513,1.0,0.0,1.0,1.0,1.0,1.0
30,40,5.326243319958728,9.975400316798767,0.0,0.0,0.0,0.0,1.0,1.0
31,40,10.13613611572587,9.399753694930297,1.0,0.0,0.0,0.0,1.0,0.0
32,40,3.6949059070990695,6.366562021062093,1.0,0.0,1.0,1.0,0.0,0.0
33,40,12.0,7.7789920530410095,0.0,0.0,1.0,1.0,0.0,0.0
34,40,8.167211340869665,8.798463653776693,1.0,0.0,0.0,0.0,0.0,0.0
35,40,8.370449900524846,5.125941261873104,0.0,1.0,0.0,0.0,0.0,0.0
36,40,11.961048636116349,7.789379248686349,0.0,1.0,1.0,1.0,1.0,0.0
37,40,11.620957007620182,11.077753276345714,1.0,1.0,0.0,1.0,0.0,1.0
38,40,4.999151946298161,1.3800326863633758,0.0,1.0,0.0,0.0,0.0,0.0
39,40,10.433841766498176,6.830905526031344,0.0,0.0,1.0,0.0,1.0,0.0
0,45,5.815908071047784,0.8579905600480171,0.0,1.0,0.0,1.0,0.0,0.0
1,45,11.063989922238372,8.0874492853244,1.0,1.0,1.0,0.0,0.0,0.0
2,45,0.393234988895028,3.992798958322853,0.0,0.0,1.0,1.0,0.0,0.0
3,45,1.2123979055765386,4.170110404300742,1.0,0.0,1.0,1.0,1.0,0.0
4,45,3.481349699873212,1.2792247749730856,1.0,1.0,1.0,0.0,1.0,0.0
5,45,3.8951013185074816,7.606424299129552,1.0,1.0,0.0,1.0,0.0,1.0
6,45,6.028278272950719,2.4399118157371817,0.0,1.0,0.0,0.0,0.0,0.0
7,45,4.476734153907146,7.666723214335754,1.0,1.0,0.0,0.0,1.0,0.0
8,45,2.531700472280924,9.515936973320468,0.0,0.0,0.0,1.0,1.0,0.0
9,45,7.912868305767077,0.8260640637276668,0.0,0.0,1.0,0.0,0.0,0.0
10,45,9.475462520927865,3.9744771862249433,0.0,1.0,1.0,1.0,1.0,0.0
11,45,3.2235836160931424,3.8885277991109,0.0,0.0,0.0,0.0,0.0,0.0
12,45,11.2266712181797,0.0,1.0,0.0,0.0,0.0,1.0,0.0
13,45,6.55220885559715,8.978546894305365,0.0,0.0,0.0,1.0,0.0,0.0
14,45,8.600926002362382,0.0,1.0,0.0,1.0,1.0,1.0,0.0
15,45,10.29659344333738,1.6199097446529602,0.0,0.0,0.0,1.0,1.0,0.0
16,45,8.64525500226015,7.418162988316611,0.0,0.0,0.0,0.0,1.0,0.0
17,45,9.54578777553695,6.1901555135317246,0.0,1.0,0.0,0.0,0.0,0.0
18,45,8.199990880400364,7.657490698611584,1.0,1.0,0.0,0.0,0.0,0.0
19,45,10.124184575595162,1.2300737280999083,1.0,1.0,1.0,0.0,0.0,0.0
20,45,5.003562804132583,3.102579464866021,1.0,0.0,0.0,0.0,0.0,1.0
21,45,5.608176710669565,0.0,1.0,0.0,1.0,1.0,0.0,0.0
22,45,0.0,0.0,0.0,0.0,0.0,0.0,0.0,1.0
23,45,8.434154492462396,8.821401901575038,1.0,0.0,1.0,0.0,0.0,1.0
24,45,3.0383645072851646,8.468351001775783,0.0,1.0,0.0,1.0,1.0,0.0
25,45,0.0,3.920486317557093,0.0,1.0,1.0,0.0,0.0,0.0
26,45,9.282898019541474,4.997607415740861,0.0,0.0,0.0,1.0,1.0,1.0
27,45,0.0,1.8424853909226488,0.0,0.0,1.0,1.0,0.0,0.0
28,45,1.2225823640610762,2.418549721921857,0.0,0.0,0.0,0.0,0.0,1.0
29,45,6.676546133838313,10.571692146570545,1.0,0.0,1.0,1.0,1.0,1.0
30,45,5.367660006036016,9.97188196022688,0.0,0.0,0.0,0.0,1.0,1.0
31,45,10.140873078116014,9.41312138299884,1.0,0.0,0.0,0.0,1.0,0.0
32,45,3.678722381267236,6.384079887557309,1.0,0.0,1.0,1.0,0.0,0.0
33,45,12.0,7.745326234006647,0.0,0.0,1.0,1.0,0.0,0.0
34,45,8.170521975593784,8.794567324080491,1.0,0.0,0.0,0.0,0.0,0.0
35,45,8.415948217054371,5.141814816228403,0.0,1.0,0.0,0.0,0.0,0.0
36,45,11.95620014644306,7.756697204762189,0.0,1.0,1.0,1.0,1.0,0.0
37,45,11.69651287609926,11.090577441327408,1.0,1.0,0.0,1.0,0.0,1.0
38,45,4.993734072030672,1.2912275903507917,0.0,1.0,0.0,0.0,0.0,0.0
39,45,10.486765413974986,6.810744828002636,0.0,0.0,1.0,0.0,1.0,0.0
0,50,5.752041229765956,0.8072285152085397,0.0,1.0,0.0,1.0,0.0,0.0
1,50,11.115228350756162,8.16348524060882,1.0,1.0,1.0,0.0,0.0,0.0
2,50,0.374641465867664,3.924763023165077,0.0,0.0,1.0,1.0,0.0,0.0
3,50,1.2378409871945957,4.074722406740334,1.0,0.0,1.0,1.0,1.0,0.0
4,50,3.440863162149155,1.3019937019357886,1.0,1.0,1.0,0.0,1.0,0.0
5,50,4.019320945931488,7.555236733381275,1.0,1.0,0.0,1.0,0.0,1.0
6,50,6.031028167038455,2.4779446918978243,0.0,1.0,0.0,0.0,0.0,0.0
7,50,4.401092303943863,7.768650062408251,1.0,1.0,0.0,0.0,1.0,0.0
8,50,2.452878908928778,9.598360307342295,0.0,0.0,0.0,1.0,1.0,0.0
9,50,7.911000479412896,0.8212731038143238,0.0,0.0,1.0,0.0,0.0,0.0
10,50,9.54351247504769,3.9698803884174847,0.0,1.0,1.0,1.0,1.0,0.0
11,50,3.257167697761604,4.016796999981371,0.0,0.0,0.0,0.0,0.0,0.0
12,50,11.225970149562794,0.0,1.0,0.0,0.0,0.0,1.0,0.0
13,50,6.601414308805325,8.976741278117416,0.0,0.0,0.0,1.0,0.0,0.0
14,50,8.680733501814618,0.0,1.0,0.0,1.0,1.0,1.0,0.0
15,50,10.310918009565508,1.6459337688942517,0.0,0.0,0.0,1.0,1.0,0.0
16,50,8.618098540166422,7.3793993367530595,0.0,0.0,0.0,0.0,1.0,0.0
17,50,9.52421546030391,6.200644962613915,0.0,1.0,0.0,0.0,0.0,0.0
18,50,8.216962813844919,7.624212123168644,1.0,1.0,0.0,0.0,0.0,0.0
19,50,10.142399109353676,1.260018581248419,1.0,1.0,1.0,0.0,0.0,0.0
20,50,5.004395459517285,3.110933660316189,1.0,0.0,0.0,0.0,0.0,1.0
21,50,5.65257715636221,0.0,1.0,0.0,1.0,1.0,0.0,0.0
22,50,0.0,0.0,0.0,0.0,0.0,0.0,0.0,1.0
23,50,8.364332570024697,8.800150682746128,1.0,0.0,1.0,0.0,0.0,1.0
24,50,3.158614257885285,8.411196331839202,0.0,1.0,0.0,1.0,1.0,0.0
25,50,0.0,3.911694891925939,0.0,1.0,1.0,0.0,0.0,0.0
26,50,9.315728501534428,5.121575750513966,0.0,0.0,0.0,1.0,1.0,1.0
27,50,0.0,1.9155116637254077,0.0,0.0,1.0,1.0,0.0,0.0
28,50,1.1414049669009738,2.362313453424375,0.0,0.0,0.0,0.0,0.0,1.0
29,50,6.660801638071133,10.602946851910133,1.0,0.0,1.0,1.0,1.0,1.0
30,50,5.40884754712489,9.969146570265266,0.0,0.0,0.0,0.0,1.0,1.0
31,50,10.143936506145586,9.42147809649298,1.0,0.0,0.0,0.0,1.0,0.0
32,50,3.656358765949968,6.408641243006105,1.0,0.0,1.0,1.0,0.0,0.0
33,50,12.0,7.728398992728874,0.0,0.0,1.0,1.0,0.0,0.0
34,50,8.177281298487392,8.78655513553261,1.0,0.0,0.0,0.0,0.0,0.0
35,50,8.472279468906423,5.160028653236981,0.0,1.0,0.0,0.0,0.0,0.0
36,50,11.947054295021587,7.700988965935317,0.0,1.0,1.0,1.0,1.0,0.0
37,50,11.78457466372016,11.106372079733552,1.0,1.0,0.0,1.0,0.0,1.0
38,50,4.986645350936644,1.218926174058036,0.0,1.0,0.0,0.0,0.0,0.0
39,50,10.540415812424904,6.7898600414880015,0.0,0.0,1.0,0.0,1.0,0.0
0,55,5.67517222863051,0.7469893553230669,0.0,1.0,0.0,1.0,0.0,0.0
1,55,11.169971173024768,8.240157174157238,1.0,1.0,1.0,0.0,0.0,0.0
2,55,0.3578563650312584,3.86250325901732,0.0,0.0,1.0,1.0,0.0,0.0
3,55,1.2713584644342872,3.9608094179906863,1.0,0.0,1.0,1.0,1.0,0.0
4,55,3.409796222265364,1.3192926002740504,1.0,1.0,1.0,0.0,1.0,0.0
5,55,4.135089758235654,7.507692300253365,1.0,1.0,0.0,1.0,0.0,1.0
6,55,6.032541226219196,2.509289792334368,0.0,1.0,0.0,0.0,0.0,0.0
7,55,4.331126539795499,7.859503239729442,1.0,1.0,0.0,0.0,1.0,0.0
8,55,2.370705148863712,9.688122429012957,0.0,0.0,0.0,1.0,1.0,0.0
9,55,7.902956003251612,0.7998945274927679,0.0,0.0,1.0,0.0,0.0,0.0
10,55,9.590039673876884,3.967861924594033,0.0,1.0,1.0,1.0,1.0,0.0
11,55,3.3008912896143103,4.180996040628204,0.0,0.0,0.0,0.0,0.0,0.0
12,55,11.22575688543796,0.0,1.0,0.0,0.0,0.0,1.0,0.0
13,55,6.656714147040314,8.97358061158071,0.0,0.0,0.0,1.0,0.0,0.0
14,55,8.762044376386873,0.0,1.0,0.0,1.0,1.0,1.0,0.0
15,55,10.32265486409817,1.6671621169392272,0.0,0.0,0.0,1.0,1.0,0.0
16,55,8.594680505097235,7.345240040925443,0.0,0.0,0.0,0.0,1.0,0.0
17,55,9.521878798892898,6.201731893742517,0.0,1.0,0.0,0.0,0.0,0.0
18,55,8.22456277594363,7.607855673492714,1.0,1.0,0.0,0.0,0.0,0.0
19,55,10.149167933905272,1.2708742759623932,1.0,1.0,1.0,0.0,0.0,0.0
20,55,5.002236428950738,3.093795193774013,1.0,0.0,0.0,0.0,0.0,1.0
21,55,5.714438638514176,0.0,1.0,0.0,1.0,1.0,0.0,0.0
22,55,0.0,0.0,0.0,0.0,0.0,0.0,0.0,1.0
23,55,8.28057255248697,8.776078469822558,1.0,0.0,1.0,0.0,0.0,1.0
24,55,3.274875533713825,8.355725062744167,0.0,1.0,0.0,1.0,1.0,0.0
25,55,0.0,3.904973807462523,0.0,1.0,1.0,0.0,0.0,0.0
26,55,9.35120768774064,5.2550079948042505,0.0,0.0,0.0,1.0,1.0,1.0
27,55,0.0,1.9829050119976104,0.0,0.0,1.0,1.0,0.0,0.0
28,55,1.058572242886998,2.303203301979174,0.0,0.0,0.0,0.0,0.0,1.0
29,55,6.642839834096705,10.641333913151437,1.0,0.0,1.0,1.0,1.0,1.0
30,55,5.444401872890445,9.965627133606375,0.0,0.0,0.0,0.0,1.0,1.0
31,55,10.150702499749563,9.441308857006424,1.0,0.0,0.0,0.0,1.0,0.0
32,55,3.651639043431458,6.413669727600397,1.0,0.0,1.0,1.0,0.0,0.0
33,55,12.0,7.717029531218647,0.0,0.0,1.0,1.0,0.0,0.0
34,55,8.18777237307134,8.773691560652432,1.0,0.0,0.0,0.0,0.0,0.0
35,55,8.51467414130964,5.173966527105087,0.0,1.0,0.0,0.0,0.0,0.0
36,55,11.938085094920153,7.648248342561978,0.0,1.0,1.0,1.0,1.0,0.0
37,55,11.852279889037924,11.117920974627156,1.0,1.0,0.0,1.0,0.0,1.0
38,55,4.920859357601492,1.2261413975259918,0.0,1.0,0.0,0.0,0.0,0.0
39,55,10.6015185397027,6.765621845773395,0.0,0.0,1.0,0.0,1.0,0.0
0,60,5.586536868152879,0.6780879412357822,0.0,1.0,0.0,1.0,0.0,0.0
1,60,11.218729390446146,8.307540119127433,1.0,1.0,1.0,0.0,0.0,0.0
2,60,0.3387211854929545,3.800365245626665,0.0,0.0,1.0,1.0,0.0,0.0
3,60,1.2990210488435936,3.862784939710666,1.0,0.0,1.0,1.0,1.0,0.0
4,60,3.382963613973066,1.3342888180487888,1.0,1.0,1.0,0.0,1.0,0.0
5,60,4.256669950372112,7.459991646424232,1.0,1.0,0.0,1.0,0.0,1.0
6,60,6.032969089050891,2.520912878725598,0.0,1.0,0.0,0.0,0.0,0.0
7,60,4.252756472008165,7.958905586446039,1.0,1.0,0.0,0.0,1.0,0.0
8,60,2.285889819075108,9.780243497309296,0.0,0.0,0.0,1.0,1.0,0.0
9,60,7.889669774899155,0.7639276262210691,0.0,0.0,1.0,0.0,0.0,0.0
10,60,9.622122743747807,3.966147955077208,0.0,1.0,1.0,1.0,1.0,0.0
11,60,3.3431706464054547,4.333150297436892,0.0,0.0,0.0,0.0,0.0,0.0
12,60,11.225452918878394,0.0,1.0,0.0,0.0,0.0,1.0,0.0
13,60,6.737475830587458,8.968115986659472,0.0,0.0,0.0,1.0,0.0,0.0
14,60,8.831741044363008,0.0,1.0,0.0,1.0,1.0,1.0,0.0
15,60,10.337376898595917,1.6928032152196515,0.0,0.0,0.0,1.0,1.0,0.0
16,60,8.574871301730413,7.31627048147132,0.0,0.0,0.0,0.0,1.0,0.0
17,60,9.517267901204695,6.203751339158112,0.0,1.0,0.0,0.0,0.0,0.0
18,60,8.22754872125125,7.601645610292945,1.0,1.0,0.0,0.0,0.0,0.0
19,60,10.150487130840784,1.2729561533633624,1.0,1.0,1.0,0.0,0.0,0.0
20,60,4.998454287952181,3.0655165381534446,1.0,0.0,0.0,0.0,0.0,1.0
21,60,5.7725894713420125,0.0,1.0,0.0,1.0,1.0,0.0,0.0
22,60,0.0,0.0,0.0,0.0,0.0,0.0,0.0,1.0
23,60,8.192964420423992,8.752229198142025,1.0,0.0,1.0,0.0,0.0,1.0
24,60,3.400766342418565,8.295738650386024,0.0,1.0,0.0,1.0,1.0,0.0
25,60,0.0,3.895056406103637,0.0,1.0,1.0,0.0,0.0,0.0
26,60,9.385771391174323,5.391067049577234,0.0,0.0,0.0,1.0,1.0,1.0
27,60,0.0,2.063694761752359,0.0,0.0,1.0,1.0,0.0,0.0
28,60,0.9745908595748436,2.2465344658063584,0.0,0.0,0.0,0.0,0.0,1.0
29,60,6.619670119176063,10.691565663695162,1.0,0.0,1.0,1.0,1.0,1.0
30,60,5.510396551642082,9.959260210079764,0.0,0.0,0.0,0.0,1.0,1.0
31,60,10.16009369992092,9.469640249185767,1.0,0.0,0.0,0.0,1.0,0.0
32,60,3.6540236942155966,6.41098239171607,1.0,0.0,1.0,1.0,0.0,0.0
33,60,12.0,7.7076999165890365,0.0,0.0,1.0,1.0,0.0,0.0
34,60,8.19418082464146,8.765460868503562,1.0,0.0,0.0,0.0,0.0,0.0
35,60,8.56391863681876,5.190360545493466,0.0,1.0,0.0,0.0,0.0,0.0
36,60,11.929938071369948,7.60024680866392,0.0,1.0,1.0,1.0,1.0,0.0
37,60,11.919536376818863,11.129502930024556,1.0,1.0,0.0,1.0,0.0,1.0
38,60,4.86224764289697,1.231995284461893,0.0,1.0,0.0,0.0,0.0,0.0
39,60,10.662696520632622,6.740083639507315,0.0,0.0,1.0,0.0,1.0,0.0
0,65,5.525796693629643,0.6297074686512423,0.0,1.0,0.0,1.0,0.0,0.0
1,65,11.270543622647528,8.384846290204994,1.0,1.0,1.0,0.0,0.0,0.0
2,65,0.3180171152928643,3.7383916769509193,0.0,0.0,1.0,1.0,0.0,0.0
3,65,1.3289756492727955,3.74933075808842,1.0,0.0,1.0,1.0,1.0,0.0
4,65,3.3623747943936286,1.3463000688797788,1.0,1.0,1.0,0.0,1.0,0.0
5,65,4.365906558278508,7.419272555362269,1.0,1.0,0.0,1.0,0.0,1.0
6,65,6.033394135591648,2.531400394051299,0.0,1.0,0.0,0.0,0.0,0.0
7,65,4.183200937648798,8.043066475189857,1.0,1.0,0.0,0.0,1.0,0.0
8,65,2.193793034882148,9.882898144226177,0.0,0.0,0.0,1.0,1.0,0.0
9,65,7.873863104981822,0.7200611263211828,0.0,0.0,1.0,0.0,0.0,0.0
10,65,9.648255338398524,3.964737530430462,0.0,1.0,1.0,1.0,1.0,0.0
11,65,3.3821625758751885,4.4754862799739294,0.0,0.0,0.0,0.0,0.0,0.0
12,65,11.2250366937197,0.0,1.0,0.0,0.0,0.0,1.0,0.0
13,65,6.847245239369461,8.960055513888202,0.0,0.0,0.0,1.0,0.0,0.0
14,65,8.904193054645276,0.0,1.0,0.0,1.0,1.0,1.0,0.0
15,65,10.343216690334518,1.7026679054543996,0.0,0.0,0.0,1.0,1.0,0.0
16,65,8.555403683184174,7.287900950229394,0.0,0.0,0.0,0.0,1.0,0.0
17,65,9.507801152385523,6.207668598976671,0.0,1.0,0.0,0.0,0.0,0.0
18,65,8.244924145950186,7.566738748882927,1.0,1.0,0.0,0.0,0.0,0.0
19,65,10.1547636819984,1.279534024728935,1.0,1.0,1.0,0.0,0.0,0.0
20,65,4.993372739044499,3.0296647463767625,1.0,0.0,0.0,0.0,0.0,1.0
21,65,5.848660752950322,0.0,1.0,0.0,1.0,1.0,0.0,0.0
22,65,0.0,0.0,0.0,0.0,0.0,0.0,0.0,1.0
23,65,8.111542126002593,8.730105625357462,1.0,0.0,1.0,0.0,0.0,1.0
24,65,3.493395348373812,8.251496170192265,0.0,1.0,0.0,1.0,1.0,0.0
25,65,0.0,3.8823392985951606,0.0,1.0,1.0,0.0,0.0,0.0
26,65,9.418981751100032,5.520322462811216,0.0,0.0,0.0,1.0,1.0,1.0
27,65,0.0,2.147985664878109,0.0,0.0,1.0,1.0,0.0,0.0
28,65,0.8864063628401827,2.1859712118529027,0.0,0.0,0.0,0.0,0.0,1.0
29,65,6.591017761709239,10.75035025341334,1.0,0.0,1.0,1.0,1.0,1.0
30,65,5.573781597795961,9.951295664031642,0.0,0.0,0.0,0.0,1.0,1.0
31,65,10.17709874980682,9.527570409002976,1.0,0.0,0.0,0.0,1.0,0.0
32,65,3.657465127850855,6.407177729886195,1.0,0.0,1.0,1.0,0.0,0.0
33,65,12.0,7.693303213824898,0.0,0.0,1.0,1.0,0.0,0.0
34,65,8.165149895129899,8.741962862981545,1.0,0.0,0.0,0.0,0.0,0.0
35,65,8.624195037700316,5.210432146458729,0.0,1.0,0.0,0.0,0.0,0.0
36,65,11.92062048269472,7.544565126609268,0.0,1.0,1.0,1.0,1.0,0.0
37,65,11.974246668041724,11.138738403550471,1.0,1.0,0.0,1.0,0.0,1.0
38,65,4.817745385414221,1.235805926162056,0.0,1.0,0.0,0.0,0.0,0.0
39,65,10.744177676357111,6.707323024457592,0.0,0.0,1.0,0.0,1.0,0.0
0,70,5.46172720815555,0.5750006473165261,0.0,1.0,0.0,1.0,0.0,0.0
1,70,11.327157304381696,8.466773669017849,1.0,1.0,1.0,0.0,0.0,0.0
2,70,0.2976508335364367,3.6768362541241895,0.0,0.0,1.0,1.0,0.0,0.0
3,70,1.3628928828875742,3.6314384337019936,1.0,0.0,1.0,1.0,1.0,0.0
4,70,3.3281679351885245,1.3670719948464345,1.0,1.0,1.0,0.0,1.0,0.0
5,70,4.48339624458539,7.380123801350881,1.0,1.0,0.0,1.0,0.0,1.0
6,70,6.034230322103919,2.54951041509956,0.0,1.0,0.0,0.0,0.0,0.0
7,70,4.122965177943391,8.115868291268956,1.0,1.0,0.0,0.0,1.0,0.0
8,70,2.095937920357735,9.991125506547078,0.0,0.0,0.0,1.0,1.0,0.0
9,70,7.85475121211773,0.6644921036042102,0.0,0.0,1.0,0.0,0.0,0.0
10,70,9.641972344364822,3.9652076477173823,0.0,1.0,1.0,1.0,1.0,0.0
11,70,3.416561944038562,4.609795444490493,0.0,0.0,0.0,0.0,0.0,0.0
12,70,11.225420047775213,0.0,1.0,0.0,0.0,0.0,1.0,0.0
13,70,6.951019515274484,8.951524361445678,0.0,0.0,0.0,1.0,0.0,0.0
14,70,8.967136183016494,0.0,1.0,0.0,1.0,1.0,1.0,0.0
15,70,10.350450944475163,1.715233837960906,0.0,0.0,0.0,1.0,1.0,0.0
16,70,8.516811053856078,7.229215652538402,0.0,0.0,0.0,0.0,1.0,0.0
17,70,9.484063679778703,6.216976089669498,0.0,1.0,0.0,0.0,0.0,0.0
18,70,8.252356483093662,7.551713128987439,1.0,1.0,0.0,0.0,0.0,0.0
19,70,10.164317894111193,1.2939706438235024,1.0,1.0,1.0,0.0,0.0,0.0
20,70,4.990108532297935,2.998284485628718,1.0,0.0,0.0,0.0,0.0,1.0
21,70,5.93020431266641,0.0,1.0,0.0,1.0,1.0,0.0,0.0
22,70,0.0,0.0,0.0,0.0,0.0,0.0,0.0,1.0
23,70,8.049602510703103,8.711525992064555,1.0,0.0,1.0,0.0,0.0,1.0
24,70,3.5863943431473064,8.207363792937619,0.0,1.0,0.0,1.0,1.0,0.0
25,70,0.0,3.874998146763657,0.0,1.0,1.0,0.0,0.0,0.0
26,70,9.455486665667776,5.640650274298853,0.0,0.0,0.0,1.0,1.0,1.0
27,70,0.0,2.227826093217817,0.0,0.0,1.0,1.0,0.0,0.0
28,70,0.7834186498738379,2.1136184525960737,0.0,0.0,0.0,0.0,0.0,1.0
29,70,6.562924423931481,10.806827387146155,1.0,0.0,1.0,1.0,1.0,1.0
30,70,5.631732100516592,9.945907995183283,0.0,0.0,0.0,0.0,1.0,1.0
31,70,10.196553929281484,9.5987579143521,1.0,0.0,0.0,0.0,1.0,0.0
32,70,3.670044752224359,6.393442219376708,1.0,0.0,1.0,1.0,0.0,0.0
33,70,12.0,7.667641480640205,0.0,0.0,1.0,1.0,0.0,0.0
34,70,8.15039868874674,8.729764836663277,1.0,0.0,0.0,0.0,0.0,0.0
35,70,8.689355662987802,5.233632042508393,0.0,1.0,0.0,0.0,0.0,0.0
36,70,11.912910681603613,7.501285268527376,0.0,1.0,1.0,1.0,1.0,0.0
37,70,12.0,11.14966536800888,1.0,1.0,0.0,1.0,0.0,1.0
38,70,4.794713148872352,1.2385711525224696,0.0,1.0,0.0,0.0,0.0,0.0
39,70,10.827907410172248,6.671576900604629,0.0,0.0,1.0,0.0,1.0,0.0
0,75,5.402453109629699,0.5253349658431145,0.0,1.0,0.0,1.0,0.0,0.0
1,75,11.368814314961076,8.530130415489174,1.0,1.0,1.0,0.0,0.0,0.0
2,75,0.2729153041096511,3.6052112661874434,0.0,0.0,1.0,1.0,0.0,0.0
3,75,1.3955397063344317,3.5176720009561246,1.0,0.0,1.0,1.0,1.0,0.0
4,75,3.281940703760174,1.3951384153664317,1.0,1.0,1.0,0.0,1.0,0.0
5,75,4.614413807577194,7.333261517582346,1.0,1.0,0.0,1.0,0.0,1.0
6,75,6.034620258394208,2.569480522094739,0.0,1.0,0.0,0.0,0.0,0.0
7,75,4.055968364239594,8.195551836998098,1.0,1.0,0.0,0.0,1.0,0.0
8,75,1.99006692417638,10.107310646278204,0.0,0.0,0.0,1.0,1.0,0.0
9,75,7.8389071675885456,0.61749106881899,0.0,0.0,1.0,0.0,0.0,0.0
10,75,9.61995530576984,3.96690388046682,0.0,1.0,1.0,1.0,1.0,0.0
11,75,3.4563231857411134,4.757125154987455,0.0,0.0,0.0,0.0,0.0,0.0
12,75,11.2261870683677,0.0,1.0,0.0,0.0,0.0,1.0,0.0
13,75,7.042558856925522,8.944294827955733,0.0,0.0,0.0,1.0,0.0,0.0
14,75,9.0299373457567,0.0,1.0,0.0,1.0,1.0,1.0,0.0
15,75,10.346390723980097,1.7079199984702589,0.0,0.0,0.0,1.0,1.0,0.0
16,75,8.491960344139178,7.192009600229744,0.0,0.0,0.0,0.0,1.0,0.0
17,75,9.45252274519637,6.229246298232499,0.0,1.0,0.0,0.0,0.0,0.0
18,75,8.255616078981497,7.544021844499745,1.0,1.0,0.0,0.0,0.0,0.0
19,75,10.181168195732363,1.3190801321993313,1.0,1.0,1.0,0.0,0.0,0.0
20,75,4.988541975742601,2.979403846719205,1.0,0.0,0.0,0.0,0.0,1.0
21,75,6.003888158881239,0.0,1.0,0.0,1.0,1.0,0.0,0.0
22,75,0.0,0.0,0.0,0.0,0.0,0.0,0.0,1.0
23,75,7.993074447961127,8.694849867539327,1.0,0.0,1.0,0.0,0.0,1.0
24,75,3.672094608597616,8.164957536335798,0.0,1.0,0.0,1.0,1.0,0.0
25,75,0.0,3.871577834488152,0.0,1.0,1.0,0.0,0.0,0.0
26,75,9.492093028246863,5.760581297486746,0.0,0.0,0.0,1.0,1.0,1.0
27,75,0.0,2.308810278026006,0.0,0.0,1.0,1.0,0.0,0.0
28,75,0.6788373897442338,2.041982795661472,0.0,0.0,0.0,0.0,0.0,1.0
29,75,6.536409953918561,10.856722201798432,1.0,0.0,1.0,1.0,1.0,1.0
30,75,5.694845577455493,9.940295261732697,0.0,0.0,0.0,0.0,1.0,1.0
31,75,10.213867040372998,9.660972498293528,1.0,0.0,0.0,0.0,1.0,0.0
32,75,3.6917160790680006,6.369798122923499,1.0,0.0,1.0,1.0,0.0,0.0
33,75,12.0,7.6493998111789345,0.0,0.0,1.0,1.0,0.0,0.0
34,75,8.115665609356867,8.702369845843702,1.0,0.0,0.0,0.0,0.0,0.0
35,75,8.759539586453498,5.256343925316287,0.0,1.0,0.0,0.0,0.0,0.0
36,75,11.90567603801892,7.45904018287933,0.0,1.0,1.0,1.0,1.0,0.0
37,75,12.0,11.15309569953024,1.0,1.0,0.0,1.0,0.0,1.0
38,75,4.7822106865376615,1.240253967920067,0.0,1.0,0.0,0.0,0.0,0.0
39,75,10.919318598836265,6.633606924421848,0.0,0.0,1.0,0.0,1.0,0.0
0,80,5.33958087050817,0.4699806944526425,0.0,1.0,0.0,1.0,0.0,0.0
1,80,11.406621728156171,8.5843371139168,1.0,1.0,1.0,0.0,0.0,0.0
2,80,0.241614168887438,3.51790011172755,0.0,0.0,1.0,1.0,0.0,0.0
3,80,1.4227490010197004,3.4317147576653046,1.0,0.0,1.0,1.0,1.0,0.0
4,80,3.231900169902471,1.4265106792454687,1.0,1.0,1.0,0.0,1.0,0.0
5,80,4.748694922439986,7.288614994447078,1.0,1.0,0.0,1.0,0.0,1.0
6,80,6.034945393901332,2.602497903666559,0.0,1.0,0.0,0.0,0.0,0.0
7,80,3.9869960579863215,8.274383444098376,1.0,1.0,0.0,0.0,1.0,0.0
8,80,1.8706469286934788,10.237436793860391,0.0,0.0,0.0,1.0,1.0,0.0
9,80,7.819906967721557,0.5606189606043321,0.0,0.0,1.0,0.0,0.0,0.0
10,80,9.578870120678092,3.9704662243225153,0.0,1.0,1.0,1.0,1.0,0.0
11,80,3.500166571066057,4.911827373485354,0.0,0.0,0.0,0.0,0.0,0.0
12,80,11.226206515999438,0.0,1.0,0.0,0.0,0.0,1.0,0.0
13,80,7.11272847596476,8.941713979988249,0.0,0.0,0.0,1.0,0.0,0.0
14,80,8.97145766763351,0.0822992941430421,1.0,0.0,1.0,1.0,1.0,0.0
15,80,10.341047552411975,1.6980499641347309,0.0,0.0,0.0,1.0,1.0,0.0
16,80,8.463121441258956,7.147594760987635,0.0,0.0,0.0,0.0,1.0,0.0
17,80,9.413485350581198,6.244090198955969,0.0,1.0,0.0,0.0,0.0,0.0
18,80,8.262545007254207,7.5262331216501215,1.0,1.0,0.0,0.0,0.0,0.0
19,80,10.19829819854172,1.3456591156193118,1.0,1.0,1.0,0.0,0.0,0.0
20,80,5.01486245827999,2.976705060178836,1.0,0.0,0.0,0.0,0.0,1.0
21,80,6.075989829106656,0.0,1.0,0.0,1.0,1.0,0.0,0.0
22,80,0.0,0.0,0.0,0.0,0.0,0.0,0.0,1.0
23,80,7.936946774185754,8.676652339255238,1.0,0.0,1.0,0.0,0.0,1.0
24,80,3.7831187266694446,8.110007944494287,0.0,1.0,0.0,1.0,1.0,0.0
25,80,0.0,3.860773658282093,0.0,1.0,1.0,0.0,0.0,0.0
26,80,9.53052660167666,5.885386370171511,0.0,0.0,0.0,1.0,1.0,1.0
27,80,0.0,2.4074225106523497,0.0,0.0,1.0,1.0,0.0,0.0
28,80,0.5693826932887065,1.9660858365527252,0.0,0.0,0.0,0.0,0.0,1.0
29,80,6.502954529599971,10.919269670495348,1.0,0.0,1.0,1.0,1.0,1.0
30,80,5.756342951394354,9.936628410847568,0.0,0.0,0.0,0.0,1.0,1.0
31,80,10.223383357460614,9.695714737937408,1.0,0.0,0.0,0.0,1.0,0.0
32,80,3.711030383277021,6.3496339515214695,1.0,0.0,1.0,1.0,0.0,0.0
33,80,12.0,7.633755871854953,0.0,0.0,1.0,1.0,0.0,0.0
34,80,8.086205865399858,8.679495174012393,1.0,0.0,0.0,0.0,0.0,0.0
35,80,8.823710758792044,5.276688308604547,0.0,1.0,0.0,0.0,0.0,0.0
36,80,11.897391311620826,7.411533601680438,0.0,1.0,1.0,1.0,1.0,0.0
37,80,12.0,11.162382587804226,1.0,1.0,0.0,1.0,0.0,1.0
38,80,4.779419281237713,1.240619966506513,0.0,1.0,0.0,0.0,0.0,0.0
39,80,11.024195739254209,6.589515036714335,0.0,0.0,1.0,0.0,1.0,0.0
0,85,5.273356297240941,0.4140206607997124,0.0,1.0,0.0,1.0,0.0,0.0
1,85,11.452875909886222,8.657522408803091,1.0,1.0,1.0,0.0,0.0,0.0
2,85,0.2128611251301452,3.445478548982228,0.0,0.0,1.0,1.0,0.0,0.0
3,85,1.4513011671909544,3.345846062776133,1.0,0.0,1.0,1.0,1.0,0.0
4,85,3.2056256354489827,1.4429525642328147,1.0,1.0,1.0,0.0,1.0,0.0
5,85,4.894777889399927,7.2423675681233215,1.0,1.0,0.0,1.0,0.0,1.0
6,85,6.035365167691479,2.6207701138772466,0.0,1.0,0.0,0.0,0.0,0.0
7,85,3.917242511335844,8.35461735392265,1.0,1.0,0.0,0.0,1.0,0.0
8,85,1.7494676764360706,10.370283647464731,0.0,0.0,0.0,1.0,1.0,0.0
9,85,7.797015518184613,0.4946422576565112,0.0,0.0,1.0,0.0,0.0,0.0
10,85,9.555393337287118,3.9722851881917065,0.0,1.0,1.0,1.0,1.0,0.0
11,85,3.538469455539369,5.047838840403814,0.0,0.0,0.0,0.0,0.0,0.0
12,85,11.22679871882031,0.0,1.0,0.0,0.0,0.0,1.0,0.0
13,85,7.187264343366988,8.939320094149325,0.0,0.0,0.0,1.0,0.0,0.0
14,85,8.906950583069667,0.167695190572232,1.0,0.0,1.0,1.0,1.0,0.0
15,85,10.333125974457094,1.68305967417686,0.0,0.0,0.0,1.0,1.0,0.0
16,85,8.430878550824724,7.098422636406578,0.0,0.0,0.0,0.0,1.0,0.0
17,85,9.411515992924189,6.244799767428606,0.0,1.0,0.0,0.0,0.0,0.0
18,85,8.274725254727517,7.496733742818804,1.0,1.0,0.0,0.0,0.0,0.0
19,85,10.204272684135184,1.354801539559731,1.0,1.0,1.0,0.0,0.0,0.0
20,85,5.050791940915671,2.9727971683865717,1.0,0.0,0.0,0.0,0.0,1.0
21,85,6.142159036802354,0.0,1.0,0.0,1.0,1.0,0.0,0.0
22,85,0.0,0.0,0.0,0.0,0.0,0.0,0.0,1.0
23,85,7.876297183260063,8.656573430505574,1.0,0.0,1.0,0.0,0.0,1.0
24,85,3.896645754260359,8.050908721957459,0.0,1.0,0.0,1.0,1.0,0.0
25,85,0.0,3.832094050282043,0.0,1.0,1.0,0.0,0.0,0.0
26,85,9.568987840743455,6.002484172001314,0.0,0.0,0.0,1.0,1.0,1.0
27,85,0.0,2.515515966205052,0.0,0.0,1.0,1.0,0.0,0.0
28,85,0.423183138409869,1.8714853061080428,0.0,0.0,0.0,0.0,0.0,1.0
29,85,6.466362546181792,10.988178753556287,1.0,0.0,1.0,1.0,1.0,1.0
30,85,5.827708514134733,9.93408431765978,0.0,0.0,0.0,0.0,1.0,1.0
31,85,10.239247309511386,9.758432174151602,1.0,0.0,0.0,0.0,1.0,0.0
32,85,3.7241414958293846,6.335666013636903,1.0,0.0,1.0,1.0,0.0,0.0
33,85,12.0,7.627437667543023,0.0,0.0,1.0,1.0,0.0,0.0
34,85,8.056621355851824,8.65620385889827,1.0,0.0,0.0,0.0,0.0,0.0
35,85,8.902239788182468,5.301303188143256,0.0,1.0,0.0,0.0,0.0,0.0
36,85,11.88663938651705,7.349873304178514,0.0,1.0,1.0,1.0,1.0,0.0
37,85,12.0,11.17064740320406,1.0,1.0,0.0,1.0,0.0,1.0
38,85,4.768577422243638,1.241957863014891,0.0,1.0,0.0,0.0,0.0,0.0
39,85,11.129705732129308,6.545489603112441,0.0,0.0,1.0,0.0,1.0,0.0
0,90,5.212892842393637,0.3620025318596738,0.0,1.0,0.0,1.0,0.0,0.0
1,90,11.500740689726731,8.732076586679153,1.0,1.0,1.0,0.0,0.0,0.0
2,90,0.1944207415103147,3.399744856963729,0.0,0.0,1.0,1.0,0.0,0.0
3,90,1.4805171473486465,3.265160731943504,1.0,0.0,1.0,1.0,1.0,0.0
4,90,3.184086985155242,1.4559050652945702,1.0,1.0,1.0,0.0,1.0,0.0
5,90,5.056628051704931,7.194111339477285,1.0,1.0,0.0,1.0,0.0,1.0
6,90,6.036976572597812,2.653967893218728,0.0,1.0,0.0,0.0,0.0,0.0
7,90,3.839106195588308,8.440715126341614,1.0,1.0,0.0,0.0,1.0,0.0
8,90,1.626358659635362,10.494183569573227,0.0,0.0,0.0,1.0,1.0,0.0
9,90,7.770264853438873,0.4142469216839289,0.0,0.0,1.0,0.0,0.0,0.0
10,90,9.525943903181506,3.976073166393355,0.0,1.0,1.0,1.0,1.0,0.0
11,90,3.582270635895665,5.193955970520882,0.0,0.0,0.0,0.0,0.0,0.0
12,90,11.227068126635174,0.0,1.0,0.0,0.0,0.0,1.0,0.0
13,90,7.241525857011246,8.937720314169168,0.0,0.0,0.0,1.0,0.0,0.0
14,90,8.840438657447553,0.2569722749979385,1.0,0.0,1.0,1.0,1.0,0.0
15,90,10.345668593378583,1.706984043840128,0.0,0.0,0.0,1.0,1.0,0.0
16,90,8.399400254642627,7.050849842557794,0.0,0.0,0.0,0.0,1.0,0.0
17,90,9.436941299293425,6.23546396474019,0.0,1.0,0.0,0.0,0.0,0.0
18,90,8.299051401284174,7.440329092023757,1.0,1.0,0.0,0.0,0.0,0.0
19,90,10.209053528158105,1.362419949114516,1.0,1.0,1.0,0.0,0.0,0.0
20,90,5.091494920038148,2.968636671810148,1.0,0.0,0.0,0.0,0.0,1.0
21,90,6.213428435996948,0.0,1.0,0.0,1.0,1.0,0.0,0.0
22,90,0.0,0.0,0.0,0.0,0.0,0.0,0.0,1.0
23,90,7.812033632039982,8.633789189816177,1.0,0.0,1.0,0.0,0.0,1.0
24,90,4.0083607504985626,7.991654908278858,0.0,1.0,0.0,1.0,1.0,0.0
25,90,0.0,3.801653087408848,0.0,1.0,1.0,0.0,0.0,0.0
26,90,9.602380442091237,6.103268301138279,0.0,0.0,0.0,1.0,1.0,1.0
27,90,0.0,2.603737970869876,0.0,0.0,1.0,1.0,0.0,0.0
28,90,0.2768252667092442,1.774382251359584,0.0,0.0,0.0,0.0,0.0,1.0
29,90,6.428947940919328,11.062662814506456,1.0,0.0,1.0,1.0,1.0,1.0
30,90,5.890833477310593,9.933317475194931,0.0,0.0,0.0,0.0,1.0,1.0
31,90,10.258883130135112,9.833176400769288,1.0,0.0,0.0,0.0,1.0,0.0
32,90,3.714528645133913,6.34585936582548,1.0,0.0,1.0,1.0,0.0,0.0
33,90,12.0,7.612517863612813,0.0,0.0,1.0,1.0,0.0,0.0
34,90,8.01838407210157,8.62527243071203,1.0,0.0,0.0,0.0,0.0,0.0
35,90,8.992552791886746,5.331328525302162,0.0,1.0,0.0,0.0,0.0,0.0
36,90,11.877055332147188,7.296411662313591,0.0,1.0,1.0,1.0,1.0,0.0
37,90,12.0,11.177376730468184,1.0,1.0,0.0,1.0,0.0,1.0
38,90,4.755369687918867,1.2430955937116348,0.0,1.0,0.0,0.0,0.0,0.0
39,90,11.232793302265154,6.501103096384617,0.0,0.0,1.0,0.0,1.0,0.0
0,95,5.154546937159216,0.3102613859719068,0.0,1.0,0.0,1.0,0.0,0.0
1,95,11.541363320964834,8.79306349939225,1.0,1.0,1.0,0.0,0.0,0.0
2,95,0.1792163612285346,3.3625432549930188,0.0,0.0,1.0,1.0,0.0,0.0
3,95,1.502602555014105,3.2021873549132143,1.0,0.0,1.0,1.0,1.0,0.0
4,95,3.156429894146233,1.471902511415304,1.0,1.0,1.0,0.0,1.0,0.0
5,95,5.228182684869095,7.145329264430556,1.0,1.0,0.0,1.0,0.0,1.0
6,95,6.038645493153307,2.681474539797096,0.0,1.0,0.0,0.0,0.0,0.0
7,95,3.773084765286118,8.516232733505433,1.0,1.0,0.0,0.0,1.0,0.0
8,95,1.527556042405024,10.60003123168426,0.0,0.0,0.0,1.0,1.0,0.0
9,95,7.743380378890526,0.3377765478371001,0.0,0.0,1.0,0.0,0.0,0.0
10,95,9.50606430388521,3.979136149047664,0.0,1.0,1.0,1.0,1.0,0.0
11,95,3.627587338409573,5.33966608813556,0.0,0.0,0.0,0.0,0.0,0.0
12,95,11.22712886024247,0.0,1.0,0.0,0.0,0.0,1.0,0.0
13,95,7.292392899321691,8.936496458345713,0.0,0.0,0.0,1.0,0.0,0.0
14,95,8.774606586160841,0.344855391984685,1.0,0.0,1.0,1.0,1.0,0.0
15,95,10.365823708677755,1.745801409436781,0.0,0.0,0.0,1.0,1.0,0.0
16,95,8.376136752729696,7.014615882410956,0.0,0.0,0.0,0.0,1.0,0.0
17,95,9.474112689124144,6.222525517434969,0.0,1.0,0.0,0.0,0.0,0.0
18,95,8.32133634955033,7.388286123900895,1.0,1.0,0.0,0.0,0.0,0.0
19,95,10.21771019888216,1.3764609865759394,1.0,1.0,1.0,0.0,0.0,0.0
20,95,5.13782365689202,2.96392156114225,1.0,0.0,0.0,0.0,0.0,1.0
21,95,6.285165687833273,0.0,1.0,0.0,1.0,1.0,0.0,0.0
22,95,0.0,0.0,0.0,0.0,0.0,0.0,0.0,1.0
23,95,7.74686022247537,8.610093682230715,1.0,0.0,1.0,0.0,0.0,1.0
24,95,4.123874464515624,7.931530709838704,0.0,1.0,0.0,1.0,1.0,0.0
25,95,0.0,3.830208046496036,0.0,1.0,1.0,0.0,0.0,0.0
26,95,9.645094065874378,6.221615650428732,0.0,0.0,0.0,1.0,1.0,1.0
27,95,0.0,2.686794702552929,0.0,0.0,1.0,1.0,0.0,0.0
28,95,0.1199629980279412,1.6691780608533036,0.0,0.0,0.0,0.0,0.0,1.0
29,95,6.389678203277851,11.13930122629974,1.0,0.0,1.0,1.0,1.0,1.0
30,95,5.942476001221793,9.932876498350788,0.0,0.0,0.0,0.0,1.0,1.0
31,95,10.277569341789311,9.902315690952962,1.0,0.0,0.0,0.0,1.0,0.0
32,95,3.7205927413750826,6.339433715027516,1.0,0.0,1.0,1.0,0.0,0.0
33,95,12.0,7.602881274712725,0.0,0.0,1.0,1.0,0.0,0.0
34,95,7.963188381501265,8.579635243032971,1.0,0.0,0.0,0.0,0.0,0.0
35,95,9.093388441549113,5.365802108927274,0.0,1.0,0.0,0.0,0.0,0.0
36,95,11.868858483049566,7.248860654986515,0.0,1.0,1.0,1.0,1.0,0.0
37,95,12.0,11.185368200455407,1.0,1.0,0.0,1.0,0.0,1.0
38,95,4.7402801709485,1.243909223368291,0.0,1.0,0.0,0.0,0.0,0.0
39,95,11.343285964156651,6.4543294200597385,0.0,0.0,1.0,0.0,1.0,0.0
0,100,5.091232479608498,0.2548690276483507,0.0,1.0,0.0,1.0,0.0,0.0
1,100,11.581355599143528,8.849800392189882,1.0,1.0,1.0,0.0,0.0,0.0
2,100,0.1604015468157758,3.316189875066521,0.0,0.0,1.0,1.0,0.0,0.0
3,100,1.5293725756441,3.128087259453967,1.0,0.0,1.0,1.0,1.0,0.0
4,100,3.121930310097766,1.4922306427161711,1.0,1.0,1.0,0.0,1.0,0.0
5,100,5.398563366906496,7.095994837985045,1.0,1.0,0.0,1.0,0.0,1.0
6,100,6.039481584860432,2.7030794320940745,0.0,1.0,0.0,0.0,0.0,0.0
7,100,3.7066413115224286,8.586870440696254,1.0,1.0,0.0,0.0,1.0,0.0
8,100,1.4374716366864098,10.698853260620432,0.0,0.0,0.0,1.0,1.0,0.0
9,100,7.71141215987693,0.2529831519438236,0.0,0.0,1.0,0.0,0.0,0.0
10,100,9.493706131188748,3.980979358659783,0.0,1.0,1.0,1.0,1.0,0.0
11,100,3.677109059949452,5.498743892063102,0.0,0.0,0.0,0.0,0.0,0.0
12,100,11.226679220054208,0.0,1.0,0.0,0.0,0.0,1.0,0.0
13,100,7.362473461874943,8.934975373906573,0.0,0.0,0.0,1.0,0.0,0.0
14,100,8.711893637859285,0.4232991874042638,1.0,0.0,1.0,1.0,1.0,0.0
15,100,10.382346380064291,1.7792375919513546,0.0,0.0,0.0,1.0,1.0,0.0
16,100,8.343471996095342,6.96148645908938,0.0,0.0,0.0,0.0,1.0,0.0
17,100,9.523171805818198,6.206849464970486,0.0,1.0,0.0,0.0,0.0,0.0
18,100,8.347089160082197,7.329959926161349,1.0,1.0,0.0,0.0,0.0,0.0
19,100,10.229757274120258,1.3964970772513252,1.0,1.0,1.0,0.0,0.0,0.0
20,100,5.173059355846835,2.9601131422245985,1.0,0.0,0.0,0.0,0.0,1.0
21,100,6.378357469181915,0.0,1.0,0.0,1.0,1.0,0.0,0.0
22,100,0.0,0.0,0.0,0.0,0.0,0.0,0.0,1.0
23,100,7.693336585662625,8.587742971727593,1.0,0.0,1.0,0.0,0.0,1.0
24,100,4.236923297954013,7.872529473566529,0.0,1.0,0.0,1.0,1.0,0.0
25,100,0.0,3.84853784715529,0.0,1.0,1.0,0.0,0.0,0.0
26,100,9.694890866746558,6.351725364283846,0.0,0.0,0.0,1.0,1.0,1.0
27,100,0.0,2.758949284123779,0.0,0.0,1.0,1.0,0.0,0.0
28,100,0.0,1.5550497565741506,0.0,0.0,0.0,0.0,0.0,1.0
29,100,6.347512661093624,11.224963873260904,1.0,0.0,1.0,1.0,1.0,1.0
30,100,5.972608580588018,9.931934002639403,0.0,0.0,0.0,0.0,1.0,1.0
31,100,10.296020415603362,9.97323780573325,1.0,0.0,0.0,0.0,1.0,0.0
32,100,3.721762873625929,6.33814132449321,1.0,0.0,1.0,1.0,0.0,0.0
33,100,12.0,7.59387798099349,0.0,0.0,1.0,1.0,0.0,0.0
34,100,7.877071827744684,8.508964936404857,1.0,0.0,0.0,0.0,0.0,0.0
35,100,9.183864107002634,5.398335569179251,0.0,1.0,0.0,0.0,0.0,0.0
36,100,11.858526100998589,7.195559830971321,0.0,1.0,1.0,1.0,1.0,0.0
37,100,12.0,11.190484117429056,1.0,1.0,0.0,1.0,0.0,1.0
38,100,4.713986342663072,1.2447569929584652,0.0,1.0,0.0,0.0,0.0,0.0
39,100,11.450713584001443,6.407482410723655,0.0,0.0,1.0,0.0,1.0,0.0
0,105,5.041152071122193,0.2093316171508272,0.0,1.0,0.0,1.0,0.0,0.0
1,105,11.63564637791654,8.925483785934807,1.0,1.0,1.0,0.0,0.0,0.0
2,105,0.1274769417625103,3.2342692577551087,0.0,0.0,1.0,1.0,0.0,0.0
3,105,1.5551235736640845,3.046864449995998,1.0,0.0,1.0,1.0,1.0,0.0
4,105,3.0793347474250994,1.518853514396172,1.0,1.0,1.0,0.0,1.0,0.0
5,105,5.556361427743187,7.049157288318043,1.0,1.0,0.0,1.0,0.0,1.0
6,105,6.0395763100282425,2.705176658076176,0.0,1.0,0.0,0.0,0.0,0.0
7,105,3.630124356673028,8.667636336342825,1.0,1.0,0.0,0.0,1.0,0.0
8,105,1.3469781419513902,10.800646497774451,0.0,0.0,0.0,1.0,1.0,0.0
9,105,7.680897738979574,0.1687515093519216,0.0,0.0,1.0,0.0,0.0,0.0
10,105,9.464163719776534,3.985709587129454,0.0,1.0,1.0,1.0,1.0,0.0
11,105,3.7326944792593686,5.66172494687103,0.0,0.0,0.0,0.0,0.0,0.0
12,105,11.227050762924447,0.0,1.0,0.0,0.0,0.0,1.0,0.0
13,105,7.437877242694297,8.9342465974629,0.0,0.0,0.0,1.0,0.0,0.0
14,105,8.659681813506342,0.4890326714046903,1.0,0.0,1.0,1.0,1.0,0.0
15,105,10.41407637596338,1.849417650252626,0.0,0.0,0.0,1.0,1.0,0.0
16,105,8.304356911959529,6.893072718111378,0.0,0.0,0.0,0.0,1.0,0.0
17,105,9.57308026191108,6.191330553199983,0.0,1.0,0.0,0.0,0.0,0.0
18,105,8.368041012821532,7.280587928048084,1.0,1.0,0.0,0.0,0.0,0.0
19,105,10.24659847221004,1.42374986106699,1.0,1.0,1.0,0.0,0.0,0.0
20,105,5.200479930755889,2.957588803938846,1.0,0.0,0.0,0.0,0.0,1.0
21,105,6.458969294922244,0.0,1.0,0.0,1.0,1.0,0.0,0.0
22,105,0.0,0.0,0.0,0.0,0.0,0.0,0.0,1.0
23,105,7.655299507456886,8.571983138218767,1.0,0.0,1.0,0.0,0.0,1.0
24,105,4.352195395879784,7.812459173173463,0.0,1.0,0.0,1.0,1.0,0.0
25,105,0.0,3.861748878456598,0.0,1.0,1.0,0.0,0.0,0.0
26,105,9.74070798897471,6.469225516863546,0.0,0.0,0.0,1.0,1.0,1.0
27,105,0.0,2.853415435639411,0.0,0.0,1.0,1.0,0.0,0.0
28,105,0.0,1.4475005532106788,0.0,0.0,0.0,0.0,0.0,1.0
29,105,6.303429135366338,11.314268236159013,1.0,0.0,1.0,1.0,1.0,1.0
30,105,5.9847156279333085,9.93160388235965,0.0,0.0,0.0,0.0,1.0,1.0
31,105,10.313644605750325,10.036205735338427,1.0,0.0,0.0,0.0,1.0,0.0
32,105,3.730380503987473,6.328969015936328,1.0,0.0,1.0,1.0,0.0,0.0
33,105,12.0,7.579112709015115,0.0,0.0,1.0,1.0,0.0,0.0
34,105,7.783579269941078,8.431846691387648,1.0,0.0,0.0,0.0,0.0,0.0
35,105,9.25405990969054,5.425003368524483,0.0,1.0,0.0,0.0,0.0,0.0
36,105,11.8507046208169,7.151622783965604,0.0,1.0,1.0,1.0,1.0,0.0
37,105,12.0,11.19576677683493,1.0,1.0,0.0,1.0,0.0,1.0
38,105,4.688955579811798,1.245228480448574,0.0,1.0,0.0,0.0,0.0,0.0
39,105,11.580365972744328,6.352455431604587,0.0,0.0,1.0,0.0,1.0,0.0
0,110,4.988685317033835,0.1601093273565481,0.0,1.0,0.0,1.0,0.0,0.0
1,110,11.674629527146523,8.977653012297813,1.0,1.0,1.0,0.0,0.0,0.0
2,110,0.0944024123251418,3.1470524855838105,0.0,0.0,1.0,1.0,0.0,0.0
3,110,1.5874156873479166,2.9522537157732724,1.0,0.0,1.0,1.0,1.0,0.0
4,110,3.039130513027136,1.542956692270775,1.0,1.0,1.0,0.0,1.0,0.0
5,110,5.715977844018228,7.003761917732128,1.0,1.0,0.0,1.0,0.0,1.0
6,110,6.028514933615835,2.705957619637444,0.0,1.0,0.0,0.0,0.0,0.0
7,110,3.540004934529388,8.755084124074331,1.0,1.0,0.0,0.0,1.0,0.0
8,110,1.248960101486019,10.911612381570768,0.0,0.0,0.0,1.0,1.0,0.0
9,110,7.654235756897368,0.0955563356459423,0.0,0.0,1.0,0.0,0.0,0.0
10,110,9.44375434006762,3.989019728202895,0.0,1.0,1.0,1.0,1.0,0.0
11,110,3.784854533312469,5.8166407066005785,0.0,0.0,0.0,0.0,0.0,0.0
12,110,11.228028210186526,0.0,1.0,0.0,0.0,0.0,1.0,0.0
13,110,7.513866752318482,8.932556957652972,0.0,0.0,0.0,1.0,0.0,0.0
14,110,8.602923494820518,0.5573942876144411,1.0,0.0,1.0,1.0,1.0,0.0
15,110,10.444805556070651,1.9183594753672712,0.0,0.0,0.0,1.0,1.0,0.0
16,110,8.26129061977592,6.82022411714746,0.0,0.0,0.0,0.0,1.0,0.0
17,110,9.634877955912852,6.1729050431672325,0.0,1.0,0.0,0.0,0.0,0.0
18,110,8.403362685038072,7.202720674651319,1.0,1.0,0.0,0.0,0.0,0.0
19,110,10.262129140728678,1.4495100809130568,1.0,1.0,1.0,0.0,0.0,0.0
20,110,5.228910211563509,2.954604525628244,1.0,0.0,0.0,0.0,0.0,1.0
21,110,6.53694148848665,0.0,1.0,0.0,1.0,1.0,0.0,0.0
22,110,0.0,0.0,0.0,0.0,0.0,0.0,0.0,1.0
23,110,7.635423250987109,8.564180693445534,1.0,0.0,1.0,0.0,0.0,1.0
24,110,4.48845331519383,7.746321538933019,0.0,1.0,0.0,1.0,1.0,0.0
25,110,0.0,3.8744734004179264,0.0,1.0,1.0,0.0,0.0,0.0
26,110,9.7884809489114,6.576153566792731,0.0,0.0,0.0,1.0,1.0,1.0
27,110,0.0,2.929480189046805,0.0,0.0,1.0,1.0,0.0,0.0
28,110,0.0,1.3318513345837588,0.0,0.0,0.0,0.0,0.0,1.0
29,110,6.265581873529187,11.388118404120236,1.0,0.0,1.0,1.0,1.0,1.0
30,110,5.986682588870645,9.93161338838683,0.0,0.0,0.0,0.0,1.0,1.0
31,110,10.335179326488523,10.113755239248457,1.0,0.0,0.0,0.0,1.0,0.0
32,110,3.733273865536988,6.325870924238534,1.0,0.0,1.0,1.0,0.0,0.0
33,110,11.97590356601931,7.537807164144991,0.0,0.0,1.0,1.0,0.0,0.0
34,110,7.683512096000554,8.344348643276835,1.0,0.0,0.0,0.0,0.0,0.0
35,110,9.334924939714488,5.456391756241588,0.0,1.0,0.0,0.0,0.0,0.0
36,110,11.8395927962413,7.0955967491914445,0.0,1.0,1.0,1.0,1.0,0.0
37,110,12.0,11.19969702994978,1.0,1.0,0.0,1.0,0.0,1.0
38,110,4.687658418224776,1.2452697713686665,0.0,1.0,0.0,0.0,0.0,0.0
39,110,11.71093762982025,6.2942216363550445,0.0,0.0,1.0,0.0,1.0,0.0
0,115,4.937851132543262,0.1134032884287146,0.0,1.0,0.0,1.0,0.0,0.0
1,115,11.709459793269607,9.023079473901015,1.0,1.0,1.0,0.0,0.0,0.0
2,115,0.0564807877891817,3.049370095266166,0.0,0.0,1.0,1.0,0.0,0.0
3,115,1.6165755550980088,2.875581460846866,1.0,0.0,1.0,1.0,1.0,0.0
4,115,3.015195354231027,1.5582410432152225,1.0,1.0,1.0,0.0,1.0,0.0
5,115,5.887704173205788,6.952890544210649,1.0,1.0,0.0,1.0,0.0,1.0
6,115,6.033716331097595,2.7056479102378,0.0,1.0,0.0,0.0,0.0,0.0
7,115,3.4615806951419383,8.8287680988336,1.0,1.0,0.0,0.0,1.0,0.0
8,115,1.16256089233746,11.007868224319065,0.0,0.0,0.0,1.0,1.0,0.0
9,115,7.622831698701597,0.0108212956985661,0.0,0.0,1.0,0.0,0.0,0.0
10,115,9.404160065592237,3.995334499051407,0.0,1.0,1.0,1.0,1.0,0.0
11,115,3.832115206936372,5.968884742453984,0.0,0.0,0.0,0.0,0.0,0.0
12,115,11.228539528314585,0.0,1.0,0.0,0.0,0.0,1.0,0.0
13,115,7.5985788478660465,8.928151060655997,0.0,0.0,0.0,1.0,0.0,0.0
14,115,8.546044315589272,0.627712915489062,1.0,0.0,1.0,1.0,1.0,0.0
15,115,10.477245056249194,1.989838302097,0.0,0.0,0.0,1.0,1.0,0.0
16,115,8.220572765477453,6.753642574289389,0.0,0.0,0.0,0.0,1.0,0.0
17,115,9.70132198213693,6.153507057631291,0.0,1.0,0.0,0.0,0.0,0.0
18,115,8.443699101659409,7.122564202140749,1.0,1.0,0.0,0.0,0.0,0.0
19,115,10.275916861284635,1.472893587784784,1.0,1.0,1.0,0.0,0.0,0.0
20,115,5.239582117016649,2.9534167873146195,1.0,0.0,0.0,0.0,0.0,1.0
21,115,6.5869847372953645,0.0,1.0,0.0,1.0,1.0,0.0,0.0
22,115,0.0,0.0,0.0,0.0,0.0,0.0,0.0,1.0
23,115,7.636813224568828,8.56472511337363,1.0,0.0,1.0,0.0,0.0,1.0
24,115,4.626390953405115,7.6764620055805235,0.0,1.0,0.0,1.0,1.0,0.0
25,115,0.0,3.886589911654484,0.0,1.0,1.0,0.0,0.0,0.0
26,115,9.833915626689592,6.673905831951678,0.0,0.0,0.0,1.0,1.0,1.0
27,115,0.0,2.987874828487552,0.0,0.0,1.0,1.0,0.0,0.0
28,115,0.1106805812641233,1.1697793721846907,0.0,0.0,0.0,0.0,0.0,1.0
29,115,6.225729407330372,11.464654000799156,1.0,0.0,1.0,1.0,1.0,1.0
30,115,6.000533769111753,9.932030000202808,0.0,0.0,0.0,0.0,1.0,1.0
31,115,10.358186812683982,10.18850296630375,1.0,0.0,0.0,0.0,1.0,0.0
32,115,3.730652876411624,6.328700375754221,1.0,0.0,1.0,1.0,0.0,0.0
33,115,11.957818898672782,7.506555109178931,0.0,0.0,1.0,1.0,0.0,0.0
34,115,7.570756402961516,8.246549038960499,1.0,0.0,0.0,0.0,0.0,0.0
35,115,9.407040436267357,5.482457617981794,0.0,1.0,0.0,0.0,0.0,0.0
36,115,11.827423369897163,7.038500220550532,0.0,1.0,1.0,1.0,1.0,0.0
37,115,12.0,11.202910963323022,1.0,1.0,0.0,1.0,0.0,1.0
38,115,4.667549010834804,1.2462094362188774,0.0,1.0,0.0,0.0,0.0,0.0
39,115,11.84501350118134,6.237915945251143,0.0,0.0,1.0,0.0,1.0,0.0
0,120,4.905146198133678,0.0814396149923239,0.0,1.0,0.0,1.0,0.0,0.0
1,120,11.720013789965437,9.037673521538572,1.0,1.0,1.0,0.0,0.0,0.0
2,120,0.0167849222516212,2.947984618734385,0.0,0.0,1.0,1.0,0.0,0.0
3,120,1.646818748011584,2.7938137754886934,1.0,0.0,1.0,1.0,1.0,0.0
4,120,2.9783880460589867,1.5833200108706942,1.0,1.0,1.0,0.0,1.0,0.0
5,120,6.068900853890697,6.902073819036333,1.0,1.0,0.0,1.0,0.0,1.0
6,120,6.038777017638927,2.705291791083127,0.0,1.0,0.0,0.0,0.0,0.0
7,120,3.379353320225524,8.909757865151589,1.0,1.0,0.0,0.0,1.0,0.0
8,120,1.0788061101590616,11.104476032344817,0.0,0.0,0.0,1.0,1.0,0.0
9,120,7.58672143141214,0.0,0.0,0.0,1.0,0.0,0.0,0.0
10,120,9.351388690971932,4.00402408666686,0.0,1.0,1.0,1.0,1.0,0.0
11,120,3.880451758166127,6.1235143605906925,0.0,0.0,0.0,0.0,0.0,0.0
12,120,11.228435801512015,0.0,1.0,0.0,0.0,0.0,1.0,0.0
13,120,7.683436733732151,8.92442765754227,0.0,0.0,0.0,1.0,0.0,0.0
14,120,8.488407236465399,0.702459591776322,1.0,0.0,1.0,1.0,1.0,0.0
15,120,10.510218925341457,2.0683136320090583,0.0,0.0,0.0,1.0,1.0,0.0
16,120,8.162524368429088,6.65937648756699,0.0,0.0,0.0,0.0,1.0,0.0
17,120,9.773123977886412,6.133463776051436,0.0,1.0,0.0,0.0,0.0,0.0
18,120,8.494930391317155,7.021342694209193,1.0,1.0,0.0,0.0,0.0,0.0
19,120,10.299240432541051,1.513091946585892,1.0,1.0,1.0,0.0,0.0,0.0
20,120,5.254825041708159,2.951541573430163,1.0,0.0,0.0,0.0,0.0,1.0
21,120,6.651124093137598,0.0,1.0,0.0,1.0,1.0,0.0,0.0
22,120,0.0,0.0,0.0,0.0,0.0,0.0,0.0,1.0
23,120,7.656318015007869,8.57198129692753,1.0,0.0,1.0,0.0,0.0,1.0
24,120,4.764599495203078,7.610763842504864,0.0,1.0,0.0,1.0,1.0,0.0
25,120,0.0,3.892306661958984,0.0,1.0,1.0,0.0,0.0,0.0
26,120,9.883595600011455,6.787687125231358,0.0,0.0,0.0,1.0,1.0,1.0
27,120,0.0,3.0111645218834497,0.0,0.0,1.0,1.0,0.0,0.0
28,120,0.2177700402576821,1.0106017131891685,0.0,0.0,0.0,0.0,0.0,1.0
29,120,6.196472121193281,11.519609170079082,1.0,0.0,1.0,1.0,1.0,1.0
30,120,5.997042151902051,9.93187329453681,0.0,0.0,0.0,0.0,1.0,1.0
31,120,10.388225098485217,10.28451363915596,1.0,0.0,0.0,0.0,1.0,0.0
32,120,3.7297306504541217,6.329716470505117,1.0,0.0,1.0,1.0,0.0,0.0
33,120,11.921195319300008,7.442216479440734,0.0,0.0,1.0,1.0,0.0,0.0
34,120,7.461526378076445,8.148026537041686,1.0,0.0,0.0,0.0,0.0,0.0
35,120,9.486566138854776,5.510767582240321,0.0,1.0,0.0,0.0,0.0,0.0
36,120,11.814704360093147,6.975198445074022,0.0,1.0,1.0,1.0,1.0,0.0
37,120,12.0,11.205269758257732,1.0,1.0,0.0,1.0,0.0,1.0
38,120,4.630048116269339,1.2483826771523674,0.0,1.0,0.0,0.0,0.0,0.0
39,120,11.98750184355242,6.180384342674508,0.0,0.0,1.0,0.0,1.0,0.0
0,125,4.872468179152314,0.0495600364306184,0.0,1.0,0.0,1.0,0.0,0.0
1,125,11.732771296777486,9.054879186579392,1.0,1.0,1.0,0.0,0.0,0.0
2,125,0.0,2.85361603579535,0.0,0.0,1.0,1.0,0.0,0.0
3,125,1.683553417436238,2.697354575604385,1.0,0.0,1.0,1.0,1.0,0.0
4,125,2.9158870899138134,1.6257426708695,1.0,1.0,1.0,0.0,1.0,0.0
5,125,6.243070602804069,6.85583388187222,1.0,1.0,0.0,1.0,0.0,1.0
6,125,6.029803230247245,2.7060679571984143,0.0,1.0,0.0,0.0,0.0,0.0
7,125,3.30778475989208,8.979374812723831,1.0,1.0,0.0,0.0,1.0,0.0
8,125,0.9888153463278392,11.204338394838643,0.0,0.0,0.0,1.0,1.0,0.0
9,125,7.549550443188352,0.0,0.0,0.0,1.0,0.0,0.0,0.0
10,125,9.264070506255113,4.020202086315646,0.0,1.0,1.0,1.0,1.0,0.0
11,125,3.9291918995736337,6.276865912746789,0.0,0.0,0.0,0.0,0.0,0.0
12,125,11.227655198479953,0.0,1.0,0.0,0.0,0.0,1.0,0.0
13,125,7.7643424915757855,8.924722853846488,0.0,0.0,0.0,1.0,0.0,0.0
14,125,8.427379646917661,0.7808798282274646,1.0,0.0,1.0,1.0,1.0,0.0
15,125,10.539417872295996,2.139426738492031,0.0,0.0,0.0,1.0,1.0,0.0
16,125,8.101383451571555,6.554415103108975,0.0,0.0,0.0,0.0,1.0,0.0
17,125,9.8307945812555,6.116982169906503,0.0,1.0,0.0,0.0,0.0,0.0
18,125,8.543719542039367,6.923564833196091,1.0,1.0,0.0,0.0,0.0,0.0
19,125,10.32046022700317,1.5500492668699026,1.0,1.0,1.0,0.0,0.0,0.0
20,125,5.261764542772973,2.950793102118946,1.0,0.0,0.0,0.0,0.0,1.0
21,125,6.705956006326096,0.0,1.0,0.0,1.0,1.0,0.0,0.0
22,125,0.0,0.0288129294466136,0.0,0.0,0.0,0.0,0.0,1.0
23,125,7.676862612417008,8.578641769296471,1.0,0.0,1.0,0.0,0.0,1.0
24,125,4.890715588421106,7.549624482360718,0.0,1.0,0.0,1.0,1.0,0.0
25,125,0.0,3.904057083442058,0.0,1.0,1.0,0.0,0.0,0.0
26,125,9.937527639698056,6.908915608750188,0.0,0.0,0.0,1.0,1.0,1.0
27,125,0.0,3.0222249696952384,0.0,0.0,1.0,1.0,0.0,0.0
28,125,0.330214701697389,0.8525778320475824,0.0,0.0,0.0,0.0,0.0,1.0
29,125,6.178548263452094,11.553128060130213,1.0,0.0,1.0,1.0,1.0,1.0
30,125,5.978146951269914,9.930972259317803,0.0,0.0,0.0,0.0,1.0,1.0
31,125,10.41799646115908,10.38468482148158,1.0,0.0,0.0,0.0,1.0,0.0
32,125,3.734248556474973,6.324689491879548,1.0,0.0,1.0,1.0,0.0,0.0
33,125,11.875730186576527,7.361337298160278,0.0,0.0,1.0,1.0,0.0,0.0
34,125,7.3421419704802675,8.04154450948774,1.0,0.0,0.0,0.0,0.0,0.0
35,125,9.58629660184138,5.54875706638965,0.0,1.0,0.0,0.0,0.0,0.0
36,125,11.803105316962457,6.91617956368719,0.0,1.0,1.0,1.0,1.0,0.0
37,125,12.0,11.208335462370638,1.0,1.0,0.0,1.0,0.0,1.0
38,125,4.597992042583449,1.250866406008904,0.0,1.0,0.0,0.0,0.0,0.0
39,125,12.0,6.12202753978575,0.0,0.0,1.0,0.0,1.0,0.0
0,130,4.840873088705837,0.0175976602757963,0.0,1.0,0.0,1.0,0.0,0.0
1,130,11.742493179780247,9.06814083449644,1.0,1.0,1.0,0.0,0.0,0.0
2,130,0.0,2.7584200419988028,0.0,0.0,1.0,1.0,0.0,0.0
3,130,1.721957793655639,2.589917181265542,1.0,0.0,1.0,1.0,1.0,0.0
4,130,2.851806609913574,1.6679806236068937,1.0,1.0,1.0,0.0,1.0,0.0
5,130,6.4026996028770045,6.811542717105456,1.0,1.0,0.0,1.0,0.0,1.0
6,130,6.00165361933984,2.7082436583184597,0.0,1.0,0.0,0.0,0.0,0.0
7,130,3.229315014765854,9.050629517587982,1.0,1.0,0.0,0.0,1.0,0.0
8,130,0.9010525414053616,11.301249088486305,0.0,0.0,0.0,1.0,1.0,0.0
9,130,7.521014362000048,0.0,0.0,0.0,1.0,0.0,0.0,0.0
10,130,9.158218182715812,4.042233629409897,0.0,1.0,1.0,1.0,1.0,0.0
11,130,3.979608464591208,6.425520942153397,0.0,0.0,0.0,0.0,0.0,0.0
12,130,11.226403300936502,0.0,1.0,0.0,0.0,0.0,1.0,0.0
13,130,7.859238768561975,8.923827853491854,0.0,0.0,0.0,1.0,0.0,0.0
14,130,8.372468720359448,0.8542875581759389,1.0,0.0,1.0,1.0,1.0,0.0
15,130,10.57500736188866,2.228447093138369,0.0,0.0,0.0,1.0,1.0,0.0
16,130,8.052901360861389,6.471031201452601,0.0,0.0,0.0,0.0,1.0,0.0
17,130,9.89989947228385,6.096625678295914,0.0,1.0,0.0,0.0,0.0,0.0
18,130,8.595712904308657,6.816352363382039,1.0,1.0,0.0,0.0,0.0,0.0
19,130,10.34846766317297,1.5998696767367346,1.0,1.0,1.0,0.0,0.0,0.0
20,130,5.253358139632776,2.9517776848112693,1.0,0.0,0.0,0.0,0.0,1.0
21,130,6.769583652071439,0.0,1.0,0.0,1.0,1.0,0.0,0.0
22,130,0.0,0.0609512917878567,0.0,0.0,0.0,0.0,0.0,1.0
23,130,7.708535648230275,8.588859753251592,1.0,0.0,1.0,0.0,0.0,1.0
24,130,5.029182537613183,7.486300863022775,0.0,1.0,0.0,1.0,1.0,0.0
25,130,0.0,3.908048453023071,0.0,1.0,1.0,0.0,0.0,0.0
26,130,9.987939358086525,7.028667331620213,0.0,0.0,0.0,1.0,1.0,1.0
27,130,0.0,3.042170378388659,0.0,0.0,1.0,1.0,0.0,0.0
28,130,0.4549701229746478,0.680690564992235,0.0,0.0,0.0,0.0,0.0,1.0
29,130,6.178761651985254,11.552703876265936,1.0,0.0,1.0,1.0,1.0,1.0
30,130,5.94491190562437,9.92929203787032,0.0,0.0,0.0,0.0,1.0,1.0
31,130,10.448376431664226,10.48960446939911,1.0,0.0,0.0,0.0,1.0,0.0
32,130,3.734452950502279,6.324450154312116,1.0,0.0,1.0,1.0,0.0,0.0
33,130,11.82156522827094,7.267965118150712,0.0,0.0,1.0,1.0,0.0,0.0
34,130,7.219322461262492,7.929459128345858,1.0,0.0,0.0,0.0,0.0,0.0
35,130,9.692802317589358,5.589102852379609,0.0,1.0,0.0,0.0,0.0,0.0
36,130,11.79021353079995,6.854288697002774,0.0,1.0,1.0,1.0,1.0,0.0
37,130,12.0,11.212876021738024,1.0,1.0,0.0,1.0,0.0,1.0
38,130,4.591514989006547,1.2513495913168056,0.0,1.0,0.0,0.0,0.0,0.0
39,130,12.0,6.061478593290544,0.0,0.0,1.0,0.0,1.0,0.0
0,135,4.810852776947422,0.0,0.0,1.0,0.0,1.0,0.0,0.0
1,135,11.75380267555327,9.083518926126676,1.0,1.0,1.0,0.0,0.0,0.0
2,135,0.0,2.66171242814102,0.0,0.0,1.0,1.0,0.0,0.0
3,135,1.7612453213745078,2.485859786045384,1.0,0.0,1.0,1.0,1.0,0.0
4,135,2.7668921124528234,1.7229646086136596,1.0,1.0,1.0,0.0,1.0,0.0
5,135,6.571822108222441,6.762403293677642,1.0,1.0,0.0,1.0,0.0,1.0
6,135,5.968851878225824,2.712001042259075,0.0,1.0,0.0,0.0,0.0,0.0
7,135,3.1434158820157423,9.129507393370767,1.0,1.0,0.0,0.0,1.0,0.0
8,135,0.811732957171269,11.399129434875803,0.0,0.0,0.0,1.0,1.0,0.0
9,135,7.497438628641807,0.0,0.0,0.0,1.0,0.0,0.0,0.0
10,135,9.056580820947628,4.061818355591798,0.0,1.0,1.0,1.0,1.0,0.0
11,135,4.025563514741346,6.567052498911253,0.0,0.0,0.0,0.0,0.0,0.0
12,135,11.226161845951452,0.0,1.0,0.0,0.0,0.0,1.0,0.0
13,135,7.970315450198019,8.92652052159143,0.0,0.0,0.0,1.0,0.0,0.0
14,135,8.329821343469327,0.9107845140935164,1.0,0.0,1.0,1.0,1.0,0.0
15,135,10.608954434133135,2.31728865844906,0.0,0.0,0.0,1.0,1.0,0.0
16,135,8.011627031576808,6.396407932983687,0.0,0.0,0.0,0.0,1.0,0.0
17,135,9.936739737913566,6.085654460467544,0.0,1.0,0.0,0.0,0.0,0.0
18,135,8.641906482384272,6.72542283401977,1.0,1.0,0.0,0.0,0.0,0.0
19,135,10.36816084670736,1.6321250245072991,1.0,1.0,1.0,0.0,0.0,0.0
20,135,5.252393880933619,2.9519092015120427,1.0,0.0,0.0,0.0,0.0,1.0
21,135,6.840341531342482,0.0,1.0,0.0,1.0,1.0,0.0,0.0
22,135,0.0,0.0917718009311244,0.0,0.0,0.0,0.0,0.0,1.0
23,135,7.727461571330395,8.594929601288412,1.0,0.0,1.0,0.0,0.0,1.0
24,135,5.157075649896584,7.4260402757004815,0.0,1.0,0.0,1.0,1.0,0.0
25,135,0.0,3.924102419782058,0.0,1.0,1.0,0.0,0.0,0.0
26,135,10.0344694390713,7.143000968013222,0.0,0.0,0.0,1.0,1.0,1.0
27,135,0.0,3.058073548210123,0.0,0.0,1.0,1.0,0.0,0.0
28,135,0.5596336573799375,0.52723369319609,0.0,0.0,0.0,0.0,0.0,1.0
29,135,6.175868960356581,11.558767756993657,1.0,0.0,1.0,1.0,1.0,1.0
30,135,5.8983016373662815,9.925534762741648,0.0,0.0,0.0,0.0,1.0,1.0
31,135,10.485078915783449,10.602878413217056,1.0,0.0,0.0,0.0,1.0,0.0
32,135,3.7371082898488903,6.321200499241738,1.0,0.0,1.0,1.0,0.0,0.0
33,135,11.768082609405177,7.170313077144852,0.0,0.0,1.0,1.0,0.0,0.0
34,135,7.093508346041217,7.8165541478597,1.0,0.0,0.0,0.0,0.0,0.0
35,135,9.79475609980764,5.630043524722812,0.0,1.0,0.0,0.0,0.0,0.0
36,135,11.77784253397818,6.790318036299069,0.0,1.0,1.0,1.0,1.0,0.0
37,135,12.0,11.219235458248672,1.0,1.0,0.0,1.0,0.0,1.0
38,135,4.593001154415858,1.2512118366454177,0.0,1.0,0.0,0.0,0.0,0.0
39,135,12.0,5.993223677898285,0.0,0.0,1.0,0.0,1.0,0.0
0,140,4.777010458760928,0.0,0.0,1.0,0.0,1.0,0.0,0.0
1,140,11.77379792936225,9.110256244322954,1.0,1.0,1.0,0.0,0.0,0.0
2,140,0.0,2.566960882075908,0.0,0.0,1.0,1.0,0.0,0.0
3,140,1.8183299639022088,2.345474319811101,1.0,0.0,1.0,1.0,1.0,0.0
4,140,2.679388571456183,1.7815698118532866,1.0,1.0,1.0,0.0,1.0,0.0
5,140,6.748443886526622,6.709834236636668,1.0,1.0,0.0,1.0,0.0,1.0
6,140,5.92476395492276,2.716563504886066,0.0,1.0,0.0,0.0,0.0,0.0
7,140,3.0727890102014177,9.19542064102607,1.0,1.0,0.0,0.0,1.0,0.0
8,140,0.7379480917088487,11.484353341451028,0.0,0.0,0.0,1.0,1.0,0.0
9,140,7.475240205843944,0.0,0.0,0.0,1.0,0.0,0.0,0.0
10,140,8.958694675498622,4.081376145657055,0.0,1.0,1.0,1.0,1.0,0.0
11,140,4.074505665119547,6.710445195470943,0.0,0.0,0.0,0.0,0.0,0.0
12,140,11.225191977563064,0.0,1.0,0.0,0.0,0.0,1.0,0.0
13,140,8.074558446016225,8.929713406697998,0.0,0.0,0.0,1.0,0.0,0.0
14,140,8.286836687558683,0.9682981283898622,1.0,0.0,1.0,1.0,1.0,0.0
15,140,10.633631052978926,2.3820098225170065,0.0,0.0,0.0,1.0,1.0,0.0
16,140,7.971879109740768,6.327792914569046,0.0,0.0,0.0,0.0,1.0,0.0
17,140,9.96802986758273,6.07650923914977,0.0,1.0,0.0,0.0,0.0,0.0
18,140,8.692084034608712,6.632683690970555,1.0,1.0,0.0,0.0,0.0,0.0
19,140,10.37619858372692,1.6453480821389894,1.0,1.0,1.0,0.0,0.0,0.0
20,140,5.248564864652836,2.952388659696014,1.0,0.0,0.0,0.0,0.0,1.0
21,140,6.916472684439264,0.0,1.0,0.0,1.0,1.0,0.0,0.0
22,140,0.0,0.1281166576414835,0.0,0.0,0.0,0.0,0.0,1.0
23,140,7.728569555397984,8.595296658425593,1.0,0.0,1.0,0.0,0.0,1.0
24,140,5.277241227180854,7.371396805914915,0.0,1.0,0.0,1.0,1.0,0.0
25,140,0.0,3.941235141444768,0.0,1.0,1.0,0.0,0.0,0.0
26,140,10.089927069032315,7.283146803517194,0.0,0.0,0.0,1.0,1.0,1.0
27,140,0.0,3.073705751733801,0.0,0.0,1.0,1.0,0.0,0.0
28,140,0.664198499899569,0.3686873698631281,0.0,0.0,0.0,0.0,0.0,1.0
29,140,6.178021932364632,11.55428151788522,1.0,0.0,1.0,1.0,1.0,1.0
30,140,5.871039438082152,9.923061396834294,0.0,0.0,0.0,0.0,1.0,1.0
31,140,10.519119813576456,10.70394785350448,1.0,0.0,0.0,0.0,1.0,0.0
32,140,3.742047331978515,6.314961415579092,1.0,0.0,1.0,1.0,0.0,0.0
33,140,11.713980060888632,7.077880483029988,0.0,0.0,1.0,1.0,0.0,0.0
34,140,6.962312000723726,7.702986438978303,1.0,0.0,0.0,0.0,0.0,0.0
35,140,9.87688732381826,5.660844077529014,0.0,1.0,0.0,0.0,0.0,0.0
36,140,11.76638839331949,6.730546255319768,0.0,1.0,1.0,1.0,1.0,0.0
37,140,12.0,11.223838185323329,1.0,1.0,0.0,1.0,0.0,1.0
38,140,4.6055681885048765,1.249944309523478,0.0,1.0,0.0,0.0,0.0,0.0
39,140,12.0,5.924778749541692,0.0,0.0,1.0,0.0,1.0,0.0
0,145,4.7484033814695366,0.0,0.0,1.0,0.0,1.0,0.0,0.0
1,145,11.800869638231044,9.147320049849329,1.0,1.0,1.0,0.0,0.0,0.0
2,145,0.0,2.4853266044884283,0.0,0.0,1.0,1.0,0.0,0.0
3,145,1.8753910456416776,2.193736670475741,1.0,0.0,1.0,1.0,1.0,0.0
4,145,2.5948765967248204,1.841524693151404,1.0,1.0,1.0,0.0,1.0,0.0
5,145,6.919327988566126,6.658641789439253,1.0,1.0,0.0,1.0,0.0,1.0
6,145,5.8843465352305335,2.7202493615958545,0.0,1.0,0.0,0.0,0.0,0.0
7,145,3.0276292952801325,9.236883919633453,1.0,1.0,0.0,0.0,1.0,0.0
8,145,0.671820305488524,11.560917285012168,0.0,0.0,0.0,1.0,1.0,0.0
9,145,7.458852932250105,0.0,0.0,0.0,1.0,0.0,0.0,0.0
10,145,8.851213166053054,4.104136057240494,0.0,1.0,1.0,1.0,1.0,0.0
11,145,4.120911612357013,6.853508244488516,0.0,0.0,0.0,0.0,0.0,0.0
12,145,11.224340054400503,0.0,1.0,0.0,0.0,0.0,1.0,0.0
13,145,8.203609999944844,8.93248647452377,0.0,0.0,0.0,1.0,0.0,0.0
14,145,8.249026082808793,1.0197099605340862,1.0,0.0,1.0,1.0,1.0,0.0
15,145,10.668585169090878,2.477859925834934,0.0,0.0,0.0,1.0,1.0,0.0
16,145,7.932645892705873,6.255474174893879,0.0,0.0,0.0,0.0,1.0,0.0
17,145,10.00319496557306,6.0662410952282215,0.0,1.0,0.0,0.0,0.0,0.0
18,145,8.751270779629014,6.531978471507876,1.0,1.0,0.0,0.0,0.0,0.0
19,145,10.391911086461043,1.6700000715259466,1.0,1.0,1.0,0.0,0.0,0.0
20,145,5.240106622231795,2.953364441125369,1.0,0.0,0.0,0.0,0.0,1.0
21,145,7.006348574378357,0.0,1.0,0.0,1.0,1.0,0.0,0.0
22,145,0.0,0.1522171800681922,0.0,0.0,0.0,0.0,0.0,1.0
23,145,7.739145169578088,8.59913828066174,1.0,0.0,1.0,0.0,0.0,1.0
24,145,5.374911956268843,7.327047970465439,0.0,1.0,0.0,1.0,1.0,0.0
25,145,0.0,3.945648372041185,0.0,1.0,1.0,0.0,0.0,0.0
26,145,10.141818064487705,7.417402430010505,0.0,0.0,0.0,1.0,1.0,1.0
27,145,0.0,3.1030338263271755,0.0,0.0,1.0,1.0,0.0,0.0
28,145,0.7677957077154516,0.217925598369319,0.0,0.0,0.0,0.0,0.0,1.0
29,145,6.171678696817422,11.56800917206085,1.0,0.0,1.0,1.0,1.0,1.0
30,145,5.848375983767901,9.921354059031806,0.0,0.0,0.0,0.0,1.0,1.0
31,145,10.555558777448944,10.821251835907216,1.0,0.0,0.0,0.0,1.0,0.0
32,145,3.760664703502301,6.292002681534082,1.0,0.0,1.0,1.0,0.0,0.0
33,145,11.660810555094548,6.993577792544013,0.0,0.0,1.0,1.0,0.0,0.0
34,145,6.833347693202859,7.594367937739084,1.0,0.0,0.0,0.0,0.0,0.0
35,145,9.96510362808982,5.693138250951966,0.0,1.0,0.0,0.0,0.0,0.0
36,145,11.753174141218414,6.660203421513936,0.0,1.0,1.0,1.0,1.0,0.0
37,145,12.0,11.225307722922455,1.0,1.0,0.0,1.0,0.0,1.0
38,145,4.614462622588235,1.248885971504684,0.0,1.0,0.0,0.0,0.0,0.0
39,145,12.0,5.865069160978511,0.0,0.0,1.0,0.0,1.0,0.0
0,150,4.716754132196425,0.0,0.0,1.0,0.0,1.0,0.0,0.0
1,150,11.839907647927218,9.202366170797704,1.0,1.0,1.0,0.0,0.0,0.0
2,150,0.0,2.3961541877096497,0.0,0.0,1.0,1.0,0.0,0.0
3,150,1.938961886607096,2.0255214430270336,1.0,0.0,1.0,1.0,1.0,0.0
4,150,2.5170785424011743,1.8955267450213693,1.0,1.0,1.0,0.0,1.0,0.0
5,150,7.098918031232259,6.605313032932354,1.0,1.0,0.0,1.0,0.0,1.0
6,150,5.838259746079273,2.725689468532822,0.0,1.0,0.0,0.0,0.0,0.0
7,150,3.0030454828568867,9.259848853913908,1.0,1.0,0.0,0.0,1.0,0.0
8,150,0.6045375404356288,11.643918766309929,0.0,0.0,0.0,1.0,1.0,0.0
9,150,7.439190827304938,0.0,0.0,0.0,1.0,0.0,0.0,0.0
10,150,8.749274716734346,4.126295105323537,0.0,1.0,1.0,1.0,1.0,0.0
11,150,4.166013920119856,6.989164812836375,0.0,0.0,0.0,0.0,0.0,0.0
12,150,11.223880302681934,0.0,1.0,0.0,0.0,0.0,1.0,0.0
13,150,8.32091026109137,8.937893381092396,0.0,0.0,0.0,1.0,0.0,0.0
14,150,8.20860704229281,1.0762776278423272,1.0,0.0,1.0,1.0,1.0,0.0
15,150,10.69499407484228,2.5520615228907344,0.0,0.0,0.0,1.0,1.0,0.0
16,150,7.900533705703809,6.19090756303932,0.0,0.0,0.0,0.0,1.0,0.0
17,150,10.049544618095576,6.05371148586994,0.0,1.0,0.0,0.0,0.0,0.0
18,150,8.807293398059237,6.437644768386734,1.0,1.0,0.0,0.0,0.0,0.0
19,150,10.411632868677634,1.7014063207803205,1.0,1.0,1.0,0.0,0.0,0.0
20,150,5.266859243927252,2.951118981248199,1.0,0.0,0.0,0.0,0.0,1.0
21,150,7.0626381337426025,0.0,1.0,0.0,1.0,1.0,0.0,0.0
22,150,0.0,0.1671965692435979,0.0,0.0,0.0,0.0,0.0,1.0
23,150,7.71383872251671,8.590401034899358,1.0,0.0,1.0,0.0,0.0,1.0
24,150,5.471573034681192,7.285077336029778,0.0,1.0,0.0,1.0,1.0,0.0
25,150,0.0,3.958026019182964,0.0,1.0,1.0,0.0,0.0,0.0
26,150,10.195596659951391,7.572331223207173,0.0,0.0,0.0,1.0,1.0,1.0
27,150,0.0,3.13428399498834,0.0,0.0,1.0,1.0,0.0,0.0
28,150,0.8723092907749213,0.0696237795506578,0.0,0.0,0.0,0.0,0.0,1.0
29,150,6.164216169980812,11.583991494129862,1.0,0.0,1.0,1.0,1.0,1.0
30,150,5.82367145820933,9.91993664700404,0.0,0.0,0.0,0.0,1.0,1.0
31,150,10.597895075093785,10.9488946770629,1.0,0.0,0.0,0.0,1.0,0.0
32,150,3.772527504990303,6.301730731053584,1.0,0.0,1.0,1.0,0.0,0.0
33,150,11.608199003197868,6.9067382423237085,0.0,0.0,1.0,1.0,0.0,0.0
34,150,6.706222982715018,7.4933682676642706,1.0,0.0,0.0,0.0,0.0,0.0
35,150,10.036380873462432,5.719459697728036,0.0,1.0,0.0,0.0,0.0,0.0
36,150,11.742314031938571,6.6059371462944165,0.0,1.0,1.0,1.0,1.0,0.0
37,150,12.0,11.226433086095083,1.0,1.0,0.0,1.0,0.0,1.0
38,150,4.617207423710894,1.2486515749985214,0.0,1.0,0.0,0.0,0.0,0.0
39,150,12.0,5.798528041589956,0.0,0.0,1.0,0.0,1.0,0.0
0,155,4.699774796558254,0.0,0.0,1.0,0.0,1.0,0.0,0.0
1,155,11.877349175026724,9.257248602430217,1.0,1.0,1.0,0.0,0.0,0.0
2,155,0.0,2.3056327895247244,0.0,0.0,1.0,1.0,0.0,0.0
3,155,2.003054235917465,1.8478548362865408,1.0,0.0,1.0,1.0,1.0,0.0
4,155,2.4498954157998107,1.9419383163214003,1.0,1.0,1.0,0.0,1.0,0.0
5,155,7.278122966313163,6.558213761158293,1.0,1.0,0.0,1.0,0.0,1.0
6,155,5.771498492534531,2.7315139831696835,0.0,1.0,0.0,0.0,0.0,0.0
7,155,2.9955728049018564,9.266802993610758,1.0,1.0,0.0,0.0,1.0,0.0
8,155,0.5449819937627628,11.71409237657232,0.0,0.0,0.0,1.0,1.0,0.0
9,155,7.419851105543207,0.0,0.0,0.0,1.0,0.0,0.0,0.0
10,155,8.635936730518026,4.150911241282066,0.0,1.0,1.0,1.0,1.0,0.0
11,155,4.208718627664091,7.127649897458592,0.0,0.0,0.0,0.0,0.0,0.0
12,155,11.22347286738005,0.0,1.0,0.0,0.0,0.0,1.0,0.0
13,155,8.445496702705054,8.943558743560365,0.0,0.0,0.0,1.0,0.0,0.0
14,155,8.159151617387685,1.1462679844341408,1.0,0.0,1.0,1.0,1.0,0.0
15,155,10.719025491641998,2.6157549655459422,0.0,0.0,0.0,1.0,1.0,0.0
16,155,7.881437562215637,6.1525436061924585,0.0,0.0,0.0,0.0,1.0,0.0
17,155,10.085861924803698,6.043187366499896,0.0,1.0,0.0,0.0,0.0,0.0
18,155,8.866965202072661,6.344303395484741,1.0,1.0,0.0,0.0,0.0,0.0
19,155,10.422159575616124,1.7180587545852626,1.0,1.0,1.0,0.0,0.0,0.0
20,155,5.297630053353048,2.9480619731478224,1.0,0.0,0.0,0.0,0.0,1.0
21,155,7.116655531817134,0.0,1.0,0.0,1.0,1.0,0.0,0.0
22,155,0.0,0.1846172556377746,0.0,0.0,0.0,0.0,0.0,1.0
23,155,7.702875060130468,8.586314241244425,1.0,0.0,1.0,0.0,0.0,1.0
24,155,5.578070729672571,7.236402094845537,0.0,1.0,0.0,1.0,1.0,0.0
25,155,0.0,3.9598849569138106,0.0,1.0,1.0,0.0,0.0,0.0
26,155,10.04752521370486,7.624011489503689,0.0,0.0,0.0,1.0,1.0,1.0
27,155,0.0,3.180742975358684,0.0,0.0,1.0,1.0,0.0,0.0
28,155,0.977412113339536,0.0,0.0,0.0,0.0,0.0,0.0,1.0
29,155,6.160743047705027,11.591823226618324,1.0,0.0,1.0,1.0,1.0,1.0
30,155,5.781784105760491,9.917611899582472,0.0,0.0,0.0,0.0,1.0,1.0
31,155,10.643361960926145,11.09009274657332,1.0,0.0,0.0,0.0,1.0,0.0
32,155,3.7940553603302583,6.318577160009286,1.0,0.0,1.0,1.0,0.0,0.0
33,155,11.542416353887257,6.796013575092873,0.0,0.0,1.0,1.0,0.0,0.0
34,155,6.590617273541681,7.402510778892079,1.0,0.0,0.0,0.0,0.0,0.0
35,155,10.1097165111957,5.745435067888885,0.0,1.0,0.0,0.0,0.0,0.0
36,155,11.730326186605437,6.550860498585864,0.0,1.0,1.0,1.0,1.0,0.0
37,155,12.0,11.22969893528922,1.0,1.0,0.0,1.0,0.0,1.0
38,155,4.640527078574584,1.2471011877565994,0.0,1.0,0.0,0.0,0.0,0.0
39,155,12.0,5.727390408532849,0.0,0.0,1.0,0.0,1.0,0.0
0,160,4.683894489500916,0.0,0.0,1.0,0.0,1.0,0.0,0.0
1,160,11.910134844076127,9.304711690418076,1.0,1.0,1.0,0.0,0.0,0.0
2,160,0.0,2.21352953987254,0.0,0.0,1.0,1.0,0.0,0.0
3,160,2.064605199839345,1.6870252766220692,1.0,0.0,1.0,1.0,1.0,0.0
4,160,2.390581430916586,1.98113466407651,1.0,1.0,1.0,0.0,1.0,0.0
5,160,7.472303040606518,6.503966600680098,1.0,1.0,0.0,1.0,0.0,1.0
6,160,5.689797211936184,2.739331244673763,0.0,1.0,0.0,0.0,0.0,0.0
7,160,3.0079276146858627,9.254912731649693,1.0,1.0,0.0,0.0,1.0,0.0
8,160,0.4890401091076357,11.778412331953016,0.0,0.0,0.0,1.0,1.0,0.0
9,160,7.407457262876247,0.0,0.0,0.0,1.0,0.0,0.0,0.0
10,160,8.524276662842874,4.176377827978812,0.0,1.0,1.0,1.0,1.0,0.0
11,160,4.247412987521736,7.251471717085914,0.0,0.0,0.0,0.0,0.0,0.0
12,160,11.221692263514878,0.0,1.0,0.0,0.0,0.0,1.0,0.0
13,160,8.55619372185039,8.946603429242696,0.0,0.0,0.0,1.0,0.0,0.0
14,160,8.120161955346411,1.2022990792927128,1.0,0.0,1.0,1.0,1.0,0.0
15,160,10.74554325619865,2.6891547825919813,0.0,0.0,0.0,1.0,1.0,0.0
16,160,7.873317459855851,6.1362889972923575,0.0,0.0,0.0,0.0,1.0,0.0
17,160,10.13912470014143,6.0267971373827445,0.0,1.0,0.0,0.0,0.0,0.0
18,160,8.905707153282718,6.285076807384263,1.0,1.0,0.0,0.0,0.0,0.0
19,160,10.423774537767049,1.7207655271737947,1.0,1.0,1.0,0.0,0.0,0.0
20,160,5.3316365400074615,2.945724618976057,1.0,0.0,0.0,0.0,0.0,1.0
21,160,7.17270489254298,0.0,1.0,0.0,1.0,1.0,0.0,0.0
22,160,0.0,0.2013231907056853,0.0,0.0,0.0,0.0,0.0,1.0
23,160,7.699335555108467,8.585108375309998,1.0,0.0,1.0,0.0,0.0,1.0
24,160,5.6769801461253495,7.186554248798467,0.0,1.0,0.0,1.0,1.0,0.0
25,160,0.0,3.960279600424277,0.0,1.0,1.0,0.0,0.0,0.0
26,160,9.908548732815216,7.674216315009298,0.0,0.0,0.0,1.0,1.0,1.0
27,160,0.0,3.2172891527551064,0.0,0.0,1.0,1.0,0.0,0.0
28,160,1.078628577511041,0.0,0.0,0.0,0.0,0.0,0.0,1.0
29,160,6.156447386346166,11.60142554676933,1.0,0.0,1.0,1.0,1.0,1.0
30,160,5.737664610860124,9.914573780646489,0.0,0.0,0.0,0.0,1.0,1.0
31,160,10.68978978729842,11.23097272919197,1.0,0.0,0.0,0.0,1.0,0.0
32,160,3.812830433777423,6.332516036176875,1.0,0.0,1.0,1.0,0.0,0.0
33,160,11.482937666164284,6.69828186317385,0.0,0.0,1.0,1.0,0.0,0.0
34,160,6.473155578989981,7.3080112772292765,1.0,0.0,0.0,0.0,0.0,0.0
35,160,10.20957157102448,5.779294417843698,0.0,1.0,0.0,0.0,0.0,0.0
36,160,11.71595207794578,6.4833394060832505,0.0,1.0,1.0,1.0,1.0,0.0
37,160,12.0,11.236172533369006,1.0,1.0,0.0,1.0,0.0,1.0
38,160,4.659859735618195,1.2464021279862738,0.0,1.0,0.0,0.0,0.0,0.0
39,160,12.0,5.660320900666855,0.0,0.0,1.0,0.0,1.0,0.0
0,165,4.664435061873196,0.0,0.0,1.0,0.0,1.0,0.0,0.0
1,165,11.941443123556525,9.347856598018229,1.0,1.0,1.0,0.0,0.0,0.0
2,165,0.0,2.1181041393323667,0.0,0.0,1.0,1.0,0.0,0.0
3,165,2.126224826769568,1.521689263515373,1.0,0.0,1.0,1.0,1.0,0.0
4,165,2.3218385665843804,2.029906748417991,1.0,1.0,1.0,0.0,1.0,0.0
5,165,7.64375379956023,6.44619960573777,1.0,1.0,0.0,1.0,0.0,1.0
6,165,5.609674487130137,2.748373684342922,0.0,1.0,0.0,0.0,0.0,0.0
7,165,3.016567483786375,9.246660414963475,1.0,1.0,0.0,0.0,1.0,0.0
8,165,0.4483334074917909,11.824729359696216,0.0,0.0,0.0,1.0,1.0,0.0
9,165,7.397404213059874,0.0,0.0,0.0,1.0,0.0,0.0,0.0
10,165,8.39819426801656,4.206912100134255,0.0,1.0,1.0,1.0,1.0,0.0
11,165,4.289965373133582,7.383524982774629,0.0,0.0,0.0,0.0,0.0,0.0
12,165,11.219865155588325,0.0,1.0,0.0,0.0,0.0,1.0,0.0
13,165,8.669828449732709,8.951833983203645,0.0,0.0,0.0,1.0,0.0,0.0
14,165,8.07727999054838,1.2629686230185495,1.0,0.0,1.0,1.0,1.0,0.0
15,165,10.769282566737772,2.7525846730842,0.0,0.0,0.0,1.0,1.0,0.0
16,165,7.8809023461641,6.151656674663915,0.0,0.0,0.0,0.0,1.0,0.0
17,165,10.209925888058558,6.003097038907982,0.0,1.0,0.0,0.0,0.0,0.0
18,165,8.948106828403978,6.224177199583195,1.0,1.0,0.0,0.0,0.0,0.0
19,165,10.429089034399802,1.729891762799718,1.0,1.0,1.0,0.0,0.0,0.0
20,165,5.340853160250127,2.945009522815646,1.0,0.0,0.0,0.0,0.0,1.0
21,165,7.231749682154477,0.0,1.0,0.0,1.0,1.0,0.0,0.0
22,165,0.0,0.224591343786759,0.0,0.0,0.0,0.0,0.0,1.0
23,165,7.69603496481097,8.583969194841286,1.0,0.0,1.0,0.0,0.0,1.0
24,165,5.775316237393382,7.1357816689654525,0.0,1.0,0.0,1.0,1.0,0.0
25,165,0.0091286811467864,3.953410937130519,0.0,1.0,1.0,0.0,0.0,0.0
26,165,9.783249607776238,7.717595704508435,0.0,0.0,0.0,1.0,1.0,1.0
27,165,0.0,3.2520730221291547,0.0,0.0,1.0,1.0,0.0,0.0
28,165,1.1739729548605031,0.0,0.0,0.0,0.0,0.0,0.0,1.0
29,165,6.155642113607169,11.603179495236011,1.0,0.0,1.0,1.0,1.0,1.0
30,165,5.663995881486062,9.909780361269735,0.0,0.0,0.0,0.0,1.0,1.0
31,165,10.744388434500069,11.385484084039977,1.0,0.0,0.0,0.0,1.0,0.0
32,165,3.8082610141910576,6.329156776895883,1.0,0.0,1.0,1.0,0.0,0.0
33,165,11.445672956886485,6.634916826661444,0.0,0.0,1.0,1.0,0.0,0.0
34,165,6.351816825814619,7.208171422337741,1.0,0.0,0.0,0.0,0.0,0.0
35,165,10.296679292525823,5.81180997357977,0.0,1.0,0.0,0.0,0.0,0.0
36,165,11.696683038228915,6.394663994691197,0.0,1.0,1.0,1.0,1.0,0.0
37,165,12.0,11.247385388664975,1.0,1.0,0.0,1.0,0.0,1.0
38,165,4.671249038874548,1.2463471129415131,0.0,1.0,0.0,0.0,0.0,0.0
39,165,12.0,5.596442290348652,0.0,0.0,1.0,0.0,1.0,0.0
0,170,4.660334848549365,0.0,0.0,1.0,0.0,1.0,0.0,0.0
1,170,11.97124481476532,9.389396510435892,1.0,1.0,1.0,0.0,0.0,0.0
2,170,0.0,2.025498512130874,0.0,0.0,1.0,1.0,0.0,0.0
3,170,2.1915319213130875,1.3420811795872742,1.0,0.0,1.0,1.0,1.0,0.0
4,170,2.2480970189263165,2.0809578746856574,1.0,1.0,1.0,0.0,1.0,0.0
5,170,7.821132650271874,6.38392031606561,1.0,1.0,0.0,1.0,0.0,1.0
6,170,5.515416153262028,2.760258780506084,0.0,1.0,0.0,0.0,0.0,0.0
7,170,3.0136838971101305,9.249442086091264,1.0,1.0,0.0,0.0,1.0,0.0
8,170,0.387774797164507,11.894999996066735,0.0,0.0,0.0,1.0,1.0,0.0
9,170,7.390656786377146,0.0,0.0,0.0,1.0,0.0,0.0,0.0
10,170,8.278353520324268,4.236519841423889,0.0,1.0,1.0,1.0,1.0,0.0
11,170,4.33722565381694,7.527957304540128,0.0,0.0,0.0,0.0,0.0,0.0
12,170,11.21794220859166,0.0,1.0,0.0,0.0,0.0,1.0,0.0
13,170,8.785953062605666,8.957969337213807,0.0,0.0,0.0,1.0,0.0,0.0
14,170,8.033754055916956,1.3222096648091672,1.0,0.0,1.0,1.0,1.0,0.0
15,170,10.790233469557732,2.813675267169621,0.0,0.0,0.0,1.0,1.0,0.0
16,170,7.88146042313509,6.152773096661243,0.0,0.0,0.0,0.0,1.0,0.0
17,170,10.298157847769296,5.970948157187835,0.0,1.0,0.0,0.0,0.0,0.0
18,170,8.980404741733603,6.1758638782061,1.0,1.0,0.0,0.0,0.0,0.0
19,170,10.440149675934377,1.7497476620957606,1.0,1.0,1.0,0.0,0.0,0.0
20,170,5.336371887354063,2.945354514000893,1.0,0.0,0.0,0.0,0.0,1.0
21,170,7.316208062575061,0.0,1.0,0.0,1.0,1.0,0.0,0.0
22,170,0.0,0.2644783175463053,0.0,0.0,0.0,0.0,0.0,1.0
23,170,7.697990444631475,8.584602913269855,1.0,0.0,1.0,0.0,0.0,1.0
24,170,5.874305016929071,7.080895599739306,0.0,1.0,0.0,1.0,1.0,0.0
25,170,0.0,3.961176597721022,0.0,1.0,1.0,0.0,0.0,0.0
26,170,9.657519449377064,7.757525261850207,0.0,0.0,0.0,1.0,1.0,1.0
27,170,0.0,3.280089119784323,0.0,0.0,1.0,1.0,0.0,0.0
28,170,1.2691592112762526,0.0,0.0,0.0,0.0,0.0,0.0,1.0
29,170,6.169633251904157,11.572985128637823,1.0,0.0,1.0,1.0,1.0,1.0
30,170,5.578838498383376,9.90522182111895,0.0,0.0,0.0,0.0,1.0,1.0
31,170,10.798244930427725,11.537542850620117,1.0,0.0,0.0,0.0,1.0,0.0
32,170,3.805444243612437,6.326872748428767,1.0,0.0,1.0,1.0,0.0,0.0
33,170,11.39979422984337,6.558192744687661,0.0,0.0,1.0,1.0,0.0,0.0
34,170,6.209275469918325,7.087245144990417,1.0,0.0,0.0,0.0,0.0,0.0
35,170,10.385792728476098,5.843973656357544,0.0,1.0,0.0,0.0,0.0,0.0
36,170,11.678355143725716,6.298236074992532,0.0,1.0,1.0,1.0,1.0,0.0
37,170,12.0,11.25351910004106,1.0,1.0,0.0,1.0,0.0,1.0
38,170,4.6895664458595725,1.246298821477272,0.0,1.0,0.0,0.0,0.0,0.0
39,170,12.0,5.538430892140574,0.0,0.0,1.0,0.0,1.0,0.0
0,175,4.666590265054195,0.005879910903021,0.0,1.0,0.0,1.0,0.0,0.0
1,175,12.0,9.430685424570228,1.0,1.0,1.0,0.0,0.0,0.0
2,175,0.0,1.928159937375584,0.0,0.0,1.0,1.0,0.0,0.0
3,175,2.250387153977732,1.155677766133138,1.0,0.0,1.0,1.0,1.0,0.0
4,175,2.152847617686217,2.140875636799492,1.0,1.0,1.0,0.0,1.0,0.0
5,175,8.013920309705956,6.312874855337001,1.0,1.0,0.0,1.0,0.0,1.0
6,175,5.432843276452025,2.771024414116749,0.0,1.0,0.0,0.0,0.0,0.0
7,175,3.026208926853097,9.262397629020231,1.0,1.0,0.0,0.0,1.0,0.0
8,175,0.326595991180155,11.967916062769484,0.0,0.0,0.0,1.0,1.0,0.0
9,175,7.38722658231058,0.0,0.0,0.0,1.0,0.0,0.0,0.0
10,175,8.171524118638548,4.262556911794767,0.0,1.0,1.0,1.0,1.0,0.0
11,175,4.382470186246196,7.6633827242013535,0.0,0.0,0.0,0.0,0.0,0.0
12,175,11.215219355422326,0.0,1.0,0.0,0.0,0.0,1.0,0.0
13,175,8.889635258723882,8.964802232551802,0.0,0.0,0.0,1.0,0.0,0.0
14,175,7.984181650152946,1.3881353089175243,1.0,0.0,1.0,1.0,1.0,0.0
15,175,10.800088754605664,2.8437562878194425,0.0,0.0,0.0,1.0,1.0,0.0
16,175,7.88225959539621,6.1543964969677285,0.0,0.0,0.0,0.0,1.0,0.0
17,175,10.39508032245038,5.937192878904007,0.0,1.0,0.0,0.0,0.0,0.0
18,175,9.014705709427275,6.12576154860102,1.0,1.0,0.0,0.0,0.0,0.0
19,175,10.467617034115658,1.7992635331931766,1.0,1.0,1.0,0.0,0.0,0.0
20,175,5.337378369362787,2.945261675446152,1.0,0.0,0.0,0.0,0.0,1.0
21,175,7.412667246444614,0.0,1.0,0.0,1.0,1.0,0.0,0.0
22,175,0.0,0.3189365807218551,0.0,0.0,0.0,0.0,0.0,1.0
23,175,7.715914011811849,8.590190920346311,1.0,0.0,1.0,0.0,0.0,1.0
24,175,6.003950562010347,7.008709095032499,0.0,1.0,0.0,1.0,1.0,0.0
25,175,0.0,3.9684228012835407,0.0,1.0,1.0,0.0,0.0,0.0
26,175,9.541633501980314,7.795970893740665,0.0,0.0,0.0,1.0,1.0,1.0
27,175,0.0,3.3194080655232088,0.0,0.0,1.0,1.0,0.0,0.0
28,175,1.3649037842093297,0.0,0.0,0.0,0.0,0.0,0.0,1.0
29,175,6.184713410158442,11.54007508091983,1.0,0.0,1.0,1.0,1.0,1.0
30,175,5.471782933779204,9.900027316200475,0.0,0.0,0.0,0.0,1.0,1.0
31,175,10.846238517257513,11.678242906451024,1.0,0.0,0.0,0.0,1.0,0.0
32,175,3.801018314687891,6.323455284280543,1.0,0.0,1.0,1.0,0.0,0.0
33,175,11.355652189635276,6.482131145874138,0.0,0.0,1.0,1.0,0.0,0.0
34,175,6.068190032735112,6.964184725550654,1.0,0.0,0.0,0.0,0.0,0.0
35,175,10.481243255097844,5.878864174265604,0.0,1.0,0.0,0.0,0.0,0.0
36,175,11.658973193582504,6.195097406194961,0.0,1.0,1.0,1.0,1.0,0.0
37,175,12.0,11.26028490870528,1.0,1.0,0.0,1.0,0.0,1.0
38,175,4.707988664498784,1.2461535723411965,0.0,1.0,0.0,0.0,0.0,0.0
39,175,12.0,5.473784640002246,0.0,0.0,1.0,0.0,1.0,0.0
0,180,4.660111097036674,0.0,0.0,1.0,0.0,1.0,0.0,0.0
1,180,12.0,9.44837890380557,1.0,1.0,1.0,0.0,0.0,0.0
2,180,0.0,1.823727783624646,0.0,0.0,1.0,1.0,0.0,0.0
3,180,2.308734800065887,0.962014439904976,1.0,0.0,1.0,1.0,1.0,0.0
4,180,2.062485912770524,2.1988307790973294,1.0,1.0,1.0,0.0,1.0,0.0
5,180,8.214697647241435,6.229191307581129,1.0,1.0,0.0,1.0,0.0,1.0
6,180,5.349539194285418,2.779955990264516,0.0,1.0,0.0,0.0,0.0,0.0
7,180,3.027588393338972,9.26386612536392,1.0,1.0,0.0,0.0,1.0,0.0
8,180,0.2588950438040872,12.0,0.0,0.0,0.0,1.0,1.0,0.0
9,180,7.380276854923522,0.0,0.0,0.0,1.0,0.0,0.0,0.0
10,180,8.053808694936302,4.2931232794547896,0.0,1.0,1.0,1.0,1.0,0.0
11,180,4.429407524154666,7.806799216483441,0.0,0.0,0.0,0.0,0.0,0.0
12,180,11.209206792538687,0.0,1.0,0.0,0.0,0.0,1.0,0.0
13,180,8.999718521539483,8.971751483123342,0.0,0.0,0.0,1.0,0.0,0.0
14,180,7.927220462738511,1.4605258999850246,1.0,0.0,1.0,1.0,1.0,0.0
15,180,10.81000379528122,2.8728708892259056,0.0,0.0,0.0,1.0,1.0,0.0
16,180,7.873958371728869,6.1374884744229234,0.0,0.0,0.0,0.0,1.0,0.0
17,180,10.46615552409886,5.913567846121854,0.0,1.0,0.0,0.0,0.0,0.0
18,180,9.046656275596067,6.079684916535226,1.0,1.0,0.0,0.0,0.0,0.0
19,180,10.494082534542184,1.848648602235923,1.0,1.0,1.0,0.0,0.0,0.0
20,180,5.37276593036173,2.942183854249152,1.0,0.0,0.0,0.0,0.0,1.0
21,180,7.392408792422318,0.0,1.0,0.0,1.0,1.0,0.0,0.0
22,180,0.0,0.3824181783181201,0.0,0.0,0.0,0.0,0.0,1.0
23,180,7.735997201156125,8.596226099465289,1.0,0.0,1.0,0.0,0.0,1.0
24,180,6.137281120991717,6.931423812561907,0.0,1.0,0.0,1.0,1.0,0.0
25,180,0.0028528819679583,3.966230097799161,0.0,1.0,1.0,0.0,0.0,0.0
26,180,9.419303341311943,7.833219180509351,0.0,0.0,0.0,1.0,1.0,1.0
27,180,0.0,3.374207289776708,0.0,0.0,1.0,1.0,0.0,0.0
28,180,1.4541903334820132,0.0,0.0,0.0,0.0,0.0,0.0,1.0
29,180,6.198441434327735,11.5097996056983,1.0,0.0,1.0,1.0,1.0,1.0
30,180,5.374725267376617,9.89292352115694,0.0,0.0,0.0,0.0,1.0,1.0
31,180,10.717208607491504,11.72686195523989,1.0,0.0,0.0,0.0,1.0,0.0
32,180,3.797389276371385,6.320764543538072,1.0,0.0,1.0,1.0,0.0,0.0
33,180,11.313172028739029,6.410468657111305,0.0,0.0,1.0,1.0,0.0,0.0
34,180,5.932285092044258,6.850996833714729,1.0,0.0,0.0,0.0,0.0,0.0
35,180,10.570710244757723,5.907645239646478,0.0,1.0,0.0,0.0,0.0,0.0
36,180,11.637528719696494,6.087028954650884,0.0,1.0,1.0,1.0,1.0,0.0
37,180,12.0,11.26577214369258,1.0,1.0,0.0,1.0,0.0,1.0
38,180,4.755997544634211,1.2444412634309432,0.0,1.0,0.0,0.0,0.0,0.0
39,180,12.0,5.403133085418822,0.0,0.0,1.0,0.0,1.0,0.0
0,185,4.654000953543016,0.0,0.0,1.0,0.0,1.0,0.0,0.0
1,185,12.0,9.45204426917316,1.0,1.0,1.0,0.0,0.0,0.0
2,185,0.0,1.7551563450589782,0.0,0.0,1.0,1.0,0.0,0.0
3,185,2.3718676868149675,0.7558190562865585,1.0,0.0,1.0,1.0,1.0,0.0
4,185,1.9847112692209643,2.249472786298885,1.0,1.0,1.0,0.0,1.0,0.0
5,185,8.421448585833984,6.139940877774624,1.0,1.0,0.0,1.0,0.0,1.0
6,185,5.2833168599718014,2.788056196307793,0.0,1.0,0.0,0.0,0.0,0.0
7,185,3.0142423932821125,9.249785956061316,1.0,1.0,0.0,0.0,1.0,0.0
8,185,0.1881167873492114,12.0,0.0,0.0,0.0,1.0,1.0,0.0
9,185,7.369511727772142,0.0,0.0,0.0,1.0,0.0,0.0,0.0
10,185,7.926169928996059,4.3274968443084925,0.0,1.0,1.0,1.0,1.0,0.0
11,185,4.486278105421629,7.962210667127503,0.0,0.0,0.0,0.0,0.0,0.0
12,185,11.20258672074471,0.0,1.0,0.0,0.0,0.0,1.0,0.0
13,185,9.110185995992156,8.979361208749726,0.0,0.0,0.0,1.0,0.0,0.0
14,185,7.869623744656348,1.5337997629561286,1.0,0.0,1.0,1.0,1.0,0.0
15,185,10.82347818576841,2.908879276986593,0.0,0.0,0.0,1.0,1.0,0.0
16,185,7.854525522386944,6.095646631451397,0.0,0.0,0.0,0.0,1.0,0.0
17,185,10.558417784651104,5.882002761142981,0.0,1.0,0.0,0.0,0.0,0.0
18,185,9.0795621684163,6.032572431247437,1.0,1.0,0.0,0.0,0.0,0.0
19,185,10.517423380326296,1.8911862102067716,1.0,1.0,1.0,0.0,0.0,0.0
20,185,5.415841852067532,2.9379218997130434,1.0,0.0,0.0,0.0,0.0,1.0
21,185,7.366432509869258,0.0,1.0,0.0,1.0,1.0,0.0,0.0
22,185,0.0,0.4438738827080726,0.0,0.0,0.0,0.0,0.0,1.0
23,185,7.778555841587822,8.609430946053573,1.0,0.0,1.0,0.0,0.0,1.0
24,185,6.258865298175929,6.862690429298787,0.0,1.0,0.0,1.0,1.0,0.0
25,185,0.0116819768155968,3.9595999336968433,0.0,1.0,1.0,0.0,0.0,0.0
26,185,9.31116730552544,7.862488257275938,0.0,0.0,0.0,1.0,1.0,1.0
27,185,0.0,3.431902953975847,0.0,0.0,1.0,1.0,0.0,0.0
28,185,1.5425817791835588,0.0,0.0,0.0,0.0,0.0,0.0,1.0
29,185,6.199402724511895,11.507488344536716,1.0,0.0,1.0,1.0,1.0,1.0
30,185,5.262723975990927,9.885905048755532,0.0,0.0,0.0,0.0,1.0,1.0
31,185,10.607570384738192,11.766850066329392,1.0,0.0,0.0,0.0,1.0,0.0
32,185,3.7927261837222734,6.3173907657857145,1.0,0.0,1.0,1.0,0.0,0.0
33,185,11.270647636976722,6.341173497137973,0.0,0.0,1.0,1.0,0.0,0.0
34,185,5.79095860884399,6.733507663064519,1.0,0.0,0.0,0.0,0.0,0.0
35,185,10.652937609884471,5.935366915391353,0.0,1.0,0.0,0.0,0.0,0.0
36,185,11.61991944175836,5.993707314147365,0.0,1.0,1.0,1.0,1.0,0.0
37,185,12.0,11.27319381689906,1.0,1.0,0.0,1.0,0.0,1.0
38,185,4.814064593549204,1.2410067281041268,0.0,1.0,0.0,0.0,0.0,0.0
39,185,12.0,5.340093332554191,0.0,0.0,1.0,0.0,1.0,0.0
0,190,4.64553258847449,0.0,0.0,1.0,0.0,1.0,0.0,0.0
1,190,11.993567446901702,9.44250958445003,1.0,1.0,1.0,0.0,0.0,0.0
2,190,0.0,1.6789896413480931,0.0,0.0,1.0,1.0,0.0,0.0
3,190,2.4328825525369857,0.5493010066135143,1.0,0.0,1.0,1.0,1.0,0.0
4,190,1.9263816975232464,2.2878827264296726,1.0,1.0,1.0,0.0,1.0,0.0
5,190,8.638740218153252,6.044584405730067,1.0,1.0,0.0,1.0,0.0,1.0
6,190,5.201849622193199,2.798825207419476,0.0,1.0,0.0,0.0,0.0,0.0
7,190,2.9986921002997065,9.233332395918032,1.0,1.0,0.0,0.0,1.0,0.0
8,190,0.1307823442156711,12.0,0.0,0.0,0.0,1.0,1.0,0.0
9,190,7.358354927279718,0.0,0.0,0.0,1.0,0.0,0.0,0.0
10,190,7.791265864071868,4.365045794946549,0.0,1.0,1.0,1.0,1.0,0.0
11,190,4.542608362053564,8.124029303858917,0.0,0.0,0.0,0.0,0.0,0.0
12,190,11.19453606398872,0.0,1.0,0.0,0.0,0.0,1.0,0.0
13,190,9.22797827995745,8.98727799423635,0.0,0.0,0.0,1.0,0.0,0.0
14,190,7.8078150611778865,1.6109178499116634,1.0,0.0,1.0,1.0,1.0,0.0
15,190,10.831717187314052,2.930514478861613,0.0,0.0,0.0,1.0,1.0,0.0
16,190,7.8358538449884545,6.054690548284169,0.0,0.0,0.0,0.0,1.0,0.0
17,190,10.632995977333415,5.855096844075444,0.0,1.0,0.0,0.0,0.0,0.0
18,190,9.099518680097509,6.003562180836297,1.0,1.0,0.0,0.0,0.0,0.0
19,190,10.553551489588502,1.951791766466365,1.0,1.0,1.0,0.0,0.0,0.0
20,190,5.460232488618237,2.933029582095424,1.0,0.0,0.0,0.0,0.0,1.0
21,190,7.335569622658636,0.0,1.0,0.0,1.0,1.0,0.0,0.0
22,190,0.0,0.5107822193195184,0.0,0.0,0.0,0.0,0.0,1.0
23,190,7.814450743761345,8.620027366811597,1.0,0.0,1.0,0.0,0.0,1.0
24,190,6.368625739886952,6.800723474531902,0.0,1.0,0.0,1.0,1.0,0.0
25,190,0.0305834820646033,3.9456241831044,0.0,1.0,1.0,0.0,0.0,0.0
26,190,9.20217584603248,7.890301734428909,0.0,0.0,0.0,1.0,1.0,1.0
27,190,0.0,3.4573817980206725,0.0,0.0,1.0,1.0,0.0,0.0
28,190,1.6410881380128162,0.0,0.0,0.0,0.0,0.0,0.0,1.0
29,190,6.19836964252799,11.509872299545703,1.0,0.0,1.0,1.0,1.0,1.0
30,190,5.1620572375359135,9.877969430235508,0.0,0.0,0.0,0.0,1.0,1.0
31,190,10.48229098434405,11.810700508480725,1.0,0.0,0.0,0.0,1.0,0.0
32,190,3.795620856157144,6.31931047580511,1.0,0.0,1.0,1.0,0.0,0.0
33,190,11.224333080839523,6.267739384804699,0.0,0.0,1.0,1.0,0.0,0.0
34,190,5.654412385197766,6.618964755128152,1.0,0.0,0.0,0.0,0.0,0.0
35,190,10.738532466559317,5.964754952012664,0.0,1.0,0.0,0.0,0.0,0.0
36,190,11.604227389891536,5.916511460866387,0.0,1.0,1.0,1.0,1.0,0.0
37,190,12.0,11.277774907640758,1.0,1.0,0.0,1.0,0.0,1.0
38,190,4.876066386324268,1.237426166622364,0.0,1.0,0.0,0.0,0.0,0.0
39,190,12.0,5.283942187358545,0.0,0.0,1.0,0.0,1.0,0.0
0,195,4.650539637479405,0.004436994860963,0.0,1.0,0.0,1.0,0.0,0.0
1,195,11.994934436364106,9.444566765780351,1.0,1.0,1.0,0.0,0.0,0.0
2,195,0.0,1.5954656994112426,0.0,0.0,1.0,1.0,0.0,0.0
3,195,2.4922480293264444,0.3372897714954994,1.0,0.0,1.0,1.0,1.0,0.0
4,195,1.8620681417526248,2.3281996363138084,1.0,1.0,1.0,0.0,1.0,0.0
5,195,8.856532160283924,5.9470263669359085,1.0,1.0,0.0,1.0,0.0,1.0
6,195,5.131193427989352,2.8073305413591965,0.0,1.0,0.0,0.0,0.0,0.0
7,195,2.9843457939649234,9.218882972898868,1.0,1.0,0.0,0.0,1.0,0.0
8,195,0.0767176948285907,12.0,0.0,0.0,0.0,1.0,1.0,0.0
9,195,7.35551680706968,0.0,0.0,0.0,1.0,0.0,0.0,0.0
10,195,7.672277470406447,4.400911532321576,0.0,1.0,1.0,1.0,1.0,0.0
11,195,4.607234235492958,8.296079851465985,0.0,0.0,0.0,0.0,0.0,0.0
12,195,11.187416446934742,0.0,1.0,0.0,0.0,0.0,1.0,0.0
13,195,9.3388934327214,8.99368729517517,0.0,0.0,0.0,1.0,0.0,0.0
14,195,7.747452253109388,1.6843392548107563,1.0,0.0,1.0,1.0,1.0,0.0
15,195,10.835218976060146,2.940002842288576,0.0,0.0,0.0,1.0,1.0,0.0
16,195,7.828027386355455,6.037971601959828,0.0,0.0,0.0,0.0,1.0,0.0
17,195,10.72509078454502,5.822783068631175,0.0,1.0,0.0,0.0,0.0,0.0
18,195,9.120590820834806,5.970512279598751,1.0,1.0,0.0,0.0,0.0,0.0
19,195,10.581634891490536,2.0030147486132424,1.0,1.0,1.0,0.0,0.0,0.0
20,195,5.509857184842465,2.925593809670216,1.0,0.0,0.0,0.0,0.0,1.0
21,195,7.306394744333136,0.0,1.0,0.0,1.0,1.0,0.0,0.0
22,195,0.0,0.5622095157222579,0.0,0.0,0.0,0.0,0.0,1.0
23,195,7.850167419023806,8.630808944199577,1.0,0.0,1.0,0.0,0.0,1.0
24,195,6.46532549961138,6.747511110096902,0.0,1.0,0.0,1.0,1.0,0.0
25,195,0.053687596972282,3.9298635740215833,0.0,1.0,1.0,0.0,0.0,0.0
26,195,9.116545672473691,7.911417686505246,0.0,0.0,0.0,1.0,1.0,1.0
27,195,0.0,3.478353104476943,0.0,0.0,1.0,1.0,0.0,0.0
28,195,1.744893397012987,0.0,0.0,0.0,0.0,0.0,0.0,1.0
29,195,6.203156464889155,11.49971517864184,1.0,0.0,1.0,1.0,1.0,1.0
30,195,5.0720352211416655,9.872783018332123,0.0,0.0,0.0,0.0,1.0,1.0
31,195,10.359563501340135,11.853835708182908,1.0,0.0,0.0,0.0,1.0,0.0
32,195,3.803551176479226,6.324651028009702,1.0,0.0,1.0,1.0,0.0,0.0
33,195,11.181308438910508,6.194785198423265,0.0,0.0,1.0,1.0,0.0,0.0
34,195,5.519529564590525,6.507575184860744,1.0,0.0,0.0,0.0,0.0,0.0
35,195,10.823477888178616,5.994375547906186,0.0,1.0,0.0,0.0,0.0,0.0
36,195,11.584992196823231,5.816179999975958,0.0,1.0,1.0,1.0,1.0,0.0
37,195,12.0,11.28408915916226,1.0,1.0,0.0,1.0,0.0,1.0
38,195,4.873913056320515,1.161703986930574,0.0,1.0,0.0,0.0,0.0,0.0
39,195,12.0,5.240588133017889,0.0,0.0,1.0,0.0,1.0,0.0
0,200,4.654418944991734,0.007808492390513,0.0,1.0,0.0,1.0,0.0,0.0
1,200,11.99319805572303,9.441732062333788,1.0,1.0,1.0,0.0,0.0,0.0
2,200,0.0,1.5177368693077091,0.0,0.0,1.0,1.0,0.0,0.0
3,200,2.553658437932648,0.1197607191229255,1.0,0.0,1.0,1.0,1.0,0.0
4,200,1.7906039722815523,2.373829172675407,1.0,1.0,1.0,0.0,1.0,0.0
5,200,9.095355613433972,5.836442578673043,1.0,1.0,0.0,1.0,0.0,1.0
6,200,5.066844521415283,2.8156992461709214,0.0,1.0,0.0,0.0,0.0,0.0
7,200,2.974780415868027,9.209256233989253,1.0,1.0,0.0,0.0,1.0,0.0
8,200,0.0145408808361005,12.0,0.0,0.0,0.0,1.0,1.0,0.0
9,200,7.34858382280543,0.0,0.0,0.0,1.0,0.0,0.0,0.0
10,200,7.56339381834806,4.434206996071247,0.0,1.0,1.0,1.0,1.0,0.0
11,200,4.664004079478894,8.448869961104835,0.0,0.0,0.0,0.0,0.0,0.0
12,200,11.182346808108091,0.0,1.0,0.0,0.0,0.0,1.0,0.0
13,200,9.47182649790144,9.00449090761803,0.0,0.0,0.0,1.0,0.0,0.0
14,200,7.696080575409365,1.7503838444387905,1.0,0.0,1.0,1.0,1.0,0.0
15,200,10.849437827485923,2.9813534222708267,0.0,0.0,0.0,1.0,1.0,0.0
16,200,7.817654614097008,6.015100454310699,0.0,0.0,0.0,0.0,1.0,0.0
17,200,10.82239950046884,5.786415911829326,0.0,1.0,0.0,0.0,0.0,0.0
18,200,9.15595871715822,5.914284161280459,1.0,1.0,0.0,0.0,0.0,0.0
19,200,10.602971850093123,2.0441172876544598,1.0,1.0,1.0,0.0,0.0,0.0
20,200,5.544809715878308,2.920773942198701,1.0,0.0,0.0,0.0,0.0,1.0
21,200,7.282491556095239,0.0,1.0,0.0,1.0,1.0,0.0,0.0
22,200,0.0,0.6071857233995421,0.0,0.0,0.0,0.0,0.0,1.0
23,200,7.892764162748073,8.643964376565526,1.0,0.0,1.0,0.0,0.0,1.0
24,200,6.547517874619671,6.699849200928426,0.0,1.0,0.0,1.0,1.0,0.0
25,200,0.0703196126960133,3.918432077085247,0.0,1.0,1.0,0.0,0.0,0.0
26,200,9.022177244939122,7.934854704713208,0.0,0.0,0.0,1.0,1.0,1.0
27,200,0.0,3.484616611865872,0.0,0.0,1.0,1.0,0.0,0.0
28,200,1.8510035868327503,0.0,0.0,0.0,0.0,0.0,0.0,1.0
29,200,6.213522965717029,11.477318997063591,1.0,0.0,1.0,1.0,1.0,1.0
30,200,5.000928698901074,9.869380491388007,0.0,0.0,0.0,0.0,1.0,1.0
31,200,10.250840996875784,11.889373582141772,1.0,0.0,0.0,0.0,1.0,0.0
32,200,3.8213184133472553,6.336503710938629,1.0,0.0,1.0,1.0,0.0,0.0
33,200,11.137011248793828,6.120104767272304,0.0,0.0,1.0,1.0,0.0,0.0
34,200,5.388621074968672,6.391764830757679,1.0,0.0,0.0,0.0,0.0,0.0
35,200,10.925623218513962,6.031394827229406,0.0,1.0,0.0,0.0,0.0,0.0
36,200,11.564339375781197,5.7157924128169535,0.0,1.0,1.0,1.0,1.0,0.0
37,200,12.0,11.290198133275045,1.0,1.0,0.0,1.0,0.0,1.0
38,200,4.955739996012248,1.1588184847127785,0.0,1.0,0.0,0.0,0.0,0.0
39,200,12.0,5.193965118258369,0.0,0.0,1.0,0.0,1.0,0.0
0,205,4.656325065816962,0.0094411231125943,0.0,1.0,0.0,1.0,0.0,0.0
1,205,11.974991083035096,9.413151510521908,1.0,1.0,1.0,0.0,0.0,0.0
2,205,0.0,1.4391675647134328,0.0,0.0,1.0,1.0,0.0,0.0
3,205,2.631909353995827,0.0,1.0,0.0,1.0,1.0,1.0,0.0
4,205,1.7506110710700111,2.399468655634828,1.0,1.0,1.0,0.0,1.0,0.0
5,205,9.350376874874843,5.71878253372027,1.0,1.0,0.0,1.0,0.0,1.0
6,205,4.996444857593107,2.824250242769045,0.0,1.0,0.0,0.0,0.0,0.0
7,205,2.9682411584495862,9.202619184435536,1.0,1.0,0.0,0.0,1.0,0.0
8,205,0.0,12.0,0.0,0.0,0.0,1.0,1.0,0.0
9,205,7.346588466477923,0.0,0.0,0.0,1.0,0.0,0.0,0.0
10,205,7.44224341707033,4.47295327275252,0.0,1.0,1.0,1.0,1.0,0.0
11,205,4.716928631092204,8.588995681983876,0.0,0.0,0.0,0.0,0.0,0.0
12,205,11.177667279012208,0.0,1.0,0.0,0.0,0.0,1.0,0.0
13,205,9.581699445564963,9.012464962751638,0.0,0.0,0.0,1.0,0.0,0.0
14,205,7.645790923291073,1.814258372906916,1.0,0.0,1.0,1.0,1.0,0.0
15,205,10.86379257370512,3.0244761799187123,0.0,0.0,0.0,1.0,1.0,0.0
16,205,7.808311547772622,5.995232835524915,0.0,0.0,0.0,0.0,1.0,0.0
17,205,10.938136359226132,5.746376484995875,0.0,1.0,0.0,0.0,0.0,0.0
18,205,9.187951327967737,5.860770563405658,1.0,1.0,0.0,0.0,0.0,0.0
19,205,10.6169659168075,2.0702873547870206,1.0,1.0,1.0,0.0,0.0,0.0
20,205,5.554506691072001,2.919383114379649,1.0,0.0,0.0,0.0,0.0,1.0
21,205,7.258040387754263,0.0,1.0,0.0,1.0,1.0,0.0,0.0
22,205,0.0,0.6683180662092573,0.0,0.0,0.0,0.0,0.0,1.0
23,205,7.923623347439513,8.654034475808476,1.0,0.0,1.0,0.0,0.0,1.0
24,205,6.63980094100866,6.645204601365636,0.0,1.0,0.0,1.0,1.0,0.0
25,205,0.0966415091737029,3.900358457163765,0.0,1.0,1.0,0.0,0.0,0.0
26,205,8.924574501817732,7.958323696568297,0.0,0.0,0.0,1.0,1.0,1.0
27,205,0.0018464695867465,3.4689435797021053,0.0,0.0,1.0,1.0,0.0,0.0
28,205,1.9551341025656697,0.0,0.0,0.0,0.0,0.0,0.0,1.0
29,205,6.216028996884428,11.47208493921644,1.0,0.0,1.0,1.0,1.0,1.0
30,205,4.9074105669217225,9.865665049838642,0.0,0.0,0.0,0.0,1.0,1.0
31,205,10.13845328894328,11.92381746262052,1.0,0.0,0.0,0.0,1.0,0.0
32,205,3.84078774036927,6.349119791937491,1.0,0.0,1.0,1.0,0.0,0.0
33,205,11.092762492495073,6.04741928764807,0.0,0.0,1.0,1.0,0.0,0.0
34,205,5.2379161617813965,6.256465089560889,1.0,0.0,0.0,0.0,0.0,0.0
35,205,11.021214377849333,6.068572185934311,0.0,1.0,0.0,0.0,0.0,0.0
36,205,11.68027345199271,5.687728105151508,0.0,1.0,1.0,1.0,1.0,0.0
37,205,12.0,11.299436272784346,1.0,1.0,0.0,1.0,0.0,1.0
38,205,5.030628221501566,1.1567253913536106,0.0,1.0,0.0,0.0,0.0,0.0
39,205,12.0,5.144619361578941,0.0,0.0,1.0,0.0,1.0,0.0
0,210,4.654778428878189,0.0080906295782686,0.0,1.0,0.0,1.0,0.0,0.0
1,210,11.96506591555149,9.397456159721848,1.0,1.0,1.0,0.0,0.0,0.0
2,210,0.0,1.3840639903066847,0.0,0.0,1.0,1.0,0.0,0.0
3,210,2.7060786368958247,0.0,1.0,0.0,1.0,1.0,1.0,0.0
4,210,1.6964053279027986,2.434541146218194,1.0,1.0,1.0,0.0,1.0,0.0
5,210,9.604518993785376,5.592378085172097,1.0,1.0,0.0,1.0,0.0,1.0
6,210,4.922883465289595,2.832908823160694,0.0,1.0,0.0,0.0,0.0,0.0
7,210,2.95729630509609,9.192199604699905,1.0,1.0,0.0,0.0,1.0,0.0
8,210,0.0,12.0,0.0,0.0,0.0,1.0,1.0,0.0
9,210,7.3441087165812124,0.0,0.0,0.0,1.0,0.0,0.0,0.0
10,210,7.318316095137328,4.512332690891984,0.0,1.0,1.0,1.0,1.0,0.0
11,210,4.77050906372567,8.740252995582395,0.0,0.0,0.0,0.0,0.0,0.0
12,210,11.17651750387809,0.0,1.0,0.0,0.0,0.0,1.0,0.0
13,210,9.688114603777784,9.020768046575231,0.0,0.0,0.0,1.0,0.0,0.0
14,210,7.59310018412473,1.883404419701474,1.0,0.0,1.0,1.0,1.0,0.0
15,210,10.87063340779802,3.04567386434209,0.0,0.0,0.0,1.0,1.0,0.0
16,210,7.801729159469771,5.980285316570701,0.0,0.0,0.0,0.0,1.0,0.0
17,210,11.054792837630254,5.710535352485115,0.0,1.0,0.0,0.0,0.0,0.0
18,210,9.22244798348836,5.802617016402048,1.0,1.0,0.0,0.0,0.0,0.0
19,210,10.616139830168237,2.06882584483869,1.0,1.0,1.0,0.0,0.0,0.0
20,210,5.541518520426457,2.9213522385055866,1.0,0.0,0.0,0.0,0.0,1.0
21,210,7.233798259281541,0.0,1.0,0.0,1.0,1.0,0.0,0.0
22,210,0.0,0.7360576188604558,0.0,0.0,0.0,0.0,0.0,1.0
23,210,7.957395233723182,8.665939506419729,1.0,0.0,1.0,0.0,0.0,1.0
24,210,6.744494803932471,6.584531168932389,0.0,1.0,0.0,1.0,1.0,0.0
25,210,0.1436808792668054,3.868199052409447,0.0,1.0,1.0,0.0,0.0,0.0
26,210,8.821934195674583,7.982260428051324,0.0,0.0,0.0,1.0,1.0,1.0
27,210,0.0030869969775529,3.4599304483401534,0.0,0.0,1.0,1.0,0.0,0.0
28,210,2.0356248375005506,0.0,0.0,0.0,0.0,0.0,0.0,1.0
29,210,6.215868916616656,11.472416124030609,1.0,0.0,1.0,1.0,1.0,1.0
30,210,4.813831090861643,9.85836014925514,0.0,0.0,0.0,0.0,1.0,1.0
31,210,10.009871864716429,11.966115426885498,1.0,0.0,0.0,0.0,1.0,0.0
32,210,3.846744476695638,6.352874904753175,1.0,0.0,1.0,1.0,0.0,0.0
33,210,11.04293198977694,5.963350172960912,0.0,0.0,1.0,1.0,0.0,0.0
34,210,5.098837967628362,6.133453250915031,1.0,0.0,0.0,0.0,0.0,0.0
35,210,11.123118778829545,6.108388167091289,0.0,1.0,0.0,0.0,0.0,0.0
36,210,11.805468592613432,5.654585570665249,0.0,1.0,1.0,1.0,1.0,0.0
37,210,12.0,11.308771091513536,1.0,1.0,0.0,1.0,0.0,1.0
38,210,5.093112721761407,1.1535378775564014,0.0,1.0,0.0,0.0,0.0,0.0
39,210,12.0,5.102501360973629,0.0,0.0,1.0,0.0,1.0,0.0
0,215,4.649186446546589,0.003046910355455,0.0,1.0,0.0,1.0,0.0,0.0
1,215,11.960793074680703,9.39025673719919,1.0,1.0,1.0,0.0,0.0,0.0
2,215,0.0,1.3344701278988258,0.0,0.0,1.0,1.0,0.0,0.0
3,215,2.785767569170722,0.0,1.0,0.0,1.0,1.0,1.0,0.0
4,215,1.6448938760020722,2.465909349135445,1.0,1.0,1.0,0.0,1.0,0.0
5,215,9.845307292714809,5.464744917697574,1.0,1.0,0.0,1.0,0.0,1.0
6,215,4.871861914399886,2.8400066712936667,0.0,1.0,0.0,0.0,0.0,0.0
7,215,2.9445782139545247,9.180043723875574,1.0,1.0,0.0,0.0,1.0,0.0
8,215,0.0,12.0,0.0,0.0,0.0,1.0,1.0,0.0
9,215,7.340998965596627,0.0,0.0,0.0,1.0,0.0,0.0,0.0
10,215,7.210696766254626,4.548801754383478,0.0,1.0,1.0,1.0,1.0,0.0
11,215,4.627347419416987,8.79110049022534,0.0,0.0,0.0,0.0,0.0,0.0
12,215,11.175549727024354,0.0,1.0,0.0,0.0,0.0,1.0,0.0
13,215,9.80475304794546,9.030528059559249,0.0,0.0,0.0,1.0,0.0,0.0
14,215,7.5395089743116515,1.9569440578971569,1.0,0.0,1.0,1.0,1.0,0.0
15,215,10.87710369507152,3.0667907408506125,0.0,0.0,0.0,1.0,1.0,0.0
16,215,7.78798075477162,5.946538202820096,0.0,0.0,0.0,0.0,1.0,0.0
17,215,11.171993576553442,5.672331227610249,0.0,1.0,0.0,0.0,0.0,0.0
18,215,9.26889879125641,5.724900393279915,1.0,1.0,0.0,0.0,0.0,0.0
19,215,10.6218749545539,2.0789416240055423,1.0,1.0,1.0,0.0,0.0,0.0
20,215,5.5145569995313215,2.924862419640382,1.0,0.0,0.0,0.0,0.0,1.0
21,215,7.209089973473293,0.0,1.0,0.0,1.0,1.0,0.0,0.0
22,215,0.0,0.8068024734038165,0.0,0.0,0.0,0.0,0.0,1.0
23,215,7.992920254114205,8.677828129795751,1.0,0.0,1.0,0.0,0.0,1.0
24,215,6.876505890970134,6.5081528914237445,0.0,1.0,0.0,1.0,1.0,0.0
25,215,0.2126039450126272,3.819143073911006,0.0,1.0,1.0,0.0,0.0,0.0
26,215,8.7158414542643,8.004259052383283,0.0,0.0,0.0,1.0,1.0,1.0
27,215,0.0032684710640306,3.4585842065855523,0.0,0.0,1.0,1.0,0.0,0.0
28,215,2.1237209749747383,0.0,0.0,0.0,0.0,0.0,0.0,1.0
29,215,6.214196986459843,11.475961605246646,1.0,0.0,1.0,1.0,1.0,1.0
30,215,4.727012844533122,9.852454992237416,0.0,0.0,0.0,0.0,1.0,1.0
31,215,9.881020931854264,12.0,1.0,0.0,0.0,0.0,1.0,0.0
32,215,3.8478715194647504,6.353590389919422,1.0,0.0,1.0,1.0,0.0,0.0
33,215,11.004211292890744,5.900329806653982,0.0,0.0,1.0,1.0,0.0,0.0
34,215,4.96432012440004,6.0139109737790415,1.0,0.0,0.0,0.0,0.0,0.0
35,215,11.238144734811607,6.15525062832014,0.0,1.0,0.0,0.0,0.0,0.0
36,215,11.911583206802128,5.6230909218763445,0.0,1.0,1.0,1.0,1.0,0.0
37,215,12.0,11.31998029253513,1.0,1.0,0.0,1.0,0.0,1.0
38,215,5.130566998793218,1.151319744617854,0.0,1.0,0.0,0.0,0.0,0.0
39,215,12.0,5.0678849762690135,0.0,0.0,1.0,0.0,1.0,0.0
0,220,4.627710775012393,0.0,0.0,1.0,0.0,1.0,0.0,0.0
1,220,11.950967697876749,9.37441273323239,1.0,1.0,1.0,0.0,0.0,0.0
2,220,0.0,1.2972536422643417,0.0,0.0,1.0,1.0,0.0,0.0
3,220,2.8536935211818184,0.0,1.0,0.0,1.0,1.0,1.0,0.0
4,220,1.6182356842089505,2.48285499371946,1.0,1.0,1.0,0.0,1.0,0.0
5,220,10.082689285631716,5.3373478923341775,1.0,1.0,0.0,1.0,0.0,1.0
6,220,4.821529083992626,2.8467813108044138,0.0,1.0,0.0,0.0,0.0,0.0
7,220,2.9361044642582947,9.171499548518248,1.0,1.0,0.0,0.0,1.0,0.0
8,220,0.0,12.0,0.0,0.0,0.0,1.0,1.0,0.0
9,220,7.336783095125867,0.0,0.0,0.0,1.0,0.0,0.0,0.0
10,220,7.102871381751956,4.583118371090133,0.0,1.0,1.0,1.0,1.0,0.0
11,220,4.486711451083359,8.836143231510196,0.0,0.0,0.0,0.0,0.0,0.0
12,220,11.17322550176842,0.0,1.0,0.0,0.0,0.0,1.0,0.0
13,220,9.903428740499848,9.041311030464428,0.0,0.0,0.0,1.0,0.0,0.0
14,220,7.483497657605101,2.0348286604283112,1.0,0.0,1.0,1.0,1.0,0.0
15,220,10.883083842529022,3.085008113779407,0.0,0.0,0.0,1.0,1.0,0.0
16,220,7.774395412097077,5.913092875836958,0.0,0.0,0.0,0.0,1.0,0.0
17,220,11.297623981211142,5.636809304163211,0.0,1.0,0.0,0.0,0.0,0.0
18,220,9.322260721692684,5.636913814142455,1.0,1.0,0.0,0.0,0.0,0.0
19,220,10.63010279780704,2.092873123063868,1.0,1.0,1.0,0.0,0.0,0.0
20,220,5.485617866100871,2.928912389919848,1.0,0.0,0.0,0.0,0.0,1.0
21,220,7.188217537280586,0.0,1.0,0.0,1.0,1.0,0.0,0.0
22,220,0.0,0.8842898043133455,0.0,0.0,0.0,0.0,0.0,1.0
23,220,8.018430650337292,8.685167799111278,1.0,0.0,1.0,0.0,0.0,1.0
24,220,6.995734405899765,6.439972542092818,0.0,1.0,0.0,1.0,1.0,0.0
25,220,0.2671511702356254,3.7793353190279126,0.0,1.0,1.0,0.0,0.0,0.0
26,220,8.595694936610506,8.027762177862927,0.0,0.0,0.0,1.0,1.0,1.0
27,220,0.0059940818391529,3.438503716111604,0.0,0.0,1.0,1.0,0.0,0.0
28,220,2.217080017790003,0.0,0.0,0.0,0.0,0.0,0.0,1.0
29,220,6.217964048228522,11.466921083302926,1.0,0.0,1.0,1.0,1.0,1.0
30,220,4.646558658813589,9.848319198858464,0.0,0.0,0.0,0.0,1.0,1.0
31,220,9.755650528741969,12.0,1.0,0.0,0.0,0.0,1.0,0.0
32,220,3.858324227193126,6.36056503283797,1.0,0.0,1.0,1.0,0.0,0.0
33,220,10.957952693471665,5.82767574644862,0.0,0.0,1.0,1.0,0.0,0.0
34,220,4.837628148628983,5.9007062910255135,1.0,0.0,0.0,0.0,0.0,0.0
35,220,11.367813824576013,6.21171274117117,0.0,1.0,0.0,0.0,0.0,0.0
36,220,12.0,5.594664833807417,0.0,1.0,1.0,1.0,1.0,0.0
37,220,12.0,11.330253717981147,1.0,1.0,0.0,1.0,0.0,1.0
38,220,5.155215152283378,1.1497144632003693,0.0,1.0,0.0,0.0,0.0,0.0
39,220,12.0,5.028819964380612,0.0,0.0,1.0,0.0,1.0,0.0
0,225,4.587590460429831,0.0,0.0,1.0,0.0,1.0,0.0,0.0
1,225,11.94935469725532,9.371598345553188,1.0,1.0,1.0,0.0,0.0,0.0
2,225,0.0,1.2693893131286969,0.0,0.0,1.0,1.0,0.0,0.0
3,225,2.9139731724963727,0.0,1.0,0.0,1.0,1.0,1.0,0.0
4,225,1.5898524791875357,2.502034527417289,1.0,1.0,1.0,0.0,1.0,0.0
5,225,10.326119344755204,5.211053105002476,1.0,1.0,0.0,1.0,0.0,1.0
6,225,4.760974192861658,2.8559913151729006,0.0,1.0,0.0,0.0,0.0,0.0
7,225,2.9367361663638687,9.172120516811075,1.0,1.0,0.0,0.0,1.0,0.0
8,225,0.0,12.0,0.0,0.0,0.0,1.0,1.0,0.0
9,225,7.332465274710053,0.0,0.0,0.0,1.0,0.0,0.0,0.0
10,225,7.010801718383144,4.612860573465707,0.0,1.0,1.0,1.0,1.0,0.0
11,225,4.332401561308258,8.889834660454024,0.0,0.0,0.0,0.0,0.0,0.0
12,225,11.172913243213186,0.0,1.0,0.0,0.0,0.0,1.0,0.0
13,225,10.005279347868738,9.04769978129968,0.0,0.0,0.0,1.0,0.0,0.0
14,225,7.419137557250468,2.123486158010867,1.0,0.0,1.0,1.0,1.0,0.0
15,225,10.89128000983873,3.1136931729784245,0.0,0.0,0.0,1.0,1.0,0.0
16,225,7.768351982842268,5.898684275960007,0.0,0.0,0.0,0.0,1.0,0.0
17,225,11.430584046505729,5.597693506484084,0.0,1.0,0.0,0.0,0.0,0.0
18,225,9.373538082794228,5.558745812491353,1.0,1.0,0.0,0.0,0.0,0.0
19,225,10.647865740827976,2.123563171294525,1.0,1.0,1.0,0.0,0.0,0.0
20,225,5.450972149687926,2.9336829943766367,1.0,0.0,0.0,0.0,0.0,1.0
21,225,7.171698922768675,0.0,1.0,0.0,1.0,1.0,0.0,0.0
22,225,0.0,0.9678210165867784,0.0,0.0,0.0,0.0,0.0,1.0
23,225,8.067151151665467,8.701210950683173,1.0,0.0,1.0,0.0,0.0,1.0
24,225,7.12075463174438,6.368645920223549,0.0,1.0,0.0,1.0,1.0,0.0
25,225,0.3222335281717201,3.739130095447092,0.0,1.0,1.0,0.0,0.0,0.0
26,225,8.57094302107655,7.9129009921929985,0.0,0.0,0.0,1.0,1.0,1.0
27,225,0.0082545759102704,3.421706537039018,0.0,0.0,1.0,1.0,0.0,0.0
28,225,2.3233101137589527,0.0,0.0,0.0,0.0,0.0,0.0,1.0
29,225,6.225303204487923,11.449739553508063,1.0,0.0,1.0,1.0,1.0,1.0
30,225,4.568348086617154,9.845407419131378,0.0,0.0,0.0,0.0,1.0,1.0
31,225,9.712266755020972,11.88056832680838,1.0,0.0,0.0,0.0,1.0,0.0
32,225,3.8911342690598736,6.382136822170442,1.0,0.0,1.0,1.0,0.0,0.0
33,225,10.904596171043712,5.737933382387521,0.0,0.0,1.0,1.0,0.0,0.0
34,225,4.69199975113827,5.765205281363554,1.0,0.0,0.0,0.0,0.0,0.0
35,225,11.503772370654746,6.272498053466983,0.0,1.0,0.0,0.0,0.0,0.0
36,225,12.0,5.568434855251145,0.0,1.0,1.0,1.0,1.0,0.0
37,225,12.0,11.34045815970388,1.0,1.0,0.0,1.0,0.0,1.0
38,225,5.177428548118232,1.1482285734114264,0.0,1.0,0.0,0.0,0.0,0.0
39,225,12.0,4.987966504525169,0.0,0.0,1.0,0.0,1.0,0.0
0,230,4.550954924704719,0.0,0.0,1.0,0.0,1.0,0.0,0.0
1,230,11.95373736883156,9.379479475586558,1.0,1.0,1.0,0.0,0.0,0.0
2,230,0.0,1.2315882972232135,0.0,0.0,1.0,1.0,0.0,0.0
3,230,2.9778637648974606,0.0,1.0,0.0,1.0,1.0,1.0,0.0
4,230,1.548799289942714,2.528396420950064,1.0,1.0,1.0,0.0,1.0,0.0
5,230,10.569573581392332,5.090850778125376,1.0,1.0,0.0,1.0,0.0,1.0
6,230,4.685551532598386,2.8703122500246456,0.0,1.0,0.0,0.0,0.0,0.0
7,230,2.9443396646473494,9.179566889943883,1.0,1.0,0.0,0.0,1.0,0.0
8,230,0.0,12.0,0.0,0.0,0.0,1.0,1.0,0.0
9,230,7.327995287322541,0.0,0.0,0.0,1.0,0.0,0.0,0.0
10,230,6.921051093326681,4.641909589775531,0.0,1.0,1.0,1.0,1.0,0.0
11,230,4.158993860833561,8.95109861588235,0.0,0.0,0.0,0.0,0.0,0.0
12,230,11.173904368506491,0.0092395650840789,1.0,0.0,0.0,0.0,1.0,0.0
13,230,10.108750191083706,9.053436912589188,0.0,0.0,0.0,1.0,0.0,0.0
14,230,7.36353144463718,2.2012911071870014,1.0,0.0,1.0,1.0,1.0,0.0
15,230,10.906135082726328,3.1672237131292262,0.0,0.0,0.0,1.0,1.0,0.0
16,230,7.769541548360372,5.901480932602961,0.0,0.0,0.0,0.0,1.0,0.0
17,230,11.5759219395058,5.556554745291352,0.0,1.0,0.0,0.0,0.0,0.0
18,230,9.422955068279425,5.482508896931166,1.0,1.0,0.0,0.0,0.0,0.0
19,230,10.682686268821028,2.1840251286056818,1.0,1.0,1.0,0.0,0.0,0.0
20,230,5.4159323644051725,2.938138635918599,1.0,0.0,0.0,0.0,0.0,1.0
21,230,7.150046281971625,0.0,1.0,0.0,1.0,1.0,0.0,0.0
22,230,0.0,1.0547468107587978,0.0,0.0,0.0,0.0,0.0,1.0
23,230,8.111207589924412,8.717034527486094,1.0,0.0,1.0,0.0,0.0,1.0
24,230,7.252510430399848,6.29738034068972,0.0,1.0,0.0,1.0,1.0,0.0
25,230,0.3948639222861093,3.6874451385560794,0.0,1.0,1.0,0.0,0.0,0.0
26,230,8.550513864353988,7.810866553269284,0.0,0.0,0.0,1.0,1.0,1.0
27,230,0.0106290289093978,3.399608305030206,0.0,0.0,1.0,1.0,0.0,0.0
28,230,2.4204802360570183,0.0,0.0,0.0,0.0,0.0,0.0,1.0
29,230,6.219345063964737,11.46405350723075,1.0,0.0,1.0,1.0,1.0,1.0
30,230,4.49764199839845,9.84427680671565,0.0,0.0,0.0,0.0,1.0,1.0
31,230,9.678074721008288,11.781562693171225,1.0,0.0,0.0,0.0,1.0,0.0
32,230,3.916479400398972,6.398210839880125,1.0,0.0,1.0,1.0,0.0,0.0
33,230,10.860291923160466,5.660347954090224,0.0,0.0,1.0,1.0,0.0,0.0
34,230,4.558542670485497,5.64876093299368,1.0,0.0,0.0,0.0,0.0,0.0
35,230,11.657048358769888,6.344456647864783,0.0,1.0,0.0,0.0,0.0,0.0
36,230,12.0,5.544729150400379,0.0,1.0,1.0,1.0,1.0,0.0
37,230,12.0,11.35083547213843,1.0,1.0,0.0,1.0,0.0,1.0
38,230,5.215113680164134,1.1456877675743646,0.0,1.0,0.0,0.0,0.0,0.0
39,230,12.0,4.939520811113399,0.0,0.0,1.0,0.0,1.0,0.0
0,235,4.493150524192177,0.0,0.0,1.0,0.0,1.0,0.0,0.0
1,235,11.95601253836014,9.383320931216184,1.0,1.0,1.0,0.0,0.0,0.0
2,235,0.0,1.1905928824859178,0.0,0.0,1.0,1.0,0.0,0.0
3,235,3.0385615052621837,0.0,1.0,0.0,1.0,1.0,1.0,0.0
4,235,1.5065701451662874,2.460936734896006,1.0,1.0,1.0,0.0,1.0,0.0
5,235,10.791543090835336,4.979523914296347,1.0,1.0,0.0,1.0,0.0,1.0
6,235,4.63045144107777,2.881371989190359,0.0,1.0,0.0,0.0,0.0,0.0
7,235,2.948274968969677,9.183515086214816,1.0,1.0,0.0,0.0,1.0,0.0
8,235,0.0,12.0,0.0,0.0,0.0,1.0,1.0,0.0
9,235,7.325919897928385,0.0,0.0,0.0,1.0,0.0,0.0,0.0
10,235,6.82128246733077,4.678235034853726,0.0,1.0,1.0,1.0,1.0,0.0
11,235,3.9562109026644463,9.025198215140062,0.0,0.0,0.0,0.0,0.0,0.0
12,235,11.174426037507043,0.0136671385402899,1.0,0.0,0.0,0.0,1.0,0.0
13,235,10.192947082351903,9.059357102036136,0.0,0.0,0.0,1.0,0.0,0.0
14,235,7.312985861956282,2.274853577146458,1.0,0.0,1.0,1.0,1.0,0.0
15,235,10.92518546368272,3.235495167578995,0.0,0.0,0.0,1.0,1.0,0.0
16,235,7.773388637637322,5.910155358262808,0.0,0.0,0.0,0.0,1.0,0.0
17,235,11.71058737134742,5.522848226885501,0.0,1.0,0.0,0.0,0.0,0.0
18,235,9.47496809752966,5.398969182663399,1.0,1.0,0.0,0.0,0.0,0.0
19,235,10.716233257663587,2.2459065195463404,1.0,1.0,1.0,0.0,0.0,0.0
20,235,5.39038795842848,2.941920233582964,1.0,0.0,0.0,0.0,0.0,1.0
21,235,7.130873722603186,0.0,1.0,0.0,1.0,1.0,0.0,0.0
22,235,0.0,1.13955016237681,0.0,0.0,0.0,0.0,0.0,1.0
23,235,8.15626331623742,8.732097483524704,1.0,0.0,1.0,0.0,0.0,1.0
24,235,7.382506495037149,6.226043898084763,0.0,1.0,0.0,1.0,1.0,0.0
25,235,0.4693586947250584,3.630611556461822,0.0,1.0,1.0,0.0,0.0,0.0
26,235,8.533926188641894,7.718063642232824,0.0,0.0,0.0,1.0,1.0,1.0
27,235,0.0142483337752403,3.362552683760419,0.0,0.0,1.0,1.0,0.0,0.0
28,235,2.515370271452822,0.0,0.0,0.0,0.0,0.0,0.0,1.0
29,235,6.205671170117572,11.494837283248604,1.0,0.0,1.0,1.0,1.0,1.0
30,235,4.417232009336252,9.84248241017747,0.0,0.0,0.0,0.0,1.0,1.0
31,235,9.643096792585848,11.681096407316645,1.0,0.0,0.0,0.0,1.0,0.0
32,235,3.94318978328932,6.414493609085853,1.0,0.0,1.0,1.0,0.0,0.0
33,235,10.810639702118465,5.568240667946332,0.0,0.0,1.0,1.0,0.0,0.0
34,235,4.433395320682322,5.545507830917424,1.0,0.0,0.0,0.0,0.0,0.0
35,235,11.811809994703564,6.418003550667705,0.0,1.0,0.0,0.0,0.0,0.0
36,235,12.0,5.522144781956733,0.0,1.0,1.0,1.0,1.0,0.0
37,235,12.0,11.360648307818536,1.0,1.0,0.0,1.0,0.0,1.0
38,235,5.243731096877715,1.1439675963830829,0.0,1.0,0.0,0.0,0.0,0.0
39,235,12.0,4.888043339181514,0.0,0.0,1.0,0.0,1.0,0.0
0,240,4.443462518755803,0.0,0.0,1.0,0.0,1.0,0.0,0.0
1,240,11.943546320402666,9.362248738336971,1.0,1.0,1.0,0.0,0.0,0.0
2,240,0.0,1.1599382061044077,0.0,0.0,1.0,1.0,0.0,0.0
3,240,3.102814177930721,0.0,1.0,0.0,1.0,1.0,1.0,0.0
4,240,1.477294557997331,2.411653233580149,1.0,1.0,1.0,0.0,1.0,0.0
5,240,11.010677641498289,4.87068987415379,1.0,1.0,0.0,1.0,0.0,1.0
6,240,4.565349955170432,2.8936897729783597,0.0,1.0,0.0,0.0,0.0,0.0
7,240,2.9521875998443994,9.187565981942557,1.0,1.0,0.0,0.0,1.0,0.0
8,240,0.0,12.0,0.0,0.0,0.0,1.0,1.0,0.0
9,240,7.323019323628463,0.0,0.0,0.0,1.0,0.0,0.0,0.0
10,240,6.723253406109014,4.711479721983185,0.0,1.0,1.0,1.0,1.0,0.0
11,240,3.777134550976077,9.086943076444406,0.0,0.0,0.0,0.0,0.0,0.0
12,240,11.176827902265524,0.0322732499404457,1.0,0.0,0.0,0.0,1.0,0.0
13,240,10.277378470356249,9.067640637025905,0.0,0.0,0.0,1.0,0.0,0.0
14,240,7.2582198033215555,2.357967872232708,1.0,0.0,1.0,1.0,1.0,0.0
15,240,10.94306208559346,3.3011157571014853,0.0,0.0,0.0,1.0,1.0,0.0
16,240,7.774762451096567,5.913192332050888,0.0,0.0,0.0,0.0,1.0,0.0
17,240,11.830261963447596,5.4945688663255625,0.0,1.0,0.0,0.0,0.0,0.0
18,240,9.529904045310404,5.3157795299531845,1.0,1.0,0.0,0.0,0.0,0.0
19,240,10.741232563437368,2.2919927243479283,1.0,1.0,1.0,0.0,0.0,0.0
20,240,5.387651726784384,2.942413631783346,1.0,0.0,0.0,0.0,0.0,1.0
21,240,7.111525900338279,0.0,1.0,0.0,1.0,1.0,0.0,0.0
22,240,0.0,1.2219187415296526,0.0,0.0,0.0,0.0,0.0,1.0
23,240,8.226624147823042,8.756238187643484,1.0,0.0,1.0,0.0,0.0,1.0
24,240,7.498168324137943,6.159122065538231,0.0,1.0,0.0,1.0,1.0,0.0
25,240,0.5476736493918901,3.571419402004321,0.0,1.0,1.0,0.0,0.0,0.0
26,240,8.516839253272437,7.62796456566291,0.0,0.0,0.0,1.0,1.0,1.0
27,240,0.0170452513142688,3.337486449876581,0.0,0.0,1.0,1.0,0.0,0.0
28,240,2.6196235172072453,0.0,0.0,0.0,0.0,0.0,0.0,1.0
29,240,6.191496377898803,11.527667625103216,1.0,0.0,1.0,1.0,1.0,1.0
30,240,4.330934490894284,9.841586240248391,0.0,0.0,0.0,0.0,1.0,1.0
31,240,9.608065424848805,11.578535333256166,1.0,0.0,0.0,0.0,1.0,0.0
32,240,3.9606244242575257,6.424315246752777,1.0,0.0,1.0,1.0,0.0,0.0
33,240,10.750920309762384,5.461067562257014,0.0,0.0,1.0,1.0,0.0,0.0
34,240,4.310464436519044,5.44653318479782,1.0,0.0,0.0,0.0,0.0,0.0
35,240,11.965946067739136,6.491067939261419,0.0,1.0,0.0,0.0,0.0,0.0
36,240,12.0,5.498679838064726,0.0,1.0,1.0,1.0,1.0,0.0
37,240,12.0,11.37191968876758,1.0,1.0,0.0,1.0,0.0,1.0
38,240,5.2553798160251946,1.1432928870734775,0.0,1.0,0.0,0.0,0.0,0.0
39,240,12.0,4.839364168814362,0.0,0.0,1.0,0.0,1.0,0.0
0,245,4.387527547521688,0.0,0.0,1.0,0.0,1.0,0.0,0.0
1,245,11.9298452883655,9.337467777580851,1.0,1.0,1.0,0.0,0.0,0.0
2,245,0.0,1.124582122139384,0.0,0.0,1.0,1.0,0.0,0.0
3,245,3.167523013107893,0.0,1.0,0.0,1.0,1.0,1.0,0.0
4,245,1.4453424597844688,2.355682449522789,1.0,1.0,1.0,0.0,1.0,0.0
5,245,11.218811329222046,4.7706268384839605,1.0,1.0,0.0,1.0,0.0,1.0
6,245,4.496227116114595,2.9085039930914127,0.0,1.0,0.0,0.0,0.0,0.0
7,245,2.95937664619945,9.195075678200215,1.0,1.0,0.0,0.0,1.0,0.0
8,245,0.0,12.0,0.0,0.0,0.0,1.0,1.0,0.0
9,245,7.318146393118647,0.0,0.0,0.0,1.0,0.0,0.0,0.0
10,245,6.627519077130444,4.74437097521016,0.0,1.0,1.0,1.0,1.0,0.0
11,245,3.5966103953874846,9.1456842694166,0.0,0.0,0.0,0.0,0.0,0.0
12,245,11.180186790738636,0.0635519877700758,1.0,0.0,0.0,0.0,1.0,0.0
13,245,10.373692900817952,9.077568868314035,0.0,0.0,0.0,1.0,0.0,0.0
14,245,7.211293269950202,2.42774806245717,1.0,0.0,1.0,1.0,1.0,0.0
15,245,10.96423968673393,3.3779108455988127,0.0,0.0,0.0,1.0,1.0,0.0
16,245,7.770757368676113,5.903379507079578,0.0,0.0,0.0,0.0,1.0,0.0
17,245,11.962249369960167,5.4651829489213055,0.0,1.0,0.0,0.0,0.0,0.0
18,245,9.583786270813915,5.234077220581603,1.0,1.0,0.0,0.0,0.0,0.0
19,245,10.769903079913483,2.347142764391924,1.0,1.0,1.0,0.0,0.0,0.0
20,245,5.367001415219872,2.946273687748049,1.0,0.0,0.0,0.0,0.0,1.0
21,245,7.095213502214178,0.0,1.0,0.0,1.0,1.0,0.0,0.0
22,245,0.0,1.2927707805029165,0.0,0.0,0.0,0.0,0.0,1.0
23,245,8.305956905935664,8.784183672038543,1.0,0.0,1.0,0.0,0.0,1.0
24,245,7.605949835202498,6.096452178261759,0.0,1.0,0.0,1.0,1.0,0.0
25,245,0.5959660524247921,3.5353780058482114,0.0,1.0,1.0,0.0,0.0,0.0
26,245,8.495903639174143,7.51696939309561,0.0,0.0,0.0,1.0,1.0,1.0
27,245,0.0196846033446783,3.3162754632156037,0.0,0.0,1.0,1.0,0.0,0.0
28,245,2.7120950077651944,0.0,0.0,0.0,0.0,0.0,0.0,1.0
29,245,6.179114915411145,11.556339011267676,1.0,0.0,1.0,1.0,1.0,1.0
30,245,4.246865139484425,9.838023051699818,0.0,0.0,0.0,0.0,1.0,1.0
31,245,9.57934886348991,11.49727996226038,1.0,0.0,0.0,0.0,1.0,0.0
32,245,3.982331506669935,6.436512455132016,1.0,0.0,1.0,1.0,0.0,0.0
33,245,10.68279133736366,5.336183699852174,0.0,0.0,1.0,1.0,0.0,0.0
34,245,4.187138858332979,5.344089621074917,1.0,0.0,0.0,0.0,0.0,0.0
35,245,12.0,6.572294254546718,0.0,1.0,0.0,0.0,0.0,0.0
36,245,12.0,5.471177645357531,0.0,1.0,1.0,1.0,1.0,0.0
37,245,12.0,11.3832306903031,1.0,1.0,0.0,1.0,0.0,1.0
38,245,5.262160040757638,1.1428577203602015,0.0,1.0,0.0,0.0,0.0,0.0
39,245,12.0,4.7997010973833465,0.0,0.0,1.0,0.0,1.0,0.0
0,250,4.336942374726167,0.0,0.0,1.0,0.0,1.0,0.0,0.0
1,250,11.91785001726473,9.31375693236772,1.0,1.0,1.0,0.0,0.0,0.0
2,250,0.0,1.078860485847322,0.0,0.0,1.0,1.0,0.0,0.0
3,250,3.2370619024019867,0.0,1.0,0.0,1.0,1.0,1.0,0.0
4,250,1.425523723899531,2.319347284511318,1.0,1.0,1.0,0.0,1.0,0.0
5,250,11.418986243939049,4.670229148219315,1.0,1.0,0.0,1.0,0.0,1.0
6,250,4.429754192214609,2.9196679613258314,0.0,1.0,0.0,0.0,0.0,0.0
7,250,2.9524917264260786,9.187929055607862,1.0,1.0,0.0,0.0,1.0,0.0
8,250,0.0,12.0,0.0,0.0,0.0,1.0,1.0,0.0
9,250,7.31367681463012,0.0,0.0,0.0,1.0,0.0,0.0,0.0
10,250,6.522270751444277,4.7796356044876,0.0,1.0,1.0,1.0,1.0,0.0
11,250,3.405036732072096,9.207732054579802,0.0,0.0,0.0,0.0,0.0,0.0
12,250,11.183617972389726,0.1126978112943385,1.0,0.0,0.0,0.0,1.0,0.0
13,250,10.465869953298789,9.089612753913308,0.0,0.0,0.0,1.0,0.0,0.0
14,250,7.155445904347496,2.509570353033868,1.0,0.0,1.0,1.0,1.0,0.0
15,250,10.984169033896046,3.4503063744377345,0.0,0.0,0.0,1.0,1.0,0.0
16,250,7.76033562933706,5.877445695275763,0.0,0.0,0.0,0.0,1.0,0.0
17,250,12.0,5.427169579572925,0.0,1.0,0.0,0.0,0.0,0.0
18,250,9.644060719182807,5.147494330469593,1.0,1.0,0.0,0.0,0.0,0.0
19,250,10.798798490667544,2.402111216445674,1.0,1.0,1.0,0.0,0.0,0.0
20,250,5.356778156642607,2.948543769815756,1.0,0.0,0.0,0.0,0.0,1.0
21,250,7.073641968482737,0.0,1.0,0.0,1.0,1.0,0.0,0.0
22,250,0.0,1.3584208806137883,0.0,0.0,0.0,0.0,0.0,1.0
23,250,8.39355462452403,8.817280644163485,1.0,0.0,1.0,0.0,0.0,1.0
24,250,7.715592364360116,6.032566671258099,0.0,1.0,0.0,1.0,1.0,0.0
25,250,0.6553568756520942,3.4901695030401303,0.0,1.0,1.0,0.0,0.0,0.0
26,250,8.476946253829965,7.416834733451945,0.0,0.0,0.0,1.0,1.0,1.0
27,250,0.0234146584907882,3.2856070231970675,0.0,0.0,1.0,1.0,0.0,0.0
28,250,2.7974460656602096,0.0,0.0,0.0,0.0,0.0,0.0,1.0
29,250,6.171113186085953,11.574876037066728,1.0,0.0,1.0,1.0,1.0,1.0
30,250,4.125311860032571,9.83518594354313,0.0,0.0,0.0,0.0,1.0,1.0
31,250,9.550894706387416,11.410407728560438,1.0,0.0,0.0,0.0,1.0,0.0
32,250,4.013166144755301,6.4538863414664,1.0,0.0,1.0,1.0,0.0,0.0
33,250,10.608104716079268,5.198587547641272,0.0,0.0,1.0,1.0,0.0,0.0
34,250,4.064305261427452,5.2366057979145015,1.0,0.0,0.0,0.0,0.0,0.0
35,250,12.0,6.660504724300427,0.0,1.0,0.0,0.0,0.0,0.0
36,250,12.0,5.435122725147268,0.0,1.0,1.0,1.0,1.0,0.0
37,250,12.0,11.390821906027094,1.0,1.0,0.0,1.0,0.0,1.0
38,250,5.269923240146426,1.1424139831402051,0.0,1.0,0.0,0.0,0.0,0.0
39,250,12.0,4.755837060911838,0.0,0.0,1.0,0.0,1.0,0.0
0,255,4.287608236018738,0.0,0.0,1.0,0.0,1.0,0.0,0.0
1,255,11.905058238433432,9.290028910145493,1.0,1.0,1.0,0.0,0.0,0.0
2,255,0.0,1.0348419128901822,0.0,0.0,1.0,1.0,0.0,0.0
3,255,3.314033956984025,0.0,1.0,0.0,1.0,1.0,1.0,0.0
4,255,1.4131251095172352,2.295178593834772,1.0,1.0,1.0,0.0,1.0,0.0
5,255,11.608006983706288,4.564693223948247,1.0,1.0,0.0,1.0,0.0,1.0
6,255,4.35583625449642,2.9343891250207275,0.0,1.0,0.0,0.0,0.0,0.0
7,255,2.9528490006619554,9.188297692429003,1.0,1.0,0.0,0.0,1.0,0.0
8,255,0.0,12.0,0.0,0.0,0.0,1.0,1.0,0.0
9,255,7.308787117764538,0.0,0.0,0.0,1.0,0.0,0.0,0.0
10,255,6.41640972268485,4.813946651246813,0.0,1.0,1.0,1.0,1.0,0.0
11,255,3.2078105381303503,9.277211615553684,0.0,0.0,0.0,0.0,0.0,0.0
12,255,11.18741995761324,0.159649411678462,1.0,0.0,0.0,0.0,1.0,0.0
13,255,10.540117828550098,9.097353299550512,0.0,0.0,0.0,1.0,0.0,0.0
14,255,7.109918109893815,2.574213605905089,1.0,0.0,1.0,1.0,1.0,0.0
15,255,11.00143290149707,3.512816172618032,0.0,0.0,0.0,1.0,1.0,0.0
16,255,7.756973869680374,5.868855410277084,0.0,0.0,0.0,0.0,1.0,0.0
17,255,12.0,5.396432811236633,0.0,1.0,0.0,0.0,0.0,0.0
18,255,9.707693450149383,5.0550691129303855,1.0,1.0,0.0,0.0,0.0,0.0
19,255,10.828143562554631,2.4603735472806427,1.0,1.0,1.0,0.0,0.0,0.0
20,255,5.355356407021576,2.9488243567595944,1.0,0.0,0.0,0.0,0.0,1.0
21,255,7.057427673741373,0.0,1.0,0.0,1.0,1.0,0.0,0.0
22,255,0.0,1.4327158740532882,0.0,0.0,0.0,0.0,0.0,1.0
23,255,8.477332599739977,8.848041761643342,1.0,0.0,1.0,0.0,0.0,1.0
24,255,7.828559093830908,5.96482425863872,0.0,1.0,0.0,1.0,1.0,0.0
25,255,0.7099795571720247,3.446995800457077,0.0,1.0,1.0,0.0,0.0,0.0
26,255,8.458902876919522,7.316434476937347,0.0,0.0,0.0,1.0,1.0,1.0
27,255,0.026777358694434,3.254081521828037,0.0,0.0,1.0,1.0,0.0,0.0
28,255,2.882381806974898,0.0,0.0,0.0,0.0,0.0,0.0,1.0
29,255,6.171059940280856,11.575003212386996,1.0,0.0,1.0,1.0,1.0,1.0
30,255,4.023387963843531,9.829052422796654,0.0,0.0,0.0,0.0,1.0,1.0
31,255,9.517220715971952,11.311425934562262,1.0,0.0,0.0,0.0,1.0,0.0
32,255,4.041737761367608,6.469760909754501,1.0,0.0,1.0,1.0,0.0,0.0
33,255,10.545183398525626,5.079678949115663,0.0,0.0,1.0,1.0,0.0,0.0
34,255,3.9330768491979833,5.122420347239645,1.0,0.0,0.0,0.0,0.0,0.0
35,255,12.0,6.75436594885964,0.0,1.0,0.0,0.0,0.0,0.0
36,255,12.0,5.396331910135161,0.0,1.0,1.0,1.0,1.0,0.0
37,255,12.0,11.397559422513744,1.0,1.0,0.0,1.0,0.0,1.0
38,255,5.278521478138382,1.141818516193436,0.0,1.0,0.0,0.0,0.0,0.0
39,255,12.0,4.697075613051706,0.0,0.0,1.0,0.0,1.0,0.0
0,260,4.245247593074269,0.0,0.0,1.0,0.0,1.0,0.0,0.0
1,260,11.887397565254885,9.256282791601263,1.0,1.0,1.0,0.0,0.0,0.0
2,260,0.0,1.0169135589824685,0.0,0.0,1.0,1.0,0.0,0.0
3,260,3.3944082789058445,0.0,1.0,0.0,1.0,1.0,1.0,0.0
4,260,1.4045324617214592,2.278159861767296,1.0,1.0,1.0,0.0,1.0,0.0
5,260,11.802465592177652,4.449544352431068,1.0,1.0,0.0,1.0,0.0,1.0
6,260,4.298607561664509,2.944157436530391,0.0,1.0,0.0,0.0,0.0,0.0
7,260,2.950128085625645,9.185580944583416,1.0,1.0,0.0,0.0,1.0,0.0
8,260,0.0,12.0,0.0,0.0,0.0,1.0,1.0,0.0
9,260,7.298519949502226,0.0,0.0,0.0,1.0,0.0,0.0,0.0
10,260,6.379675465544505,4.705578220624559,0.0,1.0,1.0,1.0,1.0,0.0
11,260,2.997184965535748,9.346858242358632,0.0,0.0,0.0,0.0,0.0,0.0
12,260,11.190852645067222,0.1951740178814509,1.0,0.0,0.0,0.0,1.0,0.0
13,260,10.548000557348857,9.01304369382826,0.0,0.0,0.0,1.0,0.0,0.0
14,260,7.0647660081426045,2.6403113717397035,1.0,0.0,1.0,1.0,1.0,0.0
15,260,11.018411631344591,3.57489403106802,0.0,0.0,0.0,1.0,1.0,0.0
16,260,7.754568120987112,5.862522870100806,0.0,0.0,0.0,0.0,1.0,0.0
17,260,12.0,5.36913710229905,0.0,1.0,0.0,0.0,0.0,0.0
18,260,9.7656856980295,4.969496902965454,1.0,1.0,0.0,0.0,0.0,0.0
19,260,10.853704185292797,2.5117338572197965,1.0,1.0,1.0,0.0,0.0,0.0
20,260,5.351651560768995,2.9496094738683807,1.0,0.0,0.0,0.0,0.0,1.0
21,260,7.041812064188591,0.0,1.0,0.0,1.0,1.0,0.0,0.0
22,260,0.0,1.502662895116465,0.0,0.0,0.0,0.0,0.0,1.0
23,260,8.582394858694277,8.888364327507293,1.0,0.0,1.0,0.0,0.0,1.0
24,260,7.946606451473753,5.894898948215273,0.0,1.0,0.0,1.0,1.0,0.0
25,260,0.7523576274804312,3.4136751524341866,0.0,1.0,1.0,0.0,0.0,0.0
26,260,8.443094829099705,7.216465077385612,0.0,0.0,0.0,1.0,1.0,1.0
27,260,0.0288831637524764,3.235012183041128,0.0,0.0,1.0,1.0,0.0,0.0
28,260,2.9606875758606077,0.0,0.0,0.0,0.0,0.0,0.0,1.0
29,260,6.179373009050021,11.55580911043876,1.0,0.0,1.0,1.0,1.0,1.0
30,260,3.926121242615425,9.820241387904714,0.0,0.0,0.0,0.0,1.0,1.0
31,260,9.487445718838469,11.223715881368406,1.0,0.0,0.0,0.0,1.0,0.0
32,260,4.066670575348016,6.483345353791058,1.0,0.0,1.0,1.0,0.0,0.0
33,260,10.491192371083072,4.984639737634056,0.0,0.0,1.0,1.0,0.0,0.0
34,260,3.791691836235655,4.996869031682024,1.0,0.0,0.0,0.0,0.0,0.0
35,260,12.0,6.843190089736398,0.0,1.0,0.0,0.0,0.0,0.0
36,260,12.0,5.361369230587607,0.0,1.0,1.0,1.0,1.0,0.0
37,260,12.0,11.406816134583956,1.0,1.0,0.0,1.0,0.0,1.0
38,260,5.281181325758129,1.1416417850248268,0.0,1.0,0.0,0.0,0.0,0.0
39,260,12.0,4.640797943658369,0.0,0.0,1.0,0.0,1.0,0.0
0,265,4.211261807285041,0.0,0.0,1.0,0.0,1.0,0.0,0.0
1,265,11.87546136543469,9.233718874640566,1.0,1.0,1.0,0.0,0.0,0.0
2,265,1.1562115550317414e-05,1.0169382056112255,0.0,0.0,1.0,1.0,0.0,0.0
3,265,3.470788358733432,0.0,1.0,0.0,1.0,1.0,1.0,0.0
4,265,1.3848901365844186,2.236768515686512,1.0,1.0,1.0,0.0,1.0,0.0
5,265,12.0,4.324522031016573,1.0,1.0,0.0,1.0,0.0,1.0
6,265,4.2394232793865605,2.9523832908758094,0.0,1.0,0.0,0.0,0.0,0.0
7,265,2.940796738280731,9.176695723290738,1.0,1.0,0.0,0.0,1.0,0.0
8,265,0.0,12.0,0.0,0.0,0.0,1.0,1.0,0.0
9,265,7.28908555884667,0.0,0.0,0.0,1.0,0.0,0.0,0.0
10,265,6.34400331508548,4.588879461898546,0.0,1.0,1.0,1.0,1.0,0.0
11,265,2.796547934704133,9.411203641437371,0.0,0.0,0.0,0.0,0.0,0.0
12,265,11.19398186402666,0.234072537413942,1.0,0.0,0.0,0.0,1.0,0.0
13,265,10.555183478456732,8.935908890203992,0.0,0.0,0.0,1.0,0.0,0.0
14,265,7.028770516635857,2.693086419224856,1.0,0.0,1.0,1.0,1.0,0.0
15,265,11.02686376264503,3.603287933386445,0.0,0.0,0.0,1.0,1.0,0.0
16,265,7.749931191529474,5.851295918237423,0.0,0.0,0.0,0.0,1.0,0.0
17,265,12.0,5.333959227118578,0.0,1.0,0.0,0.0,0.0,0.0
18,265,9.821791527400451,4.882713458999391,1.0,1.0,0.0,0.0,0.0,0.0
19,265,10.873039602447628,2.5512494623333475,1.0,1.0,1.0,0.0,0.0,0.0
20,265,5.326190325719897,2.9545972019306648,1.0,0.0,0.0,0.0,0.0,1.0
21,265,7.022324435578824,0.0,1.0,0.0,1.0,1.0,0.0,0.0
22,265,0.0,1.5659807031841688,0.0,0.0,0.0,0.0,0.0,1.0
23,265,8.68605350750078,8.923114856804398,1.0,0.0,1.0,0.0,0.0,1.0
24,265,8.06635736813968,5.821892179112904,0.0,1.0,0.0,1.0,1.0,0.0
25,265,0.7888880410925977,3.385780574277032,0.0,1.0,1.0,0.0,0.0,0.0
26,265,8.425302147778735,7.104266011583464,0.0,0.0,0.0,1.0,1.0,1.0
27,265,0.030398684073635,3.22064788840403,0.0,0.0,1.0,1.0,0.0,0.0
28,265,3.0439753932808453,0.0,0.0,0.0,0.0,0.0,0.0,1.0
29,265,6.19101075347938,11.529150199812255,1.0,0.0,1.0,1.0,1.0,1.0
30,265,3.795765943974022,9.806466641257463,0.0,0.0,0.0,0.0,1.0,1.0
31,265,9.45899317124736,11.142991427667647,1.0,0.0,0.0,0.0,1.0,0.0
32,265,4.060506357072378,6.480286812671807,1.0,0.0,1.0,1.0,0.0,0.0
33,265,10.430831517171455,4.880206477791145,0.0,0.0,1.0,1.0,0.0,0.0
34,265,3.6241710963689786,4.859499174893713,1.0,0.0,0.0,0.0,0.0,0.0
35,265,12.0,6.931181093729846,0.0,1.0,0.0,0.0,0.0,0.0
36,265,12.0,5.324768166579995,0.0,1.0,1.0,1.0,1.0,0.0
37,265,12.0,11.417111619086286,1.0,1.0,0.0,1.0,0.0,1.0
38,265,5.280223849324753,1.141684424433441,0.0,1.0,0.0,0.0,0.0,0.0
39,265,12.0,4.583855138880862,0.0,0.0,1.0,0.0,1.0,0.0
0,270,4.179231053580574,0.0,0.0,1.0,0.0,1.0,0.0,0.0
1,270,11.866231385060228,9.21616183989816,1.0,1.0,1.0,0.0,0.0,0.0
2,270,0.0,1.0096411011202906,0.0,0.0,1.0,1.0,0.0,0.0
3,270,3.547843039309866,0.0,1.0,0.0,1.0,1.0,1.0,0.0
4,270,1.3650776357843928,2.1954540321806624,1.0,1.0,1.0,0.0,1.0,0.0
5,270,12.0,4.198935538376287,1.0,1.0,0.0,1.0,0.0,1.0
6,270,4.183403634677706,2.9593652289877856,0.0,1.0,0.0,0.0,0.0,0.0
7,270,2.93658926034476,9.17273753968694,1.0,1.0,0.0,0.0,1.0,0.0
8,270,0.0,12.0,0.0,0.0,0.0,1.0,1.0,0.0
9,270,7.282052981157629,0.0,0.0,0.0,1.0,0.0,0.0,0.0
10,270,6.312202006019511,4.475027973687746,0.0,1.0,1.0,1.0,1.0,0.0
11,270,2.605758380805192,9.468524381306622,0.0,0.0,0.0,0.0,0.0,0.0
12,270,11.1524583136494,0.2379962892193778,1.0,0.0,0.0,0.0,1.0,0.0
13,270,10.563545129868414,8.829471862934016,0.0,0.0,0.0,1.0,0.0,0.0
14,270,7.0003742529139,2.733138149941466,1.0,0.0,1.0,1.0,1.0,0.0
15,270,11.036962311010374,3.635336342350951,0.0,0.0,0.0,1.0,1.0,0.0
16,270,7.739800395363284,5.827784287561751,0.0,0.0,0.0,0.0,1.0,0.0
17,270,12.0,5.287817150272634,0.0,1.0,0.0,0.0,0.0,0.0
18,270,9.865979109133786,4.816188314495484,1.0,1.0,0.0,0.0,0.0,0.0
19,270,10.895609434527117,2.5984478121570658,1.0,1.0,1.0,0.0,0.0,0.0
20,270,5.307755009580837,2.95821695865383,1.0,0.0,0.0,0.0,0.0,1.0
21,270,7.001734618345067,0.0,1.0,0.0,1.0,1.0,0.0,0.0
22,270,0.0,1.6326052961261444,0.0,0.0,0.0,0.0,0.0,1.0
23,270,8.782308503972384,8.952757543684921,1.0,0.0,1.0,0.0,0.0,1.0
24,270,8.197603966953384,5.745512836196937,0.0,1.0,0.0,1.0,1.0,0.0
25,270,0.8268459147419593,3.355655166898333,0.0,1.0,1.0,0.0,0.0,0.0
26,270,8.410384991262921,7.008370159987012,0.0,0.0,0.0,1.0,1.0,1.0
27,270,0.0307138338287582,3.216688316951524,0.0,0.0,1.0,1.0,0.0,0.0
28,270,3.128122331692354,0.0,0.0,0.0,0.0,0.0,0.0,1.0
29,270,6.215567275059793,11.474125838855956,1.0,0.0,1.0,1.0,1.0,1.0
30,270,3.640368096015592,9.794323634241536,0.0,0.0,0.0,0.0,1.0,1.0
31,270,9.434690290840244,11.075836510778108,1.0,0.0,0.0,0.0,1.0,0.0
32,270,4.032166404987752,6.466202784382116,1.0,0.0,1.0,1.0,0.0,0.0
33,270,10.36323151508554,4.7614776798702,0.0,0.0,1.0,1.0,0.0,0.0
34,270,3.471266822381726,4.732635558152785,1.0,0.0,0.0,0.0,0.0,0.0
35,270,12.0,7.026442232010863,0.0,1.0,0.0,0.0,0.0,0.0
36,270,12.0,5.291708530724944,0.0,1.0,1.0,1.0,1.0,0.0
37,270,12.0,11.424893819560753,1.0,1.0,0.0,1.0,0.0,1.0
38,270,5.302816435827203,1.140533654292357,0.0,1.0,0.0,0.0,0.0,0.0
39,270,12.0,4.532405681714496,0.0,0.0,1.0,0.0,1.0,0.0
0,275,4.165278556145113,0.0,0.0,1.0,0.0,1.0,0.0,0.0
1,275,11.859274159656549,9.202513100189448,1.0,1.0,1.0,0.0,0.0,0.0
2,275,0.0003406786985087,1.0103281397021406,0.0,0.0,1.0,1.0,0.0,0.0
3,275,3.622517967826841,0.0,1.0,0.0,1.0,1.0,1.0,0.0
4,275,1.3430542805668886,2.1494380880295982,1.0,1.0,1.0,0.0,1.0,0.0
5,275,12.0,4.073939551783454,1.0,1.0,0.0,1.0,0.0,1.0
6,275,4.1532039905873175,2.963482110017099,0.0,1.0,0.0,0.0,0.0,0.0
7,275,2.9175243618591686,9.155336183916342,1.0,1.0,0.0,0.0,1.0,0.0
8,275,0.0,12.0,0.0,0.0,0.0,1.0,1.0,0.0
9,275,7.270935719048744,0.0,0.0,0.0,1.0,0.0,0.0,0.0
10,275,6.282606883374088,4.3643141282684335,0.0,1.0,1.0,1.0,1.0,0.0
11,275,2.402294968983038,9.52657305178124,0.0,0.0,0.0,0.0,0.0,0.0
12,275,11.110229367100986,0.2417232341532466,1.0,0.0,0.0,0.0,1.0,0.0
13,275,10.57111578693966,8.730287224480085,0.0,0.0,0.0,1.0,0.0,0.0
14,275,6.942826591250625,2.692647626747443,1.0,0.0,1.0,1.0,1.0,0.0
15,275,11.043668981611445,3.657220011389387,0.0,0.0,0.0,1.0,1.0,0.0
16,275,7.71889299579162,5.776223175813158,0.0,0.0,0.0,0.0,1.0,0.0
17,275,12.0,5.247238878471992,0.0,1.0,0.0,0.0,0.0,0.0
18,275,9.785047422616964,4.762843869153811,1.0,1.0,0.0,0.0,0.0,0.0
19,275,10.914643479162214,2.636725140213062,1.0,1.0,1.0,0.0,0.0,0.0
20,275,5.288095835426498,2.962037457893241,1.0,0.0,0.0,0.0,0.0,1.0
21,275,6.985987676269766,0.0,1.0,0.0,1.0,1.0,0.0,0.0
22,275,0.0,1.6945571565639388,0.0,0.0,0.0,0.0,0.0,1.0
23,275,8.868663433284121,8.976681146546019,1.0,0.0,1.0,0.0,0.0,1.0
24,275,8.322207658197073,5.67569914669312,0.0,1.0,0.0,1.0,1.0,0.0
25,275,0.8675141220828,3.3231886758164504,0.0,1.0,1.0,0.0,0.0,0.0
26,275,8.397805898688976,6.910223282460914,0.0,0.0,0.0,1.0,1.0,1.0
27,275,0.0319753369805889,3.2034567824595466,0.0,0.0,1.0,1.0,0.0,0.0
28,275,3.222777701276927,0.0,0.0,0.0,0.0,0.0,0.0,1.0
29,275,6.238528328283333,11.42563355944181,1.0,0.0,1.0,1.0,1.0,1.0
30,275,3.513664180481507,9.781455823316632,0.0,0.0,0.0,0.0,1.0,1.0
31,275,9.412813566978482,11.015507456664142,1.0,0.0,0.0,0.0,1.0,0.0
32,275,4.020817529752144,6.460804270773183,1.0,0.0,1.0,1.0,0.0,0.0
33,275,10.287629351117484,4.624033774417146,0.0,0.0,1.0,1.0,0.0,0.0
34,275,3.3076809807892515,4.601836462637658,1.0,0.0,0.0,0.0,0.0,0.0
35,275,12.0,7.112393813275375,0.0,1.0,0.0,0.0,0.0,0.0
36,275,12.0,5.262499505298378,0.0,1.0,1.0,1.0,1.0,0.0
37,275,12.0,11.434029332060208,1.0,1.0,0.0,1.0,0.0,1.0
38,275,5.318040647402979,1.139710463037958,0.0,1.0,0.0,0.0,0.0,0.0
39,275,12.0,4.484347042460542,0.0,0.0,1.0,0.0,1.0,0.0
0,280,4.162281839547164,0.0,0.0,1.0,0.0,1.0,0.0,0.0
1,280,11.84267496440158,9.172020684762034,1.0,1.0,1.0,0.0,0.0,0.0
2,280,0.0,1.001084377331021,0.0,0.0,1.0,1.0,0.0,0.0
3,280,3.6948729347299705,0.0,1.0,0.0,1.0,1.0,1.0,0.0
4,280,1.320835040953383,2.104956788974556,1.0,1.0,1.0,0.0,1.0,0.0
5,280,12.0,3.9459220999493088,1.0,1.0,0.0,1.0,0.0,1.0
6,280,4.117238676049007,2.9685341486232626,0.0,1.0,0.0,0.0,0.0,0.0
7,280,2.895967941897714,9.13656702794186,1.0,1.0,0.0,0.0,1.0,0.0
8,280,0.0,12.0,0.0,0.0,0.0,1.0,1.0,0.0
9,280,7.257237735819081,0.0,0.0,0.0,1.0,0.0,0.0,0.0
10,280,6.259146889520936,4.270189686760339,0.0,1.0,1.0,1.0,1.0,0.0
11,280,2.19577244923389,9.58588240959812,0.0,0.0,0.0,0.0,0.0,0.0
12,280,11.054489666206836,0.2472186959620125,1.0,0.0,0.0,0.0,1.0,0.0
13,280,10.573512906695653,8.633946352181287,0.0,0.0,0.0,1.0,0.0,0.0
14,280,6.920468905311077,2.6764782285627486,1.0,0.0,1.0,1.0,1.0,0.0
15,280,11.051572962396792,3.683260794053617,0.0,0.0,0.0,1.0,1.0,0.0
16,280,7.688465968287889,5.701308503540611,0.0,0.0,0.0,0.0,1.0,0.0
17,280,12.0,5.206567684762694,0.0,1.0,0.0,0.0,0.0,0.0
18,280,9.683518474394845,4.695834660825868,1.0,1.0,0.0,0.0,0.0,0.0
19,280,10.930603322795804,2.669327091240442,1.0,1.0,1.0,0.0,0.0,0.0
20,280,5.259454628058368,2.967641615517357,1.0,0.0,0.0,0.0,0.0,1.0
21,280,6.970295731160213,0.0,1.0,0.0,1.0,1.0,0.0,0.0
22,280,0.0,1.7610200573313417,0.0,0.0,0.0,0.0,0.0,1.0
23,280,8.948921617227672,8.999294573151715,1.0,0.0,1.0,0.0,0.0,1.0
24,280,8.438038104689157,5.610867260783878,0.0,1.0,0.0,1.0,1.0,0.0
25,280,0.9258150184965616,3.275443632198528,0.0,1.0,1.0,0.0,0.0,0.0
26,280,8.385728913902026,6.803889232421225,0.0,0.0,0.0,1.0,1.0,1.0
27,280,0.0324949241501468,3.196433718267126,0.0,0.0,1.0,1.0,0.0,0.0
28,280,3.3132510172124583,0.0,0.0,0.0,0.0,0.0,0.0,1.0
29,280,6.260032243861958,11.379736917963514,1.0,0.0,1.0,1.0,1.0,1.0
30,280,3.4024481658661374,9.768380747202736,0.0,0.0,0.0,0.0,1.0,1.0
31,280,9.391807503305484,10.957169058719508,1.0,0.0,0.0,0.0,1.0,0.0
32,280,4.01668017231232,6.458746642949677,1.0,0.0,1.0,1.0,0.0,0.0
33,280,10.21795518599694,4.496551271961918,0.0,0.0,1.0,1.0,0.0,0.0
34,280,3.142103020912367,4.469394956242243,1.0,0.0,0.0,0.0,0.0,0.0
35,280,12.0,7.196113553718147,0.0,1.0,0.0,0.0,0.0,0.0
36,280,12.0,5.238984567002497,0.0,1.0,1.0,1.0,1.0,0.0
37,280,12.0,11.442521183877629,1.0,1.0,0.0,1.0,0.0,1.0
38,280,5.339455063717874,1.1392612815139374,0.0,1.0,0.0,0.0,0.0,0.0
39,280,12.0,4.439132561714134,0.0,0.0,1.0,0.0,1.0,0.0
0,285,4.164783871236791,0.0019718993997401,0.0,1.0,0.0,1.0,0.0,0.0
1,285,11.824355936698677,9.137634588667757,1.0,1.0,1.0,0.0,0.0,0.0
2,285,0.0,0.9857140965056496,0.0,0.0,1.0,1.0,0.0,0.0
3,285,3.769091186428428,0.0,1.0,0.0,1.0,1.0,1.0,0.0
4,285,1.304867542673572,2.0713342573573077,1.0,1.0,1.0,0.0,1.0,0.0
5,285,12.0,3.826048215811052,1.0,1.0,0.0,1.0,0.0,1.0
6,285,4.081888189187786,2.9726383302340005,0.0,1.0,0.0,0.0,0.0,0.0
7,285,2.876103926481937,9.119822627851445,1.0,1.0,0.0,0.0,1.0,0.0
8,285,0.0,12.0,0.0,0.0,0.0,1.0,1.0,0.0
9,285,7.244012067787743,0.0,0.0,0.0,1.0,0.0,0.0,0.0
10,285,6.234648129198739,4.16553242092375,0.0,1.0,1.0,1.0,1.0,0.0
11,285,1.9795776741818905,9.65079346694434,0.0,0.0,0.0,0.0,0.0,0.0
12,285,11.00252568886375,0.251156098255601,1.0,0.0,0.0,0.0,1.0,0.0
13,285,10.57472518684941,8.536706182792315,0.0,0.0,0.0,1.0,0.0,0.0
14,285,6.890888707678849,2.6551314815584326,1.0,0.0,1.0,1.0,1.0,0.0
15,285,11.060198900129295,3.710856128121609,0.0,0.0,0.0,1.0,1.0,0.0
16,285,7.669508928050924,5.655666994610697,0.0,0.0,0.0,0.0,1.0,0.0
17,285,12.0,5.166323778674903,0.0,1.0,0.0,0.0,0.0,0.0
18,285,9.57986955560175,4.622831817731789,1.0,1.0,0.0,0.0,0.0,0.0
19,285,10.95083147780351,2.706472684617913,1.0,1.0,1.0,0.0,0.0,0.0
20,285,5.190244092445165,2.981250125994964,1.0,0.0,0.0,0.0,0.0,1.0
21,285,6.951325925396069,0.0,1.0,0.0,1.0,1.0,0.0,0.0
22,285,0.0,1.8303525627195856,0.0,0.0,0.0,0.0,0.0,1.0
23,285,9.031663833757076,9.025381302784728,1.0,0.0,1.0,0.0,0.0,1.0
24,285,8.53040591044272,5.560131794300679,0.0,1.0,0.0,1.0,1.0,0.0
25,285,0.9917639604945166,3.218942632201917,0.0,1.0,1.0,0.0,0.0,0.0
26,285,8.375010018729686,6.706572848039331,0.0,0.0,0.0,1.0,1.0,1.0
27,285,0.031679172793174,3.2053838014480123,0.0,0.0,1.0,1.0,0.0,0.0
28,285,3.395187840940885,0.0,0.0,0.0,0.0,0.0,0.0,1.0
29,285,6.28291040076902,11.33056170356349,1.0,0.0,1.0,1.0,1.0,1.0
30,285,3.282004555234689,9.754319874821404,0.0,0.0,0.0,0.0,1.0,1.0
31,285,9.3678084369854,10.87943890548992,1.0,0.0,0.0,0.0,1.0,0.0
32,285,4.0063534103129,6.453232658780763,1.0,0.0,1.0,1.0,0.0,0.0
33,285,10.144118494740544,4.370652593326201,0.0,0.0,1.0,1.0,0.0,0.0
34,285,2.9786831420293107,4.341511087694441,1.0,0.0,0.0,0.0,0.0,0.0
35,285,12.0,7.283556317277087,0.0,1.0,0.0,0.0,0.0,0.0
36,285,12.0,5.215031609486671,0.0,1.0,1.0,1.0,1.0,0.0
37,285,12.0,11.455171531529636,1.0,1.0,0.0,1.0,0.0,1.0
38,285,5.362581522134068,1.1373810375385316,0.0,1.0,0.0,0.0,0.0,0.0
39,285,12.0,4.400158232720947,0.0,0.0,1.0,0.0,1.0,0.0
0,290,4.173506924450182,0.0084659205594442,0.0,1.0,0.0,1.0,0.0,0.0
1,290,11.805214680313654,9.100724159915783,1.0,1.0,1.0,0.0,0.0,0.0
2,290,0.0,0.96515201872445,0.0,0.0,1.0,1.0,0.0,0.0
3,290,3.839448109519557,0.0,1.0,0.0,1.0,1.0,1.0,0.0
4,290,1.2819302807634076,2.0219904946335805,1.0,1.0,1.0,0.0,1.0,0.0
5,290,12.0,3.705760356841793,1.0,1.0,0.0,1.0,0.0,1.0
6,290,4.055117464921981,2.97515885817513,0.0,1.0,0.0,0.0,0.0,0.0
7,290,2.8467251723093314,9.096055497814516,1.0,1.0,0.0,0.0,1.0,0.0
8,290,0.0,12.0,0.0,0.0,0.0,1.0,1.0,0.0
9,290,7.232777869181355,0.0,0.0,0.0,1.0,0.0,0.0,0.0
10,290,6.216851512643034,4.09751853039998,0.0,1.0,1.0,1.0,1.0,0.0
11,290,1.7755401906144872,9.71298010228229,0.0,0.0,0.0,0.0,0.0,0.0
12,290,10.936894248111264,0.2542146045746998,1.0,0.0,0.0,0.0,1.0,0.0
13,290,10.574745277087644,8.461405899772352,0.0,0.0,0.0,1.0,0.0,0.0
14,290,6.877074092210544,2.6451658890613032,1.0,0.0,1.0,1.0,1.0,0.0
15,290,11.0673443889772,3.7357257690519594,0.0,0.0,0.0,1.0,1.0,0.0
16,290,7.65146657559887,5.614385294916744,0.0,0.0,0.0,0.0,1.0,0.0
17,290,12.0,5.119131473637289,0.0,1.0,0.0,0.0,0.0,0.0
18,290,9.471800031995157,4.5479455442809575,1.0,1.0,0.0,0.0,0.0,0.0
19,290,10.969365476583343,2.7399554646654307,1.0,1.0,1.0,0.0,0.0,0.0
20,290,5.117182412915844,2.995397732396208,1.0,0.0,0.0,0.0,0.0,1.0
21,290,6.932058873583609,0.0,1.0,0.0,1.0,1.0,0.0,0.0
22,290,0.0,1.9029680800133857,0.0,0.0,0.0,0.0,0.0,1.0
23,290,9.120398120153425,9.053796987483056,1.0,0.0,1.0,0.0,0.0,1.0
24,290,8.604429097126156,5.519640491497295,0.0,1.0,0.0,1.0,1.0,0.0
25,290,1.0633702542366714,3.157427738789531,0.0,1.0,1.0,0.0,0.0,0.0
26,290,8.360906611732696,6.578405437410844,0.0,0.0,0.0,1.0,1.0,1.0
27,290,0.0317378015170559,3.2047773883020736,0.0,0.0,1.0,1.0,0.0,0.0
28,290,3.4771702932244253,0.0,0.0,0.0,0.0,0.0,0.0,1.0
29,290,6.307157702332726,11.276433536762555,1.0,0.0,1.0,1.0,1.0,1.0
30,290,3.1684885112413648,9.741951161745442,0.0,0.0,0.0,0.0,1.0,1.0
31,290,9.340165317203688,10.792259754477517,1.0,0.0,0.0,0.0,1.0,0.0
32,290,3.988484436492993,6.443263680075035,1.0,0.0,1.0,1.0,0.0,0.0
33,290,10.080958758863275,4.261586905593504,0.0,0.0,1.0,1.0,0.0,0.0
34,290,2.803659180446412,4.200735077138924,1.0,0.0,0.0,0.0,0.0,0.0
35,290,12.0,7.36156835678106,0.0,1.0,0.0,0.0,0.0,0.0
36,290,12.0,5.19366803827393,0.0,1.0,1.0,1.0,1.0,0.0
37,290,12.0,11.464427545739673,1.0,1.0,0.0,1.0,0.0,1.0
38,290,5.371626114887707,1.136265537117277,0.0,1.0,0.0,0.0,0.0,0.0
39,290,12.0,4.358928601048585,0.0,0.0,1.0,0.0,1.0,0.0
0,295,4.174166288470681,0.0089570052044356,0.0,1.0,0.0,1.0,0.0,0.0
1,295,11.776802171659302,9.047389103141327,1.0,1.0,1.0,0.0,0.0,0.0
2,295,0.0,0.9504167876749964,0.0,0.0,1.0,1.0,0.0,0.0
3,295,3.9118722318579655,0.0,1.0,0.0,1.0,1.0,1.0,0.0
4,295,1.258000567961825,1.9705153447857773,1.0,1.0,1.0,0.0,1.0,0.0
5,295,12.0,3.5779047551255547,1.0,1.0,0.0,1.0,0.0,1.0
6,295,4.042128531566453,2.976402720715837,0.0,1.0,0.0,0.0,0.0,0.0
7,295,2.829626955715531,9.081946554519437,1.0,1.0,0.0,0.0,1.0,0.0
8,295,0.0,12.0,0.0,0.0,0.0,1.0,1.0,0.0
9,295,7.222896534213646,0.0,0.0,0.0,1.0,0.0,0.0,0.0
10,295,6.2001648728673455,4.040755867218362,0.0,1.0,1.0,1.0,1.0,0.0
11,295,1.5533838372627795,9.780697524091368,0.0,0.0,0.0,0.0,0.0,0.0
12,295,10.86765684630489,0.2569664014657323,1.0,0.0,0.0,0.0,1.0,0.0
13,295,10.575048792035462,8.384007473862539,0.0,0.0,0.0,1.0,0.0,0.0
14,295,6.85300220126264,2.628157594473229,1.0,0.0,1.0,1.0,1.0,0.0
15,295,11.077519601389278,3.770947243667044,0.0,0.0,0.0,1.0,1.0,0.0
16,295,7.642486205681735,5.5931933640933975,0.0,0.0,0.0,0.0,1.0,0.0
17,295,12.0,5.0672970936233375,0.0,1.0,0.0,0.0,0.0,0.0
18,295,9.372145057606383,4.477522537996101,1.0,1.0,0.0,0.0,0.0,0.0
19,295,10.976847559918143,2.7537042965461747,1.0,1.0,1.0,0.0,0.0,0.0
20,295,5.052536264535756,3.0074534891539906,1.0,0.0,0.0,0.0,0.0,1.0
21,295,6.912311115227334,0.0,1.0,0.0,1.0,1.0,0.0,0.0
22,295,0.0,1.9794614803377195,0.0,0.0,0.0,0.0,0.0,1.0
23,295,9.211545069707451,9.081478154663683,1.0,0.0,1.0,0.0,0.0,1.0
24,295,8.665352082112644,5.485015081535779,0.0,1.0,0.0,1.0,1.0,0.0
25,295,1.1385866974400995,3.090173230661092,0.0,1.0,1.0,0.0,0.0,0.0
26,295,8.346414739526466,6.452854873606972,0.0,0.0,0.0,1.0,1.0,1.0
27,295,0.0337590382260429,3.1860826752727784,0.0,0.0,1.0,1.0,0.0,0.0
28,295,3.559177482009056,0.0,0.0,0.0,0.0,0.0,0.0,1.0
29,295,6.332914429533371,11.220201885387874,1.0,0.0,1.0,1.0,1.0,1.0
30,295,3.0593419978388336,9.728633882383326,0.0,0.0,0.0,0.0,1.0,1.0
31,295,9.308943217514082,10.695549556478417,1.0,0.0,0.0,0.0,1.0,0.0
32,295,3.977745978379273,6.462181840768359,1.0,0.0,1.0,1.0,0.0,0.0
33,295,10.018923029204654,4.158369198971519,0.0,0.0,1.0,1.0,0.0,0.0
34,295,2.623867939822426,4.051876722828242,1.0,0.0,0.0,0.0,0.0,0.0
35,295,12.0,7.447112309630821,0.0,1.0,0.0,0.0,0.0,0.0
36,295,12.0,5.172756770349627,0.0,1.0,1.0,1.0,1.0,0.0
37,295,11.98745378710484,11.573582329913345,1.0,1.0,0.0,1.0,0.0,1.0
38,295,5.388408852987512,1.133860658452158,0.0,1.0,0.0,0.0,0.0,0.0
39,295,12.0,4.321897943333715,0.0,0.0,1.0,0.0,1.0,0.0
