0,0,8.034634704535495,0.0,1.0,0.0,1.0,0.0,0.0,0.0
1,0,9.004239627896462,1.041927773052194,0.0,0.0,0.0,0.0,0.0,1.0
2,0,4.979149621390805,7.985499568218223,0.0,1.0,0.0,0.0,0.0,0.0
3,0,5.037880232293804,7.972295266499186,0.0,0.0,1.0,1.0,0.0,0.0
4,0,10.928834727699323,2.957342488067655,0.0,0.0,0.0,0.0,1.0,0.0
5,0,0.9504990594127842,8.975086672230232,0.0,0.0,0.0,1.0,0.0,1.0
6,0,8.982755619995777,0.0,0.0,1.0,0.0,1.0,0.0,0.0
7,0,1.9811464241165253,9.051001564190896,0.0,0.0,1.0,1.0,0.0,1.0
8,0,5.930669783718061,11.022840833601556,0.0,0.0,1.0,1.0,0.0,1.0
9,0,0.99225307046744,1.0414216163505607,1.0,1.0,0.0,0.0,0.0,0.0
10,0,9.978691107463936,12.0,1.0,0.0,0.0,0.0,1.0,0.0
11,0,3.029305768374523,5.036283634796337,0.0,1.0,1.0,0.0,1.0,1.0
12,0,12.0,2.0554219433473,0.0,0.0,0.0,0.0,0.0,1.0
13,0,0.9876513361107592,8.039786092887269,1.0,0.0,1.0,1.0,1.0,1.0
14,0,7.985573325457514,2.9438425459405035,0.0,0.0,1.0,0.0,1.0,1.0
15,0,0.0,0.0588708325642616,1.0,0.0,0.0,0.0,1.0,1.0
16,0,12.0,0.9826590859622965,0.0,1.0,0.0,0.0,1.0,1.0
17,0,8.966826772560802,11.031365567263473,0.0,1.0,0.0,1.0,0.0,0.0
18,0,10.99275365822547,9.952306883519622,0.0,0.0,1.0,1.0,0.0,0.0
19,0,11.04819832177419,12.0,1.0,1.0,0.0,0.0,0.0,1.0
20,0,5.030126799563512,0.0,1.0,0.0,0.0,1.0,0.0,1.0
21,0,8.966495045723928,4.023736218560695,0.0,1.0,1.0,0.0,0.0,0.0
22,0,2.982965641341747,8.95076209368494,1.0,1.0,0.0,0.0,0.0,0.0
23,0,12.0,3.061757824808893,0.0,1.0,0.0,1.0,0.0,0.0
24,0,6.931403945998792,3.975494328021069,0.0,1.0,0.0,0.0,1.0,0.0
25,0,10.9994811571799,0.9399885197237078,1.0,0.0,1.0,0.0,0.0,1.0
26,0,8.966577588123771,9.942519529031346,0.0,0.0,1.0,1.0,1.0,0.0
27,0,11.054272243830704,0.0,1.0,1.0,0.0,0.0,1.0,0.0
28,0,2.0495431813213707,0.0193407741773826,1.0,1.0,0.0,0.0,0.0,1.0
29,0,11.960625594302403,12.0,1.0,1.0,1.0,0.0,0.0,0.0
30,0,5.933766451062361,5.958836951979615,1.0,0.0,0.0,1.0,0.0,0.0
31,0,6.063243046699201,1.015211108113885,1.0,1.0,1.0,0.0,0.0,0.0
32,0,5.987659104834541,5.985414732095708,0.0,1.0,0.0,1.0,1.0,0.0
33,0,9.03521461873358,8.066660327551604,0.0,0.0,1.0,0.0,0.0,0.0
34,0,7.9559504992128,8.034477676164025,1.0,1.0,0.0,0.0,0.0,1.0
35,0,6.969896755061786,6.053861917684394,0.0,0.0,0.0,0.0,0.0,0.0
36,0,4.953454464338786,3.0436647314654515,1.0,0.0,0.0,0.0,1.0,1.0
37,0,3.93710657246328,5.03274109814355,0.0,0.0,1.0,1.0,0.0,1.0
38,0,3.9519976345653145,7.975200295725761,0.0,1.0,0.0,0.0,0.0,1.0
39,0,1.004892043119744,0.9577492522328442,0.0,0.0,1.0,0.0,1.0,0.0
0,5,8.067560788119675,0.0,1.0,0.0,1.0,0.0,0.0,0.0
1,5,9.008139439906827,1.090119628669764,0.0,0.0,0.0,0.0,0.0,1.0
2,5,4.955674306031663,7.969704021873276,0.0,1.0,0.0,0.0,0.0,0.0
3,5,5.066909787588998,7.950679899841183,0.0,0.0,1.0,1.0,0.0,0.0
4,5,10.87550034931878,2.9270214722470924,0.0,0.0,0.0,0.0,1.0,0.0
5,5,0.9110082774696318,8.954549398818802,0.0,0.0,0.0,1.0,0.0,1.0
6,5,8.974149775435368,0.0,0.0,1.0,0.0,1.0,0.0,0.0
7,5,1.956471751281512,9.11509322359925,0.0,0.0,1.0,1.0,0.0,1.0
8,5,5.845003529432791,11.052834544163783,0.0,0.0,1.0,1.0,0.0,1.0
9,5,0.9864179654384784,1.0727904130497354,1.0,1.0,0.0,0.0,0.0,0.0
10,5,9.957402000625953,12.0,1.0,0.0,0.0,0.0,1.0,0.0
11,5,3.058916964601245,5.071971058738541,0.0,1.0,1.0,0.0,1.0,1.0
12,5,12.0,2.129358122170358,0.0,0.0,0.0,0.0,0.0,1.0
13,5,0.9755153381533206,8.081202399686374,1.0,0.0,1.0,1.0,1.0,1.0
14,5,7.974909544492925,2.899255980953975,0.0,0.0,1.0,0.0,1.0,1.0
15,5,0.0,0.1209081965197974,1.0,0.0,0.0,0.0,1.0,1.0
16,5,12.0,0.9660209619730504,0.0,1.0,0.0,0.0,1.0,1.0
17,5,8.924850985545627,11.06960874900293,0.0,1.0,0.0,1.0,0.0,0.0
18,5,10.986448008292982,9.910115495313322,0.0,0.0,1.0,1.0,0.0,0.0
19,5,11.095508037495154,12.0,1.0,1.0,0.0,0.0,0.0,1.0
20,5,5.064985575736828,0.0,1.0,0.0,0.0,1.0,0.0,1.0
21,5,8.909234295723296,4.063326243266125,0.0,1.0,1.0,0.0,0.0,0.0
22,5,2.960946750434657,8.888808700789602,1.0,1.0,0.0,0.0,0.0,0.0
23,5,12.0,3.1063422375055723,0.0,1.0,0.0,1.0,0.0,0.0
24,5,6.874710641324906,3.954539919237746,0.0,1.0,0.0,0.0,1.0,0.0
25,5,11.000407320291828,0.8701520891697458,1.0,0.0,1.0,0.0,0.0,1.0
26,5,8.939767676253629,9.898375948973282,0.0,0.0,1.0,1.0,1.0,0.0
27,5,11.118198159460658,0.0,1.0,1.0,0.0,0.0,1.0,0.0
28,5,2.112363468994185,0.0419225902584039,1.0,1.0,0.0,0.0,0.0,1.0
29,5,11.929436533897745,12.0,1.0,1.0,1.0,0.0,0.0,0.0
30,5,5.867782838116385,5.915836544886883,1.0,0.0,0.0,1.0,0.0,0.0
31,5,6.138297464412135,1.0326588338326053,1.0,1.0,1.0,0.0,0.0,0.0
32,5,5.982857327850216,5.9797704222566646,0.0,1.0,0.0,1.0,1.0,0.0
33,5,9.066326009717972,8.122337000965985,0.0,0.0,1.0,0.0,0.0,0.0
34,5,7.912555475210666,8.07117242674728,1.0,1.0,0.0,0.0,0.0,1.0
35,5,6.939141305712091,6.11137733416124,0.0,0.0,0.0,0.0,0.0,0.0
36,5,4.905240542267546,3.0889313745889435,1.0,0.0,0.0,0.0,1.0,1.0
37,5,3.879519788449461,5.06247111372461,0.0,0.0,1.0,1.0,0.0,1.0
38,5,3.89909842847146,7.94526695768183,0.0,1.0,0.0,0.0,0.0,1.0
39,5,1.0071488715847794,0.9397692992381744,0.0,0.0,1.0,0.0,1.0,0.0
0,10,8.0949443833766,0.0,1.0,0.0,1.0,0.0,0.0,0.0
1,10,9.012362572179208,1.151933182524692,0.0,0.0,0.0,0.0,0.0,1.0
2,10,4.922002779155054,7.947137661099664,0.0,1.0,0.0,0.0,0.0,0.0
3,10,5.095673417831784,7.929177133948942,0.0,0.0,1.0,1.0,0.0,0.0
4,10,10.819511774850726,2.895545056458093,0.0,0.0,0.0,0.0,1.0,0.0
5,10,0.8732989848666749,8.93567162813598,0.0,0.0,0.0,1.0,0.0,1.0
6,10,8.961990505851238,0.0,0.0,1.0,0.0,1.0,0.0,0.0
7,10,1.9323070824538924,9.178908309938988,0.0,0.0,1.0,1.0,0.0,1.0
8,10,5.748629630392079,11.083274840387936,0.0,0.0,1.0,1.0,0.0,1.0
9,10,0.9793724229100924,1.1093792085235878,1.0,1.0,0.0,0.0,0.0,0.0
10,10,9.943165031101673,12.0,1.0,0.0,0.0,0.0,1.0,0.0
11,10,3.095676835589256,5.117420336536819,0.0,1.0,1.0,0.0,1.0,1.0
12,10,12.0,2.222633358357288,0.0,0.0,0.0,0.0,0.0,1.0
13,10,0.9690276930942784,8.104875334226165,1.0,0.0,1.0,1.0,1.0,1.0
14,10,7.964475492671635,2.8615829497727745,0.0,0.0,1.0,0.0,1.0,1.0
15,10,0.0,0.1763489219040447,1.0,0.0,0.0,0.0,1.0,1.0
16,10,12.0,0.941920185083457,0.0,1.0,0.0,0.0,1.0,1.0
17,10,8.87101362124846,11.119434250137298,0.0,1.0,0.0,1.0,0.0,0.0
18,10,10.976623271404469,9.85403431366908,0.0,0.0,1.0,1.0,0.0,0.0
19,10,11.15346795866506,12.0,1.0,1.0,0.0,0.0,0.0,1.0
20,10,5.096296678686425,0.0,1.0,0.0,0.0,1.0,0.0,1.0
21,10,8.84454002990613,4.108457591092398,0.0,1.0,1.0,0.0,0.0,0.0
22,10,2.937292400718912,8.820845493721295,1.0,1.0,0.0,0.0,0.0,0.0
23,10,12.0,3.160656014671578,0.0,1.0,0.0,1.0,0.0,0.0
24,10,6.822124889672356,3.936112218020401,0.0,1.0,0.0,0.0,1.0,0.0
25,10,11.001294087130772,0.8242972355732017,1.0,0.0,1.0,0.0,0.0,1.0
26,10,8.911388234522967,9.851531458126296,0.0,0.0,1.0,1.0,1.0,0.0
27,10,11.170329491550971,0.0,1.0,1.0,0.0,0.0,1.0,0.0
28,10,2.1875018158072628,0.0707159163375119,1.0,1.0,0.0,0.0,0.0,1.0
29,10,11.894590421567456,12.0,1.0,1.0,1.0,0.0,0.0,0.0
30,10,5.791933047999929,5.868329996858344,1.0,0.0,0.0,1.0,0.0,0.0
31,10,6.223543888197642,1.054222297346522,1.0,1.0,1.0,0.0,0.0,0.0
32,10,5.968862177648566,5.96290550910701,0.0,1.0,0.0,1.0,1.0,0.0
33,10,9.100716068124324,8.183893284934635,0.0,0.0,1.0,0.0,0.0,0.0
34,10,7.87986284530202,8.099540630652825,1.0,1.0,0.0,0.0,0.0,1.0
35,10,6.897078926810937,6.184838174387355,0.0,0.0,0.0,0.0,0.0,0.0
36,10,4.855191741434892,3.1363884604302,1.0,0.0,0.0,0.0,1.0,1.0
37,10,3.850316640936937,5.006755672394429,0.0,0.0,1.0,1.0,0.0,1.0
38,10,3.825368899122488,7.902508896798473,0.0,1.0,0.0,0.0,0.0,1.0
39,10,1.0106914371394673,0.9187047789760796,0.0,0.0,1.0,0.0,1.0,0.0
0,15,8.12415998234347,0.0,1.0,0.0,1.0,0.0,0.0,0.0
1,15,9.01701757052246,1.2147048962181035,0.0,0.0,0.0,0.0,0.0,1.0
2,15,4.894623223846558,7.929137334347349,0.0,1.0,0.0,0.0,0.0,0.0
3,15,5.141668694940474,7.894022085777615,0.0,0.0,1.0,1.0,0.0,0.0
4,15,10.745009492900367,2.8517638114513626,0.0,0.0,0.0,0.0,1.0,0.0
5,15,0.8235335577913994,8.912216572737012,0.0,0.0,0.0,1.0,0.0,1.0
6,15,8.945221974088046,0.0,0.0,1.0,0.0,1.0,0.0,0.0
7,15,1.906999219751545,9.245241455456195,0.0,0.0,1.0,1.0,0.0,1.0
8,15,5.656907663483019,11.108338451878849,0.0,0.0,1.0,1.0,0.0,1.0
9,15,0.9713872033522568,1.1474714324844586,1.0,1.0,0.0,0.0,0.0,0.0
10,15,9.927651692454264,12.0,1.0,0.0,0.0,0.0,1.0,0.0
11,15,3.1260648528138906,5.156212117198893,0.0,1.0,1.0,0.0,1.0,1.0
12,15,12.0,2.307579076079007,0.0,0.0,0.0,0.0,0.0,1.0
13,15,0.96684840743492,8.112853134432948,1.0,0.0,1.0,1.0,1.0,1.0
14,15,7.953904689585826,2.828607235324274,0.0,0.0,1.0,0.0,1.0,1.0
15,15,0.0,0.2273072289847731,1.0,0.0,0.0,0.0,1.0,1.0
16,15,12.0,0.9183630122432984,0.0,1.0,0.0,0.0,1.0,1.0
17,15,8.824650761933317,11.160891378921209,0.0,1.0,0.0,1.0,0.0,0.0
18,15,10.966251533456512,9.793472332242484,0.0,0.0,1.0,1.0,0.0,0.0
19,15,11.205592198079753,12.0,1.0,1.0,0.0,0.0,0.0,1.0
20,15,5.141133553680288,0.0,1.0,0.0,0.0,1.0,0.0,1.0
21,15,8.788594466246819,4.148512966265731,0.0,1.0,1.0,0.0,0.0,0.0
22,15,2.9122472408841635,8.753472505531338,1.0,1.0,0.0,0.0,0.0,0.0
23,15,12.0,3.197428236818429,0.0,1.0,0.0,1.0,0.0,0.0
24,15,6.783185822313216,3.921890345109644,0.0,1.0,0.0,0.0,1.0,0.0
25,15,11.003598967376204,0.7522038462779719,1.0,0.0,1.0,0.0,0.0,1.0
26,15,8.88169126671208,9.80238469415545,0.0,0.0,1.0,1.0,1.0,0.0
27,15,11.226703585562218,0.0,1.0,1.0,0.0,0.0,1.0,0.0
28,15,2.261550632914565,0.1008659448813208,1.0,1.0,0.0,0.0,0.0,1.0
29,15,11.862079788433096,12.0,1.0,1.0,1.0,0.0,0.0,0.0
30,15,5.718539778224783,5.825061228441369,1.0,0.0,0.0,1.0,0.0,0.0
31,15,6.311139584467002,1.076587983876702,1.0,1.0,1.0,0.0,0.0,0.0
32,15,5.976022213338739,5.971676889511316,0.0,1.0,0.0,1.0,1.0,0.0
33,15,9.127997054416843,8.237551214861007,0.0,0.0,1.0,0.0,0.0,0.0
34,15,7.835032110730633,8.139625895532841,1.0,1.0,0.0,0.0,0.0,1.0
35,15,6.839430691782543,6.280469447063112,0.0,0.0,0.0,0.0,0.0,0.0
36,15,4.80040116029492,3.1866722476547165,1.0,0.0,0.0,0.0,1.0,1.0
37,15,3.811855041870188,4.937141492590355,0.0,0.0,1.0,1.0,0.0,1.0
38,15,3.747133476803549,7.855178727423374,0.0,1.0,0.0,0.0,0.0,1.0
39,15,1.0096888049653645,0.9238559941593802,0.0,0.0,1.0,0.0,1.0,0.0
0,20,8.16060047784895,0.0,1.0,0.0,1.0,0.0,0.0,0.0
1,20,9.02186459640643,1.2803542330491955,0.0,0.0,0.0,0.0,0.0,1.0
2,20,4.854522902934864,7.902773455999887,0.0,1.0,0.0,0.0,0.0,0.0
3,20,5.19562616102263,7.852265943781737,0.0,0.0,1.0,1.0,0.0,0.0
4,20,10.659993445225286,2.8005452742252137,0.0,0.0,0.0,0.0,1.0,0.0
5,20,0.8045510473908672,8.903191402843966,0.0,0.0,0.0,1.0,0.0,1.0
6,20,8.924364762880678,0.0,0.0,1.0,0.0,1.0,0.0,0.0
7,20,1.8865059445558865,9.307615867359305,0.0,0.0,1.0,1.0,0.0,1.0
8,20,5.561037857549043,11.136007328536817,0.0,0.0,1.0,1.0,0.0,1.0
9,20,0.9637275050629746,1.1842518353135076,1.0,1.0,0.0,0.0,0.0,0.0
10,20,9.911543426715427,12.0,1.0,0.0,0.0,0.0,1.0,0.0
11,20,3.149750875621696,5.1877000715644925,0.0,1.0,1.0,0.0,1.0,1.0
12,20,12.0,2.376974965595444,0.0,0.0,0.0,0.0,0.0,1.0
13,20,0.968850507724273,8.104961200849486,1.0,0.0,1.0,1.0,1.0,1.0
14,20,7.936084769406561,2.778945682113575,0.0,0.0,1.0,0.0,1.0,1.0
15,20,0.0,0.2894262046673541,1.0,0.0,0.0,0.0,1.0,1.0
16,20,12.0,0.8927805349317679,0.0,1.0,0.0,0.0,1.0,1.0
17,20,8.785354300606073,11.194145096102394,0.0,1.0,0.0,1.0,0.0,0.0
18,20,10.955973345493318,9.73104867808853,0.0,0.0,1.0,1.0,0.0,0.0
19,20,11.26537200839996,12.0,1.0,1.0,0.0,0.0,0.0,1.0
20,20,5.1872171403931455,0.0,1.0,0.0,0.0,1.0,0.0,1.0
21,20,8.737841427057743,4.1866837834998565,0.0,1.0,1.0,0.0,0.0,0.0
22,20,2.890595561408664,8.691140555151918,1.0,1.0,0.0,0.0,0.0,0.0
23,20,12.0,3.2291190389466187,0.0,1.0,0.0,1.0,0.0,0.0
24,20,6.751475966969114,3.910020213039132,0.0,1.0,0.0,0.0,1.0,0.0
25,20,11.004858099981288,0.6721635582316506,1.0,0.0,1.0,0.0,0.0,1.0
26,20,8.857619153254422,9.761650225658707,0.0,0.0,1.0,1.0,1.0,0.0
27,20,11.266425355923674,0.0,1.0,1.0,0.0,0.0,1.0,0.0
28,20,2.3288364440086635,0.1261277724889523,1.0,1.0,0.0,0.0,0.0,1.0
29,20,11.841197606213946,12.0,1.0,1.0,1.0,0.0,0.0,0.0
30,20,5.631122917430078,5.772832293161528,1.0,0.0,0.0,1.0,0.0,0.0
31,20,6.399326794561264,1.0996550943823682,1.0,1.0,1.0,0.0,0.0,0.0
32,20,5.978840963174656,5.975088287588286,0.0,1.0,0.0,1.0,1.0,0.0
33,20,9.15145364586849,8.286549405477926,0.0,0.0,1.0,0.0,0.0,0.0
34,20,7.795999497704535,8.175503824089759,1.0,1.0,0.0,0.0,0.0,1.0
35,20,6.778195027798065,6.381062827685279,0.0,0.0,0.0,0.0,0.0,0.0
36,20,4.749793407057794,3.234490393185326,1.0,0.0,0.0,0.0,1.0,1.0
37,20,3.7734997458614457,4.8630854591727815,0.0,0.0,1.0,1.0,0.0,1.0
38,20,3.678383408382581,7.813371609294514,0.0,1.0,0.0,0.0,0.0,1.0
39,20,1.0088498418728984,0.928127532302768,0.0,0.0,1.0,0.0,1.0,0.0
0,25,8.18015743132622,0.0,1.0,0.0,1.0,0.0,0.0,0.0
1,25,9.027792809604245,1.3450849899919994,0.0,0.0,0.0,0.0,0.0,1.0
2,25,4.820228454321243,7.880100418419706,0.0,1.0,0.0,0.0,0.0,0.0
3,25,5.269933201408646,7.7913333532022175,0.0,0.0,1.0,1.0,0.0,0.0
4,25,10.561334696336212,2.741551472120201,0.0,0.0,0.0,0.0,1.0,0.0
5,25,0.8114848754745313,8.906729341854492,0.0,0.0,0.0,1.0,0.0,1.0
6,25,8.909310846823384,0.0,0.0,1.0,0.0,1.0,0.0,0.0
7,25,1.86315217331548,9.379303859059585,0.0,0.0,1.0,1.0,0.0,1.0
8,25,5.464537427589453,11.164304196531356,0.0,0.0,1.0,1.0,0.0,1.0
9,25,0.955128928880036,1.2290285401765568,1.0,1.0,0.0,0.0,0.0,0.0
10,25,9.908147521289347,12.0,1.0,0.0,0.0,0.0,1.0,0.0
11,25,3.178884314214577,5.227038099876466,0.0,1.0,1.0,0.0,1.0,1.0
12,25,12.0,2.451624094869123,0.0,0.0,0.0,0.0,0.0,1.0
13,25,0.9718938199249124,8.092934313785044,1.0,0.0,1.0,1.0,1.0,1.0
14,25,7.911917618692226,2.7118552331404526,0.0,0.0,1.0,0.0,1.0,1.0
15,25,0.0,0.3444116265691962,1.0,0.0,0.0,0.0,1.0,1.0
16,25,12.0,0.8689657487743199,0.0,1.0,0.0,0.0,1.0,1.0
17,25,8.738410366727528,11.23515318185104,0.0,1.0,0.0,1.0,0.0,0.0
18,25,10.9479048934659,9.676848670562748,0.0,0.0,1.0,1.0,0.0,0.0
19,25,11.3173141974611,12.0,1.0,1.0,0.0,0.0,0.0,1.0
20,25,5.231819429435472,0.0,1.0,0.0,0.0,1.0,0.0,1.0
21,25,8.69073652879367,4.222507355820668,0.0,1.0,1.0,0.0,0.0,0.0
22,25,2.8655696423778294,8.613282342039401,1.0,1.0,0.0,0.0,0.0,0.0
23,25,12.0,3.280622199735653,0.0,1.0,0.0,1.0,0.0,0.0
24,25,6.718083440304848,3.897435302551757,0.0,1.0,0.0,0.0,1.0,0.0
25,25,11.007734515192654,0.5804684043810978,1.0,0.0,1.0,0.0,0.0,1.0
26,25,8.840425812517502,9.73242500575958,0.0,0.0,1.0,1.0,1.0,0.0
27,25,11.303308111819277,0.0,1.0,1.0,0.0,0.0,1.0,0.0
28,25,2.398616534828142,0.1523838136493425,1.0,1.0,0.0,0.0,0.0,1.0
29,25,11.82594502085077,12.0,1.0,1.0,1.0,0.0,0.0,0.0
30,25,5.509811418792876,5.701694565634961,1.0,0.0,0.0,1.0,0.0,0.0
31,25,6.460140795674732,1.1148141030001433,1.0,1.0,1.0,0.0,0.0,0.0
32,25,5.983587966198575,5.981036248563742,0.0,1.0,0.0,1.0,1.0,0.0
33,25,9.179175834186182,8.344963654125507,0.0,0.0,1.0,0.0,0.0,0.0
34,25,7.753031520653376,8.215825903080416,1.0,1.0,0.0,0.0,0.0,1.0
35,25,6.725784635745248,6.469846756811468,0.0,0.0,0.0,0.0,0.0,0.0
36,25,4.678766906793234,3.3009019793210923,1.0,0.0,0.0,0.0,1.0,1.0
37,25,3.730461657302603,4.7802164222962,0.0,0.0,1.0,1.0,0.0,1.0
38,25,3.61240981041499,7.770504965794186,0.0,1.0,0.0,0.0,0.0,1.0
39,25,1.0078379485376268,0.9337012443964549,0.0,0.0,1.0,0.0,1.0,0.0
0,30,8.185975235621267,0.0,1.0,0.0,1.0,0.0,0.0,0.0
1,30,9.034007804382563,1.401640603171806,0.0,0.0,0.0,0.0,0.0,1.0
2,30,4.780603619165516,7.851636434195165,0.0,1.0,0.0,0.0,0.0,0.0
3,30,5.335623610601576,7.737548202472161,0.0,0.0,1.0,1.0,0.0,0.0
4,30,10.46856806936767,2.686961546433309,0.0,0.0,0.0,0.0,1.0,0.0
5,30,0.8280819493990876,8.915393370005253,0.0,0.0,0.0,1.0,0.0,1.0
6,30,8.894905608540997,0.0,0.0,1.0,0.0,1.0,0.0,0.0
7,30,1.8417644915193547,9.44599231197554,0.0,0.0,1.0,1.0,0.0,1.0
8,30,5.363261013386542,11.195582493859316,0.0,0.0,1.0,1.0,0.0,1.0
9,30,0.9491631977210176,1.2587177058638912,1.0,1.0,0.0,0.0,0.0,0.0
10,30,9.899402385563754,12.0,1.0,0.0,0.0,0.0,1.0,0.0
11,30,3.196769565550168,5.251376351052455,0.0,1.0,1.0,0.0,1.0,1.0
12,30,12.0,2.49239056589426,0.0,0.0,0.0,0.0,0.0,1.0
13,30,0.9755097030485218,8.078735767547794,1.0,0.0,1.0,1.0,1.0,1.0
14,30,7.8892775044058,2.6452196358163818,0.0,0.0,1.0,0.0,1.0,1.0
15,30,0.0,0.3942963149973231,1.0,0.0,0.0,0.0,1.0,1.0
16,30,12.0,0.8402763761077837,0.0,1.0,0.0,0.0,1.0,1.0
17,30,8.685878070017374,11.281789648412971,0.0,1.0,0.0,1.0,0.0,0.0
18,30,10.94266850027118,9.640107387207236,0.0,0.0,1.0,1.0,0.0,0.0
19,30,11.377318983056847,12.0,1.0,1.0,0.0,0.0,0.0,1.0
20,30,5.269934036202414,0.0,1.0,0.0,0.0,1.0,0.0,1.0
21,30,8.65563506078166,4.248439344739014,0.0,1.0,1.0,0.0,0.0,0.0
22,30,2.8437239602120523,8.544326423449736,1.0,1.0,0.0,0.0,0.0,0.0
23,30,12.0,3.3381078420094243,0.0,1.0,0.0,1.0,0.0,0.0
24,30,6.6556126181433255,3.875165898358257,0.0,1.0,0.0,0.0,1.0,0.0
25,30,11.011614227287035,0.5177166662827627,1.0,0.0,1.0,0.0,0.0,1.0
26,30,8.820881580402501,9.70219419102524,0.0,0.0,1.0,1.0,1.0,0.0
27,30,11.364113495181508,0.0,1.0,1.0,0.0,0.0,1.0,0.0
28,30,2.483230719973635,0.1858561256927861,1.0,1.0,0.0,0.0,0.0,1.0
29,30,11.81392273039384,12.0,1.0,1.0,1.0,0.0,0.0,0.0
30,30,5.394889116218448,5.633413339631589,1.0,0.0,0.0,1.0,0.0,0.0
31,30,6.525432990248545,1.1315713022481535,1.0,1.0,1.0,0.0,0.0,0.0
32,30,5.995591736973599,5.996093604708021,0.0,1.0,0.0,1.0,1.0,0.0
33,30,9.199071921797628,8.380444050450697,0.0,0.0,1.0,0.0,0.0,0.0
34,30,7.715168973041714,8.252458477422442,1.0,1.0,0.0,0.0,0.0,1.0
35,30,6.675621548832222,6.556239118097685,0.0,0.0,0.0,0.0,0.0,0.0
36,30,4.604724461248553,3.3686137483619447,1.0,0.0,0.0,0.0,1.0,1.0
37,30,3.6844358352379594,4.695241774562255,0.0,0.0,1.0,1.0,0.0,1.0
38,30,3.546354427782292,7.728148392477426,0.0,1.0,0.0,0.0,0.0,1.0
39,30,1.0043153920725048,0.9515883588246647,0.0,0.0,1.0,0.0,1.0,0.0
0,35,8.200938464979455,0.0,1.0,0.0,1.0,0.0,0.0,0.0
1,35,9.039693544114648,1.4591955910518064,0.0,0.0,0.0,0.0,0.0,1.0
2,35,4.7343307246859,7.818106503346242,0.0,1.0,0.0,0.0,0.0,0.0
3,35,5.412302481939824,7.676705964275596,0.0,0.0,1.0,1.0,0.0,0.0
4,35,10.34025572706529,2.6110348074319965,0.0,0.0,0.0,0.0,1.0,0.0
5,35,0.8529067209553564,8.928360244677359,0.0,0.0,0.0,1.0,0.0,1.0
6,35,8.88034401467886,0.0,0.0,1.0,0.0,1.0,0.0,0.0
7,35,1.8239047611742811,9.504004675601362,0.0,0.0,1.0,1.0,0.0,1.0
8,35,5.281344582484537,11.218024473715465,0.0,0.0,1.0,1.0,0.0,1.0
9,35,0.9370545930050276,1.3208218085690924,1.0,1.0,0.0,0.0,0.0,0.0
10,35,9.890174489986151,12.0,1.0,0.0,0.0,0.0,1.0,0.0
11,35,3.2188248445797947,5.279379799802163,0.0,1.0,1.0,0.0,1.0,1.0
12,35,12.0,2.546229710651706,0.0,0.0,0.0,0.0,0.0,1.0
13,35,0.9787995519843484,8.064558684920039,1.0,0.0,1.0,1.0,1.0,1.0
14,35,7.875633438314118,2.6065734819367914,0.0,0.0,1.0,0.0,1.0,1.0
15,35,0.0,0.4340691148613156,1.0,0.0,0.0,0.0,1.0,1.0
16,35,12.0,0.8088318581965037,0.0,1.0,0.0,0.0,1.0,1.0
17,35,8.642458276032801,11.32045714396084,0.0,1.0,0.0,1.0,0.0,0.0
18,35,10.938797257945687,9.611900249600438,0.0,0.0,1.0,1.0,0.0,0.0
19,35,11.436138249750169,12.0,1.0,1.0,0.0,0.0,0.0,1.0
20,35,5.303204927254087,0.0,1.0,0.0,0.0,1.0,0.0,1.0
21,35,8.636154329927093,4.263237425681777,0.0,1.0,1.0,0.0,0.0,0.0
22,35,2.824640640457888,8.485177816111374,1.0,1.0,0.0,0.0,0.0,0.0
23,35,12.0,3.448631129526539,0.0,1.0,0.0,1.0,0.0,0.0
24,35,6.583662970499207,3.8459990642149897,0.0,1.0,0.0,0.0,1.0,0.0
25,35,11.0167436399092,0.448353987869371,1.0,0.0,1.0,0.0,0.0,1.0
26,35,8.801874598390551,9.673133710532085,0.0,0.0,1.0,1.0,1.0,0.0
27,35,11.44301183508869,0.0,1.0,1.0,0.0,0.0,1.0,0.0
28,35,2.563500848494789,0.2185413634433492,1.0,1.0,0.0,0.0,0.0,1.0
29,35,11.796917149172096,12.0,1.0,1.0,1.0,0.0,0.0,0.0
30,35,5.260156907328343,5.5566064666875326,1.0,0.0,0.0,1.0,0.0,0.0
31,35,6.597042804380094,1.1513027345210505,1.0,1.0,1.0,0.0,0.0,0.0
32,35,6.007585088666354,6.010900676338755,0.0,1.0,0.0,1.0,1.0,0.0
33,35,9.212997503579562,8.405782074815379,0.0,0.0,1.0,0.0,0.0,0.0
34,35,7.741295775821824,8.281465013680764,1.0,1.0,0.0,0.0,0.0,1.0
35,35,6.63277412506934,6.632535480113796,0.0,0.0,0.0,0.0,0.0,0.0
36,35,4.541234669749705,3.4259494210199755,1.0,0.0,0.0,0.0,1.0,1.0
37,35,3.6418306603358,4.61735364745735,0.0,0.0,1.0,1.0,0.0,1.0
38,35,3.478403686173608,7.682932232997293,0.0,1.0,0.0,0.0,0.0,1.0
39,35,1.0049451361604222,0.9484199995765028,0.0,0.0,1.0,0.0,1.0,0.0
0,40,8.214183275343172,0.0,1.0,0.0,1.0,0.0,0.0,0.0
1,40,9.04339751539604,1.508326089283189,0.0,0.0,0.0,0.0,0.0,1.0
2,40,4.688283019598168,7.783405920415765,0.0,1.0,0.0,0.0,0.0,0.0
3,40,5.478648790842482,7.6231457725497425,0.0,0.0,1.0,1.0,0.0,0.0
4,40,10.200526126930953,2.525219006442644,0.0,0.0,0.0,0.0,1.0,0.0
5,40,0.9014592567563906,8.953886244918468,0.0,0.0,0.0,1.0,0.0,1.0
6,40,8.856126029910211,0.0,0.0,1.0,0.0,1.0,0.0,0.0
7,40,1.8065905275893743,9.564225143646036,0.0,0.0,1.0,1.0,0.0,1.0
8,40,5.218427223916349,11.236758484679775,0.0,0.0,1.0,1.0,0.0,1.0
9,40,0.918680246301992,1.4056033329444049,1.0,1.0,0.0,0.0,0.0,0.0
10,40,9.877414439686367,12.0,1.0,0.0,0.0,0.0,1.0,0.0
11,40,3.236162981395935,5.3024835039436,0.0,1.0,1.0,0.0,1.0,1.0
12,40,12.0,2.583294830753483,0.0,0.0,0.0,0.0,0.0,1.0
13,40,0.9820048599148214,8.048223854250619,1.0,0.0,1.0,1.0,1.0,1.0
14,40,7.857792562837603,2.5571258585879324,0.0,0.0,1.0,0.0,1.0,1.0
15,40,0.0,0.4655875741819877,1.0,0.0,0.0,0.0,1.0,1.0
16,40,12.0,0.7748643829449692,0.0,1.0,0.0,0.0,1.0,1.0
17,40,8.593820567560233,11.361891047241834,0.0,1.0,0.0,1.0,0.0,0.0
18,40,10.93131430053013,9.56701378082531,0.0,0.0,1.0,1.0,0.0,0.0
19,40,11.500463385032177,12.0,1.0,1.0,0.0,0.0,0.0,1.0
20,40,5.33071388428307,0.0,1.0,0.0,0.0,1.0,0.0,1.0
21,40,8.614633236160259,4.278677013465857,0.0,1.0,1.0,0.0,0.0,0.0
22,40,2.898835896801233,8.461651472050374,1.0,1.0,0.0,0.0,0.0,0.0
23,40,12.0,3.5561705683802853,0.0,1.0,0.0,1.0,0.0,0.0
24,40,6.509294882716708,3.815074152334296,0.0,1.0,0.0,0.0,1.0,0.0
25,40,11.021066436700949,0.3688622236543051,1.0,0.0,1.0,0.0,0.0,1.0
26,40,8.802086215600745,9.673448824848707,0.0,0.0,1.0,1.0,1.0,0.0
27,40,11.511415702176672,0.0,1.0,1.0,0.0,0.0,1.0,0.0
28,40,2.657147856825455,0.2557238652615224,1.0,1.0,0.0,0.0,0.0,1.0
29,40,11.77215235632088,12.0,1.0,1.0,1.0,0.0,0.0,0.0
30,40,5.133065930734979,5.482192589833489,1.0,0.0,0.0,1.0,0.0,0.0
31,40,6.668036350034555,1.1709204252063068,1.0,1.0,1.0,0.0,0.0,0.0
32,40,5.997633730093848,5.998955461194819,0.0,1.0,0.0,1.0,1.0,0.0
33,40,9.21435972143212,8.40830370680423,0.0,0.0,1.0,0.0,0.0,0.0
34,40,7.769336086009238,8.313415005935093,1.0,1.0,0.0,0.0,0.0,1.0
35,40,6.594082655315082,6.702463349267939,0.0,0.0,0.0,0.0,0.0,0.0
36,40,4.471436198999103,3.489095171553534,1.0,0.0,0.0,0.0,1.0,1.0
37,40,3.588867673768299,4.521789815623715,0.0,0.0,1.0,1.0,0.0,1.0
38,40,3.410068060142396,7.637425466321186,0.0,1.0,0.0,0.0,0.0,1.0
39,40,1.0064927264923,0.9411480832589308,0.0,0.0,1.0,0.0,1.0,0.0
0,45,8.237713627739856,0.0,1.0,0.0,1.0,0.0,0.0,0.0
1,45,9.046080868597825,1.5443765901162805,0.0,0.0,0.0,0.0,0.0,1.0
2,45,4.641284861662712,7.7493616087598305,0.0,1.0,0.0,0.0,0.0,0.0
3,45,5.541726250142534,7.571708907430769,0.0,0.0,1.0,1.0,0.0,0.0
4,45,10.089080334646166,2.457670670586061,0.0,0.0,0.0,0.0,1.0,0.0
5,45,0.9398865121623678,8.974567355650406,0.0,0.0,0.0,1.0,0.0,1.0
6,45,8.833789981668495,0.0,0.0,1.0,0.0,1.0,0.0,0.0
7,45,1.7935363713745125,9.607364428344097,0.0,0.0,1.0,1.0,0.0,1.0
8,45,5.159600886942823,11.253560648169527,0.0,0.0,1.0,1.0,0.0,1.0
9,45,0.9056120006233446,1.4825764587207286,1.0,1.0,0.0,0.0,0.0,0.0
10,45,9.864635653581486,12.0,1.0,0.0,0.0,0.0,1.0,0.0
11,45,3.250645453533073,5.321304995862157,0.0,1.0,1.0,0.0,1.0,1.0
12,45,12.0,2.6028918748147047,0.0,0.0,0.0,0.0,0.0,1.0
13,45,0.986608717932502,8.020190541868304,1.0,0.0,1.0,1.0,1.0,1.0
14,45,7.843201779926357,2.516720239644863,0.0,0.0,1.0,0.0,1.0,1.0
15,45,0.0,0.49722396660878,1.0,0.0,0.0,0.0,1.0,1.0
16,45,12.0,0.7389402054383211,0.0,1.0,0.0,0.0,1.0,1.0
17,45,8.56295586871057,11.387342086570076,0.0,1.0,0.0,1.0,0.0,0.0
18,45,10.927277664271625,9.544934332421578,0.0,0.0,1.0,1.0,0.0,0.0
19,45,11.55829561457279,12.0,1.0,1.0,0.0,0.0,0.0,1.0
20,45,5.3589188893954365,0.0,1.0,0.0,0.0,1.0,0.0,1.0
21,45,8.587367935565746,4.296882336257945,0.0,1.0,1.0,0.0,0.0,0.0
22,45,2.9634708505937155,8.43868813098517,1.0,1.0,0.0,0.0,0.0,0.0
23,45,12.0,3.661208718287223,0.0,1.0,0.0,1.0,0.0,0.0
24,45,6.438405552042324,3.790142952527397,0.0,1.0,0.0,0.0,1.0,0.0
25,45,11.023005118468747,0.3342044469832679,1.0,0.0,1.0,0.0,0.0,1.0
26,45,8.795088798446528,9.661433460032056,0.0,0.0,1.0,1.0,1.0,0.0
27,45,11.590659450025916,0.0,1.0,1.0,0.0,0.0,1.0,0.0
28,45,2.73967302797964,0.2852213263214891,1.0,1.0,0.0,0.0,0.0,1.0
29,45,11.749238528947046,12.0,1.0,1.0,1.0,0.0,0.0,0.0
30,45,4.996933993624059,5.408305848404101,1.0,0.0,0.0,1.0,0.0,0.0
31,45,6.755233723388689,1.1935212481789703,1.0,1.0,1.0,0.0,0.0,0.0
32,45,5.983327909702178,5.981960208983856,0.0,1.0,0.0,1.0,1.0,0.0
33,45,9.218601199344723,8.416310155869958,0.0,0.0,1.0,0.0,0.0,0.0
34,45,7.793415166416118,8.340264196943918,1.0,1.0,0.0,0.0,0.0,1.0
35,45,6.559555819774034,6.764067466891502,0.0,0.0,0.0,0.0,0.0,0.0
36,45,4.402782731902956,3.548615359502536,1.0,0.0,0.0,0.0,1.0,1.0
37,45,3.534357719300382,4.425360590710803,0.0,0.0,1.0,1.0,0.0,1.0
38,45,3.3562756985844846,7.60299445084181,0.0,1.0,0.0,0.0,0.0,1.0
39,45,1.0094318724723574,0.926731930446535,0.0,0.0,1.0,0.0,1.0,0.0
0,50,8.261545647922544,0.0,1.0,0.0,1.0,0.0,0.0,0.0
1,50,9.048416972961656,1.5788720689189868,0.0,0.0,0.0,0.0,0.0,1.0
2,50,4.615449258334693,7.731181452952736,0.0,1.0,0.0,0.0,0.0,0.0
3,50,5.615597672329378,7.513476998661519,0.0,0.0,1.0,1.0,0.0,0.0
4,50,9.983143136342644,2.393780963031196,0.0,0.0,0.0,0.0,1.0,0.0
5,50,0.9625581853967028,8.986603024364172,0.0,0.0,0.0,1.0,0.0,1.0
6,50,8.82047230086273,0.0,0.0,1.0,0.0,1.0,0.0,0.0
7,50,1.7826115314142272,9.641445415797806,0.0,0.0,1.0,1.0,0.0,1.0
8,50,5.078657430797851,11.275158259344128,0.0,0.0,1.0,1.0,0.0,1.0
9,50,0.8911479687895183,1.562931925992768,1.0,1.0,0.0,0.0,0.0,0.0
10,50,9.849332070561951,12.0,1.0,0.0,0.0,0.0,1.0,0.0
11,50,3.2525865427849627,5.32389300378505,0.0,1.0,1.0,0.0,1.0,1.0
12,50,12.0,2.632845598015349,0.0,0.0,0.0,0.0,0.0,1.0
13,50,0.9887262000108892,8.008993230648239,1.0,0.0,1.0,1.0,1.0,1.0
14,50,7.828072263058167,2.470220855184319,0.0,0.0,1.0,0.0,1.0,1.0
15,50,0.0,0.5336334453231002,1.0,0.0,0.0,0.0,1.0,1.0
16,50,12.0,0.6998141659894943,0.0,1.0,0.0,0.0,1.0,1.0
17,50,8.545860909372148,11.40159594209824,0.0,1.0,0.0,1.0,0.0,0.0
18,50,10.926302032302972,9.540090738775604,0.0,0.0,1.0,1.0,0.0,0.0
19,50,11.614215331657327,11.944052343829348,1.0,1.0,0.0,0.0,0.0,1.0
20,50,5.396557795001308,0.0,1.0,0.0,0.0,1.0,0.0,1.0
21,50,8.548007381925062,4.321774026989956,0.0,1.0,1.0,0.0,0.0,0.0
22,50,3.0350230815874606,8.4152136086016,1.0,1.0,0.0,0.0,0.0,0.0
23,50,12.0,3.753946002990022,0.0,1.0,0.0,1.0,0.0,0.0
24,50,6.361682163744394,3.7636377169190975,0.0,1.0,0.0,0.0,1.0,0.0
25,50,11.025130856802878,0.2880041266012513,1.0,0.0,1.0,0.0,0.0,1.0
26,50,8.774620026669696,9.627653906461935,0.0,0.0,1.0,1.0,1.0,0.0
27,50,11.667077999170994,0.0,1.0,1.0,0.0,0.0,1.0,0.0
28,50,2.825325808855112,0.3165995897428635,1.0,1.0,0.0,0.0,0.0,1.0
29,50,11.729565231227555,12.0,1.0,1.0,1.0,0.0,0.0,0.0
30,50,4.856704606100632,5.3301317670122215,1.0,0.0,0.0,1.0,0.0,0.0
31,50,6.838371948258511,1.2149682547968674,1.0,1.0,1.0,0.0,0.0,0.0
32,50,5.964789035543581,5.958464591254848,0.0,1.0,0.0,1.0,1.0,0.0
33,50,9.223286715375089,8.42547115681118,0.0,0.0,1.0,0.0,0.0,0.0
34,50,7.807399238681609,8.355538865131162,1.0,1.0,0.0,0.0,0.0,1.0
35,50,6.53268276265759,6.812108952651218,0.0,0.0,0.0,0.0,0.0,0.0
36,50,4.324531915978492,3.6153587108183927,1.0,0.0,0.0,0.0,1.0,1.0
37,50,3.4750230290048085,4.321593177576454,0.0,0.0,1.0,1.0,0.0,1.0
38,50,3.3065341611241044,7.571107522929044,0.0,1.0,0.0,0.0,0.0,1.0
39,50,1.0120624147847903,0.9131924883472508,0.0,0.0,1.0,0.0,1.0,0.0
0,55,8.277570704253394,0.0,1.0,0.0,1.0,0.0,0.0,0.0
1,55,9.050898807334647,1.6101834776199453,0.0,0.0,0.0,0.0,0.0,1.0
2,55,4.581107879070587,7.706841467221235,0.0,1.0,0.0,0.0,0.0,0.0
3,55,5.689192612991854,7.45567953973906,0.0,0.0,1.0,1.0,0.0,0.0
4,55,9.878131345017856,2.3324184263082337,0.0,0.0,0.0,0.0,1.0,0.0
5,55,0.9697060492051756,8.99044190288365,0.0,0.0,0.0,1.0,0.0,1.0
6,55,8.812408322887253,0.0,0.0,1.0,0.0,1.0,0.0,0.0
7,55,1.7607792488050928,9.7081016022357,0.0,0.0,1.0,1.0,0.0,1.0
8,55,4.992766161543894,11.295574341175422,0.0,0.0,1.0,1.0,0.0,1.0
9,55,0.8761609485633541,1.6478990036810743,1.0,1.0,0.0,0.0,0.0,0.0
10,55,9.840600147217485,12.0,1.0,0.0,0.0,0.0,1.0,0.0
11,55,3.2630059233093216,5.338747645029018,0.0,1.0,1.0,0.0,1.0,1.0
12,55,12.0,2.6590930062331397,0.0,0.0,0.0,0.0,0.0,1.0
13,55,0.9900996274006696,8.00169943043342,1.0,0.0,1.0,1.0,1.0,1.0
14,55,7.802879521841488,2.396445809912194,0.0,0.0,1.0,0.0,1.0,1.0
15,55,0.0,0.577099705064782,1.0,0.0,0.0,0.0,1.0,1.0
16,55,12.0,0.6613219877552673,0.0,1.0,0.0,0.0,1.0,1.0
17,55,8.573461798552252,11.43453860110139,0.0,1.0,0.0,1.0,0.0,0.0
18,55,10.92094235282651,9.514143971966844,0.0,0.0,1.0,1.0,0.0,0.0
19,55,11.656835885504846,11.900083822263868,1.0,1.0,0.0,0.0,0.0,1.0
20,55,5.442084095116802,0.0,1.0,0.0,0.0,1.0,0.0,1.0
21,55,8.499165684318013,4.352176625031994,0.0,1.0,1.0,0.0,0.0,0.0
22,55,3.110731805452351,8.390994553465617,1.0,1.0,0.0,0.0,0.0,0.0
23,55,12.0,3.824361480875513,0.0,1.0,0.0,1.0,0.0,0.0
24,55,6.294636219856214,3.7408752089220583,0.0,1.0,0.0,0.0,1.0,0.0
25,55,11.026753598183,0.260968641610603,1.0,0.0,1.0,0.0,0.0,1.0
26,55,8.739348762854759,9.57303653790621,0.0,0.0,1.0,1.0,1.0,0.0
27,55,11.651821517861494,0.0,1.0,1.0,0.0,0.0,1.0,0.0
28,55,2.9162263377103117,0.3461654580983883,1.0,1.0,0.0,0.0,0.0,1.0
29,55,11.70922507087398,12.0,1.0,1.0,1.0,0.0,0.0,0.0
30,55,4.700622795069551,5.244660165554282,1.0,0.0,0.0,1.0,0.0,0.0
31,55,6.938536816156881,1.2430835454625808,1.0,1.0,1.0,0.0,0.0,0.0
32,55,5.942441115761791,5.930886028482701,0.0,1.0,0.0,1.0,1.0,0.0
33,55,9.233926639560766,8.446396483565128,0.0,0.0,1.0,0.0,0.0,0.0
34,55,7.819754047626412,8.368698147870175,1.0,1.0,0.0,0.0,0.0,1.0
35,55,6.503100128472826,6.864946511700961,0.0,0.0,0.0,0.0,0.0,0.0
36,55,4.242720841220041,3.684646981701389,1.0,0.0,0.0,0.0,1.0,1.0
37,55,3.4129008574406026,4.21385231601456,0.0,0.0,1.0,1.0,0.0,1.0
38,55,3.246996489989149,7.534691457393177,0.0,1.0,0.0,0.0,0.0,1.0
39,55,1.0171082603762809,0.8852683133965654,0.0,0.0,1.0,0.0,1.0,0.0
0,60,8.287366811876,0.0,1.0,0.0,1.0,0.0,0.0,0.0
1,60,9.054663637176647,1.6479048975845672,0.0,0.0,0.0,0.0,0.0,1.0
2,60,4.540440298320295,7.678573596085249,0.0,1.0,0.0,0.0,0.0,0.0
3,60,5.753634627546056,7.407409029701922,0.0,0.0,1.0,1.0,0.0,0.0
4,60,9.784071546853289,2.279526944242156,0.0,0.0,0.0,0.0,1.0,0.0
5,60,0.945471581438499,8.977686525302788,0.0,0.0,0.0,1.0,0.0,1.0
6,60,8.795111751116906,0.0,0.0,1.0,0.0,1.0,0.0,0.0
7,60,1.7396732934838943,9.77612686389166,0.0,0.0,1.0,1.0,0.0,1.0
8,60,4.915013172435013,11.31450044402343,0.0,0.0,1.0,1.0,0.0,1.0
9,60,0.85982344740233,1.7283150925026056,1.0,1.0,0.0,0.0,0.0,0.0
10,60,9.831331074164956,12.0,1.0,0.0,0.0,0.0,1.0,0.0
11,60,3.266161504559952,5.34313941850451,0.0,1.0,1.0,0.0,1.0,1.0
12,60,12.0,2.690066988593767,0.0,0.0,0.0,0.0,0.0,1.0
13,60,0.9938017861743264,7.981659584971388,1.0,0.0,1.0,1.0,1.0,1.0
14,60,7.781705621295131,2.333291434846549,0.0,0.0,1.0,0.0,1.0,1.0
15,60,0.0,0.6172316722738287,1.0,0.0,0.0,0.0,1.0,1.0
16,60,12.0,0.6186450634079805,0.0,1.0,0.0,0.0,1.0,1.0
17,60,8.610347412611196,11.479919486180597,0.0,1.0,0.0,1.0,0.0,0.0
18,60,10.919156308485393,9.505961816022278,0.0,0.0,1.0,1.0,0.0,0.0
19,60,11.70864794097056,11.846496571464924,1.0,1.0,0.0,0.0,0.0,1.0
20,60,5.479667198260436,0.0,1.0,0.0,0.0,1.0,0.0,1.0
21,60,8.456440178351926,4.378119529137005,0.0,1.0,1.0,0.0,0.0,0.0
22,60,3.166111572040616,8.3735356332898,1.0,1.0,0.0,0.0,0.0,0.0
23,60,12.0,3.8937009651457095,0.0,1.0,0.0,1.0,0.0,0.0
24,60,6.225563433919104,3.7166227088649686,0.0,1.0,0.0,0.0,1.0,0.0
25,60,11.027601751338638,0.2393153051274305,1.0,0.0,1.0,0.0,0.0,1.0
26,60,8.70547281068614,9.520634355195652,0.0,0.0,1.0,1.0,1.0,0.0
27,60,11.634805503807224,0.0,1.0,1.0,0.0,0.0,1.0,0.0
28,60,3.002621392287629,0.3748834450570543,1.0,1.0,0.0,0.0,0.0,1.0
29,60,11.6833438687482,12.0,1.0,1.0,1.0,0.0,0.0,0.0
30,60,4.538309372332019,5.158733069360656,1.0,0.0,0.0,1.0,0.0,0.0
31,60,7.064578016492308,1.279597209286085,1.0,1.0,1.0,0.0,0.0,0.0
32,60,5.92484851476261,5.909370530810197,0.0,1.0,0.0,1.0,1.0,0.0
33,60,9.252212566832116,8.48210705988912,0.0,0.0,1.0,0.0,0.0,0.0
34,60,7.835013341228945,8.385772368217324,1.0,1.0,0.0,0.0,0.0,1.0
35,60,6.466127297632353,6.935937091748716,0.0,0.0,0.0,0.0,0.0,0.0
36,60,4.160430839096373,3.752448769722648,1.0,0.0,0.0,0.0,1.0,1.0
37,60,3.35777863959354,4.119684675996491,0.0,0.0,1.0,1.0,0.0,1.0
38,60,3.18536363384558,7.49919399166998,0.0,1.0,0.0,0.0,0.0,1.0
39,60,1.0253080121586795,0.8438319089595517,0.0,0.0,1.0,0.0,1.0,0.0
0,65,8.272170117776463,0.0207918519575487,1.0,0.0,1.0,0.0,0.0,0.0
1,65,9.06092772827281,1.7018513923734768,0.0,0.0,0.0,0.0,0.0,1.0
2,65,4.49164379300085,7.644667070996244,0.0,1.0,0.0,0.0,0.0,0.0
3,65,5.829826873190937,7.350839399800481,0.0,0.0,1.0,1.0,0.0,0.0
4,65,9.694547729656584,2.229916934568617,0.0,0.0,0.0,0.0,1.0,0.0
5,65,0.9328984864167412,8.971536920325594,0.0,0.0,0.0,1.0,0.0,1.0
6,65,8.767495360993218,0.0,0.0,1.0,0.0,1.0,0.0,0.0
7,65,1.721242962006174,9.832355552613391,0.0,0.0,1.0,1.0,0.0,1.0
8,65,4.851536784159152,11.330219232575434,0.0,0.0,1.0,1.0,0.0,1.0
9,65,0.8419443605362511,1.8206044433070443,1.0,1.0,0.0,0.0,0.0,0.0
10,65,9.822852576022033,12.0,1.0,0.0,0.0,0.0,1.0,0.0
11,65,3.258075525344136,5.332029840115046,0.0,1.0,1.0,0.0,1.0,1.0
12,65,12.0,2.7209409385010583,0.0,0.0,0.0,0.0,0.0,1.0
13,65,0.9992887268637556,7.954154479578269,1.0,0.0,1.0,1.0,1.0,1.0
14,65,7.757197975307947,2.2692246780746235,0.0,0.0,1.0,0.0,1.0,1.0
15,65,0.0,0.6650926649762964,1.0,0.0,0.0,0.0,1.0,1.0
16,65,12.0,0.582904691332605,0.0,1.0,0.0,0.0,1.0,1.0
17,65,8.645756966298759,11.525290515518268,0.0,1.0,0.0,1.0,0.0,0.0
18,65,10.918978996387851,9.505195276893778,0.0,0.0,1.0,1.0,0.0,0.0
19,65,11.76135457016741,11.792676293422634,1.0,1.0,0.0,0.0,0.0,1.0
20,65,5.507698936063351,0.0,1.0,0.0,0.0,1.0,0.0,1.0
21,65,8.406625678389037,4.40851703278677,0.0,1.0,1.0,0.0,0.0,0.0
22,65,3.22958865338205,8.3530681637534,1.0,1.0,0.0,0.0,0.0,0.0
23,65,12.0,3.964355579752295,0.0,1.0,0.0,1.0,0.0,0.0
24,65,6.146633712932297,3.686512800534258,0.0,1.0,0.0,0.0,1.0,0.0
25,65,11.027961510456729,0.2277031499686493,1.0,0.0,1.0,0.0,0.0,1.0
26,65,8.675551075274361,9.475898008847944,0.0,0.0,1.0,1.0,1.0,0.0
27,65,11.613889528932711,0.0,1.0,1.0,0.0,0.0,1.0,0.0
28,65,3.091951403001583,0.4024796585744419,1.0,1.0,0.0,0.0,0.0,1.0
29,65,11.656869930323351,12.0,1.0,1.0,1.0,0.0,0.0,0.0
30,65,4.377236136142401,5.077849223916293,1.0,0.0,0.0,1.0,0.0,0.0
31,65,7.210597274900141,1.3214880435457124,1.0,1.0,1.0,0.0,0.0,0.0
32,65,5.917480957864972,5.900205962336172,0.0,1.0,0.0,1.0,1.0,0.0
33,65,9.258415353619576,8.493268214095677,0.0,0.0,1.0,0.0,0.0,0.0
34,65,7.858630183796328,8.41353668010628,1.0,1.0,0.0,0.0,0.0,1.0
35,65,6.424953146601883,7.019283179630455,0.0,0.0,0.0,0.0,0.0,0.0
36,65,4.084311046778612,3.813079441046426,1.0,0.0,0.0,0.0,1.0,1.0
37,65,3.30370785461013,4.026360266682668,0.0,0.0,1.0,1.0,0.0,1.0
38,65,3.118413001239557,7.460537400952313,0.0,1.0,0.0,0.0,0.0,1.0
39,65,1.0320283636470322,0.8070581671301154,0.0,0.0,1.0,0.0,1.0,0.0
0,70,8.253524615173077,0.0473262951362213,1.0,0.0,1.0,0.0,0.0,0.0
1,70,9.070584433638404,1.7817858194151643,0.0,0.0,0.0,0.0,0.0,1.0
2,70,4.440014758390363,7.607620633557151,0.0,1.0,0.0,0.0,0.0,0.0
3,70,5.910914067904004,7.2900337249265075,0.0,0.0,1.0,1.0,0.0,0.0
4,70,9.613723656488526,2.1873550999391327,0.0,0.0,0.0,0.0,1.0,0.0
5,70,0.9283263049378896,8.96924395318834,0.0,0.0,0.0,1.0,0.0,1.0
6,70,8.745498089439588,0.0,0.0,1.0,0.0,1.0,0.0,0.0
7,70,1.7056388516767491,9.882310473689929,0.0,0.0,1.0,1.0,0.0,1.0
8,70,4.797438617820671,11.34468640710226,0.0,0.0,1.0,1.0,0.0,1.0
9,70,0.8288102100455693,1.8864640593393465,1.0,1.0,0.0,0.0,0.0,0.0
10,70,9.819294979550936,12.0,1.0,0.0,0.0,0.0,1.0,0.0
11,70,3.243905447757364,5.312736833115606,0.0,1.0,1.0,0.0,1.0,1.0
12,70,12.0,2.765841517761157,0.0,0.0,0.0,0.0,0.0,1.0
13,70,1.0081792744529892,7.911386224692789,1.0,0.0,1.0,1.0,1.0,1.0
14,70,7.731563488742092,2.204545409419587,0.0,0.0,1.0,0.0,1.0,1.0
15,70,0.0,0.7153052975677849,1.0,0.0,0.0,0.0,1.0,1.0
16,70,12.0,0.5372888810467,0.0,1.0,0.0,0.0,1.0,1.0
17,70,8.670453825936162,11.557449365491864,0.0,1.0,0.0,1.0,0.0,0.0
18,70,10.91381217634487,9.483450340379308,0.0,0.0,1.0,1.0,0.0,0.0
19,70,11.810256302761948,11.7453680331347,1.0,1.0,0.0,0.0,0.0,1.0
20,70,5.550580735887215,0.0,1.0,0.0,0.0,1.0,0.0,1.0
21,70,8.35668400599987,4.438481973067015,0.0,1.0,1.0,0.0,0.0,0.0
22,70,3.2836207925884078,8.336175516254878,1.0,1.0,0.0,0.0,0.0,0.0
23,70,12.0,4.015752286797673,0.0,1.0,0.0,1.0,0.0,0.0
24,70,6.082276130351468,3.661718126279228,0.0,1.0,0.0,0.0,1.0,0.0
25,70,11.027872557027385,0.2296099008785821,1.0,0.0,1.0,0.0,0.0,1.0
26,70,8.64927118509252,9.435918221700325,0.0,0.0,1.0,1.0,1.0,0.0
27,70,11.593401314086472,0.0,1.0,1.0,0.0,0.0,1.0,0.0
28,70,3.181656109082611,0.4300507438911348,1.0,1.0,0.0,0.0,0.0,1.0
29,70,11.640623668724444,12.0,1.0,1.0,1.0,0.0,0.0,0.0
30,70,4.217831009187231,4.997157783734673,1.0,0.0,0.0,1.0,0.0,0.0
31,70,7.3340532174416815,1.3588740200629157,1.0,1.0,1.0,0.0,0.0,0.0
32,70,5.93020255531466,5.916580117754658,0.0,1.0,0.0,1.0,1.0,0.0
33,70,9.273021952343155,8.520638150073749,0.0,0.0,1.0,0.0,0.0,0.0
34,70,7.87766118819698,8.436288079167774,1.0,1.0,0.0,0.0,0.0,1.0
35,70,6.385752591038095,7.098088169153077,0.0,0.0,0.0,0.0,0.0,0.0
36,70,4.01406970563689,3.8699316324629134,1.0,0.0,0.0,0.0,1.0,1.0
37,70,3.2466186699174844,3.930589029317746,0.0,0.0,1.0,1.0,0.0,1.0
38,70,3.048165090057684,7.419315979100603,0.0,1.0,0.0,0.0,0.0,1.0
39,70,1.0369222752513911,0.780115856406058,0.0,0.0,1.0,0.0,1.0,0.0
0,75,8.232720121588113,0.0761084377767922,1.0,0.0,1.0,0.0,0.0,0.0
1,75,9.07997211006628,1.8599885278903128,0.0,0.0,0.0,0.0,0.0,1.0
2,75,4.385116867095505,7.571431893536779,0.0,1.0,0.0,0.0,0.0,0.0
3,75,5.973090763717312,7.245854133291607,0.0,0.0,1.0,1.0,0.0,0.0
4,75,9.517488689831726,2.1383194760491424,0.0,0.0,0.0,0.0,1.0,0.0
5,75,0.9375395132827326,8.973904899036322,0.0,0.0,0.0,1.0,0.0,1.0
6,75,8.725869217033758,0.0,0.0,1.0,0.0,1.0,0.0,0.0
7,75,1.680087699079347,9.957835703588662,0.0,0.0,1.0,1.0,0.0,1.0
8,75,4.764953414215588,11.353790325624892,0.0,0.0,1.0,1.0,0.0,1.0
9,75,0.8208293768896445,1.9287045758952468,1.0,1.0,0.0,0.0,0.0,0.0
10,75,9.816947257453638,12.0,1.0,0.0,0.0,0.0,1.0,0.0
11,75,3.223200598118092,5.286058323773529,0.0,1.0,1.0,0.0,1.0,1.0
12,75,12.0,2.828972145941956,0.0,0.0,0.0,0.0,0.0,1.0
13,75,1.018895711145522,7.859436166386508,1.0,0.0,1.0,1.0,1.0,1.0
14,75,7.701845337564826,2.127909238888596,0.0,0.0,1.0,0.0,1.0,1.0
15,75,0.0,0.7429797024432531,1.0,0.0,0.0,0.0,1.0,1.0
16,75,12.0,0.4908737998961922,0.0,1.0,0.0,0.0,1.0,1.0
17,75,8.70371502884199,11.60141843336826,0.0,1.0,0.0,1.0,0.0,0.0
18,75,10.911843400081825,9.475414916156438,0.0,0.0,1.0,1.0,0.0,0.0
19,75,11.853979111055123,11.702791358390815,1.0,1.0,0.0,0.0,0.0,1.0
20,75,5.586908567844182,0.0,1.0,0.0,0.0,1.0,0.0,1.0
21,75,8.31390176398598,4.463634614707025,0.0,1.0,1.0,0.0,0.0,0.0
22,75,3.321193060900457,8.325002111396307,1.0,1.0,0.0,0.0,0.0,0.0
23,75,12.0,4.068224007655259,0.0,1.0,0.0,1.0,0.0,0.0
24,75,6.030225450873344,3.640475963466677,0.0,1.0,0.0,0.0,1.0,0.0
25,75,11.027874300687229,0.2295921484876346,1.0,0.0,1.0,0.0,0.0,1.0
26,75,8.639839580567719,9.421366413928956,0.0,0.0,1.0,1.0,1.0,0.0
27,75,11.57497772648536,0.0,1.0,1.0,0.0,0.0,1.0,0.0
28,75,3.270487385075832,0.4573490015396889,1.0,1.0,0.0,0.0,0.0,1.0
29,75,11.625340133621302,12.0,1.0,1.0,1.0,0.0,0.0,0.0
30,75,4.056766286859069,4.91305450595083,1.0,0.0,0.0,1.0,0.0,0.0
31,75,7.47685706199643,1.4026537959023395,1.0,1.0,1.0,0.0,0.0,0.0
32,75,5.908076207257692,5.93305532334371,0.0,1.0,0.0,1.0,1.0,0.0
33,75,9.284050467359302,8.542136003297944,0.0,0.0,1.0,0.0,0.0,0.0
34,75,7.906739408837101,8.470630105700243,1.0,1.0,0.0,0.0,0.0,1.0
35,75,6.352397140148373,7.169214035328671,0.0,0.0,0.0,0.0,0.0,0.0
36,75,3.937488739335668,3.933102417486338,1.0,0.0,0.0,0.0,1.0,1.0
37,75,3.1846254677684254,3.8226537227760153,0.0,0.0,1.0,1.0,0.0,1.0
38,75,2.986832950522323,7.382867217832623,0.0,1.0,0.0,0.0,0.0,1.0
39,75,1.044341358613461,0.7393900276439378,0.0,0.0,1.0,0.0,1.0,0.0
0,80,8.203734206231326,0.1153099618746111,1.0,0.0,1.0,0.0,0.0,0.0
1,80,9.091009872776048,1.9429003331236063,0.0,0.0,0.0,0.0,0.0,1.0
2,80,4.324887182420774,7.5333756086490835,0.0,1.0,0.0,0.0,0.0,0.0
3,80,6.052083100421492,7.190227164458888,0.0,0.0,1.0,1.0,0.0,0.0
4,80,9.431136084444995,2.091621460632144,0.0,0.0,0.0,0.0,1.0,0.0
5,80,0.9595407529838812,8.98585347200676,0.0,0.0,0.0,1.0,0.0,1.0
6,80,8.70309585463121,0.0,0.0,1.0,0.0,1.0,0.0,0.0
7,80,1.6497241012222146,10.048346754743278,0.0,0.0,1.0,1.0,0.0,1.0
8,80,4.729254614900788,11.363944770764622,0.0,0.0,1.0,1.0,0.0,1.0
9,80,0.816035476151543,1.956486300092881,1.0,1.0,0.0,0.0,0.0,0.0
10,80,9.813946220291491,12.0,1.0,0.0,0.0,0.0,1.0,0.0
11,80,3.2056920501354544,5.262935869545327,0.0,1.0,1.0,0.0,1.0,1.0
12,80,12.0,2.8826919427986204,0.0,0.0,0.0,0.0,0.0,1.0
13,80,1.02636291848317,7.820266605201617,1.0,0.0,1.0,1.0,1.0,1.0
14,80,7.674375716636815,2.0565136550664898,0.0,0.0,1.0,0.0,1.0,1.0
15,80,0.0,0.7602002018762389,1.0,0.0,0.0,0.0,1.0,1.0
16,80,12.0,0.4455360884679766,0.0,1.0,0.0,0.0,1.0,1.0
17,80,8.733504137417794,11.641307366304886,0.0,1.0,0.0,1.0,0.0,0.0
18,80,10.908593632744893,9.460900076125686,0.0,0.0,1.0,1.0,0.0,0.0
19,80,11.893235495022491,11.664672962281768,1.0,1.0,0.0,0.0,0.0,1.0
20,80,5.621249383240248,0.0,1.0,0.0,0.0,1.0,0.0,1.0
21,80,8.265822633909508,4.491310527381385,0.0,1.0,1.0,0.0,0.0,0.0
22,80,3.359943920930279,8.31406560114482,1.0,1.0,0.0,0.0,0.0,0.0
23,80,12.0,4.111464956097853,0.0,1.0,0.0,1.0,0.0,0.0
24,80,5.972259852159448,3.6192044082377577,0.0,1.0,0.0,0.0,1.0,0.0
25,80,11.029316152507876,0.2181419568905157,1.0,0.0,1.0,0.0,0.0,1.0
26,80,8.632117285846535,9.409053862310172,0.0,0.0,1.0,1.0,1.0,0.0
27,80,11.553108980959497,0.0,1.0,1.0,0.0,0.0,1.0,0.0
28,80,3.3667925057176458,0.4879207787651114,1.0,1.0,0.0,0.0,0.0,1.0
29,80,11.621292223357846,12.0,1.0,1.0,1.0,0.0,0.0,0.0
30,80,3.902992418806528,4.830291590579897,1.0,0.0,0.0,1.0,0.0,0.0
31,80,7.609012016039819,1.4415942043510277,1.0,1.0,1.0,0.0,0.0,0.0
32,80,5.886144965793354,5.949763794661715,0.0,1.0,0.0,1.0,1.0,0.0
33,80,9.291269083516992,8.555971549723084,0.0,0.0,1.0,0.0,0.0,0.0
34,80,7.9345452526887295,8.502828246916149,1.0,1.0,0.0,0.0,0.0,1.0
35,80,6.314444118419394,7.251830355419427,0.0,0.0,0.0,0.0,0.0,0.0
36,80,3.840917683831157,4.013211555045228,1.0,0.0,0.0,0.0,1.0,1.0
37,80,3.121042801158174,3.7170372981217623,0.0,0.0,1.0,1.0,0.0,1.0
38,80,3.017902874478739,7.3319112740849075,0.0,1.0,0.0,0.0,0.0,1.0
39,80,1.05280588912251,0.6833170799880443,0.0,0.0,1.0,0.0,1.0,0.0
0,85,8.163349246419092,0.1695042398735171,1.0,0.0,1.0,0.0,0.0,0.0
1,85,9.10312388539624,2.0300916440427024,0.0,0.0,0.0,0.0,0.0,1.0
2,85,4.264368143386163,7.496187686828278,0.0,1.0,0.0,0.0,0.0,0.0
3,85,6.15900308899252,7.121337988305303,0.0,0.0,1.0,1.0,0.0,0.0
4,85,9.340438993604025,2.043518539250306,0.0,0.0,0.0,0.0,1.0,0.0
5,85,0.9756486580777072,8.994480635753682,0.0,0.0,0.0,1.0,0.0,1.0
6,85,8.677783471297115,0.0,0.0,1.0,0.0,1.0,0.0,0.0
7,85,1.6146280194128475,10.14864588369741,0.0,0.0,1.0,1.0,0.0,1.0
8,85,4.722556650536927,11.365969630897672,0.0,0.0,1.0,1.0,0.0,1.0
9,85,0.8133748317804801,1.9709937661424632,1.0,1.0,0.0,0.0,0.0,0.0
10,85,9.815217456077326,11.995116316513329,1.0,0.0,0.0,0.0,1.0,0.0
11,85,3.177053555936712,5.224973896993771,0.0,1.0,1.0,0.0,1.0,1.0
12,85,12.0,2.933279318327137,0.0,0.0,0.0,0.0,0.0,1.0
13,85,1.0325319310306682,7.790766998232868,1.0,0.0,1.0,1.0,1.0,1.0
14,85,7.649848623481666,1.9922741332975669,0.0,0.0,1.0,0.0,1.0,1.0
15,85,0.0,0.7891519728964731,1.0,0.0,0.0,0.0,1.0,1.0
16,85,12.0,0.3916928022255966,0.0,1.0,0.0,0.0,1.0,1.0
17,85,8.758278196216343,11.673423621908691,0.0,1.0,0.0,1.0,0.0,0.0
18,85,10.903977552555531,9.439596537518426,0.0,0.0,1.0,1.0,0.0,0.0
19,85,11.93656646360778,11.621696000456607,1.0,1.0,0.0,0.0,0.0,1.0
20,85,5.662496140156487,0.0,1.0,0.0,0.0,1.0,0.0,1.0
21,85,8.200328449664164,4.527800081251692,0.0,1.0,1.0,0.0,0.0,0.0
22,85,3.3941061623000786,8.304710977549213,1.0,1.0,0.0,0.0,0.0,0.0
23,85,12.0,4.159888480632106,0.0,1.0,0.0,1.0,0.0,0.0
24,85,5.905071051958472,3.5936087196616704,0.0,1.0,0.0,0.0,1.0,0.0
25,85,11.03023029848968,0.2117832701811425,1.0,0.0,1.0,0.0,0.0,1.0
26,85,8.632750086717369,9.40998026739132,0.0,0.0,1.0,1.0,1.0,0.0
27,85,11.529170557900825,0.0,1.0,1.0,0.0,0.0,1.0,0.0
28,85,3.450817240021459,0.5145129388471039,1.0,1.0,0.0,0.0,0.0,1.0
29,85,11.610993954240264,12.0,1.0,1.0,1.0,0.0,0.0,0.0
30,85,3.741767004488792,4.739952599196487,1.0,0.0,0.0,1.0,0.0,0.0
31,85,7.755786988764451,1.4824745407702389,1.0,1.0,1.0,0.0,0.0,0.0
32,85,5.868012610666769,5.964142998046101,0.0,1.0,0.0,1.0,1.0,0.0
33,85,9.290684934827462,8.554810453458678,0.0,0.0,1.0,0.0,0.0,0.0
34,85,7.949407356407049,8.520260466551314,1.0,1.0,0.0,0.0,0.0,1.0
35,85,6.275446319946362,7.336975762462919,0.0,0.0,0.0,0.0,0.0,0.0
36,85,3.7457138950413,4.089485038836394,1.0,0.0,0.0,0.0,1.0,1.0
37,85,3.051174631056033,3.5982165947076448,0.0,0.0,1.0,1.0,0.0,1.0
38,85,3.0632079904013727,7.2547791723069155,0.0,1.0,0.0,0.0,0.0,1.0
39,85,1.0593383647242771,0.6401544975068834,0.0,0.0,1.0,0.0,1.0,0.0
0,90,8.124121133131698,0.2204672533224554,1.0,0.0,1.0,0.0,0.0,0.0
1,90,9.1146059253625,2.1090925439406925,0.0,0.0,0.0,0.0,0.0,1.0
2,90,4.194005930167892,7.454370449911452,0.0,1.0,0.0,0.0,0.0,0.0
3,90,6.268404901111946,7.045286623861334,0.0,0.0,1.0,1.0,0.0,0.0
4,90,9.240519998244162,1.9943859409176428,0.0,0.0,0.0,0.0,1.0,0.0
5,90,1.013966069835338,9.014749282411646,0.0,0.0,0.0,1.0,0.0,1.0
6,90,8.72249739382778,0.0,0.0,1.0,0.0,1.0,0.0,0.0
7,90,1.5793654892779854,10.238374626384717,0.0,0.0,1.0,1.0,0.0,1.0
8,90,4.730939674206176,11.363740738691655,0.0,0.0,1.0,1.0,0.0,1.0
9,90,0.811344400652638,1.9803054969855367,1.0,1.0,0.0,0.0,0.0,0.0
10,90,9.811028995771016,12.0,1.0,0.0,0.0,0.0,1.0,0.0
11,90,3.1408267116201625,5.1795178321438735,0.0,1.0,1.0,0.0,1.0,1.0
12,90,12.0,2.995180642433654,0.0,0.0,0.0,0.0,0.0,1.0
13,90,1.03441654536984,7.781060672832695,1.0,0.0,1.0,1.0,1.0,1.0
14,90,7.620192149312915,1.915340003331804,0.0,0.0,1.0,0.0,1.0,1.0
15,90,0.0,0.8118614738676654,1.0,0.0,0.0,0.0,1.0,1.0
16,90,12.0,0.3268834144638992,0.0,1.0,0.0,0.0,1.0,1.0
17,90,8.786321784226296,11.711219822987468,0.0,1.0,0.0,1.0,0.0,0.0
18,90,10.903022793298971,9.435458522094816,0.0,0.0,1.0,1.0,0.0,0.0
19,90,11.975066134809229,11.58268864642366,1.0,1.0,0.0,0.0,0.0,1.0
20,90,5.707534286166108,0.0,1.0,0.0,0.0,1.0,0.0,1.0
21,90,8.123705218757449,4.5690494448137065,0.0,1.0,1.0,0.0,0.0,0.0
22,90,3.435580647512819,8.293768817410959,1.0,1.0,0.0,0.0,0.0,0.0
23,90,12.0,4.201468437359579,0.0,1.0,0.0,1.0,0.0,0.0
24,90,5.846618333084084,3.570916298371232,0.0,1.0,0.0,0.0,1.0,0.0
25,90,11.031832626222773,0.1985739712407312,1.0,0.0,1.0,0.0,0.0,1.0
26,90,8.62547075003858,9.39898125357853,0.0,0.0,1.0,1.0,1.0,0.0
27,90,11.501835692969818,0.0,1.0,1.0,0.0,0.0,1.0,0.0
28,90,3.5583365970369303,0.5505473051472575,1.0,1.0,0.0,0.0,0.0,1.0
29,90,11.598821878260516,12.0,1.0,1.0,1.0,0.0,0.0,0.0
30,90,3.574825197321625,4.643337154682937,1.0,0.0,0.0,1.0,0.0,0.0
31,90,7.917445800623603,1.5244750102768645,1.0,1.0,1.0,0.0,0.0,0.0
32,90,5.83751734455973,5.987877050620746,0.0,1.0,0.0,1.0,1.0,0.0
33,90,9.296573557079672,8.566931508757625,0.0,0.0,1.0,0.0,0.0,0.0
34,90,7.967426857917458,8.542499672366931,1.0,1.0,0.0,0.0,0.0,1.0
35,90,6.24779497717264,7.398168355257797,0.0,0.0,0.0,0.0,0.0,0.0
36,90,3.6606526455855577,4.16126564281203,1.0,0.0,0.0,0.0,1.0,1.0
37,90,2.9874037109692138,3.4939705926010647,0.0,0.0,1.0,1.0,0.0,1.0
38,90,3.1101230279603085,7.17137992396647,0.0,1.0,0.0,0.0,0.0,1.0
39,90,1.0628581071287213,0.6118029044790433,0.0,0.0,1.0,0.0,1.0,0.0
0,95,8.094506542881652,0.258670748989743,1.0,0.0,1.0,0.0,0.0,0.0
1,95,9.12340774174953,2.1742703967190087,0.0,0.0,0.0,0.0,0.0,1.0
2,95,4.124437989376515,7.413848777911636,0.0,1.0,0.0,0.0,0.0,0.0
3,95,6.368109260344131,6.976333127029987,0.0,0.0,1.0,1.0,0.0,0.0
4,95,9.149996758910572,1.9507708582645733,0.0,0.0,0.0,0.0,1.0,0.0
5,95,1.066420255324176,9.041585196914342,0.0,0.0,0.0,1.0,0.0,1.0
6,95,8.770038011605696,0.0,0.0,1.0,0.0,1.0,0.0,0.0
7,95,1.542830860136139,10.331739655823652,0.0,0.0,1.0,1.0,0.0,1.0
8,95,4.750811495808234,11.358477265237724,0.0,0.0,1.0,1.0,0.0,1.0
9,95,0.8117598435935618,1.9783635869787344,1.0,1.0,0.0,0.0,0.0,0.0
10,95,9.81035752685265,12.0,1.0,0.0,0.0,0.0,1.0,0.0
11,95,3.1120521171313023,5.142927764803379,0.0,1.0,1.0,0.0,1.0,1.0
12,95,12.0,3.053236908228288,0.0,0.0,0.0,0.0,0.0,1.0
13,95,1.03861058552168,7.757649593695338,1.0,0.0,1.0,1.0,1.0,1.0
14,95,7.58309782601932,1.82205911142146,0.0,0.0,1.0,0.0,1.0,1.0
15,95,0.0,0.8159154918747745,1.0,0.0,0.0,0.0,1.0,1.0
16,95,12.0,0.2527656263819948,0.0,1.0,0.0,0.0,1.0,1.0
17,95,8.815839475861448,11.750233861917415,0.0,1.0,0.0,1.0,0.0,0.0
18,95,10.902194407276095,9.431593247992026,0.0,0.0,1.0,1.0,0.0,0.0
19,95,12.0,11.549530907871592,1.0,1.0,0.0,0.0,0.0,1.0
20,95,5.750356816428271,0.0,1.0,0.0,0.0,1.0,0.0,1.0
21,95,8.054665399540951,4.604007738068439,0.0,1.0,1.0,0.0,0.0,0.0
22,95,3.480458998023536,8.280539449832757,1.0,1.0,0.0,0.0,0.0,0.0
23,95,12.0,4.231874460967466,0.0,1.0,0.0,1.0,0.0,0.0
24,95,5.784654638773343,3.5460101107711344,0.0,1.0,0.0,0.0,1.0,0.0
25,95,11.031630504609796,0.2003870022865252,1.0,0.0,1.0,0.0,0.0,1.0
26,95,8.602924466693237,9.363706837933934,0.0,0.0,1.0,1.0,1.0,0.0
27,95,11.477256496112668,0.0,1.0,1.0,0.0,0.0,1.0,0.0
28,95,3.6432564116312447,0.5781857320631738,1.0,1.0,0.0,0.0,0.0,1.0
29,95,11.58044799158757,12.0,1.0,1.0,1.0,0.0,0.0,0.0
30,95,3.4188197721276543,4.549397453267614,1.0,0.0,0.0,1.0,0.0,0.0
31,95,8.074463864758131,1.5629489925858358,1.0,1.0,1.0,0.0,0.0,0.0
32,95,5.7875549117957,6.031074152424606,0.0,1.0,0.0,1.0,1.0,0.0
33,95,9.30399666073599,8.582620133189492,0.0,0.0,1.0,0.0,0.0,0.0
34,95,7.974049678008419,8.550430464508496,1.0,1.0,0.0,0.0,0.0,1.0
35,95,6.214588650564531,7.469332396596968,0.0,0.0,0.0,0.0,0.0,0.0
36,95,3.5807873805968256,4.231141092789796,1.0,0.0,0.0,0.0,1.0,1.0
37,95,2.9315598308128945,3.4021308018741707,0.0,0.0,1.0,1.0,0.0,1.0
38,95,3.160684047196281,7.081574544407656,0.0,1.0,0.0,0.0,0.0,1.0
39,95,1.0659363518317924,0.5853185714253654,0.0,0.0,1.0,0.0,1.0,0.0
0,100,8.0581599718787,0.306541297595654,1.0,0.0,1.0,0.0,0.0,0.0
1,100,9.133339321929505,2.248036841402417,0.0,0.0,0.0,0.0,0.0,1.0
2,100,4.036093344893146,7.364684771119352,0.0,1.0,0.0,0.0,0.0,0.0
3,100,6.475425349444909,6.900804914358679,0.0,0.0,1.0,1.0,0.0,0.0
4,100,9.056411964652382,1.9085130931120204,0.0,0.0,0.0,0.0,1.0,0.0
5,100,1.038488498092916,9.098476268272288,0.0,0.0,0.0,1.0,0.0,1.0
6,100,8.817630244262983,0.0,0.0,1.0,0.0,1.0,0.0,0.0
7,100,1.5134560872208171,10.409753302452724,0.0,0.0,1.0,1.0,0.0,1.0
8,100,4.761294831238709,11.35567631682903,0.0,0.0,1.0,1.0,0.0,1.0
9,100,0.8114775821896553,1.9797432337676883,1.0,1.0,0.0,0.0,0.0,0.0
10,100,9.811404826744184,11.996697089032525,1.0,0.0,0.0,0.0,1.0,0.0
11,100,3.096415676971573,5.123489554349206,0.0,1.0,1.0,0.0,1.0,1.0
12,100,12.0,3.1267800229947187,0.0,0.0,0.0,0.0,0.0,1.0
13,100,1.0432096766257188,7.730296051103608,1.0,0.0,1.0,1.0,1.0,1.0
14,100,7.533809380514983,1.7000096498897583,0.0,0.0,1.0,0.0,1.0,1.0
15,100,0.0,0.8199010372157652,1.0,0.0,0.0,0.0,1.0,1.0
16,100,12.0,0.1847435795473702,0.0,1.0,0.0,0.0,1.0,1.0
17,100,8.856277237627008,11.803271942405532,0.0,1.0,0.0,1.0,0.0,0.0
18,100,10.907241389552713,9.45599771438023,0.0,0.0,1.0,1.0,0.0,0.0
19,100,12.0,11.52724622778906,1.0,1.0,0.0,0.0,0.0,1.0
20,100,5.784448948486405,0.0,1.0,0.0,0.0,1.0,0.0,1.0
21,100,7.961980121304081,4.651287070851771,0.0,1.0,1.0,0.0,0.0,0.0
22,100,3.516710604572713,8.26885784124396,1.0,1.0,0.0,0.0,0.0,0.0
23,100,12.0,4.2395561742782375,0.0,1.0,0.0,1.0,0.0,0.0
24,100,5.7148480081494695,3.516477723788696,0.0,1.0,0.0,0.0,1.0,0.0
25,100,11.032157145571698,0.1949734560867772,1.0,0.0,1.0,0.0,0.0,1.0
26,100,8.579804665731524,9.328652225851146,0.0,0.0,1.0,1.0,1.0,0.0
27,100,11.451293414962455,0.0,1.0,1.0,0.0,0.0,1.0,0.0
28,100,3.7296567445112414,0.6074375412689927,1.0,1.0,0.0,0.0,0.0,1.0
29,100,11.56027758724066,12.0,1.0,1.0,1.0,0.0,0.0,0.0
30,100,3.269136343428597,4.455458595154167,1.0,0.0,0.0,1.0,0.0,0.0
31,100,8.223646609947952,1.5950715794996793,1.0,1.0,1.0,0.0,0.0,0.0
32,100,5.730158750045655,6.080599194102483,0.0,1.0,0.0,1.0,1.0,0.0
33,100,9.315047088384512,8.605619052631129,0.0,0.0,1.0,0.0,0.0,0.0
34,100,7.989544846663361,8.56868926530109,1.0,1.0,0.0,0.0,0.0,1.0
35,100,6.182937646446715,7.541578892880046,0.0,0.0,0.0,0.0,0.0,0.0
36,100,3.5009948962204533,4.297424689020838,1.0,0.0,0.0,0.0,1.0,1.0
37,100,2.8826995448374118,3.324505124978134,0.0,0.0,1.0,1.0,0.0,1.0
38,100,3.205359258386068,6.999250557055877,0.0,1.0,0.0,0.0,0.0,1.0
39,100,1.0691502009304563,0.5586604061361466,0.0,0.0,1.0,0.0,1.0,0.0
0,105,8.031241260080549,0.3426248443247733,1.0,0.0,1.0,0.0,0.0,0.0
1,105,9.146186140725057,2.326347541339325,0.0,0.0,0.0,0.0,0.0,1.0
2,105,3.946352396346973,7.316481593731487,0.0,1.0,0.0,0.0,0.0,0.0
3,105,6.592333010396557,6.814462892502849,0.0,0.0,1.0,1.0,0.0,0.0
4,105,8.983309095374885,1.8764549885618904,0.0,0.0,0.0,0.0,1.0,0.0
5,105,0.9986083784576916,9.184811366983642,0.0,0.0,0.0,1.0,0.0,1.0
6,105,8.861863820512388,0.0,0.0,1.0,0.0,1.0,0.0,0.0
7,105,1.481151282997782,10.496555639871032,0.0,0.0,1.0,1.0,0.0,1.0
8,105,4.761030221958093,11.355746077347446,0.0,0.0,1.0,1.0,0.0,1.0
9,105,0.8096824456099965,1.9903335487529388,1.0,1.0,0.0,0.0,0.0,0.0
10,105,9.812799712957624,11.99717760800504,1.0,0.0,0.0,0.0,1.0,0.0
11,105,3.091789873194534,5.117721255695651,0.0,1.0,1.0,0.0,1.0,1.0
12,105,12.0,3.1961017520053923,0.0,0.0,0.0,0.0,0.0,1.0
13,105,1.0431723450593609,7.73051873055051,1.0,0.0,1.0,1.0,1.0,1.0
14,105,7.477945786511212,1.5698892184094666,0.0,0.0,1.0,0.0,1.0,1.0
15,105,0.0026434906163549,0.8145319949526744,1.0,0.0,0.0,0.0,1.0,1.0
16,105,12.0,0.1114737721216407,0.0,1.0,0.0,0.0,1.0,1.0
17,105,8.88383785095021,11.837636119726364,0.0,1.0,0.0,1.0,0.0,0.0
18,105,10.914076335640424,9.484739095959876,0.0,0.0,1.0,1.0,0.0,0.0
19,105,12.0,11.524110530258756,1.0,1.0,0.0,0.0,0.0,1.0
20,105,5.809058289808286,0.0,1.0,0.0,0.0,1.0,0.0,1.0
21,105,7.863287000429127,4.698715030938575,0.0,1.0,1.0,0.0,0.0,0.0
22,105,3.550780661448723,8.25859078674683,1.0,1.0,0.0,0.0,0.0,0.0
23,105,12.0,4.255510345929021,0.0,1.0,0.0,1.0,0.0,0.0
24,105,5.645213138708455,3.4895034037984822,0.0,1.0,0.0,0.0,1.0,0.0
25,105,11.032138525282232,0.1951850915346487,1.0,0.0,1.0,0.0,0.0,1.0
26,105,8.5597531024361,9.297985755200347,0.0,0.0,1.0,1.0,1.0,0.0
27,105,11.4301384017781,0.0,1.0,1.0,0.0,0.0,1.0,0.0
28,105,3.826955780770072,0.6384964934751892,1.0,1.0,0.0,0.0,0.0,1.0
29,105,11.541997456623422,12.0,1.0,1.0,1.0,0.0,0.0,0.0
30,105,3.12372677025943,4.369312771518214,1.0,0.0,0.0,1.0,0.0,0.0
31,105,8.38268864132789,1.6290128682289962,1.0,1.0,1.0,0.0,0.0,0.0
32,105,5.675085652042237,6.1262060350096,0.0,1.0,0.0,1.0,1.0,0.0
33,105,9.330774774371577,8.638162314474188,0.0,0.0,1.0,0.0,0.0,0.0
34,105,8.004042036154733,8.585486776115099,1.0,1.0,0.0,0.0,0.0,1.0
35,105,6.156217774863844,7.601944841292155,0.0,0.0,0.0,0.0,0.0,0.0
36,105,3.429576075100725,4.353921366368824,1.0,0.0,0.0,0.0,1.0,1.0
37,105,2.827905855308167,3.2382079693926342,0.0,0.0,1.0,1.0,0.0,1.0
38,105,3.248436326728851,6.920807476349413,0.0,1.0,0.0,0.0,0.0,1.0
39,105,1.0738662263048575,0.5207595504370635,0.0,0.0,1.0,0.0,1.0,0.0
0,110,7.988096913497336,0.3997910102963656,1.0,0.0,1.0,0.0,0.0,0.0
1,110,9.160853428257637,2.4075355049511757,0.0,0.0,0.0,0.0,0.0,1.0
2,110,3.831023832407409,7.252355295768438,0.0,1.0,0.0,0.0,0.0,0.0
3,110,6.697908075632382,6.738065975641039,0.0,0.0,1.0,1.0,0.0,0.0
4,110,8.910186024108324,1.84563828171147,0.0,0.0,0.0,0.0,1.0,0.0
5,110,0.9724834589348894,9.239583109138788,0.0,0.0,0.0,1.0,0.0,1.0
6,110,8.906966086965536,0.0,0.0,1.0,0.0,1.0,0.0,0.0
7,110,1.4483668841501032,10.583504735175952,0.0,0.0,1.0,1.0,0.0,1.0
8,110,4.755649546578809,11.357262378037792,0.0,0.0,1.0,1.0,0.0,1.0
9,110,0.8083091087737851,1.9987775715998084,1.0,1.0,0.0,0.0,0.0,0.0
10,110,9.811758672874475,11.99679507231676,1.0,0.0,0.0,0.0,1.0,0.0
11,110,3.087676150121422,5.112798002605297,0.0,1.0,1.0,0.0,1.0,1.0
12,110,12.0,3.261617248474696,0.0,0.0,0.0,0.0,0.0,1.0
13,110,1.040940530248226,7.742776871423858,1.0,0.0,1.0,1.0,1.0,1.0
14,110,7.4194883601733235,1.4327604791165334,0.0,0.0,1.0,0.0,1.0,1.0
15,110,0.0,0.8216617545795404,1.0,0.0,0.0,0.0,1.0,1.0
16,110,12.0,0.0374611185972608,0.0,1.0,0.0,0.0,1.0,1.0
17,110,8.905585864581434,11.865316132231392,0.0,1.0,0.0,1.0,0.0,0.0
18,110,10.924399560535855,9.531068712570375,0.0,0.0,1.0,1.0,0.0,0.0
19,110,12.0,11.523996556201276,1.0,1.0,0.0,0.0,0.0,1.0
20,110,5.827820524217476,0.0,1.0,0.0,0.0,1.0,0.0,1.0
21,110,7.75709328956838,4.749273112292456,0.0,1.0,1.0,0.0,0.0,0.0
22,110,3.5915907481558045,8.245054076286689,1.0,1.0,0.0,0.0,0.0,0.0
23,110,12.0,4.260097129498046,0.0,1.0,0.0,1.0,0.0,0.0
24,110,5.568389373618357,3.4589174821470654,0.0,1.0,0.0,0.0,1.0,0.0
25,110,11.031212284898968,0.2027589353421461,1.0,0.0,1.0,0.0,0.0,1.0
26,110,8.540604959877886,9.268897830048893,0.0,0.0,1.0,1.0,1.0,0.0
27,110,11.41434189673612,0.0,1.0,1.0,0.0,0.0,1.0,0.0
28,110,3.933024281055185,0.6743761350577184,1.0,1.0,0.0,0.0,0.0,1.0
29,110,11.525682549131632,12.0,1.0,1.0,1.0,0.0,0.0,0.0
30,110,2.9736344527864675,4.2838827164388205,1.0,0.0,0.0,1.0,0.0,0.0
31,110,8.527070701290631,1.6610275740471512,1.0,1.0,1.0,0.0,0.0,0.0
32,110,5.617971900819021,6.172084859214337,0.0,1.0,0.0,1.0,1.0,0.0
33,110,9.354153998319816,8.689994300534567,0.0,0.0,1.0,0.0,0.0,0.0
34,110,8.012534655303948,8.595329152272956,1.0,1.0,0.0,0.0,0.0,1.0
35,110,6.131959592771556,7.656420541173571,0.0,0.0,0.0,0.0,0.0,0.0
36,110,3.3527368549833185,4.41537353042035,1.0,0.0,0.0,0.0,1.0,1.0
37,110,2.7589294395289663,3.1355340509863017,0.0,0.0,1.0,1.0,0.0,1.0
38,110,3.287029402207117,6.848406557445858,0.0,1.0,0.0,0.0,0.0,1.0
39,110,1.0787927053590356,0.4718210742967038,0.0,0.0,1.0,0.0,1.0,0.0
0,115,7.949289173080231,0.4546478924305163,1.0,0.0,1.0,0.0,0.0,0.0
1,115,9.17878263590388,2.4920225027198484,0.0,0.0,0.0,0.0,0.0,1.0
2,115,3.69735338239864,7.184283457843323,0.0,1.0,0.0,0.0,0.0,0.0
3,115,6.803389677199324,6.659673802039458,0.0,0.0,1.0,1.0,0.0,0.0
4,115,8.840296276014366,1.8160339931332563,0.0,0.0,0.0,0.0,1.0,0.0
5,115,0.9452243543301676,9.295634532739593,0.0,0.0,0.0,1.0,0.0,1.0
6,115,8.93879293944423,0.0,0.0,1.0,0.0,1.0,0.0,0.0
7,115,1.4122549198627556,10.67663020786158,0.0,0.0,1.0,1.0,0.0,1.0
8,115,4.7298489492615685,11.365146209617851,0.0,0.0,1.0,1.0,0.0,1.0
9,115,0.8060902013767579,2.012910416996698,1.0,1.0,0.0,0.0,0.0,0.0
10,115,9.834612760867524,12.0,1.0,0.0,0.0,0.0,1.0,0.0
11,115,3.0953805215347434,5.122148375290846,0.0,1.0,1.0,0.0,1.0,1.0
12,115,12.0,3.3248457511238616,0.0,0.0,0.0,0.0,0.0,1.0
13,115,1.0373267710375536,7.765413258039583,1.0,0.0,1.0,1.0,1.0,1.0
14,115,7.355892651782423,1.2790739546027483,0.0,0.0,1.0,0.0,1.0,1.0
15,115,0.0039891476526289,0.8129446052487308,1.0,0.0,0.0,0.0,1.0,1.0
16,115,12.0,0.0,0.0,1.0,0.0,0.0,1.0,1.0
17,115,8.939444131523098,11.90928456452243,0.0,1.0,0.0,1.0,0.0,0.0
18,115,10.934368459543126,9.578529989290535,0.0,0.0,1.0,1.0,0.0,0.0
19,115,12.0,11.52152581207038,1.0,1.0,0.0,0.0,0.0,1.0
20,115,5.848099633341056,0.0,1.0,0.0,0.0,1.0,0.0,1.0
21,115,7.645703884888645,4.798953408928401,0.0,1.0,1.0,0.0,0.0,0.0
22,115,3.6208698462193216,8.23474182321841,1.0,1.0,0.0,0.0,0.0,0.0
23,115,12.0,4.2718170385055885,0.0,1.0,0.0,1.0,0.0,0.0
24,115,5.497220516780057,3.432180922970587,0.0,1.0,0.0,0.0,1.0,0.0
25,115,11.028605173366431,0.2233837161702284,1.0,0.0,1.0,0.0,0.0,1.0
26,115,8.519001358949305,9.234052944626884,0.0,0.0,1.0,1.0,1.0,0.0
27,115,11.401080332392,0.0,1.0,1.0,0.0,0.0,1.0,0.0
28,115,4.030106528182456,0.7066967973193989,1.0,1.0,0.0,0.0,0.0,1.0
29,115,11.513732570178757,12.0,1.0,1.0,1.0,0.0,0.0,0.0
30,115,2.827012712093333,4.197411003255271,1.0,0.0,0.0,1.0,0.0,0.0
31,115,8.497869443361452,1.799192045403371,1.0,1.0,1.0,0.0,0.0,0.0
32,115,5.5499759433885565,6.224114390047669,0.0,1.0,0.0,1.0,1.0,0.0
33,115,9.382258694990226,8.75173927216833,0.0,0.0,1.0,0.0,0.0,0.0
34,115,8.01578051088439,8.598995004283097,1.0,1.0,0.0,0.0,0.0,1.0
35,115,6.111725460932502,7.702847140040887,0.0,0.0,0.0,0.0,0.0,0.0
36,115,3.254350988230441,4.496134382024743,1.0,0.0,0.0,0.0,1.0,1.0
37,115,2.6753169248052684,3.013163192340836,0.0,0.0,1.0,1.0,0.0,1.0
38,115,3.320245316054088,6.788129807371701,0.0,1.0,0.0,0.0,0.0,1.0
39,115,1.0852090646304573,0.4044819289635182,0.0,0.0,1.0,0.0,1.0,0.0
0,120,7.911806628434108,0.5048695811002841,1.0,0.0,1.0,0.0,0.0,0.0
1,120,9.199590424282682,2.5983178715099293,0.0,0.0,0.0,0.0,0.0,1.0
2,120,3.556153509354876,7.112945841963159,0.0,1.0,0.0,0.0,0.0,0.0
3,120,6.924404142262386,6.566115069066122,0.0,0.0,1.0,1.0,0.0,0.0
4,120,8.783500810482431,1.791354976929473,0.0,0.0,0.0,0.0,1.0,0.0
5,120,0.9249162986613156,9.336693972458676,0.0,0.0,0.0,1.0,0.0,1.0
6,120,8.963054658533892,0.0,0.0,1.0,0.0,1.0,0.0,0.0
7,120,1.3727418784989085,10.778042014682224,0.0,0.0,1.0,1.0,0.0,1.0
8,120,4.714554702892274,11.369721403442345,0.0,0.0,1.0,1.0,0.0,1.0
9,120,0.8006215256228724,2.0468161951371533,1.0,1.0,0.0,0.0,0.0,0.0
10,120,9.865722060253924,12.0,1.0,0.0,0.0,0.0,1.0,0.0
11,120,3.0974727022338886,5.124628405871657,0.0,1.0,1.0,0.0,1.0,1.0
12,120,12.0,3.411453774651096,0.0,0.0,0.0,0.0,0.0,1.0
13,120,1.0304493544179123,7.804183353099629,1.0,0.0,1.0,1.0,1.0,1.0
14,120,7.296760883791263,1.1345699097403332,0.0,0.0,1.0,0.0,1.0,1.0
15,120,0.0078743714430297,0.804747531249866,1.0,0.0,0.0,0.0,1.0,1.0
16,120,12.0,0.0,0.0,1.0,0.0,0.0,1.0,1.0
17,120,8.979495417740413,11.962422659696031,0.0,1.0,0.0,1.0,0.0,0.0
18,120,10.946787625780528,9.635283277617626,0.0,0.0,1.0,1.0,0.0,0.0
19,120,12.0,11.51710187307636,1.0,1.0,0.0,0.0,0.0,1.0
20,120,5.869755725605772,0.0,1.0,0.0,0.0,1.0,0.0,1.0
21,120,7.550989166341287,4.842236341070785,0.0,1.0,1.0,0.0,0.0,0.0
22,120,3.6763129529488943,8.21525402631482,1.0,1.0,0.0,0.0,0.0,0.0
23,120,12.0,4.292244502868895,0.0,1.0,0.0,1.0,0.0,0.0
24,120,5.432716706433597,3.40617948134694,0.0,1.0,0.0,0.0,1.0,0.0
25,120,11.026904382677268,0.2385221835596631,1.0,0.0,1.0,0.0,0.0,1.0
26,120,8.495838734680648,9.192894717962538,0.0,0.0,1.0,1.0,1.0,0.0
27,120,11.389194026963295,0.0,1.0,1.0,0.0,0.0,1.0,0.0
28,120,4.094731669482091,0.7271144252452615,1.0,1.0,0.0,0.0,0.0,1.0
29,120,11.498260848362042,12.0,1.0,1.0,1.0,0.0,0.0,0.0
30,120,2.683457158419039,4.112490759339686,1.0,0.0,0.0,1.0,0.0,0.0
31,120,8.47102686579106,1.9251298687623968,1.0,1.0,1.0,0.0,0.0,0.0
32,120,5.4829587031465845,6.274991009942006,0.0,1.0,0.0,1.0,1.0,0.0
33,120,9.40736128767875,8.811464114667448,0.0,0.0,1.0,0.0,0.0,0.0
34,120,8.014657578488828,8.597789655812782,1.0,1.0,0.0,0.0,0.0,1.0
35,120,6.080991211490927,7.771622759975792,0.0,0.0,0.0,0.0,0.0,0.0
36,120,3.1511524254274788,4.581937880942249,1.0,0.0,0.0,0.0,1.0,1.0
37,120,2.6001732903431414,2.896772863654664,0.0,0.0,1.0,1.0,0.0,1.0
38,120,3.3552921838124417,6.7255499588077,0.0,1.0,0.0,0.0,0.0,1.0
39,120,1.0889892510472967,0.336575404835276,0.0,0.0,1.0,0.0,1.0,0.0
0,125,7.878276741288509,0.5485430226123211,1.0,0.0,1.0,0.0,0.0,0.0
1,125,9.21874105793555,2.688355995321273,0.0,0.0,0.0,0.0,0.0,1.0
2,125,3.408027731978578,7.037494861462374,0.0,1.0,0.0,0.0,0.0,0.0
3,125,7.05305508596219,6.460682133617918,0.0,0.0,1.0,1.0,0.0,0.0
4,125,8.755544749032715,1.77867211944456,0.0,0.0,0.0,0.0,1.0,0.0
5,125,0.8911210756162531,9.40292621972163,0.0,0.0,0.0,1.0,0.0,1.0
6,125,8.996437783637404,0.0,0.0,1.0,0.0,1.0,0.0,0.0
7,125,1.323778481836983,10.900094048815989,0.0,0.0,1.0,1.0,0.0,1.0
8,125,4.686821661204938,11.377027270344808,0.0,0.0,1.0,1.0,0.0,1.0
9,125,0.7914777006690733,2.1087932234328197,1.0,1.0,0.0,0.0,0.0,0.0
10,125,9.900284406916828,12.0,1.0,0.0,0.0,0.0,1.0,0.0
11,125,3.0986894766679227,5.126051415083698,0.0,1.0,1.0,0.0,1.0,1.0
12,125,12.0,3.4726764038851696,0.0,0.0,0.0,0.0,0.0,1.0
13,125,1.0252850017866113,7.826815437857154,1.0,0.0,1.0,1.0,1.0,1.0
14,125,7.225190759688825,0.9729641034827996,0.0,0.0,1.0,0.0,1.0,1.0
15,125,0.0073106513861031,0.8057884462977203,1.0,0.0,0.0,0.0,1.0,1.0
16,125,12.0,0.0,0.0,1.0,0.0,0.0,1.0,1.0
17,125,9.01586059958497,12.0,0.0,1.0,0.0,1.0,0.0,0.0
18,125,10.955649721864807,9.67170629045246,0.0,0.0,1.0,1.0,0.0,0.0
19,125,12.0,11.50895171686962,1.0,1.0,0.0,0.0,0.0,1.0
20,125,5.888211708712975,0.0,1.0,0.0,0.0,1.0,0.0,1.0
21,125,7.449671932521533,4.886639146216846,0.0,1.0,1.0,0.0,0.0,0.0
22,125,3.739397398489973,8.19356029381262,1.0,1.0,0.0,0.0,0.0,0.0
23,125,12.0,4.302957046899087,0.0,1.0,0.0,1.0,0.0,0.0
24,125,5.4017304106921005,3.393206605483125,0.0,1.0,0.0,0.0,1.0,0.0
25,125,11.026650146923982,0.2405701770234322,1.0,0.0,1.0,0.0,0.0,1.0
26,125,8.476427323719424,9.156535291534937,0.0,0.0,1.0,1.0,1.0,0.0
27,125,11.375681287021832,0.0,1.0,1.0,0.0,0.0,1.0,0.0
28,125,4.14916243205986,0.7425577316273003,1.0,1.0,0.0,0.0,0.0,1.0
29,125,11.483113364567966,12.0,1.0,1.0,1.0,0.0,0.0,0.0
30,125,2.521321383367252,4.0129672198371376,1.0,0.0,0.0,1.0,0.0,0.0
31,125,8.4395356153239,2.0674375080421727,1.0,1.0,1.0,0.0,0.0,0.0
32,125,5.412013716140509,6.328755807905607,0.0,1.0,0.0,1.0,1.0,0.0
33,125,9.434555049105802,8.878815402418594,0.0,0.0,1.0,0.0,0.0,0.0
34,125,8.017485107970359,8.600838615002418,1.0,1.0,0.0,0.0,0.0,1.0
35,125,6.042558955617596,7.857778313137484,0.0,0.0,0.0,0.0,0.0,0.0
36,125,3.0393031602091587,4.676276985139442,1.0,0.0,0.0,0.0,1.0,1.0
37,125,2.5182529939007834,2.7738476772402376,0.0,0.0,1.0,1.0,0.0,1.0
38,125,3.391133465308997,6.658539836829027,0.0,1.0,0.0,0.0,0.0,1.0
39,125,1.0945054695680658,0.2505914151699521,0.0,0.0,1.0,0.0,1.0,0.0
0,130,7.846471726447132,0.5904853022187836,1.0,0.0,1.0,0.0,0.0,0.0
1,130,9.231665709533782,2.757990568454056,0.0,0.0,0.0,0.0,0.0,1.0
2,130,3.2659740447703163,6.963215282687131,0.0,1.0,0.0,0.0,0.0,0.0
3,130,7.181662464021051,6.35615909882665,0.0,0.0,1.0,1.0,0.0,0.0
4,130,8.744461782802723,1.804124764541896,0.0,0.0,0.0,0.0,1.0,0.0
5,130,0.8527596105331909,9.47876230013144,0.0,0.0,0.0,1.0,0.0,1.0
6,130,9.039384544742363,0.0,0.0,1.0,0.0,1.0,0.0,0.0
7,130,1.2779514607612197,11.022800634975631,0.0,0.0,1.0,1.0,0.0,1.0
8,130,4.634799795654403,11.389511514995617,0.0,0.0,1.0,1.0,0.0,1.0
9,130,0.7834668389011444,2.174332648117444,1.0,1.0,0.0,0.0,0.0,0.0
10,130,9.93379003435863,12.0,1.0,0.0,0.0,0.0,1.0,0.0
11,130,3.1030057028158367,5.130995135145335,0.0,1.0,1.0,0.0,1.0,1.0
12,130,12.0,3.5366018800535377,0.0,0.0,0.0,0.0,0.0,1.0
13,130,1.0191013877156014,7.851849095691172,1.0,0.0,1.0,1.0,1.0,1.0
14,130,7.150600782403967,0.7992914016583934,0.0,0.0,1.0,0.0,1.0,1.0
15,130,0.0042146967901154,0.8115851783018092,1.0,0.0,0.0,0.0,1.0,1.0
16,130,12.0,0.0,0.0,1.0,0.0,0.0,1.0,1.0
17,130,9.049893640120642,12.0,0.0,1.0,0.0,1.0,0.0,0.0
18,130,10.966412745903892,9.719560773394251,0.0,0.0,1.0,1.0,0.0,0.0
19,130,12.0,11.498352819550528,1.0,1.0,0.0,0.0,0.0,1.0
20,130,5.905873176462438,0.0,1.0,0.0,0.0,1.0,0.0,1.0
21,130,7.368896246544695,4.920505519055288,0.0,1.0,1.0,0.0,0.0,0.0
22,130,3.799243002606432,8.172398087955262,1.0,1.0,0.0,0.0,0.0,0.0
23,130,12.0,4.319571360183338,0.0,1.0,0.0,1.0,0.0,0.0
24,130,5.391759791429871,3.388784373142419,0.0,1.0,0.0,0.0,1.0,0.0
25,130,11.027125122413915,0.2372481601016301,1.0,0.0,1.0,0.0,0.0,1.0
26,130,8.45907856425279,9.122832438853973,0.0,0.0,1.0,1.0,1.0,0.0
27,130,11.363554425578666,0.0,1.0,1.0,0.0,0.0,1.0,0.0
28,130,4.224242688087323,0.7625514830321112,1.0,1.0,0.0,0.0,0.0,1.0
29,130,11.463977824482182,12.0,1.0,1.0,1.0,0.0,0.0,0.0
30,130,2.346968713485241,3.8985453900447857,1.0,0.0,0.0,1.0,0.0,0.0
31,130,8.405712179039972,2.2188731951440097,1.0,1.0,1.0,0.0,0.0,0.0
32,130,5.353070554075197,6.372786292704829,0.0,1.0,0.0,1.0,1.0,0.0
33,130,9.462800264256174,8.950118019128986,0.0,0.0,1.0,0.0,0.0,0.0
34,130,8.009578518444528,8.592748352359928,1.0,1.0,0.0,0.0,0.0,1.0
35,130,6.005861522135044,7.939675242347138,0.0,0.0,0.0,0.0,0.0,0.0
36,130,2.934150487132303,4.767678702723545,1.0,0.0,0.0,0.0,1.0,1.0
37,130,2.446794920669628,2.6726959264535566,0.0,0.0,1.0,1.0,0.0,1.0
38,130,3.426140513106731,6.594402788621097,0.0,1.0,0.0,0.0,0.0,1.0
39,130,1.0978793214316809,0.1690529763196438,0.0,0.0,1.0,0.0,1.0,0.0
0,135,7.829791872160776,0.6130958895609234,1.0,0.0,1.0,0.0,0.0,0.0
1,135,9.244626909949105,2.8372734927057555,0.0,0.0,0.0,0.0,0.0,1.0
2,135,3.129728009999527,6.892488981477362,0.0,1.0,0.0,0.0,0.0,0.0
3,135,7.311930143562483,6.2493523259268935,0.0,0.0,1.0,1.0,0.0,0.0
4,135,8.728601883559508,1.8437747406894776,0.0,0.0,0.0,0.0,1.0,0.0
5,135,0.8112412851175748,9.56213105913759,0.0,0.0,0.0,1.0,0.0,1.0
6,135,9.080233644314797,0.0,0.0,1.0,0.0,1.0,0.0,0.0
7,135,1.231978029923395,11.14236162929786,0.0,0.0,1.0,1.0,0.0,1.0
8,135,4.5759930701687495,11.402194939570446,0.0,0.0,1.0,1.0,0.0,1.0
9,135,0.7774366978368015,2.220571754676234,1.0,1.0,0.0,0.0,0.0,0.0
10,135,9.971906256321368,12.0,1.0,0.0,0.0,0.0,1.0,0.0
11,135,3.119428797910184,5.150592758949496,0.0,1.0,1.0,0.0,1.0,1.0
12,135,12.0,3.621224700859832,0.0,0.0,0.0,0.0,0.0,1.0
13,135,1.010923133289507,7.883723725473617,1.0,0.0,1.0,1.0,1.0,1.0
14,135,7.079405310057731,0.6278691401800574,0.0,0.0,1.0,0.0,1.0,1.0
15,135,0.0,0.8241583876729051,1.0,0.0,0.0,0.0,1.0,1.0
16,135,12.0,0.0,0.0,1.0,0.0,0.0,1.0,1.0
17,135,9.08899296489572,12.0,0.0,1.0,0.0,1.0,0.0,0.0
18,135,10.982072871760838,9.78124809456665,0.0,0.0,1.0,1.0,0.0,0.0
19,135,12.0,11.477893728245704,1.0,1.0,0.0,0.0,0.0,1.0
20,135,5.934960657216097,0.0,1.0,0.0,0.0,1.0,0.0,1.0
21,135,7.26539530760472,4.967122103088374,0.0,1.0,1.0,0.0,0.0,0.0
22,135,3.837041016007736,8.158185958550531,1.0,1.0,0.0,0.0,0.0,0.0
23,135,12.0,4.353163802644537,0.0,1.0,0.0,1.0,0.0,0.0
24,135,5.392268206802988,3.389005233623302,0.0,1.0,0.0,0.0,1.0,0.0
25,135,11.030152054535955,0.2140549994341027,1.0,0.0,1.0,0.0,0.0,1.0
26,135,8.437002841185262,9.078027940426429,0.0,0.0,1.0,1.0,1.0,0.0
27,135,11.351786312823904,0.0,1.0,1.0,0.0,0.0,1.0,0.0
28,135,4.300398957546064,0.7875489613156637,1.0,1.0,0.0,0.0,0.0,1.0
29,135,11.450744722680074,12.0,1.0,1.0,1.0,0.0,0.0,0.0
30,135,2.17162003252738,3.784211469583554,1.0,0.0,0.0,1.0,0.0,0.0
31,135,8.378376486517631,2.3499973786532458,1.0,1.0,1.0,0.0,0.0,0.0
32,135,5.292398601044624,6.41613970890869,0.0,1.0,0.0,1.0,1.0,0.0
33,135,9.493532432093,9.0295165059791,0.0,0.0,1.0,0.0,0.0,0.0
34,135,8.012212746742163,8.595397655332446,1.0,1.0,0.0,0.0,0.0,1.0
35,135,5.970600386813778,8.017848990614125,0.0,0.0,0.0,0.0,0.0,0.0
36,135,2.829675479385154,4.8563409419645005,1.0,0.0,0.0,0.0,1.0,1.0
37,135,2.384312147901259,2.5894101446863838,0.0,0.0,1.0,1.0,0.0,1.0
38,135,3.4670566515108594,6.519827690229435,0.0,1.0,0.0,0.0,0.0,1.0
39,135,1.0996811084350888,0.09847901848162,0.0,0.0,1.0,0.0,1.0,0.0
0,140,7.825879966141907,0.6181335395757805,1.0,0.0,1.0,0.0,0.0,0.0
1,140,9.259339179759872,2.9148151690936053,0.0,0.0,0.0,0.0,0.0,1.0
2,140,2.9959831994528696,6.82451109162906,0.0,1.0,0.0,0.0,0.0,0.0
3,140,7.451339832924739,6.132837213172247,0.0,0.0,1.0,1.0,0.0,0.0
4,140,8.707625812366018,1.8997678665831288,0.0,0.0,0.0,0.0,1.0,0.0
5,140,0.7640157425645324,9.656211612977376,0.0,0.0,0.0,1.0,0.0,1.0
6,140,9.114150573111466,0.0,0.0,1.0,0.0,1.0,0.0,0.0
7,140,1.1796767335875276,11.281618465230055,0.0,0.0,1.0,1.0,0.0,1.0
8,140,4.500290298885782,11.418191093507913,0.0,0.0,1.0,1.0,0.0,1.0
9,140,0.7745139994553906,2.2427800449257487,1.0,1.0,0.0,0.0,0.0,0.0
10,140,9.983737625554632,12.0,1.0,0.0,0.0,0.0,1.0,0.0
11,140,3.140711282291574,5.178434429280994,0.0,1.0,1.0,0.0,1.0,1.0
12,140,12.0,3.703863577764796,0.0,0.0,0.0,0.0,0.0,1.0
13,140,0.999450304679552,7.928145743811637,1.0,0.0,1.0,1.0,1.0,1.0
14,140,7.012010046616815,0.4590524249755903,0.0,0.0,1.0,0.0,1.0,1.0
15,140,0.0,0.8589038817047682,1.0,0.0,0.0,0.0,1.0,1.0
16,140,12.0,0.0,0.0,1.0,0.0,0.0,1.0,1.0
17,140,9.129979521406147,12.0,0.0,1.0,0.0,1.0,0.0,0.0
18,140,10.99600148843947,9.837087841868962,0.0,0.0,1.0,1.0,0.0,0.0
19,140,12.0,11.447131228088889,1.0,1.0,0.0,0.0,0.0,1.0
20,140,5.969416273180894,0.0,1.0,0.0,0.0,1.0,0.0,1.0
21,140,7.174889854003943,5.010129424394629,0.0,1.0,1.0,0.0,0.0,0.0
22,140,3.868051965062906,8.146436730540092,1.0,1.0,0.0,0.0,0.0,0.0
23,140,12.0,4.357232408857234,0.0,1.0,0.0,1.0,0.0,0.0
24,140,5.396146500993957,3.3908232530682088,0.0,1.0,0.0,0.0,1.0,0.0
25,140,11.03448025048587,0.1837852308278983,1.0,0.0,1.0,0.0,0.0,1.0
26,140,8.419559582817469,9.04097361056176,0.0,0.0,1.0,1.0,1.0,0.0
27,140,11.337898741417288,0.0,1.0,1.0,0.0,0.0,1.0,0.0
28,140,4.39783390115549,0.8178583056414825,1.0,1.0,0.0,0.0,0.0,1.0
29,140,11.4294759441003,12.0,1.0,1.0,1.0,0.0,0.0,0.0
30,140,1.996173933238532,3.668565594510856,1.0,0.0,0.0,1.0,0.0,0.0
31,140,8.34801823006512,2.501903757902165,1.0,1.0,1.0,0.0,0.0,0.0
32,140,5.226414790130375,6.460985669259325,0.0,1.0,0.0,1.0,1.0,0.0
33,140,9.526044768405264,9.1101247076315,0.0,0.0,1.0,0.0,0.0,0.0
34,140,8.016993448274036,8.600045736469195,1.0,1.0,0.0,0.0,0.0,1.0
35,140,5.938916861520202,8.089142686532737,0.0,0.0,0.0,0.0,0.0,0.0
36,140,2.721328280746886,4.946891885509006,1.0,0.0,0.0,0.0,1.0,1.0
37,140,2.313646785300689,2.490933361969837,0.0,0.0,1.0,1.0,0.0,1.0
38,140,3.5192079286679947,6.4327434683781295,0.0,1.0,0.0,0.0,0.0,1.0
39,140,1.1000346458150208,0.031043459271898,0.0,0.0,1.0,0.0,1.0,0.0
0,145,7.825268058673422,0.6188944927249119,1.0,0.0,1.0,0.0,0.0,0.0
1,145,9.274491218568192,2.999066516145277,0.0,0.0,0.0,0.0,0.0,1.0
2,145,2.860075450419424,6.751174528952619,0.0,1.0,0.0,0.0,0.0,0.0
3,145,7.58591613669686,6.024856064572308,0.0,0.0,1.0,1.0,0.0,0.0
4,145,8.676489916646515,1.98083044814112,0.0,0.0,0.0,0.0,1.0,0.0
5,145,0.7175144317037202,9.749061547136986,0.0,0.0,0.0,1.0,0.0,1.0
6,145,9.13526409394055,0.0,0.0,1.0,0.0,1.0,0.0,0.0
7,145,1.126745693931174,11.42078581559272,0.0,0.0,1.0,1.0,0.0,1.0
8,145,4.417062537474123,11.433829534999688,0.0,0.0,1.0,1.0,0.0,1.0
9,145,0.7744584347698923,2.243124106373196,1.0,1.0,0.0,0.0,0.0,0.0
10,145,9.959091791007712,11.991020545406638,1.0,0.0,0.0,0.0,1.0,0.0
11,145,3.1601126122876324,5.204863293294569,0.0,1.0,1.0,0.0,1.0,1.0
12,145,12.0,3.779138809036891,0.0,0.0,0.0,0.0,0.0,1.0
13,145,0.9942866407952448,7.949263864365045,1.0,0.0,1.0,1.0,1.0,1.0
14,145,6.935465511597863,0.2668745847449066,0.0,0.0,1.0,0.0,1.0,1.0
15,145,0.0,0.884130914752616,1.0,0.0,0.0,0.0,1.0,1.0
16,145,12.0,0.0,0.0,1.0,0.0,0.0,1.0,1.0
17,145,9.167235027008342,12.0,0.0,1.0,0.0,1.0,0.0,0.0
18,145,11.004761139949792,9.871169844739752,0.0,0.0,1.0,1.0,0.0,0.0
19,145,12.0,11.42747227116664,1.0,1.0,0.0,0.0,0.0,1.0
20,145,5.996633730014175,0.0,1.0,0.0,0.0,1.0,0.0,1.0
21,145,7.080285183838639,5.052731200107989,0.0,1.0,1.0,0.0,0.0,0.0
22,145,3.878562034991378,8.173734369224537,1.0,1.0,0.0,0.0,0.0,0.0
23,145,12.0,4.361184447079694,0.0,1.0,0.0,1.0,0.0,0.0
24,145,5.396848775225909,3.391143589143259,0.0,1.0,0.0,0.0,1.0,0.0
25,145,11.041058276263596,0.1316831322831298,1.0,0.0,1.0,0.0,0.0,1.0
26,145,8.405831926596642,9.014074437781304,0.0,0.0,1.0,1.0,1.0,0.0
27,145,11.323999921795515,0.0,1.0,1.0,0.0,0.0,1.0,0.0
28,145,4.487887261799168,0.8436545519135656,1.0,1.0,0.0,0.0,0.0,1.0
29,145,11.409089107117548,12.0,1.0,1.0,1.0,0.0,0.0,0.0
30,145,1.8171284792826168,3.5488757740118637,1.0,0.0,0.0,1.0,0.0,0.0
31,145,8.313972739597002,2.656899668655429,1.0,1.0,1.0,0.0,0.0,0.0
32,145,5.165640295631315,6.504091954510762,0.0,1.0,0.0,1.0,1.0,0.0
33,145,9.552802603007152,9.179785222222012,0.0,0.0,1.0,0.0,0.0,0.0
34,145,8.023428333424,8.606510758608877,1.0,1.0,0.0,0.0,0.0,1.0
35,145,5.9074411875180735,8.158746305417383,0.0,0.0,0.0,0.0,0.0,0.0
36,145,2.6053497026935006,5.043101841507954,1.0,0.0,0.0,0.0,1.0,1.0
37,145,2.225704431816718,2.37237939782746,0.0,0.0,1.0,1.0,0.0,1.0
38,145,3.573837709983081,6.340086083422961,0.0,1.0,0.0,0.0,0.0,1.0
39,145,1.0983797792932937,0.0,0.0,0.0,1.0,0.0,1.0,0.0
0,150,7.826668100435655,0.6172824896947926,1.0,0.0,1.0,0.0,0.0,0.0
1,150,9.288041072171712,3.0990990942306214,0.0,0.0,0.0,0.0,0.0,1.0
2,150,2.7226582078466066,6.674801901497922,0.0,1.0,0.0,0.0,0.0,0.0
3,150,7.714280814675518,5.924382445755364,0.0,0.0,1.0,1.0,0.0,0.0
4,150,8.639321176548847,2.07051160558004,0.0,0.0,0.0,0.0,1.0,0.0
5,150,0.6700825767774605,9.842425655635852,0.0,0.0,0.0,1.0,0.0,1.0
6,150,9.166561891565156,0.0,0.0,1.0,0.0,1.0,0.0,0.0
7,150,1.0648464781871048,11.56899988783968,0.0,0.0,1.0,1.0,0.0,1.0
8,150,4.327891993205548,11.45126070833746,0.0,0.0,1.0,1.0,0.0,1.0
9,150,0.7769385861238809,2.2275098279681247,1.0,1.0,0.0,0.0,0.0,0.0
10,150,9.924101162541724,11.978265452900144,1.0,0.0,0.0,0.0,1.0,0.0
11,150,3.180819420918757,5.232595906218131,0.0,1.0,1.0,0.0,1.0,1.0
12,150,12.0,3.859572261603279,0.0,0.0,0.0,0.0,0.0,1.0
13,150,0.9870813008697212,7.976500010747071,1.0,0.0,1.0,1.0,1.0,1.0
14,150,6.87081517148508,0.094044254584957,0.0,0.0,1.0,0.0,1.0,1.0
15,150,0.0,0.8981257496598407,1.0,0.0,0.0,0.0,1.0,1.0
16,150,12.0,0.0,0.0,1.0,0.0,0.0,1.0,1.0
17,150,9.210549083771037,12.0,0.0,1.0,0.0,1.0,0.0,0.0
18,150,11.008753700659431,9.88779283412218,0.0,0.0,1.0,1.0,0.0,0.0
19,150,12.0,11.411945667581756,1.0,1.0,0.0,0.0,0.0,1.0
20,150,6.011783114318364,0.0,1.0,0.0,0.0,1.0,0.0,1.0
21,150,6.984165281764099,5.096288694167965,0.0,1.0,1.0,0.0,0.0,0.0
22,150,3.885990330994466,8.193221778962496,1.0,1.0,0.0,0.0,0.0,0.0
23,150,12.0,4.366695046694999,0.0,1.0,0.0,1.0,0.0,0.0
24,150,5.407356813781546,3.3957168389108827,0.0,1.0,0.0,0.0,1.0,0.0
25,150,11.046820043611186,0.0830228239302724,1.0,0.0,1.0,0.0,0.0,1.0
26,150,8.384020584574158,8.971155582905373,0.0,0.0,1.0,1.0,1.0,0.0
27,150,11.309615427113457,0.0,1.0,1.0,0.0,0.0,1.0,0.0
28,150,4.554434483653634,0.8619522944340312,1.0,1.0,0.0,0.0,0.0,1.0
29,150,11.39732698630325,12.0,1.0,1.0,1.0,0.0,0.0,0.0
30,150,1.6549589993626417,3.437504493904613,1.0,0.0,0.0,1.0,0.0,0.0
31,150,8.279393458057282,2.81257296396653,1.0,1.0,1.0,0.0,0.0,0.0
32,150,5.110063361015542,6.54408613764603,0.0,1.0,0.0,1.0,1.0,0.0
33,150,9.580193725857034,9.25737153007594,0.0,0.0,1.0,0.0,0.0,0.0
34,150,8.046923537996308,8.629772016959315,1.0,1.0,0.0,0.0,0.0,1.0
35,150,5.873391973850387,8.228091603965547,0.0,0.0,0.0,0.0,0.0,0.0
36,150,2.49048155606723,5.139692277359046,1.0,0.0,0.0,0.0,1.0,1.0
37,150,2.1658930764155686,2.291239188318517,0.0,0.0,1.0,1.0,0.0,1.0
38,150,3.625269804514077,6.2513731302084175,0.0,1.0,0.0,0.0,0.0,1.0
39,150,1.0970677418429169,0.0,0.0,0.0,1.0,0.0,1.0,0.0
0,155,7.827334098087415,0.6165404099879023,1.0,0.0,1.0,0.0,0.0,0.0
1,155,9.304896430313748,3.217907380967616,0.0,0.0,0.0,0.0,0.0,1.0
2,155,2.613778089414832,6.615644329369294,0.0,1.0,0.0,0.0,0.0,0.0
3,155,7.854665187760479,5.810501566382465,0.0,0.0,1.0,1.0,0.0,0.0
4,155,8.599469395726192,2.1668870464406225,0.0,0.0,0.0,0.0,1.0,0.0
5,155,0.6302465879176691,9.92836674738562,0.0,0.0,0.0,1.0,0.0,1.0
6,155,9.189145239270244,0.0,0.0,1.0,0.0,1.0,0.0,0.0
7,155,1.0022784577398558,11.721567042514792,0.0,0.0,1.0,1.0,0.0,1.0
8,155,4.234651551248716,11.469464138721625,0.0,0.0,1.0,1.0,0.0,1.0
9,155,0.781171707498621,2.199740423224408,1.0,1.0,0.0,0.0,0.0,0.0
10,155,9.878203226240725,11.962946285941875,1.0,0.0,0.0,0.0,1.0,0.0
11,155,3.20784217086347,5.270205886761721,0.0,1.0,1.0,0.0,1.0,1.0
12,155,12.0,3.925366095314464,0.0,0.0,0.0,0.0,0.0,1.0
13,155,0.9737193519808104,8.0246733027979,1.0,0.0,1.0,1.0,1.0,1.0
14,155,6.805328423402216,0.0,0.0,0.0,1.0,0.0,1.0,1.0
15,155,0.0,0.9291637531037038,1.0,0.0,0.0,0.0,1.0,1.0
16,155,12.0,0.0,0.0,1.0,0.0,0.0,1.0,1.0
17,155,9.265311244484623,12.0,0.0,1.0,0.0,1.0,0.0,0.0
18,155,11.01255077622222,9.90311602511478,0.0,0.0,1.0,1.0,0.0,0.0
19,155,12.0,11.398414229001917,1.0,1.0,0.0,0.0,0.0,1.0
20,155,6.028593284005748,0.0,1.0,0.0,0.0,1.0,0.0,1.0
21,155,6.89348985444979,5.139706749566321,0.0,1.0,1.0,0.0,0.0,0.0
22,155,3.892371345871367,8.209538964214946,1.0,1.0,0.0,0.0,0.0,0.0
23,155,11.99766775447291,4.360889903929183,0.0,1.0,0.0,1.0,0.0,0.0
24,155,5.393010243479643,3.3896450621131384,0.0,1.0,0.0,0.0,1.0,0.0
25,155,11.051955448554258,0.0429996946222733,1.0,0.0,1.0,0.0,0.0,1.0
26,155,8.361843593792978,8.926910729798738,0.0,0.0,1.0,1.0,1.0,0.0
27,155,11.295555757590051,0.0,1.0,1.0,0.0,0.0,1.0,0.0
28,155,4.61445770336463,0.8803928888897363,1.0,1.0,0.0,0.0,0.0,1.0
29,155,11.385087465337175,12.0,1.0,1.0,1.0,0.0,0.0,0.0
30,155,1.5074916062602397,3.341341432737972,1.0,0.0,0.0,1.0,0.0,0.0
31,155,8.243611368951168,2.962580550423798,1.0,1.0,1.0,0.0,0.0,0.0
32,155,5.061967816237583,6.579487136073342,0.0,1.0,0.0,1.0,1.0,0.0
33,155,9.60346383483413,9.327721454524749,0.0,0.0,1.0,0.0,0.0,0.0
34,155,8.054701323329963,8.637650416443499,1.0,1.0,0.0,0.0,0.0,1.0
35,155,5.842188607671647,8.29278617059094,0.0,0.0,0.0,0.0,0.0,0.0
36,155,2.363753725801625,5.245517064548503,1.0,0.0,0.0,0.0,1.0,1.0
37,155,2.1012710263723213,2.2040290882882907,0.0,0.0,1.0,1.0,0.0,1.0
38,155,3.6774253408919946,6.15826106520055,0.0,1.0,0.0,0.0,0.0,1.0
39,155,1.094649579075239,0.0,0.0,0.0,1.0,0.0,1.0,0.0
0,160,7.830493755894181,0.6131418338646725,1.0,0.0,1.0,0.0,0.0,0.0
1,160,9.322920960049755,3.3409818976905417,0.0,0.0,0.0,0.0,0.0,1.0
2,160,2.5032805295196447,6.55346110544978,0.0,1.0,0.0,0.0,0.0,0.0
3,160,7.998061177500594,5.690003867082764,0.0,0.0,1.0,1.0,0.0,0.0
4,160,8.558442932529871,2.26385764539657,0.0,0.0,0.0,0.0,1.0,0.0
5,160,0.5963466137368861,10.004457478178772,0.0,0.0,0.0,1.0,0.0,1.0
6,160,9.229035869819809,0.0,0.0,1.0,0.0,1.0,0.0,0.0
7,160,0.9453877798742328,11.864734940209834,0.0,0.0,1.0,1.0,0.0,1.0
8,160,4.144032694736132,11.490581388678208,0.0,0.0,1.0,1.0,0.0,1.0
9,160,0.7884838101396254,2.155939282218531,1.0,1.0,0.0,0.0,0.0,0.0
10,160,9.839811823138664,11.950481930379604,1.0,0.0,0.0,0.0,1.0,0.0
11,160,3.235612404960514,5.31040791608229,0.0,1.0,1.0,0.0,1.0,1.0
12,160,12.0,3.971179803622297,0.0,0.0,0.0,0.0,0.0,1.0
13,160,0.962435432094812,8.064155820747258,1.0,0.0,1.0,1.0,1.0,1.0
14,160,6.73465252025039,0.0,0.0,0.0,1.0,0.0,1.0,1.0
15,160,0.0,0.975226414566407,1.0,0.0,0.0,0.0,1.0,1.0
16,160,12.0,0.0,0.0,1.0,0.0,0.0,1.0,1.0
17,160,9.30848221988338,12.0,0.0,1.0,0.0,1.0,0.0,0.0
18,160,11.016365198669002,9.915806474584889,0.0,0.0,1.0,1.0,0.0,0.0
19,160,12.0,11.37362860406984,1.0,1.0,0.0,0.0,0.0,1.0
20,160,6.038568615355989,0.0,1.0,0.0,0.0,1.0,0.0,1.0
21,160,6.806358886911764,5.180051617800737,0.0,1.0,1.0,0.0,0.0,0.0
22,160,3.90553312803248,8.241097249652714,1.0,1.0,0.0,0.0,0.0,0.0
23,160,11.99310806966875,4.349733720444021,0.0,1.0,0.0,1.0,0.0,0.0
24,160,5.363060346764618,3.377018406029074,0.0,1.0,0.0,0.0,1.0,0.0
25,160,11.05938457455892,0.0,1.0,0.0,1.0,0.0,0.0,1.0
26,160,8.338785996104303,8.877867286228843,0.0,0.0,1.0,1.0,1.0,0.0
27,160,11.282174159642302,0.0,1.0,1.0,0.0,0.0,1.0,0.0
28,160,4.704647217003351,0.911742017878081,1.0,1.0,0.0,0.0,0.0,1.0
29,160,11.378563547789836,12.0,1.0,1.0,1.0,0.0,0.0,0.0
30,160,1.3536257608517543,3.2453690999775926,1.0,0.0,0.0,1.0,0.0,0.0
31,160,8.202761598222807,3.129262670187828,1.0,1.0,1.0,0.0,0.0,0.0
32,160,5.021111548438789,6.608605542113598,0.0,1.0,0.0,1.0,1.0,0.0
33,160,9.623364469380386,9.387913946132407,0.0,0.0,1.0,0.0,0.0,0.0
34,160,8.057374018885325,8.640311672734066,1.0,1.0,0.0,0.0,0.0,1.0
35,160,5.809258402166222,8.35628959824288,0.0,0.0,0.0,0.0,0.0,0.0
36,160,2.240350214043344,5.355632772156499,1.0,0.0,0.0,0.0,1.0,1.0
37,160,2.0408571431753044,2.1269941403739696,0.0,0.0,1.0,1.0,0.0,1.0
38,160,3.7209450658785705,6.076306462330048,0.0,1.0,0.0,0.0,0.0,1.0
39,160,1.0911891933421194,0.0,0.0,0.0,1.0,0.0,1.0,0.0
0,165,7.81361354764918,0.6309038925169246,1.0,0.0,1.0,0.0,0.0,0.0
1,165,9.339537113779135,3.4750094409211005,0.0,0.0,0.0,0.0,0.0,1.0
2,165,2.3888147235440558,6.489968642868379,0.0,1.0,0.0,0.0,0.0,0.0
3,165,8.162208879933067,5.551046507164969,0.0,0.0,1.0,1.0,0.0,0.0
4,165,8.52410948133174,2.344869350297323,0.0,0.0,0.0,0.0,1.0,0.0
5,165,0.5647004223433915,10.076237550181151,0.0,0.0,0.0,1.0,0.0,1.0
6,165,9.277090912322592,0.0,0.0,1.0,0.0,1.0,0.0,0.0
7,165,0.8943514955801027,11.98704120083357,0.0,0.0,1.0,1.0,0.0,1.0
8,165,4.03827688775555,11.514743606817836,0.0,0.0,1.0,1.0,0.0,1.0
9,165,0.7931590389734612,2.124248446223997,1.0,1.0,0.0,0.0,0.0,0.0
10,165,9.809389557572327,11.941517998981098,1.0,0.0,0.0,0.0,1.0,0.0
11,165,3.2668257991129868,5.357245805315954,0.0,1.0,1.0,0.0,1.0,1.0
12,165,12.0,4.004754307294772,0.0,0.0,0.0,0.0,0.0,1.0
13,165,0.9498666966936048,8.107414407279828,1.0,0.0,1.0,1.0,1.0,1.0
14,165,6.662864272361863,0.0,0.0,0.0,1.0,0.0,1.0,1.0
15,165,0.0,1.0188153459889435,1.0,0.0,0.0,0.0,1.0,1.0
16,165,12.0,0.0,0.0,1.0,0.0,0.0,1.0,1.0
17,165,9.339574377703212,12.0,0.0,1.0,0.0,1.0,0.0,0.0
18,165,11.019187700904473,9.92482712551775,0.0,0.0,1.0,1.0,0.0,0.0
19,165,12.0,11.364551896646908,1.0,1.0,0.0,0.0,0.0,1.0
20,165,6.053702943042121,0.0,1.0,0.0,0.0,1.0,0.0,1.0
21,165,6.716852083524596,5.220695180097805,0.0,1.0,1.0,0.0,0.0,0.0
22,165,3.923381712271964,8.284148876610308,1.0,1.0,0.0,0.0,0.0,0.0
23,165,11.985236233563064,4.329870643637736,0.0,1.0,0.0,1.0,0.0,0.0
24,165,5.33400742442704,3.364215213705891,0.0,1.0,0.0,0.0,1.0,0.0
25,165,11.066897096723835,0.0,1.0,0.0,1.0,0.0,0.0,1.0
26,165,8.305857667680153,8.80570131651127,0.0,0.0,1.0,1.0,1.0,0.0
27,165,11.271155316283044,0.0,1.0,1.0,0.0,0.0,1.0,0.0
28,165,4.7872498998782085,0.9405367112926232,1.0,1.0,0.0,0.0,0.0,1.0
29,165,11.38093884863716,11.994414362559844,1.0,1.0,1.0,0.0,0.0,0.0
30,165,1.2042723278831815,3.14541268294175,1.0,0.0,0.0,1.0,0.0,0.0
31,165,8.161668702876387,3.3017849237046626,1.0,1.0,1.0,0.0,0.0,0.0
32,165,4.958875048818868,6.651165149113555,0.0,1.0,0.0,1.0,1.0,0.0
33,165,9.643292745942146,9.445367185721135,0.0,0.0,1.0,0.0,0.0,0.0
34,165,8.05630294358728,8.641412040293861,1.0,1.0,0.0,0.0,0.0,1.0
35,165,5.785359142173067,8.402457433273321,0.0,0.0,0.0,0.0,0.0,0.0
36,165,2.1134061907857338,5.471881824225994,1.0,0.0,0.0,0.0,1.0,1.0
37,165,1.9887742061579092,2.0590972615276315,0.0,0.0,1.0,1.0,0.0,1.0
38,165,3.764507361088202,5.994564830747459,0.0,1.0,0.0,0.0,0.0,1.0
39,165,1.0874874915831183,0.0,0.0,0.0,1.0,0.0,1.0,0.0
0,170,7.791284406639958,0.6545608881794489,1.0,0.0,1.0,0.0,0.0,0.0
1,170,9.35486320039374,3.601546160699035,0.0,0.0,0.0,0.0,0.0,1.0
2,170,2.2921450321209083,6.435316012623368,0.0,1.0,0.0,0.0,0.0,0.0
3,170,8.327893351508283,5.407419183841897,0.0,0.0,1.0,1.0,0.0,0.0
4,170,8.477922132179279,2.4429098185428724,0.0,0.0,0.0,0.0,1.0,0.0
5,170,0.5299421367934226,10.154967574557244,0.0,0.0,0.0,1.0,0.0,1.0
6,170,9.317124799619098,0.0,0.0,1.0,0.0,1.0,0.0,0.0
7,170,0.8401971759918032,12.0,0.0,0.0,1.0,1.0,0.0,1.0
8,170,3.952852370233439,11.532257256912253,0.0,0.0,1.0,1.0,0.0,1.0
9,170,0.7990385133075479,2.0859247685283786,1.0,1.0,0.0,0.0,0.0,0.0
10,170,9.789355189455842,11.93554389366564,1.0,0.0,0.0,0.0,1.0,0.0
11,170,3.304196278597872,5.414696945386352,0.0,1.0,1.0,0.0,1.0,1.0
12,170,12.0,4.021430474177323,0.0,0.0,0.0,0.0,0.0,1.0
13,170,0.9439159795011464,8.126491787549378,1.0,0.0,1.0,1.0,1.0,1.0
14,170,6.583403851928706,0.0,0.0,0.0,1.0,0.0,1.0,1.0
15,170,0.0,1.0658513573169872,1.0,0.0,0.0,0.0,1.0,1.0
16,170,12.0,0.0,0.0,1.0,0.0,0.0,1.0,1.0
17,170,9.367548838717903,12.0,0.0,1.0,0.0,1.0,0.0,0.0
18,170,11.021588351091667,9.932974694620365,0.0,0.0,1.0,1.0,0.0,0.0
19,170,12.0,11.360439879966972,1.0,1.0,0.0,0.0,0.0,1.0
20,170,6.067306546468517,0.0,1.0,0.0,0.0,1.0,0.0,1.0
21,170,6.630918151684117,5.26009348229488,0.0,1.0,1.0,0.0,0.0,0.0
22,170,3.933201523869581,8.308591352275545,1.0,1.0,0.0,0.0,0.0,0.0
23,170,11.97791859735696,4.310876217988782,0.0,1.0,0.0,1.0,0.0,0.0
24,170,5.315127801341501,3.356420359368062,0.0,1.0,0.0,0.0,1.0,0.0
25,170,11.076745680431276,0.0,1.0,0.0,1.0,0.0,0.0,1.0
26,170,8.273871811360836,8.737698011339294,0.0,0.0,1.0,1.0,1.0,0.0
27,170,11.26465321112989,0.0,1.0,1.0,0.0,0.0,1.0,0.0
28,170,4.877391564707795,0.9744528927131024,1.0,1.0,0.0,0.0,0.0,1.0
29,170,11.38655615934427,11.98110434980024,1.0,1.0,1.0,0.0,0.0,0.0
30,170,1.0888218091621884,3.314395071955793,1.0,0.0,0.0,1.0,0.0,0.0
31,170,8.125769221541628,3.454981295225259,1.0,1.0,1.0,0.0,0.0,0.0
32,170,4.889366158642037,6.701255159770566,0.0,1.0,0.0,1.0,1.0,0.0
33,170,9.661727656628829,9.501781860855232,0.0,0.0,1.0,0.0,0.0,0.0
34,170,8.050989818999792,8.646933479796697,1.0,1.0,0.0,0.0,0.0,1.0
35,170,5.760214788439695,8.451411726495598,0.0,0.0,0.0,0.0,0.0,0.0
36,170,1.9802134536086449,5.592114012337726,1.0,0.0,0.0,0.0,1.0,1.0
37,170,1.9486044310081216,2.00816138039972,0.0,0.0,1.0,1.0,0.0,1.0
38,170,3.810825750761031,5.902867634203509,0.0,1.0,0.0,0.0,0.0,1.0
39,170,1.0846448763913474,0.0,0.0,0.0,1.0,0.0,1.0,0.0
0,175,7.766298423400763,0.6824512713424497,1.0,0.0,1.0,0.0,0.0,0.0
1,175,9.371155898927125,3.7206245357908942,0.0,0.0,0.0,0.0,0.0,1.0
2,175,2.178659557599508,6.373284613728186,0.0,1.0,0.0,0.0,0.0,0.0
3,175,8.492080138148735,5.264510401902765,0.0,0.0,1.0,1.0,0.0,0.0
4,175,8.435768100406747,2.5380380570174568,0.0,0.0,0.0,0.0,1.0,0.0
5,175,0.4919104575859678,10.239761655509954,0.0,0.0,0.0,1.0,0.0,1.0
6,175,9.342808415124296,0.0,0.0,1.0,0.0,1.0,0.0,0.0
7,175,0.7879414664562643,12.0,0.0,0.0,1.0,1.0,0.0,1.0
8,175,3.8611483858000657,11.551705949929032,0.0,0.0,1.0,1.0,0.0,1.0
9,175,0.8068664784920538,2.027336864409031,1.0,1.0,0.0,0.0,0.0,0.0
10,175,9.774068634959342,11.93093174510707,1.0,0.0,0.0,0.0,1.0,0.0
11,175,3.3475565597298886,5.475150607327934,0.0,1.0,1.0,0.0,1.0,1.0
12,175,12.0,4.034090069835135,0.0,0.0,0.0,0.0,0.0,1.0
13,175,0.9398844172936672,8.140059588984972,1.0,0.0,1.0,1.0,1.0,1.0
14,175,6.502636078252301,0.0,0.0,0.0,1.0,0.0,1.0,1.0
15,175,0.0,1.099561279970236,1.0,0.0,0.0,0.0,1.0,1.0
16,175,12.0,0.0,0.0,1.0,0.0,0.0,1.0,1.0
17,175,9.32005401657063,12.0,0.0,1.0,0.0,1.0,0.0,0.0
18,175,11.023488894966048,9.93961340586595,0.0,0.0,1.0,1.0,0.0,0.0
19,175,12.0,11.34321209563776,1.0,1.0,0.0,0.0,0.0,1.0
20,175,6.079495656342375,0.0,1.0,0.0,0.0,1.0,0.0,1.0
21,175,6.549629285566812,5.2984221943524,0.0,1.0,1.0,0.0,0.0,0.0
22,175,3.938806301535965,8.322324942673621,1.0,1.0,0.0,0.0,0.0,0.0
23,175,11.97361755743967,4.29973110840447,0.0,1.0,0.0,1.0,0.0,0.0
24,175,5.302618485521957,3.3514025239507617,0.0,1.0,0.0,0.0,1.0,0.0
25,175,11.089238848724102,0.0,1.0,0.0,1.0,0.0,0.0,1.0
26,175,8.226257070682143,8.645606929023819,0.0,0.0,1.0,1.0,1.0,0.0
27,175,11.262715667182247,0.0,1.0,1.0,0.0,0.0,1.0,0.0
28,175,4.9687173389251855,1.0107786931303877,1.0,1.0,0.0,0.0,0.0,1.0
29,175,11.39496821952085,11.96173502612432,1.0,1.0,1.0,0.0,0.0,0.0
30,175,0.9769129629318706,3.480691027307284,1.0,0.0,0.0,1.0,0.0,0.0
31,175,8.083786697410448,3.6341494835411305,1.0,1.0,1.0,0.0,0.0,0.0
32,175,4.816607699531001,6.7490827460647695,0.0,1.0,0.0,1.0,1.0,0.0
33,175,9.680779821490452,9.558187946284455,0.0,0.0,1.0,0.0,0.0,0.0
34,175,8.039987511634058,8.658584917840853,1.0,1.0,0.0,0.0,0.0,1.0
35,175,5.74130829209185,8.485934816551433,0.0,0.0,0.0,0.0,0.0,0.0
36,175,1.8471920749503292,5.71221316610886,1.0,0.0,0.0,0.0,1.0,1.0
37,175,1.9261136795215577,1.9802177652623685,0.0,0.0,1.0,1.0,0.0,1.0
38,175,3.862221839198204,5.803491649344755,0.0,1.0,0.0,0.0,0.0,1.0
39,175,1.0813673073356402,0.0,0.0,0.0,1.0,0.0,1.0,0.0
0,180,7.743890994055504,0.7082993290338235,1.0,0.0,1.0,0.0,0.0,0.0
1,180,9.391042746004215,3.844547471403272,0.0,0.0,0.0,0.0,0.0,1.0
2,180,2.093363074964388,6.325152144811919,0.0,1.0,0.0,0.0,0.0,0.0
3,180,8.662999130392455,5.115655595929643,0.0,0.0,1.0,1.0,0.0,0.0
4,180,8.401145642024455,2.6177169211677085,0.0,0.0,0.0,0.0,1.0,0.0
5,180,0.4550400373723507,10.31695164581811,0.0,0.0,0.0,1.0,0.0,1.0
6,180,9.371211291323576,0.0,0.0,1.0,0.0,1.0,0.0,0.0
7,180,0.7254546528264815,12.0,0.0,0.0,1.0,1.0,0.0,1.0
8,180,3.778230009554869,11.571598276072791,0.0,0.0,1.0,1.0,0.0,1.0
9,180,0.8166272253221176,1.9539380619226456,1.0,1.0,0.0,0.0,0.0,0.0
10,180,9.756675894193425,11.92534075781791,1.0,0.0,0.0,0.0,1.0,0.0
11,180,3.3882415685651197,5.533286360591086,0.0,1.0,1.0,0.0,1.0,1.0
12,180,12.0,4.043360613169672,0.0,0.0,0.0,0.0,0.0,1.0
13,180,0.9366475344784284,8.151936847324999,1.0,0.0,1.0,1.0,1.0,1.0
14,180,6.410410813049443,0.0,0.0,0.0,1.0,0.0,1.0,1.0
15,180,0.0,1.148849312069282,1.0,0.0,0.0,0.0,1.0,1.0
16,180,12.0,0.0,0.0,1.0,0.0,0.0,1.0,1.0
17,180,9.272427606263856,12.0,0.0,1.0,0.0,1.0,0.0,0.0
18,180,11.028224248311924,9.956744519810814,0.0,0.0,1.0,1.0,0.0,0.0
19,180,12.0,11.32305683703508,1.0,1.0,0.0,0.0,0.0,1.0
20,180,6.090596462485025,0.0,1.0,0.0,0.0,1.0,0.0,1.0
21,180,6.4727030449112055,5.333656534399768,0.0,1.0,1.0,0.0,0.0,0.0
22,180,3.940502109534469,8.32629783693307,1.0,1.0,0.0,0.0,0.0,0.0
23,180,11.959053925156953,4.26035287269665,0.0,1.0,0.0,1.0,0.0,0.0
24,180,5.292760086266107,3.3474804855453173,0.0,1.0,0.0,0.0,1.0,0.0
25,180,11.100504815506667,0.0,1.0,0.0,1.0,0.0,0.0,1.0
26,180,8.186965702131017,8.57087919610127,0.0,0.0,1.0,1.0,1.0,0.0
27,180,11.260712214190304,0.0,1.0,1.0,0.0,0.0,1.0,0.0
28,180,5.057754108329332,1.0470072384193965,1.0,1.0,0.0,0.0,0.0,1.0
29,180,11.418155600505946,11.907297063783286,1.0,1.0,1.0,0.0,0.0,0.0
30,180,0.8770510518415323,3.630552395247413,1.0,0.0,0.0,1.0,0.0,0.0
31,180,8.037321398570796,3.817501362275253,1.0,1.0,1.0,0.0,0.0,0.0
32,180,4.738224107744264,6.801930975507034,0.0,1.0,0.0,1.0,1.0,0.0
33,180,9.704150822514803,9.62739487590813,0.0,0.0,1.0,0.0,0.0,0.0
34,180,8.029982724991726,8.66952222579195,1.0,1.0,0.0,0.0,0.0,1.0
35,180,5.719316135372936,8.52630838109353,0.0,0.0,0.0,0.0,0.0,0.0
36,180,1.7079639627201002,5.840645713370489,1.0,0.0,0.0,0.0,1.0,1.0
37,180,1.9055559254469792,1.953830225161592,0.0,0.0,1.0,1.0,0.0,1.0
38,180,3.918680612730373,5.696430771831425,0.0,1.0,0.0,0.0,0.0,1.0
39,180,1.0790158404272792,0.0,0.0,0.0,1.0,0.0,1.0,0.0
0,185,7.729204587869834,0.7259499567047448,1.0,0.0,1.0,0.0,0.0,0.0
1,185,9.409472051357076,3.95497759126959,0.0,0.0,0.0,0.0,0.0,1.0
2,185,2.0209572001185503,6.282953893966845,0.0,1.0,0.0,0.0,0.0,0.0
3,185,8.840271895874851,4.958607994936988,0.0,0.0,1.0,1.0,0.0,0.0
4,185,8.37272288160887,2.68329616642352,0.0,0.0,0.0,0.0,1.0,0.0
5,185,0.4230487180150342,10.381420983799275,0.0,0.0,0.0,1.0,0.0,1.0
6,185,9.41362326262168,0.0,0.0,1.0,0.0,1.0,0.0,0.0
7,185,0.678026036151893,12.0,0.0,0.0,1.0,1.0,0.0,1.0
8,185,3.661441553900717,11.596836915453224,0.0,0.0,1.0,1.0,0.0,1.0
9,185,0.8243526971770522,1.898051089397756,1.0,1.0,0.0,0.0,0.0,0.0
10,185,9.71704132517421,11.912019900991105,1.0,0.0,0.0,0.0,1.0,0.0
11,185,3.435750024094994,5.6045745165403735,0.0,1.0,1.0,0.0,1.0,1.0
12,185,12.0,4.053598927459479,0.0,0.0,0.0,0.0,0.0,1.0
13,185,0.9288433144110054,8.178837246816014,1.0,0.0,1.0,1.0,1.0,1.0
14,185,6.328707658789258,0.0,0.0,0.0,1.0,0.0,1.0,1.0
15,185,0.0,1.1927164833076278,1.0,0.0,0.0,0.0,1.0,1.0
16,185,12.0,0.0,0.0,1.0,0.0,0.0,1.0,1.0
17,185,9.223401683472328,12.0,0.0,1.0,0.0,1.0,0.0,0.0
18,185,11.032280211629695,9.971920186410893,0.0,0.0,1.0,1.0,0.0,0.0
19,185,12.0,11.30372679866072,1.0,1.0,0.0,0.0,0.0,1.0
20,185,6.102596791001996,0.0,1.0,0.0,0.0,1.0,0.0,1.0
21,185,6.392854446618155,5.371570124575066,0.0,1.0,1.0,0.0,0.0,0.0
22,185,3.9452944630595694,8.338352422998511,1.0,1.0,0.0,0.0,0.0,0.0
23,185,11.941106976165624,4.212642189087053,0.0,1.0,0.0,1.0,0.0,0.0
24,185,5.282153807836104,3.3430649688448666,0.0,1.0,0.0,0.0,1.0,0.0
25,185,11.112536800717896,0.0,1.0,0.0,1.0,0.0,0.0,1.0
26,185,8.142780605736084,8.484015179866669,0.0,0.0,1.0,1.0,1.0,0.0
27,185,11.261203422682671,0.0030353774921679,1.0,1.0,0.0,0.0,1.0,0.0
28,185,5.138633155589771,1.0786444833126343,1.0,1.0,0.0,0.0,0.0,1.0
29,185,11.44638364460786,11.844252493456835,1.0,1.0,1.0,0.0,0.0,0.0
30,185,0.7685286869943061,3.79785425473753,1.0,0.0,0.0,1.0,0.0,0.0
31,185,7.987308874403347,4.034362221582736,1.0,1.0,1.0,0.0,0.0,0.0
32,185,4.6473842673844645,6.858079864377132,0.0,1.0,0.0,1.0,1.0,0.0
33,185,9.73146662207098,9.70637384922664,0.0,0.0,1.0,0.0,0.0,0.0
34,185,8.008479442403061,8.6925334922268,1.0,1.0,0.0,0.0,0.0,1.0
35,185,5.697949872860007,8.565669251014109,0.0,0.0,0.0,0.0,0.0,0.0
36,185,1.5728999609535443,5.961306248413093,1.0,0.0,0.0,0.0,1.0,1.0
37,185,1.872310480199421,1.9125010172144248,0.0,0.0,1.0,1.0,0.0,1.0
38,185,3.989697235311544,5.568028161001138,0.0,1.0,0.0,0.0,0.0,1.0
39,185,1.077849654882086,0.0,0.0,0.0,1.0,0.0,1.0,0.0
0,190,7.711534713871224,0.7473575605922416,1.0,0.0,1.0,0.0,0.0,0.0
1,190,9.42675533044136,4.062261151633261,0.0,0.0,0.0,0.0,0.0,1.0
2,190,1.9451519914366464,6.240922463211455,0.0,1.0,0.0,0.0,0.0,0.0
3,190,9.011769852806983,4.805341999810535,0.0,0.0,1.0,1.0,0.0,0.0
4,190,8.342925211039349,2.749926228272129,0.0,0.0,0.0,0.0,1.0,0.0
5,190,0.3830696815692153,10.461735004467272,0.0,0.0,0.0,1.0,0.0,1.0
6,190,9.429743054963174,0.0,0.0,1.0,0.0,1.0,0.0,0.0
7,190,0.6294854051727804,12.0,0.0,0.0,1.0,1.0,0.0,1.0
8,190,3.520545120452615,11.622431456387163,0.0,0.0,1.0,1.0,0.0,1.0
9,190,0.8289881651217298,1.8636163384746551,1.0,1.0,0.0,0.0,0.0,0.0
10,190,9.659043183395662,11.892079535646706,1.0,0.0,0.0,0.0,1.0,0.0
11,190,3.4786415383356584,5.669389059377474,0.0,1.0,1.0,0.0,1.0,1.0
12,190,12.0,4.063820985214489,0.0,0.0,0.0,0.0,0.0,1.0
13,190,0.9161445102730954,8.222210415794496,1.0,0.0,1.0,1.0,1.0,1.0
14,190,6.253407703766613,0.0,0.0,0.0,1.0,0.0,1.0,1.0
15,190,0.0,1.2446771656652489,1.0,0.0,0.0,0.0,1.0,1.0
16,190,12.0,0.0,0.0,1.0,0.0,0.0,1.0,1.0
17,190,9.189517108530964,12.0,0.0,1.0,0.0,1.0,0.0,0.0
18,190,11.03757450360452,9.99056927077756,0.0,0.0,1.0,1.0,0.0,0.0
19,190,12.0,11.263031178954712,1.0,1.0,0.0,0.0,0.0,1.0
20,190,6.1122083684629205,0.0,1.0,0.0,0.0,1.0,0.0,1.0
21,190,6.30312114009555,5.414715930742332,0.0,1.0,1.0,0.0,0.0,0.0
22,190,3.959186165922041,8.372828105058087,1.0,1.0,0.0,0.0,0.0,0.0
23,190,11.925904202449154,4.170670878068363,0.0,1.0,0.0,1.0,0.0,0.0
24,190,5.261604102738687,3.3340603721862645,0.0,1.0,0.0,0.0,1.0,0.0
25,190,11.122421317019931,0.0,1.0,0.0,1.0,0.0,0.0,1.0
26,190,8.105942696661463,8.402721010487587,0.0,0.0,1.0,1.0,1.0,0.0
27,190,11.259251930881168,0.0,1.0,1.0,0.0,0.0,1.0,0.0
28,190,5.240360603698884,1.1223267433762107,1.0,1.0,0.0,0.0,0.0,1.0
29,190,11.468991351020383,11.793970524876684,1.0,1.0,1.0,0.0,0.0,0.0
30,190,0.6587830912563556,3.970171183701374,1.0,0.0,0.0,1.0,0.0,0.0
31,190,7.939415320656619,4.228114798049535,1.0,1.0,1.0,0.0,0.0,0.0
32,190,4.5640042804453405,6.912379803277513,0.0,1.0,0.0,1.0,1.0,0.0
33,190,9.752868359312378,9.769056932656776,0.0,0.0,1.0,0.0,0.0,0.0
34,190,7.987327415178911,8.714984899608211,1.0,1.0,0.0,0.0,0.0,1.0
35,190,5.667529300963483,8.617344896095435,0.0,0.0,0.0,0.0,0.0,0.0
36,190,1.4506050014317775,6.066575890028661,1.0,0.0,0.0,0.0,1.0,1.0
37,190,1.8424758473963967,1.8757681166570772,0.0,0.0,1.0,1.0,0.0,1.0
38,190,4.055818031420972,5.446771384153839,0.0,1.0,0.0,0.0,0.0,1.0
39,190,1.046197559735556,0.0009846813796843,0.0,0.0,1.0,0.0,1.0,0.0
0,195,7.682572661922871,0.7817685242805392,1.0,0.0,1.0,0.0,0.0,0.0
1,195,9.447003539478638,4.18086619251428,0.0,0.0,0.0,0.0,0.0,1.0
2,195,1.8648781023998409,6.1985121661736695,0.0,1.0,0.0,0.0,0.0,0.0
3,195,9.198780683765236,4.645938051224686,0.0,0.0,1.0,1.0,0.0,0.0
4,195,8.319685075320791,2.7982078595597115,0.0,0.0,0.0,0.0,1.0,0.0
5,195,0.3389829537682093,10.551796060425538,0.0,0.0,0.0,1.0,0.0,1.0
6,195,9.44612797619924,0.0,0.0,1.0,0.0,1.0,0.0,0.0
7,195,0.5906838962289185,12.0,0.0,0.0,1.0,1.0,0.0,1.0
8,195,3.379078742604303,11.648460376793022,0.0,0.0,1.0,1.0,0.0,1.0
9,195,0.8338952589680687,1.820985223415221,1.0,1.0,0.0,0.0,0.0,0.0
10,195,9.595995968585724,11.871103967812914,1.0,0.0,0.0,0.0,1.0,0.0
11,195,3.5079972059866518,5.714945404947347,0.0,1.0,1.0,0.0,1.0,1.0
12,195,12.0,4.071755723100399,0.0,0.0,0.0,0.0,0.0,1.0
13,195,0.9080458968894632,8.250558668210195,1.0,0.0,1.0,1.0,1.0,1.0
14,195,6.178116724396263,0.0,0.0,0.0,1.0,0.0,1.0,1.0
15,195,0.0,1.3008514542883671,1.0,0.0,0.0,0.0,1.0,1.0
16,195,12.0,0.0,0.0,1.0,0.0,0.0,1.0,1.0
17,195,9.15902144302877,12.0,0.0,1.0,0.0,1.0,0.0,0.0
18,195,11.048671937912344,10.02990929196756,0.0,0.0,1.0,1.0,0.0,0.0
19,195,12.0,11.22214361531849,1.0,1.0,0.0,0.0,0.0,1.0
20,195,6.12145454426594,0.0,1.0,0.0,0.0,1.0,0.0,1.0
21,195,6.198360477702535,5.466111295850438,0.0,1.0,1.0,0.0,0.0,0.0
22,195,3.972003959007522,8.404613096577698,1.0,1.0,0.0,0.0,0.0,0.0
23,195,11.913291504326924,4.136758764180723,0.0,1.0,0.0,1.0,0.0,0.0
24,195,5.25079049090412,3.329178090602892,0.0,1.0,0.0,0.0,1.0,0.0
25,195,11.131762168598538,0.0,1.0,0.0,1.0,0.0,0.0,1.0
26,195,8.065825710638109,8.313795186868871,0.0,0.0,1.0,1.0,1.0,0.0
27,195,11.261001237845807,0.0084443135853041,1.0,1.0,0.0,0.0,1.0,0.0
28,195,5.344534782410487,1.165786490796218,1.0,1.0,0.0,0.0,0.0,1.0
29,195,11.503709644675531,11.717334374212978,1.0,1.0,1.0,0.0,0.0,0.0
30,195,0.5493148600873737,4.150541104339181,1.0,0.0,0.0,1.0,0.0,0.0
31,195,7.885889413090709,4.437244155466023,1.0,1.0,1.0,0.0,0.0,0.0
32,195,4.46541140320137,6.980781462739894,0.0,1.0,0.0,1.0,1.0,0.0
33,195,9.777869028935203,9.8421298209315,0.0,0.0,1.0,0.0,0.0,0.0
34,195,7.958711089563284,8.746328560526848,1.0,1.0,0.0,0.0,0.0,1.0
35,195,5.638789357024497,8.66366720349671,0.0,0.0,0.0,0.0,0.0,0.0
36,195,1.3335503302939768,6.1667285619260594,1.0,0.0,0.0,0.0,1.0,1.0
37,195,1.804337685645394,1.8309295329400013,0.0,0.0,1.0,1.0,0.0,1.0
38,195,4.130358660083791,5.309744031657042,0.0,1.0,0.0,0.0,0.0,1.0
39,195,1.0133605195948157,0.0026108965985547,0.0,0.0,1.0,0.0,1.0,0.0
0,200,7.652256178932041,0.8169983619372214,1.0,0.0,1.0,0.0,0.0,0.0
1,200,9.462161119364623,4.277343409521879,0.0,0.0,0.0,0.0,0.0,1.0
2,200,1.7848702117191606,6.155991040621343,0.0,1.0,0.0,0.0,0.0,0.0
3,200,9.378370773505823,4.500663493412741,0.0,0.0,1.0,1.0,0.0,0.0
4,200,8.294097659002269,2.8500649595641203,0.0,0.0,0.0,0.0,1.0,0.0
5,200,0.286274111087156,10.653916439467755,0.0,0.0,0.0,1.0,0.0,1.0
6,200,9.464268442872651,0.0,0.0,1.0,0.0,1.0,0.0,0.0
7,200,0.5489168539650676,12.0,0.0,0.0,1.0,1.0,0.0,1.0
8,200,3.234632646172339,11.67304571457425,0.0,0.0,1.0,1.0,0.0,1.0
9,200,0.8425381684426155,1.7449836277906987,1.0,1.0,0.0,0.0,0.0,0.0
10,200,9.52476059837683,11.847391173080348,1.0,0.0,0.0,0.0,1.0,0.0
11,200,3.535049534859009,5.754188687580746,0.0,1.0,1.0,0.0,1.0,1.0
12,200,11.996059979713175,4.059145086789997,0.0,0.0,0.0,0.0,0.0,1.0
13,200,0.9013884055280116,8.275638373474642,1.0,0.0,1.0,1.0,1.0,1.0
14,200,6.108506226131165,0.0,0.0,0.0,1.0,0.0,1.0,1.0
15,200,0.0,1.3626240713249804,1.0,0.0,0.0,0.0,1.0,1.0
16,200,12.0,0.0,0.0,1.0,0.0,0.0,1.0,1.0
17,200,9.14496090387685,12.0,0.0,1.0,0.0,1.0,0.0,0.0
18,200,11.059836669990103,10.075964066844454,0.0,0.0,1.0,1.0,0.0,0.0
19,200,12.0,11.202147339166734,1.0,1.0,0.0,0.0,0.0,1.0
20,200,6.127455898878333,0.0,1.0,0.0,0.0,1.0,0.0,1.0
21,200,6.100494694362775,5.5129163887248,0.0,1.0,1.0,0.0,0.0,0.0
22,200,3.989260026518452,8.44254607147122,1.0,1.0,0.0,0.0,0.0,0.0
23,200,11.897996928644115,4.0955229471649295,0.0,1.0,0.0,1.0,0.0,0.0
24,200,5.219075126994135,3.315416738878079,0.0,1.0,0.0,0.0,1.0,0.0
25,200,11.140478030534224,0.0,1.0,0.0,1.0,0.0,0.0,1.0
26,200,8.02407161518749,8.215014247415288,0.0,0.0,1.0,1.0,1.0,0.0
27,200,11.266299337221223,0.0308020984701117,1.0,1.0,0.0,0.0,1.0,0.0
28,200,5.453168709551672,1.215107224131015,1.0,1.0,0.0,0.0,0.0,1.0
29,200,11.53470971970264,11.649787069466718,1.0,1.0,1.0,0.0,0.0,0.0
30,200,0.4396053505717857,4.328411183266069,1.0,0.0,0.0,1.0,0.0,0.0
31,200,7.831603196410887,4.647612431416032,1.0,1.0,1.0,0.0,0.0,0.0
32,200,4.3681317955283845,7.04543282396239,0.0,1.0,0.0,1.0,1.0,0.0
33,200,9.80546267520642,9.924770368459514,0.0,0.0,1.0,0.0,0.0,0.0
34,200,7.938638069527933,8.768817021044864,1.0,1.0,0.0,0.0,0.0,1.0
35,200,5.601969702029305,8.723675454485175,0.0,0.0,0.0,0.0,0.0,0.0
36,200,1.22692128537905,6.254591885347617,1.0,0.0,0.0,0.0,1.0,1.0
37,200,1.772075204687079,1.7932305204200216,0.0,0.0,1.0,1.0,0.0,1.0
38,200,4.206988988308427,5.169215605957456,0.0,1.0,0.0,0.0,0.0,1.0
39,200,0.9768013753374092,0.0052543840649438,0.0,0.0,1.0,0.0,1.0,0.0
0,205,7.619915740315008,0.8528048974983962,1.0,0.0,1.0,0.0,0.0,0.0
1,205,9.47489055645934,4.365276252649835,0.0,0.0,0.0,0.0,0.0,1.0
2,205,1.7195939903691526,6.122255544824018,0.0,1.0,0.0,0.0,0.0,0.0
3,205,9.569085001239914,4.352397795024305,0.0,0.0,1.0,1.0,0.0,0.0
4,205,8.26523103309033,2.9097566407412536,0.0,0.0,0.0,0.0,1.0,0.0
5,205,0.2410735156594633,10.741175357239886,0.0,0.0,0.0,1.0,0.0,1.0
6,205,9.49009581412986,0.0,0.0,1.0,0.0,1.0,0.0,0.0
7,205,0.5043215603739298,12.0,0.0,0.0,1.0,1.0,0.0,1.0
8,205,3.0769858126008645,11.697072332545018,0.0,0.0,1.0,1.0,0.0,1.0
9,205,0.9184940256190538,1.7532352463568683,1.0,1.0,0.0,0.0,0.0,0.0
10,205,9.451871214148753,11.819899739090392,1.0,0.0,0.0,0.0,1.0,0.0
11,205,3.544655124839592,5.768078768981519,0.0,1.0,1.0,0.0,1.0,1.0
12,205,11.982951690372554,4.0154021419637616,0.0,0.0,0.0,0.0,0.0,1.0
13,205,0.8914938021105192,8.309413850615208,1.0,0.0,1.0,1.0,1.0,1.0
14,205,6.040768576885577,0.0,0.0,0.0,1.0,0.0,1.0,1.0
15,205,0.0,1.4289080450838096,1.0,0.0,0.0,0.0,1.0,1.0
16,205,12.0,0.0,0.0,1.0,0.0,0.0,1.0,1.0
17,205,9.12540607775514,12.0,0.0,1.0,0.0,1.0,0.0,0.0
18,205,11.071692568178864,10.119362810088704,0.0,0.0,1.0,1.0,0.0,0.0
19,205,12.0,11.169254982282972,1.0,1.0,0.0,0.0,0.0,1.0
20,205,6.13325773580812,0.0,1.0,0.0,0.0,1.0,0.0,1.0
21,205,5.998254836753061,5.562619970091638,0.0,1.0,1.0,0.0,0.0,0.0
22,205,4.003083627780411,8.472882382607132,1.0,1.0,0.0,0.0,0.0,0.0
23,205,11.888036668027736,4.06858629906671,0.0,1.0,0.0,1.0,0.0,0.0
24,205,5.198981924896454,3.307241586735927,0.0,1.0,0.0,0.0,1.0,0.0
25,205,11.09414620772021,0.0,1.0,0.0,1.0,0.0,0.0,1.0
26,205,7.997153443620908,8.144206702660858,0.0,0.0,1.0,1.0,1.0,0.0
27,205,11.26741077563563,0.0354736501665591,1.0,1.0,0.0,0.0,1.0,0.0
28,205,5.551262883155183,1.2612270807463597,1.0,1.0,0.0,0.0,0.0,1.0
29,205,11.576115189587838,11.55984649468422,1.0,1.0,1.0,0.0,0.0,0.0
30,205,0.3320356196277536,4.498594781402525,1.0,0.0,0.0,1.0,0.0,0.0
31,205,7.779440931164355,4.87751163922878,1.0,1.0,1.0,0.0,0.0,0.0
32,205,4.272286520254961,7.109473803197064,0.0,1.0,0.0,1.0,1.0,0.0
33,205,9.82954441223037,9.996627669167564,0.0,0.0,1.0,0.0,0.0,0.0
34,205,7.912416052139181,8.79861984452538,1.0,1.0,0.0,0.0,0.0,1.0
35,205,5.572978685677457,8.7704679267106,0.0,0.0,0.0,0.0,0.0,0.0
36,205,1.1332525096056836,6.334097805820086,1.0,0.0,0.0,0.0,1.0,1.0
37,205,1.7390097428288662,1.7578590878717864,0.0,0.0,1.0,1.0,0.0,1.0
38,205,4.277736773820238,5.0379796590369,0.0,1.0,0.0,0.0,0.0,1.0
39,205,0.9250019677385763,0.0106997655912687,0.0,0.0,1.0,0.0,1.0,0.0
0,210,7.591089118494484,0.8854558982285414,1.0,0.0,1.0,0.0,0.0,0.0
1,210,9.486763623643355,4.460010053194352,0.0,0.0,0.0,0.0,0.0,1.0
2,210,1.6514884734081017,6.085802523699811,0.0,1.0,0.0,0.0,0.0,0.0
3,210,9.75321558411323,4.213822114906624,0.0,0.0,1.0,1.0,0.0,0.0
4,210,8.234273274656678,2.972609298690443,0.0,0.0,0.0,0.0,1.0,0.0
5,210,0.1939917708658891,10.827666413583646,0.0,0.0,0.0,1.0,0.0,1.0
6,210,9.502242725142638,0.0,0.0,1.0,0.0,1.0,0.0,0.0
7,210,0.609485195196962,12.0,0.0,0.0,1.0,1.0,0.0,1.0
8,210,2.9228568188126,11.71796865193066,0.0,0.0,1.0,1.0,0.0,1.0
9,210,0.987782955365787,1.7603598267068434,1.0,1.0,0.0,0.0,0.0,0.0
10,210,9.37276406240365,11.789937318419536,1.0,0.0,0.0,0.0,1.0,0.0
11,210,3.542956822787664,5.76564473106723,0.0,1.0,1.0,0.0,1.0,1.0
12,210,11.97018929633969,3.9706773345629256,0.0,0.0,0.0,0.0,0.0,1.0
13,210,0.8841400659672554,8.334251976532617,1.0,0.0,1.0,1.0,1.0,1.0
14,210,5.980062628884834,0.0,0.0,0.0,1.0,0.0,1.0,1.0
15,210,0.0,1.4805925301943592,1.0,0.0,0.0,0.0,1.0,1.0
16,210,12.0,0.0,0.0,1.0,0.0,0.0,1.0,1.0
17,210,9.102719884433418,12.0,0.0,1.0,0.0,1.0,0.0,0.0
18,210,11.08143540899289,10.153004968876964,0.0,0.0,1.0,1.0,0.0,0.0
19,210,12.0,11.144011387712569,1.0,1.0,0.0,0.0,0.0,1.0
20,210,6.137073084688731,0.0,1.0,0.0,0.0,1.0,0.0,1.0
21,210,5.907352272665407,5.606311000457936,0.0,1.0,1.0,0.0,0.0,0.0
22,210,4.007942564504388,8.48350252324574,1.0,1.0,0.0,0.0,0.0,0.0
23,210,11.874742339596864,4.032510720436438,0.0,1.0,0.0,1.0,0.0,0.0
24,210,5.201236705273132,3.3081821326570617,0.0,1.0,0.0,0.0,1.0,0.0
25,210,11.0399720198497,0.0,1.0,0.0,1.0,0.0,0.0,1.0
26,210,7.967556114280286,8.066315051282077,0.0,0.0,1.0,1.0,1.0,0.0
27,210,11.26897630000776,0.0419980403064925,1.0,1.0,0.0,0.0,1.0,0.0
28,210,5.631963927169196,1.2985592550010483,1.0,1.0,0.0,0.0,0.0,1.0
29,210,11.607669351787049,11.49061503376458,1.0,1.0,1.0,0.0,0.0,0.0
30,210,0.2262069338040342,4.65971275806723,1.0,0.0,0.0,1.0,0.0,0.0
31,210,7.733043225817503,5.099302196671767,1.0,1.0,1.0,0.0,0.0,0.0
32,210,4.183363705268856,7.167428096285845,0.0,1.0,0.0,1.0,1.0,0.0
33,210,9.856639324989946,10.07265876687439,0.0,0.0,1.0,0.0,0.0,0.0
34,210,7.890687957086501,8.823526067975571,1.0,1.0,0.0,0.0,0.0,1.0
35,210,5.54901434030592,8.810863279542465,0.0,0.0,0.0,0.0,0.0,0.0
36,210,1.033136651362886,6.423241568361068,1.0,0.0,0.0,0.0,1.0,1.0
37,210,1.695453725758522,1.7124765950397922,0.0,0.0,1.0,1.0,0.0,1.0
38,210,4.346564405950735,4.911425531697949,0.0,1.0,0.0,0.0,0.0,1.0
39,210,0.8764159251065224,0.0151344237060502,0.0,0.0,1.0,0.0,1.0,0.0
0,215,7.568210816294591,0.9110949554578814,1.0,0.0,1.0,0.0,0.0,0.0
1,215,9.49858374272067,4.5479559231458175,0.0,0.0,0.0,0.0,0.0,1.0
2,215,1.6047636346733043,6.06210207662092,0.0,1.0,0.0,0.0,0.0,0.0
3,215,9.959973212819,4.057245163230166,0.0,0.0,1.0,1.0,0.0,0.0
4,215,8.20201297461485,3.0381662273388965,0.0,0.0,0.0,0.0,1.0,0.0
5,215,0.1341460528364475,10.93379020127077,0.0,0.0,0.0,1.0,0.0,1.0
6,215,9.511407129168989,0.0,0.0,1.0,0.0,1.0,0.0,0.0
7,215,0.695927258644273,12.0,0.0,0.0,1.0,1.0,0.0,1.0
8,215,2.771278390519553,11.737865692596593,0.0,0.0,1.0,1.0,0.0,1.0
9,215,1.0696783733934303,1.7716313523171985,1.0,1.0,0.0,0.0,0.0,0.0
10,215,9.297842142936329,11.76242579440842,1.0,0.0,0.0,0.0,1.0,0.0
11,215,3.551379463269237,5.778198399837675,0.0,1.0,1.0,0.0,1.0,1.0
12,215,11.95215293222809,3.907230755321148,0.0,0.0,0.0,0.0,0.0,1.0
13,215,0.8752921191284994,8.36256361461187,1.0,0.0,1.0,1.0,1.0,1.0
14,215,5.920781476266976,0.0,0.0,0.0,1.0,0.0,1.0,1.0
15,215,0.0,1.5573608406284245,1.0,0.0,0.0,0.0,1.0,1.0
16,215,12.0,0.0,0.0,1.0,0.0,0.0,1.0,1.0
17,215,9.069807969814075,12.0,0.0,1.0,0.0,1.0,0.0,0.0
18,215,11.096801382925742,10.205627035610933,0.0,0.0,1.0,1.0,0.0,0.0
19,215,12.0,11.1213550873599,1.0,1.0,0.0,0.0,0.0,1.0
20,215,6.15160116963877,0.0,1.0,0.0,0.0,1.0,0.0,1.0
21,215,5.816128670503701,5.648888865342372,0.0,1.0,1.0,0.0,0.0,0.0
22,215,4.01330484103515,8.494907536864506,1.0,1.0,0.0,0.0,0.0,0.0
23,215,11.866490451928891,4.010238367978594,0.0,1.0,0.0,1.0,0.0,0.0
24,215,5.199141130962149,3.3072999043944167,0.0,1.0,0.0,0.0,1.0,0.0
25,215,11.003952646777854,0.0,1.0,0.0,1.0,0.0,0.0,1.0
26,215,7.931217013249542,7.972420952558418,0.0,0.0,1.0,1.0,1.0,0.0
27,215,11.27094656894372,0.0500218555351342,1.0,1.0,0.0,0.0,1.0,0.0
28,215,5.716442292586973,1.3370517415379275,1.0,1.0,0.0,0.0,0.0,1.0
29,215,11.631158003729777,11.437172564162651,1.0,1.0,1.0,0.0,0.0,0.0
30,215,0.1217611980577491,4.81644262317854,1.0,0.0,0.0,1.0,0.0,0.0
31,215,7.69112301262942,5.302359684096423,1.0,1.0,1.0,0.0,0.0,0.0
32,215,4.084814531963066,7.235151847116107,0.0,1.0,0.0,1.0,1.0,0.0
33,215,9.8829463422174,10.14516998355286,0.0,0.0,1.0,0.0,0.0,0.0
34,215,7.870345161597707,8.846285683391836,1.0,1.0,0.0,0.0,0.0,1.0
35,215,5.515357774852757,8.866086788806392,0.0,0.0,0.0,0.0,0.0,0.0
36,215,0.94446243386076,6.4994846715020005,1.0,0.0,0.0,0.0,1.0,1.0
37,215,1.6614799490124708,1.67739736433332,0.0,0.0,1.0,1.0,0.0,1.0
38,215,4.413446630713567,4.789267947970176,0.0,1.0,0.0,0.0,0.0,1.0
39,215,0.8250802560032566,0.0200552895765766,0.0,0.0,1.0,0.0,1.0,0.0
0,220,7.540104900534383,0.941137547599964,1.0,0.0,1.0,0.0,0.0,0.0
1,220,9.508923975126583,4.625116617382827,0.0,0.0,0.0,0.0,0.0,1.0
2,220,1.5566661663203958,6.036535845184262,0.0,1.0,0.0,0.0,0.0,0.0
3,220,10.184013130268038,3.886651458397196,0.0,0.0,1.0,1.0,0.0,0.0
4,220,8.168587593203391,3.1020846282949086,0.0,0.0,0.0,0.0,1.0,0.0
5,220,0.087270994021052,11.019578845185505,0.0,0.0,0.0,1.0,0.0,1.0
6,220,9.512334378842292,0.0,0.0,1.0,0.0,1.0,0.0,0.0
7,220,0.8071364515433327,12.0,0.0,0.0,1.0,1.0,0.0,1.0
8,220,2.6211742288068973,11.75948089209368,0.0,0.0,1.0,1.0,0.0,1.0
9,220,1.1571068212851785,1.7844965513449944,1.0,1.0,0.0,0.0,0.0,0.0
10,220,9.237308785815271,11.741613707201958,1.0,0.0,0.0,0.0,1.0,0.0
11,220,3.5601259662461957,5.791052539719701,0.0,1.0,1.0,0.0,1.0,1.0
12,220,11.929201363326412,3.820783521903116,0.0,0.0,0.0,0.0,0.0,1.0
13,220,0.8659949204682615,8.391483545765542,1.0,0.0,1.0,1.0,1.0,1.0
14,220,5.866436636635459,0.0,0.0,0.0,1.0,0.0,1.0,1.0
15,220,0.0,1.6189379947432136,1.0,0.0,0.0,0.0,1.0,1.0
16,220,12.0,0.0,0.0,1.0,0.0,0.0,1.0,1.0
17,220,9.038873255613964,12.0,0.0,1.0,0.0,1.0,0.0,0.0
18,220,11.109893792917685,10.24845990433824,0.0,0.0,1.0,1.0,0.0,0.0
19,220,12.0,11.101095959100036,1.0,1.0,0.0,0.0,0.0,1.0
20,220,6.165787911648135,0.0,1.0,0.0,0.0,1.0,0.0,1.0
21,220,5.731081397350248,5.687345204921104,0.0,1.0,1.0,0.0,0.0,0.0
22,220,4.023560380533319,8.517281197880683,1.0,1.0,0.0,0.0,0.0,0.0
23,220,11.860242484701248,3.992219172229865,0.0,1.0,0.0,1.0,0.0,0.0
24,220,5.19896827655233,3.307225328710315,0.0,1.0,0.0,0.0,1.0,0.0
25,220,10.961755153389332,0.0,1.0,0.0,1.0,0.0,0.0,1.0
26,220,7.896257545845386,7.884473459487274,0.0,0.0,1.0,1.0,1.0,0.0
27,220,11.26667951322509,0.0331696559941544,1.0,1.0,0.0,0.0,1.0,0.0
28,220,5.811581855921355,1.380360826239273,1.0,1.0,0.0,0.0,0.0,1.0
29,220,11.650559228436297,11.3967759720589,1.0,1.0,1.0,0.0,0.0,0.0
30,220,0.0278169948869433,4.950266693768635,1.0,0.0,0.0,1.0,0.0,0.0
31,220,7.647759492576912,5.488344574328716,1.0,1.0,1.0,0.0,0.0,0.0
32,220,3.9981304321046127,7.295012409307245,0.0,1.0,0.0,1.0,1.0,0.0
33,220,9.90996772652308,10.216524714196485,0.0,0.0,1.0,0.0,0.0,0.0
34,220,7.839337675220716,8.880777635515857,1.0,1.0,0.0,0.0,0.0,1.0
35,220,5.4840264046489855,8.918748123523962,0.0,0.0,0.0,0.0,0.0,0.0
36,220,0.8599160915556644,6.573930076826044,1.0,0.0,0.0,0.0,1.0,1.0
37,220,1.6254422417089658,1.6401505981422484,0.0,0.0,1.0,1.0,0.0,1.0
38,220,4.462220118465849,4.701545556880503,0.0,1.0,0.0,0.0,0.0,1.0
39,220,0.8197545387550125,0.0,0.0,0.0,1.0,0.0,1.0,0.0
0,225,7.509875964503118,0.9748753408552524,1.0,0.0,1.0,0.0,0.0,0.0
1,225,9.520818359189146,4.701058196536121,0.0,0.0,0.0,0.0,0.0,1.0
2,225,1.5070694403013618,6.009985122134581,0.0,1.0,0.0,0.0,0.0,0.0
3,225,10.40529653885979,3.7165211323935634,0.0,0.0,1.0,1.0,0.0,0.0
4,225,8.133118806255736,3.17295904121028,0.0,0.0,0.0,0.0,1.0,0.0
5,225,0.0412085823867168,11.100715279352787,0.0,0.0,0.0,1.0,0.0,1.0
6,225,9.498229070933716,0.00948649277611,0.0,1.0,0.0,1.0,0.0,0.0
7,225,0.9245107562400195,12.0,0.0,0.0,1.0,1.0,0.0,1.0
8,225,2.4643166935537906,11.781848839852213,0.0,0.0,1.0,1.0,0.0,1.0
9,225,1.2275172466172708,1.793001105957457,1.0,1.0,0.0,0.0,0.0,0.0
10,225,9.18267724301188,11.723479059660525,1.0,0.0,0.0,0.0,1.0,0.0
11,225,3.5665031843550943,5.800461318772451,0.0,1.0,1.0,0.0,1.0,1.0
12,225,11.90995793885394,3.743543299160167,0.0,0.0,0.0,0.0,0.0,1.0
13,225,0.8547623766756333,8.426097726570877,1.0,0.0,1.0,1.0,1.0,1.0
14,225,5.807815962685833,0.0,0.0,0.0,1.0,0.0,1.0,1.0
15,225,0.0,1.664950947132494,1.0,0.0,0.0,0.0,1.0,1.0
16,225,12.0,0.0,0.0,1.0,0.0,0.0,1.0,1.0
17,225,8.989395036307219,12.0,0.0,1.0,0.0,1.0,0.0,0.0
18,225,11.12171435023181,10.290079189979483,0.0,0.0,1.0,1.0,0.0,0.0
19,225,12.0,11.077791752207006,1.0,1.0,0.0,0.0,0.0,1.0
20,225,6.182266126461994,0.0,1.0,0.0,0.0,1.0,0.0,1.0
21,225,5.647135590808285,5.721692570581004,0.0,1.0,1.0,0.0,0.0,0.0
22,225,4.032047913187921,8.53727279349277,1.0,1.0,0.0,0.0,0.0,0.0
23,225,11.84907997312297,3.959664395926693,0.0,1.0,0.0,1.0,0.0,0.0
24,225,5.197024447782239,3.306393876848668,0.0,1.0,0.0,0.0,1.0,0.0
25,225,10.92417763955393,0.0,1.0,0.0,1.0,0.0,0.0,1.0
26,225,7.861901549378342,7.796301856657044,0.0,0.0,1.0,1.0,1.0,0.0
27,225,11.258970522212534,0.0030615258305065,1.0,1.0,0.0,0.0,1.0,0.0
28,225,5.919726951791674,1.4291996026587983,1.0,1.0,0.0,0.0,0.0,1.0
29,225,11.67969261580114,11.3386142150038,1.0,1.0,1.0,0.0,0.0,0.0
30,225,0.0,5.093838256383167,1.0,0.0,0.0,1.0,0.0,0.0
31,225,7.601037584847044,5.678966667655595,1.0,1.0,1.0,0.0,0.0,0.0
32,225,3.91964738191929,7.351444403179223,0.0,1.0,0.0,1.0,1.0,0.0
33,225,9.935319245886342,10.28244366297922,0.0,0.0,1.0,0.0,0.0,0.0
34,225,7.790428041931873,8.935408023627621,1.0,1.0,0.0,0.0,0.0,1.0
35,225,5.459249235853371,8.961145372038601,0.0,0.0,0.0,0.0,0.0,0.0
36,225,0.7870146549518906,6.638984938642841,1.0,0.0,0.0,0.0,1.0,1.0
37,225,1.5981286034934128,1.609739217485404,0.0,0.0,1.0,1.0,0.0,1.0
38,225,4.517699139785477,4.5996924001231205,0.0,1.0,0.0,0.0,0.0,1.0
39,225,0.815588873977759,0.0,0.0,0.0,1.0,0.0,1.0,0.0
0,230,7.472293323410572,1.0169753652898403,1.0,0.0,1.0,0.0,0.0,0.0
1,230,9.538062264575466,4.793733486229122,0.0,0.0,0.0,0.0,0.0,1.0
2,230,1.4553238916363278,5.98077737675779,0.0,1.0,0.0,0.0,0.0,0.0
3,230,10.628990881994929,3.551034956294478,0.0,0.0,1.0,1.0,0.0,0.0
4,230,8.100543469607093,3.239839596755301,0.0,0.0,0.0,0.0,1.0,0.0
5,230,0.0,11.178283042441,0.0,0.0,0.0,1.0,0.0,1.0
6,230,9.47266075658102,0.0270348646901584,0.0,1.0,0.0,1.0,0.0,0.0
7,230,1.0023349502808303,12.0,0.0,0.0,1.0,1.0,0.0,1.0
8,230,2.302672369897964,11.804343924075289,0.0,0.0,1.0,1.0,0.0,1.0
9,230,1.3138671628194205,1.802150521066052,1.0,1.0,0.0,0.0,0.0,0.0
10,230,9.125922147098231,11.704619433533235,1.0,0.0,0.0,0.0,1.0,0.0
11,230,3.5669539397323824,5.801105687061361,0.0,1.0,1.0,0.0,1.0,1.0
12,230,11.890175415370468,3.660519974372369,0.0,0.0,0.0,0.0,0.0,1.0
13,230,0.8501854305802853,8.441126808344393,1.0,0.0,1.0,1.0,1.0,1.0
14,230,5.746967088208247,0.0,0.0,0.0,1.0,0.0,1.0,1.0
15,230,0.0,1.7019302988634115,1.0,0.0,0.0,0.0,1.0,1.0
16,230,12.0,0.0,0.0,1.0,0.0,0.0,1.0,1.0
17,230,8.949399963802671,12.0,0.0,1.0,0.0,1.0,0.0,0.0
18,230,11.133421795740365,10.32742755978868,0.0,0.0,1.0,1.0,0.0,0.0
19,230,12.0,11.069785299286757,1.0,1.0,0.0,0.0,0.0,1.0
20,230,6.19347502948574,0.0,1.0,0.0,0.0,1.0,0.0,1.0
21,230,5.5842616674679295,5.747421899744807,0.0,1.0,1.0,0.0,0.0,0.0
22,230,4.045733416682647,8.569991022918664,1.0,1.0,0.0,0.0,0.0,0.0
23,230,11.829555413354916,3.907754058776677,0.0,1.0,0.0,1.0,0.0,0.0
24,230,5.1916381931122535,3.304078013277785,0.0,1.0,0.0,0.0,1.0,0.0
25,230,10.896034752119856,0.0,1.0,0.0,1.0,0.0,0.0,1.0
26,230,7.8315407094709215,7.712682711133167,0.0,0.0,1.0,1.0,1.0,0.0
27,230,11.257461827795158,0.0,1.0,1.0,0.0,0.0,1.0,0.0
28,230,6.027113242738147,1.4784968952563218,1.0,1.0,0.0,0.0,0.0,1.0
29,230,11.715676150817805,11.266398998958012,1.0,1.0,1.0,0.0,0.0,0.0
30,230,0.0,5.247004682532725,1.0,0.0,0.0,1.0,0.0,0.0
31,230,7.560844132055525,5.857196425371813,1.0,1.0,1.0,0.0,0.0,0.0
32,230,3.857016382974049,7.396769410418772,0.0,1.0,0.0,1.0,1.0,0.0
33,230,9.96461031203052,10.361377842636523,0.0,0.0,1.0,0.0,0.0,0.0
34,230,7.756985994610684,8.972762164837288,1.0,1.0,0.0,0.0,0.0,1.0
35,230,5.421428749636703,9.022991471259449,0.0,0.0,0.0,0.0,0.0,0.0
36,230,0.725449636254284,6.693691661621125,1.0,0.0,0.0,0.0,1.0,1.0
37,230,1.5715841271352602,1.5791115280831185,0.0,0.0,1.0,1.0,0.0,1.0
38,230,4.584143605953681,4.487342559834207,0.0,1.0,0.0,0.0,0.0,1.0
39,230,0.8115335847241354,0.0,0.0,0.0,1.0,0.0,1.0,0.0
0,235,7.427813300938115,1.065866646084526,1.0,0.0,1.0,0.0,0.0,0.0
1,235,9.550650415674651,4.875468827837103,0.0,0.0,0.0,0.0,0.0,1.0
2,235,1.4139384681075038,5.9579991011110085,0.0,1.0,0.0,0.0,0.0,0.0
3,235,10.844261188579978,3.4020862738708635,0.0,0.0,1.0,1.0,0.0,0.0
4,235,8.071728629029096,3.300022864673884,0.0,0.0,0.0,0.0,1.0,0.0
5,235,0.0,11.25335621585572,0.0,0.0,0.0,1.0,0.0,1.0
6,235,9.43592046278748,0.0521299195295407,0.0,1.0,0.0,1.0,0.0,0.0
7,235,1.0885259210537708,12.0,0.0,0.0,1.0,1.0,0.0,1.0
8,235,2.137519312996683,11.8273244469171,0.0,0.0,1.0,1.0,0.0,1.0
9,235,1.388586312849561,1.8097024572284863,1.0,1.0,0.0,0.0,0.0,0.0
10,235,9.08154736184301,11.689941522997676,1.0,0.0,0.0,0.0,1.0,0.0
11,235,3.569987185074892,5.80544992053529,0.0,1.0,1.0,0.0,1.0,1.0
12,235,11.870162499868156,3.5890927995581188,0.0,0.0,0.0,0.0,0.0,1.0
13,235,0.8398265620343542,8.473062121515134,1.0,0.0,1.0,1.0,1.0,1.0
14,235,5.69196169142792,0.0,0.0,0.0,1.0,0.0,1.0,1.0
15,235,0.0,1.7432964139352845,1.0,0.0,0.0,0.0,1.0,1.0
16,235,12.0,0.0,0.0,1.0,0.0,0.0,1.0,1.0
17,235,8.887503156232155,12.0,0.0,1.0,0.0,1.0,0.0,0.0
18,235,11.144370925264331,10.362884495951167,0.0,0.0,1.0,1.0,0.0,0.0
19,235,12.0,11.055725337391792,1.0,1.0,0.0,0.0,0.0,1.0
20,235,6.211230126223672,0.0,1.0,0.0,0.0,1.0,0.0,1.0
21,235,5.521058297760014,5.773355525771882,0.0,1.0,1.0,0.0,0.0,0.0
22,235,4.0560371093950645,8.594864121893965,1.0,1.0,0.0,0.0,0.0,0.0
23,235,11.810931254931416,3.860165300378797,0.0,1.0,0.0,1.0,0.0,0.0
24,235,5.195772393323032,3.305773169399539,0.0,1.0,0.0,0.0,1.0,0.0
25,235,10.877705628901165,0.0,1.0,0.0,1.0,0.0,0.0,1.0
26,235,7.798225888605777,7.616450607720528,0.0,0.0,1.0,1.0,1.0,0.0
27,235,11.255778931026068,0.0,1.0,1.0,0.0,0.0,1.0,0.0
28,235,6.122215745454852,1.524053920150864,1.0,1.0,0.0,0.0,0.0,1.0
29,235,11.748572070984007,11.201711932934325,1.0,1.0,1.0,0.0,0.0,0.0
30,235,0.0,5.3946408138883015,1.0,0.0,0.0,1.0,0.0,0.0
31,235,7.520199219659584,6.040342638471535,1.0,1.0,1.0,0.0,0.0,0.0
32,235,3.7980373528773055,7.437292744871254,0.0,1.0,0.0,1.0,1.0,0.0
33,235,9.999457516098182,10.44523758280092,0.0,0.0,1.0,0.0,0.0,0.0
34,235,7.728767853951016,9.005242216157017,1.0,1.0,0.0,0.0,0.0,1.0
35,235,5.374945804866691,9.100071164504834,0.0,0.0,0.0,0.0,0.0,0.0
36,235,0.6594518243166421,6.755361341086431,1.0,0.0,0.0,0.0,1.0,1.0
37,235,1.540516103257312,1.5435686435548044,0.0,0.0,1.0,1.0,0.0,1.0
38,235,4.662935592983221,4.348301764555084,0.0,1.0,0.0,0.0,0.0,1.0
39,235,0.8087037190291102,0.0,0.0,0.0,1.0,0.0,1.0,0.0
0,240,7.380782957370558,1.121941556171113,1.0,0.0,1.0,0.0,0.0,0.0
1,240,9.56307965438301,4.972419803259615,0.0,0.0,0.0,0.0,0.0,1.0
2,240,1.3700649228811672,5.933006913184931,0.0,1.0,0.0,0.0,0.0,0.0
3,240,11.067147979419298,3.247299255383395,0.0,0.0,1.0,1.0,0.0,0.0
4,240,8.044563536831383,3.356407977449023,0.0,0.0,0.0,0.0,1.0,0.0
5,240,0.0,11.338101439205444,0.0,0.0,0.0,1.0,0.0,1.0
6,240,9.402879739652318,0.0765301221298243,0.0,1.0,0.0,1.0,0.0,0.0
7,240,1.1701319176194025,12.0,0.0,0.0,1.0,1.0,0.0,1.0
8,240,1.9616898150389896,11.851201234432049,0.0,0.0,1.0,1.0,0.0,1.0
9,240,1.4499549642440854,1.8185311873627497,1.0,1.0,0.0,0.0,0.0,0.0
10,240,9.03568985953374,11.673913752047463,1.0,0.0,0.0,0.0,1.0,0.0
11,240,3.566896603640023,5.8009922629962425,0.0,1.0,1.0,0.0,1.0,1.0
12,240,11.847374416453729,3.503667060222301,0.0,0.0,0.0,0.0,0.0,1.0
13,240,0.8326585334079286,8.493762603992236,1.0,0.0,1.0,1.0,1.0,1.0
14,240,5.647529560598108,0.0,0.0,0.0,1.0,0.0,1.0,1.0
15,240,0.0,1.7935585450940357,1.0,0.0,0.0,0.0,1.0,1.0
16,240,12.0,0.0,0.0,1.0,0.0,0.0,1.0,1.0
17,240,8.834184857520432,12.0,0.0,1.0,0.0,1.0,0.0,0.0
18,240,11.148718634226809,10.375790536406264,0.0,0.0,1.0,1.0,0.0,0.0
19,240,12.0,11.040051116650073,1.0,1.0,0.0,0.0,0.0,1.0
20,240,6.23559168295542,0.0,1.0,0.0,0.0,1.0,0.0,1.0
21,240,5.437639241776897,5.805502829605533,0.0,1.0,1.0,0.0,0.0,0.0
22,240,4.060864607675734,8.606278016114922,1.0,1.0,0.0,0.0,0.0,0.0
23,240,11.79958132213307,3.829466069072031,0.0,1.0,0.0,1.0,0.0,0.0
24,240,5.191548830202942,3.3040157911860466,0.0,1.0,0.0,0.0,1.0,0.0
25,240,10.875827306938744,0.0,1.0,0.0,1.0,0.0,0.0,1.0
26,240,7.763138112386592,7.518567391971088,0.0,0.0,1.0,1.0,1.0,0.0
27,240,11.257463231258876,0.0066056509420651,1.0,1.0,0.0,0.0,1.0,0.0
28,240,6.211169433014745,1.567302122651541,1.0,1.0,0.0,0.0,0.0,1.0
29,240,11.786888935867204,11.128248906855983,1.0,1.0,1.0,0.0,0.0,0.0
30,240,0.0,5.523971677985662,1.0,0.0,0.0,1.0,0.0,0.0
31,240,7.476461311521579,6.2364984992040124,1.0,1.0,1.0,0.0,0.0,0.0
32,240,3.735914977570074,7.479792433687733,0.0,1.0,0.0,1.0,1.0,0.0
33,240,10.028604870832368,10.52520851617194,0.0,0.0,1.0,0.0,0.0,0.0
34,240,7.709989294834892,9.026418399795984,1.0,1.0,0.0,0.0,0.0,1.0
35,240,5.350413285048542,9.14381339453906,0.0,0.0,0.0,0.0,0.0,0.0
36,240,0.5868023257073786,6.823178671643949,1.0,0.0,0.0,0.0,1.0,1.0
37,240,1.5190536937445134,1.5185341706229805,0.0,0.0,1.0,1.0,0.0,1.0
38,240,4.7330597375098185,4.221398666510201,0.0,1.0,0.0,0.0,0.0,1.0
39,240,0.8059285815656033,0.0,0.0,0.0,1.0,0.0,1.0,0.0
0,245,7.331696114909248,1.1805418669830805,1.0,0.0,1.0,0.0,0.0,0.0
1,245,9.574835191885612,5.0704687529758585,0.0,0.0,0.0,0.0,0.0,1.0
2,245,1.3247105626170983,5.906724375999096,0.0,1.0,0.0,0.0,0.0,0.0
3,245,11.27649639621882,3.09225076306339,0.0,0.0,1.0,1.0,0.0,0.0
4,245,8.016873806819452,3.415034350271131,0.0,0.0,0.0,0.0,1.0,0.0
5,245,0.0,11.436999193493213,0.0,0.0,0.0,1.0,0.0,1.0
6,245,9.380465438667384,0.0925259419985118,0.0,1.0,0.0,1.0,0.0,0.0
7,245,1.238277805334141,12.0,0.0,0.0,1.0,1.0,0.0,1.0
8,245,1.783961217187065,11.8787682182308,0.0,0.0,1.0,1.0,0.0,1.0
9,245,1.5263976768991294,1.8312828872343616,1.0,1.0,0.0,0.0,0.0,0.0
10,245,8.977998763840292,11.656139598020616,1.0,0.0,0.0,0.0,1.0,0.0
11,245,3.577331625052059,5.816316559300781,0.0,1.0,1.0,0.0,1.0,1.0
12,245,11.824357736581804,3.4266455713712984,0.0,0.0,0.0,0.0,0.0,1.0
13,245,0.8335467914403799,8.491247485753968,1.0,0.0,1.0,1.0,1.0,1.0
14,245,5.6023120160614495,0.0,0.0,0.0,1.0,0.0,1.0,1.0
15,245,0.0,1.8463604714180588,1.0,0.0,0.0,0.0,1.0,1.0
16,245,12.0,0.0,0.0,1.0,0.0,0.0,1.0,1.0
17,245,8.76849161700481,12.0,0.0,1.0,0.0,1.0,0.0,0.0
18,245,11.155870779057532,10.39732590510002,0.0,0.0,1.0,1.0,0.0,0.0
19,245,12.0,11.030674446720802,1.0,1.0,0.0,0.0,0.0,1.0
20,245,6.249343820062598,0.0,1.0,0.0,0.0,1.0,0.0,1.0
21,245,5.341723756511014,5.842009052380086,0.0,1.0,1.0,0.0,0.0,0.0
22,245,4.063138145534372,8.611530260508228,1.0,1.0,0.0,0.0,0.0,0.0
23,245,11.782557801989842,3.7846959093772514,0.0,1.0,0.0,1.0,0.0,0.0
24,245,5.182639873862863,3.3003996998150185,0.0,1.0,0.0,0.0,1.0,0.0
25,245,10.867710177491396,0.0,1.0,0.0,1.0,0.0,0.0,1.0
26,245,7.734086389748353,7.430781631497043,0.0,0.0,1.0,1.0,1.0,0.0
27,245,11.254765523294214,0.0,1.0,1.0,0.0,0.0,1.0,0.0
28,245,6.285046843451179,1.603601592012632,1.0,1.0,0.0,0.0,0.0,1.0
29,245,11.816071704089367,11.072180243288912,1.0,1.0,1.0,0.0,0.0,0.0
30,245,0.0,5.651237467389733,1.0,0.0,0.0,1.0,0.0,0.0
31,245,7.4343799682307825,6.443277721734302,1.0,1.0,1.0,0.0,0.0,0.0
32,245,3.684538011614287,7.51405448642562,0.0,1.0,0.0,1.0,1.0,0.0
33,245,10.06754680028244,10.625541613488148,0.0,0.0,1.0,0.0,0.0,0.0
34,245,7.706092469922088,9.030815397476836,1.0,1.0,0.0,0.0,0.0,1.0
35,245,5.3262517449075295,9.186102499582104,0.0,0.0,0.0,0.0,0.0,0.0
36,245,0.5021567843938974,6.901702112482685,1.0,0.0,0.0,0.0,1.0,1.0
37,245,1.4985639129763515,1.4948107448953023,0.0,0.0,1.0,1.0,0.0,1.0
38,245,4.815047086221327,4.076738626203595,0.0,1.0,0.0,0.0,0.0,1.0
39,245,0.8022700261965722,0.0,0.0,0.0,1.0,0.0,1.0,0.0
0,250,7.289765307959711,1.229002858513039,1.0,0.0,1.0,0.0,0.0,0.0
1,250,9.589108541042176,5.18566470234961,0.0,0.0,0.0,0.0,0.0,1.0
2,250,1.2875848585795062,5.882922757226821,0.0,1.0,0.0,0.0,0.0,0.0
3,250,11.483424946515814,2.942233085431221,0.0,0.0,1.0,1.0,0.0,0.0
4,250,7.983504934825426,3.481505730387082,0.0,0.0,0.0,0.0,1.0,0.0
5,250,0.0,11.524395878086198,0.0,0.0,0.0,1.0,0.0,1.0
6,250,9.355384548916495,0.1100275149088145,0.0,1.0,0.0,1.0,0.0,0.0
7,250,1.3040924586356657,12.0,0.0,0.0,1.0,1.0,0.0,1.0
8,250,1.8095919154701208,12.0,0.0,0.0,1.0,1.0,0.0,1.0
9,250,1.5861867472663669,1.840812988292185,1.0,1.0,0.0,0.0,0.0,0.0
10,250,8.923847963298325,11.638939741266688,1.0,0.0,0.0,0.0,1.0,0.0
11,250,3.580459926499333,5.820893122840985,0.0,1.0,1.0,0.0,1.0,1.0
12,250,11.806795614811168,3.358706743508227,0.0,0.0,0.0,0.0,0.0,1.0
13,250,0.836673838424874,8.481917983976432,1.0,0.0,1.0,1.0,1.0,1.0
14,250,5.557198240219846,0.0,0.0,0.0,1.0,0.0,1.0,1.0
15,250,0.0,1.9060273238812933,1.0,0.0,0.0,0.0,1.0,1.0
16,250,12.0,0.0,0.0,1.0,0.0,0.0,1.0,1.0
17,250,8.697518754850808,12.0,0.0,1.0,0.0,1.0,0.0,0.0
18,250,11.165386403508704,10.427816433998496,0.0,0.0,1.0,1.0,0.0,0.0
19,250,12.0,11.01679059149879,1.0,1.0,0.0,0.0,0.0,1.0
20,250,6.255857474858439,0.0,1.0,0.0,0.0,1.0,0.0,1.0
21,250,5.255338194679773,5.874936291632356,0.0,1.0,1.0,0.0,0.0,0.0
22,250,4.062430190041871,8.609839750490927,1.0,1.0,0.0,0.0,0.0,0.0
23,250,11.760958919433776,3.734458424902238,0.0,1.0,0.0,1.0,0.0,0.0
24,250,5.1809717497123176,3.299693064493248,0.0,1.0,0.0,0.0,1.0,0.0
25,250,10.837348264421424,0.0,1.0,0.0,1.0,0.0,0.0,1.0
26,250,7.706796041730843,7.344251524970576,0.0,0.0,1.0,1.0,1.0,0.0
27,250,11.258282985678248,0.0162313013069165,1.0,1.0,0.0,0.0,1.0,0.0
28,250,6.370545393690475,1.6450708531550633,1.0,1.0,0.0,0.0,0.0,1.0
29,250,11.841832007245507,11.022098412304684,1.0,1.0,1.0,0.0,0.0,0.0
30,250,0.0,5.802504150437512,1.0,0.0,0.0,1.0,0.0,0.0
31,250,7.400951032316701,6.638822630618283,1.0,1.0,1.0,0.0,0.0,0.0
32,250,3.617603072204721,7.556381746021347,0.0,1.0,0.0,1.0,1.0,0.0
33,250,10.113283786752351,10.743084237522533,0.0,0.0,1.0,0.0,0.0,0.0
34,250,7.695663761406919,9.04294616037327,1.0,1.0,0.0,0.0,0.0,1.0
35,250,5.306325798682288,9.21826155289715,0.0,0.0,0.0,0.0,0.0,0.0
36,250,0.4177225199136261,6.982288909973064,1.0,0.0,0.0,0.0,1.0,1.0
37,250,1.484997262064787,1.4800279608910494,0.0,0.0,1.0,1.0,0.0,1.0
38,250,4.9100459024468535,3.913012348674593,0.0,1.0,0.0,0.0,0.0,1.0
39,250,0.7973794265853118,0.0,0.0,0.0,1.0,0.0,1.0,0.0
0,255,7.240024591423849,1.2841534256235885,1.0,0.0,1.0,0.0,0.0,0.0
1,255,9.600539151364524,5.284495781507741,0.0,0.0,0.0,0.0,0.0,1.0
2,255,1.2291258613927565,5.846946820563217,0.0,1.0,0.0,0.0,0.0,0.0
3,255,11.7053022273667,2.7807845590422104,0.0,0.0,1.0,1.0,0.0,0.0
4,255,7.9561706584562275,3.535901703654805,0.0,0.0,0.0,0.0,1.0,0.0
5,255,0.0,11.611881557321873,0.0,0.0,0.0,1.0,0.0,1.0
6,255,9.33523604080952,0.1235406842226139,0.0,1.0,0.0,1.0,0.0,0.0
7,255,1.352919960229794,12.0,0.0,0.0,1.0,1.0,0.0,1.0
8,255,1.8361488562483168,12.0,0.0,0.0,1.0,1.0,0.0,1.0
9,255,1.6544378830732367,1.853750386584651,1.0,1.0,0.0,0.0,0.0,0.0
10,255,8.847313961556985,11.612462785705056,1.0,0.0,0.0,0.0,1.0,0.0
11,255,3.586059211117493,5.829072395409539,0.0,1.0,1.0,0.0,1.0,1.0
12,255,11.783570045133535,3.2792897278263755,0.0,0.0,0.0,0.0,0.0,1.0
13,255,0.8416943945820948,8.466161463348033,1.0,0.0,1.0,1.0,1.0,1.0
14,255,5.508875265758808,0.0,0.0,0.0,1.0,0.0,1.0,1.0
15,255,0.0,1.9719853156255192,1.0,0.0,0.0,0.0,1.0,1.0
16,255,12.0,0.0,0.0,1.0,0.0,0.0,1.0,1.0
17,255,8.623321172881607,12.0,0.0,1.0,0.0,1.0,0.0,0.0
18,255,11.149173570862876,10.432821646968842,0.0,0.0,1.0,1.0,0.0,0.0
19,255,11.983718867669229,11.003762067354398,1.0,1.0,0.0,0.0,0.0,1.0
20,255,6.255207455514051,0.0013081921622847,1.0,0.0,0.0,1.0,0.0,1.0
21,255,5.169486934678161,5.909757517001987,0.0,1.0,1.0,0.0,0.0,0.0
22,255,4.061695877163851,8.60812421163047,1.0,1.0,0.0,0.0,0.0,0.0
23,255,11.742273648838646,3.684468427592526,0.0,1.0,0.0,1.0,0.0,0.0
24,255,5.174133362705927,3.2970064409795694,0.0,1.0,0.0,0.0,1.0,0.0
25,255,10.796921055014776,0.0,1.0,0.0,1.0,0.0,0.0,1.0
26,255,7.685354042008237,7.267772430712172,0.0,0.0,1.0,1.0,1.0,0.0
27,255,11.265987138261526,0.0541016831356578,1.0,1.0,0.0,0.0,1.0,0.0
28,255,6.482554477373171,1.7033258056546707,1.0,1.0,0.0,0.0,0.0,1.0
29,255,11.870555518529295,10.969299459106276,1.0,1.0,1.0,0.0,0.0,0.0
30,255,0.0,5.961315599149528,1.0,0.0,0.0,1.0,0.0,0.0
31,255,7.3724329039556675,6.815560706659139,1.0,1.0,1.0,0.0,0.0,0.0
32,255,3.5532029172151494,7.596818763534717,0.0,1.0,0.0,1.0,1.0,0.0
33,255,10.158717926481067,10.86160233484622,0.0,0.0,1.0,0.0,0.0,0.0
34,255,7.69544956220628,9.04318886812992,1.0,1.0,0.0,0.0,0.0,1.0
35,255,5.2844157341831055,9.254733725900888,0.0,0.0,0.0,0.0,0.0,0.0
36,255,0.3205072305330559,7.076341585893568,1.0,0.0,0.0,0.0,1.0,1.0
37,255,1.4684153977131356,1.4607158824071105,0.0,0.0,1.0,1.0,0.0,1.0
38,255,5.005398406404805,3.760002367292039,0.0,1.0,0.0,0.0,0.0,1.0
39,255,0.7928462324624495,0.0,0.0,0.0,1.0,0.0,1.0,0.0
0,260,7.177074093946586,1.351332852564995,1.0,0.0,1.0,0.0,0.0,0.0
1,260,9.611405367070589,5.383731338838947,0.0,0.0,0.0,0.0,0.0,1.0
2,260,1.1815988630252698,5.819829214548155,0.0,1.0,0.0,0.0,0.0,0.0
3,260,11.931532093609931,2.625443474691729,0.0,0.0,1.0,1.0,0.0,0.0
4,260,7.931840209273859,3.582092744004836,0.0,0.0,0.0,0.0,1.0,0.0
5,260,0.0,11.712210831631102,0.0,0.0,0.0,1.0,0.0,1.0
6,260,9.326162567694174,0.1294354069500894,0.0,1.0,0.0,1.0,0.0,0.0
7,260,1.3932734148495158,12.0,0.0,0.0,1.0,1.0,0.0,1.0
8,260,1.8589280256228176,12.0,0.0,0.0,1.0,1.0,0.0,1.0
9,260,1.7196738185542693,1.866548587353276,1.0,1.0,0.0,0.0,0.0,0.0
10,260,8.730429526231529,11.5757832307748,1.0,0.0,0.0,0.0,1.0,0.0
11,260,3.58843600081913,5.8325254631816135,0.0,1.0,1.0,0.0,1.0,1.0
12,260,11.756138902176032,3.182655121869068,0.0,0.0,0.0,0.0,0.0,1.0
13,260,0.8463051863083283,8.451210525396206,1.0,0.0,1.0,1.0,1.0,1.0
14,260,5.467668638926369,0.0,0.0,0.0,1.0,0.0,1.0,1.0
15,260,0.0,2.032484587888149,1.0,0.0,0.0,0.0,1.0,1.0
16,260,12.0,0.0,0.0,1.0,0.0,0.0,1.0,1.0
17,260,8.552201074513198,12.0,0.0,1.0,0.0,1.0,0.0,0.0
18,260,11.137089781108994,10.4365210295411,0.0,0.0,1.0,1.0,0.0,0.0
19,260,11.96602791947834,10.989266698142,1.0,1.0,0.0,0.0,0.0,1.0
20,260,6.260261221092155,0.0,1.0,0.0,0.0,1.0,0.0,1.0
21,260,5.0756084544079805,5.947064581437348,0.0,1.0,1.0,0.0,0.0,0.0
22,260,4.067088709962875,8.621473366937822,1.0,1.0,0.0,0.0,0.0,0.0
23,260,11.723837425229094,3.630971395891128,0.0,1.0,0.0,1.0,0.0,0.0
24,260,5.170996113748555,3.295837621410894,0.0,1.0,0.0,0.0,1.0,0.0
25,260,10.760535996179716,0.0,1.0,0.0,1.0,0.0,0.0,1.0
26,260,7.668055038670564,7.20349191260334,0.0,0.0,1.0,1.0,1.0,0.0
27,260,11.26845678646898,0.0655010460403644,1.0,1.0,0.0,0.0,1.0,0.0
28,260,6.591183623036962,1.7630124080982996,1.0,1.0,0.0,0.0,0.0,1.0
29,260,11.889443609495464,10.933108114714209,1.0,1.0,1.0,0.0,0.0,0.0
30,260,0.1583033084780217,6.0626784594045375,1.0,0.0,0.0,1.0,0.0,0.0
31,260,7.342871364357592,7.00602906421784,1.0,1.0,1.0,0.0,0.0,0.0
32,260,3.497279757076237,7.633502954722496,0.0,1.0,0.0,1.0,1.0,0.0
33,260,10.200454036724942,10.973950751871492,0.0,0.0,1.0,0.0,0.0,0.0
34,260,7.709067619977244,9.027099666869756,1.0,1.0,0.0,0.0,0.0,1.0
35,260,5.26131842338617,9.292490407938264,0.0,0.0,0.0,0.0,0.0,0.0
36,260,0.2341126337446409,7.160442545164199,1.0,0.0,0.0,0.0,1.0,1.0
37,260,1.439257440644725,1.4259975426846505,0.0,0.0,1.0,1.0,0.0,1.0
38,260,5.1036327202081,3.5971621991265974,0.0,1.0,0.0,0.0,0.0,1.0
39,260,0.784425176221902,0.0,0.0,0.0,1.0,0.0,1.0,0.0
0,265,7.107502357190796,1.4260714133311057,1.0,0.0,1.0,0.0,0.0,0.0
1,265,9.62283638716996,5.48569790890317,0.0,0.0,0.0,0.0,0.0,1.0
2,265,1.116898723078156,5.784304146351733,0.0,1.0,0.0,0.0,0.0,0.0
3,265,12.0,2.479822741400581,0.0,0.0,1.0,1.0,0.0,0.0
4,265,7.908404296350952,3.628283447252706,0.0,0.0,0.0,0.0,1.0,0.0
5,265,0.0,11.82227428166361,0.0,0.0,0.0,1.0,0.0,1.0
6,265,9.31723476955738,0.1350671564551574,0.0,1.0,0.0,1.0,0.0,0.0
7,265,1.433535375212056,12.0,0.0,0.0,1.0,1.0,0.0,1.0
8,265,1.8813336608981093,12.0,0.0,0.0,1.0,1.0,0.0,1.0
9,265,1.7691001720324746,1.874814986912981,1.0,1.0,0.0,0.0,0.0,0.0
10,265,8.623166716070717,11.54068797680263,1.0,0.0,0.0,0.0,1.0,0.0
11,265,3.595132123632697,5.842566494370908,0.0,1.0,1.0,0.0,1.0,1.0
12,265,11.72615463180946,3.081889258302908,0.0,0.0,0.0,0.0,0.0,1.0
13,265,0.8452718844838747,8.454565204653392,1.0,0.0,1.0,1.0,1.0,1.0
14,265,5.428422878296152,0.0,0.0,0.0,1.0,0.0,1.0,1.0
15,265,0.0,2.1053498707439298,1.0,0.0,0.0,0.0,1.0,1.0
16,265,12.0,0.0,0.0,1.0,0.0,0.0,1.0,1.0
17,265,8.481573429046934,12.0,0.0,1.0,0.0,1.0,0.0,0.0
18,265,11.12951126509129,10.438737919520428,0.0,0.0,1.0,1.0,0.0,0.0
19,265,11.937656359666724,10.966544391077386,1.0,1.0,0.0,0.0,0.0,1.0
20,265,6.262426764651376,0.0,1.0,0.0,0.0,1.0,0.0,1.0
21,265,4.97507970876038,5.990074384083011,0.0,1.0,1.0,0.0,0.0,0.0
22,265,4.061865767284084,8.607680740474725,1.0,1.0,0.0,0.0,0.0,0.0
23,265,11.703051818951026,3.566581992752392,0.0,1.0,0.0,1.0,0.0,0.0
24,265,5.139906582637575,3.2840250248378045,0.0,1.0,0.0,0.0,1.0,0.0
25,265,10.736473659061948,0.0,1.0,0.0,1.0,0.0,0.0,1.0
26,265,7.643851206395538,7.119565789589833,0.0,0.0,1.0,1.0,1.0,0.0
27,265,11.270483682968347,0.0739656760927403,1.0,1.0,0.0,0.0,1.0,0.0
28,265,6.699868804557688,1.8222206960361316,1.0,1.0,0.0,0.0,0.0,1.0
29,265,11.907307637256888,10.896633606698613,1.0,1.0,1.0,0.0,0.0,0.0
30,265,0.3321050344146099,6.168423924384204,1.0,0.0,0.0,1.0,0.0,0.0
31,265,7.312215467931365,7.196951696249091,1.0,1.0,1.0,0.0,0.0,0.0
32,265,3.4478598162170924,7.665474285991283,0.0,1.0,0.0,1.0,1.0,0.0
33,265,10.240045040765532,11.08644375942368,0.0,0.0,1.0,0.0,0.0,0.0
34,265,7.716554801919974,9.01873561888434,1.0,1.0,0.0,0.0,0.0,1.0
35,265,5.2450208758714005,9.320403100205477,0.0,0.0,0.0,0.0,0.0,0.0
36,265,0.1379848905209433,7.253550368586557,1.0,0.0,0.0,0.0,1.0,1.0
37,265,1.4053491306320114,1.3872508634161207,0.0,0.0,1.0,1.0,0.0,1.0
38,265,5.198600814918176,3.42756378400116,0.0,1.0,0.0,0.0,0.0,1.0
39,265,0.7821992358750175,0.0,0.0,0.0,1.0,0.0,1.0,0.0
0,270,7.046495184447049,1.4924086382091033,1.0,0.0,1.0,0.0,0.0,0.0
1,270,9.63398490958449,5.5877983298044045,0.0,0.0,0.0,0.0,0.0,1.0
2,270,1.0419998712069567,5.745523245790481,0.0,1.0,0.0,0.0,0.0,0.0
3,270,12.0,2.3371621008336074,0.0,0.0,1.0,1.0,0.0,0.0
4,270,7.877476646696803,3.6925456045764538,0.0,0.0,0.0,0.0,1.0,0.0
5,270,0.0,11.91438313093545,0.0,0.0,0.0,1.0,0.0,1.0
6,270,9.316468223180966,0.1355535457305189,0.0,1.0,0.0,1.0,0.0,0.0
7,270,1.477433485028845,12.0,0.0,0.0,1.0,1.0,0.0,1.0
8,270,1.9047898320183252,12.0,0.0,0.0,1.0,1.0,0.0,1.0
9,270,1.8287182786913492,1.8858935462762567,1.0,1.0,0.0,0.0,0.0,0.0
10,270,8.503336155375939,11.502599849419656,1.0,0.0,0.0,0.0,1.0,0.0
11,270,3.6024589654687413,5.852702767088607,0.0,1.0,1.0,0.0,1.0,1.0
12,270,11.69677433624838,2.98253010726056,0.0,0.0,0.0,0.0,0.0,1.0
13,270,0.8510113935128962,8.435042267263885,1.0,0.0,1.0,1.0,1.0,1.0
14,270,5.390448046827688,0.0,0.0,0.0,1.0,0.0,1.0,1.0
15,270,0.0,2.192860991048685,1.0,0.0,0.0,0.0,1.0,1.0
16,270,12.0,0.0,0.0,1.0,0.0,0.0,1.0,1.0
17,270,8.404251828507077,12.0,0.0,1.0,0.0,1.0,0.0,0.0
18,270,11.136955114746645,10.436522524283768,0.0,0.0,1.0,1.0,0.0,0.0
19,270,11.90804740557298,10.943636636149153,1.0,1.0,0.0,0.0,0.0,1.0
20,270,6.261194854347038,0.0025330456199505,1.0,0.0,0.0,1.0,0.0,1.0
21,270,4.868355888722299,6.03441911066202,0.0,1.0,1.0,0.0,0.0,0.0
22,270,4.055084502682522,8.58845662561639,1.0,1.0,0.0,0.0,0.0,0.0
23,270,11.680649918196364,3.4901275759238426,0.0,1.0,0.0,1.0,0.0,0.0
24,270,5.112025540895569,3.273387642062427,0.0,1.0,0.0,0.0,1.0,0.0
25,270,10.698752384960915,0.0,1.0,0.0,1.0,0.0,0.0,1.0
26,270,7.615365337624817,7.028867583997053,0.0,0.0,1.0,1.0,1.0,0.0
27,270,11.27577343325823,0.095487565227182,1.0,1.0,0.0,0.0,1.0,0.0
28,270,6.793611586278852,1.8762928079247467,1.0,1.0,0.0,0.0,0.0,1.0
29,270,11.922920740944098,10.86701719635975,1.0,1.0,1.0,0.0,0.0,0.0
30,270,0.51275439579559,6.276913718560522,1.0,0.0,0.0,1.0,0.0,0.0
31,270,7.283374094941762,7.362390432676245,1.0,1.0,1.0,0.0,0.0,0.0
32,270,3.391969928137404,7.704769366780575,0.0,1.0,0.0,1.0,1.0,0.0
33,270,10.283404311978916,11.214537791169494,0.0,0.0,1.0,0.0,0.0,0.0
34,270,7.7209000640239935,9.01392371282894,1.0,1.0,0.0,0.0,0.0,1.0
35,270,5.237156377222648,9.33416217248443,0.0,0.0,0.0,0.0,0.0,0.0
36,270,0.0572224033873096,7.328502320492278,1.0,0.0,0.0,0.0,1.0,1.0
37,270,1.369740759880172,1.3478202697012258,0.0,0.0,1.0,1.0,0.0,1.0
38,270,5.303699058851416,3.244743207048284,0.0,1.0,0.0,0.0,0.0,1.0
39,270,0.7799648467448748,0.0,0.0,0.0,1.0,0.0,1.0,0.0
0,275,6.991290555102569,1.5534523026804763,1.0,0.0,1.0,0.0,0.0,0.0
1,275,9.64170298795748,5.674927842597056,0.0,0.0,0.0,0.0,0.0,1.0
2,275,0.957673498821358,5.702557908803413,0.0,1.0,0.0,0.0,0.0,0.0
3,275,12.0,2.191870942717833,0.0,0.0,1.0,1.0,0.0,0.0
4,275,7.857682270513504,3.735158217650983,0.0,0.0,0.0,0.0,1.0,0.0
5,275,0.0,11.992444883787138,0.0,0.0,0.0,1.0,0.0,1.0
6,275,9.315999687257566,0.135845830702657,0.0,1.0,0.0,1.0,0.0,0.0
7,275,1.5323016914208365,12.0,0.0,0.0,1.0,1.0,0.0,1.0
8,275,1.927744176645919,12.0,0.0,0.0,1.0,1.0,0.0,1.0
9,275,1.8729014844741132,1.8939456116864597,1.0,1.0,0.0,0.0,0.0,0.0
10,275,8.39394339898335,11.466232228053917,1.0,0.0,0.0,0.0,1.0,0.0
11,275,3.615210915769184,5.869771183144579,0.0,1.0,1.0,0.0,1.0,1.0
12,275,11.664040498821604,2.8755811802053897,0.0,0.0,0.0,0.0,0.0,1.0
13,275,0.8600886459838163,8.407398369623243,1.0,0.0,1.0,1.0,1.0,1.0
14,275,5.348850412895096,0.0,0.0,0.0,1.0,0.0,1.0,1.0
15,275,0.0,2.297025994949014,1.0,0.0,0.0,0.0,1.0,1.0
16,275,12.0,0.0,0.0,1.0,0.0,0.0,1.0,1.0
17,275,8.336419170108238,12.0,0.0,1.0,0.0,1.0,0.0,0.0
18,275,11.161808011366364,10.42909839330808,0.0,0.0,1.0,1.0,0.0,0.0
19,275,11.86701601202429,10.911380385936866,1.0,1.0,0.0,0.0,0.0,1.0
20,275,6.254995776499693,0.0155978823785931,1.0,0.0,0.0,1.0,0.0,1.0
21,275,4.770756191831708,6.076887849466827,0.0,1.0,1.0,0.0,0.0,0.0
22,275,4.046442099540129,8.56455921113315,1.0,1.0,0.0,0.0,0.0,0.0
23,275,11.655536463546364,3.4114401616111705,0.0,1.0,0.0,1.0,0.0,0.0
24,275,5.097261915795422,3.26758204573344,0.0,1.0,0.0,0.0,1.0,0.0
25,275,10.662881757405543,0.0,1.0,0.0,1.0,0.0,0.0,1.0
26,275,7.596226140876645,6.9520034371528565,0.0,0.0,1.0,1.0,1.0,0.0
27,275,11.283951016994726,0.1304764179635253,1.0,1.0,0.0,0.0,1.0,0.0
28,275,6.894732903091177,1.9321165051434728,1.0,1.0,0.0,0.0,0.0,1.0
29,275,11.928195558104944,10.857159820564103,1.0,1.0,1.0,0.0,0.0,0.0
30,275,0.6909351968932558,6.388617515266885,1.0,0.0,0.0,1.0,0.0,0.0
31,275,7.244525486998542,7.548457543030568,1.0,1.0,1.0,0.0,0.0,0.0
32,275,3.315160806189741,7.75787096204122,0.0,1.0,0.0,1.0,1.0,0.0
33,275,10.328001876604946,11.343516882671528,0.0,0.0,1.0,0.0,0.0,0.0
34,275,7.723730091046427,9.0108123849497,1.0,1.0,0.0,0.0,0.0,1.0
35,275,5.231905322498727,9.34349619043066,0.0,0.0,0.0,0.0,0.0,0.0
36,275,0.0,7.404892217999452,1.0,0.0,0.0,0.0,1.0,1.0
37,275,1.3355684120798874,1.309863928115111,0.0,0.0,1.0,1.0,0.0,1.0
38,275,5.411596758675311,3.0500133671140603,0.0,1.0,0.0,0.0,0.0,1.0
39,275,0.7776737967155329,0.0,0.0,0.0,1.0,0.0,1.0,0.0
0,280,6.9324241039280725,1.4993733220823815,1.0,0.0,1.0,0.0,0.0,0.0
1,280,9.649471755665523,5.775293809320436,0.0,0.0,0.0,0.0,0.0,1.0
2,280,0.8711261998951616,5.6603303618322185,0.0,1.0,0.0,0.0,0.0,0.0
3,280,12.0,2.053943204634909,0.0,0.0,1.0,1.0,0.0,0.0
4,280,7.826783138729914,3.797774561571875,0.0,0.0,0.0,0.0,1.0,0.0
5,280,0.0,12.0,0.0,0.0,0.0,1.0,0.0,1.0
6,280,9.308683650984465,0.140343842227797,0.0,1.0,0.0,1.0,0.0,0.0
7,280,1.601579067089146,12.0,0.0,0.0,1.0,1.0,0.0,1.0
8,280,1.948374492925563,12.0,0.0,0.0,1.0,1.0,0.0,1.0
9,280,1.909567168266182,1.9002771713049549,1.0,1.0,0.0,0.0,0.0,0.0
10,280,8.276605222327,11.425093261842742,1.0,0.0,0.0,0.0,1.0,0.0
11,280,3.6353798952323615,5.897498400820071,0.0,1.0,1.0,0.0,1.0,1.0
12,280,11.627530798082237,2.7601958296987035,0.0,0.0,0.0,0.0,0.0,1.0
13,280,0.8997428176306127,8.420693600964787,1.0,0.0,1.0,1.0,1.0,1.0
14,280,5.309469067211438,0.0,0.0,0.0,1.0,0.0,1.0,1.0
15,280,0.0,2.39640645024666,1.0,0.0,0.0,0.0,1.0,1.0
16,280,12.0,0.0,0.0,1.0,0.0,0.0,1.0,1.0
17,280,8.264507402728547,12.0,0.0,1.0,0.0,1.0,0.0,0.0
18,280,11.176857789671168,10.424661978118154,0.0,0.0,1.0,1.0,0.0,0.0
19,280,11.816322710459463,10.870767383676167,1.0,1.0,0.0,0.0,0.0,1.0
20,280,6.245683367488486,0.0341799338471973,1.0,0.0,0.0,1.0,0.0,1.0
21,280,4.6764146287025135,6.117967780190962,0.0,1.0,1.0,0.0,0.0,0.0
22,280,4.046781576540223,8.565452176966218,1.0,1.0,0.0,0.0,0.0,0.0
23,280,11.6294115064497,3.3343585202228,0.0,1.0,0.0,1.0,0.0,0.0
24,280,5.065528263692094,3.2545909702761344,0.0,1.0,0.0,0.0,1.0,0.0
25,280,10.65800203356355,0.0,1.0,0.0,1.0,0.0,0.0,1.0
26,280,7.576192694623184,6.86215884135817,0.0,0.0,1.0,1.0,1.0,0.0
27,280,11.295272954835688,0.1810942244072528,1.0,1.0,0.0,0.0,1.0,0.0
28,280,7.015241625820095,1.998525569259607,1.0,1.0,0.0,0.0,0.0,1.0
29,280,11.939370983191282,10.836757388834586,1.0,1.0,1.0,0.0,0.0,0.0
30,280,0.874376672700653,6.512840668132028,1.0,0.0,0.0,1.0,0.0,0.0
31,280,7.199267306714583,7.748242399038276,1.0,1.0,1.0,0.0,0.0,0.0
32,280,3.2440326197805023,7.806126792252224,0.0,1.0,0.0,1.0,1.0,0.0
33,280,10.365095797511772,11.45337774776324,0.0,0.0,1.0,0.0,0.0,0.0
34,280,7.725174547690582,9.009260066096386,1.0,1.0,0.0,0.0,0.0,1.0
35,280,5.235876252510457,9.336228805308483,0.0,0.0,0.0,0.0,0.0,0.0
36,280,0.0,7.468246960212267,1.0,0.0,0.0,0.0,1.0,1.0
37,280,1.2999989120503768,1.2695571327480353,0.0,0.0,1.0,1.0,0.0,1.0
38,280,5.527417936440674,2.832946704451777,0.0,1.0,0.0,0.0,0.0,1.0
39,280,0.7737548587737985,0.0,0.0,0.0,1.0,0.0,1.0,0.0
0,285,6.874730737283705,1.446855399649805,1.0,0.0,1.0,0.0,0.0,0.0
1,285,9.654804838084852,5.864738587461363,0.0,0.0,0.0,0.0,0.0,1.0
2,285,0.7822260401906834,5.617704856465562,0.0,1.0,0.0,0.0,0.0,0.0
3,285,12.0,1.8957757314509047,0.0,0.0,1.0,1.0,0.0,0.0
4,285,7.800694559460886,3.854630766505671,0.0,0.0,0.0,0.0,1.0,0.0
5,285,0.0,12.0,0.0,0.0,0.0,1.0,0.0,1.0
6,285,9.298266103055903,0.1471596592230215,0.0,1.0,0.0,1.0,0.0,0.0
7,285,1.6641667655546295,12.0,0.0,0.0,1.0,1.0,0.0,1.0
8,285,1.9662949790237996,12.0,0.0,0.0,1.0,1.0,0.0,1.0
9,285,1.9461369327930167,1.9068787667464215,1.0,1.0,0.0,0.0,0.0,0.0
10,285,8.140420983242882,11.372125822894306,1.0,0.0,0.0,0.0,1.0,0.0
11,285,3.642707253140336,5.907921948630876,0.0,1.0,1.0,0.0,1.0,1.0
12,285,11.598876156347195,2.6722005114940326,0.0,0.0,0.0,0.0,0.0,1.0
13,285,0.9407681037418144,8.434003230878456,1.0,0.0,1.0,1.0,1.0,1.0
14,285,5.182588625222958,0.038355089132976,0.0,0.0,1.0,0.0,1.0,1.0
15,285,0.0,2.500342154912563,1.0,0.0,0.0,0.0,1.0,1.0
16,285,12.0,0.0,0.0,1.0,0.0,0.0,1.0,1.0
17,285,8.20896581278875,12.0,0.0,1.0,0.0,1.0,0.0,0.0
18,285,11.200219266686064,10.41694136484903,0.0,0.0,1.0,1.0,0.0,0.0
19,285,11.76858201671651,10.830176514922986,1.0,1.0,0.0,0.0,0.0,1.0
20,285,6.243086097513209,0.0394847589093892,1.0,0.0,0.0,1.0,0.0,1.0
21,285,4.580948360784987,6.160904301597381,0.0,1.0,1.0,0.0,0.0,0.0
22,285,4.050464411206605,8.574399462551426,1.0,1.0,0.0,0.0,0.0,0.0
23,285,11.605658244248668,3.2596230791214063,0.0,1.0,0.0,1.0,0.0,0.0
24,285,5.004291893513298,3.2311770402056745,0.0,1.0,0.0,0.0,1.0,0.0
25,285,10.638623315437991,0.0,1.0,0.0,1.0,0.0,0.0,1.0
26,285,7.5555687808018845,6.77063173304244,0.0,0.0,1.0,1.0,1.0,0.0
27,285,11.30132414523829,0.2068785204916031,1.0,1.0,0.0,0.0,1.0,0.0
28,285,7.129641132022919,2.0614110130508045,1.0,1.0,0.0,0.0,0.0,1.0
29,285,11.942456600476044,10.831182114565404,1.0,1.0,1.0,0.0,0.0,0.0
30,285,1.0558561181041632,6.632586759453968,1.0,0.0,0.0,1.0,0.0,0.0
31,285,7.148092435787981,7.957603784861246,1.0,1.0,1.0,0.0,0.0,0.0
32,285,3.1806362466299567,7.84904852190086,0.0,1.0,0.0,1.0,1.0,0.0
33,285,10.40293634266482,11.560167169692363,0.0,0.0,1.0,0.0,0.0,0.0
34,285,7.730633747915919,9.003281451384275,1.0,1.0,0.0,0.0,0.0,1.0
35,285,5.240870649846607,9.326956746555576,0.0,0.0,0.0,0.0,0.0,0.0
36,285,0.0,7.527997551653587,1.0,0.0,0.0,0.0,1.0,1.0
37,285,1.2647279875708,1.2297435048453722,0.0,0.0,1.0,1.0,0.0,1.0
38,285,5.6345468341725535,2.619498390681903,0.0,1.0,0.0,0.0,0.0,1.0
39,285,0.7679960104559146,0.0,0.0,0.0,1.0,0.0,1.0,0.0
0,290,6.812134718584924,1.3871700228758876,1.0,0.0,1.0,0.0,0.0,0.0
1,290,9.660958217410275,5.954879484699898,0.0,0.0,0.0,0.0,0.0,1.0
2,290,0.6866419544009053,5.575274002381327,0.0,1.0,0.0,0.0,0.0,0.0
3,290,12.0,1.739615144270609,0.0,0.0,1.0,1.0,0.0,0.0
4,290,7.771419944365686,3.9141034347180255,0.0,0.0,0.0,0.0,1.0,0.0
5,290,0.0,12.0,0.0,0.0,0.0,1.0,0.0,1.0
6,290,9.277255650469344,0.1608516484071835,0.0,1.0,0.0,1.0,0.0,0.0
7,290,1.7217123423423988,12.0,0.0,0.0,1.0,1.0,0.0,1.0
8,290,1.9865369828601025,12.0,0.0,0.0,1.0,1.0,0.0,1.0
9,290,1.984371641717514,1.9139311204583156,1.0,1.0,0.0,0.0,0.0,0.0
10,290,8.014000599750158,11.322289563284713,1.0,0.0,0.0,0.0,1.0,0.0
11,290,3.654382660031728,5.924711611021704,0.0,1.0,1.0,0.0,1.0,1.0
12,290,11.57184596035305,2.588322378207085,0.0,0.0,0.0,0.0,0.0,1.0
13,290,0.9719695175415476,8.444771670456005,1.0,0.0,1.0,1.0,1.0,1.0
14,290,5.045582912146457,0.0785457196453815,0.0,0.0,1.0,0.0,1.0,1.0
15,290,0.0,2.6107085236905583,1.0,0.0,0.0,0.0,1.0,1.0
16,290,12.0,0.0,0.0,1.0,0.0,0.0,1.0,1.0
17,290,8.148035776934332,12.0,0.0,1.0,0.0,1.0,0.0,0.0
18,290,11.239231303065049,10.404560173998505,0.0,0.0,1.0,1.0,0.0,0.0
19,290,11.73455065265764,10.801736613476274,1.0,1.0,0.0,0.0,0.0,1.0
20,290,6.236435307728488,0.0536290410967899,1.0,0.0,0.0,1.0,0.0,1.0
21,290,4.470867377145109,6.213043408628416,0.0,1.0,1.0,0.0,0.0,0.0
22,290,4.054439065161973,8.58419184664857,1.0,1.0,0.0,0.0,0.0,0.0
23,290,11.580815703372684,3.184279153738608,0.0,1.0,0.0,1.0,0.0,0.0
24,290,4.9547967222661775,3.2122142797675206,0.0,1.0,0.0,0.0,1.0,0.0
25,290,10.624212913063532,0.0,1.0,0.0,1.0,0.0,0.0,1.0
26,290,7.533426259929269,6.670866246009049,0.0,0.0,1.0,1.0,1.0,0.0
27,290,11.305484828054372,0.2250830494025597,1.0,1.0,0.0,0.0,1.0,0.0
28,290,7.242109414347288,2.123123726671225,1.0,1.0,0.0,0.0,0.0,1.0
29,290,11.93474184822995,10.843811864692563,1.0,1.0,1.0,0.0,0.0,0.0
30,290,1.2365826139554488,6.755050413170805,1.0,0.0,0.0,1.0,0.0,0.0
31,290,7.090329025654601,8.181200284662328,1.0,1.0,1.0,0.0,0.0,0.0
32,290,3.1119269392837428,7.892860140746984,0.0,1.0,0.0,1.0,1.0,0.0
33,290,10.4398488436428,11.668907582479743,0.0,0.0,1.0,0.0,0.0,0.0
34,290,7.712227321573918,9.024279929824218,1.0,1.0,0.0,0.0,0.0,1.0
35,290,5.239780075430059,9.329044001477133,0.0,0.0,0.0,0.0,0.0,0.0
36,290,0.0,7.589093867323626,1.0,0.0,0.0,0.0,1.0,1.0
37,290,1.2212951788337427,1.1808555921752777,0.0,0.0,1.0,1.0,0.0,1.0
38,290,5.7432811419185725,2.3924610044825627,0.0,1.0,0.0,0.0,0.0,1.0
39,290,0.7625644119787005,0.0,0.0,0.0,1.0,0.0,1.0,0.0
0,295,6.757996063886679,1.3373384336734238,1.0,0.0,1.0,0.0,0.0,0.0
1,295,9.66471282214801,6.059784710833837,0.0,0.0,0.0,0.0,0.0,1.0
2,295,0.6129298776620897,5.541942265179262,0.0,1.0,0.0,0.0,0.0,0.0
3,295,12.0,1.5708473498652331,0.0,0.0,1.0,1.0,0.0,0.0
4,295,7.734998249817828,3.991348289102152,0.0,0.0,0.0,0.0,1.0,0.0
5,295,0.0,12.0,0.0,0.0,0.0,1.0,0.0,1.0
6,295,9.239659040640175,0.1870372965444669,0.0,1.0,0.0,1.0,0.0,0.0
7,295,1.7819067659801258,12.0,0.0,0.0,1.0,1.0,0.0,1.0
8,295,2.009609083973209,12.0,0.0,0.0,1.0,1.0,0.0,1.0
9,295,2.0297668870437664,1.9221463709487403,1.0,1.0,0.0,0.0,0.0,0.0
10,295,7.901019054812604,11.2752453300819,1.0,0.0,0.0,0.0,1.0,0.0
11,295,3.671291330953988,5.949802189837771,0.0,1.0,1.0,0.0,1.0,1.0
12,295,11.493143925860188,2.61795725829242,0.0,0.0,0.0,0.0,0.0,1.0
13,295,0.9982826904423164,8.454275518933972,1.0,0.0,1.0,1.0,1.0,1.0
14,295,4.89515557682488,0.1191093080911678,0.0,0.0,1.0,0.0,1.0,1.0
15,295,0.0,2.712708848050641,1.0,0.0,0.0,0.0,1.0,1.0
16,295,12.0,0.0,0.0,1.0,0.0,0.0,1.0,1.0
17,295,8.086906758996317,12.0,0.0,1.0,0.0,1.0,0.0,0.0
18,295,11.259676928179983,10.398675748802304,0.0,0.0,1.0,1.0,0.0,0.0
19,295,11.711061825086889,10.78216796118872,1.0,1.0,0.0,0.0,0.0,1.0
20,295,6.224194555792492,0.082355834049134,1.0,0.0,0.0,1.0,0.0,1.0
21,295,4.346980318402029,6.271359892574982,0.0,1.0,1.0,0.0,0.0,0.0
22,295,4.062447808509875,8.602993644253608,1.0,1.0,0.0,0.0,0.0,0.0
23,295,11.561602258267069,3.12782838127174,0.0,1.0,0.0,1.0,0.0,0.0
24,295,4.898226676502744,3.1911972410158524,0.0,1.0,0.0,0.0,1.0,0.0
25,295,10.61151332672367,0.0,1.0,0.0,1.0,0.0,0.0,1.0
26,295,7.510257123556612,6.555738175189237,0.0,0.0,1.0,1.0,1.0,0.0
27,295,11.310157986842936,0.2482029760834893,1.0,1.0,0.0,0.0,1.0,0.0
28,295,7.355455707859503,2.1870561574368907,1.0,1.0,0.0,0.0,0.0,1.0
29,295,11.924425825494252,10.860084802270103,1.0,1.0,1.0,0.0,0.0,0.0
30,295,1.3448309252539044,6.591260279421253,1.0,0.0,0.0,1.0,0.0,0.0
31,295,7.040664326226804,8.390509112242713,1.0,1.0,1.0,0.0,0.0,0.0
32,295,3.038960740408728,7.938682774401693,0.0,1.0,0.0,1.0,1.0,0.0
33,295,10.473623931809142,11.775304153318752,0.0,0.0,1.0,0.0,0.0,0.0
34,295,7.711768849234878,9.024807811859182,1.0,1.0,0.0,0.0,0.0,1.0
35,295,5.238564703872672,9.331339344653571,0.0,0.0,0.0,0.0,0.0,0.0
36,295,0.0,7.65007099024345,1.0,0.0,0.0,0.0,1.0,1.0
37,295,1.1917982269526102,1.1484813323532457,0.0,0.0,1.0,1.0,0.0,1.0
38,295,5.849841531456216,2.1646720005746336,0.0,1.0,0.0,0.0,0.0,1.0
39,295,0.756258105578147,0.0,0.0,0.0,1.0,0.0,1.0,0.0
