0,0,0.0,4.019016796796985,0.0,0.0,0.0,0.0,1.0,0.0
1,0,5.936558167908986,11.044357907890085,0.0,1.0,1.0,0.0,0.0,0.0
2,0,12.0,3.9472245382520814,0.0,0.0,0.0,0.0,1.0,0.0
3,0,7.935888763448184,11.96182844906115,0.0,0.0,1.0,1.0,1.0,0.0
4,0,11.011100128250154,6.931242875920864,0.0,1.0,1.0,0.0,1.0,1.0
5,0,7.978587780475538,2.0689903408174395,0.0,0.0,0.0,0.0,0.0,0.0
6,0,5.012998019362723,7.962705804503249,1.0,0.0,0.0,1.0,0.0,0.0
7,0,3.9838585598690326,0.955222824336972,0.0,1.0,1.0,0.0,1.0,1.0
8,0,5.053399093776295,1.043674657470734,1.0,0.0,0.0,0.0,1.0,1.0
9,0,3.988005946122504,12.0,1.0,0.0,0.0,0.0,0.0,1.0
10,0,9.979552998884207,4.964186855613466,0.0,0.0,0.0,0.0,1.0,1.0
11,0,6.941175555400148,8.97919716238862,0.0,1.0,1.0,0.0,0.0,0.0
12,0,11.00986318251349,10.014234220237263,1.0,1.0,0.0,0.0,0.0,0.0
13,0,4.068292718397179,2.998163369148417,0.0,1.0,1.0,1.0,0.0,1.0
14,0,12.0,5.991656610569258,1.0,0.0,1.0,0.0,1.0,0.0
15,0,12.0,8.025688854177973,1.0,1.0,1.0,1.0,0.0,1.0
16,0,11.001430127523586,7.040640489490381,1.0,1.0,0.0,0.0,1.0,1.0
17,0,12.0,11.012891482529978,0.0,0.0,0.0,0.0,0.0,0.0
18,0,10.059554197373796,12.0,0.0,1.0,0.0,1.0,0.0,1.0
19,0,7.024966262857356,8.023594226246455,1.0,0.0,0.0,0.0,1.0,1.0
20,0,4.044909857975042,1.0018125861263174,0.0,1.0,0.0,1.0,0.0,1.0
21,0,4.070163828292727,4.950881387959894,1.0,0.0,0.0,1.0,0.0,1.0
22,0,8.010781996538054,6.00210465801069,0.0,0.0,1.0,1.0,0.0,1.0
23,0,5.031782952095621,1.92900875508654,0.0,1.0,1.0,0.0,0.0,0.0
24,0,4.945230072305304,0.0,1.0,1.0,0.0,0.0,0.0,1.0
25,0,11.994643149591662,0.9430097302884652,1.0,0.0,0.0,1.0,1.0,1.0
26,0,11.01419644502116,10.95770507068458,1.0,1.0,0.0,0.0,0.0,0.0
27,0,4.042615010679174,3.985416600714188,0.0,0.0,1.0,0.0,0.0,0.0
28,0,5.038851005852947,3.049333959471459,0.0,0.0,0.0,0.0,1.0,1.0
29,0,7.069660118199695,3.974500611493097,0.0,1.0,1.0,0.0,1.0,1.0
30,0,2.950340343812924,6.984254752145401,1.0,0.0,0.0,0.0,0.0,1.0
31,0,9.045679774306755,8.98853449174685,1.0,0.0,1.0,1.0,0.0,1.0
32,0,3.962866456033739,1.044406467723704,0.0,0.0,1.0,0.0,1.0,1.0
33,0,0.9525397145712402,0.950969671981674,0.0,1.0,0.0,0.0,1.0,1.0
34,0,1.011803607492891,5.959517916846934,0.0,0.0,0.0,0.0,0.0,1.0
35,0,0.0,5.952961045052361,1.0,0.0,1.0,0.0,0.0,0.0
36,0,0.0149068859778204,10.949299965573312,0.0,1.0,0.0,0.0,0.0,0.0
37,0,0.0064462857908634,9.090489756674874,0.0,1.0,0.0,0.0,0.0,1.0
38,0,4.952165105670443,3.97638060166779,1.0,0.0,1.0,1.0,0.0,0.0
39,0,10.972159034196547,4.019305065943966,0.0,1.0,0.0,0.0,0.0,0.0
0,5,0.0,4.034679618369301,0.0,0.0,0.0,0.0,1.0,0.0
1,5,5.872209799628477,11.088721917385772,0.0,1.0,1.0,0.0,0.0,0.0
2,5,12.0,3.911241063023944,0.0,0.0,0.0,0.0,1.0,0.0
3,5,7.886187157937269,11.931259988425335,0.0,0.0,1.0,1.0,1.0,0.0
4,5,11.020305271491024,6.878720314736127,0.0,1.0,1.0,0.0,1.0,1.0
5,5,7.9533412109930595,2.151247782441763,0.0,0.0,0.0,0.0,0.0,0.0
6,5,5.02391719620177,7.932938351751199,1.0,0.0,0.0,1.0,0.0,0.0
7,5,3.970727193225494,0.912419347078616,0.0,1.0,1.0,0.0,1.0,1.0
8,5,5.123004621816592,1.0990209849264918,1.0,0.0,0.0,0.0,1.0,1.0
9,5,3.9817225941729375,12.0,1.0,0.0,0.0,0.0,0.0,1.0
10,5,9.96261421763353,4.933178827195128,0.0,0.0,0.0,0.0,1.0,1.0
11,5,6.899986272352192,8.96337653484653,0.0,1.0,1.0,0.0,0.0,0.0
12,5,11.015277239101083,10.02188616915782,1.0,1.0,0.0,0.0,0.0,0.0
13,5,4.164984221957212,2.9973802447685407,0.0,1.0,1.0,1.0,0.0,1.0
14,5,12.0,5.985267009072897,1.0,0.0,1.0,0.0,1.0,0.0
15,5,12.0,8.053592127855714,1.0,1.0,1.0,1.0,0.0,1.0
16,5,10.95217767726171,7.04120935015016,1.0,1.0,0.0,0.0,1.0,1.0
17,5,12.0,11.024557791939294,0.0,0.0,0.0,0.0,0.0,0.0
18,5,10.09396117362819,12.0,0.0,1.0,0.0,1.0,0.0,1.0
19,5,7.045906617816102,8.04431483504349,1.0,0.0,0.0,0.0,1.0,1.0
20,5,4.092366975078222,1.0032373094288989,0.0,1.0,0.0,1.0,0.0,1.0
21,5,4.143478149470256,4.900245603532616,1.0,0.0,0.0,1.0,0.0,1.0
22,5,8.021747921502394,6.004592065403121,0.0,0.0,1.0,1.0,0.0,1.0
23,5,5.071383206734491,1.8412669074607384,0.0,1.0,1.0,0.0,0.0,0.0
24,5,4.918155099702005,0.0,1.0,1.0,0.0,0.0,0.0,1.0
25,5,11.947797357981646,0.9474457329367526,1.0,0.0,0.0,1.0,1.0,1.0
26,5,11.023462027699868,10.93129190419327,1.0,1.0,0.0,0.0,0.0,0.0
27,5,4.067162415128145,3.976876015825052,0.0,0.0,1.0,0.0,0.0,0.0
28,5,5.072848003019439,3.0941994399717405,0.0,0.0,0.0,0.0,1.0,1.0
29,5,7.1135416960443285,3.9590852840228496,0.0,1.0,1.0,0.0,1.0,1.0
30,5,2.9012654365524817,6.969060534041151,1.0,0.0,0.0,0.0,0.0,1.0
31,5,9.085851142768623,8.979623641944682,1.0,0.0,1.0,1.0,0.0,1.0
32,5,3.927813048716466,1.0844666546045811,0.0,0.0,1.0,0.0,1.0,1.0
33,5,0.9067216727768508,0.9055164238331476,0.0,1.0,0.0,0.0,1.0,1.0
34,5,1.0255381516935052,5.915995990603315,0.0,0.0,0.0,0.0,0.0,1.0
35,5,0.0,5.899386713243846,1.0,0.0,1.0,0.0,0.0,0.0
36,5,0.0297251807314167,10.896819589683982,0.0,1.0,0.0,0.0,0.0,0.0
37,5,0.0138396813863026,9.206325655262882,0.0,1.0,0.0,0.0,0.0,1.0
38,5,4.91113589741533,3.956661855881983,1.0,0.0,1.0,1.0,0.0,0.0
39,5,10.961918549938517,4.026425055212004,0.0,1.0,0.0,0.0,0.0,0.0
0,10,0.0,4.052932227694993,0.0,0.0,0.0,0.0,1.0,0.0
1,10,5.79580549820728,11.142265222431384,0.0,1.0,1.0,0.0,0.0,0.0
2,10,12.0,3.88652213538664,0.0,0.0,0.0,0.0,1.0,0.0
3,10,7.845874366565875,11.906003453617616,0.0,0.0,1.0,1.0,1.0,0.0
4,10,11.026381097864002,6.845238739292538,0.0,1.0,1.0,0.0,1.0,1.0
5,10,7.934964360641132,2.209528121060964,0.0,0.0,0.0,0.0,0.0,0.0
6,10,5.035781177266659,7.899017297150646,1.0,0.0,0.0,1.0,0.0,0.0
7,10,3.964489135478248,0.8904584352070251,0.0,1.0,1.0,0.0,1.0,1.0
8,10,5.187088833983678,1.1484270880590162,1.0,0.0,0.0,0.0,1.0,1.0
9,10,3.980470432441986,12.0,1.0,0.0,0.0,0.0,0.0,1.0
10,10,9.948559463823823,4.907658547250478,0.0,0.0,0.0,0.0,1.0,1.0
11,10,6.861856505501724,8.949566304473954,0.0,1.0,1.0,0.0,0.0,0.0
12,10,11.000625288668523,10.001970261319382,1.0,1.0,0.0,0.0,0.0,0.0
13,10,4.242477219218594,2.995851258613127,0.0,1.0,1.0,1.0,0.0,1.0
14,10,12.0,5.977948884764955,1.0,0.0,1.0,0.0,1.0,0.0
15,10,12.0,8.094264296227388,1.0,1.0,1.0,1.0,0.0,1.0
16,10,10.932163746560787,7.042002408702686,1.0,1.0,0.0,0.0,1.0,1.0
17,10,12.0,11.03328714174839,0.0,0.0,0.0,0.0,0.0,0.0
18,10,10.148866906533272,12.0,0.0,1.0,0.0,1.0,0.0,1.0
19,10,7.07504737999607,8.072894295706755,1.0,0.0,0.0,0.0,1.0,1.0
20,10,4.13836051932461,1.003915662769496,0.0,1.0,0.0,1.0,0.0,1.0
21,10,4.209893312692394,4.851377817578347,1.0,0.0,0.0,1.0,0.0,1.0
22,10,8.035829981341589,6.007912452842402,0.0,0.0,1.0,1.0,0.0,1.0
23,10,5.108990280803855,1.7547717435093475,0.0,1.0,1.0,0.0,0.0,0.0
24,10,4.905872247801382,0.0,1.0,1.0,0.0,0.0,0.0,1.0
25,10,11.891940788107274,0.9526335327774448,1.0,0.0,0.0,1.0,1.0,1.0
26,10,11.032467956145304,10.906533802996863,1.0,1.0,0.0,0.0,0.0,0.0
27,10,4.104234093193993,3.9637429933924246,0.0,0.0,1.0,0.0,0.0,0.0
28,10,5.08726412804068,3.113167033074503,0.0,0.0,0.0,0.0,1.0,1.0
29,10,7.18193172260461,3.933199519789404,0.0,1.0,1.0,0.0,1.0,1.0
30,10,2.8692167807207936,6.959437090490344,1.0,0.0,0.0,0.0,0.0,1.0
31,10,9.101539320747326,8.976179731913353,1.0,0.0,1.0,1.0,0.0,1.0
32,10,3.8740858269710974,1.1428375865028275,0.0,0.0,1.0,0.0,1.0,1.0
33,10,0.857893352980158,0.854920561203326,0.0,1.0,0.0,0.0,1.0,1.0
34,10,1.032571648750261,5.890093527838308,0.0,0.0,0.0,0.0,0.0,1.0
35,10,0.0,5.851609016175152,1.0,0.0,1.0,0.0,0.0,0.0
36,10,0.0491887335827784,10.822218819494475,0.0,1.0,0.0,0.0,0.0,0.0
37,10,0.0203603939154094,9.319146410266931,0.0,1.0,0.0,0.0,0.0,1.0
38,10,4.849906989584476,3.9284891228533,1.0,0.0,1.0,1.0,0.0,0.0
39,10,10.932582996271726,4.047045490185713,0.0,1.0,0.0,0.0,0.0,0.0
0,15,0.0,4.070549684408697,0.0,0.0,0.0,0.0,1.0,0.0
1,15,5.7305678296068665,11.18954176462328,0.0,1.0,1.0,0.0,0.0,0.0
2,15,12.0,3.868167521726793,0.0,0.0,0.0,0.0,1.0,0.0
3,15,7.806218669793016,11.881152985320629,0.0,0.0,1.0,1.0,1.0,0.0
4,15,11.029840031379631,6.825802893078442,0.0,1.0,1.0,0.0,1.0,1.0
5,15,7.923138311614367,2.246146582067249,0.0,0.0,0.0,0.0,0.0,0.0
6,15,5.043615431461024,7.875144019758872,1.0,0.0,0.0,1.0,0.0,0.0
7,15,3.9623294710511714,0.8831826597260112,0.0,1.0,1.0,0.0,1.0,1.0
8,15,5.23887294228489,1.1881823974240655,1.0,0.0,0.0,0.0,1.0,1.0
9,15,3.9831413843114505,11.993499019696142,1.0,0.0,0.0,0.0,0.0,1.0
10,15,9.92819961877915,4.8715791868957785,0.0,0.0,0.0,0.0,1.0,1.0
11,15,6.814364337349746,8.932226047930254,0.0,1.0,1.0,0.0,0.0,0.0
12,15,10.982946418180616,9.978370042518206,1.0,1.0,0.0,0.0,0.0,0.0
13,15,4.313467590027169,2.996015447164997,0.0,1.0,1.0,1.0,0.0,1.0
14,15,12.0,5.970913343641751,1.0,0.0,1.0,0.0,1.0,0.0
15,15,12.0,8.136069949749249,1.0,1.0,1.0,1.0,0.0,1.0
16,15,10.916673102681994,7.042837689024224,1.0,1.0,0.0,0.0,1.0,1.0
17,15,12.0,11.036510146929247,0.0,0.0,0.0,0.0,0.0,0.0
18,15,10.200565520059072,12.0,0.0,1.0,0.0,1.0,0.0,1.0
19,15,7.094957022310128,8.093912382862964,1.0,0.0,0.0,0.0,1.0,1.0
20,15,4.169347938858032,1.0039337043473966,0.0,1.0,0.0,1.0,0.0,1.0
21,15,4.279510343644327,4.79964408287199,1.0,0.0,0.0,1.0,0.0,1.0
22,15,8.061370009416436,6.013630057877918,0.0,0.0,1.0,1.0,0.0,1.0
23,15,5.146741782113648,1.663904487946746,0.0,1.0,1.0,0.0,0.0,0.0
24,15,4.881299590754194,0.0,1.0,1.0,0.0,0.0,0.0,1.0
25,15,11.86833803043606,0.9546970859929884,1.0,0.0,0.0,1.0,1.0,1.0
26,15,11.045662328194078,10.867628306682589,1.0,1.0,0.0,0.0,0.0,0.0
27,15,4.146552327194904,3.948094020702857,0.0,0.0,1.0,0.0,0.0,0.0
28,15,5.098597939404127,3.1294708431869487,0.0,0.0,0.0,0.0,1.0,1.0
29,15,7.244953189100445,3.9082629597042073,0.0,1.0,1.0,0.0,1.0,1.0
30,15,2.838482120068314,6.949040688242875,1.0,0.0,0.0,0.0,0.0,1.0
31,15,9.124318809911063,8.97040486287464,1.0,0.0,1.0,1.0,0.0,1.0
32,15,3.8193403687511926,1.200466799506096,0.0,0.0,1.0,0.0,1.0,1.0
33,15,0.8085217327319696,0.805983481023909,0.0,1.0,0.0,0.0,1.0,1.0
34,15,1.0424395125767287,5.8557362611943375,0.0,0.0,0.0,0.0,0.0,1.0
35,15,0.0,5.794153512765877,1.0,0.0,1.0,0.0,0.0,0.0
36,15,0.0757349248271703,10.72968793124018,0.0,1.0,0.0,0.0,0.0,0.0
37,15,0.0310989494450015,9.432245080730684,0.0,1.0,0.0,0.0,0.0,1.0
38,15,4.8080512417276,3.909119564433479,1.0,0.0,1.0,1.0,0.0,0.0
39,15,10.910212465797532,4.063854153554541,0.0,1.0,0.0,0.0,0.0,0.0
0,20,0.0,4.0843271968076085,0.0,0.0,0.0,0.0,1.0,0.0
1,20,5.689420352368921,11.218018929812295,0.0,1.0,1.0,0.0,0.0,0.0
2,20,11.996543034759185,3.871645323888114,0.0,0.0,0.0,0.0,1.0,0.0
3,20,7.771734597798628,11.859106314436865,0.0,0.0,1.0,1.0,1.0,0.0
4,20,11.034009360169147,6.79771975558652,0.0,1.0,1.0,0.0,1.0,1.0
5,20,7.910068337419817,2.288123685280902,0.0,0.0,0.0,0.0,0.0,0.0
6,20,5.045124812585975,7.870556514650103,1.0,0.0,0.0,1.0,0.0,0.0
7,20,3.962454957334689,0.883607228756473,0.0,1.0,1.0,0.0,1.0,1.0
8,20,5.2658641193283175,1.2078109332093612,1.0,0.0,0.0,0.0,1.0,1.0
9,20,3.967403162594552,12.0,1.0,0.0,0.0,0.0,0.0,1.0
10,20,9.911850217389404,4.842858273815598,0.0,0.0,0.0,0.0,1.0,1.0
11,20,6.781980491629539,8.920834826231484,0.0,1.0,1.0,0.0,0.0,0.0
12,20,10.957737480249405,9.944306123385596,1.0,1.0,0.0,0.0,0.0,0.0
13,20,4.405002591556356,2.996072795538669,0.0,1.0,1.0,1.0,0.0,1.0
14,20,12.0,5.96460685723645,1.0,0.0,1.0,0.0,1.0,0.0
15,20,12.0,8.17935029282428,1.0,1.0,1.0,1.0,0.0,1.0
16,20,10.917494503549497,7.058043537136128,1.0,1.0,0.0,0.0,1.0,1.0
17,20,12.0,11.040304239318845,0.0,0.0,0.0,0.0,0.0,0.0
18,20,10.25495430467958,12.0,0.0,1.0,0.0,1.0,0.0,1.0
19,20,7.122451655154756,8.122596457293893,1.0,0.0,0.0,0.0,1.0,1.0
20,20,4.202336265221075,1.0044946997574429,0.0,1.0,0.0,1.0,0.0,1.0
21,20,4.334478432920734,4.757184279013826,1.0,0.0,0.0,1.0,0.0,1.0
22,20,8.103628241759868,6.023597369618169,0.0,0.0,1.0,1.0,0.0,1.0
23,20,5.182688328512526,1.5750375321219554,0.0,1.0,1.0,0.0,0.0,0.0
24,20,4.844822987641638,0.0,1.0,1.0,0.0,0.0,0.0,1.0
25,20,11.847557323739236,0.9565192342455122,1.0,0.0,0.0,1.0,1.0,1.0
26,20,11.054854696496523,10.8409553074745,1.0,1.0,0.0,0.0,0.0,0.0
27,20,4.180443495216787,3.935373843823192,0.0,0.0,1.0,0.0,0.0,0.0
28,20,5.120518133716928,3.1597119059034107,0.0,0.0,0.0,0.0,1.0,1.0
29,20,7.30455886174001,3.884554057788932,0.0,1.0,1.0,0.0,1.0,1.0
30,20,2.826186935121848,6.944801555088648,1.0,0.0,0.0,0.0,0.0,1.0
31,20,9.151567297682517,8.96301074600221,1.0,0.0,1.0,1.0,0.0,1.0
32,20,3.7848640256942976,1.2369037408005872,0.0,0.0,1.0,0.0,1.0,1.0
33,20,0.7580486461258634,0.7560095270056367,0.0,1.0,0.0,0.0,1.0,1.0
34,20,1.0471991051366578,5.839140465287271,0.0,0.0,0.0,0.0,0.0,1.0
35,20,0.0,5.721945658342312,1.0,0.0,1.0,0.0,0.0,0.0
36,20,0.1032747304526088,10.631083081655746,0.0,1.0,0.0,0.0,0.0,0.0
37,20,0.0476664530226457,9.561740520033158,0.0,1.0,0.0,0.0,0.0,1.0
38,20,4.744624366572932,3.877463276531458,1.0,0.0,1.0,1.0,0.0,0.0
39,20,10.879127362711024,4.085249072255906,0.0,1.0,0.0,0.0,0.0,0.0
0,25,0.0,4.104355087951863,0.0,0.0,0.0,0.0,1.0,0.0
1,25,5.657794516663572,11.240863166553613,0.0,1.0,1.0,0.0,0.0,0.0
2,25,11.997898856780628,3.8702744482461706,0.0,0.0,0.0,0.0,1.0,0.0
3,25,7.722302800278275,11.825837184927318,0.0,0.0,1.0,1.0,1.0,0.0
4,25,11.035654666961344,6.78571971634436,0.0,1.0,1.0,0.0,1.0,1.0
5,25,7.89478673032662,2.333537633271157,0.0,0.0,0.0,0.0,0.0,0.0
6,25,5.049697747524373,7.85755561637689,1.0,0.0,0.0,1.0,0.0,0.0
7,25,3.968853959508067,0.90194310640487,0.0,1.0,1.0,0.0,1.0,1.0
8,25,5.290172794057294,1.2245194145535585,1.0,0.0,0.0,0.0,1.0,1.0
9,25,3.955984821346701,12.0,1.0,0.0,0.0,0.0,0.0,1.0
10,25,9.89810252621758,4.818347533634688,0.0,0.0,0.0,0.0,1.0,1.0
11,25,6.75357245122871,8.911034538353649,0.0,1.0,1.0,0.0,0.0,0.0
12,25,10.930087725154952,9.908148345937512,1.0,1.0,0.0,0.0,0.0,0.0
13,25,4.5129512229747775,2.995912841668322,0.0,1.0,1.0,1.0,0.0,1.0
14,25,12.0,5.963122042176679,1.0,0.0,1.0,0.0,1.0,0.0
15,25,12.0,8.222258398993164,1.0,1.0,1.0,1.0,0.0,1.0
16,25,10.918529664485025,7.071875343038999,1.0,1.0,0.0,0.0,1.0,1.0
17,25,12.0,11.05125492688633,0.0,0.0,0.0,0.0,0.0,0.0
18,25,10.3181269426032,12.0,0.0,1.0,0.0,1.0,0.0,1.0
19,25,7.133984168481632,8.134981890839944,1.0,0.0,0.0,0.0,1.0,1.0
20,25,4.255549685564751,1.003125825439069,0.0,1.0,0.0,1.0,0.0,1.0
21,25,4.3765829221225125,4.7235600647833405,1.0,0.0,0.0,1.0,0.0,1.0
22,25,8.14617824775473,6.034175977181931,0.0,0.0,1.0,1.0,0.0,1.0
23,25,5.2132652111110085,1.4966655271021831,0.0,1.0,1.0,0.0,0.0,0.0
24,25,4.786426129160327,0.0,1.0,1.0,0.0,0.0,0.0,1.0
25,25,11.815476817266973,0.9598535241518404,1.0,0.0,0.0,1.0,1.0,1.0
26,25,11.077449622242035,10.776322731706028,1.0,1.0,0.0,0.0,0.0,0.0
27,25,4.224234990218295,3.918160798112847,0.0,0.0,1.0,0.0,0.0,0.0
28,25,5.1506961001634455,3.2024316935318757,0.0,0.0,0.0,0.0,1.0,1.0
29,25,7.356222468422354,3.863274719171359,0.0,1.0,1.0,0.0,1.0,1.0
30,25,2.8089728101032767,6.939001697875699,1.0,0.0,0.0,0.0,0.0,1.0
31,25,9.189564970099838,8.953569506339583,1.0,0.0,1.0,1.0,0.0,1.0
32,25,3.740381915480963,1.28378559142799,0.0,0.0,1.0,0.0,1.0,1.0
33,25,0.7090168244901167,0.7077035690809425,0.0,1.0,0.0,0.0,1.0,1.0
34,25,1.0463739091066169,5.841803932531189,0.0,0.0,0.0,0.0,0.0,1.0
35,25,0.0721265080737467,5.685885132163826,1.0,0.0,1.0,0.0,0.0,0.0
36,25,0.1328470044935311,10.522023111104076,0.0,1.0,0.0,0.0,0.0,0.0
37,25,0.0646872712679706,9.69476135841385,0.0,1.0,0.0,0.0,0.0,1.0
38,25,4.665749137319362,3.836598501055292,1.0,0.0,1.0,1.0,0.0,0.0
39,25,10.849606302993813,4.105380578083324,0.0,1.0,0.0,0.0,0.0,0.0
0,30,0.0,4.121081809545316,0.0,0.0,0.0,0.0,1.0,0.0
1,30,5.627803741670244,11.26277740125601,0.0,1.0,1.0,0.0,0.0,0.0
2,30,11.987542661537251,3.880707185875664,0.0,0.0,0.0,0.0,1.0,0.0
3,30,7.688488061414416,11.803073615966625,0.0,0.0,1.0,1.0,1.0,0.0
4,30,11.040234620000462,6.755488743668857,0.0,1.0,1.0,0.0,1.0,1.0
5,30,7.87911314280562,2.376063425432573,0.0,0.0,0.0,0.0,0.0,0.0
6,30,5.056958329154739,7.835526378317932,1.0,0.0,0.0,1.0,0.0,0.0
7,30,3.9749314238816216,0.9179041631053028,0.0,1.0,1.0,0.0,1.0,1.0
8,30,5.31292518720142,1.2407933591477285,1.0,0.0,0.0,0.0,1.0,1.0
9,30,3.9411817825032767,12.0,1.0,0.0,0.0,0.0,0.0,1.0
10,30,9.881855786153452,4.790670606542637,0.0,0.0,0.0,0.0,1.0,1.0
11,30,6.726683675349283,8.901578150137976,0.0,1.0,1.0,0.0,0.0,0.0
12,30,10.903274345638591,9.873811041736802,1.0,1.0,0.0,0.0,0.0,0.0
13,30,4.621137250873497,2.996361118997404,0.0,1.0,1.0,1.0,0.0,1.0
14,30,12.0,5.9628027604235925,1.0,0.0,1.0,0.0,1.0,0.0
15,30,12.0,8.25343525867512,1.0,1.0,1.0,1.0,0.0,1.0
16,30,10.91898585893513,7.078208360673361,1.0,1.0,0.0,0.0,1.0,1.0
17,30,12.0,11.064557493076835,0.0,0.0,0.0,0.0,0.0,0.0
18,30,10.359950756324654,12.0,0.0,1.0,0.0,1.0,0.0,1.0
19,30,7.14731970840101,8.1486169388766,1.0,0.0,0.0,0.0,1.0,1.0
20,30,4.272120162717177,1.002816632050055,0.0,1.0,0.0,1.0,0.0,1.0
21,30,4.410670494567358,4.696061049617698,1.0,0.0,0.0,1.0,0.0,1.0
22,30,8.198940698281394,6.047063014814407,0.0,0.0,1.0,1.0,0.0,1.0
23,30,5.242939403897327,1.422240509225227,0.0,1.0,1.0,0.0,0.0,0.0
24,30,4.7204828626430535,0.0,1.0,1.0,0.0,0.0,0.0,1.0
25,30,11.788761085471124,0.9623737725076454,1.0,0.0,0.0,1.0,1.0,1.0
26,30,11.106499570934664,10.688097638785049,1.0,1.0,0.0,0.0,0.0,0.0
27,30,4.275201685449687,3.9003534611141575,0.0,0.0,1.0,0.0,0.0,0.0
28,30,5.169749881210475,3.2294603688282235,0.0,0.0,0.0,0.0,1.0,1.0
29,30,7.416515184324075,3.8362357034602086,0.0,1.0,1.0,0.0,1.0,1.0
30,30,2.761588657202332,6.922426512666714,1.0,0.0,0.0,0.0,0.0,1.0
31,30,9.2286546950759,8.943153075982302,1.0,0.0,1.0,1.0,0.0,1.0
32,30,3.699617931263212,1.3294289698338022,0.0,0.0,1.0,0.0,1.0,1.0
33,30,0.6596002061763652,0.6589717056031057,0.0,1.0,0.0,0.0,1.0,1.0
34,30,1.0464857368718552,5.841447992244048,0.0,0.0,0.0,0.0,0.0,1.0
35,30,0.1551057793234662,5.642451854829011,1.0,0.0,1.0,0.0,0.0,0.0
36,30,0.1615929067414506,10.40485453328975,0.0,1.0,0.0,0.0,0.0,0.0
37,30,0.0806379210358139,9.82428959019842,0.0,1.0,0.0,0.0,0.0,1.0
38,30,4.569143305244795,3.786359036339034,1.0,0.0,1.0,1.0,0.0,0.0
39,30,10.81246675555939,4.131556026312431,0.0,1.0,0.0,0.0,0.0,0.0
0,35,0.0,4.133588659663254,0.0,0.0,0.0,0.0,1.0,0.0
1,35,5.599325195063904,11.283731871816142,0.0,1.0,1.0,0.0,0.0,0.0
2,35,11.960362213116284,3.906712622229717,0.0,0.0,0.0,0.0,1.0,0.0
3,35,7.652213066957391,11.7793328743479,0.0,0.0,1.0,1.0,1.0,0.0
4,35,11.045885933372524,6.70707130594065,0.0,1.0,1.0,0.0,1.0,1.0
5,35,7.861460571222053,2.421144793239298,0.0,0.0,0.0,0.0,0.0,0.0
6,35,5.064630170080372,7.813649177000927,1.0,0.0,0.0,1.0,0.0,0.0
7,35,3.970471010648056,0.9065916943902604,0.0,1.0,1.0,0.0,1.0,1.0
8,35,5.337739432936722,1.2588797420568048,1.0,0.0,0.0,0.0,1.0,1.0
9,35,3.917647604799869,12.0,1.0,0.0,0.0,0.0,0.0,1.0
10,35,9.863043530621866,4.759066192932876,0.0,0.0,0.0,0.0,1.0,1.0
11,35,6.706800919658438,8.89429786650273,0.0,1.0,1.0,0.0,0.0,0.0
12,35,10.876719666700772,9.83847452111281,1.0,1.0,0.0,0.0,0.0,0.0
13,35,4.718726148683888,3.000745888194291,0.0,1.0,1.0,1.0,0.0,1.0
14,35,12.0,5.957928984167923,1.0,0.0,1.0,0.0,1.0,0.0
15,35,12.0,8.288701414915398,1.0,1.0,1.0,1.0,0.0,1.0
16,35,10.91915551092969,7.080099262181008,1.0,1.0,0.0,0.0,1.0,1.0
17,35,12.0,11.07209978520962,0.0,0.0,0.0,0.0,0.0,0.0
18,35,10.394396438347314,12.0,0.0,1.0,0.0,1.0,0.0,1.0
19,35,7.151684964031782,8.153344558218706,1.0,0.0,0.0,0.0,1.0,1.0
20,35,4.274257163878858,1.0027524107765962,0.0,1.0,0.0,1.0,0.0,1.0
21,35,4.444397686659634,4.669858119666517,1.0,0.0,0.0,1.0,0.0,1.0
22,35,8.240996626591919,6.057658545890896,0.0,0.0,1.0,1.0,0.0,1.0
23,35,5.2667843090605,1.366675554429878,0.0,1.0,1.0,0.0,0.0,0.0
24,35,4.628923702804197,0.0,1.0,1.0,0.0,0.0,0.0,1.0
25,35,11.760151090584818,0.9650971331698668,1.0,0.0,0.0,1.0,1.0,1.0
26,35,11.128711030485077,10.61659082206316,1.0,1.0,0.0,0.0,0.0,0.0
27,35,4.313997725942981,3.885941406447885,0.0,0.0,1.0,0.0,0.0,0.0
28,35,5.185173435516699,3.251550819548126,0.0,0.0,0.0,0.0,1.0,1.0
29,35,7.487556739031396,3.802263342578451,0.0,1.0,1.0,0.0,1.0,1.0
30,35,2.7283027776955397,6.910314135327509,1.0,0.0,0.0,0.0,0.0,1.0
31,35,9.279414082397627,8.930038550932347,1.0,0.0,1.0,1.0,0.0,1.0
32,35,3.642090842297386,1.3950399330590235,0.0,0.0,1.0,0.0,1.0,1.0
33,35,0.6078633493037637,0.6065961647086745,0.0,1.0,0.0,0.0,1.0,1.0
34,35,1.0454114453184509,5.844586123832331,0.0,0.0,0.0,0.0,0.0,1.0
35,35,0.2414353631965115,5.596925519746717,1.0,0.0,1.0,0.0,0.0,0.0
36,35,0.1970756376852322,10.28505538536923,0.0,1.0,0.0,0.0,0.0,0.0
37,35,0.0934390354914558,9.9467857998389,0.0,1.0,0.0,0.0,0.0,1.0
38,35,4.483335919618616,3.74039843698868,1.0,0.0,1.0,1.0,0.0,0.0
39,35,10.77840115234578,4.156748460268484,0.0,1.0,0.0,0.0,0.0,0.0
0,40,0.0,4.148695358651308,0.0,0.0,0.0,0.0,1.0,0.0
1,40,5.582305052250569,11.296387747502688,0.0,1.0,1.0,0.0,0.0,0.0
2,40,11.94190774118605,3.925206380766296,0.0,0.0,0.0,0.0,1.0,0.0
3,40,7.611480250815831,11.753931602613497,0.0,0.0,1.0,1.0,1.0,0.0
4,40,11.052261746407074,6.64080710080054,0.0,1.0,1.0,0.0,1.0,1.0
5,40,7.854123990457991,2.438648134529529,0.0,0.0,0.0,0.0,0.0,0.0
6,40,5.071176613091312,7.791395672148483,1.0,0.0,0.0,1.0,0.0,0.0
7,40,3.964985363170018,0.8936259638520142,0.0,1.0,1.0,0.0,1.0,1.0
8,40,5.35515717701576,1.2717804461533198,1.0,0.0,0.0,0.0,1.0,1.0
9,40,3.8543408244245487,11.976545740433371,1.0,0.0,0.0,0.0,0.0,1.0
10,40,9.850781110383911,4.737782052234375,0.0,0.0,0.0,0.0,1.0,1.0
11,40,6.682578347011478,8.88574537665542,0.0,1.0,1.0,0.0,0.0,0.0
12,40,10.851730607043793,9.808309986818712,1.0,1.0,0.0,0.0,0.0,0.0
13,40,4.798064429138756,3.004634665082389,0.0,1.0,1.0,1.0,0.0,1.0
14,40,12.0,5.954233521725686,1.0,0.0,1.0,0.0,1.0,0.0
15,40,12.0,8.32736258279255,1.0,1.0,1.0,1.0,0.0,1.0
16,40,10.921418834522836,7.1094874221108375,1.0,1.0,0.0,0.0,1.0,1.0
17,40,12.0,11.074920040781953,0.0,0.0,0.0,0.0,0.0,0.0
18,40,10.380519773785757,12.0,0.0,1.0,0.0,1.0,0.0,1.0
19,40,7.156993661650823,8.15903225721055,1.0,0.0,0.0,0.0,1.0,1.0
20,40,4.274332187214756,1.002747879364676,0.0,1.0,0.0,1.0,0.0,1.0
21,40,4.473237259018504,4.647296732027604,1.0,0.0,0.0,1.0,0.0,1.0
22,40,8.26965524984169,6.0649017756511485,0.0,0.0,1.0,1.0,0.0,1.0
23,40,5.28559145271296,1.325655591809155,0.0,1.0,1.0,0.0,0.0,0.0
24,40,4.5474303435791406,0.0,1.0,1.0,0.0,0.0,0.0,1.0
25,40,11.743795895309388,0.9661830760887664,1.0,0.0,0.0,1.0,1.0,1.0
26,40,11.153482821613888,10.54019902653838,1.0,1.0,0.0,0.0,0.0,0.0
27,40,4.353032270771988,3.871867823330301,0.0,0.0,1.0,0.0,0.0,0.0
28,40,5.204785765585955,3.279047678824643,0.0,0.0,0.0,0.0,1.0,1.0
29,40,7.4549268912505156,3.7296485210461,0.0,1.0,1.0,0.0,1.0,1.0
30,40,2.7038403146883176,6.901630890588528,1.0,0.0,0.0,0.0,0.0,1.0
31,40,9.32361266496032,8.918083087238323,1.0,0.0,1.0,1.0,0.0,1.0
32,40,3.573220813108524,1.4713882599178123,0.0,0.0,1.0,0.0,1.0,1.0
33,40,0.5431514233297592,0.5451627882373608,0.0,1.0,0.0,0.0,1.0,1.0
34,40,1.0429266636779138,5.852048481376373,0.0,0.0,0.0,0.0,0.0,1.0
35,40,0.3248031769673971,5.553896544076424,1.0,0.0,1.0,0.0,0.0,0.0
36,40,0.2228475374503501,10.20215389255223,0.0,1.0,0.0,0.0,0.0,0.0
37,40,0.1047789183189774,10.07644827436711,0.0,1.0,0.0,0.0,0.0,1.0
38,40,4.377143546297425,3.6870621425161736,1.0,0.0,1.0,1.0,0.0,0.0
39,40,10.736328803986511,4.188409581469197,0.0,1.0,0.0,0.0,0.0,0.0
0,45,0.0,4.172816229918013,0.0,0.0,0.0,0.0,1.0,0.0
1,45,5.573666336269112,11.302808096085334,0.0,1.0,1.0,0.0,0.0,0.0
2,45,11.921279585129582,3.945665781973106,0.0,0.0,0.0,0.0,1.0,0.0
3,45,7.596834241683726,11.744114493413347,0.0,0.0,1.0,1.0,1.0,0.0
4,45,11.06148433449545,6.551112554195801,0.0,1.0,1.0,0.0,1.0,1.0
5,45,7.858851835631377,2.427023338925604,0.0,0.0,0.0,0.0,0.0,0.0
6,45,5.071423517536144,7.790484667606547,1.0,0.0,0.0,1.0,0.0,0.0
7,45,3.976940366994238,0.8886989541962341,0.0,1.0,1.0,0.0,1.0,1.0
8,45,5.3529272044852885,1.2701517320565752,1.0,0.0,0.0,0.0,1.0,1.0
9,45,3.804050852512444,11.95635437572913,1.0,0.0,0.0,0.0,0.0,1.0
10,45,9.84041918399836,4.719579769880301,0.0,0.0,0.0,0.0,1.0,1.0
11,45,6.656722991515053,8.877992922633483,0.0,1.0,1.0,0.0,0.0,0.0
12,45,10.820566473074717,9.769245328056687,1.0,1.0,0.0,0.0,0.0,0.0
13,45,4.89458545069693,3.0093890193979806,0.0,1.0,1.0,1.0,0.0,1.0
14,45,12.0,5.949054530049621,1.0,0.0,1.0,0.0,1.0,0.0
15,45,12.0,8.361823932638329,1.0,1.0,1.0,1.0,0.0,1.0
16,45,10.922099136704231,7.121002482900066,1.0,1.0,0.0,0.0,1.0,1.0
17,45,12.0,11.078640487073862,0.0,0.0,0.0,0.0,0.0,0.0
18,45,10.361921074638683,12.0,0.0,1.0,0.0,1.0,0.0,1.0
19,45,7.165333417294498,8.168614889929934,1.0,0.0,0.0,0.0,1.0,1.0
20,45,4.274474616198384,1.0027445529090029,0.0,1.0,0.0,1.0,0.0,1.0
21,45,4.503325926489419,4.624302265866321,1.0,0.0,0.0,1.0,0.0,1.0
22,45,8.318780815369847,6.076313929333145,0.0,0.0,1.0,1.0,0.0,1.0
23,45,5.301431001861502,1.291391209549058,0.0,1.0,1.0,0.0,0.0,0.0
24,45,4.490330268096336,0.0,1.0,1.0,0.0,0.0,0.0,1.0
25,45,11.722981266884618,0.9672687378564992,1.0,0.0,0.0,1.0,1.0,1.0
26,45,11.1788496024817,10.4694215851566,1.0,1.0,0.0,0.0,0.0,0.0
27,45,4.389457315853372,3.859022176917484,0.0,0.0,1.0,0.0,0.0,0.0
28,45,5.225580004768001,3.309481261811488,0.0,0.0,0.0,0.0,1.0,1.0
29,45,7.429692150837856,3.675491429422122,0.0,1.0,1.0,0.0,1.0,1.0
30,45,2.696827533278734,6.899279944904238,1.0,0.0,0.0,0.0,0.0,1.0
31,45,9.36549166462372,8.906998230389128,1.0,0.0,1.0,1.0,0.0,1.0
32,45,3.4949152722138943,1.563168006918165,0.0,0.0,1.0,0.0,1.0,1.0
33,45,0.4706824931032105,0.4802348177427779,0.0,1.0,0.0,0.0,1.0,1.0
34,45,1.0378728816189149,5.866791623170213,0.0,0.0,0.0,0.0,0.0,1.0
35,45,0.4024966605884374,5.512772255003342,1.0,0.0,1.0,0.0,0.0,0.0
36,45,0.249647372131319,10.107263469622332,0.0,1.0,0.0,0.0,0.0,0.0
37,45,0.1191568382243108,10.20588089015398,0.0,1.0,0.0,0.0,0.0,1.0
38,45,4.281079028094855,3.637597734584532,1.0,0.0,1.0,1.0,0.0,0.0
39,45,10.69492238001455,4.222705063346882,0.0,1.0,0.0,0.0,0.0,0.0
0,50,0.0,4.202899505774914,0.0,0.0,0.0,0.0,1.0,0.0
1,50,5.560140542065232,11.313305925569418,0.0,1.0,1.0,0.0,0.0,0.0
2,50,11.893806412187296,3.971172095334998,0.0,0.0,0.0,0.0,1.0,0.0
3,50,7.599365111876865,11.745748566982282,0.0,0.0,1.0,1.0,1.0,0.0
4,50,11.070829439363392,6.443037518182719,0.0,1.0,1.0,0.0,1.0,1.0
5,50,7.855512643955979,2.4358133036780547,0.0,0.0,0.0,0.0,0.0,0.0
6,50,5.066338308252861,7.810825570624004,1.0,0.0,0.0,1.0,0.0,0.0
7,50,3.96493860980999,0.8938256704412001,0.0,1.0,1.0,0.0,1.0,1.0
8,50,5.35987521037723,1.2751561657112984,1.0,0.0,0.0,0.0,1.0,1.0
9,50,3.740502836821383,11.932328039121066,1.0,0.0,0.0,0.0,0.0,1.0
10,50,9.83405748283269,4.708561630720455,0.0,0.0,0.0,0.0,1.0,1.0
11,50,6.622561153442006,8.867669546421377,0.0,1.0,1.0,0.0,0.0,0.0
12,50,10.768473105556106,9.70761951120139,1.0,1.0,0.0,0.0,0.0,0.0
13,50,4.984377282834088,3.015638176208527,0.0,1.0,1.0,1.0,0.0,1.0
14,50,12.0,5.939815007065174,1.0,0.0,1.0,0.0,1.0,0.0
15,50,12.0,8.384870028178703,1.0,1.0,1.0,1.0,0.0,1.0
16,50,10.922010678132407,7.119032203496635,1.0,1.0,0.0,0.0,1.0,1.0
17,50,12.0,11.060027320861908,0.0,0.0,0.0,0.0,0.0,0.0
18,50,10.350313448211136,12.0,0.0,1.0,0.0,1.0,0.0,1.0
19,50,7.173170788934945,8.177954148807544,1.0,0.0,0.0,0.0,1.0,1.0
20,50,4.269340031257514,1.0028958694577104,0.0,1.0,0.0,1.0,0.0,1.0
21,50,4.51516364353607,4.614851135349447,1.0,0.0,0.0,1.0,0.0,1.0
22,50,8.355547737011289,6.085109267162549,0.0,0.0,1.0,1.0,0.0,1.0
23,50,5.317925980614134,1.2579496636650325,0.0,1.0,1.0,0.0,0.0,0.0
24,50,4.435703799518666,0.0,1.0,1.0,0.0,0.0,0.0,1.0
25,50,11.69135023967909,0.9684828538814828,1.0,0.0,0.0,1.0,1.0,1.0
26,50,11.202328603937422,10.401506978750533,1.0,1.0,0.0,0.0,0.0,0.0
27,50,4.418969161992583,3.847690760989405,0.0,0.0,1.0,0.0,0.0,0.0
28,50,5.250064567274906,3.348312085209572,0.0,0.0,0.0,0.0,1.0,1.0
29,50,7.407146352200402,3.6301813201332176,0.0,1.0,1.0,0.0,1.0,1.0
30,50,2.700628506359404,6.900576360804366,1.0,0.0,0.0,0.0,0.0,1.0
31,50,9.4036181490916,8.897138566358084,1.0,0.0,1.0,1.0,0.0,1.0
32,50,3.403849908845188,1.6687484309911589,0.0,0.0,1.0,0.0,1.0,1.0
33,50,0.389875495118721,0.4092241727273459,0.0,1.0,0.0,0.0,1.0,1.0
34,50,1.0309765811213631,5.88513773187895,0.0,0.0,0.0,0.0,0.0,1.0
35,50,0.4814873067922188,5.472193069977798,1.0,0.0,1.0,0.0,0.0,0.0
36,50,0.2745004481355983,10.015354234726864,0.0,1.0,0.0,0.0,0.0,0.0
37,50,0.1268110965293331,10.303167130980372,0.0,1.0,0.0,0.0,0.0,1.0
38,50,4.180769146031454,3.5843389217801027,1.0,0.0,1.0,1.0,0.0,0.0
39,50,10.64311960529342,4.263780161613608,0.0,1.0,0.0,0.0,0.0,0.0
0,55,0.0,4.231637241066246,0.0,0.0,0.0,0.0,1.0,0.0
1,55,5.564989287615197,11.30939165540899,0.0,1.0,1.0,0.0,0.0,0.0
2,55,11.873996214417122,3.9895029349540567,0.0,0.0,0.0,0.0,1.0,0.0
3,55,7.644358419767007,11.774738238502726,0.0,0.0,1.0,1.0,1.0,0.0
4,55,11.07704859215773,6.348472378526992,0.0,1.0,1.0,0.0,1.0,1.0
5,55,7.858265287022934,2.428900208443567,0.0,0.0,0.0,0.0,0.0,0.0
6,55,5.062871206008401,7.825220521242394,1.0,0.0,0.0,1.0,0.0,0.0
7,55,3.969262463241252,0.8920143765198798,0.0,1.0,1.0,0.0,1.0,1.0
8,55,5.347077444572351,1.2660271749996077,1.0,0.0,0.0,0.0,1.0,1.0
9,55,3.651683697115235,11.901924362738038,1.0,0.0,0.0,0.0,0.0,1.0
10,55,9.829254176020166,4.699331993012062,0.0,0.0,0.0,0.0,1.0,1.0
11,55,6.607119689492774,8.863161846582344,0.0,1.0,1.0,0.0,0.0,0.0
12,55,10.834278431827734,9.65401994387595,1.0,1.0,0.0,0.0,0.0,0.0
13,55,5.08293790672961,3.0209917838744773,0.0,1.0,1.0,1.0,0.0,1.0
14,55,12.0,5.931391616079527,1.0,0.0,1.0,0.0,1.0,0.0
15,55,12.0,8.408109469859939,1.0,1.0,1.0,1.0,0.0,1.0
16,55,10.921004117170892,7.105912083712462,1.0,1.0,0.0,0.0,1.0,1.0
17,55,12.0,11.04309376496125,0.0,0.0,0.0,0.0,0.0,0.0
18,55,10.333184671530574,12.0,0.0,1.0,0.0,1.0,0.0,1.0
19,55,7.195197192160364,8.203412661226176,1.0,0.0,0.0,0.0,1.0,1.0
20,55,4.262793931683786,1.0029713760010877,0.0,1.0,0.0,1.0,0.0,1.0
21,55,4.510141653503451,4.61884374773651,1.0,0.0,0.0,1.0,0.0,1.0
22,55,8.388937156882657,6.093193151275506,0.0,0.0,1.0,1.0,0.0,1.0
23,55,5.34172920448146,1.2098690609022218,0.0,1.0,1.0,0.0,0.0,0.0
24,55,4.371136583783961,0.0,1.0,1.0,0.0,0.0,0.0,1.0
25,55,11.660973392406552,0.9707892128546142,1.0,0.0,0.0,1.0,1.0,1.0
26,55,11.223493447996017,10.341092735344043,1.0,1.0,0.0,0.0,0.0,0.0
27,55,4.458071562750423,3.8317014594045817,0.0,0.0,1.0,0.0,0.0,0.0
28,55,5.272543549286334,3.382917148265101,0.0,0.0,0.0,0.0,1.0,1.0
29,55,7.387179918043291,3.5890492547298702,0.0,1.0,1.0,0.0,1.0,1.0
30,55,2.70778105412782,6.90291373806213,1.0,0.0,0.0,0.0,0.0,1.0
31,55,9.452986856803584,8.884289539221047,1.0,0.0,1.0,1.0,0.0,1.0
32,55,3.3094534467654606,1.777135773806568,0.0,0.0,1.0,0.0,1.0,1.0
33,55,0.3117319879666865,0.3403724133441314,0.0,1.0,0.0,0.0,1.0,1.0
34,55,1.0260711193955578,5.898751772872117,0.0,0.0,0.0,0.0,0.0,1.0
35,55,0.5616046430502433,5.430264984504592,1.0,0.0,1.0,0.0,0.0,0.0
36,55,0.301143424343841,9.917967127798688,0.0,1.0,0.0,0.0,0.0,0.0
37,55,0.1356359140123067,10.416493295879324,0.0,1.0,0.0,0.0,0.0,1.0
38,55,4.087530868334051,3.534769784231024,1.0,0.0,1.0,1.0,0.0,0.0
39,55,10.592533441991622,4.303346298822955,0.0,1.0,0.0,0.0,0.0,0.0
0,60,0.0,4.248636748016778,0.0,0.0,0.0,0.0,1.0,0.0
1,60,5.5675481341868105,11.30721006596806,0.0,1.0,1.0,0.0,0.0,0.0
2,60,11.85827085118415,4.003096295842892,0.0,0.0,0.0,0.0,1.0,0.0
3,60,7.695746552020737,11.806682845446852,0.0,0.0,1.0,1.0,1.0,0.0
4,60,11.08294035257508,6.28362760738136,0.0,1.0,1.0,0.0,1.0,1.0
5,60,7.858625500672561,2.427989331494526,0.0,0.0,0.0,0.0,0.0,0.0
6,60,5.061588875665485,7.831104607569245,1.0,0.0,0.0,1.0,0.0,0.0
7,60,3.9863214544804704,0.8853061059383341,0.0,1.0,1.0,0.0,1.0,1.0
8,60,5.341124080680826,1.2615147850557618,1.0,0.0,0.0,0.0,1.0,1.0
9,60,3.5895541865674336,11.8807656828628,1.0,0.0,0.0,0.0,0.0,1.0
10,60,9.83444759992776,4.709370760102454,0.0,0.0,0.0,0.0,1.0,1.0
11,60,6.592798178108094,8.858718407604718,0.0,1.0,1.0,0.0,0.0,0.0
12,60,10.91593728799403,9.588713971151297,1.0,1.0,0.0,0.0,0.0,0.0
13,60,5.184062186637689,3.029439786971648,0.0,1.0,1.0,1.0,0.0,1.0
14,60,12.0,5.921302174159688,1.0,0.0,1.0,0.0,1.0,0.0
15,60,12.0,8.431801217258688,1.0,1.0,1.0,1.0,0.0,1.0
16,60,10.9196042544614,7.083100281742751,1.0,1.0,0.0,0.0,1.0,1.0
17,60,12.0,11.03765527179266,0.0,0.0,0.0,0.0,0.0,0.0
18,60,10.316228578391428,12.0,0.0,1.0,0.0,1.0,0.0,1.0
19,60,7.214882907576514,8.225707395460427,1.0,0.0,0.0,0.0,1.0,1.0
20,60,4.243053588228788,1.0024981658584526,0.0,1.0,0.0,1.0,0.0,1.0
21,60,4.49809361549821,4.6289976524573415,1.0,0.0,0.0,1.0,0.0,1.0
22,60,8.401754974978617,6.096231423734577,0.0,0.0,1.0,1.0,0.0,1.0
23,60,5.367988633466377,1.154566154854882,0.0,1.0,1.0,0.0,0.0,0.0
24,60,4.281178008679421,0.0,1.0,1.0,0.0,0.0,0.0,1.0
25,60,11.6228422651442,0.9735090991812824,1.0,0.0,0.0,1.0,1.0,1.0
26,60,11.242723127062344,10.284139307340364,1.0,1.0,0.0,0.0,0.0,0.0
27,60,4.492335278764696,3.818154259633392,0.0,0.0,1.0,0.0,0.0,0.0
28,60,5.299289196457169,3.424015910416996,0.0,0.0,0.0,0.0,1.0,1.0
29,60,7.367187939138711,3.5460446737305507,0.0,1.0,1.0,0.0,1.0,1.0
30,60,2.7435704510313683,6.914000930558182,1.0,0.0,0.0,0.0,0.0,1.0
31,60,9.505282771739186,8.871127493169414,1.0,0.0,1.0,1.0,0.0,1.0
32,60,3.2211839259218884,1.875493163104224,0.0,0.0,1.0,0.0,1.0,1.0
33,60,0.2395382800124686,0.2799283149965896,0.0,1.0,0.0,0.0,1.0,1.0
34,60,1.0289392870219791,5.89073113834376,0.0,0.0,0.0,0.0,0.0,1.0
35,60,0.6319211118784535,5.393558217370133,1.0,0.0,1.0,0.0,0.0,0.0
36,60,0.3192032651359962,9.845486937375457,0.0,1.0,0.0,0.0,0.0,0.0
37,60,0.1431151329348535,10.56307455398817,0.0,1.0,0.0,0.0,0.0,1.0
38,60,4.002223604962116,3.4900212676238014,1.0,0.0,1.0,1.0,0.0,0.0
39,60,10.556423919335622,4.33091046604791,0.0,1.0,0.0,0.0,0.0,0.0
0,65,0.0,4.268020176419655,0.0,0.0,0.0,0.0,1.0,0.0
1,65,5.567649151972554,11.307126902569893,0.0,1.0,1.0,0.0,0.0,0.0
2,65,11.833873359350116,4.023590458184252,0.0,0.0,0.0,0.0,1.0,0.0
3,65,7.726314181268057,11.8267197568164,0.0,0.0,1.0,1.0,1.0,0.0
4,65,11.08986711562542,6.211208543916672,0.0,1.0,1.0,0.0,1.0,1.0
5,65,7.854068886045152,2.439213962436836,0.0,0.0,0.0,0.0,0.0,0.0
6,65,5.055615924163275,7.858963793054377,1.0,0.0,0.0,1.0,0.0,0.0
7,65,3.98828015047557,0.8845378317807584,0.0,1.0,1.0,0.0,1.0,1.0
8,65,5.322077688845835,1.2466540514193518,1.0,0.0,0.0,0.0,1.0,1.0
9,65,3.516374204719832,11.857197337170971,1.0,0.0,0.0,0.0,0.0,1.0
10,65,9.836469921099868,4.713384976618981,0.0,0.0,0.0,0.0,1.0,1.0
11,65,6.56604309798855,8.850211538388983,0.0,1.0,1.0,0.0,0.0,0.0
12,65,10.985398210887254,9.53217263862568,1.0,1.0,0.0,0.0,0.0,0.0
13,65,5.28576229314671,3.036688411223385,0.0,1.0,1.0,1.0,0.0,1.0
14,65,12.0,5.911915925187666,1.0,0.0,1.0,0.0,1.0,0.0
15,65,12.0,8.449648106139069,1.0,1.0,1.0,1.0,0.0,1.0
16,65,10.91799595845569,7.064590277720707,1.0,1.0,0.0,0.0,1.0,1.0
17,65,12.0,11.033831392775465,0.0,0.0,0.0,0.0,0.0,0.0
18,65,10.297706378220669,12.0,0.0,1.0,0.0,1.0,0.0,1.0
19,65,7.242833806654997,8.257374358224215,1.0,0.0,0.0,0.0,1.0,1.0
20,65,4.216729044756969,1.001758437355464,0.0,1.0,0.0,1.0,0.0,1.0
21,65,4.496349490160877,4.630476488360232,1.0,0.0,0.0,1.0,0.0,1.0
22,65,8.409914782266782,6.098217684654454,0.0,0.0,1.0,1.0,0.0,1.0
23,65,5.397203848088905,1.0915805699672902,0.0,1.0,1.0,0.0,0.0,0.0
24,65,4.195714986351868,0.0,1.0,1.0,0.0,0.0,0.0,1.0
25,65,11.587719848243376,0.9752778764233232,1.0,0.0,0.0,1.0,1.0,1.0
26,65,11.266614997461266,10.221536308641175,1.0,1.0,0.0,0.0,0.0,0.0
27,65,4.541068875102106,3.7979378909411032,0.0,0.0,1.0,0.0,0.0,0.0
28,65,5.33042356788993,3.4718447675835096,0.0,0.0,0.0,0.0,1.0,1.0
29,65,7.353666287784535,3.512330062277585,0.0,1.0,1.0,0.0,1.0,1.0
30,65,2.7865322808020405,6.928175922453373,1.0,0.0,0.0,0.0,0.0,1.0
31,65,9.538378389576712,8.863240269945685,1.0,0.0,1.0,1.0,0.0,1.0
32,65,3.1196095703446978,1.9883983556914275,0.0,0.0,1.0,0.0,1.0,1.0
33,65,0.1819253203138019,0.2335247401191713,0.0,1.0,0.0,0.0,1.0,1.0
34,65,1.0321300832203737,5.881882242203337,0.0,0.0,0.0,0.0,0.0,1.0
35,65,0.695635542323947,5.360276356507588,1.0,0.0,1.0,0.0,0.0,0.0
36,65,0.3358940474685858,9.776490295221752,0.0,1.0,0.0,0.0,0.0,0.0
37,65,0.1470331416799604,10.7070232902204,0.0,1.0,0.0,0.0,0.0,1.0
38,65,3.896867377064056,3.434480439681851,1.0,0.0,1.0,1.0,0.0,0.0
39,65,10.515255208472622,4.363370842387345,0.0,1.0,0.0,0.0,0.0,0.0
0,70,0.0,4.286926103576071,0.0,0.0,0.0,0.0,1.0,0.0
1,70,5.587484315793523,11.29052587242474,0.0,1.0,1.0,0.0,0.0,0.0
2,70,11.810301933119309,4.044005170456975,0.0,0.0,0.0,0.0,1.0,0.0
3,70,7.769407244654632,11.855181864379782,0.0,0.0,1.0,1.0,1.0,0.0
4,70,11.095238160277784,6.148562030181398,0.0,1.0,1.0,0.0,1.0,1.0
5,70,7.849292186995573,2.4505813553271136,0.0,0.0,0.0,0.0,0.0,0.0
6,70,5.043971526812673,7.909746382563093,1.0,0.0,0.0,1.0,0.0,0.0
7,70,4.001387088457021,0.8795530364238674,0.0,1.0,1.0,0.0,1.0,1.0
8,70,5.303877049393091,1.2322847182695709,1.0,0.0,0.0,0.0,1.0,1.0
9,70,3.428557287931276,11.828234098458816,1.0,0.0,0.0,0.0,0.0,1.0
10,70,9.843297022990914,4.710142186518511,0.0,0.0,0.0,0.0,1.0,1.0
11,70,6.517417832062269,8.83675382997086,0.0,1.0,1.0,0.0,0.0,0.0
12,70,11.059905647283635,9.470193475389523,1.0,1.0,0.0,0.0,0.0,0.0
13,70,5.3965442039187055,3.0461852723574,0.0,1.0,1.0,1.0,0.0,1.0
14,70,12.0,5.902840918928386,1.0,0.0,1.0,0.0,1.0,0.0
15,70,12.0,8.46443318066308,1.0,1.0,1.0,1.0,0.0,1.0
16,70,10.915777501762582,7.041749098014189,1.0,1.0,0.0,0.0,1.0,1.0
17,70,12.0,11.000310397983627,0.0,0.0,0.0,0.0,0.0,0.0
18,70,10.279062539813228,12.0,0.0,1.0,0.0,1.0,0.0,1.0
19,70,7.274454914331986,8.293500195152522,1.0,0.0,0.0,0.0,1.0,1.0
20,70,4.174056363799155,1.001510431773847,0.0,1.0,0.0,1.0,0.0,1.0
21,70,4.513769511152653,4.615108959527729,1.0,0.0,0.0,1.0,0.0,1.0
22,70,8.416371355447437,6.100012397373219,0.0,0.0,1.0,1.0,0.0,1.0
23,70,5.418006469552634,1.0497810719814562,0.0,1.0,1.0,0.0,0.0,0.0
24,70,4.108005089416549,0.0,1.0,1.0,0.0,0.0,0.0,1.0
25,70,11.556291822115757,0.9769047371046062,1.0,0.0,0.0,1.0,1.0,1.0
26,70,11.288363097800373,10.16329090171898,1.0,1.0,0.0,0.0,0.0,0.0
27,70,4.608671059482054,3.7721322276350673,0.0,0.0,1.0,0.0,0.0,0.0
28,70,5.354986697581073,3.5097552259133886,0.0,0.0,0.0,0.0,1.0,1.0
29,70,7.342555705837663,3.484672604402621,0.0,1.0,1.0,0.0,1.0,1.0
30,70,2.835732299309048,6.943835235675665,1.0,0.0,0.0,0.0,0.0,1.0
31,70,9.562607537740757,8.85677301178373,1.0,0.0,1.0,1.0,0.0,1.0
32,70,3.0139828277218896,2.1057388741444507,0.0,0.0,1.0,0.0,1.0,1.0
33,70,0.1202982920006155,0.1818667370992762,0.0,1.0,0.0,0.0,1.0,1.0
34,70,1.0410718125383862,5.856535829158601,0.0,0.0,0.0,0.0,0.0,1.0
35,70,0.7631147063730036,5.325355539115943,1.0,0.0,1.0,0.0,0.0,0.0
36,70,0.3529615903379944,9.70947490885084,0.0,1.0,0.0,0.0,0.0,0.0
37,70,0.1464103370895868,10.847503674319746,0.0,1.0,0.0,0.0,0.0,1.0
38,70,3.7915809041586392,3.380138491076953,1.0,0.0,1.0,1.0,0.0,0.0
39,70,10.472561865107378,4.394748481744363,0.0,1.0,0.0,0.0,0.0,0.0
0,75,0.0,4.312190397169951,0.0,0.0,0.0,0.0,1.0,0.0
1,75,5.6070401550048405,11.274290120614408,0.0,1.0,1.0,0.0,0.0,0.0
2,75,11.780573524352414,4.069852411766866,0.0,0.0,0.0,0.0,1.0,0.0
3,75,7.815269585843011,11.885596674325496,0.0,0.0,1.0,1.0,1.0,0.0
4,75,11.099345498049274,6.105853313448485,0.0,1.0,1.0,0.0,1.0,1.0
5,75,7.846370191101505,2.457883833385877,0.0,0.0,0.0,0.0,0.0,0.0
6,75,5.035013408129103,7.949274389393054,1.0,0.0,0.0,1.0,0.0,0.0
7,75,4.018488346885861,0.8728203379632942,0.0,1.0,1.0,0.0,1.0,1.0
8,75,5.266267603724829,1.202501274125717,1.0,0.0,0.0,0.0,1.0,1.0
9,75,3.3380924835250627,11.799734368707124,1.0,0.0,0.0,0.0,0.0,1.0
10,75,9.85317940821836,4.705203232340605,0.0,0.0,0.0,0.0,1.0,1.0
11,75,6.481082311277784,8.825916625071857,0.0,1.0,1.0,0.0,0.0,0.0
12,75,11.132411332063686,9.408726053947582,1.0,1.0,0.0,0.0,0.0,0.0
13,75,5.526163310958404,3.056017371181185,0.0,1.0,1.0,1.0,0.0,1.0
14,75,12.0,5.892675701683358,1.0,0.0,1.0,0.0,1.0,0.0
15,75,12.0,8.501833439236721,1.0,1.0,1.0,1.0,0.0,1.0
16,75,10.913933505435962,7.015959846368819,1.0,1.0,0.0,0.0,1.0,1.0
17,75,12.0,10.973303235823696,0.0,0.0,0.0,0.0,0.0,0.0
18,75,10.255632570194756,12.0,0.0,1.0,0.0,1.0,0.0,1.0
19,75,7.303996890640345,8.325883644744875,1.0,0.0,0.0,0.0,1.0,1.0
20,75,4.12327434526174,1.0013514955916558,0.0,1.0,0.0,1.0,0.0,1.0
21,75,4.522176432057843,4.607862122260423,1.0,0.0,0.0,1.0,0.0,1.0
22,75,8.419405156344025,6.100826203685478,0.0,0.0,1.0,1.0,0.0,1.0
23,75,5.443660058610183,1.000142154922269,0.0,1.0,1.0,0.0,0.0,0.0
24,75,4.031841879051478,0.0,1.0,1.0,0.0,0.0,0.0,1.0
25,75,11.528135775876754,0.9775560900361054,1.0,0.0,0.0,1.0,1.0,1.0
26,75,11.311145575977989,10.097488770864436,1.0,1.0,0.0,0.0,0.0,0.0
27,75,4.665068996566669,3.74950860767241,0.0,0.0,1.0,0.0,0.0,0.0
28,75,5.384229825016944,3.556763942534266,0.0,0.0,0.0,0.0,1.0,1.0
29,75,7.332034422479694,3.461074768899472,0.0,1.0,1.0,0.0,1.0,1.0
30,75,2.884639059274696,6.959100100052956,1.0,0.0,0.0,0.0,0.0,1.0
31,75,9.579723581707514,8.852152656570773,1.0,0.0,1.0,1.0,0.0,1.0
32,75,2.9073187598960333,2.221433836403924,0.0,0.0,1.0,0.0,1.0,1.0
33,75,0.0625188516273962,0.1329469870686448,0.0,1.0,0.0,0.0,1.0,1.0
34,75,1.0503153555906155,5.829758112432517,0.0,0.0,0.0,0.0,0.0,1.0
35,75,0.8433559958020219,5.281969320664845,1.0,0.0,1.0,0.0,0.0,0.0
36,75,0.3743199313928436,9.635190230443694,0.0,1.0,0.0,0.0,0.0,0.0
37,75,0.1436309721365967,11.012891127004377,0.0,1.0,0.0,0.0,0.0,1.0
38,75,3.690807977590035,3.325320904145165,1.0,0.0,1.0,1.0,0.0,0.0
39,75,10.426685377490465,4.43047980789405,0.0,1.0,0.0,0.0,0.0,0.0
0,80,0.0,4.342133023726042,0.0,0.0,0.0,0.0,1.0,0.0
1,80,5.646347370385225,11.241683710653488,0.0,1.0,1.0,0.0,0.0,0.0
2,80,11.753270303938002,4.092777769197194,0.0,0.0,0.0,0.0,1.0,0.0
3,80,7.865239502421033,11.919527018239911,0.0,0.0,1.0,1.0,1.0,0.0
4,80,11.106724375979258,6.045280189990147,0.0,1.0,1.0,0.0,1.0,1.0
5,80,7.842528981106209,2.4667940540148883,0.0,0.0,0.0,0.0,0.0,0.0
6,80,5.024000392074211,7.998909376704282,1.0,0.0,0.0,1.0,0.0,0.0
7,80,4.059144428548393,0.856287307878375,0.0,1.0,1.0,0.0,1.0,1.0
8,80,5.224409847170142,1.1697371116907889,1.0,0.0,0.0,0.0,1.0,1.0
9,80,3.237597459255463,11.766826635521108,1.0,0.0,0.0,0.0,0.0,1.0
10,80,9.855685126664165,4.703971801556271,0.0,0.0,0.0,0.0,1.0,1.0
11,80,6.427827987918082,8.810574145335043,0.0,1.0,1.0,0.0,0.0,0.0
12,80,11.195208995533156,9.358094423743992,1.0,1.0,0.0,0.0,0.0,0.0
13,80,5.645127793191706,3.0623273543463667,0.0,1.0,1.0,1.0,0.0,1.0
14,80,12.0,5.877836948639089,1.0,0.0,1.0,0.0,1.0,0.0
15,80,12.0,8.535760238205798,1.0,1.0,1.0,1.0,0.0,1.0
16,80,10.909903134692348,6.9724003648315005,1.0,1.0,0.0,0.0,1.0,1.0
17,80,12.0,10.954862501915,0.0,0.0,0.0,0.0,0.0,0.0
18,80,10.22955266259897,12.0,0.0,1.0,0.0,1.0,0.0,1.0
19,80,7.340662117930008,8.366037009717779,1.0,0.0,0.0,0.0,1.0,1.0
20,80,4.068477789481601,1.0014534078542097,0.0,1.0,0.0,1.0,0.0,1.0
21,80,4.535188519732924,4.596720684555877,1.0,0.0,0.0,1.0,0.0,1.0
22,80,8.424643186912286,6.1023961216112825,0.0,0.0,1.0,1.0,0.0,1.0
23,80,5.463219238332922,0.9621699879884036,0.0,1.0,1.0,0.0,0.0,0.0
24,80,3.932830969489157,0.0,1.0,1.0,0.0,0.0,0.0,1.0
25,80,11.485792269779708,0.9791115283278604,1.0,0.0,0.0,1.0,1.0,1.0
26,80,11.331522770561728,10.03889200899724,1.0,1.0,0.0,0.0,0.0,0.0
27,80,4.718890731175811,3.728253272623068,0.0,0.0,1.0,0.0,0.0,0.0
28,80,5.4035760880958,3.59038659913122,0.0,0.0,0.0,0.0,1.0,1.0
29,80,7.3136173711669885,3.420497999049084,0.0,1.0,1.0,0.0,1.0,1.0
30,80,2.9382064034968214,6.974763085910718,1.0,0.0,0.0,0.0,0.0,1.0
31,80,9.605968643012174,8.845223969429686,1.0,0.0,1.0,1.0,0.0,1.0
32,80,2.808630591598669,2.331161716212628,0.0,0.0,1.0,0.0,1.0,1.0
33,80,0.0005101381637418,0.0818929143176394,0.0,1.0,0.0,0.0,1.0,1.0
34,80,1.0593058124590555,5.805216418909629,0.0,0.0,0.0,0.0,0.0,1.0
35,80,0.9142961953671302,5.241462756652437,1.0,0.0,1.0,0.0,0.0,0.0
36,80,0.3976218850632315,9.559134312508126,0.0,1.0,0.0,0.0,0.0,0.0
37,80,0.1367488201450724,11.16601398297211,0.0,1.0,0.0,0.0,0.0,1.0
38,80,3.605136375525269,3.2764621069830726,1.0,0.0,1.0,1.0,0.0,0.0
39,80,10.39005700524973,4.459348532865932,0.0,1.0,0.0,0.0,0.0,0.0
0,85,0.0,4.367572206019364,0.0,0.0,0.0,0.0,1.0,0.0
1,85,5.664056879924197,11.226686967477647,0.0,1.0,1.0,0.0,0.0,0.0
2,85,11.717768916318748,4.122365432427472,0.0,0.0,0.0,0.0,1.0,0.0
3,85,7.911379672906576,11.949549451033564,0.0,0.0,1.0,1.0,1.0,0.0
4,85,11.113336486530734,5.987395515065045,0.0,1.0,1.0,0.0,1.0,1.0
5,85,7.842511075346288,2.466836785857751,0.0,0.0,0.0,0.0,0.0,0.0
6,85,5.015665283234479,8.036060158116397,1.0,0.0,0.0,1.0,0.0,0.0
7,85,4.109198829600128,0.836654908463926,0.0,1.0,1.0,0.0,1.0,1.0
8,85,5.1703493617447815,1.126954610721946,1.0,0.0,0.0,0.0,1.0,1.0
9,85,3.206610435599363,11.8528630885581,1.0,0.0,0.0,0.0,0.0,1.0
10,85,9.826922287473836,4.718623706539464,0.0,0.0,0.0,0.0,1.0,1.0
11,85,6.360121555065183,8.791014399969583,0.0,1.0,1.0,0.0,0.0,0.0
12,85,11.26819452081456,9.298927800928224,1.0,1.0,0.0,0.0,0.0,0.0
13,85,5.78302011332074,3.06737007192885,0.0,1.0,1.0,1.0,0.0,1.0
14,85,12.0,5.861959748125457,1.0,0.0,1.0,0.0,1.0,0.0
15,85,12.0,8.56955821801834,1.0,1.0,1.0,1.0,0.0,1.0
16,85,10.906519717309267,6.942595420553504,1.0,1.0,0.0,0.0,1.0,1.0
17,85,12.0,10.896337264503003,0.0,0.0,0.0,0.0,0.0,0.0
18,85,10.201281969860762,12.0,0.0,1.0,0.0,1.0,0.0,1.0
19,85,7.356479981636476,8.38363583354229,1.0,0.0,0.0,0.0,1.0,1.0
20,85,3.991948639696645,1.0014943945642336,0.0,1.0,0.0,1.0,0.0,1.0
21,85,4.533279767612736,4.598302011350669,1.0,0.0,0.0,1.0,0.0,1.0
22,85,8.42591978267627,6.102756861157044,0.0,0.0,1.0,1.0,0.0,1.0
23,85,5.473699953194496,0.939785381386158,0.0,1.0,1.0,0.0,0.0,0.0
24,85,3.834172139400792,0.0,1.0,1.0,0.0,0.0,0.0,1.0
25,85,11.446226741981809,0.9798299582053333,1.0,0.0,0.0,1.0,1.0,1.0
26,85,11.348414420544977,9.986606864886149,1.0,1.0,0.0,0.0,0.0,0.0
27,85,4.7741355932633125,3.706699188194708,0.0,0.0,1.0,0.0,0.0,0.0
28,85,5.415799759894729,3.612255410140096,0.0,0.0,0.0,0.0,1.0,1.0
29,85,7.296811178236052,3.382388485458333,0.0,1.0,1.0,0.0,1.0,1.0
30,85,2.985506834303844,6.988107185930068,1.0,0.0,0.0,0.0,0.0,1.0
31,85,9.626379716074204,8.839370884678477,1.0,0.0,1.0,1.0,0.0,1.0
32,85,2.724123796765993,2.424935539418356,0.0,0.0,1.0,0.0,1.0,1.0
33,85,0.0,0.0292890657238171,0.0,1.0,0.0,0.0,1.0,1.0
34,85,1.0748333727574075,5.760237383470965,0.0,0.0,0.0,0.0,0.0,1.0
35,85,0.9786418131288506,5.203145218616618,1.0,0.0,1.0,0.0,0.0,0.0
36,85,0.4275167177599921,9.472401521183016,0.0,1.0,0.0,0.0,0.0,0.0
37,85,0.1319672882593431,11.344051279533693,0.0,1.0,0.0,0.0,0.0,1.0
38,85,3.502211556833096,3.2172785956830423,1.0,0.0,1.0,1.0,0.0,0.0
39,85,10.361205011236502,4.482002183395183,0.0,1.0,0.0,0.0,0.0,0.0
0,90,0.0,4.390551418546595,0.0,0.0,0.0,0.0,1.0,0.0
1,90,5.6780683823045655,11.214932797792628,0.0,1.0,1.0,0.0,0.0,0.0
2,90,11.706970574818476,4.131710721624628,0.0,0.0,0.0,0.0,1.0,0.0
3,90,7.967726445420395,11.98776255193686,0.0,0.0,1.0,1.0,1.0,0.0
4,90,11.209673568183828,5.999389953139836,0.0,1.0,1.0,0.0,1.0,1.0
5,90,7.840758942702786,2.471246431221761,0.0,0.0,0.0,0.0,0.0,0.0
6,90,5.0079908226097,8.06643488829734,1.0,0.0,0.0,1.0,0.0,0.0
7,90,4.18312880590301,0.8046501418205052,0.0,1.0,1.0,0.0,1.0,1.0
8,90,5.111038679580184,1.0794942463566093,1.0,0.0,0.0,0.0,1.0,1.0
9,90,3.17727385010141,11.938897628720223,1.0,0.0,0.0,0.0,0.0,1.0
10,90,9.785508091004855,4.738932456376576,0.0,0.0,0.0,0.0,1.0,1.0
11,90,6.302700461254466,8.773042033439225,0.0,1.0,1.0,0.0,0.0,0.0
12,90,11.348788546912118,9.235296836344007,1.0,1.0,0.0,0.0,0.0,0.0
13,90,5.899044692609248,3.0711793145203727,0.0,1.0,1.0,1.0,0.0,1.0
14,90,12.0,5.846683494225712,1.0,0.0,1.0,0.0,1.0,0.0
15,90,12.0,8.607167855730685,1.0,1.0,1.0,1.0,0.0,1.0
16,90,10.903969749011443,6.91860259400462,1.0,1.0,0.0,0.0,1.0,1.0
17,90,12.0,10.84585716313467,0.0,0.0,0.0,0.0,0.0,0.0
18,90,10.160974931934373,12.0,0.0,1.0,0.0,1.0,0.0,1.0
19,90,7.368951317388331,8.397866289506727,1.0,0.0,0.0,0.0,1.0,1.0
20,90,3.9100306364154886,1.0004436590449852,0.0,1.0,0.0,1.0,0.0,1.0
21,90,4.541359746099393,4.591378934217588,1.0,0.0,0.0,1.0,0.0,1.0
22,90,8.405523118400998,6.097134525516871,0.0,0.0,1.0,1.0,0.0,1.0
23,90,5.487657564141927,0.90756434219015,0.0,1.0,1.0,0.0,0.0,0.0
24,90,3.732629658295049,0.0,1.0,1.0,0.0,0.0,0.0,1.0
25,90,11.391604432714976,0.9799892246791152,1.0,0.0,0.0,1.0,1.0,1.0
26,90,11.371200509840143,9.92266807463049,1.0,1.0,0.0,0.0,0.0,0.0
27,90,4.809593532742842,3.692764216087561,0.0,0.0,1.0,0.0,0.0,0.0
28,90,5.42795624078319,3.6320531467067294,0.0,0.0,0.0,0.0,1.0,1.0
29,90,7.269079466457244,3.321565116985966,0.0,1.0,1.0,0.0,1.0,1.0
30,90,3.02441955226563,6.999237755550937,1.0,0.0,0.0,0.0,0.0,1.0
31,90,9.639763069980049,8.835813942955763,1.0,0.0,1.0,1.0,0.0,1.0
32,90,2.624044002316281,2.5369780420500723,0.0,0.0,1.0,0.0,1.0,1.0
33,90,0.0,0.0,0.0,1.0,0.0,0.0,1.0,1.0
34,90,1.0850637832097063,5.73006720115081,0.0,0.0,0.0,0.0,0.0,1.0
35,90,1.0512821493201772,5.160656736694017,1.0,0.0,1.0,0.0,0.0,0.0
36,90,0.4496710502726198,9.411296904746832,0.0,1.0,0.0,0.0,0.0,0.0
37,90,0.1244716976929403,11.515422335599858,0.0,1.0,0.0,0.0,0.0,1.0
38,90,3.398605431831814,3.157331215987226,1.0,0.0,1.0,1.0,0.0,0.0
39,90,10.328922406275538,4.505201297827259,0.0,1.0,0.0,0.0,0.0,0.0
0,95,0.0,4.425003704811584,0.0,0.0,0.0,0.0,1.0,0.0
1,95,5.684399829323745,11.209723692090169,0.0,1.0,1.0,0.0,0.0,0.0
2,95,11.693618728080075,4.14339838568741,0.0,0.0,0.0,0.0,1.0,0.0
3,95,8.021896339555122,12.0,0.0,0.0,1.0,1.0,1.0,0.0
4,95,11.296870720497331,6.007638526889903,0.0,1.0,1.0,0.0,1.0,1.0
5,95,7.849981230513985,2.446933235281126,0.0,0.0,0.0,0.0,0.0,0.0
6,95,5.001270163227823,8.091938686091297,1.0,0.0,0.0,1.0,0.0,0.0
7,95,4.269281648762616,0.7668218481107282,0.0,1.0,1.0,0.0,1.0,1.0
8,95,5.070002602989811,1.0446418108752649,1.0,0.0,0.0,0.0,1.0,1.0
9,95,3.1441156660442764,12.0,1.0,0.0,0.0,0.0,0.0,1.0
10,95,9.755226290179689,4.752421714004439,0.0,0.0,0.0,0.0,1.0,1.0
11,95,6.256037831777116,8.758902116948944,0.0,1.0,1.0,0.0,0.0,0.0
12,95,11.410888276050898,9.186704543391237,1.0,1.0,0.0,0.0,0.0,0.0
13,95,6.030483635974431,3.0715610376258997,0.0,1.0,1.0,1.0,0.0,1.0
14,95,12.0,5.831001984774206,1.0,0.0,1.0,0.0,1.0,0.0
15,95,12.0,8.649298317036093,1.0,1.0,1.0,1.0,0.0,1.0
16,95,10.9011526705223,6.888219257239416,1.0,1.0,0.0,0.0,1.0,1.0
17,95,12.0,10.79490397722153,0.0,0.0,0.0,0.0,0.0,0.0
18,95,10.124481156726706,12.0,0.0,1.0,0.0,1.0,0.0,1.0
19,95,7.393116443657272,8.427073298699334,1.0,0.0,0.0,0.0,1.0,1.0
20,95,3.798545177426428,0.9968833939912044,0.0,1.0,0.0,1.0,0.0,1.0
21,95,4.551450544031996,4.583121906501281,1.0,0.0,0.0,1.0,0.0,1.0
22,95,8.386910821099121,6.092322185241052,0.0,0.0,1.0,1.0,0.0,1.0
23,95,5.506963203682969,0.8655325578674506,0.0,1.0,1.0,0.0,0.0,0.0
24,95,3.753645700875299,0.0,1.0,1.0,0.0,0.0,0.0,1.0
25,95,11.313777447257568,0.9807233500960256,1.0,0.0,0.0,1.0,1.0,1.0
26,95,11.397630102306364,9.848888898860654,1.0,1.0,0.0,0.0,0.0,0.0
27,95,4.846580722650429,3.677049815290862,0.0,0.0,1.0,0.0,0.0,0.0
28,95,5.401174232416728,3.648011160822211,0.0,0.0,0.0,0.0,1.0,1.0
29,95,7.241808612096244,3.262896578315855,0.0,1.0,1.0,0.0,1.0,1.0
30,95,3.07184220594082,7.012593922641172,1.0,0.0,0.0,0.0,0.0,1.0
31,95,9.628451861938972,8.838918742645351,1.0,0.0,1.0,1.0,0.0,1.0
32,95,2.523229449640743,2.6528169092760745,0.0,0.0,1.0,0.0,1.0,1.0
33,95,0.0,0.0,0.0,1.0,0.0,0.0,1.0,1.0
34,95,1.100984892696496,5.6763719643739465,0.0,0.0,0.0,0.0,0.0,1.0
35,95,1.1010547907475066,5.130796744101283,1.0,0.0,1.0,0.0,0.0,0.0
36,95,0.4713376922737188,9.349259190395736,0.0,1.0,0.0,0.0,0.0,0.0
37,95,0.1153586730449747,11.68515763499054,0.0,1.0,0.0,0.0,0.0,1.0
38,95,3.2765735436561823,3.0872667064255563,1.0,0.0,1.0,1.0,0.0,0.0
39,95,10.27748651901219,4.5433301663283725,0.0,1.0,0.0,0.0,0.0,0.0
0,100,0.0,4.463770715161086,0.0,0.0,0.0,0.0,1.0,0.0
1,100,5.696759513413464,11.200273281005636,0.0,1.0,1.0,0.0,0.0,0.0
2,100,11.65824569191494,4.173176672163491,0.0,0.0,0.0,0.0,1.0,0.0
3,100,8.082773505722638,12.0,0.0,0.0,1.0,1.0,1.0,0.0
4,100,11.390955452912133,6.017705068595049,0.0,1.0,1.0,0.0,1.0,1.0
5,100,7.866110644848084,2.4041879979554195,0.0,0.0,0.0,0.0,0.0,0.0
6,100,4.985593771989387,8.153020770514859,1.0,0.0,0.0,1.0,0.0,0.0
7,100,4.355842580007024,0.7307323457190031,0.0,1.0,1.0,0.0,1.0,1.0
8,100,5.031456693504547,1.01200099239017,1.0,0.0,0.0,0.0,1.0,1.0
9,100,3.115152022450127,12.0,1.0,0.0,0.0,0.0,0.0,1.0
10,100,9.719066695926196,4.768867408698892,0.0,0.0,0.0,0.0,1.0,1.0
11,100,6.198250300567912,8.740996083779601,0.0,1.0,1.0,0.0,0.0,0.0
12,100,11.472659470541291,9.137137809576863,1.0,1.0,0.0,0.0,0.0,0.0
13,100,6.154548531448877,3.07247284687426,0.0,1.0,1.0,1.0,0.0,1.0
14,100,12.0,5.816756304465041,1.0,0.0,1.0,0.0,1.0,0.0
15,100,12.0,8.687040497847851,1.0,1.0,1.0,1.0,0.0,1.0
16,100,10.89857398586481,6.85044358165709,1.0,1.0,0.0,0.0,1.0,1.0
17,100,12.0,10.753771918864729,0.0,0.0,0.0,0.0,0.0,0.0
18,100,10.107017924523817,12.0,0.0,1.0,0.0,1.0,0.0,1.0
19,100,7.423744353615024,8.464055301114223,1.0,0.0,0.0,0.0,1.0,1.0
20,100,3.683358948178437,0.9931872881475632,0.0,1.0,0.0,1.0,0.0,1.0
21,100,4.576297398243063,4.561932242672681,1.0,0.0,0.0,1.0,0.0,1.0
22,100,8.347395835493177,6.083080918750991,0.0,0.0,1.0,1.0,0.0,1.0
23,100,5.528222357395508,0.8187881572077534,0.0,1.0,1.0,0.0,0.0,0.0
24,100,3.774458282298129,0.0,1.0,1.0,0.0,0.0,0.0,1.0
25,100,11.236775715935927,0.9810301870220676,1.0,0.0,0.0,1.0,1.0,1.0
26,100,11.417621378793568,9.794202192975266,1.0,1.0,0.0,0.0,0.0,0.0
27,100,4.851650301576648,3.674983806748696,0.0,0.0,1.0,0.0,0.0,0.0
28,100,5.3639901759567215,3.6692554059431104,0.0,0.0,0.0,0.0,1.0,1.0
29,100,7.212343602371501,3.1981662019756247,0.0,1.0,1.0,0.0,1.0,1.0
30,100,3.1156696717377788,7.025123808853941,1.0,0.0,0.0,0.0,0.0,1.0
31,100,9.6079437107408,8.844487854693746,1.0,0.0,1.0,1.0,0.0,1.0
32,100,2.431094600793023,2.753951403732985,0.0,0.0,1.0,0.0,1.0,1.0
33,100,0.0,0.0,0.0,1.0,0.0,0.0,1.0,1.0
34,100,1.1142477953107994,5.638740558240691,0.0,0.0,0.0,0.0,0.0,1.0
35,100,1.152610689625074,5.098963038632704,1.0,0.0,1.0,0.0,0.0,0.0
36,100,0.4948861642037436,9.28031918298536,0.0,1.0,0.0,0.0,0.0,0.0
37,100,0.1070458039386649,11.838769468309808,0.0,1.0,0.0,0.0,0.0,1.0
38,100,3.164634385027033,3.021099050958438,1.0,0.0,1.0,1.0,0.0,0.0
39,100,10.233728599104229,4.484930842571436,0.0,1.0,0.0,0.0,0.0,0.0
0,105,0.0,4.4991292055556125,0.0,0.0,0.0,0.0,1.0,0.0
1,105,5.689538921175628,11.205500151737914,0.0,1.0,1.0,0.0,0.0,0.0
2,105,11.64044758996316,4.18776481092964,0.0,0.0,0.0,0.0,1.0,0.0
3,105,8.152872079043794,12.0,0.0,0.0,1.0,1.0,1.0,0.0
4,105,11.455036106228802,6.023600866505249,0.0,1.0,1.0,0.0,1.0,1.0
5,105,7.89359364802403,2.327594232566877,0.0,0.0,0.0,0.0,0.0,0.0
6,105,4.970545941921332,8.2087884341043,1.0,0.0,0.0,1.0,0.0,0.0
7,105,4.416654993314793,0.7033571634251006,0.0,1.0,1.0,0.0,1.0,1.0
8,105,4.976822393071296,0.9662949349418456,1.0,0.0,0.0,0.0,1.0,1.0
9,105,3.083099637576714,12.0,1.0,0.0,0.0,0.0,0.0,1.0
10,105,9.679497724456088,4.786231030851103,0.0,0.0,0.0,0.0,1.0,1.0
11,105,6.14233486220621,8.722464515906895,0.0,1.0,1.0,0.0,0.0,0.0
12,105,11.536364151495455,9.085881960211758,1.0,1.0,0.0,0.0,0.0,0.0
13,105,6.283924218986952,3.0732777197242878,0.0,1.0,1.0,1.0,0.0,1.0
14,105,12.0,5.798815580330519,1.0,0.0,1.0,0.0,1.0,0.0
15,105,12.0,8.723955169919652,1.0,1.0,1.0,1.0,0.0,1.0
16,105,10.895387579736507,6.81045301555309,1.0,1.0,0.0,0.0,1.0,1.0
17,105,12.0,10.724225011019575,0.0,0.0,0.0,0.0,0.0,0.0
18,105,10.090594683851997,12.0,0.0,1.0,0.0,1.0,0.0,1.0
19,105,7.451766574712207,8.49793481901366,1.0,0.0,0.0,0.0,1.0,1.0
20,105,3.5521861483157475,0.9870686208372252,0.0,1.0,0.0,1.0,0.0,1.0
21,105,4.617783407083578,4.525638772827746,1.0,0.0,0.0,1.0,0.0,1.0
22,105,8.32704385445842,6.079085251336807,0.0,0.0,1.0,1.0,0.0,1.0
23,105,5.543858807023978,0.7783255276358652,0.0,1.0,1.0,0.0,0.0,0.0
24,105,3.794074559917961,0.0,1.0,1.0,0.0,0.0,0.0,1.0
25,105,11.182446229100703,0.9818798329956367,1.0,0.0,0.0,1.0,1.0,1.0
26,105,11.439559917204692,9.731773636448397,1.0,1.0,0.0,0.0,0.0,0.0
27,105,4.856720562136443,3.6729309853716328,0.0,0.0,1.0,0.0,0.0,0.0
28,105,5.32509767253882,3.6911353338208577,0.0,0.0,0.0,0.0,1.0,1.0
29,105,7.261717691664574,3.17637559335812,0.0,1.0,1.0,0.0,1.0,1.0
30,105,3.1571704568700016,7.037322884443361,1.0,0.0,0.0,0.0,0.0,1.0
31,105,9.603700846169582,8.845843254546192,1.0,0.0,1.0,1.0,0.0,1.0
32,105,2.340759547095058,2.8466230959712373,0.0,0.0,1.0,0.0,1.0,1.0
33,105,0.0,0.0,0.0,1.0,0.0,0.0,1.0,1.0
34,105,1.125458472100426,5.604034542242355,0.0,0.0,0.0,0.0,0.0,1.0
35,105,1.189214266480119,5.075585887536558,1.0,0.0,1.0,0.0,0.0,0.0
36,105,0.5224991721579392,9.204804717202652,0.0,1.0,0.0,0.0,0.0,0.0
37,105,0.1043228114277109,11.996363884097311,0.0,1.0,0.0,0.0,0.0,1.0
38,105,3.039316745166021,2.9441242795885456,1.0,0.0,1.0,1.0,0.0,0.0
39,105,10.186939555153902,4.424500638142264,0.0,1.0,0.0,0.0,0.0,0.0
0,110,0.0,4.549854722179868,0.0,0.0,0.0,0.0,1.0,0.0
1,110,5.677845691610225,11.21420185979246,0.0,1.0,1.0,0.0,0.0,0.0
2,110,11.631636040986212,4.195118478588665,0.0,0.0,0.0,0.0,1.0,0.0
3,110,8.219046057172408,12.0,0.0,0.0,1.0,1.0,1.0,0.0
4,110,11.510498413550968,6.027393573061851,0.0,1.0,1.0,0.0,1.0,1.0
5,110,7.922524625755766,2.245535117030109,0.0,0.0,0.0,0.0,0.0,0.0
6,110,4.956332708392799,8.265522666258033,1.0,0.0,0.0,1.0,0.0,0.0
7,110,4.470225209515296,0.6804566522983684,0.0,1.0,1.0,0.0,1.0,1.0
8,110,4.927157398740144,0.9240385792952676,1.0,0.0,0.0,0.0,1.0,1.0
9,110,3.05468842428644,12.0,1.0,0.0,0.0,0.0,0.0,1.0
10,110,9.638200521957364,4.8055881215355045,0.0,0.0,0.0,0.0,1.0,1.0
11,110,6.058736312650761,8.697084815025717,0.0,1.0,1.0,0.0,0.0,0.0
12,110,11.609249651348438,9.02445068312663,1.0,1.0,0.0,0.0,0.0,0.0
13,110,6.398208705010631,3.0749539898635176,0.0,1.0,1.0,1.0,0.0,1.0
14,110,12.0,5.785437577525983,1.0,0.0,1.0,0.0,1.0,0.0
15,110,12.0,8.759896589357217,1.0,1.0,1.0,1.0,0.0,1.0
16,110,10.891727601257069,6.759354576334046,1.0,1.0,0.0,0.0,1.0,1.0
17,110,12.0,10.674835383719175,0.0,0.0,0.0,0.0,0.0,0.0
18,110,10.068729106651675,12.0,0.0,1.0,0.0,1.0,0.0,1.0
19,110,7.488026174176316,8.53874640813057,1.0,0.0,0.0,0.0,1.0,1.0
20,110,3.413995759966005,0.98049614419523,0.0,1.0,0.0,1.0,0.0,1.0
21,110,4.679608128194342,4.4691935887010255,1.0,0.0,0.0,1.0,0.0,1.0
22,110,8.30010688930474,6.07373538623989,0.0,0.0,1.0,1.0,0.0,1.0
23,110,5.561855117005584,0.7301636608224737,0.0,1.0,1.0,0.0,0.0,0.0
24,110,3.8124628227662143,0.0,1.0,1.0,0.0,0.0,0.0,1.0
25,110,11.139439197406578,0.981769031064174,1.0,0.0,0.0,1.0,1.0,1.0
26,110,11.453102349415218,9.693851642104224,1.0,1.0,0.0,0.0,0.0,0.0
27,110,4.854744956725322,3.673667379221744,0.0,0.0,1.0,0.0,0.0,0.0
28,110,5.291951463237794,3.709675730344405,0.0,0.0,0.0,0.0,1.0,1.0
29,110,7.31946881178359,3.151493082502589,0.0,1.0,1.0,0.0,1.0,1.0
30,110,3.197991693760509,7.049281155120599,1.0,0.0,0.0,0.0,0.0,1.0
31,110,9.60314924566,8.846015047333585,1.0,0.0,1.0,1.0,0.0,1.0
32,110,2.258487802393431,2.93186108445878,0.0,0.0,1.0,0.0,1.0,1.0
33,110,0.0,0.0,0.0,1.0,0.0,0.0,1.0,1.0
34,110,1.1316153881323696,5.585028273470574,0.0,0.0,0.0,0.0,0.0,1.0
35,110,1.2350338576836024,5.045865681285466,1.0,0.0,1.0,0.0,0.0,0.0
36,110,0.5495744486632036,9.12926391952633,0.0,1.0,0.0,0.0,0.0,0.0
37,110,0.100303254806436,12.0,0.0,1.0,0.0,0.0,0.0,1.0
38,110,2.910463399117865,2.8651296238843176,1.0,0.0,1.0,1.0,0.0,0.0
39,110,10.139622362772624,4.361854261289516,0.0,1.0,0.0,0.0,0.0,0.0
0,115,0.0,4.597541079963408,0.0,0.0,0.0,0.0,1.0,0.0
1,115,5.669453679321573,11.220656395412608,0.0,1.0,1.0,0.0,0.0,0.0
2,115,11.629520326893047,4.19693534702129,0.0,0.0,0.0,0.0,1.0,0.0
3,115,8.286502766062737,12.0,0.0,0.0,1.0,1.0,1.0,0.0
4,115,11.547824472570516,6.030087900734881,0.0,1.0,1.0,0.0,1.0,1.0
5,115,7.947113671657521,2.167659208416502,0.0,0.0,0.0,0.0,0.0,0.0
6,115,4.942196463113118,8.32993904891646,1.0,0.0,0.0,1.0,0.0,0.0
7,115,4.519334080066267,0.6576979684776959,0.0,1.0,1.0,0.0,1.0,1.0
8,115,4.889037468176078,0.8924228416994561,1.0,0.0,0.0,0.0,1.0,1.0
9,115,3.025733948017165,12.0,1.0,0.0,0.0,0.0,0.0,1.0
10,115,9.600745184719036,4.823803777403181,0.0,0.0,0.0,0.0,1.0,1.0
11,115,5.984662673663379,8.673357229530025,0.0,1.0,1.0,0.0,0.0,0.0
12,115,11.680325234916229,8.962024844439984,1.0,1.0,0.0,0.0,0.0,0.0
13,115,6.515945424296052,3.074732326930861,0.0,1.0,1.0,1.0,0.0,1.0
14,115,12.0,5.77199731704382,1.0,0.0,1.0,0.0,1.0,0.0
15,115,12.0,8.78757687610972,1.0,1.0,1.0,1.0,0.0,1.0
16,115,10.88802379793736,6.709087613214828,1.0,1.0,0.0,0.0,1.0,1.0
17,115,12.0,10.627820408469857,0.0,0.0,0.0,0.0,0.0,0.0
18,115,10.041231690251042,12.0,0.0,1.0,0.0,1.0,0.0,1.0
19,115,7.508218644352482,8.562146719886856,1.0,0.0,0.0,0.0,1.0,1.0
20,115,3.288838879501029,0.9746314518401104,0.0,1.0,0.0,1.0,0.0,1.0
21,115,4.7551030247115005,4.397994132084531,1.0,0.0,0.0,1.0,0.0,1.0
22,115,8.26773771954179,6.068603165409911,0.0,0.0,1.0,1.0,0.0,1.0
23,115,5.5893598858586095,0.6551326745762823,0.0,1.0,1.0,0.0,0.0,0.0
24,115,3.835065754000524,0.0,1.0,1.0,0.0,0.0,0.0,1.0
25,115,11.068670385030671,0.9824654006453598,1.0,0.0,0.0,1.0,1.0,1.0
26,115,11.467148423478337,9.653498520059228,1.0,1.0,0.0,0.0,0.0,0.0
27,115,4.859063998830723,3.6853339408932873,0.0,0.0,1.0,0.0,0.0,0.0
28,115,5.258754800417779,3.72817782343574,0.0,0.0,0.0,0.0,1.0,1.0
29,115,7.385614570835315,3.125063596685719,0.0,1.0,1.0,0.0,1.0,1.0
30,115,3.2527311122610523,7.063811342256746,1.0,0.0,0.0,0.0,0.0,1.0
31,115,9.605271454637707,8.845370755531805,1.0,0.0,1.0,1.0,0.0,1.0
32,115,2.1810306770855488,3.007121231993969,0.0,0.0,1.0,0.0,1.0,1.0
33,115,0.0,0.0,0.0,1.0,0.0,0.0,1.0,1.0
34,115,1.1390273690919446,5.560024690344428,0.0,0.0,0.0,0.0,0.0,1.0
35,115,1.2906778555756668,5.009036942798812,1.0,0.0,1.0,0.0,0.0,0.0
36,115,0.5740504845226956,9.059826799440842,0.0,1.0,0.0,0.0,0.0,0.0
37,115,0.1023917779144017,12.0,0.0,1.0,0.0,0.0,0.0,1.0
38,115,2.776768758656811,2.7846107130542377,1.0,0.0,1.0,1.0,0.0,0.0
39,115,10.083115045777854,4.290476152435306,0.0,1.0,0.0,0.0,0.0,0.0
0,120,0.0,4.636437541610634,0.0,0.0,0.0,0.0,1.0,0.0
1,120,5.662012049103907,11.226416288460465,0.0,1.0,1.0,0.0,0.0,0.0
2,120,11.62494534840161,4.2009473459525415,0.0,0.0,0.0,0.0,1.0,0.0
3,120,8.349916578173763,12.0,0.0,0.0,1.0,1.0,1.0,0.0
4,120,11.6001052317014,6.034525658132197,0.0,1.0,1.0,0.0,1.0,1.0
5,120,7.973171893457454,2.0752518679827987,0.0,0.0,0.0,0.0,0.0,0.0
6,120,4.933120305996287,8.372128780688504,1.0,0.0,0.0,1.0,0.0,0.0
7,120,4.576026878468789,0.6292013111470875,0.0,1.0,1.0,0.0,1.0,1.0
8,120,4.866264441589043,0.8724170111064068,1.0,0.0,0.0,0.0,1.0,1.0
9,120,2.992606901092651,12.0,1.0,0.0,0.0,0.0,0.0,1.0
10,120,9.55780225594313,4.84613150968163,0.0,0.0,0.0,0.0,1.0,1.0
11,120,5.921343140605211,8.652695131415653,0.0,1.0,1.0,0.0,0.0,0.0
12,120,11.765349119578492,8.88541010514528,1.0,1.0,0.0,0.0,0.0,0.0
13,120,6.627968827234161,3.0793547966934374,0.0,1.0,1.0,1.0,0.0,1.0
14,120,12.0,5.76137153829644,1.0,0.0,1.0,0.0,1.0,0.0
15,120,12.0,8.817887624755002,1.0,1.0,1.0,1.0,0.0,1.0
16,120,10.882749097106252,6.637018671404042,1.0,1.0,0.0,0.0,1.0,1.0
17,120,12.0,10.575192733226212,0.0,0.0,0.0,0.0,0.0,0.0
18,120,10.0223884619982,12.0,0.0,1.0,0.0,1.0,0.0,1.0
19,120,7.516155727532278,8.571714012093125,1.0,0.0,0.0,0.0,1.0,1.0
20,120,3.165262770561012,0.966493023994168,0.0,1.0,0.0,1.0,0.0,1.0
21,120,4.82605365800813,4.327926955536169,1.0,0.0,0.0,1.0,0.0,1.0
22,120,8.198675242204489,6.058554879493398,0.0,0.0,1.0,1.0,0.0,1.0
23,120,5.610864858334956,0.5938087822607445,0.0,1.0,1.0,0.0,0.0,0.0
24,120,3.851925053427353,0.0,1.0,1.0,0.0,0.0,0.0,1.0
25,120,10.98891223765586,0.9838422350930276,1.0,0.0,0.0,1.0,1.0,1.0
26,120,11.481769446528975,9.610208851859136,1.0,1.0,0.0,0.0,0.0,0.0
27,120,4.861544921773872,3.691087380003229,0.0,0.0,1.0,0.0,0.0,0.0
28,120,5.229085029382237,3.7433988658090778,0.0,0.0,0.0,0.0,1.0,1.0
29,120,7.453647064238015,3.0972745631901564,0.0,1.0,1.0,0.0,1.0,1.0
30,120,3.295794194681239,7.075029280361485,1.0,0.0,0.0,0.0,0.0,1.0
31,120,9.603876510626025,8.845827669223485,1.0,0.0,1.0,1.0,0.0,1.0
32,120,2.1064850181273505,3.082305221694833,0.0,0.0,1.0,0.0,1.0,1.0
33,120,0.0,0.0,0.0,1.0,0.0,0.0,1.0,1.0
34,120,1.1465893157969538,5.535308843678122,0.0,0.0,0.0,0.0,0.0,1.0
35,120,1.3276552333345788,4.984271126667995,1.0,0.0,1.0,0.0,0.0,0.0
36,120,0.5983434768454644,8.988382003599593,0.0,1.0,0.0,0.0,0.0,0.0
37,120,0.1077834888175379,12.0,0.0,1.0,0.0,0.0,0.0,1.0
38,120,2.625717596982141,2.6958183755634564,1.0,0.0,1.0,1.0,0.0,0.0
39,120,10.016817267967827,4.21026249250205,0.0,1.0,0.0,0.0,0.0,0.0
0,125,0.0,4.677637239602886,0.0,0.0,0.0,0.0,1.0,0.0
1,125,5.643462013431959,11.24151733147136,0.0,1.0,1.0,0.0,0.0,0.0
2,125,11.619104416848428,4.205956199617479,0.0,0.0,0.0,0.0,1.0,0.0
3,125,8.409951480063437,12.0,0.0,0.0,1.0,1.0,1.0,0.0
4,125,11.666835772305252,6.040686927195496,0.0,1.0,1.0,0.0,1.0,1.0
5,125,7.994659768424029,1.9979682926081048,0.0,0.0,0.0,0.0,0.0,0.0
6,125,4.92203756859987,8.42334126503439,1.0,0.0,0.0,1.0,0.0,0.0
7,125,4.635865229149058,0.6010656140324897,0.0,1.0,1.0,0.0,1.0,1.0
8,125,4.837242305013683,0.8490329180951107,1.0,0.0,0.0,0.0,1.0,1.0
9,125,2.954256211087281,12.0,1.0,0.0,0.0,0.0,0.0,1.0
10,125,9.50944928114093,4.87128491765263,0.0,0.0,0.0,0.0,1.0,1.0
11,125,5.871494378541513,8.638532880221739,0.0,1.0,1.0,0.0,0.0,0.0
12,125,11.849549811388544,8.813300786758017,1.0,1.0,0.0,0.0,0.0,0.0
13,125,6.72778715116764,3.085850411575247,0.0,1.0,1.0,1.0,0.0,1.0
14,125,12.0,5.746312191705707,1.0,0.0,1.0,0.0,1.0,0.0
15,125,12.0,8.848109160563476,1.0,1.0,1.0,1.0,0.0,1.0
16,125,10.878612370594473,6.56436336055637,1.0,1.0,0.0,0.0,1.0,1.0
17,125,12.0,10.53499719446434,0.0,0.0,0.0,0.0,0.0,0.0
18,125,10.001742418612254,12.0,0.0,1.0,0.0,1.0,0.0,1.0
19,125,7.529180795191299,8.587370447871455,1.0,0.0,0.0,0.0,1.0,1.0
20,125,3.033592171388491,0.959226851329272,0.0,1.0,0.0,1.0,0.0,1.0
21,125,4.898403525964083,4.254854243644243,1.0,0.0,0.0,1.0,0.0,1.0
22,125,8.14224364557328,6.050793541694901,0.0,0.0,1.0,1.0,0.0,1.0
23,125,5.627540483919291,0.545302688919116,0.0,1.0,1.0,0.0,0.0,0.0
24,125,3.867295432452702,0.0,1.0,1.0,0.0,0.0,0.0,1.0
25,125,10.92855039267739,0.9841287545613966,1.0,0.0,0.0,1.0,1.0,1.0
26,125,11.49150972947788,9.579617522149444,1.0,1.0,0.0,0.0,0.0,0.0
27,125,4.860314507418571,3.688257861965842,0.0,0.0,1.0,0.0,0.0,0.0
28,125,5.188246646381721,3.764341605945305,0.0,0.0,0.0,0.0,1.0,1.0
29,125,7.540747701048531,3.062409122486748,0.0,1.0,1.0,0.0,1.0,1.0
30,125,3.327711936498181,7.083198499114259,1.0,0.0,0.0,0.0,0.0,1.0
31,125,9.591858654083202,8.849697803218447,1.0,0.0,1.0,1.0,0.0,1.0
32,125,2.028498536941345,3.164264909430368,0.0,0.0,1.0,0.0,1.0,1.0
33,125,0.0,0.0,0.0,1.0,0.0,0.0,1.0,1.0
34,125,1.1597737282722675,5.493709948305225,0.0,0.0,0.0,0.0,0.0,1.0
35,125,1.3578200693363247,4.963957481729144,1.0,0.0,1.0,0.0,0.0,0.0
36,125,0.6286958310414592,8.900308660625514,0.0,1.0,0.0,0.0,0.0,0.0
37,125,0.1115869882647382,12.0,0.0,1.0,0.0,0.0,0.0,1.0
38,125,2.4743503692347386,2.603108957445931,1.0,0.0,1.0,1.0,0.0,0.0
39,125,9.933418812379273,4.10736081787132,0.0,1.0,0.0,0.0,0.0,0.0
0,130,0.0,4.720405342983438,0.0,0.0,0.0,0.0,1.0,0.0
1,130,5.619192865163368,11.261578485390224,0.0,1.0,1.0,0.0,0.0,0.0
2,130,11.59807693261096,4.224748537295125,0.0,0.0,0.0,0.0,1.0,0.0
3,130,8.471019018310766,12.0,0.0,0.0,1.0,1.0,1.0,0.0
4,130,11.750452169387536,6.049164274517002,0.0,1.0,1.0,0.0,1.0,1.0
5,130,8.016799046601355,1.915025892213985,0.0,0.0,0.0,0.0,0.0,0.0
6,130,4.914405143740455,8.459037698014352,1.0,0.0,0.0,1.0,0.0,0.0
7,130,4.710284740623851,0.5662620036347568,0.0,1.0,1.0,0.0,1.0,1.0
8,130,4.813087037662452,0.8793850313107155,1.0,0.0,0.0,0.0,1.0,1.0
9,130,2.9184047522047694,12.0,1.0,0.0,0.0,0.0,0.0,1.0
10,130,9.473455738804242,4.890575241317896,0.0,0.0,0.0,0.0,1.0,1.0
11,130,5.8378817110230585,8.628550314000043,0.0,1.0,1.0,0.0,0.0,0.0
12,130,11.91496966549075,8.756709881631838,1.0,1.0,0.0,0.0,0.0,0.0
13,130,6.8197550224018535,3.0925993444674784,0.0,1.0,1.0,1.0,0.0,1.0
14,130,12.0,5.734251657299851,1.0,0.0,1.0,0.0,1.0,0.0
15,130,12.0,8.875091611062475,1.0,1.0,1.0,1.0,0.0,1.0
16,130,10.87495438313769,6.498371886417608,1.0,1.0,0.0,0.0,1.0,1.0
17,130,12.0,10.480901767141008,0.0,0.0,0.0,0.0,0.0,0.0
18,130,9.973029613591075,12.0,0.0,1.0,0.0,1.0,0.0,1.0
19,130,7.54844078531776,8.610727594484414,1.0,0.0,0.0,0.0,1.0,1.0
20,130,2.89183318290708,0.9477653398976486,0.0,1.0,0.0,1.0,0.0,1.0
21,130,4.96645649315108,4.31801997544763,1.0,0.0,0.0,1.0,0.0,1.0
22,130,8.089823372583265,6.042954598474388,0.0,0.0,1.0,1.0,0.0,1.0
23,130,5.645676840702819,0.4905109030981078,0.0,1.0,1.0,0.0,0.0,0.0
24,130,3.868688444384475,0.0,1.0,1.0,0.0,0.0,0.0,1.0
25,130,10.851297086625989,0.9842803070899706,1.0,0.0,0.0,1.0,1.0,1.0
26,130,11.50546286197408,9.536963857156453,1.0,1.0,0.0,0.0,0.0,0.0
27,130,4.854383189332886,3.675022378177745,0.0,0.0,1.0,0.0,0.0,0.0
28,130,5.160339759087291,3.7786197270632096,0.0,0.0,0.0,0.0,1.0,1.0
29,130,7.6313886636965185,3.0273137316316534,0.0,1.0,1.0,0.0,1.0,1.0
30,130,3.3236784436340683,7.099628361583436,1.0,0.0,0.0,0.0,0.0,1.0
31,130,9.572218776067936,8.856496747757134,1.0,0.0,1.0,1.0,0.0,1.0
32,130,1.9567252378870277,3.241654509694236,0.0,0.0,1.0,0.0,1.0,1.0
33,130,0.0,0.0,0.0,1.0,0.0,0.0,1.0,1.0
34,130,1.179588873753747,5.434131715560609,0.0,0.0,0.0,0.0,0.0,1.0
35,130,1.3822351514699989,4.947608035692464,1.0,0.0,1.0,0.0,0.0,0.0
36,130,0.6548777962773805,8.818692010074201,0.0,1.0,0.0,0.0,0.0,0.0
37,130,0.1134061985476023,12.0,0.0,1.0,0.0,0.0,0.0,1.0
38,130,2.314461555510927,2.5051748315640374,1.0,0.0,1.0,1.0,0.0,0.0
39,130,9.854430993111816,4.010043578858073,0.0,1.0,0.0,0.0,0.0,0.0
0,135,0.0,4.764959841827999,0.0,0.0,0.0,0.0,1.0,0.0
1,135,5.588197383124971,11.287651871569086,0.0,1.0,1.0,0.0,0.0,0.0
2,135,11.577412458239118,4.24276507211568,0.0,0.0,0.0,0.0,1.0,0.0
3,135,8.516552586618223,12.0,0.0,0.0,1.0,1.0,1.0,0.0
4,135,11.841456471055498,6.060187188452848,0.0,1.0,1.0,0.0,1.0,1.0
5,135,8.04296198972682,1.8148864741543556,0.0,0.0,0.0,0.0,0.0,0.0
6,135,4.901488598373438,8.51719531235457,1.0,0.0,0.0,1.0,0.0,0.0
7,135,4.773601605889714,0.5381926950150768,0.0,1.0,1.0,0.0,1.0,1.0
8,135,4.765768431427809,0.938588939066373,1.0,0.0,0.0,0.0,1.0,1.0
9,135,2.8796514729759504,12.0,1.0,0.0,0.0,0.0,0.0,1.0
10,135,9.405892562965631,4.9272439289941135,0.0,0.0,0.0,0.0,1.0,1.0
11,135,5.812256182735781,8.620862041924056,0.0,1.0,1.0,0.0,0.0,0.0
12,135,11.977520770619256,8.70246732795795,1.0,1.0,0.0,0.0,0.0,0.0
13,135,6.902967574885779,3.097955235836249,0.0,1.0,1.0,1.0,0.0,1.0
14,135,12.0,5.725027759075886,1.0,0.0,1.0,0.0,1.0,0.0
15,135,12.0,8.892931495403124,1.0,1.0,1.0,1.0,0.0,1.0
16,135,10.872149337091637,6.417841048376306,1.0,1.0,0.0,0.0,1.0,1.0
17,135,12.0,10.426176553245236,0.0,0.0,0.0,0.0,0.0,0.0
18,135,9.939044326511237,12.0,0.0,1.0,0.0,1.0,0.0,1.0
19,135,7.58272029091552,8.657210064200154,1.0,0.0,0.0,0.0,1.0,1.0
20,135,2.746090141041224,0.9378863157178836,0.0,1.0,0.0,1.0,0.0,1.0
21,135,5.032423945927717,4.379553771682434,1.0,0.0,0.0,1.0,0.0,1.0
22,135,8.034014804586842,6.034264974479105,0.0,0.0,1.0,1.0,0.0,1.0
23,135,5.664876112351677,0.437806225971338,0.0,1.0,1.0,0.0,0.0,0.0
24,135,3.868972397038661,0.0,1.0,1.0,0.0,0.0,0.0,1.0
25,135,10.790919297216812,0.9841412863122768,1.0,0.0,0.0,1.0,1.0,1.0
26,135,11.52143454679385,9.491251810425792,1.0,1.0,0.0,0.0,0.0,0.0
27,135,4.84124418527673,3.6436206492158862,0.0,0.0,1.0,0.0,0.0,0.0
28,135,5.130833343618376,3.793921099877973,0.0,0.0,0.0,0.0,1.0,1.0
29,135,7.692775471248385,3.003503357490259,0.0,1.0,1.0,0.0,1.0,1.0
30,135,3.319474996231065,7.116183617794658,1.0,0.0,0.0,0.0,0.0,1.0
31,135,9.559090075924708,8.861335456505746,1.0,0.0,1.0,1.0,0.0,1.0
32,135,1.874908131023057,3.3274089085933225,0.0,0.0,1.0,0.0,1.0,1.0
33,135,0.0,0.0,0.0,1.0,0.0,0.0,1.0,1.0
34,135,1.197148139869253,5.375608159446906,0.0,0.0,0.0,0.0,0.0,1.0
35,135,1.4117211452176377,4.927781634152577,1.0,0.0,1.0,0.0,0.0,0.0
36,135,0.6804208813217685,8.745832389822318,0.0,1.0,0.0,0.0,0.0,0.0
37,135,0.1169614033436721,12.0,0.0,1.0,0.0,0.0,0.0,1.0
38,135,2.139616271457208,2.3979870775620853,1.0,0.0,1.0,1.0,0.0,0.0
39,135,9.783193790729449,3.922482813542955,0.0,1.0,0.0,0.0,0.0,0.0
0,140,0.0,4.809964582872541,0.0,0.0,0.0,0.0,1.0,0.0
1,140,5.55787758030736,11.314033189306503,0.0,1.0,1.0,0.0,0.0,0.0
2,140,11.570889065596774,4.248249942547813,0.0,0.0,0.0,0.0,1.0,0.0
3,140,8.572210985131868,12.0,0.0,0.0,1.0,1.0,1.0,0.0
4,140,11.92483677052751,6.073510327865468,0.0,1.0,1.0,0.0,1.0,1.0
5,140,8.071712766435807,1.7108570102632592,0.0,0.0,0.0,0.0,0.0,0.0
6,140,4.892524067956963,8.563067222916361,1.0,0.0,0.0,1.0,0.0,0.0
7,140,4.840900786694107,0.506538082631193,0.0,1.0,1.0,0.0,1.0,1.0
8,140,4.723000297626927,0.9910567832291758,1.0,0.0,0.0,0.0,1.0,1.0
9,140,2.8416405741641158,12.0,1.0,0.0,0.0,0.0,0.0,1.0
10,140,9.333703099102877,4.967064199616663,0.0,0.0,0.0,0.0,1.0,1.0
11,140,5.770327342154548,8.607419711556059,0.0,1.0,1.0,0.0,0.0,0.0
12,140,12.0,8.656128212605608,1.0,1.0,0.0,0.0,0.0,0.0
13,140,6.998076335676354,3.103228704724222,0.0,1.0,1.0,1.0,0.0,1.0
14,140,12.0,5.716845847468788,1.0,0.0,1.0,0.0,1.0,0.0
15,140,12.0,8.909945111716263,1.0,1.0,1.0,1.0,0.0,1.0
16,140,10.87186579195587,6.341264281636648,1.0,1.0,0.0,0.0,1.0,1.0
17,140,12.0,10.35869502228757,0.0,0.0,0.0,0.0,0.0,0.0
18,140,9.897073806128528,12.0,0.0,1.0,0.0,1.0,0.0,1.0
19,140,7.611913474958558,8.69700479874992,1.0,0.0,0.0,0.0,1.0,1.0
20,140,2.6104179711369744,0.9314198752844146,0.0,1.0,0.0,1.0,0.0,1.0
21,140,5.095027808682597,4.437327992444874,1.0,0.0,0.0,1.0,0.0,1.0
22,140,7.9887566188900285,6.027765892312979,0.0,0.0,1.0,1.0,0.0,1.0
23,140,5.680483473071275,0.3960541204205246,0.0,1.0,1.0,0.0,0.0,0.0
24,140,3.8750352616196726,0.0,1.0,1.0,0.0,0.0,0.0,1.0
25,140,10.755597749312251,0.9834923374218024,1.0,0.0,0.0,1.0,1.0,1.0
26,140,11.534982819740526,9.455302157713264,1.0,1.0,0.0,0.0,0.0,0.0
27,140,4.826453826520546,3.609485876623527,0.0,0.0,1.0,0.0,0.0,0.0
28,140,5.092988155295834,3.8139178509956992,0.0,0.0,0.0,0.0,1.0,1.0
29,140,7.7121126914774845,3.0539022007130607,0.0,1.0,1.0,0.0,1.0,1.0
30,140,3.318191309268789,7.120943432332793,1.0,0.0,0.0,0.0,0.0,1.0
31,140,9.531212305730786,8.870888997602945,1.0,0.0,1.0,1.0,0.0,1.0
32,140,1.799300698708067,3.40741277302642,0.0,0.0,1.0,0.0,1.0,1.0
33,140,0.0,0.0,0.0,1.0,0.0,0.0,1.0,1.0
34,140,1.2140881972881123,5.320437316963444,0.0,0.0,0.0,0.0,0.0,1.0
35,140,1.4342543977573137,4.912400177151329,1.0,0.0,1.0,0.0,0.0,0.0
36,140,0.705617843653448,8.670980483969274,0.0,1.0,0.0,0.0,0.0,0.0
37,140,0.1232156249688201,12.0,0.0,1.0,0.0,0.0,0.0,1.0
38,140,1.9740081808904564,2.2962560594014176,1.0,0.0,1.0,1.0,0.0,0.0
39,140,9.709429974192194,3.8316711747796544,0.0,1.0,0.0,0.0,0.0,0.0
0,145,0.0,4.849068676186554,0.0,0.0,0.0,0.0,1.0,0.0
1,145,5.53211505831052,11.336746161179455,0.0,1.0,1.0,0.0,0.0,0.0
2,145,11.574207291694329,4.245399983960626,0.0,0.0,0.0,0.0,1.0,0.0
3,145,8.643714567421767,12.0,0.0,0.0,1.0,1.0,1.0,0.0
4,145,12.0,6.087705896163985,0.0,1.0,1.0,0.0,1.0,1.0
5,145,8.103801360472044,1.602484823494654,0.0,0.0,0.0,0.0,0.0,0.0
6,145,4.883077646612921,8.606153260059378,1.0,0.0,0.0,1.0,0.0,0.0
7,145,4.92880937448661,0.4654935078787102,0.0,1.0,1.0,0.0,1.0,1.0
8,145,4.70112038511365,1.0195634663654711,1.0,0.0,0.0,0.0,1.0,1.0
9,145,2.804177622730453,12.0,1.0,0.0,0.0,0.0,0.0,1.0
10,145,9.249478819311843,5.014553984629156,0.0,0.0,0.0,0.0,1.0,1.0
11,145,5.719538065605671,8.591806167176694,0.0,1.0,1.0,0.0,0.0,0.0
12,145,12.0,8.616812799559687,1.0,1.0,0.0,0.0,0.0,0.0
13,145,7.109424371515266,3.107820171005276,0.0,1.0,1.0,1.0,0.0,1.0
14,145,12.0,5.710999316020192,1.0,0.0,1.0,0.0,1.0,0.0
15,145,12.0,8.917863026960774,1.0,1.0,1.0,1.0,0.0,1.0
16,145,10.87061279113311,6.262807140940801,1.0,1.0,0.0,0.0,1.0,1.0
17,145,12.0,10.31675642786354,0.0,0.0,0.0,0.0,0.0,0.0
18,145,9.860421971106096,12.0,0.0,1.0,0.0,1.0,0.0,1.0
19,145,7.6327967988437635,8.728006090892727,1.0,0.0,0.0,0.0,1.0,1.0
20,145,2.483486482780325,0.9256162852667796,0.0,1.0,0.0,1.0,0.0,1.0
21,145,5.157781205520052,4.497881049378343,1.0,0.0,0.0,1.0,0.0,1.0
22,145,7.949012530634866,6.021111985740509,0.0,0.0,1.0,1.0,0.0,1.0
23,145,5.698672385819196,0.3463778252687706,0.0,1.0,1.0,0.0,0.0,0.0
24,145,3.877886074555631,0.0,1.0,1.0,0.0,0.0,0.0,1.0
25,145,10.711716668765764,0.983956953912829,1.0,0.0,0.0,1.0,1.0,1.0
26,145,11.550297006179838,9.415527452062598,1.0,1.0,0.0,0.0,0.0,0.0
27,145,4.801731045322271,3.5582760851883344,0.0,0.0,1.0,0.0,0.0,0.0
28,145,5.0517839599363255,3.835752552537308,0.0,0.0,0.0,0.0,1.0,1.0
29,145,7.730633775845684,3.100277263873736,0.0,1.0,1.0,0.0,1.0,1.0
30,145,3.3197937715366823,7.11492433084713,1.0,0.0,0.0,0.0,0.0,1.0
31,145,9.506157074967886,8.879914385299033,1.0,0.0,1.0,1.0,0.0,1.0
32,145,1.7172866030463636,3.4931483818481333,0.0,0.0,1.0,0.0,1.0,1.0
33,145,0.0,0.0,0.0,1.0,0.0,0.0,1.0,1.0
34,145,1.2421303098439442,5.238107145019999,0.0,0.0,0.0,0.0,0.0,1.0
35,145,1.452797248570413,4.9005044037325,1.0,0.0,1.0,0.0,0.0,0.0
36,145,0.730644886948203,8.593911532088164,0.0,1.0,0.0,0.0,0.0,0.0
37,145,0.1252992395605054,12.0,0.0,1.0,0.0,0.0,0.0,1.0
38,145,1.810389953023813,2.197287442724238,1.0,0.0,1.0,1.0,0.0,0.0
39,145,9.62918287552302,3.735647954292845,0.0,1.0,0.0,0.0,0.0,0.0
0,150,0.0,4.889943117785461,0.0,0.0,0.0,0.0,1.0,0.0
1,150,5.49170285579314,11.371265886676232,0.0,1.0,1.0,0.0,0.0,0.0
2,150,11.582407661433049,4.238287214931988,0.0,0.0,0.0,0.0,1.0,0.0
3,150,8.598330150541157,12.0,0.0,0.0,1.0,1.0,1.0,0.0
4,150,12.0,6.102753428788862,0.0,1.0,1.0,0.0,1.0,1.0
5,150,8.133708919674218,1.49206172445142,0.0,0.0,0.0,0.0,0.0,0.0
6,150,4.874318802336481,8.647454636670156,1.0,0.0,0.0,1.0,0.0,0.0
7,150,5.036307018149173,0.4165611036300883,0.0,1.0,1.0,0.0,1.0,1.0
8,150,4.691966620931156,1.0316628980326985,1.0,0.0,0.0,0.0,1.0,1.0
9,150,2.7632320670685298,12.0,1.0,0.0,0.0,0.0,0.0,1.0
10,150,9.16552392030528,5.05712101001632,0.0,0.0,0.0,0.0,1.0,1.0
11,150,5.688547136538213,8.583132429861974,0.0,1.0,1.0,0.0,0.0,0.0
12,150,12.0,8.578754640771981,1.0,1.0,0.0,0.0,0.0,0.0
13,150,7.247290107809641,3.1156528290249974,0.0,1.0,1.0,1.0,0.0,1.0
14,150,12.0,5.706777890432386,1.0,0.0,1.0,0.0,1.0,0.0
15,150,12.0,8.926204168910957,1.0,1.0,1.0,1.0,0.0,1.0
16,150,10.925169530910509,6.262279407891,1.0,1.0,0.0,0.0,1.0,1.0
17,150,12.0,10.265881649930185,0.0,0.0,0.0,0.0,0.0,0.0
18,150,9.822109667720532,12.0,0.0,1.0,0.0,1.0,0.0,1.0
19,150,7.658841611307241,8.764089219514213,1.0,0.0,0.0,0.0,1.0,1.0
20,150,2.352524582473768,0.9164123420809588,0.0,1.0,0.0,1.0,0.0,1.0
21,150,5.219391388564228,4.55961379611373,1.0,0.0,0.0,1.0,0.0,1.0
22,150,7.891275701030044,6.01149327146488,0.0,0.0,1.0,1.0,0.0,1.0
23,150,5.719677330172178,0.2936159733019019,0.0,1.0,1.0,0.0,0.0,0.0
24,150,3.8821692966784194,0.0,1.0,1.0,0.0,0.0,0.0,1.0
25,150,10.666185964550335,0.984472868789824,1.0,0.0,0.0,1.0,1.0,1.0
26,150,11.568276382371394,9.370808130800071,1.0,1.0,0.0,0.0,0.0,0.0
27,150,4.777860006354014,3.509729733460823,0.0,0.0,1.0,0.0,0.0,0.0
28,150,5.005210437511134,3.860078041489501,0.0,0.0,0.0,0.0,1.0,1.0
29,150,7.74247351815396,3.1292244139626466,0.0,1.0,1.0,0.0,1.0,1.0
30,150,3.3218352422631225,7.107458979763069,1.0,0.0,0.0,0.0,0.0,1.0
31,150,9.495340718672738,8.883570168265665,1.0,0.0,1.0,1.0,0.0,1.0
32,150,1.620431465553333,3.601222325871939,0.0,0.0,1.0,0.0,1.0,1.0
33,150,0.0,0.0,0.0,1.0,0.0,0.0,1.0,1.0
34,150,1.2707828352198267,5.144650112066118,0.0,0.0,0.0,0.0,0.0,1.0
35,150,1.4526641511078326,4.900594537666372,1.0,0.0,1.0,0.0,0.0,0.0
36,150,0.7488653718051426,8.540254144077327,0.0,1.0,0.0,0.0,0.0,0.0
37,150,0.130935801491992,12.0,0.0,1.0,0.0,0.0,0.0,1.0
38,150,1.6390345201354912,2.0959384721107126,1.0,0.0,1.0,1.0,0.0,0.0
39,150,9.566715313928457,3.655942840022071,0.0,1.0,0.0,0.0,0.0,0.0
0,155,0.0,4.926612135538004,0.0,0.0,0.0,0.0,1.0,0.0
1,155,5.4700344175587166,11.389217265359369,0.0,1.0,1.0,0.0,0.0,0.0
2,155,11.584114020071995,4.236826302483919,0.0,0.0,0.0,0.0,1.0,0.0
3,155,8.54500134792534,12.0,0.0,0.0,1.0,1.0,1.0,0.0
4,155,12.0,6.11819676933736,0.0,1.0,1.0,0.0,1.0,1.0
5,155,8.172022782061841,1.3649255566430942,0.0,0.0,0.0,0.0,0.0,0.0
6,155,4.866422341289926,8.685137416016254,1.0,0.0,0.0,1.0,0.0,0.0
7,155,5.142803718800253,0.3642470189575023,0.0,1.0,1.0,0.0,1.0,1.0
8,155,4.669132432321788,1.0605827624646025,1.0,0.0,0.0,0.0,1.0,1.0
9,155,2.724731096236414,12.0,1.0,0.0,0.0,0.0,0.0,1.0
10,155,9.064012796188466,5.107881177855553,0.0,0.0,0.0,0.0,1.0,1.0
11,155,5.642589994203988,8.571418942989746,0.0,1.0,1.0,0.0,0.0,0.0
12,155,12.0,8.53933287025091,1.0,1.0,0.0,0.0,0.0,0.0
13,155,7.382401948794451,3.1241013916640767,0.0,1.0,1.0,1.0,0.0,1.0
14,155,12.0,5.703661906968369,1.0,0.0,1.0,0.0,1.0,0.0
15,155,12.0,8.941885182110287,1.0,1.0,1.0,1.0,0.0,1.0
16,155,10.974408347900429,6.262370557761492,1.0,1.0,0.0,0.0,1.0,1.0
17,155,12.0,10.212239498985245,0.0,0.0,0.0,0.0,0.0,0.0
18,155,9.793569114405033,12.0,0.0,1.0,0.0,1.0,0.0,1.0
19,155,7.691109610887181,8.805738302154966,1.0,0.0,0.0,0.0,1.0,1.0
20,155,2.237876648163406,0.9081833931975722,0.0,1.0,0.0,1.0,0.0,1.0
21,155,5.284309260003659,4.62971649115218,1.0,0.0,0.0,1.0,0.0,1.0
22,155,7.828895312735828,6.002634213138254,0.0,0.0,1.0,1.0,0.0,1.0
23,155,5.732761258725649,0.2607318781260579,0.0,1.0,1.0,0.0,0.0,0.0
24,155,3.8932564693009297,0.0,1.0,1.0,0.0,0.0,0.0,1.0
25,155,10.62720104649681,0.9841938206992278,1.0,0.0,0.0,1.0,1.0,1.0
26,155,11.587835960239126,9.319054284912378,1.0,1.0,0.0,0.0,0.0,0.0
27,155,4.751526175587928,3.457588646522421,0.0,0.0,1.0,0.0,0.0,0.0
28,155,4.96377162816632,3.882333396414239,0.0,0.0,0.0,0.0,1.0,1.0
29,155,7.754470590322028,3.15978079534244,0.0,1.0,1.0,0.0,1.0,1.0
30,155,3.320329799261309,7.113139025109434,1.0,0.0,0.0,0.0,0.0,1.0
31,155,9.46165748267217,8.894327545568249,1.0,0.0,1.0,1.0,0.0,1.0
32,155,1.5106719333357757,3.7132187350748023,0.0,0.0,1.0,0.0,1.0,1.0
33,155,0.0,0.0,0.0,1.0,0.0,0.0,1.0,1.0
34,155,1.291380581514738,5.058527843666177,0.0,0.0,0.0,0.0,0.0,1.0
35,155,1.4691678188286164,4.889205784669676,1.0,0.0,1.0,0.0,0.0,0.0
36,155,0.7650489336194168,8.495516929088286,0.0,1.0,0.0,0.0,0.0,0.0
37,155,0.1356729429326737,12.0,0.0,1.0,0.0,0.0,0.0,1.0
38,155,1.457712439814209,1.9838859908765647,1.0,0.0,1.0,1.0,0.0,0.0
39,155,9.498785224504184,3.570281205830255,0.0,1.0,0.0,0.0,0.0,0.0
0,160,0.0,4.954942975161927,0.0,0.0,0.0,0.0,1.0,0.0
1,160,5.455577771565157,11.401197906646708,0.0,1.0,1.0,0.0,0.0,0.0
2,160,11.59914268430103,4.22381938544908,0.0,0.0,0.0,0.0,1.0,0.0
3,160,8.49297760406271,12.0,0.0,0.0,1.0,1.0,1.0,0.0
4,160,12.0,6.135059393592671,0.0,1.0,1.0,0.0,1.0,1.0
5,160,8.209994484228286,1.2434902044079523,0.0,0.0,0.0,0.0,0.0,0.0
6,160,4.8595231356597175,8.723066374388802,1.0,0.0,0.0,1.0,0.0,0.0
7,160,5.232979099979973,0.3163292325335952,0.0,1.0,1.0,0.0,1.0,1.0
8,160,4.6429066836677615,1.094580488189414,1.0,0.0,0.0,0.0,1.0,1.0
9,160,2.6829314722110804,12.0,1.0,0.0,0.0,0.0,0.0,1.0
10,160,8.981780461306846,5.1492842294215135,0.0,0.0,0.0,0.0,1.0,1.0
11,160,5.602762043710778,8.562944055965746,0.0,1.0,1.0,0.0,0.0,0.0
12,160,12.0,8.503698955473704,1.0,1.0,0.0,0.0,0.0,0.0
13,160,7.49847527224563,3.12882780590765,0.0,1.0,1.0,1.0,0.0,1.0
14,160,12.0,5.699856670199085,1.0,0.0,1.0,0.0,1.0,0.0
15,160,12.0,8.959003277152043,1.0,1.0,1.0,1.0,0.0,1.0
16,160,11.035421191805288,6.262473795565429,1.0,1.0,0.0,0.0,1.0,1.0
17,160,12.0,10.15762381268717,0.0,0.0,0.0,0.0,0.0,0.0
18,160,9.781070734163524,12.0,0.0,1.0,0.0,1.0,0.0,1.0
19,160,7.72494279664656,8.847767657252664,1.0,0.0,0.0,0.0,1.0,1.0
20,160,2.1312131227436977,0.9031619494215372,0.0,1.0,0.0,1.0,0.0,1.0
21,160,5.3442740495336,4.693659632802541,1.0,0.0,0.0,1.0,0.0,1.0
22,160,7.771922994922564,5.993045347595039,0.0,0.0,1.0,1.0,0.0,1.0
23,160,5.747665339517326,0.2240648284129454,0.0,1.0,1.0,0.0,0.0,0.0
24,160,3.908402625909644,0.0,1.0,1.0,0.0,0.0,0.0,1.0
25,160,10.595577435820164,0.9847176726936988,1.0,0.0,0.0,1.0,1.0,1.0
26,160,11.605931736554997,9.270838878845971,1.0,1.0,0.0,0.0,0.0,0.0
27,160,4.7133747717313135,3.380042748062963,0.0,0.0,1.0,0.0,0.0,0.0
28,160,4.908448120238319,3.91075487718196,0.0,0.0,0.0,0.0,1.0,1.0
29,160,7.765086083241289,3.185945651418995,0.0,1.0,1.0,0.0,1.0,1.0
30,160,3.321599628228729,7.108376043394435,1.0,0.0,0.0,0.0,0.0,1.0
31,160,9.424147941380925,8.906836722074091,1.0,0.0,1.0,1.0,0.0,1.0
32,160,1.401808019208974,3.8266001943290098,0.0,0.0,1.0,0.0,1.0,1.0
33,160,0.0,0.0,0.0,1.0,0.0,0.0,1.0,1.0
34,160,1.3171812594700278,4.947436081244261,0.0,0.0,0.0,0.0,0.0,1.0
35,160,1.4816201140973546,4.880517257587375,1.0,0.0,1.0,0.0,0.0,0.0
36,160,0.7797377384380968,8.457337092791374,0.0,1.0,0.0,0.0,0.0,0.0
37,160,0.1373632402493471,12.0,0.0,1.0,0.0,0.0,0.0,1.0
38,160,1.2701224956221455,1.8720934610743307,1.0,0.0,1.0,1.0,0.0,0.0
39,160,9.430096748643374,3.4847415553073766,0.0,1.0,0.0,0.0,0.0,0.0
0,165,0.0,4.997197358126358,0.0,0.0,0.0,0.0,1.0,0.0
1,165,5.448360887618936,11.407506150188022,0.0,1.0,1.0,0.0,0.0,0.0
2,165,11.618689819141196,4.207276081989554,0.0,0.0,0.0,0.0,1.0,0.0
3,165,8.44006980176689,12.0,0.0,0.0,1.0,1.0,1.0,0.0
4,165,12.0,6.151300890047195,0.0,1.0,1.0,0.0,1.0,1.0
5,165,8.248780984374006,1.1095276836779449,0.0,0.0,0.0,0.0,0.0,0.0
6,165,4.853247044296336,8.755305099108483,1.0,0.0,0.0,1.0,0.0,0.0
7,165,5.310361100541817,0.2749815999184893,0.0,1.0,1.0,0.0,1.0,1.0
8,165,4.616578403043264,1.1274424721235752,1.0,0.0,0.0,0.0,1.0,1.0
9,165,2.6428003695452755,12.0,1.0,0.0,0.0,0.0,0.0,1.0
10,165,8.907134258942534,5.1869398754745415,0.0,0.0,0.0,0.0,1.0,1.0
11,165,5.569211561837594,8.554947834152998,0.0,1.0,1.0,0.0,0.0,0.0
12,165,12.0,8.470603132734292,1.0,1.0,0.0,0.0,0.0,0.0
13,165,7.574612611213165,3.1341594871007192,0.0,1.0,1.0,1.0,0.0,1.0
14,165,12.0,5.6974993725469245,1.0,0.0,1.0,0.0,1.0,0.0
15,165,12.0,8.967518559884022,1.0,1.0,1.0,1.0,0.0,1.0
16,165,11.059584793730725,6.262935869990975,1.0,1.0,0.0,0.0,1.0,1.0
17,165,12.0,10.114785353169289,0.0,0.0,0.0,0.0,0.0,0.0
18,165,9.76084702854039,12.0,0.0,1.0,0.0,1.0,0.0,1.0
19,165,7.764552811689808,8.901374797581235,1.0,0.0,0.0,0.0,1.0,1.0
20,165,2.02347093592903,0.898723800629198,0.0,1.0,0.0,1.0,0.0,1.0
21,165,5.398697249991802,4.746421113493318,1.0,0.0,0.0,1.0,0.0,1.0
22,165,7.704259029439742,5.982290337151489,0.0,0.0,1.0,1.0,0.0,1.0
23,165,5.758416511654754,0.1976587784829068,0.0,1.0,1.0,0.0,0.0,0.0
24,165,3.921560747814822,0.0,1.0,1.0,0.0,0.0,0.0,1.0
25,165,10.552356820901272,0.9861811733023934,1.0,0.0,0.0,1.0,1.0,1.0
26,165,11.617133278040397,9.241199400262172,1.0,1.0,0.0,0.0,0.0,0.0
27,165,4.680805480441227,3.3174457666474715,0.0,0.0,1.0,0.0,0.0,0.0
28,165,4.84109128568077,3.945541492845033,0.0,0.0,0.0,0.0,1.0,1.0
29,165,7.767864870076937,3.1930044818961387,0.0,1.0,1.0,0.0,1.0,1.0
30,165,3.324276091964794,7.097693774314129,1.0,0.0,0.0,0.0,0.0,1.0
31,165,9.378331364936038,8.92109497824144,1.0,0.0,1.0,1.0,0.0,1.0
32,165,1.511559279337085,3.932134949200224,0.0,0.0,1.0,0.0,1.0,1.0
33,165,0.0,0.0,0.0,1.0,0.0,0.0,1.0,1.0
34,165,1.3423418839789734,4.83716083848098,0.0,0.0,0.0,0.0,0.0,1.0
35,165,1.4836703526875594,4.879106736083967,1.0,0.0,1.0,0.0,0.0,0.0
36,165,0.7995601885693486,8.406278578184418,0.0,1.0,0.0,0.0,0.0,0.0
37,165,0.1344321070101413,12.0,0.0,1.0,0.0,0.0,0.0,1.0
38,165,1.1012146017392468,1.765956371268031,1.0,0.0,1.0,1.0,0.0,0.0
39,165,9.350522251656374,3.385225874773404,0.0,1.0,0.0,0.0,0.0,0.0
0,170,0.0,5.027575645185998,0.0,0.0,0.0,0.0,1.0,0.0
1,170,5.448601200630574,11.407293858091473,0.0,1.0,1.0,0.0,0.0,0.0
2,170,11.644232654261526,4.186497398239724,0.0,0.0,0.0,0.0,1.0,0.0
3,170,8.395486381929134,12.0,0.0,0.0,1.0,1.0,1.0,0.0
4,170,12.0,6.161993498976326,0.0,1.0,1.0,0.0,1.0,1.0
5,170,8.28083879671835,0.9869634737520826,0.0,0.0,0.0,0.0,0.0,0.0
6,170,4.846826761678599,8.786681232721344,1.0,0.0,0.0,1.0,0.0,0.0
7,170,5.391412443266371,0.2304365848401333,0.0,1.0,1.0,0.0,1.0,1.0
8,170,4.599680299726934,1.1469135030188693,1.0,0.0,0.0,0.0,1.0,1.0
9,170,2.5075042211900365,11.95599511055892,1.0,0.0,0.0,0.0,0.0,1.0
10,170,8.840393808815614,5.219631317380061,0.0,0.0,0.0,0.0,1.0,1.0
11,170,5.533348911834594,8.546294952309191,0.0,1.0,1.0,0.0,0.0,0.0
12,170,12.0,8.439511657955924,1.0,1.0,0.0,0.0,0.0,0.0
13,170,7.680250678779992,3.1432406084257525,0.0,1.0,1.0,1.0,0.0,1.0
14,170,12.0,5.6951011733941215,1.0,0.0,1.0,0.0,1.0,0.0
15,170,12.0,8.980858915051941,1.0,1.0,1.0,1.0,0.0,1.0
16,170,11.107781190898969,6.264657716556879,1.0,1.0,0.0,0.0,1.0,1.0
17,170,12.0,10.06922640481403,0.0,0.0,0.0,0.0,0.0,0.0
18,170,9.73621845880925,12.0,0.0,1.0,0.0,1.0,0.0,1.0
19,170,7.815034893143569,8.969872715528494,1.0,0.0,0.0,0.0,1.0,1.0
20,170,1.925930614082597,0.8920053925636372,0.0,1.0,0.0,1.0,0.0,1.0
21,170,5.4570221277823165,4.808030037925466,1.0,0.0,0.0,1.0,0.0,1.0
22,170,7.643506215251828,5.974034523602214,0.0,0.0,1.0,1.0,0.0,1.0
23,170,5.763216636530527,0.1869295015471282,0.0,1.0,1.0,0.0,0.0,0.0
24,170,3.931632264391887,0.0,1.0,1.0,0.0,0.0,0.0,1.0
25,170,10.497766131342344,0.9875074369824408,1.0,0.0,0.0,1.0,1.0,1.0
26,170,11.62085709895014,9.231645638971974,1.0,1.0,0.0,0.0,0.0,0.0
27,170,4.6477423485471325,3.2563410699994755,0.0,0.0,1.0,0.0,0.0,0.0
28,170,4.750949630518255,3.991509297974437,0.0,0.0,0.0,0.0,1.0,1.0
29,170,7.774395566996143,3.20888451177896,0.0,1.0,1.0,0.0,1.0,1.0
30,170,3.3294443680100336,7.074989127730822,1.0,0.0,0.0,0.0,0.0,1.0
31,170,9.31355094277427,8.942239769408292,1.0,0.0,1.0,1.0,0.0,1.0
32,170,1.6152517202200565,4.028887443636933,0.0,0.0,1.0,0.0,1.0,1.0
33,170,0.0,0.0,0.0,1.0,0.0,0.0,1.0,1.0
34,170,1.3710264160824177,4.721276673753193,0.0,0.0,0.0,0.0,0.0,1.0
35,170,1.474806667491396,4.884761980454197,1.0,0.0,1.0,0.0,0.0,0.0
36,170,0.8252876177505892,8.336588082999377,0.0,1.0,0.0,0.0,0.0,0.0
37,170,0.132849675615708,12.0,0.0,1.0,0.0,0.0,0.0,1.0
38,170,0.94918767676324,1.6728542049581283,1.0,0.0,1.0,1.0,0.0,0.0
39,170,9.270232733100135,3.2821800545039634,0.0,1.0,0.0,0.0,0.0,0.0
0,175,0.0,5.06347243319964,0.0,0.0,0.0,0.0,1.0,0.0
1,175,5.450198411775122,11.405827186807503,0.0,1.0,1.0,0.0,0.0,0.0
2,175,11.656747177882783,4.176885990326408,0.0,0.0,0.0,0.0,1.0,0.0
3,175,8.347551338074078,12.0,0.0,0.0,1.0,1.0,1.0,0.0
4,175,12.0,6.171025962862326,0.0,1.0,1.0,0.0,1.0,1.0
5,175,8.318669381889222,0.8365882821192065,0.0,0.0,0.0,0.0,0.0,0.0
6,175,4.841984524589216,8.812267219607614,1.0,0.0,0.0,1.0,0.0,0.0
7,175,5.465933144184512,0.1874538656083559,0.0,1.0,1.0,0.0,1.0,1.0
8,175,4.572753603966352,1.1790269273407163,1.0,0.0,0.0,0.0,1.0,1.0
9,175,2.3676795035475613,11.909095255348404,1.0,0.0,0.0,0.0,0.0,1.0
10,175,8.7695693535063,5.254894464217009,0.0,0.0,0.0,0.0,1.0,1.0
11,175,5.4822583950238535,8.5332842995678,0.0,1.0,1.0,0.0,0.0,0.0
12,175,12.0,8.403647258195756,1.0,1.0,0.0,0.0,0.0,0.0
13,175,7.7754911717064,3.1523716233798456,0.0,1.0,1.0,1.0,0.0,1.0
14,175,12.0,5.693232230033044,1.0,0.0,1.0,0.0,1.0,0.0
15,175,12.0,8.994606548934838,1.0,1.0,1.0,1.0,0.0,1.0
16,175,11.143612244878232,6.265532419496068,1.0,1.0,0.0,0.0,1.0,1.0
17,175,12.0,10.024012238262433,0.0,0.0,0.0,0.0,0.0,0.0
18,175,9.71142552231866,12.0,0.0,1.0,0.0,1.0,0.0,1.0
19,175,7.860689816797548,9.037414190147349,1.0,0.0,0.0,0.0,1.0,1.0
20,175,1.8310455185701315,0.8834981657970851,0.0,1.0,0.0,1.0,0.0,1.0
21,175,5.529229872145363,4.885633591773667,1.0,0.0,0.0,1.0,0.0,1.0
22,175,7.5759587777667665,5.962737188172608,0.0,0.0,1.0,1.0,0.0,1.0
23,175,5.768965290511101,0.1752773662801329,0.0,1.0,1.0,0.0,0.0,0.0
24,175,3.944414729737237,0.0,1.0,1.0,0.0,0.0,0.0,1.0
25,175,10.432812474074863,0.9886636368674772,1.0,0.0,0.0,1.0,1.0,1.0
26,175,11.623626851926357,9.22476700097346,1.0,1.0,0.0,0.0,0.0,0.0
27,175,4.621758532646474,3.2090961928282127,0.0,0.0,1.0,0.0,0.0,0.0
28,175,4.660964238768276,4.039346622655564,0.0,0.0,0.0,0.0,1.0,1.0
29,175,7.778717107115837,3.219663784675181,0.0,1.0,1.0,0.0,1.0,1.0
30,175,3.33579988394252,7.046880448610591,1.0,0.0,0.0,0.0,0.0,1.0
31,175,9.25904413559218,8.960023799783553,1.0,0.0,1.0,1.0,0.0,1.0
32,175,1.7256504244727404,4.132136771992225,0.0,0.0,1.0,0.0,1.0,1.0
33,175,0.0,0.0,0.0,1.0,0.0,0.0,1.0,1.0
34,175,1.4000972298858263,4.604705149039363,0.0,0.0,0.0,0.0,0.0,1.0
35,175,1.4650150757140143,4.89091005058754,1.0,0.0,1.0,0.0,0.0,0.0
36,175,0.8574080675973123,8.255441640048764,0.0,1.0,0.0,0.0,0.0,0.0
37,175,0.1315462274882052,12.0,0.0,1.0,0.0,0.0,0.0,1.0
38,175,0.7937993201818238,1.5816759100650422,1.0,0.0,1.0,1.0,0.0,0.0
39,175,9.189322736571834,3.1760698364219198,0.0,1.0,0.0,0.0,0.0,0.0
0,180,0.0,5.087109239772254,0.0,0.0,0.0,0.0,1.0,0.0
1,180,5.45165190335142,11.404571401463244,0.0,1.0,1.0,0.0,0.0,0.0
2,180,11.667589772599715,4.168183875216818,0.0,0.0,0.0,0.0,1.0,0.0
3,180,8.29351584246746,12.0,0.0,0.0,1.0,1.0,1.0,0.0
4,180,12.0,6.18214691617448,0.0,1.0,1.0,0.0,1.0,1.0
5,180,8.360594877375096,0.6841423135395623,0.0,0.0,0.0,0.0,0.0,0.0
6,180,4.834190284975898,8.857584754272048,1.0,0.0,0.0,1.0,0.0,0.0
7,180,5.555749296429271,0.1371655459807043,0.0,1.0,1.0,0.0,1.0,1.0
8,180,4.543888364224455,1.2133975953170657,1.0,0.0,0.0,0.0,1.0,1.0
9,180,2.213783358380656,11.85813483481656,1.0,0.0,0.0,0.0,0.0,1.0
10,180,8.69726185783643,5.290100717091216,0.0,0.0,0.0,0.0,1.0,1.0
11,180,5.433687784701244,8.521665677095976,0.0,1.0,1.0,0.0,0.0,0.0
12,180,12.0,8.36939464609164,1.0,1.0,0.0,0.0,0.0,0.0
13,180,7.873943465738283,3.1601037926481026,0.0,1.0,1.0,1.0,0.0,1.0
14,180,12.0,5.690614077678093,1.0,0.0,1.0,0.0,1.0,0.0
15,180,12.0,9.007004608864351,1.0,1.0,1.0,1.0,0.0,1.0
16,180,11.175900120701677,6.266479898766876,1.0,1.0,0.0,0.0,1.0,1.0
17,180,12.0,9.997239110770678,0.0,0.0,0.0,0.0,0.0,0.0
18,180,9.68589877657841,12.0,0.0,1.0,0.0,1.0,0.0,1.0
19,180,7.904213487791024,9.103879429617646,1.0,0.0,0.0,0.0,1.0,1.0
20,180,1.727142105725982,0.8728487843025905,0.0,1.0,0.0,1.0,0.0,1.0
21,180,5.5934249740565845,4.949469384239798,1.0,0.0,0.0,1.0,0.0,1.0
22,180,7.519767330891584,5.953567146499929,0.0,0.0,1.0,1.0,0.0,1.0
23,180,5.774301727416144,0.1645209259202595,0.0,1.0,1.0,0.0,0.0,0.0
24,180,3.963563488955838,0.0,1.0,1.0,0.0,0.0,0.0,1.0
25,180,10.36786627390574,0.9895709590952424,1.0,0.0,0.0,1.0,1.0,1.0
26,180,11.63301342832287,9.200877691965758,1.0,1.0,0.0,0.0,0.0,0.0
27,180,4.602564216183916,3.174234187282887,0.0,0.0,1.0,0.0,0.0,0.0
28,180,4.560053062926269,4.090224984212196,0.0,0.0,0.0,0.0,1.0,1.0
29,180,7.783267835358397,3.2305486445970293,0.0,1.0,1.0,0.0,1.0,1.0
30,180,3.341794575976321,7.021710788206656,1.0,0.0,0.0,0.0,0.0,1.0
31,180,9.21625574286601,8.973633227841413,1.0,0.0,1.0,1.0,0.0,1.0
32,180,1.6189129944350782,4.246941231085852,0.0,0.0,1.0,0.0,1.0,1.0
33,180,0.0,0.0,0.0,1.0,0.0,0.0,1.0,1.0
34,180,1.4268139580958374,4.49754380973943,0.0,0.0,0.0,0.0,0.0,1.0
35,180,1.464463428729448,4.891249575951489,1.0,0.0,1.0,0.0,0.0,0.0
36,180,0.885711678645535,8.183668625729448,0.0,1.0,0.0,0.0,0.0,0.0
37,180,0.1298450275430607,12.0,0.0,1.0,0.0,0.0,0.0,1.0
38,180,0.6263126382967259,1.4851034971104893,1.0,0.0,1.0,1.0,0.0,0.0
39,180,9.105349037370294,3.0711250469556157,0.0,1.0,0.0,0.0,0.0,0.0
0,185,0.0,5.014803898435775,0.0,0.0,0.0,0.0,1.0,0.0
1,185,5.460796020710961,11.396572635824864,0.0,1.0,1.0,0.0,0.0,0.0
2,185,11.68220986312329,4.1566213072002665,0.0,0.0,0.0,0.0,1.0,0.0
3,185,8.243861467989358,12.0,0.0,0.0,1.0,1.0,1.0,0.0
4,185,12.0,6.188369830779633,0.0,1.0,1.0,0.0,1.0,1.0
5,185,8.399811189218177,0.5426143103584922,0.0,0.0,0.0,0.0,0.0,0.0
6,185,4.826822842849212,8.899205320305905,1.0,0.0,0.0,1.0,0.0,0.0
7,185,5.646129837943049,0.0892700721482752,0.0,1.0,1.0,0.0,1.0,1.0
8,185,4.517552891267854,1.246769245224155,1.0,0.0,0.0,0.0,1.0,1.0
9,185,2.0532238968323155,11.805383611744,1.0,0.0,0.0,0.0,0.0,1.0
10,185,8.667802315704693,5.229099590827836,0.0,0.0,0.0,0.0,1.0,1.0
11,185,5.400239487320445,8.51334717630217,0.0,1.0,1.0,0.0,0.0,0.0
12,185,12.0,8.331851845616114,1.0,1.0,0.0,0.0,0.0,0.0
13,185,7.961379316244177,3.168005544625263,0.0,1.0,1.0,1.0,0.0,1.0
14,185,12.0,5.687125576185008,1.0,0.0,1.0,0.0,1.0,0.0
15,185,12.0,9.020041944265994,1.0,1.0,1.0,1.0,0.0,1.0
16,185,11.211476552355569,6.2677180937635,1.0,1.0,0.0,0.0,1.0,1.0
17,185,12.0,9.980142878287468,0.0,0.0,0.0,0.0,0.0,0.0
18,185,9.65479906466802,12.0,0.0,1.0,0.0,1.0,0.0,1.0
19,185,7.949127588337391,9.173032699988836,1.0,0.0,0.0,0.0,1.0,1.0
20,185,1.6145254556754818,0.8595677942453865,0.0,1.0,0.0,1.0,0.0,1.0
21,185,5.650666054093121,5.008356135795816,1.0,0.0,0.0,1.0,0.0,1.0
22,185,7.463199771139768,5.946245651495389,0.0,0.0,1.0,1.0,0.0,1.0
23,185,5.784531933119529,0.1436636439810056,0.0,1.0,1.0,0.0,0.0,0.0
24,185,3.985373577193555,0.0,1.0,1.0,0.0,0.0,0.0,1.0
25,185,10.321602443960698,0.9900532540266642,1.0,0.0,0.0,1.0,1.0,1.0
26,185,11.641838365733609,9.177660384969844,1.0,1.0,0.0,0.0,0.0,0.0
27,185,4.592972979354612,3.1567863246005547,0.0,0.0,1.0,0.0,0.0,0.0
28,185,4.460771977760317,4.1401128518460855,0.0,0.0,0.0,0.0,1.0,1.0
29,185,7.783957817830551,3.232154405566108,0.0,1.0,1.0,0.0,1.0,1.0
30,185,3.3422246051944438,7.019790724547468,1.0,0.0,0.0,0.0,0.0,1.0
31,185,9.181239845763589,8.985135508870908,1.0,0.0,1.0,1.0,0.0,1.0
32,185,1.509322129071977,4.359173502077208,0.0,0.0,1.0,0.0,1.0,1.0
33,185,0.0,0.0,0.0,1.0,0.0,0.0,1.0,1.0
34,185,1.45763299381809,4.389237574186461,0.0,0.0,0.0,0.0,0.0,1.0
35,185,1.4767929111552185,4.883589718202261,1.0,0.0,1.0,0.0,0.0,0.0
36,185,0.9105575790599754,8.116354574641102,0.0,1.0,0.0,0.0,0.0,0.0
37,185,0.1338363368687822,12.0,0.0,1.0,0.0,0.0,0.0,1.0
38,185,0.452908114435197,1.3820216084050776,1.0,0.0,1.0,1.0,0.0,0.0
39,185,9.038814749617176,2.987789034965879,0.0,1.0,0.0,0.0,0.0,0.0
0,190,0.0,4.965963889369604,0.0,0.0,0.0,0.0,1.0,0.0
1,190,5.465633955398464,11.392299586544532,0.0,1.0,1.0,0.0,0.0,0.0
2,190,11.69298584998387,4.148174757078652,0.0,0.0,0.0,0.0,1.0,0.0
3,190,8.199035837686445,12.0,0.0,0.0,1.0,1.0,1.0,0.0
4,190,12.0,6.193291141411375,0.0,1.0,1.0,0.0,1.0,1.0
5,190,8.434535612830196,0.412077086761489,0.0,0.0,0.0,0.0,0.0,0.0
6,190,4.819296236099746,8.947769241252395,1.0,0.0,0.0,1.0,0.0,0.0
7,190,5.736314791573976,0.0448048647581163,0.0,1.0,1.0,0.0,1.0,1.0
8,190,4.474461691623375,1.298791027772359,1.0,0.0,0.0,0.0,1.0,1.0
9,190,1.8922936443107785,11.748163749440954,1.0,0.0,0.0,0.0,0.0,1.0
10,190,8.64195032717699,5.176685130198036,0.0,0.0,0.0,0.0,1.0,1.0
11,190,5.374688981699669,8.506638712901935,0.0,1.0,1.0,0.0,0.0,0.0
12,190,12.0,8.296705602494567,1.0,1.0,0.0,0.0,0.0,0.0
13,190,8.033245868498899,3.1746085960780976,0.0,1.0,1.0,1.0,0.0,1.0
14,190,12.0,5.682082391154322,1.0,0.0,1.0,0.0,1.0,0.0
15,190,12.0,9.029108172824708,1.0,1.0,1.0,1.0,0.0,1.0
16,190,11.237927386522108,6.268823457723295,1.0,1.0,0.0,0.0,1.0,1.0
17,190,12.0,9.950055417043334,0.0,0.0,0.0,0.0,0.0,0.0
18,190,9.6211083659505,12.0,0.0,1.0,0.0,1.0,0.0,1.0
19,190,7.995127111397742,9.245551513380052,1.0,0.0,0.0,0.0,1.0,1.0
20,190,1.5107578343987211,0.8484869643961213,0.0,1.0,0.0,1.0,0.0,1.0
21,190,5.70567278237883,5.064122307183207,1.0,0.0,0.0,1.0,0.0,1.0
22,190,7.40887281643528,5.939623692168795,0.0,0.0,1.0,1.0,0.0,1.0
23,190,5.794350052558156,0.1249299556557095,0.0,1.0,1.0,0.0,0.0,0.0
24,190,4.011133417030637,0.0,1.0,1.0,0.0,0.0,0.0,1.0
25,190,10.274112310580506,0.9903614887531722,1.0,0.0,0.0,1.0,1.0,1.0
26,190,11.64596346463929,9.16654683590796,1.0,1.0,0.0,0.0,0.0,0.0
27,190,4.588068807249984,3.147833319576104,0.0,0.0,1.0,0.0,0.0,0.0
28,190,4.367845982680648,4.185092527317748,0.0,0.0,0.0,0.0,1.0,1.0
29,190,7.782492204233059,3.228970131805092,0.0,1.0,1.0,0.0,1.0,1.0
30,190,3.3404612078980653,7.028793561522458,1.0,0.0,0.0,0.0,0.0,1.0
31,190,9.148648765453345,8.995161877514725,1.0,0.0,1.0,1.0,0.0,1.0
32,190,1.3992554695341353,4.477450201476773,0.0,0.0,1.0,0.0,1.0,1.0
33,190,0.0,0.0,0.0,1.0,0.0,0.0,1.0,1.0
34,190,1.577061820156785,4.422975346306822,0.0,0.0,0.0,0.0,0.0,1.0
35,190,1.5019175545144927,4.868796181430336,1.0,0.0,1.0,0.0,0.0,0.0
36,190,0.9366931236623116,8.05240955651056,0.0,1.0,0.0,0.0,0.0,0.0
37,190,0.1383903154568863,12.0,0.0,1.0,0.0,0.0,0.0,1.0
38,190,0.3022787472360929,1.297409847708522,1.0,0.0,1.0,1.0,0.0,0.0
39,190,8.99284734331293,2.927026964528238,0.0,1.0,0.0,0.0,0.0,0.0
0,195,0.0,4.907549145610953,0.0,0.0,0.0,0.0,1.0,0.0
1,195,5.4637254247261,11.39419894797513,0.0,1.0,1.0,0.0,0.0,0.0
2,195,11.704798778029026,4.138384476880389,0.0,0.0,0.0,0.0,1.0,0.0
3,195,8.149492439109485,12.0,0.0,0.0,1.0,1.0,1.0,0.0
4,195,12.0,6.199313745183269,0.0,1.0,1.0,0.0,1.0,1.0
5,195,8.475624575390789,0.2762671635008439,0.0,0.0,0.0,0.0,0.0,0.0
6,195,4.810622936678374,9.00073155676245,1.0,0.0,0.0,1.0,0.0,0.0
7,195,5.828708672385402,0.0013358509863387,0.0,1.0,1.0,0.0,1.0,1.0
8,195,4.433870425646544,1.3487117890126732,1.0,0.0,0.0,0.0,1.0,1.0
9,195,1.7336961190153577,11.693948290577593,1.0,0.0,0.0,0.0,0.0,1.0
10,195,8.62216282510169,5.137816702904777,0.0,0.0,0.0,0.0,1.0,1.0
11,195,5.350104157139443,8.499623523617123,0.0,1.0,1.0,0.0,0.0,0.0
12,195,12.0,8.262311829915655,1.0,1.0,0.0,0.0,0.0,0.0
13,195,8.101220506966339,3.1819249794294566,0.0,1.0,1.0,1.0,0.0,1.0
14,195,12.0,5.677446463057561,1.0,0.0,1.0,0.0,1.0,0.0
15,195,12.0,9.03228392823816,1.0,1.0,1.0,1.0,0.0,1.0
16,195,11.242858937506334,6.269078402166886,1.0,1.0,0.0,0.0,1.0,1.0
17,195,12.0,9.922196334651776,0.0,0.0,0.0,0.0,0.0,0.0
18,195,9.583306873156817,12.0,0.0,1.0,0.0,1.0,0.0,1.0
19,195,8.034620635710505,9.303851138578938,1.0,0.0,0.0,0.0,1.0,1.0
20,195,1.4019078774534832,0.8349362013088938,0.0,1.0,0.0,1.0,0.0,1.0
21,195,5.758197611828193,5.11756187798617,1.0,0.0,0.0,1.0,0.0,1.0
22,195,7.343470724767914,5.931256044214766,0.0,0.0,1.0,1.0,0.0,1.0
23,195,5.801007495058119,0.1120522954975067,0.0,1.0,1.0,0.0,0.0,0.0
24,195,4.034424116053172,0.0,1.0,1.0,0.0,0.0,0.0,1.0
25,195,10.221615835178248,0.9894682381311084,1.0,0.0,0.0,1.0,1.0,1.0
26,195,11.651679242666129,9.149665823796356,1.0,1.0,0.0,0.0,0.0,0.0
27,195,4.584183352478082,3.1405332861186825,0.0,0.0,1.0,0.0,0.0,0.0
28,195,4.273233270966855,4.232484227168729,0.0,0.0,0.0,0.0,1.0,1.0
29,195,7.7783540108984095,3.2201740100993823,0.0,1.0,1.0,0.0,1.0,1.0
30,195,3.341298911688744,7.024439200066838,1.0,0.0,0.0,0.0,0.0,1.0
31,195,9.09603506400382,9.01145408688312,1.0,0.0,1.0,1.0,0.0,1.0
32,195,1.2789874151968397,4.608731731244055,0.0,0.0,1.0,0.0,1.0,1.0
33,195,0.0,0.0,0.0,1.0,0.0,0.0,1.0,1.0
34,195,1.710869401613416,4.460758205738327,0.0,0.0,0.0,0.0,0.0,1.0
35,195,1.544704041411712,4.843314214923626,1.0,0.0,1.0,0.0,0.0,0.0
36,195,0.9693045911353076,7.978119963088966,0.0,1.0,0.0,0.0,0.0,0.0
37,195,0.1430640239145248,12.0,0.0,1.0,0.0,0.0,0.0,1.0
38,195,0.1301142152636582,1.198703518155813,1.0,0.0,1.0,1.0,0.0,0.0
39,195,8.931642284492336,2.8499058905100303,0.0,1.0,0.0,0.0,0.0,0.0
0,200,0.0,4.9419427428972185,0.0,0.0,0.0,0.0,1.0,0.0
1,200,5.4560985138501,11.401667180406696,0.0,1.0,1.0,0.0,0.0,0.0
2,200,11.714186423062234,4.130707209304728,0.0,0.0,0.0,0.0,1.0,0.0
3,200,8.089185367959361,12.0,0.0,0.0,1.0,1.0,1.0,0.0
4,200,12.0,6.204409636577357,0.0,1.0,1.0,0.0,1.0,1.0
5,200,8.512297271261907,0.1495639593377186,0.0,0.0,0.0,0.0,0.0,0.0
6,200,4.805813425915338,9.035367791820452,1.0,0.0,0.0,1.0,0.0,0.0
7,200,5.917099112383642,0.0,0.0,1.0,1.0,0.0,1.0,1.0
8,200,4.3826662362031295,1.408585056098402,1.0,0.0,0.0,0.0,1.0,1.0
9,200,1.5720746081455492,11.637781435132398,1.0,0.0,0.0,0.0,0.0,1.0
10,200,8.60369733543943,5.096826875645406,0.0,0.0,0.0,0.0,1.0,1.0
11,200,5.308471348591522,8.487462341471192,0.0,1.0,1.0,0.0,0.0,0.0
12,200,12.0,8.238785045722596,1.0,1.0,0.0,0.0,0.0,0.0
13,200,8.162893286812482,3.1875589910396083,0.0,1.0,1.0,1.0,0.0,1.0
14,200,12.0,5.672347530319522,1.0,0.0,1.0,0.0,1.0,0.0
15,200,12.0,9.040300168251164,1.0,1.0,1.0,1.0,0.0,1.0
16,200,11.262988213015166,6.270717545555599,1.0,1.0,0.0,0.0,1.0,1.0
17,200,12.0,9.8864306897012,0.0,0.0,0.0,0.0,0.0,0.0
18,200,9.557078145065368,12.0,0.0,1.0,0.0,1.0,0.0,1.0
19,200,8.091455737789506,9.38689690742587,1.0,0.0,0.0,0.0,1.0,1.0
20,200,1.2930073937512658,0.8201792660627857,0.0,1.0,0.0,1.0,0.0,1.0
21,200,5.837863352168273,5.192564728895653,1.0,0.0,0.0,1.0,0.0,1.0
22,200,7.258113262555545,5.920590702365962,0.0,0.0,1.0,1.0,0.0,1.0
23,200,5.80610192402502,0.1024059238870586,0.0,1.0,1.0,0.0,0.0,0.0
24,200,4.053885189548439,0.0,1.0,1.0,0.0,0.0,0.0,1.0
25,200,10.174672416473085,0.9883131713918748,1.0,0.0,0.0,1.0,1.0,1.0
26,200,11.646282064272349,9.165386624358655,1.0,1.0,0.0,0.0,0.0,0.0
27,200,4.579129983554157,3.1313244426541127,0.0,0.0,1.0,0.0,0.0,0.0
28,200,4.198267556114621,4.271777601954582,0.0,0.0,0.0,0.0,1.0,1.0
29,200,7.767064464272259,3.195545877493322,0.0,1.0,1.0,0.0,1.0,1.0
30,200,3.3428945087829365,7.016498272292337,1.0,0.0,0.0,0.0,0.0,1.0
31,200,9.04311117228097,9.029802758163536,1.0,0.0,1.0,1.0,0.0,1.0
32,200,1.1564693809710913,4.738169848488397,0.0,0.0,1.0,0.0,1.0,1.0
33,200,0.0,0.0,0.0,1.0,0.0,0.0,1.0,1.0
34,200,1.8442984051031328,4.498493274043069,0.0,0.0,0.0,0.0,0.0,1.0
35,200,1.5889320577311337,4.816315634093427,1.0,0.0,1.0,0.0,0.0,0.0
36,200,1.0146055038731794,7.878854283587135,0.0,1.0,0.0,0.0,0.0,0.0
37,200,0.1451135329547238,12.0,0.0,1.0,0.0,0.0,0.0,1.0
38,200,0.0,1.1116705765183326,1.0,0.0,1.0,1.0,0.0,0.0
39,200,8.873151624091962,2.7766274490460883,0.0,1.0,0.0,0.0,0.0,0.0
0,205,0.0,4.971807852129552,0.0,0.0,0.0,0.0,1.0,0.0
1,205,5.455712386786886,11.402062021459493,0.0,1.0,1.0,0.0,0.0,0.0
2,205,11.7199897520037,4.125802490367954,0.0,0.0,0.0,0.0,1.0,0.0
3,205,8.02589643481098,12.0,0.0,0.0,1.0,1.0,1.0,0.0
4,205,12.0,6.208763968673255,0.0,1.0,1.0,0.0,1.0,1.0
5,205,8.54509413136154,0.0410569155878572,0.0,0.0,0.0,0.0,0.0,0.0
6,205,4.800901080457781,9.07416918376376,1.0,0.0,0.0,1.0,0.0,0.0
7,205,6.0025255814787455,0.0,0.0,1.0,1.0,0.0,1.0,1.0
8,205,4.318066494906296,1.4820240157238458,1.0,0.0,0.0,0.0,1.0,1.0
9,205,1.4176462106745022,11.581396589644765,1.0,0.0,0.0,0.0,0.0,1.0
10,205,8.584899840250426,5.052296680446867,0.0,0.0,0.0,0.0,1.0,1.0
11,205,5.248473827414431,8.468913045614833,0.0,1.0,1.0,0.0,0.0,0.0
12,205,12.0,8.210044085442187,1.0,1.0,0.0,0.0,0.0,0.0
13,205,8.20724124354217,3.192717996058124,0.0,1.0,1.0,1.0,0.0,1.0
14,205,12.0,5.668852247289206,1.0,0.0,1.0,0.0,1.0,0.0
15,205,12.0,9.044770006620023,1.0,1.0,1.0,1.0,0.0,1.0
16,205,11.304072719588104,6.274509624288201,1.0,1.0,0.0,0.0,1.0,1.0
17,205,12.0,9.835085178246654,0.0,0.0,0.0,0.0,0.0,0.0
18,205,9.537900642332666,12.0,0.0,1.0,0.0,1.0,0.0,1.0
19,205,8.146933387785506,9.471323812662003,1.0,0.0,0.0,0.0,1.0,1.0
20,205,1.191763424528625,0.8077956590974963,0.0,1.0,0.0,1.0,0.0,1.0
21,205,5.908148721969294,5.258251342678914,1.0,0.0,0.0,1.0,0.0,1.0
22,205,7.192726182030034,5.910668891387211,0.0,0.0,1.0,1.0,0.0,1.0
23,205,5.8044842756121495,0.1055658713696042,0.0,1.0,1.0,0.0,0.0,0.0
24,205,4.070689668826542,0.0,1.0,1.0,0.0,0.0,0.0,1.0
25,205,10.154486292062874,0.9880867331335303,1.0,0.0,0.0,1.0,1.0,1.0
26,205,11.643245029868272,9.174508297727622,1.0,1.0,0.0,0.0,0.0,0.0
27,205,4.579357588309204,3.1317321720152687,0.0,0.0,1.0,0.0,0.0,0.0
28,205,4.114910941982477,4.315336500310281,0.0,0.0,0.0,0.0,1.0,1.0
29,205,7.757861522981291,3.17456368985792,0.0,1.0,1.0,0.0,1.0,1.0
30,205,3.339409324424311,7.035264779920679,1.0,0.0,0.0,0.0,0.0,1.0
31,205,9.011121502214962,9.040497642329353,1.0,0.0,1.0,1.0,0.0,1.0
32,205,1.03557713328125,4.871735026956271,0.0,0.0,1.0,0.0,1.0,1.0
33,205,0.0,0.0,0.0,1.0,0.0,0.0,1.0,1.0
34,205,1.980706858558924,4.531083121137677,0.0,0.0,0.0,0.0,0.0,1.0
35,205,1.6236819321591227,4.79619689827327,1.0,0.0,1.0,0.0,0.0,0.0
36,205,1.066109165018973,7.767839444996203,0.0,1.0,0.0,0.0,0.0,0.0
37,205,0.1483665878430467,12.0,0.0,1.0,0.0,0.0,0.0,1.0
38,205,0.0,1.0293497621324752,1.0,0.0,1.0,1.0,0.0,0.0
39,205,8.80117741050016,2.6936487515551515,0.0,1.0,0.0,0.0,0.0,0.0
0,210,0.0,4.998833043197033,0.0,0.0,0.0,0.0,1.0,0.0
1,210,5.45891093000073,11.398724548964337,0.0,1.0,1.0,0.0,0.0,0.0
2,210,11.73690441779725,4.111303885139736,0.0,0.0,0.0,0.0,1.0,0.0
3,210,7.9644322941532835,12.0,0.0,0.0,1.0,1.0,1.0,0.0
4,210,12.0,6.212652539214787,0.0,1.0,1.0,0.0,1.0,1.0
5,210,8.578867760210738,0.0,0.0,0.0,0.0,0.0,0.0,0.0
6,210,4.792983380229665,9.140393117218707,1.0,0.0,0.0,1.0,0.0,0.0
7,210,6.105013454853457,0.0,0.0,1.0,1.0,0.0,1.0,1.0
8,210,4.243631367037057,1.565382788781716,1.0,0.0,0.0,0.0,1.0,1.0
9,210,1.2729255341115375,11.523494835357091,1.0,0.0,0.0,0.0,0.0,1.0
10,210,8.57063776458457,5.017852042141816,0.0,0.0,0.0,0.0,1.0,1.0
11,210,5.187587052184099,8.450161581098163,0.0,1.0,1.0,0.0,0.0,0.0
12,210,12.0,8.198709261589627,1.0,1.0,0.0,0.0,0.0,0.0
13,210,8.244283251732208,3.196910538215772,0.0,1.0,1.0,1.0,0.0,1.0
14,210,12.0,5.667800705102329,1.0,0.0,1.0,0.0,1.0,0.0
15,210,12.0,9.050588858907425,1.0,1.0,1.0,1.0,0.0,1.0
16,210,11.371209102260714,6.280228526431288,1.0,1.0,0.0,0.0,1.0,1.0
17,210,12.0,9.80516247332001,0.0,0.0,0.0,0.0,0.0,0.0
18,210,9.51834466108588,12.0,0.0,1.0,0.0,1.0,0.0,1.0
19,210,8.200833107168961,9.55524190728515,1.0,0.0,0.0,0.0,1.0,1.0
20,210,1.0795025124265245,0.7927477403736249,0.0,1.0,0.0,1.0,0.0,1.0
21,210,5.97173511569501,5.317185711889432,1.0,0.0,0.0,1.0,0.0,1.0
22,210,7.138691359048765,5.902515422781383,0.0,0.0,1.0,1.0,0.0,1.0
23,210,5.803463375369981,0.1075484830287611,0.0,1.0,1.0,0.0,0.0,0.0
24,210,4.0813365571062805,0.0,1.0,1.0,0.0,0.0,0.0,1.0
25,210,10.107441981346875,0.98755577090471,1.0,0.0,0.0,1.0,1.0,1.0
26,210,11.63975475540062,9.185347768410868,1.0,1.0,0.0,0.0,0.0,0.0
27,210,4.583995478981371,3.139703905729278,0.0,0.0,1.0,0.0,0.0,0.0
28,210,4.039970757758932,4.356515739901912,0.0,0.0,0.0,0.0,1.0,1.0
29,210,7.750335753940435,3.157116128970718,0.0,1.0,1.0,0.0,1.0,1.0
30,210,3.3297571157136017,7.0902633146209615,1.0,0.0,0.0,0.0,0.0,1.0
31,210,8.971336508303843,9.052722668657644,1.0,0.0,1.0,1.0,0.0,1.0
32,210,0.9245690112801644,4.991625726773756,0.0,0.0,1.0,0.0,1.0,1.0
33,210,0.0,0.0,0.0,1.0,0.0,0.0,1.0,1.0
34,210,2.1243453920234083,4.566598129715079,0.0,0.0,0.0,0.0,0.0,1.0
35,210,1.65588278442138,4.776629994432192,1.0,0.0,1.0,0.0,0.0,0.0
36,210,1.1193782134834802,7.657224877425687,0.0,1.0,0.0,0.0,0.0,0.0
37,210,0.1506607546757241,12.0,0.0,1.0,0.0,0.0,0.0,1.0
38,210,0.0,0.949234435706346,1.0,0.0,1.0,1.0,0.0,0.0
39,210,8.739486640777049,2.6259774570936507,0.0,1.0,0.0,0.0,0.0,0.0
0,215,0.0,5.026244189929775,0.0,0.0,0.0,0.0,1.0,0.0
1,215,5.471956884031143,11.384490209843994,0.0,1.0,1.0,0.0,0.0,0.0
2,215,11.729730856043169,4.1027542272595445,0.0,0.0,0.0,0.0,1.0,0.0
3,215,7.899820740736156,12.0,0.0,0.0,1.0,1.0,1.0,0.0
4,215,12.0,6.216613096178733,0.0,1.0,1.0,0.0,1.0,1.0
5,215,8.615742167958743,0.0,0.0,0.0,0.0,0.0,0.0,0.0
6,215,4.786634283876495,9.20901096481536,1.0,0.0,0.0,1.0,0.0,0.0
7,215,6.190498940145762,0.0,0.0,1.0,1.0,0.0,1.0,1.0
8,215,4.166983446459638,1.651368576664566,1.0,0.0,0.0,0.0,1.0,1.0
9,215,1.1133743455427116,11.456574862507903,1.0,0.0,0.0,0.0,0.0,1.0
10,215,8.566714217284526,5.00864971486832,0.0,0.0,0.0,0.0,1.0,1.0
11,215,5.150760695358545,8.438438160131298,0.0,1.0,1.0,0.0,0.0,0.0
12,215,12.0,8.194436385127029,1.0,1.0,0.0,0.0,0.0,0.0
13,215,8.254103653160591,3.1977169013109825,0.0,1.0,1.0,1.0,0.0,1.0
14,215,12.0,5.666467706040105,1.0,0.0,1.0,0.0,1.0,0.0
15,215,12.0,9.050642017136418,1.0,1.0,1.0,1.0,0.0,1.0
16,215,11.417309949887056,6.285765284982475,1.0,1.0,0.0,0.0,1.0,1.0
17,215,12.0,9.770744711872627,0.0,0.0,0.0,0.0,0.0,0.0
18,215,9.497446819967536,12.0,0.0,1.0,0.0,1.0,0.0,1.0
19,215,8.26026016356448,9.651824700681884,1.0,0.0,0.0,0.0,1.0,1.0
20,215,0.9519864753019316,0.7811418841379445,0.0,1.0,0.0,1.0,0.0,1.0
21,215,6.043141303010412,5.382386819988257,1.0,0.0,0.0,1.0,0.0,1.0
22,215,7.094065735788531,5.895322582607385,0.0,0.0,1.0,1.0,0.0,1.0
23,215,5.798135757572804,0.1179209529065732,0.0,1.0,1.0,0.0,0.0,0.0
24,215,4.093858207614493,0.0,1.0,1.0,0.0,0.0,0.0,1.0
25,215,10.052230363931574,0.987284526575516,1.0,0.0,0.0,1.0,1.0,1.0
26,215,11.63292139644181,9.207998115583882,1.0,1.0,0.0,0.0,0.0,0.0
27,215,4.592586680814994,3.155875686468713,0.0,0.0,1.0,0.0,0.0,0.0
28,215,4.072162295071526,4.415519224362215,0.0,0.0,0.0,0.0,1.0,1.0
29,215,7.749310260739824,3.154736791898892,0.0,1.0,1.0,0.0,1.0,1.0
30,215,3.3204296634114496,7.141240233079871,1.0,0.0,0.0,0.0,0.0,1.0
31,215,8.908585442922499,9.071690837139307,1.0,0.0,1.0,1.0,0.0,1.0
32,215,0.8018136832898847,5.11732110118716,0.0,0.0,1.0,0.0,1.0,1.0
33,215,0.0,0.0,0.0,1.0,0.0,0.0,1.0,1.0
34,215,2.0863442179844847,4.7117719428948455,0.0,0.0,0.0,0.0,0.0,1.0
35,215,1.675510008803061,4.764725664437508,1.0,0.0,1.0,0.0,0.0,0.0
36,215,1.1735252672873355,7.541613804245431,0.0,1.0,0.0,0.0,0.0,0.0
37,215,0.1560436400794747,12.0,0.0,1.0,0.0,0.0,0.0,1.0
38,215,0.0,0.8775398445018158,1.0,0.0,1.0,1.0,0.0,0.0
39,215,8.674966822084713,2.555701346199973,0.0,1.0,0.0,0.0,0.0,0.0
0,220,0.0,5.063010357254507,0.0,0.0,0.0,0.0,1.0,0.0
1,220,5.48949562312047,11.365766324320996,0.0,1.0,1.0,0.0,0.0,0.0
2,220,11.71681480339999,4.087283426712067,0.0,0.0,0.0,0.0,1.0,0.0
3,220,7.831120921224898,12.0,0.0,0.0,1.0,1.0,1.0,0.0
4,220,12.0,6.221088548567365,0.0,1.0,1.0,0.0,1.0,1.0
5,220,8.654433029570486,0.0,0.0,0.0,0.0,0.0,0.0,0.0
6,220,4.7819425273492255,9.274903342931283,1.0,0.0,0.0,1.0,0.0,0.0
7,220,6.284678557807981,0.0,0.0,1.0,1.0,0.0,1.0,1.0
8,220,4.089814352410555,1.735172983395372,1.0,0.0,0.0,0.0,1.0,1.0
9,220,0.9339613975758392,11.387349033092214,1.0,0.0,0.0,0.0,0.0,1.0
10,220,8.558108066298104,4.987649465326103,0.0,0.0,0.0,0.0,1.0,1.0
11,220,5.1339004299617645,8.432606791491834,0.0,1.0,1.0,0.0,0.0,0.0
12,220,12.0,8.192602220667542,1.0,1.0,0.0,0.0,0.0,0.0
13,220,8.259855567254075,3.1981094232374243,0.0,1.0,1.0,1.0,0.0,1.0
14,220,12.0,5.666868509611248,1.0,0.0,1.0,0.0,1.0,0.0
15,220,12.0,9.052333852789738,1.0,1.0,1.0,1.0,0.0,1.0
16,220,11.48340777997362,6.295716105884557,1.0,1.0,0.0,0.0,1.0,1.0
17,220,12.0,9.735297141127244,0.0,0.0,0.0,0.0,0.0,0.0
18,220,9.47250331108747,12.0,0.0,1.0,0.0,1.0,0.0,1.0
19,220,8.33207631505138,9.77121624759694,1.0,0.0,0.0,0.0,1.0,1.0
20,220,0.8255254241862582,0.7705418258386293,0.0,1.0,0.0,1.0,0.0,1.0
21,220,6.105226101671894,5.442142472485303,1.0,0.0,0.0,1.0,0.0,1.0
22,220,7.048199724939654,5.886362543541813,0.0,0.0,1.0,1.0,0.0,1.0
23,220,5.801997151591079,0.1105644501115801,0.0,1.0,1.0,0.0,0.0,0.0
24,220,4.107180318976834,0.0,1.0,1.0,0.0,0.0,0.0,1.0
25,220,10.01184157390592,0.9869451384961602,1.0,0.0,0.0,1.0,1.0,1.0
26,220,11.626688389894566,9.22847780132508,1.0,1.0,0.0,0.0,0.0,0.0
27,220,4.589812076635774,3.15070607272722,0.0,0.0,1.0,0.0,0.0,0.0
28,220,4.098860059780403,4.465882195248339,0.0,0.0,0.0,0.0,1.0,1.0
29,220,7.751476610728427,3.1595136928967458,0.0,1.0,1.0,0.0,1.0,1.0
30,220,3.310647739352857,7.199823924812591,1.0,0.0,0.0,0.0,0.0,1.0
31,220,8.85222291649158,9.0884232842672,1.0,0.0,1.0,1.0,0.0,1.0
32,220,0.6664602603475966,5.253603816069324,0.0,0.0,1.0,0.0,1.0,1.0
33,220,0.0,0.0,0.0,1.0,0.0,0.0,1.0,1.0
34,220,2.046795863087366,4.885288353363003,0.0,0.0,0.0,0.0,0.0,1.0
35,220,1.7153324506841838,4.7398862098146575,1.0,0.0,1.0,0.0,0.0,0.0
36,220,1.2259261996683164,7.432858383160551,0.0,1.0,0.0,0.0,0.0,0.0
37,220,0.1602699862787799,12.0,0.0,1.0,0.0,0.0,0.0,1.0
38,220,0.0,0.817818328726815,1.0,0.0,1.0,1.0,0.0,0.0
39,220,8.593029928547573,2.4719758666320373,0.0,1.0,0.0,0.0,0.0,0.0
0,225,0.0,5.094744098993239,0.0,0.0,0.0,0.0,1.0,0.0
1,225,5.515803000616791,11.33701562667287,0.0,1.0,1.0,0.0,0.0,0.0
2,225,11.70844135967512,4.077001611948906,0.0,0.0,0.0,0.0,1.0,0.0
3,225,7.763158737312194,12.0,0.0,0.0,1.0,1.0,1.0,0.0
4,225,12.0,6.227611943192013,0.0,1.0,1.0,0.0,1.0,1.0
5,225,8.6925880822913,0.0,0.0,0.0,0.0,0.0,0.0,0.0
6,225,4.777533138970811,9.342002716245572,1.0,0.0,0.0,1.0,0.0,0.0
7,225,6.3936288703779,0.0,0.0,1.0,1.0,0.0,1.0,1.0
8,225,4.0149621632123695,1.8180968112481728,1.0,0.0,0.0,0.0,1.0,1.0
9,225,0.7419856986581514,11.314869973775576,1.0,0.0,0.0,0.0,0.0,1.0
10,225,8.547824676224774,4.963443939928476,0.0,0.0,0.0,0.0,1.0,1.0
11,225,5.109704837947836,8.424213802968309,0.0,1.0,1.0,0.0,0.0,0.0
12,225,11.99910232856842,8.193426694955013,1.0,1.0,0.0,0.0,0.0,0.0
13,225,8.284069433219674,3.2002016434643723,0.0,1.0,1.0,1.0,0.0,1.0
14,225,12.0,5.666031023624891,1.0,0.0,1.0,0.0,1.0,0.0
15,225,12.0,9.05663005212704,1.0,1.0,1.0,1.0,0.0,1.0
16,225,11.553451899717224,6.304837976123437,1.0,1.0,0.0,0.0,1.0,1.0
17,225,12.0,9.70150517051608,0.0,0.0,0.0,0.0,0.0,0.0
18,225,9.45030800505822,12.0,0.0,1.0,0.0,1.0,0.0,1.0
19,225,8.408587611749052,9.896691415033688,1.0,0.0,0.0,0.0,1.0,1.0
20,225,0.6904399946261536,0.7617328074816156,0.0,1.0,0.0,1.0,0.0,1.0
21,225,6.177867831097777,5.510220240914936,1.0,0.0,0.0,1.0,0.0,1.0
22,225,6.993792640543591,5.876742969636599,0.0,0.0,1.0,1.0,0.0,1.0
23,225,5.819514519309794,0.0793252170285929,0.0,1.0,1.0,0.0,0.0,0.0
24,225,4.118762324701269,0.0,1.0,1.0,0.0,0.0,0.0,1.0
25,225,9.972373580860772,0.9871833623872708,1.0,0.0,0.0,1.0,1.0,1.0
26,225,11.618845829384592,9.25355347588096,1.0,1.0,0.0,0.0,0.0,0.0
27,225,4.586576530774612,3.1447639169423613,0.0,0.0,1.0,0.0,0.0,0.0
28,225,4.121531058804452,4.508611955922707,0.0,0.0,0.0,0.0,1.0,1.0
29,225,7.746684389234613,3.1487792513328228,0.0,1.0,1.0,0.0,1.0,1.0
30,225,3.303615888396277,7.237917770034916,1.0,0.0,0.0,0.0,0.0,1.0
31,225,8.776532682197434,9.109144086789463,1.0,0.0,1.0,1.0,0.0,1.0
32,225,0.5109366935192764,5.404592902151271,0.0,0.0,1.0,0.0,1.0,1.0
33,225,0.0,0.0,0.0,1.0,0.0,0.0,1.0,1.0
34,225,2.007143036833716,5.058332725873074,0.0,0.0,0.0,0.0,0.0,1.0
35,225,1.7520197260381256,4.715075490731306,1.0,0.0,1.0,0.0,0.0,0.0
36,225,1.2766841339959498,7.315693666802408,0.0,1.0,0.0,0.0,0.0,0.0
37,225,0.1650572421293823,12.0,0.0,1.0,0.0,0.0,0.0,1.0
38,225,0.0,0.7422285739817378,1.0,0.0,1.0,1.0,0.0,0.0
39,225,8.495461883733988,2.373065273556306,0.0,1.0,0.0,0.0,0.0,0.0
0,230,0.0,5.123998157305101,0.0,0.0,0.0,0.0,1.0,0.0
1,230,5.542809190050426,11.307862620383188,0.0,1.0,1.0,0.0,0.0,0.0
2,230,11.705622509456912,4.073541944131205,0.0,0.0,0.0,0.0,1.0,0.0
3,230,7.699062640768441,12.0,0.0,0.0,1.0,1.0,1.0,0.0
4,230,12.0,6.233904205743348,0.0,1.0,1.0,0.0,1.0,1.0
5,230,8.732428698023831,0.0,0.0,0.0,0.0,0.0,0.0,0.0
6,230,4.772652229560101,9.408716213691074,1.0,0.0,0.0,1.0,0.0,0.0
7,230,6.523637083175199,0.0,0.0,1.0,1.0,0.0,1.0,1.0
8,230,3.937965082932665,1.9036053105795627,1.0,0.0,0.0,0.0,1.0,1.0
9,230,0.5270849062685011,11.236628190312508,1.0,0.0,0.0,0.0,0.0,1.0
10,230,8.537396211799853,4.937761677564533,0.0,0.0,0.0,0.0,1.0,1.0
11,230,5.089057610369802,8.41757066165505,0.0,1.0,1.0,0.0,0.0,0.0
12,230,11.999581033299451,8.193005176359728,1.0,1.0,0.0,0.0,0.0,0.0
13,230,8.32313856438435,3.202326260647598,0.0,1.0,1.0,1.0,0.0,1.0
14,230,12.0,5.667333735024577,1.0,0.0,1.0,0.0,1.0,0.0
15,230,12.0,9.05891033925313,1.0,1.0,1.0,1.0,0.0,1.0
16,230,11.623384025250015,6.310825125564677,1.0,1.0,0.0,0.0,1.0,1.0
17,230,12.0,9.672396120977211,0.0,0.0,0.0,0.0,0.0,0.0
18,230,9.420950108438312,12.0,0.0,1.0,0.0,1.0,0.0,1.0
19,230,8.49950118460957,10.035139026051052,1.0,0.0,0.0,0.0,1.0,1.0
20,230,0.5386886744322106,0.7535366891479265,0.0,1.0,0.0,1.0,0.0,1.0
21,230,6.256147099163214,5.585612389946728,1.0,0.0,0.0,1.0,0.0,1.0
22,230,6.928342882123243,5.862090084293599,0.0,0.0,1.0,1.0,0.0,1.0
23,230,5.846278788058618,0.0329689978114779,0.0,1.0,1.0,0.0,0.0,0.0
24,230,4.125560413194111,0.0,1.0,1.0,0.0,0.0,0.0,1.0
25,230,9.927284548400198,0.9863577596136766,1.0,0.0,0.0,1.0,1.0,1.0
26,230,11.602159618525905,9.248430192334604,1.0,1.0,0.0,0.0,0.0,0.0
27,230,4.570450182028144,3.1153795892900904,0.0,0.0,1.0,0.0,0.0,0.0
28,230,4.143087900135146,4.549518497685116,0.0,0.0,0.0,0.0,1.0,1.0
29,230,7.736352919283235,3.1243245577000303,0.0,1.0,1.0,0.0,1.0,1.0
30,230,3.3012550239046825,7.252706246265069,1.0,0.0,0.0,0.0,0.0,1.0
31,230,8.708776683203583,9.129007471644972,1.0,0.0,1.0,1.0,0.0,1.0
32,230,0.3339272567549429,5.569307913648313,0.0,0.0,1.0,0.0,1.0,1.0
33,230,0.0,0.0,0.0,1.0,0.0,0.0,1.0,1.0
34,230,1.9690574719695448,5.219788914549111,0.0,0.0,0.0,0.0,0.0,1.0
35,230,1.7931118222900877,4.6862117891572845,1.0,0.0,1.0,0.0,0.0,0.0
36,230,1.3173559905292491,7.217942989080553,0.0,1.0,0.0,0.0,0.0,0.0
37,230,0.1688006449739102,12.0,0.0,1.0,0.0,0.0,0.0,1.0
38,230,0.0,0.6645148005406067,1.0,0.0,1.0,1.0,0.0,0.0
39,230,8.409435851178475,2.2842226051672547,0.0,1.0,0.0,0.0,0.0,0.0
0,235,0.0,5.147569955617754,0.0,0.0,0.0,0.0,1.0,0.0
1,235,5.575669638025053,11.272368344785288,0.0,1.0,1.0,0.0,0.0,0.0
2,235,11.69721005729338,4.063149307136248,0.0,0.0,0.0,0.0,1.0,0.0
3,235,7.637555460590956,12.0,0.0,0.0,1.0,1.0,1.0,0.0
4,235,11.993703717532531,6.334589253003452,0.0,1.0,1.0,0.0,1.0,1.0
5,235,8.772803038373157,0.0,0.0,0.0,0.0,0.0,0.0,0.0
6,235,4.767909529406997,9.467107753874098,1.0,0.0,0.0,1.0,0.0,0.0
7,235,6.657311279938693,0.0,0.0,1.0,1.0,0.0,1.0,1.0
8,235,3.8538642487380086,1.996935697975011,1.0,0.0,0.0,0.0,1.0,1.0
9,235,0.3063143024673763,11.151416170262271,1.0,0.0,0.0,0.0,0.0,1.0
10,235,8.517834725828456,4.887316257201731,0.0,0.0,0.0,0.0,1.0,1.0
11,235,5.069653027597702,8.411129015561114,0.0,1.0,1.0,0.0,0.0,0.0
12,235,11.992916607920325,8.198887330337367,1.0,1.0,0.0,0.0,0.0,0.0
13,235,8.353317212614321,3.204028512379688,0.0,1.0,1.0,1.0,0.0,1.0
14,235,12.0,5.668172060744348,1.0,0.0,1.0,0.0,1.0,0.0
15,235,11.987993917728348,9.055894830608109,1.0,1.0,1.0,1.0,0.0,1.0
16,235,11.703738620182898,6.318917888358307,1.0,1.0,0.0,0.0,1.0,1.0
17,235,12.0,9.644830804340916,0.0,0.0,0.0,0.0,0.0,0.0
18,235,9.394129058004792,12.0,0.0,1.0,0.0,1.0,0.0,1.0
19,235,8.584414376567874,10.168629502847132,1.0,0.0,0.0,0.0,1.0,1.0
20,235,0.3891879098474509,0.7428840430839041,0.0,1.0,0.0,1.0,0.0,1.0
21,235,6.315613829428236,5.6427410079483415,1.0,0.0,0.0,1.0,0.0,1.0
22,235,6.8672099115141325,5.847484835479778,0.0,0.0,1.0,1.0,0.0,1.0
23,235,5.873002305795676,0.0,0.0,1.0,1.0,0.0,0.0,0.0
24,235,4.133720773386203,0.0,1.0,1.0,0.0,0.0,0.0,1.0
25,235,9.89000923812021,0.9853452269226002,1.0,0.0,0.0,1.0,1.0,1.0
26,235,11.592404534777046,9.245329017210253,1.0,1.0,0.0,0.0,0.0,0.0
27,235,4.56109533780243,3.0975528257204106,0.0,0.0,1.0,0.0,0.0,0.0
28,235,4.156578633805124,4.574275810811054,0.0,0.0,0.0,0.0,1.0,1.0
29,235,7.720565477287391,3.08772482131338,0.0,1.0,1.0,0.0,1.0,1.0
30,235,3.300850699565395,7.255084023357434,1.0,0.0,0.0,0.0,0.0,1.0
31,235,8.642658416535534,9.14935605592032,1.0,0.0,1.0,1.0,0.0,1.0
32,235,0.1526644841672798,5.73932854219368,0.0,0.0,1.0,0.0,1.0,1.0
33,235,0.0,0.0,0.0,1.0,0.0,0.0,1.0,1.0
34,235,1.9274730983793296,5.402689454626298,0.0,0.0,0.0,0.0,0.0,1.0
35,235,1.8364944781230907,4.654619225350894,1.0,0.0,1.0,0.0,0.0,0.0
36,235,1.3652750665765043,7.103068961453817,0.0,1.0,0.0,0.0,0.0,0.0
37,235,0.171328556216274,12.0,0.0,1.0,0.0,0.0,0.0,1.0
38,235,0.0,0.5893568247948722,1.0,0.0,1.0,1.0,0.0,0.0
39,235,8.321008355686802,2.195024101960356,0.0,1.0,0.0,0.0,0.0,0.0
0,240,0.0,5.166719245421429,0.0,0.0,0.0,0.0,1.0,0.0
1,240,5.612129694601708,11.233728572619812,0.0,1.0,1.0,0.0,0.0,0.0
2,240,11.680347553971972,4.041730465845686,0.0,0.0,0.0,0.0,1.0,0.0
3,240,7.579520384266982,12.0,0.0,0.0,1.0,1.0,1.0,0.0
4,240,11.988269625382664,6.429568079719671,0.0,1.0,1.0,0.0,1.0,1.0
5,240,8.814941426040264,0.0,0.0,0.0,0.0,0.0,0.0,0.0
6,240,4.762551989780435,9.53594430454687,1.0,0.0,0.0,1.0,0.0,0.0
7,240,6.79371572527698,0.0,0.0,1.0,1.0,0.0,1.0,1.0
8,240,3.767888571277601,2.0940302114037093,1.0,0.0,0.0,0.0,1.0,1.0
9,240,0.2212522893632039,11.373281622191428,1.0,0.0,0.0,0.0,0.0,1.0
10,240,8.501101412561512,4.844787656876129,0.0,0.0,0.0,0.0,1.0,1.0
11,240,5.044974114064104,8.402902700282118,0.0,1.0,1.0,0.0,0.0,0.0
12,240,11.997310338823848,8.194924982793262,1.0,1.0,0.0,0.0,0.0,0.0
13,240,8.368919170167572,3.20476059045063,0.0,1.0,1.0,1.0,0.0,1.0
14,240,12.0,5.668516874077228,1.0,0.0,1.0,0.0,1.0,0.0
15,240,11.960707618487536,9.048460856348644,1.0,1.0,1.0,1.0,0.0,1.0
16,240,11.789139166183432,6.328235983479506,1.0,1.0,0.0,0.0,1.0,1.0
17,240,12.0,9.618849284255337,0.0,0.0,0.0,0.0,0.0,0.0
18,240,9.357031551355108,12.0,0.0,1.0,0.0,1.0,0.0,1.0
19,240,8.687316302357992,10.332418761424435,1.0,0.0,0.0,0.0,1.0,1.0
20,240,0.3809540753063865,0.8884794234764608,0.0,1.0,0.0,1.0,0.0,1.0
21,240,6.36386386953406,5.687134700868898,1.0,0.0,0.0,1.0,0.0,1.0
22,240,6.8158208443970905,5.8360425126484055,0.0,0.0,1.0,1.0,0.0,1.0
23,240,5.906852278207185,0.0,0.0,1.0,1.0,0.0,0.0,0.0
24,240,4.138324688572187,0.0,1.0,1.0,0.0,0.0,0.0,1.0
25,240,9.83583307857696,0.9832074674465864,1.0,0.0,0.0,1.0,1.0,1.0
26,240,11.596740529331017,9.246687820899076,1.0,1.0,0.0,0.0,0.0,0.0
27,240,4.5506903894987625,3.078050767032321,0.0,0.0,1.0,0.0,0.0,0.0
28,240,4.164122550041264,4.588152041215974,0.0,0.0,0.0,0.0,1.0,1.0
29,240,7.70446249088734,3.0497845672022192,0.0,1.0,1.0,0.0,1.0,1.0
30,240,3.301844628503745,7.249906627108053,1.0,0.0,0.0,0.0,0.0,1.0
31,240,8.577774240700876,9.169609109591216,1.0,0.0,1.0,1.0,0.0,1.0
32,240,0.0,5.91885199395418,0.0,0.0,1.0,0.0,1.0,1.0
33,240,0.0,0.0,0.0,1.0,0.0,0.0,1.0,1.0
34,240,1.8793929993393432,5.60899646163853,0.0,0.0,0.0,0.0,0.0,1.0
35,240,1.8784946704919363,4.622553577915905,1.0,0.0,1.0,0.0,0.0,0.0
36,240,1.413715084698274,6.982740263956224,0.0,1.0,0.0,0.0,0.0,0.0
37,240,0.1674207645115578,12.0,0.0,1.0,0.0,0.0,0.0,1.0
38,240,0.0,0.5275211491683163,1.0,0.0,1.0,1.0,0.0,0.0
39,240,8.24383917978006,2.116338283959976,0.0,1.0,0.0,0.0,0.0,0.0
0,245,0.0,5.182313982396013,0.0,0.0,0.0,0.0,1.0,0.0
1,245,5.6527685643754255,11.191140000237349,0.0,1.0,1.0,0.0,0.0,0.0
2,245,11.668274037997184,4.025451090214723,0.0,0.0,0.0,0.0,1.0,0.0
3,245,7.516931628757694,12.0,0.0,0.0,1.0,1.0,1.0,0.0
4,245,11.980031799336183,6.524915114507922,0.0,1.0,1.0,0.0,1.0,1.0
5,245,8.858437637964911,0.0,0.0,0.0,0.0,0.0,0.0,0.0
6,245,4.758654883131342,9.589313252968722,1.0,0.0,0.0,1.0,0.0,0.0
7,245,6.9502192172953405,0.0,0.0,1.0,1.0,0.0,1.0,1.0
8,245,3.681141849933265,2.1878609938118205,1.0,0.0,0.0,0.0,1.0,1.0
9,245,0.1339376431248766,11.59058416254075,1.0,0.0,0.0,0.0,0.0,1.0
10,245,8.489523864180669,4.815694193197092,0.0,0.0,0.0,0.0,1.0,1.0
11,245,5.0339549656719536,8.399482608468182,0.0,1.0,1.0,0.0,0.0,0.0
12,245,11.9985371459993,8.193834382339643,1.0,1.0,0.0,0.0,0.0,0.0
13,245,8.385449285446041,3.205582187260361,0.0,1.0,1.0,1.0,0.0,1.0
14,245,12.0,5.669438002891356,1.0,0.0,1.0,0.0,1.0,0.0
15,245,11.945965364726096,9.04455492781179,1.0,1.0,1.0,1.0,0.0,1.0
16,245,11.889790055952837,6.337933422527253,1.0,1.0,0.0,0.0,1.0,1.0
17,245,12.0,9.603473562284345,0.0,0.0,0.0,0.0,0.0,0.0
18,245,9.317777249993064,12.0,0.0,1.0,0.0,1.0,0.0,1.0
19,245,8.797469203042676,10.50928414872532,1.0,0.0,0.0,0.0,1.0,1.0
20,245,0.3743197227970957,1.034937004960306,0.0,1.0,0.0,1.0,0.0,1.0
21,245,6.422661998967584,5.740779704678188,1.0,0.0,0.0,1.0,0.0,1.0
22,245,6.783691739564061,5.8279701724920425,0.0,0.0,1.0,1.0,0.0,1.0
23,245,5.931275151794317,0.0,0.0,1.0,1.0,0.0,0.0,0.0
24,245,4.1445169283602254,0.0,1.0,1.0,0.0,0.0,0.0,1.0
25,245,9.790175401218908,0.981739481888988,1.0,0.0,0.0,1.0,1.0,1.0
26,245,11.610952520142083,9.25148307240358,1.0,1.0,0.0,0.0,0.0,0.0
27,245,4.54789193970605,3.0725901713383075,0.0,0.0,1.0,0.0,0.0,0.0
28,245,4.171549817634032,4.601175441313752,0.0,0.0,0.0,0.0,1.0,1.0
29,245,7.693423910461483,3.0237006745010806,0.0,1.0,1.0,0.0,1.0,1.0
30,245,3.30523323125776,7.232775239078212,1.0,0.0,0.0,0.0,0.0,1.0
31,245,8.522908433312809,9.185322496933216,1.0,0.0,1.0,1.0,0.0,1.0
32,245,0.0,6.089072085211525,0.0,0.0,1.0,0.0,1.0,1.0
33,245,0.0,0.0,0.0,1.0,0.0,0.0,1.0,1.0
34,245,1.8251896843421536,5.814223487479852,0.0,0.0,0.0,0.0,0.0,1.0
35,245,1.9197553524314797,4.592754285960244,1.0,0.0,1.0,0.0,0.0,0.0
36,245,1.4587329918779364,6.86202264134395,0.0,1.0,0.0,0.0,0.0,0.0
37,245,0.1585467222838942,12.0,0.0,1.0,0.0,0.0,0.0,1.0
38,245,0.0,0.4698919708866628,1.0,0.0,1.0,1.0,0.0,0.0
39,245,8.176969538032276,2.0504342857413747,0.0,1.0,0.0,0.0,0.0,0.0
0,250,0.0,5.203604717273985,0.0,0.0,0.0,0.0,1.0,0.0
1,250,5.684740383468187,11.1589720747783,0.0,1.0,1.0,0.0,0.0,0.0
2,250,11.661838241298948,4.017323617337372,0.0,0.0,0.0,0.0,1.0,0.0
3,250,7.45118972986847,12.0,0.0,0.0,1.0,1.0,1.0,0.0
4,250,11.97408931604974,6.610101755106155,0.0,1.0,1.0,0.0,1.0,1.0
5,250,8.902531519762926,0.0,0.0,0.0,0.0,0.0,0.0,0.0
6,250,4.753696790031956,9.660176359487425,1.0,0.0,0.0,1.0,0.0,0.0
7,250,7.118344443834187,0.0,0.0,1.0,1.0,0.0,1.0,1.0
8,250,3.5915001314651285,2.277391707281351,1.0,0.0,0.0,0.0,1.0,1.0
9,250,0.0404771426667506,11.815195450611608,1.0,0.0,0.0,0.0,0.0,1.0
10,250,8.475424233801878,4.780469528778251,0.0,0.0,0.0,0.0,1.0,1.0
11,250,5.007583993229311,8.391382186008618,0.0,1.0,1.0,0.0,0.0,0.0
12,250,12.0,8.18794110428615,1.0,1.0,0.0,0.0,0.0,0.0
13,250,8.403559101144207,3.2068584611490887,0.0,1.0,1.0,1.0,0.0,1.0
14,250,12.0,5.670901533970943,1.0,0.0,1.0,0.0,1.0,0.0
15,250,11.932257775509942,9.040870327080162,1.0,1.0,1.0,1.0,0.0,1.0
16,250,11.994478586804846,6.348286803422862,1.0,1.0,0.0,0.0,1.0,1.0
17,250,11.998189494576744,9.61712951452849,0.0,0.0,0.0,0.0,0.0,0.0
18,250,9.268259203239344,12.0,0.0,1.0,0.0,1.0,0.0,1.0
19,250,8.905989684713074,10.685745558840797,1.0,0.0,0.0,0.0,1.0,1.0
20,250,0.3705221690906625,1.2008817144296389,0.0,1.0,0.0,1.0,0.0,1.0
21,250,6.483837863526874,5.793661125883443,1.0,0.0,0.0,1.0,0.0,1.0
22,250,6.764679206008487,5.8233737622021895,0.0,0.0,1.0,1.0,0.0,1.0
23,250,5.957088111299233,0.0,0.0,1.0,1.0,0.0,0.0,0.0
24,250,4.1490675441973295,0.0,1.0,1.0,0.0,0.0,0.0,1.0
25,250,9.731364236182932,0.9809070472392614,1.0,0.0,0.0,1.0,1.0,1.0
26,250,11.611643136039795,9.251729240612445,1.0,1.0,0.0,0.0,0.0,0.0
27,250,4.548890883622268,3.0744082223478437,0.0,0.0,1.0,0.0,0.0,0.0
28,250,4.1816687713097895,4.619763046819747,0.0,0.0,0.0,0.0,1.0,1.0
29,250,7.685570366034514,3.0045596119561155,0.0,1.0,1.0,0.0,1.0,1.0
30,250,3.309016128772363,7.216073131945405,1.0,0.0,0.0,0.0,0.0,1.0
31,250,8.444170178784566,9.208230462037504,1.0,0.0,1.0,1.0,0.0,1.0
32,250,0.0,6.252754316626179,0.0,0.0,1.0,0.0,1.0,1.0
33,250,0.0,0.0,0.0,1.0,0.0,0.0,1.0,1.0
34,250,1.7727634141684223,6.004279248912638,0.0,0.0,0.0,0.0,0.0,1.0
35,250,1.9628506108011148,4.560694096812431,1.0,0.0,1.0,0.0,0.0,0.0
36,250,1.5100324410525183,6.729251732091907,0.0,1.0,0.0,0.0,0.0,0.0
37,250,0.1461567086947184,12.0,0.0,1.0,0.0,0.0,0.0,1.0
38,250,0.0,0.4106455363990554,1.0,0.0,1.0,1.0,0.0,0.0
39,250,8.108537185873033,1.9852677465784283,0.0,1.0,0.0,0.0,0.0,0.0
0,255,0.0,5.232196846176937,0.0,0.0,0.0,0.0,1.0,0.0
1,255,5.74509874062312,11.099675747425024,0.0,1.0,1.0,0.0,0.0,0.0
2,255,11.663830184783473,4.01996460656879,0.0,0.0,0.0,0.0,1.0,0.0
3,255,7.385635203465305,12.0,0.0,0.0,1.0,1.0,1.0,0.0
4,255,11.96695442074151,6.712434108728882,0.0,1.0,1.0,0.0,1.0,1.0
5,255,8.949236111448293,0.0,0.0,0.0,0.0,0.0,0.0,0.0
6,255,4.751232285163718,9.713123670544736,1.0,0.0,0.0,1.0,0.0,0.0
7,255,7.299922845685312,0.0,0.0,1.0,1.0,0.0,1.0,1.0
8,255,3.5059022628860608,2.362236369841285,1.0,0.0,0.0,0.0,1.0,1.0
9,255,0.0,12.0,1.0,0.0,0.0,0.0,0.0,1.0
10,255,8.455058650230011,4.730663598189252,0.0,0.0,0.0,0.0,1.0,1.0
11,255,4.950472150359973,8.375011795206273,0.0,1.0,1.0,0.0,0.0,0.0
12,255,12.0,8.183210214256317,1.0,1.0,0.0,0.0,0.0,0.0
13,255,8.423522245593352,3.208389932875517,0.0,1.0,1.0,1.0,0.0,1.0
14,255,12.0,5.670542048822561,1.0,0.0,1.0,0.0,1.0,0.0
15,255,11.944564778761118,9.044095569894974,1.0,1.0,1.0,1.0,0.0,1.0
16,255,12.0,6.358906212826298,1.0,1.0,0.0,0.0,1.0,1.0
17,255,11.9962843505185,9.631017406799968,0.0,0.0,0.0,0.0,0.0,0.0
18,255,9.214963858074562,12.0,0.0,1.0,0.0,1.0,0.0,1.0
19,255,9.014096145822094,10.859024898883892,1.0,0.0,0.0,0.0,1.0,1.0
20,255,0.3663264498610203,1.3434052576815196,0.0,1.0,0.0,1.0,0.0,1.0
21,255,6.547220784464413,5.848623659537889,1.0,0.0,0.0,1.0,0.0,1.0
22,255,6.7479747421929055,5.819245570706859,0.0,0.0,1.0,1.0,0.0,1.0
23,255,5.97151184189171,0.0,0.0,1.0,1.0,0.0,0.0,0.0
24,255,4.16109915564272,0.0,1.0,1.0,0.0,0.0,0.0,1.0
25,255,9.65811134170325,0.9785477301101324,1.0,0.0,0.0,1.0,1.0,1.0
26,255,11.59311930572816,9.245425439639224,1.0,1.0,0.0,0.0,0.0,0.0
27,255,4.557010543454529,3.090702761485453,0.0,0.0,1.0,0.0,0.0,0.0
28,255,4.199585702063681,4.651613984121631,0.0,0.0,0.0,0.0,1.0,1.0
29,255,7.68211130386128,2.995785686723877,0.0,1.0,1.0,0.0,1.0,1.0
30,255,3.314936533297959,7.1901257785906365,1.0,0.0,0.0,0.0,0.0,1.0
31,255,8.380497386856888,9.22772932254591,1.0,0.0,1.0,1.0,0.0,1.0
32,255,0.0,6.425612829020792,0.0,0.0,1.0,0.0,1.0,1.0
33,255,0.0,0.0,0.0,1.0,0.0,0.0,1.0,1.0
34,255,1.7114957689045325,6.211751587967201,0.0,0.0,0.0,0.0,0.0,1.0
35,255,2.001766432605605,4.532593833680339,1.0,0.0,1.0,0.0,0.0,0.0
36,255,1.5662188741880203,6.575248300438255,0.0,1.0,0.0,0.0,0.0,0.0
37,255,0.133887036714342,12.0,0.0,1.0,0.0,0.0,0.0,1.0
38,255,0.0,0.3564629274084951,1.0,0.0,1.0,1.0,0.0,0.0
39,255,8.051287034851235,2.0430859406982966,0.0,1.0,0.0,0.0,0.0,0.0
0,260,0.0,5.26223158097775,0.0,0.0,0.0,0.0,1.0,0.0
1,260,5.806097753489483,11.0391627888759,0.0,1.0,1.0,0.0,0.0,0.0
2,260,11.66896174492675,4.026565283304861,0.0,0.0,0.0,0.0,1.0,0.0
3,260,7.331861607494691,12.0,0.0,0.0,1.0,1.0,1.0,0.0
4,260,11.962801606401166,6.817170483983624,0.0,1.0,1.0,0.0,1.0,1.0
5,260,8.996914609620147,0.0,0.0,0.0,0.0,0.0,0.0,0.0
6,260,4.747156229376931,9.762407956499656,1.0,0.0,0.0,1.0,0.0,0.0
7,260,7.498451260050028,0.0,0.0,1.0,1.0,0.0,1.0,1.0
8,260,3.4214024194080865,2.444421078931273,1.0,0.0,0.0,0.0,1.0,1.0
9,260,0.0,12.0,1.0,0.0,0.0,0.0,0.0,1.0
10,260,8.436803921613626,4.684968414627804,0.0,0.0,0.0,0.0,1.0,1.0
11,260,4.879231497506723,8.354708057020503,0.0,1.0,1.0,0.0,0.0,0.0
12,260,12.0,8.179101297324713,1.0,1.0,0.0,0.0,0.0,0.0
13,260,8.41767487774609,3.2079836649008016,0.0,1.0,1.0,1.0,0.0,1.0
14,260,12.0,5.668532427197372,1.0,0.0,1.0,0.0,1.0,0.0
15,260,11.96126892447786,9.048775984462496,1.0,1.0,1.0,1.0,0.0,1.0
16,260,12.0,6.37276778444221,1.0,1.0,0.0,0.0,1.0,1.0
17,260,11.997788545208705,9.621131315712011,0.0,0.0,0.0,0.0,0.0,0.0
18,260,9.162768662330173,12.0,0.0,1.0,0.0,1.0,0.0,1.0
19,260,9.119109538159128,11.029474194656055,1.0,0.0,0.0,0.0,1.0,1.0
20,260,0.3660758257833091,1.466388813264604,0.0,1.0,0.0,1.0,0.0,1.0
21,260,6.5985145897913,5.89345460366209,1.0,0.0,0.0,1.0,0.0,1.0
22,260,6.732757851422725,5.815220402201262,0.0,0.0,1.0,1.0,0.0,1.0
23,260,5.987637428999065,0.0,0.0,1.0,1.0,0.0,0.0,0.0
24,260,4.180496332410567,0.0,1.0,1.0,0.0,0.0,0.0,1.0
25,260,9.567622392026976,0.9763753528834656,1.0,0.0,0.0,1.0,1.0,1.0
26,260,11.583313721887007,9.242124937547713,1.0,1.0,0.0,0.0,0.0,0.0
27,260,4.568980444213924,3.1129216638117616,0.0,0.0,1.0,0.0,0.0,0.0
28,260,4.215796730367214,4.6841093853829605,0.0,0.0,0.0,0.0,1.0,1.0
29,260,7.686034095226845,3.006232872809645,0.0,1.0,1.0,0.0,1.0,1.0
30,260,3.3237140823643103,7.1593211212442585,1.0,0.0,0.0,0.0,0.0,1.0
31,260,8.317062335430485,9.248327069640387,1.0,0.0,1.0,1.0,0.0,1.0
32,260,0.0,6.6064651169375015,0.0,0.0,1.0,0.0,1.0,1.0
33,260,0.0,0.0,0.0,1.0,0.0,0.0,1.0,1.0
34,260,1.653261047384294,6.397520807678787,0.0,0.0,0.0,0.0,0.0,1.0
35,260,2.0324973750796893,4.510611540024986,1.0,0.0,1.0,0.0,0.0,0.0
36,260,1.6204526321752224,6.427835378419821,0.0,1.0,0.0,0.0,0.0,0.0
37,260,0.1250498168149669,12.0,0.0,1.0,0.0,0.0,0.0,1.0
38,260,0.0,0.2959273286065245,1.0,0.0,1.0,1.0,0.0,0.0
39,260,7.990349601330347,2.10613483144014,0.0,1.0,0.0,0.0,0.0,0.0
0,265,0.0,5.305829151163243,0.0,0.0,0.0,0.0,1.0,0.0
1,265,5.8508748944822,10.992731845421275,0.0,1.0,1.0,0.0,0.0,0.0
2,265,11.677899550041424,4.037396328060205,0.0,0.0,0.0,0.0,1.0,0.0
3,265,7.27205831385041,12.0,0.0,0.0,1.0,1.0,1.0,0.0
4,265,11.958947010491,6.926751484485502,0.0,1.0,1.0,0.0,1.0,1.0
5,265,9.05098721798947,0.0,0.0,0.0,0.0,0.0,0.0,0.0
6,265,4.744328871016396,9.79310422786236,1.0,0.0,0.0,1.0,0.0,0.0
7,265,7.691519591304365,0.0,0.0,1.0,1.0,0.0,1.0,1.0
8,265,3.352065779932681,2.510622119964846,1.0,0.0,0.0,0.0,1.0,1.0
9,265,0.0,12.0,1.0,0.0,0.0,0.0,0.0,1.0
10,265,8.420148927262568,4.64470271401913,0.0,0.0,0.0,0.0,1.0,1.0
11,265,4.779947002550204,8.326531364444994,0.0,1.0,1.0,0.0,0.0,0.0
12,265,12.0,8.166125764604486,1.0,1.0,0.0,0.0,0.0,0.0
13,265,8.401259502785681,3.206967900036488,0.0,1.0,1.0,1.0,0.0,1.0
14,265,12.0,5.667013020856671,1.0,0.0,1.0,0.0,1.0,0.0
15,265,11.987620615453912,9.055505070666914,1.0,1.0,1.0,1.0,0.0,1.0
16,265,12.0,6.386338387338123,1.0,1.0,0.0,0.0,1.0,1.0
17,265,12.0,9.62244129376116,0.0,0.0,0.0,0.0,0.0,0.0
18,265,9.122731109692284,12.0,0.0,1.0,0.0,1.0,0.0,1.0
19,265,9.23186767214485,11.200009106690764,1.0,0.0,0.0,0.0,1.0,1.0
20,265,0.3657795118719609,1.5781171935637277,0.0,1.0,0.0,1.0,0.0,1.0
21,265,6.658027348088965,5.946429604225335,1.0,0.0,0.0,1.0,0.0,1.0
22,265,6.708196436574373,5.80892984034374,0.0,0.0,1.0,1.0,0.0,1.0
23,265,5.991449231629535,0.0,0.0,1.0,1.0,0.0,0.0,0.0
24,265,4.195158935468793,0.0,1.0,1.0,0.0,0.0,0.0,1.0
25,265,9.494312566030455,0.9736673911909484,1.0,0.0,0.0,1.0,1.0,1.0
26,265,11.576968135380154,9.240019538413726,1.0,1.0,0.0,0.0,0.0,0.0
27,265,4.573299060570966,3.120886488623444,0.0,0.0,1.0,0.0,0.0,0.0
28,265,4.225210280469172,4.703435697087542,0.0,0.0,0.0,0.0,1.0,1.0
29,265,7.695377013834983,3.0302839103209838,0.0,1.0,1.0,0.0,1.0,1.0
30,265,3.3298100706333,7.135384081988552,1.0,0.0,0.0,0.0,0.0,1.0
31,265,8.261814728988314,9.264422516603746,1.0,0.0,1.0,1.0,0.0,1.0
32,265,0.0,6.808177194918452,0.0,0.0,1.0,0.0,1.0,1.0
33,265,0.0,0.0,0.0,1.0,0.0,0.0,1.0,1.0
34,265,1.59942694187845,6.5594109455129885,0.0,0.0,0.0,0.0,0.0,1.0
35,265,2.051793415991914,4.496888328559506,1.0,0.0,1.0,0.0,0.0,0.0
36,265,1.664081404014451,6.306394788601953,0.0,1.0,0.0,0.0,0.0,0.0
37,265,0.1169286588941317,12.0,0.0,1.0,0.0,0.0,0.0,1.0
38,265,0.0,0.229720693793206,1.0,0.0,1.0,1.0,0.0,0.0
39,265,7.92647086042263,2.173957683352667,0.0,1.0,0.0,0.0,0.0,0.0
0,270,0.0,5.342397835579993,0.0,0.0,0.0,0.0,1.0,0.0
1,270,5.897842006959522,10.940734383350208,0.0,1.0,1.0,0.0,0.0,0.0
2,270,11.70384316279423,4.069145159635652,0.0,0.0,0.0,0.0,1.0,0.0
3,270,7.231335795691277,12.0,0.0,0.0,1.0,1.0,1.0,0.0
4,270,11.954550829756108,7.057186056872998,0.0,1.0,1.0,0.0,1.0,1.0
5,270,9.098984378090352,0.0,0.0,0.0,0.0,0.0,0.0,0.0
6,270,4.742432325173735,9.811256291030643,1.0,0.0,0.0,1.0,0.0,0.0
7,270,7.88212690793743,0.0,0.0,1.0,1.0,0.0,1.0,1.0
8,270,3.27226417341194,2.583662148557423,1.0,0.0,0.0,0.0,1.0,1.0
9,270,0.0,12.0,1.0,0.0,0.0,0.0,0.0,1.0
10,270,8.403781292611715,4.608610116885927,0.0,0.0,0.0,0.0,1.0,1.0
11,270,4.666576095104096,8.29558876699003,0.0,1.0,1.0,0.0,0.0,0.0
12,270,12.0,8.133649418299937,1.0,1.0,0.0,0.0,0.0,0.0
13,270,8.369596982263104,3.2040545378221026,0.0,1.0,1.0,1.0,0.0,1.0
14,270,12.0,5.665149859695754,1.0,0.0,1.0,0.0,1.0,0.0
15,270,11.997586324137918,9.057971936728777,1.0,1.0,1.0,1.0,0.0,1.0
16,270,12.0,6.397816777737955,1.0,1.0,0.0,0.0,1.0,1.0
17,270,12.0,9.623213912745276,0.0,0.0,0.0,0.0,0.0,0.0
18,270,9.085040652103404,12.0,0.0,1.0,0.0,1.0,0.0,1.0
19,270,9.33687614377483,11.375780223029317,1.0,0.0,0.0,0.0,1.0,1.0
20,270,0.363921859891093,1.67456326896601,0.0,1.0,0.0,1.0,0.0,1.0
21,270,6.69783574988802,5.982418035581556,1.0,0.0,0.0,1.0,0.0,1.0
22,270,6.672919978449079,5.798765583910049,0.0,0.0,1.0,1.0,0.0,1.0
23,270,5.999049088775489,0.0,0.0,1.0,1.0,0.0,0.0,0.0
24,270,4.212149222953091,0.0,1.0,1.0,0.0,0.0,0.0,1.0
25,270,9.446269905333,0.9717969551306804,1.0,0.0,0.0,1.0,1.0,1.0
26,270,11.588894472118668,9.243574423996296,1.0,1.0,0.0,0.0,0.0,0.0
27,270,4.57844652570573,3.1301682200286645,0.0,0.0,1.0,0.0,0.0,0.0
28,270,4.234326467957677,4.721507109355945,0.0,0.0,0.0,0.0,1.0,1.0
29,270,7.707373574688584,3.059636179076581,0.0,1.0,1.0,0.0,1.0,1.0
30,270,3.33350789522874,7.121316614023399,1.0,0.0,0.0,0.0,0.0,1.0
31,270,8.193929677371049,9.282359545291463,1.0,0.0,1.0,1.0,0.0,1.0
32,270,0.0,7.008646750200275,0.0,0.0,1.0,0.0,1.0,1.0
33,270,0.0,0.0,0.0,1.0,0.0,0.0,1.0,1.0
34,270,1.5506042917043426,6.715693579852407,0.0,0.0,0.0,0.0,0.0,1.0
35,270,2.072007352582671,4.48263911329506,1.0,0.0,1.0,0.0,0.0,0.0
36,270,1.7125413414231168,6.177442721331404,0.0,1.0,0.0,0.0,0.0,0.0
37,270,0.1073657882803146,12.0,0.0,1.0,0.0,0.0,0.0,1.0
38,270,0.0,0.1621290412825537,1.0,0.0,1.0,1.0,0.0,0.0
39,270,7.851631830383515,2.2496777272006208,0.0,1.0,0.0,0.0,0.0,0.0
0,275,0.0,5.379050699912997,0.0,0.0,0.0,0.0,1.0,0.0
1,275,5.931470541408119,10.903315323489831,0.0,1.0,1.0,0.0,0.0,0.0
2,275,11.707399225246856,4.073501433571336,0.0,0.0,0.0,0.0,1.0,0.0
3,275,7.205842322968218,12.0,0.0,0.0,1.0,1.0,1.0,0.0
4,275,11.950419278737796,7.170146266326883,0.0,1.0,1.0,0.0,1.0,1.0
5,275,9.14257681889504,0.0,0.0,0.0,0.0,0.0,0.0,0.0
6,275,4.739160431368266,9.851511176910796,1.0,0.0,0.0,1.0,0.0,0.0
7,275,8.095322846084114,0.0,0.0,1.0,1.0,0.0,1.0,1.0
8,275,3.1907095011467224,2.655784210819847,1.0,0.0,0.0,0.0,1.0,1.0
9,275,0.0,12.0,1.0,0.0,0.0,0.0,0.0,1.0
10,275,8.38505724311032,4.568528984243369,0.0,0.0,0.0,0.0,1.0,1.0
11,275,4.548318693757706,8.26455247450211,0.0,1.0,1.0,0.0,0.0,0.0
12,275,12.0,8.095755072623286,1.0,1.0,0.0,0.0,0.0,0.0
13,275,8.342138088393433,3.2007985688595944,0.0,1.0,1.0,1.0,0.0,1.0
14,275,12.0,5.662472862210148,1.0,0.0,1.0,0.0,1.0,0.0
15,275,12.0,9.064341193469186,1.0,1.0,1.0,1.0,0.0,1.0
16,275,12.0,6.410880863102872,1.0,1.0,0.0,0.0,1.0,1.0
17,275,11.986527624302315,9.621451387837949,0.0,0.0,0.0,0.0,0.0,0.0
18,275,9.048951843044438,12.0,0.0,1.0,0.0,1.0,0.0,1.0
19,275,9.442126131412117,11.544758405408814,1.0,0.0,0.0,0.0,1.0,1.0
20,275,0.3590957438531139,1.7773697113250213,0.0,1.0,0.0,1.0,0.0,1.0
21,275,6.733794797420417,6.016633373146082,1.0,0.0,0.0,1.0,0.0,1.0
22,275,6.642829299275264,5.789494855930599,0.0,0.0,1.0,1.0,0.0,1.0
23,275,6.009146222941364,0.0,0.0,1.0,1.0,0.0,0.0,0.0
24,275,4.227507921002774,0.0,1.0,1.0,0.0,0.0,0.0,1.0
25,275,9.38856715050673,0.9686561480365408,1.0,0.0,0.0,1.0,1.0,1.0
26,275,11.599403363257675,9.246677589068186,1.0,1.0,0.0,0.0,0.0,0.0
27,275,4.591240658435368,3.1527600885417617,0.0,0.0,1.0,0.0,0.0,0.0
28,275,4.241336030807157,4.734859940253008,0.0,0.0,0.0,0.0,1.0,1.0
29,275,7.715033308426582,3.078445801825324,0.0,1.0,1.0,0.0,1.0,1.0
30,275,3.335081544168753,7.115566266638638,1.0,0.0,0.0,0.0,0.0,1.0
31,275,8.126781087047668,9.29992401109613,1.0,0.0,1.0,1.0,0.0,1.0
32,275,0.0,7.202378266288632,0.0,0.0,1.0,0.0,1.0,1.0
33,275,0.0,0.0,0.0,1.0,0.0,0.0,1.0,1.0
34,275,1.5024165779654837,6.883310406912911,0.0,0.0,0.0,0.0,0.0,1.0
35,275,2.096932542643269,4.466194797413565,1.0,0.0,1.0,0.0,0.0,0.0
36,275,1.763320292001343,6.037925599626901,0.0,1.0,0.0,0.0,0.0,0.0
37,275,0.1008124250809036,12.0,0.0,1.0,0.0,0.0,0.0,1.0
38,275,0.0,0.0979720179851608,1.0,0.0,1.0,1.0,0.0,0.0
39,275,7.772488181528492,2.328754556014748,0.0,1.0,0.0,0.0,0.0,0.0
0,280,0.0,5.42396389937673,0.0,0.0,0.0,0.0,1.0,0.0
1,280,5.982008676903298,10.849829326669822,0.0,1.0,1.0,0.0,0.0,0.0
2,280,11.70309050288562,4.067942356060925,0.0,0.0,0.0,0.0,1.0,0.0
3,280,7.172661704712855,12.0,0.0,0.0,1.0,1.0,1.0,0.0
4,280,11.94643914591532,7.292845978505194,0.0,1.0,1.0,0.0,1.0,1.0
5,280,9.18644322030655,0.0,0.0,0.0,0.0,0.0,0.0,0.0
6,280,4.7353668495600765,9.908026766470783,1.0,0.0,0.0,1.0,0.0,0.0
7,280,8.312632683063734,0.0,0.0,1.0,1.0,0.0,1.0,1.0
8,280,3.11478278787514,2.723749774657328,1.0,0.0,0.0,0.0,1.0,1.0
9,280,0.0,12.0,1.0,0.0,0.0,0.0,0.0,1.0
10,280,8.363107646254987,4.522396297341461,0.0,0.0,0.0,0.0,1.0,1.0
11,280,4.439512700993991,8.23399526508594,0.0,1.0,1.0,0.0,0.0,0.0
12,280,12.0,8.062037582427001,1.0,1.0,0.0,0.0,0.0,0.0
13,280,8.315220041672953,3.197775464786416,0.0,1.0,1.0,1.0,0.0,1.0
14,280,12.0,5.660640171791926,1.0,0.0,1.0,0.0,1.0,0.0
15,280,12.0,9.069663172625129,1.0,1.0,1.0,1.0,0.0,1.0
16,280,12.0,6.421648407742501,1.0,1.0,0.0,0.0,1.0,1.0
17,280,11.970087400366465,9.619090085034063,0.0,0.0,0.0,0.0,0.0,0.0
18,280,9.005308225293687,12.0,0.0,1.0,0.0,1.0,0.0,1.0
19,280,9.563159103722354,11.730905759879924,1.0,0.0,0.0,0.0,1.0,1.0
20,280,0.3560627806448952,1.8836420854960971,0.0,1.0,0.0,1.0,0.0,1.0
21,280,6.774926739066381,6.057333382744671,1.0,0.0,0.0,1.0,0.0,1.0
22,280,6.627608760859469,5.784811042385444,0.0,0.0,1.0,1.0,0.0,1.0
23,280,6.015719740908993,0.0,0.0,1.0,1.0,0.0,0.0,0.0
24,280,4.244952064169444,0.0,1.0,1.0,0.0,0.0,0.0,1.0
25,280,9.35363993495837,0.9660970272039788,1.0,0.0,0.0,1.0,1.0,1.0
26,280,11.588183420104768,9.24316617165634,1.0,1.0,0.0,0.0,0.0,0.0
27,280,4.603536732248626,3.173994582943779,0.0,0.0,1.0,0.0,0.0,0.0
28,280,4.250658690225891,4.751508515915323,0.0,0.0,0.0,0.0,1.0,1.0
29,280,7.731229561691901,3.117798249491897,0.0,1.0,1.0,0.0,1.0,1.0
30,280,3.3379650079995047,7.104720258220411,1.0,0.0,0.0,0.0,0.0,1.0
31,280,8.064142044874258,9.31637152011177,1.0,0.0,1.0,1.0,0.0,1.0
32,280,0.0,7.401283580848935,0.0,0.0,1.0,0.0,1.0,1.0
33,280,0.0,0.0,0.0,1.0,0.0,0.0,1.0,1.0
34,280,1.4596482471112624,7.04423889691482,0.0,0.0,0.0,0.0,0.0,1.0
35,280,2.130712933599404,4.443586407112148,1.0,0.0,1.0,0.0,0.0,0.0
36,280,1.8137204733509549,5.906408818240888,0.0,1.0,0.0,0.0,0.0,0.0
37,280,0.0926153231281607,12.0,0.0,1.0,0.0,0.0,0.0,1.0
38,280,0.0,0.023252923508106,1.0,0.0,1.0,1.0,0.0,0.0
39,280,7.6815038218268175,2.415946245763496,0.0,1.0,0.0,0.0,0.0,0.0
0,285,0.0,5.46804731704446,0.0,0.0,0.0,0.0,1.0,0.0
1,285,6.031999173915198,10.79655253434128,0.0,1.0,1.0,0.0,0.0,0.0
2,285,11.69055935816803,4.051208167406887,0.0,0.0,0.0,0.0,1.0,0.0
3,285,7.136132922962354,12.0,0.0,0.0,1.0,1.0,1.0,0.0
4,285,11.944095517679088,7.411175708368571,0.0,1.0,1.0,0.0,1.0,1.0
5,285,9.229689280539253,0.0,0.0,0.0,0.0,0.0,0.0,0.0
6,285,4.732703420267251,9.961778733986916,1.0,0.0,0.0,1.0,0.0,0.0
7,285,8.510242299779687,0.0,0.0,1.0,1.0,0.0,1.0,1.0
8,285,3.036694320882525,2.800350802631855,1.0,0.0,0.0,0.0,1.0,1.0
9,285,0.0,12.0,1.0,0.0,0.0,0.0,0.0,1.0
10,285,8.339222831244914,4.473024929816625,0.0,0.0,0.0,0.0,1.0,1.0
11,285,4.32649980324871,8.199459079641693,0.0,1.0,1.0,0.0,0.0,0.0
12,285,12.0,8.032493849278852,1.0,1.0,0.0,0.0,0.0,0.0
13,285,8.314370716005634,3.1976764384155376,0.0,1.0,1.0,1.0,0.0,1.0
14,285,12.0,5.75054435718751,1.0,0.0,1.0,0.0,1.0,0.0
15,285,12.0,9.074865413898388,1.0,1.0,1.0,1.0,0.0,1.0
16,285,12.0,6.433886469734031,1.0,1.0,0.0,0.0,1.0,1.0
17,285,11.95053522024356,9.616182363816582,0.0,0.0,0.0,0.0,0.0,0.0
18,285,8.963341949379615,12.0,0.0,1.0,0.0,1.0,0.0,1.0
19,285,9.689327335357762,11.92069024006092,1.0,0.0,0.0,0.0,1.0,1.0
20,285,0.3556780556188134,1.998912748760993,0.0,1.0,0.0,1.0,0.0,1.0
21,285,6.8075366283023495,6.090315730135475,1.0,0.0,0.0,1.0,0.0,1.0
22,285,6.603948383638884,5.777954575391546,0.0,0.0,1.0,1.0,0.0,1.0
23,285,6.009581086535688,0.0105123475845605,0.0,1.0,1.0,0.0,0.0,0.0
24,285,4.262088285441116,0.0,1.0,1.0,0.0,0.0,0.0,1.0
25,285,9.342750883687978,0.9654430188259724,1.0,0.0,0.0,1.0,1.0,1.0
26,285,11.596266109587196,9.24577870403708,1.0,1.0,0.0,0.0,0.0,0.0
27,285,4.619384600564889,3.2018868460051584,0.0,0.0,1.0,0.0,0.0,0.0
28,285,4.252377118739552,4.754751160097653,0.0,0.0,0.0,0.0,1.0,1.0
29,285,7.745897618849668,3.152235776471015,0.0,1.0,1.0,0.0,1.0,1.0
30,285,3.3420154819127297,7.088990262392327,1.0,0.0,0.0,0.0,0.0,1.0
31,285,8.006317980483892,9.335181320628465,1.0,0.0,1.0,1.0,0.0,1.0
32,285,0.0,7.6102639737079265,0.0,0.0,1.0,0.0,1.0,1.0
33,285,0.0,0.0,0.0,1.0,0.0,0.0,1.0,1.0
34,285,1.4090071852608694,7.222040066984489,0.0,0.0,0.0,0.0,0.0,1.0
35,285,2.1692258019204917,4.418449365424266,1.0,0.0,1.0,0.0,0.0,0.0
36,285,1.88321603156171,5.74258863164775,0.0,1.0,0.0,0.0,0.0,0.0
37,285,0.0806035292636683,12.0,0.0,1.0,0.0,0.0,0.0,1.0
38,285,0.0,0.0,1.0,0.0,1.0,1.0,0.0,0.0
39,285,7.590308262246664,2.5133518309472698,0.0,1.0,0.0,0.0,0.0,0.0
0,290,0.0,5.521540445151777,0.0,0.0,0.0,0.0,1.0,0.0
1,290,6.083932428441869,10.73919280990873,0.0,1.0,1.0,0.0,0.0,0.0
2,290,11.673175158197642,4.065146111525227,0.0,0.0,0.0,0.0,1.0,0.0
3,290,7.103667061194004,12.0,0.0,0.0,1.0,1.0,1.0,0.0
4,290,11.94296298796276,7.52118756483422,0.0,1.0,1.0,0.0,1.0,1.0
5,290,9.267012591130593,0.0,0.0,0.0,0.0,0.0,0.0,0.0
6,290,4.73083549611786,10.01863325210383,1.0,0.0,0.0,1.0,0.0,0.0
7,290,8.706830715605108,0.0,0.0,1.0,1.0,0.0,1.0,1.0
8,290,2.9608858714717208,2.8687314147997887,1.0,0.0,0.0,0.0,1.0,1.0
9,290,0.0,12.0,1.0,0.0,0.0,0.0,0.0,1.0
10,290,8.32212421424634,4.437836357805103,0.0,0.0,0.0,0.0,1.0,1.0
11,290,4.211580614087048,8.168106084713088,0.0,1.0,1.0,0.0,0.0,0.0
12,290,12.0,7.999391851056001,1.0,1.0,0.0,0.0,0.0,0.0
13,290,8.310115178012571,3.1971841154402307,0.0,1.0,1.0,1.0,0.0,1.0
14,290,12.0,5.853715737843196,1.0,0.0,1.0,0.0,1.0,0.0
15,290,12.0,9.083021567748968,1.0,1.0,1.0,1.0,0.0,1.0
16,290,12.0,6.446178899010337,1.0,1.0,0.0,0.0,1.0,1.0
17,290,11.923596929403043,9.612091427889414,0.0,0.0,0.0,0.0,0.0,0.0
18,290,8.930021490427611,12.0,0.0,1.0,0.0,1.0,0.0,1.0
19,290,9.795371586923292,12.0,1.0,0.0,0.0,0.0,1.0,1.0
20,290,0.3555578351240525,2.135787432015224,0.0,1.0,0.0,1.0,0.0,1.0
21,290,6.831628254299038,6.115358613542932,1.0,0.0,0.0,1.0,0.0,1.0
22,290,6.56976966117577,5.768513166254881,0.0,0.0,1.0,1.0,0.0,1.0
23,290,6.005446877289186,0.0176965373228643,0.0,1.0,1.0,0.0,0.0,0.0
24,290,4.280653513388663,0.0,1.0,1.0,0.0,0.0,0.0,1.0
25,290,9.33105688870201,0.9652686709275912,1.0,0.0,0.0,1.0,1.0,1.0
26,290,11.605024098241715,9.24872308114027,1.0,1.0,0.0,0.0,0.0,0.0
27,290,4.641206073999145,3.239893303268265,0.0,0.0,1.0,0.0,0.0,0.0
28,290,4.26228374023102,4.773614635036784,0.0,0.0,0.0,0.0,1.0,1.0
29,290,7.759902899030818,3.185700489347597,0.0,1.0,1.0,0.0,1.0,1.0
30,290,3.3494390593899874,7.062450185949805,1.0,0.0,0.0,0.0,0.0,1.0
31,290,7.948213590631583,9.355001180002615,1.0,0.0,1.0,1.0,0.0,1.0
32,290,0.0,7.41492122321406,0.0,0.0,1.0,0.0,1.0,1.0
33,290,0.0,0.0,0.0,1.0,0.0,0.0,1.0,1.0
34,290,1.3567643541499466,7.413321143692368,0.0,0.0,0.0,0.0,0.0,1.0
35,290,2.2198850739222844,4.387805416410818,1.0,0.0,1.0,0.0,0.0,0.0
36,290,1.9499236997581424,5.589918278391901,0.0,1.0,0.0,0.0,0.0,0.0
37,290,0.0677259407396711,12.0,0.0,1.0,0.0,0.0,0.0,1.0
38,290,0.0,0.0,1.0,0.0,1.0,1.0,0.0,0.0
39,290,7.514431039190905,2.593507507897387,0.0,1.0,0.0,0.0,0.0,0.0
0,295,0.0,5.574228023921462,0.0,0.0,0.0,0.0,1.0,0.0
1,295,6.128227421756403,10.688349231184077,0.0,1.0,1.0,0.0,0.0,0.0
2,295,11.652476751751529,4.08073627566843,0.0,0.0,0.0,0.0,1.0,0.0
3,295,7.071869774100929,12.0,0.0,0.0,1.0,1.0,1.0,0.0
4,295,11.94334733720882,7.649074362969071,0.0,1.0,1.0,0.0,1.0,1.0
5,295,9.301024298425157,0.0,0.0,0.0,0.0,0.0,0.0,0.0
6,295,4.730167114602659,10.077028264901088,1.0,0.0,0.0,1.0,0.0,0.0
7,295,8.917047709502958,0.0,0.0,1.0,1.0,0.0,1.0,1.0
8,295,2.8719053664777623,2.947710328443635,1.0,0.0,0.0,0.0,1.0,1.0
9,295,0.0,12.0,1.0,0.0,0.0,0.0,0.0,1.0
10,295,8.30995121013977,4.4117343003994005,0.0,0.0,0.0,0.0,1.0,1.0
11,295,4.098243544592361,8.137210281567327,0.0,1.0,1.0,0.0,0.0,0.0
12,295,12.0,7.985728972768505,1.0,1.0,0.0,0.0,0.0,0.0
13,295,8.308559335424961,3.197042031774342,0.0,1.0,1.0,1.0,0.0,1.0
14,295,12.0,5.971129808457295,1.0,0.0,1.0,0.0,1.0,0.0
15,295,11.98929064048094,9.080079269737276,1.0,1.0,1.0,1.0,0.0,1.0
16,295,12.0,6.454427053821185,1.0,1.0,0.0,0.0,1.0,1.0
17,295,11.885598912446476,9.60689357861721,0.0,0.0,0.0,0.0,0.0,0.0
18,295,8.89839160498633,12.0,0.0,1.0,0.0,1.0,0.0,1.0
19,295,9.90514257355983,12.0,1.0,0.0,0.0,0.0,1.0,1.0
20,295,0.3521883160714494,2.2586329350429946,0.0,1.0,0.0,1.0,0.0,1.0
21,295,6.860750199475548,6.146243405241178,1.0,0.0,0.0,1.0,0.0,1.0
22,295,6.548859440717282,5.762895944035568,0.0,0.0,1.0,1.0,0.0,1.0
23,295,6.007719351943051,0.0137244148153294,0.0,1.0,1.0,0.0,0.0,0.0
24,295,4.2996871438789,0.0,1.0,1.0,0.0,0.0,0.0,1.0
25,295,9.316500730184485,0.9649088937029932,1.0,0.0,0.0,1.0,1.0,1.0
26,295,11.623333777893498,9.254953123928154,1.0,1.0,0.0,0.0,0.0,0.0
27,295,4.662515336476376,3.276152860174381,0.0,0.0,1.0,0.0,0.0,0.0
28,295,4.273191749603181,4.795924879288488,0.0,0.0,0.0,0.0,1.0,1.0
29,295,7.772863272521951,3.21646847868783,0.0,1.0,1.0,0.0,1.0,1.0
30,295,3.355269585285534,7.043311109167253,1.0,0.0,0.0,0.0,0.0,1.0
31,295,7.907806849848765,9.370083833986708,1.0,0.0,1.0,1.0,0.0,1.0
32,295,0.0,7.2272719251783,0.0,0.0,1.0,0.0,1.0,1.0
33,295,0.0,0.0,0.0,1.0,0.0,0.0,1.0,1.0
34,295,1.3014985199477818,7.613695294387419,0.0,0.0,0.0,0.0,0.0,1.0
35,295,2.2826744560659398,4.348614379801898,1.0,0.0,1.0,0.0,0.0,0.0
36,295,2.021194864911458,5.428103351209444,0.0,1.0,0.0,0.0,0.0,0.0
37,295,0.0540949488103318,12.0,0.0,1.0,0.0,0.0,0.0,1.0
38,295,0.0,0.0,1.0,0.0,1.0,1.0,0.0,0.0
39,295,7.435853243256428,2.682560116054632,0.0,1.0,0.0,0.0,0.0,0.0
