0,0,7.043184536947488,10.02511521816469,0.0,0.0,0.0,0.0,1.0,1.0
1,0,4.049774269716662,4.051939675073699,1.0,1.0,0.0,1.0,1.0,0.0
2,0,9.99852223492463,9.05484138771439,0.0,0.0,0.0,1.0,1.0,1.0
3,0,2.943346997607109,7.015211899488941,1.0,0.0,0.0,0.0,1.0,1.0
4,0,0.0039930440029754,3.9365193787373873,1.0,0.0,0.0,1.0,0.0,1.0
5,0,0.0,7.951000653056614,1.0,0.0,0.0,0.0,0.0,0.0
6,0,9.947678356728884,12.0,0.0,1.0,0.0,0.0,1.0,0.0
7,0,7.970668597578683,2.0682058653597424,0.0,0.0,0.0,1.0,0.0,0.0
8,0,5.006832923726649,11.937079148462606,0.0,0.0,1.0,1.0,1.0,0.0
9,0,0.060111252810959,0.9736133368980692,1.0,0.0,0.0,0.0,0.0,0.0
10,0,11.999436543137753,12.0,0.0,0.0,0.0,1.0,0.0,0.0
11,0,3.958410022821118,0.0168316466867675,1.0,1.0,0.0,0.0,0.0,0.0
12,0,9.961737647246393,9.99113611045181,0.0,1.0,0.0,0.0,1.0,1.0
13,0,2.992669071674221,10.950419867770645,1.0,1.0,0.0,0.0,1.0,0.0
14,0,0.0532932484911663,10.962677055701686,0.0,0.0,1.0,1.0,0.0,0.0
15,0,2.0307911430055925,3.984879359972791,0.0,0.0,1.0,1.0,0.0,0.0
16,0,4.048160139250791,11.967712782542453,1.0,1.0,0.0,1.0,0.0,0.0
17,0,10.997889295923263,6.94501109138484,0.0,0.0,0.0,0.0,1.0,1.0
18,0,11.02353241093917,0.0386019336001126,1.0,0.0,0.0,1.0,0.0,1.0
19,0,8.053435870821383,7.997983582135827,0.0,0.0,0.0,0.0,0.0,1.0
20,0,0.0287705783866995,10.036168582452296,1.0,1.0,1.0,0.0,0.0,0.0
21,0,6.997655415222386,10.942956562148373,1.0,1.0,1.0,0.0,0.0,0.0
22,0,9.957671277395086,10.025465955866744,1.0,1.0,0.0,1.0,0.0,1.0
23,0,5.943320460617442,8.035765023494033,0.0,0.0,1.0,0.0,0.0,0.0
24,0,11.975135439973291,11.003612595058213,0.0,1.0,0.0,0.0,0.0,0.0
25,0,9.963104645013653,8.950986998164352,0.0,0.0,0.0,1.0,0.0,0.0
26,0,1.0218228947880712,11.943131276359352,0.0,0.0,0.0,0.0,0.0,1.0
27,0,9.053187696413056,7.008273637370526,1.0,1.0,0.0,0.0,1.0,0.0
28,0,0.0,4.067416109661463,1.0,1.0,1.0,1.0,1.0,1.0
29,0,9.00542308492602,7.035386154274286,0.0,0.0,1.0,0.0,0.0,0.0
0,5,7.080957376576605,10.047172383710048,0.0,0.0,0.0,0.0,1.0,1.0
1,5,4.094703307871034,4.098924313116874,1.0,1.0,0.0,1.0,1.0,0.0
2,5,9.997572771088455,9.11748560143396,0.0,0.0,0.0,1.0,1.0,1.0
3,5,2.89452606340517,7.030378548680726,1.0,0.0,0.0,0.0,1.0,1.0
4,5,0.0068229200761544,3.8980739697020943,1.0,0.0,0.0,1.0,0.0,1.0
5,5,0.0,7.918905800026268,1.0,0.0,0.0,0.0,0.0,0.0
6,5,9.89560509495082,12.0,0.0,1.0,0.0,0.0,1.0,0.0
7,5,7.945445457526451,2.125676673235903,0.0,0.0,0.0,1.0,0.0,0.0
8,5,5.013573360815515,11.872888971555486,0.0,0.0,1.0,1.0,1.0,0.0
9,5,0.121358486156209,0.9465756553767848,1.0,0.0,0.0,0.0,0.0,0.0
10,5,11.999310739111484,12.0,0.0,0.0,0.0,1.0,0.0,0.0
11,5,3.89559431225524,0.0435005325822814,1.0,1.0,0.0,0.0,0.0,0.0
12,5,9.90620712933729,9.980249534323084,0.0,1.0,0.0,0.0,1.0,1.0
13,5,2.98717377948419,10.907495182376088,1.0,1.0,0.0,0.0,1.0,0.0
14,5,0.1006356068901218,10.93283836952817,0.0,0.0,1.0,1.0,0.0,0.0
15,5,2.095980403813605,3.95430081694752,0.0,0.0,1.0,1.0,0.0,0.0
16,5,4.098754610798687,11.93371442999383,1.0,1.0,0.0,1.0,0.0,0.0
17,5,10.994369177952954,6.887438146136204,0.0,0.0,0.0,0.0,1.0,1.0
18,5,11.0438944799898,0.0728962872475689,1.0,0.0,0.0,1.0,0.0,1.0
19,5,8.120819341532592,7.995808797596525,0.0,0.0,0.0,0.0,0.0,1.0
20,5,0.0501070464012133,10.063205288549456,1.0,1.0,1.0,0.0,0.0,0.0
21,5,6.995261640727994,10.874459023553555,1.0,1.0,1.0,0.0,0.0,0.0
22,5,9.922127842428852,10.047700692698053,1.0,1.0,0.0,1.0,0.0,1.0
23,5,5.908711721419841,8.057712677333974,0.0,0.0,1.0,0.0,0.0,0.0
24,5,11.905492505504744,11.013143345991862,0.0,1.0,0.0,0.0,0.0,0.0
25,5,9.935023335940738,8.913471896833824,0.0,0.0,0.0,1.0,0.0,0.0
26,5,1.0401840845756336,11.892160605227714,0.0,0.0,0.0,0.0,0.0,1.0
27,5,9.088602497871394,7.014078529769846,1.0,1.0,0.0,0.0,1.0,0.0
28,5,0.0,4.124971859757883,1.0,1.0,1.0,1.0,1.0,1.0
29,5,9.016119804823894,7.094077264635723,0.0,0.0,1.0,0.0,0.0,0.0
0,10,7.148354495484832,10.086530235135028,0.0,0.0,0.0,0.0,1.0,1.0
1,10,4.140701255359257,4.146818352146063,1.0,1.0,0.0,1.0,1.0,0.0
2,10,9.99699531360275,9.157816990357109,0.0,0.0,0.0,1.0,1.0,1.0
3,10,2.8725579204497067,7.037178451261034,1.0,0.0,0.0,0.0,1.0,1.0
4,10,0.0128467856439433,3.826588638921416,1.0,0.0,0.0,1.0,0.0,1.0
5,10,0.0,7.87539436868009,1.0,0.0,0.0,0.0,0.0,0.0
6,10,9.853680372266794,12.0,0.0,1.0,0.0,0.0,1.0,0.0
7,10,7.921668641903492,2.1798951364594847,0.0,0.0,0.0,1.0,0.0,0.0
8,10,5.02084668555707,11.793615072790017,0.0,0.0,1.0,1.0,1.0,0.0
9,10,0.172004417622465,0.9234607674376074,1.0,0.0,0.0,0.0,0.0,0.0
10,10,11.998460161513302,12.0,0.0,0.0,0.0,1.0,0.0,0.0
11,10,3.8295789773664217,0.0688812819511407,1.0,1.0,0.0,0.0,0.0,0.0
12,10,9.848584387590927,9.968232028722518,0.0,1.0,0.0,0.0,1.0,1.0
13,10,2.980299973239984,10.863107359760932,1.0,1.0,0.0,0.0,1.0,0.0
14,10,0.1538387745134609,10.89951747439853,0.0,0.0,1.0,1.0,0.0,0.0
15,10,2.136160496820122,3.937670195849628,0.0,0.0,1.0,1.0,0.0,0.0
16,10,4.139400227139529,11.905813655236011,1.0,1.0,0.0,1.0,0.0,0.0
17,10,10.991818797085084,6.859757615185206,0.0,0.0,0.0,0.0,1.0,1.0
18,10,10.996308968237916,0.1000649249717955,1.0,0.0,0.0,1.0,0.0,1.0
19,10,8.19379513317953,7.991718142742476,0.0,0.0,0.0,0.0,0.0,1.0
20,10,0.0778995500833633,10.097826268380404,1.0,1.0,1.0,0.0,0.0,0.0
21,10,6.992569337484759,10.812073943216312,1.0,1.0,1.0,0.0,0.0,0.0
22,10,9.87313584026231,10.077433245066535,1.0,1.0,0.0,1.0,0.0,1.0
23,10,5.868380071415895,8.083318523250199,0.0,0.0,1.0,0.0,0.0,0.0
24,10,11.826126627471387,11.02598652591511,0.0,1.0,0.0,0.0,0.0,0.0
25,10,9.888096342266968,8.84673400146384,0.0,0.0,0.0,1.0,0.0,0.0
26,10,1.0566441197914764,11.849418670047845,0.0,0.0,0.0,0.0,0.0,1.0
27,10,9.157511494174743,7.027817814790519,1.0,1.0,0.0,0.0,1.0,0.0
28,10,0.0,4.180841067870232,1.0,1.0,1.0,1.0,1.0,1.0
29,10,9.027628657178964,7.162024633432464,0.0,0.0,1.0,0.0,0.0,0.0
0,15,7.193056536651078,10.113050090454706,0.0,0.0,0.0,0.0,1.0,1.0
1,15,4.183395859865487,4.189174129735281,1.0,1.0,0.0,1.0,1.0,0.0
2,15,9.994828786535017,9.21961694805753,0.0,0.0,0.0,1.0,1.0,1.0
3,15,2.819838538686961,7.055471679850146,1.0,0.0,0.0,0.0,1.0,1.0
4,15,0.0181826419819718,3.747966809504704,1.0,0.0,0.0,1.0,0.0,1.0
5,15,0.0,7.830011881817896,1.0,0.0,0.0,0.0,0.0,0.0
6,15,9.809838320717729,12.0,0.0,1.0,0.0,0.0,1.0,0.0
7,15,7.896883745795773,2.2354041000577296,0.0,0.0,0.0,1.0,0.0,0.0
8,15,5.024446530471743,11.748960295847334,0.0,0.0,1.0,1.0,1.0,0.0
9,15,0.2116576360165938,0.9059894816374756,1.0,0.0,0.0,0.0,0.0,0.0
10,15,11.995270867509332,12.0,0.0,0.0,0.0,1.0,0.0,0.0
11,15,3.7801988047654382,0.0874728332980434,1.0,1.0,0.0,0.0,0.0,0.0
12,15,9.807343232981356,9.959102478667756,0.0,1.0,0.0,0.0,1.0,1.0
13,15,2.9706567290754595,10.802819656662138,1.0,1.0,0.0,0.0,1.0,0.0
14,15,0.198030575745575,10.872051712333215,0.0,0.0,1.0,1.0,0.0,0.0
15,15,2.187071718413743,3.917841331092029,0.0,0.0,1.0,1.0,0.0,0.0
16,15,4.202300358651303,11.863988402993735,1.0,1.0,0.0,1.0,0.0,0.0
17,15,10.985969196496272,6.802865304340987,0.0,0.0,0.0,0.0,1.0,1.0
18,15,10.948515204133336,0.1278978969851172,1.0,0.0,0.0,1.0,0.0,1.0
19,15,8.226327529516794,7.990719529892068,0.0,0.0,0.0,0.0,0.0,1.0
20,15,0.1106503833459807,10.138655054296564,1.0,1.0,1.0,0.0,0.0,0.0
21,15,6.990844960218341,10.757742591464272,1.0,1.0,1.0,0.0,0.0,0.0
22,15,9.821123014761616,10.10929026130815,1.0,1.0,0.0,1.0,0.0,1.0
23,15,5.834313769120848,8.104329715619842,0.0,0.0,1.0,0.0,0.0,0.0
24,15,11.761030193098756,11.03674035417688,0.0,1.0,0.0,0.0,0.0,0.0
25,15,9.859192126170187,8.803096771671932,0.0,0.0,0.0,1.0,0.0,0.0
26,15,1.0781014920493617,11.789690255423029,0.0,0.0,0.0,0.0,0.0,1.0
27,15,9.21125464747702,7.038562944193105,1.0,1.0,0.0,0.0,1.0,0.0
28,15,0.0,4.24968578464854,1.0,1.0,1.0,1.0,1.0,1.0
29,15,9.03583539797607,7.2130174325292336,0.0,0.0,1.0,0.0,0.0,0.0
0,20,7.248087309596346,10.143656745272992,0.0,0.0,0.0,0.0,1.0,1.0
1,20,4.225928203177256,4.231498712082506,1.0,1.0,0.0,1.0,1.0,0.0
2,20,9.9937792716262,9.264782786701495,0.0,0.0,0.0,1.0,1.0,1.0
3,20,2.771001801476247,7.070323934492182,1.0,0.0,0.0,0.0,1.0,1.0
4,20,0.0200256925167591,3.728625526811953,1.0,0.0,0.0,1.0,0.0,1.0
5,20,0.0,7.789479158988414,1.0,0.0,0.0,0.0,0.0,0.0
6,20,9.778738710718663,12.0,0.0,1.0,0.0,0.0,1.0,0.0
7,20,7.875042843226765,2.2804970231552404,0.0,0.0,0.0,1.0,0.0,0.0
8,20,5.027056528872098,11.699147207501568,0.0,0.0,1.0,1.0,1.0,0.0
9,20,0.2446695000586738,0.8918449547353029,1.0,0.0,0.0,0.0,0.0,0.0
10,20,11.990255284476094,12.0,0.0,0.0,0.0,1.0,0.0,0.0
11,20,3.75543397521106,0.0962960380057475,1.0,1.0,0.0,0.0,0.0,0.0
12,20,9.74471888318826,9.945373561608571,0.0,1.0,0.0,0.0,1.0,1.0
13,20,2.958755261029961,10.734562559023546,1.0,1.0,0.0,0.0,1.0,0.0
14,20,0.2435719157873278,10.843659322634052,0.0,0.0,1.0,1.0,0.0,0.0
15,20,2.223489960090779,3.903306999459484,0.0,0.0,1.0,1.0,0.0,0.0
16,20,4.249772636946009,11.832335592961815,1.0,1.0,0.0,1.0,0.0,0.0
17,20,10.984465656456685,6.783706043130417,0.0,0.0,0.0,0.0,1.0,1.0
18,20,10.900101101401308,0.1563600498104115,1.0,0.0,0.0,1.0,0.0,1.0
19,20,8.309670257681029,7.9870537719141375,0.0,0.0,0.0,0.0,0.0,1.0
20,20,0.144662664032999,10.18204242647857,1.0,1.0,1.0,0.0,0.0,0.0
21,20,6.98923847175396,10.706149988075056,1.0,1.0,1.0,0.0,0.0,0.0
22,20,9.753861340804058,10.148000215807809,1.0,1.0,0.0,1.0,0.0,1.0
23,20,5.7861589775302384,8.136398214876866,0.0,0.0,1.0,0.0,0.0,0.0
24,20,11.725208004303951,11.043515075219178,0.0,1.0,0.0,0.0,0.0,0.0
25,20,9.820473546537787,8.747736462994103,0.0,0.0,0.0,1.0,0.0,0.0
26,20,1.0987268087181337,11.737752747981768,0.0,0.0,0.0,0.0,0.0,1.0
27,20,9.274464269676187,7.052859233375254,1.0,1.0,0.0,0.0,1.0,0.0
28,20,0.0,4.285367811471497,1.0,1.0,1.0,1.0,1.0,1.0
29,20,9.04378529732844,7.263919623534217,0.0,0.0,1.0,0.0,0.0,0.0
0,25,7.297458332834589,10.169820259935944,0.0,0.0,0.0,0.0,1.0,1.0
1,25,4.275829855769127,4.2844459713362015,1.0,1.0,0.0,1.0,1.0,0.0
2,25,9.991300170889028,9.327004530655223,0.0,0.0,0.0,1.0,1.0,1.0
3,25,2.706113580119899,7.090108866088415,1.0,0.0,0.0,0.0,1.0,1.0
4,25,0.0254444336054685,3.652574825278148,1.0,0.0,0.0,1.0,0.0,1.0
5,25,0.0,7.734023443670154,1.0,0.0,0.0,0.0,0.0,0.0
6,25,9.7412689054886,12.0,0.0,1.0,0.0,0.0,1.0,0.0
7,25,7.8445121414417,2.342574770746746,0.0,0.0,0.0,1.0,0.0,0.0
8,25,5.02856530060446,11.668227437817706,0.0,0.0,1.0,1.0,1.0,0.0
9,25,0.2734822040157176,0.8785659477371125,1.0,0.0,0.0,0.0,0.0,0.0
10,25,11.989495339194866,12.0,0.0,0.0,0.0,1.0,0.0,0.0
11,25,3.712890696293934,0.1104739532883674,1.0,1.0,0.0,0.0,0.0,0.0
12,25,9.714701239734332,9.938031936714456,0.0,1.0,0.0,0.0,1.0,1.0
13,25,2.953931075836528,10.709077838363804,1.0,1.0,0.0,0.0,1.0,0.0
14,25,0.2833935155816748,10.818428304483676,0.0,0.0,1.0,1.0,0.0,0.0
15,25,2.286615749079716,3.8773294334215023,0.0,0.0,1.0,1.0,0.0,0.0
16,25,4.30461501431449,11.795193146608122,1.0,1.0,0.0,1.0,0.0,0.0
17,25,10.981084070742968,6.7372887643795405,0.0,0.0,0.0,0.0,1.0,1.0
18,25,10.85704190281356,0.1820793362857259,1.0,0.0,0.0,1.0,0.0,1.0
19,25,8.348151370039234,7.986003786245133,0.0,0.0,0.0,0.0,0.0,1.0
20,25,0.16671867170446,10.211471654813764,1.0,1.0,1.0,0.0,0.0,0.0
21,25,6.987789867970049,10.6417487829673,1.0,1.0,1.0,0.0,0.0,0.0
22,25,9.703242197948288,10.177219797456743,1.0,1.0,0.0,1.0,0.0,1.0
23,25,5.730612745473559,8.171023051948312,0.0,0.0,1.0,0.0,0.0,0.0
24,25,11.685621109114823,11.051305873448923,0.0,1.0,0.0,0.0,0.0,0.0
25,25,9.783583505120037,8.698436475264796,0.0,0.0,0.0,1.0,0.0,0.0
26,25,1.1135387690348904,11.700249323723355,0.0,0.0,0.0,0.0,0.0,1.0
27,25,9.342821718340742,7.069155211423264,1.0,1.0,0.0,0.0,1.0,0.0
28,25,0.0,4.331001612601082,1.0,1.0,1.0,1.0,1.0,1.0
29,25,9.04955141004436,7.30136489386792,0.0,0.0,1.0,0.0,0.0,0.0
0,30,7.346472353352244,10.195154460224574,0.0,0.0,0.0,0.0,1.0,1.0
1,30,4.3101822049907215,4.321166580256829,1.0,1.0,0.0,1.0,1.0,0.0
2,30,9.989702387983964,9.357379605243048,0.0,0.0,0.0,1.0,1.0,1.0
3,30,2.6522193376231447,7.108097686780323,1.0,0.0,0.0,0.0,1.0,1.0
4,30,0.028714088770753,3.60180917839741,1.0,0.0,0.0,1.0,0.0,1.0
5,30,0.0,7.692634656896241,1.0,0.0,0.0,0.0,0.0,0.0
6,30,9.689251628563564,12.0,0.0,1.0,0.0,0.0,1.0,0.0
7,30,7.8123943059705026,2.408933584651688,0.0,0.0,0.0,1.0,0.0,0.0
8,30,5.029973829593339,11.617354314329823,0.0,0.0,1.0,1.0,1.0,0.0
9,30,0.3201006761874908,0.8543224200322932,1.0,0.0,0.0,0.0,0.0,0.0
10,30,11.985280478481547,12.0,0.0,0.0,0.0,1.0,0.0,0.0
11,30,3.6633403989281192,0.1263029968697189,1.0,1.0,0.0,0.0,0.0,0.0
12,30,9.682860010592249,9.932042489106143,0.0,1.0,0.0,0.0,1.0,1.0
13,30,2.9447505684286104,10.656506993511387,1.0,1.0,0.0,0.0,1.0,0.0
14,30,0.3406704528024975,10.781860738583196,0.0,0.0,1.0,1.0,0.0,0.0
15,30,2.3470128519904407,3.851787733567631,0.0,0.0,1.0,1.0,0.0,0.0
16,30,4.34932233256429,11.763081659031796,1.0,1.0,0.0,1.0,0.0,0.0
17,30,10.97685353505666,6.66630124982038,0.0,0.0,0.0,0.0,1.0,1.0
18,30,10.807270005521106,0.2116888993693549,1.0,0.0,0.0,1.0,0.0,1.0
19,30,8.376286547901312,7.9854527037397425,0.0,0.0,0.0,0.0,0.0,1.0
20,30,0.1932537079251176,10.247854183758834,1.0,1.0,1.0,0.0,0.0,0.0
21,30,6.987200294581855,10.58283623070551,1.0,1.0,1.0,0.0,0.0,0.0
22,30,9.660918565904094,10.200263257030388,1.0,1.0,0.0,1.0,0.0,1.0
23,30,5.680782965133639,8.201348516217948,0.0,0.0,1.0,0.0,0.0,0.0
24,30,11.638583251980371,11.061812239676655,0.0,1.0,0.0,0.0,0.0,0.0
25,30,9.744372729500578,8.64492603250234,0.0,0.0,0.0,1.0,0.0,0.0
26,30,1.1322551285926623,11.653998455762247,0.0,0.0,0.0,0.0,0.0,1.0
27,30,9.381356803800667,7.079031575434803,1.0,1.0,0.0,0.0,1.0,0.0
28,30,0.0,4.378057130297049,1.0,1.0,1.0,1.0,1.0,1.0
29,30,9.059671443774532,7.3661204736236625,0.0,0.0,1.0,0.0,0.0,0.0
0,35,7.360541188965771,10.202216251743987,0.0,0.0,0.0,0.0,1.0,1.0
1,35,4.351212799322716,4.364560404329044,1.0,1.0,0.0,1.0,1.0,0.0
2,35,9.987702138061106,9.389001195774474,0.0,0.0,0.0,1.0,1.0,1.0
3,35,2.6188412995751023,7.119742677009098,1.0,0.0,0.0,0.0,1.0,1.0
4,35,0.0351030629362045,3.52051458710989,1.0,0.0,0.0,1.0,0.0,1.0
5,35,0.0,7.647019842144282,1.0,0.0,0.0,0.0,0.0,0.0
6,35,9.643725639715596,12.0,0.0,1.0,0.0,0.0,1.0,0.0
7,35,7.785255282780248,2.463337312940258,0.0,0.0,0.0,1.0,0.0,0.0
8,35,5.031433856925621,11.571419840558235,0.0,0.0,1.0,1.0,1.0,0.0
9,35,0.35773811656088,0.8357551725951456,1.0,0.0,0.0,0.0,0.0,0.0
10,35,11.98077408148638,12.0,0.0,0.0,0.0,1.0,0.0,0.0
11,35,3.618347932581511,0.1424402811600827,1.0,1.0,0.0,0.0,0.0,0.0
12,35,9.625946598191724,9.920435625291166,0.0,1.0,0.0,0.0,1.0,1.0
13,35,2.938422739677891,10.619249398982909,1.0,1.0,0.0,0.0,1.0,0.0
14,35,0.3907349226741122,10.749356565932986,0.0,0.0,1.0,1.0,0.0,0.0
15,35,2.3882779845455,3.83670625431916,0.0,0.0,1.0,1.0,0.0,0.0
16,35,4.387417244429677,11.736481685735756,1.0,1.0,0.0,1.0,0.0,0.0
17,35,10.974101295959596,6.612489985734473,0.0,0.0,0.0,0.0,1.0,1.0
18,35,10.763183875925384,0.2371579538968887,1.0,0.0,0.0,1.0,0.0,1.0
19,35,8.447382537930473,7.984139556957249,0.0,0.0,0.0,0.0,0.0,1.0
20,35,0.2260583397029745,10.290497825143238,1.0,1.0,1.0,0.0,0.0,0.0
21,35,6.985491569914196,10.517407568903153,1.0,1.0,1.0,0.0,0.0,0.0
22,35,9.62640986276809,10.220063846526442,1.0,1.0,0.0,1.0,0.0,1.0
23,35,5.619177994792169,8.239418433681758,0.0,0.0,1.0,0.0,0.0,0.0
24,35,11.592008333715365,11.070204776403695,0.0,1.0,0.0,0.0,0.0,0.0
25,35,9.701637795395545,8.586273926227395,0.0,0.0,0.0,1.0,0.0,0.0
26,35,1.152021546293908,11.603288899746088,0.0,0.0,0.0,0.0,0.0,1.0
27,35,9.444326998207304,7.094756113440573,1.0,1.0,0.0,0.0,1.0,0.0
28,35,0.0,4.43537264271755,1.0,1.0,1.0,1.0,1.0,1.0
29,35,9.06820604960692,7.425877225358975,0.0,0.0,1.0,0.0,0.0,0.0
0,40,7.418255440854933,10.231248649348496,0.0,0.0,0.0,0.0,1.0,1.0
1,40,4.406143734092698,4.422287063695275,1.0,1.0,0.0,1.0,1.0,0.0
2,40,9.986011529537372,9.43969543855757,0.0,0.0,0.0,1.0,1.0,1.0
3,40,2.5651952002631373,7.138274780196282,1.0,0.0,0.0,0.0,1.0,1.0
4,40,0.039946685166764,3.4660325532050287,1.0,0.0,0.0,1.0,0.0,1.0
5,40,0.0,7.599101718910189,1.0,0.0,0.0,0.0,0.0,0.0
6,40,9.585977239315438,12.0,0.0,1.0,0.0,0.0,1.0,0.0
7,40,7.743668844368134,2.5444098335914744,0.0,0.0,0.0,1.0,0.0,0.0
8,40,5.032942702805986,11.514684588640415,0.0,0.0,1.0,1.0,1.0,0.0
9,40,0.4028255871997145,0.8115553982874963,1.0,0.0,0.0,0.0,0.0,0.0
10,40,11.977353971768016,12.0,0.0,0.0,0.0,1.0,0.0,0.0
11,40,3.5624828485360016,0.1619576538167759,1.0,1.0,0.0,0.0,0.0,0.0
12,40,9.571238042716605,9.908916525621578,0.0,1.0,0.0,0.0,1.0,1.0
13,40,2.9304270317150025,10.570178528655378,1.0,1.0,0.0,0.0,1.0,0.0
14,40,0.4636454198068306,10.70505474028074,0.0,0.0,1.0,1.0,0.0,0.0
15,40,2.416514216539302,3.8262581413434047,0.0,0.0,1.0,1.0,0.0,0.0
16,40,4.443900939414494,11.69686732405898,1.0,1.0,0.0,1.0,0.0,0.0
17,40,10.971614182542838,6.568761197193608,0.0,0.0,0.0,0.0,1.0,1.0
18,40,10.707887838633296,0.2680995200068691,1.0,0.0,0.0,1.0,0.0,1.0
19,40,8.49661334448928,7.983853924984086,0.0,0.0,0.0,0.0,0.0,1.0
20,40,0.2533112852578953,10.326132105711206,1.0,1.0,1.0,0.0,0.0,0.0
21,40,6.982597055194462,10.448815581222291,1.0,1.0,1.0,0.0,0.0,0.0
22,40,9.60437367436804,10.23122531179027,1.0,1.0,0.0,1.0,0.0,1.0
23,40,5.570302241765475,8.269848725466625,0.0,0.0,1.0,0.0,0.0,0.0
24,40,11.537779929329345,11.081928733150695,0.0,1.0,0.0,0.0,0.0,0.0
25,40,9.66368922448153,8.537072144926176,0.0,0.0,0.0,1.0,0.0,0.0
26,40,1.1604405606453028,11.581728710712095,0.0,0.0,0.0,0.0,0.0,1.0
27,40,9.488537294229763,7.105855514639516,1.0,1.0,0.0,0.0,1.0,0.0
28,40,0.0,4.477890202841252,1.0,1.0,1.0,1.0,1.0,1.0
29,40,9.07587447658224,7.485099597822717,0.0,0.0,1.0,0.0,0.0,0.0
0,45,7.468221345818397,10.255513382836233,0.0,0.0,0.0,0.0,1.0,1.0
1,45,4.436769146184655,4.453634528291355,1.0,1.0,0.0,1.0,1.0,0.0
2,45,9.983660485360948,9.523202034246664,0.0,0.0,0.0,1.0,1.0,1.0
3,45,2.50637203227976,7.160050758688436,1.0,0.0,0.0,0.0,1.0,1.0
4,45,0.0462830929305561,3.39728642560198,1.0,0.0,0.0,1.0,0.0,1.0
5,45,0.0,7.547247555150275,1.0,0.0,0.0,0.0,0.0,0.0
6,45,9.53123304385164,12.0,0.0,1.0,0.0,0.0,1.0,0.0
7,45,7.709418364946618,2.608647971155404,0.0,0.0,0.0,1.0,0.0,0.0
8,45,5.034300610663631,11.473143622259574,0.0,0.0,1.0,1.0,1.0,0.0
9,45,0.4477757130474925,0.7866429529757333,1.0,0.0,0.0,0.0,0.0,0.0
10,45,11.971444659441868,12.0,0.0,0.0,0.0,1.0,0.0,0.0
11,45,3.485099071242169,0.1872758026159844,1.0,1.0,0.0,0.0,0.0,0.0
12,45,9.540764923724709,9.902458698931156,0.0,1.0,0.0,0.0,1.0,1.0
13,45,2.9209049361166124,10.51417726320272,1.0,1.0,0.0,0.0,1.0,0.0
14,45,0.4795820655733336,10.694896497803771,0.0,0.0,1.0,1.0,0.0,0.0
15,45,2.5063791340072417,3.791518392263305,0.0,0.0,1.0,1.0,0.0,0.0
16,45,4.493087699716149,11.664389343341528,1.0,1.0,0.0,1.0,0.0,0.0
17,45,10.968025686138644,6.51393145426858,0.0,0.0,0.0,0.0,1.0,1.0
18,45,10.680106762720747,0.2831505588847839,1.0,0.0,0.0,1.0,0.0,1.0
19,45,8.559609335087622,7.982783402239141,0.0,0.0,0.0,0.0,0.0,1.0
20,45,0.2839431215674234,10.36685285043206,1.0,1.0,1.0,0.0,0.0,0.0
21,45,6.98000491436028,10.38581985708188,1.0,1.0,1.0,0.0,0.0,0.0
22,45,9.551364253338416,10.257373391488942,1.0,1.0,0.0,1.0,0.0,1.0
23,45,5.541223921042149,8.287888702029155,0.0,0.0,1.0,0.0,0.0,0.0
24,45,11.49918076263972,11.09100927520114,0.0,1.0,0.0,0.0,0.0,0.0
25,45,9.635526105303278,8.501119205419432,0.0,0.0,0.0,1.0,0.0,0.0
26,45,1.1836323467927417,11.524177823678246,0.0,0.0,0.0,0.0,0.0,1.0
27,45,9.541198922484948,7.120201267189468,1.0,1.0,0.0,0.0,1.0,0.0
28,45,0.0,4.523897252564067,1.0,1.0,1.0,1.0,1.0,1.0
29,45,9.084218561715543,7.547194264930948,0.0,0.0,1.0,0.0,0.0,0.0
0,50,7.532323575333998,10.285237912081952,0.0,0.0,0.0,0.0,1.0,1.0
1,50,4.470748517585884,4.489220523720165,1.0,1.0,0.0,1.0,1.0,0.0
2,50,9.982201789228204,9.589391218192905,0.0,0.0,0.0,1.0,1.0,1.0
3,50,2.461459761221754,7.176250932121704,1.0,0.0,0.0,0.0,1.0,1.0
4,50,0.0496275778909359,3.361768581478344,1.0,0.0,0.0,1.0,0.0,1.0
5,50,0.0,7.519973359871868,1.0,0.0,0.0,0.0,0.0,0.0
6,50,9.49881703593835,12.0,0.0,1.0,0.0,0.0,1.0,0.0
7,50,7.683009707348114,2.658641208603944,0.0,0.0,0.0,1.0,0.0,0.0
8,50,5.036068652715014,11.43322467921108,0.0,0.0,1.0,1.0,1.0,0.0
9,50,0.4773735420933733,0.7701911178853391,1.0,0.0,0.0,0.0,0.0,0.0
10,50,11.964604362799673,12.0,0.0,0.0,0.0,1.0,0.0,0.0
11,50,3.430143561997121,0.2062755881152931,1.0,1.0,0.0,0.0,0.0,0.0
12,50,9.49928451269747,9.892265263298883,0.0,1.0,0.0,0.0,1.0,1.0
13,50,2.910316199538303,10.447857791298768,1.0,1.0,0.0,0.0,1.0,0.0
14,50,0.5339323264862464,10.662527892828468,0.0,0.0,1.0,1.0,0.0,0.0
15,50,2.554161149465879,3.773330586363685,0.0,0.0,1.0,1.0,0.0,0.0
16,50,4.558087870759269,11.621188416203667,1.0,1.0,0.0,1.0,0.0,0.0
17,50,10.966276757189537,6.461593768561928,0.0,0.0,0.0,0.0,1.0,1.0
18,50,10.603751496612,0.3278878071848013,1.0,0.0,0.0,1.0,0.0,1.0
19,50,8.600045338280367,7.982238068385601,0.0,0.0,0.0,0.0,0.0,1.0
20,50,0.3209622770858751,10.414547092425344,1.0,1.0,1.0,0.0,0.0,0.0
21,50,6.978008489453177,10.339467877804736,1.0,1.0,1.0,0.0,0.0,0.0
22,50,9.51893387706971,10.274253715447133,1.0,1.0,0.0,1.0,0.0,1.0
23,50,5.487982802828048,8.319147694275125,0.0,0.0,1.0,0.0,0.0,0.0
24,50,11.44397076697176,11.102687285179483,0.0,1.0,0.0,0.0,0.0,0.0
25,50,9.594985321929732,8.44920617353369,0.0,0.0,0.0,1.0,0.0,0.0
26,50,1.2062102853428656,11.45616995841054,0.0,0.0,0.0,0.0,0.0,1.0
27,50,9.583539734008433,7.131603438995977,1.0,1.0,0.0,0.0,1.0,0.0
28,50,0.0,4.590050767883032,1.0,1.0,1.0,1.0,1.0,1.0
29,50,9.09278633690958,7.615207928846893,0.0,0.0,1.0,0.0,0.0,0.0
0,55,7.583670061488706,10.310722523364538,0.0,0.0,0.0,0.0,1.0,1.0
1,55,4.515780732121368,4.538697144155854,1.0,1.0,0.0,1.0,1.0,0.0
2,55,9.980311992465149,9.654784142398237,0.0,0.0,0.0,1.0,1.0,1.0
3,55,2.409690870616913,7.193390708711141,1.0,0.0,0.0,0.0,1.0,1.0
4,55,0.0541929939080934,3.3156229617136543,1.0,0.0,0.0,1.0,0.0,1.0
5,55,0.0,7.49190331121035,1.0,0.0,0.0,0.0,0.0,0.0
6,55,9.453371635990417,12.0,0.0,1.0,0.0,0.0,1.0,0.0
7,55,7.6566022718837,2.71027235027093,0.0,0.0,0.0,1.0,0.0,0.0
8,55,5.037239268470239,11.38801337649683,0.0,0.0,1.0,1.0,1.0,0.0
9,55,0.5288303632648002,0.743019934954343,1.0,0.0,0.0,0.0,0.0,0.0
10,55,11.959990677880104,12.0,0.0,0.0,0.0,1.0,0.0,0.0
11,55,3.370898845402821,0.2266456777114755,1.0,1.0,0.0,0.0,0.0,0.0
12,55,9.457890272683397,9.8814955419663,0.0,1.0,0.0,0.0,1.0,1.0
13,55,2.903129496086889,10.401439399459065,1.0,1.0,0.0,0.0,1.0,0.0
14,55,0.565119250115921,10.641973707600464,0.0,0.0,1.0,1.0,0.0,0.0
15,55,2.616060635870241,3.748810852934077,0.0,0.0,1.0,1.0,0.0,0.0
16,55,4.615242993649116,11.585006803469437,1.0,1.0,0.0,1.0,0.0,0.0
17,55,10.963433082843846,6.3891970196624674,0.0,0.0,0.0,0.0,1.0,1.0
18,55,10.558849680957396,0.3542385872555142,1.0,0.0,0.0,1.0,0.0,1.0
19,55,8.653895293420296,7.981358270311463,0.0,0.0,0.0,0.0,0.0,1.0
20,55,0.3495802911567152,10.45090961574588,1.0,1.0,1.0,0.0,0.0,0.0
21,55,6.975762822165068,10.294997163520586,1.0,1.0,1.0,0.0,0.0,0.0
22,55,9.47285407228466,10.297558201434494,1.0,1.0,0.0,1.0,0.0,1.0
23,55,5.43848013927934,8.348662175469858,0.0,0.0,1.0,0.0,0.0,0.0
24,55,11.399274692142106,11.111180859321497,0.0,1.0,0.0,0.0,0.0,0.0
25,55,9.551127583788654,8.393915334489927,0.0,0.0,0.0,1.0,0.0,0.0
26,55,1.233896293642442,11.377555765204605,0.0,0.0,0.0,0.0,0.0,1.0
27,55,9.624550356057169,7.142479429464994,1.0,1.0,0.0,0.0,1.0,0.0
28,55,0.0,4.617628658957708,1.0,1.0,1.0,1.0,1.0,1.0
29,55,9.100929665112846,7.677255009050538,0.0,0.0,1.0,0.0,0.0,0.0
0,60,7.622453286945576,10.330540325932656,0.0,0.0,0.0,0.0,1.0,1.0
1,60,4.537303220159756,4.561799367524279,1.0,1.0,0.0,1.0,1.0,0.0
2,60,9.977111486478494,9.721001339731048,0.0,0.0,0.0,1.0,1.0,1.0
3,60,2.382510399086005,7.202961685105314,1.0,0.0,0.0,0.0,1.0,1.0
4,60,0.0570687421403752,3.292087317336657,1.0,0.0,0.0,1.0,0.0,1.0
5,60,0.0,7.452477048474694,1.0,0.0,0.0,0.0,0.0,0.0
6,60,9.395775038738073,12.0,0.0,1.0,0.0,0.0,1.0,0.0
7,60,7.635491701528142,2.7540927310613736,0.0,0.0,0.0,1.0,0.0,0.0
8,60,5.037882543262604,11.360447295248406,0.0,0.0,1.0,1.0,1.0,0.0
9,60,0.5888555340297696,0.710563614551506,1.0,0.0,0.0,0.0,0.0,0.0
10,60,11.953669005921304,12.0,0.0,0.0,0.0,1.0,0.0,0.0
11,60,3.298613061432233,0.249803914301855,1.0,1.0,0.0,0.0,0.0,0.0
12,60,9.392543142488265,9.865206987912746,0.0,1.0,0.0,0.0,1.0,1.0
13,60,2.895657589363861,10.36301737567496,1.0,1.0,0.0,0.0,1.0,0.0
14,60,0.6213066879684767,10.604333858471096,0.0,0.0,1.0,1.0,0.0,0.0
15,60,2.6642808127614965,3.7302117098858334,0.0,0.0,1.0,1.0,0.0,0.0
16,60,4.64534440593109,11.56614319612397,1.0,1.0,0.0,1.0,0.0,0.0
17,60,10.961143531792338,6.339554771205721,0.0,0.0,0.0,0.0,1.0,1.0
18,60,10.521351927041312,0.3772298186935776,1.0,0.0,0.0,1.0,0.0,1.0
19,60,8.681479372522652,7.980806890524732,0.0,0.0,0.0,0.0,0.0,1.0
20,60,0.3980408140590629,10.51130203655147,1.0,1.0,1.0,0.0,0.0,0.0
21,60,6.973290178449839,10.242067950294508,1.0,1.0,1.0,0.0,0.0,0.0
22,60,9.41097851800803,10.328283189579128,1.0,1.0,0.0,1.0,0.0,1.0
23,60,5.418395750706592,8.360863006403985,0.0,0.0,1.0,0.0,0.0,0.0
24,60,11.36256888317514,11.117846699242264,0.0,1.0,0.0,0.0,0.0,0.0
25,60,9.51843802121674,8.351291628758762,0.0,0.0,0.0,1.0,0.0,0.0
26,60,1.2526681328429303,11.320212038163923,0.0,0.0,0.0,0.0,0.0,1.0
27,60,9.660265217929286,7.152288518671515,1.0,1.0,0.0,0.0,1.0,0.0
28,60,0.0,4.679986793585411,1.0,1.0,1.0,1.0,1.0,1.0
29,60,9.109515898490164,7.747906641346425,0.0,0.0,1.0,0.0,0.0,0.0
0,65,7.664885542371454,10.3531343474923,0.0,0.0,0.0,0.0,1.0,1.0
1,65,4.574077582418245,4.6023073876857925,1.0,1.0,0.0,1.0,1.0,0.0
2,65,9.973629907927194,9.774633228210735,0.0,0.0,0.0,1.0,1.0,1.0
3,65,2.3438358723295982,7.21555603238078,1.0,0.0,0.0,0.0,1.0,1.0
4,65,0.0634010994107647,3.239500474610513,1.0,0.0,0.0,1.0,0.0,1.0
5,65,0.0,7.407115488900554,1.0,0.0,0.0,0.0,0.0,0.0
6,65,9.347751992913018,12.0,0.0,1.0,0.0,0.0,1.0,0.0
7,65,7.599039619288975,2.826238272926048,0.0,0.0,0.0,1.0,0.0,0.0
8,65,5.039007597311037,11.312826283858469,0.0,0.0,1.0,1.0,1.0,0.0
9,65,0.6409968220045027,0.6818849507238148,1.0,0.0,0.0,0.0,0.0,0.0
10,65,11.94280720515005,12.0,0.0,0.0,0.0,1.0,0.0,0.0
11,65,3.255609885872391,0.2632799969886366,1.0,1.0,0.0,0.0,0.0,0.0
12,65,9.344410631781892,9.853418048929315,0.0,1.0,0.0,0.0,1.0,1.0
13,65,2.8810373121116637,10.289726757087216,1.0,1.0,0.0,0.0,1.0,0.0
14,65,0.6823604222079092,10.558744839921973,0.0,0.0,1.0,1.0,0.0,0.0
15,65,2.737991143825771,3.701800499549879,0.0,0.0,1.0,1.0,0.0,0.0
16,65,4.7048278160600105,11.52960183390156,1.0,1.0,0.0,1.0,0.0,0.0
17,65,10.95818084298268,6.277595918714328,0.0,0.0,0.0,0.0,1.0,1.0
18,65,10.464161991459688,0.4121012599113364,1.0,0.0,0.0,1.0,0.0,1.0
19,65,8.739240717120214,7.979249045225427,0.0,0.0,0.0,0.0,0.0,1.0
20,65,0.4337369960135298,10.555601587897884,1.0,1.0,1.0,0.0,0.0,0.0
21,65,6.969069135238524,10.179161361485908,1.0,1.0,1.0,0.0,0.0,0.0
22,65,9.357569207126735,10.356762030491977,1.0,1.0,0.0,1.0,0.0,1.0
23,65,5.360859695799188,8.394818178084071,0.0,0.0,1.0,0.0,0.0,0.0
24,65,11.311195513410674,11.126545503240962,0.0,1.0,0.0,0.0,0.0,0.0
25,65,9.473754087204162,8.293992247009472,0.0,0.0,0.0,1.0,0.0,0.0
26,65,1.2734539780676846,11.261111598058363,0.0,0.0,0.0,0.0,0.0,1.0
27,65,9.702094333416456,7.163252794091696,1.0,1.0,0.0,0.0,1.0,0.0
28,65,0.0,4.758355039975741,1.0,1.0,1.0,1.0,1.0,1.0
29,65,9.115770692742876,7.799882745131878,0.0,0.0,1.0,0.0,0.0,0.0
0,70,7.727475919496658,10.388251591859229,0.0,0.0,0.0,0.0,1.0,1.0
1,70,4.607219491214507,4.637438372539689,1.0,1.0,0.0,1.0,1.0,0.0
2,70,9.912432016644614,9.771384035996196,0.0,0.0,0.0,1.0,1.0,1.0
3,70,2.290005347594145,7.232708391982742,1.0,0.0,0.0,0.0,1.0,1.0
4,70,0.0722443279457387,3.1655398944091653,1.0,0.0,0.0,1.0,0.0,1.0
5,70,0.0,7.349549690493579,1.0,0.0,0.0,0.0,0.0,0.0
6,70,9.305857866557696,12.0,0.0,1.0,0.0,0.0,1.0,0.0
7,70,7.568119922468134,2.88248934325373,0.0,0.0,0.0,1.0,0.0,0.0
8,70,5.041176222255363,11.252613745202288,0.0,0.0,1.0,1.0,1.0,0.0
9,70,0.683570679767929,0.6599808279584656,1.0,0.0,0.0,0.0,0.0,0.0
10,70,11.934331395487622,12.0,0.0,0.0,0.0,1.0,0.0,0.0
11,70,3.195544035586521,0.2809949932393185,1.0,1.0,0.0,0.0,0.0,0.0
12,70,9.293256752247624,9.839765827374377,0.0,1.0,0.0,0.0,1.0,1.0
13,70,2.8735084588660875,10.251658594634089,1.0,1.0,0.0,0.0,1.0,0.0
14,70,0.7391235603384448,10.517598815125796,0.0,0.0,1.0,1.0,0.0,0.0
15,70,2.7945593452132123,3.680405388555733,0.0,0.0,1.0,1.0,0.0,0.0
16,70,4.744018703778494,11.507648956656988,1.0,1.0,0.0,1.0,0.0,0.0
17,70,10.953408546130474,6.209343847205968,0.0,0.0,0.0,0.0,1.0,1.0
18,70,10.439189588826206,0.4269347899057473,1.0,0.0,0.0,1.0,0.0,1.0
19,70,8.78025694013929,7.978156265333959,0.0,0.0,0.0,0.0,0.0,1.0
20,70,0.4808231676252766,10.614561323416387,1.0,1.0,1.0,0.0,0.0,0.0
21,70,6.967529076229893,10.133567802467928,1.0,1.0,1.0,0.0,0.0,0.0
22,70,9.325033625799222,10.37349082331403,1.0,1.0,0.0,1.0,0.0,1.0
23,70,5.326810799203733,8.414736732056104,0.0,0.0,1.0,0.0,0.0,0.0
24,70,11.2451581524019,11.137385968931335,0.0,1.0,0.0,0.0,0.0,0.0
25,70,9.407487316586908,8.34486122486669,0.0,0.0,0.0,1.0,0.0,0.0
26,70,1.2931311718607608,11.206340549290209,0.0,0.0,0.0,0.0,0.0,1.0
27,70,9.767669543255847,7.178498527115909,1.0,1.0,0.0,0.0,1.0,0.0
28,70,0.0,4.814748891380548,1.0,1.0,1.0,1.0,1.0,1.0
29,70,9.123090201626876,7.86224611830866,0.0,0.0,1.0,0.0,0.0,0.0
0,75,7.782456429662248,10.419133855026637,0.0,0.0,0.0,0.0,1.0,1.0
1,75,4.640848303396276,4.671522097107108,1.0,1.0,0.0,1.0,1.0,0.0
2,75,9.869498367387605,9.76893142090898,0.0,0.0,0.0,1.0,1.0,1.0
3,75,2.239753807633112,7.247916234163587,1.0,0.0,0.0,0.0,1.0,1.0
4,75,0.0770520369833447,3.124884103919262,1.0,0.0,0.0,1.0,0.0,1.0
5,75,0.0,7.30434127199621,1.0,0.0,0.0,0.0,0.0,0.0
6,75,9.2573521970957,12.0,0.0,1.0,0.0,0.0,1.0,0.0
7,75,7.5349970645231314,2.94304684181652,0.0,0.0,0.0,1.0,0.0,0.0
8,75,5.042493342067348,11.1699649913515,0.0,0.0,1.0,1.0,1.0,0.0
9,75,0.7129939442791241,0.6456105905162512,1.0,0.0,0.0,0.0,0.0,0.0
10,75,11.92664969179421,12.0,0.0,0.0,0.0,1.0,0.0,0.0
11,75,3.1438235353833712,0.2954072783808366,1.0,1.0,0.0,0.0,0.0,0.0
12,75,9.231895637668748,9.821382185539225,0.0,1.0,0.0,0.0,1.0,1.0
13,75,2.860947989798296,10.195318557981215,1.0,1.0,0.0,0.0,1.0,0.0
14,75,0.7960336618710909,10.477531816179525,0.0,0.0,1.0,1.0,0.0,0.0
15,75,2.844349693739867,3.662408695296577,0.0,0.0,1.0,1.0,0.0,0.0
16,75,4.777238334505818,11.488908121204892,1.0,1.0,0.0,1.0,0.0,0.0
17,75,10.94842523484955,6.148375966086005,0.0,0.0,0.0,0.0,1.0,1.0
18,75,10.407281591304232,0.4459185192317728,1.0,0.0,0.0,1.0,0.0,1.0
19,75,8.844617401450098,7.977727394350046,0.0,0.0,0.0,0.0,0.0,1.0
20,75,0.5183388276117598,10.66108549702009,1.0,1.0,1.0,0.0,0.0,0.0
21,75,6.966589667165374,10.091295126149628,1.0,1.0,1.0,0.0,0.0,0.0
22,75,9.303789051871464,10.384612294490246,1.0,1.0,0.0,1.0,0.0,1.0
23,75,5.275010977519787,8.446764918671922,0.0,0.0,1.0,0.0,0.0,0.0
24,75,11.165247757894326,11.151154353243268,0.0,1.0,0.0,0.0,0.0,0.0
25,75,9.36789615395281,8.37424328300359,0.0,0.0,0.0,1.0,0.0,0.0
26,75,1.3056075485247194,11.167924747606836,0.0,0.0,0.0,0.0,0.0,1.0
27,75,9.829138778496931,7.192344928664422,1.0,1.0,0.0,0.0,1.0,0.0
28,75,0.0,4.8528939873331,1.0,1.0,1.0,1.0,1.0,1.0
29,75,9.129029200090097,7.909433742828177,0.0,0.0,1.0,0.0,0.0,0.0
0,80,7.8300016631166205,10.445675725673006,0.0,0.0,0.0,0.0,1.0,1.0
1,80,4.674888742144884,4.706911344733989,1.0,1.0,0.0,1.0,1.0,0.0
2,80,9.79144219142568,9.766319193379305,0.0,0.0,0.0,1.0,1.0,1.0
3,80,2.185064012615372,7.265506134391981,1.0,0.0,0.0,0.0,1.0,1.0
4,80,0.0830655473798416,3.0787422668554227,1.0,0.0,0.0,1.0,0.0,1.0
5,80,0.0,7.248101672354804,1.0,0.0,0.0,0.0,0.0,0.0
6,80,9.190812709997648,12.0,0.0,1.0,0.0,0.0,1.0,0.0
7,80,7.500075648447612,3.0038440501392194,0.0,0.0,0.0,1.0,0.0,0.0
8,80,5.043845740915773,11.12463338412069,0.0,0.0,1.0,1.0,1.0,0.0
9,80,0.7682528997753615,0.6193893081857823,1.0,0.0,0.0,0.0,0.0,0.0
10,80,11.916369640467387,12.0,0.0,0.0,0.0,1.0,0.0,0.0
11,80,3.0900533903448597,0.3101457867829125,1.0,1.0,0.0,0.0,0.0,0.0
12,80,9.18231232915878,9.806336057956695,0.0,1.0,0.0,0.0,1.0,1.0
13,80,2.846123507652196,10.12521299932098,1.0,1.0,0.0,0.0,1.0,0.0
14,80,0.8350838598077962,10.449600076785272,0.0,0.0,1.0,1.0,0.0,0.0
15,80,2.905397474757877,3.6419592217754273,0.0,0.0,1.0,1.0,0.0,0.0
16,80,4.821927012927932,11.464937943114508,1.0,1.0,0.0,1.0,0.0,0.0
17,80,10.9421794612541,6.076774694646898,0.0,0.0,0.0,0.0,1.0,1.0
18,80,10.365564239295658,0.4714644251986178,1.0,0.0,0.0,1.0,0.0,1.0
19,80,8.923558656498589,7.9776049820950945,0.0,0.0,0.0,0.0,0.0,1.0
20,80,0.5626208635792622,10.713769370823591,1.0,1.0,1.0,0.0,0.0,0.0
21,80,6.964079967437062,10.040229543990945,1.0,1.0,1.0,0.0,0.0,0.0
22,80,9.239081394926064,10.419453526606029,1.0,1.0,0.0,1.0,0.0,1.0
23,80,5.236517537905882,8.470612476709901,0.0,0.0,1.0,0.0,0.0,0.0
24,80,11.09692955748283,11.16206090199792,0.0,1.0,0.0,0.0,0.0,0.0
25,80,9.33410001669847,8.400374129025398,0.0,0.0,0.0,1.0,0.0,0.0
26,80,1.321203570717458,11.115869966661144,0.0,0.0,0.0,0.0,0.0,1.0
27,80,9.880148390598688,7.203783438196061,1.0,1.0,0.0,0.0,1.0,0.0
28,80,0.0,4.905427143273041,1.0,1.0,1.0,1.0,1.0,1.0
29,80,9.094149189971446,7.916052981498535,0.0,0.0,1.0,0.0,0.0,0.0
0,85,7.885467762361191,10.476817323973115,0.0,0.0,0.0,0.0,1.0,1.0
1,85,4.711679056839969,4.742094101473499,1.0,1.0,0.0,1.0,1.0,0.0
2,85,9.745234010601166,9.764352841361957,0.0,0.0,0.0,1.0,1.0,1.0
3,85,2.156002967992072,7.275323688835404,1.0,0.0,0.0,0.0,1.0,1.0
4,85,0.0882362874883605,3.0307460450195878,1.0,0.0,0.0,1.0,0.0,1.0
5,85,0.0,7.192404869991051,1.0,0.0,0.0,0.0,0.0,0.0
6,85,9.155044696031656,12.0,0.0,1.0,0.0,0.0,1.0,0.0
7,85,7.474409034766459,3.0476723570939077,0.0,0.0,0.0,1.0,0.0,0.0
8,85,5.047789754290135,11.06546863052744,0.0,0.0,1.0,1.0,1.0,0.0
9,85,0.8205388659558734,0.5935242043208384,1.0,0.0,0.0,0.0,0.0,0.0
10,85,11.910199925228593,12.0,0.0,0.0,0.0,1.0,0.0,0.0
11,85,3.055042957090534,0.3204334532168691,1.0,1.0,0.0,0.0,0.0,0.0
12,85,9.144364765239729,9.794063739007107,0.0,1.0,0.0,0.0,1.0,1.0
13,85,2.8332652555261038,10.051514329883313,1.0,1.0,0.0,0.0,1.0,0.0
14,85,0.7920908411478141,10.391336381884583,0.0,0.0,1.0,1.0,0.0,0.0
15,85,2.9734352437438867,3.620382729696305,0.0,0.0,1.0,1.0,0.0,0.0
16,85,4.861876974342497,11.442043838292957,1.0,1.0,0.0,1.0,0.0,0.0
17,85,10.937076152697916,6.016421423372583,0.0,0.0,0.0,0.0,1.0,1.0
18,85,10.320781703622696,0.4975262425982517,1.0,0.0,0.0,1.0,0.0,1.0
19,85,8.951515810168674,7.977506027848456,0.0,0.0,0.0,0.0,0.0,1.0
20,85,0.5988036364076033,10.757688585737482,1.0,1.0,1.0,0.0,0.0,0.0
21,85,6.961217008031251,10.001050079190284,1.0,1.0,1.0,0.0,0.0,0.0
22,85,9.203356326741533,10.439115862170286,1.0,1.0,0.0,1.0,0.0,1.0
23,85,5.195386783303638,8.49768777962562,0.0,0.0,1.0,0.0,0.0,0.0
24,85,11.02155807187166,11.17666793427789,0.0,1.0,0.0,0.0,0.0,0.0
25,85,9.285858118156648,8.437061617966652,0.0,0.0,0.0,1.0,0.0,0.0
26,85,1.3339778800006423,11.0736481303781,0.0,0.0,0.0,0.0,0.0,1.0
27,85,9.92611597652244,7.214921482444413,1.0,1.0,0.0,0.0,1.0,0.0
28,85,0.0,4.948526919327583,1.0,1.0,1.0,1.0,1.0,1.0
29,85,9.038367274371264,7.926233300388985,0.0,0.0,1.0,0.0,0.0,0.0
0,90,7.932013122096917,10.502960003060869,0.0,0.0,0.0,0.0,1.0,1.0
1,90,4.742486827255424,4.7720244750884,1.0,1.0,0.0,1.0,1.0,0.0
2,90,9.70428273618532,9.762341480857025,0.0,0.0,0.0,1.0,1.0,1.0
3,90,2.0993787997748474,7.295125408539,1.0,0.0,0.0,0.0,1.0,1.0
4,90,0.0928778360808045,2.986281832770635,1.0,0.0,0.0,1.0,0.0,1.0
5,90,0.0,7.165072314421216,1.0,0.0,0.0,0.0,0.0,0.0
6,90,9.112995776664444,12.0,0.0,1.0,0.0,0.0,1.0,0.0
7,90,7.4428808691276975,3.099898124166248,0.0,0.0,0.0,1.0,0.0,0.0
8,90,5.052638574398559,11.002691720886263,0.0,0.0,1.0,1.0,1.0,0.0
9,90,0.886092031892924,0.5612614524322477,1.0,0.0,0.0,0.0,0.0,0.0
10,90,11.90008645856061,12.0,0.0,0.0,0.0,1.0,0.0,0.0
11,90,2.991923098645938,0.3404001595475505,1.0,1.0,0.0,0.0,0.0,0.0
12,90,9.100332575302488,9.78078166487358,0.0,1.0,0.0,0.0,1.0,1.0
13,90,2.8196552902907017,9.971122349569866,1.0,1.0,0.0,0.0,1.0,0.0
14,90,0.7577011958138299,10.3423216752668,0.0,0.0,1.0,1.0,0.0,0.0
15,90,3.027743482620153,3.6049983200212417,0.0,0.0,1.0,1.0,0.0,0.0
16,90,4.91851459365376,11.407573288447034,1.0,1.0,0.0,1.0,0.0,0.0
17,90,10.93095326050098,5.944601206282387,0.0,0.0,0.0,0.0,1.0,1.0
18,90,10.267295204439955,0.5301192781272219,1.0,0.0,0.0,1.0,0.0,1.0
19,90,9.016521409126938,7.976106469703201,0.0,0.0,0.0,0.0,0.0,1.0
20,90,0.6482336345930111,10.813165261204098,1.0,1.0,1.0,0.0,0.0,0.0
21,90,6.9577388452399545,9.961486055060693,1.0,1.0,1.0,0.0,0.0,0.0
22,90,9.141474834263512,10.473885745821136,1.0,1.0,0.0,1.0,0.0,1.0
23,90,5.15201046391297,8.524985940909845,0.0,0.0,1.0,0.0,0.0,0.0
24,90,10.977686165983895,11.184563921220962,0.0,1.0,0.0,0.0,0.0,0.0
25,90,9.23959268924738,8.47350279430483,0.0,0.0,0.0,1.0,0.0,0.0
26,90,1.3456679929246014,11.032412687275118,0.0,0.0,0.0,0.0,0.0,1.0
27,90,9.975477563027503,7.227869426378073,1.0,1.0,0.0,0.0,1.0,0.0
28,90,0.0,4.983141162169954,1.0,1.0,1.0,1.0,1.0,1.0
29,90,8.977516983504376,7.936243816006632,0.0,0.0,1.0,0.0,0.0,0.0
0,95,7.977887777752837,10.527831447668916,0.0,0.0,0.0,0.0,1.0,1.0
1,95,4.767450573935917,4.797478320505704,1.0,1.0,0.0,1.0,1.0,0.0
2,95,9.659874247887084,9.759402234019095,0.0,0.0,0.0,1.0,1.0,1.0
3,95,2.035905238840716,7.316018113327479,1.0,0.0,0.0,0.0,1.0,1.0
4,95,0.0996258594200867,2.922343203666378,1.0,0.0,0.0,1.0,0.0,1.0
5,95,0.0,7.114742642523085,1.0,0.0,0.0,0.0,0.0,0.0
6,95,9.034107183074132,12.0,0.0,1.0,0.0,0.0,1.0,0.0
7,95,7.416628931491688,3.143308612463165,0.0,0.0,0.0,1.0,0.0,0.0
8,95,5.055656112864655,10.949769834730924,0.0,0.0,1.0,1.0,1.0,0.0
9,95,0.941405572514453,0.5333155427966642,1.0,0.0,0.0,0.0,0.0,0.0
10,95,11.893016516601223,12.0,0.0,0.0,0.0,1.0,0.0,0.0
11,95,2.9460628520728416,0.354229331803989,1.0,1.0,0.0,0.0,0.0,0.0
12,95,9.03063323049698,9.761233960485578,0.0,1.0,0.0,0.0,1.0,1.0
13,95,2.8077043568762527,9.900929395114709,1.0,1.0,0.0,0.0,1.0,0.0
14,95,0.7215998270495633,10.293174443520288,0.0,0.0,1.0,1.0,0.0,0.0
15,95,3.0763506244537835,3.5900024137520075,0.0,0.0,1.0,1.0,0.0,0.0
16,95,4.970582703484218,11.375488632209745,1.0,1.0,0.0,1.0,0.0,0.0
17,95,10.927145626737031,5.8875800860790415,0.0,0.0,0.0,0.0,1.0,1.0
18,95,10.203870085749593,0.567423732288971,1.0,0.0,0.0,1.0,0.0,1.0
19,95,9.068445804104352,7.975009291459346,0.0,0.0,0.0,0.0,0.0,1.0
20,95,0.6725272205571986,10.842532287262696,1.0,1.0,1.0,0.0,0.0,0.0
21,95,6.952424801281497,9.908587398309214,1.0,1.0,1.0,0.0,0.0,0.0
22,95,9.083480601698357,10.507533087700285,1.0,1.0,0.0,1.0,0.0,1.0
23,95,5.111277031608075,8.549563479790121,0.0,0.0,1.0,0.0,0.0,0.0
24,95,10.921091390274908,11.196198144297258,0.0,1.0,0.0,0.0,0.0,0.0
25,95,9.213853529249846,8.493524346632826,0.0,0.0,0.0,1.0,0.0,0.0
26,95,1.3620609151141674,10.975171782922835,0.0,0.0,0.0,0.0,0.0,1.0
27,95,10.023712257959982,7.240946994281685,1.0,1.0,0.0,0.0,1.0,0.0
28,95,0.0,5.047039310442902,1.0,1.0,1.0,1.0,1.0,1.0
29,95,8.933969040391311,7.943320558736685,0.0,0.0,1.0,0.0,0.0,0.0
0,100,8.032604394221977,10.557455912890829,0.0,0.0,0.0,0.0,1.0,1.0
1,100,4.8061202466675335,4.837152846305036,1.0,1.0,0.0,1.0,1.0,0.0
2,100,9.613317454980182,9.75622180889172,0.0,0.0,0.0,1.0,1.0,1.0
3,100,1.9784173505213032,7.336489006954404,1.0,0.0,0.0,0.0,1.0,1.0
4,100,0.1068709235629407,2.865381309507994,1.0,0.0,0.0,1.0,0.0,1.0
5,100,0.0,7.067169446618699,1.0,0.0,0.0,0.0,0.0,0.0
6,100,8.98745534103885,12.0,0.0,1.0,0.0,0.0,1.0,0.0
7,100,7.381532295638828,3.2051926243818194,0.0,0.0,0.0,1.0,0.0,0.0
8,100,5.060296225902912,10.876442487526582,0.0,0.0,1.0,1.0,1.0,0.0
9,100,0.9874595538645238,0.5118793035254747,1.0,0.0,0.0,0.0,0.0,0.0
10,100,11.885789043102534,12.0,0.0,0.0,0.0,1.0,0.0,0.0
11,100,2.8872560040535507,0.3738604946105209,1.0,1.0,0.0,0.0,0.0,0.0
12,100,8.967138452812579,9.74333630891134,0.0,1.0,0.0,0.0,1.0,1.0
13,100,2.796698766587333,9.83127536934114,1.0,1.0,0.0,0.0,1.0,0.0
14,100,0.6889946757336559,10.248291752908818,0.0,0.0,1.0,1.0,0.0,0.0
15,100,3.138372364976293,3.570809851214928,0.0,0.0,1.0,1.0,0.0,0.0
16,100,5.003157338386735,11.354366549329578,1.0,1.0,0.0,1.0,0.0,0.0
17,100,10.92323059327119,5.8219731169990405,0.0,0.0,0.0,0.0,1.0,1.0
18,100,10.172496408172837,0.586138520882668,1.0,0.0,0.0,1.0,0.0,1.0
19,100,9.143321375494647,7.974078263296075,0.0,0.0,0.0,0.0,0.0,1.0
20,100,0.7034065202176524,10.817306578952609,1.0,1.0,1.0,0.0,0.0,0.0
21,100,6.949712294894354,9.874506721360294,1.0,1.0,1.0,0.0,0.0,0.0
22,100,9.028682752478352,10.537205671547248,1.0,1.0,0.0,1.0,0.0,1.0
23,100,5.0672410268826695,8.578271774600573,0.0,0.0,1.0,0.0,0.0,0.0
24,100,10.866900827484564,11.207352889943031,0.0,1.0,0.0,0.0,0.0,0.0
25,100,9.171673626802232,8.524714164149891,0.0,0.0,0.0,1.0,0.0,0.0
26,100,1.3764939192495933,10.921770393036384,0.0,0.0,0.0,0.0,0.0,1.0
27,100,10.07989912491677,7.255255463560876,1.0,1.0,0.0,0.0,1.0,0.0
28,100,0.0,5.109499393143309,1.0,1.0,1.0,1.0,1.0,1.0
29,100,8.886582585398521,7.950988060199774,0.0,0.0,1.0,0.0,0.0,0.0
0,105,8.09384239807107,10.591579620995526,0.0,0.0,0.0,0.0,1.0,1.0
1,105,4.865083287283945,4.8938362610494455,1.0,1.0,0.0,1.0,1.0,0.0
2,105,9.56957428156569,9.752660110960964,0.0,0.0,0.0,1.0,1.0,1.0
3,105,1.925792804558341,7.356688285150615,1.0,0.0,0.0,0.0,1.0,1.0
4,105,0.1148572853521676,2.804661126310736,1.0,0.0,0.0,1.0,0.0,1.0
5,105,0.0,7.031744715919927,1.0,0.0,0.0,0.0,0.0,0.0
6,105,8.949417821798116,12.0,0.0,1.0,0.0,0.0,1.0,0.0
7,105,7.35191347680702,3.2569543421192457,0.0,0.0,0.0,1.0,0.0,0.0
8,105,5.064049661687296,10.831893266887736,0.0,0.0,1.0,1.0,1.0,0.0
9,105,1.023145096018354,0.494738431515685,1.0,0.0,0.0,0.0,0.0,0.0
10,105,11.871540381226971,12.0,0.0,0.0,0.0,1.0,0.0,0.0
11,105,2.8410574493929945,0.3875678481226958,1.0,1.0,0.0,0.0,0.0,0.0
12,105,8.92697973163108,9.732060114050867,0.0,1.0,0.0,0.0,1.0,1.0
13,105,2.788562486835032,9.767477686920518,1.0,1.0,0.0,0.0,1.0,0.0
14,105,0.6508509540121685,10.193436314399936,0.0,0.0,1.0,1.0,0.0,0.0
15,105,3.1996325162250443,3.550146207268587,0.0,0.0,1.0,1.0,0.0,0.0
16,105,5.05301446396584,11.321743246248412,1.0,1.0,0.0,1.0,0.0,0.0
17,105,10.921019674635785,5.77197966188713,0.0,0.0,0.0,0.0,1.0,1.0
18,105,10.12875224352604,0.6147022492696818,1.0,0.0,0.0,1.0,0.0,1.0
19,105,9.207887618050432,7.973445446654045,0.0,0.0,0.0,0.0,0.0,1.0
20,105,0.7437512490267427,10.784392550489937,1.0,1.0,1.0,0.0,0.0,0.0
21,105,6.946190580503969,9.82781565048442,1.0,1.0,1.0,0.0,0.0,0.0
22,105,8.980892448161288,10.563738965960288,1.0,1.0,0.0,1.0,0.0,1.0
23,105,5.026208596936987,8.604372025246903,0.0,0.0,1.0,0.0,0.0,0.0
24,105,10.81386115226796,11.218769760108032,0.0,1.0,0.0,0.0,0.0,0.0
25,105,9.13427122806578,8.554190649140008,0.0,0.0,0.0,1.0,0.0,0.0
26,105,1.3930363885359671,10.862601317170808,0.0,0.0,0.0,0.0,0.0,1.0
27,105,10.14835639222339,7.272423961061577,1.0,1.0,0.0,0.0,1.0,0.0
28,105,0.0,5.1408603904536845,1.0,1.0,1.0,1.0,1.0,1.0
29,105,8.817365524597582,7.962586768617709,0.0,0.0,1.0,0.0,0.0,0.0
0,110,8.149390031023595,10.620591958403722,0.0,0.0,0.0,0.0,1.0,1.0
1,110,4.8876489593397725,4.916002716764464,1.0,1.0,0.0,1.0,1.0,0.0
2,110,9.490442300400662,9.743795166268876,0.0,0.0,0.0,1.0,1.0,1.0
3,110,1.8782648717531896,7.374632556971556,1.0,0.0,0.0,0.0,1.0,1.0
4,110,0.121435608112153,2.753507479173126,1.0,0.0,0.0,1.0,0.0,1.0
5,110,0.0,6.977858025855906,1.0,0.0,0.0,0.0,0.0,0.0
6,110,8.904200688831112,12.0,0.0,1.0,0.0,0.0,1.0,0.0
7,110,7.336096063375244,3.2848723945384477,0.0,0.0,0.0,1.0,0.0,0.0
8,110,5.067457559185897,10.793156095579196,0.0,0.0,1.0,1.0,1.0,0.0
9,110,1.0765597846964492,0.4683505757284829,1.0,0.0,0.0,0.0,0.0,0.0
10,110,11.857989838308384,12.0,0.0,0.0,0.0,1.0,0.0,0.0
11,110,2.8163185590920348,0.3947524857073386,1.0,1.0,0.0,0.0,0.0,0.0
12,110,8.877589493733069,9.71771119668326,0.0,1.0,0.0,0.0,1.0,1.0
13,110,2.7836723815064564,9.730767507912596,1.0,1.0,0.0,0.0,1.0,0.0
14,110,0.6167292207470934,10.145121939827828,0.0,0.0,1.0,1.0,0.0,0.0
15,110,3.26416173330781,3.5286102051136403,0.0,0.0,1.0,1.0,0.0,0.0
16,110,5.081115304388011,11.304832915965717,1.0,1.0,0.0,1.0,0.0,0.0
17,110,10.9198396210522,5.737922229615738,0.0,0.0,0.0,0.0,1.0,1.0
18,110,10.086507527739826,0.6413758075276256,1.0,0.0,0.0,1.0,0.0,1.0
19,110,9.251171545248564,7.972821845749622,0.0,0.0,0.0,0.0,0.0,1.0
20,110,0.7737615197788498,10.75848524103821,1.0,1.0,1.0,0.0,0.0,0.0
21,110,6.940589786101472,9.768519553803094,1.0,1.0,1.0,0.0,0.0,0.0
22,110,8.947348315692981,10.582663231069157,1.0,1.0,0.0,1.0,0.0,1.0
23,110,4.991621876952646,8.62592044545494,0.0,0.0,1.0,0.0,0.0,0.0
24,110,10.733602987432397,11.236311349345568,0.0,1.0,0.0,0.0,0.0,0.0
25,110,9.104063961254656,8.577234270972328,0.0,0.0,0.0,1.0,0.0,0.0
26,110,1.4085778118969978,10.809732266141992,0.0,0.0,0.0,0.0,0.0,1.0
27,110,10.21315708587388,7.288333100683545,1.0,1.0,0.0,0.0,1.0,0.0
28,110,0.0,5.182994854977319,1.0,1.0,1.0,1.0,1.0,1.0
29,110,8.755416581176531,7.973015946359522,0.0,0.0,1.0,0.0,0.0,0.0
0,115,8.19567899144979,10.645233502727324,0.0,0.0,0.0,0.0,1.0,1.0
1,115,4.938603150358638,4.965153798222872,1.0,1.0,0.0,1.0,1.0,0.0
2,115,9.437865055398548,9.73900762409038,0.0,0.0,0.0,1.0,1.0,1.0
3,115,1.829690497115792,7.394224371327871,1.0,0.0,0.0,0.0,1.0,1.0
4,115,0.1304986098466058,2.696177164920432,1.0,0.0,0.0,1.0,0.0,1.0
5,115,0.0,6.9557019629398,1.0,0.0,0.0,0.0,0.0,0.0
6,115,8.847228116579519,12.0,0.0,1.0,0.0,0.0,1.0,0.0
7,115,7.312139392172011,3.326918406558504,0.0,0.0,0.0,1.0,0.0,0.0
8,115,5.069258057267167,10.73847702883672,0.0,0.0,1.0,1.0,1.0,0.0
9,115,1.1247980754418012,0.4456182870242402,1.0,0.0,0.0,0.0,0.0,0.0
10,115,11.852498608367338,12.0,0.0,0.0,0.0,1.0,0.0,0.0
11,115,2.771814249631202,0.4075388876822092,1.0,1.0,0.0,0.0,0.0,0.0
12,115,8.803822441457854,9.694598993446467,0.0,1.0,0.0,0.0,1.0,1.0
13,115,2.776776020397204,9.686086384922048,1.0,1.0,0.0,0.0,1.0,0.0
14,115,0.5784811608907566,10.091713428288818,0.0,0.0,1.0,1.0,0.0,0.0
15,115,3.305123286642388,3.515494235714969,0.0,0.0,1.0,1.0,0.0,0.0
16,115,5.135119511388184,11.27308451003,1.0,1.0,0.0,1.0,0.0,0.0
17,115,10.916955288238766,5.662294870407604,0.0,0.0,0.0,0.0,1.0,1.0
18,115,10.015271093764458,0.6873635887902684,1.0,0.0,0.0,1.0,0.0,1.0
19,115,9.317763180375454,7.972037101305953,0.0,0.0,0.0,0.0,0.0,1.0
20,115,0.8084897461639609,10.72757198953214,1.0,1.0,1.0,0.0,0.0,0.0
21,115,6.935660155917449,9.711325223445945,1.0,1.0,1.0,0.0,0.0,0.0
22,115,8.972288729498294,10.63164302189356,1.0,1.0,0.0,1.0,0.0,1.0
23,115,4.963314314266247,8.643700840617868,0.0,0.0,1.0,0.0,0.0,0.0
24,115,10.724227433548258,11.187560192775386,0.0,1.0,0.0,0.0,0.0,0.0
25,115,9.060316024909032,8.611649164499946,0.0,0.0,0.0,1.0,0.0,0.0
26,115,1.419948250742211,10.77170005534031,0.0,0.0,0.0,0.0,0.0,1.0
27,115,10.281858278291038,7.304303576215564,1.0,1.0,0.0,0.0,1.0,0.0
28,115,0.0,5.232454473251118,1.0,1.0,1.0,1.0,1.0,1.0
29,115,8.70843874815782,7.983706208335929,0.0,0.0,1.0,0.0,0.0,0.0
0,120,8.246740429051714,10.672017645805356,0.0,0.0,0.0,0.0,1.0,1.0
1,120,4.981283372358943,5.007302275866447,1.0,1.0,0.0,1.0,1.0,0.0
2,120,9.38125124909046,9.73296442583205,0.0,0.0,0.0,1.0,1.0,1.0
3,120,1.770759658291315,7.417612615331398,1.0,0.0,0.0,0.0,1.0,1.0
4,120,0.1399034401915434,2.642941642220628,1.0,0.0,0.0,1.0,0.0,1.0
5,120,0.0,6.909961987300488,1.0,0.0,0.0,0.0,0.0,0.0
6,120,8.767802962432443,12.0,0.0,1.0,0.0,0.0,1.0,0.0
7,120,7.288893402171527,3.367292733146414,0.0,0.0,0.0,1.0,0.0,0.0
8,120,5.071177619655817,10.701287578951742,0.0,0.0,1.0,1.0,1.0,0.0
9,120,1.1726321374398747,0.4222201398379549,1.0,0.0,0.0,0.0,0.0,0.0
10,120,11.839785503115335,12.0,0.0,0.0,0.0,1.0,0.0,0.0
11,120,2.724462923447313,0.4213275571549215,1.0,1.0,0.0,0.0,0.0,0.0
12,120,8.752353825872074,9.67851039661769,0.0,1.0,0.0,0.0,1.0,1.0
13,120,2.768675705119348,9.636550317919903,1.0,1.0,0.0,0.0,1.0,0.0
14,120,0.5531926203099735,10.057420812171811,0.0,0.0,1.0,1.0,0.0,0.0
15,120,3.347831592658754,3.5012301269682413,0.0,0.0,1.0,1.0,0.0,0.0
16,120,5.1701015010691895,11.252615530060664,1.0,1.0,0.0,1.0,0.0,0.0
17,120,10.91240616210856,5.597798179126236,0.0,0.0,0.0,0.0,1.0,1.0
18,120,9.98669201185415,0.7056520373592998,1.0,0.0,0.0,1.0,0.0,1.0
19,120,9.362753896285694,7.970919088390009,0.0,0.0,0.0,0.0,0.0,1.0
20,120,0.8661479703595771,10.675600620861436,1.0,1.0,1.0,0.0,0.0,0.0
21,120,6.932769470904614,9.681855024282994,1.0,1.0,1.0,0.0,0.0,0.0
22,120,9.000090300683711,10.68573143079938,1.0,1.0,0.0,1.0,0.0,1.0
23,120,4.907484163851863,8.6769947452604,0.0,0.0,1.0,0.0,0.0,0.0
24,120,10.710860707742542,11.122357484407209,0.0,1.0,0.0,0.0,0.0,0.0
25,120,9.019301590044993,8.645108447546498,0.0,0.0,0.0,1.0,0.0,0.0
26,120,1.4369619896486685,10.716833988456267,0.0,0.0,0.0,0.0,0.0,1.0
27,120,10.34697507876342,7.320356717728397,1.0,1.0,0.0,0.0,1.0,0.0
28,120,0.0,5.283419975197668,1.0,1.0,1.0,1.0,1.0,1.0
29,120,8.642413699130861,7.998450557662021,0.0,0.0,1.0,0.0,0.0,0.0
0,125,8.300364159391746,10.70054121581884,0.0,0.0,0.0,0.0,1.0,1.0
1,125,5.0094465514871525,5.034759177280043,1.0,1.0,0.0,1.0,1.0,0.0
2,125,9.286807018906348,9.721860810377246,0.0,0.0,0.0,1.0,1.0,1.0
3,125,1.729138371941976,7.435204478406732,1.0,0.0,0.0,0.0,1.0,1.0
4,125,0.1470255672903968,2.604602590026277,1.0,0.0,0.0,1.0,0.0,1.0
5,125,0.0,6.852934606717559,1.0,0.0,0.0,0.0,0.0,0.0
6,125,8.71094334035959,12.0,0.0,1.0,0.0,0.0,1.0,0.0
7,125,7.266468254642137,3.407875424884554,0.0,0.0,0.0,1.0,0.0,0.0
8,125,5.0749154155625495,10.648867837998909,0.0,0.0,1.0,1.0,1.0,0.0
9,125,1.224683177633817,0.3965836890452273,1.0,0.0,0.0,0.0,0.0,0.0
10,125,11.831870793473206,12.0,0.0,0.0,0.0,1.0,0.0,0.0
11,125,2.689619235117169,0.4314064979388019,1.0,1.0,0.0,0.0,0.0,0.0
12,125,8.692367881649393,9.66156874389388,0.0,1.0,0.0,0.0,1.0,1.0
13,125,2.757983831300635,9.5605160124528,1.0,1.0,0.0,0.0,1.0,0.0
14,125,0.5150718612079335,10.008141805793732,0.0,0.0,1.0,1.0,0.0,0.0
15,125,3.383534841033345,3.4889827207545743,0.0,0.0,1.0,1.0,0.0,0.0
16,125,5.198996476173443,11.235717847611332,1.0,1.0,0.0,1.0,0.0,0.0
17,125,10.910797005626714,5.555893255434625,0.0,0.0,0.0,0.0,1.0,1.0
18,125,9.942239326763543,0.7361988818856117,1.0,0.0,0.0,1.0,0.0,1.0
19,125,9.390358324306282,7.969886305292197,0.0,0.0,0.0,0.0,0.0,1.0
20,125,0.9047880014645038,10.639264566450455,1.0,1.0,1.0,0.0,0.0,0.0
21,125,6.924322215198767,9.608299336811085,1.0,1.0,1.0,0.0,0.0,0.0
22,125,9.03145001153604,10.746033546338312,1.0,1.0,0.0,1.0,0.0,1.0
23,125,4.862674007447251,8.702106236882791,0.0,0.0,1.0,0.0,0.0,0.0
24,125,10.705867166935429,11.09808310653252,0.0,1.0,0.0,0.0,0.0,0.0
25,125,8.984074941179031,8.676132317042043,0.0,0.0,0.0,1.0,0.0,0.0
26,125,1.4466020015532022,10.685787158232234,0.0,0.0,0.0,0.0,0.0,1.0
27,125,10.386885592880896,7.329407674690181,1.0,1.0,0.0,0.0,1.0,0.0
28,125,0.0,5.343453904728476,1.0,1.0,1.0,1.0,1.0,1.0
29,125,8.591312647022232,8.009011577527541,0.0,0.0,1.0,0.0,0.0,0.0
0,130,8.377155907599056,10.743413415513446,0.0,0.0,0.0,0.0,1.0,1.0
1,130,5.02588145017624,5.051516233093822,1.0,1.0,0.0,1.0,1.0,0.0
2,130,9.21861579470782,9.71336691263269,0.0,0.0,0.0,1.0,1.0,1.0
3,130,1.6776338137734643,7.454386428310724,1.0,0.0,0.0,0.0,1.0,1.0
4,130,0.1568741632188981,2.5548920355566587,1.0,0.0,0.0,1.0,0.0,1.0
5,130,0.0,6.81936201636961,1.0,0.0,0.0,0.0,0.0,0.0
6,130,8.66582478653935,12.0,0.0,1.0,0.0,0.0,1.0,0.0
7,130,7.232781037321905,3.4647114732871427,0.0,0.0,0.0,1.0,0.0,0.0
8,130,5.0799425135679455,10.552078149749583,0.0,0.0,1.0,1.0,1.0,0.0
9,130,1.2930003677921065,0.3617192863371791,1.0,0.0,0.0,0.0,0.0,0.0
10,130,11.824348940531817,12.0,0.0,0.0,0.0,1.0,0.0,0.0
11,130,2.6359947699351696,0.4465791493183833,1.0,1.0,0.0,0.0,0.0,0.0
12,130,8.646186059183465,9.647023263309205,0.0,1.0,0.0,0.0,1.0,1.0
13,130,2.750141538934529,9.50667492672277,1.0,1.0,0.0,0.0,1.0,0.0
14,130,0.4733786297401211,9.9505217095764,0.0,0.0,1.0,1.0,0.0,0.0
15,130,3.4249159994024203,3.4742690611715545,0.0,0.0,1.0,1.0,0.0,0.0
16,130,5.2547464472450764,11.200877195595703,1.0,1.0,0.0,1.0,0.0,0.0
17,130,10.910465419735498,5.511266209963223,0.0,0.0,0.0,0.0,1.0,1.0
18,130,9.900925507028337,0.7635694669352115,1.0,0.0,0.0,1.0,0.0,1.0
19,130,9.43806808661091,7.9685527290138225,0.0,0.0,0.0,0.0,0.0,1.0
20,130,0.9414301850706108,10.603900857440571,1.0,1.0,1.0,0.0,0.0,0.0
21,130,6.918140859924461,9.540804027322451,1.0,1.0,1.0,0.0,0.0,0.0
22,130,9.05009906322348,10.782082726461134,1.0,1.0,0.0,1.0,0.0,1.0
23,130,4.809717211616598,8.731069768361358,0.0,0.0,1.0,0.0,0.0,0.0
24,130,10.694879922920432,11.040588704320706,0.0,1.0,0.0,0.0,0.0,0.0
25,130,8.92943352146158,8.723233717275573,0.0,0.0,0.0,1.0,0.0,0.0
26,130,1.4635780782174392,10.63575399335046,0.0,0.0,0.0,0.0,0.0,1.0
27,130,10.434660297891725,7.340136149386887,1.0,1.0,0.0,0.0,1.0,0.0
28,130,0.0,5.40235997189714,1.0,1.0,1.0,1.0,1.0,1.0
29,130,8.536432157328976,8.020678530919708,0.0,0.0,1.0,0.0,0.0,0.0
0,135,8.43898969832706,10.778564309304086,0.0,0.0,0.0,0.0,1.0,1.0
1,135,5.041647191364344,5.06817056281451,1.0,1.0,0.0,1.0,1.0,0.0
2,135,9.182479073810326,9.708955434496245,0.0,0.0,0.0,1.0,1.0,1.0
3,135,1.6463016416615603,7.466465719091954,1.0,0.0,0.0,0.0,1.0,1.0
4,135,0.1719777095948441,2.479985984091445,1.0,0.0,0.0,1.0,0.0,1.0
5,135,0.0,6.766772591993076,1.0,0.0,0.0,0.0,0.0,0.0
6,135,8.611801258058936,12.0,0.0,1.0,0.0,0.0,1.0,0.0
7,135,7.1994393051063845,3.5187665459759296,0.0,0.0,0.0,1.0,0.0,0.0
8,135,5.082447946374228,10.517940731057342,0.0,0.0,1.0,1.0,1.0,0.0
9,135,1.3309058049735802,0.3424360324461541,1.0,0.0,0.0,0.0,0.0,0.0
10,135,11.818186143322508,12.0,0.0,0.0,0.0,1.0,0.0,0.0
11,135,2.5483306934544463,0.472495020494114,1.0,1.0,0.0,0.0,0.0,0.0
12,135,8.600384009955215,9.63326162850496,0.0,1.0,0.0,0.0,1.0,1.0
13,135,2.745018741126529,9.469062366618184,1.0,1.0,0.0,0.0,1.0,0.0
14,135,0.4438230579330261,9.911829066756564,0.0,0.0,1.0,1.0,0.0,0.0
15,135,3.505698189523897,3.4486267685311702,0.0,0.0,1.0,1.0,0.0,0.0
16,135,5.287521520701469,11.180708947676294,1.0,1.0,0.0,1.0,0.0,0.0
17,135,10.90913808758564,5.461309193393168,0.0,0.0,0.0,0.0,1.0,1.0
18,135,9.844545495062526,0.8005787094704239,1.0,0.0,0.0,1.0,0.0,1.0
19,135,9.494609812599563,7.965933269702587,0.0,0.0,0.0,0.0,0.0,1.0
20,135,0.9668905555851108,10.580713941515397,1.0,1.0,1.0,0.0,0.0,0.0
21,135,6.914094255671554,9.478338209185171,1.0,1.0,1.0,0.0,0.0,0.0
22,135,9.06451629232578,10.8097796775217,1.0,1.0,0.0,1.0,0.0,1.0
23,135,4.736289814671169,8.771193854128867,0.0,0.0,1.0,0.0,0.0,0.0
24,135,10.685869850776909,10.995967562695428,0.0,1.0,0.0,0.0,0.0,0.0
25,135,8.90181422440101,8.746398791677528,0.0,0.0,0.0,1.0,0.0,0.0
26,135,1.4186965601539538,10.620597999951782,0.0,0.0,0.0,0.0,0.0,1.0
27,135,10.50039655304014,7.355662927099074,1.0,1.0,0.0,0.0,1.0,0.0
28,135,0.0,5.458430781237294,1.0,1.0,1.0,1.0,1.0,1.0
29,135,8.483902467445288,8.032291542665305,0.0,0.0,1.0,0.0,0.0,0.0
0,140,8.47160914114074,10.722115885555256,0.0,0.0,0.0,0.0,1.0,1.0
1,140,5.06552451307451,5.094601929359484,1.0,1.0,0.0,1.0,1.0,0.0
2,140,9.108684088317226,9.702624070875528,0.0,0.0,0.0,1.0,1.0,1.0
3,140,1.6024125989194535,7.482535215897409,1.0,0.0,0.0,0.0,1.0,1.0
4,140,0.1834598742711957,2.423120416592577,1.0,0.0,0.0,1.0,0.0,1.0
5,140,0.0,6.7082128482034005,1.0,0.0,0.0,0.0,0.0,0.0
6,140,8.547862003195334,12.0,0.0,1.0,0.0,0.0,1.0,0.0
7,140,7.172740737522192,3.5615016830144373,0.0,0.0,0.0,1.0,0.0,0.0
8,140,5.086637815928312,10.444380848228588,0.0,0.0,1.0,1.0,1.0,0.0
9,140,1.3851557460138348,0.3174109170218212,1.0,0.0,0.0,0.0,0.0,0.0
10,140,11.809035235569782,12.0,0.0,0.0,0.0,1.0,0.0,0.0
11,140,2.489445338358577,0.4903830281780247,1.0,1.0,0.0,0.0,0.0,0.0
12,140,8.56074203307763,9.62069087512852,0.0,1.0,0.0,0.0,1.0,1.0
13,140,2.736122630039873,9.3926599691346,1.0,1.0,0.0,0.0,1.0,0.0
14,140,0.4075510876922558,9.865258251800222,0.0,0.0,1.0,1.0,0.0,0.0
15,140,3.564526425951627,3.431770594562055,0.0,0.0,1.0,1.0,0.0,0.0
16,140,5.330528557218144,11.154721575236024,1.0,1.0,0.0,1.0,0.0,0.0
17,140,10.908093917836563,5.414022587370541,0.0,0.0,0.0,0.0,1.0,1.0
18,140,9.794956018586138,0.8337380806136885,1.0,0.0,0.0,1.0,0.0,1.0
19,140,9.592976501656514,7.962081203978681,0.0,0.0,0.0,0.0,0.0,1.0
20,140,1.002527318260301,10.544872058247387,1.0,1.0,1.0,0.0,0.0,0.0
21,140,6.909906389483724,9.42551521574634,1.0,1.0,1.0,0.0,0.0,0.0
22,140,9.091077938202243,10.860149227509416,1.0,1.0,0.0,1.0,0.0,1.0
23,140,4.662600687775119,8.8102449851693,0.0,0.0,1.0,0.0,0.0,0.0
24,140,10.669404257805716,10.930802476138831,0.0,1.0,0.0,0.0,0.0,0.0
25,140,8.863713954550562,8.777408734402977,0.0,0.0,0.0,1.0,0.0,0.0
26,140,1.3760610140511256,10.605900972216949,0.0,0.0,0.0,0.0,0.0,1.0
27,140,10.516546308607117,7.29286535396066,1.0,1.0,0.0,0.0,1.0,0.0
28,140,0.0,5.516511860416937,1.0,1.0,1.0,1.0,1.0,1.0
29,140,8.434896526562918,8.043987429503554,0.0,0.0,1.0,0.0,0.0,0.0
0,145,8.49632012477219,10.67869534459376,0.0,0.0,0.0,0.0,1.0,1.0
1,145,5.108390004175594,5.142148083454577,1.0,1.0,0.0,1.0,1.0,0.0
2,145,9.035875348946709,9.695704889517152,0.0,0.0,0.0,1.0,1.0,1.0
3,145,1.5531988554970282,7.501086890746189,1.0,0.0,0.0,0.0,1.0,1.0
4,145,0.1947132176464422,2.369712569934497,1.0,0.0,0.0,1.0,0.0,1.0
5,145,0.0,6.657918147070571,1.0,0.0,0.0,0.0,0.0,0.0
6,145,8.507950305875436,12.0,0.0,1.0,0.0,0.0,1.0,0.0
7,145,7.147934687015827,3.60114829712882,0.0,0.0,0.0,1.0,0.0,0.0
8,145,5.090663651964759,10.365427462596143,0.0,0.0,1.0,1.0,1.0,0.0
9,145,1.4517463647112132,0.2881462923256083,1.0,0.0,0.0,0.0,0.0,0.0
10,145,11.801503825644106,12.0,0.0,0.0,0.0,1.0,0.0,0.0
11,145,2.450911699670318,0.5024136759799828,1.0,1.0,0.0,0.0,0.0,0.0
12,145,8.501315764617592,9.601976423122789,0.0,1.0,0.0,0.0,1.0,1.0
13,145,2.729178449137472,9.334783966072427,1.0,1.0,0.0,0.0,1.0,0.0
14,145,0.3602905063747172,9.800824882789284,0.0,0.0,1.0,1.0,0.0,0.0
15,145,3.6294078438259234,3.412986878097962,0.0,0.0,1.0,1.0,0.0,0.0
16,145,5.395203174898693,11.116564102626194,1.0,1.0,0.0,1.0,0.0,0.0
17,145,10.905584230741562,5.341763504748054,0.0,0.0,0.0,0.0,1.0,1.0
18,145,9.743491210690832,0.8670935673221026,1.0,0.0,0.0,1.0,0.0,1.0
19,145,9.654624371222445,7.958845259025286,0.0,0.0,0.0,0.0,0.0,1.0
20,145,1.0232635873712053,10.524179928308394,1.0,1.0,1.0,0.0,0.0,0.0
21,145,6.906661618294165,9.354664176763182,1.0,1.0,1.0,0.0,0.0,0.0
22,145,9.109495800833509,10.894388935732428,1.0,1.0,0.0,1.0,0.0,1.0
23,145,4.621503310411657,8.831762241176317,0.0,0.0,1.0,0.0,0.0,0.0
24,145,10.653309841266571,10.871252246013414,0.0,1.0,0.0,0.0,0.0,0.0
25,145,8.8137463795478,8.815821750756415,0.0,0.0,0.0,1.0,0.0,0.0
26,145,1.3113833384360587,10.583306847397685,0.0,0.0,0.0,0.0,0.0,1.0
27,145,10.528121858124734,7.245383697027728,1.0,1.0,0.0,0.0,1.0,0.0
28,145,0.0,5.565866718369708,1.0,1.0,1.0,1.0,1.0,1.0
29,145,8.390310254142507,8.054231010588238,0.0,0.0,1.0,0.0,0.0,0.0
0,150,8.52146435905606,10.633733983462642,0.0,0.0,0.0,0.0,1.0,1.0
1,150,5.156489238809921,5.19429079870935,1.0,1.0,0.0,1.0,1.0,0.0
2,150,8.983850820533146,9.691334263137502,0.0,0.0,0.0,1.0,1.0,1.0
3,150,1.505950694706123,7.519867175521371,1.0,0.0,0.0,0.0,1.0,1.0
4,150,0.2087478799983554,2.3029527522813256,1.0,0.0,0.0,1.0,0.0,1.0
5,150,0.0,6.626187764028468,1.0,0.0,0.0,0.0,0.0,0.0
6,150,8.463574539179234,12.0,0.0,1.0,0.0,0.0,1.0,0.0
7,150,7.126323704088144,3.634885237810357,0.0,0.0,0.0,1.0,0.0,0.0
8,150,5.09356236929102,10.31293000699559,0.0,0.0,1.0,1.0,1.0,0.0
9,150,1.485955196437466,0.2732725274885379,1.0,0.0,0.0,0.0,0.0,0.0
10,150,11.742878763512197,11.992175212888638,0.0,0.0,0.0,1.0,0.0,0.0
11,150,2.3935193741271945,0.5219028060937404,1.0,1.0,0.0,0.0,0.0,0.0
12,150,8.455560207088244,9.587294497213351,0.0,1.0,0.0,0.0,1.0,1.0
13,150,2.722577117285637,9.27868777320965,1.0,1.0,0.0,0.0,1.0,0.0
14,150,0.3273266573817405,9.755555405400951,0.0,0.0,1.0,1.0,0.0,0.0
15,150,3.677014228511387,3.4002958494415507,0.0,0.0,1.0,1.0,0.0,0.0
16,150,5.454827073846989,11.08325957072234,1.0,1.0,0.0,1.0,0.0,0.0
17,150,10.903273497809735,5.279751137483805,0.0,0.0,0.0,0.0,1.0,1.0
18,150,9.700743002136928,0.8956934079345108,1.0,0.0,0.0,1.0,0.0,1.0
19,150,9.714771403604791,7.954636301545616,0.0,0.0,0.0,0.0,0.0,1.0
20,150,1.0665757982438486,10.481806356799709,1.0,1.0,1.0,0.0,0.0,0.0
21,150,6.902772573328046,9.301343298558074,1.0,1.0,1.0,0.0,0.0,0.0
22,150,9.133344047296236,10.940355939275976,1.0,1.0,0.0,1.0,0.0,1.0
23,150,4.559524690741294,8.864794195393353,0.0,0.0,1.0,0.0,0.0,0.0
24,150,10.63417970728768,10.807214458609026,0.0,1.0,0.0,0.0,0.0,0.0
25,150,8.770044703064656,8.849219183754844,0.0,0.0,0.0,1.0,0.0,0.0
26,150,1.2632504266959246,10.568802684769205,0.0,0.0,0.0,0.0,0.0,1.0
27,150,10.54461967642489,7.183258538039861,1.0,1.0,0.0,0.0,1.0,0.0
28,150,0.0,5.616711800450092,1.0,1.0,1.0,1.0,1.0,1.0
29,150,8.326094818288931,8.068889896853639,0.0,0.0,1.0,0.0,0.0,0.0
0,155,8.544542536233156,10.592074027357024,0.0,0.0,0.0,0.0,1.0,1.0
1,155,5.193780680933739,5.2347977453248,1.0,1.0,0.0,1.0,1.0,0.0
2,155,8.94946553428845,9.688033168134558,0.0,0.0,0.0,1.0,1.0,1.0
3,155,1.450248235004726,7.541814941025739,1.0,0.0,0.0,0.0,1.0,1.0
4,155,0.2178286862533533,2.262782098048131,1.0,0.0,0.0,1.0,0.0,1.0
5,155,0.0,6.562622578111328,1.0,0.0,0.0,0.0,0.0,0.0
6,155,8.440872082109408,12.0,0.0,1.0,0.0,0.0,1.0,0.0
7,155,7.103606310609812,3.6694195173652298,0.0,0.0,0.0,1.0,0.0,0.0
8,155,5.095097199449297,10.263688146963538,0.0,0.0,1.0,1.0,1.0,0.0
9,155,1.5231978371655073,0.2576006608022595,1.0,0.0,0.0,0.0,0.0,0.0
10,155,11.671298746613251,11.9823530178477,0.0,0.0,0.0,1.0,0.0,0.0
11,155,2.3503842762439477,0.5377900322247233,1.0,1.0,0.0,0.0,0.0,0.0
12,155,8.388879794670121,9.5662083445689,0.0,1.0,0.0,0.0,1.0,1.0
13,155,2.668638069606945,9.28501361700447,1.0,1.0,0.0,0.0,1.0,0.0
14,155,0.2860243220707921,9.697185384999818,0.0,0.0,1.0,1.0,0.0,0.0
15,155,3.691182903503879,3.456192392321954,0.0,0.0,1.0,1.0,0.0,0.0
16,155,5.526332542609081,11.040921475011292,1.0,1.0,0.0,1.0,0.0,0.0
17,155,10.900325465928216,5.2333604529049085,0.0,0.0,0.0,0.0,1.0,1.0
18,155,9.663312041343737,0.9213480136696904,1.0,0.0,0.0,1.0,0.0,1.0
19,155,9.764539473078992,7.950038922542459,0.0,0.0,0.0,0.0,0.0,1.0
20,155,1.098215071348161,10.450937696093884,1.0,1.0,1.0,0.0,0.0,0.0
21,155,6.898892267751036,9.24081981560168,1.0,1.0,1.0,0.0,0.0,0.0
22,155,9.164603330326807,10.999482973716724,1.0,1.0,0.0,1.0,0.0,1.0
23,155,4.499232338994094,8.897982613804201,0.0,0.0,1.0,0.0,0.0,0.0
24,155,10.616567160141516,10.7508585108606,0.0,1.0,0.0,0.0,0.0,0.0
25,155,8.72182315028882,8.885831048284098,0.0,0.0,0.0,1.0,0.0,0.0
26,155,1.221565045324407,10.556554085694303,0.0,0.0,0.0,0.0,0.0,1.0
27,155,10.5575374313157,7.13574855400799,1.0,1.0,0.0,0.0,1.0,0.0
28,155,0.0,5.663315800935989,1.0,1.0,1.0,1.0,1.0,1.0
29,155,8.263967034887113,8.083244375227386,0.0,0.0,1.0,0.0,0.0,0.0
0,160,8.572867871789025,10.54425267827399,0.0,0.0,0.0,0.0,1.0,1.0
1,160,5.236211064074758,5.2793457105628665,1.0,1.0,0.0,1.0,1.0,0.0
2,160,8.936233390863388,9.686622763163337,0.0,0.0,0.0,1.0,1.0,1.0
3,160,1.3985315290301692,7.562419672253171,1.0,0.0,0.0,0.0,1.0,1.0
4,160,0.2332877110841981,2.1934894543882786,1.0,0.0,0.0,1.0,0.0,1.0
5,160,0.0,6.525241091146556,1.0,0.0,0.0,0.0,0.0,0.0
6,160,8.397310823995774,12.0,0.0,1.0,0.0,0.0,1.0,0.0
7,160,7.064299257624498,3.730431687250536,0.0,0.0,0.0,1.0,0.0,0.0
8,160,5.097657845326835,10.208507801556884,0.0,0.0,1.0,1.0,1.0,0.0
9,160,1.5710443479663727,0.2367736516672517,1.0,0.0,0.0,0.0,0.0,0.0
10,160,11.620582711297557,11.975436079910825,0.0,0.0,0.0,1.0,0.0,0.0
11,160,2.2872520419641678,0.5604690746967065,1.0,1.0,0.0,0.0,0.0,0.0
12,160,8.329814813494878,9.54702890821494,0.0,1.0,0.0,0.0,1.0,1.0
13,160,2.615551944051001,9.291965026360597,1.0,1.0,0.0,0.0,1.0,0.0
14,160,0.2590542240107735,9.65903574883261,0.0,0.0,1.0,1.0,0.0,0.0
15,160,3.7084725291946903,3.525237587158469,0.0,0.0,1.0,1.0,0.0,0.0
16,160,5.562501305342512,11.018189784055467,1.0,1.0,0.0,1.0,0.0,0.0
17,160,10.895493736699294,5.154013897007496,0.0,0.0,0.0,0.0,1.0,1.0
18,160,9.618411691306092,0.9549603362173686,1.0,0.0,0.0,1.0,0.0,1.0
19,160,9.837283779077405,7.94234388497521,0.0,0.0,0.0,0.0,0.0,1.0
20,160,1.132485540269963,10.416694212862012,1.0,1.0,1.0,0.0,0.0,0.0
21,160,6.894981364243877,9.18160424867456,1.0,1.0,1.0,0.0,0.0,0.0
22,160,9.199244893064316,11.063038165852404,1.0,1.0,0.0,1.0,0.0,1.0
23,160,4.4594022180871296,8.921289736631785,0.0,0.0,1.0,0.0,0.0,0.0
24,160,10.600410945180371,10.704321572024693,0.0,1.0,0.0,0.0,0.0,0.0
25,160,8.674893468477396,8.91935325798639,0.0,0.0,0.0,1.0,0.0,0.0
26,160,1.1467670200354658,10.537078158364844,0.0,0.0,0.0,0.0,0.0,1.0
27,160,10.57561382653843,7.073162576292895,1.0,1.0,0.0,0.0,1.0,0.0
28,160,0.0,5.710882872903776,1.0,1.0,1.0,1.0,1.0,1.0
29,160,8.2059001052828,8.094182843538821,0.0,0.0,1.0,0.0,0.0,0.0
0,165,8.588772846894821,10.518299882643667,0.0,0.0,0.0,0.0,1.0,1.0
1,165,5.2740006950224485,5.319943490051751,1.0,1.0,0.0,1.0,1.0,0.0
2,165,8.888788067650387,9.68127301499989,0.0,0.0,0.0,1.0,1.0,1.0
3,165,1.3276156440095446,7.593695153315718,1.0,0.0,0.0,0.0,1.0,1.0
4,165,0.2500095225531377,2.1211478070287697,1.0,0.0,0.0,1.0,0.0,1.0
5,165,0.0,6.484727534700084,1.0,0.0,0.0,0.0,0.0,0.0
6,165,8.378442230200305,12.0,0.0,1.0,0.0,0.0,1.0,0.0
7,165,7.040917951220231,3.766864991269423,0.0,0.0,0.0,1.0,0.0,0.0
8,165,5.101683282617157,10.164830631214295,0.0,0.0,1.0,1.0,1.0,0.0
9,165,1.625535308246639,0.2106709226167154,1.0,0.0,0.0,0.0,0.0,0.0
10,165,11.58134603109112,11.97072708740071,0.0,0.0,0.0,1.0,0.0,0.0
11,165,2.236258393682604,0.5780771722164946,1.0,1.0,0.0,0.0,0.0,0.0
12,165,8.277854948032454,9.530116337015228,0.0,1.0,0.0,0.0,1.0,1.0
13,165,2.5624234654574143,9.299093661296403,1.0,1.0,0.0,0.0,1.0,0.0
14,165,0.235920870362593,9.626467366447931,0.0,0.0,1.0,1.0,0.0,0.0
15,165,3.724260040636728,3.583524858571021,0.0,0.0,1.0,1.0,0.0,0.0
16,165,5.594145093612788,10.99845825734781,1.0,1.0,0.0,1.0,0.0,0.0
17,165,10.89422817221994,5.097650114326992,0.0,0.0,0.0,0.0,1.0,1.0
18,165,9.557115338221202,0.9998768102876878,1.0,0.0,0.0,1.0,0.0,1.0
19,165,9.907972617612112,7.933869603402158,0.0,0.0,0.0,0.0,0.0,1.0
20,165,1.16849194559625,10.379365753317064,1.0,1.0,1.0,0.0,0.0,0.0
21,165,6.891638544445588,9.124743142549129,1.0,1.0,1.0,0.0,0.0,0.0
22,165,9.228112370002052,11.1202596415273,1.0,1.0,0.0,1.0,0.0,1.0
23,165,4.4074505346489765,8.95361873403859,0.0,0.0,1.0,0.0,0.0,0.0
24,165,10.57631363792058,10.637645591888916,0.0,1.0,0.0,0.0,0.0,0.0
25,165,8.619674370715272,8.957888304752522,0.0,0.0,0.0,1.0,0.0,0.0
26,165,1.086454064545134,10.521793030335145,0.0,0.0,0.0,0.0,0.0,1.0
27,165,10.590701393869418,7.0158618824413495,1.0,1.0,0.0,0.0,1.0,0.0
28,165,0.0,5.770062382693071,1.0,1.0,1.0,1.0,1.0,1.0
29,165,8.142961149243066,8.10693942714098,0.0,0.0,1.0,0.0,0.0,0.0
0,170,8.612940610542191,10.478811942975558,0.0,0.0,0.0,0.0,1.0,1.0
1,170,5.32177491525357,5.369383941335121,1.0,1.0,0.0,1.0,1.0,0.0
2,170,8.835581259362455,9.673617034290851,0.0,0.0,0.0,1.0,1.0,1.0
3,170,1.2852671062170269,7.613664654529776,1.0,0.0,0.0,0.0,1.0,1.0
4,170,0.2636471972391882,2.0688698119871787,1.0,0.0,0.0,1.0,0.0,1.0
5,170,0.0,6.420933557475969,1.0,0.0,0.0,0.0,0.0,0.0
6,170,8.312495465858492,12.0,0.0,1.0,0.0,0.0,1.0,0.0
7,170,7.029737314757237,3.7836293571855326,0.0,0.0,0.0,1.0,0.0,0.0
8,170,5.105622393463644,10.117899668297277,0.0,0.0,1.0,1.0,1.0,0.0
9,170,1.6962167515543558,0.1762337346596488,1.0,0.0,0.0,0.0,0.0,0.0
10,170,11.54004389822037,11.96603130999168,0.0,0.0,0.0,1.0,0.0,0.0
11,170,2.1818953399452603,0.59592840877209,1.0,1.0,0.0,0.0,0.0,0.0
12,170,8.214480107533822,9.510520241990166,0.0,1.0,0.0,0.0,1.0,1.0
13,170,2.4856880295841544,9.309679493865644,1.0,1.0,0.0,0.0,1.0,0.0
14,170,0.208657810158215,9.585890764983516,0.0,0.0,1.0,1.0,0.0,0.0
15,170,3.743961283518753,3.651944818208271,0.0,0.0,1.0,1.0,0.0,0.0
16,170,5.642935912376568,10.966668262350302,1.0,1.0,0.0,1.0,0.0,0.0
17,170,10.892174886741762,5.038504793781761,0.0,0.0,0.0,0.0,1.0,1.0
18,170,9.504015906285169,1.0396789096797934,1.0,0.0,0.0,1.0,0.0,1.0
19,170,9.978493636249498,7.925436039006581,0.0,0.0,0.0,0.0,0.0,1.0
20,170,1.2150825054196732,10.33228782916006,1.0,1.0,1.0,0.0,0.0,0.0
21,170,6.887619975614392,9.068105322508698,1.0,1.0,1.0,0.0,0.0,0.0
22,170,9.256340404788064,11.177199075672718,1.0,1.0,0.0,1.0,0.0,1.0
23,170,4.343974113090146,8.9927816747607,0.0,0.0,1.0,0.0,0.0,0.0
24,170,10.561393972815042,10.595833946709972,0.0,1.0,0.0,0.0,0.0,0.0
25,170,8.579589344451533,8.985568121859709,0.0,0.0,0.0,1.0,0.0,0.0
26,170,1.0615234454988065,10.515232993355443,0.0,0.0,0.0,0.0,0.0,1.0
27,170,10.6072142555366,6.949495331496927,1.0,1.0,0.0,0.0,1.0,0.0
28,170,0.0,5.803493809393677,1.0,1.0,1.0,1.0,1.0,1.0
29,170,8.08536396783098,8.119253807430107,0.0,0.0,1.0,0.0,0.0,0.0
0,175,8.632229503667322,10.447880771939234,0.0,0.0,0.0,0.0,1.0,1.0
1,175,5.369126407312663,5.420653216828109,1.0,1.0,0.0,1.0,1.0,0.0
2,175,8.78751932207597,9.666668191919843,0.0,0.0,0.0,1.0,1.0,1.0
3,175,1.2437708663480689,7.632759929835507,1.0,0.0,0.0,0.0,1.0,1.0
4,175,0.2840523154306085,1.996243677041469,1.0,0.0,0.0,1.0,0.0,1.0
5,175,0.0,6.37893104256128,1.0,0.0,0.0,0.0,0.0,0.0
6,175,8.27063156135061,12.0,0.0,1.0,0.0,0.0,1.0,0.0
7,175,7.009333703298777,3.813830749370382,0.0,0.0,0.0,1.0,0.0,0.0
8,175,5.108490601902936,10.067433165016247,0.0,0.0,1.0,1.0,1.0,0.0
9,175,1.7497845526194238,0.1502994146945285,1.0,0.0,0.0,0.0,0.0,0.0
10,175,11.503596393897348,11.962773905375546,0.0,0.0,0.0,1.0,0.0,0.0
11,175,2.128482296976985,0.614596820672933,1.0,1.0,0.0,0.0,0.0,0.0
12,175,8.166732687270992,9.494899157355356,0.0,1.0,0.0,0.0,1.0,1.0
13,175,2.417737599632277,9.318650745530134,1.0,1.0,0.0,0.0,1.0,0.0
14,175,0.1883879257273321,9.55744140282459,0.0,0.0,1.0,1.0,0.0,0.0
15,175,3.759053181370789,3.698004704536997,0.0,0.0,1.0,1.0,0.0,0.0
16,175,5.688840420935991,10.936878017714353,1.0,1.0,0.0,1.0,0.0,0.0
17,175,10.890645438103547,4.998497689492212,0.0,0.0,0.0,0.0,1.0,1.0
18,175,9.46296974581627,1.0708531392292506,1.0,0.0,0.0,1.0,0.0,1.0
19,175,10.041544450609434,7.917093781624658,0.0,0.0,0.0,0.0,0.0,1.0
20,175,1.2376892786911202,10.308625063361417,1.0,1.0,1.0,0.0,0.0,0.0
21,175,6.885548719918665,9.01419487694315,1.0,1.0,1.0,0.0,0.0,0.0
22,175,9.284891513214776,11.235114923968226,1.0,1.0,0.0,1.0,0.0,1.0
23,175,4.308040300451729,9.013993900159422,0.0,0.0,1.0,0.0,0.0,0.0
24,175,10.53463479676473,10.519925777745826,0.0,1.0,0.0,0.0,0.0,0.0
25,175,8.546396507678576,9.008392836557734,0.0,0.0,0.0,1.0,0.0,0.0
26,175,1.015004494904756,10.5029820734425,0.0,0.0,0.0,0.0,0.0,1.0
27,175,10.624648776044165,6.88728379129509,1.0,1.0,0.0,0.0,1.0,0.0
28,175,0.0,5.86912574072328,1.0,1.0,1.0,1.0,1.0,1.0
29,175,8.03747095387202,8.129573959167754,0.0,0.0,1.0,0.0,0.0,0.0
0,180,8.660507653236786,10.403438459991465,0.0,0.0,0.0,0.0,1.0,1.0
1,180,5.4058878137695725,5.462350086210499,1.0,1.0,0.0,1.0,1.0,0.0
2,180,8.720877324606622,9.655792800898704,0.0,0.0,0.0,1.0,1.0,1.0
3,180,1.1838724680027353,7.661692882553341,1.0,0.0,0.0,0.0,1.0,1.0
4,180,0.2980428497409975,1.9436101211856307,1.0,0.0,0.0,1.0,0.0,1.0
5,180,0.0,6.326727674511541,1.0,0.0,0.0,0.0,0.0,0.0
6,180,8.29135644440516,12.0,0.0,1.0,0.0,0.0,1.0,0.0
7,180,6.974670190363864,3.863731513892199,0.0,0.0,0.0,1.0,0.0,0.0
8,180,5.110677373931079,10.0265999723178,0.0,0.0,1.0,1.0,1.0,0.0
9,180,1.813204128497877,0.1204244327138553,1.0,0.0,0.0,0.0,0.0,0.0
10,180,11.440059583430296,11.958362922587131,0.0,0.0,0.0,1.0,0.0,0.0
11,180,2.095752861094568,0.6263226876579003,1.0,1.0,0.0,0.0,0.0,0.0
12,180,8.106784660601472,9.474576646797995,0.0,1.0,0.0,0.0,1.0,1.0
13,180,2.3864789566251603,9.322343169727583,1.0,1.0,0.0,0.0,1.0,0.0
14,180,0.1653874297919534,9.52585814211189,0.0,0.0,1.0,1.0,0.0,0.0
15,180,3.770816489196811,3.734195348849849,0.0,0.0,1.0,1.0,0.0,0.0
16,180,5.741631083022017,10.900199790071817,1.0,1.0,0.0,1.0,0.0,0.0
17,180,10.890297531727333,4.929127156911507,0.0,0.0,0.0,0.0,1.0,1.0
18,180,9.42544270340969,1.0993740613550298,1.0,0.0,0.0,1.0,0.0,1.0
19,180,10.088270377463934,7.909823931659102,0.0,0.0,0.0,0.0,0.0,1.0
20,180,1.2692138876972676,10.274798434506772,1.0,1.0,1.0,0.0,0.0,0.0
21,180,6.881766281208078,8.93609314214077,1.0,1.0,1.0,0.0,0.0,0.0
22,180,9.308581033241111,11.283549191208255,1.0,1.0,0.0,1.0,0.0,1.0
23,180,4.241007895117894,9.055877642706358,0.0,0.0,1.0,0.0,0.0,0.0
24,180,10.514385303174109,10.463143340643006,0.0,1.0,0.0,0.0,0.0,0.0
25,180,8.506625382740527,9.036205238967543,0.0,0.0,0.0,1.0,0.0,0.0
26,180,0.981129568400198,10.49432935169234,0.0,0.0,0.0,0.0,0.0,1.0
27,180,10.64253481347485,6.829025437365482,1.0,1.0,0.0,0.0,1.0,0.0
28,180,0.0,5.914261056318834,1.0,1.0,1.0,1.0,1.0,1.0
29,180,7.987248489055159,8.138946150085784,0.0,0.0,1.0,0.0,0.0,0.0
0,185,8.674298450751744,10.381471204952083,0.0,0.0,0.0,0.0,1.0,1.0
1,185,5.447299012027025,5.511616309974863,1.0,1.0,0.0,1.0,1.0,0.0
2,185,8.669303051077144,9.64661586383311,0.0,0.0,0.0,1.0,1.0,1.0
3,185,1.1283029489917662,7.689328391455994,1.0,0.0,0.0,0.0,1.0,1.0
4,185,0.3101297203820737,1.8897455482716887,1.0,0.0,0.0,1.0,0.0,1.0
5,185,0.0,6.303717356101886,1.0,0.0,0.0,0.0,0.0,0.0
6,185,8.317648490294411,12.0,0.0,1.0,0.0,0.0,1.0,0.0
7,185,6.947443238419991,3.90170669733664,0.0,0.0,0.0,1.0,0.0,0.0
8,185,5.112558995137479,9.996018256754182,0.0,0.0,1.0,1.0,1.0,0.0
9,185,1.8635170099181335,0.0968257766955135,1.0,0.0,0.0,0.0,0.0,0.0
10,185,11.376632770949843,11.952774941254471,0.0,0.0,0.0,1.0,0.0,0.0
11,185,2.066235935322012,0.6365947013807148,1.0,1.0,0.0,0.0,0.0,0.0
12,185,8.074024403810547,9.463540812240357,0.0,1.0,0.0,0.0,1.0,1.0
13,185,2.343136728021596,9.327588582556224,1.0,1.0,0.0,0.0,1.0,0.0
14,185,0.1366721480133155,9.487367078001911,0.0,0.0,1.0,1.0,0.0,0.0
15,185,3.7880549108993975,3.7879611027889712,0.0,0.0,1.0,1.0,0.0,0.0
16,185,5.790599525015147,10.865836726026204,1.0,1.0,0.0,1.0,0.0,0.0
17,185,10.88977623972426,4.865097972138549,0.0,0.0,0.0,0.0,1.0,1.0
18,185,9.380588803751504,1.1339088229265522,1.0,0.0,0.0,1.0,0.0,1.0
19,185,10.158135000120494,7.900975047604136,0.0,0.0,0.0,0.0,0.0,1.0
20,185,1.3169693029513605,10.222297774500944,1.0,1.0,1.0,0.0,0.0,0.0
21,185,6.879010642136808,8.883755922272922,1.0,1.0,1.0,0.0,0.0,0.0
22,185,9.33282279543439,11.333102870937038,1.0,1.0,0.0,1.0,0.0,1.0
23,185,4.219851291509604,9.068943259525115,0.0,0.0,1.0,0.0,0.0,0.0
24,185,10.492574611825846,10.398151905625,0.0,1.0,0.0,0.0,0.0,0.0
25,185,8.45640500608591,9.071392935759382,0.0,0.0,0.0,1.0,0.0,0.0
26,185,0.9037662225584072,10.474231598016749,0.0,0.0,0.0,0.0,0.0,1.0
27,185,10.654282293847498,6.790256666966978,1.0,1.0,0.0,0.0,1.0,0.0
28,185,0.0,5.986951566781885,1.0,1.0,1.0,1.0,1.0,1.0
29,185,7.947737781209994,8.145893193244657,0.0,0.0,1.0,0.0,0.0,0.0
0,190,8.706823346649978,10.326610847382543,0.0,0.0,0.0,0.0,1.0,1.0
1,190,5.488760494245177,5.560713853002337,1.0,1.0,0.0,1.0,1.0,0.0
2,190,8.579212891104978,9.631199845547062,0.0,0.0,0.0,1.0,1.0,1.0
3,190,1.0761797627484644,7.714558970600862,1.0,0.0,0.0,0.0,1.0,1.0
4,190,0.3209286985689566,1.844996677853442,1.0,0.0,0.0,1.0,0.0,1.0
5,190,0.0,6.28089592351455,1.0,0.0,0.0,0.0,0.0,0.0
6,190,8.346188884092916,12.0,0.0,1.0,0.0,0.0,1.0,0.0
7,190,6.929083213041487,3.927482070610597,0.0,0.0,0.0,1.0,0.0,0.0
8,190,5.117139272018617,9.904792311562112,0.0,0.0,1.0,1.0,1.0,0.0
9,190,1.923287254887765,0.0681776165168493,1.0,0.0,0.0,0.0,0.0,0.0
10,190,11.321672344908135,11.948805738007204,0.0,0.0,0.0,1.0,0.0,0.0
11,190,1.991601098833375,0.6632059677805808,1.0,1.0,0.0,0.0,0.0,0.0
12,190,7.999318501217266,9.436480811640877,0.0,1.0,0.0,0.0,1.0,1.0
13,190,2.304706925047597,9.331423351333918,1.0,1.0,0.0,0.0,1.0,0.0
14,190,0.1115059848317433,9.4531967348511,0.0,0.0,1.0,1.0,0.0,0.0
15,190,3.799549548029213,3.8195473075398354,0.0,0.0,1.0,1.0,0.0,0.0
16,190,5.8254999889493,10.841509297495914,1.0,1.0,0.0,1.0,0.0,0.0
17,190,10.889220752412037,4.81829550896298,0.0,0.0,0.0,0.0,1.0,1.0
18,190,9.331920719807364,1.173022962865636,1.0,0.0,0.0,1.0,0.0,1.0
19,190,10.232727470736156,7.892639168457087,0.0,0.0,0.0,0.0,0.0,1.0
20,190,1.3509622873795046,10.185035524680004,1.0,1.0,1.0,0.0,0.0,0.0
21,190,6.875250964037904,8.820015632766214,1.0,1.0,1.0,0.0,0.0,0.0
22,190,9.362915459577987,11.3977432828161,1.0,1.0,0.0,1.0,0.0,1.0
23,190,4.197127301414762,9.082947311214705,0.0,0.0,1.0,0.0,0.0,0.0
24,190,10.477778045567495,10.356689986133231,0.0,1.0,0.0,0.0,0.0,0.0
25,190,8.427805994620751,9.091986115889265,0.0,0.0,0.0,1.0,0.0,0.0
26,190,0.8566832864678593,10.4631292234538,0.0,0.0,0.0,0.0,0.0,1.0
27,190,10.668509415052029,6.74294700123508,1.0,1.0,0.0,0.0,1.0,0.0
28,190,0.0,6.039803746006558,1.0,1.0,1.0,1.0,1.0,1.0
29,190,7.899027704688453,8.154989790056055,0.0,0.0,1.0,0.0,0.0,0.0
0,195,8.730876383845358,10.286558014923605,0.0,0.0,0.0,0.0,1.0,1.0
1,195,5.51492123070086,5.592593521232509,1.0,1.0,0.0,1.0,1.0,0.0
2,195,8.492805552835593,9.615524971425376,0.0,0.0,0.0,1.0,1.0,1.0
3,195,1.0405128859371278,7.73190663641343,1.0,0.0,0.0,0.0,1.0,1.0
4,195,0.3389810029208069,1.770588612112667,1.0,0.0,0.0,1.0,0.0,1.0
5,195,0.0,6.22110943574752,1.0,0.0,0.0,0.0,0.0,0.0
6,195,8.385492127872993,12.0,0.0,1.0,0.0,0.0,1.0,0.0
7,195,6.900756632500512,3.9667241252541543,0.0,0.0,0.0,1.0,0.0,0.0
8,195,5.120718806082746,9.854018534905943,0.0,0.0,1.0,1.0,1.0,0.0
9,195,1.9679595993334411,0.0454183113678545,1.0,0.0,0.0,0.0,0.0,0.0
10,195,11.284799138939,11.945807397299848,0.0,0.0,0.0,1.0,0.0,0.0
11,195,1.9376244009718235,0.6813999471264864,1.0,1.0,0.0,0.0,0.0,0.0
12,195,7.942582570780448,9.414358877548604,0.0,1.0,0.0,0.0,1.0,1.0
13,195,2.2860112800333736,9.332906645211498,1.0,1.0,0.0,0.0,1.0,0.0
14,195,0.0773367479067406,9.409378693742658,0.0,0.0,1.0,1.0,0.0,0.0
15,195,3.8214706684580135,3.883138432438044,0.0,0.0,1.0,1.0,0.0,0.0
16,195,5.86400452499049,10.81133245520124,1.0,1.0,0.0,1.0,0.0,0.0
17,195,10.889422341534292,4.767521145548552,0.0,0.0,0.0,0.0,1.0,1.0
18,195,9.284468710912972,1.2128617851808048,1.0,0.0,0.0,1.0,0.0,1.0
19,195,10.282453191763471,7.887027238134353,0.0,0.0,0.0,0.0,0.0,1.0
20,195,1.3950371077806387,10.136261681430137,1.0,1.0,1.0,0.0,0.0,0.0
21,195,6.869710022639726,8.747443755675649,1.0,1.0,1.0,0.0,0.0,0.0
22,195,9.382797320414287,11.441398500976636,1.0,1.0,0.0,1.0,0.0,1.0
23,195,4.169074197233621,9.100708451016349,0.0,0.0,1.0,0.0,0.0,0.0
24,195,10.461190200636738,10.302829838475777,0.0,1.0,0.0,0.0,0.0,0.0
25,195,8.365704580055878,9.135608644977632,0.0,0.0,0.0,1.0,0.0,0.0
26,195,0.7948107631104828,10.44682081804448,0.0,0.0,0.0,0.0,0.0,1.0
27,195,10.690022857128366,6.667758021155773,1.0,1.0,0.0,0.0,1.0,0.0
28,195,0.0,6.102019731685055,1.0,1.0,1.0,1.0,1.0,1.0
29,195,7.845855463261705,8.163682555927448,0.0,0.0,1.0,0.0,0.0,0.0
0,200,8.756791223723909,10.241293938835511,0.0,0.0,0.0,0.0,1.0,1.0
1,200,5.55708076646538,5.642257796707816,1.0,1.0,0.0,1.0,1.0,0.0
2,200,8.446676580819274,9.607611765020994,0.0,0.0,0.0,1.0,1.0,1.0
3,200,0.9969277998697972,7.752289901464618,1.0,0.0,0.0,0.0,1.0,1.0
4,200,0.3538835881816369,1.7163218382803265,1.0,0.0,0.0,1.0,0.0,1.0
5,200,0.0,6.174324480090653,1.0,0.0,0.0,0.0,0.0,0.0
6,200,8.409013343485823,12.0,0.0,1.0,0.0,0.0,1.0,0.0
7,200,6.851153313204491,4.0316592019777335,0.0,0.0,0.0,1.0,0.0,0.0
8,200,5.123748822965414,9.815696411540094,0.0,0.0,1.0,1.0,1.0,0.0
9,200,2.02557097844222,0.0152839360452982,1.0,0.0,0.0,0.0,0.0,0.0
10,200,11.23155576458662,11.940668109121557,0.0,0.0,0.0,1.0,0.0,0.0
11,200,1.8941011898296052,0.695815790329557,1.0,1.0,0.0,0.0,0.0,0.0
12,200,7.8760091175801,9.386670977687062,0.0,1.0,0.0,0.0,1.0,1.0
13,200,2.2283059576373523,9.338982817470756,1.0,1.0,0.0,0.0,1.0,0.0
14,200,0.0314132129365126,9.34934699817169,0.0,0.0,1.0,1.0,0.0,0.0
15,200,3.843373530314632,3.947518567410536,0.0,0.0,1.0,1.0,0.0,0.0
16,200,5.915299692474273,10.773922902436093,1.0,1.0,0.0,1.0,0.0,0.0
17,200,10.889325798289349,4.716449278790753,0.0,0.0,0.0,0.0,1.0,1.0
18,200,9.265467929863249,1.2291798420988234,1.0,0.0,0.0,1.0,0.0,1.0
19,200,10.340639227107848,7.88078227530198,0.0,0.0,0.0,0.0,0.0,1.0
20,200,1.4355954276095546,10.09149538663468,1.0,1.0,1.0,0.0,0.0,0.0
21,200,6.865995430046241,8.699475715932966,1.0,1.0,1.0,0.0,0.0,0.0
22,200,9.409409141550332,11.500909968571923,1.0,1.0,0.0,1.0,0.0,1.0
23,200,4.120517246468938,9.131752016299629,0.0,0.0,1.0,0.0,0.0,0.0
24,200,10.450781335401263,10.26677535786702,0.0,1.0,0.0,0.0,0.0,0.0
25,200,8.317579201196036,9.16873072612393,0.0,0.0,0.0,1.0,0.0,0.0
26,200,0.7112429260803166,10.422664475016328,0.0,0.0,0.0,0.0,0.0,1.0
27,200,10.65485107450168,6.6576868669222495,1.0,1.0,0.0,0.0,1.0,0.0
28,200,0.0,6.158931750325748,1.0,1.0,1.0,1.0,1.0,1.0
29,200,7.771927836365493,8.17708112873155,0.0,0.0,1.0,0.0,0.0,0.0
0,205,8.697419176208689,10.205595130572176,0.0,0.0,0.0,0.0,1.0,1.0
1,205,5.591051873108822,5.682582925611344,1.0,1.0,0.0,1.0,1.0,0.0
2,205,8.382041673942217,9.597379350591345,0.0,0.0,0.0,1.0,1.0,1.0
3,205,0.9574671073373876,7.772163058694122,1.0,0.0,0.0,0.0,1.0,1.0
4,205,0.3688639465199937,1.6620421723798926,1.0,0.0,0.0,1.0,0.0,1.0
5,205,0.0,6.126077561913874,1.0,0.0,0.0,0.0,0.0,0.0
6,205,8.429706825945194,12.0,0.0,1.0,0.0,0.0,1.0,0.0
7,205,6.815749994327345,4.077772141350416,0.0,0.0,0.0,1.0,0.0,0.0
8,205,5.127357862306562,9.76282034474831,0.0,0.0,1.0,1.0,1.0,0.0
9,205,1.9955186666017872,0.0,1.0,0.0,0.0,0.0,0.0,0.0
10,205,11.160574486973417,11.934303878147835,0.0,0.0,0.0,1.0,0.0,0.0
11,205,1.8332565595668824,0.7170319695310934,1.0,1.0,0.0,0.0,0.0,0.0
12,205,7.839105013191635,9.371827229612446,0.0,1.0,0.0,0.0,1.0,1.0
13,205,2.158332136692731,9.34694084162714,1.0,1.0,0.0,0.0,1.0,0.0
14,205,0.0,9.286443050658631,0.0,0.0,1.0,1.0,0.0,0.0
15,205,3.859502619858409,3.99516412655864,0.0,0.0,1.0,1.0,0.0,0.0
16,205,5.956196133492805,10.743706211587616,1.0,1.0,0.0,1.0,0.0,0.0
17,205,10.889943351627409,4.666599797476983,0.0,0.0,0.0,0.0,1.0,1.0
18,205,9.2438350191948,1.2478372948274508,1.0,0.0,0.0,1.0,0.0,1.0
19,205,10.40385434363077,7.872713998224109,0.0,0.0,0.0,0.0,0.0,1.0
20,205,1.4671584993614983,10.059028948301052,1.0,1.0,1.0,0.0,0.0,0.0
21,205,6.861554966346132,8.638473355449847,1.0,1.0,1.0,0.0,0.0,0.0
22,205,9.440899286165376,11.572678250355075,1.0,1.0,0.0,1.0,0.0,1.0
23,205,4.08440695771985,9.15561249895084,0.0,0.0,1.0,0.0,0.0,0.0
24,205,10.438355963417308,10.222762002974894,0.0,1.0,0.0,0.0,0.0,0.0
25,205,8.26017292456566,9.20720120451625,0.0,0.0,0.0,1.0,0.0,0.0
26,205,0.6481402836310445,10.40334455338364,0.0,0.0,0.0,0.0,0.0,1.0
27,205,10.60998686462774,6.644089402991614,1.0,1.0,0.0,0.0,1.0,0.0
28,205,0.0,6.255224879476863,1.0,1.0,1.0,1.0,1.0,1.0
29,205,7.707206097178993,8.188094074563761,0.0,0.0,1.0,0.0,0.0,0.0
0,210,8.657589398281424,10.180596757067542,0.0,0.0,0.0,0.0,1.0,1.0
1,210,5.628992477648459,5.728608417986779,1.0,1.0,0.0,1.0,1.0,0.0
2,210,8.319920559694285,9.587718711826994,0.0,0.0,0.0,1.0,1.0,1.0
3,210,0.9246932732172838,7.7894874847357105,1.0,0.0,0.0,0.0,1.0,1.0
4,210,0.3828776968802194,1.613665708596133,1.0,0.0,0.0,1.0,0.0,1.0
5,210,0.0,6.064256545349909,1.0,0.0,0.0,0.0,0.0,0.0
6,210,8.452797833749491,12.0,0.0,1.0,0.0,0.0,1.0,0.0
7,210,6.789241184655528,4.110108986770787,0.0,0.0,0.0,1.0,0.0,0.0
8,210,5.130134943562709,9.713662114108242,0.0,0.0,1.0,1.0,1.0,0.0
9,210,1.9703266957142511,0.0,1.0,0.0,0.0,0.0,0.0,0.0
10,210,11.097437426291489,11.92983568950465,0.0,0.0,0.0,1.0,0.0,0.0
11,210,1.7758671923637632,0.737450625152145,1.0,1.0,0.0,0.0,0.0,0.0
12,210,7.777952689374135,9.349781991517684,0.0,1.0,0.0,0.0,1.0,1.0
13,210,2.0909623824497623,9.35640198422026,1.0,1.0,0.0,0.0,1.0,0.0
14,210,0.0,9.25623267351204,0.0,0.0,1.0,1.0,0.0,0.0
15,210,3.8798288226299458,4.055973592818597,0.0,0.0,1.0,1.0,0.0,0.0
16,210,6.024874642461257,10.68939688616587,1.0,1.0,0.0,1.0,0.0,0.0
17,210,10.891604929160726,4.601677456913319,0.0,0.0,0.0,0.0,1.0,1.0
18,210,9.189044985545308,1.2966912355298343,1.0,0.0,0.0,1.0,0.0,1.0
19,210,10.437368270086932,7.869111555768342,0.0,0.0,0.0,0.0,0.0,1.0
20,210,1.4947428799399232,10.030617156174438,1.0,1.0,1.0,0.0,0.0,0.0
21,210,6.859575114347968,8.577874568875345,1.0,1.0,1.0,0.0,0.0,0.0
22,210,9.463046588035338,11.625732450603548,1.0,1.0,0.0,1.0,0.0,1.0
23,210,4.0583395480573055,9.172089966303098,0.0,0.0,1.0,0.0,0.0,0.0
24,210,10.423531631783815,10.164899248344195,0.0,1.0,0.0,0.0,0.0,0.0
25,210,8.204987892294108,9.24487926855362,0.0,0.0,0.0,1.0,0.0,0.0
26,210,0.6115856914011135,10.391795595798166,0.0,0.0,0.0,0.0,0.0,1.0
27,210,10.627757803002906,6.585407548998416,1.0,1.0,0.0,0.0,1.0,0.0
28,210,0.0,6.31756821798778,1.0,1.0,1.0,1.0,1.0,1.0
29,210,7.627046130450775,8.199970345982212,0.0,0.0,1.0,0.0,0.0,0.0
0,215,8.608338801088928,10.147093589243154,0.0,0.0,0.0,0.0,1.0,1.0
1,215,5.671135713695988,5.781675651614309,1.0,1.0,0.0,1.0,1.0,0.0
2,215,8.267106501205735,9.578477975083224,0.0,0.0,0.0,1.0,1.0,1.0
3,215,0.8765312431801694,7.815581228591038,1.0,0.0,0.0,0.0,1.0,1.0
4,215,0.3953981163850613,1.571428563860794,1.0,0.0,0.0,1.0,0.0,1.0
5,215,0.0,5.999641902931093,1.0,0.0,0.0,0.0,0.0,0.0
6,215,8.48115849701437,12.0,0.0,1.0,0.0,0.0,1.0,0.0
7,215,6.73864525771401,4.16899408893886,0.0,0.0,0.0,1.0,0.0,0.0
8,215,5.133329945900012,9.6605464969026,0.0,0.0,1.0,1.0,1.0,0.0
9,215,1.9481948256692971,0.0,1.0,0.0,0.0,0.0,0.0,0.0
10,215,11.041721089265746,11.923878135981337,0.0,0.0,0.0,1.0,0.0,0.0
11,215,1.7201389594196317,0.758172628605577,1.0,1.0,0.0,0.0,0.0,0.0
12,215,7.735700250667789,9.333520109121206,0.0,1.0,0.0,0.0,1.0,1.0
13,215,2.1015010630675155,9.42144409105851,1.0,1.0,0.0,0.0,1.0,0.0
14,215,0.0,9.201586013722984,0.0,0.0,1.0,1.0,0.0,0.0
15,215,3.8996488070126567,4.1234638113579445,0.0,0.0,1.0,1.0,0.0,0.0
16,215,6.068200666652321,10.65453628201129,1.0,1.0,0.0,1.0,0.0,0.0
17,215,10.894069779591716,4.533167229340811,0.0,0.0,0.0,0.0,1.0,1.0
18,215,9.157945892873126,1.3237016927867118,1.0,0.0,0.0,1.0,0.0,1.0
19,215,10.504565780294977,7.862747518421006,0.0,0.0,0.0,0.0,0.0,1.0
20,215,1.5220516288629369,10.0036462937862,1.0,1.0,1.0,0.0,0.0,0.0
21,215,6.858789181470691,8.494440725101995,1.0,1.0,1.0,0.0,0.0,0.0
22,215,9.474975891989686,11.655000371334063,1.0,1.0,0.0,1.0,0.0,1.0
23,215,4.003060767360157,9.207764717466182,0.0,0.0,1.0,0.0,0.0,0.0
24,215,10.41218423117936,10.119068688649772,0.0,1.0,0.0,0.0,0.0,0.0
25,215,8.158917890537536,9.277064489766584,0.0,0.0,0.0,1.0,0.0,0.0
26,215,0.5523692768169322,10.373915905376204,0.0,0.0,0.0,0.0,0.0,1.0
27,215,10.643212734235052,6.53368722983861,1.0,1.0,0.0,0.0,1.0,0.0
28,215,0.0,6.398819410327607,1.0,1.0,1.0,1.0,1.0,1.0
29,215,7.587014771174084,8.205308158872587,0.0,0.0,1.0,0.0,0.0,0.0
0,220,8.560669723226228,10.115694593314954,0.0,0.0,0.0,0.0,1.0,1.0
1,220,5.703481259136855,5.822472240633351,1.0,1.0,0.0,1.0,1.0,0.0
2,220,8.191966898809062,9.566141322379062,0.0,0.0,0.0,1.0,1.0,1.0
3,220,0.9076998389762734,7.873423172042572,1.0,0.0,0.0,0.0,1.0,1.0
4,220,0.4106370786767402,1.5227526222728929,1.0,0.0,0.0,1.0,0.0,1.0
5,220,0.0,5.949928498494468,1.0,0.0,0.0,0.0,0.0,0.0
6,220,8.499135600401232,12.0,0.0,1.0,0.0,0.0,1.0,0.0
7,220,6.703697395358289,4.210898478603178,0.0,0.0,0.0,1.0,0.0,0.0
8,220,5.138420913950071,9.594205918615655,0.0,0.0,1.0,1.0,1.0,0.0
9,220,1.913354161348124,0.0,1.0,0.0,0.0,0.0,0.0,0.0
10,220,10.99075702322624,11.91720117994898,0.0,0.0,0.0,1.0,0.0,0.0
11,220,1.656349479445441,0.7815898028523163,1.0,1.0,0.0,0.0,0.0,0.0
12,220,7.685431264028313,9.314318235881702,0.0,1.0,0.0,0.0,1.0,1.0
13,220,2.10862578329644,9.470939902852216,1.0,1.0,0.0,0.0,1.0,0.0
14,220,0.0,9.171153877109427,0.0,0.0,1.0,1.0,0.0,0.0
15,220,3.91182453811875,4.170250799623703,0.0,0.0,1.0,1.0,0.0,0.0
16,220,6.125937877491199,10.60769040582349,1.0,1.0,0.0,1.0,0.0,0.0
17,220,10.897516336622564,4.481456702181837,0.0,0.0,0.0,0.0,1.0,1.0
18,220,9.142708638487122,1.3362413430668203,1.0,0.0,0.0,1.0,0.0,1.0
19,220,10.564985872455413,7.857379757161326,0.0,0.0,0.0,0.0,0.0,1.0
20,220,1.5681281305411876,9.959455389868968,1.0,1.0,1.0,0.0,0.0,0.0
21,220,6.859755337507931,8.437094397931034,1.0,1.0,1.0,0.0,0.0,0.0
22,220,9.502012801547474,11.7194625691791,1.0,1.0,0.0,1.0,0.0,1.0
23,220,3.953735018017233,9.240016091013167,0.0,0.0,1.0,0.0,0.0,0.0
24,220,10.398166409355447,10.062247344295493,0.0,1.0,0.0,0.0,0.0,0.0
25,220,8.1086904292966,9.313519556999868,0.0,0.0,0.0,1.0,0.0,0.0
26,220,0.4932670027989688,10.35547288664877,0.0,0.0,0.0,0.0,0.0,1.0
27,220,10.65863763367743,6.48341974473221,1.0,1.0,0.0,0.0,1.0,0.0
28,220,0.0770696759887067,6.410255777514162,1.0,1.0,1.0,1.0,1.0,1.0
29,220,7.530980537015128,8.213885651293724,0.0,0.0,1.0,0.0,0.0,0.0
0,225,8.499442484302605,10.07625052163644,0.0,0.0,0.0,0.0,1.0,1.0
1,225,5.7245175903515095,5.84977002383387,1.0,1.0,0.0,1.0,1.0,0.0
2,225,8.143872603735117,9.55842749003915,0.0,0.0,0.0,1.0,1.0,1.0
3,225,0.9335857793806336,7.92056574953503,1.0,0.0,0.0,0.0,1.0,1.0
4,225,0.4235608773711143,1.486319331933829,1.0,0.0,0.0,1.0,0.0,1.0
5,225,0.0,5.891425775235724,1.0,0.0,0.0,0.0,0.0,0.0
6,225,8.524641058114856,12.0,0.0,1.0,0.0,0.0,1.0,0.0
7,225,6.66276534592839,4.259377161628429,0.0,0.0,0.0,1.0,0.0,0.0
8,225,5.142569716268717,9.537176597513447,0.0,0.0,1.0,1.0,1.0,0.0
9,225,1.890197412191409,0.0,1.0,0.0,0.0,0.0,0.0,0.0
10,225,10.916898923011011,11.910273640994603,0.0,0.0,0.0,1.0,0.0,0.0
11,225,1.5877711308027038,0.8056582305975404,1.0,1.0,0.0,0.0,0.0,0.0
12,225,7.639895470717699,9.29766919106308,0.0,1.0,0.0,0.0,1.0,1.0
13,225,2.113992924919692,9.503800067737066,1.0,1.0,0.0,0.0,1.0,0.0
14,225,0.0,9.139576275144329,0.0,0.0,1.0,1.0,0.0,0.0
15,225,3.918153663598614,4.198973652218577,0.0,0.0,1.0,1.0,0.0,0.0
16,225,6.180332428712825,10.565648004631244,1.0,1.0,0.0,1.0,0.0,0.0
17,225,10.900595559786044,4.42439586318736,0.0,0.0,0.0,0.0,1.0,1.0
18,225,9.10375386089316,1.370851167335127,1.0,0.0,0.0,1.0,0.0,1.0
19,225,10.626917665760198,7.851878436708208,0.0,0.0,0.0,0.0,0.0,1.0
20,225,1.6000095801530267,9.927442190451435,1.0,1.0,1.0,0.0,0.0,0.0
21,225,6.86099974142465,8.365204859795071,1.0,1.0,1.0,0.0,0.0,0.0
22,225,9.514425366539522,11.748091769303784,1.0,1.0,0.0,1.0,0.0,1.0
23,225,3.9247718024963394,9.259052104814131,0.0,0.0,1.0,0.0,0.0,0.0
24,225,10.38582623425454,10.020118847983635,0.0,1.0,0.0,0.0,0.0,0.0
25,225,8.06998457812448,9.341341975015114,0.0,0.0,0.0,1.0,0.0,0.0
26,225,0.459727213185648,10.345065152858792,0.0,0.0,0.0,0.0,0.0,1.0
27,225,10.675047713331583,6.430814584385021,1.0,1.0,0.0,0.0,1.0,0.0
28,225,0.1358473464471354,6.418535059976078,1.0,1.0,1.0,1.0,1.0,1.0
29,225,7.493117919469427,8.2184852047948,0.0,0.0,1.0,0.0,0.0,0.0
0,230,8.459778378459568,10.050934499306392,0.0,0.0,0.0,0.0,1.0,1.0
1,230,5.756595355418939,5.887149342728777,1.0,1.0,0.0,1.0,1.0,0.0
2,230,8.085541008609345,9.551196579543804,0.0,0.0,0.0,1.0,1.0,1.0
3,230,0.9539038442864656,7.957845936392182,1.0,0.0,0.0,0.0,1.0,1.0
4,230,0.4359277085501698,1.4495623635122137,1.0,0.0,0.0,1.0,0.0,1.0
5,230,0.0,5.851585770355936,1.0,0.0,0.0,0.0,0.0,0.0
6,230,8.558256744960676,12.0,0.0,1.0,0.0,0.0,1.0,0.0
7,230,6.618904259934787,4.307970994722029,0.0,0.0,0.0,1.0,0.0,0.0
8,230,5.144747196454173,9.503936896750227,0.0,0.0,1.0,1.0,1.0,0.0
9,230,1.869531072404559,0.0,1.0,0.0,0.0,0.0,0.0,0.0
10,230,10.846934204708823,11.903837739712923,0.0,0.0,0.0,1.0,0.0,0.0
11,230,1.5170451216837422,0.8319775044979669,1.0,1.0,0.0,0.0,0.0,0.0
12,230,7.5807369651820515,9.27533289227448,0.0,1.0,0.0,0.0,1.0,1.0
13,230,2.120637575165816,9.542668228396533,1.0,1.0,0.0,0.0,1.0,0.0
14,230,0.0,9.078822583002802,0.0,0.0,1.0,1.0,0.0,0.0
15,230,3.924492637467569,4.233818405227936,0.0,0.0,1.0,1.0,0.0,0.0
16,230,6.2111506450142375,10.54114393281168,1.0,1.0,0.0,1.0,0.0,0.0
17,230,10.903411889763872,4.364781471041864,0.0,0.0,0.0,0.0,1.0,1.0
18,230,9.054318208653756,1.4136725403983066,1.0,0.0,0.0,1.0,0.0,1.0
19,230,10.66550393580815,7.84931286275391,0.0,0.0,0.0,0.0,0.0,1.0
20,230,1.6451659459116832,9.882539866926214,1.0,1.0,1.0,0.0,0.0,0.0
21,230,6.8624636321390895,8.291021102310753,1.0,1.0,1.0,0.0,0.0,0.0
22,230,9.537230090429768,11.800202820034986,1.0,1.0,0.0,1.0,0.0,1.0
23,230,3.874006314624424,9.290457203230051,0.0,0.0,1.0,0.0,0.0,0.0
24,230,10.373371633318348,9.977997212936293,0.0,1.0,0.0,0.0,0.0,0.0
25,230,8.036826459009026,9.364382433050828,0.0,0.0,0.0,1.0,0.0,0.0
26,230,0.4308538642930078,10.33544529511117,0.0,0.0,0.0,0.0,0.0,1.0
27,230,10.690310786973344,6.383168990216838,1.0,1.0,0.0,0.0,1.0,0.0
28,230,0.2058969783697783,6.429450798524486,1.0,1.0,1.0,1.0,1.0,1.0
29,230,7.433025185780227,8.226564524326227,0.0,0.0,1.0,0.0,0.0,0.0
0,235,8.40782045721823,10.01931451795759,0.0,0.0,0.0,0.0,1.0,1.0
1,235,5.80476016578314,5.944502805049452,1.0,1.0,0.0,1.0,1.0,0.0
2,235,8.045640802746268,9.546132535633824,0.0,0.0,0.0,1.0,1.0,1.0
3,235,0.9723395197714874,7.991195794945047,1.0,0.0,0.0,0.0,1.0,1.0
4,235,0.4611349680889909,1.3720028798479216,1.0,0.0,0.0,1.0,0.0,1.0
5,235,0.0,5.810073616842164,1.0,0.0,0.0,0.0,0.0,0.0
6,235,8.584394539589429,12.0,0.0,1.0,0.0,0.0,1.0,0.0
7,235,6.593705659984337,4.335409540771714,0.0,0.0,0.0,1.0,0.0,0.0
8,235,5.148948644058782,9.45558178691794,0.0,0.0,1.0,1.0,1.0,0.0
9,235,1.8539969976817967,0.0,1.0,0.0,0.0,0.0,0.0,0.0
10,235,10.804250542282054,11.900868224156524,0.0,0.0,0.0,1.0,0.0,0.0
11,235,1.4661416296994176,0.850449631418793,1.0,1.0,0.0,0.0,0.0,0.0
12,235,7.540530677506592,9.259389397866135,0.0,1.0,0.0,0.0,1.0,1.0
13,235,2.1295047248239265,9.593196171851252,1.0,1.0,0.0,0.0,1.0,0.0
14,235,0.0,9.034743447549346,0.0,0.0,1.0,1.0,0.0,0.0
15,235,3.9362690370759306,4.288219673235882,0.0,0.0,1.0,1.0,0.0,0.0
16,235,6.251401821322119,10.508739276685152,1.0,1.0,0.0,1.0,0.0,0.0
17,235,10.905941858920317,4.327692085884574,0.0,0.0,0.0,0.0,1.0,1.0
18,235,8.987660544183294,1.4698928485835798,1.0,0.0,0.0,1.0,0.0,1.0
19,235,10.742757393349812,7.843517004730192,0.0,0.0,0.0,0.0,0.0,1.0
20,235,1.6859804015202953,9.842981050833856,1.0,1.0,1.0,0.0,0.0,0.0
21,235,6.863653511539002,8.250375442061356,1.0,1.0,1.0,0.0,0.0,0.0
22,235,9.561274559944954,11.855746724848109,1.0,1.0,0.0,1.0,0.0,1.0
23,235,3.812151845019253,9.326997353952612,0.0,0.0,1.0,0.0,0.0,0.0
24,235,10.35799139655836,9.925922065383832,0.0,1.0,0.0,0.0,0.0,0.0
25,235,8.000185984084567,9.38993198978472,0.0,0.0,0.0,1.0,0.0,0.0
26,235,0.4004624034750946,10.32464234398499,0.0,0.0,0.0,0.0,0.0,1.0
27,235,10.714477832663436,6.306462876484105,1.0,1.0,0.0,0.0,1.0,0.0
28,235,0.2494399959740531,6.43679754893013,1.0,1.0,1.0,1.0,1.0,1.0
29,235,7.3722313746061,8.2341873453007,0.0,0.0,1.0,0.0,0.0,0.0
0,240,8.363168376891744,9.993163414721623,0.0,0.0,0.0,0.0,1.0,1.0
1,240,5.834143281668576,5.980083278073612,1.0,1.0,0.0,1.0,1.0,0.0
2,240,8.007929847630843,9.54155109307213,0.0,0.0,0.0,1.0,1.0,1.0
3,240,0.9904714651569332,8.024541410608446,1.0,0.0,0.0,0.0,1.0,1.0
4,240,0.4779547050640054,1.3162183430908427,1.0,0.0,0.0,1.0,0.0,1.0
5,240,0.0,5.771656753095496,1.0,0.0,0.0,0.0,0.0,0.0
6,240,8.601953406305588,12.0,0.0,1.0,0.0,0.0,1.0,0.0
7,240,6.5349995199667,4.398442516096025,0.0,0.0,0.0,1.0,0.0,0.0
8,240,5.152108209209281,9.41257258915302,0.0,0.0,1.0,1.0,1.0,0.0
9,240,1.8380572704977296,0.0,1.0,0.0,0.0,0.0,0.0,0.0
10,240,10.73521928590449,11.894622625637028,0.0,0.0,0.0,1.0,0.0,0.0
11,240,1.4173466698516648,0.8666899673088152,1.0,1.0,0.0,0.0,0.0,0.0
12,240,7.5004191791225825,9.243813445425436,0.0,1.0,0.0,0.0,1.0,1.0
13,240,2.138685604798569,9.646590448845371,1.0,1.0,0.0,0.0,1.0,0.0
14,240,0.0,8.986012021425553,0.0,0.0,1.0,1.0,0.0,0.0
15,240,3.950435233703768,4.35482804040235,0.0,0.0,1.0,1.0,0.0,0.0
16,240,6.307802150735981,10.462792760523262,1.0,1.0,0.0,1.0,0.0,0.0
17,240,10.911535019560592,4.258914210436125,0.0,0.0,0.0,0.0,1.0,1.0
18,240,8.930477772233713,1.5168051099067177,1.0,0.0,0.0,1.0,0.0,1.0
19,240,10.7822494394,7.840522522401994,0.0,0.0,0.0,0.0,0.0,1.0
20,240,1.7296254645753897,9.798981040809103,1.0,1.0,1.0,0.0,0.0,0.0
21,240,6.86531196083395,8.21743763594751,1.0,1.0,1.0,0.0,0.0,0.0
22,240,9.585031980614326,11.911269811686946,1.0,1.0,0.0,1.0,0.0,1.0
23,240,3.744579355301931,9.366145817974738,0.0,0.0,1.0,0.0,0.0,0.0
24,240,10.341439131129585,9.87005367853897,0.0,1.0,0.0,0.0,0.0,0.0
25,240,7.965592439090462,9.414208581847442,0.0,0.0,0.0,1.0,0.0,0.0
26,240,0.3537898068929882,10.306301493591365,0.0,0.0,0.0,0.0,0.0,1.0
27,240,10.732613918117476,6.245238887795943,1.0,1.0,0.0,0.0,1.0,0.0
28,240,0.2806233668050525,6.442593821949116,1.0,1.0,1.0,1.0,1.0,1.0
29,240,7.311960289581887,8.243289980365745,0.0,0.0,1.0,0.0,0.0,0.0
0,245,8.30239386262547,9.956046151625817,0.0,0.0,0.0,0.0,1.0,1.0
1,245,5.867462903626982,6.020624075347942,1.0,1.0,0.0,1.0,1.0,0.0
2,245,7.955647434291968,9.53399523286664,0.0,0.0,0.0,1.0,1.0,1.0
3,245,1.025266694671699,8.088535167737392,1.0,0.0,0.0,0.0,1.0,1.0
4,245,0.4919331979889141,1.2653456516106547,1.0,0.0,0.0,1.0,0.0,1.0
5,245,0.0,5.743025904585629,1.0,0.0,0.0,0.0,0.0,0.0
6,245,8.627898825390249,12.0,0.0,1.0,0.0,0.0,1.0,0.0
7,245,6.489157971362061,4.45117246022568,0.0,0.0,0.0,1.0,0.0,0.0
8,245,5.158647385779696,9.337789371950818,0.0,0.0,1.0,1.0,1.0,0.0
9,245,1.8099289186069805,0.0,1.0,0.0,0.0,0.0,0.0,0.0
10,245,10.676609464486308,11.889317907670945,0.0,0.0,0.0,1.0,0.0,0.0
11,245,1.3798992106735115,0.8785661841568884,1.0,1.0,0.0,0.0,0.0,0.0
12,245,7.443623781968579,9.218420630009604,0.0,1.0,0.0,0.0,1.0,1.0
13,245,2.149940064413941,9.71079456533192,1.0,1.0,0.0,0.0,1.0,0.0
14,245,0.0,8.940755783849509,0.0,0.0,1.0,1.0,0.0,0.0
15,245,3.956547844382297,4.383500986978894,0.0,0.0,1.0,1.0,0.0,0.0
16,245,6.351818806242117,10.426371378921692,1.0,1.0,0.0,1.0,0.0,0.0
17,245,10.915632185270187,4.193467728351894,0.0,0.0,0.0,0.0,1.0,1.0
18,245,8.89169518559058,1.5486740964102927,1.0,0.0,0.0,1.0,0.0,1.0
19,245,10.837700733515677,7.837299593616719,0.0,0.0,0.0,0.0,0.0,1.0
20,245,1.7594500701068545,9.767619417057196,1.0,1.0,1.0,0.0,0.0,0.0
21,245,6.868583921659701,8.147237625500148,1.0,1.0,1.0,0.0,0.0,0.0
22,245,9.597960512272037,11.940658647370592,1.0,1.0,0.0,1.0,0.0,1.0
23,245,3.711282661156158,9.385067732940554,0.0,0.0,1.0,0.0,0.0,0.0
24,245,10.319699257112893,9.79543964759634,0.0,1.0,0.0,0.0,0.0,0.0
25,245,7.917690760519078,9.44804190809072,0.0,0.0,0.0,1.0,0.0,0.0
26,245,0.3051991343736319,10.288112887300947,0.0,0.0,0.0,0.0,0.0,1.0
27,245,10.750132992808892,6.1862959788581735,1.0,1.0,0.0,0.0,1.0,0.0
28,245,0.3272862854228117,6.4515093804698695,1.0,1.0,1.0,1.0,1.0,1.0
29,245,7.254120348225642,8.254564989040839,0.0,0.0,1.0,0.0,0.0,0.0
0,250,8.251685900613769,9.924786006770992,0.0,0.0,0.0,0.0,1.0,1.0
1,250,5.887528880405748,6.044336031564215,1.0,1.0,0.0,1.0,1.0,0.0
2,250,7.925619978010855,9.529127204956422,0.0,0.0,0.0,1.0,1.0,1.0
3,250,1.0457387033508103,8.125456412705567,1.0,0.0,0.0,0.0,1.0,1.0
4,250,0.5064907990321946,1.2178417124419156,1.0,0.0,0.0,1.0,0.0,1.0
5,250,0.0,5.699680420062109,1.0,0.0,0.0,0.0,0.0,0.0
6,250,8.64011130294134,12.0,0.0,1.0,0.0,0.0,1.0,0.0
7,250,6.454988324220582,4.490555339727463,0.0,0.0,0.0,1.0,0.0,0.0
8,250,5.164602819779685,9.2705683803344,0.0,0.0,1.0,1.0,1.0,0.0
9,250,1.793809586392839,0.0,1.0,0.0,0.0,0.0,0.0,0.0
10,250,10.625510865965682,11.884923850371864,0.0,0.0,0.0,1.0,0.0,0.0
11,250,1.3291057029305562,0.8946315813902523,1.0,1.0,0.0,0.0,0.0,0.0
12,250,7.421042667528199,9.208456207019116,0.0,1.0,0.0,0.0,1.0,1.0
13,250,2.154580246678498,9.7439074191697,1.0,1.0,0.0,0.0,1.0,0.0
14,250,0.0,8.883264463249583,0.0,0.0,1.0,1.0,0.0,0.0
15,250,3.964408488149828,4.421437822865146,0.0,0.0,1.0,1.0,0.0,0.0
16,250,6.382770927713228,10.400514557688007,1.0,1.0,0.0,1.0,0.0,0.0
17,250,10.917710306051893,4.140103410316391,0.0,0.0,0.0,0.0,1.0,1.0
18,250,8.833162643033525,1.5998916617412455,1.0,0.0,0.0,1.0,0.0,1.0
19,250,10.9037351462211,7.834036349974101,0.0,0.0,0.0,0.0,0.0,1.0
20,250,1.7989943114044349,9.72438048246181,1.0,1.0,1.0,0.0,0.0,0.0
21,250,6.8724521868563855,8.097518414430116,1.0,1.0,1.0,0.0,0.0,0.0
22,250,9.624995784049275,12.0,1.0,1.0,0.0,1.0,0.0,1.0
23,250,3.6587640390109017,9.412602414218943,0.0,0.0,1.0,0.0,0.0,0.0
24,250,10.300590687130484,9.72655194945205,0.0,1.0,0.0,0.0,0.0,0.0
25,250,7.869526722639614,9.4841840452978,0.0,0.0,0.0,1.0,0.0,0.0
26,250,0.2486768368257108,10.26746417325172,0.0,0.0,0.0,0.0,0.0,1.0
27,250,10.762741567068613,6.14513054975474,1.0,1.0,0.0,0.0,1.0,0.0
28,250,0.4097058305798519,6.468238879805497,1.0,1.0,1.0,1.0,1.0,1.0
29,250,7.192725845302216,8.266542091473912,0.0,0.0,1.0,0.0,0.0,0.0
0,255,8.210304493433416,9.8998033538083,0.0,0.0,0.0,0.0,1.0,1.0
1,255,5.903747172596916,6.063030984455948,1.0,1.0,0.0,1.0,1.0,0.0
2,255,7.876127357789595,9.51942746978954,0.0,0.0,0.0,1.0,1.0,1.0
3,255,1.0746099715743274,8.179303145327907,1.0,0.0,0.0,0.0,1.0,1.0
4,255,0.5212594293634565,1.1682725421939086,1.0,0.0,0.0,1.0,0.0,1.0
5,255,0.0,5.642119852751632,1.0,0.0,0.0,0.0,0.0,0.0
6,255,8.662639910949089,12.0,0.0,1.0,0.0,0.0,1.0,0.0
7,255,6.410187435524982,4.54183927174205,0.0,0.0,0.0,1.0,0.0,0.0
8,255,5.168217220924504,9.230957522908223,0.0,0.0,1.0,1.0,1.0,0.0
9,255,1.7731587352936435,0.0,1.0,0.0,0.0,0.0,0.0,0.0
10,255,10.57649780951871,11.881530696098594,0.0,0.0,0.0,1.0,0.0,0.0
11,255,1.281535286841797,0.9090526187466844,1.0,1.0,0.0,0.0,0.0,0.0
12,255,7.386364288707648,9.193781434238444,0.0,1.0,0.0,0.0,1.0,1.0
13,255,2.1637284133288226,9.802368755637266,1.0,1.0,0.0,0.0,1.0,0.0
14,255,0.0,8.841854557546036,0.0,0.0,1.0,1.0,0.0,0.0
15,255,3.9762344622797694,4.475511038895461,0.0,0.0,1.0,1.0,0.0,0.0
16,255,6.439746430323697,10.356369099923548,1.0,1.0,0.0,1.0,0.0,0.0
17,255,10.919874685356763,4.090369002587601,0.0,0.0,0.0,0.0,1.0,1.0
18,255,8.781176143989546,1.6456809161451469,1.0,0.0,0.0,1.0,0.0,1.0
19,255,10.943259115016817,7.831902667464354,0.0,0.0,0.0,0.0,0.0,1.0
20,255,1.8197649293386773,9.700210285123852,1.0,1.0,1.0,0.0,0.0,0.0
21,255,6.875103334277217,8.04788976379342,1.0,1.0,1.0,0.0,0.0,0.0
22,255,9.637338665930294,12.0,1.0,1.0,0.0,1.0,0.0,1.0
23,255,3.6081289019621,9.44167356517403,0.0,0.0,1.0,0.0,0.0,0.0
24,255,10.285343589242125,9.674439321382126,0.0,1.0,0.0,0.0,0.0,0.0
25,255,7.831638929342942,9.51150088322446,0.0,0.0,0.0,1.0,0.0,0.0
26,255,0.2141013833772983,10.253366361452594,0.0,0.0,0.0,0.0,0.0,1.0
27,255,10.783141742053823,6.079754186363701,1.0,1.0,0.0,0.0,1.0,0.0
28,255,0.4670339531714516,6.480789415310442,1.0,1.0,1.0,1.0,1.0,1.0
29,255,7.157781178390544,8.273587812995743,0.0,0.0,1.0,0.0,0.0,0.0
0,260,8.140668759613977,9.85821042509296,0.0,0.0,0.0,0.0,1.0,1.0
1,260,5.931622658990615,6.095174083816694,1.0,1.0,0.0,1.0,1.0,0.0
2,260,7.8005393016890014,9.506738412998118,0.0,0.0,0.0,1.0,1.0,1.0
3,260,1.094420680701338,8.215273616384357,1.0,0.0,0.0,0.0,1.0,1.0
4,260,0.5388595056110296,1.1023977435683028,1.0,0.0,0.0,1.0,0.0,1.0
5,260,0.0,5.58098051504991,1.0,0.0,0.0,0.0,0.0,0.0
6,260,8.692781261754433,12.0,0.0,1.0,0.0,0.0,1.0,0.0
7,260,6.387635508861743,4.566693554054908,0.0,0.0,0.0,1.0,0.0,0.0
8,260,5.172614232122616,9.168315380051467,0.0,0.0,1.0,1.0,1.0,0.0
9,260,1.753451392637941,0.0,1.0,0.0,0.0,0.0,0.0,0.0
10,260,10.51590511201434,11.877783094738946,0.0,0.0,0.0,1.0,0.0,0.0
11,260,1.2531938900916908,0.9169369665341764,1.0,1.0,0.0,0.0,0.0,0.0
12,260,7.335534530365721,9.173059351299948,0.0,1.0,0.0,0.0,1.0,1.0
13,260,2.170203225741941,9.850766914737797,1.0,1.0,0.0,0.0,1.0,0.0
14,260,0.0,8.80092955809054,0.0,0.0,1.0,1.0,0.0,0.0
15,260,3.989160036214849,4.53229632292275,0.0,0.0,1.0,1.0,0.0,0.0
16,260,6.48403106105971,10.323146953920451,1.0,1.0,0.0,1.0,0.0,0.0
17,260,10.921114990664892,4.034716941255963,0.0,0.0,0.0,0.0,1.0,1.0
18,260,8.742675452812453,1.6767674541990634,1.0,0.0,0.0,1.0,0.0,1.0
19,260,10.9808613313659,7.82992033815079,0.0,0.0,0.0,0.0,0.0,1.0
20,260,1.8579326432133152,9.655076949711736,1.0,1.0,1.0,0.0,0.0,0.0
21,260,6.879155987758928,7.980387992236044,1.0,1.0,1.0,0.0,0.0,0.0
22,260,9.662670176076904,12.0,1.0,1.0,0.0,1.0,0.0,1.0
23,260,3.5616485035464613,9.46774002407398,0.0,0.0,1.0,0.0,0.0,0.0
24,260,10.270182530340414,9.618166135014668,0.0,1.0,0.0,0.0,0.0,0.0
25,260,7.780534901526707,9.551998933995844,0.0,0.0,0.0,1.0,0.0,0.0
26,260,0.1579352424866701,10.231475611218828,0.0,0.0,0.0,0.0,0.0,1.0
27,260,10.800580085397147,6.021299520199634,1.0,1.0,0.0,0.0,1.0,0.0
28,260,0.5037251016180158,6.487895879066091,1.0,1.0,1.0,1.0,1.0,1.0
29,260,7.122649130738527,8.28079636952455,0.0,0.0,1.0,0.0,0.0,0.0
0,265,8.087124835600573,9.82673691690054,0.0,0.0,0.0,0.0,1.0,1.0
1,265,5.977360901245291,6.146333963068253,1.0,1.0,0.0,1.0,1.0,0.0
2,265,7.754607770648388,9.498352470489635,0.0,0.0,0.0,1.0,1.0,1.0
3,265,1.1429887028014285,8.303276911443657,1.0,0.0,0.0,0.0,1.0,1.0
4,265,0.5530877372403983,1.051805900054936,1.0,0.0,0.0,1.0,0.0,1.0
5,265,0.0,5.530463466831962,1.0,0.0,0.0,0.0,0.0,0.0
6,265,8.715134626896372,12.0,0.0,1.0,0.0,0.0,1.0,0.0
7,265,6.347602560633002,4.611228201281428,0.0,0.0,0.0,1.0,0.0,0.0
8,265,5.178696474580702,9.106428156646388,0.0,0.0,1.0,1.0,1.0,0.0
9,265,1.7286661666072916,0.0,1.0,0.0,0.0,0.0,0.0,0.0
10,265,10.479170438693323,11.87476304940262,0.0,0.0,0.0,1.0,0.0,0.0
11,265,1.179351418762863,0.9356150628963305,1.0,1.0,0.0,0.0,0.0,0.0
12,265,7.281818284532676,9.15265770686798,0.0,1.0,0.0,0.0,1.0,1.0
13,265,2.180386634158501,9.914781364172708,1.0,1.0,0.0,0.0,1.0,0.0
14,265,0.0,8.757384390798528,0.0,0.0,1.0,1.0,0.0,0.0
15,265,4.007075077799267,4.604516625927406,0.0,0.0,1.0,1.0,0.0,0.0
16,265,6.499913663094842,10.311263594281488,1.0,1.0,0.0,1.0,0.0,0.0
17,265,10.921161901201772,3.992432132457493,0.0,0.0,0.0,0.0,1.0,1.0
18,265,8.721288690590468,1.6943198718580343,1.0,0.0,0.0,1.0,0.0,1.0
19,265,11.047978190755778,7.82443592204279,0.0,0.0,0.0,0.0,0.0,1.0
20,265,1.9107701272021225,9.594502672720862,1.0,1.0,1.0,0.0,0.0,0.0
21,265,6.881184367455345,7.946678915114619,1.0,1.0,1.0,0.0,0.0,0.0
22,265,9.679854489550175,12.0,1.0,1.0,0.0,1.0,0.0,1.0
23,265,3.5126709807953054,9.495507553176578,0.0,0.0,1.0,0.0,0.0,0.0
24,265,10.25741654609299,9.571294080949516,0.0,1.0,0.0,0.0,0.0,0.0
25,265,7.749024101048218,9.57677646826185,0.0,0.0,0.0,1.0,0.0,0.0
26,265,0.1166022746983152,10.215364456250756,0.0,0.0,0.0,0.0,0.0,1.0
27,265,10.81805486903031,5.965367571447028,1.0,1.0,0.0,0.0,1.0,0.0
28,265,0.531093911051178,6.493124419595743,1.0,1.0,1.0,1.0,1.0,1.0
29,265,7.057180601762132,8.29285808409729,0.0,0.0,1.0,0.0,0.0,0.0
0,270,8.047044863259764,9.801810367529583,0.0,0.0,0.0,0.0,1.0,1.0
1,270,6.0188351381370655,6.19369897845269,1.0,1.0,0.0,1.0,1.0,0.0
2,270,7.695697932711685,9.48972340245488,0.0,0.0,0.0,1.0,1.0,1.0
3,270,1.1700015523384737,8.352435617183444,1.0,0.0,0.0,0.0,1.0,1.0
4,270,0.5709792258536198,0.9889211109835458,1.0,0.0,0.0,1.0,0.0,1.0
5,270,0.0,5.463339499285891,1.0,0.0,0.0,0.0,0.0,0.0
6,270,8.732436850884056,12.0,0.0,1.0,0.0,0.0,1.0,0.0
7,270,6.329217572075861,4.631034244026478,0.0,0.0,0.0,1.0,0.0,0.0
8,270,5.181111413771973,9.079162164524009,0.0,0.0,1.0,1.0,1.0,0.0
9,270,1.7164160999672198,0.0,1.0,0.0,0.0,0.0,0.0,0.0
10,270,10.417332763890292,11.87028830625669,0.0,0.0,0.0,1.0,0.0,0.0
11,270,1.130665632589883,0.9468818430779856,1.0,1.0,0.0,0.0,0.0,0.0
12,270,7.239332127729431,9.135644680470111,0.0,1.0,0.0,0.0,1.0,1.0
13,270,2.1910411693621783,9.978612688059007,1.0,1.0,0.0,0.0,1.0,0.0
14,270,0.0,8.698283612165492,0.0,0.0,1.0,1.0,0.0,0.0
15,270,4.019585157680584,4.6562634472978655,0.0,0.0,1.0,1.0,0.0,0.0
16,270,6.545670100736959,10.27638120018658,1.0,1.0,0.0,1.0,0.0,0.0
17,270,10.921277293145682,3.942761224378285,0.0,0.0,0.0,0.0,1.0,1.0
18,270,8.662446060497667,1.745083216706825,1.0,0.0,0.0,1.0,0.0,1.0
19,270,11.092072231567762,7.820295529946794,0.0,0.0,0.0,0.0,0.0,1.0
20,270,1.9491566386713808,9.548433055093463,1.0,1.0,1.0,0.0,0.0,0.0
21,270,6.888160453952348,7.878290009851829,1.0,1.0,1.0,0.0,0.0,0.0
22,270,9.69888966582413,12.0,1.0,1.0,0.0,1.0,0.0,1.0
23,270,3.4574409173315046,9.526736050006626,0.0,0.0,1.0,0.0,0.0,0.0
24,270,10.239233073104833,9.505037955488389,0.0,1.0,0.0,0.0,0.0,0.0
25,270,7.698484354620478,9.61891697034998,0.0,0.0,0.0,1.0,0.0,0.0
26,270,0.0602812748100257,10.1928177085961,0.0,0.0,0.0,0.0,0.0,1.0
27,270,10.837466415074616,5.904472056279253,1.0,1.0,0.0,0.0,1.0,0.0
28,270,0.5734225213547302,6.500845315546919,1.0,1.0,1.0,1.0,1.0,1.0
29,270,6.991653380668702,8.305657671093664,0.0,0.0,1.0,0.0,0.0,0.0
0,275,7.989785815599991,9.765390840268434,0.0,0.0,0.0,0.0,1.0,1.0
1,275,6.0591193987844045,6.2396388917362655,1.0,1.0,0.0,1.0,1.0,0.0
2,275,7.640789410337383,9.481382055301324,0.0,0.0,0.0,1.0,1.0,1.0
3,275,1.1963651015938437,8.401599387198969,1.0,0.0,0.0,0.0,1.0,1.0
4,275,0.5906357011910839,0.9147400955793418,1.0,0.0,0.0,1.0,0.0,1.0
5,275,0.0,5.419842125543714,1.0,0.0,0.0,0.0,0.0,0.0
6,275,8.761102842924533,12.0,0.0,1.0,0.0,0.0,1.0,0.0
7,275,6.288422578736265,4.676951395429828,0.0,0.0,0.0,1.0,0.0,0.0
8,275,5.186462438385508,9.035435949721217,0.0,0.0,1.0,1.0,1.0,0.0
9,275,1.6953237451208227,0.0,1.0,0.0,0.0,0.0,0.0,0.0
10,275,10.37433159598359,11.866941562206112,0.0,0.0,0.0,1.0,0.0,0.0
11,275,1.0793049991878156,0.9583797367744786,1.0,1.0,0.0,0.0,0.0,0.0
12,275,7.177713144641159,9.111923828013753,0.0,1.0,0.0,0.0,1.0,1.0
13,275,2.2010908068403907,10.045204957047943,1.0,1.0,0.0,0.0,1.0,0.0
14,275,0.0,8.646836828756573,0.0,0.0,1.0,1.0,0.0,0.0
15,275,4.036265808036556,4.7269712837801015,0.0,0.0,1.0,1.0,0.0,0.0
16,275,6.580369704466064,10.24985671258336,1.0,1.0,0.0,1.0,0.0,0.0
17,275,10.920876659727789,3.890233959567187,0.0,0.0,0.0,0.0,1.0,1.0
18,275,8.618004778345618,1.7844797542401458,1.0,0.0,0.0,1.0,0.0,1.0
19,275,11.13788618919941,7.816089735789964,0.0,0.0,0.0,0.0,0.0,1.0
20,275,1.9894652622604585,9.501759150667992,1.0,1.0,1.0,0.0,0.0,0.0
21,275,6.895216782807714,7.803685603562493,1.0,1.0,1.0,0.0,0.0,0.0
22,275,9.717613043649257,12.0,1.0,1.0,0.0,1.0,0.0,1.0
23,275,3.395418790230985,9.55961410928654,0.0,0.0,1.0,0.0,0.0,0.0
24,275,10.222774736087146,9.444536571398872,0.0,1.0,0.0,0.0,0.0,0.0
25,275,7.640701901012087,9.666044338677466,0.0,0.0,0.0,1.0,0.0,0.0
26,275,0.0,10.165387081755114,0.0,0.0,0.0,0.0,0.0,1.0
27,275,10.846764997860593,5.876629444157597,1.0,1.0,0.0,0.0,1.0,0.0
28,275,0.6253824115203859,6.509333305863581,1.0,1.0,1.0,1.0,1.0,1.0
29,275,6.9393122892595125,8.315742060334385,0.0,0.0,1.0,0.0,0.0,0.0
0,280,7.942005163306114,9.735378823943323,0.0,0.0,0.0,0.0,1.0,1.0
1,280,6.110080797886298,6.297529600913567,1.0,1.0,0.0,1.0,1.0,0.0
2,280,7.606968723196559,9.476254608973743,0.0,0.0,0.0,1.0,1.0,1.0
3,280,1.2219894677190648,8.450475415800705,1.0,0.0,0.0,0.0,1.0,1.0
4,280,0.6038771899171341,0.8670575887005371,1.0,0.0,0.0,1.0,0.0,1.0
5,280,0.0,5.385162079620885,1.0,0.0,0.0,0.0,0.0,0.0
6,280,8.776011654588743,12.0,0.0,1.0,0.0,0.0,1.0,0.0
7,280,6.253141662022004,4.716377495993191,0.0,0.0,0.0,1.0,0.0,0.0
8,280,5.192083912900884,8.983210331210605,0.0,0.0,1.0,1.0,1.0,0.0
9,280,1.6724676964675094,0.0,1.0,0.0,0.0,0.0,0.0,0.0
10,280,10.32058171050062,11.863190423177116,0.0,0.0,0.0,1.0,0.0,0.0
11,280,1.0056105674607336,0.973844122370329,1.0,1.0,0.0,0.0,0.0,0.0
12,280,7.129699782851044,9.093185843240134,0.0,1.0,0.0,0.0,1.0,1.0
13,280,2.211348961962151,10.10988361729767,1.0,1.0,0.0,0.0,1.0,0.0
14,280,0.0,8.605033778850816,0.0,0.0,1.0,1.0,0.0,0.0
15,280,4.0451368074704455,4.76357834815211,0.0,0.0,1.0,1.0,0.0,0.0
16,280,6.62291530385227,10.216691655191736,1.0,1.0,0.0,1.0,0.0,0.0
17,280,10.918632670534524,3.8278955843259146,0.0,0.0,0.0,0.0,1.0,1.0
18,280,8.566501697253578,1.82849595152022,1.0,0.0,0.0,1.0,0.0,1.0
19,280,11.194234198811357,7.809039522208359,0.0,0.0,0.0,0.0,0.0,1.0
20,280,2.0295968295791487,9.456209563285276,1.0,1.0,1.0,0.0,0.0,0.0
21,280,6.9005956473540335,7.739356115198428,1.0,1.0,1.0,0.0,0.0,0.0
22,280,9.737736588889057,12.0,1.0,1.0,0.0,1.0,0.0,1.0
23,280,3.331670894472364,9.593368640922067,0.0,0.0,1.0,0.0,0.0,0.0
24,280,10.212645331858305,9.402516074558768,0.0,1.0,0.0,0.0,0.0,0.0
25,280,7.590765844958249,9.703786803551,0.0,0.0,0.0,1.0,0.0,0.0
26,280,0.0,10.153196892454348,0.0,0.0,0.0,0.0,0.0,1.0
27,280,10.86244992682342,5.8285071135676105,1.0,1.0,0.0,0.0,1.0,0.0
28,280,0.689143216388944,6.519892396937281,1.0,1.0,1.0,1.0,1.0,1.0
29,280,6.871745513323766,8.330629284996494,0.0,0.0,1.0,0.0,0.0,0.0
0,285,7.889413431589475,9.703035162777937,0.0,0.0,0.0,0.0,1.0,1.0
1,285,6.141432739942196,6.334897129476648,1.0,1.0,0.0,1.0,1.0,0.0
2,285,7.554893349578848,9.469491954554918,0.0,0.0,0.0,1.0,1.0,1.0
3,285,1.2468972692151026,8.495756924651193,1.0,0.0,0.0,0.0,1.0,1.0
4,285,0.6225809199169019,0.804686547868996,1.0,0.0,0.0,1.0,0.0,1.0
5,285,0.0,5.32233590950925,1.0,0.0,0.0,0.0,0.0,0.0
6,285,8.796040368928617,12.0,0.0,1.0,0.0,0.0,1.0,0.0
7,285,6.199471415154826,4.777058523543436,0.0,0.0,0.0,1.0,0.0,0.0
8,285,5.197933580942371,8.930051523216454,0.0,0.0,1.0,1.0,1.0,0.0
9,285,1.650955855294199,0.0,1.0,0.0,0.0,0.0,0.0,0.0
10,285,10.281975258518392,11.859631231381671,0.0,0.0,0.0,1.0,0.0,0.0
11,285,0.9431137722797932,0.986805237963718,1.0,1.0,0.0,0.0,0.0,0.0
12,285,7.080785952850171,9.073893519557524,0.0,1.0,0.0,0.0,1.0,1.0
13,285,2.217732256291495,10.1519539382591,1.0,1.0,0.0,0.0,1.0,0.0
14,285,0.0,8.55451981964056,0.0,0.0,1.0,1.0,0.0,0.0
15,285,4.053959249578952,4.797656748621819,0.0,0.0,1.0,1.0,0.0,0.0
16,285,6.669679642348677,10.181095680267656,1.0,1.0,0.0,1.0,0.0,0.0
17,285,10.917183902309972,3.782866671429709,0.0,0.0,0.0,0.0,1.0,1.0
18,285,8.533386016859078,1.856599231203716,1.0,0.0,0.0,1.0,0.0,1.0
19,285,11.240491043638098,7.802131004493739,0.0,0.0,0.0,0.0,0.0,1.0
20,285,2.069623648591396,9.41035200591458,1.0,1.0,1.0,0.0,0.0,0.0
21,285,6.905726134873307,7.68451149709483,1.0,1.0,1.0,0.0,0.0,0.0
22,285,9.75537917015215,12.0,1.0,1.0,0.0,1.0,0.0,1.0
23,285,3.282534236751578,9.62036369620059,0.0,0.0,1.0,0.0,0.0,0.0
24,285,10.202496273323131,9.354690143047456,0.0,1.0,0.0,0.0,0.0,0.0
25,285,7.571408532008729,9.719367575142629,0.0,0.0,0.0,1.0,0.0,0.0
26,285,0.0,10.132195729411569,0.0,0.0,0.0,0.0,0.0,1.0
27,285,10.873849120910592,5.791835222956533,1.0,1.0,0.0,0.0,1.0,0.0
28,285,0.7379952759748926,6.528071438325933,1.0,1.0,1.0,1.0,1.0,1.0
29,285,6.811010153328878,8.343986471351297,0.0,0.0,1.0,0.0,0.0,0.0
0,290,7.838881435094127,9.672627983872328,0.0,0.0,0.0,0.0,1.0,1.0
1,290,6.176901019370619,6.379947227801386,1.0,1.0,0.0,1.0,1.0,0.0
2,290,7.522554827203595,9.465270957867194,0.0,0.0,0.0,1.0,1.0,1.0
3,290,1.284632915589122,8.560706752995443,1.0,0.0,0.0,0.0,1.0,1.0
4,290,0.6375022597393766,0.7575403477707456,1.0,0.0,0.0,1.0,0.0,1.0
5,290,0.0,5.275912476878025,1.0,0.0,0.0,0.0,0.0,0.0
6,290,8.821312359916714,12.0,0.0,1.0,0.0,0.0,1.0,0.0
7,290,6.172546731481536,4.806795340295011,0.0,0.0,0.0,1.0,0.0,0.0
8,290,5.202422970751267,8.88142078446951,0.0,0.0,1.0,1.0,1.0,0.0
9,290,1.6289254946042289,0.0,1.0,0.0,0.0,0.0,0.0,0.0
10,290,10.227952698663325,11.855786514219718,0.0,0.0,0.0,1.0,0.0,0.0
11,290,0.8974367736900722,0.995614139104388,1.0,1.0,0.0,0.0,0.0,0.0
12,290,7.012533842361666,9.044984568190705,0.0,1.0,0.0,0.0,1.0,1.0
13,290,2.2202019975667904,10.169594444997037,1.0,1.0,0.0,0.0,1.0,0.0
14,290,0.0,8.508267848216969,0.0,0.0,1.0,1.0,0.0,0.0
15,290,4.067584545224807,4.855347675046532,0.0,0.0,1.0,1.0,0.0,0.0
16,290,6.713739552682215,10.146790791389792,1.0,1.0,0.0,1.0,0.0,0.0
17,290,10.916876664371047,3.7172264980619274,0.0,0.0,0.0,0.0,1.0,1.0
18,290,8.490717493364919,1.892474404588382,1.0,0.0,0.0,1.0,0.0,1.0
19,290,11.32643975675104,7.787448094833327,0.0,0.0,0.0,0.0,0.0,1.0
20,290,2.1022881419358863,9.371219406315882,1.0,1.0,1.0,0.0,0.0,0.0
21,290,6.911555832301072,7.613621604759805,1.0,1.0,1.0,0.0,0.0,0.0
22,290,9.773429199159148,12.0,1.0,1.0,0.0,1.0,0.0,1.0
23,290,3.243974169833981,9.6405600251554,0.0,0.0,1.0,0.0,0.0,0.0
24,290,10.193001584042342,9.307468801421397,0.0,1.0,0.0,0.0,0.0,0.0
25,290,7.542886412792621,9.74431586376497,0.0,0.0,0.0,1.0,0.0,0.0
26,290,0.0,10.11647095991434,0.0,0.0,0.0,0.0,0.0,1.0
27,290,10.887964584442887,5.748631674611752,1.0,1.0,0.0,0.0,1.0,0.0
28,290,0.8065283880253398,6.539959599856838,1.0,1.0,1.0,1.0,1.0,1.0
29,290,6.746470901144526,8.357935854125778,0.0,0.0,1.0,0.0,0.0,0.0
0,295,7.778112990207265,9.633664911660237,0.0,0.0,0.0,0.0,1.0,1.0
1,295,6.217634830137717,6.428025026675956,1.0,1.0,0.0,1.0,1.0,0.0
2,295,7.477144086598408,9.460515921292073,0.0,0.0,0.0,1.0,1.0,1.0
3,295,1.3007286026896572,8.588671239216376,1.0,0.0,0.0,0.0,1.0,1.0
4,295,0.6604834343752953,0.6874129957766179,1.0,0.0,0.0,1.0,0.0,1.0
5,295,0.0,5.222051153836499,1.0,0.0,0.0,0.0,0.0,0.0
6,295,8.84272555042387,12.0,0.0,1.0,0.0,0.0,1.0,0.0
7,295,6.12818323441478,4.854134761288136,0.0,0.0,0.0,1.0,0.0,0.0
8,295,5.207914930163841,8.821520932870916,0.0,0.0,1.0,1.0,1.0,0.0
9,295,1.6046173911327306,0.0,1.0,0.0,0.0,0.0,0.0,0.0
10,295,10.187110002669847,11.853317920860292,0.0,0.0,0.0,1.0,0.0,0.0
11,295,0.8422540394365378,1.0061597161299591,1.0,1.0,0.0,0.0,0.0,0.0
12,295,6.966522052149181,9.023322112266513,0.0,1.0,0.0,0.0,1.0,1.0
13,295,2.2261926729867083,10.202080598386209,1.0,1.0,0.0,0.0,1.0,0.0
14,295,0.0,8.458571432043549,0.0,0.0,1.0,1.0,0.0,0.0
15,295,4.08147202156343,4.92155529063659,0.0,0.0,1.0,1.0,0.0,0.0
16,295,6.747002011705566,10.12122136899317,1.0,1.0,0.0,1.0,0.0,0.0
17,295,10.915770713580942,3.6514170871728218,0.0,0.0,0.0,0.0,1.0,1.0
18,295,8.442194347010425,1.9315500250221076,1.0,0.0,0.0,1.0,0.0,1.0
19,295,11.38232110782706,7.777135107777389,0.0,0.0,0.0,0.0,0.0,1.0
20,295,2.135334098023689,9.332271657129462,1.0,1.0,1.0,0.0,0.0,0.0
21,295,6.916129676706061,7.549100892490577,1.0,1.0,1.0,0.0,0.0,0.0
22,295,9.795970802592256,12.0,1.0,1.0,0.0,1.0,0.0,1.0
23,295,3.191693698643596,9.66817885660202,0.0,0.0,1.0,0.0,0.0,0.0
24,295,10.180450243285115,9.247878910595505,0.0,1.0,0.0,0.0,0.0,0.0
25,295,7.507612486356694,9.77392532816889,0.0,0.0,0.0,1.0,0.0,0.0
26,295,0.0,10.087229245793562,0.0,0.0,0.0,0.0,0.0,1.0
27,295,10.90461703140677,5.699451423514788,1.0,1.0,0.0,0.0,1.0,0.0
28,295,0.8549248662692769,6.546010500055058,1.0,1.0,1.0,1.0,1.0,1.0
29,295,6.679215159112324,8.37138326989887,0.0,0.0,1.0,0.0,0.0,0.0
