0,0,3.0164915261272585,2.940500572260585,0.0,0.0,1.0,0.0,1.0,1.0
1,0,10.9567784203326,0.9690410978315128,0.0,1.0,0.0,1.0,0.0,1.0
2,0,2.9498611301489,1.0093895361556335,0.0,1.0,1.0,1.0,0.0,1.0
3,0,9.990793213151118,5.962067568315635,1.0,0.0,1.0,0.0,1.0,1.0
4,0,1.94636244952638,7.974513323272836,1.0,1.0,0.0,1.0,0.0,0.0
5,0,10.00720770774839,10.050056769728492,1.0,0.0,0.0,1.0,1.0,0.0
6,0,2.951165957370025,10.948802655203345,0.0,1.0,0.0,1.0,1.0,0.0
7,0,7.054270416329933,8.953779741999872,0.0,0.0,1.0,0.0,0.0,0.0
8,0,3.050789021203215,2.0105947441808354,0.0,1.0,1.0,1.0,1.0,1.0
9,0,0.0,2.0293661123877453,1.0,1.0,0.0,0.0,0.0,0.0
10,0,0.051668692575216,1.9885303219660864,1.0,0.0,0.0,0.0,1.0,1.0
11,0,12.0,11.032665342144222,1.0,0.0,1.0,1.0,0.0,1.0
12,0,5.040945957532569,4.03782941383085,0.0,1.0,0.0,0.0,0.0,0.0
13,0,6.989599272941116,9.933936981805768,0.0,0.0,1.0,0.0,0.0,0.0
14,0,0.9451302764539212,12.0,0.0,1.0,0.0,1.0,1.0,0.0
15,0,0.0485106540017997,2.9926477701312257,1.0,0.0,0.0,1.0,1.0,0.0
16,0,5.0557240247868585,11.027466700979788,1.0,0.0,0.0,1.0,0.0,1.0
17,0,7.019166087103176,7.058511103170984,1.0,1.0,0.0,0.0,0.0,0.0
18,0,3.945614895588261,9.984005193762576,0.0,0.0,1.0,0.0,1.0,1.0
19,0,3.0573440174181408,7.987756214844375,1.0,0.0,0.0,1.0,0.0,1.0
20,0,12.0,6.952585935849457,0.0,0.0,0.0,1.0,0.0,0.0
21,0,11.015858567125544,4.066803902889762,0.0,0.0,0.0,1.0,1.0,0.0
22,0,5.980614475088724,10.944404064383445,0.0,0.0,1.0,0.0,0.0,1.0
23,0,6.972082969797969,6.043751486212935,1.0,0.0,0.0,1.0,0.0,0.0
24,0,7.972320487020284,1.956037729392352,0.0,0.0,1.0,1.0,0.0,0.0
25,0,11.054830681858968,5.025160792209292,0.0,0.0,1.0,0.0,0.0,1.0
26,0,5.986004390345875,11.053989662125378,0.0,0.0,1.0,0.0,0.0,0.0
27,0,8.064039767502345,5.017660726875293,1.0,0.0,0.0,0.0,1.0,1.0
28,0,2.0597322699796914,9.995444127340685,1.0,1.0,1.0,0.0,0.0,0.0
29,0,8.927968803238073,5.989321377151505,0.0,1.0,0.0,0.0,1.0,0.0
30,0,10.007307707030115,9.947461080881258,1.0,1.0,1.0,0.0,0.0,1.0
31,0,11.94209480949331,12.0,1.0,1.0,0.0,1.0,0.0,1.0
32,0,11.941218837032796,6.994525716376494,0.0,0.0,0.0,0.0,0.0,0.0
33,0,0.0,5.018815662778755,1.0,0.0,0.0,0.0,0.0,0.0
34,0,11.91000839320986,10.983178540532418,1.0,1.0,0.0,0.0,0.0,0.0
35,0,8.975524406420158,3.9618154639451,0.0,0.0,1.0,1.0,0.0,0.0
36,0,1.049053395857509,10.00731514917943,1.0,1.0,1.0,1.0,1.0,0.0
37,0,9.019489449619506,1.9503862587127376,0.0,0.0,0.0,0.0,1.0,1.0
38,0,12.0,4.008915531312879,0.0,0.0,0.0,0.0,0.0,0.0
39,0,1.9555098776237487,1.972684177878532,0.0,1.0,0.0,0.0,0.0,1.0
0,5,3.0354818993804917,2.8736622552208715,0.0,0.0,1.0,0.0,1.0,1.0
1,5,10.937167356965409,0.95381026721313,0.0,1.0,0.0,1.0,0.0,1.0
2,5,2.8922104639435084,1.0208757525295704,0.0,1.0,1.0,1.0,0.0,1.0
3,5,9.986954066779168,5.945124022185974,1.0,0.0,1.0,0.0,1.0,1.0
4,5,1.8895669031746936,7.947976623660331,1.0,1.0,0.0,1.0,0.0,0.0
5,5,10.014130922326506,10.100022273997084,1.0,0.0,0.0,1.0,1.0,0.0
6,5,2.8981900706027925,10.89393812045993,0.0,1.0,0.0,1.0,1.0,0.0
7,5,7.100020450868007,8.91402781647114,0.0,0.0,1.0,0.0,0.0,0.0
8,5,3.102702852986734,2.021626391560849,0.0,1.0,1.0,1.0,1.0,1.0
9,5,0.0,2.061378495625713,1.0,1.0,0.0,0.0,0.0,0.0
10,5,0.1246786541035983,1.9714142858822905,1.0,0.0,0.0,0.0,1.0,1.0
11,5,12.0,11.068774826877666,1.0,0.0,1.0,1.0,0.0,1.0
12,5,5.097854990068536,4.088794143816079,0.0,1.0,0.0,0.0,0.0,0.0
13,5,6.9797619605541215,9.880731895163914,0.0,0.0,1.0,0.0,0.0,0.0
14,5,0.8839465642295397,12.0,0.0,1.0,0.0,1.0,1.0,0.0
15,5,0.1057789804062013,2.981555077807914,1.0,0.0,0.0,1.0,1.0,0.0
16,5,5.093535039075671,11.046627630076978,1.0,0.0,0.0,1.0,0.0,1.0
17,5,7.035033552379937,7.1064685454227945,1.0,1.0,0.0,0.0,0.0,0.0
18,5,3.8734311505286088,9.963075224502711,0.0,0.0,1.0,0.0,1.0,1.0
19,5,3.1110882601613934,7.975203438235386,1.0,0.0,0.0,1.0,0.0,1.0
20,5,12.0,6.889537899259041,0.0,0.0,0.0,1.0,0.0,0.0
21,5,11.039567284593794,4.162744832342774,0.0,0.0,0.0,1.0,1.0,0.0
22,5,5.967018790414855,10.90580265453033,0.0,0.0,1.0,0.0,0.0,1.0
23,5,6.9453479873812425,6.08523423926499,1.0,0.0,0.0,1.0,0.0,0.0
24,5,7.941794050110032,1.9095195323673864,0.0,0.0,1.0,1.0,0.0,0.0
25,5,11.127409140889478,5.0603320800285445,0.0,0.0,1.0,0.0,0.0,1.0
26,5,5.975613868694809,11.09093146508679,0.0,0.0,1.0,0.0,0.0,0.0
27,5,8.111993753948203,5.032010016518333,1.0,0.0,0.0,0.0,1.0,1.0
28,5,2.113796215964252,9.990946163603132,1.0,1.0,1.0,0.0,0.0,0.0
29,5,8.85872994169306,5.976900100829054,0.0,1.0,0.0,0.0,1.0,0.0
30,5,10.01393980462964,9.906929918848926,1.0,1.0,1.0,0.0,0.0,1.0
31,5,11.907423139072767,12.0,1.0,1.0,0.0,1.0,0.0,1.0
32,5,11.891610414507491,6.990860339387942,0.0,0.0,0.0,0.0,0.0,0.0
33,5,0.0,5.032194483079048,1.0,0.0,0.0,0.0,0.0,0.0
34,5,11.815285748334516,10.966206428440143,1.0,1.0,0.0,0.0,0.0,0.0
35,5,8.957103244795368,3.932748343877369,0.0,0.0,1.0,1.0,0.0,0.0
36,5,1.0832381244369735,10.013092646921876,1.0,1.0,1.0,1.0,1.0,0.0
37,5,9.040731833944267,1.8906326884830509,0.0,0.0,0.0,0.0,1.0,1.0
38,5,12.0,4.016784097833476,0.0,0.0,0.0,0.0,0.0,0.0
39,5,1.9196676152736316,1.9499409734110504,0.0,1.0,0.0,0.0,0.0,1.0
0,10,3.057721366347992,2.796241987769985,0.0,0.0,1.0,0.0,1.0,1.0
1,10,10.905967377960923,0.92926350541476,0.0,1.0,0.0,1.0,0.0,1.0
2,10,2.8168939551522145,1.034893502180464,0.0,1.0,1.0,1.0,0.0,1.0
3,10,9.982578368954144,5.924101528490604,1.0,0.0,1.0,0.0,1.0,1.0
4,10,1.8398271348623385,7.924640396735631,1.0,1.0,0.0,1.0,0.0,0.0
5,10,10.02459068111366,10.173396913771573,1.0,0.0,0.0,1.0,1.0,0.0
6,10,2.828904572449357,10.824239292805617,0.0,1.0,0.0,1.0,1.0,0.0
7,10,7.146021033032815,8.875828062596002,0.0,0.0,1.0,0.0,0.0,0.0
8,10,3.1555709676512165,2.0332205959736998,0.0,1.0,1.0,1.0,1.0,1.0
9,10,0.0,2.097496065575737,1.0,1.0,0.0,0.0,0.0,0.0
10,10,0.1815663175217446,1.958030249314969,1.0,0.0,0.0,0.0,1.0,1.0
11,10,12.0,11.105904976482948,1.0,0.0,1.0,1.0,0.0,1.0
12,10,5.159299832976678,4.144227836422171,0.0,1.0,0.0,0.0,0.0,0.0
13,10,6.9683364217003865,9.81750015763317,0.0,0.0,1.0,0.0,0.0,0.0
14,10,0.8281182737201115,12.0,0.0,1.0,0.0,1.0,1.0,0.0
15,10,0.1543334420629675,2.9722672799019163,1.0,0.0,0.0,1.0,1.0,0.0
16,10,5.108178982933232,11.053955773363802,1.0,0.0,0.0,1.0,0.0,1.0
17,10,7.050633130859122,7.153238208148863,1.0,1.0,0.0,0.0,0.0,0.0
18,10,3.795997889342139,9.939719876635657,0.0,0.0,1.0,0.0,1.0,1.0
19,10,3.16409778839401,7.962242398747888,1.0,0.0,0.0,1.0,0.0,1.0
20,10,12.0,6.834738164020716,0.0,0.0,0.0,1.0,0.0,0.0
21,10,11.054004096832225,4.225346823412953,0.0,0.0,0.0,1.0,1.0,0.0
22,10,5.951980968041288,10.863230719637746,0.0,0.0,1.0,0.0,0.0,1.0
23,10,6.934936268491307,6.101639182742348,1.0,0.0,0.0,1.0,0.0,0.0
24,10,7.916371823948812,1.871761753913984,0.0,0.0,1.0,1.0,0.0,0.0
25,10,11.192889058901716,5.092494016621723,0.0,0.0,1.0,0.0,0.0,1.0
26,10,5.961344670159187,11.139402082568528,0.0,0.0,1.0,0.0,0.0,0.0
27,10,8.156665865858542,5.0467738346800886,1.0,0.0,0.0,0.0,1.0,1.0
28,10,2.1851684024333915,9.984792959452362,1.0,1.0,1.0,0.0,0.0,0.0
29,10,8.79080489441096,5.963363591009986,0.0,1.0,0.0,0.0,1.0,0.0
30,10,10.020098384207676,9.869045779837608,1.0,1.0,1.0,0.0,0.0,1.0
31,10,11.867008990604957,12.0,1.0,1.0,0.0,1.0,0.0,1.0
32,10,11.827021262267458,6.986376617576757,0.0,0.0,0.0,0.0,0.0,0.0
33,10,0.0,5.047622700117627,1.0,0.0,0.0,0.0,0.0,0.0
34,10,11.68276631893757,10.944129875212017,1.0,1.0,0.0,0.0,0.0,0.0
35,10,8.942163022600358,3.907665459244893,0.0,0.0,1.0,1.0,0.0,0.0
36,10,1.1299617470999297,10.021314764876877,1.0,1.0,1.0,1.0,1.0,0.0
37,10,9.0639078894893,1.8191612405809727,0.0,0.0,0.0,0.0,1.0,1.0
38,10,12.0,4.028576300415364,0.0,0.0,0.0,0.0,0.0,0.0
39,10,1.8896194611250996,1.9301593253542495,0.0,1.0,0.0,0.0,0.0,1.0
0,15,3.07780272352069,2.720497708355588,0.0,0.0,1.0,0.0,1.0,1.0
1,15,10.868767968728427,0.9007098953629665,0.0,1.0,0.0,1.0,0.0,1.0
2,15,2.7469649638239795,1.0476179143559443,0.0,1.0,1.0,1.0,0.0,1.0
3,15,9.974996042530853,5.891274610379133,1.0,0.0,1.0,0.0,1.0,1.0
4,15,1.7852794948629866,7.899233415699215,1.0,1.0,0.0,1.0,0.0,0.0
5,15,10.031565975019596,10.244268076462134,1.0,0.0,0.0,1.0,1.0,0.0
6,15,2.7624946996177107,10.759084052358016,0.0,1.0,0.0,1.0,1.0,0.0
7,15,7.200072779743909,8.828595900795703,0.0,0.0,1.0,0.0,0.0,0.0
8,15,3.219810740002786,2.0479348246761666,0.0,1.0,1.0,1.0,1.0,1.0
9,15,0.0,2.1264026982814785,1.0,1.0,0.0,0.0,0.0,0.0
10,15,0.2326745493971644,1.9467672695814835,1.0,0.0,0.0,0.0,1.0,1.0
11,15,12.0,11.145632953912113,1.0,0.0,1.0,1.0,0.0,1.0
12,15,5.211833041542266,4.190385292916153,0.0,1.0,0.0,0.0,0.0,0.0
13,15,6.956913435234555,9.760255854436217,0.0,0.0,1.0,0.0,0.0,0.0
14,15,0.7802811277075121,12.0,0.0,1.0,0.0,1.0,1.0,0.0
15,15,0.1989142944198572,2.963668671570728,1.0,0.0,0.0,1.0,1.0,0.0
16,15,5.111406727705746,11.055606552369625,1.0,0.0,0.0,1.0,0.0,1.0
17,15,7.05401334842379,7.162093315818133,1.0,1.0,0.0,0.0,0.0,0.0
18,15,3.742033709434455,9.922052717810216,0.0,0.0,1.0,0.0,1.0,1.0
19,15,3.202172719327881,7.953888821135226,1.0,0.0,0.0,1.0,0.0,1.0
20,15,12.0,6.782625093024388,0.0,0.0,0.0,1.0,0.0,0.0
21,15,11.062469404024004,4.260988391536134,0.0,0.0,0.0,1.0,1.0,0.0
22,15,5.94146940815277,10.83156568798004,0.0,0.0,1.0,0.0,0.0,1.0
23,15,6.911022698370608,6.139688523392887,1.0,0.0,0.0,1.0,0.0,0.0
24,15,7.874949447788135,1.8096747142428884,0.0,0.0,1.0,1.0,0.0,0.0
25,15,11.157231013175297,5.16741908640762,0.0,0.0,1.0,0.0,0.0,1.0
26,15,5.946527660963944,11.18952378669872,0.0,0.0,1.0,0.0,0.0,0.0
27,15,8.17975367269548,5.054305263552413,1.0,0.0,0.0,0.0,1.0,1.0
28,15,2.248857384844481,9.98054946152038,1.0,1.0,1.0,0.0,0.0,0.0
29,15,8.724966832272044,5.948451186932575,0.0,1.0,0.0,0.0,1.0,0.0
30,15,10.024583216281927,9.840614921191404,1.0,1.0,1.0,0.0,0.0,1.0
31,15,11.83117197854926,12.0,1.0,1.0,0.0,1.0,0.0,1.0
32,15,11.787075959828186,6.984779103348014,0.0,0.0,0.0,0.0,0.0,0.0
33,15,0.0,5.066378574788423,1.0,0.0,0.0,0.0,0.0,0.0
34,15,11.536754463588888,10.923405382908047,1.0,1.0,0.0,0.0,0.0,0.0
35,15,8.930772013856446,3.888912568649417,0.0,0.0,1.0,1.0,0.0,0.0
36,15,1.1816498741502983,10.02934626375209,1.0,1.0,1.0,1.0,1.0,0.0
37,15,9.081678149952234,1.7652413316328848,0.0,0.0,0.0,0.0,1.0,1.0
38,15,12.0,4.039787859759461,0.0,0.0,0.0,0.0,0.0,0.0
39,15,1.8430804498625897,1.8984489940977272,0.0,1.0,0.0,0.0,0.0,1.0
0,20,3.104781258957331,2.615072677844695,0.0,0.0,1.0,0.0,1.0,1.0
1,20,10.830868866650835,0.8720296893975183,0.0,1.0,0.0,1.0,0.0,1.0
2,20,2.697826444615195,1.0557183588315624,0.0,1.0,1.0,1.0,0.0,1.0
3,20,9.964711702980852,5.848774549935294,1.0,0.0,1.0,0.0,1.0,1.0
4,20,1.722133602297763,7.868870719838815,1.0,1.0,0.0,1.0,0.0,0.0
5,20,10.039602975618514,10.31884972109086,1.0,0.0,0.0,1.0,1.0,0.0
6,20,2.699475741296041,10.69645836588619,0.0,1.0,0.0,1.0,1.0,0.0
7,20,7.254719963009207,8.779683072367959,0.0,0.0,1.0,0.0,0.0,0.0
8,20,3.292510941860008,2.062559019486491,0.0,1.0,1.0,1.0,1.0,1.0
9,20,0.0,2.137044590263372,1.0,1.0,0.0,0.0,0.0,0.0
10,20,0.2595392195619312,1.9408260480921884,1.0,0.0,0.0,0.0,1.0,1.0
11,20,12.0,11.18821028226894,1.0,0.0,1.0,1.0,0.0,1.0
12,20,5.256282065424837,4.228448667450567,0.0,1.0,0.0,0.0,0.0,0.0
13,20,6.944707370199034,9.698140960484714,0.0,0.0,1.0,0.0,0.0,0.0
14,20,0.7238669382838772,12.0,0.0,1.0,0.0,1.0,1.0,0.0
15,20,0.2250577511008178,2.9588397634371857,1.0,0.0,0.0,1.0,1.0,0.0
16,20,5.1258511080453255,11.062596209820686,1.0,0.0,0.0,1.0,0.0,1.0
17,20,7.054357148897543,7.163007106481111,1.0,1.0,0.0,0.0,0.0,0.0
18,20,3.7126816685993953,9.912119374226323,0.0,0.0,1.0,0.0,1.0,1.0
19,20,3.2455916475823945,7.944172169850372,1.0,0.0,0.0,1.0,0.0,1.0
20,20,12.0,6.736765777693896,0.0,0.0,0.0,1.0,0.0,0.0
21,20,11.070475978764016,4.297430129212799,0.0,0.0,0.0,1.0,1.0,0.0
22,20,5.926761450276172,10.789409145933584,0.0,0.0,1.0,0.0,0.0,1.0
23,20,6.893032884244748,6.168076104983894,1.0,0.0,0.0,1.0,0.0,0.0
24,20,7.8323012965208925,1.7468714519237023,0.0,0.0,1.0,1.0,0.0,0.0
25,20,11.126251005913824,5.232200368206993,0.0,0.0,1.0,0.0,0.0,1.0
26,20,5.926267926248273,11.260169870254524,0.0,0.0,1.0,0.0,0.0,0.0
27,20,8.17713647486247,5.053432740494769,1.0,0.0,0.0,0.0,1.0,1.0
28,20,2.315013959086002,9.97769105934422,1.0,1.0,1.0,0.0,0.0,0.0
29,20,8.677612215195568,5.936519534497682,0.0,1.0,0.0,0.0,1.0,0.0
30,20,10.032034995633936,9.79140759559806,1.0,1.0,1.0,0.0,0.0,1.0
31,20,11.772367713840705,12.0,1.0,1.0,0.0,1.0,0.0,1.0
32,20,11.742206606433934,6.98402732454278,0.0,0.0,0.0,0.0,0.0,0.0
33,20,0.0,5.087329573579047,1.0,0.0,0.0,0.0,0.0,0.0
34,20,11.375932201025636,10.902245516078304,1.0,1.0,0.0,0.0,0.0,0.0
35,20,8.91533587566878,3.8985148143093302,0.0,0.0,1.0,1.0,0.0,0.0
36,20,1.2398593166169447,10.038023051418795,1.0,1.0,1.0,1.0,1.0,0.0
37,20,9.09382702759946,1.7280973961711157,0.0,0.0,0.0,0.0,1.0,1.0
38,20,12.0,4.04962802617255,0.0,0.0,0.0,0.0,0.0,0.0
39,20,1.816596700452518,1.8804419636223744,0.0,1.0,0.0,0.0,0.0,1.0
0,25,3.1333397093081667,2.5120277780603915,0.0,0.0,1.0,0.0,1.0,1.0
1,25,10.787411307495674,0.8377938908896816,0.0,1.0,0.0,1.0,0.0,1.0
2,25,2.6584383253184654,1.0628048510259671,0.0,1.0,1.0,1.0,0.0,1.0
3,25,9.956759193583046,5.812098842794102,1.0,0.0,1.0,0.0,1.0,1.0
4,25,1.6748627932805642,7.846387197037191,1.0,1.0,0.0,1.0,0.0,0.0
5,25,10.045945558458158,10.376045223942414,1.0,0.0,0.0,1.0,1.0,0.0
6,25,2.6603153624125047,10.65995068044859,0.0,1.0,0.0,1.0,1.0,0.0
7,25,7.304970499699906,8.733202217326863,0.0,0.0,1.0,0.0,0.0,0.0
8,25,3.354677803043392,2.075579900262561,0.0,1.0,1.0,1.0,1.0,1.0
9,25,0.0,2.1552163916151725,1.0,1.0,0.0,0.0,0.0,0.0
10,25,0.3136751809797033,1.9271885846063608,1.0,0.0,0.0,0.0,1.0,1.0
11,25,11.959471587206332,11.253582775472356,1.0,0.0,1.0,1.0,0.0,1.0
12,25,5.307413259409433,4.274464561336397,0.0,1.0,0.0,0.0,0.0,0.0
13,25,6.932812585122555,9.640392748169308,0.0,0.0,1.0,0.0,0.0,0.0
14,25,0.6785403657198465,12.0,0.0,1.0,0.0,1.0,1.0,0.0
15,25,0.2584757066667618,2.952528767647108,1.0,0.0,0.0,1.0,1.0,0.0
16,25,5.141730605077638,11.06969924621114,1.0,0.0,0.0,1.0,0.0,1.0
17,25,7.061287956677499,7.18272578035129,1.0,1.0,0.0,0.0,0.0,0.0
18,25,3.696208111310787,9.906639068204612,0.0,0.0,1.0,0.0,1.0,1.0
19,25,3.287678394004244,7.934284330399773,1.0,0.0,0.0,1.0,0.0,1.0
20,25,12.0,6.681427724900062,0.0,0.0,0.0,1.0,0.0,0.0
21,25,11.078226481252194,4.335189962980279,0.0,0.0,0.0,1.0,1.0,0.0
22,25,5.915199765088798,10.757933786927728,0.0,0.0,1.0,0.0,0.0,1.0
23,25,6.862320038552955,6.211340992367976,1.0,0.0,0.0,1.0,0.0,0.0
24,25,7.779430606790754,1.6692225280955977,0.0,0.0,1.0,1.0,0.0,0.0
25,25,11.104661968037618,5.275250403105074,0.0,0.0,1.0,0.0,0.0,1.0
26,25,5.904443048632265,11.334194864076752,0.0,0.0,1.0,0.0,0.0,0.0
27,25,8.179070808552781,5.0541265898111405,1.0,0.0,0.0,0.0,1.0,1.0
28,25,2.3751056864494107,9.975871483025568,1.0,1.0,1.0,0.0,0.0,0.0
29,25,8.632523089618935,5.92610299395866,0.0,1.0,0.0,0.0,1.0,0.0
30,25,10.041689495188113,9.732148979515996,1.0,1.0,1.0,0.0,0.0,1.0
31,25,11.748208481296924,12.0,1.0,1.0,0.0,1.0,0.0,1.0
32,25,11.708049863403334,6.983705059292957,0.0,0.0,0.0,0.0,0.0,0.0
33,25,0.0,5.103023294137473,1.0,0.0,0.0,0.0,0.0,0.0
34,25,11.208349881145846,10.883070129435763,1.0,1.0,0.0,0.0,0.0,0.0
35,25,8.901178038666826,3.907122486421791,0.0,0.0,1.0,1.0,0.0,0.0
36,25,1.2902206563645715,10.045567413316672,1.0,1.0,1.0,1.0,1.0,0.0
37,25,9.105968702550742,1.6910465918702526,0.0,0.0,0.0,0.0,1.0,1.0
38,25,12.0,4.0599004727343,0.0,0.0,0.0,0.0,0.0,0.0
39,25,1.8043154365365384,1.8717139781553984,0.0,1.0,0.0,0.0,0.0,1.0
0,30,3.1697320389551127,2.3877772768977854,0.0,0.0,1.0,0.0,1.0,1.0
1,30,10.758655565743132,0.8152528301155568,0.0,1.0,0.0,1.0,0.0,1.0
2,30,2.5943594149513505,1.0736742677927908,0.0,1.0,1.0,1.0,0.0,1.0
3,30,9.95058206994732,5.782115171800123,1.0,0.0,1.0,0.0,1.0,1.0
4,30,1.6041187034157869,7.81200197640169,1.0,1.0,0.0,1.0,0.0,0.0
5,30,10.054968326578946,10.44443331943968,1.0,0.0,0.0,1.0,1.0,0.0
6,30,2.603087168985547,10.60925501184747,0.0,1.0,0.0,1.0,1.0,0.0
7,30,7.3461005329595315,8.692865589563064,0.0,0.0,1.0,0.0,0.0,0.0
8,30,3.42293239450566,2.0891648888494614,0.0,1.0,1.0,1.0,1.0,1.0
9,30,0.0,2.1826744223394674,1.0,1.0,0.0,0.0,0.0,0.0
10,30,0.3445228652170209,1.9198276247399375,1.0,0.0,0.0,0.0,1.0,1.0
11,30,11.911172263881928,11.33207326207283,1.0,0.0,1.0,1.0,0.0,1.0
12,30,5.374144237476351,4.33488608733979,0.0,1.0,0.0,0.0,0.0,0.0
13,30,6.922349605372801,9.584764072150014,0.0,0.0,1.0,0.0,0.0,0.0
14,30,0.6561854149095167,12.0,0.0,1.0,0.0,1.0,1.0,0.0
15,30,0.2817580303710406,2.9482675998161287,1.0,0.0,0.0,1.0,1.0,0.0
16,30,5.17131789995546,11.08237930113665,1.0,0.0,0.0,1.0,0.0,1.0
17,30,7.074282946954328,7.220842621922384,1.0,1.0,0.0,0.0,0.0,0.0
18,30,3.68654607558484,9.903120592923129,0.0,0.0,1.0,0.0,1.0,1.0
19,30,3.3274164727829354,7.924576640299727,1.0,0.0,0.0,1.0,0.0,1.0
20,30,12.0,6.603901528707845,0.0,0.0,0.0,1.0,0.0,0.0
21,30,11.087940840656106,4.375467980375415,0.0,0.0,0.0,1.0,1.0,0.0
22,30,5.909470883917565,10.741749875007311,0.0,0.0,1.0,0.0,0.0,1.0
23,30,6.828819866598548,6.256265734743773,1.0,0.0,0.0,1.0,0.0,0.0
24,30,7.727125799485096,1.5956922648726914,0.0,0.0,1.0,1.0,0.0,0.0
25,30,11.083430079002218,5.317991194995045,0.0,0.0,1.0,0.0,0.0,1.0
26,30,5.877889280578233,11.41364802878187,0.0,0.0,1.0,0.0,0.0,0.0
27,30,8.193422619303389,5.059203566405476,1.0,0.0,0.0,0.0,1.0,1.0
28,30,2.421811087283395,9.974206210505312,1.0,1.0,1.0,0.0,0.0,0.0
29,30,8.589792924851475,5.916755590069643,0.0,1.0,0.0,0.0,1.0,0.0
30,30,10.052180336405986,9.666377580526309,1.0,1.0,1.0,0.0,0.0,1.0
31,30,11.710626667777316,12.0,1.0,1.0,0.0,1.0,0.0,1.0
32,30,11.678339392365327,6.984338282856353,0.0,0.0,0.0,0.0,0.0,0.0
33,30,0.0,5.112302649633556,1.0,0.0,0.0,0.0,0.0,0.0
34,30,11.019324446756356,10.855931082118172,1.0,1.0,0.0,0.0,0.0,0.0
35,30,8.881952689723434,3.918995814851376,0.0,0.0,1.0,1.0,0.0,0.0
36,30,1.3510846364830429,10.055573339266692,1.0,1.0,1.0,1.0,1.0,0.0
37,30,9.116864983899571,1.660639375592431,0.0,0.0,0.0,0.0,1.0,1.0
38,30,12.0,4.071471773526383,0.0,0.0,0.0,0.0,0.0,0.0
39,30,1.7846802744655308,1.857897904413618,0.0,1.0,0.0,0.0,0.0,1.0
0,35,3.205927942133395,2.258563585891512,0.0,0.0,1.0,0.0,1.0,1.0
1,35,10.751946867031018,0.8098817751213891,0.0,1.0,0.0,1.0,0.0,1.0
2,35,2.537940557379437,1.0841676530938642,0.0,1.0,1.0,1.0,0.0,1.0
3,35,9.944194861616728,5.753557505971081,1.0,0.0,1.0,0.0,1.0,1.0
4,35,1.546263767983759,7.78504825509052,1.0,1.0,0.0,1.0,0.0,0.0
5,35,10.066973656574778,10.534656089761762,1.0,0.0,0.0,1.0,1.0,0.0
6,35,2.5452207380808947,10.560204998668723,0.0,1.0,0.0,1.0,1.0,0.0
7,35,7.359685075367041,8.679361685003025,0.0,0.0,1.0,0.0,0.0,0.0
8,35,3.496395468788406,2.101550755441992,0.0,1.0,1.0,1.0,1.0,1.0
9,35,0.0,2.193004982203381,1.0,1.0,0.0,0.0,0.0,0.0
10,35,0.384392036649647,1.910207094635935,1.0,0.0,0.0,0.0,1.0,1.0
11,35,11.86591805445274,11.403805101610988,1.0,0.0,1.0,1.0,0.0,1.0
12,35,5.435438087880919,4.268208832032211,0.0,1.0,0.0,0.0,0.0,0.0
13,35,6.917941035415891,9.563523068210973,0.0,0.0,1.0,0.0,0.0,0.0
14,35,0.6385133542276292,12.0,0.0,1.0,0.0,1.0,1.0,0.0
15,35,0.2854062138576261,2.947550368419788,1.0,0.0,0.0,1.0,1.0,0.0
16,35,5.20163310409634,11.095015894931317,1.0,0.0,0.0,1.0,0.0,1.0
17,35,7.097037237979023,7.287190986665879,1.0,1.0,0.0,0.0,0.0,0.0
18,35,3.65424240717948,9.890456449368392,0.0,0.0,1.0,0.0,1.0,1.0
19,35,3.3768560334780493,7.913180804926876,1.0,0.0,0.0,1.0,0.0,1.0
20,35,12.0,6.524950283573644,0.0,0.0,0.0,1.0,0.0,0.0
21,35,11.100132719271349,4.423495362239557,0.0,0.0,0.0,1.0,1.0,0.0
22,35,5.894442988844153,10.702059417477596,0.0,0.0,1.0,0.0,0.0,1.0
23,35,6.789066220034609,6.310545080358915,1.0,0.0,0.0,1.0,0.0,0.0
24,35,7.681568966726186,1.5320948880769976,0.0,0.0,1.0,1.0,0.0,0.0
25,35,11.067837426902509,5.350110467913212,0.0,0.0,1.0,0.0,0.0,1.0
26,35,5.8438696335996525,11.518500941253706,0.0,0.0,1.0,0.0,0.0,0.0
27,35,8.202032550206065,5.062145833353063,1.0,0.0,0.0,0.0,1.0,1.0
28,35,2.4595088074404954,9.97254170950912,1.0,1.0,1.0,0.0,0.0,0.0
29,35,8.568872360775622,5.9118100555845,0.0,1.0,0.0,0.0,1.0,0.0
30,35,10.06511599014758,9.591281721697742,1.0,1.0,1.0,0.0,0.0,1.0
31,35,11.665604233435584,12.0,1.0,1.0,0.0,1.0,0.0,1.0
32,35,11.658257215207842,6.985580186286982,0.0,0.0,0.0,0.0,0.0,0.0
33,35,0.0,5.1199426329698525,1.0,0.0,0.0,0.0,0.0,0.0
34,35,10.814250175094475,10.828357764448349,1.0,1.0,0.0,0.0,0.0,0.0
35,35,8.85940368821757,3.934332565980389,0.0,0.0,1.0,1.0,0.0,0.0
36,35,1.4120575852990696,10.065675627063442,1.0,1.0,1.0,1.0,1.0,0.0
37,35,9.122044335352255,1.6448817728326734,0.0,0.0,0.0,0.0,1.0,1.0
38,35,12.0,4.080951504773803,0.0,0.0,0.0,0.0,0.0,0.0
39,35,1.7596325529291388,1.840347462121428,0.0,1.0,0.0,0.0,0.0,1.0
0,40,3.241208136555704,2.126634744543108,0.0,0.0,1.0,0.0,1.0,1.0
1,40,10.744809546006776,0.804045374908362,0.0,1.0,0.0,1.0,0.0,1.0
2,40,2.4709361298653647,1.097424419868014,0.0,1.0,1.0,1.0,0.0,1.0
3,40,9.938395175306466,5.726948558995731,1.0,0.0,1.0,0.0,1.0,1.0
4,40,1.5078543151621189,7.767292971695349,1.0,1.0,0.0,1.0,0.0,0.0
5,40,10.079452439711682,10.63498624064002,1.0,0.0,0.0,1.0,1.0,0.0
6,40,2.47148764263092,10.497622718969437,0.0,1.0,0.0,1.0,1.0,0.0
7,40,7.374464511637711,8.66389330125278,0.0,0.0,1.0,0.0,0.0,0.0
8,40,3.588631439489286,2.1211299898745937,0.0,1.0,1.0,1.0,1.0,1.0
9,40,0.0,2.205511802737862,1.0,1.0,0.0,0.0,0.0,0.0
10,40,0.4148018684014225,1.9019344771817708,1.0,0.0,0.0,0.0,1.0,1.0
11,40,11.809925727895637,11.48695090468984,1.0,0.0,1.0,1.0,0.0,1.0
12,40,5.4971958388209785,4.204616056756764,0.0,1.0,0.0,0.0,0.0,0.0
13,40,6.909527606101483,9.53065495506852,0.0,0.0,1.0,0.0,0.0,0.0
14,40,0.6309322158490936,11.96622930678702,0.0,1.0,0.0,1.0,1.0,0.0
15,40,0.3118880092066355,2.9429790229548414,1.0,0.0,0.0,1.0,1.0,0.0
16,40,5.225937580008024,11.105803242682368,1.0,0.0,0.0,1.0,0.0,1.0
17,40,7.124332501266832,7.367880597075706,1.0,1.0,0.0,0.0,0.0,0.0
18,40,3.647104869361292,9.887730425944149,0.0,0.0,1.0,0.0,1.0,1.0
19,40,3.4391489181264854,7.900213466788989,1.0,0.0,0.0,1.0,0.0,1.0
20,40,12.0,6.4450113304011305,0.0,0.0,0.0,1.0,0.0,0.0
21,40,11.114700196273102,4.486768463456472,0.0,0.0,0.0,1.0,1.0,0.0
22,40,5.880510853650039,10.66521416271102,0.0,0.0,1.0,0.0,0.0,1.0
23,40,6.75417766519207,6.357335736968766,1.0,0.0,0.0,1.0,0.0,0.0
24,40,7.649385404606172,1.4853795012768516,0.0,0.0,1.0,1.0,0.0,0.0
25,40,11.05511750012154,5.379008802210693,0.0,0.0,1.0,0.0,0.0,1.0
26,40,5.813190334117394,11.617440762210128,0.0,0.0,1.0,0.0,0.0,0.0
27,40,8.221019989655451,5.068565107757609,1.0,0.0,0.0,0.0,1.0,1.0
28,40,2.478940914164216,9.971539157593687,1.0,1.0,1.0,0.0,0.0,0.0
29,40,8.556818876517031,5.908575629526488,0.0,1.0,0.0,0.0,1.0,0.0
30,40,10.079838832495644,9.51252883433058,1.0,1.0,1.0,0.0,0.0,1.0
31,40,11.647025036268897,12.0,1.0,1.0,0.0,1.0,0.0,1.0
32,40,11.637741711798048,6.987386769099494,0.0,0.0,0.0,0.0,0.0,0.0
33,40,0.0,5.125781385943971,1.0,0.0,0.0,0.0,0.0,0.0
34,40,10.628177136933694,10.805684518116504,1.0,1.0,0.0,0.0,0.0,0.0
35,40,8.829269964323611,3.954344334193022,0.0,0.0,1.0,1.0,0.0,0.0
36,40,1.4814668184630972,10.076806755398382,1.0,1.0,1.0,1.0,1.0,0.0
37,40,9.126746206813277,1.63025899120188,0.0,0.0,0.0,0.0,1.0,1.0
38,40,12.0,4.091779169307673,0.0,0.0,0.0,0.0,0.0,0.0
39,40,1.7334295774481563,1.8216041263894456,0.0,1.0,0.0,0.0,0.0,1.0
0,45,3.2747408064429084,1.9945860252979868,0.0,0.0,1.0,0.0,1.0,1.0
1,45,10.740493718462632,0.8006886482578534,0.0,1.0,0.0,1.0,0.0,1.0
2,45,2.415874270317292,1.1064559035869024,0.0,1.0,1.0,1.0,0.0,1.0
3,45,9.93329385245632,5.701352699789879,1.0,0.0,1.0,0.0,1.0,1.0
4,45,1.4652571158994052,7.747737708962327,1.0,1.0,0.0,1.0,0.0,0.0
5,45,10.090852040843057,10.742940017201509,1.0,0.0,0.0,1.0,1.0,0.0
6,45,2.39595529864738,10.431087581711228,0.0,1.0,0.0,1.0,1.0,0.0
7,45,7.385001691314354,8.653590607236707,0.0,0.0,1.0,0.0,0.0,0.0
8,45,3.664939111385356,2.1378020652183785,0.0,1.0,1.0,1.0,1.0,1.0
9,45,0.0013546855359793,2.204689090188729,1.0,1.0,0.0,0.0,0.0,0.0
10,45,0.4291121869178914,1.89827461167944,1.0,0.0,0.0,0.0,1.0,1.0
11,45,11.75615659135824,11.56608433961168,1.0,0.0,1.0,1.0,0.0,1.0
12,45,5.551543198270671,4.146003245242519,0.0,1.0,0.0,0.0,0.0,0.0
13,45,6.90039916845459,9.493854651459111,0.0,0.0,1.0,0.0,0.0,0.0
14,45,0.6234502280412887,11.930857356374258,0.0,1.0,0.0,1.0,1.0,0.0
15,45,0.3501240725682337,2.9371367547889826,1.0,0.0,0.0,1.0,1.0,0.0
16,45,5.264773086477209,11.12344997332448,1.0,0.0,0.0,1.0,0.0,1.0
17,45,7.1494627837095726,7.453783219313696,1.0,1.0,0.0,0.0,0.0,0.0
18,45,3.652795267938695,9.872865414998897,0.0,0.0,1.0,0.0,1.0,1.0
19,45,3.520538814861287,7.881655941792875,1.0,0.0,0.0,1.0,0.0,1.0
20,45,12.0,6.34601424044029,0.0,0.0,0.0,1.0,0.0,0.0
21,45,11.125029466230554,4.533774307206939,0.0,0.0,0.0,1.0,1.0,0.0
22,45,5.860950008522366,10.61729475474503,0.0,0.0,1.0,0.0,0.0,1.0
23,45,6.714844029028412,6.409589035734594,1.0,0.0,0.0,1.0,0.0,0.0
24,45,7.598713132535945,1.4136908976741556,0.0,0.0,1.0,1.0,0.0,0.0
25,45,11.040634654937309,5.410137355175555,0.0,0.0,1.0,0.0,0.0,1.0
26,45,5.7768292626366975,11.734341070516816,0.0,0.0,1.0,0.0,0.0,0.0
27,45,8.260142009257748,5.081988250176512,1.0,0.0,0.0,0.0,1.0,1.0
28,45,2.489407770680128,9.971194271237692,1.0,1.0,1.0,0.0,0.0,0.0
29,45,8.527985580518845,5.899949550764054,0.0,1.0,0.0,0.0,1.0,0.0
30,45,10.093914761965102,9.432238733003958,1.0,1.0,1.0,0.0,0.0,1.0
31,45,11.638875848160456,12.0,1.0,1.0,0.0,1.0,0.0,1.0
32,45,11.600821427880772,6.990459035977252,0.0,0.0,0.0,0.0,0.0,0.0
33,45,0.0,5.1344369665779865,1.0,0.0,0.0,0.0,0.0,0.0
34,45,10.653234417134454,10.607555610028646,1.0,1.0,0.0,0.0,0.0,0.0
35,45,8.8012672630735,3.972721713532846,0.0,0.0,1.0,1.0,0.0,0.0
36,45,1.5508872531457067,10.089728988213247,1.0,1.0,1.0,1.0,1.0,0.0
37,45,9.134890482701843,1.6043502893605524,0.0,0.0,0.0,0.0,1.0,1.0
38,45,12.0,4.102921420294224,0.0,0.0,0.0,0.0,0.0,0.0
39,45,1.7259339052723193,1.816267525740094,0.0,1.0,0.0,0.0,0.0,1.0
0,50,3.305440777053827,1.8569226569883936,0.0,0.0,1.0,0.0,1.0,1.0
1,50,10.722861983771375,0.7866020563241,0.0,1.0,0.0,1.0,0.0,1.0
2,50,2.3585495750875958,1.113398367630557,0.0,1.0,1.0,1.0,0.0,1.0
3,50,9.9240016771645,5.657421271751127,1.0,0.0,1.0,0.0,1.0,1.0
4,50,1.4302672991630412,7.730895797757224,1.0,1.0,0.0,1.0,0.0,0.0
5,50,10.100776960879022,10.8398013198825,1.0,0.0,0.0,1.0,1.0,0.0
6,50,2.3107263364720847,10.35779396267524,0.0,1.0,0.0,1.0,1.0,0.0
7,50,7.41106830454108,8.627908386168093,0.0,0.0,1.0,0.0,0.0,0.0
8,50,3.7346568468609824,2.153080295039826,0.0,1.0,1.0,1.0,1.0,1.0
9,50,0.007372236687539,2.2011211788849088,1.0,1.0,0.0,0.0,0.0,0.0
10,50,0.431481087990931,1.8977233557916784,1.0,0.0,0.0,0.0,1.0,1.0
11,50,11.694530276403732,11.6581133174805,1.0,0.0,1.0,1.0,0.0,1.0
12,50,5.610758394916142,4.081765688086782,0.0,1.0,0.0,0.0,0.0,0.0
13,50,6.894777510327756,9.47061303115754,0.0,0.0,1.0,0.0,0.0,0.0
14,50,0.612600739304322,11.883112019046957,0.0,1.0,0.0,1.0,1.0,0.0
15,50,0.3871347674791153,2.93225582240296,1.0,0.0,0.0,1.0,1.0,0.0
16,50,5.30865190464742,11.142575540702811,1.0,0.0,0.0,1.0,0.0,1.0
17,50,7.173017063541301,7.531752615049866,1.0,1.0,0.0,0.0,0.0,0.0
18,50,3.661676389088546,9.84942881685046,0.0,0.0,1.0,0.0,1.0,1.0
19,50,3.5955144986990883,7.86430161945724,1.0,0.0,0.0,1.0,0.0,1.0
20,50,12.0,6.251670058058678,0.0,0.0,0.0,1.0,0.0,0.0
21,50,11.1298846532297,4.5569025816506885,0.0,0.0,0.0,1.0,1.0,0.0
22,50,5.849776960272083,10.591521222293498,0.0,0.0,1.0,0.0,0.0,1.0
23,50,6.679585050182468,6.458380121129339,1.0,0.0,0.0,1.0,0.0,0.0
24,50,7.545219709964074,1.342581953905646,0.0,0.0,1.0,1.0,0.0,0.0
25,50,11.024625068559017,5.447222984561642,0.0,0.0,1.0,0.0,0.0,1.0
26,50,5.74404989248934,11.83740222472964,0.0,0.0,1.0,0.0,0.0,0.0
27,50,8.30494345949978,5.097126064409963,1.0,0.0,0.0,0.0,1.0,1.0
28,50,2.505283833269062,9.970581385613244,1.0,1.0,1.0,0.0,0.0,0.0
29,50,8.499102703724727,5.8915402016845055,0.0,1.0,0.0,0.0,1.0,0.0
30,50,10.111522457123218,9.330847735026316,1.0,1.0,1.0,0.0,0.0,1.0
31,50,11.620297923993917,12.0,1.0,1.0,0.0,1.0,0.0,1.0
32,50,11.548523880027624,6.993475635644168,0.0,0.0,0.0,0.0,0.0,0.0
33,50,0.0,5.146856297107656,1.0,0.0,0.0,0.0,0.0,0.0
34,50,10.6861533466345,10.397277653788231,1.0,1.0,0.0,0.0,0.0,0.0
35,50,8.761191426601432,3.997428673149657,0.0,0.0,1.0,1.0,0.0,0.0
36,50,1.611498146797615,10.100304466497724,1.0,1.0,1.0,1.0,1.0,0.0
37,50,9.14384098104027,1.578382333196657,0.0,0.0,0.0,0.0,1.0,1.0
38,50,12.0,4.1143731080761965,0.0,0.0,0.0,0.0,0.0,0.0
39,50,1.7291779777120095,1.8186015529267665,0.0,1.0,0.0,0.0,0.0,1.0
0,55,3.3396425136825623,1.7028830132601518,0.0,0.0,1.0,0.0,1.0,1.0
1,55,10.699671821495542,0.768280723683123,0.0,1.0,0.0,1.0,0.0,1.0
2,55,2.286487362854472,1.1216830904980049,0.0,1.0,1.0,1.0,0.0,1.0
3,55,9.910876363926192,5.595935620145213,1.0,0.0,1.0,0.0,1.0,1.0
4,55,1.3756454251840973,7.705088449527293,1.0,1.0,0.0,1.0,0.0,0.0
5,55,10.111116487151062,10.930816300757286,1.0,0.0,0.0,1.0,1.0,0.0
6,55,2.230764559877748,10.2910629397034,0.0,1.0,0.0,1.0,1.0,0.0
7,55,7.437780481815319,8.599746954624944,0.0,0.0,1.0,0.0,0.0,0.0
8,55,3.805875103607832,2.1694212111179616,0.0,1.0,1.0,1.0,1.0,1.0
9,55,0.0126011695954995,2.1980608998424294,1.0,1.0,0.0,0.0,0.0,0.0
10,55,0.4484236080668647,1.893928902649555,1.0,0.0,0.0,0.0,1.0,1.0
11,55,11.63019203296358,11.750751857458155,1.0,0.0,1.0,1.0,0.0,1.0
12,55,5.684974160082975,4.00482040583369,0.0,1.0,0.0,0.0,0.0,0.0
13,55,6.887496789824579,9.433433904519184,0.0,0.0,1.0,0.0,0.0,0.0
14,55,0.5924193226961632,11.80297865875674,0.0,1.0,0.0,1.0,1.0,0.0
15,55,0.3959976553157349,2.93124300433104,1.0,0.0,0.0,1.0,1.0,0.0
16,55,5.353082676951199,11.161682471122806,1.0,0.0,0.0,1.0,0.0,1.0
17,55,7.196857060601161,7.604559419137882,1.0,1.0,0.0,0.0,0.0,0.0
18,55,3.670839605019512,9.824133466259749,0.0,0.0,1.0,0.0,1.0,1.0
19,55,3.6583508490900543,7.851518015717811,1.0,0.0,0.0,1.0,0.0,1.0
20,55,12.0,6.157451248404366,0.0,0.0,0.0,1.0,0.0,0.0
21,55,11.13603990281146,4.588811257290157,0.0,0.0,0.0,1.0,1.0,0.0
22,55,5.835869848590373,10.558623169076265,0.0,0.0,1.0,0.0,0.0,1.0
23,55,6.646351903172932,6.504985545702512,1.0,0.0,0.0,1.0,0.0,0.0
24,55,7.49519901308395,1.2744126690117348,0.0,0.0,1.0,1.0,0.0,0.0
25,55,11.010175738089014,5.483942568805131,0.0,0.0,1.0,0.0,0.0,1.0
26,55,5.71354009508405,11.936819278699588,0.0,0.0,1.0,0.0,0.0,0.0
27,55,8.344116593627007,5.109425792142078,1.0,0.0,0.0,0.0,1.0,1.0
28,55,2.5060434313882056,9.97055460542568,1.0,1.0,1.0,0.0,0.0,0.0
29,55,8.475320046602278,5.88451759216814,0.0,1.0,0.0,0.0,1.0,0.0
30,55,10.127206276557423,9.221934398737918,1.0,1.0,1.0,0.0,0.0,1.0
31,55,11.62124394137201,11.999665499938091,1.0,1.0,0.0,1.0,0.0,1.0
32,55,11.507461367161891,6.996723678573968,0.0,0.0,0.0,0.0,0.0,0.0
33,55,0.0,5.158299121850358,1.0,0.0,0.0,0.0,0.0,0.0
34,55,10.72354051444494,10.166087191298136,1.0,1.0,0.0,0.0,0.0,0.0
35,55,8.724412596609682,4.019175791131158,0.0,0.0,1.0,1.0,0.0,0.0
36,55,1.6697274961489434,10.109644761957634,1.0,1.0,1.0,1.0,1.0,0.0
37,55,9.157523505150705,1.5344868994379277,0.0,0.0,0.0,0.0,1.0,1.0
38,55,12.0,4.1203436655176,0.0,0.0,0.0,0.0,0.0,0.0
39,55,1.7184076198101477,1.810900738629203,0.0,1.0,0.0,0.0,0.0,1.0
0,60,3.379817243089556,1.5433057089783242,0.0,0.0,1.0,0.0,1.0,1.0
1,60,10.698150308983667,0.7671081084365143,0.0,1.0,0.0,1.0,0.0,1.0
2,60,2.229285610050396,1.1292844450378634,0.0,1.0,1.0,1.0,0.0,1.0
3,60,9.893085960927648,5.516365673255309,1.0,0.0,1.0,0.0,1.0,1.0
4,60,1.3037762712653385,7.670795798983903,1.0,1.0,0.0,1.0,0.0,0.0
5,60,10.120015876042364,11.032826587213666,1.0,0.0,0.0,1.0,1.0,0.0
6,60,2.1596208604233764,10.233895630546678,0.0,1.0,0.0,1.0,1.0,0.0
7,60,7.452602203866815,8.584280619160193,0.0,0.0,1.0,0.0,0.0,0.0
8,60,3.864898356943861,2.184047014424937,0.0,1.0,1.0,1.0,1.0,1.0
9,60,0.0190426884275208,2.194370824637082,1.0,1.0,0.0,0.0,0.0,0.0
10,60,0.4674101994653392,1.889616039637917,1.0,0.0,0.0,0.0,1.0,1.0
11,60,11.553083434887126,11.863873331546747,1.0,0.0,1.0,1.0,0.0,1.0
12,60,5.775183717830479,3.91365099555803,0.0,1.0,0.0,0.0,0.0,0.0
13,60,6.878308076241315,9.384606354248634,0.0,0.0,1.0,0.0,0.0,0.0
14,60,0.5711109954068323,11.722916629933472,0.0,1.0,0.0,1.0,1.0,0.0
15,60,0.4230585345956108,2.928051438999137,1.0,0.0,0.0,1.0,1.0,0.0
16,60,5.413145419613249,11.187591001923844,1.0,0.0,0.0,1.0,0.0,1.0
17,60,7.226795275824541,7.703095247473989,1.0,1.0,0.0,0.0,0.0,0.0
18,60,3.672699313465533,9.819210876026482,0.0,0.0,1.0,0.0,1.0,1.0
19,60,3.7425462859541945,7.834274552435342,1.0,0.0,0.0,1.0,0.0,1.0
20,60,12.0,6.070148714237956,0.0,0.0,0.0,1.0,0.0,0.0
21,60,11.145896382953284,4.634529853751678,0.0,0.0,0.0,1.0,1.0,0.0
22,60,5.813311339700729,10.505643348191413,0.0,0.0,1.0,0.0,0.0,1.0
23,60,6.615723377435796,6.5485659429766745,1.0,0.0,0.0,1.0,0.0,0.0
24,60,7.438168725456562,1.1958611980099607,0.0,0.0,1.0,1.0,0.0,0.0
25,60,10.992972199102107,5.527660462750994,0.0,0.0,1.0,0.0,0.0,1.0
26,60,5.819619149258061,11.96775014775814,0.0,0.0,1.0,0.0,0.0,0.0
27,60,8.39862163196798,5.127580356404272,1.0,0.0,0.0,0.0,1.0,1.0
28,60,2.4969233378869853,9.970753710435591,1.0,1.0,1.0,0.0,0.0,0.0
29,60,8.440102376515638,5.873583334075093,0.0,1.0,0.0,0.0,1.0,0.0
30,60,10.140398034931264,9.096132448569168,1.0,1.0,1.0,0.0,0.0,1.0
31,60,11.61306636001846,12.0,1.0,1.0,0.0,1.0,0.0,1.0
32,60,11.476042017132054,6.999390825917279,0.0,0.0,0.0,0.0,0.0,0.0
33,60,0.0,5.177697969234074,1.0,0.0,0.0,0.0,0.0,0.0
34,60,10.763211989244269,9.933288448744612,1.0,1.0,0.0,0.0,0.0,0.0
35,60,8.702062065274186,4.032600138212562,0.0,0.0,1.0,1.0,0.0,0.0
36,60,1.7007102137852672,10.1144042799005,1.0,1.0,1.0,1.0,1.0,0.0
37,60,9.161358516889864,1.521867637441886,0.0,0.0,0.0,0.0,1.0,1.0
38,60,12.0,4.125099528683565,0.0,0.0,0.0,0.0,0.0,0.0
39,60,1.7178783368723334,1.810544675931097,0.0,1.0,0.0,0.0,0.0,1.0
0,65,3.4182331251512776,1.3818099575844078,0.0,0.0,1.0,0.0,1.0,1.0
1,65,10.711965739824594,0.7776894608945243,0.0,1.0,0.0,1.0,0.0,1.0
2,65,2.1659672130074843,1.1392471625393916,0.0,1.0,1.0,1.0,0.0,1.0
3,65,9.878123433362456,5.445785495494356,1.0,0.0,1.0,0.0,1.0,1.0
4,65,1.2547746567053306,7.648374587929741,1.0,1.0,0.0,1.0,0.0,0.0
5,65,10.12894367083478,11.136208362377232,1.0,0.0,0.0,1.0,1.0,0.0
6,65,2.0857528605218936,10.17486231967785,0.0,1.0,0.0,1.0,1.0,0.0
7,65,7.461622872172125,8.574860183294652,0.0,0.0,1.0,0.0,0.0,0.0
8,65,3.911620293653275,2.1946792769349237,0.0,1.0,1.0,1.0,1.0,1.0
9,65,0.034857041306877,2.1853237795235128,1.0,1.0,0.0,0.0,0.0,0.0
10,65,0.4899998101960796,1.8841069409453608,1.0,0.0,0.0,0.0,1.0,1.0
11,65,11.47954652328837,11.965863675542437,1.0,0.0,1.0,1.0,0.0,1.0
12,65,5.685994916496904,3.8288330170651896,0.0,1.0,0.0,0.0,0.0,0.0
13,65,6.955131413565309,9.370254980642292,0.0,0.0,1.0,0.0,0.0,0.0
14,65,0.549693732853315,11.642050218639016,0.0,1.0,0.0,1.0,1.0,0.0
15,65,0.4652721189664447,2.922064857971117,1.0,0.0,0.0,1.0,1.0,0.0
16,65,5.471539411725525,11.21288778109908,1.0,0.0,0.0,1.0,0.0,1.0
17,65,7.254750973684753,7.79993457923229,1.0,1.0,0.0,0.0,0.0,0.0
18,65,3.6783340835244647,9.803862885131077,0.0,0.0,1.0,0.0,1.0,1.0
19,65,3.833307719662507,7.809728941675424,1.0,0.0,0.0,1.0,0.0,1.0
20,65,12.0,5.963208893199471,0.0,0.0,0.0,1.0,0.0,0.0
21,65,11.154154693493547,4.674085872740938,0.0,0.0,0.0,1.0,1.0,0.0
22,65,5.786456063804579,10.438867331667774,0.0,0.0,1.0,0.0,0.0,1.0
23,65,6.578042561284395,6.604767648017544,1.0,0.0,0.0,1.0,0.0,0.0
24,65,7.380481502531882,1.1204851892431558,0.0,0.0,1.0,1.0,0.0,0.0
25,65,10.975217182091871,5.572857639578743,0.0,0.0,1.0,0.0,0.0,1.0
26,65,5.848657643689908,11.865708984612947,0.0,0.0,1.0,0.0,0.0,0.0
27,65,8.43267351851517,5.138203344342977,1.0,0.0,0.0,0.0,1.0,1.0
28,65,2.51024487576614,9.970832356891416,1.0,1.0,1.0,0.0,0.0,0.0
29,65,8.38873003258593,5.85927639285375,0.0,1.0,0.0,0.0,1.0,0.0
30,65,10.15372742972099,8.986125774446787,1.0,1.0,1.0,0.0,0.0,1.0
31,65,11.598304333088215,12.0,1.0,1.0,0.0,1.0,0.0,1.0
32,65,11.433142399347249,7.002256683859221,0.0,0.0,0.0,0.0,0.0,0.0
33,65,0.0,5.193688576334392,1.0,0.0,0.0,0.0,0.0,0.0
34,65,10.800210918391954,9.69518465113426,1.0,1.0,0.0,0.0,0.0,0.0
35,65,8.676191574552666,4.048371505029767,0.0,0.0,1.0,1.0,0.0,0.0
36,65,1.741292335949607,10.11970239013778,1.0,1.0,1.0,1.0,1.0,0.0
37,65,9.160264401118662,1.5254209990431862,0.0,0.0,0.0,0.0,1.0,1.0
38,65,12.0,4.130279154298019,0.0,0.0,0.0,0.0,0.0,0.0
39,65,1.7096982728012362,1.8052586717015575,0.0,1.0,0.0,0.0,0.0,1.0
0,70,3.462289159601057,1.1992089782641489,0.0,0.0,1.0,0.0,1.0,1.0
1,70,10.726717191340605,0.7889131631563924,0.0,1.0,0.0,1.0,0.0,1.0
2,70,2.099002979956535,1.149408345240114,0.0,1.0,1.0,1.0,0.0,1.0
3,70,9.866209220478268,5.383339269121883,1.0,0.0,1.0,0.0,1.0,1.0
4,70,1.1974501222313074,7.623323071186044,1.0,1.0,0.0,1.0,0.0,0.0
5,70,10.136792021477287,11.237433203188028,1.0,0.0,0.0,1.0,1.0,0.0
6,70,2.016450955664277,10.122557875839474,0.0,1.0,0.0,1.0,1.0,0.0
7,70,7.469050203207973,8.567304455653659,0.0,0.0,1.0,0.0,0.0,0.0
8,70,3.9654876283776233,2.206348670763009,0.0,1.0,1.0,1.0,1.0,1.0
9,70,0.0408239386974108,2.18171004790889,1.0,1.0,0.0,0.0,0.0,0.0
10,70,0.4780047811613004,1.8871073251799728,1.0,0.0,0.0,0.0,1.0,1.0
11,70,11.406258209805914,12.0,1.0,0.0,1.0,1.0,0.0,1.0
12,70,5.603728408581592,3.746062262528409,0.0,1.0,0.0,0.0,0.0,0.0
13,70,6.941563135220907,9.294091972490392,0.0,0.0,1.0,0.0,0.0,0.0
14,70,0.5277292989451151,11.55551559778827,0.0,1.0,0.0,1.0,1.0,0.0
15,70,0.5058256890008778,2.9158718318656094,1.0,0.0,0.0,1.0,1.0,0.0
16,70,5.541045022078622,11.24108746970184,1.0,0.0,0.0,1.0,0.0,1.0
17,70,7.285152257917143,7.908861681687034,1.0,1.0,0.0,0.0,0.0,0.0
18,70,3.689176663253984,9.77543950099176,0.0,0.0,1.0,0.0,1.0,1.0
19,70,3.912843708978349,7.790278915350954,1.0,0.0,0.0,1.0,0.0,1.0
20,70,12.0,5.85557929557018,0.0,0.0,0.0,1.0,0.0,0.0
21,70,11.164263325779377,4.7192137056977375,0.0,0.0,0.0,1.0,1.0,0.0
22,70,5.753895734077839,10.361253271800903,0.0,0.0,1.0,0.0,0.0,1.0
23,70,6.5325786136760815,6.670859716686592,1.0,0.0,0.0,1.0,0.0,0.0
24,70,7.312033450821419,1.0326708219489305,0.0,0.0,1.0,1.0,0.0,0.0
25,70,10.973384678040077,5.577424327493722,0.0,0.0,1.0,0.0,0.0,1.0
26,70,5.8745330263358655,11.763446854137031,0.0,0.0,1.0,0.0,0.0,0.0
27,70,8.492250521325829,5.157470389305381,1.0,0.0,0.0,0.0,1.0,1.0
28,70,2.5306538386951742,9.970733987960124,1.0,1.0,1.0,0.0,0.0,0.0
29,70,8.363151015109157,5.852607782476474,0.0,1.0,0.0,0.0,1.0,0.0
30,70,10.167566381102196,8.878852892573791,1.0,1.0,1.0,0.0,0.0,1.0
31,70,11.569639451134318,12.0,1.0,1.0,0.0,1.0,0.0,1.0
32,70,11.39876881674037,7.005095807811196,0.0,0.0,0.0,0.0,0.0,0.0
33,70,0.0,5.213951342360856,1.0,0.0,0.0,0.0,0.0,0.0
34,70,10.850641572550394,9.437703906356688,1.0,1.0,0.0,0.0,0.0,0.0
35,70,8.650312139768438,4.064032268015833,0.0,0.0,1.0,1.0,0.0,0.0
36,70,1.803371569589372,10.127486568951548,1.0,1.0,1.0,1.0,1.0,0.0
37,70,9.164069794173702,1.5121075853256678,0.0,0.0,0.0,0.0,1.0,1.0
38,70,12.0,4.136620966215066,0.0,0.0,0.0,0.0,0.0,0.0
39,70,1.7126106192621553,1.8071217981448444,0.0,1.0,0.0,0.0,0.0,1.0
0,75,3.510487127089509,0.9967303662752244,0.0,0.0,1.0,0.0,1.0,1.0
1,75,10.75390250442864,0.8111565576023434,0.0,1.0,0.0,1.0,0.0,1.0
2,75,2.0067278260410912,1.1629315094332118,0.0,1.0,1.0,1.0,0.0,1.0
3,75,9.85409941769659,5.316081801288606,1.0,0.0,1.0,0.0,1.0,1.0
4,75,1.1581981635355474,7.6054927619707,1.0,1.0,0.0,1.0,0.0,0.0
5,75,10.14557845790932,11.33562771503474,1.0,0.0,0.0,1.0,1.0,0.0
6,75,1.9457326965428483,10.06894309758148,0.0,1.0,0.0,1.0,1.0,0.0
7,75,7.475944066415479,8.560055705973188,0.0,0.0,1.0,0.0,0.0,0.0
8,75,4.034782164005233,2.2224874390947225,0.0,1.0,1.0,1.0,1.0,1.0
9,75,0.0643034226350487,2.167368240573485,1.0,1.0,0.0,0.0,0.0,0.0
10,75,0.4616685145838232,1.8915182303123244,1.0,0.0,0.0,0.0,1.0,1.0
11,75,11.327775753891489,12.0,1.0,0.0,1.0,1.0,0.0,1.0
12,75,5.53023523400892,3.665731536859048,0.0,1.0,0.0,0.0,0.0,0.0
13,75,6.928638918300168,9.22995342198918,0.0,0.0,1.0,0.0,0.0,0.0
14,75,0.5017404206881804,11.45019753207255,0.0,1.0,0.0,1.0,1.0,0.0
15,75,0.5563946885416137,2.906713659996601,1.0,0.0,0.0,1.0,1.0,0.0
16,75,5.604881466422335,11.26813878865792,1.0,0.0,0.0,1.0,0.0,1.0
17,75,7.317987072412085,8.018332934508278,1.0,1.0,0.0,0.0,0.0,0.0
18,75,3.6994357391873263,9.749124514397987,0.0,0.0,1.0,0.0,1.0,1.0
19,75,3.9989435212050464,7.769865320690539,1.0,0.0,0.0,1.0,0.0,1.0
20,75,12.0,5.747423982762832,0.0,0.0,0.0,1.0,0.0,0.0
21,75,11.17669930835144,4.776868230807574,0.0,0.0,0.0,1.0,1.0,0.0
22,75,5.729742708983353,10.302846794257226,0.0,0.0,1.0,0.0,0.0,1.0
23,75,6.485855892068795,6.742100613155554,1.0,0.0,0.0,1.0,0.0,0.0
24,75,7.252429477545558,0.9547384104342184,0.0,0.0,1.0,1.0,0.0,0.0
25,75,10.968986054092465,5.588755792067067,0.0,0.0,1.0,0.0,0.0,1.0
26,75,5.896363717019769,11.675747580055242,0.0,0.0,1.0,0.0,0.0,0.0
27,75,8.557752346150991,5.178302743254938,1.0,0.0,0.0,0.0,1.0,1.0
28,75,2.561186344078843,9.970456095564362,1.0,1.0,1.0,0.0,0.0,0.0
29,75,8.353616632719834,5.850266886439818,0.0,1.0,0.0,0.0,1.0,0.0
30,75,10.18219407100194,8.777733083240712,1.0,1.0,1.0,0.0,0.0,1.0
31,75,11.554255001980406,12.0,1.0,1.0,0.0,1.0,0.0,1.0
32,75,11.36853352490146,7.008179698222627,0.0,0.0,0.0,0.0,0.0,0.0
33,75,0.0,5.232592727852103,1.0,0.0,0.0,0.0,0.0,0.0
34,75,10.902663575077693,9.182487421266906,1.0,1.0,0.0,0.0,0.0,0.0
35,75,8.63137218630704,4.075776462227907,0.0,0.0,1.0,1.0,0.0,0.0
36,75,1.8922668475993447,10.137649461636522,1.0,1.0,1.0,1.0,1.0,0.0
37,75,9.16607999444664,1.505436395022974,0.0,0.0,0.0,0.0,1.0,1.0
38,75,12.0,4.141175323273906,0.0,0.0,0.0,0.0,0.0,0.0
39,75,1.7163221506245447,1.809325355419666,0.0,1.0,0.0,0.0,0.0,1.0
0,80,3.554313325797546,0.7838807762071327,0.0,0.0,1.0,0.0,1.0,1.0
1,80,10.77558924898056,0.8288658788779659,0.0,1.0,0.0,1.0,0.0,1.0
2,80,1.9254097073185024,1.172682130625398,0.0,1.0,1.0,1.0,0.0,1.0
3,80,9.843216483899395,5.25817829759444,1.0,0.0,1.0,0.0,1.0,1.0
4,80,1.1037197320080292,7.579412965550587,1.0,1.0,0.0,1.0,0.0,0.0
5,80,10.15163961738986,11.409706139115118,1.0,0.0,0.0,1.0,1.0,0.0
6,80,1.859817937121249,10.002635474192592,0.0,1.0,0.0,1.0,1.0,0.0
7,80,7.499776593723846,8.535112034406056,0.0,0.0,1.0,0.0,0.0,0.0
8,80,4.092335252286157,2.2360771333118508,0.0,1.0,1.0,1.0,1.0,1.0
9,80,0.1016710922398884,2.1427118687821065,1.0,1.0,0.0,0.0,0.0,0.0
10,80,0.4414300933171824,1.8968078210745345,1.0,0.0,0.0,0.0,1.0,1.0
11,80,11.248539762277902,12.0,1.0,0.0,1.0,1.0,0.0,1.0
12,80,5.453517096217513,3.586589982302039,0.0,1.0,0.0,0.0,0.0,0.0
13,80,6.916407210071182,9.166884431916683,0.0,0.0,1.0,0.0,0.0,0.0
14,80,0.472642943586646,11.333316634230052,0.0,1.0,0.0,1.0,1.0,0.0
15,80,0.6063362439544026,2.897329781675646,1.0,0.0,0.0,1.0,1.0,0.0
16,80,5.669373263640524,11.296293785902494,1.0,0.0,0.0,1.0,0.0,1.0
17,80,7.351584960563873,8.12531955477119,1.0,1.0,0.0,0.0,0.0,0.0
18,80,3.715089961681099,9.711390423538536,0.0,0.0,1.0,0.0,1.0,1.0
19,80,4.095889730639976,7.74273327266544,1.0,0.0,0.0,1.0,0.0,1.0
20,80,12.0,5.640361447710036,0.0,0.0,0.0,1.0,0.0,0.0
21,80,11.188463616954444,4.83421296545354,0.0,0.0,0.0,1.0,1.0,0.0
22,80,5.706075843572375,10.246276244086731,0.0,0.0,1.0,0.0,0.0,1.0
23,80,6.445290997331877,6.80443344478999,1.0,0.0,0.0,1.0,0.0,0.0
24,80,7.199349148260653,0.8836536778350055,0.0,0.0,1.0,1.0,0.0,0.0
25,80,10.966748616923008,5.59487129110809,0.0,0.0,1.0,0.0,0.0,1.0
26,80,5.912178754845547,11.611104900196995,0.0,0.0,1.0,0.0,0.0,0.0
27,80,8.633849456747514,5.203498598784579,1.0,0.0,0.0,0.0,1.0,1.0
28,80,2.581018121597811,9.97033449040294,1.0,1.0,1.0,0.0,0.0,0.0
29,80,8.358959831565734,5.851598130879233,0.0,1.0,0.0,0.0,1.0,0.0
30,80,10.198942502255775,8.659940724360938,1.0,1.0,1.0,0.0,0.0,1.0
31,80,11.526279916186764,12.0,1.0,1.0,0.0,1.0,0.0,1.0
32,80,11.36053669291847,7.00901926462796,0.0,0.0,0.0,0.0,0.0,0.0
33,80,0.0,5.253886789518322,1.0,0.0,0.0,0.0,0.0,0.0
34,80,10.953919932409075,8.924790673553403,1.0,1.0,0.0,0.0,0.0,0.0
35,80,8.608273901897075,4.089464381819926,0.0,0.0,1.0,1.0,0.0,0.0
36,80,1.9787345440522852,10.148930370543397,1.0,1.0,1.0,1.0,1.0,0.0
37,80,9.167366691917072,1.5012270472780551,0.0,0.0,0.0,0.0,1.0,1.0
38,80,12.0,4.146361203297503,0.0,0.0,0.0,0.0,0.0,0.0
39,80,1.7230151020797522,1.8133010094734925,0.0,1.0,0.0,0.0,0.0,1.0
0,85,3.5946488153255065,0.5808040192931415,0.0,0.0,1.0,0.0,1.0,1.0
1,85,10.805765840361891,0.8536152586275436,0.0,1.0,0.0,1.0,0.0,1.0
2,85,1.8170813983559968,1.1848907546983654,0.0,1.0,1.0,1.0,0.0,1.0
3,85,9.827467551151924,5.187984415904561,1.0,0.0,1.0,0.0,1.0,1.0
4,85,1.0529030818220615,7.555316911534258,1.0,1.0,0.0,1.0,0.0,0.0
5,85,10.161828624871305,11.505436920270824,1.0,0.0,0.0,1.0,1.0,0.0
6,85,1.7665933593526728,9.930746639842228,0.0,1.0,0.0,1.0,1.0,0.0
7,85,7.505727029300349,8.52873857100835,0.0,0.0,1.0,0.0,0.0,0.0
8,85,4.160292963084357,2.252280863759342,0.0,1.0,1.0,1.0,1.0,1.0
9,85,0.1309089756386146,2.12438199201745,1.0,1.0,0.0,0.0,0.0,0.0
10,85,0.4184153117557686,1.9029787262537543,1.0,0.0,0.0,0.0,1.0,1.0
11,85,11.18055164558746,12.0,1.0,0.0,1.0,1.0,0.0,1.0
12,85,5.380376946026283,3.507152658695722,0.0,1.0,0.0,0.0,0.0,0.0
13,85,6.904326465740222,9.102766376042169,0.0,0.0,1.0,0.0,0.0,0.0
14,85,0.4458470401383664,11.225280350328289,0.0,1.0,0.0,1.0,1.0,0.0
15,85,0.6593573195019539,2.8875011574800307,1.0,0.0,0.0,1.0,1.0,0.0
16,85,5.73823408536939,11.324341900333549,1.0,0.0,0.0,1.0,0.0,1.0
17,85,7.446900211166999,8.094204497019264,1.0,1.0,0.0,0.0,0.0,0.0
18,85,3.736826872343886,9.654693365488184,0.0,0.0,1.0,0.0,1.0,1.0
19,85,4.198263082925339,7.716431891891976,1.0,0.0,0.0,1.0,0.0,1.0
20,85,12.0,5.506426127066374,0.0,0.0,0.0,1.0,0.0,0.0
21,85,11.256357739034534,4.821820558551075,0.0,0.0,0.0,1.0,1.0,0.0
22,85,5.680866837919873,10.182040658645628,0.0,0.0,1.0,0.0,0.0,1.0
23,85,6.399798859635404,6.872233829908415,1.0,0.0,0.0,1.0,0.0,0.0
24,85,7.156033583277998,0.8240246859432865,0.0,0.0,1.0,1.0,0.0,0.0
25,85,10.963513895791772,5.603031576029777,0.0,0.0,1.0,0.0,0.0,1.0
26,85,5.924925769679938,11.55241058647392,0.0,0.0,1.0,0.0,0.0,0.0
27,85,8.692446618046977,5.222540631431158,1.0,0.0,0.0,0.0,1.0,1.0
28,85,2.619276142769275,9.96964400796715,1.0,1.0,1.0,0.0,0.0,0.0
29,85,8.372624302559784,5.855158347674036,0.0,1.0,0.0,0.0,1.0,0.0
30,85,10.213921604848489,8.551341566314566,1.0,1.0,1.0,0.0,0.0,1.0
31,85,11.5041090876849,12.0,1.0,1.0,0.0,1.0,0.0,1.0
32,85,11.337339464528078,7.011240811392602,0.0,0.0,0.0,0.0,0.0,0.0
33,85,0.0,5.27109038679795,1.0,0.0,0.0,0.0,0.0,0.0
34,85,10.999865075483632,8.674919705024855,1.0,1.0,0.0,0.0,0.0,0.0
35,85,8.548366633689904,4.12750679411786,0.0,0.0,1.0,1.0,0.0,0.0
36,85,2.065159963653775,10.15930717509932,1.0,1.0,1.0,1.0,1.0,0.0
37,85,9.166202949389124,1.504964461897538,0.0,0.0,0.0,0.0,1.0,1.0
38,85,12.0,4.15411086725611,0.0,0.0,0.0,0.0,0.0,0.0
39,85,1.7153338332497294,1.8087791641897344,0.0,1.0,0.0,0.0,0.0,1.0
0,90,3.638572493098613,0.3687869179367643,0.0,0.0,1.0,0.0,1.0,1.0
1,90,10.840809629666646,0.8808676872836265,0.0,1.0,0.0,1.0,0.0,1.0
2,90,1.7126285622645416,1.1994510059395458,0.0,1.0,1.0,1.0,0.0,1.0
3,90,9.813953194780552,5.129283634688919,1.0,0.0,1.0,0.0,1.0,1.0
4,90,0.9929481706244778,7.526628931608956,1.0,1.0,0.0,1.0,0.0,0.0
5,90,10.174541733636266,11.608705694260149,1.0,0.0,0.0,1.0,1.0,0.0
6,90,1.6728891472767888,9.855429377529171,0.0,1.0,0.0,1.0,1.0,0.0
7,90,7.512003495595389,8.521993012330869,0.0,0.0,1.0,0.0,0.0,0.0
8,90,4.223518528326113,2.2673006140417584,0.0,1.0,1.0,1.0,1.0,1.0
9,90,0.1718810908093427,2.0964896753222075,1.0,1.0,0.0,0.0,0.0,0.0
10,90,0.3823364253843822,1.912776683657384,1.0,0.0,0.0,0.0,1.0,1.0
11,90,11.107452383915644,12.0,1.0,0.0,1.0,1.0,0.0,1.0
12,90,5.309004911183072,3.4302603617807725,0.0,1.0,0.0,0.0,0.0,0.0
13,90,6.888802958373763,9.035363503811071,0.0,0.0,1.0,0.0,0.0,0.0
14,90,0.4221208617040957,11.131496197974114,0.0,1.0,0.0,1.0,1.0,0.0
15,90,0.6831221656949985,2.882842915677465,1.0,0.0,0.0,1.0,1.0,0.0
16,90,5.778915330178059,11.341149347826418,1.0,0.0,0.0,1.0,0.0,1.0
17,90,7.563784768852439,8.055293559939948,1.0,1.0,0.0,0.0,0.0,0.0
18,90,3.7557912348000304,9.603790719154992,0.0,0.0,1.0,0.0,1.0,1.0
19,90,4.325264715835184,7.683966883202858,1.0,0.0,0.0,1.0,0.0,1.0
20,90,12.0,5.387371644605675,0.0,0.0,0.0,1.0,0.0,0.0
21,90,11.312195769660406,4.810387290754584,0.0,0.0,0.0,1.0,1.0,0.0
22,90,5.657726826212775,10.11615604425348,0.0,0.0,1.0,0.0,0.0,1.0
23,90,6.352565020195187,6.942055473496247,1.0,0.0,0.0,1.0,0.0,0.0
24,90,7.110827954361712,0.7626789763504576,0.0,0.0,1.0,1.0,0.0,0.0
25,90,10.961184853293195,5.608804935856489,0.0,0.0,1.0,0.0,0.0,1.0
26,90,5.935124645500938,11.499671272943916,0.0,0.0,1.0,0.0,0.0,0.0
27,90,8.767239384479678,5.245926732449875,1.0,0.0,0.0,0.0,1.0,1.0
28,90,2.6460544643807724,9.969725074920303,1.0,1.0,1.0,0.0,0.0,0.0
29,90,8.371544283377629,5.854905415570316,0.0,1.0,0.0,0.0,1.0,0.0
30,90,10.227432706441853,8.442833563961191,1.0,1.0,1.0,0.0,0.0,1.0
31,90,11.465783040485938,12.0,1.0,1.0,0.0,1.0,0.0,1.0
32,90,11.31366609103957,7.013191117638328,0.0,0.0,0.0,0.0,0.0,0.0
33,90,0.0,5.2897671425232735,1.0,0.0,0.0,0.0,0.0,0.0
34,90,11.03939218825111,8.455357694796023,1.0,1.0,0.0,0.0,0.0,0.0
35,90,8.492593662470776,4.162975714167146,0.0,0.0,1.0,1.0,0.0,0.0
36,90,2.1319074294166054,10.167300271042476,1.0,1.0,1.0,1.0,1.0,0.0
37,90,9.163808381058844,1.5129055722765372,0.0,0.0,0.0,0.0,1.0,1.0
38,90,12.0,4.160581430793564,0.0,0.0,0.0,0.0,0.0,0.0
39,90,1.7093648495013345,1.805326302368499,0.0,1.0,0.0,0.0,0.0,1.0
0,95,3.688230821979806,0.1305793400450228,0.0,0.0,1.0,0.0,1.0,1.0
1,95,10.877143612762431,0.9081963497332218,0.0,1.0,0.0,1.0,0.0,1.0
2,95,1.6123568433448068,1.2147218982198773,0.0,1.0,1.0,1.0,0.0,1.0
3,95,9.802559819135755,5.0753131198497305,1.0,0.0,1.0,0.0,1.0,1.0
4,95,0.938838237210875,7.500740666283064,1.0,1.0,0.0,1.0,0.0,0.0
5,95,10.190061754808868,11.742521019479708,1.0,0.0,0.0,1.0,1.0,0.0
6,95,1.5865591632863272,9.788114586549764,0.0,1.0,0.0,1.0,1.0,0.0
7,95,7.509415807574279,8.524795181772493,0.0,0.0,1.0,0.0,0.0,0.0
8,95,4.296784884165678,2.2847470722569736,0.0,1.0,1.0,1.0,1.0,1.0
9,95,0.2291104755260653,2.056598369547346,1.0,1.0,0.0,0.0,0.0,0.0
10,95,0.3606962490054489,1.9184749397770235,1.0,0.0,0.0,0.0,1.0,1.0
11,95,11.035998153219392,12.0,1.0,0.0,1.0,1.0,0.0,1.0
12,95,5.255593945570954,3.373091454984551,0.0,1.0,0.0,0.0,0.0,0.0
13,95,6.866884859570905,8.948352070125921,0.0,0.0,1.0,0.0,0.0,0.0
14,95,0.399277007928579,11.040217475731929,0.0,1.0,0.0,1.0,1.0,0.0
15,95,0.7099425452495828,2.878400866850888,1.0,0.0,0.0,1.0,1.0,0.0
16,95,5.810120165935496,11.353682480005906,1.0,0.0,0.0,1.0,0.0,1.0
17,95,7.677676617832351,8.017044048121297,1.0,1.0,0.0,0.0,0.0,0.0
18,95,3.773263332101848,9.56056076146109,0.0,0.0,1.0,0.0,1.0,1.0
19,95,4.461433302295347,7.649728698988395,1.0,0.0,0.0,1.0,0.0,1.0
20,95,12.0,5.261908501481303,0.0,0.0,0.0,1.0,0.0,0.0
21,95,11.34839797006248,4.803761818462403,0.0,0.0,0.0,1.0,1.0,0.0
22,95,5.623294889835312,10.019274765663546,0.0,0.0,1.0,0.0,0.0,1.0
23,95,6.306583799037452,7.0131761302796685,1.0,0.0,0.0,1.0,0.0,0.0
24,95,7.058666969017547,0.6902647256985799,0.0,0.0,1.0,1.0,0.0,0.0
25,95,10.954061592856046,5.625994516706795,0.0,0.0,1.0,0.0,0.0,1.0
26,95,5.946129226448367,11.443732405188314,0.0,0.0,1.0,0.0,0.0,0.0
27,95,8.84289601310944,5.271540432429248,1.0,0.0,0.0,0.0,1.0,1.0
28,95,2.6592738205587008,9.969760148103184,1.0,1.0,1.0,0.0,0.0,0.0
29,95,8.355015933787309,5.851228368069937,0.0,1.0,0.0,0.0,1.0,0.0
30,95,10.240193308083706,8.335423396487071,1.0,1.0,1.0,0.0,0.0,1.0
31,95,11.403736847811166,12.0,1.0,1.0,0.0,1.0,0.0,1.0
32,95,11.301412658438736,7.014217122802825,0.0,0.0,0.0,0.0,0.0,0.0
33,95,0.0,5.3117066536942845,1.0,0.0,0.0,0.0,0.0,0.0
34,95,11.07264187065745,8.23681372992827,1.0,1.0,0.0,0.0,0.0,0.0
35,95,8.444972411469841,4.194060181952804,0.0,0.0,1.0,1.0,0.0,0.0
36,95,2.1889066715242893,10.173510741640298,1.0,1.0,1.0,1.0,1.0,0.0
37,95,9.161852957619748,1.5190572482181892,0.0,0.0,0.0,0.0,1.0,1.0
38,95,12.0,4.16761141765792,0.0,0.0,0.0,0.0,0.0,0.0
39,95,1.696404204847611,1.7976377832593726,0.0,1.0,0.0,0.0,0.0,1.0
0,100,3.7263172132802858,0.0,0.0,0.0,1.0,0.0,1.0,1.0
1,100,10.932502507285651,0.9498504089123808,0.0,1.0,0.0,1.0,0.0,1.0
2,100,1.5322768059798075,1.2260462064166886,0.0,1.0,1.0,1.0,0.0,1.0
3,100,9.79450352686495,5.0373116310983495,1.0,0.0,1.0,0.0,1.0,1.0
4,100,0.8839820595082031,7.474494570550835,1.0,1.0,0.0,1.0,0.0,0.0
5,100,10.20323486853438,11.869623958468113,1.0,0.0,0.0,1.0,1.0,0.0
6,100,1.4894176891970097,9.707842916217997,0.0,1.0,0.0,1.0,1.0,0.0
7,100,7.506936514623177,8.52744591678124,0.0,0.0,1.0,0.0,0.0,0.0
8,100,4.360980468786695,2.298775304976284,0.0,1.0,1.0,1.0,1.0,1.0
9,100,0.2893630219036892,2.014247343228028,1.0,1.0,0.0,0.0,0.0,0.0
10,100,0.3408618261281896,1.9238386349276604,1.0,0.0,0.0,0.0,1.0,1.0
11,100,10.967126552629928,12.0,1.0,0.0,1.0,1.0,0.0,1.0
12,100,5.20528180452895,3.3184712111982284,0.0,1.0,0.0,0.0,0.0,0.0
13,100,6.842329911885373,8.851244227266195,0.0,0.0,1.0,0.0,0.0,0.0
14,100,0.3775910746533308,10.948644829038424,0.0,1.0,0.0,1.0,1.0,0.0
15,100,0.7387367385089196,2.87434001226463,1.0,0.0,0.0,1.0,1.0,0.0
16,100,5.847379822922101,11.36802990996434,1.0,0.0,0.0,1.0,0.0,1.0
17,100,7.78718971284603,7.98082888275539,1.0,1.0,0.0,0.0,0.0,0.0
18,100,3.792520211645823,9.509335062213417,0.0,0.0,1.0,0.0,1.0,1.0
19,100,4.592049703760663,7.612842366335687,1.0,0.0,0.0,1.0,0.0,1.0
20,100,12.0,5.133305892107415,0.0,0.0,0.0,1.0,0.0,0.0
21,100,11.365181492063508,4.80018464892214,0.0,0.0,0.0,1.0,1.0,0.0
22,100,5.588792786036417,9.928162964147765,0.0,0.0,1.0,0.0,0.0,1.0
23,100,6.2539975220362,7.090797641385878,1.0,0.0,0.0,1.0,0.0,0.0
24,100,7.011361708837435,0.6267155690148556,0.0,0.0,1.0,1.0,0.0,0.0
25,100,10.947155557690987,5.643638604923995,0.0,0.0,1.0,0.0,0.0,1.0
26,100,5.9537004282308885,11.401916572973745,0.0,0.0,1.0,0.0,0.0,0.0
27,100,8.86835566805803,5.191982148323016,1.0,0.0,0.0,0.0,1.0,1.0
28,100,2.675606161948471,9.97014894567494,1.0,1.0,1.0,0.0,0.0,0.0
29,100,8.36018738392538,5.852398591670855,0.0,1.0,0.0,0.0,1.0,0.0
30,100,10.258769602814716,8.195861064751506,1.0,1.0,1.0,0.0,0.0,1.0
31,100,11.347281241157392,12.0,1.0,1.0,0.0,1.0,0.0,1.0
32,100,11.285503590072562,7.015643312792043,0.0,0.0,0.0,0.0,0.0,0.0
33,100,0.0,5.335215685342781,1.0,0.0,0.0,0.0,0.0,0.0
34,100,11.10025597512476,8.005363729937011,1.0,1.0,0.0,0.0,0.0,0.0
35,100,8.403233393485543,4.223459152992912,0.0,0.0,1.0,1.0,0.0,0.0
36,100,2.2574534322256143,10.180876499036538,1.0,1.0,1.0,1.0,1.0,0.0
37,100,9.162770960689055,1.5161204713395784,0.0,0.0,0.0,0.0,1.0,1.0
38,100,12.0,4.17360889008179,0.0,0.0,0.0,0.0,0.0,0.0
39,100,1.6761224107634594,1.784536318322163,0.0,1.0,0.0,0.0,0.0,1.0
0,105,3.7627594638630346,0.0,0.0,0.0,1.0,0.0,1.0,1.0
1,105,10.973659497721371,0.9798045568518922,0.0,1.0,0.0,1.0,0.0,1.0
2,105,1.466484483446881,1.2383346601795913,0.0,1.0,1.0,1.0,0.0,1.0
3,105,9.78364702286502,4.986989231233459,1.0,0.0,1.0,0.0,1.0,1.0
4,105,0.8161576510111235,7.442938141116818,1.0,1.0,0.0,1.0,0.0,0.0
5,105,10.214232029555834,11.978602576031474,1.0,0.0,0.0,1.0,1.0,0.0
6,105,1.3838372449105978,9.62333308297505,0.0,1.0,0.0,1.0,1.0,0.0
7,105,7.512952693178495,8.52117838755127,0.0,0.0,1.0,0.0,0.0,0.0
8,105,4.411636444717989,2.309051507965876,0.0,1.0,1.0,1.0,1.0,1.0
9,105,0.3720803413845723,1.9581450559511515,1.0,1.0,0.0,0.0,0.0,0.0
10,105,0.2987284768280634,1.9347935269180525,1.0,0.0,0.0,0.0,1.0,1.0
11,105,10.894059565196711,12.0,1.0,0.0,1.0,1.0,0.0,1.0
12,105,5.151836526529813,3.2621376009717395,0.0,1.0,0.0,0.0,0.0,0.0
13,105,6.82349307783593,8.776026018276132,0.0,0.0,1.0,0.0,0.0,0.0
14,105,0.36256258081428,10.8768740304162,0.0,1.0,0.0,1.0,1.0,0.0
15,105,0.7971039599991017,2.8682498268019776,1.0,0.0,0.0,1.0,1.0,0.0
16,105,5.89053394910319,11.384477827910018,1.0,0.0,0.0,1.0,0.0,1.0
17,105,7.910552685803358,7.939216804166532,1.0,1.0,0.0,0.0,0.0,0.0
18,105,3.808448636284832,9.466878388601982,0.0,0.0,1.0,0.0,1.0,1.0
19,105,4.730216389135011,7.572405966604021,1.0,0.0,0.0,1.0,0.0,1.0
20,105,12.0,4.986593056963431,0.0,0.0,0.0,1.0,0.0,0.0
21,105,11.376658507584594,4.797708157976752,0.0,0.0,0.0,1.0,1.0,0.0
22,105,5.5502898635885485,9.83016897993317,0.0,0.0,1.0,0.0,0.0,1.0
23,105,6.19675454622022,7.180209605810515,1.0,0.0,0.0,1.0,0.0,0.0
24,105,6.97619186239191,0.5805931074496217,0.0,0.0,1.0,1.0,0.0,0.0
25,105,10.953771401721523,5.62726849979195,0.0,0.0,1.0,0.0,0.0,1.0
26,105,5.961359105309193,11.360977245196496,0.0,0.0,1.0,0.0,0.0,0.0
27,105,8.888990285525171,5.119863370164157,1.0,0.0,0.0,0.0,1.0,1.0
28,105,2.6867905960260834,9.97038410435547,1.0,1.0,1.0,0.0,0.0,0.0
29,105,8.351752549252524,5.8507667416201095,0.0,1.0,0.0,0.0,1.0,0.0
30,105,10.276081341453995,8.086003997422582,1.0,1.0,1.0,0.0,0.0,1.0
31,105,11.277377853864865,12.0,1.0,1.0,0.0,1.0,0.0,1.0
32,105,11.248942736085889,7.018924749181843,0.0,0.0,0.0,0.0,0.0,0.0
33,105,0.0,5.360619803538746,1.0,0.0,0.0,0.0,0.0,0.0
34,105,11.13134817001026,7.783367219550809,1.0,1.0,0.0,0.0,0.0,0.0
35,105,8.357155078474658,4.257281582732053,0.0,0.0,1.0,1.0,0.0,0.0
36,105,2.3274251238084864,10.189030916530632,1.0,1.0,1.0,1.0,1.0,0.0
37,105,9.165011750649862,1.509207369548637,0.0,0.0,0.0,0.0,1.0,1.0
38,105,12.0,4.181147556720694,0.0,0.0,0.0,0.0,0.0,0.0
39,105,1.6406124842532812,1.7616959700211183,0.0,1.0,0.0,0.0,0.0,1.0
0,110,3.800132594370017,0.0,0.0,0.0,1.0,0.0,1.0,1.0
1,110,11.001221985051526,1.0008205274875908,0.0,1.0,0.0,1.0,0.0,1.0
2,110,1.3812414860918,1.252411050513354,0.0,1.0,1.0,1.0,0.0,1.0
3,110,9.773245088659737,4.936352272530958,1.0,0.0,1.0,0.0,1.0,1.0
4,110,0.7402992379602321,7.405467339835247,1.0,1.0,0.0,1.0,0.0,0.0
5,110,10.22335126234934,12.0,1.0,0.0,0.0,1.0,1.0,0.0
6,110,1.2839820041723666,9.545354478757028,0.0,1.0,0.0,1.0,1.0,0.0
7,110,7.525773726229872,8.50757154167862,0.0,0.0,1.0,0.0,0.0,0.0
8,110,4.479240098891533,2.322647566885198,0.0,1.0,1.0,1.0,1.0,1.0
9,110,0.4641147174560523,1.8939474472944893,1.0,1.0,0.0,0.0,0.0,0.0
10,110,0.2288349072415506,1.9521285665968469,1.0,0.0,0.0,0.0,1.0,1.0
11,110,10.813280003078262,12.0,1.0,0.0,1.0,1.0,0.0,1.0
12,110,5.095203045376885,3.2019233819888866,0.0,1.0,0.0,0.0,0.0,0.0
13,110,6.805153184979075,8.705614096546576,0.0,0.0,1.0,0.0,0.0,0.0
14,110,0.3482285488055636,10.805717690855523,0.0,1.0,0.0,1.0,1.0,0.0
15,110,0.8563149780374849,2.8623620360073585,1.0,0.0,0.0,1.0,1.0,0.0
16,110,5.941313328190155,11.40629663263075,1.0,0.0,0.0,1.0,0.0,1.0
17,110,8.045482962964417,7.892564653442511,1.0,1.0,0.0,0.0,0.0,0.0
18,110,3.826593013021777,9.4171883715232,0.0,0.0,1.0,0.0,1.0,1.0
19,110,4.846466202251781,7.540835986909759,1.0,0.0,0.0,1.0,0.0,1.0
20,110,12.0,4.851305115090671,0.0,0.0,0.0,1.0,0.0,0.0
21,110,11.393401864210364,4.79389489864826,0.0,0.0,0.0,1.0,1.0,0.0
22,110,5.510031781409712,9.733955635901829,0.0,0.0,1.0,0.0,0.0,1.0
23,110,6.14706419213129,7.260207920999331,1.0,0.0,0.0,1.0,0.0,0.0
24,110,6.927492404910146,0.5189045349988928,0.0,0.0,1.0,1.0,0.0,0.0
25,110,10.969152282658836,5.5906927622968405,0.0,0.0,1.0,0.0,0.0,1.0
26,110,5.974841600236228,11.30079916044454,0.0,0.0,1.0,0.0,0.0,0.0
27,110,8.910563624823588,5.046993173151214,1.0,0.0,0.0,0.0,1.0,1.0
28,110,2.6961599295342933,9.970415275628485,1.0,1.0,1.0,0.0,0.0,0.0
29,110,8.343718945249783,5.849483428645986,0.0,1.0,0.0,0.0,1.0,0.0
30,110,10.291312353070852,7.983780086829536,1.0,1.0,1.0,0.0,0.0,1.0
31,110,11.19423809993245,12.0,1.0,1.0,0.0,1.0,0.0,1.0
32,110,11.196344698052869,7.022296361210606,0.0,0.0,0.0,0.0,0.0,0.0
33,110,0.0,5.391630242558715,1.0,0.0,0.0,0.0,0.0,0.0
34,110,11.163191150639008,7.547734211733282,1.0,1.0,0.0,0.0,0.0,0.0
35,110,8.31705698146184,4.28752311975333,0.0,0.0,1.0,1.0,0.0,0.0
36,110,2.3964103475573912,10.195933880163004,1.0,1.0,1.0,1.0,1.0,0.0
37,110,9.165275315372917,1.5084167041868828,0.0,0.0,0.0,0.0,1.0,1.0
38,110,12.0,4.189715572801173,0.0,0.0,0.0,0.0,0.0,0.0
39,110,1.5903943891371113,1.731384249023686,0.0,1.0,0.0,0.0,0.0,1.0
0,115,3.827068697744937,0.0,0.0,0.0,1.0,0.0,1.0,1.0
1,115,11.03418584415491,1.0272086317515527,0.0,1.0,0.0,1.0,0.0,1.0
2,115,1.287926527926372,1.2691650192792698,0.0,1.0,1.0,1.0,0.0,1.0
3,115,9.761958906936064,4.878845087470812,1.0,0.0,1.0,0.0,1.0,1.0
4,115,0.6464010772579396,7.357554745097374,1.0,1.0,0.0,1.0,0.0,0.0
5,115,10.232130861873673,12.0,1.0,0.0,0.0,1.0,1.0,0.0
6,115,1.1886453428099852,9.470744953813975,0.0,1.0,0.0,1.0,1.0,0.0
7,115,7.532227456806781,8.500940010010073,0.0,0.0,1.0,0.0,0.0,0.0
8,115,4.56476691003473,2.3376560017513444,0.0,1.0,1.0,1.0,1.0,1.0
9,115,0.5609522907008433,1.829650212831256,1.0,1.0,0.0,0.0,0.0,0.0
10,115,0.1470108492424569,1.9736634786977163,1.0,0.0,0.0,0.0,1.0,1.0
11,115,10.74202705701135,12.0,1.0,0.0,1.0,1.0,0.0,1.0
12,115,5.025006174735877,3.1263857136559485,0.0,1.0,0.0,0.0,0.0,0.0
13,115,6.790852006699203,8.643246765233929,0.0,0.0,1.0,0.0,0.0,0.0
14,115,0.3314254807203848,10.71337756527201,0.0,1.0,0.0,1.0,1.0,0.0
15,115,0.9254794146958062,2.8563589976993344,1.0,0.0,0.0,1.0,1.0,0.0
16,115,5.982750062691516,11.424646402492176,1.0,0.0,0.0,1.0,0.0,1.0
17,115,8.160745449230767,7.851773637548394,1.0,1.0,0.0,0.0,0.0,0.0
18,115,3.8395805526644633,9.381668142410474,0.0,0.0,1.0,0.0,1.0,1.0
19,115,4.969228594172551,7.507721637760019,1.0,0.0,0.0,1.0,0.0,1.0
20,115,12.0,4.715181375418895,0.0,0.0,0.0,1.0,0.0,0.0
21,115,11.408763736978685,4.790409471108831,0.0,0.0,0.0,1.0,1.0,0.0
22,115,5.474898560682749,9.655842787158251,0.0,0.0,1.0,0.0,0.0,1.0
23,115,6.096009446810643,7.346317060207321,1.0,0.0,0.0,1.0,0.0,0.0
24,115,6.873270691486651,0.4523099518742318,0.0,0.0,1.0,1.0,0.0,0.0
25,115,10.980294188647104,5.565416743843764,0.0,0.0,1.0,0.0,0.0,1.0
26,115,5.986735615672763,11.242911786246584,0.0,0.0,1.0,0.0,0.0,0.0
27,115,8.937990319819196,4.9574917617148095,1.0,0.0,0.0,0.0,1.0,1.0
28,115,2.717674716276317,9.970298629211271,1.0,1.0,1.0,0.0,0.0,0.0
29,115,8.34082584947847,5.849023171826402,0.0,1.0,0.0,0.0,1.0,0.0
30,115,10.3060526273895,7.878345600265837,1.0,1.0,1.0,0.0,0.0,1.0
31,115,11.086955859129384,12.0,1.0,1.0,0.0,1.0,0.0,1.0
32,115,11.15927880529445,7.024930696249398,0.0,0.0,0.0,0.0,0.0,0.0
33,115,0.0,5.417874704554589,1.0,0.0,0.0,0.0,0.0,0.0
34,115,11.194848588903955,7.318568586506718,1.0,1.0,0.0,0.0,0.0,0.0
35,115,8.28395421509177,4.313129929151443,0.0,0.0,1.0,1.0,0.0,0.0
36,115,2.443910238838074,10.200043244481837,1.0,1.0,1.0,1.0,1.0,0.0
37,115,9.165071051203938,1.5090012160820572,0.0,0.0,0.0,0.0,1.0,1.0
38,115,12.0,4.200009732548389,0.0,0.0,0.0,0.0,0.0,0.0
39,115,1.544762150104389,1.7053615036172107,0.0,1.0,0.0,0.0,0.0,1.0
0,120,3.85615356654638,0.0,0.0,0.0,1.0,0.0,1.0,1.0
1,120,11.067916600735307,1.0547772791752346,0.0,1.0,0.0,1.0,0.0,1.0
2,120,1.1850483970268706,1.288389440304569,0.0,1.0,1.0,1.0,0.0,1.0
3,120,9.753994874350996,4.834142130712363,1.0,0.0,1.0,0.0,1.0,1.0
4,120,0.5533992566139693,7.311565433000939,1.0,1.0,0.0,1.0,0.0,0.0
5,120,10.2450456972664,12.0,1.0,0.0,0.0,1.0,1.0,0.0
6,120,1.0808384492571474,9.387773154356976,0.0,1.0,0.0,1.0,1.0,0.0
7,120,7.532354261263354,8.500814665954545,0.0,0.0,1.0,0.0,0.0,0.0
8,120,4.650995410548828,2.3512841783764142,0.0,1.0,1.0,1.0,1.0,1.0
9,120,0.6574065873168269,1.763635858252124,1.0,1.0,0.0,0.0,0.0,0.0
10,120,0.0595861935433517,1.9992018742058957,1.0,0.0,0.0,0.0,1.0,1.0
11,120,10.660425856222508,12.0,1.0,0.0,1.0,1.0,0.0,1.0
12,120,4.949376264087679,3.043881368245999,0.0,1.0,0.0,0.0,0.0,0.0
13,120,6.776448540730239,8.571310919426237,0.0,0.0,1.0,0.0,0.0,0.0
14,120,0.3084587770047253,10.592091582250513,0.0,1.0,0.0,1.0,1.0,0.0
15,120,0.9711706009841924,2.8519492229648917,1.0,0.0,0.0,1.0,1.0,0.0
16,120,6.0211824932938045,11.44099312553323,1.0,0.0,0.0,1.0,0.0,1.0
17,120,8.285237336765537,7.809362399844874,1.0,1.0,0.0,0.0,0.0,0.0
18,120,3.862178008579436,9.31494461125799,0.0,0.0,1.0,0.0,1.0,1.0
19,120,5.099563461921856,7.476020624044066,1.0,0.0,0.0,1.0,0.0,1.0
20,120,12.0,4.583783992891424,0.0,0.0,0.0,1.0,0.0,0.0
21,120,11.41255894189003,4.78955987117823,0.0,0.0,0.0,1.0,1.0,0.0
22,120,5.4410148567608525,9.5772684384454,0.0,0.0,1.0,0.0,0.0,1.0
23,120,6.049153281203885,7.430632785651285,1.0,0.0,0.0,1.0,0.0,0.0
24,120,6.805242430332339,0.368756678351768,0.0,0.0,1.0,1.0,0.0,0.0
25,120,10.990320627848313,5.543057351838829,0.0,0.0,1.0,0.0,0.0,1.0
26,120,6.001034467042672,11.18378342312442,0.0,0.0,1.0,0.0,0.0,0.0
27,120,8.971807754689323,4.851491817708414,1.0,0.0,0.0,0.0,1.0,1.0
28,120,2.7302898053710654,9.9700610084352,1.0,1.0,1.0,0.0,0.0,0.0
29,120,8.344247052727795,5.849616380063286,0.0,1.0,0.0,0.0,1.0,0.0
30,120,10.315940478051443,7.796126568734007,1.0,1.0,1.0,0.0,0.0,1.0
31,120,10.984162077445989,12.0,1.0,1.0,0.0,1.0,0.0,1.0
32,120,11.111034533401073,7.028738185078517,0.0,0.0,0.0,0.0,0.0,0.0
33,120,0.0,5.438246000091556,1.0,0.0,0.0,0.0,0.0,0.0
34,120,11.219737164713242,7.081605845568714,1.0,1.0,0.0,0.0,0.0,0.0
35,120,8.246409078906526,4.341470920479287,0.0,0.0,1.0,1.0,0.0,0.0
36,120,2.4869398050055898,10.20464130606696,1.0,1.0,1.0,1.0,1.0,0.0
37,120,9.160534440369576,1.5220018670932418,0.0,0.0,0.0,0.0,1.0,1.0
38,120,12.0,4.209461075073731,0.0,0.0,0.0,0.0,0.0,0.0
39,120,1.4840144483285058,1.670531961188973,0.0,1.0,0.0,0.0,0.0,1.0
0,125,3.885869337552038,0.0,0.0,0.0,1.0,0.0,1.0,1.0
1,125,11.100754256724596,1.0810811175240185,0.0,1.0,0.0,1.0,0.0,1.0
2,125,1.083507642390816,1.3063160534261429,0.0,1.0,1.0,1.0,0.0,1.0
3,125,9.747014014829562,4.791761673182672,1.0,0.0,1.0,0.0,1.0,1.0
4,125,0.4700563021761446,7.272137658012082,1.0,1.0,0.0,1.0,0.0,0.0
5,125,10.259061527283812,12.0,1.0,0.0,0.0,1.0,1.0,0.0
6,125,0.9746513041165108,9.307206899380676,0.0,1.0,0.0,1.0,1.0,0.0
7,125,7.534638480928793,8.498654410004562,0.0,0.0,1.0,0.0,0.0,0.0
8,125,4.731698054397453,2.364842219010105,0.0,1.0,1.0,1.0,1.0,1.0
9,125,0.7548401048153847,1.697469495403529,1.0,1.0,0.0,0.0,0.0,0.0
10,125,0.0,2.018835522949136,1.0,0.0,0.0,0.0,1.0,1.0
11,125,10.580419593763478,12.0,1.0,0.0,1.0,1.0,0.0,1.0
12,125,5.038299356766565,2.964713642021665,0.0,1.0,0.0,0.0,0.0,0.0
13,125,6.7621610121913855,8.503539676467295,0.0,0.0,1.0,0.0,0.0,0.0
14,125,0.2850380728245802,10.450796777486683,0.0,1.0,0.0,1.0,1.0,0.0
15,125,1.0466200049630372,2.842467676830346,1.0,0.0,0.0,1.0,1.0,0.0
16,125,6.049449212350034,11.452956240096782,1.0,0.0,0.0,1.0,0.0,1.0
17,125,8.418365908586212,7.764180006676641,1.0,1.0,0.0,0.0,0.0,0.0
18,125,3.884960799104395,9.24735699077816,0.0,0.0,1.0,0.0,1.0,1.0
19,125,5.21202797873544,7.448679977802289,1.0,0.0,0.0,1.0,0.0,1.0
20,125,12.0,4.445455846889262,0.0,0.0,0.0,1.0,0.0,0.0
21,125,11.428033278697283,4.786152353433146,0.0,0.0,0.0,1.0,1.0,0.0
22,125,5.40187801701859,9.487462689809618,0.0,0.0,1.0,0.0,0.0,1.0
23,125,6.004739757665025,7.515503392401795,1.0,0.0,0.0,1.0,0.0,0.0
24,125,6.72360045879266,0.2742008350338599,0.0,0.0,1.0,1.0,0.0,0.0
25,125,10.996305069933143,5.530400739157272,0.0,0.0,1.0,0.0,0.0,1.0
26,125,6.011398919783071,11.14468735906292,0.0,0.0,1.0,0.0,0.0,0.0
27,125,9.008974545525968,4.7310375226503485,1.0,0.0,0.0,0.0,1.0,1.0
28,125,2.7275510920997297,9.970105776845347,1.0,1.0,1.0,0.0,0.0,0.0
29,125,8.326828819472459,5.846700036611601,0.0,1.0,0.0,0.0,1.0,0.0
30,125,10.325135890116968,7.724368965348302,1.0,1.0,1.0,0.0,0.0,1.0
31,125,10.880148924770864,12.0,1.0,1.0,0.0,1.0,0.0,1.0
32,125,11.085827649305225,7.030354181071304,0.0,0.0,0.0,0.0,0.0,0.0
33,125,0.0,5.465220930295234,1.0,0.0,0.0,0.0,0.0,0.0
34,125,11.241404457899025,6.8493266929548655,1.0,1.0,0.0,0.0,0.0,0.0
35,125,8.226314428634739,4.357127100356514,0.0,0.0,1.0,1.0,0.0,0.0
36,125,2.5209212043883165,10.20874011873894,1.0,1.0,1.0,1.0,1.0,0.0
37,125,9.151946385867356,1.544433834363953,0.0,0.0,0.0,0.0,1.0,1.0
38,125,12.0,4.22017086309767,0.0,0.0,0.0,0.0,0.0,0.0
39,125,1.4236491540435725,1.6352993436230765,0.0,1.0,0.0,0.0,0.0,1.0
0,130,3.9127391942041,0.0,0.0,0.0,1.0,0.0,1.0,1.0
1,130,11.13909838664951,1.1114251347238862,0.0,1.0,0.0,1.0,0.0,1.0
2,130,0.9624412524920698,1.3266497038547236,0.0,1.0,1.0,1.0,0.0,1.0
3,130,9.741334073619653,4.7611397603402885,1.0,0.0,1.0,0.0,1.0,1.0
4,130,0.3748778276337406,7.226081649776903,1.0,1.0,0.0,1.0,0.0,0.0
5,130,10.270654970003676,12.0,1.0,0.0,0.0,1.0,1.0,0.0
6,130,0.8692069791718007,9.225884284585028,0.0,1.0,0.0,1.0,1.0,0.0
7,130,7.538123618764362,8.495391865173099,0.0,0.0,1.0,0.0,0.0,0.0
8,130,4.826826925711381,2.380966138165956,0.0,1.0,1.0,1.0,1.0,1.0
9,130,0.8421483215125622,1.6391186725825642,1.0,1.0,0.0,0.0,0.0,0.0
10,130,0.0,2.037812121872788,1.0,0.0,0.0,0.0,1.0,1.0
11,130,10.52526308057977,12.0,1.0,0.0,1.0,1.0,0.0,1.0
12,130,5.129664119575523,2.883313954077394,0.0,1.0,0.0,0.0,0.0,0.0
13,130,6.746419936093727,8.428651395953901,0.0,0.0,1.0,0.0,0.0,0.0
14,130,0.2621881117074514,10.297195193917592,0.0,1.0,0.0,1.0,1.0,0.0
15,130,1.1141473012130252,2.835126640577814,1.0,0.0,0.0,1.0,1.0,0.0
16,130,6.07902554712443,11.466318647361154,1.0,0.0,0.0,1.0,0.0,1.0
17,130,8.467325764971944,7.911714931739161,1.0,1.0,0.0,0.0,0.0,0.0
18,130,3.900163966396757,9.20049300617064,0.0,0.0,1.0,0.0,1.0,1.0
19,130,5.318283669464569,7.420114278380438,1.0,0.0,0.0,1.0,0.0,1.0
20,130,12.0,4.311939240349876,0.0,0.0,0.0,1.0,0.0,0.0
21,130,11.427387658635888,4.78629476627504,0.0,0.0,0.0,1.0,1.0,0.0
22,130,5.360233728496247,9.38792187945081,0.0,0.0,1.0,0.0,0.0,1.0
23,130,5.961429635613014,7.59653146971311,1.0,0.0,0.0,1.0,0.0,0.0
24,130,6.65139958406226,0.1908389736041203,0.0,0.0,1.0,1.0,0.0,0.0
25,130,10.997512387221564,5.52784699056077,0.0,0.0,1.0,0.0,0.0,1.0
26,130,6.020123590001544,11.11226107676656,0.0,0.0,1.0,0.0,0.0,0.0
27,130,9.045581062963556,4.6120377123601335,1.0,0.0,0.0,0.0,1.0,1.0
28,130,2.7105355005001432,9.970231369969982,1.0,1.0,1.0,0.0,0.0,0.0
29,130,8.31297071375515,5.844238383287737,0.0,1.0,0.0,0.0,1.0,0.0
30,130,10.332636494480967,7.651097856049162,1.0,1.0,1.0,0.0,0.0,1.0
31,130,10.786446822480642,12.0,1.0,1.0,0.0,1.0,0.0,1.0
32,130,11.031466706993363,7.034234832434186,0.0,0.0,0.0,0.0,0.0,0.0
33,130,0.0,5.489545234572844,1.0,0.0,0.0,0.0,0.0,0.0
34,130,11.255468360384516,6.609546627269709,1.0,1.0,0.0,0.0,0.0,0.0
35,130,8.199748513270539,4.37752434410934,0.0,0.0,1.0,1.0,0.0,0.0
36,130,2.530148776921966,10.20989702181627,1.0,1.0,1.0,1.0,1.0,0.0
37,130,9.139602450439764,1.580081096998564,0.0,0.0,0.0,0.0,1.0,1.0
38,130,12.0,4.232553426631438,0.0,0.0,0.0,0.0,0.0,0.0
39,130,1.3713567809793334,1.605602769587206,0.0,1.0,0.0,0.0,0.0,1.0
0,135,3.938477219658461,0.0,0.0,0.0,1.0,0.0,1.0,1.0
1,135,11.18005540746865,1.1431927654981755,0.0,1.0,0.0,1.0,0.0,1.0
2,135,0.8277563065818243,1.3506889954435968,0.0,1.0,1.0,1.0,0.0,1.0
3,135,9.735115628516557,4.725011972755526,1.0,0.0,1.0,0.0,1.0,1.0
4,135,0.2821642948399954,7.180744712064153,1.0,1.0,0.0,1.0,0.0,0.0
5,135,10.282134510006887,12.0,1.0,0.0,0.0,1.0,1.0,0.0
6,135,0.7523331869592599,9.134876599828123,0.0,1.0,0.0,1.0,1.0,0.0
7,135,7.543076671257169,8.490500993949537,0.0,0.0,1.0,0.0,0.0,0.0
8,135,4.944578357854227,2.4011497938725705,0.0,1.0,1.0,1.0,1.0,1.0
9,135,0.9308780454477228,1.5777984717784388,1.0,1.0,0.0,0.0,0.0,0.0
10,135,0.0,2.0579558812692094,1.0,0.0,0.0,0.0,1.0,1.0
11,135,10.462968342280284,12.0,1.0,0.0,1.0,1.0,0.0,1.0
12,135,5.228521267863091,2.7954689486626285,0.0,1.0,0.0,0.0,0.0,0.0
13,135,6.732933397127665,8.366703311224787,0.0,0.0,1.0,0.0,0.0,0.0
14,135,0.23499242104796,10.141442812894836,0.0,1.0,0.0,1.0,1.0,0.0
15,135,1.1836858224743407,2.828745907955545,1.0,0.0,0.0,1.0,1.0,0.0
16,135,6.112595600023551,11.481687852056018,1.0,0.0,0.0,1.0,0.0,1.0
17,135,8.512601172274037,8.04731320072091,1.0,1.0,0.0,0.0,0.0,0.0
18,135,3.911347379636487,9.166910551151148,0.0,0.0,1.0,0.0,1.0,1.0
19,135,5.418633399627357,7.394518685579019,1.0,0.0,0.0,1.0,0.0,1.0
20,135,12.0,4.175690988912625,0.0,0.0,0.0,1.0,0.0,0.0
21,135,11.415007816920651,4.788924021850029,0.0,0.0,0.0,1.0,1.0,0.0
22,135,5.318691638640147,9.289651833136292,0.0,0.0,1.0,0.0,0.0,1.0
23,135,5.922158256731172,7.6611074815945726,1.0,0.0,0.0,1.0,0.0,0.0
24,135,6.584910291303031,0.1069305084653475,0.0,0.0,1.0,1.0,0.0,0.0
25,135,10.9950211885706,5.532907596146916,0.0,0.0,1.0,0.0,0.0,1.0
26,135,6.026132930178998,11.087475883796683,0.0,0.0,1.0,0.0,0.0,0.0
27,135,9.083818490368824,4.48787501381039,1.0,0.0,0.0,0.0,1.0,1.0
28,135,2.704383845130626,9.970275516109036,1.0,1.0,1.0,0.0,0.0,0.0
29,135,8.292607480188654,5.841037969491051,0.0,1.0,0.0,0.0,1.0,0.0
30,135,10.340906699712605,7.569574042488298,1.0,1.0,1.0,0.0,0.0,1.0
31,135,10.709556291537378,12.0,1.0,1.0,0.0,1.0,0.0,1.0
32,135,11.001598075232872,7.036393950709376,0.0,0.0,0.0,0.0,0.0,0.0
33,135,0.0,5.509477323768688,1.0,0.0,0.0,0.0,0.0,0.0
34,135,11.275507489821049,6.379262935634962,1.0,1.0,0.0,0.0,0.0,0.0
35,135,8.157413115601802,4.408018834355373,0.0,0.0,1.0,1.0,0.0,0.0
36,135,2.5526505889858053,10.21235137172168,1.0,1.0,1.0,1.0,1.0,0.0
37,135,9.1210687582533,1.6339788263167323,0.0,0.0,0.0,0.0,1.0,1.0
38,135,12.0,4.247334802747366,0.0,0.0,0.0,0.0,0.0,0.0
39,135,1.3252319141052988,1.579243385210825,0.0,1.0,0.0,0.0,0.0,1.0
0,140,3.9545148038561777,0.0,0.0,0.0,1.0,0.0,1.0,1.0
1,140,11.224677154701766,1.1791386395724044,0.0,1.0,0.0,1.0,0.0,1.0
2,140,0.7045694924852238,1.3723955994375028,0.0,1.0,1.0,1.0,0.0,1.0
3,140,9.726445268369249,4.682603872762443,1.0,0.0,1.0,0.0,1.0,1.0
4,140,0.1656096436827005,7.124259890380616,1.0,1.0,0.0,1.0,0.0,0.0
5,140,10.291983988679045,12.0,1.0,0.0,0.0,1.0,1.0,0.0
6,140,0.630596166040518,9.04169444733632,0.0,1.0,0.0,1.0,1.0,0.0
7,140,7.53334831705946,8.50013186878583,0.0,0.0,1.0,0.0,0.0,0.0
8,140,5.073672802146843,2.419292889676925,0.0,1.0,1.0,1.0,1.0,1.0
9,140,1.0327383710977505,1.5122019952615755,1.0,1.0,0.0,0.0,0.0,0.0
10,140,0.0,2.0768562635210746,1.0,0.0,0.0,0.0,1.0,1.0
11,140,10.410298868441604,12.0,1.0,0.0,1.0,1.0,0.0,1.0
12,140,5.334277735950302,2.703551077169444,0.0,1.0,0.0,0.0,0.0,0.0
13,140,6.720242280303703,8.304510882799368,0.0,0.0,1.0,0.0,0.0,0.0
14,140,0.2116409329376104,10.00479566687596,0.0,1.0,0.0,1.0,1.0,0.0
15,140,1.2414372772137827,2.8225412795643936,1.0,0.0,0.0,1.0,1.0,0.0
16,140,6.155595166362782,11.500982744126928,1.0,0.0,0.0,1.0,0.0,1.0
17,140,8.559074798776255,8.187949625664054,1.0,1.0,0.0,0.0,0.0,0.0
18,140,3.9327459121415886,9.101782931855222,0.0,0.0,1.0,0.0,1.0,1.0
19,140,5.529790671107443,7.364928859036718,1.0,0.0,0.0,1.0,0.0,1.0
20,140,12.0,4.052189405684346,0.0,0.0,0.0,1.0,0.0,0.0
21,140,11.378132291928605,4.79759666608988,0.0,0.0,0.0,1.0,1.0,0.0
22,140,5.27837548673702,9.191298487009703,0.0,0.0,1.0,0.0,0.0,1.0
23,140,5.874581435709106,7.735178770526846,1.0,0.0,0.0,1.0,0.0,0.0
24,140,6.515266235460834,0.0201276073823806,0.0,0.0,1.0,1.0,0.0,0.0
25,140,10.98492040594833,5.553228463432033,0.0,0.0,1.0,0.0,0.0,1.0
26,140,6.033985272164475,11.058624763354144,0.0,0.0,1.0,0.0,0.0,0.0
27,140,9.119655859455028,4.374897816868181,1.0,0.0,0.0,0.0,1.0,1.0
28,140,2.703354510910751,9.97026710420872,1.0,1.0,1.0,0.0,0.0,0.0
29,140,8.24019039975553,5.831295599566186,0.0,1.0,0.0,0.0,1.0,0.0
30,140,10.350015457658325,7.480357923630239,1.0,1.0,1.0,0.0,0.0,1.0
31,140,10.612502231886262,12.0,1.0,1.0,0.0,1.0,0.0,1.0
32,140,10.965118059898916,7.038326244800064,0.0,0.0,0.0,0.0,0.0,0.0
33,140,0.0,5.537815856157228,1.0,0.0,0.0,0.0,0.0,0.0
34,140,11.296539718000936,6.146472370954784,1.0,1.0,0.0,0.0,0.0,0.0
35,140,8.112963088114302,4.4408226444351815,0.0,0.0,1.0,1.0,0.0,0.0
36,140,2.5640351507512005,10.21382510958178,1.0,1.0,1.0,1.0,1.0,0.0
37,140,9.102483281732091,1.6916830367172568,0.0,0.0,0.0,0.0,1.0,1.0
38,140,12.0,4.265965120346362,0.0,0.0,0.0,0.0,0.0,0.0
39,140,1.2700129641943376,1.5466844281160244,0.0,1.0,0.0,0.0,0.0,1.0
0,145,3.969175541428964,0.0,0.0,0.0,1.0,0.0,1.0,1.0
1,145,11.254186927902976,1.2048428570818286,0.0,1.0,0.0,1.0,0.0,1.0
2,145,0.5734444547769117,1.394553375392619,0.0,1.0,1.0,1.0,0.0,1.0
3,145,9.71610700217832,4.635588404876295,1.0,0.0,1.0,0.0,1.0,1.0
4,145,0.0614474343814603,7.073944521356717,1.0,1.0,0.0,1.0,0.0,0.0
5,145,10.301270995057196,12.0,1.0,0.0,0.0,1.0,1.0,0.0
6,145,0.4826921556352341,8.933771292399816,0.0,1.0,0.0,1.0,1.0,0.0
7,145,7.538832149559201,8.49484294262251,0.0,0.0,1.0,0.0,0.0,0.0
8,145,5.205138182114618,2.4362874408708635,0.0,1.0,1.0,1.0,1.0,1.0
9,145,1.119947145087255,1.4560913700886151,1.0,1.0,0.0,0.0,0.0,0.0
10,145,0.0,2.0947854769183607,1.0,0.0,0.0,0.0,1.0,1.0
11,145,10.368726742379476,12.0,1.0,0.0,1.0,1.0,0.0,1.0
12,145,5.433938416219202,2.615678631945148,0.0,1.0,0.0,0.0,0.0,0.0
13,145,6.707474355568517,8.242463144955844,0.0,0.0,1.0,0.0,0.0,0.0
14,145,0.1907645988903873,9.88258105274513,0.0,1.0,0.0,1.0,1.0,0.0
15,145,1.2976731140182989,2.81599983962633,1.0,0.0,0.0,1.0,1.0,0.0
16,145,6.182824491758186,11.513912481191497,1.0,0.0,0.0,1.0,0.0,1.0
17,145,8.613062774443238,8.345037430520595,1.0,1.0,0.0,0.0,0.0,0.0
18,145,3.9527488948772342,9.039244630327287,0.0,0.0,1.0,0.0,1.0,1.0
19,145,5.6527543762270245,7.326172864984046,1.0,0.0,0.0,1.0,0.0,1.0
20,145,12.0,3.9279583583811912,0.0,0.0,0.0,1.0,0.0,0.0
21,145,11.353131725704175,4.803403427006146,0.0,0.0,0.0,1.0,1.0,0.0
22,145,5.241420062232998,9.100978893678471,0.0,0.0,1.0,0.0,0.0,1.0
23,145,5.82441036320836,7.8162385892790756,1.0,0.0,0.0,1.0,0.0,0.0
24,145,6.444325642695586,0.0,0.0,0.0,1.0,1.0,0.0,0.0
25,145,10.969860086458755,5.583437695321968,0.0,0.0,1.0,0.0,0.0,1.0
26,145,6.035005786773046,11.054940158927282,0.0,0.0,1.0,0.0,0.0,0.0
27,145,9.151414431887275,4.280616382644462,1.0,0.0,0.0,0.0,1.0,1.0
28,145,2.702734361245601,9.970252886643776,1.0,1.0,1.0,0.0,0.0,0.0
29,145,8.19445828166768,5.821493341561585,0.0,1.0,0.0,0.0,1.0,0.0
30,145,10.359772506793467,7.379161909022255,1.0,1.0,1.0,0.0,0.0,1.0
31,145,10.53188746673252,12.0,1.0,1.0,0.0,1.0,0.0,1.0
32,145,10.939441064112684,7.039596083955483,0.0,0.0,0.0,0.0,0.0,0.0
33,145,0.0,5.565535677278041,1.0,0.0,0.0,0.0,0.0,0.0
34,145,11.312043226748756,5.91754952803136,1.0,1.0,0.0,0.0,0.0,0.0
35,145,8.074773683935241,4.388448624341356,0.0,0.0,1.0,1.0,0.0,0.0
36,145,2.610733483792929,10.219028477687385,1.0,1.0,1.0,1.0,1.0,0.0
37,145,9.080365077638364,1.759371918412893,0.0,0.0,0.0,0.0,1.0,1.0
38,145,12.0,4.284058632340566,0.0,0.0,0.0,0.0,0.0,0.0
39,145,1.217118165809139,1.513998042059466,0.0,1.0,0.0,0.0,0.0,1.0
0,150,3.987102626792338,0.0,0.0,0.0,1.0,0.0,1.0,1.0
1,150,11.287780389173385,1.2343232442278202,0.0,1.0,0.0,1.0,0.0,1.0
2,150,0.4506975181995736,1.4153922178294411,0.0,1.0,1.0,1.0,0.0,1.0
3,150,9.704274045311578,4.584327495035838,1.0,0.0,1.0,0.0,1.0,1.0
4,150,0.0,7.030902084477446,1.0,1.0,0.0,1.0,0.0,0.0
5,150,10.308314038061942,12.0,1.0,0.0,0.0,1.0,1.0,0.0
6,150,0.3109698754603719,8.81032918818548,0.0,1.0,0.0,1.0,1.0,0.0
7,150,7.562013146594978,8.473597355114766,0.0,0.0,1.0,0.0,0.0,0.0
8,150,5.322265919551678,2.454939695550113,0.0,1.0,1.0,1.0,1.0,1.0
9,150,1.200779941403969,1.402910449696143,1.0,1.0,0.0,0.0,0.0,0.0
10,150,0.0,2.110423872287742,1.0,0.0,0.0,0.0,1.0,1.0
11,150,10.313492214512085,12.0,1.0,0.0,1.0,1.0,0.0,1.0
12,150,5.540550895272145,2.5192315918735444,0.0,1.0,0.0,0.0,0.0,0.0
13,150,6.69271398835806,8.169348453426496,0.0,0.0,1.0,0.0,0.0,0.0
14,150,0.1679707532383322,9.75414491965441,0.0,1.0,0.0,1.0,1.0,0.0
15,150,1.3596299718819485,2.80920267590045,1.0,0.0,0.0,1.0,1.0,0.0
16,150,6.223359259165579,11.532867060899546,1.0,0.0,0.0,1.0,0.0,1.0
17,150,8.659295704276136,8.483591119027503,1.0,1.0,0.0,0.0,0.0,0.0
18,150,3.9720076219035767,8.977238358358187,0.0,0.0,1.0,0.0,1.0,1.0
19,150,5.808870412696315,7.2768533987131345,1.0,0.0,0.0,1.0,0.0,1.0
20,150,12.0,3.804962661682677,0.0,0.0,0.0,1.0,0.0,0.0
21,150,11.326581995758776,4.809321431442124,0.0,0.0,0.0,1.0,1.0,0.0
22,150,5.204067390420941,9.013805334574371,0.0,0.0,1.0,0.0,0.0,1.0
23,150,5.768725310054623,7.906770943091088,1.0,0.0,0.0,1.0,0.0,0.0
24,150,6.376355519608184,0.0,0.0,0.0,1.0,1.0,0.0,0.0
25,150,10.966689643278094,5.590084230116838,0.0,0.0,1.0,0.0,0.0,1.0
26,150,6.0372892651688375,11.04474021449172,0.0,0.0,1.0,0.0,0.0,0.0
27,150,9.179076066384445,4.197114432733462,1.0,0.0,0.0,0.0,1.0,1.0
28,150,2.692902274199016,9.970142995866354,1.0,1.0,1.0,0.0,0.0,0.0
29,150,8.147279149568767,5.810686214117212,0.0,1.0,0.0,0.0,1.0,0.0
30,150,10.370355029755205,7.280149336077008,1.0,1.0,1.0,0.0,0.0,1.0
31,150,10.449621815397691,12.0,1.0,1.0,0.0,1.0,0.0,1.0
32,150,10.908826420462669,7.041415228237379,0.0,0.0,0.0,0.0,0.0,0.0
33,150,0.0,5.596601278157771,1.0,0.0,0.0,0.0,0.0,0.0
34,150,11.326304707381004,5.696785284965958,1.0,1.0,0.0,0.0,0.0,0.0
35,150,8.032473489180374,4.327540644423995,0.0,0.0,1.0,1.0,0.0,0.0
36,150,2.687541181910691,10.226992896047491,1.0,1.0,1.0,1.0,1.0,0.0
37,150,9.060143232587276,1.8224461384943933,0.0,0.0,0.0,0.0,1.0,1.0
38,150,12.0,4.300901717624871,0.0,0.0,0.0,0.0,0.0,0.0
39,150,1.143444505534536,1.4695999559637944,0.0,1.0,0.0,0.0,0.0,1.0
0,155,4.004586614878199,0.0,0.0,0.0,1.0,0.0,1.0,1.0
1,155,11.308182689512796,1.2512539151168232,0.0,1.0,0.0,1.0,0.0,1.0
2,155,0.3303100181028703,1.4358970448815611,0.0,1.0,1.0,1.0,0.0,1.0
3,155,9.689276748770563,4.523196306606036,1.0,0.0,1.0,0.0,1.0,1.0
4,155,0.0,6.993005486886931,1.0,1.0,0.0,1.0,0.0,0.0
5,155,10.317566844175523,12.0,1.0,0.0,0.0,1.0,1.0,0.0
6,155,0.1477967367160801,8.692754467701299,0.0,1.0,0.0,1.0,1.0,0.0
7,155,7.565500385583563,8.47022612942537,0.0,0.0,1.0,0.0,0.0,0.0
8,155,5.436523691965631,2.4704577445195897,0.0,1.0,1.0,1.0,1.0,1.0
9,155,1.2821667374053731,1.353044256262702,1.0,1.0,0.0,0.0,0.0,0.0
10,155,0.0,2.126175577984202,1.0,0.0,0.0,0.0,1.0,1.0
11,155,10.257509954363512,12.0,1.0,0.0,1.0,1.0,0.0,1.0
12,155,5.65013522986782,2.4223720308195458,0.0,1.0,0.0,0.0,0.0,0.0
13,155,6.677757395138283,8.091759845177714,0.0,0.0,1.0,0.0,0.0,0.0
14,155,0.1446256282143991,9.616328358451122,0.0,1.0,0.0,1.0,1.0,0.0
15,155,1.4027875119348234,2.805202222267637,1.0,0.0,0.0,1.0,1.0,0.0
16,155,6.257464477081852,11.549347712595443,1.0,0.0,0.0,1.0,0.0,1.0
17,155,8.70028464633776,8.618762684248756,1.0,1.0,0.0,0.0,0.0,0.0
18,155,3.9941667209882574,8.909676484474698,0.0,0.0,1.0,0.0,1.0,1.0
19,155,5.950440116275536,7.228893934474838,1.0,0.0,0.0,1.0,0.0,1.0
20,155,12.0,3.678731753130013,0.0,0.0,0.0,1.0,0.0,0.0
21,155,11.282195157146852,4.819949925366439,0.0,0.0,0.0,1.0,1.0,0.0
22,155,5.1650992745782585,8.922831019523102,0.0,0.0,1.0,0.0,0.0,1.0
23,155,5.707598769866103,8.007960717419166,1.0,0.0,0.0,1.0,0.0,0.0
24,155,6.328744020632648,0.0,0.0,0.0,1.0,1.0,0.0,0.0
25,155,10.960691217792192,5.602825632676179,0.0,0.0,1.0,0.0,0.0,1.0
26,155,6.039142325978399,11.034773068322211,0.0,0.0,1.0,0.0,0.0,0.0
27,155,9.199762491919609,4.1312200921419935,1.0,0.0,0.0,0.0,1.0,1.0
28,155,2.692648701841033,9.9701373319565,1.0,1.0,1.0,0.0,0.0,0.0
29,155,8.082327570079983,5.796128666162097,0.0,1.0,0.0,0.0,1.0,0.0
30,155,10.381794696423857,7.180193434146039,1.0,1.0,1.0,0.0,0.0,1.0
31,155,10.373983868191187,12.0,1.0,1.0,0.0,1.0,0.0,1.0
32,155,10.890331507746534,7.042488284805234,0.0,0.0,0.0,0.0,0.0,0.0
33,155,0.0,5.626824596289463,1.0,0.0,0.0,0.0,0.0,0.0
34,155,11.337995632323643,5.462102946558472,1.0,1.0,0.0,0.0,0.0,0.0
35,155,7.983892329442551,4.2613682619916124,0.0,0.0,1.0,1.0,0.0,0.0
36,155,2.735674193192806,10.231085922596671,1.0,1.0,1.0,1.0,1.0,0.0
37,155,9.040002955296751,1.8825552512744936,0.0,0.0,0.0,0.0,1.0,1.0
38,155,12.0,4.314612080657691,0.0,0.0,0.0,0.0,0.0,0.0
39,155,1.097095534282727,1.4397036519623725,0.0,1.0,0.0,0.0,0.0,1.0
0,160,4.021911036622037,0.0,0.0,0.0,1.0,0.0,1.0,1.0
1,160,11.317833358701275,1.2590452567243422,0.0,1.0,0.0,1.0,0.0,1.0
2,160,0.1912295184437987,1.4585947041269198,0.0,1.0,1.0,1.0,0.0,1.0
3,160,9.67929074097808,4.473306348717638,1.0,0.0,1.0,0.0,1.0,1.0
4,160,0.0,6.9594123190833646,1.0,1.0,0.0,1.0,0.0,0.0
5,160,10.326789622195443,12.0,1.0,0.0,0.0,1.0,1.0,0.0
6,160,0.0,8.571555103413383,0.0,1.0,0.0,1.0,1.0,0.0
7,160,7.578439715027352,8.45776182001307,0.0,0.0,1.0,0.0,0.0,0.0
8,160,5.530345884032034,2.4802465410253167,0.0,1.0,1.0,1.0,1.0,1.0
9,160,1.3646296406097054,1.3007478151638163,1.0,1.0,0.0,0.0,0.0,0.0
10,160,0.0,2.1367931595126755,1.0,0.0,0.0,0.0,1.0,1.0
11,160,10.20660839075701,12.0,1.0,0.0,1.0,1.0,0.0,1.0
12,160,5.760004674491587,2.321780366065945,0.0,1.0,0.0,0.0,0.0,0.0
13,160,6.663148752245505,8.027743563379703,0.0,0.0,1.0,0.0,0.0,0.0
14,160,0.1191759908041459,9.468362076725338,0.0,1.0,0.0,1.0,1.0,0.0
15,160,1.450245448383158,2.801132793118388,1.0,0.0,0.0,1.0,1.0,0.0
16,160,6.284507918894946,11.562016262048973,1.0,0.0,0.0,1.0,0.0,1.0
17,160,8.73980259246722,8.754592557948818,1.0,1.0,0.0,0.0,0.0,0.0
18,160,4.010661357160801,8.865324697991044,0.0,0.0,1.0,0.0,1.0,1.0
19,160,6.096611129506169,7.178672897217918,1.0,0.0,0.0,1.0,0.0,1.0
20,160,12.0,3.549069562853023,0.0,0.0,0.0,1.0,0.0,0.0
21,160,11.24193536700841,4.82870792175551,0.0,0.0,0.0,1.0,1.0,0.0
22,160,5.126349456270926,8.834523335596037,0.0,0.0,1.0,0.0,0.0,1.0
23,160,5.639658771578485,8.121773069407988,1.0,0.0,0.0,1.0,0.0,0.0
24,160,6.266809357873324,0.0,0.0,0.0,1.0,1.0,0.0,0.0
25,160,10.941156633430507,5.643947448004585,0.0,0.0,1.0,0.0,0.0,1.0
26,160,6.040360558950125,11.028208506144136,0.0,0.0,1.0,0.0,0.0,0.0
27,160,9.22243960394796,4.061895206142015,1.0,0.0,0.0,0.0,1.0,1.0
28,160,2.7193034851575537,9.971131035636004,1.0,1.0,1.0,0.0,0.0,0.0
29,160,8.046177635417791,5.789573267330701,0.0,1.0,0.0,0.0,1.0,0.0
30,160,10.3977925218285,7.052185181052452,1.0,1.0,1.0,0.0,0.0,1.0
31,160,10.311752681764528,12.0,1.0,1.0,0.0,1.0,0.0,1.0
32,160,10.88770428515134,7.042634557967324,0.0,0.0,0.0,0.0,0.0,0.0
33,160,0.0,5.65453809522884,1.0,0.0,0.0,0.0,0.0,0.0
34,160,11.345739963822766,5.220115881941777,1.0,1.0,0.0,0.0,0.0,0.0
35,160,7.945306581412975,4.207357066190183,0.0,0.0,1.0,1.0,0.0,0.0
36,160,2.7666787897469787,10.234224388871615,1.0,1.0,1.0,1.0,1.0,0.0
37,160,9.024221628216129,1.9326650628359117,0.0,0.0,0.0,0.0,1.0,1.0
38,160,12.0,4.325515998595048,0.0,0.0,0.0,0.0,0.0,0.0
39,160,1.0464858804257051,1.408733051591205,0.0,1.0,0.0,0.0,0.0,1.0
0,165,4.039496736066429,0.0,0.0,0.0,1.0,0.0,1.0,1.0
1,165,11.31512140171634,1.2568513633024798,0.0,1.0,0.0,1.0,0.0,1.0
2,165,0.0469890012695442,1.4804292700621744,0.0,1.0,1.0,1.0,0.0,1.0
3,165,9.67468861125968,4.453552949231026,1.0,0.0,1.0,0.0,1.0,1.0
4,165,0.0,6.931995562333041,1.0,1.0,0.0,1.0,0.0,0.0
5,165,10.34242029853865,12.0,1.0,0.0,0.0,1.0,1.0,0.0
6,165,0.0,8.452365961987386,0.0,1.0,0.0,1.0,1.0,0.0
7,165,7.591068523422643,8.445472934679165,0.0,0.0,1.0,0.0,0.0,0.0
8,165,5.655496049401376,2.4935340114097024,0.0,1.0,1.0,1.0,1.0,1.0
9,165,1.4621661218690851,1.237148886085095,1.0,1.0,0.0,0.0,0.0,0.0
10,165,0.0,2.1449542503568426,1.0,0.0,0.0,0.0,1.0,1.0
11,165,10.156986343939195,12.0,1.0,0.0,1.0,1.0,0.0,1.0
12,165,5.852631536488401,2.238503776883795,0.0,1.0,0.0,0.0,0.0,0.0
13,165,6.649900592660813,7.963554253525488,0.0,0.0,1.0,0.0,0.0,0.0
14,165,0.0970882453365384,9.315231958862496,0.0,1.0,0.0,1.0,1.0,0.0
15,165,1.5234888388403214,2.7958459395092885,1.0,0.0,0.0,1.0,1.0,0.0
16,165,6.334380023997885,11.585773192318069,1.0,0.0,0.0,1.0,0.0,1.0
17,165,8.779101282024733,8.894113728390794,1.0,1.0,0.0,0.0,0.0,0.0
18,165,4.037784511763323,8.79230589707199,0.0,0.0,1.0,0.0,1.0,1.0
19,165,6.252044957571902,7.127655441291068,1.0,0.0,0.0,1.0,0.0,1.0
20,165,12.0,3.4205971470190475,0.0,0.0,0.0,1.0,0.0,0.0
21,165,11.196635047902484,4.838991426762231,0.0,0.0,0.0,1.0,1.0,0.0
22,165,5.094203994744687,8.752782393366076,0.0,0.0,1.0,0.0,0.0,1.0
23,165,5.575001185756074,8.220993554265513,1.0,0.0,0.0,1.0,0.0,0.0
24,165,6.207412435966506,0.0,0.0,0.0,1.0,1.0,0.0,0.0
25,165,10.915959608616967,5.698687881071644,0.0,0.0,1.0,0.0,0.0,1.0
26,165,6.045014874206231,10.99962593920497,0.0,0.0,1.0,0.0,0.0,0.0
27,165,9.249861885534434,3.986161950360984,1.0,0.0,0.0,0.0,1.0,1.0
28,165,2.752112253200256,9.972076505837997,1.0,1.0,1.0,0.0,0.0,0.0
29,165,7.984728400262623,5.779501840289461,0.0,1.0,0.0,0.0,1.0,0.0
30,165,10.414352698960348,6.933272538334763,1.0,1.0,1.0,0.0,0.0,1.0
31,165,10.240906851168033,12.0,1.0,1.0,0.0,1.0,0.0,1.0
32,165,10.88990134634978,7.0425167087853175,0.0,0.0,0.0,0.0,0.0,0.0
33,165,0.0,5.687154370938183,1.0,0.0,0.0,0.0,0.0,0.0
34,165,11.35354298284786,4.965276374767139,1.0,1.0,0.0,0.0,0.0,0.0
35,165,7.904074758153173,4.236084300825169,0.0,0.0,1.0,1.0,0.0,0.0
36,165,2.7966686779425323,10.237368055842415,1.0,1.0,1.0,1.0,1.0,0.0
37,165,9.013470153137328,1.9690769608380163,0.0,0.0,0.0,0.0,1.0,1.0
38,165,12.0,4.334780234351337,0.0,0.0,0.0,0.0,0.0,0.0
39,165,1.0066553365554631,1.3857952472973674,0.0,1.0,0.0,0.0,0.0,1.0
0,170,4.06206125847217,0.0,0.0,0.0,1.0,0.0,1.0,1.0
1,170,11.302747916601737,1.2466839878423963,0.0,1.0,0.0,1.0,0.0,1.0
2,170,0.0,1.503848543768854,0.0,1.0,1.0,1.0,0.0,1.0
3,170,9.674325335091089,4.451810448316439,1.0,0.0,1.0,0.0,1.0,1.0
4,170,0.0,6.90602955179895,1.0,1.0,0.0,1.0,0.0,0.0
5,170,10.35645944457106,12.0,1.0,0.0,0.0,1.0,1.0,0.0
6,170,0.0,8.320301453331508,0.0,1.0,0.0,1.0,1.0,0.0
7,170,7.612039277560461,8.425118035727774,0.0,0.0,1.0,0.0,0.0,0.0
8,170,5.757309711830793,2.503842728663398,0.0,1.0,1.0,1.0,1.0,1.0
9,170,1.5549252949604428,1.173625311231372,1.0,1.0,0.0,0.0,0.0,0.0
10,170,0.0,2.1548731297614694,1.0,0.0,0.0,0.0,1.0,1.0
11,170,10.113857447864468,12.0,1.0,0.0,1.0,1.0,0.0,1.0
12,170,5.957794230146429,2.140293885678695,0.0,1.0,0.0,0.0,0.0,0.0
13,170,6.636400777182614,7.896418199539338,0.0,0.0,1.0,0.0,0.0,0.0
14,170,0.0725801859602305,9.156055494799732,0.0,1.0,0.0,1.0,1.0,0.0
15,170,1.5614840649424842,2.793719398235735,1.0,0.0,0.0,1.0,1.0,0.0
16,170,6.398183229869541,11.617661738700436,1.0,0.0,0.0,1.0,0.0,1.0
17,170,8.81662878812492,9.031890135511302,1.0,1.0,0.0,0.0,0.0,0.0
18,170,4.060134109405674,8.728753504883121,0.0,0.0,1.0,0.0,1.0,1.0
19,170,6.417255931182575,7.078918281274342,1.0,0.0,0.0,1.0,0.0,1.0
20,170,12.0,3.284997923579053,0.0,0.0,0.0,1.0,0.0,0.0
21,170,11.140089769285058,4.851332172404426,0.0,0.0,0.0,1.0,1.0,0.0
22,170,5.062222594350089,8.671919645417447,0.0,0.0,1.0,0.0,0.0,1.0
23,170,5.5138732898436045,8.319008111828957,1.0,0.0,0.0,1.0,0.0,0.0
24,170,6.144351825218637,0.0,0.0,0.0,1.0,1.0,0.0,0.0
25,170,10.890437271090878,5.756727645397019,0.0,0.0,1.0,0.0,0.0,1.0
26,170,6.048220872308106,10.981991613010306,0.0,0.0,1.0,0.0,0.0,0.0
27,170,9.27159501035884,3.924547674257671,1.0,0.0,0.0,0.0,1.0,1.0
28,170,2.774769170485321,9.97283053925811,1.0,1.0,1.0,0.0,0.0,0.0
29,170,7.939970805970301,5.773189638163748,0.0,1.0,0.0,0.0,1.0,0.0
30,170,10.426267682016585,6.816113790823485,1.0,1.0,1.0,0.0,0.0,1.0
31,170,10.176012654656788,12.0,1.0,1.0,0.0,1.0,0.0,1.0
32,170,10.90859021750872,7.041451411847139,0.0,0.0,0.0,0.0,0.0,0.0
33,170,0.0,5.723261668171392,1.0,0.0,0.0,0.0,0.0,0.0
34,170,11.360428881099237,4.711828800005961,1.0,1.0,0.0,0.0,0.0,0.0
35,170,7.86999696198465,4.260693633172234,0.0,0.0,1.0,1.0,0.0,0.0
36,170,2.811665422873813,10.23911420661949,1.0,1.0,1.0,1.0,1.0,0.0
37,170,9.002255748103467,2.003976859424852,0.0,0.0,0.0,0.0,1.0,1.0
38,170,12.0,4.344514874782727,0.0,0.0,0.0,0.0,0.0,0.0
39,170,0.9729869402147256,1.3673004231835315,0.0,1.0,0.0,0.0,0.0,1.0
0,175,4.08115874098301,0.0,0.0,0.0,1.0,0.0,1.0,1.0
1,175,11.30002543375365,1.244601408790483,0.0,1.0,0.0,1.0,0.0,1.0
2,175,0.0,1.522923242600409,0.0,1.0,1.0,1.0,0.0,1.0
3,175,9.672818951686573,4.444666811454361,1.0,0.0,1.0,0.0,1.0,1.0
4,175,0.0,6.876300647131641,1.0,1.0,0.0,1.0,0.0,0.0
5,175,10.372230903854094,12.0,1.0,0.0,0.0,1.0,1.0,0.0
6,175,0.0,8.175661490879145,0.0,1.0,0.0,1.0,1.0,0.0
7,175,7.625118413219472,8.412000555297295,0.0,0.0,1.0,0.0,0.0,0.0
8,175,5.856188560965848,2.513746824337943,0.0,1.0,1.0,1.0,1.0,1.0
9,175,1.6423109341421354,1.1099827381996104,1.0,1.0,0.0,0.0,0.0,0.0
10,175,0.0,2.164619651161373,1.0,0.0,0.0,0.0,1.0,1.0
11,175,10.070329782509123,12.0,1.0,0.0,1.0,1.0,0.0,1.0
12,175,6.059565486479718,2.044291496184204,0.0,1.0,0.0,0.0,0.0,0.0
13,175,6.621379631626979,7.826208882325608,0.0,0.0,1.0,0.0,0.0,0.0
14,175,0.0477086052391275,8.992213474157781,0.0,1.0,0.0,1.0,1.0,0.0
15,175,1.585756322004167,2.79241575661368,1.0,0.0,0.0,1.0,1.0,0.0
16,175,6.423588440703841,11.568597820325031,1.0,0.0,0.0,1.0,0.0,1.0
17,175,8.855500159369978,9.167999283677077,1.0,1.0,0.0,0.0,0.0,0.0
18,175,4.079948277941567,8.668301623538353,0.0,0.0,1.0,0.0,1.0,1.0
19,175,6.590147525726192,7.035319373203024,1.0,0.0,0.0,1.0,0.0,1.0
20,175,12.0,3.145211195080122,0.0,0.0,0.0,1.0,0.0,0.0
21,175,11.099229884393514,4.86123963089252,0.0,0.0,0.0,1.0,1.0,0.0
22,175,5.026022641742502,8.585080635162328,0.0,0.0,1.0,0.0,0.0,1.0
23,175,5.441972153881794,8.434796995549462,1.0,0.0,0.0,1.0,0.0,0.0
24,175,6.065872763810631,0.0,0.0,0.0,1.0,1.0,0.0,0.0
25,175,10.863436551918005,5.820092498611712,0.0,0.0,1.0,0.0,0.0,1.0
26,175,6.052962991190454,10.956546463219247,0.0,0.0,1.0,0.0,0.0,0.0
27,175,9.29284407258605,3.858969766062772,1.0,0.0,0.0,0.0,1.0,1.0
28,175,2.8177909002406607,9.973433922645826,1.0,1.0,1.0,0.0,0.0,0.0
29,175,7.881643063077159,5.76446566188527,0.0,1.0,0.0,0.0,1.0,0.0
30,175,10.435837815558536,6.697161093094881,1.0,1.0,1.0,0.0,0.0,1.0
31,175,10.103341408309442,12.0,1.0,1.0,0.0,1.0,0.0,1.0
32,175,10.92674632956042,7.040179493768421,0.0,0.0,0.0,0.0,0.0,0.0
33,175,0.0,5.753575047824694,1.0,0.0,0.0,0.0,0.0,0.0
34,175,11.365510820772746,4.453284816907597,1.0,1.0,0.0,0.0,0.0,0.0
35,175,7.836948348364568,4.283769191656768,0.0,0.0,1.0,1.0,0.0,0.0
36,175,2.82800800347611,10.241474328920011,1.0,1.0,1.0,1.0,1.0,0.0
37,175,8.989752541472921,2.0436227935412408,0.0,0.0,0.0,0.0,1.0,1.0
38,175,12.0,4.355684166104766,0.0,0.0,0.0,0.0,0.0,0.0
39,175,0.9562101508081488,1.3583462701184974,0.0,1.0,0.0,0.0,0.0,1.0
0,180,4.100628104085565,0.0,0.0,0.0,1.0,0.0,1.0,1.0
1,180,11.304168027355573,1.2478116908076444,0.0,1.0,0.0,1.0,0.0,1.0
2,180,0.0,1.543009612667223,0.0,1.0,1.0,1.0,0.0,1.0
3,180,9.666990595295154,4.420435335098638,1.0,0.0,1.0,0.0,1.0,1.0
4,180,0.0,6.843636103863997,1.0,1.0,0.0,1.0,0.0,0.0
5,180,10.385201246157669,12.0,1.0,0.0,0.0,1.0,1.0,0.0
6,180,0.0,8.029533732648234,0.0,1.0,0.0,1.0,1.0,0.0
7,180,7.654532104942203,8.38278118855821,0.0,0.0,1.0,0.0,0.0,0.0
8,180,5.965229677050645,2.521988618827826,0.0,1.0,1.0,1.0,1.0,1.0
9,180,1.7185679136324814,1.0523658210052924,1.0,1.0,0.0,0.0,0.0,0.0
10,180,0.0,2.1796123262883134,1.0,0.0,0.0,0.0,1.0,1.0
11,180,10.01431642519782,12.0,1.0,0.0,1.0,1.0,0.0,1.0
12,180,6.167398249926885,1.9432278910568213,0.0,1.0,0.0,0.0,0.0,0.0
13,180,6.604672191361034,7.744805425078648,0.0,0.0,1.0,0.0,0.0,0.0
14,180,0.0197328143325809,8.803742009043798,0.0,1.0,0.0,1.0,1.0,0.0
15,180,1.6118279831170017,2.7911740803713423,1.0,0.0,0.0,1.0,1.0,0.0
16,180,6.452186236483778,11.511819909609668,1.0,0.0,0.0,1.0,0.0,1.0
17,180,8.898340054419302,9.317103867040284,1.0,1.0,0.0,0.0,0.0,0.0
18,180,4.101419500960137,8.596037845535678,0.0,0.0,1.0,0.0,1.0,1.0
19,180,6.736422810004861,6.995718636106891,1.0,0.0,0.0,1.0,0.0,1.0
20,180,12.0,2.9997916052812594,0.0,0.0,0.0,1.0,0.0,0.0
21,180,11.05931508509063,4.8709306173479225,0.0,0.0,0.0,1.0,1.0,0.0
22,180,4.990110666928813,8.500507915375003,0.0,0.0,1.0,0.0,0.0,1.0
23,180,5.386184298486596,8.532450772916764,1.0,0.0,0.0,1.0,0.0,0.0
24,180,5.998894273644314,0.0,0.0,0.0,1.0,1.0,0.0,0.0
25,180,10.831343261992956,5.89282684086307,0.0,0.0,1.0,0.0,0.0,1.0
26,180,6.0582281306942605,10.922697194469649,0.0,0.0,1.0,0.0,0.0,0.0
27,180,9.313046988297248,3.800621332575909,1.0,0.0,0.0,0.0,1.0,1.0
28,180,2.8766798505727107,9.974539767097584,1.0,1.0,1.0,0.0,0.0,0.0
29,180,7.819963819992378,5.756345896744611,0.0,1.0,0.0,0.0,1.0,0.0
30,180,10.44529693740749,6.570545657767562,1.0,1.0,1.0,0.0,0.0,1.0
31,180,10.045754753643251,12.0,1.0,1.0,0.0,1.0,0.0,1.0
32,180,10.940465814766563,7.039354565704823,0.0,0.0,0.0,0.0,0.0,0.0
33,180,0.0,5.786426666165801,1.0,0.0,0.0,0.0,0.0,0.0
34,180,11.371992688075578,4.193609895985836,1.0,1.0,0.0,0.0,0.0,0.0
35,180,7.796284427184308,4.313440070082594,0.0,0.0,1.0,1.0,0.0,0.0
36,180,2.8148611941597106,10.239633781472431,1.0,1.0,1.0,1.0,1.0,0.0
37,180,8.975112838505169,2.090171823654234,0.0,0.0,0.0,0.0,1.0,1.0
38,180,12.0,4.36671717798277,0.0,0.0,0.0,0.0,0.0,0.0
39,180,0.9656863303460248,1.3636959601878222,0.0,1.0,0.0,0.0,0.0,1.0
0,185,4.117783340990915,0.0,0.0,0.0,1.0,0.0,1.0,1.0
1,185,11.299171291359556,1.2438582166451166,0.0,1.0,0.0,1.0,0.0,1.0
2,185,0.0,1.5642662023869816,0.0,1.0,1.0,1.0,0.0,1.0
3,185,9.628443293193598,4.428898922490481,1.0,0.0,1.0,0.0,1.0,1.0
4,185,0.0,6.822959363400706,1.0,1.0,0.0,1.0,0.0,0.0
5,185,10.3989198525898,12.0,1.0,0.0,0.0,1.0,1.0,0.0
6,185,0.0,7.881632807830595,0.0,1.0,0.0,1.0,1.0,0.0
7,185,7.688146383001831,8.347340365590064,0.0,0.0,1.0,0.0,0.0,0.0
8,185,6.05792286619604,2.5302416415651896,0.0,1.0,1.0,1.0,1.0,1.0
9,185,1.8031937899303323,0.99041189473688,1.0,1.0,0.0,0.0,0.0,0.0
10,185,0.0,2.1918151444902265,1.0,0.0,0.0,0.0,1.0,1.0
11,185,9.962904155214982,12.0,1.0,0.0,1.0,1.0,0.0,1.0
12,185,6.264653048356572,1.850184528646044,0.0,1.0,0.0,0.0,0.0,0.0
13,185,6.584094840880015,7.646472709573175,0.0,0.0,1.0,0.0,0.0,0.0
14,185,0.0,8.594716344322944,0.0,1.0,0.0,1.0,1.0,0.0
15,185,1.639278830229678,2.7899069139015973,1.0,0.0,0.0,1.0,1.0,0.0
16,185,6.497416168052361,11.421833851025813,1.0,0.0,0.0,1.0,0.0,1.0
17,185,8.949824800048166,9.490362244412257,1.0,1.0,0.0,0.0,0.0,0.0
18,185,4.119099431961463,8.538326138078835,0.0,0.0,1.0,0.0,1.0,1.0
19,185,6.881358540047303,6.957344890422454,1.0,0.0,0.0,1.0,0.0,1.0
20,185,12.0,2.8304812331492832,0.0,0.0,0.0,1.0,0.0,0.0
21,185,11.001226279696295,4.88356012625891,0.0,0.0,0.0,1.0,1.0,0.0
22,185,4.957839057556864,8.42468766092738,0.0,0.0,1.0,0.0,0.0,1.0
23,185,5.326085029463144,8.634144929725682,1.0,0.0,0.0,1.0,0.0,0.0
24,185,5.939080507694303,0.0,0.0,0.0,1.0,1.0,0.0,0.0
25,185,10.80401503203365,5.956927094202849,0.0,0.0,1.0,0.0,0.0,1.0
26,185,6.062273428740082,10.895115566670976,0.0,0.0,1.0,0.0,0.0,0.0
27,185,9.331042811831065,3.748231496627757,1.0,0.0,0.0,0.0,1.0,1.0
28,185,2.9448670569774675,9.975975263897883,1.0,1.0,1.0,0.0,0.0,0.0
29,185,7.780832943577779,5.750564528961371,0.0,1.0,0.0,0.0,1.0,0.0
30,185,10.449368194199977,6.439551877032532,1.0,1.0,1.0,0.0,0.0,1.0
31,185,10.011167307810911,12.0,1.0,1.0,0.0,1.0,0.0,1.0
32,185,10.96570003967962,7.038617857941696,0.0,0.0,0.0,0.0,0.0,0.0
33,185,0.0,5.821036332970102,1.0,0.0,0.0,0.0,0.0,0.0
34,185,11.3836231096866,3.933990620850129,1.0,1.0,0.0,0.0,0.0,0.0
35,185,7.76079577303603,4.339931340119238,0.0,0.0,1.0,1.0,0.0,0.0
36,185,2.780725043303071,10.234575255102223,1.0,1.0,1.0,1.0,1.0,0.0
37,185,8.95910181550229,2.1377852872119645,0.0,0.0,0.0,0.0,1.0,1.0
38,185,12.0,4.273179011475466,0.0,0.0,0.0,0.0,0.0,0.0
39,185,0.9724480973723322,1.367508436344025,0.0,1.0,0.0,0.0,0.0,1.0
0,190,4.139861914506041,0.0,0.0,0.0,1.0,0.0,1.0,1.0
1,190,11.302158007440893,1.246313488065948,0.0,1.0,0.0,1.0,0.0,1.0
2,190,0.0,1.5831003848099163,0.0,1.0,1.0,1.0,0.0,1.0
3,190,9.590321689434193,4.437879292906772,1.0,0.0,1.0,0.0,1.0,1.0
4,190,0.0,6.802805025356761,1.0,1.0,0.0,1.0,0.0,0.0
5,190,10.414200907041446,12.0,1.0,0.0,0.0,1.0,1.0,0.0
6,190,0.0,7.734528996235214,0.0,1.0,0.0,1.0,1.0,0.0
7,190,7.737363315630404,8.296267496312817,0.0,0.0,1.0,0.0,0.0,0.0
8,190,6.160246701897609,2.538579721341782,0.0,1.0,1.0,1.0,1.0,1.0
9,190,1.8667941585394183,0.9432157991085882,1.0,1.0,0.0,0.0,0.0,0.0
10,190,0.0,2.2081671394342246,1.0,0.0,0.0,0.0,1.0,1.0
11,190,9.913995501171351,12.0,1.0,0.0,1.0,1.0,0.0,1.0
12,190,6.347168926542574,1.7712056770340412,0.0,1.0,0.0,0.0,0.0,0.0
13,190,6.557586995371365,7.517249084126291,0.0,0.0,1.0,0.0,0.0,0.0
14,190,0.0,8.406655290060707,0.0,1.0,0.0,1.0,1.0,0.0
15,190,1.6896777856316525,2.786788299886152,1.0,0.0,0.0,1.0,1.0,0.0
16,190,6.540447643425773,11.342178561945232,1.0,0.0,0.0,1.0,0.0,1.0
17,190,8.999847175510796,9.664238496413738,1.0,1.0,0.0,0.0,0.0,0.0
18,190,4.140277735647412,8.462821190224382,0.0,0.0,1.0,0.0,1.0,1.0
19,190,7.036382079081111,6.913534580330158,1.0,0.0,0.0,1.0,0.0,1.0
20,190,11.83305031787746,2.752297382447237,0.0,0.0,0.0,1.0,0.0,0.0
21,190,10.93120733262791,4.898406879622526,0.0,0.0,0.0,1.0,1.0,0.0
22,190,4.938681043367172,8.377353373548932,0.0,0.0,1.0,0.0,0.0,1.0
23,190,5.279618206720954,8.721106063793746,1.0,0.0,0.0,1.0,0.0,0.0
24,190,5.897161154503452,0.0,0.0,0.0,1.0,1.0,0.0,0.0
25,190,10.78271302118308,6.008050702421601,0.0,0.0,1.0,0.0,0.0,1.0
26,190,6.065582065754476,10.870272231561318,0.0,0.0,1.0,0.0,0.0,0.0
27,190,9.350961422610574,3.687175343387681,1.0,0.0,0.0,0.0,1.0,1.0
28,190,2.9959158790327933,9.977315190887715,1.0,1.0,1.0,0.0,0.0,0.0
29,190,7.733054146038397,5.742666111736261,0.0,1.0,0.0,0.0,1.0,0.0
30,190,10.451700285156598,6.309194705097524,1.0,1.0,1.0,0.0,0.0,1.0
31,190,9.972530394958902,12.0,1.0,1.0,0.0,1.0,0.0,1.0
32,190,11.000429907476876,7.036911275745662,0.0,0.0,0.0,0.0,0.0,0.0
33,190,0.0,5.857628413556151,1.0,0.0,0.0,0.0,0.0,0.0
34,190,11.39823064046857,3.677703822501055,1.0,1.0,0.0,0.0,0.0,0.0
35,190,7.724971974097388,4.366861490105006,0.0,0.0,1.0,1.0,0.0,0.0
36,190,2.7532535793048503,10.230250711041776,1.0,1.0,1.0,1.0,1.0,0.0
37,190,8.941421513263126,2.192183744200987,0.0,0.0,0.0,0.0,1.0,1.0
38,190,12.0,4.173023788374652,0.0,0.0,0.0,0.0,0.0,0.0
39,190,0.9692207713987924,1.3655649026756282,0.0,1.0,0.0,0.0,0.0,1.0
0,195,4.164613145287593,0.0,0.0,0.0,1.0,0.0,1.0,1.0
1,195,11.31760686745974,1.2591610584680133,0.0,1.0,0.0,1.0,0.0,1.0
2,195,0.0,1.6013089476807651,0.0,1.0,1.0,1.0,0.0,1.0
3,195,9.55278482971764,4.447218250429112,1.0,0.0,1.0,0.0,1.0,1.0
4,195,0.0,6.776825559239389,1.0,1.0,0.0,1.0,0.0,0.0
5,195,10.427970326457482,12.0,1.0,0.0,0.0,1.0,1.0,0.0
6,195,0.0,7.58546028820432,0.0,1.0,0.0,1.0,1.0,0.0
7,195,7.788770517437542,8.24341591386313,0.0,0.0,1.0,0.0,0.0,0.0
8,195,6.26496035764594,2.5451783832619577,0.0,1.0,1.0,1.0,1.0,1.0
9,195,1.946954268873487,0.8824000203130591,1.0,1.0,0.0,0.0,0.0,0.0
10,195,0.0,2.2251087795963125,1.0,0.0,0.0,0.0,1.0,1.0
11,195,9.85431243130228,12.0,1.0,0.0,1.0,1.0,0.0,1.0
12,195,6.440317580783867,1.6858594902283253,0.0,1.0,0.0,0.0,0.0,0.0
13,195,6.529876608640096,7.389574387709854,0.0,0.0,1.0,0.0,0.0,0.0
14,195,0.0,8.208883131532376,0.0,1.0,0.0,1.0,1.0,0.0
15,195,1.7460258860706273,2.7835070486544917,1.0,0.0,0.0,1.0,1.0,0.0
16,195,6.582756024594659,11.265125116651562,1.0,0.0,0.0,1.0,0.0,1.0
17,195,9.04283037828965,9.826407268541317,1.0,1.0,0.0,0.0,0.0,0.0
18,195,4.166891542543913,8.374744972238343,0.0,0.0,1.0,0.0,1.0,1.0
19,195,7.222113709484489,6.863976018614218,1.0,0.0,0.0,1.0,0.0,1.0
20,195,11.6683492933735,2.672949522656618,0.0,0.0,0.0,1.0,0.0,0.0
21,195,10.869659039304745,4.909753241393215,0.0,0.0,0.0,1.0,1.0,0.0
22,195,4.919160957304455,8.324934134886876,0.0,0.0,1.0,0.0,0.0,1.0
23,195,5.227917657383909,8.815687214213215,1.0,0.0,0.0,1.0,0.0,0.0
24,195,5.851538254439638,0.0,0.0,0.0,1.0,1.0,0.0,0.0
25,195,10.750867398220292,6.076901338697,0.0,0.0,1.0,0.0,0.0,1.0
26,195,6.067746855897466,10.853710687358893,0.0,0.0,1.0,0.0,0.0,0.0
27,195,9.361946342991066,3.653582754943588,1.0,0.0,0.0,0.0,1.0,1.0
28,195,3.0314930322838043,9.978408885110488,1.0,1.0,1.0,0.0,0.0,0.0
29,195,7.702728526523874,5.737957731859412,0.0,1.0,0.0,0.0,1.0,0.0
30,195,10.454694452899655,6.199652624450292,1.0,1.0,1.0,0.0,0.0,1.0
31,195,9.91921038595502,12.0,1.0,1.0,0.0,1.0,0.0,1.0
32,195,11.026169312746406,7.035218910876751,0.0,0.0,0.0,0.0,0.0,0.0
33,195,0.0,5.902192806653738,1.0,0.0,0.0,0.0,0.0,0.0
34,195,11.414265144729676,3.3951195875677627,1.0,1.0,0.0,0.0,0.0,0.0
35,195,7.693131011067943,4.391722383148882,0.0,0.0,1.0,1.0,0.0,0.0
36,195,2.732600087238638,10.227315938737089,1.0,1.0,1.0,1.0,1.0,0.0
37,195,8.920221516436587,2.256391747564856,0.0,0.0,0.0,0.0,1.0,1.0
38,195,12.0,4.096374174361807,0.0,0.0,0.0,0.0,0.0,0.0
39,195,0.9651280360808362,1.363133262261576,0.0,1.0,0.0,0.0,0.0,1.0
0,200,4.1869204325977405,0.0,0.0,0.0,1.0,0.0,1.0,1.0
1,200,11.32909424922758,1.268820542507504,0.0,1.0,0.0,1.0,0.0,1.0
2,200,0.0,1.6215181700327217,0.0,1.0,1.0,1.0,0.0,1.0
3,200,9.517664743361092,4.455080201219005,1.0,0.0,1.0,0.0,1.0,1.0
4,200,0.0,6.751569528449343,1.0,1.0,0.0,1.0,0.0,0.0
5,200,10.44021964673918,12.0,1.0,0.0,0.0,1.0,1.0,0.0
6,200,0.0,7.43664410898073,0.0,1.0,0.0,1.0,1.0,0.0
7,200,7.82220531984088,8.208507626281177,0.0,0.0,1.0,0.0,0.0,0.0
8,200,6.369758331553711,2.549666643027974,0.0,1.0,1.0,1.0,1.0,1.0
9,200,2.019314352427205,0.8258177909146217,1.0,1.0,0.0,0.0,0.0,0.0
10,200,0.0,2.2433537804642505,1.0,0.0,0.0,0.0,1.0,1.0
11,200,9.799943633391509,12.0,1.0,0.0,1.0,1.0,0.0,1.0
12,200,6.552399048890494,1.5892493195856332,0.0,1.0,0.0,0.0,0.0,0.0
13,200,6.503954785255555,7.25804138867166,0.0,0.0,1.0,0.0,0.0,0.0
14,200,0.0,8.012553402986196,0.0,1.0,0.0,1.0,1.0,0.0
15,200,1.7886836767665324,2.781595194759685,1.0,0.0,0.0,1.0,1.0,0.0
16,200,6.621960553850853,11.195697646287275,1.0,0.0,0.0,1.0,0.0,1.0
17,200,9.077668036404326,9.961708942974928,1.0,1.0,0.0,0.0,0.0,0.0
18,200,4.186043207679015,8.299886272046907,0.0,0.0,1.0,0.0,1.0,1.0
19,200,7.414862360709756,6.813480794988094,1.0,0.0,0.0,1.0,0.0,1.0
20,200,11.5276253875707,2.6029750174975628,0.0,0.0,0.0,1.0,0.0,0.0
21,200,10.79316516618468,4.925292930837218,0.0,0.0,0.0,1.0,1.0,0.0
22,200,4.902297657020946,8.277992857684536,0.0,0.0,1.0,0.0,0.0,1.0
23,200,5.171161609796517,8.913428545047104,1.0,0.0,0.0,1.0,0.0,0.0
24,200,5.80424825449044,0.0,0.0,0.0,1.0,1.0,0.0,0.0
25,200,10.709863192091902,6.161615789967989,0.0,0.0,1.0,0.0,0.0,1.0
26,200,6.069208718165864,10.841122179189474,0.0,0.0,1.0,0.0,0.0,0.0
27,200,9.376622943126362,3.612595858755612,1.0,0.0,0.0,0.0,1.0,1.0
28,200,3.0619882487414944,9.97857336866136,1.0,1.0,1.0,0.0,0.0,0.0
29,200,7.695748285912277,5.736926489101468,0.0,1.0,0.0,0.0,1.0,0.0
30,200,10.457118130286815,6.070421334001333,1.0,1.0,1.0,0.0,0.0,1.0
31,200,9.858119359750171,12.0,1.0,1.0,0.0,1.0,0.0,1.0
32,200,11.079278883285587,7.030854140483701,0.0,0.0,0.0,0.0,0.0,0.0
33,200,0.0,5.9517573338778735,1.0,0.0,0.0,0.0,0.0,0.0
34,200,11.4295983652274,3.127940208259469,1.0,1.0,0.0,0.0,0.0,0.0
35,200,7.659028536303407,4.41751736478541,0.0,0.0,1.0,1.0,0.0,0.0
36,200,2.6835070903653917,10.219629172614445,1.0,1.0,1.0,1.0,1.0,0.0
37,200,8.90124090665935,2.310713042316462,0.0,0.0,0.0,0.0,1.0,1.0
38,200,12.0,4.021568335091535,0.0,0.0,0.0,0.0,0.0,0.0
39,200,0.9731242232849274,1.367830154026559,0.0,1.0,0.0,0.0,0.0,1.0
0,205,4.204901884898586,0.0,0.0,0.0,1.0,0.0,1.0,1.0
1,205,11.353093089815705,1.288935779553244,0.0,1.0,0.0,1.0,0.0,1.0
2,205,0.0,1.639923043631293,0.0,1.0,1.0,1.0,0.0,1.0
3,205,9.490665128770878,4.461415872367588,1.0,0.0,1.0,0.0,1.0,1.0
4,205,0.0,6.735009906022471,1.0,1.0,0.0,1.0,0.0,0.0
5,205,10.452786883060172,12.0,1.0,0.0,0.0,1.0,1.0,0.0
6,205,0.0,7.290533280633073,0.0,1.0,0.0,1.0,1.0,0.0
7,205,7.8528428017999135,8.17653087479342,0.0,0.0,1.0,0.0,0.0,0.0
8,205,6.462256347554043,2.5515622133077973,0.0,1.0,1.0,1.0,1.0,1.0
9,205,2.080256178157711,0.780316359153801,1.0,1.0,0.0,0.0,0.0,0.0
10,205,0.0,2.2623516430539947,1.0,0.0,0.0,0.0,1.0,1.0
11,205,9.751209186091208,12.0,1.0,0.0,1.0,1.0,0.0,1.0
12,205,6.654728959100476,1.5026793968022971,0.0,1.0,0.0,0.0,0.0,0.0
13,205,6.481946640100837,7.146174329419627,0.0,0.0,1.0,0.0,0.0,0.0
14,205,0.0,7.799637555643945,0.0,1.0,0.0,1.0,1.0,0.0
15,205,1.8319192763928085,2.780696339563576,1.0,0.0,0.0,1.0,1.0,0.0
16,205,6.653313570885378,11.13982338591464,1.0,0.0,0.0,1.0,0.0,1.0
17,205,9.109177437148684,10.10901516808339,1.0,1.0,0.0,0.0,0.0,0.0
18,205,4.201129372738027,8.244663602824652,0.0,0.0,1.0,0.0,1.0,1.0
19,205,7.599959904505201,6.76558714332423,1.0,0.0,0.0,1.0,0.0,1.0
20,205,11.382618193220605,2.529950026112236,0.0,0.0,0.0,1.0,0.0,0.0
21,205,10.744388386188028,4.93553423928067,0.0,0.0,0.0,1.0,1.0,0.0
22,205,4.882972417777476,8.227440812805838,0.0,0.0,1.0,0.0,0.0,1.0
23,205,5.113399946462247,9.009938020720778,1.0,0.0,0.0,1.0,0.0,0.0
24,205,5.762238645308467,0.0,0.0,0.0,1.0,1.0,0.0,0.0
25,205,10.670693799660729,6.238636216932312,0.0,0.0,1.0,0.0,0.0,1.0
26,205,6.06912092515507,10.84205702995815,0.0,0.0,1.0,0.0,0.0,0.0
27,205,9.384807913994887,3.588705289296118,1.0,0.0,0.0,0.0,1.0,1.0
28,205,3.090484682816829,9.978508403473272,1.0,1.0,1.0,0.0,0.0,0.0
29,205,7.688526699558969,5.735990869575234,0.0,1.0,0.0,0.0,1.0,0.0
30,205,10.4594060443585,5.948958330117394,1.0,1.0,1.0,0.0,0.0,1.0
31,205,9.79116211806706,12.0,1.0,1.0,0.0,1.0,0.0,1.0
32,205,11.119681758671677,7.027296164016524,0.0,0.0,0.0,0.0,0.0,0.0
33,205,0.0,6.008816698393431,1.0,0.0,0.0,0.0,0.0,0.0
34,205,11.443781832951352,2.870832628658062,1.0,1.0,0.0,0.0,0.0,0.0
35,205,7.630812626864835,4.438016601708314,0.0,0.0,1.0,1.0,0.0,0.0
36,205,2.633055482203449,10.210427467462274,1.0,1.0,1.0,1.0,1.0,0.0
37,205,8.938103839030255,2.3242009766149745,0.0,0.0,0.0,0.0,1.0,1.0
38,205,12.0,3.9574382339892176,0.0,0.0,0.0,0.0,0.0,0.0
39,205,0.9934179241613444,1.3794101468538715,0.0,1.0,0.0,0.0,0.0,1.0
0,210,4.225582898034454,0.0,0.0,0.0,1.0,0.0,1.0,1.0
1,210,11.374632357840213,1.3059168680209186,0.0,1.0,0.0,1.0,0.0,1.0
2,210,0.0,1.6563197039673487,0.0,1.0,1.0,1.0,0.0,1.0
3,210,9.46006334310614,4.46914725868919,1.0,0.0,1.0,0.0,1.0,1.0
4,210,0.0,6.714009303104223,1.0,1.0,0.0,1.0,0.0,0.0
5,210,10.465513733859648,12.0,1.0,0.0,0.0,1.0,1.0,0.0
6,210,0.0,7.133481153173722,0.0,1.0,0.0,1.0,1.0,0.0
7,210,7.896833195744309,8.129569417908264,0.0,0.0,1.0,0.0,0.0,0.0
8,210,6.560635167065176,2.551255336863875,0.0,1.0,1.0,1.0,1.0,1.0
9,210,2.1295721093386493,0.7437125354023641,1.0,1.0,0.0,0.0,0.0,0.0
10,210,0.0,2.2803224548859053,1.0,0.0,0.0,0.0,1.0,1.0
11,210,9.694391464487325,12.0,1.0,0.0,1.0,1.0,0.0,1.0
12,210,6.760148674899327,1.4116592700112214,0.0,1.0,0.0,0.0,0.0,0.0
13,210,6.458642230380382,7.032224290259861,0.0,0.0,1.0,0.0,0.0,0.0
14,210,0.0,7.599316504234161,0.0,1.0,0.0,1.0,1.0,0.0
15,210,1.877666963507829,2.779843308410198,1.0,0.0,0.0,1.0,1.0,0.0
16,210,6.702513359863395,11.167958417458411,1.0,0.0,0.0,1.0,0.0,1.0
17,210,9.138613132009308,10.256322897528138,1.0,1.0,0.0,0.0,0.0,0.0
18,210,4.222527628370166,8.169219328850625,0.0,0.0,1.0,0.0,1.0,1.0
19,210,7.805026813911596,6.721434355193312,1.0,0.0,0.0,1.0,0.0,1.0
20,210,11.216807478992058,2.441823445384128,0.0,0.0,0.0,1.0,0.0,0.0
21,210,10.70928281622656,4.943849630468842,0.0,0.0,0.0,1.0,1.0,0.0
22,210,4.860519645695517,8.169005260998803,0.0,0.0,1.0,0.0,0.0,1.0
23,210,5.068509790490403,9.083864207196845,1.0,0.0,0.0,1.0,0.0,0.0
24,210,5.717293467665116,0.0,0.0,0.0,1.0,1.0,0.0,0.0
25,210,10.61483303638026,6.3441361962027925,0.0,0.0,1.0,0.0,0.0,1.0
26,210,6.069379261653834,10.839009396190574,0.0,0.0,1.0,0.0,0.0,0.0
27,210,9.38881715683659,3.577066174267249,1.0,0.0,0.0,0.0,1.0,1.0
28,210,3.119866209554385,9.978009384292298,1.0,1.0,1.0,0.0,0.0,0.0
29,210,7.685537049608256,5.7355860748886975,0.0,1.0,0.0,0.0,1.0,0.0
30,210,10.462113388915371,5.826409447500614,1.0,1.0,1.0,0.0,0.0,1.0
31,210,9.726415811921468,12.0,1.0,1.0,0.0,1.0,0.0,1.0
32,210,11.175270759071667,7.022068495749698,0.0,0.0,0.0,0.0,0.0,0.0
33,210,0.0,6.07169981556513,1.0,0.0,0.0,0.0,0.0,0.0
34,210,11.45972938904128,2.6122939979320363,1.0,1.0,0.0,0.0,0.0,0.0
35,210,7.606338718095513,4.455672862076379,0.0,0.0,1.0,1.0,0.0,0.0
36,210,2.595573544381092,10.202668832367834,1.0,1.0,1.0,1.0,1.0,0.0
37,210,8.964299655472413,2.334200420495601,0.0,0.0,0.0,0.0,1.0,1.0
38,210,12.0,3.8971931763516503,0.0,0.0,0.0,0.0,0.0,0.0
39,210,1.0031779606560018,1.3852933931653544,0.0,1.0,0.0,0.0,0.0,1.0
0,215,4.242008578220589,0.0,0.0,0.0,1.0,0.0,1.0,1.0
1,215,11.3984701302719,1.324909841901574,0.0,1.0,0.0,1.0,0.0,1.0
2,215,0.0,1.6739333296723602,0.0,1.0,1.0,1.0,0.0,1.0
3,215,9.427005089403226,4.479118907350174,1.0,0.0,1.0,0.0,1.0,1.0
4,215,0.0,6.686246131207485,1.0,1.0,0.0,1.0,0.0,0.0
5,215,10.476236542141825,12.0,1.0,0.0,0.0,1.0,1.0,0.0
6,215,0.0,6.971599564420955,0.0,1.0,0.0,1.0,1.0,0.0
7,215,7.936169237372349,8.08597840957737,0.0,0.0,1.0,0.0,0.0,0.0
8,215,6.670924782999975,2.5513805986173894,0.0,1.0,1.0,1.0,1.0,1.0
9,215,2.1887376202367976,0.6974941981113405,1.0,1.0,0.0,0.0,0.0,0.0
10,215,0.0,2.2987285012805687,1.0,0.0,0.0,0.0,1.0,1.0
11,215,9.621759431607826,12.0,1.0,0.0,1.0,1.0,0.0,1.0
12,215,6.848652203917365,1.3356987160999425,0.0,1.0,0.0,0.0,0.0,0.0
13,215,6.4383855503507466,6.925246255956884,0.0,0.0,1.0,0.0,0.0,0.0
14,215,0.0,7.375559680973747,0.0,1.0,0.0,1.0,1.0,0.0
15,215,1.9328900400557587,2.779454495023153,1.0,0.0,0.0,1.0,1.0,0.0
16,215,6.758309840435392,11.199682178251422,1.0,0.0,0.0,1.0,0.0,1.0
17,215,9.164800831292254,10.394641002019403,1.0,1.0,0.0,0.0,0.0,0.0
18,215,4.245540229712277,8.089299096884497,0.0,0.0,1.0,0.0,1.0,1.0
19,215,8.006774950137288,6.677815730978347,1.0,0.0,0.0,1.0,0.0,1.0
20,215,11.057391806515588,2.360455666517528,0.0,0.0,0.0,1.0,0.0,0.0
21,215,10.669627283154108,4.952974530285989,0.0,0.0,0.0,1.0,1.0,0.0
22,215,4.841415244930896,8.122052584798077,0.0,0.0,1.0,0.0,0.0,1.0
23,215,5.032974402070691,9.144477445323124,1.0,0.0,0.0,1.0,0.0,0.0
24,215,5.657205997714806,0.0,0.0,0.0,1.0,1.0,0.0,0.0
25,215,10.56378379175496,6.440916218034147,0.0,0.0,1.0,0.0,0.0,1.0
26,215,6.068271881822883,10.857238792619455,0.0,0.0,1.0,0.0,0.0,0.0
27,215,9.385875670507165,3.585075237225814,1.0,0.0,0.0,0.0,1.0,1.0
28,215,3.1411934516005884,9.977316981982398,1.0,1.0,1.0,0.0,0.0,0.0
29,215,7.696393699511161,5.736955755101958,0.0,1.0,0.0,0.0,1.0,0.0
30,215,10.464099560374708,5.734501822792343,1.0,1.0,1.0,0.0,0.0,1.0
31,215,9.663988323429242,12.0,1.0,1.0,0.0,1.0,0.0,1.0
32,215,11.217945501640504,7.018271897020278,0.0,0.0,0.0,0.0,0.0,0.0
33,215,0.0,6.127780323773631,1.0,0.0,0.0,0.0,0.0,0.0
34,215,11.478666909973985,2.346496970826196,1.0,1.0,0.0,0.0,0.0,0.0
35,215,7.567699453768002,4.483290932797431,0.0,0.0,1.0,1.0,0.0,0.0
36,215,2.5611056158351264,10.196481899868052,1.0,1.0,1.0,1.0,1.0,0.0
37,215,8.992508440410493,2.345840619849452,0.0,0.0,0.0,0.0,1.0,1.0
38,215,12.0,3.8224852923205006,0.0,0.0,0.0,0.0,0.0,0.0
39,215,1.0076659191140511,1.3880124388982282,0.0,1.0,0.0,0.0,0.0,1.0
0,220,4.260096756113773,0.0,0.0,0.0,1.0,0.0,1.0,1.0
1,220,11.410816105224926,1.3353227484647847,0.0,1.0,0.0,1.0,0.0,1.0
2,220,0.0,1.694193181012151,0.0,1.0,1.0,1.0,0.0,1.0
3,220,9.387586674568064,4.490804783410145,1.0,0.0,1.0,0.0,1.0,1.0
4,220,0.0,6.658025836360284,1.0,1.0,0.0,1.0,0.0,0.0
5,220,10.483905275731315,12.0,1.0,0.0,0.0,1.0,1.0,0.0
6,220,0.0,6.808793673692512,0.0,1.0,0.0,1.0,1.0,0.0
7,220,7.97758848160903,8.042643860475506,0.0,0.0,1.0,0.0,0.0,0.0
8,220,6.766391009931032,2.5486239100617176,0.0,1.0,1.0,1.0,1.0,1.0
9,220,2.253710102034492,0.6454725381337526,1.0,1.0,0.0,0.0,0.0,0.0
10,220,0.0,2.313271534225583,1.0,0.0,0.0,0.0,1.0,1.0
11,220,9.55151185124516,12.0,1.0,0.0,1.0,1.0,0.0,1.0
12,220,6.907682592281858,1.2867624299892135,0.0,1.0,0.0,0.0,0.0,0.0
13,220,6.420226283235891,6.826434241584897,0.0,0.0,1.0,0.0,0.0,0.0
14,220,0.0,7.140626339075674,0.0,1.0,0.0,1.0,1.0,0.0
15,220,2.009762551424742,2.778790738680612,1.0,0.0,0.0,1.0,1.0,0.0
16,220,6.833649287148583,11.242296128073104,1.0,0.0,0.0,1.0,0.0,1.0
17,220,9.187760189905124,10.543959338908005,1.0,1.0,0.0,0.0,0.0,0.0
18,220,4.263896698190442,8.022781542447534,0.0,0.0,1.0,0.0,1.0,1.0
19,220,8.221962949204173,6.632452052881626,1.0,0.0,0.0,1.0,0.0,1.0
20,220,10.903993832728462,2.283351592492075,0.0,0.0,0.0,1.0,0.0,0.0
21,220,10.623556261892578,4.962906694290567,0.0,0.0,0.0,1.0,1.0,0.0
22,220,4.829197023886103,8.091250894613909,0.0,0.0,1.0,0.0,0.0,1.0
23,220,4.995855771550549,9.210058871184833,1.0,0.0,0.0,1.0,0.0,0.0
24,220,5.575381358131471,0.0,0.0,0.0,1.0,1.0,0.0,0.0
25,220,10.513142160211206,6.534095656311084,0.0,0.0,1.0,0.0,0.0,1.0
26,220,6.067567690121823,10.868008513515662,0.0,0.0,1.0,0.0,0.0,0.0
27,220,9.38970085859244,3.574741447395819,1.0,0.0,0.0,0.0,1.0,1.0
28,220,3.1742224397008685,9.97657734678086,1.0,1.0,1.0,0.0,0.0,0.0
29,220,7.708875544333321,5.738307532979398,0.0,1.0,0.0,0.0,1.0,0.0
30,220,10.46676687061722,5.635537361416088,1.0,1.0,1.0,0.0,0.0,1.0
31,220,9.6201953304086,12.0,1.0,1.0,0.0,1.0,0.0,1.0
32,220,11.26808655257848,7.013434923283118,0.0,0.0,0.0,0.0,0.0,0.0
33,220,0.0,6.184462593336442,1.0,0.0,0.0,0.0,0.0,0.0
34,220,11.495173136072736,2.0632057256450915,1.0,1.0,0.0,0.0,0.0,0.0
35,220,7.521074205392281,4.517905836467792,0.0,0.0,1.0,1.0,0.0,0.0
36,220,2.520273055776328,10.188859012854836,1.0,1.0,1.0,1.0,1.0,0.0
37,220,9.018948531854438,2.356845745741075,0.0,0.0,0.0,0.0,1.0,1.0
38,220,11.99997150066292,3.751119695461599,0.0,0.0,0.0,0.0,0.0,0.0
39,220,1.0036686365825274,1.385684510082152,0.0,1.0,0.0,0.0,0.0,1.0
0,225,4.277006719667496,0.0,0.0,0.0,1.0,0.0,1.0,1.0
1,225,11.450293838752174,1.3694039449043331,0.0,1.0,0.0,1.0,0.0,1.0
2,225,0.0,1.7131151530921684,0.0,1.0,1.0,1.0,0.0,1.0
3,225,9.338568723390258,4.505242439493744,1.0,0.0,1.0,0.0,1.0,1.0
4,225,0.0,6.621998819635706,1.0,1.0,0.0,1.0,0.0,0.0
5,225,10.492460914822052,12.0,1.0,0.0,0.0,1.0,1.0,0.0
6,225,0.0,6.654024118989673,0.0,1.0,0.0,1.0,1.0,0.0
7,225,8.022650740419035,7.9938763340192445,0.0,0.0,1.0,0.0,0.0,0.0
8,225,6.847104467668193,2.548230338592636,0.0,1.0,1.0,1.0,1.0,1.0
9,225,2.311594420825345,0.5972643188989967,1.0,1.0,0.0,0.0,0.0,0.0
10,225,0.0,2.329404526132136,1.0,0.0,0.0,0.0,1.0,1.0
11,225,9.479590512155482,12.0,1.0,0.0,1.0,1.0,0.0,1.0
12,225,6.965508741693612,1.236705153049493,0.0,1.0,0.0,0.0,0.0,0.0
13,225,6.401561614273279,6.725951357288976,0.0,0.0,1.0,0.0,0.0,0.0
14,225,0.0,6.888296060216592,0.0,1.0,0.0,1.0,1.0,0.0
15,225,2.0797839329625063,2.776623501924289,1.0,0.0,0.0,1.0,1.0,0.0
16,225,6.89232835751198,11.275718043717196,1.0,0.0,0.0,1.0,0.0,1.0
17,225,9.213751353833985,10.694384813985874,1.0,1.0,0.0,0.0,0.0,0.0
18,225,4.283969250438858,7.9541714507820656,0.0,0.0,1.0,0.0,1.0,1.0
19,225,8.426307801872284,6.588030260149794,1.0,0.0,0.0,1.0,0.0,1.0
20,225,10.747382042753689,2.218788364706853,0.0,0.0,0.0,1.0,0.0,0.0
21,225,10.594504539988808,4.96915227613005,0.0,0.0,0.0,1.0,1.0,0.0
22,225,4.819190588165149,8.065400004075023,0.0,0.0,1.0,0.0,0.0,1.0
23,225,4.958518202264649,9.278858210010526,1.0,0.0,0.0,1.0,0.0,0.0
24,225,5.50296078160916,0.0,0.0,0.0,1.0,1.0,0.0,0.0
25,225,10.467487791638115,6.619292074885813,0.0,0.0,1.0,0.0,0.0,1.0
26,225,6.065893854999895,10.892125597727327,0.0,0.0,1.0,0.0,0.0,0.0
27,225,9.395208814998508,3.560458269788667,1.0,0.0,0.0,0.0,1.0,1.0
28,225,3.2099628207989026,9.97536804628645,1.0,1.0,1.0,0.0,0.0,0.0
29,225,7.746829702537995,5.742761118873178,0.0,1.0,0.0,0.0,1.0,0.0
30,225,10.465867949343574,5.554299571513405,1.0,1.0,1.0,0.0,0.0,1.0
31,225,9.584962255943056,12.0,1.0,1.0,0.0,1.0,0.0,1.0
32,225,11.344100423321,7.0057202914643,0.0,0.0,0.0,0.0,0.0,0.0
33,225,0.0,6.238808938145421,1.0,0.0,0.0,0.0,0.0,0.0
34,225,11.51022646819326,1.791790748357143,1.0,1.0,0.0,0.0,0.0,0.0
35,225,7.469688792629395,4.556196227612675,0.0,0.0,1.0,1.0,0.0,0.0
36,225,2.484216619493666,10.18230891309367,1.0,1.0,1.0,1.0,1.0,0.0
37,225,9.030001255263077,2.36131500139369,0.0,0.0,0.0,0.0,1.0,1.0
38,225,11.999424782077298,3.700741929512523,0.0,0.0,0.0,0.0,0.0,0.0
39,225,1.0069901623880255,1.3876489031126664,0.0,1.0,0.0,0.0,0.0,1.0
0,230,4.287287165201466,0.0,0.0,0.0,1.0,0.0,1.0,1.0
1,230,11.480218865167638,1.3952535878404102,0.0,1.0,0.0,1.0,0.0,1.0
2,230,0.0,1.728568344298066,0.0,1.0,1.0,1.0,0.0,1.0
3,230,9.278309355318028,4.523920916265108,1.0,0.0,1.0,0.0,1.0,1.0
4,230,0.0,6.5858144830633005,1.0,1.0,0.0,1.0,0.0,0.0
5,230,10.496432094904952,12.0,1.0,0.0,0.0,1.0,1.0,0.0
6,230,0.0,6.498814435916157,0.0,1.0,0.0,1.0,1.0,0.0
7,230,8.066143175706948,7.94727499050751,0.0,0.0,1.0,0.0,0.0,0.0
8,230,6.923793419738366,2.547275507503605,0.0,1.0,1.0,1.0,1.0,1.0
9,230,2.376026763592165,0.5443465207288657,1.0,1.0,0.0,0.0,0.0,0.0
10,230,0.0,2.347267059641369,1.0,0.0,0.0,0.0,1.0,1.0
11,230,9.41453282975722,12.0,1.0,0.0,1.0,1.0,0.0,1.0
12,230,7.0277943781508325,1.1850387976791577,0.0,1.0,0.0,0.0,0.0,0.0
13,230,6.38407598772064,6.634941526141512,0.0,0.0,1.0,0.0,0.0,0.0
14,230,0.0,6.66465482415096,0.0,1.0,0.0,1.0,1.0,0.0
15,230,2.150554076702768,2.773657220554505,1.0,0.0,0.0,1.0,1.0,0.0
16,230,6.951658332539585,11.310305676452028,1.0,0.0,0.0,1.0,0.0,1.0
17,230,9.237602907414908,10.830627622372567,1.0,1.0,0.0,0.0,0.0,0.0
18,230,4.3043749932127255,7.883225228210484,0.0,0.0,1.0,0.0,1.0,1.0
19,230,8.639477196663401,6.546295601815613,1.0,0.0,0.0,1.0,0.0,1.0
20,230,10.60982587303612,2.165482205995008,0.0,0.0,0.0,1.0,0.0,0.0
21,230,10.56067131437734,4.976438700980313,0.0,0.0,0.0,1.0,1.0,0.0
22,230,4.810337584131816,8.04318132168023,0.0,0.0,1.0,0.0,0.0,1.0
23,230,4.909436252568675,9.366640354861772,1.0,0.0,0.0,1.0,0.0,0.0
24,230,5.43492317328972,0.0,0.0,0.0,1.0,1.0,0.0,0.0
25,230,10.424568295251266,6.696000626986463,0.0,0.0,1.0,0.0,0.0,1.0
26,230,6.06549290100057,10.898576737991414,0.0,0.0,1.0,0.0,0.0,0.0
27,230,9.398267957472193,3.5520137197719954,1.0,0.0,0.0,0.0,1.0,1.0
28,230,3.211674418881605,10.016231095511896,1.0,1.0,1.0,0.0,0.0,0.0
29,230,7.790070422172873,5.747882287066448,0.0,1.0,0.0,0.0,1.0,0.0
30,230,10.465458218720352,5.469021181600804,1.0,1.0,1.0,0.0,0.0,1.0
31,230,9.569440451286562,12.0,1.0,1.0,0.0,1.0,0.0,1.0
32,230,11.4202537133045,6.999246282271621,0.0,0.0,0.0,0.0,0.0,0.0
33,230,0.0,6.296029133128597,1.0,0.0,0.0,0.0,0.0,0.0
34,230,11.534245854795032,1.544704165204884,1.0,1.0,0.0,0.0,0.0,0.0
35,230,7.422701816823974,4.589499324508519,0.0,0.0,1.0,1.0,0.0,0.0
36,230,2.4515388970238075,10.177834362694597,1.0,1.0,1.0,1.0,1.0,0.0
37,230,9.045981319190552,2.3677903838554064,0.0,0.0,0.0,0.0,1.0,1.0
38,230,11.999698446862991,3.6418221214981497,0.0,0.0,0.0,0.0,0.0,0.0
39,230,1.0142462081514143,1.3920076687341971,0.0,1.0,0.0,0.0,0.0,1.0
0,235,4.301166006382502,0.0,0.0,0.0,1.0,0.0,1.0,1.0
1,235,11.50855049540363,1.419066259506951,0.0,1.0,0.0,1.0,0.0,1.0
2,235,0.0,1.743829577305511,0.0,1.0,1.0,1.0,0.0,1.0
3,235,9.248992254533178,4.53244628494319,1.0,0.0,1.0,0.0,1.0,1.0
4,235,0.0,6.549128657703196,1.0,1.0,0.0,1.0,0.0,0.0
5,235,10.503154049291762,12.0,1.0,0.0,0.0,1.0,1.0,0.0
6,235,0.0,6.339391853578869,0.0,1.0,0.0,1.0,1.0,0.0
7,235,8.088950693777658,7.922857101722127,0.0,0.0,1.0,0.0,0.0,0.0
8,235,7.003820940781411,2.543459808713332,0.0,1.0,1.0,1.0,1.0,1.0
9,235,2.4330280714426267,0.4979874508788801,1.0,1.0,0.0,0.0,0.0,0.0
10,235,0.0,2.3665947728191625,1.0,0.0,0.0,0.0,1.0,1.0
11,235,9.347798071768194,12.0,1.0,0.0,1.0,1.0,0.0,1.0
12,235,7.102004727944829,1.1228232199641035,0.0,1.0,0.0,0.0,0.0,0.0
13,235,6.370566754172056,6.565372744710611,0.0,0.0,1.0,0.0,0.0,0.0
14,235,0.0,6.425346131071987,0.0,1.0,0.0,1.0,1.0,0.0
15,235,2.221359919383898,2.7715312612819667,1.0,0.0,0.0,1.0,1.0,0.0
16,235,7.001205940030864,11.33849420068636,1.0,0.0,0.0,1.0,0.0,1.0
17,235,9.262266150938904,10.96768232926337,1.0,1.0,0.0,0.0,0.0,0.0
18,235,4.38068128283442,7.907847621319603,0.0,0.0,1.0,0.0,1.0,1.0
19,235,8.844807635420803,6.506363694271793,1.0,0.0,0.0,1.0,0.0,1.0
20,235,10.460343074646032,2.106836393299467,0.0,0.0,0.0,1.0,0.0,0.0
21,235,10.509224893569344,4.98615253198596,0.0,0.0,0.0,1.0,1.0,0.0
22,235,4.800023978546508,8.020308965938066,0.0,0.0,1.0,0.0,0.0,1.0
23,235,4.865676532061083,9.44551584486191,1.0,0.0,0.0,1.0,0.0,0.0
24,235,5.369921100816911,0.0,0.0,0.0,1.0,1.0,0.0,0.0
25,235,10.375066902595254,6.786637404653911,0.0,0.0,1.0,0.0,0.0,1.0
26,235,6.064150200284083,10.913480981902069,0.0,0.0,1.0,0.0,0.0,0.0
27,235,9.402209374666306,3.540462659777897,1.0,0.0,0.0,0.0,1.0,1.0
28,235,3.2165539042109663,10.080192496097231,1.0,1.0,1.0,0.0,0.0,0.0
29,235,7.818015628774435,5.751589597828859,0.0,1.0,0.0,0.0,1.0,0.0
30,235,10.464240073160562,5.393765222881628,1.0,1.0,1.0,0.0,0.0,1.0
31,235,9.538810427054214,12.0,1.0,1.0,0.0,1.0,0.0,1.0
32,235,11.50944998404225,6.991507640025135,0.0,0.0,0.0,0.0,0.0,0.0
33,235,0.0,6.353620339196722,1.0,0.0,0.0,0.0,0.0,0.0
34,235,11.56309801518522,1.2784241548191024,1.0,1.0,0.0,0.0,0.0,0.0
35,235,7.395930172273782,4.608242429096909,0.0,0.0,1.0,1.0,0.0,0.0
36,235,2.420850304295093,10.174573123360592,1.0,1.0,1.0,1.0,1.0,0.0
37,235,9.057846104926014,2.3723265191069034,0.0,0.0,0.0,0.0,1.0,1.0
38,235,11.999851174172631,3.588645550702784,0.0,0.0,0.0,0.0,0.0,0.0
39,235,0.9976125835970254,1.3821201473944664,0.0,1.0,0.0,0.0,0.0,1.0
0,240,4.318424350979243,0.0,0.0,0.0,1.0,0.0,1.0,1.0
1,240,11.53370031148487,1.440888445018682,0.0,1.0,0.0,1.0,0.0,1.0
2,240,0.0,1.7536584707539526,0.0,1.0,1.0,1.0,0.0,1.0
3,240,9.221657228957268,4.540672834976875,1.0,0.0,1.0,0.0,1.0,1.0
4,240,0.0,6.5014809966322336,1.0,1.0,0.0,1.0,0.0,0.0
5,240,10.511415261748844,12.0,1.0,0.0,0.0,1.0,1.0,0.0
6,240,0.0,6.182502728751835,0.0,1.0,0.0,1.0,1.0,0.0
7,240,8.11552278005366,7.896181740439075,0.0,0.0,1.0,0.0,0.0,0.0
8,240,7.107882445098521,2.5371965845328,0.0,1.0,1.0,1.0,1.0,1.0
9,240,2.472986252001153,0.4650056990790986,1.0,1.0,0.0,0.0,0.0,0.0
10,240,0.0,2.3860823222102496,1.0,0.0,0.0,0.0,1.0,1.0
11,240,9.29085675096922,12.0,1.0,0.0,1.0,1.0,0.0,1.0
12,240,7.181094276129594,1.0586851464078346,0.0,1.0,0.0,0.0,0.0,0.0
13,240,6.356629154838871,6.489561911209471,0.0,0.0,1.0,0.0,0.0,0.0
14,240,0.0,6.178710947292636,0.0,1.0,0.0,1.0,1.0,0.0
15,240,2.30572096055028,2.769965557537018,1.0,0.0,0.0,1.0,1.0,0.0
16,240,7.053501734742693,11.369962849317517,1.0,0.0,0.0,1.0,0.0,1.0
17,240,9.293532072094296,11.127470007884243,1.0,1.0,0.0,0.0,0.0,0.0
18,240,4.448842579312547,7.928287007303541,0.0,0.0,1.0,0.0,1.0,1.0
19,240,9.06827215943321,6.460170242687349,1.0,0.0,0.0,1.0,0.0,1.0
20,240,10.316224076044293,2.0493168218472184,0.0,0.0,0.0,1.0,0.0,0.0
21,240,10.446778629189607,4.998504114355831,0.0,0.0,0.0,1.0,1.0,0.0
22,240,4.792259891407834,8.003820831011536,0.0,0.0,1.0,0.0,0.0,1.0
23,240,4.823545724027506,9.529528736275124,1.0,0.0,0.0,1.0,0.0,0.0
24,240,5.311922237125303,0.0,0.0,0.0,1.0,1.0,0.0,0.0
25,240,10.32246345231712,6.886146311927231,0.0,0.0,1.0,0.0,0.0,1.0
26,240,6.062736715327068,10.932142102343429,0.0,0.0,1.0,0.0,0.0,0.0
27,240,9.402782939981677,3.5388323594856983,1.0,0.0,0.0,0.0,1.0,1.0
28,240,3.2202742699968585,10.16195220892372,1.0,1.0,1.0,0.0,0.0,0.0
29,240,7.854332596571913,5.75574759860196,0.0,1.0,0.0,0.0,1.0,0.0
30,240,10.462018003918317,5.303360195697711,1.0,1.0,1.0,0.0,0.0,1.0
31,240,9.502817964971928,12.0,1.0,1.0,0.0,1.0,0.0,1.0
32,240,11.608637832981785,6.981892171212567,0.0,0.0,0.0,0.0,0.0,0.0
33,240,0.0,6.421916962103778,1.0,0.0,0.0,0.0,0.0,0.0
34,240,11.593455659758732,1.0107176536634808,1.0,1.0,0.0,0.0,0.0,0.0
35,240,7.3721303494413535,4.625064444709238,0.0,0.0,1.0,1.0,0.0,0.0
36,240,2.3671559725177747,10.169026315992216,1.0,1.0,1.0,1.0,1.0,0.0
37,240,9.069959434705192,2.377579600650292,0.0,0.0,0.0,0.0,1.0,1.0
38,240,11.998968247832622,3.535326211212545,0.0,0.0,0.0,0.0,0.0,0.0
39,240,0.9716090267233164,1.3679305905735264,0.0,1.0,0.0,0.0,0.0,1.0
0,245,4.333562223582295,0.0,0.0,0.0,1.0,0.0,1.0,1.0
1,245,11.571783635717384,1.4720020557794162,0.0,1.0,0.0,1.0,0.0,1.0
2,245,0.0083150394481094,1.823464437590326,0.0,1.0,1.0,1.0,0.0,1.0
3,245,9.197572268956026,4.54769991967242,1.0,0.0,1.0,0.0,1.0,1.0
4,245,0.0,6.450992416121229,1.0,1.0,0.0,1.0,0.0,0.0
5,245,10.519111171259684,12.0,1.0,0.0,0.0,1.0,1.0,0.0
6,245,0.0,6.023740819273657,0.0,1.0,0.0,1.0,1.0,0.0
7,245,8.1538860024405,7.858834972347933,0.0,0.0,1.0,0.0,0.0,0.0
8,245,7.191235017864395,2.530977671813417,0.0,1.0,1.0,1.0,1.0,1.0
9,245,2.536355918977842,0.4143701226881489,1.0,1.0,0.0,0.0,0.0,0.0
10,245,0.0,2.407063610678161,1.0,0.0,0.0,0.0,1.0,1.0
11,245,9.246509896092904,12.0,1.0,0.0,1.0,1.0,0.0,1.0
12,245,7.255551551484094,1.0006889240767116,0.0,1.0,0.0,0.0,0.0,0.0
13,245,6.338141020136342,6.386503676417869,0.0,0.0,1.0,0.0,0.0,0.0
14,245,0.0,5.939075831244049,0.0,1.0,0.0,1.0,1.0,0.0
15,245,2.36885720176783,2.7683950316061514,1.0,0.0,0.0,1.0,1.0,0.0
16,245,7.114259591970061,11.408629169651515,1.0,0.0,0.0,1.0,0.0,1.0
17,245,9.323017065395842,11.299013521233098,1.0,1.0,0.0,0.0,0.0,0.0
18,245,4.524626548001743,7.9519973760639076,0.0,0.0,1.0,0.0,1.0,1.0
19,245,9.281837097645262,6.416687709450143,1.0,0.0,0.0,1.0,0.0,1.0
20,245,10.167102792388915,1.989214362943655,0.0,0.0,0.0,1.0,0.0,0.0
21,245,10.36975767951166,5.01340094906257,0.0,0.0,0.0,1.0,1.0,0.0
22,245,4.781039474331732,7.979649955513793,0.0,0.0,1.0,0.0,0.0,1.0
23,245,4.780081314053342,9.62125668408618,1.0,0.0,0.0,1.0,0.0,0.0
24,245,5.2564733451162375,0.0,0.0,0.0,1.0,1.0,0.0,0.0
25,245,10.27470502238894,6.979635123627807,0.0,0.0,1.0,0.0,0.0,1.0
26,245,6.0624730715691415,10.936747630739909,0.0,0.0,1.0,0.0,0.0,0.0
27,245,9.401336089548971,3.54367245964094,1.0,0.0,0.0,0.0,1.0,1.0
28,245,3.221996084970583,10.225798462021327,1.0,1.0,1.0,0.0,0.0,0.0
29,245,7.876747901090288,5.758260381619218,0.0,1.0,0.0,0.0,1.0,0.0
30,245,10.45859718148601,5.246886273194681,1.0,1.0,1.0,0.0,0.0,1.0
31,245,9.4591623219831,12.0,1.0,1.0,0.0,1.0,0.0,1.0
32,245,11.698017799457965,6.972162419663753,0.0,0.0,0.0,0.0,0.0,0.0
33,245,0.0,6.491597869402096,1.0,0.0,0.0,0.0,0.0,0.0
34,245,11.626278294467353,0.7326850322456822,1.0,1.0,0.0,0.0,0.0,0.0
35,245,7.341970076589386,4.645663329132327,0.0,0.0,1.0,1.0,0.0,0.0
36,245,2.3152882664074723,10.16269831985518,1.0,1.0,1.0,1.0,1.0,0.0
37,245,9.094394266022562,2.3877994953699577,0.0,0.0,0.0,0.0,1.0,1.0
38,245,11.9986148167362,3.4732998591790345,0.0,0.0,0.0,0.0,0.0,0.0
39,245,0.9601981855909228,1.361028594197082,0.0,1.0,0.0,0.0,0.0,1.0
0,250,4.348261540524826,0.0,0.0,0.0,1.0,0.0,1.0,1.0
1,250,11.613509183719009,1.5068997349048523,0.0,1.0,0.0,1.0,0.0,1.0
2,250,0.0165665075531728,1.890170485229815,0.0,1.0,1.0,1.0,0.0,1.0
3,250,9.162120536145975,4.558241729772441,1.0,0.0,1.0,0.0,1.0,1.0
4,250,0.0,6.405048668386465,1.0,1.0,0.0,1.0,0.0,0.0
5,250,10.526983299303938,12.0,1.0,0.0,0.0,1.0,1.0,0.0
6,250,0.0,5.869831065463597,0.0,1.0,0.0,1.0,1.0,0.0
7,250,8.179917851220912,7.832671411719527,0.0,0.0,1.0,0.0,0.0,0.0
8,250,7.2767571328299905,2.5251232921202638,0.0,1.0,1.0,1.0,1.0,1.0
9,250,2.6161827314725064,0.3479596491500802,1.0,1.0,0.0,0.0,0.0,0.0
10,250,0.0,2.434631948359633,1.0,0.0,0.0,0.0,1.0,1.0
11,250,9.20093251928089,12.0,1.0,0.0,1.0,1.0,0.0,1.0
12,250,7.327176095443144,0.9436959532829692,0.0,1.0,0.0,0.0,0.0,0.0
13,250,6.318905081662502,6.280397055795127,0.0,0.0,1.0,0.0,0.0,0.0
14,250,0.0,5.711001018561504,0.0,1.0,0.0,1.0,1.0,0.0
15,250,2.444834525238562,2.765977556462714,1.0,0.0,0.0,1.0,1.0,0.0
16,250,7.1672420863714095,11.443446792143996,1.0,0.0,0.0,1.0,0.0,1.0
17,250,9.349899759752468,11.473393689680602,1.0,1.0,0.0,0.0,0.0,0.0
18,250,4.608884300539948,7.982556885672348,0.0,0.0,1.0,0.0,1.0,1.0
19,250,9.484378939730332,6.378688031787326,1.0,0.0,0.0,1.0,0.0,1.0
20,250,10.013432935528808,1.926089930086732,0.0,0.0,0.0,1.0,0.0,0.0
21,250,10.284976768832903,5.028563831070959,0.0,0.0,0.0,1.0,1.0,0.0
22,250,4.761680493128164,7.936133904161541,0.0,0.0,1.0,0.0,0.0,1.0
23,250,4.746868652460788,9.689265107184236,1.0,0.0,0.0,1.0,0.0,0.0
24,250,5.198946812790989,0.0,0.0,0.0,1.0,1.0,0.0,0.0
25,250,10.227408690966117,7.069549319622953,0.0,0.0,1.0,0.0,0.0,1.0
26,250,6.06309688038489,10.926370064013414,0.0,0.0,1.0,0.0,0.0,0.0
27,250,9.400584190129148,3.54610816581529,1.0,0.0,0.0,0.0,1.0,1.0
28,250,3.2236339883927783,10.270541131782956,1.0,1.0,1.0,0.0,0.0,0.0
29,250,7.926163374355115,5.763482056850418,0.0,1.0,0.0,0.0,1.0,0.0
30,250,10.453533478719116,5.193864420571855,1.0,1.0,1.0,0.0,0.0,1.0
31,250,9.415919082656776,12.0,1.0,1.0,0.0,1.0,0.0,1.0
32,250,11.689709668720212,6.902824842670306,0.0,0.0,0.0,0.0,0.0,0.0
33,250,0.0,6.557960061133231,1.0,0.0,0.0,0.0,0.0,0.0
34,250,11.664620451646652,0.4501802035987181,1.0,1.0,0.0,0.0,0.0,0.0
35,250,7.311639584250228,4.666470679728404,0.0,0.0,1.0,1.0,0.0,0.0
36,250,2.296144065971529,10.159635301867915,1.0,1.0,1.0,1.0,1.0,0.0
37,250,9.141973333964366,2.40937556270551,0.0,0.0,0.0,0.0,1.0,1.0
38,250,11.996132142732067,3.3971869686313565,0.0,0.0,0.0,0.0,0.0,0.0
39,250,0.9473375432707348,1.3531474324183077,0.0,1.0,0.0,0.0,0.0,1.0
0,255,4.36073098983208,0.0,0.0,0.0,1.0,0.0,1.0,1.0
1,255,11.648596359347197,1.5366328733633194,0.0,1.0,0.0,1.0,0.0,1.0
2,255,0.0217691974323735,1.9567170491206616,0.0,1.0,1.0,1.0,0.0,1.0
3,255,9.147881358904348,4.562260028271743,1.0,0.0,1.0,0.0,1.0,1.0
4,255,0.0,6.3555972144070205,1.0,1.0,0.0,1.0,0.0,0.0
5,255,10.53368629118464,12.0,1.0,0.0,0.0,1.0,1.0,0.0
6,255,0.0,6.054086634063126,0.0,1.0,0.0,1.0,1.0,0.0
7,255,8.208079609614899,7.803618908017245,0.0,0.0,1.0,0.0,0.0,0.0
8,255,7.388023941517692,2.522822356286309,0.0,1.0,1.0,1.0,1.0,1.0
9,255,2.693456305948952,0.2786709889729007,1.0,1.0,0.0,0.0,0.0,0.0
10,255,0.0,2.4688300107358385,1.0,0.0,0.0,0.0,1.0,1.0
11,255,9.1467524274134,12.0,1.0,0.0,1.0,1.0,0.0,1.0
12,255,7.396002279854172,0.8891311844205332,0.0,1.0,0.0,0.0,0.0,0.0
13,255,6.302493267510899,6.176143953657967,0.0,0.0,1.0,0.0,0.0,0.0
14,255,0.0,5.46822028222863,0.0,1.0,0.0,1.0,1.0,0.0
15,255,2.5104137387834906,2.762889238072158,1.0,0.0,0.0,1.0,1.0,0.0
16,255,7.221262709994163,11.479300881448552,1.0,0.0,0.0,1.0,0.0,1.0
17,255,9.375047663863697,11.628663559234056,1.0,1.0,0.0,0.0,0.0,0.0
18,255,4.699217532794487,8.011976571775767,0.0,0.0,1.0,0.0,1.0,1.0
19,255,9.688021338923818,6.3397755338355966,1.0,0.0,0.0,1.0,0.0,1.0
20,255,9.850248437545044,1.8582737741664568,0.0,0.0,0.0,1.0,0.0,0.0
21,255,10.190120479837852,5.047389353968232,0.0,0.0,0.0,1.0,1.0,0.0
22,255,4.751702993331936,7.912505957615893,0.0,0.0,1.0,0.0,0.0,1.0
23,255,4.709341953737367,9.768438487743747,1.0,0.0,0.0,1.0,0.0,0.0
24,255,5.127128384291326,0.0,0.0,0.0,1.0,1.0,0.0,0.0
25,255,10.185024272293129,7.154863786795743,0.0,0.0,1.0,0.0,0.0,1.0
26,255,6.063280784612748,10.922276612956685,0.0,0.0,1.0,0.0,0.0,0.0
27,255,9.403028831769054,3.5377571138301547,1.0,0.0,0.0,0.0,1.0,1.0
28,255,3.2238983515279283,10.308378123397102,1.0,1.0,1.0,0.0,0.0,0.0
29,255,7.988716207926841,5.770057020400561,0.0,1.0,0.0,0.0,1.0,0.0
30,255,10.44734527369012,5.14367938735228,1.0,1.0,1.0,0.0,0.0,1.0
31,255,9.3705105610182,12.0,1.0,1.0,0.0,1.0,0.0,1.0
32,255,11.678665235173986,6.813665058255801,0.0,0.0,0.0,0.0,0.0,0.0
33,255,0.0,6.616888914338282,1.0,0.0,0.0,0.0,0.0,0.0
34,255,11.69974643834907,0.162528089168895,1.0,1.0,0.0,0.0,0.0,0.0
35,255,7.289000530597296,4.682505031429092,0.0,0.0,1.0,1.0,0.0,0.0
36,255,2.2788242611114398,10.156452448016674,1.0,1.0,1.0,1.0,1.0,0.0
37,255,9.16431487038737,2.4186263737967097,0.0,0.0,0.0,0.0,1.0,1.0
38,255,11.99551639944531,3.3206542502549468,0.0,0.0,0.0,0.0,0.0,0.0
39,255,0.9475051552494164,1.3532502184163304,0.0,1.0,0.0,0.0,0.0,1.0
0,260,4.372353176325087,0.0,0.0,0.0,1.0,0.0,1.0,1.0
1,260,11.705414448168536,1.5870397800703104,0.0,1.0,0.0,1.0,0.0,1.0
2,260,0.0241237280605794,1.998107270322359,0.0,1.0,1.0,1.0,0.0,1.0
3,260,9.13638556895169,4.566052010091144,1.0,0.0,1.0,0.0,1.0,1.0
4,260,0.0,6.313563853388228,1.0,1.0,0.0,1.0,0.0,0.0
5,260,10.537609052855242,12.0,1.0,0.0,0.0,1.0,1.0,0.0
6,260,0.0,6.235708295030369,0.0,1.0,0.0,1.0,1.0,0.0
7,260,8.237174830640118,7.774441113422784,0.0,0.0,1.0,0.0,0.0,0.0
8,260,7.519582989846652,2.517874429547269,0.0,1.0,1.0,1.0,1.0,1.0
9,260,2.7690683403073155,0.2103600671437958,1.0,1.0,0.0,0.0,0.0,0.0
10,260,0.0,2.4989094768320648,1.0,0.0,0.0,0.0,1.0,1.0
11,260,9.095921142917284,12.0,1.0,0.0,1.0,1.0,0.0,1.0
12,260,7.46165855120716,0.8370102496784123,0.0,1.0,0.0,0.0,0.0,0.0
13,260,6.284769519794525,6.06003408042722,0.0,0.0,1.0,0.0,0.0,0.0
14,260,0.0,5.248630844159921,0.0,1.0,0.0,1.0,1.0,0.0
15,260,2.565655105673989,2.75955914729414,1.0,0.0,0.0,1.0,1.0,0.0
16,260,7.289750684074412,11.525241081132991,1.0,0.0,0.0,1.0,0.0,1.0
17,260,9.395255556703328,11.768317639431942,1.0,1.0,0.0,0.0,0.0,0.0
18,260,4.791587430677547,8.045397465648401,0.0,0.0,1.0,0.0,1.0,1.0
19,260,9.859288900469972,6.309061237238316,1.0,0.0,0.0,1.0,0.0,1.0
20,260,9.674196009469192,1.782809185028785,0.0,0.0,0.0,1.0,0.0,0.0
21,260,10.07844539686883,5.073310252770185,0.0,0.0,0.0,1.0,1.0,0.0
22,260,4.732739579399645,7.869338124054672,0.0,0.0,1.0,0.0,0.0,1.0
23,260,4.680229579551649,9.8303399693596,1.0,0.0,0.0,1.0,0.0,0.0
24,260,5.0434913218023,0.0,0.0,0.0,1.0,1.0,0.0,0.0
25,260,10.142606475238432,7.241276520309023,0.0,0.0,1.0,0.0,0.0,1.0
26,260,6.062976631665158,10.9338481198042,0.0,0.0,1.0,0.0,0.0,0.0
27,260,9.409128046026158,3.5174607019006743,1.0,0.0,0.0,0.0,1.0,1.0
28,260,3.223624282223234,10.336348111508237,1.0,1.0,1.0,0.0,0.0,0.0
29,260,8.028317806873769,5.774376933320228,0.0,1.0,0.0,0.0,1.0,0.0
30,260,10.441068836075226,5.093382312801228,1.0,1.0,1.0,0.0,0.0,1.0
31,260,9.330607175799004,12.0,1.0,1.0,0.0,1.0,0.0,1.0
32,260,11.667153225851033,6.69845881431358,0.0,0.0,0.0,0.0,0.0,0.0
33,260,0.0,6.679365808043957,1.0,0.0,0.0,0.0,0.0,0.0
34,260,11.735522838390928,0.0,1.0,1.0,0.0,0.0,0.0,0.0
35,260,7.267307171552099,4.699519563236824,0.0,0.0,1.0,1.0,0.0,0.0
36,260,2.277729001580465,10.156229268572318,1.0,1.0,1.0,1.0,1.0,0.0
37,260,9.182569359915624,2.4263424665922195,0.0,0.0,0.0,0.0,1.0,1.0
38,260,11.995038912590855,3.221075948091891,0.0,0.0,0.0,0.0,0.0,0.0
39,260,0.9396548756373004,1.3486926189147057,0.0,1.0,0.0,0.0,0.0,1.0
0,265,4.383444946171944,0.0,0.0,0.0,1.0,0.0,1.0,1.0
1,265,11.763459575270252,1.638694167416083,0.0,1.0,0.0,1.0,0.0,1.0
2,265,0.0257259962961096,2.030357499563037,0.0,1.0,1.0,1.0,0.0,1.0
3,265,9.134504299187606,4.5666343857766405,1.0,0.0,1.0,0.0,1.0,1.0
4,265,0.0,6.269132337597806,1.0,1.0,0.0,1.0,0.0,0.0
5,265,10.54187648540417,12.0,1.0,0.0,0.0,1.0,1.0,0.0
6,265,0.0,6.402949988728666,0.0,1.0,0.0,1.0,1.0,0.0
7,265,8.25920760165463,7.752499944914592,0.0,0.0,1.0,0.0,0.0,0.0
8,265,7.63954494490247,2.513274414064837,0.0,1.0,1.0,1.0,1.0,1.0
9,265,2.8554368530026086,0.1323883914948758,1.0,1.0,0.0,0.0,0.0,0.0
10,265,0.0,2.5302184335806137,1.0,0.0,0.0,0.0,1.0,1.0
11,265,9.03876589034392,12.0,1.0,0.0,1.0,1.0,0.0,1.0
12,265,7.512123312646029,0.800357094061537,0.0,1.0,0.0,0.0,0.0,0.0
13,265,6.267057072325699,5.952495036719227,0.0,0.0,1.0,0.0,0.0,0.0
14,265,0.0,5.021067632277909,0.0,1.0,0.0,1.0,1.0,0.0
15,265,2.6321502726897794,2.7549097891005454,1.0,0.0,0.0,1.0,1.0,0.0
16,265,7.356451432768657,11.570728691721309,1.0,0.0,0.0,1.0,0.0,1.0
17,265,9.421563512872224,11.91824733520678,1.0,1.0,0.0,0.0,0.0,0.0
18,265,4.916040217490112,8.091039861072723,0.0,0.0,1.0,0.0,1.0,1.0
19,265,10.023948827638556,6.278989355829957,1.0,0.0,0.0,1.0,0.0,1.0
20,265,9.486079881414884,1.6997092713301802,0.0,0.0,0.0,1.0,0.0,0.0
21,265,9.966363779313632,5.096933362519498,0.0,0.0,0.0,1.0,1.0,0.0
22,265,4.710927502021766,7.818929213758613,0.0,0.0,1.0,0.0,0.0,1.0
23,265,4.647775584922382,9.894525196501345,1.0,0.0,0.0,1.0,0.0,0.0
24,265,4.9488244049102965,0.0,0.0,0.0,1.0,1.0,0.0,0.0
25,265,10.104811802081471,7.323074324229797,0.0,0.0,1.0,0.0,0.0,1.0
26,265,6.063862638872764,10.91070569213332,0.0,0.0,1.0,0.0,0.0,0.0
27,265,9.410564306038204,3.5130444091654174,1.0,0.0,0.0,0.0,1.0,1.0
28,265,3.2234609149902207,10.342588370380138,1.0,1.0,1.0,0.0,0.0,0.0
29,265,8.067081917050954,5.778881261419996,0.0,1.0,0.0,0.0,1.0,0.0
30,265,10.438563291448874,5.06830677268511,1.0,1.0,1.0,0.0,0.0,1.0
31,265,9.313917037215408,12.0,1.0,1.0,0.0,1.0,0.0,1.0
32,265,11.653980682314629,6.58597448315896,0.0,0.0,0.0,0.0,0.0,0.0
33,265,0.0,6.7374891134287695,1.0,0.0,0.0,0.0,0.0,0.0
34,265,11.773496491028435,0.0,1.0,1.0,0.0,0.0,0.0,0.0
35,265,7.242436815623945,4.718509271169877,0.0,0.0,1.0,1.0,0.0,0.0
36,265,2.284792253926912,10.15764167458976,1.0,1.0,1.0,1.0,1.0,0.0
37,265,9.195701812519651,2.4319542438121053,0.0,0.0,0.0,0.0,1.0,1.0
38,265,11.99338329742041,3.112560369337388,0.0,0.0,0.0,0.0,0.0,0.0
39,265,0.938278766923022,1.3478843538727074,0.0,1.0,0.0,0.0,0.0,1.0
0,270,4.3970690356676725,0.0,0.0,0.0,1.0,0.0,1.0,1.0
1,270,11.81067027705181,1.6826707568577115,0.0,1.0,0.0,1.0,0.0,1.0
2,270,0.0265028220775974,2.050470910055351,0.0,1.0,1.0,1.0,0.0,1.0
3,270,9.127017284229725,4.569030149956317,1.0,0.0,1.0,0.0,1.0,1.0
4,270,0.0,6.227063848865992,1.0,1.0,0.0,1.0,0.0,0.0
5,270,10.546237589524928,12.0,1.0,0.0,0.0,1.0,1.0,0.0
6,270,0.0,6.5570678544253855,0.0,1.0,0.0,1.0,1.0,0.0
7,270,8.26612096834974,7.745578860264134,0.0,0.0,1.0,0.0,0.0,0.0
8,270,7.781821519989808,2.512902265578529,0.0,1.0,1.0,1.0,1.0,1.0
9,270,2.952582066873109,0.0425685096198794,1.0,1.0,0.0,0.0,0.0,0.0
10,270,0.0,2.559477131875877,1.0,0.0,0.0,0.0,1.0,1.0
11,270,8.980929734036273,12.0,1.0,0.0,1.0,1.0,0.0,1.0
12,270,7.56093988686256,0.7664081386774022,0.0,1.0,0.0,0.0,0.0,0.0
13,270,6.251282605592571,5.853024590205482,0.0,0.0,1.0,0.0,0.0,0.0
14,270,0.0,4.78817630315882,0.0,1.0,0.0,1.0,1.0,0.0
15,270,2.704753474983832,2.7485119418565294,1.0,0.0,0.0,1.0,1.0,0.0
16,270,7.432175671513733,11.621276988327407,1.0,0.0,0.0,1.0,0.0,1.0
17,270,9.451938230254155,12.0,1.0,1.0,0.0,0.0,0.0,0.0
18,270,5.048967749996831,8.140580839753268,0.0,0.0,1.0,0.0,1.0,1.0
19,270,10.18382745956328,6.253736954277219,1.0,0.0,0.0,1.0,0.0,1.0
20,270,9.295739780393196,1.6229618740790095,0.0,0.0,0.0,1.0,0.0,0.0
21,270,9.864224040294326,5.120793003341193,0.0,0.0,0.0,1.0,1.0,0.0
22,270,4.686615008843737,7.76716650042972,0.0,0.0,1.0,0.0,0.0,1.0
23,270,4.6144904777853855,9.962016075020172,1.0,0.0,0.0,1.0,0.0,0.0
24,270,4.870663156446486,0.0,0.0,0.0,1.0,1.0,0.0,0.0
25,270,10.06256063192676,7.416277974903178,0.0,0.0,1.0,0.0,0.0,1.0
26,270,6.06389979837382,10.916107744770532,0.0,0.0,1.0,0.0,0.0,0.0
27,270,9.413437602136582,3.504032419573648,1.0,0.0,0.0,0.0,1.0,1.0
28,270,3.2235134381672106,10.339188650453233,1.0,1.0,1.0,0.0,0.0,0.0
29,270,8.109934935773948,5.784531733064815,0.0,1.0,0.0,0.0,1.0,0.0
30,270,10.435543029464217,5.037268876405545,1.0,1.0,1.0,0.0,0.0,1.0
31,270,9.303233005252451,12.0,1.0,1.0,0.0,1.0,0.0,1.0
32,270,11.640866587073562,6.473549851802836,0.0,0.0,0.0,0.0,0.0,0.0
33,270,0.0,6.810338705210025,1.0,0.0,0.0,0.0,0.0,0.0
34,270,11.803356857846907,0.0,1.0,1.0,0.0,0.0,0.0,0.0
35,270,7.237193280235022,4.722840398301946,0.0,0.0,1.0,1.0,0.0,0.0
36,270,2.271652314311088,10.154829247099658,1.0,1.0,1.0,1.0,1.0,0.0
37,270,9.204021659697627,2.435437856965911,0.0,0.0,0.0,0.0,1.0,1.0
38,270,11.99031826543988,2.999426896406508,0.0,0.0,0.0,0.0,0.0,0.0
39,270,0.9401657522982844,1.3490496936196434,0.0,1.0,0.0,0.0,0.0,1.0
0,275,4.409824680808609,0.0,0.0,0.0,1.0,0.0,1.0,1.0
1,275,11.847795760935355,1.7181665651723694,0.0,1.0,0.0,1.0,0.0,1.0
2,275,0.0279756126261813,2.0790500769725195,0.0,1.0,1.0,1.0,0.0,1.0
3,275,9.12324369529378,4.570358844005452,1.0,0.0,1.0,0.0,1.0,1.0
4,275,0.0,6.186043359582956,1.0,1.0,0.0,1.0,0.0,0.0
5,275,10.553183850318703,12.0,1.0,0.0,0.0,1.0,1.0,0.0
6,275,0.0,6.713791283719631,0.0,1.0,0.0,1.0,1.0,0.0
7,275,8.263843019411775,7.747890186263413,0.0,0.0,1.0,0.0,0.0,0.0
8,275,7.917787335664621,2.5095862649664884,0.0,1.0,1.0,1.0,1.0,1.0
9,275,3.048417640501668,0.0,1.0,1.0,0.0,0.0,0.0,0.0
10,275,0.0,2.5879185966043363,1.0,0.0,0.0,0.0,1.0,1.0
11,275,8.922956995543089,12.0,1.0,0.0,1.0,1.0,0.0,1.0
12,275,7.595670685415885,0.742973270102218,0.0,1.0,0.0,0.0,0.0,0.0
13,275,6.236073031663313,5.764901510909381,0.0,0.0,1.0,0.0,0.0,0.0
14,275,0.0,4.521448396051095,0.0,1.0,0.0,1.0,1.0,0.0
15,275,2.790657850959667,2.743823074745744,1.0,0.0,0.0,1.0,1.0,0.0
16,275,7.477751421986797,11.65098845489387,1.0,0.0,0.0,1.0,0.0,1.0
17,275,9.489288224956514,12.0,1.0,1.0,0.0,0.0,0.0,0.0
18,275,5.174098905933234,8.186705756220048,0.0,0.0,1.0,0.0,1.0,1.0
19,275,10.35090128568616,6.226042760298745,1.0,0.0,0.0,1.0,0.0,1.0
20,275,9.103626566132863,1.547230375703451,0.0,0.0,0.0,1.0,0.0,0.0
21,275,9.73539015750338,5.15447485485662,0.0,0.0,0.0,1.0,1.0,0.0
22,275,4.661718754757261,7.712380479992609,0.0,0.0,1.0,0.0,0.0,1.0
23,275,4.583655136489599,10.020050432604204,1.0,0.0,0.0,1.0,0.0,0.0
24,275,4.807521893927589,0.0,0.0,0.0,1.0,1.0,0.0,0.0
25,275,10.025888657561817,7.500456420724933,0.0,0.0,1.0,0.0,0.0,1.0
26,275,6.063989302664211,10.926036890824948,0.0,0.0,1.0,0.0,0.0,0.0
27,275,9.409442675656,3.5149794512108583,1.0,0.0,0.0,0.0,1.0,1.0
28,275,3.2236526484740677,10.330091050544828,1.0,1.0,1.0,0.0,0.0,0.0
29,275,8.131154017656508,5.786621920314518,0.0,1.0,0.0,0.0,1.0,0.0
30,275,10.432142664270682,4.990518540294317,1.0,1.0,1.0,0.0,0.0,1.0
31,275,9.30548749315656,12.0,1.0,1.0,0.0,1.0,0.0,1.0
32,275,11.625899677180737,6.36869083953075,0.0,0.0,0.0,0.0,0.0,0.0
33,275,0.0,6.882237788784996,1.0,0.0,0.0,0.0,0.0,0.0
34,275,11.8372281189054,0.0,1.0,1.0,0.0,0.0,0.0,0.0
35,275,7.241780766331807,4.719062048378592,0.0,0.0,1.0,1.0,0.0,0.0
36,275,2.2597181221862117,10.152643066607762,1.0,1.0,1.0,1.0,1.0,0.0
37,275,9.197446485113286,2.4327297111939936,0.0,0.0,0.0,0.0,1.0,1.0
38,275,11.98536501025468,2.882220579067549,0.0,0.0,0.0,0.0,0.0,0.0
39,275,0.9806201102752816,1.375972263065087,0.0,1.0,0.0,0.0,0.0,1.0
0,280,4.422157030418856,0.0,0.0,0.0,1.0,0.0,1.0,1.0
1,280,11.880389188613272,1.7518952282602305,0.0,1.0,0.0,1.0,0.0,1.0
2,280,0.0298534405051318,2.1140226399909565,0.0,1.0,1.0,1.0,0.0,1.0
3,280,9.129809083349942,4.56808646627805,1.0,0.0,1.0,0.0,1.0,1.0
4,280,0.0,6.143645309268247,1.0,1.0,0.0,1.0,0.0,0.0
5,280,10.557479269790466,12.0,1.0,0.0,0.0,1.0,1.0,0.0
6,280,0.0,6.881122171411099,0.0,1.0,0.0,1.0,1.0,0.0
7,280,8.26982430758198,7.742244978174621,0.0,0.0,1.0,0.0,0.0,0.0
8,280,8.054619818120106,2.5059641776949797,0.0,1.0,1.0,1.0,1.0,1.0
9,280,3.1265166406160443,0.0,1.0,1.0,0.0,0.0,0.0,0.0
10,280,0.0,2.613818649947641,1.0,0.0,0.0,0.0,1.0,1.0
11,280,8.864775339740723,12.0,1.0,0.0,1.0,1.0,0.0,1.0
12,280,7.630897073383818,0.7194583124197074,0.0,1.0,0.0,0.0,0.0,0.0
13,280,6.219801694690561,5.6841793492952375,0.0,0.0,1.0,0.0,0.0,0.0
14,280,0.0,4.261501689023326,0.0,1.0,0.0,1.0,1.0,0.0
15,280,2.85697948517194,2.7390153344534047,1.0,0.0,0.0,1.0,1.0,0.0
16,280,7.531875903393919,11.685721232678825,1.0,0.0,0.0,1.0,0.0,1.0
17,280,9.521367503567122,12.0,1.0,1.0,0.0,0.0,0.0,0.0
18,280,5.284428605712544,8.224818072308727,0.0,0.0,1.0,0.0,1.0,1.0
19,280,10.519462996359229,6.195773513262761,1.0,0.0,0.0,1.0,0.0,1.0
20,280,8.9037976317203,1.4684607468125723,0.0,0.0,0.0,1.0,0.0,0.0
21,280,9.631287756449694,5.182480222931378,0.0,0.0,0.0,1.0,1.0,0.0
22,280,4.638971983447723,7.665384478425652,0.0,0.0,1.0,0.0,0.0,1.0
23,280,4.558279554865176,10.066824504906592,1.0,0.0,0.0,1.0,0.0,0.0
24,280,4.765955955096789,0.0,0.0,0.0,1.0,1.0,0.0,0.0
25,280,9.996644982715548,7.574222957639856,0.0,0.0,1.0,0.0,0.0,1.0
26,280,6.063985809357479,10.907435915855134,0.0,0.0,1.0,0.0,0.0,0.0
27,280,9.405355620247738,3.5261539780732623,1.0,0.0,0.0,0.0,1.0,1.0
28,280,3.2236198013070285,10.341953121841469,1.0,1.0,1.0,0.0,0.0,0.0
29,280,8.145652619002345,5.788084442807023,0.0,1.0,0.0,0.0,1.0,0.0
30,280,10.429061387839443,4.951406664742696,1.0,1.0,1.0,0.0,0.0,1.0
31,280,9.306978500047236,12.0,1.0,1.0,0.0,1.0,0.0,1.0
32,280,11.61378910683018,6.271053555753679,0.0,0.0,0.0,0.0,0.0,0.0
33,280,0.0,6.953179458890542,1.0,0.0,0.0,0.0,0.0,0.0
34,280,11.876190674114657,0.0,1.0,1.0,0.0,0.0,0.0,0.0
35,280,7.244554695605,4.716737010855349,0.0,0.0,1.0,1.0,0.0,0.0
36,280,2.2447263141745517,10.14980139776909,1.0,1.0,1.0,1.0,1.0,0.0
37,280,9.185338777721777,2.4277419175647594,0.0,0.0,0.0,0.0,1.0,1.0
38,280,11.97683485911665,2.774974708712746,0.0,0.0,0.0,0.0,0.0,0.0
39,280,1.0283826994614316,1.4084981671971786,0.0,1.0,0.0,0.0,0.0,1.0
0,285,4.438170871921703,0.0,0.0,0.0,1.0,0.0,1.0,1.0
1,285,11.919645105243704,1.7915441697233023,0.0,1.0,0.0,1.0,0.0,1.0
2,285,0.0308825010302603,2.1530103705546195,0.0,1.0,1.0,1.0,0.0,1.0
3,285,9.150567753869865,4.5608755334379945,1.0,0.0,1.0,0.0,1.0,1.0
4,285,0.0,6.106612741943669,1.0,1.0,0.0,1.0,0.0,0.0
5,285,10.562945463240911,12.0,1.0,0.0,0.0,1.0,1.0,0.0
6,285,0.0,7.058196624314143,0.0,1.0,0.0,1.0,1.0,0.0
7,285,8.272967035428422,7.739355523572559,0.0,0.0,1.0,0.0,0.0,0.0
8,285,8.201965447357068,2.5012217863540305,0.0,1.0,1.0,1.0,1.0,1.0
9,285,3.196159705274293,0.0,1.0,1.0,0.0,0.0,0.0,0.0
10,285,0.0,2.642028744926868,1.0,0.0,0.0,0.0,1.0,1.0
11,285,8.806281490023636,12.0,1.0,0.0,1.0,1.0,0.0,1.0
12,285,7.652044029413328,0.7058311685141357,0.0,1.0,0.0,0.0,0.0,0.0
13,285,6.206192933553793,5.6136381983406745,0.0,0.0,1.0,0.0,0.0,0.0
14,285,0.0,4.003069472755368,0.0,1.0,0.0,1.0,1.0,0.0
15,285,2.9391826144094724,2.7305108661225086,1.0,0.0,0.0,1.0,1.0,0.0
16,285,7.606093677409307,11.730594421913157,1.0,0.0,0.0,1.0,0.0,1.0
17,285,9.552564694933794,12.0,1.0,1.0,0.0,0.0,0.0,0.0
18,285,5.4012379457071935,8.265321558461515,0.0,0.0,1.0,0.0,1.0,1.0
19,285,10.65312514319604,6.17193429319569,1.0,0.0,0.0,1.0,0.0,1.0
20,285,8.698146644050883,1.382365997391186,0.0,0.0,0.0,1.0,0.0,0.0
21,285,9.56658316209036,5.20026684331296,0.0,0.0,0.0,1.0,1.0,0.0
22,285,4.616026123202,7.616401003094891,0.0,0.0,1.0,0.0,0.0,1.0
23,285,4.53846200713465,10.10423706110182,1.0,0.0,0.0,1.0,0.0,0.0
24,285,4.735508334734132,0.0,0.0,0.0,1.0,1.0,0.0,0.0
25,285,9.976162063800585,7.630774952925583,0.0,0.0,1.0,0.0,0.0,1.0
26,285,6.063670615618689,10.894579007648558,0.0,0.0,1.0,0.0,0.0,0.0
27,285,9.408983831462594,3.515894237715992,1.0,0.0,0.0,0.0,1.0,1.0
28,285,3.223681746140153,10.354004389668471,1.0,1.0,1.0,0.0,0.0,0.0
29,285,8.168869317631254,5.7901791029511775,0.0,1.0,0.0,0.0,1.0,0.0
30,285,10.425314302510833,4.901514403284314,1.0,1.0,1.0,0.0,0.0,1.0
31,285,9.308007432433088,12.0,1.0,1.0,0.0,1.0,0.0,1.0
32,285,11.604858313686933,6.180706734116773,0.0,0.0,0.0,0.0,0.0,0.0
33,285,0.0,7.020895357456504,1.0,0.0,0.0,0.0,0.0,0.0
34,285,11.911111814953998,0.0,1.0,1.0,0.0,0.0,0.0,0.0
35,285,7.259612092720393,4.704121900575142,0.0,0.0,1.0,1.0,0.0,0.0
36,285,2.230169211163377,10.147239847951315,1.0,1.0,1.0,1.0,1.0,0.0
37,285,9.142969851321332,2.410181180778359,0.0,0.0,0.0,0.0,1.0,1.0
38,285,11.972092978673132,2.644269964524003,0.0,0.0,0.0,0.0,0.0,0.0
39,285,1.0874679570202106,1.4488296938857146,0.0,1.0,0.0,0.0,0.0,1.0
0,290,4.457476195148798,0.0,0.0,0.0,1.0,0.0,1.0,1.0
1,290,11.96132959674579,1.7511235876396525,0.0,1.0,0.0,1.0,0.0,1.0
2,290,0.0320902166666835,2.198739378754172,0.0,1.0,1.0,1.0,0.0,1.0
3,290,9.176651466264758,4.551485977296212,1.0,0.0,1.0,0.0,1.0,1.0
4,290,0.0,6.065789982538815,1.0,1.0,0.0,1.0,0.0,0.0
5,290,10.572671121216676,12.0,1.0,0.0,0.0,1.0,1.0,0.0
6,290,0.0,7.225900095316647,0.0,1.0,0.0,1.0,1.0,0.0
7,290,8.278896990905384,7.74578836128573,0.0,0.0,1.0,0.0,0.0,0.0
8,290,8.34263458273857,2.496602025405555,0.0,1.0,1.0,1.0,1.0,1.0
9,290,3.274825196551438,0.0,1.0,1.0,0.0,0.0,0.0,0.0
10,290,0.0,2.6721192360490287,1.0,0.0,0.0,0.0,1.0,1.0
11,290,8.752219524350295,12.0,1.0,0.0,1.0,1.0,0.0,1.0
12,290,7.665528210402803,0.6971786825549803,0.0,1.0,0.0,0.0,0.0,0.0
13,290,6.190901635154964,5.5333283681640015,0.0,0.0,1.0,0.0,0.0,0.0
14,290,0.0,3.760532013183234,0.0,1.0,0.0,1.0,1.0,0.0
15,290,3.0158332138041275,2.726261733802962,1.0,0.0,0.0,1.0,1.0,0.0
16,290,7.658947716829499,11.759410619652636,1.0,0.0,0.0,1.0,0.0,1.0
17,290,9.587123903330776,12.0,1.0,1.0,0.0,0.0,0.0,0.0
18,290,5.504135410146503,8.302910717359293,0.0,0.0,1.0,0.0,1.0,1.0
19,290,10.815170685166157,6.142942682557124,1.0,0.0,0.0,1.0,0.0,1.0
20,290,8.470746597489272,1.285388869552428,0.0,0.0,0.0,1.0,0.0,0.0
21,290,9.506824280162466,5.217142359281558,0.0,0.0,0.0,1.0,1.0,0.0
22,290,4.590313918356849,7.559306198452369,0.0,0.0,1.0,0.0,0.0,1.0
23,290,4.519976826841458,10.137894989352423,1.0,0.0,0.0,1.0,0.0,0.0
24,290,4.709387557063124,0.0,0.0,0.0,1.0,1.0,0.0,0.0
25,290,9.955632818758536,7.688535078335511,0.0,0.0,1.0,0.0,0.0,1.0
26,290,6.062123448299835,10.867849575280284,0.0,0.0,1.0,0.0,0.0,0.0
27,290,9.412371247460324,3.506065723000759,1.0,0.0,0.0,0.0,1.0,1.0
28,290,3.223484931262709,10.379331706537329,1.0,1.0,1.0,0.0,0.0,0.0
29,290,8.206254793590332,5.79301995871238,0.0,1.0,0.0,0.0,1.0,0.0
30,290,10.422031294196596,4.841430985708887,1.0,1.0,1.0,0.0,0.0,1.0
31,290,9.312585013402174,12.0,1.0,1.0,0.0,1.0,0.0,1.0
32,290,11.600335234242865,6.102210152986488,0.0,0.0,0.0,0.0,0.0,0.0
33,290,0.0,6.710813185640015,1.0,0.0,0.0,0.0,0.0,0.0
34,290,11.950797956460812,0.0,1.0,1.0,0.0,0.0,0.0,0.0
35,290,7.287986430028787,4.679879731707613,0.0,0.0,1.0,1.0,0.0,0.0
36,290,2.22289132202518,10.145962642044024,1.0,1.0,1.0,1.0,1.0,0.0
37,290,9.076693682611667,2.381656580647177,0.0,0.0,0.0,0.0,1.0,1.0
38,290,11.85055180393789,2.647662123914231,0.0,0.0,0.0,0.0,0.0,0.0
39,290,1.136327670846419,1.4822000879730763,0.0,1.0,0.0,0.0,0.0,1.0
0,295,4.473921541557423,0.0,0.0,0.0,1.0,0.0,1.0,1.0
1,295,11.997253213482248,1.716420753931172,0.0,1.0,0.0,1.0,0.0,1.0
2,295,0.0330593602622867,2.229559545743717,0.0,1.0,1.0,1.0,0.0,1.0
3,295,9.198176769695522,4.543547407460229,1.0,0.0,1.0,0.0,1.0,1.0
4,295,0.0,6.025061862413402,1.0,1.0,0.0,1.0,0.0,0.0
5,295,10.581904255904186,12.0,1.0,0.0,0.0,1.0,1.0,0.0
6,295,0.0,7.393981196930018,0.0,1.0,0.0,1.0,1.0,0.0
7,295,8.284495629128475,7.752099391799012,0.0,0.0,1.0,0.0,0.0,0.0
8,295,8.472436684205096,2.487592715241941,0.0,1.0,1.0,1.0,1.0,1.0
9,295,3.356165717628186,0.0,1.0,1.0,0.0,0.0,0.0,0.0
10,295,0.0,2.699918313044809,1.0,0.0,0.0,0.0,1.0,1.0
11,295,8.706555896142573,12.0,1.0,0.0,1.0,1.0,0.0,1.0
12,295,7.681674345662681,0.6874791041956032,0.0,1.0,0.0,0.0,0.0,0.0
13,295,6.171393663657908,5.443126839710954,0.0,0.0,1.0,0.0,0.0,0.0
14,295,0.0,3.513495272659591,0.0,1.0,0.0,1.0,1.0,0.0
15,295,3.0685937358731725,2.722923541521512,1.0,0.0,0.0,1.0,1.0,0.0
16,295,7.726210961131306,11.797152163507072,1.0,0.0,0.0,1.0,0.0,1.0
17,295,9.627240266914276,12.0,1.0,1.0,0.0,0.0,0.0,0.0
18,295,5.607433989416903,8.341911285487123,0.0,0.0,1.0,0.0,1.0,1.0
19,295,10.965910183054364,6.111184621875309,1.0,0.0,0.0,1.0,0.0,1.0
20,295,8.233074107037835,1.1873266834930662,0.0,0.0,0.0,1.0,0.0,0.0
21,295,9.456763234932106,5.231822930075659,0.0,0.0,0.0,1.0,1.0,0.0
22,295,4.563947034039931,7.503973653499994,0.0,0.0,1.0,0.0,0.0,1.0
23,295,4.507675756021499,10.160065321558454,1.0,0.0,0.0,1.0,0.0,0.0
24,295,4.684884113234089,0.0,0.0,0.0,1.0,1.0,0.0,0.0
25,295,9.936999288295498,7.739098318724475,0.0,0.0,1.0,0.0,0.0,1.0
26,295,6.060635135123754,10.839791902524633,0.0,0.0,1.0,0.0,0.0,0.0
27,295,9.409741292512264,3.513505708075705,1.0,0.0,0.0,0.0,1.0,1.0
28,295,3.222448699466066,10.40968435909757,1.0,1.0,1.0,0.0,0.0,0.0
29,295,8.267547397162515,5.79754019443866,0.0,1.0,0.0,0.0,1.0,0.0
30,295,10.41886494458484,4.798828748280863,1.0,1.0,1.0,0.0,0.0,1.0
31,295,9.32084255523826,12.0,1.0,1.0,0.0,1.0,0.0,1.0
32,295,11.594649636631388,6.018657166623082,0.0,0.0,0.0,0.0,0.0,0.0
33,295,0.0,6.392466904872467,1.0,0.0,0.0,0.0,0.0,0.0
34,295,11.991264919341242,0.0,1.0,1.0,0.0,0.0,0.0,0.0
35,295,7.324282029631595,4.648434506309733,0.0,0.0,1.0,1.0,0.0,0.0
36,295,2.19546628155873,10.14101054662225,1.0,1.0,1.0,1.0,1.0,0.0
37,295,9.015525875085483,2.3548221247313315,0.0,0.0,0.0,0.0,1.0,1.0
38,295,11.754859288898098,2.650785402781626,0.0,0.0,0.0,0.0,0.0,0.0
39,295,1.1748805695691955,1.5088029462168373,0.0,1.0,0.0,0.0,0.0,1.0
