0,0,10.043864206226557,7.049541750626958,1.0,0.0,1.0,1.0,0.0,1.0
1,0,4.990486654249958,12.0,1.0,0.0,0.0,1.0,0.0,0.0
2,0,8.025872123092395,9.982985481866471,0.0,0.0,0.0,0.0,1.0,1.0
3,0,4.940646801368091,5.962518514201931,0.0,1.0,0.0,0.0,1.0,0.0
4,0,11.9823715593977,5.032428504719297,0.0,1.0,0.0,1.0,1.0,0.0
5,0,0.0,6.072069443810962,0.0,1.0,0.0,0.0,0.0,1.0
6,0,2.014402722052244,0.9677398025718926,0.0,0.0,1.0,0.0,1.0,1.0
7,0,0.9789598620736326,8.047455699081391,1.0,0.0,0.0,1.0,0.0,0.0
8,0,11.032000050352089,3.988127074766005,1.0,0.0,0.0,0.0,0.0,0.0
9,0,2.940952324287024,5.021863044908645,0.0,0.0,1.0,0.0,0.0,0.0
10,0,1.03765577727583,3.954928088606767,1.0,0.0,0.0,0.0,0.0,1.0
11,0,3.96027330194084,10.940335197342367,0.0,1.0,0.0,1.0,1.0,0.0
12,0,1.983744918586785,3.049996974593586,0.0,0.0,1.0,0.0,0.0,0.0
13,0,3.018603137577552,4.063378053786037,1.0,1.0,0.0,0.0,0.0,0.0
14,0,4.9437031532819296,1.0014696303017168,0.0,1.0,1.0,0.0,0.0,0.0
15,0,11.988743354272655,2.048425587312457,0.0,1.0,0.0,0.0,0.0,0.0
16,0,11.954621856693496,0.0295516464761603,0.0,0.0,1.0,0.0,1.0,0.0
17,0,2.0136053199269623,1.0759253769481023,0.0,0.0,1.0,1.0,0.0,1.0
18,0,5.046024638514203,2.950573048234657,0.0,1.0,0.0,1.0,0.0,1.0
19,0,7.029632739478804,9.038164202776384,1.0,1.0,1.0,0.0,0.0,1.0
20,0,11.006878977768451,4.05878486237784,0.0,0.0,0.0,0.0,1.0,1.0
21,0,0.96557130193133,3.9650943927636737,0.0,0.0,0.0,0.0,0.0,0.0
22,0,6.008225870721749,11.03305049661475,1.0,0.0,0.0,0.0,0.0,0.0
23,0,5.954593995149905,12.0,0.0,0.0,1.0,0.0,0.0,0.0
24,0,3.0461736798359027,12.0,0.0,0.0,0.0,1.0,0.0,0.0
25,0,4.9704874410631135,4.948305752378399,0.0,1.0,1.0,1.0,1.0,0.0
26,0,11.954931791889072,1.0068032654221537,0.0,1.0,0.0,0.0,1.0,0.0
27,0,9.953821143040669,4.057052088308691,0.0,0.0,1.0,1.0,0.0,0.0
28,0,4.045573009574227,1.9577851270371864,0.0,0.0,0.0,1.0,1.0,0.0
29,0,0.0,8.978851016109164,1.0,1.0,1.0,1.0,0.0,0.0
30,0,5.997432939597328,9.955851510977164,0.0,0.0,1.0,0.0,1.0,0.0
31,0,2.039606783638754,9.00563278686351,1.0,0.0,1.0,1.0,1.0,0.0
32,0,7.9708524404745855,10.055048139563272,1.0,0.0,1.0,1.0,0.0,1.0
33,0,0.956558716975091,1.0283882550389547,1.0,1.0,0.0,0.0,0.0,0.0
34,0,6.018641015457322,11.072794100735909,1.0,1.0,0.0,0.0,0.0,0.0
35,0,0.9515578636541504,9.039791680123068,1.0,0.0,0.0,0.0,1.0,0.0
36,0,5.9744566022073125,7.048925272256543,1.0,1.0,0.0,0.0,1.0,0.0
37,0,4.040123898921574,6.046532859076186,1.0,0.0,1.0,0.0,0.0,1.0
38,0,5.9728175847515175,5.974783490476055,0.0,1.0,0.0,0.0,0.0,0.0
39,0,11.004689660487315,1.93917574295214,0.0,1.0,1.0,0.0,0.0,1.0
0,5,10.101107228637954,7.113063532479429,1.0,0.0,1.0,1.0,0.0,1.0
1,5,4.98015022446253,12.0,1.0,0.0,0.0,1.0,0.0,0.0
2,5,8.040794549222031,9.973189519853245,0.0,0.0,0.0,0.0,1.0,1.0
3,5,4.893269084123386,5.934735457510714,0.0,1.0,0.0,0.0,1.0,0.0
4,5,11.969941541503552,5.052888850076413,0.0,1.0,0.0,1.0,1.0,0.0
5,5,0.0,6.159652078529684,0.0,1.0,0.0,0.0,0.0,1.0
6,5,2.027222226471268,0.9416119636241488,0.0,0.0,1.0,0.0,1.0,1.0
7,5,0.9555995066753288,8.099217895700862,1.0,0.0,0.0,1.0,0.0,0.0
8,5,11.07392609557927,3.9731805798226105,1.0,0.0,0.0,0.0,0.0,0.0
9,5,2.8776080124212577,5.044550194168998,0.0,0.0,1.0,0.0,0.0,0.0
10,5,1.0785863514569536,3.904744276762198,1.0,0.0,0.0,0.0,0.0,1.0
11,5,3.929716796909597,10.892665537710808,0.0,1.0,0.0,1.0,1.0,0.0
12,5,1.969010563519048,3.096619541092271,0.0,0.0,1.0,0.0,0.0,0.0
13,5,3.032872749756538,4.108392255865796,1.0,1.0,0.0,0.0,0.0,0.0
14,5,4.900868565907498,1.0030801748985976,0.0,1.0,1.0,0.0,0.0,0.0
15,5,11.973629780007,2.1232508823917198,0.0,1.0,0.0,0.0,0.0,0.0
16,5,11.924436300310182,0.0488661086654232,0.0,0.0,1.0,0.0,1.0,0.0
17,5,2.0306274665613198,1.1633622252568825,0.0,0.0,1.0,1.0,0.0,1.0
18,5,5.080666507990804,2.913740055889583,0.0,1.0,0.0,1.0,0.0,1.0
19,5,7.066581015763645,9.087478753949933,1.0,1.0,1.0,0.0,0.0,1.0
20,5,11.016119373861518,4.126702687217047,0.0,0.0,0.0,0.0,1.0,1.0
21,5,0.9258723085980148,3.925623871366463,0.0,0.0,0.0,0.0,0.0,0.0
22,5,6.015877719089189,11.063974097192997,1.0,0.0,0.0,0.0,0.0,0.0
23,5,5.935061786051623,12.0,0.0,0.0,1.0,0.0,0.0,0.0
24,5,3.0744234346661297,12.0,0.0,0.0,0.0,1.0,0.0,0.0
25,5,4.952959783607324,4.915591417947714,0.0,1.0,1.0,1.0,1.0,0.0
26,5,11.907189549051663,1.013956360423819,0.0,1.0,0.0,0.0,1.0,0.0
27,5,9.905724659879112,4.118523084628134,0.0,0.0,1.0,1.0,0.0,0.0
28,5,4.08640177792801,1.9166162476492608,0.0,0.0,0.0,1.0,1.0,0.0
29,5,0.0,8.964475014691237,1.0,1.0,1.0,1.0,0.0,0.0
30,5,5.994819228663385,9.900243965013726,0.0,0.0,1.0,0.0,1.0,0.0
31,5,2.098606294731757,9.013284535518729,1.0,0.0,1.0,1.0,1.0,0.0
32,5,7.945258864779626,10.099015919667714,1.0,0.0,1.0,1.0,0.0,1.0
33,5,0.9126690953845322,1.0564770938144956,1.0,1.0,0.0,0.0,0.0,0.0
34,5,6.032882475836834,11.129364070838786,1.0,1.0,0.0,0.0,0.0,0.0
35,5,0.9039822139332024,9.078289689112331,1.0,0.0,0.0,0.0,1.0,0.0
36,5,5.957171085157919,7.082414171935953,1.0,1.0,0.0,0.0,1.0,0.0
37,5,4.082028135544059,6.095984645453692,1.0,0.0,1.0,0.0,0.0,1.0
38,5,5.951305435710483,5.95484506744372,0.0,1.0,0.0,0.0,0.0,0.0
39,5,11.007561372651017,1.8774185229845497,0.0,1.0,1.0,0.0,0.0,1.0
0,10,10.138852855715156,7.156082071861898,1.0,0.0,1.0,1.0,0.0,1.0
1,10,4.967003150915011,12.0,1.0,0.0,0.0,1.0,0.0,0.0
2,10,8.05981665579516,9.96048877625695,0.0,0.0,0.0,0.0,1.0,1.0
3,10,4.850288430608691,5.910297281229876,0.0,1.0,0.0,0.0,1.0,0.0
4,10,11.969916671656897,5.052929564187808,0.0,1.0,0.0,1.0,1.0,0.0
5,10,0.0,6.219120256468873,0.0,1.0,0.0,0.0,0.0,1.0
6,10,2.043188710480703,0.9096297012193262,0.0,0.0,1.0,0.0,1.0,1.0
7,10,0.9428419097780182,8.129419670064486,1.0,0.0,0.0,1.0,0.0,0.0
8,10,11.117174685611586,3.958311431733169,1.0,0.0,0.0,0.0,0.0,0.0
9,10,2.805647562430903,5.069217960056597,0.0,0.0,1.0,0.0,0.0,0.0
10,10,1.1097928347829509,3.865650476044277,1.0,0.0,0.0,0.0,0.0,1.0
11,10,3.894397274206725,10.837661669139589,0.0,1.0,0.0,1.0,1.0,0.0
12,10,1.953720911259418,3.1435623855308084,0.0,0.0,1.0,0.0,0.0,0.0
13,10,3.047359768277137,4.151641903383683,1.0,1.0,0.0,0.0,0.0,0.0
14,10,4.867006383292005,1.003651100302584,0.0,1.0,1.0,0.0,0.0,0.0
15,10,11.962773352905598,2.172581648077444,0.0,1.0,0.0,0.0,0.0,0.0
16,10,11.88574850990001,0.0728952915691413,0.0,0.0,1.0,0.0,1.0,0.0
17,10,2.0457739651136992,1.241218594853838,0.0,0.0,1.0,1.0,0.0,1.0
18,10,5.128144035164297,2.863692053180165,0.0,1.0,0.0,1.0,0.0,1.0
19,10,7.098308459918911,9.131042337382308,1.0,1.0,1.0,0.0,0.0,1.0
20,10,11.022746795087208,4.171339014948806,0.0,0.0,0.0,0.0,1.0,1.0
21,10,0.8710513215016313,3.870705661536509,0.0,0.0,0.0,0.0,0.0,0.0
22,10,6.019473357695632,11.080142042593309,1.0,0.0,0.0,0.0,0.0,0.0
23,10,5.914996822011779,12.0,0.0,0.0,1.0,0.0,0.0,0.0
24,10,3.100202081490446,12.0,0.0,0.0,0.0,1.0,0.0,0.0
25,10,4.934299812332969,4.882011166454327,0.0,1.0,1.0,1.0,1.0,0.0
26,10,11.877956594390795,1.0188818136588704,0.0,1.0,0.0,0.0,1.0,0.0
27,10,9.861889437526346,4.174646284356186,0.0,0.0,1.0,1.0,0.0,0.0
28,10,4.115376646118058,1.8887189158767677,0.0,0.0,0.0,1.0,1.0,0.0
29,10,0.0,8.94912860540063,1.0,1.0,1.0,1.0,0.0,0.0
30,10,5.993707818298842,9.870200781720545,0.0,0.0,1.0,0.0,1.0,0.0
31,10,2.1319809236223897,9.01727432376502,1.0,0.0,1.0,1.0,1.0,0.0
32,10,7.9119031821906844,10.158831858900808,1.0,0.0,1.0,1.0,0.0,1.0
33,10,0.8717057847575671,1.0828058999763155,1.0,1.0,0.0,0.0,0.0,0.0
34,10,6.044133995394766,11.171633154794526,1.0,1.0,0.0,0.0,0.0,0.0
35,10,0.8671533711063552,9.108397141726122,1.0,0.0,0.0,0.0,1.0,0.0
36,10,5.986982344091994,7.097888715597303,1.0,1.0,0.0,0.0,1.0,0.0
37,10,4.108825139766527,6.129610262213042,1.0,0.0,1.0,0.0,0.0,1.0
38,10,5.928726572490251,5.933561859536586,0.0,1.0,0.0,0.0,0.0,0.0
39,10,11.01063238319032,1.8061017589301165,0.0,1.0,1.0,0.0,0.0,1.0
0,15,10.17247105337524,7.195950279514267,1.0,0.0,1.0,1.0,0.0,1.0
1,15,4.953221109805116,12.0,1.0,0.0,0.0,1.0,0.0,0.0
2,15,8.080648781126758,9.946200274995409,0.0,0.0,0.0,0.0,1.0,1.0
3,15,4.8133254650566055,5.889647357882351,0.0,1.0,0.0,0.0,1.0,0.0
4,15,11.97629507552564,5.042578720891865,0.0,1.0,0.0,1.0,1.0,0.0
5,15,0.0,6.260831776918199,0.0,1.0,0.0,0.0,0.0,1.0
6,15,2.0569715678786613,0.8805030945688407,0.0,0.0,1.0,0.0,1.0,1.0
7,15,0.9246603387444275,8.172428255023487,1.0,0.0,0.0,1.0,0.0,0.0
8,15,11.140120926970702,4.023933592305204,1.0,0.0,0.0,0.0,0.0,0.0
9,15,2.7333673619857675,5.095786470367512,0.0,0.0,1.0,0.0,0.0,0.0
10,15,1.1418369175114411,3.822679250577456,1.0,0.0,0.0,0.0,0.0,1.0
11,15,3.867462933877588,10.79353204879569,0.0,1.0,0.0,1.0,1.0,0.0
12,15,1.939092050703052,3.1903255906440355,0.0,0.0,1.0,0.0,0.0,0.0
13,15,3.057406942992928,4.180574856715258,1.0,1.0,0.0,0.0,0.0,0.0
14,15,4.844508454766096,1.0037361567596104,0.0,1.0,1.0,0.0,0.0,0.0
15,15,11.952429569817612,2.218708567514004,0.0,1.0,0.0,0.0,0.0,0.0
16,15,11.825282981475809,0.1100702751814979,0.0,0.0,1.0,0.0,1.0,0.0
17,15,2.057221643589103,1.3121833878703,0.0,0.0,1.0,1.0,0.0,1.0
18,15,5.167858882794278,2.82365129067329,0.0,1.0,0.0,1.0,0.0,1.0
19,15,7.139494027072813,9.190330316128012,1.0,1.0,1.0,0.0,0.0,1.0
20,15,11.032812279907684,4.246204403065025,0.0,0.0,0.0,0.0,1.0,1.0
21,15,0.8089931220367657,3.8095027441892815,0.0,0.0,0.0,0.0,0.0,0.0
22,15,6.019724197501624,11.081346867505228,1.0,0.0,0.0,0.0,0.0,0.0
23,15,5.902042208790474,12.0,0.0,0.0,1.0,0.0,0.0,0.0
24,15,3.141882756248912,12.0,0.0,0.0,0.0,1.0,0.0,0.0
25,15,4.911310087951077,4.839901498070432,0.0,1.0,1.0,1.0,1.0,0.0
26,15,11.856661244729944,1.022961213066524,0.0,1.0,0.0,0.0,1.0,0.0
27,15,9.815532290426225,4.234786260382661,0.0,0.0,1.0,1.0,0.0,0.0
28,15,4.165047865941216,1.84125091328421,0.0,0.0,0.0,1.0,1.0,0.0
29,15,0.0,8.932608781910078,1.0,1.0,1.0,1.0,0.0,0.0
30,15,5.992533231266294,9.844765165926944,0.0,0.0,1.0,0.0,1.0,0.0
31,15,2.178522085845444,9.02176506929376,1.0,0.0,1.0,1.0,1.0,0.0
32,15,7.88958855923859,10.200444122078414,1.0,0.0,1.0,1.0,0.0,1.0
33,15,0.8204268042628761,1.1159188890167862,1.0,1.0,0.0,0.0,0.0,0.0
34,15,6.05593150257251,11.212953249628766,1.0,1.0,0.0,0.0,0.0,0.0
35,15,0.8473801211309597,9.124672435600647,1.0,0.0,0.0,0.0,1.0,0.0
36,15,5.99136534064499,7.100177252095293,1.0,1.0,0.0,0.0,1.0,0.0
37,15,4.147368519927823,6.17541586562024,1.0,0.0,1.0,0.0,0.0,1.0
38,15,5.907362722547574,5.9127007011901895,0.0,1.0,0.0,0.0,0.0,0.0
39,15,11.014559063661416,1.7438045237750528,0.0,1.0,1.0,0.0,0.0,1.0
0,20,10.189160514861772,7.217227777329382,1.0,0.0,1.0,1.0,0.0,1.0
1,20,4.940569629484712,12.0,1.0,0.0,0.0,1.0,0.0,0.0
2,20,8.098107999429981,9.933451747380913,0.0,0.0,0.0,0.0,1.0,1.0
3,20,4.754800451698554,5.857384356525859,0.0,1.0,0.0,0.0,1.0,0.0
4,20,11.97456233206648,5.045253555230929,0.0,1.0,0.0,1.0,1.0,0.0
5,20,0.0,6.326235036773919,0.0,1.0,0.0,0.0,0.0,1.0
6,20,2.0751998186038487,0.8427265520290517,0.0,0.0,1.0,0.0,1.0,1.0
7,20,0.903281110322825,8.224415576061356,1.0,0.0,0.0,1.0,0.0,0.0
8,20,11.164069697061077,4.095116438364976,1.0,0.0,0.0,0.0,0.0,0.0
9,20,2.6792359368102376,5.113342653592175,0.0,0.0,1.0,0.0,0.0,0.0
10,20,1.181797103439633,3.767527369833807,1.0,0.0,0.0,0.0,0.0,1.0
11,20,3.854905219440941,10.772129207129227,0.0,1.0,0.0,1.0,1.0,0.0
12,20,1.9196709978044144,3.251335538952864,0.0,0.0,1.0,0.0,0.0,0.0
13,20,3.068502234690779,4.211435051586446,1.0,1.0,0.0,0.0,0.0,0.0
14,20,4.8135244006818025,1.0029330476071605,0.0,1.0,1.0,0.0,0.0,0.0
15,20,11.943462620030417,2.2611597458153683,0.0,1.0,0.0,0.0,0.0,0.0
16,20,11.768609486133808,0.1450049880884454,0.0,0.0,1.0,0.0,1.0,0.0
17,20,2.06997613341442,1.3835715632715275,0.0,0.0,1.0,1.0,0.0,1.0
18,20,5.21331042090122,2.778888282824764,0.0,1.0,0.0,1.0,0.0,1.0
19,20,7.173105118369257,9.238170133085054,1.0,1.0,1.0,0.0,0.0,1.0
20,20,11.03934088666886,4.302031135309576,0.0,0.0,0.0,0.0,1.0,1.0
21,20,0.7537425938254592,3.754942959918068,0.0,0.0,0.0,0.0,0.0,0.0
22,20,6.020242052766004,11.08376898621574,1.0,0.0,0.0,0.0,0.0,0.0
23,20,5.893356559838925,12.0,0.0,0.0,1.0,0.0,0.0,0.0
24,20,3.2004498031007405,12.0,0.0,0.0,0.0,1.0,0.0,0.0
25,20,4.886961038197749,4.796959927039705,0.0,1.0,1.0,1.0,1.0,0.0
26,20,11.826033289576282,1.0280764487629563,0.0,1.0,0.0,0.0,1.0,0.0
27,20,9.765276640367716,4.303028710344968,0.0,0.0,1.0,1.0,0.0,0.0
28,20,4.212703127612848,1.7962997661696074,0.0,0.0,0.0,1.0,1.0,0.0
29,20,0.0,8.92536427749531,1.0,1.0,1.0,1.0,0.0,0.0
30,20,5.989477817014111,9.80289025350819,0.0,0.0,1.0,0.0,1.0,0.0
31,20,2.209273914517245,9.02570212485013,1.0,0.0,1.0,1.0,1.0,0.0
32,20,7.864520605211226,10.246351934775806,1.0,0.0,1.0,1.0,0.0,1.0
33,20,0.7801933831492384,1.1420096606021355,1.0,1.0,0.0,0.0,0.0,0.0
34,20,6.059713393630112,11.226681027320527,1.0,1.0,0.0,0.0,0.0,0.0
35,20,0.8288564481294255,9.141013968373615,1.0,0.0,0.0,0.0,1.0,0.0
36,20,6.004577668211386,7.1072773914112135,1.0,1.0,0.0,0.0,1.0,0.0
37,20,4.188934330320795,6.2253707037881405,1.0,0.0,1.0,0.0,0.0,1.0
38,20,5.881308399262594,5.8854125245165285,0.0,1.0,0.0,0.0,0.0,0.0
39,20,11.019720544718952,1.6638897704844644,0.0,1.0,1.0,0.0,0.0,1.0
0,25,10.212408227501392,7.246671275743386,1.0,0.0,1.0,1.0,0.0,1.0
1,25,4.932552486734521,12.0,1.0,0.0,0.0,1.0,0.0,0.0
2,25,8.116905606768473,9.9186620389012,0.0,0.0,0.0,0.0,1.0,1.0
3,25,4.685192577292939,5.8184140477822615,0.0,1.0,0.0,0.0,1.0,0.0
4,25,11.969316798590969,5.052678558834225,0.0,1.0,0.0,1.0,1.0,0.0
5,25,0.0,6.400074389801711,0.0,1.0,0.0,0.0,0.0,1.0
6,25,2.098232104689366,0.7974708968296569,0.0,0.0,1.0,0.0,1.0,1.0
7,25,0.8796138946425948,8.290529833037416,1.0,0.0,0.0,1.0,0.0,0.0
8,25,11.198386629339844,4.191283745774492,1.0,0.0,0.0,0.0,0.0,0.0
9,25,2.624218998840369,5.1310581330810425,0.0,0.0,1.0,0.0,0.0,0.0
10,25,1.225165242578686,3.709515660917886,1.0,0.0,0.0,0.0,0.0,1.0
11,25,3.8434806497115854,10.752434294601974,0.0,1.0,0.0,1.0,1.0,0.0
12,25,1.900197967337249,3.31354993746596,0.0,0.0,1.0,0.0,0.0,0.0
13,25,3.0843237983983105,4.2536272189407125,1.0,1.0,0.0,0.0,0.0,0.0
14,25,4.803372305245693,1.0025683231191502,0.0,1.0,1.0,0.0,0.0,0.0
15,25,11.934488816591482,2.3049066537157663,0.0,1.0,0.0,0.0,0.0,0.0
16,25,11.724006262488976,0.1717652597434328,0.0,0.0,1.0,0.0,1.0,0.0
17,25,2.0840777219649302,1.4584093688942792,0.0,0.0,1.0,1.0,0.0,1.0
18,25,5.268710341143095,2.728067171627254,0.0,1.0,0.0,1.0,0.0,1.0
19,25,7.213557570507726,9.295674635588847,1.0,1.0,1.0,0.0,0.0,1.0
20,25,11.04621555153659,4.369972990021302,0.0,0.0,0.0,0.0,1.0,1.0
21,25,0.7003137960572401,3.700112163085642,0.0,0.0,0.0,0.0,0.0,0.0
22,25,6.018933523136511,11.07732480433354,1.0,0.0,0.0,0.0,0.0,0.0
23,25,5.902067705409955,11.993361649245262,0.0,0.0,1.0,0.0,0.0,0.0
24,25,3.246158476013987,12.0,0.0,0.0,0.0,1.0,0.0,0.0
25,25,4.86674776487346,4.76189990904561,0.0,1.0,1.0,1.0,1.0,0.0
26,25,11.77203218750286,1.0388208027108452,0.0,1.0,0.0,0.0,1.0,0.0
27,25,9.71498361458526,4.368944293456525,0.0,0.0,1.0,1.0,0.0,0.0
28,25,4.2672679619458105,1.7428171823682352,0.0,0.0,0.0,1.0,1.0,0.0
29,25,0.0,8.902078258426416,1.0,1.0,1.0,1.0,0.0,0.0
30,25,5.986934496680139,9.76722794919257,0.0,0.0,1.0,0.0,1.0,0.0
31,25,2.2366865647876653,9.029351060496454,1.0,0.0,1.0,1.0,1.0,0.0
32,25,7.832767764646487,10.30257050332624,1.0,0.0,1.0,1.0,0.0,1.0
33,25,0.7341891176920936,1.1700865426487244,1.0,1.0,0.0,0.0,0.0,0.0
34,25,6.063075157673997,11.238957961015409,1.0,1.0,0.0,0.0,0.0,0.0
35,25,0.8264433433937658,9.143197420932642,1.0,0.0,0.0,0.0,1.0,0.0
36,25,6.013540207914211,7.112040410073888,1.0,1.0,0.0,0.0,1.0,0.0
37,25,4.2355838072082985,6.283481635027233,1.0,0.0,1.0,0.0,0.0,1.0
38,25,5.858283172106585,5.861431704169877,0.0,1.0,0.0,0.0,0.0,0.0
39,25,11.025224048472356,1.592316208692428,0.0,1.0,1.0,0.0,0.0,1.0
0,30,10.22314871520079,7.259924330625845,1.0,0.0,1.0,1.0,0.0,1.0
1,30,4.922738029798241,12.0,1.0,0.0,0.0,1.0,0.0,0.0
2,30,8.124472333694122,9.912649536936213,0.0,0.0,0.0,0.0,1.0,1.0
3,30,4.612645679131581,5.777192676408998,0.0,1.0,0.0,0.0,1.0,0.0
4,30,11.967709438705706,5.055069938173532,0.0,1.0,0.0,1.0,1.0,0.0
5,30,0.0,6.490058494731531,0.0,1.0,0.0,0.0,0.0,1.0
6,30,2.1122520743414457,0.7700712029999319,0.0,0.0,1.0,0.0,1.0,1.0
7,30,0.8528810299913709,8.364126546675942,1.0,0.0,0.0,1.0,0.0,0.0
8,30,11.234954101313264,4.294636084475265,1.0,0.0,0.0,0.0,0.0,0.0
9,30,2.554173537883858,5.155640380090466,0.0,0.0,1.0,0.0,0.0,0.0
10,30,1.289658055740457,3.623784115289932,1.0,0.0,0.0,0.0,0.0,1.0
11,30,3.826657013300685,10.723298510348762,0.0,1.0,0.0,1.0,1.0,0.0
12,30,1.886466242641086,3.355643050704045,0.0,0.0,1.0,0.0,0.0,0.0
13,30,3.0915937952440604,4.273038367116393,1.0,1.0,0.0,0.0,0.0,0.0
14,30,4.760337470046333,1.001292543353985,0.0,1.0,1.0,0.0,0.0,0.0
15,30,11.92226235327434,2.363307619384287,0.0,1.0,0.0,0.0,0.0,0.0
16,30,11.70038114118054,0.1857064177120797,0.0,0.0,1.0,0.0,1.0,0.0
17,30,2.1020557724577014,1.5482817895638563,0.0,0.0,1.0,1.0,0.0,1.0
18,30,5.326968915472468,2.676769888029069,0.0,1.0,0.0,1.0,0.0,1.0
19,30,7.249366703713426,9.34581723987092,1.0,1.0,1.0,0.0,0.0,1.0
20,30,11.055114142758148,4.455012499976862,0.0,0.0,0.0,0.0,1.0,1.0
21,30,0.6387000248679281,3.6392920578660046,0.0,0.0,0.0,0.0,0.0,0.0
22,30,6.016276999815343,11.060510071781872,1.0,0.0,0.0,0.0,0.0,0.0
23,30,5.899770801430492,11.995171736454502,0.0,0.0,1.0,0.0,0.0,0.0
24,30,3.283235371656789,12.0,0.0,0.0,0.0,1.0,0.0,0.0
25,30,4.846572555249907,4.7281998616785,0.0,1.0,1.0,1.0,1.0,0.0
26,30,11.710863125781009,1.0511689081260405,0.0,1.0,0.0,0.0,1.0,0.0
27,30,9.666669913469518,4.43398413403419,0.0,0.0,1.0,1.0,0.0,0.0
28,30,4.308187706396078,1.70239398775664,0.0,0.0,0.0,1.0,1.0,0.0
29,30,0.0,8.865671267307937,1.0,1.0,1.0,1.0,0.0,0.0
30,30,5.98487431816699,9.736196617298855,0.0,0.0,1.0,0.0,1.0,0.0
31,30,2.26033952772229,9.032395988010157,1.0,0.0,1.0,1.0,1.0,0.0
32,30,7.904722068727555,10.341196981095235,1.0,0.0,1.0,1.0,0.0,1.0
33,30,0.6945583086442898,1.1947506698267667,1.0,1.0,0.0,0.0,0.0,0.0
34,30,6.073944513736589,11.27300727737745,1.0,1.0,0.0,0.0,0.0,0.0
35,30,0.820588331276846,9.148676825488629,1.0,0.0,0.0,0.0,1.0,0.0
36,30,6.013059093651004,7.11178036288647,1.0,1.0,0.0,0.0,1.0,0.0
37,30,4.279775989912574,6.339613669643875,1.0,0.0,1.0,0.0,0.0,1.0
38,30,5.823440911350081,5.823212136899452,0.0,1.0,0.0,0.0,0.0,0.0
39,30,11.03118955792421,1.5306588040303046,0.0,1.0,1.0,0.0,0.0,1.0
0,35,10.215120310667716,7.250215408136325,1.0,0.0,1.0,1.0,0.0,1.0
1,35,4.912005742477718,12.0,1.0,0.0,0.0,1.0,0.0,0.0
2,35,8.13216647755409,9.906236453874936,0.0,0.0,0.0,0.0,1.0,1.0
3,35,4.555024403822867,5.744373925993648,0.0,1.0,0.0,0.0,1.0,0.0
4,35,11.964189122968705,5.059878342036535,0.0,1.0,0.0,1.0,1.0,0.0
5,35,0.0,6.591207950525425,0.0,1.0,0.0,0.0,0.0,1.0
6,35,2.117200006612813,0.7601936747750108,0.0,0.0,1.0,0.0,1.0,1.0
7,35,0.831094720372558,8.42400485162517,1.0,0.0,0.0,1.0,0.0,0.0
8,35,11.267073670659284,4.390779443450929,1.0,0.0,0.0,0.0,0.0,0.0
9,35,2.5055479543486583,5.172825631672793,0.0,0.0,1.0,0.0,0.0,0.0
10,35,1.3620242213669411,3.5313172673424456,1.0,0.0,0.0,0.0,0.0,1.0
11,35,3.796451347978782,10.74051297755442,0.0,1.0,0.0,1.0,1.0,0.0
12,35,1.876814969733965,3.3874241669539265,0.0,0.0,1.0,0.0,0.0,0.0
13,35,3.1043386410489875,4.309873684001634,1.0,1.0,0.0,0.0,0.0,0.0
14,35,4.699078261066885,1.001505800309744,0.0,1.0,1.0,0.0,0.0,0.0
15,35,11.91133586852634,2.418880980614868,0.0,1.0,0.0,0.0,0.0,0.0
16,35,11.68661115104256,0.1935690625689915,0.0,0.0,1.0,0.0,1.0,0.0
17,35,2.1173999812757747,1.6366053676344994,0.0,0.0,1.0,1.0,0.0,1.0
18,35,5.370317580856648,2.6393548439330825,0.0,1.0,0.0,1.0,0.0,1.0
19,35,7.276714795364453,9.385293068860587,1.0,1.0,1.0,0.0,0.0,1.0
20,35,11.061911816744946,4.560968703981105,0.0,0.0,0.0,0.0,1.0,1.0
21,35,0.5753514523459747,3.573737433832927,0.0,0.0,0.0,0.0,0.0,0.0
22,35,6.012154456495479,11.037087640344962,1.0,0.0,0.0,0.0,0.0,0.0
23,35,5.895154357483117,11.998667052205306,0.0,0.0,1.0,0.0,0.0,0.0
24,35,3.3460734123872085,12.0,0.0,0.0,0.0,1.0,0.0,0.0
25,35,4.819200314055694,4.681508698040453,0.0,1.0,1.0,1.0,1.0,0.0
26,35,11.64131008797906,1.065707878758615,0.0,1.0,0.0,0.0,1.0,0.0
27,35,9.619132220820632,4.499876835338998,0.0,0.0,1.0,1.0,0.0,0.0
28,35,4.350197145111867,1.6622555898422648,0.0,0.0,0.0,1.0,1.0,0.0
29,35,0.0,8.842542073529088,1.0,1.0,1.0,1.0,0.0,0.0
30,35,5.9827550973989325,9.70632162850813,0.0,0.0,1.0,0.0,1.0,0.0
31,35,2.2635939665781577,9.032848087419485,1.0,0.0,1.0,1.0,1.0,0.0
32,35,7.972300106252511,10.378823763084178,1.0,0.0,1.0,1.0,0.0,1.0
33,35,0.6427762496799736,1.228480222609955,1.0,1.0,0.0,0.0,0.0,0.0
34,35,6.082464395295091,11.29856287239985,1.0,1.0,0.0,0.0,0.0,0.0
35,35,0.8118357744638526,9.15662866762592,1.0,0.0,0.0,0.0,1.0,0.0
36,35,5.990160979021554,7.098705677438183,1.0,1.0,0.0,0.0,1.0,0.0
37,35,4.333198093501808,6.410136186979114,1.0,0.0,1.0,0.0,0.0,1.0
38,35,5.784125770618529,5.780379309064345,0.0,1.0,0.0,0.0,0.0,0.0
39,35,11.03457435639749,1.472535756017214,0.0,1.0,1.0,0.0,0.0,1.0
0,40,10.206596326033653,7.239602684840008,1.0,0.0,1.0,1.0,0.0,1.0
1,40,4.89778706537842,12.0,1.0,0.0,0.0,1.0,0.0,0.0
2,40,8.150117044482924,9.891625235940126,0.0,0.0,0.0,0.0,1.0,1.0
3,40,4.493612843244328,5.710138279030213,0.0,1.0,0.0,0.0,1.0,0.0
4,40,11.967042489517498,5.056133792508742,0.0,1.0,0.0,1.0,1.0,0.0
5,40,0.0,6.689974396639458,0.0,1.0,0.0,0.0,0.0,1.0
6,40,2.114485267733757,0.7658590602515256,0.0,0.0,1.0,0.0,1.0,1.0
7,40,0.8165459381927523,8.46479089509753,1.0,0.0,0.0,1.0,0.0,0.0
8,40,11.37493591568217,4.354115293211116,1.0,0.0,0.0,0.0,0.0,0.0
9,40,2.4541258628803506,5.190312292122202,0.0,0.0,1.0,0.0,0.0,0.0
10,40,1.4277374619177092,3.445561380674673,1.0,0.0,0.0,0.0,0.0,1.0
11,40,3.773776056836021,10.752392187365494,0.0,1.0,0.0,1.0,1.0,0.0
12,40,1.867939162809827,3.4186270171431583,0.0,0.0,1.0,0.0,0.0,0.0
13,40,3.1136023967182997,4.335602013935354,1.0,1.0,0.0,0.0,0.0,0.0
14,40,4.640230986595191,1.0017442911342624,0.0,1.0,1.0,0.0,0.0,0.0
15,40,11.900777656610575,2.464915255619678,0.0,1.0,0.0,0.0,0.0,0.0
16,40,11.678399134361284,0.1798479987376815,0.0,0.0,1.0,0.0,1.0,0.0
17,40,2.130326465483756,1.712847011892209,0.0,0.0,1.0,1.0,0.0,1.0
18,40,5.433136059355403,2.584869283203458,0.0,1.0,0.0,1.0,0.0,1.0
19,40,7.306421272589562,9.428319664854657,1.0,1.0,1.0,0.0,0.0,1.0
20,40,11.069637523798871,4.676248800210769,0.0,0.0,0.0,0.0,1.0,1.0
21,40,0.5147575540509398,3.5091815030767517,0.0,0.0,0.0,0.0,0.0,0.0
22,40,6.00726243585857,11.007276929265828,1.0,0.0,0.0,0.0,0.0,0.0
23,40,5.902630511612611,11.992804564038948,0.0,0.0,1.0,0.0,0.0,0.0
24,40,3.393390196226347,12.0,0.0,0.0,0.0,1.0,0.0,0.0
25,40,4.78801304445916,4.628277399009855,0.0,1.0,1.0,1.0,1.0,0.0
26,40,11.574893171964172,1.0803050214425352,0.0,1.0,0.0,0.0,1.0,0.0
27,40,9.571316871070788,4.56520070958339,0.0,0.0,1.0,1.0,0.0,0.0
28,40,4.416883819068705,1.5974486539490107,0.0,0.0,0.0,1.0,1.0,0.0
29,40,0.0,8.814818414647418,1.0,1.0,1.0,1.0,0.0,0.0
30,40,5.979613427561465,9.663446333851416,0.0,0.0,1.0,0.0,1.0,0.0
31,40,2.2636053058168497,9.032849678407334,1.0,0.0,1.0,1.0,1.0,0.0
32,40,8.05311210689617,10.4247655500338,1.0,0.0,1.0,1.0,0.0,1.0
33,40,0.5754869322241659,1.2717930782747575,1.0,1.0,0.0,0.0,0.0,0.0
34,40,6.079722830030946,11.290310402613672,1.0,1.0,0.0,0.0,0.0,0.0
35,40,0.8042313870894691,9.163218611013376,1.0,0.0,0.0,0.0,1.0,0.0
36,40,5.966388587933419,7.085409046546063,1.0,1.0,0.0,0.0,1.0,0.0
37,40,4.391418422442169,6.484066562603936,1.0,0.0,1.0,0.0,0.0,1.0
38,40,5.747284619044909,5.740670647093084,0.0,1.0,0.0,0.0,0.0,0.0
39,40,11.03757535406548,1.41367595820293,0.0,1.0,1.0,0.0,0.0,1.0
0,45,10.19804899481233,7.228795452523497,1.0,0.0,1.0,1.0,0.0,1.0
1,45,4.877975022282021,12.0,1.0,0.0,0.0,1.0,0.0,0.0
2,45,8.170782230117023,9.875286550161816,0.0,0.0,0.0,0.0,1.0,1.0
3,45,4.45941367948021,5.6917263617973655,0.0,1.0,0.0,0.0,1.0,0.0
4,45,11.981609194170892,5.037402683121727,0.0,1.0,0.0,1.0,1.0,0.0
5,45,0.0,6.77472281716512,0.0,1.0,0.0,0.0,0.0,1.0
6,45,2.119302938536081,0.7561272682591446,0.0,0.0,1.0,0.0,1.0,1.0
7,45,0.8102409846686072,8.48434081696873,1.0,0.0,0.0,1.0,0.0,0.0
8,45,11.503656439169514,4.308454499173775,1.0,0.0,0.0,0.0,0.0,0.0
9,45,2.4207382849226144,5.20155977771004,0.0,0.0,1.0,0.0,0.0,0.0
10,45,1.480396259901185,3.376915666192244,1.0,0.0,0.0,0.0,0.0,1.0
11,45,3.722013603236561,10.78107289028202,0.0,1.0,0.0,1.0,1.0,0.0
12,45,1.8471128357593865,3.4128340325307702,0.0,0.0,1.0,0.0,0.0,0.0
13,45,3.119865415173829,4.3537447148966,1.0,1.0,0.0,0.0,0.0,0.0
14,45,4.59076906029824,1.001886613854703,0.0,1.0,1.0,0.0,0.0,0.0
15,45,11.891645682108996,2.511420693131916,0.0,1.0,0.0,0.0,0.0,0.0
16,45,11.669376357068156,0.1657357450700353,0.0,0.0,1.0,0.0,1.0,0.0
17,45,2.14736007530708,1.8060359923761624,0.0,0.0,1.0,1.0,0.0,1.0
18,45,5.504834476557505,2.5240644805844235,0.0,1.0,0.0,1.0,0.0,1.0
19,45,7.313418790778454,9.438347436857953,1.0,1.0,1.0,0.0,0.0,1.0
20,45,11.073356525961763,4.772482644152256,0.0,0.0,0.0,0.0,1.0,1.0
21,45,0.4710829050442235,3.461448104014236,0.0,0.0,0.0,0.0,0.0,0.0
22,45,6.001753110660887,10.975969179158628,1.0,0.0,0.0,0.0,0.0,0.0
23,45,5.894275917880124,11.999071640176403,0.0,0.0,1.0,0.0,0.0,0.0
24,45,3.425018202342728,12.0,0.0,0.0,0.0,1.0,0.0,0.0
25,45,4.755760187917705,4.575435152938521,0.0,1.0,1.0,1.0,1.0,0.0
26,45,11.513827273867298,1.0924288439723455,0.0,1.0,0.0,0.0,1.0,0.0
27,45,9.52288269210495,4.633587910651689,0.0,0.0,1.0,1.0,0.0,0.0
28,45,4.469897470739355,1.5444723176844346,0.0,0.0,0.0,1.0,1.0,0.0
29,45,0.0,8.792485303209375,1.0,1.0,1.0,1.0,0.0,0.0
30,45,5.976724009937629,9.62517336010234,0.0,0.0,1.0,0.0,1.0,0.0
31,45,2.2622612990432533,9.032732553359493,1.0,0.0,1.0,1.0,1.0,0.0
32,45,8.125233342211907,10.46627100866319,1.0,0.0,1.0,1.0,0.0,1.0
33,45,0.4979244369484376,1.3216076971225148,1.0,1.0,0.0,0.0,0.0,0.0
34,45,6.072080352884408,11.267892395299056,1.0,1.0,0.0,0.0,0.0,0.0
35,45,0.8071650996174339,9.160618341379072,1.0,0.0,0.0,0.0,1.0,0.0
36,45,5.939866407012674,7.070219882979544,1.0,1.0,0.0,0.0,1.0,0.0
37,45,4.449760172061246,6.555566460980693,1.0,0.0,1.0,0.0,0.0,1.0
38,45,5.721730728598091,5.71486908177096,0.0,1.0,0.0,0.0,0.0,0.0
39,45,11.039380459415186,1.3624416309210845,0.0,1.0,1.0,0.0,0.0,1.0
0,50,10.18977918738839,7.218064446194768,1.0,0.0,1.0,1.0,0.0,1.0
1,50,4.855963388500244,12.0,1.0,0.0,0.0,1.0,0.0,0.0
2,50,8.154881607093184,9.855209848515342,0.0,0.0,0.0,0.0,1.0,1.0
3,50,4.434430689695236,5.677986684103636,0.0,1.0,0.0,0.0,1.0,0.0
4,50,11.98731314194233,5.030074968666094,0.0,1.0,0.0,1.0,1.0,0.0
5,50,0.0,6.847833348090273,0.0,1.0,0.0,0.0,0.0,1.0
6,50,2.1291449818379387,0.7362331527384977,0.0,0.0,1.0,0.0,1.0,1.0
7,50,0.8004283903975886,8.517705630886407,1.0,0.0,0.0,1.0,0.0,0.0
8,50,11.62341217966499,4.268501880349299,1.0,0.0,0.0,0.0,0.0,0.0
9,50,2.365395189126044,5.220322148671342,0.0,0.0,1.0,0.0,0.0,0.0
10,50,1.5521579800736949,3.2834437706599666,1.0,0.0,0.0,0.0,0.0,1.0
11,50,3.644284262584202,10.825749464821302,0.0,1.0,0.0,1.0,1.0,0.0
12,50,1.8457695543614827,3.4124734783026374,0.0,0.0,1.0,0.0,0.0,0.0
13,50,3.132851994807032,4.390016867154114,1.0,1.0,0.0,0.0,0.0,0.0
14,50,4.537823372018914,1.0021112896616036,0.0,1.0,1.0,0.0,0.0,0.0
15,50,11.878927237605136,2.5743186511280496,0.0,1.0,0.0,0.0,0.0,0.0
16,50,11.657609906335852,0.1478452388970101,0.0,0.0,1.0,0.0,1.0,0.0
17,50,2.170078788653592,1.9081054708357104,0.0,0.0,1.0,1.0,0.0,1.0
18,50,5.580865931117776,2.458889582316488,0.0,1.0,0.0,1.0,0.0,1.0
19,50,7.327010312047673,9.457669368326863,1.0,1.0,1.0,0.0,0.0,1.0
20,50,11.080086717939512,4.864882152166988,0.0,0.0,0.0,0.0,1.0,1.0
21,50,0.4408511607427761,3.4287667400637387,0.0,0.0,0.0,0.0,0.0,0.0
22,50,5.995971185851961,10.946531981015456,1.0,0.0,0.0,0.0,0.0,0.0
23,50,5.888445068347636,12.0,0.0,0.0,1.0,0.0,0.0,0.0
24,50,3.466637258779167,12.0,0.0,0.0,0.0,1.0,0.0,0.0
25,50,4.733723762379077,4.539652183029592,0.0,1.0,1.0,1.0,1.0,0.0
26,50,11.4630029684851,1.1023670950089417,0.0,1.0,0.0,0.0,1.0,0.0
27,50,9.476137630047992,4.694618383729814,0.0,0.0,1.0,1.0,0.0,0.0
28,50,4.51846873057589,1.4971493682057118,0.0,0.0,0.0,1.0,1.0,0.0
29,50,0.0,8.781121427443708,1.0,1.0,1.0,1.0,0.0,0.0
30,50,5.974032940497435,9.58596254005965,0.0,0.0,1.0,0.0,1.0,0.0
31,50,2.256465985810024,9.03220665551713,1.0,0.0,1.0,1.0,1.0,0.0
32,50,8.18952869939998,10.503440002024895,1.0,0.0,1.0,1.0,0.0,1.0
33,50,0.4190739084221839,1.3693227202790748,1.0,1.0,0.0,0.0,0.0,0.0
34,50,6.062176739952239,11.237606407517417,1.0,1.0,0.0,0.0,0.0,0.0
35,50,0.8048183127790964,9.157918108558157,1.0,0.0,0.0,0.0,1.0,0.0
36,50,5.908757713956421,7.052106548696465,1.0,1.0,0.0,0.0,1.0,0.0
37,50,4.517554388033132,6.639405923539601,1.0,0.0,1.0,0.0,0.0,1.0
38,50,5.692518806693719,5.687148057705331,0.0,1.0,0.0,0.0,0.0,0.0
39,50,11.040111282826848,1.3065768276607015,0.0,1.0,1.0,0.0,0.0,1.0
0,55,10.19226954480312,7.221318540764346,1.0,0.0,1.0,1.0,0.0,1.0
1,55,4.837100728766405,12.0,1.0,0.0,0.0,1.0,0.0,0.0
2,55,8.136533721560276,9.832774782059747,0.0,0.0,0.0,0.0,1.0,1.0
3,55,4.4082003208058405,5.664138507027036,0.0,1.0,0.0,0.0,1.0,0.0
4,55,11.978815966353949,5.041438352635161,0.0,1.0,0.0,1.0,1.0,0.0
5,55,0.0,6.926689762213303,0.0,1.0,0.0,0.0,0.0,1.0
6,55,2.1369164601297084,0.7211253116251543,0.0,0.0,1.0,0.0,1.0,1.0
7,55,0.7952007610744836,8.537793041331295,1.0,0.0,0.0,1.0,0.0,0.0
8,55,11.755227579339834,4.226196299612738,1.0,0.0,0.0,0.0,0.0,0.0
9,55,2.2944668982946483,5.244561815303581,0.0,0.0,1.0,0.0,0.0,0.0
10,55,1.6271482503118992,3.184270035047288,1.0,0.0,0.0,0.0,0.0,1.0
11,55,3.545119823364524,10.885179219064266,0.0,1.0,0.0,1.0,1.0,0.0
12,55,1.855750068716848,3.4151337831294715,0.0,0.0,1.0,0.0,0.0,0.0
13,55,3.1486853409192146,4.433541327655362,1.0,1.0,0.0,0.0,0.0,0.0
14,55,4.47581060205009,1.001361224539492,0.0,1.0,1.0,0.0,0.0,0.0
15,55,11.86221653218642,2.6527547264251226,0.0,1.0,0.0,0.0,0.0,0.0
16,55,11.63917432303563,0.1207144613413405,0.0,0.0,1.0,0.0,1.0,0.0
17,55,2.1931220851601427,1.9948888294772424,0.0,0.0,1.0,1.0,0.0,1.0
18,55,5.632281688886936,2.414907972058107,0.0,1.0,0.0,1.0,0.0,1.0
19,55,7.329780329430039,9.461487966219314,1.0,1.0,1.0,0.0,0.0,1.0
20,55,11.087108927282715,4.962588317975363,0.0,0.0,0.0,0.0,1.0,1.0
21,55,0.3975588960063189,3.384824104370378,0.0,0.0,0.0,0.0,0.0,0.0
22,55,5.988634000279276,10.9074658475976,1.0,0.0,0.0,0.0,0.0,0.0
23,55,5.893100336435991,11.996657336907871,0.0,0.0,1.0,0.0,0.0,0.0
24,55,3.4555964229799576,12.0,0.0,0.0,0.0,1.0,0.0,0.0
25,55,4.703851584907356,4.490802072168626,0.0,1.0,1.0,1.0,1.0,0.0
26,55,11.4075326376922,1.1140100045104218,0.0,1.0,0.0,0.0,1.0,0.0
27,55,9.407050077493087,4.783995210713071,0.0,0.0,1.0,1.0,0.0,0.0
28,55,4.555429661063737,1.4596287728734243,0.0,0.0,0.0,1.0,1.0,0.0
29,55,0.0,8.774504928736123,1.0,1.0,1.0,1.0,0.0,0.0
30,55,5.968013627617102,9.53190195455838,0.0,0.0,1.0,0.0,1.0,0.0
31,55,2.243389242663328,9.030966735762554,1.0,0.0,1.0,1.0,1.0,0.0
32,55,8.261055329084044,10.546395116941335,1.0,0.0,1.0,1.0,0.0,1.0
33,55,0.3326954016644992,1.4216760025163555,1.0,1.0,0.0,0.0,0.0,0.0
34,55,6.055983378034391,11.218543806964876,1.0,1.0,0.0,0.0,0.0,0.0
35,55,0.7965990947987492,9.148334946720947,1.0,0.0,0.0,0.0,1.0,0.0
36,55,5.886616117579829,7.039601763956537,1.0,1.0,0.0,0.0,1.0,0.0
37,55,4.592259940452852,6.728020946555248,1.0,0.0,1.0,0.0,0.0,1.0
38,55,5.649503680298945,5.64379262426971,0.0,1.0,0.0,0.0,0.0,0.0
39,55,10.98823461224703,1.306424390656687,0.0,1.0,1.0,0.0,0.0,1.0
0,60,10.19501664152321,7.224682504658834,1.0,0.0,1.0,1.0,0.0,1.0
1,60,4.816326261204398,12.0,1.0,0.0,0.0,1.0,0.0,0.0
2,60,8.113121820520957,9.80334813837346,0.0,0.0,0.0,0.0,1.0,1.0
3,60,4.393137267742496,5.656089913363178,0.0,1.0,0.0,0.0,1.0,0.0
4,60,11.98560990114359,5.03293172669541,0.0,1.0,0.0,1.0,1.0,0.0
5,60,0.0,7.018132360395152,0.0,1.0,0.0,0.0,0.0,1.0
6,60,2.154155391816842,0.6889226182867667,0.0,0.0,1.0,0.0,1.0,1.0
7,60,0.790663670951161,8.555955248984745,1.0,0.0,0.0,1.0,0.0,0.0
8,60,11.890757799439449,4.184262892492398,1.0,0.0,0.0,0.0,0.0,0.0
9,60,2.22678575609917,5.267948487054284,0.0,0.0,1.0,0.0,0.0,0.0
10,60,1.7079485441418354,3.0745031617929985,1.0,0.0,0.0,0.0,0.0,1.0
11,60,3.4293275454974337,10.956694111085174,0.0,1.0,0.0,1.0,1.0,0.0
12,60,1.856379022179308,3.4153114873886232,0.0,0.0,1.0,0.0,0.0,0.0
13,60,3.162398895388787,4.470100413412191,1.0,1.0,0.0,0.0,0.0,0.0
14,60,4.4222731264526,1.0013022850420508,0.0,1.0,1.0,0.0,0.0,0.0
15,60,11.851715916555351,2.706643299443584,0.0,1.0,0.0,0.0,0.0,0.0
16,60,11.620902914978508,0.0940457465917873,0.0,0.0,1.0,0.0,1.0,0.0
17,60,2.2154546834259974,2.0815903501127595,0.0,0.0,1.0,1.0,0.0,1.0
18,60,5.702416870850246,2.35242626265999,0.0,1.0,0.0,1.0,0.0,1.0
19,60,7.332401063970823,9.465035449975556,1.0,1.0,1.0,0.0,0.0,1.0
20,60,11.09593988437845,5.062190447351787,0.0,0.0,0.0,0.0,1.0,1.0
21,60,0.3562590372184326,3.343848637621516,0.0,0.0,0.0,0.0,0.0,0.0
22,60,5.983612854654558,10.881365960272102,1.0,0.0,0.0,0.0,0.0,0.0
23,60,5.882870908565085,12.0,0.0,0.0,1.0,0.0,0.0,0.0
24,60,3.450380444784721,12.0,0.0,0.0,0.0,1.0,0.0,0.0
25,60,4.676173174225092,4.443222664177098,0.0,1.0,1.0,1.0,1.0,0.0
26,60,11.341579585506487,1.1307359647979074,0.0,1.0,0.0,0.0,1.0,0.0
27,60,9.334357430975915,4.882236349421411,0.0,0.0,1.0,1.0,0.0,0.0
28,60,4.586972005215941,1.427978319602174,0.0,0.0,0.0,1.0,1.0,0.0
29,60,0.0,8.763593851263517,1.0,1.0,1.0,1.0,0.0,0.0
30,60,5.960818429486653,9.477826856898096,0.0,0.0,1.0,0.0,1.0,0.0
31,60,2.2366447214082146,9.030151546088137,1.0,0.0,1.0,1.0,1.0,0.0
32,60,8.326185558879578,10.584838870870223,1.0,0.0,1.0,1.0,0.0,1.0
33,60,0.241867163951849,1.4758406034402651,1.0,1.0,0.0,0.0,0.0,0.0
34,60,6.054035899427263,11.21281778408004,1.0,1.0,0.0,0.0,0.0,0.0
35,60,0.7844016218274446,9.134175683498606,1.0,0.0,0.0,0.0,1.0,0.0
36,60,5.854839377374514,7.02260352052874,1.0,1.0,0.0,0.0,1.0,0.0
37,60,4.66386567538876,6.812641094269817,1.0,0.0,1.0,0.0,0.0,1.0
38,60,5.5962261285600245,5.591566689887668,0.0,1.0,0.0,0.0,0.0,0.0
39,60,10.923880222285064,1.3037984184201787,0.0,1.0,1.0,0.0,0.0,1.0
0,65,10.208770497056666,7.241879668226403,1.0,0.0,1.0,1.0,0.0,1.0
1,65,4.800638287118498,12.0,1.0,0.0,0.0,1.0,0.0,0.0
2,65,8.079011528005777,9.761473380428358,0.0,0.0,0.0,0.0,1.0,1.0
3,65,4.37694517823229,5.648140523825771,0.0,1.0,0.0,0.0,1.0,0.0
4,65,12.0,5.006544939507982,0.0,1.0,0.0,1.0,1.0,0.0
5,65,0.0,7.097136541095883,0.0,1.0,0.0,0.0,0.0,1.0
6,65,2.1674351400789584,0.6650761053619115,0.0,0.0,1.0,0.0,1.0,1.0
7,65,0.785209786896797,8.57562049966935,1.0,0.0,0.0,1.0,0.0,0.0
8,65,12.0,4.1453414682062215,1.0,0.0,0.0,0.0,0.0,0.0
9,65,2.1483760673188748,5.294675600926984,0.0,0.0,1.0,0.0,0.0,0.0
10,65,1.811392546157161,2.9411799354023462,1.0,0.0,0.0,0.0,0.0,1.0
11,65,3.298375148702923,11.037390295687851,0.0,1.0,0.0,1.0,1.0,0.0
12,65,1.8421267744312704,3.4109721701981397,0.0,0.0,1.0,0.0,0.0,0.0
13,65,3.1720943150686667,4.496334593919759,1.0,1.0,0.0,0.0,0.0,0.0
14,65,4.363149937450528,1.0010961365767892,0.0,1.0,1.0,0.0,0.0,0.0
15,65,11.84412851478329,2.7435997284435683,0.0,1.0,0.0,0.0,0.0,0.0
16,65,11.605745179098925,0.0718322705434326,0.0,0.0,1.0,0.0,1.0,0.0
17,65,2.239013670721472,2.166174088304724,0.0,0.0,1.0,1.0,0.0,1.0
18,65,5.788866277534528,2.2792287598713683,0.0,1.0,0.0,1.0,0.0,1.0
19,65,7.341540470925479,9.476981380830305,1.0,1.0,1.0,0.0,0.0,1.0
20,65,11.102692807633431,5.166482294710827,0.0,0.0,0.0,0.0,1.0,1.0
21,65,0.2997146717070627,3.2890233201213483,0.0,0.0,0.0,0.0,0.0,0.0
22,65,5.975703976176802,10.827790671924026,1.0,0.0,0.0,0.0,0.0,0.0
23,65,5.878789273303042,12.0,0.0,0.0,1.0,0.0,0.0,0.0
24,65,3.449395220852275,12.0,0.0,0.0,0.0,1.0,0.0,0.0
25,65,4.643813065939001,4.387667594083457,0.0,1.0,1.0,1.0,1.0,0.0
26,65,11.311844783479213,1.1384963057805044,0.0,1.0,0.0,0.0,1.0,0.0
27,65,9.265297907019589,4.978423685560073,0.0,0.0,1.0,1.0,0.0,0.0
28,65,4.609358246449696,1.4062031288553092,0.0,0.0,0.0,1.0,1.0,0.0
29,65,0.0,8.75272949658108,1.0,1.0,1.0,1.0,0.0,0.0
30,65,5.95224887679615,9.413215376208589,0.0,0.0,1.0,0.0,1.0,0.0
31,65,2.2237965778339803,9.02851438982878,1.0,0.0,1.0,1.0,1.0,0.0
32,65,8.389038304823169,10.619147158466172,1.0,0.0,1.0,1.0,0.0,1.0
33,65,0.1423853510076388,1.534152675773416,1.0,1.0,0.0,0.0,0.0,0.0
34,65,6.051614273809578,11.206088555026115,1.0,1.0,0.0,0.0,0.0,0.0
35,65,0.771760608488058,9.119392813615896,1.0,0.0,0.0,0.0,1.0,0.0
36,65,5.822170979531217,7.0050234944771965,1.0,1.0,0.0,0.0,1.0,0.0
37,65,4.734138608263885,6.897027810460216,1.0,0.0,1.0,0.0,0.0,1.0
38,65,5.545407645772674,5.543690963718779,0.0,1.0,0.0,0.0,0.0,0.0
39,65,10.855281406741751,1.3002717764038323,0.0,1.0,1.0,0.0,0.0,1.0
0,70,10.213077472395623,7.247154890656692,1.0,0.0,1.0,1.0,0.0,1.0
1,70,4.779767845119975,12.0,1.0,0.0,0.0,1.0,0.0,0.0
2,70,8.04940922978783,9.724060838157351,0.0,0.0,0.0,0.0,1.0,1.0
3,70,4.330755293907067,5.623928997943269,0.0,1.0,0.0,0.0,1.0,0.0
4,70,12.0,4.9827654325680495,0.0,1.0,0.0,1.0,1.0,0.0
5,70,0.0,7.189508383152848,0.0,1.0,0.0,0.0,0.0,1.0
6,70,2.1873669785047425,0.629971443515186,0.0,0.0,1.0,0.0,1.0,1.0
7,70,0.780995425330915,8.589817141606508,1.0,0.0,0.0,1.0,0.0,0.0
8,70,12.0,4.108403799998454,1.0,0.0,0.0,0.0,0.0,0.0
9,70,2.0958470245640504,5.311870757590635,0.0,0.0,1.0,0.0,0.0,0.0
10,70,1.9161024198778969,2.802193874860657,1.0,0.0,0.0,0.0,0.0,1.0
11,70,3.1487736577239094,11.12569983127622,0.0,1.0,0.0,1.0,1.0,0.0
12,70,1.8368728031252508,3.4093818324454643,0.0,0.0,1.0,0.0,0.0,0.0
13,70,3.188000546583837,4.534095517186713,1.0,1.0,0.0,0.0,0.0,0.0
14,70,4.293515446035398,1.0020399094443426,0.0,1.0,1.0,0.0,0.0,0.0
15,70,11.834709368572224,2.7972720296910327,0.0,1.0,0.0,0.0,0.0,0.0
16,70,11.595654096535071,0.0565226032741356,0.0,0.0,1.0,0.0,1.0,0.0
17,70,2.266004798424385,2.259723965038099,0.0,0.0,1.0,1.0,0.0,1.0
18,70,5.861304173862598,2.2145175384929647,0.0,1.0,0.0,1.0,0.0,1.0
19,70,7.362688724558598,9.504913532327054,1.0,1.0,1.0,0.0,0.0,1.0
20,70,11.109709812945711,5.269400411405476,0.0,0.0,0.0,0.0,1.0,1.0
21,70,0.2354380894553032,3.225254360003869,0.0,0.0,0.0,0.0,0.0,0.0
22,70,5.967966225369544,10.773032525863991,1.0,0.0,0.0,0.0,0.0,0.0
23,70,5.882438733708319,11.997315676600568,0.0,0.0,1.0,0.0,0.0,0.0
24,70,3.4504262998658373,11.995858279210516,0.0,0.0,0.0,1.0,0.0,0.0
25,70,4.614985926835429,4.334378985639319,0.0,1.0,1.0,1.0,1.0,0.0
26,70,11.301682399963829,1.1411098329528615,0.0,1.0,0.0,0.0,1.0,0.0
27,70,9.206750331615066,5.062416551963139,0.0,0.0,1.0,1.0,0.0,0.0
28,70,4.637729415224714,1.3796388896909662,0.0,0.0,0.0,1.0,1.0,0.0
29,70,0.0,8.742034237012717,1.0,1.0,1.0,1.0,0.0,0.0
30,70,5.942931502684703,9.341503521481243,0.0,0.0,1.0,0.0,1.0,0.0
31,70,2.224127591677647,9.0285555524313,1.0,0.0,1.0,1.0,1.0,0.0
32,70,8.450396902248041,10.653079764704144,1.0,0.0,1.0,1.0,0.0,1.0
33,70,0.0413114635035165,1.591303243704376,1.0,1.0,0.0,0.0,0.0,0.0
34,70,6.057200741057365,11.222824780275452,1.0,1.0,0.0,0.0,0.0,0.0
35,70,0.7652276773656488,9.111994565192862,1.0,0.0,0.0,0.0,1.0,0.0
36,70,5.773839567783305,6.979542884978066,1.0,1.0,0.0,0.0,1.0,0.0
37,70,4.815497184893276,6.991934179375879,1.0,0.0,1.0,0.0,0.0,1.0
38,70,5.526587861688879,5.526307428588909,0.0,1.0,0.0,0.0,0.0,0.0
39,70,10.797964978322632,1.2971315050873808,0.0,1.0,1.0,0.0,0.0,1.0
0,75,10.210125904237415,7.243454696875073,1.0,0.0,1.0,1.0,0.0,1.0
1,75,4.753059169694399,12.0,1.0,0.0,0.0,1.0,0.0,0.0
2,75,8.0140178049208,9.67956584279315,0.0,0.0,0.0,0.0,1.0,1.0
3,75,4.277052649741775,5.59715828839676,0.0,1.0,0.0,0.0,1.0,0.0
4,75,12.0,4.966883527851572,0.0,1.0,0.0,1.0,1.0,0.0
5,75,0.0,7.268204230884562,0.0,1.0,0.0,0.0,0.0,1.0
6,75,2.217578618877857,0.581278362513322,0.0,0.0,1.0,0.0,1.0,1.0
7,75,0.7757848680019047,8.608623723850648,1.0,0.0,0.0,1.0,0.0,0.0
8,75,12.0,4.072369298036721,1.0,0.0,0.0,0.0,0.0,0.0
9,75,2.067562158436508,5.322146958918635,0.0,0.0,1.0,0.0,0.0,0.0
10,75,2.0227135520459365,2.655478542638294,1.0,0.0,0.0,0.0,0.0,1.0
11,75,3.0183704074958446,11.205515309814592,0.0,1.0,0.0,1.0,1.0,0.0
12,75,1.83251810760974,3.4080418670540134,0.0,0.0,1.0,0.0,0.0,0.0
13,75,3.218374448929094,4.521784620180203,1.0,1.0,0.0,0.0,0.0,0.0
14,75,4.235022352744706,1.0020910559641278,0.0,1.0,1.0,0.0,0.0,0.0
15,75,11.827758239846968,2.8414647086758853,0.0,1.0,0.0,0.0,0.0,0.0
16,75,11.57597178020536,0.0259580000253492,0.0,0.0,1.0,0.0,1.0,0.0
17,75,2.2956437609203872,2.359996699372945,0.0,0.0,1.0,1.0,0.0,1.0
18,75,5.924268827802663,2.159087070114301,0.0,1.0,0.0,1.0,0.0,1.0
19,75,7.37842719962807,9.52575679461181,1.0,1.0,1.0,0.0,0.0,1.0
20,75,11.116995987664868,5.362495019721311,0.0,0.0,0.0,0.0,1.0,1.0
21,75,0.1795257127255424,3.166939617998381,0.0,0.0,0.0,0.0,0.0,0.0
22,75,5.959901206921972,10.717347285397368,1.0,0.0,0.0,0.0,0.0,0.0
23,75,5.901219297792983,11.983332954660568,0.0,0.0,1.0,0.0,0.0,0.0
24,75,3.451882200823088,11.98956005783368,0.0,0.0,0.0,1.0,0.0,0.0
25,75,4.669052583300664,4.304477072875841,0.0,1.0,1.0,1.0,1.0,0.0
26,75,11.281250704774596,1.1468910679299729,0.0,1.0,0.0,0.0,1.0,0.0
27,75,9.15517836349511,5.135498939432479,0.0,0.0,1.0,1.0,0.0,0.0
28,75,4.664856901809909,1.3549496022147902,0.0,0.0,0.0,1.0,1.0,0.0
29,75,0.0,8.72957557050602,1.0,1.0,1.0,1.0,0.0,0.0
30,75,5.93177295356019,9.263659171758452,0.0,0.0,1.0,0.0,1.0,0.0
31,75,2.2221982192840266,9.028260923246162,1.0,0.0,1.0,1.0,1.0,0.0
32,75,8.499470193824738,10.679912250195118,1.0,0.0,1.0,1.0,0.0,1.0
33,75,0.0,1.6475862852126832,1.0,1.0,0.0,0.0,0.0,0.0
34,75,6.0552530666131545,11.216963773630654,1.0,1.0,0.0,0.0,0.0,0.0
35,75,0.7624687220772913,9.108769100693385,1.0,0.0,0.0,0.0,1.0,0.0
36,75,5.708509464837018,6.946759564399034,1.0,1.0,0.0,0.0,1.0,0.0
37,75,4.90939479005086,7.107596309456914,1.0,0.0,1.0,0.0,0.0,1.0
38,75,5.504934122505964,5.506496479263799,0.0,1.0,0.0,0.0,0.0,0.0
39,75,10.754151816930786,1.295135283116754,0.0,1.0,1.0,0.0,0.0,1.0
0,80,10.204520847684988,7.236396955437515,1.0,0.0,1.0,1.0,0.0,1.0
1,80,4.725974672637438,12.0,1.0,0.0,0.0,1.0,0.0,0.0
2,80,7.993871580352805,9.653542549349297,0.0,0.0,0.0,0.0,1.0,1.0
3,80,4.217778850347789,5.5681178845737165,0.0,1.0,0.0,0.0,1.0,0.0
4,80,12.0,4.950797859743985,0.0,1.0,0.0,1.0,1.0,0.0
5,80,0.0,7.353769924859271,0.0,1.0,0.0,0.0,0.0,1.0
6,80,2.2515317150347074,0.5280487781243285,0.0,0.0,1.0,0.0,1.0,1.0
7,80,0.7728244392734268,8.618870210894917,1.0,0.0,0.0,1.0,0.0,0.0
8,80,12.0,4.039857380968909,1.0,0.0,0.0,0.0,0.0,0.0
9,80,2.036779912446635,5.333556762575112,0.0,0.0,1.0,0.0,0.0,0.0
10,80,2.1298341584575216,2.508821257823994,1.0,0.0,0.0,0.0,0.0,1.0
11,80,2.8970745808427925,11.279847372019365,0.0,1.0,0.0,1.0,1.0,0.0
12,80,1.8199553591481905,3.404097173953647,0.0,0.0,1.0,0.0,0.0,0.0
13,80,3.241671324402125,4.512557286503715,1.0,1.0,0.0,0.0,0.0,0.0
14,80,4.171267675548824,1.0021823409683803,0.0,1.0,1.0,0.0,0.0,0.0
15,80,11.817811417685654,2.91091810044893,0.0,1.0,0.0,0.0,0.0,0.0
16,80,11.555157342932354,0.0,0.0,0.0,1.0,0.0,1.0,0.0
17,80,2.325746218260311,2.4638848971005247,0.0,0.0,1.0,1.0,0.0,1.0
18,80,5.990780265863669,2.0977465274345186,0.0,1.0,0.0,1.0,0.0,1.0
19,80,7.405971064717421,9.565430988932476,1.0,1.0,1.0,0.0,0.0,1.0
20,80,11.125704578599027,5.452707083186219,0.0,0.0,0.0,0.0,1.0,1.0
21,80,0.1262482045224086,3.1136957313259725,0.0,0.0,0.0,0.0,0.0,0.0
22,80,5.947275902685883,10.6423372720097,1.0,0.0,0.0,0.0,0.0,0.0
23,80,5.91322962489387,11.974237608218353,0.0,0.0,1.0,0.0,0.0,0.0
24,80,3.455353479013393,11.973222561307704,0.0,0.0,0.0,1.0,0.0,0.0
25,80,4.685206632143776,4.334616477904944,0.0,1.0,1.0,1.0,1.0,0.0
26,80,11.255354632229308,1.1546853085381596,0.0,1.0,0.0,0.0,1.0,0.0
27,80,9.090980734426186,5.225259303925764,0.0,0.0,1.0,1.0,0.0,0.0
28,80,4.708671741300053,1.3127777407643015,0.0,0.0,0.0,1.0,1.0,0.0
29,80,0.0,8.725735952979246,1.0,1.0,1.0,1.0,0.0,0.0
30,80,5.923124827642517,9.200422217303064,0.0,0.0,1.0,0.0,1.0,0.0
31,80,2.202330384270136,9.025200636551212,1.0,0.0,1.0,1.0,1.0,0.0
32,80,8.553978577509534,10.711656609703052,1.0,0.0,1.0,1.0,0.0,1.0
33,80,0.0,1.7096772389502215,1.0,1.0,0.0,0.0,0.0,0.0
34,80,6.053639632697587,11.212323870553224,1.0,1.0,0.0,0.0,0.0,0.0
35,80,0.7667059540571132,9.114023144898068,1.0,0.0,0.0,0.0,1.0,0.0
36,80,5.638788250550072,6.9122470452602025,1.0,1.0,0.0,0.0,1.0,0.0
37,80,5.016011021751816,7.233341130622276,1.0,0.0,1.0,0.0,0.0,1.0
38,80,5.4770069626127125,5.4810637349050255,0.0,1.0,0.0,0.0,0.0,0.0
39,80,10.705823964840338,1.2926972804162402,0.0,1.0,1.0,0.0,0.0,1.0
0,85,10.203993991528584,7.235711594180451,1.0,0.0,1.0,1.0,0.0,1.0
1,85,4.700872863484939,12.0,1.0,0.0,0.0,1.0,0.0,0.0
2,85,7.991950927951122,9.651022694542036,0.0,0.0,0.0,0.0,1.0,1.0
3,85,4.169670941822304,5.544818431088213,0.0,1.0,0.0,0.0,1.0,0.0
4,85,12.0,4.930523281238505,0.0,1.0,0.0,1.0,1.0,0.0
5,85,0.0,7.409258400287658,0.0,1.0,0.0,0.0,0.0,1.0
6,85,2.278210365436651,0.4881481488626349,0.0,0.0,1.0,0.0,1.0,1.0
7,85,0.7717544592066824,8.622167491781418,1.0,0.0,0.0,1.0,0.0,0.0
8,85,12.0,4.011379844910018,1.0,0.0,0.0,0.0,0.0,0.0
9,85,2.003936257270896,5.346202185983523,0.0,0.0,1.0,0.0,0.0,0.0
10,85,2.235618427946349,2.371865306918563,1.0,0.0,0.0,0.0,0.0,1.0
11,85,2.7733058551538643,11.355942407933396,0.0,1.0,0.0,1.0,1.0,0.0
12,85,1.8289174747148196,3.40675325358425,0.0,0.0,1.0,0.0,0.0,0.0
13,85,3.284578980176218,4.495386735867692,1.0,1.0,0.0,0.0,0.0,0.0
14,85,4.109535671996022,1.0025443129635971,0.0,1.0,1.0,0.0,0.0,0.0
15,85,11.808933763116066,2.9710371739130785,0.0,1.0,0.0,0.0,0.0,0.0
16,85,11.539941610847247,0.0,0.0,0.0,1.0,0.0,1.0,0.0
17,85,2.356676998213475,2.560632007936175,0.0,0.0,1.0,1.0,0.0,1.0
18,85,6.05957277272627,2.0362712660426148,0.0,1.0,0.0,1.0,0.0,1.0
19,85,7.433450036375541,9.605492293072505,1.0,1.0,1.0,0.0,0.0,1.0
20,85,11.137716998719096,5.581133517181124,0.0,0.0,0.0,0.0,1.0,1.0
21,85,0.0879331477775405,3.075500276181615,0.0,0.0,0.0,0.0,0.0,0.0
22,85,5.932093645711935,10.570826386385404,1.0,0.0,0.0,0.0,0.0,0.0
23,85,5.9137649999349815,11.97385828611178,0.0,0.0,1.0,0.0,0.0,0.0
24,85,3.4581245749352347,11.960450701929396,0.0,0.0,0.0,1.0,0.0,0.0
25,85,4.6947379060346455,4.352485989465707,0.0,1.0,1.0,1.0,1.0,0.0
26,85,11.26950724283176,1.1502583268988231,0.0,1.0,0.0,0.0,1.0,0.0
27,85,9.035189918359483,5.306036969226796,0.0,0.0,1.0,1.0,0.0,0.0
28,85,4.772569756639304,1.2528168354324023,0.0,0.0,0.0,1.0,1.0,0.0
29,85,0.0,8.720918713313381,1.0,1.0,1.0,1.0,0.0,0.0
30,85,5.913543184659801,9.127962140331396,0.0,0.0,1.0,0.0,1.0,0.0
31,85,2.191476895593728,9.023468740072806,1.0,0.0,1.0,1.0,1.0,0.0
32,85,8.619414783635781,10.751718041829855,1.0,0.0,1.0,1.0,0.0,1.0
33,85,0.0,1.7655232560865994,1.0,1.0,0.0,0.0,0.0,0.0
34,85,6.045284928238814,11.187389370554138,1.0,1.0,0.0,0.0,0.0,0.0
35,85,0.7626239421695371,9.108989390833264,1.0,0.0,0.0,0.0,1.0,0.0
36,85,5.573280322266676,6.879853966765039,1.0,1.0,0.0,0.0,1.0,0.0
37,85,5.127936267599315,7.363093536817102,1.0,0.0,1.0,0.0,0.0,1.0
38,85,5.465531159217405,5.470504801990862,0.0,1.0,0.0,0.0,0.0,0.0
39,85,10.64394199458157,1.2906342890354106,0.0,1.0,1.0,0.0,0.0,1.0
0,90,10.207915843469213,7.240800976562719,1.0,0.0,1.0,1.0,0.0,1.0
1,90,4.677131707579251,12.0,1.0,0.0,0.0,1.0,0.0,0.0
2,90,8.000544526226903,9.662961060900116,0.0,0.0,0.0,0.0,1.0,1.0
3,90,4.142520388920215,5.531895385582338,0.0,1.0,0.0,0.0,1.0,0.0
4,90,12.0,4.923105344344289,0.0,1.0,0.0,1.0,1.0,0.0
5,90,0.0,7.448118451573943,0.0,1.0,0.0,0.0,0.0,1.0
6,90,2.298847641312146,0.4575610456741056,0.0,0.0,1.0,0.0,1.0,1.0
7,90,0.7731267112636131,8.618248379413714,1.0,0.0,0.0,1.0,0.0,0.0
8,90,12.0,3.981371105025089,1.0,0.0,0.0,0.0,0.0,0.0
9,90,1.9571647704275612,5.362937987602823,0.0,0.0,1.0,0.0,0.0,0.0
10,90,2.34112273225582,2.230483072663524,1.0,0.0,0.0,0.0,0.0,1.0
11,90,2.643199854801372,11.438881372622442,0.0,1.0,0.0,1.0,1.0,0.0
12,90,1.8219246747574729,3.4045856342539413,0.0,0.0,1.0,0.0,0.0,0.0
13,90,3.317667617487571,4.483066826854335,1.0,1.0,0.0,0.0,0.0,0.0
14,90,4.016525443911454,1.005071275569896,0.0,1.0,1.0,0.0,0.0,0.0
15,90,11.800997293767196,3.027430451871476,0.0,1.0,0.0,0.0,0.0,0.0
16,90,11.51977643716113,0.0,0.0,0.0,1.0,0.0,1.0,0.0
17,90,2.3857670000787348,2.6502047048264608,0.0,0.0,1.0,1.0,0.0,1.0
18,90,6.1221804353368805,1.9790870100162856,0.0,1.0,0.0,1.0,0.0,1.0
19,90,7.451098105266981,9.632238262670077,1.0,1.0,1.0,0.0,0.0,1.0
20,90,11.148959645057207,5.717866433196034,0.0,0.0,0.0,0.0,1.0,1.0
21,90,0.0432557508340497,3.029357261426884,0.0,0.0,0.0,0.0,0.0,0.0
22,90,5.915903192416662,10.493197697588448,1.0,0.0,0.0,0.0,0.0,0.0
23,90,5.929466555123433,11.962495914727905,0.0,0.0,1.0,0.0,0.0,0.0
24,90,3.4618642962098023,11.944785514613592,0.0,0.0,0.0,1.0,0.0,0.0
25,90,4.7010123821699965,4.364040573986086,0.0,1.0,1.0,1.0,1.0,0.0
26,90,11.282386789532772,1.1462145068343428,0.0,1.0,0.0,0.0,1.0,0.0
27,90,8.971047229598435,5.394358491773442,0.0,0.0,1.0,1.0,0.0,0.0
28,90,4.836114047119952,1.1941176725223572,0.0,0.0,0.0,1.0,1.0,0.0
29,90,0.0,8.71307724606505,1.0,1.0,1.0,1.0,0.0,0.0
30,90,5.898618089083789,9.039189709196457,0.0,0.0,1.0,0.0,1.0,0.0
31,90,2.1977135468850677,9.024312787233905,1.0,0.0,1.0,1.0,1.0,0.0
32,90,8.703270562127578,10.802943571169502,1.0,0.0,1.0,1.0,0.0,1.0
33,90,0.0,1.8311766513314305,1.0,1.0,0.0,0.0,0.0,0.0
34,90,6.039632632844851,11.170100654910556,1.0,1.0,0.0,0.0,0.0,0.0
35,90,0.7618333225351173,9.108023355675549,1.0,0.0,0.0,0.0,1.0,0.0
36,90,5.498852411342518,6.843656683421687,1.0,1.0,0.0,0.0,1.0,0.0
37,90,5.241457737556302,7.489587291295113,1.0,0.0,1.0,0.0,0.0,1.0
38,90,5.448950970243254,5.455183019063831,0.0,1.0,0.0,0.0,0.0,0.0
39,90,10.585004003068835,1.2878043769067846,0.0,1.0,1.0,0.0,0.0,1.0
0,95,10.224665914470815,7.264574612767892,1.0,0.0,1.0,1.0,0.0,1.0
1,95,4.651242624721719,12.0,1.0,0.0,0.0,1.0,0.0,0.0
2,95,8.00395737940267,9.667862434345286,0.0,0.0,0.0,0.0,1.0,1.0
3,95,4.103992528545136,5.514432172394187,0.0,1.0,0.0,0.0,1.0,0.0
4,95,12.0,4.901224260807521,0.0,1.0,0.0,1.0,1.0,0.0
5,95,0.0,7.454856674859246,0.0,1.0,0.0,0.0,0.0,1.0
6,95,2.315190953035509,0.4321694803219444,0.0,0.0,1.0,0.0,1.0,1.0
7,95,0.7737139224957044,8.616619015239845,1.0,0.0,0.0,1.0,0.0,0.0
8,95,12.0,3.9505161095376335,1.0,0.0,0.0,0.0,0.0,0.0
9,95,1.91290512549652,5.377837906568995,0.0,0.0,1.0,0.0,0.0,0.0
10,95,2.454709251716596,2.0812003198135605,1.0,0.0,0.0,0.0,0.0,1.0
11,95,2.497613395249424,11.529945042850914,0.0,1.0,0.0,1.0,1.0,0.0
12,95,1.8018336652440536,3.398753607871055,0.0,0.0,1.0,0.0,0.0,0.0
13,95,3.3591920704167517,4.4680057196402005,1.0,1.0,0.0,0.0,0.0,0.0
14,95,3.9093849321647327,1.0045945638575375,0.0,1.0,1.0,0.0,0.0,0.0
15,95,11.791949305856797,3.0806024999309374,0.0,1.0,0.0,0.0,0.0,0.0
16,95,11.504973091034149,0.0,0.0,0.0,1.0,0.0,1.0,0.0
17,95,2.4123466265888305,2.7321727104188978,0.0,0.0,1.0,1.0,0.0,1.0
18,95,6.199129558426536,1.9113071500106409,0.0,1.0,0.0,1.0,0.0,1.0
19,95,7.476306215325762,9.670536859104947,1.0,1.0,1.0,0.0,0.0,1.0
20,95,11.158110148279675,5.844883181810929,0.0,0.0,0.0,0.0,1.0,1.0
21,95,0.0060543398515973,2.9915174113792875,0.0,0.0,0.0,0.0,0.0,0.0
22,95,5.9018989838377225,10.428263835814755,1.0,0.0,0.0,0.0,0.0,0.0
23,95,5.95278464706685,11.945922789365664,0.0,0.0,1.0,0.0,0.0,0.0
24,95,3.4631994776013717,11.93922972184772,0.0,0.0,0.0,1.0,0.0,0.0
25,95,4.7110569675471,4.3827315618590434,0.0,1.0,1.0,1.0,1.0,0.0
26,95,11.30742795135409,1.1381214981294483,0.0,1.0,0.0,0.0,1.0,0.0
27,95,8.894334243798024,5.498237840941952,0.0,0.0,1.0,1.0,0.0,0.0
28,95,4.899520112709187,1.137607310419596,0.0,0.0,0.0,1.0,1.0,0.0
29,95,0.0,8.712227013664448,1.0,1.0,1.0,1.0,0.0,0.0
30,95,5.88011991625381,8.940885650080729,0.0,0.0,1.0,0.0,1.0,0.0
31,95,2.219705104781369,9.027228815828032,1.0,0.0,1.0,1.0,1.0,0.0
32,95,8.799876838505122,10.862579616323218,1.0,0.0,1.0,1.0,0.0,1.0
33,95,0.0,1.8862144354224009,1.0,1.0,0.0,0.0,0.0,0.0
34,95,6.035195936411383,11.157270657319712,1.0,1.0,0.0,0.0,0.0,0.0
35,95,0.7608709544608642,9.106814908222333,1.0,0.0,0.0,0.0,1.0,0.0
36,95,5.4112770021857175,6.804434321394954,1.0,1.0,0.0,0.0,1.0,0.0
37,95,5.35719290446806,7.62227688176237,1.0,0.0,1.0,0.0,0.0,1.0
38,95,5.414343748228229,5.42385027864928,0.0,1.0,0.0,0.0,0.0,0.0
39,95,10.541755437853844,1.2857279539686262,0.0,1.0,1.0,0.0,0.0,1.0
0,100,10.246174286420104,7.2943988725564575,1.0,0.0,1.0,1.0,0.0,1.0
1,100,4.628808866711023,12.0,1.0,0.0,0.0,1.0,0.0,0.0
2,100,8.006072584065125,9.670726653544452,0.0,0.0,0.0,0.0,1.0,1.0
3,100,4.08088220361096,5.504450514585437,0.0,1.0,0.0,0.0,1.0,0.0
4,100,12.0,4.868052254653604,0.0,1.0,0.0,1.0,1.0,0.0
5,100,0.0007748910482473,7.448989887705705,0.0,1.0,0.0,0.0,0.0,1.0
6,100,2.335161162597252,0.4036592979400176,0.0,0.0,1.0,0.0,1.0,1.0
7,100,0.7768697792660455,8.608425009937468,1.0,0.0,0.0,1.0,0.0,0.0
8,100,12.0,3.925865359591384,1.0,0.0,0.0,0.0,0.0,0.0
9,100,1.8600598009308007,5.394771436515938,0.0,0.0,1.0,0.0,0.0,0.0
10,100,2.5701921270005683,1.9337126605294603,1.0,0.0,0.0,0.0,0.0,1.0
11,100,2.3550291646578176,11.622365476461,0.0,1.0,0.0,1.0,1.0,0.0
12,100,1.7921999131455977,3.395878746102257,0.0,0.0,1.0,0.0,0.0,0.0
13,100,3.4076385368386384,4.451405627203752,1.0,1.0,0.0,0.0,0.0,0.0
14,100,3.813995081517304,1.001027632173194,0.0,1.0,1.0,0.0,0.0,0.0
15,100,11.78052438138849,3.1506966827033134,0.0,1.0,0.0,0.0,0.0,0.0
16,100,11.49664302996915,0.0,0.0,0.0,1.0,0.0,1.0,0.0
17,100,2.4329825733679007,2.7963715240956013,0.0,0.0,1.0,1.0,0.0,1.0
18,100,6.279848875750901,1.842261703671396,0.0,1.0,0.0,1.0,0.0,1.0
19,100,7.501107062452178,9.707615351633205,1.0,1.0,1.0,0.0,0.0,1.0
20,100,11.167201067034568,5.996011191514765,0.0,0.0,0.0,0.0,1.0,1.0
21,100,0.0,2.964095577057872,0.0,0.0,0.0,0.0,0.0,0.0
22,100,5.883936209605485,10.350620294276576,1.0,0.0,0.0,0.0,0.0,0.0
23,100,5.969237802030857,11.934118810295804,0.0,0.0,1.0,0.0,0.0,0.0
24,100,3.4686102124197995,11.916430544829035,0.0,0.0,0.0,1.0,0.0,0.0
25,100,4.715306498552982,4.390735901383022,0.0,1.0,1.0,1.0,1.0,0.0
26,100,11.34611166503046,1.125748733162394,0.0,1.0,0.0,0.0,1.0,0.0
27,100,8.827574477919642,5.596254112377931,0.0,0.0,1.0,1.0,0.0,0.0
28,100,4.961183300794518,1.0826309329453925,0.0,0.0,0.0,1.0,1.0,0.0
29,100,0.0,8.70736699547873,1.0,1.0,1.0,1.0,0.0,0.0
30,100,5.865347910257415,8.837192413728586,0.0,0.0,1.0,0.0,1.0,0.0
31,100,2.2614169662662738,9.03265193191292,1.0,0.0,1.0,1.0,1.0,0.0
32,100,8.90172498495519,10.921475578932894,1.0,0.0,1.0,1.0,0.0,1.0
33,100,0.0,1.940935531798688,1.0,1.0,0.0,0.0,0.0,0.0
34,100,6.03495517031919,11.156628300074562,1.0,1.0,0.0,0.0,0.0,0.0
35,100,0.7584386667664019,9.103546806393394,1.0,0.0,0.0,0.0,1.0,0.0
36,100,5.343433969996265,6.773603644534743,1.0,1.0,0.0,0.0,1.0,0.0
37,100,5.4640259391857136,7.736420720160687,1.0,0.0,1.0,0.0,0.0,1.0
38,100,5.375945937571477,5.389064776206715,0.0,1.0,0.0,0.0,0.0,0.0
39,100,10.48100018834674,1.2830860341619474,0.0,1.0,1.0,0.0,0.0,1.0
0,105,10.269219426707629,7.326642296795136,1.0,0.0,1.0,1.0,0.0,1.0
1,105,4.602981345907536,12.0,1.0,0.0,0.0,1.0,0.0,0.0
2,105,8.017977041948514,9.68747788820775,0.0,0.0,0.0,0.0,1.0,1.0
3,105,4.045592012387014,5.488198084036013,0.0,1.0,0.0,0.0,1.0,0.0
4,105,12.0,4.847093458033533,0.0,1.0,0.0,1.0,1.0,0.0
5,105,0.0014376159004392,7.444534540437255,0.0,1.0,0.0,0.0,0.0,1.0
6,105,2.355107740400832,0.37637023599934,0.0,0.0,1.0,0.0,1.0,1.0
7,105,0.7771924532594172,8.607544544175008,1.0,0.0,0.0,1.0,0.0,0.0
8,105,12.0,3.90751340434367,1.0,0.0,0.0,0.0,0.0,0.0
9,105,1.809174281736696,5.41234781524701,0.0,0.0,1.0,0.0,0.0,0.0
10,105,2.701508253399849,1.7631158656668844,1.0,0.0,0.0,0.0,0.0,1.0
11,105,2.199429940317991,11.722881924729489,0.0,1.0,0.0,1.0,1.0,0.0
12,105,1.7790217259910237,3.3917933599892574,0.0,0.0,1.0,0.0,0.0,0.0
13,105,3.450149013537652,4.43636960971192,1.0,1.0,0.0,0.0,0.0,0.0
14,105,3.7162962601191,0.9952792268132604,0.0,1.0,1.0,0.0,0.0,0.0
15,105,11.769760272155954,3.229666044938754,0.0,1.0,0.0,0.0,0.0,0.0
16,105,11.487455845624558,0.0,0.0,0.0,1.0,0.0,1.0,0.0
17,105,2.4517151259719143,2.855798323116694,0.0,0.0,1.0,1.0,0.0,1.0
18,105,6.353056326140065,1.783755634719414,0.0,1.0,0.0,1.0,0.0,1.0
19,105,7.4637187394762865,9.734459416105109,1.0,1.0,1.0,0.0,0.0,1.0
20,105,11.172875776744744,6.160364984415665,0.0,0.0,0.0,0.0,1.0,1.0
21,105,0.0,2.92291900989921,0.0,0.0,0.0,0.0,0.0,0.0
22,105,5.86558591256882,10.26472999526471,1.0,0.0,0.0,0.0,0.0,0.0
23,105,5.99016655929106,11.918477292876574,0.0,0.0,1.0,0.0,0.0,0.0
24,105,3.475721269830672,11.888435014562289,0.0,0.0,0.0,1.0,0.0,0.0
25,105,4.729620811308369,4.416469743233294,0.0,1.0,1.0,1.0,1.0,0.0
26,105,11.37727637307894,1.1157057906243344,0.0,1.0,0.0,0.0,1.0,0.0
27,105,8.767685285915546,5.686383430614834,0.0,0.0,1.0,1.0,0.0,0.0
28,105,5.006406770968528,1.0420835936615034,0.0,0.0,0.0,1.0,1.0,0.0
29,105,0.00574361455376,8.70978155388725,1.0,1.0,1.0,1.0,0.0,0.0
30,105,5.846975152782394,8.71367652184633,0.0,0.0,1.0,0.0,1.0,0.0
31,105,2.3244669686639976,9.040522221723688,1.0,0.0,1.0,1.0,1.0,0.0
32,105,9.000119086830047,10.974846038311618,1.0,0.0,1.0,1.0,0.0,1.0
33,105,0.0,1.9957319846287047,1.0,1.0,0.0,0.0,0.0,0.0
34,105,6.033509110344768,11.152388959991802,1.0,1.0,0.0,0.0,0.0,0.0
35,105,0.7637845037427847,9.11042982881346,1.0,0.0,0.0,0.0,1.0,0.0
36,105,5.284326009398806,6.745461524772972,1.0,1.0,0.0,0.0,1.0,0.0
37,105,5.572277195421656,7.856408483327161,1.0,0.0,1.0,0.0,0.0,1.0
38,105,5.347688906906909,5.363339859773697,0.0,1.0,0.0,0.0,0.0,0.0
39,105,10.434646840163383,1.280149058250457,0.0,1.0,1.0,0.0,0.0,1.0
0,110,10.295349328490047,7.362123022826747,1.0,0.0,1.0,1.0,0.0,1.0
1,110,4.5812132732195945,12.0,1.0,0.0,0.0,1.0,0.0,0.0
2,110,8.032474843533736,9.70798642840145,0.0,0.0,0.0,0.0,1.0,1.0
3,110,4.02105981369525,5.476551893553699,0.0,1.0,0.0,0.0,1.0,0.0
4,110,12.0,4.830996504866931,0.0,1.0,0.0,1.0,1.0,0.0
5,110,0.004357654659296,7.425358867674848,0.0,1.0,0.0,0.0,0.0,1.0
6,110,2.380613596668196,0.3418045734031472,0.0,0.0,1.0,0.0,1.0,1.0
7,110,0.7810548633995592,8.597540449737163,1.0,0.0,0.0,1.0,0.0,0.0
8,110,12.0,3.878682947287029,1.0,0.0,0.0,0.0,0.0,0.0
9,110,1.7765397548897284,5.423566575931911,0.0,0.0,1.0,0.0,0.0,0.0
10,110,2.8347397486200223,1.584873511342387,1.0,0.0,0.0,0.0,0.0,1.0
11,110,2.0360769944524404,11.833013398964814,0.0,1.0,0.0,1.0,1.0,0.0
12,110,1.751749544187586,3.383551775538954,0.0,0.0,1.0,0.0,0.0,0.0
13,110,3.501121489570323,4.419802186408004,1.0,1.0,0.0,0.0,0.0,0.0
14,110,3.627433391669953,0.988146773246392,0.0,1.0,1.0,0.0,0.0,0.0
15,110,11.7616947128678,3.292244245742502,0.0,1.0,0.0,0.0,0.0,0.0
16,110,11.46829097615405,0.0,0.0,0.0,1.0,0.0,1.0,0.0
17,110,2.4794650165497054,2.9356439888653827,0.0,0.0,1.0,1.0,0.0,1.0
18,110,6.426326788566437,1.7232289206854163,0.0,1.0,0.0,1.0,0.0,1.0
19,110,7.431212252703594,9.757277369097132,1.0,1.0,1.0,0.0,0.0,1.0
20,110,11.177614602599384,6.316608701037008,0.0,0.0,0.0,0.0,1.0,1.0
21,110,0.0,2.894374957901498,0.0,0.0,0.0,0.0,0.0,0.0
22,110,5.846833573180383,10.182588042765358,1.0,0.0,0.0,0.0,0.0,0.0
23,110,6.0143050783830505,11.900941961027032,0.0,0.0,1.0,0.0,0.0,0.0
24,110,3.478348807242471,11.877446074662451,0.0,0.0,0.0,1.0,0.0,0.0
25,110,4.743090651830635,4.442414860603143,0.0,1.0,1.0,1.0,1.0,0.0
26,110,11.388292013354803,1.1120410103413445,0.0,1.0,0.0,0.0,1.0,0.0
27,110,8.714775236066822,5.762014965733678,0.0,0.0,1.0,1.0,0.0,0.0
28,110,5.037997613122923,1.0126423290956412,0.0,0.0,0.0,1.0,1.0,0.0
29,110,0.0030383810517948,8.716745435836742,1.0,1.0,1.0,1.0,0.0,0.0
30,110,5.833177280497712,8.6159716564809,0.0,0.0,1.0,0.0,1.0,0.0
31,110,2.3746911106901125,9.046878073129015,1.0,0.0,1.0,1.0,1.0,0.0
32,110,9.109636532084483,11.035509660243866,1.0,0.0,1.0,1.0,0.0,1.0
33,110,0.0,2.0383740621847544,1.0,1.0,0.0,0.0,0.0,0.0
34,110,6.02872842953165,11.154006868977136,1.0,1.0,0.0,0.0,0.0,0.0
35,110,0.7846149540883816,9.136195656106564,1.0,0.0,0.0,0.0,1.0,0.0
36,110,5.21780249549075,6.716015813798276,1.0,1.0,0.0,0.0,1.0,0.0
37,110,5.678205977764587,7.971782709272995,1.0,0.0,1.0,0.0,0.0,1.0
38,110,5.307333827129131,5.324925604542592,0.0,1.0,0.0,0.0,0.0,0.0
39,110,10.389043166328312,1.2776337358125456,0.0,1.0,1.0,0.0,0.0,1.0
0,115,10.31380303345114,7.387187518080983,1.0,0.0,1.0,1.0,0.0,1.0
1,115,4.558579033224766,12.0,1.0,0.0,0.0,1.0,0.0,0.0
2,115,8.05240988804685,9.736063174319874,0.0,0.0,0.0,0.0,1.0,1.0
3,115,4.025567936618008,5.47857469058588,0.0,1.0,0.0,0.0,1.0,0.0
4,115,12.0,4.819629877147759,0.0,1.0,0.0,1.0,1.0,0.0
5,115,0.0049786240063597,7.421331325119429,0.0,1.0,0.0,0.0,0.0,1.0
6,115,2.418929867092032,0.2909229267399095,0.0,0.0,1.0,0.0,1.0,1.0
7,115,0.7981842794441344,8.555637956527061,1.0,0.0,0.0,1.0,0.0,0.0
8,115,12.0,3.851835011153159,1.0,0.0,0.0,0.0,0.0,0.0
9,115,1.7617336925306144,5.428381881072949,0.0,0.0,1.0,0.0,0.0,0.0
10,115,2.946990765603628,1.4259985623714555,1.0,0.0,0.0,0.0,0.0,1.0
11,115,1.88302747480756,11.933959911261054,0.0,1.0,0.0,1.0,1.0,0.0
12,115,1.736054704498502,3.379139543848104,0.0,0.0,1.0,0.0,0.0,0.0
13,115,3.5557291160376368,4.402294924858711,1.0,1.0,0.0,0.0,0.0,0.0
14,115,3.5345662393057813,0.9794882942134548,0.0,1.0,1.0,0.0,0.0,0.0
15,115,11.753775995221773,3.3440887084558466,0.0,1.0,0.0,0.0,0.0,0.0
16,115,11.446897877090525,0.0,0.0,0.0,1.0,0.0,1.0,0.0
17,115,2.5100282662852487,3.0183719504980173,0.0,0.0,1.0,1.0,0.0,1.0
18,115,6.483808004220037,1.6746403929391678,0.0,1.0,0.0,1.0,0.0,1.0
19,115,7.377497428909846,9.792640895690829,1.0,1.0,1.0,0.0,0.0,1.0
20,115,11.180154898560478,6.48839395692311,0.0,0.0,0.0,0.0,1.0,1.0
21,115,0.0,2.8634546180854863,0.0,0.0,0.0,0.0,0.0,0.0
22,115,5.825841797200202,10.098014840580596,1.0,0.0,0.0,0.0,0.0,0.0
23,115,6.048176709005846,11.877349763859918,0.0,0.0,1.0,0.0,0.0,0.0
24,115,3.4815601009739408,11.86509532891329,0.0,0.0,0.0,1.0,0.0,0.0
25,115,4.7601962654023815,4.477289007152321,0.0,1.0,1.0,1.0,1.0,0.0
26,115,11.393210812005632,1.110293546262673,0.0,1.0,0.0,0.0,1.0,0.0
27,115,8.660755167110501,5.839750080395824,0.0,0.0,1.0,1.0,0.0,0.0
28,115,5.065092479791257,0.9876345695695764,0.0,0.0,0.0,1.0,1.0,0.0
29,115,0.0003749979268395,8.723743782170832,1.0,1.0,1.0,1.0,0.0,0.0
30,115,5.822280646075593,8.512524555144633,0.0,0.0,1.0,0.0,1.0,0.0
31,115,2.4302598978106498,9.052947819727867,1.0,0.0,1.0,1.0,1.0,0.0
32,115,9.236786413353164,11.104091639125873,1.0,0.0,1.0,1.0,0.0,1.0
33,115,0.0,2.0677765419627288,1.0,1.0,0.0,0.0,0.0,0.0
34,115,6.035796088414138,11.151554278842733,1.0,1.0,0.0,0.0,0.0,0.0
35,115,0.8112631861331882,9.169851839955378,1.0,0.0,0.0,0.0,1.0,0.0
36,115,5.17213559465187,6.697228796929188,1.0,1.0,0.0,0.0,1.0,0.0
37,115,5.794112194552189,8.101361227040508,1.0,0.0,1.0,0.0,0.0,1.0
38,115,5.262434863390653,5.28186916516472,0.0,1.0,0.0,0.0,0.0,0.0
39,115,10.339348767618755,1.2733523572415324,0.0,1.0,1.0,0.0,0.0,1.0
0,120,10.334343584340536,7.415948795455439,1.0,0.0,1.0,1.0,0.0,1.0
1,120,4.536925836009245,12.0,1.0,0.0,0.0,1.0,0.0,0.0
2,120,8.086965642250545,9.784756653368552,0.0,0.0,0.0,0.0,1.0,1.0
3,120,4.020527100640895,5.476309907665789,0.0,1.0,0.0,0.0,1.0,0.0
4,120,12.0,4.818423836198802,0.0,1.0,0.0,1.0,1.0,0.0
5,120,0.0043837974125666,7.424698699872448,0.0,1.0,0.0,0.0,0.0,1.0
6,120,2.4712835056059324,0.2198862135180067,0.0,0.0,1.0,0.0,1.0,1.0
7,120,0.8223603754579007,8.501787363389068,1.0,0.0,0.0,1.0,0.0,0.0
8,120,12.0,3.824773107844877,1.0,0.0,0.0,0.0,0.0,0.0
9,120,1.7585213719993371,5.429432210746534,0.0,0.0,1.0,0.0,0.0,0.0
10,120,3.0492557978664,1.2881021480871355,1.0,0.0,0.0,0.0,0.0,1.0
11,120,1.746689267212712,12.0,0.0,1.0,0.0,1.0,1.0,0.0
12,120,1.7257723769677982,3.375925871541229,0.0,0.0,1.0,0.0,0.0,0.0
13,120,3.624000509427864,4.3799061453278645,1.0,1.0,0.0,0.0,0.0,0.0
14,120,3.4187200346791915,0.9689832105421552,0.0,1.0,1.0,0.0,0.0,0.0
15,120,11.748532893048006,3.3767990851629195,0.0,1.0,0.0,0.0,0.0,0.0
16,120,11.42655285331939,0.0,0.0,0.0,1.0,0.0,1.0,0.0
17,120,2.540316738419424,3.1032314287807066,0.0,0.0,1.0,1.0,0.0,1.0
18,120,6.558882600713183,1.6097938718444391,0.0,1.0,0.0,1.0,0.0,1.0
19,120,7.31946742917252,9.829541022786144,1.0,1.0,1.0,0.0,0.0,1.0
20,120,11.18008369903534,6.670088747908327,0.0,0.0,0.0,0.0,1.0,1.0
21,120,0.0,2.8347218016777345,0.0,0.0,0.0,0.0,0.0,0.0
22,120,5.80902859558087,10.026968082756602,1.0,0.0,0.0,0.0,0.0,0.0
23,120,6.088121772997822,11.85112752678675,0.0,0.0,1.0,0.0,0.0,0.0
24,120,3.4916536181115614,11.82867162088166,0.0,0.0,0.0,1.0,0.0,0.0
25,120,4.769038906916119,4.494080391606427,0.0,1.0,1.0,1.0,1.0,0.0
26,120,11.416984974901228,1.101266991482633,0.0,1.0,0.0,0.0,1.0,0.0
27,120,8.613461918837496,5.911279510151326,0.0,0.0,1.0,1.0,0.0,0.0
28,120,5.085388018317413,0.9694564100147334,0.0,0.0,0.0,1.0,1.0,0.0
29,120,0.0,8.725688254968878,1.0,1.0,1.0,1.0,0.0,0.0
30,120,5.811954263871511,8.420492095806898,0.0,0.0,1.0,0.0,1.0,0.0
31,120,2.488460943379468,9.060839370303423,1.0,0.0,1.0,1.0,1.0,0.0
32,120,9.371030198903869,11.17905254396964,1.0,0.0,1.0,1.0,0.0,1.0
33,120,0.0,2.0827274930483326,1.0,1.0,0.0,0.0,0.0,0.0
34,120,6.045580118397859,11.148413383645696,1.0,1.0,0.0,0.0,0.0,0.0
35,120,0.832659239126442,9.195760541579276,1.0,0.0,0.0,0.0,1.0,0.0
36,120,5.1244120781512565,6.67652107952601,1.0,1.0,0.0,0.0,1.0,0.0
37,120,5.910022382273903,8.229449069961532,1.0,0.0,1.0,0.0,0.0,1.0
38,120,5.209438059097269,5.232433535334216,0.0,1.0,0.0,0.0,0.0,0.0
39,120,10.274545017771304,1.267963506649274,0.0,1.0,1.0,0.0,0.0,1.0
0,125,10.363725376260314,7.456837531855382,1.0,0.0,1.0,1.0,0.0,1.0
1,125,4.514144724640596,12.0,1.0,0.0,0.0,1.0,0.0,0.0
2,125,8.12075008731557,9.831866523911922,0.0,0.0,0.0,0.0,1.0,1.0
3,125,4.030811935606589,5.480690516776746,0.0,1.0,0.0,0.0,1.0,0.0
4,125,12.0,4.816317145691591,0.0,1.0,0.0,1.0,1.0,0.0
5,125,0.0037632392677454,7.428813037712528,0.0,1.0,0.0,0.0,0.0,1.0
6,125,2.543240261982758,0.1269433940612507,0.0,0.0,1.0,0.0,1.0,1.0
7,125,0.8487999194902247,8.4436681572721,1.0,0.0,0.0,1.0,0.0,0.0
8,125,12.0,3.7922492378087806,1.0,0.0,0.0,0.0,0.0,0.0
9,125,1.7718519090084732,5.424564861287365,0.0,0.0,1.0,0.0,0.0,0.0
10,125,3.13625025924956,1.168534060471442,1.0,0.0,0.0,0.0,0.0,1.0
11,125,1.5982075876620203,12.0,0.0,1.0,0.0,1.0,1.0,0.0
12,125,1.6980344085935897,3.3676879223803686,0.0,0.0,1.0,0.0,0.0,0.0
13,125,3.690108294854423,4.358503708113692,1.0,1.0,0.0,0.0,0.0,0.0
14,125,3.312554871508515,0.9611754510550596,0.0,1.0,1.0,0.0,0.0,0.0
15,125,11.718781932701049,3.3719265568956,0.0,1.0,0.0,0.0,0.0,0.0
16,125,11.399853220040203,0.0,0.0,0.0,1.0,0.0,1.0,0.0
17,125,2.565697993726542,3.181316372107277,0.0,0.0,1.0,1.0,0.0,1.0
18,125,6.638102364656075,1.5404458450235647,0.0,1.0,0.0,1.0,0.0,1.0
19,125,7.280065309391754,9.854430225892164,1.0,1.0,1.0,0.0,0.0,1.0
20,125,11.175024083583804,6.835629385104701,0.0,0.0,0.0,0.0,1.0,1.0
21,125,0.0,2.807689907738575,0.0,0.0,0.0,0.0,0.0,0.0
22,125,5.793300504565231,9.955377471679135,1.0,0.0,0.0,0.0,0.0,0.0
23,125,6.126892627556871,11.826552971860218,0.0,0.0,1.0,0.0,0.0,0.0
24,125,3.507451334370967,11.768982923030595,0.0,0.0,0.0,1.0,0.0,0.0
25,125,4.770926946355386,4.497851541324378,0.0,1.0,1.0,1.0,1.0,0.0
26,125,11.4470614308529,1.090610600402327,0.0,1.0,0.0,0.0,1.0,0.0
27,125,8.564550955913948,5.989257685218034,0.0,0.0,1.0,1.0,0.0,0.0
28,125,5.115605429245492,0.943058485381894,0.0,0.0,0.0,1.0,1.0,0.0
29,125,0.0019042943881684,8.719961771378632,1.0,1.0,1.0,1.0,0.0,0.0
30,125,5.801215041023304,8.338930887964448,0.0,0.0,1.0,0.0,1.0,0.0
31,125,2.5411577736216917,9.069460589346356,1.0,0.0,1.0,1.0,1.0,0.0
32,125,9.516157843478082,11.261162231218089,1.0,0.0,1.0,1.0,0.0,1.0
33,125,0.0,2.100825390401915,1.0,1.0,0.0,0.0,0.0,0.0
34,125,6.03216078475137,11.15269275523818,1.0,1.0,0.0,0.0,0.0,0.0
35,125,0.858375200340496,9.22754626322102,1.0,0.0,0.0,0.0,1.0,0.0
36,125,5.080837521476443,6.656607024877169,1.0,1.0,0.0,0.0,1.0,0.0
37,125,6.048040357241147,8.10483099953931,1.0,0.0,1.0,0.0,0.0,1.0
38,125,5.152145761524595,5.177464543485946,0.0,1.0,0.0,0.0,0.0,0.0
39,125,10.216827159796946,1.263105236425485,0.0,1.0,1.0,0.0,0.0,1.0
0,130,10.402019858823229,7.508975188132632,1.0,0.0,1.0,1.0,0.0,1.0
1,130,4.490450269587873,12.0,1.0,0.0,0.0,1.0,0.0,0.0
2,130,8.163854208493605,9.888988003380884,0.0,0.0,0.0,0.0,1.0,1.0
3,130,4.026002786893447,5.478567009287176,0.0,1.0,0.0,0.0,1.0,0.0
4,130,11.988279841454204,4.829845050930904,0.0,1.0,0.0,1.0,1.0,0.0
5,130,0.0025158454390189,7.438886104264874,0.0,1.0,0.0,0.0,0.0,1.0
6,130,2.6191046511748235,0.0273871536619267,0.0,0.0,1.0,0.0,1.0,1.0
7,130,0.8732325122374774,8.388845318916728,1.0,0.0,0.0,1.0,0.0,0.0
8,130,12.0,3.759698729636819,1.0,0.0,0.0,0.0,0.0,0.0
9,130,1.7767305705968393,5.422837655451747,0.0,0.0,1.0,0.0,0.0,0.0
10,130,3.214780588553764,1.0679573708041945,1.0,0.0,0.0,0.0,0.0,1.0
11,130,1.4445063332375931,12.0,0.0,1.0,0.0,1.0,1.0,0.0
12,130,1.6771618394594865,3.361375523009321,0.0,0.0,1.0,0.0,0.0,0.0
13,130,3.744669977601995,4.340189981614016,1.0,1.0,0.0,0.0,0.0,0.0
14,130,3.200709362882254,0.9539077766783804,0.0,1.0,1.0,0.0,0.0,0.0
15,130,11.696744225523876,3.3690615958069525,0.0,1.0,0.0,0.0,0.0,0.0
16,130,11.365076218741471,0.025456770051598,0.0,0.0,1.0,0.0,1.0,0.0
17,130,2.5914124339757163,3.254025694844948,0.0,0.0,1.0,1.0,0.0,1.0
18,130,6.71244269894342,1.4740761515201173,0.0,1.0,0.0,1.0,0.0,1.0
19,130,7.240550220127616,9.879120883478553,1.0,1.0,1.0,0.0,0.0,1.0
20,130,11.169857067566896,6.981584704457731,0.0,0.0,0.0,0.0,1.0,1.0
21,130,0.0,2.77389286891019,0.0,0.0,0.0,0.0,0.0,0.0
22,130,5.774301337857477,9.870058265174173,1.0,0.0,0.0,0.0,0.0,0.0
23,130,6.147131376771708,11.813591958940291,0.0,0.0,1.0,0.0,0.0,0.0
24,130,3.5189644276599013,11.72867834251298,0.0,0.0,0.0,1.0,0.0,0.0
25,130,4.781556341078123,4.5191915171206425,0.0,1.0,1.0,1.0,1.0,0.0
26,130,11.450647512224103,1.08931288731203,0.0,1.0,0.0,0.0,1.0,0.0
27,130,8.500621929128261,6.091343856118629,0.0,0.0,1.0,1.0,0.0,0.0
28,130,5.165558351807096,0.9000105144906041,0.0,0.0,0.0,1.0,1.0,0.0
29,130,0.0,8.73328069111232,1.0,1.0,1.0,1.0,0.0,0.0
30,130,5.784367365686764,8.231544967295354,0.0,0.0,1.0,0.0,1.0,0.0
31,130,2.578955029853892,9.074484599520735,1.0,0.0,1.0,1.0,1.0,0.0
32,130,9.634057223009046,11.326680067766477,1.0,0.0,1.0,1.0,0.0,1.0
33,130,0.0,2.1245596507603945,1.0,1.0,0.0,0.0,0.0,0.0
34,130,6.018921967410755,11.157011715095807,1.0,1.0,0.0,0.0,0.0,0.0
35,130,0.8946216719994553,9.272586034219705,1.0,0.0,0.0,0.0,1.0,0.0
36,130,5.012791679175842,6.627312014496443,1.0,1.0,0.0,0.0,1.0,0.0
37,130,6.1899249946421815,7.982232454009573,1.0,0.0,1.0,0.0,0.0,1.0
38,130,5.091204266713864,5.121053949776973,0.0,1.0,0.0,0.0,0.0,0.0
39,130,10.137377792355457,1.2590946838856591,0.0,1.0,1.0,0.0,0.0,1.0
0,135,10.462374673901772,7.587827245177074,1.0,0.0,1.0,1.0,0.0,1.0
1,135,4.464828297149221,12.0,1.0,0.0,0.0,1.0,0.0,0.0
2,135,8.199974836190913,9.936934034052294,0.0,0.0,0.0,0.0,1.0,1.0
3,135,4.007744265971824,5.470354446390023,0.0,1.0,0.0,0.0,1.0,0.0
4,135,11.977690754347636,4.842174320633822,0.0,1.0,0.0,1.0,1.0,0.0
5,135,0.0,7.467895907726206,0.0,1.0,0.0,0.0,0.0,1.0
6,135,2.6882053063365947,0.0,0.0,0.0,1.0,0.0,1.0,1.0
7,135,0.8919660708314,8.352280186767686,1.0,0.0,0.0,1.0,0.0,0.0
8,135,12.0,3.727070730904119,1.0,0.0,0.0,0.0,0.0,0.0
9,135,1.7753517809067807,5.423288125340159,0.0,0.0,1.0,0.0,0.0,0.0
10,135,3.296374075727286,0.9605840388041298,1.0,0.0,0.0,0.0,0.0,1.0
11,135,1.2803685852896456,12.0,0.0,1.0,0.0,1.0,1.0,0.0
12,135,1.6651409791306262,3.357483021757516,0.0,0.0,1.0,0.0,0.0,0.0
13,135,3.783140743760527,4.326386000734023,1.0,1.0,0.0,0.0,0.0,0.0
14,135,3.081658364544213,0.9461419290473408,0.0,1.0,1.0,0.0,0.0,0.0
15,135,11.6931738169751,3.368589643922159,0.0,1.0,0.0,0.0,0.0,0.0
16,135,11.336950384727762,0.0458852436673999,0.0,0.0,1.0,0.0,1.0,0.0
17,135,2.617139844949331,3.326801791048988,0.0,0.0,1.0,1.0,0.0,1.0
18,135,6.806076586011079,1.3897049836923825,0.0,1.0,0.0,1.0,0.0,1.0
19,135,7.205619216982866,9.901597530814207,1.0,1.0,1.0,0.0,0.0,1.0
20,135,11.164586622214332,7.140538709717808,0.0,0.0,0.0,0.0,1.0,1.0
21,135,0.0,2.725020449097156,0.0,0.0,0.0,0.0,0.0,0.0
22,135,5.750677138671481,9.76293044825922,1.0,0.0,0.0,0.0,0.0,0.0
23,135,6.167828344991233,11.800034121118022,0.0,0.0,1.0,0.0,0.0,0.0
24,135,3.527701651758844,11.699981865488468,0.0,0.0,0.0,1.0,0.0,0.0
25,135,4.801442705466301,4.557774244851195,0.0,1.0,1.0,1.0,1.0,0.0
26,135,11.45524978255423,1.0876541262377706,0.0,1.0,0.0,0.0,1.0,0.0
27,135,8.437960096101383,6.188922597289337,0.0,0.0,1.0,1.0,0.0,0.0
28,135,5.231209940935763,0.8424298467857978,0.0,0.0,0.0,1.0,1.0,0.0
29,135,0.0,8.749476977078402,1.0,1.0,1.0,1.0,0.0,0.0
30,135,5.765689442427253,8.11070029844098,0.0,0.0,1.0,0.0,1.0,0.0
31,135,2.6228403465902304,9.079585761833668,1.0,0.0,1.0,1.0,1.0,0.0
32,135,9.76227853725628,11.395414307606709,1.0,0.0,1.0,1.0,0.0,1.0
33,135,0.0,2.138879055297324,1.0,1.0,0.0,0.0,0.0,0.0
34,135,5.998021791009122,11.163181596988926,1.0,1.0,0.0,0.0,0.0,0.0
35,135,0.9158850917281706,9.29964952751306,1.0,0.0,0.0,0.0,1.0,0.0
36,135,4.946705569298105,6.598397702206151,1.0,1.0,0.0,0.0,1.0,0.0
37,135,6.308658127394727,7.872016389845861,1.0,0.0,1.0,0.0,0.0,1.0
38,135,5.02266372356585,5.05598490660914,0.0,1.0,0.0,0.0,0.0,0.0
39,135,10.049514990103454,1.2533503905034138,0.0,1.0,1.0,0.0,0.0,1.0
0,140,10.512391926073253,7.650014147705926,1.0,0.0,1.0,1.0,0.0,1.0
1,140,4.440198522746144,12.0,1.0,0.0,0.0,1.0,0.0,0.0
2,140,8.227887189525807,9.975624151095168,0.0,0.0,0.0,0.0,1.0,1.0
3,140,3.997932631813842,5.46614439166897,0.0,1.0,0.0,0.0,1.0,0.0
4,140,11.955367856037084,4.868264627558709,0.0,1.0,0.0,1.0,1.0,0.0
5,140,0.0,7.523058562682806,0.0,1.0,0.0,0.0,0.0,1.0
6,140,2.745442424599548,0.0,0.0,0.0,1.0,0.0,1.0,1.0
7,140,0.9171527259570896,8.30447219031538,1.0,0.0,0.0,1.0,0.0,0.0
8,140,12.0,3.697388593469864,1.0,0.0,0.0,0.0,0.0,0.0
9,140,1.7773561608662984,5.422630308436749,0.0,0.0,1.0,0.0,0.0,0.0
10,140,3.3737263118079475,0.859451063951068,1.0,0.0,0.0,0.0,0.0,1.0
11,140,1.1010231237615926,12.0,0.0,1.0,0.0,1.0,1.0,0.0
12,140,1.6773317560658536,3.3616502864557947,0.0,0.0,1.0,0.0,0.0,0.0
13,140,3.842804550450445,4.305154740870137,1.0,1.0,0.0,0.0,0.0,0.0
14,140,2.951303882397755,0.9378421242490604,0.0,1.0,1.0,0.0,0.0,0.0
15,140,11.677958988809472,3.3663549809888966,0.0,1.0,0.0,0.0,0.0,0.0
16,140,11.29930909811813,0.0725024710874671,0.0,0.0,1.0,0.0,1.0,0.0
17,140,2.6866929277839047,3.301843197990737,0.0,0.0,1.0,1.0,0.0,1.0
18,140,6.901972993478824,1.302751137943967,0.0,1.0,0.0,1.0,0.0,1.0
19,140,7.164310552004753,9.927389589855922,1.0,1.0,1.0,0.0,0.0,1.0
20,140,11.158879675908173,7.295226077683123,0.0,0.0,0.0,0.0,1.0,1.0
21,140,0.0,2.6832212582373853,0.0,0.0,0.0,0.0,0.0,0.0
22,140,5.726906263003604,9.659141305807672,1.0,0.0,0.0,0.0,0.0,0.0
23,140,6.18279769669542,11.790603895660237,0.0,0.0,1.0,0.0,0.0,0.0
24,140,3.535887508331595,11.674369144408358,0.0,0.0,0.0,1.0,0.0,0.0
25,140,4.804507660361222,4.563594506720399,0.0,1.0,1.0,1.0,1.0,0.0
26,140,11.47287173951318,1.0810878130685877,0.0,1.0,0.0,0.0,1.0,0.0
27,140,8.369728322716028,6.296793089330787,0.0,0.0,1.0,1.0,0.0,0.0
28,140,5.311493394875555,0.7717955786373671,0.0,0.0,0.0,1.0,1.0,0.0
29,140,0.0,8.757058170639437,1.0,1.0,1.0,1.0,0.0,0.0
30,140,5.746733361148534,7.981986073304895,0.0,0.0,1.0,0.0,1.0,0.0
31,140,2.6407048110930678,9.08176195226637,1.0,0.0,1.0,1.0,1.0,0.0
32,140,9.882079225296597,11.455679558881112,1.0,0.0,1.0,1.0,0.0,1.0
33,140,0.0,2.147063176028169,1.0,1.0,0.0,0.0,0.0,0.0
34,140,5.97907730353834,11.169155403516456,1.0,1.0,0.0,0.0,0.0,0.0
35,140,0.9353740575575692,9.324696678161263,1.0,0.0,0.0,0.0,1.0,0.0
36,140,4.8702227688954585,6.56477434527962,1.0,1.0,0.0,0.0,1.0,0.0
37,140,6.438494334676441,7.747607558723262,1.0,0.0,1.0,0.0,0.0,1.0
38,140,4.9618200125052745,5.00084326644191,0.0,1.0,0.0,0.0,0.0,0.0
39,140,9.960367380392702,1.2462540253214585,0.0,1.0,1.0,0.0,0.0,1.0
0,145,10.56648531050373,7.715691514556151,1.0,0.0,1.0,1.0,0.0,1.0
1,145,4.414911820921799,12.0,1.0,0.0,0.0,1.0,0.0,0.0
2,145,8.253582400964548,10.011332217026736,0.0,0.0,0.0,0.0,1.0,1.0
3,145,4.001217523220864,5.4674813074014965,0.0,1.0,0.0,0.0,1.0,0.0
4,145,11.93132006824624,4.896145552456085,0.0,1.0,0.0,1.0,1.0,0.0
5,145,0.0,7.55438623072707,0.0,1.0,0.0,0.0,0.0,1.0
6,145,2.815729219869038,0.0,0.0,0.0,1.0,0.0,1.0,1.0
7,145,0.9529084969025746,8.234166831398719,1.0,0.0,0.0,1.0,0.0,0.0
8,145,12.0,3.671125165371524,1.0,0.0,0.0,0.0,0.0,0.0
9,145,1.7976417536632576,5.415325015700499,0.0,0.0,1.0,0.0,0.0,0.0
10,145,3.4514680423822117,0.7555169078528892,1.0,0.0,0.0,0.0,0.0,1.0
11,145,0.9058893489404788,12.0,0.0,1.0,0.0,1.0,1.0,0.0
12,145,1.6897279357828252,3.365638237119005,0.0,0.0,1.0,0.0,0.0,0.0
13,145,3.915277836755995,4.28156561738328,1.0,1.0,0.0,0.0,0.0,0.0
14,145,2.8001999936812147,0.928356925910748,0.0,1.0,1.0,0.0,0.0,0.0
15,145,11.674276358252271,3.3657577007862485,0.0,1.0,0.0,0.0,0.0,0.0
16,145,11.258782483044312,0.0999254355785561,0.0,0.0,1.0,0.0,1.0,0.0
17,145,2.750967908560501,3.278656141149976,0.0,0.0,1.0,1.0,0.0,1.0
18,145,6.986491157966071,1.2234430827594127,0.0,1.0,0.0,1.0,0.0,1.0
19,145,7.11062808700138,9.96018042421236,1.0,1.0,1.0,0.0,0.0,1.0
20,145,11.150878596502723,7.455779920010623,0.0,0.0,0.0,0.0,1.0,1.0
21,145,0.0,2.651709307010701,0.0,0.0,0.0,0.0,0.0,0.0
22,145,5.712631026790361,9.593790622907482,1.0,0.0,0.0,0.0,0.0,0.0
23,145,6.195074706116244,11.783134638303109,0.0,0.0,1.0,0.0,0.0,0.0
24,145,3.5430112409254075,11.65182062883364,0.0,0.0,0.0,1.0,0.0,0.0
25,145,4.804178525556092,4.56294640951582,0.0,1.0,1.0,1.0,1.0,0.0
26,145,11.479795129375738,1.0785183950710977,0.0,1.0,0.0,0.0,1.0,0.0
27,145,8.306382640737867,6.395975060356329,0.0,0.0,1.0,1.0,0.0,0.0
28,145,5.389602835869857,0.7038562118140644,0.0,0.0,0.0,1.0,1.0,0.0
29,145,0.0,8.776829937536686,1.0,1.0,1.0,1.0,0.0,0.0
30,145,5.728268915032595,7.853374738077845,0.0,0.0,1.0,0.0,1.0,0.0
31,145,2.664791322483445,9.084727009420105,1.0,0.0,1.0,1.0,1.0,0.0
32,145,9.99941923712247,11.513724578381613,1.0,0.0,1.0,1.0,0.0,1.0
33,145,0.0,2.1509681171629995,1.0,1.0,0.0,0.0,0.0,0.0
34,145,5.949579878464816,11.17758238040056,1.0,1.0,0.0,0.0,0.0,0.0
35,145,0.9451617955434112,9.337099264951023,1.0,0.0,0.0,0.0,1.0,0.0
36,145,4.829625751767238,6.547222122885341,1.0,1.0,0.0,0.0,1.0,0.0
37,145,6.572758978297815,7.616252274239548,1.0,0.0,1.0,0.0,0.0,1.0
38,145,4.899344872605569,4.9411018959345165,0.0,1.0,0.0,0.0,0.0,0.0
39,145,9.876818386444867,1.2380827388032167,0.0,1.0,1.0,0.0,0.0,1.0
0,150,10.621991000783204,7.782414867793385,1.0,0.0,1.0,1.0,0.0,1.0
1,150,4.388520179164216,12.0,1.0,0.0,0.0,1.0,0.0,0.0
2,150,8.291191166483515,10.062266142501125,0.0,0.0,0.0,0.0,1.0,1.0
3,150,4.011815745712663,5.471994268964171,0.0,1.0,0.0,0.0,1.0,0.0
4,150,11.913206754844254,4.918137039786616,0.0,1.0,0.0,1.0,1.0,0.0
5,150,0.0,7.583460846482996,0.0,1.0,0.0,0.0,0.0,1.0
6,150,2.88506653733791,0.0,0.0,0.0,1.0,0.0,1.0,1.0
7,150,0.9766265682330848,8.185490097160379,1.0,0.0,0.0,1.0,0.0,0.0
8,150,12.0,3.645391602202466,1.0,0.0,0.0,0.0,0.0,0.0
9,150,1.8204538577071965,5.407201543158052,0.0,0.0,1.0,0.0,0.0,0.0
10,150,3.5238452080862945,0.6564938128506447,1.0,0.0,0.0,0.0,0.0,1.0
11,150,0.6960867328158501,12.0,0.0,1.0,0.0,1.0,1.0,0.0
12,150,1.7181159601549776,3.3752273363066334,0.0,0.0,1.0,0.0,0.0,0.0
13,150,3.985659740660769,4.262592409979457,1.0,1.0,0.0,0.0,0.0,0.0
14,150,2.6385587976800853,0.9201726392372356,0.0,1.0,1.0,0.0,0.0,0.0
15,150,11.6740738081847,3.365720118202399,0.0,1.0,0.0,0.0,0.0,0.0
16,150,11.2161106878352,0.1289869838300471,0.0,0.0,1.0,0.0,1.0,0.0
17,150,2.802919019232333,3.260805526852861,0.0,0.0,1.0,1.0,0.0,1.0
18,150,7.06199066532879,1.1552140064497274,0.0,1.0,0.0,1.0,0.0,1.0
19,150,7.055105768654368,9.997142704970942,1.0,1.0,1.0,0.0,0.0,1.0
20,150,11.140961656296872,7.635260369003817,0.0,0.0,0.0,0.0,1.0,1.0
21,150,0.0,2.610647070051133,0.0,0.0,0.0,0.0,0.0,0.0
22,150,5.7009646262972815,9.542759665401794,1.0,0.0,0.0,0.0,0.0,0.0
23,150,6.201739853272427,11.779056843638733,0.0,0.0,1.0,0.0,0.0,0.0
24,150,3.5565457968748526,11.60974994103232,0.0,0.0,0.0,1.0,0.0,0.0
25,150,4.80513216986775,4.564831835504465,0.0,1.0,1.0,1.0,1.0,0.0
26,150,11.448607433643383,1.0898832785842416,0.0,1.0,0.0,0.0,1.0,0.0
27,150,8.246017190651399,6.48710664787765,0.0,0.0,1.0,1.0,0.0,0.0
28,150,5.475105260173923,0.6313923881630297,0.0,0.0,0.0,1.0,1.0,0.0
29,150,0.0,8.799955026706657,1.0,1.0,1.0,1.0,0.0,0.0
30,150,5.713146696755746,7.747852625351376,0.0,0.0,1.0,0.0,1.0,0.0
31,150,2.6917329714979905,9.088035253662124,1.0,0.0,1.0,1.0,1.0,0.0
32,150,10.117525032312894,11.57478646036644,1.0,0.0,1.0,1.0,0.0,1.0
33,150,0.0,2.153172815147074,1.0,1.0,0.0,0.0,0.0,0.0
34,150,5.889681166894683,11.193961951012216,1.0,1.0,0.0,0.0,0.0,0.0
35,150,0.9576685262185072,9.35372930038879,1.0,0.0,0.0,0.0,1.0,0.0
36,150,4.764051053529677,6.5201657286296735,1.0,1.0,0.0,0.0,1.0,0.0
37,150,6.723097763508548,7.471818158013463,1.0,0.0,1.0,0.0,0.0,1.0
38,150,4.843193680356829,4.884974324005541,0.0,1.0,0.0,0.0,0.0,0.0
39,150,9.872108682605456,1.3112887916134708,0.0,1.0,1.0,0.0,0.0,1.0
0,155,10.67514804992158,7.8462844675683,1.0,0.0,1.0,1.0,0.0,1.0
1,155,4.36315390922664,12.0,1.0,0.0,0.0,1.0,0.0,0.0
2,155,8.340555038129843,10.128377937377522,0.0,0.0,0.0,0.0,1.0,1.0
3,155,4.0245076619583,5.477263242740345,0.0,1.0,0.0,0.0,1.0,0.0
4,155,11.89319566743776,4.94225288971207,0.0,1.0,0.0,1.0,1.0,0.0
5,155,0.0,7.612189563281912,0.0,1.0,0.0,0.0,0.0,1.0
6,155,2.955311586197762,0.0,0.0,0.0,1.0,0.0,1.0,1.0
7,155,0.9986661860527902,8.141985946042645,1.0,0.0,0.0,1.0,0.0,0.0
8,155,12.0,3.619429930916186,1.0,0.0,0.0,0.0,0.0,0.0
9,155,1.822989424017189,5.406223814372612,0.0,0.0,1.0,0.0,0.0,0.0
10,155,3.616005476749477,0.5334353698086297,1.0,0.0,0.0,0.0,0.0,1.0
11,155,0.5089771896383187,12.0,0.0,1.0,0.0,1.0,1.0,0.0
12,155,1.7398380830833629,3.382307316804665,0.0,0.0,1.0,0.0,0.0,0.0
13,155,4.067150237762609,4.239126349392737,1.0,1.0,0.0,0.0,0.0,0.0
14,155,2.488381948175993,0.909948743958369,0.0,1.0,1.0,0.0,0.0,0.0
15,155,11.684694303349133,3.367630687256693,0.0,1.0,0.0,0.0,0.0,0.0
16,155,11.176298957594982,0.1565221995845377,0.0,0.0,1.0,0.0,1.0,0.0
17,155,2.8556896054924814,3.2411923918754497,0.0,0.0,1.0,1.0,0.0,1.0
18,155,7.139705249253299,1.0821990749774104,0.0,1.0,0.0,1.0,0.0,1.0
19,155,6.988944552905285,10.042268245300296,1.0,1.0,1.0,0.0,0.0,1.0
20,155,11.137919045440444,7.838843023460722,0.0,0.0,0.0,0.0,1.0,1.0
21,155,0.0,2.578918669979496,0.0,0.0,0.0,0.0,0.0,0.0
22,155,5.689485057562791,9.493854064588206,1.0,0.0,0.0,0.0,0.0,0.0
23,155,6.198469764526931,11.781065555341906,0.0,0.0,1.0,0.0,0.0,0.0
24,155,3.5688800489021006,11.570009713578688,0.0,0.0,0.0,1.0,0.0,0.0
25,155,4.796136758115551,4.5472075932497305,0.0,1.0,1.0,1.0,1.0,0.0
26,155,11.432668646400666,1.0958824403815806,0.0,1.0,0.0,0.0,1.0,0.0
27,155,8.202331900477855,6.551244355666958,0.0,0.0,1.0,1.0,0.0,0.0
28,155,5.549095367076639,0.5677339338262583,0.0,0.0,0.0,1.0,1.0,0.0
29,155,0.0,8.828930092528704,1.0,1.0,1.0,1.0,0.0,0.0
30,155,5.691747646455423,7.630710930577578,0.0,0.0,1.0,0.0,1.0,0.0
31,155,2.7464845989506834,9.09461191908992,1.0,0.0,1.0,1.0,1.0,0.0
32,155,10.25091652342369,11.64637102004322,1.0,0.0,1.0,1.0,0.0,1.0
33,155,0.0,2.1551262213311864,1.0,1.0,0.0,0.0,0.0,0.0
34,155,5.813698965095485,11.213390925137514,1.0,1.0,0.0,0.0,0.0,0.0
35,155,0.9657383042241768,9.364640830666389,1.0,0.0,0.0,0.0,1.0,0.0
36,155,4.709003839538389,6.49617142432228,1.0,1.0,0.0,0.0,1.0,0.0
37,155,6.887582381522327,7.311457626403941,1.0,0.0,1.0,0.0,0.0,1.0
38,155,4.790175136738936,4.831247763339074,0.0,1.0,0.0,0.0,0.0,0.0
39,155,9.868295183937771,1.3979166194377084,0.0,1.0,1.0,0.0,0.0,1.0
0,160,10.720797728933976,7.899497317047909,1.0,0.0,1.0,1.0,0.0,1.0
1,160,4.340503599391822,12.0,1.0,0.0,0.0,1.0,0.0,0.0
2,160,8.377050196906582,10.180047347754416,0.0,0.0,0.0,0.0,1.0,1.0
3,160,4.043239861857555,5.484946376295903,0.0,1.0,0.0,0.0,1.0,0.0
4,160,11.871720892006962,4.966874489635535,0.0,1.0,0.0,1.0,1.0,0.0
5,160,0.0,7.628233857570584,0.0,1.0,0.0,0.0,0.0,1.0
6,160,3.022807094836853,0.0,0.0,0.0,1.0,0.0,1.0,1.0
7,160,1.0237223546860084,8.09174650206662,1.0,0.0,0.0,1.0,0.0,0.0
8,160,12.0,3.5977478023380955,1.0,0.0,0.0,0.0,0.0,0.0
9,160,1.8329548184140605,5.402186765587152,0.0,0.0,1.0,0.0,0.0,0.0
10,160,3.706213176957184,0.4075624648582633,1.0,0.0,0.0,0.0,0.0,1.0
11,160,0.3248012721731264,12.0,0.0,1.0,0.0,1.0,1.0,0.0
12,160,1.7572805871045274,3.3881533518736595,0.0,0.0,1.0,0.0,0.0,0.0
13,160,4.148851129703663,4.216599298519385,1.0,1.0,0.0,0.0,0.0,0.0
14,160,2.3473891511431675,0.8992543178532593,0.0,1.0,1.0,0.0,0.0,0.0
15,160,11.691567108173048,3.368874804299901,0.0,1.0,0.0,0.0,0.0,0.0
16,160,11.11038661038448,0.2013273938474178,0.0,0.0,1.0,0.0,1.0,0.0
17,160,2.902137464395842,3.225381658290261,0.0,0.0,1.0,1.0,0.0,1.0
18,160,7.214745364374666,1.0108322602765545,0.0,1.0,0.0,1.0,0.0,1.0
19,160,6.917534389838922,10.089000641182826,1.0,1.0,1.0,0.0,0.0,1.0
20,160,11.137427995902993,8.054607424601372,0.0,0.0,0.0,0.0,1.0,1.0
21,160,0.0,2.5373992641638945,0.0,0.0,0.0,0.0,0.0,0.0
22,160,5.674358698793523,9.431350046012984,1.0,0.0,0.0,0.0,0.0,0.0
23,160,6.199626693582037,11.780325607748455,0.0,0.0,1.0,0.0,0.0,0.0
24,160,3.5774198651290665,11.542200756100012,0.0,0.0,0.0,1.0,0.0,0.0
25,160,4.803199342244633,4.561326245084618,0.0,1.0,1.0,1.0,1.0,0.0
26,160,11.41459670490859,1.1022240439948725,0.0,1.0,0.0,0.0,1.0,0.0
27,160,8.1372422716175,6.640318367229294,0.0,0.0,1.0,1.0,0.0,0.0
28,160,5.62214952109221,0.5003079017782232,0.0,0.0,0.0,1.0,1.0,0.0
29,160,0.0,8.853060460386494,1.0,1.0,1.0,1.0,0.0,0.0
30,160,5.671124334003369,7.52093671040674,0.0,0.0,1.0,0.0,1.0,0.0
31,160,2.819110980470534,9.104070871332434,1.0,0.0,1.0,1.0,1.0,0.0
32,160,10.388224045943666,11.723179485452311,1.0,0.0,1.0,1.0,0.0,1.0
33,160,0.0,2.158896214218279,1.0,1.0,0.0,0.0,0.0,0.0
34,160,5.743543164415322,11.231594201800114,1.0,1.0,0.0,0.0,0.0,0.0
35,160,0.9756841577820872,9.378257495501089,1.0,0.0,0.0,0.0,1.0,0.0
36,160,4.6603661606096844,6.476527861263963,1.0,1.0,0.0,0.0,1.0,0.0
37,160,7.061836463308891,7.14558936892413,1.0,0.0,1.0,0.0,0.0,1.0
38,160,4.740543015661257,4.781297300053561,0.0,1.0,0.0,0.0,0.0,0.0
39,160,9.863258891634612,1.4790706217786795,0.0,1.0,1.0,0.0,0.0,1.0
0,165,10.758733004676634,7.942049954643365,1.0,0.0,1.0,1.0,0.0,1.0
1,165,4.317561818683876,12.0,1.0,0.0,0.0,1.0,0.0,0.0
2,165,8.421778383919138,10.240741224889836,0.0,0.0,0.0,0.0,1.0,1.0
3,165,4.076191204842293,5.497257189018279,0.0,1.0,0.0,0.0,1.0,0.0
4,165,11.842883021800557,5.000691199961499,0.0,1.0,0.0,1.0,1.0,0.0
5,165,0.0007802293220374,7.623523038948036,0.0,1.0,0.0,0.0,0.0,1.0
6,165,3.077447420809857,0.0,0.0,0.0,1.0,0.0,1.0,1.0
7,165,1.0519946662584805,8.036318145240937,1.0,0.0,0.0,1.0,0.0,0.0
8,165,12.0,3.5747361426035607,1.0,0.0,0.0,0.0,0.0,0.0
9,165,1.8450522971220769,5.397171445801759,0.0,0.0,1.0,0.0,0.0,0.0
10,165,3.793436585726513,0.2917544420567207,1.0,0.0,0.0,0.0,0.0,1.0
11,165,0.1618031733481185,12.0,0.0,1.0,0.0,1.0,1.0,0.0
12,165,1.7763549970427628,3.394655327072511,0.0,0.0,1.0,0.0,0.0,0.0
13,165,4.2467247352347,4.189474337865509,1.0,1.0,0.0,0.0,0.0,0.0
14,165,2.207149011910813,0.8901661532103765,0.0,1.0,1.0,0.0,0.0,0.0
15,165,11.682986064209134,3.3671030544224907,0.0,1.0,0.0,0.0,0.0,0.0
16,165,11.065475452991748,0.2323685908460065,0.0,0.0,1.0,0.0,1.0,0.0
17,165,2.9763124992107235,3.1984304897947253,0.0,0.0,1.0,1.0,0.0,1.0
18,165,7.284505376652904,0.9424738832084,0.0,1.0,0.0,1.0,0.0,1.0
19,165,6.862216675035036,10.004525778200437,1.0,1.0,1.0,0.0,0.0,1.0
20,165,11.13591256321033,8.295491926275902,0.0,0.0,0.0,0.0,1.0,1.0
21,165,0.0,2.4847607544767945,0.0,0.0,0.0,0.0,0.0,0.0
22,165,5.659813658389292,9.374326357355322,1.0,0.0,0.0,0.0,0.0,0.0
23,165,6.178177151969781,11.794665671956531,0.0,0.0,1.0,0.0,0.0,0.0
24,165,3.583455962201585,11.523483116089958,0.0,0.0,0.0,1.0,0.0,0.0
25,165,4.805080375854703,4.565033206471979,0.0,1.0,1.0,1.0,1.0,0.0
26,165,11.407576608329236,1.1046652554520668,0.0,1.0,0.0,0.0,1.0,0.0
27,165,8.075001087149335,6.724505804140826,0.0,0.0,1.0,1.0,0.0,0.0
28,165,5.696365378668931,0.4318940596422215,0.0,0.0,0.0,1.0,1.0,0.0
29,165,0.0,8.883406846142615,1.0,1.0,1.0,1.0,0.0,0.0
30,165,5.646422087160497,7.4082227064838815,0.0,0.0,1.0,0.0,1.0,0.0
31,165,2.8889625794320795,9.11521100006011,1.0,0.0,1.0,1.0,1.0,0.0
32,165,10.532561716726327,11.802783725025993,1.0,0.0,1.0,1.0,0.0,1.0
33,165,0.0016872071439352,2.15810482584924,1.0,1.0,0.0,0.0,0.0,0.0
34,165,5.678463848281581,11.247969031418611,1.0,1.0,0.0,0.0,0.0,0.0
35,165,0.9914109135120563,9.40051304052674,1.0,0.0,0.0,0.0,1.0,0.0
36,165,4.606588779855661,6.4543439371033,1.0,1.0,0.0,0.0,1.0,0.0
37,165,7.231996269203743,6.983553732468686,1.0,0.0,1.0,0.0,0.0,1.0
38,165,4.685937110289057,4.729204022359727,0.0,1.0,0.0,0.0,0.0,0.0
39,165,9.857948552449258,1.5513320201063598,0.0,1.0,1.0,0.0,0.0,1.0
0,170,10.79580040932029,7.982889685772971,1.0,0.0,1.0,1.0,0.0,1.0
1,170,4.289531686681988,12.0,1.0,0.0,0.0,1.0,0.0,0.0
2,170,8.470017793175442,10.304409941592796,0.0,0.0,0.0,0.0,1.0,1.0
3,170,4.124779583442302,5.516571559492874,0.0,1.0,0.0,0.0,1.0,0.0
4,170,11.81289208605501,5.037854471519315,0.0,1.0,0.0,1.0,1.0,0.0
5,170,0.0,7.651202890830116,0.0,1.0,0.0,0.0,0.0,1.0
6,170,3.129032704835434,0.0,0.0,0.0,1.0,0.0,1.0,1.0
7,170,1.0787552051109068,7.978934895939904,1.0,0.0,0.0,1.0,0.0,0.0
8,170,12.0,3.552808082471428,1.0,0.0,0.0,0.0,0.0,0.0
9,170,1.8498923956228843,5.395319390734512,0.0,0.0,1.0,0.0,0.0,0.0
10,170,3.865146598646852,0.2005370421607045,1.0,0.0,0.0,0.0,0.0,1.0
11,170,0.0,12.0,0.0,1.0,0.0,1.0,1.0,0.0
12,170,1.799069850320855,3.402645102133992,0.0,0.0,1.0,0.0,0.0,0.0
13,170,4.317950759726418,4.168950654068743,1.0,1.0,0.0,0.0,0.0,0.0
14,170,2.0768549580419786,0.8785634178406497,0.0,1.0,1.0,0.0,0.0,0.0
15,170,11.680393754864548,3.3666215980954184,0.0,1.0,0.0,0.0,0.0,0.0
16,170,11.017277881610582,0.2673665823120932,0.0,0.0,1.0,0.0,1.0,0.0
17,170,3.0277986521544595,3.179580713996889,0.0,0.0,1.0,1.0,0.0,1.0
18,170,7.3703434115678865,0.8533407654274004,0.0,1.0,0.0,1.0,0.0,1.0
19,170,6.801251356713097,9.911058920533366,1.0,1.0,1.0,0.0,0.0,1.0
20,170,11.136599425318485,8.511969768560611,0.0,0.0,0.0,0.0,1.0,1.0
21,170,0.0,2.4269884623170883,0.0,0.0,0.0,0.0,0.0,0.0
22,170,5.647980716122137,9.328201996801983,1.0,0.0,0.0,0.0,0.0,0.0
23,170,6.159794952741977,11.80724197498228,0.0,0.0,1.0,0.0,0.0,0.0
24,170,3.5840974981526137,11.523688411340611,0.0,0.0,0.0,1.0,0.0,0.0
25,170,4.815982446780054,4.58721791925472,0.0,1.0,1.0,1.0,1.0,0.0
26,170,11.383142473542922,1.1131062395388838,0.0,1.0,0.0,0.0,1.0,0.0
27,170,8.012179662988453,6.817687742654695,0.0,0.0,1.0,1.0,0.0,0.0
28,170,5.758346552905821,0.3746581638464202,0.0,0.0,0.0,1.0,1.0,0.0
29,170,0.0,8.909150731583072,1.0,1.0,1.0,1.0,0.0,0.0
30,170,5.622680974412341,7.306359684184596,0.0,0.0,1.0,0.0,1.0,0.0
31,170,2.9556765544813026,9.125625135075468,1.0,0.0,1.0,1.0,1.0,0.0
32,170,10.689733472261482,11.879852359614798,1.0,0.0,1.0,1.0,0.0,1.0
33,170,0.0,2.1598516050479493,1.0,1.0,0.0,0.0,0.0,0.0
34,170,5.615912839807812,11.263786151212324,1.0,1.0,0.0,0.0,0.0,0.0
35,170,0.9975297036968588,9.408547890638449,1.0,0.0,0.0,0.0,1.0,0.0
36,170,4.567723147814416,6.440568225572636,1.0,1.0,0.0,0.0,1.0,0.0
37,170,7.398540366336224,6.825184531860509,1.0,0.0,1.0,0.0,0.0,1.0
38,170,4.627928585049706,4.674590709738372,0.0,1.0,0.0,0.0,0.0,0.0
39,170,9.853265254804157,1.6008341594022522,0.0,1.0,1.0,0.0,0.0,1.0
0,175,10.83667157669598,8.027699093254435,1.0,0.0,1.0,1.0,0.0,1.0
1,175,4.261700147552041,12.0,1.0,0.0,0.0,1.0,0.0,0.0
2,175,8.517785531057129,10.366963807267224,0.0,0.0,0.0,0.0,1.0,1.0
3,175,4.155555524409541,5.529238671058579,0.0,1.0,0.0,0.0,1.0,0.0
4,175,11.80242405913831,5.050453508590564,0.0,1.0,0.0,1.0,1.0,0.0
5,175,0.0,7.701463777115468,0.0,1.0,0.0,0.0,0.0,1.0
6,175,3.201034687124811,0.0,0.0,0.0,1.0,0.0,1.0,1.0
7,175,1.1057969209399572,7.92246566451341,1.0,0.0,0.0,1.0,0.0,0.0
8,175,12.0,3.533899332223795,1.0,0.0,0.0,0.0,0.0,0.0
9,175,1.8428152934659712,5.398021122599256,0.0,0.0,1.0,0.0,0.0,0.0
10,175,3.939949892336348,0.1057414549658429,1.0,0.0,0.0,0.0,0.0,1.0
11,175,0.0,12.0,0.0,1.0,0.0,1.0,1.0,0.0
12,175,1.8255754453874065,3.412827867050071,0.0,0.0,1.0,0.0,0.0,0.0
13,175,4.396851844482664,4.148729182143032,1.0,1.0,0.0,0.0,0.0,0.0
14,175,1.9413533970838304,0.8668380135146613,0.0,1.0,1.0,0.0,0.0,0.0
15,175,11.667161834410278,3.3643331626104103,0.0,1.0,0.0,0.0,0.0,0.0
16,175,10.978550659059538,0.2939975695851967,0.0,0.0,1.0,0.0,1.0,0.0
17,175,3.091071685074301,3.1568288406217637,0.0,0.0,1.0,1.0,0.0,1.0
18,175,7.449773667117976,0.766221736151365,0.0,1.0,0.0,1.0,0.0,1.0
19,175,6.742751967757883,9.817945540073362,1.0,1.0,1.0,0.0,0.0,1.0
20,175,11.137046820704656,8.735146360143034,0.0,0.0,0.0,0.0,1.0,1.0
21,175,0.0,2.375371951440873,0.0,0.0,0.0,0.0,0.0,0.0
22,175,5.635727351379522,9.283899565680809,1.0,0.0,0.0,0.0,0.0,0.0
23,175,6.140442821319275,11.820726170762129,0.0,0.0,1.0,0.0,0.0,0.0
24,175,3.60358076909396,11.529862696932364,0.0,0.0,0.0,1.0,0.0,0.0
25,175,4.823416960004456,4.603901603325008,0.0,1.0,1.0,1.0,1.0,0.0
26,175,11.341700582928542,1.1264552982072973,0.0,1.0,0.0,0.0,1.0,0.0
27,175,7.948244829088842,6.911959503927019,0.0,0.0,1.0,1.0,0.0,0.0
28,175,5.807546431402503,0.3269306772569453,0.0,0.0,0.0,1.0,1.0,0.0
29,175,0.0,8.946571945686662,1.0,1.0,1.0,1.0,0.0,0.0
30,175,5.591348486183319,7.191056366354734,0.0,0.0,1.0,0.0,1.0,0.0
31,175,3.0415226843147023,9.140483771424687,1.0,0.0,1.0,1.0,1.0,0.0
32,175,10.850038710320582,11.95462601889158,1.0,0.0,1.0,1.0,0.0,1.0
33,175,0.0,2.1686642978151487,1.0,1.0,0.0,0.0,0.0,0.0
34,175,5.550211207191059,11.280508345002332,1.0,1.0,0.0,0.0,0.0,0.0
35,175,1.007708974939484,9.421305953187057,1.0,0.0,0.0,0.0,1.0,0.0
36,175,4.527120168727571,6.4264463784577,1.0,1.0,0.0,0.0,1.0,0.0
37,175,7.549397203932863,6.68048020722441,1.0,0.0,1.0,0.0,0.0,1.0
38,175,4.57577404746049,4.62464428924173,0.0,1.0,0.0,0.0,0.0,0.0
39,175,9.850080270889611,1.6348818018180633,0.0,1.0,1.0,0.0,0.0,1.0
0,180,10.885660280957692,8.079609233943435,1.0,0.0,1.0,1.0,0.0,1.0
1,180,4.236261454889454,12.0,1.0,0.0,0.0,1.0,0.0,0.0
2,180,8.554689532870912,10.415618530939648,0.0,0.0,0.0,0.0,1.0,1.0
3,180,4.18117377219806,5.539254278867498,0.0,1.0,0.0,0.0,1.0,0.0
4,180,11.791492646051315,5.064819549139012,0.0,1.0,0.0,1.0,1.0,0.0
5,180,0.0,7.715162425595579,0.0,1.0,0.0,0.0,0.0,1.0
6,180,3.2803101815934257,0.0,0.0,0.0,1.0,0.0,1.0,1.0
7,180,1.133198464396392,7.861215289022204,1.0,0.0,0.0,1.0,0.0,0.0
8,180,12.0,3.523635175521539,1.0,0.0,0.0,0.0,0.0,0.0
9,180,1.821329188597544,5.406441852744426,0.0,0.0,1.0,0.0,0.0,0.0
10,180,4.018811078045064,0.0064287978583169,1.0,0.0,0.0,0.0,0.0,1.0
11,180,0.1177386809194805,12.0,0.0,1.0,0.0,1.0,1.0,0.0
12,180,1.8724495116300064,3.429459143482162,0.0,0.0,1.0,0.0,0.0,0.0
13,180,4.459589933767919,4.132122961642701,1.0,1.0,0.0,0.0,0.0,0.0
14,180,1.8053832111114487,0.8533019220539795,0.0,1.0,1.0,0.0,0.0,0.0
15,180,11.650064078091756,3.361783071639646,0.0,1.0,0.0,0.0,0.0,0.0
16,180,10.933860997695678,0.3229259998009861,0.0,0.0,1.0,0.0,1.0,0.0
17,180,3.151699179155415,3.135602646472266,0.0,0.0,1.0,1.0,0.0,1.0
18,180,7.534920792406898,0.6713610148441531,0.0,1.0,0.0,1.0,0.0,1.0
19,180,6.687086629618682,9.730123849710916,1.0,1.0,1.0,0.0,0.0,1.0
20,180,11.125964233758657,8.969913249980753,0.0,0.0,0.0,0.0,1.0,1.0
21,180,0.0,2.326679348248608,0.0,0.0,0.0,0.0,0.0,0.0
22,180,5.624654441076866,9.24277617293394,1.0,0.0,0.0,0.0,0.0,0.0
23,180,6.131031333302463,11.827769205785964,0.0,0.0,1.0,0.0,0.0,0.0
24,180,3.611050633767549,11.532185684823862,0.0,0.0,0.0,1.0,0.0,0.0
25,180,4.835266406921933,4.6319455300740575,0.0,1.0,1.0,1.0,1.0,0.0
26,180,11.296093242571198,1.1424691173980923,0.0,1.0,0.0,0.0,1.0,0.0
27,180,7.88591441383485,7.0062474701156585,0.0,0.0,1.0,1.0,0.0,0.0
28,180,5.863674595202604,0.2748968826837332,0.0,0.0,0.0,1.0,1.0,0.0
29,180,0.0,8.973080628233626,1.0,1.0,1.0,1.0,0.0,0.0
30,180,5.553161179306147,7.062276166713646,0.0,0.0,1.0,0.0,1.0,0.0
31,180,3.1256821525941403,9.154241266959634,1.0,0.0,1.0,1.0,1.0,0.0
32,180,10.99753718145914,12.0,1.0,0.0,1.0,1.0,0.0,1.0
33,180,0.0,2.171154408084776,1.0,1.0,0.0,0.0,0.0,0.0
34,180,5.478845417759264,11.300393064714216,1.0,1.0,0.0,0.0,0.0,0.0
35,180,1.0230023443972136,9.438952891726425,1.0,0.0,0.0,0.0,1.0,0.0
36,180,4.480334663621396,6.410149757398182,1.0,1.0,0.0,0.0,1.0,0.0
37,180,7.687180791414243,6.826239084612083,1.0,0.0,1.0,0.0,0.0,1.0
38,180,4.540261303490547,4.588574248247297,0.0,1.0,0.0,0.0,0.0,0.0
39,180,9.847188670866316,1.6674013874140037,0.0,1.0,1.0,0.0,0.0,1.0
0,185,10.929731558779938,8.124248810321859,1.0,0.0,1.0,1.0,0.0,1.0
1,185,4.213398717342878,12.0,1.0,0.0,0.0,1.0,0.0,0.0
2,185,8.59234729321452,10.465360521130249,0.0,0.0,0.0,0.0,1.0,1.0
3,185,4.2090659787417,5.55066800651662,0.0,1.0,0.0,0.0,1.0,0.0
4,185,11.771398627276708,5.092195803542239,0.0,1.0,0.0,1.0,1.0,0.0
5,185,0.0,7.7187085177239645,0.0,1.0,0.0,0.0,0.0,1.0
6,185,3.3501556771928267,0.0,0.0,0.0,1.0,0.0,1.0,1.0
7,185,1.1632017578283165,7.799236460443848,1.0,0.0,0.0,1.0,0.0,0.0
8,185,12.0,3.510055927278777,1.0,0.0,0.0,0.0,0.0,0.0
9,185,1.806233212016937,5.412831697839348,0.0,0.0,1.0,0.0,0.0,0.0
10,185,4.090327644335572,0.0,1.0,0.0,0.0,0.0,0.0,1.0
11,185,0.2321130404411039,12.0,0.0,1.0,0.0,1.0,1.0,0.0
12,185,1.9135772520020788,3.4434153454778427,0.0,0.0,1.0,0.0,0.0,0.0
13,185,4.531934844233332,4.114921597070745,1.0,1.0,0.0,0.0,0.0,0.0
14,185,1.6873815862255013,0.8438084267432928,0.0,1.0,1.0,0.0,0.0,0.0
15,185,11.639078889784017,3.359981211125852,0.0,1.0,0.0,0.0,0.0,0.0
16,185,10.855651842362867,0.3719931913400148,0.0,0.0,1.0,0.0,1.0,0.0
17,185,3.214506960420392,3.113086979170564,0.0,0.0,1.0,1.0,0.0,1.0
18,185,7.621083013701216,0.5757779070923389,0.0,1.0,0.0,1.0,0.0,1.0
19,185,6.636552206273624,9.649285958281364,1.0,1.0,1.0,0.0,0.0,1.0
20,185,11.115815616140072,9.203546852541932,0.0,0.0,0.0,0.0,1.0,1.0
21,185,0.0,2.2882927520615737,0.0,0.0,0.0,0.0,0.0,0.0
22,185,5.619649494203768,9.22319296829829,1.0,0.0,0.0,0.0,0.0,0.0
23,185,6.143567986944432,11.817947544491073,0.0,0.0,1.0,0.0,0.0,0.0
24,185,3.6112675544757336,11.53226232390232,0.0,0.0,0.0,1.0,0.0,0.0
25,185,4.848892605890658,4.670012752876215,0.0,1.0,1.0,1.0,1.0,0.0
26,185,11.247223485798855,1.1586322904093127,0.0,1.0,0.0,0.0,1.0,0.0
27,185,7.822204016508673,7.109263801520987,0.0,0.0,1.0,1.0,0.0,0.0
28,185,5.92555833852227,0.2140005313688512,0.0,0.0,0.0,1.0,1.0,0.0
29,185,0.0,9.013449191612112,1.0,1.0,1.0,1.0,0.0,0.0
30,185,5.5065073989049775,6.898539336337593,0.0,0.0,1.0,0.0,1.0,0.0
31,185,3.215796047307817,9.172129530654397,1.0,0.0,1.0,1.0,1.0,0.0
32,185,11.122080481287586,12.0,1.0,0.0,1.0,1.0,0.0,1.0
33,185,0.0,2.172372762139162,1.0,1.0,0.0,0.0,0.0,0.0
34,185,5.397212708773927,11.323886330780708,1.0,1.0,0.0,0.0,0.0,0.0
35,185,1.0367304410882912,9.454924543343711,1.0,0.0,0.0,0.0,1.0,0.0
36,185,4.408986695788706,6.385544904539315,1.0,1.0,0.0,0.0,1.0,0.0
37,185,7.827457571980883,6.970569499705078,1.0,0.0,1.0,0.0,0.0,1.0
38,185,4.493595929552801,4.542397466596926,0.0,1.0,0.0,0.0,0.0,0.0
39,185,9.846280310229648,1.680423233827528,0.0,1.0,1.0,0.0,0.0,1.0
0,190,10.942153504352136,8.136108845205229,1.0,0.0,1.0,1.0,0.0,1.0
1,190,4.185748452257744,12.0,1.0,0.0,0.0,1.0,0.0,0.0
2,190,8.62524534410685,10.507976775388611,0.0,0.0,0.0,0.0,1.0,1.0
3,190,4.2459671374113706,5.563769733714621,0.0,1.0,0.0,0.0,1.0,0.0
4,190,11.757080856752376,5.111673886153059,0.0,1.0,0.0,1.0,1.0,0.0
5,190,0.0017611567185541,7.707584951127711,0.0,1.0,0.0,0.0,0.0,1.0
6,190,3.427471714408338,0.0,0.0,0.0,1.0,0.0,1.0,1.0
7,190,1.2000730974609437,7.721355914132619,1.0,0.0,0.0,1.0,0.0,0.0
8,190,12.0,3.496480245448398,1.0,0.0,0.0,0.0,0.0,0.0
9,190,1.788429551124103,5.420455884454283,0.0,0.0,1.0,0.0,0.0,0.0
10,190,4.168656345220202,0.0,1.0,0.0,0.0,0.0,0.0,1.0
11,190,0.3476289607384888,12.0,0.0,1.0,0.0,1.0,1.0,0.0
12,190,1.926781696588325,3.4481915329393096,0.0,0.0,1.0,0.0,0.0,0.0
13,190,4.623501877286891,4.093239039148995,1.0,1.0,0.0,0.0,0.0,0.0
14,190,1.5497030561683407,0.8356357999222288,0.0,1.0,1.0,0.0,0.0,0.0
15,190,11.628162796334236,3.3581518600768896,0.0,1.0,0.0,0.0,0.0,0.0
16,190,10.776527242164336,0.4228941187081676,0.0,0.0,1.0,0.0,1.0,0.0
17,190,3.286974802363572,3.0888178091998943,0.0,0.0,1.0,1.0,0.0,1.0
18,190,7.70908173620804,0.4787953991313124,0.0,1.0,0.0,1.0,0.0,1.0
19,190,6.59261204388153,9.58130381425478,1.0,1.0,1.0,0.0,0.0,1.0
20,190,11.102624515615975,9.449086968323773,0.0,0.0,0.0,0.0,1.0,1.0
21,190,0.0,2.2333233431901114,0.0,0.0,0.0,0.0,0.0,0.0
22,190,5.615068302174817,9.205276878526558,1.0,0.0,0.0,0.0,0.0,0.0
23,190,6.14290083229326,11.818515860627242,0.0,0.0,1.0,0.0,0.0,0.0
24,190,3.6196970141618903,11.53537613768495,0.0,0.0,0.0,1.0,0.0,0.0
25,190,4.867598834400696,4.717022328615011,0.0,1.0,1.0,1.0,1.0,0.0
26,190,11.220759221610349,1.16710396191805,0.0,1.0,0.0,0.0,1.0,0.0
27,190,7.759823489293383,7.210627378111389,0.0,0.0,1.0,1.0,0.0,0.0
28,190,5.974937860681661,0.1654027440473897,0.0,0.0,0.0,1.0,1.0,0.0
29,190,0.0,9.051920186486312,1.0,1.0,1.0,1.0,0.0,0.0
30,190,5.466194752871565,6.756209086609102,0.0,0.0,1.0,0.0,1.0,0.0
31,190,3.3228438022451634,9.19146709634926,1.0,0.0,1.0,1.0,1.0,0.0
32,190,11.250755337193723,12.0,1.0,0.0,1.0,1.0,0.0,1.0
33,190,0.0051096670337402,2.169699960427617,1.0,1.0,0.0,0.0,0.0,0.0
34,190,5.330224706331414,11.344650130891418,1.0,1.0,0.0,0.0,0.0,0.0
35,190,1.0632075882937475,9.48644805150741,1.0,0.0,0.0,0.0,1.0,0.0
36,190,4.347377928644807,6.364712165348517,1.0,1.0,0.0,0.0,1.0,0.0
37,190,7.979930679084029,7.128388897498711,1.0,0.0,1.0,0.0,0.0,1.0
38,190,4.450423637729661,4.4970956833003095,0.0,1.0,0.0,0.0,0.0,0.0
39,190,9.844110066292943,1.7157719940930312,0.0,1.0,1.0,0.0,0.0,1.0
0,195,10.954490576056822,8.147935819096775,1.0,0.0,1.0,1.0,0.0,1.0
1,195,4.155308733680877,12.0,1.0,0.0,0.0,1.0,0.0,0.0
2,195,8.646506073811004,10.536387057472323,0.0,0.0,0.0,0.0,1.0,1.0
3,195,4.274202415627686,5.574861256240289,0.0,1.0,0.0,0.0,1.0,0.0
4,195,11.73913626009413,5.137422863053872,0.0,1.0,0.0,1.0,1.0,0.0
5,195,0.0042108922864581,7.691869475329939,0.0,1.0,0.0,0.0,0.0,1.0
6,195,3.509293177259127,0.0,0.0,0.0,1.0,0.0,1.0,1.0
7,195,1.2255895809577686,7.665122174029158,1.0,0.0,0.0,1.0,0.0,0.0
8,195,12.0,3.484945646538946,1.0,0.0,0.0,0.0,0.0,0.0
9,195,1.7701851348721802,5.428273573540017,0.0,0.0,1.0,0.0,0.0,0.0
10,195,4.230923406250336,0.0,1.0,0.0,0.0,0.0,0.0,1.0
11,195,0.477515897310485,12.0,0.0,1.0,0.0,1.0,1.0,0.0
12,195,1.9456142819070863,3.455253421075231,0.0,0.0,1.0,0.0,0.0,0.0
13,195,4.72016156297236,4.068133314952661,1.0,1.0,0.0,0.0,0.0,0.0
14,195,1.4264064148179412,0.8281327709572415,0.0,1.0,1.0,0.0,0.0,0.0
15,195,11.64426303397656,3.360986246485429,0.0,1.0,0.0,0.0,0.0,0.0
16,195,10.70642294623712,0.466033170418669,0.0,0.0,1.0,0.0,1.0,0.0
17,195,3.360562450521297,3.065686427170034,0.0,0.0,1.0,1.0,0.0,1.0
18,195,7.790871086328552,0.3880899605903026,0.0,1.0,0.0,1.0,0.0,1.0
19,195,6.557450648836165,9.525622783895432,1.0,1.0,1.0,0.0,0.0,1.0
20,195,11.08586744360282,9.728271564110168,0.0,0.0,0.0,0.0,1.0,1.0
21,195,0.0,2.175194186062059,0.0,0.0,0.0,0.0,0.0,0.0
22,195,5.611703842300869,9.190421279433307,1.0,0.0,0.0,0.0,0.0,0.0
23,195,6.141182157700131,11.819912034324185,0.0,0.0,1.0,0.0,0.0,0.0
24,195,3.635594906307396,11.541643290804233,0.0,0.0,0.0,1.0,0.0,0.0
25,195,4.893147377812096,4.783251844258091,0.0,1.0,1.0,1.0,1.0,0.0
26,195,11.184255151934051,1.178485518403203,0.0,1.0,0.0,0.0,1.0,0.0
27,195,7.703441013490365,7.306370911558519,0.0,0.0,1.0,1.0,0.0,0.0
28,195,6.004839285694408,0.1379194494601505,0.0,0.0,0.0,1.0,1.0,0.0
29,195,0.0,9.100680149425433,1.0,1.0,1.0,1.0,0.0,0.0
30,195,5.422682263513042,6.605766242708468,0.0,0.0,1.0,0.0,1.0,0.0
31,195,3.4510796080278454,9.217422626528922,1.0,0.0,1.0,1.0,1.0,0.0
32,195,11.38840219378053,12.0,1.0,0.0,1.0,1.0,0.0,1.0
33,195,0.0045399312594479,2.170003190692491,1.0,1.0,0.0,0.0,0.0,0.0
34,195,5.255061540733293,11.366659623657428,1.0,1.0,0.0,0.0,0.0,0.0
35,195,1.0934053949808111,9.521050828679266,1.0,0.0,0.0,0.0,1.0,0.0
36,195,4.286389720405983,6.345055245593146,1.0,1.0,0.0,0.0,1.0,0.0
37,195,8.138839914716034,7.293825905029361,1.0,0.0,1.0,0.0,0.0,1.0
38,195,4.394718885235588,4.549145960512038,0.0,1.0,0.0,0.0,0.0,0.0
39,195,9.840940450982446,1.7516393382948596,0.0,1.0,1.0,0.0,0.0,1.0
0,200,10.962761064922608,8.156066911383027,1.0,0.0,1.0,1.0,0.0,1.0
1,200,4.129270007156299,12.0,1.0,0.0,0.0,1.0,0.0,0.0
2,200,8.678872419901081,10.5815574769744,0.0,0.0,0.0,0.0,1.0,1.0
3,200,4.33093241771858,5.598146574361368,0.0,1.0,0.0,0.0,1.0,0.0
4,200,11.71979775222688,5.166371039313716,0.0,1.0,0.0,1.0,1.0,0.0
5,200,0.0073365550051583,7.672311127085808,0.0,1.0,0.0,0.0,0.0,1.0
6,200,3.602021117434915,0.0,0.0,0.0,1.0,0.0,1.0,1.0
7,200,1.2492811535062835,7.612337798368101,1.0,0.0,0.0,1.0,0.0,0.0
8,200,12.0,3.4705844435373727,1.0,0.0,0.0,0.0,0.0,0.0
9,200,1.737975382417071,5.441912175376982,0.0,0.0,1.0,0.0,0.0,0.0
10,200,4.299262469528154,0.0,1.0,0.0,0.0,0.0,0.0,1.0
11,200,0.6181999300706881,12.0,0.0,1.0,0.0,1.0,1.0,0.0
12,200,1.958597292795059,3.460342646268019,0.0,0.0,1.0,0.0,0.0,0.0
13,200,4.825859364076151,4.039594276961246,1.0,1.0,0.0,0.0,0.0,0.0
14,200,1.293371498330852,0.8183495406338531,0.0,1.0,1.0,0.0,0.0,0.0
15,200,11.674875494565631,3.3667909477964044,0.0,1.0,0.0,0.0,0.0,0.0
16,200,10.648464844581252,0.5030192309455666,0.0,0.0,1.0,0.0,1.0,0.0
17,200,3.428093704902582,3.042774574555122,0.0,0.0,1.0,1.0,0.0,1.0
18,200,7.8622548956832,0.3085024052303315,0.0,1.0,0.0,1.0,0.0,1.0
19,200,6.527502431965077,9.47876814529418,1.0,1.0,1.0,0.0,0.0,1.0
20,200,11.071800213289157,9.999602614068907,0.0,0.0,0.0,0.0,1.0,1.0
21,200,0.0,2.1171930067479128,0.0,0.0,0.0,0.0,0.0,0.0
22,200,5.605770013423307,9.167416333351122,1.0,0.0,0.0,0.0,0.0,0.0
23,200,6.126476093762329,11.831537166149095,0.0,0.0,1.0,0.0,0.0,0.0
24,200,3.643045481793537,11.544640893274147,0.0,0.0,0.0,1.0,0.0,0.0
25,200,4.91684948290894,4.851747041775909,0.0,1.0,1.0,1.0,1.0,0.0
26,200,11.134659270568612,1.1926229164088948,0.0,1.0,0.0,0.0,1.0,0.0
27,200,7.65046693819551,7.40357828044991,0.0,0.0,1.0,1.0,0.0,0.0
28,200,6.041386348884083,0.1779560885184145,0.0,0.0,0.0,1.0,1.0,0.0
29,200,0.0,9.142578921637114,1.0,1.0,1.0,1.0,0.0,0.0
30,200,5.383726438599293,6.456806364384173,0.0,0.0,1.0,0.0,1.0,0.0
31,200,3.5742109245332383,9.2403337297239,1.0,0.0,1.0,1.0,1.0,0.0
32,200,11.524466579369353,12.0,1.0,0.0,1.0,1.0,0.0,1.0
33,200,0.0115782256774052,2.1662777992534386,1.0,1.0,0.0,0.0,0.0,0.0
34,200,5.177998148665566,11.388685552661936,1.0,1.0,0.0,0.0,0.0,0.0
35,200,1.1185849329761035,9.551529648371686,1.0,0.0,0.0,0.0,1.0,0.0
36,200,4.218399282792747,6.323378223863473,1.0,1.0,0.0,0.0,1.0,0.0
37,200,8.295258175420004,7.458059618363089,1.0,0.0,1.0,0.0,0.0,1.0
38,200,4.33519056468111,4.606551719854647,0.0,1.0,0.0,0.0,0.0,0.0
39,200,9.83905226745782,1.771042013912668,0.0,1.0,1.0,0.0,0.0,1.0
0,205,10.969141263039475,8.16248709895484,1.0,0.0,1.0,1.0,0.0,1.0
1,205,4.103332528717157,12.0,1.0,0.0,0.0,1.0,0.0,0.0
2,205,8.716266652037094,10.634708943054791,0.0,0.0,0.0,0.0,1.0,1.0
3,205,4.36756982526083,5.6131947927235375,0.0,1.0,0.0,0.0,1.0,0.0
4,205,11.705731885100716,5.187650515991541,0.0,1.0,0.0,1.0,1.0,0.0
5,205,0.0076395807070424,7.670541466115113,0.0,1.0,0.0,0.0,0.0,1.0
6,205,3.700014981459273,0.0,0.0,0.0,1.0,0.0,1.0,1.0
7,205,1.2739683897869123,7.556514136395027,1.0,0.0,0.0,1.0,0.0,0.0
8,205,12.0,3.4535066892726927,1.0,0.0,0.0,0.0,0.0,0.0
9,205,1.7060257848747764,5.455396488968985,0.0,0.0,1.0,0.0,0.0,0.0
10,205,4.367176104689275,0.0,1.0,0.0,0.0,0.0,0.0,1.0
11,205,0.7523708415822041,12.0,0.0,1.0,0.0,1.0,1.0,0.0
12,205,1.9681419694774216,3.4640730232297803,0.0,0.0,1.0,0.0,0.0,0.0
13,205,4.918834178457475,4.013987501730668,1.0,1.0,0.0,0.0,0.0,0.0
14,205,1.1894539477980692,0.8127290236722297,0.0,1.0,1.0,0.0,0.0,0.0
15,205,11.678976907747364,3.346100216505372,0.0,1.0,0.0,0.0,0.0,0.0
16,205,10.607522026394005,0.5297490033067754,0.0,0.0,1.0,0.0,1.0,0.0
17,205,3.4949969703457664,3.0224061276751817,0.0,0.0,1.0,1.0,0.0,1.0
18,205,7.943630164568598,0.2162857752639354,0.0,1.0,0.0,1.0,0.0,1.0
19,205,6.497743725608768,9.431088830327496,1.0,1.0,1.0,0.0,0.0,1.0
20,205,11.063712326695857,10.270302137285352,0.0,0.0,0.0,0.0,1.0,1.0
21,205,0.0,2.0714450154603594,0.0,0.0,0.0,0.0,0.0,0.0
22,205,5.600745598770608,9.147867148351764,1.0,0.0,0.0,0.0,0.0,0.0
23,205,6.122517982700971,11.834672572627792,0.0,0.0,1.0,0.0,0.0,0.0
24,205,3.667963488259226,11.55474500808918,0.0,0.0,0.0,1.0,0.0,0.0
25,205,4.943194725185847,4.927097276670558,0.0,1.0,1.0,1.0,1.0,0.0
26,205,11.064638802568892,1.2116252005144243,0.0,1.0,0.0,0.0,1.0,0.0
27,205,7.598111773744017,7.50129706655878,0.0,0.0,1.0,1.0,0.0,0.0
28,205,6.080616343073419,0.219916877948462,0.0,0.0,0.0,1.0,1.0,0.0
29,205,0.0,9.17520227160384,1.0,1.0,1.0,1.0,0.0,0.0
30,205,5.340151993881992,6.292353087088472,0.0,0.0,1.0,0.0,1.0,0.0
31,205,3.7104214170644,9.26483146500506,1.0,0.0,1.0,1.0,1.0,0.0
32,205,11.65559688291312,12.0,1.0,0.0,1.0,1.0,0.0,1.0
33,205,0.0359498024096003,2.152593327971757,1.0,1.0,0.0,0.0,0.0,0.0
34,205,5.092988303936954,11.415063815434085,1.0,1.0,0.0,0.0,0.0,0.0
35,205,1.1386690976621727,9.574529806896058,1.0,0.0,0.0,0.0,1.0,0.0
36,205,4.160754961841458,6.302659002257861,1.0,1.0,0.0,0.0,1.0,0.0
37,205,8.45040781302777,7.620423358621797,1.0,0.0,1.0,0.0,0.0,1.0
38,205,4.280351992721139,4.660918085610454,0.0,1.0,0.0,0.0,0.0,0.0
39,205,9.83811517185811,1.7776999748946667,0.0,1.0,1.0,0.0,0.0,1.0
0,210,11.002915888968095,8.196851786115568,1.0,0.0,1.0,1.0,0.0,1.0
1,210,4.072154539574857,12.0,1.0,0.0,0.0,1.0,0.0,0.0
2,210,8.751285815274228,10.68587891693221,0.0,0.0,0.0,0.0,1.0,1.0
3,210,4.41610585390428,5.6346864608200296,0.0,1.0,0.0,0.0,1.0,0.0
4,210,11.693371620532014,5.206425689502831,0.0,1.0,0.0,1.0,1.0,0.0
5,210,0.0073476817441663,7.672291994498432,0.0,1.0,0.0,0.0,0.0,1.0
6,210,3.7976969975354233,0.0,0.0,0.0,1.0,0.0,1.0,1.0
7,210,1.2932565750882956,7.513519562038371,1.0,0.0,0.0,1.0,0.0,0.0
8,210,12.0,3.437955499109559,1.0,0.0,0.0,0.0,0.0,0.0
9,210,1.6653320442888984,5.474222500309868,0.0,0.0,1.0,0.0,0.0,0.0
10,210,4.439291612239358,0.0,1.0,0.0,0.0,0.0,0.0,1.0
11,210,0.8851336208142693,12.0,0.0,1.0,0.0,1.0,1.0,0.0
12,210,1.985788436900345,3.4707358781948154,0.0,0.0,1.0,0.0,0.0,0.0
13,210,5.018536095940241,3.9855661831166698,1.0,1.0,0.0,0.0,0.0,0.0
14,210,1.0650870927079723,0.8054442465989793,0.0,1.0,1.0,0.0,0.0,0.0
15,210,11.682883267189707,3.325254863194851,0.0,1.0,0.0,0.0,0.0,0.0
16,210,10.566875352972811,0.5556465843035795,0.0,0.0,1.0,0.0,1.0,0.0
17,210,3.555974829518284,3.005449138583899,0.0,0.0,1.0,1.0,0.0,1.0
18,210,8.03329465992293,0.1213186243717787,0.0,1.0,0.0,1.0,0.0,1.0
19,210,6.482379679243151,9.405895392715824,1.0,1.0,1.0,0.0,0.0,1.0
20,210,11.05484106234816,10.539116909212543,0.0,0.0,0.0,0.0,1.0,1.0
21,210,0.0,2.026581363596164,0.0,0.0,0.0,0.0,0.0,0.0
22,210,5.595464516251666,9.127601335321405,1.0,0.0,0.0,0.0,0.0,0.0
23,210,6.115471874627134,11.84064543424562,0.0,0.0,1.0,0.0,0.0,0.0
24,210,3.6823931962483543,11.560841193557726,0.0,0.0,0.0,1.0,0.0,0.0
25,210,4.969098670544179,5.004283635961725,0.0,1.0,1.0,1.0,1.0,0.0
26,210,10.989327883374065,1.231451176392994,0.0,1.0,0.0,0.0,1.0,0.0
27,210,7.532243085345592,7.619125265523907,0.0,0.0,1.0,1.0,0.0,0.0
28,210,6.115804314171871,0.2584149722639811,0.0,0.0,0.0,1.0,1.0,0.0
29,210,0.0,9.215396232111798,1.0,1.0,1.0,1.0,0.0,0.0
30,210,5.29833630167823,6.129811420116156,0.0,0.0,1.0,0.0,1.0,0.0
31,210,3.8528775701440696,9.28877839281354,1.0,0.0,1.0,1.0,1.0,0.0
32,210,11.782955538410707,12.0,1.0,0.0,1.0,1.0,0.0,1.0
33,210,0.0572898002895275,2.1399449043757226,1.0,1.0,0.0,0.0,0.0,0.0
34,210,5.023525931762408,11.437948320432737,1.0,1.0,0.0,0.0,0.0,0.0
35,210,1.1632289695416484,9.601767358246793,1.0,0.0,0.0,0.0,1.0,0.0
36,210,4.094232252375948,6.2778918393836864,1.0,1.0,0.0,0.0,1.0,0.0
37,210,8.618824309695135,7.798689644050889,1.0,0.0,1.0,0.0,0.0,1.0
38,210,4.217966344927609,4.719480268997951,0.0,1.0,0.0,0.0,0.0,0.0
39,210,9.835030455671896,1.800949184235745,0.0,1.0,1.0,0.0,0.0,1.0
0,215,11.03246618025634,8.22735783685144,1.0,0.0,1.0,1.0,0.0,1.0
1,215,4.040221300167656,12.0,1.0,0.0,0.0,1.0,0.0,0.0
2,215,8.793784072967592,10.752829960470734,0.0,0.0,0.0,0.0,1.0,1.0
3,215,4.456738738916137,5.653429008406862,0.0,1.0,0.0,0.0,1.0,0.0
4,215,11.673135510745238,5.23791258584667,0.0,1.0,0.0,1.0,1.0,0.0
5,215,0.0051062547827118,7.689604276095888,0.0,1.0,0.0,0.0,0.0,1.0
6,215,3.898910542667182,0.0,0.0,0.0,1.0,0.0,1.0,1.0
7,215,1.3078301524550968,7.477752794869431,1.0,0.0,0.0,1.0,0.0,0.0
8,215,12.0,3.429372787746792,1.0,0.0,0.0,0.0,0.0,0.0
9,215,1.6203285017961384,5.494917371736913,0.0,0.0,1.0,0.0,0.0,0.0
10,215,4.521392930497437,0.0,1.0,0.0,0.0,0.0,0.0,1.0
11,215,1.0108635224346365,12.0,0.0,1.0,0.0,1.0,1.0,0.0
12,215,2.0204098070209646,3.4854944625748314,0.0,0.0,1.0,0.0,0.0,0.0
13,215,5.124816424003287,3.954653794882709,1.0,1.0,0.0,0.0,0.0,0.0
14,215,0.9263340155670956,0.7963074668481301,0.0,1.0,1.0,0.0,0.0,0.0
15,215,11.685345392294815,3.3140875657011586,0.0,1.0,0.0,0.0,0.0,0.0
16,215,10.523206874887608,0.5836421536217019,0.0,0.0,1.0,0.0,1.0,0.0
17,215,3.629577805918085,2.983155381955845,0.0,0.0,1.0,1.0,0.0,1.0
18,215,8.121459141314961,0.0288669554442367,0.0,1.0,0.0,1.0,0.0,1.0
19,215,6.4709014781843965,9.413166730174344,1.0,1.0,1.0,0.0,0.0,1.0
20,215,11.0398152521264,10.833647268657469,0.0,0.0,0.0,0.0,1.0,1.0
21,215,0.0,1.9832375752691436,0.0,0.0,0.0,0.0,0.0,0.0
22,215,5.58024746061093,9.073560752806335,1.0,0.0,0.0,0.0,0.0,0.0
23,215,6.108927386074475,11.845874906363452,0.0,0.0,1.0,0.0,0.0,0.0
24,215,3.691088563770459,11.564377450120322,0.0,0.0,0.0,1.0,0.0,0.0
25,215,4.993971413523656,5.0768362023587725,0.0,1.0,1.0,1.0,1.0,0.0
26,215,10.914482095940974,1.255481393736582,0.0,1.0,0.0,0.0,1.0,0.0
27,215,7.472462899503053,7.731299402229645,0.0,0.0,1.0,1.0,0.0,0.0
28,215,6.122435915843082,0.2657672045456652,0.0,0.0,0.0,1.0,1.0,0.0
29,215,0.0,9.260814265045871,1.0,1.0,1.0,1.0,0.0,0.0
30,215,5.438858676989341,6.093264122807538,0.0,0.0,1.0,0.0,1.0,0.0
31,215,4.004343801940746,9.316338626006385,1.0,0.0,1.0,1.0,1.0,0.0
32,215,11.917805957039128,12.0,1.0,0.0,1.0,1.0,0.0,1.0
33,215,0.0518390414177227,2.143314678800481,1.0,1.0,0.0,0.0,0.0,0.0
34,215,4.936749478429794,11.467837039687272,1.0,1.0,0.0,0.0,0.0,0.0
35,215,1.1751330413126413,9.614333746996852,1.0,0.0,0.0,0.0,1.0,0.0
36,215,4.047524501670191,6.259840165661216,1.0,1.0,0.0,0.0,1.0,0.0
37,215,8.772663399577326,7.966000339902558,1.0,0.0,1.0,0.0,0.0,1.0
38,215,4.169649697993361,4.764300822740903,0.0,1.0,0.0,0.0,0.0,0.0
39,215,9.833743916246876,1.810780083078008,0.0,1.0,1.0,0.0,0.0,1.0
0,220,11.079651717793856,8.275531824155074,1.0,0.0,1.0,1.0,0.0,1.0
1,220,4.017858713070347,12.0,1.0,0.0,0.0,1.0,0.0,0.0
2,220,8.854601144822766,10.714703430313186,0.0,0.0,0.0,0.0,1.0,1.0
3,220,4.48680141762627,5.667225128345965,0.0,1.0,0.0,0.0,1.0,0.0
4,220,11.645874632768354,5.281118547366741,0.0,1.0,0.0,1.0,1.0,0.0
5,220,0.0073336252674296,7.674404507513141,0.0,1.0,0.0,0.0,0.0,1.0
6,220,3.999876322075663,0.0,0.0,0.0,1.0,0.0,1.0,1.0
7,220,1.3225284604609222,7.439866039011952,1.0,0.0,0.0,1.0,0.0,0.0
8,220,12.0,3.4202907902604904,1.0,0.0,0.0,0.0,0.0,0.0
9,220,1.5649165010765722,5.519598784642919,0.0,0.0,1.0,0.0,0.0,0.0
10,220,4.596646781472917,0.0,1.0,0.0,0.0,0.0,0.0,1.0
11,220,1.123680932984973,12.0,0.0,1.0,0.0,1.0,1.0,0.0
12,220,2.030139759456468,3.489444440505415,0.0,0.0,1.0,0.0,0.0,0.0
13,220,5.222462015814054,3.930126844699596,1.0,1.0,0.0,0.0,0.0,0.0
14,220,0.7889120529344236,0.7857772016954206,0.0,1.0,1.0,0.0,0.0,0.0
15,220,11.686767510831494,3.307440923070189,0.0,1.0,0.0,0.0,0.0,0.0
16,220,10.465057448663485,0.620840314683386,0.0,0.0,1.0,0.0,1.0,0.0
17,220,3.732728330918339,2.953250497426384,0.0,0.0,1.0,1.0,0.0,1.0
18,220,8.200905159166307,0.0,0.0,1.0,0.0,1.0,0.0,1.0
19,220,6.452329482613396,9.4241407274287,1.0,1.0,1.0,0.0,0.0,1.0
20,220,11.020305745490612,11.147623384073436,0.0,0.0,0.0,0.0,1.0,1.0
21,220,0.0,1.9364877926460131,0.0,0.0,0.0,0.0,0.0,0.0
22,220,5.566994132989487,9.025285129551769,1.0,0.0,0.0,0.0,0.0,0.0
23,220,6.11324710943772,11.842296379485887,0.0,0.0,1.0,0.0,0.0,0.0
24,220,3.679528153160864,11.559737280371577,0.0,0.0,0.0,1.0,0.0,0.0
25,220,5.021110856219107,5.1600523447476165,0.0,1.0,1.0,1.0,1.0,0.0
26,220,10.830834881296395,1.2830872664237214,0.0,1.0,0.0,0.0,1.0,0.0
27,220,7.409276451237643,7.858543608057388,0.0,0.0,1.0,1.0,0.0,0.0
28,220,6.138844442055351,0.2826248802872299,0.0,0.0,0.0,1.0,1.0,0.0
29,220,0.0,9.287049516165904,1.0,1.0,1.0,1.0,0.0,0.0
30,220,5.565428497701313,6.060442122221692,0.0,0.0,1.0,0.0,1.0,0.0
31,220,4.152610302461952,9.345731556553403,1.0,0.0,1.0,1.0,1.0,0.0
32,220,12.0,12.0,1.0,0.0,1.0,1.0,0.0,1.0
33,220,0.0615617995298297,2.137615294694974,1.0,1.0,0.0,0.0,0.0,0.0
34,220,4.867527233299124,11.490979725050236,1.0,1.0,0.0,0.0,0.0,0.0
35,220,1.1812401618155195,9.620737159781918,1.0,0.0,0.0,0.0,1.0,0.0
36,220,4.024694945473797,6.25028201467899,1.0,1.0,0.0,0.0,1.0,0.0
37,220,8.942547857026696,8.144030295048259,1.0,0.0,1.0,0.0,0.0,1.0
38,220,4.12105598120748,4.808036526939107,0.0,1.0,0.0,0.0,0.0,0.0
39,220,9.831119493693516,1.8335857330329004,0.0,1.0,1.0,0.0,0.0,1.0
0,225,11.113220914103128,8.310528850737011,1.0,0.0,1.0,1.0,0.0,1.0
1,225,3.994956187388251,12.0,1.0,0.0,0.0,1.0,0.0,0.0
2,225,8.898577990137419,10.687719423240289,0.0,0.0,0.0,0.0,1.0,1.0
3,225,4.508026115660071,5.676990712590989,0.0,1.0,0.0,0.0,1.0,0.0
4,225,11.620867912301945,5.319294398004302,0.0,1.0,0.0,1.0,1.0,0.0
5,225,0.0127395731667202,7.636706021548231,0.0,1.0,0.0,0.0,0.0,1.0
6,225,4.108297740036758,0.0,0.0,0.0,1.0,0.0,1.0,1.0
7,225,1.348503823619368,7.372960284179679,1.0,0.0,0.0,1.0,0.0,0.0
8,225,12.0,3.4053357265828943,1.0,0.0,0.0,0.0,0.0,0.0
9,225,1.5064028453256824,5.546237916441764,0.0,0.0,1.0,0.0,0.0,0.0
10,225,4.667584707798672,0.0,1.0,0.0,0.0,0.0,0.0,1.0
11,225,1.2301956014809945,12.0,0.0,1.0,0.0,1.0,1.0,0.0
12,225,2.0417940022281047,3.4939589708786336,0.0,0.0,1.0,0.0,0.0,0.0
13,225,5.332335725979296,3.903157967682139,1.0,1.0,0.0,0.0,0.0,0.0
14,225,0.6614929438820559,0.7812303923921851,0.0,1.0,1.0,0.0,0.0,0.0
15,225,11.696801666099171,3.263452410990569,0.0,1.0,0.0,0.0,0.0,0.0
16,225,10.398963202561568,0.6669688431443322,0.0,0.0,1.0,0.0,1.0,0.0
17,225,3.842522708148971,2.920967176174328,0.0,0.0,1.0,1.0,0.0,1.0
18,225,8.27680717896884,0.0,0.0,1.0,0.0,1.0,0.0,1.0
19,225,6.422341288353183,9.442023718662126,1.0,1.0,1.0,0.0,0.0,1.0
20,225,11.003469524242336,11.473437623629616,0.0,0.0,0.0,0.0,1.0,1.0
21,225,0.0,1.887435970533484,0.0,0.0,0.0,0.0,0.0,0.0
22,225,5.5544844727271085,8.976120630933664,1.0,0.0,0.0,0.0,0.0,0.0
23,225,6.104370858503361,11.84969118885911,0.0,0.0,1.0,0.0,0.0,0.0
24,225,3.6575714013306992,11.550691874688743,0.0,0.0,0.0,1.0,0.0,0.0
25,225,5.046590878659657,5.233357631599803,0.0,1.0,1.0,1.0,1.0,0.0
26,225,10.75366363980346,1.3093263995861166,0.0,1.0,0.0,0.0,1.0,0.0
27,225,7.341046559430609,7.988206032170831,0.0,0.0,1.0,1.0,0.0,0.0
28,225,6.163864644487468,0.3086357711075593,0.0,0.0,0.0,1.0,1.0,0.0
29,225,0.0,9.295804938546947,1.0,1.0,1.0,1.0,0.0,0.0
30,225,5.705115310724456,6.027189378510116,0.0,0.0,1.0,0.0,1.0,0.0
31,225,4.277917371983844,9.372515300919384,1.0,0.0,1.0,1.0,1.0,0.0
32,225,12.0,12.0,1.0,0.0,1.0,1.0,0.0,1.0
33,225,0.0738276686101934,2.130362255943004,1.0,1.0,0.0,0.0,0.0,0.0
34,225,4.788142514552191,11.51537253275706,1.0,1.0,0.0,0.0,0.0,0.0
35,225,1.1811665182806148,9.620662437411012,1.0,0.0,0.0,0.0,1.0,0.0
36,225,3.999985055063193,6.240313315522065,1.0,1.0,0.0,0.0,1.0,0.0
37,225,9.12544651221237,8.33026349938168,1.0,0.0,1.0,0.0,0.0,1.0
38,225,4.0809463742768575,4.845381838457016,0.0,1.0,0.0,0.0,0.0,0.0
39,225,9.827694416929551,1.8575261481820335,0.0,1.0,1.0,0.0,0.0,1.0
0,230,11.1435279427297,8.341099508728275,1.0,0.0,1.0,1.0,0.0,1.0
1,230,3.971380861732748,12.0,1.0,0.0,0.0,1.0,0.0,0.0
2,230,8.93327573930442,10.66465808639888,0.0,0.0,0.0,0.0,1.0,1.0
3,230,4.544004101174803,5.693530248023296,0.0,1.0,0.0,0.0,1.0,0.0
4,230,11.6062361814838,5.341273962825642,0.0,1.0,0.0,1.0,1.0,0.0
5,230,0.0197057288653171,7.596593857655032,0.0,1.0,0.0,0.0,0.0,1.0
6,230,4.2054740897168825,0.0,0.0,0.0,1.0,0.0,1.0,1.0
7,230,1.37492893436903,7.303118106605275,1.0,0.0,0.0,1.0,0.0,0.0
8,230,12.0,3.391861673915161,1.0,0.0,0.0,0.0,0.0,0.0
9,230,1.4291022241222295,5.579453003767332,0.0,0.0,1.0,0.0,0.0,0.0
10,230,4.736013649043375,0.0,1.0,0.0,0.0,0.0,0.0,1.0
11,230,1.3372140228181282,12.0,0.0,1.0,0.0,1.0,1.0,0.0
12,230,2.0500874509618687,3.497198906716169,0.0,0.0,1.0,0.0,0.0,0.0
13,230,5.435710282744671,3.878652729291181,1.0,1.0,0.0,0.0,0.0,0.0
14,230,0.5365548578296238,0.7764977913053143,0.0,1.0,1.0,0.0,0.0,0.0
15,230,11.707559344627418,3.2117102369644708,0.0,1.0,0.0,0.0,0.0,0.0
16,230,10.319688078031408,0.7226091723137896,0.0,0.0,1.0,0.0,1.0,0.0
17,230,3.955697845795726,2.886500808483788,0.0,0.0,1.0,1.0,0.0,1.0
18,230,8.358477709497327,0.0,0.0,1.0,0.0,1.0,0.0,1.0
19,230,6.381892112146954,9.466163579614513,1.0,1.0,1.0,0.0,0.0,1.0
20,230,10.981246520187067,11.782212308519414,0.0,0.0,0.0,0.0,1.0,1.0
21,230,0.0,1.838363641356055,0.0,0.0,0.0,0.0,0.0,0.0
22,230,5.540646861258475,8.923666007899854,1.0,0.0,0.0,0.0,0.0,0.0
23,230,6.0769570447408485,11.872704608763678,0.0,0.0,1.0,0.0,0.0,0.0
24,230,3.6131058263173146,11.532344776953352,0.0,0.0,0.0,1.0,0.0,0.0
25,230,5.077864357333405,5.327088603914151,0.0,1.0,1.0,1.0,1.0,0.0
26,230,10.655480860946655,1.3419339171406166,0.0,1.0,0.0,0.0,1.0,0.0
27,230,7.266738110817031,8.129744146167248,0.0,0.0,1.0,1.0,0.0,0.0
28,230,6.202463446377273,0.3466932237219199,0.0,0.0,0.0,1.0,1.0,0.0
29,230,0.0,9.317719238203168,1.0,1.0,1.0,1.0,0.0,0.0
30,230,5.833014126098495,5.9975465822023954,0.0,0.0,1.0,0.0,1.0,0.0
31,230,4.384360690701997,9.395651631257016,1.0,0.0,1.0,1.0,1.0,0.0
32,230,12.0,12.0,1.0,0.0,1.0,1.0,0.0,1.0
33,230,0.0776443969013064,2.1280592932976705,1.0,1.0,0.0,0.0,0.0,0.0
34,230,4.698900189195141,11.54049830598712,1.0,1.0,0.0,0.0,0.0,0.0
35,230,1.1726407358809117,9.61229651957049,1.0,0.0,0.0,0.0,1.0,0.0
36,230,3.9449730181683824,6.2174986782437225,1.0,1.0,0.0,0.0,1.0,0.0
37,230,9.29388080267464,8.505705578497565,1.0,0.0,1.0,0.0,0.0,1.0
38,230,4.047152798056063,4.877242761141389,0.0,1.0,0.0,0.0,0.0,0.0
39,230,9.823972645684394,1.887069471481926,0.0,1.0,1.0,0.0,0.0,1.0
0,235,11.1663344408358,8.363701536562944,1.0,0.0,1.0,1.0,0.0,1.0
1,235,3.951429199493355,12.0,1.0,0.0,0.0,1.0,0.0,0.0
2,235,8.93962746483375,10.660437620653852,0.0,0.0,0.0,0.0,1.0,1.0
3,235,4.564182172782185,5.702491880953894,0.0,1.0,0.0,0.0,1.0,0.0
4,235,11.586832498029082,5.371660571971129,0.0,1.0,0.0,1.0,1.0,0.0
5,235,0.0288649214805161,7.550967570001602,0.0,1.0,0.0,0.0,0.0,1.0
6,235,4.308833485466344,0.0,0.0,0.0,1.0,0.0,1.0,1.0
7,235,1.3986823017490553,7.236082413210673,1.0,0.0,0.0,1.0,0.0,0.0
8,235,12.0,3.383518208065431,1.0,0.0,0.0,0.0,0.0,0.0
9,235,1.3617656961988416,5.609549565837886,0.0,0.0,1.0,0.0,0.0,0.0
10,235,4.795789408094628,0.0,1.0,0.0,0.0,0.0,0.0,1.0
11,235,1.442618081608227,12.0,0.0,1.0,0.0,1.0,1.0,0.0
12,235,2.046264093454821,3.4957203764210507,0.0,0.0,1.0,0.0,0.0,0.0
13,235,5.538096112448708,3.854498675573848,1.0,1.0,0.0,0.0,0.0,0.0
14,235,0.4124660285218788,0.7721007916285568,0.0,1.0,1.0,0.0,0.0,0.0
15,235,11.677451684155038,3.2048503604125544,0.0,1.0,0.0,0.0,0.0,0.0
16,235,10.242546691757145,0.7756326885150421,0.0,0.0,1.0,0.0,1.0,0.0
17,235,4.076191419852457,2.8487822374456755,0.0,0.0,1.0,1.0,0.0,1.0
18,235,8.440965569941486,0.0,0.0,1.0,0.0,1.0,0.0,1.0
19,235,6.350807159414667,9.415335927711691,1.0,1.0,1.0,0.0,0.0,1.0
20,235,10.952592953275634,12.0,0.0,0.0,0.0,0.0,1.0,1.0
21,235,0.0,1.7891984327525654,0.0,0.0,0.0,0.0,0.0,0.0
22,235,5.525395658629,8.868023777026583,1.0,0.0,0.0,0.0,0.0,0.0
23,235,6.055147104548327,11.890303654857862,0.0,0.0,1.0,0.0,0.0,0.0
24,235,3.597961750465382,11.525885750737867,0.0,0.0,0.0,1.0,0.0,0.0
25,235,5.108752598391707,5.422910682223788,0.0,1.0,1.0,1.0,1.0,0.0
26,235,10.554073704501835,1.376129227574575,0.0,1.0,0.0,0.0,1.0,0.0
27,235,7.201590177734415,8.25601461332433,0.0,0.0,1.0,1.0,0.0,0.0
28,235,6.235117637777705,0.3766521347367915,0.0,0.0,0.0,1.0,1.0,0.0
29,235,0.0,9.348411350895418,1.0,1.0,1.0,1.0,0.0,0.0
30,235,5.9663873725179055,5.969394104706771,0.0,0.0,1.0,0.0,1.0,0.0
31,235,4.496948395479024,9.415709602455754,1.0,0.0,1.0,1.0,1.0,0.0
32,235,12.0,12.0,1.0,0.0,1.0,1.0,0.0,1.0
33,235,0.0862552641775033,2.1228594336796016,1.0,1.0,0.0,0.0,0.0,0.0
34,235,4.609402115978461,11.565788078544244,1.0,1.0,0.0,0.0,0.0,0.0
35,235,1.1489326755089824,9.5889181759101,1.0,0.0,0.0,0.0,1.0,0.0
36,235,3.876807487508947,6.189476956042537,1.0,1.0,0.0,0.0,1.0,0.0
37,235,9.473303416298249,8.694727412199567,1.0,0.0,1.0,0.0,0.0,1.0
38,235,4.004140277626152,4.917926079358486,0.0,1.0,0.0,0.0,0.0,0.0
39,235,9.818655789712496,1.933554841436376,0.0,1.0,1.0,0.0,0.0,1.0
0,240,11.204889831261116,8.4036753673968,1.0,0.0,1.0,1.0,0.0,1.0
1,240,3.9337346277334406,12.0,1.0,0.0,0.0,1.0,0.0,0.0
2,240,8.936156243855452,10.662736893408905,0.0,0.0,0.0,0.0,1.0,1.0
3,240,4.580548399854063,5.709874945183854,0.0,1.0,0.0,0.0,1.0,0.0
4,240,11.572359571921016,5.393222581868291,0.0,1.0,0.0,1.0,1.0,0.0
5,240,0.0399202385155867,7.500190399510654,0.0,1.0,0.0,0.0,0.0,1.0
6,240,4.397624524191279,0.0,0.0,0.0,1.0,0.0,1.0,1.0
7,240,1.4209761465105006,7.175670669154528,1.0,0.0,0.0,1.0,0.0,0.0
8,240,12.0,3.375697473389195,1.0,0.0,0.0,0.0,0.0,0.0
9,240,1.301410869151257,5.63557294806374,0.0,0.0,1.0,0.0,0.0,0.0
10,240,4.8518499105939945,0.0,1.0,0.0,0.0,0.0,0.0,1.0
11,240,1.5648465681569284,12.0,0.0,1.0,0.0,1.0,1.0,0.0
12,240,2.0485178072635484,3.49656272194247,0.0,0.0,1.0,0.0,0.0,0.0
13,240,5.650680161661204,3.829920902844673,1.0,1.0,0.0,0.0,0.0,0.0
14,240,0.2864026716755811,0.769134232907492,0.0,1.0,1.0,0.0,0.0,0.0
15,240,11.64131063595752,3.1961125556545964,0.0,1.0,0.0,0.0,0.0,0.0
16,240,10.180646621543875,0.819452892702254,0.0,0.0,1.0,0.0,1.0,0.0
17,240,4.169606907964833,2.8202107641550502,0.0,0.0,1.0,1.0,0.0,1.0
18,240,8.520164082698512,0.0,0.0,1.0,0.0,1.0,0.0,1.0
19,240,6.324625852106599,9.374404047223964,1.0,1.0,1.0,0.0,0.0,1.0
20,240,10.936936698421317,12.0,0.0,0.0,0.0,0.0,1.0,1.0
21,240,0.0,1.7329079168947463,0.0,0.0,0.0,0.0,0.0,0.0
22,240,5.507357180594431,8.804414084266673,1.0,0.0,0.0,0.0,0.0,0.0
23,240,6.017802399019052,11.919955548630876,0.0,0.0,1.0,0.0,0.0,0.0
24,240,3.578478736761567,11.516999572700168,0.0,0.0,0.0,1.0,0.0,0.0
25,240,5.130692562694739,5.492900245604421,0.0,1.0,1.0,1.0,1.0,0.0
26,240,10.442632508324492,1.4140817476098884,0.0,1.0,0.0,0.0,1.0,0.0
27,240,7.138167922895105,8.373797669533424,0.0,0.0,1.0,1.0,0.0,0.0
28,240,6.267366138678316,0.4073095769651627,0.0,0.0,0.0,1.0,1.0,0.0
29,240,0.0,9.381750862812249,1.0,1.0,1.0,1.0,0.0,0.0
30,240,6.100527854113377,5.9354954649739256,0.0,0.0,1.0,0.0,1.0,0.0
31,240,4.611457213357902,9.439836124356988,1.0,0.0,1.0,1.0,1.0,0.0
32,240,12.0,12.0,1.0,0.0,1.0,1.0,0.0,1.0
33,240,0.1022357109958362,2.1129755846631864,1.0,1.0,0.0,0.0,0.0,0.0
34,240,4.5177652516704585,11.59365807711977,1.0,1.0,0.0,0.0,0.0,0.0
35,240,1.1247030595392744,9.564534597979591,1.0,0.0,0.0,0.0,1.0,0.0
36,240,3.809659204362986,6.162344468260815,1.0,1.0,0.0,0.0,1.0,0.0
37,240,9.6505792745569,8.880510416432676,1.0,0.0,1.0,0.0,0.0,1.0
38,240,3.970983341472612,4.948604175757425,0.0,1.0,0.0,0.0,0.0,0.0
39,240,9.814277598240144,1.9808717012581485,0.0,1.0,1.0,0.0,0.0,1.0
0,245,11.252192030448231,8.45366688118269,1.0,0.0,1.0,1.0,0.0,1.0
1,245,3.924809989780695,12.0,1.0,0.0,0.0,1.0,0.0,0.0
2,245,8.922612018630256,10.67169245579275,0.0,0.0,0.0,0.0,1.0,1.0
3,245,4.587548721544605,5.713155814107273,0.0,1.0,0.0,0.0,1.0,0.0
4,245,11.54968667010121,5.428481131071259,0.0,1.0,0.0,1.0,1.0,0.0
5,245,0.0488951375438629,7.455804456706367,0.0,1.0,0.0,0.0,0.0,1.0
6,245,4.489926270963365,0.0,0.0,0.0,1.0,0.0,1.0,1.0
7,245,1.4440436468742184,7.113505007518371,1.0,0.0,0.0,1.0,0.0,0.0
8,245,12.0,3.368128140924957,1.0,0.0,0.0,0.0,0.0,0.0
9,245,1.2506619564782722,5.656283394420787,0.0,0.0,1.0,0.0,0.0,0.0
10,245,4.908474179656083,0.0,1.0,0.0,0.0,0.0,0.0,1.0
11,245,1.684463188153791,12.0,0.0,1.0,0.0,1.0,1.0,0.0
12,245,2.0421639933367395,3.494025717662442,0.0,0.0,1.0,0.0,0.0,0.0
13,245,5.771531763439818,3.801584151693231,1.0,1.0,0.0,0.0,0.0,0.0
14,245,0.1587673631671776,0.763656881749448,0.0,1.0,1.0,0.0,0.0,0.0
15,245,11.595419217422196,3.1847980941222103,0.0,1.0,0.0,0.0,0.0,0.0
16,245,10.121075055097435,0.8637047985750945,0.0,0.0,1.0,0.0,1.0,0.0
17,245,4.253796471065884,2.7950087966045354,0.0,0.0,1.0,1.0,0.0,1.0
18,245,8.587671097135317,0.0,0.0,1.0,0.0,1.0,0.0,1.0
19,245,6.297450005687013,9.33363730325083,1.0,1.0,1.0,0.0,0.0,1.0
20,245,10.917277256259066,12.0,0.0,0.0,0.0,0.0,1.0,1.0
21,245,0.0,1.6887378692947252,0.0,0.0,0.0,0.0,0.0,0.0
22,245,5.493248778542097,8.74854303212211,1.0,0.0,0.0,0.0,0.0,0.0
23,245,5.983502917714812,11.948447359869087,0.0,0.0,1.0,0.0,0.0,0.0
24,245,3.560551000138829,11.508255385715032,0.0,0.0,0.0,1.0,0.0,0.0
25,245,5.157409362095061,5.574628922012951,0.0,1.0,1.0,1.0,1.0,0.0
26,245,10.341214588943105,1.4484789938328828,0.0,1.0,0.0,0.0,1.0,0.0
27,245,7.086414723449408,8.471460683603834,0.0,0.0,1.0,1.0,0.0,0.0
28,245,6.280036137238252,0.4192373382174431,0.0,0.0,0.0,1.0,1.0,0.0
29,245,0.0,9.415399683513929,1.0,1.0,1.0,1.0,0.0,0.0
30,245,6.235935505871486,5.905466596220025,0.0,0.0,1.0,0.0,1.0,0.0
31,245,4.711904939563166,9.46031724431101,1.0,0.0,1.0,1.0,1.0,0.0
32,245,12.0,12.0,1.0,0.0,1.0,1.0,0.0,1.0
33,245,0.109087036115118,2.108500004976368,1.0,1.0,0.0,0.0,0.0,0.0
34,245,4.408914852990013,11.626514895279811,1.0,1.0,0.0,0.0,0.0,0.0
35,245,1.116168290622951,9.556035499376216,1.0,0.0,0.0,0.0,1.0,0.0
36,245,3.729208571236701,6.130449985898811,1.0,1.0,0.0,0.0,1.0,0.0
37,245,9.827776279161863,9.064782786395668,1.0,0.0,1.0,0.0,0.0,1.0
38,245,3.939540866710205,4.978563660059862,0.0,1.0,0.0,0.0,0.0,0.0
39,245,9.811380683343977,2.015031933792907,0.0,1.0,1.0,0.0,0.0,1.0
0,250,11.300550500301668,8.50261506047993,1.0,0.0,1.0,1.0,0.0,1.0
1,250,3.91855344985986,12.0,1.0,0.0,0.0,1.0,0.0,0.0
2,250,8.91373140973145,10.676993887534042,0.0,0.0,0.0,0.0,1.0,1.0
3,250,4.613491202494303,5.7246211034766805,0.0,1.0,0.0,0.0,1.0,0.0
4,250,11.522655097091995,5.472154562580303,0.0,1.0,0.0,1.0,1.0,0.0
5,250,0.0572827440801185,7.413258000835914,0.0,1.0,0.0,0.0,0.0,1.0
6,250,4.573889944811593,0.0,0.0,0.0,1.0,0.0,1.0,1.0
7,250,1.4630013072035608,7.065289639725727,1.0,0.0,0.0,1.0,0.0,0.0
8,250,12.0,3.3554439209823115,1.0,0.0,0.0,0.0,0.0,0.0
9,250,1.2070321586272037,5.673506905859234,0.0,0.0,1.0,0.0,0.0,0.0
10,250,4.942375325632852,0.0,1.0,0.0,0.0,0.0,0.0,1.0
11,250,1.814164899154834,12.0,0.0,1.0,0.0,1.0,1.0,0.0
12,250,2.044358300549462,3.4948534460021445,0.0,0.0,1.0,0.0,0.0,0.0
13,250,5.890764665933189,3.7736530917497686,1.0,1.0,0.0,0.0,0.0,0.0
14,250,0.0241530079031389,0.7609973752431476,0.0,1.0,1.0,0.0,0.0,0.0
15,250,11.565274629199449,3.1765574858250427,0.0,1.0,0.0,0.0,0.0,0.0
16,250,10.053284459229658,0.9125469091978528,0.0,0.0,1.0,0.0,1.0,0.0
17,250,4.339736123175194,2.7714912227984203,0.0,0.0,1.0,1.0,0.0,1.0
18,250,8.653170351964242,0.0,0.0,1.0,0.0,1.0,0.0,1.0
19,250,6.263037153308751,9.280770827457838,1.0,1.0,1.0,0.0,0.0,1.0
20,250,10.899633365592315,12.0,0.0,0.0,0.0,0.0,1.0,1.0
21,250,0.0,1.650950125724989,0.0,0.0,0.0,0.0,0.0,0.0
22,250,5.483733676205075,8.70662901810137,1.0,0.0,0.0,0.0,0.0,0.0
23,250,5.9557563552468125,11.969616701982726,0.0,0.0,1.0,0.0,0.0,0.0
24,250,3.5662576477827024,11.511022980133133,0.0,0.0,0.0,1.0,0.0,0.0
25,250,5.181865323973863,5.650039589062446,0.0,1.0,1.0,1.0,1.0,0.0
26,250,10.240988915148288,1.4826070893942986,0.0,1.0,0.0,0.0,1.0,0.0
27,250,7.030145276316471,8.578180863916113,0.0,0.0,1.0,1.0,0.0,0.0
28,250,6.296898814797742,0.4348192878002684,0.0,0.0,0.0,1.0,1.0,0.0
29,250,0.0,9.439434285899038,1.0,1.0,1.0,1.0,0.0,0.0
30,250,6.356312098706344,5.883341021310416,0.0,0.0,1.0,0.0,1.0,0.0
31,250,4.813767535086207,9.481982003003624,1.0,0.0,1.0,1.0,1.0,0.0
32,250,12.0,12.0,1.0,0.0,1.0,1.0,0.0,1.0
33,250,0.1135660712641844,2.105573207268248,1.0,1.0,0.0,0.0,0.0,0.0
34,250,4.283168859014463,11.66370477405578,1.0,1.0,0.0,0.0,0.0,0.0
35,250,1.1161020467120832,9.55596762579754,1.0,0.0,0.0,0.0,1.0,0.0
36,250,3.645822525419062,6.097127666744976,1.0,1.0,0.0,0.0,1.0,0.0
37,250,9.995978524183432,9.231997567750977,1.0,0.0,1.0,0.0,0.0,1.0
38,250,3.904565495220026,5.011783712650278,0.0,1.0,0.0,0.0,0.0,0.0
39,250,9.809809055401582,2.040939469990537,0.0,1.0,1.0,0.0,0.0,1.0
0,255,11.341839411393824,8.545028316232957,1.0,0.0,1.0,1.0,0.0,1.0
1,255,3.9095764532281674,12.0,1.0,0.0,0.0,1.0,0.0,0.0
2,255,8.901310872898812,10.68471194742297,0.0,0.0,0.0,0.0,1.0,1.0
3,255,4.6703029117707935,5.748699782017681,0.0,1.0,0.0,0.0,1.0,0.0
4,255,11.492731931322602,5.517909260183572,0.0,1.0,0.0,1.0,1.0,0.0
5,255,0.0652778172083968,7.365875939520377,0.0,1.0,0.0,0.0,0.0,1.0
6,255,4.657160867604508,0.0,0.0,0.0,1.0,0.0,1.0,1.0
7,255,1.4869609765079137,7.00500622232846,1.0,0.0,0.0,1.0,0.0,0.0
8,255,12.0,3.340446187449888,1.0,0.0,0.0,0.0,0.0,0.0
9,255,1.1799843823690572,5.684016173274473,0.0,0.0,1.0,0.0,0.0,0.0
10,255,4.973373660647176,0.0,1.0,0.0,0.0,0.0,0.0,1.0
11,255,1.946151947714538,12.0,0.0,1.0,0.0,1.0,1.0,0.0
12,255,2.042637907239273,3.4941870600208427,0.0,0.0,1.0,0.0,0.0,0.0
13,255,5.99529086080413,3.752190149394111,1.0,1.0,0.0,0.0,0.0,0.0
14,255,0.0,0.7608605082266704,0.0,1.0,1.0,0.0,0.0,0.0
15,255,11.53291553002943,3.1682285667778047,0.0,1.0,0.0,0.0,0.0,0.0
16,255,9.970892623083284,0.970029956308294,0.0,0.0,1.0,0.0,1.0,0.0
17,255,4.4321053257224845,2.745860019067741,0.0,0.0,1.0,1.0,0.0,1.0
18,255,8.726988913634223,0.0,0.0,1.0,0.0,1.0,0.0,1.0
19,255,6.23073058586155,9.236490653858034,1.0,1.0,1.0,0.0,0.0,1.0
20,255,10.88299142033637,12.0,0.0,0.0,0.0,0.0,1.0,1.0
21,255,0.0,1.613774764421132,0.0,0.0,0.0,0.0,0.0,0.0
22,255,5.474141815353306,8.670631010795466,1.0,0.0,0.0,0.0,0.0,0.0
23,255,5.934502805906825,11.985895707129004,0.0,0.0,1.0,0.0,0.0,0.0
24,255,3.577623757328791,11.51624097311558,0.0,0.0,0.0,1.0,0.0,0.0
25,255,5.198448753503275,5.704285378912365,0.0,1.0,1.0,1.0,1.0,0.0
26,255,10.134041937926945,1.5174913504171206,0.0,1.0,0.0,0.0,1.0,0.0
27,255,6.980751697603755,8.671728742033876,0.0,0.0,1.0,1.0,0.0,0.0
28,255,6.325199333142138,0.4612861156023665,0.0,0.0,0.0,1.0,1.0,0.0
29,255,0.0,9.461051833939592,1.0,1.0,1.0,1.0,0.0,0.0
30,255,6.475583706734066,5.860802960099987,0.0,0.0,1.0,0.0,1.0,0.0
31,255,4.91521825249787,9.50050861530597,1.0,0.0,1.0,1.0,1.0,0.0
32,255,12.0,12.0,1.0,0.0,1.0,1.0,0.0,1.0
33,255,0.1209772866311279,2.10043023317425,1.0,1.0,0.0,0.0,0.0,0.0
34,255,4.110422867117778,11.712185862645963,1.0,1.0,0.0,0.0,0.0,0.0
35,255,1.1031573318391985,9.542565935142678,1.0,0.0,0.0,0.0,1.0,0.0
36,255,3.5659306104059407,6.0630768728971605,1.0,1.0,0.0,0.0,1.0,0.0
37,255,10.18601316469658,9.417016489354332,1.0,0.0,1.0,0.0,0.0,1.0
38,255,3.88970823866086,5.025890659287174,0.0,1.0,0.0,0.0,0.0,0.0
39,255,9.808180924976991,2.064326890462806,0.0,1.0,1.0,0.0,0.0,1.0
0,260,11.392877675922696,8.597252198081648,1.0,0.0,1.0,1.0,0.0,1.0
1,260,3.898745747570896,12.0,1.0,0.0,0.0,1.0,0.0,0.0
2,260,8.869654246203188,10.704947161541266,0.0,0.0,0.0,0.0,1.0,1.0
3,260,4.732250680849339,5.7752997991424415,0.0,1.0,0.0,0.0,1.0,0.0
4,260,11.468110809343164,5.554549081880957,0.0,1.0,0.0,1.0,1.0,0.0
5,260,0.0709393365767176,7.339703698219311,0.0,1.0,0.0,0.0,0.0,1.0
6,260,4.728428828070253,0.0,0.0,0.0,1.0,0.0,1.0,1.0
7,260,1.5082263468731412,6.949257803093655,1.0,0.0,0.0,1.0,0.0,0.0
8,260,12.0,3.332269216429323,1.0,0.0,0.0,0.0,0.0,0.0
9,260,1.138082618842426,5.701530941932666,0.0,0.0,1.0,0.0,0.0,0.0
10,260,5.001819507113993,0.0,1.0,0.0,0.0,0.0,0.0,1.0
11,260,2.085911479518282,12.0,0.0,1.0,0.0,1.0,1.0,0.0
12,260,2.039015533390224,3.492820067958496,0.0,0.0,1.0,0.0,0.0,0.0
13,260,6.103958994741502,3.7314768675880408,1.0,1.0,0.0,0.0,0.0,0.0
14,260,0.0,0.7643288610093689,0.0,1.0,1.0,0.0,0.0,0.0
15,260,11.501667194473509,3.161410398095578,0.0,1.0,0.0,0.0,0.0,0.0
16,260,9.891051808200343,1.0281411208407267,0.0,0.0,1.0,0.0,1.0,0.0
17,260,4.507817226178512,2.7259327507880933,0.0,0.0,1.0,1.0,0.0,1.0
18,260,8.797033343577525,0.0,0.0,1.0,0.0,1.0,0.0,1.0
19,260,6.183634048433747,9.17541420501895,1.0,1.0,1.0,0.0,0.0,1.0
20,260,10.865396477797388,12.0,0.0,0.0,0.0,0.0,1.0,1.0
21,260,0.0,1.5731075214875607,0.0,0.0,0.0,0.0,0.0,0.0
22,260,5.46429868224889,8.635553575586778,1.0,0.0,0.0,0.0,0.0,0.0
23,260,5.906471453811742,12.0,0.0,0.0,1.0,0.0,0.0,0.0
24,260,3.5936882686500624,11.523957959264685,0.0,0.0,0.0,1.0,0.0,0.0
25,260,5.21329744084065,5.7546990817726655,0.0,1.0,1.0,1.0,1.0,0.0
26,260,10.058976328501712,1.54198168093291,0.0,1.0,0.0,0.0,1.0,0.0
27,260,6.941928922785355,8.745685612391028,0.0,0.0,1.0,1.0,0.0,0.0
28,260,6.34475862595545,0.4797643293677306,0.0,0.0,0.0,1.0,1.0,0.0
29,260,0.0,9.47543754137268,1.0,1.0,1.0,1.0,0.0,0.0
30,260,6.607069576628645,5.834587593366851,0.0,0.0,1.0,0.0,1.0,0.0
31,260,5.03416348654218,9.520142369845669,1.0,0.0,1.0,1.0,1.0,0.0
32,260,12.0,12.0,1.0,0.0,1.0,1.0,0.0,1.0
33,260,0.1352008357345366,2.090011008672077,1.0,1.0,0.0,0.0,0.0,0.0
34,260,3.928234234522135,11.767859479415916,1.0,1.0,0.0,0.0,0.0,0.0
35,260,1.0967985672354152,9.536134429660194,1.0,0.0,0.0,0.0,1.0,0.0
36,260,3.502170078403417,6.033906391884027,1.0,1.0,0.0,0.0,1.0,0.0
37,260,10.37585287126704,9.606947954523164,1.0,0.0,1.0,0.0,0.0,1.0
38,260,3.8694927761346207,5.04514140438758,0.0,1.0,0.0,0.0,0.0,0.0
39,260,9.80727494566182,2.09233467128735,0.0,1.0,1.0,0.0,0.0,1.0
0,265,11.43267069906594,8.637723683424019,1.0,0.0,1.0,1.0,0.0,1.0
1,265,3.8877447249429657,12.0,1.0,0.0,0.0,1.0,0.0,0.0
2,265,8.831992242868862,10.72937529887369,0.0,0.0,0.0,0.0,1.0,1.0
3,265,4.8181481857032615,5.808802484273652,0.0,1.0,0.0,0.0,1.0,0.0
4,265,11.44420955730709,5.588820032578608,0.0,1.0,0.0,1.0,1.0,0.0
5,265,0.0715088792020873,7.336948413331627,0.0,1.0,0.0,0.0,0.0,1.0
6,265,4.8078169707928,0.0,0.0,0.0,1.0,0.0,1.0,1.0
7,265,1.524111134443754,6.909525502894967,1.0,0.0,0.0,1.0,0.0,0.0
8,265,12.0,3.32047281806368,1.0,0.0,0.0,0.0,0.0,0.0
9,265,1.1127019223612544,5.712515033346267,0.0,0.0,1.0,0.0,0.0,0.0
10,265,5.019300207553179,0.0,1.0,0.0,0.0,0.0,0.0,1.0
11,265,2.231717383589365,12.0,0.0,1.0,0.0,1.0,1.0,0.0
12,265,2.0227939304819023,3.487266058052454,0.0,0.0,1.0,0.0,0.0,0.0
13,265,6.081545755338397,3.62146670180475,1.0,1.0,0.0,0.0,0.0,0.0
14,265,0.0,0.7668952079405262,0.0,1.0,1.0,0.0,0.0,0.0
15,265,11.44230723712419,3.1483386387580574,0.0,1.0,0.0,0.0,0.0,0.0
16,265,9.797771868232294,1.0933012612570945,0.0,0.0,1.0,0.0,1.0,0.0
17,265,4.578842351867295,2.7073764049091515,0.0,0.0,1.0,1.0,0.0,1.0
18,265,8.869392820651605,0.0,0.0,1.0,0.0,1.0,0.0,1.0
19,265,6.123086224591424,9.092294606729864,1.0,1.0,1.0,0.0,0.0,1.0
20,265,10.84144929817974,12.0,0.0,0.0,0.0,0.0,1.0,1.0
21,265,0.0,1.5378483389395894,0.0,0.0,0.0,0.0,0.0,0.0
22,265,5.456392313062189,8.605224683504783,1.0,0.0,0.0,0.0,0.0,0.0
23,265,5.871665723350845,12.0,0.0,0.0,1.0,0.0,0.0,0.0
24,265,3.605680217040304,11.529434415907462,0.0,0.0,0.0,1.0,0.0,0.0
25,265,5.223059438169604,5.788362475350982,0.0,1.0,1.0,1.0,1.0,0.0
26,265,9.955234028164504,1.57522419288896,0.0,1.0,0.0,0.0,1.0,0.0
27,265,6.899990208947558,8.826217471223691,0.0,0.0,1.0,1.0,0.0,0.0
28,265,6.349004677700647,0.4838533312460794,0.0,0.0,0.0,1.0,1.0,0.0
29,265,0.0038653182494178,9.463919385340708,1.0,1.0,1.0,1.0,0.0,0.0
30,265,6.737745423324856,5.804808083785312,0.0,0.0,1.0,0.0,1.0,0.0
31,265,5.014999344016167,9.642100554870884,1.0,0.0,1.0,1.0,1.0,0.0
32,265,12.0,12.0,1.0,0.0,1.0,1.0,0.0,1.0
33,265,0.1365479241992688,2.089032536309107,1.0,1.0,0.0,0.0,0.0,0.0
34,265,3.734091667099165,11.828958078501552,1.0,1.0,0.0,0.0,0.0,0.0
35,265,1.100313220501048,9.539718804530407,1.0,0.0,0.0,0.0,1.0,0.0
36,265,3.416236595519654,5.993710999136376,1.0,1.0,0.0,0.0,1.0,0.0
37,265,10.568582270897965,9.796185159902068,1.0,0.0,1.0,0.0,0.0,1.0
38,265,3.852593634813642,5.061995597034549,0.0,1.0,0.0,0.0,0.0,0.0
39,265,9.80617901834546,2.1110464746571287,0.0,1.0,1.0,0.0,0.0,1.0
0,270,11.463978991438134,8.66989297033249,1.0,0.0,1.0,1.0,0.0,1.0
1,270,3.8777881204119806,12.0,1.0,0.0,0.0,1.0,0.0,0.0
2,270,8.787661157390493,10.7558747075153,0.0,0.0,0.0,0.0,1.0,1.0
3,270,4.904962121214637,5.843148382837867,0.0,1.0,0.0,0.0,1.0,0.0
4,270,11.423541871478042,5.618251153973549,0.0,1.0,0.0,1.0,1.0,0.0
5,270,0.0754285883092247,7.316951545223451,0.0,1.0,0.0,0.0,0.0,1.0
6,270,4.895328310887741,0.0,0.0,0.0,1.0,0.0,1.0,1.0
7,270,1.5370606865034473,6.877649208603353,1.0,0.0,0.0,1.0,0.0,0.0
8,270,12.0,3.3086974659386184,1.0,0.0,0.0,0.0,0.0,0.0
9,270,1.0801310096422228,5.726859373391447,0.0,0.0,1.0,0.0,0.0,0.0
10,270,5.034948482272953,0.0,1.0,0.0,0.0,0.0,0.0,1.0
11,270,2.361774952614057,12.0,0.0,1.0,0.0,1.0,1.0,0.0
12,270,2.0204493814258964,3.486433937726146,0.0,0.0,1.0,0.0,0.0,0.0
13,270,6.062333310592772,3.523970557276424,1.0,1.0,0.0,0.0,0.0,0.0
14,270,0.0,0.7677585117674202,0.0,1.0,1.0,0.0,0.0,0.0
15,270,11.382716686495533,3.1362768105835337,0.0,1.0,0.0,0.0,0.0,0.0
16,270,9.705503797246688,1.1576981792294003,0.0,0.0,1.0,0.0,1.0,0.0
17,270,4.635880198675638,2.69206282173987,0.0,0.0,1.0,1.0,0.0,1.0
18,270,8.925814709217997,0.0,0.0,1.0,0.0,1.0,0.0,1.0
19,270,6.04793318966632,8.992025388371125,1.0,1.0,1.0,0.0,0.0,1.0
20,270,10.816855861605587,12.0,0.0,0.0,0.0,0.0,1.0,1.0
21,270,0.0,1.4843194576678984,0.0,0.0,0.0,0.0,0.0,0.0
22,270,5.451628291128973,8.588090972206261,1.0,0.0,0.0,0.0,0.0,0.0
23,270,5.832444185886473,12.0,0.0,0.0,1.0,0.0,0.0,0.0
24,270,3.618945886746946,11.535647149274268,0.0,0.0,0.0,1.0,0.0,0.0
25,270,5.2274580172397815,5.803012685280864,0.0,1.0,1.0,1.0,1.0,0.0
26,270,9.873586843046388,1.6008221444867032,0.0,1.0,0.0,0.0,1.0,0.0
27,270,6.8576836745787215,8.906672587941587,0.0,0.0,1.0,1.0,0.0,0.0
28,270,6.36526080289997,0.5009436700089336,0.0,0.0,0.0,1.0,1.0,0.0
29,270,0.0001476317439568,9.475572865485043,1.0,1.0,1.0,1.0,0.0,0.0
30,270,6.876473895172039,5.774862729206975,0.0,0.0,1.0,0.0,1.0,0.0
31,270,4.993979545745738,9.770194488740556,1.0,0.0,1.0,1.0,1.0,0.0
32,270,12.0,12.0,1.0,0.0,1.0,1.0,0.0,1.0
33,270,0.1448239069249786,2.083076194175343,1.0,1.0,0.0,0.0,0.0,0.0
34,270,3.5462773624668267,11.887192051617646,1.0,1.0,0.0,0.0,0.0,0.0
35,270,1.1127565823336008,9.552204523074234,1.0,0.0,0.0,0.0,1.0,0.0
36,270,3.332507213454578,5.954886584394988,1.0,1.0,0.0,0.0,1.0,0.0
37,270,10.762189846632795,9.985511697919634,1.0,0.0,1.0,0.0,0.0,1.0
38,270,3.842555630504921,5.071645391697111,0.0,1.0,0.0,0.0,0.0,0.0
39,270,9.80574595112966,2.118858929304572,0.0,1.0,1.0,0.0,0.0,1.0
0,275,11.502111786943605,8.709603216952774,1.0,0.0,1.0,1.0,0.0,1.0
1,275,3.872071015225391,12.0,1.0,0.0,0.0,1.0,0.0,0.0
2,275,8.741539481977853,10.78357535797574,0.0,0.0,0.0,0.0,1.0,1.0
3,275,4.986057356753937,5.874039994610103,0.0,1.0,0.0,0.0,1.0,0.0
4,275,11.39944701412185,5.651968053577645,0.0,1.0,0.0,1.0,1.0,0.0
5,275,0.0780594388441561,7.302244730328336,0.0,1.0,0.0,0.0,0.0,1.0
6,275,4.978029285596154,0.0,0.0,0.0,1.0,0.0,1.0,1.0
7,275,1.5477308926185505,6.849246386135071,1.0,0.0,0.0,1.0,0.0,0.0
8,275,12.0,3.291464348948696,1.0,0.0,0.0,0.0,0.0,0.0
9,275,1.055202956166816,5.736865696649564,0.0,0.0,1.0,0.0,0.0,0.0
10,275,5.060898058821711,0.0,1.0,0.0,0.0,0.0,0.0,1.0
11,275,2.500561687501637,12.0,0.0,1.0,0.0,1.0,1.0,0.0
12,275,2.0270864090983234,3.4888677032302007,0.0,0.0,1.0,0.0,0.0,0.0
13,275,6.04377091348712,3.430568907519396,1.0,1.0,0.0,0.0,0.0,0.0
14,275,0.0,0.7665255456373844,0.0,1.0,1.0,0.0,0.0,0.0
15,275,11.318477106142335,3.1238471494338675,0.0,1.0,0.0,0.0,0.0,0.0
16,275,9.614743268699696,1.2174234086557016,0.0,0.0,1.0,0.0,1.0,0.0
17,275,4.697711280655551,2.676235430790103,0.0,0.0,1.0,1.0,0.0,1.0
18,275,8.973200904271428,0.0,0.0,1.0,0.0,1.0,0.0,1.0
19,275,5.970574701984165,8.88812250075099,1.0,1.0,1.0,0.0,0.0,1.0
20,275,10.790628057152231,12.0,0.0,0.0,0.0,0.0,1.0,1.0
21,275,0.0,1.426142769061055,0.0,0.0,0.0,0.0,0.0,0.0
22,275,5.443668473039736,8.55448102671712,1.0,0.0,0.0,0.0,0.0,0.0
23,275,5.793409071607785,12.0,0.0,0.0,1.0,0.0,0.0,0.0
24,275,3.61221821188957,11.53239237837085,0.0,0.0,0.0,1.0,0.0,0.0
25,275,5.229568009530836,5.809788525580304,0.0,1.0,1.0,1.0,1.0,0.0
26,275,9.79495843387666,1.62712985060302,0.0,1.0,0.0,0.0,1.0,0.0
27,275,6.817946387212577,8.986001090835652,0.0,0.0,1.0,1.0,0.0,0.0
28,275,6.395532437886304,0.5331071426008043,0.0,0.0,0.0,1.0,1.0,0.0
29,275,0.0,9.511186329140113,1.0,1.0,1.0,1.0,0.0,0.0
30,275,7.014416823683666,5.750323894605639,0.0,0.0,1.0,0.0,1.0,0.0
31,275,4.974510116551619,9.883286956118033,1.0,0.0,1.0,1.0,1.0,0.0
32,275,12.0,12.0,1.0,0.0,1.0,1.0,0.0,1.0
33,275,0.1417543561821624,2.085343795114252,1.0,1.0,0.0,0.0,0.0,0.0
34,275,3.3609045355575007,11.93804688723245,1.0,1.0,0.0,0.0,0.0,0.0
35,275,1.1304419191265338,9.56958743022222,1.0,0.0,0.0,0.0,1.0,0.0
36,275,3.25197103225198,5.91418440801061,1.0,1.0,0.0,0.0,1.0,0.0
37,275,10.95387132814986,10.173792993310917,1.0,0.0,1.0,0.0,0.0,1.0
38,275,3.823097045607892,5.089691398034262,0.0,1.0,0.0,0.0,0.0,0.0
39,275,9.8037599734552,2.1476806163652884,0.0,1.0,1.0,0.0,0.0,1.0
0,280,11.555439945472616,8.765290288903387,1.0,0.0,1.0,1.0,0.0,1.0
1,280,3.860301660359776,12.0,1.0,0.0,0.0,1.0,0.0,0.0
2,280,8.682257490496868,10.82004682952466,0.0,0.0,0.0,0.0,1.0,1.0
3,280,5.072800973695977,5.908722836860311,0.0,1.0,0.0,0.0,1.0,0.0
4,280,11.384265897135212,5.6733116892664,0.0,1.0,0.0,1.0,1.0,0.0
5,280,0.0777611191491085,7.303615032924002,0.0,1.0,0.0,0.0,0.0,1.0
6,280,5.067336933861007,0.0,0.0,0.0,1.0,0.0,1.0,1.0
7,280,1.5569004699293556,6.821779814201455,1.0,0.0,0.0,1.0,0.0,0.0
8,280,12.0,3.2763552448638458,1.0,0.0,0.0,0.0,0.0,0.0
9,280,1.0158948772990128,5.751638695205168,0.0,0.0,1.0,0.0,0.0,0.0
10,280,5.093571222799207,0.0,1.0,0.0,0.0,0.0,0.0,1.0
11,280,2.6285392768468645,12.0,0.0,1.0,0.0,1.0,1.0,0.0
12,280,2.0260127389194738,3.491779438131234,0.0,0.0,1.0,0.0,0.0,0.0
13,280,6.029168096745337,3.350549245221563,1.0,1.0,0.0,0.0,0.0,0.0
14,280,0.0,0.7637097430314974,0.0,1.0,1.0,0.0,0.0,0.0
15,280,11.249724028563936,3.1086636052953,0.0,1.0,0.0,0.0,0.0,0.0
16,280,9.677212410278472,1.3075288952286852,0.0,0.0,1.0,0.0,1.0,0.0
17,280,4.765773822316536,2.656570816022655,0.0,0.0,1.0,1.0,0.0,1.0
18,280,9.009683967993103,0.0340402837342169,0.0,1.0,0.0,1.0,0.0,1.0
19,280,5.895248564026447,8.780736423196291,1.0,1.0,1.0,0.0,0.0,1.0
20,280,10.780511160079488,12.0,0.0,0.0,0.0,0.0,1.0,1.0
21,280,0.0,1.3761783953142424,0.0,0.0,0.0,0.0,0.0,0.0
22,280,5.435867806444568,8.522693513769086,1.0,0.0,0.0,0.0,0.0,0.0
23,280,5.747297592264935,12.0,0.0,0.0,1.0,0.0,0.0,0.0
24,280,3.594192788452484,11.523777496559813,0.0,0.0,0.0,1.0,0.0,0.0
25,280,5.232513755633972,5.819760502982112,0.0,1.0,1.0,1.0,1.0,0.0
26,280,9.69948237114121,1.658690363099705,0.0,1.0,0.0,0.0,1.0,0.0
27,280,6.786098740525965,9.05024808208682,0.0,0.0,1.0,1.0,0.0,0.0
28,280,6.428299161551332,0.5674976102934831,0.0,0.0,0.0,1.0,1.0,0.0
29,280,0.0,9.53933021604265,1.0,1.0,1.0,1.0,0.0,0.0
30,280,7.153590599183548,5.723570410486528,0.0,0.0,1.0,0.0,1.0,0.0
31,280,4.9575037461962825,9.988469774541038,1.0,0.0,1.0,1.0,1.0,0.0
32,280,12.0,12.0,1.0,0.0,1.0,1.0,0.0,1.0
33,280,0.1375313069326728,2.088349123780169,1.0,1.0,0.0,0.0,0.0,0.0
34,280,3.181056135123709,11.981423833348911,1.0,1.0,0.0,0.0,0.0,0.0
35,280,1.1530821065106274,9.590959257320222,1.0,0.0,0.0,0.0,1.0,0.0
36,280,3.157547139980853,5.8675767618267525,1.0,1.0,0.0,0.0,1.0,0.0
37,280,11.131951022826264,10.366669027468513,1.0,0.0,1.0,0.0,0.0,1.0
38,280,3.800679640608001,5.111388882835717,0.0,1.0,0.0,0.0,0.0,0.0
39,280,9.80091804564602,2.1812806838651198,0.0,1.0,1.0,0.0,0.0,1.0
0,285,11.620022802508265,8.830317758270688,1.0,0.0,1.0,1.0,0.0,1.0
1,285,3.848879953422692,12.0,1.0,0.0,0.0,1.0,0.0,0.0
2,285,8.632788782668902,10.852374480904862,0.0,0.0,0.0,0.0,1.0,1.0
3,285,5.151367910994863,5.941570170893853,0.0,1.0,0.0,0.0,1.0,0.0
4,285,11.368028417773749,5.695637777891644,0.0,1.0,0.0,1.0,1.0,0.0
5,285,0.0787293045454813,7.299381408877553,0.0,1.0,0.0,0.0,0.0,1.0
6,285,5.1531896159121,0.0,0.0,0.0,1.0,0.0,1.0,1.0
7,285,1.5736465314759884,6.772137728604712,1.0,0.0,0.0,1.0,0.0,0.0
8,285,12.0,3.265026912017288,1.0,0.0,0.0,0.0,0.0,0.0
9,285,0.9928557655755644,5.759995662538349,0.0,0.0,1.0,0.0,0.0,0.0
10,285,5.108357340995237,0.0,1.0,0.0,0.0,0.0,0.0,1.0
11,285,2.765186308601209,12.0,0.0,1.0,0.0,1.0,1.0,0.0
12,285,2.021665422274321,3.50333023846039,0.0,0.0,1.0,0.0,0.0,0.0
13,285,6.015731673881563,3.2785204008353,1.0,1.0,0.0,0.0,0.0,0.0
14,285,0.0,0.7625083518597858,0.0,1.0,1.0,0.0,0.0,0.0
15,285,11.171062516004744,3.0906008566531717,0.0,1.0,0.0,0.0,0.0,0.0
16,285,9.741061360367269,1.4107421719105515,0.0,0.0,1.0,0.0,1.0,0.0
17,285,4.855022973912611,2.6289958017179185,0.0,0.0,1.0,1.0,0.0,1.0
18,285,9.045139029075322,0.0672117901071932,0.0,1.0,0.0,1.0,0.0,1.0
19,285,5.818634082373783,8.672559471056795,1.0,1.0,1.0,0.0,0.0,1.0
20,285,10.761247475449078,12.0,0.0,0.0,0.0,0.0,1.0,1.0
21,285,0.0,1.3288756062423528,0.0,0.0,0.0,0.0,0.0,0.0
22,285,5.427260746664634,8.487886439524296,1.0,0.0,0.0,0.0,0.0,0.0
23,285,5.708052107256325,12.0,0.0,0.0,1.0,0.0,0.0,0.0
24,285,3.5570824225468454,11.50538931881536,0.0,0.0,0.0,1.0,0.0,0.0
25,285,5.240618726925349,5.847846910384465,0.0,1.0,1.0,1.0,1.0,0.0
26,285,9.58228813450519,1.6975550291483843,0.0,1.0,0.0,0.0,1.0,0.0
27,285,6.7615608135421645,9.098609920568263,0.0,0.0,1.0,1.0,0.0,0.0
28,285,6.454019691278552,0.5957820068929764,0.0,0.0,0.0,1.0,1.0,0.0
29,285,0.0,9.585344524929434,1.0,1.0,1.0,1.0,0.0,0.0
30,285,7.281359945363139,5.699513681738387,0.0,0.0,1.0,0.0,1.0,0.0
31,285,4.939083031575716,10.100150234135976,1.0,0.0,1.0,1.0,1.0,0.0
32,285,12.0,12.0,1.0,0.0,1.0,1.0,0.0,1.0
33,285,0.1334571845298984,2.091327386759668,1.0,1.0,0.0,0.0,0.0,0.0
34,285,3.009109063825003,12.0,1.0,1.0,0.0,0.0,0.0,0.0
35,285,1.1710028382299915,9.608515051229643,1.0,0.0,0.0,0.0,1.0,0.0
36,285,3.071183719361639,5.824027494435118,1.0,1.0,0.0,0.0,1.0,0.0
37,285,11.319851305938997,10.566703519943792,1.0,0.0,1.0,0.0,0.0,1.0
38,285,3.795737199341125,5.116195390869187,0.0,1.0,0.0,0.0,0.0,0.0
39,285,9.796090018879898,2.236141923513709,0.0,1.0,1.0,0.0,0.0,1.0
0,290,11.681583404925872,8.887847749992275,1.0,0.0,1.0,1.0,0.0,1.0
1,290,3.8428734170798697,12.0,1.0,0.0,0.0,1.0,0.0,0.0
2,290,8.584128569856324,10.88467532037246,0.0,0.0,0.0,0.0,1.0,1.0
3,290,5.22110079241693,5.971436330265421,0.0,1.0,0.0,0.0,1.0,0.0
4,290,11.359525536493992,5.707541683886088,0.0,1.0,0.0,1.0,1.0,0.0
5,290,0.0805658090779019,7.290453360828677,0.0,1.0,0.0,0.0,0.0,1.0
6,290,5.227059205226167,0.0,0.0,0.0,1.0,0.0,1.0,1.0
7,290,1.594711792439261,6.711350067990352,1.0,0.0,0.0,1.0,0.0,0.0
8,290,12.0,3.2530447962165705,1.0,0.0,0.0,0.0,0.0,0.0
9,290,0.9499659734663984,5.775622795603102,0.0,0.0,1.0,0.0,0.0,0.0
10,290,5.1314261723972505,0.0,1.0,0.0,0.0,0.0,0.0,1.0
11,290,2.8999655385214798,12.0,0.0,1.0,0.0,1.0,1.0,0.0
12,290,2.0167826613213804,3.5164953246012347,0.0,0.0,1.0,0.0,0.0,0.0
13,290,6.004333870051633,3.2144050721206647,1.0,1.0,0.0,0.0,0.0,0.0
14,290,0.0,0.7566955881697055,0.0,1.0,1.0,0.0,0.0,0.0
15,290,11.099164307487468,3.073229192109044,0.0,1.0,0.0,0.0,0.0,0.0
16,290,9.812764484895402,1.5230418038685474,0.0,0.0,1.0,0.0,1.0,0.0
17,290,4.96275625184156,2.5977009181473547,0.0,0.0,1.0,1.0,0.0,1.0
18,290,9.066445436360278,0.0871700234343097,0.0,1.0,0.0,1.0,0.0,1.0
19,290,5.748072790743177,8.574669524126454,1.0,1.0,1.0,0.0,0.0,1.0
20,290,10.739303662466495,12.0,0.0,0.0,0.0,0.0,1.0,1.0
21,290,0.0,1.2708722997939677,0.0,0.0,0.0,0.0,0.0,0.0
22,290,5.422762923434383,8.46950953468116,1.0,0.0,0.0,0.0,0.0,0.0
23,290,5.694949055782296,12.0,0.0,0.0,1.0,0.0,0.0,0.0
24,290,3.5275593358889026,11.491553564653197,0.0,0.0,0.0,1.0,0.0,0.0
25,290,5.251707107302776,5.88670362772097,0.0,1.0,1.0,1.0,1.0,0.0
26,290,9.455959673135943,1.7399093615541423,0.0,1.0,0.0,0.0,1.0,0.0
27,290,6.744136460220703,9.13067094179638,0.0,0.0,1.0,1.0,0.0,0.0
28,290,6.492487021701623,0.6388867154003603,0.0,0.0,0.0,1.0,1.0,0.0
29,290,0.0,9.630304318990492,1.0,1.0,1.0,1.0,0.0,0.0
30,290,7.429533960046423,5.674354168511158,0.0,0.0,1.0,0.0,1.0,0.0
31,290,4.920674044652012,10.22062419639685,1.0,0.0,1.0,1.0,1.0,0.0
32,290,12.0,12.0,1.0,0.0,1.0,1.0,0.0,1.0
33,290,0.1479242704536981,2.0812993531710706,1.0,1.0,0.0,0.0,0.0,0.0
34,290,2.816419441266085,12.0,1.0,1.0,0.0,0.0,0.0,0.0
35,290,1.1789306886553892,9.616596725342848,1.0,0.0,0.0,0.0,1.0,0.0
36,290,2.9956657759989405,5.786206660762125,1.0,1.0,0.0,0.0,1.0,0.0
37,290,11.51227158093864,10.773427421492444,1.0,0.0,1.0,0.0,0.0,1.0
38,290,3.8085739685582367,5.103877470398808,0.0,1.0,0.0,0.0,0.0,0.0
39,290,9.79221813685344,2.299003696181137,0.0,1.0,1.0,0.0,0.0,1.0
0,295,11.727847458401513,8.929946717085743,1.0,0.0,1.0,1.0,0.0,1.0
1,295,3.840552424157832,12.0,1.0,0.0,0.0,1.0,0.0,0.0
2,295,8.546293735221111,10.909789785347307,0.0,0.0,0.0,0.0,1.0,1.0
3,295,5.321628534482031,6.010671131538672,0.0,1.0,0.0,0.0,1.0,0.0
4,295,11.361928547796062,5.704016949593462,0.0,1.0,0.0,1.0,1.0,0.0
5,295,0.0690865053693346,7.288292253630672,0.0,1.0,0.0,0.0,0.0,1.0
6,295,5.302025162727025,0.0,0.0,0.0,1.0,0.0,1.0,1.0
7,295,1.6177199794190833,6.645813814927761,1.0,0.0,0.0,1.0,0.0,0.0
8,295,12.0,3.2432782113450065,1.0,0.0,0.0,0.0,0.0,0.0
9,295,0.8986129925609518,5.795692884312689,0.0,0.0,1.0,0.0,0.0,0.0
10,295,5.159142253835543,0.0,1.0,0.0,0.0,0.0,0.0,1.0
11,295,3.025201830132465,12.0,0.0,1.0,0.0,1.0,1.0,0.0
12,295,2.0103887479801803,3.533707429346623,0.0,0.0,1.0,0.0,0.0,0.0
13,295,5.991028617291434,3.14079810874239,1.0,1.0,0.0,0.0,0.0,0.0
14,295,0.0,0.7529996353539463,0.0,1.0,1.0,0.0,0.0,0.0
15,295,11.02572633813895,3.0552979328404484,0.0,1.0,0.0,0.0,0.0,0.0
16,295,9.872323229562102,1.6166583179375862,0.0,0.0,1.0,0.0,1.0,0.0
17,295,5.095808621418297,2.558735659266116,0.0,0.0,1.0,1.0,0.0,1.0
18,295,9.081254216809183,0.1018625116365103,0.0,1.0,0.0,1.0,0.0,1.0
19,295,5.673111361009324,8.473172103482018,1.0,1.0,1.0,0.0,0.0,1.0
20,295,10.720973724605924,12.0,0.0,0.0,0.0,0.0,1.0,1.0
21,295,0.0,1.2244091975262,0.0,0.0,0.0,0.0,0.0,0.0
22,295,5.416824606539342,8.444755682926724,1.0,0.0,0.0,0.0,0.0,0.0
23,295,5.68459511592986,12.0,0.0,0.0,1.0,0.0,0.0,0.0
24,295,3.513718494281086,11.484765940649025,0.0,0.0,0.0,1.0,0.0,0.0
25,295,5.267162660157934,5.939365635355401,0.0,1.0,1.0,1.0,1.0,0.0
26,295,9.32986076973489,1.777521370189481,0.0,1.0,0.0,0.0,1.0,0.0
27,295,6.7260220512663125,9.167382996127442,0.0,0.0,1.0,1.0,0.0,0.0
28,295,6.532876533546471,0.682133511978833,0.0,0.0,0.0,1.0,1.0,0.0
29,295,0.0,9.671518377736978,1.0,1.0,1.0,1.0,0.0,0.0
30,295,7.573606902140025,5.647111287288034,0.0,0.0,1.0,0.0,1.0,0.0
31,295,4.899988049014085,10.354583652143743,1.0,0.0,1.0,1.0,1.0,0.0
32,295,12.0,12.0,1.0,0.0,1.0,1.0,0.0,1.0
33,295,0.1540280868520306,2.077124896204857,1.0,1.0,0.0,0.0,0.0,0.0
34,295,2.608259747178473,12.0,1.0,1.0,0.0,0.0,0.0,0.0
35,295,1.1917833866437668,9.629488601177297,1.0,0.0,0.0,0.0,1.0,0.0
36,295,2.9090911896056526,5.744274844792155,1.0,1.0,0.0,0.0,1.0,0.0
37,295,11.704281935647106,10.97393218420852,1.0,0.0,1.0,0.0,0.0,1.0
38,295,3.811903144324163,5.100541020064573,0.0,1.0,0.0,0.0,0.0,0.0
39,295,9.728507085095478,2.297083957947755,0.0,1.0,1.0,0.0,0.0,1.0
