0,0,11.001789381086796,2.071433458784971,0.0,1.0,1.0,0.0,0.0,1.0
1,0,6.955950266249179,2.0004598388940384,1.0,1.0,1.0,0.0,0.0,1.0
2,0,10.067130329150404,0.970761715758538,1.0,0.0,0.0,0.0,0.0,0.0
3,0,12.0,0.0332053207352294,0.0,0.0,1.0,0.0,1.0,0.0
4,0,10.974963134037454,0.0533354237911895,0.0,0.0,0.0,0.0,0.0,1.0
5,0,12.0,11.948270177317369,0.0,0.0,1.0,0.0,0.0,0.0
6,0,7.039514833666538,7.977349179178396,0.0,0.0,0.0,0.0,0.0,1.0
7,0,10.000725030899124,10.056694528238404,0.0,0.0,1.0,0.0,1.0,0.0
8,0,10.9699888160426,7.063761836485202,1.0,1.0,0.0,1.0,1.0,1.0
9,0,7.958887433717872,10.979294985370494,0.0,1.0,0.0,1.0,0.0,0.0
10,0,10.003997919694775,6.976136001808783,1.0,0.0,0.0,0.0,0.0,1.0
11,0,3.950593681461633,3.0167485980040927,0.0,0.0,1.0,0.0,1.0,0.0
12,0,3.028085030782383,11.037927202188198,0.0,0.0,1.0,1.0,0.0,1.0
13,0,0.0,8.041451705685974,1.0,0.0,0.0,1.0,0.0,1.0
14,0,9.96481856349108,9.018572988337867,0.0,0.0,0.0,1.0,0.0,0.0
15,0,8.951471395405862,8.94325908750008,0.0,1.0,0.0,1.0,0.0,1.0
16,0,1.017188599807557,8.980669291640073,0.0,0.0,0.0,1.0,1.0,0.0
17,0,0.0101931978365825,2.0512374753108333,1.0,0.0,1.0,0.0,0.0,1.0
18,0,7.998537533043858,11.04922991298401,1.0,1.0,0.0,0.0,1.0,0.0
19,0,1.03807992947005,0.9630304890997112,1.0,1.0,0.0,0.0,0.0,0.0
20,0,9.961359114402333,7.005375596563799,0.0,0.0,0.0,0.0,0.0,1.0
21,0,5.9799733897715575,2.0019769761175725,1.0,1.0,0.0,0.0,1.0,0.0
22,0,8.003303358615703,12.0,1.0,0.0,0.0,1.0,0.0,0.0
23,0,3.964405647342558,9.043011442680458,0.0,1.0,0.0,0.0,0.0,0.0
24,0,11.03697707041233,4.023486203432916,1.0,1.0,1.0,0.0,1.0,1.0
25,0,3.970634446889978,7.084927659778625,0.0,0.0,0.0,0.0,1.0,1.0
26,0,9.042133987748787,3.9513331557041984,1.0,0.0,1.0,0.0,0.0,0.0
27,0,5.93015365732773,11.990504760846274,0.0,1.0,1.0,1.0,0.0,1.0
28,0,1.054654982633198,7.00346522703331,0.0,1.0,1.0,1.0,1.0,0.0
29,0,8.953543163340196,8.018352341358154,1.0,0.0,1.0,1.0,0.0,0.0
30,0,7.97133704582522,10.050903927597794,1.0,1.0,1.0,0.0,0.0,0.0
31,0,11.952065994686969,2.028866070212937,1.0,0.0,0.0,0.0,1.0,0.0
32,0,8.950475141658355,4.982325506501947,0.0,0.0,0.0,0.0,1.0,1.0
33,0,8.973401341745728,10.021691872882018,1.0,0.0,1.0,1.0,1.0,0.0
34,0,0.0094582937503862,2.077854525658515,0.0,0.0,1.0,0.0,0.0,1.0
35,0,7.036326712220023,0.9598296283184872,0.0,1.0,0.0,0.0,1.0,1.0
36,0,1.010333681274299,7.037399382487023,0.0,1.0,0.0,1.0,0.0,0.0
37,0,5.940669963720535,11.008955105076936,0.0,1.0,0.0,0.0,0.0,1.0
38,0,0.0246542716927127,6.978826989443958,1.0,0.0,0.0,1.0,1.0,1.0
39,0,6.98857646149396,1.9443994474217607,0.0,0.0,1.0,0.0,0.0,1.0
0,5,11.00402574551647,2.139072043256572,0.0,1.0,1.0,0.0,0.0,1.0
1,5,6.906271764576592,2.002069423504209,1.0,1.0,1.0,0.0,0.0,1.0
2,5,10.124161439283958,0.947327869957606,1.0,0.0,0.0,0.0,0.0,0.0
3,5,12.0,0.0723744074566449,0.0,0.0,1.0,0.0,1.0,0.0
4,5,10.95029413279774,0.1065608688473896,0.0,0.0,0.0,0.0,0.0,1.0
5,5,12.0,11.916954472025695,0.0,0.0,1.0,0.0,0.0,0.0
6,5,7.078772000685477,7.955262226677678,0.0,0.0,0.0,0.0,0.0,1.0
7,5,10.003576826310578,10.117866829651506,0.0,0.0,1.0,0.0,1.0,0.0
8,5,10.944446432608403,7.116422770572735,1.0,1.0,0.0,1.0,1.0,1.0
9,5,7.912379926191342,10.956525230904615,0.0,1.0,0.0,1.0,0.0,0.0
10,5,10.007478120793976,6.955049261289084,1.0,0.0,0.0,0.0,0.0,1.0
11,5,3.8898178331480016,3.038195331343104,0.0,0.0,1.0,0.0,1.0,0.0
12,5,3.0493417849907893,11.066688387977845,0.0,0.0,1.0,1.0,0.0,1.0
13,5,0.0,8.0996834630855,1.0,0.0,0.0,1.0,0.0,1.0
14,5,9.929507477722112,9.03748337514646,0.0,0.0,0.0,1.0,0.0,0.0
15,5,8.912402236147189,8.892592302346323,0.0,1.0,0.0,1.0,0.0,1.0
16,5,1.0382359324073585,8.956983105371481,0.0,0.0,0.0,1.0,1.0,0.0
17,5,0.0186018103485085,2.089280254899583,1.0,0.0,1.0,0.0,0.0,1.0
18,5,7.997287308529228,11.099683076153102,1.0,1.0,0.0,0.0,1.0,0.0
19,5,1.0646496870254205,0.938066522510694,1.0,1.0,0.0,0.0,0.0,0.0
20,5,9.925062362886028,7.010525210154002,0.0,0.0,0.0,0.0,0.0,1.0
21,5,5.972429784845452,2.0026109432094312,1.0,1.0,0.0,0.0,1.0,0.0
22,5,8.006254897159437,12.0,1.0,0.0,0.0,1.0,0.0,0.0
23,5,3.931381951468632,9.081106171261656,0.0,1.0,0.0,0.0,0.0,0.0
24,5,11.080061289030423,4.051019007456921,1.0,1.0,1.0,0.0,1.0,1.0
25,5,3.942887796736775,7.1702218415722765,0.0,0.0,0.0,0.0,1.0,1.0
26,5,9.086177043449249,3.9032752956611474,1.0,0.0,1.0,0.0,0.0,0.0
27,5,5.867813543706723,11.983337334640874,0.0,1.0,1.0,1.0,0.0,1.0
28,5,1.110032376180225,7.00791295442426,0.0,1.0,1.0,1.0,1.0,0.0
29,5,8.909795643853712,8.03532879648497,1.0,0.0,1.0,1.0,0.0,0.0
30,5,7.926739357540424,10.12860239746768,1.0,1.0,1.0,0.0,0.0,0.0
31,5,11.914086384482651,2.0516147142824086,1.0,0.0,0.0,0.0,1.0,0.0
32,5,8.894037095360588,4.962437751388968,0.0,0.0,0.0,0.0,1.0,1.0
33,5,8.948069017919954,10.041806016352956,1.0,0.0,1.0,1.0,1.0,0.0
34,5,0.017232218057352,2.15625552175914,0.0,0.0,1.0,0.0,0.0,1.0
35,5,7.0080361307519805,0.9340206600194076,0.0,1.0,0.0,0.0,1.0,1.0
36,5,1.0224173804986063,7.08188312380967,0.0,1.0,0.0,1.0,0.0,0.0
37,5,5.870472535543041,11.019329855730335,0.0,1.0,0.0,0.0,0.0,1.0
38,5,0.0517887132901107,6.955392449369745,1.0,0.0,0.0,1.0,1.0,1.0
39,5,6.97483160023913,1.876728562116468,0.0,0.0,1.0,0.0,0.0,1.0
0,10,11.008001899868349,2.1870297157983103,0.0,1.0,1.0,0.0,0.0,1.0
1,10,6.857338977782301,2.003427769287326,1.0,1.0,1.0,0.0,0.0,1.0
2,10,10.182106979529769,0.9221086786420808,1.0,0.0,0.0,0.0,0.0,0.0
3,10,12.0,0.0887741448756593,0.0,0.0,1.0,0.0,1.0,0.0
4,10,10.924998619938297,0.1594137225661686,0.0,0.0,0.0,0.0,0.0,1.0
5,10,12.0,11.8881167452621,0.0,0.0,1.0,0.0,0.0,0.0
6,10,7.1169641688403935,7.934107768686109,0.0,0.0,0.0,0.0,0.0,1.0
7,10,10.006518026428118,10.174044801284236,0.0,0.0,1.0,0.0,1.0,0.0
8,10,10.92633301877232,7.1511765235068525,1.0,1.0,0.0,1.0,1.0,1.0
9,10,7.855816318863395,10.928344849621926,0.0,1.0,0.0,1.0,0.0,0.0
10,10,10.012002392121778,6.928862526125328,1.0,0.0,0.0,0.0,0.0,1.0
11,10,3.823905792964141,3.0601681877405884,0.0,0.0,1.0,0.0,1.0,0.0
12,10,3.062921524698124,11.085392151267,0.0,0.0,1.0,1.0,0.0,1.0
13,10,0.0,8.145761970426857,1.0,0.0,0.0,1.0,0.0,1.0
14,10,9.896963624891844,9.056100617517922,0.0,0.0,0.0,1.0,0.0,0.0
15,10,8.887714953532306,8.860058925795354,0.0,1.0,0.0,1.0,0.0,1.0
16,10,1.0729653791486815,8.917651103333272,0.0,0.0,0.0,1.0,1.0,0.0
17,10,0.0264208352898656,2.1311947106487112,1.0,0.0,1.0,0.0,0.0,1.0
18,10,7.996258807813835,11.143876446738076,1.0,1.0,0.0,0.0,1.0,0.0
19,10,1.0822661900661557,0.9217812141135238,1.0,1.0,0.0,0.0,0.0,0.0
20,10,9.88672105448789,7.015331854793446,0.0,0.0,0.0,0.0,0.0,1.0
21,10,5.977250066705759,2.0021025788559115,1.0,1.0,0.0,0.0,1.0,0.0
22,10,8.009109990744193,12.0,1.0,0.0,0.0,1.0,0.0,0.0
23,10,3.896642213475917,9.12461696907339,0.0,1.0,0.0,0.0,0.0,0.0
24,10,11.133332996376843,4.088108228066091,1.0,1.0,1.0,0.0,1.0,1.0
25,10,3.916747104143606,7.24969461970189,0.0,0.0,0.0,0.0,1.0,1.0
26,10,9.12467916708774,3.858479742725002,1.0,0.0,1.0,0.0,0.0,0.0
27,10,5.794504386035454,11.97442954919344,0.0,1.0,1.0,1.0,0.0,1.0
28,10,1.1594578146842744,7.011690184883766,0.0,1.0,1.0,1.0,1.0,0.0
29,10,8.870957673207801,8.051521538839811,1.0,0.0,1.0,1.0,0.0,0.0
30,10,7.871368225667484,10.220239521292331,1.0,1.0,1.0,0.0,0.0,0.0
31,10,11.863533856448852,2.08171285712491,1.0,0.0,0.0,0.0,1.0,0.0
32,10,8.826626415705547,4.939797404168607,0.0,0.0,0.0,0.0,1.0,1.0
33,10,8.94189051007499,10.04650037346788,1.0,0.0,1.0,1.0,1.0,0.0
34,10,0.028131163078482,2.235346964936074,0.0,0.0,1.0,0.0,0.0,1.0
35,10,6.984092287713812,0.910214853000286,0.0,1.0,0.0,0.0,1.0,1.0
36,10,1.0356224918378605,7.130409958022399,0.0,1.0,0.0,1.0,0.0,0.0
37,10,5.804332014646482,11.0278411218889,0.0,1.0,0.0,0.0,0.0,1.0
38,10,0.0697047775841519,6.9765707958300425,1.0,0.0,0.0,1.0,1.0,1.0
39,10,6.956372384580031,1.8052770134173304,0.0,0.0,1.0,0.0,0.0,1.0
0,15,11.010712846852776,2.225335946197847,0.0,1.0,1.0,0.0,0.0,1.0
1,15,6.817958727768551,2.004033243245651,1.0,1.0,1.0,0.0,0.0,1.0
2,15,10.23979413128263,0.895687530034926,1.0,0.0,0.0,0.0,0.0,0.0
3,15,12.0,0.0974720513918406,0.0,0.0,1.0,0.0,1.0,0.0
4,15,10.901818419848674,0.2063173905118258,0.0,0.0,0.0,0.0,0.0,1.0
5,15,12.0,11.847235407830748,0.0,0.0,1.0,0.0,0.0,0.0
6,15,7.171104219708544,7.904435985119952,0.0,0.0,0.0,0.0,0.0,1.0
7,15,10.008796403775348,10.226895719178485,0.0,0.0,1.0,0.0,1.0,0.0
8,15,10.905658016049316,7.192444018081823,1.0,1.0,0.0,1.0,1.0,1.0
9,15,7.793496280310807,10.899688708839092,0.0,1.0,0.0,1.0,0.0,0.0
10,15,10.049800595040654,6.935398106637179,1.0,0.0,0.0,0.0,0.0,1.0
11,15,3.7718661465791294,3.078320520458603,0.0,0.0,1.0,0.0,1.0,0.0
12,15,3.0784003735689174,11.107626173367004,0.0,0.0,1.0,1.0,0.0,1.0
13,15,0.0,8.179860323044789,1.0,0.0,0.0,1.0,0.0,1.0
14,15,9.86185281832616,9.076687369869765,0.0,0.0,0.0,1.0,0.0,0.0
15,15,8.858756123910062,8.820687177806818,0.0,1.0,0.0,1.0,0.0,1.0
16,15,1.0222238982629772,8.872723042077856,0.0,0.0,0.0,1.0,1.0,0.0
17,15,0.0336241244121893,2.169252859535052,1.0,0.0,1.0,0.0,0.0,1.0
18,15,7.994979304416799,11.194457295501165,1.0,1.0,0.0,0.0,1.0,0.0
19,15,1.1043244159716894,0.9025671780732266,1.0,1.0,0.0,0.0,0.0,0.0
20,15,9.879438654632104,7.016306009668961,0.0,0.0,0.0,0.0,0.0,1.0
21,15,6.00838351435451,1.999872968794417,1.0,1.0,0.0,0.0,1.0,0.0
22,15,8.011908502438768,12.0,1.0,0.0,0.0,1.0,0.0,0.0
23,15,3.8614295555181135,9.172184510464444,0.0,1.0,0.0,0.0,0.0,0.0
24,15,11.202237688259428,4.134142125204832,1.0,1.0,1.0,0.0,1.0,1.0
25,15,3.875370340490874,7.383295064199871,0.0,0.0,0.0,0.0,1.0,1.0
26,15,9.148309164745775,3.833188897254433,1.0,0.0,1.0,0.0,0.0,0.0
27,15,5.698057710158532,11.962138833294413,0.0,1.0,1.0,1.0,0.0,1.0
28,15,1.223517971200676,7.018564453502972,0.0,1.0,1.0,1.0,1.0,0.0
29,15,8.855682570289327,8.05727503268721,1.0,0.0,1.0,1.0,0.0,0.0
30,15,7.817286776677091,10.309011247514295,1.0,1.0,1.0,0.0,0.0,0.0
31,15,11.796027355296806,2.1224909977180206,1.0,0.0,0.0,0.0,1.0,0.0
32,15,8.754798086391936,4.916938704143742,0.0,0.0,0.0,0.0,1.0,1.0
33,15,8.944603932775347,10.044455667421536,1.0,0.0,1.0,1.0,1.0,0.0
34,15,0.0378366450526534,2.314533476410977,0.0,0.0,1.0,0.0,0.0,1.0
35,15,6.96410775954894,0.8908574006840863,0.0,1.0,0.0,0.0,1.0,1.0
36,15,1.0459234876332482,7.166020156242997,0.0,1.0,0.0,1.0,0.0,0.0
37,15,5.7375055332940805,11.03455535829188,0.0,1.0,0.0,0.0,0.0,1.0
38,15,0.080613045074973,6.989712817946633,1.0,0.0,0.0,1.0,1.0,1.0
39,15,6.93553796955218,1.7301039789516568,0.0,0.0,1.0,0.0,0.0,1.0
0,20,11.012573479323883,2.252905208891925,0.0,1.0,1.0,0.0,0.0,1.0
1,20,6.750240949320667,2.004308724310451,1.0,1.0,1.0,0.0,0.0,1.0
2,20,10.289477578269096,0.8735310328084922,1.0,0.0,0.0,0.0,0.0,0.0
3,20,12.0,0.1089081029686598,0.0,0.0,1.0,0.0,1.0,0.0
4,20,10.872939311869931,0.2669038019159495,0.0,0.0,0.0,0.0,0.0,1.0
5,20,12.0,11.798942118325064,0.0,0.0,1.0,0.0,0.0,0.0
6,20,7.229202260813301,7.873351443633108,0.0,0.0,0.0,0.0,0.0,1.0
7,20,10.012083598915506,10.279372435596263,0.0,0.0,1.0,0.0,1.0,0.0
8,20,10.88588645772891,7.23256163231904,1.0,1.0,0.0,1.0,1.0,1.0
9,20,7.726597880485046,10.86700129692859,0.0,1.0,0.0,1.0,0.0,0.0
10,20,10.09117334649257,6.942302767253667,1.0,0.0,0.0,0.0,0.0,1.0
11,20,3.708350953530142,3.0981684057073773,0.0,0.0,1.0,0.0,1.0,0.0
12,20,3.093654080260036,11.129664532558614,0.0,0.0,1.0,1.0,0.0,1.0
13,20,0.0,8.217832423118404,1.0,0.0,0.0,1.0,0.0,1.0
14,20,9.832647477448974,9.09376959442084,0.0,0.0,0.0,1.0,0.0,0.0
15,20,8.828806706710328,8.779661728496917,0.0,1.0,0.0,1.0,0.0,1.0
16,20,0.9508430491984894,8.811189387124944,0.0,0.0,0.0,1.0,1.0,0.0
17,20,0.0447633726238549,2.221845395070968,1.0,0.0,1.0,0.0,0.0,1.0
18,20,7.994655795505041,11.236702526810651,1.0,1.0,0.0,0.0,1.0,0.0
19,20,1.1202914674377549,0.8885307443649875,1.0,1.0,0.0,0.0,0.0,0.0
20,20,9.88120803437047,7.016064343998342,0.0,0.0,0.0,0.0,0.0,1.0
21,20,6.033749325588967,1.998110343384762,1.0,1.0,0.0,0.0,1.0,0.0
22,20,8.015017459157168,12.0,1.0,0.0,0.0,1.0,0.0,0.0
23,20,3.822483079765955,9.224747265742288,0.0,1.0,0.0,0.0,0.0,0.0
24,20,11.25434787158201,4.167498041554011,1.0,1.0,1.0,0.0,1.0,1.0
25,20,3.838024693498832,7.519724801337359,0.0,0.0,0.0,0.0,1.0,1.0
26,20,9.16764430725538,3.812349436361529,1.0,0.0,1.0,0.0,0.0,0.0
27,20,5.588676510879453,11.948022911900445,0.0,1.0,1.0,1.0,0.0,1.0
28,20,1.30129746801865,7.02865536299082,0.0,1.0,1.0,1.0,1.0,0.0
29,20,8.835743678983489,8.06439050978269,1.0,0.0,1.0,1.0,0.0,0.0
30,20,7.75136750077244,10.416359063676174,1.0,1.0,1.0,0.0,0.0,0.0
31,20,11.72008645927208,2.168945054883817,1.0,0.0,0.0,0.0,1.0,0.0
32,20,8.687969887485108,4.895493211992601,0.0,0.0,0.0,0.0,1.0,1.0
33,20,8.944613051553663,10.044449144216172,1.0,0.0,1.0,1.0,1.0,0.0
34,20,0.0465047025151493,2.3890910558591103,0.0,0.0,1.0,0.0,0.0,1.0
35,20,6.9274611260406855,0.8555846827666935,0.0,1.0,0.0,0.0,1.0,1.0
36,20,1.056683813042755,7.201097443767639,0.0,1.0,0.0,1.0,0.0,0.0
37,20,5.648173599986955,11.045760973853572,0.0,1.0,0.0,0.0,0.0,1.0
38,20,0.0928534702066031,7.004475029299088,1.0,0.0,0.0,1.0,1.0,1.0
39,20,6.919003117770265,1.6637619388100855,0.0,0.0,1.0,0.0,0.0,1.0
0,25,11.015143134647936,2.2911367411355594,0.0,1.0,1.0,0.0,0.0,1.0
1,25,6.677245065847547,2.0031168790093683,1.0,1.0,1.0,0.0,0.0,1.0
2,25,10.329097086682951,0.8547806562039626,1.0,0.0,0.0,0.0,0.0,0.0
3,25,12.0,0.121056521522648,0.0,0.0,1.0,0.0,1.0,0.0
4,25,10.837619737544468,0.34529264339395,0.0,0.0,0.0,0.0,0.0,1.0
5,25,12.0,11.745507368376092,0.0,0.0,1.0,0.0,0.0,0.0
6,25,7.296145753510157,7.8388085778220224,0.0,0.0,0.0,0.0,0.0,1.0
7,25,10.014886069086382,10.338076580318196,0.0,0.0,1.0,0.0,1.0,0.0
8,25,10.853623007010656,7.2979870107314,1.0,1.0,0.0,1.0,1.0,1.0
9,25,7.665619153842167,10.83735066433724,0.0,1.0,0.0,1.0,0.0,0.0
10,25,10.131247366043764,6.948305862293774,1.0,0.0,0.0,0.0,0.0,1.0
11,25,3.622835499837496,3.124144724887695,0.0,0.0,1.0,0.0,1.0,0.0
12,25,3.105037389858597,11.146107636886,0.0,0.0,1.0,1.0,0.0,1.0
13,25,0.0,8.244050395856044,1.0,0.0,0.0,1.0,0.0,1.0
14,25,9.8214419481702,9.100506628214276,0.0,0.0,0.0,1.0,0.0,0.0
15,25,8.791915747689169,8.73080571102799,0.0,1.0,0.0,1.0,0.0,1.0
16,25,0.8702916796585795,8.743457206673698,0.0,0.0,0.0,1.0,1.0,0.0
17,25,0.0588319459976777,2.3042211551008784,1.0,0.0,1.0,0.0,0.0,1.0
18,25,7.994062235091881,11.276249417833927,1.0,1.0,0.0,0.0,1.0,0.0
19,25,1.1220729100444378,0.8869300889885241,1.0,1.0,0.0,0.0,0.0,0.0
20,25,9.89745820573099,7.01364304546548,0.0,0.0,0.0,0.0,0.0,1.0
21,25,6.0550084296886055,1.996645488505547,1.0,1.0,0.0,0.0,1.0,0.0
22,25,8.020796832191312,12.0,1.0,0.0,0.0,1.0,0.0,0.0
23,25,3.779104160308435,9.28476231631287,0.0,1.0,0.0,0.0,0.0,0.0
24,25,11.313907690828854,4.206529682264078,1.0,1.0,1.0,0.0,1.0,1.0
25,25,3.79765674655608,7.673141754247441,0.0,0.0,0.0,0.0,1.0,1.0
26,25,9.186570249573908,3.792233112002029,1.0,0.0,1.0,0.0,0.0,0.0
27,25,5.481148952788627,11.934037251347416,0.0,1.0,1.0,1.0,0.0,1.0
28,25,1.3733370160594682,7.04008987529706,0.0,1.0,1.0,1.0,1.0,0.0
29,25,8.807758916768263,8.074952213517157,1.0,0.0,1.0,1.0,0.0,0.0
30,25,7.671364648473928,10.545941580911713,1.0,1.0,1.0,0.0,0.0,0.0
31,25,11.684380329520035,2.191028887363743,1.0,0.0,0.0,0.0,1.0,0.0
32,25,8.611244346703277,4.872573167241704,0.0,0.0,0.0,0.0,1.0,1.0
33,25,8.933538720751814,10.052728850683708,1.0,0.0,1.0,1.0,1.0,0.0
34,25,0.0535217309362677,2.4537890391370274,0.0,0.0,1.0,0.0,0.0,1.0
35,25,6.894196961773104,0.8227002115276898,0.0,1.0,0.0,0.0,1.0,1.0
36,25,1.0702542681078628,7.245311623564547,0.0,1.0,0.0,1.0,0.0,0.0
37,25,5.562193974529492,11.056991437580592,0.0,1.0,0.0,0.0,0.0,1.0
38,25,0.096985208299624,7.00935716326792,1.0,0.0,0.0,1.0,1.0,1.0
39,25,6.90171422289829,1.5888870465675915,0.0,0.0,1.0,0.0,0.0,1.0
0,30,11.017361287055698,2.3207081657316198,0.0,1.0,1.0,0.0,0.0,1.0
1,30,6.609746584154422,2.00115541693572,1.0,1.0,1.0,0.0,0.0,1.0
2,30,10.355802906575017,0.8417530341503063,1.0,0.0,0.0,0.0,0.0,0.0
3,30,12.0,0.1305787546654788,0.0,0.0,1.0,0.0,1.0,0.0
4,30,10.808425177706294,0.4054678390088732,0.0,0.0,0.0,0.0,0.0,1.0
5,30,12.0,11.685582467803044,0.0,0.0,1.0,0.0,0.0,0.0
6,30,7.351753909039641,7.810241547511625,0.0,0.0,0.0,0.0,0.0,1.0
7,30,10.016635517482134,10.385507715102063,0.0,0.0,1.0,0.0,1.0,0.0
8,30,10.82367761839522,7.35494188726518,1.0,1.0,0.0,1.0,1.0,1.0
9,30,7.600159373086608,10.806782176070206,0.0,1.0,0.0,1.0,0.0,0.0
10,30,10.20836617961523,6.959572451401491,1.0,0.0,0.0,0.0,0.0,1.0
11,30,3.544462250790428,3.1493132858920654,0.0,0.0,1.0,0.0,1.0,0.0
12,30,3.0995685255471064,11.138127749364408,0.0,0.0,1.0,1.0,0.0,1.0
13,30,0.0,8.249508916165468,1.0,0.0,0.0,1.0,0.0,1.0
14,30,9.82859292370162,9.096380913015146,0.0,0.0,0.0,1.0,0.0,0.0
15,30,8.762786717395523,8.694147055819672,0.0,1.0,0.0,1.0,0.0,1.0
16,30,0.8136867941230572,8.69452622451175,0.0,0.0,0.0,1.0,1.0,0.0
17,30,0.0703622802763458,2.386088519183194,1.0,0.0,1.0,0.0,0.0,1.0
18,30,7.993821006572009,11.32900458279418,1.0,1.0,0.0,0.0,1.0,0.0
19,30,1.139318012575599,0.870953297423216,1.0,1.0,0.0,0.0,0.0,0.0
20,30,9.909465794880653,7.012168465314944,0.0,0.0,0.0,0.0,0.0,1.0
21,30,6.071989890400132,1.9954868666659284,1.0,1.0,0.0,0.0,1.0,0.0
22,30,8.022992868554594,12.0,1.0,0.0,0.0,1.0,0.0,0.0
23,30,3.728892529978968,9.354609340683192,0.0,1.0,0.0,0.0,0.0,0.0
24,30,11.38061756697611,4.249120136011538,1.0,1.0,1.0,0.0,1.0,1.0
25,30,3.764114259921375,7.809134622270537,0.0,0.0,0.0,0.0,1.0,1.0
26,30,9.196814370994773,3.781655186738943,1.0,0.0,1.0,0.0,0.0,0.0
27,30,5.354168376510288,11.91885249235559,0.0,1.0,1.0,1.0,0.0,1.0
28,30,1.4494594137128312,7.052118663025429,0.0,1.0,1.0,1.0,1.0,0.0
29,30,8.79025227123673,8.081801089076997,1.0,0.0,1.0,1.0,0.0,0.0
30,30,7.580683149354561,10.692315061742464,1.0,1.0,1.0,0.0,0.0,0.0
31,30,11.648363080243865,2.2147573410527643,1.0,0.0,0.0,0.0,1.0,0.0
32,30,8.539131858357448,4.852026396733725,0.0,0.0,0.0,0.0,1.0,1.0
33,30,8.920907107705446,10.062632384009612,1.0,0.0,1.0,1.0,1.0,0.0
34,30,0.0634642378165156,2.5528462533983247,0.0,0.0,1.0,0.0,0.0,1.0
35,30,6.869999887417792,0.7993186605223018,0.0,1.0,0.0,0.0,1.0,1.0
36,30,1.082327943182347,7.284585300420171,0.0,1.0,0.0,1.0,0.0,0.0
37,30,5.4615884745638725,11.07128232515675,0.0,1.0,0.0,0.0,0.0,1.0
38,30,0.0991697890032625,7.01193497180186,1.0,0.0,0.0,1.0,1.0,1.0
39,30,6.880475056405706,1.5005442637717337,0.0,0.0,1.0,0.0,0.0,1.0
0,35,11.018960471056609,2.343489152941562,0.0,1.0,1.0,0.0,0.0,1.0
1,35,6.562561964027345,1.9984888835701244,1.0,1.0,1.0,0.0,0.0,1.0
2,35,10.382798095779586,0.8288873722459954,1.0,0.0,0.0,0.0,0.0,0.0
3,35,11.999433334766763,0.1297197868529911,0.0,0.0,1.0,0.0,1.0,0.0
4,35,10.774458968853835,0.4769997849330517,0.0,0.0,0.0,0.0,0.0,1.0
5,35,12.0,11.61714170369592,0.0,0.0,1.0,0.0,0.0,0.0
6,35,7.409972874447337,7.781662029300804,0.0,0.0,0.0,0.0,0.0,1.0
7,35,10.019729814402424,10.436278949448631,0.0,0.0,1.0,0.0,1.0,0.0
8,35,10.797597773094935,7.405052729718808,1.0,1.0,0.0,1.0,1.0,1.0
9,35,7.519475412453969,10.768542449563911,0.0,1.0,0.0,1.0,0.0,0.0
10,35,10.2755868274863,6.969046148745164,1.0,0.0,0.0,0.0,0.0,1.0
11,35,3.4794034372228846,3.169569427063354,0.0,0.0,1.0,0.0,1.0,0.0
12,35,3.0909318925029465,11.12587811284779,0.0,0.0,1.0,1.0,0.0,1.0
13,35,0.0009838552631838,8.239001755036343,1.0,0.0,0.0,1.0,0.0,1.0
14,35,9.835856812529205,9.09228658041303,0.0,0.0,0.0,1.0,0.0,0.0
15,35,8.743376306596215,8.668972337381033,0.0,1.0,0.0,1.0,0.0,1.0
16,35,0.7593029198605753,8.649664840066706,0.0,0.0,0.0,1.0,1.0,0.0
17,35,0.0829273656080131,2.4786408048394137,1.0,0.0,1.0,0.0,0.0,1.0
18,35,7.993605941407922,11.378456848694414,1.0,1.0,0.0,0.0,1.0,0.0
19,35,1.1581017994824525,0.8537686650266754,1.0,1.0,0.0,0.0,0.0,0.0
20,35,9.917630765668768,7.011042705271582,0.0,0.0,0.0,0.0,0.0,1.0
21,35,6.083330401726014,1.9944563279195504,1.0,1.0,0.0,0.0,1.0,0.0
22,35,8.02636386404191,12.0,1.0,0.0,0.0,1.0,0.0,0.0
23,35,3.67614510547153,9.4271730561258,0.0,1.0,0.0,0.0,0.0,0.0
24,35,11.44798784692206,4.290808475475084,1.0,1.0,1.0,0.0,1.0,1.0
25,35,3.73078264261107,7.943119160442542,0.0,0.0,0.0,0.0,1.0,1.0
26,35,9.203656526419724,3.774362338800441,1.0,0.0,1.0,0.0,0.0,0.0
27,35,5.212887511759384,11.899650940239551,0.0,1.0,1.0,1.0,0.0,1.0
28,35,1.5256533228989764,7.06594635974874,0.0,1.0,1.0,1.0,1.0,0.0
29,35,8.772955803724251,8.088861564498801,1.0,0.0,1.0,1.0,0.0,0.0
30,35,7.503227216840137,10.82193292339546,1.0,1.0,1.0,0.0,0.0,0.0
31,35,11.601463443385338,2.246388919450561,1.0,0.0,0.0,0.0,1.0,0.0
32,35,8.436011647027817,4.819407661431788,0.0,0.0,0.0,0.0,1.0,1.0
33,35,8.915247641277892,10.06717087271623,1.0,0.0,1.0,1.0,1.0,0.0
34,35,0.0698581009480203,2.646148208481417,0.0,0.0,1.0,0.0,0.0,1.0
35,35,6.850468629196863,0.7813169509128676,0.0,1.0,0.0,0.0,1.0,1.0
36,35,1.094350768976699,7.323295576562613,0.0,1.0,0.0,1.0,0.0,0.0
37,35,5.330389390051773,11.09050981356488,0.0,1.0,0.0,0.0,0.0,1.0
38,35,0.0904485200002945,7.001476439817721,1.0,0.0,0.0,1.0,1.0,1.0
39,35,6.8601594757561175,1.4221230814711456,0.0,0.0,1.0,0.0,0.0,1.0
0,40,11.019281933286967,2.3511287822080686,0.0,1.0,1.0,0.0,0.0,1.0
1,40,6.519743802980606,1.9952255645348809,1.0,1.0,1.0,0.0,0.0,1.0
2,40,10.428055807783458,0.8064461090157792,1.0,0.0,0.0,0.0,0.0,0.0
3,40,12.0,0.1399081436910286,0.0,0.0,1.0,0.0,1.0,0.0
4,40,10.737927434804773,0.5482297729217468,0.0,0.0,0.0,0.0,0.0,1.0
5,40,12.0,11.54439700819596,0.0,0.0,1.0,0.0,0.0,0.0
6,40,7.452635860598412,7.761350970182611,0.0,0.0,0.0,0.0,0.0,1.0
7,40,10.024522619709384,10.509515473451028,0.0,0.0,1.0,0.0,1.0,0.0
8,40,10.77812204464012,7.443284500398695,1.0,1.0,0.0,1.0,1.0,1.0
9,40,7.439959873885913,10.731277330532642,0.0,1.0,0.0,1.0,0.0,0.0
10,40,10.343975092490911,6.979835378520049,1.0,0.0,0.0,0.0,0.0,1.0
11,40,3.4038041183898446,3.192921772337413,0.0,0.0,1.0,0.0,1.0,0.0
12,40,3.0835338682271574,11.11508402577054,0.0,0.0,1.0,1.0,0.0,1.0
13,40,0.0026714668005749,8.219327940082351,1.0,0.0,0.0,1.0,0.0,1.0
14,40,9.851178132833464,9.083869259082464,0.0,0.0,0.0,1.0,0.0,0.0
15,40,8.723076882478217,8.6418267895594,0.0,1.0,0.0,1.0,0.0,1.0
16,40,0.6941167954065282,8.599358879408364,0.0,0.0,0.0,1.0,1.0,0.0
17,40,0.0934091889031218,2.554217455470967,1.0,0.0,1.0,0.0,0.0,1.0
18,40,7.99474582158098,11.446166288371524,1.0,1.0,0.0,0.0,1.0,0.0
19,40,1.1806896069021815,0.8316810162113621,1.0,1.0,0.0,0.0,0.0,0.0
20,40,9.918264607744703,7.010959092671721,0.0,0.0,0.0,0.0,0.0,1.0
21,40,6.079284412171108,1.994722880231797,1.0,1.0,0.0,0.0,1.0,0.0
22,40,8.028103837178945,12.0,1.0,0.0,0.0,1.0,0.0,0.0
23,40,3.634781122894215,9.482742808377244,0.0,1.0,0.0,0.0,0.0,0.0
24,40,11.505363968930329,4.327674036501998,1.0,1.0,1.0,0.0,1.0,1.0
25,40,3.69011329422013,8.098514518117536,0.0,0.0,0.0,0.0,1.0,1.0
26,40,9.198471372799164,3.779609596845016,1.0,0.0,1.0,0.0,0.0,0.0
27,40,5.063519789991068,11.879116094040205,0.0,1.0,1.0,1.0,0.0,1.0
28,40,1.613469597259936,7.080020472479981,0.0,1.0,1.0,1.0,1.0,0.0
29,40,8.753175240276134,8.097182986067684,1.0,0.0,1.0,1.0,0.0,0.0
30,40,7.420247666998563,10.961414947826452,1.0,1.0,1.0,0.0,0.0,0.0
31,40,11.561442708998769,2.2723731887961427,1.0,0.0,0.0,0.0,1.0,0.0
32,40,8.347581404869254,4.789610573254904,0.0,0.0,0.0,0.0,1.0,1.0
33,40,8.912200017298902,10.069705616941931,1.0,0.0,1.0,1.0,1.0,0.0
34,40,0.0769926883231552,2.7496809052646767,0.0,0.0,1.0,0.0,0.0,1.0
35,40,6.796733022489545,0.7340877990095027,0.0,1.0,0.0,0.0,1.0,1.0
36,40,1.109631039759189,7.371911996762377,0.0,1.0,0.0,1.0,0.0,0.0
37,40,5.217224740791962,11.106667340790278,0.0,1.0,0.0,0.0,0.0,1.0
38,40,0.0765520045157363,6.983667007392712,1.0,0.0,0.0,1.0,1.0,1.0
39,40,6.844716983149609,1.359300806439117,0.0,0.0,1.0,0.0,0.0,1.0
0,45,11.01926720880464,2.3507612612015856,0.0,1.0,1.0,0.0,0.0,1.0
1,45,6.466295888288805,1.9913144767124071,1.0,1.0,1.0,0.0,0.0,1.0
2,45,10.484358374185575,0.778359054051675,1.0,0.0,0.0,0.0,0.0,0.0
3,45,12.0,0.1773618961164811,0.0,0.0,1.0,0.0,1.0,0.0
4,45,10.707881378688167,0.6058292353842765,0.0,0.0,0.0,0.0,0.0,1.0
5,45,12.0,11.474328529933786,0.0,0.0,1.0,0.0,0.0,0.0
6,45,7.490143162424476,7.743326887165722,0.0,0.0,0.0,0.0,0.0,1.0
7,45,10.027739519561006,10.560792269694051,0.0,0.0,1.0,0.0,1.0,0.0
8,45,10.771802831247534,7.45511529297714,1.0,1.0,0.0,1.0,1.0,1.0
9,45,7.348803121275218,10.68619739863356,0.0,1.0,0.0,1.0,0.0,0.0
10,45,10.411021254828803,6.991820024126088,1.0,0.0,0.0,0.0,0.0,1.0
11,45,3.31043738251244,3.222599497391629,0.0,0.0,1.0,0.0,1.0,0.0
12,45,3.077067299455792,11.10568678419754,0.0,0.0,1.0,1.0,0.0,1.0
13,45,0.0043295874102812,8.204866441553657,1.0,0.0,0.0,1.0,0.0,1.0
14,45,9.859147558672417,9.079708774007488,0.0,0.0,0.0,1.0,0.0,0.0
15,45,8.705758968534694,8.61851772782907,0.0,1.0,0.0,1.0,0.0,1.0
16,45,0.6242187912802146,8.54633106069781,0.0,0.0,0.0,1.0,1.0,0.0
17,45,0.1052714864488496,2.6381349970738577,1.0,0.0,1.0,0.0,0.0,1.0
18,45,7.996275050375893,11.522889985589371,1.0,1.0,0.0,0.0,1.0,0.0
19,45,1.209136661015184,0.8033915194996618,1.0,1.0,0.0,0.0,0.0,0.0
20,45,9.917429410700043,7.011050483780587,0.0,0.0,0.0,0.0,0.0,1.0
21,45,6.084430379893147,1.9944691883001215,1.0,1.0,0.0,0.0,1.0,0.0
22,45,8.02989510874966,12.0,1.0,0.0,0.0,1.0,0.0,0.0
23,45,3.5919323318630134,9.54370297825419,0.0,1.0,0.0,0.0,0.0,0.0
24,45,11.564884602244463,4.366085515472593,1.0,1.0,1.0,0.0,1.0,1.0
25,45,3.6426738899956295,8.258222582689829,0.0,0.0,0.0,0.0,1.0,1.0
26,45,9.192245652045491,3.786042871630933,1.0,0.0,1.0,0.0,0.0,0.0
27,45,4.919457824509162,11.861100111065848,0.0,1.0,1.0,1.0,0.0,1.0
28,45,1.6882648832340277,7.090255055213623,0.0,1.0,1.0,1.0,1.0,0.0
29,45,8.732661355946705,8.105791392457661,1.0,0.0,1.0,1.0,0.0,0.0
30,45,7.334267496999372,11.105353554708069,1.0,1.0,1.0,0.0,0.0,0.0
31,45,11.53437445367244,2.290073832891651,1.0,0.0,0.0,0.0,1.0,0.0
32,45,8.265814929393345,4.762026773327803,0.0,0.0,0.0,0.0,1.0,1.0
33,45,8.873044725974143,10.10369573324364,1.0,0.0,1.0,1.0,1.0,0.0
34,45,0.0784131670607163,2.8312888551161524,0.0,0.0,1.0,0.0,0.0,1.0
35,45,6.738681324885451,0.6833506950117414,0.0,1.0,0.0,0.0,1.0,1.0
36,45,1.058371003644007,7.387258205679605,0.0,1.0,0.0,1.0,0.0,0.0
37,45,5.09240044009907,11.124837430733878,0.0,1.0,0.0,0.0,0.0,1.0
38,45,0.0520489465320339,6.952346867643482,1.0,0.0,0.0,1.0,1.0,1.0
39,45,6.83570698639696,1.3222805153598434,0.0,0.0,1.0,0.0,0.0,1.0
0,50,11.018814575141072,2.341282817419528,0.0,1.0,1.0,0.0,0.0,1.0
1,50,6.413469896115674,1.988042422558841,1.0,1.0,1.0,0.0,0.0,1.0
2,50,10.460571013512295,0.7323835236775419,1.0,0.0,0.0,0.0,0.0,0.0
3,50,12.0,0.2019327210000024,0.0,0.0,1.0,0.0,1.0,0.0
4,50,10.686305540015374,0.647654578844656,0.0,0.0,0.0,0.0,0.0,1.0
5,50,12.0,11.413880900868056,0.0,0.0,1.0,0.0,0.0,0.0
6,50,7.534377325819675,7.721941230834452,0.0,0.0,0.0,0.0,0.0,1.0
7,50,10.031132763035364,10.614480122972632,0.0,0.0,1.0,0.0,1.0,0.0
8,50,10.774102900829364,7.4506548743261,1.0,1.0,0.0,1.0,1.0,1.0
9,50,7.256464277899616,10.646431604604992,0.0,1.0,0.0,1.0,0.0,0.0
10,50,10.517946555187976,7.00713918134207,1.0,0.0,0.0,0.0,0.0,1.0
11,50,3.2147645580154847,3.2555510404999084,0.0,0.0,1.0,0.0,1.0,0.0
12,50,3.052529250438895,11.070098409133289,0.0,0.0,1.0,1.0,0.0,1.0
13,50,0.005796457134153,8.189765508217574,1.0,0.0,0.0,1.0,0.0,1.0
14,50,9.85564638179751,9.08146160403978,0.0,0.0,0.0,1.0,0.0,0.0
15,50,8.696981861954516,8.607131202230724,0.0,1.0,0.0,1.0,0.0,1.0
16,50,0.5473344094673751,8.488899657150704,0.0,0.0,0.0,1.0,1.0,0.0
17,50,0.1158132228877637,2.7178600979146874,1.0,0.0,1.0,0.0,0.0,1.0
18,50,7.99852616740819,11.583793741846003,1.0,1.0,0.0,0.0,1.0,0.0
19,50,1.2447775699712855,0.7688828028496891,1.0,1.0,0.0,0.0,0.0,0.0
20,50,9.92612927450893,7.010077631487974,0.0,0.0,0.0,0.0,0.0,1.0
21,50,6.090433403935346,1.994169933900819,1.0,1.0,0.0,0.0,1.0,0.0
22,50,8.030429392390928,12.0,1.0,0.0,0.0,1.0,0.0,0.0
23,50,3.546409987181365,9.606915701689392,0.0,1.0,0.0,0.0,0.0,0.0
24,50,11.631727372998794,4.409366669051609,1.0,1.0,1.0,0.0,1.0,1.0
25,50,3.600514320256832,8.398293275315547,0.0,0.0,0.0,0.0,1.0,1.0
26,50,9.208032825025128,3.769985332289302,1.0,0.0,1.0,0.0,0.0,0.0
27,50,4.7953351078766415,11.841954906170244,0.0,1.0,1.0,1.0,0.0,1.0
28,50,1.7723609055823188,7.101449457376293,0.0,1.0,1.0,1.0,1.0,0.0
29,50,8.713370975667539,8.11403039341862,1.0,0.0,1.0,1.0,0.0,0.0
30,50,7.249315017956813,11.250977085683996,1.0,1.0,1.0,0.0,0.0,0.0
31,50,11.5009053115633,2.312018597750489,1.0,0.0,0.0,0.0,1.0,0.0
32,50,8.20172535279371,4.737785424325683,0.0,0.0,0.0,0.0,1.0,1.0
33,50,8.844245819682806,10.128999731718263,1.0,0.0,1.0,1.0,1.0,0.0
34,50,0.0801363591546816,2.9117362057465583,0.0,0.0,1.0,0.0,0.0,1.0
35,50,6.682073052927669,0.6318896940232943,0.0,1.0,0.0,0.0,1.0,1.0
36,50,1.008251211789146,7.402330914733751,0.0,1.0,0.0,1.0,0.0,0.0
37,50,4.953910835938662,11.139847850109428,0.0,1.0,0.0,0.0,0.0,1.0
38,50,0.0287846245611775,6.920456141339567,1.0,0.0,0.0,1.0,1.0,1.0
39,50,6.829298968967474,1.295271850688901,0.0,0.0,1.0,0.0,0.0,1.0
0,55,11.018339786182931,2.327908258708447,0.0,1.0,1.0,0.0,0.0,1.0
1,55,6.347094750359347,1.9838061115681649,1.0,1.0,1.0,0.0,0.0,1.0
2,55,10.439690120926384,0.691490555183259,1.0,0.0,0.0,0.0,0.0,0.0
3,55,12.0,0.2227762877119177,0.0,0.0,1.0,0.0,1.0,0.0
4,55,10.658518286105288,0.7015394022855046,0.0,0.0,0.0,0.0,0.0,1.0
5,55,12.0,11.368111710660092,0.0,0.0,1.0,0.0,0.0,0.0
6,55,7.546042190229102,7.716469601225224,0.0,0.0,0.0,0.0,0.0,1.0
7,55,10.0362836622465,10.683177857366982,0.0,0.0,1.0,0.0,1.0,0.0
8,55,10.778633920352137,7.441167100745124,1.0,1.0,0.0,1.0,1.0,1.0
9,55,7.177045523022038,10.613330529772869,0.0,1.0,0.0,1.0,0.0,0.0
10,55,10.619414518740417,7.023518128359101,1.0,0.0,0.0,0.0,0.0,1.0
11,55,3.127083863049613,3.2832286569650067,0.0,0.0,1.0,0.0,1.0,0.0
12,55,3.028899401769547,11.037725865189476,0.0,0.0,1.0,1.0,0.0,1.0
13,55,0.0071134869584115,8.17914959119216,1.0,0.0,0.0,1.0,0.0,1.0
14,55,9.84949128567745,9.084619500786618,0.0,0.0,0.0,1.0,0.0,0.0
15,55,8.682038360082789,8.588345960532633,0.0,1.0,0.0,1.0,0.0,1.0
16,55,0.4458807098832786,8.409233510374854,0.0,0.0,0.0,1.0,1.0,0.0
17,55,0.1254407814642384,2.788150100064532,1.0,0.0,1.0,0.0,0.0,1.0
18,55,8.001624676512307,11.654107520514057,1.0,1.0,0.0,0.0,1.0,0.0
19,55,1.2855151008268957,0.7290398027625692,1.0,1.0,0.0,0.0,0.0,0.0
20,55,9.9411741966871,7.008158613295858,0.0,0.0,0.0,0.0,0.0,1.0
21,55,6.056629107526256,1.996035883239285,1.0,1.0,0.0,0.0,1.0,0.0
22,55,8.0302719173532,11.995624037157851,1.0,0.0,0.0,1.0,0.0,0.0
23,55,3.4945504887923886,9.673855372370037,0.0,1.0,0.0,0.0,0.0,0.0
24,55,11.69574728591968,4.452791108989763,1.0,1.0,1.0,0.0,1.0,1.0
25,55,3.5599525786613797,8.539200577113892,0.0,0.0,0.0,0.0,1.0,1.0
26,55,9.233654224509904,3.742455285454197,1.0,0.0,1.0,0.0,0.0,0.0
27,55,4.667506354002756,11.824027940562312,0.0,1.0,1.0,1.0,0.0,1.0
28,55,1.858767347889546,7.114766671861313,0.0,1.0,1.0,1.0,1.0,0.0
29,55,8.696861984925015,8.120903284888184,1.0,0.0,1.0,1.0,0.0,0.0
30,55,7.172374392291353,11.385452840659315,1.0,1.0,1.0,0.0,0.0,0.0
31,55,11.477495251434874,2.3282038278876134,1.0,0.0,0.0,0.0,1.0,0.0
32,55,8.127100870732866,4.707893910522178,0.0,0.0,0.0,0.0,1.0,1.0
33,55,8.824184535742882,10.146470725299736,1.0,0.0,1.0,1.0,1.0,0.0
34,55,0.0815855084498676,2.971982474275788,0.0,0.0,1.0,0.0,0.0,1.0
35,55,6.62247559150978,0.5764742682721615,0.0,1.0,0.0,0.0,1.0,1.0
36,55,0.9482939520186214,7.419477924841898,0.0,1.0,0.0,1.0,0.0,0.0
37,55,4.821815322123412,11.155145982818434,0.0,1.0,0.0,0.0,0.0,1.0
38,55,0.0,6.860533360167419,1.0,0.0,0.0,1.0,1.0,1.0
39,55,6.825646152144256,1.2799301772307805,0.0,0.0,1.0,0.0,0.0,1.0
0,60,11.017944319802758,2.3051912622511304,0.0,1.0,1.0,0.0,0.0,1.0
1,60,6.276013860177776,1.9800004724222304,1.0,1.0,1.0,0.0,0.0,1.0
2,60,10.41763122407019,0.6484290708591588,1.0,0.0,0.0,0.0,0.0,0.0
3,60,12.0,0.2437170155942634,0.0,0.0,1.0,0.0,1.0,0.0
4,60,10.637896439736709,0.7398443628032659,0.0,0.0,0.0,0.0,0.0,1.0
5,60,12.0,11.321977217537146,0.0,0.0,1.0,0.0,0.0,0.0
6,60,7.546716793730541,7.716157098562667,0.0,0.0,0.0,0.0,0.0,1.0
7,60,10.038217115862794,10.71705593373483,0.0,0.0,1.0,0.0,1.0,0.0
8,60,10.792027304601492,7.412047400330405,1.0,1.0,0.0,1.0,1.0,1.0
9,60,7.0784031427502505,10.571959547128063,0.0,1.0,0.0,1.0,0.0,0.0
10,60,10.693195201762212,7.034769755582322,1.0,0.0,0.0,0.0,0.0,1.0
11,60,3.028454142279599,3.313223402571414,0.0,0.0,1.0,0.0,1.0,0.0
12,60,3.0015864688338576,11.000301601538158,0.0,0.0,1.0,1.0,0.0,1.0
13,60,0.0060458487173266,8.187651633036827,1.0,0.0,0.0,1.0,0.0,1.0
14,60,9.849311676657887,9.084710081420525,0.0,0.0,0.0,1.0,0.0,0.0
15,60,8.671543058142985,8.574625804515243,0.0,1.0,0.0,1.0,0.0,1.0
16,60,0.3313937556428205,8.322411082773785,0.0,0.0,0.0,1.0,1.0,0.0
17,60,0.1347179855703879,2.842968540946765,1.0,0.0,1.0,0.0,0.0,1.0
18,60,8.002561470169299,11.715245291820938,1.0,1.0,0.0,0.0,1.0,0.0
19,60,1.338022894627848,0.6763276907594762,1.0,1.0,0.0,0.0,0.0,0.0
20,60,9.957502303047912,7.00580698102594,0.0,0.0,0.0,0.0,0.0,1.0
21,60,6.038668986799676,1.9968826003212528,1.0,1.0,0.0,0.0,1.0,0.0
22,60,8.02883185143954,11.971685911366126,1.0,0.0,0.0,1.0,0.0,0.0
23,60,3.429968848553372,9.75781394326577,0.0,1.0,0.0,0.0,0.0,0.0
24,60,11.760476337932117,4.4974160027194925,1.0,1.0,1.0,0.0,1.0,1.0
25,60,3.5185322349296424,8.693158599423288,0.0,0.0,0.0,0.0,1.0,1.0
26,60,9.27931935774219,3.6961220605857847,1.0,0.0,1.0,0.0,0.0,0.0
27,60,4.522849383057711,11.805048120595224,0.0,1.0,1.0,1.0,0.0,1.0
28,60,1.960714992510329,7.134008192674179,0.0,1.0,1.0,1.0,1.0,0.0
29,60,8.695067431521302,8.121675179975295,1.0,0.0,1.0,1.0,0.0,0.0
30,60,7.101132663658258,11.51385546054886,1.0,1.0,1.0,0.0,0.0,0.0
31,60,11.434478038460906,2.3586053294568416,1.0,0.0,0.0,0.0,1.0,0.0
32,60,8.041281882018673,4.674854479866204,0.0,0.0,0.0,0.0,1.0,1.0
33,60,8.809959203920938,10.15954283524528,1.0,0.0,1.0,1.0,1.0,0.0
34,60,0.0843647036864009,3.0344253379518324,0.0,0.0,1.0,0.0,0.0,1.0
35,60,6.687318928878487,0.5067231877587994,0.0,1.0,0.0,0.0,1.0,1.0
36,60,0.8828776249126069,7.439042451758336,0.0,1.0,0.0,1.0,0.0,0.0
37,60,4.709313177669358,11.166300482213666,0.0,1.0,0.0,0.0,0.0,1.0
38,60,0.0,6.79235081438592,1.0,0.0,0.0,1.0,1.0,1.0
39,60,6.81994691814176,1.255304092569347,0.0,0.0,1.0,0.0,0.0,1.0
0,65,11.017757896521603,2.2864752821521908,0.0,1.0,1.0,0.0,0.0,1.0
1,65,6.206030141765763,1.9765228066177485,1.0,1.0,1.0,0.0,0.0,1.0
2,65,10.405396656282264,0.6246551401959204,1.0,0.0,0.0,0.0,0.0,0.0
3,65,12.0,0.2752897986481748,0.0,0.0,1.0,0.0,1.0,0.0
4,65,10.621905779121567,0.7693207306880443,0.0,0.0,0.0,0.0,0.0,1.0
5,65,12.0,11.262773339821871,0.0,0.0,1.0,0.0,0.0,0.0
6,65,7.536868340324232,7.72057014438426,0.0,0.0,0.0,0.0,0.0,1.0
7,65,10.038701862103334,10.72743523978269,0.0,0.0,1.0,0.0,1.0,0.0
8,65,10.816387978699694,7.3616061376088435,1.0,1.0,0.0,1.0,1.0,1.0
9,65,6.985144651890055,10.533011918627851,0.0,1.0,0.0,1.0,0.0,0.0
10,65,10.774591829145145,7.046919958379297,1.0,0.0,0.0,0.0,0.0,1.0
11,65,2.939795968707433,3.339640075880779,0.0,0.0,1.0,0.0,1.0,0.0
12,65,2.9797148923104984,10.970432234295869,0.0,0.0,1.0,1.0,0.0,1.0
13,65,0.0056486342634105,8.191800972860372,1.0,0.0,0.0,1.0,0.0,1.0
14,65,9.85051400263875,9.08409649731882,0.0,0.0,0.0,1.0,0.0,0.0
15,65,8.6462676344982,8.541044731164117,0.0,1.0,0.0,1.0,0.0,1.0
16,65,0.2096416609356177,8.22671818479591,0.0,0.0,0.0,1.0,1.0,0.0
17,65,0.1442983266143192,2.8993205834122078,1.0,0.0,1.0,0.0,0.0,1.0
18,65,8.002534455718909,11.781104894394232,1.0,1.0,0.0,0.0,1.0,0.0
19,65,1.3838480915030924,0.6300556738471297,1.0,1.0,0.0,0.0,0.0,0.0
20,65,9.974274096634137,7.003122485793445,0.0,0.0,0.0,0.0,0.0,1.0
21,65,5.998290148197816,1.9992840282805695,1.0,1.0,0.0,0.0,1.0,0.0
22,65,8.027688712715333,11.95324417325949,1.0,0.0,0.0,1.0,0.0,0.0
23,65,3.35164636671143,9.693508858811798,0.0,1.0,0.0,0.0,0.0,0.0
24,65,11.821795648717767,4.540266964338166,1.0,1.0,1.0,0.0,1.0,1.0
25,65,3.4817705952168434,8.834168066846392,0.0,0.0,0.0,0.0,1.0,1.0
26,65,9.32199606721846,3.653942843353825,1.0,0.0,1.0,0.0,0.0,0.0
27,65,4.377799350319038,11.786229828962002,0.0,1.0,1.0,1.0,0.0,1.0
28,65,2.0563840241204283,7.14894668259579,0.0,1.0,1.0,1.0,1.0,0.0
29,65,8.691577158713871,8.123239694059652,1.0,0.0,1.0,1.0,0.0,0.0
30,65,7.019254574271847,11.651385959473812,1.0,1.0,1.0,0.0,0.0,0.0
31,65,11.405351306835012,2.3802554245295107,1.0,0.0,0.0,0.0,1.0,0.0
32,65,7.963297600042146,4.645219896124038,0.0,0.0,0.0,0.0,1.0,1.0
33,65,8.782960562926455,10.184370943457449,1.0,0.0,1.0,1.0,1.0,0.0
34,65,0.0883953962843782,3.1059407505721057,0.0,0.0,1.0,0.0,0.0,1.0
35,65,6.761425366749231,0.4277277414317326,0.0,1.0,0.0,0.0,1.0,1.0
36,65,0.8029739313218732,7.46073537898102,0.0,1.0,0.0,1.0,0.0,0.0
37,65,4.61587592952071,11.17546191272674,0.0,1.0,0.0,0.0,0.0,1.0
38,65,0.0,6.735375177968337,1.0,0.0,0.0,1.0,1.0,1.0
39,65,6.81893944029626,1.2507176222133085,0.0,0.0,1.0,0.0,0.0,1.0
0,70,11.017808135332988,2.2911998957215567,0.0,1.0,1.0,0.0,0.0,1.0
1,70,6.156605480155532,1.9743064598569584,1.0,1.0,1.0,0.0,0.0,1.0
2,70,10.38991169235234,0.5939238005364789,1.0,0.0,0.0,0.0,0.0,0.0
3,70,12.0,0.3040997342616257,0.0,0.0,1.0,0.0,1.0,0.0
4,70,10.60616390866084,0.799339910483827,0.0,0.0,0.0,0.0,0.0,1.0
5,70,12.0,11.216219114199516,0.0,0.0,1.0,0.0,0.0,0.0
6,70,7.516366621424997,7.72969164839746,0.0,0.0,0.0,0.0,0.0,1.0
7,70,10.040856794788938,10.773072042170885,0.0,0.0,1.0,0.0,1.0,0.0
8,70,10.844718951531643,7.306776312626673,1.0,1.0,0.0,1.0,1.0,1.0
9,70,6.868400585865326,10.479824792829868,0.0,1.0,0.0,1.0,0.0,0.0
10,70,10.862569686388628,7.059963243109583,1.0,0.0,0.0,0.0,0.0,1.0
11,70,2.83937833643568,3.370521424383959,0.0,0.0,1.0,0.0,1.0,0.0
12,70,2.969138052736666,10.955781043667615,0.0,0.0,1.0,1.0,0.0,1.0
13,70,0.0031918431031686,8.213455264389099,1.0,0.0,0.0,1.0,0.0,1.0
14,70,9.865660698526186,9.076639101168414,0.0,0.0,0.0,1.0,0.0,0.0
15,70,8.612072914489907,8.497491324873732,0.0,1.0,0.0,1.0,0.0,1.0
16,70,0.1182379771769042,8.345226297954277,0.0,0.0,0.0,1.0,1.0,0.0
17,70,0.1554175592571744,2.97370976423184,1.0,0.0,1.0,0.0,0.0,1.0
18,70,8.001725490423695,11.85799203061773,1.0,1.0,0.0,0.0,1.0,0.0
19,70,1.4150969405135445,0.5989751096255125,1.0,1.0,0.0,0.0,0.0,0.0
20,70,10.00238226622737,6.998369567304769,0.0,0.0,0.0,0.0,0.0,1.0
21,70,5.953459814807128,2.0014815717075307,1.0,1.0,0.0,0.0,1.0,0.0
22,70,8.02573858328573,11.925359593612091,1.0,0.0,0.0,1.0,0.0,0.0
23,70,3.2966773063558983,9.645499480638344,0.0,1.0,0.0,0.0,0.0,0.0
24,70,11.897532697995134,4.592323449529636,1.0,1.0,1.0,0.0,1.0,1.0
25,70,3.442328658659258,8.98625267033391,0.0,0.0,0.0,0.0,1.0,1.0
26,70,9.34666893047094,3.628172045367876,1.0,0.0,1.0,0.0,0.0,0.0
27,70,4.227696936189416,11.769262339382582,0.0,1.0,1.0,1.0,0.0,1.0
28,70,2.17346994264032,7.165671485382379,0.0,1.0,1.0,1.0,1.0,0.0
29,70,8.69390559991692,8.12217536795774,1.0,0.0,1.0,1.0,0.0,0.0
30,70,6.934620188698943,11.792855369291496,1.0,1.0,1.0,0.0,0.0,0.0
31,70,11.360092876450938,2.412935457970644,1.0,0.0,0.0,0.0,1.0,0.0
32,70,7.870509542969717,4.605548164324683,0.0,0.0,0.0,0.0,1.0,1.0
33,70,8.758218870831124,10.207960516902697,1.0,0.0,1.0,1.0,1.0,0.0
34,70,0.0911769567645922,3.1576461556895805,0.0,0.0,1.0,0.0,0.0,1.0
35,70,6.836835165343965,0.3433472191048968,0.0,1.0,0.0,0.0,1.0,1.0
36,70,0.7120804951493572,7.482018479335623,0.0,1.0,0.0,1.0,0.0,0.0
37,70,4.536633988745416,11.183551300722666,0.0,1.0,0.0,0.0,0.0,1.0
38,70,0.0,6.670511754791168,1.0,0.0,0.0,1.0,1.0,1.0
39,70,6.816692042872657,1.240247704685679,0.0,0.0,1.0,0.0,0.0,1.0
0,75,11.01867803719406,2.328839359719369,0.0,1.0,1.0,0.0,0.0,1.0
1,75,6.095933073670395,1.970973748834611,1.0,1.0,1.0,0.0,0.0,1.0
2,75,10.36638031370065,0.5467744389543625,1.0,0.0,0.0,0.0,0.0,0.0
3,75,12.0,0.341749312878706,0.0,0.0,1.0,0.0,1.0,0.0
4,75,10.58781450596299,0.8346295210747877,0.0,0.0,0.0,0.0,0.0,1.0
5,75,12.0,11.138408456622006,0.0,0.0,1.0,0.0,0.0,0.0
6,75,7.491375206976447,7.741765942339168,0.0,0.0,0.0,0.0,0.0,1.0
7,75,10.04458401201586,10.82523614537936,0.0,0.0,1.0,0.0,1.0,0.0
8,75,10.872635369383412,7.253136353464206,1.0,1.0,0.0,1.0,1.0,1.0
9,75,6.745474675359208,10.42583790486123,0.0,1.0,0.0,1.0,0.0,0.0
10,75,10.926462930299571,7.070553191698884,1.0,0.0,0.0,0.0,0.0,1.0
11,75,2.75165683266241,3.399239258397772,0.0,0.0,1.0,0.0,1.0,0.0
12,75,2.9654603844800524,10.950672353783872,0.0,0.0,1.0,1.0,0.0,1.0
13,75,0.0,8.264492311028707,1.0,0.0,0.0,1.0,0.0,1.0
14,75,9.890505111300994,9.064887443730935,0.0,0.0,0.0,1.0,0.0,0.0
15,75,8.577338158188986,8.45450389571664,0.0,1.0,0.0,1.0,0.0,1.0
16,75,0.0254178915442936,8.4676583514841,0.0,0.0,0.0,1.0,1.0,0.0
17,75,0.1700129246756167,3.069385392906925,1.0,0.0,1.0,0.0,0.0,1.0
18,75,8.002450376559516,11.925976624594108,1.0,1.0,0.0,0.0,1.0,0.0
19,75,1.4553801586481006,0.5599676625113205,1.0,1.0,0.0,0.0,0.0,0.0
20,75,10.051983448576502,6.9917510886320375,0.0,0.0,0.0,0.0,0.0,1.0
21,75,5.913075527546689,2.0030940480245483,1.0,1.0,0.0,0.0,1.0,0.0
22,75,8.024296804286667,11.903963508991604,1.0,0.0,0.0,1.0,0.0,0.0
23,75,3.2521031930176627,9.60502064144825,0.0,1.0,0.0,0.0,0.0,0.0
24,75,11.976642464060232,4.646150203821881,1.0,1.0,1.0,0.0,1.0,1.0
25,75,3.4054113874079825,9.139043916673424,0.0,0.0,0.0,0.0,1.0,1.0
26,75,9.370878377860056,3.6037850847676394,1.0,0.0,1.0,0.0,0.0,0.0
27,75,4.059091302135135,11.75281907950222,0.0,1.0,1.0,1.0,0.0,1.0
28,75,2.298879966442549,7.183204587049175,0.0,1.0,1.0,1.0,1.0,0.0
29,75,8.683447142743002,8.127034080326842,1.0,0.0,1.0,1.0,0.0,0.0
30,75,6.849672125701711,11.933320247670478,1.0,1.0,1.0,0.0,0.0,0.0
31,75,11.2906279880179,2.4632820436609064,1.0,0.0,0.0,0.0,1.0,0.0
32,75,7.772855935761165,4.56516785459427,0.0,0.0,0.0,0.0,1.0,1.0
33,75,8.736697805595643,10.228993655665384,1.0,0.0,1.0,1.0,1.0,0.0
34,75,0.0943164732942668,3.2049733030210503,0.0,0.0,1.0,0.0,0.0,1.0
35,75,6.9122600372484255,0.2547061161866479,0.0,1.0,0.0,0.0,1.0,1.0
36,75,0.6916149028083365,7.395602888627195,0.0,1.0,0.0,1.0,0.0,0.0
37,75,4.4560254451748005,11.190972952540228,0.0,1.0,0.0,0.0,0.0,1.0
38,75,0.0,6.613036544194488,1.0,0.0,0.0,1.0,1.0,1.0
39,75,6.8199160138285535,1.254456780246192,0.0,0.0,1.0,0.0,0.0,1.0
0,80,11.019823515215018,2.363564580530334,0.0,1.0,1.0,0.0,0.0,1.0
1,80,6.063025928772513,1.9693623887207528,1.0,1.0,1.0,0.0,0.0,1.0
2,80,10.341447409902624,0.4982868616640063,1.0,0.0,0.0,0.0,0.0,0.0
3,80,12.0,0.3757080096566987,0.0,0.0,1.0,0.0,1.0,0.0
4,80,10.575648780938534,0.8589115790807168,0.0,0.0,0.0,0.0,0.0,1.0
5,80,12.0,11.076473709116703,0.0,0.0,1.0,0.0,0.0,0.0
6,80,7.475396778958052,7.750008734143153,0.0,0.0,0.0,0.0,0.0,1.0
7,80,10.04742584020511,10.867759643026968,0.0,0.0,1.0,0.0,1.0,0.0
8,80,10.905827848664496,7.187016115213845,1.0,1.0,0.0,1.0,1.0,1.0
9,80,6.624217434243373,10.369362361077668,0.0,1.0,0.0,1.0,0.0,0.0
10,80,10.980628245082896,7.079848715411449,1.0,0.0,0.0,0.0,0.0,1.0
11,80,2.639916213379634,3.43088575772158,0.0,0.0,1.0,0.0,1.0,0.0
12,80,2.956037779539749,10.93780925555577,0.0,0.0,1.0,1.0,0.0,1.0
13,80,0.0,8.330489465050308,1.0,0.0,0.0,1.0,0.0,1.0
14,80,9.931236248468156,9.046313282967503,0.0,0.0,0.0,1.0,0.0,0.0
15,80,8.56333369101014,8.437737078410295,0.0,1.0,0.0,1.0,0.0,1.0
16,80,0.0,8.592672666825454,0.0,0.0,0.0,1.0,1.0,0.0
17,80,0.1807795409123612,3.149037544893161,1.0,0.0,1.0,0.0,0.0,1.0
18,80,8.00245319547431,11.985267327885085,1.0,1.0,0.0,0.0,1.0,0.0
19,80,1.4922884231735698,0.5244013187502754,1.0,1.0,0.0,0.0,0.0,0.0
20,80,10.110790270115848,6.985693388118737,0.0,0.0,0.0,0.0,0.0,1.0
21,80,5.859324018130431,2.0033989060760957,1.0,1.0,0.0,0.0,1.0,0.0
22,80,8.024001893728792,11.899800029637891,1.0,0.0,0.0,1.0,0.0,0.0
23,80,3.2069072326398507,9.56621738025746,0.0,1.0,0.0,0.0,0.0,0.0
24,80,12.0,4.713871215434589,1.0,1.0,1.0,0.0,1.0,1.0
25,80,3.3727471821930943,9.299845521611868,0.0,0.0,0.0,0.0,1.0,1.0
26,80,9.379817004723373,3.5946277361617924,1.0,0.0,1.0,0.0,0.0,0.0
27,80,3.914858555870975,11.740132798057756,0.0,1.0,1.0,1.0,0.0,1.0
28,80,2.414192732572837,7.196185084625014,0.0,1.0,1.0,1.0,1.0,0.0
29,80,8.677104619090386,8.130019526544686,1.0,0.0,1.0,1.0,0.0,0.0
30,80,6.772349916949806,12.0,1.0,1.0,1.0,0.0,0.0,0.0
31,80,11.21698326992533,2.518083181336979,1.0,0.0,0.0,0.0,1.0,0.0
32,80,7.671445142379237,4.526196961473823,0.0,0.0,0.0,0.0,1.0,1.0
33,80,8.713599964342112,10.2523386601018,1.0,0.0,1.0,1.0,1.0,0.0
34,80,0.0985792036881376,3.265387846391496,0.0,0.0,1.0,0.0,0.0,1.0
35,80,6.99504598923324,0.1554710565224185,0.0,1.0,0.0,0.0,1.0,1.0
36,80,0.6729464385281833,7.316596242597748,0.0,1.0,0.0,1.0,0.0,0.0
37,80,4.355378092429891,11.201082368106256,0.0,1.0,0.0,0.0,0.0,1.0
38,80,0.0,6.555849310069479,1.0,0.0,0.0,1.0,1.0,1.0
39,80,6.823338920616947,1.2686547962094663,0.0,0.0,1.0,0.0,0.0,1.0
0,85,11.021454241007074,2.4026679300948777,0.0,1.0,1.0,0.0,0.0,1.0
1,85,6.053145764651483,1.9691185844515988,1.0,1.0,1.0,0.0,0.0,1.0
2,85,10.323469094695035,0.4616057452870357,1.0,0.0,0.0,0.0,0.0,0.0
3,85,12.0,0.4085735678817235,0.0,0.0,1.0,0.0,1.0,0.0
4,85,10.565854482189517,0.8790282838465687,0.0,0.0,0.0,0.0,0.0,1.0
5,85,12.0,11.032141614671012,0.0,0.0,1.0,0.0,0.0,0.0
6,85,7.465131412542309,7.755137623786952,0.0,0.0,0.0,0.0,0.0,1.0
7,85,10.05126449165646,10.92675835600295,0.0,0.0,1.0,0.0,1.0,0.0
8,85,10.943898264362245,7.114935679408842,1.0,1.0,0.0,1.0,1.0,1.0
9,85,6.5180812237072105,10.318903538395448,0.0,1.0,0.0,1.0,0.0,0.0
10,85,11.028131225890649,7.087818026979485,1.0,0.0,0.0,0.0,0.0,1.0
11,85,2.526639965069525,3.4663362705545526,0.0,0.0,1.0,0.0,1.0,0.0
12,85,2.928491783368719,10.901516551085384,0.0,0.0,1.0,1.0,0.0,1.0
13,85,0.0,8.396875202950072,1.0,0.0,0.0,1.0,0.0,1.0
14,85,9.976135216880376,9.02580062246804,0.0,0.0,0.0,1.0,0.0,0.0
15,85,8.560864248284915,8.434896301051044,0.0,1.0,0.0,1.0,0.0,1.0
16,85,0.0,8.71639341390472,0.0,0.0,0.0,1.0,1.0,0.0
17,85,0.1916380435971292,3.224068086227854,1.0,0.0,1.0,0.0,0.0,1.0
18,85,8.002449089642703,12.0,1.0,1.0,0.0,0.0,1.0,0.0
19,85,1.5190184390600374,0.4994946399084348,1.0,1.0,0.0,0.0,0.0,0.0
20,85,10.15200783276834,6.981283165449368,0.0,0.0,0.0,0.0,0.0,1.0
21,85,5.857736629350796,1.962443352992674,1.0,1.0,0.0,0.0,1.0,0.0
22,85,8.023750736226512,11.896907300442347,1.0,0.0,0.0,1.0,0.0,0.0
23,85,3.1584827456803506,9.52370061302189,0.0,1.0,0.0,0.0,0.0,0.0
24,85,12.0,4.782621026684335,1.0,1.0,1.0,0.0,1.0,1.0
25,85,3.3495694114063963,9.457958283323949,0.0,0.0,0.0,0.0,1.0,1.0
26,85,9.397543583271558,3.577166071736072,1.0,0.0,1.0,0.0,0.0,0.0
27,85,3.787701313089751,11.730900041706771,0.0,1.0,1.0,1.0,0.0,1.0
28,85,2.525998254772274,7.205883792089847,0.0,1.0,1.0,1.0,1.0,0.0
29,85,8.695585408576612,8.121513523889872,1.0,0.0,1.0,1.0,0.0,0.0
30,85,6.692971215275884,12.0,1.0,1.0,1.0,0.0,0.0,0.0
31,85,11.12627530375771,2.5881418121741326,1.0,0.0,0.0,0.0,1.0,0.0
32,85,7.569649588842341,4.48994371658814,0.0,0.0,0.0,0.0,1.0,1.0
33,85,8.693652992262251,10.27330465124126,1.0,0.0,1.0,1.0,1.0,0.0
34,85,0.1037886916829196,3.319454826277493,0.0,0.0,1.0,0.0,0.0,1.0
35,85,7.076475570951406,0.0511720816808397,0.0,1.0,0.0,0.0,1.0,1.0
36,85,0.6517829428393425,7.213625052714862,0.0,1.0,0.0,1.0,0.0,0.0
37,85,4.219626394760657,11.214529130518583,0.0,1.0,0.0,0.0,0.0,1.0
38,85,0.0,6.482968680629456,1.0,0.0,0.0,1.0,1.0,1.0
39,85,6.821659557598702,1.2616825104953402,0.0,0.0,1.0,0.0,0.0,1.0
0,90,11.023598686428729,2.4550102623767738,0.0,1.0,1.0,0.0,0.0,1.0
1,90,6.0533494773074885,1.964170489052637,1.0,1.0,1.0,0.0,0.0,1.0
2,90,10.30618076351631,0.4271635703118304,1.0,0.0,0.0,0.0,0.0,0.0
3,90,12.0,0.4396348287193837,0.0,0.0,1.0,0.0,1.0,0.0
4,90,10.55835748283754,0.8955942868025526,0.0,0.0,0.0,0.0,0.0,1.0
5,90,12.0,10.993791793195404,0.0,0.0,1.0,0.0,0.0,0.0
6,90,7.450866995601763,7.762742715246894,0.0,0.0,0.0,0.0,0.0,1.0
7,90,10.054992014748452,10.972394876760854,0.0,0.0,1.0,0.0,1.0,0.0
8,90,10.979438158057809,7.044644329430702,1.0,1.0,0.0,1.0,1.0,1.0
9,90,6.43346058738276,10.280902066166291,0.0,1.0,0.0,1.0,0.0,0.0
10,90,11.093095287596148,7.101124918574125,1.0,0.0,0.0,0.0,0.0,1.0
11,90,2.4118462003750407,3.500613380937415,0.0,0.0,1.0,0.0,1.0,0.0
12,90,2.8909534401797523,10.852983194127775,0.0,0.0,1.0,1.0,0.0,1.0
13,90,0.0,8.486469599038381,1.0,0.0,0.0,1.0,0.0,1.0
14,90,10.001780599268292,9.015240346802354,0.0,0.0,0.0,1.0,0.0,0.0
15,90,8.558511267089207,8.432170249846138,0.0,1.0,0.0,1.0,0.0,1.0
16,90,0.0,8.841408668187166,0.0,0.0,0.0,1.0,1.0,0.0
17,90,0.1999059413063788,3.2897817804820253,1.0,0.0,1.0,0.0,0.0,1.0
18,90,8.003852327952087,12.0,1.0,1.0,0.0,0.0,1.0,0.0
19,90,1.548283128583983,0.4719953317155211,1.0,1.0,0.0,0.0,0.0,0.0
20,90,10.202576763628397,6.977485163217987,0.0,0.0,0.0,0.0,0.0,1.0
21,90,5.8555363475645095,1.915114082809064,1.0,1.0,0.0,0.0,1.0,0.0
22,90,8.020028605907047,11.85737262539787,1.0,0.0,0.0,1.0,0.0,0.0
23,90,3.102426646269998,9.475274666162845,0.0,1.0,0.0,0.0,0.0,0.0
24,90,12.0,4.85108596456726,1.0,1.0,1.0,0.0,1.0,1.0
25,90,3.3209145935604902,9.624605257759669,0.0,0.0,0.0,0.0,1.0,1.0
26,90,9.41508405039863,3.559848684721421,1.0,0.0,1.0,0.0,0.0,0.0
27,90,3.68240368794028,11.72054605660354,0.0,1.0,1.0,1.0,0.0,1.0
28,90,2.6252539490897675,7.210542001465114,0.0,1.0,1.0,1.0,1.0,0.0
29,90,8.72299096008544,8.109437474764954,1.0,0.0,1.0,1.0,0.0,0.0
30,90,6.606567314326701,12.0,1.0,1.0,1.0,0.0,0.0,0.0
31,90,11.01319300703154,2.6744703451012484,1.0,0.0,0.0,0.0,1.0,0.0
32,90,7.4562653687035505,4.450106361245255,0.0,0.0,0.0,0.0,1.0,1.0
33,90,8.686607206257777,10.280483703625915,1.0,0.0,1.0,1.0,1.0,0.0
34,90,0.1095545709807007,3.390965620176817,0.0,0.0,1.0,0.0,0.0,1.0
35,90,7.1507009415057485,0.0,0.0,1.0,0.0,0.0,1.0,1.0
36,90,0.6323168932119745,7.103650879109348,0.0,1.0,0.0,1.0,0.0,0.0
37,90,4.079341371070446,11.22643539573444,0.0,1.0,0.0,0.0,0.0,1.0
38,90,0.0,6.421425111438718,1.0,0.0,0.0,1.0,1.0,1.0
39,90,6.823642481376153,1.2697096524667943,0.0,0.0,1.0,0.0,0.0,1.0
0,95,11.025996622827032,2.497428590194399,0.0,1.0,1.0,0.0,0.0,1.0
1,95,6.053762760991675,1.937397857165186,1.0,1.0,1.0,0.0,0.0,1.0
2,95,10.29505364663774,0.405150784579955,1.0,0.0,0.0,0.0,0.0,0.0
3,95,12.0,0.4538376817280447,0.0,0.0,1.0,0.0,1.0,0.0
4,95,10.55421770834878,0.9049752947724916,0.0,0.0,0.0,0.0,0.0,1.0
5,95,12.0,10.934855806956245,0.0,0.0,1.0,0.0,0.0,0.0
6,95,7.429884441446425,7.774040409638405,0.0,0.0,0.0,0.0,0.0,1.0
7,95,10.060791726829033,11.03416426077275,0.0,0.0,1.0,0.0,1.0,0.0
8,95,11.01641474671439,6.970271648794889,1.0,1.0,0.0,1.0,1.0,1.0
9,95,6.351135600943368,10.243771868107416,0.0,1.0,0.0,1.0,0.0,0.0
10,95,11.151285040791912,7.113744878188763,1.0,0.0,0.0,0.0,0.0,1.0
11,95,2.3112408555281863,3.532334292785152,0.0,0.0,1.0,0.0,1.0,0.0
12,95,2.8536241935342304,10.802926464703656,0.0,0.0,1.0,1.0,0.0,1.0
13,95,0.0,8.568016676675558,1.0,0.0,0.0,1.0,0.0,1.0
14,95,10.046190127345533,8.996991297364145,0.0,0.0,0.0,1.0,0.0,0.0
15,95,8.555122352660986,8.428022572809871,0.0,1.0,0.0,1.0,0.0,1.0
16,95,0.0,8.960626062869736,0.0,0.0,0.0,1.0,1.0,0.0
17,95,0.2074511028589493,3.34546795564032,1.0,0.0,1.0,0.0,0.0,1.0
18,95,8.007163827924083,12.0,1.0,1.0,0.0,0.0,1.0,0.0
19,95,1.5893987483734555,0.4319229555687514,1.0,1.0,0.0,0.0,0.0,0.0
20,95,10.250574447681467,6.97371911387158,0.0,0.0,0.0,0.0,0.0,1.0
21,95,5.852248184611152,1.8548372817281984,1.0,1.0,0.0,0.0,1.0,0.0
22,95,8.015995231961028,11.797113656394949,1.0,0.0,0.0,1.0,0.0,0.0
23,95,3.048977538644515,9.430610176869674,0.0,1.0,0.0,0.0,0.0,0.0
24,95,12.0,4.9253626156578205,1.0,1.0,1.0,0.0,1.0,1.0
25,95,3.2939122962867904,9.798430908831948,0.0,0.0,0.0,0.0,1.0,1.0
26,95,9.427240215238118,3.5477705330622946,1.0,0.0,1.0,0.0,0.0,0.0
27,95,3.586348277917914,11.711024256412896,0.0,1.0,1.0,1.0,0.0,1.0
28,95,2.7179895832153558,7.214106907297575,0.0,1.0,1.0,1.0,1.0,0.0
29,95,8.740260558361438,8.101948654273222,1.0,0.0,1.0,1.0,0.0,0.0
30,95,6.521553219410798,12.0,1.0,1.0,1.0,0.0,0.0,0.0
31,95,10.900980821173304,2.7676107876516003,1.0,0.0,0.0,0.0,1.0,0.0
32,95,7.337283319987286,4.409557964925991,0.0,0.0,0.0,0.0,1.0,1.0
33,95,8.673309309892586,10.293787644066333,1.0,0.0,1.0,1.0,1.0,0.0
34,95,0.1157703363362083,3.459159170717047,0.0,0.0,1.0,0.0,0.0,1.0
35,95,7.236259593134523,0.0,0.0,1.0,0.0,0.0,1.0,1.0
36,95,0.6141761689910212,6.995317751630469,0.0,1.0,0.0,1.0,0.0,0.0
37,95,3.966867637560088,11.237608894533766,0.0,1.0,0.0,0.0,0.0,1.0
38,95,0.0,6.366221445696945,1.0,0.0,0.0,1.0,1.0,1.0
39,95,6.834593378211176,1.3177738849474918,0.0,0.0,1.0,0.0,0.0,1.0
0,100,11.027162459484408,2.5247170102920578,0.0,1.0,1.0,0.0,0.0,1.0
1,100,6.054474121680553,1.9126113397263984,1.0,1.0,1.0,0.0,0.0,1.0
2,100,10.281882448983184,0.3780706110321983,1.0,0.0,0.0,0.0,0.0,0.0
3,100,12.0,0.4817790384582303,0.0,0.0,1.0,0.0,1.0,0.0
4,100,10.55465803143055,0.9040191582371802,0.0,0.0,0.0,0.0,0.0,1.0
5,100,12.0,10.866834115842131,0.0,0.0,1.0,0.0,0.0,0.0
6,100,7.413941447339901,7.7823714615394,0.0,0.0,0.0,0.0,0.0,1.0
7,100,10.067461379191936,11.10335944457954,0.0,0.0,1.0,0.0,1.0,0.0
8,100,11.047735440257233,6.905940973764165,1.0,1.0,0.0,1.0,1.0,1.0
9,100,6.258419249428826,10.202207272967474,0.0,1.0,0.0,1.0,0.0,0.0
10,100,11.20358240188586,7.12654968195978,1.0,0.0,0.0,0.0,0.0,1.0
11,100,2.2134089695453314,3.565328471448471,0.0,0.0,1.0,0.0,1.0,0.0
12,100,2.8248607091252023,10.763868957308746,0.0,0.0,1.0,1.0,0.0,1.0
13,100,0.0,8.64848513068817,1.0,0.0,0.0,1.0,0.0,1.0
14,100,10.083218742431626,8.9818912836581,0.0,0.0,0.0,1.0,0.0,0.0
15,100,8.560015375591327,8.434117505123242,0.0,1.0,0.0,1.0,0.0,1.0
16,100,0.0,9.09267428978726,0.0,0.0,0.0,1.0,1.0,0.0
17,100,0.2123795563235967,3.3803267614380967,1.0,0.0,1.0,0.0,0.0,1.0
18,100,8.009919166640916,12.0,1.0,1.0,0.0,0.0,1.0,0.0
19,100,1.634518292704177,0.38689330676457,1.0,1.0,0.0,0.0,0.0,0.0
20,100,10.289002634564325,6.970049752427791,0.0,0.0,0.0,0.0,0.0,1.0
21,100,5.849126720338821,1.787117515988714,1.0,1.0,0.0,0.0,1.0,0.0
22,100,8.010426974818078,11.745604848552754,1.0,0.0,0.0,1.0,0.0,0.0
23,100,3.0161892684225653,9.469815961225589,0.0,1.0,0.0,0.0,0.0,0.0
24,100,12.0,4.996120925640617,1.0,1.0,1.0,0.0,1.0,1.0
25,100,3.269483346974093,9.954495051007116,0.0,0.0,0.0,0.0,1.0,1.0
26,100,9.452308601549184,3.523558772979241,1.0,0.0,1.0,0.0,0.0,0.0
27,100,3.483635751989037,11.698860673025996,0.0,1.0,1.0,1.0,0.0,1.0
28,100,2.8041551661214874,7.218241736808141,0.0,1.0,1.0,1.0,1.0,0.0
29,100,8.792161542267412,8.08073872150342,1.0,0.0,1.0,1.0,0.0,0.0
30,100,6.420035994440728,12.0,1.0,1.0,1.0,0.0,0.0,0.0
31,100,10.826068149062785,2.67489251821734,1.0,0.0,0.0,0.0,1.0,0.0
32,100,7.207820082379762,4.359202125571923,0.0,0.0,0.0,0.0,1.0,1.0
33,100,8.655152348774847,10.31116574385731,1.0,0.0,1.0,1.0,1.0,0.0
34,100,0.1223066834472755,3.524794133836523,0.0,0.0,1.0,0.0,0.0,1.0
35,100,7.355637166208406,0.0935513926908243,0.0,1.0,0.0,0.0,1.0,1.0
36,100,0.5880162557194955,6.874744148954979,0.0,1.0,0.0,1.0,0.0,0.0
37,100,3.850404171191543,11.251275037563502,0.0,1.0,0.0,0.0,0.0,1.0
38,100,0.0,6.313410875419539,1.0,0.0,0.0,1.0,1.0,1.0
39,100,6.847388169418828,1.374078489191782,0.0,0.0,1.0,0.0,0.0,1.0
0,105,11.028893482408694,2.5551218891131917,0.0,1.0,1.0,0.0,0.0,1.0
1,105,6.055199962100177,1.9000183950198344,1.0,1.0,1.0,0.0,0.0,1.0
2,105,10.268716562833983,0.3506508028984841,1.0,0.0,0.0,0.0,0.0,0.0
3,105,12.0,0.5095854921767637,0.0,0.0,1.0,0.0,1.0,0.0
4,105,10.562694859951725,0.8872810607981526,0.0,0.0,0.0,0.0,0.0,1.0
5,105,12.0,10.817209297333008,0.0,0.0,1.0,0.0,0.0,0.0
6,105,7.421535413453231,7.778395862018621,0.0,0.0,0.0,0.0,0.0,1.0
7,105,10.074019934173077,11.174079213742878,0.0,0.0,1.0,0.0,1.0,0.0
8,105,11.082121150613252,6.836341258072537,1.0,1.0,0.0,1.0,1.0,1.0
9,105,6.170710470297258,10.163855960181456,0.0,1.0,0.0,1.0,0.0,0.0
10,105,11.253460677697316,7.138445067037906,1.0,0.0,0.0,0.0,0.0,1.0
11,105,2.1131593598316294,3.59707269281065,0.0,0.0,1.0,0.0,1.0,0.0
12,105,2.800720122974707,10.731746379029447,0.0,0.0,1.0,1.0,0.0,1.0
13,105,0.0,8.718672991399165,1.0,0.0,0.0,1.0,0.0,1.0
14,105,10.107654691841937,8.972763676139444,0.0,0.0,0.0,1.0,0.0,0.0
15,105,8.562236435496006,8.436914679474864,0.0,1.0,0.0,1.0,0.0,1.0
16,105,0.0,9.203438058580682,0.0,0.0,0.0,1.0,1.0,0.0
17,105,0.2174256497513335,3.419434672318543,1.0,0.0,1.0,0.0,0.0,1.0
18,105,8.013245173378573,12.0,1.0,1.0,0.0,0.0,1.0,0.0
19,105,1.6668429778872518,0.3549782545813358,1.0,1.0,0.0,0.0,0.0,0.0
20,105,10.32697832342673,6.965829870158016,0.0,0.0,0.0,0.0,0.0,1.0
21,105,5.845852210453498,1.7288729593082888,1.0,1.0,0.0,0.0,1.0,0.0
22,105,8.007440504348903,11.715540207908072,1.0,0.0,0.0,1.0,0.0,0.0
23,105,2.9752095569412123,9.51915397457673,0.0,1.0,0.0,0.0,0.0,0.0
24,105,12.0,5.059287518593305,1.0,1.0,1.0,0.0,1.0,1.0
25,105,3.2421337712858525,10.118225059806097,0.0,0.0,0.0,0.0,1.0,1.0
26,105,9.466098867768403,3.5100261854520856,1.0,0.0,1.0,0.0,0.0,0.0
27,105,3.37746179280057,11.68465762250674,0.0,1.0,1.0,1.0,0.0,1.0
28,105,2.8878914938878406,7.221230391935454,0.0,1.0,1.0,1.0,1.0,0.0
29,105,8.850840687880712,8.057217023985839,1.0,0.0,1.0,1.0,0.0,0.0
30,105,6.326343208698738,12.0,1.0,1.0,1.0,0.0,0.0,0.0
31,105,10.752046210112916,2.5801427542200948,1.0,0.0,0.0,0.0,1.0,0.0
32,105,7.08958538395976,4.314994506340724,0.0,0.0,0.0,0.0,1.0,1.0
33,105,8.626017140379574,10.338778506914323,1.0,0.0,1.0,1.0,1.0,0.0
34,105,0.1280738169890661,3.576702224836099,0.0,0.0,1.0,0.0,0.0,1.0
35,105,7.499393257644368,0.2048262979927398,0.0,1.0,0.0,0.0,1.0,1.0
36,105,0.5598983510555979,6.746346554561195,0.0,1.0,0.0,1.0,0.0,0.0
37,105,3.727373250617587,11.2644716903502,0.0,1.0,0.0,0.0,0.0,1.0
38,105,0.0,6.267879776040539,1.0,0.0,0.0,1.0,1.0,1.0
39,105,6.858907989138336,1.417195469015176,0.0,0.0,1.0,0.0,0.0,1.0
0,110,11.030927031476676,2.579849740611872,0.0,1.0,1.0,0.0,0.0,1.0
1,110,6.055554484251106,1.892304338712516,1.0,1.0,1.0,0.0,0.0,1.0
2,110,10.253958649245154,0.3216320319566692,1.0,0.0,0.0,0.0,0.0,0.0
3,110,12.0,0.5421366443941642,0.0,0.0,1.0,0.0,1.0,0.0
4,110,10.582132300499335,0.8437589610343386,0.0,0.0,0.0,0.0,0.0,1.0
5,110,12.0,10.779592685141688,0.0,0.0,1.0,0.0,0.0,0.0
6,110,7.429838137547393,7.773845647106914,0.0,0.0,0.0,0.0,0.0,1.0
7,110,10.076881359567372,11.21591084454296,0.0,0.0,1.0,0.0,1.0,0.0
8,110,11.11163148042911,6.781194637788697,1.0,1.0,0.0,1.0,1.0,1.0
9,110,6.084358281399944,10.122640721190354,0.0,1.0,0.0,1.0,0.0,0.0
10,110,11.317579883877904,7.155066007230008,1.0,0.0,0.0,0.0,0.0,1.0
11,110,2.0264227810156097,3.62650277470592,0.0,0.0,1.0,0.0,1.0,0.0
12,110,2.772392436359981,10.695208145047555,0.0,0.0,1.0,1.0,0.0,1.0
13,110,0.0,8.77536096519772,1.0,0.0,0.0,1.0,0.0,1.0
14,110,10.153605536777208,8.954898011109735,0.0,0.0,0.0,1.0,0.0,0.0
15,110,8.569507496210925,8.445868400587123,0.0,1.0,0.0,1.0,0.0,1.0
16,110,0.0,9.30211805581854,0.0,0.0,0.0,1.0,1.0,0.0
17,110,0.223946612690839,3.479533880865743,1.0,0.0,1.0,0.0,0.0,1.0
18,110,8.01566609475307,12.0,1.0,1.0,0.0,0.0,1.0,0.0
19,110,1.701624550358953,0.320843401399468,1.0,1.0,0.0,0.0,0.0,0.0
20,110,10.352461238627187,6.963039332662657,0.0,0.0,0.0,0.0,0.0,1.0
21,110,5.84223880594801,1.6802368127010556,1.0,1.0,0.0,0.0,1.0,0.0
22,110,8.004974118372413,11.694050871051406,1.0,0.0,0.0,1.0,0.0,0.0
23,110,2.9438443706111905,9.55865657245682,0.0,1.0,0.0,0.0,0.0,0.0
24,110,12.0,5.113335495644049,1.0,1.0,1.0,0.0,1.0,1.0
25,110,3.216951537680888,10.27948341436568,0.0,0.0,0.0,0.0,1.0,1.0
26,110,9.491161567582536,3.485123257693645,1.0,0.0,1.0,0.0,0.0,0.0
27,110,3.276529080597994,11.673159655844692,0.0,1.0,1.0,1.0,0.0,1.0
28,110,2.974609150628868,7.224950959148213,0.0,1.0,1.0,1.0,1.0,0.0
29,110,8.881708295560275,8.044030200345505,1.0,0.0,1.0,1.0,0.0,0.0
30,110,6.242206913198629,12.0,1.0,1.0,1.0,0.0,0.0,0.0
31,110,10.686171911460574,2.492705284023777,1.0,0.0,0.0,0.0,1.0,0.0
32,110,6.969942328193504,4.272405445912946,0.0,0.0,0.0,0.0,1.0,1.0
33,110,8.603776867438766,10.360352251479004,1.0,0.0,1.0,1.0,1.0,0.0
34,110,0.1337049894482529,3.626001961641812,0.0,0.0,1.0,0.0,0.0,1.0
35,110,7.657660255786101,0.3285851555608862,0.0,1.0,0.0,0.0,1.0,1.0
36,110,0.5323396699310203,6.622902565179386,0.0,1.0,0.0,1.0,0.0,0.0
37,110,3.618028590402815,11.277084036389212,0.0,1.0,0.0,0.0,0.0,1.0
38,110,0.0,6.2242838409848575,1.0,0.0,0.0,1.0,1.0,1.0
39,110,6.866473106269929,1.4471472119205162,0.0,0.0,1.0,0.0,0.0,1.0
0,115,11.032673032485253,2.607874275872492,0.0,1.0,1.0,0.0,0.0,1.0
1,115,6.056375056398578,1.8719556313822436,1.0,1.0,1.0,0.0,0.0,1.0
2,115,10.246755514614026,0.3072689947273372,1.0,0.0,0.0,0.0,0.0,0.0
3,115,12.0,0.584560104169371,0.0,0.0,1.0,0.0,1.0,0.0
4,115,10.60203455873546,0.7969615329586202,0.0,0.0,0.0,0.0,0.0,1.0
5,115,12.0,10.753154856188262,0.0,0.0,1.0,0.0,0.0,0.0
6,115,7.436137189737993,7.7705026790568175,0.0,0.0,0.0,0.0,0.0,1.0
7,115,10.08165342027442,11.273092434461766,0.0,0.0,1.0,0.0,1.0,0.0
8,115,11.153180277450188,6.701189619066584,1.0,1.0,0.0,1.0,1.0,1.0
9,115,5.996870653790714,10.079394181388803,0.0,1.0,0.0,1.0,0.0,0.0
10,115,11.388717368247985,7.173194118955818,1.0,0.0,0.0,0.0,0.0,1.0
11,115,1.9699574704591365,3.646414998961735,0.0,0.0,1.0,0.0,1.0,0.0
12,115,2.7730899699118976,10.696146678859924,0.0,0.0,1.0,1.0,0.0,1.0
13,115,0.0,8.82798645128375,1.0,0.0,0.0,1.0,0.0,1.0
14,115,10.210702214419456,8.93287268627573,0.0,0.0,0.0,1.0,0.0,0.0
15,115,8.585206552660047,8.465389185179124,0.0,1.0,0.0,1.0,0.0,1.0
16,115,0.0,9.412789067632271,0.0,0.0,0.0,1.0,1.0,0.0
17,115,0.2295759379844646,3.5265949989662397,1.0,0.0,1.0,0.0,0.0,1.0
18,115,8.018100371276903,12.0,1.0,1.0,0.0,0.0,1.0,0.0
19,115,1.7329320746712595,0.2878405338060778,1.0,1.0,0.0,0.0,0.0,0.0
20,115,10.371999103631902,6.961075618872043,0.0,0.0,0.0,0.0,0.0,1.0
21,115,5.837954730462197,1.6183302966686564,1.0,1.0,0.0,0.0,1.0,0.0
22,115,8.002331198589758,11.671930252373736,1.0,0.0,0.0,1.0,0.0,0.0
23,115,2.896566827723835,9.617630984817202,0.0,1.0,0.0,0.0,0.0,0.0
24,115,12.0,5.165282790011696,1.0,1.0,1.0,0.0,1.0,1.0
25,115,3.190691688429842,10.45498313927824,0.0,0.0,0.0,0.0,1.0,1.0
26,115,9.506728285028707,3.469853901512445,1.0,0.0,1.0,0.0,0.0,0.0
27,115,3.1859193107954544,11.661754548955209,0.0,1.0,1.0,1.0,0.0,1.0
28,115,3.068334687702875,7.230027161044296,0.0,1.0,1.0,1.0,1.0,0.0
29,115,8.936062275965797,8.021210659739687,1.0,0.0,1.0,1.0,0.0,0.0
30,115,6.168270126766344,12.0,1.0,1.0,1.0,0.0,0.0,0.0
31,115,10.61769040720959,2.398274956034933,1.0,0.0,0.0,0.0,1.0,0.0
32,115,6.8554154023283775,4.228343895241469,0.0,0.0,0.0,0.0,1.0,1.0
33,115,8.584453370061539,10.37863159611589,1.0,0.0,1.0,1.0,1.0,0.0
34,115,0.1406159976249868,3.694748841100296,0.0,0.0,1.0,0.0,0.0,1.0
35,115,7.8070083681844995,0.4401203206191439,0.0,1.0,0.0,0.0,1.0,1.0
36,115,0.5107390659540235,6.52660532822453,0.0,1.0,0.0,1.0,0.0,0.0
37,115,3.491805460061929,11.295152900814196,0.0,1.0,0.0,0.0,0.0,1.0
38,115,0.0,6.176058156978609,1.0,0.0,0.0,1.0,1.0,1.0
39,115,6.882782469905287,1.5108522621507252,0.0,0.0,1.0,0.0,0.0,1.0
0,120,11.034774485725082,2.637947495163218,0.0,1.0,1.0,0.0,0.0,1.0
1,120,6.057866908057648,1.856037028670452,1.0,1.0,1.0,0.0,0.0,1.0
2,120,10.24226235559465,0.2984169937436414,1.0,0.0,0.0,0.0,0.0,0.0
3,120,12.0,0.6519330018754728,0.0,0.0,1.0,0.0,1.0,0.0
4,120,10.62255972075516,0.7491463436236045,0.0,0.0,0.0,0.0,0.0,1.0
5,120,12.0,10.720869159831272,0.0,0.0,1.0,0.0,0.0,0.0
6,120,7.433793235635924,7.771783140130692,0.0,0.0,0.0,0.0,0.0,1.0
7,120,10.086207934132204,11.325007883525544,0.0,0.0,1.0,0.0,1.0,0.0
8,120,11.195569057763166,6.618966865541122,1.0,1.0,0.0,1.0,1.0,1.0
9,120,5.90236970195078,10.03105522484558,0.0,1.0,0.0,1.0,0.0,0.0
10,120,11.447098008608036,7.1905200588245854,1.0,0.0,0.0,0.0,0.0,1.0
11,120,1.9043619318898213,3.668972556311777,0.0,0.0,1.0,0.0,1.0,0.0
12,120,2.7766699432645914,10.700645945407052,0.0,0.0,1.0,1.0,0.0,1.0
13,120,0.0,8.890036002227664,1.0,0.0,0.0,1.0,0.0,1.0
14,120,10.28460838999981,8.9048311972213,0.0,0.0,0.0,1.0,0.0,0.0
15,120,8.60566268769439,8.491760795044872,0.0,1.0,0.0,1.0,0.0,1.0
16,120,0.0,9.518153538285151,0.0,0.0,0.0,1.0,1.0,0.0
17,120,0.2362472458031841,3.569144876063988,1.0,0.0,1.0,0.0,0.0,1.0
18,120,8.020749087636343,12.0,1.0,1.0,0.0,0.0,1.0,0.0
19,120,1.7712693469473706,0.244680057268693,1.0,1.0,0.0,0.0,0.0,0.0
20,120,10.394125054438724,6.958736798205644,0.0,0.0,0.0,0.0,0.0,1.0
21,120,5.834871636510896,1.5646273041807095,1.0,1.0,0.0,0.0,1.0,0.0
22,120,8.001433352871965,11.659099929397122,1.0,0.0,0.0,1.0,0.0,0.0
23,120,2.8495134273354616,9.672518747421346,0.0,1.0,0.0,0.0,0.0,0.0
24,120,12.0,5.213332471643674,1.0,1.0,1.0,0.0,1.0,1.0
25,120,3.1665295362580417,10.629061635331691,0.0,0.0,0.0,0.0,1.0,1.0
26,120,9.546657274978012,3.430688120789352,1.0,0.0,1.0,0.0,0.0,0.0
27,120,3.119551178667184,11.651169480353463,0.0,1.0,1.0,1.0,0.0,1.0
28,120,3.1596764104506376,7.234766173128561,0.0,1.0,1.0,1.0,1.0,0.0
29,120,8.976960409079071,8.003035839823577,1.0,0.0,1.0,1.0,0.0,0.0
30,120,6.0916637250781935,12.0,1.0,1.0,1.0,0.0,0.0,0.0
31,120,10.551745541743546,2.309304513423813,1.0,0.0,0.0,0.0,1.0,0.0
32,120,6.743006020392609,4.183914823759116,0.0,0.0,0.0,0.0,1.0,1.0
33,120,8.566678753797532,10.394901396511774,1.0,0.0,1.0,1.0,1.0,0.0
34,120,0.145554804331728,3.759087825192528,0.0,0.0,1.0,0.0,0.0,1.0
35,120,7.96747551540448,0.5524487614664417,0.0,1.0,0.0,0.0,1.0,1.0
36,120,0.4892508879935977,6.436944525051643,0.0,1.0,0.0,1.0,0.0,0.0
37,120,3.346769071785804,11.316448241264515,0.0,1.0,0.0,0.0,0.0,1.0
38,120,0.0,6.138996829426135,1.0,0.0,0.0,1.0,1.0,1.0
39,120,6.899223715366123,1.5749277428840411,0.0,0.0,1.0,0.0,0.0,1.0
0,125,11.035476557731922,2.656782726515427,0.0,1.0,1.0,0.0,0.0,1.0
1,125,6.058840101379382,1.847097557237139,1.0,1.0,1.0,0.0,0.0,1.0
2,125,10.245227298208867,0.304913992260695,1.0,0.0,0.0,0.0,0.0,0.0
3,125,12.0,0.7172429788559427,0.0,0.0,1.0,0.0,1.0,0.0
4,125,10.637834047073218,0.7089707447192983,0.0,0.0,0.0,0.0,0.0,1.0
5,125,12.0,10.70573744867793,0.0,0.0,1.0,0.0,0.0,0.0
6,125,7.441358144075672,7.767528549283335,0.0,0.0,0.0,0.0,0.0,1.0
7,125,10.090258022489865,11.386882814670994,0.0,0.0,1.0,0.0,1.0,0.0
8,125,11.240105274606345,6.537481927974961,1.0,1.0,0.0,1.0,1.0,1.0
9,125,5.7985225261000855,9.978788416964074,0.0,1.0,0.0,1.0,0.0,0.0
10,125,11.490784013160692,7.204573467289795,1.0,0.0,0.0,0.0,0.0,1.0
11,125,1.8382501019639288,3.692473940006989,0.0,0.0,1.0,0.0,1.0,0.0
12,125,2.7750347768613257,10.698602484088584,0.0,0.0,1.0,1.0,0.0,1.0
13,125,0.0,8.956198694816297,1.0,0.0,0.0,1.0,0.0,1.0
14,125,10.34308523326538,8.881309938073231,0.0,0.0,0.0,1.0,0.0,0.0
15,125,8.632679328308663,8.528711450614955,0.0,1.0,0.0,1.0,0.0,1.0
16,125,0.0,9.61507982535227,0.0,0.0,0.0,1.0,1.0,0.0
17,125,0.244561007378726,3.627401711334132,1.0,0.0,1.0,0.0,0.0,1.0
18,125,8.02482155743724,12.0,1.0,1.0,0.0,0.0,1.0,0.0
19,125,1.79978276256942,0.2113432087800916,1.0,1.0,0.0,0.0,0.0,0.0
20,125,10.43641891654154,6.954717312372575,0.0,0.0,0.0,0.0,0.0,1.0
21,125,5.833500938790134,1.5314838762156349,1.0,1.0,0.0,0.0,1.0,0.0
22,125,8.00057300370411,11.64717026865158,1.0,0.0,0.0,1.0,0.0,0.0
23,125,2.8077796293620003,9.719366890365654,0.0,1.0,0.0,0.0,0.0,0.0
24,125,12.0,5.25779588290392,1.0,1.0,1.0,0.0,1.0,1.0
25,125,3.136553076216675,10.839014700121824,0.0,0.0,0.0,0.0,1.0,1.0
26,125,9.600007690182078,3.3767721763222625,1.0,0.0,1.0,0.0,0.0,0.0
27,125,3.050902517405745,11.640103956602378,0.0,1.0,1.0,1.0,0.0,1.0
28,125,3.253872687394737,7.237091007635505,0.0,1.0,1.0,1.0,1.0,0.0
29,125,9.019102631118148,7.98569684495776,1.0,0.0,1.0,1.0,0.0,0.0
30,125,6.024137613934874,12.0,1.0,1.0,1.0,0.0,0.0,0.0
31,125,10.479730794470187,2.2112061336860624,1.0,0.0,0.0,0.0,1.0,0.0
32,125,6.635022006538993,4.14391774534359,0.0,0.0,0.0,0.0,1.0,1.0
33,125,8.548496332675283,10.411365732679393,1.0,0.0,1.0,1.0,1.0,0.0
34,125,0.1490005272191044,3.806557606267352,0.0,0.0,1.0,0.0,0.0,1.0
35,125,8.118780737881595,0.654790879453796,0.0,1.0,0.0,0.0,1.0,1.0
36,125,0.4700199519105738,6.354296316107028,0.0,1.0,0.0,1.0,0.0,0.0
37,125,3.200846966476111,11.335683232857592,0.0,1.0,0.0,0.0,0.0,1.0
38,125,0.0,6.113369958591108,1.0,0.0,0.0,1.0,1.0,1.0
39,125,6.921332571118753,1.6597643915585016,0.0,0.0,1.0,0.0,0.0,1.0
0,130,11.03636351474008,2.6721315561013874,0.0,1.0,1.0,0.0,0.0,1.0
1,130,6.059881644114848,1.8400654441802289,1.0,1.0,1.0,0.0,0.0,1.0
2,130,10.25059368665018,0.3171237882100137,1.0,0.0,0.0,0.0,0.0,0.0
3,130,12.0,0.7808486350719566,0.0,0.0,1.0,0.0,1.0,0.0
4,130,10.651536587231409,0.6747178604099644,0.0,0.0,0.0,0.0,0.0,1.0
5,130,11.999990692169686,10.674162016369973,0.0,0.0,1.0,0.0,0.0,0.0
6,130,7.451530721628273,7.761785881008503,0.0,0.0,0.0,0.0,0.0,1.0
7,130,10.094768550684083,11.453547203303902,0.0,0.0,1.0,0.0,1.0,0.0
8,130,11.284120304421052,6.453741943800623,1.0,1.0,0.0,1.0,1.0,1.0
9,130,5.686197271668941,9.922100283911195,0.0,1.0,0.0,1.0,0.0,0.0
10,130,11.53519323152864,7.21866944529667,1.0,0.0,0.0,0.0,0.0,1.0
11,130,1.779587985787472,3.714599235037906,0.0,0.0,1.0,0.0,1.0,0.0
12,130,2.7760310216003425,10.699934895955243,0.0,0.0,1.0,1.0,0.0,1.0
13,130,0.0,9.028290955797294,1.0,0.0,0.0,1.0,0.0,1.0
14,130,10.40546359298975,8.852813576124099,0.0,0.0,0.0,1.0,0.0,0.0
15,130,8.651448072878624,8.555052705384224,0.0,1.0,0.0,1.0,0.0,1.0
16,130,0.0,9.711263844314772,0.0,0.0,0.0,1.0,1.0,0.0
17,130,0.2568775537770374,3.706454683136401,1.0,0.0,1.0,0.0,0.0,1.0
18,130,8.026591705373555,12.0,1.0,1.0,0.0,0.0,1.0,0.0
19,130,1.826861378051681,0.1794763529705808,1.0,1.0,0.0,0.0,0.0,0.0
20,130,10.46436394857609,6.952112375186034,0.0,0.0,0.0,0.0,0.0,1.0
21,130,5.831767793701823,1.4895828750897824,1.0,1.0,0.0,0.0,1.0,0.0
22,130,8.000131983711348,11.64250274894218,1.0,0.0,0.0,1.0,0.0,0.0
23,130,2.770347200639179,9.758916694002153,0.0,1.0,0.0,0.0,0.0,0.0
24,130,12.0,5.296843371765617,1.0,1.0,1.0,0.0,1.0,1.0
25,130,2.9120738235647936,10.807166565996043,0.0,0.0,0.0,0.0,1.0,1.0
26,130,9.653435435562052,3.3229509091869653,1.0,0.0,1.0,0.0,0.0,0.0
27,130,2.9893810189119208,11.630779240603532,0.0,1.0,1.0,1.0,0.0,1.0
28,130,3.315840670198089,7.23851772031066,0.0,1.0,1.0,1.0,1.0,0.0
29,130,9.06564002089718,7.966165233791612,1.0,0.0,1.0,1.0,0.0,0.0
30,130,5.942124214350264,12.0,1.0,1.0,1.0,0.0,0.0,0.0
31,130,10.411503977286852,2.116209033697534,1.0,0.0,0.0,0.0,1.0,0.0
32,130,6.516608346299604,4.096089575639962,0.0,0.0,0.0,0.0,1.0,1.0
33,130,8.53428363473064,10.424422306969086,1.0,0.0,1.0,1.0,1.0,0.0
34,130,0.15222433019939,3.8556141810825535,0.0,0.0,1.0,0.0,0.0,1.0
35,130,8.277654586812044,0.7647064577140086,0.0,1.0,0.0,0.0,1.0,1.0
36,130,0.4486704214533797,6.264914235060541,0.0,1.0,0.0,1.0,0.0,0.0
37,130,3.0484888559584418,11.355947351701737,0.0,1.0,0.0,0.0,0.0,1.0
38,130,0.0,6.077786051672866,1.0,0.0,0.0,1.0,1.0,1.0
39,130,6.941900490979219,1.737003683012028,0.0,0.0,1.0,0.0,0.0,1.0
0,135,11.037521992508408,2.688835648067301,0.0,1.0,1.0,0.0,0.0,1.0
1,135,6.060015928890407,1.8391523052333727,1.0,1.0,1.0,0.0,0.0,1.0
2,135,10.255762512541684,0.3289866890468473,1.0,0.0,0.0,0.0,0.0,0.0
3,135,12.0,0.850082358044893,0.0,0.0,1.0,0.0,1.0,0.0
4,135,10.673703465685728,0.6218931800836258,0.0,0.0,0.0,0.0,0.0,1.0
5,135,12.0,10.678033618300956,0.0,0.0,1.0,0.0,0.0,0.0
6,135,7.462011195020712,7.756041839922449,0.0,0.0,0.0,0.0,0.0,1.0
7,135,10.09958095928282,11.53424998629102,0.0,0.0,1.0,0.0,1.0,0.0
8,135,11.32828923130146,6.372479723350612,1.0,1.0,0.0,1.0,1.0,1.0
9,135,5.56806588204208,9.862028555678886,0.0,1.0,0.0,1.0,0.0,0.0
10,135,11.60375180104764,7.242728029065066,1.0,0.0,0.0,0.0,0.0,1.0
11,135,1.7336159887292717,3.73032764121928,0.0,0.0,1.0,0.0,1.0,0.0
12,135,2.7780074351021224,10.70249916944933,0.0,0.0,1.0,1.0,0.0,1.0
13,135,0.0,9.084062317995658,1.0,0.0,0.0,1.0,0.0,1.0
14,135,10.452776042067072,8.830838723032645,0.0,0.0,0.0,1.0,0.0,0.0
15,135,8.687802460997215,8.604025251820275,0.0,1.0,0.0,1.0,0.0,1.0
16,135,0.0,9.803216633248296,0.0,0.0,0.0,1.0,1.0,0.0
17,135,0.269584358268413,3.79268242923748,1.0,0.0,1.0,0.0,0.0,1.0
18,135,8.025082369667944,12.0,1.0,1.0,0.0,0.0,1.0,0.0
19,135,1.8437360613606772,0.1596620598172136,1.0,1.0,0.0,0.0,0.0,0.0
20,135,10.5113947908769,6.947775364392784,0.0,0.0,0.0,0.0,0.0,1.0
21,135,5.830538150457626,1.46636459292703,1.0,1.0,0.0,0.0,1.0,0.0
22,135,7.9986509789774916,11.630806567672142,1.0,0.0,0.0,1.0,0.0,0.0
23,135,2.7424662384671863,9.789242553673462,0.0,1.0,0.0,0.0,0.0,0.0
24,135,12.0,5.339117520543844,1.0,1.0,1.0,0.0,1.0,1.0
25,135,2.695892879065895,10.772134785801958,0.0,0.0,0.0,0.0,1.0,1.0
26,135,9.702881654315464,3.274837324732015,1.0,0.0,1.0,0.0,0.0,0.0
27,135,2.9260865400196643,11.620697137328287,0.0,1.0,1.0,1.0,0.0,1.0
28,135,3.361458688533526,7.2405425923055295,0.0,1.0,1.0,1.0,1.0,0.0
29,135,9.112561151640962,7.945934186499789,1.0,0.0,1.0,1.0,0.0,0.0
30,135,5.863269501856241,12.0,1.0,1.0,1.0,0.0,0.0,0.0
31,135,10.347282710355172,2.027846299651427,1.0,0.0,0.0,0.0,1.0,0.0
32,135,6.394079497124087,4.047896494156804,0.0,0.0,0.0,0.0,1.0,1.0
33,135,8.508589181847679,10.447831552019329,1.0,0.0,1.0,1.0,1.0,0.0
34,135,0.1549983417634589,3.907540447033466,0.0,0.0,1.0,0.0,0.0,1.0
35,135,8.428187979587777,0.8740387539574666,0.0,1.0,0.0,0.0,1.0,1.0
36,135,0.4247497523920855,6.159488266066901,0.0,1.0,0.0,1.0,0.0,0.0
37,135,2.882459137436173,11.377006534187204,0.0,1.0,0.0,0.0,0.0,1.0
38,135,0.0,6.0404591645530274,1.0,0.0,0.0,1.0,1.0,1.0
39,135,6.864995507503607,1.7567938396507674,0.0,0.0,1.0,0.0,0.0,1.0
0,140,11.038741680238475,2.705287405062472,0.0,1.0,1.0,0.0,0.0,1.0
1,140,6.059056443612906,1.845729874511876,1.0,1.0,1.0,0.0,0.0,1.0
2,140,10.260098231100232,0.3380861544997127,1.0,0.0,0.0,0.0,0.0,0.0
3,140,12.0,0.913945061014213,0.0,0.0,1.0,0.0,1.0,0.0
4,140,10.691298754312871,0.5772740528270964,0.0,0.0,0.0,0.0,0.0,1.0
5,140,11.999757067674704,10.661497826551589,0.0,0.0,1.0,0.0,0.0,0.0
6,140,7.492779599134294,7.739250507080148,0.0,0.0,0.0,0.0,0.0,1.0
7,140,10.102820518570033,11.6128090798599,0.0,0.0,1.0,0.0,1.0,0.0
8,140,11.366231058113607,6.302568492549141,1.0,1.0,0.0,1.0,1.0,1.0
9,140,5.455404819319717,9.80515556701654,0.0,1.0,0.0,1.0,0.0,0.0
10,140,11.66083647951672,7.263403563392939,1.0,0.0,0.0,0.0,0.0,1.0
11,140,1.690897084635537,3.743581496197265,0.0,0.0,1.0,0.0,1.0,0.0
12,140,2.769660862696887,10.692243090008024,0.0,0.0,1.0,1.0,0.0,1.0
13,140,0.0,9.144355783184391,1.0,0.0,0.0,1.0,0.0,1.0
14,140,10.49084064999215,8.813772670120805,0.0,0.0,0.0,1.0,0.0,0.0
15,140,8.720541290489544,8.64631905942781,0.0,1.0,0.0,1.0,0.0,1.0
16,140,0.0,9.899706755492028,0.0,0.0,0.0,1.0,1.0,0.0
17,140,0.2838154500706112,3.901666950319998,1.0,0.0,1.0,0.0,0.0,1.0
18,140,8.02525639835209,12.0,1.0,1.0,0.0,0.0,1.0,0.0
19,140,1.8542911600254008,0.1468126938616442,1.0,1.0,0.0,0.0,0.0,0.0
20,140,10.567439584034933,6.942165794137626,0.0,0.0,0.0,0.0,0.0,1.0
21,140,5.876709656686035,1.4631797745402706,1.0,1.0,0.0,0.0,1.0,0.0
22,140,7.996198685587494,11.607995913006183,1.0,0.0,0.0,1.0,0.0,0.0
23,140,2.7191934994254834,9.816360374537856,0.0,1.0,0.0,0.0,0.0,0.0
24,140,12.0,5.398026398545206,1.0,1.0,1.0,0.0,1.0,1.0
25,140,2.4889103197557665,10.743622456600264,0.0,0.0,0.0,0.0,1.0,1.0
26,140,9.765873956739982,3.2148492340911825,1.0,0.0,1.0,0.0,0.0,0.0
27,140,2.8600578111339496,11.611988334421628,0.0,1.0,1.0,1.0,0.0,1.0
28,140,3.3848844148971726,7.241570870827223,0.0,1.0,1.0,1.0,1.0,0.0
29,140,9.140351697247151,7.933812643612529,1.0,0.0,1.0,1.0,0.0,0.0
30,140,5.783359409726636,12.0,1.0,1.0,1.0,0.0,0.0,0.0
31,140,10.285065689391985,1.93863007784036,1.0,0.0,0.0,0.0,1.0,0.0
32,140,6.272593037927267,3.9988954194916593,0.0,0.0,0.0,0.0,1.0,1.0
33,140,8.488626175500812,10.46594359770164,1.0,0.0,1.0,1.0,1.0,0.0
34,140,0.1573716021711931,3.940235084928446,0.0,0.0,1.0,0.0,0.0,1.0
35,140,8.567981837935884,0.9799587033883532,0.0,1.0,0.0,0.0,1.0,1.0
36,140,0.4055508951161422,6.0582724883144525,0.0,1.0,0.0,1.0,0.0,0.0
37,140,2.702835798698429,11.397354339649269,0.0,1.0,0.0,0.0,0.0,1.0
38,140,0.0,6.00010059149477,1.0,0.0,0.0,1.0,1.0,1.0
39,140,6.798000806915465,1.774059238675986,0.0,0.0,1.0,0.0,0.0,1.0
0,145,11.04053970155828,2.7251553497710543,0.0,1.0,1.0,0.0,0.0,1.0
1,145,6.058679918237822,1.8482817341850777,1.0,1.0,1.0,0.0,0.0,1.0
2,145,10.255392157801714,0.3285194496445084,1.0,0.0,0.0,0.0,0.0,0.0
3,145,12.0,0.993149836539884,0.0,0.0,1.0,0.0,1.0,0.0
4,145,10.715313448839506,0.519612915059915,0.0,0.0,0.0,0.0,0.0,1.0
5,145,11.999977535061308,10.637853591521614,0.0,0.0,1.0,0.0,0.0,0.0
6,145,7.536595401089911,7.714846694330937,0.0,0.0,0.0,0.0,0.0,1.0
7,145,10.107644907015436,11.694837216756538,0.0,0.0,1.0,0.0,1.0,0.0
8,145,11.399846364106242,6.238672045157736,1.0,1.0,0.0,1.0,1.0,1.0
9,145,5.345884748468984,9.74685896365724,0.0,1.0,0.0,1.0,0.0,0.0
10,145,11.722326891698764,7.285675052631701,1.0,0.0,0.0,0.0,0.0,1.0
11,145,1.6569370576460003,3.7537279801073367,0.0,0.0,1.0,0.0,1.0,0.0
12,145,2.7511888400116176,10.670209413558904,0.0,0.0,1.0,1.0,0.0,1.0
13,145,0.0005124716397941,9.1916312894008,1.0,0.0,0.0,1.0,0.0,1.0
14,145,10.535494299743007,8.793651672757173,0.0,0.0,0.0,1.0,0.0,0.0
15,145,8.739407480844028,8.669723934359876,0.0,1.0,0.0,1.0,0.0,1.0
16,145,0.0,9.999678361527735,0.0,0.0,0.0,1.0,1.0,0.0
17,145,0.2961583131106607,3.9946611262993614,1.0,0.0,1.0,0.0,0.0,1.0
18,145,8.023625796630125,12.0,1.0,1.0,0.0,0.0,1.0,0.0
19,145,1.8713534159374836,0.1260400559172063,1.0,1.0,0.0,0.0,0.0,0.0
20,145,10.623481748900549,6.935890208326015,0.0,0.0,0.0,0.0,0.0,1.0
21,145,5.932320249428019,1.459334005314067,1.0,1.0,0.0,0.0,1.0,0.0
22,145,7.991102109961951,11.568999146357818,1.0,0.0,0.0,1.0,0.0,0.0
23,145,2.6916794351073063,9.848290016451877,0.0,1.0,0.0,0.0,0.0,0.0
24,145,12.0,5.449921645689024,1.0,1.0,1.0,0.0,1.0,1.0
25,145,2.2759464219992926,10.710171572705422,0.0,0.0,0.0,0.0,1.0,1.0
26,145,9.826931272610944,3.155421782583541,1.0,0.0,1.0,0.0,0.0,0.0
27,145,2.7902787467407912,11.605254318548877,0.0,1.0,1.0,1.0,0.0,1.0
28,145,3.4062546057351217,7.242265438539237,0.0,1.0,1.0,1.0,1.0,0.0
29,145,9.17213085560925,7.920928472527972,1.0,0.0,1.0,1.0,0.0,0.0
30,145,5.711194335107042,12.0,1.0,1.0,1.0,0.0,0.0,0.0
31,145,10.21985803750714,1.8450695885445465,1.0,0.0,0.0,0.0,1.0,0.0
32,145,6.165045365430212,3.952342263849988,0.0,0.0,0.0,0.0,1.0,1.0
33,145,8.465779222910047,10.487172724862273,1.0,0.0,1.0,1.0,1.0,0.0
34,145,0.1606202051712673,3.978944186641194,0.0,0.0,1.0,0.0,0.0,1.0
35,145,8.735952430434589,1.1022449961427727,0.0,1.0,0.0,0.0,1.0,1.0
36,145,0.3846305457894355,5.958933321820954,0.0,1.0,0.0,1.0,0.0,0.0
37,145,2.540974400113723,11.418389154206263,0.0,1.0,0.0,0.0,0.0,1.0
38,145,0.0,5.9719558582124055,1.0,0.0,0.0,1.0,1.0,1.0
39,145,6.755506508025964,1.7852022135807142,0.0,0.0,1.0,0.0,0.0,1.0
0,150,11.040884543791767,2.729455310659932,0.0,1.0,1.0,0.0,0.0,1.0
1,150,6.058610332797342,1.84884894791274,1.0,1.0,1.0,0.0,0.0,1.0
2,150,10.249245614666036,0.3160589003990822,1.0,0.0,0.0,0.0,0.0,0.0
3,150,12.0,1.0793777599941474,0.0,0.0,1.0,0.0,1.0,0.0
4,150,10.73715486244942,0.4679189989432419,0.0,0.0,0.0,0.0,0.0,1.0
5,150,12.0,10.591567519673012,0.0,0.0,1.0,0.0,0.0,0.0
6,150,7.602090375750977,7.676707503139941,0.0,0.0,0.0,0.0,0.0,1.0
7,150,10.110857263379868,11.775304311851457,0.0,0.0,1.0,0.0,1.0,0.0
8,150,11.431790443798583,6.177725095100314,1.0,1.0,0.0,1.0,1.0,1.0
9,150,5.234023859964426,9.687961371443125,0.0,1.0,0.0,1.0,0.0,0.0
10,150,11.77604289897685,7.304979335455468,1.0,0.0,0.0,0.0,0.0,1.0
11,150,1.6190425513392477,3.765714680832715,0.0,0.0,1.0,0.0,1.0,0.0
12,150,2.733005137380893,10.64978051950204,0.0,0.0,1.0,1.0,0.0,1.0
13,150,0.0304215436132919,9.191814452230966,1.0,0.0,0.0,1.0,0.0,1.0
14,150,10.581877498085262,8.773752466476344,0.0,0.0,0.0,1.0,0.0,0.0
15,150,8.751444295135745,8.684752657631448,0.0,1.0,0.0,1.0,0.0,1.0
16,150,0.0,10.090825670027764,0.0,0.0,0.0,1.0,1.0,0.0
17,150,0.3056926389126378,4.067985425073605,1.0,0.0,1.0,0.0,0.0,1.0
18,150,8.022315246833273,12.0,1.0,1.0,0.0,0.0,1.0,0.0
19,150,1.8912347514718084,0.1035544952877141,1.0,1.0,0.0,0.0,0.0,0.0
20,150,10.684786796837418,6.929432840298963,0.0,0.0,0.0,0.0,0.0,1.0
21,150,5.99069496775607,1.4543687086603148,1.0,1.0,0.0,0.0,1.0,0.0
22,150,7.983373611461939,11.52216577624546,1.0,0.0,0.0,1.0,0.0,0.0
23,150,2.66248279997682,9.880986484448751,0.0,1.0,0.0,0.0,0.0,0.0
24,150,12.0,5.503558696818526,1.0,1.0,1.0,0.0,1.0,1.0
25,150,2.077978916261259,10.678211644590792,0.0,0.0,0.0,0.0,1.0,1.0
26,150,9.895687550437732,3.0917297579442526,1.0,0.0,1.0,0.0,0.0,0.0
27,150,2.726972227487495,11.597851675233064,0.0,1.0,1.0,1.0,0.0,1.0
28,150,3.4049616462217043,7.242245002276109,0.0,1.0,1.0,1.0,1.0,0.0
29,150,9.189674670077608,7.913383883865711,1.0,0.0,1.0,1.0,0.0,0.0
30,150,5.635549719131266,12.0,1.0,1.0,1.0,0.0,0.0,0.0
31,150,10.139706803318752,1.7329572308004488,1.0,0.0,0.0,0.0,1.0,0.0
32,150,6.050639063244646,3.9038662675389184,0.0,0.0,0.0,0.0,1.0,1.0
33,150,8.464409000611646,10.48844138856246,1.0,0.0,1.0,1.0,1.0,0.0
34,150,0.1627764539845212,4.002017286479556,0.0,0.0,1.0,0.0,0.0,1.0
35,150,8.917931166345527,1.2349203068324808,0.0,1.0,0.0,0.0,1.0,1.0
36,150,0.3598503832408295,5.844797093603048,0.0,1.0,0.0,1.0,0.0,0.0
37,150,2.3735987741994733,11.444063368726374,0.0,1.0,0.0,0.0,0.0,1.0
38,150,0.0,5.938638222181248,1.0,0.0,0.0,1.0,1.0,1.0
39,150,6.73045529411228,1.793123336170431,0.0,0.0,1.0,0.0,0.0,1.0
0,155,11.040036307391132,2.7194586940768883,0.0,1.0,1.0,0.0,0.0,1.0
1,155,6.059366098906799,1.841396303894856,1.0,1.0,1.0,0.0,0.0,1.0
2,155,10.24039312328867,0.2974026154129814,1.0,0.0,0.0,0.0,0.0,0.0
3,155,12.0,1.1603866605421818,0.0,0.0,1.0,0.0,1.0,0.0
4,155,10.754297177416488,0.4276735685439591,0.0,0.0,0.0,0.0,0.0,1.0
5,155,12.0,10.542535623659848,0.0,0.0,1.0,0.0,0.0,0.0
6,155,7.552886833042992,7.5917358038049025,0.0,0.0,0.0,0.0,0.0,1.0
7,155,10.113193330137666,11.865796314021312,0.0,0.0,1.0,0.0,1.0,0.0
8,155,11.459846417219538,6.124719020401383,1.0,1.0,0.0,1.0,1.0,1.0
9,155,5.110109831006478,9.623088221354564,0.0,1.0,0.0,1.0,0.0,0.0
10,155,11.825243486445654,7.322545718975276,1.0,0.0,0.0,0.0,0.0,1.0
11,155,1.569035364922066,3.780641637836299,0.0,0.0,1.0,0.0,1.0,0.0
12,155,2.7213051717805703,10.637030795233551,0.0,0.0,1.0,1.0,0.0,1.0
13,155,0.0544634273709976,9.192427067455975,1.0,0.0,0.0,1.0,0.0,1.0
14,155,10.61144077426751,8.761005256328579,0.0,0.0,0.0,1.0,0.0,0.0
15,155,8.772391105548586,8.710511377950901,0.0,1.0,0.0,1.0,0.0,1.0
16,155,0.0,10.16857902217243,0.0,0.0,0.0,1.0,1.0,0.0
17,155,0.3173132745614364,4.158735713334925,1.0,0.0,1.0,0.0,0.0,1.0
18,155,8.01665131894043,12.0,1.0,1.0,0.0,0.0,1.0,0.0
19,155,1.91509497631098,0.0772491838595667,1.0,1.0,0.0,0.0,0.0,0.0
20,155,10.728593748726514,6.925449960777917,0.0,0.0,0.0,0.0,0.0,1.0
21,155,6.069377304680726,1.4481531846216906,1.0,1.0,0.0,0.0,1.0,0.0
22,155,7.913143409058862,11.533883867253929,1.0,0.0,0.0,1.0,0.0,0.0
23,155,2.6329268737269493,9.91441021848598,0.0,1.0,0.0,0.0,0.0,0.0
24,155,12.0,5.547258578209287,1.0,1.0,1.0,0.0,1.0,1.0
25,155,1.878776896999893,10.644713136894676,0.0,0.0,0.0,0.0,1.0,1.0
26,155,9.986022586578768,3.008243245365726,1.0,0.0,1.0,0.0,0.0,0.0
27,155,2.6381369933961465,11.585715504343048,0.0,1.0,1.0,1.0,0.0,1.0
28,155,3.4162192017664146,7.242161390557777,0.0,1.0,1.0,1.0,1.0,0.0
29,155,9.238693470501296,7.890771306989901,1.0,0.0,1.0,1.0,0.0,0.0
30,155,5.57203510247186,12.0,1.0,1.0,1.0,0.0,0.0,0.0
31,155,10.059225078586127,1.6213177113120365,1.0,0.0,0.0,0.0,1.0,0.0
32,155,5.935195519612938,3.860148209595784,0.0,0.0,0.0,0.0,1.0,1.0
33,155,8.468294829436418,10.484891914685273,1.0,0.0,1.0,1.0,1.0,0.0
34,155,0.1662930734529303,4.031964392562506,0.0,0.0,1.0,0.0,0.0,1.0
35,155,9.0963288461333,1.3656217789550942,0.0,1.0,0.0,0.0,1.0,1.0
36,155,0.3299817224287889,5.713559659872481,0.0,1.0,0.0,1.0,0.0,0.0
37,155,2.193769937045639,11.469342011518073,0.0,1.0,0.0,0.0,0.0,1.0
38,155,0.0,5.901200952195647,1.0,0.0,0.0,1.0,1.0,1.0
39,155,6.707477429228264,1.7998945171186256,0.0,0.0,1.0,0.0,0.0,1.0
0,160,11.037497710412262,2.689931725156748,0.0,1.0,1.0,0.0,0.0,1.0
1,160,6.062488279306597,1.8182526629458688,1.0,1.0,1.0,0.0,0.0,1.0
2,160,10.23022973331842,0.2765040712554775,1.0,0.0,0.0,0.0,0.0,0.0
3,160,12.0,1.231030010930867,0.0,0.0,1.0,0.0,1.0,0.0
4,160,10.773736456601393,0.3812737924428481,0.0,0.0,0.0,0.0,0.0,1.0
5,160,12.0,10.499633219100488,0.0,0.0,1.0,0.0,0.0,0.0
6,160,7.505668700940071,7.510229207473822,0.0,0.0,0.0,0.0,0.0,1.0
7,160,10.11699106557611,11.939802636349768,0.0,0.0,1.0,0.0,1.0,0.0
8,160,11.494994024679723,6.064604860002951,1.0,1.0,0.0,1.0,1.0,1.0
9,160,4.998364297458285,9.569711226380983,0.0,1.0,0.0,1.0,0.0,0.0
10,160,11.875077403697912,7.34129014579842,1.0,0.0,0.0,0.0,0.0,1.0
11,160,1.5420480226633366,3.789620534115762,0.0,0.0,1.0,0.0,1.0,0.0
12,160,2.7197862819589465,10.635309289161077,0.0,0.0,1.0,1.0,0.0,1.0
13,160,0.077148888590199,9.193454034885876,1.0,0.0,0.0,1.0,0.0,1.0
14,160,10.643125829530613,8.747558633421473,0.0,0.0,0.0,1.0,0.0,0.0
15,160,8.779715001248512,8.719610409342755,0.0,1.0,0.0,1.0,0.0,1.0
16,160,0.0,10.25817211055512,0.0,0.0,0.0,1.0,1.0,0.0
17,160,0.3283842495908193,4.24496620344019,1.0,0.0,1.0,0.0,0.0,1.0
18,160,8.011219929622326,12.0,1.0,1.0,0.0,0.0,1.0,0.0
19,160,1.9298952120400985,0.0606994287573315,1.0,1.0,0.0,0.0,0.0,0.0
20,160,10.77205736159612,6.921217084415601,0.0,0.0,0.0,0.0,0.0,1.0
21,160,6.170846259578764,1.4408808292770678,1.0,1.0,0.0,0.0,1.0,0.0
22,160,7.833771144009232,11.545320576430452,1.0,0.0,0.0,1.0,0.0,0.0
23,160,2.5975520175594595,9.955990150013667,0.0,1.0,0.0,0.0,0.0,0.0
24,160,12.0,5.5872715425345625,1.0,1.0,1.0,0.0,1.0,1.0
25,160,1.6653488022702985,10.61245782645666,0.0,0.0,0.0,0.0,1.0,1.0
26,160,10.10399853931542,2.901995376063708,1.0,0.0,1.0,0.0,0.0,0.0
27,160,2.5361905443854336,11.57238474049853,0.0,1.0,1.0,1.0,0.0,1.0
28,160,3.432976281480877,7.242174850494262,0.0,1.0,1.0,1.0,1.0,0.0
29,160,9.290059364492446,7.867617519253523,1.0,0.0,1.0,1.0,0.0,0.0
30,160,5.493033769159656,12.0,1.0,1.0,1.0,0.0,0.0,0.0
31,160,9.98464624736293,1.5055899778464144,1.0,0.0,0.0,0.0,1.0,0.0
32,160,5.825363867925465,3.8170840827205703,0.0,0.0,0.0,0.0,1.0,1.0
33,160,8.487338997467615,10.468864881066311,1.0,0.0,1.0,1.0,1.0,0.0
34,160,0.1680191608741034,4.047249519660682,0.0,0.0,1.0,0.0,0.0,1.0
35,160,9.273932280478824,1.4990518381594222,0.0,1.0,0.0,0.0,1.0,1.0
36,160,0.3051044090835359,5.604958898970566,0.0,1.0,0.0,1.0,0.0,0.0
37,160,2.0010828434882475,11.503609038492703,0.0,1.0,0.0,0.0,0.0,1.0
38,160,0.0,5.878958209167069,1.0,0.0,0.0,1.0,1.0,1.0
39,160,6.691732345433534,1.8046722316579435,0.0,0.0,1.0,0.0,0.0,1.0
0,165,11.034231354477326,2.6539312564133453,0.0,1.0,1.0,0.0,0.0,1.0
1,165,6.066241053346858,1.7920085384972573,1.0,1.0,1.0,0.0,0.0,1.0
2,165,10.218236244951022,0.25275114803055,1.0,0.0,0.0,0.0,0.0,0.0
3,165,12.0,1.2982847433786728,0.0,0.0,1.0,0.0,1.0,0.0
4,165,10.794173022349804,0.3347546656003231,0.0,0.0,0.0,0.0,0.0,1.0
5,165,12.0,10.467215086765965,0.0,0.0,1.0,0.0,0.0,0.0
6,165,7.460516060977492,7.430603099965542,0.0,0.0,0.0,0.0,0.0,1.0
7,165,10.12129319678352,12.0,0.0,0.0,1.0,0.0,1.0,0.0
8,165,11.539188604310398,5.996273110078104,1.0,1.0,0.0,1.0,1.0,1.0
9,165,4.944935812734268,9.6930467137154,0.0,1.0,0.0,1.0,0.0,0.0
10,165,11.9187732970354,7.357331060859064,1.0,0.0,0.0,0.0,0.0,1.0
11,165,1.527237518210204,3.7946644965707623,0.0,0.0,1.0,0.0,1.0,0.0
12,165,2.7223154861669494,10.638308818988143,0.0,0.0,1.0,1.0,0.0,1.0
13,165,0.108547429854033,9.194811334389016,1.0,0.0,0.0,1.0,0.0,1.0
14,165,10.667208831851944,8.737007944307825,0.0,0.0,0.0,1.0,0.0,0.0
15,165,8.792261589769934,8.734411070344319,0.0,1.0,0.0,1.0,0.0,1.0
16,165,0.0,10.346910268607648,0.0,0.0,0.0,1.0,1.0,0.0
17,165,0.3379541627951781,4.319621624513115,1.0,0.0,1.0,0.0,0.0,1.0
18,165,8.009671771418674,12.0,1.0,1.0,0.0,0.0,1.0,0.0
19,165,1.9496786403978323,0.0381854621170318,1.0,1.0,0.0,0.0,0.0,0.0
20,165,10.82293155804804,6.915606582798075,0.0,0.0,0.0,0.0,0.0,1.0
21,165,6.273563367011241,1.4361834214758429,1.0,1.0,0.0,0.0,1.0,0.0
22,165,7.771018709078696,11.555063210661467,1.0,0.0,0.0,1.0,0.0,0.0
23,165,2.5708451907288827,9.98671946760121,0.0,1.0,0.0,0.0,0.0,0.0
24,165,12.0,5.619140296695732,1.0,1.0,1.0,0.0,1.0,1.0
25,165,1.4321709360645667,10.582721676333897,0.0,0.0,0.0,0.0,1.0,1.0
26,165,10.210068143049073,2.801307597427605,1.0,0.0,1.0,0.0,0.0,0.0
27,165,2.4628789827578985,11.563449229149622,0.0,1.0,1.0,1.0,0.0,1.0
28,165,3.4710491122029423,7.241125195446076,0.0,1.0,1.0,1.0,1.0,0.0
29,165,9.324055636023472,7.850859576677462,1.0,0.0,1.0,1.0,0.0,0.0
30,165,5.411396173528154,12.0,1.0,1.0,1.0,0.0,0.0,0.0
31,165,9.91315128983324,1.392023326712705,1.0,0.0,0.0,0.0,1.0,0.0
32,165,5.741209259422008,3.7833651427947768,0.0,0.0,0.0,0.0,1.0,1.0
33,165,8.51110609094474,10.44809060062372,1.0,0.0,1.0,1.0,1.0,0.0
34,165,0.1712774942845005,4.073772805703931,0.0,0.0,1.0,0.0,0.0,1.0
35,165,9.44606308532635,1.6375352347835237,0.0,1.0,0.0,0.0,1.0,1.0
36,165,0.2787132502481008,5.493315563820695,0.0,1.0,0.0,1.0,0.0,0.0
37,165,1.791370990589529,11.542448919969644,0.0,1.0,0.0,0.0,0.0,1.0
38,165,0.0,5.855328479598185,1.0,0.0,0.0,1.0,1.0,1.0
39,165,6.65943320226264,1.814398823358404,0.0,0.0,1.0,0.0,0.0,1.0
0,170,11.030546863945364,2.615517432937782,0.0,1.0,1.0,0.0,0.0,1.0
1,170,6.069937683383843,1.7641767989524992,1.0,1.0,1.0,0.0,0.0,1.0
2,170,10.211767054761356,0.2404951971197242,1.0,0.0,0.0,0.0,0.0,0.0
3,170,12.0,1.3616984259029443,0.0,0.0,1.0,0.0,1.0,0.0
4,170,10.817684138224816,0.2784955666968656,0.0,0.0,0.0,0.0,0.0,1.0
5,170,11.999981579265029,10.45263859835047,0.0,0.0,1.0,0.0,0.0,0.0
6,170,7.412874017516007,7.346987560438739,0.0,0.0,0.0,0.0,0.0,1.0
7,170,10.124559241827637,12.0,0.0,0.0,1.0,0.0,1.0,0.0
8,170,11.57949908929825,5.933724603298656,1.0,1.0,0.0,1.0,1.0,1.0
9,170,4.8882263684929805,9.82092989642496,0.0,1.0,0.0,1.0,0.0,0.0
10,170,11.932751505673613,7.320757549362877,1.0,0.0,0.0,0.0,0.0,1.0
11,170,1.5102472999596257,3.800420393922431,0.0,0.0,1.0,0.0,1.0,0.0
12,170,2.718244820924819,10.632912232730051,0.0,0.0,1.0,1.0,0.0,1.0
13,170,0.141047301001129,9.196626539432115,1.0,0.0,0.0,1.0,0.0,1.0
14,170,10.702304677536924,8.721992583838114,0.0,0.0,0.0,1.0,0.0,0.0
15,170,8.804348095748413,8.748208954514682,0.0,1.0,0.0,1.0,0.0,1.0
16,170,0.0,10.4335412438972,0.0,0.0,0.0,1.0,1.0,0.0
17,170,0.3464812033245272,4.378431828296715,1.0,0.0,1.0,0.0,0.0,1.0
18,170,8.009660733928827,12.0,1.0,1.0,0.0,0.0,1.0,0.0
19,170,1.9836573561221555,0.0,1.0,1.0,0.0,0.0,0.0,0.0
20,170,10.886747525206928,6.90648500778438,0.0,0.0,0.0,0.0,0.0,1.0
21,170,6.4094680633484735,1.4303147760958483,1.0,1.0,0.0,0.0,1.0,0.0
22,170,7.688145966598354,11.567593533732548,1.0,0.0,0.0,1.0,0.0,0.0
23,170,2.5530457115752814,10.007055494349297,0.0,1.0,0.0,0.0,0.0,0.0
24,170,12.0,5.653505946373751,1.0,1.0,1.0,0.0,1.0,1.0
25,170,1.192516767801159,10.554789945144565,0.0,0.0,0.0,0.0,1.0,1.0
26,170,10.299065173878397,2.713546265383781,1.0,0.0,1.0,0.0,0.0,0.0
27,170,2.3737240520011973,11.555322628119528,0.0,1.0,1.0,1.0,0.0,1.0
28,170,3.4712340855640917,7.264982057864151,0.0,1.0,1.0,1.0,1.0,0.0
29,170,9.351667619508426,7.836922282982168,1.0,0.0,1.0,1.0,0.0,0.0
30,170,5.335186764535192,12.0,1.0,1.0,1.0,0.0,0.0,0.0
31,170,9.840295969284652,1.2801030182739066,1.0,0.0,0.0,0.0,1.0,0.0
32,170,5.638994073805604,3.743761127864271,0.0,0.0,0.0,0.0,1.0,1.0
33,170,8.52841617401704,10.432828057872094,1.0,0.0,1.0,1.0,1.0,0.0
34,170,0.1753473796500174,4.102215018347134,0.0,0.0,1.0,0.0,0.0,1.0
35,170,9.619646635951732,1.777318928607691,0.0,1.0,0.0,0.0,1.0,1.0
36,170,0.2543638743296949,5.382582786295536,0.0,1.0,0.0,1.0,0.0,0.0
37,170,1.553648411058503,11.58827650304544,0.0,1.0,0.0,0.0,0.0,1.0
38,170,0.0,5.835559515336168,1.0,0.0,0.0,1.0,1.0,1.0
39,170,6.631489667988363,1.8227750184492768,0.0,0.0,1.0,0.0,0.0,1.0
0,175,11.027889363551513,2.5894398454053453,0.0,1.0,1.0,0.0,0.0,1.0
1,175,6.07143187035567,1.7527414046817384,1.0,1.0,1.0,0.0,0.0,1.0
2,175,10.208272766817531,0.2337579182201133,1.0,0.0,0.0,0.0,0.0,0.0
3,175,12.0,1.412683925705038,0.0,0.0,1.0,0.0,1.0,0.0
4,175,10.842267194862936,0.2168969657919884,0.0,0.0,0.0,0.0,0.0,1.0
5,175,11.999567638688,10.433726278269134,0.0,0.0,1.0,0.0,0.0,0.0
6,175,7.372244569041207,7.269692969250778,0.0,0.0,0.0,0.0,0.0,1.0
7,175,10.128231687586169,12.0,0.0,0.0,1.0,0.0,1.0,0.0
8,175,11.61586601901917,5.872019185514651,1.0,1.0,0.0,1.0,1.0,1.0
9,175,4.835178338658151,9.938173308228285,0.0,1.0,0.0,1.0,0.0,0.0
10,175,11.95317985565187,7.269798539152292,1.0,0.0,0.0,0.0,0.0,1.0
11,175,1.4809219279482215,3.8097176999754794,0.0,0.0,1.0,0.0,1.0,0.0
12,175,2.7137668617126387,10.636263443099995,0.0,0.0,1.0,1.0,0.0,1.0
13,175,0.1612513642877855,9.19806711846866,1.0,0.0,0.0,1.0,0.0,1.0
14,175,10.719938689375786,8.714453774386351,0.0,0.0,0.0,1.0,0.0,0.0
15,175,8.809596306271331,8.754322374655077,0.0,1.0,0.0,1.0,0.0,1.0
16,175,0.0,10.518263434380806,0.0,0.0,0.0,1.0,1.0,0.0
17,175,0.3517822038856307,4.4348262232865,1.0,0.0,1.0,0.0,0.0,1.0
18,175,8.009671565342064,12.0,1.0,1.0,0.0,0.0,1.0,0.0
19,175,2.004565030976581,0.0,1.0,1.0,0.0,0.0,0.0,0.0
20,175,10.945483439108935,6.898567581929362,0.0,0.0,0.0,0.0,0.0,1.0
21,175,6.555131757214795,1.4247549816558769,1.0,1.0,0.0,0.0,1.0,0.0
22,175,7.623042711061926,11.57724061256559,1.0,0.0,0.0,1.0,0.0,0.0
23,175,2.535548649476662,10.02810763216868,0.0,1.0,0.0,0.0,0.0,0.0
24,175,12.0,5.701379536403256,1.0,1.0,1.0,0.0,1.0,1.0
25,175,0.9602466091361496,10.53103832623863,0.0,0.0,0.0,0.0,1.0,1.0
26,175,10.388414157018556,2.6285245937647312,1.0,0.0,1.0,0.0,0.0,0.0
27,175,2.2908499926709225,11.546463261009382,0.0,1.0,1.0,1.0,0.0,1.0
28,175,3.4735639450767684,7.31236321720094,0.0,1.0,1.0,1.0,1.0,0.0
29,175,9.356333270385443,7.834560225959345,1.0,0.0,1.0,1.0,0.0,0.0
30,175,5.52678472304815,12.0,1.0,1.0,1.0,0.0,0.0,0.0
31,175,9.775353251342914,1.176819144834541,1.0,0.0,0.0,0.0,1.0,0.0
32,175,5.548100449431091,3.710410712244862,0.0,0.0,0.0,0.0,1.0,1.0
33,175,8.547105063943413,10.41656657050911,1.0,0.0,1.0,1.0,1.0,0.0
34,175,0.1782288283474658,4.122777625407357,0.0,0.0,1.0,0.0,0.0,1.0
35,175,9.7986467912422,1.924646731678312,0.0,1.0,0.0,0.0,1.0,1.0
36,175,0.2311614382729291,5.270247353099195,0.0,1.0,0.0,1.0,0.0,0.0
37,175,1.3181847865863392,11.63668408923487,0.0,1.0,0.0,0.0,0.0,1.0
38,175,0.0,5.805307898696342,1.0,0.0,0.0,1.0,1.0,1.0
39,175,6.603162021001343,1.8316068217768795,0.0,0.0,1.0,0.0,0.0,1.0
0,180,11.026004778020136,2.567711901538888,0.0,1.0,1.0,0.0,0.0,1.0
1,180,6.074693301913933,1.7208012007553923,1.0,1.0,1.0,0.0,0.0,1.0
2,180,10.204845763958362,0.2264830549220448,1.0,0.0,0.0,0.0,0.0,0.0
3,180,12.0,1.4632664423567918,0.0,0.0,1.0,0.0,1.0,0.0
4,180,10.866756970129314,0.1548845329243268,0.0,0.0,0.0,0.0,0.0,1.0
5,180,11.998797793276191,10.416338768390077,0.0,0.0,1.0,0.0,0.0,0.0
6,180,7.327846123460973,7.189418415022172,0.0,0.0,0.0,0.0,0.0,1.0
7,180,10.131344565096226,12.0,0.0,0.0,1.0,0.0,1.0,0.0
8,180,11.65825735266281,5.7975107303219975,1.0,1.0,0.0,1.0,1.0,1.0
9,180,4.788381491017714,10.0456466367089,0.0,1.0,0.0,1.0,0.0,0.0
10,180,11.973953610554066,7.213647874313526,1.0,0.0,0.0,0.0,0.0,1.0
11,180,1.4602500259166422,3.816250566915144,0.0,0.0,1.0,0.0,1.0,0.0
12,180,2.7050949133617865,10.642812483650877,0.0,0.0,1.0,1.0,0.0,1.0
13,180,0.181365512901353,9.200102009810688,1.0,0.0,0.0,1.0,0.0,1.0
14,180,10.73666589394511,8.707243801130547,0.0,0.0,0.0,1.0,0.0,0.0
15,180,8.821894642186834,8.76845403768306,0.0,1.0,0.0,1.0,0.0,1.0
16,180,0.0,10.605323197957976,0.0,0.0,0.0,1.0,1.0,0.0
17,180,0.3591336007242183,4.515714987532389,1.0,0.0,1.0,0.0,0.0,1.0
18,180,8.007022239261673,12.0,1.0,1.0,0.0,0.0,1.0,0.0
19,180,2.021148370735553,0.0,1.0,1.0,0.0,0.0,0.0,0.0
20,180,11.015916603251773,6.887433156575258,0.0,0.0,0.0,0.0,0.0,1.0
21,180,6.69024186572782,1.417859300676232,1.0,1.0,0.0,0.0,1.0,0.0
22,180,7.552079087130567,11.589090444725867,1.0,0.0,0.0,1.0,0.0,0.0
23,180,2.508488165887616,10.062304354948138,0.0,1.0,0.0,0.0,0.0,0.0
24,180,12.0,5.73174159840331,1.0,1.0,1.0,0.0,1.0,1.0
25,180,0.7182352186255879,10.507087351217027,0.0,0.0,0.0,0.0,1.0,1.0
26,180,10.477906200264982,2.730179113702242,1.0,0.0,1.0,0.0,0.0,0.0
27,180,2.209057146715461,11.537409858578696,0.0,1.0,1.0,1.0,0.0,1.0
28,180,3.476893367108318,7.37855612803979,0.0,1.0,1.0,1.0,1.0,0.0
29,180,9.371391433560628,7.826679622260448,1.0,0.0,1.0,1.0,0.0,0.0
30,180,5.70858409389054,12.0,1.0,1.0,1.0,0.0,0.0,0.0
31,180,9.71323976573023,1.0748829928406738,1.0,0.0,0.0,0.0,1.0,0.0
32,180,5.4544572014547406,3.675279644000961,0.0,0.0,0.0,0.0,1.0,1.0
33,180,8.553018643909478,10.411537044492468,1.0,0.0,1.0,1.0,1.0,0.0
34,180,0.184081720126791,4.162639133208413,0.0,0.0,1.0,0.0,0.0,1.0
35,180,9.959462182464414,2.0612275159193927,0.0,1.0,0.0,0.0,1.0,1.0
36,180,0.2086620176216237,5.1597461282459225,0.0,1.0,0.0,1.0,0.0,0.0
37,180,1.0627582034185417,11.698862612894905,0.0,1.0,0.0,0.0,0.0,1.0
38,180,0.0,5.7715693759054805,1.0,0.0,0.0,1.0,1.0,1.0
39,180,6.55370796867424,1.8451666250200367,0.0,0.0,1.0,0.0,0.0,1.0
0,185,11.023755990192452,2.538309665041701,0.0,1.0,1.0,0.0,0.0,1.0
1,185,6.078138477181485,1.682698173825852,1.0,1.0,1.0,0.0,0.0,1.0
2,185,10.20670191489913,0.2303113384161116,1.0,0.0,0.0,0.0,0.0,0.0
3,185,12.0,1.5031132796221334,0.0,0.0,1.0,0.0,1.0,0.0
4,185,10.889659259245583,0.0951947223887633,0.0,0.0,0.0,0.0,0.0,1.0
5,185,11.997097062451877,10.38242490681758,0.0,0.0,1.0,0.0,0.0,0.0
6,185,7.28944504376216,7.119773302376554,0.0,0.0,0.0,0.0,0.0,1.0
7,185,10.137162936582376,12.0,0.0,0.0,1.0,0.0,1.0,0.0
8,185,11.698968054508176,5.725498617585535,1.0,1.0,0.0,1.0,1.0,1.0
9,185,4.738996127728258,10.16489149691585,0.0,1.0,0.0,1.0,0.0,0.0
10,185,11.986014464860135,7.179978747249243,1.0,0.0,0.0,0.0,0.0,1.0
11,185,1.4385958155802632,3.8230372197593256,0.0,0.0,1.0,0.0,1.0,0.0
12,185,2.6806690215740097,10.661760809700022,0.0,0.0,1.0,1.0,0.0,1.0
13,185,0.1778603056147922,9.199803283196015,1.0,0.0,0.0,1.0,0.0,1.0
14,185,10.729926359984042,8.710161349778573,0.0,0.0,0.0,1.0,0.0,0.0
15,185,8.822883058434126,8.769595806788299,0.0,1.0,0.0,1.0,0.0,1.0
16,185,0.0,10.69371989263536,0.0,0.0,0.0,1.0,1.0,0.0
17,185,0.3662121184270848,4.596846631022407,1.0,0.0,1.0,0.0,0.0,1.0
18,185,8.003751397282532,12.0,1.0,1.0,0.0,0.0,1.0,0.0
19,185,2.0386144515974376,0.0,1.0,1.0,0.0,0.0,0.0,0.0
20,185,11.07562447562298,6.876347953509299,0.0,0.0,0.0,0.0,0.0,1.0
21,185,6.835033350018578,1.4145165886979123,1.0,1.0,0.0,0.0,1.0,0.0
22,185,7.523532344017493,11.5929958202776,1.0,0.0,0.0,1.0,0.0,0.0
23,185,2.473792367858081,10.108988469870026,0.0,1.0,0.0,0.0,0.0,0.0
24,185,12.0,5.770539394003729,1.0,1.0,1.0,0.0,1.0,1.0
25,185,0.4661511010186768,10.476952398060826,0.0,0.0,0.0,0.0,1.0,1.0
26,185,10.564307801621904,2.8236770821791843,1.0,0.0,1.0,0.0,0.0,0.0
27,185,2.145638206963473,11.532298175680731,0.0,1.0,1.0,1.0,0.0,1.0
28,185,3.4822638246249333,7.447191539774408,0.0,1.0,1.0,1.0,1.0,0.0
29,185,9.411915715490146,7.804926564962991,1.0,0.0,1.0,1.0,0.0,0.0
30,185,5.889253123117083,12.0,1.0,1.0,1.0,0.0,0.0,0.0
31,185,9.647908049004704,0.9715053117209176,1.0,0.0,0.0,0.0,1.0,0.0
32,185,5.371379432984316,3.640328443713258,0.0,0.0,0.0,0.0,1.0,1.0
33,185,8.547881600187258,10.415887265091737,1.0,0.0,1.0,1.0,1.0,0.0
34,185,0.1932451224382825,4.215563163059681,0.0,0.0,1.0,0.0,0.0,1.0
35,185,10.11794750494165,2.2010929072091123,0.0,1.0,0.0,0.0,1.0,1.0
36,185,0.1880020699695993,5.065650773347042,0.0,1.0,0.0,1.0,0.0,0.0
37,185,0.8099809111056022,11.752281812826674,0.0,1.0,0.0,0.0,0.0,1.0
38,185,0.0,5.731803688671628,1.0,0.0,0.0,1.0,1.0,1.0
39,185,6.5193518340433245,1.8546293803471203,0.0,0.0,1.0,0.0,0.0,1.0
0,190,11.020258652228373,2.4895288625726804,0.0,1.0,1.0,0.0,0.0,1.0
1,190,6.08142553481769,1.6331785026093473,1.0,1.0,1.0,0.0,0.0,1.0
2,190,10.218981986151222,0.2532952346177435,1.0,0.0,0.0,0.0,0.0,0.0
3,190,12.0,1.5397623240987568,0.0,0.0,1.0,0.0,1.0,0.0
4,190,10.920181366728274,0.0186716123604618,0.0,0.0,0.0,0.0,0.0,1.0
5,190,11.995344872421215,10.322080564943615,0.0,0.0,1.0,0.0,0.0,0.0
6,190,7.262100843308302,7.068194869511332,0.0,0.0,0.0,0.0,0.0,1.0
7,190,10.141272027667204,12.0,0.0,0.0,1.0,0.0,1.0,0.0
8,190,11.726206198009477,5.677674918858746,1.0,1.0,0.0,1.0,1.0,1.0
9,190,4.845841224651927,10.2097202535051,0.0,1.0,0.0,1.0,0.0,0.0
10,190,11.99636972235684,7.149280897381272,1.0,0.0,0.0,0.0,0.0,1.0
11,190,1.4258792011019648,3.8273717441809,0.0,0.0,1.0,0.0,1.0,0.0
12,190,2.66643371094426,10.673242331131224,0.0,0.0,1.0,1.0,0.0,1.0
13,190,0.1774726663076355,9.199767689180572,1.0,0.0,0.0,1.0,0.0,1.0
14,190,10.728171519273678,8.710907964464143,0.0,0.0,0.0,1.0,0.0,0.0
15,190,8.832763367613298,8.781100974187508,0.0,1.0,0.0,1.0,0.0,1.0
16,190,0.0,10.592468381401252,0.0,0.0,0.0,1.0,1.0,0.0
17,190,0.3721625975530372,4.653550265043154,1.0,0.0,1.0,0.0,0.0,1.0
18,190,8.000861670542566,12.0,1.0,1.0,0.0,0.0,1.0,0.0
19,190,2.070663835889139,0.0,1.0,1.0,0.0,0.0,0.0,0.0
20,190,11.120116089330676,6.86863675614689,0.0,0.0,0.0,0.0,0.0,1.0
21,190,6.973583412395632,1.4110492417834106,1.0,1.0,0.0,0.0,1.0,0.0
22,190,7.492238118977049,11.597634394947844,1.0,0.0,0.0,1.0,0.0,0.0
23,190,2.4425898810978905,10.14995196660437,0.0,1.0,0.0,0.0,0.0,0.0
24,190,12.0,5.797434863267464,1.0,1.0,1.0,0.0,1.0,1.0
25,190,0.2116057278179379,10.444099759711314,0.0,0.0,0.0,0.0,1.0,1.0
26,190,10.641884448132457,2.9176720845730064,1.0,0.0,1.0,0.0,0.0,0.0
27,190,2.081218378199809,11.52724009881958,0.0,1.0,1.0,1.0,0.0,1.0
28,190,3.488414941715164,7.529295401091386,0.0,1.0,1.0,1.0,1.0,0.0
29,190,9.435610613610162,7.791755082135632,1.0,0.0,1.0,1.0,0.0,0.0
30,190,6.063150993670321,12.0,1.0,1.0,1.0,0.0,0.0,0.0
31,190,9.587285330753932,0.8742498135150214,1.0,0.0,0.0,0.0,1.0,0.0
32,190,5.296794689432005,3.6091909183702864,0.0,0.0,0.0,0.0,1.0,1.0
33,190,8.543304197398951,10.419857969747182,1.0,0.0,1.0,1.0,1.0,0.0
34,190,0.2052597283376131,4.283578584349744,0.0,0.0,1.0,0.0,0.0,1.0
35,190,10.278488144196752,2.3413683954101114,0.0,1.0,0.0,0.0,1.0,1.0
36,190,0.1711451712433481,4.981688035059513,0.0,1.0,0.0,1.0,0.0,0.0
37,190,0.555026699273512,11.810142572930689,0.0,1.0,0.0,0.0,0.0,1.0
38,190,0.0,5.705117447445341,1.0,0.0,0.0,1.0,1.0,1.0
39,190,6.505718650582861,1.8587330104219923,0.0,0.0,1.0,0.0,0.0,1.0
0,195,11.018471971560494,2.4545632289534107,0.0,1.0,1.0,0.0,0.0,1.0
1,195,6.086535418533623,1.562160698266326,1.0,1.0,1.0,0.0,0.0,1.0
2,195,10.223548414643975,0.2618312127862213,1.0,0.0,0.0,0.0,0.0,0.0
3,195,12.0,1.5973381861918077,0.0,0.0,1.0,0.0,1.0,0.0
4,195,10.95117240657923,0.0,0.0,0.0,0.0,0.0,0.0,1.0
5,195,11.992938768463208,10.266987374002523,0.0,0.0,1.0,0.0,0.0,0.0
6,195,7.238562897428016,7.022014075617451,0.0,0.0,0.0,0.0,0.0,1.0
7,195,10.14536168505907,12.0,0.0,0.0,1.0,0.0,1.0,0.0
8,195,11.75623954450207,5.622622611210611,1.0,1.0,0.0,1.0,1.0,1.0
9,195,4.942291864846292,10.251100122928992,0.0,1.0,0.0,1.0,0.0,0.0
10,195,11.995380912974458,7.152003788948408,1.0,0.0,0.0,0.0,0.0,1.0
11,195,1.410166483797164,3.832166233376321,0.0,0.0,1.0,0.0,1.0,0.0
12,195,2.6523609897452194,10.684472226384374,0.0,0.0,1.0,1.0,0.0,1.0
13,195,0.1576541414476885,9.197442332564105,1.0,0.0,0.0,1.0,0.0,1.0
14,195,10.737055177002183,8.70716999710584,0.0,0.0,0.0,1.0,0.0,0.0
15,195,8.84428105513124,8.795091790131007,0.0,1.0,0.0,1.0,0.0,1.0
16,195,0.0,10.501367199479317,0.0,0.0,0.0,1.0,1.0,0.0
17,195,0.379960073586428,4.716904965743165,1.0,0.0,1.0,0.0,0.0,1.0
18,195,7.997142456394305,12.0,1.0,1.0,0.0,0.0,1.0,0.0
19,195,2.094541927140689,0.0,1.0,1.0,0.0,0.0,0.0,0.0
20,195,11.163418381433948,6.860399229717422,0.0,0.0,0.0,0.0,0.0,1.0
21,195,7.109240961081683,1.4116093524224165,1.0,1.0,0.0,0.0,1.0,0.0
22,195,7.457148705158209,11.60258190219954,1.0,0.0,0.0,1.0,0.0,0.0
23,195,2.415334094918224,10.18507771413261,0.0,1.0,0.0,0.0,0.0,0.0
24,195,12.0,5.829521094699261,1.0,1.0,1.0,0.0,1.0,1.0
25,195,0.0,10.410759151078716,0.0,0.0,0.0,0.0,1.0,1.0
26,195,10.710681474495653,3.002138306311947,1.0,0.0,1.0,0.0,0.0,0.0
27,195,2.0195554157592914,11.522775569937842,0.0,1.0,1.0,1.0,0.0,1.0
28,195,3.4971225285196263,7.601104679946115,0.0,1.0,1.0,1.0,1.0,0.0
29,195,9.457094621451562,7.779887533984611,1.0,0.0,1.0,1.0,0.0,0.0
30,195,6.247936577227611,12.0,1.0,1.0,1.0,0.0,0.0,0.0
31,195,9.528880072240314,0.779303570034392,1.0,0.0,0.0,0.0,1.0,0.0
32,195,5.215721579275178,3.573916170782631,0.0,0.0,0.0,0.0,1.0,1.0
33,195,8.534614829517661,10.42762162754092,1.0,0.0,1.0,1.0,1.0,0.0
34,195,0.2174938942445864,4.348446492794776,0.0,0.0,1.0,0.0,0.0,1.0
35,195,10.44363962246786,2.483504292515057,0.0,1.0,0.0,0.0,1.0,1.0
36,195,0.1501354752485558,4.879436941061934,0.0,1.0,0.0,1.0,0.0,0.0
37,195,0.3142865702369959,11.872439862013156,0.0,1.0,0.0,0.0,0.0,1.0
38,195,0.0,5.659246849326776,1.0,0.0,0.0,1.0,1.0,1.0
39,195,6.509215703180995,1.8576820583070528,0.0,0.0,1.0,0.0,0.0,1.0
0,200,11.017744303201418,2.4224041308105444,0.0,1.0,1.0,0.0,0.0,1.0
1,200,6.0932092625123895,1.4651135822554988,1.0,1.0,1.0,0.0,0.0,1.0
2,200,10.24499753654758,0.3025018520674418,1.0,0.0,0.0,0.0,0.0,0.0
3,200,12.0,1.6453577868273843,0.0,0.0,1.0,0.0,1.0,0.0
4,200,10.986153528952336,0.0,0.0,0.0,0.0,0.0,0.0,1.0
5,200,11.991000667615417,10.2341242539983,0.0,0.0,1.0,0.0,0.0,0.0
6,200,7.21692895469277,6.978947353104132,0.0,0.0,0.0,0.0,0.0,1.0
7,200,10.150322890943832,12.0,0.0,0.0,1.0,0.0,1.0,0.0
8,200,11.791170668111,5.557440672764913,1.0,1.0,0.0,1.0,1.0,1.0
9,200,5.024829441990909,10.286454910210152,0.0,1.0,0.0,1.0,0.0,0.0
10,200,11.995400330096784,7.151952421891667,1.0,0.0,0.0,0.0,0.0,1.0
11,200,1.4169736494997842,3.830086429153136,0.0,0.0,1.0,0.0,1.0,0.0
12,200,2.632574788869829,10.700211681939464,0.0,0.0,1.0,1.0,0.0,1.0
13,200,0.1666634097991967,9.19853056557834,1.0,0.0,0.0,1.0,0.0,1.0
14,200,10.738840042796337,8.706438511052001,0.0,0.0,0.0,1.0,0.0,0.0
15,200,8.846756694193973,8.798027664955892,0.0,1.0,0.0,1.0,0.0,1.0
16,200,0.0,10.433324386307092,0.0,0.0,0.0,1.0,1.0,0.0
17,200,0.3851353127695059,4.767038923440785,1.0,0.0,1.0,0.0,0.0,1.0
18,200,7.990642052456668,12.0,1.0,1.0,0.0,0.0,1.0,0.0
19,200,2.123728628111645,0.0,1.0,1.0,0.0,0.0,0.0,0.0
20,200,11.205875701449242,6.852138185932379,0.0,0.0,0.0,0.0,0.0,1.0
21,200,7.23960489680879,1.4102152199779523,1.0,1.0,0.0,0.0,1.0,0.0
22,200,7.435094193620324,11.606125079079147,1.0,0.0,0.0,1.0,0.0,0.0
23,200,2.3858368573145508,10.219738422040605,0.0,1.0,0.0,0.0,0.0,0.0
24,200,12.0,5.863559846181206,1.0,1.0,1.0,0.0,1.0,1.0
25,200,0.0,10.374303702906174,0.0,0.0,0.0,0.0,1.0,1.0
26,200,10.796872613581188,3.104555495842714,1.0,0.0,1.0,0.0,0.0,0.0
27,200,1.949241890903403,11.518182653011197,0.0,1.0,1.0,1.0,0.0,1.0
28,200,3.5059275722820926,7.685124030952765,0.0,1.0,1.0,1.0,1.0,0.0
29,200,9.473721260526515,7.770675950571718,1.0,0.0,1.0,1.0,0.0,0.0
30,200,6.429030713911136,12.0,1.0,1.0,1.0,0.0,0.0,0.0
31,200,9.460092570947426,0.6725470454643421,1.0,0.0,0.0,0.0,1.0,0.0
32,200,5.127732914892113,3.536452750946716,0.0,0.0,0.0,0.0,1.0,1.0
33,200,8.532328665339168,10.429625002709225,1.0,0.0,1.0,1.0,1.0,0.0
34,200,0.2284772542689962,4.407235702909297,0.0,0.0,1.0,0.0,0.0,1.0
35,200,10.598343854366874,2.6176629998521146,0.0,1.0,0.0,0.0,1.0,1.0
36,200,0.1253860992910088,4.7513024874174405,0.0,1.0,0.0,1.0,0.0,0.0
37,200,0.075294988187353,11.935818897261523,0.0,1.0,0.0,0.0,0.0,1.0
38,200,0.0,5.598858683721461,1.0,0.0,0.0,1.0,1.0,1.0
39,200,6.506046079103415,1.8478910919837788,0.0,0.0,1.0,0.0,0.0,1.0
0,205,11.017662572771815,2.405529228677465,0.0,1.0,1.0,0.0,0.0,1.0
1,205,6.097615042949693,1.3789934231482497,1.0,1.0,1.0,0.0,0.0,1.0
2,205,10.271515120647171,0.3541491043226371,1.0,0.0,0.0,0.0,0.0,0.0
3,205,12.0,1.6862730278079878,0.0,0.0,1.0,0.0,1.0,0.0
4,205,11.020220614628562,0.0,0.0,0.0,0.0,0.0,0.0,1.0
5,205,11.988366925685774,10.197926230898974,0.0,0.0,1.0,0.0,0.0,0.0
6,205,7.193423558683536,6.932859386182267,0.0,0.0,0.0,0.0,0.0,1.0
7,205,10.15443615327594,12.0,0.0,0.0,1.0,0.0,1.0,0.0
8,205,11.818215627730712,5.503935278374657,1.0,1.0,0.0,1.0,1.0,1.0
9,205,5.138070198705548,10.335731209299762,0.0,1.0,0.0,1.0,0.0,0.0
10,205,12.0,7.131630854757486,1.0,0.0,0.0,0.0,0.0,1.0
11,205,1.421829859697714,3.828748399461426,0.0,0.0,1.0,0.0,1.0,0.0
12,205,2.598858095811213,10.72769511825562,0.0,0.0,1.0,1.0,0.0,1.0
13,205,0.1584255938000579,9.197424411357982,1.0,0.0,0.0,1.0,0.0,1.0
14,205,10.729871387573937,8.710202012349,0.0,0.0,0.0,1.0,0.0,0.0
15,205,8.853434113092035,8.806170941565842,0.0,1.0,0.0,1.0,0.0,1.0
16,205,0.0,10.373895921518182,0.0,0.0,0.0,1.0,1.0,0.0
17,205,0.3920333306854934,4.831467721712008,1.0,0.0,1.0,0.0,0.0,1.0
18,205,7.986591464839255,12.0,1.0,1.0,0.0,0.0,1.0,0.0
19,205,2.142656458048301,0.0,1.0,1.0,0.0,0.0,0.0,0.0
20,205,11.259585868221995,6.843195808451223,0.0,0.0,0.0,0.0,0.0,1.0
21,205,7.389207710266789,1.4127042859319738,1.0,1.0,0.0,0.0,1.0,0.0
22,205,7.417354363150098,11.608739024447493,1.0,0.0,0.0,1.0,0.0,0.0
23,205,2.376802500557265,10.230591349574706,0.0,1.0,0.0,0.0,0.0,0.0
24,205,12.0,5.906244078268465,1.0,1.0,1.0,0.0,1.0,1.0
25,205,0.0,10.340892458165746,0.0,0.0,0.0,0.0,1.0,1.0
26,205,10.873595391743285,3.195928435835883,1.0,0.0,1.0,0.0,0.0,0.0
27,205,1.954165128092065,11.45287246234212,0.0,1.0,1.0,1.0,0.0,1.0
28,205,3.5135524848221555,7.752820043823145,0.0,1.0,1.0,1.0,1.0,0.0
29,205,9.510040921442355,7.749867197664002,1.0,0.0,1.0,1.0,0.0,0.0
30,205,6.355245212361098,12.0,1.0,1.0,1.0,0.0,0.0,0.0
31,205,9.388922650880623,0.5589185636421536,1.0,0.0,0.0,0.0,1.0,0.0
32,205,5.052042202597225,3.504912886529387,0.0,0.0,0.0,0.0,1.0,1.0
33,205,8.518079485909004,10.441260956634435,1.0,0.0,1.0,1.0,1.0,0.0
34,205,0.2386621673125329,4.460198900675956,0.0,0.0,1.0,0.0,0.0,1.0
35,205,10.757194034779715,2.7521413289084244,0.0,1.0,0.0,0.0,1.0,1.0
36,205,0.1013010694755572,4.632487890135368,0.0,1.0,0.0,1.0,0.0,0.0
37,205,0.0,11.991868507989183,0.0,1.0,0.0,0.0,0.0,1.0
38,205,0.0,5.525131309988499,1.0,0.0,0.0,1.0,1.0,1.0
39,205,6.50515360702012,1.8450664445440617,0.0,0.0,1.0,0.0,0.0,1.0
0,210,11.017618084987411,2.4009039199541817,0.0,1.0,1.0,0.0,0.0,1.0
1,210,6.105987330329539,1.2862310883889103,1.0,1.0,1.0,0.0,0.0,1.0
2,210,10.29826854599529,0.4090341038219456,1.0,0.0,0.0,0.0,0.0,0.0
3,210,12.0,1.7262879647538347,0.0,0.0,1.0,0.0,1.0,0.0
4,210,11.049828326266072,0.0,0.0,0.0,0.0,0.0,0.0,1.0
5,210,11.988470755659158,10.19938964972886,0.0,0.0,1.0,0.0,0.0,0.0
6,210,7.15369388301732,6.84984185932974,0.0,0.0,0.0,0.0,0.0,1.0
7,210,10.158499044833295,12.0,0.0,0.0,1.0,0.0,1.0,0.0
8,210,11.851958292064817,5.436830610620701,1.0,1.0,0.0,1.0,1.0,1.0
9,210,5.267867237216074,10.391425220749614,0.0,1.0,0.0,1.0,0.0,0.0
10,210,12.0,7.125064614428614,1.0,0.0,0.0,0.0,0.0,1.0
11,210,1.4172866297999185,3.829943607206844,0.0,0.0,1.0,0.0,1.0,0.0
12,210,2.568803728448153,10.75154982498947,0.0,0.0,1.0,1.0,0.0,1.0
13,210,0.1441397045304326,9.195799395723531,1.0,0.0,0.0,1.0,0.0,1.0
14,210,10.734730741646096,8.708075781789868,0.0,0.0,0.0,1.0,0.0,0.0
15,210,8.852732399408323,8.805291902315826,0.0,1.0,0.0,1.0,0.0,1.0
16,210,0.0,10.318962135771311,0.0,0.0,0.0,1.0,1.0,0.0
17,210,0.3995596021474319,4.899156872895569,1.0,0.0,1.0,0.0,0.0,1.0
18,210,7.980951174667771,12.0,1.0,1.0,0.0,0.0,1.0,0.0
19,210,2.170408542764301,0.0,1.0,1.0,0.0,0.0,0.0,0.0
20,210,11.302271375179018,6.835187773651495,0.0,0.0,0.0,0.0,0.0,1.0
21,210,7.537455364603992,1.4132561752570831,1.0,1.0,0.0,0.0,1.0,0.0
22,210,7.380512313323269,11.61420148888332,1.0,0.0,0.0,1.0,0.0,0.0
23,210,2.355240050535143,10.257334635780644,0.0,1.0,0.0,0.0,0.0,0.0
24,210,12.0,5.955421334682417,1.0,1.0,1.0,0.0,1.0,1.0
25,210,0.0,10.309981394356186,0.0,0.0,0.0,0.0,1.0,1.0
26,210,10.953937825009726,3.294140264671604,1.0,0.0,1.0,0.0,0.0,0.0
27,210,1.961194491487004,11.387584161690713,0.0,1.0,1.0,1.0,0.0,1.0
28,210,3.523593334154689,7.850574531014821,0.0,1.0,1.0,1.0,1.0,0.0
29,210,9.529845568457445,7.739271202472907,1.0,0.0,1.0,1.0,0.0,0.0
30,210,6.262871991873843,12.0,1.0,1.0,1.0,0.0,0.0,0.0
31,210,9.325690855213068,0.4632981293773851,1.0,0.0,0.0,0.0,1.0,0.0
32,210,4.980569769897999,3.477207741626751,0.0,0.0,0.0,0.0,1.0,1.0
33,210,8.525854729950558,10.434891256840002,1.0,0.0,1.0,1.0,1.0,0.0
34,210,0.2469999533060049,4.506626952173202,0.0,0.0,1.0,0.0,0.0,1.0
35,210,10.903268508425498,2.879287816058932,0.0,1.0,0.0,0.0,1.0,1.0
36,210,0.0776357920471598,4.512516165596956,0.0,1.0,0.0,1.0,0.0,0.0
37,210,0.0,12.0,0.0,1.0,0.0,0.0,0.0,1.0
38,210,0.0,5.449961413998619,1.0,0.0,0.0,1.0,1.0,1.0
39,210,6.510262018810198,1.862107153601205,0.0,0.0,1.0,0.0,0.0,1.0
0,215,11.017604048340315,2.3968701661275147,0.0,1.0,1.0,0.0,0.0,1.0
1,215,6.113206278429404,1.2105637633063533,1.0,1.0,1.0,0.0,0.0,1.0
2,215,10.32341206418883,0.4600043982872659,1.0,0.0,0.0,0.0,0.0,0.0
3,215,12.0,1.7650919070512054,0.0,0.0,1.0,0.0,1.0,0.0
4,215,11.07698054424735,0.0,0.0,0.0,0.0,0.0,0.0,1.0
5,215,11.988536779087946,10.20041369149627,0.0,0.0,1.0,0.0,0.0,0.0
6,215,7.113162639279888,6.765308332440767,0.0,0.0,0.0,0.0,0.0,1.0
7,215,10.161670884251691,12.0,0.0,0.0,1.0,0.0,1.0,0.0
8,215,11.889498836542767,5.361281506553549,1.0,1.0,0.0,1.0,1.0,1.0
9,215,5.426852014109431,10.461597527623756,0.0,1.0,0.0,1.0,0.0,0.0
10,215,12.0,7.120865961766801,1.0,0.0,0.0,0.0,0.0,1.0
11,215,1.4020561364325554,3.83401552531896,0.0,0.0,1.0,0.0,1.0,0.0
12,215,2.5479592727682228,10.768540100926426,0.0,0.0,1.0,1.0,0.0,1.0
13,215,0.1512023527835739,9.196500487666054,1.0,0.0,0.0,1.0,0.0,1.0
14,215,10.75288236062875,8.699622569765381,0.0,0.0,0.0,1.0,0.0,0.0
15,215,8.852068896749188,8.804498922416201,0.0,1.0,0.0,1.0,0.0,1.0
16,215,0.0,10.265621358409607,0.0,0.0,0.0,1.0,1.0,0.0
17,215,0.4083436101793997,4.980083189777025,1.0,0.0,1.0,0.0,0.0,1.0
18,215,7.975634982044754,12.0,1.0,1.0,0.0,0.0,1.0,0.0
19,215,2.1991970869940016,0.0,1.0,1.0,0.0,0.0,0.0,0.0
20,215,11.34201290370311,6.82793521499831,0.0,0.0,0.0,0.0,0.0,1.0
21,215,7.687805709185251,1.4137648621840448,1.0,1.0,0.0,0.0,1.0,0.0
22,215,7.340605556320487,11.620882015246943,1.0,0.0,0.0,1.0,0.0,0.0
23,215,2.3335080483821624,10.284074032444355,0.0,1.0,0.0,0.0,0.0,0.0
24,215,12.0,6.015548531793623,1.0,1.0,1.0,0.0,1.0,1.0
25,215,0.0,10.276285477606711,0.0,0.0,0.0,0.0,1.0,1.0
26,215,11.030233689222472,3.3851553644847017,1.0,0.0,1.0,0.0,0.0,0.0
27,215,1.9691164269184915,11.30222975221846,0.0,1.0,1.0,1.0,0.0,1.0
28,215,3.5313689579877225,7.950772915245264,0.0,1.0,1.0,1.0,1.0,0.0
29,215,9.54628489151761,7.73044127596839,1.0,0.0,1.0,1.0,0.0,0.0
30,215,6.169364570143857,12.0,1.0,1.0,1.0,0.0,0.0,0.0
31,215,9.26501078658009,0.3736145718705534,1.0,0.0,0.0,0.0,1.0,0.0
32,215,4.910366216648232,3.454004660511837,0.0,0.0,0.0,0.0,1.0,1.0
33,215,8.534507482441033,10.42797302931882,1.0,0.0,1.0,1.0,1.0,0.0
34,215,0.258173724275208,4.566492644400803,0.0,0.0,1.0,0.0,0.0,1.0
35,215,11.051954212681208,3.010294624425704,0.0,1.0,0.0,0.0,1.0,1.0
36,215,0.0510925045796586,4.388902736216891,0.0,1.0,0.0,1.0,0.0,0.0
37,215,0.0,12.0,0.0,1.0,0.0,0.0,0.0,1.0
38,215,0.0,5.3695093383271,1.0,0.0,0.0,1.0,1.0,1.0
39,215,6.516425735112133,1.885154929830814,0.0,0.0,1.0,0.0,0.0,1.0
0,220,11.01736784227957,2.3860777647307847,0.0,1.0,1.0,0.0,0.0,1.0
1,220,6.122044722377345,1.1076080199903653,1.0,1.0,1.0,0.0,0.0,1.0
2,220,10.339181519128616,0.4887624301384656,1.0,0.0,0.0,0.0,0.0,0.0
3,220,12.0,1.7995829999143949,0.0,0.0,1.0,0.0,1.0,0.0
4,220,11.098903269046833,0.0,0.0,0.0,0.0,0.0,0.0,1.0
5,220,11.988763942103263,10.205567220806634,0.0,0.0,1.0,0.0,0.0,0.0
6,220,7.070006809407884,6.673992236591266,0.0,0.0,0.0,0.0,0.0,1.0
7,220,10.16349478090808,12.0,0.0,0.0,1.0,0.0,1.0,0.0
8,220,11.927211276500984,5.285911484615317,1.0,1.0,0.0,1.0,1.0,1.0
9,220,5.5955190052014965,10.538235205936058,0.0,1.0,0.0,1.0,0.0,0.0
10,220,12.0,7.088759971484342,1.0,0.0,0.0,0.0,0.0,1.0
11,220,1.4064537306659584,3.832681996383788,0.0,0.0,1.0,0.0,1.0,0.0
12,220,2.5165486171296743,10.793579810115274,0.0,0.0,1.0,1.0,0.0,1.0
13,220,0.147857833387392,9.196089573886224,1.0,0.0,0.0,1.0,0.0,1.0
14,220,10.77694503586711,8.689346638941625,0.0,0.0,0.0,1.0,0.0,0.0
15,220,8.860731055168259,8.814570272173473,0.0,1.0,0.0,1.0,0.0,1.0
16,220,0.0,10.192103725508678,0.0,0.0,0.0,1.0,1.0,0.0
17,220,0.4126164353534234,5.043937541514134,1.0,0.0,1.0,0.0,0.0,1.0
18,220,7.972166481655416,12.0,1.0,1.0,0.0,0.0,1.0,0.0
19,220,2.2224858774232046,0.0,1.0,1.0,0.0,0.0,0.0,0.0
20,220,11.364175981932826,6.823598159505093,0.0,0.0,0.0,0.0,0.0,1.0
21,220,7.837412820730687,1.410296667675817,1.0,1.0,0.0,0.0,1.0,0.0
22,220,7.329500776678271,11.622680736884526,1.0,0.0,0.0,1.0,0.0,0.0
23,220,2.3172127708100607,10.30437347930902,0.0,1.0,0.0,0.0,0.0,0.0
24,220,12.0,6.0572487372621335,1.0,1.0,1.0,0.0,1.0,1.0
25,220,0.0,10.244956806177727,0.0,0.0,0.0,0.0,1.0,1.0
26,220,11.08799722940479,3.45292422529532,1.0,0.0,1.0,0.0,0.0,0.0
27,220,1.9772852047444325,11.223580991231888,0.0,1.0,1.0,1.0,0.0,1.0
28,220,3.5383731756405634,8.053279371646294,0.0,1.0,1.0,1.0,1.0,0.0
29,220,9.553203879515204,7.726737881059755,1.0,0.0,1.0,1.0,0.0,0.0
30,220,6.074540005111437,12.0,1.0,1.0,1.0,0.0,0.0,0.0
31,220,9.195064285468316,0.2692039387695269,1.0,0.0,0.0,0.0,1.0,0.0
32,220,4.838177423809802,3.429186871982681,0.0,0.0,0.0,0.0,1.0,1.0
33,220,8.534381793440856,10.428082374282894,1.0,0.0,1.0,1.0,1.0,0.0
34,220,0.2724464594415219,4.643258296221519,0.0,0.0,1.0,0.0,0.0,1.0
35,220,11.205861645015446,3.1461316667245485,0.0,1.0,0.0,0.0,1.0,1.0
36,220,0.0219503405270759,4.24702966696676,0.0,1.0,0.0,1.0,0.0,0.0
37,220,0.0,12.0,0.0,1.0,0.0,0.0,0.0,1.0
38,220,0.0,5.290927127627845,1.0,0.0,0.0,1.0,1.0,1.0
39,220,6.525162407626576,1.9192443351560848,0.0,0.0,1.0,0.0,0.0,1.0
0,225,11.017265249500277,2.3793816399442167,0.0,1.0,1.0,0.0,0.0,1.0
1,225,6.130788830036296,1.0141876357697432,1.0,1.0,1.0,0.0,0.0,1.0
2,225,10.344569689215431,0.4983072909855057,1.0,0.0,0.0,0.0,0.0,0.0
3,225,12.0,1.8411778903611604,0.0,0.0,1.0,0.0,1.0,0.0
4,225,11.125162591607632,0.0,0.0,0.0,0.0,0.0,0.0,1.0
5,225,11.989054830231916,10.21650259351227,0.0,0.0,1.0,0.0,0.0,0.0
6,225,7.024446655901265,6.57184600635275,0.0,0.0,0.0,0.0,0.0,1.0
7,225,10.16439770745006,12.0,0.0,0.0,1.0,0.0,1.0,0.0
8,225,11.953718408050664,5.232914137440065,1.0,1.0,0.0,1.0,1.0,1.0
9,225,5.750438404555944,10.603819778241943,0.0,1.0,0.0,1.0,0.0,0.0
10,225,12.0,7.0568674271518965,1.0,0.0,0.0,0.0,0.0,1.0
11,225,1.4013907578879927,3.834303797380059,0.0,0.0,1.0,0.0,1.0,0.0
12,225,2.4745225480554978,10.827839758739197,0.0,0.0,1.0,1.0,0.0,1.0
13,225,0.1672364798291225,9.19857584687733,1.0,0.0,0.0,1.0,0.0,1.0
14,225,10.798840766211791,8.680657562972968,0.0,0.0,0.0,1.0,0.0,0.0
15,225,8.876608128964486,8.83229409635574,0.0,1.0,0.0,1.0,0.0,1.0
16,225,0.0,10.125204018443286,0.0,0.0,0.0,1.0,1.0,0.0
17,225,0.4173342485558081,5.1082938520233325,1.0,0.0,1.0,0.0,0.0,1.0
18,225,7.967168724090706,12.0,1.0,1.0,0.0,0.0,1.0,0.0
19,225,2.2468150241439075,0.0,1.0,1.0,0.0,0.0,0.0,0.0
20,225,11.36886494045172,6.822591503552919,0.0,0.0,0.0,0.0,0.0,1.0
21,225,7.969540487260252,1.4066372590484697,1.0,1.0,0.0,0.0,1.0,0.0
22,225,7.32904606149285,11.6201355178632,1.0,0.0,0.0,1.0,0.0,0.0
23,225,2.3100865032408886,10.313475448401228,0.0,1.0,0.0,0.0,0.0,0.0
24,225,12.0,6.097875186057953,1.0,1.0,1.0,0.0,1.0,1.0
25,225,0.0,10.212972501661309,0.0,0.0,0.0,0.0,1.0,1.0
26,225,11.139817880697594,3.513423215727033,1.0,0.0,1.0,0.0,0.0,0.0
27,225,1.9864259034638576,11.147756799005387,0.0,1.0,1.0,1.0,0.0,1.0
28,225,3.545199367558223,8.173400323629421,0.0,1.0,1.0,1.0,1.0,0.0
29,225,9.578611213938666,7.7127426839932385,1.0,0.0,1.0,1.0,0.0,0.0
30,225,5.986085571818157,12.0,1.0,1.0,1.0,0.0,0.0,0.0
31,225,9.132915966528351,0.177243414803374,1.0,0.0,0.0,0.0,1.0,0.0
32,225,4.7516994287518814,3.400943544228045,0.0,0.0,0.0,0.0,1.0,1.0
33,225,8.52163772517056,10.439054886710888,1.0,0.0,1.0,1.0,1.0,0.0
34,225,0.2883828625306734,4.724857822648604,0.0,0.0,1.0,0.0,0.0,1.0
35,225,11.352953583634514,3.2817767602383108,0.0,1.0,0.0,0.0,1.0,1.0
36,225,0.0,4.115650883596591,0.0,1.0,0.0,1.0,0.0,0.0
37,225,0.0,12.0,0.0,1.0,0.0,0.0,0.0,1.0
38,225,0.0,5.216408007080959,1.0,0.0,0.0,1.0,1.0,1.0
39,225,6.524147054958747,1.91556216065423,0.0,0.0,1.0,0.0,0.0,1.0
0,230,11.01726280735051,2.378660731125939,0.0,1.0,1.0,0.0,0.0,1.0
1,230,6.1432395576164005,0.9028112780042116,1.0,1.0,1.0,0.0,0.0,1.0
2,230,10.352880301718471,0.5127113725108716,1.0,0.0,0.0,0.0,0.0,0.0
3,230,12.0,1.8840454471986603,0.0,0.0,1.0,0.0,1.0,0.0
4,230,11.148881271429008,0.0,0.0,0.0,0.0,0.0,0.0,1.0
5,230,11.989064682692083,10.216736786459254,0.0,0.0,1.0,0.0,0.0,0.0
6,230,6.976027976168616,6.4644238618031205,0.0,0.0,0.0,0.0,0.0,1.0
7,230,10.166886455604104,12.0,0.0,0.0,1.0,0.0,1.0,0.0
8,230,11.983755834025562,5.174301283275257,1.0,1.0,0.0,1.0,1.0,1.0
9,230,5.910642836990396,10.674071039918651,0.0,1.0,0.0,1.0,0.0,0.0
10,230,12.0,7.016675010794169,1.0,0.0,0.0,0.0,0.0,1.0
11,230,1.4043146563409896,3.833297052379523,0.0,0.0,1.0,0.0,1.0,0.0
12,230,2.422903799551444,10.869760176997396,0.0,0.0,1.0,1.0,0.0,1.0
13,230,0.2017912615242231,9.202837598512051,1.0,0.0,0.0,1.0,0.0,1.0
14,230,10.792350277629826,8.683064196935558,0.0,0.0,0.0,1.0,0.0,0.0
15,230,8.897360942943944,8.85560121860131,0.0,1.0,0.0,1.0,0.0,1.0
16,230,0.0,10.194900879328884,0.0,0.0,0.0,1.0,1.0,0.0
17,230,0.4232098665923356,5.178305027579,1.0,0.0,1.0,0.0,0.0,1.0
18,230,7.962780269972519,12.0,1.0,1.0,0.0,0.0,1.0,0.0
19,230,2.272496202911049,0.0,1.0,1.0,0.0,0.0,0.0,0.0
20,230,11.374167818559345,6.821549923595917,0.0,0.0,0.0,0.0,0.0,1.0
21,230,8.07836403481,1.4020874693865553,1.0,1.0,0.0,0.0,1.0,0.0
22,230,7.329587245151005,11.62346112621915,1.0,0.0,0.0,1.0,0.0,0.0
23,230,2.319325099262126,10.301602936066391,0.0,1.0,0.0,0.0,0.0,0.0
24,230,12.0,6.1492769108991325,1.0,1.0,1.0,0.0,1.0,1.0
25,230,0.0,10.174128178318645,0.0,0.0,0.0,0.0,1.0,1.0
26,230,11.195064757922108,3.578095933295393,1.0,0.0,1.0,0.0,0.0,0.0
27,230,1.997710853126053,11.056797737966294,0.0,1.0,1.0,1.0,0.0,1.0
28,230,3.556477847262458,8.298476690474134,0.0,1.0,1.0,1.0,1.0,0.0
29,230,9.606636269759052,7.698220255470312,1.0,0.0,1.0,1.0,0.0,0.0
30,230,5.893474361582919,12.0,1.0,1.0,1.0,0.0,0.0,0.0
31,230,9.056395007032016,0.0656996105640355,1.0,0.0,0.0,0.0,1.0,0.0
32,230,4.640093210526362,3.3635409009027906,0.0,0.0,0.0,0.0,1.0,1.0
33,230,8.516355748815663,10.44387993764993,1.0,0.0,1.0,1.0,1.0,0.0
34,230,0.3025516182083634,4.794757587281828,0.0,0.0,1.0,0.0,0.0,1.0
35,230,11.508482187608443,3.426586263017008,0.0,1.0,0.0,0.0,1.0,1.0
36,230,0.0,3.985014387778637,0.0,1.0,0.0,1.0,0.0,0.0
37,230,0.0,12.0,0.0,1.0,0.0,0.0,0.0,1.0
38,230,0.0,5.129426452346616,1.0,0.0,0.0,1.0,1.0,1.0
39,230,6.5234100020631685,1.9129431560518293,0.0,0.0,1.0,0.0,0.0,1.0
0,235,11.017571098447425,2.3904004314217384,0.0,1.0,1.0,0.0,0.0,1.0
1,235,6.156790327287121,0.7855074711965284,1.0,1.0,1.0,0.0,0.0,1.0
2,235,10.367168722471542,0.537970057948644,1.0,0.0,0.0,0.0,0.0,0.0
3,235,12.0,1.9341252420788064,0.0,0.0,1.0,0.0,1.0,0.0
4,235,11.17214765777057,0.0,0.0,0.0,0.0,0.0,0.0,1.0
5,235,11.98990205808533,10.241173114637515,0.0,0.0,1.0,0.0,0.0,0.0
6,235,6.923852602192735,6.354750366834635,0.0,0.0,0.0,0.0,0.0,1.0
7,235,10.168340822824348,12.0,0.0,0.0,1.0,0.0,1.0,0.0
8,235,12.0,5.116116299316343,1.0,1.0,0.0,1.0,1.0,1.0
9,235,6.073092735088609,10.745777554209408,0.0,1.0,0.0,1.0,0.0,0.0
10,235,12.0,6.979074942156705,1.0,0.0,0.0,0.0,0.0,1.0
11,235,1.3972634331753866,3.8354172681809815,0.0,0.0,1.0,0.0,1.0,0.0
12,235,2.3689846196391384,10.913939837201973,0.0,0.0,1.0,1.0,0.0,1.0
13,235,0.2376587774813603,9.207251980132758,1.0,0.0,0.0,1.0,0.0,1.0
14,235,10.79546438257618,8.681883817801797,0.0,0.0,0.0,1.0,0.0,0.0
15,235,8.896694066720515,8.854846549049563,0.0,1.0,0.0,1.0,0.0,1.0
16,235,0.0,10.264126403535808,0.0,0.0,0.0,1.0,1.0,0.0
17,235,0.4310372450285099,5.255979041833445,1.0,0.0,1.0,0.0,0.0,1.0
18,235,7.961021017524144,12.0,1.0,1.0,0.0,0.0,1.0,0.0
19,235,2.2943237085520263,0.0,1.0,1.0,0.0,0.0,0.0,0.0
20,235,11.387459633813624,6.819021912858224,0.0,0.0,0.0,0.0,0.0,1.0
21,235,8.192490309250195,1.398849912048426,1.0,1.0,0.0,0.0,1.0,0.0
22,235,7.3298065249261075,11.62468414802662,1.0,0.0,0.0,1.0,0.0,0.0
23,235,2.3298891073149344,10.288588567278344,0.0,1.0,0.0,0.0,0.0,0.0
24,235,12.0,6.203826709681193,1.0,1.0,1.0,0.0,1.0,1.0
25,235,0.0,10.126516656783249,0.0,0.0,0.0,0.0,1.0,1.0
26,235,11.24284391778065,3.632159654086552,1.0,0.0,1.0,0.0,0.0,0.0
27,235,2.009621958892108,10.972166352870463,0.0,1.0,1.0,1.0,0.0,1.0
28,235,3.569964306171784,8.424130116132565,0.0,1.0,1.0,1.0,1.0,0.0
29,235,9.638815723332376,7.681680885475169,1.0,0.0,1.0,1.0,0.0,0.0
30,235,5.797770739480814,12.0,1.0,1.0,1.0,0.0,0.0,0.0
31,235,8.97385267384988,0.0,1.0,0.0,0.0,0.0,1.0,0.0
32,235,4.527878473461813,3.3296989473546583,0.0,0.0,0.0,0.0,1.0,1.0
33,235,8.499084098713778,10.460405626821164,1.0,0.0,1.0,1.0,1.0,0.0
34,235,0.3156280807204011,4.866651049223422,0.0,0.0,1.0,0.0,0.0,1.0
35,235,11.659236932594338,3.559630584775557,0.0,1.0,0.0,0.0,1.0,1.0
36,235,0.0,3.8403958514485663,0.0,1.0,0.0,1.0,0.0,0.0
37,235,0.0,12.0,0.0,1.0,0.0,0.0,0.0,1.0
38,235,0.0,5.040312818031978,1.0,0.0,0.0,1.0,1.0,1.0
39,235,6.519257780239412,1.899517098499253,0.0,0.0,1.0,0.0,0.0,1.0
0,240,11.018141384943103,2.41223917594098,0.0,1.0,1.0,0.0,0.0,1.0
1,240,6.174961087614813,0.6540626868428838,1.0,1.0,1.0,0.0,0.0,1.0
2,240,10.378792812280029,0.5584551584735357,1.0,0.0,0.0,0.0,0.0,0.0
3,240,12.0,1.997565506056657,0.0,0.0,1.0,0.0,1.0,0.0
4,240,11.20080392506442,0.0,0.0,0.0,0.0,0.0,0.0,1.0
5,240,11.989852909445547,10.239755744375255,0.0,0.0,1.0,0.0,0.0,0.0
6,240,6.878172676676175,6.267138195634102,0.0,0.0,0.0,0.0,0.0,1.0
7,240,10.171102448559775,12.0,0.0,0.0,1.0,0.0,1.0,0.0
8,240,12.0,5.055481052647451,1.0,1.0,0.0,1.0,1.0,1.0
9,240,6.227464979812155,10.815800780941762,0.0,1.0,0.0,1.0,0.0,0.0
10,240,12.0,6.930104008377787,1.0,0.0,0.0,0.0,0.0,1.0
11,240,1.4020072680291331,3.834150525397484,0.0,0.0,1.0,0.0,1.0,0.0
12,240,2.3196222763201786,10.952129325495193,0.0,0.0,1.0,1.0,0.0,1.0
13,240,0.2767906132977085,9.211847626542276,1.0,0.0,0.0,1.0,0.0,1.0
14,240,10.79589038908244,8.681734527817754,0.0,0.0,0.0,1.0,0.0,0.0
15,240,8.904963548006872,8.86412728091464,0.0,1.0,0.0,1.0,0.0,1.0
16,240,0.0,10.342103697858464,0.0,0.0,0.0,1.0,1.0,0.0
17,240,0.4384509645339019,5.335628292009595,1.0,0.0,1.0,0.0,0.0,1.0
18,240,7.959047091719247,12.0,1.0,1.0,0.0,0.0,1.0,0.0
19,240,2.3061185914895885,0.0,1.0,1.0,0.0,0.0,0.0,0.0
20,240,11.384779629899551,6.819449056856116,0.0,0.0,0.0,0.0,0.0,1.0
21,240,8.284812168825024,1.3943073537956383,1.0,1.0,0.0,0.0,1.0,0.0
22,240,7.3271440936200944,11.611972688000176,1.0,0.0,0.0,1.0,0.0,0.0
23,240,2.3568149879725038,10.255910214148775,0.0,1.0,0.0,0.0,0.0,0.0
24,240,12.0,6.252779340486565,1.0,1.0,1.0,0.0,1.0,1.0
25,240,0.0,10.088896335611851,0.0,0.0,0.0,0.0,1.0,1.0
26,240,11.270244337751762,3.6636412871769326,1.0,0.0,1.0,0.0,0.0,0.0
27,240,2.020829949441842,10.880214857416304,0.0,1.0,1.0,1.0,0.0,1.0
28,240,3.579250728419772,8.529513480740272,0.0,1.0,1.0,1.0,1.0,0.0
29,240,9.653256905647474,7.673038007595418,1.0,0.0,1.0,1.0,0.0,0.0
30,240,5.693756009814897,12.0,1.0,1.0,1.0,0.0,0.0,0.0
31,240,8.888937710710799,0.0,1.0,0.0,0.0,0.0,1.0,0.0
32,240,4.427515049307472,3.2980290099523635,0.0,0.0,0.0,0.0,1.0,1.0
33,240,8.47435179732268,10.484457544294695,1.0,0.0,1.0,1.0,1.0,0.0
34,240,0.3248418799572632,4.919044380461495,0.0,0.0,1.0,0.0,0.0,1.0
35,240,11.822647198012012,3.69313556642884,0.0,1.0,0.0,0.0,1.0,1.0
36,240,0.0,3.701500213935198,0.0,1.0,0.0,1.0,0.0,0.0
37,240,0.0,12.0,0.0,1.0,0.0,0.0,0.0,1.0
38,240,0.0,4.938095917499126,1.0,0.0,0.0,1.0,1.0,1.0
39,240,6.516986992440421,1.891467598870948,0.0,0.0,1.0,0.0,0.0,1.0
0,245,11.017843946825966,2.4052877372093877,0.0,1.0,1.0,0.0,0.0,1.0
1,245,6.195316219680021,0.5240271359179003,1.0,1.0,1.0,0.0,0.0,1.0
2,245,10.391235743606426,0.5796757756973223,1.0,0.0,0.0,0.0,0.0,0.0
3,245,12.0,2.049358487936853,0.0,0.0,1.0,0.0,1.0,0.0
4,245,11.22406101220239,0.0,0.0,0.0,0.0,0.0,0.0,1.0
5,245,11.97365732678412,10.240708672880404,0.0,0.0,1.0,0.0,0.0,0.0
6,245,6.8343591843678695,6.184347232809379,0.0,0.0,0.0,0.0,0.0,1.0
7,245,10.17443886313846,12.0,0.0,0.0,1.0,0.0,1.0,0.0
8,245,12.0,5.00788006078165,1.0,1.0,0.0,1.0,1.0,1.0
9,245,6.368291896829429,10.8793177355095,0.0,1.0,0.0,1.0,0.0,0.0
10,245,12.0,6.878339682933201,1.0,0.0,0.0,0.0,0.0,1.0
11,245,1.4118301124022083,3.83155602657508,0.0,0.0,1.0,0.0,1.0,0.0
12,245,2.2814079928924205,10.981351018654076,0.0,0.0,1.0,1.0,0.0,1.0
13,245,0.3026704100013906,9.214800305047111,1.0,0.0,0.0,1.0,0.0,1.0
14,245,10.795991731952927,8.681699448714921,0.0,0.0,0.0,1.0,0.0,0.0
15,245,8.907137128679341,8.866540458736562,0.0,1.0,0.0,1.0,0.0,1.0
16,245,0.0,10.419765309178311,0.0,0.0,0.0,1.0,1.0,0.0
17,245,0.4469385135088556,5.411686651596485,1.0,0.0,1.0,0.0,0.0,1.0
18,245,7.956688403709195,12.0,1.0,1.0,0.0,0.0,1.0,0.0
19,245,2.318204765524416,0.0,1.0,1.0,0.0,0.0,0.0,0.0
20,245,11.38855641939162,6.818925657325989,0.0,0.0,0.0,0.0,0.0,1.0
21,245,8.377167532918628,1.391041077377642,1.0,1.0,0.0,0.0,1.0,0.0
22,245,7.319328819250298,11.57452272789211,1.0,0.0,0.0,1.0,0.0,0.0
23,245,2.387719803962701,10.220138897718478,0.0,1.0,0.0,0.0,0.0,0.0
24,245,12.0,6.291284094365532,1.0,1.0,1.0,0.0,1.0,1.0
25,245,0.0,10.04932890874226,0.0,0.0,0.0,0.0,1.0,1.0
26,245,11.29167013530179,3.688314569941792,1.0,0.0,1.0,0.0,0.0,0.0
27,245,2.032438546274436,10.804951794948716,0.0,1.0,1.0,1.0,0.0,1.0
28,245,3.5942272381469187,8.652890637281502,0.0,1.0,1.0,1.0,1.0,0.0
29,245,9.680417145723096,7.657071113897751,1.0,0.0,1.0,1.0,0.0,0.0
30,245,5.593093368058742,12.0,1.0,1.0,1.0,0.0,0.0,0.0
31,245,8.803123656793653,0.0,1.0,0.0,0.0,0.0,1.0,0.0
32,245,4.326341586964558,3.266904733260147,0.0,0.0,0.0,0.0,1.0,1.0
33,245,8.455045614777198,10.503089728009876,1.0,0.0,1.0,1.0,1.0,0.0
34,245,0.3385787044882097,4.983171332042067,0.0,0.0,1.0,0.0,0.0,1.0
35,245,11.998504247848487,3.8390425263833534,0.0,1.0,0.0,0.0,1.0,1.0
36,245,0.0,3.5404866192349043,0.0,1.0,0.0,1.0,0.0,0.0
37,245,0.0,12.0,0.0,1.0,0.0,0.0,0.0,1.0
38,245,0.0,4.837538899233016,1.0,0.0,0.0,1.0,1.0,1.0
39,245,6.510576022477775,1.8701077978260432,0.0,0.0,1.0,0.0,0.0,1.0
0,250,11.018619505337666,2.4262799393001693,0.0,1.0,1.0,0.0,0.0,1.0
1,250,6.214266145598037,0.387557283561861,1.0,1.0,1.0,0.0,0.0,1.0
2,250,10.414149324053096,0.6194054970593671,1.0,0.0,0.0,0.0,0.0,0.0
3,250,12.0,2.095251995225473,0.0,0.0,1.0,0.0,1.0,0.0
4,250,11.249811410881348,0.0,0.0,0.0,0.0,0.0,0.0,1.0
5,250,11.975110291044842,10.260720621806277,0.0,0.0,1.0,0.0,0.0,0.0
6,250,6.79159758330261,6.102007537243696,0.0,0.0,0.0,0.0,0.0,1.0
7,250,10.177371672444009,12.0,0.0,0.0,1.0,0.0,1.0,0.0
8,250,12.0,4.944694427997571,1.0,1.0,0.0,1.0,1.0,1.0
9,250,6.526597521621178,10.94806457099344,0.0,1.0,0.0,1.0,0.0,0.0
10,250,12.0,6.835573734954195,1.0,0.0,0.0,0.0,0.0,1.0
11,250,1.4153334808901563,3.830603248713481,0.0,0.0,1.0,0.0,1.0,0.0
12,250,2.235413428706615,11.016373386767093,0.0,0.0,1.0,1.0,0.0,1.0
13,250,0.3223539795228319,9.21787162002884,1.0,0.0,0.0,1.0,0.0,1.0
14,250,10.787506202005511,8.684559628472487,0.0,0.0,0.0,1.0,0.0,0.0
15,250,8.911727293831166,8.87152800065314,0.0,1.0,0.0,1.0,0.0,1.0
16,250,0.0,10.483247589358996,0.0,0.0,0.0,1.0,1.0,0.0
17,250,0.4532104521471738,5.480879065686735,1.0,0.0,1.0,0.0,0.0,1.0
18,250,7.952736432112192,12.0,1.0,1.0,0.0,0.0,1.0,0.0
19,250,2.350530523298956,0.0,1.0,1.0,0.0,0.0,0.0,0.0
20,250,11.379752957631377,6.820145689466598,0.0,0.0,0.0,0.0,0.0,1.0
21,250,8.450306761465557,1.3873045776845658,1.0,1.0,0.0,0.0,1.0,0.0
22,250,7.308511752797197,11.522068461361538,1.0,0.0,0.0,1.0,0.0,0.0
23,250,2.4156871485952967,10.186847974354665,0.0,1.0,0.0,0.0,0.0,0.0
24,250,12.0,6.318616409019848,1.0,1.0,1.0,0.0,1.0,1.0
25,250,0.0,10.00364948807911,0.0,0.0,0.0,0.0,1.0,1.0
26,250,11.3035838900691,3.7016009470044966,1.0,0.0,1.0,0.0,0.0,0.0
27,250,2.0444523307550235,10.731651308364484,0.0,1.0,1.0,1.0,0.0,1.0
28,250,3.606960881003866,8.787072671092428,0.0,1.0,1.0,1.0,1.0,0.0
29,250,9.686519661293003,7.653563693838119,1.0,0.0,1.0,1.0,0.0,0.0
30,250,5.49091636157953,12.0,1.0,1.0,1.0,0.0,0.0,0.0
31,250,8.728665630381702,0.0,1.0,0.0,0.0,0.0,1.0,0.0
32,250,4.229481941400471,3.2410587191367783,0.0,0.0,0.0,0.0,1.0,1.0
33,250,8.431163387939105,10.527704600740892,1.0,0.0,1.0,1.0,1.0,0.0
34,250,0.3507055218767185,5.038311633697604,0.0,0.0,1.0,0.0,0.0,1.0
35,250,12.0,3.9811745647745855,0.0,1.0,0.0,0.0,1.0,1.0
36,250,0.1400071372187637,3.513812606416147,0.0,1.0,0.0,1.0,0.0,0.0
37,250,0.0,12.0,0.0,1.0,0.0,0.0,0.0,1.0
38,250,0.0,4.734957708160066,1.0,0.0,0.0,1.0,1.0,1.0
39,250,6.50110682451467,1.837121014949348,0.0,0.0,1.0,0.0,0.0,1.0
0,255,11.021288927503017,2.4801716022216285,0.0,1.0,1.0,0.0,0.0,1.0
1,255,6.231329852463206,0.2394179146720092,1.0,1.0,1.0,0.0,0.0,1.0
2,255,10.43465665582027,0.6572680146106866,1.0,0.0,0.0,0.0,0.0,0.0
3,255,12.0,2.1357689111312577,0.0,0.0,1.0,0.0,1.0,0.0
4,255,11.275320918956654,0.0,0.0,0.0,0.0,0.0,0.0,1.0
5,255,11.976558627393514,10.279338982689763,0.0,0.0,1.0,0.0,0.0,0.0
6,255,6.751556949712782,6.01849996067588,0.0,0.0,0.0,0.0,0.0,1.0
7,255,10.179878987776837,12.0,0.0,0.0,1.0,0.0,1.0,0.0
8,255,12.0,4.894880249743657,1.0,1.0,0.0,1.0,1.0,1.0
9,255,6.688935976080773,11.017028944667272,0.0,1.0,0.0,1.0,0.0,0.0
10,255,12.0,6.777009118169403,1.0,0.0,0.0,0.0,0.0,1.0
11,255,1.432467927552615,3.826399514695229,0.0,0.0,1.0,0.0,1.0,0.0
12,255,2.193473301732592,11.047879429737474,0.0,0.0,1.0,1.0,0.0,1.0
13,255,0.3553727446583564,9.22308926357038,1.0,0.0,0.0,1.0,0.0,1.0
14,255,10.787247654790086,8.684635614680566,0.0,0.0,0.0,1.0,0.0,0.0
15,255,8.891878845104802,8.850979395218328,0.0,1.0,0.0,1.0,0.0,1.0
16,255,0.0,10.554827805673904,0.0,0.0,0.0,1.0,1.0,0.0
17,255,0.4620421776575946,5.556808351958661,1.0,0.0,1.0,0.0,0.0,1.0
18,255,7.947893340222835,12.0,1.0,1.0,0.0,0.0,1.0,0.0
19,255,2.3889895038718296,0.0,1.0,1.0,0.0,0.0,0.0,0.0
20,255,11.359208425905113,6.822856516405684,0.0,0.0,0.0,0.0,0.0,1.0
21,255,8.529964300676411,1.3831599674443045,1.0,1.0,0.0,0.0,1.0,0.0
22,255,7.296568898481179,11.465731370924424,1.0,0.0,0.0,1.0,0.0,0.0
23,255,2.4465388623476634,10.149032574159529,0.0,1.0,0.0,0.0,0.0,0.0
24,255,12.0,6.357017537432864,1.0,1.0,1.0,0.0,1.0,1.0
25,255,0.0,9.955774472346665,0.0,0.0,0.0,0.0,1.0,1.0
26,255,11.329493455000208,3.7305438034050207,1.0,0.0,1.0,0.0,0.0,0.0
27,255,2.055243442730608,10.666159247998536,0.0,1.0,1.0,1.0,0.0,1.0
28,255,3.618747489345481,8.914182266899731,0.0,1.0,1.0,1.0,1.0,0.0
29,255,9.702069218948342,7.644875940864497,1.0,0.0,1.0,1.0,0.0,0.0
30,255,5.378633429062841,12.0,1.0,1.0,1.0,0.0,0.0,0.0
31,255,8.650256044110174,0.0,1.0,0.0,0.0,0.0,1.0,0.0
32,255,4.10970854900652,3.2070017885745137,0.0,0.0,0.0,0.0,1.0,1.0
33,255,8.406589605755759,10.553316873622297,1.0,0.0,1.0,1.0,1.0,0.0
34,255,0.3616443977508539,5.087045351601277,0.0,0.0,1.0,0.0,0.0,1.0
35,255,12.0,4.124690732874068,0.0,1.0,0.0,0.0,1.0,1.0
36,255,0.275937287195974,3.493018643684179,0.0,1.0,0.0,1.0,0.0,0.0
37,255,0.0,12.0,0.0,1.0,0.0,0.0,0.0,1.0
38,255,0.0,4.619512527001633,1.0,0.0,0.0,1.0,1.0,1.0
39,255,6.492797080105648,1.8051766611605435,0.0,0.0,1.0,0.0,0.0,1.0
0,260,11.026165895254591,2.552978489956436,0.0,1.0,1.0,0.0,0.0,1.0
1,260,6.248906656232282,0.1002090807838029,1.0,1.0,1.0,0.0,0.0,1.0
2,260,10.465826111438933,0.7128560029824985,1.0,0.0,0.0,0.0,0.0,0.0
3,260,12.0,2.1870925864944613,0.0,0.0,1.0,0.0,1.0,0.0
4,260,11.294720075787112,0.0,0.0,0.0,0.0,0.0,0.0,1.0
5,260,11.976215606905896,10.274291397071032,0.0,0.0,1.0,0.0,0.0,0.0
6,260,6.713419384238389,5.943097881412822,0.0,0.0,0.0,0.0,0.0,1.0
7,260,10.180451547257832,12.0,0.0,0.0,1.0,0.0,1.0,0.0
8,260,12.0,4.832879135846959,1.0,1.0,0.0,1.0,1.0,1.0
9,260,6.619453304859983,11.18860337657498,0.0,1.0,0.0,1.0,0.0,0.0
10,260,12.0,6.710388253343746,1.0,0.0,0.0,0.0,0.0,1.0
11,260,1.450060343096521,3.822423788961504,0.0,0.0,1.0,0.0,1.0,0.0
12,260,2.1475049662039414,11.08125530635822,0.0,0.0,1.0,1.0,0.0,1.0
13,260,0.4085250716177552,9.23088244299806,1.0,0.0,0.0,1.0,0.0,1.0
14,260,10.788253214410492,8.684319079660668,0.0,0.0,0.0,1.0,0.0,0.0
15,260,8.872483448247376,8.831250544012505,0.0,1.0,0.0,1.0,0.0,1.0
16,260,0.0,10.639003675378577,0.0,0.0,0.0,1.0,1.0,0.0
17,260,0.4754585491017942,5.639965356930258,1.0,0.0,1.0,0.0,0.0,1.0
18,260,7.943752092515901,12.0,1.0,1.0,0.0,0.0,1.0,0.0
19,260,2.430524243588155,0.0,1.0,1.0,0.0,0.0,0.0,0.0
20,260,11.322758273549985,6.82828672031177,0.0,0.0,0.0,0.0,0.0,1.0
21,260,8.620929410822987,1.3797184450249451,1.0,1.0,0.0,0.0,1.0,0.0
22,260,7.283252755821962,11.388795095589826,1.0,0.0,0.0,1.0,0.0,0.0
23,260,2.4923346075610904,10.092100646179755,0.0,1.0,0.0,0.0,0.0,0.0
24,260,12.0,6.400535246378243,1.0,1.0,1.0,0.0,1.0,1.0
25,260,0.0,9.905810129985598,0.0,0.0,0.0,0.0,1.0,1.0
26,260,11.370989430601226,3.775944926786229,1.0,0.0,1.0,0.0,0.0,0.0
27,260,2.0587687769309397,10.64565837998878,0.0,1.0,1.0,1.0,0.0,1.0
28,260,3.626893337020585,9.04503501839214,0.0,1.0,1.0,1.0,1.0,0.0
29,260,9.72740268388806,7.630389069997109,1.0,0.0,1.0,1.0,0.0,0.0
30,260,5.259160991387022,12.0,1.0,1.0,1.0,0.0,0.0,0.0
31,260,8.571780221129538,0.0,1.0,0.0,0.0,0.0,1.0,0.0
32,260,3.9960005412141255,3.173423099933944,0.0,0.0,0.0,0.0,1.0,1.0
33,260,8.388098673352703,10.572280915412014,1.0,0.0,1.0,1.0,1.0,0.0
34,260,0.3685191849223491,5.119354730591133,0.0,0.0,1.0,0.0,0.0,1.0
35,260,12.0,4.284955122085046,0.0,1.0,0.0,0.0,1.0,1.0
36,260,0.4169496050189877,3.470151101331222,0.0,1.0,0.0,1.0,0.0,0.0
37,260,0.0,12.0,0.0,1.0,0.0,0.0,0.0,1.0
38,260,0.0,4.480546837923035,1.0,0.0,0.0,1.0,1.0,1.0
39,260,6.489267808369582,1.7910042392809704,0.0,0.0,1.0,0.0,0.0,1.0
0,265,11.030196301951245,2.620208209550776,0.0,1.0,1.0,0.0,0.0,1.0
1,265,6.260461412551693,0.0,1.0,1.0,1.0,0.0,0.0,1.0
2,265,10.495923416135918,0.7643832450421428,1.0,0.0,0.0,0.0,0.0,0.0
3,265,12.0,2.244818960817928,0.0,0.0,1.0,0.0,1.0,0.0
4,265,11.317410261658504,0.0,0.0,0.0,0.0,0.0,0.0,1.0
5,265,11.975443452745324,10.261923318932752,0.0,0.0,1.0,0.0,0.0,0.0
6,265,6.672587804852588,5.861134386949279,0.0,0.0,0.0,0.0,0.0,1.0
7,265,10.181688319813388,12.0,0.0,0.0,1.0,0.0,1.0,0.0
8,265,12.0,4.751149042293892,1.0,1.0,0.0,1.0,1.0,1.0
9,265,6.547669957359733,11.366179262296036,0.0,1.0,0.0,1.0,0.0,0.0
10,265,12.0,6.64268402135497,1.0,0.0,0.0,0.0,0.0,1.0
11,265,1.4679358350846978,3.817785952280682,0.0,0.0,1.0,0.0,1.0,0.0
12,265,2.0996263390792587,11.115449011669122,0.0,0.0,1.0,1.0,0.0,1.0
13,265,0.4377555559388016,9.235060567173436,1.0,0.0,0.0,1.0,0.0,1.0
14,265,10.787636039090076,8.684532417519899,0.0,0.0,0.0,1.0,0.0,0.0
15,265,8.88568636523469,8.818434617193065,0.0,1.0,0.0,1.0,0.0,1.0
16,265,0.0,10.718775546945205,0.0,0.0,0.0,1.0,1.0,0.0
17,265,0.4906087092221534,5.732971078957847,1.0,0.0,1.0,0.0,0.0,1.0
18,265,7.938395941703274,12.0,1.0,1.0,0.0,0.0,1.0,0.0
19,265,2.4629692246791426,0.0,1.0,1.0,0.0,0.0,0.0,0.0
20,265,11.288423292089604,6.833127233780581,0.0,0.0,0.0,0.0,0.0,1.0
21,265,8.721596687410722,1.3756765839247465,1.0,1.0,0.0,0.0,1.0,0.0
22,265,7.269551523149795,11.318399746292188,1.0,0.0,0.0,1.0,0.0,0.0
23,265,2.540500779791613,10.036400447394389,0.0,1.0,0.0,0.0,0.0,0.0
24,265,12.0,6.452456920514141,1.0,1.0,1.0,0.0,1.0,1.0
25,265,0.0,9.85123547995468,0.0,0.0,0.0,0.0,1.0,1.0
26,265,11.408188240888483,3.8126145165657537,1.0,0.0,1.0,0.0,0.0,0.0
27,265,2.062984103653479,10.617147782848246,0.0,1.0,1.0,1.0,0.0,1.0
28,265,3.639701953273278,9.190674916872569,0.0,1.0,1.0,1.0,1.0,0.0
29,265,9.75110648443245,7.616463831539214,1.0,0.0,1.0,1.0,0.0,0.0
30,265,5.142614780097818,12.0,1.0,1.0,1.0,0.0,0.0,0.0
31,265,8.505345576167812,0.0,1.0,0.0,0.0,0.0,1.0,0.0
32,265,3.889794197418933,3.141959993061961,0.0,0.0,0.0,0.0,1.0,1.0
33,265,8.373813350273517,10.58725902500918,1.0,0.0,1.0,1.0,1.0,0.0
34,265,0.3757230701465523,5.151627323188621,0.0,0.0,1.0,0.0,0.0,1.0
35,265,12.0,4.451342109124351,0.0,1.0,0.0,0.0,1.0,1.0
36,265,0.5651458630240407,3.445921929063414,0.0,1.0,0.0,1.0,0.0,0.0
37,265,0.0,12.0,0.0,1.0,0.0,0.0,0.0,1.0
38,265,0.0,4.346496933790293,1.0,0.0,0.0,1.0,1.0,1.0
39,265,6.487464392660775,1.7834754274817184,0.0,0.0,1.0,0.0,0.0,1.0
0,270,11.03477330896249,2.7040900154552183,0.0,1.0,1.0,0.0,0.0,1.0
1,270,6.275094819480991,0.0,1.0,1.0,1.0,0.0,0.0,1.0
2,270,10.534456618772907,0.8300505018324495,1.0,0.0,0.0,0.0,0.0,0.0
3,270,12.0,2.3051322533824408,0.0,0.0,1.0,0.0,1.0,0.0
4,270,11.33397934352995,0.0,0.0,0.0,0.0,0.0,0.0,1.0
5,270,11.97403076736882,10.243473506748606,0.0,0.0,1.0,0.0,0.0,0.0
6,270,6.633717223336004,5.783811182761481,0.0,0.0,0.0,0.0,0.0,1.0
7,270,10.180093146450329,12.0,0.0,0.0,1.0,0.0,1.0,0.0
8,270,12.0,4.68152968092284,1.0,1.0,0.0,1.0,1.0,1.0
9,270,6.481431190219377,11.527045263976673,0.0,1.0,0.0,1.0,0.0,0.0
10,270,12.0,6.542676432600567,1.0,0.0,0.0,0.0,0.0,1.0
11,270,1.4875672320650055,3.812790884936043,0.0,0.0,1.0,0.0,1.0,0.0
12,270,2.0593570099621723,11.144987503551429,0.0,0.0,1.0,1.0,0.0,1.0
13,270,0.4837153992246114,9.240788426257698,1.0,0.0,0.0,1.0,0.0,1.0
14,270,10.78419427710221,8.685673052661777,0.0,0.0,0.0,1.0,0.0,0.0
15,270,8.889692422223456,8.814436920467637,0.0,1.0,0.0,1.0,0.0,1.0
16,270,0.0,10.79974328072177,0.0,0.0,0.0,1.0,1.0,0.0
17,270,0.5089820545607112,5.847593240495955,1.0,0.0,1.0,0.0,0.0,1.0
18,270,7.926514397136443,12.0,1.0,1.0,0.0,0.0,1.0,0.0
19,270,2.4928800333472463,0.0,1.0,1.0,0.0,0.0,0.0,0.0
20,270,11.244382464584277,6.840236391212399,0.0,0.0,0.0,0.0,0.0,1.0
21,270,8.72804382322012,1.478771703715703,1.0,1.0,0.0,0.0,1.0,0.0
22,270,7.257917708805734,11.257203270326103,1.0,0.0,0.0,1.0,0.0,0.0
23,270,2.589767674139188,9.979620856247054,0.0,1.0,0.0,0.0,0.0,0.0
24,270,12.0,6.504779724422545,1.0,1.0,1.0,0.0,1.0,1.0
25,270,0.0,9.804993679993766,0.0,0.0,0.0,0.0,1.0,1.0
26,270,11.436369623930185,3.842087167364775,1.0,0.0,1.0,0.0,0.0,0.0
27,270,2.069134288354382,10.57172192098207,0.0,1.0,1.0,1.0,0.0,1.0
28,270,3.6494234498030806,9.321237097537823,0.0,1.0,1.0,1.0,1.0,0.0
29,270,9.760312619486273,7.610898163694747,1.0,0.0,1.0,1.0,0.0,0.0
30,270,5.033597647758178,12.0,1.0,1.0,1.0,0.0,0.0,0.0
31,270,8.43808529585329,0.0,1.0,0.0,0.0,0.0,1.0,0.0
32,270,3.778549626584564,3.1086805007155203,0.0,0.0,0.0,0.0,1.0,1.0
33,270,8.374518690267495,10.586524019142916,1.0,0.0,1.0,1.0,1.0,0.0
34,270,0.3854767816623627,5.191740378938535,0.0,0.0,1.0,0.0,0.0,1.0
35,270,12.0,4.631814308183325,0.0,1.0,0.0,0.0,1.0,1.0
36,270,0.7316341248888275,3.417909519202941,0.0,1.0,0.0,1.0,0.0,0.0
37,270,0.0,12.0,0.0,1.0,0.0,0.0,0.0,1.0
38,270,0.0,4.212848585391694,1.0,0.0,0.0,1.0,1.0,1.0
39,270,6.488532709001262,1.7876110598079853,0.0,0.0,1.0,0.0,0.0,1.0
0,275,11.037935061831476,2.7783650702885745,0.0,1.0,1.0,0.0,0.0,1.0
1,275,6.28714801131832,0.0,1.0,1.0,1.0,0.0,0.0,1.0
2,275,10.564927837532313,0.8816269795850782,1.0,0.0,0.0,0.0,0.0,0.0
3,275,12.0,2.368175406163508,0.0,0.0,1.0,0.0,1.0,0.0
4,275,11.357083574501344,0.0,0.0,0.0,0.0,0.0,0.0,1.0
5,275,11.971934022598056,10.211397098040246,0.0,0.0,1.0,0.0,0.0,0.0
6,275,6.605090754671722,5.731486210159329,0.0,0.0,0.0,0.0,0.0,1.0
7,275,10.177910088006866,12.0,0.0,0.0,1.0,0.0,1.0,0.0
8,275,12.0,4.629107407753497,1.0,1.0,0.0,1.0,1.0,1.0
9,275,6.422792198041771,11.670269720090936,0.0,1.0,0.0,1.0,0.0,0.0
10,275,12.0,6.458915381528356,1.0,0.0,0.0,0.0,0.0,1.0
11,275,1.5206067140178636,3.803747616142088,0.0,0.0,1.0,0.0,1.0,0.0
12,275,2.0121510544017323,11.178707519063702,0.0,0.0,1.0,1.0,0.0,1.0
13,275,0.5254115660351194,9.246289229765509,1.0,0.0,0.0,1.0,0.0,1.0
14,275,10.80824340735646,8.677621146800826,0.0,0.0,0.0,1.0,0.0,0.0
15,275,8.890145030850299,8.813984254094267,0.0,1.0,0.0,1.0,0.0,1.0
16,275,0.0,10.882790844934949,0.0,0.0,0.0,1.0,1.0,0.0
17,275,0.5246109370647675,5.972058611891212,1.0,0.0,1.0,0.0,0.0,1.0
18,275,7.910968437939837,12.0,1.0,1.0,0.0,0.0,1.0,0.0
19,275,2.517358264131053,0.0,1.0,1.0,0.0,0.0,0.0,0.0
20,275,11.18754467391063,6.851303376049394,0.0,0.0,0.0,0.0,0.0,1.0
21,275,8.732245806477273,1.5897787387270117,1.0,1.0,0.0,0.0,1.0,0.0
22,275,7.243691330968192,11.18503046334395,1.0,0.0,0.0,1.0,0.0,0.0
23,275,2.653388488872968,9.906342032815756,0.0,1.0,0.0,0.0,0.0,0.0
24,275,12.0,6.565280289199823,1.0,1.0,1.0,0.0,1.0,1.0
25,275,0.0,9.75915618193308,0.0,0.0,0.0,0.0,1.0,1.0
26,275,11.46695228103918,3.874442264317281,1.0,0.0,1.0,0.0,0.0,0.0
27,275,2.0738774621377822,10.536408754067075,0.0,1.0,1.0,1.0,0.0,1.0
28,275,3.656397946321641,9.460349134244082,0.0,1.0,1.0,1.0,1.0,0.0
29,275,9.765623629629893,7.607912619604376,1.0,0.0,1.0,1.0,0.0,0.0
30,275,4.919832137346253,12.0,1.0,1.0,1.0,0.0,0.0,0.0
31,275,8.3848057759272,0.0,1.0,0.0,0.0,0.0,1.0,0.0
32,275,3.67879455733873,3.0795887062199254,0.0,0.0,0.0,0.0,1.0,1.0
33,275,8.384202884779251,10.57644224930193,1.0,0.0,1.0,1.0,1.0,0.0
34,275,0.4005952423603388,5.257470876825754,0.0,0.0,1.0,0.0,0.0,1.0
35,275,12.0,4.81420481851821,0.0,1.0,0.0,0.0,1.0,1.0
36,275,0.8766342636593307,3.39428540691835,0.0,1.0,0.0,1.0,0.0,0.0
37,275,0.0,12.0,0.0,1.0,0.0,0.0,0.0,1.0
38,275,0.0,4.076165157371276,1.0,0.0,0.0,1.0,1.0,1.0
39,275,6.492697653576905,1.8024908970671416,0.0,0.0,1.0,0.0,0.0,1.0
0,280,11.041645079091344,2.8402116150195624,0.0,1.0,1.0,0.0,0.0,1.0
1,280,6.297799305015393,0.0,1.0,1.0,1.0,0.0,0.0,1.0
2,280,10.58361209181933,0.9130887459895884,1.0,0.0,0.0,0.0,0.0,0.0
3,280,12.0,2.430752502119133,0.0,0.0,1.0,0.0,1.0,0.0
4,280,11.387310486807223,0.0,0.0,0.0,0.0,0.0,0.0,1.0
5,280,11.969203453126086,10.162135256733825,0.0,0.0,1.0,0.0,0.0,0.0
6,280,6.592221425415769,5.707417498013057,0.0,0.0,0.0,0.0,0.0,1.0
7,280,10.175097197970954,12.0,0.0,0.0,1.0,0.0,1.0,0.0
8,280,12.0,4.588049255216646,1.0,1.0,0.0,1.0,1.0,1.0
9,280,6.363568294432411,11.814671170812044,0.0,1.0,0.0,1.0,0.0,0.0
10,280,12.0,6.389528831175771,1.0,0.0,0.0,0.0,0.0,1.0
11,280,1.5487617760065735,3.7954734943807966,0.0,0.0,1.0,0.0,1.0,0.0
12,280,1.9542849679837244,11.21869566963466,0.0,0.0,1.0,1.0,0.0,1.0
13,280,0.5465889025626288,9.249559090076136,1.0,0.0,0.0,1.0,0.0,1.0
14,280,10.809705208623884,8.67709776786828,0.0,0.0,0.0,1.0,0.0,0.0
15,280,8.903346736478854,8.800593945829243,0.0,1.0,0.0,1.0,0.0,1.0
16,280,0.0,10.96341919726931,0.0,0.0,0.0,1.0,1.0,0.0
17,280,0.542670746533031,6.107550155418744,1.0,0.0,1.0,0.0,0.0,1.0
18,280,7.899225449016002,12.0,1.0,1.0,0.0,0.0,1.0,0.0
19,280,2.5340943262239386,0.0,1.0,1.0,0.0,0.0,0.0,0.0
20,280,11.122566134599024,6.862797756498782,0.0,0.0,0.0,0.0,0.0,1.0
21,280,8.740016680392293,1.7150611789441763,1.0,1.0,0.0,0.0,1.0,0.0
22,280,7.232841318768562,11.130861608545548,1.0,0.0,0.0,1.0,0.0,0.0
23,280,2.711796244141672,9.840770104000534,0.0,1.0,0.0,0.0,0.0,0.0
24,280,12.0,6.628934237514698,1.0,1.0,1.0,0.0,1.0,1.0
25,280,0.0,9.713497510149288,0.0,0.0,0.0,0.0,1.0,1.0
26,280,11.498807162508635,3.906654648730376,1.0,0.0,1.0,0.0,0.0,0.0
27,280,2.0797857943687394,10.497423005248496,0.0,1.0,1.0,1.0,0.0,1.0
28,280,3.661179452042838,9.57799135584778,0.0,1.0,1.0,1.0,1.0,0.0
29,280,9.75054625153353,7.616501302224865,1.0,0.0,1.0,1.0,0.0,0.0
30,280,4.8000708907755545,12.0,1.0,1.0,1.0,0.0,0.0,0.0
31,280,8.31304589175335,0.0,1.0,0.0,0.0,0.0,1.0,0.0
32,280,3.563048120230332,3.0446577292105164,0.0,0.0,0.0,0.0,1.0,1.0
33,280,8.403265255114079,10.556934296714038,1.0,0.0,1.0,1.0,1.0,0.0
34,280,0.416983481396613,5.325131950502431,0.0,0.0,1.0,0.0,0.0,1.0
35,280,12.0,5.003263541563097,0.0,1.0,0.0,0.0,1.0,1.0
36,280,1.037918327464039,3.3705588921096177,0.0,1.0,0.0,1.0,0.0,0.0
37,280,0.0,12.0,0.0,1.0,0.0,0.0,0.0,1.0
38,280,0.0,3.929630950212746,1.0,0.0,0.0,1.0,1.0,1.0
39,280,6.4961402001461765,1.8173454660934123,0.0,0.0,1.0,0.0,0.0,1.0
0,285,11.046308498850223,2.910377410212871,0.0,1.0,1.0,0.0,0.0,1.0
1,285,6.305215970737276,0.0,1.0,1.0,1.0,0.0,0.0,1.0
2,285,10.60109202914697,0.9445424246454333,1.0,0.0,0.0,0.0,0.0,0.0
3,285,12.0,2.4726300249967603,0.0,0.0,1.0,0.0,1.0,0.0
4,285,11.422640419643148,0.0,0.0,0.0,0.0,0.0,0.0,1.0
5,285,11.966177398647767,10.11064764359577,0.0,0.0,1.0,0.0,0.0,0.0
6,285,6.5802874431402,5.684364776101375,0.0,0.0,0.0,0.0,0.0,1.0
7,285,10.170461741693456,12.0,0.0,0.0,1.0,0.0,1.0,0.0
8,285,12.0,4.547239132398397,1.0,1.0,0.0,1.0,1.0,1.0
9,285,6.30815197346569,11.938681766328992,0.0,1.0,0.0,1.0,0.0,0.0
10,285,12.0,6.334759199287153,1.0,0.0,0.0,0.0,0.0,1.0
11,285,1.5899908916920285,3.782006419866452,0.0,0.0,1.0,0.0,1.0,0.0
12,285,1.8832811616288203,11.266253854059448,0.0,0.0,1.0,1.0,0.0,1.0
13,285,0.5558953115665406,9.251080086501252,1.0,0.0,0.0,1.0,0.0,1.0
14,285,10.788360807121052,8.68473388342761,0.0,0.0,0.0,1.0,0.0,0.0
15,285,8.921930806862944,8.782289999922273,0.0,1.0,0.0,1.0,0.0,1.0
16,285,0.0,11.0379233022298,0.0,0.0,0.0,1.0,1.0,0.0
17,285,0.564610637440109,6.269406733831372,1.0,0.0,1.0,0.0,0.0,1.0
18,285,7.8864102134687615,12.0,1.0,1.0,0.0,0.0,1.0,0.0
19,285,2.550555216891957,0.0,1.0,1.0,0.0,0.0,0.0,0.0
20,285,11.06716769187939,6.874442852521098,0.0,0.0,0.0,0.0,0.0,1.0
21,285,8.742532357857002,1.8361634567870009,1.0,1.0,0.0,0.0,1.0,0.0
22,285,7.224655665120539,11.08629536042022,1.0,0.0,0.0,1.0,0.0,0.0
23,285,2.765937429291419,9.780483373612055,0.0,1.0,0.0,0.0,0.0,0.0
24,285,12.0,6.678329335722097,1.0,1.0,1.0,0.0,1.0,1.0
25,285,0.0,9.670127110605453,0.0,0.0,0.0,0.0,1.0,1.0
26,285,11.519499108756728,3.928686905207118,1.0,0.0,1.0,0.0,0.0,0.0
27,285,2.088419246945336,10.441757368692908,0.0,1.0,1.0,1.0,0.0,1.0
28,285,3.6652155846389416,9.688243718067634,0.0,1.0,1.0,1.0,1.0,0.0
29,285,9.726500868188122,7.629937481061579,1.0,0.0,1.0,1.0,0.0,0.0
30,285,4.679294410407855,12.0,1.0,1.0,1.0,0.0,0.0,0.0
31,285,8.234894271944228,0.0,1.0,0.0,0.0,0.0,1.0,0.0
32,285,3.465824033895176,3.013546223540919,0.0,0.0,0.0,0.0,1.0,1.0
33,285,8.416609012761622,10.542568239371036,1.0,0.0,1.0,1.0,1.0,0.0
34,285,0.434906921226787,5.404854660772234,0.0,0.0,1.0,0.0,0.0,1.0
35,285,12.0,5.189730172368771,0.0,1.0,0.0,0.0,1.0,1.0
36,285,1.1951931595568084,3.342901731609699,0.0,1.0,0.0,1.0,0.0,0.0
37,285,0.0,12.0,0.0,1.0,0.0,0.0,0.0,1.0
38,285,0.0,3.790712975847233,1.0,0.0,0.0,1.0,1.0,1.0
39,285,6.506040852929741,1.858954492687584,0.0,0.0,1.0,0.0,0.0,1.0
0,290,10.97749606198257,2.914056903164139,0.0,1.0,1.0,0.0,0.0,1.0
1,290,6.314786358471099,0.0,1.0,1.0,1.0,0.0,0.0,1.0
2,290,10.611002305226313,0.9622702693197508,1.0,0.0,0.0,0.0,0.0,0.0
3,290,12.0,2.514971144881633,0.0,0.0,1.0,0.0,1.0,0.0
4,290,11.458039556199326,0.0,0.0,0.0,0.0,0.0,0.0,1.0
5,290,11.963143345836162,10.058929470483402,0.0,0.0,1.0,0.0,0.0,0.0
6,290,6.567793090000284,5.659561709499658,0.0,0.0,0.0,0.0,0.0,1.0
7,290,10.164889630989254,12.0,0.0,0.0,1.0,0.0,1.0,0.0
8,290,12.0,4.512642670110985,1.0,1.0,0.0,1.0,1.0,1.0
9,290,6.256395669762832,12.0,0.0,1.0,0.0,1.0,0.0,0.0
10,290,12.0,6.23409231588098,1.0,0.0,0.0,0.0,0.0,1.0
11,290,1.623778122128558,3.771392964043991,0.0,0.0,1.0,0.0,1.0,0.0
12,290,1.8291606178354305,11.302276553796966,0.0,0.0,1.0,1.0,0.0,1.0
13,290,0.5763617230504827,9.254643485727971,1.0,0.0,0.0,1.0,0.0,1.0
14,290,10.76062329109974,8.695498752921473,0.0,0.0,0.0,1.0,0.0,0.0
15,290,8.939151510326667,8.765773032719352,0.0,1.0,0.0,1.0,0.0,1.0
16,290,0.0,11.112912798346688,0.0,0.0,0.0,1.0,1.0,0.0
17,290,0.5877167532280638,6.447401485132475,1.0,0.0,1.0,0.0,0.0,1.0
18,290,7.870666768792769,12.0,1.0,1.0,0.0,0.0,1.0,0.0
19,290,2.572027124787436,0.0,1.0,1.0,0.0,0.0,0.0,0.0
20,290,11.009735597034227,6.886742219741212,0.0,0.0,0.0,0.0,0.0,1.0
21,290,8.746294192023125,1.96837711293282,1.0,1.0,0.0,0.0,1.0,0.0
22,290,7.219545137884268,11.056415539889322,1.0,0.0,0.0,1.0,0.0,0.0
23,290,2.819272553139656,9.722552991660502,0.0,1.0,0.0,0.0,0.0,0.0
24,290,12.0,6.728579496524483,1.0,1.0,1.0,0.0,1.0,1.0
25,290,0.0,9.631210829364193,0.0,0.0,0.0,0.0,1.0,1.0
26,290,11.549659864380263,3.960130359097248,1.0,0.0,1.0,0.0,0.0,0.0
27,290,2.0970859172977203,10.387026830307605,0.0,1.0,1.0,1.0,0.0,1.0
28,290,3.667599598809805,9.799815136620662,0.0,1.0,1.0,1.0,1.0,0.0
29,290,9.697874187084093,7.645635441748704,1.0,0.0,1.0,1.0,0.0,0.0
30,290,4.555265873839749,12.0,1.0,1.0,1.0,0.0,0.0,0.0
31,290,8.157172239476377,0.0,1.0,0.0,0.0,0.0,1.0,0.0
32,290,3.3952212715229253,2.9892479452429206,0.0,0.0,0.0,0.0,1.0,1.0
33,290,8.430138564221371,10.528660063750596,1.0,0.0,1.0,1.0,1.0,0.0
34,290,0.4490797408657425,5.474097462799769,0.0,0.0,1.0,0.0,0.0,1.0
35,290,12.0,5.3712300834482125,0.0,1.0,0.0,0.0,1.0,1.0
36,290,1.3520243178486426,3.3121444232244155,0.0,1.0,0.0,1.0,0.0,0.0
37,290,0.0,12.0,0.0,1.0,0.0,0.0,0.0,1.0
38,290,0.0,3.6510317047762393,1.0,0.0,0.0,1.0,1.0,1.0
39,290,6.519234272589439,1.917126838402201,0.0,0.0,1.0,0.0,0.0,1.0
0,295,10.921733103107677,2.9160362961326705,0.0,1.0,1.0,0.0,0.0,1.0
1,295,6.324639128095906,0.0,1.0,1.0,1.0,0.0,0.0,1.0
2,295,10.617969470311962,0.9740538879434926,1.0,0.0,0.0,0.0,0.0,0.0
3,295,12.0,2.560567259082017,0.0,0.0,1.0,0.0,1.0,0.0
4,295,11.484256515221984,0.0,0.0,0.0,0.0,0.0,0.0,1.0
5,295,11.96123010856846,10.019635841076536,0.0,0.0,1.0,0.0,0.0,0.0
6,295,6.56103200392556,5.645868744050963,0.0,0.0,0.0,0.0,0.0,1.0
7,295,10.159835487546822,12.0,0.0,0.0,1.0,0.0,1.0,0.0
8,295,12.0,4.472844514422363,1.0,1.0,0.0,1.0,1.0,1.0
9,295,6.204890708354327,12.0,0.0,1.0,0.0,1.0,0.0,0.0
10,295,12.0,6.137015550064929,1.0,0.0,0.0,0.0,0.0,1.0
11,295,1.6784098525793911,3.7544119413561714,0.0,0.0,1.0,0.0,1.0,0.0
12,295,1.7710617401471154,11.341116878762028,0.0,0.0,1.0,1.0,0.0,1.0
13,295,0.5988615403546428,9.258787157444816,1.0,0.0,0.0,1.0,0.0,1.0
14,295,10.722102475361757,8.70946684031869,0.0,0.0,0.0,1.0,0.0,0.0
15,295,8.96341792500221,8.741299751251743,0.0,1.0,0.0,1.0,0.0,1.0
16,295,0.0,11.183198404926088,0.0,0.0,0.0,1.0,1.0,0.0
17,295,0.6151303262932255,6.648431129770319,1.0,0.0,1.0,0.0,0.0,1.0
18,295,7.85113578157756,12.0,1.0,1.0,0.0,0.0,1.0,0.0
19,295,2.599635171062631,0.0,1.0,1.0,0.0,0.0,0.0,0.0
20,295,10.95431644918784,6.8986564835259285,0.0,0.0,0.0,0.0,0.0,1.0
21,295,8.749840269982386,2.096585544059754,1.0,1.0,0.0,0.0,1.0,0.0
22,295,7.215568911284407,11.031310903863366,1.0,0.0,0.0,1.0,0.0,0.0
23,295,2.8625272042049685,9.67485113097532,0.0,1.0,0.0,0.0,0.0,0.0
24,295,12.0,6.762661427672048,1.0,1.0,1.0,0.0,1.0,1.0
25,295,0.0,9.59275219764092,0.0,0.0,0.0,0.0,1.0,1.0
26,295,11.582313427801196,3.994175584311813,1.0,0.0,1.0,0.0,0.0,0.0
27,295,2.1110731716683087,10.30107507445472,0.0,1.0,1.0,1.0,0.0,1.0
28,295,3.675132894645375,9.911964917611044,0.0,1.0,1.0,1.0,1.0,0.0
29,295,9.669166450656943,7.660626151038847,1.0,0.0,1.0,1.0,0.0,0.0
30,295,4.431454561600849,12.0,1.0,1.0,1.0,0.0,0.0,0.0
31,295,8.086830615137199,0.0,1.0,0.0,0.0,0.0,1.0,0.0
32,295,3.342478697895608,2.9701315369159413,0.0,0.0,0.0,0.0,1.0,1.0
33,295,8.438171467657991,10.520379117939184,1.0,0.0,1.0,1.0,1.0,0.0
34,295,0.4560205896093621,5.512012791656676,0.0,0.0,1.0,0.0,0.0,1.0
35,295,12.0,5.552765853084931,0.0,1.0,0.0,0.0,1.0,1.0
36,295,1.5258183709340367,3.2789317064799497,0.0,1.0,0.0,1.0,0.0,0.0
37,295,0.0,12.0,0.0,1.0,0.0,0.0,0.0,1.0
38,295,0.0,3.5144421724997743,1.0,0.0,0.0,1.0,1.0,1.0
39,295,6.53829786805489,1.991711644207503,0.0,0.0,1.0,0.0,0.0,1.0
