id,time,x,y
0,0,0.9428148549024946,10.024789753487985
1,0,8.964921732735784,12
2,0,0.9510231651107675,6.035681259972304
3,0,9.958428960585307,6.954471356580177
4,0,8.006972058838238,0.950553687657442
5,0,10.019214374357052,6.954829044718895
6,0,5.986313857776055,7.0408866864619775
7,0,7.946555527257597,9.03366828343509
8,0,12,0.9773560831888131
9,0,11.996094821843817,5.95303795065137
10,0,1.9575739129611613,10.012707882079825
11,0,3.957697192264937,11.995468382068642
12,0,3.941417684751181,11.013183696709827
13,0,7.013970981461606,7.937359363411231
14,0,5.0163097137614505,8.031499416858635
15,0,8.990828501717623,5.0475363833336075
16,0,10.958237169533922,8.982241494729406
17,0,0,9.024616264495299
18,0,2.0580467084445617,5.9998947887446805
19,0,6.947067001001909,11.019081079153832
20,0,7.018326581571808,6.04873295088842
21,0,10.003021426323956,11.073419312372346
22,0,1.0205574961381685,4.9664329148106745
23,0,6.9626582498626775,0.04793284480756841
24,0,11.98735657512232,10.067061484658183
25,0,8.960059440244509,11.022785465335973
26,0,11.951807171313803,7.020400787944015
27,0,6.99572822023111,1.0456589530716218
28,0,0.9399826484522991,6.985258916941196
29,0,4.946686934521554,11.003405484166613
0,5,0.8753087328702,10.054312336841091
1,5,8.950455622925594,12
2,5,0.9029004512311615,6.073333971143002
3,5,9.919772994675961,6.910711628977543
4,5,8.011372454759709,0.9160304323997517
5,5,10.039830298179982,6.907652408208995
6,5,5.971265378246535,7.085836403508571
7,5,7.886031021332287,9.072669515351356
8,5,12,0.9507190625921226
9,5,11.989155267997894,5.8891207316133585
10,5,1.9168882183946983,10.024557866181627
11,5,3.916942020434202,11.990858596848996
12,5,3.8813569770840375,11.0269287130217
13,5,7.022581038242892,7.898753736257575
14,5,5.033926183201609,8.06494846904438
15,5,8.98163430542437,5.094052732887914
16,5,10.95033077956692,8.978586737300276
17,5,0,9.049707149492654
18,5,2.1097759081726597,5.999154387460447
19,5,6.898765147333101,11.036521942092072
20,5,7.033729821430654,6.09134198639091
21,5,10.005982407471532,11.181587426955812
22,5,1.0357286248497148,4.941674534434926
23,5,6.934320704347768,0.08335576832622332
24,5,11.974711582473445,10.143610274801077
25,5,8.921590466320271,11.045154543160768
26,5,11.910460181855209,7.038174847498765
27,5,6.990950861384213,1.0880039181383694
28,5,0.8875428087207251,6.972173906354765
29,5,4.883162911278841,11.008967731353126
0,10,0.8006373325417662,10.087282499873385
1,10,8.939113375579568,12
2,10,0.8592163319070143,6.105025990752664
3,10,9.87598731973873,6.859900135921406
4,10,8.014156596726352,0.8968202437851238
5,10,10.06181323126423,6.859128709057605
6,10,5.954947265020099,7.135735151478
7,10,7.835730573605246,9.10361206352992
8,10,12,0.9203808695563479
9,10,11.985272093484914,5.8452291630055395
10,10,1.8737115654303103,10.037771610034369
11,10,3.871002830705702,11.985823583001551
12,10,3.8111054052470523,11.043508932601165
13,10,6.993647472488972,7.891448683256351
14,10,5.0499722135118414,8.09439974340542
15,10,8.973609951408646,5.1311154747124785
16,10,10.915567335719308,8.961466952179572
17,10,0,9.080478843708146
18,10,2.195626931267981,5.999393737682416
19,10,6.865908270311318,11.049331629967776
20,10,7.048039209856082,6.1330382453928225
21,10,10.008842667350098,11.284351541508702
22,10,1.049051666845901,4.921324957148874
23,10,6.898193226635664,0.12837236504146318
24,10,11.95606475412263,10.250177836402672
25,10,8.893889259710978,11.062060470541994
26,10,11.864719809590976,7.057299048397125
27,10,6.987414132617785,1.1162613639480543
28,10,0.8365430156336777,6.9598425659028775
29,10,4.805872640166588,11.016694794417676
0,15,0.74761456528132,10.110247785053097
1,15,8.979849539652568,12
2,15,0.8165134812616419,6.136153440105107
3,15,9.839696108120474,6.818834527084557
4,15,8.01772529901361,0.8719964323675827
5,15,10.08149067477085,6.815877084163606
6,15,5.938874692425177,7.183504839413978
7,15,7.784134779547991,9.134035198347636
8,15,12,0.8848375206704073
9,15,11.979335010176623,5.7902781194669455
10,15,1.8311709520439194,10.051253477460321
11,15,3.8101076713658255,11.978158224730002
12,15,3.7523578766871144,11.056875886241905
13,15,6.961640438151911,7.883975433195488
14,15,5.068221748344696,8.128692782514767
15,15,8.965890945011797,5.169485374857904
16,15,10.85263621068883,8.930287149438593
17,15,0,9.108389002798887
18,15,2.3045516227822564,6.000055314192501
19,15,6.815796782653271,11.068586962818094
20,15,7.061851440220381,6.172361768617618
21,15,10.011364669988895,11.39990067058307
22,15,1.0655548256078515,4.896458864294619
23,15,6.852662363115923,0.18813731887494506
24,15,11.937152351315504,10.357020659525144
25,15,8.874413415013903,11.074161621687848
26,15,11.79187630857171,7.087011844935184
27,15,6.983086171776766,1.155059071862414
28,15,0.7841374587852982,6.946454073080488
29,15,4.709124373514669,11.027460432566784
0,20,0.6791815682156752,10.139274453507399
1,20,9.027633560853289,12
2,20,0.7475783956975449,6.187069079712855
3,20,9.819590347994318,6.796197112828212
4,20,8.02115157470566,0.8525866138453237
5,20,10.096773232349689,6.781648599503171
6,20,5.924787372295689,7.227603136397025
7,20,7.746512448610901,9.154736252269915
8,20,12,0.8416428837797244
9,20,11.973781951920188,5.738338130248969
10,20,1.799848158320844,10.060859889256136
11,20,3.743684239846715,11.969941961822833
12,20,3.7117662477440416,11.066952416666322
13,20,6.930441959413869,7.876440309360792
14,20,5.081249100062814,8.152335909748475
15,20,8.95757200568205,5.21425540121667
16,20,10.799851463323504,8.903662408197647
17,20,0,9.136787886860612
18,20,2.4005592429673066,5.998965593597232
19,20,6.763573605022841,11.089314473954095
20,20,7.075399109299909,6.210347689697171
21,20,10.017005851838375,11.509438315114021
22,20,1.0740047400724588,4.883388466437479
23,20,6.808914207710733,0.2429075461647754
24,20,11.925407844124,10.428995367855576
25,20,8.859833154168257,11.083455456876042
26,20,11.728083197236888,7.111572294758096
27,20,6.977649695313103,1.1926743146820629
28,20,0.7225649512295995,6.92956969867066
29,20,4.617453623459215,11.036556561865721
0,25,0.606921753920038,10.16889840161766
1,25,9.06704061632038,12
2,25,0.6853563281360121,6.234927999580093
3,25,9.806014197922595,6.78102391704605
4,25,8.024464015054955,0.8301267049065728
5,25,10.106621047016482,6.759391189893312
6,25,5.914793034560477,7.258525762393712
7,25,7.708158628398962,9.175402807096408
8,25,12,0.8005303442193723
9,25,11.96791194909523,5.6794486937448685
10,25,1.7613454928568912,10.072746904898178
11,25,3.750587898269721,11.897896099017325
12,25,3.6570022123140964,11.080856874728754
13,25,6.868983822300555,7.8606033855936035
14,25,5.095081662631029,8.178342391095082
15,25,8.951300588857311,5.24974665447725
16,25,10.745487164768992,8.87624268409978
17,25,0,9.172475964268502
18,25,2.4936111579289992,5.996504186468103
19,25,6.703645612288942,11.113540844525197
20,25,7.110836625666562,6.197639456536844
21,25,10.019754457145593,11.60212672866725
22,25,1.0700917335042057,4.889403178895278
23,25,6.763042602928832,0.30077454423064665
24,25,11.910352073061114,10.50973333351765
25,25,8.850249692163954,11.08958813990179
26,25,11.659674968232679,7.137556784700562
27,25,6.973062388631727,1.220339240300907
28,25,0.6624462270448115,6.912577546200079
29,25,4.526746355858398,11.043989517682965
0,30,0.5524254501869329,10.19076830520683
1,30,9.121097862348105,12
2,30,0.6271959988106928,6.279275433684339
3,30,9.788722518757925,6.761403080370571
4,30,8.027379280219739,0.8090218698073971
5,30,10.122701741304265,6.720307611823332
6,30,5.900665231317016,7.309210121707538
7,30,7.65068228176165,9.208302015691249
8,30,12,0.7498382426755609
9,30,11.96288881815884,5.614959906430401
10,30,1.7096673868108256,10.087009185811786
11,30,3.7571737751584293,11.83308583836254
12,30,3.5790086725152555,11.099488544764732
13,30,6.855595541192903,7.921099432541947
14,30,5.109483096781647,8.20713758949232
15,30,8.943788973998732,5.287867169525773
16,30,10.66123247529021,8.834334723103568
17,30,0,9.205674173993367
18,30,2.590271717425598,5.996492743759749
19,30,6.661486730473166,11.13151158586803
20,30,7.1702949211055005,6.176261935561764
21,30,10.022476674383952,11.6915951301203
22,30,1.0671021735454793,4.894016255370324
23,30,6.724148897858246,0.35098379845254785
24,30,11.892761915822897,10.601091280663317
25,30,8.840154461267849,11.096263998322202
26,30,11.586989513871064,7.165841187545944
27,30,6.9679730548938155,1.2481532969717943
28,30,0.5890486650732856,6.891260015535751
29,30,4.403966532340894,11.057763080539283
0,35,0.5067870705965543,10.20849984095876
1,35,9.17477509386081,12
2,35,0.5642948099546876,6.326675251257545
3,35,9.768097414901776,6.737720014919665
4,35,8.033031612304695,0.7729825263264013
5,35,10.13564041323965,6.688922079609344
6,35,5.8934994466250314,7.335733224343086
7,35,7.588967103438033,9.24440448504086
8,35,12,0.7089846640970703
9,35,11.95796684237603,5.548963888321676
10,35,1.6667177076504989,10.098206767029135
11,35,3.7647155124451963,11.760834513797738
12,35,3.562688402793546,11.032217586315975
13,35,6.8427310902355565,7.971245942035048
14,35,5.122187791757259,8.233438431906851
15,35,8.939987186170125,5.307281636692006
16,35,10.578568335955893,8.792137261721946
17,35,0,9.234231394513357
18,35,2.6934308385957846,5.99220482754855
19,35,6.6179888861719816,11.151403183525892
20,35,7.237893618343604,6.1517815600351895
21,35,10.025341593342924,11.773306929005024
22,35,1.0632460371909975,4.89997936844844
23,35,6.710992359752652,0.36721585634542314
24,35,11.870871245659457,10.703414901226543
25,35,8.839458889732937,11.096714622787259
26,35,11.520489920866012,7.189409299620021
27,35,6.964605613753093,1.2686877299073267
28,35,0.5145532227036769,6.869291805184525
29,35,4.267978510653002,11.070856560987202
0,40,0.4434907739684118,10.231719353536098
1,40,9.238906759635393,12
2,40,0.5039978349499918,6.372671152070299
3,40,9.736273632178063,6.700449968906867
4,40,8.037304232318933,0.7433013965529851
5,40,10.157159800403019,6.63962560632204
6,40,5.879812283109145,7.388302446715065
7,40,7.520089264530693,9.284035857680582
8,40,12,0.661859939075158
9,40,11.953273770739608,5.496610694310021
10,40,1.6150058624713644,10.112512213216704
11,40,3.7738848837332237,11.67626841332081
12,40,3.5467570974098996,10.966980555525701
13,40,6.832591673176564,8.01790341109743
14,40,5.1357516822740115,8.261340403982295
15,40,8.941347453363123,5.300545307386391
16,40,10.504559541867966,8.756055482446873
17,40,0,9.269012769636676
18,40,2.797180452370916,5.987946625657104
19,40,6.591030131986493,11.162938379626679
20,40,7.278519142700207,6.137402542351621
21,40,10.028378700229414,11.85323184290677
22,40,1.0436261949086536,4.929251266766317
23,40,6.707001199953236,0.37244778319645294
24,40,11.847283897467237,10.806081701014799
25,40,8.855616133730882,11.086127929603057
26,40,11.438142994341215,7.218860219360416
27,40,6.961759359452176,1.287551098363186
28,40,0.44567126581073735,6.849675702078929
29,40,4.1280202038956375,11.083752087069863
0,45,0.3866199003006026,10.252818024870692
1,45,9.294557376723533,12
2,45,0.4339894070945297,6.42347507713927
3,45,9.715937421600014,6.676179223725147
4,45,8.037718769561181,0.7407036290703796
5,45,10.17840426720279,6.592398472202905
6,45,5.86919947389339,7.427255011356738
7,45,7.435954704426584,9.329679217095327
8,45,12,0.6206259509945142
9,45,11.94961233349048,5.450626245906426
10,45,1.5729780648117218,10.123780797269253
11,45,3.786307451955496,11.57785769440018
12,45,3.52584645064556,10.891318359957465
13,45,6.82557490337859,8.049715888982657
14,45,5.145853923871973,8.282630147222658
15,45,8.93945638396885,5.3097998205565595
16,45,10.445867089730024,8.728695143763133
17,45,0,9.302292299791725
18,45,2.9273564797097316,5.984255245569565
19,45,6.572069210590503,11.170646709641796
20,45,7.30112034395239,6.129170032033602
21,45,10.030315907090651,11.941469714473337
22,45,1.0297830498149334,4.949536724285441
23,45,6.710349548379126,0.3680890562172252
24,45,11.82092248136461,10.91858552401838
25,45,8.87154276800732,11.075250564896264
26,45,11.338704995914325,7.258143880922479
27,45,6.960229609043953,1.2970377092621035
28,45,0.3730470251320464,6.828532110837254
29,45,3.980557651985883,11.10224881905832
0,50,0.32642453179973774,10.273601969099845
1,50,9.330785536546694,12
2,50,0.3634340600336111,6.473967069122272
3,50,9.688573869539669,6.6432866648073094
4,50,8.040978835459136,0.7174197151484852
5,50,10.19145327353023,6.565482832092331
6,50,5.861927679061199,7.453337093839629
7,50,7.361304806775578,9.368776777091979
8,50,12,0.5726098186524109
9,50,11.94753800028627,5.426971713259932
10,50,1.52157626951542,10.137890759263403
11,50,3.7982831127583574,11.478500697285508
12,50,3.507517996947008,10.815448146060941
13,50,6.820372457206089,8.074139646745076
14,50,5.167687880775148,8.329570753569776
15,50,8.934550407458797,5.33421978382445
16,50,10.405201310565824,8.710352419592297
17,50,0,9.331138829950065
18,50,3.07775378201797,5.978201839412828
19,50,6.56977209279451,11.171586353596014
20,50,7.314550126393338,6.1234978780499265
21,50,10.032611178521162,12
22,50,1.0239015057233176,4.958162748786209
23,50,6.7094832521465895,0.3691539825299997
24,50,11.797064326483774,11.016993404963998
25,50,8.887495016669208,11.064496366264507
26,50,11.230070384120069,7.300454138093492
27,50,6.961031445536029,1.2896729010431864
28,50,0.30196162411358435,6.810770536614087
29,50,3.816338680050798,11.121235357862632
0,55,0.2958882799574161,10.284489492825355
1,55,9.37161208131834,12
2,55,0.30198046133977674,6.518063028973836
3,55,9.6563743678006,6.6061872209506625
4,55,8.047337077228471,0.6741105494980564
5,55,10.199326828454783,6.548427726141312
6,55,5.8540731394541385,7.480010339143667
7,55,7.285819111618496,9.408759130147303
8,55,12,0.5312048141718811
9,55,11.94680750588122,5.4120143000082175
10,55,1.501816225601995,10.143131156459669
11,55,3.809517887553106,11.387084428847029
12,55,3.4914629304473497,10.751799028915375
13,55,6.813320932561869,8.10855124463303
14,55,5.187910091321579,8.373673070627614
15,55,8.92966200793102,5.358280689553968
16,55,10.346162288931383,8.681548638494954
17,55,0,9.364933101792206
18,55,3.2184369973630584,5.969315228270768
19,55,6.579303850937954,11.167573833153865
20,55,7.333171040220245,6.115745778831871
21,55,10.034870090529818,12
22,55,1.0162416886173462,4.969004193212184
23,55,6.706555850015744,0.37284036091054185
24,55,11.773229062691996,11.10930963869029
25,55,8.906182328763569,11.051601201075222
26,55,11.126893335669308,7.3460499301361715
27,55,6.959174181163681,1.3123715588411398
28,55,0.24314717675007474,6.7944475207582595
29,55,3.6328779019149,11.14053298300437
0,60,0.2645550358804184,10.296474977646886
1,60,9.415051587715883,12
2,60,0.23504148158046784,6.570036191773466
3,60,9.627030117772442,6.571363542870458
4,60,8.055218377641836,0.6240640566591067
5,60,10.206766380458028,6.530032351623298
6,60,5.843190635821794,7.519923988876368
7,60,7.1994231042143415,9.452333961474697
8,60,12,0.488683773040776
9,60,11.94614137223491,5.396050804468205
10,60,1.483188859725122,10.147814287705653
11,60,3.819604266276151,11.281769787539492
12,60,3.4781300837613633,10.70280063948616
13,60,6.80652692285107,8.140125550595371
14,60,5.2112154788357605,8.424187312956152
15,60,8.905192039518198,5.3536381763808105
16,60,10.296571943250818,8.659176433292561
17,60,0,9.40638160675308
18,60,3.3588050605884594,5.9565806014581435
19,60,6.602096566428849,11.158581297645433
20,60,7.32454293532616,6.119652116071637
21,60,10.03768382873332,12
22,60,1.0139393364813907,4.972207565401295
23,60,6.6988963469301295,0.382510449613217
24,60,11.751539292126738,11.189346555879402
25,60,8.915910521830313,11.04529737817433
26,60,11.025147171521363,7.390864916263933
27,60,6.956366198912751,1.3484948316418366
28,60,0.16995601824612755,6.773253206255775
29,60,3.475763628082049,11.15446036033367
0,65,0.2159520920287485,10.315156889935501
1,65,9.46472988163366,12
2,65,0.15007727389596215,6.636713785023946
3,65,9.60780901454294,6.548144512038279
4,65,8.067495905737003,0.5562137700479635
5,65,10.229664058070536,6.478726864784949
6,65,5.829333145411176,7.569998095043921
7,65,7.124507228697565,9.490895327735544
8,65,12,0.4446764916746251
9,65,11.946571149204505,5.404244587017672
10,65,1.4515352955650223,10.156447755229845
11,65,3.832104534243596,11.180896541721609
12,65,3.469527034169777,10.668566568492087
13,65,6.801325819821185,8.1654284702596
14,65,5.23259366537115,8.470458835165587
15,65,8.847078408737096,5.342232069602266
16,65,10.244767746933437,8.635943994882778
17,65,0,9.448682867534723
18,65,3.509529133953401,5.943940967779063
19,65,6.624942085420756,11.149725688386688
20,65,7.326045172927467,6.118999794516717
21,65,10.041615886453824,12
22,65,1.0046607589122447,4.984997459689808
23,65,6.673961049728008,0.413747554012192
24,65,11.729558489944294,11.277679288698351
25,65,8.927177334941257,11.038286805030577
26,65,10.936883513658957,7.428564385128819
27,65,6.994598306329947,1.351705013554365
28,65,0.1490355511705948,6.8484587509948
29,65,3.3111235172714077,11.171174708382647
0,70,0.17193617914165116,10.332304072930887
1,70,9.50279510326625,12
2,70,0.09046530691554,6.560746607591991
3,70,9.59699943380972,6.535815250384764
4,70,8.084983548161347,0.4694037847613041
5,70,10.252714211210119,6.428322160981039
6,70,5.815382170091446,7.622356026482955
7,70,7.0429139888005805,9.532796217238502
8,70,12,0.4041428825779094
9,70,11.947399490845214,5.4139759533679
10,70,1.4324480603841097,10.161486759699924
11,70,3.8421372527245286,11.086461077895214
12,70,3.463441129110014,10.646839659441646
13,70,6.7950738614301365,8.193547012588867
14,70,5.254807243273219,8.516230219177643
15,70,8.7952946282414,5.330493509237955
16,70,10.193874950850981,8.613716262292993
17,70,0,9.49017454696469
18,70,3.657585583011813,5.9329940009126725
19,70,6.6253071386745965,11.149586427842163
20,70,7.339528482268907,6.113396330324379
21,70,10.047703571349917,12
22,70,1.0015893266396287,4.989108113697554
23,70,6.6467406544738985,0.44948627156584825
24,70,11.713247537513215,11.344427331659581
25,70,8.922528160552519,11.041045213329419
26,70,10.842602365324089,7.4690033368773685
27,70,7.028777752794151,1.3541422529230853
28,70,0.13121321965605579,6.911725356903887
29,70,3.1491159114311635,11.19337011356852
0,75,0.13524929244049438,10.34692919878303
1,75,9.547940821312451,12
2,75,0.038013341290789975,6.494048923976278
3,75,9.59596931403127,6.5346479747710955
4,75,8.099281006495678,0.4043674745700434
5,75,10.272856511302408,6.383953583409034
6,75,5.800914803270848,7.675257111077369
7,75,6.966698714822912,9.569710210963281
8,75,12,0.3635507432970467
9,75,11.947155351233834,5.4094922309164835
10,75,1.4155575060234908,10.165846416780104
11,75,3.8505158551185135,11.004960960058796
12,75,3.4568293032909545,10.62284897114952
13,75,6.789581629385244,8.218130039846532
14,75,5.268326110026964,8.545630203342975
15,75,8.738135589514947,5.318553715476523
16,75,10.147248962549199,8.594470967013837
17,75,0,9.537336469825286
18,75,3.8361364563265794,5.922336033370261
19,75,6.630309341486692,11.147731729028736
20,75,7.337768127342103,6.114079958530684
21,75,10.054237171643166,12
22,75,1.003720895485608,4.9861365150060095
23,75,6.630934495292367,0.4703406782197681
24,75,11.70404410647192,11.389664801878268
25,75,8.927893589698858,11.037931499419118
26,75,10.753972913999105,7.5073902721120485
27,75,7.063625734519489,1.3568090166594136
28,75,0.11787383323668543,6.958594847662868
29,75,2.991025525509523,11.213871589547471
0,80,0.08925787093576538,10.36656156866057
1,80,9.6117443070196,12
2,80,0,6.43026344656758
3,80,9.586706346662234,6.524392471253587
4,80,8.114344123485937,0.3410380219537754
5,80,10.2853432980072,6.355179876325042
6,80,5.785875748928814,7.7258958714522725
7,80,6.90481598999099,9.59976661178421
8,80,12,0.3284421583443198
9,80,11.94741919289141,5.415499999415588
10,80,1.4111035228084854,10.167038054597562
11,80,3.8605570530284434,10.905928122478478
12,80,3.45726700427285,10.62432399778063
13,80,6.784379877701313,8.244014549213059
14,80,5.276112451619525,8.563543399029252
15,80,8.729750893535925,5.358241592497694
16,80,10.09151812393305,8.569627551475524
17,80,0,9.57730868621639
18,80,4.018815669358865,5.90392924972669
19,80,6.641096780108644,11.143549685556243
20,80,7.344404995594472,6.111465904448451
21,80,10.064993862290097,12
22,80,1.0104674541639735,4.976413886212413
23,80,6.626361390294434,0.47631750766697145
24,80,11.696529552341763,11.42568635913128
25,80,8.930341256308635,11.036555820926848
26,80,10.649330627987279,7.55194038492588
27,80,7.101168186134322,1.3599480950066458
28,80,0.10377863316428954,7.00997832677475
29,80,2.8491624292586075,11.22904079742768
0,85,0.04597499797786785,10.384364792664469
1,85,9.6584998395659,12
2,85,0,6.3628413161790665
3,85,9.567374939645365,6.501784120745189
4,85,8.132101636864176,0.2672423264044079
5,85,10.297691994401967,6.327559947583711
6,85,5.7638748410286045,7.794955941075688
7,85,6.854374491230703,9.625031603341009
8,85,12,0.28959701180403286
9,85,11.945095330791256,5.387739430483766
10,85,1.389084161033961,10.172784769172008
11,85,3.876307959967825,10.791402788216011
12,85,3.4518430342461346,10.60530102556625
13,85,6.781267536915096,8.2609069336516
14,85,5.276632218372916,8.564652701517195
15,85,8.723004127821907,5.390368035636063
16,85,10.01442573044183,8.536262163591052
17,85,0,9.6162121859324
18,85,4.195420747102276,5.88723194811008
19,85,6.663408203601695,11.135019007025896
20,85,7.355679970695275,6.1069885524098355
21,85,10.075375617949815,12
22,85,1.0147103986963444,4.97031689302871
23,85,6.6127148898126755,0.4942709006634461
24,85,11.691529798554301,11.450672634683974
25,85,8.927695522642908,11.03794356506747
26,85,10.53006217177737,7.60182167439863
27,85,7.116536528054273,1.3614621828435105
28,85,0.08694748877634582,7.083433432665072
29,85,2.6871878967417033,11.246791103120437
0,90,0,10.414755319637635
1,90,9.697609430924915,12
2,90,0,6.302883172347254
3,90,9.549351234210725,6.482158748560202
4,90,8.147867433005079,0.19988948408010082
5,90,10.302114920179388,6.317132830706759
6,90,5.740392579049921,7.866627188924385
7,90,6.790120965487442,9.658446959242665
8,90,12,0.24770189284278468
9,90,11.941118130032804,5.336866346568347
10,90,1.3855289648073545,10.173685012978714
11,90,3.8921815099385224,10.663972568580128
12,90,3.445959794419191,10.586060682749162
13,90,6.78117132286824,8.261459282864003
14,90,5.276958220018861,8.565350118975418
15,90,8.71575602061933,5.4239133309522005
16,90,9.906408636833438,8.495294566829552
17,90,0,9.653511371811263
18,90,4.389462902143791,5.870170973479127
19,90,6.681505094750704,11.127893340486132
20,90,7.362209177599176,6.10446824271196
21,90,10.088095786373321,12
22,90,1.0219096445287232,4.9597551037267475
23,90,6.590211657627612,0.5247362529760996
24,90,11.688799342285483,11.465646773841664
25,90,8.939815248913284,11.031440008299455
26,90,10.400854761946157,7.659469485122294
27,90,7.131283007717844,1.3624698008608078
28,90,0.07040398242551482,7.162201356463728
29,90,2.544209131760673,11.262252014035674
0,95,0,10.44079578962099
1,95,9.738692458878472,12
2,95,0,6.260611955059512
3,95,9.540481416904928,6.472953121593722
4,95,8.163170816542905,0.13542619378875909
5,95,10.306169992516038,6.307993996643265
6,95,5.71506983164451,7.941556577894165
7,95,6.7273655213931045,9.692552905551358
8,95,12,0.20458275505540624
9,95,11.936362825991676,5.278138290218131
10,95,1.413060430662091,10.167596927528313
11,95,3.9104650026722374,10.530133828433796
12,95,3.436918938089296,10.556675874444055
13,95,6.780377546438155,8.265816970787615
14,95,5.2807546964866985,8.573702870638652
15,95,8.707970763973202,5.459706640970008
16,95,9.812049795067951,8.461458054852597
17,95,0,9.693401580867528
18,95,4.589939891685245,5.8540677389594045
19,95,6.6744042650890965,11.130871644614963
20,95,7.362311082425457,6.104429972774657
21,95,10.102708845686735,12
22,95,1.020614032748621,4.961653321994923
23,95,6.566927069310821,0.5561751143471165
24,95,11.685936818757083,11.484165766643834
25,95,8.944581090113264,11.028747203490187
26,95,10.271487031621861,7.718984732793511
27,95,7.14275847594092,1.3630341608057124
28,95,0.051815453281296456,7.2537230149022225
29,95,2.401301201321263,11.276175701647638
0,100,0,10.455533343592068
1,100,9.78855422184402,12
2,100,0,6.207679989404457
3,100,9.52344024816813,6.455900975312218
4,100,8.17706633122694,0.08188928326234737
5,100,10.30645839921241,6.307312761601408
6,100,5.682735232992979,8.029892915110532
7,100,6.669256465216021,9.723467835388
8,100,12,0.16711809729564975
9,100,11.933952127936491,5.22609463835804
10,100,1.427940598603375,10.16433063756691
11,100,3.9292941864743205,10.392964519075397
12,100,3.432371492566816,10.54291695310576
13,100,6.773955658863631,8.299958867997706
14,100,5.275586389306636,8.562764604372349
15,100,8.699158461165286,5.495345750458665
16,100,9.724281724286117,8.429048712370664
17,100,0,9.736642049304255
18,100,4.808323259683518,5.8398737404978265
19,100,6.677780576895317,11.12931137060944
20,100,7.347424613022369,6.109898392674005
21,100,10.116090963154695,12
22,100,1.028847798108091,4.949569318836911
23,100,6.559292966950098,0.5662169320982071
24,100,11.682600541406675,11.50516453719669
25,100,8.938384306595589,11.03219717894498
26,100,10.149078818400994,7.774280804201018
27,100,7.151686642098218,1.3636015715282548
28,100,0.035023433058613676,7.331961645576369
29,100,2.262382811319499,11.291457528102267
0,105,0,10.46899051634868
1,105,9.824259258208095,12
2,105,0,6.138818905943129
3,105,9.515070845161839,6.447563958655817
4,105,8.190527682239027,0.030019907906992806
5,105,10.302525361139864,6.3174807277474505
6,105,5.792168808633295,8.070879118005944
7,105,6.601307501001752,9.759832715240549
8,105,12,0.12581211380874674
9,105,11.930513883394301,5.171819108542109
10,105,1.4312195422699476,10.163585258881703
11,105,3.9415576171030215,10.28153744672212
12,105,3.4229107303043325,10.513579015298287
13,105,6.767989072051197,8.336682149824744
14,105,5.272165167973629,8.555345469195967
15,105,8.6927752685934,5.519781747544524
16,105,9.636376259415835,8.396413891169306
17,105,0,9.791772105225867
18,105,5.028526374834149,5.8211388040097685
19,105,6.694036501997735,11.121408265632503
20,105,7.3573979523059325,6.106309045202391
21,105,10.12429425071896,12
22,105,1.0262011064062915,4.953484625798301
23,105,6.551258316272391,0.576135095331111
24,105,11.67992038889218,11.523403855429882
25,105,8.92379814502155,11.040567268631174
26,105,10.034177454190683,7.829959063471277
27,105,7.155386787747433,1.3638550545189059
28,105,0,7.30608163982745
29,105,2.1072159210284434,11.3085291187871
0,110,0,10.478434092856507
1,110,9.864181175080807,12
2,110,0,6.053046318054865
3,110,9.486184926761357,6.418028449668464
4,110,8.198376570929025,0
5,110,10.294409748203652,6.340156952195739
6,110,5.899434131457324,8.111164213870747
7,110,6.549858791050794,9.787967226145078
8,110,12,0.08986984647440636
9,110,11.92791385115589,5.123476310069564
10,110,1.4343305083699998,10.16279610725888
11,110,3.9521207968159757,10.174282432746738
12,110,3.404405843458098,10.457477230260274
13,110,6.763758299952108,8.36487023417055
14,110,5.275718512807345,8.563306590505617
15,110,8.685171935049594,5.549300971691046
16,110,9.542167414340469,8.3605272017826
17,110,0,9.846497967299696
18,110,5.249730747112891,5.803915649826777
19,110,6.740762510965931,11.098294335197577
20,110,7.383202030670205,6.095823254822356
21,110,10.1271961947783,12
22,110,1.0235703633200044,4.957581286026386
23,110,6.5472922617391855,0.5812461301014225
24,110,11.676405243494232,11.543738266110637
25,110,8.895311538666066,11.057052815711069
26,110,9.904884610164377,7.891970523806298
27,110,7.156479102215408,1.337502984096352
28,110,0,7.283468100957486
29,110,1.9432851640695676,11.326774483566826
0,115,0,10.483279394392898
1,115,9.907431873498377,12
2,115,0,5.973748552802592
3,115,9.465933968386373,6.39683760789942
4,115,8.205596576886107,0
5,115,10.286841909350128,6.361548533653062
6,115,6.019535253633371,8.153957812447779
7,115,6.482983487015475,9.825239810416218
8,115,12,0.04845386513639835
9,115,11.925828919893323,5.079897927129562
10,115,1.4338329637276024,10.162926995934077
11,115,3.960934082294307,10.069285435163858
12,115,3.38862898277548,10.401473528651453
13,115,6.758547530016451,8.396458359078682
14,115,5.2804154189810335,8.573293456543546
15,115,8.678086213220716,5.573931912199876
16,115,9.433694742780506,8.318599961180933
17,115,0,9.913716130411032
18,115,5.491941283689057,5.791706731507947
19,115,6.77425924890932,11.08155323046142
20,115,7.4108122234882785,6.0853739139629335
21,115,10.13067106296455,12
22,115,1.0268392041318353,4.952215319244986
23,115,6.533894860414952,0.5711226888296806
24,115,11.673317763291688,11.560450097330355
25,115,8.8624173993069,11.077461112018383
26,115,9.797165889079755,7.944344725699644
27,115,7.158299414913289,1.2896493949645902
28,115,0,7.258248701429749
29,115,1.7691407849445455,11.342273240772357
0,120,0.0029909395176453473,10.481844490278824
1,120,9.949622349812687,12
2,120,0,5.903897352046193
3,120,9.448292944620336,6.37666915379714
4,120,8.21157443553206,0
5,120,10.283559724262554,6.3705133187156635
6,120,6.120917672552384,8.191232499493736
7,120,6.4207633628742995,9.860880430897257
8,120,12,0.005945073536124522
9,120,11.924631066237456,5.0635385036493705
10,120,1.4351142300599156,10.162606643857622
11,120,3.97073685367597,9.96275036496945
12,120,3.3378381702471795,10.416550016620215
13,120,6.750761422203641,8.454907428739125
14,120,5.2916401793423455,8.596688947782615
15,120,8.663471637292274,5.619365814131309
16,120,9.31758071844667,8.275646826823925
17,120,0,9.984407311895268
18,120,5.6932793095886485,5.787349225969321
19,120,6.822131372228015,11.057041195104
20,120,7.4431877831034114,6.0725946248255465
21,120,10.131186983525025,12
22,120,1.0211628395080583,4.960987915794093
23,120,6.527285382409033,0.5660400881264784
24,120,11.669010230505245,11.584622616675828
25,120,8.826602378825257,11.099395527061622
26,120,9.69250454334652,7.993754895632791
27,120,7.162838177261851,1.235655050510995
28,120,0,7.229203318273811
29,120,1.5887345172267868,11.35754209289872
0,125,0.011543271887371736,10.477711251995537
1,125,9.993629753005706,12
2,125,0,5.834826191599848
3,125,9.434029926320749,6.359585659473512
4,125,8.217636616578,0
5,125,10.279534185335145,6.381364120215988
6,125,6.196860595832318,8.219752779112701
7,125,6.3432350814621525,9.905481971418748
8,125,12,0
9,125,11.924496700154918,5.062046855313683
10,125,1.4378362013020827,10.161853606319465
11,125,3.9784381094232653,9.847195589004267
12,125,3.277048339503542,10.434626160194364
13,125,6.7420236842441925,8.528052419169658
14,125,5.298956384829238,8.611640671802748
15,125,8.652415364720497,5.651514445564559
16,125,9.195927131500342,8.23165342997952
17,125,0,10.054215635379855
18,125,5.895078070679645,5.791884457290288
19,125,6.858334500603307,11.038995245891545
20,125,7.486026531736331,6.054801654922307
21,125,10.127334562027633,12
22,125,1.0228839397944272,4.958419018689496
23,125,6.498368004229882,0.5429794871742467
24,125,11.664617282191346,11.606937908270114
25,125,8.786920335729953,11.123658453437843
26,125,9.58531512660487,8.047836229078783
27,125,7.166808675414927,1.1949456188259173
28,125,0,7.200612849624097
29,125,1.4279206521746692,11.369242216194792
0,130,0.01610292842163879,10.475435255043607
1,130,10.016815397402716,12
2,130,0,5.771110571323338
3,130,9.419559930760299,6.342492485489108
4,130,8.223800878881457,0
5,130,10.276967055923205,6.387608802992411
6,130,6.26752131815566,8.242422437585368
7,130,6.251422513876188,9.958580099235132
8,130,12,0
9,130,11.925373211011003,5.076040050699775
10,130,1.4327327237267276,10.16315314298374
11,130,3.9856876778146733,9.750122940076245
12,130,3.195889933523291,10.457884335611535
13,130,6.728071968104124,8.621556926451508
14,130,5.299335342327533,8.612410930271437
15,130,8.638935074138217,5.687871002159501
16,130,9.074528075030694,8.188921875263539
17,130,0,10.12960254902957
18,130,6.0989118182325575,5.7956811545471
19,130,6.889996677485599,11.021715595993497
20,130,7.560725133651851,6.023244128213106
21,130,10.124056044156385,12
22,130,1.0312675717866884,4.945279024949292
23,130,6.448071001138969,0.5027181948131593
24,130,11.664103436397532,11.609680508193366
25,130,8.747448283031742,11.146432082761363
26,130,9.489627059470566,8.096780012761386
27,130,7.169801079802862,1.1604768294097618
28,130,0,7.168406817270242
29,130,1.2887507036938861,11.379932117973375
0,135,0.037500072484493066,10.464585759704594
1,135,10.039278879017873,12
2,135,0,5.710372106961908
3,135,9.416725338745344,6.339325543105605
4,135,8.265420846345625,0.010173503951579229
5,135,10.270859714199778,6.402331774595061
6,135,6.344606651010769,8.265943736205886
7,135,6.1644230305808865,10.011715242998163
8,135,12,0
9,135,11.925597748332113,5.080286500305362
10,135,1.419187223099097,10.166558200743163
11,135,3.9940924733301135,9.650470045244004
12,135,3.125968243979055,10.47538722940589
13,135,6.713887501385466,8.717588915193753
14,135,5.295132227882056,8.603172613889937
15,135,8.637143245162,5.692745247656467
16,135,8.949938935171145,8.143856370250692
17,135,0,10.20136868097364
18,135,6.313269612196348,5.796923598891646
19,135,6.914444176154995,11.00823761953827
20,135,7.646079679157075,5.986701725418716
21,135,10.121383365451644,12
22,135,1.0402354217967371,4.930902948479364
23,135,6.386023008654029,0.4525240844245711
24,135,11.66180631685219,11.619917921615924
25,135,8.700273519973564,11.173813284934631
26,135,9.418901561366225,8.134572792861398
27,135,7.173438986223254,1.11833380225178
28,135,0,7.293185813507102
29,135,1.150825629580612,11.394111336301417
0,140,0.03730931835715497,10.464685262188665
1,140,10.053823308305343,12
2,140,0,5.650741313539511
3,140,9.413414905657929,6.335755435891367
4,140,8.301147419887203,0.019739782009406192
5,140,10.271266060582851,6.401319968328929
6,140,6.41760695538967,8.287174748752182
7,140,6.061213820425316,10.074659363528054
8,140,12,0
9,140,11.92543346502857,5.077157968413251
10,140,1.3829128845781546,10.174498275952134
11,140,4.001186582136723,9.558005207646524
12,140,3.0410888898403097,10.49834691150043
13,140,6.702443715725123,8.785358586588144
14,140,5.292486545289862,8.59730292991192
15,140,8.6395974515944,5.686334728415545
16,140,8.831226561775669,8.105524211884575
17,140,0,10.270160523567512
18,140,6.527263300389682,5.80291905436996
19,140,6.924177908241788,11.002774835078723
20,140,7.725090479647485,5.954292700298263
21,140,10.115927595930732,12
22,140,1.0517342960031462,4.913131551878552
23,140,6.3224419677454025,0.4007738416486335
24,140,11.664618732871213,11.607178163158732
25,140,8.65022890385722,11.202010973290573
26,140,9.360331695926835,8.166939477469715
27,140,7.177672827564923,1.0708345863780804
28,140,0,7.420594620526299
29,140,0.9951191172524192,11.411594238701396
0,145,0.025076431835165457,10.470920569738754
1,145,10.073422412012397,12
2,145,0,5.580570050001521
3,145,9.406844946538014,6.328688606420952
4,145,8.348045692809578,0.032442364910465316
5,145,10.282423242637268,6.370191653124042
6,145,6.482675812267213,8.306230801643615
7,145,5.958111520112245,10.135412995972194
8,145,12,0
9,145,11.924103955178197,5.062428458420619
10,145,1.34425175210602,10.18304816089968
11,145,4.007191046961249,9.466380809794494
12,145,2.937018889665083,10.525991075288607
13,145,6.689112886480762,8.854612054915213
14,145,5.294605340493395,8.602585659869256
15,145,8.644599406042005,5.672731722547689
16,145,8.700033072681371,8.06488667156167
17,145,0,10.339816894339123
18,145,6.724904947798984,5.807520334785995
19,145,6.958256884676112,10.983794836769519
20,145,7.813886033835075,5.914536194362525
21,145,10.107730672839132,12
22,145,1.051088579742124,4.914212740125295
23,145,6.263608969527437,0.35217482050871834
24,145,11.670314984006463,11.582832670666603
25,145,8.608251972478545,11.22471288263288
26,145,9.306103254142464,8.19645092865101
27,145,7.180942604351819,1.037539202140832
28,145,0,7.5592734279624105
29,145,0.8469444397897758,11.428290775056388
0,150,0.010223188664332247,10.478323208035302
1,150,10.118677423415253,12
2,150,0,5.502418993329138
3,150,9.39045524023529,6.311128576324182
4,150,8.397048488023072,0.04549420598586795
5,150,10.29324330781086,6.337299619368182
6,150,6.539705442427098,8.322706346208491
7,150,5.862579041414717,10.192906205928942
8,150,12,0
9,150,11.920909614955004,5.029431177556821
10,150,1.296575286199719,10.195832991881181
11,150,4.015837243718911,9.382276942989439
12,150,2.825554904560707,10.551676259554421
13,150,6.678984671945928,8.911026972807926
14,150,5.291541816553622,8.595158430492432
15,150,8.65155781404572,5.654596348440313
16,150,8.559134758227207,8.021756144253102
17,150,0,10.40652106436463
18,150,6.924695021958179,5.816142267624388
19,150,6.999101593903743,10.962122550924104
20,150,7.923479272704363,5.8632896471655265
21,150,10.10148260787745,12
22,150,1.040333450271518,4.93171273888907
23,150,6.207065664828819,0.30623935562838633
24,150,11.670783017599835,11.580812710421954
25,150,8.54254946983455,11.258910165096797
26,150,9.253022618377331,8.225656021477027
27,150,7.1545911517288925,1.0361581480106838
28,150,0,7.700396914401656
29,150,0.697788749096581,11.446290682479468
0,155,0,10.484385701445058
1,155,10.168160091074293,12
2,155,0,5.412201461499816
3,155,9.375435018769512,6.29506274618689
4,155,8.45106122898434,0.06126726709667663
5,155,10.301685216342134,6.312481648696502
6,155,6.62364654827314,8.346168918759922
7,155,5.774468352192414,10.246656341970255
8,155,11.990662747903624,0.004640510251663684
9,155,11.922151512884147,5.038703674334712
10,155,1.2322056793268144,10.213517137489752
11,155,4.025227574361938,9.287141631895345
12,155,2.7054992977772154,10.581204275243142
13,155,6.669097840203186,8.973321841362917
14,155,5.2849750708333145,8.580293425487692
15,155,8.654566436255466,5.646490907818935
16,155,8.402073756594474,7.970393438247719
17,155,0,10.484950836795688
18,155,7.117353500409832,5.826921321133
19,155,7.0335191117916205,10.943646480612552
20,155,8.005436760989891,5.824773721969237
21,155,10.093249380996566,12
22,155,1.0269822633649386,4.953988512791905
23,155,6.152928183783129,0.2616036267008197
24,155,11.676654914054268,11.556547997004364
25,155,8.452502577898908,11.306020190201677
26,155,9.195997587344845,8.257300371454148
27,155,7.111877516512288,1.0341982632542124
28,155,0,7.850038587249951
29,155,0.5499691288499555,11.466998982167619
0,160,0,10.489771449754466
1,160,10.241660166689917,12
2,160,0,5.3158267927721585
3,160,9.361763982320074,6.280084632993072
4,160,8.524729563298012,0.08068031499296932
5,160,10.310000712276253,6.287740262170154
6,160,6.720211970058532,8.374137812748154
7,160,5.684434372843602,10.30084700026334
8,160,11.981849136663099,0.009002917858596598
9,160,11.92263266787924,5.042148890151477
10,160,1.1665235403907912,10.232122015883903
11,160,4.0326475185675426,9.18590328933561
12,160,2.5819121073436158,10.610943802187451
13,160,6.656781855846531,9.052886042898255
14,160,5.283978780795795,8.577936991462746
15,160,8.65843021803254,5.635888099504535
16,160,8.249148212329361,7.921243618972504
17,160,0,10.558244701532182
18,160,7.336380230015203,5.837836460106343
19,160,7.080862586642155,10.91827713367252
20,160,7.962301314035576,5.73615158350817
21,160,10.087266784869696,12
22,160,1.0139931056942886,4.975794613461852
23,160,6.0860945443729,0.20588876518954607
24,160,11.685128307912606,11.518271701532228
25,160,8.360132819215718,11.352101744525395
26,160,9.137886264915263,8.28772695535069
27,160,7.078490397217778,1.0322646835018265
28,160,0,8.005709194738408
29,160,0.42988461603263545,11.478625547190612
0,165,0,10.490984703324042
1,165,10.311399989484272,12
2,165,0,5.224088369263708
3,165,9.354010152793286,6.271256299332779
4,165,8.577321335303138,0.09483988246790849
5,165,10.318793441751135,6.261539619052395
6,165,6.821112992810358,8.404681988370013
7,165,5.57606222906327,10.369900499970809
8,165,11.990266206535404,0.00484230211934262
9,165,11.923171048578114,5.045570699878053
10,165,1.1034094949697908,10.249593712626663
11,165,4.040370165070655,9.070992866466295
12,165,2.452382881817408,10.642192524645658
13,165,6.648446179413626,9.112722453803903
14,165,5.289338864964725,8.590124708726037
15,165,8.664152325617003,5.620202801024562
16,165,8.103347906099835,7.877309405354302
17,165,0,10.636748318771813
18,165,7.5626061643795275,5.848750696797207
19,165,7.134024370852895,10.889572930213056
20,165,7.917799958948124,5.64002043676128
21,165,10.083167085576834,12
22,165,0.9958545881484664,5.0082052536865564
23,165,6.0007269604632025,0.13451570376278368
24,165,11.686744248815415,11.511069411873274
25,165,8.274412832770857,11.394837599944054
26,165,9.088190482384904,8.31602319180384
27,165,7.0664716849073175,1.0319352146236498
28,165,0,8.147032334746882
29,165,0.29843307551847953,11.496975389030794
0,170,0,10.494249735040913
1,170,10.360965799544363,12
2,170,0,5.124273146085177
3,170,9.344032787995184,6.260329096792917
4,170,8.626554859644232,0.10814438198449564
5,170,10.328614305071625,6.234200398970782
6,170,6.889225085621577,8.423513699278711
7,170,5.45332332698508,10.449495389082918
8,170,12,0
9,170,11.925203767150382,5.0591441616562065
10,170,1.0291795951351785,10.268844957627024
11,170,4.045304511137181,8.992992337344491
12,170,2.294687798425505,10.676216904150287
13,170,6.641061218899036,9.174065441388594
14,170,5.301455965917447,8.619064115555245
15,170,8.671092941114575,5.600620019838887
16,170,7.958882681401678,7.834922799049419
17,170,0,10.716065036295161
18,170,7.779876777068911,5.863608782837753
19,170,7.180113106222973,10.865145470582421
20,170,7.873298612231584,5.537017426767443
21,170,10.080754132205644,12
22,170,0.9767544422552873,5.042536911741638
23,170,5.914779480589501,0.06604416604645014
24,170,11.684905563151718,11.519656896364925
25,170,8.206499943873334,11.429716213060546
26,170,9.029767236982536,8.349271578875543
27,170,7.033381138006784,1.0310203839609486
28,170,0,8.277697471244533
29,170,0.15132300115666616,11.5135603241738
0,175,0,10.494970604577308
1,175,10.42271992386908,12
2,175,0,5.034270316579807
3,175,9.321606252668925,6.235800630270897
4,175,8.662175014457977,0.1174918767955735
5,175,10.335905797451066,6.21599164819951
6,175,6.9182239200880975,8.43161329900592
7,175,5.303772238569052,10.546503866441194
8,175,12,0
9,175,11.928876134288474,5.08894245210244
10,175,0.942984969927812,10.289848216706142
11,175,4.0501053101754065,8.91506260994621
12,175,2.1414073336268324,10.708299790515474
13,175,6.633208574835467,9.240719220544726
14,175,5.31057339268255,8.644019319556916
15,175,8.682196090891452,5.567868707280717
16,175,7.800204707960754,7.7927910359607235
17,175,0,10.793681017256368
18,175,7.975004811474453,5.871995995188868
19,175,7.237540583727347,10.836704800150464
20,175,7.834143457512299,5.441782133832752
21,175,10.078429691477522,12
22,175,0.9563313381825266,5.082044232432922
23,175,5.819872127944243,0
24,175,11.685262794089695,11.51822107695535
25,175,8.147436710372958,11.462689879059015
26,175,8.967537696956276,8.386855233132545
27,175,6.98600789234802,1.0294785899371324
28,175,0,8.392407050185088
29,175,0.01511537871094551,11.529840376339221
0,180,0,10.495114996420234
1,180,10.485177079333678,12
2,180,0,4.961803206166768
3,180,9.297971948303612,6.208374489617109
4,180,8.710749354742735,0.13070408544166495
5,180,10.356349375982964,6.16504682982269
6,180,6.94964460016206,8.439563682685474
7,180,5.148113438610967,10.655855068175224
8,180,12,0
9,180,11.933919634808957,5.125682798209913
10,180,0.8416441704355628,10.315617192789414
11,180,4.057205069668824,8.817651430449049
12,180,1.9860554985936172,10.742983287196056
13,180,6.625062030416637,9.309271928401799
14,180,5.319868379710325,8.667541605455169
15,180,8.696355679547924,5.525542496175415
16,180,7.641725270883169,7.746108811158466
17,180,0,10.872857310041965
18,180,8.178084057485043,5.877178070592393
19,180,7.295113783236563,10.809843924975823
20,180,7.8009123595523775,5.3653358040670325
21,180,10.075519515041394,12
22,180,0.9210333192420123,5.150681247768885
23,180,5.730920059286467,0
24,180,11.682814041724892,11.528422420127612
25,180,8.103092933000077,11.48742187806082
26,180,8.919545459046187,8.416749914112508
27,180,6.926751109384349,1.02732176352582
28,180,0,8.499884953026744
29,180,0,11.54222223375872
0,185,0,10.503712605100034
1,185,10.552205460809171,12
2,185,0,4.864990480806146
3,185,9.264254319746462,6.170621941252715
4,185,8.74796701889687,0.14198393036185689
5,185,10.366963665240318,6.138447407158898
6,185,6.962574448990271,8.442513631461134
7,185,4.974421738263062,10.787530760355255
8,185,12,0
9,185,11.937743546625503,5.152510870102605
10,185,0.7305521555572081,10.342404418475736
11,185,4.064746668355345,8.726574856992515
12,185,1.8265601179372388,10.780335279068241
13,185,6.617614869032162,9.380515663757157
14,185,5.331099192901088,8.696231484588896
15,185,8.712758096505935,5.479250121151751
16,185,7.4735401998513815,7.69710707356978
17,185,0,10.94686118340333
18,185,8.382432407476683,5.8807487995256835
19,185,7.359970425386316,10.780156736639027
20,185,7.7603834698385095,5.265289560726662
21,185,10.070457891240311,12
22,185,0.8882328130588671,5.212915098939578
23,185,5.625259199532793,0
24,185,11.681721866566054,11.532918694431176
25,185,8.084637587155937,11.498292936206644
26,185,8.87242690524238,8.445508121635955
27,185,6.873758047945016,1.0256199827566226
28,185,0,8.596149728194542
29,185,0,11.555549661786088
0,190,0.004233838400073699,10.501455555389748
1,190,10.598593688550954,12
2,190,0,4.766475062437718
3,190,9.238014385440446,6.139596139097901
4,190,8.78679534736227,0.1523064068509213
5,190,10.367283983642151,6.137590687481028
6,190,6.970352383177029,8.444500928552307
7,190,4.807968422325073,10.918730196612099
8,190,12,0
9,190,11.94130903182635,5.17823583510815
10,190,0.6216929480669245,10.371995521176833
11,190,4.072966967502358,8.623190210177379
12,190,1.6451801343161354,10.824289219047525
13,190,6.6076340115007435,9.4653926950456
14,190,5.34228847314252,8.725209816592455
15,190,8.732146546494729,5.422430800980588
16,190,7.295166359128555,7.645780480254237
17,190,0,11.016535528799558
18,190,8.587311244582107,5.88343450236433
19,190,7.418462641282437,10.753105694708871
20,190,7.7141975415348245,5.156974149699145
21,190,10.065140061451382,12
22,190,0.8607493411345815,5.262880244873911
23,190,5.507673010287453,0
24,190,11.675171604735286,11.563019935208674
25,190,8.063673337865222,11.511018712302441
26,190,8.827780841232089,8.474265662497452
27,190,6.836877360554731,1.0244424032049397
28,190,0,8.699361041754408
29,190,0,11.570328057656237
0,195,0,10.485312034010978
1,195,10.632453062273331,12
2,195,0,4.662819284937396
3,195,9.221316891453707,6.153294070334874
4,195,8.830616146722535,0.16456171821453056
5,195,10.359245488497306,6.157311289643385
6,195,6.980608488696102,8.446817402416775
7,195,4.655447138094322,11.040213216063668
8,195,12,0
9,195,11.94713782210884,5.216945673076405
10,195,0.5091271699553913,10.402559409363745
11,195,4.0815098124266544,8.529032868775246
12,195,1.4553345721567963,10.864622251081817
13,195,6.598813407708829,9.55114960048605
14,195,5.352145683544272,8.751809973152964
15,195,8.744827453920408,5.386668936208364
16,195,7.126848233806673,7.5919737576651
17,195,0,11.086817857433546
18,195,8.798253977721219,5.886174275147908
19,195,7.493089461404741,10.718552852986482
20,195,7.662786638431338,5.04503272950071
21,195,10.061893182989825,12
22,195,0.8496531637350557,5.281313184522974
23,195,5.386595062647047,0
24,195,11.67197946971927,11.577366870539054
25,195,8.034978466741862,11.528428812097081
26,195,8.783783940717017,8.50352457536907
27,195,6.807190407248769,1.0226608986512042
28,195,0,8.79382050965132
29,195,0,11.584307912674321
0,200,0,10.462206429444388
1,200,10.660880450793114,12
2,200,0,4.5593515146463
3,200,9.184755304533498,6.183367419172825
4,200,8.896483811880158,0.1807762575378393
5,200,10.354847944700007,6.169113910752292
6,200,6.994320042248839,8.450349940318187
7,200,4.489590110523,11.167856952365746
8,200,12,0
9,200,11.954596879612941,5.263486025924955
10,200,0.3935527586061325,10.436892176019228
11,200,4.088418940339308,8.433487587381801
12,200,1.2588703112279773,10.91211003901872
13,200,6.593388374992639,9.62913297724911
14,200,5.357478381703279,8.765602784760363
15,200,8.749063074836643,5.374825357283237
16,200,6.960800671188872,7.5389123714336055
17,200,0,11.155504855308463
18,200,9.011663005677166,5.887400078980841
19,200,7.45303008924434,10.63224331311349
20,200,7.607101961581636,4.925675575877438
21,200,10.058293859238987,12
22,200,0.8340470984479729,5.306976641433103
23,200,5.252740201975119,0
24,200,11.66584740788034,11.601252053119675
25,200,8.016865854307333,11.538798623758641
26,200,8.72470414002659,8.543684561514665
27,200,6.771397540083215,1.0194092190292026
28,200,0,8.889569672908793
29,200,0,11.596833177050485
0,205,0,10.429204745851726
1,205,10.696935352822203,12
2,205,0,4.44185173264268
3,205,9.158155753585978,6.205301552375423
4,205,8.951408812778528,0.1954459185501194
5,205,10.353794113581019,6.171971784200814
6,205,7.013306111393168,8.454526018580284
7,205,4.3257862558744895,11.291182941189556
8,205,12,0
9,205,11.958383030749307,5.287405642410936
10,205,0.3067503345743502,10.461303052158636
11,205,4.09490305183062,8.324024850081143
12,205,1.030818362567711,10.966730631707657
13,205,6.591344082345301,9.69522288942426
14,205,5.36143339731186,8.777090106316376
15,205,8.7576164632148,5.353967745974715
16,205,6.810231978572595,7.487819174438233
17,205,0,11.235393858482093
18,205,9.248000952832234,5.88738697285235
19,205,7.417856666632216,10.552086798019028
20,205,7.5494686660407915,4.810899213874733
21,205,10.053874879290026,12
22,205,0.8080263174790611,5.346430175856166
23,205,5.119837599864595,0
24,205,11.660447661504037,11.62228171795303
25,205,7.986951512554628,11.555596506767815
26,205,8.642985450556495,8.603211961937138
27,205,6.726595743032136,1.016535661922681
28,205,0,8.993347143724835
29,205,0,11.61454118154625
0,210,0,10.397152520233258
1,210,10.730829952771314,12
2,210,0,4.339538780874773
3,210,9.121474339952998,6.2348572427868385
4,210,9.00376529677894,0.20876824157758628
5,210,10.35250962980793,6.175767290803596
6,210,7.020541707020548,8.4563288424706
7,210,4.172761208844687,11.406426001867322
8,210,11.982632707498746,0.007516457132542415
9,210,11.962924611521448,5.322127471479608
10,210,0.2039640935498243,10.490623708794459
11,210,4.100932925719086,8.218177724386452
12,210,0.8151340075767619,11.021575534517014
13,210,6.589559229546801,9.732704613899898
14,210,5.365254540622537,8.788385383357529
15,210,8.762748520776091,5.341703383637863
16,210,6.640767257927145,7.433125637284865
17,210,0,11.30865073518159
18,210,9.494944567071274,5.886524170753849
19,210,7.37489618120048,10.459608894805463
20,210,7.4968318405212715,4.710351349250869
21,210,10.0526677315078,12
22,210,0.7827628597416348,5.385830382758927
23,210,4.998573853727665,0
24,210,11.65596117215212,11.6211073264077
25,210,7.947625293727266,11.577093897522065
26,210,8.558337194668141,8.666188072956869
27,210,6.696044148643417,1.0143655951803223
28,210,0,9.074645715215382
29,210,0,11.626467548338592
0,215,0,10.349159229221472
1,215,10.766598330066682,12
2,215,0,4.2417664073481065
3,215,9.091236643937437,6.258490489075945
4,215,9.046069488986921,0.21869085647571415
5,215,10.357766133069283,6.160989803178296
6,215,7.035517140878426,8.460281830583861
7,215,4.02436938503977,11.51621846315886
8,215,11.958618390156415,0.018494637569835885
9,215,11.969894600584654,5.38281436991914
10,215,0.09871147472042467,10.520709855886398
11,215,4.106304067359651,8.126235659048426
12,215,0.6019045790830801,11.077587656566527
13,215,6.586928506329084,9.798548783539212
14,215,5.365616687718191,8.78937666584626
15,215,8.774060115267217,5.3156066550524335
16,215,6.4814158718361945,7.3864652053193325
17,215,0,11.384884114634412
18,215,9.749112711627822,5.891904452255405
19,215,7.330286947641689,10.358201361416835
20,215,7.4419806584987525,4.607318292022572
21,215,10.0510593637193,12
22,215,0.763727366301328,5.413644467431661
23,215,4.8780132254194575,0
24,215,11.65352544871186,11.620422050746901
25,215,7.910865083478982,11.59785011383214
26,215,8.462675733276225,8.734243146161123
27,215,6.675507328197949,1.0126017867515062
28,215,0,9.168211798012566
29,215,0,11.637631710453533
0,220,0,10.310130842023158
1,220,10.807543301670655,12
2,220,0,4.138479247914251
3,220,9.063356119335024,6.280452913368965
4,220,9.084559761533894,0.22724878452808456
5,220,10.363357838557274,6.144487586262608
6,220,7.022463950938433,8.457106544363546
7,220,3.879479889412181,11.628215855295947
8,220,11.945355348817284,0.02460903007557917
9,220,11.976687161617008,5.436114822776688
10,220,0.06728547895448603,10.413125161650722
11,220,4.1112603101239955,8.026755830981344
12,220,0.39488122166992445,11.126438829732717
13,220,6.58394389660865,9.862865531401257
14,220,5.36621588428974,8.79105453730043
15,220,8.78313973248947,5.293072772758611
16,220,6.336763032598915,7.3465289781743675
17,220,0,11.456143485535046
18,220,10.00187823451571,5.901320989429269
19,220,7.285152041921093,10.260577475527345
20,220,7.404749969210234,4.534548244728497
21,220,10.053268005681655,12
22,220,0.7468230723964381,5.438603378210752
23,220,4.747620718472143,0
24,220,11.644434470591339,11.61810755025912
25,220,7.885842051272961,11.612405533775219
26,220,8.366791896108444,8.803679609740936
27,220,6.648593146958828,1.0104332532102112
28,220,0,9.263881902857015
29,220,0,11.647548689991792
0,225,0,10.275121583809392
1,225,10.834329377113214,12
2,225,0,4.052642434235115
3,225,9.035778573822176,6.302607890358825
4,225,9.110051057035594,0.23348980505779665
5,225,10.358039806862752,6.158048696601829
6,225,7.026607623851606,8.458159003736444
7,225,3.7316473947733124,11.745916066176258
8,225,11.935376132629475,0.028879976555310192
9,225,11.98077888627146,5.472324520933507
10,225,0.0377784462931087,10.315696472133363
11,225,4.116097582194512,7.943594440898512
12,225,0.17693030159994758,11.174376870661643
13,225,6.5827308580899455,9.897247571190878
14,225,5.369145903331897,8.80022054163063
15,225,8.796603052994953,5.261109952411961
16,225,6.386094955697717,7.17650766272941
17,225,0,11.5216217499244
18,225,10.252970300167178,5.902130739278384
19,225,7.253572264511476,10.192664468798071
20,225,7.376041298827482,4.475968842111124
21,225,10.053614875111563,12
22,225,0.7288489681206973,5.46448002353192
23,225,4.608928189444041,0
24,225,11.62855872975209,11.613552486039115
25,225,7.872187852745413,11.620370057624022
26,225,8.288476117539025,8.859461733674056
27,225,6.6108660549248395,1.008471673895932
28,225,0,9.358301458386157
29,225,0,11.658043999318227
0,230,0,10.236068679910156
1,230,10.874485069131099,12
2,230,0,3.9444102512729557
3,230,9.005320449880534,6.325597755316904
4,230,9.113306958295578,0.22061189642600973
5,230,10.344043633899341,6.193685894938424
6,230,7.0449817584895085,8.46306211461247
7,230,3.572693726202387,11.87386245736289
8,230,11.932110552878594,0.03020830555203127
9,230,11.988774283922842,5.527756205825449
10,230,0.008329231832475827,10.214848734457334
11,230,4.206828870119105,7.949081541864526
12,230,0,11.227038810496786
13,230,6.581016312559134,9.934473165773298
14,230,5.3724710619651335,8.810857004835432
15,230,8.814831405293438,5.218369268694139
16,230,6.42935910270783,7.03167679138796
17,230,0,11.586957497871833
18,230,10.502111194540129,5.902173622454902
19,230,7.222284491302199,10.126574995593309
20,230,7.342873353795759,4.410353448480532
21,230,10.053350212438735,12
22,230,0.7279242619789255,5.4658492392599065
23,230,4.475028087939675,0
24,230,11.610781866620547,11.60879359810245
25,230,7.86850363172463,11.6224354645668
26,230,8.213225317563266,8.91411896587403
27,230,6.575672058739204,1.007341150250447
28,230,0,9.450279535833456
29,230,0,11.665747405527036
0,235,0,10.212511340399363
1,235,10.918398753022002,12
2,235,0,3.824860559146167
3,235,8.982666738311298,6.342593078911888
4,235,9.1166076509863,0.2083306646480823
5,235,10.32855843169058,6.232312443495943
6,235,7.06012869261798,8.46762470729152
7,235,3.39669290145976,12
8,235,11.930272237877737,0.030970232849016885
9,235,12,5.6050219157228645
10,235,0,10.115738682992802
11,235,4.296776988231636,7.9561670748369835
12,235,0,11.276016903899254
13,235,6.579198733521934,9.979199732961074
14,235,5.372883314293106,8.812328806665645
15,235,8.848645164794688,5.140032712557968
16,235,6.4740948108242256,6.878126470459744
17,235,0,11.646422425850737
18,235,10.740151428582259,5.901164308775111
19,235,7.198900835263745,10.075731040997608
20,235,7.311818699166625,4.340953913754798
21,235,10.0480409123789,12
22,235,0.7317811929350775,5.46054284978252
23,235,4.550377170100913,0
24,235,11.587949624999334,11.60296584105402
25,235,7.863534005888389,11.625115928901185
26,235,8.158124868447535,8.95559692316936
27,235,6.553405954995218,1.0064078511680297
28,235,0,9.541582956551357
29,235,0,11.671821763709145
0,240,0,10.187606542738255
1,240,10.958647212479287,12
2,240,0,3.6891859900765827
3,240,8.976688782671982,6.346872361348818
4,240,9.124194485859851,0.1816176239965814
5,240,10.312982632158802,6.272462976038585
6,240,7.059683278445844,8.46749978548649
7,240,3.2065076436115825,12
8,240,11.94524904275135,0.024848454763972887
9,240,12,5.659141118735142
10,240,0,10.003247929170211
11,240,4.403933815785261,7.961281304818001
12,240,0,11.328938894298036
13,240,6.578261738280186,9.998150434804003
14,240,5.3761020920628075,8.825161888896266
15,240,8.88784502527349,5.054391659526905
16,240,6.5241648092462565,6.707853436572428
17,240,0,11.699119314038544
18,240,10.986296569713659,5.9035948924178605
19,240,7.175625285367106,10.023528592456147
20,240,7.280843516184535,4.277209086988665
21,240,10.042665318787932,12
22,240,0.7305605586380586,5.46225271043946
23,240,4.618048010405357,0
24,240,11.591138301616077,11.6037018392909
25,240,7.881520630769074,11.615638443496334
26,240,8.1007019408388,8.998476862402823
27,240,6.504074022117718,1.0043206721794362
28,240,0,9.646352585298695
29,240,0,11.680098450187323
0,245,0,10.166592540400572
1,245,11.003765745300683,12
2,245,0,3.5693941827214393
3,245,8.964164437636288,6.356289931311175
4,245,9.13022887303152,0.15932542100105634
5,245,10.297628888862638,6.310834727917193
6,245,7.049412049729917,8.46456726885365
7,245,3.011661455406797,12
8,245,11.962694853137034,0.01750031816562333
9,245,12,5.723952593216887
10,245,0,9.886519733689083
11,245,4.492424573184911,7.965129416192564
12,245,0,11.379288819602039
13,245,6.577950773898397,10.009622254662474
14,245,5.386714997666137,8.868758357441877
15,245,8.929622265310618,4.960622345389443
16,245,6.575272575178286,6.521430595003585
17,245,0,11.742055967986207
18,245,11.223829996000639,5.908395432904362
19,245,7.15324740510794,9.971343609592264
20,245,7.243736539004343,4.200558301601143
21,245,10.040083667416576,12
22,245,0.7141586440998312,5.483966394759453
23,245,4.688015242980708,0
24,245,11.590533947660807,11.60356997863091
25,245,7.89737158842317,11.607942426594198
26,245,8.063858251113839,9.026539470221467
27,245,6.443528594621045,1.0021231740580152
28,245,0,9.720776806834072
29,245,0,11.688621342486035
0,250,0,10.13107871709272
1,250,11.056113057166739,12
2,250,0,3.47001876172233
3,250,8.943878548556592,6.371285478048571
4,250,9.142019997699416,0.11633017706936213
5,250,10.280774060252975,6.356756884426681
6,250,7.052407205022791,8.465440552646037
7,250,2.80329135967264,12
8,250,12,0
9,250,12,5.782148904517675
10,250,0,9.784796186909606
11,250,4.598509768187682,7.9702401544997326
12,250,0,11.426675650215524
13,250,6.577039887123618,10.030202381678398
14,250,5.396893872134645,8.911633389334773
15,250,8.97475844657032,4.86291220757378
16,250,6.624309479768737,6.345692970609262
17,250,0,11.79900637055718
18,250,11.457554234378835,5.91805581628914
19,250,7.1373389063709345,9.935698235373877
20,250,7.204956119071019,4.124016921180041
21,250,10.035610003947074,12
22,250,0.7016273057341259,5.501074579367338
23,250,4.74825217610558,0
24,250,11.609478392403801,11.607860386980184
25,250,7.908881757531164,11.602462040039311
26,250,8.022796718264482,9.058181629718835
27,250,6.384881385096803,1.0003592649545332
28,250,0,9.811200006255648
29,250,0,11.693088939687504
0,255,0,10.09607228236681
1,255,11.110741884450382,12
2,255,0,3.3646674146331264
3,255,8.9072856616848,6.396999405219614
4,255,9.155179785861868,0.07048371626610966
5,255,10.267728894920644,6.391472474325992
6,255,7.062378072933377,8.468493983322832
7,255,2.597812880501489,12
8,255,12,0
9,255,11.953503310095051,5.788520059890761
10,255,0,9.65364527696131
11,255,4.703592612023429,7.974449459145536
12,255,0,11.473116507012579
13,255,6.576675884917555,10.038533555256203
14,255,5.405091872576133,8.942059699611034
15,255,9.012579108636976,4.777176120266552
16,255,6.6666796458438675,6.172553257078321
17,255,0,11.855403335637115
18,255,11.69047558007831,5.9329647683656255
19,255,7.116511835935959,9.885335617801603
20,255,7.1590569065454215,4.040557101407795
21,255,10.02573862465023,12
22,255,0.6815057252370644,5.528308380755588
23,255,4.80459023383197,0
24,255,11.635304423412755,11.613517797363345
25,255,7.929154474056189,11.592379157135202
26,255,7.9765677293592105,9.093197448291754
27,255,6.307577761743904,0.999382685376516
28,255,0,9.889103621731909
29,255,0,11.699163368609506
0,260,0,10.07297274148126
1,260,11.170584489435857,12
2,260,0,3.248994582118808
3,260,8.860257901922859,6.427965427898784
4,260,9.165680434916256,0.027185821641290416
5,260,10.253717143037047,6.4293695745573665
6,260,7.061822530033792,8.46833359433833
7,260,2.384621346475977,12
8,260,12,0
9,260,11.92556384587708,5.792485153364092
10,260,0,9.509302013941264
11,260,4.822228773877438,7.980225129061898
12,260,0,11.519398692127853
13,260,6.578573304067442,10.014168970227674
14,260,5.418592546238721,8.987631253771628
15,260,9.041490461004702,4.711104388783023
16,260,6.697267251197395,6.0180539833155935
17,260,0,11.909989261943865
18,260,11.92717483243213,5.945332938460886
19,260,7.0963845957688125,9.837844696075171
20,260,7.107319580270483,3.9447407359229545
21,260,10.018793402323341,12
22,260,0.668465279496246,5.546060992928072
23,260,4.872511947962643,0
24,260,11.682158009384253,11.623281628372991
25,260,7.951392704881526,11.582048463618397
26,260,7.929378599500318,9.129722565743565
27,260,6.234611357507496,0.9982218157798837
28,260,0,9.977647797561541
29,260,0,11.70789523194964
0,265,0,10.070536014406668
1,265,11.207744939531006,12
2,265,0,3.127969612252532
3,265,8.821020458273923,6.4559884891524435
4,265,9.179791839668125,0
5,265,10.240018507381226,6.467416627919423
6,265,7.0503753469432375,8.464491371527965
7,265,2.16537454682369,12
8,265,12,0
9,265,11.898486163343348,5.797222640872461
10,265,0,9.340032118723691
11,265,4.935699696404624,7.984981365062403
12,265,0,11.560582794316632
13,265,6.582713082915455,9.96646362901313
14,265,5.437133598788268,9.042362314983627
15,265,9.075054596285318,4.6397830839408
16,265,6.720135750435517,5.878693108961147
17,265,0,11.970611759143079
18,265,12,5.958575916406845
19,265,7.069257022389555,9.777162308224144
20,265,7.053334951878496,3.839743064731244
21,265,10.0103128613516,12
22,265,0.6589896828204418,5.558867192877349
23,265,4.944154112060344,0
24,265,11.741715975390463,11.634642922072269
25,265,7.9549656749330975,11.580480103417152
26,265,7.860934082669919,9.183936940662422
27,265,6.155792380277025,0.9962265649718206
28,265,0,10.072046175550977
29,265,0,11.71590705683279
0,270,0.003226496529907528,10.077951411199775
1,270,11.252123863907281,12
2,270,0,2.993157245367867
3,270,8.784745551675112,6.480435144424532
4,270,9.193424165392551,0
5,270,10.222916002975262,6.5141891705298995
6,270,7.040464062781146,8.46110743591389
7,270,1.9412830209065532,12
8,270,12,0
9,270,11.861785548768049,5.8039199104848
10,270,0,9.165705208356586
11,270,5.040280662527869,7.987830426163915
12,270,0,11.59721095485133
13,270,6.586479427708406,9.919034819694467
14,270,5.454403273192678,9.091433797032462
15,270,9.107184305917917,4.565890691915541
16,270,6.743878993130785,5.742546355516107
17,270,0,12
18,270,12,5.970427036464103
19,270,7.054295919356211,9.743265979711941
20,270,6.985977160773131,3.716666237494186
21,270,10.002476084375875,12
22,270,0.6466020160340504,5.575027070657504
23,270,4.9987208273235,0
24,270,11.798461620541348,11.645609650703948
25,270,7.960935197926023,11.57794945378044
26,270,7.802408071719079,9.227919586477954
27,270,6.0692940907596205,0.9937652791529406
28,270,0,10.166708204079805
29,270,0,11.725679591103997
0,275,0,10.042450041730072
1,275,11.30599117245827,12
2,275,0,2.852113656193537
3,275,8.739434623433063,6.511720348310146
4,275,9.212459410713114,0
5,275,10.205738118847266,6.560265559333824
6,275,7.036037692812284,8.459641468121474
7,275,1.7178680067738692,12
8,275,12,0
9,275,11.825481241173055,5.810282901459845
10,275,0,8.989341568272337
11,275,5.117571847411442,7.989691602035009
12,275,0,11.635802850239774
13,275,6.591593814542847,9.860614775607408
14,275,5.42481579527729,9.1026516535369
15,275,9.136295454164987,4.500406346296777
16,275,6.769343031093676,5.592999151955337
17,275,0,12
18,275,12,5.981304051884448
19,275,7.04365831091082,9.717422219055509
20,275,6.908432535166593,3.573517580242758
21,275,9.994832557388262,12
22,275,0.6700445699640849,5.593089772426744
23,275,5.03545975695048,0
24,275,11.871635474111482,11.659244107016345
25,275,7.962269449455467,11.577393686601184
26,275,7.7307977736899,9.280291634993045
27,275,5.989434036117444,0.9904854239736293
28,275,0,10.252578628383077
29,275,0,11.732021260447025
0,280,0,10.005915797405146
1,280,11.374557221013275,12
2,280,0,2.715334116985498
3,280,8.6936378549491,6.543924198792011
4,280,9.231264858648835,0
5,280,10.18698661439298,6.606733518133254
6,280,7.044416921021762,8.46220157865609
7,280,1.4958784302259789,12
8,280,12,0
9,280,11.77388780369997,5.81931459749531
10,280,0,8.811110673448297
11,280,5.212812600310003,7.994292413539101
12,280,0,11.680325629481322
13,280,6.595520612646783,9.801285991684468
14,280,5.3901341283765145,9.11581803520529
15,280,9.169821169842868,4.419355548811878
16,280,6.800439529791755,5.42485457081614
17,280,0,12
18,280,12,5.990457518334288
19,280,7.047381443058169,9.725741759503151
20,280,6.834252595647814,3.4362154634416817
21,280,9.98553236446199,12
22,280,0.6899074096617094,5.6082499780407495
23,280,5.086578889387871,0
24,280,11.957074440134647,11.673573051418769
25,280,7.946800344891506,11.583702127012833
26,280,7.653559023129996,9.334459011476248
27,280,5.912953330778055,0.9869071497548885
28,280,0,10.326331924066483
29,280,0,11.739569802365908
0,285,0,9.95578525219211
1,285,11.435290975375567,12
2,285,0,2.5936016828617996
3,285,8.622149304908865,6.594058833348204
4,285,9.248159281761676,0
5,285,10.160995761679635,6.6679754607329444
6,285,7.040823233618504,8.461053023074593
7,285,1.298677602610848,12
8,285,12,0
9,285,11.697547766385673,5.833358897076664
10,285,0,8.646827704827421
11,285,5.304978502711943,7.9983772102585515
12,285,0,11.720289754261605
13,285,6.600378768185447,9.716956481558753
14,285,5.367559633517448,9.124250308715274
15,285,9.206064640481607,4.3288329640597025
16,285,6.8286377467820865,5.257826688783563
17,285,0,12
18,285,12,6.002361383856124
19,285,7.0446881801106525,9.719923469197
20,285,6.763854091509861,3.299733690436819
21,285,9.980820543633664,12
22,285,0.6974529068956457,5.614074865820902
23,285,5.1464968355213685,0
24,285,12,11.688391374977137
25,285,7.944884723794625,11.584554881617562
26,285,7.578698898520011,9.387460716275761
27,285,5.845321229027001,0.982969422069884
28,285,0,10.383028262854664
29,285,0,11.746912467957
0,290,0,9.893921504549306
1,290,11.49367407298762,12
2,290,0,2.4593755406057904
3,290,8.557701784149756,6.637711015250643
4,290,9.26212979947458,0
5,290,10.129042165137944,6.744725547689338
6,290,7.033627736204811,8.458722351380127
7,290,1.1080947889474466,12
8,290,12,0
9,290,11.632288490539441,5.84547542100443
10,290,0,8.48281802979251
11,290,5.400676574878511,8.00419536642862
12,290,0,11.758415049964773
13,290,6.603006651495043,9.638203919582002
14,290,5.367656064274029,9.12421203229259
15,290,9.24396691119986,4.232428313287776
16,290,6.854864128016569,5.100031305618973
17,290,0,12
18,290,12,6.021884289316949
19,290,7.039219966410624,9.707633763614362
20,290,6.686391222868455,3.1466701288280334
21,290,9.973544583276254,12
22,290,0.7091576399472076,5.622666405938092
23,290,5.210338698731373,0
24,290,12,11.70294933861105
25,290,7.9520714144050135,11.581579029007418
26,290,7.4940014475173795,9.447594503276369
27,290,5.762950963513159,0.9760376022152475
28,290,0,10.437993035915795
29,290,0,11.752578944791747
0,295,0,9.832618427085118
1,295,11.545272511491875,12
2,295,0,2.3146156333152366
3,295,8.471994635284998,6.695573301646408
4,295,9.324912588469477,0.01669355013577475
5,295,10.094340287667514,6.830541481977183
6,295,7.0182455561704895,8.454047865992202
7,295,0.8990590392669303,12
8,295,12,0
9,295,11.567320127490639,5.858158963334646
10,295,0,8.328304542257683
11,295,5.477659435519072,8.009096219870653
12,295,0,11.787762745591069
13,295,6.607195422515099,9.554045496365964
14,295,5.36692637942821,9.124527352104504
15,295,9.276645548994273,4.151805308410195
16,295,6.874793892581755,4.962631904986234
17,295,0,12
18,295,12,6.043925270951526
19,295,7.029053927458571,9.68752549848072
20,295,6.6121390998840095,2.9964001136403406
21,295,9.963458006084645,12
22,295,0.7237357184871931,5.633477078370024
23,295,5.253687786817886,0
24,295,12,11.71079247094488
25,295,7.966534485144556,11.575517603372766
26,295,7.419130126027133,9.502708444476157
27,295,5.665014423546833,0.9693603198654297
28,295,0,10.524149497069262
29,295,0,11.75569252595474
