id,time,x,y
0,0,5.057322312994016,10.031718091629001
1,0,0,3.9826962283419913
2,0,7.06814523315692,9.035829105137603
3,0,6.9807609337128715,4.06900830907026
4,0,8.050757730109416,4.005015419156745
5,0,4.034002883794105,2.0649656874554823
6,0,9.060204598399366,3.9955748716878197
7,0,11.960551518064076,0.032959137627906636
8,0,0,1.0330166323257253
9,0,11.931459289254414,9.046117582541134
10,0,8.954277385437486,0.9694972646950831
11,0,6.95163057040979,5.995664496283251
12,0,6.983432381288721,7.94599070044512
13,0,5.952905970148898,1.9929293982446088
14,0,11.0049261693464,9.027768126646139
15,0,2.9276113577551612,5.0334506674872
16,0,8.974273767317467,10.077154130396558
17,0,0.9722109781967532,5.0692216507311265
18,0,4.946510889989582,6.958715081973045
19,0,2.947271415672601,6.986233948479754
20,0,11.065209499864713,4.049508900597053
21,0,7.0307302532337905,2.023130201253333
22,0,6.957272831201765,9.000542467191433
23,0,6.023692357833976,7.024317428314877
24,0,12,10.997596929876664
25,0,11.971668169516175,3.9667456661537925
26,0,9.953146797300102,11.981299124993233
27,0,9.04465834255345,1.9905218046368685
28,0,7.0241488242163195,2.941040385753284
29,0,3.966691324964205,0.0013075551665990262
0,5,5.10721244547673,10.059471382909521
1,5,0,3.972538890281325
2,5,7.13498297545635,9.070374692631383
3,5,6.961799147139629,4.140714295280489
4,5,8.085682443843224,4.008182984090448
5,5,4.079462585685382,2.15022691033587
6,5,9.114386754826835,3.991814773235932
7,5,11.906048013928954,0.07843733551247586
8,5,0,1.06762510356158
9,5,11.874993205283827,9.085573766633939
10,5,8.908861074931202,0.9385267883291005
11,5,6.896272916465701,5.992158346982411
12,5,6.965106250427017,7.887756949069955
13,5,5.900417942917518,1.9847608768429033
14,5,11.004605547239269,9.025851074310188
15,5,2.8509005882226837,5.068943258803151
16,5,8.943411317496135,10.168068619590388
17,5,0.9446850401140787,5.134892542936519
18,5,4.897248926976525,6.921806855642967
19,5,2.8843145489925095,6.969838278272295
20,5,11.137068944542062,4.104907037844031
21,5,7.056367449781778,2.041865378494663
22,5,6.922166338631825,9.000997119307057
23,5,6.065183610535128,7.06618475549827
24,5,12,10.99363858724969
25,5,11.944319236077883,3.933264962901702
26,5,9.91501989962715,11.967445155869996
27,5,9.09398145280679,1.9811851428589564
28,5,7.046168260213797,2.8846744206067583
29,5,3.9213111124793985,0.002716857192213329
0,10,5.162584792155169,10.08992072543259
1,10,0,3.9653480516314628
2,10,7.223143155255496,9.115443396821856
3,10,6.944293345565059,4.215413801818181
4,10,8.105588182144556,4.0094562947818755
5,10,4.122598415788147,2.2331925501174013
6,10,9.155177556577199,3.9892140441962343
7,10,11.849178769619359,0.12720027854020358
8,10,0,1.106478948867589
9,10,11.825773546910929,9.122060262570198
10,10,8.841539384139333,0.891124870346003
11,10,6.8486076614427445,5.989298399694064
12,10,6.950213831935283,7.844143465826319
13,10,5.863282577933815,1.9787929784257856
14,10,11.002536189649883,9.01250646994556
15,10,2.758494252570744,5.113232864669237
16,10,8.908039477974379,10.26945355005401
17,10,0.9074438212349039,5.229483384231616
18,10,4.850585488881437,6.885111180697624
19,10,2.8167364723904376,6.953623128159534
20,10,11.205497591932854,4.1573982600524
21,10,7.087252889584278,2.063801456473222
22,10,6.856104358688631,9.00176768283471
23,10,6.114896583992489,7.115709593467342
24,10,12,10.990250943676354
25,10,11.916240427351525,3.897240436169508
26,10,9.894084466576333,11.959914709607794
27,10,9.12730384429859,1.974417266223941
28,10,7.0689454871770545,2.831343052832279
29,10,3.9111468929973694,0.0029467146415948896
0,15,5.211990663123868,10.117955510569194
1,15,0,3.945093462003294
2,15,7.287926690169416,9.148221221729795
3,15,6.927592846116735,4.291484522464896
4,15,8.11316500952626,4.009986982114708
5,15,4.166656088557344,2.3121105283014565
6,15,9.185962930413872,3.9877551137310334
7,15,11.802241804677443,0.16420602191068026
8,15,0,1.149272304222529
9,15,11.771216866755339,9.163839840976184
10,15,8.758948256248583,0.832754187256248
11,15,6.808059514346363,5.986597948914707
12,15,6.93375878875153,7.791925474292989
13,15,5.837604837854597,1.974129163336807
14,15,10.998610245292046,8.988202313037501
15,15,2.665266498985967,5.159180385395415
16,15,8.875928917579154,10.372387320857314
17,15,0.8750616732429387,5.309158679204733
18,15,4.814077519789523,6.857014393207893
19,15,2.7442867354693083,6.9369124887195595
20,15,11.27373526190477,4.208065235836695
21,15,7.10958376890424,2.080915055196611
22,15,6.808657955307396,9.002807278451245
23,15,6.17055528581787,7.173538123309113
24,15,12,10.988637389959973
25,15,11.890272561679602,3.8645323205695195
26,15,9.880062808828589,11.955153419362944
27,15,9.146101246336919,1.9710553448046233
28,15,7.087391313544657,2.7839233191007775
29,15,3.8940472109218005,0.0038505421832206142
0,20,5.254624708460276,10.141931547122638
1,20,0,3.925088346115878
2,20,7.352577038099655,9.180451486039853
3,20,6.911782331488224,4.3643409016155275
4,20,8.118191518418232,4.0103940265057405
5,20,4.2187389348192585,2.4041640849105455
6,20,9.228320099146295,3.9854548456831678
7,20,11.744103911076117,0.20896042253877678
8,20,0,1.1860379760149284
9,20,11.706613523295562,9.213473771547369
10,20,8.695896646068611,0.7868290612950373
11,20,6.777023570429931,5.985113061230179
12,20,6.916550331908393,7.736177712215852
13,20,5.826803591139068,1.972414176262149
14,20,10.99379800834948,8.96375129148056
15,20,2.5879079637693145,5.197824672409827
16,20,8.835651157364035,10.484446321135186
17,20,0.8426200030565486,5.385746669217014
18,20,4.781936091111121,6.832795395308192
19,20,2.679617829573647,6.9216082729400865
20,20,11.354985410506863,4.271813545130711
21,20,7.140539794561826,2.105142189915256
22,20,6.7821463311712185,9.00341346294516
23,20,6.241487483384589,7.24454212421693
24,20,12,10.985678885767756
25,20,11.861290041171051,3.8289693061959573
26,20,9.858085635799291,11.94809909237375
27,20,9.172435602113778,1.9663789962312692
28,20,7.103720841001903,2.7411342918649964
29,20,3.880766279550709,0.004944946009305847
0,25,5.290566347841129,10.162144068464462
1,25,0,3.901233673897946
2,25,7.415880881274427,9.212443753758494
3,25,6.896447093199834,4.4333734632860855
4,25,8.134073826049637,4.011029455318848
5,25,4.277469847234665,2.5097148423502755
6,25,9.27725085251537,3.9832008216068866
7,25,11.686458621097886,0.2531912619043541
8,25,0,1.2105101148758715
9,25,11.635326896949099,9.269822548361306
10,25,8.620312780698706,0.7333091203282333
11,25,6.753016500737668,5.983662233332516
12,25,6.890105262099489,7.6548709268580435
13,25,5.841553586531677,1.9751323083346968
14,25,10.982588757207541,8.911743726940575
15,25,2.5207447984361213,5.2301078910376235
16,25,8.79230985756011,10.59813038268091
17,25,0.8101631731182749,5.46516445421038
18,25,4.756316936233879,6.813075819498066
19,25,2.5886842426418,6.900061673642893
20,25,11.43354153045833,4.3351335392677175
21,25,7.173124031902859,2.13182152392754
22,25,6.764195967072726,9.004287107299545
23,25,6.295463632505327,7.299216499094567
24,25,12,10.98077050495368
25,25,11.821752891648922,3.775457316126022
26,25,9.830992333157411,11.939884399027255
27,25,9.187503776272631,1.9634308900106925
28,25,7.126351202811414,2.6782401770477144
29,25,3.8775026940229087,0.005210228152463716
0,30,5.316041599724437,10.176991864654385
1,30,0,3.879623748274981
2,30,7.476425848146064,9.241057107629596
3,30,6.885031744892029,4.49058739195124
4,30,8.141137889364131,4.01139243318579
5,30,4.325385252092644,2.598301938587806
6,30,9.310358925027069,3.9811685821389062
7,30,11.630081911980625,0.2956038252526106
8,30,0,1.2297785668818926
9,30,11.549682359264008,9.33789293638735
10,30,8.523405370845039,0.6627894205712621
11,30,6.719075470144101,5.981459225798138
12,30,6.868370888386784,7.582117264566066
13,30,5.839931964215142,1.9748392962033274
14,30,10.968444937943426,8.850400060076275
15,30,2.448811941641769,5.26409830140634
16,30,8.75552798521734,10.695669307643572
17,30,0.7765130565819308,5.551478180834628
18,30,4.715917133549054,6.782692821277615
19,30,2.5182753294552493,6.883424653546807
20,30,11.505566239152184,4.395535254231992
21,30,7.196113565167828,2.1500359045450232
22,30,6.730761238241558,9.00518522673982
23,30,6.369232173739107,7.3721494317973795
24,30,12,10.974943762348923
25,30,11.791483316931052,3.7332796029793993
26,30,9.805480291331174,11.932916876640043
27,30,9.194548186995835,1.9618658643709956
28,30,7.148734481213157,2.6179812684284802
29,30,3.8731150362159155,0.005537502864120482
0,35,5.338017851036933,10.190991538618224
1,35,0,3.8496844403060657
2,35,7.521066595283251,9.262849152996406
3,35,6.872649657297097,4.561867518114528
4,35,8.168096591313034,4.013466982038351
5,35,4.369885278402153,2.6864459140129364
6,35,9.342009025385584,3.9780996097039956
7,35,11.58126098602516,0.3292952170593556
8,35,0,1.251163466802795
9,35,11.459434475430026,9.411973075799498
10,35,8.4440473234175,0.604228316619535
11,35,6.679373298690794,5.978067364208505
12,35,6.845552951241711,7.503158045822666
13,35,5.817854012729163,1.970554307828355
14,35,10.950206470236443,8.778130617669358
15,35,2.3894979292926224,5.293788258600757
16,35,8.71485437007689,10.801543557267884
17,35,0.7392457415560543,5.643408307282697
18,35,4.674485718346582,6.752793143858508
19,35,2.4339522249061587,6.861739720034756
20,35,11.582264968918762,4.459095994373385
21,35,7.232996172186152,2.1770805892446514
22,35,6.687394831010768,9.00738767361511
23,35,6.437054878689252,7.4399244976032906
24,35,12,10.970362970371927
25,35,11.772122662372766,3.706996517137249
26,35,9.793930952545931,11.929829628030106
27,35,9.194127055553844,1.960038394922264
28,35,7.175159426311026,2.546492028226865
29,35,3.8690042836714937,0.005828781521255709
0,40,5.381699145202482,10.219591805957085
1,40,0,3.8241033195644456
2,40,7.557342053377207,9.279831903889123
3,40,6.857775763390472,4.64123843631905
4,40,8.166076688205354,4.013293859477807
5,40,4.421723660524563,2.785453740608738
6,40,9.376074425800347,3.975376753821218
7,40,11.535538210858185,0.3604279623907078
8,40,0,1.2655864599364384
9,40,11.36394045368336,9.484948512875595
10,40,8.395663334051509,0.5677879653084618
11,40,6.6243317541526565,5.9738620534377445
12,40,6.819908920865118,7.423805140165471
13,40,5.800340810084869,1.9677242813032232
14,40,10.931342252686235,8.708260290451419
15,40,2.3445568230275478,5.317959823800452
16,40,8.679530723935809,10.905221501559051
17,40,0.7028234688742431,5.736595888843165
18,40,4.626290694144626,6.717388553611512
19,40,2.3291322707086413,6.831772784978734
20,40,11.662023801591522,4.520573476683536
21,40,7.270287379962333,2.2043659123084995
22,40,6.640272780382958,9.010502932686332
23,40,6.492560852093451,7.500462087160319
24,40,12,10.967845319784267
25,40,11.754598908435044,3.683365709625112
26,40,9.783038786639668,11.926821908997406
27,40,9.193996753888207,1.9594913109052001
28,40,7.194739754827941,2.4932139452627697
29,40,3.835830399337231,0.007962073527095874
0,45,5.429985446473783,10.250275200765929
1,45,0,3.7979647331592328
2,45,7.613919795357879,9.305911979036225
3,45,6.8442246546983005,4.711899544066428
4,45,8.159575560660798,4.012653750237213
5,45,4.4584319293413195,2.862406675329535
6,45,9.386617945332373,3.974624970081687
7,45,11.499304758817303,0.38480790765927797
8,45,0,1.2681643064751251
9,45,11.25575356594549,9.563114935850557
10,45,8.348916449688291,0.5317349036258174
11,45,6.540471514159772,5.969045074476835
12,45,6.789494129438542,7.322013089072847
13,45,5.807397175477342,1.968931638671089
14,45,10.913740972096269,8.639336503305582
15,45,2.307926639268185,5.337647558573741
16,45,8.65053669899124,10.994681778629262
17,45,0.6553133336612483,5.85127784340309
18,45,4.584140202512181,6.686267137415486
19,45,2.298736653174039,6.938572227971517
20,45,11.752418720374072,4.590056202517651
21,45,7.31236509671793,2.2369246617287875
22,45,6.620876444103542,9.012075245068592
23,45,6.539032047722614,7.550024176798436
24,45,12,10.965710369974316
25,45,11.727821528663972,3.645704912430522
26,45,9.781141229351013,11.92631648628127
27,45,9.195665373145058,1.967136729988024
28,45,7.219883314209132,2.4221626601720434
29,45,3.801612004623358,0.010530523671577217
0,50,5.460233317969159,10.268973808235216
1,50,0,3.7808450204910353
2,50,7.656845193205339,9.325051917987796
3,50,6.829678918555967,4.783557524532287
4,50,8.143142553351273,4.010848386919783
5,50,4.493634241429851,2.935595996241405
6,50,9.417670339917647,3.9729416991390503
7,50,11.46115021715962,0.41090140305988115
8,50,0,1.2685824149456768
9,50,11.12999363627622,9.656558743995058
10,50,8.318319072148755,0.5084414904556311
11,50,6.4558050951841235,5.963723802274361
12,50,6.756683856747573,7.208085410884853
13,50,5.830751696168431,1.9735483169102803
14,50,10.895651255380102,8.561320053577065
15,50,2.284992007794609,5.350070760606888
16,50,8.628913667498884,11.06250140785863
17,50,0.6108642939903285,5.965063068922748
18,50,4.543936415059553,6.6571708540673695
19,50,2.2655929566692463,7.0540215697442825
20,50,11.837390995169331,4.657598170375598
21,50,7.3508485253785985,2.2674985289555836
22,50,6.6071133108394156,9.013366230281404
23,50,6.587344012684902,7.6002697906171415
24,50,12,10.961585115199346
25,50,11.694124277641562,3.5973879959173733
26,50,9.773560535653205,11.924376253738211
27,50,9.195822371625917,1.9678282831733258
28,50,7.238833567764623,2.3648005170026263
29,50,3.7483431091668957,0.014771030164003829
0,55,5.504234893059082,10.296475599564626
1,55,0,3.7741184970609316
2,55,7.668269596059829,9.329909809968909
3,55,6.814766232339986,4.85074904014847
4,55,8.149184394935205,4.011488642252722
5,55,4.52954353137745,3.011711938815921
6,55,9.458146118357636,3.9705744965917114
7,55,11.418519355141386,0.43968564643417124
8,55,0,1.2732213653898643
9,55,11.009877377666655,9.746727082760984
10,55,8.29580692270161,0.4920934165204217
11,55,6.36892291055042,5.957995663633824
12,55,6.724385981528816,7.094838311256968
13,55,5.826165335149962,1.9986225492267666
14,55,10.873679376634977,8.460801462686131
15,55,2.2599691212854918,5.362988017055156
16,55,8.609609102246758,11.124277243002522
17,55,0.5714936830929526,6.06941332334868
18,55,4.5084992647577025,6.63015755441996
19,55,2.2339396302298384,7.16440264115753
20,55,11.921578059290542,4.725066081314104
21,55,7.3947022643462095,2.3038989033383217
22,55,6.589441581357682,9.014790103359331
23,55,6.6346687343831645,7.6516944604116865
24,55,12,10.955808682510812
25,55,11.66415696909481,3.5552627769908307
26,55,9.786091176636983,11.927348806277399
27,55,9.195651129047496,1.9671404935709438
28,55,7.254885732795682,2.3166897023275794
29,55,3.6885881612116713,0.023085470831945135
0,60,5.559837221760505,10.33314202010186
1,60,0,3.7571521732800193
2,60,7.687487738836664,9.338107821582717
3,60,6.735958870327354,4.832762576633122
4,60,8.150961382937023,4.011693502833076
5,60,4.57013231867497,3.0961771581540734
6,60,9.499632040324677,3.967139211520441
7,60,11.36992681767526,0.4728551292476082
8,60,0,1.2811173543280507
9,60,10.90458517703002,9.821725385992083
10,60,8.277760130548206,0.479955716795321
11,60,6.256815818721535,5.948995570416492
12,60,6.6960534451261475,6.988442575230804
13,60,5.819606953216723,2.0387215288021157
14,60,10.849200834647359,8.34787145784923
15,60,2.2534978096674414,5.366213337443299
16,60,8.597533161368696,11.169539045188085
17,60,0.5252019812073769,6.186245636496398
18,60,4.467634678825196,6.597768034554875
19,60,2.2013570248462226,7.270642218328745
20,60,12,4.7886855371977735
21,60,7.434106930409276,2.3366656600106226
22,60,6.561872476943096,9.018275731763161
23,60,6.678830334073776,7.701014654936997
24,60,12,10.948584429469502
25,60,11.643225816187053,3.5270084114408213
26,60,9.805386776231977,11.932483495569462
27,60,9.1950940629978,1.964807009321746
28,60,7.273324852964863,2.262100044120528
29,60,3.6366020359577607,0.03005975848700495
0,65,5.607622065427345,10.365740158098827
1,65,0,3.7461655441057804
2,65,7.717527368929342,9.350904359618498
3,65,6.660466660759185,4.814528398273914
4,65,8.1652188505528,4.013053621166463
5,65,4.617142665075189,3.1934243449769824
6,65,9.536305221239799,3.9632229429253227
7,65,11.319468222004236,0.5065047040053985
8,65,0,1.2879764005020724
9,65,10.795830233305171,9.90046077774525
10,65,8.254047138243756,0.4635869994236639
11,65,6.16645394993205,5.9423949960222044
12,65,6.6672846233188805,6.8820036815229155
13,65,5.814776792008187,2.068433690012021
14,65,10.820780683618274,8.216898007657782
15,65,2.2644925508776,5.360721390144112
16,65,8.57851613370563,11.23576616668301
17,65,0.4867236435586334,6.290191697450032
18,65,4.428361133346721,6.5657103900858065
19,65,2.1653410118069063,7.380430249081971
20,65,12,4.84666676454864
21,65,7.471251357346657,2.3667682933033745
22,65,6.530267761046866,9.021279675739192
23,65,6.7254843726371565,7.753396016445831
24,65,12,10.942224291951812
25,65,11.60968903787351,3.4811001100301193
26,65,9.829869567242874,11.938669554312437
27,65,9.196093933604482,1.9645360953791582
28,65,7.288471993718514,2.2120212042826903
29,65,3.6052597268919073,0.034226351548810936
0,70,5.653012260045719,10.397880435662136
1,70,0,3.7413027251201174
2,70,7.742725794311539,9.360768293987771
3,70,6.585495529484661,4.797705052895426
4,70,8.15422404560834,4.012055263595213
5,70,4.6508627507200835,3.2712843461171994
6,70,9.55465774643378,3.9616063931127132
7,70,11.27802686259132,0.5350360722553051
8,70,0,1.3006490705664486
9,70,10.709011958499275,9.96148513265305
10,70,8.234273674277958,0.4503793482635099
11,70,6.0772832670759325,5.935733145210051
12,70,6.641823101489688,6.784160356824233
13,70,5.808895019140113,2.105966340133718
14,70,10.963645982118985,8.188580862635112
15,70,2.2581006264080723,5.347971040737955
16,70,8.55394648999772,11.31797320474584
17,70,0.4418070103847722,6.40909219501925
18,70,4.403748352966993,6.544562197027883
19,70,2.1338429516317845,7.481761531754199
20,70,12,4.90093363826966
21,70,7.506691230335737,2.395954217484536
22,70,6.498626672356124,9.02465521551319
23,70,6.787718169852905,7.826889825627527
24,70,12,10.937530495596432
25,70,11.575189790978925,3.437167942141688
26,70,9.848646721296547,11.944026080579226
27,70,9.203630394923598,1.9625580919021044
28,70,7.305464094167698,2.1560445015649377
29,70,3.595501433752389,0.035442303256615355
0,75,5.692261654715837,10.426831652566127
1,75,0,3.738126514513574
2,75,7.7725266868494165,9.372976752621659
3,75,6.521830906069508,4.7825271277534585
4,75,8.132717425586508,4.010100928861573
5,75,4.686928445147537,3.3563313967546553
6,75,9.5744546047065,3.959335434851767
7,75,11.302532779085697,0.5706395676156303
8,75,0,1.3115354861210813
9,75,10.646484205587509,10.004959210224808
10,75,8.21423810286534,0.43766284638032776
11,75,5.99916220844385,5.931724093302081
12,75,6.6151672917230275,6.687518414627619
13,75,5.805122162105328,2.1314003544038846
14,75,11.089783011878732,8.165274248965783
15,75,2.247862600418386,5.328135751766186
16,75,8.528810218830149,11.402953750816659
17,75,0.394651236703088,6.537730518510746
18,75,4.373724501202449,6.517540750939391
19,75,2.0982728962545325,7.607859092504005
20,75,12,4.9682609856362285
21,75,7.53625765556284,2.419117789465903
22,75,6.478890195212976,9.026335061608084
23,75,6.857201926469341,7.9052879931255156
24,75,12,10.932358920602667
25,75,11.552144933572734,3.408307286677259
26,75,9.839179808866227,11.941630719010202
27,75,9.229862455421701,1.9561713159341187
28,75,7.315951200974158,2.1149965709674756
29,75,3.5979790946002184,0.03510108813119062
0,80,5.732137851088209,10.456615194929334
1,80,0,3.736673529303571
2,80,7.829261590112747,9.39525467980544
3,80,6.4520997810646925,4.766826658403692
4,80,8.102046654090756,4.006594976348914
5,80,4.71218864996656,3.415519720095579
6,80,9.61885358356562,3.955184924634331
7,80,11.338090345103197,0.6254282497759575
8,80,0,1.3183457016732787
9,80,10.571154836899916,10.059118277918756
10,80,8.192677286162905,0.4242973518156894
11,80,5.895275758294714,5.925412660632317
12,80,6.592817775945719,6.606646322678358
13,80,5.803212928716015,2.1443038863288812
14,80,11.207764976937057,8.144242123265602
15,80,2.241382887999143,5.315575295094146
16,80,8.496783897287559,11.504637524475381
17,80,0.34615060981541573,6.666420525361824
18,80,4.35468788139382,6.50126921387493
19,80,2.0648492785212498,7.735294253190172
20,80,12,5.044525006152217
21,80,7.572189686836246,2.4462044171912707
22,80,6.463797300959247,9.027637615056374
23,80,6.911578212806518,7.964085915450664
24,80,12,10.924668605790188
25,80,11.532621355501858,3.3835375798727942
26,80,9.82512818073116,11.938229072899526
27,80,9.261775285093279,1.9484114882697297
28,80,7.321832276721656,2.0901705838782685
29,80,3.597657569314916,0.03513888438132765
0,85,5.710799185935356,10.484393655652564
1,85,0,3.7337361117477994
2,85,7.893078507391542,9.419863954109111
3,85,6.382434454164671,4.752938789298373
4,85,8.067411036408476,4.001997951411377
5,85,4.743475518341904,3.4841947266569187
6,85,9.672341141261672,3.9506380305850617
7,85,11.367910173415195,0.6741711200775691
8,85,0,1.3224539587217867
9,85,10.49038865514946,10.119022186901802
10,85,8.187767212024378,0.4212818281325184
11,85,5.79080750804716,5.918985972899357
12,85,6.566489068020705,6.51233649329708
13,85,5.798727345136982,2.173590882105064
14,85,11.338314593056305,8.120348011628728
15,85,2.2381895334999173,5.309157986041352
16,85,8.465056090579015,11.608441768694872
17,85,0.4880102430723348,6.721097996217669
18,85,4.339501075294391,6.487886260824142
19,85,2.0251156694908663,7.875037472144298
20,85,12,5.114602473550148
21,85,7.601113387518129,2.468655434864964
22,85,6.459806233498983,9.027906924191136
23,85,6.950111697647981,8.008121767675616
24,85,12,10.915447716940292
25,85,11.515085159295246,3.3619135223474856
26,85,9.796128362250565,11.931075102152034
27,85,9.282331836354361,1.9437542186436128
28,85,7.32025167638292,2.098056923735355
29,85,3.614502586395618,0.03320573367931891
0,90,5.676256933863101,10.530690544224006
1,90,0.012410749997768707,3.738963181349256
2,90,7.868352437568396,9.48365077749329
3,90,6.329148776763256,4.743456155584065
4,90,8.016023154067105,3.9951341204843547
5,90,4.77993269866828,3.5616398188048595
6,90,9.719277188892187,3.947283897321307
7,90,11.395030383030747,0.7179390504634987
8,90,0,1.3384644923634232
9,90,10.42437411836386,10.165196491929112
10,90,8.17670011138196,0.4147543355290219
11,90,5.687667620866713,5.911409989903634
12,90,6.536181381507919,6.4099448756440935
13,90,5.7970432119902116,2.185333714356376
14,90,11.454350476752206,8.099632252276159
15,90,2.233436989474565,5.299868062725028
16,90,8.435644093648033,11.710206823905787
17,90,0.6335397776237189,6.7763694096534115
18,90,4.312217524227402,6.463275326319438
19,90,1.9886336117078725,7.9972274753836095
20,90,12,5.179090536920161
21,90,7.626087169765838,2.4880450983077744
22,90,6.456125417298106,9.028111606690564
23,90,6.981206106628875,8.04612020020916
24,90,12,10.904456847601834
25,90,11.526874313674117,3.3523976999006946
26,90,9.746301524093262,11.92025227938271
27,90,9.31494847140397,1.9358076225866099
28,90,7.32388479693887,2.07887875662753
29,90,3.6268288248917036,0.03151852082790807
0,95,5.6250170557803365,10.59687694552809
1,95,0.02951376504724538,3.7466746267301665
2,95,7.846134989034104,9.534344934067482
3,95,6.286334112262214,4.735706373171704
4,95,7.961411849507924,3.987219171190836
5,95,4.820727660177787,3.6520341948370776
6,95,9.764353926011369,3.944035660813488
7,95,11.417198269281212,0.7573663329610142
8,95,0,1.3558900524849133
9,95,10.356679858237863,10.211008699077137
10,95,8.156506603780864,0.4035990627087041
11,95,5.5742492383620466,5.90504893233666
12,95,6.509585003302034,6.319494041648501
13,95,5.795621551408948,2.194770710673412
14,95,11.575778168312633,8.078928744724937
15,95,2.227831144354528,5.289452140505511
16,95,8.4053124758238,11.825440153885207
17,95,0.7698587527881815,6.8283260690098135
18,95,4.297757867264444,6.450100773104598
19,95,1.955775182469129,8.104239957934658
20,95,12,5.2427823443956365
21,95,7.652386867147003,2.5087450434542755
22,95,6.478744931796911,9.027293800135334
23,95,7.002858350484143,8.071799739667368
24,95,12,10.894587560618907
25,95,11.53563323485645,3.345230963086769
26,95,9.702074771991363,11.911091182502442
27,95,9.341511082141825,1.9291597853768583
28,95,7.331203399228885,2.0418561285773293
29,95,3.639198241308037,0.030092960549248347
0,100,5.563443505516238,10.679096927181407
1,100,0.05024837394222022,3.756386959664875
2,100,7.8336990663825565,9.560185955151665
3,100,6.261144163399549,4.7310954200154365
4,100,7.891824382283221,3.977370638836501
5,100,4.858037401037601,3.7339437658174113
6,100,9.81516960790121,3.940026778559231
7,100,11.439944173295789,0.8026075491031863
8,100,0,1.3687162603377616
9,100,10.271674037048678,10.269607637724775
10,100,8.132760246398714,0.38978031632694937
11,100,5.450853489378189,5.89974233459992
12,100,6.481201934755332,6.222578323870895
13,100,5.79234156528569,2.2141830251646244
14,100,11.68194622502206,8.062210708767493
15,100,2.2200239496253102,5.27502378960019
16,100,8.375106879619667,11.941901278380728
17,100,0.9061558214574773,6.880234535722738
18,100,4.263595335904981,6.420110477200073
19,100,1.9234177729661168,8.20697444189788
20,100,12,5.3026461961935025
21,100,7.697488852486637,2.5428226198118913
22,100,6.509056904162036,9.025805576967164
23,100,7.053877502080263,8.13385272210944
24,100,12,10.885929714755425
25,100,11.535391287024913,3.345425246909815
26,100,9.649136476267332,11.899971460724068
27,100,9.395436444528704,1.9161653753683197
28,100,7.337849554061688,2.0100080698036074
29,100,3.647428479006764,0.028884308568865796
0,105,5.509238315040063,10.753415764988723
1,105,0.06412976166106608,3.762737351970531
2,105,7.8234847989044285,9.581588553323781
3,105,6.237898299073985,4.726704534249253
4,105,7.824341330015824,3.9660457713771122
5,105,4.896578140129146,3.81575481305818
6,105,9.840427388179744,3.938130900510915
7,105,11.460330711058605,0.8460898499737884
8,105,0,1.3807027243533843
9,105,10.20208555674857,10.319850961827878
10,105,8.097263547330499,0.3697800597966841
11,105,5.332114713225284,5.898728340092108
12,105,6.452227860154672,6.116223836275894
13,105,5.78634676276848,2.2490298363018613
14,105,11.791583291909584,8.047218267915916
15,105,2.208593788715656,5.253323464985535
16,105,8.346618540372713,12
17,105,1.046975152817383,6.92783755514822
18,105,4.243320633456002,6.402833403267161
19,105,1.896452530746232,8.30081833027472
20,105,12,5.357242033560939
21,105,7.739915861197526,2.5758833604969107
22,105,6.556857391549313,9.024896849524911
23,105,7.109253590898248,8.202948158561057
24,105,12,10.875180917972886
25,105,11.561852163439605,3.3235894886800974
26,105,9.581260167092339,11.886726791927194
27,105,9.443469249013075,1.9041278121151277
28,105,7.346463042332025,1.962285761023798
29,105,3.6825327848628313,0.022988004154403496
0,110,5.451676986323585,10.831357412027886
1,110,0.07978915176825131,3.7700320762493558
2,110,7.793113254899503,9.644780718193855
3,110,6.206921580806007,4.720299560746975
4,110,7.760764286733711,3.9539898238437146
5,110,4.9336278260389905,3.9001897663766396
6,110,9.862205841993834,3.9364358800189785
7,110,11.483495981502681,0.8948184257213607
8,110,0,1.3980870499917475
9,110,10.120355904942189,10.379434442181187
10,110,8.056630361492608,0.34578016880833184
11,110,5.197825249317686,5.901460860908352
12,110,6.421968060714,6.004536396490737
13,110,5.784544544241618,2.2589305301436946
14,110,11.914738878380724,8.031667184617595
15,110,2.1899211724309957,5.219779451241917
16,110,8.319620895827104,12
17,110,1.1767741151296744,6.972721952309997
18,110,4.210485896693038,6.375043794280418
19,110,1.8629052820663696,8.4060421403705
20,110,12,5.407489673871319
21,110,7.78899938343429,2.6135532491548092
22,110,6.595277761262296,9.024658134592352
23,110,7.168002132162312,8.27658618448192
24,110,12,10.86860449758982
25,110,11.571330766426948,3.3151954415358174
26,110,9.523537323212425,11.875210605633445
27,110,9.485182472215774,1.8939768543752262
28,110,7.349619851557711,1.9435134934736842
29,110,3.6914954552060966,0.021804157599026618
0,115,5.399522267138202,10.900875261621149
1,115,0.10276868720857583,3.779917720474081
2,115,7.761594784976422,9.709526800762792
3,115,6.204384556958389,4.719765737029463
4,115,7.719515878604719,3.945792551380365
5,115,4.96151907524901,3.9722028944274217
6,115,9.894386772000697,3.9337808251686743
7,115,11.513816918191333,0.9557222218028898
8,115,0,1.4155859801189037
9,115,10.037229080677966,10.435704138823796
10,115,8.00810895810735,0.31724929234322535
11,115,5.071389423163221,5.903130505845574
12,115,6.393052725511953,5.890591173279611
13,115,5.78204163014195,2.2727746461931937
14,115,12,8.019907731973166
15,115,2.1653243964081,5.175129018403785
16,115,8.291134642776981,12
17,115,1.3172512048689597,7.024523973571495
18,115,4.181172270908531,6.34971821215293
19,115,1.832491280829787,8.500631919999382
20,115,12,5.453936167619569
21,115,7.841998033299103,2.654965230608039
22,115,6.634055503723337,9.025357474740035
23,115,7.2157021515669095,8.337015365338871
24,115,12,10.858217804555393
25,115,11.570327585857463,3.3160808638434083
26,115,9.506849275686848,11.872097076977418
27,115,9.508172929934158,1.8884402502161113
28,115,7.3559290177366154,1.9040916465850717
29,115,3.6900735523890225,0.021996206196547876
0,120,5.347601657254327,10.967474248295867
1,120,0.10822839740104778,3.78225571675824
2,120,7.731224147646188,9.770920357814383
3,120,6.208287029596731,4.720662536085339
4,120,7.676300846284022,3.9376377348944587
5,120,5.0003851462256295,4.063956376844224
6,120,9.942788668192732,3.9306041140248915
7,120,11.539377719850657,1.009041751907249
8,120,0,1.4279682491322532
9,120,9.952315154106367,10.493070486981757
10,120,7.967012277272874,0.2954933971089668
11,120,4.966439468650359,5.90454914463846
12,120,6.366186810173315,5.782185855179331
13,120,5.7786442608864945,2.291092550466852
14,120,12,8.009265197164998
15,120,2.1391085361798576,5.129960107425881
16,120,8.269516138307523,12
17,120,1.4520367940581171,7.070885949477432
18,120,4.154349391957195,6.327474576837039
19,120,1.7958328074969323,8.611081471503871
20,120,12,5.497699834851214
21,120,7.895711743860926,2.6969113712043633
22,120,6.661722837944948,9.025855660307586
23,120,7.264784735461598,8.400373311470068
24,120,12,10.8456557300479
25,120,11.580964152440556,3.3065239639841564
26,120,9.497572843113927,11.870261625709245
27,120,9.55147194788851,1.8783449284569795
28,120,7.36231284515409,1.8599414254603943
29,120,3.694495782551925,0.021444118412980922
0,125,5.2809008491607505,11.053881873675753
1,125,0.11999060060138093,3.786776161547089
2,125,7.704492418439916,9.828048348818905
3,125,6.234216630322397,4.726190046937152
4,125,7.653097169193252,3.9324748275052626
5,125,5.035006412872588,4.143494126818615
6,125,10.019388620646172,3.9278476309987322
7,125,11.566189307873659,1.064895177748353
8,125,0,1.4362070328060854
9,125,9.865254652415736,10.550071764498
10,125,7.9292055949042455,0.27424571373988393
11,125,4.856322735408749,5.909240465879451
12,125,6.3418414040773365,5.670084958054651
13,125,5.775811457556332,2.307882991254268
14,125,12,7.996423167157326
15,125,2.1164616998654817,5.09259023019107
16,125,8.246668410174154,12
17,125,1.5977779337957685,7.126452214400779
18,125,4.136583985282062,6.313419908456231
19,125,1.7617824555904626,8.71960558668851
20,125,12,5.5358980951108006
21,125,7.960643541151386,2.747771768175658
22,125,6.681332938250184,9.025803088297945
23,125,7.320712557998667,8.476124906201576
24,125,12,10.832964124896307
25,125,11.595181082748026,3.294542053403205
26,125,9.511675029202065,11.873075113458889
27,125,9.612531845652509,1.8643476034374025
28,125,7.368731800930922,1.8240045758464773
29,125,3.7047530177677594,0.020569564946759548
0,130,5.218863145056488,11.138120890832216
1,130,0.12310972875763611,3.787987232395233
2,130,7.675846632577612,9.888929419089651
3,130,6.267579154432287,4.733694897534973
4,130,7.631545562365702,3.9271698080912842
5,130,5.079672950678416,4.2487665578936555
6,130,10.089696903728074,3.9262688587130783
7,130,11.585691155273729,1.106812417355096
8,130,0,1.4497765383305468
9,130,9.759348037567893,10.62201310343584
10,130,7.887899859502699,0.2526731084642891
11,130,4.756923847348969,5.912022186679243
12,130,6.3209480329881895,5.574969877383145
13,130,5.757774984631692,2.3048413926438376
14,130,12,7.985128396983805
15,130,2.102540335754468,5.069784785568307
16,130,8.228583629556544,12
17,130,1.741012553088485,7.17820667922654
18,130,4.1267828909047655,6.305273239330087
19,130,1.7270390993250444,8.840164827641573
20,130,12,5.592022978359005
21,130,8.035322257637981,2.805719972426875
22,130,6.6921822677512095,9.025595989914711
23,130,7.370361856800968,8.543633665363345
24,130,12,10.820330079246325
25,130,11.580733130457968,3.3073348723415115
26,130,9.522707719287967,11.875671781622788
27,130,9.672350951816634,1.849860598714969
28,130,7.376434770987787,1.7783808693708845
29,130,3.7228550988280293,0.019066275297537273
0,135,5.163627974969593,11.21984288576883
1,135,0.13054944740251012,3.791033362613846
2,135,7.642876951485115,9.955897561364258
3,135,6.307798364307805,4.742392290746008
4,135,7.6127297492632495,3.922600361942074
5,135,5.129340139037497,4.360111658277142
6,135,10.177861345691053,3.9251160079669503
7,135,11.608559397543972,1.1522172506015205
8,135,0,1.4634913057258128
9,135,9.642274657299529,10.706055726892156
10,135,7.836770130058823,0.2260441804608451
11,135,4.65410943382744,5.916785612936665
12,135,6.301730793067182,5.4723975414407
13,135,5.738936039510513,2.302392560829856
14,135,12,7.976696572845778
15,135,2.0882341680322534,5.045123965926513
16,135,8.211844844341572,12
17,135,1.894158094251325,7.234326836698068
18,135,4.134613891558535,6.311421393104478
19,135,1.6889652275327558,8.970087215545593
20,135,12,5.650168550569604
21,135,8.113631721789098,2.8629483954252715
22,135,6.705441525183299,9.025074250830746
23,135,7.4159328251607715,8.604221112432855
24,135,12,10.81143451256992
25,135,11.550832969584413,3.3337403867520052
26,135,9.524077053802948,11.875956087852789
27,135,9.710652222342203,1.8411594370266624
28,135,7.43413575876663,1.7862640303724233
29,135,3.7174466126175756,0.01952278377601416
0,140,5.117796200417658,11.286881880846767
1,140,0.13582077906895176,3.7933492502860253
2,140,7.61404204062017,10.016237728424572
3,140,6.34535728211122,4.749971450252614
4,140,7.575863952083798,3.9130878379671703
5,140,5.187931430462074,4.485054507638425
6,140,10.238717226598709,3.922834945558294
7,140,11.640471107379552,1.2167612058935229
8,140,0,1.4825219110657724
9,140,9.5428121657833,10.775049797913905
10,140,7.789149130776425,0.19848304264771285
11,140,4.556403519163582,5.922843582044719
12,140,6.282443782627786,5.3771759042264184
13,140,5.713731147253491,2.298842052035461
14,140,12,7.968122615128143
15,140,2.071972739823083,5.017367741623959
16,140,8.199728985344946,12
17,140,2.0288398801290968,7.281728780492386
18,140,4.132811930729635,6.31003771267914
19,140,1.651933420501625,9.08898554879932
20,140,12,5.6865545477058586
21,140,8.188381783856707,2.92133266889672
22,140,6.712414693848083,9.024643776825226
23,140,7.4667998599875425,8.670628517819287
24,140,12,10.795064746551931
25,140,11.508348160640555,3.3698798676172834
26,140,9.563652664501404,11.883937111870642
27,140,9.764018706576278,1.8295209510187829
28,140,7.4964265502832035,1.7959412183087733
29,140,3.7149883550028044,0.019649656130006955
0,145,5.068635272305808,11.357027391861198
1,145,0.1302672927753032,3.790931336448389
2,145,7.585914760268156,10.069669637212312
3,145,6.380869345404725,4.7571829751235475
4,145,7.533847812667674,3.9016913265734217
5,145,5.246379969398942,4.612531372020263
6,145,10.308143321292754,3.917954698124364
7,145,11.674661956778438,1.2861829512080083
8,145,0,1.503236872644701
9,145,9.453695915444793,10.839355934451282
10,145,7.748248247251004,0.17421201559283558
11,145,4.459040099150447,5.927587838801733
12,145,6.261177216101163,5.273856574118941
13,145,5.705541012859423,2.2977782616821014
14,145,12,7.961109535719146
15,145,2.0413935378789807,4.9644985988849974
16,145,8.187931839930554,12
17,145,2.169409382878666,7.334309869364501
18,145,4.138583254880553,6.314448933891534
19,145,1.6173724255981639,9.196170240338768
20,145,12,5.72741089517007
21,145,8.265917971634963,2.9809546621756318
22,145,6.71871039053831,9.024432568836806
23,145,7.522231193866835,8.742982629756135
24,145,12,10.783633451250822
25,145,11.46843710003756,3.4024205263712584
26,145,9.609786375090565,11.893090078095984
27,145,9.805239846712853,1.8215424927150998
28,145,7.532729017214409,1.8007503703177343
29,145,3.7017465576676556,0.02025637641032445
0,150,5.025730857722882,11.41822476072089
1,150,0.1309575486310062,3.7912429375816767
2,150,7.563024163845295,10.11568883237569
3,150,6.401869566520058,4.761807828518956
4,150,7.495438725739937,3.8904222394963233
5,150,5.313872736726556,4.75565612299723
6,150,10.388915041396372,3.9096658640230606
7,150,11.716394587045619,1.370929120157519
8,150,0,1.525517618326175
9,150,9.360226102280667,10.906122104562407
10,150,7.717507178730573,0.15617523148375023
11,150,4.327700779637821,5.933234395176733
12,150,6.237866439148292,5.167973772246761
13,150,5.706443113399416,2.297898841010489
14,150,12,7.952812992817184
15,150,2.0102649875443683,4.911024399362981
16,150,8.17766825890913,12
17,150,2.327196065493675,7.390574571406213
18,150,4.1617586321618285,6.333833569497031
19,150,1.5868565853756538,9.295489900773488
20,150,12,5.77098390625965
21,150,8.339295244952307,3.0357737773933455
22,150,6.72547669771832,9.024241631607591
23,150,7.5663668187078255,8.80210476318629
24,150,12,10.773015755985076
25,150,11.449258950450998,3.4186866355211074
26,150,9.651680016783047,11.900820671952927
27,150,9.851654141673215,1.8122682842702684
28,150,7.5627179980351595,1.805225015791628
29,150,3.692171178317189,0.020720650234094785
0,155,4.9799554898019105,11.479179611083936
1,155,0.1411148408171854,3.7960375520230536
2,155,7.543201480364195,10.155927004517999
3,155,6.42380742377541,4.766888209376515
4,155,7.466433171601641,3.881634267958847
5,155,5.384004618678849,4.906877475979163
6,155,10.458464918904737,3.9043555048301752
7,155,11.751760945985502,1.4420362739599515
8,155,0,1.5503904144413498
9,155,9.275415036896778,10.96630290194081
10,155,7.689885838105217,0.14051150547391567
11,155,4.210067154037512,5.940297027336616
12,155,6.215260216661578,5.05725529123759
13,155,5.74002606447699,2.301853736354538
14,155,12,7.9454015271205956
15,155,1.9773392755690147,4.851829790723924
16,155,8.167977877299506,12
17,155,2.48171522078182,7.444661055574358
18,155,4.165813565912409,6.337232940333651
19,155,1.5642538511884871,9.375701581118511
20,155,12,5.8109983813038655
21,155,8.429711486663532,3.102162485945366
22,155,6.725273008463528,9.024242623837912
23,155,7.610832438636,8.863037193056035
24,155,12,10.759962701459214
25,155,11.429106854004838,3.435472366186066
26,155,9.697130029823606,11.908568756654859
27,155,9.909656039242243,1.8002386017337508
28,155,7.580110073582005,1.8075444465269832
29,155,3.6616913372698834,0.021621683060652645
0,160,4.939737506121827,11.530303563725212
1,160,0.14125520747554776,3.7961067594038314
2,160,7.519183892274368,10.204475358659703
3,160,6.448677018819774,4.773154507753933
4,160,7.433934413917028,3.8718302665499076
5,160,5.453011314119778,5.056523395461413
6,160,10.51443367577551,3.899961264643783
7,160,11.782267798139243,1.50946483241939
8,160,0,1.5809090572476023
9,160,9.1927362396627,11.022677746075633
10,160,7.665394307127267,0.12640428768964898
11,160,4.118578722261748,5.9462143678854416
12,160,6.193918908811893,4.9534587553884215
13,160,5.774650894128298,2.306163570733967
14,160,12,7.93893227622406
15,160,1.9542004184640984,4.8080619688630195
16,160,8.159320877415672,12
17,160,2.6246322259408053,7.490359518460617
18,160,4.154616666150781,6.3278766332226795
19,160,1.5393262509992538,9.461645623639981
20,160,12,5.869076700548135
21,160,8.532018617797219,3.178418705520128
22,160,6.73865131634694,9.024305602122896
23,160,7.660837989293564,8.93456147844592
24,160,12,10.746269203314835
25,160,11.400493436849201,3.4594509375346636
26,160,9.746354384791411,11.918316810193767
27,160,9.949108600683571,1.792300949123536
28,160,7.616770712452449,1.8126083971819196
29,160,3.6582901830533237,0.021666447800814646
0,165,4.88480013305403,11.59845622255675
1,165,0.15379557333780774,3.802971458260207
2,165,7.486846562208894,10.265518821395748
3,165,6.466593107456809,4.7781702132444925
4,165,7.40660547057438,3.863221484056695
5,165,5.518110085656557,5.201174645813232
6,165,10.556799151300426,3.8973051640367937
7,165,11.812097638488966,1.5821404207194931
8,165,0,1.6153540217889655
9,165,9.115418132696197,11.077704411714235
10,165,7.652294597544801,0.11947272276001332
11,165,4.018721077491369,5.948292190134391
12,165,6.1689367805551525,4.845213822264275
13,165,5.8107860800482865,2.3102417703659968
14,165,12,7.932100475625323
15,165,1.9339348281434239,4.771167381992985
16,165,8.149667785288226,12
17,165,2.7629839031550945,7.535894154063395
18,165,4.140550738201875,6.3162035139004695
19,165,1.5073546435954261,9.568789529138
20,165,12,5.938307511577594
21,165,8.64635021766427,3.2661332885625103
22,165,6.7477012849067455,9.02448798090822
23,165,7.712264183306292,9.001328475862698
24,165,12,10.731426052417598
25,165,11.371480779597329,3.482848155469603
26,165,9.81138501401121,11.930459325214816
27,165,9.98671648751371,1.78379634014369
28,165,7.656441767986751,1.8176626238471967
29,165,3.664703417830796,0.02159317522750271
0,170,4.827396989793968,11.667298434798907
1,170,0.17097931222977705,3.8123991305751215
2,170,7.458704376968152,10.321010793359923
3,170,6.474931422981755,4.78064871954123
4,170,7.4000268954266675,3.8609816442396014
5,170,5.58926276809965,5.34526661024561
6,170,10.576190676328803,3.8965130250387006
7,170,11.845905661289978,1.6681916704751194
8,170,0,1.6464633382370846
9,170,9.037717037443239,11.131716132017292
10,170,7.62703258096293,0.10481696815954403
11,170,3.9069609629095026,5.948097113815954
12,170,6.141094356340039,4.733199306164133
13,170,5.838657002675551,2.3131483415135605
14,170,12,7.925311723554191
15,170,1.9104191891537248,4.726479315108063
16,170,8.139447206965821,12
17,170,2.917804292193559,7.587996064068737
18,170,4.125831697580882,6.304105281437184
19,170,1.4758379353088946,9.673940019894513
20,170,12,6.011250672723639
21,170,8.738627903025296,3.3379360185617895
22,170,6.7449523448319155,9.024414018071443
23,170,7.776156760283298,9.089127429271343
24,170,12,10.71651046769606
25,170,11.351712164310623,3.4984530627335753
26,170,9.889528119306378,11.94569629165854
27,170,10.03009256890153,1.774881407264444
28,170,7.6926028682794545,1.8228454418762923
29,170,3.67405035938315,0.021461784625194172
0,175,4.768095882240428,11.737368707517106
1,175,0.19317004855480105,3.8243952605743243
2,175,7.429362774011606,10.377798411628659
3,175,6.492950575418034,4.7858765880195495
4,175,7.376922273857771,3.852364015955185
5,175,5.667637714869392,5.505650071910591
6,175,10.601858983762922,3.8953590897624046
7,175,11.875427499294695,1.7487821796134992
8,175,0,1.6788391524116333
9,175,8.946368844853815,11.193355819472917
10,175,7.614402471390685,0.09691484858168162
11,175,3.810630773681168,5.95049990309979
12,175,6.10796085771837,4.579060863312082
13,175,5.865102792259992,2.31534346723037
14,175,12,7.915862924895943
15,175,1.89343296237747,4.694163376399433
16,175,8.127166710874352,12
17,175,3.085813936535314,7.64298417358946
18,175,4.106318506760383,6.289252860813974
19,175,1.4397232500623065,9.796045936301633
20,175,12,6.097876514814093
21,175,8.830850388609221,3.409520348646203
22,175,6.745057528219738,9.024414491277364
23,175,7.83131054002157,9.1618402803106
24,175,12,10.700710533072778
25,175,11.335694630789964,3.5106998860814187
26,175,9.974258945837883,11.964120420938292
27,175,10.090366716200442,1.7635393238195263
28,175,7.732550741096485,1.8300062386040945
29,175,3.6603315595885197,0.021336114555169542
0,180,4.714381237965189,11.797751188579856
1,180,0.1919912850704694,3.8238029705794485
2,180,7.389287779693144,10.456702448582714
3,180,6.516918957956185,4.7931554638293505
4,180,7.3728641770142325,3.850941280010007
5,180,5.743318822210092,5.665812642656413
6,180,10.64243732605607,3.8938642221935207
7,180,11.899881090812286,1.8185241646305923
8,180,0,1.713842825392224
9,180,8.840685013776763,11.264332863201712
10,180,7.609909556270513,0.09399141851304568
11,180,3.732076387493199,5.950025653313582
12,180,6.075314485528859,4.431734472572446
13,180,5.889184142216599,2.317731842048211
14,180,12,7.904796447536439
15,180,1.881379918468936,4.671380241166826
16,180,8.114829340606414,12
17,180,3.253641470249179,7.7024049600553415
18,180,4.088908915236506,6.276476182614128
19,180,1.3979661630100584,9.944339675644418
20,180,12,6.172113096009767
21,180,8.902870859720093,3.4665241847633386
22,180,6.739128445801095,9.024241233840408
23,180,7.893959495659916,9.243907889092617
24,180,12,10.686748532910789
25,180,11.332298058033679,3.51322372864762
26,180,10.066770710510074,11.98628347136691
27,180,10.129614360565407,1.7574152478857823
28,180,7.77168610070735,1.8369616480168778
29,180,3.6587964551675127,0.02129370732630008
0,185,4.662863615761116,11.853221772635617
1,185,0.19211220015175234,3.8238644976266314
2,185,7.35373652678241,10.526961808127837
3,185,6.540904798319762,4.800076326883727
4,185,7.38575982222807,3.8557350718136303
5,185,5.817684213406969,5.818897359003217
6,185,10.699210505961249,3.890966586349847
7,185,11.923276315079542,1.8813389774796203
8,185,0,1.7526619205376208
9,185,8.727121462685615,11.34337797114281
10,185,7.60222100402243,0.08886673082074352
11,185,3.6595127245851975,5.948347525296894
12,185,6.044544607702873,4.28936786706343
13,185,5.911484501436174,2.3195890145882574
14,185,12,7.895013754404995
15,185,1.877469243392018,4.664135205319231
16,185,8.103172220060243,12
17,185,3.4136085530995484,7.757944951389895
18,185,4.081163027348877,6.270646124016919
19,185,1.3457119611962998,10.125677709589091
20,185,12,6.244272582942116
21,185,8.97917366874685,3.5225322094084484
22,185,6.736855612567496,9.024127979694912
23,185,7.956521829591001,9.327089534425676
24,185,12,10.672509897233523
25,185,11.326541438595125,3.5176468732408015
26,185,10.172148193142514,12
27,185,10.147951169315315,1.7540401602222477
28,185,7.810099164937984,1.843720522199022
29,185,3.652174662522004,0.021165091946555612
0,190,4.6239998206273105,11.895724016827552
1,190,0.20216346448108471,3.829238635469536
2,190,7.314020241349036,10.604282115818522
3,190,6.5669380084232385,4.808085702320198
4,190,7.375559450800338,3.8522379483485856
5,190,5.8937164837639795,5.981430764617185
6,190,10.74518449703308,3.8890674088405945
7,190,11.948419506873432,1.9506418410437947
8,190,0,1.7927567878664619
9,190,8.592799564826302,11.438760101042613
10,190,7.585745344993044,0.0776070025695255
11,190,3.5636494364402145,5.942024397637904
12,190,6.010605787626713,4.14884174911173
13,190,5.8939965063524,2.318546669041136
14,190,12,7.883506383064626
15,190,1.8766722679314067,4.66254332248708
16,190,8.090591468633393,12
17,190,3.5844038761240022,7.815990228676475
18,190,4.099148201587898,6.284307513267696
19,190,1.2914310626226442,10.320424616182104
20,190,12,6.318142331363972
21,190,9.043919735357955,3.5685414309884727
22,190,6.7419968121743645,9.024472283281364
23,190,8.029523310256783,9.421271877180635
24,190,12,10.658966793264108
25,190,11.322987873437276,3.5204220174927827
26,190,10.272280469306578,12
27,190,10.169571933469658,1.7497855776435405
28,190,7.856462293150423,1.8516886537489838
29,190,3.6377577981931903,0.02095336132883777
0,195,4.5870555313155785,11.938206578040774
1,195,0.21852414846245619,3.837613644269753
2,195,7.271035074635053,10.68711724039811
3,195,6.594542920750936,4.816373300593264
4,195,7.371909083787612,3.8510201993624005
5,195,5.973629549639685,6.150114334990284
6,195,10.772597051395865,3.887680996732337
7,195,11.964126968237707,1.9981005949025785
8,195,0,1.8212579792081918
9,195,8.443978643123994,11.541891558409146
10,195,7.582422276098187,0.0754124240945989
11,195,3.458424349147055,5.934828716629108
12,195,5.980115419590838,4.0091926586857625
13,195,5.890429111167827,2.3183233898130093
14,195,12,7.873930469859592
15,195,1.867551525962484,4.64345543549002
16,195,8.08167608859519,12
17,195,3.756948542627627,7.877517709242295
18,195,4.115722307648015,6.2964496142619035
19,195,1.2375366559474656,10.513893187256139
20,195,12,6.392993411012338
21,195,9.11573808887132,3.6208086463602394
22,195,6.756609367564161,9.025530822828841
23,195,8.102645296067806,9.510586229077125
24,195,12,10.648777322349268
25,195,11.324035008240543,3.519605102660682
26,195,10.385000795877644,12
27,195,10.186470074673709,1.7465297944012523
28,195,7.905974999420131,1.8594059915577024
29,195,3.608898601921441,0.02051629006887361
0,200,4.542927222616474,11.988833801202802
1,200,0.2138034486287589,3.835390427025142
2,200,7.234204883959161,10.75274803016011
3,200,6.6068946413517935,4.820106686929884
4,200,7.375424511386497,3.85223793993916
5,200,6.043977163306692,6.309438123540715
6,200,10.812928251947248,3.8859574546877096
7,200,11.97363502964553,2.0261866628044176
8,200,0,1.8403377680303095
9,200,8.308361608764075,11.639921353883194
10,200,7.562852522955608,0.0632387609088546
11,200,3.331866517049394,5.927125830983688
12,200,5.953913908507331,3.874788226840166
13,200,5.893099284632066,2.318482201876043
14,200,12,7.8621992064467685
15,200,1.854347818688212,4.615359279507921
16,200,8.070347324323004,12
17,200,3.923102981737001,7.937774278136623
18,200,4.151501736799914,6.323682892973374
19,200,1.1822794272824426,10.718410942036822
20,200,12,6.4759451624724935
21,200,9.20669911732363,3.6870235227111237
22,200,6.762003111255199,9.025808767255398
23,200,8.167006393932159,9.582392715949775
24,200,12,10.63769305428181
25,200,11.319092663660731,3.5233018350039056
26,200,10.50586629136183,12
27,200,10.220598793741765,1.7399802229941932
28,200,7.972493000659678,1.8684727724397916
29,200,3.579275212334329,0.0201429179596941
0,205,4.508968718430714,12
1,205,0.22781809051605195,3.8421511336021688
2,205,7.202951162849775,10.810933096112468
3,205,6.637988481125049,4.831324158912066
4,205,7.369624055796868,3.850264788027273
5,205,6.112820059138393,6.470513266967133
6,205,10.850270444814289,3.8851311914482496
7,205,11.976408562846586,2.033965598677925
8,205,0,1.8605482383228278
9,205,8.202551582972056,11.721070458763917
10,205,7.523670623805916,0.0387878500203679
11,205,3.2003866913227124,5.918853010514773
12,205,5.917798189634836,3.7166796189692555
13,205,5.872682424645445,2.317271558696842
14,205,12,7.842830408560443
15,205,1.8499287395932122,4.606588883849916
16,205,8.059254835760893,12
17,205,4.085525520085201,8.00489735841646
18,205,4.195609958906624,6.357973697626802
19,205,1.1275606953292792,10.927909885495714
20,205,12,6.563472638271448
21,205,9.308530000595258,3.759537640493581
22,205,6.774035193413584,9.02624627877187
23,205,8.236253298905472,9.658232940248224
24,205,12,10.624660032029066
25,205,11.293371756220038,3.542666706326733
26,205,10.631422548396385,12
27,205,10.261465894170078,1.7318241386158093
28,205,8.050962215219112,1.87765321950783
29,205,3.553129122461218,0.019730948329231286
0,210,4.489096088171763,12
1,210,0.23254661313826686,3.8444419720041316
2,210,7.164479311518702,10.881951684793385
3,210,6.666576080373249,4.841654402455262
4,210,7.358040998371042,3.8463450611694032
5,210,6.188279546397701,6.6546644965530275
6,210,10.896091061508258,3.8836489190306653
7,210,11.976219185485508,2.0334555942234123
8,210,0,1.8829157433746406
9,210,8.116299378797029,11.78618131111658
10,210,7.497456461810055,0.0212880277997334
11,210,3.0810753858126207,5.911785374186586
12,210,5.879680576917985,3.561581689933782
13,210,5.867097149814432,2.316965292411545
14,210,12,7.821726558693389
15,210,1.855193715194032,4.617125403955312
16,210,8.047222997404727,12
17,210,4.235385835701618,8.07040664246973
18,210,4.214972279238001,6.3738432904278755
19,210,1.0749814876924086,11.136418170398612
20,210,12,6.648203168933281
21,210,9.40271485569905,3.8267951979648513
22,210,6.804881239477638,9.026957913063391
23,210,8.313248719266854,9.742994741712577
24,210,12,10.611045815030892
25,210,11.279575068817302,3.5535658445518514
26,210,10.764740413212618,12
27,210,10.294361710832803,1.7253274667525886
28,210,8.105487624162118,1.8840168419588026
29,210,3.521660768025804,0.018198435705223472
0,215,4.489660429146332,11.999326765627641
1,215,0.2564639001275309,3.855955747679259
2,215,7.125640916609278,10.954416973768216
3,215,6.711281128085191,4.85808253669856
4,215,7.360959407290794,3.847295626358871
5,215,6.260641968146197,6.822829632609279
6,215,10.9337627632465,3.8823967419653593
7,215,11.980735080145019,2.0441528369502975
8,215,0,1.9065656889293452
9,215,8.056333730545802,11.829591025010599
10,215,7.4504803691072885,0
11,215,2.975367012922268,5.905477535145644
12,215,5.8409093367085605,3.411993403222495
13,215,5.888948710172247,2.317443534015304
14,215,12,7.794429078835082
15,215,1.864197090683069,4.634348004805102
16,215,8.033015219611665,12
17,215,4.393733681794539,8.142172324584319
18,215,4.237400554567081,6.391138554483985
19,215,1.0286119735514265,11.34216339014659
20,215,12,6.728877629456558
21,215,9.466436250181774,3.8731340531624068
22,215,6.836871555105481,9.027596822284746
23,215,8.391992963119767,9.836226357295569
24,215,12,10.600244973633316
25,215,11.271013852658918,3.5601683184423987
26,215,10.92155046467415,12
27,215,10.325682164273626,1.719201293096008
28,215,8.16181233578799,1.8915155412173996
29,215,3.4859805946556643,0.016258486004905873
0,220,4.483690774420406,12
1,220,0.2814023422512926,3.8686087205246116
2,220,7.089507143048441,11.020158169678504
3,220,6.764587658321575,4.878481096968259
4,220,7.367533924992374,3.849775241695339
5,220,6.332316217486626,6.991495279574993
6,220,10.979705132381897,3.8802621751543183
7,220,11.981084031508614,2.0449713075277884
8,220,0,1.9298241240144878
9,220,7.983889595220847,11.879623602466173
10,220,7.3947365348731084,0
11,220,2.8886804795673195,5.901060314480045
12,220,5.80813995335962,3.2909507358118044
13,220,5.919772109157161,2.3179952265779327
14,220,12,7.769581065288621
15,220,1.8727108752150443,4.649360852486994
16,220,8.018054229649909,12
17,220,4.550983926745223,8.212723716795107
18,220,4.259941480876714,6.408792627443251
19,220,0.9820859548665546,11.556460104891471
20,220,12,6.797334334772871
21,220,9.527525161511887,3.9162279412380445
22,220,6.894642578007417,9.028761330026018
23,220,8.474672421049837,9.934505980360154
24,220,12,10.58765904014482
25,220,11.267079405300999,3.5632191819091745
26,220,11.073551515401066,12
27,220,10.361380628803692,1.711595022697445
28,220,8.212691978304512,1.8965871858971233
29,220,3.4551560510525947,0.014906097874598373
0,225,4.492664874138252,11.988110299876865
1,225,0.30525009959168936,3.880897743522433
2,225,7.062946263596695,11.06973887741832
3,225,6.80607547116872,4.894555372546195
4,225,7.367232597871061,3.8496636120508687
5,225,6.4071792104062055,7.175018250384218
6,225,11.03155713062141,3.8777219654801174
7,225,11.981400312267292,2.0456649026866045
8,225,0,1.939749466473334
9,225,7.915372940702635,11.927714045275223
10,225,7.3286238421767145,0
11,225,2.8152317841702446,5.895915182746765
12,225,5.7806784694285325,3.173409449211916
13,225,5.9473346396267335,2.3180918091791143
14,225,12,7.743450291190431
15,225,1.8810342121109254,4.664148777955411
16,225,8.001921408348931,12
17,225,4.727051936954115,8.291680532681438
18,225,4.2706457235699915,6.417357388152953
19,225,0.9402235828643253,11.760896530559807
20,225,12,6.855062825866185
21,225,9.598471187018093,3.9657204547004
22,225,6.981610429250799,9.030348382547887
23,225,8.546441058956376,10.023644867746714
24,225,12,10.573906209532353
25,225,11.290224582258041,3.5448447658625306
26,225,11.210622536789261,12
27,225,10.415533289519573,1.700205398941236
28,225,8.260536707562592,1.9013846626033997
29,225,3.4145786899802744,0.01431590843394576
0,230,4.503500116994201,11.973660607984625
1,230,0.3488346794899066,3.903186238484523
2,230,7.036298207789839,11.120355482893062
3,230,6.85510587435391,4.912301717806797
4,230,7.343716659516826,3.840143536963571
5,230,6.482206277637966,7.369810860747043
6,230,11.102740937051536,3.87335250420846
7,230,11.980051013442576,2.042699464635448
8,230,0,1.9520706577859774
9,230,7.835485767495608,11.98241319229822
10,230,7.2720910582312035,0
11,230,2.744542802817042,5.89449879507024
12,230,5.7590463986116465,3.0688181264131975
13,230,6.002082885662542,2.3179259948828603
14,230,12,7.7194497781788565
15,230,1.89187375216517,4.6836682713386475
16,230,7.9860520714309295,12
17,230,4.9083364837719845,8.371344827745665
18,230,4.284740150195562,6.428760373780883
19,230,0.8964545406740315,11.969375395212886
20,230,12,6.906404080558717
21,230,9.679219310734174,4.020528404784313
22,230,7.069785541935796,9.03442496171027
23,230,8.630071803819614,10.132989702828734
24,230,12,10.56251566800441
25,230,11.319103810330596,3.521788645467291
26,230,11.34243593255354,12
27,230,10.464555686378041,1.6891924793236366
28,230,8.318604801903895,1.9076474277475732
29,230,3.3667316511470036,0.014381986880260739
0,235,4.499055179544951,11.979419324017014
1,235,0.3978124991094807,3.9280807174693306
2,235,7.003488931062993,11.178925142539141
3,235,6.9020973295157075,4.928128159650779
4,235,7.302946952549986,3.824445308205758
5,235,6.564198583475966,7.572713395075285
6,235,11.205868751625252,3.8645072672509584
7,235,11.978002051628643,2.0379307249385428
8,235,0,1.9619302913316907
9,235,7.767901296022176,12
10,235,7.215429443602088,0
11,235,2.6890840279351873,5.894979613206375
12,235,5.729751072106054,2.935035997041965
13,235,6.064176878269726,2.3169094280372406
14,235,12,7.69674551570629
15,235,1.8983499470286287,4.695680132333448
16,235,7.97200194852552,12
17,235,5.0875571056599,8.456878283991323
18,235,4.299457607829899,6.439820829547514
19,235,0.846380599143621,12
20,235,12,6.9518142719646026
21,235,9.7645883282547,4.080244540908421
22,235,7.151395262935134,9.038353474474293
23,235,8.711125902361209,10.240431767632012
24,235,12,10.551701584372024
25,235,11.345503323524573,3.498379329878593
26,235,11.494212645197681,12
27,235,10.487957420557773,1.6837710441159697
28,235,8.374754768946458,1.9139374117767256
29,235,3.3170377399785678,0.014807662144575571
0,240,4.499049902579598,11.979426708698453
1,240,0.4518919150954357,3.953610482583758
2,240,6.9667798507970495,11.244280754184327
3,240,6.941492372491204,4.941064823880555
4,240,7.263730928072754,3.809829137333887
5,240,6.648911343410498,7.77986310792607
6,240,11.325011422271597,3.857292945752532
7,240,11.976089293977962,2.0335577502795616
8,240,0,1.9841651745588056
9,240,7.819445028967274,12
10,240,7.137928001498294,0
11,240,2.6222792458796693,5.895880677265694
12,240,5.699345142558963,2.7773497575925457
13,240,6.130498927384924,2.3187772721341533
14,240,12,7.672903613529613
15,240,1.9050132356645468,4.7084825001895885
16,240,7.960911009728832,12
17,240,5.266566712224974,8.530771753586285
18,240,4.317728382435087,6.453784466907154
19,240,0.7885280379199812,12
20,240,12,7.006859978795382
21,240,9.835605649629333,4.129436997243583
22,240,7.249043139897846,9.045128690366118
23,240,8.784372082693501,10.333036821406674
24,240,12,10.539340038262152
25,240,11.3749600185562,3.4710066603346013
26,240,11.680978919025808,12
27,240,10.50971275735732,1.6792466728150162
28,240,8.413623859034384,1.9171089759426307
29,240,3.2772945468799684,0.015023168623407272
0,245,4.481884176432573,12
1,245,0.5019857982031072,3.975020610783845
2,245,6.9254261724443325,11.319863494205311
3,245,6.982490233814254,4.9529677969379415
4,245,7.213325526825555,3.7916251467545283
5,245,6.738543007673391,7.991905645773802
6,245,11.448078466851701,3.849856047780579
7,245,11.969181813536476,2.0179126572168893
8,245,0,2.005541183782477
9,245,7.860994379232816,12
10,245,7.063257978776551,0
11,245,2.526081430307935,5.89579823981545
12,245,5.67361709198575,2.6220339301205806
13,245,6.206883492428744,2.320620807378223
14,245,12,7.645331165492607
15,245,1.8984714254108526,4.695830004569828
16,245,7.950242956370135,12
17,245,5.456072010165664,8.602537300518545
18,245,4.3177927912095795,6.453836025891348
19,245,0.7312237629262751,12
20,245,12,7.060764292965425
21,245,9.911086786653282,4.184198251955752
22,245,7.343780834665533,9.050838440994239
23,245,8.843931917949961,10.407858793296745
24,245,12,10.527232493375042
25,245,11.39292226132749,3.454307284446571
26,245,11.866025314083343,12
27,245,10.53569005304672,1.6734065897761121
28,245,8.436858409213848,1.9193160791052657
29,245,3.236313720768934,0.014282523994625927
0,250,4.457582585669952,12
1,250,0.5366297534660603,3.989710662580006
2,250,6.883313108249407,11.396630172339375
3,250,7.0419903023381885,4.970395324783216
4,250,7.16757918719116,3.7748644066707526
5,250,6.822584239586118,8.18186995687352
6,250,11.579319584698444,3.8364384144903028
7,250,11.961059217868565,1.99844220877907
8,250,0,2.0202116921795845
9,250,7.8834276091031334,12
10,250,6.992637893321552,0
11,250,2.4525489525279056,5.895867222199979
12,250,5.649977798335403,2.4569725149389354
13,250,6.28059928813187,2.321006046550115
14,250,12,7.622330005760912
15,250,1.8779190994209825,4.658056260074741
16,250,7.941764506127881,12
17,250,5.647233950886128,8.671056524159262
18,250,4.331767095750889,6.464321065878157
19,250,0.6772066015656852,12
20,250,12,7.119167471448521
21,250,9.991514169531849,4.242902120317724
22,250,7.425607793844414,9.057256211042814
23,250,8.894403301866888,10.467240822043635
24,250,12,10.519760689209592
25,250,11.407267199008043,3.441007251684962
26,250,12,12
27,250,10.550430568484812,1.6700702820367483
28,250,8.46628415407075,1.9218728887602123
29,250,3.173898226927123,0.012753543663450736
0,255,4.436211600345469,12
1,255,0.5671845389998875,4.003832139697411
2,255,6.853042557980067,11.454822641597035
3,255,7.0615540583453145,4.9755988845530235
4,255,7.111477998578512,3.7551034137118036
5,255,6.898217348955171,8.367023285453717
6,255,11.678294669707736,3.827976484618766
7,255,11.965937047619885,2.010758072264747
8,255,0,2.0295784416052505
9,255,7.879236775921709,11.994117297561218
10,255,6.935911840485272,0
11,255,2.360864548597882,5.896048005321048
12,255,5.626147874285881,2.305812082789534
13,255,6.36346167528485,2.321058507303656
14,255,12,7.5969892336471565
15,255,1.8606786725026816,4.626469696790734
16,255,7.93475012688513,12
17,255,5.8324831975879325,8.73660598664689
18,255,4.353545675732866,6.480477850799429
19,255,0.6233688058849423,12
20,255,12,7.199760564142423
21,255,10.064917842875447,4.293323031741615
22,255,7.50701007691865,9.061452570578236
23,255,8.942218338922602,10.523629098196706
24,255,12,10.512568060389802
25,255,11.432147900750117,3.418277023361864
26,255,12,12
27,255,10.598148576456865,1.659820421029365
28,255,8.504965777018919,1.9249243480133296
29,255,3.1090608428777187,0.01423910428948161
0,260,4.432075753677516,12
1,260,0.5869643261658135,4.013323993688559
2,260,6.83214123212052,11.497017930126912
3,260,7.086971966853948,4.982656761540264
4,260,7.062662064983404,3.7369412365137316
5,260,6.97950241943555,8.564433170866918
6,260,11.770284889656747,3.8182117451473494
7,260,11.970658607387978,2.022542580400603
8,260,0,2.0371844170348448
9,260,7.872934788448519,11.984796809116649
10,260,6.886510233321725,0
11,260,2.296515581999035,5.896741019815709
12,260,5.60126326150258,2.162083708691771
13,260,6.440637749226944,2.3203523514588302
14,260,12,7.5710872888931355
15,260,1.843638268042788,4.594460580265408
16,260,7.928796077600295,12
17,260,5.994400379998223,8.797794093065066
18,260,4.373273756783757,6.4961321256189155
19,260,0.5689836497383721,12
20,260,12,7.27552939833482
21,260,10.147934956979055,4.349398426366053
22,260,7.58346997394716,9.065930271748451
23,260,8.985062569307463,10.576765700338001
24,260,12,10.505242370508542
25,260,11.446934391667284,3.4052964059114643
26,260,12,12
27,260,10.641696327609642,1.6493449919148322
28,260,8.564812818717062,1.9307517022605563
29,260,3.0513038791398235,0.01520841313385519
0,265,4.43024406682927,12
1,265,0.6155109250258459,4.026155791619918
2,265,6.822390535536525,11.516088698708517
3,265,7.116988223099852,4.990667959555342
4,265,7.01618659487741,3.719256808685382
5,265,7.06778989120349,8.763012316886387
6,265,11.857537884191382,3.8062212803508224
7,265,11.979531468551455,2.0457417712728283
8,265,0.0039020182989023635,2.0338813311212642
9,265,7.85522385806702,11.958157205315528
10,265,6.842895588718623,0
11,265,2.242233218250725,5.895719356571499
12,265,5.578374510887916,2.027428366730751
13,265,6.5223026841913,2.3179677776152423
14,265,12,7.5419855370831534
15,265,1.812055890993571,4.533850028745891
16,265,7.919333023903435,12
17,265,6.1749822017166975,8.86463248853177
18,265,4.3841132704163375,6.5047899468302095
19,265,0.5067687022609968,12
20,265,12,7.354598787389601
21,265,10.239284521877071,4.413908239341796
22,265,7.673067560320254,9.070060132621244
23,265,9.044798411584878,10.652098521540896
24,265,12,10.497526214747229
25,265,11.454535902023363,3.3985547989779827
26,265,12,12
27,265,10.696791077436716,1.6373172170505084
28,265,8.643025447595704,1.9374808178612861
29,265,2.998555217748316,0.016949665766845503
0,270,4.426763326211295,12
1,270,0.6201324584196161,4.028368056144008
2,270,6.817026851098303,11.526377702829963
3,270,7.153514040312761,5.0008139252165815
4,270,6.981122944880445,3.706166373083641
5,270,7.143977015474723,8.940529125391524
6,270,11.93632533611872,3.7960971767103953
7,270,11.994671261202575,2.0835615095764974
8,270,0.011223382416732066,2.027862181754205
9,270,7.843705001766091,11.940912232483765
10,270,6.792806362060586,0
11,270,2.1794592951356657,5.895990023812828
12,270,5.552953268111749,1.8986662347065073
13,270,6.598566790463938,2.3173738100834673
14,270,12,7.5204377261594
15,270,1.7773739540811846,4.4657446336522595
16,270,7.911781769896673,12
17,270,6.343622141019733,8.929780314878519
18,270,4.397567789851362,6.51545738542237
19,270,0.450881395231363,12
20,270,12,7.438352065442714
21,270,10.333540894285187,4.485563271154876
22,270,7.774849341368706,9.074629777409731
23,270,9.10011808176379,10.723646789443675
24,270,12,10.491670800606734
25,270,11.449963192915542,3.402451833076214
26,270,12,12
27,270,10.73976634469611,1.6275196828600915
28,270,8.705210754316697,1.9434794338101098
29,270,2.960093833785435,0.017194445217801085
0,275,4.431397417878357,11.994606244972688
1,275,0.6124103374523344,4.045459089876063
2,275,6.81836244640588,11.523852719898123
3,275,7.186451680793697,5.010142033569529
4,275,6.940779428668187,3.690876706132927
5,275,7.232079177901485,9.130640486713466
6,275,11.982853908268265,3.7894570398069676
7,275,12,2.1300207279044625
8,275,0,2.0373329021831705
9,275,7.845971500352076,11.944413317212888
10,275,6.762336081881823,0
11,275,2.100593695191998,5.895475469962845
12,275,5.529459626176602,1.7764052084179487
13,275,6.6738046589891695,2.3178104564295947
14,275,12,7.497636556615463
15,275,1.736089353670615,4.3839856335249285
16,275,7.904253841913346,12
17,275,6.494219064598628,8.983014213283344
18,275,4.419128550608093,6.53329033742446
19,275,0.3936362154126968,12
20,275,12,7.531975804932736
21,275,10.437228000200491,4.564862396593024
22,275,7.858698992294742,9.078871163652902
23,275,9.160007744613363,10.800361487070836
24,275,12,10.482599250307109
25,275,11.452046516511034,3.400719744023069
26,275,12,12
27,275,10.787469928924684,1.6167131601486808
28,275,8.741797994411163,1.9471485528887795
29,275,2.933145806559518,0.017318345873243306
0,280,4.4336964775181995,11.992024223366897
1,280,0.6096608336551175,4.0521985725032375
2,280,6.826054231311862,11.507987313303289
3,280,7.1809804285755945,5.008544695340109
4,280,6.893244846769998,3.6721331497077636
5,280,7.320573745492798,9.330623297828804
6,280,12,3.7859602290760614
7,280,12,2.1801128490493396
8,280,0,2.040270306990342
9,280,7.840156266860909,11.93513457769794
10,280,6.730077236991778,0
11,280,2.0065946070803786,5.897730825057991
12,280,5.508777825515831,1.652370284309011
13,280,6.750990660907133,2.3175254208663545
14,280,11.978228772707462,7.366865731583685
15,280,1.6979636114268417,4.306404732890811
16,280,7.898615524004169,12
17,280,6.631781871298344,9.03229169107219
18,280,4.437523678084619,6.549206325862999
19,280,0.33046667970841126,12
20,280,12,7.605545585312548
21,280,10.533597270964199,4.636517588424403
22,280,7.937900578776632,9.083531055370948
23,280,9.223878001753711,10.881550232710653
24,280,12,10.475723952723126
25,280,11.451837462393708,3.4008899429386417
26,280,12,12
27,280,10.825776383530135,1.6078614585151072
28,280,8.761680607140052,1.9497070105731749
29,280,2.901014771399477,0.01730962175101301
0,285,4.445255956807162,11.979351390824473
1,285,0.6052294008234542,4.063826922442796
2,285,6.823050894436473,11.513718565990239
3,285,7.183242284703627,5.009244206320609
4,285,6.845573143993267,3.6532497853257193
5,285,7.404204258508746,9.52298827782139
6,285,12,3.7835545857440596
7,285,12,2.2263811196808767
8,285,0.006068691929701505,2.0354808261638326
9,285,7.834739384857772,11.926536361367594
10,285,6.693611343477654,0
11,285,1.918610517940009,5.901811751248098
12,285,5.484505930534627,1.515183263895648
13,285,6.836577000497099,2.3178273607311253
14,285,11.954915144406728,7.226754439294819
15,285,1.6614763899701017,4.2289885794842155
16,285,7.8941620319864185,12
17,285,6.775830038169265,9.084983928069713
18,285,4.47800857623254,6.584548648287074
19,285,0.2669634388929578,12
20,285,12,7.673169186664322
21,285,10.62156832857064,4.701465955123904
22,285,8.047196106866053,9.091566454130863
23,285,9.286312505688707,10.967157975570546
24,285,12,10.473167538524965
25,285,11.453430269877893,3.399634244949797
26,285,11.983584704817059,12
27,285,10.867630658203506,1.5981184458688444
28,285,8.792975102235978,1.9537240594354301
29,285,2.848015736726467,0.017215201266828982
0,290,4.444980096400615,11.979637296268567
1,290,0.5987246138339374,4.061480233280283
2,290,6.8111835599936015,11.537394147664902
3,290,7.169020064880246,5.004758756833021
4,290,6.807171154924907,3.6389221775224003
5,290,7.491501726113786,9.708679709904864
6,290,12,3.780425539450439
7,290,12,2.276877385015976
8,290,0.00046176313236701363,2.040086234651075
9,290,7.8499209041758835,11.951120329681725
10,290,6.6527701656835445,0
11,290,1.8220774576287735,5.906419004129475
12,290,5.466251462911416,1.384723462757115
13,290,6.9150029220119675,2.319938518598012
14,290,11.93199466923692,7.093237922298876
15,290,1.6264359741583307,4.154057527723502
16,290,7.890304523336294,12
17,290,6.920960183293583,9.14102377793146
18,290,4.496130297319018,6.599769984343238
19,290,0.20473752890008737,12
20,290,12,7.735146503100433
21,290,10.719859983237724,4.774277041732843
22,290,8.152739527802497,9.101693882140838
23,290,9.356040215340146,11.06113994272405
24,290,12,10.471154251066864
25,290,11.481919204175544,3.3769627923136434
26,290,11.96963525547833,12
27,290,10.915357930263553,1.5862028423334542
28,290,8.798178920077095,1.9545721120199613
29,290,2.778762253814219,0.016697810921569523
0,295,4.436417193401119,11.988692286517205
1,295,0.5858897905715206,4.056914623668101
2,295,6.795851990289044,11.566781110983518
3,295,7.171394887253034,4.996981565859286
4,295,6.827024728191093,3.5855156545936
5,295,7.583130492949238,9.910242130223079
6,295,12,3.7779526306524605
7,295,12,2.3297154977556733
8,295,0,2.0421213322556877
9,295,7.850410376528964,11.951914433128488
10,295,6.620124821300692,0
11,295,1.6927046567387782,5.911433161971079
12,295,5.448468420968022,1.2697479111062533
13,295,6.966666361570994,2.321428026709536
14,295,11.908036008148487,6.949440257552792
15,295,1.5964255322153362,4.092310733885734
16,295,7.885678357782825,12
17,295,7.07398874390258,9.206511188768259
18,295,4.50136048514551,6.604216490921734
19,295,0.14382167651345362,12
20,295,12,7.785333087129085
21,295,10.820398464846699,4.848735105935392
22,295,8.274252792451673,9.11816327091051
23,295,9.423315922943875,11.1433239541063
24,295,12,10.469665017860878
25,295,11.517559203691194,3.347631177761307
26,295,11.959039970196688,12
27,295,10.96431239748258,1.5735793082187755
28,295,8.800484338595748,1.9549267604080305
29,295,2.729523992904031,0.01606433544259181
