id,time,x,y
0,0,11.949072371712274,7.975774445911352
1,0,7.947815546706713,3.9662930024570833
2,0,11.973713230395914,0.07156171516692593
3,0,9.9478987336448,0
4,0,2.9664637507685283,5.968201860396164
5,0,4.040673525484907,5.947643619597325
6,0,8.977189745360826,3.0521241950592497
7,0,0.942213235799242,0.02768930161723568
8,0,0,4.995168820962562
9,0,12,6.950695959608721
10,0,9.029809896192976,2.9488420514851312
11,0,11.999221265117294,6.039379475251456
12,0,6.0711012607032755,1.9654104102456849
13,0,0.9797299228067149,8.049591738294005
14,0,9.0632959165376,1.9982463705364288
15,0,3.931983666512767,5.972057302351269
16,0,0.030355631250353735,0.08053627655260148
17,0,2.079242506564131,10.977160160648133
18,0,5.975531891915869,8.953096604343706
19,0,7.948395172161434,0.01867308144433686
20,0,10.965019212623245,11.930853284808952
21,0,2.987575276655669,10.041618027506983
22,0,9.966479928885088,5.054576108546177
23,0,5.980817116890379,5.941819072789856
24,0,5.972446327399536,11.948755333503792
25,0,5.961296817492125,1.0554096130332697
26,0,7.95608086697571,2.0351125078143104
27,0,2.9742179814389496,11.993440124553219
28,0,1.9301885481579555,11.033779163082277
29,0,1.9968415058371107,9.035356201650904
0,5,11.904573202371841,7.955018166668979
1,5,7.899011560833037,3.9355780808867937
2,5,11.951407288353659,0.13280001289899857
3,5,9.903765012311947,0
4,5,2.940161684211614,5.942520271951292
5,5,4.093214901385654,5.876725481534158
6,5,8.953767067869121,3.1108917434447756
7,5,0.8809796274812275,0.056955852537379295
8,5,0,4.991599892557573
9,5,12,6.904214788322253
10,5,9.054297180726024,2.9053151014687457
11,5,11.99871148697433,6.078361344158295
12,5,6.141490870638814,1.9337993488995788
13,5,0.9648461929798151,8.085687713575032
14,5,9.121397705076783,1.996560038758871
15,5,3.874861270868035,5.948081792325668
16,5,0.06592358911326174,0.16944455534156
17,5,2.1590672161067372,10.954655060159086
18,5,5.956516454559931,8.915678249793585
19,5,7.893959706684607,0.03704123978904872
20,5,10.927208872215568,11.857483784050713
21,5,2.97593994632137,10.080569519484161
22,5,9.920865151664797,5.128216203862872
23,5,5.957669182252802,5.879043304472702
24,5,5.94444282956315,11.894972544848263
25,5,5.926227847980139,1.1052335197918313
26,5,7.90753923861816,2.0761653925356436
27,5,2.944918054374149,11.985813601777572
28,5,1.86412298967451,11.064831652316007
29,5,1.993880884315686,9.078975606088536
0,10,11.840273217520883,7.923600801037803
1,10,7.862053151194082,3.9121913170211253
2,10,11.935229855236447,0.1749149329122192
3,10,9.841347565901462,0
4,10,2.9098398456148913,5.913449085697749
5,10,4.153859830722194,5.792357157846655
6,10,8.9233520459031,3.185317374301113
7,10,0.8264185550365827,0.08326876837689895
8,10,0,4.9878748867007925
9,10,12,6.852191094925993
10,10,9.092644626284937,2.835062780908205
11,10,11.997621304386243,6.122092576941125
12,10,6.194169221172187,1.9129509941476397
13,10,0.9517430229115655,8.117457826468295
14,10,9.155240801619756,1.9961717316335512
15,10,3.811761024354604,5.9220475965765305
16,10,0.09602313186779175,0.241824810444145
17,10,2.1830204076540545,11.043040681628549
18,10,5.940089110265244,8.883736461833296
19,10,7.848098118817884,0.051619090256545846
20,10,10.882459481149056,11.768186948620377
21,10,2.9721949330211515,10.094202348372242
22,10,9.879770815746106,5.190630037294141
23,10,5.934322427361021,5.818154264804459
24,10,5.916649658970863,11.844585282836555
25,10,5.894685900386793,1.1518864695105715
26,10,7.863966554467416,2.1125410340067523
27,10,2.9219220346492443,11.980888928610335
28,10,1.803442167351129,11.092419463533398
29,10,1.992248932470957,9.111524938684378
0,15,11.758191804377557,7.886260790608191
1,15,7.836624740218148,3.896010306027181
2,15,11.922459772809024,0.20728812776869768
3,15,9.790720470892053,0
4,15,2.8728241801981804,5.877364977088025
5,15,4.198099083669485,5.730806370207213
6,15,8.895043239932114,3.253195739061241
7,15,0.7685414175979006,0.11159095491989654
8,15,0,4.982522802162699
9,15,12,6.798431218139808
10,15,9.134919222522115,2.7543563826181536
11,15,11.996567539663392,6.148677081246656
12,15,6.2385079240058365,1.8955995309876998
13,15,0.9447815030337626,8.134363706920398
14,15,9.221952268449824,1.9951732336846117
15,15,3.7620661524860464,5.900887813583772
16,15,0.12619969169789053,0.31458321750876894
17,15,2.2085085004485716,11.147522929610796
18,15,5.921038951305267,8.846505921999185
19,15,7.79150646831944,0.0685875002383813
20,15,10.84370886233271,11.68774543274672
21,15,2.966568426364456,10.113069744760466
22,15,9.847874930061987,5.23789978336102
23,15,5.9126764456580005,5.7519241567189106
24,15,5.901360374765964,11.815788317010734
25,15,5.875910713700473,1.1796373467769334
26,15,7.820003740775055,2.150224768992881
27,15,2.8842314716173387,11.97337702620745
28,15,1.746966614248577,11.12036247089333
29,15,1.9910635553416187,9.132936618247216
0,20,11.666388173426927,7.843328986590238
1,20,7.8132562054899735,3.879822755757939
2,20,11.913691031450684,0.23117050212319762
3,20,9.716256349913689,0
4,20,2.8395779637692975,5.845720712756835
5,20,4.237031986411281,5.675588603896171
6,20,8.866475855564195,3.3177333607205264
7,20,0.7107256945269615,0.1386870320034499
8,20,0,4.978373213281495
9,20,12,6.737901707085457
10,20,9.168045386444234,2.689874078947711
11,20,11.996457041065334,6.150261484813933
12,20,6.284756024116425,1.8772743484828656
13,20,0.9488445442359433,8.124948688313019
14,20,9.305276333753545,1.9934716665219607
15,20,3.7288726034897315,5.888035990206117
16,20,0.1466551655799761,0.36806651778632127
17,20,2.2317040902173977,11.254701809095733
18,20,5.897746989271139,8.795417036293967
19,20,7.735801012620579,0.08530390696589661
20,20,10.80810363608628,11.615031217994098
21,20,2.959983318921435,10.133968465561003
22,20,9.821989500023285,5.277556093711664
23,20,5.892197333907036,5.692120054751627
24,20,5.892578969059918,11.799144757523116
25,20,5.852050712095941,1.2149797876642252
26,20,7.779798264618779,2.1878909594924187
27,20,2.833916835179518,11.962848816469354
28,20,1.687251261337772,11.14976884759971
29,20,1.9901335448415458,9.157610727869185
0,25,11.551747951283517,7.789552926298868
1,25,7.80199605960228,3.872200125569754
2,25,11.89828944600182,0.2725482302311018
3,25,9.634886066632234,0
4,25,2.8081017922794733,5.81508922641908
5,25,4.2684780196111065,5.630874355168563
6,25,8.844483524958617,3.3696571622353506
7,25,0.6494305730349919,0.16408889874338073
8,25,0,4.973476762686109
9,25,12,6.686461770390114
10,25,9.20221151170451,2.62253117531316
11,25,11.995530371315132,6.170653965541636
12,25,6.325533323572158,1.8621590696989754
13,25,0.9452546791400012,8.133641549873706
14,25,9.406858151466393,1.9925437150178718
15,25,3.6845222437207465,5.871207684401563
16,25,0.17938032429295675,0.4549301315223763
17,25,2.252901561266808,11.348256700559862
18,25,5.878038139839762,8.751781556666387
19,25,7.667603234786731,0.10487654888801268
20,25,10.777524261602501,11.553078655269903
21,25,2.945291110620863,10.180489524976553
22,25,9.795336500246215,5.318577335760066
23,25,5.873412349644515,5.6363375212466975
24,25,5.879536968349715,11.771680746981058
25,25,5.838506959509964,1.235718312102339
26,25,7.72519969662238,2.240390646779875
27,25,2.788648608055509,11.952576442898529
28,25,1.617235520189703,11.183101759579829
29,25,1.9893403101224545,9.18381424624012
0,30,11.422976331428154,7.7306117894653275
1,30,7.772893088610682,3.851913691306061
2,30,11.88138913794327,0.32229280338229255
3,30,9.555994286020589,0
4,30,2.787370635509882,5.793958916899907
5,30,4.2972452574084485,5.5894593593949535
6,30,8.817976863862203,3.4280778612389824
7,30,0.5707136947252625,0.1943903339293999
8,30,0,4.96875630789075
9,30,12,6.635413536754383
10,30,9.24273355419235,2.5392826062327427
11,30,11.994405693257347,6.190541607991446
12,30,6.370357682854318,1.8457138773820083
13,30,0.9357521315763163,8.155957651355584
14,30,9.502928249743611,1.991677074779297
15,30,3.6559330080803787,5.860148102045689
16,30,0.21142439348072756,0.5403582204771061
17,30,2.274492484320803,11.448219286611252
18,30,5.853869474550215,8.697500535949606
19,30,7.598358730571314,0.12300226329149877
20,30,10.756441532015177,11.51103998028826
21,30,2.928566129248939,10.23120000132863
22,30,9.764032017135705,5.366960461699499
23,30,5.849745285222855,5.572425823477685
24,30,5.865673913059191,11.741811771718947
25,30,5.840356398227004,1.233086809463972
26,30,7.680512944731003,2.282338333968075
27,30,2.7284372013303275,11.938521899749999
28,30,1.5500599682303486,11.217436399441896
29,30,1.988331714107827,9.20231993998572
0,35,11.315757155243055,7.682363647562539
1,35,7.728841068378281,3.8206658424632836
2,35,11.864344210896242,0.3759775244223358
3,35,9.467573613246115,0
4,35,2.7706808012264705,5.777699427525609
5,35,4.328615332224926,5.544558749725077
6,35,8.786546512254144,3.4970518444195626
7,35,0.49955634244426367,0.22238064495464538
8,35,0,4.965087259262051
9,35,12,6.582927710751164
10,35,9.274974478217663,2.471183473494148
11,35,11.99288439318454,6.208436821248009
12,35,6.381184026020473,1.8414368963086865
13,35,0.9314538107208166,8.167287573586817
14,35,9.60291613435604,1.991779571194953
15,35,3.632131203067152,5.850919227541599
16,35,0.24306259756690432,0.6206580513287743
17,35,2.2951212182513685,11.545406395617771
18,35,5.835696686260207,8.658700428191114
19,35,7.53353813919725,0.14132476096908841
20,35,10.735637252141572,11.46899861339746
21,35,2.9023788384986005,10.222724638842353
22,35,9.74110840802005,5.402939248957902
23,35,5.828884036658744,5.518143719318372
24,35,5.858558659940364,11.726219200530108
25,35,5.847491235736895,1.2228800114655356
26,35,7.628209346588476,2.3296547113544905
27,35,2.660116090899101,11.924150061738967
28,35,1.4840012116637988,11.250479281774828
29,35,1.9870792967371569,9.225758668763952
0,40,11.202131050273277,7.628464470593321
1,40,7.665126276678877,3.77743102478877
2,40,11.847470750676564,0.4277990168635962
3,40,9.390072085322236,0
4,40,2.747214555639723,5.755031367254061
5,40,4.350261056288263,5.514160032985511
6,40,8.755944071173015,3.5586569296319612
7,40,0.44811682873400077,0.24118120606123875
8,40,0,4.961619225089113
9,40,12,6.528747382246019
10,40,9.295520508368067,2.423715377408244
11,40,11.990659034029498,6.234385683135965
12,40,6.394417790856857,1.8362835847657673
13,40,0.9405102182717051,8.1395014995797
14,40,9.702102162636987,1.9911824355855643
15,40,3.6241481720706803,5.847558935740387
16,40,0.2747138510840596,0.7123344765883686
17,40,2.3192142389418238,11.652237290915584
18,40,5.8284064972193885,8.643055550399136
19,40,7.470333708110778,0.15886548919710283
20,40,10.727325773140247,11.45132593346744
21,40,2.8794384347240176,10.215182008895924
22,40,9.71395430866557,5.443476462509305
23,40,5.804474436526474,5.45310498367971
24,40,5.84916349640818,11.706477884133557
25,40,5.866262725413522,1.1973573638488508
26,40,7.5691957315107325,2.38321123332583
27,40,2.6345916411259553,11.919570421462867
28,40,1.3969451948475773,11.297792443835732
29,40,1.9855168946175001,9.253498384519466
0,45,11.0652456066512,7.563447413339059
1,45,7.605378129183346,3.735472453772469
2,45,11.830869061007679,0.4812393030957084
3,45,9.308466623118113,0
4,45,2.7296556206772506,5.73750226347557
5,45,4.358847773675509,5.502323162711584
6,45,8.732352658818034,3.6080968925530374
7,45,0.37119568757175886,0.2692552041005894
8,45,0,4.958928771797805
9,45,12,6.486680240105531
10,45,9.318718960943523,2.370311680575229
11,45,11.986875090672866,6.266820724523009
12,45,6.41012532506966,1.8301023550459317
13,45,0.9510278525526352,8.108340819385864
14,45,9.796069802919229,1.9930232401364858
15,45,3.6067594097991122,5.840475846552553
16,45,0.29783903329333145,0.7812283755278971
17,45,2.347048531078848,11.770541946756287
18,45,5.816934550951741,8.618774436824012
19,45,7.398505342609593,0.17688670224976166
20,45,10.715599750148376,11.426978875586105
21,45,2.8588958922970393,10.208043437247461
22,45,9.674920414387293,5.501563482769482
23,45,5.7711530206976445,5.362898025318843
24,45,5.831414946205684,11.669163949251335
25,45,5.877563768319497,1.1819621810244954
26,45,7.511712697481768,2.4345074713777732
27,45,2.6237207582729156,11.917886787031321
28,45,1.315927372393636,11.340754579475316
29,45,1.984217798802686,9.272839898792673
0,50,10.912191345025326,7.487096276021126
1,50,7.555897242888977,3.702001725517367
2,50,11.813866579430462,0.5405910741426511
3,50,9.29415855462856,0.07419370832029258
4,50,2.7031176352896793,5.70967330790335
5,50,4.367536914003673,5.489370718634292
6,50,8.70562673327235,3.6642943330155346
7,50,0.29112874570758174,0.29702845705244185
8,50,0,5.023448017178575
9,50,12,6.44843659637453
10,50,9.354958033765858,2.29046695205377
11,50,11.984189611046661,6.299112013423026
12,50,6.424343576310711,1.8245404759961903
13,50,0.964345206109354,8.068856867957916
14,50,9.883055111584289,1.993280261047202
15,50,3.5977507388616425,5.837134358287598
16,50,0.31638216334242136,0.8374051987530248
17,50,2.3771170469986362,11.902132839800327
18,50,5.809288705444565,8.60240883640866
19,50,7.310251076567809,0.19811224318724427
20,50,10.707211675921249,11.408182184764199
21,50,2.8462129652743284,10.203532607536093
22,50,9.638739266610532,5.5565819161272865
23,50,5.743524355966107,5.28307382814644
24,50,5.879875238061749,11.646667846399131
25,50,5.877324321129134,1.1822791209460735
26,50,7.461852580357691,2.4805880073143496
27,50,2.620748119487299,11.917357948350274
28,50,1.2415579982773766,11.377542622469447
29,50,1.983148036457035,9.289880920362052
0,55,10.741595114234627,7.4024056306800885
1,55,7.50760158143789,3.6721324378883575
2,55,11.796714933241462,0.5991361558269341
3,55,9.277644153109888,0.1555817331863727
4,55,2.678403212291002,5.684183581934576
5,55,4.388369330738759,5.45792713863396
6,55,8.679779099686902,3.71884358672769
7,55,0.19268816026878516,0.330080239787785
8,55,0,5.099417974143213
9,55,12,6.412871214354747
10,55,9.384999019157728,2.2238743265903187
11,55,11.976713379905528,6.356365593888981
12,55,6.4376900913136605,1.8195747759700653
13,55,0.9794436687759127,8.025065687109707
14,55,9.97377327246922,1.9946859476104166
15,55,3.5928226028347523,5.835291366364754
16,55,0.33622981590284906,0.9024412624683783
17,55,2.403152877376889,12
18,55,5.7929475962420875,8.568815228338178
19,55,7.220153938549966,0.2183604617339701
20,55,10.738018475575327,11.394410113898948
21,55,2.8759785869229773,10.214430760023225
22,55,9.610952133263657,5.6001547511598035
23,55,5.716874533543323,5.198965443644041
24,55,5.901747458160436,11.636472450474823
25,55,5.875931980607431,1.1840832787107103
26,55,7.414929759553254,2.5244877976932156
27,55,2.615378540657649,11.916233419450169
28,55,1.1715866596460538,11.413614080449847
29,55,1.9811241928864118,9.337766722890388
0,60,10.556904260473607,7.314874086725741
1,60,7.4761752795731695,3.652418475995748
2,60,11.780997629824775,0.6544712370807793
3,60,9.258730654000946,0.2531502769798833
4,60,2.6663782244005443,5.672478898503682
5,60,4.414156049702552,5.4179836261933
6,60,8.650176488906427,3.782177397441576
7,60,0.09703018732360573,0.36723834858124776
8,60,0,5.167303962213358
9,60,12,6.377603077418773
10,60,9.427938881459095,2.1296149239531394
11,60,11.967669301669766,6.455193756380559
12,60,6.432164790731269,1.8215594229170122
13,60,0.995312717289686,7.981756805843543
14,60,10.043306381878882,1.9946336148205144
15,60,3.5951757576613823,5.836142214799165
16,60,0.3568706119940085,0.9749107081360349
17,60,2.431091611619915,12
18,60,5.780929943390949,8.54163048462805
19,60,7.128273963963115,0.23755036943486615
20,60,10.767835094766323,11.380360865589958
21,60,2.895625845235642,10.221653883431099
22,60,9.600407797390307,5.618317230623909
23,60,5.693511049540837,5.127396091115408
24,60,5.927965229091173,11.623829605135294
25,60,5.8868785272133435,1.1700051074049496
26,60,7.373145742476032,2.5636019078732075
27,60,2.613860191626589,11.915954219310267
28,60,1.0921973285577464,11.452815354989538
29,60,1.9803627101803873,9.376161315651455
0,65,10.372404664281488,7.231929544343246
1,65,7.449275448871724,3.635000480731956
2,65,11.761901504503815,0.7108886827256908
3,65,9.237315299003505,0.35888973245447764
4,65,2.6459260566812635,5.652988461425986
5,65,4.4276899631862365,5.395665950260809
6,65,8.613314625483783,3.8572047583255964
7,65,0,0.40845735515869397
8,65,0,5.27223909696896
9,65,12,6.337178843300493
10,65,9.471418716071232,2.026588276379454
11,65,11.95637428337429,6.563678709328264
12,65,6.4563259444459895,1.8131119093623136
13,65,1.0074085216095534,7.9495444655173655
14,65,10.125633959144968,1.9962258066937042
15,65,3.599650125787217,5.837753333448426
16,65,0.3767886966255586,1.044042541479791
17,65,2.4638146236551863,12
18,65,5.77374249849764,8.524885798373614
19,65,7.047967543093086,0.2548780662208568
20,65,10.792980383639193,11.368130568575722
21,65,2.940688593707354,10.238948443853847
22,65,9.59500957304189,5.627810115638111
23,65,5.627223903282994,5.150425549292663
24,65,5.962302069681036,11.606953919315968
25,65,5.891431751176139,1.164028173328606
26,65,7.348488347634673,2.587374711069906
27,65,2.6079117981863456,11.914816927856947
28,65,1.0081610759971456,11.494711851802892
29,65,1.9796041069230677,9.425973550937623
0,70,10.180923291739028,7.142352119689235
1,70,7.429158834766754,3.6218614186416302
2,70,11.734822411102693,0.7906033661277332
3,70,9.21668221299026,0.4598933310836133
4,70,2.612445563642034,5.620874422753054
5,70,4.439706777063523,5.375920765686692
6,70,8.573578547817156,3.936255735859405
7,70,0,0.44463684877002757
8,70,0,5.354976957208088
9,70,12,6.294482517944609
10,70,9.502166738715957,1.9499324658668336
11,70,11.945736932536441,6.658525178545512
12,70,6.482623566040229,1.8032101466846275
13,70,1.0204814893664593,7.915302995872529
14,70,10.194193647330817,1.9976922394067653
15,70,3.5887747379540014,5.833872702968989
16,70,0.3959196567882515,1.113736139255581
17,70,2.500968025261229,12
18,70,5.761383813821683,8.494335802354488
19,70,6.980516784120924,0.26864813094486034
20,70,10.803603644352942,11.36317517584931
21,70,3.0219021185996264,10.269143388641506
22,70,9.573765474246468,5.6147104776419035
23,70,5.570837344221498,5.170409384805737
24,70,6.023717446658768,11.574503553819616
25,70,5.892720271984959,1.1623334926846471
26,70,7.319454975097919,2.617491864835616
27,70,2.602327711811029,11.9137178011738
28,70,0.9211298194208878,11.538014929261632
29,70,1.9799435002555983,9.484123735703943
0,75,9.962303917387114,7.042795519346769
1,75,7.39360667427364,3.598514135167043
2,75,11.706220364275755,0.8824745947889517
3,75,9.196031097689639,0.5761274095527973
4,75,2.5647253339998923,5.573092073332022
5,75,4.451476082406788,5.356238907095858
6,75,8.537245216401788,4.0106920071585295
7,75,0,0.4723340904838427
8,75,0,5.438823796779661
9,75,12,6.257378959347028
10,75,9.527497430623637,1.8811472794720565
11,75,11.93173982790123,6.773858738561607
12,75,6.519219529266097,1.7880984399253255
13,75,1.0364528031281979,7.873887224398217
14,75,10.253222914075513,1.9969468269297967
15,75,3.578477007069525,5.8300319501236135
16,75,0.4118637658031706,1.1713473573693545
17,75,2.5365474494786984,12
18,75,5.751410248299542,8.47065452704262
19,75,6.9355235833074955,0.2770334140176849
20,75,10.828938373176495,11.351272545069849
21,75,3.0874796457929587,10.291376751302804
22,75,9.537031464140576,5.591637518844575
23,75,5.534557452828511,5.1820716753450045
24,75,6.067172305268427,11.551670214959264
25,75,5.890937364008652,1.164771564323641
26,75,7.294665943972779,2.6416771892277953
27,75,2.611322730907858,11.915622763836346
28,75,0.8432234083440215,11.577276229472563
29,75,1.9814994775154025,9.585192828774138
0,80,9.759729541853963,6.955152442247579
1,80,7.3486263523110225,3.569256797817682
2,80,11.68444749649793,0.9487311331669787
3,80,9.175818312630216,0.7085697902926178
4,80,2.5099629819259137,5.51916345265669
5,80,4.470083096789716,5.326028091446876
6,80,8.506357906105906,4.074070893475759
7,80,0,0.5025314012268459
8,80,0,5.502030438355685
9,80,12,6.227458978067619
10,80,9.55676536664049,1.803285047550504
11,80,11.918164137406475,6.892544562280588
12,80,6.566253349662569,1.7699576483597717
13,80,1.0582944834855021,7.815907230041284
14,80,10.294638613060037,1.996705632229546
15,80,3.574855200744342,5.828728611153609
16,80,0.4285763829876571,1.230133677088775
17,80,2.399979519673155,12
18,80,5.744356093001038,8.453742239130245
19,80,6.866362567528386,0.2878277295753417
20,80,10.852896851003166,11.34004786051069
21,80,3.134120145481776,10.30796708640398
22,80,9.499465756773505,5.569047518638241
23,80,5.499316700724584,5.193840117149132
24,80,6.118101496606996,11.523932390185188
25,80,5.889663518191449,1.1664483145407434
26,80,7.3317747468885175,2.6785197357560517
27,80,2.649444810019612,11.924710699100858
28,80,0.7502554832349313,11.625300119260036
29,80,1.9817987104543036,9.675602058484586
0,85,9.560224905426574,6.868125203583155
1,85,7.3014603014653146,3.537001827359293
2,85,11.669705976175472,0.9956495708320446
3,85,9.152447938570374,0.8402000048887814
4,85,2.4399673056859372,5.450307485069592
5,85,4.493446263061731,5.288192330243391
6,85,8.46992735742553,4.149402295305405
7,85,0,0.5371217644493009
8,85,0,5.5827178062806215
9,85,12,6.207265378774738
10,85,9.583788531361487,1.7347552764402419
11,85,11.899671815483378,7.039626163172212
12,85,6.615155233120541,1.751199510858836
13,85,1.079587355883404,7.759614044598205
14,85,10.319675847112862,1.9971870841873107
15,85,3.5898775949057193,5.8340265111057
16,85,0.4502159724734056,1.3021424663926922
17,85,2.257820516824559,12
18,85,5.731961839824658,8.42404529775539
19,85,6.799350622866006,0.2984188378822299
20,85,10.857423815828806,11.338013294725288
21,85,3.2014359574465754,10.330692683844607
22,85,9.492538420047346,5.564888635215537
23,85,5.444867928630663,5.212175614074902
24,85,6.16911373195693,11.496271150569841
25,85,5.89414157178483,1.1608227505546658
26,85,7.365615634355015,2.7105546649453838
27,85,2.6830037821536745,11.932819659842899
28,85,0.658519937309609,11.67261521478062
29,85,1.9809787699483572,9.759535645724354
0,90,9.346750172446532,6.773632825912461
1,90,7.2568248351064275,3.507243551572065
2,90,11.654209756409383,1.046257030535244
3,90,9.1281782496031,0.9794608544742958
4,90,2.389638934273905,5.400314034758292
5,90,4.502231702911635,5.274523467055893
6,90,8.443340456991868,4.202145310834381
7,90,0,0.5779243998767306
8,90,0,5.653544891541482
9,90,12,6.189704679098342
10,90,9.608956614347258,1.6717167747866308
11,90,11.880617773527174,7.209083384469893
12,90,6.660106534313987,1.733186202871046
13,90,1.0968405212399461,7.7123699245381365
14,90,10.365779280924883,1.9985664763194555
15,90,3.6174744623349864,5.843559670349294
16,90,0.4675951551009026,1.3567469667711776
17,90,2.1311843398667905,12
18,90,5.73379540613877,8.42845032797372
19,90,6.744003857828726,0.3085172417649666
20,90,10.860062004760463,11.336857323336682
21,90,3.176203891396702,10.411317249358921
22,90,9.466321234787134,5.549597397502641
23,90,5.3968759306438825,5.2279479106904985
24,90,6.19721599516725,11.548262624583234
25,90,5.908969482151137,1.1418931144830673
26,90,7.387512761129022,2.7319543495441785
27,90,2.7356666236270346,11.94517139189151
28,90,0.5694145745069725,11.718670368284213
29,90,1.9797624994602496,9.859007890786653
0,95,9.123479634437777,6.671804384793867
1,95,7.207420037222681,3.4738941063811253
2,95,11.64424440786839,1.0815399734379012
3,95,9.103023205854784,1.1171666536880271
4,95,2.3367435445379443,5.352127856288917
5,95,4.515946353022704,5.254339029814067
6,95,8.505209171500514,4.233713605008661
7,95,0,0.614232975745227
8,95,0.00030928418141005847,5.702370370435483
9,95,12,6.176081522556305
10,95,9.643018801527402,1.59087527193213
11,95,11.865732828561415,7.3554639340762185
12,95,6.700242467818108,1.717003955414386
13,95,1.111604489784907,7.6719074337508895
14,95,10.40956871900401,2.0005072732972877
15,95,3.6500316813819946,5.85570031422779
16,95,0.4880101882724853,1.4171943495789003
17,95,2.01594829048366,12
18,95,5.732028121080121,8.424067229079995
19,95,6.699037929672963,0.31682195940989405
20,95,10.865972874455586,11.334341709220423
21,95,3.14408134328254,10.503488295846452
22,95,9.451834281753879,5.541003886051559
23,95,5.343529778885008,5.245717994305016
24,95,6.231988787109487,11.613657274816694
25,95,5.909894029471799,1.1406910980717275
26,95,7.408431482132678,2.7533874269293173
27,95,2.799564842185807,11.95849345990311
28,95,0.47489320421230174,11.767325322241582
29,95,1.9766974182304935,9.95680457230795
0,100,8.92060106097906,6.575886175119057
1,100,7.168764886906145,3.448665289533114
2,100,11.635339597041478,1.1141903743200692
3,100,9.07394634393689,1.2737643410168185
4,100,2.2805130348278286,5.301454337011398
5,100,4.543399842561345,5.2140232214624
6,100,8.56901504156879,4.266395234306265
7,100,0,0.6501837966014568
8,100,0.0004331570856737979,5.734338291341416
9,100,12,6.172394076745563
10,100,9.677082519136349,1.5110649354134424
11,100,11.851887499917511,7.518037051842638
12,100,6.747436835195045,1.6980708418496087
13,100,1.1190694346543604,7.651355431573678
14,100,10.4461489472928,2.0031053141802744
15,100,3.681355704906452,5.867404280017523
16,100,0.49559699057645884,1.4386004418701386
17,100,1.9103874218941854,12
18,100,5.724956903684614,8.406190489882963
19,100,6.660684090655582,0.323034149277708
20,100,10.8776147931789,11.329352034868643
21,100,3.1158197375604635,10.583474307571596
22,100,9.455268410541102,5.543186899004656
23,100,5.296033898954867,5.260983063450978
24,100,6.272965886045088,11.684118324796733
25,100,5.912283682755059,1.1374916747317765
26,100,7.441835091303877,2.7883549163068984
27,100,2.8616333928087268,11.971298735084945
28,100,0.38575919642659284,11.809955040654078
29,100,1.9755367581171168,10.026954911205591
0,105,8.724702295815591,6.4779826707687995
1,105,7.129798851247358,3.4235076240908002
2,105,11.621713286761036,1.1621917566381361
3,105,9.048926680554782,1.4256550974204063
4,105,2.2255886762185333,5.2545550142930875
5,105,4.559657854362553,5.1916990668009815
6,105,8.63083130766447,4.30213331138599
7,105,0,0.6780365460241641
8,105,0.0003037758686976738,5.766586792748113
9,105,12,6.160223761466665
10,105,9.713956735546105,1.423258844298325
11,105,11.83549439640088,7.680287687520623
12,105,6.786959419532409,1.6840967085784242
13,105,1.1358841116254634,7.603189365530171
14,105,10.464779743993907,2.0041594079883063
15,105,3.724994546649587,5.885251051828651
16,105,0.5012809648051152,1.45508438659454
17,105,1.80895214653624,12
18,105,5.721368057514777,8.397619475173046
19,105,6.6037322400341125,0.3318619700501589
20,105,10.895470702127476,11.321580303025547
21,105,3.0854757778983206,10.677232576431082
22,105,9.456918212711434,5.544247558734483
23,105,5.250052517025518,5.276216264955233
24,105,6.3154443906630675,11.759675502367609
25,105,5.910528954738982,1.1397627929326097
26,105,7.468833869267061,2.8180317103578
27,105,2.8934279283708384,11.97682581303207
28,105,0.29455763155988085,11.853491808364069
29,105,1.9771900262804187,10.104408190893118
0,110,8.548076410275103,6.3930467383726794
1,110,7.110116228672318,3.45274435186925
2,110,11.607643435074891,1.211951023519091
3,110,9.02382994543348,1.5970036246906398
4,110,2.163023913035895,5.2018370564235425
5,110,4.582312248184052,5.157841167094136
6,110,8.701602002272052,4.344214221324142
7,110,0,0.7110728659834388
8,110,0,5.793462626732092
9,110,12,6.159388804671278
10,110,9.743328050224866,1.351191573384148
11,110,11.820150199655483,7.8508961710730505
12,110,6.811046974445774,1.6756937945096968
13,110,1.1528334541205931,7.555328298791066
14,110,10.479607503331161,2.00517159291032
15,110,3.7618678589660295,5.901568624378601
16,110,0.5020880812265273,1.457274047341661
17,110,1.7132258991928349,12
18,110,5.723477892069374,8.402885936058526
19,110,6.570175574430122,0.3377911065635917
20,110,10.915929373582776,11.31219820405262
21,110,3.0496480180837153,10.790731488427953
22,110,9.460241420189561,5.546403014376351
23,110,5.192324161076123,5.294145870301853
24,110,6.363500821631496,11.843080396306904
25,110,5.918788521322293,1.1286741863143905
26,110,7.492438290542455,2.8440989188265857
27,110,2.9047567399819725,11.978907392145468
28,110,0.19951055341975288,11.899194636471263
29,110,1.9776390896257894,10.20174557632047
0,115,8.354459606782317,6.302467140308514
1,115,7.0967375340497005,3.473087839333829
2,115,11.593559856445479,1.260538928447155
3,115,8.99650776603225,1.7675188159261048
4,115,2.1291449882845956,5.172847062988888
5,115,4.607025366769897,5.119881631370926
6,115,8.763839311767148,4.3803151206581825
7,115,0,0.7362870337452717
8,115,0,5.806522674413375
9,115,12,6.154282415282455
10,115,9.766917483950236,1.292306929137391
11,115,11.800844462459843,8.019173942583198
12,115,6.853099805286123,1.6616167867269134
13,115,1.1682993922390286,7.512606807741842
14,115,10.51035168565584,2.0083082432694908
15,115,3.7860669511699077,5.911598982265716
16,115,0.502461351969184,1.4583109491842772
17,115,1.6172102428086457,12
18,115,5.718330884139617,8.389854778904336
19,115,6.525196684939695,0.34632742460857263
20,115,10.949159039136358,11.296973126864419
21,115,3.016935784590444,10.898145437804452
22,115,9.464236620567801,5.549078881090826
23,115,5.13260195478042,5.310727452555151
24,115,6.410440699939743,11.92346208296261
25,115,5.932558908281813,1.1102599079737754
26,115,7.536837884241536,2.8934394010811224
27,115,2.919893098189056,11.981659050182417
28,115,0.10355161026969857,11.945221353139578
29,115,1.9761812476523966,10.321692890175736
0,120,8.148585982513998,6.212874652424236
1,120,7.078111605253699,3.5014713058966613
2,120,11.582205807304248,1.303182513046117
3,120,8.969855728879415,1.9102579637256263
4,120,2.0830926773500757,5.134849009420019
5,120,4.619885876928945,5.101871490850814
6,120,8.828871651178561,4.419786507537822
7,120,0.028874417543731545,0.8252285095441215
8,120,0,5.815955013387839
9,120,12,6.147261564196573
10,120,9.787162499195151,1.2388683789095916
11,120,11.780952585205325,8.184769502991276
12,120,6.902600921778136,1.6439024562298377
13,120,1.1779859115633293,7.486142881585309
14,120,10.555199977191323,2.0132780121751512
15,120,3.80326971588782,5.918119324477883
16,120,0.49683667776635965,1.4428242754556877
17,120,1.5374749415292004,12
18,120,5.722936509493612,8.400468006496368
19,120,6.472112043138973,0.35551713896509374
20,120,10.965332170050223,11.289598154701235
21,120,2.9821239254030596,11.01525806685094
22,120,9.489246884596351,5.565077778512121
23,120,5.0813590831203275,5.3254400796239265
24,120,6.458826548226902,11.99961146777768
25,120,5.942590726824614,1.0962867719746094
26,120,7.581947733870284,2.943477575351566
27,120,2.934050468376791,11.98422549297088
28,120,0,11.999122954484235
29,120,1.9779202846095207,10.44323056238508
0,125,7.9315017042034,6.115743529909718
1,125,7.0699844270295165,3.513464963845583
2,125,11.57150332844572,1.3417358937415087
3,125,8.939953659526486,2.0608345585456713
4,125,2.033214599161735,5.092697254536104
5,125,4.625028126786605,5.094864794425807
6,125,8.900690252820402,4.46457471052937
7,125,0.05730925693987232,0.9129814662892949
8,125,0,5.793019854996039
9,125,12,6.134554372259981
10,125,9.800972722329083,1.2055109483996638
11,125,11.762196020555065,8.350649733963015
12,125,6.940354772958,1.6302272893487681
13,125,1.1830368216277984,7.471848153416401
14,125,10.589143189094964,2.016559228353971
15,125,3.815900188982598,5.923352302319862
16,125,0.486453148929754,1.4142681651357953
17,125,1.4381463694972858,12
18,125,5.72873143586359,8.413312638489662
19,125,6.393577682346028,0.37087802626212135
20,125,10.974379101864255,11.285515220984612
21,125,2.9444968270086904,11.132321928180613
22,125,9.504730568551393,5.575321368139617
23,125,5.036171014211948,5.3396182195457245
24,125,6.499444632314362,12
25,125,5.954041074163256,1.0802617982570024
26,125,7.608927551663449,2.9717499965732115
27,125,2.946187058018521,11.986284412315399
28,125,0,12
29,125,1.9817363177933518,10.563064710848794
0,130,7.829335418383506,6.342516939902824
1,130,7.057296631655195,3.5312488557092436
2,130,11.562984565948359,1.3731311018283836
3,130,8.91303427949107,2.216774926645139
4,130,1.9994824574276233,5.065761504924435
5,130,4.637109869067449,5.078039644677181
6,130,8.963061649299435,4.506847798130008
7,130,0.08827402783050058,1.011664174614813
8,130,5.735968055086411e-05,5.782294836278401
9,130,12,6.112651218993071
10,130,9.812601583901106,1.1765861279339795
11,130,11.74135318229733,8.511018151214238
12,130,7.011473407777121,1.6074141282235392
13,130,1.191852349896475,7.4454591719416285
14,130,10.630084231283734,2.020947620108718
15,130,3.81422515470351,5.922640183706932
16,130,0.47366364017441004,1.3802994380868188
17,130,1.3550029559603853,12
18,130,5.731366322763722,8.41935432331116
19,130,6.314265805069207,0.386736018096973
20,130,10.974288488691538,11.28555657600902
21,130,2.907726232349116,11.250499770305481
22,130,9.540577222148455,5.599632743403274
23,130,5.005343538073039,5.348770854309571
24,130,6.530021411925392,12
25,130,5.976174797884329,1.0502125251099905
26,130,7.626799631427775,2.9891884267770212
27,130,2.9409511413277194,11.98542657526304
28,130,0,12
29,130,1.986450267423685,10.685824567950425
0,135,7.73652464990016,6.558464993800845
1,135,7.0323153266519265,3.5634946786221278
2,135,11.559230653476908,1.3860779777897385
3,135,8.889949953034424,2.3683333911263023
4,135,1.953333558898885,5.028751470660629
5,135,4.6493387926953815,5.059937311320481
6,135,9.022458468611532,4.546655735306342
7,135,0.1205648073394259,1.1186364924982848
8,135,9.629454648930202e-05,5.780973981218441
9,135,11.968264046259486,6.0676145025252755
10,135,9.827704237989696,1.138509552020515
11,135,11.717330446920679,8.672644068558386
12,135,7.084397310244569,1.5823999012054355
13,135,1.1958764351971847,7.433689482891654
14,135,10.690439691949356,2.0268173433707948
15,135,3.8062345087739327,5.9193304977015035
16,135,0.4680591811986417,1.3651776885789493
17,135,1.2637927928641477,12
18,135,5.728176201871205,8.412497422194356
19,135,6.24628417963614,0.4002405568268806
20,135,10.96524527344292,11.289574386028802
21,135,2.7909592263332805,11.21595816795805
22,135,9.568201921224382,5.618650846397673
23,135,4.982835225882716,5.35579234116974
24,135,6.554447174653899,12
25,135,6.012226302025381,1.000504549047681
26,135,7.647392314690719,3.0085795743984467
27,135,2.954377305291035,11.987864748674436
28,135,0,12
29,135,1.9906704291806383,10.803429856865293
0,140,7.639126875528302,6.775930255939959
1,140,6.995794936016612,3.6116232420311793
2,140,11.55458583580326,1.4026319906821993
3,140,8.867010673604188,2.5201483823423865
4,140,1.9235156088113878,5.005557736336238
5,140,4.662410430541908,5.040912740816814
6,140,9.087074589771243,4.591638360435006
7,140,0.1502350445545765,1.2166094569094115
8,140,0.001570020894816271,5.7587460586498604
9,140,11.920708612772309,6.003814784473821
10,140,9.837486821262742,1.114515207737227
11,140,11.700264885884565,8.820877994500531
12,140,7.153765377215028,1.5578240712984388
13,140,1.199159882811581,7.424156288661251
14,140,10.743051866270296,2.032881991621292
15,140,3.796453361667831,5.9150971924197435
16,140,0.46467632687779536,1.3565995619771218
17,140,1.1687350054807277,12
18,140,5.727609624705544,8.411259655310566
19,140,6.175229661700037,0.4161837413203435
20,140,10.936701273797002,11.302371898147326
21,140,2.6841381195425544,11.184674242362126
22,140,9.593090725138545,5.634926219193963
23,140,4.94419960612808,5.368703856623281
24,140,6.578150586871767,12
25,140,6.040829433959882,0.9624650699278164
26,140,7.670830956113328,3.0316723638501766
27,140,2.9631780575155324,11.98904706684565
28,140,0,12
29,140,1.9957077515505208,10.924403781321764
0,145,7.541162129282146,6.999863905943735
1,145,6.957635640137084,3.661899884666758
2,145,11.549978200428225,1.4194445393492092
3,145,8.83911447505352,2.7069351768665126
4,145,1.907872025642956,4.992934528034931
5,145,4.684735823198225,5.010017178351981
6,145,9.153351752405554,4.635947623105019
7,145,0.1791918562343252,1.3054773198401342
8,145,0.002107481048286102,5.733881479938652
9,145,11.883424046540759,5.952241849083952
10,145,9.84582259841848,1.092048733513269
11,145,11.67914358200959,8.966507523660376
12,145,7.226644828410682,1.5316076000816021
13,145,1.1976380492079883,7.428677474631152
14,145,10.814162221956337,2.0398652291104638
15,145,3.7882186420706074,5.911579728317056
16,145,0.4625920750436471,1.3519449111408892
17,145,1.0733570242424852,12
18,145,5.7280690728707695,8.412294473369059
19,145,6.087928937867749,0.4367991560392632
20,145,10.90182226871735,11.31784892870608
21,145,2.5854443683312227,11.154804237510302
22,145,9.613902919348252,5.6484612764574145
23,145,4.8959007385862945,5.3851551037865155
24,145,6.595491820626737,12
25,145,6.06673745761125,0.9282060019400629
26,145,7.685534828192695,3.0461336186624015
27,145,2.9773858436126206,11.991127461485148
28,145,0,12
29,145,2.0018142009330675,11.05301845696506
0,150,7.451727675499071,7.20491155014819
1,150,6.919329481050234,3.708113175812716
2,150,11.551847044979036,1.4130321705614863
3,150,8.808710026400934,2.884073068553275
4,150,1.8919886951266036,4.980516563513335
5,150,4.699536470422299,4.988268005784083
6,150,9.209507688583434,4.674632458765626
7,150,0.21868631254471202,1.4211797093261986
8,150,0.0022414034733614445,5.725592261655295
9,150,11.841874577888698,5.894320203482634
10,150,9.86327533196368,1.0476709216675104
11,150,11.647404172366317,9.125148154521815
12,150,7.308230706858378,1.5036261130311144
13,150,1.1965900339447781,7.4316068288548225
14,150,10.893257965227617,2.0483101240968726
15,150,3.7712923043555597,5.904417521249055
16,150,0.46443633365708914,1.3563396513747836
17,150,0.9577319659677115,12
18,150,5.7288051870851495,8.41400226392118
19,150,5.985098355342796,0.46409446196262283
20,150,10.855623822605814,11.33837205427055
21,150,2.4855778622233875,11.12491985699072
22,150,9.656353518951713,5.6747641880099575
23,150,4.845916616007282,5.401300152114562
24,150,6.600379253691935,12
25,150,6.09510244829769,0.8921553345987854
26,150,7.701916809096924,3.062456425231152
27,150,2.988170814148009,11.993097277833082
28,150,0,12
29,150,2.0087101856493317,11.195564468693165
0,155,7.352468341814116,7.431525033180364
1,155,6.891878004539218,3.7408278202279632
2,155,11.552685989544617,1.4097164992300988
3,155,8.775832224999098,3.0548303508593464
4,155,1.8802573868316006,4.971093375246151
5,155,4.723442542030856,4.954952436281125
6,155,9.257832294618778,4.708759737776199
7,155,0.2642675002132272,1.5589707417400205
8,155,0.002400672039812636,5.72108740072571
9,155,11.785326981266692,5.811666428920359
10,155,9.869343136370654,1.0315355901280847
11,155,11.618865191571771,9.271517819553416
12,155,7.371430767300672,1.4824129237136632
13,155,1.1952621746011387,7.435495471253827
14,155,10.953543348406585,2.054467981066583
15,155,3.762509741411122,5.900813343621598
16,155,0.4640402027882173,1.35536523130183
17,155,0.8634544414870058,12
18,155,5.729326680567915,8.415121485133826
19,155,5.868392876928379,0.48902531094030005
20,155,10.801628623153466,11.362654285059675
21,155,2.3880618135824836,11.09911841457231
22,155,9.698331532035233,5.7014870806597395
23,155,4.8031329438196595,5.414497710030722
24,155,6.595596943444996,11.991808381190074
25,155,6.123710868696242,0.8556131372857204
26,155,7.7110326069372634,3.0714777309459453
27,155,3.013092471663517,11.99871520258443
28,155,0.042848761783061844,12
29,155,2.015305098554308,11.334570463127577
0,160,7.245600419331634,7.657066828405082
1,160,6.854992737665598,3.782834784581076
2,160,11.552253549444023,1.4116654213706739
3,160,8.742683168161758,3.2018694447786413
4,160,1.859711442327135,4.954458352426861
5,160,4.746631581810367,4.922233323302944
6,160,9.320856444524436,4.753576659475462
7,160,0.30780143673467336,1.6997688456136915
8,160,0.001585032912499703,5.7375672470029695
9,160,11.725978338576619,5.723283272959664
10,160,9.868273331453958,1.0343387551595513
11,160,11.587682037482743,9.429711683588197
12,160,7.433752490696493,1.4629321576244458
13,160,1.2030385696802346,7.413047833354029
14,160,11.008292250277856,2.061741256574665
15,160,3.7474669004188716,5.894803771440874
16,160,0.4746355759783285,1.3821409965175573
17,160,0.7910534173526527,12
18,160,5.726538840791914,8.409371416326533
19,160,5.7556813744848805,0.5153053155212941
20,160,10.76678068842684,11.379773176459992
21,160,2.287358052132279,11.072523809461854
22,160,9.738761591538122,5.727580296142099
23,160,4.770601422917256,5.424651602470681
24,160,6.589303926382879,11.981316513640571
25,160,6.15716216633553,0.8139870402451758
26,160,7.71803572678736,3.0781449784674826
27,160,3.024793962442086,12
28,160,0.07766609024416939,12
29,160,2.023237766535057,11.489744493609297
0,165,7.132695962248172,7.906241171845827
1,165,6.800268960911473,3.8404969742148345
2,165,11.554849627626819,1.399460973218109
3,165,8.711283639832644,3.378995332763026
4,165,1.840349608597973,4.938514954264448
5,165,4.7724448326037106,4.8874245741731475
6,165,9.386885253549195,4.800124188054535
7,165,0.34689143962110475,1.8329267785804388
8,165,0,5.777222325877226
9,165,11.664599733947158,5.635025142083739
10,165,9.87758271889449,1.0072679692793785
11,165,11.732739641205596,9.455079720810277
12,165,7.500344961340205,1.444321657768855
13,165,1.2063056759419397,7.404029071216311
14,165,11.027647674864873,2.0643627565145617
15,165,3.7221705115030703,5.8847258481071485
16,165,0.49089319143460736,1.4237768129701733
17,165,0.733644540318269,12
18,165,5.729507265058937,8.41589620034871
19,165,5.659825121807905,0.5368868593548258
20,165,10.715951107692028,11.4030596633857
21,165,2.1883801714829967,11.045205535714635
22,165,9.766269728040108,5.745373135057846
23,165,4.739051440859763,5.434723473259849
24,165,6.5847677350000025,11.973601100374543
25,165,6.188755351339556,0.7733932157301173
26,165,7.712682938853555,3.0730333907825917
27,165,3.051800181690399,12
28,165,0.11372738556782902,12
29,165,2.034151357928768,11.671003792346061
0,170,7.029021230878361,8.13511730261539
1,170,6.747264247922128,3.8965665180421656
2,170,11.555399468788524,1.3966703113992875
3,170,8.684734424045754,3.553262177718586
4,170,1.838981799658993,4.937381050956592
5,170,4.814217938083196,4.832294437649887
6,170,9.446349405311814,4.844646690012829
7,170,0.3884238242528064,1.966367454450168
8,170,0,5.83720613465571
9,170,11.606615292766882,5.550854862484279
10,170,9.89161801746997,0.9660970722284444
11,170,11.890963079392362,9.482972442898186
12,170,7.567831564542531,1.4258810201929866
13,170,1.2006352947795862,7.4205116121690144
14,170,11.039582780079751,2.0661150823328462
15,170,3.712881212176158,5.880993448683117
16,170,0.496607492451855,1.4378152863537046
17,170,0.6658290999795329,12
18,170,5.729871416056214,8.416655208928617
19,170,5.576587051590677,0.5563589831681401
20,170,10.654489355363113,11.430914363557125
21,170,2.0755291793918045,11.01450473294775
22,170,9.793645683021783,5.762881672544507
23,170,4.72907744887803,5.437871496253781
24,170,6.574067225479483,11.955009738759854
25,170,6.225073092925695,0.7255023082201095
26,170,7.7281724797328,3.087732668497198
27,170,3.0832537548454133,12
28,170,0.14351772922490616,12
29,170,2.045112576870484,11.847634611661903
0,175,6.928933957769316,8.356911432716677
1,175,6.687643728191478,3.9567868408084883
2,175,11.559507726031907,1.372106413270525
3,175,8.657930612316786,3.722875189733846
4,175,1.819265558516303,4.921362125354523
5,175,4.847414405908771,4.79035628641325
6,175,9.490390121897335,4.879461512037399
7,175,0.2564505169896224,2.008137733019774
8,175,0,5.879880094948259
9,175,11.54718567308085,5.467640227570101
10,175,9.897922446006994,0.9473626495968853
11,175,12,9.512068520221915
12,175,7.553095035661648,1.3659848501939755
13,175,1.1959822975371832,7.433971344908341
14,175,11.028500342441982,2.0645198054902165
15,175,3.701179094747174,5.876215077611465
16,175,0.4963823912432549,1.4372701455924464
17,175,0.5631340609546043,12
18,175,5.740473731637624,8.439622086614108
19,175,5.516023791548132,0.5726569483488935
20,175,10.583312224912591,11.46473652722036
21,175,1.979384404065655,10.985124072309429
22,175,9.80702361418112,5.77084853234014
23,175,4.716568667050911,5.4416632260669875
24,175,6.546944102146612,11.909253424109142
25,175,6.266329968774598,0.6691236252380744
26,175,7.728092205412381,3.087656458357035
27,175,3.094250893923305,12
28,175,0.17398586494005788,12
29,175,2.0538438291548258,12
0,180,6.831084368316844,8.57799260620832
1,180,6.633270091037674,4.0079998546174
2,180,11.563359846296617,1.3456069329402043
3,180,8.631505929745906,3.892465156386702
4,180,1.7980246222751652,4.946677688283319
5,180,4.893495544485825,4.734054733607409
6,180,9.5713462829474,4.941495356297558
7,180,0.12291003364112285,2.051770031776014
8,180,0,5.927463485636964
9,180,11.478933504289593,5.378656582905174
10,180,9.88879481785385,0.9730209115856294
11,180,12,9.543339565043349
12,180,7.542510134421608,1.319048920320287
13,180,1.1952649972006288,7.435972982655154
14,180,11.007964982787064,2.0618925411681404
15,180,3.7060630406026807,5.878176840838723
16,180,0.4956388848010482,1.4355105792074934
17,180,0.44457687231002163,12
18,180,5.7462514724901155,8.4512188784077
19,180,5.447837233374364,0.590804222106277
20,180,10.519716211592948,11.493555575192154
21,180,1.8661025251844583,10.948654054916872
22,180,9.828835357876617,5.784297032965303
23,180,4.701251617970221,5.446213617349775
24,180,6.521264327774989,11.866027025034946
25,180,6.2955429650349,0.6273468369869386
26,180,7.72999804359911,3.0895084379657405
27,180,3.097423079199833,12
28,180,0.20646092345529815,12
29,180,2.0583265885640514,12
0,185,6.739894744807736,8.793509253231388
1,185,6.590294908777599,4.047145488050583
2,185,11.570281158970605,1.3002130242522227
3,185,8.605767522914716,4.07308985825303
4,185,1.774832401139683,4.973020040736619
5,185,4.939355565924992,4.675965533307232
6,185,9.656851114446178,5.004934192449843
7,185,0,2.095106645284658
8,185,0,5.979172437660989
9,185,11.407627882669821,5.282747954000702
10,185,9.87661558348291,1.0069436052085534
11,185,12,9.573953629263336
12,185,7.530892806742386,1.264523306503557
13,185,1.1885166829708806,7.45534895723167
14,185,10.968551711017655,2.056296898876757
15,185,3.714467917850609,5.881872543916645
16,185,0.49789869123722463,1.4410796981261713
17,185,0.3262199957565745,12
18,185,5.762208318188276,8.485580899512291
19,185,5.374270186716447,0.608811344677823
20,185,10.434906900390235,11.53197668968979
21,185,1.7495463374021962,10.910537785317539
22,185,9.850503431303766,5.7970522331192065
23,185,4.686681812804788,5.4509823886736335
24,185,6.499335389787636,11.829680335454595
25,185,6.332176953254803,0.5742677097913531
26,185,7.739590774318618,3.0990151708326317
27,185,3.120171193691072,12
28,185,0.2400257121252503,12
29,185,2.061123986853542,12
0,190,6.647809919424745,9.00138159289961
1,190,6.552642878186042,4.080500987315253
2,190,11.578820060119385,1.2494875691937535
3,190,8.579398959222939,4.256242895683079
4,190,1.7522807819387052,4.999144362388732
5,190,4.986978979383362,4.608474028184105
6,190,9.757496199486372,5.075148595074891
7,190,0,2.148811647638003
8,190,0,6.064201547114
9,190,11.329859404827523,5.184146114359914
10,190,9.864872440824985,1.0406053179644712
11,190,12,9.603077550524288
12,190,7.5182294657537465,1.2062497995593107
13,190,1.1782368604211795,7.482229732360547
14,190,10.95136820643407,2.054637276749743
15,190,3.7305042030220883,5.888972801513545
16,190,0.5059152647991833,1.4608511039830883
17,190,0.2033929728910796,12
18,190,5.772494680447018,8.508626715907711
19,190,5.281820689518288,0.6314543332287523
20,190,10.326981571130018,11.581224209338641
21,190,1.6096129959798369,10.86628569517037
22,190,9.872155008248733,5.81018688899626
23,190,4.686470114662424,5.451054576881139
24,190,6.485966540079825,11.808072684602752
25,190,6.378279677600221,0.6072317696762737
26,190,7.777173263811267,3.133854586057078
27,190,3.143854408777113,12
28,190,0.2827723432535204,12
29,190,1.869164810395024,12
0,195,6.557995295287233,9.204534015035089
1,195,6.512909316822535,4.115369891351169
2,195,11.591994679475318,1.1780527749364134
3,195,8.550871983855092,4.452769289654897
4,195,1.7303213116331435,5.02346767285947
5,195,5.044285732084687,4.5334419638199375
6,195,9.840929097752145,5.1378429500298965
7,195,0,2.2010289046490197
8,195,0,6.174013998209714
9,195,11.252608545270077,5.08337333966773
10,195,9.852405768606243,1.0814607663105809
11,195,12,9.628829841000496
12,195,7.505798665952819,1.1541258737135744
13,195,1.163530583011321,7.521736300690503
14,195,10.916554638763222,2.0510090390640965
15,195,3.7463630046470553,5.896618282794295
16,195,0.5061727560536757,1.4614809686712447
17,195,0.08998791787810062,12
18,195,5.774475902542737,8.513148056426754
19,195,5.174422586345338,0.6599087032586705
20,195,10.226898820100764,11.628119359278173
21,195,1.4721937642607497,10.824855977495691
22,195,9.899631679945184,5.826833421882671
23,195,4.6794619080833355,5.45331162002272
24,195,6.463586540352178,11.773605935774668
25,195,6.431372722748985,0.6447421030791886
26,195,7.812043667745701,3.163891110550811
27,195,3.157276114726359,12
28,195,0.32034830901024225,12
29,195,1.678845907390357,12
0,200,6.468585411360512,9.405327497957316
1,200,6.485915657459407,4.13965143300868
2,200,11.602724191391566,1.1024636428056265
3,200,8.527501143073302,4.6431023951848465
4,200,1.7007417749619265,5.056341473608317
5,200,5.101071438235861,4.458613848320972
6,200,9.921236789648068,5.198662945017344
7,200,0,2.2577691797280517
8,200,0.0006781380224609295,6.277419469046506
9,200,11.175865648881048,4.984375217601553
10,200,9.840270775868504,1.1229372381067748
11,200,12,9.658565050513332
12,200,7.5826965234387504,1.134668427302023
13,200,1.1426437051865683,7.578305133361998
14,200,10.871798887182344,2.0461101600055334
15,200,3.761589193482759,5.9037267209675655
16,200,0.5027433019329697,1.452994560355104
17,200,0,12
18,200,5.776717891256848,8.518423976635354
19,200,5.0711130832779165,0.6901295824524919
20,200,10.143526757188212,11.66818845575618
21,200,1.333526654250524,10.785497962841768
22,200,9.92998203119908,5.845725696132793
23,200,4.710869371577098,5.44412297568713
24,200,6.436812811297571,11.732018030824303
25,200,6.470317265332402,0.6722578886227896
26,200,7.842533456486508,3.191373938798842
27,200,3.185420173515205,12
28,200,0.3526806655975275,12
29,200,1.4787248925281,12
0,205,6.369961968725965,9.605413917804158
1,205,6.455485541273622,4.165674315462647
2,205,11.613898593429628,1.0093474624834047
3,205,8.50536591063736,4.837286171155905
4,205,1.6829711934895455,5.0756051320597635
5,205,5.15076834365908,4.38829773020211
6,205,9.997264217754738,5.254456426995991
7,205,0,2.3140741369229003
8,205,0.0030691535773652036,6.384852086614963
9,205,11.101337277218379,4.88699594124484
10,205,9.834329365281885,1.1466206620051134
11,205,12,9.686848228259601
12,205,7.660294281109242,1.1154694497891569
13,205,1.114632437769213,7.65223750244575
14,205,10.821748598411132,2.0409397299743355
15,205,3.788357613903622,5.916429198319718
16,205,0.501696601926034,1.4503433847803768
17,205,0,12
18,205,5.769949143024932,8.502575370131682
19,205,4.980163620034371,0.7159857041712757
20,205,10.05786578037129,11.70786477546313
21,205,1.1844259571558442,10.74169426456459
22,205,9.945975965650433,5.855463771786513
23,205,4.759767271327529,5.429218227032666
24,205,6.412189734212406,11.696260882701592
25,205,6.504629152152131,0.6978188409981196
26,205,7.823311554366595,3.2124554551162383
27,205,3.207047333617332,12
28,205,0.3969547369110911,12
29,205,1.2967715554093633,12
0,210,6.278515924908358,9.785337110721605
1,210,6.441480045982944,4.177535335490909
2,210,11.627112661129427,0.902866683736433
3,210,8.484433069705208,5.044079104888458
4,210,1.6558641514669177,5.106571557446561
5,210,5.202476558803536,4.313349188862264
6,210,10.084006935144576,5.314158320976148
7,210,0,2.3716415191158267
8,210,0.00574997004680484,6.505806209553175
9,210,11.02263747817016,4.785622689530559
10,210,9.829148106463684,1.1653288830173532
11,210,12,9.723033411331402
12,210,7.730788750628577,1.1000617960971528
13,210,1.0860347901812442,7.728228171882781
14,210,10.818694593346255,2.0987018089131677
15,210,3.8172655623107596,5.9285366046336465
16,210,0.5020725667497555,1.451305293676594
17,210,0,12
18,210,5.763008896722227,8.48432058338764
19,210,4.9170594565257995,0.7343121120546848
20,210,9.948593233558798,11.760646271035554
21,210,1.0357517766944462,10.69711237666103
22,210,9.965143974905445,5.867196606131163
23,210,4.820970455455186,5.410125986292167
24,210,6.396984345862383,11.672078109680061
25,210,6.530227608956252,0.716711163386456
26,210,7.799017143486852,3.2394235001413665
27,210,3.207821113257569,12
28,210,0.42868381703313513,12
29,210,1.1146101537144324,12
0,215,6.193441992013893,9.960260266536888
1,215,6.42723465472402,4.189414935157054
2,215,11.636690032778196,0.8205056305012451
3,215,8.460679911027768,5.260960120250359
4,215,1.6329080456892904,5.1340129823600105
5,215,5.246869593767201,4.247486060249207
6,215,10.160460520919083,5.370452403129646
7,215,0,2.4263824427763008
8,215,0.00609785266559233,6.6216287739798725
9,215,10.96090820694158,4.706338906153421
10,215,9.825733653959762,1.1789000904590563
11,215,12,9.760022713197749
12,215,7.826904030386608,1.077897166128228
13,215,1.058100221715431,7.801817214347912
14,215,10.816793503656067,2.1768519423507593
15,215,3.8645032846760508,5.948145754458321
16,215,0.4999710298271932,1.446273949541717
17,215,0,12
18,215,5.759913065136841,8.475095076468378
19,215,4.857194135070387,0.7524770990224338
20,215,9.827743542530941,11.816119746416078
21,215,0.8802609955658811,10.651196512239093
22,215,9.99125298303883,5.882244770131374
23,215,4.8792348618963155,5.391633047877089
24,215,6.362347502025364,11.61437426607317
25,215,6.559218082700995,0.7390397852459517
26,215,7.7721964108334705,3.2696809398517805
27,215,3.2159388782690246,12
28,215,0.46568323666244726,12
29,215,0.9446734842704022,12
0,220,6.108934422496901,10.129048228476968
1,220,6.41844743085111,4.197223099565306
2,220,11.64721578128709,0.7387673058253634
3,220,8.439169486707796,5.470649026688167
4,220,1.611748361744998,5.158606685705442
5,220,5.304207285056069,4.163167397625275
6,220,10.226791017819357,5.419807456941066
7,220,0,2.483306383569
8,220,0.005497668644848635,6.724148741780044
9,220,10.90444452542045,4.635069365869983
10,220,9.83035687891295,1.1607967477463015
11,220,12,9.79590703085884
12,220,7.907705909579317,1.0590941960329843
13,220,1.0211659295655542,7.899655258710123
14,220,10.815071792286108,2.2345940736529943
15,220,3.9124465026669033,5.9681487634653445
16,220,0.4957379693413927,1.436023546478353
17,220,0,12
18,220,5.760073198976739,8.47554549503371
19,220,4.807579226976307,0.7672025743883184
20,220,9.708902311996333,11.866545005049748
21,220,0.7311109647820233,10.604676064861346
22,220,10.00693567993924,5.891564614412685
23,220,4.944213491305746,5.370751529886302
24,220,6.34363373933675,11.580256121556594
25,220,6.601508486658448,0.7689041797318047
26,220,7.733924258559506,3.3151131800385056
27,220,3.225615568242649,12
28,220,0.502630578455418,12
29,220,0.7657331565598587,12
0,225,6.02218285814747,10.303516208905439
1,225,6.424711378478339,4.191896709670768
2,225,11.662496989114576,0.6386530916969283
3,225,8.41818751731367,5.657417519109072
4,225,1.5865876341031284,5.189133613052754
5,225,5.358210555354923,4.084724472561601
6,225,10.32593921889776,5.492920848852352
7,225,0,2.5492789624078083
8,225,0.004729201724785925,6.81802029011538
9,225,10.846864239389983,4.562270379167707
10,225,9.833533610635154,1.1479534920262582
11,225,12,9.836178113543127
12,225,8.004005879119346,1.0336374483283253
13,225,0.980722641361602,8.001775021503507
14,225,10.81349886941257,2.2716070797412957
15,225,3.9862501107173607,6.001502836698266
16,225,0.4901828511796485,1.4230780873432922
17,225,0,12
18,225,5.766250742612015,8.493033311787093
19,225,4.758541304805172,0.7822479702463041
20,225,9.599173021959297,11.908763332151258
21,225,0.583927034074821,10.55541713015868
22,225,10.033972193721771,5.907813266922122
23,225,5.017567485488956,5.347244956866058
24,225,6.323068103092034,11.53950860204786
25,225,6.655629257895157,0.8066016517717901
26,225,7.704162181937129,3.351449096491112
27,225,3.223481099581003,11.999604189101188
28,225,0.5419102827845823,12
29,225,0.5719510850278751,12
0,230,5.9330667054475725,10.467998406197706
1,230,6.456420797731254,4.165382725934386
2,230,11.680539229735851,0.5119475913326085
3,230,8.396964532014806,5.823085042832885
4,230,1.5592365907019965,5.22339345812196
5,230,5.398640396824398,4.022098912112965
6,230,10.409369348200885,5.556875354917245
7,230,0,2.612541711345381
8,230,0.001174016426572111,6.883591579976504
9,230,10.77996536585643,4.477890273393149
10,230,9.83304750590432,1.1501485078372005
11,230,12,9.875588829480996
12,230,8.101743206961293,1.0042919119532685
13,230,0.9350444939304429,8.1158165312539
14,230,10.812688231377125,2.317419094037098
15,230,4.065408280444311,6.038316341945441
16,230,0.48480963174034303,1.4112758921943431
17,230,0,12
18,230,5.77347806596728,8.514444099356655
19,230,4.724823240146664,0.792150645836523
20,230,9.474579691702404,11.952533398338424
21,230,0.4202705953639683,10.499355574647176
22,230,10.060220461417206,5.924609272958277
23,230,5.080807602074065,5.327402452059123
24,230,6.294252788433072,11.481349798800629
25,230,6.738408302924772,0.8670217896305598
26,230,7.681242889203812,3.3782920807815193
27,230,3.2133674630700257,11.99785417805431
28,230,0.5805220793979848,12
29,230,0.3829280680870761,12
0,235,5.8428423449838505,10.631921757711556
1,235,6.480900646376231,4.143762219741744
2,235,11.69626455718144,0.3998476898044389
3,235,8.372945532504309,5.984484269094661
4,235,1.5492059493163288,5.236546064076639
5,235,5.42267589421307,3.9848061490556606
6,235,10.506790308627217,5.629141291625557
7,235,0,2.6773922959963836
8,235,0,6.93159401025204
9,235,10.716941649880596,4.39915350220086
10,235,9.83131383311834,1.1580353550942528
11,235,12,9.916788269398703
12,235,8.219190545955897,0.9710619841636897
13,235,0.8897406882081227,8.227721576940827
14,235,10.811954481993906,2.3732603199124838
15,235,4.13856190885542,6.074588471860166
16,235,0.4788686316088756,1.3979491513029922
17,235,0,12
18,235,5.78124892362488,8.535758067918733
19,235,4.681789132863314,0.8031579397289158
20,235,9.375275758558294,11.984161136559138
21,235,0.270006959832902,10.44623736209596
22,235,10.099822901959673,5.950748290607426
23,235,5.146392793140046,5.306326638107992
24,235,6.265068207548995,11.420481913702961
25,235,6.810504704525336,0.9203480464381429
26,235,7.649056537017619,3.4166711244432153
27,235,3.20671316248348,11.996639489887608
28,235,0.6853037808103977,11.956859217462657
29,235,0.197519384432197,12
0,240,5.755015083388316,10.784697593940537
1,240,6.523697073130309,4.105171684399879
2,240,11.711990040750091,0.2885378543365703
3,240,8.350453722529952,6.14539982776959
4,240,1.5456789383671026,5.241083711093523
5,240,5.451036360685029,3.9420833243806213
6,240,10.62862443213043,5.717791760372322
7,240,0,2.7416267445341953
8,240,0,6.9834338363580795
9,240,10.629958775523669,4.294158785879556
10,240,9.823572333501447,1.1896872523170583
11,240,12,9.956246047918544
12,240,8.314094561645003,0.9441138998890785
13,240,0.8471345586155067,8.33846862035568
14,240,10.811836866602414,2.4084490944864876
15,240,4.197380753520096,6.102213354268326
16,240,0.4701607406597849,1.3778533418055523
17,240,0,12
18,240,5.78755311851376,8.553722912596402
19,240,4.628693853332542,0.8159453865296654
20,240,9.260613308778083,12
21,240,0.1003794598176177,10.389902733467942
22,240,10.152398287923221,5.9851607246684235
23,240,5.220576345716162,5.28161853179375
24,240,6.239953786093159,11.371274646031505
25,240,6.883758979602634,0.9788576117045463
26,240,7.621920689628412,3.4509746623318636
27,240,3.186390211992965,11.993050380574813
28,240,0.7929039585056785,11.914869790083335
29,240,0.001340783820757696,12
0,245,5.666762301628989,10.928264710614242
1,245,6.555214304083937,4.076360685621156
2,245,11.726145694960103,0.17963045627615792
3,245,8.328703901801145,6.299998991471969
4,245,1.5344681039247272,5.254309645536964
5,245,5.472023178595251,3.910921909138127
6,245,10.708159465716411,5.775304415676995
7,245,0,2.8087106751129673
8,245,0,7.021404328742543
9,245,10.537976647156155,4.173301448737393
10,245,9.819043909809274,1.208149330339431
11,245,12,9.99039463561224
12,245,8.426758406863229,0.9090422850757792
13,245,0.8020450510860418,8.468616458211393
14,245,10.810202453095325,2.4544942354771373
15,245,4.267617724546432,6.133372579562971
16,245,0.4578670146091732,1.3831203380655135
17,245,0,12
18,245,5.792678881061091,8.568942240089807
19,245,4.591693374269621,0.824356202447648
20,245,9.131752323545294,12
21,245,0,10.33420007576129
22,245,10.19527682548933,6.013068532644211
23,245,5.282311831012916,5.261419734386861
24,245,6.208723597106217,11.307246619934192
25,245,6.94693108068058,1.0325043067917412
26,245,7.591864447468497,3.4885532531691674
27,245,3.1976668990883876,11.994694579833736
28,245,0.8996053679395648,11.872964402550226
29,245,0,11.998750750182875
0,250,5.573044827679071,11.077165449583891
1,250,6.5180514933595655,4.0319381676957375
2,250,11.738715235813462,0.08360623645866405
3,250,8.305832534515618,6.445169120138891
4,250,1.5267439336886455,5.26338384395054
5,250,5.484257280679704,3.8923666695565524
6,250,10.785516008489804,5.831503862673484
7,250,0,2.8700079265442042
8,250,0,7.0732560713194115
9,250,10.434278258194992,4.0426846783121
10,250,9.820904316409747,1.2013132856648623
11,250,12,10.02353622554835
12,250,8.54595599012435,0.869218243947496
13,250,0.7597243479387118,8.592726779896383
14,250,10.807621073120014,2.5140652199596882
15,250,4.315377757038819,6.154840645493286
16,250,0.44734613653555044,1.387878189534616
17,250,0,12
18,250,5.79437965168786,8.5742274528366
19,250,4.538269667824213,0.836004449493763
20,250,9.025059394152908,12
21,250,0,10.277543028942999
22,250,10.243222432850027,6.043730005361097
23,250,5.349807041015199,5.2387298934421365
24,250,6.185728184862303,11.262845273025432
25,250,7.007623408470575,1.0821758887858488
26,250,7.555153271726839,3.5344194435170815
27,250,3.2117369113131575,11.996600918884116
28,250,0.9951502903812515,11.83288568933415
29,250,0,11.992905307723344
0,255,5.47426848759173,11.238566114076555
1,255,6.484164284523329,3.9892724472979593
2,255,11.754658757478692,0
3,255,8.280745681560218,6.586544490610177
4,255,1.502039688969537,5.292311722603717
5,255,5.488011757823443,3.8867705515621753
6,255,10.860522339250803,5.887067358804009
7,255,0,2.943608226607297
8,255,0,7.1272007103770045
9,255,10.323948268688978,3.907490340315455
10,255,9.821171389764528,1.2003080947024478
11,255,12,10.051777848938169
12,255,8.681985659297839,0.8208322898809558
13,255,0.7179139133080537,8.709188439838913
14,255,10.804034666758257,2.5678696739916833
15,255,4.364604971008617,6.1766055733905585
16,255,0.43250273877235185,1.3946798352320997
17,255,0,12
18,255,5.7947750735858365,8.57545969270426
19,255,4.493421741678366,0.8454030755165012
20,255,8.939869597633312,12
21,255,0,10.220358676611207
22,255,10.267590010459616,6.060501769361608
23,255,5.419793765669537,5.213681668865652
24,255,6.15158499895125,11.193090921068443
25,255,7.054615339365668,1.1224158712263768
26,255,7.522636264348712,3.575674350964174
27,255,3.231808492860866,11.999601580777135
28,255,1.097282473499616,11.7891097384493
29,255,0,11.990010240155595
0,260,5.374407980997883,11.394890026632371
1,260,6.4576428702698125,3.9534524313055806
2,260,11.768701251342897,0
3,260,8.25801116714785,6.724383285114823
4,260,1.4805686004834748,5.318239197718197
5,260,5.501813665375638,3.8650126213264215
6,260,10.924128334669097,5.936179274323655
7,260,0,3.011041072769249
8,260,0,7.192092831476685
9,260,10.20306007724898,3.7632004712701583
10,260,9.818592039640656,1.2099512061401594
11,260,12,9.874588494592606
12,260,8.81411032557319,0.7708188536140544
13,260,0.6717372140105098,8.839206992443101
14,260,10.801525627716078,2.6058903588474225
15,260,4.4322960508537586,6.206563775597092
16,260,0.4059704740476506,1.4061905622507174
17,260,0,12
18,260,5.802197835165209,8.598929436513938
19,260,4.445233110103468,0.8541468877633516
20,260,8.846550719446208,12
21,260,0,10.161726163777178
22,260,10.2975502658573,6.081051623485127
23,260,5.485827009258474,5.18926392382025
24,260,6.10944854747967,11.10838149677897
25,260,7.09967302506218,1.1602693479247608
26,260,7.49511246822704,3.611367021917545
27,260,3.217512762152928,11.997241219528323
28,260,1.2328143661295194,11.733629290662822
29,260,0,11.982274223558134
0,265,5.279499675350417,11.540317755418034
1,265,6.438283928132801,3.927832848707532
2,265,11.78450900243317,0
3,265,8.372570595997466,6.7424979121367
4,265,1.4579293378254414,5.3461881449934765
5,265,5.509546240816416,3.852757291542603
6,265,10.989524886041524,5.98467699425263
7,265,0,3.0764883154478975
8,265,0,7.234559667125454
9,265,10.086143897022609,3.6260218724759063
10,265,9.81974457599049,1.2057823572438668
11,265,12,9.697556420898902
12,265,8.94386625820686,0.717315638729762
13,265,0.6317696634809153,8.958335021539684
14,265,10.79949429229259,2.6353993847396113
15,265,4.486682488365521,6.2305477321432745
16,265,0.3688303682650806,1.4227743487578859
17,265,0,12
18,265,5.811877948005172,8.629677349891727
19,265,4.3626356297707005,0.8681291512758236
20,265,8.762769705631364,12
21,265,0,10.088802520592056
22,265,10.323974119877763,6.099914272227547
23,265,5.526820727436471,5.173872310757377
24,265,6.062360772452073,11.010578914693168
25,265,7.132791862300576,1.1869591789927365
26,265,7.463959019472959,3.6523135800423563
27,265,3.1863761749296526,11.992160470905045
28,265,1.3713568329613377,11.678735808280553
29,265,0,11.975789165132891
0,270,5.189136653699242,11.68170638872124
1,270,6.433165903168505,3.921193972068017
2,270,11.799974013401942,0
3,270,8.472523631530409,6.760248968107056
4,270,1.4322954412215052,5.37739082775125
5,270,5.52922630628916,3.821628060125819
6,270,11.050700151590739,6.030022423535681
7,270,0,3.134024636229621
8,270,0,7.307013357099289
9,270,9.96328500229309,3.484383707149543
10,270,9.819185383142571,1.207611195714759
11,270,12,9.533160634391256
12,270,9.067691150126334,0.6663061032050288
13,270,0.5982027050419735,9.058936265639318
14,270,10.799476772671692,2.635856634424465
15,270,4.5290644742449215,6.250160684833511
16,270,0.3331609690668336,1.4372258218380898
17,270,0,12
18,270,5.821986886936274,8.662034650589888
19,270,4.298784763210634,0.8784747630828267
20,270,8.67809067745672,12
21,270,0,10.012228613140824
22,270,10.3601480862172,6.125355595693688
23,270,5.534506733744013,5.170870867076564
24,270,6.02403753039129,10.93091874092634
25,270,7.15735961348409,1.207274723143405
26,270,7.443956432086381,3.6768944255252705
27,270,3.1557044332327666,11.987092831784437
28,270,1.51483268470178,11.618162128735632
29,270,0,11.976245962510415
0,275,5.098024180564883,11.830568161085935
1,275,6.428277825678479,3.9147349941794904
2,275,11.816156183788424,0
3,275,8.58250712388595,6.781621748899288
4,275,1.4134688373736302,5.399713785397199
5,275,5.5453287287752815,3.7958028445425733
6,275,11.1226870212164,6.081175378568941
7,275,0,3.2002963073864015
8,275,0,7.378479275111133
9,275,9.825418500168308,3.3315605979142955
10,275,9.816150988448326,1.2170236759220825
11,275,12,9.383316733476757
12,275,9.21143461772782,0.6093471898016151
13,275,0.575969514171702,9.12399600129605
14,275,10.799606832800228,2.628882246835481
15,275,4.5565966998539755,6.26335340022937
16,275,0.267195231220558,1.462942089492524
17,275,0,12
18,275,5.8359153424015275,8.706569272782215
19,275,4.237440849308867,0.8886680320566405
20,275,8.60617508651587,12
21,275,0,9.941135998953436
22,275,10.398833030632643,6.152773735400675
23,275,5.547614995562694,5.165817277868683
24,275,5.991456401845094,10.856416014677293
25,275,7.191362751509276,1.23524927591907
26,275,7.426111937505941,3.6995658523977193
27,275,3.1294573525883136,11.982849140279216
28,275,1.6687143206802395,11.556409250719208
29,275,0,11.971306531647512
0,280,5.012043241080654,11.96934787846
1,280,6.408637555043817,3.887823488768245
2,280,11.829658015170638,0
3,280,8.699166949715629,6.804422402370046
4,280,1.4042198919630482,5.41070442059338
5,280,5.57084825522402,3.7559793644541686
6,280,11.192247228636663,6.130048151974999
7,280,0,3.272229809879894
8,280,0,7.432088082725979
9,280,9.70338351489849,3.204580977204478
10,280,9.806819090426249,1.2476207898906493
11,280,12,9.200611546551407
12,280,9.349866334670875,0.5514245178118456
13,280,0.5480008900148647,9.204333869597217
14,280,10.798724365079883,2.6561783312441962
15,280,4.560958473906208,6.26521798820665
16,280,0.1985002795556144,1.489328662068718
17,280,0,12
18,280,5.851186658397242,8.751699087319917
19,280,4.17122140057144,0.897353598780349
20,280,8.551998249048738,12
21,280,0,9.867351390791699
22,280,10.419675465475846,6.166887832483576
23,280,5.550472845306476,5.1647462914579245
24,280,5.9695145570872805,10.805785316688867
25,280,7.245510272093027,1.2750261992226197
26,280,7.399571564552373,3.7319106802382835
27,280,3.113189907612224,11.980122248008021
28,280,1.8220489713078125,11.492933875010042
29,280,0,11.9647740252848
0,285,4.915169858339206,12
1,285,6.3913613501224775,3.8641452692811042
2,285,11.844118356832064,0
3,285,8.818403565969712,6.8256657520431725
4,285,1.3998822962649624,5.415827269027527
5,285,5.534706848264164,3.733612620076384
6,285,11.25163452577372,6.171522499085602
7,285,0,3.3451835389446907
8,285,0,7.466743236829573
9,285,9.578277574011716,3.0774528675235535
10,285,9.799161273476773,1.2731909299353485
11,285,12,9.018158972278869
12,285,9.514801513773833,0.4750733818277131
13,285,0.5222465561389393,9.282247371158755
14,285,10.79789314401577,2.686829224567649
15,285,4.5497018816189385,6.260253118600908
16,285,0.13429203671808604,1.5149717478808793
17,285,0,12
18,285,5.870190944154695,8.809097399181136
19,285,4.108089379751088,0.905679968319503
20,285,8.502186740054155,12
21,285,0,9.790585389401837
22,285,10.420360013820243,6.167340449953531
23,285,5.548988231260488,5.165285846705748
24,285,5.953629299641314,10.763590208632193
25,285,7.314477723898317,1.3283213384972077
26,285,7.363489916038305,3.775484995532005
27,285,3.086446983460116,11.975495797924802
28,285,1.9698486353099098,11.43384669741594
29,285,0,11.965544301026458
0,290,4.815629093717225,12
1,290,6.358155463440824,3.8224923736183882
2,290,11.859758593243523,0
3,290,8.951662950719259,6.848185648420652
4,290,1.4051243164642038,5.409858692006068
5,290,5.491383675458648,3.70646951851776
6,290,11.317642953225953,6.21639796777047
7,290,0,3.4205370715548336
8,290,0,7.478550188093032
9,290,9.466781479051384,2.9678871476978923
10,290,9.794668850187923,1.2879508605517664
11,290,12,8.828763808214962
12,290,9.709771395458128,0.3848850769877548
13,290,0.4968733123821353,9.361223612726283
14,290,10.797747049782664,2.711225274822374
15,290,4.537168556491871,6.254489036178712
16,290,0.05368293312308599,1.5463783257590689
17,290,0,12
18,290,5.883201268019315,8.84951472685341
19,290,4.058826648251381,0.911303836306854
20,290,8.440872864536615,12
21,290,0,9.717675527064063
22,290,10.426563962379927,6.1714297597096035
23,290,5.552478305299686,5.164137793466348
24,290,5.939983571422947,10.727381696480215
25,290,7.373260720969879,1.3752236278615373
26,290,7.328589205370937,3.8174676111537167
27,290,3.0678942764301587,11.97220515076938
28,290,2.1120144895358863,11.379157970303602
29,290,0,11.968327591486805
0,295,4.732830484519774,12
1,295,6.344677964273354,3.8052863390258453
2,295,11.878093162006275,0
3,295,9.076123372179238,6.871742542345213
4,295,1.4126518853102872,5.401392321666297
5,295,5.4380024986106,3.6735273511697013
6,295,11.37511937777957,6.255768971099223
7,295,0,3.4861359043302733
8,295,0,7.4855312782876124
9,295,9.356707008225841,2.8635756735858435
10,295,9.79413500375794,1.2896612286750646
11,295,12,8.62195206145955
12,295,9.895151310534109,0.3002592931223507
13,295,0.4735994554642506,9.440882919185306
14,295,10.797597766159457,2.7209038090617117
15,295,4.528344724067095,6.250608869565371
16,295,0.021607270301841813,1.465648441366501
17,295,0,12
18,295,5.895418987064485,8.892370802995258
19,295,4.024588747660302,0.9156927520671108
20,295,8.371932200141348,12
21,295,0,9.649554803615574
22,295,10.43025916756325,6.173856232747054
23,295,5.563976796449409,5.160137042819406
24,295,5.931954721596385,10.706732353479435
25,295,7.417468047576943,1.4089697765240452
26,295,7.29102170996621,3.863332315591513
27,295,3.0641357525382293,11.971479891040035
28,295,2.2638890813468064,11.325790134744308
29,295,0,11.724535208109451
