id,time,x,y
0,0,6.997324100336444,10.95460713309721
1,0,10.96989737920886,4.964630960835417
2,0,11.942028924062226,10.017841734057875
3,0,5.02470825203983,7.992789687830044
4,0,5.969722172074322,1.9729926706382963
5,0,8.967276286076487,11.058807510293928
6,0,1.9839259438086196,4.9574321409431334
7,0,6.957263978538287,7.975094148048301
8,0,11.066850746900656,1.9909259735109068
9,0,6.989643972568647,12
10,0,2.959659370953495,5.029233644379011
11,0,3.039800178107375,10.96129583172591
12,0,6.95237696246679,8.995623474555718
13,0,8.95105850480063,4.025117675604522
14,0,4.995944636370318,11.941927148135077
15,0,7.035229079157165,6.943491239970541
16,0,5.026040751227497,4.065492816719852
17,0,3.9570458534431734,8.998025727821023
18,0,7.9877324942232555,11.047264198294041
19,0,3.9485114721329153,0.9572287015244773
20,0,0,12
21,0,3.938486129040935,9.024328609813015
22,0,3.9915419570499444,9.06004538874878
23,0,8.951902297191229,4.029363466095835
24,0,5.023196750479944,6.960066201930579
25,0,2.9819059081857118,2.017583524334464
26,0,0,7.043427312240099
27,0,9.941584976220721,5.0018794555670665
28,0,2.066952234913552,4.008196485995826
29,0,9.025459215598225,12
0,5,6.992711729099549,10.904316615269375
1,5,10.94582929466637,4.935369947635691
2,5,11.898232658169073,10.030962980594337
3,5,5.0517369802111505,7.98524270496898
4,5,5.9184942208918425,1.9272836934269657
5,5,8.926225608908132,11.13176425499002
6,5,1.966211516975341,4.908944364184518
7,5,6.944738150319401,7.967718076168878
8,5,11.12651160969419,1.9829256892903722
9,5,6.977599844519434,12
10,5,2.9148872101656114,5.06153975810486
11,5,3.0754950165600614,10.927205336911017
12,5,6.89170616710559,8.989744242021922
13,5,8.902568893601865,4.049238842291371
14,5,4.991204030621082,11.888405203241037
15,5,7.0737067940518905,6.881919440881001
16,5,5.051073992714672,4.1251416532255405
17,5,3.904609636974967,8.995588935573247
18,5,7.980222153891697,11.07703206595581
19,5,3.886744391424057,0.9069901957711612
20,5,0,12
21,5,3.8709307773677524,9.049490726521592
22,5,3.980562754824474,9.129961435875838
23,5,8.89682794568213,4.064316536131204
24,5,5.0438392471467814,6.926145418072271
25,5,2.948717126104036,2.050886203905487
26,5,0,7.086400615173789
27,5,9.87515428177052,5.005488160801929
28,5,2.137389630250829,4.016973217994402
29,5,9.047822160645918,12
0,10,6.985835656403353,10.835619628861208
1,10,10.910448116005016,4.892021384392559
2,10,11.88086048999652,10.036443948985719
3,10,5.083092089897377,7.977139530537821
4,10,5.866509054286395,1.8832013509212118
5,10,8.893586133892045,11.193695478354176
6,10,1.9498132284552772,4.859800723411573
7,10,6.940928440210119,7.965352321943987
8,10,11.198091332186806,1.973792063906125
9,10,6.965785859979704,12
10,10,2.8685277638762465,5.095846259753019
11,10,3.1200407531881162,10.885884442843116
12,10,6.850003866439627,8.985519999145126
13,10,8.855353882086163,4.071389032556644
14,10,4.987140748857125,11.847793200280595
15,10,7.108308277840217,6.831140480305173
16,10,5.068992112975811,4.167849236751301
17,10,3.834275922725423,8.99201773844952
18,10,7.971496982168425,11.115105856129645
19,10,3.8326940489826873,0.8652871631105733
20,10,0,12
21,10,3.8279551573849755,9.065574364972896
22,10,3.968989601628077,9.208546839890632
23,10,8.850283012732175,4.095455162880779
24,10,5.053821000667383,6.909660237944556
25,10,2.916723868079621,2.0841150848101133
26,10,0,7.14050442971935
27,10,9.792146295257217,5.009236277774588
28,10,2.2011782960410584,4.024244554459438
29,10,9.079491190222969,12
0,15,6.974720844644674,10.754265210319907
1,15,10.861991928673138,4.831251387219808
2,15,11.866820596752156,10.040568546623913
3,15,5.135339322790414,7.961424914415876
4,15,5.815875552057993,1.8366551084876914
5,15,8.863277656470796,11.252483245297404
6,15,1.9343052943647678,4.811822447649097
7,15,6.947555933868582,7.969558813371762
8,15,11.26397947111299,1.9643591311681383
9,15,6.951522188551073,12
10,15,2.904496204407249,5.14153000612854
11,15,3.15075619571771,10.856639718485336
12,15,6.808581581976552,8.982032129911872
13,15,8.82460061668979,4.085786442997565
14,15,4.979501484731643,11.78063550031174
15,15,7.139560230788669,6.785659560201712
16,15,5.093136335392408,4.223037867520826
17,15,3.765421376249971,8.987271912903624
18,15,7.96403084092291,11.151021804371386
19,15,3.7831096955137653,0.824662941279794
20,15,0.027966945269959086,12
21,15,3.7945862498621556,9.078336853980916
22,15,3.956208313308537,9.284279274726995
23,15,8.813688822158326,4.121254355130903
24,15,5.067130681835989,6.886945954293146
25,15,2.8834864303375047,2.120565473925462
26,15,0,7.176002492485922
27,15,9.690657996786484,5.011613903773701
28,15,2.271197785701651,4.033157379423547
29,15,9.099862106977131,12
0,20,6.962304515557854,10.668628945366786
1,20,10.80831186667098,4.765038954620384
2,20,11.852536318060782,10.044722332815724
3,20,5.186125668770219,7.944511621710097
4,20,5.767516274232061,1.79541705812857
5,20,8.831644982303812,11.31915390105229
6,20,1.9255253935106114,4.784822283469083
7,20,6.937846122717764,7.963127476505474
8,20,11.321533031042767,1.9572297908011995
9,20,6.935534513684718,12
10,20,2.932543324388836,5.177692008006092
11,20,3.177998757819579,10.832288830654376
12,20,6.772924387865979,8.97895129916894
13,20,8.786879282434983,4.102047182574552
14,20,4.97381211221062,11.72737526400526
15,20,7.1777428607988485,6.729688387443344
16,20,5.117991872629804,4.28302080960263
17,20,3.7082582684251726,8.983090363790732
18,20,7.9567879972683055,11.18747887702698
19,20,3.72674632793019,0.7781942684189248
20,20,0.05702154629871433,12
21,20,3.7651660957931745,9.089235373971793
22,20,3.9462367613764573,9.343219076169516
23,20,8.760986177923716,4.157312974043176
24,20,5.0824994882928625,6.86085903975325
25,20,2.8696735250056746,2.13514190628458
26,20,0,7.213422360633504
27,20,9.592839409623721,5.011857714487156
28,20,2.3338830372302724,4.042297582065317
29,20,9.11688972531139,12
0,25,6.947282755135337,10.583809977364785
1,25,10.877591875863272,4.706945438051699
2,25,11.82105902061646,10.05422671293201
3,25,5.231123651139024,7.930789914255874
4,25,5.730052130717352,1.762175303925929
5,25,8.80051399415952,11.387836142346371
6,25,1.9179997738338848,4.762961805642274
7,25,6.931230644365853,7.958382395273116
8,25,11.382807380744289,1.9496807973851922
9,25,6.915254094867322,12
10,25,2.96693019894018,5.2204190538539565
11,25,3.2152495070408187,10.799065910584428
12,25,6.757147737103966,8.977933622023885
13,25,8.74483821687491,4.1193316998949
14,25,4.968836352315231,11.66808488149991
15,25,7.216465226377576,6.670217907702095
16,25,5.151540033617993,4.361800257681446
17,25,3.6634273397660406,8.978077918128134
18,25,7.948181050913526,11.226647981923158
19,25,3.662746188997355,0.727311362093417
20,25,0.09390116644671756,12
21,25,3.7492703360504716,9.095161180183839
22,25,3.936006756936216,9.408812648167157
23,25,8.702559415212782,4.196732494136963
24,25,5.104610860085655,6.821092949452884
25,25,2.8408982420572095,2.164718039281882
26,25,0,7.258956477089407
27,25,9.49624108248162,5.011224758120806
28,25,2.3917124636377936,4.050665393097029
29,25,9.13607074227703,12
0,30,6.931368490229083,10.501323824261044
1,30,10.941101539816037,4.65115702017773
2,30,11.801556032451566,10.060352403025446
3,30,5.276426480247612,7.915914009968225
4,30,5.683733082082965,1.7233373363948157
5,30,8.76014739198414,11.473487078532004
6,30,1.9100501033290431,4.73977366491989
7,30,6.914769148484933,7.945966417895069
8,30,11.447998501088696,1.9400727460027238
9,30,6.895303423184662,12
10,30,3.001016299832301,5.261136306242686
11,30,3.242520121615946,10.774564314173645
12,30,6.7323744446000395,8.976428838148282
13,30,8.711873678675875,4.133756049263465
14,30,4.963918182858079,11.601998461662697
15,30,7.248285217697709,6.619592148659084
16,30,5.181860952713621,4.432182074329229
17,30,3.5915702071556117,8.966335307925581
18,30,7.943298212599134,11.248285878055658
19,30,3.60296467578306,0.6802416493562395
20,30,0.13452906716931487,12
21,30,3.7401797771849123,9.098481534946435
22,30,3.9265046056851682,9.472985535824913
23,30,8.642585769990127,4.235819304955492
24,30,5.12815976975914,6.782046172001295
25,30,2.827465372858818,2.178900612000403
26,30,0,7.304311654723465
27,30,9.385051997373568,5.009401754982402
28,30,2.4891386934815425,4.064206556062855
29,30,9.157166538295218,12
0,35,6.917771383944491,10.428060657617298
1,35,11.006174593932261,4.593030214846878
2,35,11.772573940239091,10.069511223103413
3,35,5.287497375819596,7.949211112210715
4,35,5.646952043550743,1.6926759759031196
5,35,8.726821344824135,11.54108378152129
6,35,1.898658807851534,4.710292191836801
7,35,6.8932228653510546,7.929561618731491
8,35,11.508157671252958,1.9301178059421986
9,35,6.8781070264031525,12
10,35,3.0467512523197358,5.3150638129929755
11,35,3.2711639743670498,10.74992114752954
12,35,6.6956971820993605,8.974302849200669
13,35,8.670567005002797,4.15157285555964
14,35,4.96101105178504,11.543472243009617
15,35,7.194958616810068,6.586408709776942
16,35,5.21159520790364,4.4993783118328325
17,35,3.5180060409207097,8.953510598753947
18,35,7.9399871996615525,11.267173706514535
19,35,3.534385435417385,0.6298882756031579
20,35,0.1681914848948558,12
21,35,3.7588534786589967,9.091454654020716
22,35,3.9141480658614163,9.546738478190719
23,35,8.565367845135357,4.286491300851401
24,35,5.150667690388758,6.7434743224283356
25,35,2.826336695334649,2.1801748398608796
26,35,0,7.335183815616848
27,35,9.275251657419116,5.010450304192428
28,35,2.5938086114901764,4.079696506885103
29,35,9.164842653892208,12
0,40,6.904858055017361,10.356382044482071
1,40,11.08306955065618,4.523625008885897
2,40,11.733651357994955,10.08056810139079
3,40,5.271190302735391,7.955001496127926
4,40,5.623398430543837,1.6728011634456326
5,40,8.70078857170325,11.590816476783393
6,40,1.8921674397546608,4.693853043132744
7,40,6.8826186436189065,7.921743237925806
8,40,11.5533791933874,1.9228904387402603
9,40,6.857341509459137,12
10,40,3.109740053247849,5.385392281865848
11,40,3.2817958549920156,10.740996205111612
12,40,6.657134086537568,8.972174029223813
13,40,8.623871104407606,4.173773326560068
14,40,4.954977259111817,11.439423333605832
15,40,7.1280314370433935,6.543988557741267
16,40,5.24232774088773,4.568437777697311
17,40,3.4527181130653726,8.941929127086434
18,40,7.9399267761968755,11.267487742977695
19,40,3.4714132188915228,0.5806677128749966
20,40,0.19460161547490779,12
21,40,3.762992713757621,9.090008245885697
22,40,3.9055779339736336,9.593335382342989
23,40,8.477453858363779,4.3452691283366836
24,40,5.1749289729152705,6.701802970398736
25,40,2.838458957650042,2.167250039538351
26,40,0,7.375726182398394
27,40,9.159246987026352,5.011119076406789
28,40,2.689306374307693,4.091529382899874
29,40,9.200767725649683,12
0,45,6.894034946150707,10.298388057729989
1,45,11.146137063551814,4.4692959809291954
2,45,11.712573476766812,10.087286806536678
3,45,5.261745910761149,7.958328778106891
4,45,5.598729361051509,1.6523430646188084
5,45,8.660240211289267,11.666199843045284
6,45,1.8881523675627907,4.684558913295975
7,45,6.851120045386196,7.899033509371502
8,45,11.613882267171872,1.9149115147570148
9,45,6.702903710100889,11.980446561498816
10,45,3.1606336708893914,5.444702194024719
11,45,3.2721024069267903,10.748955463221527
12,45,6.616736133633296,8.96920406956239
13,45,8.583572084440984,4.192546824046021
14,45,4.947225647410166,11.335628769877362
15,45,7.058247639909866,6.50127185198037
16,45,5.283804656742271,4.664116858540674
17,45,3.4038909484996043,8.934770359662721
18,45,7.946877075558109,11.233656811577315
19,45,3.4087076498594744,0.5275427745439265
20,45,0.23206129106778417,12
21,45,3.7640760077289306,9.089600776325119
22,45,3.898458555673274,9.64093007287059
23,45,8.40722583530704,4.392499087176369
24,45,5.200561790613672,6.658265295421954
25,45,2.845067971974031,2.1598707574475404
26,45,0,7.406301332770427
27,45,9.045635311924352,5.010580781264972
28,45,2.78178596473208,4.101923151363287
29,45,9.210242946283113,12
0,50,6.879548968861495,10.228397490452437
1,50,11.19530693038004,4.424137541111572
2,50,11.697519870958477,10.09249622462342
3,50,5.266434258071002,7.956720241715761
4,50,5.5593412984740604,1.6201151472125
5,50,8.622232934253342,11.739980386592915
6,50,1.8898133529717063,4.688619868832757
7,50,6.802330123581894,7.862887332613611
8,50,11.67172611556353,1.9073175944476424
9,50,6.550810062873556,11.962618841242193
10,50,3.21100843529398,5.503035902267188
11,50,3.2679688659828483,10.752394878999922
12,50,6.601482951251191,8.968005839707951
13,50,8.540790143759281,4.211719704396292
14,50,4.936932796083718,11.206192841457346
15,50,6.987141964747088,6.458153838944773
16,50,5.332126607225708,4.774564924959994
17,50,3.3445367228765432,8.924875480648122
18,50,7.954561704559845,11.196900762442421
19,50,3.3413739700804643,0.4704884493669717
20,50,0.2500361086687983,12
21,50,3.772088708856257,9.086759053182437
22,50,3.8885646770023725,9.688801915885668
23,50,8.337902161968701,4.438093234706008
24,50,5.2265603773754705,6.614073357671146
25,50,2.8527086709331337,2.151521788367145
26,50,0,7.4421059286720554
27,50,8.917649996443977,5.009387027615116
28,50,2.878498009576123,4.112109845820219
29,50,9.221360495462289,12
0,55,6.8651758618925625,10.155508842186325
1,55,11.248853708245585,4.374308492793194
2,55,11.68200832977912,10.098144161994567
3,55,5.274689924148162,7.954238195828031
4,55,5.523916944832579,1.5908671223172852
5,55,8.581191484530727,11.819362973667387
6,55,1.898167883913755,4.708763747264963
7,55,6.831474817741677,7.825244129634209
8,55,11.72420127723323,1.9004986469488838
9,55,6.418854069319885,11.943032022652707
10,55,3.258313403389695,5.558965507188241
11,55,3.2605781095420574,10.758508124823358
12,55,6.588291677944031,8.967120367030637
13,55,8.488087099937983,4.233547974953749
14,55,4.922858605465506,11.065027780116628
15,55,6.913782802864184,6.4126652575708505
16,55,5.382713218173701,4.894216527046427
17,55,3.2966985790749472,8.917703450199365
18,55,7.959817154753195,11.174056005857912
19,55,3.2809972647289642,0.42123199756597346
20,55,0.2691872308801384,12
21,55,3.7738585014958117,9.091785707085908
22,55,3.8781384717492937,9.743467379072591
23,55,8.267276500589753,4.483821925413727
24,55,5.254071405265396,6.56771119728034
25,55,2.86267552357631,2.1411923892146647
26,55,0,7.482877884090271
27,55,8.788871687072747,5.008641565415783
28,55,2.9755646239235283,4.118716721967035
29,55,9.234788151062922,12
0,60,6.8520918459361,10.088276672126876
1,60,11.30934318047049,4.3197801249442005
2,60,11.683383730452425,10.097621380673772
3,60,5.2826359665216405,7.951843158191835
4,60,5.491038965127279,1.565074937277213
5,60,8.542975605554842,11.90110839696281
6,60,1.910954588097836,4.740576450795049
7,60,6.845096227450635,7.806665510820087
8,60,11.811336331121494,1.8908893629805932
9,60,6.267057930143584,11.922502382274612
10,60,3.305748840587394,5.613167998745912
11,60,3.2383925817668775,10.777169208878052
12,60,6.5772811663309145,8.96681164573944
13,60,8.420600397709787,4.260137690119367
14,60,4.909429356801835,10.950239343061545
15,60,6.832550444808068,6.360509492622429
16,60,5.4298582512550055,5.004962708498939
17,60,3.274134186001594,8.914655435278283
18,60,7.963792609521028,11.156394062085958
19,60,3.2318000694182225,0.3793382340763942
20,60,0.27050613909017834,12
21,60,3.782339564815207,9.113650998829444
22,60,3.8655244756003997,9.805922535477189
23,60,8.19288357336481,4.532865299303869
24,60,5.267668059040426,6.544334806879993
25,60,2.868271897395643,2.135623023695521
26,60,0,7.54544566769892
27,60,8.650990322887044,5.012598735817318
28,60,3.071531173780311,4.124874369384027
29,60,9.245607992415442,12
0,65,6.838187403910086,10.019910021529784
1,65,11.372478163690598,4.261869350252965
2,65,11.67325553454739,10.10130836890874
3,65,5.289346316018205,7.950008139067574
4,65,5.454029766666991,1.5363814405199612
5,65,8.510771616078786,11.971338343869025
6,65,1.9264993768998124,4.77776446137965
7,65,6.856163498190098,7.792648396996308
8,65,11.894963836882747,1.8830060559558777
9,65,6.151102950391101,11.906822902107491
10,65,3.35343852696938,5.672398528237768
11,65,3.219364122885154,10.793751291160165
12,65,6.572872752094933,8.96676432391989
13,65,8.354905083837966,4.287214600503587
14,65,4.894483588289978,10.835505028480107
15,65,6.735276353448039,6.295826821701287
16,65,5.482290064807332,5.130127809380503
17,65,3.2792947572595232,8.915241794811289
18,65,7.971796521987989,11.120759294718361
19,65,3.1896547570737432,0.3444436315190251
20,65,0.26901195245456266,11.998112105443377
21,65,3.793835848058804,9.141677103129465
22,65,3.8511592394450984,9.87354543155469
23,65,8.128596436908841,4.573653045424056
24,65,5.2771063275687995,6.528514515896568
25,65,2.8694394638848046,2.134478564508788
26,65,0,7.595060341808039
27,65,8.509744998580702,5.01645650067902
28,65,3.170079841768305,4.131395719645499
29,65,9.244985080158527,11.99954327062956
0,70,6.822624900907606,9.938937853887651
1,70,11.42909917684068,4.210735743884601
2,70,11.641608398601841,10.112527813385002
3,70,5.311749317563368,7.943650937500567
4,70,5.4091533288636535,1.5016415182611622
5,70,8.475211574445934,12
6,70,1.9441217468782486,4.825622496452981
7,70,6.86593957942304,7.780120978129283
8,70,11.96260278272485,1.875581168176204
9,70,6.05120557886283,11.89332760447953
10,70,3.4001842521089505,5.731657372072593
11,70,3.2051953528160664,10.806282614639334
12,70,6.575812401207146,8.966762828851527
13,70,8.379220419933041,4.3445672394341495
14,70,4.882293390823799,10.743628191994693
15,70,6.642266002884485,6.233381987012507
16,70,5.5359099164618755,5.260787676849998
17,70,3.2630257629946637,8.913140136639317
18,70,7.97657823906966,11.101882331812483
19,70,3.1563004048152954,0.31785516053481566
20,70,0.2622701683899533,11.989485849287659
21,70,3.807380807701037,9.175489484609656
22,70,3.8365293351751446,9.936470049016771
23,70,8.058078589880648,4.616208996712853
24,70,5.298472496035294,6.493325480980975
25,70,2.8737532656680678,2.1303434729611417
26,70,0,7.650490004144941
27,70,8.359668604622359,5.017357656741723
28,70,3.2729168044067465,4.139115548294895
29,70,9.259019354249949,12
0,75,6.811896428632347,9.882476890684865
1,75,11.491760068789349,4.1550436069402386
2,75,11.61976988487868,10.120272480757178
3,75,5.310212862968156,7.944082183450295
4,75,5.37072939082619,1.472547014755405
5,75,8.435516297509821,12
6,75,1.9637301695704512,4.88249985624604
7,75,6.8782723024310615,7.764819014864375
8,75,12,1.8678656346404077
9,75,5.952050053025423,11.879245916034998
10,75,3.3373615632499107,5.780273516069611
11,75,3.1931333449261747,10.817321992452953
12,75,6.577969418772049,8.966713734733963
13,75,8.472747587335085,4.3090234894706345
14,75,4.8729443187919,10.651054715544012
15,75,6.557409429897364,6.176229618754006
16,75,5.577971670530238,5.366419305514543
17,75,3.2463020986718893,8.910655813202899
18,75,7.979725310850253,11.089399966934614
19,75,3.134052882628251,0.3002506726448927
20,75,0.25452858540717205,11.979931582528101
21,75,3.819896653241621,9.206811729037591
22,75,3.8259843105026023,9.98012720646243
23,75,8.002934198569166,4.650023263203341
24,75,5.326129385458527,6.44867161939891
25,75,2.884714449996994,2.1197696201649237
26,75,0,7.709100287597018
27,75,8.204724459263204,5.013253206559652
28,75,3.356079663844345,4.145803438775443
29,75,9.273853919698794,12
0,80,6.806843205304422,9.8585985284925
1,80,11.54530305235305,4.105604749517257
2,80,11.5954138735814,10.128839138124658
3,80,5.290914047320895,7.948824376228289
4,80,5.316453355963749,1.4310046697716519
5,80,8.386092872960331,12
6,80,1.9799068265834996,4.9345096359571325
7,80,6.8891048909582855,7.751450356270552
8,80,12,1.8622620594519212
9,80,5.851876346153231,11.862577082887274
10,80,3.284094185401331,5.824086071623477
11,80,3.1723476148740435,10.836142221813226
12,80,6.594609934439922,8.966277900219305
13,80,8.561572840222146,4.274938383454021
14,80,4.867532875003751,10.561731901864627
15,80,6.481566185731976,6.127505441725642
16,80,5.628826640712824,5.491997629326467
17,80,3.2393601960193594,8.90976625018375
18,80,7.977474576101715,11.098218245456877
19,80,3.1091363691901215,0.2792496545137979
20,80,0.24695184726910008,11.970475455432107
21,80,3.8450744948734106,9.271926402084254
22,80,3.817086783082732,10.015430538370001
23,80,7.93830449619113,4.689554461234105
24,80,5.361629135372432,6.391536030071326
25,80,2.919037758640958,2.0864972024650754
26,80,0,7.765598598905833
27,80,8.039867296669607,5.008177317022861
28,80,3.432005863280591,4.15213797553042
29,80,9.28071103051421,12
0,85,6.801504324221021,9.83132139682125
1,85,11.595555413154818,4.055710605830272
2,85,11.574581509549125,10.136367426130542
3,85,5.252540771823568,7.958589774357889
4,85,5.257727357479965,1.385396190229908
5,85,8.340397250673934,12
6,85,1.992296533355952,4.972923445598927
7,85,6.895087737592239,7.743846734189514
8,85,12,1.8567660974162516
9,85,5.7608445733457,11.848230849408868
10,85,3.233233295097223,5.865834018695473
11,85,3.14806929926957,10.859481067386199
12,85,6.608274438613873,8.965953285406902
13,85,8.629261958465403,4.249106645935338
14,85,4.863061563750801,10.480572563387696
15,85,6.389947798408228,6.068806211170664
16,85,5.688051157193031,5.645203628461872
17,85,3.234506976357374,8.909239371944603
18,85,7.975934632849445,11.104230027007194
19,85,3.09677999265164,0.26897643126795767
20,85,0.23431364067072138,11.954660319002224
21,85,3.862771623473587,9.315719274054604
22,85,3.824513499410473,10.017224602001773
23,85,7.8673248697092,4.734510934280239
24,85,5.397792950118528,6.33387225883793
25,85,2.929453911631443,2.0760844901724926
26,85,0,7.833892035799481
27,85,7.876451526918884,5.003885689545225
28,85,3.5129210396793273,4.158903931067229
29,85,9.30122375148214,12
0,90,6.79303702319191,9.793313315166598
1,90,11.637277399655217,4.016802838052849
2,90,11.570993772786162,10.137557459161787
3,90,5.2317625656697695,7.9641275242653755
4,90,5.209912191028724,1.349914159805346
5,90,8.296669962292013,12
6,90,2.00134430814542,5.001277763739899
7,90,6.898324503198692,7.739961843510089
8,90,12,1.8534306305595238
9,90,5.663265097347456,11.830863248905604
10,90,3.196903782285877,5.896424041346783
11,90,3.109784126769116,10.894677836774289
12,90,6.615408657468663,8.965833398843639
13,90,8.703054558646341,4.218782917678992
14,90,4.859931876849554,10.417411243407853
15,90,6.306824750319582,6.016409264992265
16,90,5.7453627948700685,5.7984482559760515
17,90,3.2237573025400748,8.908282815580856
18,90,7.949245230181225,11.096863614273287
19,90,3.092008538821914,0.2651536099255108
20,90,0.2179661431364673,11.93440666479804
21,90,3.8884408707017095,9.38221946599214
22,90,3.871118705232182,10.030261225874014
23,90,7.813532932098143,4.767970317436784
24,90,5.414404740159269,6.305843355870555
25,90,2.935172497254435,2.0705816046079852
26,90,0,7.896553706613272
27,90,7.736218571431165,4.998929836676187
28,90,3.6273198692172732,4.166833032719117
29,90,9.306048541919294,12
0,95,6.790932958172414,9.783572396425285
1,95,11.67630569574644,3.9819316199316024
2,95,11.586360529065418,10.132178975635181
3,95,5.21495249315292,7.969000994351034
4,95,5.164874148634733,1.316222601071691
5,95,8.256399271646222,12
6,95,2.0158151463260077,5.051710834043177
7,95,6.90090658389572,7.736857894244029
8,95,12,1.8478601511606578
9,95,5.57002942610839,11.813297366573527
10,95,3.152963086474192,5.932843891091854
11,95,3.0804677100191085,10.920761722952566
12,95,6.633452597987453,8.96558297835634
13,95,8.790106897352654,4.18259251608191
14,95,4.858484529604918,10.374716654120462
15,95,6.224341928042739,5.965921484680964
16,95,5.808894485475755,5.957255263162476
17,95,3.218274973802555,8.907936235537086
18,95,7.942934251956116,11.120345838876819
19,95,3.0989336862833117,0.270990400153511
20,95,0.21341678327391894,11.928495126085584
21,95,3.9132894706979,9.449689585540863
22,95,3.9191266575725288,10.04357882443205
23,95,7.7728885779000105,4.793285598965263
24,95,5.4302215421125375,6.279075521014509
25,95,2.947495701620061,2.0585224501726564
26,95,0,7.949812269386526
27,95,7.5937149959684564,4.992822724619848
28,95,3.7567146637036632,4.175917602833363
29,95,9.320068965927547,12
0,100,6.785131651456465,9.756795017541805
1,100,11.723372877273652,3.940157357970227
2,100,11.587074396010925,10.131923357739517
3,100,5.165655569725645,7.982226111208096
4,100,5.113681605021095,1.2788605857941877
5,100,8.214062219132256,12
6,100,2.0320451645457442,5.111654198412557
7,100,6.900889969530416,7.73687808319932
8,100,12,1.8432495772663124
9,100,5.483454029396359,11.797387843335539
10,100,3.0857047760492162,5.9864610671102705
11,100,3.0453150957433857,10.953414533878039
12,100,6.684252287881251,8.96413230110556
13,100,8.754849927399993,4.097962450991935
14,100,4.856260882298,10.311750247207181
15,100,6.141906953314724,5.915931759425343
16,100,5.873036206462432,6.110990218155194
17,100,3.206770266382694,8.907142504017378
18,100,7.933165158477806,11.155900428817144
19,100,3.109852831642763,0.2805215717751691
20,100,0.2196109011597182,11.936709979090272
21,100,3.9413349272279037,9.522621939372284
22,100,3.989792963340444,10.062267490701124
23,100,7.7350503861117685,4.818057156866925
24,100,5.441428470872866,6.260252858323147
25,100,2.9432939013566464,2.0625987513884794
26,100,0,8.010027777986886
27,100,7.444843294539422,4.985508766964148
28,100,3.8903156583966227,4.182729344963279
29,100,9.336486716715422,12
0,105,6.779607178823713,9.730996206285539
1,105,11.76751396554344,3.9008440723752256
2,105,11.599585724657985,10.127456655003652
3,105,5.123637726739572,7.9933400201676035
4,105,5.068027370065133,1.247107587647351
5,105,8.171329328047369,12
6,105,2.0521409834106854,5.1879636408147105
7,105,6.902894863540087,7.734379735220236
8,105,12,1.8365595381328328
9,105,5.372282613893583,11.779055460580754
10,105,3.012291828523127,6.044934879882315
11,105,3.013848167583836,10.983003856269677
12,105,6.739868943102053,8.963017353460145
13,105,8.715617888356137,4.001978645769331
14,105,4.856790176918282,10.26613532097727
15,105,6.048796687856727,5.859510191041283
16,105,5.926961899310902,6.243804252432516
17,105,3.2045031872606122,8.906996078019795
18,105,7.919212609267797,11.20607801488007
19,105,3.1089661723118924,0.27975453218670787
20,105,0.2281907222863964,11.948016580163973
21,105,3.9707166992244654,9.597289679092091
22,105,4.101964776971132,10.089844716118755
23,105,7.75577561521348,4.8492588492627515
24,105,5.446600767950094,6.251293411480516
25,105,2.9261933086700136,2.0776685436014537
26,105,0,8.074092388683738
27,105,7.275556876920002,4.977483095762119
28,105,3.996936587408353,4.1864754814969105
29,105,9.36120590147818,12
0,110,6.773503006283294,9.705839200581666
1,110,11.82929387586297,3.8455522507920854
2,110,11.626447869242623,10.117487198860964
3,110,5.073784012037708,8.00662185989733
4,110,4.997215270761108,1.198571869988217
5,110,8.127189119539985,12
6,110,2.0772855928390386,5.2855921956471725
7,110,6.899979057935036,7.737992765761229
8,110,12,1.8307314479933972
9,110,5.26736318360065,11.762544367927516
10,110,2.9301122332889054,6.111492494170013
11,110,3.0005789138967827,10.995148139901607
12,110,6.78446374718836,8.960953034675084
13,110,8.6848231291385,3.9201483213589112
14,110,4.856821190491198,10.219857801093596
15,110,5.9563147954274696,5.805011787214956
16,110,5.973111133429289,6.358853726943424
17,110,3.191983029377524,8.90592446267686
18,110,7.908120556370775,11.252682830648187
19,110,3.111536027099379,0.2819790672133238
20,110,0.23832157657687103,11.961257737193236
21,110,4.008846643586686,9.689114369281727
22,110,4.206441696203403,10.11862074029291
23,110,7.777721687937087,4.881315527604597
24,110,5.44797955333067,6.2489068532986245
25,110,2.8984771062616694,2.103393989451491
26,110,0,8.137031147478476
27,110,7.072687266223949,4.973112398689478
28,110,4.082669828555561,4.186653471929558
29,110,9.389857645481051,12
0,115,6.765302676669261,9.67082739419386
1,115,11.918627843709503,3.7646881583585756
2,115,11.654502763091728,10.107917302515164
3,115,5.019082816776807,8.020143412503343
4,115,4.9399572426678,1.1596333035191417
5,115,8.07625665435393,12
6,115,2.106761646092522,5.393076949666684
7,115,6.888542601112645,7.752279923680593
8,115,12,1.8253010897632722
9,115,5.16208502906801,11.746104158382229
10,115,2.857496494447488,6.172296098004065
11,115,2.986274594202776,11.007353443972946
12,115,6.847651631202449,8.959695503746694
13,115,8.6611012467585,3.8628342590981513
14,115,4.856705769545542,10.175066206673447
15,115,5.860828695152837,5.748287082892911
16,115,6.027077747801568,6.488864028050351
17,115,3.191727345184541,8.905905655837223
18,115,7.899260415948334,11.292282366869319
19,115,3.0822650671938856,0.25767664940527646
20,115,0.27403298018703814,12
21,115,4.04436233014114,9.769843277764336
22,115,4.296082743761281,10.142968143641
23,115,7.80275770920898,4.916017817375076
24,115,5.447571202611278,6.249620067047423
25,115,2.8835469537154386,2.118105193752057
26,115,0,8.197490434799688
27,115,6.877666031000433,4.966234183621266
28,115,4.15576090788165,4.186415860363395
29,115,9.406188850552148,12
0,120,6.758738013120356,9.64103967376394
1,120,11.984845466987636,3.707235055882764
2,120,11.688512664708385,10.095708563835274
3,120,4.962591421299655,8.034329845906168
4,120,4.897398881156087,1.1293108112528345
5,120,8.030758547555667,12
6,120,2.138631191940026,5.500999874974932
7,120,6.877026009826487,7.7664467054696535
8,120,12,1.8171503343174649
9,120,5.062235970341105,11.72924415290688
10,120,2.776115303775685,6.244346496111455
11,120,2.9694876393890803,11.021693000959404
12,120,6.889933420958794,8.957762659412452
13,120,8.633736959028218,3.7943116415271008
14,120,4.856561862350158,10.14548417371257
15,120,5.757299022100993,5.691009403034588
16,120,6.067882583807381,6.597010167398374
17,120,3.1894319899163373,8.930092295777314
18,120,7.887008090829343,11.34981117237023
19,120,3.0556062816377545,0.23601218001881255
20,120,0.3082695554285598,12
21,120,4.070102944405149,9.828774158439083
22,120,4.393212404673902,10.170718761388603
23,120,7.82563893703806,4.945371079189129
24,120,5.450288227583382,6.244569896500686
25,120,2.8603675661249865,2.1406204139497937
26,120,0,8.255259366261651
27,120,6.691709259484516,4.958381370570711
28,120,4.231341686582906,4.185821883443317
29,120,9.418287573033048,12
0,125,6.75158358954692,9.606757821261237
1,125,12,3.6401219350964986
2,125,11.72726463135586,10.082006183135304
3,125,4.895768317936681,8.050727091664267
4,125,4.855094119665283,1.0981354467158566
5,125,7.975568663276657,12
6,125,2.166940857600418,5.6064744613226445
7,125,6.8706926923637,7.774183998498521
8,125,12,1.80671624019176
9,125,4.98225521689867,11.713892330395396
10,125,2.678322231460859,6.327192224417296
11,125,2.9486839148778192,11.038858754229741
12,125,6.912295274383242,8.957171817614276
13,125,8.602006675978645,3.701589603821284
14,125,4.856393242464409,10.124149325004701
15,125,5.6724311909654945,5.6431679762388605
16,125,6.111764178741175,6.710419628236667
17,125,3.187215543919835,8.95110617011554
18,125,7.872688629196718,11.422190252771532
19,125,3.048233455413518,0.23037780619469606
20,125,0.3437730410856461,12
21,125,4.089643079958586,9.873949639327462
22,125,4.4900021830200245,10.198517375980773
23,125,7.841944536026339,4.96613623946382
24,125,5.457810447261894,6.230748710354147
25,125,2.8302871017896747,2.1714937599226034
26,125,0,8.337824237092159
27,125,6.51342726577133,4.950695607318599
28,125,4.31298166750175,4.183094345739587
29,125,9.434236315429821,12
0,130,6.742637532961612,9.563363109033418
1,130,12,3.5670976646376027
2,130,11.768744011172416,10.068727830452964
3,130,4.831639052817568,8.065812308264162
4,130,4.818025616445362,1.0712324513077047
5,130,7.923924733914964,12
6,130,2.201435201821176,5.738763858436144
7,130,6.871067309774465,7.773690038093389
8,130,12,1.7966385181469107
9,130,4.924346145125504,11.703764314445351
10,130,2.5741962483974565,6.4151380293929865
11,130,2.9480444490445015,11.039412060050962
12,130,6.94549435322199,8.956737128323043
13,130,8.572419952182427,3.6106795289847406
14,130,4.856405871291626,10.120609686478964
15,130,5.580258145871265,5.589299449176651
16,130,6.146717171573131,6.811033524653415
17,130,3.1837265544719253,8.980342230798497
18,130,7.858237962971003,11.492474191975449
19,130,3.0315594288994445,0.21757912293201045
20,130,0.35933885864305204,12
21,130,4.097954638461605,9.893122440142484
22,130,4.565057308742675,10.220425786462362
23,130,7.869969781284521,5.002864673291682
24,130,5.469019576467319,6.210046516457233
25,130,2.804559174357648,2.19801847562317
26,130,0,8.422821840013455
27,130,6.324579847481562,4.944302896916709
28,130,4.391911245245412,4.180665385019467
29,130,9.441739657294606,12
0,135,6.734512406577499,9.525320172922223
1,135,12,3.500510389365516
2,135,11.836185133568566,10.04837923982897
3,135,4.779226884000451,8.078105527366084
4,135,4.779534116434754,1.04254388985219
5,135,7.870762826207318,12
6,135,2.2361757703288685,5.875109234521077
7,135,6.878898315934557,7.7633352545025645
8,135,12,1.7855527936904887
9,135,4.879514988908513,11.69464121490034
10,135,2.4712870428986564,6.502323765421233
11,135,2.9337526920449215,11.05136873072505
12,135,6.963365872058377,8.956247276345637
13,135,8.539150560409109,3.506819160109351
14,135,4.8563597646984515,10.10188877937835
15,135,5.498352103907894,5.539986663792628
16,135,6.18611599962943,6.9241645925098565
17,135,3.180535258185984,9.015574484744437
18,135,7.841414848823431,11.581184244472936
19,135,3.0355300769282865,0.22047334252656628
20,135,0.3711774398166874,12
21,135,4.105646101005484,9.910456734646068
22,135,4.585633420136035,10.226486011712412
23,135,7.900649337081996,5.043401747891761
24,135,5.477854833775949,6.194530945701964
25,135,2.7926046323120364,2.2107796475035713
26,135,0,8.496136177406648
27,135,6.129664073619822,4.934790922102592
28,135,4.451073180199907,4.178533010737731
29,135,9.458332324777796,12
0,140,6.7299101161470425,9.504268021303309
1,140,12,3.4261084170702047
2,140,11.940673633198044,10.014787523212895
3,140,4.721913383346981,8.089801676962711
4,140,4.741313780978707,1.0134086400006115
5,140,7.812062628197019,12
6,140,2.2719237103792658,6.029339363538972
7,140,6.8896926607264035,7.74880177423058
8,140,12,1.7743665369932256
9,140,4.818924475590931,11.681864443064205
10,140,2.3623035055430788,6.59153418961105
11,140,2.9260270901004994,11.058013993157855
12,140,7.001570496329147,8.954205909799128
13,140,8.50945352683882,3.4133940886888774
14,140,4.856591369732437,10.078732782046758
15,140,5.42524569109749,5.4971258384912245
16,140,6.224738742297138,7.037065601147695
17,140,3.1759222027127,9.076710648514506
18,140,7.820792332640576,11.694909803236222
19,140,3.038000396865355,0.22226261360557995
20,140,0.37424548519497874,12
21,140,4.109650493690385,9.919219671465598
22,140,4.597500932672621,10.229817984900015
23,140,7.929805273805808,5.0822056589870375
24,140,5.491934333581493,6.170670825707879
25,140,2.7772704105082533,2.2274642477032316
26,140,0,8.590029382678349
27,140,5.933949914708318,4.924949847813624
28,140,4.519904404750183,4.176667087730618
29,140,9.460544151584978,12
0,145,6.727672795304391,9.494130649008397
1,145,12,3.3643489449925554
2,145,12,9.976362272174379
3,145,4.668033904562727,8.099661582499092
4,145,4.713001387061877,0.9922967463374498
5,145,7.760146200912113,12
6,145,2.310086776546848,6.198044938694922
7,145,6.897758307228044,7.738702230639872
8,145,12,1.9372474940567266
9,145,4.729108845260109,11.662836375683602
10,145,2.4575463909854967,6.706250150668182
11,145,2.9241910850973794,11.059616927402013
12,145,7.025706762253194,8.954071132579413
13,145,8.476128642395118,3.305907181673616
14,145,4.856642027577161,10.065692189116055
15,145,5.350669865490946,5.453284737164059
16,145,6.263576294748633,7.156109974152371
17,145,3.1690820543235465,9.145043086209727
18,145,7.803204252518786,11.80196581233503
19,145,3.036758534244062,0.22138265252502262
20,145,0.38454677356986716,12
21,145,4.119505522840481,9.939969659829595
22,145,4.627780555468429,10.239632304641127
23,145,7.960248135921836,5.123632255864707
24,145,5.498966278668695,6.159195450840168
25,145,2.763127241333404,2.2425481420496394
26,145,0,8.693490101442292
27,145,5.738366998135551,4.912876801243106
28,145,4.590615049857624,4.172645641470001
29,145,9.466410285941247,12
0,150,6.723951101741536,9.475821985428647
1,150,12,3.291425621180882
2,150,12,9.93435244435962
3,150,4.620981160617554,8.107958232255783
4,150,4.672430326859323,0.9634876722177155
5,150,7.7089801001249425,12
6,150,2.3553284396074248,6.365776224540203
7,150,6.919289809724315,7.7122984900547875
8,150,12,2.117007707759351
9,150,4.644735166413565,11.646921436921973
10,150,2.556511516966465,6.822643775953627
11,150,2.909753434802153,11.07235460675897
12,150,7.025459742980244,8.927993955742291
13,150,8.441553062146976,3.189714351920808
14,150,4.856453115116048,10.034986197612305
15,150,5.284774674275954,5.415656993929434
16,150,6.2971377606105285,7.262760176760358
17,150,3.1625975776210242,9.216090531098391
18,150,7.788017359632011,11.897314968447317
19,150,3.0322215166065476,0.21818974981037023
20,150,0.39292705780092607,12
21,150,4.1330262760458005,9.968406316532562
22,150,4.660058481017022,10.250854384042931
23,150,7.9893757098604965,5.163018171791782
24,150,5.516765512047212,6.128333520842982
25,150,2.746179442386662,2.2597502190122
26,150,0,8.81556783560946
27,150,5.5184102767761605,4.894328987313551
28,150,4.654091837927236,4.168192369387748
29,150,9.475682255448461,12
0,155,6.717812056729957,9.44914452968038
1,155,12,3.2160246159098613
2,155,12,9.888065764832888
3,155,4.581796061232245,8.114228260026357
4,155,4.64996318949417,0.947366630901484
5,155,7.646237153823106,12
6,155,2.3970432745416477,6.52950952913991
7,155,6.9442668292841185,7.681462240415001
8,155,12,2.3041883869593867
9,155,4.530967581777852,11.629453994229335
10,155,2.6531822745436022,6.9346809343471705
11,155,2.8946755944937546,11.086068606273464
12,155,7.025947487756966,8.884830806026908
13,155,8.411163615842694,3.0795754379215285
14,155,4.857095732149345,10.005638527547992
15,155,5.211650829459392,5.374629534018415
16,155,6.3280708623961095,7.355410614052888
17,155,3.1520761804156594,9.313465841595876
18,155,7.775119209303531,11.983602097143319
19,155,3.0255839634173567,0.21350952438232096
20,155,0.40728217433800173,12
21,155,4.1526870869184975,10.012418700576992
22,155,4.69812839689887,10.265031430548051
23,155,8.010608514365844,5.189150135628436
24,155,5.527575826314966,6.110190824646938
25,155,2.7366290120569956,2.268841234823263
26,155,0,8.927341081153248
27,155,5.268955947884036,4.876500350836883
28,155,4.724996981738506,4.164025677946391
29,155,9.482465492496516,12
0,160,6.71560469247545,9.436906332741088
1,160,12,3.135993085176991
2,160,12,9.84598445951866
3,160,4.549364663396075,8.118625503325585
4,160,4.611351605207896,0.920327263047901
5,160,7.582720598498842,12
6,160,2.4333925173626993,6.681988899154214
7,160,6.974602851724637,7.642824447195011
8,160,12,2.50950718794932
9,160,4.424889861775765,11.611841119453747
10,160,2.7392758028626094,7.0360990259845995
11,160,2.896637249170888,11.084273384583499
12,160,7.026503900940491,8.809762731303797
13,160,8.375875647984579,2.966140751321804
14,160,4.857471738528336,9.965726539209303
15,160,5.11623294701097,5.318708991625437
16,160,6.362366501008688,7.4486899566063105
17,160,3.141469038922553,9.409272694401867
18,160,7.764545355750857,12
19,160,3.00117777193386,0.19571646595182904
20,160,0.40791200257650895,12
21,160,4.163330656203486,10.03947147701605
22,160,4.746999537218813,10.283648545697812
23,160,8.04096526804844,5.226683521548083
24,160,5.529780501067507,6.106534327486679
25,160,2.7404800995459953,2.2650914797265598
26,160,0,9.038986175427597
27,160,5.009330092084238,4.860621176947009
28,160,4.723091659177386,4.078670401319983
29,160,9.477292551408414,11.994758808273051
0,165,6.710814665702442,9.411074756514873
1,165,12,3.0265364004366564
2,165,12,9.801009281936068
3,165,4.533001639484485,8.119985505572684
4,165,4.594913862086472,0.9083517869801156
5,165,7.524808919119334,12
6,165,2.465139813018806,6.818789715102516
7,165,6.989011321627674,7.624645243600838
8,165,12,2.6925547323798535
9,165,4.313336217127375,11.59479476286321
10,165,2.837116440372887,7.147754932509899
11,165,2.8927926203597294,11.087771796714918
12,165,7.026045634988296,8.758086563897953
13,165,8.346922270359073,2.869936874970254
14,165,4.856689934844591,9.914864203309193
15,165,5.0172715434413755,5.26480139782437
16,165,6.4001976518947385,7.547578200473698
17,165,3.1277627623837554,9.517894175820523
18,165,7.750936577119456,12
19,165,2.987758451736598,0.18596584323594448
20,165,0.41233445447044764,12
21,165,4.185045617312887,10.092499556463867
22,165,4.804856093257907,10.30524834335442
23,165,8.065789767998053,5.258879971779606
24,165,5.529761202748122,6.106565415946527
25,165,2.7702814982426585,2.2366025819294753
26,165,0,9.138232387020427
27,165,4.742285537654146,4.844467306458968
28,165,4.71918695626244,3.9764249091494563
29,165,9.486787853266232,12
0,170,6.704021075760294,9.37843341635234
1,170,12,2.9115363399619647
2,170,12,9.755012939582937
3,170,4.503395674492117,8.123102785411685
4,170,4.598678805770374,0.9110138599154631
5,170,7.458317990492842,12
6,170,2.5025158612481353,6.969085150040301
7,170,7.002528283423348,7.607403844141644
8,170,12,2.859507538599691
9,170,4.163501319556327,11.575486496358813
10,170,2.942354630653321,7.267919511531951
11,170,2.876044431862764,11.102803147896577
12,170,7.0244648170364865,8.69769748455564
13,170,8.312521843464667,2.744955969595033
14,170,4.856703501202634,9.880804255361499
15,170,4.921245329406518,5.211980903753486
16,170,6.444647136828508,7.657286536789632
17,170,3.11444830525045,9.623579360430387
18,170,7.739735826558969,12
19,170,2.9776487262098064,0.17879530950494213
20,170,0.41621959346094106,12
21,170,4.2095678155237195,10.150015995971104
22,170,4.864671135414944,10.327164868235563
23,170,8.101372245660073,5.305023739320825
24,170,5.524413560874224,6.1146205605877375
25,170,2.775208260523088,2.2319803733572074
26,170,0,9.224463126819982
27,170,4.4842394416321225,4.823147022746853
28,170,4.715443848575625,3.8706544330311714
29,170,9.511742214271857,12
0,175,6.693905865700689,9.330455021344289
1,175,12,2.8056532345474237
2,175,12,9.712031410002941
3,175,4.467235293223035,8.127829423013178
4,175,4.623131294095105,0.9279553649303456
5,175,7.395208688036138,12
6,175,2.5399618371145154,7.117329316442884
7,175,7.008817808882492,7.5994839966651755
8,175,12,3.020659017346755
9,175,3.99664005775856,11.557042239829913
10,175,3.03923154051651,7.378688413021592
11,175,2.8489229085113457,11.126912336332204
12,175,7.025135714225792,8.656871693108961
13,175,8.276984059825022,2.618938585434622
14,175,4.857080903045195,9.836048169080284
15,175,4.8295778643577325,5.163578881854697
16,175,6.489736121566358,7.768208872354643
17,175,3.103337969794744,9.700834513667758
18,175,7.728247745334703,12
19,175,2.9636803871832034,0.16923924963915274
20,175,0.4290199594458239,12
21,175,4.232552119053828,10.204461187312946
22,175,4.9226613335486595,10.349226112511012
23,175,8.136803406985896,5.352552522752657
24,175,5.511376638656909,6.134364897254926
25,175,2.764767913781358,2.2416969436329053
26,175,0,9.290339765366127
27,175,4.209115450620264,4.79120042474623
28,175,4.710163693259575,3.7569804612362043
29,175,9.55577283105031,12
0,180,6.684590085990418,9.273285100566099
1,180,12,2.7158123910706062
2,180,12,9.671830743271816
3,180,4.442269634654981,8.129919576892334
4,180,4.652147571312159,0.9475257358526981
5,180,7.328596534679235,12
6,180,2.5815141050420563,7.257296844918003
7,180,6.999560535198461,7.611192692220725
8,180,12,3.1765865543676712
9,180,3.8426144322672258,11.538538488768552
10,180,3.139265123297693,7.4943593805126305
11,180,2.819932132414786,11.150747870371617
12,180,7.025549286816391,8.613670367132762
13,180,8.242698412678589,2.496223196401543
14,180,4.8570986095083,9.792162603909848
15,180,4.719966134116734,5.108462364492274
16,180,6.533365361834395,7.878387869801498
17,180,3.090080714246686,9.78815198269027
18,180,7.716687495334236,12
19,180,2.937589436445345,0.15175759960242796
20,180,0.45076827300246014,12
21,180,4.244328338033948,10.234421185161994
22,180,4.966704572946605,10.366275411249495
23,180,8.171230139467646,5.40060885916914
24,180,5.493949824670379,6.161115286896017
25,180,2.748686154409952,2.2570959786723312
26,180,0,9.351867438351267
27,180,3.9545445042981715,4.7575968811941935
28,180,4.7052368763572145,3.6325276824415056
29,180,9.595892764883558,12
0,185,6.674555657294384,9.221897633168835
1,185,12,2.6253917399937294
2,185,12,9.631741797128951
3,185,4.411867378006998,8.13254208978086
4,185,4.679111833567563,0.9659025594232951
5,185,7.262318342775053,12
6,185,2.6154848868578444,7.375413340318126
7,185,6.993796263803574,7.618833386559516
8,185,12,3.32572853062933
9,185,3.681093399927593,11.516120788279768
10,185,3.239880417767692,7.608216875934441
11,185,2.8206986448587075,11.150126612696665
12,185,7.024819775084004,8.563675287049875
13,185,8.210049862734508,2.371746715493117
14,185,4.856243843785239,9.756996886338499
15,185,4.618122038230727,5.056317161557549
16,185,6.572180816787925,7.974487107915297
17,185,3.076578370773828,9.866985583513896
18,185,7.710154040320422,12
19,185,2.88890389681815,0.11955126905090299
20,185,0.4698232997205005,12
21,185,4.257911786837291,10.267716165124034
22,185,4.990538658289377,10.376178845253675
23,185,8.220054578568936,5.470860408603233
24,185,5.470827783337522,6.197558221000822
25,185,2.7285086623833457,2.2768960164003245
26,185,0,9.41694938137206
27,185,3.6830230057160276,4.720059816253025
28,185,4.701589241446923,3.4926672539404495
29,185,9.624010413210273,12
0,190,6.665285302430662,9.183542541181668
1,190,12,2.5470087409039563
2,190,12,9.591873291888103
3,190,4.365016862341985,8.137718721368344
4,190,4.702678059754921,0.9814449847778628
5,190,7.198946170859625,12
6,190,2.6452439691321943,7.4779737249465565
7,190,6.989965351661602,7.624256046094412
8,190,12,3.482969643704885
9,190,3.5293490883861565,11.491788003660519
10,190,3.3507911889945485,7.731888484551845
11,190,2.8208959440643437,11.149966917918336
12,190,7.0225622508697025,8.520742906744507
13,190,8.175181899361727,2.235846340322832
14,190,4.856222161001122,9.711805540822152
15,190,4.538274725541951,5.015297197347425
16,190,6.607737523516715,8.073305072538966
17,190,3.0633332195333742,9.938467595538983
18,190,7.705840654475901,12
19,190,2.826265636395417,0.07990901247723056
20,190,0.49340765407358983,12
21,190,4.27266940199064,10.303857895257623
22,190,5.010290193100751,10.384445951842908
23,190,8.281933060539371,5.557883107532388
24,190,5.445602006898106,6.235335540944065
25,190,2.747989899396173,2.295633442155679
26,190,0,9.462348546542868
27,190,3.405002636984432,4.674371391290492
28,190,4.695774216553727,3.3381810485860597
29,190,9.641671131462749,12
0,195,6.650192046692719,9.125601608194705
1,195,12,2.4621402114686735
2,195,12,9.542654416520572
3,195,4.305179808083182,8.143453365487787
4,195,4.730530749090805,1.0000156766600286
5,195,7.128610913089084,12
6,195,2.6761410531682133,7.584847099427738
7,195,6.970643668368471,7.650592392690021
8,195,12,3.662089690096017
9,195,3.36220210151406,11.463526830584037
10,195,3.473325029963187,7.8724479933027105
11,195,2.8262053124089404,11.145640450241869
12,195,7.020340414400976,8.48427312676918
13,195,8.143512652723535,2.0960606985150294
14,195,4.857432436793745,9.654240382727346
15,195,4.453292244958379,4.971764551515966
16,195,6.645072984787824,8.181564777214179
17,195,3.0478523842927405,10.021772140037486
18,195,7.700499343575033,12
19,195,2.8688851004531326,0.014153464623863049
20,195,0.5163609286934902,12
21,195,4.291737887828575,10.351415066142065
22,195,5.052727795014284,10.402170158045204
23,195,8.343309678667396,5.6431440587205355
24,195,5.4153261260435395,6.278931894796035
25,195,2.76856699459577,2.3152352716819085
26,195,0,9.48436074737348
27,195,3.1435215755390744,4.631938541125818
28,195,4.688581567299398,3.1863510896414566
29,195,9.670903577403903,12
0,200,6.633794058258067,9.060799349809624
1,200,12,2.3925643277520354
2,200,12,9.495980393195047
3,200,4.238593126098251,8.148319072249688
4,200,4.764233050096612,1.0223447079911203
5,200,7.054881871305728,12
6,200,2.711399802683255,7.709925241626959
7,200,6.955393864950343,7.671092910272234
8,200,12,3.8266414173361536
9,200,3.190104165262973,11.438333980292438
10,200,3.590419542548079,8.013184399674245
11,200,2.8553263331449203,11.122141207176107
12,200,7.018758347408327,8.432837754860401
13,200,8.115638890740442,1.9836322696651043
14,200,4.857680302182084,9.613005429887105
15,200,4.377412287115135,4.931187478884107
16,200,6.683221995547737,8.30134184486652
17,200,3.035373340786032,10.088408145877615
18,200,7.697055708170409,12
19,200,2.9135126361815544,0
20,200,0.5417955877622607,12
21,200,4.317469417853018,10.41512078591974
22,200,5.087277509194592,10.416571309565061
23,200,8.397059747607406,5.71541021727654
24,200,5.385446845095589,6.320680827050759
25,200,2.7911168934438306,2.3377720683723946
26,200,0,9.49375481201143
27,200,2.8748863266901754,4.585808395372838
28,200,4.682335323205827,3.0264393765111697
29,200,9.69584574234708,12
0,205,6.613022273663503,8.972107961187106
1,205,12,2.3228760338054064
2,205,12,9.446862478082963
3,205,4.177229302763125,8.154668064241617
4,205,4.807121897386134,1.0520816015342003
5,205,6.976262437317926,12
6,205,2.7447477963859943,7.830155833829214
7,205,6.950561703641998,7.677939757893191
8,205,12,4.010383752069458
9,205,3.0180098859590814,11.410759165066704
10,205,3.728184981956965,8.175490076834114
11,205,2.8823443538921363,11.099892336156612
12,205,7.017361567395095,8.391848490346002
13,205,8.086190947555256,1.873373191528721
14,205,4.8582240307091125,9.576937461216641
15,205,4.317984795683548,4.897851156490128
16,205,6.731248278703157,8.453254164834618
17,205,3.0189141875454006,10.18398234426977
18,205,7.692415609062134,12
19,205,2.950814013453096,0
20,205,0.5674250703775913,12
21,205,4.340870909418467,10.469940255931709
22,205,5.12378364417228,10.43145688420579
23,205,8.45127022932575,5.785179318383617
24,205,5.3556201151623934,6.363190359864414
25,205,2.8203990161823795,2.3676635553680856
26,205,0,9.499417283726686
27,205,2.5968620695009017,4.537962767169643
28,205,4.675310758610433,2.86542464645561
29,205,9.709598259134307,12
0,210,6.590723427288691,8.884296467951884
1,210,12,2.2441922904773577
2,210,12,9.401507716902996
3,210,4.142067082006829,8.157616516445625
4,210,4.858594496249899,1.0887204433720512
5,210,6.9036362599432275,12
6,210,2.7776864292243095,7.9564843623591965
7,210,6.958726152423096,7.665755420904969
8,210,12,4.208158204297455
9,210,2.855953558363073,11.383967668538592
10,210,3.8544154239908703,8.32607266234288
11,210,2.891187102982936,11.110951404739398
12,210,7.016215331570821,8.364786718752491
13,210,8.0564562149814,1.7602742906626134
14,210,4.85856558108128,9.529334125911472
15,210,4.26637357881578,4.867267729216018
16,210,6.781031897716096,8.630108979721303
17,210,3.009654303181674,10.245864567041957
18,210,7.688993053380436,12
19,210,2.986598001212243,0
20,210,0.5968993585151439,12
21,210,4.3704335719584515,10.53573189479477
22,210,5.1546101342853685,10.443771190370162
23,210,8.528732706974994,5.727105669667436
24,210,5.31663433481642,6.4165711129413125
25,210,2.8427721648498805,2.390355178896424
26,210,0.005343174051903013,9.489982072168418
27,210,2.32173582301599,4.501236978598211
28,210,4.669193622905706,2.718239364542784
29,210,9.709241501078024,11.999691045691876
0,215,6.566573652364514,8.775819923425251
1,215,12,2.156438340272685
2,215,12,9.351366830962764
3,215,4.11801550328597,8.158942634205719
4,215,4.901910985724755,1.1179119858340645
5,215,6.842650683189162,12
6,215,2.8086333077769936,8.072386687631782
7,215,6.975050439187519,7.642932387944835
8,215,12,4.423038816159872
9,215,2.706174340437482,11.35296021109315
10,215,3.9799067159551016,8.480213553328227
11,215,2.890918831736305,11.11059347877248
12,215,7.015225562345935,8.344615886425112
13,215,8.027731648424234,1.6542064493500486
14,215,4.858709781858752,9.480900835335735
15,215,4.217828181857493,4.838770311589095
16,215,6.827117769345994,8.791332574445295
17,215,3.001765484369051,10.295111022476085
18,215,7.684037217653613,12
19,215,3.020721502262388,0
20,215,0.6145968275833313,12
21,215,4.411270419742664,10.620755633268423
22,215,5.1932878341132165,10.458776614958934
23,215,8.60764786035253,5.669917141403969
24,215,5.291031305054599,6.453499367892345
25,215,2.862522498756325,2.4083780032696893
26,215,0.007484306249000527,9.486180913524525
27,215,2.042316031275694,4.467747001806131
28,215,4.660522688739098,2.582010762405046
29,215,9.714545653256668,12
0,220,6.545925130404624,8.667608784095853
1,220,12,2.0850750799680267
2,220,12,9.303407460632089
3,220,4.103953180220946,8.159380020425152
4,220,4.946436265211856,1.1482432880715094
5,220,6.785278674146838,12
6,220,2.834757531466874,8.181907332998946
7,220,6.993723867521586,7.616096805981231
8,220,11.999452414393847,4.624877375365614
9,220,2.557464376389007,11.31780586630491
10,220,4.10365152785278,8.631416453962792
11,220,2.9005069892519364,11.123282080637829
12,220,7.015172289309361,8.343911724959215
13,220,7.995750448124683,1.5479479849443782
14,220,4.858758169735948,9.468238985214104
15,220,4.1703644737165675,4.81115276200261
16,220,6.880645814746998,8.959234923685019
17,220,2.993911893260537,10.339785054412777
18,220,7.674353630225233,12
19,220,3.0516693389625367,0
20,220,0.6233053330755499,12
21,220,4.457549296372744,10.712052677165431
22,220,5.232822977209914,10.47549775505016
23,220,8.682464695554138,5.61791823202598
24,220,5.276925067353849,6.4753728090094
25,220,2.8746717840541587,2.4197473941157663
26,220,0.01714858081750199,9.468793299790574
27,220,1.7493408217433382,4.437789209965957
28,220,4.651176351587978,2.4574006419034657
29,220,9.727997832030368,12
0,225,6.524572131244979,8.54990259568409
1,225,12,2.0209543581520166
2,225,12,9.25595751038863
3,225,4.082757876673886,8.160438989963543
4,225,4.9936743586430525,1.1782922795336221
5,225,6.725119276438751,12
6,225,2.854417960225533,8.27547120949451
7,225,7.017864014689535,7.580898284925016
8,225,11.995775352212357,4.796947428802406
9,225,2.4128517548894632,11.27854100256164
10,225,4.227642704138394,8.78033440779865
11,225,2.8952700731399115,11.115708567629381
12,225,7.013617185915288,8.32991711962053
13,225,7.961026408417351,1.4303097912761218
14,225,4.858390248142994,9.478987722648126
15,225,4.1288158173827245,4.789187438347751
16,225,6.929703386747357,9.113709257890632
17,225,2.986273270812539,10.388084231363782
18,225,7.6605187157037875,12
19,225,3.0950663556863844,0
20,225,0.6208177514509133,11.996633746436201
21,225,4.501252941970646,10.793571409403308
22,225,5.270945565435812,10.491648690350399
23,225,8.750321964191704,5.570702372566776
24,225,5.272783623714775,6.482161289681391
25,225,2.8945616967222287,2.438095113794764
26,225,0.009816831329841815,9.481836994718153
27,225,1.448373749355409,4.412803718844099
28,225,4.639242992088793,2.326307590588292
29,225,9.742784112653753,12
0,230,6.503829548112325,8.447276798391655
1,230,12,1.945221223270921
2,230,12,9.211618049362169
3,230,4.074234300708894,8.160507193846657
4,230,5.049143696722631,1.2147427252487155
5,230,6.661938316991708,12
6,230,2.8779796953848105,8.379439822149415
7,230,7.0380154248276865,7.551682524848852
8,230,11.98658582544015,4.9820949566343655
9,230,2.2599639449379088,11.230669179672221
10,230,4.345711050563028,8.9148457751662
11,230,2.8977737846374296,11.119206644865955
12,230,7.014052531430424,8.333866546792551
13,230,7.928566864379252,1.3188141522489762
14,230,4.858086959536691,9.495261795483081
15,230,4.083207157196486,4.76618751483437
16,230,6.980937372786038,9.258029603420798
17,230,2.9822935731899767,10.414722031967559
18,230,7.645094256266211,12
19,230,3.1434406313315644,0
20,230,0.6044845971888658,11.97518902785006
21,230,4.549279284136949,10.881399005072844
22,230,5.315940717246744,10.510404278511254
23,230,8.835666327682087,5.515614296682988
24,230,5.262868042453244,6.499145400595005
25,230,2.9232313221238226,2.4644149804120965
26,230,0,9.503610262337277
27,230,1.1613456725550177,4.384351063878333
28,230,4.6313139747419205,2.221759556651372
29,230,9.763623513381384,12
0,235,6.481597746248888,8.329665377084622
1,235,12,1.8544796823871632
2,235,12,9.170343748799434
3,235,4.078261908425304,8.160518729873647
4,235,5.103297715181103,1.2478886234842825
5,235,6.60088858738933,12
6,235,2.9026434647649975,8.490679002042766
7,235,7.03904870051436,7.550135114561321
8,235,11.972304076632126,5.1814081447667135
9,235,2.102433988629226,11.180407014792591
10,235,4.458002131887214,9.04108658224108
11,235,2.90391495398011,11.128086907850168
12,235,7.015732125600345,8.3492537192094
13,235,7.897338633158458,1.2036322857281767
14,235,4.856959482357007,9.534385774219615
15,235,4.026157426964727,4.737619501684858
16,235,7.026201189568768,9.391318052758914
17,235,2.977134862157178,10.445424023097475
18,235,7.627037009722262,12
19,235,3.195193249854089,0
20,235,0.5888007287994571,11.954639981209661
21,235,4.597350848250773,10.965431934322776
22,235,5.392580838095604,10.539722878257681
23,235,8.936370557199002,5.453254086602958
24,235,5.261955929690109,6.5006886244699045
25,235,2.9613804639434846,2.499006524583619
26,235,0,9.544822035631675
27,235,0.8629384554473176,4.355171511731501
28,235,4.621957181475101,2.122241617187769
29,235,9.796634657884617,12
0,240,6.456198358419474,8.214704078369774
1,240,12,1.7609150063111212
2,240,12,9.131814558205548
3,240,4.067729829401567,8.16026667020865
4,240,5.157578192434911,1.28209836315989
5,240,6.545387867060831,12
6,240,2.924143980276975,8.598871124115808
7,240,7.042659876487063,7.544449401954883
8,240,11.962915539373531,5.378760544764937
9,240,1.9305514956958505,11.117161435146286
10,240,4.561874579833133,9.162586550184763
11,240,2.9144353468306456,11.144068406797286
12,240,7.017739534302432,8.368746574166108
13,240,7.86146442299981,1.0875729337628122
14,240,4.856190970889133,9.577722815564071
15,240,3.9789600291843925,4.7131514085227595
16,240,7.069533538660733,9.519659101655915
17,240,2.9701517162142594,10.484489323709568
18,240,7.612984471565862,12
19,240,3.239397585561594,0
20,240,0.5842816984935327,11.94894214834662
21,240,4.665913245108084,10.926705857647924
22,240,5.471968457081191,10.569802455318433
23,240,9.04202287267972,5.3865674093601275
24,240,5.2538856768063065,6.515044207544202
25,240,3.008942178815054,2.5426659509957665
26,240,0,9.573033873295504
27,240,0.5530180128004403,4.320638563539449
28,240,4.612308229373341,2.033106210338232
29,240,9.852989644120221,12
0,245,6.435419577071084,8.099183030306664
1,245,12,1.6504596922101173
2,245,12,9.088041737833583
3,245,4.04630908209301,8.160503948814265
4,245,5.217763887714324,1.3214538652948935
5,245,6.4884687711818065,12
6,245,2.945277954393931,8.700324374567305
7,245,7.043999492069168,7.542402881741269
8,245,11.948765763699276,5.587571143720556
9,245,1.7646090129672682,11.062101294593866
10,245,4.675317231943237,9.290270222764367
11,245,2.9268077852883394,11.162963617495386
12,245,7.019995436887445,8.391264597613672
13,245,7.81852432414055,0.9512603440457706
14,245,4.85613614181513,9.625494526214739
15,245,3.9331912604805925,4.688328927353367
16,245,7.106909382931085,9.637171195537878
17,245,2.9588069563565673,10.549134316309976
18,245,7.600029633130891,12
19,245,3.287628712706161,0
20,245,0.5660187271755313,11.925778897895599
21,245,4.730458494172533,10.891462276224177
22,245,5.568507872955471,10.607766876663243
23,245,9.181688128702707,5.3023511993299275
24,245,5.2353444355582095,6.546366228033242
25,245,3.0370783152136775,2.5690746013808643
26,245,0,9.612115605313354
27,245,0.25814550559199473,4.284104375411615
28,245,4.601503926501857,1.9335336600019515
29,245,9.915862638603905,12
0,250,6.414513011955286,7.988644548046555
1,250,12,1.5503951564259408
2,250,12,9.041705996129926
3,250,4.018112549786634,8.160236907411434
4,250,5.273837617671988,1.3578554062697752
5,250,6.441390427451433,12
6,250,2.9680136974537983,8.820803592049092
7,250,7.0506985065415675,7.532148557870751
8,250,11.934324287115988,5.801575703380907
9,250,1.6239181750219263,11.01572006959908
10,250,4.779097842581921,9.402854942598236
11,250,2.9602082720821747,11.214899157211294
12,250,7.021519431997675,8.4097071912751
13,250,7.771709630292022,0.7974907197953862
14,250,4.85618195929981,9.675733427623543
15,250,3.8812607687784975,4.6587642081224665
16,250,7.156771139654589,9.775362824894499
17,250,2.9455202572935337,10.61343027485594
18,250,7.588884716996216,12
19,250,3.3322455052535007,0
20,250,0.5494365336024626,11.904221744798901
21,250,4.766571672460019,10.87066121576343
22,250,5.682921093699013,10.651542964640063
23,250,9.34098464499037,5.207946737487891
24,250,5.20803824601755,6.59215873750415
25,250,3.0564170543929925,2.5871594580068455
26,250,0,9.640983898990665
27,250,0,4.243342509624153
28,250,4.586839441610021,1.8040163425024354
29,250,9.971514913325581,12
0,255,6.392366776865053,7.872013788314831
1,255,12,1.444276504441866
2,255,12,8.987996957324095
3,255,3.997330909540397,8.15953976964146
4,255,5.325194046967585,1.391508461838988
5,255,6.399759822160141,12
6,255,2.9898691687485384,8.947986653426353
7,255,7.065153854846629,7.509786101257859
8,255,11.922440840092573,6.006975028124886
9,255,1.4797899869988207,10.973254392273406
10,255,4.87829908659038,9.511347939292216
11,255,2.992293357779559,11.265893032581227
12,255,7.021336597489567,8.407800088501455
13,255,7.725067499102629,0.6340214455194844
14,255,4.854333029522479,9.740372402708182
15,255,3.832903250221082,4.633543091438718
16,255,7.202739533864456,9.899532447213343
17,255,2.9291043648523125,10.686368087850362
18,255,7.576720864648713,12
19,255,3.377084883255041,0
20,255,0.5197191433123127,11.865466798954525
21,255,4.746766906859363,10.833263314983645
22,255,5.787263180905394,10.689562068514311
23,255,9.484355063327367,5.122018831724711
24,255,5.192319587095686,6.620014717719113
25,255,3.0892089304625663,2.6188778614018595
26,255,0,9.667407483092653
27,255,0,4.207297906856936
28,255,4.568748385133711,1.6537605699182778
29,255,10.018951739721519,12
0,260,6.365171352944027,7.750023485179988
1,260,12,1.3317117908326361
2,260,12,8.934691309822975
3,260,3.962341079054925,8.15792809838912
4,260,5.3705798317108995,1.4203048227535315
5,260,6.356905965732135,12
6,260,3.015231290114878,9.102836465427274
7,260,7.081023346050018,7.486136436857864
8,260,11.912942911489894,6.2023781969343
9,260,1.3368429161440565,10.929822681423122
10,260,4.966252822214707,9.611657976717673
11,260,3.025231881979424,11.320146149423394
12,260,7.02279663529082,8.42191209973154
13,260,7.686488896431705,0.4899205931330449
14,260,4.849597593889155,9.813318411400106
15,260,3.786034688885053,4.610018725369984
16,260,7.25252835073506,10.023183578179191
17,260,2.908817957461669,10.772690862723593
18,260,7.5630706505768925,12
19,260,3.426333249783823,0
20,260,0.47986432613064745,11.814219037012515
21,260,4.721585333306835,10.783320891239047
22,260,5.8939392131241615,10.726180240102158
23,260,9.631031802967213,5.030833784976047
24,260,5.178362395716446,6.644382152406526
25,260,3.110280998651384,2.6386144750523286
26,260,0,9.69189968460347
27,260,0,4.160109490701282
28,260,4.555266317516512,1.498152508813226
29,260,10.068299510925819,12
0,265,6.340563371689322,7.631403733191589
1,265,12,1.2230004411031552
2,265,12,8.877010652452649
3,265,3.907580302357307,8.155304671268246
4,265,5.404448317552549,1.4419628704870646
5,265,6.311661248596844,12
6,265,3.041893028175658,9.258774659031655
7,265,7.103652578185927,7.451356093292552
8,265,11.903089956904548,6.397585792814425
9,265,1.2065311641779721,10.890651479522171
10,265,5.0607133228913055,9.722228894184772
11,265,3.04858828042406,11.358052141312822
12,265,7.025252640980404,8.442794982429238
13,265,7.646699583918045,0.33974106285231626
14,265,4.8442812083453575,9.89866684332583
15,265,3.746554061745815,4.588311622310271
16,265,7.303772624849872,10.141968544230618
17,265,2.887196505377396,10.867156578314091
18,265,7.552061371180932,12
19,265,3.475654373533693,0
20,265,0.439575187680492,11.763033684101893
21,265,4.697366359522826,10.737674720422874
22,265,6.003384699414469,10.766929340920315
23,265,9.777989004796682,4.9450787396921845
24,265,5.17118146623686,6.657505168721528
25,265,3.14194720368473,2.668936720712339
26,265,0,9.717379405273087
27,265,0,4.113300049913949
28,265,4.54240116502583,1.331580543216762
29,265,10.121800715282072,12
0,270,6.317762898863738,7.525451734336866
1,270,12,1.0957119973344118
2,270,12,8.821417018884395
3,270,3.8591570694039032,8.152903845630961
4,270,5.458560819628981,1.47591581785197
5,270,6.264370014688589,12
6,270,3.0647963918344128,9.382799844099631
7,270,7.117198181693521,7.430303813452047
8,270,11.892224471318963,6.589688152876917
9,270,1.0744803976583348,10.85281748800418
10,270,5.161374875606989,9.83857589390398
11,270,3.0798550303294747,11.409335022363463
12,270,7.027550394614252,8.462773481142777
13,270,7.611338909260009,0.19011772703948132
14,270,4.935274927363876,9.904541065940661
15,270,3.7165308858864834,4.5715155028302945
16,270,7.351224911310942,10.25929037705956
17,270,2.868786878614688,10.956350123946317
18,270,7.541593007600134,12
19,270,3.5212047766879837,0
20,270,0.40445978802811533,11.719095879301866
21,270,4.676688898813682,10.700517559985867
22,270,6.120935961469729,10.808778745319785
23,270,9.930567990210632,4.8581467070951145
24,270,5.165224191007087,6.668088045594923
25,270,3.1830622487893008,2.70750347629408
26,270,0,9.750664753337132
27,270,0,4.062912746020649
28,270,4.534151505563455,1.183582221513697
29,270,10.18985647106675,12
0,275,6.293002334448669,7.412599028431822
1,275,12,0.9718624555156474
2,275,12,8.771352245769224
3,275,3.7910963626896605,8.150727256689498
4,275,5.53001419296799,1.5211966175423548
5,275,6.213840534445893,12
6,275,3.084660296195806,9.497796819619985
7,275,7.1387399575442,7.396955063739111
8,275,11.880154536738834,6.760079314568208
9,275,0.9519169424226787,10.810567892018222
10,275,5.257363908669409,9.95656656266507
11,275,3.1031364553172764,11.448828813745296
12,275,7.031089016639329,8.492018750470267
13,275,7.5641994603157094,0.019231318185472412
14,275,5.021319226250175,9.909392238258576
15,275,3.6826846811456364,4.553062424774802
16,275,7.396616880109144,10.371345786228204
17,275,2.852597925932474,11.039401071143281
18,275,7.527100690005807,12
19,275,3.571683494748319,0
20,275,0.36009221314990636,11.662190577452888
21,275,4.654575118505818,10.662707800164725
22,275,6.253993862920084,10.854740614843779
23,275,10.094880933287971,4.762513519293596
24,275,5.16212463270386,6.673359286943885
25,275,3.2387920057547084,2.7609360075000664
26,275,0,9.7720469631073
27,275,0,4.015325148814426
28,275,4.521156876440049,1.0373734193917317
29,275,10.250316679876395,12
0,280,6.268684789206147,7.2952132095337
1,280,12,0.8612928788565493
2,280,12,8.723169544112224
3,280,3.7203083918738438,8.147430976979983
4,280,5.585121762787262,1.5567701247773007
5,280,6.051477445728613,11.953538304405466
6,280,3.113395622584145,9.634645642373856
7,280,7.16062949650211,7.362329892293445
8,280,11.865269255504943,6.916923441394768
9,280,0.8348026390830752,10.769870726296949
10,280,5.355299424032654,10.07329879309142
11,280,3.122080741599108,11.479178699219421
12,280,7.031978648902573,8.498477611671019
13,280,7.510126010406908,0
14,280,5.120163942000243,9.914441621422174
15,280,3.6494569992500816,4.534850863470356
16,280,7.437837783192638,10.472616939026082
17,280,2.835448623023807,11.142420414912392
18,280,7.520439424540288,12
19,280,3.6265005290127292,0
20,280,0.31411129936410237,11.603011546883526
21,280,4.623199850364319,10.611880276980331
22,280,6.410790270490785,10.907931300885089
23,280,10.263194788225542,4.665340698101096
24,280,5.155178259849262,6.68443612501143
25,280,3.29778488448448,2.816506211722619
26,280,0,9.797642494105327
27,280,0,3.966697343387273
28,280,4.506251369812444,0.8656984363036675
29,280,10.29706296523707,12
0,285,6.245477314177018,7.187509390549187
1,285,12,0.7577984312033015
2,285,12,8.677085506533249
3,285,3.6317011779736728,8.14292280640508
4,285,5.634061592559043,1.5872645619589543
5,285,5.892478566631673,11.907847226616356
6,285,3.1422543032963275,9.766510023487536
7,285,7.175918500019087,7.337644538465318
8,285,11.854928990481817,7.072482145364163
9,285,0.7039911612953846,10.72505936780798
10,285,5.452064697794078,10.184250220724625
11,285,3.1595109105173504,11.539780512803391
12,285,7.0332601621429705,8.506470909804625
13,285,7.454814952610394,0
14,285,5.22504645159359,9.920316299202401
15,285,3.637098042592635,4.556634277722805
16,285,7.473418767667374,10.561228442467367
17,285,2.8165253167236357,11.230438915188406
18,285,7.5187509735062905,12
19,285,3.6819481174427775,0
20,285,0.27906436879951846,11.555607502950341
21,285,4.597960714248372,10.569412592238157
22,285,6.583867148197879,10.965692466053998
23,285,10.444079566522205,4.561351928412843
24,285,5.144739158355927,6.702643034426514
25,285,3.3704450310811516,2.8879004986956596
26,285,0,9.802490147211765
27,285,0,3.916804356975011
28,285,4.493162597726205,0.7089394274350607
29,285,10.332830694375206,12
0,290,6.2318218116702315,7.109121282253772
1,290,12,0.6492763876157238
2,290,12,8.634111408424614
3,290,3.5471357703193456,8.138254109849935
4,290,5.702901989271209,1.6326804365764274
5,290,5.720363927721181,11.853953212793195
6,290,3.1727475629838926,9.91405002471024
7,290,7.188869561853079,7.31840311710023
8,290,11.842157728588605,7.232113515957529
9,290,0.5731492376737602,10.67786467089337
10,290,5.547309787570969,10.29876045197466
11,290,3.2051878051488027,11.612010698394327
12,290,7.0357830844631035,8.52136527442263
13,290,7.39926801181502,0
14,290,5.337856942072709,9.925033692722131
15,290,3.6421364048152345,4.547845891263192
16,290,7.509131789998965,10.642269259550655
17,290,2.7979028350266595,11.321208429462851
18,290,7.519385062911756,11.99825483355786
19,290,3.737206886926246,0
20,290,0.2464520341435506,11.508088444927411
21,290,4.564599809742433,10.514276509673758
22,290,6.753675449113941,11.024365259340255
23,290,10.612105643637083,4.467431668070742
24,290,5.13959770718615,6.711696066966555
25,290,3.443889478716169,2.966890091380605
26,290,0,9.829077283955897
27,290,0,3.8565366760916193
28,290,4.480694140093436,0.5665736311221614
29,290,10.356822552569836,12
0,295,6.218345257506533,7.026255395948928
1,295,12,0.5352797178644056
2,295,12,8.596144208473913
3,295,3.43284168549786,8.13199995396327
4,295,5.759507142514734,1.6711926330800997
5,295,5.547184382553387,11.79928577654355
6,295,3.199939841263776,10.041317300110636
7,295,7.213830250864722,7.279265618521083
8,295,11.83385061574133,7.378568578760685
9,295,0.42701605331745207,10.627879525924781
10,295,5.630645514561898,10.401661879744974
11,295,3.247641412393049,11.680556817674328
12,295,7.038551183677598,8.535333660863081
13,295,7.343456038246003,0
14,295,5.44687520188494,9.927469729734351
15,295,3.6452703579985704,4.542349639639884
16,295,7.540974611831473,10.717802798109432
17,295,2.7767689864996092,11.426407152472317
18,295,7.522204786153209,11.990315452046582
19,295,3.8010204743627938,0
20,295,0.20442118745471038,11.444502215767189
21,295,4.515523679438459,10.436765507685081
22,295,6.940745404410369,11.088005416675857
23,295,10.786819032627525,4.364386917125885
24,295,5.1385610942895195,6.713580353834763
25,295,3.527249613373952,2.8850732342906364
26,295,0,9.817170747020775
27,295,0,3.8021368426189825
28,295,4.471413700203664,0.43032914420983803
29,295,10.37735131822333,12
