id,time,x,y
0,0,12,0.03686618975453741
1,0,8.039329456390547,7.9530334190860055
2,0,0.010970317541392409,4.052551100374521
3,0,9.987212426363037,2.9389688140439096
4,0,2.060453574171469,5.021959844998144
5,0,4.054363150042072,1.0010700163523645
6,0,7.946330034052865,12
7,0,4.019336682803085,9.999477716287512
8,0,0.029066700950135645,10.94875845734109
9,0,1.032327659619686,5.055592923955799
10,0,12,9.035453854881437
11,0,6.947030013435751,2.9919521104030893
12,0,11.03577298080002,3.957414415496355
13,0,10.981760180139352,7.0337766104749395
14,0,4.05762303717305,1.9753178056009362
15,0,5.929328981228019,12
16,0,8.024643747397931,2.9507822653702753
17,0,3.0464747056330435,0
18,0,12,11.026187179758944
19,0,0.03254498814150632,3.0295631551811844
20,0,9.949869991261739,12
21,0,5.041072462922482,2.023623083038039
22,0,10.068471091890082,3.970482740819622
23,0,0.9722093491993117,6.029290423375183
24,0,3.0072510871549065,4.944678387365124
25,0,6.084211168428878,4.00960030728221
26,0,4.937720447174478,2.98875503161032
27,0,8.974928296705132,5.004529568288282
28,0,7.045060290382411,11.037713431733351
29,0,7.020742677664181,1.9796179853847833
0,5,12,0.06990149006740867
1,5,8.060917984484389,7.92515327892594
2,5,0.02740296164527605,4.122168996185034
3,5,10.046610313126495,2.926386954539132
4,5,2.131201557859735,5.047678191325585
5,5,4.129741842340444,1.0030592777252332
6,5,7.873405432623778,12
7,5,4.039396472945763,9.999222990315813
8,5,0.05442847891049636,10.904883103919808
9,5,1.0567592260036847,5.0978649380736325
10,5,12,9.053848948645166
11,5,6.894955360527066,2.9851370479433377
12,5,11.069853929420718,3.9149761272764914
13,5,10.954831152079139,7.085286330281454
14,5,4.124023286295455,1.9469261500294206
15,5,5.856128567755312,12
16,5,8.061677293815054,2.8740458305151027
17,5,3.097877489592749,0
18,5,12,11.049368374385594
19,5,0.06529975324915843,3.059914816481722
20,5,9.897847591209743,12
21,5,5.105141538047976,2.0602973232081188
22,5,10.132295339971344,3.9423573538954138
23,5,0.9534352061122093,6.0487840966124224
24,5,2.9382930374561282,4.937373266721989
25,5,6.16987496180781,4.019371325486375
26,5,4.86222334644632,2.9766836586032124
27,5,8.94842836811067,5.009177623176813
28,5,7.094608295649357,11.078150402310136
29,5,7.033210222038572,1.9666101230500947
0,10,12,0.10064754069818532
1,10,8.066824943884969,7.917698701210065
2,10,0.04636092876327216,4.198920105571739
3,10,10.117894310432238,2.910858357382898
4,10,2.2056854130359036,5.076012293310345
5,10,4.202664697747459,1.004039306771694
6,10,7.798731331488528,12
7,10,4.055647846614634,9.99927765974604
8,10,0.0781079899038967,10.864695396518107
9,10,1.0770512258537719,5.131404092517286
10,10,12,9.063864668364955
11,10,6.847002589123875,2.979243848213643
12,10,11.110686640735423,3.8641309987451984
13,10,10.926367861892428,7.138311341651276
14,10,4.190047566787804,1.9186812959865993
15,10,5.781730274171416,12
16,10,8.105398259800513,2.782052610352365
17,10,3.137216269722734,0
18,10,12,11.07607897400674
19,10,0.12037544280553208,3.1109552962484153
20,10,9.844573094601833,12
21,10,5.173322357044004,2.1020230428967794
22,10,10.198566048595275,3.913417916504603
23,10,0.9469773705366744,6.055816233121079
24,10,2.8390998151690017,4.925742577727964
25,10,6.266051931764848,4.0303078151880065
26,10,4.780893257889411,2.9608895416452343
27,10,8.901610344305242,5.017190865293035
28,10,7.150579225161987,11.121683728295029
29,10,7.037565407581379,1.961940869370821
0,15,12,0.11600918696504875
1,15,8.064094621864275,7.921210665558328
2,15,0.06578456808787456,4.273762393426121
3,15,10.201351255801658,2.8938380400709622
4,15,2.2804200341497003,5.102990099132199
5,15,4.264322668685364,1.004216418317842
6,15,7.732738921092636,12
7,15,4.105058814518226,9.998993995151183
8,15,0.10012172647077766,10.827131021033637
9,15,1.1055185336453077,5.179770654390853
10,15,12,9.091821481681702
11,15,6.834013296098243,2.9775481751684185
12,15,11.138125335505098,3.828440247103079
13,15,10.898147686361742,7.194125062162667
14,15,4.267145603912558,1.8882045146243094
15,15,5.70168124180686,12
16,15,8.148519728371655,2.6939440468261693
17,15,3.1712469004094155,0
18,15,12,11.10555569285572
19,15,0.17642361933573478,3.1631817707738974
20,15,9.786090664237523,12
21,15,5.235846438924089,2.1395392331859293
22,15,10.26150834852948,3.8865086128332798
23,15,0.9341574444363815,6.070022996780235
24,15,2.7409757277174958,4.912427713590981
25,15,6.353017956340445,4.03854969891366
26,15,4.686889252077303,2.942257589557572
27,15,8.8465722323018,5.027794345754485
28,15,7.203774504621045,11.161645735667527
29,15,7.033582982533289,1.9661014435616364
0,20,12,0.12810714546620935
1,20,8.05676955417726,7.93046912563666
2,20,0.08332977465402755,4.338737323912562
3,20,10.278182267379723,2.877335917618931
4,20,2.3653726770584993,5.13351198201669
5,20,4.3446173057335695,1.006116621039124
6,20,7.662247441122632,12
7,20,4.156522138708905,9.998905819387218
8,20,0.13295252791158094,10.769100128321815
9,20,1.134554869961322,5.229332861137702
10,20,11.967324954267077,9.115583974500064
11,20,6.8286044314110725,2.9768802029872616
12,20,11.164782029797564,3.7943001973841284
13,20,10.870081130718996,7.247111701516918
14,20,4.366110329575958,1.8502209850273916
15,20,5.6186203331861835,12
16,20,8.187278322225458,2.615398488250633
17,20,3.219166780806654,0
18,20,12,11.13006745665445
19,20,0.22436923991325392,3.2061839724635752
20,20,9.70776288561149,12
21,20,5.302985015584837,2.1799695888979915
22,20,10.323954052336992,3.8610366919223686
23,20,0.9184402833267459,6.086990878332926
24,20,2.645580817295946,4.899961124533415
25,20,6.4181676789862925,4.045602642609417
26,20,4.619925142737244,2.930290828258972
27,20,8.809872203109968,5.034102721932933
28,20,7.261303730182792,11.204592408342227
29,20,7.021150475109032,1.9791894461281214
0,25,12,0.13354948197755706
1,25,8.055884978466258,7.931589642860829
2,25,0.10111081079186282,4.40767165995189
3,25,10.350142664529846,2.8608992531892063
4,25,2.471429479874201,5.174258857939554
5,25,4.445458917147934,1.0092214446749677
6,25,7.613143392766629,12
7,25,4.187726582015013,9.999061155492443
8,25,0.1669280096154456,10.710097388540342
9,25,1.1562425661229223,5.266953062926787
10,25,11.957019101307738,9.123553479570337
11,25,6.808588298641054,2.9743779790308125
12,25,11.195975353238838,3.7545199867607297
13,25,10.84492141600821,7.2933373232116665
14,25,4.4861857901633755,1.8019841933901397
15,25,5.530362317971734,12
16,25,8.225197659304424,2.541207892587251
17,25,3.2595723090824986,0
18,25,12,11.16700979963432
19,25,0.25428220855920536,3.233103513264784
20,25,9.631770204431588,12
21,25,5.384008754443435,2.231036914803504
22,25,10.366571155892522,3.844668407485343
23,25,0.917138796831684,6.088403644802741
24,25,2.532691190682362,4.881932651995453
25,25,6.467834102517262,4.050899716742329
26,25,4.536041043612971,2.9155059801035224
27,25,8.775128082256353,5.040989143925576
28,25,7.310135055558533,11.240195150146814
29,25,6.99164689281389,2.010815143580551
0,30,12,0.13541691402974212
1,30,8.042164005100341,7.949064022348594
2,30,0.1178322091586326,4.471695722476999
3,30,10.420842537949877,2.8470129699101063
4,30,2.5647500525479803,5.209538559127642
5,30,4.5517160268179895,1.01430203928349
6,30,7.565393329131999,12
7,30,4.200261782665027,9.999079363356925
8,30,0.19816287932941787,10.656465949289043
9,30,1.1812174276403655,5.307383642627073
10,30,11.936260235880743,9.140302318415788
11,30,6.806479774047183,2.9741101150397258
12,30,11.230497634294052,3.709340187749522
13,30,10.823796775121552,7.329638636214672
14,30,4.595336359602471,1.75730215049121
15,30,5.448600202533262,12
16,30,8.251778663333797,2.4913290212467123
17,30,3.2759464187054483,0
18,30,12,11.210020047837542
19,30,0.2817553247987991,3.259010086139404
20,30,9.531352069567623,12
21,30,5.451498229761572,2.2750062413995327
22,30,10.407762710287937,3.828442315911847
23,30,0.9238266605783063,6.081145333555049
24,30,2.4165600882703395,4.863161540060582
25,30,6.528484074287696,4.057773448267882
26,30,4.463104022282222,2.9017894853313315
27,30,8.733759143917778,5.050124767115447
28,30,7.349388503883848,11.268581381316544
29,30,6.964367763353678,2.0403095751623415
0,35,12,0.16115460352487598
1,35,8.05274968221429,7.9575197963875395
2,35,0.13983466851773357,4.552461053488228
3,35,10.457327133406649,2.8391271108480973
4,35,2.66958395940741,5.248783106556089
5,35,4.662759617489331,1.0240080740295454
6,35,7.5129294587154245,12
7,35,4.2192275434079205,9.999085490322315
8,35,0.24141891176997898,10.584642285519514
9,35,1.2096336507082368,5.350804399242761
10,35,11.91137910336465,9.16095289139605
11,35,6.804809625688391,2.9738673720520588
12,35,11.26901215407795,3.6621221535142623
13,35,10.798469109593713,7.374040826232805
14,35,4.731627507064402,1.7081673521742184
15,35,5.359951507816072,12
16,35,8.282964917543866,2.431826255101698
17,35,3.276124289316974,0
18,35,12,11.241325811113388
19,35,0.3030386306945105,3.280666889531103
20,35,9.420192554326919,12
21,35,5.533869625074397,2.324793335100312
22,35,10.424639509517542,3.8215064722737866
23,35,0.9310130663253954,6.073496608167503
24,35,2.2987721945976323,4.8427100701471195
25,35,6.585624555207255,4.0630930669716
26,35,4.391505796159819,2.8870658433139336
27,35,8.695427387836746,5.059437961631006
28,35,7.365460371553354,11.280493134125576
29,35,6.941616544115005,2.064705002608587
0,40,12,0.17418583493641793
1,40,8.095589264233762,7.993614282519542
2,40,0.1658713718023269,4.652661178875434
3,40,10.49575219856284,2.828916151165735
4,40,2.781283153005211,5.2883155188529765
5,40,4.807293862372197,1.0366029371515135
6,40,7.545497683020368,12
7,40,4.219328561801646,10.007331924550645
8,40,0.2904738446239818,10.502139601793381
9,40,1.2603803255819208,5.425001550200969
10,40,11.875063777330746,9.192359404764654
11,40,6.80647846614374,2.974103963542483
12,40,11.291303261054335,3.6349230927415626
13,40,10.77265598668171,7.417949712449217
14,40,4.855888055289225,1.66572574403075
15,40,5.278102413164452,12
16,40,8.316309922662128,2.368182630766322
17,40,3.285188248645388,0
18,40,12,11.26874837868795
19,40,0.340455251108948,3.322993052663637
20,40,9.306183717838552,12
21,40,5.592179809011365,2.3607713999802065
22,40,10.450710210160057,3.810558823957092
23,40,0.9270548327850066,6.077752787115206
24,40,2.1980205033372866,4.826786100519573
25,40,6.628561325450286,4.0673454294605484
26,40,4.320649276642442,2.8719117231585893
27,40,8.635078997785952,5.07262151254176
28,40,7.397370561656103,11.304206274483679
29,40,6.91649841274433,2.090319458093615
0,45,12,0.20905569981088643
1,45,8.122424946172222,8.016618391182837
2,45,0.19083318062673132,4.745730668945167
3,45,10.486903634522816,2.7972125117383517
4,45,2.889791265036656,5.323402555309422
5,45,4.96768249870199,1.0475858895487649
6,45,7.57238165646139,12
7,45,4.218930579414069,10.029468040529684
8,45,0.33861301562007584,10.421787421278651
9,45,1.307204035737346,5.4946930609144955
10,45,11.82818799300361,9.233191961046069
11,45,6.827264417838389,2.9766013708309114
12,45,11.314940919827647,3.605406625719447
13,45,10.748345253199581,7.457913638338308
14,45,4.969446727690044,1.625827096777834
15,45,5.1947333633916175,12
16,45,8.353224365202612,2.2970576664613014
17,45,3.288916715560964,0
18,45,12,11.27912450619847
19,45,0.36731023602264357,3.3518565589014098
20,45,9.193184270375948,12
21,45,5.667808955439503,2.4072819026087866
22,45,10.49574852662276,3.7924391567637743
23,45,0.9141776740484407,6.091479802564421
24,45,2.1054888861186973,4.812818376090409
25,45,6.710483623782099,4.074835952853172
26,45,4.253074543883276,2.8581118613502388
27,45,8.58246708745362,5.084451148985589
28,45,7.430346795315591,11.329889712377875
29,45,6.893577464036575,2.1147450724070898
0,50,12,0.2614245456919496
1,50,8.144997625743013,8.036073236211955
2,50,0.2170945820166539,4.847228598335423
3,50,10.476164062705887,2.757936932614726
4,50,3.0016195361174347,5.357216483915367
5,50,5.125433642516244,1.0578346220436003
6,50,7.602277256136304,12
7,50,4.218389357960813,10.058229485526725
8,50,0.397508512651463,10.32622622777514
9,50,1.3279593401644534,5.526863827056807
10,50,11.777162451845493,9.279391971036118
11,50,6.844663577686272,2.978996966498984
12,50,11.336387000696694,3.5785512262374
13,50,10.710215613245085,7.521903494747335
14,50,5.1040326138545025,1.5788710924293952
15,50,5.094961113846413,12
16,50,8.385902823254826,2.231166043754824
17,50,3.2878409744291384,0.0005033442015771176
18,50,12,11.285390994534668
19,50,0.3988835735041752,3.3892772129607014
20,50,9.071575452141628,12
21,50,5.749347466089415,2.456888641270516
22,50,10.513479896906825,3.7850979079796505
23,50,0.891995917338186,6.114305411065735
24,50,2.028516246003393,4.8005596443968965
25,50,6.785935639939248,4.080689417808385
26,50,4.184722436785512,2.8451771698359014
27,50,8.5153548784295,5.1010558473843375
28,50,7.471843475341058,11.362575717931874
29,50,6.874908869881837,2.134782667806732
0,55,12,0.31316675008887385
1,55,8.16851928041659,8.055837651680221
2,55,0.2417131406626133,4.937866674465875
3,55,10.5101289013596,2.749501201618893
4,55,3.144096071393969,5.404858087819552
5,55,5.298635362650253,1.0696427126900725
6,55,7.62787108317846,12
7,55,4.218036847353303,10.067944513716942
8,55,0.45522685731826235,10.235055633621611
9,55,1.3545695770014672,5.567269646894069
10,55,11.726791399616054,9.324828187517253
11,55,6.8745532440561705,2.9829799254680904
12,55,11.368091621574345,3.537585276890884
13,55,10.674789121867285,7.578740949174424
14,55,5.244255578809436,1.5307937439288524
15,55,4.9950876450157295,12
16,55,8.41762200228237,2.1695641325595947
17,55,3.313055126167052,0
18,55,12,11.290393690919194
19,55,0.42851388271067137,3.4242735894059284
20,55,8.95472202735338,12
21,55,5.832863480677187,2.504464616786686
22,55,10.548139029530402,3.7706041282331895
23,55,0.874297698830074,6.132106782288324
24,55,1.9444980520180937,4.78422037547086
25,55,6.856263432508099,4.085563189021317
26,55,4.124542886801115,2.8344427878352905
27,55,8.448804535851872,5.118066222336809
28,55,7.537698635480842,11.415229363320194
29,55,6.856622304361163,2.1544283775824615
0,60,12,0.35817292095489606
1,60,8.182650069606835,8.068437459964464
2,60,0.26195849397444926,5.020549667118536
3,60,10.53635537707941,2.7424669299174753
4,60,3.2528453579988357,5.44160183110944
5,60,5.458198957280106,1.0786559811918728
6,60,7.658597101189135,12
7,60,4.216736547313351,10.098175791484772
8,60,0.5016901788994408,10.160634426827102
9,60,1.3789280427205894,5.607113779448356
10,60,11.662423705659798,9.386045069777191
11,60,6.921574496209947,2.9892724833276154
12,60,11.407785311867135,3.485018818119431
13,60,10.631156515987257,7.648951240399781
14,60,5.370806790426538,1.485281367266386
15,60,4.866301350255603,12
16,60,8.445376421705546,2.1157602508272055
17,60,3.33607158517381,0
18,60,12,11.299171567492628
19,60,0.4636705435644703,3.4651736659138543
20,60,8.835019233870765,12
21,60,5.9391669416177235,2.564274477714604
22,60,10.584556671573505,3.7545415288639306
23,60,0.855959030392118,6.150203965223709
24,60,1.855746052885059,4.7666477794079185
25,60,6.921872070699594,4.092921127632546
26,60,4.049357086278866,2.8195357125211324
27,60,8.37304910872959,5.13551075972063
28,60,7.593118883351941,11.461104566012061
29,60,6.838965906827931,2.172738268717236
0,65,12,0.3966548642631488
1,65,8.193524101418713,8.078060063580109
2,65,0.2805384788926849,5.11010703993149
3,65,10.562808344275046,2.734912834909431
4,65,3.350783412093449,5.469684497283836
5,65,5.6126812794288785,1.08624441826337
6,65,7.688099566828449,12
7,65,4.21664111485126,10.104686506857314
8,65,0.550779987668846,10.084496396998773
9,65,1.3967303178864765,5.635316740536881
10,65,11.593622840165299,9.450187898759605
11,65,6.953236098014071,2.9942992868517617
12,65,11.452176991557057,3.4252648537767674
13,65,10.587379166074212,7.71792122561512
14,65,5.510607383910564,1.4386389932048902
15,65,4.746666015209386,12
16,65,8.478354389609862,2.0550424488097225
17,65,3.3653862317912973,0
18,65,12,11.302639709839726
19,65,0.5078095653461556,3.5125312730247353
20,65,8.722551857886147,12
21,65,6.061185461269125,2.635022239572347
22,65,10.625022595834873,3.738318264463112
23,65,0.8414838880709745,6.164732050307121
24,65,1.765096774383266,4.745227165668849
25,65,6.978522759032306,4.099594014982356
26,65,3.959967970727163,2.8005483351385587
27,65,8.285396434531135,5.155680605695506
28,65,7.651441561598399,11.507069493752292
29,65,6.814052147717137,2.200459987542995
0,70,12,0.44534319188393506
1,70,8.229001228935028,8.11286655523646
2,70,0.2989325529584061,5.189819569968263
3,70,10.579569960613085,2.730444269614178
4,70,3.435509584275791,5.49319430453037
5,70,5.781389456764273,1.092546702206561
6,70,7.732202995504101,12
7,70,4.216532802328884,10.108852831804413
8,70,0.595171123420725,10.012825859554614
9,70,1.4162267107595647,5.6679427973382195
10,70,11.537634986334753,9.503672180493123
11,70,6.978546637917944,2.998947185364683
12,70,11.499988066797329,3.365278858306283
13,70,10.538580346570619,7.792953767140727
14,70,5.6424067651443846,1.3979223650795598
15,70,4.617862535567828,12
16,70,8.520374216208465,1.9807329882615508
17,70,3.3949961622335696,0
18,70,12,11.305919660629026
19,70,0.562805497501335,3.5698033754881444
20,70,8.62331324743989,12
21,70,6.188852311068667,2.716628322153363
22,70,10.661178561529399,3.724562007483244
23,70,0.8525461022044801,6.153302699464531
24,70,1.6502857523094412,4.7165860838500695
25,70,7.018786594532252,4.104754836004274
26,70,3.865437890998135,2.7816749349731436
27,70,8.217993741186005,5.168162407013339
28,70,7.722014765480668,11.565693682110274
29,70,6.793872215641428,2.224410619554883
0,75,12,0.5113499417579108
1,75,8.265660422075909,8.148490149265482
2,75,0.31518264115577715,5.2703996546021665
3,75,10.598978857030252,2.725159326378798
4,75,3.5244553770893776,5.516764467655082
5,75,5.934713374017275,1.096194068317349
6,75,7.78966835816907,12
7,75,4.216343639416622,10.118115130196509
8,75,0.6355395382679778,9.944552105336045
9,75,1.4337046078122757,5.697283577331115
10,75,11.470547129630388,9.570336315695643
11,75,6.994790949397146,3.001739404748749
12,75,11.540590865811481,3.3142121172274113
13,75,10.492928308558303,7.864395373108166
14,75,5.755476019147415,1.3609855321939897
15,75,4.468912370878805,12
16,75,8.56274807551853,1.9017478550697364
17,75,3.4082117687994926,0
18,75,11.999727278558796,11.305682452148702
19,75,0.6169877305814886,3.6267364655532837
20,75,8.513028084218883,12
21,75,6.325639994396401,2.804083355226329
22,75,10.6791314981115,3.717460623827407
23,75,0.8724517971655262,6.13182129180366
24,75,1.5508064500527707,4.689874190966216
25,75,7.039883537255568,4.107910072898874
26,75,3.7908076411430875,2.7654977368138733
27,75,8.154124811189837,5.177059387385459
28,75,7.792011574024736,11.625542385747966
29,75,6.777922483355221,2.2431844718643332
0,80,12,0.5677835679575675
1,80,8.30728021389742,8.19072474303814
2,80,0.32957922529553274,5.351051826346048
3,80,10.616292730695864,2.720281542447679
4,80,3.6200347603052205,5.545352572972411
5,80,6.107370085246161,1.102187460896649
6,80,7.861309027573063,12
7,80,4.216566766065831,10.1133306993463
8,80,0.6727082813224354,9.879352763831244
9,80,1.4471243959292657,5.720686841134541
10,80,11.388968838279881,9.644895969976835
11,80,7.000762081728049,3.002906721521326
12,80,11.58180253430433,3.261427730121865
13,80,10.461394162974292,7.91435565339586
14,80,5.873702270742347,1.322850597191971
15,80,4.3257016079506805,12
16,80,8.609466189564241,1.8135041907764524
17,80,3.4250234839319718,0
18,80,12,11.310865438102406
19,80,0.6643086160720149,3.6814432551744214
20,80,8.399817549604109,12
21,80,6.460320122523412,2.8924857205762673
22,80,10.71348781554451,3.7040504282840327
23,80,0.9049674046156738,6.096813034705572
24,80,1.4429179724391936,4.655084320371153
25,80,7.042943638349847,4.108359740211883
26,80,3.7040698707595223,2.74896468325259
27,80,8.104290889242069,5.184713646830939
28,80,7.738282696636261,11.688439021813672
29,80,6.761557911495757,2.2630086381920163
0,85,12,0.6250991659691353
1,85,8.359773091858736,8.24391273305763
2,85,0.34186888862219633,5.429561421441
3,85,10.636372168272619,2.7145888449124107
4,85,3.693029908311675,5.566666870932011
5,85,6.269058905950207,1.109258130261585
6,85,7.93383002219027,12
7,85,4.216714433398695,10.107584855671723
8,85,0.7070993975254719,9.817352810061807
9,85,1.462759025552557,5.74874307034255
10,85,11.313949933527045,9.7099798649128
11,85,7.022925939397897,3.007307572187187
12,85,11.609190554003764,3.2255034334638353
13,85,10.446868488388471,7.936666261122937
14,85,5.9844132224539885,1.2846624566747593
15,85,4.193456119826837,12
16,85,8.653230909436642,1.731422056171494
17,85,3.461909172397604,0
18,85,12,11.316882312969673
19,85,0.7089498780735528,3.7354934281845478
20,85,8.29966691849972,12
21,85,6.599834587374298,2.9876046569366603
22,85,10.756744191613983,3.689568558153543
23,85,0.9373208459666541,6.0635119335230705
24,85,1.3456285420765965,4.626976848374835
25,85,7.043377043313119,4.108438681646909
26,85,3.6279343485717774,2.734475049991431
27,85,8.066168028203153,5.190965905245293
28,85,7.684425671728679,11.754380193311336
29,85,6.753408818125809,2.2728701159961004
0,90,12,0.6816763584519535
1,90,8.419667143951761,8.305882073977996
2,90,0.3547794380389298,5.515007017026043
3,90,10.669551477683102,2.705429497263014
4,90,3.7643415214551688,5.585285211108015
5,90,6.423072556322045,1.1159106440783917
6,90,7.994527604579547,12
7,90,4.2171823718714965,10.099434296531522
8,90,0.7390301877429439,9.76057426559147
9,90,1.4581906140028138,5.740718736811178
10,90,11.22861136008359,9.784205278608532
11,90,7.053312889722916,3.0132165748932414
12,90,11.634136866949238,3.191525135744289
13,90,10.431968615883227,7.958920609931094
14,90,6.067916167729501,1.2566045013044504
15,90,4.041388837664219,12
16,90,8.697627217466122,1.6521518598886253
17,90,3.492057463199051,0
18,90,12,11.323902108319905
19,90,0.7614078654619035,3.797781016856931
20,90,8.202772011663416,12
21,90,6.725899025331856,3.075935976137112
22,90,10.799927692523214,3.673837475944473
23,90,0.9593203142342832,6.041179279858115
24,90,1.2373633198388156,4.596136838768495
25,90,7.023953519209581,4.104484380607687
26,90,3.564952635475069,2.7239472958319455
27,90,8.012818086393585,5.198483223677441
28,90,7.623809158228299,11.829411943009426
29,90,6.761260957007055,2.2629057304542686
0,95,12,0.7482295255669745
1,95,8.471518035087227,8.355614332466164
2,95,0.3665403999695215,5.598503396744899
3,95,10.709748820356928,2.693823368534531
4,95,3.838175267303677,5.601841314410159
5,95,6.609961221856059,1.1263690134179547
6,95,8.049984546986892,12
7,95,4.2175108522883376,10.089343280350244
8,95,0.7722551199679968,9.703313967843387
9,95,1.451516838231256,5.729367442552087
10,95,11.13145415206874,9.868402185650286
11,95,7.097249723115251,3.022433160573605
12,95,11.65969480458589,3.1576651915834066
13,95,10.414801776840795,7.9836736658292775
14,95,6.15077558670686,1.2294058787367177
15,95,3.8912565476193515,12
16,95,8.73297715082131,1.5909023852660809
17,95,3.5182739212714043,0
18,95,12,11.337158682456758
19,95,0.8037367336829556,3.848064088476362
20,95,8.114288262440244,12
21,95,6.84409867632298,3.160345644836004
22,95,10.837483256465678,3.6607944993071064
23,95,0.9755366627637857,6.025467819261259
24,95,1.1255461798869288,4.560445673378208
25,95,7.009392115541214,4.101612719294513
26,95,3.4821666036878325,2.7073627142287786
27,95,7.941116909503829,5.209202241700675
28,95,7.550531186402577,11.913895728626846
29,95,6.76625748960719,2.2567062326119007
0,100,12,0.8251033363012861
1,100,8.511464018374244,8.394448807872502
2,100,0.37983177847236566,5.6942934971769095
3,100,10.754798148698276,2.6803365945176223
4,100,3.9174929767383695,5.620374014289709
5,100,6.791470324593224,1.1367852900432813
6,100,8.095630288264283,12
7,100,4.217832147259713,10.072924553656943
8,100,0.8057120395129156,9.64798358821297
9,100,1.4432113094893786,5.715987169103365
10,100,11.017772923953903,9.96422360525583
11,100,7.14691852695637,3.032133196435746
12,100,11.674583153748372,3.137978919912624
13,100,10.409289927000547,7.992491705489857
14,100,6.244815071678314,1.1996654014417072
15,100,3.7501395325492677,12
16,100,8.769234994693107,1.5334085782942044
17,100,3.556128634192851,0
18,100,12,11.347717040121752
19,100,0.8441278864617093,3.895986007320849
20,100,8.01617445774786,12
21,100,6.951911002137888,3.2328555428351913
22,100,10.894641127275575,3.641694248172104
23,100,0.9792442740400512,6.021741224070703
24,100,1.0212939853589784,4.5267270160093425
25,100,6.990393908450232,4.0974493560665675
26,100,3.3856631970007514,2.686085972230513
27,100,7.863466430200289,5.220231140332176
28,100,7.458863909243878,12
29,100,6.776414828514722,2.2438981015585
0,105,12,0.9085789166321265
1,105,8.566764814961052,8.450287081345754
2,105,0.39089507992617034,5.789187375667004
3,105,10.789554028689777,2.6698076933922623
4,105,3.9995356757913134,5.639496112210144
5,105,6.955902277982318,1.1404076958681533
6,105,8.13875156492751,12
7,105,4.218458245097409,10.049898227758977
8,105,0.8414530210233598,9.588121067525677
9,105,1.444514083292518,5.718015411715192
10,105,10.905695633224488,10.055162452098557
11,105,7.189914087972579,3.0405765517008225
12,105,11.682141900776111,3.127712185446027
13,105,10.397522864513753,8.011162611422337
14,105,6.373263058552553,1.1629691137892046
15,105,3.594063889504641,12
16,105,8.810771725395567,1.469630256482066
17,105,3.566277291355403,0
18,105,12,11.368520619908237
19,105,0.8708100412239328,3.9282638512189068
20,105,7.911494417792874,12
21,105,7.055328255786916,3.3012241439693266
22,105,10.953503865877705,3.6218890130533743
23,105,0.9918399692401294,6.008259468464368
24,105,0.9203987721508871,4.4919981368879025
25,105,6.966868016395133,4.092437478357013
26,105,3.2754532653126835,2.6625036225868475
27,105,7.813380329410827,5.228987139303304
28,105,7.346991625190705,12
29,105,6.783417220080646,2.235160855110682
0,110,12,0.9960976691338692
1,110,8.626669775254577,8.509324962751979
2,110,0.40267782240004835,5.895423055547858
3,110,10.824338503914703,2.6591186209051143
4,110,4.065730436742432,5.655302460414738
5,110,7.130854120869972,1.14569465960492
6,110,8.178773317921246,12
7,110,4.219105370454364,10.030840989756758
8,110,0.8806080237431717,9.522131153685613
9,110,1.442489426822143,5.715010342300094
10,110,10.806820961042924,10.130838214039787
11,110,7.227883166183473,3.047291469552138
12,110,11.695746486193478,3.1078030263462377
13,110,10.389239320526489,8.023993930474406
14,110,6.481419861840442,1.1317149225343706
15,110,3.422555715358473,12
16,110,8.843998142902482,1.4169011848519741
17,110,3.5723164687950426,0.010663139961504309
18,110,12,11.375309125127563
19,110,0.8955769203534624,3.9584101428236793
20,110,7.810940937077313,12
21,110,7.170666330342774,3.3790507115071993
22,110,11.010386852089095,3.6028462277112743
23,110,1.018830692021651,5.97961940420925
24,110,0.8086205690775852,4.456310203116863
25,110,6.92946029944586,4.084327386997556
26,110,3.1717165032437706,2.6428592787023293
27,110,7.752081177317557,5.240555484840366
28,110,7.236716324338717,12
29,110,6.793504197459496,2.2222069724989084
0,115,12,1.0772631976576106
1,115,8.682744650888836,8.561657241522756
2,115,0.4142136729964906,6.018530965195389
3,115,10.856650055719873,2.6490636961736564
4,115,4.127330130706506,5.671457787040842
5,115,7.29857198234021,1.1507375671495508
6,115,8.20703038477341,12
7,115,4.221108529697001,9.986448804947203
8,115,0.9157229315961277,9.46297815044435
9,115,1.4489930134733948,5.724737325995214
10,115,10.705948341266758,10.209802271124751
11,115,7.267918409043528,3.053868201946457
12,115,11.706125400277148,3.0930442277214105
13,115,10.38070729363029,8.03686591111808
14,115,6.572227079349614,1.10383633251407
15,115,3.2483153474393704,12
16,115,8.875476029102707,1.3674261285019018
17,115,3.5827373879821587,0.029761105177974968
18,115,12,11.39319875191402
19,115,0.9120889390014024,3.977814655968678
20,115,7.713042835827423,12
21,115,7.276544947929678,3.4454415271029717
22,115,11.074668756773043,3.5808124515771342
23,115,1.0549873112510002,5.941562922393805
24,115,0.6909039482255078,4.416716461127195
25,115,6.892924266940778,4.077422689341783
26,115,3.068898329969393,2.6210896875786522
27,115,7.683172632151491,5.254278297575673
28,115,7.131052455576882,12
29,115,6.785986657065143,2.231864693164578
0,120,12,1.1651028245487804
1,120,8.738173064402815,8.615870451950238
2,120,0.4271884908071054,6.146928637227264
3,120,10.892079228945663,2.636892773530278
4,120,4.1695031416986685,5.682098803036938
5,120,7.47171677958,1.1561361412293885
6,120,8.225855571544654,12
7,120,4.223217851777853,9.955246870326166
8,120,0.9429144489566381,9.416971532126523
9,120,1.4424066832575813,5.71443999132663
10,120,10.595760642165395,10.294084910475641
11,120,7.303650207094473,3.0593706214088527
12,120,11.713308143141857,3.082797607177928
13,120,10.37800120610913,8.040913135859485
14,120,6.6417081528559105,1.0822763918861265
15,120,3.070576728907421,12
16,120,8.901117511184035,1.3261378594151116
17,120,3.6027445448136284,0.06569019076746929
18,120,12,11.398298023840624
19,120,0.9202764644294128,3.986961009541466
20,120,7.611016077417928,12
21,120,7.370185579441712,3.503395896905859
22,120,11.156889890316274,3.552246776612807
23,120,1.085191903081958,5.909937035592384
24,120,0.5496210940866413,4.3642273549001676
25,120,6.833284031560932,4.065558922014153
26,120,2.9636333131500114,2.5990425128116597
27,120,7.606017420318308,5.268541446253657
28,120,7.024123983671037,12
29,120,6.777766903450155,2.242251026930318
0,125,12,1.2422462088291022
1,125,8.786219971759389,8.663371991816254
2,125,0.441365940179606,6.274115336525357
3,125,10.911470327697058,2.6302880730887033
4,125,4.227568515067734,5.695731752870837
5,125,7.64949033290968,1.168048373967894
6,125,8.243201941028781,12
7,125,4.225837377651474,9.918575295325693
8,125,0.9732530575076008,9.366822316037307
9,125,1.4340407860205062,5.700597218090269
10,125,10.487758575631613,10.373255560218007
11,125,7.323562296816083,3.0622974502055498
12,125,11.722082014273981,3.069749892594972
13,125,10.377281044648283,8.041943505030225
14,125,6.7262811139007725,1.0554611297829335
15,125,2.901482189362096,12
16,125,8.915371087575677,1.3037110751271777
17,125,3.631033922980252,0.11704342793395117
18,125,12,11.401575147435928
19,125,0.9340212575070858,4.002227171760066
20,125,7.513715896885331,12
21,125,7.451496841685977,3.5543507857703345
22,125,11.24027166512378,3.5229479920451454
23,125,1.1161881831270255,5.877268008973089
24,125,0.4184468392714228,4.307788413213917
25,125,6.783270376552511,4.057004351774304
26,125,2.8540098411565444,2.5733653652093773
27,125,7.548732751119854,5.280053369280199
28,125,6.89942143760751,12
29,125,6.786808398464182,2.2312987669852546
0,130,12,1.3205736425685464
1,130,8.835494987870586,8.712028865449385
2,130,0.45566452292315657,6.391598132135147
3,130,10.930765631986722,2.6241780188996318
4,130,4.273777836885435,5.705295097104161
5,130,7.811812301521103,1.1737506062572658
6,130,8.261969697478962,12
7,130,4.228373576570729,9.86205711840968
8,130,1.0040076768302872,9.315955099488503
9,130,1.4144997979050085,5.668370994675334
10,130,10.394951316354605,10.44140825650281
11,130,7.3611502907169575,3.06655635254265
12,130,11.72066187652298,3.071853159007007
13,130,10.38765021886429,8.02660116882764
14,130,6.811402080984947,1.026455114218948
15,130,2.721021924896286,12
16,130,8.933474311995043,1.2760372376592832
17,130,3.6604931367138875,0.16906213696045308
18,130,12,11.427698090727455
19,130,0.9380737165391032,4.006892483090929
20,130,7.408965387579725,12
21,130,7.511220547044134,3.5906689395429967
22,130,11.309841030619207,3.4980279807660364
23,130,1.168097580976382,5.824266924476127
24,130,0.28378636277864633,4.248906683047211
25,130,6.715069278810178,4.044364536160719
26,130,2.7417874735202816,2.5468647922597953
27,130,7.472893932240217,5.293676528704734
28,130,6.777460115904788,12
29,130,6.797056330312908,2.219831539879956
0,135,12,1.3988310147259706
1,135,8.872030139942337,8.749036758694944
2,135,0.46851904526024574,6.520332618492935
3,135,10.93833358405093,2.6218165382033733
4,135,4.2885314909450125,5.707934344756676
5,135,7.981533687220882,1.179831987143686
6,135,8.280610448317994,12
7,135,4.23046252318326,9.81684358397802
8,135,1.0314448330260007,9.269717286350742
9,135,1.386670603947308,5.621042992477324
10,135,10.309510728770721,10.507533668282944
11,135,7.3909695322716935,3.069233500940628
12,135,11.724650265161673,3.0656475319907885
13,135,10.40799879300043,7.996814242116154
14,135,6.866180118022666,1.008343839345683
15,135,2.539908978639149,12
16,135,8.948881823892652,1.2501861949978346
17,135,3.6958689146582384,0.23119765388063793
18,135,12,11.44854655673508
19,135,0.9517804470912116,4.023102729004658
20,135,7.304362392113429,12
21,135,7.597697818231111,3.641399345510906
22,135,11.387944776262415,3.471272334424038
23,135,1.1170114609750972,5.77330164864961
24,135,0.14432267778653432,4.185843899346939
25,135,6.628902219412989,4.031063968682
26,135,2.6273092343002964,2.5202649569440445
27,135,7.403734756333948,5.308169148136285
28,135,6.652463733854788,12
29,135,6.821769638406179,2.1931850418330274
0,140,12,1.486205107229556
1,140,8.911985279672432,8.789746400348717
2,140,0.48640745736274427,6.6482730008586115
3,140,10.946365304463257,2.6192741606858405
4,140,4.3146460320177,5.712902014051744
5,140,8.147735409620447,1.1874308842428014
6,140,8.294678620896725,12
7,140,4.233054391799186,9.777360260903025
8,140,1.050251082341966,9.238741182208015
9,140,1.3461644629073888,5.551117432121139
10,140,10.231677202227688,10.570269264474504
11,140,7.417520929864012,3.0727314209460586
12,140,11.720365589777547,3.072609352748806
13,140,10.420121309704406,7.9796274775652325
14,140,6.923715777968557,0.9886119218839813
15,140,2.3879705976829406,12
16,140,8.966737909319873,1.2211834645175175
17,140,3.738647921931542,0.3107154513822644
18,140,12,11.47467814518256
19,140,0.9544612985244315,4.026318225474451
20,140,7.21025148251661,12
21,140,7.681277924278858,3.6909393860987953
22,140,11.474939044727655,3.4406143280948123
23,140,1.064657898495451,5.718285172232051
24,140,0.001585367585306724,4.120981777555247
25,140,6.549132753189694,4.021168698061244
26,140,2.4977127864266495,2.488903620239833
27,140,7.35481430787077,5.31869571436934
28,140,6.5076001005080535,12
29,140,6.843069429423033,2.170546578924115
0,145,12,1.5807653287948693
1,145,8.94454845657387,8.82454478358285
2,145,0.5033507013599967,6.773606291753439
3,145,10.943470498131491,2.620129044056005
4,145,4.3094083448871325,5.711927383273673
5,145,8.271143571203382,1.1912546982955596
6,145,8.3020120299224,12
7,145,4.23549111201364,9.739892780022098
8,145,1.0687392834769707,9.206815952789023
9,145,1.304320914437304,5.477617544318163
10,145,10.1637787631498,10.62641747824869
11,145,7.448055823753461,3.076281566991732
12,145,11.716819596696773,3.078376790847495
13,145,10.43568751059481,7.958147916673345
14,145,6.9876381292026775,0.9668533617408418
15,145,2.2310914181833885,11.999911703420882
16,145,8.993359961501861,1.176134450833171
17,145,3.7799243740437403,0.38542940708535944
18,145,12,11.499830867051326
19,145,0.9498207706535935,4.020494945258008
20,145,7.107707169981944,12
21,145,7.746965619041665,3.7296702705038793
22,145,11.557251812626268,3.4130311624013503
23,145,1.0269756154468774,5.676087352956578
24,145,0,4.057441253802061
25,145,6.473906439296641,4.009967477217419
26,145,2.3806764274570202,2.4590682997697506
27,145,7.306212085719503,5.330664452314709
28,145,6.367825292546214,12
29,145,6.849151998825801,2.1638222376233545
0,150,12,1.6818135964037562
1,150,8.982606767776664,8.86457409844486
2,150,0.517959511278517,6.90537996806878
3,150,10.975231081256078,2.611545098519116
4,150,4.300255450803511,5.710076085901626
5,150,8.276622611653181,1.0616787540505228
6,150,8.312719779971468,12
7,150,4.238984787765183,9.687470839794061
8,150,1.0948537031443653,9.161577750834399
9,150,1.2638198949229302,5.407486977830615
10,150,10.110052963440909,10.671661778934425
11,150,7.459828338412461,3.0773560445085204
12,150,11.708234497210631,3.09214172073282
13,150,10.441080420001786,7.950638907989083
14,150,7.040692986784415,0.9461965165828718
15,150,2.0629064752421367,12
16,150,9.025760573827627,1.1220538782547618
17,150,3.824963518030916,0.4649468429516034
18,150,12,11.514353576242057
19,150,0.9376223229575685,4.006246853010976
20,150,7.010050829960304,12
21,150,7.84868717084248,3.7891509234577905
22,150,11.635377463464346,3.3865309748741828
23,150,0.9959168068051565,5.641200955887692
24,150,0,4.001489983763631
25,150,6.385471481360115,3.9968317996544043
26,150,2.2646020432342073,2.428071559495061
27,150,7.278089630666653,5.337647116163955
28,150,6.2238413704166,12
29,150,6.87024711656156,2.140775025794504
0,155,12,1.7920758860660815
1,155,9.016660281045217,8.902567691756444
2,155,0.5348720489808872,7.050088204197591
3,155,11.008866822458572,2.602288888937887
4,155,4.314362450768931,5.713253998417201
5,155,8.28182277108327,0.9336638389385185
6,155,8.332808811610967,12
7,155,4.239963703303376,9.659947867327032
8,155,1.1235447453205993,9.1092751930753
9,155,1.2257294867662092,5.3406431856554395
10,155,10.03523694070938,10.732329369809245
11,155,7.48395509986271,3.079708902094437
12,155,11.697379228217406,3.1104417208982182
13,155,10.443845207991743,7.946875422437928
14,155,7.098088868576044,0.9246843671363228
15,155,1.9223158518308392,11.9979121663341
16,155,9.048644478801684,1.0859657866199632
17,155,3.868810263039074,0.5382325122803185
18,155,12,11.527748220811446
19,155,0.9351132068986987,4.003351821144282
20,155,6.905063780460991,12
21,155,7.96396339392849,3.8568992169620633
22,155,11.701442790452399,3.3654446807998735
23,155,0.9749362339710907,5.617543452647364
24,155,0,3.948241468033885
25,155,6.300310356015108,3.9853098342363644
26,155,2.1387901437901022,2.397356317140397
27,155,7.245024983479882,5.346273146920805
28,155,6.067253698063717,12
29,155,6.883427248865303,2.125501388801852
0,160,12,1.882631792828351
1,160,9.055320925306132,8.946166274702415
2,160,0.5483650793459639,7.169534844911721
3,160,11.018563176732432,2.599365315698723
4,160,4.314678005740752,5.713339186251702
5,160,8.284973523202988,0.8125371502342335
6,160,8.355764499474512,12
7,160,4.241703250552474,9.615237892558534
8,160,1.1459700434058433,9.069653175359752
9,160,1.1899658422170765,5.2782072290113256
10,160,9.946723266802717,10.805803600791663
11,160,7.495214778229551,3.0808396205071173
12,160,11.678177636519264,3.143795934576336
13,160,10.430310841645918,7.965166986994397
14,160,7.167156371546079,0.9002576570228904
15,160,1.8076621272493745,11.993569830562476
16,160,9.084976332758659,1.0301054398553355
17,160,3.9138179066395313,0.612843386360686
18,160,12,11.540163199452543
19,160,0.940642670037196,4.0096263454982175
20,160,6.807740069869456,12
21,160,8.078629113704414,3.9194581324359334
22,160,11.782997100748112,3.337421304180364
23,160,0.9666015348239909,5.607956803956271
24,160,0,3.898237800828972
25,160,6.225250747220186,3.9759010177580656
26,160,2.004244113011347,2.3624268350729167
27,160,7.173076588894154,5.366033623925921
28,160,5.9137196454273155,12
29,160,6.91271436574013,2.09278386295635
0,165,12,1.9788339886434678
1,165,9.106072611535858,9.002018240901393
2,165,0.5615377302718731,7.294273122899173
3,165,11.046028743360427,2.590502479976319
4,165,4.32023293921728,5.7149798879328175
5,165,8.289289094168947,0.6736917067086544
6,165,8.381651983032398,12
7,165,4.244028977039205,9.5534426999253
8,165,1.162297869834728,9.040508952015182
9,165,1.1540127471857884,5.217619580352705
10,165,9.864489558216992,10.87788846994493
11,165,7.497097256595255,3.0810150608947318
12,165,11.66753019417152,3.162668482134711
13,165,10.429458436728153,7.966335170864368
14,165,7.2148889714742515,0.883584233321846
15,165,1.6880204731960957,11.989671546810536
16,165,9.120552044441459,0.9753645236934393
17,165,3.9654989166779746,0.6915458683379133
18,165,12,11.551493392254718
19,165,0.9297972965332768,3.9972874759294403
20,165,6.689691855022874,12
21,165,8.186693835400915,3.974335829158147
22,165,11.883787038357434,3.2996913675192
23,165,0.9526704575473172,5.592292068811407
24,165,0,3.848303150963046
25,165,6.1364499114162205,3.9632359339709597
26,165,1.8461197429121239,2.324607173600023
27,165,7.101167570404002,5.385394406849778
28,165,5.743384372305062,12
29,165,6.946992849551774,2.0543895470823625
0,170,12,2.065990848659397
1,170,9.15007232916628,9.049544336375181
2,170,0.5770321606645811,7.42492963776195
3,170,11.094715823707094,2.575055920543641
4,170,4.320146889292327,5.71495595751376
5,170,8.292355251944503,0.5306741771734717
6,170,8.406960368574492,12
7,170,4.2459248974733,9.478645931798967
8,170,1.1760770551368054,9.015700718878385
9,170,1.1136001428630748,5.146975779847099
10,170,9.782106138674123,10.948166826725133
11,170,7.495452846094286,3.080879680705431
12,170,11.64727505652953,3.1996392623202405
13,170,10.417762182295172,7.9834282626837085
14,170,7.253510740367277,0.8696166923097268
15,170,1.605522156741285,11.987122821885066
16,170,9.191028930889601,1.0211279113148315
17,170,4.0078732011768485,0.7534010798185251
18,170,12,11.5593175480017
19,170,0.9109175658615857,3.9762524853088332
20,170,6.5676120367046025,12
21,170,8.318062870857133,4.041720022851127
22,170,11.973011300265254,3.265606152932635
23,170,0.9257160387438907,5.561860095139101
24,170,0,3.8042922272357327
25,170,6.030085382008451,3.946800118376855
26,170,1.6968700144656448,2.284462664929264
27,170,7.016387196318118,5.407548405239649
28,170,5.584455733636193,12
29,170,6.992370859355341,2.0016068732481576
0,175,12,2.142371317313101
1,175,9.182660087925358,9.085560783391488
2,175,0.5902778214499166,7.53615825533283
3,175,11.125341297642791,2.5656594798382235
4,175,4.32258880340357,5.715648577259878
5,175,8.301513972374906,0.38966314217791453
6,175,8.42625513632031,12
7,175,4.246642322091586,9.407962567457929
8,175,1.1941962594907982,8.982224584610218
9,175,1.0665945445589475,5.062629461995844
10,175,9.708288274019166,11.006202498622724
11,175,7.505009580639216,3.081484770956801
12,175,11.623024343459988,3.2444352334694573
13,175,10.41182280754087,7.99249105957896
14,175,7.275983526947923,0.8612515949000682
15,175,1.5171926984261523,11.984780283783346
16,175,9.258726962203458,1.062313399587766
17,175,4.039136824197727,0.79840770524012
18,175,12,11.582140651271658
19,175,0.8978517705743492,3.9618161523909166
20,175,6.436521198861297,12
21,175,8.4600529590727,4.111834791650562
22,175,12,3.2329679771100306
23,175,0.890406495890517,5.522431849722229
24,175,0,3.7610785080318543
25,175,5.902217209579594,3.923928254790186
26,175,1.5505240097310475,2.2425267283955757
27,175,6.9010383714115635,5.433081009519928
28,175,5.427969526396989,12
29,175,7.028419222728293,1.959442361074536
0,180,12,2.211213739258536
1,180,9.231373232457292,9.14191280012291
2,180,0.6072719870923471,7.649297994782649
3,180,11.131793315142446,2.5636717156288102
4,180,4.322549215691957,5.715638246035938
5,180,8.317393963841992,0.21030674419545975
6,180,8.43762952382462,12
7,180,4.246921877367303,9.373980425087343
8,180,1.2211863610074694,8.934331712300967
9,180,1.0176476541794055,4.976858113956118
10,180,9.635221212570045,11.062275502645472
11,180,7.504643554222709,3.081466408625384
12,180,11.602835082572955,3.2801773184631076
13,180,10.416504293093169,7.985167598579119
14,180,7.305165373856695,0.8505230841879203
15,180,1.4146784119651818,11.981247099128813
16,180,9.330860551815881,1.10305692367234
17,180,4.053104612711519,0.818504277377804
18,180,12,11.598813833916662
19,180,0.891799932574711,3.955084460935364
20,180,6.305547819766312,12
21,180,8.597880520028564,4.176319253430149
22,180,12,3.198257807306074
23,180,0.8552517052201917,5.556267812265383
24,180,0,3.7144658909358745
25,180,5.757334683793035,3.900236376833901
26,180,1.5087951604923724,2.3857743679148
27,180,6.775521271947562,5.460858202204587
28,180,5.254133838031941,12
29,180,7.000369801459211,1.9364984404474601
0,185,11.933726464623222,2.304382430915425
1,185,9.276975267973805,9.19136772460533
2,185,0.6241842177897811,7.747183648452063
3,185,11.121851008617755,2.5670489484377788
4,185,4.322326445731629,5.715584410068439
5,185,8.33566443513214,0.02315141305186255
6,185,8.435430701180515,12
7,185,4.246773072603406,9.339299564473249
8,185,1.2569718417762714,8.872083995372488
9,185,0.9713237926607174,4.892975189940735
10,185,9.575014957025086,11.108566581784928
11,185,7.485239493702588,3.0807957368198777
12,185,11.58953558618905,3.303310988753747
13,185,10.432839245055066,7.9600086247350115
14,185,7.314756418559615,0.8470093793297999
15,185,1.2959169059941582,11.976141625664948
16,185,9.413223187430802,1.1512282511404006
17,185,4.0885985024971445,0.8704066916560604
18,185,12,11.614365891742015
19,185,0.8685774697973485,3.9308538070491506
20,185,6.188387204630906,12
21,185,8.759535287123956,4.256006862318001
22,185,12,3.1701262738655687
23,185,0.8204582753341827,5.589883858799271
24,185,0,3.6703029593914818
25,185,5.621538266533447,3.878077149922006
26,185,1.462918890216895,2.5460449663790024
27,185,6.640777202685333,5.493339581608315
28,185,5.09583525161664,12
29,185,6.96777666914066,1.9094012615243547
0,190,11.8614375762261,2.4063260487032587
1,190,9.325983383477148,9.245075753499359
2,190,0.6418646024292256,7.8467615843157885
3,190,11.098089091812005,2.575094651408854
4,190,4.314960713798069,5.713651078576491
5,190,8.350895798089967,0
6,190,8.446872776483179,11.995342102475691
7,190,4.246123218857479,9.289933655913178
8,190,1.2911414904084946,8.808883473354737
9,190,1.0725369557743256,4.836249101739811
10,190,9.499585133311296,11.167896845857461
11,190,7.4796009761306745,3.080639482723742
12,190,11.573801031446177,3.3312167008283695
13,190,10.447528269731698,7.93618750751167
14,190,7.316439974462381,0.8464323911601668
15,190,1.1810865893344988,11.9682713941291
16,190,9.494945949843679,1.1984798900431501
17,190,4.110360081016364,0.9021555527639146
18,190,12,11.623781304802899
19,190,0.8200299377419165,3.8831027304042363
20,190,6.066178137510953,12
21,190,8.908951648237462,4.330658206158683
22,190,12,3.1453789635635387
23,190,0.785432080584266,5.622913186811329
24,190,0,3.6264527848123325
25,190,5.467688730238608,3.856298088859513
26,190,1.413733772483215,2.7197771117988614
27,190,6.499737638029048,5.527305547692268
28,190,4.965320935762413,12
29,190,6.934362254896161,1.8842392430130241
0,195,11.798360546655063,2.493655961143665
1,195,9.365217573786687,9.288692487246708
2,195,0.6594383465303367,7.941226807232161
3,195,11.064472399849217,2.586545752461673
4,195,4.304201672747611,5.710493503593996
5,195,8.370339736339657,0
6,195,8.4657936944379,11.987484078014372
7,195,4.2452362929359735,9.230890479891467
8,195,1.3279292634974302,8.74726089629788
9,195,1.180366005589336,4.774635016613373
10,195,9.418528678193478,11.230837821216738
11,195,7.488054562719678,3.0811414668571837
12,195,11.556449175754794,3.3614600394312286
13,195,10.445367518192924,7.939879492511771
14,195,7.325947723691766,0.8429929360498207
15,195,1.0678278780918427,11.961506189140898
16,195,9.579678443689385,1.2455227428477198
17,195,4.128040066479094,0.9287771716483509
18,195,12,11.630833934398513
19,195,0.7737152293675242,3.836287371241844
20,195,5.950323026694538,12
21,195,9.061653139104283,4.401721380598746
22,195,12,3.117641814430574
23,195,0.7368758795947551,5.6688643949799715
24,195,0,3.581538766140452
25,195,5.3214304321091115,3.831208915298591
26,195,1.2641345395538726,2.6743413961247517
27,195,6.366956534342121,5.559581001645233
28,195,4.825370543595592,12
29,195,6.9022401395733,1.8612290334295563
0,200,11.750034005552854,2.5610362589883278
1,200,9.40523480119863,9.335698136576001
2,200,0.6770332793742526,8.040828491271878
3,200,11.036294391519096,2.596422366406309
4,200,4.282902741893507,5.704032983492712
5,200,8.39786616585032,0
6,200,8.478278619186208,11.982402864621664
7,200,4.245082703454666,9.172437093357573
8,200,1.3538092259452479,8.703967116453928
9,200,1.2745166866935986,4.720912980445292
10,200,9.354107557449264,11.281445790571787
11,200,7.499714252120177,3.0816288439076605
12,200,11.549846702074783,3.3723787421326508
13,200,10.445405534568925,7.939818890523314
14,200,7.337571611320175,0.838467563399681
15,200,0.9635312046273589,11.950539489809566
16,200,9.669852392639244,1.2970966122008514
17,200,4.138846182024285,0.9454978716822241
18,200,12,11.639707163210945
19,200,0.7483186660428357,3.80918337380247
20,200,5.847107201534268,12
21,200,9.223318566832846,4.477003516811794
22,200,12,3.0863680079102913
23,200,0.7011108304974529,5.701952065317331
24,200,0,3.5377520303446777
25,200,5.164099884405494,3.806209459098892
26,200,1.1085996622556338,2.6319844211735237
27,200,6.2454686691649925,5.588085817200565
28,200,4.687766733498905,12
29,200,6.8397940745694665,1.8149765024965656
0,205,11.709417138926092,2.620525119944712
1,205,9.424655076618086,9.35848049118808
2,205,0.6992238563126951,8.164908828444917
3,205,10.99664382759928,2.6094507678617553
4,205,4.25858409996438,5.696612428926818
5,205,8.425722551408795,0
6,205,8.488476886442342,11.97826463635544
7,205,4.245018376849477,9.135883510317445
8,205,1.3737786803867174,8.67129465092525
9,205,1.354400414747261,4.673921586627361
10,205,9.290691268923242,11.329182074082345
11,205,7.525911951234036,3.083017535648268
12,205,11.54923510488868,3.373387234364772
13,205,10.44116405644795,7.946309521178152
14,205,7.346564565722793,0.8350711112011119
15,205,0.8378325084329321,11.933395491408003
16,205,9.75068128390787,1.343591807218931
17,205,4.141025748125731,0.9489636378438328
18,205,11.998720278579777,11.638684675725374
19,205,0.7217620020121166,3.7805564261736135
20,205,5.745122558132834,12
21,205,9.388404358324056,4.550821347183775
22,205,12,3.055928889745735
23,205,0.6693842230713782,5.731796958312701
24,205,0,3.495247689835067
25,205,4.997900688923476,3.77623323467064
26,205,0.9507198724674972,2.5857169843619165
27,205,6.1105863671081595,5.61797647787893
28,205,4.555851372459988,12
29,205,6.788699665694451,1.7784447034963313
0,210,11.664436066488598,2.683607582457209
1,210,9.436013091843364,9.370874756127852
2,210,0.7180338576661472,8.277982812160818
3,210,10.954653004663973,2.6215854897500557
4,210,4.233823781476135,5.688282620086517
5,210,8.452751882910684,0
6,210,8.47325962008586,11.984398253195767
7,210,4.246868607517558,9.09115280942529
8,210,1.3925554919525953,8.639099836625356
9,210,1.4383332891849212,4.62550509967308
10,210,9.233430025982349,11.371141319096127
11,210,7.557196744629107,3.08398803243143
12,210,11.545842679112416,3.3789652589529267
13,210,10.440837285724347,7.946789830577513
14,210,7.35059843245115,0.8335401354655662
15,210,0.6859145148521724,11.913384006702756
16,210,9.82845383328762,1.3890003300391003
17,210,4.145615046545632,0.955944314670559
18,210,11.99736375511575,11.637562009156001
19,210,0.7028720671519634,3.7604041838646274
20,210,5.6407732526719,12
21,210,9.581631636851748,4.636078515156157
22,210,12,3.027120546215057
23,210,0.6237860792130339,5.773035968571346
24,210,0,3.450743483606421
25,210,4.8193368241746315,3.7446959019944677
26,210,0.767451755961244,2.5216969710091055
27,210,5.980950849530455,5.648671946127345
28,210,4.4180530408075915,12
29,210,6.756594438386894,1.7558560839543271
0,215,11.609849750271175,2.7575557089972462
1,215,9.45148948875622,9.387928390840836
2,215,0.7351116713599152,8.3794585551664
3,215,10.922479235034913,2.6315418307950904
4,215,4.210244572249254,5.6807441236528575
5,215,8.483802148525331,0
6,215,8.46346300930931,11.988633708389633
7,215,4.247965140139099,9.04401504077231
8,215,1.4043780961231793,8.618122149353358
9,215,1.5253011931540288,4.574854389003585
10,215,9.155142474606754,11.429354003632309
11,215,7.591782962991148,3.085013376388381
12,215,11.539912897141509,3.3887775798984374
13,215,10.449826633991215,7.933618618970652
14,215,7.363146643673208,0.8288738963216078
15,215,0.5058014155069797,11.888154770952186
16,215,9.88690060260212,1.4240492309606876
17,215,4.1365183379870905,0.941813554427515
18,215,11.980350530782392,11.622850060089744
19,215,0.6940857098648338,3.7514256412194915
20,215,5.523277918986639,12
21,215,9.767985330550452,4.716176129361688
22,215,12,3.0016719827499223
23,215,0.5787116603795627,5.815435916824204
24,215,0,3.407509957213847
25,215,4.644398683822543,3.710333018905814
26,215,0.5716654210834381,2.4537505251091827
27,215,5.848655393731149,5.677662105203841
28,215,4.285391337508845,12
29,215,6.746858776221892,1.7488961607417277
0,220,11.55052097542415,2.835759882196377
1,220,9.470444761585169,9.40891050518073
2,220,0.7548493501236925,8.495667169659654
3,220,10.887496907285787,2.6422238540101173
4,220,4.158151520321109,5.6636400290187
5,220,8.51633871175859,0
6,220,8.454089049412017,11.992836940068134
7,220,4.248588591877627,9.011309588617621
8,220,1.4139615647083326,8.600930329273496
9,220,1.624106062416298,4.518680295201108
10,220,9.088620911171072,11.475869969397218
11,220,7.627515771089289,3.0860145520077245
12,220,11.539801433963687,3.3889652302351183
13,220,10.454688059690803,7.926434503664198
14,220,7.369084988674563,0.8268202916317537
15,220,0.33769570120348097,11.868389271502988
16,220,9.937964047876612,1.4552800906780177
17,220,4.126052353702359,0.925644339015252
18,220,11.947891151671294,11.594424886163827
19,220,0.6905786306325854,3.747910623965448
20,220,5.40990649144288,12
21,220,9.96000525215932,4.797971152614577
22,220,12,2.9797264833236143
23,220,0.5383023092721797,5.85160909723476
24,220,0,3.3636461209819655
25,220,4.476830976830908,3.6806432164320384
26,220,0.41514715280192627,2.396254320695848
27,220,5.719248801009104,5.7067469841281415
28,220,4.143224012614484,12
29,220,6.751904699563301,1.7525002852747902
0,225,11.49492996522995,2.9104440351079606
1,225,9.498982828660424,9.441689005643427
2,225,0.775122467736643,8.636778186320234
3,225,10.825582041913377,2.661288230246223
4,225,4.123572838694891,5.652484071959922
5,225,8.547984181449657,0
6,225,8.427242703494885,12
7,225,4.249939916509989,8.9797175506794
8,225,1.426125514170412,8.57961901908033
9,225,1.7205874042209781,4.464293420277988
10,225,9.027817617541066,11.52047075702563
11,225,7.656011453517443,3.087552429212721
12,225,11.537628671048228,3.392379984362891
13,225,10.45794196065238,7.921881602176267
14,225,7.381823140857859,0.8222754976467845
15,225,0.20220180798875442,11.855611589602729
16,225,9.975889416143248,1.4780140492981462
17,225,4.101752068406654,0.888008030313094
18,225,11.91228829451,11.56392884066424
19,225,0.6953197322130715,3.752895737380173
20,225,5.28632569412456,12
21,225,10.1433153766054,4.875215832507184
22,225,12,2.967617332209479
23,225,0.5225375161394376,5.865429317653002
24,225,0,3.320813679955797
25,225,4.309431788994969,3.651617525925892
26,225,0.25441629878672767,2.331664227325544
27,225,5.590252651472604,5.7346694229562765
28,225,4.00087529648842,12
29,225,6.752838175347751,1.7531492721600064
0,230,11.43727061063414,2.9860646312097248
1,230,9.52890165054293,9.474643490335758
2,230,0.799293759394733,8.78306470176132
3,230,10.761120275533262,2.6824951526086034
4,230,4.1033880117998205,5.645868699563507
5,230,8.580766658930262,0
6,230,8.386873205330705,12
7,230,4.251025444752456,8.939802927116535
8,230,1.4395186895996366,8.556734967301315
9,230,1.8192301889250935,4.406139630688368
10,230,8.960590278360765,11.57225889861065
11,230,7.691097768603785,3.089398084892206
12,230,11.53428241106478,3.3975559477425334
13,230,10.465059776858208,7.912054115615974
14,230,7.373258282664066,0.7961712171970283
15,230,0.0943480658737205,11.847225171794697
16,230,10.014827482791459,1.5011544712002296
17,230,4.068651944562127,0.8361760883278981
18,230,11.890763450691018,11.54580805619221
19,230,0.7064915564836741,3.7647923103184886
20,230,5.165707576051395,12
21,230,10.336082412582918,4.951326493425625
22,230,12,2.9576170228295835
23,230,0.5024988939438132,5.883500782682139
24,230,0,3.284344018234622
25,230,4.138163971667318,3.6180877095118604
26,230,0.06773655087098665,2.257549523368601
27,230,5.468655794707637,5.760667211324425
28,230,3.864762346708911,12
29,230,6.759805332239459,1.7583013241564227
0,235,11.371364779336322,3.0710620522099967
1,235,9.568220476439254,9.517125470356486
2,235,0.8230691237695513,8.934451546131198
3,235,10.714512829625473,2.698642615278638
4,235,4.089625763623762,5.641393286648366
5,235,8.616883472473585,0
6,235,8.363837173537933,12
7,235,4.251894918708243,8.912805650852
8,235,1.4558468050738256,8.529609323053135
9,235,1.9290327532894447,4.343494080251597
10,235,8.881889906430084,11.631059513304244
11,235,7.700715895323654,3.0899125352151873
12,235,11.533660452925407,3.397164484461237
13,235,10.471602706790833,7.903106735570397
14,235,7.366073287325081,0.7753764462671309
15,235,0,11.839466310878473
16,235,10.05797116533043,1.527171684972375
17,235,4.044500112227916,0.7965723922128644
18,235,11.875159567010492,11.53180508885186
19,235,0.7133315149943185,3.7719515613209325
20,235,5.035327291463761,12
21,235,10.532252884780691,5.029787837088146
22,235,12,2.940911160436104
23,235,0.46890613509337176,5.912572893185734
24,235,0,3.248454751422387
25,235,3.9651612696498164,3.5859089244126534
26,235,0,2.1828094774487896
27,235,5.343100069185775,5.787106174117906
28,235,3.71786542117083,12
29,235,6.7648477854154185,1.762095956995174
0,240,11.30739294079065,3.1568676435272116
1,240,9.609941305092018,9.563446912864508
2,240,0.8474300971462445,9.07901571706011
3,240,10.679986674866898,2.710935403598799
4,240,4.070461110189081,5.635543717252116
5,240,8.654607519431886,0
6,240,8.34253204784341,12
7,240,4.253121347670939,8.87366079216258
8,240,1.4536098751517372,8.53306404462743
9,240,2.035827157555576,4.279080552493373
10,240,8.804037373434427,11.68790804935245
11,240,7.7053975431393456,3.090324710707165
12,240,11.551635255759333,3.4081347982448533
13,240,10.473222278025922,7.900861611166832
14,240,7.361603977071095,0.7616256619423368
15,240,0,11.829194055987447
16,240,10.087775670980914,1.5464729650868092
17,240,4.024132676408152,0.7650818700083726
18,240,11.86436285547978,11.521603479100177
19,240,0.714467043251878,3.7730784424958768
20,240,4.904752994315955,12
21,240,10.72802641228198,5.105493484092453
22,240,12,2.9193314453889516
23,240,0.44126289072790253,5.935682160150841
24,240,0,3.2191935043298354
25,240,3.789824761906139,3.5596642959103573
26,240,0,2.110623668174727
27,240,5.208781689508703,5.815115864446323
28,240,3.5753112104054887,12
29,240,6.769453538730936,1.7656390120731136
0,245,11.244771789041737,3.239812828237508
1,245,9.669013177956053,9.626408792685925
2,245,0.8714048170652019,9.201069554386208
3,245,10.632232093669408,2.7286654125122354
4,245,4.036404304372526,5.624748976010559
5,245,8.691465866412422,0
6,245,8.316325064840749,12
7,245,4.2547475796360965,8.8300227757677
8,245,1.4615216105373017,8.52081715066308
9,245,2.132746365017927,4.223419688322255
10,245,8.738529825952847,11.735869970286924
11,245,7.707542704528022,3.0904737950330086
12,245,11.55682116596491,3.411406252994532
13,245,10.478154505463344,7.894020988904632
14,245,7.359481142473991,0.7550681140198681
15,245,0,11.816665936097557
16,245,10.134502972787654,1.5758485955760033
17,245,3.9978452661480954,0.7261474963038342
18,245,11.856745984277142,11.514449893845974
19,245,0.7023533049703325,3.760923326597201
20,245,4.748156903518425,12
21,245,10.940401108072868,5.1862830455252675
22,245,12,2.8910729349720055
23,245,0.3976456532360395,5.971076030984411
24,245,0,3.191301727356607
25,245,3.6117678850189647,3.5334893640828744
26,245,0,2.0436980861772502
27,245,5.06830495212692,5.845498915006048
28,245,3.4407509386379442,12
29,245,6.773549406606706,1.768928917932822
0,250,11.16499527754112,3.3396063064104746
1,250,9.714842438997609,9.677003039435835
2,250,0.8946709838170892,9.33761604535843
3,250,10.589725274918433,2.7437426260027555
4,250,4.002998879582656,5.6138350013260485
5,250,8.733316690868213,0
6,250,8.291645742848463,12
7,250,4.256006021603186,8.768661052360303
8,250,1.4846193293393608,8.48451110745634
9,250,2.233321918195176,4.164786491548544
10,250,8.670959053221521,11.786470548460965
11,250,7.712248753662252,3.090880499342755
12,250,11.545630204230486,3.4043329978011196
13,250,10.475375515184105,7.891955702752535
14,250,7.358025395694371,0.7504520807128328
15,250,0,11.801294334011216
16,250,10.178497674662216,1.6034700335851417
17,250,3.9708847509350025,0.686935364515853
18,250,11.878175795800736,11.534304774153005
19,250,0.6935449780791044,3.751837057075759
20,250,4.586163551967036,12
21,250,11.12449504975202,5.2565627529106385
22,250,12,2.857842778635901
23,250,0.3557571382899824,6.003235638921211
24,250,0,3.164804566143632
25,250,3.4206987647477525,3.5058467622474456
26,250,0,1.9710205799080747
27,250,4.916866612866869,5.877398969656687
28,250,3.3003199716962976,12
29,250,6.792540348080139,1.783898330410935
0,255,11.094419721967553,3.4310086157409687
1,255,9.753156974750395,9.71948630124045
2,255,0.920004460461684,9.476298477321805
3,255,10.567662496441335,2.7517218175175433
4,255,3.99294289969418,5.644869218993417
5,255,8.771525336628272,0
6,255,8.258586295255858,12
7,255,4.256929817961162,8.709534289782317
8,255,1.526518126582964,8.417807890050439
9,255,2.3255803144523286,4.110361318715126
10,255,8.61215468233431,11.831012117800979
11,255,7.694949778192888,3.0895050079590467
12,255,11.555836776025957,3.4108142497830096
13,255,10.467001547142058,7.8856595118191795
14,255,7.358835759630322,0.7532155778232255
15,255,0,11.782517839402262
16,255,10.239139735532062,1.643951970328113
17,255,3.937192260616585,0.6378311067553415
18,255,11.88616162960289,11.541451426950212
19,255,0.6898925591787121,3.7481439482218915
20,255,4.748697094700014,12
21,255,11.313304856939071,5.332923880917678
22,255,12,2.8185573271874644
23,255,0.3239750889130469,6.029005938513695
24,255,0,3.1345958954178585
25,255,3.254991089651556,3.4814968959850474
26,255,0,1.8959459192920098
27,255,4.758407063704359,5.90972271423672
28,255,3.1576544192483116,12
29,255,6.824821182802831,1.8095067911845255
0,260,11.028238655025415,3.5110115327624687
1,260,9.790777982608684,9.761125825023758
2,260,0.9443591630659731,9.603923128007702
3,260,10.562346857113324,2.7536253148654963
4,260,3.9809261579634607,5.682225535124557
5,260,8.812676385120806,0
6,260,8.230940694272697,12
7,260,4.318317573214135,8.711657749573476
8,260,1.5630758139727818,8.355751044669708
9,260,2.4006513162280885,4.066131625498592
10,260,8.52700107904811,11.896467938891911
11,260,7.6526142770694365,3.087459971152265
12,260,11.564919747814548,3.416334702058143
13,260,10.459145141184726,7.896339176585111
14,260,7.3599862749581675,0.7570262403264542
15,260,0,11.765638520378582
16,260,10.295760157215232,1.68116691478761
17,260,3.8972455614043966,0.5785068682563801
18,260,11.906279207260898,11.559497851771734
19,260,0.6916843631107003,3.7499939741760344
20,260,4.917741381459145,12
21,260,11.512534918424798,5.410850150833359
22,260,12,2.7866472169551453
23,260,0.29159952249270654,6.055048009087692
24,260,0,3.091561165268927
25,260,3.0818434979842477,3.4558473202609186
26,260,0,1.8263977122511708
27,260,4.610643390730102,5.946073406581503
28,260,3.006867782833699,12
29,260,6.85537119366364,1.8341803618446064
0,265,11.121424543307045,3.5867766114683106
1,265,9.822113626831909,9.797128677433669
2,265,0.9710843095841817,9.75068190248869
3,265,10.546203538091333,2.760056097975419
4,265,3.9675569233834835,5.720119663043013
5,265,8.856063883012146,0
6,265,8.2166099307167,12
7,265,4.391270092865409,8.714514129975539
8,265,1.5974192778650964,8.296826386536335
9,265,2.4850789200233807,4.017487235462903
10,265,8.458626993947844,11.948150840513515
11,265,7.630425213090875,3.0863218653390807
12,265,11.580881166783072,3.4255041599290283
13,265,10.479446806400762,7.868329564177736
14,265,7.366980805376424,0.779517554492874
15,265,0,11.747716837421502
16,265,10.3600389617337,1.7238173459906405
17,265,3.8567217606231217,0.5163323949015088
18,265,11.930168654274611,11.580207293266112
19,265,0.7177119113088599,3.776836689462412
20,265,5.084002378564096,12
21,265,11.711795814334868,5.488425920953914
22,265,12,2.7616749062943815
23,265,0.2710974787580109,6.0713336542285194
24,265,0,3.055598494085937
25,265,2.9386680395696483,3.4302055889787275
26,265,0,1.7543238395802814
27,265,4.467250018346169,5.984721310968518
28,265,2.8277474008730503,12
29,265,6.871891095408039,1.8468746308036186
0,270,11.207436384863314,3.6551631900563146
1,270,9.84934349728625,9.828419835456362
2,270,0.9984453557647194,9.899743218869485
3,270,10.540210448154031,2.762303308577394
4,270,3.957973778254216,5.748777086206636
5,270,8.89950345304423,0
6,270,8.198079460548977,12
7,270,4.445173496532507,8.717246612998325
8,270,1.637668219419133,8.224635697879132
9,270,2.550821213726462,3.983924976397334
10,270,8.40425340687718,11.988200739146361
11,270,7.606050981325571,3.084317892471091
12,270,11.609353090536874,3.4419043490321286
13,270,10.505738432464428,7.835183304978133
14,270,7.369414659632548,0.7868675831856847
15,270,0,11.723882031667957
16,270,10.452672420171734,1.7858394735826209
17,270,3.812545342925435,0.4497092936577971
18,270,11.955640833757776,11.602007634338678
19,270,0.7276356692516478,3.787190640600666
20,270,5.237602748419379,12
21,270,11.914056820202608,5.567466112592769
22,270,12,2.7264309890700593
23,270,0.25470885891844247,6.083569970462123
24,270,0,3.0130594796740167
25,270,2.791299112045578,3.4024884959763555
26,270,0,1.6822858512744765
27,270,4.3378896046534345,6.021944316883882
28,270,2.6473926215593893,12
29,270,6.872237841086996,1.8471457433151237
0,275,11.311717438610318,3.7364951932614514
1,275,9.859653454799288,9.840445845989692
2,275,1.026565210583721,10.051492238759083
3,275,10.535516286911848,2.7642072614713333
4,275,3.9555803162898373,5.755790027096691
5,275,8.938795791189992,0
6,275,8.16766921327107,12
7,275,4.504812968213225,8.722015411261035
8,275,1.6715686745729705,8.161475608279362
9,275,2.6011745776005704,3.9595887425736778
10,275,8.345270792063543,12
11,275,7.55846279174121,3.0805372873305963
12,275,11.627170388228466,3.4523946932178213
13,275,10.525270846512072,7.809624198422795
14,275,7.368241183494906,0.7830693545884934
15,275,0,11.705939877473678
16,275,10.542441703397083,1.8453422586907622
17,275,3.768532285980239,0.3806388739301829
18,275,11.988764452982009,11.631153601378438
19,275,0.7255855682245781,3.7850622143880286
20,275,5.379713621397072,12
21,275,12,5.645095164206135
22,275,12,2.6950810130017993
23,275,0.2261907149244414,6.103837660915882
24,275,0,2.9805618195058554
25,275,2.6270040851033336,3.371864394324012
26,275,0,1.607971275503266
27,275,4.198860655483932,6.065243234750751
28,275,2.4708849278272784,12
29,275,6.850413371156152,1.8298870290763545
0,280,11.42387153695815,3.826574441481112
1,280,9.871844087317951,9.855471169990059
2,280,1.051578811425019,10.183771198072918
3,280,10.538014035539385,2.7632544704637776
4,280,3.946918826513703,5.779582623142683
5,280,8.98451861446932,0
6,280,8.13770659855137,12
7,280,4.575992002111504,8.728974336204644
8,280,1.7145295996938164,8.077822714632246
9,280,2.6591769593964782,3.930564280550879
10,280,8.28308628150486,12
11,280,7.506622061984549,3.0745158406805535
12,280,11.6397193873542,3.459779028624625
13,280,10.539315666417979,7.790651294950707
14,280,7.368642563625629,0.7844981720512746
15,280,0,11.687635230655564
16,280,10.627631555428557,1.9053503853733362
17,280,3.7121668096057157,0.2915037706889281
18,280,12,11.655770330485842
19,280,0.7310372411099243,3.790837398252072
20,280,5.5311210208037105,12
21,280,12,5.718276245442616
22,280,12,2.661993512459937
23,280,0.18855824043275873,6.131320303067269
24,280,0,2.9503929587633
25,280,2.448877819583658,3.341411327601455
26,280,0,1.5291370622753857
27,280,4.069043670757431,6.1058367596413134
28,280,2.2874115140208784,12
29,280,6.835642343501124,1.818167203569534
0,285,11.544312998033082,3.9202514059367464
1,285,9.879984396022687,9.865425216070387
2,285,1.078174703162236,10.320038010303763
3,285,10.561967743316684,2.7542158757208646
4,285,3.943975798666448,5.787732338561823
5,285,9.035655917750372,0
6,285,8.087275826026112,12
7,285,4.660651098978373,8.736168495047039
8,285,1.7834202080153454,8.113053813196176
9,285,2.7262020892189747,3.8971662780139322
10,285,8.24201844940128,11.94517277170685
11,285,7.438160773673464,3.065093558169163
12,285,11.633516328048598,3.456145409762944
13,285,10.558633302417425,7.764845640164049
14,285,7.371107367968944,0.7925279735833701
15,285,0,11.674063740178209
16,285,10.739248730327851,1.9860708639337743
17,285,3.6705309473360384,0.2243384904495624
18,285,12,11.681880406769057
19,285,0.7299768321907674,3.789710148033068
20,285,5.681791179625737,12
21,285,12,5.78218006015306
22,285,12,2.616814641217818
23,285,0.1472606327989442,6.160337183071713
24,285,0,2.920244104822717
25,285,2.267161463599664,3.3098725833481764
26,285,0,1.455821165300332
27,285,3.9471974705166053,6.1452792417420286
28,285,2.099930042849262,12
29,285,6.829552431995016,1.813501213133082
0,290,11.658488311917488,4.010222270877488
1,290,9.908607317855544,9.900777551476379
2,290,1.1021441156397649,10.444733915652343
3,290,10.58967076123531,2.74402368478325
4,290,3.934520588072569,5.812324357841528
5,290,9.080103707798434,0
6,290,8.02864461232895,12
7,290,4.755484539910038,8.742836869327254
8,290,1.8483361754627199,8.147742342417828
9,290,2.782733441920447,3.8691041364372625
10,290,8.196010505381516,11.884932863134551
11,290,7.3549689860604905,3.051642063834275
12,290,11.613292181311554,3.443532301894061
13,290,10.57479674785424,7.742321224003479
14,290,7.377495085412037,0.8115646693158396
15,290,0,11.66163508710915
16,290,10.837808887507968,2.058998427322234
17,290,3.611941123849524,0.13405784375042262
18,290,12,11.709864224699523
19,290,0.7386986724254287,3.7994225461197804
20,290,5.820499166813668,12
21,290,12,5.838256821597741
22,290,12,2.573033148953285
23,290,0.11600024534575014,6.181964172088531
24,290,0,2.8959655938351703
25,290,2.0910911773346115,3.279546606976924
26,290,0,1.3802375266918512
27,290,3.841152902600079,6.18302883417745
28,290,1.9190516105420086,12
29,290,6.812736300472189,1.8010928645581283
0,295,11.775687008602857,4.096614850824583
1,295,9.92852085371336,9.924282025923413
2,295,1.1237604194831015,10.563709932467573
3,295,10.618319547500544,2.7329742215771247
4,295,3.9220546683909454,5.843192592374294
5,295,9.120951884478426,0
6,295,7.975802734799259,12
7,295,4.844835582522715,8.747439951694679
8,295,1.9005251913213956,8.175278502056255
9,295,2.8441635496499216,3.8355713850029307
10,295,8.156719439426327,11.83487128421521
11,295,7.274929175579613,3.0361360707384595
12,295,11.571191473340843,3.419723672685332
13,295,10.591425252905873,7.719043154098066
14,295,7.382479980260791,0.8255300232379514
15,295,0,11.645863878508147
16,295,10.943018704910427,2.1369189707599183
17,295,3.5546559707653973,0.038622237417491656
18,295,12,11.731884670298456
19,295,0.7587263498620698,3.820776816019915
20,295,5.961118670248619,12
21,295,12,5.888475388016092
22,295,12,2.525748104723576
23,295,0.09325981735254063,6.197448260197679
24,295,0,2.8754642369684253
25,295,1.898671399550668,3.2435672052399003
26,295,0,1.3091849615267
27,295,3.7067651566056368,6.226954427574008
28,295,1.7358581222591771,12
29,295,6.797170292682162,1.7897025081743527
