id,time,x,y
0,0,1.04358640197059,0.9613004001628705
1,0,12,6.005198040429039
2,0,9.008294935997634,5.931659513122456
3,0,4.978744737832305,8.026804855107388
4,0,5.971383849939988,3.0511978281144407
5,0,4.955956202260588,5.007382920657848
6,0,1.9269854012251308,6.018634542205328
7,0,6.06659354458178,4.044169264502641
8,0,6.0489511124976305,4.973486120091997
9,0,2.936090685404804,12
10,0,11.035051749250814,2.045582672354364
11,0,6.952102933431352,12
12,0,4.064052946937156,0.9923564253809497
13,0,7.9591315483950416,5.94848446121595
14,0,11.946054005409403,3.0168745811792554
15,0,11.951539134929238,5.016406055029481
16,0,1.012786789723631,1.033160051259224
17,0,2.0286605331157874,6.977573708150658
18,0,5.044537896408771,4.97768804471487
19,0,10.966269637730125,8.96718371400038
20,0,10.9478742782022,7.98748552400128
21,0,0.9472258415868355,10.978394993533936
22,0,6.047551943416083,2.000981147810826
23,0,0.9451873628653392,12
24,0,2.9978779598757863,8.06068306599459
25,0,8.961051320103781,8.942131807637061
26,0,8.919988814501128,4.019084861982665
27,0,8.029243997332618,11.963211302248768
28,0,6.033760352677789,4.987031827617928
29,0,2.9844650430007,4.950847175475112
0,5,1.0995221349089321,0.9127328801782615
1,5,12,6.012238266804394
2,5,9.01370485513962,5.87837888981703
3,5,4.9524683273467485,8.059536531219766
4,5,5.948445564228289,3.0920129413389885
5,5,4.947955216344958,4.960115752629587
6,5,1.8600403514453174,6.036785904467329
7,5,6.154805584670981,4.100931145430551
8,5,6.106389050824953,4.942268444099029
9,5,2.8742389675315527,12
10,5,11.067156496591213,2.0897930878664908
11,5,6.922195289716669,12
12,5,4.13629233983496,0.9827591482502279
13,5,7.925708349644851,5.903335025716412
14,5,11.880279838784082,3.0371428825006923
15,5,11.892325285105349,5.035042922628536
16,5,1.026202407448912,1.0659685746458227
17,5,2.052757423612228,6.959057564165374
18,5,5.087452209646078,4.955455877914846
19,5,10.93995769126131,8.942130494354236
20,5,10.911248336823299,7.978190653196853
21,5,0.8810281375909438,10.951496326329272
22,5,6.1196911022518545,2.0014139857010447
23,5,0.8854442505432932,12
24,5,2.9930739851977908,8.1276581321266
25,5,8.916730700056398,8.875036386408537
26,5,8.813171532984043,4.0405341775163555
27,5,8.0582597065305,11.92663303490344
28,5,6.075311617280286,4.970949637386669
29,5,2.9648837758910287,4.886722159157441
0,10,1.154260651223842,0.8628287657678898
1,10,12,6.018646138474897
2,10,9.020884911875017,5.815704091212782
3,10,4.932719654102145,8.084106752191344
4,10,5.92212596353143,3.13916557435849
5,10,4.941741868937014,4.918733513367936
6,10,1.781723047519175,6.0587288826568475
7,10,6.251199233909685,4.162450022152947
8,10,6.1633029112574444,4.909661694974207
9,10,2.821436312313913,12
10,10,11.088583522005534,2.1190590899105053
11,10,6.882921822489875,12
12,10,4.181080413813413,0.9760740916023334
13,10,7.882899646964278,5.846542453285694
14,10,11.797501380215135,3.063017672902882
15,10,11.82890914137239,5.0542552996670524
16,10,1.043980554883035,1.1137214964119282
17,10,2.0646942808867883,6.949868979898027
18,10,5.148559733944447,4.923559382906068
19,10,10.907198927544531,8.910099378477307
20,10,10.868017016203876,7.9665713632592965
21,10,0.7994473404680412,10.918963675947074
22,10,6.203301027377698,2.00510930430353
23,10,0.817265250316589,12
24,10,2.9898364784289244,8.180785548230144
25,10,8.872798602369318,8.806779157649908
26,10,8.696349704713516,4.063004782872628
27,10,8.089233237947388,11.889861460126689
28,10,6.115022429140629,4.955110171517396
29,10,2.9518062443079063,4.84599234474556
0,15,1.2201150545708803,0.8025433099892718
1,15,12,6.025764595625054
2,15,9.031009722867838,5.748523635786581
3,15,4.907961252712608,8.11733677377634
4,15,5.900457743226465,3.1775600276983553
5,15,4.935271224972975,4.868232730699732
6,15,1.723725623714348,6.0740646964651885
7,15,6.192662513360194,4.257327527628928
8,15,6.2222877085425194,4.877122317126045
9,15,2.7667200850897453,12
10,15,11.098652639201795,2.132914121446402
11,15,6.856131537233615,12
12,15,4.18889693650297,1.0206921260431057
13,15,7.838449805260946,5.788305595356858
14,15,11.829083709322967,3.157105447544725
15,15,11.74789220715736,5.077860714573968
16,15,1.0651879825412345,1.169938074848507
17,15,2.0811693540997567,6.937377664397338
18,15,5.21102629770997,4.888624976525126
19,15,10.874174074495416,8.878545337618046
20,15,10.824872788277112,7.954074373184192
21,15,0.7310108077271003,10.891813092148393
22,15,6.290640756185527,2.008938843534925
23,15,0.7518786682001259,12
24,15,2.98818347270927,8.20389942079975
25,15,8.829830927981899,8.739285510668328
26,15,8.566584193957484,4.085554036148791
27,15,8.140945663265596,11.828313371076904
28,15,6.149398820522228,4.941372804872984
29,15,2.9369255802436576,4.796590303285384
0,20,1.2847894370145663,0.7415081138025461
1,20,12,6.035675479556656
2,20,9.040126160335072,5.690937622121761
3,20,4.889455900545444,8.143423728827424
4,20,5.882314217279296,3.2078456453007735
5,20,4.9269541814877185,4.803328726021114
6,20,1.6694445031418808,6.088746895047856
7,20,6.124204199983044,4.374002464270162
8,20,6.281938767264316,4.843771570602812
9,20,2.71005584175979,12
10,20,11.121376839106862,2.1653508993962403
11,20,6.822417263249722,12
12,20,4.198627872733428,1.0710738375748412
13,20,7.783798080078418,5.8293787963094035
14,20,11.859440955261526,3.2477540180621625
15,20,11.664223088820156,5.105074527965433
16,20,1.0756373044822873,1.1992725278237657
17,20,2.0952508467231263,6.925776616409098
18,20,5.243433837327292,4.871508345006478
19,20,10.840839770678166,8.847293815702608
20,20,10.808378381517073,7.949315857505811
21,20,0.6544711431963554,10.859641867617999
22,20,6.370456024601882,2.0127962461625635
23,20,0.6898605720970956,12
24,20,2.9873890246052737,8.213266121523928
25,20,8.788582935058445,8.673215123126935
26,20,8.435945080681151,4.109503299038418
27,20,8.204036785515168,11.75303510881219
28,20,6.161269379500038,4.936645083192261
29,20,2.9216602266697143,4.747603190099333
0,25,1.3348224961151538,0.6947141640308218
1,25,12,6.046213576257205
2,25,9.050867996069645,5.628034123025248
3,25,4.8656206985524735,8.178691670421784
4,25,5.855862373086401,3.249392571531069
5,25,4.917370877673106,4.739515686742526
6,25,1.6011940899053616,6.106652685347993
7,25,6.050526906522003,4.494602354059177
8,25,6.345295950932072,4.807768563972267
9,25,2.6451153112001755,12
10,25,11.169500834000505,2.233383031839106
11,25,6.797291102037981,12
12,25,4.20767403276482,1.1239409170514425
13,25,7.734661580277828,5.866712406978581
14,25,11.883320704609552,3.321814446985658
15,25,11.598101307332318,5.125904714258987
16,25,1.0828924239848854,1.2182655100476767
17,25,2.1098897425225216,6.914337356569557
18,25,5.307863192339711,4.838519043212723
19,25,10.800441401275904,8.812053595219993
20,25,10.783557487216484,7.942448513023201
21,25,0.5902684811082188,10.830746790092263
22,25,6.458086175782684,2.0169317953156543
23,25,0.6352152179880449,12
24,25,2.988295675402922,8.201891474558717
25,25,8.736497684763778,8.596685590543172
26,25,8.343498371707122,4.1274382258097795
27,25,8.261588560909424,11.68688485435489
28,25,6.185118899953303,4.927181052038521
29,25,2.9098068817595175,4.712670462470886
0,30,1.3804342208573586,0.6522106547052898
1,30,12,6.054459276976177
2,30,9.059888348266293,5.575490666317878
3,30,4.845132955238793,8.210025160521516
4,30,5.8391552566792875,3.275725861527917
5,30,4.909049015621695,4.682818613431843
6,30,1.5353955897225031,6.125017610134332
7,30,5.978543642959744,4.608843537138985
8,30,6.391919571937589,4.780686985805963
9,30,2.590803868260606,12
10,30,11.209195605145993,2.2891115278444842
11,30,6.773174953797587,12
12,30,4.217095798038876,1.1796555057727702
13,30,7.689889041493915,5.901075267676376
14,30,11.894733368476757,3.3574665924379814
15,30,11.542070545282769,5.14451858693129
16,30,1.0953358239484763,1.249849699360298
17,30,2.141872545413459,6.889568830933917
18,30,5.388603574481202,4.796544380283744
19,30,10.754925881241933,8.773276926880985
20,30,10.761229242354684,7.936356609416545
21,30,0.5124599505996962,10.794628252761143
22,30,6.556673837636717,2.0246339667993256
23,30,0.5767853164569444,12
24,30,2.9879321316932157,8.205828123748475
25,30,8.674962654308471,8.507738910609067
26,30,8.248816446871448,4.146674155969616
27,30,8.337594074883773,11.59976709957864
28,30,6.184010207785371,4.927641829655569
29,30,2.8961369811823534,4.668468009085464
0,35,1.434971578403402,0.6020129189363677
1,35,12,6.0652889298552655
2,35,9.067845428831612,5.520698865372287
3,35,4.817477436782257,8.254699201321346
4,35,5.811385175370264,3.3220870379505514
5,35,4.900674599060427,4.622025316901142
6,35,1.4664238504864013,6.142983262698366
7,35,5.903720219888314,4.731931727353716
8,35,6.443161210698469,4.7511964129378645
9,35,2.546409550196611,12
10,35,11.237846481526983,2.3290062164832106
11,35,6.7563187296938345,12
12,35,4.228019782333806,1.2427136825569116
13,35,7.653713091414307,5.928291312578451
14,35,11.905116854220314,3.3940822743692456
15,35,11.49884929723846,5.158605847170627
16,35,1.1132658859493094,1.295732033066064
17,35,2.1658141213956092,6.871115584148382
18,35,5.458323331580726,4.762268260377519
19,35,10.717201351651067,8.741782570098481
20,35,10.734411186034913,7.929260087862925
21,35,0.42388702869547645,10.75381189733386
22,35,6.679715313991121,2.0296730821525903
23,35,0.520972033380832,12
24,35,2.986664552408007,8.218673778592281
25,35,8.602859387158585,8.40244717066302
26,35,8.141540803001604,4.168209585662255
27,35,8.404372305357525,11.517823869149364
28,35,6.17036951507376,4.933325548415737
29,35,2.8851245227340487,4.631794060907168
0,40,1.4873263283145814,0.5535018374089057
1,40,12,6.077308455587315
2,40,9.074002999300811,5.477150520567125
3,40,4.785928090290875,8.307647969129416
4,40,5.79666911976703,3.3469311677220266
5,40,4.893375398232957,4.557826722257016
6,40,1.399843702942176,6.160105637906206
7,40,5.82045367391982,4.872764796789505
8,40,6.499928192911404,4.717757501352874
9,40,2.495674595234788,12
10,40,11.2581238739525,2.3582301896102433
11,40,6.732382506122921,12
12,40,4.238837988838564,1.3011647222666465
13,40,7.604202288484838,5.964935894843106
14,40,11.88598676380379,3.3993738002807623
15,40,11.454073859323891,5.172943316525409
16,40,1.1284967837013091,1.33390319807095
17,40,2.2034085909755885,6.843287763370228
18,40,5.5386589361231096,4.72530072488171
19,40,10.691523920193688,8.719948913440174
20,40,10.702869734934504,7.921467652680464
21,40,0.32044928553238605,10.70515041952044
22,40,6.79899292541749,2.0339247870130084
23,40,0.42461561636860157,12
24,40,2.9830208745355624,8.251162297345205
25,40,8.534416630969849,8.300827326031843
26,40,8.007851225870539,4.196368442352365
27,40,8.473943658763039,11.434283010234314
28,40,6.159013257639643,4.938015238434211
29,40,2.874056460455716,4.593041215577584
0,45,1.5491877028714813,0.4934789796759016
1,45,12,6.089983255495132
2,45,9.079559071742711,5.442217712148394
3,45,4.753618878269852,8.362757566097182
4,45,5.83560915571571,3.3705195344813568
5,45,4.888041852409145,4.518787565745003
6,45,1.3413518117251662,6.176510433259984
7,45,5.735233879311029,5.014624731654163
8,45,6.566765264887246,4.678972411770862
9,45,2.4229802212608607,12
10,45,11.280406243005494,2.3899494547289377
11,45,6.7158513047227695,12
12,45,4.250439333734259,1.3646743424608938
13,45,7.552351136474687,6.004125151728465
14,45,11.871262308783232,3.403384559250683
15,45,11.37943835376292,5.195407005028483
16,45,1.1411772122346158,1.364849951351523
17,45,2.2267608936683185,6.82576781091159
18,45,5.647334074332651,4.6767512666570905
19,45,10.65708504916161,8.689285459703477
20,45,10.670811522043584,7.91407074332498
21,45,0.19988966857111057,10.64783826579814
22,45,6.922322361027051,2.034169984646843
23,45,0.3181391413164001,12
24,45,2.9800646073224537,8.279484762904689
25,45,8.482295028436743,8.224067368994366
26,45,7.865404455000074,4.229152741368994
27,45,8.543171883637493,11.352154567874937
28,45,6.1473067093798965,4.942452781353307
29,45,2.861362049033497,4.548687986038991
0,50,1.605774668076135,0.43968006767503265
1,50,12,6.103937070888034
2,50,9.089381546477151,5.388710313501478
3,50,4.7177618829119,8.427959940402069
4,50,5.880294576267714,3.3996822674455647
5,50,4.878377552687091,4.455831207524733
6,50,1.2772728425082294,6.1934542209311
7,50,5.647732132769997,5.161433245910051
8,50,6.634302705496152,4.640538442141772
9,50,2.3336385248605587,12
10,50,11.29511515026025,2.4095630705366156
11,50,6.710119849196963,12
12,50,4.260659336229095,1.417221971982046
13,50,7.514790591443279,6.032577491423368
14,50,11.857623484158134,3.407041452729333
15,50,11.295317793171355,5.217728962136358
16,50,1.1476218892799697,1.3831649177875873
17,50,2.2591176514842366,6.8024776752279905
18,50,5.776389927676477,4.617368383051999
19,50,10.614438863937936,8.650544134848792
20,50,10.639709401940868,7.907345276079588
21,50,0.0759686231033493,10.590752016528734
22,50,7.0300007720117765,2.036360228004768
23,50,0.2171582675938743,12
24,50,2.9769293214404398,8.311273878480433
25,50,8.427030255307463,8.147781672859338
26,50,7.733038069549351,4.260742339221114
27,50,8.614768855665126,11.265377776223119
28,50,6.127743919799774,4.948914916075883
29,50,2.849555508333996,4.512838188280695
0,55,1.6463091272760475,0.3991215451660989
1,55,12,6.117301077063016
2,55,9.10022489741713,5.330064915909539
3,55,4.677631342836611,8.501803775313164
4,55,5.931997331019489,3.4344478969818635
5,55,4.863764940850493,4.373228870971994
6,55,1.2148460363033675,6.210060025038747
7,55,5.5671942365941485,5.296149693165963
8,55,6.692086856928381,4.607087242386364
9,55,2.2550218579072236,12
10,55,11.312105640027996,2.432849652783429
11,55,6.703788630429683,12
12,55,4.270877022528455,1.4692301809860941
13,55,7.454976959762477,6.078033529924705
14,55,11.858650009728764,3.4067674391669587
15,55,11.187999972954616,5.245945585983012
16,55,1.1500672337667075,1.3908703029608738
17,55,2.2857072488257755,6.783702531190718
18,55,5.907153972575713,4.554276958910418
19,55,10.574767322589702,8.61452935665596
20,55,10.611089356220006,7.902158971849798
21,55,0,10.527534460338195
22,55,7.142995890751952,2.0396661120233883
23,55,0.11764079490980306,12
24,55,2.9726221895654965,8.347231617606242
25,55,8.370353454972074,8.068384147485483
26,55,7.582229880766555,4.29629570983989
27,55,8.683088969969035,11.181355510080317
28,55,6.092424896592204,4.9620695376360135
29,55,2.836949410458551,4.473547973250072
0,60,1.696303978285761,0.3485524149817924
1,60,12,6.12906148278309
2,60,9.108894054349488,5.280588898945923
3,60,4.629488299248323,8.589737677358947
4,60,5.978361127114027,3.466357252156529
5,60,4.97329463357008,4.354573973933462
6,60,1.1409344810455933,6.228966314179195
7,60,5.486214465279964,5.431522218830539
8,60,6.7376784966907595,4.579668127262032
9,60,2.155587161909449,12
10,60,11.329415281036475,2.45888497848465
11,60,6.702679822163815,12
12,60,4.282122814260981,1.523500697624191
13,60,7.387748657128303,6.13208215730223
14,60,11.830671057153976,3.4144189290223523
15,60,11.084452364945367,5.273861753977225
16,60,1.1520679114889931,1.3969165641625854
17,60,2.317938939100708,6.760842084486283
18,60,6.0513917582498085,4.489010845821025
19,60,10.545602352564128,8.586477915333047
20,60,10.6012254668361,7.900315195355367
21,60,0,10.463857241920769
22,60,7.268081017166185,2.0428806236684363
23,60,0.005594721974119712,12
24,60,2.967207461625113,8.389994472308972
25,60,8.323356294553875,8.000678179563868
26,60,7.4368735116537,4.331745760097517
27,60,8.760260679543354,11.081459105240155
28,60,6.07537259614446,4.96891026708797
29,60,2.8189733944684496,4.421068939333693
0,65,1.7371840075600222,0.30672016622274273
1,65,12,6.141743988631331
2,65,9.11849361810774,5.213671870833057
3,65,4.58589672537565,8.670306894104455
4,65,6.013971783160959,3.4895314093445253
5,65,5.059025482106403,4.340032266877844
6,65,1.0478712682023779,6.250701591330808
7,65,5.407062139570417,5.5618634165688015
8,65,6.768190868338542,4.56021826672702
9,65,2.047425169165231,12
10,65,11.350675958819236,2.4911669708955833
11,65,6.686191856094486,12
12,65,4.291247821764951,1.5684632172430235
13,65,7.333705168243568,6.174154960712776
14,65,11.791128013505572,3.4258432116272166
15,65,10.97897518527519,5.300870013555763
16,65,1.150692076529779,1.392665777789248
17,65,2.3720349965622742,6.720859292972544
18,65,6.188680224703628,4.433857944226794
19,65,10.526784232706694,8.568582748646024
20,65,10.589570258413744,7.897899206067063
21,65,0,10.401673824145705
22,65,7.398668445993191,2.0488099589194175
23,65,0,11.99766935590746
24,65,2.9622407374295583,8.42268073945354
25,65,8.285739516840836,7.944304774789461
26,65,7.27494878768611,4.374385725142631
27,65,8.830476736000294,10.987730229163947
28,65,6.054207490318762,4.977045833790401
29,65,2.8021383846433308,4.369287728230889
0,70,1.7660194769574216,0.27715231028715454
1,70,12,6.154170433489428
2,70,9.127509251934352,5.144699847385831
3,70,4.546879023536514,8.739885040817652
4,70,6.042415063396194,3.509386535961079
5,70,5.132637173278074,4.327245353858596
6,70,0.9638141568075902,6.267869102994365
7,70,5.331858019368536,5.687020656263125
8,70,6.793318506921323,4.543578898635361
9,70,1.9418181007405997,12
10,70,11.367396038592194,2.5178403670660425
11,70,6.678464542684369,12
12,70,4.29756184196503,1.6014755727438845
13,70,7.2876801418188375,6.209384920854702
14,70,11.751162706423926,3.437618324265405
15,70,10.877593028166459,5.326701775205824
16,70,1.1530322676835056,1.399549029370033
17,70,2.41890971616751,6.684967796603363
18,70,6.304126124509326,4.385452596368505
19,70,10.496335731317338,8.53927247993207
20,70,10.574102537085452,7.895153593200978
21,70,0,10.33401586759326
22,70,7.5147040091499475,2.0563761474972413
23,70,0,11.99890876013178
24,70,2.954217834984395,8.47306284131898
25,70,8.239959494595352,7.8763646900943085
26,70,7.098805636508539,4.418215177895336
27,70,8.88787156968954,10.90981406563202
28,70,6.049008457713408,4.978974033000332
29,70,2.7809034707997515,4.305750081083713
0,75,1.8012208128580085,0.2425820414874797
1,75,12,6.168440321604975
2,75,9.137102617508981,5.076732168189714
3,75,4.519667972097276,8.78926831912828
4,75,6.082206141721788,3.5378033994238356
5,75,5.206620791679867,4.3149548019362225
6,75,0.8727600130039274,6.286051528974869
7,75,5.251045395080109,5.816322005844031
8,75,6.81040932630726,4.532205715125658
9,75,1.8451596315722307,12
10,75,11.379672799027016,2.537245563142176
11,75,6.69860618127333,11.997090352559493
12,75,4.302115914898835,1.6264949453182889
13,75,7.236966922698773,6.246879746302956
14,75,11.705303749880917,3.44928862582751
15,75,10.779358299081844,5.349960407251218
16,75,1.1462336496457886,1.3811777813951591
17,75,2.4688770820918737,6.6479921663812735
18,75,6.424957934209743,4.336982795405228
19,75,10.460302426653387,8.504472060815608
20,75,10.574802728645377,7.8952753149739765
21,75,0,10.26960453222215
22,75,7.652276992715679,2.064169497634222
23,75,0,12
24,75,2.9476318509281962,8.515597158147447
25,75,8.18641127151021,7.795742078671959
26,75,6.92107002762213,4.462760945644661
27,75,8.959257898034766,10.813030186712702
28,75,6.057547725988658,4.975656397429487
29,75,2.7505990060830436,4.218174231245855
0,80,1.8336194137480124,0.2121720611694272
1,80,12,6.180351109023169
2,80,9.14647530224417,5.008006555474386
3,80,4.491682750794758,8.8402954844282
4,80,6.124873541592978,3.568892940157808
5,80,5.263843604387143,4.30554913455559
6,80,0.773564781611422,6.305631040300641
7,80,5.174405217467756,5.93214227250024
8,80,6.829245725670365,4.519436285667749
9,80,1.7686488040962216,12
10,80,11.386776415775824,2.547871051205222
11,80,6.728111044053368,11.992750217408158
12,80,4.312581063001162,1.6874765168867443
13,80,7.196526471351253,6.279557683243643
14,80,11.653517409334082,3.4617054658596187
15,80,10.672832230685836,5.373606123356115
16,80,1.1478630881185359,1.3852430906763544
17,80,2.50830326889329,6.6190114267512214
18,80,6.518549266644768,4.298457051144948
19,80,10.420672209592162,8.466839397791905
20,80,10.58261272805313,7.89661330426211
21,80,0,10.20374173263083
22,80,7.8048488861957015,2.0696615370585794
23,80,0,12
24,80,2.9430050468273645,8.552185881093537
25,80,8.139765463824611,7.72431586892468
26,80,6.743038772090504,4.504608688062243
27,80,9.018428454481702,10.73187187401745
28,80,6.072001574925341,4.969916776085207
29,80,2.7248710611559215,4.1416690567555845
0,85,1.8642542933592405,0.18433356370538972
1,85,12,6.194754993460139
2,85,9.157784576452178,4.920006570546273
3,85,4.467698863339099,8.883312867710886
4,85,6.170534251019531,3.605296318713629
5,85,5.316173578844398,4.296440296305549
6,85,0.6674643726655519,6.3260197440843955
7,85,5.290798512020568,6.006722750860793
8,85,6.8496193640373795,4.504835426148735
9,85,1.6844838973854097,12
10,85,11.383068613062319,2.5421821884437645
11,85,6.773690562155416,11.98569780211907
12,85,4.323518098934441,1.7484050021904851
13,85,7.147977781096448,6.31750122170476
14,85,11.605033247278632,3.4744088914905578
15,85,10.556395675813443,5.402368686101229
16,85,1.1486646263229454,1.3872639156444802
17,85,2.5368830548710926,6.59815474973607
18,85,6.616122420566024,4.25854207068173
19,85,10.369608631276439,8.418185145347657
20,85,10.593889927303625,7.898405501927123
21,85,0,10.135696826727635
22,85,7.946256909949259,2.077384039935314
23,85,0,12
24,85,2.938795975059124,8.586875558619258
25,85,8.083238174548748,7.637828331001826
26,85,6.59219520043708,4.538956521743838
27,85,9.081955583524332,10.643060501172723
28,85,6.093205780697211,4.961268258181656
29,85,2.7069163675560257,4.088809144179434
0,90,1.897418761178565,0.15358076784012395
1,90,12,6.211591048536655
2,90,9.166373072284724,4.844273362545146
3,90,4.446382513521524,8.923530009263855
4,90,6.215126165702224,3.6451875376629554
5,90,5.365504800432667,4.289350742088281
6,90,0.5472085411038895,6.350284066156845
7,90,5.410909078710346,6.081254107914203
8,90,6.867061683737157,4.4915313224798945
9,90,1.5929043094050677,12
10,90,11.387303247544459,2.5485061490876513
11,90,6.843841735426355,11.974258945261012
12,90,4.335215664145737,1.8181798780518637
13,90,7.086646652833938,6.360555672616124
14,90,11.555844804634958,3.48763297807108
15,90,10.42191530062523,5.434224218320963
16,90,1.146874741528194,1.382594360928967
17,90,2.5720863957350786,6.57201124854476
18,90,6.708595258978449,4.218810654825858
19,90,10.336286491775237,8.386004308863418
20,90,10.571210325363731,7.895156271953931
21,90,0,10.054520159791366
22,90,8.093397882413676,2.0861881151661272
23,90,0,12
24,90,2.9332726944797214,8.632697987134954
25,90,8.036608712050507,7.566123388867114
26,90,6.4462682395105615,4.575448127776054
27,90,9.151851625332384,10.549670179715996
28,90,6.080551560975244,4.966581317937537
29,90,2.6822530281818624,4.012233675177665
0,95,1.9409089245090372,0.11216546902257085
1,95,12,6.228426628856078
2,95,9.17430689347573,4.776402722698641
3,95,4.421778762042331,8.970460749115878
4,95,6.237507118103934,3.6646392150234535
5,95,5.405925264459837,4.282861505081767
6,95,0.41743219206474974,6.37855928192619
7,95,5.531448872398061,6.1592964705646285
8,95,6.873599997026628,4.486738897502429
9,95,1.508095276784714,12
10,95,11.392798706740717,2.5573698401437546
11,95,6.912122038346877,11.96296206976119
12,95,4.342657040501955,1.8567186254847738
13,95,7.035784824970328,6.39491013879189
14,95,11.50594893553408,3.50021021920006
15,95,10.279595278915139,5.4738179572808985
16,95,1.1392048233327094,1.3855041086183448
17,95,2.621147393085767,6.534965506810084
18,95,6.804860205734971,4.17441866634519
19,95,10.295968206777042,8.345007137564622
20,95,10.553181488167237,7.892561378924936
21,95,0,9.978610615975416
22,95,8.247740701876737,2.1012387616319135
23,95,0,12
24,95,2.9290537343531784,8.675004842344922
25,95,7.9892715847394955,7.490840359391644
26,95,6.317493277233393,4.61209403886991
27,95,9.227626870064714,10.45013730196357
28,95,6.076794304681635,4.968232132080007
29,95,2.658007890289898,3.9368913989120022
0,100,1.9907565412590924,0.06357117797444752
1,100,12,6.242570651864718
2,100,9.183260164244901,4.70637069551756
3,100,4.402522960598573,9.00567423554395
4,100,6.268461943899006,3.6891796125924627
5,100,5.441240000451326,4.277348716302816
6,100,0.2838903535313609,6.407243871828466
7,100,5.64294665459382,6.232370320659732
8,100,6.886353486206839,4.4768376789691535
9,100,1.4338797759328281,12
10,100,11.398090176643388,2.5659903140202474
11,100,6.983472985551781,11.951133047482944
12,100,4.348030491973587,1.880602331001384
13,100,6.992509024490567,6.424212262805074
14,100,11.456910666438098,3.512602975805231
15,100,10.141603852897836,5.515306009161214
16,100,1.1067521140322518,1.3985929193822184
17,100,2.695486897945257,6.4798039025774745
18,100,6.900950788345921,4.128050303213517
19,100,10.248748824640273,8.295259721255256
20,100,10.553279477795117,7.892575288269802
21,100,0,9.902504576080865
22,100,8.399092946179927,2.119120826862657
23,100,0,12
24,100,2.925471575641534,8.71811580716462
25,100,7.949803241249747,7.429706384081307
26,100,6.186982095692816,4.65078471631501
27,100,9.301631300373511,10.356534909647237
28,100,6.0879317437879585,4.963353354532339
29,100,2.630334308416927,3.856806471529646
0,105,2.0328338541718107,0.023155706481752934
1,105,12,6.254943948867202
2,105,9.19263127279581,4.630277179153629
3,105,4.37593778014037,9.057795351388577
4,105,6.3090813014746505,3.722125484816121
5,105,5.4753423040913445,4.27161018782078
6,105,0.16993730619608832,6.433708453869793
7,105,5.753017804002209,6.303277635481423
8,105,6.881350254915342,4.480768635523556
9,105,1.356871520954071,12
10,105,11.398282606681983,2.566317789843693
11,105,7.035392386570638,11.942904526622511
12,105,4.35829917916624,1.9262595258722328
13,105,6.947940931143099,6.453766397642259
14,105,11.40061211209377,3.5267238631675504
15,105,10.002771153015239,5.555342941315393
16,105,1.0637102737155772,1.4152425016010919
17,105,2.781055628556636,6.415368496853738
18,105,6.989256003414981,4.08468423270511
19,105,10.207377602262136,8.249488484711884
20,105,10.552276839502843,7.892442290223734
21,105,0,9.828013497548733
22,105,8.56186568683375,2.131721532544778
23,105,0,12
24,105,2.923082819258295,8.74267680933941
25,105,7.909318730677725,7.368648747300299
26,105,6.068995299960237,4.684903020173503
27,105,9.366422144283236,10.2790654943841
28,105,6.106538017041473,4.955069313360028
29,105,2.6016712818887915,3.7825450061169383
0,110,2.069819431240101,0
1,110,12,6.2640254685040215
2,110,9.206713158395152,4.529629989778655
3,110,4.351159922341812,9.104327327671484
4,110,6.3370542355043735,3.7450684192023664
5,110,5.497593327680799,4.26719329006235
6,110,0.051661736672788075,6.46058540217747
7,110,5.845101216916475,6.358807267881619
8,110,6.88419645857827,4.478541817627756
9,110,1.2465423897275731,12
10,110,11.401795948006944,2.572276791012366
11,110,7.093117665979501,11.932498584287996
12,110,4.368931480633866,1.972818129454939
13,110,6.893877292829835,6.48699539643281
14,110,11.351775935858516,3.539102812170524
15,110,9.855967495101135,5.599906475348964
16,110,1.0177552535646162,1.4340278385761656
17,110,2.87141756886977,6.3479230240858024
18,110,7.098517132054102,4.030665116446212
19,110,10.16938787027395,8.207491087926446
20,110,10.541753387614909,7.891241131718462
21,110,0,9.751951471159616
22,110,8.742842700804559,2.1466877905389827
23,110,0,12
24,110,2.921610291125707,8.762472270261451
25,110,7.863585042800285,7.293916891864376
26,110,5.955813127293154,4.7168342234642
27,110,9.42785299635218,10.208982198399607
28,110,6.130814824789847,4.944487091112852
29,110,2.5695772874592264,3.701599839180444
0,115,2.109305206737905,0
1,115,12,6.270529939388052
2,115,9.220979157912135,4.443624277049466
3,115,4.312014779638383,9.177228415960123
4,115,6.363965132658386,3.7664551921340848
5,115,5.508490521524288,4.265238843149615
6,115,0,6.484475995043929
7,115,5.942940223919956,6.4177418928562355
8,115,6.870623651129885,4.489657165259205
9,115,1.1217720094434127,12
10,115,11.404484385835184,2.5768552286932125
11,115,7.140524101280011,11.923529065623399
12,115,4.378721377070064,2.02084051537162
13,115,6.840549476429001,6.5166815652837435
14,115,11.305737233019808,3.550718130133583
15,115,9.735915517132087,5.6367595669310155
16,115,0.959821854220597,1.4551454883373485
17,115,2.9510380641427645,6.290037009195486
18,115,7.223374058654936,3.9706882350787365
19,115,10.12096540750717,8.152174651424538
20,115,10.509158080035188,7.88802186243002
21,115,0,9.670821856718328
22,115,8.92384465177421,2.1586047246225983
23,115,0,12
24,115,2.919991778690168,8.786269903898917
25,115,7.810966580242206,7.2105778749725395
26,115,5.827052596486324,4.752325479694968
27,115,9.498407419692278,10.129651141957275
28,115,6.157733149897505,4.933935906652699
29,115,2.5221237667914926,3.591618194848502
0,120,2.140547216891099,0
1,120,12,6.277441355350377
2,120,9.231940352352732,4.38418191842631
3,120,4.260490135176309,9.275391202831667
4,120,6.402838338059856,3.796200121631121
5,120,5.535915029007532,4.261205472737421
6,120,0,6.512163572273945
7,120,5.879921138399672,6.526889504897402
8,120,6.853377405356106,4.503407539791291
9,120,0.9907075407809992,12
10,120,11.400556593054386,2.570319878411255
11,120,7.203435033445253,11.911606715456857
12,120,4.385486047112771,2.0564513603552133
13,120,6.779667881902269,6.551367550753527
14,120,11.259069176374512,3.563531796408185
15,120,9.637633952812173,5.665345530482402
16,120,0.9152473914615099,1.47180134649678
17,120,3.0203502071553174,6.239358189043227
18,120,7.357775999722604,3.9077050806238076
19,120,10.062132362536959,8.086133862672519
20,120,10.482660974162494,7.8858980624380415
21,120,0,9.578081451505748
22,120,9.073097252392836,2.1701624235672514
23,120,0,12
24,120,2.918793198777288,8.800935736607121
25,120,7.759933312263713,7.131514391631564
26,120,5.694539779921769,4.786879475335663
27,120,9.56848000708348,10.046007680842097
28,120,6.1719435661092925,4.928233674790991
29,120,2.4683893459078643,3.4810051132147066
0,125,2.182124128214926,0
1,125,12,6.286504849753344
2,125,9.24022825134557,4.332135807120307
3,125,4.197357083918343,9.394572892533976
4,125,6.428420268861369,3.8157947008087
5,125,5.537872326523789,4.275245316855466
6,125,0,6.541470725624911
7,125,5.819407493206259,6.6317167605077465
8,125,6.8466324258461535,4.5087678132557
9,125,0.8805647318104952,12
10,125,11.404431402417453,2.576685269171353
11,125,7.2769015844639675,11.900830094394875
12,125,4.391005724207637,2.081832002982665
13,125,6.723825938728424,6.5836185006319035
14,125,11.205838675680393,3.5773727630424816
15,125,9.526987464651471,5.696411705395338
16,125,0.8693767624689895,1.4905120899322304
17,125,3.088651569277558,6.189209091658856
18,125,7.4879641553059795,3.8505641611250256
19,125,10.019298479497682,8.039443664493346
20,125,10.477478102198944,7.885621017535633
21,125,0,9.481543427397803
22,125,9.227567634676792,2.187410537400082
23,125,0,12
24,125,2.917811927351362,8.813803557332083
25,125,7.69960326095859,7.035737118560484
26,125,5.555586639931401,4.8267897835495654
27,125,9.638729042001732,9.963503766880796
28,125,6.21058884491277,4.912434212449817
29,125,2.4032435196659847,3.3423227936769977
0,130,2.228493334218092,0
1,130,12,6.291539033874279
2,130,9.249985541550831,4.2704162637638845
3,130,4.127150240355441,9.529886961894206
4,130,6.455957700596146,3.837198266471655
5,130,5.5412791370815855,4.295989360239453
6,130,0,6.5704903245654895
7,130,5.759755191315856,6.733631827444452
8,130,6.816216647586618,4.532935440472994
9,130,0.7945994336293439,12
10,130,11.416598251541703,2.5970297278178807
11,130,7.327675342886765,11.893667326581468
12,130,4.4038431440754735,2.138512059025202
13,130,6.672115513508556,6.61557766414049
14,130,11.174180195064247,3.5855437856675563
15,130,9.407837484607565,5.730082464236563
16,130,0.8125377677398281,1.5128693943047555
17,130,3.158583252803132,6.137500573841869
18,130,7.630110159840495,3.7905625684770463
19,130,9.972045120105552,7.98598870488309
20,130,10.477535497359058,7.884940297677703
21,130,0,9.385643731616334
22,130,9.396612503760032,2.20696309498143
23,130,0,12
24,130,2.9185959485981456,8.80523990910687
25,130,7.638544822555623,6.939041620037083
26,130,5.4160693163304945,4.870490843047453
27,130,9.709218651005914,9.881975840122665
28,130,6.252559181846518,4.894887379562053
29,130,2.3351605432615847,3.2015397763473086
0,135,2.2707264348719525,0
1,135,12,6.2975075070793665
2,135,9.259727773220046,4.198249284656456
3,135,4.047513846801255,9.692841524203914
4,135,6.473611942916079,3.8510305792411295
5,135,5.549305865337591,4.3476690703133976
6,135,0,6.599516516273733
7,135,5.7062148163570034,6.825356707610208
8,135,6.794123426878192,4.549050030573957
9,135,0.6907963887074536,12
10,135,11.428731803651118,2.618976808128324
11,135,7.356766108370659,11.889408453376534
12,135,4.411457107333426,2.1779569377204915
13,135,6.641718365333452,6.63469314924151
14,135,11.142740061562085,3.5934642438568556
15,135,9.296849526635903,5.75584973943447
16,135,0.7516655854058497,1.538663066756612
17,135,3.2045514832033706,6.103468390772809
18,135,7.5695474520050485,3.652070828255682
19,135,9.92286165855425,7.929981864807376
20,135,10.479861199985491,7.855485158761284
21,135,0,9.298008625845727
22,135,9.573038755728124,2.231467480841845
23,135,0,12
24,135,2.9204095155867487,8.789918073688055
25,135,7.575392914842498,6.844107862852729
26,135,5.256310232654327,4.920687461746521
27,135,9.776499120762113,9.805628882916448
28,135,6.295501495313548,4.876765157806455
29,135,2.254052028948149,3.039856480403028
0,140,2.327075623431231,0
1,140,12,6.302615322085949
2,140,9.268238093445921,4.143566129071343
3,140,3.9728570424226635,9.85516991389647
4,140,6.484508647438843,3.859758448551179
5,140,5.559441493229032,4.412999051188317
6,140,0,6.628241182364378
7,140,5.658085359893218,6.9157928941398
8,140,6.778405178865166,4.560277828571393
9,140,0.6070410324120165,12
10,140,11.435823485931165,2.6316229021848265
11,140,7.416263209486094,11.880719543667071
12,140,4.418521643062619,2.2134814822264537
13,140,6.601018408865672,6.659816957048934
14,140,11.128427887402395,3.5971069744605755
15,140,9.194485455694048,5.778050524133184
16,140,0.6929614937289134,1.5620526709890172
17,140,3.2485555713148395,6.071921063954608
18,140,7.5110868868459315,3.521168967305592
19,140,9.85791320342732,7.85340858490273
20,140,10.480796446559735,7.812822009915988
21,140,0,9.206750049071383
22,140,9.740303053020805,2.2531881535066303
23,140,0,12
24,140,2.9206661462900754,8.787776680732815
25,140,7.513253211612936,6.755641745064157
26,140,5.108206889190027,4.969369569568334
27,140,9.855983281902242,9.715126939331133
28,140,6.321595913330491,4.866618486693136
29,140,2.1745433893957977,2.883933688760928
0,145,2.380572824903928,0
1,145,12,6.311454187337659
2,145,9.278516476669184,4.075075280992394
3,145,3.8993182465140928,10.023851137541016
4,145,6.513861450390736,3.883701438109929
5,145,5.570831043460785,4.490554231485964
6,145,0,6.655149840670608
7,145,5.622296808767931,6.985094086044072
8,145,6.760259680341643,4.573450025016027
9,145,0.534930843837888,12
10,145,11.432469460706223,2.6257753383185007
11,145,7.498002268279831,11.869993681069909
12,145,4.429632907672811,2.271289219046133
13,145,6.561433216175404,6.68410246768663
14,145,11.133601620167385,3.5956831708392487
15,145,9.086782915940399,5.800015233330044
16,145,0.6463138685697825,1.5812787348591049
17,145,3.3077204197759498,6.029308515659488
18,145,7.463091759870337,3.4112646239778273
19,145,9.781688330326181,7.765205774990187
20,145,10.481501531714857,7.74397831125141
21,145,0,9.1139080518551
22,145,9.893223629631224,2.270563770531293
23,145,0,12
24,145,2.917821373726021,8.810179333177935
25,145,7.428709042598507,6.641190735997473
26,145,4.988168659009084,5.005557068653428
27,145,9.942999366343104,9.616521094207952
28,145,6.346223161128299,4.857337965720349
29,145,2.101685069390501,2.746322513264363
0,150,2.4412703877483697,0
1,150,12,6.316058101744882
2,150,9.288568630468866,4.00475716248892
3,150,3.832073617149752,10.176340166808792
4,150,6.530470579273249,3.8975587043261934
5,150,5.582215558628212,4.567601752574983
6,150,0,6.686666247557717
7,150,5.599598533127697,7.027261537457823
8,150,6.732245799761053,4.593502350473306
9,150,0.4593322263461945,12
10,150,11.406538847268665,2.5835266365136387
11,150,7.574348132794962,11.86182791333445
12,150,4.441536282518075,2.329630032504599
13,150,6.51144553375111,6.715073263848056
14,150,11.128723531817883,3.597031968270854
15,150,8.986300783035919,5.8216965533931555
16,150,0.5783643752607319,1.6073237513060599
17,150,3.3508837503134226,6.00005064399545
18,150,7.408705924105442,3.2991771755343446
19,150,9.70540335372086,7.673099186901018
20,150,10.482160862291057,7.6808766351080635
21,150,0,9.027954840123295
22,150,10.041171802643825,2.2910730536919948
23,150,0,12
24,150,2.915066763103886,8.836294941022894
25,150,7.350443926302047,6.535538420608605
26,150,4.8726937002586705,5.041725879130904
27,150,10.030275619329247,9.518008243169401
28,150,6.378161014426196,4.845215588244467
29,150,2.0299271573038293,2.6172402901052143
0,155,2.48985596109033,0
1,155,12,6.318969704849725
2,155,9.297012826904037,3.9376626376359707
3,155,3.7747965665305108,10.307431906152296
4,155,6.541381713694477,3.906168557705505
5,155,5.59436323379908,4.647083866800062
6,155,0.03221029968218191,6.787355693251403
7,155,5.568519646047692,7.084165512933079
8,155,6.700112518247143,4.616744444562387
9,155,0.3943620578815037,12
10,155,11.380260111342993,2.5436133737103743
11,155,7.63432345084744,11.855424445172323
12,155,4.456330514538213,2.4033890503024113
13,155,6.456479882312539,6.748467825062487
14,155,11.119403315495017,3.5998262153008933
15,155,8.870128052791534,5.848697426570392
16,155,0.4772925715290026,1.644901382421575
17,155,3.408965396267924,5.960261970464742
18,155,7.3486204616807225,3.1760231297569623
19,155,9.633800691694145,7.585273550692162
20,155,10.482815471373062,7.6315682984831
21,155,0,8.94911489969529
22,155,10.166533478575435,2.3119923595856258
23,155,0,12
24,155,2.9126322371424194,8.861406014106892
25,155,7.281076820199337,6.443037981548869
26,155,4.7502980679146125,5.080044455905588
27,155,10.113949402524524,9.42163995324849
28,155,6.399483296185404,4.837181322913594
29,155,1.9621868956046513,2.4878234754833324
0,160,2.5424142726250403,0
1,160,11.975000233299232,6.311840866955368
2,160,9.301836747522087,3.8916570146126026
3,160,3.720717092800423,10.435022645635154
4,160,6.543199755711582,3.907630342686641
5,160,5.606925217386037,4.743620605909267
6,160,0.06781367732914073,6.90090194549256
7,160,5.548690775461013,7.123497036691844
8,160,6.67753955535272,4.6332672226003515
9,160,0.3244047814768942,12
10,160,11.348941902221345,2.498487960240129
11,160,7.699232280470927,11.848614873892233
12,160,4.46685080624269,2.4579507934156175
13,160,6.395671710412983,6.786916063964612
14,160,11.108117393925035,3.603202608168567
15,160,8.756275109540182,5.873082630485902
16,160,0.3667550604599966,1.6841459174812101
17,160,3.456747411193746,5.925425592132597
18,160,7.274253261861178,3.028792046074659
19,160,9.58457609547021,7.520025469135904
20,160,10.482871582493038,7.561942648547826
21,160,0,8.879293915023014
22,160,10.301206317018291,2.330086345733537
23,160,0,12
24,160,2.9120537892289797,8.867695799646501
25,160,7.2153151308087065,6.35344828631245
26,160,4.624254775078219,5.120740587505744
27,160,10.184656281608568,9.34211809402269
28,160,6.399116427392583,4.837322575045068
29,160,1.8971750459463237,2.3526450095708316
0,165,2.5809453729080443,0
1,165,11.966741699402478,6.309266462769112
2,165,9.306117774507722,3.8565900951071987
3,165,3.671983057355706,10.558264545804121
4,165,6.545607439459183,3.9046328109021013
5,165,5.624014860743589,4.864500627037855
6,165,0.11032874242758328,7.0335358589979045
7,165,5.525893027292278,7.168977814277331
8,165,6.675203188110618,4.634884458487628
9,165,0.25292531128534923,12
10,165,11.310699539107263,2.4448401223577507
11,165,7.762570223059411,11.842768125937269
12,165,4.47728996987864,2.5110968810210497
13,165,6.335187082227414,6.824751029828047
14,165,11.085626619015201,3.6101574731522863
15,165,8.638029145023763,5.89923291193078
16,165,0.2692119165915148,1.717999159370701
17,165,3.5190467665757983,5.87987193204824
18,165,7.200407652031999,2.8828420960044303
19,165,9.541290380951622,7.4612076884399166
20,165,10.481319759623547,7.495694089094319
21,165,0,8.802040381668283
22,165,10.438088296020663,2.3470442297392906
23,165,0,12
24,165,2.9090701887814068,8.895992767253324
25,165,7.150897839080403,6.262512958810377
26,165,4.504486557970901,5.162923879189227
27,165,10.259275055379296,9.25722956858761
28,165,6.399773908808959,4.837057773974927
29,165,1.8347508327050446,2.2231235744211384
0,170,2.6384022867036716,0
1,170,11.940847587791517,6.300953233205668
2,170,9.312993565104117,3.796871898265679
3,170,3.622296187391144,10.68664394350888
4,170,6.5535949309128485,3.8940479955518468
5,170,5.640621464082312,4.986096321614062
6,170,0.14631715873374979,7.1563108373400555
7,170,5.508713551841741,7.201352759820422
8,170,6.676004637024758,4.634347832595618
9,170,0.19763262832995565,12
10,170,11.281329549724115,2.4017695510267933
11,170,7.819049361274039,11.837553503143086
12,170,4.491865260682061,2.5842312857381833
13,170,6.266700793274462,6.871507769940028
14,170,11.054472687196087,3.619553077327997
15,170,8.519787624434008,5.929958105278228
16,170,0.16232553590065302,1.7548128231954874
17,170,3.614532360921799,5.809052768653241
18,170,7.131578706335528,2.7481864511966503
19,170,9.49126161838602,7.3890513624256595
20,170,10.480034113055257,7.411417376426211
21,170,0,8.730314995727529
22,170,10.556766785088655,2.3652882893230673
23,170,0,12
24,170,2.9064585205986284,8.918266952015125
25,170,7.077117137047319,6.161922369390204
26,170,4.382467227840322,5.207790615738402
27,170,10.325097455836856,9.1805258523819
28,170,6.384622873567486,4.843326822488773
29,170,1.7774515597513032,2.1087918941722834
0,175,2.6869980790510657,0
1,175,11.916460508396773,6.293079076989693
2,175,9.32622995186989,3.6971753535707204
3,175,3.582957017436762,10.805170786652917
4,175,6.565411585398699,3.8790629540139574
5,175,5.652760894893843,5.084204598089388
6,175,0.18098915392110523,7.27596221178062
7,175,5.489580851228505,7.236875488584669
8,175,6.68953810039519,4.625298081309197
9,175,0.14601383065868923,12
10,175,11.26139870531107,2.372454031549677
11,175,7.872455952436164,11.832712667228362
12,175,4.511103297529225,2.682624513549745
13,175,6.209709622972255,6.908677852461415
14,175,11.021758857573383,3.6296178604509715
15,175,8.397521134051,5.9610089534796975
16,175,0.04402118816219887,1.7986552133791134
17,175,3.720393743737121,5.725691615104578
18,175,7.0621279071992005,2.609799163854343
19,175,9.442667510502732,7.318747508888313
20,175,10.479260406181941,7.325970388527949
21,175,0,8.660215623813901
22,175,10.658436560710886,2.381387280763326
23,175,0,12
24,175,2.864016245488857,8.913788563692915
25,175,7.005155430390412,6.068850293516681
26,175,4.262550563801953,5.253645975161846
27,175,10.38681187066886,9.1056956512901
28,175,6.377002949020561,4.846472216664072
29,175,1.7287191591444147,2.008289187733269
0,180,2.729488066107047,0
1,180,11.87794378047725,6.2819413167601255
2,180,9.33915341558975,3.5895257815333643
3,180,3.547439192408548,10.90777135937264
4,180,6.589814548133009,3.8504318922615726
5,180,5.662018313944308,5.190394622965927
6,180,0.21328650805120997,7.382646032693185
7,180,5.468395107308774,7.276315355730534
8,180,6.691908119337003,4.6236429004417845
9,180,0.09196807400114898,12
10,180,11.244552663142288,2.3478732359336174
11,180,7.894296104402189,11.829873390637323
12,180,4.533091531550556,2.789486120019211
13,180,6.160256434105258,6.943445748234248
14,180,11.001443478545877,3.636115437652833
15,180,8.250486490776924,5.999501320215497
16,180,0,1.8400735091018106
17,180,3.8211461348216926,5.640924533947191
18,180,6.9237480363269475,2.6788047252880065
19,180,9.390536329587901,7.245405212649446
20,180,10.47824025748883,7.210331516744047
21,180,0,8.585425917732639
22,180,10.754180103087142,2.40076255875196
23,180,0,12
24,180,2.802862578209635,8.907985334543886
25,180,6.9319854764736295,5.971323734942486
26,180,4.138873034128245,5.298600841506706
27,180,10.431807044596688,9.048582366265626
28,180,6.345157154163517,4.859321759998079
29,180,1.694065143127889,1.930763049744584
0,185,2.773889980883665,0
1,185,11.838090988675956,6.269745763352254
2,185,9.356194494869573,3.4808114995454913
3,185,3.50571474844981,11.017698082300816
4,185,6.622740788986391,3.8132943423604777
5,185,5.671761827018597,5.287240782393853
6,185,0.24542562211518373,7.491176203061525
7,185,5.44564376948556,7.317758497165922
8,185,6.68450937717046,4.628933580216329
9,185,0.050686179528341056,12
10,185,11.227712380767636,2.3248941344246425
11,185,7.925227569581787,11.82625192607298
12,185,4.553994605057729,2.893818130248685
13,185,6.133183366898442,6.9635598203179345
14,185,10.97574431029409,3.643942617554028
15,185,8.112338489202452,6.034688945725854
16,185,0,1.8767874941617457
17,185,3.919812093272894,5.561824223790335
18,185,6.788336146638012,2.751986611898703
19,185,9.330430723829961,7.1644441472435
20,185,10.478087365060798,7.068571251861791
21,185,0,8.50716717404605
22,185,10.857243197753364,2.4246902205370526
23,185,0,12
24,185,2.743109264399911,8.902925357771899
25,185,6.8457753278452635,5.866371139965161
26,185,4.003284501095179,5.348658999697393
27,185,10.473219320397249,8.994739093009313
28,185,6.32627645045379,4.86749290055303
29,185,1.660903623386499,1.851869473390135
0,190,2.8172273726741035,0
1,190,11.8118145407952,6.26150627759358
2,190,9.373797897633779,3.370329541429051
3,190,3.472760577483399,11.09953704652382
4,190,6.644780147462289,3.789472342748381
5,190,5.679476890748824,5.369332512101866
6,190,0.27510380559956304,7.609068155910344
7,190,5.422757687794606,7.360154625454269
8,190,6.678227192625155,4.633585751225282
9,190,0,12
10,190,11.21721828518931,2.3107076848743175
11,190,7.954568245257956,11.82323342916276
12,190,4.573279951828702,2.9972232798839387
13,190,6.095563135487514,6.992001811461908
14,190,10.951111182067844,3.6510431611433734
15,190,7.978378251544705,6.067424733320633
16,190,0,1.9064014541838805
17,190,4.020672104485165,5.482498898911468
18,190,6.851089494552603,2.8764232819331985
19,190,9.278204376917078,7.0914486212044405
20,190,10.475894258985315,6.92960560543231
21,190,0,8.423536244747288
22,190,10.968910600392043,2.452020150829396
23,190,0,12
24,190,2.678292080114721,8.898884241031057
25,190,6.762527937546141,5.752800412744529
26,190,3.880312110334789,5.392612722653711
27,190,10.521307152668276,8.929195000868443
28,190,6.3107460093654755,4.874805891857966
29,190,1.6208356523435468,1.7591686787815475
0,195,2.8578545598353524,0
1,195,11.77249632645957,6.251109262398163
2,195,9.392957483760501,3.258892309305413
3,195,3.4342077723317717,11.188951626806704
4,195,6.672076034312838,3.759250139127828
5,195,5.685357693973629,5.435220670406174
6,195,0.30647183769025144,7.73426081719817
7,195,5.402929440935062,7.399712561920459
8,195,6.671306312492994,4.63876099348699
9,195,0,12
10,195,11.198900642555387,2.2872753902988188
11,195,7.978781475941167,11.821296700433722
12,195,4.590684829884443,3.083743707226272
13,195,6.067016184512439,7.012363656412475
14,195,10.920952523521215,3.6605945404321205
15,195,7.848222048381781,6.098494170237256
16,195,0,1.9321118126699814
17,195,4.113356387633331,5.408209364979411
18,195,6.912037472856661,2.99405907677678
19,195,9.20769170651804,6.992783666005887
20,195,10.475426067665499,6.7967662763355765
21,195,0,8.325333808591978
22,195,11.082366268306759,2.4831151346474427
23,195,0,12
24,195,2.623620020048316,8.894427331155319
25,195,6.691148177968603,5.6510157265244505
26,195,3.7615189740039376,5.435282751216767
27,195,10.569989307319778,8.867645729324995
28,195,6.302327475749241,4.878857603515439
29,195,1.5950102973227047,1.6976207466936606
0,200,2.9010552394225964,0
1,200,11.726459726635358,6.239568133536531
2,200,9.41540389170186,3.118147910822086
3,200,3.395741684046559,11.281457024062327
4,200,6.695570409839648,3.732135402261593
5,200,5.691280603692289,5.488851559298994
6,200,0.3330891818990752,7.856714101014646
7,200,5.380354042879018,7.445147426250898
8,200,6.66120501421385,4.646605683292402
9,200,0,12
10,200,11.177953425892124,2.2617719846669977
11,200,7.998957715985217,11.819596510619062
12,200,4.608913844231025,3.1697666054769753
13,200,6.036949863599174,7.0335490948186905
14,200,10.885747439988814,3.671758100722489
15,200,7.741127241182171,6.122546356517483
16,200,0,1.9589638749190592
17,200,4.20617411896236,5.335367085833673
18,200,6.98429574710164,3.1345416458544917
19,200,9.1411482268689,6.901461715091928
20,200,10.471285483322216,6.6617050055035225
21,200,0,8.222956281276467
22,200,11.181604776123724,2.510161602051271
23,200,0,12
24,200,2.5676495897202534,8.888460404757025
25,200,6.628673235934352,5.563786384453809
26,200,3.623553983536137,5.482807705520874
27,200,10.611110667928054,8.813752596660569
28,200,6.2776887993901305,4.890594207567356
29,200,1.572648067124537,1.6487243665171574
0,205,2.962975591871817,0
1,205,11.694638827786312,6.231270312618268
2,205,9.430983124604495,3.012446536702239
3,205,3.3626870022104085,11.365046075971328
4,205,6.723349401359283,3.7018803279134165
5,205,5.700602108014168,5.567782933442888
6,205,0.36060351703149834,7.991785644549539
7,205,5.3643791137894095,7.476320613692091
8,205,6.652546669249411,4.653193977893151
9,205,0,12
10,205,11.164954626182235,2.246270837676876
11,205,8.012048114232174,11.818169474889924
12,205,4.6256741833447,3.251632035498029
13,205,5.994718865200775,7.065514425458489
14,205,10.850329209093019,3.684012052364897
15,205,7.638282067839197,6.146796283557263
16,205,0,1.9797748182554764
17,205,4.305998928631276,5.252831578103729
18,205,7.06379047897931,3.2818934926162413
19,205,9.078417919251425,6.805527167562134
20,205,10.465242168898252,6.502724264756252
21,205,0,8.122291266750382
22,205,11.280652025645661,2.5364775795821464
23,205,0,12
24,205,2.4813398415456733,8.878283315159264
25,205,6.563587069487236,5.4694051320340575
26,205,3.472785790745766,5.537997845981005
27,205,10.642062544616914,8.775554483580628
28,205,6.2753454826045765,4.891716089976075
29,205,1.5485290123961513,1.5969087304721234
0,210,3.0212034797217737,0
1,210,11.655183572118762,6.2206545422109185
2,210,9.448493699165416,2.9022842492200995
3,210,3.328580909417553,11.453917402521475
4,210,6.7584171787867895,3.664306073277613
5,210,5.708089097557727,5.639666082185202
6,210,0.38645421988515277,8.122534214977223
7,210,5.354187337450076,7.496848022525033
8,210,6.636847455452973,4.665256161571616
9,210,0,12
10,210,11.162219510149843,2.243218943102419
11,210,8.024720570761223,11.816789539766852
12,210,4.642401276850246,3.334196313097232
13,210,5.95657828629008,7.091895869484837
14,210,10.819332475108801,3.6943500170112493
15,210,7.545664155497742,6.168452615735597
16,210,0,2.000903771537948
17,210,4.418151155450282,5.161453974259813
18,210,7.142002353578744,3.427004775705723
19,210,9.021249068079097,6.7198511772361345
20,210,10.462497502029901,6.33443190580657
21,210,0,8.020972416466146
22,210,11.381260240136799,2.5638602657613876
23,210,0.014910784087597948,11.9984312267287
24,210,2.410759152436023,8.873433634906226
25,210,6.5021125564832225,5.381024759873621
26,210,3.315085640819577,5.589318750713804
27,210,10.667717676959775,8.743704376113334
28,210,6.280721145559791,4.889210775652535
29,210,1.5179864949766166,1.5289085807525855
0,215,3.0923627268799527,0
1,215,11.607741547537955,6.209146927541639
2,215,9.473083225493097,2.781077022178447
3,215,3.2936978303725177,11.546353346518677
4,215,6.783744010456709,3.635505968972792
5,215,5.7162648069154915,5.707160132443332
6,215,0.41413695280804624,8.266449970992314
7,215,5.352510054000156,7.500518228992344
8,215,6.614196156817071,4.683565802520925
9,215,0,12
10,215,11.146780103000559,2.2268491393576744
11,215,8.028488141541791,11.816427322679171
12,215,4.664816968494982,3.4293645278317153
13,215,5.896008661465015,7.135937046921506
14,215,10.811011080771072,3.6969357009767503
15,215,7.456798358165399,6.187839135571871
16,215,0,2.027123294063702
17,215,4.526981022327093,5.070622622036146
18,215,7.217009735404283,3.5713918859838456
19,215,8.96209637055725,6.629147301404436
20,215,10.453437317558276,6.144938150363046
21,215,0,7.9235155185124295
22,215,11.498655425783465,2.5961343145540217
23,215,0.04391378653855546,11.994962680180981
24,215,2.3459696502095713,8.868262216482401
25,215,6.440270717569612,5.295827485855451
26,215,3.15745486778829,5.644385141971938
27,215,10.680672513215834,8.72782291006367
28,215,6.269405633051675,4.894697577093461
29,215,1.4950626594641112,1.4801817463858988
0,220,3.1720287437158943,0
1,220,11.556809385495729,6.1964654164405
2,220,9.497833950809804,2.65293545871406
3,220,3.250972811940917,11.656184950519586
4,220,6.8004693333195565,3.614774356290273
5,220,5.727642306976595,5.7892894877387056
6,220,0.4495820504586347,8.418761818513058
7,220,5.356037190261816,7.493263918981077
8,220,6.60142370216723,4.693747596832931
9,220,0,12
10,220,11.126402240175949,2.205254853616558
11,220,8.031797426502274,11.816101440083273
12,220,4.690322960128216,3.5347142709899124
13,220,5.8082798613246895,7.2007640827382255
14,220,10.802700250338113,3.6996604599945164
15,220,7.433992321149815,6.092509434220884
16,220,0,2.0505622238115517
17,220,4.651256115366188,4.974213670493706
18,220,7.288172439813698,3.6967250658108846
19,220,8.903020583814866,6.538539160837146
20,220,10.444117841091966,5.940914705837407
21,220,0,7.821251830593317
22,220,11.609898841864869,2.629155594402122
23,220,0.10748301731213786,11.989180291758364
24,220,2.314527513366249,8.86563087899496
25,220,6.375337173876459,5.209891902713217
26,220,3.01557853073241,5.6916257010335904
27,220,10.69374909975247,8.710944211224502
28,220,6.255497068396414,4.901228695387369
29,220,1.4743187959086053,1.435478614292063
0,225,3.2520859761246927,0
1,225,11.502392138410032,6.1830165773847385
2,225,9.518156500608441,2.528220772848358
3,225,3.21654215400409,11.747921022722206
4,225,6.823204611408336,3.5857475381417716
5,225,5.737455129303384,5.865290859037706
6,225,0.48143567855704517,8.567388856107819
7,225,5.366002747719436,7.472790619000325
8,225,6.572399766570853,4.716636953530712
9,225,0,12
10,225,11.131090796211053,2.2102968015141107
11,225,8.049874485013103,11.814365895430502
12,225,4.719458362924596,3.6520648646696388
13,225,5.706721823516581,7.273242791396208
14,225,10.78339383221441,3.705465274688862
15,225,7.409092991287162,5.987698456581413
16,225,0,2.073249022970291
17,225,4.778170931813051,4.870740015144782
18,225,7.361180643981414,3.8188683744765375
19,225,8.83359754593369,6.429860326282977
20,225,10.437631421421543,5.7433563353827735
21,225,0,7.733396618693006
22,225,11.713617001888458,2.6621002500677586
23,225,0.19108290352850535,11.981924004192614
24,225,2.271448079899837,8.86196994688209
25,225,6.296497089641552,5.104072086080096
26,225,2.851592124765942,5.746062228392621
27,225,10.708836259461693,8.691420855318235
28,225,6.230125670802271,4.912883952965483
29,225,1.4417117132821755,1.3686056735009333
0,230,3.326916403555381,0
1,230,11.45796631695535,6.172256546889377
2,230,9.532268179514823,2.410597991126028
3,230,3.183851525715049,11.828883542331408
4,230,6.844794215261026,3.557818695090967
5,230,5.744394193506469,5.932657774621388
6,230,0.5147507479243373,8.718192975661024
7,230,5.3759423441546215,7.451616314436701
8,230,6.5373437526899645,4.743410414427303
9,230,0,12
10,230,11.143444738556635,2.223330688860866
11,230,8.075485121970347,11.811720428062921
12,230,4.741578213329954,3.7480073438629726
13,230,5.624357733250224,7.337040579897232
14,230,10.768959338203047,3.710153556042278
15,230,7.381923251350873,5.871938480772011
16,230,0,2.0902927404983354
17,230,4.908086913506695,4.758908671832774
18,230,7.449055683277779,3.966070760260208
19,230,8.755270747598914,6.308394612426883
20,230,10.431131716508446,5.547012107824599
21,230,0,7.643546320061947
22,230,11.823259091255643,2.6951723879974523
23,230,0.28635962659663483,11.974199531283952
24,230,2.2477069488986334,8.860255608508298
25,230,6.213485684060316,4.993895306325727
26,230,2.701047847490269,5.796329649272733
27,230,10.733270976690312,8.660071666107894
28,230,6.206077532544663,4.924025347845268
29,230,1.4027745230929596,1.2960111640615892
0,235,3.416305636666512,0
1,235,11.43143593875878,6.165770354801256
2,235,9.550240508463476,2.2735088289310936
3,235,3.1578140753410935,11.898766539706585
4,235,6.870651247809793,3.524255040120869
5,235,5.7502849262273,5.98624181447018
6,235,0.5447386914021517,8.855208257100669
7,235,5.344712963693255,7.436440824587233
8,235,6.490017327636095,4.7821223913012885
9,235,0,12
10,235,11.167394402370611,2.248689664102247
11,235,8.115836359306135,11.80665626435692
12,235,4.760387122480057,3.831251827225363
13,235,5.533229754289418,7.407095282131681
14,235,10.755851465222781,3.714386460856234
15,235,7.352543971199967,5.746770900468426
16,235,0,2.107445679110228
17,235,5.051072367910508,4.638527303167634
18,235,7.587277880543264,3.8826949786322693
19,235,8.664361559788517,6.169309556230435
20,235,10.429362896115663,5.3389250565616715
21,235,0,7.555216196746089
22,235,11.904992204105449,2.7207923895577206
23,235,0.36386441021792226,11.969985626826547
24,235,2.2188587982559653,8.857592690118642
25,235,6.143120053402151,4.902396020816008
26,235,2.564537499681491,5.83755755249218
27,235,10.747868720322364,8.640562716074877
28,235,6.179330528947753,4.937067149557748
29,235,1.360510186902029,1.2182645956131133
0,240,3.48553522748389,0
1,240,11.405243213412726,6.1591151628766445
2,240,9.571137034171372,2.125543396765887
3,240,3.125758896541711,11.983784661106252
4,240,6.883408130868334,3.5064717691786664
5,240,5.757154932012099,6.051254820455961
6,240,0.5683789298565611,8.98032361115138
7,240,5.323227708900432,7.426757240762023
8,240,6.450045046631402,4.81394763939517
9,240,0,12
10,240,11.213541944073047,2.3010636763611303
11,240,8.174898125876046,11.798402227964795
12,240,4.773562312205749,3.892864328428517
13,240,5.4275861083484624,7.491215680309831
14,240,10.715018061327127,3.726877597099661
15,240,7.323367775477441,5.617780299600235
16,240,0,2.131529046114668
17,240,5.1863924404171176,4.521708429056888
18,240,7.720382893482284,3.801337218425879
19,240,8.57159860206918,6.025714947283039
20,240,10.425265591535922,5.137230898314711
21,240,0,7.459444240889389
22,240,11.982620509384997,2.743947026734139
23,240,0.43247943705282293,11.965819322958371
24,240,2.2198602322974996,8.857670671286568
25,240,6.0839064592209215,4.826718506229075
26,240,2.4442885869686437,5.876081726995037
27,240,10.78269319364732,8.590896566045016
28,240,6.159205300868139,4.947736172033136
29,240,1.3177653840738077,1.1424208173940822
0,245,3.538540132544828,0
1,245,11.373748171203726,6.149685334120737
2,245,9.595418442864885,1.9736103999511991
3,245,3.1010783850008172,12
4,245,6.904316368854976,3.4793596694144933
5,245,5.764159860444264,6.130011656732188
6,245,0.5941841435384164,9.109412210784953
7,245,5.318948754517948,7.424654433995053
8,245,6.404900378950156,4.851737248549779
9,245,0,12
10,245,11.264745001346185,2.357927911454902
11,245,8.222524939266243,11.791692486715679
12,245,4.786965942011818,3.946580727243934
13,245,5.3417948106377535,7.560322778445408
14,245,10.690768986512932,3.7349593320537307
15,245,7.298115174725372,5.504596492596571
16,245,0,2.147847077956222
17,245,5.312276999501016,4.412536862668606
18,245,7.854824641668395,3.7233578102495777
19,245,8.484228908692781,5.887960597915382
20,245,10.422409771581455,4.929009453620546
21,245,0,7.363630374753718
22,245,12,2.764604176129116
23,245,0.500049675128444,11.960599477013387
24,245,2.22476333590809,8.858263002747325
25,245,6.020535019569199,4.743733358350408
26,245,2.3231067984938916,5.913049114621302
27,245,10.801533836933524,8.56539316053519
28,245,6.161201255591756,4.9466051133048925
29,245,1.2780385837664379,1.073417442271266
0,250,3.5856375570315064,0
1,250,11.330230007733368,6.137277024827601
2,250,9.619698791930938,1.8211461173116616
3,250,3.066653070906595,12
4,250,6.918229014812212,3.462753119367139
5,250,5.7729143400061504,6.2076274594797205
6,250,0.616482061355839,9.243147359115698
7,250,5.324835189198196,7.427680401137711
8,250,6.378128790841734,4.875486753659417
9,250,0,12
10,250,11.301540780454072,2.40102318350414
11,250,8.271088522732407,11.784166351480645
12,250,4.798333778048625,3.9956555760305847
13,250,5.280176569114928,7.6091815383088734
14,250,10.675780910091985,3.739638046370063
15,250,7.27046898750813,5.373418339609758
16,250,0,2.167247710393139
17,250,5.404475503873812,4.3325494226170225
18,250,7.996167570931519,3.638332666120542
19,250,8.397315475842131,5.756439845273967
20,250,10.421939748376834,4.70809074374464
21,250,0,7.275802670187433
22,250,12,2.7884524203904952
23,250,0.554857142257561,11.95554834512558
24,250,2.2300503652497357,8.859005681417383
25,250,5.952706245433586,4.651358905294961
26,250,2.202810951958468,5.950087003380856
27,250,10.819748855129685,8.541069726552777
28,250,6.163535574811745,4.94520373740493
29,250,1.2448917416420655,1.0160947552877866
0,255,3.6393725545639244,0
1,255,11.287464522990769,6.125099035917529
2,255,9.645629327412731,1.6494202008927168
3,255,3.03038567506461,12
4,255,6.935804024563564,3.4430630143724015
5,255,5.782561442459244,6.293256492746343
6,255,0.6385158491371459,9.393002872472069
7,255,5.334238712920803,7.43249171578976
8,255,6.338611862988372,4.911484450847612
9,255,0.0038389077167168204,11.999025445681827
10,255,11.349179582829017,2.457133240398524
11,255,8.334078392932488,11.773027645077729
12,255,4.811160423708855,4.052038093971073
13,255,5.2101383915403385,7.665594040175628
14,255,10.699634919044227,3.7322569746251775
15,255,7.242563138531393,5.246663787471881
16,255,0,2.185803436666648
17,255,5.507832180780447,4.235867403349486
18,255,8.152665292122375,3.5460640280940057
19,255,8.30655420699843,5.622555022917377
20,255,10.423324860969238,4.502647303842434
21,255,0,7.187823138667196
22,255,12,2.813037146764817
23,255,0.6064775476830816,11.950346514010327
24,255,2.238412419546959,8.859998347591198
25,255,5.905709236173899,4.589381521852211
26,255,2.080630811542841,5.989047936044013
27,255,10.8448411240813,8.507799744526215
28,255,6.158595481682596,4.948201841163633
29,255,1.2056180206811098,0.9487170157266389
0,260,3.6984946171552537,0
1,260,11.252538608010386,6.115004838729896
2,260,9.67548983436471,1.4827567789668135
3,260,2.988461945158762,12
4,260,6.958396925661423,3.4164416192544445
5,260,5.788223627371634,6.348460474943318
6,260,0.6616505862145673,9.547605501536584
7,260,5.318135238403979,7.4241904159726415
8,260,6.305618601721286,4.940940601088967
9,260,0.007914389352783654,11.998019520332383
10,260,11.39365107318712,2.512037335968133
11,260,8.426834844307178,11.75290586629074
12,260,4.825100025245435,4.121331407168163
13,260,5.139472232252856,7.721410211201441
14,260,10.74161690611924,3.7199752119527782
15,260,7.218272585399359,5.137831547237626
16,260,0,2.20506046817819
17,260,5.613455990489824,4.140308037277521
18,260,8.309264225469711,3.4520794194011013
19,260,8.220053283893265,5.49046727740865
20,260,10.420230376491647,4.308450515042787
21,260,0,7.100320132391098
22,260,12,2.8388739551079176
23,260,0.642434134980387,11.946590640062459
24,260,2.2490241224766128,8.86110047813284
25,260,5.85509476617191,4.523221693249634
26,260,1.9548822440896518,6.026808236503762
27,260,10.866886285071226,8.47730407094682
28,260,6.150068021280898,4.953257953367594
29,260,1.1726038715581688,0.8914136621867859
0,265,3.75563019084755,0
1,265,11.233075614468447,6.109544990157926
2,265,9.70359666715437,1.322725835907323
3,265,2.9509033040386488,12
4,265,6.972662988919861,3.400527532282831
5,265,5.792418287551413,6.384303014985168
6,265,0.6828861181067266,9.704531259402271
7,265,5.299193193191055,7.414362617878237
8,265,6.270174788100543,4.971768000626969
9,265,0,12
10,265,11.43328069712816,2.562469542046253
11,265,8.50879194565331,11.73576653845299
12,265,4.8427504792452325,4.209337350935264
13,265,5.080812795531325,7.769988761100845
14,265,10.78287057718582,3.7067393135345577
15,265,7.195440647478415,5.03510535799402
16,265,0,2.211390516082662
17,265,5.704718020370156,4.059446682151612
18,265,8.458772532942758,3.3622414619366285
19,265,8.125055836502366,5.339424897770987
20,265,10.42017201708388,4.144424067367704
21,265,0,7.012828101584382
22,265,12,2.8654743206722624
23,265,0.6837070746250713,11.940789518616706
24,265,2.2304004415693734,8.859153279238106
25,265,5.790607758708744,4.4396505607986025
26,265,1.8090878938887305,6.06928578075026
27,265,10.898801255786333,8.432444874185448
28,265,6.1160936548702525,4.973948151237816
29,265,1.147777920667874,0.8449365509574621
0,270,3.7990333326690457,0
1,270,11.194413898503347,6.099777945454542
2,270,9.727089431451798,1.1766073027877777
3,270,2.9122944210293795,12
4,270,6.980373046093352,3.391694408955319
5,270,5.796801405460056,6.415957078806747
6,270,0.7069187441848809,9.868630769274361
7,270,5.275219501279235,7.401601793060585
8,270,6.228635470764651,5.009182658053139
9,270,0,12
10,270,11.478430857327904,2.618131537380736
11,270,8.579355253920367,11.721040583246207
12,270,4.855971763927464,4.2784005040362425
13,270,5.026209061325765,7.81556488481448
14,270,10.825721725813786,3.693483766171327
15,270,7.173219604411396,4.940453104698462
16,270,0,2.2160398308053706
17,270,5.80664866391612,3.971510307604754
18,270,8.614086203556866,3.271487361781922
19,270,8.027300847136562,5.187522078509999
20,270,10.419616563837042,3.98682233928908
21,270,0,6.915834798720877
22,270,12,2.8882973875827354
23,270,0.7526654217244317,11.929788011138477
24,270,2.1627411204223463,8.852934077607333
25,270,5.725656340790019,4.360545290477016
26,270,1.6649587994956294,6.1111124020615
27,270,10.921662371144441,8.402516945136481
28,270,6.0877185160788265,4.991578861920729
29,270,1.12220859909344,0.801142883243472
0,275,3.8170960203951996,0
1,275,11.159700878233574,6.092110783564987
2,275,9.756900637680557,1.0002233590567307
3,275,2.8738614542164456,12
4,275,6.991999576558233,3.3780335047351873
5,275,5.803895591472413,6.467412211683032
6,275,0.7266803086213092,10.021638278960978
7,275,5.268041857708925,7.397721933707997
8,275,6.195342822421918,5.039513813631722
9,275,0,12
10,275,11.53575906012767,2.6924435766383175
11,275,8.647879279824219,11.70552734078288
12,275,4.870250426673322,4.365146419072702
13,275,4.9723927615569545,7.8579426539673465
14,275,10.885184028227725,3.675751550973989
15,275,7.156176689544134,4.8634790657370175
16,275,0,2.2257008502120534
17,275,5.902313474092352,3.8940814873491103
18,275,8.772241763904198,3.179898339197861
19,275,7.938246992992888,5.044289032884298
20,275,10.419695144583109,3.8527225307870805
21,275,0,6.806680481376673
22,275,12,2.9063631655047426
23,275,0.8222251121045913,11.919392133341734
24,275,2.0938488093035024,8.847135103571665
25,275,5.665478475645528,4.288497560433393
26,275,1.627170189199221,5.975679498584857
27,275,10.951157554554493,8.364367488305472
28,275,6.050710733042808,5.013390942924414
29,275,1.0986234663558414,0.7618541987629847
0,280,3.8257279641790842,0
1,280,11.117148113541205,6.082662952736597
2,280,9.786820705275044,0.8202853139159618
3,280,2.836175580721076,12
4,280,6.994029012232844,3.375595148853529
5,280,5.811093889863097,6.516681337734195
6,280,0.7453956041772298,10.169797171760413
7,280,5.253791913310301,7.389683090477934
8,280,6.163377865332604,5.068231052069481
9,280,0,12
10,280,11.592331180598451,2.7607083743465415
11,280,8.712056298469447,11.691190120128848
12,280,4.886804061076931,4.464311755890182
13,280,4.917309859945506,7.900089759580269
14,280,10.944371164946155,3.657373846284047
15,280,7.132690193118052,4.754212308036178
16,280,0,2.2479620853932194
17,280,5.9904700420730395,3.82071617510852
18,280,8.935981629162283,3.084262195657221
19,280,7.836039919726688,4.889687427729613
20,280,10.417400863262987,3.711669067974114
21,280,0,6.693574319302388
22,280,12,2.929567045873753
23,280,0.8909617877655579,11.907084716323574
24,280,2.0184583312489637,8.841714263558346
25,280,5.612284288941566,4.22136794650615
26,280,1.5935235896426434,5.84479386888928
27,280,10.964303051027786,8.346621972681612
28,280,6.008490472765886,5.039445602517224
29,280,1.073021026497904,0.7196330216449284
0,285,3.8300332142271194,0
1,285,11.078408985735518,6.073589184457397
2,285,9.822677504327222,0.6344606772130732
3,285,2.8048952194935626,12
4,285,7.011067261828985,3.3545219369109764
5,285,5.817249685656934,6.552721653601087
6,285,0.7628001204558005,10.323114690697645
7,285,5.230103206733535,7.376097511899421
8,285,6.13024737189024,5.0985370504720535
9,285,0,12
10,285,11.654928481557953,2.8347049500174193
11,285,8.780741510580595,11.67666302218805
12,285,4.901607992230741,4.574171043836914
13,285,4.865233818308041,7.939946304410494
14,285,10.996019845978887,3.6412786045669665
15,285,7.109829057627463,4.644436439448692
16,285,0,2.27076864527781
17,285,6.09146459082801,3.733839952323492
18,285,9.10149535368523,2.9842601849372703
19,285,7.734345610316859,4.72776159995876
20,285,10.414183446791407,3.563891552936307
21,285,0,6.58292662691329
22,285,12,2.9514668677804137
23,285,0.9595247366620151,11.896227099572528
24,285,1.9392960261890753,8.83462903504962
25,285,5.56416624650859,4.161756316550061
26,285,1.557812417282945,5.70978283642556
27,285,10.97117515618107,8.33769373017676
28,285,5.9625943530919026,5.068261960193142
29,285,1.0571240724382622,0.692800933022777
0,290,3.8381677621861505,0
1,290,11.042168109701072,6.065388562299567
2,290,9.851773768763133,0.45225926437189146
3,290,2.7726910418706017,12
4,290,7.006394034442219,3.3601683553841366
5,290,5.819327373588857,6.564407549631226
6,290,0.7779827763982318,10.465577929252849
7,290,5.189963095168412,7.353053121305403
8,290,6.087726214722702,5.13892091735359
9,290,0,12
10,290,11.70995117108452,2.900446815208646
11,290,8.828854291417915,11.66718201522131
12,290,4.918311900578485,4.688947153025666
13,290,4.791899277460933,7.994805581219331
14,290,11.05499287037333,3.624835041827723
15,290,7.090577768865083,4.548906548197513
16,290,0,2.294299426371386
17,290,6.212910045118037,3.630436616273951
18,290,9.25174345566883,2.8942875065848663
19,290,7.628827668705889,4.555375698325425
20,290,10.409521041335578,3.4009729355933715
21,290,0,6.4895262049551405
22,290,12,2.971231841092042
23,290,1.0364176308309816,11.883664737569013
24,290,1.8503352120364986,8.82575823495417
25,290,5.5309228181318835,4.121701762747057
26,290,1.5194408650679458,5.555071483785916
27,290,10.97235800742416,8.336161375156808
28,290,5.918809600381067,5.095635261986856
29,290,1.0352147079740033,0.6566970229528649
0,295,3.8604206931190324,0
1,295,11.02483227769943,6.061618146498837
2,295,9.881252062291756,0.2885338363412874
3,295,2.744133713186301,12
4,295,7.029612579541263,3.3315488768690615
5,295,5.830724720319337,6.620874383311037
6,295,0.7927585719782475,10.61360115735352
7,295,5.168332565121407,7.341178517521273
8,295,6.054568238501594,5.1718723623534775
9,295,0,12
10,295,11.770097269204038,2.975297556185512
11,295,8.883924917150635,11.656700047695084
12,295,4.935649172412347,4.789120551331491
13,295,4.721085494353659,8.046916987239932
14,295,11.126506455943067,3.6045172865474053
15,295,7.0719045888579855,4.457213682861606
16,295,0,2.3176462426945696
17,295,6.337122080144094,3.5194610541712774
18,295,9.382957035796512,2.8159714186358316
19,295,7.531884089991641,4.388256489529973
20,295,10.40828160797152,3.221377081909035
21,295,0,6.3895138773946085
22,295,12,2.9910978058009237
23,295,1.1217398594642278,11.86983820264754
24,295,1.763888908537631,8.81441830784358
25,295,5.476565401189143,4.053466634478114
26,295,1.4782167722936754,5.393900267512083
27,295,10.961004151343344,8.35108765495025
28,295,5.8644439424359,5.131284374486337
29,295,1.008208585498867,0.6107150668355917
