0,0,7.002003134979721,1.9589629267139008,0.0,0.0,1.0,1.0,0.0,0.0
1,0,2.0333380057969843,12.0,0.0,0.0,0.0,0.0,1.0,1.0
2,0,9.020716160173269,6.973122565410269,0.0,1.0,0.0,0.0,1.0,0.0
3,0,0.0,0.0,0.0,0.0,1.0,0.0,1.0,0.0
4,0,12.0,9.026002455229992,0.0,0.0,0.0,0.0,0.0,0.0
5,0,10.052699332439676,0.0,0.0,1.0,0.0,1.0,0.0,0.0
6,0,11.042926360918187,8.987279567020082,0.0,0.0,0.0,0.0,0.0,1.0
7,0,7.995202940797066,12.0,1.0,1.0,1.0,0.0,1.0,0.0
8,0,1.0643784706739572,2.023472716913947,1.0,1.0,0.0,0.0,1.0,0.0
9,0,6.958980829389513,5.037024545081308,0.0,0.0,0.0,1.0,0.0,0.0
10,0,9.951770961163188,7.96605304021635,0.0,0.0,0.0,0.0,0.0,0.0
11,0,4.020113067811328,10.0208786181422,1.0,0.0,1.0,1.0,1.0,1.0
12,0,9.045152015871242,10.959744414556516,0.0,0.0,0.0,0.0,0.0,0.0
13,0,9.945025416197913,3.0052806502739475,0.0,0.0,0.0,0.0,0.0,0.0
14,0,6.0509108548673005,0.0314778613044505,0.0,0.0,0.0,1.0,0.0,0.0
15,0,5.037954370457489,8.026804778147374,0.0,1.0,0.0,0.0,1.0,1.0
16,0,0.0560916964427803,11.945093382425467,1.0,0.0,1.0,0.0,0.0,1.0
17,0,6.071261400911288,5.969677548651196,0.0,1.0,0.0,0.0,0.0,0.0
18,0,12.0,11.960130573000916,0.0,0.0,1.0,0.0,0.0,1.0
19,0,8.968426388451418,10.032271474556929,1.0,0.0,0.0,0.0,1.0,0.0
20,0,7.943076692550748,7.006254553984735,1.0,1.0,0.0,0.0,0.0,0.0
21,0,5.035178274413278,11.038891161529524,1.0,0.0,0.0,0.0,0.0,1.0
22,0,9.05862681804071,3.9980999052007697,1.0,0.0,0.0,0.0,1.0,1.0
23,0,0.0,9.984006806734389,0.0,0.0,0.0,1.0,1.0,1.0
24,0,2.959855611959157,8.998838932273,0.0,1.0,0.0,1.0,0.0,1.0
25,0,10.96596872171926,4.970493575161661,1.0,1.0,1.0,1.0,1.0,1.0
26,0,3.993814761705475,5.03831238891787,1.0,0.0,0.0,0.0,0.0,0.0
27,0,10.959283149497072,10.938675884958778,0.0,0.0,1.0,0.0,0.0,1.0
28,0,4.000861740884481,0.0,0.0,0.0,1.0,0.0,1.0,1.0
29,0,10.985081256601784,8.070272496765385,0.0,1.0,1.0,0.0,0.0,1.0
0,5,7.003506611348126,1.9217389698265688,0.0,0.0,1.0,1.0,0.0,0.0
1,5,2.0730352133055527,12.0,0.0,0.0,0.0,0.0,1.0,1.0
2,5,9.021957197492078,6.971494735370586,0.0,1.0,0.0,0.0,1.0,0.0
3,5,0.0,0.0,0.0,0.0,1.0,0.0,1.0,0.0
4,5,12.0,9.065401600273306,0.0,0.0,0.0,0.0,0.0,0.0
5,5,10.105775742665138,0.0,0.0,1.0,0.0,1.0,0.0,0.0
6,5,11.07967523527431,8.975813071315061,0.0,0.0,0.0,0.0,0.0,1.0
7,5,7.989288615199755,12.0,1.0,1.0,1.0,0.0,1.0,0.0
8,5,1.132055824205728,2.048845091569797,1.0,1.0,0.0,0.0,1.0,0.0
9,5,6.902734186464251,5.087830009261144,0.0,0.0,0.0,1.0,0.0,0.0
10,5,9.890231467677216,7.92397584727317,0.0,0.0,0.0,0.0,0.0,0.0
11,5,4.036068415128083,10.0368468159223,1.0,0.0,1.0,1.0,1.0,1.0
12,5,9.096544708394232,10.91404241267827,0.0,0.0,0.0,0.0,0.0,0.0
13,5,9.86938271045748,3.011880841322254,0.0,0.0,0.0,0.0,0.0,0.0
14,5,6.088738183293516,0.0545191684750877,0.0,0.0,0.0,1.0,0.0,0.0
15,5,5.070068405537477,8.04941786929426,0.0,1.0,0.0,0.0,1.0,1.0
16,5,0.1218924205327229,11.8827866750191,1.0,0.0,1.0,0.0,0.0,1.0
17,5,6.149607435929121,5.935988848677402,0.0,1.0,0.0,0.0,0.0,0.0
18,5,12.0,11.936951896488916,0.0,0.0,1.0,0.0,0.0,1.0
19,5,8.935340205865351,10.065615593741876,1.0,0.0,0.0,0.0,1.0,0.0
20,5,7.8735928234680355,7.013761902307931,1.0,1.0,0.0,0.0,0.0,0.0
21,5,5.07702341561756,11.083063155862876,1.0,0.0,0.0,0.0,0.0,1.0
22,5,9.130846368384104,3.9971903329913103,1.0,0.0,0.0,0.0,1.0,1.0
23,5,0.0,9.966992678514012,0.0,0.0,0.0,1.0,1.0,1.0
24,5,2.918292686800025,8.997622130043156,0.0,1.0,0.0,1.0,0.0,1.0
25,5,10.927845612927843,4.940386487298153,1.0,1.0,1.0,1.0,1.0,1.0
26,5,3.988913666159916,5.064448921766549,1.0,0.0,0.0,0.0,0.0,0.0
27,5,10.91140296102297,10.867221748689994,0.0,0.0,1.0,0.0,0.0,1.0
28,5,4.001663718201439,0.0,0.0,0.0,1.0,0.0,1.0,1.0
29,5,10.968806547850695,8.14178906465514,0.0,1.0,1.0,0.0,0.0,1.0
0,10,7.005269479361636,1.889784542266563,0.0,0.0,1.0,1.0,0.0,0.0
1,10,2.1041501382145293,12.0,0.0,0.0,0.0,0.0,1.0,1.0
2,10,9.005700000597951,6.993732421288632,0.0,1.0,0.0,0.0,1.0,0.0
3,10,0.0,0.0,0.0,0.0,1.0,0.0,1.0,0.0
4,10,12.0,9.097528202851034,0.0,0.0,0.0,0.0,0.0,0.0
5,10,10.150441239856718,0.0,0.0,1.0,0.0,1.0,0.0,0.0
6,10,11.092221046747788,8.97219619285802,0.0,0.0,0.0,0.0,0.0,1.0
7,10,7.9830696124450835,12.0,1.0,1.0,1.0,0.0,1.0,0.0
8,10,1.1901354507382598,2.070222947501319,1.0,1.0,0.0,0.0,1.0,0.0
9,10,6.818604315424466,5.161214318298772,0.0,0.0,0.0,1.0,0.0,0.0
10,10,9.825221551551614,7.878564820384652,0.0,0.0,0.0,0.0,0.0,0.0
11,10,4.044186722020832,10.045283599921778,1.0,0.0,1.0,1.0,1.0,1.0
12,10,9.163209954586362,10.856707814837907,0.0,0.0,0.0,0.0,0.0,0.0
13,10,9.786799822242806,3.0191216450024743,0.0,0.0,0.0,0.0,0.0,0.0
14,10,6.124969454149633,0.0775609188285643,0.0,0.0,0.0,1.0,0.0,0.0
15,10,5.1058901502871965,8.074169370761329,0.0,1.0,0.0,0.0,1.0,1.0
16,10,0.1753950999840659,11.83309286650149,1.0,0.0,1.0,0.0,0.0,1.0
17,10,6.230302387832149,5.900299646157207,0.0,1.0,0.0,0.0,0.0,0.0
18,10,12.0,11.912858582129337,0.0,0.0,1.0,0.0,0.0,1.0
19,10,8.897677976995064,10.103795477073463,1.0,0.0,0.0,0.0,1.0,0.0
20,10,7.808293220738702,7.020205194783149,1.0,1.0,0.0,0.0,0.0,0.0
21,10,5.1117819994222735,11.11833385794555,1.0,0.0,0.0,0.0,0.0,1.0
22,10,9.23081986937078,3.995983471759926,1.0,0.0,0.0,0.0,1.0,1.0
23,10,0.0,9.948932998214849,0.0,0.0,0.0,1.0,1.0,1.0
24,10,2.899267948972013,8.997249426169876,0.0,1.0,0.0,1.0,0.0,1.0
25,10,10.868295701249652,4.890412698266655,1.0,1.0,1.0,1.0,1.0,1.0
26,10,3.9811295450090025,5.1097099925022,1.0,0.0,0.0,0.0,0.0,0.0
27,10,10.862341899019516,10.7969786746864,0.0,0.0,1.0,0.0,0.0,1.0
28,10,4.002320340521366,0.0,0.0,0.0,1.0,0.0,1.0,1.0
29,10,10.95819174693078,8.187880118258995,0.0,1.0,1.0,0.0,0.0,1.0
0,15,7.006828325535497,1.86289618150059,0.0,0.0,1.0,1.0,0.0,0.0
1,15,2.134548657016612,12.0,0.0,0.0,0.0,0.0,1.0,1.0
2,15,8.980666323750572,7.025846424913796,0.0,1.0,0.0,0.0,1.0,0.0
3,15,0.0,0.0,0.0,0.0,1.0,0.0,1.0,0.0
4,15,12.0,9.123232016956074,0.0,0.0,0.0,0.0,0.0,0.0
5,15,10.192739661974224,0.0,0.0,1.0,0.0,1.0,0.0,0.0
6,15,11.099072953664242,8.970377275204902,0.0,0.0,0.0,0.0,0.0,1.0
7,15,7.978817340216516,12.0,1.0,1.0,1.0,0.0,1.0,0.0
8,15,1.2267053747633845,2.084677106788995,1.0,1.0,0.0,0.0,1.0,0.0
9,15,6.719874202957313,5.243980078685014,0.0,0.0,0.0,1.0,0.0,0.0
10,15,9.782058062066838,7.850000423294468,0.0,0.0,0.0,0.0,0.0,0.0
11,15,4.049576851689428,10.050770686636852,1.0,0.0,1.0,1.0,1.0,1.0
12,15,9.238650132239066,10.78744537467466,0.0,0.0,0.0,0.0,0.0,0.0
13,15,9.710448418773142,3.027916259626912,0.0,0.0,0.0,0.0,0.0,0.0
14,15,6.168595358013489,0.106101459859896,0.0,0.0,0.0,1.0,0.0,0.0
15,15,5.146078048933276,8.101256223179615,0.0,1.0,0.0,0.0,1.0,1.0
16,15,0.2261412064476635,11.785541749184704,1.0,0.0,1.0,0.0,0.0,1.0
17,15,6.299548668150668,5.870512704081489,0.0,1.0,0.0,0.0,0.0,0.0
18,15,12.0,11.90936082150361,0.0,0.0,1.0,0.0,0.0,1.0
19,15,8.849494877809086,10.15397306618383,1.0,0.0,0.0,0.0,1.0,0.0
20,15,7.741518955263189,7.0261249921007645,1.0,1.0,0.0,0.0,0.0,0.0
21,15,5.150058780718168,11.159488019824842,1.0,0.0,0.0,0.0,0.0,1.0
22,15,9.353711507818446,3.998952397210227,1.0,0.0,0.0,0.0,1.0,1.0
23,15,0.0,9.931247324280369,0.0,0.0,0.0,1.0,1.0,1.0
24,15,2.849229864962883,8.997726756266191,0.0,1.0,0.0,1.0,0.0,1.0
25,15,10.79793653380706,4.830053214679844,1.0,1.0,1.0,1.0,1.0,1.0
26,15,3.973211247922893,5.148940128742605,1.0,0.0,0.0,0.0,0.0,0.0
27,15,10.819863135813662,10.740452365215312,0.0,0.0,1.0,0.0,0.0,1.0
28,15,4.003213469587581,0.0,0.0,0.0,1.0,0.0,1.0,1.0
29,15,10.944060350916066,8.249638736018658,0.0,1.0,1.0,0.0,0.0,1.0
0,20,7.008108280645545,1.8357732624830767,0.0,0.0,1.0,1.0,0.0,0.0
1,20,2.144855313350756,12.0,0.0,0.0,0.0,0.0,1.0,1.0
2,20,8.952143740946665,7.063312907645456,0.0,1.0,0.0,0.0,1.0,0.0
3,20,0.0624043888328909,0.0,0.0,0.0,1.0,0.0,1.0,0.0
4,20,12.0,9.1471982743602,0.0,0.0,0.0,0.0,0.0,0.0
5,20,10.231373548371783,0.0,0.0,1.0,0.0,1.0,0.0,0.0
6,20,11.07885353256902,8.976031674671203,0.0,0.0,0.0,0.0,0.0,1.0
7,20,7.975514328251941,12.0,1.0,1.0,1.0,0.0,1.0,0.0
8,20,1.2671197160305951,2.1004709729008915,1.0,1.0,0.0,0.0,1.0,0.0
9,20,6.62789866075601,5.321687254397983,0.0,0.0,0.0,1.0,0.0,0.0
10,20,9.74590759521581,7.824152148325057,0.0,0.0,0.0,0.0,0.0,0.0
11,20,4.051522256634838,10.05271079739691,1.0,0.0,1.0,1.0,1.0,1.0
12,20,9.32256442323875,10.705413982305664,0.0,0.0,0.0,0.0,0.0,0.0
13,20,9.642087519957895,3.035476661931382,0.0,0.0,0.0,0.0,0.0,0.0
14,20,6.205136496034331,0.1326055161597628,0.0,0.0,0.0,1.0,0.0,0.0
15,20,5.170976133240252,8.118841273386801,0.0,1.0,0.0,0.0,1.0,1.0
16,20,0.2548299198979717,11.75772502635608,1.0,0.0,1.0,0.0,0.0,1.0
17,20,6.362518645017148,5.842171101132824,0.0,1.0,0.0,0.0,0.0,0.0
18,20,12.0,11.887630610013254,0.0,0.0,1.0,0.0,0.0,1.0
19,20,8.797134015808613,10.10134139680406,1.0,0.0,0.0,0.0,1.0,0.0
20,20,7.66284500435531,7.035728679439749,1.0,1.0,0.0,0.0,0.0,0.0
21,20,5.202554751638743,11.2160203110927,1.0,0.0,0.0,0.0,0.0,1.0
22,20,9.478878524828152,4.004127455491271,1.0,0.0,0.0,0.0,1.0,1.0
23,20,0.0,9.914147267256563,0.0,0.0,0.0,1.0,1.0,1.0
24,20,2.778104123633214,8.998631018537077,0.0,1.0,0.0,1.0,0.0,1.0
25,20,10.7278465850813,4.770709781848135,1.0,1.0,1.0,1.0,1.0,1.0
26,20,3.961761074441142,5.204489410996015,1.0,0.0,0.0,0.0,0.0,0.0
27,20,10.79144829863871,10.70238046148019,0.0,0.0,1.0,0.0,0.0,1.0
28,20,4.004039136580899,0.0,0.0,0.0,1.0,0.0,1.0,1.0
29,20,10.93060236623007,8.314678196038427,0.0,1.0,1.0,0.0,0.0,1.0
0,25,7.008892292186321,1.81143859378885,0.0,0.0,1.0,1.0,0.0,0.0
1,25,2.152476768821583,12.0,0.0,0.0,0.0,0.0,1.0,1.0
2,25,8.911525049362567,7.115002322031883,0.0,1.0,0.0,0.0,1.0,0.0
3,25,0.1309309758085919,0.0,0.0,0.0,1.0,0.0,1.0,0.0
4,25,12.0,9.173274404991693,0.0,0.0,0.0,0.0,0.0,0.0
5,25,10.272403817460347,0.0,0.0,1.0,0.0,1.0,0.0,0.0
6,25,11.062415406524444,8.980498488521912,0.0,0.0,0.0,0.0,0.0,1.0
7,25,7.972087107789438,12.0,1.0,1.0,1.0,0.0,1.0,0.0
8,25,1.336934697802194,2.128809054419402,1.0,1.0,0.0,0.0,1.0,0.0
9,25,6.549366716144114,5.391354638100099,0.0,0.0,0.0,1.0,0.0,0.0
10,25,9.724274381256784,7.808735083806183,0.0,0.0,0.0,0.0,0.0,0.0
11,25,4.038511820852417,10.039349719839691,1.0,0.0,1.0,1.0,1.0,1.0
12,25,9.410078168546644,10.615631048718766,0.0,0.0,0.0,0.0,0.0,0.0
13,25,9.570915607128937,3.0437063701423885,0.0,0.0,0.0,0.0,0.0,0.0
14,25,6.249474965434152,0.1648835839614679,0.0,0.0,0.0,1.0,0.0,0.0
15,25,5.2100860739896,8.147742704779319,0.0,1.0,0.0,0.0,1.0,1.0
16,25,0.2756977990101515,11.738527756207116,1.0,0.0,1.0,0.0,0.0,1.0
17,25,6.43659496471568,5.810066330862865,0.0,1.0,0.0,0.0,0.0,0.0
18,25,12.0,11.872569007136608,0.0,0.0,1.0,0.0,0.0,1.0
19,25,8.74665456464471,10.051380976381012,1.0,0.0,0.0,0.0,1.0,0.0
20,25,7.570795178104972,7.047779249106074,1.0,1.0,0.0,0.0,0.0,0.0
21,25,5.25077888621783,11.26752697464052,1.0,0.0,0.0,0.0,0.0,1.0
22,25,9.602608205153196,4.007420386092577,1.0,0.0,0.0,0.0,1.0,1.0
23,25,0.0,9.891771984558464,0.0,0.0,0.0,1.0,1.0,1.0
24,25,2.689363552909991,8.999812026028447,0.0,1.0,0.0,1.0,0.0,1.0
25,25,10.64254910817659,4.6985457870225975,1.0,1.0,1.0,1.0,1.0,1.0
26,25,3.949966312234796,5.266443188386705,1.0,0.0,0.0,0.0,0.0,0.0
27,25,10.766938355879567,10.671673888589917,0.0,0.0,1.0,0.0,0.0,1.0
28,25,4.004350933363519,0.0,0.0,0.0,1.0,0.0,1.0,1.0
29,25,10.92282081478162,8.3544102177045,0.0,1.0,1.0,0.0,0.0,1.0
0,30,7.010903030444795,1.7747570158483017,0.0,0.0,1.0,1.0,0.0,0.0
1,30,2.1619104840659493,12.0,0.0,0.0,0.0,0.0,1.0,1.0
2,30,8.861196033604475,7.177541461603152,0.0,1.0,0.0,0.0,1.0,0.0
3,30,0.200554575443586,0.0,0.0,0.0,1.0,0.0,1.0,0.0
4,30,12.0,9.183902121844175,0.0,0.0,0.0,0.0,0.0,0.0
5,30,10.293424009600145,0.0,0.0,1.0,0.0,1.0,0.0,0.0
6,30,11.040677538412549,8.985944007112478,0.0,0.0,0.0,0.0,0.0,1.0
7,30,7.968576017306364,12.0,1.0,1.0,1.0,0.0,1.0,0.0
8,30,1.4007105788917709,2.155987677531917,1.0,1.0,0.0,0.0,1.0,0.0
9,30,6.445546765944004,5.483632801043667,0.0,0.0,0.0,1.0,0.0,0.0
10,30,9.69550144628399,7.788851267478995,0.0,0.0,0.0,0.0,0.0,0.0
11,30,4.033020197713224,10.033860244250636,1.0,0.0,1.0,1.0,1.0,1.0
12,30,9.49273042982624,10.530306935427324,0.0,0.0,0.0,0.0,0.0,0.0
13,30,9.497736992630092,3.0513950799219027,0.0,0.0,0.0,0.0,0.0,0.0
14,30,6.300040994519166,0.2017358953269143,0.0,0.0,0.0,1.0,0.0,0.0
15,30,5.260469678445646,8.186337515965377,0.0,1.0,0.0,0.0,1.0,1.0
16,30,0.3045405946127402,11.712995115562723,1.0,0.0,1.0,0.0,0.0,1.0
17,30,6.498634075522712,5.784418414844938,0.0,1.0,0.0,0.0,0.0,0.0
18,30,11.99926991188782,11.877936164295596,0.0,0.0,1.0,0.0,0.0,1.0
19,30,8.689442915104404,9.99451110294386,1.0,0.0,0.0,0.0,1.0,0.0
20,30,7.463634367614513,7.061703644498468,1.0,1.0,0.0,0.0,0.0,0.0
21,30,5.297017012473718,11.318077689770416,1.0,0.0,0.0,0.0,0.0,1.0
22,30,9.70305678562504,4.010082294543067,1.0,0.0,0.0,0.0,1.0,1.0
23,30,0.0,9.871371080615225,0.0,0.0,0.0,1.0,1.0,1.0
24,30,2.5899850163792197,9.002409733730287,0.0,1.0,0.0,1.0,0.0,1.0
25,30,10.536326300363,4.603786063807626,1.0,1.0,1.0,1.0,1.0,1.0
26,30,3.939490240106031,5.321568151548118,1.0,0.0,0.0,0.0,0.0,0.0
27,30,10.726989653307609,10.621614449007074,0.0,0.0,1.0,0.0,0.0,1.0
28,30,4.005039969943501,0.0,0.0,0.0,1.0,0.0,1.0,1.0
29,30,10.91686276078122,8.384903827688822,0.0,1.0,1.0,0.0,0.0,1.0
0,35,7.012641104279427,1.7280103484164355,0.0,0.0,1.0,1.0,0.0,0.0
1,35,2.156918998013481,11.994135753149044,0.0,0.0,0.0,0.0,1.0,1.0
2,35,8.803129921398194,7.253436984095546,0.0,1.0,0.0,0.0,1.0,0.0
3,35,0.2580896262915202,0.0,0.0,0.0,1.0,0.0,1.0,0.0
4,35,11.990424632966551,9.173427642595342,0.0,0.0,0.0,0.0,0.0,0.0
5,35,10.323251511179071,0.0,0.0,1.0,0.0,1.0,0.0,0.0
6,35,11.015497434877016,8.992638273911217,0.0,0.0,0.0,0.0,0.0,1.0
7,35,7.964469965119251,12.0,1.0,1.0,1.0,0.0,1.0,0.0
8,35,1.4776410644418925,2.185647794702579,1.0,1.0,0.0,0.0,1.0,0.0
9,35,6.336633798419489,5.581825654637459,0.0,0.0,0.0,1.0,0.0,0.0
10,35,9.65342856403756,7.758873511709897,0.0,0.0,0.0,0.0,0.0,0.0
11,35,4.010778028034201,10.012108187428026,1.0,0.0,1.0,1.0,1.0,1.0
12,35,9.570865108525432,10.444318294044294,0.0,0.0,0.0,0.0,0.0,0.0
13,35,9.413589603327615,3.059066200400804,0.0,0.0,0.0,0.0,0.0,0.0
14,35,6.330690334711633,0.2247747582211186,0.0,0.0,0.0,1.0,0.0,0.0
15,35,5.292081823128924,8.210049212950258,0.0,1.0,0.0,0.0,1.0,1.0
16,35,0.3337033170289172,11.687772920008754,1.0,0.0,1.0,0.0,0.0,1.0
17,35,6.574856997363114,5.751548298200219,0.0,1.0,0.0,0.0,0.0,0.0
18,35,11.998014822028232,11.886508199455973,0.0,0.0,1.0,0.0,0.0,1.0
19,35,8.633699320535733,9.941172069776792,1.0,0.0,0.0,0.0,1.0,0.0
20,35,7.349289075574005,7.076720360865988,1.0,1.0,0.0,0.0,0.0,0.0
21,35,5.350427678571583,11.375524112379138,1.0,0.0,0.0,0.0,0.0,1.0
22,35,9.83046386320808,4.015442379712864,1.0,0.0,0.0,0.0,1.0,1.0
23,35,0.0,9.848884377967874,0.0,0.0,0.0,1.0,1.0,1.0
24,35,2.486578346245285,9.003241046653745,0.0,1.0,0.0,1.0,0.0,1.0
25,35,10.426331596864037,4.502573430292428,1.0,1.0,1.0,1.0,1.0,1.0
26,35,3.932353986063326,5.3621726796897535,1.0,0.0,0.0,0.0,0.0,0.0
27,35,10.704905285580905,10.593452909275738,0.0,0.0,1.0,0.0,0.0,1.0
28,35,4.005554253543782,0.0,0.0,0.0,1.0,0.0,1.0,1.0
29,35,10.912645878835908,8.406615514769207,0.0,1.0,1.0,0.0,0.0,1.0
0,40,7.0140142895913495,1.6957533751260776,0.0,0.0,1.0,1.0,0.0,0.0
1,40,2.1483008888948887,11.98414849136265,0.0,0.0,0.0,0.0,1.0,1.0
2,40,8.749298024754037,7.325867997310975,0.0,1.0,0.0,0.0,1.0,0.0
3,40,0.3408965513630355,0.0,0.0,0.0,1.0,0.0,1.0,0.0
4,40,11.98586256076719,9.168527020544554,0.0,0.0,0.0,0.0,0.0,0.0
5,40,10.355034871688485,0.0,0.0,1.0,0.0,1.0,0.0,0.0
6,40,10.981876714243104,9.001562472015321,0.0,0.0,0.0,0.0,0.0,1.0
7,40,7.96124517135604,12.0,1.0,1.0,1.0,0.0,1.0,0.0
8,40,1.55667654435341,2.2133627201170394,1.0,1.0,0.0,0.0,1.0,0.0
9,40,6.214361813066122,5.692073484996949,0.0,0.0,0.0,1.0,0.0,0.0
10,40,9.596082098621064,7.719473345250973,0.0,0.0,0.0,0.0,0.0,0.0
11,40,3.986730699471794,9.991077847708643,1.0,0.0,1.0,1.0,1.0,1.0
12,40,9.643526398819924,10.368197250846816,0.0,0.0,0.0,0.0,0.0,0.0
13,40,9.32088555164228,3.068899093890168,0.0,0.0,0.0,0.0,0.0,0.0
14,40,6.370456146169777,0.2550491257108407,0.0,0.0,0.0,1.0,0.0,0.0
15,40,5.329097790438055,8.239565247848917,0.0,1.0,0.0,0.0,1.0,1.0
16,40,0.3513209721219669,11.672513212204144,1.0,0.0,1.0,0.0,0.0,1.0
17,40,6.650540293702099,5.717385359151447,0.0,1.0,0.0,0.0,0.0,0.0
18,40,11.993556636948798,11.919325967790211,0.0,0.0,1.0,0.0,0.0,1.0
19,40,8.568447054517089,9.879310712444966,1.0,0.0,0.0,0.0,1.0,0.0
20,40,7.240009711470076,7.092516860356678,1.0,1.0,0.0,0.0,0.0,0.0
21,40,5.390542895354493,11.4173137702603,1.0,0.0,0.0,0.0,0.0,1.0
22,40,9.965366221481538,4.020558068716601,1.0,0.0,0.0,0.0,1.0,1.0
23,40,0.0,9.82975056091114,0.0,0.0,0.0,1.0,1.0,1.0
24,40,2.372187525577044,9.005155325986342,0.0,1.0,0.0,1.0,0.0,1.0
25,40,10.328840101773434,4.407016343454078,1.0,1.0,1.0,1.0,1.0,1.0
26,40,3.927687720403712,5.389928414492646,1.0,0.0,0.0,0.0,0.0,0.0
27,40,10.689928114837478,10.574795338948526,0.0,0.0,1.0,0.0,0.0,1.0
28,40,4.006358160630658,0.0,0.0,0.0,1.0,0.0,1.0,1.0
29,40,10.90978528027615,8.422572281119692,0.0,1.0,1.0,0.0,0.0,1.0
0,45,7.015010195948057,1.6813392174242252,0.0,0.0,1.0,1.0,0.0,0.0
1,45,2.140834913304653,11.975447641276602,0.0,0.0,0.0,0.0,1.0,1.0
2,45,8.70814728048722,7.381717328470737,0.0,1.0,0.0,0.0,1.0,0.0
3,45,0.4394150700258806,0.0,0.0,0.0,1.0,0.0,1.0,0.0
4,45,11.981430822175836,9.16370950767572,0.0,0.0,0.0,0.0,0.0,0.0
5,45,10.392866665694214,0.0,0.0,1.0,0.0,1.0,0.0,0.0
6,45,10.943649574112454,9.011050826472683,0.0,0.0,0.0,0.0,0.0,1.0
7,45,7.9564894307987855,12.0,1.0,1.0,1.0,0.0,1.0,0.0
8,45,1.6486953349761475,2.2458533522245787,1.0,1.0,0.0,0.0,1.0,0.0
9,45,6.076279451517571,5.81214580273954,0.0,0.0,0.0,1.0,0.0,0.0
10,45,9.542988273033316,7.683104734187437,0.0,0.0,0.0,0.0,0.0,0.0
11,45,3.9784952598491263,9.9836615458283,1.0,0.0,1.0,1.0,1.0,1.0
12,45,9.724622385868235,10.285419931451289,0.0,0.0,0.0,0.0,0.0,0.0
13,45,9.193309871712447,3.084370058458659,0.0,0.0,0.0,0.0,0.0,0.0
14,45,6.423145939217523,0.2972595776774502,0.0,0.0,0.0,1.0,0.0,0.0
15,45,5.384807101344493,8.283972683045935,0.0,1.0,0.0,0.0,1.0,1.0
16,45,0.3681468888931098,11.657615340722232,1.0,0.0,1.0,0.0,0.0,1.0
17,45,6.721196225245271,5.684351423589145,0.0,1.0,0.0,0.0,0.0,0.0
18,45,11.988125578995357,11.9570010936514,0.0,0.0,1.0,0.0,0.0,1.0
19,45,8.517454988426572,9.83237119257142,1.0,0.0,0.0,0.0,1.0,0.0
20,45,7.1162238111130645,7.108817084936109,1.0,1.0,0.0,0.0,0.0,0.0
21,45,5.452622668441366,11.475817910891978,1.0,0.0,0.0,0.0,0.0,1.0
22,45,10.098449628013212,4.022335775691095,1.0,0.0,0.0,0.0,1.0,1.0
23,45,0.0,9.814475632946072,0.0,0.0,0.0,1.0,1.0,1.0
24,45,2.269973572939872,9.004527383280179,0.0,1.0,0.0,1.0,0.0,1.0
25,45,10.21935871761052,4.303178693292617,1.0,1.0,1.0,1.0,1.0,1.0
26,45,3.924079766436953,5.411530212777499,1.0,0.0,0.0,0.0,0.0,0.0
27,45,10.690708882364447,10.57576630225069,0.0,0.0,1.0,0.0,0.0,1.0
28,45,4.008106784196721,0.0,0.0,0.0,1.0,0.0,1.0,1.0
29,45,10.938420234246108,8.428355649154769,0.0,1.0,1.0,0.0,0.0,1.0
0,50,7.016280582364413,1.6633567123915682,0.0,0.0,1.0,1.0,0.0,0.0
1,50,2.1359678915145666,11.969809397547763,0.0,0.0,0.0,0.0,1.0,1.0
2,50,8.67177162910733,7.43153002700275,0.0,1.0,0.0,0.0,1.0,0.0
3,50,0.5367389897849629,0.0,0.0,0.0,1.0,0.0,1.0,0.0
4,50,11.981227408408248,9.163482186621067,0.0,0.0,0.0,0.0,0.0,0.0
5,50,10.423337987639531,0.0,0.0,1.0,0.0,1.0,0.0,0.0
6,50,10.908364014379464,9.01978110635432,0.0,0.0,0.0,0.0,0.0,1.0
7,50,7.953783101647115,12.0,1.0,1.0,1.0,0.0,1.0,0.0
8,50,1.7548936599514415,2.2837403435872403,1.0,1.0,0.0,0.0,1.0,0.0
9,50,5.945794976724521,5.925439548258117,0.0,0.0,0.0,1.0,0.0,0.0
10,50,9.48727848531968,7.645264795914759,0.0,0.0,0.0,0.0,0.0,0.0
11,50,3.968943221464019,9.97486231994416,1.0,0.0,1.0,1.0,1.0,1.0
12,50,9.806041934569212,10.19975016415344,0.0,0.0,0.0,0.0,0.0,0.0
13,50,9.064754139601876,3.099889401968601,0.0,0.0,0.0,0.0,0.0,0.0
14,50,6.474709033810209,0.3398959386227835,0.0,0.0,0.0,1.0,0.0,0.0
15,50,5.450932760391016,8.335009631209907,0.0,1.0,0.0,0.0,1.0,1.0
16,50,0.3701186753051099,11.655841968404289,1.0,0.0,1.0,0.0,0.0,1.0
17,50,6.810850360950976,5.646065869007431,0.0,1.0,0.0,0.0,0.0,0.0
18,50,11.98297399214519,11.986293718488437,0.0,0.0,1.0,0.0,0.0,1.0
19,50,8.472965822063907,9.790897373931369,1.0,0.0,0.0,0.0,1.0,0.0
20,50,7.002757892147146,7.123433980450351,1.0,1.0,0.0,0.0,0.0,0.0
21,50,5.518145582891051,11.5353329007636,1.0,0.0,0.0,0.0,0.0,1.0
22,50,10.24284602952143,4.025670336890182,1.0,0.0,0.0,0.0,1.0,1.0
23,50,0.0,9.79759422638348,0.0,0.0,0.0,1.0,1.0,1.0
24,50,2.180884884737582,9.006311614991185,0.0,1.0,0.0,1.0,0.0,1.0
25,50,10.10724127234156,4.197891566920675,1.0,1.0,1.0,1.0,1.0,1.0
26,50,3.919299591571346,5.438000637107781,1.0,0.0,0.0,0.0,0.0,0.0
27,50,10.698125523293376,10.584780470814517,0.0,0.0,1.0,0.0,0.0,1.0
28,50,4.01042056427408,0.0,0.0,0.0,1.0,0.0,1.0,1.0
29,50,10.98224750050893,8.436247619528574,0.0,1.0,1.0,0.0,0.0,1.0
0,55,7.017191632890692,1.6492431997058723,0.0,0.0,1.0,1.0,0.0,0.0
1,55,2.118470018115634,11.950428548171644,0.0,0.0,0.0,0.0,1.0,1.0
2,55,8.639393495441535,7.479425735201141,0.0,1.0,0.0,0.0,1.0,0.0
3,55,0.6213637575234005,0.0,0.0,0.0,1.0,0.0,1.0,0.0
4,55,11.989306933933593,9.172556545269366,0.0,0.0,0.0,0.0,0.0,0.0
5,55,10.444394029359412,0.0,0.0,1.0,0.0,1.0,0.0,0.0
6,55,10.874417841309748,9.027304695908132,0.0,0.0,0.0,0.0,0.0,1.0
7,55,7.949571250760496,12.0,1.0,1.0,1.0,0.0,1.0,0.0
8,55,1.855172803655347,2.320537447357084,1.0,1.0,0.0,0.0,1.0,0.0
9,55,5.807670769106926,6.045649192504994,0.0,0.0,0.0,1.0,0.0,0.0
10,55,9.435919934645424,7.608244283571605,0.0,0.0,0.0,0.0,0.0,0.0
11,55,3.964237810580741,9.970392451954062,1.0,0.0,1.0,1.0,1.0,1.0
12,55,9.912537585218749,10.089847740628615,0.0,0.0,0.0,0.0,0.0,0.0
13,55,8.92713463548731,3.117277677078569,0.0,0.0,0.0,0.0,0.0,0.0
14,55,6.533791930737136,0.3880895393082406,0.0,0.0,0.0,1.0,0.0,0.0
15,55,5.499380055935583,8.37344124127775,0.0,1.0,0.0,0.0,1.0,1.0
16,55,0.3703840619520491,11.65560138863368,1.0,0.0,1.0,0.0,0.0,1.0
17,55,6.906402527914261,5.604292837360939,0.0,1.0,0.0,0.0,0.0,0.0
18,55,11.978996893863624,12.0,0.0,0.0,1.0,0.0,0.0,1.0
19,55,8.420688433496547,9.740542997769614,1.0,0.0,0.0,0.0,1.0,0.0
20,55,6.891508395130363,7.136629441746716,1.0,1.0,0.0,0.0,0.0,0.0
21,55,5.570306518920392,11.58233986177042,1.0,0.0,0.0,0.0,0.0,1.0
22,55,10.418312646228427,4.031033978690656,1.0,0.0,0.0,0.0,1.0,1.0
23,55,0.0,9.77862107538551,0.0,0.0,0.0,1.0,1.0,1.0
24,55,2.1071638167604685,9.006335282734803,0.0,1.0,0.0,1.0,0.0,1.0
25,55,10.0004212347377,4.093222016031638,1.0,1.0,1.0,1.0,1.0,1.0
26,55,3.9163398804852942,5.46168462130106,1.0,0.0,0.0,0.0,0.0,0.0
27,55,10.696281197763716,10.582472588740924,0.0,0.0,1.0,0.0,0.0,1.0
28,55,4.011278454681805,0.0,0.0,0.0,1.0,0.0,1.0,1.0
29,55,11.057496465258328,8.448639197622686,0.0,1.0,1.0,0.0,0.0,1.0
0,60,7.017097896486363,1.6522391709105502,0.0,0.0,1.0,1.0,0.0,0.0
1,60,2.1004777477041765,11.930262988858166,0.0,0.0,0.0,0.0,1.0,1.0
2,60,8.613787954186892,7.518301266818557,0.0,1.0,0.0,0.0,1.0,0.0
3,60,0.7115885641511422,0.0,0.0,0.0,1.0,0.0,1.0,0.0
4,60,12.0,9.19391491474724,0.0,0.0,0.0,0.0,0.0,0.0
5,60,10.475564255111731,0.0,0.0,1.0,0.0,1.0,0.0,0.0
6,60,10.858165057103664,9.030776736452296,0.0,0.0,0.0,0.0,0.0,1.0
7,60,7.943451449086431,12.0,1.0,1.0,1.0,0.0,1.0,0.0
8,60,1.9495854586485972,2.3550685470198545,1.0,1.0,0.0,0.0,1.0,0.0
9,60,5.672525703570666,6.154167817968863,0.0,0.0,0.0,1.0,0.0,0.0
10,60,9.392604912002778,7.576371046677933,0.0,0.0,0.0,0.0,0.0,0.0
11,60,3.973969604316984,9.979307478847216,1.0,0.0,1.0,1.0,1.0,1.0
12,60,10.013902210980495,9.9875747444997,0.0,0.0,0.0,0.0,0.0,0.0
13,60,8.79095527510111,3.127105052969722,0.0,0.0,0.0,0.0,0.0,0.0
14,60,6.575950823322296,0.4235539863813603,0.0,0.0,0.0,1.0,0.0,0.0
15,60,5.541416239973996,8.406667649623506,0.0,1.0,0.0,0.0,1.0,1.0
16,60,0.3587423844786022,11.66649899674286,1.0,0.0,1.0,0.0,0.0,1.0
17,60,7.0035393336569705,5.561787768459065,0.0,1.0,0.0,0.0,0.0,0.0
18,60,11.974878812654213,12.0,0.0,0.0,1.0,0.0,0.0,1.0
19,60,8.368198573816967,9.692198901530364,1.0,0.0,0.0,0.0,1.0,0.0
20,60,6.780483367239562,7.15094562193674,1.0,1.0,0.0,0.0,0.0,0.0
21,60,5.624845927355604,11.6308845425391,1.0,0.0,0.0,0.0,0.0,1.0
22,60,10.598629423794035,4.03686392779674,1.0,0.0,0.0,0.0,1.0,1.0
23,60,0.0,9.759903887774716,0.0,0.0,0.0,1.0,1.0,1.0
24,60,2.037307500898591,9.006533264446542,0.0,1.0,0.0,1.0,0.0,1.0
25,60,9.889685609699807,3.984726644140693,1.0,1.0,1.0,1.0,1.0,1.0
26,60,3.913008616072773,5.490033958288815,1.0,0.0,0.0,0.0,0.0,0.0
27,60,10.695956414033136,10.58205773892688,0.0,0.0,1.0,0.0,0.0,1.0
28,60,4.0122214889363645,0.0,0.0,0.0,1.0,0.0,1.0,1.0
29,60,11.119865782689969,8.457596873194838,0.0,1.0,1.0,0.0,0.0,1.0
0,65,7.01593367078904,1.6744300594134645,0.0,0.0,1.0,1.0,0.0,0.0
1,65,2.081722994392392,11.9093237438726,0.0,0.0,0.0,0.0,1.0,1.0
2,65,8.586125907557768,7.560492034965833,0.0,1.0,0.0,0.0,1.0,0.0
3,65,0.7852713517181382,0.0,0.0,0.0,1.0,0.0,1.0,0.0
4,65,12.0,9.215454623115823,0.0,0.0,0.0,0.0,0.0,0.0
5,65,10.487946512179638,0.0,0.0,1.0,0.0,1.0,0.0,0.0
6,65,10.83813977185808,9.03533087632671,0.0,0.0,0.0,0.0,0.0,1.0
7,65,7.93692820301571,12.0,1.0,1.0,1.0,0.0,1.0,0.0
8,65,2.054206908159289,2.389414821779164,1.0,1.0,0.0,0.0,1.0,0.0
9,65,5.545524649506375,6.266617984161118,0.0,0.0,0.0,1.0,0.0,0.0
10,65,9.345603612260426,7.539966357953298,0.0,0.0,0.0,0.0,0.0,0.0
11,65,3.978968722897256,9.984123027348376,1.0,0.0,1.0,1.0,1.0,1.0
12,65,10.117383938848253,9.878033873770391,0.0,0.0,0.0,0.0,0.0,0.0
13,65,8.647563887884704,3.139770337354257,0.0,0.0,0.0,0.0,0.0,0.0
14,65,6.605962407617265,0.4490807681549917,0.0,0.0,0.0,1.0,0.0,0.0
15,65,5.574458582846058,8.43263297985537,0.0,1.0,0.0,0.0,1.0,1.0
16,65,0.3551986071295906,11.669679385278837,1.0,0.0,1.0,0.0,0.0,1.0
17,65,7.1021207542074976,5.518084183526973,0.0,1.0,0.0,0.0,0.0,0.0
18,65,11.974316307237606,12.0,0.0,0.0,1.0,0.0,0.0,1.0
19,65,8.324741809285628,9.652777497102198,1.0,0.0,0.0,0.0,1.0,0.0
20,65,6.653873991278484,7.165340395937405,1.0,1.0,0.0,0.0,0.0,0.0
21,65,5.673588171204499,11.675125376048248,1.0,0.0,0.0,0.0,0.0,1.0
22,65,10.756397595218353,4.041578750098328,1.0,0.0,0.0,0.0,1.0,1.0
23,65,0.0,9.742433296264776,0.0,0.0,0.0,1.0,1.0,1.0
24,65,1.9882930926544375,9.0092959524108,0.0,1.0,0.0,1.0,0.0,1.0
25,65,9.776705464352435,3.8699844778608528,1.0,1.0,1.0,1.0,1.0,1.0
26,65,3.912373216383483,5.496062298184895,1.0,0.0,0.0,0.0,0.0,0.0
27,65,10.69607304455627,10.582207736877006,0.0,0.0,1.0,0.0,0.0,1.0
28,65,4.011505471095699,0.0130698470955814,0.0,0.0,1.0,0.0,1.0,1.0
29,65,11.164143207243931,8.463486771979426,0.0,1.0,1.0,0.0,0.0,1.0
0,70,7.014576935775322,1.704179335612948,0.0,0.0,1.0,1.0,0.0,0.0
1,70,2.061979378463393,11.88579960352455,0.0,0.0,0.0,0.0,1.0,1.0
2,70,8.559727831644915,7.602493297981256,0.0,1.0,0.0,0.0,1.0,0.0
3,70,0.7720586999778728,0.0,0.0,0.0,1.0,0.0,1.0,0.0
4,70,12.0,9.229525406296183,0.0,0.0,0.0,0.0,0.0,0.0
5,70,10.491870828413044,0.0,0.0,1.0,0.0,1.0,0.0,0.0
6,70,10.844137143783524,9.033906317763892,0.0,0.0,0.0,0.0,0.0,1.0
7,70,7.929826055501628,12.0,1.0,1.0,1.0,0.0,1.0,0.0
8,70,2.1570613745181464,2.4268867126073457,1.0,1.0,0.0,0.0,1.0,0.0
9,70,5.438992390317697,6.365875325867488,0.0,0.0,0.0,1.0,0.0,0.0
10,70,9.283728857140384,7.492161143090063,0.0,0.0,0.0,0.0,0.0,0.0
11,70,3.9880812574233495,9.992888188017623,1.0,0.0,1.0,1.0,1.0,1.0
12,70,10.20311711172706,9.78914665144014,0.0,0.0,0.0,0.0,0.0,0.0
13,70,8.526535997693646,3.150114739496761,0.0,0.0,0.0,0.0,0.0,0.0
14,70,6.627282036948643,0.4671986087805702,0.0,0.0,0.0,1.0,0.0,0.0
15,70,5.630208250417085,8.477812899983867,0.0,1.0,0.0,0.0,1.0,1.0
16,70,0.3493772538130125,11.674915021935124,1.0,0.0,1.0,0.0,0.0,1.0
17,70,7.201478405461396,5.474931327295835,0.0,1.0,0.0,0.0,0.0,0.0
18,70,11.976114529739032,11.988503192872592,0.0,0.0,1.0,0.0,0.0,1.0
19,70,8.273241906659964,9.606243348479303,1.0,0.0,0.0,0.0,1.0,0.0
20,70,6.52182263811768,7.180735935362268,1.0,1.0,0.0,0.0,0.0,0.0
21,70,5.724920769126918,11.723131357399906,1.0,0.0,0.0,0.0,0.0,1.0
22,70,10.895520151978983,4.048015796849206,1.0,0.0,0.0,0.0,1.0,1.0
23,70,0.0,9.724590223905004,0.0,0.0,0.0,1.0,1.0,1.0
24,70,1.9265065488082904,9.011547547971093,0.0,1.0,0.0,1.0,0.0,1.0
25,70,9.650913261049904,3.744249620886778,1.0,1.0,1.0,1.0,1.0,1.0
26,70,3.912909200797568,5.491001749870635,1.0,0.0,0.0,0.0,0.0,0.0
27,70,10.69701686760204,10.583425143659674,0.0,0.0,1.0,0.0,0.0,1.0
28,70,4.010846735103254,0.0254533018416136,0.0,0.0,1.0,0.0,1.0,1.0
29,70,11.229787120331798,8.471150553923298,0.0,1.0,1.0,0.0,0.0,1.0
0,75,7.011595872058334,1.7539533764173385,0.0,0.0,1.0,1.0,0.0,0.0
1,75,2.042649263532468,11.863665510607868,0.0,0.0,0.0,0.0,1.0,1.0
2,75,8.535757540425264,7.640995710682029,0.0,1.0,0.0,0.0,1.0,0.0
3,75,0.7549511709378529,0.0,0.0,0.0,1.0,0.0,1.0,0.0
4,75,12.0,9.257764551758418,0.0,0.0,0.0,0.0,0.0,0.0
5,75,10.490524078587187,0.0002179460357472,0.0,1.0,0.0,1.0,0.0,0.0
6,75,10.856626265179846,9.031140549468583,0.0,0.0,0.0,0.0,0.0,1.0
7,75,7.923971265898058,12.0,1.0,1.0,1.0,0.0,1.0,0.0
8,75,2.286169851389974,2.470063525208477,1.0,1.0,0.0,0.0,1.0,0.0
9,75,5.3336349902990055,6.464377593472336,0.0,0.0,0.0,1.0,0.0,0.0
10,75,9.216764491465227,7.440500240628589,0.0,0.0,0.0,0.0,0.0,0.0
11,75,3.993601305998103,9.998147034075592,1.0,0.0,1.0,1.0,1.0,1.0
12,75,10.284310993658575,9.705159641359314,0.0,0.0,0.0,0.0,0.0,0.0
13,75,8.39382265244912,3.16029095850234,0.0,0.0,0.0,0.0,0.0,0.0
14,75,6.652802665602697,0.4876886300253099,0.0,0.0,0.0,1.0,0.0,0.0
15,75,5.692062080550253,8.527040310521215,0.0,1.0,0.0,0.0,1.0,1.0
16,75,0.3417434155226201,11.682187640467138,1.0,0.0,1.0,0.0,0.0,1.0
17,75,7.28330432103336,5.440235871918363,0.0,1.0,0.0,0.0,0.0,0.0
18,75,11.981189088480216,11.961824997787724,0.0,0.0,1.0,0.0,0.0,1.0
19,75,8.220295962632964,9.557449243688795,1.0,0.0,0.0,0.0,1.0,0.0
20,75,6.391245754074758,7.195648043626568,1.0,1.0,0.0,0.0,0.0,0.0
21,75,5.77164471212281,11.767625561335883,1.0,0.0,0.0,0.0,0.0,1.0
22,75,11.026954306529944,4.048912979860244,1.0,0.0,0.0,0.0,1.0,1.0
23,75,0.0,9.706245007650365,0.0,0.0,0.0,1.0,1.0,1.0
24,75,1.8766065970810912,9.014253097981616,0.0,1.0,0.0,1.0,0.0,1.0
25,75,9.517851965244969,3.61799527299108,1.0,1.0,1.0,1.0,1.0,1.0
26,75,3.9186862631759753,5.449243252459585,1.0,0.0,0.0,0.0,0.0,0.0
27,75,10.682250926368573,10.56473274572512,0.0,0.0,1.0,0.0,0.0,1.0
28,75,4.01128797705046,0.0120984951471408,0.0,0.0,1.0,0.0,1.0,1.0
29,75,11.309963642289922,8.480381984674944,0.0,1.0,1.0,0.0,0.0,1.0
0,80,7.006745295406197,1.825699674273019,0.0,0.0,1.0,1.0,0.0,0.0
1,80,2.009703627271434,11.823148396716942,0.0,0.0,0.0,0.0,1.0,1.0
2,80,8.526331431842541,7.656311672671151,0.0,1.0,0.0,0.0,1.0,0.0
3,80,0.7327856145433964,0.0,0.0,0.0,1.0,0.0,1.0,0.0
4,80,12.0,9.29584223759907,0.0,0.0,0.0,0.0,0.0,0.0
5,80,10.466162896067264,0.0040521477795412,0.0,1.0,0.0,1.0,0.0,0.0
6,80,10.858020444789764,9.030848546861789,0.0,0.0,0.0,0.0,0.0,1.0
7,80,7.920236722818874,12.0,1.0,1.0,1.0,0.0,1.0,0.0
8,80,2.420234032833735,2.514825293519125,1.0,1.0,0.0,0.0,1.0,0.0
9,80,5.225859913652735,6.56525233230158,0.0,0.0,0.0,1.0,0.0,0.0
10,80,9.165736672374424,7.3992815208860785,0.0,0.0,0.0,0.0,0.0,0.0
11,80,4.007640894797927,10.011858440731748,1.0,0.0,1.0,1.0,1.0,1.0
12,80,10.380733985431092,9.610609282440585,0.0,0.0,0.0,0.0,0.0,0.0
13,80,8.262368679259987,3.1690475417417865,0.0,0.0,0.0,0.0,0.0,0.0
14,80,6.671639362345645,0.5036777064076567,0.0,0.0,0.0,1.0,0.0,0.0
15,80,5.747009570624339,8.569841411632854,0.0,1.0,0.0,0.0,1.0,1.0
16,80,0.3356698377845283,11.687973219335069,1.0,0.0,1.0,0.0,0.0,1.0
17,80,7.319222524039009,5.524314107237625,0.0,1.0,0.0,0.0,0.0,0.0
18,80,12.0,11.96950326298185,0.0,0.0,1.0,0.0,0.0,1.0
19,80,8.168736696542169,9.50923957365699,1.0,0.0,0.0,0.0,1.0,0.0
20,80,6.244066258980674,7.21238540230789,1.0,1.0,0.0,0.0,0.0,0.0
21,80,5.817243153750457,11.811152287603162,1.0,0.0,0.0,0.0,0.0,1.0
22,80,11.163081705633314,4.046515129297689,1.0,0.0,0.0,0.0,1.0,1.0
23,80,0.0,9.688759039479146,0.0,0.0,0.0,1.0,1.0,1.0
24,80,1.8026623096355257,9.017398480897748,0.0,1.0,0.0,1.0,0.0,1.0
25,80,9.366383963070383,3.47778374235475,1.0,1.0,1.0,1.0,1.0,1.0
26,80,3.923331615884933,5.416271598224735,1.0,0.0,0.0,0.0,0.0,0.0
27,80,10.665469107241844,10.543482519693196,0.0,0.0,1.0,0.0,0.0,1.0
28,80,4.010902829470329,0.0201763734661153,0.0,0.0,1.0,0.0,1.0,1.0
29,80,11.406478020282975,8.489993709827406,0.0,1.0,1.0,0.0,0.0,1.0
0,85,7.002042759272724,1.905619306823127,0.0,0.0,1.0,1.0,0.0,0.0
1,85,1.9903224651768283,11.798698525588891,0.0,0.0,0.0,0.0,1.0,1.0
2,85,8.519842418980796,7.666791100710353,0.0,1.0,0.0,0.0,1.0,0.0
3,85,0.7134925824416247,0.0,0.0,0.0,1.0,0.0,1.0,0.0
4,85,12.0,9.332590446188574,0.0,0.0,0.0,0.0,0.0,0.0
5,85,10.441262700733596,0.0075825110126463,0.0,1.0,0.0,1.0,0.0,0.0
6,85,10.884078542419834,9.025402651673405,0.0,0.0,0.0,0.0,0.0,1.0
7,85,7.915478527072361,12.0,1.0,1.0,1.0,0.0,1.0,0.0
8,85,2.5591311061125266,2.5620730180844618,1.0,1.0,0.0,0.0,1.0,0.0
9,85,5.134452930199017,6.65226557769325,0.0,0.0,0.0,1.0,0.0,0.0
10,85,9.12627553470762,7.3676387208761405,0.0,0.0,0.0,0.0,0.0,0.0
11,85,4.027616397495341,10.031704729463025,1.0,0.0,1.0,1.0,1.0,1.0
12,85,10.472863123404103,9.525474613388836,0.0,0.0,0.0,0.0,0.0,0.0
13,85,8.257822383759832,3.0597590802730643,0.0,0.0,0.0,0.0,0.0,0.0
14,85,6.693902567451314,0.5218714756664209,0.0,0.0,0.0,1.0,0.0,0.0
15,85,5.825703114979715,8.63137874171619,0.0,1.0,0.0,0.0,1.0,1.0
16,85,0.3212626154126922,11.700811133050925,1.0,0.0,1.0,0.0,0.0,1.0
17,85,7.368448408804535,5.634241968436176,0.0,1.0,0.0,0.0,0.0,0.0
18,85,12.0,11.97819919645974,0.0,0.0,1.0,0.0,0.0,1.0
19,85,8.123870855858547,9.46917863886847,1.0,0.0,0.0,0.0,1.0,0.0
20,85,6.09097172954239,7.230185648158612,1.0,1.0,0.0,0.0,0.0,0.0
21,85,5.868854783370807,11.86210804859277,1.0,0.0,0.0,0.0,0.0,1.0
22,85,11.289328924717168,4.048505539933929,1.0,0.0,0.0,0.0,1.0,1.0
23,85,0.0,9.671647990037918,0.0,0.0,0.0,1.0,1.0,1.0
24,85,1.7142636957552049,9.020413023946515,0.0,1.0,0.0,1.0,0.0,1.0
25,85,9.218462736080255,3.3396322809746897,1.0,1.0,1.0,1.0,1.0,1.0
26,85,3.930937604122844,5.370239717298979,1.0,0.0,0.0,0.0,0.0,0.0
27,85,10.63886355575623,10.5107475562639,0.0,0.0,1.0,0.0,0.0,1.0
28,85,4.009312530002477,0.0488240261899963,0.0,0.0,1.0,0.0,1.0,1.0
29,85,11.486045120181306,8.497233997271005,0.0,1.0,1.0,0.0,0.0,1.0
0,90,6.99884374127676,1.9771495354583344,0.0,0.0,1.0,1.0,0.0,0.0
1,90,1.975215581766708,11.77957160743074,0.0,0.0,0.0,0.0,1.0,1.0
2,90,8.491099039820533,7.711898460760415,0.0,1.0,0.0,0.0,1.0,0.0
3,90,0.6955940736561094,0.0,0.0,0.0,1.0,0.0,1.0,0.0
4,90,12.0,9.360294071065434,0.0,0.0,0.0,0.0,0.0,0.0
5,90,10.37929016458089,0.0147098138714198,0.0,1.0,0.0,1.0,0.0,0.0
6,90,10.927379391061391,9.016780712238656,0.0,0.0,0.0,0.0,0.0,1.0
7,90,7.910407617725371,12.0,1.0,1.0,1.0,0.0,1.0,0.0
8,90,2.6896771409164497,2.6079743556715167,1.0,1.0,0.0,0.0,1.0,0.0
9,90,5.041867787856466,6.73790129643667,0.0,0.0,0.0,1.0,0.0,0.0
10,90,9.084718194802637,7.333936621467455,0.0,0.0,0.0,0.0,0.0,0.0
11,90,4.058198851865979,10.060584526384895,1.0,0.0,1.0,1.0,1.0,1.0
12,90,10.567372357726258,9.437796414469933,0.0,0.0,0.0,0.0,0.0,0.0
13,90,8.252876264350881,2.941114922527202,0.0,0.0,0.0,0.0,0.0,0.0
14,90,6.723641462791941,0.5472888168508392,0.0,0.0,0.0,1.0,0.0,0.0
15,90,5.906930159570624,8.695798677600463,0.0,1.0,0.0,0.0,1.0,1.0
16,90,0.3009502910954608,11.718469806653898,1.0,0.0,1.0,0.0,0.0,1.0
17,90,7.41673826606276,5.7371037582574695,0.0,1.0,0.0,0.0,0.0,0.0
18,90,12.0,11.98788009548838,0.0,0.0,1.0,0.0,0.0,1.0
19,90,8.09315270302971,9.44082854587018,1.0,0.0,0.0,0.0,1.0,0.0
20,90,5.936292738112848,7.247149740670527,1.0,1.0,0.0,0.0,0.0,0.0
21,90,5.928357313236025,11.920649515287096,1.0,0.0,0.0,0.0,0.0,1.0
22,90,11.411756449442638,4.049957452115358,1.0,0.0,0.0,0.0,1.0,1.0
23,90,0.0,9.653019904089954,0.0,0.0,0.0,1.0,1.0,1.0
24,90,1.617803163960434,9.024481594135386,0.0,1.0,0.0,1.0,0.0,1.0
25,90,9.07569150047494,3.2127173855451856,1.0,1.0,1.0,1.0,1.0,1.0
26,90,3.937304305327171,5.33259632721215,1.0,0.0,0.0,0.0,0.0,0.0
27,90,10.599770857043062,10.463405752621991,0.0,0.0,1.0,0.0,0.0,1.0
28,90,4.0070207695405164,0.0949321666865125,0.0,0.0,1.0,0.0,1.0,1.0
29,90,11.553909440938815,8.504211675637244,0.0,1.0,1.0,0.0,0.0,1.0
0,95,6.993481979069857,2.087121914742305,0.0,0.0,1.0,1.0,0.0,0.0
1,95,1.964739562026468,11.76696630533652,0.0,0.0,0.0,0.0,1.0,1.0
2,95,8.450984406528798,7.773007173749664,0.0,1.0,0.0,0.0,1.0,0.0
3,95,0.6790702267175032,0.0,0.0,0.0,1.0,0.0,1.0,0.0
4,95,12.0,9.387472587300977,0.0,0.0,0.0,0.0,0.0,0.0
5,95,10.331033177535796,0.0198036850768952,0.0,1.0,0.0,1.0,0.0,0.0
6,95,10.952218198185978,9.011875263558244,0.0,0.0,0.0,0.0,0.0,1.0
7,95,7.906120617994111,12.0,1.0,1.0,1.0,0.0,1.0,0.0
8,95,2.8383029379380766,2.6566972725966616,1.0,1.0,0.0,0.0,1.0,0.0
9,95,4.957342970059376,6.813246824547848,0.0,0.0,0.0,1.0,0.0,0.0
10,95,9.054692608306988,7.370293254649162,0.0,0.0,0.0,0.0,0.0,0.0
11,95,4.073527820889442,10.07556022570406,1.0,0.0,1.0,1.0,1.0,1.0
12,95,10.66370417115917,9.347843472676312,0.0,0.0,0.0,0.0,0.0,0.0
13,95,8.251302620957558,2.82031642897982,0.0,0.0,0.0,0.0,0.0,0.0
14,95,6.757846877790075,0.577532036931878,0.0,0.0,0.0,1.0,0.0,0.0
15,95,5.9911890562699615,8.757931757113127,0.0,1.0,0.0,0.0,1.0,1.0
16,95,0.2907368031145999,11.72715304323965,1.0,0.0,1.0,0.0,0.0,1.0
17,95,7.474799308448816,5.859636164437018,0.0,1.0,0.0,0.0,0.0,0.0
18,95,12.0,12.0,0.0,0.0,1.0,0.0,0.0,1.0
19,95,8.070473612110009,9.42041667539772,1.0,0.0,0.0,0.0,1.0,0.0
20,95,5.767229024208408,7.270787822075407,1.0,1.0,0.0,0.0,0.0,0.0
21,95,5.975547153396614,11.969789218469804,1.0,0.0,0.0,0.0,0.0,1.0
22,95,11.530894648367816,4.05007874290818,1.0,0.0,0.0,0.0,1.0,1.0
23,95,0.0,9.634460986503989,0.0,0.0,0.0,1.0,1.0,1.0
24,95,1.5406027837893983,9.025444022833373,0.0,1.0,0.0,1.0,0.0,1.0
25,95,8.934817841786497,3.085661815250533,1.0,1.0,1.0,1.0,1.0,1.0
26,95,3.943603660900728,5.297471735696668,1.0,0.0,0.0,0.0,0.0,0.0
27,95,10.561924583384616,10.418176115731312,0.0,0.0,1.0,0.0,0.0,1.0
28,95,4.00300920457426,0.1505070036495684,0.0,0.0,1.0,0.0,1.0,1.0
29,95,11.61671631942699,8.509956092341515,0.0,1.0,1.0,0.0,0.0,1.0
0,100,6.987804480633698,2.1929128449341087,0.0,0.0,1.0,1.0,0.0,0.0
1,100,1.9485341504915483,11.746579167006084,0.0,0.0,0.0,0.0,1.0,1.0
2,100,8.412348203472446,7.833142264904473,0.0,1.0,0.0,0.0,1.0,0.0
3,100,0.657925684782678,0.0,0.0,0.0,1.0,0.0,1.0,0.0
4,100,12.0,9.403070234828911,0.0,0.0,0.0,0.0,0.0,0.0
5,100,10.302212805688276,0.0229863864229196,0.0,1.0,0.0,1.0,0.0,0.0
6,100,11.001273364933391,9.002448337349225,0.0,0.0,0.0,0.0,0.0,1.0
7,100,7.903200713981713,12.0,1.0,1.0,1.0,0.0,1.0,0.0
8,100,2.793108683178169,2.8128424343488145,1.0,1.0,0.0,0.0,1.0,0.0
9,100,4.887936413397193,6.874655396154108,0.0,0.0,0.0,1.0,0.0,0.0
10,100,9.014685722798433,7.4182099321702575,0.0,0.0,0.0,0.0,0.0,0.0
11,100,4.0808363272644925,10.082252288068636,1.0,0.0,1.0,1.0,1.0,1.0
12,100,10.758905316362632,9.258428268650794,0.0,0.0,0.0,0.0,0.0,0.0
13,100,8.249881697001165,2.695631320219848,0.0,0.0,0.0,0.0,0.0,0.0
14,100,6.792976230901006,0.6099487798450748,0.0,0.0,0.0,1.0,0.0,0.0
15,100,6.071640276622853,8.817721345170455,0.0,1.0,0.0,0.0,1.0,1.0
16,100,0.2748337922376652,11.740571108961412,1.0,0.0,1.0,0.0,0.0,1.0
17,100,7.550423843084192,6.017842671160768,0.0,1.0,0.0,0.0,0.0,0.0
18,100,12.0,12.0,0.0,0.0,1.0,0.0,0.0,1.0
19,100,8.050210893938882,9.40263074096774,1.0,0.0,0.0,0.0,1.0,0.0
20,100,5.614927660872421,7.295349298025623,1.0,1.0,0.0,0.0,0.0,0.0
21,100,6.025772523431263,12.0,1.0,0.0,0.0,0.0,0.0,1.0
22,100,11.656617768134206,4.052620530264491,1.0,0.0,0.0,0.0,1.0,1.0
23,100,0.0,9.61748584426184,0.0,0.0,0.0,1.0,1.0,1.0
24,100,1.460571215735956,9.02555774691742,0.0,1.0,0.0,1.0,0.0,1.0
25,100,8.802678845037647,2.967689941503976,1.0,1.0,1.0,1.0,1.0,1.0
26,100,3.9492603543205154,5.266835407389489,1.0,0.0,0.0,0.0,0.0,0.0
27,100,10.527685279746176,10.378559049924815,0.0,0.0,1.0,0.0,0.0,1.0
28,100,3.9971048467842056,0.2146792642805789,0.0,0.0,1.0,0.0,1.0,1.0
29,100,11.692544992316396,8.514744333188263,0.0,1.0,1.0,0.0,0.0,1.0
0,105,6.978543291471924,2.3089643164735736,0.0,0.0,1.0,1.0,0.0,0.0
1,105,1.9264612105893375,11.719746400161709,0.0,0.0,0.0,0.0,1.0,1.0
2,105,8.367992337296782,7.899139271927148,0.0,1.0,0.0,0.0,1.0,0.0
3,105,0.6383078310098306,0.0,0.0,0.0,1.0,0.0,1.0,0.0
4,105,12.0,9.426173755315109,0.0,0.0,0.0,0.0,0.0,0.0
5,105,10.273946241947364,0.0261694851464209,0.0,1.0,0.0,1.0,0.0,0.0
6,105,11.037877916414734,8.99448605288018,0.0,0.0,0.0,0.0,0.0,1.0
7,105,7.899951225269838,12.0,1.0,1.0,1.0,0.0,1.0,0.0
8,105,2.750255267781254,2.9646294756364897,1.0,1.0,0.0,0.0,1.0,0.0
9,105,4.805107348528718,6.953134391620709,0.0,0.0,0.0,1.0,0.0,0.0
10,105,8.974171454768845,7.467548257788058,0.0,0.0,0.0,0.0,0.0,0.0
11,105,4.0956141051025705,10.096130426927544,1.0,0.0,1.0,1.0,1.0,1.0
12,105,10.86377711129302,9.162375534172838,0.0,0.0,0.0,0.0,0.0,0.0
13,105,8.248477016992492,2.5762336404798014,0.0,0.0,0.0,0.0,0.0,0.0
14,105,6.833100122732635,0.6479848200768146,0.0,0.0,0.0,1.0,0.0,0.0
15,105,6.1714172574923545,8.890755573623517,0.0,1.0,0.0,0.0,1.0,1.0
16,105,0.2398098121714726,11.769685045598592,1.0,0.0,1.0,0.0,0.0,1.0
17,105,7.616590874885234,6.161115237422241,0.0,1.0,0.0,0.0,0.0,0.0
18,105,12.0,12.0,0.0,0.0,1.0,0.0,0.0,1.0
19,105,8.035818897626582,9.390028360240462,1.0,0.0,0.0,0.0,1.0,0.0
20,105,5.470015205313379,7.318691330871507,1.0,1.0,0.0,0.0,0.0,0.0
21,105,6.076940114798057,12.0,1.0,0.0,0.0,0.0,0.0,1.0
22,105,11.765376902198584,4.057473488827463,1.0,0.0,0.0,0.0,1.0,1.0
23,105,0.0,9.600284696049725,0.0,0.0,0.0,1.0,1.0,1.0
24,105,1.3736256730026468,9.02606266640071,0.0,1.0,0.0,1.0,0.0,1.0
25,105,8.655675497921738,2.8388705540928907,1.0,1.0,1.0,1.0,1.0,1.0
26,105,3.9553694534842014,5.23095256172911,1.0,0.0,0.0,0.0,0.0,0.0
27,105,10.501249977969287,10.348518516216991,0.0,0.0,1.0,0.0,0.0,1.0
28,105,3.989671005307892,0.2896363945172482,0.0,0.0,1.0,0.0,1.0,1.0
29,105,11.752547789473509,8.51719783386078,0.0,1.0,1.0,0.0,0.0,1.0
0,110,6.967067111654207,2.428807361960013,0.0,0.0,1.0,1.0,0.0,0.0
1,110,1.903904605907962,11.692158084797162,0.0,0.0,0.0,0.0,1.0,1.0
2,110,8.313571410275813,7.976382397527446,0.0,1.0,0.0,0.0,1.0,0.0
3,110,0.6136726952157286,0.0,0.0,0.0,1.0,0.0,1.0,0.0
4,110,12.0,9.470358216866968,0.0,0.0,0.0,0.0,0.0,0.0
5,110,10.255494930901545,0.0284104706431921,0.0,1.0,0.0,1.0,0.0,0.0
6,110,11.075962829341975,8.986526793261818,0.0,0.0,0.0,0.0,0.0,1.0
7,110,7.896469567698613,12.0,1.0,1.0,1.0,0.0,1.0,0.0
8,110,2.7114160025853646,3.106841073331697,1.0,1.0,0.0,0.0,1.0,0.0
9,110,4.730363489947798,7.021324897833506,0.0,0.0,0.0,1.0,0.0,0.0
10,110,8.929799358691033,7.519067683320113,0.0,0.0,0.0,0.0,0.0,0.0
11,110,4.1072122622922,10.106742821478312,1.0,0.0,1.0,1.0,1.0,1.0
12,110,10.959590074272196,9.073018029597147,0.0,0.0,0.0,0.0,0.0,0.0
13,110,8.247771187661092,2.433704808384315,0.0,0.0,0.0,0.0,0.0,0.0
14,110,6.873580716810473,0.6876926958703259,0.0,0.0,0.0,1.0,0.0,0.0
15,110,6.262049348078561,8.954601759198132,0.0,1.0,0.0,0.0,1.0,1.0
16,110,0.2081203487149341,11.796379157886925,1.0,0.0,1.0,0.0,0.0,1.0
17,110,7.690645507813461,6.3237399904555485,0.0,1.0,0.0,0.0,0.0,0.0
18,110,12.0,12.0,0.0,0.0,1.0,0.0,0.0,1.0
19,110,8.034342880749051,9.388832828116826,1.0,0.0,0.0,0.0,1.0,0.0
20,110,5.312059441206312,7.341029175558928,1.0,1.0,0.0,0.0,0.0,0.0
21,110,6.129462722173954,12.0,1.0,0.0,0.0,0.0,0.0,1.0
22,110,11.883307175953895,4.061956196587595,1.0,0.0,0.0,0.0,1.0,1.0
23,110,0.0,9.579077561022544,0.0,0.0,0.0,1.0,1.0,1.0
24,110,1.2957353691980538,9.02623514393273,0.0,1.0,0.0,1.0,0.0,1.0
25,110,8.512832115184008,2.714507628383271,1.0,1.0,1.0,1.0,1.0,1.0
26,110,3.9556037039318,5.229549670603491,1.0,0.0,0.0,0.0,0.0,0.0
27,110,10.46542035541176,10.30615857026402,0.0,0.0,1.0,0.0,0.0,1.0
28,110,3.98131191740326,0.3725875106640591,0.0,0.0,1.0,0.0,1.0,1.0
29,110,11.806836179619063,8.51907823793236,0.0,1.0,1.0,0.0,0.0,1.0
0,115,6.954329251209914,2.5497427561394743,0.0,0.0,1.0,1.0,0.0,0.0
1,115,1.8798442893242069,11.662122897277063,0.0,0.0,0.0,0.0,1.0,1.0
2,115,8.268073009591237,8.041288662085549,0.0,1.0,0.0,0.0,1.0,0.0
3,115,0.5901921506899088,0.0,0.0,0.0,1.0,0.0,1.0,0.0
4,115,12.0,9.51549152636318,0.0,0.0,0.0,0.0,0.0,0.0
5,115,10.23509441923926,0.0310456109847763,0.0,1.0,0.0,1.0,0.0,0.0
6,115,11.107608782740156,8.980139533021388,0.0,0.0,0.0,0.0,0.0,1.0
7,115,7.888939483654163,12.0,1.0,1.0,1.0,0.0,1.0,0.0
8,115,2.668701863160506,3.258745430255733,1.0,1.0,0.0,0.0,1.0,0.0
9,115,4.660283866633109,7.084163573180789,0.0,0.0,0.0,1.0,0.0,0.0
10,115,8.886173881717154,7.570160342452553,0.0,0.0,0.0,0.0,0.0,0.0
11,115,4.110323090194813,10.10954764446122,1.0,0.0,1.0,1.0,1.0,1.0
12,115,11.05126823371887,8.98534929657732,0.0,0.0,0.0,0.0,0.0,0.0
13,115,8.249766002705613,2.276282138087543,0.0,0.0,0.0,0.0,0.0,0.0
14,115,6.912509076301526,0.725560307687471,0.0,0.0,0.0,1.0,0.0,0.0
15,115,6.365718447439251,9.028211764027471,0.0,1.0,0.0,0.0,1.0,1.0
16,115,0.1713524010972626,11.826962071254028,1.0,0.0,1.0,0.0,0.0,1.0
17,115,7.779242016355186,6.50755103907025,0.0,1.0,0.0,0.0,0.0,0.0
18,115,12.0,12.0,0.0,0.0,1.0,0.0,0.0,1.0
19,115,8.024798741678133,9.381233386782643,1.0,0.0,0.0,0.0,1.0,0.0
20,115,5.156256202454134,7.36713060734601,1.0,1.0,0.0,0.0,0.0,0.0
21,115,6.179170735033192,12.0,1.0,0.0,0.0,0.0,0.0,1.0
22,115,12.0,4.064682080756858,1.0,0.0,0.0,0.0,1.0,1.0
23,115,0.0,9.56279492900368,0.0,0.0,0.0,1.0,1.0,1.0
24,115,1.2249927826121774,9.026856331202248,0.0,1.0,0.0,1.0,0.0,1.0
25,115,8.385703456281021,2.6085717373358723,1.0,1.0,1.0,1.0,1.0,1.0
26,115,3.9560543299758746,5.22712868682573,1.0,0.0,0.0,0.0,0.0,0.0
27,115,10.438293977324449,10.274362109354104,0.0,0.0,1.0,0.0,0.0,1.0
28,115,3.975442210837222,0.4363849801530469,0.0,0.0,1.0,0.0,1.0,1.0
29,115,11.899991339110375,8.52377468939443,0.0,1.0,1.0,0.0,0.0,1.0
0,120,6.943977126960776,2.6576293612206605,0.0,0.0,1.0,1.0,0.0,0.0
1,120,1.8606584358946048,11.6378374530915,0.0,0.0,0.0,0.0,1.0,1.0
2,120,8.226258580589016,8.102677438967035,0.0,1.0,0.0,0.0,1.0,0.0
3,120,0.5690017515001993,0.0,0.0,0.0,1.0,0.0,1.0,0.0
4,120,12.0,9.574295679938452,0.0,0.0,0.0,0.0,0.0,0.0
5,120,10.214151905288444,0.0341769100654301,0.0,1.0,0.0,1.0,0.0,0.0
6,120,11.137729142513429,8.973045877430186,0.0,0.0,0.0,0.0,0.0,1.0
7,120,7.882805305101779,12.0,1.0,1.0,1.0,0.0,1.0,0.0
8,120,2.6251976204036422,3.4111420909083803,1.0,1.0,0.0,0.0,1.0,0.0
9,120,4.585833622786025,7.149337625307306,0.0,0.0,0.0,1.0,0.0,0.0
10,120,8.85033161031618,7.614760115966875,0.0,0.0,0.0,0.0,0.0,0.0
11,120,4.113522074638679,10.112563795922934,1.0,0.0,1.0,1.0,1.0,1.0
12,120,11.153508478068726,8.886645657348346,0.0,0.0,0.0,0.0,0.0,0.0
13,120,8.249509484501447,2.113159493638198,0.0,0.0,0.0,0.0,0.0,0.0
14,120,6.940352004906081,0.7534713348850276,0.0,0.0,0.0,1.0,0.0,0.0
15,120,6.308177706223293,9.11141746481759,0.0,1.0,0.0,0.0,1.0,1.0
16,120,0.136557914893748,11.855216889269371,1.0,0.0,1.0,0.0,0.0,1.0
17,120,7.86484969796039,6.676294041438515,0.0,1.0,0.0,0.0,0.0,0.0
18,120,12.0,12.0,0.0,0.0,1.0,0.0,0.0,1.0
19,120,8.00760687727517,9.367239688882218,1.0,0.0,0.0,0.0,1.0,0.0
20,120,4.999874229210528,7.394146302884521,1.0,1.0,0.0,0.0,0.0,0.0
21,120,6.2224350349337145,12.0,1.0,0.0,0.0,0.0,0.0,1.0
22,120,12.0,4.067295926023236,1.0,0.0,0.0,0.0,1.0,1.0
23,120,0.0,9.549454122421094,0.0,0.0,0.0,1.0,1.0,1.0
24,120,1.1578522103703144,9.02748322631294,0.0,1.0,0.0,1.0,0.0,1.0
25,120,8.256811248490708,2.4935368303331256,1.0,1.0,1.0,1.0,1.0,1.0
26,120,3.955629342962664,5.229336642980588,1.0,0.0,0.0,0.0,0.0,0.0
27,120,10.420598152052651,10.253296206111251,0.0,0.0,1.0,0.0,0.0,1.0
28,120,3.9681881830893073,0.5136658477736916,0.0,0.0,1.0,0.0,1.0,1.0
29,120,12.0,8.526137871308835,0.0,1.0,1.0,0.0,0.0,1.0
0,125,6.938290492270195,2.758117859088054,0.0,0.0,1.0,1.0,0.0,0.0
1,125,1.859459284399248,11.63628619820872,0.0,0.0,0.0,0.0,1.0,1.0
2,125,8.192823245918454,8.15277740969006,0.0,1.0,0.0,0.0,1.0,0.0
3,125,0.5484731615105285,0.0,0.0,0.0,1.0,0.0,1.0,0.0
4,125,12.0,9.643076825072256,0.0,0.0,0.0,0.0,0.0,0.0
5,125,10.212305246013916,0.0200926311901919,0.0,1.0,0.0,1.0,0.0,0.0
6,125,11.175979759962448,8.963717620464164,0.0,0.0,0.0,0.0,0.0,1.0
7,125,7.878258354721059,12.0,1.0,1.0,1.0,0.0,1.0,0.0
8,125,2.5898831149384014,3.56397003838152,1.0,1.0,0.0,0.0,1.0,0.0
9,125,4.507317557840237,7.216463323774078,0.0,0.0,0.0,1.0,0.0,0.0
10,125,8.830252746429311,7.639792876459984,0.0,0.0,0.0,0.0,0.0,0.0
11,125,4.094543597753664,10.0939732836881,1.0,0.0,1.0,1.0,1.0,1.0
12,125,11.250665395443194,8.790089833100893,0.0,0.0,0.0,0.0,0.0,0.0
13,125,8.245357433638048,1.9294510703374823,0.0,0.0,0.0,0.0,0.0,0.0
14,125,6.955133761909955,0.7690261915742992,0.0,0.0,0.0,1.0,0.0,0.0
15,125,6.25942873039454,9.18125830622354,0.0,1.0,0.0,0.0,1.0,1.0
16,125,0.1001877027017117,11.885879487366347,1.0,0.0,1.0,0.0,0.0,1.0
17,125,7.942846122608326,6.830975287100308,0.0,1.0,0.0,0.0,0.0,0.0
18,125,12.0,12.0,0.0,0.0,1.0,0.0,0.0,1.0
19,125,7.984562832857296,9.348206275782392,1.0,0.0,0.0,0.0,1.0,0.0
20,125,4.856418140350437,7.420480211954375,1.0,1.0,0.0,0.0,0.0,0.0
21,125,6.2672314705967445,12.0,1.0,0.0,0.0,0.0,0.0,1.0
22,125,12.0,4.07464931681088,1.0,0.0,0.0,0.0,1.0,1.0
23,125,0.0,9.537703308386265,0.0,0.0,0.0,1.0,1.0,1.0
24,125,1.0544631743184238,9.028747898061413,0.0,1.0,0.0,1.0,0.0,1.0
25,125,8.120974395973425,2.372198565527344,1.0,1.0,1.0,1.0,1.0,1.0
26,125,3.957497551488637,5.219176546536649,1.0,0.0,0.0,0.0,0.0,0.0
27,125,10.390315288083226,10.216911103987975,0.0,0.0,1.0,0.0,0.0,1.0
28,125,3.9595030627086407,0.5988333176852472,0.0,0.0,1.0,0.0,1.0,1.0
29,125,12.0,8.531323398880943,0.0,1.0,1.0,0.0,0.0,1.0
0,130,6.933007150336144,2.8442376810062853,0.0,0.0,1.0,1.0,0.0,0.0
1,130,1.8619467021166909,11.63964501439512,0.0,0.0,0.0,0.0,1.0,1.0
2,130,8.162799547352025,8.198222919420937,0.0,1.0,0.0,0.0,1.0,0.0
3,130,0.5280218309283314,0.0,0.0,0.0,1.0,0.0,1.0,0.0
4,130,12.0,9.704070623478808,0.0,0.0,0.0,0.0,0.0,0.0
5,130,10.208430701670638,0.0,0.0,1.0,0.0,1.0,0.0,0.0
6,130,11.208692572637004,8.954855724220144,0.0,0.0,0.0,0.0,0.0,1.0
7,130,7.874617775855676,12.0,1.0,1.0,1.0,0.0,1.0,0.0
8,130,2.5526053721252278,3.722114287189938,1.0,1.0,0.0,0.0,1.0,0.0
9,130,4.437373516666722,7.276216502916727,0.0,0.0,0.0,1.0,0.0,0.0
10,130,8.803378995528638,7.671339641636131,0.0,0.0,0.0,0.0,0.0,0.0
11,130,4.088630483897546,10.088463095391347,1.0,0.0,1.0,1.0,1.0,1.0
12,130,11.370988853314756,8.671149212176278,0.0,0.0,0.0,0.0,0.0,0.0
13,130,8.239023026014348,1.7515501026250355,0.0,0.0,0.0,0.0,0.0,0.0
14,130,6.982046777695754,0.7959714332928595,0.0,0.0,0.0,1.0,0.0,0.0
15,130,6.216299553666095,9.243636500189606,0.0,1.0,0.0,0.0,1.0,1.0
16,130,0.0684510555567166,11.911234162251723,1.0,0.0,1.0,0.0,0.0,1.0
17,130,8.013299573718674,6.970151696475788,0.0,1.0,0.0,0.0,0.0,0.0
18,130,12.0,12.0,0.0,0.0,1.0,0.0,0.0,1.0
19,130,7.977042966128826,9.342150081801275,1.0,0.0,0.0,0.0,1.0,0.0
20,130,4.720616669833884,7.447642855277556,1.0,1.0,0.0,0.0,0.0,0.0
21,130,6.2999751726290025,12.0,1.0,0.0,0.0,0.0,0.0,1.0
22,130,12.0,4.083606610970421,1.0,0.0,0.0,0.0,1.0,1.0
23,130,0.0,9.529174216069396,0.0,0.0,0.0,1.0,1.0,1.0
24,130,0.9493894920370344,9.030768667890788,0.0,1.0,0.0,1.0,0.0,1.0
25,130,7.989476106752521,2.251598086367057,1.0,1.0,1.0,1.0,1.0,1.0
26,130,3.958703130865482,5.2127177584399,1.0,0.0,0.0,0.0,0.0,0.0
27,130,10.370720800792409,10.193907224461023,0.0,0.0,1.0,0.0,0.0,1.0
28,130,3.9517546647928903,0.6927212981975479,0.0,0.0,1.0,0.0,1.0,1.0
29,130,12.0,8.533402975624186,0.0,1.0,1.0,0.0,0.0,1.0
0,135,6.92946750374386,2.9158810768083505,0.0,0.0,1.0,1.0,0.0,0.0
1,135,1.866778816642889,11.646262840422596,0.0,0.0,0.0,0.0,1.0,1.0
2,135,8.136054201037439,8.23693152584814,0.0,1.0,0.0,0.0,1.0,0.0
3,135,0.5070079291827763,0.0,0.0,0.0,1.0,0.0,1.0,0.0
4,135,12.0,9.760332273354184,0.0,0.0,0.0,0.0,0.0,0.0
5,135,10.200518451296649,0.0,0.0,1.0,0.0,1.0,0.0,0.0
6,135,11.228266447733128,8.950005192287772,0.0,0.0,0.0,0.0,0.0,1.0
7,135,7.874194077140416,12.0,1.0,1.0,1.0,0.0,1.0,0.0
8,135,2.51759983521404,3.871027953158355,1.0,1.0,0.0,0.0,1.0,0.0
9,135,4.35875555075908,7.341036856060311,0.0,0.0,0.0,1.0,0.0,0.0
10,135,8.771898554348617,7.707771784042296,0.0,0.0,0.0,0.0,0.0,0.0
11,135,4.075365097187498,10.076695821957536,1.0,0.0,1.0,1.0,1.0,1.0
12,135,11.508636333981418,8.532251323551092,0.0,0.0,0.0,0.0,0.0,0.0
13,135,8.233884668450635,1.5885734982643869,0.0,0.0,0.0,0.0,0.0,0.0
14,135,7.011316814646501,0.826086497586219,0.0,0.0,0.0,1.0,0.0,0.0
15,135,6.181144928071589,9.295392549078857,0.0,1.0,0.0,0.0,1.0,1.0
16,135,0.0363061161030631,11.935049552093815,1.0,0.0,1.0,0.0,0.0,1.0
17,135,8.078114340036624,7.09024636946786,0.0,1.0,0.0,0.0,0.0,0.0
18,135,12.0,12.0,0.0,0.0,1.0,0.0,0.0,1.0
19,135,7.97039789018652,9.336968137764533,1.0,0.0,0.0,0.0,1.0,0.0
20,135,4.568201475175893,7.474091019070423,1.0,1.0,0.0,0.0,0.0,0.0
21,135,6.328185683727361,12.0,1.0,0.0,0.0,0.0,0.0,1.0
22,135,12.0,4.088929761122102,1.0,0.0,0.0,0.0,1.0,1.0
23,135,0.0,9.520735956130077,0.0,0.0,0.0,1.0,1.0,1.0
24,135,0.8526949993551807,9.031235976011088,0.0,1.0,0.0,1.0,0.0,1.0
25,135,7.858067752307114,2.127138105985508,1.0,1.0,1.0,1.0,1.0,1.0
26,135,3.959221870705445,5.209885372989401,1.0,0.0,0.0,0.0,0.0,0.0
27,135,10.34715761787896,10.16638023024422,0.0,0.0,1.0,0.0,0.0,1.0
28,135,3.945528653460864,0.7704378397296938,0.0,0.0,1.0,0.0,1.0,1.0
29,135,12.0,8.538455371990166,0.0,1.0,1.0,0.0,0.0,1.0
0,140,6.925600967539567,2.989663815259417,0.0,0.0,1.0,1.0,0.0,0.0
1,140,1.878049259828296,11.659875365958753,0.0,0.0,0.0,0.0,1.0,1.0
2,140,8.111056956607644,8.275062815700148,0.0,1.0,0.0,0.0,1.0,0.0
3,140,0.4849399337298625,0.0,0.0,0.0,1.0,0.0,1.0,0.0
4,140,12.0,9.811268064563654,0.0,0.0,0.0,0.0,0.0,0.0
5,140,10.190318975993575,0.0,0.0,1.0,0.0,1.0,0.0,0.0
6,140,11.257956301766743,8.943363107112665,0.0,0.0,0.0,0.0,0.0,1.0
7,140,7.873879181397478,12.0,1.0,1.0,1.0,0.0,1.0,0.0
8,140,2.659369043796162,3.901605759076216,1.0,1.0,0.0,0.0,1.0,0.0
9,140,4.278545993079145,7.408590445927746,0.0,0.0,0.0,1.0,0.0,0.0
10,140,8.74585206257925,7.738593127271077,0.0,0.0,0.0,0.0,0.0,0.0
11,140,4.0627300279534655,10.065789196544054,1.0,0.0,1.0,1.0,1.0,1.0
12,140,11.640839856692905,8.399505351534822,0.0,0.0,0.0,0.0,0.0,0.0
13,140,8.228295406519162,1.4296526072851166,0.0,0.0,0.0,0.0,0.0,0.0
14,140,7.034385296356369,0.8499098775469446,0.0,0.0,0.0,1.0,0.0,0.0
15,140,6.124108063368539,9.381687888745798,0.0,1.0,0.0,0.0,1.0,1.0
16,140,0.0035366321241518,11.957813301300863,1.0,0.0,1.0,0.0,0.0,1.0
17,140,8.14769435061123,7.22027795241084,0.0,1.0,0.0,0.0,0.0,0.0
18,140,12.0,12.0,0.0,0.0,1.0,0.0,0.0,1.0
19,140,7.967741647066281,9.334774504857965,1.0,0.0,0.0,0.0,1.0,0.0
20,140,4.4173317645587655,7.498019060058004,1.0,1.0,0.0,0.0,0.0,0.0
21,140,6.359242444647337,12.0,1.0,0.0,0.0,0.0,0.0,1.0
22,140,12.0,4.091801655113847,1.0,0.0,0.0,0.0,1.0,1.0
23,140,0.0,9.514003554940755,0.0,0.0,0.0,1.0,1.0,1.0
24,140,0.7370740059164205,9.03198600924108,0.0,1.0,0.0,1.0,0.0,1.0
25,140,7.7359540706144765,2.0146549667486915,1.0,1.0,1.0,1.0,1.0,1.0
26,140,3.9609890501156095,5.200083962635468,1.0,0.0,0.0,0.0,0.0,0.0
27,140,10.3381393351615,10.156269390092303,0.0,0.0,1.0,0.0,0.0,1.0
28,140,3.937354916863681,0.8519597222624715,0.0,0.0,1.0,0.0,1.0,1.0
29,140,12.0,8.539920561123585,0.0,1.0,1.0,0.0,0.0,1.0
0,145,6.924244341256451,3.049185568692365,0.0,0.0,1.0,1.0,0.0,0.0
1,145,1.8821745120162936,11.664708978897222,0.0,0.0,0.0,0.0,1.0,1.0
2,145,8.088454091544689,8.309380580132173,0.0,1.0,0.0,0.0,1.0,0.0
3,145,0.4593724436617093,0.0,0.0,0.0,1.0,0.0,1.0,0.0
4,145,12.0,9.866094241614904,0.0,0.0,0.0,0.0,0.0,0.0
5,145,10.178587891457738,0.0,0.0,1.0,0.0,1.0,0.0,0.0
6,145,11.28009070960006,8.93849757722332,0.0,0.0,0.0,0.0,0.0,1.0
7,145,7.873500743896342,12.0,1.0,1.0,1.0,0.0,1.0,0.0
8,145,2.8114681083526176,3.936493734953287,1.0,1.0,0.0,0.0,1.0,0.0
9,145,4.192735158545626,7.480873494223333,0.0,0.0,0.0,1.0,0.0,0.0
10,145,8.71862360680922,7.770721468145867,0.0,0.0,0.0,0.0,0.0,0.0
11,145,4.052142477425161,10.056732759466,1.0,0.0,1.0,1.0,1.0,1.0
12,145,11.770594122958911,8.270467900952346,0.0,0.0,0.0,0.0,0.0,0.0
13,145,8.2217434195209,1.2488368232010734,0.0,0.0,0.0,0.0,0.0,0.0
14,145,7.076205976187496,0.8917307842174155,0.0,0.0,0.0,1.0,0.0,0.0
15,145,6.076023990826329,9.458151231511875,0.0,1.0,0.0,0.0,1.0,1.0
16,145,0.0,11.984954985787564,1.0,0.0,1.0,0.0,0.0,1.0
17,145,8.225962167277448,7.354875705390001,0.0,1.0,0.0,0.0,0.0,0.0
18,145,12.0,12.0,0.0,0.0,1.0,0.0,0.0,1.0
19,145,7.985719878480275,9.34937583265679,1.0,0.0,0.0,0.0,1.0,0.0
20,145,4.257990718772856,7.524659041759313,1.0,1.0,0.0,0.0,0.0,0.0
21,145,6.405359070186256,12.0,1.0,0.0,0.0,0.0,0.0,1.0
22,145,12.0,4.095102950255341,1.0,0.0,0.0,0.0,1.0,1.0
23,145,0.0,9.507921396670604,0.0,0.0,0.0,1.0,1.0,1.0
24,145,0.6314606841044803,9.03162284605447,0.0,1.0,0.0,1.0,0.0,1.0
25,145,7.611717778737561,1.890043244149316,1.0,1.0,1.0,1.0,1.0,1.0
26,145,3.962206367950203,5.19291748495565,1.0,0.0,0.0,0.0,0.0,0.0
27,145,10.315443667829124,10.1309238624836,0.0,0.0,1.0,0.0,0.0,1.0
28,145,3.931539832835516,0.9247179021095148,0.0,0.0,1.0,0.0,1.0,1.0
29,145,12.0,8.544096220777925,0.0,1.0,1.0,0.0,0.0,1.0
0,150,6.9241972901857896,3.090172873638291,0.0,0.0,1.0,1.0,0.0,0.0
1,150,1.887205325966429,11.670621561260395,0.0,0.0,0.0,0.0,1.0,1.0
2,150,8.073988456915089,8.332078333423897,0.0,1.0,0.0,0.0,1.0,0.0
3,150,0.4331377159066889,0.0,0.0,0.0,1.0,0.0,1.0,0.0
4,150,12.0,9.920275170758869,0.0,0.0,0.0,0.0,0.0,0.0
5,150,10.17038333532907,0.0,0.0,1.0,0.0,1.0,0.0,0.0
6,150,11.326239154143732,8.928983985444576,0.0,0.0,0.0,0.0,0.0,1.0
7,150,7.873859830694745,12.0,1.0,1.0,1.0,0.0,1.0,0.0
8,150,2.953699498818627,3.969466326483372,1.0,1.0,0.0,0.0,1.0,0.0
9,150,4.099825436479001,7.558646974559846,0.0,0.0,0.0,1.0,0.0,0.0
10,150,8.699357580151709,7.79328338084799,0.0,0.0,0.0,0.0,0.0,0.0
11,150,4.060685656605385,10.063511192212609,1.0,0.0,1.0,1.0,1.0,1.0
12,150,11.890305460860263,8.154610206349698,0.0,0.0,0.0,0.0,0.0,0.0
13,150,8.216225378981472,1.0833990894640964,0.0,0.0,0.0,0.0,0.0,0.0
14,150,7.142889840566141,0.9630720538098086,0.0,0.0,0.0,1.0,0.0,0.0
15,150,6.041593438144719,9.511181337307772,0.0,1.0,0.0,0.0,1.0,1.0
16,150,0.0,12.0,1.0,0.0,1.0,0.0,0.0,1.0
17,150,8.322593955442683,7.50717384562995,0.0,1.0,0.0,0.0,0.0,0.0
18,150,12.0,12.0,0.0,0.0,1.0,0.0,0.0,1.0
19,150,8.016780533134295,9.374060390877188,1.0,0.0,0.0,0.0,1.0,0.0
20,150,4.102495235264811,7.551629732182175,1.0,1.0,0.0,0.0,0.0,0.0
21,150,6.449723221154776,12.0,1.0,0.0,0.0,0.0,0.0,1.0
22,150,12.0,4.099094010229107,1.0,0.0,0.0,0.0,1.0,1.0
23,150,0.0,9.502774053720676,0.0,0.0,0.0,1.0,1.0,1.0
24,150,0.5243592420406569,9.030374371472924,0.0,1.0,0.0,1.0,0.0,1.0
25,150,7.51149006046556,1.7857580247474505,1.0,1.0,1.0,1.0,1.0,1.0
26,150,3.961855143752536,5.194900783408104,1.0,0.0,0.0,0.0,0.0,0.0
27,150,10.292284164520524,10.106490959803912,0.0,0.0,1.0,0.0,0.0,1.0
28,150,3.9257468951265446,1.000630738647846,0.0,0.0,1.0,0.0,1.0,1.0
29,150,12.0,8.550883620737338,0.0,1.0,1.0,0.0,0.0,1.0
0,155,6.923985940265432,3.121073726400006,0.0,0.0,1.0,1.0,0.0,0.0
1,155,1.8927881079569808,11.677122616390369,0.0,0.0,0.0,0.0,1.0,1.0
2,155,8.05437164085168,8.362982558101077,0.0,1.0,0.0,0.0,1.0,0.0
3,155,0.4065853175881574,0.0,0.0,0.0,1.0,0.0,1.0,0.0
4,155,12.0,9.97803659949902,0.0,0.0,0.0,0.0,0.0,0.0
5,155,10.16595027853418,0.0,0.0,1.0,0.0,1.0,0.0,0.0
6,155,11.359428433428988,8.92211171858567,0.0,0.0,0.0,0.0,0.0,1.0
7,155,7.874207129840518,12.0,1.0,1.0,1.0,0.0,1.0,0.0
8,155,3.101898296065012,4.003167072328184,1.0,1.0,0.0,0.0,1.0,0.0
9,155,4.001821545591801,7.635785718266653,0.0,0.0,0.0,1.0,0.0,0.0
10,155,8.666706017829453,7.830334034423642,0.0,0.0,0.0,0.0,0.0,0.0
11,155,4.079106355079387,10.078966486431364,1.0,0.0,1.0,1.0,1.0,1.0
12,155,12.0,8.04964844959076,0.0,0.0,0.0,0.0,0.0,0.0
13,155,8.210035467544442,0.9351054816013208,0.0,0.0,0.0,0.0,0.0,0.0
14,155,7.214128915113294,1.0399399486017644,0.0,0.0,0.0,1.0,0.0,0.0
15,155,6.007005498972542,9.56258665426825,0.0,1.0,0.0,0.0,1.0,1.0
16,155,0.0257332233454165,12.0,1.0,0.0,1.0,0.0,0.0,1.0
17,155,8.41403921335705,7.658020859675144,0.0,1.0,0.0,0.0,0.0,0.0
18,155,12.0,12.0,0.0,0.0,1.0,0.0,0.0,1.0
19,155,8.065249914296682,9.41273725648929,1.0,0.0,0.0,0.0,1.0,0.0
20,155,3.943787794742675,7.577289414706145,1.0,1.0,0.0,0.0,0.0,0.0
21,155,6.489003001105726,12.0,1.0,0.0,0.0,0.0,0.0,1.0
22,155,12.0,4.102386247212746,1.0,0.0,0.0,0.0,1.0,1.0
23,155,0.0,9.498032416851755,0.0,0.0,0.0,1.0,1.0,1.0
24,155,0.394528407255204,9.03232685606106,0.0,1.0,0.0,1.0,0.0,1.0
25,155,7.411494665682047,1.68771068132648,1.0,1.0,1.0,1.0,1.0,1.0
26,155,3.963800825813909,5.184083260810045,1.0,0.0,0.0,0.0,0.0,0.0
27,155,10.28243734646079,10.095928893774284,0.0,0.0,1.0,0.0,0.0,1.0
28,155,3.922233645345927,1.0627713020171152,0.0,0.0,1.0,0.0,1.0,1.0
29,155,12.0,8.558559106555613,0.0,1.0,1.0,0.0,0.0,1.0
0,160,6.924602556615475,3.154265283091729,0.0,0.0,1.0,1.0,0.0,0.0
1,160,1.904345248987965,11.690481545279974,0.0,0.0,0.0,0.0,1.0,1.0
2,160,8.047928464035506,8.372792372338946,0.0,1.0,0.0,0.0,1.0,0.0
3,160,0.388072927501866,0.0,0.0,0.0,1.0,0.0,1.0,0.0
4,160,12.0,10.045613425564904,0.0,0.0,0.0,0.0,0.0,0.0
5,160,10.16219866735057,0.0,0.0,1.0,0.0,1.0,0.0,0.0
6,160,11.389597717924495,8.915916112691244,0.0,0.0,0.0,0.0,0.0,1.0
7,160,7.874245213423973,12.0,1.0,1.0,1.0,0.0,1.0,0.0
8,160,3.2451273445085347,4.037218254391299,1.0,1.0,0.0,0.0,1.0,0.0
9,160,3.9063453867636473,7.709870520573358,0.0,0.0,0.0,1.0,0.0,0.0
10,160,8.638097898252116,7.864373639218453,0.0,0.0,0.0,0.0,0.0,0.0
11,160,4.102625937859684,10.09814542243462,1.0,0.0,1.0,1.0,1.0,1.0
12,160,12.0,7.953123732225377,0.0,0.0,0.0,0.0,0.0,0.0
13,160,8.209157782406816,0.7837164234155168,0.0,0.0,0.0,0.0,0.0,0.0
14,160,7.285509763036423,1.1167003212099156,0.0,0.0,0.0,1.0,0.0,0.0
15,160,5.979238698648406,9.601840338230147,0.0,1.0,0.0,0.0,1.0,1.0
16,160,0.0566724016307431,12.0,1.0,0.0,1.0,0.0,0.0,1.0
17,160,8.505278329578946,7.805104753857581,0.0,1.0,0.0,0.0,0.0,0.0
18,160,12.0,12.0,0.0,0.0,1.0,0.0,0.0,1.0
19,160,8.123044257563913,9.45788833607788,1.0,0.0,0.0,0.0,1.0,0.0
20,160,3.784221907576253,7.601840801325622,1.0,1.0,0.0,0.0,0.0,0.0
21,160,6.5205734495089365,12.0,1.0,0.0,0.0,0.0,0.0,1.0
22,160,12.0,4.104802925529969,1.0,0.0,0.0,0.0,1.0,1.0
23,160,0.0,9.493139081396164,0.0,0.0,0.0,1.0,1.0,1.0
24,160,0.2740628142918073,9.036380908314785,0.0,1.0,0.0,1.0,0.0,1.0
25,160,7.298616866209358,1.5784829759838432,1.0,1.0,1.0,1.0,1.0,1.0
26,160,3.965682019188121,5.17318184521859,1.0,0.0,0.0,0.0,0.0,0.0
27,160,10.267494424974643,10.079126569942105,0.0,0.0,1.0,0.0,0.0,1.0
28,160,3.918121919074908,1.1202416858782118,0.0,0.0,1.0,0.0,1.0,1.0
29,160,12.0,8.565442277817699,0.0,1.0,1.0,0.0,0.0,1.0
0,165,6.925704288690164,3.198940075350396,0.0,0.0,1.0,1.0,0.0,0.0
1,165,1.916583580006036,11.704598757374487,0.0,0.0,0.0,0.0,1.0,1.0
2,165,8.029338826948853,8.399182101352599,0.0,1.0,0.0,0.0,1.0,0.0
3,165,0.3689250476300015,0.0,0.0,0.0,1.0,0.0,1.0,0.0
4,165,12.0,10.099841441206271,0.0,0.0,0.0,0.0,0.0,0.0
5,165,10.15620499879687,0.0,0.0,1.0,0.0,1.0,0.0,0.0
6,165,11.418613199075022,8.910477731646406,0.0,0.0,0.0,0.0,0.0,1.0
7,165,7.87455007420365,12.0,1.0,1.0,1.0,0.0,1.0,0.0
8,165,3.3758936669381097,4.069990374311347,1.0,1.0,0.0,0.0,1.0,0.0
9,165,3.795281734480043,7.796229565224618,0.0,0.0,0.0,1.0,0.0,0.0
10,165,8.610801545290064,7.897747747899189,0.0,0.0,0.0,0.0,0.0,0.0
11,165,4.13500377043869,10.124144510672368,1.0,0.0,1.0,1.0,1.0,1.0
12,165,12.0,7.858523598451626,0.0,0.0,0.0,0.0,0.0,0.0
13,165,8.206972325866296,0.6491459931177936,0.0,0.0,0.0,0.0,0.0,0.0
14,165,7.362285528906555,1.199009163031476,0.0,0.0,0.0,1.0,0.0,0.0
15,165,5.947635451468351,9.645420570755634,0.0,1.0,0.0,0.0,1.0,1.0
16,165,0.0944803047561001,12.0,1.0,0.0,1.0,0.0,0.0,1.0
17,165,8.607675370395196,7.953380507053121,0.0,1.0,0.0,0.0,0.0,0.0
18,165,12.0,12.0,0.0,0.0,1.0,0.0,0.0,1.0
19,165,8.17326242001165,9.497774329135597,1.0,0.0,0.0,0.0,1.0,0.0
20,165,3.632276307175929,7.618739211836756,1.0,1.0,0.0,0.0,0.0,0.0
21,165,6.548645813184976,12.0,1.0,0.0,0.0,0.0,0.0,1.0
22,165,12.0,4.106624548258668,1.0,0.0,0.0,0.0,1.0,1.0
23,165,0.0,9.48647726755149,0.0,0.0,0.0,1.0,1.0,1.0
24,165,0.1501603069924428,9.037374076093029,0.0,1.0,0.0,1.0,0.0,1.0
25,165,7.17590780744844,1.4598637552715346,1.0,1.0,1.0,1.0,1.0,1.0
26,165,3.96266532963496,5.18896082741799,1.0,0.0,0.0,0.0,0.0,0.0
27,165,10.252399321537712,10.06132220740306,0.0,0.0,1.0,0.0,0.0,1.0
28,165,3.915761555147686,1.1671484377705683,0.0,0.0,1.0,0.0,1.0,1.0
29,165,12.0,8.567506930215375,0.0,1.0,1.0,0.0,0.0,1.0
0,170,6.926551630513467,3.229489636650529,0.0,0.0,1.0,1.0,0.0,0.0
1,170,1.9370232877413447,11.728252678739848,0.0,0.0,0.0,0.0,1.0,1.0
2,170,8.013578316865727,8.422383372008808,0.0,1.0,0.0,0.0,1.0,0.0
3,170,0.3602082886699939,0.0,0.0,0.0,1.0,0.0,1.0,0.0
4,170,12.0,10.15018979687513,0.0,0.0,0.0,0.0,0.0,0.0
5,170,10.149560882213322,0.0,0.0,1.0,0.0,1.0,0.0,0.0
6,170,11.444464962135708,8.905165263235457,0.0,0.0,0.0,0.0,0.0,1.0
7,170,7.874801672080466,12.0,1.0,1.0,1.0,0.0,1.0,0.0
8,170,3.490612499821479,4.098998021232368,1.0,1.0,0.0,0.0,1.0,0.0
9,170,3.666951204392529,7.894608360908407,0.0,0.0,0.0,1.0,0.0,0.0
10,170,8.585332354873334,7.927667049983159,0.0,0.0,0.0,0.0,0.0,0.0
11,170,4.167083954851239,10.149409874821725,1.0,0.0,1.0,1.0,1.0,1.0
12,170,12.0,7.969360715225408,0.0,0.0,0.0,0.0,0.0,0.0
13,170,8.202481146463274,0.522035448450428,0.0,0.0,0.0,0.0,0.0,0.0
14,170,7.461818187483097,1.3034306422299715,0.0,0.0,0.0,1.0,0.0,0.0
15,170,5.911569743245553,9.694585222181493,0.0,1.0,0.0,0.0,1.0,1.0
16,170,0.1342680248914907,12.0,1.0,0.0,1.0,0.0,0.0,1.0
17,170,8.719157122598855,8.111055461406034,0.0,1.0,0.0,0.0,0.0,0.0
18,170,12.0,12.0,0.0,0.0,1.0,0.0,0.0,1.0
19,170,8.225314882992194,9.537965696050057,1.0,0.0,0.0,0.0,1.0,0.0
20,170,3.4818462816430324,7.637373092359318,1.0,1.0,0.0,0.0,0.0,0.0
21,170,6.577918952816964,12.0,1.0,0.0,0.0,0.0,0.0,1.0
22,170,12.0,4.107687152426414,1.0,0.0,0.0,0.0,1.0,1.0
23,170,0.0,9.480220766357135,0.0,0.0,0.0,1.0,1.0,1.0
24,170,0.034352569523734,9.038424593855366,0.0,1.0,0.0,1.0,0.0,1.0
25,170,7.041799143373421,1.33915307955673,1.0,1.0,1.0,1.0,1.0,1.0
26,170,3.96457314873778,5.179669227343758,1.0,0.0,0.0,0.0,0.0,0.0
27,170,10.234727278845032,10.042414117544304,0.0,0.0,1.0,0.0,0.0,1.0
28,170,3.913063825438695,1.2151603204139867,0.0,0.0,1.0,0.0,1.0,1.0
29,170,12.0,8.570423302908086,0.0,1.0,1.0,0.0,0.0,1.0
0,175,6.9275793911698775,3.286877286397901,0.0,0.0,1.0,1.0,0.0,0.0
1,175,1.963295518359237,11.758277991483569,0.0,0.0,0.0,0.0,1.0,1.0
2,175,7.990732813830276,8.45502878474883,0.0,1.0,0.0,0.0,1.0,0.0
3,175,0.3615979459114291,0.003897110125941,0.0,0.0,1.0,0.0,1.0,0.0
4,175,12.0,10.19885058313432,0.0,0.0,0.0,0.0,0.0,0.0
5,175,10.14227559510664,0.0,0.0,1.0,0.0,1.0,0.0,0.0
6,175,11.500791181374677,8.893038838955752,0.0,0.0,0.0,0.0,0.0,1.0
7,175,7.874826547281222,12.0,1.0,1.0,1.0,0.0,1.0,0.0
8,175,3.619766222085163,4.133118596676011,1.0,1.0,0.0,0.0,1.0,0.0
9,175,3.5406354798573654,7.986128053177079,0.0,0.0,0.0,1.0,0.0,0.0
10,175,8.551359210839584,7.965722172947379,0.0,0.0,0.0,0.0,0.0,0.0
11,175,4.2178938253355405,10.189527848434455,1.0,0.0,1.0,1.0,1.0,1.0
12,175,12.0,8.070780898394567,0.0,0.0,0.0,0.0,0.0,0.0
13,175,8.193450677102124,0.3913328494766959,0.0,0.0,0.0,0.0,0.0,0.0
14,175,7.570512406535268,1.425113427097052,0.0,0.0,0.0,1.0,0.0,0.0
15,175,5.866362501620146,9.7554358170729,0.0,1.0,0.0,0.0,1.0,1.0
16,175,0.1811567019641431,12.0,1.0,0.0,1.0,0.0,0.0,1.0
17,175,8.823624585026357,8.264094397811718,0.0,1.0,0.0,0.0,0.0,0.0
18,175,12.0,12.0,0.0,0.0,1.0,0.0,0.0,1.0
19,175,8.279902801636192,9.57802527352594,1.0,0.0,0.0,0.0,1.0,0.0
20,175,3.3169365509486437,7.662309473221428,1.0,1.0,0.0,0.0,0.0,0.0
21,175,6.596157656104306,12.0,1.0,0.0,0.0,0.0,0.0,1.0
22,175,12.0,4.107261006441991,1.0,0.0,0.0,0.0,1.0,1.0
23,175,0.0,9.4704589644213,0.0,0.0,0.0,1.0,1.0,1.0
24,175,0.0,9.040411870357485,0.0,1.0,0.0,1.0,0.0,1.0
25,175,6.897319157960868,1.2071938085860765,1.0,1.0,1.0,1.0,1.0,1.0
26,175,3.964817408812374,5.178469591705889,1.0,0.0,0.0,0.0,0.0,0.0
27,175,10.20330620065382,10.01037235162481,0.0,0.0,1.0,0.0,0.0,1.0
28,175,3.908040138479999,1.276668036953532,0.0,0.0,1.0,0.0,1.0,1.0
29,175,12.0,8.574312870638964,0.0,1.0,1.0,0.0,0.0,1.0
0,180,6.9283905195452,3.36537078234424,0.0,0.0,1.0,1.0,0.0,0.0
1,180,1.9874457794329132,11.785338944096289,0.0,0.0,0.0,0.0,1.0,1.0
2,180,7.964254174971328,8.493614441355147,0.0,1.0,0.0,0.0,1.0,0.0
3,180,0.3633450847277596,0.0090654733982938,0.0,0.0,1.0,0.0,1.0,0.0
4,180,12.0,10.242041400343735,0.0,0.0,0.0,0.0,0.0,0.0
5,180,10.134534081776485,0.0,0.0,1.0,0.0,1.0,0.0,0.0
6,180,11.561845687066237,8.879847897835003,0.0,0.0,0.0,0.0,0.0,1.0
7,180,7.873634104656829,12.0,1.0,1.0,1.0,0.0,1.0,0.0
8,180,3.7484196262205542,4.167360587797376,1.0,1.0,0.0,0.0,1.0,0.0
9,180,3.4057591999339403,8.087717955326166,0.0,0.0,0.0,1.0,0.0,0.0
10,180,8.515837475145506,8.00485142131728,0.0,0.0,0.0,0.0,0.0,0.0
11,180,4.2641120425919645,10.22618334007008,1.0,0.0,1.0,1.0,1.0,1.0
12,180,12.0,8.17904049532491,0.0,0.0,0.0,0.0,0.0,0.0
13,180,8.183539764475313,0.2591235244501951,0.0,0.0,0.0,0.0,0.0,0.0
14,180,7.684046324363462,1.5496337010232986,0.0,0.0,0.0,1.0,0.0,0.0
15,180,5.823015792124971,9.81352649998843,0.0,1.0,0.0,0.0,1.0,1.0
16,180,0.2155993564462276,12.0,1.0,0.0,1.0,0.0,0.0,1.0
17,180,8.931290043712055,8.411992298901051,0.0,1.0,0.0,0.0,0.0,0.0
18,180,12.0,12.0,0.0,0.0,1.0,0.0,0.0,1.0
19,180,8.325899940814098,9.613153672499273,1.0,0.0,0.0,0.0,1.0,0.0
20,180,3.1473586238457005,7.680641996194558,1.0,1.0,0.0,0.0,0.0,0.0
21,180,6.618858089431437,12.0,1.0,0.0,0.0,0.0,0.0,1.0
22,180,12.0,4.106170583466166,1.0,0.0,0.0,0.0,1.0,1.0
23,180,0.0,9.462299308386672,0.0,0.0,0.0,1.0,1.0,1.0
24,180,0.0,9.042093632522064,0.0,1.0,0.0,1.0,0.0,1.0
25,180,6.761258117937816,1.0837680728874626,1.0,1.0,1.0,1.0,1.0,1.0
26,180,3.966790219469444,5.1672163527709705,1.0,0.0,0.0,0.0,0.0,0.0
27,180,10.181928667148364,9.98784691242039,0.0,0.0,1.0,0.0,0.0,1.0
28,180,3.90185654202594,1.3411577528458472,0.0,0.0,1.0,0.0,1.0,1.0
29,180,12.0,8.57656284679462,0.0,1.0,1.0,0.0,0.0,1.0
0,185,6.930977758396516,3.4608408139570312,0.0,0.0,1.0,1.0,0.0,0.0
1,185,2.0341910650610333,11.837481393752531,0.0,0.0,0.0,0.0,1.0,1.0
2,185,7.913879645534825,8.571079877135737,0.0,1.0,0.0,0.0,1.0,0.0
3,185,0.3675675957274152,0.0212897903034582,0.0,0.0,1.0,0.0,1.0,0.0
4,185,12.0,10.285376619354397,0.0,0.0,0.0,0.0,0.0,0.0
5,185,10.125183764730863,0.0,0.0,1.0,0.0,1.0,0.0,0.0
6,185,11.624318529774207,8.865834032154003,0.0,0.0,0.0,0.0,0.0,1.0
7,185,7.871579921832641,12.0,1.0,1.0,1.0,0.0,1.0,0.0
8,185,3.884938415485116,4.205395044170742,1.0,1.0,0.0,0.0,1.0,0.0
9,185,3.2756344915422333,8.186550077823153,0.0,0.0,0.0,1.0,0.0,0.0
10,185,8.476922944609266,8.047374040161209,0.0,0.0,0.0,0.0,0.0,0.0
11,185,4.30525258568507,10.259152673586586,1.0,0.0,1.0,1.0,1.0,1.0
12,185,12.0,8.29404419282715,0.0,0.0,0.0,0.0,0.0,0.0
13,185,8.174124711865295,0.1328764693608786,0.0,0.0,0.0,0.0,0.0,0.0
14,185,7.781889357335959,1.6577050865530167,0.0,0.0,0.0,1.0,0.0,0.0
15,185,5.791037452682254,9.858594517068514,0.0,1.0,0.0,0.0,1.0,1.0
16,185,0.251500246329585,12.0,1.0,0.0,1.0,0.0,0.0,1.0
17,185,9.03417456015858,8.549683189981524,0.0,1.0,0.0,0.0,0.0,0.0
18,185,12.0,12.0,0.0,0.0,1.0,0.0,0.0,1.0
19,185,8.371665959524947,9.647945167376388,1.0,0.0,0.0,0.0,1.0,0.0
20,185,2.9994849549627824,7.7009940932173775,1.0,1.0,0.0,0.0,0.0,0.0
21,185,6.639433293428772,12.0,1.0,0.0,0.0,0.0,0.0,1.0
22,185,12.0,4.10536372511904,1.0,0.0,0.0,0.0,1.0,1.0
23,185,0.0,9.45680179261474,0.0,0.0,0.0,1.0,1.0,1.0
24,185,0.0,9.043025529495708,0.0,1.0,0.0,1.0,0.0,1.0
25,185,6.620011754548131,0.9516250309193552,1.0,1.0,1.0,1.0,1.0,1.0
26,185,3.970250550325405,5.147333979593248,1.0,0.0,0.0,0.0,0.0,0.0
27,185,10.163500915401077,9.967356241529457,0.0,0.0,1.0,0.0,0.0,1.0
28,185,3.894022367226108,1.4112018017781875,0.0,0.0,1.0,0.0,1.0,1.0
29,185,12.0,8.573761949448349,0.0,1.0,1.0,0.0,0.0,1.0
0,190,6.933699285711406,3.574062766107554,0.0,0.0,1.0,1.0,0.0,0.0
1,190,2.0987058530131453,11.905898022351655,0.0,0.0,0.0,0.0,1.0,1.0
2,190,7.858579987095861,8.652352941684684,0.0,1.0,0.0,0.0,1.0,0.0
3,190,0.3720339617432553,0.0340810206536734,0.0,0.0,1.0,0.0,1.0,0.0
4,190,12.0,10.315857360675835,0.0,0.0,0.0,0.0,0.0,0.0
5,190,10.1133374172959,0.0,0.0,1.0,0.0,1.0,0.0,0.0
6,190,11.671344820448546,8.855143343820822,0.0,0.0,0.0,0.0,0.0,1.0
7,190,7.869115314313738,12.0,1.0,1.0,1.0,0.0,1.0,0.0
8,190,4.048260932348136,4.24555061870034,1.0,1.0,0.0,0.0,1.0,0.0
9,190,3.1418712714140606,8.290730423178044,0.0,0.0,0.0,1.0,0.0,0.0
10,190,8.447086955062845,8.01904309096582,0.0,0.0,0.0,0.0,0.0,0.0
11,190,4.329962977026597,10.278061065537283,1.0,0.0,1.0,1.0,1.0,1.0
12,190,12.0,8.41846412969945,0.0,0.0,0.0,0.0,0.0,0.0
13,190,8.166457556403167,0.0296386681651511,0.0,0.0,0.0,0.0,0.0,0.0
14,190,7.876736326339982,1.7579500508989458,0.0,0.0,0.0,1.0,0.0,0.0
15,190,5.760850871094407,9.902497590403945,0.0,1.0,0.0,0.0,1.0,1.0
16,190,0.2917990626172697,12.0,1.0,0.0,1.0,0.0,0.0,1.0
17,190,9.131670257190406,8.690035589172858,0.0,1.0,0.0,0.0,0.0,0.0
18,190,12.0,12.0,0.0,0.0,1.0,0.0,0.0,1.0
19,190,8.419933252470571,9.6852556933054,1.0,0.0,0.0,0.0,1.0,0.0
20,190,2.8765807954558085,7.715914042648099,1.0,1.0,0.0,0.0,0.0,0.0
21,190,6.651081950055768,12.0,1.0,0.0,0.0,0.0,0.0,1.0
22,190,12.0,4.104829779518128,1.0,0.0,0.0,0.0,1.0,1.0
23,190,0.0,9.451356472200368,0.0,0.0,0.0,1.0,1.0,1.0
24,190,0.0,9.04345673038603,0.0,1.0,0.0,1.0,0.0,1.0
25,190,6.488109562060232,0.8315914602344455,1.0,1.0,1.0,1.0,1.0,1.0
26,190,3.974627586956999,5.118650129293445,1.0,0.0,0.0,0.0,0.0,0.0
27,190,10.147207360586172,9.948471009540022,0.0,0.0,1.0,0.0,0.0,1.0
28,190,3.8812849342231424,1.493867729238196,0.0,0.0,1.0,0.0,1.0,1.0
29,190,12.0,8.569494059381178,0.0,1.0,1.0,0.0,0.0,1.0
0,195,6.937980312513759,3.6947423929768455,0.0,0.0,1.0,1.0,0.0,0.0
1,195,2.1569101575981406,11.965976990413862,0.0,0.0,0.0,0.0,1.0,1.0
2,195,7.7924228906749855,8.744821415476036,0.0,1.0,0.0,0.0,1.0,0.0
3,195,0.3726938392418443,0.0359835920827156,0.0,0.0,1.0,0.0,1.0,0.0
4,195,12.0,10.347608484304766,0.0,0.0,0.0,0.0,0.0,0.0
5,195,10.104332312067248,0.0,0.0,1.0,0.0,1.0,0.0,0.0
6,195,11.71601212242101,8.84475588980342,0.0,0.0,0.0,0.0,0.0,1.0
7,195,7.867086090668862,12.0,1.0,1.0,1.0,0.0,1.0,0.0
8,195,4.199028155873314,4.28115683935015,1.0,1.0,0.0,0.0,1.0,0.0
9,195,3.0009416938135223,8.400103845818775,0.0,0.0,0.0,1.0,0.0,0.0
10,195,8.418644785959305,7.991148635962197,0.0,0.0,0.0,0.0,0.0,0.0
11,195,4.3612761295759,10.234583354254005,1.0,0.0,1.0,1.0,1.0,1.0
12,195,12.0,8.550438569272494,0.0,0.0,0.0,0.0,0.0,0.0
13,195,8.15627407700597,0.0,0.0,0.0,0.0,0.0,0.0,0.0
14,195,7.981385230397769,1.8677038352650197,0.0,0.0,0.0,1.0,0.0,0.0
15,195,5.740442649478463,9.93300674833598,0.0,1.0,0.0,0.0,1.0,1.0
16,195,0.3337904652194621,12.0,1.0,0.0,1.0,0.0,0.0,1.0
17,195,9.225899509267524,8.81587261170849,0.0,1.0,0.0,0.0,0.0,0.0
18,195,12.0,12.0,0.0,0.0,1.0,0.0,0.0,1.0
19,195,8.484484440012185,9.731740590603822,1.0,0.0,0.0,0.0,1.0,0.0
20,195,2.753355961489779,7.724921729360858,1.0,1.0,0.0,0.0,0.0,0.0
21,195,6.670864078456473,12.0,1.0,0.0,0.0,0.0,0.0,1.0
22,195,12.0,4.1049235281187,1.0,0.0,0.0,0.0,1.0,1.0
23,195,0.0,9.445919901903856,0.0,0.0,0.0,1.0,1.0,1.0
24,195,0.0,9.046794195871044,0.0,1.0,0.0,1.0,0.0,1.0
25,195,6.349930581698969,0.706839900578125,1.0,1.0,1.0,1.0,1.0,1.0
26,195,3.97825396506272,5.095337706736528,1.0,0.0,0.0,0.0,0.0,0.0
27,195,10.130831319334442,9.929432846855946,0.0,0.0,1.0,0.0,0.0,1.0
28,195,3.869635273686658,1.5691278275350085,0.0,0.0,1.0,0.0,1.0,1.0
29,195,12.0,8.563345186232665,0.0,1.0,1.0,0.0,0.0,1.0
0,200,6.947400145845681,3.82345793849764,0.0,0.0,1.0,1.0,0.0,0.0
1,200,2.212879206356165,12.0,0.0,0.0,0.0,0.0,1.0,1.0
2,200,7.733012229934772,8.828535401055314,0.0,1.0,0.0,0.0,1.0,0.0
3,200,0.374466869568586,0.0411859334303509,0.0,0.0,1.0,0.0,1.0,0.0
4,200,12.0,10.363396054478777,0.0,0.0,0.0,0.0,0.0,0.0
5,200,10.094029242161469,0.0,0.0,1.0,0.0,1.0,0.0,0.0
6,200,11.780426579999125,8.83325467402892,0.0,0.0,0.0,0.0,0.0,1.0
7,200,7.865656376534858,12.0,1.0,1.0,1.0,0.0,1.0,0.0
8,200,4.336200566183224,4.315434688306167,1.0,1.0,0.0,0.0,1.0,0.0
9,200,2.8400978651352333,8.519341012634865,0.0,0.0,0.0,1.0,0.0,0.0
10,200,8.38221208265288,7.956946253375651,0.0,0.0,0.0,0.0,0.0,0.0
11,200,4.391546949373827,10.191826279774087,1.0,0.0,1.0,1.0,1.0,1.0
12,200,12.0,8.6890068883514,0.0,0.0,0.0,0.0,0.0,0.0
13,200,8.144657859166394,0.0,0.0,0.0,0.0,0.0,0.0,0.0
14,200,8.080325885173695,1.9704789820067337,0.0,0.0,0.0,1.0,0.0,0.0
15,200,5.7118837902232205,9.975519940337971,0.0,1.0,0.0,0.0,1.0,1.0
16,200,0.3772436996086273,12.0,1.0,0.0,1.0,0.0,0.0,1.0
17,200,9.3239942344037,8.953703754317953,0.0,1.0,0.0,0.0,0.0,0.0
18,200,12.0,12.0,0.0,0.0,1.0,0.0,0.0,1.0
19,200,8.524417044200701,9.76150666145432,1.0,0.0,0.0,0.0,1.0,0.0
20,200,2.664479926615404,7.734169396543918,1.0,1.0,0.0,0.0,0.0,0.0
21,200,6.688321207994551,12.0,1.0,0.0,0.0,0.0,0.0,1.0
22,200,12.0,4.10473795697714,1.0,0.0,0.0,0.0,1.0,1.0
23,200,0.0,9.44132327505809,0.0,0.0,0.0,1.0,1.0,1.0
24,200,0.0,9.050623745554304,0.0,1.0,0.0,1.0,0.0,1.0
25,200,6.205409866018653,0.5845364588817934,1.0,1.0,1.0,1.0,1.0,1.0
26,200,3.982120789262289,5.069232069032869,1.0,0.0,0.0,0.0,0.0,0.0
27,200,10.10738615955853,9.903890052615845,0.0,0.0,1.0,0.0,0.0,1.0
28,200,3.8594907066362096,1.6530601486700072,0.0,0.0,1.0,0.0,1.0,1.0
29,200,12.0,8.563603271584475,0.0,1.0,1.0,0.0,0.0,1.0
0,205,6.9554518420585705,3.941224897625572,0.0,0.0,1.0,1.0,0.0,0.0
1,205,2.2563889138189857,12.0,0.0,0.0,0.0,0.0,1.0,1.0
2,205,7.81390021091392,8.884244659608957,0.0,1.0,0.0,0.0,1.0,0.0
3,205,0.3814156332066706,0.0612195350277991,0.0,0.0,1.0,0.0,1.0,0.0
4,205,12.0,10.380625347091382,0.0,0.0,0.0,0.0,0.0,0.0
5,205,10.083446479879216,0.0,0.0,1.0,0.0,1.0,0.0,0.0
6,205,11.83988005359808,8.821640697255418,0.0,0.0,0.0,0.0,0.0,1.0
7,205,7.862946183464619,12.0,1.0,1.0,1.0,0.0,1.0,0.0
8,205,4.472492194304183,4.349869178503168,1.0,1.0,0.0,0.0,1.0,0.0
9,205,2.673525034007172,8.638309875607668,0.0,0.0,0.0,1.0,0.0,0.0
10,205,8.354093823138944,7.929820311968288,0.0,0.0,0.0,0.0,0.0,0.0
11,205,4.420678591861943,10.152187197891722,1.0,0.0,1.0,1.0,1.0,1.0
12,205,12.0,8.83027714186107,0.0,0.0,0.0,0.0,0.0,0.0
13,205,8.129627381933114,0.0,0.0,0.0,0.0,0.0,0.0,0.0
14,205,8.181961925251965,2.079204778245965,0.0,0.0,0.0,1.0,0.0,0.0
15,205,5.696167281823979,10.000021915393598,0.0,1.0,0.0,0.0,1.0,1.0
16,205,0.4117993413723502,12.0,1.0,0.0,1.0,0.0,0.0,1.0
17,205,9.422931459650934,9.091888644449574,0.0,1.0,0.0,0.0,0.0,0.0
18,205,12.0,12.0,0.0,0.0,1.0,0.0,0.0,1.0
19,205,8.57842768109648,9.799318912155435,1.0,0.0,0.0,0.0,1.0,0.0
20,205,2.5867629170549367,7.740236507456918,1.0,1.0,0.0,0.0,0.0,0.0
21,205,6.690929580525345,12.0,1.0,0.0,0.0,0.0,0.0,1.0
22,205,12.0,4.105701305732884,1.0,0.0,0.0,0.0,1.0,1.0
23,205,0.0,9.437106736024624,0.0,0.0,0.0,1.0,1.0,1.0
24,205,0.0,9.052254620215178,0.0,1.0,0.0,1.0,0.0,1.0
25,205,6.079947660013581,0.4750751138110434,1.0,1.0,1.0,1.0,1.0,1.0
26,205,3.991680725100076,5.014556197986428,1.0,0.0,0.0,0.0,0.0,0.0
27,205,10.079566282512792,9.873828170948224,0.0,0.0,1.0,0.0,0.0,1.0
28,205,3.852871990362902,1.7149269411838133,0.0,0.0,1.0,0.0,1.0,1.0
29,205,12.0,8.570855362815594,0.0,1.0,1.0,0.0,0.0,1.0
0,210,6.9654568097321,4.086042439899668,0.0,0.0,1.0,1.0,0.0,0.0
1,210,2.2852338171496736,12.0,0.0,0.0,0.0,0.0,1.0,1.0
2,210,7.896203205457323,8.942413251349581,0.0,1.0,0.0,0.0,1.0,0.0
3,210,0.3884314825075571,0.0799702991708262,0.0,0.0,1.0,0.0,1.0,0.0
4,210,12.0,10.39841877663366,0.0,0.0,0.0,0.0,0.0,0.0
5,210,10.069325216336589,0.0,0.0,1.0,0.0,1.0,0.0,0.0
6,210,11.905232936523303,8.810722082498575,0.0,0.0,0.0,0.0,0.0,1.0
7,210,7.859677830957749,12.0,1.0,1.0,1.0,0.0,1.0,0.0
8,210,4.607905655511424,4.383026985558464,1.0,1.0,0.0,0.0,1.0,0.0
9,210,2.497951255952413,8.763496953344468,0.0,0.0,0.0,1.0,0.0,0.0
10,210,8.336379014635268,7.913648166697852,0.0,0.0,0.0,0.0,0.0,0.0
11,210,4.44536100463805,10.117817422619128,1.0,0.0,1.0,1.0,1.0,1.0
12,210,12.0,8.973934410266946,0.0,0.0,0.0,0.0,0.0,0.0
13,210,8.117395074017915,0.0,0.0,0.0,0.0,0.0,0.0,0.0
14,210,8.270449176130313,2.1718456918167126,0.0,0.0,0.0,1.0,0.0,0.0
15,210,5.675049588303379,10.032317358509014,0.0,1.0,0.0,0.0,1.0,1.0
16,210,0.4435971713299851,12.0,1.0,0.0,1.0,0.0,0.0,1.0
17,210,9.527627551058442,9.240921808278731,0.0,1.0,0.0,0.0,0.0,0.0
18,210,12.0,12.0,0.0,0.0,1.0,0.0,0.0,1.0
19,210,8.640408840790295,9.841312050413054,1.0,0.0,0.0,0.0,1.0,0.0
20,210,2.5187420788609085,7.745117421805935,1.0,1.0,0.0,0.0,0.0,0.0
21,210,6.687975623325691,11.99656307888873,1.0,0.0,0.0,0.0,0.0,1.0
22,210,12.0,4.107862914949328,1.0,0.0,0.0,0.0,1.0,1.0
23,210,0.0,9.433932161454212,0.0,0.0,0.0,1.0,1.0,1.0
24,210,0.0,9.050502807038798,0.0,1.0,0.0,1.0,0.0,1.0
25,210,5.951482035798659,0.3533368493929908,1.0,1.0,1.0,1.0,1.0,1.0
26,210,4.005625474576168,4.936908421400399,1.0,0.0,0.0,0.0,0.0,0.0
27,210,10.051876105757165,9.84484940097111,0.0,0.0,1.0,0.0,0.0,1.0
28,210,3.848170496740369,1.7571019989076124,0.0,0.0,1.0,0.0,1.0,1.0
29,210,12.0,8.585260474646253,0.0,1.0,1.0,0.0,0.0,1.0
0,215,6.977190277732655,4.239341960073302,0.0,0.0,1.0,1.0,0.0,0.0
1,215,2.327219348517461,12.0,0.0,0.0,0.0,0.0,1.0,1.0
2,215,7.989949130875465,9.004062175322932,0.0,1.0,0.0,0.0,1.0,0.0
3,215,0.3859259514599424,0.0733456972751144,0.0,0.0,1.0,0.0,1.0,0.0
4,215,12.0,10.416719496844763,0.0,0.0,0.0,0.0,0.0,0.0
5,215,10.058096605913033,0.0,0.0,1.0,0.0,1.0,0.0,0.0
6,215,11.96518760584203,8.803327366461858,0.0,0.0,0.0,0.0,0.0,1.0
7,215,7.856473063410682,12.0,1.0,1.0,1.0,0.0,1.0,0.0
8,215,4.74668218925421,4.4191732830221975,1.0,1.0,0.0,0.0,1.0,0.0
9,215,2.322562877633969,8.89030386362573,0.0,0.0,0.0,1.0,0.0,0.0
10,215,8.322874169418645,7.90183313549255,0.0,0.0,0.0,0.0,0.0,0.0
11,215,4.473444481354742,10.077623573071593,1.0,0.0,1.0,1.0,1.0,1.0
12,215,12.0,9.107535221291773,0.0,0.0,0.0,0.0,0.0,0.0
13,215,8.10343618052442,0.0,0.0,0.0,0.0,0.0,0.0,0.0
14,215,8.360687014646393,2.2668027436249445,0.0,0.0,0.0,1.0,0.0,0.0
15,215,5.656917649583,10.059318611716789,0.0,1.0,0.0,0.0,1.0,1.0
16,215,0.4721342449514105,12.0,1.0,0.0,1.0,0.0,0.0,1.0
17,215,9.638161822450916,9.401981977138476,0.0,1.0,0.0,0.0,0.0,0.0
18,215,12.0,12.0,0.0,0.0,1.0,0.0,0.0,1.0
19,215,8.70847519581522,9.885571544290547,1.0,0.0,0.0,0.0,1.0,0.0
20,215,2.449179290404482,7.751801209591922,1.0,1.0,0.0,0.0,0.0,0.0
21,215,6.687117660268474,11.995598867530182,1.0,0.0,0.0,0.0,0.0,1.0
22,215,12.0,4.1098032570282745,1.0,0.0,0.0,0.0,1.0,1.0
23,215,0.0,9.428819762315724,0.0,0.0,0.0,1.0,1.0,1.0
24,215,0.0,9.050062623378729,0.0,1.0,0.0,1.0,0.0,1.0
25,215,5.820884402236031,0.2269972782366428,1.0,1.0,1.0,1.0,1.0,1.0
26,215,4.01744032226433,4.86765243642271,1.0,0.0,0.0,0.0,0.0,0.0
27,215,10.025391378944276,9.817523435321895,0.0,0.0,1.0,0.0,0.0,1.0
28,215,3.842753541070686,1.809476888092556,0.0,0.0,1.0,0.0,1.0,1.0
29,215,12.0,8.598856133982633,0.0,1.0,1.0,0.0,0.0,1.0
0,220,6.987276164111558,4.376527932834169,0.0,0.0,1.0,1.0,0.0,0.0
1,220,2.3627203724136034,12.0,0.0,0.0,0.0,0.0,1.0,1.0
2,220,8.068154728299856,9.052579266865836,0.0,1.0,0.0,0.0,1.0,0.0
3,220,0.387618974333186,0.0782431997974519,0.0,0.0,1.0,0.0,1.0,0.0
4,220,12.0,10.435179591719889,0.0,0.0,0.0,0.0,0.0,0.0
5,220,10.04654236874158,0.0,0.0,1.0,0.0,1.0,0.0,0.0
6,220,11.998360012700784,8.800571266518226,0.0,0.0,0.0,0.0,0.0,1.0
7,220,7.851467599912406,12.0,1.0,1.0,1.0,0.0,1.0,0.0
8,220,4.921340933026752,4.468340475241291,1.0,1.0,0.0,0.0,1.0,0.0
9,220,2.1529801251871943,9.010609092000548,0.0,0.0,0.0,1.0,0.0,0.0
10,220,8.322322976811934,7.901373910029416,0.0,0.0,0.0,0.0,0.0,0.0
11,220,4.507412554529749,10.02966865291326,1.0,0.0,1.0,1.0,1.0,1.0
12,220,12.0,9.260369282920031,0.0,0.0,0.0,0.0,0.0,0.0
13,220,8.090004974293038,0.0,0.0,0.0,0.0,0.0,0.0,0.0
14,220,8.463783378801919,2.171046383710776,0.0,0.0,0.0,1.0,0.0,0.0
15,220,5.638188071451278,10.087877018335815,0.0,1.0,0.0,0.0,1.0,1.0
16,220,0.5061879126684551,12.0,1.0,0.0,1.0,0.0,0.0,1.0
17,220,9.747291828689182,9.572130143793167,0.0,1.0,0.0,0.0,0.0,0.0
18,220,12.0,12.0,0.0,0.0,1.0,0.0,0.0,1.0
19,220,8.781929921805315,9.933550231161831,1.0,0.0,0.0,0.0,1.0,0.0
20,220,2.341475446632314,7.762229992250886,1.0,1.0,0.0,0.0,0.0,0.0
21,220,6.693668633428959,12.0,1.0,0.0,0.0,0.0,0.0,1.0
22,220,12.0,4.111856793954383,1.0,0.0,0.0,0.0,1.0,1.0
23,220,0.0,9.42189485091554,0.0,0.0,0.0,1.0,1.0,1.0
24,220,0.0,9.047857817166731,0.0,1.0,0.0,1.0,0.0,1.0
25,220,5.699584554733061,0.1100125216140825,1.0,1.0,1.0,1.0,1.0,1.0
26,220,4.024911110635595,4.814647668800843,1.0,0.0,0.0,0.0,0.0,0.0
27,220,10.003062237557534,9.794579980656591,0.0,0.0,1.0,0.0,0.0,1.0
28,220,3.8385718111909055,1.8566427876749756,0.0,0.0,1.0,0.0,1.0,1.0
29,220,12.0,8.60861366818459,0.0,1.0,1.0,0.0,0.0,1.0
0,225,7.000898885958947,4.511287895856637,0.0,0.0,1.0,1.0,0.0,0.0
1,225,2.404771011578281,12.0,0.0,0.0,0.0,0.0,1.0,1.0
2,225,8.158772022161473,9.105507744952028,0.0,1.0,0.0,0.0,1.0,0.0
3,225,0.3886646509060977,0.0813336984865518,0.0,0.0,1.0,0.0,1.0,0.0
4,225,12.0,10.453390954162984,0.0,0.0,0.0,0.0,0.0,0.0
5,225,10.03506723480916,0.0,0.0,1.0,0.0,1.0,0.0,0.0
6,225,12.0,8.79778738727744,0.0,0.0,0.0,0.0,0.0,1.0
7,225,7.845731232206337,12.0,1.0,1.0,1.0,0.0,1.0,0.0
8,225,5.100087304723846,4.524513299163388,1.0,1.0,0.0,0.0,1.0,0.0
9,225,1.991584777488277,9.120103038551656,0.0,0.0,0.0,1.0,0.0,0.0
10,225,8.333826206147045,7.911001171025755,0.0,0.0,0.0,0.0,0.0,0.0
11,225,4.557280266267325,9.958887764431037,1.0,0.0,1.0,1.0,1.0,1.0
12,225,12.0,9.41441642268646,0.0,0.0,0.0,0.0,0.0,0.0
13,225,8.075151369696938,0.0,0.0,0.0,0.0,0.0,0.0,0.0
14,225,8.568707294491558,2.0765933912332524,0.0,0.0,0.0,1.0,0.0,0.0
15,225,5.6250583295652365,10.108212679508458,0.0,1.0,0.0,0.0,1.0,1.0
16,225,0.5400338090307368,12.0,1.0,0.0,1.0,0.0,0.0,1.0
17,225,9.847477942579138,9.728954879694555,0.0,1.0,0.0,0.0,0.0,0.0
18,225,12.0,12.0,0.0,0.0,1.0,0.0,0.0,1.0
19,225,8.860155755775162,9.985675259730172,1.0,0.0,0.0,0.0,1.0,0.0
20,225,2.237911867249541,7.76933238081207,1.0,1.0,0.0,0.0,0.0,0.0
21,225,6.705613472564044,12.0,1.0,0.0,0.0,0.0,0.0,1.0
22,225,12.0,4.113537474096916,1.0,0.0,0.0,0.0,1.0,1.0
23,225,0.0,9.420847150109646,0.0,0.0,0.0,1.0,1.0,1.0
24,225,0.0,9.04889406768771,0.0,1.0,0.0,1.0,0.0,1.0
25,225,5.593642853710753,0.0046608642172196,1.0,1.0,1.0,1.0,1.0,1.0
26,225,4.034305748581503,4.758958710419584,1.0,0.0,0.0,0.0,0.0,0.0
27,225,9.978066143662025,9.768504308872226,0.0,0.0,1.0,0.0,0.0,1.0
28,225,3.833457723706007,1.9195554560782848,0.0,0.0,1.0,0.0,1.0,1.0
29,225,12.0,8.617439153706943,0.0,1.0,1.0,0.0,0.0,1.0
0,230,7.013294308548809,4.6722401369089495,0.0,0.0,1.0,1.0,0.0,0.0
1,230,2.434887190299071,12.0,0.0,0.0,0.0,0.0,1.0,1.0
2,230,8.267019344486181,9.169310970163204,0.0,1.0,0.0,0.0,1.0,0.0
3,230,0.3940685995339698,0.0964321301536993,0.0,0.0,1.0,0.0,1.0,0.0
4,230,12.0,10.468564583422424,0.0,0.0,0.0,0.0,0.0,0.0
5,230,10.021414018628686,0.0,0.0,1.0,0.0,1.0,0.0,0.0
6,230,12.0,8.795663247251362,0.0,0.0,0.0,0.0,0.0,1.0
7,230,7.840364589743342,12.0,1.0,1.0,1.0,0.0,1.0,0.0
8,230,5.272868113862868,4.578566958841685,1.0,1.0,0.0,0.0,1.0,0.0
9,230,1.814782674476881,9.240938422349572,0.0,0.0,0.0,1.0,0.0,0.0
10,230,8.359335881326981,7.932807920911363,0.0,0.0,0.0,0.0,0.0,0.0
11,230,4.5947664803767365,9.90400625068995,1.0,0.0,1.0,1.0,1.0,1.0
12,230,12.0,9.580745823511528,0.0,0.0,0.0,0.0,0.0,0.0
13,230,8.060932930014866,0.0,0.0,0.0,0.0,0.0,0.0,0.0
14,230,8.661617566575513,1.991413202565492,0.0,0.0,0.0,1.0,0.0,0.0
15,230,5.608772964955489,10.133991197883434,0.0,1.0,0.0,0.0,1.0,1.0
16,230,0.487362758643274,12.0,1.0,0.0,1.0,0.0,0.0,1.0
17,230,9.932288859313768,9.866213206859722,0.0,1.0,0.0,0.0,0.0,0.0
18,230,12.0,12.0,0.0,0.0,1.0,0.0,0.0,1.0
19,230,8.928149778534648,10.03054985975546,1.0,0.0,0.0,0.0,1.0,0.0
20,230,2.1535454292701264,7.775799450475893,1.0,1.0,0.0,0.0,0.0,0.0
21,230,6.686859347936349,12.0,1.0,0.0,0.0,0.0,0.0,1.0
22,230,12.0,4.116499949887753,1.0,0.0,0.0,0.0,1.0,1.0
23,230,0.0,9.423270394914743,0.0,0.0,0.0,1.0,1.0,1.0
24,230,0.0,9.04952717658014,0.0,1.0,0.0,1.0,0.0,1.0
25,230,5.476148078874609,0.0,1.0,1.0,1.0,1.0,1.0,1.0
26,230,4.0386315395659,4.730855803428649,1.0,0.0,0.0,0.0,0.0,0.0
27,230,9.97130655099064,9.761216285423505,0.0,0.0,1.0,0.0,0.0,1.0
28,230,3.829723272283031,1.96749885865636,0.0,0.0,1.0,0.0,1.0,1.0
29,230,12.0,8.625079889994621,0.0,1.0,1.0,0.0,0.0,1.0
0,235,7.029116039800689,4.863883183251561,0.0,0.0,1.0,1.0,0.0,0.0
1,235,2.4728993336788454,12.0,0.0,0.0,0.0,0.0,1.0,1.0
2,235,8.362603517388202,9.22435336542046,0.0,1.0,0.0,0.0,1.0,0.0
3,235,0.39619229233675,0.1026737415842997,0.0,0.0,1.0,0.0,1.0,0.0
4,235,12.0,10.49477764967596,0.0,0.0,0.0,0.0,0.0,0.0
5,235,10.010688011054484,0.0,0.0,1.0,0.0,1.0,0.0,0.0
6,235,12.0,8.79317137876385,0.0,0.0,0.0,0.0,0.0,1.0
7,235,7.836717970783332,12.0,1.0,1.0,1.0,0.0,1.0,0.0
8,235,5.444070550564508,4.632819866905752,1.0,1.0,0.0,0.0,1.0,0.0
9,235,1.6398597032011708,9.363414131630217,0.0,0.0,0.0,1.0,0.0,0.0
10,235,8.397810535479284,7.965822072919226,0.0,0.0,0.0,0.0,0.0,0.0
11,235,4.63232304093199,9.846917773554503,1.0,0.0,1.0,1.0,1.0,1.0
12,235,12.0,9.74104824265375,0.0,0.0,0.0,0.0,0.0,0.0
13,235,8.047140016711646,0.0,0.0,0.0,0.0,0.0,0.0,0.0
14,235,8.758938459684927,1.8979901806699744,0.0,0.0,0.0,1.0,0.0,0.0
15,235,5.588356441675674,10.16670064720105,0.0,1.0,0.0,0.0,1.0,1.0
16,235,0.4132828093871512,12.0,1.0,0.0,1.0,0.0,0.0,1.0
17,235,9.99913048671523,9.978129999287628,0.0,1.0,0.0,0.0,0.0,0.0
18,235,12.0,12.0,0.0,0.0,1.0,0.0,0.0,1.0
19,235,8.998261386221953,10.075600078253094,1.0,0.0,0.0,0.0,1.0,0.0
20,235,2.065377652556021,7.780151711740437,1.0,1.0,0.0,0.0,0.0,0.0
21,235,6.649434967372257,12.0,1.0,0.0,0.0,0.0,0.0,1.0
22,235,12.0,4.122307714066225,1.0,0.0,0.0,0.0,1.0,1.0
23,235,0.0,9.428752449876256,0.0,0.0,0.0,1.0,1.0,1.0
24,235,0.0,9.049397092751002,0.0,1.0,0.0,1.0,0.0,1.0
25,235,5.354165495077845,0.0,1.0,1.0,1.0,1.0,1.0,1.0
26,235,4.045253820580677,4.687943395133644,1.0,0.0,0.0,0.0,0.0,0.0
27,235,9.97080593488182,9.760684102634125,0.0,0.0,1.0,0.0,0.0,1.0
28,235,3.8258977234177536,2.019712632602909,0.0,0.0,1.0,0.0,1.0,1.0
29,235,12.0,8.632585626399962,0.0,1.0,1.0,0.0,0.0,1.0
0,240,7.047383465073861,5.057409752434683,0.0,0.0,1.0,1.0,0.0,0.0
1,240,2.520519597769643,12.0,0.0,0.0,0.0,0.0,1.0,1.0
2,240,8.453097613904117,9.276185872529906,0.0,1.0,0.0,0.0,1.0,0.0
3,240,0.3953824195725153,0.0999977098046818,0.0,0.0,1.0,0.0,1.0,0.0
4,240,12.0,10.514815691423058,0.0,0.0,0.0,0.0,0.0,0.0
5,240,9.99892167860154,0.0,0.0,1.0,0.0,1.0,0.0,0.0
6,240,12.0,8.791929191024948,0.0,0.0,0.0,0.0,0.0,1.0
7,240,7.830602718821921,12.0,1.0,1.0,1.0,0.0,1.0,0.0
8,240,5.601760373608404,4.6793101622050335,1.0,1.0,0.0,0.0,1.0,0.0
9,240,1.4661944501143174,9.486795960550726,0.0,0.0,0.0,1.0,0.0,0.0
10,240,8.432135363589522,7.996986553904641,0.0,0.0,0.0,0.0,0.0,0.0
11,240,4.677918929543236,9.783511121280528,1.0,0.0,1.0,1.0,1.0,1.0
12,240,12.0,9.92088916931854,0.0,0.0,0.0,0.0,0.0,0.0
13,240,8.031695471645747,0.0,0.0,0.0,0.0,0.0,0.0,0.0
14,240,8.847320024927507,1.8122723674778545,0.0,0.0,0.0,1.0,0.0,0.0
15,240,5.569923838398131,10.19648002753985,0.0,1.0,0.0,0.0,1.0,1.0
16,240,0.3312409507387706,12.0,1.0,0.0,1.0,0.0,0.0,1.0
17,240,10.06936426442726,10.100576934312754,0.0,1.0,0.0,0.0,0.0,0.0
18,240,11.992538451901464,11.99765009996421,0.0,0.0,1.0,0.0,0.0,1.0
19,240,9.072551428052918,10.122162364978587,1.0,0.0,0.0,0.0,1.0,0.0
20,240,1.974881246599554,7.784628041586055,1.0,1.0,0.0,0.0,0.0,0.0
21,240,6.609321375418606,12.0,1.0,0.0,0.0,0.0,0.0,1.0
22,240,12.0,4.129653679685678,1.0,0.0,0.0,0.0,1.0,1.0
23,240,0.0,9.434273907657746,0.0,0.0,0.0,1.0,1.0,1.0
24,240,0.0,9.045788235037811,0.0,1.0,0.0,1.0,0.0,1.0
25,240,5.257929152658041,0.0,1.0,1.0,1.0,1.0,1.0,1.0
26,240,4.0521702802585775,4.646863528997091,1.0,0.0,0.0,0.0,0.0,0.0
27,240,9.97305981027912,9.763075909330896,0.0,0.0,1.0,0.0,0.0,1.0
28,240,3.823006108698541,2.060421287724516,0.0,0.0,1.0,0.0,1.0,1.0
29,240,12.0,8.643487296358032,0.0,1.0,1.0,0.0,0.0,1.0
0,245,7.072569818372697,5.283546555529643,0.0,0.0,1.0,1.0,0.0,0.0
1,245,2.586842080858647,12.0,0.0,0.0,0.0,0.0,1.0,1.0
2,245,8.541809926296494,9.328424112941931,0.0,1.0,0.0,0.0,1.0,0.0
3,245,0.3857716420607625,0.07407963399188,0.0,0.0,1.0,0.0,1.0,0.0
4,245,12.0,10.542287689918648,0.0,0.0,0.0,0.0,0.0,0.0
5,245,9.98618496166872,0.0,0.0,1.0,0.0,1.0,0.0,0.0
6,245,12.0,8.790731128748368,0.0,0.0,0.0,0.0,0.0,1.0
7,245,7.827163588668635,12.0,1.0,1.0,1.0,0.0,1.0,0.0
8,245,5.773521090636351,4.730286367372048,1.0,1.0,0.0,0.0,1.0,0.0
9,245,1.3472142963269822,9.31409935174721,0.0,0.0,0.0,1.0,0.0,0.0
10,245,8.458715365323181,8.022162876111434,0.0,0.0,0.0,0.0,0.0,0.0
11,245,4.723745466109992,9.717367140074948,1.0,0.0,1.0,1.0,1.0,1.0
12,245,12.0,10.091014613494847,0.0,0.0,0.0,0.0,0.0,0.0
13,245,8.011884525879413,0.0,0.0,0.0,0.0,0.0,0.0,0.0
14,245,8.758866700008685,1.7297139499690162,0.0,0.0,0.0,1.0,0.0,0.0
15,245,5.565906179446917,10.20275352628131,0.0,1.0,0.0,0.0,1.0,1.0
16,245,0.2535653806632814,12.0,1.0,0.0,1.0,0.0,0.0,1.0
17,245,10.135032186604638,10.214331653262745,0.0,1.0,0.0,0.0,0.0,0.0
18,245,12.0,12.0,0.0,0.0,1.0,0.0,0.0,1.0
19,245,9.14485455880702,10.168001098721938,1.0,0.0,0.0,0.0,1.0,0.0
20,245,1.894912516371872,7.790041412595205,1.0,1.0,0.0,0.0,0.0,0.0
21,245,6.570939260838518,12.0,1.0,0.0,0.0,0.0,0.0,1.0
22,245,12.0,4.135668215947035,1.0,0.0,0.0,0.0,1.0,1.0
23,245,0.0,9.434261819615877,0.0,0.0,0.0,1.0,1.0,1.0
24,245,0.0,9.042695170172111,0.0,1.0,0.0,1.0,0.0,1.0
25,245,5.166139661437476,0.0,1.0,1.0,1.0,1.0,1.0,1.0
26,245,4.0598896557579405,4.600304164104583,1.0,0.0,0.0,0.0,0.0,0.0
27,245,9.97152293546685,9.761393646745736,0.0,0.0,1.0,0.0,0.0,1.0
28,245,3.820948767505541,2.0985133169163546,0.0,0.0,1.0,0.0,1.0,1.0
29,245,12.0,8.652831665588346,0.0,1.0,1.0,0.0,0.0,1.0
0,250,7.095563587261615,5.490281918222342,0.0,0.0,1.0,1.0,0.0,0.0
1,250,2.6410139245890543,12.0,0.0,0.0,0.0,0.0,1.0,1.0
2,250,8.616560621024774,9.375525780279975,0.0,1.0,0.0,0.0,1.0,0.0
3,250,0.3845057183996008,0.0704295749013614,0.0,0.0,1.0,0.0,1.0,0.0
4,250,12.0,10.573249226867372,0.0,0.0,0.0,0.0,0.0,0.0
5,250,9.97665983248751,0.0,0.0,1.0,0.0,1.0,0.0,0.0
6,250,12.0,8.786860834827104,0.0,0.0,0.0,0.0,0.0,1.0
7,250,7.823540446656153,12.0,1.0,1.0,1.0,0.0,1.0,0.0
8,250,5.9400379994564325,4.777842386547531,1.0,1.0,0.0,0.0,1.0,0.0
9,250,1.236960418048034,9.154734771983502,0.0,0.0,0.0,1.0,0.0,0.0
10,250,8.48766013765996,8.049529764354352,0.0,0.0,0.0,0.0,0.0,0.0
11,250,4.760138754726723,9.66518453652476,1.0,0.0,1.0,1.0,1.0,1.0
12,250,12.0,10.268007641844864,0.0,0.0,0.0,0.0,0.0,0.0
13,250,7.9901055758005874,0.0,0.0,0.0,0.0,0.0,0.0,0.0
14,250,8.673487096663692,1.6467722899053865,0.0,0.0,0.0,1.0,0.0,0.0
15,250,5.561031513030719,10.21030993695873,0.0,1.0,0.0,0.0,1.0,1.0
16,250,0.1678295777063082,12.0,1.0,0.0,1.0,0.0,0.0,1.0
17,250,10.198655351613894,10.324143164414984,0.0,1.0,0.0,0.0,0.0,0.0
18,250,12.0,12.0,0.0,0.0,1.0,0.0,0.0,1.0
19,250,9.209542062853693,10.210696707231552,1.0,0.0,0.0,0.0,1.0,0.0
20,250,1.843478527583891,7.793156772794519,1.0,1.0,0.0,0.0,0.0,0.0
21,250,6.533547037156913,12.0,1.0,0.0,0.0,0.0,0.0,1.0
22,250,12.0,4.140827092911044,1.0,0.0,0.0,0.0,1.0,1.0
23,250,0.0,9.430293043802388,0.0,0.0,0.0,1.0,1.0,1.0
24,250,0.0,9.037303831073226,0.0,1.0,0.0,1.0,0.0,1.0
25,250,5.088944855462662,0.0,1.0,1.0,1.0,1.0,1.0,1.0
26,250,4.065589546032772,4.561399988588285,1.0,0.0,0.0,0.0,0.0,0.0
27,250,9.9628627937287,9.752683240263694,0.0,0.0,1.0,0.0,0.0,1.0
28,250,3.819776880558437,2.1329560223928405,0.0,0.0,1.0,0.0,1.0,1.0
29,250,12.0,8.661769863423158,0.0,1.0,1.0,0.0,0.0,1.0
0,255,7.118210756119053,5.707882620355234,0.0,0.0,1.0,1.0,0.0,0.0
1,255,2.692270173434069,12.0,0.0,0.0,0.0,0.0,1.0,1.0
2,255,8.68957409646061,9.422087342650576,0.0,1.0,0.0,0.0,1.0,0.0
3,255,0.3895702923436256,0.0853307530446325,0.0,0.0,1.0,0.0,1.0,0.0
4,255,12.0,10.606051864222714,0.0,0.0,0.0,0.0,0.0,0.0
5,255,9.967436710390428,0.0,0.0,1.0,0.0,1.0,0.0,0.0
6,255,12.0,8.784780273762328,0.0,0.0,0.0,0.0,0.0,1.0
7,255,7.820535275606056,12.0,1.0,1.0,1.0,0.0,1.0,0.0
8,255,6.101481058401439,4.827608315840598,1.0,1.0,0.0,0.0,1.0,0.0
9,255,1.135151696650127,8.998141535294577,0.0,0.0,0.0,1.0,0.0,0.0
10,255,8.525190370334338,8.085505798376184,0.0,0.0,0.0,0.0,0.0,0.0
11,255,4.804662935359742,9.601804569993702,1.0,0.0,1.0,1.0,1.0,1.0
12,255,12.0,10.445054817108858,0.0,0.0,0.0,0.0,0.0,0.0
13,255,7.966296906870303,0.0,0.0,0.0,0.0,0.0,0.0,0.0
14,255,8.588121365423127,1.5626133557970157,0.0,0.0,0.0,1.0,0.0,0.0
15,255,5.553787586750014,10.221759238890472,0.0,1.0,0.0,0.0,1.0,1.0
16,255,0.0765314497258389,12.0,1.0,0.0,1.0,0.0,0.0,1.0
17,255,10.270470991556566,10.449740216071936,0.0,1.0,0.0,0.0,0.0,0.0
18,255,12.0,12.0,0.0,0.0,1.0,0.0,0.0,1.0
19,255,9.267709872277983,10.249902015220556,1.0,0.0,0.0,0.0,1.0,0.0
20,255,1.7939021918510802,7.795902624657796,1.0,1.0,0.0,0.0,0.0,0.0
21,255,6.510725711552694,12.0,1.0,0.0,0.0,0.0,0.0,1.0
22,255,12.0,4.150088171968542,1.0,0.0,0.0,0.0,1.0,1.0
23,255,0.0050910067571298,9.317528785022692,0.0,0.0,0.0,1.0,1.0,1.0
24,255,0.0,9.03089080404901,0.0,1.0,0.0,1.0,0.0,1.0
25,255,5.011113955728916,0.0,1.0,1.0,1.0,1.0,1.0,1.0
26,255,4.073628437331676,4.521662142157743,1.0,0.0,0.0,0.0,0.0,0.0
27,255,9.936790165534443,9.725796857775276,0.0,0.0,1.0,0.0,0.0,1.0
28,255,3.8191583111296223,2.1552974439994936,0.0,0.0,1.0,0.0,1.0,1.0
29,255,12.0,8.668863939983403,0.0,1.0,1.0,0.0,0.0,1.0
0,260,7.141157215321621,5.920871650945508,0.0,0.0,1.0,1.0,0.0,0.0
1,260,2.734205793405738,12.0,0.0,0.0,0.0,0.0,1.0,1.0
2,260,8.75584501221415,9.46344184682505,0.0,1.0,0.0,0.0,1.0,0.0
3,260,0.3998365430457935,0.1161037196253841,0.0,0.0,1.0,0.0,1.0,0.0
4,260,12.0,10.640180051839526,0.0,0.0,0.0,0.0,0.0,0.0
5,260,9.957088323119374,0.0,0.0,1.0,0.0,1.0,0.0,0.0
6,260,12.0,8.783261136921924,0.0,0.0,0.0,0.0,0.0,1.0
7,260,7.81646071262253,12.0,1.0,1.0,1.0,0.0,1.0,0.0
8,260,6.2667042234321535,4.878515877308495,1.0,1.0,0.0,0.0,1.0,0.0
9,260,1.024594935903033,8.83431920287625,0.0,0.0,0.0,1.0,0.0,0.0
10,260,8.565869087228476,8.125472937689334,0.0,0.0,0.0,0.0,0.0,0.0
11,260,4.856392163199001,9.526731621236753,1.0,0.0,1.0,1.0,1.0,1.0
12,260,12.0,10.599099532613613,0.0,0.0,0.0,0.0,0.0,0.0
13,260,7.942712426802609,0.0,0.0,0.0,0.0,0.0,0.0,0.0
14,260,8.487635156457438,1.4634745525737398,0.0,0.0,0.0,1.0,0.0,0.0
15,260,5.5482360974596,10.23070818609384,0.0,1.0,0.0,0.0,1.0,1.0
16,260,0.0,12.0,1.0,0.0,1.0,0.0,0.0,1.0
17,260,10.341279510206292,10.57724222208736,0.0,1.0,0.0,0.0,0.0,0.0
18,260,11.99502707894589,11.998381952256356,0.0,0.0,1.0,0.0,0.0,1.0
19,260,9.31873510843159,10.284700774783506,1.0,0.0,0.0,0.0,1.0,0.0
20,260,1.764049239430555,7.797934441774128,1.0,1.0,0.0,0.0,0.0,0.0
21,260,6.490139393658049,12.0,1.0,0.0,0.0,0.0,0.0,1.0
22,260,12.0,4.157301125616048,1.0,0.0,0.0,0.0,1.0,1.0
23,260,0.0077768906129148,9.209065281993988,0.0,0.0,0.0,1.0,1.0,1.0
24,260,0.0,9.02210207711762,0.0,1.0,0.0,1.0,0.0,1.0
25,260,4.922482590093992,0.0,1.0,1.0,1.0,1.0,1.0,1.0
26,260,4.083395701319359,4.4811629312443815,1.0,0.0,0.0,0.0,0.0,0.0
27,260,9.900695042426868,9.688828116356538,0.0,0.0,1.0,0.0,0.0,1.0
28,260,3.8178857969238447,2.1912487596549046,0.0,0.0,1.0,0.0,1.0,1.0
29,260,12.0,8.671975182766875,0.0,1.0,1.0,0.0,0.0,1.0
0,265,7.161352283143418,6.131595912532724,0.0,0.0,1.0,1.0,0.0,0.0
1,265,2.780209145082289,12.0,0.0,0.0,0.0,0.0,1.0,1.0
2,265,8.822170128999774,9.505298705898454,0.0,1.0,0.0,0.0,1.0,0.0
3,265,0.4131664114979116,0.1558503544656772,0.0,0.0,1.0,0.0,1.0,0.0
4,265,12.0,10.674124168109358,0.0,0.0,0.0,0.0,0.0,0.0
5,265,9.946676178874553,0.0,0.0,1.0,0.0,1.0,0.0,0.0
6,265,12.0,8.781862734234362,0.0,0.0,0.0,0.0,0.0,1.0
7,265,7.813096785854833,12.0,1.0,1.0,1.0,0.0,1.0,0.0
8,265,6.444653930655307,4.931049878788897,1.0,1.0,0.0,0.0,1.0,0.0
9,265,0.9164218707580576,8.659176071065104,0.0,0.0,0.0,1.0,0.0,0.0
10,265,8.610772323828776,8.171591345749036,0.0,0.0,0.0,0.0,0.0,0.0
11,265,4.913683279767545,9.446278551964854,1.0,0.0,1.0,1.0,1.0,1.0
12,265,12.0,10.744223661685206,0.0,0.0,0.0,0.0,0.0,0.0
13,265,7.923744706326624,0.0,0.0,0.0,0.0,0.0,0.0,0.0
14,265,8.391457084786007,1.3661110803421324,0.0,0.0,0.0,1.0,0.0,0.0
15,265,5.538162206242031,10.246794848872476,0.0,1.0,0.0,0.0,1.0,1.0
16,265,0.0,12.0,1.0,0.0,1.0,0.0,0.0,1.0
17,265,10.41725002267578,10.7068764547584,0.0,1.0,0.0,0.0,0.0,0.0
18,265,11.9918015812665,11.997426710287884,0.0,0.0,1.0,0.0,0.0,1.0
19,265,9.369740365865637,10.319604893452569,1.0,0.0,0.0,0.0,1.0,0.0
20,265,1.7485479559786066,7.799335603973868,1.0,1.0,0.0,0.0,0.0,0.0
21,265,6.46767040737258,12.0,1.0,0.0,0.0,0.0,0.0,1.0
22,265,12.0,4.164768795548022,1.0,0.0,0.0,0.0,1.0,1.0
23,265,0.0111489526092702,9.090879873813758,0.0,0.0,0.0,1.0,1.0,1.0
24,265,0.0,9.01472378702726,0.0,1.0,0.0,1.0,0.0,1.0
25,265,4.82713200076968,0.0,1.0,1.0,1.0,1.0,1.0,1.0
26,265,4.094157769737934,4.439728312275973,1.0,0.0,0.0,0.0,0.0,0.0
27,265,9.8613959764122,9.648360536710364,0.0,0.0,1.0,0.0,0.0,1.0
28,265,3.815973863341022,2.2308665383555795,0.0,0.0,1.0,0.0,1.0,1.0
29,265,12.0,8.679657335032664,0.0,1.0,1.0,0.0,0.0,1.0
0,270,7.18310486327962,6.345938319414927,0.0,0.0,1.0,1.0,0.0,0.0
1,270,2.8132240030577806,12.0,0.0,0.0,0.0,0.0,1.0,1.0
2,270,8.883956808759809,9.544289629501264,0.0,1.0,0.0,0.0,1.0,0.0
3,270,0.4206881488584494,0.1771038340694968,0.0,0.0,1.0,0.0,1.0,0.0
4,270,12.0,10.700376535163793,0.0,0.0,0.0,0.0,0.0,0.0
5,270,9.932199127689511,0.0,0.0,1.0,0.0,1.0,0.0,0.0
6,270,12.0,8.780719121125731,0.0,0.0,0.0,0.0,0.0,1.0
7,270,7.811766331240388,12.0,1.0,1.0,1.0,0.0,1.0,0.0
8,270,6.62203653164495,4.988020588926015,1.0,1.0,0.0,0.0,1.0,0.0
9,270,0.8170136809045507,8.49808883150634,0.0,0.0,0.0,1.0,0.0,0.0
10,270,8.654786853629812,8.219753836374977,0.0,0.0,0.0,0.0,0.0,0.0
11,270,4.95871046174192,9.383882675477068,1.0,0.0,1.0,1.0,1.0,1.0
12,270,12.0,10.890390278704992,0.0,0.0,0.0,0.0,0.0,0.0
13,270,7.904218324344946,0.0,0.0,0.0,0.0,0.0,0.0,0.0
14,270,8.294344200357136,1.2608217917441944,0.0,0.0,0.0,1.0,0.0,0.0
15,270,5.538457091946692,10.246313881580557,0.0,1.0,0.0,0.0,1.0,1.0
16,270,0.0,12.0,1.0,0.0,1.0,0.0,0.0,1.0
17,270,10.492313061096958,10.826301492017494,0.0,1.0,0.0,0.0,0.0,0.0
18,270,11.98730064178258,11.996184185181226,0.0,0.0,1.0,0.0,0.0,1.0
19,270,9.439010327160451,10.366085496442794,1.0,0.0,0.0,0.0,1.0,0.0
20,270,1.7334108002735211,7.800764845085744,1.0,1.0,0.0,0.0,0.0,0.0
21,270,6.44526874308051,12.0,1.0,0.0,0.0,0.0,0.0,1.0
22,270,12.0,4.170756162191282,1.0,0.0,0.0,0.0,1.0,1.0
23,270,0.0124630635906433,8.944513037697602,0.0,0.0,0.0,1.0,1.0,1.0
24,270,0.0,9.00724133276899,0.0,1.0,0.0,1.0,0.0,1.0
25,270,4.726877630494282,0.0,1.0,1.0,1.0,1.0,1.0,1.0
26,270,4.103012243360057,4.403974613852114,1.0,0.0,0.0,0.0,0.0,0.0
27,270,9.811319970035177,9.593736665070043,0.0,0.0,1.0,0.0,0.0,1.0
28,270,3.81476783662794,2.2642938353410185,0.0,0.0,1.0,0.0,1.0,1.0
29,270,12.0,8.687277297996205,0.0,1.0,1.0,0.0,0.0,1.0
0,275,7.20145684119991,6.571259700930967,0.0,0.0,1.0,1.0,0.0,0.0
1,275,2.848153906763336,12.0,0.0,0.0,0.0,0.0,1.0,1.0
2,275,8.927184766825821,9.569935997617868,0.0,1.0,0.0,0.0,1.0,0.0
3,275,0.422080864828285,0.1808308391298503,0.0,0.0,1.0,0.0,1.0,0.0
4,275,12.0,10.730288740809916,0.0,0.0,0.0,0.0,0.0,0.0
5,275,9.91502650429844,0.0,0.0,1.0,0.0,1.0,0.0,0.0
6,275,12.0,8.779790818795933,0.0,0.0,0.0,0.0,0.0,1.0
7,275,7.806874645842,12.0,1.0,1.0,1.0,0.0,1.0,0.0
8,275,6.801639341987505,5.045484386549297,1.0,1.0,0.0,0.0,1.0,0.0
9,275,0.7181079899770939,8.344224756833235,0.0,0.0,0.0,1.0,0.0,0.0
10,275,8.69252242219124,8.261968068152987,0.0,0.0,0.0,0.0,0.0,0.0
11,275,4.99939958287794,9.327490899190224,1.0,0.0,1.0,1.0,1.0,1.0
12,275,12.0,11.031873739576938,0.0,0.0,0.0,0.0,0.0,0.0
13,275,7.88446765639556,0.0,0.0,0.0,0.0,0.0,0.0,0.0
14,275,8.188362843834922,1.1488502587063127,0.0,0.0,0.0,1.0,0.0,0.0
15,275,5.532939263153979,10.255711544127712,0.0,1.0,0.0,0.0,1.0,1.0
16,275,0.0,12.0,1.0,0.0,1.0,0.0,0.0,1.0
17,275,10.574069031782916,10.954940275475405,0.0,1.0,0.0,0.0,0.0,0.0
18,275,11.979849315181408,11.99424952331815,0.0,0.0,1.0,0.0,0.0,1.0
19,275,9.502573884801556,10.40817832230321,1.0,0.0,0.0,0.0,1.0,0.0
20,275,1.7205239430726316,7.802208885484477,1.0,1.0,0.0,0.0,0.0,0.0
21,275,6.438582529895138,12.0,1.0,0.0,0.0,0.0,0.0,1.0
22,275,12.0,4.177793644986494,1.0,0.0,0.0,0.0,1.0,1.0
23,275,0.0091095411760076,8.808129822120788,0.0,0.0,0.0,1.0,1.0,1.0
24,275,0.0,9.001307506240996,0.0,1.0,0.0,1.0,0.0,1.0
25,275,4.638226582806506,0.0,1.0,1.0,1.0,1.0,1.0,1.0
26,275,4.11336363101303,4.363497872464204,1.0,0.0,0.0,0.0,0.0,0.0
27,275,9.754131901865865,9.534380094393994,0.0,0.0,1.0,0.0,0.0,1.0
28,275,3.8137436841936543,2.2859497921959155,0.0,0.0,1.0,0.0,1.0,1.0
29,275,12.0,8.695161426110538,0.0,1.0,1.0,0.0,0.0,1.0
0,280,7.218111758014458,6.803924717447298,0.0,0.0,1.0,1.0,0.0,0.0
1,280,2.8916449321319986,12.0,0.0,0.0,0.0,0.0,1.0,1.0
2,280,8.947302575468433,9.582424139318336,0.0,1.0,0.0,0.0,1.0,0.0
3,280,0.4281524873754783,0.1988091944266634,0.0,0.0,1.0,0.0,1.0,0.0
4,280,12.0,10.758087983173109,0.0,0.0,0.0,0.0,0.0,0.0
5,280,9.897982738527714,0.0,0.0,1.0,0.0,1.0,0.0,0.0
6,280,12.0,8.801297465241307,0.0,0.0,0.0,0.0,0.0,1.0
7,280,7.803147312513926,12.0,1.0,1.0,1.0,0.0,1.0,0.0
8,280,6.984493300319341,5.09899343988648,1.0,1.0,0.0,0.0,1.0,0.0
9,280,0.6229869983995338,8.192585407956688,0.0,0.0,0.0,1.0,0.0,0.0
10,280,8.735429994344457,8.309520019902358,0.0,0.0,0.0,0.0,0.0,0.0
11,280,5.023898792466512,9.29249660414052,1.0,0.0,1.0,1.0,1.0,1.0
12,280,12.0,11.178211827471522,0.0,0.0,0.0,0.0,0.0,0.0
13,280,7.8625045552596,0.0,0.0,0.0,0.0,0.0,0.0,0.0
14,280,8.082667564006057,1.039305940396507,0.0,0.0,0.0,1.0,0.0,0.0
15,280,5.533335990604408,10.255014373299778,0.0,1.0,0.0,0.0,1.0,1.0
16,280,0.0,12.0,1.0,0.0,1.0,0.0,0.0,1.0
17,280,10.65914079360186,11.089076891497326,0.0,1.0,0.0,0.0,0.0,0.0
18,280,11.965845516059218,11.991042759397317,0.0,0.0,1.0,0.0,0.0,1.0
19,280,9.56549202827973,10.448814787864906,1.0,0.0,0.0,0.0,1.0,0.0
20,280,1.7172066035479576,7.802621790038849,1.0,1.0,0.0,0.0,0.0,0.0
21,280,6.426208207083123,12.0,1.0,0.0,0.0,0.0,0.0,1.0
22,280,12.0,4.1850114640008185,1.0,0.0,0.0,0.0,1.0,1.0
23,280,0.0011468953251535,8.663180563141482,0.0,0.0,0.0,1.0,1.0,1.0
24,280,0.0,8.995296733080842,0.0,1.0,0.0,1.0,0.0,1.0
25,280,4.563887406046968,0.0,1.0,1.0,1.0,1.0,1.0,1.0
26,280,4.125538812740946,4.322475509359286,1.0,0.0,0.0,0.0,0.0,0.0
27,280,9.710686469296556,9.48895502806186,0.0,0.0,1.0,0.0,0.0,1.0
28,280,3.812744117262421,2.3029795777240394,0.0,0.0,1.0,0.0,1.0,1.0
29,280,12.0,8.69697185060686,0.0,1.0,1.0,0.0,0.0,1.0
0,285,7.2309895532970145,7.038743595779587,0.0,0.0,1.0,1.0,0.0,0.0
1,285,2.9346716284312464,12.0,0.0,0.0,0.0,0.0,1.0,1.0
2,285,8.952908829003915,9.585971929076544,0.0,1.0,0.0,0.0,1.0,0.0
3,285,0.4336865631388515,0.2140547557192588,0.0,0.0,1.0,0.0,1.0,0.0
4,285,12.0,10.792751357625423,0.0,0.0,0.0,0.0,0.0,0.0
5,285,9.879816390317169,0.0,0.0,1.0,0.0,1.0,0.0,0.0
6,285,12.0,8.831876521629475,0.0,0.0,0.0,0.0,0.0,1.0
7,285,7.798025939866836,12.0,1.0,1.0,1.0,0.0,1.0,0.0
8,285,7.032395922754956,4.924435577677288,1.0,1.0,0.0,0.0,1.0,0.0
9,285,0.5335496224057688,8.044618797339153,0.0,0.0,0.0,1.0,0.0,0.0
10,285,8.780629883773441,8.356756950160493,0.0,0.0,0.0,0.0,0.0,0.0
11,285,5.051254589018769,9.2540108808807,1.0,0.0,1.0,1.0,1.0,1.0
12,285,12.0,11.3198782987465,0.0,0.0,0.0,0.0,0.0,0.0
13,285,7.840517260108013,0.0,0.0,0.0,0.0,0.0,0.0,0.0
14,285,7.966551504009518,0.9189043908482204,0.0,0.0,0.0,1.0,0.0,0.0
15,285,5.547091800215776,10.23113226748512,0.0,1.0,0.0,0.0,1.0,1.0
16,285,0.0,12.0,1.0,0.0,1.0,0.0,0.0,1.0
17,285,10.748684555571048,11.228021418589655,0.0,1.0,0.0,0.0,0.0,0.0
18,285,11.943095415602489,11.985154560436015,0.0,0.0,1.0,0.0,0.0,1.0
19,285,9.628836474846628,10.489150758979283,1.0,0.0,0.0,0.0,1.0,0.0
20,285,1.7446208562015368,7.799102217942721,1.0,1.0,0.0,0.0,0.0,0.0
21,285,6.403809378909662,12.0,1.0,0.0,0.0,0.0,0.0,1.0
22,285,12.0,4.191819766757131,1.0,0.0,0.0,0.0,1.0,1.0
23,285,0.0,8.50988776121353,0.0,0.0,0.0,1.0,1.0,1.0
24,285,0.0,8.989850112493732,0.0,1.0,0.0,1.0,0.0,1.0
25,285,4.492022873752963,0.0,1.0,1.0,1.0,1.0,1.0,1.0
26,285,4.135075721252052,4.290131713865647,1.0,0.0,0.0,0.0,0.0,0.0
27,285,9.666304357645071,9.442264944748963,0.0,0.0,1.0,0.0,0.0,1.0
28,285,3.812512997661379,2.3072006670992145,0.0,0.0,1.0,0.0,1.0,1.0
29,285,12.0,8.703975065818009,0.0,1.0,1.0,0.0,0.0,1.0
0,290,7.246832728357308,7.274992815616983,0.0,0.0,1.0,1.0,0.0,0.0
1,290,2.977598931790168,12.0,0.0,0.0,0.0,0.0,1.0,1.0
2,290,8.973595193716436,9.599520583394954,0.0,1.0,0.0,0.0,1.0,0.0
3,290,0.4398629670258555,0.2306219954336555,0.0,0.0,1.0,0.0,1.0,0.0
4,290,12.0,10.830896577055697,0.0,0.0,0.0,0.0,0.0,0.0
5,290,9.862151481743346,0.0,0.0,1.0,0.0,1.0,0.0,0.0
6,290,12.0,8.881341824278644,0.0,0.0,0.0,0.0,0.0,1.0
7,290,7.789382319438445,12.0,1.0,1.0,1.0,0.0,1.0,0.0
8,290,7.077280452891445,4.757191411897951,1.0,1.0,0.0,0.0,1.0,0.0
9,290,0.4452204797533748,7.900849243591334,0.0,0.0,0.0,1.0,0.0,0.0
10,290,8.806112467096835,8.38105900770002,0.0,0.0,0.0,0.0,0.0,0.0
11,290,5.065453763781706,9.234534312362983,1.0,0.0,1.0,1.0,1.0,1.0
12,290,12.0,11.45709421778265,0.0,0.0,0.0,0.0,0.0,0.0
13,290,8.024901673705923,0.0,0.0,0.0,0.0,0.0,0.0,0.0
14,290,7.8506653291213055,0.7932057203275173,0.0,0.0,0.0,1.0,0.0,0.0
15,290,5.56100947472321,10.206511922271869,0.0,1.0,0.0,0.0,1.0,1.0
16,290,0.0,12.0,1.0,0.0,1.0,0.0,0.0,1.0
17,290,10.830743616258896,11.371330772923477,0.0,1.0,0.0,0.0,0.0,0.0
18,290,11.897727401881887,11.97409535079484,0.0,0.0,1.0,0.0,0.0,1.0
19,290,9.58340593125418,10.557277068702396,1.0,0.0,0.0,0.0,1.0,0.0
20,290,1.7679583990852483,7.79605996864452,1.0,1.0,0.0,0.0,0.0,0.0
21,290,6.377679659898433,12.0,1.0,0.0,0.0,0.0,0.0,1.0
22,290,12.0,4.199982972338014,1.0,0.0,0.0,0.0,1.0,1.0
23,290,0.0,8.379151157555984,0.0,0.0,0.0,1.0,1.0,1.0
24,290,0.0,8.987113218154807,0.0,1.0,0.0,1.0,0.0,1.0
25,290,4.418761639833276,0.0,1.0,1.0,1.0,1.0,1.0,1.0
26,290,4.147405017939376,4.248289431006778,1.0,0.0,0.0,0.0,0.0,0.0
27,290,9.624798859743272,9.402198828435823,0.0,0.0,1.0,0.0,0.0,1.0
28,290,3.812283111594621,2.3119075287589808,0.0,0.0,1.0,0.0,1.0,1.0
29,290,12.0,8.709000286852284,0.0,1.0,1.0,0.0,0.0,1.0
0,295,7.262088599427346,7.517990977351452,0.0,0.0,1.0,1.0,0.0,0.0
1,295,3.007349743142698,12.0,0.0,0.0,0.0,0.0,1.0,1.0
2,295,8.977055250350032,9.60176523136901,0.0,1.0,0.0,0.0,1.0,0.0
3,295,0.4515197916076197,0.2631666593648555,0.0,0.0,1.0,0.0,1.0,0.0
4,295,12.0,10.875620273720646,0.0,0.0,0.0,0.0,0.0,0.0
5,295,9.843433191327426,0.0,0.0,1.0,0.0,1.0,0.0,0.0
6,295,12.0,8.952052273281751,0.0,0.0,0.0,0.0,0.0,1.0
7,295,7.781604371199486,12.0,1.0,1.0,1.0,0.0,1.0,0.0
8,295,7.123701347314275,4.593385331784126,1.0,1.0,0.0,0.0,1.0,0.0
9,295,0.3638226088298759,7.763507689329186,0.0,0.0,0.0,1.0,0.0,0.0
10,295,8.828142882305333,8.402278998599948,0.0,0.0,0.0,0.0,0.0,0.0
11,295,5.083125863586655,9.2102652862164,1.0,0.0,1.0,1.0,1.0,1.0
12,295,12.0,11.604674973912228,0.0,0.0,0.0,0.0,0.0,0.0
13,295,8.216054863433513,0.0,0.0,0.0,0.0,0.0,0.0,0.0
14,295,7.732221023664647,0.6660800940640568,0.0,0.0,0.0,1.0,0.0,0.0
15,295,5.579985799555814,10.172583968089327,0.0,1.0,0.0,0.0,1.0,1.0
16,295,0.0,12.0,1.0,0.0,1.0,0.0,0.0,1.0
17,295,10.901778399486115,11.49344625581204,0.0,1.0,0.0,0.0,0.0,0.0
18,295,11.85642194936264,11.964039567010294,0.0,0.0,1.0,0.0,0.0,1.0
19,295,9.53277218442322,10.63476727199312,1.0,0.0,0.0,0.0,1.0,0.0
20,295,1.7749985722470767,7.795031158580886,1.0,1.0,0.0,0.0,0.0,0.0
21,295,6.337753184099404,12.0,1.0,0.0,0.0,0.0,0.0,1.0
22,295,12.0,4.208899967573744,1.0,0.0,0.0,0.0,1.0,1.0
23,295,0.0,8.24728820643164,0.0,0.0,0.0,1.0,1.0,1.0
24,295,0.0,8.982014271411614,0.0,1.0,0.0,1.0,0.0,1.0
25,295,4.329790692033006,0.0,1.0,1.0,1.0,1.0,1.0,1.0
26,295,4.169922167699571,4.175302172703541,1.0,0.0,0.0,0.0,0.0,0.0
27,295,9.594994458842494,9.374015989083093,0.0,0.0,1.0,0.0,0.0,1.0
28,295,3.8120929369733134,2.3155844437516566,0.0,0.0,1.0,0.0,1.0,1.0
29,295,12.0,8.710600138271355,0.0,1.0,1.0,0.0,0.0,1.0
